feature0,prediction,LoGoFunc_Neutral,LoGoFunc_GOF,LoGoFunc_LOF
25546,Neutral,0.7241503609872427,0.03722110737145297,0.23862853164130426
25547,Neutral,0.5852359693316943,0.07800899465332593,0.3367550360149797
25548,Neutral,0.5842016085472764,0.05439803596377272,0.3614003554889508
25549,Neutral,0.5207940601185223,0.05477156689649137,0.42443437298498643
25550,LOF,0.3470172480702398,0.10218110604319823,0.550801645886562
25551,LOF,0.2943479096679808,0.10991887459176083,0.5957332157402583
25552,LOF,0.21373004602207898,0.10144086470454534,0.6848290892733756
25553,Neutral,0.8339193992732095,0.029647319539977436,0.13643328118681305
25554,LOF,0.24670313737873056,0.09705538095286687,0.6562414816684026
25555,LOF,0.200585412051769,0.08462924792915238,0.7147853400190786
25556,LOF,0.41321298807418083,0.08450528589736891,0.5022817260284503
25557,LOF,0.1977153510437524,0.08842430787331629,0.7138603410829313
25558,LOF,0.2381607304171361,0.0986426446571443,0.6631966249257196
25559,LOF,0.38312160118515143,0.1517255103557469,0.46515288845910174
25560,LOF,0.04669431035731144,0.14798033601324026,0.8053253536294483
25561,LOF,0.09960582062044741,0.16148940727651734,0.7389047721030353
25562,LOF,0.09810374259733658,0.06521418936635749,0.8366820680363058
25563,LOF,0.08653249144254155,0.08263808985805163,0.8308294186994067
25564,LOF,0.17852974481939435,0.14639677214584654,0.6750734830347591
25565,LOF,0.14692150234918655,0.11277491098578994,0.7403035866650235
25566,GOF,0.016516317795855228,0.7230375002206341,0.26044618198351066
25567,LOF,0.01301007079091488,0.15231603414129513,0.83467389506779
25568,LOF,0.04726979061374112,0.07155437029767009,0.8811758390885889
25569,LOF,0.05659032718795747,0.06748030590674985,0.8759293669052927
25570,LOF,0.059394903330813945,0.10671226912687846,0.8338928275423076
25571,LOF,0.0557671982723881,0.10053657448831986,0.843696227239292
25572,LOF,0.06394419382268016,0.13174923965905908,0.8043065665182607
25573,LOF,0.02404004413950831,0.09494566404072524,0.8810142918197665
25574,LOF,0.014222519171402834,0.15528726832936715,0.83049021249923
25575,LOF,0.04399703663504562,0.11550409314876536,0.840498870216189
25576,LOF,0.017546706630640785,0.12411381648626671,0.8583394768830925
25577,LOF,0.013803404716235316,0.13022057281605903,0.8559760224677057
25578,LOF,0.24534889007433552,0.091534300361644,0.6631168095640204
25579,LOF,0.24604262882799696,0.09025661666198678,0.6637007545100163
25580,LOF,0.030731475766005642,0.08553025848725837,0.8837382657467361
25581,LOF,0.05130995185113058,0.07024641633886361,0.8784436318100057
25582,LOF,0.051068306082228426,0.06879880333059826,0.8801328905871733
25583,LOF,0.045741292133247846,0.09881147356136215,0.8554472343053899
25584,Neutral,0.47884758497406393,0.09703988809646755,0.42411252692946866
25585,LOF,0.03554563946436265,0.10686449173999912,0.8575898687956383
25586,LOF,0.03130541275794365,0.0837645716224681,0.8849300156195883
25587,LOF,0.030060161789464048,0.07715112828020318,0.8927887099303327
25588,LOF,0.03239602167015966,0.09809059812060027,0.8695133802092401
25589,Neutral,0.6257097771969751,0.12500500171084206,0.24928522109218285
25590,LOF,0.028873870078462618,0.13463852213174085,0.8364876077897966
25591,LOF,0.10823841115595546,0.059969336339238476,0.8317922525048062
25592,LOF,0.09210331185413693,0.14621434987536905,0.7616823382704939
25593,LOF,0.021336758339188265,0.253422313504086,0.7252409281567258
25594,LOF,0.03944184601940788,0.23834249314727962,0.7222156608333126
25595,LOF,0.04658626954316974,0.15695011881381693,0.7964636116430133
25596,LOF,0.06038620684085189,0.08196468816237266,0.8576491049967755
25597,LOF,0.048731681663264574,0.09555457040782588,0.8557137479289095
25598,LOF,0.04383709960492714,0.16291298945088134,0.7932499109441915
25599,GOF,0.010418164051608832,0.7961816796650889,0.1934001562833023
25600,GOF,0.015235174133857353,0.5709040390055748,0.41386078686056793
25601,LOF,0.007796705302643629,0.4934811809184377,0.49872211377891856
25602,LOF,0.025372069579380818,0.045916855144463795,0.9287110752761555
25603,LOF,0.0521788119530292,0.03759505876471186,0.910226129282259
25604,LOF,0.057386364296882396,0.035230088815009906,0.9073835468881077
25605,LOF,0.013697148825255594,0.23297272557550275,0.7533301255992417
25606,GOF,0.11511983436103587,0.44249737042802545,0.4423827952109389
25607,LOF,0.005673686134023938,0.15851121074946056,0.8358151031165154
25608,LOF,0.06774694375832958,0.06720774918678024,0.8650453070548901
25609,LOF,0.032979064931547876,0.4426154853705796,0.5244054496978726
25610,LOF,0.040958446421284,0.029676623127242844,0.9293649304514731
25611,LOF,0.04191903069380817,0.026069095634111642,0.9320118736720803
25612,LOF,0.10394180652741816,0.04106054270223488,0.8549976507703471
25613,LOF,0.08442719747472287,0.041801519099384885,0.8737712834258923
25614,LOF,0.030695482532951093,0.03689059393023367,0.9324139235368153
25615,LOF,0.05308315327448949,0.03492337052706921,0.9119934761984413
25616,LOF,0.03171002956784213,0.0358548024188346,0.9324351680133234
25617,LOF,0.02976894521592998,0.04038869914900915,0.9298423556350608
25618,LOF,0.1887077748979769,0.03588357139337098,0.7754086537086521
25619,LOF,0.03022579380115032,0.034524675036570744,0.935249531162279
25620,LOF,0.03313046040967975,0.04926959522439437,0.9175999443659258
25621,LOF,0.03238907885921522,0.034937304179923925,0.9326736169608609
25622,LOF,0.03567832835639842,0.037953711056007824,0.9263679605875939
25623,LOF,0.07047634993541724,0.029624756995082078,0.8998988930695007
25624,LOF,0.02767315031542162,0.04280867917450066,0.9295181705100777
25625,LOF,0.037973651569796145,0.047509830679904004,0.9145165177502999
25626,LOF,0.08661292595286905,0.0340198441855254,0.8793672298616056
25627,Neutral,0.5658015038434254,0.15275440188042946,0.28144409427614525
25628,LOF,0.16484203235305106,0.0823417310315217,0.7528162366154272
25629,LOF,0.07066448939613094,0.11171890693188737,0.8176166036719816
25630,LOF,0.15323728859617936,0.1272723078724946,0.719490403531326
25631,Neutral,0.5414485029237797,0.09994568640177572,0.3586058106744446
25632,LOF,0.023468499781848073,0.06253022501236385,0.9140012752057881
25633,LOF,0.21828577153639978,0.07573403573589532,0.7059801927277048
25634,LOF,0.03332500769557574,0.10915099682390171,0.8575239954805225
25635,LOF,0.03596718252027567,0.08589410686489363,0.8781387106148306
25636,GOF,0.005579115175489352,0.6224659141903671,0.37195497063414357
25637,GOF,0.005414650475298321,0.5794865526687624,0.4150987968559394
25638,LOF,0.009864233396735747,0.4653790588869414,0.5247567077163229
25639,LOF,0.00478454969280668,0.42718816378013996,0.5680272865270533
25640,GOF,0.46964469847192314,0.47552585878309006,0.05482944274498683
25641,LOF,0.0070793707194529475,0.35949700753708425,0.6334236217434629
25642,LOF,0.2447985342495861,0.08322442691088743,0.6719770388395264
25643,LOF,0.19408636732083134,0.21526900261232576,0.5906446300668429
25644,GOF,0.018914686253672056,0.5926707833487009,0.388414530397627
25645,GOF,0.017453823902193133,0.5401715315931789,0.44237464450462805
25646,LOF,0.019348220532498805,0.33638268944633826,0.6442690900211628
25647,LOF,0.017957983326165643,0.2545733326922302,0.7274686839816041
25648,LOF,0.015021648792246902,0.2651064328065768,0.7198719184011763
25649,LOF,0.01355003838943137,0.21729472185336093,0.7691552397572077
25650,GOF,0.034130331205388276,0.5774867302310256,0.388382938563586
25651,LOF,0.010959806596073417,0.2732930512025238,0.7157471422014028
25652,LOF,0.018682732288326433,0.269993047807356,0.7113242199043176
25653,LOF,0.08157021346102494,0.3782216642842715,0.5402081222547035
25654,LOF,0.01581661629444479,0.22994528130962794,0.7542381023959271
25655,LOF,0.12657676788936603,0.38289167367865085,0.490531558431983
25656,LOF,0.06831421272539696,0.05120215792660414,0.880483629347999
25657,LOF,0.27014186192240613,0.02304675561979103,0.7068113824578028
25658,LOF,0.0410090407129077,0.06180671217455607,0.8971842471125362
25659,LOF,0.26644133780136037,0.04321838898197159,0.690340273216668
25660,LOF,0.07972584246210017,0.0953663931029039,0.824907764434996
25661,LOF,0.05205142913505912,0.07349019716278891,0.874458373702152
25662,LOF,0.027484917749508276,0.04452013771074606,0.9279949445397457
25663,LOF,0.03851378788040866,0.07070079027819567,0.8907854218413955
25664,LOF,0.03875482658493599,0.08912845172160348,0.8721167216934606
25665,LOF,0.0533474899145818,0.054637795232216194,0.8920147148532019
25666,LOF,0.03998371967127353,0.14601955424008553,0.8139967260886409
25667,LOF,0.028774172099489705,0.05408002500287626,0.9171458028976339
25668,LOF,0.03329089799655633,0.06419367204219031,0.9025154299612534
25669,LOF,0.04193393892633546,0.09393278982090301,0.8641332712527615
25670,LOF,0.14846235163493735,0.06757023382743534,0.7839674145376273
25671,LOF,0.035933632394496554,0.04921340995897012,0.9148529576465334
25672,LOF,0.053551230933032344,0.07719817222617832,0.8692505968407893
25673,LOF,0.04220577507465708,0.06502752355709242,0.8927667013682504
25674,LOF,0.03306465256914322,0.07445827698802866,0.8924770704428281
25675,LOF,0.04408157528090839,0.0554316262813235,0.900486798437768
25676,LOF,0.030644668867593896,0.059133920976321946,0.9102214101560842
25677,LOF,0.06266436623651692,0.06267437493696154,0.8746612588265215
25678,LOF,0.2480246088069792,0.04934251507203551,0.7026328761209854
25679,LOF,0.1559693499622068,0.06479659316271878,0.7792340568750744
25680,LOF,0.06253738357745332,0.09279282650956637,0.8446697899129804
25681,LOF,0.10360008012872793,0.08596035608060934,0.8104395637906628
25682,LOF,0.04464537447262836,0.0720140242266716,0.8833406013007
25683,LOF,0.07761194136523462,0.09516019737898082,0.8272278612557845
25684,LOF,0.05219371724746848,0.07417099007763943,0.8736352926748921
25685,LOF,0.12765170155326427,0.03238820719953607,0.8399600912471996
25686,LOF,0.036229159671235626,0.08475396243704558,0.8790168778917189
25687,LOF,0.061237957925677,0.07001896375734494,0.8687430783169781
25688,LOF,0.024480491082972164,0.12098087499108313,0.8545386339259448
25689,LOF,0.018544670266453043,0.0782720867103978,0.9031832430231491
25690,LOF,0.018387570058510577,0.10029938953208055,0.8813130404094089
25691,LOF,0.168526878517392,0.1578461341865194,0.6736269872960885
25692,LOF,0.24964655215590473,0.01859190142802708,0.7317615464160683
25693,LOF,0.05012687950653997,0.15522287596658788,0.794650244526872
25694,LOF,0.25463656726215156,0.009669976045853502,0.7356934566919949
25695,LOF,0.172817621262424,0.015439743249045129,0.8117426354885308
25696,LOF,0.16095460022600505,0.008835288461415933,0.830210111312579
25697,LOF,0.13111774254523398,0.02693417823362703,0.8419480792211389
25698,LOF,0.028697116503987413,0.30735376731070385,0.6639491161853087
25699,LOF,0.0674306476659506,0.08145237733416938,0.85111697499988
25700,LOF,0.02955769818946674,0.013658411903824129,0.9567838899067092
25701,LOF,0.010794550099093261,0.07664355372458448,0.9125618961763222
25702,GOF,0.030222994081202992,0.7220046322793848,0.24777237363941204
25703,LOF,0.019298767091325116,0.20358234437011738,0.7771188885385575
25704,LOF,0.08478537947835156,0.17449111066225595,0.7407235098593925
25705,LOF,0.06723633703233751,0.29059862151563975,0.6421650414520228
25706,GOF,0.04047642817381522,0.6404542653167568,0.319069306509428
25707,GOF,0.035502066308174644,0.6570444848440388,0.3074534488477865
25708,GOF,0.007916712609182714,0.6150824095448254,0.37700087784599184
25709,LOF,0.018488294433111396,0.1007552000579773,0.8807565055089113
25710,LOF,0.008443017330599994,0.21389873873586945,0.7776582439335307
25711,LOF,0.02121499448905362,0.16573493401039613,0.8130500715005503
25712,LOF,0.00904423137775013,0.2854594439391002,0.7054963246831496
25713,LOF,0.01892977498971416,0.14859333660257948,0.8324768884077063
25714,LOF,0.02129220103797592,0.19831468285734574,0.7803931161046783
25715,LOF,0.019027145684694245,0.17755737881012276,0.803415475505183
25716,LOF,0.013397089821748956,0.16147590196186026,0.8251270082163908
25717,LOF,0.006337242381932135,0.15826522898788697,0.835397528630181
25718,LOF,0.019011314393438925,0.1168109659275548,0.8641777196790063
25719,LOF,0.035321683559955366,0.13754702809510516,0.8271312883449394
25720,LOF,0.0268948572142618,0.12516203191070446,0.8479431108750337
25721,LOF,0.022540829510334745,0.13774692760953877,0.8397122428801265
25722,LOF,0.015615856885177788,0.1885503574980496,0.7958337856167726
25723,LOF,0.022185659314401425,0.11779491925395595,0.8600194214316426
25724,LOF,0.027603507385240717,0.20715730646410166,0.7652391861506577
25725,LOF,0.02072670311322836,0.1143110007078089,0.8649622961789628
25726,LOF,0.015499406111022861,0.1542459867945328,0.8302546070944444
25727,LOF,0.02162906711517148,0.1362557156808,0.8421152172040285
25728,LOF,0.01918695179501449,0.1462059520114227,0.8346070961935629
25729,LOF,0.018708935869896567,0.15822127871711708,0.8230697854129864
25730,LOF,0.02096949879819199,0.11408391772935594,0.864946583472452
25731,LOF,0.011507025639196651,0.2178857565915213,0.770607217769282
25732,LOF,0.01789922628369997,0.1413936145791635,0.8407071591371366
25733,LOF,0.026646545253616656,0.14131322457379086,0.8320402301725924
25734,LOF,0.007272149041693555,0.26816168592283246,0.7245661650354739
25735,LOF,0.020567723082205128,0.11143964799321542,0.8679926289245795
25736,LOF,0.018953643671656646,0.1713743507558344,0.809672005572509
25737,LOF,0.03662989743470948,0.15671584599792268,0.8066542565673678
25738,LOF,0.020602169055467915,0.2093207712662239,0.7700770596783082
25739,LOF,0.023356499030260554,0.1817157270499397,0.7949277739197997
25740,LOF,0.04929260784746527,0.19820231261214108,0.7525050795403937
25741,LOF,0.02707802910019084,0.1599142662660889,0.8130077046337204
25742,LOF,0.04648171471011778,0.1626362327222596,0.7908820525676226
25743,LOF,0.012787196602262515,0.02853815202772235,0.9586746513700152
25744,LOF,0.17020765318349468,0.330311632657593,0.49948071415891215
25745,LOF,0.03317712929266919,0.11464176437446892,0.8521811063328618
25746,LOF,0.014944370813245171,0.16198479209322084,0.823070837093534
25747,LOF,0.0347313529036153,0.030632589997236143,0.9346360570991487
25748,LOF,0.2701505067847019,0.05387230014199708,0.6759771930733011
25749,LOF,0.013799548560450344,0.10182500209095913,0.8843754493485905
25750,LOF,0.01867102068023586,0.09791928729705623,0.8834096920227078
25751,LOF,0.0461631027506085,0.05044866052099818,0.9033882367283934
25752,GOF,0.09353001733002218,0.6743515849918357,0.23211839767814213
25753,LOF,0.0077101714814284865,0.34813339704295937,0.6441564314756122
25754,GOF,0.0075437616860746645,0.845463076267793,0.14699316204613214
25755,LOF,0.00799626670257316,0.41190776889986586,0.580095964397561
25756,LOF,0.05169709654705064,0.40760541213386864,0.5406974913190806
25757,GOF,0.007586264945526573,0.8461336062564129,0.14628012879806065
25758,GOF,0.009310943649569647,0.8641062284598989,0.12658282789053127
25759,GOF,0.0056501803368002295,0.5625958486315367,0.43175397103166313
25760,LOF,0.006315088693820486,0.27495140106563626,0.7187335102405433
25761,GOF,0.05453394247889582,0.8491787769633456,0.09628728055775866
25762,LOF,0.029083916375220318,0.3256950454230112,0.6452210382017685
25763,LOF,0.006834791037121968,0.2600357627623305,0.7331294462005475
25764,GOF,0.06219592375095893,0.6451305812491751,0.2926734949998658
25765,GOF,0.008243759740824553,0.8497391534287684,0.14201708683040717
25766,GOF,0.036022299999821344,0.8060025187664583,0.15797518123372045
25767,GOF,0.01259728128499395,0.5331350095888192,0.45426770912618697
25768,LOF,0.04207231840028677,0.06513099274527126,0.8927966888544421
25769,LOF,0.025403966395512043,0.07936736006186354,0.8952286735426244
25770,LOF,0.1721838566263678,0.06611750609619856,0.7616986372774336
25771,LOF,0.016218059017610403,0.05906957674919667,0.9247123642331928
25772,LOF,0.02410891831581566,0.028225643749416735,0.9476654379347677
25773,LOF,0.020646169135207285,0.05213598407493002,0.9272178467898626
25774,LOF,0.030135879834340202,0.09896945386672404,0.8708946662989357
25775,LOF,0.024764693820860464,0.036165255220596146,0.9390700509585435
25776,LOF,0.02522938569298578,0.024288906083799817,0.9504817082232143
25777,LOF,0.2530282974017274,0.07060373108849383,0.6763679715097788
25778,LOF,0.019278306322476936,0.05617420765344439,0.9245474860240787
25779,GOF,0.035886308346070345,0.9015976039606822,0.06251608769324747
25780,GOF,0.06785833880561909,0.8823974524205236,0.04974420877385733
25781,GOF,0.03195332173213563,0.8812728657265625,0.08677381254130176
25782,GOF,0.02863741167779858,0.9132671320200064,0.058095456302195154
25783,GOF,0.026165788087828476,0.923367294684194,0.05046691722797739
25784,GOF,0.08213290161919594,0.8764142485286711,0.041452849852132885
25785,GOF,0.07824165534271724,0.8851874225161989,0.03657092214108389
25786,GOF,0.009045254698020345,0.8979151902633592,0.09303955503862044
25787,GOF,0.16479882168552837,0.7940677109072253,0.04113346740724637
25788,LOF,0.016095853675017497,0.21073379497866754,0.7731703513463151
25789,GOF,0.016689059492096227,0.8767936658808729,0.10651727462703094
25790,GOF,0.01900104617380458,0.8840542853848197,0.09694466844137578
25791,GOF,0.02009059738449061,0.8313638799946433,0.14854552262086604
25792,GOF,0.0235079736772581,0.8485177177568322,0.12797430856590972
25793,GOF,0.05896594276395884,0.854329756386726,0.08670430084931514
25794,GOF,0.052560866319699806,0.8032476701371981,0.14419146354310194
25795,GOF,0.043059125177813476,0.7736226344167559,0.18331824040543052
25796,GOF,0.09981457090295065,0.8188247642153196,0.0813606648817298
25797,GOF,0.06141173347484976,0.7908313116625408,0.1477569548626094
25798,GOF,0.004666406108079545,0.7805038122505388,0.2148297816413818
25799,GOF,0.004006649259010615,0.727942939441058,0.2680504112999314
25800,GOF,0.021948101437555427,0.8415184635287293,0.13653343503371515
25801,GOF,0.0157273021385973,0.90217636416462,0.08209633369678279
25802,GOF,0.02819021164679076,0.8533628629418919,0.11844692541131738
25803,GOF,0.017343373175059473,0.7400067318224208,0.2426498950025196
25804,GOF,0.025447347505926223,0.7851963647229677,0.18935628777110605
25805,GOF,0.028215750276839573,0.825039196873624,0.14674505284953637
25806,GOF,0.02605008965625682,0.8237191031178742,0.150230807225869
25807,GOF,0.008042498227794343,0.7690013470530555,0.22295615471915026
25808,GOF,0.015381279518392016,0.7968413590520893,0.18777736142951876
25809,GOF,0.009273627726582002,0.7861103397785661,0.20461603249485186
25810,GOF,0.007426521089478203,0.7745279779396093,0.21804550097091258
25811,GOF,0.04150047801110906,0.8892542717135413,0.06924525027534965
25812,GOF,0.0277728540108658,0.8077157742266863,0.16451137176244782
25813,GOF,0.11519893557934999,0.8178364818650702,0.06696458255557977
25814,GOF,0.027761535734045956,0.8370828889244516,0.13515557534150252
25815,GOF,0.0501620700418221,0.8575929283467264,0.09224500161145156
25816,GOF,0.009549800615925273,0.8751073447868273,0.11534285459724763
25817,GOF,0.09601191362594395,0.8262648147880348,0.07772327158602124
25818,GOF,0.023342725543771987,0.823292685751081,0.15336458870514696
25819,GOF,0.058983036029353786,0.7892991303968151,0.15171783357383098
25820,GOF,0.030844992042028084,0.7586022259019178,0.21055278205605418
25821,GOF,0.020640917289484948,0.769997576605099,0.20936150610541596
25822,GOF,0.04120188061669669,0.7644984184740791,0.19429970090922424
25823,GOF,0.023571627659440438,0.7428594807356838,0.2335688916048759
25824,GOF,0.02448840441635919,0.8044090172682343,0.17110257831540648
25825,GOF,0.018595986511035917,0.7930602798124364,0.18834373367652746
25826,GOF,0.007711766420172495,0.7503235471916734,0.24196468638815416
25827,GOF,0.011979424841647214,0.7307568343976157,0.25726374076073716
25828,GOF,0.009268683373259062,0.7652147047529411,0.22551661187379993
25829,GOF,0.0039862621521461646,0.7102911050768231,0.2857226327710307
25830,GOF,0.03448354672021417,0.5299445009710804,0.4355719523087054
25831,GOF,0.05140255932762299,0.8082467355804955,0.1403507050918814
25832,GOF,0.008230368784795685,0.7722064981619128,0.2195631330532915
25833,GOF,0.028110218149983202,0.8274740898135989,0.14441569203641785
25834,GOF,0.00912233191738161,0.7852232802041302,0.20565438787848825
25835,GOF,0.022014527790616713,0.8509564790062984,0.1270289932030849
25836,GOF,0.006104734479846262,0.7778115458142465,0.2160837197059073
25837,GOF,0.007658425611470041,0.7907867723843914,0.20155480200413856
25838,GOF,0.019313078724819816,0.8494474993338351,0.13123942194134522
25839,GOF,0.040121591476972925,0.8318444597425741,0.12803394878045285
25840,GOF,0.06534045898958492,0.8310402395408888,0.10361930146952635
25841,GOF,0.06666103192046041,0.8431464018914033,0.0901925661881363
25842,GOF,0.02557651035025675,0.9012357394717724,0.07318775017797077
25843,GOF,0.02172960004690579,0.8980154720742854,0.08025492787880888
25844,GOF,0.01499127862160998,0.8546164593412409,0.130392262037149
25845,GOF,0.006255922663983566,0.7884308848176664,0.20531319251834992
25846,GOF,0.06070454600458499,0.8411144175977596,0.09818103639765528
25847,GOF,0.016102251486467906,0.9050607721710281,0.07883697634250411
25848,GOF,0.01795056392694599,0.8520483603275861,0.13000107574546788
25849,GOF,0.006551496089314111,0.8428345331791339,0.15061397073155183
25850,GOF,0.005841619041923222,0.7529579193859042,0.24120046157217256
25851,GOF,0.0053703071233555414,0.7114577502052222,0.2831719426714223
25852,GOF,0.13245796884987365,0.6087836192198997,0.25875841193022664
25853,GOF,0.06702987419850061,0.8304160500324901,0.10255407576900921
25854,GOF,0.005365430678337136,0.7181626396737733,0.2764719296478896
25855,GOF,0.021752276230660755,0.7137556460677441,0.2644920777015952
25856,GOF,0.04218831968869056,0.7998415090662732,0.15797017124503632
25857,GOF,0.023650758751369395,0.7183869796017811,0.2579622616468496
25858,GOF,0.010363942690343022,0.7641665948559603,0.22546946245369676
25859,GOF,0.008143045050988297,0.7618616807474012,0.22999527420161045
25860,GOF,0.06930111652192232,0.8278633689612516,0.10283551451682608
25861,GOF,0.07930533226008414,0.8308290048374493,0.08986566290246653
25862,GOF,0.01884942245758943,0.8969436179706399,0.08420695957177064
25863,GOF,0.0215970316489213,0.8871875342400211,0.09121543411105786
25864,GOF,0.06516113225290596,0.8819012902369665,0.05293757751012766
25865,GOF,0.043973565665949045,0.8572184802597486,0.09880795407430236
25866,GOF,0.02602291462259497,0.8833404525949495,0.09063663278245537
25867,GOF,0.03938207807140408,0.8829236134016104,0.07769430852698544
25868,GOF,0.061288597534679246,0.8380930772323305,0.10061832523299043
25869,GOF,0.3494265818952248,0.584648918949242,0.06592449915553322
25870,GOF,0.06182628954364636,0.6338574595323343,0.30431625092401937
25871,GOF,0.010868803714447862,0.8736179880005106,0.11551320828504157
25872,GOF,0.017974226689603825,0.8637509568844117,0.11827481642598442
25873,GOF,0.01920635093624893,0.8905298555498143,0.0902637935139367
25874,LOF,0.015707635369598124,0.24595221700867387,0.7383401476217281
25875,LOF,0.03195552945285674,0.06210136207568557,0.9059431084714576
25876,LOF,0.0201731969277313,0.034434943569922924,0.9453918595023457
25877,LOF,0.10535489860984132,0.09702962281745973,0.797615478572699
25878,LOF,0.07563333142438267,0.15483513634124496,0.7695315322343724
25879,LOF,0.0180075379350847,0.09381305859582902,0.8881794034690863
25880,LOF,0.06569093122986587,0.015808676889602656,0.9185003918805315
25881,Neutral,0.4766136816216068,0.06818243390617935,0.4552038844722139
25882,LOF,0.06174035304581617,0.0274464198963064,0.9108132270578774
25883,LOF,0.02759686163250113,0.0328285803739701,0.9395745579935288
25884,LOF,0.01725630553418635,0.05825574409660871,0.9244879503692048
25885,LOF,0.19103434934309668,0.012130464949525507,0.7968351857073779
25886,LOF,0.27207507424659644,0.06341813287740129,0.6645067928760022
25887,LOF,0.1214852040731199,0.08048809083406101,0.7980267050928191
25888,LOF,0.008288492423771552,0.11798897014288982,0.8737225374333386
25889,LOF,0.02349559719975124,0.04179891814315159,0.9347054846570971
25890,LOF,0.16576326780293887,0.08307209838459252,0.7511646338124686
25891,LOF,0.1284941022954069,0.024624566343340905,0.8468813313612522
25892,LOF,0.010438696357404261,0.03255487067667663,0.9570064329659191
25893,LOF,0.3690165697136506,0.008207879261656214,0.6227755510246932
25894,LOF,0.4070772103535346,0.006374105306759476,0.5865486843397059
25895,LOF,0.36459921381778587,0.011570792282582908,0.6238299938996312
25896,LOF,0.07007089676918898,0.027450432847470795,0.9024786703833403
25897,LOF,0.16320217453316976,0.010000805361787227,0.826797020105043
25898,LOF,0.13605351375435365,0.03327851443171966,0.8306679718139266
25899,LOF,0.4189789663997879,0.029959681950574815,0.5510613516496372
25900,Neutral,0.5012289648731013,0.00823415528882524,0.4905368798380734
25901,LOF,0.06299547111542861,0.010804404228861171,0.9262001246557101
25902,LOF,0.17121086034257127,0.011695201994049002,0.8170939376633798
25903,LOF,0.3590903759402013,0.025635311169976725,0.6152743128898219
25904,Neutral,0.5195025628798355,0.04119041779897682,0.4393070193211877
25905,LOF,0.007202833991654436,0.4551360556345805,0.5376611103737652
25906,LOF,0.008207322191314233,0.08278221467596618,0.9090104631327195
25907,LOF,0.007399166262536256,0.29222569397279985,0.7003751397646639
25908,LOF,0.006656881794273146,0.26702325308327757,0.7263198651224493
25909,LOF,0.031173881687808883,0.111941660842676,0.8568844574695151
25910,LOF,0.01178010184911174,0.1410489513527277,0.8471709467981605
25911,LOF,0.21081168582090168,0.06349226763534016,0.7256960465437582
25912,LOF,0.10464220114100266,0.03503239369553074,0.8603254051634666
25913,LOF,0.02652418728830257,0.06376493202089764,0.9097108806907998
25914,LOF,0.037273625677589454,0.02420283286979446,0.9385235414526161
25915,LOF,0.16800453028609547,0.10687579571277166,0.725119674001133
25916,LOF,0.02474204483628457,0.06435718625041172,0.9109007689133037
25917,LOF,0.07666156591304195,0.022364584446104306,0.9009738496408538
25918,LOF,0.03991561660391113,0.015441012356332396,0.9446433710397565
25919,LOF,0.03576331655892813,0.014647469601241633,0.9495892138398302
25920,LOF,0.31467252665797907,0.2932152779692419,0.3921121953727789
25921,LOF,0.015493403630971318,0.03927158093900887,0.9452350154300199
25922,LOF,0.018715622518572974,0.03873175768001005,0.942552619801417
25923,LOF,0.431472171361699,0.030902583441164932,0.537625245197136
25924,LOF,0.025754777155613442,0.05121026042039211,0.9230349624239944
25925,LOF,0.09117578964157512,0.042196646470042995,0.8666275638883819
25926,LOF,0.07129714307972741,0.041298246187210466,0.8874046107330622
25927,LOF,0.022539012543007598,0.07136409485444577,0.9060968926025467
25928,LOF,0.010790229037966307,0.05454079770982919,0.9346689732522045
25929,Neutral,0.5617970640232051,0.029108023205833184,0.40909491277096177
25930,LOF,0.07535462255330967,0.030840619785752577,0.8938047576609377
25931,LOF,0.013955881482243334,0.03900474069656271,0.9470393778211939
25932,LOF,0.06294814326559113,0.036506523393564604,0.9005453333408443
25933,LOF,0.060990534748011666,0.021599498574133943,0.9174099666778545
25934,LOF,0.05404523979387028,0.02059167243226462,0.9253630877738651
25935,LOF,0.08310746139899729,0.053396603648378095,0.8634959349526246
25936,LOF,0.09978010984757095,0.02265037310320067,0.8775695170492284
25937,LOF,0.021194064970504023,0.026347961861585778,0.9524579731679101
25938,LOF,0.07856282654415288,0.04491473267946113,0.8765224407763861
25939,LOF,0.046432574249330685,0.02868311012998912,0.9248843156206803
25940,LOF,0.009628734335092476,0.47788564026092634,0.5124856254039811
25941,Neutral,0.48408777466782704,0.04647196551793971,0.4694402598142332
25942,LOF,0.01138667528369886,0.04927097702447804,0.939342347691823
25943,LOF,0.04555580740767318,0.1747597763410247,0.7796844162513021
25944,LOF,0.042959952745803824,0.07060546470353021,0.8864345825506659
25945,LOF,0.11271417517614318,0.03293692229932602,0.8543489025245309
25946,LOF,0.06655342481889034,0.04017177541072086,0.8932747997703887
25947,Neutral,0.5330864946588765,0.07033974465053913,0.39657376069058436
25948,LOF,0.39956231430360417,0.01705020261248318,0.5833874830839126
25949,LOF,0.1558617694970281,0.0655628635541654,0.7785753669488065
25950,GOF,0.06502367006730927,0.4914334378249228,0.44354289210776787
25951,LOF,0.014923113471605147,0.40957537910690806,0.5755015074214868
25952,LOF,0.26565490879406206,0.22976241275801085,0.504582678447927
25953,LOF,0.008808570470060508,0.2279016378373342,0.7632897916926052
25954,LOF,0.078243960504929,0.3365250339315542,0.5852310055635168
25955,LOF,0.007400402695915098,0.22972928182534802,0.7628703154787368
25956,LOF,0.014633963430154067,0.29410225113628186,0.691263785433564
25957,LOF,0.1688262643386289,0.03093786618014304,0.800235869481228
25958,LOF,0.029589445952459485,0.06058058105543516,0.9098299729921052
25959,GOF,0.006111472212552502,0.7724347342283009,0.22145379355914652
25960,LOF,0.004744258333051336,0.10242643655730571,0.8928293051096429
25961,LOF,0.0268480125485386,0.04797601367322688,0.9251759737782345
25962,LOF,0.0497927031447252,0.08950627290669474,0.8607010239485801
25963,LOF,0.007634144106648415,0.15514060454701373,0.8372252513463379
25964,LOF,0.026254972736658576,0.15016433095631843,0.823580696307023
25965,LOF,0.255726806105237,0.14368149420037868,0.6005916996943843
25966,LOF,0.362179857440142,0.09773933863751563,0.5400808039223425
25967,LOF,0.008450287249595097,0.071846360502414,0.9197033522479909
25968,LOF,0.042386535125129604,0.21388818246030233,0.743725282414568
25969,LOF,0.16157670514314118,0.04909612066729236,0.7893271741895665
25970,LOF,0.06508565735781656,0.06189237610431995,0.8730219665378635
25971,LOF,0.08648653819559457,0.02828906394875246,0.8852243978556529
25972,LOF,0.08034665384927517,0.051582766026719996,0.8680705801240048
25973,LOF,0.06140194035016286,0.010190291979651503,0.9284077676701856
25974,LOF,0.037409309083159405,0.03942055706451893,0.9231701338523216
25975,LOF,0.04061170917516069,0.02026088281046394,0.9391274080143752
25976,LOF,0.07904762615413564,0.011713535207725244,0.909238838638139
25977,LOF,0.25776628556579895,0.04966440183866013,0.692569312595541
25978,LOF,0.16445978864455654,0.15139113540079388,0.6841490759546496
25979,LOF,0.13833166829783194,0.16804843088368512,0.6936199008184829
25980,LOF,0.2109316738801789,0.23451211323775217,0.5545562128820689
25981,LOF,0.2123581316889089,0.236215965414501,0.5514259028965901
25982,LOF,0.42279207195571805,0.11644135159601894,0.460766576448263
25983,Neutral,0.4290736626874359,0.1436538844297743,0.4272724528827898
25984,LOF,0.048787119734623144,0.08642619940091996,0.864786680864457
25985,LOF,0.42907044160928076,0.13342548594992376,0.4375040724407955
25986,LOF,0.012818507581017852,0.475595561508729,0.5115859309102532
25987,LOF,0.04665948633354338,0.08884368399440552,0.864496829672051
25988,LOF,0.04617476626256068,0.13479072266222464,0.8190345110752146
25989,LOF,0.052682956595804464,0.1910792387732435,0.7562378046309519
25990,LOF,0.04405176239643246,0.3059407776233365,0.6500074599802311
25991,LOF,0.02427590482774899,0.4051434292064275,0.5705806659658236
25992,LOF,0.016998561638835927,0.3755533528001912,0.607448085560973
25993,LOF,0.029415346362845558,0.052159230027617104,0.9184254236095373
25994,LOF,0.025688247830893473,0.05959160986313389,0.9147201423059726
25995,LOF,0.02247053788129233,0.09965724118946503,0.8778722209292426
25996,Neutral,0.40025511077959675,0.323464956820671,0.27627993239973225
25997,LOF,0.06700150151702866,0.39935612351567806,0.5336423749672933
25998,LOF,0.2453915502733453,0.04204808371597453,0.7125603660106802
25999,LOF,0.03712527570528855,0.11340314658072317,0.8494715777139883
26000,LOF,0.14756344566476767,0.012872079686371267,0.8395644746488611
26001,LOF,0.2585646727275947,0.015298903255744513,0.7261364240166608
26002,LOF,0.12420146400253988,0.019423726811982164,0.856374809185478
26003,GOF,0.008365158662334914,0.5931141163327871,0.398520725004878
26004,GOF,0.016188831341733868,0.6343151245383751,0.3494960441198909
26005,LOF,0.005365757581412215,0.45693293776947863,0.5377013046491093
26006,GOF,0.09646725022549478,0.5095110495152254,0.39402170025927985
26007,LOF,0.010922896883705398,0.48007051860568145,0.5090065845106131
26008,GOF,0.006173521811408117,0.5728110625129444,0.4210154156756474
26009,GOF,0.012444348610644218,0.6098340519215535,0.37772159946780237
26010,GOF,0.01015223754320628,0.5641831936679266,0.42566456878886716
26011,LOF,0.00451797767509706,0.4006553748101001,0.5948266475148027
26012,GOF,0.004729869469998722,0.5441115913869157,0.4511585391430858
26013,GOF,0.010081067430885377,0.5404901400525077,0.4494287925166069
26014,LOF,0.0626381558260954,0.09453367793298952,0.8428281662409149
26015,LOF,0.3728322359301644,0.04973758083334173,0.577430183236494
26016,LOF,0.268039791109375,0.061943042097112655,0.6700171667935124
26017,LOF,0.013886743396071582,0.2701489694225469,0.7159642871813816
26018,LOF,0.023152848644074207,0.12474245098908594,0.8521047003668398
26019,LOF,0.02298646830303754,0.10922263362530323,0.8677908980716592
26020,LOF,0.007733933269756103,0.23991511978151656,0.7523509469487273
26021,LOF,0.06885475335660135,0.11767666845156378,0.8134685781918349
26022,LOF,0.03453767192785917,0.06108384770023103,0.9043784803719098
26023,LOF,0.02008824497389628,0.09115266262651678,0.8887590923995871
26024,LOF,0.05341993538438945,0.0941528176302359,0.8524272469853746
26025,LOF,0.1025845720037985,0.10875899537589205,0.7886564326203094
26026,LOF,0.11158049004642483,0.08990280804161677,0.7985167019119584
26027,LOF,0.02343245368918329,0.0579466058116007,0.918620940499216
26028,LOF,0.08055851244505186,0.19316049298380109,0.726280994571147
26029,LOF,0.0254444969718562,0.14685301046113622,0.8277024925670076
26030,LOF,0.12769160938247612,0.021188492832459955,0.8511198977850639
26031,LOF,0.010947712298264875,0.12278490624789579,0.8662673814538393
26032,LOF,0.0388309133152945,0.03870111322222616,0.9224679734624792
26033,LOF,0.042690595803933515,0.038172522484874245,0.9191368817111923
26034,LOF,0.017433284710155907,0.09853178156413515,0.8840349337257091
26035,LOF,0.014794859428543018,0.09526468756048494,0.8899404530109721
26036,LOF,0.0136980441974759,0.08116271446751747,0.9051392413350066
26037,LOF,0.012764816730135754,0.0903462593753862,0.896888923894478
26038,LOF,0.0319971649401014,0.03423002250075667,0.9337728125591419
26039,LOF,0.04150417135852663,0.1079751478143693,0.850520680827104
26040,LOF,0.08624526422909531,0.09948709875238185,0.8142676370185228
26041,LOF,0.016112726397949088,0.08340887581350588,0.900478397788545
26042,LOF,0.015116456736725134,0.0916013914962076,0.8932821517670673
26043,LOF,0.03217483535589948,0.05378220432528747,0.914042960318813
26044,LOF,0.009963816073372345,0.03636931219063298,0.9536668717359947
26045,LOF,0.08271889625279188,0.11002832317305086,0.8072527805741572
26046,LOF,0.02907031299357769,0.038618383134502915,0.9323113038719194
26047,LOF,0.05749641706618129,0.040323887482898176,0.9021796954509205
26048,LOF,0.08232343705202383,0.015386951210302436,0.9022896117376737
26049,Neutral,0.9384635793870849,0.006204452049945553,0.05533196856296955
26050,Neutral,0.9064212549553143,0.0064204898528260465,0.08715825519185957
26051,LOF,0.02568084583544029,0.06580970290509429,0.9085094512594654
26052,LOF,0.031014527056903596,0.06341029085031365,0.9055751820927826
26053,LOF,0.021371767870497223,0.15053645756908865,0.828091774560414
26054,LOF,0.04926408458837709,0.03926973155466752,0.9114661838569554
26055,LOF,0.07600158069003052,0.035638149218573355,0.8883602700913962
26056,LOF,0.062368437991096,0.047250494169949385,0.8903810678389547
26057,LOF,0.05143813550715207,0.02219568065508903,0.9263661838377589
26058,LOF,0.05492798029124053,0.01694063086099332,0.9281313888477661
26059,LOF,0.2127247772104484,0.04135316222760585,0.7459220605619458
26060,LOF,0.02246509278879215,0.1719534660503995,0.8055814411608083
26061,LOF,0.013033166447801054,0.012885497099978067,0.9740813364522208
26062,LOF,0.006774951274505973,0.01959515935678211,0.973629889368712
26063,LOF,0.037213656722207285,0.016131878240857683,0.9466544650369351
26064,LOF,0.014659179874498917,0.023092446092849682,0.9622483740326514
26065,LOF,0.04686369061602088,0.020683371656197325,0.9324529377277818
26066,LOF,0.03528125944130398,0.015362540929561325,0.9493561996291346
26067,LOF,0.04012169785765731,0.015459633983747617,0.944418668158595
26068,LOF,0.05558288759322927,0.05540978634772013,0.8890073260590506
26069,LOF,0.27931480382195867,0.03669557825041856,0.6839896179276228
26070,Neutral,0.5276831793760145,0.025579770491341514,0.4467370501326441
26071,LOF,0.04221409095210621,0.01849780315421474,0.9392881058936791
26072,LOF,0.008598582363539055,0.025570963603987244,0.9658304540324737
26073,LOF,0.03595978952162651,0.019356520207930106,0.9446836902704434
26074,Neutral,0.85834955448799,0.013292678527796876,0.1283577669842132
26075,LOF,0.05814093639802608,0.030414888264745314,0.9114441753372287
26076,LOF,0.04357758835297671,0.017183337515387836,0.9392390741316355
26077,LOF,0.1395853010868444,0.009226015380081332,0.8511886835330743
26078,LOF,0.007288712587909731,0.021263284838964884,0.9714480025731254
26079,LOF,0.06616890504035308,0.02943670606684501,0.9043943888928019
26080,LOF,0.06535911081630319,0.029571992184545315,0.9050688969991515
26081,LOF,0.030649698440537356,0.013454243903325317,0.9558960576561373
26082,LOF,0.006236474200648592,0.023297254009771617,0.9704662717895799
26083,LOF,0.10197900326838354,0.031171823153989295,0.8668491735776271
26084,LOF,0.0939297917678399,0.025447722944633128,0.880622485287527
26085,LOF,0.08271933016908305,0.020172717275357167,0.8971079525555598
26086,LOF,0.035759485174319865,0.01787095555303078,0.9463695592726494
26087,LOF,0.0325467909200075,0.015395961255183633,0.9520572478248088
26088,LOF,0.007276556446077195,0.030047551547480313,0.9626758920064424
26089,LOF,0.04410656529804309,0.04984842556332256,0.9060450091386344
26090,LOF,0.044435744931005626,0.038875975522532386,0.9166882795464619
26091,LOF,0.026165696391952604,0.011922936228884873,0.9619113673791624
26092,LOF,0.040352265937710505,0.013189196259659884,0.9464585378026297
26093,LOF,0.072216664942939,0.00911415073776662,0.9186691843192945
26094,LOF,0.029944107257709483,0.011983820463887495,0.958072072278403
26095,LOF,0.021725342009478066,0.022493952526551276,0.9557807054639708
26096,LOF,0.18910959206710418,0.006086563113034653,0.8048038448198611
26097,LOF,0.0075521491138935614,0.05264104143915118,0.9398068094469554
26098,LOF,0.11892386595515954,0.024381358315135822,0.8566947757297046
26099,LOF,0.034166653990398546,0.02897254502367712,0.9368608009859244
26100,LOF,0.03416036205492448,0.028972733765745884,0.9368669041793296
26101,LOF,0.053255934098619215,0.048465225404229484,0.8982788404971513
26102,LOF,0.03069776450438859,0.02774909836783273,0.9415531371277787
26103,Neutral,0.8849849627593651,0.033742611943764586,0.08127242529687038
26104,LOF,0.06196531867895968,0.053258878186805796,0.8847758031342344
26105,LOF,0.2738820354269724,0.12049659479462865,0.605621369778399
26106,LOF,0.32208233859521795,0.055926234706092384,0.6219914266986897
26107,LOF,0.020702176610083625,0.07001834470166395,0.9092794786882524
26108,LOF,0.28479161005299536,0.03855117893527303,0.6766572110117317
26109,LOF,0.07770172632073258,0.03305420764018078,0.8892440660390867
26110,LOF,0.42465894215062133,0.01313887645989109,0.5622021813894875
26111,LOF,0.06199257186090327,0.11331325200119467,0.8246941761379022
26112,LOF,0.04641981772978546,0.013380875490936242,0.9401993067792782
26113,LOF,0.10695581581360494,0.03594346830162487,0.8571007158847703
26114,LOF,0.09686843756724031,0.007052134624409861,0.8960794278083499
26115,LOF,0.0158028926450334,0.047817794825038576,0.9363793125299279
26116,LOF,0.07986218534125172,0.022276143702186772,0.8978616709565614
26117,LOF,0.3260380125822545,0.05206817185243875,0.6218938155653067
26118,LOF,0.05285025295589758,0.022011709312470776,0.9251380377316316
26119,LOF,0.006027217307939905,0.10920107794664018,0.8847717047454199
26120,LOF,0.03667918974270366,0.021543779825577255,0.9417770304317191
26121,LOF,0.003360899280472562,0.16781058314930022,0.8288285175702272
