feature0,prediction,LoGoFunc_Neutral,LoGoFunc_GOF,LoGoFunc_LOF
25546,Neutral,0.7723943673710145,0.029837284014064314,0.1977683486149212
25547,Neutral,0.6281817711297883,0.05956709750726048,0.3122511313629513
25548,Neutral,0.6069110762124031,0.0424335269753865,0.35065539681221036
25549,Neutral,0.5140123794034088,0.04268678083669342,0.44330083975989776
25550,LOF,0.36752466439009807,0.10179996932887592,0.5306753662810261
25551,LOF,0.3039614231168774,0.11791916664597199,0.5781194102371506
25552,LOF,0.19370310170874047,0.125001074988521,0.6812958233027386
25553,Neutral,0.827840703886901,0.032971782150657374,0.13918751396244172
25554,LOF,0.2312611901852139,0.11812836739925665,0.6506104424155295
25555,LOF,0.18851541291299923,0.09531758829855735,0.7161669987884434
25556,LOF,0.41014450984810785,0.0919406159768402,0.497914874175052
25557,LOF,0.1846513842435932,0.10660505026639429,0.7087435654900125
25558,LOF,0.2327386637679863,0.12045817558481688,0.6468031606471969
25559,LOF,0.3908669689729454,0.05971602953753739,0.5494170014895171
25560,LOF,0.05954754216318702,0.1825552667542317,0.7578971910825811
25561,LOF,0.11651575505630853,0.19885076512205638,0.684633479821635
25562,LOF,0.09732767262242152,0.08836096639087196,0.8143113609867065
25563,LOF,0.1056621661567532,0.10492467958789932,0.7894131542553476
25564,LOF,0.15359318551767345,0.174481231041558,0.6719255834407686
25565,LOF,0.12755455530041834,0.1676129854296804,0.7048324592699012
25566,GOF,0.015571031134184605,0.7351282319595264,0.24930073690628907
25567,LOF,0.013709545377750975,0.12616379168223602,0.8601266629400129
25568,LOF,0.054505603717661846,0.05845605116093661,0.8870383451214015
25569,LOF,0.06798380115428439,0.05498116655514236,0.8770350322905732
25570,LOF,0.07001329384200258,0.09131627003110633,0.838670436126891
25571,LOF,0.06221128521350544,0.08391267092449375,0.8538760438620009
25572,LOF,0.07043257382894338,0.1259801596512277,0.803587266519829
25573,LOF,0.03268478639304632,0.08580098723787374,0.88151422636908
25574,LOF,0.020552750568138798,0.13368711579342044,0.8457601336384407
25575,LOF,0.050619236766448875,0.10008300857223842,0.8492977546613126
25576,LOF,0.02386054734644859,0.10832716416418929,0.8678122884893622
25577,LOF,0.017119283381139064,0.13668219913852098,0.84619851748034
25578,LOF,0.2364626000194998,0.07898000182124333,0.6845573981592569
25579,LOF,0.2367766143102597,0.0785195432006306,0.6847038424891096
25580,LOF,0.0356179271217037,0.07820131902824903,0.8861807538500474
25581,LOF,0.054794190180817104,0.0608289883734814,0.8843768214457015
25582,LOF,0.054469288660776306,0.058697183500577926,0.8868335278386457
25583,LOF,0.047044057915323206,0.0896656148180303,0.8632903272666465
25584,LOF,0.4461498845529136,0.0780401984942358,0.47580991695285074
25585,LOF,0.03350987380568242,0.1002437616374023,0.8662463645569154
25586,LOF,0.042392219976690834,0.07782324921789698,0.8797845308054122
25587,LOF,0.03679879514116763,0.07451705250430281,0.8886841523545296
25588,LOF,0.03789536717326502,0.09316272861566395,0.868941904211071
25589,Neutral,0.6008284312327338,0.09733326541787012,0.30183830334939604
25590,LOF,0.03161202184924172,0.12666783071862162,0.8417201474321366
25591,LOF,0.13158193354918038,0.0465498509483677,0.8218682155024519
25592,LOF,0.10256026522584065,0.13298857136996772,0.7644511634041916
25593,LOF,0.018195475889813198,0.24471780046061042,0.7370867236495764
25594,LOF,0.03956161430202921,0.1695144281727248,0.790923957525246
25595,LOF,0.061476431219540384,0.11797678677292452,0.8205467820075351
25596,LOF,0.06375633840515281,0.08843397743677543,0.8478096841580718
25597,LOF,0.06397891775527752,0.07502787754908767,0.8609932046956348
25598,LOF,0.050182130989421724,0.15460114414087262,0.7952167248697057
25599,GOF,0.006938484422998331,0.7324864515301245,0.2605750640468772
25600,GOF,0.009110281225093693,0.5682564372722044,0.422633281502702
25601,LOF,0.006916101177759349,0.4561031465302619,0.5369807522919787
25602,LOF,0.020322522397519256,0.05411808471031489,0.9255593928921658
25603,LOF,0.03350622744498965,0.0328581647819282,0.9336356077730821
25604,LOF,0.04727958114574467,0.058378698168719434,0.894341720685536
25605,LOF,0.011556610639945413,0.26173111572636976,0.7267122736336848
25606,LOF,0.06101510142219981,0.46136222629827583,0.4776226722795243
25607,LOF,0.004132162103571711,0.15272197846763613,0.8431458594287922
25608,LOF,0.0655308907229664,0.05213962066310753,0.882329488613926
25609,LOF,0.05436357613964986,0.3937419077107735,0.5518945161495766
25610,LOF,0.05027758566216533,0.03365705768336334,0.9160653566544713
25611,LOF,0.06298227545985592,0.03023553560367444,0.9067821889364697
25612,LOF,0.12788742038926976,0.05207765091817946,0.8200349286925508
25613,LOF,0.10471196561687371,0.041484003129786375,0.8538040312533399
25614,LOF,0.043461922648580516,0.039652760864976745,0.9168853164864427
25615,LOF,0.07202176196007305,0.03433711217870978,0.8936411258612171
25616,LOF,0.04202387325538672,0.0399375677966557,0.9180385589479577
25617,LOF,0.04069960379474439,0.04301515322765445,0.9162852429776012
25618,LOF,0.24235294672694535,0.03956505153376073,0.7180820017392939
25619,LOF,0.0404928226702794,0.037766205893128096,0.9217409714365926
25620,LOF,0.039799320846952785,0.047302482942849604,0.9128981962101976
25621,LOF,0.03993519546097927,0.03162605825238344,0.9284387462866373
25622,LOF,0.0358424133896546,0.04779588820835623,0.9163616984019892
25623,LOF,0.06753496880394423,0.03278482905290553,0.8996802021431503
25624,LOF,0.032575356676296234,0.045973366682899024,0.9214512766408048
25625,LOF,0.04233784875926728,0.04987490257702876,0.9077872486637041
25626,LOF,0.10041474895652128,0.03316401939996412,0.8664212316435146
25627,Neutral,0.5735307745256363,0.08728613383993945,0.3391830916344243
25628,LOF,0.19728624091596972,0.04239734946503477,0.7603164096189955
25629,LOF,0.0863468647215165,0.11390672693224475,0.7997464083462388
25630,LOF,0.2185019599344188,0.0790614380861337,0.7024366019794475
25631,Neutral,0.6118361121059833,0.053492924965472664,0.334670962928544
25632,LOF,0.02340587509429378,0.07348127278126446,0.9031128521244418
25633,LOF,0.22987891905561772,0.08724606063121194,0.6828750203131704
25634,LOF,0.03788805739114553,0.09726774172860096,0.8648442008802536
25635,LOF,0.036149230730728316,0.0808251913666486,0.883025577902623
25636,GOF,0.006955414840637488,0.6653072781824952,0.3277373069768672
25637,GOF,0.005297007847754616,0.5412339385013948,0.4534690536508506
25638,LOF,0.010884381172466092,0.42056884896586216,0.5685467698616717
25639,LOF,0.005663716794754091,0.429038192422737,0.5652980907825089
25640,GOF,0.3791959458510994,0.5840713782653769,0.03673267588352362
25641,LOF,0.006017024149776236,0.37070635625187237,0.6232766195983513
25642,LOF,0.260683629509897,0.08703997450048503,0.652276395989618
25643,LOF,0.19703987930558728,0.3453963921692676,0.45756372852514526
25644,GOF,0.028628454951546967,0.6782374376196597,0.2931341074287933
25645,GOF,0.02080605062411316,0.6296171418499572,0.3495768075259296
25646,LOF,0.024897037843968527,0.4334169378665693,0.5416860242894621
25647,LOF,0.019025353421590223,0.3316981437297151,0.6492765028486946
25648,LOF,0.014488617929997068,0.3873873373405974,0.5981240447294055
25649,LOF,0.01481690139825652,0.28995064246781865,0.6952324561339248
25650,GOF,0.0457456367056614,0.6725096615991099,0.28174470169522886
25651,LOF,0.013236625130745671,0.3343571630195033,0.6524062118497511
25652,LOF,0.02223475353828886,0.3458311072007463,0.631934139260965
25653,GOF,0.09552006503702651,0.5747700747543617,0.32970986020861176
25654,LOF,0.016432645357651172,0.36926498555768045,0.6143023690846684
25655,GOF,0.12900504002066324,0.5057571873412416,0.3652377726380951
25656,LOF,0.054322211421992235,0.10193530280000067,0.843742485778007
25657,LOF,0.29414265639850445,0.04111110677532896,0.6647462368261665
25658,LOF,0.02914136694813978,0.1736890807314695,0.7971695523203907
25659,LOF,0.20496064496321972,0.08274402286396768,0.7122953321728126
25660,LOF,0.1076374071616008,0.09502563587942824,0.7973369569589709
25661,LOF,0.08081359674908416,0.0681656760362569,0.8510207272146589
25662,LOF,0.03535561033073629,0.04415536403436121,0.9204890256349024
25663,LOF,0.04224331660665796,0.07968135299878663,0.8780753303945553
25664,LOF,0.03345604231221121,0.14846229647631123,0.8180816612114775
25665,LOF,0.05549730469984339,0.05943670311397312,0.8850659921861834
25666,LOF,0.0441618180340927,0.18335960519083602,0.7724785767750713
25667,LOF,0.03459858465989742,0.06105775900898063,0.904343656331122
25668,LOF,0.04514162689983198,0.053059365171896064,0.901799007928272
25669,LOF,0.05178577348192171,0.09699307835751282,0.8512211481605655
25670,LOF,0.1296054297726604,0.10904872944261038,0.7613458407847293
25671,LOF,0.04359073589812245,0.050191266190639294,0.9062179979112384
25672,LOF,0.05518700020049768,0.07537913859804785,0.8694338612014545
25673,LOF,0.039094765871647966,0.08784365416654147,0.8730615799618106
25674,LOF,0.029239242269853697,0.10231474095609429,0.8684460167740521
25675,LOF,0.03769598026196055,0.08583527458888997,0.8764687451491494
25676,LOF,0.033788889687299636,0.07029443808934216,0.8959166722233582
25677,LOF,0.08220871324573592,0.054064769914558705,0.8637265168397055
25678,LOF,0.16997233660914166,0.04777440518496195,0.7822532582058963
25679,LOF,0.10648336314944755,0.07569416081401356,0.8178224760365389
25680,LOF,0.08661241247456997,0.0805356391244898,0.8328519484009402
25681,LOF,0.0996709244811132,0.07497892452500422,0.8253501509938826
25682,LOF,0.05223364898523823,0.07013663026164146,0.8776297207531204
25683,LOF,0.07566914277848275,0.11279135112849568,0.8115395060930216
25684,LOF,0.06270487584768054,0.07450166030403409,0.8627934638482853
25685,LOF,0.10587830943426257,0.053182189743571716,0.8409395008221658
25686,LOF,0.03482396153013076,0.11340662805444277,0.8517694104154265
25687,LOF,0.06095948147099669,0.1066968231841897,0.8323436953448137
25688,LOF,0.017642657704659254,0.0796421260051078,0.9027152162902329
25689,LOF,0.01592221891565187,0.048061865545173194,0.936015915539175
25690,LOF,0.016718287412171174,0.06119563912695635,0.9220860734608725
25691,LOF,0.110309991682424,0.096387851491269,0.793302156826307
25692,LOF,0.18398119939587684,0.011277976884929071,0.8047408237191941
25693,LOF,0.043821546080584896,0.15314463862451927,0.8030338152948959
25694,LOF,0.28513346236197995,0.013609917904651964,0.7012566197333682
25695,LOF,0.2162313842218345,0.019840813243948884,0.7639278025342167
25696,LOF,0.16381242649748487,0.018418188179687982,0.8177693853228271
25697,LOF,0.1194129008711785,0.041381669942295946,0.8392054291865256
25698,LOF,0.025449920717542963,0.2928823018286449,0.6816677774538121
25699,LOF,0.09363734785981541,0.10582477671774157,0.800537875422443
25700,LOF,0.03742745639934832,0.01721214466162142,0.9453603989390302
25701,LOF,0.01744193934252549,0.10975584707010379,0.8728022135873708
25702,GOF,0.02237442109940291,0.7460588218719942,0.23156675702860302
25703,LOF,0.015628219177664358,0.23926834118198204,0.7451034396403535
25704,LOF,0.08998710008768412,0.20010338509750128,0.7099095148148146
25705,LOF,0.08648826885539156,0.30892006916976794,0.6045916619748405
25706,GOF,0.023215265141475254,0.6928821744469922,0.28390256041153267
25707,GOF,0.029112125743835017,0.676005840196596,0.294882034059569
25708,GOF,0.009983709469796138,0.631339342329108,0.35867694820109586
25709,LOF,0.028022975356544376,0.09589256466862783,0.8760844599748279
25710,LOF,0.005486539658325416,0.2536343814879402,0.7408790788537345
25711,LOF,0.03095172167296108,0.15565920335330083,0.8133890749737381
25712,LOF,0.007386171775275628,0.30612606821389077,0.6864877600108336
25713,LOF,0.024724511162030345,0.14145629653755828,0.8338191923004115
25714,LOF,0.029199728642156492,0.18346085839044646,0.787339412967397
25715,LOF,0.030153040949802753,0.16069777477992675,0.8091491842702705
25716,LOF,0.00934163052886702,0.1991247156930465,0.7915336537780865
25717,LOF,0.00605092779037621,0.20321549820565551,0.7907335740039683
25718,LOF,0.025708801167190758,0.12207799559768583,0.8522132032351234
25719,LOF,0.038374077206649516,0.13858571253582969,0.8230402102575208
25720,LOF,0.03647679110543156,0.13137793894777533,0.832145269946793
25721,LOF,0.031299922598265445,0.12336986033716026,0.8453302170645743
25722,LOF,0.02013554214101112,0.16188321435775918,0.8179812435012298
25723,LOF,0.030539113675075336,0.11597505570684977,0.8534858306180749
25724,LOF,0.03097285602312635,0.22502579132394798,0.7440013526529257
25725,LOF,0.031770103038658536,0.1135712065449673,0.8546586904163741
25726,LOF,0.020953574790206177,0.15868296143352492,0.8203634637762689
25727,LOF,0.027567347611390444,0.16002701300486608,0.8124056393837434
25728,LOF,0.02857994672484152,0.13812073664925026,0.8332993166259082
25729,LOF,0.02766988966947165,0.1610996123954775,0.8112304979350508
25730,LOF,0.03255634373653325,0.11235737660970303,0.8550862796537636
25731,LOF,0.012250832424221715,0.23842154655199255,0.7493276210237857
25732,LOF,0.024144495456138212,0.12723959903555115,0.8486159055083106
25733,LOF,0.039823484208481856,0.11991788019118234,0.8402586356003358
25734,LOF,0.007695528712882756,0.34470675858480715,0.6475977127023101
25735,LOF,0.026450545115720835,0.10137520764864832,0.8721742472356309
25736,LOF,0.024387234397488647,0.1726099342781705,0.8030028313243409
25737,LOF,0.05818627994047141,0.1612324291842884,0.7805812908752402
25738,LOF,0.026252411115899463,0.17621636854462241,0.7975312203394782
25739,LOF,0.03260486120819987,0.13775833347148506,0.829636805320315
25740,LOF,0.033036440412107126,0.15939080023405902,0.8075727593538338
25741,LOF,0.036007342005706336,0.144842530094414,0.8191501278998796
25742,LOF,0.05099563919420492,0.15020930367835114,0.7987950571274439
25743,LOF,0.011494138799696638,0.023332230601654028,0.9651736305986494
25744,LOF,0.20106015871667088,0.2613636682826562,0.537576173000673
25745,LOF,0.04055003599809254,0.058597490479201576,0.9008524735227059
25746,LOF,0.015827712718836165,0.08191363071759307,0.9022586565635708
25747,LOF,0.03741406435274191,0.022840587018317586,0.9397453486289404
25748,LOF,0.27680801279855305,0.040673481522181955,0.682518505679265
25749,LOF,0.015273629115464158,0.04704807989167264,0.9376782909928632
25750,LOF,0.02163465798489355,0.04883833198006719,0.9295270100350392
25751,LOF,0.0376292998901355,0.039341244484139885,0.9230294556257245
25752,GOF,0.06717451787064536,0.7458208264479551,0.1870046556813995
25753,LOF,0.006722961350620778,0.40009353869117714,0.5931834999582022
25754,GOF,0.007334585597385856,0.8872841588959963,0.10538125550661785
25755,LOF,0.00643983634009372,0.4615882852586261,0.5319718784012801
25756,LOF,0.025500227313155505,0.4527407371070988,0.5217590355797458
25757,GOF,0.008091260494291708,0.88181066648101,0.11009807302469835
25758,GOF,0.01015734098407816,0.8780887855517149,0.11175387346420707
25759,GOF,0.0055586704550778954,0.6828926267058015,0.31154870283912056
25760,LOF,0.005865486851419698,0.3722701390576385,0.6218643740909419
25761,GOF,0.04416504227422607,0.8482587247922873,0.10757623293348668
25762,LOF,0.029335466637475147,0.39254763585460783,0.578116897507917
25763,LOF,0.006551796271514593,0.3091141618886677,0.6843340418398177
25764,GOF,0.054585623714079955,0.6661311226190254,0.2792832536668946
25765,GOF,0.008352632208677815,0.886752621730115,0.10489474606120713
25766,GOF,0.049123322181920566,0.819916369162319,0.13096030865576033
25767,GOF,0.01965737858260246,0.5422627223082088,0.43807989910918876
25768,LOF,0.0530988937669675,0.05521509837363713,0.8916860078593954
25769,LOF,0.036665429298247156,0.07315490402577125,0.8901796666759816
25770,LOF,0.20944580535873114,0.07274230471730629,0.7178118899239625
25771,LOF,0.018684671915336053,0.06827328922706152,0.9130420388576024
25772,LOF,0.03152132436046065,0.026844012189823917,0.9416346634497154
25773,LOF,0.018870298605594762,0.07429842418041786,0.9068312772139873
25774,LOF,0.03128042376297432,0.10393278071085137,0.8647867955261744
25775,LOF,0.0214522104726215,0.04066882505607721,0.9378789644713014
25776,LOF,0.03211621070649438,0.021801570919015866,0.9460822183744898
25777,LOF,0.3331593867629083,0.06458555142834604,0.6022550618087457
25778,LOF,0.027661210837939664,0.04536231416668754,0.9269764749953728
25779,GOF,0.0827074275815511,0.8441741125877192,0.07311845983072952
25780,GOF,0.11010841895778338,0.8289583734127478,0.060933207629468786
25781,GOF,0.043348787831629355,0.8242947298782056,0.13235648229016508
25782,GOF,0.04977317244794228,0.8746924903962979,0.07553433715575988
25783,GOF,0.04662647165215447,0.8973385883977782,0.056034939950067274
25784,GOF,0.13952324940463331,0.8128153798548003,0.04766137074056628
25785,GOF,0.16106961474274661,0.8005543765822827,0.03837600867497065
25786,GOF,0.014558232824499431,0.8684221416348302,0.11701962554067047
25787,GOF,0.30001077409476523,0.6554653142221804,0.044523911683054335
25788,LOF,0.020078714748543527,0.13761714150520096,0.8423041437462555
25789,GOF,0.025763445797197686,0.8332519229847714,0.14098463121803098
25790,GOF,0.03344730846696551,0.844263198311022,0.12228949322201248
25791,GOF,0.03676737018762331,0.702727076752665,0.2605055530597117
25792,GOF,0.041408576923437974,0.7505934016380039,0.20799802143855808
25793,GOF,0.05646615306341281,0.7951346382083736,0.1483992087282136
25794,GOF,0.06623415012015349,0.7053935700931452,0.22837227978670124
25795,GOF,0.07044763551862585,0.6906685498374725,0.23888381464390157
25796,GOF,0.14983102064338774,0.7543859052962242,0.095783074060388
25797,GOF,0.11731404117846683,0.7000477435223387,0.18263821529919452
25798,GOF,0.00892377756162923,0.7455071273985983,0.24556909503977242
25799,GOF,0.004948315262283724,0.6346788663383485,0.36037281839936786
25800,GOF,0.03337954906386679,0.7916851775966123,0.17493527333952086
25801,GOF,0.027522390426316736,0.8840192742497284,0.08845833532395492
25802,GOF,0.036193392183223254,0.7485877585737372,0.21521884924303955
25803,GOF,0.027620174206497098,0.6657849018433254,0.3065949239501776
25804,GOF,0.043982695569321675,0.7257347291234606,0.23028257530721777
25805,GOF,0.03980924343531827,0.7492509848231647,0.210939771741517
25806,GOF,0.05382033924870878,0.7678790655509501,0.17830059520034128
25807,GOF,0.01731450185950502,0.7172591982295362,0.2654262999109586
25808,GOF,0.03309089667324597,0.7393125281472231,0.22759657517953089
25809,GOF,0.01515037727272844,0.6647989271649408,0.3200506955623307
25810,GOF,0.013337145522104346,0.6442173643464564,0.3424454901314392
25811,GOF,0.07648805203984091,0.8416036668110882,0.08190828114907085
25812,GOF,0.03267456454178468,0.7350436375202656,0.23228179793794984
25813,GOF,0.19876314112701368,0.7118500305929064,0.08938682828007977
25814,GOF,0.03969397888080106,0.7437003286227306,0.21660569249646835
25815,GOF,0.08099703023789179,0.7908357797440193,0.12816719001808896
25816,GOF,0.011515096949230544,0.8461917384353453,0.1422931646154241
25817,GOF,0.1462588999379255,0.7406438975710858,0.11309720249098866
25818,GOF,0.03482126035274001,0.739322322683573,0.2258564169636869
25819,GOF,0.06848646082893764,0.7212508785735174,0.21026266059754495
25820,GOF,0.06803860027000064,0.6777335066307165,0.25422789309928284
25821,GOF,0.04603869739013854,0.7277627542708106,0.22619854833905093
25822,GOF,0.0821012789027465,0.6836370735659083,0.2342616475313452
25823,GOF,0.03742390441969563,0.6366481122602107,0.32592798332009354
25824,GOF,0.03934497706175764,0.7183735674265108,0.24228145551173155
25825,GOF,0.030875381456795928,0.6967710429696213,0.27235357557358275
25826,GOF,0.015608303544282935,0.6429310746577391,0.3414606217979778
25827,GOF,0.01898091945976428,0.6560232491199552,0.3249958314202803
25828,GOF,0.01436726842686283,0.695528493704969,0.2901042378681681
25829,GOF,0.0049261810776344015,0.6210433040281497,0.37403051489421585
25830,GOF,0.04485877005218019,0.4923509873759974,0.4627902425718224
25831,GOF,0.07138711511228868,0.7734449655094732,0.15516791937823823
25832,GOF,0.013772095624143579,0.6988472304519372,0.2873806739239192
25833,GOF,0.04885059724285897,0.7605557653518236,0.1905936374053175
25834,GOF,0.014166173046742933,0.7153515292281534,0.27048229772510374
25835,GOF,0.03142216335649106,0.7639409990624267,0.20463683758108217
25836,GOF,0.00933275027447738,0.6877797960507773,0.30288745367474523
25837,GOF,0.01281503883589782,0.713084795316749,0.27410016584735325
25838,GOF,0.03216433904712478,0.7812178912132238,0.18661776973965136
25839,GOF,0.0848654265842804,0.7436819290297951,0.1714526443859245
25840,GOF,0.12229786023419544,0.7087875322052329,0.1689146075605715
25841,GOF,0.1209101990879607,0.7504230605417105,0.12866674037032882
25842,GOF,0.04037029689296481,0.8332369434801404,0.12639275962689484
25843,GOF,0.04061642959643114,0.8440698860385523,0.11531368436501653
25844,GOF,0.02776175013563469,0.7630389533350851,0.20919929652928015
25845,GOF,0.008162022092764279,0.6709317220123487,0.320906255894887
25846,GOF,0.08429910137424058,0.7929993050995969,0.12270159352616258
25847,GOF,0.019067351003565308,0.8364672996332263,0.14446534936320846
25848,GOF,0.03283661501709622,0.7789356605729965,0.18822772440990743
25849,GOF,0.009637911238823156,0.754322600236845,0.23603948852433193
25850,GOF,0.008620817835984318,0.6706972173047042,0.32068196485931155
25851,GOF,0.008100898893724182,0.612369987176636,0.3795291139296397
25852,GOF,0.17108724796498598,0.5188736709799197,0.3100390810550944
25853,GOF,0.0763676011155777,0.7675092394830403,0.15612315940138202
25854,GOF,0.007159237010693509,0.6546339167768899,0.33820684621241665
25855,GOF,0.029939836630042762,0.6267527178860821,0.34330744548387515
25856,GOF,0.06157565434103432,0.7058601453972686,0.23256420026169705
25857,GOF,0.030894296282568158,0.6353299497234158,0.33377575399401604
25858,GOF,0.010973272915947647,0.5675778105784539,0.42144891650559846
25859,GOF,0.007964568917949687,0.5438218453684233,0.44821358571362707
25860,GOF,0.10289106519911519,0.723572519042011,0.17353641575887374
25861,GOF,0.11989587596909006,0.7484400856721709,0.1316640383587389
25862,GOF,0.03001899884931041,0.852407831508821,0.11757316964186834
25863,GOF,0.025995106692714588,0.8342101172331033,0.13979477607418203
25864,GOF,0.0692533735996782,0.8396729265798498,0.0910736998204721
25865,GOF,0.062367408886429804,0.7970418175885174,0.14059077352505284
25866,GOF,0.032071345322213174,0.805226624309023,0.16270203036876388
25867,GOF,0.05080740152066598,0.8104333336554151,0.13875926482391882
25868,GOF,0.07903967429989457,0.7380322376504652,0.18292808804964028
25869,GOF,0.42913125049619855,0.45127511146157495,0.11959363804222643
25870,GOF,0.08365363409327634,0.5115250832909145,0.4048212826158091
25871,GOF,0.010886564194233141,0.7952511996761712,0.1938622361295957
25872,GOF,0.02495965449035939,0.7666307313003905,0.2084096142092502
25873,GOF,0.02397930748981081,0.8472105354301824,0.12881015708000695
25874,LOF,0.01942954159562477,0.16601225055964397,0.8145582078447312
25875,LOF,0.023920991100210915,0.10554015206719407,0.8705388568325951
25876,LOF,0.02130161691212655,0.06448139070404504,0.9142169923838285
25877,LOF,0.0815794551596609,0.222799158540353,0.695621386299986
25878,LOF,0.058962680996250585,0.25837121989509376,0.6826660991086556
25879,LOF,0.010382093973540542,0.19012184129445597,0.7994960647320035
25880,LOF,0.0685433564399839,0.022230482358763765,0.9092261612012524
25881,Neutral,0.5437111054187933,0.08203164950128451,0.3742572450799222
25882,LOF,0.07258931628952466,0.02575052344431895,0.9016601602661563
25883,LOF,0.03108344249285161,0.025400820174492664,0.9435157373326556
25884,LOF,0.02139181077872777,0.0364421422752902,0.942166046945982
25885,LOF,0.1825325614304831,0.011907381190410385,0.8055600573791065
25886,LOF,0.2566371746529051,0.05153507799172826,0.6918277473553667
25887,LOF,0.09688260200229477,0.1119045581607599,0.7912128398369453
25888,LOF,0.00906347892826149,0.15005089804307709,0.8408856230286613
25889,LOF,0.02884830229255489,0.03348480373539852,0.9376668939720467
25890,LOF,0.1917058247072755,0.06839728296951705,0.7398968923232075
25891,LOF,0.10216407469074038,0.032581070208077385,0.8652548551011823
25892,LOF,0.009099663748408513,0.02995504153380567,0.9609452947177858
25893,LOF,0.3304471300499188,0.009916768285456262,0.6596361016646248
25894,LOF,0.3364607206627529,0.007538281199298215,0.656000998137949
25895,LOF,0.27130425736512587,0.013054838970248889,0.7156409036646253
25896,LOF,0.08598762461239537,0.028333802483807492,0.8856785729037971
25897,LOF,0.13108153686884755,0.010313736365512615,0.8586047267656398
25898,LOF,0.1257066825342275,0.029144161967154223,0.8451491554986182
25899,LOF,0.4308707627382216,0.03738794405924997,0.5317412932025284
25900,Neutral,0.6591031098233067,0.01144207868108207,0.32945481149561134
25901,LOF,0.10986363812998855,0.012916012450061496,0.8772203494199499
25902,LOF,0.11540557867586462,0.014809750133263343,0.869784671190872
25903,LOF,0.21128608247906996,0.026556082845531046,0.762157834675399
25904,Neutral,0.5746588498943629,0.04120417666327249,0.3841369734423647
25905,LOF,0.007247779517265721,0.3843594263945248,0.6083927940882095
25906,LOF,0.009411907764424346,0.07012158950427969,0.9204665027312959
25907,LOF,0.00843489272231971,0.2438623592118611,0.7477027480658192
25908,LOF,0.008215528698284716,0.23657981358684296,0.7552046577148723
25909,LOF,0.030674752788031164,0.09545351515891656,0.8738717320530524
25910,LOF,0.01239546808457082,0.15030798167831635,0.8372965502371127
25911,LOF,0.18735776949617475,0.02370514289437589,0.7889370876094493
25912,LOF,0.11067387797620608,0.01990322883686912,0.8694228931869248
25913,LOF,0.021017540634705963,0.02762109245568294,0.9513613669096112
25914,LOF,0.04264677475346765,0.02794502175620097,0.9294082034903314
25915,LOF,0.16642072291814983,0.1949317643104715,0.6386475127713787
25916,LOF,0.01278733234724495,0.10096667837783649,0.8862459892749186
25917,LOF,0.08003110996259097,0.029279150560193857,0.8906897394772152
25918,LOF,0.039663628809801094,0.01534673984760363,0.9449896313425953
25919,LOF,0.035358226017518514,0.01638715930007945,0.9482546146824021
25920,LOF,0.34366062010346754,0.1543380419928438,0.5020013379036886
25921,LOF,0.022465345742598206,0.017740786559158398,0.9597938676982434
25922,LOF,0.019545107382692436,0.018313107055748606,0.9621417855615589
25923,LOF,0.45793676650118864,0.013794206025710158,0.5282690274731012
25924,LOF,0.02874687484030097,0.02094490031213962,0.9503082248475593
25925,LOF,0.11253184225042502,0.02844290903716745,0.8590252487124075
25926,LOF,0.09765675155073578,0.021371191832230997,0.8809720566170333
25927,LOF,0.027123880195920057,0.038303717230240154,0.9345724025738397
25928,LOF,0.01541487501233439,0.023877254010166556,0.960707870977499
25929,Neutral,0.5929126316666168,0.01349218904650494,0.39359517928687826
25930,LOF,0.11054473937248667,0.013273244368411798,0.8761820162591015
25931,LOF,0.017919301462347093,0.016853384917748994,0.9652273136199038
25932,LOF,0.1011880415993877,0.013727784258043187,0.885084174142569
25933,LOF,0.09403470404075266,0.008789457438968284,0.897175838520279
25934,LOF,0.09927969023271552,0.00802204063295089,0.8926982691343336
25935,LOF,0.11915336746357855,0.02164715144592847,0.8591994810904929
25936,LOF,0.11364115215576318,0.008661104582616772,0.87769774326162
25937,LOF,0.02457158520123362,0.015543726891809048,0.9598846879069572
25938,LOF,0.11942713200894589,0.019120090469102582,0.8614527775219516
25939,LOF,0.07630644488309372,0.01258038639207393,0.9111131687248324
25940,GOF,0.012958622762260756,0.5143258111614721,0.4727155660762671
25941,Neutral,0.47967587385294663,0.049062507843579774,0.4712616183034736
25942,LOF,0.011325344662313582,0.05111159220266007,0.9375630631350265
25943,LOF,0.04949274542144651,0.1820479306113898,0.7684593239671637
25944,LOF,0.054789940493873805,0.10324849181561459,0.8419615676905116
25945,LOF,0.17346189360217573,0.031472891597303924,0.7950652148005204
25946,LOF,0.08304468821165109,0.04101342314732685,0.8759418886410221
25947,Neutral,0.49835190991343453,0.13731156249913826,0.36433652758742724
25948,LOF,0.3999823952463952,0.012163802927041684,0.5878538018265631
25949,LOF,0.14896462522943074,0.06181576022455116,0.7892196145460181
25950,GOF,0.10760347841450559,0.6283486430268741,0.2640478785586203
25951,LOF,0.011507566166580552,0.4572418343396703,0.5312505994937491
25952,LOF,0.16602237781737467,0.257449695592977,0.5765279265896484
25953,LOF,0.007160942782637483,0.2988350125023499,0.6940040447150126
25954,LOF,0.07996059744549519,0.4099651271526631,0.5100742754018417
25955,LOF,0.010494255485631356,0.2487260454647099,0.7407796990496587
25956,LOF,0.010957198436070618,0.36154292164191304,0.6274998799220163
25957,LOF,0.17592732136559813,0.05128031335687067,0.7727923652775313
25958,LOF,0.031174635300350265,0.061286469363748444,0.9075388953359013
25959,GOF,0.006480976178397707,0.7326224150289308,0.26089660879267146
25960,LOF,0.004864751398526341,0.13134277048488652,0.8637924781165871
25961,LOF,0.026546942753852096,0.047521198601251376,0.9259318586448965
25962,LOF,0.031675591079859886,0.09240037852005666,0.8759240304000835
25963,LOF,0.008981838566545365,0.13606206170512575,0.854956099728329
25964,LOF,0.04110245924386613,0.10686589559562597,0.8520316451605079
25965,LOF,0.1848495584564053,0.16717054721815933,0.6479798943254353
25966,LOF,0.30660666711152385,0.1116502456461816,0.5817430872422945
25967,LOF,0.006369506315709633,0.08811920897412094,0.9055112847101694
25968,LOF,0.048366911203410856,0.2737671812678461,0.6778659075287431
25969,LOF,0.14713683695413746,0.06807110120554498,0.7847920618403176
25970,LOF,0.061688068386088035,0.05005120304930676,0.8882607285646053
25971,LOF,0.06727581831928298,0.028133548299264035,0.904590633381453
25972,LOF,0.08083681924006206,0.04359659328436534,0.8755665874755726
25973,LOF,0.05703129495468598,0.009436862856081255,0.9335318421892328
25974,LOF,0.05528502283582366,0.04788700809137278,0.8968279690728035
25975,LOF,0.037628299142547436,0.015134802835224222,0.9472368980222284
25976,LOF,0.0944052532640201,0.011258359178273262,0.8943363875577066
25977,LOF,0.23662042926064947,0.046282332670072784,0.7170972380692777
25978,LOF,0.15301952531011567,0.14899496326098155,0.6979855114289026
25979,LOF,0.12210439569351475,0.15839831963258927,0.719497284673896
25980,LOF,0.20288952998579357,0.2439242367210557,0.5531862332931508
25981,LOF,0.2040998339330647,0.24836018373053162,0.5475399823364038
25982,LOF,0.3426689366129797,0.12449931199377302,0.5328317513932473
25983,LOF,0.4373847124547754,0.12498838921207478,0.4376268983331497
25984,LOF,0.06707044664110888,0.09944034566721872,0.8334892076916725
25985,Neutral,0.4531185870454605,0.14599337875328222,0.40088803420125735
25986,LOF,0.016148343353431842,0.433085306311509,0.550766350335059
25987,LOF,0.03997288542513269,0.10865831922138791,0.8513687953534794
25988,LOF,0.06293158033532846,0.16675491229715936,0.7703135073675121
25989,LOF,0.07300459794509392,0.2322297223827528,0.6947656796721534
25990,LOF,0.058843850239822644,0.3650232412531845,0.5761329085069928
25991,GOF,0.021760326794041482,0.5311135157531311,0.4471261574528274
25992,LOF,0.012593874126786368,0.45066537009568536,0.5367407557775283
25993,LOF,0.018126018981574638,0.06547553884470733,0.9163984421737179
25994,LOF,0.027627097684917407,0.06651730728752277,0.9058555950275597
25995,LOF,0.01803903703437884,0.11656588140833846,0.8653950815572827
25996,GOF,0.3143479764505697,0.423985323717043,0.26166669983238733
25997,GOF,0.05413782035826372,0.5093352119060209,0.4365269677357153
25998,LOF,0.25861360297700436,0.035534302284041905,0.7058520947389536
25999,LOF,0.024650778867063503,0.33439097121790573,0.6409582499150308
26000,LOF,0.14314089152240708,0.013269221201075418,0.8435898872765174
26001,LOF,0.1543085619398272,0.021768590876422005,0.8239228471837509
26002,LOF,0.08679427292691413,0.021980062463789668,0.8912256646092962
26003,GOF,0.007438017537894643,0.5840645354951954,0.4084974469669099
26004,GOF,0.021305390439381414,0.5916318202832898,0.3870627892773289
26005,LOF,0.005799729762585405,0.4647071254043547,0.5294931448330599
26006,GOF,0.11771299929718267,0.48017122817830576,0.40211577252451147
26007,LOF,0.011842027072991658,0.46487682638815225,0.523281146538856
26008,GOF,0.007413310694945197,0.5618228695341109,0.4307638197709438
26009,GOF,0.012444044797305244,0.6134348633371621,0.37412109186553255
26010,GOF,0.011076154950096735,0.5359887691747968,0.45293507587510645
26011,LOF,0.005773576232953308,0.39020931107439,0.6040171126926566
26012,LOF,0.005787448616621794,0.49675022246312095,0.4974623289202572
26013,GOF,0.011581292807036514,0.5295779957381798,0.4588407114547838
26014,LOF,0.04287669168302811,0.07566765351624248,0.8814556548007295
26015,LOF,0.39670094165290887,0.020824785033890146,0.582474273313201
26016,LOF,0.2672437721921049,0.02587472134594331,0.7068815064619517
26017,LOF,0.017431471579795115,0.12400623770931038,0.8585622907108945
26018,LOF,0.03397819652857922,0.053870863965230935,0.91215093950619
26019,LOF,0.03316682217315984,0.04746004416054022,0.9193731336662999
26020,LOF,0.00655410899721787,0.11484818959992621,0.8785977014028559
26021,LOF,0.07440965721451696,0.051819814441017256,0.8737705283444658
26022,LOF,0.036715488625515665,0.02168132733855008,0.9416031840359342
26023,LOF,0.02678300672287276,0.034045566965021166,0.9391714263121062
26024,LOF,0.048156793076444764,0.04039580323994955,0.9114474036836057
26025,LOF,0.12188488666477888,0.04045804577709303,0.8376570675581281
26026,LOF,0.11676954745710964,0.03235238041231085,0.8508780721305795
26027,LOF,0.03458647923590609,0.02116642847450746,0.9442470922895865
26028,LOF,0.06059306140269061,0.17612576004028868,0.7632811785570208
26029,LOF,0.02845953340288018,0.2025937584533265,0.7689467081437934
26030,LOF,0.10887864542215676,0.029236708151641887,0.8618846464262014
26031,LOF,0.011992611974239537,0.17968543913880786,0.8083219488869525
26032,LOF,0.03537090228426445,0.05323142932494394,0.9113976683907915
26033,LOF,0.03629053271823689,0.050740977222087175,0.912968490059676
26034,LOF,0.01872986098954377,0.11667666835903881,0.8645934706514173
26035,LOF,0.011736210472712491,0.1279968117794471,0.8602669777478404
26036,LOF,0.010939738386787808,0.10404826960684702,0.8850119920063653
26037,LOF,0.010677552930609308,0.12138352257001139,0.8679389244993794
26038,LOF,0.03060712327776758,0.04739891895994593,0.9219939577622864
26039,LOF,0.030235751565222763,0.15317564196319453,0.8165886064715827
26040,LOF,0.08287904375991946,0.14424430769928243,0.7728766485407981
26041,LOF,0.012875419039083229,0.1122190732441134,0.8749055077168033
26042,LOF,0.012008981957914644,0.11630168591391567,0.8716893321281696
26043,LOF,0.031373320305670596,0.08228757005267798,0.8863391096416514
26044,LOF,0.007047162008199848,0.06054598403054897,0.9324068539612512
26045,LOF,0.0867376159538587,0.21846351236237402,0.6947988716837673
26046,LOF,0.02756588651327593,0.05331456308215713,0.919119550404567
26047,LOF,0.05990726009987713,0.05390824511711182,0.8861844947830111
26048,LOF,0.07469134307336181,0.02645123779006405,0.8988574191365741
26049,Neutral,0.9424115007708952,0.007839007426705739,0.04974949180239914
26050,Neutral,0.9079908003614556,0.008725084667317659,0.08328411497122667
26051,LOF,0.024118608782264524,0.3138668224800603,0.6620145687376752
26052,LOF,0.02633846594205821,0.24005104126157162,0.73361049279637
26053,LOF,0.01739817664704478,0.1926729873418077,0.7899288360111474
26054,LOF,0.05650199049929761,0.04705597093699801,0.8964420385637044
26055,LOF,0.08018259602239335,0.049989454284542725,0.869827949693064
26056,LOF,0.06361089137178856,0.06230444484548574,0.8740846637827256
26057,LOF,0.06224283905716047,0.029075822403022145,0.9086813385398174
26058,LOF,0.06761397021030752,0.02329931568521204,0.9090867141044804
26059,LOF,0.1983252835602819,0.07383051147967698,0.7278442049600412
26060,LOF,0.01431694810345943,0.2261251165319583,0.7595579353645822
26061,LOF,0.01117827206922105,0.017994904872538256,0.9708268230582408
26062,LOF,0.006158908771869957,0.025503904039534217,0.9683371871885958
26063,LOF,0.04723466931627713,0.018987501553750917,0.933777829129972
26064,LOF,0.013783051139241283,0.02628987547774019,0.9599270733830184
26065,LOF,0.06779342913137046,0.02443309294311536,0.9077734779255141
26066,LOF,0.050760605736638924,0.01959523290533653,0.9296441613580246
26067,LOF,0.05852645975153698,0.01570690134596046,0.9257666389025025
26068,LOF,0.05309672083532518,0.040936586252187365,0.9059666929124874
26069,LOF,0.18274607344854507,0.04192764287162429,0.7753262836798306
26070,LOF,0.39102340944772396,0.024206088839489263,0.5847705017127868
26071,LOF,0.05502807220224894,0.018467809092830925,0.9265041187049202
26072,LOF,0.006724291998146121,0.032565665400988986,0.9607100426008649
26073,LOF,0.042594136323938166,0.024176966731987645,0.9332288969440742
26074,Neutral,0.6637143801440077,0.016277643909434904,0.3200079759465573
26075,LOF,0.04533228771769011,0.0337061058891407,0.9209616063931692
26076,LOF,0.0458584456090903,0.019969263882351627,0.9341722905085581
26077,LOF,0.16874031824303545,0.016357081935470925,0.8149025998214935
26078,LOF,0.0063956521753605906,0.035186810708076756,0.9584175371165627
26079,LOF,0.057771523519737945,0.0323547265351816,0.9098737499450805
26080,LOF,0.05686179324463895,0.03257496143782784,0.9105632453175332
26081,LOF,0.043239416847011554,0.017554449146786708,0.9392061340062018
26082,LOF,0.0070227216047272735,0.03191937720157449,0.9610579011936983
26083,LOF,0.11293376576017958,0.035117332277734475,0.851948901962086
26084,LOF,0.12913611790444018,0.02974516740899704,0.8411187146865629
26085,LOF,0.1161551288068633,0.023706229629657093,0.8601386415634796
26086,LOF,0.041682141227414475,0.02338014061541406,0.9349377181571714
26087,LOF,0.0423417032909492,0.0238850650873836,0.9337732316216673
26088,LOF,0.006883643418287075,0.06237018397294569,0.9307461726087671
26089,LOF,0.04201765039665809,0.05533901917299273,0.9026433304303491
26090,LOF,0.04247040768355848,0.04089970809193704,0.9166298842245045
26091,LOF,0.032650780461408804,0.01659903584388663,0.9507501836947045
26092,LOF,0.046565027501846275,0.015483037329572059,0.9379519351685817
26093,LOF,0.06601562388552006,0.010595844572707312,0.9233885315417727
26094,LOF,0.03573090933302454,0.01321975277208041,0.9510493378948951
26095,LOF,0.011100327634310793,0.036906997981962064,0.9519926743837271
26096,LOF,0.22992060241387582,0.008896560970741185,0.761182836615383
26097,LOF,0.006545391581515425,0.06845796422503023,0.9249966441934543
26098,LOF,0.05349913915918821,0.027718996209365847,0.918781864631446
26099,LOF,0.04474971645818199,0.03663594012899968,0.9186143434128183
26100,LOF,0.04474971645818199,0.03663594012899968,0.9186143434128183
26101,LOF,0.04467554071792096,0.05785805723642775,0.8974664020456512
26102,LOF,0.03906104756038382,0.026924813093535498,0.9340141393460807
26103,Neutral,0.8935610848691643,0.0402153740867632,0.06622354104407256
26104,LOF,0.05432184057958211,0.0554039475585392,0.8902742118618787
26105,LOF,0.24153788999832443,0.10915825700887598,0.6493038529927997
26106,LOF,0.26636329671117087,0.03985125508707901,0.6937854482017501
26107,LOF,0.014642982594572791,0.06406203904381519,0.921294978361612
26108,LOF,0.15588122610812621,0.04773018828470993,0.796388585607164
26109,LOF,0.05244739247053678,0.05510565537954137,0.892446952149922
26110,LOF,0.4271140569893736,0.010720443731887864,0.5621654992787386
26111,LOF,0.05842280165281805,0.060976486401534406,0.8806007119456476
26112,LOF,0.06587949476201424,0.01106450731779067,0.923055997920195
26113,LOF,0.11783314994446202,0.029396909228259098,0.8527699408272789
26114,LOF,0.09912602076118056,0.008182206882721022,0.8926917723560983
26115,LOF,0.018923663053569188,0.0643744389827985,0.9167018979636323
26116,LOF,0.08214220505827323,0.022809816483603213,0.8950479784581236
26117,LOF,0.3700820092677652,0.03704667915266804,0.5928713115795669
26118,LOF,0.037768600542984254,0.017106378622501573,0.9451250208345141
26119,LOF,0.00616314183055503,0.07498237477603699,0.918854483393408
26120,LOF,0.03297561391177771,0.015674043729598276,0.9513503423586239
26121,LOF,0.004485500080413229,0.11234743702428673,0.8831670628953001
26122,LOF,0.005095266333228451,0.0893254415239368,0.9055792921428347
