feature0,prediction,LoGoFunc_Neutral,LoGoFunc_GOF,LoGoFunc_LOF
25546,Neutral,0.7212695235896186,0.03403886001949738,0.24469161639088405
25547,Neutral,0.5967354865740886,0.06075800155446928,0.34250651187144215
25548,Neutral,0.6033234364304536,0.044312026304353366,0.3523645372651931
25549,Neutral,0.5358487913488731,0.043432342556738675,0.42071886609438824
25550,LOF,0.36496202093637986,0.09452871238883047,0.5405092666747896
25551,LOF,0.3125365868385324,0.10799038682118914,0.5794730263402784
25552,LOF,0.23588609146362755,0.10274663966154947,0.661367268874823
25553,Neutral,0.8351666984059931,0.028031737450540717,0.13680156414346628
25554,LOF,0.2640289987398646,0.09714239169232337,0.638828609567812
25555,LOF,0.22177341169223924,0.08665563856201582,0.6915709497457448
25556,LOF,0.44002073140454384,0.08376387182241875,0.4762153967730373
25557,LOF,0.21411612562522422,0.09324062504653025,0.6926432493282455
25558,LOF,0.25620332196233064,0.09958317980716021,0.6442134982305091
25559,LOF,0.36457143321078417,0.1699367006242031,0.46549186616501265
25560,LOF,0.05678519363159384,0.14763188877584094,0.7955829175925653
25561,LOF,0.11925770770482871,0.15258702577936825,0.7281552665158031
25562,LOF,0.12405912027034335,0.05266364579044797,0.8232772339392087
25563,LOF,0.10681229628802211,0.0700565801344189,0.823131123577559
25564,LOF,0.2561297225854597,0.1109142204935037,0.6329560569210366
25565,LOF,0.16666551042497563,0.09448750772474582,0.7388469818502786
25566,GOF,0.016598442701059927,0.7616347962289959,0.2217667610699443
25567,LOF,0.01576714073104155,0.16547126333419312,0.8187615959347653
25568,LOF,0.05188389161604665,0.05929069123882119,0.8888254171451321
25569,LOF,0.06011398605356108,0.055273207985313794,0.884612805961125
25570,LOF,0.06209821906158598,0.09007457017618581,0.8478272107622281
25571,LOF,0.05776845838265739,0.08563360665659618,0.8565979349607463
25572,LOF,0.0643502756412564,0.11030682836192492,0.8253428959968186
25573,LOF,0.034233414773566354,0.08717445526773154,0.8785921299587022
25574,LOF,0.019748549302141497,0.13101822300032884,0.8492332276975296
25575,LOF,0.04477382852807637,0.09734806311623596,0.8578781083556878
25576,LOF,0.016736800076605947,0.10870533895076478,0.8745578609726293
25577,LOF,0.014504315147315072,0.11367627073436361,0.8718194141183212
25578,LOF,0.23769933888258324,0.07344449646579165,0.6888561646516251
25579,LOF,0.23812409494964581,0.07264724515469453,0.6892286598956596
25580,LOF,0.030610313706642668,0.07002757975315693,0.8993621065402004
25581,LOF,0.05331817467328258,0.059211553085975616,0.8874702722407418
25582,LOF,0.053152442235914234,0.05714702984877733,0.8897005279153084
25583,LOF,0.04028701287676725,0.08168700035444558,0.8780259867687871
25584,Neutral,0.47644191121851565,0.10244856351840624,0.42110952526307815
25585,LOF,0.028088278768972835,0.11995806826423686,0.8519536529667904
25586,LOF,0.028241796346998246,0.06833842908877233,0.9034197745642294
25587,LOF,0.02821410203563342,0.06538481100854168,0.906401086955825
25588,LOF,0.030999535214136356,0.08222430203758511,0.8867761627482784
25589,Neutral,0.587110526145032,0.11392628187870588,0.29896319197626225
25590,LOF,0.03029399697953345,0.11867755715332488,0.8510284458671417
25591,LOF,0.11181636703874455,0.049979434693624675,0.8382041982676308
25592,LOF,0.08892288804489555,0.11712583585178339,0.7939512761033211
25593,LOF,0.027347186376516543,0.2438394591172116,0.7288133545062718
25594,LOF,0.04616461865325385,0.2191795961965913,0.7346557851501547
25595,LOF,0.04901480420317154,0.15888529399079113,0.7920999018060373
25596,LOF,0.045909304899190755,0.11165212999866696,0.8424385651021423
25597,LOF,0.04181834846922011,0.11619918512942826,0.8419824664013517
25598,LOF,0.04732317110262477,0.15630533910874292,0.7963714897886323
25599,GOF,0.007650069337178885,0.6977517326422605,0.2945981980205605
25600,GOF,0.020137402029324968,0.6439314852241423,0.3359311127465327
25601,LOF,0.005935998180285388,0.4680709633301541,0.5259930384895605
25602,LOF,0.029814324284927467,0.04596051553791162,0.9242251601771609
25603,LOF,0.05643524993550031,0.028671224551060782,0.9148935255134389
25604,LOF,0.04418235168962506,0.03581003059070309,0.9200076177196718
25605,LOF,0.01512336538125655,0.18381536280038416,0.8010612718183593
25606,LOF,0.11944847796058418,0.41242473391405154,0.4681267881253643
25607,LOF,0.006413453195105086,0.18325103320604558,0.8103355135988493
25608,LOF,0.03038889910201853,0.057404811431400124,0.9122062894665813
25609,LOF,0.038702773334983814,0.44858446644394967,0.5127127602210665
25610,LOF,0.03797565310636181,0.02515054309775602,0.9368738037958823
25611,LOF,0.04074742091264145,0.024608092440643527,0.934644486646715
25612,LOF,0.09819584146611321,0.038694800491475154,0.8631093580424116
25613,LOF,0.0783763335516149,0.04093369466634442,0.8806899717820408
25614,LOF,0.028548619184619824,0.03310869984244151,0.9383426809729387
25615,LOF,0.03830614179437113,0.04312504744101418,0.9185688107646146
25616,LOF,0.030230873032215215,0.030905333851357564,0.9388637931164273
25617,LOF,0.02956998870318774,0.03380247220545435,0.936627539091358
25618,LOF,0.1520883393268312,0.028424822748307238,0.8194868379248617
25619,LOF,0.02691721869975654,0.030059369545293355,0.9430234117549502
25620,LOF,0.032323727220916476,0.03754099781330553,0.930135274965778
25621,LOF,0.028283645089699175,0.030338613605149823,0.9413777413051511
25622,LOF,0.02858965330582358,0.03648114701485966,0.9349291996793166
25623,LOF,0.05341204635496406,0.03489930750902937,0.9116886461360066
25624,LOF,0.02648163798361362,0.035126008224112305,0.938392353792274
25625,LOF,0.03273032179556938,0.04406838864610552,0.9232012895583251
25626,LOF,0.08528991066227534,0.03473771958580244,0.8799723697519223
25627,Neutral,0.5246693914395563,0.1381629374350935,0.3371676711253502
25628,LOF,0.2050102038699298,0.06583857738531233,0.7291512187447579
25629,LOF,0.06888386331221331,0.06723281177126822,0.8638833249165184
25630,LOF,0.1529106451793373,0.1074818179115363,0.7396075369091263
25631,Neutral,0.5624545682698492,0.08247880928309237,0.35506662244705844
25632,LOF,0.01891481476052794,0.09042734789177069,0.8906578373477014
25633,LOF,0.20397993712348725,0.06479912047055399,0.7312209424059588
25634,LOF,0.03459733240641796,0.0928814984185208,0.8725211691750613
25635,LOF,0.03476520047661306,0.06863466099558524,0.8966001385278016
25636,GOF,0.0044764441674189,0.6720199261859293,0.32350362964665186
25637,GOF,0.005574682897551289,0.6699241801509321,0.32450113695151667
25638,LOF,0.008663584059839845,0.40709261470752856,0.5842438012326316
25639,GOF,0.004557372572093497,0.5309033903099099,0.46453923711799655
25640,Neutral,0.47764113872476355,0.4508988442765097,0.07146001699872681
25641,LOF,0.010255947490321635,0.38914877546051185,0.6005952770491665
25642,LOF,0.3149182420034131,0.06865935162361968,0.6164224063729672
25643,LOF,0.2754452116920058,0.16067634500762262,0.5638784433003716
25644,GOF,0.014369708551899398,0.5270060251501549,0.45862426629794567
25645,LOF,0.015076668734057278,0.46668079168093163,0.5182425395850111
25646,LOF,0.019952081719681936,0.3538198507363208,0.6262280675439972
25647,LOF,0.016935604671307326,0.28577492964810736,0.6972894656805853
25648,LOF,0.015365399590051735,0.3058952940884002,0.678739306321548
25649,LOF,0.011674032233167828,0.2267583533440762,0.761567614422756
25650,LOF,0.03205779827802351,0.47351982692272454,0.4944223747992519
25651,LOF,0.01081564712049842,0.27638550249163246,0.7127988503878692
25652,LOF,0.0180273142237512,0.2652993728266678,0.7166733129495809
25653,LOF,0.06543562352473994,0.36272726265672817,0.5718371138185319
25654,LOF,0.017378736651971375,0.15654171706020517,0.8260795462878234
25655,LOF,0.1046786169973365,0.42536036422564905,0.46996101877701446
25656,LOF,0.07641093552058938,0.0703214497015938,0.8532676147778168
25657,LOF,0.2770370401758802,0.03557043073265974,0.68739252909146
25658,LOF,0.04275030022134176,0.08637657716388805,0.8708731226147701
25659,LOF,0.29071011930548707,0.06676371666812825,0.6425261640263846
25660,LOF,0.0777769847070766,0.09628015229361554,0.8259428629993079
25661,LOF,0.048734252849138265,0.06925679636231019,0.8820089507885515
25662,LOF,0.02903192183449255,0.043515588497275305,0.9274524896682322
25663,LOF,0.03858852549688337,0.07131427247059687,0.8900972020325197
25664,LOF,0.03502851044667174,0.09412525331239603,0.8708462362409322
25665,LOF,0.06144279195103257,0.042240056018478855,0.8963171520304887
25666,LOF,0.035117932035594684,0.13333368420702674,0.8315483837573785
25667,LOF,0.030478802184214195,0.05055062838284592,0.9189705694329398
25668,LOF,0.035125021841307474,0.05756385744473798,0.9073111207139546
25669,LOF,0.04427691978023287,0.08605003258613222,0.8696730476336348
25670,LOF,0.08976852393525141,0.09396950052489432,0.8162619755398542
25671,LOF,0.04055560332464321,0.046913220412404394,0.9125311762629524
25672,LOF,0.06126773258206189,0.06055345983725132,0.8781788075806869
25673,LOF,0.034723767659973315,0.07453246372705856,0.8907437686129681
25674,LOF,0.02806573400580577,0.08029553973214656,0.8916387262620477
25675,LOF,0.0390920011325537,0.054423469202982216,0.9064845296644641
25676,LOF,0.032216400987430276,0.05917688809695363,0.9086067109156161
25677,LOF,0.06261112319546587,0.06283002313798805,0.874558853666546
25678,LOF,0.2705164322557106,0.038187687152744273,0.6912958805915451
25679,LOF,0.17615090095036337,0.07553846294620807,0.7483106361034285
25680,LOF,0.066567756619288,0.09568098969398475,0.8377512536867272
25681,LOF,0.11109489478142377,0.0861476297367929,0.8027574754817833
25682,LOF,0.046435358084953665,0.07538252527229704,0.8781821166427494
25683,LOF,0.08784028406103915,0.08727186560516645,0.8248878503337944
25684,LOF,0.05402008954236825,0.07930581538758004,0.8666740950700517
25685,LOF,0.09409463119465736,0.04563825723992794,0.8602671115654148
25686,LOF,0.03088697087764566,0.09661185323985148,0.8725011758825028
25687,LOF,0.04789212243265421,0.07546185572392744,0.8766460218434183
25688,LOF,0.02312313288447754,0.08769547809575597,0.8891813890197665
25689,LOF,0.018510072212587134,0.08260157606070938,0.8988883517267034
25690,LOF,0.0200520409648067,0.08335312678331874,0.8965948322518745
25691,LOF,0.1686346262087169,0.12625792033897348,0.7051074534523096
25692,LOF,0.2888016467942218,0.013020178181076576,0.6981781750247017
25693,LOF,0.05564767102214126,0.1346492620342037,0.8097030669436551
25694,LOF,0.2342285080164255,0.013899740455025313,0.7518717515285491
25695,LOF,0.14641455862008856,0.018930684467695306,0.8346547569122162
25696,LOF,0.16833813594826535,0.01078135488587864,0.8208805091658561
25697,LOF,0.1408788139772825,0.021973624235629843,0.8371475617870876
25698,LOF,0.024404618648652777,0.35763349119704646,0.6179618901543008
25699,LOF,0.055972781162625544,0.05457378754307548,0.889453431294299
25700,LOF,0.03200703740308297,0.008622982698320838,0.9593699798985962
25701,LOF,0.012706550011497165,0.07594703538585477,0.9113464146026481
25702,GOF,0.03225575143031105,0.7421010833123657,0.2256431652573233
25703,LOF,0.01597901813324266,0.19155501762457092,0.7924659642421865
25704,LOF,0.08684287530805399,0.15247925160983283,0.7606778730821132
25705,LOF,0.06648474433343894,0.23339626176641576,0.7001189939001453
25706,GOF,0.04413841194821269,0.6182936582176352,0.3375679298341521
25707,GOF,0.023318916817775665,0.5375724540551606,0.4391086291270638
25708,LOF,0.006343623777888021,0.47409955299717976,0.5195568232249322
25709,LOF,0.018556326842712516,0.06323771176715336,0.9182059613901342
25710,LOF,0.008646258249855751,0.15967502254920954,0.8316787192009347
25711,LOF,0.020740077892610325,0.12369895664501081,0.8555609654623788
25712,LOF,0.008822959885784234,0.22106192595862448,0.7701151141555913
25713,LOF,0.018979301817809706,0.10398502197340838,0.8770356762087819
25714,LOF,0.021235936609895267,0.13026761524064367,0.8484964481494611
25715,LOF,0.01997163805189266,0.11935205216278666,0.8606763097853207
25716,LOF,0.011467065044312788,0.14497511397285384,0.8435578209828335
25717,LOF,0.0058905732669150305,0.13447364235343992,0.859635784379645
25718,LOF,0.019383444862707593,0.07506949366833313,0.9055470614689592
25719,LOF,0.0349179365775137,0.08600243126995388,0.8790796321525324
25720,LOF,0.026992825190751923,0.08292808668823495,0.8900790881210132
25721,LOF,0.023217203787641055,0.09172841172861648,0.8850543844837424
25722,LOF,0.01675871038426293,0.11986878012202426,0.8633725094937127
25723,LOF,0.021269205436799405,0.07238512388445247,0.9063456706787482
25724,LOF,0.028562783266449007,0.12141560886987468,0.8500216078636763
25725,LOF,0.020244828189330443,0.06422213993465113,0.9155330318760183
25726,LOF,0.015688332321765107,0.10055975547029516,0.8837519122079397
25727,LOF,0.02070764435456037,0.0869687055125532,0.8923236501328864
25728,LOF,0.019926120113883117,0.09392693063306544,0.8861469492530514
25729,LOF,0.019031861918063525,0.09962698343246955,0.8813411546494669
25730,LOF,0.021816167139754303,0.07500573239376479,0.9031781004664808
25731,LOF,0.00909982683202283,0.19317511419481523,0.7977250589731619
25732,LOF,0.01906270527096213,0.08839263212458501,0.892544662604453
25733,LOF,0.027890923993896272,0.08131847992313095,0.8907905960829728
25734,LOF,0.006581652092014055,0.2219710577674453,0.7714472901405407
25735,LOF,0.020801894826075248,0.07504499406253781,0.904153111111387
25736,LOF,0.02012418497673109,0.12411461578263694,0.855761199240632
25737,LOF,0.04067651007689971,0.10488999780873028,0.8544334921143699
25738,LOF,0.0209333239224178,0.14443222136654826,0.8346344547110339
25739,LOF,0.02366532315348632,0.13500485067269477,0.8413298261738189
25740,LOF,0.04813240446815793,0.13702116380734064,0.8148464317245013
25741,LOF,0.027748920008784202,0.11323309544868798,0.8590179845425278
25742,LOF,0.046071162192045705,0.126919613081,0.8270092247269543
25743,LOF,0.012881055248661127,0.03619921008862373,0.9509197346627152
25744,GOF,0.18396691354449327,0.43137863996848735,0.3846544464870194
25745,LOF,0.02674440580301627,0.06512140471410571,0.908134189482878
25746,LOF,0.012927858957352807,0.07905005543889786,0.9080220856037494
25747,LOF,0.029422952115021692,0.03412888296917699,0.9364481649158014
25748,LOF,0.26447506482277383,0.055310414628522396,0.6802145205487038
25749,LOF,0.01429959064426819,0.05061728684235834,0.9350831225133734
25750,LOF,0.016104934213120013,0.09196699114717796,0.891928074639702
25751,LOF,0.03709788666396325,0.06163901262140334,0.9012631007146336
25752,GOF,0.08068705613895147,0.6826620110597371,0.2366509328013114
25753,LOF,0.007293870307444179,0.3928649731192312,0.5998411565733246
25754,GOF,0.006491385967737392,0.8654597204810908,0.12804889355117188
25755,LOF,0.008267194172124095,0.45766838608661087,0.534064419741265
25756,LOF,0.051836085224086344,0.4592248080441981,0.48893910673171553
25757,GOF,0.007333233469864779,0.8773379910836678,0.11532877544646745
25758,GOF,0.009292204846238836,0.880579536304478,0.11012825884928305
25759,GOF,0.0058055227498116264,0.5853792231268632,0.40881525412332514
25760,LOF,0.006084819494087247,0.3143285708042407,0.6795866097016721
25761,GOF,0.06393603892642537,0.8599630431192201,0.07610091795435438
25762,LOF,0.02916446170659924,0.3845590601410377,0.5862764781523631
25763,LOF,0.0073838804385119765,0.27694890077356094,0.7156672187879272
25764,GOF,0.07636784879956249,0.645740456622171,0.2778916945782664
25765,GOF,0.008247114837918266,0.8606928703723259,0.1310600147897558
25766,GOF,0.046092411273158544,0.8169215664186035,0.136986022308238
25767,GOF,0.00991186275983241,0.5399422543140527,0.4501458829261149
25768,LOF,0.034894381390851145,0.07072768261256923,0.8943779359965796
25769,LOF,0.023849137616598445,0.08487757875933793,0.8912732836240637
25770,LOF,0.16691453651912977,0.06788732450955369,0.7651981389713166
25771,LOF,0.013467574030781821,0.08377852475848571,0.9027539012107325
25772,LOF,0.023062139173073842,0.03430086100137324,0.942636999825553
25773,LOF,0.01747769002290276,0.08340772116177796,0.8991145888153192
25774,LOF,0.029053601740251823,0.09829081120924199,0.8726555870505062
25775,LOF,0.019110225059531936,0.046551262309796684,0.9343385126306715
25776,LOF,0.024929896382248337,0.030445475240170727,0.9446246283775809
25777,LOF,0.271276362104821,0.08351069018200818,0.6452129477131708
25778,LOF,0.01783882813443242,0.06635420145289386,0.9158069704126738
25779,GOF,0.03112916950295174,0.8968567128474015,0.07201411764964676
25780,GOF,0.06861599200489792,0.8778486335268053,0.05353537446829686
25781,GOF,0.030907332781875806,0.8788326499793339,0.09026001723879032
25782,GOF,0.02503582396410166,0.9094874226788866,0.06547675335701171
25783,GOF,0.019986883754936857,0.7989521246973302,0.1810609915477328
25784,GOF,0.08723827318329334,0.8737948953817,0.03896683143500649
25785,GOF,0.0569905986469192,0.8989316488433314,0.044077752509749504
25786,GOF,0.007586935104771306,0.839730785584278,0.15268227931095057
25787,GOF,0.16065726495997665,0.8029372481631503,0.03640548687687321
25788,LOF,0.016249825686135727,0.21898251368485083,0.7647676606290134
25789,GOF,0.016528924605971117,0.8651086036174224,0.11836247177660646
25790,GOF,0.015602680655472117,0.8740889292162815,0.11030839012824638
25791,GOF,0.015144252214557319,0.8295195224144433,0.15533622537099917
25792,GOF,0.018375055891097305,0.8460971527337992,0.13552779137510365
25793,GOF,0.05335963856116893,0.8283445628121701,0.11829579862666097
25794,GOF,0.04679257518940858,0.7695750428982455,0.18363238191234588
25795,GOF,0.05142658948730821,0.7610041417777379,0.1875692687349539
25796,GOF,0.07604569986941163,0.8328687311170364,0.09108556901355194
25797,GOF,0.044140882886581675,0.7265890259496994,0.22927009116371896
25798,GOF,0.0032226222579263405,0.6835137123614877,0.313263665380586
25799,GOF,0.00302329763667555,0.5857266453777508,0.4112500569855737
25800,GOF,0.016874569712314207,0.7886536006869519,0.19447182960073384
25801,GOF,0.012925791218612454,0.8837342316739822,0.10333997710740529
25802,GOF,0.019191342572876968,0.8294068176262859,0.1514018398008372
25803,GOF,0.012761391775035675,0.7384890005215371,0.24874960770342716
25804,GOF,0.014902389554339684,0.6517405828413939,0.33335702760426633
25805,GOF,0.022235264760335667,0.7309509442541141,0.24681379098555012
25806,GOF,0.017925945545832482,0.7952620192535367,0.18681203520063094
25807,GOF,0.006698939854840934,0.7749909426827242,0.2183101174624348
25808,GOF,0.013984505032595029,0.7772710525419068,0.20874444242549814
25809,GOF,0.007402794132412247,0.764489690017107,0.2281075158504807
25810,GOF,0.0060360190661602215,0.7621795465755234,0.2317844343583164
25811,GOF,0.039307703795417065,0.8806343632533483,0.08005793295123471
25812,GOF,0.01787180926339175,0.7646086136186899,0.21751957711791833
25813,GOF,0.10386013161884156,0.7995222517410148,0.09661761664014368
25814,GOF,0.022256424244676363,0.7994926344459281,0.1782509413093955
25815,GOF,0.03894683743413143,0.8377638731349181,0.12328928943095059
25816,GOF,0.007803293461629721,0.8646511399514197,0.1275455665869505
25817,GOF,0.10530246064203297,0.8144464968683152,0.08025104248965176
25818,GOF,0.02015317219438369,0.8296867133407775,0.15016011446483882
25819,GOF,0.05150004941958453,0.7760236988652532,0.1724762517151622
25820,GOF,0.024442256623245597,0.7930128562717321,0.18254488710502237
25821,GOF,0.01677319938137984,0.7904291104132383,0.19279769020538196
25822,GOF,0.03096243344261541,0.7907675782776479,0.17826998827973672
25823,GOF,0.0173186834632019,0.6905420815153147,0.29213923502148326
25824,GOF,0.015755944557195922,0.7739781255458975,0.21026592989690648
25825,GOF,0.013082746306664285,0.76536245709927,0.22155479659406577
25826,GOF,0.0057316239540848276,0.7492199350612705,0.24504844098464462
25827,GOF,0.010057148781658042,0.7176330669441298,0.2723097842742122
25828,GOF,0.007632062949535044,0.6899671777455747,0.30240075930489024
25829,GOF,0.003439168871204467,0.7302146280585038,0.2663462030702917
25830,GOF,0.035873087972993205,0.5470797269890495,0.4170471850379574
25831,GOF,0.06605110182258564,0.8255438513322276,0.10840504684518676
25832,GOF,0.00904319325783618,0.8129880627707632,0.17796874397140058
25833,GOF,0.03359552883121777,0.8571442128866786,0.1092602582821037
25834,GOF,0.00906858566938805,0.8234002730774099,0.16753114125320193
25835,GOF,0.02185711026924777,0.8810519721371759,0.09709091759357649
25836,GOF,0.006714665001936236,0.8307883111683954,0.16249702382966846
25837,GOF,0.0066041677153757215,0.7180525416340803,0.2753432906505441
25838,GOF,0.019516413120698392,0.8654322430873055,0.115051343791996
25839,GOF,0.041759548429384716,0.8504623533884939,0.10777809818212138
25840,GOF,0.08642979521210963,0.8145333321229818,0.09903687266490863
25841,GOF,0.08395682132901178,0.8263314812970001,0.08971169737398822
25842,GOF,0.02190965990791102,0.8923140620438473,0.0857762780482417
25843,GOF,0.02244472907576432,0.8966010399839048,0.08095423094033087
25844,GOF,0.013309536498343098,0.8487446814421541,0.137945782059503
25845,GOF,0.00489232064848078,0.6695631278215411,0.3255445515299781
25846,GOF,0.0582926692334445,0.8546453633508521,0.08706196741570334
25847,GOF,0.01574423338098315,0.9135370125088653,0.07071875411015144
25848,GOF,0.015326219295213793,0.8697316876889282,0.1149420930158581
25849,GOF,0.005791083412561682,0.7702139527452802,0.22399496384215833
25850,GOF,0.00574485919754987,0.7858032593798876,0.20845188142256244
25851,GOF,0.0051230437381319565,0.6770145111971688,0.31786244506469924
25852,GOF,0.14574957127485175,0.5928959552961266,0.26135447342902157
25853,GOF,0.0670375175235312,0.8416392959945471,0.09132318648192163
25854,GOF,0.00462177272621222,0.7216104577246729,0.273767769549115
25855,GOF,0.017717988737771792,0.6730080847347366,0.3092739265274915
25856,GOF,0.03161854038550896,0.7932291471650282,0.1751523124494627
25857,GOF,0.0176652890271725,0.6606296572636859,0.32170505370914154
25858,GOF,0.00677239519335314,0.6733397935157661,0.31988781129088073
25859,GOF,0.0057036687449461745,0.668445607502853,0.3258507237522009
25860,GOF,0.06971215829296806,0.8238964027516326,0.10639143895539946
25861,GOF,0.08348975149205858,0.8203230406722193,0.09618720783572203
25862,GOF,0.014942699182620622,0.8902230322763903,0.0948342685409889
25863,GOF,0.016548623777810436,0.8865584149503476,0.09689296127184208
25864,GOF,0.04942489690267686,0.8866881239581648,0.06388697913915838
25865,GOF,0.035956853648325265,0.8683902329121272,0.09565291343954742
25866,GOF,0.019589426576548625,0.8902272621648952,0.09018331125855628
25867,GOF,0.03169748894696409,0.8966742645795,0.071628246473536
25868,GOF,0.049430808253161915,0.8538863338803842,0.09668285786645386
25869,GOF,0.31871044196316434,0.6138661631646468,0.06742339487218878
25870,GOF,0.058559901577058954,0.6869161817621179,0.25452391666082314
25871,GOF,0.009266019220551501,0.8911486290316095,0.09958535174783882
25872,GOF,0.017453215990518314,0.8854929273739661,0.09705385663551556
25873,GOF,0.017094671875860026,0.903004772680823,0.07990055544331696
25874,LOF,0.0168021615207617,0.24402002206128615,0.7391778164179521
25875,LOF,0.04395769703601611,0.04155196588152912,0.9144903370824549
25876,LOF,0.019046184324549967,0.03610098053743585,0.9448528351380143
25877,LOF,0.11573751530960724,0.08057390803863848,0.8036885766517543
25878,LOF,0.0798676421543918,0.10985769050010993,0.8102746673454982
25879,LOF,0.02611724984846417,0.07771057969572218,0.8961721704558137
25880,LOF,0.06043962634708295,0.013198544152415332,0.9263618295005016
25881,Neutral,0.5476568805684109,0.07333715755199445,0.37900596187959473
25882,LOF,0.06331344610529946,0.02780187870749103,0.9088846751872095
25883,LOF,0.028058753188025396,0.026055721339901843,0.9458855254720728
25884,LOF,0.020164152585435618,0.04903684753181244,0.9307989998827518
25885,LOF,0.21468842346567354,0.015957193457311728,0.7693543830770146
25886,LOF,0.2719136750818493,0.053126754619607426,0.6749595702985434
25887,LOF,0.1762656988832379,0.07073188770854716,0.7530024134082149
25888,LOF,0.009955347487372732,0.13791132756404106,0.8521333249485863
25889,LOF,0.025178497867931457,0.03797982662380144,0.936841675508267
25890,LOF,0.16239572580781295,0.08919728635493253,0.7484069878372546
25891,LOF,0.118781335278645,0.02457826087714183,0.8566404038442131
25892,LOF,0.008392104015104197,0.03788293579314962,0.9537249601917461
25893,LOF,0.3512783585367145,0.011741843966842039,0.6369797974964434
25894,LOF,0.4012660017841523,0.006744303028397761,0.59198969518745
25895,LOF,0.35652418952294984,0.014364239822770828,0.6291115706542795
25896,LOF,0.06757121408955429,0.021785028559629462,0.9106437573508163
25897,LOF,0.17607701083568922,0.009736583149784874,0.8141864060145259
25898,LOF,0.1463490240456983,0.03746120336940457,0.8161897725848971
25899,LOF,0.4229601214375871,0.020797880905344096,0.5562419976570688
25900,LOF,0.484741929413384,0.008370385159552015,0.506887685427064
25901,LOF,0.06271992402194188,0.009725065377276323,0.9275550106007818
25902,LOF,0.1828885847177375,0.010308563432916812,0.8068028518493456
25903,LOF,0.38969570484898414,0.025655355896368325,0.5846489392546476
25904,Neutral,0.4950052857074938,0.03286368378193008,0.472131030510576
25905,GOF,0.006335109455333101,0.4981195446983754,0.49554534584629145
25906,LOF,0.008423531198890909,0.11439098477921916,0.87718548402189
25907,LOF,0.0051134444919832605,0.3722941409512267,0.62259241455679
25908,LOF,0.004837030217458183,0.295257509003057,0.6999054607794849
25909,LOF,0.027465736401984523,0.1543702036107844,0.8181640599872311
25910,LOF,0.012446885558504263,0.14244837068873628,0.8451047437527596
25911,LOF,0.24570217645153122,0.05153526092722308,0.7027625626212458
25912,LOF,0.08844294879210333,0.05133631984048274,0.860220731367414
25913,LOF,0.023206002871183944,0.07434570199416442,0.9024482951346516
25914,LOF,0.03338106222312683,0.039732155464342625,0.9268867823125305
25915,LOF,0.200580409896285,0.16582622979972395,0.6335933603039909
25916,LOF,0.029040411773006827,0.10632619884806596,0.8646333893789273
25917,LOF,0.07045705059700669,0.032478458004445106,0.8970644913985483
25918,LOF,0.03920216950937798,0.025373624708421832,0.9354242057822003
25919,LOF,0.0351446773990509,0.023970317721579867,0.9408850048793693
25920,LOF,0.32942997532473395,0.21200054697619053,0.45856947769907547
25921,LOF,0.014987144981474554,0.03601689579805358,0.9489959592204719
25922,LOF,0.017605784054742574,0.034599022370931334,0.947795193574326
25923,LOF,0.44375092259096116,0.033579256917432944,0.5226698204916059
25924,LOF,0.02213778999656742,0.05523826193961211,0.9226239480638204
25925,LOF,0.08447512263962968,0.04630618633527608,0.8692186910250943
25926,LOF,0.06558844420979384,0.0425716054672403,0.8918399503229659
25927,LOF,0.021116224480707393,0.0667555951955068,0.9121281803237857
25928,LOF,0.009470650877777497,0.054876029743904375,0.9356533193783181
25929,Neutral,0.5674003058648581,0.031431871639856265,0.4011678224952857
25930,LOF,0.08647834389743922,0.03215473082595441,0.8813669252766064
25931,LOF,0.013241133283816896,0.03882931948523572,0.9479295472309474
25932,LOF,0.06437082521787962,0.03403499170848147,0.901594183073639
25933,LOF,0.06586804970999069,0.020437954781618823,0.9136939955083905
25934,LOF,0.057648550356440904,0.017879646359959964,0.924471803283599
25935,LOF,0.07713560062079612,0.05704814942618194,0.865816249953022
25936,LOF,0.0982649959341378,0.020034958010679366,0.8817000460551829
25937,LOF,0.014714446299627482,0.04498490846236665,0.9403006452380058
25938,LOF,0.0752103191510018,0.04948699849181494,0.8753026823571832
25939,LOF,0.049443081561378645,0.02580787684925876,0.9247490415893627
25940,LOF,0.009158863493069184,0.3745721259595046,0.6162690105474262
25941,Neutral,0.5303632773762771,0.05411523221488657,0.4155214904088364
25942,LOF,0.010322752242321659,0.06135108579279344,0.9283261619648848
25943,LOF,0.046103713148916,0.21812203424171153,0.7357742526093726
25944,LOF,0.04461136723723302,0.10660367115096102,0.8487849616118058
25945,LOF,0.12042143371477126,0.03181931189587033,0.8477592543893583
25946,LOF,0.07357976267793502,0.039027078270731964,0.8873931590513331
25947,Neutral,0.45858796238315047,0.11371281584213964,0.42769922177471
25948,LOF,0.4184183434823405,0.017834434590105155,0.5637472219275542
25949,LOF,0.14103767796543254,0.08418773332584374,0.7747745887087236
25950,GOF,0.06279630843875068,0.5531577849465419,0.3840459066147074
25951,LOF,0.013970437378378353,0.41603605211641925,0.5699935105052024
25952,LOF,0.23917033224106038,0.26745841639468165,0.49337125136425786
25953,LOF,0.007965531456833033,0.1879965014391891,0.8040379671039778
25954,LOF,0.054192472469460316,0.468683348452801,0.4771241790777386
25955,LOF,0.006493449453352431,0.18101208299518812,0.8124944675514595
25956,LOF,0.016629018538863335,0.23778179631321178,0.7455891851479248
25957,LOF,0.15713685388123416,0.03338017184092562,0.8094829742778402
25958,LOF,0.032817727065026094,0.06029998933997952,0.9068822835949943
25959,GOF,0.012560128663519542,0.6887658562178168,0.29867401511866365
25960,LOF,0.00531199542209097,0.09242470397240306,0.902263300605506
25961,LOF,0.031777109787927554,0.04968223548705136,0.9185406547250212
25962,LOF,0.04701640434170482,0.06261130091457659,0.8903722947437186
25963,LOF,0.005443732711218451,0.18248838984376903,0.8120678774450125
25964,LOF,0.025533084062228862,0.11293275170948681,0.8615341642282843
25965,LOF,0.24922940029442697,0.11237648342769423,0.6383941162778789
25966,LOF,0.40989602914119383,0.13507353183229454,0.4550304390265116
25967,LOF,0.007887677107107678,0.09201528230240855,0.9000970405904838
25968,LOF,0.046396571541059604,0.24678357364608788,0.7068198548128525
25969,LOF,0.14902547935290447,0.05799666571879843,0.7929778549282971
25970,LOF,0.055654854219039374,0.10937044925744469,0.8349746965235159
25971,LOF,0.07755425334498083,0.03603166838770681,0.8864140782673123
25972,LOF,0.07244298235455525,0.06312191792091698,0.8644350997245278
25973,LOF,0.06046897009544852,0.009015739008993022,0.9305152908955585
25974,LOF,0.045643404870317004,0.041368917975913445,0.9129876771537695
25975,LOF,0.03905331996825082,0.01793740214173967,0.9430092778900097
25976,LOF,0.09152044596078383,0.011559110276116202,0.8969204437631
25977,LOF,0.21909548047506552,0.06216465901207927,0.7187398605128551
25978,LOF,0.18887718155763064,0.10782279109082184,0.7033000273515476
25979,LOF,0.15233942027692302,0.13128368161361734,0.7163768981094597
25980,LOF,0.2543881557640129,0.17298044856369857,0.5726313956722885
25981,LOF,0.2551070750087805,0.174322109032784,0.5705708159584355
25982,Neutral,0.47232356171783996,0.07946169316662328,0.4482147451155367
25983,Neutral,0.4552051660751743,0.09686627062135278,0.447928563303473
25984,LOF,0.03681830782380621,0.09945382968836741,0.8637278624878264
25985,LOF,0.37227192200545356,0.1465672596304994,0.4811608183640471
25986,LOF,0.011051188278587908,0.40923807970221854,0.5797107320191935
25987,LOF,0.04371022968710487,0.1001399243078487,0.8561498460050464
25988,LOF,0.03663302024212198,0.16297123142212216,0.8003957483357558
25989,LOF,0.03849739594248285,0.19334019717105577,0.7681624068864613
25990,LOF,0.037188820888813555,0.30582144208099443,0.656989737030192
25991,LOF,0.020065033152751207,0.42404808001569516,0.5558868868315536
25992,LOF,0.019778762458648725,0.44474048676964156,0.5354807507717098
25993,LOF,0.029662372161459356,0.06909338181008423,0.9012442460284563
25994,LOF,0.023985698093427137,0.06649472246330583,0.9095195794432671
25995,LOF,0.021391032696144167,0.11232981577974996,0.866279151524106
25996,Neutral,0.3454849393419055,0.33622790544293363,0.3182871552151609
25997,LOF,0.049596088968178215,0.3946622919379029,0.5557416190939188
25998,LOF,0.2990711249971316,0.04217555732301447,0.6587533176798539
25999,LOF,0.0348777306207856,0.15836261664846119,0.8067596527307531
26000,LOF,0.16976495116964155,0.025393314624180482,0.804841734206178
26001,LOF,0.2815556377553709,0.035199254072791515,0.6832451081718375
26002,LOF,0.11556584461623091,0.03629439635266941,0.8481397590310997
26003,GOF,0.006485030535049138,0.6369857744693919,0.356529194995559
26004,GOF,0.014566008964174055,0.7038857281516145,0.28154826288421136
26005,LOF,0.004951705496239855,0.4645165505264874,0.5305317439772728
26006,GOF,0.13015546214702134,0.5555451846261101,0.3142993532268685
26007,GOF,0.01081842524787785,0.5413972870569691,0.44778428769515305
26008,GOF,0.00577194480706346,0.5892123525480798,0.40501570264485687
26009,GOF,0.010281722723498903,0.6597868176736963,0.32993145960280484
26010,GOF,0.009451615283754175,0.5964695688258783,0.39407881589036753
26011,LOF,0.003978935833475206,0.43202782930902134,0.5639932348575034
26012,GOF,0.00441613020933251,0.5047636140027557,0.4908202557879117
26013,GOF,0.00877827723248141,0.5609600658313798,0.43026165693613866
26014,LOF,0.07244901903072931,0.10515707823180405,0.8223939027374667
26015,LOF,0.34585641683640994,0.042768098974207455,0.6113754841893826
26016,LOF,0.314840379327493,0.05578963515941019,0.6293699855130969
26017,LOF,0.016513039263875862,0.2735541693040116,0.7099327914321125
26018,LOF,0.023797692442313684,0.08275811237700816,0.8934441951806782
26019,LOF,0.023766562448271588,0.07089168268317633,0.905341754868552
26020,LOF,0.00814045215047243,0.2538564126977841,0.7380031351517434
26021,LOF,0.0961730416709252,0.10136622079819071,0.802460737530884
26022,LOF,0.033435966665183316,0.04200016187444101,0.9245638714603757
26023,LOF,0.022065503826675794,0.05538033863317685,0.9225541575401472
26024,LOF,0.050591457528296066,0.0804644159968934,0.8689441264748105
26025,LOF,0.08131630757360835,0.10725449794948035,0.8114291944769114
26026,LOF,0.10915306456527837,0.08865335155168265,0.8021935838830389
26027,LOF,0.024307367677415367,0.03868265628109856,0.9370099760414861
26028,LOF,0.09408234396772047,0.15584971583315005,0.7500679401991295
26029,LOF,0.027903817835238726,0.22587458370776325,0.746221598456998
26030,LOF,0.14857079897539538,0.032208129253117196,0.8192210717714874
26031,LOF,0.011437198879280464,0.17342655850670263,0.8151362426140168
26032,LOF,0.04642308509433302,0.06690676688323793,0.8866701480224289
26033,LOF,0.05667571891288273,0.058422879233571305,0.884901401853546
26034,LOF,0.015576454923232752,0.17724551275591496,0.8071780323208523
26035,LOF,0.012917316891158211,0.12284859314472697,0.8642340899641149
26036,LOF,0.013317018971426661,0.13611062081660452,0.8505723602119688
26037,LOF,0.010133835345164715,0.11493267620761834,0.8749334884472169
26038,LOF,0.03797067959635844,0.05861621679209109,0.9034131036115506
26039,LOF,0.03292773803093396,0.16029661304935952,0.8067756489197065
26040,LOF,0.09835703835983518,0.14446432125553266,0.7571786403846321
26041,LOF,0.013927375710992946,0.09924713732145153,0.8868254869675555
26042,LOF,0.012651538557092475,0.11196607472848225,0.8753823867144253
26043,LOF,0.03754506550063756,0.08687880259699858,0.8755761319023639
26044,LOF,0.011694713067418906,0.06363103307388455,0.9246742538586965
26045,LOF,0.07007346150252716,0.12475645123699293,0.8051700872604798
26046,LOF,0.03201808099049901,0.06355142809066847,0.9044304909188325
26047,LOF,0.059868066029964126,0.06635050737130004,0.8737814265987359
26048,LOF,0.06965221787322991,0.02894305938961224,0.9014047227371578
26049,Neutral,0.9456429725865346,0.00946823194846277,0.04488879546500266
26050,Neutral,0.9192573286164244,0.010254741017006762,0.07048793036656896
26051,LOF,0.026066748453072417,0.10269916510657166,0.8712340864403559
26052,LOF,0.036401640530609465,0.11176712896810163,0.8518312305012888
26053,LOF,0.023106670758626744,0.14327819266529293,0.8336151365760802
26054,LOF,0.04642622769169174,0.03463166280500472,0.9189421095033035
26055,LOF,0.07252137398058693,0.03360496227671717,0.8938736637426958
26056,LOF,0.05941007839222244,0.040006441071041836,0.9005834805367358
26057,LOF,0.05666645085263654,0.01663519971178555,0.9266983494355779
26058,LOF,0.061936280661713645,0.014057183995747185,0.9240065353425392
26059,LOF,0.21359109769235848,0.03912803301320245,0.747280869294439
26060,LOF,0.020176460304194718,0.16231854034116347,0.8175049993546418
26061,LOF,0.009472145116603766,0.012225900647997116,0.9783019542353992
26062,LOF,0.0061701535051847355,0.01725410104063459,0.9765757454541807
26063,LOF,0.03980937435517144,0.013053581073980454,0.9471370445708481
26064,LOF,0.009963587397874382,0.027886233124628436,0.9621501794774973
26065,LOF,0.05089700165752226,0.015901219387202976,0.9332017789552748
26066,LOF,0.040453366070972864,0.012533717736034207,0.9470129161929929
26067,LOF,0.04536224061200395,0.012738554593789538,0.9418992047942066
26068,LOF,0.05592014942773664,0.04827139146432796,0.8958084591079354
26069,LOF,0.30594687915574503,0.033486972723645904,0.6605661481206091
26070,Neutral,0.5718854600758662,0.024783806890438468,0.4033307330336954
26071,LOF,0.04385846486531217,0.013968386805913582,0.9421731483287742
26072,LOF,0.008832044465165518,0.020677935368015328,0.9704900201668191
26073,LOF,0.03619022318908961,0.01555909656157751,0.9482506802493328
26074,Neutral,0.8764329655515511,0.011214157171893786,0.11235287727655498
26075,LOF,0.05737119703658667,0.024279751940369652,0.9183490510230436
26076,LOF,0.05423389488207514,0.013654331950555642,0.9321117731673692
26077,LOF,0.14949725189207508,0.007535475095765859,0.842967273012159
26078,LOF,0.00664326181879487,0.019605852273148813,0.9737508859080564
26079,LOF,0.06585428628110229,0.02463999275906014,0.9095057209598376
26080,LOF,0.06525171221043648,0.024817032571014738,0.9099312552185489
26081,LOF,0.03566528435898982,0.01083669141311968,0.9534980242278905
26082,LOF,0.006343878528381658,0.019290459989697573,0.9743656614819207
26083,LOF,0.11027384774238486,0.025716350367888056,0.864009801889727
26084,LOF,0.11529330031184076,0.017251597757894383,0.8674551019302649
26085,LOF,0.10062795554034668,0.014755664268763399,0.8846163801908898
26086,LOF,0.04027259280287755,0.014549738166545468,0.9451776690305771
26087,LOF,0.03671852608335308,0.012702833789908555,0.9505786401267384
26088,LOF,0.007407241517017873,0.02596516348956676,0.9666275949934153
26089,LOF,0.044243959747968034,0.04037175360778802,0.9153842866442439
26090,LOF,0.044731646791936634,0.031008338699817495,0.9242600145082459
26091,LOF,0.02819493063137104,0.009237383409682288,0.9625676859589467
26092,LOF,0.04550349582324837,0.009892379293829176,0.9446041248829224
26093,LOF,0.08148771651056542,0.007608699717046039,0.9109035837723887
26094,LOF,0.032920534007893146,0.009345733930921295,0.9577337320611855
26095,LOF,0.02710551325782876,0.020328883238786958,0.9525656035033844
26096,LOF,0.18118350281304396,0.006174648907729018,0.812641848279227
26097,LOF,0.0068807050834516,0.038079554976814284,0.955039739939734
26098,LOF,0.1287671277349861,0.022175121714774662,0.8490577505502391
26099,LOF,0.03946280834134368,0.02088756508683745,0.9396496265718188
26100,LOF,0.03946280834134368,0.02088756508683745,0.9396496265718188
26101,LOF,0.06306735739041375,0.03560269845541058,0.9013299441541756
26102,LOF,0.032617924493366306,0.01965575390203796,0.9477263216045957
26103,Neutral,0.8918935791054959,0.0321998664283876,0.07590655446611656
26104,LOF,0.05850424587693989,0.04563323426302153,0.8958625198600387
26105,LOF,0.2540826808861106,0.13746496164990382,0.6084523574639856
26106,LOF,0.31748880048847583,0.07019781341069439,0.6123133861008297
26107,LOF,0.02217935324811928,0.0897889661654981,0.8880316805863827
26108,LOF,0.2441163998329446,0.03644291402912859,0.7194406861379269
26109,LOF,0.08104691308811103,0.03432104808706494,0.884632038824824
26110,LOF,0.44026906208433514,0.009995463050350506,0.5497354748653145
26111,LOF,0.0601465407911215,0.1273850291218871,0.8124684300869914
26112,LOF,0.05623931391069975,0.010193163657084564,0.9335675224322157
26113,LOF,0.11782310365189301,0.0224571709405574,0.8597197254075495
26114,LOF,0.08648421208842218,0.010639021897663683,0.9028767660139142
26115,LOF,0.018915481658684445,0.05806506291514697,0.9230194554261685
26116,LOF,0.07641407318959462,0.02379577344828032,0.8997901533621252
26117,LOF,0.3395626535030379,0.044026122740148645,0.6164112237568135
26118,LOF,0.049111783918198676,0.0204830208617855,0.9304051952200159
26119,LOF,0.006493224594027995,0.03957557287567251,0.9539312025302996
26120,LOF,0.03263851693168423,0.020439372158981763,0.946922110909334
26121,LOF,0.003977624452040308,0.1410818335033045,0.8549405420446553
