feature0,prediction,LoGoFunc_Neutral,LoGoFunc_GOF,LoGoFunc_LOF
25546,Neutral,0.6903121624822882,0.04550261061108315,0.26418522690662866
25547,Neutral,0.5728696037868342,0.1122124908453278,0.3149179053678381
25548,Neutral,0.5257328011420673,0.07418501892376647,0.4000821799341662
25549,Neutral,0.49778655524747395,0.07829067906417056,0.42392276568835535
25550,LOF,0.39623506523613267,0.08389773898506184,0.5198671957788055
25551,LOF,0.28745747593194626,0.08570375900949477,0.626838765058559
25552,LOF,0.1773325514570003,0.09454945158416136,0.7281179969588384
25553,Neutral,0.8344110243782411,0.021686774634813524,0.1439022009869453
25554,LOF,0.20865063904471598,0.09848465006967262,0.6928647108856114
25555,LOF,0.16957019031122625,0.08521441069790461,0.7452153989908691
25556,Neutral,0.5610200877631222,0.06404751301213715,0.37493239922474075
25557,LOF,0.17528047522333082,0.0940606023820956,0.7306589223945736
25558,LOF,0.21963098502441877,0.10985192847751053,0.6705170864980706
25559,Neutral,0.5829290102872643,0.056482584503895664,0.36058840520883995
25560,LOF,0.035211207784348164,0.18467760464488236,0.7801111875707694
25561,LOF,0.09781421306258622,0.2207746302688533,0.6814111566685604
25562,LOF,0.12153681088143534,0.060066319893822585,0.818396869224742
25563,LOF,0.11910546805701613,0.1009664648985902,0.7799280670443937
25564,LOF,0.05855555838765215,0.12154383109631514,0.8199006105160327
25565,LOF,0.11267536830576745,0.3171170259777842,0.5702076057164484
25566,LOF,0.03408803115219779,0.47564185545544535,0.490270113392357
25567,LOF,0.014437170618867805,0.0693393523404595,0.9162234770406726
25568,LOF,0.08531060672871514,0.03340914050473127,0.8812802527665535
25569,LOF,0.1568663583168686,0.023286758529171142,0.8198468831539603
25570,LOF,0.08900055141043532,0.0557110608951989,0.8552883876943658
25571,LOF,0.10538979269140455,0.041269681210840015,0.8533405260977555
25572,LOF,0.05115969574049389,0.051931822987012655,0.8969084812724933
25573,LOF,0.027466983493994096,0.04699181491085519,0.9255412015951507
25574,LOF,0.014489926670114771,0.14860576531620365,0.8369043080136815
25575,LOF,0.08886767766411646,0.023850737793673846,0.8872815845422097
25576,LOF,0.023569208957996468,0.02372300177566637,0.9527077892663371
25577,LOF,0.013631119556303233,0.02742204818198623,0.9589468322617105
25578,LOF,0.3620429575222319,0.05488670809510681,0.5830703343826612
25579,LOF,0.2985273580968022,0.051644126002137726,0.64982851590106
25580,LOF,0.053092295427632344,0.016445282087198282,0.9304624224851694
25581,LOF,0.06592894481692183,0.05892039508188845,0.8751506601011897
25582,LOF,0.06646983052130642,0.0425406851101169,0.8909894843685767
25583,LOF,0.06036944683832768,0.015452639568599585,0.9241779135930727
25584,Neutral,0.5242307875013931,0.031603127638974146,0.4441660848596326
25585,LOF,0.03887516790941277,0.023986478618944287,0.937138353471643
25586,LOF,0.05358893230951894,0.024850809945330767,0.9215602577451503
25587,LOF,0.040073161998066015,0.020956076685956355,0.9389707613159777
25588,LOF,0.04320285042655111,0.026930561589106537,0.9298665879843423
25589,Neutral,0.7211374718906137,0.05596333936302978,0.22289918874635647
25590,LOF,0.026635242959798622,0.06795638075025201,0.9054083762899494
25591,LOF,0.11036326471941721,0.02446989399895536,0.8651668412816276
25592,LOF,0.2157845481092903,0.04797747395872624,0.7362379779319834
25593,LOF,0.017336269943222255,0.24881696314890794,0.7338467669078698
25594,LOF,0.04989062902250648,0.1773966172723529,0.7727127537051407
25595,LOF,0.09973788967929818,0.26615615385902064,0.6341059564616812
25596,LOF,0.09323954786573171,0.09278058563068112,0.8139798665035872
25597,LOF,0.07712118460560831,0.053207582962381754,0.86967123243201
25598,LOF,0.12377379946645892,0.2167481155800939,0.6594780849534471
25599,LOF,0.013616896734311885,0.25310914369296594,0.7332739595727221
25600,LOF,0.02077883952082525,0.33978331567284975,0.639437844806325
25601,LOF,0.009144491092421561,0.18546076847277357,0.8053947404348047
25602,LOF,0.0237525402782123,0.07219007711323025,0.9040573826085575
25603,LOF,0.03881609946120415,0.06962865647756523,0.8915552440612305
25604,LOF,0.03626865696823677,0.10197200081394656,0.8617593422178166
25605,LOF,0.013472790753714187,0.27297303507996307,0.7135541741663227
25606,LOF,0.08364734381401115,0.36563053841647714,0.5507221177695116
25607,LOF,0.003185882131974883,0.16428349172727796,0.8325306261407472
25608,LOF,0.06216237866985115,0.035547372937890585,0.9022902483922584
25609,LOF,0.09173016810413229,0.16631179526386589,0.7419580366320019
25610,LOF,0.037199249990958805,0.1062214647266409,0.8565792852824003
25611,LOF,0.05536115666061819,0.05568797102345476,0.8889508723159271
25612,LOF,0.18989771049243898,0.056483547528014266,0.7536187419795467
25613,LOF,0.091615534053354,0.07683148594710161,0.8315529799995443
25614,LOF,0.030879589954875747,0.11939699625650889,0.8497234137886153
25615,LOF,0.061302272659517355,0.11845986088169447,0.8202378664587883
25616,LOF,0.024348636385341103,0.1574489338447005,0.8182024297699584
25617,LOF,0.043950510399560896,0.09140429273574578,0.8646451968646933
25618,LOF,0.15739009574295712,0.25911193684135414,0.5834979674156887
25619,LOF,0.0381015666269539,0.11553465633764662,0.8463637770353993
25620,LOF,0.03243121753179078,0.13145042726380915,0.8361183552044001
25621,LOF,0.02890590052334243,0.07165859955004339,0.8994354999266142
25622,LOF,0.022115858323550994,0.12033657932759516,0.8575475623488539
25623,LOF,0.04090644528256829,0.13071377667076486,0.8283797780466668
25624,LOF,0.02985264604381316,0.15536801888602939,0.8147793350701574
25625,LOF,0.031564167343646365,0.09460545058506928,0.8738303820712844
25626,LOF,0.09523254696699024,0.0556157213078775,0.8491517317251323
25627,LOF,0.4422333479607055,0.10109708992005212,0.4566695621192424
25628,LOF,0.1721020828617185,0.04009935451945966,0.7877985626188219
25629,LOF,0.09547810206126922,0.047555389026985785,0.8569665089117449
25630,LOF,0.16516480637948736,0.048894142103812654,0.7859410515167
25631,Neutral,0.5189154689447335,0.07082475604019164,0.4102597750150749
25632,LOF,0.017019178311397713,0.10702344056511849,0.8759573811234838
25633,LOF,0.28808933057746794,0.29875777666790243,0.41315289275462963
25634,LOF,0.056406859886939005,0.15824160710741605,0.785351533005645
25635,LOF,0.037583055522216254,0.10976728041651765,0.8526496640612661
25636,GOF,0.005314779230685389,0.5891765109212961,0.40550870984801857
25637,LOF,0.004843940142400567,0.2433396411536091,0.7518164187039903
25638,LOF,0.006478120229407148,0.29400103994340143,0.6995208398271915
25639,LOF,0.005320713467566424,0.23925488338672793,0.7554244031457057
25640,Neutral,0.5242177710299899,0.37825674548186633,0.09752548348814388
25641,LOF,0.008457708734464503,0.20027064217929424,0.7912716490862413
25642,LOF,0.22252534140478256,0.032326879701020134,0.7451477788941973
25643,LOF,0.21790522817931232,0.02102610958540702,0.7610686622352807
25644,LOF,0.014621700634501201,0.27798885963794034,0.7073894397275585
25645,LOF,0.010732743255186483,0.35165123245909136,0.6376160242857223
25646,LOF,0.012659925502373746,0.19814506668931467,0.7891950078083115
25647,LOF,0.011878716214627825,0.1964555906793858,0.7916656931059863
25648,LOF,0.00824303948038666,0.22923823749376912,0.7625187230258442
25649,LOF,0.009223285146749619,0.13045617604558238,0.860320538807668
25650,LOF,0.02380694781082057,0.27723775751919716,0.6989552946699823
25651,LOF,0.007383461347573551,0.1752205325614826,0.817396006090944
25652,LOF,0.012814039326164735,0.2442486581284118,0.7429373025454235
25653,LOF,0.05220061755988424,0.3443202555896831,0.6034791268504326
25654,LOF,0.007645328806049512,0.3067331879032471,0.6856214832907034
25655,LOF,0.08860747369392157,0.39117143597884646,0.5202210903272321
25656,LOF,0.07662598578082593,0.2482858351412586,0.6750881790779155
25657,LOF,0.26006757911535694,0.0419492825929074,0.6979831382917356
25658,LOF,0.02225584128037893,0.23929235740008029,0.7384518013195408
25659,LOF,0.18450011343769201,0.1691725871864568,0.6463272993758511
25660,LOF,0.10516750396979599,0.10422781135795679,0.7906046846722472
25661,LOF,0.06890049985146521,0.08252707370959307,0.8485724264389417
25662,LOF,0.044662804643588516,0.0659859459120032,0.8893512494444082
25663,LOF,0.044963139896845264,0.11172083413914849,0.8433160259640062
25664,LOF,0.02807611607146711,0.13754055299973106,0.8343833309288018
25665,LOF,0.0471625163598524,0.09382283308259558,0.859014650557552
25666,LOF,0.03660802587307501,0.18892345404703145,0.7744685200798935
25667,LOF,0.04129964948082945,0.031029561528839705,0.9276707889903308
25668,LOF,0.04409671340995101,0.05592743156094052,0.8999758550291085
25669,LOF,0.036642833129919845,0.09683704711605774,0.8665201197540224
25670,LOF,0.06073776019390074,0.09323304212775832,0.846029197678341
25671,LOF,0.05807818718943354,0.06325573276018655,0.8786660800503798
25672,LOF,0.071416904123329,0.052818370490549695,0.8757647253861214
25673,LOF,0.03834383956123458,0.08660149251146564,0.8750546679272999
25674,LOF,0.025621415891816907,0.11396743667627661,0.8604111474319066
25675,LOF,0.03886084830061707,0.05031500951596059,0.9108241421834222
25676,LOF,0.04145527896994464,0.09261301264163041,0.865931708388425
25677,LOF,0.0753571364118407,0.06138906615912999,0.8632537974290293
25678,LOF,0.17731447028259129,0.09730237291973631,0.7253831567976723
25679,LOF,0.11366282619352984,0.10703109542406433,0.7793060783824057
25680,LOF,0.11664290666537958,0.13568791846200073,0.7476691748726197
25681,LOF,0.13192294367333787,0.13384587220882585,0.7342311841178363
25682,LOF,0.04819593471536994,0.06915472531478038,0.8826493399698496
25683,LOF,0.07142011168262172,0.09694038154927784,0.8316395067681004
25684,LOF,0.068786850576803,0.10634709228327677,0.8248660571399203
25685,LOF,0.0915638846322697,0.039195528869254814,0.8692405864984755
25686,LOF,0.023076848777662754,0.17501332996608085,0.8019098212562564
25687,LOF,0.043704761361278564,0.15589247482243296,0.8004027638162885
25688,LOF,0.0156643695251289,0.46023186066513716,0.5241037698097338
25689,LOF,0.010275454942099225,0.22740016545073044,0.7623243796071705
25690,LOF,0.012503764508472242,0.4852751274078201,0.5022211080837078
25691,GOF,0.07979762154001319,0.677563194581039,0.24263918387894795
25692,LOF,0.3215850325159771,0.03560412902608197,0.6428108384579408
25693,LOF,0.04208067694570849,0.4002772202820642,0.5576421027722274
25694,LOF,0.23181521724714121,0.039314382119131054,0.7288704006337278
25695,LOF,0.16245016663105855,0.06500873516590587,0.7725410982030356
25696,LOF,0.07020109788214923,0.08065825972603195,0.8491406423918187
25697,LOF,0.06466394275630757,0.0670140232095481,0.8683220340341443
25698,LOF,0.015678744712660425,0.481781294565911,0.5025399607214286
25699,LOF,0.07163867471089605,0.27818356732583915,0.6501777579632647
25700,LOF,0.06334557338622385,0.03253655644309143,0.9041178701706847
25701,LOF,0.012418158586676189,0.31126428343293505,0.6763175579803886
25702,GOF,0.02247829778431134,0.5358620719270126,0.441659630288676
25703,LOF,0.015175893257843387,0.1011976839800042,0.8836264227621524
25704,LOF,0.059779832956021704,0.111082356188082,0.8291378108558963
25705,LOF,0.11839003453695707,0.21398857240367647,0.6676213930593664
25706,GOF,0.02043332805069737,0.6852439076107723,0.2943227643385304
25707,GOF,0.018999432495283415,0.5685961370579691,0.4124044304467475
25708,GOF,0.006907308688242941,0.5867029028503677,0.40638978846138935
25709,LOF,0.0536551780084137,0.08719980233303969,0.8591450196585466
25710,LOF,0.007344080418475821,0.1968964419425337,0.7957594776389906
25711,LOF,0.04808546628133821,0.12867026604389792,0.8232442676747639
25712,LOF,0.012274616854308864,0.1615923551196384,0.8261330280260527
25713,LOF,0.04417839837180724,0.1298984292135015,0.8259231724146913
25714,LOF,0.03732057000803183,0.27637084997067346,0.6863085800212947
25715,LOF,0.038997637157160286,0.17243925888394598,0.7885631039588937
25716,LOF,0.006485118026277657,0.09496315216375759,0.8985517298099647
25717,LOF,0.006976543185029129,0.07279673379421338,0.9202267230207575
25718,LOF,0.04466715451259047,0.06366193152288471,0.8916709139645247
25719,LOF,0.045058714649457425,0.12063533517277593,0.8343059501777667
25720,LOF,0.04246150169844878,0.17671254810939083,0.7808259501921604
25721,LOF,0.04880822790295272,0.07443495795216315,0.8767568141448842
25722,LOF,0.039051121265228916,0.11060401806789938,0.8503448606668718
25723,LOF,0.05739629714204968,0.1587904684175505,0.7838132344403999
25724,LOF,0.06985765566647589,0.38592901493136245,0.5442133294021616
25725,LOF,0.06944590222392777,0.13037048069890514,0.8001836170771671
25726,LOF,0.04675199101274643,0.1235250564120384,0.8297229525752152
25727,LOF,0.06785715791883995,0.08895121131389518,0.8431916307672649
25728,LOF,0.04378928714000264,0.19288827014330676,0.7633224427166906
25729,LOF,0.05063462804214401,0.17997124501425604,0.7693941269435999
25730,LOF,0.061184904836746615,0.1263304690232739,0.8124846261399795
25731,LOF,0.009955004892865183,0.10050914424277245,0.8895358508643624
25732,LOF,0.03074638454009446,0.07464355736314884,0.8946100580967568
25733,LOF,0.04212610350989162,0.20041931592408715,0.7574545805660212
25734,LOF,0.006918783709259051,0.17894258635457286,0.814138629936168
25735,LOF,0.040643594317926066,0.09265325888685225,0.8667031467952218
25736,LOF,0.039136385794123214,0.1571501894823077,0.8037134247235691
25737,LOF,0.06911038074288602,0.0949746747029207,0.8359149445541934
25738,LOF,0.05297460799648836,0.19644325362968532,0.7505821383738264
25739,LOF,0.03848757267765312,0.14920587124454493,0.8123065560778019
25740,LOF,0.06903468613248216,0.17573480066979158,0.7552305131977263
25741,LOF,0.06350133128691517,0.15757942466054958,0.7789192440525352
25742,LOF,0.06821844602456482,0.1787243844859013,0.7530571694895338
25743,LOF,0.01059891900774833,0.026375363337594084,0.9630257176546575
25744,LOF,0.12947298565239526,0.23681139760897557,0.6337156167386292
25745,LOF,0.023144944478930837,0.16911515044021416,0.807739905080855
25746,LOF,0.012905891530360843,0.16689398691796845,0.8202001215516707
25747,LOF,0.048366500113705704,0.044955123905453864,0.9066783759808404
25748,LOF,0.2524498071802056,0.15213669716210015,0.5954134956576942
25749,LOF,0.01643077565300738,0.179056175927047,0.8045130484199456
25750,LOF,0.016230839104690163,0.1797698785699745,0.8039992823253352
25751,LOF,0.029538451595239216,0.18606148459251767,0.784400063812243
25752,GOF,0.097079723168148,0.6708368630539733,0.23208341377787875
25753,LOF,0.00919073144793173,0.3188950970172382,0.67191417153483
25754,GOF,0.011817008207790627,0.8977230940653272,0.090459897726882
25755,LOF,0.009204560264283897,0.3117156333637012,0.679079806372015
25756,GOF,0.029698395404185077,0.4915508845732978,0.478750720022517
25757,GOF,0.011430477413483305,0.8371314681459081,0.15143805444060862
25758,GOF,0.014095779518201384,0.8757993018841037,0.110104918597695
25759,GOF,0.007526888056826247,0.6675212640150991,0.32495184792807463
25760,LOF,0.007091070542993807,0.23517834807318747,0.7577305813838188
25761,GOF,0.06599027450952726,0.8555929244248095,0.07841680106566327
25762,LOF,0.031040592184859588,0.46406366802874066,0.5048957397863998
25763,LOF,0.007298226967155186,0.19447247956930797,0.7982292934635369
25764,GOF,0.10533019579234479,0.6754117465618396,0.21925805764581563
25765,GOF,0.012679663895183112,0.892289884136599,0.0950304519682179
25766,GOF,0.03656524861429371,0.8358969882463327,0.12753776313937373
25767,GOF,0.009095755428204873,0.6687489963438866,0.3221552482279084
25768,LOF,0.0631511135349778,0.06994520568327398,0.8669036807817483
25769,LOF,0.0281179837033464,0.22624708163482016,0.7456349346618335
25770,Neutral,0.49776292534938316,0.1736739385475516,0.3285631361030652
25771,LOF,0.021232719445677273,0.10848490241889393,0.8702823781354289
25772,LOF,0.04601495501104477,0.16309795733910995,0.7908870876498454
25773,LOF,0.017505667732857767,0.2817721648531341,0.7007221674140081
25774,LOF,0.030782247046318278,0.35482434850137823,0.6143934044523035
25775,LOF,0.022587916732456102,0.08628650518838642,0.8911255780791574
25776,LOF,0.02900710844456094,0.15796693871116751,0.8130259528442716
25777,LOF,0.08205968412806082,0.24815767530889213,0.6697826405630471
25778,LOF,0.032444372650909284,0.19810451888321212,0.7694511084658785
25779,GOF,0.10411857038753189,0.5982331032616021,0.297648326350866
25780,GOF,0.09668922477933622,0.6268673713779417,0.2764434038427221
25781,GOF,0.04438604007574857,0.5836073360452316,0.3720066238790197
25782,GOF,0.04072466118616011,0.7150465288585666,0.24422880995527327
25783,GOF,0.07674021589123335,0.6671332003528193,0.25612658375594743
25784,GOF,0.20443233902354016,0.6364664073593421,0.1591012536171177
25785,GOF,0.2583165885456692,0.6103005701159328,0.13138284133839814
25786,LOF,0.015820206850356993,0.38352544274510714,0.6006543504045359
25787,GOF,0.42134911140112946,0.4249441521973544,0.15370673640151628
25788,LOF,0.033311511854052005,0.07966262470017986,0.8870258634457681
25789,GOF,0.026314545688561477,0.6814048063133648,0.2922806479980737
25790,GOF,0.049600203970812176,0.5276093400241756,0.4227904560050123
25791,GOF,0.04027079683482817,0.4970842743094761,0.4626449288556956
25792,GOF,0.051509426746935275,0.537495014193985,0.4109955590590797
25793,GOF,0.09562863814497218,0.5501708831102272,0.3542004787448006
25794,LOF,0.09277580975711226,0.34209826275498095,0.5651259274879068
25795,LOF,0.08708625965690162,0.43575255021804177,0.4771611901250567
25796,LOF,0.24045136918130353,0.32380631157615936,0.43574231924253715
25797,LOF,0.06768331641638549,0.42944737819320544,0.5028693053904091
25798,GOF,0.009427951440238367,0.6822846853326863,0.30828736322707523
25799,GOF,0.006538423979416006,0.5446918979878937,0.44876967803269024
25800,GOF,0.03782802579323179,0.7885898628045241,0.17358211140224408
25801,GOF,0.03615219801539579,0.6347727313546546,0.32907507062994956
25802,GOF,0.04291661967832296,0.5928432790706899,0.36424010125098705
25803,LOF,0.034195185806785655,0.43292899811008234,0.532875816083132
25804,LOF,0.06413212740797958,0.382541382211787,0.5533264903802335
25805,GOF,0.04454852280625789,0.5679956803694444,0.3874557968242977
25806,GOF,0.059441115773761995,0.5547442789868158,0.38581460523942235
25807,LOF,0.022310046073293923,0.46147893129164,0.516211022635066
25808,GOF,0.04871700714507516,0.5884534670574216,0.3628295257975032
25809,LOF,0.020504038471797808,0.4489501570300513,0.5305458044981509
25810,GOF,0.016776986990027314,0.4958448111781621,0.4873782018318106
25811,GOF,0.11425730027556412,0.7034253659523869,0.18231733377204898
25812,LOF,0.06562103550554754,0.4266252721262726,0.5077536923681799
25813,GOF,0.35259382523006505,0.4163964464640535,0.23100972830588137
25814,GOF,0.06597113683648456,0.5397278652667986,0.39430099789671685
25815,GOF,0.10390407465239623,0.6561533624040687,0.23994256294353508
25816,GOF,0.015722309033392914,0.6413616922415801,0.342915998725027
25817,GOF,0.16358459288812496,0.5344016796304588,0.30201372748141614
25818,GOF,0.04672491757398895,0.6064565313927116,0.34681855103329945
25819,LOF,0.08502431195008472,0.3874467341540505,0.5275289538958647
25820,LOF,0.09644378284353985,0.38408031189645137,0.5194759052600089
25821,LOF,0.06783939464070214,0.42463070886774046,0.5075298964915574
25822,LOF,0.15373986049483998,0.3588104225315931,0.48744971697356687
25823,LOF,0.06921593503467999,0.3393214741826648,0.5914625907826553
25824,GOF,0.04435066360997227,0.6160846316206381,0.33956470476938955
25825,GOF,0.03220269210191996,0.6339806431053198,0.3338166647927604
25826,LOF,0.013870287291044513,0.4761890922614753,0.5099406204474801
25827,GOF,0.028722709924653138,0.5959167442678293,0.37536054580751765
25828,GOF,0.01891380639130643,0.5619674999386938,0.4191186936699998
25829,LOF,0.007821838718638988,0.31401240073633935,0.6781657605450216
25830,LOF,0.12127477077748908,0.14255078416041791,0.736174445062093
25831,GOF,0.09634876630375959,0.7158975990664835,0.18775363462975703
25832,LOF,0.012588986608750543,0.44683841844877936,0.54057259494247
25833,GOF,0.0461247398902616,0.5769099806778919,0.37696527943184654
25834,LOF,0.012780853459446776,0.45514617179646844,0.5320729747440848
25835,GOF,0.04630983929719613,0.7182056918557568,0.23548446884704718
25836,GOF,0.010815973940324462,0.5651660518795093,0.42401797418016623
25837,LOF,0.017968890215571336,0.4844673828328952,0.4975637269515335
25838,GOF,0.03913334261532312,0.6757383172087964,0.2851283401758805
25839,GOF,0.1365753101613554,0.5281319004337732,0.33529278940487134
25840,GOF,0.13006651600723404,0.6116026767430784,0.2583308072496875
25841,GOF,0.10406759483455606,0.6899516118531596,0.20598079331228442
25842,GOF,0.0436086032292017,0.7266044391723882,0.22978695759841009
25843,GOF,0.03893296759690909,0.7154842133298004,0.24558281907329052
25844,GOF,0.03386422671070857,0.602825920058541,0.36330985323075043
25845,LOF,0.009607525973722332,0.3818036611829246,0.6085888128433531
25846,GOF,0.09373109776196342,0.7226839840527759,0.1835849181852607
25847,GOF,0.03247730377532991,0.641708595465364,0.32581410075930606
25848,GOF,0.03365560411940452,0.6110315473168078,0.35531284856378775
25849,GOF,0.010194157622098906,0.5426577956237055,0.4471480467541955
25850,LOF,0.014287131157200195,0.42959204813842605,0.5561208207043739
25851,LOF,0.012594499048856516,0.3438307175720846,0.6435747833790588
25852,LOF,0.23279954063458402,0.3426039483674054,0.42459651099801055
25853,GOF,0.09081870705552232,0.49481562815295244,0.4143656647915253
25854,LOF,0.00992040503718011,0.43631919674765846,0.5537603982151614
25855,LOF,0.03608386829866798,0.45247086078370335,0.5114452709176287
25856,GOF,0.07418330016531524,0.6108050504274357,0.315011649407249
25857,LOF,0.0377916270911315,0.425713179130169,0.5364951937786995
25858,LOF,0.011526215570235455,0.362216866275251,0.6262569181545135
25859,LOF,0.008012115354487861,0.34394299153030655,0.6480448931152055
25860,GOF,0.11668566563912675,0.44755584328997094,0.4357584910709023
25861,GOF,0.1369590232671975,0.6352688930185114,0.22777208371429106
25862,GOF,0.0289442412189454,0.7754396587275147,0.19561610005353983
25863,GOF,0.028512708029216106,0.6805235577268212,0.2909637342439626
25864,GOF,0.038986831064984594,0.7938969048606073,0.1671162640744082
25865,GOF,0.04165582207885858,0.7747996253710606,0.18354455255008081
25866,GOF,0.02689744883519895,0.6775707722592844,0.2955317789055166
25867,GOF,0.05434516297215547,0.7150404777356619,0.23061435929218263
25868,GOF,0.11676366522788399,0.5346388224018638,0.34859751237025227
25869,GOF,0.40748768159662346,0.414770809505754,0.17774150889762252
25870,LOF,0.15488629695128026,0.2921038051702734,0.5530098978784463
25871,LOF,0.017471035200150847,0.37879261381391993,0.6037363509859291
25872,LOF,0.042083731199593515,0.44067221478080165,0.5172440540196048
25873,GOF,0.035440542315194216,0.5324947076456591,0.4320647500391468
25874,LOF,0.055051630499663315,0.0330780790512429,0.9118702904490937
25875,LOF,0.019231389505524527,0.38708534885892976,0.5936832616355457
25876,LOF,0.019976927353445948,0.1310255186665358,0.8489975539800182
25877,LOF,0.07813907372757369,0.42370700777372566,0.49815391849870067
25878,GOF,0.04890296903856054,0.6783849618237576,0.2727120691376818
25879,LOF,0.010664377942361237,0.3239538851728613,0.6653817368847774
25880,LOF,0.05438001415998887,0.050642429279677076,0.8949775565603341
25881,Neutral,0.44496573470873735,0.3610749452913864,0.19395931999987628
25882,LOF,0.03789110805997665,0.24930234273516846,0.7128065492048549
25883,LOF,0.0331874142524635,0.09187881612742536,0.874933769620111
25884,LOF,0.01422485745226371,0.1337838926149157,0.8519912499328206
25885,LOF,0.1623751864404029,0.03759971282546919,0.8000251007341279
25886,LOF,0.13510654501015343,0.13915431499768194,0.7257391399921647
25887,GOF,0.04838886639165113,0.5861921192976947,0.36541901431065416
25888,LOF,0.006635776277297663,0.3753577226200945,0.6180065011026079
25889,LOF,0.024827842490451203,0.0823762981045305,0.8927958594050183
25890,LOF,0.1623661121476273,0.2731115012707005,0.5645223865816722
25891,LOF,0.11681393946417283,0.07393010401204288,0.8092559565237843
25892,LOF,0.005656818852914069,0.18944997276432374,0.8048932083827622
25893,LOF,0.23962849507891779,0.08112261196716812,0.6792488929539141
25894,LOF,0.30807566778230505,0.046009410618118474,0.6459149215995764
25895,LOF,0.2567616649323039,0.059454053092002794,0.6837842819756933
25896,LOF,0.054153036345173516,0.1431969054202002,0.8026500582346262
25897,LOF,0.09806492056186636,0.07669807809904726,0.8252370013390863
25898,LOF,0.07164871263946347,0.3825401486052108,0.5458111387553257
25899,LOF,0.2341262074986896,0.2724755560701747,0.49339823643113573
25900,Neutral,0.9237513620273379,0.02878712557762509,0.04746151239503707
25901,LOF,0.05590109894717735,0.051029080560393306,0.8930698204924293
25902,LOF,0.08660179282217581,0.027296913974867873,0.8861012932029563
25903,LOF,0.12630640520086325,0.19749371298272717,0.6761998818164096
25904,Neutral,0.34340177909920444,0.3285967768758014,0.3280014440249941
25905,LOF,0.010066220555545482,0.36377967222044344,0.6261541072240112
25906,LOF,0.009988269449076924,0.04801243975651439,0.9419992907944087
25907,LOF,0.008121734011717528,0.2337295215326539,0.7581487444556285
25908,LOF,0.009335023150810726,0.23837766913303643,0.7522873077161528
25909,LOF,0.03518993124873794,0.2117884531831012,0.7530216155681608
25910,LOF,0.017249093106851732,0.1975788988764388,0.7851720080167094
25911,LOF,0.11088621176364584,0.06987827220571902,0.8192355160306353
25912,LOF,0.13593703313670444,0.02178766568284328,0.8422753011804524
25913,LOF,0.01411822918851686,0.061924378041714696,0.9239573927697685
25914,LOF,0.03455142747106762,0.1881355438263674,0.777313028702565
25915,GOF,0.07897307971199857,0.7839517517500075,0.13707516853799387
25916,LOF,0.01725939138183075,0.47273603695562133,0.510004571662548
25917,LOF,0.12246914525705686,0.0786854283895142,0.798845426353429
25918,LOF,0.04364232231002923,0.09104264295853978,0.865315034731431
25919,LOF,0.0458961010808201,0.06826085174050033,0.8858430471786797
25920,GOF,0.3019834221276832,0.3658617830207048,0.33215479485161187
25921,LOF,0.023781492423101264,0.04789697450675893,0.9283215330701398
25922,LOF,0.019503706198222084,0.04662510018985778,0.9338711936119202
25923,LOF,0.38695440282364435,0.08737866644953046,0.5256669307268252
25924,LOF,0.025049409962886182,0.06509842294129115,0.9098521670958227
25925,LOF,0.2034284016536522,0.047690168544674255,0.7488814298016735
25926,LOF,0.11554803997018648,0.11229261231600583,0.7721593477138076
25927,LOF,0.02020983746163521,0.11750577783763826,0.8622843847007267
25928,LOF,0.014892182047050898,0.03489524978737778,0.9502125681655714
25929,Neutral,0.5844292937166395,0.08857652454710346,0.32699418173625705
25930,LOF,0.03935438271626177,0.08118260866956234,0.8794630086141759
25931,LOF,0.015871561946846302,0.051522212603324465,0.9326062254498292
25932,LOF,0.08127819914044565,0.047266144734302,0.8714556561252523
25933,LOF,0.06660160641809358,0.02305007011273542,0.910348323469171
25934,LOF,0.06580709514628193,0.02853723706215978,0.9056556677915583
25935,LOF,0.21167359865059,0.059587709432696305,0.7287386919167137
25936,LOF,0.06414868016164696,0.02954316374287783,0.9063081560954751
25937,LOF,0.01634861813527369,0.07089307223228442,0.9127583096324419
25938,LOF,0.2080921940960584,0.05111488137839008,0.7407929245255515
25939,LOF,0.04898989767516793,0.02906578386451982,0.9219443184603122
25940,GOF,0.0064162732043532835,0.575629928369137,0.41795379842650976
25941,LOF,0.45064883973563036,0.07175682079481269,0.4775943394695568
25942,LOF,0.011629015302636382,0.14140653210626494,0.8469644525910988
25943,GOF,0.020640525623891945,0.6056152331276178,0.3737442412484902
25944,LOF,0.017597993622174544,0.4431845904208551,0.5392174159569704
25945,LOF,0.07607303158013243,0.07038622111131854,0.853540747308549
25946,LOF,0.08746706384879264,0.08198015995010795,0.8305527762010995
25947,LOF,0.46721996136371857,0.033098390110974485,0.499681648525307
25948,Neutral,0.5345355608577712,0.015085712711417633,0.4503787264308112
25949,LOF,0.10142141432052613,0.03608505729587649,0.8624935283835974
25950,GOF,0.04904177508019921,0.7841308568492755,0.1668273680705252
25951,LOF,0.012768668994349735,0.41943697981122186,0.5677943511944283
25952,LOF,0.08158589527961871,0.29921172468406865,0.6192023800363127
25953,LOF,0.006078719897769377,0.33922295759466736,0.6546983225075633
25954,LOF,0.023035951976245916,0.4706465827045649,0.5063174653191892
25955,LOF,0.005734623756706834,0.41539398376645936,0.5788713924768337
25956,GOF,0.008936610595316833,0.7024059853523006,0.28865740405238255
25957,LOF,0.2456220454101928,0.0647298835710828,0.6896480710187244
25958,LOF,0.02472618635162167,0.19061451013611708,0.7846593035122613
25959,GOF,0.006002270316833148,0.58671628086188,0.4072814488212869
25960,LOF,0.005489293006186448,0.13351084188148274,0.8609998651123308
25961,LOF,0.022249286023421903,0.18108838960810414,0.796662324368474
25962,LOF,0.048995904152566425,0.07053534319143756,0.8804687526559959
25963,LOF,0.00986380133255468,0.16294000521371452,0.8271961934537307
25964,LOF,0.04968085306102339,0.11824928586410284,0.8320698610748737
25965,LOF,0.18932824000964651,0.1860749102574366,0.6245968497329168
25966,LOF,0.28547991128313466,0.27752131216798165,0.43699877654888364
25967,LOF,0.008003848804487788,0.05729234791129331,0.934703803284219
25968,LOF,0.08543696790835299,0.2586977023943931,0.6558653296972539
25969,LOF,0.15928226627550218,0.021160192157157493,0.8195575415673404
25970,LOF,0.025232754540772437,0.17201040690838718,0.8027568385508405
25971,LOF,0.07192133810050641,0.15449907400097865,0.773579587898515
25972,LOF,0.06752437839171203,0.12868299758850635,0.8037926240197816
25973,LOF,0.1022346285767316,0.010331794648716097,0.8874335767745523
25974,LOF,0.08356756773300725,0.1938422777807785,0.7225901544862142
25975,LOF,0.047192170115609465,0.020374580507031486,0.932433249377359
25976,LOF,0.08000792440337812,0.014821365136738835,0.9051707104598831
25977,LOF,0.18212336293843168,0.11693395686901044,0.7009426801925579
25978,LOF,0.1279464083023738,0.13359949528091006,0.7384540964167161
25979,LOF,0.10525924926287594,0.14824314534222802,0.7464976053948961
25980,LOF,0.12910855592082804,0.37958157381417157,0.49130987026500045
25981,LOF,0.13185311510918396,0.4042625986849395,0.4638842862058765
25982,LOF,0.255174190246812,0.1656341114353053,0.5791916983178828
25983,Neutral,0.46454581293764274,0.16936133067876916,0.36609285638358807
25984,LOF,0.041739247902287634,0.09943893244207616,0.8588218196556361
25985,Neutral,0.5222114471384567,0.19978200013647646,0.2780065527250669
25986,GOF,0.009643258254676029,0.6299040238319479,0.36045271791337613
25987,LOF,0.017196472113060645,0.11462261894150867,0.8681809089454307
25988,LOF,0.03977188703050207,0.12072873972613322,0.8394993732433647
25989,LOF,0.04447987784110007,0.11679353499696186,0.838726587161938
25990,LOF,0.04840046659434875,0.25593407616193187,0.6956654572437194
25991,GOF,0.05751625441519079,0.5760250944699886,0.3664586511148207
25992,LOF,0.018193381414724166,0.4087175085338876,0.5730891100513882
25993,LOF,0.047159038604936795,0.026326202306751787,0.9265147590883115
25994,LOF,0.047821953109225525,0.0437695493434199,0.9084084975473546
25995,LOF,0.03068459920302295,0.0625152806802757,0.9068001201167013
25996,Neutral,0.39004710335168197,0.27342595350106164,0.33652694314725645
25997,LOF,0.08730179394168622,0.45274915872565513,0.45994904733265857
25998,LOF,0.18244559347625308,0.20738902228138964,0.6101653842423573
25999,GOF,0.020850567684488633,0.5945871966438236,0.38456223567168774
26000,LOF,0.13634024952598722,0.016680394478714472,0.8469793559952983
26001,LOF,0.14991808216690583,0.03386175110520422,0.81622016672789
26002,LOF,0.10219758184651179,0.016736539154576697,0.8810658789989116
26003,GOF,0.011378922488614752,0.5514921043645938,0.4371289731467915
26004,LOF,0.031081556144555805,0.45867535404098003,0.5102430898144641
26005,GOF,0.007916109623330971,0.5055191833324879,0.4865647070441811
26006,GOF,0.24605028637113205,0.41102821371682713,0.3429214999120408
26007,GOF,0.016597048329749686,0.5063285173676073,0.4770744343026431
26008,LOF,0.011966115179465296,0.41119790388351685,0.5768359809370178
26009,GOF,0.025709425335460726,0.6142013805670462,0.3600891940974932
26010,GOF,0.011997241225503334,0.5324696454794672,0.45553311329502955
26011,LOF,0.008570824627947199,0.32971502148732634,0.6617141538847264
26012,LOF,0.01006638386894721,0.4467935085483544,0.5431401075826984
26013,LOF,0.016227692484721504,0.45559707432937446,0.5281752331859041
26014,LOF,0.08641819280144453,0.024199011238001118,0.8893827959605544
26015,LOF,0.399806352542494,0.12543768816004258,0.4747559592974634
26016,LOF,0.23827227327516567,0.23960081716083792,0.5221269095639964
26017,GOF,0.014147618889402325,0.5809146481957876,0.40493773291481006
26018,LOF,0.020736846672322486,0.2921471874672218,0.6871159658604558
26019,LOF,0.020786268246722014,0.21917570784739732,0.7600380239058806
26020,LOF,0.007982876373044312,0.3729055546266181,0.6191115690003376
26021,LOF,0.09211191395783025,0.29905107201166375,0.6088370140305059
26022,LOF,0.061186334243212966,0.08962735680381821,0.849186308952969
26023,LOF,0.039925078314592785,0.18866098145075594,0.7714139402346513
26024,LOF,0.05327935735512186,0.18960747991780016,0.757113162727078
26025,LOF,0.11523627861822056,0.3151895373718275,0.569574184009952
26026,LOF,0.11139917583095821,0.26444302580052,0.6241577983685218
26027,LOF,0.03380046234505474,0.119161972730459,0.8470375649244863
26028,LOF,0.05573328393901441,0.2739394864249444,0.6703272296360413
26029,LOF,0.03727244012801734,0.16548998205544085,0.7972375778165419
26030,LOF,0.1849736693824712,0.026469506938829566,0.7885568236786993
26031,LOF,0.02206647723178499,0.16265807883655398,0.8152754439316611
26032,LOF,0.03434853119228897,0.05243132318547445,0.9132201456222366
26033,LOF,0.05067926979776178,0.12300391397012636,0.8263168162321118
26034,LOF,0.022204417741418483,0.11725190939091784,0.8605436728676636
26035,LOF,0.015707484168947853,0.13399728022874705,0.850295235602305
26036,LOF,0.015714560035759148,0.10776401614067699,0.8765214238235639
26037,LOF,0.014320323566901433,0.09715749149081766,0.888522184942281
26038,LOF,0.024894282107630308,0.056485757735296696,0.918619960157073
26039,LOF,0.03373321329865593,0.13705283709114838,0.8292139496101958
26040,LOF,0.052122396050818615,0.24410026746263266,0.7037773364865487
26041,LOF,0.016485169456797268,0.12629329852598487,0.8572215320172178
26042,LOF,0.015454091970969306,0.12715708661361003,0.8573888214154207
26043,LOF,0.024707446638085825,0.13587233929095446,0.8394202140709596
26044,LOF,0.009778995180128532,0.12381477234260241,0.8664062324772691
26045,LOF,0.09085598921085797,0.26779374556001423,0.6413502652291279
26046,LOF,0.024320474163563553,0.147903982837498,0.8277755429989385
26047,LOF,0.06659372263384802,0.0841420297939681,0.8492642475721839
26048,LOF,0.0748586411121307,0.08269657224170895,0.8424447866461603
26049,Neutral,0.8874460515928975,0.014224443275249627,0.09832950513185289
26050,Neutral,0.8016575772918108,0.01579663262067708,0.18254579008751223
26051,GOF,0.016284497190541317,0.7393206627823046,0.24439484002715411
26052,GOF,0.0170536127951877,0.6627254561219277,0.3202209310828847
26053,LOF,0.02848693176747854,0.030513986019159695,0.9409990822133617
26054,LOF,0.09795810251783102,0.11567892384908968,0.7863629736330793
26055,LOF,0.09918003737483327,0.12559967181363463,0.7752202908115321
26056,LOF,0.08808695017855571,0.1409070265120262,0.7710060233094181
26057,LOF,0.04937476694399697,0.039016598929563176,0.9116086341264398
26058,LOF,0.05723929726936622,0.03166842382586605,0.9110922789047677
26059,Neutral,0.6538839550198214,0.11175579589912667,0.23436024908105177
26060,LOF,0.015659307514320184,0.33138109078405265,0.6529596017016273
26061,LOF,0.01121254368494476,0.028323073892298795,0.9604643824227564
26062,LOF,0.005849479082948263,0.059376578043403135,0.9347739428736486
26063,LOF,0.04362525691182955,0.03214844791814705,0.9242262951700233
26064,LOF,0.009961428958800714,0.03173563574710163,0.9583029352940976
26065,LOF,0.037942780439739456,0.047493134438943235,0.9145640851213173
26066,LOF,0.04214510946147491,0.03136160071567242,0.9264932898228527
26067,LOF,0.05192597378552113,0.04573039140011459,0.9023436348143642
26068,LOF,0.0980448550023933,0.07314523675567527,0.8288099082419315
26069,LOF,0.08660503131852113,0.06564888864746213,0.8477460800340166
26070,LOF,0.2481194510420035,0.040117163733061824,0.7117633852249347
26071,LOF,0.04704563404733981,0.0464362216305801,0.90651814432208
26072,LOF,0.008242375122531384,0.03087029679146092,0.9608873280860076
26073,LOF,0.03945757343645464,0.031826241602321184,0.9287161849612242
26074,Neutral,0.8473985531807616,0.022406096327248173,0.13019535049199019
26075,LOF,0.05410938671225571,0.07667165657513074,0.8692189567126135
26076,LOF,0.048434831147215876,0.07116977863367728,0.8803953902191067
26077,LOF,0.15786053832378283,0.0899313530160554,0.7522081086601619
26078,LOF,0.006374591923962586,0.06657903658948154,0.9270463714865558
26079,LOF,0.11889866307793948,0.0537116508552629,0.8273896860667975
26080,LOF,0.11889866307793948,0.0537116508552629,0.8273896860667975
26081,LOF,0.049128402021969504,0.03352389666001508,0.9173477013180155
26082,LOF,0.006862647703187841,0.08640478208465317,0.906732570212159
26083,LOF,0.04057020108782139,0.0930650995373914,0.8663646993747872
26084,LOF,0.044968890990558924,0.04948165575588427,0.9055494532535568
26085,LOF,0.04146662424347606,0.045590446184413005,0.9129429295721109
26086,LOF,0.034271123953364194,0.04807099311882734,0.9176578829278085
26087,LOF,0.042699812566064844,0.052612933693848236,0.9046872537400868
26088,LOF,0.008401882435044783,0.11567051720932453,0.8759276003556308
26089,LOF,0.038299053122173805,0.16492250413190293,0.7967784427459232
26090,LOF,0.04141870139562855,0.12804645262799888,0.8305348459763726
26091,LOF,0.04172981417566659,0.05198838747679067,0.9062817983475427
26092,LOF,0.05074959840899993,0.02889560995821718,0.9203547916327828
26093,LOF,0.06285315323175737,0.025356487731253666,0.911790359036989
26094,LOF,0.03720516408902289,0.03777097957017447,0.9250238563408025
26095,LOF,0.01036562979673955,0.050358707825260425,0.9392756623780001
26096,LOF,0.2877911329781724,0.010669731716240747,0.7015391353055869
26097,LOF,0.00788927265536085,0.049623828214960516,0.9424868991296786
26098,LOF,0.11421861935548686,0.04495365803916069,0.8408277226053525
26099,LOF,0.035911369307191576,0.06641183501717086,0.8976767956756375
26100,LOF,0.035911369307191576,0.06641183501717086,0.8976767956756375
26101,LOF,0.03143767013959733,0.09347449837071913,0.8750878314896835
26102,LOF,0.04154078234518956,0.039783625455160426,0.9186755921996501
26103,Neutral,0.8055830677578485,0.06910917540929873,0.1253077568328528
26104,LOF,0.10942029885676749,0.1387773073407272,0.7518023938025054
26105,LOF,0.22380755627364704,0.216210531493417,0.559981912232936
26106,LOF,0.30615646663169005,0.1716680986877336,0.5221754346805765
26107,LOF,0.009221565551305698,0.24152124820022564,0.7492571862484687
26108,LOF,0.13018642359719143,0.24833182036548487,0.6214817560373237
26109,LOF,0.03755733893669827,0.0797669883161811,0.8826756727471207
26110,LOF,0.4423640704404594,0.046871819496272754,0.5107641100632678
26111,LOF,0.05693468275103291,0.36875904805281157,0.5743062691961555
26112,LOF,0.04784765797970654,0.030613425162918245,0.9215389168573752
26113,LOF,0.040477074993574995,0.06317945574723446,0.8963434692591904
26114,LOF,0.08348675147865092,0.05381271483358464,0.8627005336877644
26115,LOF,0.009322213295084184,0.3899272096664036,0.6007505770385122
26116,LOF,0.06051604108224204,0.12769425868359793,0.81178970023416
26117,LOF,0.18003422087640925,0.06842851744366706,0.7515372616799237
26118,LOF,0.03871695954067048,0.023053077918194144,0.9382299625411354
26119,LOF,0.005522216345755885,0.11331316005998128,0.8811646235942627
26120,LOF,0.03972809378779759,0.02718450123425528,0.9330874049779471
26121,LOF,0.004269807440629359,0.18063993785094484,0.8150902547084258
26122,LOF,0.00416813978923064,0.16567373248438919,0.8301581277263802
