feature0,prediction,LoGoFunc_Neutral,LoGoFunc_GOF,LoGoFunc_LOF
25546,Neutral,0.767190458984278,0.026941809881934373,0.20586773113378767
25547,Neutral,0.6188533479328551,0.0536011901162871,0.32754546195085793
25548,Neutral,0.6094893827507706,0.0437272680962829,0.3467833491529465
25549,Neutral,0.5205447271978725,0.04507366287829527,0.43438160992383223
25550,LOF,0.3407944438352781,0.10766111795046988,0.5515444382142519
25551,LOF,0.28622822481765214,0.11775675802890379,0.5960150171534442
25552,LOF,0.1865066107011166,0.1274991442844037,0.6859942450144797
25553,Neutral,0.8277929368482368,0.033645059340713934,0.13856200381104924
25554,LOF,0.23153161382093862,0.11915962130273204,0.6493087648763294
25555,LOF,0.18772488251845854,0.1018660020751143,0.7104091154064271
25556,LOF,0.3906559506705601,0.10109918065063864,0.5082448686788014
25557,LOF,0.179968575500479,0.11125345715013359,0.7087779673493875
25558,LOF,0.2242272170921476,0.12111332568724902,0.6546594572206034
25559,LOF,0.3812899733381095,0.060495679612176965,0.5582143470497136
25560,LOF,0.07160890432878979,0.17061433165814374,0.7577767640130665
25561,LOF,0.11911725496531549,0.1921738384523384,0.6887089065823461
25562,LOF,0.11140664178344471,0.08991151663149677,0.7986818415850585
25563,LOF,0.12356446262748433,0.09730302060722348,0.7791325167652923
25564,LOF,0.14777781375556112,0.1866158734211232,0.6656063128233156
25565,LOF,0.12036796721978017,0.18079351861597429,0.6988385141642456
25566,GOF,0.01460783075353143,0.738933963188614,0.24645820605785462
25567,LOF,0.012578191734173369,0.12571881673189092,0.8617029915339357
25568,LOF,0.048262478606335875,0.06254181362260604,0.889195707771058
25569,LOF,0.06304286037381247,0.05794563997290627,0.8790114996532813
25570,LOF,0.06819684889383837,0.10700224447754204,0.8248009066286196
25571,LOF,0.06256635093803829,0.09313049970682404,0.8443031493551377
25572,LOF,0.06655060031349344,0.13172788344984385,0.8017215162366628
25573,LOF,0.030997003943146438,0.08417852832255446,0.884824467734299
25574,LOF,0.018156502822008747,0.1388471428595783,0.842996354318413
25575,LOF,0.054211343037529676,0.09925186553852758,0.8465367914239428
25576,LOF,0.020142612093773597,0.10771300027439128,0.8721443876318351
25577,LOF,0.015079232368219666,0.1409210866358725,0.8439996809959077
25578,LOF,0.2439595673100559,0.08131977473410305,0.6747206579558409
25579,LOF,0.24460665342320895,0.08109303213921303,0.6743003144375781
25580,LOF,0.0362809260442318,0.08507467576064093,0.8786443981951272
25581,LOF,0.048303638480775436,0.06237693544248599,0.8893194260767386
25582,LOF,0.04813304311069867,0.06001690227429598,0.8918500546150053
25583,LOF,0.04266150159241644,0.08457554842487126,0.8727629499827122
25584,Neutral,0.4639150327887503,0.07555459967913593,0.4605303675321136
25585,LOF,0.03819583128925568,0.09421944771078994,0.8675847209999543
25586,LOF,0.043280716436861794,0.07615635793412366,0.8805629256290145
25587,LOF,0.036785021791820825,0.07207433725339395,0.8911406409547852
25588,LOF,0.03889863249905861,0.09306912186784654,0.8680322456330949
25589,Neutral,0.6210797364752837,0.09583968634460957,0.2830805771801068
25590,LOF,0.03084646553547303,0.11879065855044266,0.8503628759140843
25591,LOF,0.11779045056093734,0.04795982524015569,0.834249724198907
25592,LOF,0.11302210492484904,0.12814018356716572,0.7588377115079852
25593,LOF,0.017771002991159003,0.24495495646624557,0.7372740405425955
25594,LOF,0.0366739570370295,0.18725624910559052,0.77606979385738
25595,LOF,0.054067707253553365,0.15080363019972054,0.7951286625467261
25596,LOF,0.05980479394014876,0.10161908532657013,0.8385761207332811
25597,LOF,0.06075913121100889,0.079011254073111,0.8602296147158802
25598,LOF,0.045693320315173216,0.19627965055433666,0.7580270291304901
25599,GOF,0.007247276770641992,0.689263301521788,0.30348942170757
25600,GOF,0.007944436173647233,0.5837781390731013,0.40827742475325135
25601,LOF,0.006512958827249665,0.4449042669192111,0.5485827742535393
25602,LOF,0.020132396621107343,0.0764279914106618,0.9034396119682307
25603,LOF,0.03889166480447236,0.03247517865073562,0.9286331565447921
25604,LOF,0.05260316789605111,0.05371674463807281,0.8936800874658761
25605,LOF,0.010100018370416696,0.246524649247162,0.7433753323824213
25606,GOF,0.06120630505189965,0.4705526975068764,0.468240997441224
25607,LOF,0.003971364314880153,0.16101553283387157,0.8350131028512483
25608,LOF,0.06788792560926468,0.048602411563384525,0.8835096628273509
25609,LOF,0.06146222652158251,0.37196996862107573,0.5665678048573418
25610,LOF,0.049487543956801786,0.030419232052019945,0.9200932239911783
25611,LOF,0.06334675515213123,0.024374571518079643,0.9122786733297892
25612,LOF,0.12142908073769253,0.04364080334835463,0.8349301159139527
25613,LOF,0.10066142582373865,0.03409905053112479,0.8652395236451366
25614,LOF,0.042603023672431455,0.03380489100487649,0.923592085322692
25615,LOF,0.060932703275737674,0.03299269679604976,0.9060745999282125
25616,LOF,0.041836929214548874,0.035976852198161144,0.92218621858729
25617,LOF,0.044187637536047784,0.03811371911824811,0.9176986433457041
25618,LOF,0.26425016898355597,0.03391280693649512,0.701837024079949
25619,LOF,0.03971068267220906,0.03354787840235404,0.9267414389254369
25620,LOF,0.04521277030546598,0.0406553184702729,0.9141319112242611
25621,LOF,0.04265152641134398,0.028303972939461623,0.9290445006491944
25622,LOF,0.035810008884123036,0.04055622973696814,0.9236337613789088
25623,LOF,0.06698734951374906,0.031089339328671303,0.9019233111575797
25624,LOF,0.0344904987673515,0.04098365103499831,0.9245258501976501
25625,LOF,0.041833013246097825,0.04652997665149288,0.9116370101024093
25626,LOF,0.09015674228219864,0.029114645126153593,0.8807286125916477
25627,Neutral,0.6014416153011244,0.08762138282438484,0.31093700187449064
25628,LOF,0.21234544120007928,0.04403563010972232,0.7436189286901985
25629,LOF,0.08337329857225856,0.13590729530187695,0.7807194061258645
25630,LOF,0.20350992883962632,0.08305911527794758,0.7134309558824261
25631,Neutral,0.6285933697356969,0.05441403989794461,0.31699259036635846
25632,LOF,0.020104842228194943,0.08375154635526777,0.8961436114165373
25633,LOF,0.21940222343985366,0.08996935792117187,0.6906284186389745
25634,LOF,0.0364023872292729,0.0962328031009224,0.8673648096698048
25635,LOF,0.03554561537765579,0.09523636042577135,0.8692180241965729
25636,GOF,0.006700540296715065,0.6784577162057064,0.31484174349757843
25637,GOF,0.004810536560244208,0.5556975036527545,0.43949195978700123
25638,LOF,0.009663390181559383,0.47156380198068015,0.5187728078377605
25639,LOF,0.00499022607561853,0.47758229607802555,0.5174274778463559
25640,GOF,0.3342003736084744,0.6205871172143279,0.04521250917719777
25641,LOF,0.005999449174659644,0.33962077964775733,0.6543797711775831
25642,LOF,0.258479983340953,0.10984375203228561,0.6316762646267615
25643,LOF,0.22599835580626587,0.3293392633624757,0.44466238083125836
25644,GOF,0.03161722645375663,0.6360917166804775,0.3322910568657659
25645,GOF,0.02405159700028816,0.5853435349086066,0.3906048680911052
25646,LOF,0.024982472728237868,0.44267798441245015,0.532339542859312
25647,LOF,0.01786813661822256,0.3234332963627611,0.6586985670190163
25648,LOF,0.016531968812209526,0.3594305063973098,0.6240375247904807
25649,LOF,0.015782205730668773,0.23733353755659292,0.7468842567127383
25650,GOF,0.05011044164493627,0.591688310565957,0.35820124778910667
25651,LOF,0.01336620157097241,0.2929791791405243,0.6936546192885034
25652,LOF,0.02084368622760306,0.3908244588640653,0.5883318549083316
25653,GOF,0.10559513997977961,0.5855458885352625,0.3088589714849578
25654,LOF,0.015558564736751716,0.3766783120798299,0.6077631231834183
25655,GOF,0.1493420097450653,0.4954154874685091,0.3552425027864255
25656,LOF,0.05393006477927178,0.0946314553458361,0.8514384798748922
25657,LOF,0.28795554290486436,0.04078094563092315,0.6712635114642125
25658,LOF,0.028769671529577184,0.20183801280274344,0.7693923156676794
25659,LOF,0.20910647577896863,0.10014361231927563,0.6907499119017558
25660,LOF,0.10059119590987886,0.10473167016166496,0.7946771339284563
25661,LOF,0.08297125307105072,0.08176833038450952,0.8352604165444398
25662,LOF,0.036935796360184556,0.05374037575816725,0.9093238278816482
25663,LOF,0.04544535546895663,0.09993980168504096,0.8546148428460024
25664,LOF,0.03045170250900567,0.14259208933383732,0.8269562081571569
25665,LOF,0.04769008667832088,0.058720252667575044,0.8935896606541042
25666,LOF,0.04322772042285764,0.1840506583071447,0.7727216212699977
25667,LOF,0.03718101204894516,0.05655759539813071,0.9062613925529241
25668,LOF,0.04950081733075809,0.06073437433234867,0.8897648083368932
25669,LOF,0.057986525540506345,0.09566217666145622,0.8463512977980375
25670,LOF,0.12622036109807644,0.10248331382388069,0.7712963250780428
25671,LOF,0.045938950420799096,0.0523100389967343,0.9017510105824665
25672,LOF,0.047041946151293444,0.07692386592423255,0.8760341879244741
25673,LOF,0.03820053498654647,0.07756804232299325,0.8842314226904603
25674,LOF,0.027751583486967574,0.0893246028654541,0.8829238136475782
25675,LOF,0.03532915239082682,0.0832677544120909,0.8814030931970823
25676,LOF,0.03577120364171518,0.07433685272728649,0.8898919436309983
25677,LOF,0.0891178199915352,0.0689094777979233,0.8419727022105415
25678,LOF,0.15950772531262333,0.054234195537188605,0.786258079150188
25679,LOF,0.1055741013601929,0.07487783975118308,0.819548058888624
25680,LOF,0.0866651857444951,0.10341763684921249,0.8099171774062923
25681,LOF,0.10705928094321093,0.094645546535036,0.7982951725217531
25682,LOF,0.05601688469282421,0.07800728345442448,0.8659758318527514
25683,LOF,0.07618508639895911,0.1085644014093533,0.8152505121916875
25684,LOF,0.06910619708267612,0.08297546142194014,0.8479183414953838
25685,LOF,0.10075903331183479,0.058465655109162046,0.8407753115790032
25686,LOF,0.033489569505693914,0.11803950968594625,0.8484709208083597
25687,LOF,0.059607340383292344,0.11609984878670318,0.8242928108300044
25688,LOF,0.0189854074607265,0.07610106801219915,0.9049135245270744
25689,LOF,0.015656562659002272,0.050370919613550696,0.933972517727447
25690,LOF,0.015339461657156217,0.059324774207087316,0.9253357641357565
25691,LOF,0.13057437595595978,0.0774008877821352,0.792024736261905
25692,LOF,0.18228965656994975,0.011859444710015276,0.8058508987200349
25693,LOF,0.04675430770126042,0.15260283266471472,0.8006428596340248
25694,LOF,0.27494385987487235,0.012405756795459067,0.7126503833296686
25695,LOF,0.2047406821200726,0.022873618529874233,0.7723856993500532
25696,LOF,0.14678024793753378,0.016803169867520083,0.8364165821949462
25697,LOF,0.12855219569804224,0.03693291958863891,0.8345148847133188
25698,LOF,0.022579307502550244,0.3102967209626264,0.6671239715348233
25699,LOF,0.08424697214923739,0.09462025534321529,0.8211327725075472
25700,LOF,0.03490412173529319,0.01778249639564864,0.9473133818690581
25701,LOF,0.01571141586572612,0.10756079281616833,0.8767277913181055
25702,GOF,0.023027588854441772,0.7581081374104378,0.2188642737351204
25703,LOF,0.017265097098778347,0.2113867726325168,0.7713481302687049
25704,LOF,0.1089115228329677,0.2128886498236374,0.678199827343395
25705,LOF,0.09264186617429625,0.2974757042508833,0.6098824295748205
25706,GOF,0.022064443562960032,0.6837179937890475,0.29421756264799254
25707,GOF,0.031227543297988873,0.6182155945265844,0.35055686217542664
25708,GOF,0.009246623064147693,0.6120292788676954,0.3787240980681569
25709,LOF,0.02853526166962255,0.08551858551406,0.8859461528163175
25710,LOF,0.0056772345631625355,0.2409891974821226,0.7533335679547147
25711,LOF,0.03117158047511172,0.14609731305893586,0.8227311064659524
25712,LOF,0.00705653453350521,0.2999693177690696,0.6929741476974252
25713,LOF,0.026485303319501385,0.12229761854162476,0.8512170781388738
25714,LOF,0.028771305260018903,0.1734159288348236,0.7978127659051575
25715,LOF,0.029882929482807213,0.14413646615035358,0.8259806043668392
25716,LOF,0.007955465948651708,0.20911686043537542,0.7829276736159728
25717,LOF,0.0060399508031707405,0.21834110957610972,0.7756189396207195
25718,LOF,0.029350445920547367,0.09911435847472462,0.871535195604728
25719,LOF,0.03881531331579804,0.13344025918904395,0.827744427495158
25720,LOF,0.04002026786738177,0.13128499853451372,0.8286947335981045
25721,LOF,0.0326714026092426,0.11826934321698016,0.8490592541737771
25722,LOF,0.02140291403633535,0.15872159583662368,0.819875490127041
25723,LOF,0.03187568500748666,0.11920019950023604,0.8489241154922773
25724,LOF,0.029608352379575965,0.2165779947763573,0.7538136528440669
25725,LOF,0.03088746611977476,0.10970096042628381,0.8594115734539415
25726,LOF,0.02238523105916399,0.14770730258272483,0.8299074663581113
25727,LOF,0.029902623618905885,0.13986274537327947,0.8302346310078147
25728,LOF,0.028647332083102203,0.13641041376422391,0.8349422541526739
25729,LOF,0.028420744746532323,0.15443521072063823,0.8171440445328295
25730,LOF,0.03275173462450998,0.10507237007630751,0.8621758952991825
25731,LOF,0.010095605906908726,0.24830639006132074,0.7415980040317707
25732,LOF,0.02413284058668669,0.1232260774903707,0.8526410819229426
25733,LOF,0.040037203017324226,0.11440628689177121,0.8455565100909046
25734,LOF,0.0060745905859228184,0.3264617983586828,0.6674636110553943
25735,LOF,0.027179993975037262,0.10402930487362679,0.868790701151336
25736,LOF,0.02595960729312901,0.16197648012781926,0.8120639125790516
25737,LOF,0.06040462792001296,0.15817569476291582,0.7814196773170712
25738,LOF,0.026595902340415565,0.19224978931049203,0.7811543083490925
25739,LOF,0.03316806919845097,0.12340722596080826,0.8434247048407407
25740,LOF,0.03414594616659914,0.1516315008623566,0.8142225529710442
25741,LOF,0.039578123939355,0.13920134028090064,0.8212205357797443
25742,LOF,0.0529571542350239,0.14995588336547427,0.7970869623995018
25743,LOF,0.011491407476452034,0.025698373139540143,0.9628102193840079
25744,LOF,0.23213554734320355,0.24436490480857198,0.5234995478482244
25745,LOF,0.03559100339320742,0.06468766896562436,0.8997213276411681
25746,LOF,0.014500046963204404,0.09057961876969267,0.8949203342671028
25747,LOF,0.03565429384944832,0.027902152961840808,0.9364435531887109
25748,LOF,0.27305536980673695,0.04847518704719891,0.6784694431460642
25749,LOF,0.015536296940681715,0.057171688152455116,0.9272920149068632
25750,LOF,0.02036333689658798,0.05749791636044597,0.922138746742966
25751,LOF,0.03819499253614256,0.04044578798849821,0.9213592194753594
25752,GOF,0.07085735689326632,0.7033731106465264,0.22576953246020717
25753,LOF,0.0066104159131507466,0.47042019726452056,0.5229693868223287
25754,GOF,0.007356995757405059,0.8809168555910782,0.11172614865151657
25755,LOF,0.006294514152643676,0.47344004329680267,0.5202654425505537
25756,LOF,0.023374526820626566,0.4837563349534013,0.49286913822597217
25757,GOF,0.007337828796733815,0.8588518418009546,0.1338103294023115
25758,GOF,0.008223473516234227,0.8872473376383371,0.10452918884542858
25759,GOF,0.005627565569146932,0.6573142858838223,0.3370581485470309
25760,LOF,0.005505487131092275,0.376377346468835,0.6181171664000726
25761,GOF,0.043872824153439356,0.8638382605797229,0.09228891526683765
25762,LOF,0.027133946469232718,0.4252920807925386,0.5475739727382287
25763,LOF,0.005572141549114235,0.3455791324187062,0.6488487260321797
25764,GOF,0.05378615344021755,0.6871599148994386,0.2590539316603437
25765,GOF,0.007591538500664225,0.8888843221834579,0.10352413931587799
25766,GOF,0.04024134203616212,0.8319917277219976,0.12776693024184024
25767,GOF,0.019482365237792395,0.530567694502303,0.44994994025990465
25768,LOF,0.054076910827758444,0.04387804755997078,0.9020450416122708
25769,LOF,0.04114800809926195,0.07126749707497071,0.8875844948257673
25770,LOF,0.2044514082913373,0.07991633794003927,0.7156322537686234
25771,LOF,0.020357925042676802,0.06279650579137819,0.916845569165945
25772,LOF,0.033606295254135964,0.028454132897573193,0.9379395718482909
25773,LOF,0.0214242451287545,0.0753158044386127,0.9032599504326329
25774,LOF,0.028318826416854796,0.1377229463427192,0.833958227240426
25775,LOF,0.023259421880829696,0.043339659438641334,0.933400918680529
25776,LOF,0.029741093468843405,0.021055916204933287,0.9492029903262234
25777,LOF,0.29831592110767025,0.08794250500663142,0.6137415738856983
25778,LOF,0.028077331909228193,0.05395967946735864,0.9179629886234132
25779,GOF,0.07304599838032691,0.8535006207637702,0.07345338085590278
25780,GOF,0.08328372635389136,0.8553123395166098,0.06140393412949893
25781,GOF,0.038008254838447116,0.8263723533055854,0.13561939185596736
25782,GOF,0.04375195853900886,0.8815816281482115,0.07466641331277957
25783,GOF,0.04017223135993248,0.8987173015562789,0.061110467083788526
25784,GOF,0.1337936174390351,0.82192282846977,0.04428355409119486
25785,GOF,0.15034567073235514,0.8100029939149458,0.039651335352699046
25786,GOF,0.012288205400675467,0.8372279947422834,0.15048379985704108
25787,GOF,0.27385692042092163,0.6744407821766711,0.05170229740240716
25788,LOF,0.01943409718972632,0.15964916441696406,0.8209167383933096
25789,GOF,0.02405228416718999,0.8256383868244428,0.1503093290083672
25790,GOF,0.03591188493660429,0.8570846074957267,0.10700350756766892
25791,GOF,0.038486537486016124,0.6751774142815891,0.2863360482323948
25792,GOF,0.0440627558190106,0.7304816913493497,0.22545555283163973
25793,GOF,0.059650301513692126,0.8053858831090281,0.13496381537727986
25794,GOF,0.06093080630310795,0.7133218932423779,0.2257473004545141
25795,GOF,0.0686732471536765,0.6860433084585096,0.24528344438781402
25796,GOF,0.13408934904220188,0.7654648423670231,0.10044580859077513
25797,GOF,0.10591055592166364,0.6880742676411515,0.2060151764371848
25798,GOF,0.00813827944001506,0.7647693852433749,0.22709233531660994
25799,GOF,0.004922005751663022,0.6469385630167677,0.3481394312315692
25800,GOF,0.02901032430129938,0.8012524617727007,0.16973721392599994
25801,GOF,0.028850953466033145,0.8785491056862779,0.09259994084768884
25802,GOF,0.03463616521871775,0.7605754338041034,0.20478840097717899
25803,GOF,0.025303212922314605,0.6792747448679263,0.295422042209759
25804,GOF,0.04300531728459566,0.7472430525527578,0.20975163016264659
25805,GOF,0.04090449233758097,0.767427869420348,0.1916676382420711
25806,GOF,0.05350058249040398,0.7705761798009717,0.17592323770862414
25807,GOF,0.017599359328982895,0.7369042582137536,0.24549638245726355
25808,GOF,0.03171236212081067,0.7415338640456881,0.2267537738335012
25809,GOF,0.013849509503085155,0.668954403066165,0.31719608743074973
25810,GOF,0.012220303440267333,0.650257295822208,0.33752240073752476
25811,GOF,0.06236361591000299,0.8377736916262805,0.0998626924637167
25812,GOF,0.038680664308959896,0.737003917460573,0.22431541823046705
25813,GOF,0.1905809808439451,0.7148370650129647,0.09458195414309019
25814,GOF,0.03749967746563694,0.7360713851208703,0.2264289374134927
25815,GOF,0.06435999469763859,0.7909096058419477,0.14473039946041372
25816,GOF,0.010534819042911606,0.8371863933036241,0.1522787876534643
25817,GOF,0.12609780676030452,0.7453704805872083,0.12853171265248714
25818,GOF,0.03475075938611542,0.7390534019303903,0.22619583868349435
25819,GOF,0.06408795659469677,0.7234113184871328,0.21250072491817038
25820,GOF,0.06229220410203287,0.6774781275851638,0.26022966831280336
25821,GOF,0.04239120117042421,0.7289810058296565,0.22862779299991925
25822,GOF,0.07603879920951512,0.689177207648568,0.23478399314191678
25823,GOF,0.03863875596857833,0.6546898590357941,0.30667138499562746
25824,GOF,0.038961695721803934,0.7008908618571011,0.2601474424210949
25825,GOF,0.030338975705794205,0.6941308188354012,0.2755302054588046
25826,GOF,0.014252393209627387,0.6504737165568326,0.3352738902335401
25827,GOF,0.019270479502366336,0.6469137393316893,0.33381578116594446
25828,GOF,0.015382551438515583,0.6928672235609407,0.29175022500054376
25829,GOF,0.005043610358291799,0.6086344986407697,0.3863218910009384
25830,GOF,0.044080109006374296,0.5014319345730445,0.45448795642058126
25831,GOF,0.08563260583926177,0.7687065449275139,0.14566084923322442
25832,GOF,0.01303309811117219,0.6965237934241986,0.29044310846462923
25833,GOF,0.04833973088503783,0.7716204553501642,0.18003981376479794
25834,GOF,0.013297977422150813,0.7167726284629917,0.26992939411485734
25835,GOF,0.03094618843550337,0.7760414458439806,0.19301236572051605
25836,GOF,0.009024344452227493,0.6983499214366665,0.29262573411110593
25837,GOF,0.010566977044046032,0.7072285251093697,0.28220449784658436
25838,GOF,0.026920323494456288,0.7879827267160032,0.1850969497895405
25839,GOF,0.07036978643949839,0.7388959389414345,0.19073427461906708
25840,GOF,0.09882356747786253,0.7329723409051092,0.16820409161702812
25841,GOF,0.096285110435409,0.7727392514786461,0.13097563808594495
25842,GOF,0.03619926927616021,0.8485953704339064,0.11520536028993339
25843,GOF,0.03436913230668006,0.8571638277403343,0.1084670399529857
25844,GOF,0.02621683737608005,0.7831293231594931,0.190653839464427
25845,GOF,0.007506491733543491,0.6738353609941127,0.31865814727234376
25846,GOF,0.08959214536340869,0.8002425337843679,0.1101653208522232
25847,GOF,0.01895116232904857,0.8474528332795086,0.1335960043914429
25848,GOF,0.03172098203712279,0.7906961533111474,0.17758286465172987
25849,GOF,0.009154064310613367,0.756148361682595,0.23469757400679161
25850,GOF,0.007985161324430145,0.6497029317422942,0.34231190693327557
25851,GOF,0.007332135110581217,0.6001575134954051,0.39251035139401363
25852,GOF,0.16792992950183444,0.5150137809725237,0.3170562895256419
25853,GOF,0.07246061784660789,0.7525678850754697,0.1749714970779224
25854,GOF,0.00680160542004713,0.6855152023612417,0.30768319221871115
25855,GOF,0.024675628698799048,0.6399532577174157,0.33537111358378524
25856,GOF,0.05052177426428285,0.717618880669432,0.2318593450662851
25857,GOF,0.025370821568241487,0.6374529126309673,0.33717626580079135
25858,GOF,0.011013010764538034,0.5942166362361011,0.39477035299936075
25859,GOF,0.007712272442329319,0.564593220762592,0.42769450679507864
25860,GOF,0.09782457321320154,0.7296899539408447,0.17248547284595375
25861,GOF,0.12555111184775664,0.755063364656793,0.1193855234954503
25862,GOF,0.027032538428241208,0.8686624921150508,0.10430496945670825
25863,GOF,0.02419901635582339,0.8472138184968514,0.12858716514732524
25864,GOF,0.06236697748271115,0.8409770568860802,0.09665596563120872
25865,GOF,0.052271233087187514,0.8155748698544774,0.13215389705833502
25866,GOF,0.02642791095300998,0.8260043991230761,0.14756768992391386
25867,GOF,0.04147065561188777,0.8327159348220452,0.12581340956606704
25868,GOF,0.07853633000247548,0.7424904049211383,0.17897326507638622
25869,GOF,0.36812870791084756,0.5185769961961944,0.11329429589295818
25870,GOF,0.06651235666509642,0.5140570802256131,0.4194305631092904
25871,GOF,0.010829558039486133,0.7865750820644644,0.20259535989604954
25872,GOF,0.028369564797620622,0.7983637161744032,0.17326671902797636
25873,GOF,0.02657185185538094,0.8558497962907504,0.11757835185386853
25874,LOF,0.019396729076993847,0.18434785739163045,0.7962554135313757
25875,LOF,0.02396468868117196,0.11558147445409958,0.8604538368647284
25876,LOF,0.023613781808551327,0.05450696480353271,0.9218792533879159
25877,LOF,0.10383634846196292,0.18478066729981307,0.7113829842382241
25878,LOF,0.06490989247020336,0.24144487698093955,0.6936452305488571
25879,LOF,0.011356847011776252,0.17300505274320746,0.8156381002450163
25880,LOF,0.06195564412680066,0.018389652494788907,0.9196547033784105
25881,Neutral,0.5574459952716965,0.09486648943444186,0.34768751529386177
25882,LOF,0.06995149433196891,0.023262832818322674,0.9067856728497085
25883,LOF,0.03305942468389988,0.028307224243599573,0.9386333510725005
25884,LOF,0.022084634908960572,0.042604029251817506,0.9353113358392219
25885,LOF,0.19411365180365928,0.013024561862508804,0.792861786333832
25886,LOF,0.24067392184539835,0.05689111701360691,0.7024349611409948
25887,LOF,0.09320801963221129,0.13430582943589506,0.7724861509318938
25888,LOF,0.008380080859841512,0.18919682774580823,0.8024230913943503
25889,LOF,0.029133381256913716,0.03504380430473679,0.9358228144383495
25890,LOF,0.18875763507789553,0.05976810504715852,0.7514742598749459
25891,LOF,0.1090123880469248,0.03562723256104394,0.8553603793920312
25892,LOF,0.008713097499730652,0.03330331498773131,0.957983587512538
25893,LOF,0.31585609226317246,0.010670003461560615,0.6734739042752669
25894,LOF,0.3412566115370374,0.006642723032741456,0.652100665430221
25895,LOF,0.2889351268200751,0.015437876549647463,0.6956269966302774
25896,LOF,0.08909018752379325,0.027333754444376322,0.8835760580318305
25897,LOF,0.13234215471758679,0.010565062604738547,0.8570927826776747
25898,LOF,0.13668949939404268,0.02875031102928842,0.8345601895766689
25899,LOF,0.42360240757960976,0.03593629409162599,0.5404612983287643
25900,Neutral,0.6695575574114511,0.01248211135712553,0.31796033123142337
25901,LOF,0.10733449061423177,0.012958196849746256,0.879707312536022
25902,LOF,0.10341281422570318,0.0149472571917018,0.8816399285825951
25903,LOF,0.2099848117147607,0.029054450172771674,0.7609607381124677
25904,Neutral,0.5508193662593756,0.03897505043878342,0.41020558330184104
25905,LOF,0.007756181329480448,0.4103757916894276,0.581868026981092
25906,LOF,0.008757017723312315,0.06740773764112462,0.923835244635563
25907,LOF,0.008869006831635634,0.2876684218963457,0.7034625712720186
25908,LOF,0.00846372871468654,0.2759252604168813,0.7156110108684322
25909,LOF,0.03351152127590222,0.10354735389763947,0.8629411248264582
25910,LOF,0.01286889304718462,0.15864131976011364,0.8284897871927017
25911,LOF,0.1892038884175445,0.02571264826975748,0.7850834633126981
25912,LOF,0.10944242376244369,0.02021882769859355,0.8703387485389628
25913,LOF,0.020660534940301487,0.02909587829945356,0.950243586760245
25914,LOF,0.04279694084323171,0.02773317957188635,0.929469879584882
25915,LOF,0.1821298734506255,0.19764691910110502,0.6202232074482695
25916,LOF,0.01275302635720527,0.09409445030580298,0.8931525233369917
25917,LOF,0.06962144737019636,0.028447078434594104,0.9019314741952095
25918,LOF,0.041941293243753626,0.0160603865658861,0.9419983201903602
25919,LOF,0.03363874440849988,0.017123615996953705,0.9492376395945464
25920,LOF,0.3290340661101221,0.1623896069007856,0.5085763269890924
25921,LOF,0.020666315335706877,0.0167507332860054,0.9625829513782878
25922,LOF,0.019454242305208706,0.019700941854794547,0.9608448158399967
25923,LOF,0.4523821061570253,0.013851299940308244,0.5337665939026665
25924,LOF,0.029231679772439886,0.019933177824613665,0.9508351424029464
25925,LOF,0.11587575101824761,0.029324535572798495,0.8547997134089539
25926,LOF,0.09665174367284939,0.021485574996751494,0.8818626813303991
25927,LOF,0.028282264519257236,0.028527464528502494,0.9431902709522402
25928,LOF,0.0151764571651903,0.01756672008807418,0.9672568227467354
25929,Neutral,0.5933557795089573,0.013462666397314842,0.39318155409372785
25930,LOF,0.1049234840386245,0.012826824598220305,0.8822496913631552
25931,LOF,0.01630136479786493,0.014373110123749307,0.9693255250783859
25932,LOF,0.10316606936143484,0.012485352983812295,0.8843485776547528
25933,LOF,0.10993001104608824,0.008885013840316269,0.8811849751135955
25934,LOF,0.1071720449989998,0.008257842012578592,0.8845701129884216
25935,LOF,0.11582588712959582,0.023499405881752537,0.8606747069886516
25936,LOF,0.10261676203335326,0.008384883467268912,0.8889983544993778
25937,LOF,0.025103628971771156,0.01577574503779041,0.9591206259904383
25938,LOF,0.11555420957103299,0.021772294596331968,0.862673495832635
25939,LOF,0.06691789708975776,0.01223348118366855,0.9208486217265736
25940,GOF,0.01110982773551052,0.5933890531427691,0.3955011191217203
25941,Neutral,0.486559585102748,0.0425586110199575,0.47088180387729456
25942,LOF,0.012623098592717315,0.04427355000999625,0.9431033513972864
25943,LOF,0.05397193411466834,0.15353188051620137,0.7924961853691304
25944,LOF,0.057968685763971316,0.09389822673261945,0.8481330875034092
25945,LOF,0.17815645466816685,0.02712328216685161,0.7947202631649816
25946,LOF,0.07732743806743149,0.039963091788450346,0.882709470144118
25947,Neutral,0.503848697346127,0.14596223682485193,0.3501890658290211
25948,LOF,0.39402602126416036,0.01148677270326697,0.5944872060325727
25949,LOF,0.13323175080838578,0.060688254426677524,0.8060799947649367
25950,GOF,0.09488630136532747,0.674635586393254,0.23047811224141843
25951,LOF,0.013645805813323838,0.45542009469511724,0.5309340994915589
25952,LOF,0.1524234428481313,0.3016512521757421,0.5459253049761267
25953,LOF,0.007340777902618683,0.30914884383424596,0.6835103782631353
25954,GOF,0.07169050086452117,0.48475934933486803,0.4435501498006108
25955,LOF,0.010421469752927777,0.2938170278062656,0.6957615024408066
25956,LOF,0.010445048256631279,0.38533229011647246,0.6042226616268963
25957,LOF,0.16869732645782176,0.04323440181509871,0.7880682717270796
25958,LOF,0.0322598394077888,0.06039675901319184,0.9073434015790194
25959,GOF,0.0067386178252909525,0.7270999442717399,0.26616143790296914
25960,LOF,0.00512338719195854,0.11723533719567797,0.8776412756123635
25961,LOF,0.027029431323825858,0.048258607667301875,0.9247119610088722
25962,LOF,0.032783325076312785,0.09486591879837486,0.8723507561253123
25963,LOF,0.010202460797940132,0.1498094735361505,0.8399880656659093
25964,LOF,0.04414298403238501,0.12971551891778274,0.8261414970498323
25965,LOF,0.1702197567838721,0.17412374468539482,0.655656498530733
25966,LOF,0.309311584673981,0.1071413176188269,0.583547097707192
25967,LOF,0.006050361507886999,0.10597250084788278,0.8879771376442301
25968,LOF,0.047910554925588836,0.2756611186602432,0.676428326414168
25969,LOF,0.16568282409960683,0.06673548306592227,0.767581692834471
25970,LOF,0.06267192796431557,0.0669151180880977,0.8704129539475867
25971,LOF,0.07271762405537417,0.03086303475456454,0.8964193411900613
25972,LOF,0.08106799117908398,0.040932744940630934,0.877999263880285
25973,LOF,0.0569561199145329,0.01090913517614989,0.9321347449093172
25974,LOF,0.061682574196198256,0.04278748297237309,0.8955299428314287
25975,LOF,0.0340625745102688,0.015584033606024813,0.9503533918837065
25976,LOF,0.09170788410499534,0.013081282390894554,0.89521083350411
25977,LOF,0.23773756351628442,0.05963106095432576,0.7026313755293899
25978,LOF,0.15323805254460302,0.14927461804963912,0.6974873294057577
25979,LOF,0.1227441443288194,0.16128832293710277,0.7159675327340779
25980,LOF,0.2105889778940399,0.24268784032422344,0.5467231817817366
25981,LOF,0.21285343761456263,0.24633369878346553,0.5408128636019718
25982,LOF,0.3539399521743467,0.11207350198589264,0.5339865458397606
25983,Neutral,0.44632391492229145,0.1198799480569481,0.43379613702076053
25984,LOF,0.0753959179060591,0.08647438950465508,0.8381296925892859
25985,LOF,0.43699242806712324,0.11933908828724768,0.4436684836456291
25986,LOF,0.015239387895684407,0.4070128711169898,0.5777477409873257
25987,LOF,0.04483237096906214,0.09485312964055904,0.8603144993903787
25988,LOF,0.06904029826251451,0.15774706688549095,0.7732126348519945
25989,LOF,0.07992397053985248,0.21111215709566206,0.7089638723644855
25990,LOF,0.06938532921735714,0.33799396522590414,0.5926207055567387
25991,GOF,0.025455728932395075,0.5577654658249769,0.416778805242628
25992,LOF,0.011509735192428231,0.47079793921616236,0.5176923255914093
25993,LOF,0.01988816244859238,0.05608079382708253,0.9240310437243251
25994,LOF,0.02459251747088153,0.06887344663406908,0.9065340358950496
25995,LOF,0.017358566952948663,0.1318047473184629,0.8508366857285885
25996,GOF,0.32818045995288997,0.42900862230722164,0.2428109177398883
25997,GOF,0.060929600882517865,0.5397345834549461,0.3993358156625362
25998,LOF,0.2413819762624995,0.036971870967760265,0.7216461527697402
25999,LOF,0.027526459871157715,0.31105031538744965,0.6614232247413927
26000,LOF,0.14664080455919262,0.014628959444693966,0.8387302359961135
26001,LOF,0.15035702517586297,0.018353167410869526,0.8312898074132675
26002,LOF,0.09871662803891214,0.0218600735969359,0.879423298364152
26003,GOF,0.006420588154832713,0.5614232770903305,0.43215613475483683
26004,GOF,0.017295265848261764,0.5708142022871322,0.411890531864606
26005,LOF,0.005251558670200283,0.46263252592332654,0.5321159154064732
26006,GOF,0.09285370955029988,0.4719135012135726,0.4352327892361275
26007,LOF,0.010696490992661765,0.4607772459699904,0.5285262630373478
26008,GOF,0.007111189123673462,0.5391217255784492,0.4537670852978774
26009,GOF,0.012040007315522227,0.5849562688371398,0.40300372384733796
26010,GOF,0.009560156652786356,0.5392492379384428,0.45119060540877076
26011,LOF,0.006281434329826717,0.3949457627701731,0.5987728029000002
26012,GOF,0.005574239618695908,0.49827356996853034,0.49615219041277386
26013,GOF,0.013102858326562715,0.5249756169084944,0.46192152476494297
26014,LOF,0.04160203430508382,0.07523278816045381,0.8831651775344623
26015,LOF,0.42370591699118515,0.021945721521489155,0.5543483614873258
26016,LOF,0.25200422387543525,0.02778075625691904,0.7202150198676458
26017,LOF,0.017036480864548415,0.1100478502894651,0.8729156688459866
26018,LOF,0.03287553916653511,0.0562594597123775,0.9108650011210875
26019,LOF,0.032633625848455736,0.0481315159325525,0.9192348582189918
26020,LOF,0.006691621606579391,0.11016478627786856,0.883143592115552
26021,LOF,0.0697401688322613,0.05129585399543341,0.8789639771723052
26022,LOF,0.03778271227645975,0.024276479110669172,0.937940808612871
26023,LOF,0.025107343037059644,0.03462729788017782,0.9402653590827624
26024,LOF,0.05116405942096126,0.03946396717083561,0.9093719734082032
26025,LOF,0.1363867810124342,0.03840069398161264,0.8252125250059531
26026,LOF,0.11879654303730164,0.029206543119553577,0.8519969138431447
26027,LOF,0.03251275287382604,0.020996542551814535,0.9464907045743594
26028,LOF,0.06939228999099832,0.18294468276716325,0.7476630272418384
26029,LOF,0.029823978803917458,0.20286521493537296,0.7673108062607096
26030,LOF,0.11578191573115937,0.028998445223785845,0.8552196390450547
26031,LOF,0.012803764020560167,0.1818591794847342,0.8053370564947057
26032,LOF,0.037421513995666116,0.04754939770639779,0.915029088297936
26033,LOF,0.036675509147498536,0.05007424996846479,0.9132502408840367
26034,LOF,0.018109278268132713,0.12165482022171474,0.8602359015101526
26035,LOF,0.011884321997040878,0.12314739036139562,0.8649682876415635
26036,LOF,0.011014511447188883,0.09980994292660765,0.8891755456262035
26037,LOF,0.011028178496880137,0.1055066094445674,0.8834652120585524
26038,LOF,0.03144928480696334,0.04259918770258387,0.9259515274904528
26039,LOF,0.029748595636199616,0.1384106642655707,0.8318407400982298
26040,LOF,0.0822772027690859,0.13521204441169415,0.78251075281922
26041,LOF,0.01342055468156992,0.11031241501087101,0.876267030307559
26042,LOF,0.012549969724827125,0.11546838337537552,0.8719816468997974
26043,LOF,0.03362169269772355,0.07515351546694216,0.8912247918353344
26044,LOF,0.00728267649215907,0.06105227276693767,0.9316650507409032
26045,LOF,0.09950586511694696,0.21659956100765018,0.6838945738754029
26046,LOF,0.028869901315060856,0.05217161784934571,0.9189584808355935
26047,LOF,0.06597632189615804,0.052095931824672086,0.8819277462791699
26048,LOF,0.09128779069485495,0.025116571124252345,0.8835956381808927
26049,Neutral,0.9458455726791121,0.006648501025380592,0.047505926295507414
26050,Neutral,0.9106419828120125,0.007455221039929895,0.08190279614805776
26051,LOF,0.03148877147118684,0.3385108308497223,0.6300003976790909
26052,LOF,0.02705477340928285,0.2958179374411696,0.6771272891495477
26053,LOF,0.01801343794386753,0.1850011173880121,0.7969854446681204
26054,LOF,0.05814384865478069,0.04670402300355685,0.8951521283416624
26055,LOF,0.08943236215536651,0.042671602027567014,0.8678960358170664
26056,LOF,0.07001426024558671,0.04822466049906273,0.8817610792553506
26057,LOF,0.06657868123329078,0.02857766909283924,0.90484364967387
26058,LOF,0.0757194124920881,0.022694015660642015,0.9015865718472699
26059,LOF,0.22415094641173183,0.06010883302219834,0.7157402205660699
26060,LOF,0.014809981733423312,0.2439963367932081,0.7411936814733686
26061,LOF,0.011076233547491019,0.01718343895469218,0.9717403274978169
26062,LOF,0.0058250227419208555,0.02901541001388283,0.9651595672441964
26063,LOF,0.04991585267367471,0.01828804180373144,0.9317961055225938
26064,LOF,0.015122285771836778,0.02536147121156873,0.9595162430165944
26065,LOF,0.06675532882312159,0.0291809197654476,0.9040637514114308
26066,LOF,0.05734122953969481,0.020035794889420862,0.9226229755708844
26067,LOF,0.05926977749373138,0.017781060744315465,0.9229491617619533
26068,LOF,0.05641615520798945,0.03836346137116847,0.9052203834208421
26069,LOF,0.18944718617296383,0.03355946617106132,0.7769933476559749
26070,LOF,0.39499424963421476,0.021086311363611072,0.5839194390021742
26071,LOF,0.05209011850538353,0.0226603957800708,0.9252494857145458
26072,LOF,0.006615469766178095,0.02456023251702264,0.9688242977167992
26073,LOF,0.048863912350767674,0.02037943846529611,0.9307566491839362
26074,Neutral,0.6857316799517111,0.01399199031258852,0.3002763297357005
26075,LOF,0.04516058630330727,0.030406809927246488,0.9244326037694462
26076,LOF,0.045947738433306747,0.026224934454518078,0.9278273271121752
26077,LOF,0.14757900183419664,0.017430719458507292,0.834990278707296
26078,LOF,0.0058721991023818814,0.041084188820677235,0.9530436120769408
26079,LOF,0.06223857145780307,0.03174199101849839,0.9060194375236984
26080,LOF,0.06087620185545274,0.031948889597555555,0.9071749085469918
26081,LOF,0.04800125127345244,0.017688940166635504,0.9343098085599121
26082,LOF,0.006366664760981256,0.026853754660242812,0.9667795805787759
26083,LOF,0.11332924211407079,0.030723926045241524,0.8559468318406878
26084,LOF,0.13259618869672193,0.02897671755056474,0.8384270937527133
26085,LOF,0.12266357923763795,0.024835963297809238,0.8525004574645528
26086,LOF,0.03951632502425463,0.028814255879693582,0.9316694190960518
26087,LOF,0.04297257218756574,0.021810372261203234,0.935217055551231
26088,LOF,0.006748050388602553,0.0571341260559572,0.9361178235554403
26089,LOF,0.04245793322379372,0.03984179933850197,0.9177002674377043
26090,LOF,0.04199647698513889,0.037061765500399184,0.920941757514462
26091,LOF,0.034088379296664376,0.017249942280014266,0.9486616784233214
26092,LOF,0.044566121094019785,0.016017120186997184,0.939416758718983
26093,LOF,0.06097218457022138,0.01058066072089958,0.928447154708879
26094,LOF,0.04155611567149975,0.01347524692504881,0.9449686374034514
26095,LOF,0.01121193062300009,0.03177236994306042,0.9570156994339394
26096,LOF,0.2605093722590409,0.0073533328034344324,0.7321372949375246
26097,LOF,0.006093818875736465,0.06806338326822141,0.9258427978560421
26098,LOF,0.05600751983787969,0.028858719104409084,0.9151337610577113
26099,LOF,0.05154783219050171,0.03246782784881772,0.9159843399606805
26100,LOF,0.05154783219050171,0.03246782784881772,0.9159843399606805
26101,LOF,0.0482930195285548,0.05957520246283618,0.892131778008609
26102,LOF,0.040042590639046256,0.025891856201173156,0.9340655531597807
26103,Neutral,0.897235107976183,0.036958866621932734,0.06580602540188421
26104,LOF,0.052972237836447854,0.06370200738962797,0.8833257547739242
26105,LOF,0.27273547338065557,0.0801563257710717,0.6471082008482727
26106,LOF,0.24012756291418336,0.029120559469553133,0.7307518776162636
26107,LOF,0.01487743317696656,0.06583724745577976,0.9192853193672537
26108,LOF,0.15676098032418498,0.055305216418594955,0.78793380325722
26109,LOF,0.053920927794060824,0.05214575388295667,0.8939333183229826
26110,LOF,0.41335985413665055,0.01093654436612053,0.575703601497229
26111,LOF,0.07599618120031543,0.06603317437342061,0.8579706444262639
26112,LOF,0.06728057970359534,0.010954240649896689,0.921765179646508
26113,LOF,0.11246846685870882,0.02604925113128854,0.8614822820100027
26114,LOF,0.09618314622494394,0.007952843615686333,0.8958640101593697
26115,LOF,0.018464320321201613,0.07592105843910703,0.9056146212396914
26116,LOF,0.07966425428149204,0.02543624392216099,0.8948995017963469
26117,LOF,0.37094956096276704,0.04047667357088021,0.5885737654663528
26118,LOF,0.03818085090914458,0.02103051975430031,0.940788629336555
26119,LOF,0.005823554769895597,0.08846334996807925,0.9057130952620251
26120,LOF,0.03452481374502751,0.015201926518575281,0.9502732597363972
26121,LOF,0.004071318564389213,0.11808430952885611,0.8778443719067547
26122,LOF,0.005217595959370847,0.10060813056153863,0.8941742734790905
