feature0,prediction,LoGoFunc_Neutral,LoGoFunc_GOF,LoGoFunc_LOF
25546,Neutral,0.7462306210512558,0.04184098682871632,0.21192839212002787
25547,Neutral,0.5858834311344054,0.08641260334482334,0.3277039655207713
25548,Neutral,0.5994337763747432,0.061257621863447784,0.33930860176180905
25549,Neutral,0.518983823091751,0.06138049918923614,0.4196356777190129
25550,LOF,0.3522036981098123,0.13663001945826822,0.5111662824319195
25551,LOF,0.2797563502865073,0.1460531148105533,0.5741905349029394
25552,LOF,0.20824742687526257,0.13583001946573484,0.6559225536590025
25553,Neutral,0.8608509722983579,0.03024253397659063,0.10890649372505144
25554,LOF,0.24234899336384924,0.12751611134334695,0.6301348952928039
25555,LOF,0.204554917800201,0.11255685949784354,0.6828882227019555
25556,Neutral,0.4603455444137554,0.1088935537258417,0.43076090186040306
25557,LOF,0.19458225359397308,0.11845376775317969,0.6869639786528473
25558,LOF,0.22763801932673605,0.12666515233364484,0.6456968283396192
25559,LOF,0.35302216925031876,0.15177397245254884,0.4952038582971323
25560,LOF,0.05781427004760705,0.15416909214071253,0.7880166378116804
25561,LOF,0.13280423558479565,0.1548474538807092,0.7123483105344951
25562,LOF,0.09023126505587176,0.07643895127107035,0.8333297836730578
25563,LOF,0.10279288401386462,0.09947339136521086,0.7977337246209246
25564,LOF,0.24343956082978035,0.15615949036135385,0.6004009488088657
25565,LOF,0.13460354409715888,0.1370162771617569,0.7283801787410843
25566,GOF,0.011908233244760784,0.7652391554864669,0.22285261126877226
25567,LOF,0.017242395200999194,0.2243203025010764,0.7584373022979243
25568,LOF,0.04817507318400945,0.09687281054039538,0.8549521162755952
25569,LOF,0.05160280881197304,0.09613219129548056,0.8522649998925463
25570,LOF,0.05126870173663336,0.13531487287152574,0.8134164253918409
25571,LOF,0.04450016377919352,0.1294341414811944,0.8260656947396121
25572,LOF,0.05595998254794504,0.14375371449690919,0.8002863029551458
25573,LOF,0.03364129838592496,0.13153542627386336,0.8348232753402116
25574,LOF,0.01855075572003879,0.19157630740071646,0.7898729368792448
25575,LOF,0.03787949748454304,0.14731359879605274,0.8148069037194043
25576,LOF,0.01784060397636236,0.16886176473942144,0.8132976312842162
25577,LOF,0.014714939609042256,0.15251841964458088,0.8327666407463767
25578,LOF,0.27338782326033945,0.1254519887253334,0.6011601880143271
25579,LOF,0.11087911662146631,0.14552641842469413,0.7435944649538396
25580,LOF,0.02650127374030644,0.11835533798478694,0.8551433882749065
25581,LOF,0.04440812795143206,0.09918239490027186,0.8564094771482961
25582,LOF,0.04418201824479618,0.0963898458456086,0.8594281359095951
25583,LOF,0.03165736745676622,0.1266656353296976,0.8416769972135362
25584,Neutral,0.4716424198635904,0.148820492540101,0.37953708759630855
25585,LOF,0.021584929782111736,0.17486429446226268,0.8035507757556255
25586,LOF,0.026834414859416757,0.10671971441116072,0.8664458707294224
25587,LOF,0.02697213281919154,0.10249483867058402,0.8705330285102245
25588,LOF,0.025513671209450556,0.12019211605158427,0.8542942127389652
25589,Neutral,0.5965742949802492,0.14860964487101583,0.25481606014873504
25590,LOF,0.031783653652104886,0.1742470795063893,0.7939692668415058
25591,LOF,0.08002440122007962,0.08863560052503827,0.8313399982548821
25592,LOF,0.0857564130506364,0.1780409834726249,0.7362026034767386
25593,LOF,0.02945333776742757,0.3073623280074774,0.6631843342250949
25594,LOF,0.04334074638012115,0.16650861011846776,0.7901506435014112
25595,LOF,0.05195140764354765,0.1191320934572393,0.828916498899213
25596,LOF,0.048369722619495265,0.08918394271633877,0.862446334664166
25597,LOF,0.033464406376213694,0.08119060119173004,0.8853449924320562
25598,LOF,0.04955816855641006,0.12537102048755439,0.8250708109560355
25599,GOF,0.00724236509853963,0.6065143019732302,0.38624333292823015
25600,GOF,0.013983792537424556,0.6099374263578077,0.3760787811047677
25601,LOF,0.009579787816951152,0.43778354679085557,0.5526366653921934
25602,LOF,0.020297864864072687,0.04467574165432609,0.9350263934816011
25603,LOF,0.06098141636456202,0.01840420566515592,0.9206143779702821
25604,LOF,0.03327894301287386,0.04964211070648228,0.9170789462806438
25605,LOF,0.01046374403708929,0.20204713271859098,0.7874891232443197
25606,LOF,0.09707827044946683,0.37161385498979155,0.5313078745607416
25607,LOF,0.0062869969108980805,0.2056055556971499,0.7881074473919519
25608,LOF,0.017120551912048365,0.08428451065554252,0.898594937432409
25609,LOF,0.06588312162552135,0.3916635433478576,0.5424533350266211
25610,LOF,0.03102871606222828,0.022977755918478088,0.9459935280192936
25611,LOF,0.03727519274813261,0.022949668995614066,0.9397751382562534
25612,LOF,0.09060255118652454,0.03662724100308212,0.8727702078103933
25613,LOF,0.079503082569151,0.03719370298051604,0.883303214450333
25614,LOF,0.031654319690793874,0.028241522304735617,0.9401041580044706
25615,LOF,0.037227002762894604,0.03733478976864397,0.9254382074684615
25616,LOF,0.02531980075054308,0.02814775071237987,0.9465324485370771
25617,LOF,0.02567963063478021,0.03069720014502054,0.9436231692201993
25618,LOF,0.13728799986634,0.027736145162188044,0.834975854971472
25619,LOF,0.028252025353330174,0.027654852343339035,0.9440931223033308
25620,LOF,0.03233259563282536,0.03594790604073974,0.931719498326435
25621,LOF,0.027426596790154585,0.028681453579637573,0.9438919496302077
25622,LOF,0.03360837381890948,0.031154926323953492,0.9352366998571371
25623,LOF,0.04981734865947006,0.02790433980106463,0.9222783115394654
25624,LOF,0.024385895553444885,0.03601161560709518,0.93960248883946
25625,LOF,0.03537778764513316,0.04256482691983911,0.9220573854350277
25626,LOF,0.0741939076746978,0.031386132716137036,0.8944199596091652
25627,Neutral,0.5495433989749166,0.11369150133521547,0.336765099689868
25628,LOF,0.20144362463344462,0.04943306048495125,0.7491233148816042
25629,LOF,0.05151889895873854,0.055540189941835134,0.8929409110994263
25630,LOF,0.18061257317304263,0.08121705881373788,0.7381703680132196
25631,Neutral,0.6158906055277527,0.05198030767978317,0.33212908679246417
25632,LOF,0.014510513475428963,0.11213146457731185,0.8733580219472592
25633,LOF,0.10216979325566922,0.0845365928158292,0.8132936139285016
25634,LOF,0.030970388737364483,0.10947173679054213,0.8595578744720934
25635,LOF,0.036621634710274166,0.08065645592232823,0.8827219093673977
25636,GOF,0.003991617572936951,0.6147412131799841,0.38126716924707893
25637,GOF,0.0038171868984034395,0.6477453715295685,0.34843744157202816
25638,LOF,0.006399536946080074,0.38251519268691875,0.6110852703670011
25639,GOF,0.003724354854802673,0.5261981280917063,0.47007751705349105
25640,Neutral,0.48220132210536004,0.4360130104391,0.08178566745553983
25641,LOF,0.008655500389881828,0.3139989681875393,0.6773455314225789
25642,LOF,0.23362330509927864,0.06968342005487238,0.6966932748458489
25643,LOF,0.2818570929437441,0.19147766968255917,0.5266652373736967
25644,GOF,0.014374141139951495,0.5243286166827739,0.4612972421772747
25645,LOF,0.01187366603122154,0.4747060333252362,0.5134203006435423
25646,LOF,0.018413186062085245,0.3255656948906837,0.656021119047231
25647,LOF,0.013995440246992678,0.27068977280495665,0.7153147869480506
25648,LOF,0.013167703601982134,0.26712083466932834,0.7197114617286896
25649,LOF,0.011642309710148837,0.18434786370736203,0.8040098265824891
25650,LOF,0.021819266409311262,0.42796148071076934,0.5502192528799194
25651,LOF,0.008033105910276884,0.2759005313970789,0.7160663626926441
25652,LOF,0.01462826738206294,0.24281583316041977,0.7425558994575173
25653,LOF,0.04603541209482502,0.3610120465628947,0.5929525413422801
25654,LOF,0.015218196713781407,0.15605409065188752,0.828727712634331
25655,LOF,0.07551619902951048,0.39394834194697603,0.5305354590235135
25656,LOF,0.1195352624992289,0.05211446579630278,0.8283502717044684
25657,LOF,0.31795410133142626,0.024245077153029707,0.657800821515544
25658,LOF,0.062506260277052,0.0739682902157913,0.8635254495071568
25659,LOF,0.3955299683043883,0.06341830983483304,0.5410517218607787
25660,LOF,0.06326628616437632,0.09112830172820477,0.8456054121074188
25661,LOF,0.04500770801632099,0.07000066127325945,0.8849916307104196
25662,LOF,0.02872625939158582,0.047732123298718676,0.9235416173096955
25663,LOF,0.04058094688909553,0.06788450008294451,0.89153455302796
25664,LOF,0.046751882644394616,0.08776809028103881,0.8654800270745666
25665,LOF,0.054203034181723474,0.04601074894698725,0.8997862168712892
25666,LOF,0.04180255777565682,0.11963400351754466,0.8385634387067986
25667,LOF,0.034397827101400505,0.05260614265992859,0.9129960302386709
25668,LOF,0.03717381897959032,0.05618883476889783,0.9066373462515119
25669,LOF,0.04164153527670404,0.07862902085765684,0.8797294438656391
25670,LOF,0.07775072099077937,0.09257157201911198,0.8296777069901087
25671,LOF,0.04200489104485716,0.04752174758145129,0.9104733613736915
25672,LOF,0.05831455032437037,0.06114968261236318,0.8805357670632664
25673,LOF,0.048169601536258516,0.0685016544641051,0.8833287439996363
25674,LOF,0.04354662341937341,0.06954681933186779,0.8869065572487588
25675,LOF,0.053853997754512474,0.06203489357913877,0.8841111086663487
25676,LOF,0.03714401929429244,0.061425351845704294,0.9014306288600034
25677,LOF,0.05967780276251453,0.06856167395497399,0.8717605232825115
25678,LOF,0.26910689452114994,0.03851444712282464,0.6923786583560255
25679,LOF,0.16513265589689244,0.07041131900876116,0.7644560250943464
25680,LOF,0.06059522874389314,0.10186578306805762,0.8375389881880492
25681,LOF,0.09763310454267264,0.09438466442031689,0.8079822310370105
25682,LOF,0.04537295764439127,0.08457710447574587,0.8700499378798628
25683,LOF,0.09919780933842352,0.09651361432859305,0.8042885763329836
25684,LOF,0.057296394535989725,0.08613411484373068,0.8565694906202796
25685,LOF,0.09876704353168873,0.04797961827133755,0.8532533381969738
25686,LOF,0.040409123808888295,0.09824317051354477,0.8613477056775669
25687,LOF,0.04416041210523333,0.0875081446744282,0.8683314432203385
25688,LOF,0.030318828200747782,0.09268617192024553,0.8769949998790066
25689,LOF,0.01954188484071123,0.0731633736222941,0.9072947415369947
25690,LOF,0.019657971614389362,0.07414171556753092,0.9062003128180798
25691,LOF,0.24444937199678363,0.10089896395917912,0.6546516640440373
25692,LOF,0.284841147581648,0.009241787312429842,0.7059170651059222
25693,LOF,0.09733897009248324,0.16305361639739155,0.7396074135101252
25694,LOF,0.26826490181872265,0.016408177150869587,0.7153269210304077
25695,LOF,0.16867830425070773,0.020860308157983377,0.8104613875913088
25696,LOF,0.1932536889507546,0.010527441005145226,0.7962188700441002
25697,LOF,0.12853999708269384,0.022464637211463755,0.8489953657058424
25698,LOF,0.031807635699298245,0.41349180911583255,0.5547005551848692
25699,LOF,0.058239735739019485,0.08254875742882427,0.8592115068321563
25700,LOF,0.03005022846495066,0.010973816372463781,0.9589759551625856
25701,LOF,0.015839255913947674,0.07855574528676654,0.9056049987992858
25702,GOF,0.0423234851784914,0.7313863860468326,0.22629012877467594
25703,LOF,0.013494870077861001,0.20290713434266816,0.7835979955794707
25704,LOF,0.09097833015592387,0.15049369255539713,0.7585279772886789
25705,LOF,0.057817400746531626,0.2454962439815213,0.6966863552719471
25706,GOF,0.0513717566439654,0.6047713604904323,0.3438568828656023
25707,GOF,0.030424608883935503,0.49465561657264195,0.47491977454342266
25708,LOF,0.00879746016601676,0.4455971350471292,0.545605404786854
25709,LOF,0.019585758128316394,0.0671482611664707,0.9132659807052129
25710,LOF,0.008274324070516714,0.17067465071530724,0.8210510252141761
25711,LOF,0.02214372577058821,0.12087636930566825,0.8569799049237435
25712,LOF,0.009535815594823829,0.23150867730477723,0.7589555071003989
25713,LOF,0.019068793545912167,0.10060953526178977,0.880321671192298
25714,LOF,0.020965901864628624,0.1251371573414091,0.8538969407939622
25715,LOF,0.021020200408506596,0.11241184895206233,0.8665679506394312
25716,LOF,0.009611027137993581,0.1260420750129562,0.8643468978490503
25717,LOF,0.00595019661829068,0.12987935018885594,0.8641704531928535
25718,LOF,0.018254125569904325,0.08331719534970089,0.8984286790803948
25719,LOF,0.03430479274109852,0.0855220134714207,0.8801731937874807
25720,LOF,0.022265095808575594,0.08920189651899657,0.8885330076724278
25721,LOF,0.024165829202166776,0.09587856027359383,0.8799556105242393
25722,LOF,0.018819591403208248,0.1313007496233768,0.8498796589734149
25723,LOF,0.022361025552622447,0.07123055408397906,0.9064084203633984
25724,LOF,0.0367111228511795,0.09632786462826921,0.8669610125205514
25725,LOF,0.022468954971227594,0.06641706128000317,0.9111139837487693
25726,LOF,0.016457493169597576,0.1019257526639662,0.8816167541664361
25727,LOF,0.020249694439588045,0.08809983882119363,0.8916504667392183
25728,LOF,0.019044080392005818,0.09930506811736486,0.8816508514906293
25729,LOF,0.019722929321266302,0.10146951923902295,0.8788075514397107
25730,LOF,0.020829420876661495,0.0811518661593394,0.8980187129639992
25731,LOF,0.011111164200191237,0.16640359149660958,0.8224852443031991
25732,LOF,0.018274426572914178,0.09529144114724543,0.8864341322798405
25733,LOF,0.02852871530816806,0.07577899689218012,0.8956922877996519
25734,LOF,0.007465851273613726,0.1960732012836566,0.7964609474427297
25735,LOF,0.02226463465887791,0.07547326605666953,0.9022620992844526
25736,LOF,0.0209806385279294,0.11365997471317206,0.8653593867588985
25737,LOF,0.043299753887204494,0.08361544949427974,0.8730847966185159
25738,LOF,0.021387737471566196,0.11765362099415248,0.8609586415342814
25739,LOF,0.021716281789580714,0.12241703896283043,0.8558666792475889
25740,LOF,0.052509012639036574,0.11763136861801948,0.8298596187429439
25741,LOF,0.025611128174148783,0.09422374692234033,0.880165124903511
25742,LOF,0.03606045611220895,0.10851592320359478,0.8554236206841963
25743,LOF,0.011512508501290177,0.04854650974242017,0.9399409817562896
25744,GOF,0.13942387521893404,0.4563475157660586,0.4042286090150075
25745,LOF,0.02164950284910484,0.07183535434454923,0.9065151428063459
25746,LOF,0.01166503986551696,0.08519284128718083,0.9031421188473022
25747,LOF,0.03312571112579938,0.03796265352976427,0.9289116353444362
25748,LOF,0.17845326446400325,0.06482743231513673,0.7567193032208601
25749,LOF,0.014172422802851529,0.06075762352790401,0.9250699536692445
25750,LOF,0.015726530960274997,0.08568448516813353,0.8985889838715914
25751,LOF,0.03518903547079297,0.07347747570149228,0.8913334888277147
25752,GOF,0.08697995128715759,0.6336823705045639,0.2793376782082784
25753,LOF,0.008553430991158819,0.3518180713962982,0.6396284976125429
25754,GOF,0.006362055932900795,0.8489210224820999,0.14471692158499924
25755,LOF,0.012139708664201011,0.41563852547889,0.572221765856909
25756,LOF,0.053994182900543225,0.41149188158617495,0.5345139355132819
25757,GOF,0.007342817698843369,0.8596105298884252,0.13304665241273142
25758,GOF,0.008601439873075616,0.8519157226351124,0.13948283749181187
25759,GOF,0.005241003000514607,0.5462413675858134,0.448517629413672
25760,LOF,0.008101717764979501,0.28798498235422004,0.7039132998808004
25761,GOF,0.05410822432493581,0.831890125148816,0.11400165052624808
25762,LOF,0.032053495905409235,0.3533887117874084,0.6145577923071824
25763,LOF,0.010527373578396752,0.24236481580427413,0.7471078106173291
25764,GOF,0.10711406806184491,0.5385926625795465,0.3542932693586085
25765,GOF,0.008177225623177657,0.8322756083250412,0.15954716605178118
25766,GOF,0.02918865243050414,0.8121109051402702,0.1587004424292257
25767,LOF,0.020902161943389886,0.46733802520117956,0.5117598128554306
25768,LOF,0.03916215663876355,0.0720016300131796,0.8888362133480567
25769,LOF,0.022945742123572085,0.07443576937920003,0.9026184884972279
25770,LOF,0.1442199713420942,0.0635343711165453,0.7922456575413606
25771,LOF,0.015547969246303446,0.07339335197314369,0.9110586787805528
25772,LOF,0.022795062107067963,0.029050168803527114,0.9481547690894049
25773,LOF,0.012475009939014023,0.07532062289868813,0.9122043671622979
25774,LOF,0.024925848255892037,0.0901989775789703,0.8848751741651376
25775,LOF,0.020740237854037096,0.03923135977613808,0.9400284023698249
25776,LOF,0.024585466811282177,0.02717321006520794,0.94824132312351
25777,LOF,0.1704370392198254,0.07223934157934228,0.7573236192008324
25778,LOF,0.019651698856469394,0.05027260690933078,0.9300756942341998
25779,GOF,0.04220424688810143,0.8908962991483595,0.06689945396353905
25780,GOF,0.06444064194215979,0.8752178780496679,0.06034148000817225
25781,GOF,0.027145467326808233,0.8689079585330376,0.10394657414015417
25782,GOF,0.03542747989091907,0.8980599664523841,0.06651255365669671
25783,GOF,0.018287914211054038,0.7464634235070566,0.2352486622818893
25784,GOF,0.10747922193727703,0.8418126659594033,0.05070811210331969
25785,GOF,0.059844251202471145,0.9002516844401036,0.03990406435742518
25786,GOF,0.005264776006369227,0.8323848241474564,0.16235039984617428
25787,GOF,0.15711746945288552,0.8108860846205375,0.03199644592657693
25788,LOF,0.015212754696759978,0.15701624372047698,0.827771001582763
25789,GOF,0.01892275428430595,0.8550974049284568,0.12597984078723715
25790,GOF,0.02202159212307045,0.8859184835268779,0.0920599243500518
25791,GOF,0.015996139372310425,0.8146807641372348,0.16932309649045485
25792,GOF,0.024898854712757938,0.829210528913353,0.14589061637388898
25793,GOF,0.07559725196762794,0.8304187493285108,0.09398399870386116
25794,GOF,0.05673788444794711,0.7596887363617919,0.1835733791902609
25795,GOF,0.039811548175614254,0.7755437414465416,0.1846447103778442
25796,GOF,0.07805872302778238,0.8027775430702473,0.11916373390197041
25797,GOF,0.037038299059153124,0.6706713012451017,0.2922903996957452
25798,GOF,0.0031438059798011477,0.6493009828029377,0.3475552112172612
25799,GOF,0.003090959386221704,0.5189323661081954,0.4779766745055829
25800,GOF,0.0123448513121885,0.7111272559730614,0.27652789271475015
25801,GOF,0.014660278558424526,0.874690638107239,0.11064908333433658
25802,GOF,0.021264279873414522,0.7975576385964998,0.18117808153008588
25803,GOF,0.010919780682544136,0.697064866898,0.2920153524194559
25804,GOF,0.013598200250021173,0.5933424228221196,0.3930593769278593
25805,GOF,0.02501131753004409,0.7056628699737374,0.2693258124962186
25806,GOF,0.019336223211131005,0.7460902289584819,0.23457354783038706
25807,GOF,0.005213379496326551,0.7017269056748427,0.29305971482883064
25808,GOF,0.01634198427976319,0.7428519130848537,0.24080610263538307
25809,GOF,0.006081112764494295,0.7139413469874715,0.2799775402480343
25810,GOF,0.005408883953004262,0.7296699344172272,0.26492118162976847
25811,GOF,0.04985661988609218,0.8602314824908913,0.08991189762301642
25812,GOF,0.015351571599610708,0.6915516443929437,0.29309678400744565
25813,GOF,0.09621925999524245,0.8042474887899476,0.09953325121481006
25814,GOF,0.02428814484449183,0.7989940795220396,0.17671777563346866
25815,GOF,0.039038643573355625,0.8041025183736399,0.15685883805300452
25816,GOF,0.007651305458928386,0.8479238505125607,0.1444248440285109
25817,GOF,0.09552273943756392,0.7554380397050248,0.14903922085741145
25818,GOF,0.023535293700238297,0.7952274762378548,0.1812372300619069
25819,GOF,0.06378401608479094,0.7704371100327092,0.1657788738824998
25820,GOF,0.031593262045891905,0.7709337282579148,0.1974730096961933
25821,GOF,0.01764642397206068,0.7597119370415946,0.2226416389863447
25822,GOF,0.03682267122360882,0.7884078741353069,0.17476945464108415
25823,GOF,0.014005041943584946,0.6381842433603071,0.347810714696108
25824,GOF,0.024147338621866264,0.7540879882448518,0.221764673133282
25825,GOF,0.015047743295965687,0.7383965757174232,0.24655568098661124
25826,GOF,0.005391800423779307,0.6974139677539277,0.29719423182229315
25827,GOF,0.008689716513440707,0.694188621113773,0.2971216623727864
25828,GOF,0.005493901780822173,0.6383323292221104,0.3561737689970675
25829,GOF,0.002708537815607346,0.6942813728865537,0.303010089297839
25830,LOF,0.03614192926910291,0.46494573724669025,0.4989123334842069
25831,GOF,0.047529267452174465,0.8428281947285927,0.10964253781923289
25832,GOF,0.008210403702205427,0.799337142959948,0.19245245333784664
25833,GOF,0.030396251228467983,0.8397426130585509,0.12986113571298105
25834,GOF,0.008090418020287355,0.8136293605368307,0.17828022144288191
25835,GOF,0.01702464225448904,0.8584899283366058,0.12448542940890522
25836,GOF,0.006312215133223857,0.8087317622896206,0.18495602257715552
25837,GOF,0.007050641980414417,0.7259712532868148,0.2669781047327707
25838,GOF,0.020100780240152053,0.866806060119218,0.11309315964062999
25839,GOF,0.035658001122206226,0.8537139016851509,0.1106280971926427
25840,GOF,0.05716171026543003,0.8528559268347261,0.08998236289984382
25841,GOF,0.05128268843719012,0.8633873062726239,0.08533000529018582
25842,GOF,0.026397972264740215,0.9007664419194681,0.07283558581579172
25843,GOF,0.026576913064091587,0.9075697319295737,0.0658533550063348
25844,GOF,0.017686326971510978,0.8477336423802834,0.13458003064820578
25845,GOF,0.0059797925472619955,0.664671180450253,0.3293490270024849
25846,GOF,0.03957881819202612,0.8626221310635291,0.0977990507444448
25847,GOF,0.018857099571718067,0.9143128313557564,0.06683006907252553
25848,GOF,0.016519533768177892,0.8716785773382173,0.11180188889360494
25849,GOF,0.005162318999458332,0.7470266435901961,0.2478110374103455
25850,GOF,0.0061069585161266406,0.7614886168833908,0.23240442460048247
25851,GOF,0.005606083956215012,0.6492869908417297,0.3451069252020554
25852,GOF,0.13947181106538892,0.6038338644721591,0.256694324462452
25853,GOF,0.06951876828761411,0.8509002935050906,0.07958093820729534
25854,GOF,0.005285919864177326,0.6913203956660915,0.3033936844697312
25855,GOF,0.01335107576128627,0.6567263675918545,0.3299225566468593
25856,GOF,0.03459425073947062,0.780416092327196,0.1849896569333334
25857,GOF,0.012077048928173986,0.629251668132811,0.35867128293901496
25858,GOF,0.007931730380511426,0.6290246139788661,0.3630436556406225
25859,GOF,0.005354262015075508,0.6022748291677096,0.3923709088172149
25860,GOF,0.07957208566157606,0.8220645300979336,0.09836338424049039
25861,GOF,0.0864390176872022,0.8211817263174745,0.09237925599532333
25862,GOF,0.020577082574418253,0.8604997125881652,0.11892320483741638
25863,GOF,0.020818855108676215,0.8707273605765258,0.10845378431479798
25864,GOF,0.049792446486486515,0.8706080657756656,0.07959948773784785
25865,GOF,0.03498362877967085,0.8330271897341345,0.13198918148619476
25866,GOF,0.02614569344018295,0.8524324883460862,0.12142181821373084
25867,GOF,0.031518835380657015,0.8688665654748386,0.09961459914450439
25868,GOF,0.05241065550446813,0.8439035188538891,0.10368582564164258
25869,GOF,0.3303870464992345,0.6074252937830872,0.06218765971767825
25870,GOF,0.07171924663066788,0.6796737257910642,0.24860702757826783
25871,GOF,0.011295787832963224,0.8917825112974191,0.09692170086961764
25872,GOF,0.01884832572989291,0.8779998581044691,0.10315181616563807
25873,GOF,0.018895454025542952,0.8909197362607034,0.09018480971375359
25874,LOF,0.01734149823179938,0.16157632364965455,0.8210821781185461
25875,LOF,0.05464233464536003,0.03958558213432619,0.9057720832203138
25876,LOF,0.01953460291470825,0.03024229088646564,0.9502231061988262
25877,LOF,0.14613443407087073,0.07588011337564268,0.7779854525534865
25878,LOF,0.07763581705089964,0.10018944866360245,0.822174734285498
25879,LOF,0.029861401512798577,0.07826893777810302,0.8918696607090985
25880,LOF,0.056708737858956776,0.01077067133145129,0.9325205908095918
25881,Neutral,0.5718480966541739,0.058541657539754884,0.3696102458060713
25882,LOF,0.05668174463530034,0.028175049793729458,0.9151432055709703
25883,LOF,0.03085616933165144,0.023268350370666685,0.9458754802976819
25884,LOF,0.030078808932329004,0.04095278191189014,0.9289684091557809
25885,LOF,0.2239993419569591,0.012253184766820167,0.7637474732762207
25886,LOF,0.15337639165315678,0.05129396082806386,0.7953296475187794
25887,LOF,0.17889886969584962,0.057269319503720176,0.7638318108004303
25888,LOF,0.012915812427925465,0.13260380692627086,0.8544803806458038
25889,LOF,0.033294179602630515,0.02886389102211468,0.9378419293752548
25890,LOF,0.12095391013009359,0.10750594493241558,0.7715401449374908
25891,LOF,0.09111265975251145,0.022977147698643098,0.8859101925488454
25892,LOF,0.009407175392434805,0.030260726990317694,0.9603320976172475
25893,LOF,0.4083579119781358,0.00790622262614464,0.5837358653957194
25894,LOF,0.4350271004152561,0.005031967127677502,0.5599409324570663
25895,LOF,0.3458060852731086,0.01009260508284183,0.6441013096440497
25896,LOF,0.06026747494618789,0.021912579230119845,0.9178199458236923
25897,LOF,0.19679379853325035,0.008282694499056198,0.7949235069676934
25898,LOF,0.15073943797030956,0.028087572824015767,0.8211729892056746
25899,LOF,0.3146061536598693,0.02270945637786997,0.6626843899622606
25900,LOF,0.4108809340030732,0.007711876461624338,0.5814071895353025
25901,LOF,0.052875593110820726,0.009400089683381616,0.9377243172057976
25902,LOF,0.1445872183814827,0.011869991319538368,0.8435427902989789
25903,LOF,0.4129708541457968,0.02042396893273257,0.5666051769214707
25904,LOF,0.4549602509238209,0.03239264438950074,0.5126471046866784
25905,LOF,0.004063969696216142,0.4586427463387963,0.5372932839649875
25906,LOF,0.009115955988370485,0.1086335249182481,0.8822505190933815
25907,LOF,0.004371844376264235,0.3516474665013307,0.6439806891224051
25908,LOF,0.004654781353777068,0.25291013447387195,0.742435084172351
25909,LOF,0.022831222692058787,0.1512269181534374,0.8259418591545039
25910,LOF,0.012046426817824455,0.12112718451397758,0.866826388668198
25911,LOF,0.3361233482866594,0.03482414392159074,0.6290525077917498
25912,LOF,0.07075156134583346,0.04846389301007934,0.8807845456440871
25913,LOF,0.051886282767826246,0.06501287956911982,0.8831008376630539
25914,LOF,0.03897856018286298,0.06071254275144964,0.9003088970656874
25915,LOF,0.16115293310984177,0.3024394995830813,0.536407567307077
25916,LOF,0.028517441941959727,0.19643099213254048,0.7750515659254998
25917,LOF,0.06894729521326565,0.05198153236139172,0.8790711724253426
25918,LOF,0.045402637090904134,0.037988009033324034,0.9166093538757718
25919,LOF,0.04012624897020572,0.037607903489649125,0.9222658475401452
25920,LOF,0.14732207332712377,0.1808042485513786,0.6718736781214977
25921,LOF,0.018350619009648236,0.03975722085296258,0.9418921601373892
25922,LOF,0.020157319566728622,0.03598388501497376,0.9438587954182975
25923,LOF,0.43519317728114226,0.0403558754817689,0.5244509472370888
25924,LOF,0.027218673369424806,0.05700047285130579,0.9157808537792694
25925,LOF,0.07290346823578962,0.05338826926207939,0.873708262502131
25926,LOF,0.052571189696949364,0.05228947512414059,0.8951393351789101
25927,LOF,0.02321245819546142,0.07041090662870533,0.9063766351758332
25928,LOF,0.011276644126828408,0.057761021367548,0.9309623345056237
25929,Neutral,0.5229523412057405,0.038953096189093366,0.43809456260516616
25930,LOF,0.06810710249287738,0.03797519754251859,0.8939176999646041
25931,LOF,0.015207509721646454,0.03798554970839609,0.9468069405699575
25932,LOF,0.05887621859660414,0.03341190244918118,0.9077118789542147
25933,LOF,0.05193083214173047,0.023148154401646026,0.9249210134566236
25934,LOF,0.049673363579698246,0.02157717279608512,0.9287494636242165
25935,LOF,0.06269347157641708,0.06329397172618881,0.8740125566973942
25936,LOF,0.08907032605449808,0.023152566620431216,0.8877771073250708
25937,LOF,0.014341510214166677,0.040320976720454156,0.9453375130653793
25938,LOF,0.06198194407210807,0.057597176872592644,0.8804208790552993
25939,LOF,0.03749461390315358,0.029119161830699056,0.9333862242661474
25940,LOF,0.009412929181285124,0.3416021494413661,0.6489849213773488
25941,Neutral,0.49237716411915555,0.04232288612917567,0.46529994975166894
25942,LOF,0.009274018977005128,0.050330158836425866,0.9403958221865689
25943,LOF,0.04563371905330665,0.1841515450035965,0.7702147359430968
25944,LOF,0.06804656448082261,0.10235833289662523,0.8295951026225521
25945,LOF,0.12438826816517057,0.021375664478497543,0.8542360673563317
25946,LOF,0.08403696290253507,0.04119235807184511,0.8747706790256198
25947,LOF,0.42535673047383016,0.13596955921977139,0.43867371030639846
25948,LOF,0.4299923065492421,0.015408386298464295,0.5545993071522937
25949,LOF,0.1444338910790395,0.06747216262533165,0.7880939462956289
25950,GOF,0.0630063524453977,0.6283792100819311,0.30861443747267114
25951,LOF,0.01265555789208505,0.4102228960038181,0.5771215461040967
25952,LOF,0.31303845926415835,0.2422772198816099,0.4446843208542318
25953,LOF,0.007714826684155543,0.1707199343096422,0.8215652390062023
25954,LOF,0.09379142450884574,0.44667019025813104,0.4595383852330232
25955,LOF,0.007813666486940282,0.1338470366820754,0.8583392968309842
25956,LOF,0.01865578105694891,0.26381332326652934,0.7175308956765217
25957,LOF,0.21757356650445953,0.037355743023036486,0.745070690472504
25958,LOF,0.03181632406722704,0.038716014384225686,0.9294676615485472
25959,GOF,0.014549408573531228,0.5326736137804341,0.45277697764603464
25960,LOF,0.00712189495084427,0.06422118959685297,0.9286569154523027
25961,LOF,0.029969150476716413,0.03386096504223566,0.936169884481048
25962,LOF,0.03604088203975953,0.07103705248292567,0.8929220654773147
25963,LOF,0.004907651475697905,0.1965665560443123,0.7985257924799898
25964,LOF,0.030372258236510935,0.09836509848380609,0.8712626432796831
25965,LOF,0.2537026649458582,0.1287988056093059,0.617498529444836
25966,Neutral,0.465285998955293,0.11200203113676653,0.4227119699079405
25967,LOF,0.009217338850618867,0.0718668466293695,0.9189158145200117
25968,LOF,0.050643482934444504,0.19486224080879017,0.7544942762567654
25969,LOF,0.1385363802193666,0.04520452126846567,0.8162590985121678
25970,LOF,0.025552359279318385,0.08091098778877846,0.8935366529319031
25971,LOF,0.08436355583764622,0.0260804640034248,0.889555980158929
25972,LOF,0.06467196488765231,0.03837624053620636,0.8969517945761414
25973,LOF,0.06669821820195988,0.010849199751197119,0.922452582046843
25974,LOF,0.054725547595203136,0.03520587736530451,0.9100685750394922
25975,LOF,0.05146950608556242,0.021552321610480044,0.9269781723039576
25976,LOF,0.1130521310939372,0.010716695726703758,0.8762311731793591
25977,LOF,0.18427187468013428,0.08540972743577734,0.7303183978840884
25978,LOF,0.18169908478141739,0.12160494975719391,0.6966959654613887
25979,LOF,0.14571011622823682,0.13749820206796765,0.7167916817037955
25980,LOF,0.2469821895511793,0.1828815360033897,0.570136274445431
25981,LOF,0.24830155821969274,0.1840113745746949,0.5676870672056124
25982,LOF,0.44953974351936293,0.08606983854324879,0.4643904179373883
25983,Neutral,0.45904952414022526,0.10121229121941572,0.43973818464035896
25984,LOF,0.038249510092466715,0.08796454345614037,0.8737859464513928
25985,Neutral,0.4397718767467735,0.13329406674949673,0.42693405650372973
25986,LOF,0.01401777575544575,0.3968441022244644,0.5891381220200897
25987,LOF,0.05878225596281489,0.11085306545000786,0.8303646785871772
25988,LOF,0.04537858759528377,0.17459262214076204,0.7800287902639542
25989,LOF,0.040285202734464544,0.20889956790323141,0.750815229362304
25990,LOF,0.04019095066720801,0.3091522230992153,0.6506568262335767
25991,LOF,0.028519782704257708,0.45296522275108464,0.5185149945446577
25992,LOF,0.0238933584254129,0.42860051121118237,0.5475061303634047
25993,LOF,0.0313206799655464,0.0891685828055341,0.8795107372289195
25994,LOF,0.023406169059549835,0.08368516958016958,0.8929086613602806
25995,LOF,0.02302150095833347,0.18144241926392773,0.7955360797777388
25996,Neutral,0.35931123820282956,0.3297529403508878,0.3109358214462827
25997,LOF,0.06453056197562945,0.41130403743794897,0.5241654005864216
25998,LOF,0.26620182417295274,0.04565958276942816,0.6881385930576192
25999,LOF,0.0241594551678748,0.2147182112397152,0.76112233359241
26000,LOF,0.206587338095613,0.034926381465919656,0.7584862804384674
26001,LOF,0.26494911021145584,0.03734177783553156,0.6977091119530126
26002,LOF,0.10610109977871804,0.050382330124390425,0.8435165700968916
26003,GOF,0.0052190162212658485,0.6457405024441396,0.3490404813345945
26004,GOF,0.00794502573993784,0.6962185148338573,0.29583645942620485
26005,GOF,0.003566351744825248,0.5096136668922704,0.4868199813629044
26006,GOF,0.09266653592168361,0.6168912475633725,0.29044221651494373
26007,GOF,0.00668436049821063,0.559420782532489,0.43389485696930036
26008,GOF,0.0058823916175159835,0.6495664607835309,0.3445511475989533
26009,GOF,0.007734502146201472,0.6875644020697448,0.30470109578405363
26010,GOF,0.009065197082597483,0.6727887798241259,0.3181460230932766
26011,LOF,0.0032685635261702987,0.4683911496594673,0.5283402868143624
26012,GOF,0.0047476733012907614,0.5393302858182976,0.45592204088041166
26013,GOF,0.006403831222163324,0.6060462139286077,0.38754995484922905
26014,LOF,0.0550154195414499,0.10966252217538257,0.8353220582831675
26015,LOF,0.4136422175784728,0.018795043138532135,0.567562739282995
26016,LOF,0.3298845938768813,0.03521358976103175,0.634901816362087
26017,LOF,0.028381980359697,0.18328498719391675,0.7883330324463862
26018,LOF,0.033128196538136145,0.03785283932807498,0.9290189641337889
26019,LOF,0.03286551013938083,0.03347569444284501,0.9336587954177741
26020,LOF,0.010318012572010787,0.15796224677826273,0.8317197406497264
26021,LOF,0.0767329517888681,0.06098943327238623,0.8622776149387457
26022,LOF,0.04208699393895201,0.018838238503147094,0.9390747675579009
26023,LOF,0.03575462827020399,0.022938777413911544,0.9413065943158846
26024,LOF,0.04628152540797241,0.05889695137255973,0.894821523219468
26025,LOF,0.0633386628742906,0.06200420762419232,0.874657129501517
26026,LOF,0.1210488652547484,0.048470428638038715,0.8304807061072129
26027,LOF,0.029524985012340837,0.01791966579214398,0.9525553491955152
26028,LOF,0.11513255398947277,0.1437627846645051,0.741104661346022
26029,LOF,0.017138200857438453,0.2160118908136743,0.7668499083288872
26030,LOF,0.1520233002623533,0.033276261054455414,0.8147004386831913
26031,LOF,0.008603906041694509,0.1883604588284113,0.8030356351298943
26032,LOF,0.037751768276093806,0.07490514172243709,0.887343090001469
26033,LOF,0.06551007421426205,0.0671656024649195,0.8673243233208184
26034,LOF,0.012401725508699031,0.16583916850083305,0.8217591059904679
26035,LOF,0.010758459294989512,0.13086036841953627,0.8583811722854742
26036,LOF,0.011340689558277665,0.14474350324171192,0.8439158072000104
26037,LOF,0.008990640918318008,0.11691474772697057,0.8740946113547113
26038,LOF,0.033298023302826704,0.06870338656878461,0.8979985901283888
26039,LOF,0.024153294905403598,0.14055109077193256,0.8352956143226639
26040,LOF,0.10331069223290924,0.1664849527951438,0.730204354971947
26041,LOF,0.012453258183157661,0.09929611652580836,0.8882506252910339
26042,LOF,0.010898647669052816,0.11297805680835821,0.8761232955225889
26043,LOF,0.03211638151412024,0.08852089796678564,0.8793627205190941
26044,LOF,0.012761823771850743,0.062089837857107914,0.9251483383710413
26045,LOF,0.06192532681305249,0.12421140293471918,0.8138632702522284
26046,LOF,0.028244341212857498,0.07099740658345421,0.9007582522036882
26047,LOF,0.04367932029589979,0.06882387979126335,0.8874967999128368
26048,LOF,0.08246066186539835,0.031349197067357164,0.8861901410672445
26049,Neutral,0.9481279438277206,0.009494089753875267,0.04237796641840417
26050,Neutral,0.9268257739543485,0.010434313617533329,0.06273991242811794
26051,LOF,0.014174716970153227,0.0889625772355675,0.8968627057942794
26052,LOF,0.03003109569855383,0.10322880346354031,0.8667401008379059
26053,LOF,0.03406128321344743,0.143740601179715,0.8221981156068376
26054,LOF,0.04248318682323192,0.027541936574961904,0.9299748766018062
26055,LOF,0.06133064373713195,0.024865643605590286,0.9138037126572777
26056,LOF,0.049024310656041216,0.030691140389267867,0.920284548954691
26057,LOF,0.05497248366903885,0.014164099581541472,0.9308634167494197
26058,LOF,0.058280955711042415,0.011524243232286291,0.9301948010566713
26059,LOF,0.192629878621109,0.0305435036131461,0.7768266177657449
26060,LOF,0.016069507856350505,0.19212167919742512,0.7918088129462244
26061,LOF,0.013076141612793416,0.011868946876551243,0.9750549115106554
26062,LOF,0.006716968924994189,0.019562201553639243,0.9737208295213665
26063,LOF,0.03778884925498082,0.012248860039167937,0.9499622907058513
26064,LOF,0.010886396789747812,0.02828376861416187,0.9608298345960902
26065,LOF,0.04564329114107003,0.012412497480264975,0.9419442113786649
26066,LOF,0.044794430113933394,0.01158351223311821,0.9436220576529485
26067,LOF,0.05459735087320605,0.0105361295127057,0.9348665196140882
26068,LOF,0.05017670428038211,0.047170516352760615,0.9026527793668574
26069,LOF,0.1594966806371601,0.028452690011836652,0.8120506293510034
26070,LOF,0.33866466307907284,0.022345175436773213,0.638990161484154
26071,LOF,0.043831210551896975,0.012492597108576505,0.9436761923395265
26072,LOF,0.01103986399029508,0.022060388458374453,0.9668997475513303
26073,LOF,0.03789029517944391,0.015422831058687473,0.9466868737618687
26074,Neutral,0.9244928591868902,0.008879011622033804,0.06662812919107604
26075,LOF,0.04875429573418935,0.024019602963184276,0.9272261013026263
26076,LOF,0.053440947686323556,0.012232317910331334,0.9343267344033452
26077,LOF,0.16224543419457393,0.006930446817471706,0.8308241189879543
26078,LOF,0.008953594546438149,0.01602066863983048,0.9750257368137314
26079,LOF,0.06314327758847234,0.025967503551567503,0.9108892188599601
26080,LOF,0.062213712702414735,0.025993521331916875,0.9117927659656683
26081,LOF,0.03265225387284006,0.009254287224729778,0.95809345890243
26082,LOF,0.007285452966287155,0.015229596791334031,0.9774849502423787
26083,LOF,0.09205245546897374,0.02102185697046085,0.8869256875605653
26084,LOF,0.0923975573130245,0.01429137311110339,0.893311069575872
26085,LOF,0.08782622463434393,0.012521638255873773,0.8996521371097823
26086,LOF,0.03866420375369174,0.013479141544228804,0.9478566547020796
26087,LOF,0.03593211547601164,0.010813064292615403,0.9532548202313729
26088,LOF,0.009142920313557712,0.02168973587410504,0.9691673438123372
26089,LOF,0.04223567011799321,0.03872038588037126,0.9190439440016355
26090,LOF,0.043162571364687964,0.028954697891149888,0.927882730744162
26091,LOF,0.032090531538307064,0.009007067964446225,0.9589024004972466
26092,LOF,0.04103419992595284,0.008943045299698952,0.9500227547743483
26093,LOF,0.07897529934763131,0.0067525239559292054,0.9142721766964395
26094,LOF,0.0364072781351061,0.007834391220625089,0.9557583306442688
26095,LOF,0.04107655850200596,0.017959129541492515,0.9409643119565015
26096,LOF,0.22901284736456598,0.005546569605570251,0.7654405830298637
26097,LOF,0.008416235035402474,0.03224033362401244,0.959343431340585
26098,LOF,0.08213847599989688,0.020386758576473592,0.8974747654236295
26099,LOF,0.041351508039442327,0.015285629458642348,0.9433628625019153
26100,LOF,0.041351508039442327,0.015285629458642348,0.9433628625019153
26101,LOF,0.055817007797186305,0.028491543439993064,0.9156914487628205
26102,LOF,0.03331926834860083,0.01683778159748794,0.9498429500539112
26103,Neutral,0.8791879185040703,0.026145329293708414,0.0946667522022213
26104,LOF,0.059314261261625326,0.03938661817883566,0.901299120559539
26105,LOF,0.2450770265798236,0.183085937876451,0.5718370355437254
26106,LOF,0.3228243464635505,0.1342415310297168,0.5429341225067328
26107,LOF,0.020068569081297685,0.09809521184680522,0.881836219071897
26108,LOF,0.278298921253702,0.04982771527076884,0.6718733634755292
26109,LOF,0.11455423834659,0.03994883818618631,0.8454969234672237
26110,LOF,0.46280079693965137,0.005831600279751695,0.5313676027805969
26111,LOF,0.04806352004837696,0.10213471684850133,0.8498017631031217
26112,LOF,0.05377321104369071,0.007141373192164734,0.9390854157641445
26113,LOF,0.10761766826197244,0.015985660296172995,0.8763966714418546
26114,LOF,0.09585944915740373,0.008853483972546787,0.8952870668700496
26115,LOF,0.012543767862404978,0.0649443855351072,0.9225118466024878
26116,LOF,0.0740759170006372,0.0329934389027106,0.8929306440966522
26117,LOF,0.4049500832790232,0.03173936198979531,0.5633105547311815
26118,LOF,0.04607079636525926,0.014640743883197686,0.9392884597515431
26119,LOF,0.006208382663238674,0.03352015126860693,0.9602714660681544
26120,LOF,0.03905538794689337,0.01496813256323058,0.9459764794898761
26121,LOF,0.004349776198910745,0.11927804119413214,0.876372182606957
