feature0,prediction,LoGoFunc_Neutral,LoGoFunc_GOF,LoGoFunc_LOF
25546,Neutral,0.6632202048717412,0.06697399416971772,0.2698058009585411
25547,LOF,0.31771000000665417,0.2830053805100412,0.3992846194833046
25548,LOF,0.27992995975910784,0.16612145849112067,0.5539485817497715
25549,LOF,0.19954657952723018,0.20188841555239342,0.5985650049203765
25550,Neutral,0.6061394946547861,0.06983708614598026,0.3240234191992336
25551,Neutral,0.46966078303242614,0.06785357051752508,0.46248564645004875
25552,LOF,0.10531868828691082,0.16987851415192884,0.7248027975611604
25553,Neutral,0.46830927221655844,0.07078711086937382,0.4609036169140678
25554,LOF,0.14141076527160465,0.24166907670541654,0.6169201580229788
25555,LOF,0.10450159686894321,0.1555919226521692,0.7399064804788875
25556,LOF,0.16651725745289309,0.19217485565454684,0.64130788689256
25557,LOF,0.09053768108550798,0.16438798142984085,0.7450743374846511
25558,LOF,0.16767375569111925,0.1885711562212343,0.6437550880876465
25559,Neutral,0.48292802738512014,0.12583725207980567,0.3912347205350741
25560,LOF,0.05923085546535118,0.3496275135048322,0.5911416310298168
25561,LOF,0.12553682811144942,0.24992114700000811,0.6245420248885425
25562,LOF,0.3489280971146296,0.11292807353535014,0.5381438293500203
25563,Neutral,0.5839093169115931,0.0503079063092915,0.36578277677911547
25564,LOF,0.04977985866920633,0.32125190348623694,0.6289682378445568
25565,LOF,0.13707575701990402,0.27604902236931955,0.5868752206107765
25566,GOF,0.06266586917144229,0.4974454454825333,0.4398886853460243
25567,LOF,0.3444028773548731,0.09298138979200336,0.5626157328531235
25568,Neutral,0.7035652792035424,0.0724321648241095,0.22400255597234808
25569,Neutral,0.6842227183353792,0.056915596381596295,0.2588616852830246
25570,LOF,0.0651428373137816,0.27229380952550786,0.6625633531607105
25571,LOF,0.07350180609553546,0.23710338473635492,0.6893948091681096
25572,LOF,0.3823676089138385,0.20362228837277013,0.4140101027133913
25573,LOF,0.3870217398927163,0.10266517001080291,0.5103130900964808
25574,GOF,0.09486757955207627,0.4850386952085208,0.42009372523940297
25575,LOF,0.06962252654858372,0.09654947262028753,0.8338280008311287
25576,LOF,0.32232412982004527,0.056906100763881,0.6207697694160738
25577,LOF,0.3351144744473233,0.08108001671344969,0.583805508839227
25578,Neutral,0.42968522402479253,0.21375538145113904,0.35655939452406843
25579,Neutral,0.42968522402479253,0.21375538145113904,0.35655939452406843
25580,LOF,0.05271217621593482,0.12725212968538227,0.8200356940986829
25581,Neutral,0.7112824317058037,0.054906254410178566,0.23381131388401782
25582,Neutral,0.7112824317058037,0.054906254410178566,0.23381131388401782
25583,LOF,0.05469895924213776,0.17342931682304602,0.7718717239348162
25584,LOF,0.3374660025771579,0.2956528923455755,0.36688110507726657
25585,LOF,0.323016959140497,0.10725027828346816,0.5697327625760349
25586,LOF,0.07181820828723462,0.16977944967506797,0.7584023420376974
25587,LOF,0.054271452902526635,0.14954341214095188,0.7961851349565214
25588,LOF,0.049246585268242174,0.19563109946382307,0.7551223152679348
25589,Neutral,0.6897296562653611,0.18461431130428677,0.1256560324303522
25590,LOF,0.2575095493425936,0.20016980726140177,0.5423206433960046
25591,Neutral,0.6823777240049457,0.07548149961155176,0.24214077638350262
25592,LOF,0.05327331786690617,0.11784467656892439,0.8288820055641695
25593,GOF,0.07332856367568794,0.6211292920971899,0.30554214422712234
25594,Neutral,0.7079790304151634,0.04687796836469097,0.24514300122014562
25595,Neutral,0.6893826275844093,0.05860014897419127,0.2520172234413996
25596,Neutral,0.5470717264524563,0.08894111372632668,0.3639871598212171
25597,Neutral,0.4431347441538051,0.15283604778556345,0.4040292080606314
25598,Neutral,0.7444238916314642,0.04418497361843122,0.2113911347501047
25599,GOF,0.04846825424794555,0.732467695041848,0.21906405071020643
25600,GOF,0.04731342127767146,0.6327655297526591,0.31992104896966933
25601,GOF,0.037783538158148965,0.5733279753025813,0.3888884865392698
25602,LOF,0.41174517295839125,0.0700083876934288,0.5182464393481799
25603,LOF,0.08575255508086348,0.1944944691644166,0.7197529757547199
25604,Neutral,0.44671224893094735,0.17684615475314472,0.3764415963159078
25605,LOF,0.021957903997568914,0.34055920502658,0.6374828909758511
25606,GOF,0.02312804115610712,0.5395749608962632,0.43729699794762983
25607,LOF,0.0352342454369323,0.2509187650761404,0.7138469894869273
25608,LOF,0.30799571753234123,0.13428115231623386,0.5577231301514249
25609,LOF,0.22516895062364853,0.11889832718450805,0.6559327221918434
25610,LOF,0.07829662306052672,0.13233306539376782,0.7893703115457055
25611,LOF,0.04759173059160709,0.14756231946273154,0.8048459499456614
25612,Neutral,0.655806404362748,0.06600919930428246,0.2781843963329695
25613,Neutral,0.6268200292752493,0.06193437514511766,0.31124559557963305
25614,LOF,0.062374002159105324,0.16383480800491063,0.773791189835984
25615,LOF,0.32176442665598004,0.1163264763595103,0.5619090969845096
25616,LOF,0.06285746078949708,0.33906065160598986,0.5980818876045131
25617,LOF,0.05726746612961122,0.08643009967877432,0.8563024341916144
25618,LOF,0.06297598967585012,0.20132091178965178,0.7357030985344981
25619,LOF,0.05988942316231754,0.24745328095143354,0.6926572958862489
25620,LOF,0.0486614326979209,0.2220153570475809,0.7293232102544982
25621,LOF,0.4131333484550904,0.054231935734505195,0.5326347158104044
25622,LOF,0.3829755620343297,0.10057934094369757,0.5164450970219728
25623,LOF,0.3695224171301575,0.11939987916408343,0.5110777037057591
25624,LOF,0.0498232467452743,0.2557091691706777,0.694467584084048
25625,LOF,0.35744169643567375,0.08293817221962327,0.559620131344703
25626,Neutral,0.6461161473130791,0.05809878090650354,0.2957850717804174
25627,GOF,0.03006704123129908,0.576939239794613,0.39299371897408786
25628,Neutral,0.46029318841631184,0.08280217019687232,0.4569046413868157
25629,Neutral,0.6899668564239716,0.05844578547707923,0.2515873580989491
25630,LOF,0.0737846640518085,0.36124043259840044,0.5649749033497911
25631,Neutral,0.54654823199704,0.25781842788648185,0.1956333401164782
25632,LOF,0.3931113974993697,0.032578959573238725,0.5743096429273916
25633,Neutral,0.42968522402479253,0.21375538145113904,0.35655939452406843
25634,Neutral,0.696184246810996,0.07448026807927059,0.2293354851097335
25635,LOF,0.0587709549203008,0.07082469415667902,0.87040435092302
25636,GOF,0.0667749771910917,0.5750640530911658,0.3581609697177425
25637,GOF,0.05393776428587519,0.5601941194976482,0.38586811621647665
25638,GOF,0.029305238267477732,0.7547877155695896,0.21590704616293255
25639,GOF,0.03724863112008707,0.5820640690244461,0.380687299855467
25640,GOF,0.09884651789311091,0.7831784809894491,0.11797500111744011
25641,LOF,0.051494233720868934,0.45399027383929547,0.49451549243983556
25642,Neutral,0.6927538466091154,0.10955752254639896,0.19768863084448557
25643,LOF,0.43673951932045274,0.06606393523712197,0.49719654544242525
25644,GOF,0.03750258969065581,0.6354471509229526,0.32705025938639165
25645,GOF,0.026985053445367686,0.6837670153228026,0.2892479312318297
25646,GOF,0.02970598475947772,0.63200628882595,0.3382877264145723
25647,GOF,0.06713223360664178,0.659924976796725,0.2729427895966332
25648,GOF,0.04441340894780347,0.7925009075512492,0.16308568350094735
25649,GOF,0.051958522313436,0.7431900253792737,0.20485145230729024
25650,GOF,0.11213630087486215,0.51588814222164,0.37197555690349776
25651,GOF,0.03533329546612851,0.5205473657120091,0.44411933882186233
25652,LOF,0.03114204774828072,0.4467688743912545,0.5220890778604648
25653,LOF,0.05211639498318737,0.4574375754384063,0.4904460295784062
25654,GOF,0.04918722960741923,0.604762607947882,0.34605016244469883
25655,GOF,0.03946462983806146,0.7727582070888096,0.18777716307312897
25656,LOF,0.04375676325989933,0.2097212942530877,0.746521942487013
25657,Neutral,0.5301973802667395,0.026958281910036297,0.44284433782322413
25658,LOF,0.05388564056163831,0.42840798129065694,0.5177063781477047
25659,LOF,0.16816294764578676,0.2914048259529601,0.5404322264012531
25660,LOF,0.10773213289875988,0.22650683909295893,0.6657610280082812
25661,LOF,0.07039792240038348,0.1819068151754109,0.7476952624242056
25662,LOF,0.04938766243246611,0.24651158882378738,0.7041007487437465
25663,LOF,0.08101852750053093,0.17601163679551063,0.7429698357039585
25664,LOF,0.2704929334399026,0.10940935182691057,0.6200977147331868
25665,Neutral,0.6119934248021572,0.07991665659896578,0.308089918598877
25666,LOF,0.38486100897195324,0.06291503853804324,0.5522239524900034
25667,LOF,0.06378286732386486,0.10018577214574213,0.836031360530393
25668,LOF,0.05439424270296803,0.13467437128460547,0.8109313860124264
25669,LOF,0.055050823790256755,0.18568866617798335,0.7592605100317599
25670,LOF,0.37941227083860524,0.08469117484203242,0.5358965543193623
25671,LOF,0.060475037777102385,0.1530200859493671,0.7865048762735305
25672,Neutral,0.6256265435501266,0.08090657574956991,0.29346688070030336
25673,LOF,0.24744083779042192,0.14851193707944152,0.6040472251301365
25674,LOF,0.38018646760928765,0.13718053566506755,0.48263299672564475
25675,LOF,0.37780569503010486,0.19512086138552426,0.427073443584371
25676,LOF,0.04622423089144091,0.1803020223076931,0.773473746800866
25677,LOF,0.04690034934488761,0.14477426162522028,0.8083253890298921
25678,Neutral,0.4833672162774112,0.16920263405011982,0.347430149672469
25679,Neutral,0.5640805426293815,0.11631575203938793,0.3196037053312306
25680,LOF,0.10501580947298926,0.16106473799715962,0.733919452529851
25681,LOF,0.10474398593668992,0.21115470749475448,0.6841013065685556
25682,LOF,0.06270885802218568,0.2318226980962933,0.7054684438815211
25683,LOF,0.3755824506912374,0.13277890536152184,0.4916386439472409
25684,LOF,0.08664088733418812,0.23184816119344925,0.6815109514723626
25685,Neutral,0.4707289035932974,0.21485524695109584,0.3144158494556067
25686,GOF,0.0867782257391642,0.564327339737746,0.34889443452308994
25687,GOF,0.1526086061523647,0.5387965107273689,0.3085948831202664
25688,GOF,0.03536794906734348,0.5907136499385273,0.37391840099412926
25689,LOF,0.039391329672814515,0.41011843895218236,0.5504902313750031
25690,GOF,0.017577044841118834,0.6097258256564391,0.37269712950244216
25691,GOF,0.04404186191186029,0.564150620228194,0.3918075178599458
25692,Neutral,0.46774112039055926,0.08891728273808162,0.44334159687135904
25693,GOF,0.10808070312890071,0.6752182004653627,0.2167010964057366
25694,Neutral,0.4749037551904459,0.05277304943223555,0.47232319537731865
25695,LOF,0.15806259419777388,0.13592507411540558,0.7060123316868205
25696,Neutral,0.4459159390142162,0.13317755503817036,0.42090650594761336
25697,Neutral,0.5271333310393314,0.11156887056350946,0.36129779839715925
25698,GOF,0.05260001854606466,0.7603877710842968,0.18701221036963858
25699,GOF,0.03272799792603644,0.6662052374910538,0.3010667645829097
25700,LOF,0.06562543106388083,0.10374961037256061,0.8306249585635586
25701,LOF,0.038160679396097276,0.4494398835122237,0.512399437091679
25702,GOF,0.07249398305840642,0.7079425658696143,0.21956345107197914
25703,LOF,0.3762612803512162,0.033869349182999435,0.5898693704657845
25704,LOF,0.05078419171045095,0.15262352455241154,0.7965922837371374
25705,LOF,0.10743045202593438,0.17567937834306285,0.7168901696310028
25706,GOF,0.0629645210545506,0.6454047154826239,0.2916307634628255
25707,GOF,0.02887237536207042,0.5085723448473434,0.46255527979058625
25708,LOF,0.049491319518775126,0.47304752984616033,0.47746115063506456
25709,LOF,0.053939703972865294,0.12290444624341007,0.8231558497837246
25710,LOF,0.4093212752839344,0.10488512882657798,0.48579359588948756
25711,LOF,0.05397167091343963,0.2496139320376599,0.6964143970489005
25712,Neutral,0.5815006982204026,0.09073771809257306,0.32776158368702435
25713,LOF,0.0766480990683504,0.15256714635743193,0.7707847545742177
25714,LOF,0.06686737030151309,0.35273567771042036,0.5803969519880665
25715,LOF,0.05418472036511058,0.2751537248458226,0.6706615547890669
25716,Neutral,0.3850341242178222,0.2597996801397088,0.3551661956424692
25717,Neutral,0.46734812284298155,0.11425354760191066,0.41839832955510786
25718,LOF,0.052463483076210286,0.1346261440354031,0.8129103728883866
25719,LOF,0.06294808559326605,0.17872035128809877,0.7583315631186351
25720,LOF,0.06681760040119351,0.0861250912256327,0.8470573083731738
25721,LOF,0.05199165480627577,0.08387002716205011,0.8641383180316741
25722,LOF,0.06620761496612977,0.15729436471226682,0.7764980203216035
25723,LOF,0.05593930928952028,0.3561403300305727,0.587920360679907
25724,LOF,0.0625880458496321,0.24947706463999614,0.6879348895103717
25725,LOF,0.08317841402375994,0.1531136078004981,0.763707978175742
25726,LOF,0.04934889719350728,0.1654942198628628,0.7851568829436298
25727,LOF,0.06284570979809362,0.12569310259144334,0.811461187610463
25728,LOF,0.05045217825477439,0.21420009993804454,0.735347721807181
25729,LOF,0.05045217825477439,0.21420009993804454,0.735347721807181
25730,LOF,0.04104043800992664,0.24854782908509745,0.710411732904976
25731,LOF,0.24589866974633176,0.08730828297005085,0.6667930472836173
25732,LOF,0.07493457217105216,0.1558342300596459,0.7692311977693019
25733,LOF,0.044648767674452354,0.2902580270184795,0.6650932053070683
25734,LOF,0.2917698239515224,0.07266487557289632,0.6355653004755812
25735,LOF,0.045137825853194605,0.181541799474186,0.7733203746726195
25736,LOF,0.052204961178691896,0.21976867209906506,0.7280263667222431
25737,LOF,0.04950139766029281,0.21112771180444212,0.7393708905352651
25738,LOF,0.04930552416290922,0.2882421068771965,0.6624523689598942
25739,LOF,0.05729444241934191,0.21861803287284387,0.7240875247078141
25740,LOF,0.08526867606353185,0.17240320148937224,0.7423281224470959
25741,LOF,0.09200071467144236,0.14815870208906323,0.7598405832394944
25742,LOF,0.11436625207677782,0.2597414667179786,0.6258922812052435
25743,LOF,0.2725396190458555,0.07516821752229924,0.6522921634318453
25744,GOF,0.04558124167385668,0.6607392616254903,0.29367949670065296
25745,GOF,0.03703552219226232,0.7371525726866754,0.22581190512106222
25746,GOF,0.044584180688873314,0.7234871945528608,0.23192862475826576
25747,LOF,0.048889313988482556,0.1280467868914838,0.8230638991200336
25748,Neutral,0.42968522402479253,0.21375538145113904,0.35655939452406843
25749,GOF,0.03154365892657822,0.6812073964907042,0.28724894458271766
25750,GOF,0.03624647294808346,0.6880996637748112,0.2756538632771054
25751,LOF,0.05463346116513362,0.2668548039665924,0.6785117348682741
25752,LOF,0.24162478620826972,0.3631008818889208,0.3952743319028094
25753,LOF,0.2859963612579136,0.08069224220738433,0.633311396534702
25754,GOF,0.034124823905661,0.6572001366263502,0.3086750394679888
25755,LOF,0.21496263048053552,0.11554665582986803,0.6694907136895963
25756,Neutral,0.6763002762698034,0.06489605948466506,0.25880366424553164
25757,GOF,0.04887461442912712,0.6752888663416784,0.2758365192291945
25758,GOF,0.03561703282401817,0.7025927356162864,0.2617902315596954
25759,GOF,0.023562961556479568,0.6419263566407247,0.3345106818027957
25760,LOF,0.3072745269986666,0.13982149584752845,0.552903977153805
25761,GOF,0.028946921718989552,0.7413607462585452,0.2296923320224652
25762,Neutral,0.696184246810996,0.07448026807927059,0.2293354851097335
25763,LOF,0.2814526425015408,0.06054310000896882,0.6580042574894904
25764,GOF,0.16886750996578329,0.5381219089784913,0.2930105810557254
25765,GOF,0.027528097573285278,0.6776285882812126,0.2948433141455022
25766,GOF,0.05189955440069087,0.6675548981576703,0.2805455474416387
25767,GOF,0.041202364452125884,0.7542139162723653,0.20458371927550886
25768,LOF,0.05196477221909819,0.18193106526850894,0.7661041625123929
25769,LOF,0.058028701839643135,0.1387845539498809,0.8031867442104761
25770,Neutral,0.6282021890193156,0.06271657186507971,0.30908123911560476
25771,LOF,0.25133921669682724,0.10635591053502223,0.6423048727681505
25772,LOF,0.06598662189333013,0.11249142226585629,0.8215219558408136
25773,Neutral,0.4794965554595722,0.06999127501464644,0.45051216952578127
25774,Neutral,0.6688562966177998,0.0810337870585458,0.25010991632365437
25775,LOF,0.24045950276314876,0.043268842824677245,0.716271654412174
25776,LOF,0.041195366663780444,0.12090695717853743,0.8378976761576821
25777,Neutral,0.6329428218741409,0.054700683874891326,0.3123564942509678
25778,LOF,0.07213697290676604,0.08795565459595273,0.8399073724972812
25779,GOF,0.06155764867014679,0.7001457450311686,0.23829660629868468
25780,GOF,0.05155222622322084,0.8054722249090858,0.14297554886769348
25781,GOF,0.049517369152124124,0.7862107510483145,0.16427187979956154
25782,GOF,0.04107287972048131,0.7284780189084548,0.23044910137106384
25783,GOF,0.061611944989934615,0.7471460544774428,0.19124200053262283
25784,GOF,0.07008470520576886,0.7403944206021127,0.18952087419211844
25785,GOF,0.057414941277183676,0.7434200136314718,0.1991650450913445
25786,GOF,0.04354508171531199,0.7432744991813909,0.21318041910329713
25787,GOF,0.03836565067149963,0.5034434781087105,0.4581908712197899
25788,LOF,0.06166867942252227,0.13105588710053948,0.8072754334769382
25789,GOF,0.048018277938587074,0.7563109696481066,0.19567075241330623
25790,GOF,0.05308104617119739,0.7165555053014342,0.23036344852736831
25791,GOF,0.028099163210436314,0.73841539566114,0.2334854411284238
25792,GOF,0.028373595802142906,0.7371397185693476,0.23448668562850963
25793,GOF,0.027553896778551877,0.7161933189604427,0.2562527842610054
25794,GOF,0.056652649404703194,0.70703264738753,0.23631470320776674
25795,GOF,0.09361354308565983,0.7011902392748508,0.20519621763948936
25796,GOF,0.04236478773707108,0.722588898905181,0.235046313357748
25797,GOF,0.05066618820989948,0.7213592976218052,0.22797451416829528
25798,GOF,0.06388037176220478,0.8149425365129457,0.12117709172484953
25799,GOF,0.09525123236814687,0.7268488655732255,0.17789990205862774
25800,GOF,0.0860280671872823,0.7598805631059756,0.1540913697067421
25801,GOF,0.07882002859353668,0.7471409964951012,0.1740389749113621
25802,GOF,0.0859446804819574,0.7356164238946978,0.17843889562334478
25803,GOF,0.048263949580668514,0.6832197736161956,0.2685162768031358
25804,GOF,0.08059694641007517,0.6603850104953802,0.2590180430945446
25805,GOF,0.05408122390806557,0.727448708554202,0.2184700675377326
25806,GOF,0.05245681487158492,0.7221021045589985,0.22544108056941656
25807,GOF,0.06943618967365117,0.6495251702321658,0.28103864009418317
25808,GOF,0.06673569558950461,0.7304669595920276,0.20279734481846798
25809,GOF,0.04792396029869755,0.769561186932705,0.18251485276859755
25810,GOF,0.044771826424145636,0.7900984918842582,0.16512968169159611
25811,GOF,0.054384461414750965,0.5199926067407544,0.4256229318444947
25812,GOF,0.04629854085852154,0.7954742274304003,0.1582272317110782
25813,GOF,0.052494134665724564,0.7680522692533394,0.179453596080936
25814,GOF,0.07802630723041656,0.7660705268242585,0.15590316594532488
25815,GOF,0.043991888539167426,0.7561040791986435,0.19990403226218892
25816,GOF,0.03830086982731722,0.7681852660302276,0.19351386414245506
25817,GOF,0.03308634279948694,0.7464737995419681,0.22043985765854499
25818,GOF,0.03336352142593236,0.6670769900503097,0.2995594885237579
25819,GOF,0.06765898601229578,0.7119892620494956,0.2203517519382086
25820,GOF,0.06349487457664989,0.7487089205161959,0.18779620490715407
25821,GOF,0.06370097128648919,0.7544962323249594,0.1818027963885512
25822,GOF,0.07032185711961413,0.6886050203296404,0.24107312255074562
25823,GOF,0.10263505706841705,0.6044223054707002,0.2929426374608828
25824,GOF,0.0762408971665026,0.6902807196886938,0.23347838314480363
25825,GOF,0.07330256170152626,0.6906684966162573,0.23602894168221641
25826,GOF,0.0762408971665026,0.6902807196886938,0.23347838314480363
25827,GOF,0.05210340075885829,0.7630936114150055,0.1848029878261362
25828,GOF,0.0486104718649316,0.7353820588177578,0.21600746931731082
25829,LOF,0.40582485915451477,0.056083984355366524,0.5380911564901186
25830,LOF,0.04278690351799209,0.23729219270608098,0.7199209037759269
25831,GOF,0.04069179655430481,0.5977609819740508,0.36154722147164436
25832,GOF,0.055820813333932635,0.6997625122954282,0.24441667437063913
25833,GOF,0.053999486371827554,0.7083067443692551,0.23769376925891736
25834,GOF,0.051899625621238454,0.6593691433392629,0.2887312310394986
25835,GOF,0.0517617810637571,0.690219064988875,0.25801915394736796
25836,GOF,0.04615375031525708,0.6652021318762038,0.28864411780853905
25837,GOF,0.04853721494315553,0.6592186529433345,0.29224413211350986
25838,GOF,0.047869559176501285,0.6576819934440731,0.29444844737942566
25839,GOF,0.058324277168796235,0.5907697849759399,0.3509059378552639
25840,GOF,0.03231834362530699,0.6714728365734407,0.2962088198012523
25841,GOF,0.03232907626587824,0.6599897354026678,0.3076811883314539
25842,GOF,0.02849832451358392,0.6720914899649693,0.2994101855214468
25843,GOF,0.02932596328367897,0.6693817307359349,0.30129230598038614
25844,GOF,0.03482055453190196,0.6128785585099132,0.35230088695818473
25845,GOF,0.03560956423692902,0.662159993575579,0.30223044218749207
25846,GOF,0.03412247480331663,0.6132676965584976,0.3526098286381858
25847,GOF,0.06384678248107352,0.5845804405425307,0.35157277697639583
25848,GOF,0.044954312978554935,0.6942123793920291,0.260833307629416
25849,GOF,0.043030143414814974,0.6927291052029861,0.264240751382199
25850,GOF,0.1171409031305476,0.6949771647484139,0.1878819321210385
25851,GOF,0.12798732927155043,0.676444190604859,0.19556848012359043
25852,GOF,0.14195743519427917,0.5346035253258596,0.32343903947986125
25853,GOF,0.10792658045274948,0.6896471100213702,0.20242630952588034
25854,GOF,0.05096986404706031,0.7990970551656754,0.14993308078726436
25855,GOF,0.05399233537673318,0.7818072277050996,0.16420043691816721
25856,GOF,0.0537940785621353,0.7821002370331406,0.16410568440472412
25857,GOF,0.05614594718542198,0.7938341958565616,0.15001985695801642
25858,GOF,0.05995782750829238,0.7056427943146348,0.2343993781770728
25859,GOF,0.05893086190178647,0.7183722774947704,0.22269686060344315
25860,GOF,0.0635948360740838,0.5531184546641431,0.3832867092617731
25861,GOF,0.05017221800066395,0.5805992323623582,0.3692285496369778
25862,GOF,0.030926190541859848,0.71934971156441,0.24972409789373015
25863,GOF,0.03367765437445323,0.7436220651649452,0.22270028046060159
25864,GOF,0.042786839691285446,0.7896332607061776,0.16757989960253705
25865,GOF,0.04411315303960182,0.8058167009857501,0.15007014597464824
25866,GOF,0.04129010227997648,0.8059666763285569,0.15274322139146668
25867,GOF,0.04131148352634457,0.8030518854027231,0.15563663107093226
25868,GOF,0.04048796212360502,0.6885537986874136,0.2709582391889815
25869,GOF,0.04532607985819464,0.744924753533811,0.20974916660799436
25870,LOF,0.04485961331212894,0.22726148698569257,0.7278788997021785
25871,GOF,0.03973514166871213,0.6954870936175204,0.2647777647137675
25872,GOF,0.04768015883171677,0.49051498423328194,0.4618048569350013
25873,GOF,0.05854749077460325,0.6013894921499335,0.3400630170754631
25874,LOF,0.06816061214413113,0.09394360882099531,0.8378957790348736
25875,GOF,0.07271391546737348,0.6959334166033868,0.23135266792923972
25876,LOF,0.46527273833872346,0.06867447206387894,0.46605278959739765
25877,GOF,0.051748408880803155,0.5853593341889436,0.3628922569302533
25878,GOF,0.038980014021752385,0.7260161641351749,0.23500382184307272
25879,GOF,0.04507029893925787,0.49779192486950674,0.4571377761912355
25880,LOF,0.07274811987576653,0.14318496652209037,0.7840669136021432
25881,Neutral,0.7333983860262494,0.18193971634940492,0.0846618976243456
25882,LOF,0.3535890476420469,0.13818924114243997,0.5082217112155131
25883,LOF,0.07181547704409111,0.11507727936612841,0.8131072435897805
25884,LOF,0.4324765465883911,0.10098413033959348,0.46653932307201534
25885,Neutral,0.5581198916476275,0.010819748540455225,0.4310603598119172
25886,Neutral,0.42968522402479253,0.21375538145113904,0.35655939452406843
25887,Neutral,0.442449632374306,0.3665480085393566,0.19100235908633748
25888,GOF,0.07384459451127913,0.5370783993315308,0.38907700615719004
25889,LOF,0.2276691576606177,0.1724200520540711,0.5999107902853112
25890,LOF,0.1518124855239689,0.2842683954348571,0.563919119041174
25891,LOF,0.29998401319917595,0.2762089352572567,0.42380705154356724
25892,LOF,0.014575885394427557,0.420806893123682,0.5646172214818904
25893,LOF,0.38981543973829924,0.15701105340400484,0.45317350685769603
25894,LOF,0.42168292836460775,0.08846303143533277,0.4898540402000594
25895,LOF,0.4236110247424799,0.10035427019074143,0.47603470506677864
25896,Neutral,0.6335508198869071,0.06333675036069776,0.3031124297523952
25897,LOF,0.2329842002499178,0.17878740981500182,0.5882283899350803
25898,GOF,0.05563923556070747,0.7262399965506345,0.21812076788865797
25899,Neutral,0.42968522402479253,0.21375538145113904,0.35655939452406843
25900,Neutral,0.8080557316101387,0.051848727500858116,0.14009554088900333
25901,LOF,0.062272436558400576,0.09579170933303695,0.8419358541085625
25902,LOF,0.3488115565147531,0.16053411836159331,0.49065432512365353
25903,LOF,0.19140947317097126,0.30563486632560855,0.5029556605034201
25904,Neutral,0.42968522402479253,0.21375538145113904,0.35655939452406843
25905,LOF,0.06943595082182048,0.41190252155612833,0.5186615276220512
25906,LOF,0.3546831055339778,0.07870951402867708,0.5666073804373452
25907,GOF,0.048357445574119286,0.4907911492851955,0.4608514051406853
25908,GOF,0.04064918585237141,0.601750359530929,0.3576004546166996
25909,LOF,0.08660845827150133,0.3827677035380671,0.5306238381904316
25910,LOF,0.023213417050001253,0.41719091024318045,0.5595956727068183
25911,Neutral,0.6851052330088847,0.0645585427542014,0.2503362242369139
25912,Neutral,0.5092377291272091,0.032362356033712486,0.4583999148390784
25913,GOF,0.024617840464609717,0.5686897578107654,0.40669240172462495
25914,LOF,0.04559602823218893,0.2735525233803975,0.6808514483874136
25915,GOF,0.08512644800650869,0.6479981519057969,0.2668754000876945
25916,GOF,0.09149768375452116,0.7527895303572687,0.1557127858882102
25917,Neutral,0.7507393004247301,0.05627106373780695,0.19298963583746293
25918,LOF,0.05748209425126881,0.24417732554843236,0.6983405802002989
25919,LOF,0.049767275337163165,0.09506482315905863,0.8551679015037783
25920,LOF,0.3401792753653717,0.31172274186008586,0.3480979827745424
25921,LOF,0.3602790592905924,0.04400364294931433,0.5957172977600932
25922,LOF,0.25609486555414707,0.04086780926380828,0.7030373251820446
25923,Neutral,0.42968522402479253,0.21375538145113904,0.35655939452406843
25924,LOF,0.28119038715341715,0.13793888309132293,0.5808707297552599
25925,Neutral,0.6266508438941952,0.07365559142092362,0.2996935646848812
25926,Neutral,0.678911870921121,0.08414095218488882,0.23694717689399003
25927,GOF,0.03492362748985925,0.5039043646711192,0.46117200783902146
25928,LOF,0.3085030190354134,0.07220737618916866,0.6192896047754178
25929,Neutral,0.42968522402479253,0.21375538145113904,0.35655939452406843
25930,LOF,0.05187826999362152,0.14503038934531087,0.8030913406610676
25931,LOF,0.3797042231919671,0.09889501318487191,0.5214007636231609
25932,LOF,0.07685814123167135,0.09196347368271,0.8311783850856188
25933,LOF,0.07478339806898585,0.12089227333394477,0.8043243285970694
25934,LOF,0.08349586749882226,0.15189514187852052,0.7646089906226572
25935,Neutral,0.6688562966177998,0.0810337870585458,0.25010991632365437
25936,LOF,0.06679740041660145,0.10001544886065433,0.8331871507227442
25937,LOF,0.3232444165453347,0.1858719047986855,0.49088367865597965
25938,Neutral,0.6851052330088847,0.0645585427542014,0.2503362242369139
25939,LOF,0.04569139672884554,0.14323073295628658,0.8110778703148679
25940,GOF,0.1046619965958633,0.7459614061186465,0.1493765972854901
25941,Neutral,0.5241446197805338,0.1612174832693545,0.31463789695011163
25942,LOF,0.2467388325749475,0.13403771740071008,0.6192234500243424
25943,LOF,0.02498421795012817,0.3645194821627572,0.6104962998871146
25944,LOF,0.01997305676028557,0.42226806343821605,0.5577588798014983
25945,LOF,0.041544394973052075,0.13419078274646373,0.8242648222804843
25946,LOF,0.4231665205450082,0.07244657025301895,0.5043869092019728
25947,Neutral,0.7210428207038674,0.06956138968280554,0.20939578961332708
25948,LOF,0.4535677789713002,0.07429885935101384,0.47213336167768594
25949,LOF,0.38648353745437425,0.07250851166759385,0.5410079508780319
25950,GOF,0.0543142516097626,0.6233965572048022,0.32228919118543514
25951,GOF,0.024995285954718803,0.7094396378978727,0.2655650761474086
25952,LOF,0.17671827700470333,0.3727023612116419,0.45057936178365476
25953,LOF,0.04062022964353448,0.3265835946119062,0.6327961757445594
25954,GOF,0.040879959387242364,0.7263543165300942,0.2327657240826636
25955,GOF,0.02516438469603606,0.6048797213637053,0.3699558939402588
25956,GOF,0.05017460693960513,0.5661462097144389,0.38367918334595597
25957,Neutral,0.6211209557741312,0.03876263851120495,0.34011640571466395
25958,LOF,0.08661179324088293,0.1230444867631503,0.7903437199959668
25959,LOF,0.021161327455321267,0.46779281290975583,0.5110458596349229
25960,LOF,0.30743785969913634,0.05249560834301775,0.6400665319578459
25961,LOF,0.04221329699344155,0.37766920382487484,0.5801174991816835
25962,LOF,0.3766640150299213,0.04208317011832481,0.5812528148517538
25963,GOF,0.03886686504291897,0.5840904773497548,0.37704265760732614
25964,LOF,0.06656276981140326,0.31256557985933475,0.6208716503292621
25965,GOF,0.14252255045606138,0.5391048710236538,0.31837257852028483
25966,Neutral,0.42968522402479253,0.21375538145113904,0.35655939452406843
25967,LOF,0.3814977785106851,0.08710427391233569,0.5313979475769792
25968,GOF,0.24152317675878518,0.5513422234123924,0.2071345998288224
25969,Neutral,0.5829217636536232,0.057504378034531574,0.35957385831184524
25970,LOF,0.37508787714333863,0.19828913478226137,0.4266229880743999
25971,LOF,0.10465175458296654,0.18834557000226032,0.7070026754147732
25972,LOF,0.11552470785108471,0.14719049130628525,0.73728480084263
25973,LOF,0.3639064879996159,0.05057801157194148,0.5855155004284427
25974,GOF,0.09780518272412182,0.5036756470198319,0.3985191702560463
25975,LOF,0.050030726847437285,0.07133856177316295,0.8786307113793999
25976,LOF,0.3729988259449217,0.01575968418079123,0.6112414898742871
25977,Neutral,0.5522438132851415,0.06411624568578168,0.3836399410290769
25978,LOF,0.1651991713120876,0.18891842112923649,0.645882407558676
25979,LOF,0.09561553816894636,0.18897900332059356,0.71540545851046
25980,LOF,0.20608085587155398,0.3737998461965496,0.4201192979318964
25981,GOF,0.21553111420123855,0.44394334369898125,0.34052554209978014
25982,LOF,0.1709253895510647,0.3054178320247195,0.5236567784242158
25983,LOF,0.11315871796653615,0.314387322424275,0.5724539596091889
25984,LOF,0.06868136380547876,0.09576189862099259,0.8355567375735287
25985,Neutral,0.754925647092562,0.15371723349805236,0.09135711940938554
25986,GOF,0.04172352595156402,0.6350955458527007,0.3231809281957354
25987,LOF,0.38378454009002305,0.043464931294605644,0.5727505286153713
25988,LOF,0.05224243031610391,0.23908095271647234,0.7086766169674237
25989,LOF,0.06648677450632728,0.24939892426802948,0.6841143012256432
25990,LOF,0.049684981525980346,0.28847155746132597,0.6618434610126938
25991,GOF,0.04971130091888712,0.5736127557053068,0.3766759433758061
25992,GOF,0.07546980195192551,0.485079442088121,0.4394507559599536
25993,LOF,0.06315786464978956,0.09417276674907908,0.8426693686011314
25994,LOF,0.07876215953763542,0.1310608515266458,0.7901769889357189
25995,LOF,0.0448032684038282,0.20137594907811562,0.7538207825180562
25996,GOF,0.3184099430955772,0.4526367404060478,0.22895331649837497
25997,GOF,0.1809728135558907,0.5402347201523678,0.2787924662917416
25998,LOF,0.24128632548176165,0.295412417534219,0.4633012569840193
25999,LOF,0.022216505964795793,0.34273054497916833,0.6350529490560359
26000,LOF,0.3747609571800422,0.08523267868386836,0.5400063641360894
26001,LOF,0.15885799865667644,0.3691013489186781,0.4720406524246454
26002,LOF,0.32485455760619114,0.11477267259170212,0.5603727698021066
26003,GOF,0.07613864278441713,0.6651464454769712,0.2587149117386117
26004,GOF,0.14135422869895997,0.6753287127858357,0.18331705851520413
26005,GOF,0.040539861925534604,0.7732452101346459,0.1862149279398196
26006,GOF,0.05929432595512646,0.6582636388270688,0.28244203521780475
26007,GOF,0.03132072395835967,0.793865386938401,0.17481388910323942
26008,GOF,0.12035719130752574,0.6862519424111605,0.19339086628131374
26009,GOF,0.09853472167423256,0.6628904355796162,0.23857484274615104
26010,GOF,0.04551461110977808,0.7620185709765966,0.19246681791362522
26011,GOF,0.04148336430454663,0.6182888555174776,0.3402277801779757
26012,GOF,0.045922823828330135,0.7567064357945827,0.19737074037708696
26013,GOF,0.05856810541824338,0.6585917078933958,0.28284018668836086
26014,Neutral,0.519140954651078,0.031977665332417575,0.4488813800165045
26015,LOF,0.24640848286064707,0.27230654717031993,0.481284969969033
26016,LOF,0.22855195376003126,0.28521368141635606,0.48623436482361265
26017,LOF,0.03832083779166933,0.4548428185288515,0.5068363436794793
26018,LOF,0.037322916483153196,0.2790597376067906,0.6836173459100562
26019,LOF,0.0457194335649049,0.10315400257949818,0.8511265638555969
26020,LOF,0.024874462401903587,0.4472613273292345,0.5278642102688619
26021,LOF,0.38580729368831246,0.1182177152649719,0.4959749910467158
26022,LOF,0.2874718116153223,0.05498504064991761,0.6575431477347601
26023,LOF,0.07791517885305155,0.06256456560684602,0.8595202555401025
26024,LOF,0.14287361772428764,0.17413945766873828,0.6829869246069741
26025,LOF,0.04039272695428728,0.38654960293780954,0.5730576701079032
26026,LOF,0.04235163878472638,0.4444937889440397,0.513154572271234
26027,LOF,0.07282720254817265,0.19303675779767987,0.7341360396541475
26028,GOF,0.15783379119481902,0.4597712838229851,0.38239492498219574
26029,GOF,0.06304711888927798,0.7455026542408693,0.19145022686985272
26030,Neutral,0.6459327017571155,0.04062808300790636,0.3134392152349782
26031,GOF,0.03566836923991093,0.6552119988675166,0.3091196318925726
26032,LOF,0.05683709001914174,0.15473908465593741,0.7884238253249207
26033,LOF,0.05703239626591544,0.12758159927121704,0.8153860044628675
26034,GOF,0.03109539388405789,0.6532718610852646,0.31563274503067756
26035,GOF,0.03448002993202021,0.6250316611509713,0.34048830891700843
26036,GOF,0.032129330005066244,0.5222399965962424,0.44563067339869133
26037,GOF,0.04136741820462725,0.6027296234334765,0.3559029583618961
26038,LOF,0.057935270480015434,0.1054474600491211,0.8366172694708635
26039,GOF,0.04081612347585544,0.5263770473501602,0.43280682917398444
26040,LOF,0.0531066004097054,0.134186106692135,0.8127072928981597
26041,GOF,0.07479531601845657,0.5626902755519987,0.36251440842954474
26042,GOF,0.06969726939930045,0.5508662431493677,0.37943648745133196
26043,LOF,0.04176251310298165,0.2525260128511387,0.7057114740458796
26044,Neutral,0.4504655450348702,0.1305438538476813,0.4189906011174487
26045,GOF,0.05045967638587882,0.6909164723001718,0.25862385131394944
26046,LOF,0.06061851202405976,0.2435328185206643,0.6958486694552759
26047,LOF,0.11511746611963591,0.17301907176558573,0.7118634621147784
26048,Neutral,0.572205976160666,0.08807021034873269,0.3397238134906012
26049,Neutral,0.623767216991579,0.13335925354081038,0.24287352946761068
26050,Neutral,0.6688562966177998,0.0810337870585458,0.25010991632365437
26051,GOF,0.03577846273269297,0.6325928273491072,0.33162870991819976
26052,GOF,0.04750220245793689,0.7785981120604256,0.17389968548163753
26053,LOF,0.4465112977058558,0.0472569599697281,0.5062317423244161
26054,Neutral,0.6851052330088847,0.0645585427542014,0.2503362242369139
26055,Neutral,0.6851052330088847,0.0645585427542014,0.2503362242369139
26056,Neutral,0.6851052330088847,0.0645585427542014,0.2503362242369139
26057,LOF,0.05527172133197726,0.14717807646709766,0.7975502022009251
26058,LOF,0.0661442870654995,0.14230560542901324,0.7915501075054873
26059,Neutral,0.8337554358428285,0.05400441848508797,0.11224014567208357
26060,GOF,0.03957181952679638,0.6849876179423519,0.2754405625308518
26061,LOF,0.3379074385685823,0.049198435916174905,0.6128941255152428
26062,LOF,0.4074984368456834,0.059408789295880685,0.533092773858436
26063,LOF,0.07719297455678618,0.07500046167688276,0.847806563766331
26064,LOF,0.3746516612310508,0.041661713602067434,0.5836866251668817
26065,LOF,0.04659225358941445,0.14577696818132493,0.8076307782292608
26066,LOF,0.07616051050560196,0.13850530525184016,0.7853341842425579
26067,LOF,0.062097955215352815,0.1658586701385201,0.772043374646127
26068,Neutral,0.6256265435501266,0.08090657574956991,0.29346688070030336
26069,Neutral,0.6052219469625685,0.08747421488582859,0.30730383815160284
26070,Neutral,0.6052219469625685,0.08747421488582859,0.30730383815160284
26071,LOF,0.07624464942921781,0.13684185071141688,0.7869134998593653
26072,LOF,0.3657682297998223,0.1102698631408833,0.5239619070592944
26073,LOF,0.08228255558942961,0.0972827367014416,0.8204347077091287
26074,Neutral,0.8089318975116684,0.061929425834666325,0.12913867665366535
26075,Neutral,0.6175970298107439,0.08969086758646293,0.29271210260279296
26076,LOF,0.052162538075478625,0.27711766343977484,0.6707197984847465
26077,Neutral,0.6037462741828019,0.03854147258885757,0.35771225322834055
26078,LOF,0.39476974160433015,0.15691365049940395,0.44831660789626593
26079,Neutral,0.6674248931637874,0.09734712272999678,0.23522798410621584
26080,Neutral,0.6674248931637874,0.09734712272999678,0.23522798410621584
26081,LOF,0.05592516956681594,0.08724862794602027,0.8568262024871638
26082,LOF,0.3771996158044376,0.10697779875761765,0.5158225854379447
26083,LOF,0.038041803432071954,0.21898058439615953,0.7429776121717685
26084,LOF,0.038041803432071954,0.21898058439615953,0.7429776121717685
26085,LOF,0.04216711162375528,0.15305814163607998,0.8047747467401648
26086,LOF,0.04877476915204768,0.14529899778963565,0.8059262330583166
26087,LOF,0.040758643379461335,0.2653097627414087,0.6939315938791298
26088,LOF,0.41391004527159714,0.10678168205023758,0.47930827267816534
26089,Neutral,0.6635184865664744,0.08241281695619117,0.25406869647733454
26090,Neutral,0.6635184865664744,0.08241281695619117,0.25406869647733454
26091,LOF,0.09689560864130867,0.0788462613172819,0.8242581300414095
26092,LOF,0.06249903813453194,0.09096672897171469,0.8465342328937534
26093,LOF,0.06660767829622061,0.08852537166949308,0.8448669500342864
26094,LOF,0.0883198906397229,0.09026750725395477,0.8214126021063223
26095,LOF,0.32930579518657177,0.06728138375930125,0.603412821054127
26096,Neutral,0.5305020252138557,0.032385863483031054,0.4371121113031133
26097,LOF,0.269472878933619,0.06439248106411082,0.6661346400022702
26098,Neutral,0.6763002762698034,0.06489605948466506,0.25880366424553164
26099,LOF,0.04062495849738425,0.2801170258029458,0.67925801569967
26100,LOF,0.04062495849738425,0.2801170258029458,0.67925801569967
26101,LOF,0.06970683356109447,0.15773157246909686,0.7725615939698087
26102,LOF,0.0661628898721549,0.13450172067435948,0.7993353894534856
26103,Neutral,0.42968522402479253,0.21375538145113904,0.35655939452406843
26104,Neutral,0.7169347522316,0.08492850822848125,0.19813673953991873
26105,LOF,0.2849660959304855,0.10155993584654047,0.6134739682229741
26106,Neutral,0.45410922078314747,0.14200472072792963,0.4038860584889228
26107,GOF,0.020233417290684924,0.6400627143748628,0.3397038683344523
26108,GOF,0.2908272825809832,0.4522390373548337,0.25693368006418316
26109,Neutral,0.5386796876842391,0.11069270268297758,0.3506276096327833
26110,Neutral,0.5295426466772175,0.13460341092485906,0.33585394239792343
26111,LOF,0.03944964091280376,0.38465288964958333,0.575897469437613
26112,LOF,0.09942413820449046,0.13340610927496732,0.7671697525205423
26113,LOF,0.07558370170245626,0.1835848390232397,0.740831459274304
26114,LOF,0.39658235854464263,0.1574022876268176,0.44601535382853974
26115,GOF,0.028906134080984636,0.6610477112031801,0.31004615471583535
26116,LOF,0.11165578161974773,0.25495003964448926,0.633394178735763
26117,Neutral,0.42968522402479253,0.21375538145113904,0.35655939452406843
26118,LOF,0.0555601619359146,0.11916805598629387,0.8252717820777916
26119,LOF,0.01377866769267734,0.47360664023866195,0.5126146920686607
26120,LOF,0.08340897024121521,0.08989306002100894,0.8266979697377759
26121,LOF,0.03415692774435659,0.2023170012059533,0.7635260710496902
