feature0,prediction,LoGoFunc_Neutral,LoGoFunc_GOF,LoGoFunc_LOF
25546,Neutral,0.7737899603522548,0.024797987626439637,0.2014120520213056
25547,Neutral,0.6220014008171516,0.051012290849954345,0.326986308332894
25548,Neutral,0.6037160492773951,0.04214058017194632,0.3541433705506584
25549,Neutral,0.5237889961193221,0.04343501671521828,0.4327759871654597
25550,LOF,0.3536081989327799,0.10389033898279422,0.542501462084426
25551,LOF,0.2879379793187304,0.1192071208808601,0.5928548998004096
25552,LOF,0.183328166584251,0.12594650441321345,0.6907253290025355
25553,Neutral,0.8263411253787409,0.03252045009441519,0.14113842452684386
25554,LOF,0.22617040918920242,0.11865420199775342,0.655175388813044
25555,LOF,0.18101712625729321,0.09760954622299738,0.7213733275197094
25556,LOF,0.4039160933450113,0.09631699882675057,0.49976690782823807
25557,LOF,0.17408642254387657,0.10765478412373546,0.718258793332388
25558,LOF,0.21734977153262314,0.12105566660459832,0.6615945618627785
25559,LOF,0.3907930569641356,0.05689573319200595,0.5523112098438584
25560,LOF,0.05863924862289778,0.17263454211306029,0.7687262092640419
25561,LOF,0.11119689699507829,0.19615364336384372,0.6926494596410779
25562,LOF,0.1031198300564995,0.0840177371301137,0.8128624328133868
25563,LOF,0.10892633507019604,0.09889207493993028,0.7921815899898738
25564,LOF,0.14252581238808792,0.17721437976730156,0.6802598078446105
25565,LOF,0.11992328519513479,0.17610060556640791,0.7039761092384572
25566,GOF,0.015650598198064927,0.7321654308019776,0.25218397099995754
25567,LOF,0.01401946686322085,0.1287885699858014,0.8571919631509777
25568,LOF,0.0487673193430516,0.06093596206083984,0.8902967185961086
25569,LOF,0.061226498982163764,0.057588820268213735,0.8811846807496224
25570,LOF,0.06359246018949358,0.09827637945698345,0.838131160353523
25571,LOF,0.057927170842804104,0.09034225538872126,0.8517305737684747
25572,LOF,0.062133103474006815,0.1286574546132037,0.8092094419127894
25573,LOF,0.027459992776682273,0.08702059792911235,0.8855194092942054
25574,LOF,0.017522135163176817,0.14324442506820603,0.8392334397686171
25575,LOF,0.05004765027972837,0.09859683068605841,0.8513555190342132
25576,LOF,0.01970606697996881,0.10990436803120116,0.87038956498883
25577,LOF,0.01508310837048112,0.13089098350632672,0.8540259081231921
25578,LOF,0.23575926846230985,0.07991061971244412,0.684330111825246
25579,LOF,0.23677264290257571,0.07947312317555981,0.6837542339218645
25580,LOF,0.033832985004571985,0.07877534701437486,0.8873916679810531
25581,LOF,0.0484870829514855,0.06332748759726654,0.8881854294512479
25582,LOF,0.04848774697557944,0.0604963253764619,0.8910159276479587
25583,LOF,0.04467482928194977,0.08992306829065612,0.8654021024273941
25584,LOF,0.4581037269166078,0.08139359551620982,0.4605026775671825
25585,LOF,0.03358935992159555,0.0965430706870079,0.8698675693913965
25586,LOF,0.04128582090207801,0.07973432244835604,0.878979856649566
25587,LOF,0.03642584744939888,0.07579711422308028,0.8877770383275209
25588,LOF,0.036618721394753945,0.09696509723797354,0.8664161813672725
25589,Neutral,0.604030890455375,0.09979282604439213,0.29617628350023284
25590,LOF,0.029954810030643986,0.12946319449940993,0.840581995469946
25591,LOF,0.12318667682863522,0.048774784481400574,0.8280385386899642
25592,LOF,0.10207442222995095,0.13622221470531368,0.7617033630647354
25593,LOF,0.017730914961498152,0.2445866381242097,0.7376824469142922
25594,LOF,0.03704043807988199,0.17962952161226312,0.7833300403078549
25595,LOF,0.05643125468031878,0.1472141134273615,0.7963546318923197
25596,LOF,0.06385520262767744,0.09362368191742454,0.842521115454898
25597,LOF,0.06597042751694904,0.07361883102028917,0.8604107414627618
25598,LOF,0.04921129077499622,0.17446175176917292,0.7763269574558308
25599,GOF,0.006352464695081696,0.7108247279601024,0.2828228073448159
25600,GOF,0.00896579290655307,0.54832962569464,0.44270458139880686
25601,LOF,0.00688481826034398,0.43681495001547416,0.556300231724182
25602,LOF,0.018844568705909445,0.05961184312998019,0.9215435881641103
25603,LOF,0.03779285889511197,0.03609247623679132,0.9261146648680967
25604,LOF,0.04449034704080039,0.05381123331168715,0.9016984196475124
25605,LOF,0.01191011270457575,0.269936128959332,0.7181537583360922
25606,LOF,0.06205330711132384,0.4572320467315486,0.48071464615712756
25607,LOF,0.00412692489570566,0.14789041894710112,0.8479826561571933
25608,LOF,0.06437324053522378,0.053814560632239314,0.8818121988325368
25609,LOF,0.0596140091840079,0.37326347068563837,0.5671225201303538
25610,LOF,0.044020818428739394,0.0367709871657842,0.9192081944054764
25611,LOF,0.06258479143875777,0.031240376582413368,0.906174831978829
25612,LOF,0.12521421199096078,0.05382264267350621,0.820963145335533
25613,LOF,0.10642353401618287,0.04550086110722719,0.84807560487659
25614,LOF,0.04044212010941566,0.04116355797156716,0.9183943219190172
25615,LOF,0.055933752100925056,0.0431911534622911,0.9008750944367838
25616,LOF,0.040432155649034046,0.04207435706029755,0.9174934872906684
25617,LOF,0.04378209389810377,0.04426938516964028,0.9119485209322559
25618,LOF,0.22400001860906854,0.04252431851064092,0.7334756628802904
25619,LOF,0.04221822038852277,0.03927821755463938,0.9185035620568378
25620,LOF,0.04210948151795416,0.04644030110069252,0.9114502173813532
25621,LOF,0.036056625149506756,0.03484061990495473,0.9291027549455385
25622,LOF,0.03172761758807346,0.05269023622568549,0.9155821461862411
25623,LOF,0.06828407517923432,0.03456457090905747,0.8971513539117082
25624,LOF,0.03318833685380254,0.04702125316400512,0.9197904099821923
25625,LOF,0.04182072991079988,0.06199440330148831,0.8961848667877118
25626,LOF,0.0859391986140115,0.03619107205008494,0.8778697293359036
25627,Neutral,0.5885224552619241,0.0920024726309046,0.31947507210717135
25628,LOF,0.20792428211112476,0.04726730922971917,0.744808408659156
25629,LOF,0.08649882568054619,0.1181789493545485,0.7953222249649053
25630,LOF,0.20763199576290117,0.07922599621069312,0.7131420080264057
25631,Neutral,0.6139788928810082,0.05750011181620427,0.3285209953027876
25632,LOF,0.023756161095878543,0.08025840167295001,0.8959854372311715
25633,LOF,0.22221628798563944,0.09246182803996336,0.6853218839743971
25634,LOF,0.03795168098572716,0.10453738989551337,0.8575109291187594
25635,LOF,0.03694644073326177,0.08178945750149019,0.881264101765248
25636,GOF,0.007332694509683943,0.6798968022234636,0.3127705032668524
25637,GOF,0.004811052242152173,0.5428864484059188,0.45230249935192895
25638,LOF,0.009501041240020288,0.43215234575248257,0.558346613007497
25639,LOF,0.005173323597824435,0.4287182206879507,0.5661084557142249
25640,GOF,0.3748382811839065,0.585522874354214,0.039638844461879506
25641,LOF,0.005841386384046262,0.3552819094888796,0.6388767041270741
25642,LOF,0.26905576098218353,0.09106833431401284,0.6398759047038036
25643,LOF,0.19699404599747422,0.3281296134940923,0.47487634050843336
25644,GOF,0.026287682491970422,0.6722366936936864,0.3014756238143431
25645,GOF,0.019920262350397344,0.631257755980418,0.34882198166918466
25646,LOF,0.023336196329656025,0.4585209832561448,0.5181428204141992
25647,LOF,0.017756289557055133,0.3283658910812338,0.653877819361711
25648,LOF,0.01455626225057203,0.3828023351635545,0.6026414025858735
25649,LOF,0.014028526910213052,0.2803258763880618,0.7056455967017251
25650,GOF,0.044945707006776386,0.6673800524305877,0.28767424056263596
25651,LOF,0.011316456468674527,0.31715772108969587,0.6715258224416296
25652,LOF,0.020674568985800165,0.3659028722880856,0.6134225587261143
25653,GOF,0.08786068680940091,0.5922033137419863,0.3199359994486128
25654,LOF,0.015015725781807397,0.39411682948309473,0.5908674447350979
25655,GOF,0.13904185274359995,0.527709448275625,0.3332486989807751
25656,LOF,0.05635855218581016,0.10375690903471696,0.8398845387794729
25657,LOF,0.28306947366875634,0.03964698726820764,0.677283539063036
25658,LOF,0.028412027905259308,0.17525428579967217,0.7963336862950686
25659,LOF,0.19951871761049453,0.08923557696742446,0.7112457054220811
25660,LOF,0.09883203228193943,0.10328866533987123,0.7978793023781893
25661,LOF,0.08612127126717116,0.06932137355826208,0.8445573551745669
25662,LOF,0.0347190750693484,0.04747335006042828,0.9178075748702234
25663,LOF,0.041813490027078785,0.08626205417518855,0.8719244557977327
25664,LOF,0.028300088484613926,0.15290607427280398,0.818793837242582
25665,LOF,0.04677101945186664,0.0591708086089291,0.8940581719392042
25666,LOF,0.0387901521185426,0.18271741284723278,0.7784924350342245
25667,LOF,0.035046103137156275,0.06929647486075402,0.8956574220020898
25668,LOF,0.04983141481957842,0.057022399608304,0.8931461855721176
25669,LOF,0.05422224575517159,0.1040185684364236,0.8417591858084047
25670,LOF,0.12473989055549103,0.11065624398230088,0.764603865462208
25671,LOF,0.04318108787620982,0.05686096908075612,0.8999579430430341
25672,LOF,0.04776764902417863,0.07595308845363315,0.8762792625221882
25673,LOF,0.035125897944731116,0.08541788522275368,0.8794562168325153
25674,LOF,0.025766039513043654,0.09806886796547448,0.8761650925214819
25675,LOF,0.03784795452055588,0.08985898922358038,0.8722930562558637
25676,LOF,0.03204582199471955,0.07485087234216728,0.8931033056631131
25677,LOF,0.0916443813891517,0.05618615196834209,0.8521694666425064
25678,LOF,0.15694027739910307,0.05056666939179459,0.7924930532091023
25679,LOF,0.11497890631126621,0.07485029226222645,0.8101708014265074
25680,LOF,0.09041769879052486,0.08989259353930076,0.8196897076701745
25681,LOF,0.10869927442519184,0.08374061866747097,0.8075601069073373
25682,LOF,0.05434395098983809,0.07147280397593812,0.8741832450342237
25683,LOF,0.07860345044403279,0.11268091313917299,0.8087156364167942
25684,LOF,0.0637888075563986,0.08190979343890983,0.8543013990046915
25685,LOF,0.11053910042139863,0.05331036665325613,0.8361505329253452
25686,LOF,0.034768922587836246,0.11395682767619278,0.851274249735971
25687,LOF,0.060531941213949725,0.102860985467527,0.8366070733185231
25688,LOF,0.01667095458451406,0.08048231179218777,0.9028467336232983
25689,LOF,0.016219877739028794,0.04927708577069141,0.9345030364902798
25690,LOF,0.016531536019092123,0.0635431390868125,0.9199253248940954
25691,LOF,0.10886121700133297,0.08634413179112252,0.8047946512075446
25692,LOF,0.16836064605719606,0.011688807915193741,0.8199505460276103
25693,LOF,0.04816021716829776,0.135420294618906,0.8164194882127963
25694,LOF,0.2780933582814188,0.013239219571797979,0.7086674221467832
25695,LOF,0.21016509638312886,0.019885487233845988,0.7699494163830252
25696,LOF,0.1569146330827711,0.016920126227766556,0.8261652406894624
25697,LOF,0.11618574317280357,0.0389530907747957,0.8448611660524007
25698,LOF,0.023570188721883645,0.3146276000978228,0.6618022111802935
25699,LOF,0.1041875328112557,0.09991083259073977,0.7959016345980046
25700,LOF,0.040747662076300636,0.015730078886235847,0.9435222590374635
25701,LOF,0.0171095767428293,0.10022183225054282,0.882668591006628
25702,GOF,0.019997934998574177,0.765833680918384,0.2141683840830417
25703,LOF,0.016377247284715103,0.2238175301291012,0.7598052225861838
25704,LOF,0.09439477173913169,0.2195736078612895,0.6860316203995788
25705,LOF,0.08845305513539581,0.2753661450511713,0.6361807998134329
25706,GOF,0.02271488515674126,0.6646164057574123,0.3126687090858465
25707,GOF,0.03329500947510977,0.6362216987282665,0.3304832917966238
25708,GOF,0.010179428243570758,0.6176584919197247,0.37216207983670474
25709,LOF,0.028469101684284757,0.0935949430595457,0.8779359552561695
25710,LOF,0.005381973124057103,0.25936623585295365,0.7352517910229892
25711,LOF,0.030295273004847148,0.15713095585581366,0.8125737711393392
25712,LOF,0.007477661133544461,0.31339001148038204,0.6791323273860735
25713,LOF,0.02496034066813657,0.14095167382272353,0.83408798550914
25714,LOF,0.028917059345387512,0.1684443121290477,0.8026386285255648
25715,LOF,0.030929139151606933,0.14335727548088356,0.8257135853675095
25716,LOF,0.00881290395171684,0.19971236415488777,0.7914747318933955
25717,LOF,0.006094214495797409,0.2217678720398442,0.7721379134643584
25718,LOF,0.026931901591629323,0.113959256444037,0.8591088419643337
25719,LOF,0.037554074912849844,0.13722240431871913,0.8252235207684311
25720,LOF,0.036596220556035265,0.1308443718404168,0.8325594076035479
25721,LOF,0.03167467285119916,0.11466319004258325,0.8536621371062175
25722,LOF,0.02063306568680548,0.15779469631588144,0.821572237997313
25723,LOF,0.03181154436086455,0.11916623860083472,0.8490222170383007
25724,LOF,0.028932924892528578,0.21929233831794684,0.7517747367895246
25725,LOF,0.032959499417496686,0.11012777104102724,0.856912729541476
25726,LOF,0.021481413147431617,0.15810209371017392,0.8204164931423945
25727,LOF,0.027730759060903377,0.1649142383933669,0.8073550025457298
25728,LOF,0.028535928828835676,0.14200831251795773,0.8294557586532065
25729,LOF,0.027470839135161563,0.16861745912940113,0.8039117017354374
25730,LOF,0.030130761032511045,0.11449692257692815,0.8553723163905609
25731,LOF,0.010744395554757289,0.2542731494554043,0.7349824549898385
25732,LOF,0.023546459860401034,0.11916097038134318,0.8572925697582559
25733,LOF,0.03766713314256202,0.11307791934327138,0.8492549475141665
25734,LOF,0.006969634295968288,0.33639019767016554,0.6566401680338662
25735,LOF,0.027551012770747563,0.09460195227870363,0.8778470349505489
25736,LOF,0.025398435153666916,0.16205372565137569,0.8125478391949575
25737,LOF,0.058582182622036016,0.14987368402653614,0.7915441333514279
25738,LOF,0.026670416424169757,0.17201600369373612,0.8013135798820941
25739,LOF,0.03255836747423465,0.13679902529418775,0.8306426072315776
25740,LOF,0.03327642855625479,0.15788562591003305,0.8088379455337121
25741,LOF,0.04060021744734811,0.13499981546283504,0.8243999670898169
25742,LOF,0.05194838501077174,0.13659325488185806,0.8114583601073703
25743,LOF,0.010968176454510179,0.022797544190037967,0.9662342793554518
25744,LOF,0.19061611133715164,0.22297289590613814,0.5864109927567103
25745,LOF,0.04147329943831427,0.054615443660507815,0.9039112569011779
25746,LOF,0.015693869060538462,0.07119757899765405,0.9131085519418075
25747,LOF,0.03850697318430723,0.0244968131613951,0.9369962136542977
25748,LOF,0.2753045952568749,0.04018711545196811,0.6845082892911569
25749,LOF,0.016148062863632604,0.04783999709165303,0.9360119400447144
25750,LOF,0.022500756205394913,0.049414656569256844,0.9280845872253481
25751,LOF,0.037430638169778666,0.04029651690631454,0.9222728449239069
25752,GOF,0.0714974978974507,0.7438373035365191,0.18466519856603025
25753,LOF,0.006180876719817046,0.43422296849846576,0.5595961547817172
25754,GOF,0.007384290096137206,0.8892866145247696,0.10332909537909313
25755,LOF,0.00638630162584037,0.4689142440424166,0.5246994543317429
25756,LOF,0.02460260255511616,0.48683047290738296,0.4885669245375009
25757,GOF,0.008120418683058695,0.878610460174751,0.11326912114219036
25758,GOF,0.00892507622279283,0.8923536529350267,0.09872127084218046
25759,GOF,0.00547017599763496,0.6890217214073932,0.30550810259497185
25760,LOF,0.005576734500625151,0.37312861004609504,0.6212946554532798
25761,GOF,0.04775558929347252,0.8603462934263619,0.09189811728016557
25762,LOF,0.027588671860436988,0.42409213610962226,0.5483191920299407
25763,LOF,0.006015489332206152,0.3396511396250102,0.6543333710427836
25764,GOF,0.05000150114459894,0.6819667180421048,0.26803178081329615
25765,GOF,0.008158962197242072,0.8906199031829947,0.10122113461976316
25766,GOF,0.04894992097384144,0.855249370369205,0.09580070865695366
25767,GOF,0.018866920248055124,0.5329099739247787,0.44822310582716607
25768,LOF,0.050847187643736566,0.04853951106679291,0.9006133012894705
25769,LOF,0.038018444580597034,0.0713769435903944,0.8906046118290086
25770,LOF,0.22036995805159285,0.07362257840259721,0.70600746354581
25771,LOF,0.019077752394277173,0.06892096784707177,0.912001279758651
25772,LOF,0.03361020493458004,0.028029773186663436,0.9383600218787566
25773,LOF,0.01986960013107773,0.07445433454043364,0.9056760653284887
25774,LOF,0.02912868138455798,0.12473426266338279,0.8461370559520592
25775,LOF,0.02186013815201177,0.04345269933938803,0.9346871625086002
25776,LOF,0.03366655722099209,0.023157745430870978,0.9431756973481369
25777,LOF,0.3083727760108716,0.08542756875812822,0.6061996552310003
25778,LOF,0.02867730458017828,0.04579717569242402,0.9255255197273977
25779,GOF,0.08343435748330351,0.8430862216884164,0.0734794208282801
25780,GOF,0.10429419819505764,0.8390108741962975,0.05669492760864482
25781,GOF,0.04601284712892968,0.8146692238540152,0.13931792901705495
25782,GOF,0.05723601272002157,0.860234847536543,0.08252913974343544
25783,GOF,0.049271635116069516,0.8927501791890485,0.05797818569488191
25784,GOF,0.14248205250117027,0.8097685436742607,0.04774940382456907
25785,GOF,0.14868758726276185,0.8087020097011954,0.042610403036042646
25786,GOF,0.013496006996004515,0.8581660081033785,0.12833798490061704
25787,GOF,0.29753140903565684,0.657979513677011,0.04448907728733221
25788,LOF,0.018801506260103,0.14516827114746805,0.8360302225924289
25789,GOF,0.024896043920635266,0.8332296496989767,0.14187430638038795
25790,GOF,0.038359046957128745,0.8383322970349336,0.12330865600793771
25791,GOF,0.038347239379402806,0.6965084641155278,0.2651442965050694
25792,GOF,0.045016699511153134,0.7499691501402983,0.20501415034854845
25793,GOF,0.06264604209528249,0.7838150191171909,0.15353893878752659
25794,GOF,0.06373998117071253,0.6959262223591569,0.24033379647013056
25795,GOF,0.07024115182509855,0.6821877045430204,0.24757114363188118
25796,GOF,0.14572780541974642,0.7645485521590776,0.08972364242117606
25797,GOF,0.12654120229761487,0.6808708201208142,0.192587977581571
25798,GOF,0.008585904978216876,0.7578567688520957,0.23355732616968752
25799,GOF,0.005135550207968502,0.6560708389537332,0.33879361083829834
25800,GOF,0.03162502432416063,0.8032230547677839,0.16515192090805547
25801,GOF,0.02754572481674829,0.8779527259162475,0.09450154926700426
25802,GOF,0.03706299678563937,0.7547003209070561,0.20823668230730463
25803,GOF,0.026310208443748397,0.680568026322334,0.2931217652339176
25804,GOF,0.04385608047358351,0.7425154939387525,0.21362842558766398
25805,GOF,0.03910944633527422,0.7563101718213321,0.2045803818433938
25806,GOF,0.05023962504499506,0.7635878352057853,0.18617253974921957
25807,GOF,0.01658482835833887,0.7185587765528407,0.2648563950888205
25808,GOF,0.03134459048148785,0.7272219249415441,0.2414334845769679
25809,GOF,0.013935939320704313,0.6581383269749996,0.32792573370429595
25810,GOF,0.012292065510610257,0.6405487946357029,0.34715913985368685
25811,GOF,0.06966151297916864,0.8365162311579941,0.09382225586283728
25812,GOF,0.035184170108882716,0.7149915480337842,0.24982428185733313
25813,GOF,0.189646277830261,0.7134102199212812,0.09694350224845781
25814,GOF,0.04158040071065941,0.7323591034274475,0.22606049586189325
25815,GOF,0.0713667414658336,0.7922679529660717,0.1363653055680948
25816,GOF,0.011087757795838428,0.8344723933438978,0.15443984886026396
25817,GOF,0.13891580686902572,0.7344893937777186,0.12659479935325565
25818,GOF,0.03420660636206047,0.7457010025417088,0.22009239109623083
25819,GOF,0.0636033195489683,0.7151482326408113,0.22124844781022035
25820,GOF,0.06532810576664513,0.6717746932432679,0.26289720099008695
25821,GOF,0.04546234225745691,0.7222169560297937,0.23232070171274927
25822,GOF,0.08364707094462212,0.6746017326110528,0.24175119644432508
25823,GOF,0.03731562822723945,0.6423369453404295,0.3203474264323311
25824,GOF,0.04037090979064151,0.7087964872761903,0.25083260293316817
25825,GOF,0.03212621951172127,0.7017101459122806,0.2661636345759981
25826,GOF,0.014408067731356273,0.6719425543279345,0.3136493779407093
25827,GOF,0.018341229864291507,0.6620973694018641,0.3195614007338443
25828,GOF,0.013756290947682819,0.699152934918175,0.2870907741341421
25829,GOF,0.004833376721189559,0.6210283152373197,0.3741383080414908
25830,GOF,0.03908990810872944,0.48240790668105565,0.4785021852102149
25831,GOF,0.06984160326177348,0.7779315085074491,0.15222688823077732
25832,GOF,0.012911546386055083,0.7047087711771686,0.2823796824367762
25833,GOF,0.04891145811813738,0.7732039484591491,0.1778845934227136
25834,GOF,0.013260032503871724,0.7221233838777197,0.2646165836184085
25835,GOF,0.030312624802172467,0.7791384377028702,0.19054893749495733
25836,GOF,0.008208188433529794,0.6938682363434449,0.29792357522302537
25837,GOF,0.012369352737025574,0.7258084358761192,0.2618222113868552
25838,GOF,0.03176705051207543,0.7935535957700027,0.1746793537179218
25839,GOF,0.0873624619807544,0.74533058802864,0.1673069499906055
25840,GOF,0.11924758915382289,0.7116257525359176,0.1691266583102595
25841,GOF,0.11690636526499666,0.7543323187163438,0.12876131601865956
25842,GOF,0.037608788122926985,0.8406964347649618,0.12169477711211105
25843,GOF,0.03809330531918298,0.8469151761126263,0.11499151856819072
25844,GOF,0.026256430100350368,0.7681917183633665,0.20555185153628316
25845,GOF,0.007745882192140126,0.6787118517241267,0.3135422660837331
25846,GOF,0.08071521702776242,0.7948147514009074,0.12447003157133023
25847,GOF,0.01763788472824189,0.8523147176720006,0.13004739759975753
25848,GOF,0.02864886716448575,0.7925870636453369,0.1787640691901772
25849,GOF,0.008517285057616194,0.7678706015475041,0.22361211339487952
25850,GOF,0.0075833732654428205,0.67550242579454,0.3169142009400174
25851,GOF,0.00714624095454445,0.6294683135228373,0.3633854455226183
25852,GOF,0.16090275598495624,0.5313336437961919,0.3077636002188519
25853,GOF,0.076092074720151,0.7520804620064979,0.17182746327335097
25854,GOF,0.007272886574727782,0.6495050956151414,0.34322201781013095
25855,GOF,0.02621118242457896,0.6226428418983286,0.3511459756770924
25856,GOF,0.05454571128015736,0.6930620008781381,0.2523922878417045
25857,GOF,0.025802341036463915,0.61871688303755,0.3554807759259862
25858,GOF,0.01027267054825777,0.5916950482945157,0.3980322811572266
25859,GOF,0.0076382112218522525,0.562581760033456,0.42978002874469173
25860,GOF,0.10085745065421643,0.7136892105682175,0.18545333877756595
25861,GOF,0.12216926202880048,0.7380069746815062,0.1398237632896932
25862,GOF,0.02997974739482304,0.8524319110557746,0.11758834154940229
25863,GOF,0.027393190795557784,0.8376436219313372,0.13496318727310488
25864,GOF,0.07416020253251185,0.8258012395937465,0.10003855787374157
25865,GOF,0.06314416866449225,0.7834230744423154,0.15343275689319227
25866,GOF,0.030365625616586223,0.8036300976170558,0.16600427676635787
25867,GOF,0.050861690972705785,0.8112210914660684,0.13791721756122566
25868,GOF,0.08006740224426767,0.721122982052653,0.19880961570307934
25869,GOF,0.40805688356022013,0.47367030100223584,0.11827281543754398
25870,GOF,0.08259160095476648,0.49445792467870586,0.4229504743665276
25871,GOF,0.011350001339713402,0.7973133486636198,0.19133664999666677
25872,GOF,0.025135438866497675,0.7896905944212749,0.18517396671222752
25873,GOF,0.02309129071260234,0.8558481737168624,0.12106053557053514
25874,LOF,0.018020492062207873,0.17813489700810606,0.8038446109296861
25875,LOF,0.0240035828072548,0.09623014912534923,0.879766268067396
25876,LOF,0.019596924574663086,0.06545609438882322,0.9149469810365137
25877,LOF,0.0922112778347289,0.21655979398640973,0.6912289281788614
25878,LOF,0.06579737659110643,0.2600664095253278,0.6741362138835657
25879,LOF,0.010680568798375017,0.19295631241561503,0.7963631187860098
25880,LOF,0.06878159176909074,0.025045888238237782,0.9061725199926713
25881,Neutral,0.5743905217922167,0.08519130942711263,0.3404181687806707
25882,LOF,0.07113810730449777,0.02420268337599859,0.9046592093195036
25883,LOF,0.032313631542792716,0.02561938960828424,0.9420669788489231
25884,LOF,0.019923526661215572,0.038246162094880444,0.9418303112439039
25885,LOF,0.1903718892179845,0.011957507480619328,0.7976706033013962
25886,LOF,0.2548566441988208,0.049804305943403585,0.6953390498577756
25887,LOF,0.09079613627380714,0.1273244020731483,0.7818794616530446
25888,LOF,0.009226071091634765,0.16422055927724588,0.8265533696311193
25889,LOF,0.0280233310125871,0.034165885543755846,0.9378107834436571
25890,LOF,0.1892305882040821,0.08319225728896719,0.7275771545069507
25891,LOF,0.09771165549611584,0.03671486766733248,0.8655734768365517
25892,LOF,0.00912518089693855,0.031142700388821935,0.9597321187142396
25893,LOF,0.3330735494498855,0.00968975622324497,0.6572366943268696
25894,LOF,0.33849645639260517,0.007466019054144814,0.6540375245532499
25895,LOF,0.28318043335942217,0.012807189942597441,0.7040123766979804
25896,LOF,0.08861447689180724,0.029671733597356503,0.8817137895108362
25897,LOF,0.13797153531427286,0.01101053279205487,0.8510179318936723
25898,LOF,0.11766499430994526,0.028301045446880377,0.8540339602431744
25899,LOF,0.4273589883426781,0.036448079818095135,0.5361929318392268
25900,Neutral,0.6332103942876057,0.011839002344942558,0.3549506033674517
25901,LOF,0.10792664920271107,0.013195222468689928,0.878878128328599
25902,LOF,0.1248244910799513,0.014367269954827169,0.8608082389652216
25903,LOF,0.22107377699191047,0.026113816296443933,0.7528124067116455
25904,Neutral,0.5657100030098751,0.038150544723685925,0.396139452266439
25905,LOF,0.007611187681745388,0.36193159606761327,0.6304572162506413
25906,LOF,0.008935794424481265,0.07132092687157429,0.9197432787039445
25907,LOF,0.008475025098832772,0.24134041434601933,0.7501845605551479
25908,LOF,0.008525786858406758,0.23330131065655837,0.7581729024850349
25909,LOF,0.031166173213559505,0.09890823864980741,0.869925588136633
25910,LOF,0.012589832978870409,0.14113058714084356,0.8462795798802861
25911,LOF,0.18953062304983315,0.02532126614172197,0.7851481108084449
25912,LOF,0.11461603060886558,0.019791865669245807,0.8655921037218887
25913,LOF,0.020646987806759703,0.02882718106074021,0.9505258311325001
25914,LOF,0.03980804316733687,0.028551448091285493,0.9316405087413777
25915,LOF,0.1485537711013441,0.21981640541147773,0.6316298234871781
25916,LOF,0.012726743898257264,0.10764599054468439,0.8796272655570584
25917,LOF,0.07094056444896471,0.029016448695158216,0.900042986855877
25918,LOF,0.03887025470572658,0.015082256873187802,0.9460474884210857
25919,LOF,0.03247651045127583,0.01625683133915468,0.9512666582095696
25920,LOF,0.34006340626378273,0.17996854883614846,0.4799680449000688
25921,LOF,0.02080388051689777,0.020390709568624443,0.9588054099144777
25922,LOF,0.019243089955140708,0.0197874512878834,0.9609694587569759
25923,LOF,0.47066746468499837,0.014136022293665023,0.5151965130213366
25924,LOF,0.027416660578353923,0.021590705615496676,0.9509926338061493
25925,LOF,0.11888471669364191,0.02984401408544058,0.8512712692209174
25926,LOF,0.09928662614753904,0.024160742520073504,0.8765526313323875
25927,LOF,0.02654259054379314,0.03967572033268724,0.9337816891235197
25928,LOF,0.015151260184195225,0.02472502349898905,0.9601237163168158
25929,Neutral,0.6079840273523601,0.014025000711295484,0.3779909719363445
25930,LOF,0.10515284061944205,0.014314909924552664,0.8805322494560054
25931,LOF,0.017539014632862743,0.017797371806798384,0.9646636135603389
25932,LOF,0.10233332199464994,0.016063511045175036,0.881603166960175
25933,LOF,0.09487268664855023,0.009061876043270755,0.8960654373081791
25934,LOF,0.09949286673689002,0.008624064372807579,0.8918830688903023
25935,LOF,0.11521218186337032,0.02381032073174974,0.8609774974048798
25936,LOF,0.11106405684596271,0.009585796981926275,0.879350146172111
25937,LOF,0.025000464188180627,0.015361791819414966,0.9596377439924043
25938,LOF,0.1160337120223613,0.021847701364152896,0.8621185866134857
25939,LOF,0.07660285059407726,0.013062423609292469,0.9103347257966302
25940,GOF,0.01113595285663113,0.5092227496754075,0.47964129746796136
25941,LOF,0.4649546490844026,0.047940694869040214,0.4871046560465573
25942,LOF,0.010753166598088443,0.05347370765898749,0.935773125742924
25943,LOF,0.049168791481429934,0.21870035106036215,0.7321308574582078
25944,LOF,0.05694071874376971,0.10758112186591558,0.8354781593903147
25945,LOF,0.16570060915402812,0.03126160218901455,0.8030377886569573
25946,LOF,0.0806428151385144,0.04312905379007607,0.8762281310714096
25947,Neutral,0.4756169674117102,0.1419817392489171,0.38240129333937267
25948,LOF,0.3744531679071533,0.013025206611074161,0.6125216254817726
25949,LOF,0.12440130583140283,0.07049610699466746,0.8051025871739297
25950,GOF,0.13646076969390383,0.6115871927887601,0.25195203751733614
25951,LOF,0.011810009406360593,0.4839399695826454,0.504250021010994
25952,LOF,0.17457957776339691,0.2637648746611647,0.5616555475754383
25953,LOF,0.0074798235029487625,0.30671468021882303,0.6858054962782283
25954,LOF,0.08533629610255627,0.4004544994783449,0.5142092044190988
25955,LOF,0.010559375368571017,0.22924270483619089,0.7601979197952381
25956,LOF,0.011224335311273105,0.34450118350349296,0.6442744811852339
25957,LOF,0.17862640454737477,0.04236064931879375,0.7790129461338315
25958,LOF,0.032867368037710794,0.05977053160796193,0.9073621003543273
25959,GOF,0.006923166166129397,0.7312267330769027,0.26185010075696785
25960,LOF,0.0052387756752234,0.12369508429838788,0.8710661400263888
25961,LOF,0.02732654758152166,0.04750947968353457,0.9251639727349438
25962,LOF,0.03142178208807775,0.09042298142985393,0.8781552364820684
25963,LOF,0.008533444496319714,0.13330074900553265,0.8581658064981476
25964,LOF,0.04267447641683069,0.11722937396859037,0.8400961496145789
25965,LOF,0.18690173912147012,0.16230466068456662,0.6507936001939634
25966,LOF,0.2991202629090962,0.10393191532063559,0.5969478217702682
25967,LOF,0.006297201804504675,0.10112429536473296,0.8925785028307625
25968,LOF,0.050846992496671274,0.2680246389892766,0.681128368514052
25969,LOF,0.14343570225822297,0.06597320900831369,0.7905910887334634
25970,LOF,0.06669261878438504,0.05141786926073439,0.8818895119548805
25971,LOF,0.07010518912567502,0.029883474476488522,0.9000113363978364
25972,LOF,0.08249240308601671,0.049229042183853954,0.8682785547301293
25973,LOF,0.0509498333531224,0.01019462467925404,0.9388555419676236
25974,LOF,0.05815398906696393,0.045853597964445485,0.8959924129685907
25975,LOF,0.03285244164068427,0.015045730567372687,0.952101827791943
25976,LOF,0.09078202188239014,0.010918445368258912,0.898299532749351
25977,LOF,0.23232728705552658,0.04602480448439181,0.7216479084600816
25978,LOF,0.14531951190814835,0.1585071562049435,0.6961733318869081
25979,LOF,0.11707216289454017,0.1716191897406702,0.7113086473647896
25980,LOF,0.19338451076158214,0.251800699063818,0.5548147901745998
25981,LOF,0.19456728604131188,0.2558429352686132,0.549589778690075
25982,LOF,0.34489569160156197,0.12560171034190695,0.5295025980565311
25983,Neutral,0.44103574424741526,0.12695579216466943,0.4320084635879154
25984,LOF,0.07204360532743712,0.09900271323471063,0.8289536814378522
25985,Neutral,0.46205660967193235,0.12888965954162404,0.4090537307864436
25986,LOF,0.015423310645199017,0.4163957772164975,0.5681809121383035
25987,LOF,0.04277678238999553,0.11305670333128767,0.8441665142787168
25988,LOF,0.06686926933023388,0.17160731501809007,0.761523415651676
25989,LOF,0.08080102713946491,0.21938404197109146,0.6998149308894436
25990,LOF,0.06260256460560931,0.3416691655110721,0.5957282698833186
25991,GOF,0.025575259528630424,0.5342608918406457,0.4401638486307239
25992,LOF,0.01261895175148002,0.4400116365787424,0.5473694116697776
25993,LOF,0.018687455518351784,0.060599973193716065,0.9207125712879323
25994,LOF,0.025681409323611237,0.06302532649565833,0.9112932641807303
25995,LOF,0.019079996826994936,0.1098389044946587,0.8710810986783465
25996,GOF,0.2872890954138212,0.4303484868664453,0.2823624177197335
25997,GOF,0.056320712890632396,0.5099028401210814,0.4337764469882861
25998,LOF,0.23822875680073236,0.03652569699834585,0.7252455462009219
25999,LOF,0.026893678642570532,0.33716048025808265,0.6359458410993468
26000,LOF,0.1324086879378395,0.013665523307861142,0.8539257887542994
26001,LOF,0.16089827708244908,0.021229394397953377,0.8178723285195975
26002,LOF,0.08398139204775076,0.022583182896814203,0.893435425055435
26003,GOF,0.006957573325375189,0.5498756885984355,0.4431667380761894
26004,GOF,0.017451677452226175,0.5515942533819339,0.4309540691658399
26005,LOF,0.005468661064973353,0.44072963980525287,0.5538016991297737
26006,GOF,0.11388637582032515,0.45389199743021075,0.43222162674946407
26007,LOF,0.012126921262460325,0.44737797484615216,0.5404951038913874
26008,GOF,0.007003376397202418,0.5467253580523457,0.4462712655504518
26009,GOF,0.011250974719155515,0.5884929449443422,0.4002560803365022
26010,GOF,0.010585481575565459,0.521585413523483,0.46782910490095153
26011,LOF,0.006134828875835002,0.374640413266607,0.619224757857558
26012,LOF,0.005524782295898786,0.48324405362646017,0.511231164077641
26013,GOF,0.012437970754191124,0.5518503094121487,0.4357117198336602
26014,LOF,0.042519236987470004,0.07783040481234772,0.8796503582001822
26015,LOF,0.38699602813838246,0.019728187010892045,0.5932757848507255
26016,LOF,0.2643734671312869,0.027948619068633194,0.7076779138000798
26017,LOF,0.016960364364721748,0.1202453947487398,0.8627942408865384
26018,LOF,0.03270179376380434,0.059538706534196,0.9077594997019997
26019,LOF,0.03199134130067505,0.05065681691607942,0.9173518417832455
26020,LOF,0.00713827569477986,0.11220684830688579,0.8806548759983345
26021,LOF,0.0775383426400489,0.055853578308101004,0.8666080790518501
26022,LOF,0.03700457108632063,0.0278668417559479,0.9351285871577315
26023,LOF,0.023972588464139084,0.03840441374693374,0.9376229977889271
26024,LOF,0.052747084344148584,0.04182200321996624,0.9054309124358852
26025,LOF,0.12839225757204173,0.03949667127840949,0.8321110711495487
26026,LOF,0.11921561055863847,0.03125234477358018,0.8495320446677812
26027,LOF,0.032779427650664626,0.02400555280865757,0.9432150195406779
26028,LOF,0.06595931576436859,0.1721410975859361,0.7618995866496954
26029,LOF,0.028989152789242408,0.17904896234681839,0.7919618848639393
26030,LOF,0.10678588438592701,0.026423479142389007,0.866790636471684
26031,LOF,0.012079897434089907,0.16648443965668128,0.8214356629092289
26032,LOF,0.03422716305516172,0.045249438506987774,0.9205233984378505
26033,LOF,0.03511957053062871,0.044534382194000355,0.920346047275371
26034,LOF,0.01760416107771682,0.10939668627051101,0.8729991526517722
26035,LOF,0.011278521473337423,0.11735419079157916,0.8713672877350833
26036,LOF,0.010643462233790207,0.09611778003957228,0.8932387577266375
26037,LOF,0.010507558955897351,0.10564128108021138,0.8838511599638914
26038,LOF,0.030242630209124002,0.03985018537643274,0.9299071844144432
26039,LOF,0.02769595179394363,0.1417784340823994,0.8305256141236569
26040,LOF,0.08023924392284205,0.13893659571178593,0.780824160365372
26041,LOF,0.012191911507007852,0.10402822717502302,0.8837798613179692
26042,LOF,0.011463721020732278,0.11042860552791688,0.8781076734513509
26043,LOF,0.03147766259733382,0.06887640077556728,0.8996459366270989
26044,LOF,0.007058351709937635,0.058725628495701766,0.9342160197943608
26045,LOF,0.08714456631290009,0.20725759499941337,0.7055978386876866
26046,LOF,0.02768884522116391,0.046839945684129566,0.9254712090947066
26047,LOF,0.06321614186769196,0.04708557511694196,0.889698283015366
26048,LOF,0.09233310469329926,0.02349608534595785,0.8841708099607429
26049,Neutral,0.9408234999580528,0.00690863432489863,0.0522678657170487
26050,Neutral,0.9060195834018349,0.007505408967670888,0.08647500763049416
26051,LOF,0.028903155304006944,0.3402608449921982,0.6308359997037949
26052,LOF,0.029986393328885096,0.2481560353226769,0.7218575713484381
26053,LOF,0.01614622857555999,0.17918470782301704,0.8046690636014229
26054,LOF,0.05911222472140741,0.04480644842077715,0.8960813268578155
26055,LOF,0.08476510888232555,0.03812152719742916,0.8771133639202454
26056,LOF,0.0685120850926358,0.04565413947211294,0.8858337754352513
26057,LOF,0.06413457701503679,0.026520655180584083,0.9093447678043791
26058,LOF,0.0704122956388754,0.021414381814520194,0.9081733225466044
26059,LOF,0.2160283620625323,0.05694266835081161,0.7270289695866561
26060,LOF,0.014968307073135506,0.20053889565757888,0.7844927972692857
26061,LOF,0.010570580236282871,0.017569599319445194,0.9718598204442719
26062,LOF,0.005951311171012793,0.025787654084442436,0.9682610347445448
26063,LOF,0.05042032247515193,0.01715320436518826,0.9324264731596599
26064,LOF,0.01647202936903601,0.02341662892695563,0.9601113417040082
26065,LOF,0.07269868717354407,0.02485058294095682,0.902450729885499
26066,LOF,0.053050468680113844,0.017830767964893017,0.9291187633549931
26067,LOF,0.0575101930133977,0.015743557830654255,0.926746249155948
26068,LOF,0.055992674726951304,0.03884743671800977,0.9051598885550389
26069,LOF,0.19046293251532934,0.03177224860820853,0.7777648188764621
26070,LOF,0.3961491798451417,0.020017382866090002,0.5838334372887684
26071,LOF,0.05137198018574348,0.01863430415750124,0.9299937156567551
26072,LOF,0.006633343388512905,0.03181117067502949,0.9615554859364577
26073,LOF,0.04660484009954079,0.023435859856718734,0.9299593000437405
26074,Neutral,0.6752524376320073,0.01300578935405175,0.31174177301394107
26075,LOF,0.046604399724653765,0.030470718452954983,0.9229248818223912
26076,LOF,0.04506901805943901,0.01953902588041988,0.9353919560601411
26077,LOF,0.1577109893978565,0.0149511623597395,0.827337848242404
26078,LOF,0.006243108673077085,0.03253157249519333,0.9612253188317296
26079,LOF,0.05962564116496247,0.029740323158799205,0.9106340356762382
26080,LOF,0.058870450942580685,0.029951203955265692,0.9111783451021537
26081,LOF,0.046759486325656664,0.01619005104296862,0.9370504626313748
26082,LOF,0.006640514906682833,0.029121425110937914,0.9642380599823792
26083,LOF,0.10924531262220791,0.031993947882587026,0.858760739495205
26084,LOF,0.11869510156405656,0.02823886919041307,0.8530660292455303
26085,LOF,0.11534085935488717,0.022618750760356493,0.8620403898847563
26086,LOF,0.04077265702114835,0.02275311673824688,0.9364742262406048
26087,LOF,0.04238153713452018,0.02157252028469719,0.9360459425807826
26088,LOF,0.00648258724275885,0.053597138969936745,0.9399202737873045
26089,LOF,0.04368641469822008,0.03991647048196158,0.9163971148198183
26090,LOF,0.042977793440225995,0.03728959087776774,0.9197326156820063
26091,LOF,0.03484461508695819,0.016414335000446697,0.948741049912595
26092,LOF,0.04820180151766146,0.014718671638943328,0.9370795268433952
26093,LOF,0.07229702791506193,0.010249036019271731,0.9174539360656664
26094,LOF,0.03791623277808255,0.012714608515199826,0.9493691587067176
26095,LOF,0.011247477090619008,0.03510397604077541,0.9536485468686056
26096,LOF,0.2295974611622005,0.007857924935570254,0.7625446139022292
26097,LOF,0.006445748386128172,0.06729868833828848,0.9262555632755832
26098,LOF,0.05518729321631526,0.026581094137861923,0.9182316126458228
26099,LOF,0.0433187739694959,0.03487024434498096,0.921810981685523
26100,LOF,0.0433187739694959,0.03487024434498096,0.921810981685523
26101,LOF,0.04530158593190963,0.054274385684059824,0.9004240283840306
26102,LOF,0.0415150042512936,0.026280255756066885,0.9322047399926395
26103,Neutral,0.8991120925784959,0.035145274179712555,0.06574263324179164
26104,LOF,0.05292133763998649,0.06127620487418059,0.8858024574858329
26105,LOF,0.23230311123833902,0.09508429864029522,0.6726125901213656
26106,LOF,0.26969919580335633,0.037174040404998054,0.6931267637916456
26107,LOF,0.01597503770489991,0.06333408165060375,0.9206908806444963
26108,LOF,0.16311354696329733,0.04957771392335956,0.7873087391133431
26109,LOF,0.05262826466347912,0.058940294081954836,0.888431441254566
26110,LOF,0.41393897753260794,0.011591829929925104,0.574469192537467
26111,LOF,0.06770513383505279,0.06537705353420616,0.8669178126307411
26112,LOF,0.06826757248191323,0.011649339317402719,0.920083088200684
26113,LOF,0.11299297512853573,0.030867950270853626,0.8561390746006106
26114,LOF,0.08792795400609903,0.007788343977603879,0.9042837020162972
26115,LOF,0.017190479473365074,0.07107524944209542,0.9117342710845395
26116,LOF,0.0771638632402787,0.025988903801998114,0.8968472329577233
26117,LOF,0.363273092160006,0.035470824219204146,0.6012560836207899
26118,LOF,0.038166052772810086,0.018875039411249628,0.9429589078159403
26119,LOF,0.0062142816899788955,0.07855612172477795,0.915229596585243
26120,LOF,0.03487397886821635,0.01694657656808949,0.9481794445636942
26121,LOF,0.004225326917794841,0.1186109651644922,0.8771637079177129
26122,LOF,0.005235346059437962,0.09030793015171751,0.9044567237888446
