feature0,prediction,LoGoFunc_Neutral,LoGoFunc_GOF,LoGoFunc_LOF
25546,Neutral,0.6645285438581469,0.04924366418160688,0.28622779196024634
25547,Neutral,0.4833500697519443,0.0969206886498946,0.41972924159816116
25548,Neutral,0.4860520744234229,0.08021676820602096,0.43373115737055623
25549,LOF,0.4039810157592215,0.08108917427523107,0.5149298099655474
25550,LOF,0.3356033008242697,0.12291725679555596,0.5414794423801743
25551,LOF,0.28854332561618024,0.1354940406277688,0.5759626337560511
25552,LOF,0.22473004225437698,0.13026298687558494,0.6450069708700381
25553,Neutral,0.8106102231512681,0.04002863434264662,0.14936114250608537
25554,LOF,0.280518467109824,0.11816166426905188,0.6013198686211242
25555,LOF,0.22591622018614646,0.11119114388332298,0.6628926359305307
25556,LOF,0.43385879632397045,0.09756806865442114,0.46857313502160836
25557,LOF,0.20922983480405402,0.11804224900985352,0.6727279161860924
25558,LOF,0.26981443690321455,0.11855768601794857,0.6116278770788368
25559,LOF,0.20870826869447862,0.15360552712457431,0.637686204180947
25560,LOF,0.06940422239701936,0.13100274364871747,0.7995930339542632
25561,LOF,0.13128039514685874,0.1208405165960996,0.7478790882570415
25562,LOF,0.05860639615017805,0.07437138892217118,0.8670222149276507
25563,LOF,0.08563734893267087,0.07321996516970465,0.8411426858976245
25564,LOF,0.21934115044596653,0.15010259861990932,0.6305562509341242
25565,LOF,0.1979240522748981,0.1355000065181755,0.6665759412069265
25566,GOF,0.020485488763003726,0.7512487442667446,0.2282657669702517
25567,LOF,0.023445325965617374,0.13290714230619102,0.8436475317281916
25568,LOF,0.06350838308328031,0.07230562352838583,0.8641859933883338
25569,LOF,0.06279992594379735,0.0706558447528727,0.86654422930333
25570,LOF,0.031204392408649518,0.10051663051412406,0.8682789770772263
25571,LOF,0.03012427477448456,0.09909351066993222,0.8707822145555832
25572,LOF,0.03393591308572795,0.12441785480486832,0.8416462321094037
25573,LOF,0.027730064834758834,0.09637573456831514,0.875894200596926
25574,LOF,0.016213709347773744,0.1775827722015921,0.8062035184506341
25575,LOF,0.02588913886791697,0.10646628426837547,0.8676445768637076
25576,LOF,0.012413766930707205,0.14677143447034552,0.8408147985989473
25577,LOF,0.012002564381493223,0.11751700650413324,0.8704804291143734
25578,LOF,0.28400689084053743,0.08093339526948395,0.6350597138899786
25579,LOF,0.12982960925989742,0.0870680828220572,0.7831023079180454
25580,LOF,0.019176401791613853,0.07329138671611764,0.9075322114922685
25581,LOF,0.04917815278421131,0.07021456716151168,0.880607280054277
25582,LOF,0.04883459664709955,0.06833899214767691,0.8828264112052236
25583,LOF,0.020749757381456197,0.08078476766972428,0.8984654749488195
25584,Neutral,0.5022007256707263,0.12230488326080594,0.3754943910684679
25585,LOF,0.012571795892318731,0.11967469336633133,0.8677535107413499
25586,LOF,0.01852667152271657,0.06766525257697638,0.913808075900307
25587,LOF,0.017628697395221014,0.060533219772436475,0.9218380828323426
25588,LOF,0.01890670640851156,0.07546570922871443,0.905627584362774
25589,Neutral,0.6079792196282225,0.14595495363957087,0.24606582673220667
25590,LOF,0.02010133878222823,0.1143093811637786,0.8655892800539933
25591,LOF,0.0802027309267599,0.06228608643955343,0.8575111826336866
25592,LOF,0.052948889636986206,0.11808950914130541,0.8289616012217084
25593,LOF,0.019108253530622267,0.2695931620987654,0.7112985843706123
25594,LOF,0.03895228241698785,0.12764168671636858,0.8334060308666437
25595,LOF,0.03730252236754844,0.0921031494910662,0.8705943281413855
25596,LOF,0.052741876131415816,0.06488516756493429,0.8823729563036499
25597,LOF,0.034762118603089184,0.08355468997394225,0.8816831914229686
25598,LOF,0.03557498496185567,0.10008482597408348,0.8643401890640608
25599,GOF,0.008184043532219378,0.5424303844215659,0.4493855720462147
25600,GOF,0.02622227323269173,0.6057024678584416,0.3680752589088666
25601,LOF,0.01236201713571944,0.4144574494731196,0.5731805333911608
25602,LOF,0.01280725852895686,0.053248915112438865,0.9339438263586042
25603,LOF,0.04288502292259268,0.02105637267944351,0.9360586043979637
25604,LOF,0.016003468189250754,0.05479205422369834,0.9292044775870509
25605,LOF,0.009707808553979552,0.16198636264604666,0.8283058287999737
25606,LOF,0.11042189403705958,0.2622833624403959,0.6272947435225444
25607,LOF,0.006138362906962397,0.1720069822940001,0.8218546547990375
25608,LOF,0.010971560800348558,0.10050299389236297,0.8885254453072885
25609,LOF,0.0717376744086276,0.39366945497541483,0.5345928706159575
25610,LOF,0.020186769550609884,0.024072546213530305,0.9557406842358599
25611,LOF,0.01889232239740697,0.026522569144770285,0.9545851084578229
25612,LOF,0.06165356580285557,0.03623652607454135,0.902109908122603
25613,LOF,0.05625857154004737,0.03556548299740525,0.9081759454625473
25614,LOF,0.027711256865106393,0.030225568579641607,0.942063174555252
25615,LOF,0.01649391280850741,0.04312867994113307,0.9403774072503595
25616,LOF,0.05405918424852634,0.02943515236409831,0.9165056633873754
25617,LOF,0.05138633175541682,0.031491666827910395,0.9171220014166729
25618,LOF,0.06269676311355608,0.03535773407481951,0.9019455028116244
25619,LOF,0.018786828340240425,0.030056384732182136,0.9511567869275775
25620,LOF,0.07080346926190345,0.038568165655051584,0.890628365083045
25621,LOF,0.0188343721845009,0.03408223221520594,0.9470833956002932
25622,LOF,0.023901865153083686,0.04406951935030852,0.9320286154966078
25623,LOF,0.03812286479205366,0.038464266354884626,0.9234128688530618
25624,LOF,0.023266752940353193,0.03770583936074957,0.9390274076988971
25625,LOF,0.023153261591272376,0.05228972815176995,0.9245570102569578
25626,LOF,0.05564575395045177,0.03242270709165964,0.9119315389578886
25627,Neutral,0.6546370810143564,0.08551296908766108,0.2598499498979826
25628,LOF,0.189874231026169,0.04646417582643971,0.7636615931473913
25629,LOF,0.039067255562130844,0.064250962979861,0.8966817814580081
25630,LOF,0.14045323052244033,0.09109911512291251,0.7684476543546471
25631,Neutral,0.6158388284622601,0.05337536598035811,0.3307858055573817
25632,LOF,0.007646467082269223,0.0679434628389752,0.9244100700787555
25633,LOF,0.20885487305749267,0.047043783957253886,0.7441013429852534
25634,LOF,0.029802031990547873,0.0905980886545617,0.8795998793548904
25635,LOF,0.03609157774832889,0.04866048916161429,0.9152479330900567
25636,LOF,0.005526328929205507,0.48383722487646463,0.5106364461943299
25637,GOF,0.007401378939911275,0.5188844346509404,0.4737141864091483
25638,LOF,0.009203118029517033,0.2515957690080685,0.7392011129624145
25639,LOF,0.005594159698647713,0.3921250602109435,0.6022807800904089
25640,Neutral,0.5047225747307829,0.4043615967369637,0.09091582853225344
25641,GOF,0.008333040415169595,0.5072161029793371,0.4844508566054933
25642,LOF,0.22753944827268657,0.12056036421132775,0.6519001875159857
25643,LOF,0.14384936818510466,0.15868614392498195,0.6974644878899134
25644,GOF,0.007736397887364776,0.5201604654410227,0.4721031366716125
25645,LOF,0.0061666390999337425,0.46932988289182,0.5245034780082463
25646,LOF,0.010572681925489972,0.3795224127707451,0.609904905303765
25647,LOF,0.008660773872932155,0.3149335820925325,0.6764056440345353
25648,LOF,0.00792823498724991,0.3114497806972985,0.6806219843154515
25649,LOF,0.006901554929372741,0.2507706924662826,0.7423277526043446
25650,LOF,0.012169656807692325,0.46893263201923663,0.518897711173071
25651,LOF,0.005214640849046463,0.32990707901855787,0.6648782801323957
25652,LOF,0.008490878171697077,0.3019139614812032,0.6895951603470999
25653,LOF,0.02055834164377054,0.4545482466514145,0.524893411704815
25654,LOF,0.008883770560674418,0.21599389234036878,0.7751223370989568
25655,LOF,0.036427725416696144,0.47128490782288807,0.49228736676041585
25656,LOF,0.18432061593115223,0.05286993886362703,0.7628094452052206
25657,LOF,0.2700586927672496,0.030257707331074454,0.699683599901676
25658,LOF,0.07102020061086302,0.09985012319295743,0.8291296761961795
25659,LOF,0.42700316723339243,0.07934215738830581,0.49365467537830166
25660,LOF,0.03007892330822849,0.08493562563381314,0.8849854510579584
25661,LOF,0.09843632253566148,0.05936681744685398,0.8421968600174845
25662,LOF,0.0322422484410245,0.035455147115728225,0.9323026044432472
25663,LOF,0.041277224860126305,0.04929816127767069,0.909424613862203
25664,LOF,0.056315760914872774,0.06582641988340047,0.8778578192017267
25665,LOF,0.05189101730284036,0.027229435995003447,0.9208795467021562
25666,LOF,0.0427193166507714,0.0813558485591747,0.8759248347900539
25667,LOF,0.06605846317191959,0.04009408253782426,0.8938474542902561
25668,LOF,0.03548024770503922,0.041281788582503726,0.9232379637124569
25669,LOF,0.03371224402269625,0.06167892155858073,0.904608834418723
25670,LOF,0.07120403567074703,0.05832837617289382,0.870467588156359
25671,LOF,0.09603301543476736,0.033709072666377585,0.870257911898855
25672,LOF,0.05774537718548918,0.03358201047689663,0.9086726123376141
25673,LOF,0.028066125607109204,0.04155472245721693,0.9303791519356738
25674,LOF,0.024166278950028947,0.054376295083032704,0.9214574259669384
25675,LOF,0.03900507561756282,0.052071402647093534,0.9089235217353437
25676,LOF,0.01943344979125912,0.047181051447081165,0.9333854987616598
25677,LOF,0.028689714242636704,0.06356769548886944,0.9077425902684939
25678,LOF,0.2026292101710308,0.05576908634718835,0.7416017034817809
25679,LOF,0.16627995194869094,0.07816181104205175,0.7555582370092574
25680,LOF,0.04375352456164763,0.10204873316391072,0.8541977422744416
25681,LOF,0.06786516895424247,0.09719279728748494,0.8349420337582727
25682,LOF,0.14071874387090957,0.0670465072210735,0.7922347489080169
25683,LOF,0.08359826035314355,0.10652051506506033,0.809881224581796
25684,LOF,0.04632487035982505,0.06700202556417709,0.886673104075998
25685,LOF,0.08792857031855948,0.04278572193154409,0.8692857077498963
25686,LOF,0.027013891486136293,0.07779960279179256,0.8951865057220711
25687,LOF,0.05845707765359511,0.0684316259819458,0.8731112963644592
25688,LOF,0.05842255415077571,0.06490935984093286,0.8766680860082915
25689,LOF,0.029525653293418757,0.06778336576304353,0.9026909809435377
25690,LOF,0.04304243751989085,0.058300229751677035,0.8986573327284322
25691,LOF,0.2831203746062647,0.06911690215392965,0.6477627232398057
25692,LOF,0.26118399868164677,0.007752651850187606,0.7310633494681656
25693,LOF,0.05375002025741751,0.3348504180204383,0.6113995617221443
25694,LOF,0.2425368317683631,0.013809308093018752,0.7436538601386181
25695,LOF,0.1441844127980366,0.019134315465898572,0.8366812717360649
25696,LOF,0.1180361774533782,0.0113482894107952,0.8706155331358266
25697,LOF,0.09559609501834965,0.023110486010741307,0.881293418970909
25698,LOF,0.08893328859707421,0.4169834737953507,0.49408323760757505
25699,LOF,0.05495570522513346,0.08080517414108482,0.8642391206337817
25700,LOF,0.057118311892944036,0.009576896943382778,0.9333047911636732
25701,LOF,0.016049891476072477,0.10854178512936527,0.8754083233945623
25702,GOF,0.040028751057555434,0.6524946823108336,0.307476566631611
25703,LOF,0.009708439706236412,0.14363738900926606,0.8466541712844975
25704,LOF,0.060622196860421945,0.10764338440608737,0.8317344187334906
25705,LOF,0.07091163508100681,0.21225914281831812,0.716829222100675
25706,LOF,0.030079497147250008,0.40473419822557133,0.5651863046271788
25707,LOF,0.01938035013796561,0.3228182637654717,0.6578013860965627
25708,LOF,0.008916257777730486,0.30810694182567055,0.682976800396599
25709,LOF,0.06286253225407958,0.04712395796476968,0.8900135097811508
25710,LOF,0.006340903340889257,0.1365360971121119,0.8571229995469989
25711,LOF,0.020637034520109024,0.10866039321444286,0.8707025722654481
25712,LOF,0.00858567281984363,0.17871835640397743,0.8126959707761789
25713,LOF,0.021722396236515847,0.09493571151054354,0.8833418922529407
25714,LOF,0.0694352926450403,0.12033470818724754,0.8102299991677122
25715,LOF,0.01377461494168769,0.12933337962278335,0.8568920054355289
25716,LOF,0.00715504092522736,0.10062822818000328,0.8922167308947694
25717,LOF,0.007348389571396242,0.06980419233692879,0.922847418091675
25718,LOF,0.014498296634748942,0.08661524210999606,0.898886461255255
25719,LOF,0.02276287374167587,0.08837128934934455,0.8888658369089795
25720,LOF,0.023782238046658785,0.07500281913496684,0.9012149428183744
25721,LOF,0.018997475517854075,0.09985858154499033,0.8811439429371556
25722,LOF,0.01725050780173077,0.11604180518722476,0.8667076870110445
25723,LOF,0.023648468706849547,0.05824756368618094,0.9181039676069694
25724,LOF,0.020230335583725008,0.09202554766585819,0.8877441167504169
25725,LOF,0.013783549498558036,0.07045934956577406,0.915757100935668
25726,LOF,0.016661622994563797,0.1013974664353128,0.8819409105701235
25727,LOF,0.014350279406954573,0.07565847856570013,0.9099912420273454
25728,LOF,0.012848791646778017,0.09919297546349738,0.8879582328897246
25729,LOF,0.013346488596069411,0.10159046873344615,0.8850630426704845
25730,LOF,0.01822642947005339,0.08124273317927357,0.900530837350673
25731,LOF,0.008599454749823017,0.11794896797737207,0.8734515772728049
25732,LOF,0.018364113686965697,0.08075860984485869,0.9008772764681757
25733,LOF,0.018685203034162004,0.07104923417671641,0.9102655627891215
25734,LOF,0.006281609084457801,0.12360566226735885,0.8701127286481833
25735,LOF,0.015937595273929465,0.06867488411642257,0.9153875206096479
25736,LOF,0.01636427358001226,0.10153553348386808,0.8821001929361196
25737,LOF,0.023715134347224054,0.08278492804398711,0.8934999376087889
25738,LOF,0.01562763387643768,0.12486190316660319,0.8595104629569591
25739,LOF,0.022813327642153373,0.10502671809016054,0.872159954267686
25740,LOF,0.034613316765057356,0.11321018536282698,0.8521764978721157
25741,LOF,0.017051116871214626,0.10295765015331275,0.8799912329754725
25742,LOF,0.1006653588217644,0.1029170266404853,0.7964176145377503
25743,LOF,0.016486088265278254,0.03279087413123739,0.9507230376034844
25744,LOF,0.18095355211121636,0.3921123484830184,0.4269340994057652
25745,LOF,0.023904057504983988,0.060047202620595014,0.916048739874421
25746,LOF,0.0158941004041019,0.07127939345421443,0.9128265061416836
25747,LOF,0.028813953478124973,0.031992805599241336,0.9391932409226337
25748,LOF,0.13243328255649348,0.05612521091327668,0.8114415065302297
25749,LOF,0.01387842921518785,0.061814540135789624,0.9243070306490226
25750,LOF,0.029283579674078533,0.07773350902594924,0.8929829112999722
25751,LOF,0.1186249530396195,0.06276312709169692,0.8186119198686835
25752,GOF,0.12749339086599468,0.6031864933666554,0.26932011576735
25753,LOF,0.009196268239592272,0.27035449610415696,0.7204492356562507
25754,GOF,0.005091476240372781,0.7931173555919049,0.20179116816772225
25755,LOF,0.01054614771216504,0.3788183906811556,0.6106354616066794
25756,LOF,0.046461220250892214,0.35860124865070775,0.5949375310984001
25757,GOF,0.005325252504304088,0.8434701260875833,0.15120462140811258
25758,GOF,0.006645548600805591,0.8306506619019592,0.16270378949723513
25759,GOF,0.004195581380609852,0.5201610760058961,0.47564334261349406
25760,LOF,0.005638153933037233,0.24001173233147152,0.7543501137354912
25761,GOF,0.03841230237339975,0.8162845837433054,0.14530311388329498
25762,LOF,0.03422684618293062,0.2633602244263437,0.7024129293907256
25763,LOF,0.006996233027050213,0.17964628540566785,0.8133574815672819
25764,GOF,0.16578407528772826,0.4963483813557619,0.33786754335650987
25765,GOF,0.009676516418556004,0.7521030883298436,0.23822039525160024
25766,GOF,0.015594585412798836,0.8054425393520096,0.17896287523519155
25767,GOF,0.022929660548778465,0.5300286587028862,0.4470416807483353
25768,LOF,0.0734792802581098,0.0827914556724959,0.8437292640693943
25769,LOF,0.07990588897702877,0.06376343061217227,0.8563306804107991
25770,LOF,0.3456182896307671,0.07958680327065765,0.5747949070985753
25771,LOF,0.014440370187092969,0.05909293190929575,0.9264666979036112
25772,LOF,0.02034295757815794,0.030220170734398488,0.9494368716874435
25773,LOF,0.013185957590744373,0.10050733502266802,0.8863067073865876
25774,LOF,0.02668890657319192,0.07111894217390693,0.9021921512529012
25775,LOF,0.01637946680764353,0.04883483408296397,0.9347856991093924
25776,LOF,0.08492309580322036,0.025504658734759583,0.8895722454620201
25777,LOF,0.32664558165836444,0.05151649523185504,0.6218379231097805
25778,LOF,0.06699073510778894,0.048688416332497014,0.884320848559714
25779,GOF,0.08195899212055294,0.8476648005380277,0.07037620734141933
25780,GOF,0.0751037889978715,0.8281901656787243,0.0967060453234043
25781,GOF,0.02589860953130648,0.8412410279395158,0.13286036252917774
25782,GOF,0.034612388151755075,0.8708951058861045,0.09449250596214043
25783,GOF,0.012627810125617244,0.6628152394206464,0.3245569504537362
25784,GOF,0.13328285663610165,0.8026647493891639,0.06405239397473445
25785,GOF,0.0851200287988865,0.8558080316185872,0.05907193958252615
25786,GOF,0.006593916804533007,0.7998949787639483,0.19351110443151856
25787,GOF,0.22720556178397125,0.7202210063181054,0.0525734318979233
25788,LOF,0.047254618828809526,0.1157699682955685,0.8369754128756219
25789,GOF,0.03303512526272741,0.78159261128565,0.18537226345162267
25790,GOF,0.03410657059735383,0.8206309526057939,0.14526247679685217
25791,GOF,0.02416543190512108,0.7740038809352956,0.20183068715958327
25792,GOF,0.04671090038628317,0.7718360462766816,0.18145305333703543
25793,GOF,0.06546205678608731,0.7176840785323051,0.21685386468160764
25794,GOF,0.09384590931307202,0.6806681975348637,0.2254858931520642
25795,GOF,0.027283855046907345,0.7422505480421494,0.23046559691094323
25796,GOF,0.1398687235767033,0.7385466546714712,0.12158462175182544
25797,GOF,0.0400825619437832,0.5760141832804877,0.3839032547757291
25798,GOF,0.0032831017958234593,0.5317162400264531,0.46500065817772346
25799,LOF,0.0031316229580247625,0.4171886272235527,0.5796797498184225
25800,GOF,0.011657706247409392,0.6113018257833894,0.3770404679692012
25801,GOF,0.03789969424861105,0.7980039703938071,0.1640963353575819
25802,GOF,0.018104283683580327,0.7120871531587476,0.26980856315767204
25803,GOF,0.010184079110084704,0.5686843840554169,0.42113153683449855
25804,LOF,0.011377329465510516,0.4731883807841499,0.5154342897503397
25805,GOF,0.019270680640440126,0.6108593500390409,0.36986996932051897
25806,GOF,0.017549155474958923,0.6042491055174483,0.37820173900759274
25807,GOF,0.0057622924500010915,0.6368222679522709,0.357415439597728
25808,GOF,0.013498646680866559,0.6327413025943964,0.3537600507247369
25809,GOF,0.006262219380024795,0.5847364759102507,0.40900130470972457
25810,GOF,0.005121242177677623,0.6036593861412506,0.3912193716810718
25811,GOF,0.11684012286914504,0.7591574650946532,0.12400241203620178
25812,GOF,0.012586719927547858,0.6115626175545947,0.37585066251785737
25813,GOF,0.12953214306991795,0.6947851174306405,0.17568273949944155
25814,GOF,0.027222006695980232,0.6959619657122101,0.2768160275918097
25815,GOF,0.040501171392180076,0.7058774192076146,0.25362140940020544
25816,GOF,0.007389421700489315,0.7344160499207947,0.2581945283787159
25817,GOF,0.06083484489491016,0.7721068191978252,0.16705833590726463
25818,GOF,0.015589006564653177,0.6955625829281746,0.28884841050717214
25819,GOF,0.07246901164841137,0.7024154618886082,0.2251155264629806
25820,GOF,0.030691149708591093,0.7092017997404437,0.2601070505509652
25821,GOF,0.015899624265605428,0.6973589622782266,0.286741413456168
25822,GOF,0.03647160727599805,0.7086211687818657,0.25490722394213633
25823,GOF,0.01142415327887697,0.549262094785319,0.43931375193580413
25824,GOF,0.018515302515069693,0.6697914625010376,0.31169323498389273
25825,GOF,0.011291602989442996,0.6466340566866895,0.3420743403238676
25826,GOF,0.00494556774217901,0.6234123015462438,0.3716421307115772
25827,GOF,0.007826599603030731,0.6359674206375903,0.356205979759379
25828,GOF,0.005182967209964239,0.5567301410070075,0.4380868917830283
25829,GOF,0.002785151543454289,0.5894017716008,0.4078130768557456
25830,LOF,0.04522994393999028,0.3069864700033083,0.6477835860567014
25831,GOF,0.05953677899375362,0.7933449039521555,0.14711831705409079
25832,GOF,0.008163041945318372,0.7370123683232468,0.25482458973143474
25833,GOF,0.03131753749233574,0.7782218496272605,0.19046061288040367
25834,GOF,0.008748434183236902,0.7393411436623587,0.25191042215440446
25835,GOF,0.01793633740566345,0.7929502115145933,0.18911345107974328
25836,GOF,0.0075148557775963154,0.7126327983528189,0.2798523458695849
25837,GOF,0.007086612743029977,0.6642858233346969,0.328627563922273
25838,GOF,0.022230017192331534,0.8179666503846308,0.15980333242303768
25839,GOF,0.054302511108259205,0.7535007361309763,0.1921967527607645
25840,GOF,0.0523255064543816,0.7782353325361433,0.16943916100947518
25841,GOF,0.05065080876358112,0.8036978027258761,0.14565138851054285
25842,GOF,0.026596249255277784,0.8488807473358223,0.12452300340889993
25843,GOF,0.0300547450012324,0.8609238267920453,0.10902142820672234
25844,GOF,0.01936444690118624,0.7852377983831248,0.195397754715689
25845,GOF,0.005656024584245284,0.5751723826410852,0.41917159277466953
25846,GOF,0.04078144406076504,0.8242746329933218,0.13494392294591315
25847,GOF,0.01926475589982087,0.8754382448765196,0.1052969992236595
25848,GOF,0.012080640463247402,0.7805380270224849,0.20738133251426769
25849,GOF,0.00462760725462098,0.6646693782740893,0.33070301447128964
25850,GOF,0.006015444286504077,0.6845027321169909,0.30948182359650506
25851,GOF,0.005699313150221745,0.5738526550239729,0.42044803182580537
25852,GOF,0.1980659455110813,0.4978810803016933,0.3040529741872252
25853,GOF,0.06847093367133564,0.813194780621949,0.11833428570671539
25854,GOF,0.008447161991479123,0.6538429671785562,0.33770987082996473
25855,GOF,0.013529381779388625,0.5988403221810452,0.3876302960395662
25856,GOF,0.04721006816674666,0.6945242518389372,0.2582656799943161
25857,GOF,0.01346083851703565,0.5485125143075162,0.4380266471754481
25858,GOF,0.007383874837334244,0.5584719315793739,0.43414419358329176
25859,GOF,0.004822218799222204,0.5329992548537674,0.4621785263470103
25860,GOF,0.09466936787082376,0.7684236372057816,0.13690699492339475
25861,GOF,0.15125581485353168,0.7411863624751861,0.1075578226712822
25862,GOF,0.020726052214021736,0.8293151054338586,0.14995884235211976
25863,GOF,0.021276958100530787,0.8328366436428424,0.145886398256627
25864,GOF,0.05596729739656985,0.858180081536431,0.08585262106699916
25865,GOF,0.031298452877696135,0.8473337478635969,0.12136779925870707
25866,GOF,0.021853234723295565,0.8161387050674138,0.1620080602092905
25867,GOF,0.028522518517398558,0.848434657851306,0.12304282363129546
25868,GOF,0.06377592338905663,0.7789301518021682,0.1572939248087753
25869,GOF,0.3426489799395771,0.5518824542798758,0.10546856578054718
25870,GOF,0.19301133706302184,0.4718570015769263,0.3351316613600519
25871,GOF,0.03705921448815434,0.7953679293817333,0.16757285613011227
25872,GOF,0.018949575156538608,0.7312178418874276,0.24983258295603383
25873,GOF,0.02511891939814067,0.7818158206734849,0.19306525992837448
25874,LOF,0.017720506254457702,0.12399154871304106,0.8582879450325014
25875,LOF,0.02290050630746792,0.04252455081886749,0.9345749428736646
25876,LOF,0.015653550593252942,0.03125490260021605,0.9530915468065311
25877,LOF,0.13231833386828043,0.06884420870728739,0.7988374574244322
25878,LOF,0.051620169986458464,0.10234606760153547,0.846033762412006
25879,LOF,0.021588184441900957,0.07992742763001975,0.8984843879280794
25880,LOF,0.045147051337647535,0.012787157543633557,0.9420657911187189
25881,Neutral,0.5312827927173904,0.03973796279321236,0.42897924448939717
25882,LOF,0.020802256635089552,0.025052299395351606,0.9541454439695587
25883,LOF,0.05860792964153078,0.023271307642485257,0.9181207627159839
25884,LOF,0.01006763893076912,0.03821736163352364,0.9517149994357074
25885,LOF,0.1806264865710919,0.0063930054190031275,0.8129805080099051
25886,LOF,0.26183344422214627,0.050449401876706164,0.6877171539011475
25887,LOF,0.15817923139099305,0.0434062864168445,0.7984144821921624
25888,LOF,0.013583317801896108,0.09753114104682896,0.8888855411512749
25889,LOF,0.011704746686098316,0.02990304975950888,0.9583922035543928
25890,LOF,0.13869688501944316,0.09846904811740864,0.7628340668631483
25891,LOF,0.0443347351388075,0.04790641255614556,0.907758852305047
25892,LOF,0.01399789335592826,0.043409969600807244,0.9425921370432644
25893,LOF,0.41453633689488895,0.01378904738286277,0.5716746157222483
25894,LOF,0.44178709510209835,0.007578871726279287,0.5506340331716224
25895,LOF,0.38545274726358325,0.014654750777179155,0.5998925019592376
25896,LOF,0.04517486043604032,0.0262039960562046,0.928621143507755
25897,LOF,0.2080703978709202,0.01381687393393912,0.7781127281951405
25898,LOF,0.2568168417844294,0.03482952323743021,0.7083536349781404
25899,LOF,0.19295469002737006,0.034199436522664675,0.7728458734499654
25900,Neutral,0.501702888182397,0.015723827209171815,0.4825732846084311
25901,LOF,0.04963843670316875,0.013088348930157251,0.937273214366674
25902,LOF,0.10171135514632608,0.01625221521806895,0.8820364296356049
25903,LOF,0.43555180037987157,0.03468948056611382,0.5297587190540146
25904,LOF,0.3371786897680142,0.050040111408006537,0.6127811988239793
25905,LOF,0.00550715350077659,0.41318957736536055,0.5813032691338629
25906,LOF,0.009327775299240115,0.09523522578737557,0.8954369989133844
25907,LOF,0.004053689588127681,0.3885106979049101,0.6074356125069622
25908,LOF,0.00350189675214483,0.28035870702151283,0.7161393962263424
25909,LOF,0.013536688988875015,0.12808971958051985,0.8583735914306052
25910,LOF,0.016040434379753884,0.1437926402431285,0.8401669253771176
25911,LOF,0.2007700341240566,0.03360419625308435,0.7656257696228589
25912,LOF,0.07024505589736965,0.038387284502456556,0.8913676596001738
25913,LOF,0.08092057478168106,0.04873220799012046,0.8703472172281984
25914,LOF,0.021194534274030088,0.05610954776737132,0.9226959179585986
25915,LOF,0.13517979281120457,0.3719501602720786,0.4928700469167169
25916,LOF,0.01848245392485939,0.2474159454138748,0.7341016006612658
25917,LOF,0.05537684796686824,0.03910067243430688,0.9055224795988248
25918,LOF,0.025720831986613776,0.030904314138560263,0.943374853874826
25919,LOF,0.021894794968296348,0.030628720547805112,0.9474764844838987
25920,LOF,0.06128024823849857,0.4342842746330694,0.5044354771284321
25921,LOF,0.011338766394408192,0.03922027634330654,0.9494409572622853
25922,LOF,0.01400442836332905,0.030284587443941968,0.9557109841927289
25923,Neutral,0.49606611475129564,0.04143031592239866,0.46250356932630565
25924,LOF,0.01862880425170064,0.04133590502529523,0.9400352907230041
25925,LOF,0.08613192789462111,0.04431749287490505,0.8695505792304737
25926,LOF,0.06136361315162432,0.041432690864392545,0.8972036959839831
25927,LOF,0.017565565013227855,0.1366205622139151,0.8458138727728571
25928,LOF,0.008409057026812015,0.05274769248475054,0.9388432504884374
25929,Neutral,0.6037282591905585,0.04367588707825814,0.3525958537311832
25930,LOF,0.07175235748592843,0.035041511843240836,0.8932061306708308
25931,LOF,0.01054261003049571,0.035325161048941386,0.9541322289205629
25932,LOF,0.03302735274963137,0.027979728959351996,0.9389929182910166
25933,LOF,0.04247327338561575,0.019750294761729414,0.9377764318526548
25934,LOF,0.028637052314736993,0.022284222207285515,0.9490787254779776
25935,LOF,0.07709201319210947,0.05658730446547478,0.8663206823424158
25936,LOF,0.04739700067334977,0.026177447740685585,0.9264255515859646
25937,LOF,0.009974113433656902,0.04303902806818625,0.9469868584981569
25938,LOF,0.07320267363841515,0.06113930026607381,0.8656580260955111
25939,LOF,0.039125984366496544,0.02474867222864336,0.9361253434048601
25940,LOF,0.007429024752886163,0.3281885130899714,0.6643824621571425
25941,Neutral,0.5104808426778007,0.04837692998665297,0.44114222733554637
25942,LOF,0.00493101790044998,0.045155793216831816,0.9499131888827181
25943,LOF,0.034861196352260614,0.11979985461868589,0.8453389490290535
25944,LOF,0.09443705217205214,0.08106918268295565,0.8244937651449922
25945,LOF,0.05820228600609565,0.01989423360993991,0.9219034803839645
25946,LOF,0.06366078101242484,0.06259844162385983,0.8737407773637154
25947,LOF,0.45276746216763675,0.08443799589549013,0.46279454193687314
25948,LOF,0.32673248691019946,0.010207753728818299,0.6630597593609822
25949,LOF,0.09725161621051139,0.04520041353800071,0.8575479702514879
25950,GOF,0.04319295573521951,0.512817725760309,0.4439893185044714
25951,LOF,0.02197697394511925,0.33402948592436554,0.6439935401305152
25952,LOF,0.2689548222978218,0.24559746858613238,0.48544770911604596
25953,LOF,0.014621084144424078,0.14306727111397835,0.8423116447415976
25954,LOF,0.07122395938412326,0.33590730514789824,0.5928687354679785
25955,LOF,0.012654152714730542,0.09750817928880659,0.8898376679964629
25956,LOF,0.029691064084787354,0.18282991807982255,0.7874790178353902
25957,LOF,0.14485485341650942,0.02031201919327701,0.8348331273902136
25958,LOF,0.047454388426086645,0.0326940827678996,0.9198515288060137
25959,LOF,0.012836146763275939,0.39752272692526175,0.5896411263114623
25960,LOF,0.006547951690885834,0.05896384535155526,0.9344882029575589
25961,LOF,0.0374440144400324,0.029733115552194003,0.9328228700077736
25962,LOF,0.03542904450761258,0.05886631887817375,0.9057046366142136
25963,LOF,0.005437095322605117,0.27056342332847294,0.7239994813489219
25964,LOF,0.0315914815975837,0.11243103316163706,0.8559774852407792
25965,LOF,0.3413734067524853,0.10720328226073704,0.5514233109867778
25966,Neutral,0.5116752361191028,0.16279816653869533,0.32552659734220174
25967,LOF,0.007138761972518052,0.08667137953497488,0.906189858492507
25968,LOF,0.034969668107374265,0.34355557807199083,0.621474753820635
25969,LOF,0.12318527118446052,0.055793965056031486,0.821020763759508
25970,LOF,0.0187161590255509,0.08441250184431408,0.8968713391301351
25971,LOF,0.061913778958173064,0.029621380018891634,0.9084648410229353
25972,LOF,0.06259380726946803,0.039755961295937225,0.8976502314345947
25973,LOF,0.04864111128223373,0.009457463311530764,0.9419014254062356
25974,LOF,0.03378100873603671,0.03135190223444787,0.9348670890295155
25975,LOF,0.043697290289812084,0.022034338130061823,0.9342683715801261
25976,LOF,0.09775623950980085,0.009628055599747283,0.8926157048904518
25977,LOF,0.19723010151422848,0.053401361523232,0.7493685369625396
25978,LOF,0.1653446361881454,0.10463246466526617,0.7300228991465885
25979,LOF,0.14071637330281314,0.09871755457709695,0.7605660721200899
25980,LOF,0.24358632781472728,0.1262761383573034,0.6301375338279693
25981,LOF,0.27086396334281665,0.12577242273915373,0.6033636139180296
25982,LOF,0.4161015670779204,0.08677765656050399,0.4971207763615755
25983,LOF,0.394896695039968,0.08977121305424893,0.5153320919057831
25984,LOF,0.04061753706365732,0.05396876708895742,0.9054136958473853
25985,LOF,0.36850894644871185,0.13095378051668666,0.5005372730346015
25986,LOF,0.009529177277019641,0.39769330912255524,0.5927775136004252
25987,LOF,0.03152631148786903,0.08446495441524203,0.8840087340968888
25988,LOF,0.14972381478970864,0.08102054994317702,0.7692556352671145
25989,LOF,0.034965883154163296,0.12521915847425458,0.8398149583715822
25990,LOF,0.034317692295352135,0.19087855583921376,0.7748037518654342
25991,LOF,0.013757720961011756,0.3247699403842989,0.6614723386546894
25992,LOF,0.020385771178661413,0.2938959232500874,0.6857183055712512
25993,LOF,0.022806518837032868,0.07882774945731164,0.8983657317056556
25994,LOF,0.01582578916949124,0.0748921343810084,0.9092820764495004
25995,LOF,0.021668056072164595,0.1564705886701423,0.8218613552576931
25996,LOF,0.3064963701742125,0.26768835538680075,0.42581527443898676
25997,LOF,0.06502954353577793,0.30904353803641543,0.6259269184278066
25998,LOF,0.2718443915433131,0.04465990751601026,0.6834957009406767
25999,LOF,0.015657846060259994,0.2442814440638135,0.7400607098759265
26000,LOF,0.1554445745676672,0.026012598388386935,0.8185428270439459
26001,LOF,0.30457521787307745,0.0228345865081847,0.6725901956187379
26002,LOF,0.0672699092428072,0.03954503759860433,0.8931850531585884
26003,GOF,0.0037299666540255455,0.6363923630406252,0.3598776703053493
26004,GOF,0.005371361927798603,0.7053796754938735,0.2892489625783278
26005,LOF,0.0027977915625827703,0.4768573688582735,0.5203448395791437
26006,GOF,0.08737550873969914,0.5596081639264251,0.35301632733387567
26007,GOF,0.005308769261103787,0.5381248729801443,0.4565663577587518
26008,GOF,0.004894885752633679,0.6188658648918818,0.3762392493554845
26009,GOF,0.005297454397798502,0.6568909589509634,0.3378115866512381
26010,GOF,0.00610903251684321,0.678473703151066,0.3154172643320909
26011,LOF,0.002535652124405528,0.4630276942680198,0.5344366536075745
26012,GOF,0.00366105338362174,0.5572118698255408,0.43912707679083735
26013,GOF,0.004668956768048511,0.6356365871716975,0.359694456060254
26014,LOF,0.04733313371406424,0.0827532282390625,0.8699136380468732
26015,LOF,0.15628175775851702,0.020317612062644638,0.8234006301788385
26016,LOF,0.3079734060160054,0.031728263359751645,0.6602983306242429
26017,LOF,0.023004370619105402,0.1800882693851854,0.7969073599957092
26018,LOF,0.07701233024124264,0.04578281635510591,0.8772048534036514
26019,LOF,0.0722158351179003,0.037233253072552805,0.8905509118095469
26020,LOF,0.009875817370116611,0.1750630364382843,0.815061146191599
26021,LOF,0.07040153737943634,0.06382711892724431,0.8657713436933194
26022,LOF,0.02897661274933024,0.02593628084473072,0.945087106405939
26023,LOF,0.04767583681719643,0.02692633416404785,0.9253978290187557
26024,LOF,0.04611983369042285,0.0625384649341601,0.8913417013754171
26025,LOF,0.06470116959973601,0.13897019313336778,0.7963286372668962
26026,LOF,0.13162405053974802,0.05995642785104169,0.8084195216092104
26027,LOF,0.05972234660219031,0.02225125793135836,0.9180263954664513
26028,LOF,0.09865852058472921,0.11229828016956994,0.7890431992457009
26029,LOF,0.028826406071096444,0.16330497987212436,0.8078686140567791
26030,LOF,0.14780306289654316,0.019325675425805322,0.8328712616776516
26031,LOF,0.014289251612328429,0.1191704143786269,0.8665403340090447
26032,LOF,0.08356157276365493,0.0492218837378411,0.8672165434985041
26033,LOF,0.085697829309615,0.04424225536293001,0.870059915327455
26034,LOF,0.015521001755168608,0.13354670089279996,0.8509322973520314
26035,LOF,0.013573245563073317,0.11273667382997668,0.87369008060695
26036,LOF,0.01674229681342612,0.1361818003916464,0.8470759027949275
26037,LOF,0.01148948637168032,0.10127647193731731,0.8872340416910024
26038,LOF,0.07293890921501484,0.04428569277651634,0.8827753980084688
26039,LOF,0.024994328569310702,0.12659007801916883,0.8484155934115204
26040,LOF,0.1244000494044888,0.08934978557680817,0.786250165018703
26041,LOF,0.014079545779860802,0.08911387524825119,0.8968065789718881
26042,LOF,0.012703330420288298,0.09058439269611289,0.8967122768835988
26043,LOF,0.07369233148317844,0.06157939182863115,0.8647282766881903
26044,LOF,0.015707055432837742,0.046770862708353685,0.9375220818588087
26045,LOF,0.05561509764559913,0.08920309743186743,0.8551818049225335
26046,LOF,0.06622576562390958,0.04973063220497485,0.8840436021711154
26047,LOF,0.10832884232638515,0.05410641392659405,0.8375647437470208
26048,LOF,0.05719222201744606,0.03256530645316966,0.9102424715293843
26049,Neutral,0.9691801787627655,0.005476765740160683,0.025343055497073903
26050,Neutral,0.9563592649561238,0.006705485113393804,0.03693524993048234
26051,LOF,0.012634049230936285,0.2569310193124796,0.7304349314565841
26052,LOF,0.01696504293927923,0.30891812694271287,0.6741168301180078
26053,LOF,0.025999642241946626,0.14094350242748338,0.83305685533057
26054,LOF,0.04828828395515419,0.01909172611919926,0.9326199899256465
26055,LOF,0.06610158201372929,0.018025890032526696,0.915872527953744
26056,LOF,0.05374201176137851,0.020547969150189874,0.9257100190884315
26057,LOF,0.03234514855576218,0.012713086122868996,0.9549417653213688
26058,LOF,0.03298749638468425,0.011141253619367337,0.9558712499959484
26059,LOF,0.28432736009988113,0.021934487972542886,0.693738151927576
26060,LOF,0.0070981912873737734,0.23662869381255583,0.7562731149000704
26061,LOF,0.005324507575881637,0.014271397937121913,0.9804040944869965
26062,LOF,0.004364919511121592,0.018520380294809537,0.977114700194069
26063,LOF,0.02192444397649798,0.010489676699243623,0.9675858793242583
26064,LOF,0.007389064520271319,0.025988389818858596,0.9666225456608701
26065,LOF,0.022739699904117668,0.012369609161739577,0.9648906909341427
26066,LOF,0.020876687488617287,0.010798824489701118,0.9683244880216816
26067,LOF,0.029251034700239247,0.010060591585927118,0.9606883737138338
26068,LOF,0.04304762271493321,0.029712777564645562,0.9272395997204212
26069,LOF,0.250414108238239,0.019772567440042358,0.7298133243217186
26070,LOF,0.4055163721827373,0.014827981842172828,0.5796556459750899
26071,LOF,0.02107187005719281,0.012149551688137942,0.9667785782546694
26072,LOF,0.005684945539832404,0.022074247498965492,0.9722408069612021
26073,LOF,0.018537548221395226,0.013983224591170297,0.9674792271874345
26074,Neutral,0.8960091913598321,0.006221793384875478,0.09776901525529236
26075,LOF,0.044482791783278866,0.014479134751643762,0.9410380734650774
26076,LOF,0.03976859342318811,0.01021774125018259,0.9500136653266293
26077,LOF,0.11962350438351069,0.007226564776303067,0.8731499308401862
26078,LOF,0.005748027433706361,0.013596669502609923,0.9806553030636836
26079,LOF,0.05413180191157561,0.018469477768115826,0.9273987203203087
26080,LOF,0.0519296893753984,0.018512325968939335,0.9295579846556622
26081,LOF,0.030122699350456604,0.0077476252689088355,0.9621296753806347
26082,LOF,0.0045627497954831885,0.016795556256599446,0.9786416939479173
26083,LOF,0.13352818758504584,0.017277487812264427,0.8491943246026897
26084,LOF,0.03469285696211285,0.01386774651494643,0.9514393965229407
26085,LOF,0.031604393781389246,0.012527652884873992,0.9558679533337368
26086,LOF,0.019771061879108934,0.012194807488399469,0.9680341306324917
26087,LOF,0.021886487086945117,0.00918120932200592,0.968932303591049
26088,LOF,0.005807193747217617,0.026773619247095974,0.9674191870056863
26089,LOF,0.038981280563531,0.023997239505235256,0.9370214799312336
26090,LOF,0.03892092908684526,0.01961798484566129,0.9414610860674936
26091,LOF,0.027993242540042675,0.007162968574352407,0.9648437888856048
26092,LOF,0.02077310700203816,0.008341333614723064,0.9708855593832388
26093,LOF,0.03910052667583331,0.006441700777176593,0.9544577725469902
26094,LOF,0.02783674918609694,0.007126308750903108,0.9650369420630001
26095,LOF,0.015324300969675653,0.01920064553334833,0.9654750534969759
26096,LOF,0.14712194161754585,0.005743745359567743,0.8471343130228863
26097,LOF,0.004974145171841781,0.04079623052597225,0.954229624302186
26098,LOF,0.06783043183370896,0.01480757655579633,0.9173619916104948
26099,LOF,0.01901505705042196,0.015210499121406006,0.965774443828172
26100,LOF,0.02135986822011048,0.014542635698615245,0.9640974960812742
26101,LOF,0.04992538877653129,0.022181970609306472,0.9278926406141622
26102,LOF,0.02030486692498981,0.015070277180257836,0.9646248558947523
26103,Neutral,0.8700429707370112,0.022884820193171236,0.10707220906981768
26104,LOF,0.06512615565061412,0.026383131670881754,0.908490712678504
26105,LOF,0.2123810543108687,0.17715967774138777,0.6104592679477436
26106,LOF,0.37193976286470387,0.11100713249781807,0.5170531046374781
26107,LOF,0.023669169709627465,0.13052677751955644,0.8458040527708162
26108,LOF,0.3886290247548324,0.04630169849048669,0.5650692767546809
26109,LOF,0.026059121953860325,0.06894298981316958,0.9049978882329702
26110,LOF,0.20335865987877833,0.00947009760541776,0.787171242515804
26111,LOF,0.10311472603641662,0.07292543764080073,0.8239598363227826
26112,LOF,0.0335447338858512,0.008602972183549742,0.9578522939305991
26113,LOF,0.06424926268939295,0.018266429186798803,0.9174843081238083
26114,LOF,0.06792334956192365,0.01406686398873071,0.9180097864493456
26115,LOF,0.01648010307179835,0.07332158058357567,0.9101983163446261
26116,LOF,0.08314028169212592,0.04206091529066507,0.874798803017209
26117,LOF,0.4315933991848587,0.053942088221561664,0.5144645125935797
26118,LOF,0.033204568832067925,0.024394638702711382,0.9424007924652207
26119,LOF,0.005562657012329714,0.040244669069938684,0.9541926739177315
26120,LOF,0.024998200997265248,0.020066188630846794,0.9549356103718879
26121,LOF,0.005347125549380794,0.12485346793117452,0.8697994065194448
