feature0,prediction,LoGoFunc_Neutral,LoGoFunc_GOF,LoGoFunc_LOF
25546,Neutral,0.7609885078353658,0.03363461614159093,0.20537687602304316
25547,Neutral,0.5927646854605716,0.08072757513717511,0.3265077394022532
25548,Neutral,0.6091381187078145,0.058130432070812234,0.3327314492213732
25549,Neutral,0.5298003798908109,0.05775825799490717,0.41244136211428195
25550,LOF,0.35862688113644436,0.10250854674517543,0.5388645721183802
25551,LOF,0.2785719295714283,0.11322592789461915,0.6082021425339525
25552,LOF,0.21311114674989187,0.10668540990032911,0.680203443349779
25553,Neutral,0.8549231634846377,0.02463264849470591,0.12044418802065633
25554,LOF,0.249431852651091,0.10017706830485928,0.6503910790440497
25555,LOF,0.20647307231801038,0.08860012481606051,0.704926802865929
25556,Neutral,0.45846199889428896,0.09140620888422575,0.4501317922214852
25557,LOF,0.1984278097624823,0.09288945413565063,0.708682736101867
25558,LOF,0.23103369389033868,0.09986002444368777,0.6691062816659736
25559,LOF,0.3672619256555036,0.11545357534134577,0.5172844990031507
25560,LOF,0.05172013383163232,0.11023875799114603,0.8380411081772217
25561,LOF,0.11026420749135211,0.11146890429739953,0.7782668882112483
25562,LOF,0.07480125195676629,0.0636120272531074,0.8615867207901263
25563,LOF,0.10579230886772613,0.0644675984345865,0.8297400926976873
25564,LOF,0.25902230220169453,0.10123493035566786,0.6397427674426377
25565,LOF,0.13591939452147045,0.1249399046712627,0.7391407008072668
25566,GOF,0.012206893122338306,0.7746453978449358,0.21314770903272579
25567,LOF,0.022050862489719575,0.17330282344663292,0.8046463140636476
25568,LOF,0.056209213105253585,0.06379058503819122,0.8800002018565553
25569,LOF,0.05878150758286438,0.0669760286465552,0.8742424637705805
25570,LOF,0.054151346199437414,0.10505966571569535,0.8407889880848672
25571,LOF,0.049506048577764535,0.09878201992960164,0.8517119314926339
25572,LOF,0.06797518267346787,0.11548013415652679,0.8165446831700054
25573,LOF,0.03469880588931322,0.09182299454603449,0.8734781995646522
25574,LOF,0.021715787088478943,0.1461865896536726,0.8320976232578485
25575,LOF,0.04543022033013975,0.1127782410569803,0.8417915386128799
25576,LOF,0.018906643038340283,0.1348753124604166,0.8462180445012432
25577,LOF,0.01784240583352566,0.11777688671216499,0.8643807074543094
25578,LOF,0.29875143286365835,0.08162526446710096,0.6196233026692407
25579,LOF,0.14167046003975356,0.0965373899441082,0.7617921500161383
25580,LOF,0.030903485101708747,0.08077900554967761,0.8883175093486138
25581,LOF,0.051316539423619245,0.06752291444779993,0.8811605461285809
25582,LOF,0.05118363527388803,0.0661485328803347,0.8826678318457774
25583,LOF,0.038034871416509984,0.09092109737656302,0.8710440312069271
25584,Neutral,0.48485370108473125,0.09839732134864206,0.4167489775666267
25585,LOF,0.021811277628197737,0.12731383630306056,0.8508748860687418
25586,LOF,0.030504220199009315,0.07412750591295283,0.8953682738880379
25587,LOF,0.03113349463050198,0.07070089990950222,0.8981656054599957
25588,LOF,0.03053156236834146,0.08412933039983982,0.8853391072318187
25589,Neutral,0.6273394186323605,0.11467844550115262,0.25798213586648683
25590,LOF,0.0362011579390895,0.12660284789426202,0.8371959941666484
25591,LOF,0.09312515219287276,0.05884279209943803,0.8480320557076892
25592,LOF,0.0956001710576304,0.13109467132054128,0.7733051576218284
25593,LOF,0.03270473365978112,0.27029916847612306,0.6969960978640958
25594,LOF,0.04603497404114789,0.15075420620047764,0.8032108197583746
25595,LOF,0.05840661266197034,0.10448489328952504,0.8371084940485046
25596,LOF,0.057672522061719904,0.09016038655230772,0.8521670913859724
25597,LOF,0.039172047245987336,0.08551378799229839,0.8753141647617142
25598,LOF,0.05288425006740823,0.10894109727793778,0.8381746526546541
25599,GOF,0.007586574238610444,0.6102914172769861,0.38212200848440353
25600,GOF,0.012648927099179549,0.5596101279458392,0.4277409449549812
25601,LOF,0.010086715383903037,0.4451558062027038,0.5447574784133932
25602,LOF,0.028968309488865245,0.04424346594257436,0.9267882245685604
25603,LOF,0.05102260557305664,0.024831641517846146,0.9241457529090972
25604,LOF,0.033884599376840824,0.05215031005761259,0.9139650905655466
25605,LOF,0.010131368131161318,0.21953926563321172,0.770329366235627
25606,LOF,0.08323168717350497,0.3652127187630434,0.5515555940634516
25607,LOF,0.006107374104807568,0.1847431941832765,0.809149431711916
25608,LOF,0.017708837303707748,0.09036626703379799,0.8919248956624941
25609,LOF,0.050195173386243276,0.41200315414465616,0.5378016724691006
25610,LOF,0.03311550599512824,0.029634182979558093,0.9372503110253136
25611,LOF,0.03701472907915626,0.028002294135518795,0.9349829767853249
25612,LOF,0.09565910984522885,0.0446834934067755,0.8596573967479956
25613,LOF,0.08215832922140133,0.048220244188108795,0.8696214265904899
25614,LOF,0.026244699456527115,0.03860727364740636,0.9351480268960665
25615,LOF,0.03640612816812355,0.05166769676003189,0.9119261750718445
25616,LOF,0.025240232385793048,0.03583777755022342,0.9389219900639836
25617,LOF,0.02514817389467796,0.039613393417895194,0.9352384326874269
25618,LOF,0.1323625722931966,0.03322744217278992,0.8344099855340136
25619,LOF,0.02715453035198899,0.035638601363556094,0.937206868284455
25620,LOF,0.03212163560960941,0.044128524038187546,0.9237498403522031
25621,LOF,0.03143677628603224,0.035981799996411774,0.932581423717556
25622,LOF,0.03482319147646199,0.03897576685322606,0.926201041670312
25623,LOF,0.05019801028588551,0.03667319920041262,0.9131287905137019
25624,LOF,0.02459608204078404,0.0456657647955285,0.9297381531636875
25625,LOF,0.03736239790744622,0.04811248677393949,0.9145251153186142
25626,LOF,0.0766204019697306,0.03774952629201872,0.8856300717382507
25627,Neutral,0.5330100706908232,0.1094450026239152,0.3575449266852616
25628,LOF,0.21087836825642273,0.05133076697348962,0.7377908647700876
25629,LOF,0.05890555452012167,0.06532595524896048,0.8757684902309177
25630,LOF,0.1934488700702835,0.07666413714450812,0.7298869927852084
25631,Neutral,0.6159631805931645,0.055994692592721634,0.328042126814114
25632,LOF,0.013090802314680145,0.11218636367063174,0.8747228340146882
25633,LOF,0.10236099700589846,0.09440015772061754,0.803238845273484
25634,LOF,0.03259509479983753,0.1283754491556274,0.839029456044535
25635,LOF,0.03656338230365077,0.09402367211936878,0.8694129455769806
25636,GOF,0.00402512299297107,0.6177473469145283,0.3782275300925007
25637,GOF,0.003593735899592238,0.655138598164777,0.3412676659356306
25638,LOF,0.006727407306230127,0.39722446941485756,0.5960481232789122
25639,GOF,0.003657317222410896,0.5121344614393316,0.48420822133825747
25640,GOF,0.4355237067238027,0.5041881058131228,0.06028818746307452
25641,LOF,0.007987520857804799,0.3468368763886934,0.6451756027535017
25642,LOF,0.22567176018344529,0.07579271278828353,0.6985355270282712
25643,LOF,0.2881522603807874,0.18133924086699324,0.5305084987522194
25644,GOF,0.015068608153727767,0.5750084079089541,0.409922983937318
25645,GOF,0.012580337981854298,0.5217054695558823,0.46571419246226337
25646,LOF,0.018918256201096682,0.34858551920036457,0.6324962245985387
25647,LOF,0.015321352874971309,0.2889204580351639,0.6957581890898648
25648,LOF,0.014228363465597289,0.2949019156238945,0.6908697209105082
25649,LOF,0.01199176637239357,0.21434086536064523,0.7736673682669611
25650,LOF,0.029254087992313292,0.47867221530093507,0.49207369670675166
25651,LOF,0.008888347022039337,0.2961395705019485,0.6949720824760123
25652,LOF,0.013950827202526649,0.2577138286532569,0.7283353441442165
25653,LOF,0.05155931642906753,0.37735938741495095,0.5710812961559815
25654,LOF,0.016383371481522895,0.15783052348980836,0.8257861050286688
25655,LOF,0.07396801526333796,0.4105381109686026,0.5154938737680594
25656,LOF,0.1020034282447699,0.07217026696880734,0.8258263047864227
25657,LOF,0.318536807187826,0.031232601186960956,0.650230591625213
25658,LOF,0.050275790976756385,0.0932948746282472,0.8564293343949965
25659,LOF,0.3747474230777204,0.05967401210831481,0.5655785648139648
25660,LOF,0.06613391584937085,0.09663548684191463,0.8372305973087144
25661,LOF,0.046380783996305706,0.07251179336220133,0.881107422641493
25662,LOF,0.027244742842477035,0.04946565578420239,0.9232896013733206
25663,LOF,0.037109049948612804,0.0697048186149805,0.8931861314364068
25664,LOF,0.04394070151606268,0.08317782402967705,0.8728814744542603
25665,LOF,0.05874154416544625,0.048176224830948515,0.8930822310036053
25666,LOF,0.04076823990505013,0.12577535569642595,0.833456404398524
25667,LOF,0.03174920138518832,0.053604038552072714,0.9146467600627389
25668,LOF,0.03173722518458928,0.05483157998309126,0.9134311948323194
25669,LOF,0.040109225100803364,0.0827325812367492,0.8771581936624474
25670,LOF,0.07330864584557521,0.08957272422780414,0.8371186299266207
25671,LOF,0.03976090210019466,0.04727999710953765,0.9129591007902677
25672,LOF,0.06161701417995613,0.06613845889989642,0.8722445269201475
25673,LOF,0.04688842295320651,0.07329500436335425,0.8798165726834393
25674,LOF,0.0422373930538571,0.0751689260333977,0.8825936809127451
25675,LOF,0.05428219998015462,0.05839716508204198,0.8873206349378034
25676,LOF,0.03253463462760491,0.0594277563041968,0.9080376090681983
25677,LOF,0.06256669427039001,0.06514092258815786,0.8722923831414522
25678,LOF,0.29900996796999,0.03941536731136522,0.6615746647186448
25679,LOF,0.1838286843791566,0.06760655183916266,0.7485647637816809
25680,LOF,0.05689066918881931,0.09896199480552556,0.8441473360056552
25681,LOF,0.10331306093260174,0.09158509209253768,0.8051018469748605
25682,LOF,0.04444772451163052,0.07979665455066791,0.8757556209377015
25683,LOF,0.10229569207002372,0.08798370848651622,0.80972059944346
25684,LOF,0.05821323920644135,0.07999534611588965,0.861791414677669
25685,LOF,0.10544650130468523,0.036229341098394506,0.8583241575969203
25686,LOF,0.044233560612292555,0.08940908167663954,0.8663573577110678
25687,LOF,0.04742284665328603,0.07693999839674556,0.8756371549499684
25688,LOF,0.02936350299582257,0.08377638603042668,0.8868601109737507
25689,LOF,0.01925054499356814,0.07099155805453372,0.9097578969518982
25690,LOF,0.020488084894421433,0.08964282743275452,0.889869087672824
25691,LOF,0.23534579875501543,0.11079081074338833,0.6538633905015963
25692,LOF,0.28111924707655206,0.009550843571184431,0.7093299093522635
25693,LOF,0.08902843715856358,0.1534828460639524,0.757488716777484
25694,LOF,0.255650424578711,0.01786186103631269,0.7264877143849763
25695,LOF,0.16506488164276714,0.02272791565610448,0.8122072027011283
25696,LOF,0.16197498193098428,0.00985796508520506,0.8281670529838108
25697,LOF,0.14400220045540446,0.027023306675319856,0.8289744928692756
25698,LOF,0.03993381579334567,0.39809799598609524,0.5619681882205592
25699,LOF,0.05920270841034379,0.08205386733559301,0.8587434242540631
25700,LOF,0.03299924929989136,0.010646530418362088,0.9563542202817465
25701,LOF,0.014127562532316661,0.07608447946484244,0.909787958002841
25702,GOF,0.035642722505043474,0.7470297481671841,0.21732752932777236
25703,LOF,0.014881356758173045,0.2125263043822138,0.7725923388596132
25704,LOF,0.0939672225620492,0.1485003670440041,0.7575324103939467
25705,LOF,0.05964290761843682,0.2330969810768374,0.7072601113047258
25706,GOF,0.050726384879241866,0.597450117389392,0.3518234977313662
25707,GOF,0.028533798216367236,0.5128129716692759,0.45865323011435694
25708,LOF,0.00886928641823092,0.4449725616850818,0.5461581518966874
25709,LOF,0.01850042888374334,0.06557171697363252,0.9159278541426242
25710,LOF,0.01022407255285094,0.17847234082578464,0.8113035866213644
25711,LOF,0.0201901061031807,0.12398028897699756,0.8558296049198217
25712,LOF,0.009799740488770537,0.24446275233096773,0.7457375071802618
25713,LOF,0.017903361143663275,0.1045940972580254,0.8775025415983113
25714,LOF,0.02026739079002782,0.1361776882515831,0.8435549209583891
25715,LOF,0.01867141633345211,0.12278000724073157,0.8585485764258163
25716,LOF,0.010770108108081206,0.13323953578007555,0.8559903561118433
25717,LOF,0.006569614732211087,0.13818056928927766,0.8552498159785114
25718,LOF,0.018313659234042736,0.07758030253196177,0.9041060382339956
25719,LOF,0.032159511193417374,0.08812072492220721,0.8797197638843753
25720,LOF,0.021843525841426955,0.09177966260040313,0.8863768115581698
25721,LOF,0.02284928744798903,0.09858091197889467,0.8785698005731162
25722,LOF,0.017988979112571562,0.12079695867754987,0.8612140622098785
25723,LOF,0.020514273477833623,0.07374186174613492,0.9057438647760314
25724,LOF,0.03130847155483115,0.10823300951507478,0.860458518930094
25725,LOF,0.02107789842280687,0.06856902288369592,0.9103530786934972
25726,LOF,0.015659753839133535,0.09962885296311137,0.884711393197755
25727,LOF,0.019407995550959053,0.09062914388383309,0.8899628605652078
25728,LOF,0.018334224629570062,0.10072831061669514,0.8809374647537348
25729,LOF,0.018787334211480176,0.10235340344395545,0.8788592623445642
25730,LOF,0.019436213830167623,0.08268396849491873,0.8978798176749136
25731,LOF,0.011093179947434539,0.18193624111545628,0.8069705789371091
25732,LOF,0.018503249305465583,0.09201280514773243,0.889483945546802
25733,LOF,0.028497053504609533,0.08756815375978637,0.883934792735604
25734,LOF,0.007759131820850946,0.21463423840158316,0.7776066297775659
25735,LOF,0.0225271614801253,0.07505556134298359,0.902417277176891
25736,LOF,0.0212959840481763,0.11614796771823682,0.8625560482335868
25737,LOF,0.04136130395309402,0.09931424445331902,0.859324451593587
25738,LOF,0.019574708068115163,0.14602163705865995,0.834403654873225
25739,LOF,0.02287551452979955,0.13597219930510648,0.841152286165094
25740,LOF,0.0504148524114038,0.13025072244748082,0.8193344251411154
25741,LOF,0.026539114823237907,0.11265184662625563,0.8608090385505064
25742,LOF,0.03549837724517805,0.13005060335784638,0.8344510193969756
25743,LOF,0.012956492464472596,0.04422166863600627,0.9428218388995212
25744,GOF,0.16067050458439486,0.44376988360849157,0.3955596118071135
25745,LOF,0.02344764500453926,0.07629368037830425,0.9002586746171565
25746,LOF,0.01286042422557165,0.096649755712996,0.8904898200614323
25747,LOF,0.03645782629855505,0.03690677207082815,0.9266354016306169
25748,LOF,0.20835162709811827,0.06765459117725889,0.7239937817246229
25749,LOF,0.014363801725018959,0.056448103430084384,0.9291880948448967
25750,LOF,0.016124530146799616,0.09317674183324809,0.8906987280199522
25751,LOF,0.0398302893759672,0.07220537841922078,0.8879643322048121
25752,GOF,0.09709607697287673,0.672639349068253,0.23026457395887023
25753,LOF,0.007929455424615142,0.38334582323598343,0.6087247213394014
25754,GOF,0.005029482316482096,0.8671380798527751,0.12783243783074288
25755,LOF,0.0106409768612094,0.4368543110002373,0.5525047121385532
25756,LOF,0.04961641444633112,0.4402450590509484,0.5101385265027204
25757,GOF,0.006517798835060234,0.8757131614775653,0.11776903968737465
25758,GOF,0.008820817688146878,0.8828415455236219,0.10833763678823113
25759,GOF,0.004930332266797246,0.5823381923466611,0.41273147538654176
25760,LOF,0.007752266309703164,0.2973489620909081,0.6948987715993886
25761,GOF,0.042721218091339386,0.8411156191759674,0.11616316273269311
25762,LOF,0.028446041354547143,0.37932545637938336,0.5922285022660694
25763,LOF,0.008799868219458848,0.2533275050541889,0.7378726267263523
25764,GOF,0.08591204289406892,0.5933369569896262,0.3207510001163048
25765,GOF,0.008135155468849563,0.8513808646007667,0.1404839799303837
25766,GOF,0.027663210464003052,0.8274324214718236,0.14490436806417326
25767,GOF,0.01397453610912848,0.5625259898485638,0.4234994740423076
25768,LOF,0.03643757838931745,0.08470697103653013,0.8788554505741524
25769,LOF,0.023915935550436432,0.07940445905727328,0.8966796053922902
25770,LOF,0.1468239022288958,0.06940372189285128,0.7837723758782529
25771,LOF,0.014168863738512023,0.07997305277036659,0.9058580834911214
25772,LOF,0.022657526562800602,0.029582434293054436,0.947760039144145
25773,LOF,0.014150410345466474,0.07104334903105873,0.9148062406234748
25774,LOF,0.026582959440990747,0.09866212272226428,0.874754917836745
25775,LOF,0.020892345541745565,0.04178186205733922,0.9373257924009152
25776,LOF,0.025143650280910684,0.0282851085382914,0.9465712411807979
25777,LOF,0.20151837650454354,0.07191465667738615,0.7265669668180703
25778,LOF,0.019633308684546925,0.056694714679624336,0.9236719766358288
25779,GOF,0.0369697167070809,0.8959246995184701,0.06710558377444899
25780,GOF,0.06610675292647107,0.8854983325231528,0.04839491455037613
25781,GOF,0.02292951356433943,0.8803621480692032,0.09670833836645726
25782,GOF,0.03177642930126024,0.9060551971925076,0.06216837350623233
25783,GOF,0.0179813740407604,0.7748172601376008,0.20720136582163884
25784,GOF,0.11325919100190619,0.8555684479619007,0.031172361036193055
25785,GOF,0.0661449096630236,0.8929505810193621,0.04090450931761443
25786,GOF,0.005059174843418819,0.8473064679831963,0.14763435717338477
25787,GOF,0.1469350167369242,0.8233337016668439,0.029731281596232027
25788,LOF,0.01624281075747794,0.197344093130703,0.786413096111819
25789,GOF,0.01744510331171599,0.8709409343934524,0.11161396229483146
25790,GOF,0.020626912599404214,0.8906506514225428,0.08872243597805289
25791,GOF,0.01500613837048728,0.8191894509514197,0.16580441067809315
25792,GOF,0.023886202506448184,0.8369231682563902,0.13919062923716172
25793,GOF,0.07293132877994268,0.8412804263025775,0.0857882449174798
25794,GOF,0.04950658440965381,0.7936061713314868,0.15688724425885933
25795,GOF,0.032608894044836426,0.7877770075064067,0.17961409844875698
25796,GOF,0.07091356365907026,0.8355999580971869,0.09348647824374268
25797,GOF,0.03215046399475452,0.7173486419949653,0.25050089401028036
25798,GOF,0.0027981791688468653,0.6671011261974451,0.3301006946337079
25799,GOF,0.0030335951909241992,0.5506163497904402,0.44635005501863556
25800,GOF,0.012017345829640067,0.7549942668892181,0.23298838728114174
25801,GOF,0.015078352161708785,0.8737736484588957,0.11114799937939554
25802,GOF,0.019804318859109916,0.8137304101117447,0.16646527102914518
25803,GOF,0.011039089068179993,0.7183961798172525,0.2705647311145677
25804,GOF,0.013048918055106405,0.6287278706232339,0.35822321132165974
25805,GOF,0.020579324006867673,0.721462563030334,0.25795811296279825
25806,GOF,0.01789316001164228,0.7719701433081656,0.21013669668019208
25807,GOF,0.004975463208880401,0.7424325160453202,0.25259202074579934
25808,GOF,0.013504492057537601,0.7578104082728846,0.22868509966957787
25809,GOF,0.005655991058601277,0.7237290687390965,0.27061494020230226
25810,GOF,0.004826041176342154,0.7305634322967964,0.2646105265268615
25811,GOF,0.048855574376812795,0.8840816631924048,0.06706276243078246
25812,GOF,0.0177325836036945,0.757146189260785,0.22512122713552044
25813,GOF,0.10463914051095179,0.8077955782506848,0.08756528123836342
25814,GOF,0.02378158808813483,0.8075643937045007,0.16865401820736445
25815,GOF,0.03742465362148503,0.8428671563737923,0.11970819000472264
25816,GOF,0.007115946490004791,0.8606692820034868,0.13221477150650848
25817,GOF,0.0879145550818493,0.7892510758213288,0.12283436909682183
25818,GOF,0.023781481213055417,0.8076271395451567,0.16859137924178794
25819,GOF,0.06149687448452013,0.7664288270148004,0.17207429850067937
25820,GOF,0.029444599016041437,0.7679852216265188,0.2025701793574397
25821,GOF,0.017564994614174725,0.75718371484767,0.22525129053815532
25822,GOF,0.03557743950089167,0.7856748262819722,0.1787477342171361
25823,GOF,0.014252352023700001,0.6580085517284425,0.3277390962478575
25824,GOF,0.025551751164218484,0.7795695327094129,0.19487871612636878
25825,GOF,0.01579787954444919,0.7607768228597392,0.22342529759581148
25826,GOF,0.005393757572452071,0.7330788260305443,0.2615274163970036
25827,GOF,0.007602755066591243,0.7106863031005846,0.28171094183282425
25828,GOF,0.0052873149247825504,0.6686308015317162,0.3260818835435013
25829,GOF,0.002729614009360122,0.7307233660175438,0.2665470199730961
25830,GOF,0.03784502458586888,0.5258262893102551,0.4363286861038761
25831,GOF,0.038464918092152085,0.8426900428586152,0.11884503904923269
25832,GOF,0.008685504253030484,0.8026077511667639,0.18870674458020573
25833,GOF,0.03241951280426628,0.8417906774053332,0.12578980979040058
25834,GOF,0.008280963786832638,0.8132044870179378,0.1785145491952296
25835,GOF,0.01675634663573536,0.8523419717780727,0.130901681586192
25836,GOF,0.006439631315944161,0.8187043143031908,0.17485605438086527
25837,GOF,0.006818245464797917,0.726498135141901,0.2666836193933011
25838,GOF,0.019561735395262653,0.8663803609438182,0.1140579036609191
25839,GOF,0.038575947098979706,0.8593557706172432,0.10206828228377714
25840,GOF,0.06238509786561957,0.8422967497965506,0.09531815233782989
25841,GOF,0.056803787593809774,0.8529543447167534,0.09024186768943696
25842,GOF,0.0228987491153429,0.8984018844835652,0.07869936640109197
25843,GOF,0.024068742291186097,0.9013180880721182,0.07461316963669566
25844,GOF,0.016591831345804605,0.8502498857994069,0.13315828285478876
25845,GOF,0.005353695904660988,0.6650801890343535,0.3295661150609855
25846,GOF,0.03443329687409362,0.8672503649477126,0.09831633817819387
25847,GOF,0.01742355402597547,0.9121351617222396,0.07044128425178504
25848,GOF,0.015884420003467663,0.8654111303564584,0.11870444964007398
25849,GOF,0.004758787170094235,0.7650833306530018,0.23015788217690408
25850,GOF,0.005745679517610824,0.7829172547821888,0.21133706570020044
25851,GOF,0.004989803489458117,0.6612901564858144,0.3337200400247275
25852,GOF,0.1252533119526205,0.6147534582889883,0.25999322975839123
25853,GOF,0.07033024263094692,0.8531200142443857,0.07654974312466752
25854,GOF,0.005209292798952682,0.724594210019357,0.2701964971816903
25855,GOF,0.015918880233013823,0.6618658422193388,0.32221527754764745
25856,GOF,0.03813831473117322,0.8015737614854721,0.16028792378335466
25857,GOF,0.014548564253936705,0.6567995625753844,0.32865187317067895
25858,GOF,0.008857848931339835,0.6624556989356125,0.32868645213304754
25859,GOF,0.005825106335823845,0.6385278331513528,0.3556470605128234
25860,GOF,0.07368975600669285,0.8262041208167017,0.10010612317660553
25861,GOF,0.06811166170322187,0.8407449247202069,0.0911434135765713
25862,GOF,0.021284849119308613,0.8688437129608826,0.10987143791980893
25863,GOF,0.02059789162927864,0.8819084526061045,0.09749365576461677
25864,GOF,0.04151228097934269,0.888454995386196,0.07003272363446139
25865,GOF,0.027778441738097372,0.8490810141039263,0.12314054415797646
25866,GOF,0.024138427336422488,0.874531863936748,0.10132970872682937
25867,GOF,0.0291063898028772,0.8859710868392393,0.08492252335788351
25868,GOF,0.049678329795549,0.8604815931523421,0.08984007705210907
25869,GOF,0.32918571543738295,0.6152538842807945,0.055560400281822554
25870,GOF,0.06760885922476699,0.6976067531777657,0.2347843875974673
25871,GOF,0.010434029555768715,0.8901095025651552,0.0994564678790762
25872,GOF,0.02206782689073252,0.8754905383806465,0.10244163472862096
25873,GOF,0.0202981641017315,0.8910665751083545,0.08863526078991392
25874,LOF,0.017058484097661007,0.2156182761066046,0.7673232397957344
25875,LOF,0.04718393525789413,0.0469628656935234,0.9058531990485824
25876,LOF,0.021484110015285766,0.03892686757664404,0.9395890224080702
25877,LOF,0.11721231018016708,0.0806574747603633,0.8021302150594697
25878,LOF,0.06841112996748948,0.11629968008308228,0.8152891899494282
25879,LOF,0.029555866171806534,0.08478189564339332,0.8856622381848002
25880,LOF,0.058235162724812106,0.013782856321512228,0.9279819809536756
25881,Neutral,0.5534305143789664,0.0691887279806398,0.3773807576403938
25882,LOF,0.04442207219913061,0.033090155210789,0.9224877725900803
25883,LOF,0.027669495272005788,0.026587193971232312,0.945743310756762
25884,LOF,0.02840901689434994,0.0490176176244643,0.9225733654811858
25885,LOF,0.19672275612861412,0.01286529751901291,0.7904119463523731
25886,LOF,0.15748730189157878,0.06290136876501431,0.7796113293434069
25887,LOF,0.17730119696298477,0.059675227070008045,0.7630235759670072
25888,LOF,0.012730467961613633,0.1361212816066368,0.8511482504317496
25889,LOF,0.03133570484087883,0.03277776358478891,0.9358865315743323
25890,LOF,0.1265848256613659,0.11259839599107418,0.76081677834756
25891,LOF,0.09641481579291727,0.02470979529547569,0.8788753889116071
25892,LOF,0.009125305488168688,0.030536616328306114,0.9603380781835251
25893,LOF,0.4120036514196428,0.009232118334343939,0.5787642302460133
25894,LOF,0.44049800703188075,0.005610950580827561,0.5538910423872918
25895,LOF,0.3347175915963153,0.011391158708296606,0.653891249695388
25896,LOF,0.06559385391166057,0.017151290223947947,0.9172548558643914
25897,LOF,0.17571195234592082,0.00883395657039386,0.8154540910836854
25898,LOF,0.18099196203912665,0.029840277110674426,0.7891677608501989
25899,LOF,0.35853019877721987,0.018191390982736047,0.623278410240044
25900,LOF,0.43874380494943227,0.00784264074760353,0.5534135543029641
25901,LOF,0.0694701518436243,0.007883216551050268,0.9226466316053255
25902,LOF,0.19046148183358952,0.00863421869706179,0.8009042994693486
25903,LOF,0.3984630016365153,0.023684564454787164,0.5778524339086976
25904,Neutral,0.49668053289272934,0.02400393226873912,0.4793155348385315
25905,LOF,0.004284651000912682,0.4507783260792966,0.5449370229197906
25906,LOF,0.009656655553684192,0.1031113538912171,0.8872319905550987
25907,LOF,0.004713778367748043,0.3453482935892234,0.6499379280430284
25908,LOF,0.004254981496185797,0.2512073767864873,0.744537641717327
25909,LOF,0.02545333815591044,0.15086283959030608,0.8236838222537836
25910,LOF,0.011111088261779313,0.12704794370264752,0.8618409680355732
25911,LOF,0.3148623555864857,0.03852055932230239,0.646617085091212
25912,LOF,0.0711236808098255,0.058321229890260125,0.8705550892999144
25913,LOF,0.041614862982010815,0.064607273010725,0.8937778640072642
25914,LOF,0.04039180274151358,0.04804812116962746,0.9115600760888589
25915,LOF,0.18721121174295471,0.20833867091433014,0.6044501173427151
25916,LOF,0.03176316839006706,0.13688742273202123,0.8313494088779116
25917,LOF,0.07227202157862991,0.04262482761944042,0.8851031508019298
25918,LOF,0.044631808202240844,0.0282825985164116,0.9270855932813477
25919,LOF,0.03873439944845377,0.02821185477811004,0.9330537457734362
25920,LOF,0.21055356160947672,0.2305642065750838,0.5588822318154395
25921,LOF,0.018063298077804338,0.038577511886356455,0.9433591900358391
25922,LOF,0.022565035886272518,0.03528111009894236,0.942153854014785
25923,LOF,0.480278688058953,0.03063464574693605,0.4890866661941108
25924,LOF,0.02839157845163074,0.0543794582199739,0.9172289633283953
25925,LOF,0.08496978152891113,0.046497017926722506,0.8685332005443663
25926,LOF,0.06166738522785173,0.04468534524158652,0.8936472695305618
25927,LOF,0.02606392029909725,0.07172684635328459,0.9022092333476182
25928,LOF,0.011437211087613168,0.057133095367925615,0.9314296935444611
25929,Neutral,0.5618792119637402,0.029903217920544498,0.40821757011571524
25930,LOF,0.08575530207550067,0.029858324439546644,0.8843863734849527
25931,LOF,0.015448964950789363,0.03908776779647424,0.9454632672527363
25932,LOF,0.07161984697586772,0.03242625838522968,0.8959538946389026
25933,LOF,0.06882621983608678,0.020078161804857476,0.9110956183590557
25934,LOF,0.06357889985529412,0.018045706770485434,0.9183753933742204
25935,LOF,0.07323450310447438,0.05945625188024152,0.8673092450152842
25936,LOF,0.09883917695267405,0.02063591475067943,0.8805249082966465
25937,LOF,0.01588215616438674,0.04000604729432852,0.9441117965412847
25938,LOF,0.07160824051960624,0.05543172685823493,0.8729600326221588
25939,LOF,0.04678721753829734,0.0267850330715746,0.9264277493901281
25940,LOF,0.009625693755294151,0.36970818412350936,0.6206661221211964
25941,Neutral,0.49966891603917135,0.03844048045869697,0.46189060350213157
25942,LOF,0.00910466490791659,0.053530683378658954,0.9373646517134244
25943,LOF,0.040220405566361576,0.19206281161488342,0.7677167828187549
25944,LOF,0.06528320754631427,0.0866710592003395,0.8480457332533461
25945,LOF,0.11535118284579503,0.020852371731611762,0.8637964454225932
25946,LOF,0.06666820207662753,0.049936527863186767,0.8833952700601856
25947,Neutral,0.47044183790751004,0.12634843780785715,0.40320972428463275
25948,LOF,0.4306640304143995,0.016132976006463205,0.5532029935791374
25949,LOF,0.14445029222924832,0.07957391635722716,0.7759757914135245
25950,GOF,0.07194509481355371,0.6358247529380174,0.2922301522484289
25951,LOF,0.014128977028505116,0.44569472763418966,0.5401762953373052
25952,LOF,0.28724395722716406,0.2952289685637282,0.41752707420910773
25953,LOF,0.006833553701504676,0.20180202152580023,0.7913644247726952
25954,GOF,0.08295235796276253,0.5131369102721857,0.4039107317650519
25955,LOF,0.0067755217083919845,0.1888934948304478,0.8043309834611603
25956,LOF,0.019851174597250342,0.2431177521927101,0.7370310732100397
25957,LOF,0.17884828095923713,0.03379295306599301,0.7873587659747698
25958,LOF,0.03386301687193501,0.04165588266579588,0.9244811004622691
25959,GOF,0.018092104454027643,0.6372143283488829,0.3446935671970894
25960,LOF,0.006901220772610395,0.06481823005150844,0.9282805491758812
25961,LOF,0.03156512347586061,0.03545094065147278,0.9329839358726667
25962,LOF,0.03471454011100344,0.06524041534623387,0.9000450445427627
25963,LOF,0.005313428314031337,0.18955947003570825,0.8051271016502605
25964,LOF,0.027100183070367954,0.11544907691141773,0.8574507400182144
25965,LOF,0.26440734516973924,0.11785180094032575,0.6177408538899349
25966,Neutral,0.46622939165121313,0.1417125459661354,0.39205806238265145
25967,LOF,0.009232420164688197,0.09409021112258109,0.8966773687127306
25968,LOF,0.04545138163997006,0.25659997892794567,0.6979486394320843
25969,LOF,0.13983359427452008,0.055100072198738324,0.8050663335267416
25970,LOF,0.02392473515094261,0.10623768415881812,0.8698375806902393
25971,LOF,0.08027007177619892,0.030465986428748273,0.8892639417950527
25972,LOF,0.0684012815060774,0.04797040473005751,0.8836283137638651
25973,LOF,0.06828663180310468,0.008454321727898747,0.9232590464689965
25974,LOF,0.05249069996407962,0.0349991885530936,0.9125101114828269
25975,LOF,0.04646601189510776,0.016085088112145703,0.9374488999927466
25976,LOF,0.08352378066657859,0.009674183759520227,0.906802035573901
25977,LOF,0.21082358870851098,0.06860283733382533,0.7205735739576636
25978,LOF,0.18806687513366113,0.1246929437293636,0.6872401811369753
25979,LOF,0.15237826202019947,0.1345411253138403,0.7130806126659602
25980,LOF,0.26405386510441015,0.18165634593023894,0.554289788965351
25981,LOF,0.2654610235496671,0.18331016268946299,0.5512288137608699
25982,Neutral,0.4967901001648976,0.09132995609788833,0.41187994373721404
25983,Neutral,0.5017507637311843,0.10938372451196406,0.38886551175685174
25984,LOF,0.038032111261715316,0.09641870789090376,0.8655491808473809
25985,LOF,0.4030572536996018,0.13691340300675553,0.4600293432936426
25986,LOF,0.012086423458807408,0.4077955068900574,0.5801180696511351
25987,LOF,0.05421064184356753,0.09996747862023188,0.8458218795362007
25988,LOF,0.04072500154709501,0.15741124009702714,0.8018637583558779
25989,LOF,0.03731389692208256,0.19432426492457291,0.7683618381533445
25990,LOF,0.04116586587528112,0.29675614604279654,0.6620779880819222
25991,LOF,0.02978933641884202,0.4183317309751985,0.5518789326059595
25992,LOF,0.026207780440006757,0.4084127687440374,0.5653794508159559
25993,LOF,0.02896041459201844,0.0753637069242528,0.8956758784837288
25994,LOF,0.024905740602049475,0.0755158767703015,0.8995783826276491
25995,LOF,0.021904098707606918,0.13449033966847235,0.8436055616239208
25996,Neutral,0.3580566225573177,0.3124830034350944,0.329460374007588
25997,LOF,0.06778589820620336,0.38505055720876064,0.547163544585036
25998,LOF,0.26880209095146285,0.044732019995001274,0.686465889053536
25999,LOF,0.022572191902388305,0.18802643603548436,0.7894013720621275
26000,LOF,0.17827812737124976,0.03064227854516541,0.7910795940835849
26001,LOF,0.23697852847817624,0.0470118286021582,0.7160096429196656
26002,LOF,0.12976373683768228,0.04713105635846288,0.8231052068038548
26003,GOF,0.005334536096723761,0.6379740013588568,0.35669146254441936
26004,GOF,0.007327654338206021,0.705230801198239,0.28744154446355485
26005,GOF,0.0037344874756988096,0.5000131667528642,0.49625234577143695
26006,GOF,0.12354859474551969,0.5732426558845554,0.30320874936992503
26007,GOF,0.007136603462888435,0.5439461414559272,0.44891725508118435
26008,GOF,0.005448574978503299,0.6291939777472587,0.36535744727423813
26009,GOF,0.008407871069180287,0.6778755620002944,0.3137165669305254
26010,GOF,0.007922381604528624,0.6402542054466529,0.3518234129488184
26011,LOF,0.0031512221949341517,0.4584386180601157,0.5384101597449502
26012,GOF,0.00491081111375143,0.5333992331694875,0.46168995571676114
26013,GOF,0.006311269887760327,0.6048909617908118,0.3887977683214278
26014,LOF,0.054398341285435546,0.12019681209347856,0.8254048466210859
26015,LOF,0.36250472371593423,0.02638896564622965,0.6111063106378362
26016,LOF,0.3234554680690489,0.048708419320423225,0.6278361126105279
26017,LOF,0.022595215004789594,0.23150521492141546,0.7458995700737949
26018,LOF,0.024333983214049924,0.057808143090064004,0.9178578736958861
26019,LOF,0.024081847139202365,0.050378918991850756,0.9255392338689469
26020,LOF,0.009963781084076436,0.22022096843885533,0.7698152504770682
26021,LOF,0.08538990893459532,0.08238355335809781,0.8322265377073068
26022,LOF,0.03949413555722648,0.036329582518303254,0.9241762819244703
26023,LOF,0.028322665422146915,0.03812040946450181,0.9335569251133513
26024,LOF,0.04510795006921781,0.08597380091119969,0.8689182490195826
26025,LOF,0.06250324540107975,0.08426546132261768,0.8532312932763025
26026,LOF,0.11950020017125906,0.0647422988481714,0.8157575009805694
26027,LOF,0.023670386697488097,0.03020690839253436,0.9461227049099775
26028,LOF,0.139683210996903,0.13666953666145756,0.7236472523416395
26029,LOF,0.0219608168969007,0.20343267317306496,0.7746065099300344
26030,LOF,0.16945176759042113,0.023140403198073003,0.807407829211506
26031,LOF,0.010508971890285363,0.17327213378309614,0.8162188943266185
26032,LOF,0.04322520431019644,0.055046748469854974,0.9017280472199485
26033,LOF,0.06480767682027816,0.05167890997873869,0.8835134132009832
26034,LOF,0.014286871349882466,0.15981545137557235,0.8258976772745451
26035,LOF,0.012500982279615476,0.11191616283605546,0.875582854884329
26036,LOF,0.012021635213907056,0.13168587847101815,0.8562924863150748
26037,LOF,0.010956292265070094,0.10260916665440245,0.8864345410805273
26038,LOF,0.037909757850230354,0.049751226865455654,0.912339015284314
26039,LOF,0.03286743984535474,0.13407604535025336,0.8330565148043919
26040,LOF,0.10592609319749902,0.1347503034006185,0.7593236034018825
26041,LOF,0.014406897699231954,0.09134449547543065,0.8942486068253375
26042,LOF,0.01308666699675704,0.10135406281517141,0.8855592701880715
26043,LOF,0.03720364435108636,0.07081357744553604,0.8919827782033776
26044,LOF,0.014839705271400523,0.04783454418381544,0.9373257505447841
26045,LOF,0.07419523240421835,0.11570210420311343,0.8101026633926681
26046,LOF,0.03150511540570881,0.05585583778673244,0.9126390468075587
26047,LOF,0.05189639696543841,0.05407967986936507,0.8940239231651965
26048,LOF,0.09539685363162331,0.022089352999435756,0.882513793368941
26049,Neutral,0.947960522186889,0.007983532925688085,0.04405594488742288
26050,Neutral,0.929691731222828,0.008820537198393536,0.06148773157877833
26051,LOF,0.01654885816132421,0.10699355530819947,0.8764575865304762
26052,LOF,0.03255158863781784,0.13003375882186158,0.8374146525403205
26053,LOF,0.03134726635843419,0.14772864085146656,0.8209240927900993
26054,LOF,0.04639023324658988,0.026603710297297696,0.9270060564561126
26055,LOF,0.062343398333356205,0.02332337124839427,0.9143332304182495
26056,LOF,0.051469260595395326,0.02964688916346012,0.9188838502411446
26057,LOF,0.05876402734156251,0.01459658375121239,0.9266393889072251
26058,LOF,0.062285536173154896,0.011753520683896122,0.925960943142949
26059,LOF,0.197164150299877,0.03043040857398371,0.7724054411261393
26060,LOF,0.01654944484674931,0.15868047811735045,0.8247700770359002
26061,LOF,0.013442912565173003,0.01019091590491035,0.9763661715299166
26062,LOF,0.007049642331650968,0.01716357189911677,0.9757867857692324
26063,LOF,0.038214768400610125,0.010784678645644646,0.9510005529537452
26064,LOF,0.010162858606569276,0.025833648114190366,0.9640034932792403
26065,LOF,0.047385800652694786,0.012655996563254328,0.939958202784051
26066,LOF,0.047560267148550606,0.010295542215035756,0.9421441906364136
26067,LOF,0.05780828163469234,0.00946592957444737,0.9327257887908602
26068,LOF,0.05263101590869262,0.04466558323619169,0.9027034008551157
26069,LOF,0.15570707550993987,0.026429617807191132,0.8178633066828689
26070,LOF,0.3403269733654022,0.021949440361945877,0.637723586272652
26071,LOF,0.04381927158295097,0.010928083948686532,0.9452526444683624
26072,LOF,0.011405161080608295,0.02031573654806822,0.9682791023713234
26073,LOF,0.040235379434495185,0.013414376553202765,0.9463502440123019
26074,Neutral,0.9205204789513617,0.008275626476416746,0.07120389457222152
26075,LOF,0.05366660038666594,0.02203911678527407,0.92429428282806
26076,LOF,0.056997718561904026,0.012141829891506018,0.93086045154659
26077,LOF,0.15456676605125463,0.007027316023178505,0.8384059179255668
26078,LOF,0.008983843111939817,0.01496195914051199,0.9760541977475483
26079,LOF,0.06759205174072029,0.023204701470402326,0.9092032467888773
26080,LOF,0.06579142008855321,0.023213238777660027,0.9109953411337868
26081,LOF,0.03442786130542593,0.008891043839986392,0.9566810948545877
26082,LOF,0.008112403799150422,0.013239783284035593,0.978647812916814
26083,LOF,0.10870833799128564,0.019356951876579924,0.8719347101321344
26084,LOF,0.11867011431967353,0.014849405002588767,0.8664804806777376
26085,LOF,0.11331348656683102,0.012796044241258929,0.87389046919191
26086,LOF,0.04127056161365082,0.011851477909133398,0.9468779604772158
26087,LOF,0.038114474734768616,0.010180275663511425,0.95170524960172
26088,LOF,0.008687779596976258,0.02094931497898654,0.9703629054240371
26089,LOF,0.04477933942111405,0.036464013464611596,0.9187566471142743
26090,LOF,0.04578408984701732,0.027999691948647116,0.9262162182043356
26091,LOF,0.032041629429718464,0.007929874189480494,0.960028496380801
26092,LOF,0.04425063429591072,0.007978371824698679,0.9477709938793906
26093,LOF,0.0815026925999343,0.005766671917690506,0.9127306354823752
26094,LOF,0.03805894113167534,0.007114863293284596,0.95482619557504
26095,LOF,0.04081329318069376,0.01650680705347776,0.9426798997658286
26096,LOF,0.21013074542011395,0.005073813981879867,0.7847954405980061
26097,LOF,0.008429508244091295,0.03165961392029443,0.9599108778356144
26098,LOF,0.08025054886094346,0.019084662580285072,0.9006647885587715
26099,LOF,0.043338618561329326,0.015619572576710565,0.9410418088619601
26100,LOF,0.043338618561329326,0.015619572576710565,0.9410418088619601
26101,LOF,0.05843789301514806,0.03051899367494888,0.9110431133099031
26102,LOF,0.03531190668100456,0.01541067279678053,0.9492774205222149
26103,Neutral,0.8811435254960387,0.026008373067301443,0.09284810143665982
26104,LOF,0.059184950044732745,0.041950742590386184,0.8988643073648811
26105,LOF,0.25367908724153587,0.161458754253405,0.5848621585050591
26106,LOF,0.3213975137824337,0.11441576129136258,0.5641867249262037
26107,LOF,0.0244815868287707,0.10132530535482664,0.8741931078164026
26108,LOF,0.2895751993477072,0.04314930422580214,0.6672754964264906
26109,LOF,0.09065792050677826,0.0368484103991451,0.8724936690940767
26110,LOF,0.47378618943388356,0.007474687085310007,0.5187391234808063
26111,LOF,0.059863223889555936,0.14118109490997238,0.7989556812004717
26112,LOF,0.053249946494278756,0.008545415753827666,0.9382046377518936
26113,LOF,0.10663283470021365,0.02181008378903879,0.8715570815107475
26114,LOF,0.09227131941452123,0.006886668557319184,0.9008420120281596
26115,LOF,0.015765480159040644,0.046837107441728754,0.9373974123992307
26116,LOF,0.07005832532963382,0.019109970045494345,0.910831704624872
26117,LOF,0.40059188609584834,0.034143252926187966,0.5652648609779636
26118,LOF,0.0519082493954202,0.015958681341272832,0.9321330692633069
26119,LOF,0.006291123471457624,0.036827308240722695,0.9568815682878197
26120,LOF,0.0384401555527117,0.015363347199291317,0.946196497247997
26121,LOF,0.0044475308960581755,0.12241985603855646,0.8731326130653853
