feature0,prediction,LoGoFunc_Neutral,LoGoFunc_GOF,LoGoFunc_LOF
25546,Neutral,0.6486719918045225,0.06035774527821797,0.2909702629172596
25547,Neutral,0.5249260562016295,0.1286141368254015,0.34645980697296913
25548,Neutral,0.4852800415399832,0.08685813680417843,0.4278618216558383
25549,LOF,0.4446083307344853,0.10196653925948801,0.4534251300060267
25550,Neutral,0.6091582620932134,0.05824824281398165,0.3325934950928049
25551,Neutral,0.6409645565143953,0.062269218454080025,0.29676622503152467
25552,LOF,0.32273921081441725,0.09655145450263145,0.5807093346829513
25553,Neutral,0.5250864519158227,0.05250151591900441,0.42241203216517287
25554,LOF,0.35594926849660025,0.10708338267876515,0.5369673488246346
25555,LOF,0.28341743484819476,0.09257821186671009,0.6240043532850952
25556,LOF,0.36275883293015965,0.0990591326932836,0.5381820343765568
25557,LOF,0.27984253228652284,0.09587472092712408,0.6242827467863532
25558,LOF,0.3654842946129475,0.10119259977181809,0.5333231056152344
25559,LOF,0.23939884228100178,0.07201713977530441,0.6885840179436937
25560,LOF,0.04151801134204212,0.21282433788984512,0.7456576507681127
25561,LOF,0.1218860811750684,0.2358281249437528,0.6422857938811788
25562,LOF,0.1102907505599993,0.0448019681096092,0.8449072813303914
25563,LOF,0.15114248814883116,0.061612636305444626,0.7872448755457243
25564,LOF,0.05822087535223026,0.1133343390696422,0.8284447855781276
25565,LOF,0.131544241891277,0.26400348162152487,0.6044522764871982
25566,GOF,0.030481818153364502,0.56589297674366,0.40362520510297556
25567,LOF,0.01851496650945779,0.08934539064905345,0.8921396428414887
25568,LOF,0.09561687355469839,0.13100879413027713,0.7733743323150244
25569,LOF,0.25310338185322123,0.017894240124255403,0.7290023780225233
25570,LOF,0.08259079027733758,0.10665348682940162,0.8107557228932608
25571,LOF,0.09888464281044436,0.06808567575077418,0.8330296814387814
25572,LOF,0.07515040030371928,0.10722677723938819,0.8176228224568924
25573,LOF,0.03748942850961399,0.0793937410683548,0.8831168304220313
25574,LOF,0.015304903193259273,0.17933605725014687,0.8053590395565938
25575,LOF,0.08731872962829881,0.035589711596731376,0.8770915587749699
25576,LOF,0.025277216419469013,0.03067344305702598,0.944049340523505
25577,LOF,0.01962963465868336,0.057632206025137765,0.9227381593161789
25578,LOF,0.30972057513132994,0.09553608305095423,0.5947433418177158
25579,LOF,0.1070821489639586,0.09710888313182012,0.7958089679042213
25580,LOF,0.05468867607653756,0.02096343275517436,0.9243478911682881
25581,LOF,0.08788912300890317,0.12503702281498677,0.7870738541761101
25582,LOF,0.08873003501196597,0.0798493140008451,0.831420650987189
25583,LOF,0.06428428246546994,0.024732595046669737,0.9109831224878603
25584,Neutral,0.5257041002228584,0.050280044370473204,0.4240158554066684
25585,LOF,0.020937623977774007,0.03391006076557964,0.9451523152566462
25586,LOF,0.05703207211378369,0.04253494901016374,0.9004329788760527
25587,LOF,0.04323522241986743,0.032443489063138244,0.9243212885169944
25588,LOF,0.04992050586017023,0.042970759105201276,0.9071087350346285
25589,Neutral,0.7382486294837017,0.07039197461927606,0.19135939589702233
25590,LOF,0.035967255729318796,0.08260461634126791,0.8814281279294134
25591,LOF,0.11491195913284483,0.058349185996977866,0.8267388548701773
25592,LOF,0.22984084273315952,0.11955129875541931,0.6506078585114211
25593,LOF,0.021102529523407073,0.3208304373234978,0.6580670331530951
25594,LOF,0.07176911592921978,0.10162645953868546,0.8266044245320947
25595,LOF,0.05649730355724713,0.20392060519312746,0.7395820912496255
25596,LOF,0.11103469229630582,0.07790356158961453,0.8110617461140797
25597,LOF,0.10235092024373421,0.050192951244909204,0.8474561285113567
25598,LOF,0.17335729500275632,0.06684601049590888,0.7597966945013349
25599,LOF,0.013814145516055924,0.22403314089957407,0.76215271358437
25600,LOF,0.01628871904246162,0.2516253360428347,0.7320859449147036
25601,LOF,0.010053060068570683,0.15900528855731713,0.8309416513741121
25602,LOF,0.03596048927648201,0.11621095221376311,0.8478285585097549
25603,LOF,0.04460334672328946,0.10799985492456078,0.8473967983521498
25604,LOF,0.02751552615082758,0.18188595352808506,0.7905985203210874
25605,LOF,0.015521535563503825,0.3638532402311268,0.6206252242053694
25606,GOF,0.08796680629492702,0.5049631257975143,0.4070700679075585
25607,LOF,0.0034108284538153966,0.19736295124011854,0.7992262203060662
25608,LOF,0.028654153783878162,0.04592744996344454,0.9254183962526773
25609,LOF,0.1729270385567205,0.14701846856062573,0.6800544928826537
25610,LOF,0.039097690725904785,0.08310215678472918,0.877800152489366
25611,LOF,0.060048164769998934,0.07917813243344442,0.8607737027965566
25612,LOF,0.125622166131183,0.09668907529129565,0.7776887585775213
25613,LOF,0.04083240590163913,0.17603643200204913,0.7831311620963117
25614,LOF,0.032362671025759425,0.12406283539621266,0.8435744935780278
25615,LOF,0.034464679854933226,0.09443109016190555,0.8711042299831613
25616,LOF,0.025125605509502682,0.1486593092821808,0.8262150852083164
25617,LOF,0.04798126644458218,0.10539459027084352,0.8466241432845744
25618,LOF,0.10848707035035138,0.4001910124257645,0.4913219172238841
25619,LOF,0.04327611473152891,0.08745150505100649,0.8692723802174647
25620,LOF,0.03446755118571455,0.11720700162824219,0.8483254471860433
25621,LOF,0.03840068897991459,0.09059587067603876,0.8710034403440466
25622,LOF,0.029938096757512214,0.12975208519985998,0.8403098180426278
25623,LOF,0.052581362721384306,0.10006986825990379,0.8473487690187119
25624,LOF,0.031522474521869084,0.1532008647785698,0.8152766606995612
25625,LOF,0.03557472803348888,0.1309364397642048,0.8334888322023064
25626,LOF,0.14261684089656917,0.0672082267213475,0.7901749323820834
25627,Neutral,0.4467857475540723,0.15663750588836065,0.39657674655756714
25628,LOF,0.15912100458522363,0.04636474106148069,0.7945142543532957
25629,LOF,0.1792052577763323,0.053799511023692924,0.7669952311999748
25630,LOF,0.0920638714987976,0.06487884870384525,0.8430572797973571
25631,Neutral,0.4965281728022424,0.11991816272358366,0.3835536644741739
25632,LOF,0.011989931539178178,0.06097249904465595,0.9270375694161659
25633,LOF,0.3110256065074021,0.22686227164786693,0.462112121844731
25634,LOF,0.06767509723354274,0.18613323721436523,0.746191665552092
25635,LOF,0.046256085783904964,0.07063465788215584,0.8831092563339392
25636,GOF,0.005056241233623131,0.5434192312499095,0.4515245275164672
25637,LOF,0.005506053764941561,0.2505241184060891,0.7439698278289694
25638,LOF,0.006551383116305314,0.291605403986956,0.7018432128967387
25639,LOF,0.006036825724147558,0.2095198807856948,0.7844432934901576
25640,Neutral,0.5923883445879192,0.2692640974131094,0.13834755799897128
25641,LOF,0.010437511157629803,0.12636104834750314,0.863201440494867
25642,LOF,0.2828449109223541,0.04088939008328176,0.6762656989943641
25643,LOF,0.399601613692431,0.015444461108522168,0.5849539251990468
25644,LOF,0.012751209601003526,0.34182590638490296,0.6454228840140935
25645,LOF,0.010797242293085006,0.44487322402569096,0.5443295336812239
25646,LOF,0.011585681710883112,0.2762181651805228,0.7121961531085941
25647,LOF,0.012265715875974081,0.29661807795476913,0.6911162061692567
25648,LOF,0.008740895890189188,0.39404811585271654,0.5972109882570943
25649,LOF,0.008691888087282718,0.24243252530262543,0.7488755866100918
25650,LOF,0.029471770795627794,0.48241288994396386,0.48811533926040834
25651,LOF,0.00770007417514054,0.35187674258475493,0.6404231832401046
25652,LOF,0.017189451858925422,0.27117989787694363,0.711630650264131
25653,GOF,0.0849354523631199,0.4803879248202721,0.4346766228166081
25654,LOF,0.011608495972241631,0.43428400217251945,0.5541075018552389
25655,LOF,0.08846000242330457,0.42444186757100405,0.4870981300056915
25656,LOF,0.061568471420114936,0.329546548456522,0.608884980123363
25657,LOF,0.24652326030036872,0.03340375089627985,0.7200729888033514
25658,LOF,0.024507793652140116,0.31098204064967716,0.6645101656981827
25659,LOF,0.12737276271233533,0.2311801510650172,0.6414470862226476
25660,LOF,0.09714216955460293,0.1217477696365822,0.7811100608088148
25661,LOF,0.07323504434134592,0.08006922703292413,0.8466957286257298
25662,LOF,0.05497085688283888,0.07700397729785526,0.8680251658193058
25663,LOF,0.05059159772172568,0.10712901808176198,0.8422793841965124
25664,LOF,0.03630595105930866,0.1811425237878095,0.7825515251528818
25665,LOF,0.0625637811745141,0.17588809756240684,0.761548121263079
25666,LOF,0.06083222552470227,0.1658661392198251,0.7733016352554726
25667,LOF,0.04456044726140967,0.033676779567740935,0.9217627731708493
25668,LOF,0.050200161844763565,0.05281344769205394,0.8969863904631824
25669,LOF,0.03686692594608238,0.10843391970926367,0.8546991543446539
25670,LOF,0.055385639763301665,0.07156047314109222,0.873053887095606
25671,LOF,0.06416128417102082,0.07685608580204255,0.8589826300269366
25672,LOF,0.07314554355114125,0.08454442397868495,0.8423100324701738
25673,LOF,0.058987700525844206,0.0703315257065115,0.8706807737676443
25674,LOF,0.03175664673408756,0.11769308337345578,0.8505502698924565
25675,LOF,0.06003589016306744,0.04446654139333981,0.8954975684435929
25676,LOF,0.04601709562287305,0.11757561403920454,0.8364072903379224
25677,LOF,0.07426122636750863,0.06265677941079212,0.8630819942216992
25678,LOF,0.3091380436411172,0.045570119862349025,0.6452918364965339
25679,LOF,0.14512086940897445,0.08811490028320386,0.7667642303078217
25680,LOF,0.10290712042215501,0.15471530870201447,0.7423775708758306
25681,LOF,0.11543774238003758,0.14557042590731373,0.7389918317126487
25682,LOF,0.06113366593980906,0.07952415370857352,0.8593421803516175
25683,LOF,0.116758891889737,0.08152989947370069,0.8017112086365623
25684,LOF,0.0849929623419774,0.1343659413733824,0.7806410962846403
25685,LOF,0.09597221821803156,0.05732054327103348,0.846707238510935
25686,LOF,0.023199930295098713,0.22826063842962102,0.7485394312752803
25687,LOF,0.03689387347355885,0.22241188054032188,0.7406942459861193
25688,LOF,0.016172551848691603,0.3628800325841575,0.6209474155671509
25689,LOF,0.011027750965552302,0.2133617209155722,0.7756105281188755
25690,LOF,0.011817061508968881,0.4762782922807121,0.5119046462103191
25691,GOF,0.07027753822868209,0.6658532668272256,0.2638691949440923
25692,LOF,0.11750027229404793,0.042358844170756166,0.840140883535196
25693,LOF,0.027563852947088508,0.48179818436082245,0.490637962692089
25694,LOF,0.2068550264350573,0.054887227938800374,0.7382577456261424
25695,LOF,0.1534819958678165,0.08478905457671634,0.7617289495554672
25696,LOF,0.1488743927516685,0.06793504136574556,0.7831905658825858
25697,LOF,0.15265152036344362,0.035357274448809616,0.8119912051877467
25698,GOF,0.011898333663259533,0.5018879887900465,0.4862136775466939
25699,LOF,0.06934496256792118,0.3142646010678827,0.6163904363641961
25700,LOF,0.0506650275173438,0.027936032920551367,0.9213989395621047
25701,LOF,0.010067706997003812,0.4539433650534898,0.5359889279495064
25702,GOF,0.02296408006416751,0.6333697254235352,0.3436661945122973
25703,LOF,0.015692988585752587,0.08804085870080572,0.8962661527134416
25704,LOF,0.06672423347859086,0.11255509179616147,0.8207206747252477
25705,LOF,0.09809182244346128,0.21257432213629143,0.6893338554202472
25706,GOF,0.0195959788791513,0.8097116624290002,0.17069235869184848
25707,GOF,0.017670611948240992,0.7363461124704543,0.24598327558130473
25708,GOF,0.007242180158352619,0.807793036253005,0.1849647835886423
25709,LOF,0.05073372800697932,0.12353726962559232,0.8257290023674284
25710,LOF,0.012663598726320818,0.2072445981561329,0.7800918031175463
25711,LOF,0.04744391381807586,0.1457174022721615,0.8068386839097625
25712,LOF,0.02072204774078806,0.15883109623016675,0.8204468560290452
25713,LOF,0.040873301232889084,0.15287883948049968,0.8062478592866112
25714,LOF,0.0365063767842203,0.33303306930434895,0.6304605539114309
25715,LOF,0.03605667975322975,0.20998041602101747,0.7539629042257529
25716,LOF,0.011544995857612374,0.08953688425487448,0.8989181198875132
25717,LOF,0.010419250343285818,0.07257640764476224,0.917004342011952
25718,LOF,0.04798040594484808,0.07384322873284382,0.8781763653223081
25719,LOF,0.04295615906130043,0.15129920803331975,0.8057446329053799
25720,LOF,0.04190617019340524,0.1763937176537875,0.7817001121528072
25721,LOF,0.044503492890790426,0.10160496503797214,0.8538915420712373
25722,LOF,0.0398588626181933,0.12888683030210069,0.8312543070797059
25723,LOF,0.05135658847490665,0.1831988367667266,0.7654445747583668
25724,GOF,0.05581314635835788,0.5143578874707772,0.4298289661708649
25725,LOF,0.07305176310917277,0.1513610155510758,0.7755872213397514
25726,LOF,0.04227514342254971,0.1507618451324023,0.8069630114450479
25727,LOF,0.06169992490843214,0.10792262455779336,0.8303774505337744
25728,LOF,0.03642574625555585,0.2341869058872139,0.7293873478572303
25729,LOF,0.0401532164665394,0.22241434191798756,0.737432441615473
25730,LOF,0.0507412151524304,0.16003670164117312,0.7892220832063964
25731,LOF,0.014925965164179919,0.12336767820598389,0.8617063566298363
25732,LOF,0.03283583255744453,0.1104106844886745,0.856753482953881
25733,LOF,0.04479966413667136,0.2734084629515329,0.6817918729117957
25734,LOF,0.00924714804243107,0.20798684954420596,0.7827660024133629
25735,LOF,0.04027006197586474,0.1303576399504241,0.8293722980737112
25736,LOF,0.038629568437130044,0.21161375794729068,0.7497566736155792
25737,LOF,0.06056694123339704,0.13111359430150551,0.8083194644650974
25738,LOF,0.05638390311611798,0.25503472646653136,0.6885813704173507
25739,LOF,0.03889856310289714,0.17222251049924353,0.7888789263978594
25740,LOF,0.06138701803393693,0.17771633989235897,0.760896642073704
25741,LOF,0.05769675421986278,0.17379599717198047,0.7685072486081567
25742,LOF,0.06293268152700372,0.20270322313137584,0.7343640953416204
25743,LOF,0.012386097155156987,0.03159337270077477,0.9560205301440682
25744,LOF,0.08377713036716194,0.44981203653856844,0.4664108330942697
25745,LOF,0.020440903430445804,0.3777616522035395,0.6017974443660147
25746,LOF,0.0115310652887642,0.3919225414632842,0.5965463932479516
25747,LOF,0.045407084908318567,0.052467887929821946,0.9021250271618595
25748,LOF,0.09110862573663608,0.295685051948145,0.613206322315219
25749,LOF,0.011457162412196818,0.3683273716321065,0.6202154659556967
25750,LOF,0.012382556994905125,0.4673668400502065,0.5202506029548885
25751,LOF,0.02986280759062333,0.20896990408219035,0.7611672883271864
25752,GOF,0.10514311238178212,0.6311241711371707,0.26373271648104724
25753,LOF,0.011218357767907075,0.2710822766709259,0.717699365561167
25754,GOF,0.012131431270547038,0.888538093690715,0.09933047503873797
25755,LOF,0.010651151802416598,0.28213718417804523,0.7072116640195382
25756,LOF,0.049387090164601986,0.36011932942727914,0.590493580408119
25757,GOF,0.010678962766031794,0.8281057791337866,0.16121525810018167
25758,GOF,0.010729962292322431,0.8911610886094068,0.09810894909827077
25759,GOF,0.0064196656495808775,0.7877281463758786,0.20585218797454058
25760,LOF,0.008788287749877867,0.1760297257326182,0.815181986517504
25761,GOF,0.039493794600561315,0.8595335312978222,0.10097267410161662
25762,LOF,0.05444873679378461,0.3960857075803707,0.5494655556258446
25763,LOF,0.010630942409076232,0.17618461433944302,0.8131844432514808
25764,GOF,0.08093136868408062,0.6978362562839384,0.22123237503198087
25765,GOF,0.010087168029924268,0.8897820255003269,0.10013080646974896
25766,GOF,0.029269158349030027,0.8221536713401706,0.14857717031079923
25767,GOF,0.007950787399633317,0.6450089808406869,0.3470402317596798
25768,LOF,0.05318955075984651,0.07071747082063179,0.8760929784195216
25769,LOF,0.03068251258129221,0.21784539806093478,0.7514720893577731
25770,Neutral,0.7248612032867228,0.08086164188803743,0.19427715482523977
25771,LOF,0.02767267531014754,0.14703959590976792,0.8252877287800845
25772,LOF,0.047297485222141875,0.16968976561291851,0.7830127491649396
25773,LOF,0.024000449246437697,0.2627400187632126,0.7132595319903497
25774,LOF,0.050162090449187166,0.246213863414208,0.7036240461366049
25775,LOF,0.02677268144588979,0.1447086204338979,0.8285186981202124
25776,LOF,0.026612795840525907,0.19380200998410524,0.7795851941753689
25777,LOF,0.2939360466080255,0.14436675715804603,0.5616971962339283
25778,LOF,0.037479929447899796,0.18767795100966658,0.7748421195424338
25779,GOF,0.11826853241375583,0.6119012296029125,0.2698302379833317
25780,GOF,0.11210322441359549,0.6196567034001589,0.26824007218624557
25781,GOF,0.055297633259900045,0.4876026596412149,0.45709970709888503
25782,GOF,0.04851936442997153,0.58071663937433,0.37076399619569855
25783,GOF,0.10468251168469209,0.6558353982545331,0.23948209006077498
25784,GOF,0.19053844933280017,0.6037841931418388,0.20567735752536093
25785,GOF,0.3517034013289193,0.5084664655706612,0.1398301331004195
25786,LOF,0.020080202881973593,0.2842214458646375,0.6956983512533889
25787,Neutral,0.5306727487084703,0.28321189030249805,0.18611536098903178
25788,LOF,0.042572995720292724,0.06641855225423544,0.8910084520254717
25789,GOF,0.03608361578589009,0.7049869027954654,0.2589294814186445
25790,GOF,0.048902426230769326,0.5112659770479016,0.4398315967213292
25791,LOF,0.04042350363127679,0.47871458125095967,0.48086191511776366
25792,GOF,0.047846248605187026,0.5122676188649031,0.4398861325299098
25793,GOF,0.0697684094513927,0.48145106775394897,0.4487805227946584
25794,LOF,0.06879893999509905,0.33129842946175103,0.5999026305431499
25795,LOF,0.039291974112929486,0.19206397483100693,0.7686440510560636
25796,Neutral,0.3581798043806419,0.28672339245163564,0.3550968031677225
25797,LOF,0.09874900933298057,0.2909288098357095,0.61032218083131
25798,GOF,0.011983423479273938,0.661374529104075,0.3266420474166511
25799,GOF,0.00859319676357537,0.5355939824912239,0.4558128207452007
25800,GOF,0.03822898348361529,0.7656665798008662,0.19610443671551844
25801,GOF,0.04969714747857432,0.6029115959395457,0.3473912565818801
25802,GOF,0.06339631662909623,0.6282656050278067,0.30833807834309707
25803,LOF,0.040241525216361804,0.4395068447957606,0.5202516299878777
25804,LOF,0.09430807905639237,0.329933170082746,0.5757587508608617
25805,GOF,0.061166954542444495,0.5372662677151074,0.40156677774244803
25806,GOF,0.07828080293039245,0.5447550145292175,0.3769641825403901
25807,LOF,0.026257920219141206,0.444657683953573,0.5290843958272858
25808,GOF,0.06234111578599564,0.6294365063142918,0.3082223778997125
25809,LOF,0.017014143126667734,0.3872714124489922,0.5957144444243401
25810,LOF,0.015446754045965972,0.42869402950967583,0.5558592164443582
25811,GOF,0.12141595135802588,0.5421551676626897,0.33642888097928436
25812,LOF,0.09960567860154854,0.41806530138503073,0.48232902001342076
25813,GOF,0.34503138573237224,0.4064338720279515,0.24853474223967623
25814,GOF,0.07256888980924397,0.4941489266411156,0.4332821835496405
25815,GOF,0.11552367525769926,0.5584502022870816,0.3260261224552191
25816,GOF,0.01626816997686994,0.6544693148036298,0.32926251521950023
25817,LOF,0.12484713277085091,0.3936820676125637,0.48147079961658545
25818,GOF,0.05711195028623924,0.5475376325362021,0.3953504171775586
25819,LOF,0.10438100779676215,0.41807522111565937,0.4775437710875785
25820,LOF,0.10116475129532522,0.4033280270361539,0.49550722166852096
25821,LOF,0.07462881624239659,0.4312855017526292,0.4940856820049744
25822,LOF,0.14992441401367163,0.3374849696273101,0.5125906163590181
25823,LOF,0.07934724828685111,0.25960238733269975,0.6610503643804492
25824,GOF,0.05034793724379519,0.574639810080133,0.37501225267607186
25825,GOF,0.035913726833643876,0.5946050365720086,0.3694812365943475
25826,LOF,0.013951134089388915,0.414546973482395,0.571501892428216
25827,GOF,0.013259039621126014,0.5048658459284855,0.48187511445038844
25828,LOF,0.013797767368007,0.4883712053402614,0.49783102729173145
25829,LOF,0.009374687665474307,0.25941514991744236,0.7312101624170833
25830,LOF,0.13212354057308928,0.05476759780359897,0.8131088616233118
25831,GOF,0.05311598438662433,0.6770187487229806,0.2698652668903951
25832,LOF,0.014852010238129262,0.36395934086318055,0.6211886488986902
25833,GOF,0.06327796821040566,0.5606069689209404,0.3761150628686539
25834,LOF,0.014955797841558656,0.37334065926266846,0.6117035428957729
25835,GOF,0.04963458000941336,0.6873107825169612,0.2630546374736256
25836,GOF,0.011998925980657469,0.4951153738661659,0.4928857001531766
25837,LOF,0.02244238009849976,0.3635035057893026,0.6140541141121977
25838,GOF,0.046875458924635384,0.5812066101820551,0.37191793089330955
25839,GOF,0.1144204372521365,0.46532002101591663,0.42025954173194696
25840,GOF,0.12421494838123905,0.5463553273503526,0.3294297242684083
25841,GOF,0.0996508761972214,0.5990804855414382,0.3012686382613404
25842,GOF,0.05416449898068645,0.7198853512443937,0.22595014977491978
25843,GOF,0.03788829007269708,0.7384232240896371,0.22368848583766568
25844,GOF,0.039536906494454946,0.5833093632090894,0.37715373029645566
25845,LOF,0.01184817563325395,0.3117670883424499,0.6763847360242962
25846,GOF,0.05987154565391065,0.5795859807432414,0.36054247360284786
25847,GOF,0.04546683207230956,0.6657019735833463,0.2888311943443442
25848,GOF,0.041751626379831666,0.7291644999234439,0.2290838736967244
25849,GOF,0.01010220638040306,0.5891191645866471,0.40077862903294986
25850,GOF,0.014136316871682533,0.4988519389072037,0.4870117442211138
25851,LOF,0.014610484601037858,0.4155972765478078,0.5697922388511544
25852,LOF,0.2509395244280234,0.31908332251192917,0.42997715306004736
25853,LOF,0.08623646370196075,0.44618218284348055,0.4675813534545586
25854,LOF,0.010411575228292788,0.40830362219317334,0.5812848025785339
25855,LOF,0.032964270192468045,0.40105087098948305,0.5659848588180489
25856,GOF,0.07981180781007106,0.5980651160945247,0.3221230760954043
25857,LOF,0.03478399525889268,0.322807585790291,0.6424084189508164
25858,LOF,0.014960286463053517,0.2504034548271687,0.7346362587097778
25859,LOF,0.010339673476304618,0.24090589236340929,0.7487544341602861
25860,LOF,0.11374412652794268,0.34159192296038215,0.5446639505116753
25861,GOF,0.11544540718493332,0.5187243644259456,0.36583022838912105
25862,GOF,0.03159694013267386,0.7528495865011553,0.21555347336617087
25863,GOF,0.03323786627333805,0.6539878425108753,0.3127742912157867
25864,GOF,0.042130582898381085,0.7223371857801701,0.23553223132144893
25865,GOF,0.03361294185823754,0.7233367091508249,0.2430503489909376
25866,GOF,0.0397543535745844,0.7311971397862574,0.2290485066391583
25867,GOF,0.11636270306361923,0.714305643630569,0.1693316533058117
25868,GOF,0.12425054313857949,0.4876362851725687,0.3881131716888519
25869,Neutral,0.4711486207089252,0.34741332450176,0.18143805478931474
25870,LOF,0.18983150124088066,0.09813131346514077,0.7120371852939786
25871,LOF,0.01643786535877519,0.3199537004361418,0.663608434205083
25872,LOF,0.04087904302033876,0.34790937487539153,0.6112115821042697
25873,GOF,0.03087883841101576,0.5314296305545668,0.4376915310344175
25874,LOF,0.05413480833546976,0.023090981896854563,0.9227742097676757
25875,LOF,0.02114418117090141,0.454548475144955,0.5243073436841436
25876,LOF,0.029714455521083,0.11989217888907797,0.8503933655898391
25877,GOF,0.07182581019998736,0.5902330106601665,0.33794117913984595
25878,GOF,0.05206560815695209,0.7507452335897302,0.19718915825331768
25879,LOF,0.011886941284744119,0.3757444467441582,0.6123686119710977
25880,LOF,0.047929131456821414,0.061789214089565773,0.8902816544536127
25881,GOF,0.39832538488135244,0.4148587854874652,0.18681582963118246
25882,LOF,0.02561702838188262,0.26455288525254833,0.709830086365569
25883,LOF,0.028378755330264665,0.12287860604991493,0.8487426386198204
25884,LOF,0.022508340991807596,0.1590439071637408,0.8184477518444516
25885,LOF,0.1605401314332646,0.036036387085171234,0.8034234814815642
25886,LOF,0.05561173143074767,0.1987612803601329,0.7456269882091194
25887,GOF,0.03864368731143529,0.643072159627367,0.3182841530611977
25888,LOF,0.004835554890642002,0.4635015178282437,0.5316629272811143
25889,LOF,0.03968269019925809,0.09126136335958908,0.8690559464411529
25890,LOF,0.15574887332718185,0.3148604083935409,0.5293907182792773
25891,LOF,0.12163822651993156,0.08613044458986818,0.7922313288902003
25892,LOF,0.005880653533170443,0.13778422133491794,0.8563351251319116
25893,LOF,0.26957735950668893,0.06158260326104345,0.6688400372322677
25894,LOF,0.30503232155556176,0.0321608264301736,0.6628068520142646
25895,LOF,0.2085089647264467,0.045818994784476035,0.7456720404890773
25896,LOF,0.08312173836736785,0.10839086079833764,0.8084874008342946
25897,LOF,0.09841134606856677,0.06469718402970642,0.8368914699017267
25898,GOF,0.06589401135570828,0.5495275420723681,0.3845784465719235
25899,LOF,0.2283919640574217,0.22435115356256305,0.5472568823800152
25900,Neutral,0.8591395784019276,0.04280126508441619,0.0980591565136562
25901,LOF,0.07558574377192974,0.03009733161192282,0.8943169246161475
25902,LOF,0.18802039860290834,0.011083274082026306,0.8008963273150654
25903,LOF,0.11948063848312485,0.13616214650606182,0.7443572150108133
25904,LOF,0.39315891563384264,0.19976048434590718,0.4070806000202502
25905,LOF,0.010296357540184866,0.4823976744731992,0.507305967986616
25906,LOF,0.01539561805069036,0.06491674347733505,0.9196876384719745
25907,LOF,0.009043536176278979,0.349860719465222,0.641095744358499
25908,LOF,0.008966983637415714,0.3276682998005659,0.6633647165620183
25909,LOF,0.03605546592344873,0.18222541014706714,0.7817191239294841
25910,LOF,0.017393479941250446,0.15304014689499357,0.829566373163756
25911,LOF,0.08907634506853185,0.09886617080106408,0.8120574841304041
25912,LOF,0.11131321526218801,0.03479169176236588,0.8538950929754461
25913,LOF,0.013866623845430175,0.08262960231214124,0.9035037738424285
25914,LOF,0.03884019430500343,0.18300994088535488,0.7781498648096418
25915,GOF,0.06826971316499837,0.8515898134068286,0.08014047342817321
25916,GOF,0.01641673874021691,0.6660941439772126,0.31748911728257057
25917,LOF,0.23947799401913855,0.11890365817367618,0.6416183478071853
25918,LOF,0.042894073759745646,0.12304046855234889,0.8340654576879055
25919,LOF,0.04198634878512336,0.09549997080021587,0.8625136804146607
25920,GOF,0.12284952669767076,0.4656784768714258,0.4114719964309035
25921,LOF,0.026382931552183193,0.03736730895196143,0.9362497594958554
25922,LOF,0.02184352474036085,0.03460422866506264,0.9435522465945766
25923,LOF,0.3201456774797465,0.06702091565004704,0.6128334068702065
25924,LOF,0.03112139382969974,0.056361040206987234,0.9125175659633129
25925,LOF,0.24305406421835812,0.018439848013353532,0.7385060877682884
25926,LOF,0.10976320000958512,0.07966581568041141,0.8105709843100035
25927,LOF,0.019418894395427624,0.09676506643834659,0.8838160391662259
25928,LOF,0.017428877639660455,0.03748912915796824,0.9450819932023713
25929,Neutral,0.5857296182821079,0.06485066282442058,0.3494197188934715
25930,LOF,0.03730093933662628,0.05787693735212595,0.9048221233112479
25931,LOF,0.016951918679011104,0.04499656798738146,0.9380515133336074
25932,LOF,0.07018420820330008,0.030280353507153735,0.8995354382895463
25933,LOF,0.061302196864706254,0.019279831244208546,0.9194179718910852
25934,LOF,0.061894188468616454,0.02427321803726284,0.9138325934941207
25935,LOF,0.25570524209192813,0.022218113155606234,0.7220766447524656
25936,LOF,0.058039656850935185,0.023588656438729563,0.9183716867103352
25937,LOF,0.01707541790817205,0.06500005922811157,0.9179245228637165
25938,LOF,0.25769842940151555,0.019703099823201953,0.7225984707752825
25939,LOF,0.04725711896546677,0.025485425755874352,0.9272574552786589
25940,GOF,0.006453612717004435,0.578743757127247,0.41480263015574853
25941,LOF,0.37133783587674934,0.06449691929261828,0.5641652448306322
25942,LOF,0.012202399993391181,0.12524671472872645,0.8625508852778824
25943,GOF,0.01944798557185141,0.60816442478816,0.3723875896399886
25944,LOF,0.018869387487344028,0.3600842604817411,0.621046352030915
25945,LOF,0.07038467983746305,0.1198240276939652,0.8097912924685717
25946,LOF,0.09536762320761359,0.07405172418187637,0.83058065261051
25947,LOF,0.43609042998071695,0.03507791564945956,0.5288316543698236
25948,LOF,0.22693981165303728,0.046710384033309266,0.7263498043136536
25949,LOF,0.2287975806385816,0.031240026200409467,0.7399623931610089
25950,GOF,0.0452105844329735,0.7936855881738849,0.16110382739314147
25951,LOF,0.01263956920043801,0.37870573263616797,0.6086546981633939
25952,LOF,0.0907218440301692,0.28756042198652537,0.6217177339833054
25953,LOF,0.006419943230129039,0.4428428533141331,0.5507372034557378
25954,GOF,0.02672640336128115,0.5478483976881339,0.42542519895058495
25955,GOF,0.004811177655107664,0.561558381412245,0.4336304409326473
25956,GOF,0.010054207350013224,0.6382229280801459,0.3517228645698408
25957,LOF,0.26612223520643785,0.05106176657768572,0.6828159982158764
25958,LOF,0.022648987246191736,0.21116673254354465,0.7661842802102636
25959,GOF,0.005014177813803752,0.5831535456898553,0.4118322764963409
25960,LOF,0.005873809819494392,0.13171151444393214,0.8624146757365734
25961,LOF,0.019906872462497588,0.20396223547368678,0.7761308920638156
25962,LOF,0.12290626423724682,0.047029149487498284,0.8300645862752548
25963,LOF,0.011603128743085101,0.11885539971859566,0.8695414715383192
25964,LOF,0.0554966711445899,0.13043180443505356,0.8140715244203566
25965,LOF,0.1506371823409795,0.20448008010793794,0.6448827375510825
25966,LOF,0.20824188394275972,0.33107472263617427,0.46068339342106596
25967,LOF,0.011566115482755625,0.05475818037677737,0.933675704140467
25968,LOF,0.1258462151913302,0.4219890646047131,0.4521647202039567
25969,LOF,0.19619557212614175,0.022649446420301745,0.7811549814535564
25970,LOF,0.02028496849415649,0.1605679414421698,0.8191470900636737
25971,LOF,0.07990267786555297,0.13774441425730952,0.7823529078771374
25972,LOF,0.07099516141545568,0.11329218634167598,0.8157126522428684
25973,LOF,0.2055526756845732,0.00884771845941322,0.7855996058560136
25974,LOF,0.07649792391405598,0.3076795569125121,0.6158225191734319
25975,LOF,0.05711348810325283,0.022764907511127804,0.9201216043856194
25976,LOF,0.08406619172377128,0.01276041357141158,0.9031733947048172
25977,LOF,0.2075548831790006,0.06378036179010707,0.7286647550308923
25978,LOF,0.2118990376405603,0.2206476359786987,0.567453326380741
25979,LOF,0.14641426131605037,0.26692494530088035,0.5866607933830694
25980,GOF,0.1443940502335167,0.4350304751316679,0.42057547463481537
25981,GOF,0.14802019971928465,0.4522466325765297,0.39973316770418565
25982,LOF,0.19020040901236604,0.3383529444587288,0.47144664652890506
25983,LOF,0.16588592173853603,0.3577602661278848,0.47635381213357914
25984,LOF,0.04037132328019869,0.09703136064506937,0.8625973160747319
25985,Neutral,0.45341576094740954,0.21094177724209123,0.33564246181049917
25986,GOF,0.008304457920603385,0.6427585973415376,0.3489369447378591
25987,LOF,0.023151304656259874,0.11364129286267478,0.8632074024810654
25988,LOF,0.03711160741623265,0.11765962143507364,0.8452287711486937
25989,LOF,0.04547533394221192,0.13320621850702336,0.8213184475507647
25990,LOF,0.046680128752108835,0.23556139371112528,0.7177584775367659
25991,GOF,0.04023986756572991,0.7223843249752477,0.2373758074590224
25992,LOF,0.018976271233517607,0.44113824981928274,0.5398854789471996
25993,LOF,0.05141498027615982,0.028160933008403694,0.9204240867154365
25994,LOF,0.052557772321672726,0.06095881870106009,0.8864834089772672
25995,LOF,0.038588269953356694,0.05333269213920983,0.9080790379074334
25996,GOF,0.33163516023016815,0.35227060903570406,0.31609423073412773
25997,GOF,0.06124444384996495,0.5247445040977422,0.41401105205229277
25998,LOF,0.23295894906775244,0.10107211875096817,0.6659689321812794
25999,GOF,0.01733364446230035,0.6268919057543829,0.3557744497833167
26000,LOF,0.1249817718279681,0.010984799272613907,0.864033428899418
26001,LOF,0.11716731661025055,0.020784002263643114,0.8620486811261064
26002,LOF,0.20123031194309865,0.007392628065935286,0.7913770599909661
26003,LOF,0.0126894608232117,0.46173617024357916,0.5255743689332091
26004,LOF,0.03578542472298475,0.3140882424756666,0.6501263328013487
26005,LOF,0.007284255437818025,0.43543555350277974,0.5572801910594023
26006,GOF,0.27129844317781093,0.467911691203704,0.26078986561848505
26007,LOF,0.018825877050402007,0.4456505919579895,0.5355235309916084
26008,LOF,0.01601561247793112,0.35169133377002404,0.6322930537520448
26009,GOF,0.03551800262207576,0.5717132369867538,0.39276876039117037
26010,GOF,0.01465224930806939,0.5168120683737581,0.4685356823181724
26011,LOF,0.008037491317736508,0.3288235017125588,0.6631390069697047
26012,LOF,0.009402941510759238,0.4461714715353186,0.5444255869539221
26013,LOF,0.009637797923260197,0.3654306688018004,0.6249315332749394
26014,LOF,0.2263272929671886,0.009397320515014802,0.7642753865177965
26015,LOF,0.11096014026515569,0.21687432120547823,0.6721655385293661
26016,LOF,0.16536155248479048,0.28139519639586574,0.5532432511193438
26017,GOF,0.01503701299130005,0.5639507403091444,0.4210122466995557
26018,LOF,0.020869005744384092,0.32374410069655796,0.655386893559058
26019,LOF,0.02191367808443028,0.23546262942348864,0.742623692492081
26020,LOF,0.007101890963189131,0.330136510105884,0.6627615989309268
26021,LOF,0.07099995131496384,0.2773254691658511,0.6516745795191851
26022,LOF,0.05683287362736381,0.10303272538285455,0.8401344009897815
26023,LOF,0.03812568663050103,0.2640420086937322,0.6978323046757667
26024,LOF,0.0464411900217978,0.21697723530495291,0.7365815746732494
26025,LOF,0.06151931807532635,0.37374163710633906,0.5647390448183345
26026,LOF,0.0969724617039195,0.3516594588921258,0.5513680794039546
26027,LOF,0.03307092586157243,0.14306581358031095,0.8238632605581168
26028,LOF,0.03831469748903779,0.33080573258907525,0.6308795699218869
26029,LOF,0.02344666822631178,0.4590951391503036,0.5174581926233847
26030,LOF,0.19860039768378016,0.058050758290668976,0.7433488440255509
26031,LOF,0.010075577503438626,0.4676574587814801,0.5222669637150813
26032,LOF,0.03467238402912243,0.09896055664500866,0.8663670593258689
26033,LOF,0.050467157982475204,0.2381288923286084,0.7114039496889165
26034,LOF,0.012486610078453544,0.3461049825067954,0.641408407414751
26035,LOF,0.010100283999876378,0.38384346807864733,0.6060562479214763
26036,LOF,0.009757583621572523,0.2520983776724133,0.7381440387060142
26037,LOF,0.009664420307793178,0.26524059310703785,0.725094986585169
26038,LOF,0.026209972614104463,0.10128082402819154,0.8725092033577039
26039,LOF,0.023063843637712373,0.35805166737954586,0.6188844889827417
26040,LOF,0.044039672816125516,0.2621342525559755,0.6938260746278989
26041,LOF,0.012054254234034792,0.27839364638654734,0.7095520993794179
26042,LOF,0.011212990579795946,0.2999629823715648,0.6888240270486392
26043,LOF,0.02688428905395267,0.2419924760927367,0.7311232348533107
26044,LOF,0.008914130210647301,0.2584175013186792,0.7326683684706735
26045,GOF,0.04489855454226847,0.6301445315879309,0.3249569138698006
26046,LOF,0.026455348415347225,0.24461667554945185,0.7289279760352008
26047,LOF,0.07137500784144919,0.14234089640803305,0.7862840957505177
26048,LOF,0.08514281409946642,0.1544573380804212,0.7603998478201124
26049,Neutral,0.8273161411847048,0.06791168739485882,0.10477217142043652
26050,Neutral,0.817445113638801,0.06313284700212286,0.11942203935907615
26051,GOF,0.012693271469409923,0.6235158810314124,0.3637908474991776
26052,GOF,0.016130447745612522,0.535673002405069,0.44819654984931856
26053,LOF,0.030459719544690674,0.019037784313216486,0.9505024961420928
26054,LOF,0.16289789988483042,0.06501811655736417,0.7720839835578054
26055,LOF,0.18163933285953296,0.10415987755942814,0.7142007895810389
26056,LOF,0.1874865081300457,0.10937090582500054,0.7031425860449537
26057,LOF,0.054234627449087275,0.036408839115657864,0.9093565334352549
26058,LOF,0.060801159447371675,0.02930289406481266,0.9098959464878157
26059,Neutral,0.8405267277163908,0.06179302742083937,0.09768024486276985
26060,LOF,0.012143279460175576,0.33324025659708306,0.6546164639427413
26061,LOF,0.01462301254302531,0.030331601591589395,0.9550453858653852
26062,LOF,0.008197349343725688,0.07505759761109308,0.9167450530451812
26063,LOF,0.04795340975047042,0.03799610170209178,0.9140504885474379
26064,LOF,0.013902478552026976,0.04315495730097484,0.9429425641469981
26065,LOF,0.03565859291260469,0.054856436885550336,0.9094849702018449
26066,LOF,0.047777801110284526,0.04410727600533244,0.908114922884383
26067,LOF,0.059697533575771004,0.057054815751064816,0.8832476506731642
26068,LOF,0.17147654979825291,0.06740653664665457,0.7611169135550925
26069,LOF,0.06969347463318445,0.09823348933961606,0.8320730360271996
26070,LOF,0.0808775356957535,0.08946046470424504,0.8296619996000014
26071,LOF,0.04892311920141369,0.040663953012163495,0.9104129277864229
26072,LOF,0.009590103566083058,0.03551160926323445,0.9548982871706824
26073,LOF,0.041310013512371145,0.03304138442528536,0.9256486020623436
26074,Neutral,0.8202620312455595,0.04167368293932292,0.13806428581511745
26075,LOF,0.05785323546073429,0.15097982635031532,0.7911669381889503
26076,LOF,0.050667091699663484,0.06703802850891429,0.8822948797914223
26077,LOF,0.15028603306713167,0.07115468531140978,0.7785592816214586
26078,LOF,0.008629923173835522,0.05743203257138615,0.9339380442547783
26079,LOF,0.16458026975344667,0.07281475867137413,0.7626049715751791
26080,LOF,0.16458026975344667,0.07281475867137413,0.7626049715751791
26081,LOF,0.053039410813087835,0.034523278121929526,0.9124373110649826
26082,LOF,0.009839622680950342,0.08306312714932072,0.907097250169729
26083,LOF,0.034622976669452334,0.11165047501886982,0.8537265483116778
26084,LOF,0.0480310873779816,0.06124818520724174,0.8907207274147767
26085,LOF,0.04426284010287864,0.049633509662562164,0.9061036502345592
26086,LOF,0.040102064955841316,0.05828773118498429,0.9016102038591743
26087,LOF,0.05236864819395056,0.06491910552992232,0.8827122462761271
26088,LOF,0.010850109126362424,0.1168624581201195,0.872287432753518
26089,LOF,0.0518080247836947,0.2329044989821568,0.7152874762341486
26090,LOF,0.05646398105906919,0.2094700604547572,0.7340659584861736
26091,LOF,0.04272125832444422,0.05700461975285823,0.9002741219226974
26092,LOF,0.04762852698613043,0.0329904912462088,0.9193809817676608
26093,LOF,0.06602953922928215,0.030918305992869387,0.9030521547778485
26094,LOF,0.044447496500357606,0.048856762394780213,0.9066957411048622
26095,LOF,0.016146988901222153,0.05196885773738519,0.9318841533613925
26096,LOF,0.2710692856900166,0.009748547063332037,0.7191821672466513
26097,LOF,0.009187708651788657,0.04858076735354368,0.9422315239946678
26098,LOF,0.1616009195076795,0.06434678860086886,0.7740522918914516
26099,LOF,0.03317528065714761,0.07845444216105744,0.888370277181795
26100,LOF,0.03317528065714761,0.07845444216105744,0.888370277181795
26101,LOF,0.03125178820250949,0.10489139785795716,0.8638568139395334
26102,LOF,0.04300080385055201,0.0437924280441299,0.9132067681053182
26103,Neutral,0.8359946411395257,0.058387803045499,0.10561755581497533
26104,LOF,0.17076268868403732,0.08617211287812494,0.7430651984378377
26105,LOF,0.23536077090745766,0.2007097224866267,0.5639295066059157
26106,LOF,0.28994268946404333,0.1998462491833208,0.5102110613526358
26107,LOF,0.008546982005324702,0.2874998067657144,0.7039532112289609
26108,LOF,0.14361186541100962,0.21832561197500885,0.6380625226139816
26109,LOF,0.04864712881097637,0.08017484149654056,0.871178029692483
26110,LOF,0.16553142652408584,0.10586075357761035,0.7286078198983038
26111,LOF,0.04274627937210363,0.3075098910873769,0.6497438295405195
26112,LOF,0.04458445313696773,0.046385147530641685,0.9090303993323905
26113,LOF,0.040596963949560444,0.08263650213012047,0.8767665339203191
26114,LOF,0.09707822560621515,0.035189751120528565,0.8677320232732563
26115,LOF,0.0136886025964209,0.37595381602887423,0.6103575813747049
26116,LOF,0.07698454814891557,0.11975850818289634,0.803256943668188
26117,LOF,0.17820020339341558,0.10574177927970825,0.716058017326876
26118,LOF,0.043771359329151265,0.028292751173938195,0.9279358894969104
26119,LOF,0.005646508360591365,0.08592892937916187,0.9084245622602468
26120,LOF,0.04780662726042185,0.027823163509054286,0.9243702092305238
26121,LOF,0.004455989219818991,0.186698076014729,0.8088459347654521
26122,LOF,0.004336337841374374,0.19752693263867024,0.7981367295199554
26123,LOF,0.005004925513727584,0.17837006667401772,0.8166250078122547
