feature0,prediction,LoGoFunc_Neutral,LoGoFunc_GOF,LoGoFunc_LOF
25546,Neutral,0.756434457957781,0.035979555605343945,0.20758598643687523
25547,Neutral,0.6097956163084461,0.07680799004152138,0.3133963936500326
25548,Neutral,0.6247611984801776,0.05703994034138277,0.31819886117843954
25549,Neutral,0.5511030657788689,0.05516856465222802,0.393728369568903
25550,LOF,0.3509376447395554,0.12374971361857787,0.5253126416418668
25551,LOF,0.2782140014487923,0.13577019734939214,0.5860158012018155
25552,LOF,0.20643353375002088,0.12685443399193155,0.6667120322580476
25553,Neutral,0.85916764143791,0.026921345949902267,0.11391101261218778
25554,LOF,0.23651420827952588,0.11811388292088638,0.6453719087995877
25555,LOF,0.19809433247402203,0.10213229681849174,0.6997733707074862
25556,Neutral,0.45239891010955563,0.09918202000189136,0.448419069888553
25557,LOF,0.18795331564945683,0.10982847611414591,0.7022182082363974
25558,LOF,0.22204559768107063,0.11765026906157025,0.6603041332573591
25559,LOF,0.3452956608393171,0.1428568175396501,0.5118475216210328
25560,LOF,0.05109864644714578,0.16086707151542368,0.7880342820374306
25561,LOF,0.11539491440073503,0.16605831219475606,0.7185467734045089
25562,LOF,0.07811877184188781,0.08849490625658664,0.8333863219015255
25563,LOF,0.09564407302650835,0.10951703921523666,0.794838887758255
25564,LOF,0.24669715993860944,0.15815420632412325,0.5951486337372673
25565,LOF,0.12805410862843564,0.14319833516229288,0.7287475562092715
25566,GOF,0.011990756136608558,0.7599487988494549,0.2280604450139367
25567,LOF,0.018321031109967686,0.22238879711253567,0.7592901717774966
25568,LOF,0.05324074333496393,0.09498297885685703,0.8517762778081791
25569,LOF,0.05586085573101487,0.09487220055805991,0.8492669437109251
25570,LOF,0.052990303439557906,0.13761904553901497,0.8093906510214272
25571,LOF,0.04535293935394053,0.1313022714929732,0.8233447891530864
25572,LOF,0.060888348906006105,0.14290472852434277,0.7962069225696511
25573,LOF,0.03318753773807441,0.12820033339766584,0.8386121288642596
25574,LOF,0.019246779719186046,0.19759813263931345,0.7831550876415005
25575,LOF,0.038961345627465505,0.14495885846393983,0.8160797959085947
25576,LOF,0.01955164835151216,0.16438032785367518,0.8160680237948127
25577,LOF,0.016198697154097143,0.14576516120280003,0.8380361416431028
25578,LOF,0.2857455172943427,0.11739782581041625,0.596856656895241
25579,LOF,0.1257829254073991,0.1370941120248893,0.7371229625677116
25580,LOF,0.028020395857658694,0.11447038789797083,0.8575092162443705
25581,LOF,0.049409039188425964,0.09599442209400598,0.854596538717568
25582,LOF,0.04909178165220989,0.0949717769608251,0.855936441386965
25583,LOF,0.032852400053440096,0.12889306725643201,0.838254532690128
25584,Neutral,0.4694316244315732,0.14409925411327343,0.3864691214551532
25585,LOF,0.022424654479778493,0.16837443374408972,0.8092009117761317
25586,LOF,0.025937754468714897,0.10493624669166021,0.8691259988396249
25587,LOF,0.026436186056306012,0.09898451629851167,0.8745792976451824
25588,LOF,0.026901651428868058,0.11593741727632477,0.8571609312948072
25589,Neutral,0.6266000031384024,0.14131028127166287,0.23208971558993474
25590,LOF,0.03448811964214545,0.16112897622927885,0.8043829041285757
25591,LOF,0.08599301549730425,0.08936568060882609,0.8246413038938696
25592,LOF,0.08918529350167292,0.17332652384073277,0.7374881826575944
25593,LOF,0.02755340352183775,0.2961882480814507,0.6762583483967116
25594,LOF,0.04191495507503416,0.16339951074026476,0.7946855341847011
25595,LOF,0.05279697335181205,0.11839134693658611,0.8288116797116019
25596,LOF,0.05100660920309906,0.08368306412918582,0.8653103266677152
25597,LOF,0.03474070869108361,0.08694203088421096,0.8783172604247054
25598,LOF,0.04842577852881886,0.1275383365018976,0.8240358849692836
25599,GOF,0.00734610762658866,0.6143171261794339,0.3783367661939774
25600,GOF,0.014116738804368213,0.6208435801447761,0.3650396810508557
25601,LOF,0.010022340396185948,0.4334493069466952,0.5565283526571189
25602,LOF,0.019712017990099223,0.039304592687551175,0.9409833893223496
25603,LOF,0.0673367395896919,0.017000112539496626,0.9156631478708116
25604,LOF,0.03688937899887464,0.048396895945624484,0.914713725055501
25605,LOF,0.009746054390775461,0.19500286730913113,0.7952510783000935
25606,LOF,0.10947255126870357,0.3405032208581721,0.5500242278731244
25607,LOF,0.006137124627740081,0.18640604380723494,0.8074568315650249
25608,LOF,0.016743815631329793,0.08808178838834539,0.8951743959803249
25609,LOF,0.05505435294965946,0.4165576474961408,0.5283879995541997
25610,LOF,0.03059347818911598,0.025053648397861852,0.9443528734130222
25611,LOF,0.03722490597504043,0.02412650846807236,0.9386485855568872
25612,LOF,0.08932759755041209,0.03812573770498094,0.8725466647446071
25613,LOF,0.07651809959770547,0.04023416900457749,0.8832477313977171
25614,LOF,0.03304450494532622,0.030861645165576705,0.936093849889097
25615,LOF,0.035915394186671994,0.04540359195443782,0.9186810138588901
25616,LOF,0.024423877225971002,0.03219446358989327,0.9433816591841357
25617,LOF,0.0253694271799235,0.036547172919053815,0.9380833999010226
25618,LOF,0.1314147104928118,0.029757975349751855,0.8388273141574363
25619,LOF,0.027507714333535667,0.031760732266102716,0.9407315534003616
25620,LOF,0.03341077850551298,0.04014663500378932,0.9264425864906978
25621,LOF,0.026233238700309826,0.03453782414667987,0.9392289371530103
25622,LOF,0.03598553561600992,0.03494636392650091,0.9290681004574892
25623,LOF,0.051108621522234485,0.027906057198726467,0.920985321279039
25624,LOF,0.024352984489772828,0.039460477800913864,0.9361865377093134
25625,LOF,0.035212481126809955,0.04215019941452681,0.9226373194586631
25626,LOF,0.0695674195891499,0.03359969647682421,0.8968328839340259
25627,Neutral,0.5407381622044722,0.1295788776629093,0.32968296013261855
25628,LOF,0.21484327588541322,0.0577194694255872,0.7274372546889996
25629,LOF,0.058787922629430236,0.06187814291229761,0.8793339344582722
25630,LOF,0.17981678278209848,0.09706682430199802,0.7231163929159035
25631,Neutral,0.615219870765604,0.06065882722776802,0.324121302006628
25632,LOF,0.012883086184111454,0.1105408729797399,0.8765760408361487
25633,LOF,0.09688617437573065,0.07756420896164166,0.8255496166626277
25634,LOF,0.030858141562042384,0.11180226815460309,0.8573395902833545
25635,LOF,0.037389252534267885,0.07842891735960443,0.8841818301061277
25636,GOF,0.0040820186866827165,0.6085439087956671,0.3873740725176501
25637,GOF,0.003618827058627528,0.6639207623584555,0.33246041058291687
25638,LOF,0.006983528370045238,0.3571188556299544,0.6358976160000003
25639,GOF,0.003720558556951436,0.5398040537641436,0.45647538767890483
25640,Neutral,0.49301491090173,0.42454987883806955,0.08243521026020044
25641,LOF,0.008799957022731656,0.29325495684630015,0.6979450861309683
25642,LOF,0.25366837052423696,0.05856726508077552,0.6877643643949874
25643,LOF,0.29330832135594725,0.14291694535866847,0.5637747332853843
25644,GOF,0.01765312628234225,0.5619598711664388,0.42038700255121897
25645,LOF,0.01334655604933063,0.4770861893591089,0.5095672545915604
25646,LOF,0.020576697578866588,0.32157328962013676,0.6578500128009966
25647,LOF,0.01459343917253434,0.2755674227901052,0.7098391380373604
25648,LOF,0.01448615518711882,0.2625620817734319,0.7229517630394494
25649,LOF,0.01282180986439127,0.186899118050629,0.8002790720849796
25650,LOF,0.023370156137096282,0.4118243092380426,0.564805534624861
25651,LOF,0.008709479686455558,0.26988532148667677,0.7214051988268677
25652,LOF,0.014308410203669634,0.24342128404278018,0.7422703057535502
25653,LOF,0.05256936032561929,0.3588480051095441,0.5885826345648365
25654,LOF,0.01631230528948002,0.13166060518364464,0.8520270895268752
25655,LOF,0.08523621733972145,0.39197198263690725,0.5227918000233713
25656,LOF,0.0969771663677881,0.043504856263295026,0.8595179773689169
25657,LOF,0.32355864676327584,0.024003634337066017,0.6524377188996582
25658,LOF,0.04697844191830072,0.06625132447419263,0.8867702336075066
25659,LOF,0.39606222630187954,0.05174341122298583,0.5521943624751346
25660,LOF,0.0626946165437451,0.09094675984370784,0.8463586236125471
25661,LOF,0.04492222265868154,0.07365051598769778,0.8814272613536206
25662,LOF,0.0281837030629946,0.04796327994156921,0.9238530169954362
25663,LOF,0.03637979847517247,0.06797317130337048,0.8956470302214571
25664,LOF,0.048913816122177114,0.07905743793428611,0.8720287459435366
25665,LOF,0.05832394161038952,0.04417303617385503,0.8975030222157555
25666,LOF,0.04389615150535914,0.1082590229255567,0.8478448255690842
25667,LOF,0.031932615467992365,0.05187560691983695,0.9161917776121706
25668,LOF,0.034966460731713556,0.055910999632347795,0.9091225396359387
25669,LOF,0.039595552831574454,0.0825048939555912,0.8778995532128343
25670,LOF,0.08226365590898436,0.08745040444975935,0.8302859396412564
25671,LOF,0.03868146240141403,0.04816090419091836,0.9131576334076676
25672,LOF,0.059582545133351705,0.05804786508025087,0.8823695897863975
25673,LOF,0.04916062073191008,0.06618237826788737,0.8846570010002025
25674,LOF,0.043825678145781394,0.06893024028339047,0.8872440815708281
25675,LOF,0.05397626650715814,0.058271661536587735,0.887752071956254
25676,LOF,0.034397554709164335,0.05919913598208752,0.9064033093087481
25677,LOF,0.060625328278577154,0.06480578891532607,0.8745688828060968
25678,LOF,0.29138156892793765,0.035272364903791265,0.6733460661682711
25679,LOF,0.17396895139945248,0.0669405211343878,0.7590905274661597
25680,LOF,0.06207518834465317,0.09872801598573303,0.8391967956696137
25681,LOF,0.10348286619764199,0.09393378711442026,0.8025833466879376
25682,LOF,0.046745518508177576,0.08243025534050355,0.8708242261513189
25683,LOF,0.10477709856499519,0.09026285652482863,0.8049600449101761
25684,LOF,0.05751648163846507,0.08796944604624975,0.8545140723152852
25685,LOF,0.1151787400731454,0.05713220766433625,0.8276890522625183
25686,LOF,0.039707531462161515,0.11226384576283216,0.8480286227750065
25687,LOF,0.049063494497651836,0.09078441230175581,0.8601520932005923
25688,LOF,0.029575046291008093,0.09349094179376602,0.8769340119152259
25689,LOF,0.018687341050283406,0.08414517313288201,0.8971674858168347
25690,LOF,0.021691450230045047,0.08832648515865762,0.8899820646112973
25691,LOF,0.2365781387478682,0.10638915011539722,0.6570327111367346
25692,LOF,0.28142841888558606,0.008997598349400674,0.7095739827650133
25693,LOF,0.09302422437338118,0.1709673324298846,0.7360084431967343
25694,LOF,0.25171886408173105,0.014209287120000778,0.7340718487982683
25695,LOF,0.169794160779103,0.017348807548478676,0.8128570316724184
25696,LOF,0.19371767865313116,0.009453807736843931,0.7968285136100249
25697,LOF,0.17082463058961236,0.026364607942970256,0.8028107614674175
25698,LOF,0.03015801923681953,0.4211394290492304,0.54870255171395
25699,LOF,0.0645763818369965,0.0828143022227272,0.8526093159402762
25700,LOF,0.028518781116281828,0.010576099636983964,0.9609051192467342
25701,LOF,0.016772133371755867,0.07725453234252329,0.9059733342857208
25702,GOF,0.038056366313188726,0.7306725037410938,0.2312711299457173
25703,LOF,0.014550424107459973,0.17376106818928286,0.8116885077032571
25704,LOF,0.09160491193036771,0.13623674532451957,0.7721583427451126
25705,LOF,0.058814290336566405,0.2312705304183064,0.7099151792451273
25706,GOF,0.05400582544357105,0.5906042851873265,0.35538988936910243
25707,GOF,0.029893038920435454,0.5165178606030918,0.45358910047647266
25708,LOF,0.008591498673301617,0.4305559821863012,0.5608525191403971
25709,LOF,0.01938163689064357,0.06378655088560933,0.9168318122237472
25710,LOF,0.009774703067081579,0.15854075721469219,0.8316845397182263
25711,LOF,0.021477277990141437,0.10904874662636252,0.869473975383496
25712,LOF,0.010435747654876554,0.20278511372833502,0.7867791386167884
25713,LOF,0.018273112586819167,0.09432454392467117,0.8874023434885097
25714,LOF,0.020366420457945535,0.12285721560962955,0.856776363932425
25715,LOF,0.020431308075987076,0.1081492396402996,0.8714194522837133
25716,LOF,0.011943084463751164,0.11372765037035124,0.8743292651658975
25717,LOF,0.006787202609073503,0.125709450535659,0.8675033468552675
25718,LOF,0.01843057058876005,0.079786821138328,0.9017826082729119
25719,LOF,0.03459911931671873,0.07823947795846856,0.8871614027248128
25720,LOF,0.02295629169814143,0.08620169982912836,0.8908420084727302
25721,LOF,0.02348325172780856,0.09688455493295288,0.8796321933392387
25722,LOF,0.018294356645803887,0.12410264129645845,0.8576030020577377
25723,LOF,0.02199878020500969,0.06679778386558306,0.9112034359294072
25724,LOF,0.03497111510663647,0.08820137331108399,0.8768275115822795
25725,LOF,0.021781880635949654,0.06380415275784455,0.9144139666062059
25726,LOF,0.016519256970970706,0.09630929059437845,0.8871714524346508
25727,LOF,0.021018063266816985,0.08398330311960293,0.8949986336135801
25728,LOF,0.018806181811649312,0.0961464165779848,0.885047401610366
25729,LOF,0.019835384988467104,0.09442488679504185,0.885739728216491
25730,LOF,0.020621163072326223,0.07587483181177763,0.9035040051158961
25731,LOF,0.013835642908434758,0.1620471222961639,0.8241172347954014
25732,LOF,0.01824200862471845,0.09392052648308706,0.8878374648921945
25733,LOF,0.0279469467222509,0.0726026348276665,0.8994504184500826
25734,LOF,0.00795906469942425,0.1634400779414815,0.8286008573590942
25735,LOF,0.021868225254166557,0.07182562150535383,0.9063061532404796
25736,LOF,0.020961143038408587,0.10267246479209412,0.8763663921694973
25737,LOF,0.04148878262968023,0.07562444554051352,0.8828867718298061
25738,LOF,0.020863819903060393,0.11587591145422374,0.8632602686427159
25739,LOF,0.021873021097459512,0.11679784609300117,0.8613291328095393
25740,LOF,0.05329559974257056,0.11143135560709105,0.8352730446503385
25741,LOF,0.025009535688580047,0.0930627222543973,0.8819277420570227
25742,LOF,0.03625991563754981,0.10421041899868073,0.8595296653637694
25743,LOF,0.010979864872333179,0.062355003666759196,0.9266651314609076
25744,GOF,0.12288961275063975,0.5061777171892775,0.37093267006008274
25745,LOF,0.020261780931134662,0.0812064763165778,0.8985317427522875
25746,LOF,0.010452496790072562,0.1027721502114478,0.8867753529984796
25747,LOF,0.03340524124535689,0.0500137688556676,0.9165809898989755
25748,LOF,0.19577349372187583,0.08260856447505965,0.7216179418030645
25749,LOF,0.01299807272642631,0.06772826543624685,0.9192736618373268
25750,LOF,0.014887788601247717,0.10123326198689624,0.8838789494118561
25751,LOF,0.03675647282987697,0.0986767420291017,0.8645667851410214
25752,GOF,0.08647761274285737,0.6540040140404467,0.25951837321669596
25753,LOF,0.007611631467931556,0.34961833949893983,0.6427700290331286
25754,GOF,0.005508241562147403,0.8218948270728093,0.1725969313650434
25755,LOF,0.011785302068256186,0.39544186060034187,0.5927728373314021
25756,LOF,0.05195982107634909,0.40680253439157676,0.5412376445320741
25757,GOF,0.007599161254288178,0.8504405382147227,0.14196030053098907
25758,GOF,0.009058053210952554,0.8426548654797004,0.14828708130934717
25759,GOF,0.005065947690436764,0.5344313125467449,0.4605027397628183
25760,LOF,0.007615703019535477,0.27954227629138323,0.7128420206890812
25761,GOF,0.054558297514646685,0.8145283926172421,0.13091330986811128
25762,LOF,0.031793235925433164,0.3568320775910964,0.6113746864834704
25763,LOF,0.009809713210223494,0.23407528747797907,0.7561149993117975
25764,GOF,0.10083525632249797,0.5403415509241405,0.35882319275336155
25765,GOF,0.007826308809081403,0.8164341328165663,0.1757395583743523
25766,GOF,0.03115507548922198,0.8053424813230586,0.1635024431877194
25767,LOF,0.01904756470309815,0.4646785384343024,0.5162738968625994
25768,LOF,0.03690294779262644,0.07167260930262978,0.8914244429047439
25769,LOF,0.023077855880044153,0.07762812483543242,0.8992940192845233
25770,LOF,0.1421760591448685,0.06650506701613333,0.7913188738389981
25771,LOF,0.017198541636919612,0.07348859192838965,0.9093128664346908
25772,LOF,0.022552576650803433,0.028811539140327528,0.9486358842088691
25773,LOF,0.013268270477183777,0.07683029815524861,0.9099014313675676
25774,LOF,0.026200619689163655,0.08818984824661846,0.8856095320642179
25775,LOF,0.022066971518104894,0.042195791859485486,0.9357372366224096
25776,LOF,0.024341494642072612,0.02773790236162149,0.947920602996306
25777,LOF,0.1723791014024346,0.06942026549340521,0.7582006331041602
25778,LOF,0.019438288706647894,0.055406744236901055,0.925154967056451
25779,GOF,0.039904937928721185,0.8943188612082105,0.06577620086306844
25780,GOF,0.06902863946102517,0.874328548667853,0.0566428118711219
25781,GOF,0.029293607414962883,0.8808268635192189,0.08987952906581817
25782,GOF,0.03502245071676234,0.8988944686055443,0.06608308067769335
25783,GOF,0.01817268262172578,0.7606514962726387,0.22117582110563552
25784,GOF,0.11687170555761114,0.8384473534661455,0.044680940976243345
25785,GOF,0.06527215223786605,0.8924277603452873,0.04230008741684683
25786,GOF,0.005317298740311654,0.8460108509865112,0.1486718502731772
25787,GOF,0.1675801639599285,0.8042351268226988,0.028184709217372553
25788,LOF,0.016194988522447575,0.18321146423801327,0.800593547239539
25789,GOF,0.019244758203259472,0.86095365996227,0.11980158183447039
25790,GOF,0.022469181333088444,0.8845536036186361,0.09297721504827555
25791,GOF,0.01630430897641525,0.8255486486443147,0.1581470423792701
25792,GOF,0.026327382931108114,0.8381525688352571,0.13552004823363462
25793,GOF,0.07285470903579849,0.8394650728423055,0.0876802181218959
25794,GOF,0.054941271856307004,0.7801966326617628,0.16486209548193026
25795,GOF,0.04236201056699107,0.7775356872740433,0.18010230215896553
25796,GOF,0.08120920362829565,0.8144233136731897,0.10436748269851466
25797,GOF,0.03754971284011825,0.6743912914584068,0.28805899570147486
25798,GOF,0.0031449564614172754,0.6637998517049312,0.33305519183365156
25799,GOF,0.003111716478884201,0.5245462128480325,0.47234207067308337
25800,GOF,0.012507854681057567,0.717839943135324,0.2696522021836184
25801,GOF,0.015900802471709607,0.8687088268574574,0.11539037067083296
25802,GOF,0.022255534687406903,0.7988641831603799,0.17888028215221316
25803,GOF,0.012264667303316788,0.7159195144015454,0.27181581829513773
25804,GOF,0.01451836417588516,0.6160347135886232,0.3694469222354917
25805,GOF,0.02586555373027015,0.7146591448668287,0.25947530140290115
25806,GOF,0.02187508291852399,0.7499669009802552,0.2281580161012209
25807,GOF,0.005305181675324341,0.7172117973763799,0.2774830209482957
25808,GOF,0.016268579602861145,0.7396470358580501,0.24408438453908865
25809,GOF,0.006475857421013775,0.7493505979773761,0.24417354460160998
25810,GOF,0.005574908477972019,0.7605007092705584,0.2339243822514696
25811,GOF,0.047800662668134854,0.8585545857144933,0.09364475161737185
25812,GOF,0.016674590514898974,0.7184747986733865,0.2648506108117145
25813,GOF,0.09704825763892905,0.8034290900717014,0.0995226522893697
25814,GOF,0.027017075349861495,0.8032713415043714,0.16971158314576715
25815,GOF,0.04043733600018425,0.8124819094267485,0.14708075457306719
25816,GOF,0.007593358166321322,0.8424625561573048,0.14994408567637404
25817,GOF,0.10352887773379793,0.7704547366150614,0.1260163856511408
25818,GOF,0.024896708596420687,0.8075946499388457,0.1675086414647336
25819,GOF,0.06217695779792279,0.7883396055911708,0.14948343661090627
25820,GOF,0.03244020920764025,0.777295129468438,0.19026466132392164
25821,GOF,0.01905699611768838,0.7675297505959034,0.21341325328640812
25822,GOF,0.035264640804312436,0.7908659501075369,0.17386940908815057
25823,GOF,0.016018418945986178,0.6589496471975919,0.325031933856422
25824,GOF,0.02578092169808298,0.7810223453203943,0.19319673298152285
25825,GOF,0.016235205066565422,0.7632181718670402,0.22054662306639433
25826,GOF,0.005601471285892802,0.7303169541832475,0.26408157453085973
25827,GOF,0.008922792431539404,0.7219907066736807,0.2690865008947799
25828,GOF,0.00601026089554262,0.6598349589671424,0.334154780137315
25829,GOF,0.002984668483506535,0.7249345241296065,0.2720808073868869
25830,GOF,0.03770443616369549,0.5048822821658471,0.45741328167045736
25831,GOF,0.05002130113054176,0.8514058562443338,0.09857284262512442
25832,GOF,0.008108110550048137,0.8083684603086858,0.18352342914126613
25833,GOF,0.032212555645477495,0.8482633929251066,0.11952405142941594
25834,GOF,0.008200224866583007,0.8234373086588771,0.16836246647453998
25835,GOF,0.018334351266352057,0.8710173916543031,0.11064825707934471
25836,GOF,0.006222196787099477,0.830538148575141,0.16323965463775963
25837,GOF,0.006723380240636676,0.7468741902981312,0.2464024294612321
25838,GOF,0.02040302454919765,0.878361641482403,0.10123533396839944
25839,GOF,0.03994629212651933,0.8566200380022528,0.10343366987122778
25840,GOF,0.06187011224241655,0.8452518364201036,0.09287805133747992
25841,GOF,0.05746306792622267,0.854793829940952,0.08774310213282532
25842,GOF,0.02708267425924492,0.8995125003329243,0.07340482540783072
25843,GOF,0.030112410357778025,0.9027453389274511,0.06714225071477092
25844,GOF,0.01831268887686423,0.8503368666766467,0.13135044444648908
25845,GOF,0.006019724670990696,0.6725283896812629,0.3214518856477465
25846,GOF,0.04150571609003035,0.8609824126634625,0.0975118712465072
25847,GOF,0.020435758622049546,0.9145850378041842,0.06497920357376606
25848,GOF,0.01656847572065545,0.8688787742479736,0.11455275003137108
25849,GOF,0.004943483916577718,0.7691596524792748,0.2258968636041474
25850,GOF,0.006387286485943128,0.7649861990576362,0.2286265144564205
25851,GOF,0.005636417175388228,0.6514240135446654,0.34293956927994634
25852,GOF,0.13804598124938325,0.6066186376431192,0.2553353811074975
25853,GOF,0.0739980240291699,0.847236234446804,0.0787657415240262
25854,GOF,0.0053029213561803954,0.7164946659820552,0.27820241266176426
25855,GOF,0.014344116505006709,0.6730995402658027,0.31255634322919057
25856,GOF,0.03621103789170942,0.7872921960134758,0.17649676609481482
25857,GOF,0.01219633161772313,0.6586889165648862,0.3291147518173907
25858,GOF,0.007998264013332406,0.647136310436449,0.3448654255502186
25859,GOF,0.005646063576715842,0.6045193980926705,0.38983453833061366
25860,GOF,0.08105376510990604,0.8181402619155461,0.10080597297454781
25861,GOF,0.08928019896912091,0.8202472417510961,0.09047255927978301
25862,GOF,0.022048545959554074,0.8707354696755262,0.10721598436491961
25863,GOF,0.021149022804633943,0.8747275002421759,0.10412347695319016
25864,GOF,0.05041978434676487,0.8742630236892003,0.07531719196403487
25865,GOF,0.03517869498962424,0.8381209712187799,0.12670033379159581
25866,GOF,0.02784731104921731,0.8640250345150846,0.1081276544356981
25867,GOF,0.035883667159439685,0.877032527249441,0.0870838055911194
25868,GOF,0.05461465543096985,0.8390746013383866,0.10631074323064359
25869,GOF,0.3365583911457481,0.6010453160770589,0.062396292777193045
25870,GOF,0.06878552500382015,0.6949263466358192,0.23628812836036056
25871,GOF,0.011552553383301387,0.9009371366581935,0.08751030995850508
25872,GOF,0.01937826593343147,0.8784698227221869,0.10215191134438152
25873,GOF,0.019225104969767873,0.8954485451257136,0.08532634990451843
25874,LOF,0.017821285890156614,0.19140815619867435,0.7907705579111691
25875,LOF,0.05149698299704396,0.039596725172174135,0.9089062918307819
25876,LOF,0.020955500849416126,0.033969604987906486,0.9450748941626773
25877,LOF,0.1367806105050408,0.07105525049067904,0.7921641390042801
25878,LOF,0.07519830232712488,0.09620480284916819,0.8285968948237069
25879,LOF,0.02883263946617306,0.07527846186094936,0.8958888986728777
25880,LOF,0.058607204011669044,0.013195117479789843,0.9281976785085411
25881,Neutral,0.5705520788227733,0.054450122467883326,0.37499779870934347
25882,LOF,0.05643370847234437,0.027171036762779176,0.9163952547648765
25883,LOF,0.030397454257805948,0.02422083977741887,0.9453817059647752
25884,LOF,0.029081911254818325,0.04047303324035857,0.930445055504823
25885,LOF,0.21976254099667517,0.011181332913423296,0.7690561260899015
25886,LOF,0.15809386408463194,0.052990828911494516,0.7889153070038736
25887,LOF,0.19055096629588136,0.05850170941000692,0.7509473242941118
25888,LOF,0.012197009545748521,0.1303146565362566,0.8574883339179948
25889,LOF,0.03380293795374774,0.030072239662496884,0.9361248223837553
25890,LOF,0.11838502784990028,0.11237818063285182,0.7692367915172479
25891,LOF,0.09246435667899654,0.018760688197247615,0.8887749551237558
25892,LOF,0.00910154918063066,0.03574170145006172,0.9551567493693075
25893,LOF,0.40760178587366286,0.009081490731654084,0.5833167233946831
25894,LOF,0.44369869091976527,0.0053495551014472505,0.5509517539787875
25895,LOF,0.3385420957501455,0.010915749938781721,0.6505421543110728
25896,LOF,0.06235942264020222,0.016901737737836906,0.9207388396219609
25897,LOF,0.19681943404359115,0.008557089366613403,0.7946234765897954
25898,LOF,0.15852747789831922,0.030985605641620177,0.8104869164600607
25899,LOF,0.3124492813778201,0.01629700326810461,0.6712537153540753
25900,LOF,0.4147444828832013,0.008914060749116659,0.576341456367682
25901,LOF,0.05555287193238212,0.006970251061527704,0.9374768770060901
25902,LOF,0.14417096804658602,0.009053228747592155,0.8467758032058217
25903,LOF,0.4009537122133097,0.023766524782300635,0.5752797630043897
25904,LOF,0.4308908733953076,0.024158187927006584,0.5449509386776858
25905,LOF,0.003990645202255199,0.4574414179989305,0.5385679367988143
25906,LOF,0.010272247784119679,0.11271279934067867,0.8770149528752017
25907,LOF,0.003939098055239211,0.3601850891918586,0.6358758127529023
25908,LOF,0.00435506763661018,0.26457941620988146,0.7310655161535085
25909,LOF,0.022374983403285035,0.16384190201639376,0.8137831145803212
25910,LOF,0.011169006754050163,0.12171894988677245,0.8671120433591775
25911,LOF,0.35258311539674364,0.04282403993642804,0.6045928446668283
25912,LOF,0.08023217601009731,0.04633748546767339,0.8734303385222293
25913,LOF,0.05767047268652935,0.06161410105076725,0.8807154262627034
25914,LOF,0.03669260123754677,0.07146424998075693,0.8918431487816963
25915,LOF,0.1519535625068582,0.29414190211053726,0.5539045353826046
25916,LOF,0.027782425468240366,0.20294070620613028,0.7692768683256294
25917,LOF,0.0720180597950456,0.05468952407042548,0.873292416134529
25918,LOF,0.04541077044376981,0.04424477603632747,0.9103444535199027
25919,LOF,0.03950072453593103,0.042629737533487554,0.9178695379305815
25920,LOF,0.15232733904797466,0.18579902561230002,0.6618736353397253
25921,LOF,0.016586535740805902,0.037848608347242865,0.9455648559119513
25922,LOF,0.017633477401430245,0.032871338033775406,0.9494951845647943
25923,LOF,0.43498818509625503,0.04414228596938609,0.5208695289343588
25924,LOF,0.0231442946237465,0.052829021937744414,0.924026683438509
25925,LOF,0.07932857644716958,0.058106212125372515,0.8625652114274578
25926,LOF,0.05528117478422521,0.05369603331776035,0.8910227918980145
25927,LOF,0.02391765731946958,0.07244423953482053,0.9036381031457099
25928,LOF,0.011026013394741423,0.055176231655276214,0.9337977549499823
25929,Neutral,0.5214015883939401,0.042090101667853215,0.43650830993820666
25930,LOF,0.06765052156759278,0.04196124004321347,0.8903882383891938
25931,LOF,0.014924808151077397,0.03613600178472384,0.9489391900641987
25932,LOF,0.05397766013662446,0.030260844571358962,0.9157614952920166
25933,LOF,0.050044224807715525,0.021289260480424853,0.9286665147118596
25934,LOF,0.04616642135427413,0.021486144751938982,0.9323474338937868
25935,LOF,0.0681962784110965,0.06693179113897042,0.8648719304499332
25936,LOF,0.08534507263875578,0.022711454892988533,0.8919434724682557
25937,LOF,0.014070061412035376,0.03577075382944928,0.9501591847585155
25938,LOF,0.06407717037422463,0.06331015759312396,0.8726126720326515
25939,LOF,0.037094615403886685,0.02847489358214597,0.9344304910139674
25940,LOF,0.00886779846356095,0.3655480822781035,0.6255841192583357
25941,Neutral,0.5092556197970027,0.037533218793470394,0.4532111614095267
25942,LOF,0.009819211281094135,0.046724198798493884,0.943456589920412
25943,LOF,0.047711968353334466,0.1789358994407168,0.7733521322059487
25944,LOF,0.06322657192548105,0.09477110304419206,0.8420023250303268
25945,LOF,0.124585514586176,0.019226528058773413,0.8561879573550506
25946,LOF,0.06693980645705892,0.05157013275513932,0.8814900607878019
25947,Neutral,0.45369801194539955,0.13228610001719854,0.41401588803740197
25948,LOF,0.4107064983480769,0.016589201525006616,0.5727043001269164
25949,LOF,0.13848996924895474,0.07447173118049535,0.7870382995705499
25950,GOF,0.06811589694640348,0.6160903176443999,0.3157937854091966
25951,LOF,0.012496151830623848,0.42189392404285697,0.5656099241265192
25952,LOF,0.31133877882676225,0.23509053618691114,0.4535706849863267
25953,LOF,0.007961460640419615,0.178317521026393,0.8137210183331874
25954,GOF,0.09318290053649854,0.46194705941161246,0.44487004005188907
25955,LOF,0.0069758275138959835,0.14938356894384108,0.843640603542263
25956,LOF,0.018235699741567503,0.24002157779784314,0.7417427224605893
25957,LOF,0.2157695663953123,0.03674396419116258,0.747486469413525
25958,LOF,0.03182931030550179,0.03855948187154604,0.9296112078229521
25959,GOF,0.01374807658200841,0.5048071320387598,0.4814447913792317
25960,LOF,0.007136887936104194,0.059888858133446965,0.9329742539304487
25961,LOF,0.029202401306128056,0.034408849447322386,0.9363887492465495
25962,LOF,0.037592111394634996,0.07056830441000404,0.8918395841953609
25963,LOF,0.004448181062995741,0.20306683217023536,0.7924849867667689
25964,LOF,0.03199652326655472,0.11007353696427945,0.8579299397691658
25965,LOF,0.25772062535410195,0.1271960190926394,0.6150833555532587
25966,Neutral,0.48768432235532844,0.12758983998207313,0.3847258376625985
25967,LOF,0.010184313072843074,0.07402956611674023,0.9157861208104168
25968,LOF,0.048400532346223386,0.19502824906052646,0.7565712185932503
25969,LOF,0.1284230253632172,0.040234472740440036,0.8313425018963427
25970,LOF,0.023048184374691374,0.08548526582259873,0.8914665498027098
25971,LOF,0.08724803853092956,0.028670703856809525,0.884081257612261
25972,LOF,0.0671905782144895,0.04093927851785463,0.8918701432676558
25973,LOF,0.0693120697451291,0.008903491546893957,0.9217844387079769
25974,LOF,0.053576170771137126,0.03564145030049006,0.9107823789283729
25975,LOF,0.04507696223053664,0.016734981000971746,0.9381880567684916
25976,LOF,0.09849590589579536,0.01095967730356366,0.890544416800641
25977,LOF,0.19092708703991634,0.09391376101656027,0.7151591519435233
25978,LOF,0.18573672101203648,0.09478607730688397,0.7194772016810795
25979,LOF,0.15475797192192317,0.10783708280810607,0.7374049452699707
25980,LOF,0.2640691374477385,0.1466542835803662,0.5892765789718953
25981,LOF,0.26440258361414937,0.1469087448302199,0.5886886715556308
25982,Neutral,0.4926066586216931,0.07811189976359871,0.42928144161470805
25983,Neutral,0.49559139356322424,0.09198525423064646,0.41242335220612925
25984,LOF,0.03657972698031062,0.0928899873659053,0.870530285653784
25985,LOF,0.4143315977603348,0.1527786028690914,0.43288979937057376
25986,LOF,0.012950470975415573,0.4019245781811301,0.5851249508434543
25987,LOF,0.05604216387264649,0.12302226831198923,0.8209355678153644
25988,LOF,0.04310956256569438,0.18756535599996668,0.769325081434339
25989,LOF,0.04102647251433776,0.21617951319549777,0.7427940142901645
25990,LOF,0.040015084540898756,0.32750293940114783,0.6324819760579535
25991,LOF,0.025158800160298502,0.4213015482664817,0.5535396515732198
25992,LOF,0.022514264313762567,0.40556860795966915,0.5719171277265683
25993,LOF,0.03221046971976866,0.06886218201641514,0.8989273482638162
25994,LOF,0.02489610107860746,0.06647211689110201,0.9086317820302906
25995,LOF,0.02279818435954405,0.13314131979174904,0.844060495848707
25996,LOF,0.3480931063977146,0.2931670416278853,0.35873985197440006
25997,LOF,0.06608719617831336,0.37277550531364756,0.5611372985080391
25998,LOF,0.2593941128026775,0.0487049862095525,0.6919009009877701
25999,LOF,0.024919765757260817,0.20683613896913638,0.7682440952736028
26000,LOF,0.1897227491057341,0.030386572144963854,0.7798906787493021
26001,LOF,0.2388699437107938,0.0404696506158308,0.7206604056733754
26002,LOF,0.13473613549072294,0.048561815945214984,0.816702048564062
26003,GOF,0.005480513788745946,0.6664501901066014,0.3280692961046527
26004,GOF,0.007870869985560018,0.716995486865837,0.2751336431486028
26005,LOF,0.0036155180962817333,0.49197748325614543,0.5044069986475729
26006,GOF,0.10822862929346748,0.5726357790003844,0.3191355917061481
26007,GOF,0.006630714696061227,0.5512616594726841,0.4421076258312546
26008,GOF,0.00585355844769083,0.6798026182106426,0.3143438233416668
26009,GOF,0.007233977782970133,0.672010773081062,0.3207552491359679
26010,GOF,0.008746680020615315,0.6605124337348226,0.33074088624456227
26011,LOF,0.003151450218917343,0.4697056733063775,0.5271428764747051
26012,GOF,0.004790281296898751,0.5521206640329358,0.44308905467016535
26013,GOF,0.006156189307711849,0.6079503777727889,0.38589343291949907
26014,LOF,0.05923836234622318,0.13275661583554554,0.8080050218182313
26015,LOF,0.40421047294062157,0.024506234981547033,0.5712832920778314
26016,LOF,0.32424504347126226,0.04211146217931966,0.6336434943494181
26017,LOF,0.02620833711262103,0.22519981317294363,0.7485918497144353
26018,LOF,0.03078492695440515,0.060921743748676975,0.9082933292969179
26019,LOF,0.030891757104125485,0.05056161922700457,0.91854662366887
26020,LOF,0.010152828750552022,0.200430468669587,0.7894167025798609
26021,LOF,0.07771181941014087,0.06722275228198574,0.8550654283078734
26022,LOF,0.04540951242491701,0.02663936243665345,0.9279511251384295
26023,LOF,0.03253710843063319,0.032634658203773925,0.9348282333655928
26024,LOF,0.05019909426212561,0.06616346963680024,0.883637436101074
26025,LOF,0.0653905983347288,0.0804729640839875,0.8541364375812838
26026,LOF,0.12491022522648455,0.06367284779322491,0.8114169269802904
26027,LOF,0.02711338568888211,0.024751724923306934,0.9481348893878109
26028,LOF,0.11806760584493338,0.14320311940803285,0.7387292747470336
26029,LOF,0.01798252919772445,0.2001096881644579,0.7819077826378177
26030,LOF,0.1607260299074772,0.029449556723342808,0.8098244133691801
26031,LOF,0.008716594494699583,0.17877294238547012,0.8125104631198303
26032,LOF,0.04322776642970313,0.06244719115543296,0.8943250424148639
26033,LOF,0.07217915693305545,0.054888934978826055,0.8729319080881185
26034,LOF,0.012013664587115093,0.15709159459288075,0.8308947408200043
26035,LOF,0.011079902788155063,0.11927731986804282,0.8696427773438021
26036,LOF,0.011210910771369386,0.13886449621295915,0.8499245930156715
26037,LOF,0.009329871687685464,0.11235164327865042,0.878318485033664
26038,LOF,0.0373285833954294,0.05566046019240516,0.9070109564121653
26039,LOF,0.02247884022316412,0.14091371626717789,0.836607443509658
26040,LOF,0.11653730773144114,0.14625778285251018,0.7372049094160487
26041,LOF,0.012916913795959196,0.09793250270590338,0.8891505834981374
26042,LOF,0.011268097683269408,0.10945068624525307,0.8792812160714776
26043,LOF,0.035449805528070887,0.07810843072624414,0.8864417637456851
26044,LOF,0.015113940196598204,0.052645824865663396,0.9322402349377386
26045,LOF,0.06455611308662879,0.12443497695696237,0.8110089099564088
26046,LOF,0.030830219334655445,0.0617276808621086,0.9074420998032359
26047,LOF,0.05065424026839476,0.06250284304289654,0.8868429166887087
26048,LOF,0.07774319551150637,0.02882126442068968,0.893435540067804
26049,Neutral,0.9474911155222588,0.008566271373124119,0.043942613104617036
26050,Neutral,0.9249390637213836,0.009334570434420656,0.06572636584419575
26051,LOF,0.015285911657681131,0.09067179530137578,0.8940422930409431
26052,LOF,0.028884857615774036,0.10464590191025576,0.8664692404739702
26053,LOF,0.03551047947547797,0.15878396785030727,0.8057055526742147
26054,LOF,0.044375984767296955,0.02700041755082125,0.9286235976818819
26055,LOF,0.062056171200176674,0.024093644904722253,0.913850183895101
26056,LOF,0.05103959032626103,0.02924701607600846,0.9197133935977305
26057,LOF,0.05766417460481279,0.014279178783649555,0.9280566466115376
26058,LOF,0.06237676211405721,0.01190459437476522,0.9257186435111776
26059,LOF,0.19129234041506565,0.02848845620029846,0.7802192033846359
26060,LOF,0.015779943709805167,0.20276788593088596,0.7814521703593088
26061,LOF,0.012972540638410898,0.011562260036088174,0.9754651993255008
26062,LOF,0.007070155830786507,0.019331622401609846,0.9735982217676036
26063,LOF,0.03652015494738548,0.011434500697898734,0.9520453443547158
26064,LOF,0.011902321287459511,0.024541538117794345,0.9635561405947463
26065,LOF,0.04598456253764538,0.012270841316775933,0.9417445961455788
26066,LOF,0.043838748830886655,0.010126828884442041,0.9460344222846714
26067,LOF,0.05630009735412804,0.009082676464830452,0.9346172261810415
26068,LOF,0.05173377617334173,0.044078546410262626,0.9041876774163956
26069,LOF,0.15219115411464584,0.02658667317432948,0.8212221727110247
26070,LOF,0.33549799141138026,0.020671133800054226,0.6438308747885656
26071,LOF,0.045529660891050115,0.012133867380725106,0.9423364717282247
26072,LOF,0.011592575345339055,0.021484949243133804,0.9669224754115272
26073,LOF,0.03878351346702311,0.01411220089292134,0.9471042856400556
26074,Neutral,0.9241450480303722,0.008334648573708338,0.06752030339591934
26075,LOF,0.05230562799591553,0.021865768162786445,0.9258286038412981
26076,LOF,0.0567662582400781,0.010702978569336902,0.9325307631905851
26077,LOF,0.1685403482041335,0.007037186723938541,0.824422465071928
26078,LOF,0.009237173146318934,0.015437518167775447,0.9753253086859055
26079,LOF,0.06281031956011417,0.023502826514829493,0.9136868539250564
26080,LOF,0.06174665435043744,0.023575600949560693,0.9146777447000018
26081,LOF,0.03284182243565682,0.00838169407800563,0.9587764834863375
26082,LOF,0.007702167985180564,0.014744201969308729,0.9775536300455108
26083,LOF,0.10380725701572512,0.020256769758537577,0.8759359732257372
26084,LOF,0.10834931021352757,0.013565850557160333,0.878084839229312
26085,LOF,0.10141266184557957,0.011852806620091026,0.8867345315343295
26086,LOF,0.037655898720320095,0.011666898967470593,0.9506772023122094
26087,LOF,0.0358055467215921,0.010682311661900805,0.9535121416165071
26088,LOF,0.008900393649093057,0.018791405737416805,0.9723082006134901
26089,LOF,0.04413119917095264,0.03512398082649127,0.9207448200025561
26090,LOF,0.04513713415908405,0.027198292742032996,0.9276645730988831
26091,LOF,0.032333307539899714,0.008132907049448856,0.9595337854106515
26092,LOF,0.04169459892821972,0.008449802973364647,0.9498555980984157
26093,LOF,0.08287523997673174,0.006242696796639659,0.9108820632266286
26094,LOF,0.03464196579958496,0.007397082063331076,0.9579609521370839
26095,LOF,0.03702972779647013,0.018777711978773516,0.9441925602247564
26096,LOF,0.2313179013067667,0.005705237071060315,0.762976861622173
26097,LOF,0.008925348482899723,0.02957760367753466,0.9614970478395656
26098,LOF,0.08084209562870347,0.019135531414039942,0.9000223729572566
26099,LOF,0.040845839345098854,0.014903724041432701,0.9442504366134684
26100,LOF,0.040845839345098854,0.014903724041432701,0.9442504366134684
26101,LOF,0.05814965042819651,0.027547334837849033,0.9143030147339545
26102,LOF,0.03394510367816763,0.016209844083604503,0.9498450522382278
26103,Neutral,0.8781238934495795,0.025743487485757104,0.09613261906466342
26104,LOF,0.05819201404098836,0.03726800979035147,0.9045399761686602
26105,LOF,0.2410318112229533,0.17646442877843088,0.5825037599986158
26106,LOF,0.3170925708842447,0.12963978263981318,0.5532676464759422
26107,LOF,0.020741483094323263,0.09686205308829515,0.8823964638173817
26108,LOF,0.28319461789771333,0.04933703690804946,0.6674683451942371
26109,LOF,0.10050746297669551,0.045465422261141385,0.8540271147621632
26110,LOF,0.4730978167743263,0.006514317384621377,0.5203878658410523
26111,LOF,0.04841177471771842,0.13710978903119875,0.814478436251083
26112,LOF,0.05384993929904439,0.008172194385387407,0.9379778663155682
26113,LOF,0.10228759164916318,0.01821014987153962,0.8795022584792972
26114,LOF,0.08689195902264589,0.008953708125858696,0.9041543328514955
26115,LOF,0.013543177835966608,0.05550966640162463,0.9309471557624087
26116,LOF,0.06808907822664038,0.03338518844981596,0.8985257333235436
26117,LOF,0.4162887699987481,0.03309655342422021,0.5506146765770318
26118,LOF,0.047577717987700836,0.015641776869862848,0.9367805051424364
26119,LOF,0.00634585917470061,0.03183749844297092,0.9618166423823286
26120,LOF,0.03846913347176382,0.015748816583264436,0.9457820499449717
