feature0,prediction,LoGoFunc_Neutral,LoGoFunc_GOF,LoGoFunc_LOF
25546,Neutral,0.6475574516883895,0.07082374036602357,0.28161880794558697
25547,LOF,0.4256648014818581,0.1288422931279028,0.4454929053902391
25548,Neutral,0.4561555116335095,0.09670029758643683,0.44714419078005363
25549,LOF,0.38154687847678914,0.09654094865647299,0.5219121728667379
25550,LOF,0.3292079535922668,0.16418618857770786,0.5066058578300254
25551,LOF,0.27488434761774255,0.19068014230095148,0.534435510081306
25552,LOF,0.18528025519100663,0.17952187027310415,0.6351978745358893
25553,Neutral,0.7863880354836571,0.05675885362493001,0.15685311089141285
25554,LOF,0.21885572682718812,0.17427265909020867,0.6068716140826032
25555,LOF,0.18316690556892948,0.15449709471192297,0.6623359997191475
25556,LOF,0.3801686791887394,0.13452185942392197,0.48530946138733866
25557,LOF,0.17791127117013542,0.166580456039257,0.6555082727906075
25558,LOF,0.21585122214799785,0.1731195923057451,0.611029185546257
25559,LOF,0.183373152776064,0.1228227158220561,0.6938041314018799
25560,LOF,0.07350066737196292,0.13479388798722472,0.7917054446408125
25561,LOF,0.13954287382058847,0.13426821830428898,0.7261889078751225
25562,LOF,0.06624484244173598,0.07873073696807333,0.8550244205901908
25563,LOF,0.08626180670122462,0.09576193978210412,0.8179762535166711
25564,LOF,0.20505977517190374,0.1805048609396175,0.6144353638884787
25565,LOF,0.17061100435153606,0.14176766727286844,0.6876213283755955
25566,GOF,0.020136673579612328,0.7583106450543597,0.22155268136602788
25567,LOF,0.020292722093996764,0.18053173720025997,0.7991755407057433
25568,LOF,0.06274882207632154,0.07821103913730838,0.85904013878637
25569,LOF,0.05983753976904087,0.07816669229504385,0.8619957679359153
25570,LOF,0.0323983512296229,0.10820652222641437,0.8593951265439628
25571,LOF,0.03228595300076659,0.10212575423720076,0.8655882927620326
25572,LOF,0.03211736868753471,0.1381239153713732,0.8297587159410921
25573,LOF,0.025872141373988494,0.10897905238277686,0.8651488062432346
25574,LOF,0.017043190096584213,0.1624669035721451,0.8204899063312707
25575,LOF,0.026678822963557572,0.11568860799194818,0.8576325690444943
25576,LOF,0.011644185150464816,0.16426598032436512,0.8240898345251699
25577,LOF,0.01066209099170542,0.12961867877936836,0.8597192302289263
25578,LOF,0.29152751639695945,0.08553255413211873,0.6229399294709218
25579,LOF,0.13424186217322803,0.09237103508947932,0.7733871027372927
25580,LOF,0.02044931705336213,0.08134367361679266,0.8982070093298451
25581,LOF,0.046677291270932876,0.07844543936496368,0.8748772693641034
25582,LOF,0.04642043728547196,0.07693116972680493,0.8766483929877231
25583,LOF,0.02223336872940185,0.09083973929015815,0.8869268919804401
25584,Neutral,0.5499694050314939,0.10205241386519515,0.34797818110331097
25585,LOF,0.012472740000966974,0.15328467378074306,0.83424258621829
25586,LOF,0.019134948411855632,0.07554053889418219,0.9053245126939622
25587,LOF,0.017988974065443728,0.06914419556140752,0.9128668303731488
25588,LOF,0.018926343372865195,0.08282029130965485,0.89825336531748
25589,Neutral,0.6318637857303881,0.139554358650197,0.22858185561941494
25590,LOF,0.02002909247795799,0.12405347601867167,0.8559174315033703
25591,LOF,0.08562859941280364,0.06191903263609296,0.8524523679511034
25592,LOF,0.05167422445130702,0.13543042964587473,0.8128953459028183
25593,LOF,0.02256933569026643,0.23727660840419826,0.7401540559055353
25594,LOF,0.03565072129494809,0.10798448965559566,0.8563647890494562
25595,LOF,0.03534793480105013,0.08051755406090394,0.8841345111380459
25596,LOF,0.05076040197061772,0.06324781689451965,0.8859917811348627
25597,LOF,0.035863672242254584,0.06805508867568688,0.8960812390820584
25598,LOF,0.03296832425107365,0.09155491970529332,0.875476756043633
25599,GOF,0.00874123235021566,0.5908385348691761,0.4004202327806083
25600,GOF,0.028255808192158022,0.6447101155156941,0.327034076292148
25601,LOF,0.011271961376431622,0.44516199270691953,0.5435660459166489
25602,LOF,0.01481735920969017,0.05197540761808379,0.9332072331722261
25603,LOF,0.048601922311283186,0.020630503664294073,0.9307675740244227
25604,LOF,0.016072468091908515,0.06614290601991092,0.9177846258881807
25605,LOF,0.008476909476243332,0.1868688444961489,0.8046542460276078
25606,LOF,0.08574585951690984,0.34272045962596126,0.571533680857129
25607,LOF,0.005048733794417852,0.22794158302647918,0.7670096831791029
25608,LOF,0.013293791099574724,0.1093176877985128,0.8773885211019125
25609,LOF,0.07959463377605437,0.3557783455330913,0.5646270206908544
25610,LOF,0.017706350728769096,0.02494168554998535,0.9573519637212455
25611,LOF,0.016921654689183104,0.027970792319410524,0.9551075529914065
25612,LOF,0.05868496789422263,0.03859797303559602,0.9027170590701813
25613,LOF,0.05033443002701689,0.0376350270311292,0.912030542941854
25614,LOF,0.023779864113558844,0.029160363177295867,0.9470597727091453
25615,LOF,0.016466478818884408,0.037739533291285904,0.9457939878898297
25616,LOF,0.05239547180382707,0.029560560189904984,0.918043968006268
25617,LOF,0.04673617995222543,0.034147354647427894,0.9191164654003466
25618,LOF,0.05856022305238975,0.03461383875717043,0.9068259381904399
25619,LOF,0.01725729336368822,0.03073568255003633,0.9520070240862755
25620,LOF,0.0647148136100402,0.0398022782399882,0.8954829081499717
25621,LOF,0.01759571339492993,0.03856673190556307,0.9438375546995069
25622,LOF,0.022139917039040412,0.03972489933981266,0.9381351836211469
25623,LOF,0.03584220791398092,0.03327561007755208,0.930882182008467
25624,LOF,0.020298392702723333,0.03793875869030949,0.9417628486069672
25625,LOF,0.022671749330723703,0.0501407732387996,0.9271874774304768
25626,LOF,0.05068672381985537,0.03916148815369527,0.9101517880264494
25627,Neutral,0.6007723570706482,0.10784755380022919,0.29138008912912267
25628,LOF,0.20384020283714457,0.056317558829661205,0.7398422383331943
25629,LOF,0.042794294105635906,0.061591801485534343,0.8956139044088298
25630,LOF,0.14394842978113415,0.09296836833637588,0.76308320188249
25631,Neutral,0.5979402656749184,0.06126289411619821,0.34079684020888334
25632,LOF,0.007332907502443047,0.06672095554293463,0.9259461369546222
25633,LOF,0.22103267513679248,0.04336274435541684,0.7356045805077907
25634,LOF,0.028983888018206422,0.09280496256013188,0.8782111494216618
25635,LOF,0.03608474252957775,0.047033316863563976,0.9168819406068582
25636,GOF,0.0050492600369995335,0.5838679130527886,0.4110828269102118
25637,GOF,0.007390120020467239,0.5970790373848816,0.39553084259465127
25638,LOF,0.01002985593846603,0.30326866925720675,0.6867014748043273
25639,LOF,0.004797264196814097,0.4630841795224023,0.5321185562807836
25640,GOF,0.4533634949036414,0.4552889474155036,0.09134755768085506
25641,LOF,0.013492328228668311,0.30879057355474193,0.6777170982165898
25642,LOF,0.25383597948222214,0.059498524471690184,0.6866654960460876
25643,LOF,0.13398165732725803,0.16506120862670895,0.7009571340460329
25644,LOF,0.008612627080596957,0.43684005517856755,0.5545473177408354
25645,LOF,0.007684247366087382,0.39628193691573893,0.5960338157181737
25646,LOF,0.01299626696329686,0.29892402134362933,0.6880797116930738
25647,LOF,0.009652486421205192,0.25382155093919095,0.7365259626396039
25648,LOF,0.00940819052702993,0.24566562051234742,0.7449261889606227
25649,LOF,0.0073270711049763515,0.18966817550193274,0.803004753393091
25650,LOF,0.014051334621726117,0.38105909669774923,0.6048895686805246
25651,LOF,0.005529077741231226,0.2571711093168137,0.737299812941955
25652,LOF,0.00905247797768365,0.24344067300416491,0.7475068490181515
25653,LOF,0.026456616631477803,0.3576717358901709,0.6158716474783512
25654,LOF,0.009508292409251624,0.14002990605690205,0.8504618015338463
25655,LOF,0.05121563269524035,0.4039643232465144,0.5448200440582452
25656,LOF,0.19460232861009077,0.04860046266856388,0.7567972087213454
25657,LOF,0.24415995265458781,0.02873191575532945,0.7271081315900827
25658,LOF,0.08872042104514,0.08063465280322615,0.8306449261516339
25659,LOF,0.4101009998211388,0.06938472320573202,0.5205142769731291
25660,LOF,0.03082053372777389,0.0954289866081849,0.8737504796640412
25661,LOF,0.08996404130445802,0.06429942501981514,0.8457365336757269
25662,LOF,0.03099843946128336,0.04368295406278002,0.9253186064759366
25663,LOF,0.03773527061204482,0.06645718421627528,0.8958075451716799
25664,LOF,0.045144122140982304,0.0809282779710264,0.8739275998879913
25665,LOF,0.05154411540124055,0.036280647939459135,0.9121752366593003
25666,LOF,0.03613131827377989,0.10947902639719807,0.8543896553290221
25667,LOF,0.06412914738043655,0.049548412476500756,0.8863224401430627
25668,LOF,0.03450837771666555,0.05148120682235698,0.9140104154609774
25669,LOF,0.03137615675846484,0.07261683471474124,0.8960070085267938
25670,LOF,0.056601971423569396,0.06252008839736134,0.8808779401790692
25671,LOF,0.09153467851282429,0.04182663472916648,0.8666386867580091
25672,LOF,0.05437685582918231,0.045900729023166345,0.8997224151476514
25673,LOF,0.024952424999149757,0.060364273040783505,0.9146833019600669
25674,LOF,0.020903864596773063,0.0729115644974844,0.9061845709057424
25675,LOF,0.03442278605230664,0.06646715637262313,0.8991100575750703
25676,LOF,0.01894836462926096,0.05917832398881034,0.9218733113819287
25677,LOF,0.028589191837500236,0.06735873053761031,0.9040520776248894
25678,LOF,0.20293538036469935,0.05785530415747258,0.7392093154778281
25679,LOF,0.15990656529577965,0.08365434037090566,0.7564390943333147
25680,LOF,0.04193597731312828,0.10989279317140119,0.8481712295154705
25681,LOF,0.06746351513486071,0.10114374649395642,0.8313927383711828
25682,LOF,0.1364794838597887,0.07962927484201549,0.7838912412981958
25683,LOF,0.07888283608962106,0.12071593061218923,0.8004012332981898
25684,LOF,0.044572831056092,0.07561556942105278,0.8798115995228551
25685,LOF,0.07831510374588087,0.05946642822960849,0.8622184680245106
25686,LOF,0.026488244619106004,0.0832543875424522,0.8902573678384419
25687,LOF,0.05333019135698712,0.07013940133432499,0.8765304073086878
25688,LOF,0.04727191588377957,0.0576930334695674,0.895035050646653
25689,LOF,0.02827720898599431,0.06731191201774214,0.9044108789962635
25690,LOF,0.033575639333081525,0.056670244031432254,0.9097541166354862
25691,LOF,0.26854236214717014,0.07896196924057725,0.6524956686122526
25692,LOF,0.25707211221242654,0.0074950162027466695,0.7354328715848268
25693,LOF,0.07386995907107084,0.26225640160420194,0.6638736393247273
25694,LOF,0.23396630236710153,0.01416351447019277,0.7518701831627057
25695,LOF,0.145799870758363,0.02545471753273077,0.8287454117089063
25696,LOF,0.11185878252431988,0.012697357387817056,0.875443860087863
25697,LOF,0.0965726553392018,0.020883735273592965,0.8825436093872053
25698,LOF,0.04981530353795981,0.46157914947795486,0.4886055469840854
25699,LOF,0.07809424428314414,0.0933426645235362,0.8285630911933196
25700,LOF,0.06070987373676771,0.009632605358912194,0.9296575209043202
25701,LOF,0.017388395102238705,0.07423096159233672,0.9083806433054246
25702,GOF,0.03708656750487678,0.7071925490262181,0.2557208834689051
25703,LOF,0.008426361947592076,0.16777908212141576,0.8237945559309922
25704,LOF,0.057398909504231994,0.14221034836226293,0.8003907421335051
25705,LOF,0.06180027311195282,0.2635337578030668,0.6746659690849804
25706,GOF,0.02599829070690619,0.5109505600214275,0.4630511492716664
25707,LOF,0.019322307021841702,0.47830906341445734,0.502368629563701
25708,LOF,0.00776963090716704,0.4419387880982514,0.5502915809945816
25709,LOF,0.05882808336703127,0.06970803456038313,0.8714638820725856
25710,LOF,0.005348088455842285,0.17695952463386727,0.8176923869102906
25711,LOF,0.01727328391792704,0.15089973395169626,0.8318269821303766
25712,LOF,0.006986565552488794,0.22628222032513406,0.7667312141223771
25713,LOF,0.017768069712378258,0.1312413908067639,0.8509905394808578
25714,LOF,0.061731887935055366,0.15024735449978144,0.7880207575651632
25715,LOF,0.011668853282843,0.1754643234646952,0.8128668232524618
25716,LOF,0.005612679922498197,0.13418466600812867,0.8602026540693731
25717,LOF,0.0057745562134950395,0.11978964445200221,0.8744357993345028
25718,LOF,0.012255596314783748,0.11891229340106459,0.8688321102841517
25719,LOF,0.019240198636537795,0.12333128173163242,0.8574285196318296
25720,LOF,0.019870824618922967,0.11126482644936744,0.8688643489317096
25721,LOF,0.01626574882272261,0.13616416651499957,0.8475700846622778
25722,LOF,0.01394362103977507,0.16218621665761704,0.8238701623026079
25723,LOF,0.01927049724064367,0.09382247855713444,0.8869070242022219
25724,LOF,0.01762057489997513,0.13434993428552117,0.8480294908145036
25725,LOF,0.011780493466395446,0.10396946374873904,0.8842500427848655
25726,LOF,0.014888177221324512,0.14859090187658758,0.836520920902088
25727,LOF,0.012874232675768465,0.11100562904328402,0.8761201382809475
25728,LOF,0.010790224932250061,0.1494910797347316,0.8397186953330184
25729,LOF,0.011363703765531804,0.15137383691798795,0.8372624593164802
25730,LOF,0.016585505326824446,0.11974716282346017,0.8636673318497153
25731,LOF,0.00793463580799099,0.15607205378266187,0.8359933104093471
25732,LOF,0.015474606278868788,0.10467554574310986,0.8798498479780213
25733,LOF,0.01588747198734038,0.10079293440183508,0.8833195936108246
25734,LOF,0.005428119031418732,0.15902352567211106,0.8355483552964702
25735,LOF,0.013914571383104106,0.09797260940792538,0.8881128192089706
25736,LOF,0.01403698856111912,0.13644832828545794,0.8495146831534229
25737,LOF,0.019321081786324308,0.10932871593212061,0.8713502022815551
25738,LOF,0.01354100161940776,0.1589532196372491,0.8275057787433431
25739,LOF,0.019695267131218747,0.13483252150433891,0.8454722113644424
25740,LOF,0.030951452202222073,0.14158147146828146,0.8274670763294965
25741,LOF,0.01486354653365704,0.12573532374328844,0.8594011297230545
25742,LOF,0.09510212068722704,0.1278155312926091,0.7770823480201638
25743,LOF,0.015318518495506115,0.030265826244844984,0.9544156552596488
25744,LOF,0.23521841215707937,0.2805957386806104,0.4841858491623102
25745,LOF,0.0299004671685116,0.039433186248306516,0.9306663465831819
25746,LOF,0.018713048732828263,0.04783802252175138,0.9334489287454203
25747,LOF,0.027899223040741043,0.024218602525751674,0.9478821744335073
25748,LOF,0.12286915326674387,0.038639561926943955,0.8384912848063123
25749,LOF,0.015073170376825484,0.03962715914981827,0.9452996704733562
25750,LOF,0.03669561116198746,0.051770636851498915,0.9115337519865135
25751,LOF,0.11237908169726994,0.04332339735643857,0.8442975209462916
25752,GOF,0.12125414548587456,0.5922786133122653,0.2864672412018602
25753,LOF,0.007598439467979345,0.3083058754849515,0.6840956850470692
25754,GOF,0.004600549224337449,0.7702544700377437,0.22514498073791883
25755,LOF,0.009012445634435217,0.3815109390185077,0.6094766153470571
25756,LOF,0.043880797294025414,0.3884953091397298,0.5676238935662448
25757,GOF,0.005491882613058703,0.8214963606688334,0.17301175671810792
25758,GOF,0.0071611458065591145,0.8286507394682067,0.1641881147252342
25759,GOF,0.004455157866659714,0.5368895979579205,0.45865524417541986
25760,LOF,0.00492054370264207,0.26041536615658606,0.7346640901407719
25761,GOF,0.040154465433824595,0.8197574194612812,0.1400881151048941
25762,LOF,0.030341681336694872,0.2902998071235183,0.6793585115397868
25763,LOF,0.006131344503010094,0.20281389956571755,0.7910547559312724
25764,GOF,0.15169540760938424,0.49245196366611027,0.35585262872450546
25765,GOF,0.01131883654801127,0.7566210432977998,0.23206012015418878
25766,GOF,0.01899184777596279,0.7961868357863132,0.184821316437724
25767,GOF,0.01877333361628504,0.5006998933266035,0.48052677305711144
25768,LOF,0.08029787280437457,0.07712263371480714,0.8425794934808183
25769,LOF,0.08263695608639335,0.05579454232398231,0.8615685015896243
25770,LOF,0.31752571755541453,0.06744847741157567,0.6150258050330099
25771,LOF,0.014695536765563264,0.05196986933708233,0.9333345938973544
25772,LOF,0.020668927490784465,0.02738562669542532,0.9519454458137903
25773,LOF,0.011236883471855315,0.10275884706632477,0.88600426946182
25774,LOF,0.02358064409061728,0.06949627410835915,0.9069230818010235
25775,LOF,0.01490908712141829,0.045483922711514524,0.9396069901670672
25776,LOF,0.08126899444834206,0.021818508992848862,0.8969124965588091
25777,LOF,0.2993223484671313,0.04430557615206965,0.656372075380799
25778,LOF,0.07493994739154486,0.04108927703065864,0.8839707755777966
25779,GOF,0.06610062856526866,0.8713793411225563,0.06252003031217505
25780,GOF,0.06552710071354857,0.8433834578849352,0.09108944140151637
25781,GOF,0.025070591840641313,0.8302806064033825,0.14464880175597633
25782,GOF,0.03284677839659136,0.8644057071675222,0.10274751443588646
25783,GOF,0.012156406060169257,0.6498731003918177,0.3379704935480131
25784,GOF,0.11560159528086611,0.8295891835696285,0.054809221149505205
25785,GOF,0.07676281150951242,0.8674041175270675,0.0558330709634201
25786,GOF,0.005824905044941574,0.810074318638347,0.18410077631671146
25787,GOF,0.20529211811679235,0.7494197895569837,0.045288092326223876
25788,LOF,0.04703930842257062,0.11392266467550903,0.8390380269019203
25789,GOF,0.04276402410200503,0.8118426583348376,0.14539331756315726
25790,GOF,0.043666853962212836,0.8293005436894548,0.12703260234833236
25791,GOF,0.02827172658788642,0.7691859385872218,0.20254233482489173
25792,GOF,0.04585255796490603,0.7722657331479847,0.18188170888710925
25793,GOF,0.08119629176827273,0.7228529798684311,0.19595072836329613
25794,GOF,0.11899178540436968,0.6749655811192216,0.2060426334764087
25795,GOF,0.02512794663957498,0.7442565126486271,0.2306155407117977
25796,GOF,0.13626887116331463,0.7546479432049913,0.10908318563169413
25797,GOF,0.03957365105052602,0.5822699834093256,0.3781563655401484
25798,GOF,0.0031642329330238746,0.5434611165715943,0.4533746504953818
25799,LOF,0.0030454574344829133,0.4201393990799463,0.5768151434855707
25800,GOF,0.011498509574786682,0.6234676516260481,0.3650338387991652
25801,GOF,0.030854879038084426,0.8123740394725494,0.15677108148936614
25802,GOF,0.0190790690354136,0.7176617441282546,0.26325918683633187
25803,GOF,0.009809268457079676,0.6099870814461551,0.38020365009676516
25804,LOF,0.012586890951960826,0.478602423897779,0.5088106851502602
25805,GOF,0.020774201128677852,0.5989367843884272,0.3802890144828949
25806,GOF,0.019968200932272848,0.6383677591823068,0.3416640398854204
25807,GOF,0.00552637912408874,0.6430237999667847,0.35144982090912663
25808,GOF,0.014177824207782986,0.6302432628664113,0.35557891292580573
25809,GOF,0.006096695241382271,0.6264914743458992,0.3674118304127185
25810,GOF,0.005283047110611172,0.6404247093008285,0.3542922435885605
25811,GOF,0.09448789113411372,0.7938385469997109,0.1116735618661753
25812,GOF,0.013500137576702447,0.6188454065614778,0.3676544558618198
25813,GOF,0.11211424504828482,0.7252405735864161,0.16264518136529904
25814,GOF,0.032667958605273835,0.7080080450814232,0.25932399631330294
25815,GOF,0.044963476938206653,0.7150102266480489,0.24002629641374443
25816,GOF,0.007777893715547027,0.7486645541909749,0.24355755209347804
25817,GOF,0.07338327645601447,0.7447219407707006,0.1818947827732849
25818,GOF,0.017404944760883275,0.6918538328561914,0.29074122238292543
25819,GOF,0.07888332336007045,0.7245304634078709,0.19658621323205855
25820,GOF,0.035314511958695644,0.7165166156594355,0.2481688723818688
25821,GOF,0.017771804257480234,0.7077359796603101,0.27449221608220964
25822,GOF,0.040921533285842804,0.7133103153008364,0.24576815141332078
25823,GOF,0.01217031032493862,0.5504461634079234,0.43738352626713806
25824,GOF,0.02587961494879686,0.6663783089663191,0.30774207608488413
25825,GOF,0.013573278898100815,0.6515546322126348,0.33487208888926434
25826,GOF,0.004977993490796312,0.6275573625171605,0.3674646439920431
25827,GOF,0.007018887304787922,0.609753482377226,0.383227630317986
25828,GOF,0.00500173507950887,0.5345880770992593,0.460410187821232
25829,GOF,0.002840646182794073,0.6029540100922143,0.3942053437249916
25830,LOF,0.04008681303332786,0.35070041997070905,0.609212766995963
25831,GOF,0.032752832105063114,0.8137010658714027,0.15354610202353425
25832,GOF,0.007871038472400362,0.7711240218551756,0.22100493967242404
25833,GOF,0.028138832781171713,0.8146535651539601,0.15720760206486833
25834,GOF,0.008540482884595307,0.7814853659298474,0.2099741511855572
25835,GOF,0.01795209150472379,0.8111263010603399,0.17092160743493637
25836,GOF,0.006811228593121145,0.7743215983434886,0.21886717306339037
25837,GOF,0.006619391717329909,0.6670157926919406,0.3263648155907296
25838,GOF,0.02099064140957886,0.840501205331805,0.13850815325861604
25839,GOF,0.045985499169923956,0.7883467706603497,0.16566773016972647
25840,GOF,0.03762618475964273,0.8199088808722105,0.14246493436814675
25841,GOF,0.03459652978916906,0.8372393247002556,0.12816414551057548
25842,GOF,0.023546669843224555,0.8571617381858295,0.11929159197094584
25843,GOF,0.02551517821944233,0.880214865555258,0.09426995622529949
25844,GOF,0.016937201336126667,0.7906655463699027,0.19239725229397053
25845,GOF,0.004874691540597502,0.5681865526310261,0.4269387558283763
25846,GOF,0.02516300882800239,0.8314793657221418,0.14335762544985586
25847,GOF,0.017975493253868276,0.8811828427485575,0.10084166399757417
25848,GOF,0.01276297900982761,0.7699329455575051,0.2173040754326672
25849,GOF,0.0043251358408715425,0.663779022727933,0.33189584143119555
25850,GOF,0.007168310041453318,0.6967587032153775,0.2960729867431692
25851,GOF,0.006250825718227739,0.5707006302469106,0.42304854403486164
25852,GOF,0.15577047423589863,0.5197416946071116,0.32448783115698976
25853,GOF,0.06803603966083309,0.8284845802871608,0.10347938005200628
25854,GOF,0.008885593699351848,0.6533305279496715,0.3377838783509768
25855,GOF,0.015094094222535407,0.5790434902879118,0.40586241548955276
25856,GOF,0.038732050588948956,0.701538679832887,0.25972926957816406
25857,GOF,0.014638851577192523,0.5206150508837617,0.46474609753904567
25858,GOF,0.00753280235360666,0.5411875576364482,0.45127964000994514
25859,GOF,0.0049713102602881665,0.5254630267162276,0.46956566302348424
25860,GOF,0.07080963433127047,0.7837870331798303,0.14540333248889928
25861,GOF,0.10264258899439184,0.7934080468610984,0.1039493641445097
25862,GOF,0.01889916618794129,0.8377352180518924,0.1433656157601664
25863,GOF,0.018560479912980585,0.8634397124869184,0.11799980760010112
25864,GOF,0.04074608193248803,0.8743110881307264,0.08494282993678548
25865,GOF,0.029782658649000367,0.8360688976391073,0.13414844371189247
25866,GOF,0.023979898102991747,0.8399847916027159,0.13603531029429236
25867,GOF,0.025605679945961836,0.8688599944242268,0.10553432562981133
25868,GOF,0.055262135309385375,0.7932674894856176,0.15147037520499695
25869,GOF,0.2875164201810496,0.6042260176739906,0.10825756214495975
25870,GOF,0.18984804529749114,0.5018559439839657,0.3082960107185432
25871,GOF,0.027869859069135947,0.8529434419275863,0.11918669900327761
25872,GOF,0.016071115684947467,0.7683828810064045,0.21554600330864795
25873,GOF,0.018420790483737397,0.8433957319375633,0.1381834775786993
25874,LOF,0.01616411135645191,0.12809946697675384,0.8557364216667942
25875,LOF,0.02537657329472218,0.03651322141284859,0.9381102052924293
25876,LOF,0.014155863186811083,0.029994037639191017,0.9558500991739978
25877,LOF,0.12115344694848659,0.06153433193260643,0.817312221118907
25878,LOF,0.053659318478621286,0.08180559473300976,0.864535086788369
25879,LOF,0.023579091076851338,0.06579093088432403,0.9106299780388246
25880,LOF,0.0417674574771353,0.01126305934287063,0.9469694831799942
25881,Neutral,0.5363477698563263,0.04724690614440782,0.41640532399926605
25882,LOF,0.021559945772399756,0.030773976583454373,0.9476660776441458
25883,LOF,0.06922507422011498,0.022104141352205228,0.9086707844276798
25884,LOF,0.011164375053362945,0.039847860934802214,0.9489877640118348
25885,LOF,0.1735278367151688,0.006804291243597047,0.819667872041234
25886,LOF,0.2930804690739401,0.045791115544383545,0.6611284153816763
25887,LOF,0.1375516603432374,0.0591254869087254,0.8033228527480373
25888,LOF,0.012647549210836382,0.10843461644606628,0.8789178343430974
25889,LOF,0.014007553323639541,0.0315259286829621,0.9544665179933983
25890,LOF,0.10805641744379028,0.08691869986197928,0.8050248826942306
25891,LOF,0.047424495568146936,0.03933937751311481,0.9132361269187382
25892,LOF,0.011011943699168365,0.04779378847308171,0.94119426782775
25893,LOF,0.38876738920037945,0.015550691033538346,0.5956819197660821
25894,LOF,0.4118130268515718,0.007754037577656473,0.5804329355707717
25895,LOF,0.3618657574623466,0.016578747659930865,0.6215554948777225
25896,LOF,0.04145867207786514,0.02714925303873094,0.9313920748834039
25897,LOF,0.1890392695009737,0.014043771466113224,0.796916959032913
25898,LOF,0.2061138078009736,0.038548776840387516,0.755337415358639
25899,LOF,0.18890237273463942,0.028393890448757963,0.7827037368166027
25900,LOF,0.44560529101962143,0.01133083648380466,0.5430638724965741
25901,LOF,0.041152387332897916,0.012273555512870054,0.946574057154232
25902,LOF,0.09984245872544908,0.019169835423324483,0.8809877058512263
25903,LOF,0.36167644411728095,0.04011736051301867,0.5982061953697003
25904,LOF,0.29737608738690247,0.046892090557498885,0.6557318220555985
25905,LOF,0.006659081353071691,0.40525205309046747,0.5880888655564608
25906,LOF,0.00857129012325414,0.12067026740991678,0.8707584424668291
25907,LOF,0.0037957020154711905,0.35596152123623476,0.6402427767482942
25908,LOF,0.003608979672031904,0.2487281807329933,0.7476628395949748
25909,LOF,0.012782929386636901,0.15146456623563107,0.835752504377732
25910,LOF,0.01625440664504913,0.1422106076516621,0.8415349857032889
25911,LOF,0.17556790810461306,0.026997903650997707,0.7974341882443893
25912,LOF,0.07625903630990137,0.04248691002358408,0.8812540536665145
25913,LOF,0.07315606954868589,0.04566443420399654,0.8811794962473175
25914,LOF,0.02140383030499244,0.055766524410042,0.9228296452849656
25915,LOF,0.13222471868721364,0.27165809926336737,0.5961171820494189
25916,LOF,0.01990069487569887,0.18201659316320032,0.7980827119611007
25917,LOF,0.049996096592792555,0.04003161120655669,0.9099722922006508
25918,LOF,0.025458227355472464,0.03171806408261505,0.9428237085619124
25919,LOF,0.021973733876017285,0.03165110999319513,0.9463751561307875
25920,LOF,0.10800363215444432,0.24835770449275868,0.6436386633527971
25921,LOF,0.009853788821256452,0.042023668728174264,0.9481225424505693
25922,LOF,0.013141893121343968,0.0329361350336021,0.953921971845054
25923,Neutral,0.4908446426615527,0.04122206293205428,0.46793329440639303
25924,LOF,0.01679979530695727,0.04799933015706739,0.9352008745359753
25925,LOF,0.07702267046236275,0.04747946455279663,0.8754978649848406
25926,LOF,0.057392689761884295,0.044904647978988695,0.897702662259127
25927,LOF,0.01969255119447306,0.07924562082069174,0.9010618279848351
25928,LOF,0.007657717245610832,0.059401561259192125,0.9329407214951971
25929,Neutral,0.6100741461062575,0.043640653486935146,0.3462852004068072
25930,LOF,0.0664009682067306,0.037886420782678905,0.8957126110105905
25931,LOF,0.009666878696724205,0.0404116460799036,0.9499214752233722
25932,LOF,0.031118301542820852,0.03157873215947554,0.9373029662977036
25933,LOF,0.04107600282675774,0.021142002251938068,0.9377819949213041
25934,LOF,0.0275977260781052,0.022282504150967126,0.9501197697709277
25935,LOF,0.07022841627158871,0.056349413191248685,0.8734221705371625
25936,LOF,0.04709429300361028,0.02652751391501,0.9263781930813797
25937,LOF,0.00909563384966943,0.040669115019114216,0.9502352511312163
25938,LOF,0.06757349169583315,0.06157859794485241,0.8708479103593144
25939,LOF,0.03839202250828245,0.026543358533634737,0.9350646189580829
25940,LOF,0.008266433181019965,0.3085942514411228,0.6831393153778572
25941,Neutral,0.5350560249648978,0.030325521372840294,0.43461845366226204
25942,LOF,0.0046837897253076445,0.04313786708122318,0.9521783431934692
25943,LOF,0.03353769128575917,0.1459348228059117,0.8205274859083291
25944,LOF,0.12269629481893998,0.07805401735062484,0.7992496878304352
25945,LOF,0.055127314584951764,0.01908044258453607,0.9257922428305121
25946,LOF,0.07347966607417455,0.06231736729256564,0.8642029666332598
25947,LOF,0.4446344853271012,0.08086387302728204,0.47450164164561687
25948,LOF,0.3262489564320183,0.008707136534830115,0.6650439070331515
25949,LOF,0.09044691340854652,0.046359161726661234,0.8631939248647922
25950,GOF,0.03808014074015982,0.5880013491284832,0.373918510131357
25951,LOF,0.016465912935126916,0.42156293576884085,0.5619711512960321
25952,LOF,0.24581668105976945,0.3005796229185999,0.45360369602163075
25953,LOF,0.013343084203376505,0.18689526155309025,0.7997616542435332
25954,LOF,0.053845849105299694,0.45537663634939896,0.49077751454530133
25955,LOF,0.010552022774685116,0.17447651882244974,0.8149714584028652
25956,LOF,0.028041853650725704,0.2673754061292517,0.7045827402200227
25957,LOF,0.15863803632274243,0.031336772939471014,0.8100251907377866
25958,LOF,0.05124494353211481,0.029804032527225775,0.9189510239406594
25959,LOF,0.012496525970127797,0.4841938170396362,0.503309656990236
25960,LOF,0.006126517338957566,0.05843613995463961,0.9354373427064028
25961,LOF,0.040521838392996924,0.028379467712556117,0.9310986938944469
25962,LOF,0.03337508431402823,0.08524794318335159,0.8813769725026203
25963,LOF,0.005332491454399566,0.24057714087277293,0.7540903676728276
25964,LOF,0.033303360252242044,0.10321940622405416,0.8634772335237039
25965,LOF,0.3244084909945186,0.14357694093797146,0.53201456806751
25966,Neutral,0.5194440689417185,0.130516214041075,0.35003971701720654
25967,LOF,0.006491242272563763,0.08771731526661554,0.9057914424608207
25968,LOF,0.05098499625594934,0.23331066618152846,0.7157043375625222
25969,LOF,0.12667541393765844,0.06032993238644543,0.8129946536758961
25970,LOF,0.017416646252281155,0.09399196709513102,0.8885913866525879
25971,LOF,0.06565156092932843,0.029057229923717804,0.9052912091469537
25972,LOF,0.06468328596724628,0.03771079812673833,0.8976059159060155
25973,LOF,0.05444391789103891,0.012092732441823463,0.9334633496671376
25974,LOF,0.03133144215176329,0.03856216979536218,0.9301063880528745
25975,LOF,0.04299427211747667,0.02370598790221699,0.9332997399803064
25976,LOF,0.1032992934797456,0.01341753436283656,0.8832831721574179
25977,LOF,0.2036132573594953,0.0528187837724964,0.7435679588680083
25978,LOF,0.140611547366998,0.13425180135505166,0.7251366512779504
25979,LOF,0.12645543970370982,0.13602268432047174,0.7375218759758184
25980,LOF,0.2506669978231457,0.15036284697641894,0.5989701552004353
25981,LOF,0.2756107269347941,0.14611092256777897,0.5782783504974269
25982,LOF,0.4290450725492103,0.10503260813788219,0.4659223193129075
25983,LOF,0.3965376409089222,0.11545263938669281,0.4880097197043849
25984,LOF,0.04359910043153859,0.058152894372017004,0.8982480051964444
25985,LOF,0.4029146966127301,0.11060217831641016,0.48648312507085983
25986,LOF,0.010407513167417396,0.3943414267576602,0.5952510600749225
25987,LOF,0.037424138600605006,0.10076844225866735,0.8618074191407276
25988,LOF,0.16958699796472984,0.09536655927867022,0.7350464427565999
25989,LOF,0.034448013022306524,0.14890675786942054,0.816645229108273
25990,LOF,0.03917452853704926,0.20327448585945893,0.7575509856034919
25991,LOF,0.019644288283530736,0.3276606054118965,0.6526951063045727
25992,LOF,0.023263278447605833,0.33587110063601194,0.6408656209163823
25993,LOF,0.02171314844174405,0.09188330528576559,0.8864035462724903
25994,LOF,0.016293314599339664,0.08559572620165899,0.8981109591990014
25995,LOF,0.0205293345943818,0.18209338944275028,0.797377275962868
25996,Neutral,0.36725297791899586,0.30391608275976734,0.3288309393212367
25997,LOF,0.07181165759408223,0.35931174971311225,0.5688765926928055
25998,LOF,0.2686026512932236,0.04888202680430161,0.6825153219024749
25999,LOF,0.016526799536671757,0.23952871148531568,0.7439444889780126
26000,LOF,0.13288182972967708,0.03215785572018676,0.8349603145501362
26001,LOF,0.3090268577054935,0.025007492764223475,0.665965649530283
26002,LOF,0.07386707595642099,0.05013786013414364,0.8759950639094354
26003,GOF,0.004052320729854153,0.5880552390286241,0.4078924402415217
26004,GOF,0.006161165135374867,0.685756558596367,0.30808227626825824
26005,LOF,0.0031362095535151925,0.4905252334285846,0.5063385570179002
26006,GOF,0.07551524049403455,0.5545612564011534,0.36992350310481215
26007,GOF,0.00683259629450762,0.5537432098264258,0.4394241938790666
26008,GOF,0.005798960045359052,0.6574551755878633,0.3367458643667777
26009,GOF,0.006172600744138897,0.6604082879561173,0.3334191112997438
26010,GOF,0.006773173994527064,0.6873299832454791,0.3058968427599939
26011,LOF,0.0027197744849827006,0.4935665167915431,0.5037137087234741
26012,GOF,0.004179218527576318,0.5578632393391388,0.4379575421332848
26013,GOF,0.004855888683488347,0.6289068467936493,0.3662372645228623
26014,LOF,0.047005009866276794,0.10487551280307919,0.848119477330644
26015,LOF,0.14296256868506077,0.023070669959226305,0.8339667613557129
26016,LOF,0.28410112884261846,0.048795808273138966,0.6671030628842426
26017,LOF,0.025400696947753217,0.22498842410386913,0.7496108789483775
26018,LOF,0.06952868897280955,0.043892968994600254,0.8865783420325902
26019,LOF,0.06731132403228295,0.03574583490687906,0.896942841060838
26020,LOF,0.008136661219732007,0.22741606135130615,0.7644472774289618
26021,LOF,0.06678621318648773,0.0817916020613164,0.8514221847521959
26022,LOF,0.026719953462403738,0.02936995168429282,0.9439100948533035
26023,LOF,0.044591678160666254,0.027353564420090504,0.9280547574192433
26024,LOF,0.04252415503908633,0.0855229186906629,0.8719529262702508
26025,LOF,0.05822893236452412,0.08407078955927122,0.8577002780762047
26026,LOF,0.12670872687156648,0.06520964420494262,0.808081628923491
26027,LOF,0.05586504314547717,0.022192572940524926,0.9219423839139979
26028,LOF,0.0818312242788495,0.11944165766558781,0.7987271180555627
26029,LOF,0.026766346718747707,0.19782550573328134,0.7754081475479708
26030,LOF,0.137956904102001,0.029849962610855665,0.8321931332871434
26031,LOF,0.013741648573324284,0.15311941523628372,0.833138936190392
26032,LOF,0.07942524043548806,0.06427234125118213,0.8563024183133299
26033,LOF,0.08267722155568186,0.061423897883178,0.85589888056114
26034,LOF,0.014519428596484866,0.17076455815984726,0.8147160132436678
26035,LOF,0.013242869595980776,0.13702454126047137,0.8497325891435479
26036,LOF,0.016393876378202634,0.17558274180265862,0.8080233818191387
26037,LOF,0.011309648379423467,0.11793258062342017,0.8707577709971563
26038,LOF,0.06825698116785628,0.05911730939341747,0.8726257094387263
26039,LOF,0.023344966756026226,0.16101724280727292,0.8156377904367008
26040,LOF,0.11353409201241847,0.1478783477253915,0.7385875602621902
26041,LOF,0.013116313651421765,0.10690629364281944,0.8799773927057588
26042,LOF,0.011766986997025669,0.10633765680823509,0.8818953561947394
26043,LOF,0.06754269455418872,0.07984549896341796,0.8526118064823933
26044,LOF,0.01270627735993514,0.06908691256377064,0.9182068100762941
26045,LOF,0.050896642624998795,0.10701001256013581,0.8420933448148653
26046,LOF,0.06111437081855783,0.06353041416118921,0.8753552150202529
26047,LOF,0.10680179704048791,0.06502785683799643,0.8281703461215157
26048,LOF,0.047339820487905596,0.048305283127461296,0.9043548963846332
26049,Neutral,0.9655736433437558,0.0064061269789703655,0.02802022967727372
26050,Neutral,0.9523961748587346,0.00830981114640328,0.03929401399486199
26051,LOF,0.014416250545779863,0.17465457631930767,0.8109291731349124
26052,LOF,0.02095659551393457,0.2118129529742548,0.7672304515118107
26053,LOF,0.022729023771041617,0.14313135703214633,0.8341396191968121
26054,LOF,0.049450498872406844,0.01725020810398479,0.9332992930236085
26055,LOF,0.058915561237501135,0.01481664207214142,0.9262677966903574
26056,LOF,0.05043031889163969,0.017717039779249415,0.9318526413291108
26057,LOF,0.03044380065703369,0.011122790219344446,0.9584334091236218
26058,LOF,0.031231941654502295,0.009846862657422437,0.9589211956880752
26059,LOF,0.2830257091360893,0.019689946420502775,0.6972843444434079
26060,LOF,0.009249718780338733,0.12355192308553271,0.8671983581341286
26061,LOF,0.005176973043172867,0.013712989057893728,0.9811100378989335
26062,LOF,0.00403276220376954,0.018624371966147232,0.9773428658300831
26063,LOF,0.021219667299908155,0.009400499763274105,0.9693798329368176
26064,LOF,0.006472379691903112,0.02020143172206307,0.9733261885860338
26065,LOF,0.02263866825918646,0.010985234546181376,0.9663760971946321
26066,LOF,0.020625155852315127,0.010254497084669018,0.9691203470630159
26067,LOF,0.02848893285962035,0.008058342251802264,0.9634527248885774
26068,LOF,0.04177694050371624,0.030122513423430076,0.9281005460728537
26069,LOF,0.2487486333721096,0.018810052836050802,0.7324413137918395
26070,LOF,0.4108705801046395,0.01241250368965341,0.5767169162057071
26071,LOF,0.020664791652144063,0.01067416422760235,0.9686610441202536
26072,LOF,0.005438024299865372,0.022225673217787137,0.9723363024823475
26073,LOF,0.018321357621775124,0.013446147543173541,0.9682324948350515
26074,Neutral,0.9072250191595775,0.006147541491193006,0.0866274393492295
26075,LOF,0.039844459438380476,0.016040808150886838,0.9441147324107327
26076,LOF,0.03931321034825228,0.008411136462713924,0.9522756531890338
26077,LOF,0.10824218743714979,0.008583779945595046,0.8831740326172551
26078,LOF,0.0055311035694787306,0.013088610867759724,0.9813802855627616
26079,LOF,0.052932647161145235,0.017080135392516897,0.9299872174463378
26080,LOF,0.0516489252240368,0.017116903275791594,0.9312341715001716
26081,LOF,0.028108825618941412,0.00716513103012382,0.9647260433509347
26082,LOF,0.00455037847898701,0.015514895556811471,0.9799347259642015
26083,LOF,0.13385787018868975,0.014537292953918679,0.8516048368573916
26084,LOF,0.03387613064912999,0.01235842053817043,0.9537654488126996
26085,LOF,0.030265326172010453,0.011091729915361632,0.9586429439126279
26086,LOF,0.019083918659563704,0.010984631228419866,0.9699314501120164
26087,LOF,0.020351894310914703,0.00897081576857118,0.9706772899205142
26088,LOF,0.005458215345672699,0.02264929564032507,0.9718924890140022
26089,LOF,0.03987492891891015,0.022739209348718002,0.9373858617323718
26090,LOF,0.03891556648517515,0.01813917037190339,0.9429452631429215
26091,LOF,0.027887113167635303,0.006623730403354278,0.9654891564290103
26092,LOF,0.019955779125762872,0.007672291800178155,0.972371929074059
26093,LOF,0.038013387125547145,0.005963554573644151,0.9560230583008086
26094,LOF,0.027806806562293455,0.006617506390888533,0.965575687046818
26095,LOF,0.015379445038354388,0.01808647684789679,0.9665340781137488
26096,LOF,0.15031278342375337,0.005747386136739887,0.8439398304395067
26097,LOF,0.004731169366357277,0.03743288226328198,0.9578359483703608
26098,LOF,0.06499918611482348,0.013411358689367122,0.9215894551958095
26099,LOF,0.018954226510073845,0.012783890929238357,0.9682618825606877
26100,LOF,0.0215520414946038,0.012284719460089995,0.9661632390453061
26101,LOF,0.045887462057441444,0.019286111948806625,0.9348264259937519
26102,LOF,0.019998106795057265,0.013656365775282448,0.9663455274296602
26103,Neutral,0.8647610540435068,0.018749579606046902,0.11648936635044622
26104,LOF,0.06396789841963814,0.023012903381823394,0.9130191981985384
26105,LOF,0.21961150674548574,0.15970217263039505,0.6206863206241192
26106,LOF,0.3428580622490838,0.1277328208207225,0.5294091169301938
26107,LOF,0.022212409365446592,0.1070090140405512,0.8707785765940023
26108,LOF,0.34522217896009244,0.04139993572380463,0.613377885316103
26109,LOF,0.03294192316608407,0.06197581843402424,0.9050822583998916
26110,LOF,0.211455255540464,0.005919609528251464,0.7826251349312845
26111,LOF,0.07307755580127896,0.07012966591067388,0.8567927782880472
26112,LOF,0.034435242620395615,0.0067166718440613855,0.9588480855355429
26113,LOF,0.06539819954310291,0.013388753054454293,0.9212130474024428
26114,LOF,0.06593229591399005,0.014466706446010348,0.9196009976399996
26115,LOF,0.01586635277827722,0.08404733893798245,0.9000863082837404
26116,LOF,0.0874448486429072,0.04542116515905817,0.8671339861980347
26117,LOF,0.41784985614403386,0.043843568853481014,0.5383065750024851
26118,LOF,0.03409447432198723,0.022980199075386436,0.9429253266026263
26119,LOF,0.0044118654073256195,0.04804181772585386,0.9475463168668206
26120,LOF,0.02477506470203994,0.018419563101041255,0.9568053721969189
