feature0,prediction,LoGoFunc_Neutral,LoGoFunc_GOF,LoGoFunc_LOF
25546,Neutral,0.6696236655069508,0.054780225990978836,0.2755961085020703
25547,Neutral,0.46257156565079915,0.1155582167918322,0.42187021755736864
25548,Neutral,0.4773810602649349,0.0917544132280954,0.4308645265069697
25549,LOF,0.41148856021953495,0.0874862925545654,0.5010251472258996
25550,LOF,0.3667672821952182,0.1504768455033823,0.48275587230139944
25551,LOF,0.26091073982174273,0.17265712657920554,0.5664321335990518
25552,LOF,0.19214174690190372,0.15945135964569412,0.6484068934524021
25553,Neutral,0.8058053236787401,0.040991481945231674,0.1532031943760283
25554,LOF,0.2234093531192236,0.1542316553302336,0.6223589915505428
25555,LOF,0.18686632153878,0.13597692969936803,0.677156748761852
25556,LOF,0.39569310613283387,0.13452050211872604,0.4697863917484401
25557,LOF,0.17411288358010218,0.14180577017607543,0.6840813462438224
25558,LOF,0.2113617546888185,0.15364033475346553,0.6349979105577159
25559,LOF,0.196872578952827,0.14476144896262438,0.6583659720845486
25560,LOF,0.07267596930827228,0.1327843009602782,0.7945397297314495
25561,LOF,0.14720237162149438,0.12757637035623748,0.7252212580222681
25562,LOF,0.07117440515370531,0.10386996327165092,0.8249556315746438
25563,LOF,0.10383974363381232,0.09002029892015702,0.8061399574460307
25564,LOF,0.20511524306229345,0.16451593710267204,0.6303688198350345
25565,LOF,0.1499481370183706,0.1625783427395294,0.6874735202421001
25566,GOF,0.01744407988368546,0.7923636706131764,0.19019224950313807
25567,LOF,0.019529908175632164,0.21349911338196542,0.7669709784424025
25568,LOF,0.05170608381363672,0.0935742634660222,0.8547196527203411
25569,LOF,0.05275007626067468,0.09195488633565307,0.8552950374036722
25570,LOF,0.030781360872741345,0.1382001069702407,0.831018532157018
25571,LOF,0.03090022750814808,0.1324730142764778,0.8366267582153741
25572,LOF,0.031901368681937076,0.15394782786811997,0.814150803449943
25573,LOF,0.025055145422920602,0.12705171887613578,0.8478931357009436
25574,LOF,0.01869275637123588,0.19469894348898023,0.7866083001397839
25575,LOF,0.025277016609907863,0.14824789876578148,0.8264750846243106
25576,LOF,0.01263034818667001,0.18218109762222107,0.805188554191109
25577,LOF,0.01089738846118611,0.15467683286469594,0.8344257786741179
25578,LOF,0.25797859258182093,0.1226820179277134,0.6193393894904656
25579,LOF,0.16023767843043005,0.13272302755031806,0.7070392940192519
25580,LOF,0.01819572232914168,0.11113679685655387,0.8706674808143046
25581,LOF,0.04099230128125106,0.09457241290226891,0.86443528581648
25582,LOF,0.04094755543797779,0.09268721371274306,0.8663652308492791
25583,LOF,0.020403511959578985,0.12715538785610936,0.8524411001843117
25584,Neutral,0.5192045833849044,0.13950416592926154,0.3412912506858341
25585,LOF,0.013521827857246671,0.16881196614790628,0.8176662059948471
25586,LOF,0.01595219377029753,0.10559352857423353,0.8784542776554689
25587,LOF,0.01635227690166588,0.09703806254281526,0.8866096605555189
25588,LOF,0.016530989388572462,0.11727845919993315,0.8661905514114944
25589,Neutral,0.5818140734226307,0.16087279948569516,0.25731312709167414
25590,LOF,0.01937076765572308,0.14594676418146849,0.8346824681628084
25591,LOF,0.07699303547907195,0.07645654370784498,0.8465504208130831
25592,LOF,0.0424916594502898,0.1673874706384891,0.7901208699112211
25593,LOF,0.02107647612292806,0.29486843086498726,0.6840550930120847
25594,LOF,0.038779560799402056,0.11921840804236443,0.8420020311582335
25595,LOF,0.046084805151738295,0.08449106987204234,0.8694241249762193
25596,LOF,0.05706578010790023,0.06959718526306727,0.8733370346290324
25597,LOF,0.037354035481333446,0.0746612851755742,0.8879846793430924
25598,LOF,0.03569884999869325,0.10898386229717667,0.8553172877041302
25599,GOF,0.007805504731062601,0.5716076421633509,0.42058685310558647
25600,GOF,0.028477256634255408,0.5772761873689048,0.3942465559968397
25601,LOF,0.015218616433080347,0.42212290018485216,0.5626584833820675
25602,LOF,0.01652814860247649,0.04903225411587857,0.9344395972816449
25603,LOF,0.05495611900356921,0.018242038363548353,0.9268018426328825
25604,LOF,0.016768673207719575,0.0750233987946635,0.9082079279976168
25605,LOF,0.008419119734851687,0.20438670238165038,0.7871941778834979
25606,LOF,0.1362911731366349,0.3551211051463442,0.5085877217170208
25607,LOF,0.005873159755498907,0.2202535621896552,0.773873278054846
25608,LOF,0.012245661690030036,0.10424853903246635,0.8835057992775037
25609,LOF,0.07692156081820584,0.3900595925135896,0.5330188466682046
25610,LOF,0.019392664007885328,0.02715322303497016,0.9534541129571446
25611,LOF,0.020716917784421005,0.026829080438159517,0.9524540017774195
25612,LOF,0.0677036775265282,0.03871775277589373,0.893578569697578
25613,LOF,0.05355336673178346,0.03864486345423314,0.9078017698139834
25614,LOF,0.025184016691962265,0.03040213799942023,0.9444138453086175
25615,LOF,0.019946603605684798,0.036805322419630075,0.9432480739746852
25616,LOF,0.06274067637576364,0.029325214310578097,0.9079341093136583
25617,LOF,0.05827670105485966,0.033013375072077175,0.9087099238730632
25618,LOF,0.0757115939902546,0.03471863519077565,0.8895697708189698
25619,LOF,0.018995892910829735,0.03222398207986636,0.9487801250093039
25620,LOF,0.06966717438054126,0.036284402482324965,0.8940484231371337
25621,LOF,0.01836266886379706,0.038339532946714286,0.9432977981894886
25622,LOF,0.023684643109145944,0.03395159910561642,0.9423637577852375
25623,LOF,0.03979317502061336,0.025369661291011626,0.934837163688375
25624,LOF,0.021449060166483624,0.03885041040120328,0.9397005294323131
25625,LOF,0.025282284809225102,0.04709004745160936,0.9276276677391655
25626,LOF,0.05733073194801446,0.031905735163478804,0.9107635328885068
25627,Neutral,0.5599081716713773,0.12789114322098036,0.31220068510764243
25628,LOF,0.19028536980253014,0.06081550547493335,0.7488991247225365
25629,LOF,0.04357708040879423,0.058703359817070866,0.8977195597741349
25630,LOF,0.14342488190536812,0.09689847924046742,0.7596766388541645
25631,Neutral,0.5974539724599042,0.0643806286065504,0.3381653989335454
25632,LOF,0.007799015462715936,0.080120440821772,0.912080543715512
25633,LOF,0.2613605217663134,0.06709107749461053,0.671548400739076
25634,LOF,0.02994993168429033,0.11299665955993266,0.8570534087557771
25635,LOF,0.03058940985534777,0.0776406537471975,0.8917699363974547
25636,GOF,0.005389114497812946,0.5437193147458981,0.45089157075628894
25637,GOF,0.0075143223208587245,0.5748515608628176,0.4176341168163236
25638,LOF,0.011097023707296044,0.2754168129898528,0.7134861633028511
25639,LOF,0.006088635734470133,0.4514464423883416,0.5424649218771882
25640,Neutral,0.47418335339187934,0.4315274067975533,0.09428923981056737
25641,LOF,0.012722681704332802,0.32772210471329827,0.6595552135823689
25642,LOF,0.24676492168989506,0.07327247949684022,0.6799625988132647
25643,LOF,0.1336036753541156,0.19640996859719004,0.6699863560486944
25644,GOF,0.011217298640127181,0.5116286481776761,0.4771540531821967
25645,LOF,0.008758745614250238,0.4579528471672564,0.5332884072184932
25646,LOF,0.014098552394015022,0.33564893318667743,0.6502525144193074
25647,LOF,0.01125935927418162,0.29126497721658545,0.697475663509233
25648,LOF,0.009616887732568549,0.281991122328138,0.7083919899392934
25649,LOF,0.008540871381599603,0.21182768306923588,0.7796314455491645
25650,LOF,0.01598844019320267,0.4382260149783894,0.5457855448284079
25651,LOF,0.0067132148724725026,0.3167342922524042,0.6765524928751234
25652,LOF,0.010356864967597051,0.2842793964268405,0.7053637386055625
25653,LOF,0.03140359992945127,0.4304765275965863,0.5381198724739625
25654,LOF,0.011667794607297553,0.1827140484091508,0.8056181569835517
25655,LOF,0.052310129976046574,0.4533429333673725,0.49434693665658086
25656,LOF,0.18540802515686758,0.048427480732631076,0.7661644941105014
25657,LOF,0.2556487517245679,0.027905381491906824,0.7164458667835253
25658,LOF,0.06524838644171616,0.07440861445622998,0.8603429991020539
25659,LOF,0.3793197822299301,0.06614803730528436,0.5545321804647855
25660,LOF,0.034902414938553734,0.10156205593193776,0.8635355291295085
25661,LOF,0.0973902118716768,0.06373167130657827,0.838878116821745
25662,LOF,0.026097518868457414,0.0496832891084239,0.9242191920231188
25663,LOF,0.03513121250217574,0.06844967170162797,0.8964191157961963
25664,LOF,0.03353704377563361,0.07847003578950221,0.8879929204348642
25665,LOF,0.05110704898391562,0.038722194644988626,0.9101707563710958
25666,LOF,0.03997190780291758,0.10655818746568392,0.8534699047313984
25667,LOF,0.07428230901911409,0.05239832147564091,0.873319369505245
25668,LOF,0.02796226724431254,0.0567755341273646,0.9152621986283229
25669,LOF,0.029818357612518165,0.08044843828564954,0.8897332041018323
25670,LOF,0.05167029225921794,0.06778602253474347,0.8805436852060387
25671,LOF,0.09092325284336594,0.045916890932186614,0.8631598562244475
25672,LOF,0.049335781967164746,0.05244605376128838,0.8982181642715469
25673,LOF,0.02690538730418307,0.0679718190028471,0.9051227936929699
25674,LOF,0.020766966840282505,0.08128582441605768,0.8979472087436599
25675,LOF,0.03295893165741153,0.07890749230053765,0.8881335760420508
25676,LOF,0.021146138458169223,0.07020298251461819,0.9086508790272126
25677,LOF,0.030081625703919413,0.08081224633482906,0.8891061279612514
25678,LOF,0.18707525828831997,0.0556855323485804,0.7572392093630995
25679,LOF,0.15245191875726505,0.07799792031974437,0.7695501609229907
25680,LOF,0.038782023802635554,0.1178907962199187,0.8433271799774457
25681,LOF,0.06555417556761325,0.11077435056801425,0.8236714738643724
25682,LOF,0.12167035096247607,0.07902153453849177,0.799308114499032
25683,LOF,0.08405085536119594,0.10724821066294553,0.8087009339758584
25684,LOF,0.04429670229783834,0.08224451762725113,0.8734587800749105
25685,LOF,0.08064221324827239,0.07018274371904726,0.8491750430326803
25686,LOF,0.02972851942653162,0.09436744739624249,0.8759040331772259
25687,LOF,0.05064427376272752,0.07850267988598608,0.8708530463512865
25688,LOF,0.04357557519113029,0.05008076273289989,0.9063436620759697
25689,LOF,0.029400679874619275,0.05683380471941743,0.9137655154059633
25690,LOF,0.0325259501715037,0.053003836390912246,0.9144702134375841
25691,LOF,0.2659300826690135,0.06200254822494282,0.6720673691060437
25692,LOF,0.24781804640105995,0.007453902269903365,0.7447280513290366
25693,LOF,0.08434322453258296,0.18510560746878765,0.7305511679986295
25694,LOF,0.24992016311650314,0.013480054499784556,0.7365997823837123
25695,LOF,0.16693711800664568,0.02803209678904574,0.8050307852043085
25696,LOF,0.1084485336625371,0.013165494233111627,0.8783859721043512
25697,LOF,0.09211502798130324,0.027941423379718066,0.8799435486389786
25698,GOF,0.04431016571597491,0.48334169440213104,0.47234813988189406
25699,LOF,0.06285206892871396,0.09473848657128157,0.8424094445000044
25700,LOF,0.06359546980300292,0.009164993343482745,0.9272395368535143
25701,LOF,0.01681684491192501,0.08419459304454442,0.8989885620435306
25702,GOF,0.03224992597027424,0.706713983044081,0.26103609098564484
25703,LOF,0.00885433683358631,0.17396660011422524,0.8171790630521883
25704,LOF,0.04626424307158354,0.16560816705329537,0.7881275898751212
25705,LOF,0.06434685730347128,0.20406019033547185,0.7315929523610568
25706,GOF,0.04193444566624983,0.5277709359232388,0.4302946184105115
25707,LOF,0.02508612147057483,0.4785180472357531,0.4963958312936721
25708,LOF,0.008517333617992942,0.39660267941832567,0.5948799869636814
25709,LOF,0.06151646647642631,0.06036539152834707,0.8781181419952266
25710,LOF,0.0054425815941409805,0.1719871832262968,0.8225702351795623
25711,LOF,0.020972811462482754,0.11769741049797026,0.861329778039547
25712,LOF,0.007574348804237709,0.17928157543778586,0.8131440757579765
25713,LOF,0.018803739732656602,0.09820457137971655,0.8829916888876269
25714,LOF,0.07466306408516754,0.12726814978654022,0.7980687861282922
25715,LOF,0.013460579404350421,0.13132182993938138,0.8552175906562681
25716,LOF,0.006236981992074046,0.10738044474067876,0.8863825732672473
25717,LOF,0.005365480119423884,0.10280097595895066,0.8918335439216255
25718,LOF,0.014007661887150028,0.08382361184080653,0.9021687262720435
25719,LOF,0.024572550619441164,0.08993627135570645,0.8854911780248523
25720,LOF,0.02429800011569231,0.07963481751133152,0.8960671823729761
25721,LOF,0.016718552255141596,0.10306474094215437,0.880216706802704
25722,LOF,0.013671052310487711,0.13003271979696182,0.8562962278925504
25723,LOF,0.020942579910493808,0.07051533329355926,0.9085420867959468
25724,LOF,0.022150509674130753,0.11009114896526619,0.867758341360603
25725,LOF,0.014439163576116729,0.07664716337238088,0.9089136730515024
25726,LOF,0.012247592321926123,0.11092280435320703,0.8768296033248668
25727,LOF,0.015430099911036542,0.09238413664739895,0.8921857634415644
25728,LOF,0.012714329915269648,0.11579529686099722,0.8714903732237331
25729,LOF,0.01329913685082831,0.11993344743638941,0.8667674157127823
25730,LOF,0.01387405064684417,0.09876178052602692,0.887364168827129
25731,LOF,0.00769384905528212,0.13910963830159062,0.8531965126431272
25732,LOF,0.013673196156450065,0.09868354243529423,0.8876432614082557
25733,LOF,0.01822534478234101,0.08088978283332732,0.9008848723843316
25734,LOF,0.005217998552207975,0.14483490714078306,0.8499470943070091
25735,LOF,0.016518279493393618,0.08130221296915267,0.9021795075374538
25736,LOF,0.015396479978597622,0.12313775656305785,0.8614657634583445
25737,LOF,0.023146568836009743,0.09682941040861855,0.8800240207553717
25738,LOF,0.01476187343830716,0.14511790885077774,0.8401202177109152
25739,LOF,0.02350411454747159,0.12050420231150534,0.855991683141023
25740,LOF,0.03476691919618214,0.12982192674320897,0.8354111540606088
25741,LOF,0.01836231774374979,0.10849513936268418,0.8731425428935661
25742,LOF,0.12374113444556883,0.09839965600087273,0.7778592095535585
25743,LOF,0.015530286870943258,0.03987514562539165,0.9445945675036652
25744,LOF,0.2020611284523732,0.350320574200118,0.4476182973475089
25745,LOF,0.025120768243667352,0.047239535361606896,0.9276396963947258
25746,LOF,0.015413437394774288,0.06121501370263108,0.9233715489025945
25747,LOF,0.027955688152840465,0.034795460540336276,0.9372488513068232
25748,LOF,0.14795149599080012,0.06273414275059833,0.7893143612586015
25749,LOF,0.015376668537108685,0.03999398866556606,0.9446293427973252
25750,LOF,0.031052811399850194,0.060992130118058895,0.9079550584820909
25751,LOF,0.11149601111955215,0.05831126098267424,0.8301927278977737
25752,GOF,0.10816449522424433,0.6400684943412492,0.25176701043450633
25753,LOF,0.007149622409421171,0.39084482183907776,0.6020055557515009
25754,GOF,0.0049175034275300376,0.8388707459706944,0.15621175060177553
25755,LOF,0.009643763218665238,0.42754784861592365,0.5628083881654112
25756,LOF,0.04321664988940833,0.4221068048895869,0.5346765452210048
25757,GOF,0.005770477830765701,0.8631192264975697,0.1311102956716647
25758,GOF,0.0058673091323756055,0.8589990488369305,0.135133642030694
25759,GOF,0.004325769302969337,0.5445156303516794,0.4511586003453513
25760,LOF,0.004339279814817291,0.30822675547148637,0.6874339647136963
25761,GOF,0.040483097989189414,0.8292343654534675,0.130282536557343
25762,LOF,0.02894475466738246,0.3434505356399122,0.6276047096927053
25763,LOF,0.005356072105338683,0.2359825742284149,0.7586613536662464
25764,GOF,0.13689136562587326,0.5177993184957717,0.34530931587835506
25765,GOF,0.010929839909296088,0.7781522180037186,0.2109179420869853
25766,GOF,0.01709722367898121,0.8211443306070229,0.1617584457139958
25767,LOF,0.021384121361896376,0.4873782827467945,0.4912375958913092
25768,LOF,0.07923149003330476,0.06986603146179292,0.8509024785049022
25769,LOF,0.08086323724491855,0.05305957540627127,0.8660771873488102
25770,LOF,0.2357771084678269,0.0580917425833097,0.7061311489488634
25771,LOF,0.011342768251248721,0.059305048210743755,0.9293521835380075
25772,LOF,0.01635220184621262,0.025597001298675214,0.9580507968551121
25773,LOF,0.0097351094578696,0.09174180170131044,0.8985230888408199
25774,LOF,0.0236586969039634,0.06651158072526137,0.9098297223707752
25775,LOF,0.013923439028419927,0.04383573827726771,0.9422408226943123
25776,LOF,0.08656669074566936,0.02029295396630035,0.8931403552880304
25777,LOF,0.26826251917352717,0.04308476390306026,0.6886527169234127
25778,LOF,0.06877068159411796,0.03825126176734485,0.8929780566385372
25779,GOF,0.05184956894912462,0.8803463554663074,0.067804075584568
25780,GOF,0.0539939303938731,0.8507631339672468,0.09524293563888007
25781,GOF,0.021192158733822467,0.8376035015927823,0.14120433967339532
25782,GOF,0.025207999635301785,0.8841368422084303,0.09065515815626803
25783,GOF,0.01307177895572047,0.6865100383885653,0.30041818265571424
25784,GOF,0.11243526809014752,0.8284565104898176,0.059108221420034746
25785,GOF,0.07425181968067923,0.8735669419908487,0.052181238328472074
25786,GOF,0.004498466024223634,0.8088757864043316,0.18662574757144493
25787,GOF,0.17888553490286804,0.7817604876712149,0.03935397742591705
25788,LOF,0.046223739027727806,0.15130676911920812,0.8024694918530642
25789,GOF,0.02809272995175715,0.8240480852568389,0.1478591847914039
25790,GOF,0.03598216596010644,0.8657116192300609,0.09830621480983254
25791,GOF,0.022472312201944157,0.8091681053390944,0.16835958245896146
25792,GOF,0.03816078604804974,0.8174142027480594,0.14442501120389087
25793,GOF,0.09607999119702064,0.8064628912856319,0.09745711751734747
25794,GOF,0.0841240712670716,0.7252509246910225,0.1906250040419058
25795,GOF,0.02371621095884773,0.7527363371734908,0.2235474518676614
25796,GOF,0.11862913718570171,0.7622978509296806,0.11907301188461775
25797,GOF,0.027834443221081927,0.6066600401138372,0.3655055166650809
25798,GOF,0.0028766477002059045,0.575057680496114,0.42206567180368
25799,LOF,0.0026430187840105913,0.4659562604071883,0.5314007208088011
25800,GOF,0.008701693701870065,0.6461815977056244,0.3451167085925055
25801,GOF,0.023467250735027145,0.8258993581818515,0.1506333910831214
25802,GOF,0.014877395041908636,0.7369633387551415,0.2481592662029499
25803,GOF,0.008447775193382355,0.6361105828756813,0.3554416419309362
25804,GOF,0.009214838388089498,0.5312810598225464,0.45950410178936407
25805,GOF,0.015656205343635207,0.6427150821256747,0.34162871253069
25806,GOF,0.014717620063616016,0.6795232541619104,0.3057591257744736
25807,GOF,0.004381855501462864,0.6482050458395686,0.3474130986589686
25808,GOF,0.010778332824431703,0.6611335400607393,0.3280881271148291
25809,GOF,0.005035283061085651,0.6376345118513324,0.357330205087582
25810,GOF,0.004381361668814814,0.6464839386924831,0.349134699638702
25811,GOF,0.07820670430340193,0.8208103461110476,0.10098294958555046
25812,GOF,0.01208640482729197,0.6635245396867456,0.32438905548596236
25813,GOF,0.09353017339388514,0.7710311785714049,0.1354386480347099
25814,GOF,0.021012427796813286,0.712247561770062,0.2667400104331248
25815,GOF,0.035597208793649845,0.7485700118771398,0.21583277932921027
25816,GOF,0.007234989396129484,0.8085735500864929,0.1841914605173777
25817,GOF,0.0617983186418054,0.7620448125274032,0.1761568688307914
25818,GOF,0.019879840602007343,0.7632972618392189,0.21682289755877385
25819,GOF,0.0668821424267838,0.7468592915696853,0.18625856600353086
25820,GOF,0.027164024492868956,0.7383303898660866,0.2345055856410445
25821,GOF,0.015544057150550527,0.7180144752369365,0.266441467612513
25822,GOF,0.0335537207609652,0.7483489839820276,0.21809729525700708
25823,GOF,0.011010068293619396,0.5931365152434069,0.3958534164629735
25824,GOF,0.020754556694967206,0.72794318729589,0.2513022560091427
25825,GOF,0.011275838456181703,0.6976105959258696,0.29111356561794866
25826,GOF,0.004823058460932392,0.6538989767128719,0.3412779648261957
25827,GOF,0.006843479253846171,0.645045163795038,0.34811135695111567
25828,GOF,0.00463274519917657,0.5886727943901855,0.40669446041063784
25829,GOF,0.0026449358565484647,0.644012023300768,0.35334304084268353
25830,LOF,0.029151036551098464,0.41562655606462584,0.5552224073842756
25831,GOF,0.033828410779166464,0.8387240682827855,0.1274475209380479
25832,GOF,0.00738858768332874,0.7753804146050002,0.21723099771167104
25833,GOF,0.024392621316717905,0.8123282791943676,0.16327909948891464
25834,GOF,0.006957229405602223,0.7782429399361822,0.21479983065821565
25835,GOF,0.015569176977753474,0.8214527979026014,0.1629780251196451
25836,GOF,0.005784578412771795,0.7708538420813059,0.22336157950592214
25837,GOF,0.005602814739669097,0.6875475029676703,0.3068496822926605
25838,GOF,0.015909319591131222,0.839140923989293,0.14494975641957597
25839,GOF,0.03219965386630129,0.8030831370207283,0.16471720911297044
25840,GOF,0.03470540494950955,0.8138389937937602,0.1514556012567302
25841,GOF,0.03289522030934874,0.8325985615921595,0.1345062180984918
25842,GOF,0.021020294703377903,0.8741565993011012,0.10482310599552097
25843,GOF,0.02488751359499652,0.8828747534069086,0.092237732998095
25844,GOF,0.015132568391055064,0.7979753027384718,0.1868921288704731
25845,GOF,0.005204243640994124,0.5952575104008035,0.3995382459582022
25846,GOF,0.0256160504571025,0.846714471018989,0.1276694785239086
25847,GOF,0.01654839530978724,0.8833902908459119,0.10006131384430085
25848,GOF,0.013497452948754705,0.8372189231579612,0.1492836238932842
25849,GOF,0.004577523077450311,0.7159245473756022,0.27949792954694735
25850,GOF,0.00596505059479761,0.7039408607252118,0.2900940886799907
25851,GOF,0.005099622533569845,0.5925780595888247,0.40232231787760536
25852,GOF,0.13660016096821895,0.5827769081111703,0.28062293092061075
25853,GOF,0.0709886687867268,0.8291949866756326,0.09981634453764071
25854,GOF,0.009439499826449755,0.6685571352490431,0.32200336492450693
25855,GOF,0.011500323559798811,0.6031255791322283,0.3853740973079729
25856,GOF,0.03387188400050737,0.7347511390698063,0.23137697692968637
25857,GOF,0.013897979146397654,0.5562628040812511,0.42983921677235126
25858,GOF,0.007730343658142557,0.5965736068069176,0.3956960495349398
25859,GOF,0.005116775877218938,0.5673928980809,0.4274903260418811
25860,GOF,0.06490342346294625,0.8007536528952433,0.13434292364181047
25861,GOF,0.10937147742411577,0.7909567037038439,0.09967181887204045
25862,GOF,0.018202533267940843,0.8447315116418931,0.137065955090166
25863,GOF,0.01591029595725699,0.8448707393693364,0.1392189646734066
25864,GOF,0.03600497749328884,0.8727574927691922,0.09123752973751893
25865,GOF,0.024607851048525003,0.83978095830522,0.13561119064625485
25866,GOF,0.020224092046140934,0.84197405510541,0.13780185284844912
25867,GOF,0.021090168964129425,0.8677735260107062,0.11113630502516425
25868,GOF,0.04773892016054826,0.8067711860412125,0.14548989379823915
25869,GOF,0.2961373197994592,0.6160949725342363,0.0877677076663046
25870,GOF,0.17972422758949239,0.5696689077177278,0.25060686469277976
25871,GOF,0.018482216266469346,0.8695852525422069,0.11193253119132386
25872,GOF,0.015672881181278586,0.8353992378488505,0.14892788096987092
25873,GOF,0.01656311620476486,0.8586179569058876,0.12481892688934752
25874,LOF,0.015453334238710491,0.16615702258584378,0.8183896431754457
25875,LOF,0.0334292298100625,0.036438082515829515,0.930132687674108
25876,LOF,0.01456992160938367,0.031024840806451938,0.9544052375841645
25877,LOF,0.12324242141312622,0.06214948039959212,0.8146080981872816
25878,LOF,0.051144479299537304,0.08662388102714808,0.8622316396733147
25879,LOF,0.0220887299422475,0.0738889249380465,0.9040223451197059
25880,LOF,0.042859294157993,0.0093457134649305,0.9477949923770764
25881,Neutral,0.5710766630144426,0.08562771397413384,0.3432956230114235
25882,LOF,0.02351131454462665,0.050878166321980306,0.925610519133393
25883,LOF,0.05270485888809688,0.02946085773083003,0.917834283381073
25884,LOF,0.012650816417234863,0.06515890040207586,0.9221902831806893
25885,LOF,0.20921079742739582,0.009699879201730462,0.7810893233708738
25886,LOF,0.2104899881732995,0.06130881461554987,0.7282011972111506
25887,LOF,0.15101210044584545,0.08054690790885267,0.7684409916453019
25888,LOF,0.01268949352115053,0.15628609195006585,0.8310244145287836
25889,LOF,0.01764528111210082,0.04179235829509222,0.940562360592807
25890,LOF,0.11458758614684877,0.10614229242270093,0.7792701214304503
25891,LOF,0.04715391456027604,0.05344576015090903,0.899400325288815
25892,LOF,0.010067576267943782,0.04622735715324873,0.9437050665788076
25893,LOF,0.4008769426138598,0.013185546537116647,0.5859375108490235
25894,LOF,0.4300395362677919,0.008502265940752986,0.5614581977914552
25895,LOF,0.3656438870593397,0.01629149976919735,0.6180646131714629
25896,LOF,0.04133450655045503,0.031007546731677143,0.9276579467178678
25897,LOF,0.1823870049165742,0.012981871795775516,0.8046311232876502
25898,LOF,0.2374502449604303,0.043179167965675225,0.7193705870738945
25899,LOF,0.2530287337533176,0.03372206318682674,0.7132492030598556
25900,LOF,0.4598157598214729,0.010605108928886744,0.5295791312496405
25901,LOF,0.05152875804217668,0.013070891383161354,0.935400350574662
25902,LOF,0.10535086298447241,0.018006973936001307,0.8766421630795262
25903,LOF,0.3410558702782926,0.03643626176165553,0.622507867960052
25904,Neutral,0.49097059436757345,0.041920707877094676,0.46710869775533176
25905,LOF,0.007294089446514769,0.4010766820208162,0.5916292285326691
25906,LOF,0.007957039485890587,0.10350412437400813,0.8885388361401013
25907,LOF,0.004182084331369162,0.3249126109574226,0.6709053047112084
25908,LOF,0.004064106914901177,0.2269401685870172,0.7689957244980815
25909,LOF,0.01524724139232283,0.1420424743610521,0.842710284246625
25910,LOF,0.01633704168132088,0.13408270534206823,0.849580252976611
25911,LOF,0.17771393394625398,0.030395805839755746,0.7918902602139903
25912,LOF,0.06728525060787842,0.052303905403402115,0.8804108439887194
25913,LOF,0.06657705664015068,0.04889853345308517,0.8845244099067643
25914,LOF,0.02043104839201454,0.07672434006522706,0.9028446115427584
25915,LOF,0.12232834225935656,0.3046018908226328,0.5730697669180107
25916,LOF,0.018718164791348822,0.21234904600995755,0.7689327891986937
25917,LOF,0.05427836402308596,0.05078961400792372,0.8949320219689904
25918,LOF,0.025398076081858532,0.04288799176547153,0.93171393215267
25919,LOF,0.020924794600096136,0.0417310580974111,0.9373441473024928
25920,LOF,0.10882058896035939,0.23553240973021486,0.6556470013094258
25921,LOF,0.008823602208965123,0.035238771634601505,0.9559376261564333
25922,LOF,0.010812238695974839,0.029002390086087848,0.9601853712179373
25923,LOF,0.3969622943974276,0.03424092889485995,0.5687967767077126
25924,LOF,0.01632121496951772,0.041699175128504525,0.9419796099019778
25925,LOF,0.072098502260599,0.04487533371161603,0.883026164027785
25926,LOF,0.04936722664637165,0.04029946797382701,0.9103333053798014
25927,LOF,0.0202073937214984,0.0611542188213072,0.9186383874571944
25928,LOF,0.006629320614818048,0.05084086011761431,0.9425298192675675
25929,LOF,0.47448515162290233,0.03228524544124244,0.4932296029358552
25930,LOF,0.08318143490078987,0.02838860468984409,0.8884299604093661
25931,LOF,0.009388411583163751,0.032146467259885465,0.9584651211569508
25932,LOF,0.034754108915899716,0.028249070210833414,0.9369968208732669
25933,LOF,0.040127016896119014,0.017199160991882442,0.9426738221119986
25934,LOF,0.02749733562206434,0.01831444577312433,0.9541882186048112
25935,LOF,0.0698712388064591,0.05044861411706193,0.879680147076479
25936,LOF,0.04057171834407725,0.021787053771136794,0.9376412278847859
25937,LOF,0.009188669640938372,0.033775677070133125,0.9570356532889286
25938,LOF,0.06725193557808308,0.051614895844136484,0.8811331685777805
25939,LOF,0.03434553685131346,0.021342289393006864,0.9443121737556797
25940,LOF,0.00835598385289399,0.3348162861137917,0.6568277300333143
25941,Neutral,0.537189976809053,0.02715325330383071,0.4356567698871164
25942,LOF,0.005200597940996471,0.04383516560115151,0.9509642364578521
25943,LOF,0.03570038812057185,0.14994666108985286,0.8143529507895753
25944,LOF,0.1120561705566901,0.06986160541822752,0.8180822240250823
25945,LOF,0.05653957482347669,0.019904749199122013,0.9235556759774013
25946,LOF,0.07144465045799224,0.045524347951969926,0.8830310015900379
25947,Neutral,0.49339570371080255,0.07858012402013186,0.4280241722690656
25948,LOF,0.340474939116081,0.010681103939798263,0.6488439569441208
25949,LOF,0.10092964649177924,0.04781836411134765,0.8512519893968731
25950,GOF,0.03865697627236796,0.6076198434503006,0.3537231802773314
25951,LOF,0.012201673600173409,0.3885309363484752,0.5992673900513513
25952,LOF,0.2657618325731393,0.27798346453051337,0.4562547028963473
25953,LOF,0.01115716163698649,0.17782744001634013,0.8110153983466734
25954,LOF,0.046169607353036095,0.38902032672428605,0.5648100659226778
25955,LOF,0.01107275035163927,0.12149013731511887,0.8674371123332419
25956,LOF,0.027916599992554223,0.2755800038499992,0.6965033961574465
25957,LOF,0.20789217983594477,0.03734744687775971,0.7547603732862955
25958,LOF,0.053304086083078704,0.0316347170731181,0.9150611968438032
25959,GOF,0.014590905484600332,0.5152428067607224,0.4701662877546771
25960,LOF,0.005413955848533632,0.05482080331346389,0.9397652408380024
25961,LOF,0.05311800413568802,0.0290554734630481,0.917826522401264
25962,LOF,0.03515442263985613,0.07402762861157575,0.8908179487485681
25963,LOF,0.006047490608467938,0.23468183580788557,0.7592706735836465
25964,LOF,0.030904126052949486,0.09019189172065749,0.8789039822263931
25965,LOF,0.2735402171355662,0.1413054306066495,0.5851543522577843
25966,LOF,0.42764990375875717,0.12649495375821812,0.4458551424830248
25967,LOF,0.0061481137327645,0.07613665898449241,0.9177152272827431
25968,LOF,0.04658175654058199,0.21406219392336973,0.7393560495360484
25969,LOF,0.12214574713099052,0.06198356484359595,0.8158706880254135
25970,LOF,0.021081414438944478,0.09274287053255337,0.8861757150285022
25971,LOF,0.07471993912773081,0.028342517078216282,0.8969375437940529
25972,LOF,0.06011785074837963,0.03872467115866938,0.901157478092951
25973,LOF,0.057321730035579055,0.01180330719976265,0.9308749627646582
25974,LOF,0.042110466917812624,0.036103878323752364,0.9217856547584351
25975,LOF,0.04220449617904299,0.024102680655499954,0.933692823165457
25976,LOF,0.1178371477493241,0.012492785190578169,0.8696700670600976
25977,LOF,0.21082747996960305,0.047225755822247646,0.7419467642081493
25978,LOF,0.14500047721550247,0.14883608011266242,0.7061634426718352
25979,LOF,0.12483043979899897,0.16462213615687496,0.7105474240441262
25980,LOF,0.24782324658837623,0.17351312878516945,0.5786636246264543
25981,LOF,0.24925087932643208,0.17499234727769067,0.5757567733958773
25982,LOF,0.3972499743696295,0.11065782100535666,0.4920922046250139
25983,LOF,0.4074378627488654,0.1347517147952918,0.4578104224558427
25984,LOF,0.03685841651558084,0.07662550848054613,0.886516075003873
25985,LOF,0.4047802034623992,0.13743379858952853,0.4577859979480722
25986,LOF,0.011654458686840351,0.43775785646994214,0.5505876848432175
25987,LOF,0.04078413452875109,0.12503636740549393,0.834179498065755
25988,LOF,0.1253871345898863,0.1366303197033833,0.7379825457067304
25989,LOF,0.03884844890153587,0.17232606586192883,0.7888254852365354
25990,LOF,0.03835388470596681,0.25823552346459594,0.7034105918294372
25991,LOF,0.023570614134171296,0.32359217276135427,0.6528372131044744
25992,LOF,0.02876926806676915,0.3348994952611041,0.6363312366721268
25993,LOF,0.02154457228330931,0.08863957478796664,0.8898158529287239
25994,LOF,0.016387567031553994,0.08177456245538377,0.9018378705130623
25995,LOF,0.017692359833797158,0.16775512700415457,0.8145525131620482
25996,LOF,0.2915685629031549,0.3069360641444833,0.40149537295236165
25997,LOF,0.07606273991432336,0.3395788774563267,0.58435838262935
25998,LOF,0.3293423939745968,0.05156101462402268,0.6190965914013804
25999,LOF,0.020728090021462385,0.25465921940616015,0.7246126905723775
26000,LOF,0.14503613878746477,0.040473055167196494,0.8144908060453387
26001,LOF,0.29154675840394517,0.030119618009196252,0.6783336235868586
26002,LOF,0.06587938783550809,0.06545982017737283,0.8686607919871192
26003,GOF,0.003950725786864666,0.623331478767607,0.37271779544552824
26004,GOF,0.006180814309558383,0.717890800251244,0.27592838543919773
26005,GOF,0.0031222140226287807,0.5036467262587706,0.4932310597186006
26006,GOF,0.08935610251173975,0.6247590315771253,0.28588486591113493
26007,GOF,0.005947060491369052,0.5912501507138093,0.40280278879482156
26008,GOF,0.005312056204178848,0.685949321492554,0.3087386223032671
26009,GOF,0.0059469602822419905,0.6859412448922401,0.3081117948255179
26010,GOF,0.006529906173066697,0.6933996090659377,0.30007048476099557
26011,LOF,0.0029101839669674694,0.4801495028034013,0.5169403132296313
26012,GOF,0.004175002319051035,0.5706191044330251,0.42520589324792396
26013,GOF,0.004844713952830825,0.6086461065258076,0.3865091795213615
26014,LOF,0.03764704243195641,0.12546443487991688,0.8368885226881267
26015,LOF,0.13981930805584789,0.01958891043206358,0.8405917815120886
26016,LOF,0.26734717854491485,0.03573978026665719,0.6969130411884279
26017,LOF,0.024203520378310403,0.19044432725985985,0.7853521523618298
26018,LOF,0.05148063086634807,0.03667886842004548,0.9118405007136064
26019,LOF,0.05159077745900433,0.0318029656709384,0.9166062568700573
26020,LOF,0.00888138438446397,0.19259994598559868,0.7985186696299373
26021,LOF,0.07374979186018744,0.06956360994281381,0.8566865981969988
26022,LOF,0.03061565069282236,0.027760268497543344,0.9416240808096342
26023,LOF,0.04285947938618087,0.022513046429467786,0.9346274741843513
26024,LOF,0.045962879692041304,0.059362162464934275,0.8946749578430244
26025,LOF,0.04967868265210551,0.07512972290955466,0.8751915944383399
26026,LOF,0.08385620321365646,0.06090652901637389,0.8552372677699698
26027,LOF,0.04625213969260248,0.0187889002185693,0.9349589600888282
26028,LOF,0.08945290945686493,0.14398485168267028,0.7665622388604648
26029,LOF,0.021273741133301643,0.21782850600353748,0.7608977528631609
26030,LOF,0.14891527467145654,0.0337503478697461,0.8173343774587973
26031,LOF,0.013676184430280371,0.1704217808046941,0.8159020347650255
26032,LOF,0.0666482646369694,0.06915021020555048,0.86420152515748
26033,LOF,0.08704438778069523,0.06615923174785256,0.8467963804714522
26034,LOF,0.015419234010573912,0.1717437742015427,0.8128369917878835
26035,LOF,0.014144355390806225,0.12541660839397387,0.8604390362152199
26036,LOF,0.015507804289861772,0.1580389476354518,0.8264532480746866
26037,LOF,0.012842906840957626,0.10958218532392577,0.8775749078351167
26038,LOF,0.05614665377324548,0.0646933296532303,0.8791600165735243
26039,LOF,0.027271320113052337,0.15819997156516444,0.8145287083217831
26040,LOF,0.11818888199108647,0.14775274322273568,0.7340583747861779
26041,LOF,0.01475471416238377,0.09620244957691756,0.8890428362606986
26042,LOF,0.013876274868239639,0.10154694782486172,0.8845767773068987
26043,LOF,0.05510032394298727,0.07984265202489967,0.8650570240321132
26044,LOF,0.011553351950841631,0.06754982151242983,0.9208968265367284
26045,LOF,0.04802092989835192,0.11597436155060001,0.8360047085510481
26046,LOF,0.05019327568940776,0.06763538732547482,0.8821713369851174
26047,LOF,0.08725408944899868,0.06236600735896194,0.8503799031920394
26048,LOF,0.04473099240163789,0.043401717606829204,0.911867289991533
26049,Neutral,0.9618331738410045,0.007466534742951215,0.03070029141604426
26050,Neutral,0.947338467626037,0.00792920443076694,0.044732327943196024
26051,LOF,0.013195049168116884,0.14094564237610577,0.8458593084557774
26052,LOF,0.020580913607901936,0.1717117560026623,0.8077073303894358
26053,LOF,0.022869529110490956,0.12435614554064214,0.852774325348867
26054,LOF,0.042950314025775614,0.02104551631985064,0.9360041696543738
26055,LOF,0.05637327513762381,0.018657659363404938,0.9249690654989713
26056,LOF,0.048836268973992784,0.024090390364360635,0.9270733406616465
26057,LOF,0.03223674169518823,0.015376478737199172,0.9523867795676126
26058,LOF,0.03286319500394915,0.012985520681917419,0.9541512843141334
26059,LOF,0.32298865821953493,0.02285227661250061,0.6541590651679645
26060,LOF,0.010757988561191485,0.1940306567302988,0.7952113547085097
26061,LOF,0.005043203355499869,0.015815314139737434,0.9791414825047627
26062,LOF,0.003661601937561609,0.023163155974820375,0.973175242087618
26063,LOF,0.02083615440090852,0.012962521485644241,0.9662013241134473
26064,LOF,0.005708941973481668,0.03394324716160949,0.960347810864909
26065,LOF,0.024850417901532203,0.01424435884603065,0.9609052232524372
26066,LOF,0.023330212699806785,0.012259216615003555,0.9644105706851896
26067,LOF,0.02840811283560605,0.010861720986655738,0.9607301661777382
26068,LOF,0.04025291606189217,0.04539050898640156,0.9143565749517063
26069,LOF,0.29433157894010137,0.023910181730031923,0.6817582393298668
26070,LOF,0.4466088512195958,0.018134646987855,0.5352565017925491
26071,LOF,0.022215197943697255,0.013487400112212227,0.9642974019440905
26072,LOF,0.0052672908122286,0.02821536697935615,0.9665173422084152
26073,LOF,0.020944565479037495,0.015509136515001774,0.9635462980059608
26074,Neutral,0.925526028648888,0.007477594188287123,0.06699637716282492
26075,LOF,0.037339678632506784,0.021405356191052747,0.9412549651764406
26076,LOF,0.03427668593044472,0.01195302018426123,0.953770293885294
26077,LOF,0.11493290989049057,0.010238423593624996,0.8748286665158843
26078,LOF,0.005239498559144893,0.018463915785406283,0.976296585655449
26079,LOF,0.05082038748094081,0.023891284109912193,0.925288328409147
26080,LOF,0.04894429241481512,0.023973609657874217,0.9270820979273106
26081,LOF,0.029230118478612576,0.009156910324030192,0.9616129711973572
26082,LOF,0.003964917787835556,0.02026081648192723,0.9757742657302372
26083,LOF,0.1102522324055424,0.020330841008561452,0.8694169265858962
26084,LOF,0.0401874016406071,0.016293258230763063,0.9435193401286298
26085,LOF,0.03524347234375324,0.014233366026122643,0.9505231616301242
26086,LOF,0.023012996499135355,0.01424280842878064,0.9627441950720841
26087,LOF,0.021326774182371493,0.011783153009181726,0.9668900728084467
26088,LOF,0.005748459991874737,0.023706408912246367,0.970545131095879
26089,LOF,0.03724002894260061,0.025987843118884447,0.9367721279385149
26090,LOF,0.037765925396117554,0.021484736070891512,0.9407493385329908
26091,LOF,0.027645662969302466,0.008743628027266356,0.9636107090034312
26092,LOF,0.022655841709348427,0.009384382534624945,0.9679597757560267
26093,LOF,0.0386746609655282,0.007339700894532599,0.9539856381399392
26094,LOF,0.032011526856683736,0.007391913631956625,0.9605965595113597
26095,LOF,0.018875171297348396,0.022434088578057964,0.9586907401245937
26096,LOF,0.17184113133971726,0.006517523258890586,0.8216413454013921
26097,LOF,0.0049074475268620875,0.03502627711619905,0.960066275356939
26098,LOF,0.0799325638400049,0.01748295066126171,0.9025844854987334
26099,LOF,0.022693527599171766,0.017008820591452024,0.9602976518093761
26100,LOF,0.022693366016048145,0.017008699484746675,0.9602979344992053
26101,LOF,0.055531005803387025,0.024140720773621723,0.9203282734229913
26102,LOF,0.02046618239097621,0.01702970734447553,0.9625041102645483
26103,Neutral,0.8376008973207827,0.02591296393279806,0.13648613874641913
26104,LOF,0.0628717058316289,0.026468100764272345,0.9106601934040987
26105,LOF,0.24728749795219634,0.17129520626340458,0.5814172957843992
26106,LOF,0.3479541963142807,0.13353713505998327,0.518508668625736
26107,LOF,0.020247909429263806,0.11503595939221999,0.8647161311785162
26108,LOF,0.340804870877436,0.048768417888204754,0.6104267112343592
26109,LOF,0.04049691851481719,0.05679324517011528,0.9027098363150675
26110,LOF,0.20276806736360228,0.008261072544150165,0.7889708600922476
26111,LOF,0.06761110385527577,0.08689784448494717,0.845491051659777
26112,LOF,0.03259034596673327,0.008148441034492368,0.9592612129987744
26113,LOF,0.05773061373254145,0.01694471095966956,0.9253246753077891
26114,LOF,0.09170480092542843,0.011248456308193064,0.8970467427663785
26115,LOF,0.017019785094053237,0.06696778462485267,0.9160124302810941
26116,LOF,0.10308247904288546,0.04227885997996905,0.8546386609771456
26117,LOF,0.40394970385424,0.03724792699588259,0.5588023691498775
26118,LOF,0.032327382727438826,0.017878971276860847,0.9497936459957004
26119,LOF,0.005087967316214326,0.03827176247430307,0.9566402702094826
26120,LOF,0.026051683934196962,0.017550440016914512,0.9563978760488886
26121,LOF,0.004661682244474844,0.11880008667431248,0.8765382310812126
