feature0,prediction,LoGoFunc_Neutral,LoGoFunc_GOF,LoGoFunc_LOF
25546,Neutral,0.7320718957346841,0.03506032300888997,0.23286778125642596
25547,Neutral,0.5661944981938545,0.07725260484913367,0.3565528969570118
25548,Neutral,0.5480814933650563,0.059023943624487395,0.3928945630104564
25549,Neutral,0.47364503384957163,0.05892773700488853,0.4674272291455397
25550,LOF,0.320473012922197,0.11293315757045155,0.5665938295073515
25551,LOF,0.2648091905394834,0.12571561617410223,0.6094751932864143
25552,LOF,0.18957236775073122,0.12170223655227977,0.688725395696989
25553,Neutral,0.8063561460110412,0.03433685421423433,0.1593069997747244
25554,LOF,0.21517502717753553,0.11253964845980886,0.6722853243626556
25555,LOF,0.18198705843888152,0.09383841514075954,0.724174526420359
25556,LOF,0.38115231128732774,0.0944267834454402,0.524420905267232
25557,LOF,0.1789600777511167,0.10197397003122606,0.7190659522176573
25558,LOF,0.21393826075874944,0.11489690969976976,0.6711648295414808
25559,LOF,0.38516117765215047,0.08704376474883882,0.5277950575990107
25560,LOF,0.05461372710481714,0.179995077845995,0.7653911950491877
25561,LOF,0.10155670693187377,0.19108360072752972,0.7073596923405966
25562,LOF,0.1085711715233316,0.08454612692849664,0.8068827015481717
25563,LOF,0.0967015394665305,0.09484467589487837,0.8084537846385911
25564,LOF,0.19395809204422237,0.1507491551454678,0.6552927528103097
25565,LOF,0.16104938477613048,0.11627650387419698,0.7226741113496725
25566,GOF,0.013923731343427665,0.7123817367286663,0.2736945319279061
25567,LOF,0.012205374270281627,0.15871502246754104,0.8290796032621772
25568,LOF,0.051362546465236816,0.07066125662367065,0.8779761969110925
25569,LOF,0.06609267822299711,0.07202752782690477,0.8618797939500982
25570,LOF,0.05463647911952375,0.10664401307743776,0.8387195078030386
25571,LOF,0.04886762551212783,0.09979926077801962,0.8513331137098525
25572,LOF,0.06397068758395921,0.1312916986479612,0.8047376137680796
25573,LOF,0.027687889734660725,0.10402899688817431,0.868283113377165
25574,LOF,0.014729478236830965,0.17203353650433328,0.8132369852588358
25575,LOF,0.04219998719074223,0.1204430996810795,0.8373569131281784
25576,LOF,0.017110366454977346,0.1275207878519154,0.8553688456931073
25577,LOF,0.012932701892212635,0.14232508963023313,0.8447422084775542
25578,LOF,0.22943584037189166,0.09323333547673422,0.6773308241513741
25579,LOF,0.23020541925748572,0.09248426067841593,0.6773103200640983
25580,LOF,0.030324777688560043,0.084943163137982,0.884732059173458
25581,LOF,0.056534422551423096,0.07520964584332222,0.8682559316052546
25582,LOF,0.056088869327307604,0.07318109638269325,0.8707300342899991
25583,LOF,0.040662796178951355,0.098819863894193,0.8605173399268556
25584,Neutral,0.4529340576058462,0.1075876484710854,0.43947829392306836
25585,LOF,0.037326763519255034,0.10858983633300837,0.8540834001477366
25586,LOF,0.030699217161456703,0.0887160197138416,0.8805847631247016
25587,LOF,0.029287433087860616,0.08356836071991959,0.8871442061922199
25588,LOF,0.02977157436318752,0.10224462247116224,0.8679838031656504
25589,Neutral,0.5835447318292137,0.13936837634605712,0.27708689182472906
25590,LOF,0.025540423472811376,0.13309886680767868,0.84136070971951
25591,LOF,0.10961509154413879,0.06476987586984875,0.8256150325860124
25592,LOF,0.08195538939920428,0.1433552151806066,0.7746893954201891
25593,LOF,0.019364888502323666,0.2852232673376828,0.6954118441599936
25594,LOF,0.037115246517267046,0.2246817817456603,0.7382029717370726
25595,LOF,0.05351760897472645,0.1975400136985097,0.7489423773267638
25596,LOF,0.05461420946143292,0.11597932234125828,0.8294064681973088
25597,LOF,0.04778209814136728,0.10469659017325274,0.8475213116853799
25598,LOF,0.048198164846889255,0.21019231946071862,0.7416095156923921
25599,GOF,0.00845324054985639,0.7968800701729793,0.19466668927716438
25600,GOF,0.011104919370827524,0.5853800234402744,0.4035150571888981
25601,GOF,0.007129148422054219,0.49886992235210764,0.4940009292258381
25602,LOF,0.02309377981351183,0.046431012539646786,0.9304752076468413
25603,LOF,0.05499815113207666,0.0377370534315354,0.9072647954363878
25604,LOF,0.04642125676008941,0.04636647763391086,0.9072122656059998
25605,LOF,0.011801757427322628,0.2388549240460638,0.7493433185266135
25606,LOF,0.10681914747497853,0.4160191950932687,0.47716165743175265
25607,LOF,0.006239787142768133,0.15461194098286318,0.8391482718743687
25608,LOF,0.0758069306188653,0.050652636440585756,0.8735404329405488
25609,LOF,0.04888024692927574,0.3741527552779052,0.576966997792819
25610,LOF,0.03973183305704194,0.0345384542869459,0.9257297126560121
25611,LOF,0.04101236236727968,0.031364890562247214,0.927622747070473
25612,LOF,0.11014808713281155,0.05139146397075277,0.8384604488964357
25613,LOF,0.09319966173785678,0.05458368358067256,0.8522166546814707
25614,LOF,0.030769134779248322,0.04833806504764028,0.9208928001731114
25615,LOF,0.04937989995666882,0.04108572118840615,0.909534378854925
25616,LOF,0.032353814872726844,0.04099116117388659,0.9266550239533866
25617,LOF,0.029994377195107162,0.049710574971140925,0.9202950478337519
25618,LOF,0.1725685002425344,0.04755465570253848,0.7798768440549271
25619,LOF,0.028719107356582767,0.04073833431389379,0.9305425583295235
25620,LOF,0.03302687296759376,0.05738165765499772,0.9095914693774085
25621,LOF,0.02792819302692425,0.03623739478081069,0.935834412192265
25622,LOF,0.03373115070145851,0.04930138840664052,0.9169674608919011
25623,LOF,0.07428073588127676,0.04029406114919999,0.8854252029695233
25624,LOF,0.026086641856442876,0.053459614493247126,0.92045374365031
25625,LOF,0.031822944894630195,0.05853162169122434,0.9096454334141455
25626,LOF,0.07783547446587463,0.04088385565046007,0.8812806698836653
25627,Neutral,0.5420199237918969,0.15179254681669932,0.30618752939140376
25628,LOF,0.16838311071695147,0.07526036992689275,0.7563565193561557
25629,LOF,0.06742815585409662,0.1395769526557253,0.792994891490178
25630,LOF,0.1704620228799428,0.12679995296198782,0.7027380241580694
25631,Neutral,0.5779690843826338,0.11392508621164293,0.30810582940572323
25632,LOF,0.023369009836849145,0.0743974148364878,0.902233575326663
25633,LOF,0.2125560707699992,0.07980830076411576,0.707635628465885
25634,LOF,0.034910932076333986,0.10700681921148124,0.8580822487121847
25635,LOF,0.03265092964765103,0.08409697243918654,0.8832520979131624
25636,GOF,0.004785638677245881,0.5737073789621382,0.42150698236061596
25637,GOF,0.005422670490657591,0.5355247540729632,0.4590525754363792
25638,LOF,0.008494130513008041,0.4375813974698056,0.5539244720171864
25639,LOF,0.00459283603757956,0.41441620480418556,0.5809909591582348
25640,GOF,0.46767220734337517,0.4940931796428456,0.03823461301377932
25641,LOF,0.006178246538153095,0.3858542640155556,0.6079674894462913
25642,LOF,0.23672446692596855,0.09436795508995191,0.6689075779840795
25643,LOF,0.22678519719981843,0.2843954718716368,0.4888193309285448
25644,LOF,0.021452481685661638,0.4829074431644265,0.4956400751499117
25645,LOF,0.02432065177200111,0.37832978181100285,0.5973495664169961
25646,LOF,0.01776401832159487,0.24365015697785197,0.7385858247005531
25647,LOF,0.01761208962854534,0.1937870767898514,0.7886008335816033
25648,LOF,0.014812968419283704,0.20471198873428134,0.780475042846435
25649,LOF,0.013393163722155751,0.15378347158995914,0.8328233646878851
25650,LOF,0.036391309365130034,0.44735285961055443,0.5162558310243156
25651,LOF,0.011480110425398307,0.20115203325151415,0.7873678563230876
25652,LOF,0.019484392376242086,0.19717443008140315,0.7833411775423548
25653,LOF,0.08181149719888618,0.3461460087404165,0.5720424940606973
25654,LOF,0.014472095818852383,0.16150643168144913,0.8240214724996984
25655,LOF,0.10295480638795033,0.2471869430817482,0.6498582505303014
25656,LOF,0.05939270245940428,0.053026832922949366,0.8875804646176463
25657,LOF,0.2667353352806772,0.02757087172687713,0.7056937929924456
25658,LOF,0.03458069196743755,0.08045349309687091,0.8849658149356915
25659,LOF,0.24126507771473027,0.05270080884571472,0.706034113439555
25660,LOF,0.0770279235279597,0.10774504518827788,0.8152270312837623
25661,LOF,0.0537120158254894,0.07570833843595443,0.8705796457385562
25662,LOF,0.02881001824371553,0.046831043270564976,0.9243589384857195
25663,LOF,0.03704733779380339,0.07508964330357795,0.8878630189026188
25664,LOF,0.033159482710935884,0.09810723303539871,0.8687332842536654
25665,LOF,0.04907935976840361,0.04879178208753777,0.9021288581440586
25666,LOF,0.035414992834059404,0.14316912488847297,0.8214158822774676
25667,LOF,0.028435388684271316,0.06409406415748212,0.9074705471582466
25668,LOF,0.035650691838615745,0.0654210980546187,0.8989282101067656
25669,LOF,0.04075450404269851,0.10261446304639271,0.8566310329109088
25670,LOF,0.1522153484021404,0.07437271832105284,0.7734119332768067
25671,LOF,0.037091323674428224,0.051847625570374326,0.9110610507551975
25672,LOF,0.060973924412476635,0.07880280941356228,0.860223266173961
25673,LOF,0.04118558070273854,0.0678452461737459,0.8909691731235155
25674,LOF,0.03125005075516409,0.07715886304797899,0.8915910861968569
25675,LOF,0.03976660127937989,0.06383290738427479,0.8964004913363454
25676,LOF,0.030414953127216905,0.06698141040170064,0.9026036364710825
25677,LOF,0.05802584203127399,0.06782654344253408,0.874147614526192
25678,LOF,0.22994179933749126,0.05446120068818922,0.7155969999743195
25679,LOF,0.13811053650435068,0.08104094063683828,0.780848522858811
25680,LOF,0.0630441257948166,0.10597332126066024,0.8309825529445232
25681,LOF,0.11546276725501578,0.0960827702230554,0.7884544625219287
25682,LOF,0.040397747661263424,0.08091290814022539,0.8786893441985112
25683,LOF,0.061622888452239635,0.11108408979233544,0.827293021755425
25684,LOF,0.05053241162579645,0.07820544841352702,0.8712621399606765
25685,LOF,0.12274834132775857,0.040295382423375325,0.836956276248866
25686,LOF,0.032663779011141945,0.09070520008371169,0.8766310209051464
25687,LOF,0.05915153955600683,0.08136234220977813,0.8594861182342151
25688,LOF,0.026732508665642522,0.13870426043312356,0.8345632309012339
25689,LOF,0.018226401345176058,0.08483241199434595,0.8969411866604781
25690,LOF,0.017035383759246032,0.10441352400116043,0.8785510922395935
25691,LOF,0.15904628973622945,0.15768668773674008,0.6832670225270304
25692,LOF,0.21496018687927762,0.023162415086174455,0.7618773980345479
25693,LOF,0.04838794899420801,0.16586680269661677,0.7857452483091752
25694,LOF,0.2699947949706737,0.013909862951303963,0.7160953420780224
25695,LOF,0.17734896860390015,0.021187311258707684,0.8014637201373922
25696,LOF,0.16791348618557628,0.009442540593942981,0.8226439732204808
25697,LOF,0.13209814677384868,0.030507975894894245,0.8373938773312571
25698,LOF,0.030599592196095548,0.3307703700625672,0.6386300377413373
25699,LOF,0.07435500499028246,0.08735914989234674,0.8382858451173707
25700,LOF,0.029791472255217773,0.01395983831345369,0.9562486894313286
25701,LOF,0.014256336672759357,0.09535926699846885,0.8903843963287718
25702,GOF,0.025175780897244402,0.734835359948083,0.2399888591546726
25703,LOF,0.015123409011572645,0.21755377317256722,0.7673228178158602
25704,LOF,0.08857651068931317,0.17879517154658928,0.7326283177640976
25705,LOF,0.06823868189221542,0.29358570396044636,0.6381756141473381
25706,GOF,0.034857680401255045,0.5945580959256699,0.37058422367307503
25707,GOF,0.026506373907056735,0.6197402320891577,0.35375339400378564
25708,GOF,0.006726579113394421,0.6094383238394772,0.38383509704712837
25709,LOF,0.018166100993071522,0.11249867527260468,0.8693352237343238
25710,LOF,0.006240537427076628,0.23624559403998457,0.7575138685329388
25711,LOF,0.02082493282539599,0.16938718863404256,0.8097878785405614
25712,LOF,0.00679506742324039,0.2978259930126773,0.6953789395640824
25713,LOF,0.018859468668334736,0.14069040431127233,0.8404501270203929
25714,LOF,0.020569840076891242,0.20128052606153896,0.7781496338615698
25715,LOF,0.019837272116176037,0.17799082287165327,0.8021719050121707
25716,LOF,0.010508177138002476,0.155061329282564,0.8344304935794336
25717,LOF,0.004989410198593711,0.15996787706723323,0.8350427127341732
25718,LOF,0.021081207383325588,0.11908635250054833,0.8598324401161261
25719,LOF,0.03490342936939725,0.13986028282944907,0.8252362878011537
25720,LOF,0.029176210809067543,0.12956458184654174,0.8412592073443907
25721,LOF,0.023924449465664244,0.12520699907342842,0.8508685514609073
25722,LOF,0.016373058641350587,0.17131207170413582,0.8123148696545136
25723,LOF,0.022452970304457396,0.11712770874305738,0.8604193209524852
25724,LOF,0.025902212327112803,0.19497527976700055,0.7791225079058867
25725,LOF,0.020765857132600672,0.11490661875708065,0.8643275241103187
25726,LOF,0.015483071895639968,0.14909462924454828,0.8354222988598118
25727,LOF,0.02175570799583384,0.1305581185043385,0.8476861734998277
25728,LOF,0.020451906522992138,0.1458594002829682,0.8336886931940396
25729,LOF,0.019198369241738483,0.15772159412862552,0.823080036629636
25730,LOF,0.021830787988608196,0.11555994950199237,0.8626092625093994
25731,LOF,0.008350497191051715,0.2050363682308113,0.7866131345781369
25732,LOF,0.01880015458628501,0.12501963295191532,0.8561802124617998
25733,LOF,0.027262738108844598,0.12719619885457392,0.8455410630365814
25734,LOF,0.006575971284700368,0.2615684276898939,0.7318556010254057
25735,LOF,0.020842350157164454,0.11125212923342544,0.8679055206094101
25736,LOF,0.019500634556868533,0.16476941225559857,0.8157299531875328
25737,LOF,0.03686533014718271,0.1661100187089586,0.7970246511438587
25738,LOF,0.020122709272927378,0.19315725904857695,0.7867200316784957
25739,LOF,0.02257230604423988,0.18581181291510496,0.7916158810406552
25740,LOF,0.05077537163318771,0.20276671340281271,0.7464579149639995
25741,LOF,0.025563218681526837,0.15848108200683206,0.8159556993116411
25742,LOF,0.043570835349254385,0.17228947704094158,0.784139687609804
25743,LOF,0.009600582199308393,0.02660233667069875,0.9637970811299928
25744,LOF,0.15444261379681382,0.2893298323160071,0.5562275538871791
25745,LOF,0.025931901135933796,0.09889174049301033,0.8751763583710559
25746,LOF,0.011666674290827848,0.16680210747405508,0.8215312182351171
25747,LOF,0.036829145720748364,0.02870062321782097,0.9344702310614307
25748,LOF,0.2649425859696019,0.05700539182040096,0.6780520222099972
25749,LOF,0.01111276180662483,0.08182971072629562,0.9070575274670795
25750,LOF,0.015593424170150695,0.08121572193978265,0.9031908538900667
25751,LOF,0.047559628317090236,0.05110831270561098,0.9013320589772987
25752,GOF,0.07841058317935586,0.713113646408033,0.20847577041261114
25753,LOF,0.006509461546444862,0.35072982510832457,0.6427607133452305
25754,GOF,0.006922571219818192,0.861201778637893,0.13187565014228878
25755,LOF,0.00665046082407514,0.4062399672912013,0.5871095718847235
25756,LOF,0.030489414847154225,0.4397418630316248,0.529768722121221
25757,GOF,0.006686186738553856,0.8677523206455163,0.12556149261592991
25758,GOF,0.00807194235162236,0.8686148019436788,0.12331325570469895
25759,GOF,0.005437147115394184,0.5874673040148943,0.40709554886971144
25760,LOF,0.005595052618446556,0.3096298631267453,0.6847750842548082
25761,GOF,0.05209837670064365,0.8469818611146172,0.10091976218473926
25762,LOF,0.027881131429733887,0.3708577514612845,0.6012611171089816
25763,LOF,0.006235652960989417,0.25788066718096003,0.7358836798580505
25764,GOF,0.06338859231200183,0.6228832901292181,0.31372811755878016
25765,GOF,0.007968867730903361,0.8493247040325492,0.14270642823654733
25766,GOF,0.03945333740279158,0.8228855794172006,0.13766108318000778
25767,GOF,0.012877640228623113,0.56433273274542,0.42278962702595696
25768,LOF,0.04372139896960173,0.06881485068900335,0.887463750341395
25769,LOF,0.025058968880807556,0.07373253775098863,0.9012084933682039
25770,LOF,0.14014627632874033,0.05430283109462006,0.8055508925766396
25771,LOF,0.013986688544650242,0.0526159599686214,0.9333973514867284
25772,LOF,0.02658496589223613,0.023006323281889958,0.9504087108258739
25773,LOF,0.023064066032184992,0.042212921663790516,0.9347230123040244
25774,LOF,0.028907140100388577,0.08952247755202704,0.8815703823475844
25775,LOF,0.022979983124007973,0.028721936852767267,0.9482980800232247
25776,LOF,0.027175254958363322,0.019590024303499435,0.9532347207381373
25777,LOF,0.1533543389641841,0.05555668059141433,0.7910889804444016
25778,LOF,0.019209962860657872,0.04805524234945909,0.932734794789883
25779,GOF,0.03916659514801739,0.9024880744948895,0.0583453303570931
25780,GOF,0.0749741818138474,0.8807648530205986,0.044260965165553945
25781,GOF,0.03331495847076949,0.8773873793533361,0.08929766217589434
25782,GOF,0.037609064719224566,0.9090034385052909,0.053387496775484614
25783,GOF,0.028793945448224462,0.9290057183936816,0.04220033615809393
25784,GOF,0.08417647620525753,0.8740698882190063,0.041753635575736095
25785,GOF,0.08842621032273221,0.8793526998061209,0.03222108987114688
25786,GOF,0.008388834092130528,0.8971714320681976,0.09443973383967183
25787,GOF,0.18003253287642346,0.777732371082075,0.04223509604150149
25788,LOF,0.016430377088144106,0.17343701684897225,0.8101326060628837
25789,GOF,0.016079875529516802,0.865399594837564,0.11852052963291916
25790,GOF,0.025289473430092534,0.8982355615649813,0.0764749650049261
25791,GOF,0.021814094376332666,0.7906068328319455,0.1875790727917218
25792,GOF,0.024239914816651224,0.8255804362998229,0.15017964888352595
25793,GOF,0.06661618729549831,0.8571173561113241,0.07626645659317757
25794,GOF,0.06652553707116048,0.7697652396362605,0.16370922329257892
25795,GOF,0.04563677751340396,0.7685130064031089,0.18585021608348717
25796,GOF,0.09233408427470848,0.8354642941331486,0.07220162159214288
25797,GOF,0.06957060521640547,0.7522009458625342,0.17822844892106032
25798,GOF,0.0067766433989615215,0.7908410570515942,0.20238229954944437
25799,GOF,0.003941662150078091,0.7188777870606232,0.27718055078929865
25800,GOF,0.02445974306154693,0.849120967670849,0.1264192892676041
25801,GOF,0.01864780211717898,0.9096071743416947,0.07174502354112648
25802,GOF,0.02698153724385238,0.843868248796428,0.1291502139597197
25803,GOF,0.019705418342547992,0.7520777123344383,0.22821686932301372
25804,GOF,0.028083858764688857,0.8067282864371423,0.16518785479816878
25805,GOF,0.0222502014423933,0.8214873638618541,0.15626243469575274
25806,GOF,0.029149503173421038,0.8211455266674779,0.14970497015910111
25807,GOF,0.009470925877843825,0.7960174135958455,0.1945116605263108
25808,GOF,0.01820746844484723,0.8025785222551723,0.17921400929998052
25809,GOF,0.010497885745992915,0.7794296718770188,0.21007244237698822
25810,GOF,0.008482393647541714,0.7587889269833457,0.23272867936911254
25811,GOF,0.051352555520092075,0.8794781098595579,0.06916933462034994
25812,GOF,0.03414824545263792,0.8100269523728079,0.15582480217455427
25813,GOF,0.129874813514194,0.8034566414906681,0.06666854499513783
25814,GOF,0.03225510007787732,0.8169335934901775,0.1508113064319453
25815,GOF,0.06442062036943036,0.8384752292073635,0.09710415042320612
25816,GOF,0.00993624573461599,0.8780639219481358,0.11199983231724818
25817,GOF,0.10680985727753227,0.7986430515387807,0.09454709118368697
25818,GOF,0.025632476453385237,0.8277084057145808,0.1466591178320339
25819,GOF,0.05441264907887508,0.7702944532307143,0.17529289769041065
25820,GOF,0.03560018332026798,0.7253955926560764,0.23900422402365573
25821,GOF,0.025797601630521493,0.758991330739756,0.21521106762972259
25822,GOF,0.04660149614140754,0.7639937151107817,0.18940478874781072
25823,GOF,0.025824315792920667,0.7472179984383793,0.2269576857687
25824,GOF,0.02577690014990193,0.8065909483723829,0.1676321514777151
25825,GOF,0.020756366146948396,0.8027565961258663,0.17648703772718546
25826,GOF,0.009422153464288475,0.7550794340336687,0.23549841250204287
25827,GOF,0.014501916178553035,0.7110835984985637,0.27441448532288326
25828,GOF,0.010777850783662347,0.7655098052617693,0.22371234395456846
25829,GOF,0.004035723741997306,0.7083782222424466,0.28758605401555604
25830,GOF,0.03599284405429179,0.4884370590285382,0.47557009691716995
25831,GOF,0.05408006237133427,0.8281089401973433,0.1178109974313225
25832,GOF,0.009413140909919243,0.7758410444238367,0.21474581466624398
25833,GOF,0.03244606923582148,0.8386788692363092,0.12887506152786932
25834,GOF,0.009608079224577308,0.793088636224953,0.19730328455046958
25835,GOF,0.022143367249082366,0.8548702099577992,0.12298642279311853
25836,GOF,0.0072302958561315895,0.7923211747850515,0.2004485293588168
25837,GOF,0.008766514525521765,0.8034928737649816,0.18774061170949677
25838,GOF,0.022042582997945606,0.8538082504214013,0.12414916658065302
25839,GOF,0.06503472109967154,0.8262027501292594,0.10876252877106904
25840,GOF,0.08521168076444555,0.8186098061423712,0.09617851309318323
25841,GOF,0.08635910638498064,0.8397860911713868,0.07385480244363254
25842,GOF,0.02800278538428379,0.891543080968705,0.08045413364701119
25843,GOF,0.02748731275064465,0.8933242358273932,0.07918845142196208
25844,GOF,0.019989424579808658,0.8544301463088609,0.12558042911133038
25845,GOF,0.006776258319748068,0.7785001778157857,0.2147235638644661
25846,GOF,0.07526745492139576,0.8387589941101243,0.08597355096847978
25847,GOF,0.015940155199698807,0.9010097780168638,0.08305006678343746
25848,GOF,0.025327448530534983,0.8599531130797317,0.11471943838973339
25849,GOF,0.007565711506187282,0.8435039731425731,0.1489303153512396
25850,GOF,0.006464305448145175,0.7647405206176319,0.228795173934223
25851,GOF,0.006057015885270964,0.7223312160358017,0.2716117680789273
25852,GOF,0.1539409403217616,0.573900462889937,0.2721585967883015
25853,GOF,0.0785461458314127,0.8242065443338489,0.09724730983473838
25854,GOF,0.006095947951037769,0.7536971144486614,0.24020693760030076
25855,GOF,0.02474369431646173,0.7081690548772356,0.26708725080630263
25856,GOF,0.047239915659565083,0.7773860667465723,0.17537401759386262
25857,GOF,0.024802032362943954,0.7082809826925052,0.2669169849445509
25858,GOF,0.011472585321881723,0.737243674378328,0.2512837402997902
25859,GOF,0.00824682240512839,0.722068511532158,0.2696846660627135
25860,GOF,0.07433803521689122,0.8072417353306076,0.11842022945250114
25861,GOF,0.10591757343314186,0.8054450214678022,0.08863740509905581
25862,GOF,0.031224480406703038,0.8914760511947768,0.07729946839852009
25863,GOF,0.028199511655834127,0.8874188710348885,0.08438161730927743
25864,GOF,0.06978004833291447,0.8800736799556693,0.05014627171141629
25865,GOF,0.0576475877384276,0.8490428015126896,0.09330961074888294
25866,GOF,0.029163181986351826,0.8840346554284803,0.08680216258516779
25867,GOF,0.050651795595784595,0.873473172975355,0.07587503142886026
25868,GOF,0.07898082795620252,0.8257974919870471,0.09522168005675037
25869,GOF,0.34389730123347045,0.5756427176452307,0.08045998112129873
25870,GOF,0.06568786956894981,0.5913863955031495,0.34292573492790057
25871,GOF,0.012034711289033951,0.8825842703194567,0.10538101839150939
25872,GOF,0.02325589470819774,0.8695001631097251,0.10724394218207721
25873,GOF,0.0214043680875524,0.8909686549922509,0.08762697692019676
25874,LOF,0.016779160756202328,0.2015327263811295,0.781688112862668
25875,LOF,0.03214969043693315,0.059292599543598,0.9085577100194688
25876,LOF,0.017777960984914326,0.046858215172082426,0.9353638238430033
25877,LOF,0.11389762831140735,0.08742595637586677,0.7986764153127259
25878,LOF,0.08956462814132479,0.13729436326524083,0.7731410085934343
25879,LOF,0.016634640451632824,0.09251747427037421,0.8908478852779929
25880,LOF,0.06223402033516372,0.015513304450505258,0.9222526752143311
25881,Neutral,0.5139922929750138,0.07798151681461273,0.4080261902103734
25882,LOF,0.05885628702826523,0.02801897275069017,0.9131247402210446
25883,LOF,0.026997028619349942,0.030578531321002352,0.9424244400596477
25884,LOF,0.01795450994932701,0.048190415582285116,0.9338550744683878
25885,LOF,0.18088509430145103,0.014136767496919753,0.8049781382016291
25886,LOF,0.2725545160727944,0.060648420668247924,0.6667970632589576
25887,LOF,0.11560421358543752,0.10683934936986982,0.7775564370446926
25888,LOF,0.008207310875881689,0.1375128921728467,0.8542797969512715
25889,LOF,0.024506283862826446,0.04235603312312502,0.9331376830140486
25890,LOF,0.17537908145893955,0.06296839890321486,0.7616525196378456
25891,LOF,0.11040489662966835,0.02556519074237496,0.8640299126279566
25892,LOF,0.011574461343492498,0.037658399238432325,0.9507671394180752
25893,LOF,0.42414137287841674,0.009651939059764837,0.5662066880618183
25894,LOF,0.40160490920430786,0.006858240625480541,0.5915368501702116
25895,LOF,0.3514206044671542,0.014436800842034494,0.6341425946908114
25896,LOF,0.07222004247155872,0.0322073958193846,0.8955725617090565
25897,LOF,0.1417139671153552,0.01140461335927608,0.8468814195253688
25898,LOF,0.14919879134427103,0.03651238352105609,0.8142888251346729
25899,LOF,0.4197195507719136,0.03359662450279257,0.546683824725294
25900,LOF,0.45452521659333966,0.010805069832294494,0.5346697135743659
25901,LOF,0.06609247239156942,0.012720277228886967,0.9211872503795436
25902,LOF,0.1861251138751121,0.013447481671779825,0.8004274044531081
25903,LOF,0.31629798161884626,0.025085416295363972,0.6586166020857898
25904,Neutral,0.47688169358821675,0.048247667412629404,0.47487063899915377
25905,LOF,0.0059439349788014744,0.41167347314956043,0.582382591871638
25906,LOF,0.008125823527911007,0.07540003695720081,0.9164741395148881
25907,LOF,0.0082549952136286,0.2778065747515195,0.7139384300348519
25908,LOF,0.008200841771292688,0.27466983587685306,0.7171293223518542
25909,LOF,0.030537314390560098,0.10764619997187978,0.8618164856375601
25910,LOF,0.012378478519684327,0.15850550383480194,0.8291160176455137
25911,LOF,0.224495109491919,0.026605433171961984,0.7488994573361191
25912,LOF,0.10595290368404617,0.01972130973434561,0.8743257865816083
25913,LOF,0.02297773210081589,0.02781027107333192,0.9492119968258522
25914,LOF,0.0378865889741622,0.0277212207350559,0.9343921902907819
25915,LOF,0.19934764016467668,0.12982560588677752,0.6708267539485457
25916,LOF,0.024316879623414226,0.06404308724794822,0.9116400331286376
25917,LOF,0.07421330538762354,0.0258159897775217,0.8999707048348548
25918,LOF,0.04096556164140344,0.014789189233985315,0.9442452491246113
25919,LOF,0.035786189610012106,0.013872085131409405,0.9503417252585785
25920,Neutral,0.4079755856510694,0.257654944017856,0.3343694703310746
25921,LOF,0.015421936957531053,0.019918672955195258,0.9646593900872736
25922,LOF,0.017377160098786593,0.01948334420435693,0.9631394956968564
25923,LOF,0.442894556831675,0.015977239030040814,0.5411282041382841
25924,LOF,0.026610751257744668,0.02560009893678022,0.947789149805475
25925,LOF,0.0993045493862829,0.027555737909712254,0.8731397127040048
25926,LOF,0.08306194401662786,0.019953473822373925,0.8969845821609982
25927,LOF,0.02222834955591317,0.05221676119588089,0.925554889248206
25928,LOF,0.011182520501478223,0.028729175911530052,0.9600883035869918
25929,Neutral,0.5692258477398926,0.015528297283804152,0.4152458549763032
25930,LOF,0.08608223294672972,0.015510937432285645,0.8984068296209847
25931,LOF,0.01394246156852863,0.018859087538845517,0.9671984508926259
25932,LOF,0.06752754115837853,0.01786820593610363,0.9146042529055177
25933,LOF,0.06867431849961893,0.010538781524502308,0.9207868999758788
25934,LOF,0.06374733023251651,0.008839529768594695,0.9274131399988889
25935,LOF,0.09326708702600707,0.02551121460665667,0.8812216983673362
25936,LOF,0.11698284635619557,0.010001453740307552,0.8730156999034968
25937,LOF,0.022884235213027584,0.01602911006788405,0.9610866547190884
25938,LOF,0.0956374362862497,0.02556729552174827,0.8787952681920019
25939,LOF,0.05612137890276257,0.013352404812916607,0.9305262162843209
25940,LOF,0.007935417457689132,0.46761004688902696,0.5244545356532839
25941,LOF,0.4220390086018012,0.04368178542348162,0.5342792059747172
25942,LOF,0.010491186458834801,0.04776112005792918,0.9417476934832361
25943,LOF,0.03956463028330913,0.16347784398567292,0.796957525731018
25944,LOF,0.038220777297188785,0.07347501358738547,0.8883042091154258
25945,LOF,0.12390824418734106,0.02631728096301714,0.8497744748496419
25946,LOF,0.07287739478059567,0.03831481032666132,0.888807794892743
25947,Neutral,0.5005907493884896,0.09319891226690122,0.40621033834460923
25948,LOF,0.3841863058146183,0.01805951233536805,0.5977541818500136
25949,LOF,0.16481996528218332,0.07970038062070721,0.7554796540971096
25950,GOF,0.09073202218398403,0.5339838225688688,0.3752841552471472
25951,LOF,0.016795550201167422,0.4365988278458548,0.5466056219529778
25952,LOF,0.2205841119106119,0.2078397466191939,0.5715761414701942
25953,LOF,0.009444166677613483,0.26279866336188185,0.7277571699605047
25954,LOF,0.10201578294601106,0.39797607180689387,0.500008145247095
25955,LOF,0.007497890381699028,0.25086079598988664,0.7416413136284142
25956,LOF,0.01938045250410422,0.33465325705574783,0.645966290440148
25957,LOF,0.17285840042216066,0.03292140112618628,0.7942201984516531
25958,LOF,0.029329691712350833,0.06067540003050685,0.9099949082571424
25959,GOF,0.006379213819672606,0.7407689853391117,0.2528518008412156
25960,LOF,0.005096713597714782,0.11319827246596494,0.8817050139363202
25961,LOF,0.026582644266661935,0.04769263601894298,0.9257247197143951
25962,LOF,0.049263183515721926,0.07925514538036754,0.8714816711039104
25963,LOF,0.0065416398716154,0.15965383012527534,0.8338045300031092
25964,LOF,0.027816619311219093,0.1520879973195334,0.8200953833692475
25965,LOF,0.249280193913629,0.1542748155445015,0.5964449905418695
25966,LOF,0.31486219300782353,0.11117145070775267,0.5739663562844238
25967,LOF,0.006616509441815732,0.07471290330013758,0.9186705872580466
25968,LOF,0.03837473783553386,0.2516345865594838,0.7099906756049823
25969,LOF,0.16903342987415865,0.06045095771917682,0.7705156124066646
25970,LOF,0.06239336435784914,0.06729760910006555,0.8703090265420853
25971,LOF,0.08022985912728495,0.0286743997586588,0.8910957411140563
25972,LOF,0.07772852158400788,0.05609499709018265,0.8661764813258095
25973,LOF,0.06907771636503016,0.010883092121548683,0.9200391915134211
25974,LOF,0.04924765353689274,0.03989513422058067,0.9108572122425265
25975,LOF,0.03964062013865414,0.02014259147146626,0.9402167883898795
25976,LOF,0.08037673059217149,0.012566581382268129,0.9070566880255604
25977,LOF,0.2653364759064265,0.054273802267088826,0.6803897218264847
25978,LOF,0.15391529757669237,0.13709563285999415,0.7089890695633133
25979,LOF,0.12888673100620476,0.15459849416112043,0.7165147748326748
25980,LOF,0.20204494312700463,0.21476198919806638,0.583193067674929
25981,LOF,0.20241351933164417,0.2168914291675477,0.5806950515008081
25982,LOF,0.37124779599990354,0.11872492609685512,0.5100272779032414
25983,Neutral,0.4449158638491606,0.11682230139289292,0.4382618347579465
25984,LOF,0.051658961734105446,0.08572343815756052,0.862617600108334
25985,Neutral,0.5174020533001259,0.11665009264114692,0.3659478540587272
25986,LOF,0.01096936541228772,0.4676060613490096,0.5214245732387027
25987,LOF,0.03784596319079157,0.09360268216557138,0.868551354643637
25988,LOF,0.047884334173355844,0.13178764432702755,0.8203280214996166
25989,LOF,0.059524503398999534,0.21421927112783926,0.7262562254731613
25990,LOF,0.04602139075325816,0.32437162941103354,0.6296069798357083
25991,LOF,0.02550024150413809,0.45535565614833273,0.5191441023475292
25992,LOF,0.017435825176763932,0.38732774980787427,0.5952364250153619
25993,LOF,0.02881987926190006,0.059203259030621555,0.9119768617074783
25994,LOF,0.025289226917930733,0.06288709789026364,0.9118236751918057
25995,LOF,0.020299956030567372,0.11566554027791344,0.8640345036915191
25996,Neutral,0.42459781907235905,0.33541352371473654,0.2399886572129043
25997,LOF,0.05997697017044251,0.42735982604015055,0.5126632037894069
25998,LOF,0.2267667145948774,0.043994716592091136,0.7292385688130315
25999,LOF,0.03782997661833965,0.1161525057390953,0.8460175176425649
26000,LOF,0.127832609160491,0.016289024008951786,0.8558783668305572
26001,LOF,0.22475058666193104,0.018563076856516533,0.7566863364815525
26002,LOF,0.11821241711223593,0.027726769014254478,0.8540608138735095
26003,GOF,0.005548369301863521,0.636238403396394,0.3582132273017424
26004,GOF,0.009880340037071543,0.6036232568917766,0.3864964030711518
26005,LOF,0.0039356779702872675,0.4952023605467438,0.5008619614829689
26006,GOF,0.07426817247555859,0.5472665125135496,0.3784653150108917
26007,GOF,0.006866093885986021,0.5142737066644079,0.4788601994496062
26008,GOF,0.005522504025537245,0.5943920335410712,0.40008546243339166
26009,GOF,0.009781449286629582,0.6427991788960893,0.34741937181728105
26010,GOF,0.006390942610541854,0.5588182426870865,0.4347908147023717
26011,LOF,0.004159130194770724,0.4198944498627665,0.5759464199424628
26012,GOF,0.004578979045618381,0.5666820094927166,0.428739011461665
26013,GOF,0.009419741191198022,0.5644701536610044,0.42611010514779774
26014,LOF,0.06369373620017606,0.07146663736236163,0.8648396264374623
26015,LOF,0.32632295175404147,0.026234572717157057,0.6474424755288014
26016,LOF,0.2698120504751334,0.03522909115470948,0.694958858370157
26017,LOF,0.011241334150201177,0.16925949971806983,0.819499166131729
26018,LOF,0.025637462789999725,0.0821387800209434,0.8922237571890569
26019,LOF,0.024782280007123045,0.07440414095832365,0.9008135790345534
26020,LOF,0.007633522387812995,0.1660245191191405,0.8263419584930464
26021,LOF,0.07806892360113048,0.06756586513462152,0.8543652112642479
26022,LOF,0.03780977746481933,0.033054314468899094,0.9291359080662815
26023,LOF,0.020483814045819837,0.05238958392615724,0.9271266020280229
26024,LOF,0.047013981355958814,0.05444139673106409,0.8985446219129772
26025,LOF,0.11601202801770291,0.05809584717483257,0.8258921248074644
26026,LOF,0.10543098450061189,0.04377511354466189,0.8507939019547264
26027,LOF,0.024514903196588413,0.03205147788094133,0.9434336189224704
26028,LOF,0.0797670458805067,0.16907922567987915,0.7511537284396143
26029,LOF,0.0208641492477063,0.1477638950008699,0.8313719557514239
26030,LOF,0.11569204001040417,0.02148471968445221,0.8628232403051436
26031,LOF,0.009699274782539206,0.12740918032700654,0.8628915448904542
26032,LOF,0.032979386621850924,0.04424805646371755,0.9227725569144315
26033,LOF,0.036310807926477506,0.04177011434957463,0.9219190777239479
26034,LOF,0.013173538093760321,0.09864759139990778,0.888178870506332
26035,LOF,0.010564099309052142,0.09659350665846497,0.892842394032483
26036,LOF,0.01023285956133926,0.08273164163780647,0.9070354988008543
26037,LOF,0.010004173611628973,0.0894520777382776,0.9005437486500935
26038,LOF,0.028612004898470537,0.03994346502732312,0.9314445300742065
26039,LOF,0.029839534276955328,0.11482428533216558,0.8553361803908791
26040,LOF,0.07567535852054483,0.10290534233280736,0.8214192991466478
26041,LOF,0.012640831448974705,0.08603637517203665,0.9013227933789887
26042,LOF,0.011666250707775463,0.08934563890204901,0.8989881103901755
26043,LOF,0.028773219984905465,0.06378621112260568,0.9074405688924889
26044,LOF,0.008323319170263214,0.04505211198483823,0.9466245688448985
26045,LOF,0.0719571293669305,0.1236086662967225,0.804434204336347
26046,LOF,0.02598887582665871,0.04512041703702875,0.9288907071363125
26047,LOF,0.054400002500294205,0.04422093132437889,0.9013790661753269
26048,LOF,0.09116576240059969,0.01639090761297121,0.8924433299864291
26049,Neutral,0.9382410280939463,0.005405681357124897,0.056353290548928923
26050,Neutral,0.9025404285168075,0.0059975965199005705,0.09146197496329193
26051,LOF,0.026882946437282708,0.07280134901117015,0.9003157045515472
26052,LOF,0.029719389577622036,0.05986323653748316,0.9104173738848947
26053,LOF,0.017717920548866645,0.1510853550940628,0.8311967243570705
26054,LOF,0.05226444469357612,0.03993584027759586,0.907799715028828
26055,LOF,0.07935255781262349,0.03484392421248095,0.8858035179748956
26056,LOF,0.06555309850931094,0.04668633340781422,0.8877605680828748
26057,LOF,0.05432196041572582,0.020219739600345107,0.925458299983929
26058,LOF,0.05926253941066753,0.015923197731626367,0.9248142628577062
26059,LOF,0.2347798811202851,0.03171523571356799,0.7335048831661468
26060,LOF,0.015319538501377131,0.16349695312067747,0.8211835083779454
26061,LOF,0.010857291794993836,0.013307572673001688,0.9758351355320044
26062,LOF,0.005782247995682105,0.019217418424931937,0.975000333579386
26063,LOF,0.03986259603948835,0.01487327102756155,0.9452641329329501
26064,LOF,0.01641016205892017,0.02165831794894671,0.9619315199921331
26065,LOF,0.05061001816681911,0.01917013481831066,0.9302198470148703
26066,LOF,0.037951607513939,0.014190364216700333,0.9478580282693606
26067,LOF,0.04403348276283724,0.013750524914524333,0.9422159923226385
26068,LOF,0.05056229649808114,0.04438100401929662,0.9050566994826222
26069,LOF,0.25694956680665904,0.02814217830509591,0.714908254888245
26070,LOF,0.4739821242657671,0.019918065636310732,0.5060998100979222
26071,LOF,0.046101664656383115,0.016742058120585292,0.9371562772230316
26072,LOF,0.00715821729565384,0.02147922153011908,0.971362561174227
26073,LOF,0.03624529007736436,0.019808277008809976,0.9439464329138256
26074,Neutral,0.8064984173837829,0.014070433609198305,0.17943114900701887
26075,LOF,0.04998335880319118,0.032647026252620504,0.9173696149441882
26076,LOF,0.048158795688963356,0.014865194433103454,0.9369760098779331
26077,LOF,0.13680115589558833,0.010526680858675407,0.8526721632457364
26078,LOF,0.006361944884475702,0.02109420522878073,0.9725438498867436
26079,LOF,0.062469006844149154,0.025368617520046047,0.9121623756358048
26080,LOF,0.06126490155523388,0.025436647731805446,0.9132984507129607
26081,LOF,0.03339053018744145,0.01281260104657274,0.9537968687659858
26082,LOF,0.005159257912689838,0.022621817693562602,0.9722189243937477
26083,LOF,0.09403537647319458,0.029062490256005668,0.8769021332707997
26084,LOF,0.09826511871142443,0.02380483340620261,0.8779300478823729
26085,LOF,0.08966131632175464,0.019384755381549244,0.8909539282966962
26086,LOF,0.03528834590865865,0.01880018972019831,0.945911464371143
26087,LOF,0.03495509784788344,0.015773790036639583,0.9492711121154769
26088,LOF,0.006846297779238541,0.02937637182509571,0.9637773303956657
26089,LOF,0.0436200968315735,0.041038021272766734,0.9153418818956598
26090,LOF,0.04370503179238669,0.03127187886824157,0.9250230893393717
26091,LOF,0.025866455139598933,0.011849627186351679,0.9622839176740493
26092,LOF,0.04798268164020707,0.012518646546002044,0.9394986718137908
26093,LOF,0.08360477160473363,0.008747403473897747,0.9076478249213685
26094,LOF,0.031131493158033135,0.01053291369320888,0.9583355931487579
26095,LOF,0.019958746305332727,0.02285461315551143,0.9571866405391558
26096,LOF,0.18887982226731662,0.006198690841535971,0.8049214868911474
26097,LOF,0.006790241580134297,0.051999055184934626,0.9412107032349311
26098,LOF,0.11006044659611403,0.025621791715637984,0.8643177616882479
26099,LOF,0.03575276022512241,0.02902154495395514,0.9352256948209225
26100,LOF,0.03575276022512241,0.02902154495395514,0.9352256948209225
26101,LOF,0.05764019548203979,0.047450856721357425,0.8949089477966028
26102,LOF,0.030667052209234255,0.024826663513381853,0.9445062842773839
26103,Neutral,0.8921374389466608,0.033471716660892895,0.07439084439244649
26104,LOF,0.05912562449252096,0.04341438098218248,0.8974599945252966
26105,LOF,0.26131514166549297,0.09926241391796402,0.639422444416543
26106,LOF,0.33112354018432577,0.04940418844407204,0.6194722713716023
26107,LOF,0.018340718015064456,0.07921110068936373,0.9024481812955719
26108,LOF,0.25067782419442713,0.03771351521468743,0.7116086605908853
26109,LOF,0.07191986323571978,0.0373886824163013,0.8906914543479789
26110,LOF,0.3712942068757378,0.014449631399982506,0.6142561617242797
26111,LOF,0.048115693919651314,0.12938558305499503,0.8224987230253535
26112,LOF,0.048254555759781916,0.013433552225252809,0.9383118920149653
26113,LOF,0.10419583641742795,0.04041197889384053,0.8553921846887316
26114,LOF,0.09408645880147302,0.006185036135076482,0.8997285050634504
26115,LOF,0.01732880082582313,0.04206449005653953,0.9406067091176374
26116,LOF,0.07833851256440942,0.018622729658552852,0.9030387577770377
26117,LOF,0.3432541838878162,0.05388925173729718,0.6028565643748867
26118,LOF,0.054543224102941455,0.023650238311281695,0.9218065375857769
26119,LOF,0.005620839253773852,0.11330830580429542,0.8810708549419306
26120,LOF,0.03694780624533298,0.022867901410432538,0.9401842923442345
26121,LOF,0.003527042684490963,0.1709199283692216,0.8255530289462875
