feature0,prediction,LoGoFunc_Neutral,LoGoFunc_GOF,LoGoFunc_LOF
25546,Neutral,0.7459252260387338,0.03138082590735664,0.22269394805390968
25547,Neutral,0.5964391149491953,0.06718117610164598,0.33637970894915886
25548,Neutral,0.6077785192284705,0.04713959694381455,0.3450818838277151
25549,Neutral,0.5221727528367465,0.04633226296857168,0.43149498419468185
25550,LOF,0.3548894970786814,0.09431258223727883,0.5507979206840399
25551,LOF,0.2804438257352791,0.10341291262408102,0.6161432616406399
25552,LOF,0.2083662463072932,0.09744415102862748,0.6941896026640793
25553,Neutral,0.8451622120277232,0.0226321545826246,0.13220563338965233
25554,LOF,0.24301901543435556,0.09177877609448022,0.6652022084711642
25555,LOF,0.202027264821847,0.0811156731697266,0.7168570620084264
25556,LOF,0.4501431529542967,0.07587370573858795,0.4739831413071153
25557,LOF,0.19654288019646468,0.08590837206766604,0.7175487477358693
25558,LOF,0.22961608791909835,0.09225872963338708,0.6781251824475145
25559,LOF,0.37960259777530025,0.11926850528457547,0.5011288969401243
25560,LOF,0.053990555138455215,0.11364908252256396,0.8323603623389808
25561,LOF,0.11947841453523446,0.12001828096919143,0.760503304495574
25562,LOF,0.07945424502757133,0.06699463951716937,0.8535511154552593
25563,LOF,0.10840392192522492,0.06390490188875539,0.8276911761860197
25564,LOF,0.2688184174705053,0.09945908273859544,0.6317224997908992
25565,LOF,0.13659245870698597,0.11779024081933263,0.7456173004736815
25566,GOF,0.013698290372936192,0.7884942199742682,0.19780748965279554
25567,LOF,0.01684370018493893,0.16824023459870535,0.8149160652163557
25568,LOF,0.04708530922580179,0.06038049445026268,0.8925341963239356
25569,LOF,0.05270350558500812,0.06177883369273405,0.8855176607222579
25570,LOF,0.05553142860354597,0.09190078533631432,0.8525677860601396
25571,LOF,0.050211602590051266,0.08805419781649544,0.8617341995934534
25572,LOF,0.06871695216039819,0.11166855025306624,0.8196144975865356
25573,LOF,0.0354502762218967,0.0920895086143507,0.8724602151637526
25574,LOF,0.020887426035513374,0.14083289205356334,0.8382796819109234
25575,LOF,0.043785287822579025,0.10627032006953388,0.8499443921078871
25576,LOF,0.020062631212393323,0.12191398336605,0.8580233854215568
25577,LOF,0.017681814356243827,0.11076905737764053,0.8715491282661156
25578,LOF,0.2942974973074598,0.07892363168828406,0.6267788710042561
25579,LOF,0.1594468711749559,0.09131005464418057,0.7492430741808637
25580,LOF,0.031025623981899474,0.07657583741379793,0.8923985386043026
25581,LOF,0.05056112506625248,0.06337261563047793,0.8860662593032697
25582,LOF,0.049884507824689325,0.06209237823084677,0.8880231139444639
25583,LOF,0.038645815030902454,0.08382005383231568,0.8775341311367819
25584,Neutral,0.5135227921994279,0.09800050727411617,0.38847670052645605
25585,LOF,0.022839287035600297,0.12655008015805777,0.8506106328063419
25586,LOF,0.029798930100413755,0.06898767050540135,0.901213399394185
25587,LOF,0.02996595758224495,0.06348662043824532,0.9065474219795098
25588,LOF,0.030740149277863324,0.08059650076166534,0.8886633499604715
25589,Neutral,0.6392813409201965,0.11367370148789838,0.24704495759190515
25590,LOF,0.03681005758676864,0.11884075039544542,0.844349192017786
25591,LOF,0.0933605070554661,0.05360351748415974,0.853035975460374
25592,LOF,0.10531937450575198,0.12051646469038703,0.7741641608038611
25593,LOF,0.03472016364148023,0.2517786555058877,0.713501180852632
25594,LOF,0.04486090683157603,0.16679024371135318,0.7883488494570707
25595,LOF,0.0549298361593663,0.11434261422380225,0.8307275496168314
25596,LOF,0.057127565359891545,0.0951072615028294,0.847765173137279
25597,LOF,0.03989010322846631,0.09663435715064013,0.8634755396208935
25598,LOF,0.05337084072740043,0.11358556980977089,0.8330435894628287
25599,GOF,0.007580041513112284,0.5958049284352452,0.3966150300516425
25600,GOF,0.013851465291791994,0.6020794925286436,0.3840690421795645
25601,LOF,0.0094662363989767,0.4592864900247872,0.531247273576236
25602,LOF,0.02885280666925757,0.04603695993596918,0.9251102333947732
25603,LOF,0.05315807485387787,0.021789014773434576,0.9250529103726877
25604,LOF,0.033654110115565815,0.04850865805640631,0.917837231828028
25605,LOF,0.010710180056286519,0.20606190177387235,0.783227918169841
25606,LOF,0.08064143458784773,0.35415792704883897,0.5652006383633132
25607,LOF,0.006584439368279588,0.17891666064639397,0.8144988999853265
25608,LOF,0.017209540846227295,0.09765596254870298,0.8851344966050698
25609,LOF,0.053188179205097746,0.45154656154785755,0.4952652592470447
25610,LOF,0.031990244792066004,0.028579729161798424,0.9394300260461356
25611,LOF,0.03740117814566186,0.026528323673082638,0.9360704981812555
25612,LOF,0.09879263932632558,0.040759215989702044,0.8604481446839725
25613,LOF,0.08024739534841,0.04191565807375528,0.8778369465778347
25614,LOF,0.026953089665020614,0.035837854814855574,0.9372090555201239
25615,LOF,0.036809772718811945,0.046580456254571384,0.9166097710266167
25616,LOF,0.02521897685153812,0.03408815800448412,0.9406928651439779
25617,LOF,0.025589394015227876,0.03839602699348013,0.9360145789912919
25618,LOF,0.1359285272502943,0.031947341230158695,0.8321241315195471
25619,LOF,0.02722859002649126,0.03382411310102127,0.9389472968724875
25620,LOF,0.032028198153751145,0.043948640862645307,0.9240231609836035
25621,LOF,0.030055525905120967,0.033334376464472786,0.9366100976304061
25622,LOF,0.03545244111804041,0.04065353967852441,0.9238940192034352
25623,LOF,0.05151930894424678,0.03315482137764067,0.9153258696781127
25624,LOF,0.024382418349463815,0.04134541862158684,0.9342721630289494
25625,LOF,0.037891454149003835,0.04430322718147322,0.917805318669523
25626,LOF,0.07687646814454785,0.03665963506145231,0.8864638967939997
25627,Neutral,0.5305846911861098,0.10778442456720169,0.36163088424668843
25628,LOF,0.22111020900864065,0.05161891903531486,0.7272708719560445
25629,LOF,0.058299584177372896,0.06420991610498647,0.8774904997176406
25630,LOF,0.1872076466097791,0.08241557547838395,0.7303767779118369
25631,Neutral,0.5976180858115929,0.05469050908928775,0.34769140509911933
25632,LOF,0.011882418914450986,0.11698798069086581,0.8711296003946831
25633,LOF,0.11102445134070484,0.08616974128625762,0.8028058073730375
25634,LOF,0.031047689412189772,0.11403116395081489,0.8549211466369954
25635,LOF,0.03542473225495262,0.08733035654129408,0.8772449112037533
25636,GOF,0.003922485935706894,0.6164929492750216,0.37958456478927155
25637,GOF,0.0035765605813194382,0.6718310898552438,0.32459234956343697
25638,LOF,0.006547816801590489,0.4362655005315632,0.5571866826668463
25639,GOF,0.003641897211896386,0.5179101187758393,0.47844798401226424
25640,GOF,0.4516929403530867,0.4848403625721406,0.06346669707477265
25641,LOF,0.00655659526054065,0.37408558142108667,0.6193578233183726
25642,LOF,0.23505626608516475,0.07726950559263741,0.6876742283221978
25643,LOF,0.2559219874040836,0.18553164606607916,0.5585463665298372
25644,GOF,0.014144106167439517,0.5451383607627186,0.4407175330698419
25645,LOF,0.011459346786420955,0.47498350786794624,0.5135571453456329
25646,LOF,0.019600229433674073,0.3473439751633781,0.6330557954029478
25647,LOF,0.01464588769520779,0.2925985300659672,0.692755582238825
25648,LOF,0.013432036558464411,0.31213222100112914,0.6744357424404064
25649,LOF,0.011750540315913457,0.21215573619630118,0.7760937234877854
25650,GOF,0.028133765754338565,0.49554526771821805,0.47632096652744327
25651,LOF,0.008204491144599046,0.30215088453945915,0.6896446243159419
25652,LOF,0.012969073608984789,0.2696716977442077,0.7173592286468075
25653,LOF,0.05032217792165242,0.3834668231309966,0.5662109989473509
25654,LOF,0.015404460240436388,0.1583583694902825,0.8262371702692812
25655,LOF,0.07852648641416242,0.4276085834422774,0.4938649301435602
25656,LOF,0.09914432941881854,0.0788194110400104,0.822036259541171
25657,LOF,0.3241420424613312,0.03523983254095729,0.6406181249977114
25658,LOF,0.0449015244060231,0.10357342801358278,0.8515250475803942
25659,LOF,0.35787601293745996,0.0684035880906072,0.5737203989719327
25660,LOF,0.06598757054265253,0.09493766244269847,0.839074767014649
25661,LOF,0.04388514032694277,0.0706178298898665,0.8854970297831907
25662,LOF,0.026925593485225687,0.04948431337155658,0.9235900931432178
25663,LOF,0.03795662554999099,0.07224341415974822,0.8897999602902608
25664,LOF,0.044223975460067476,0.08579742746274774,0.8699785970771847
25665,LOF,0.05609914908015889,0.04948126772846646,0.8944195831913747
25666,LOF,0.04142056625081137,0.12473249033415756,0.8338469434150311
25667,LOF,0.031700112151246594,0.054209201360298505,0.9140906864884549
25668,LOF,0.03135004694572829,0.057886463318597994,0.9107634897356738
25669,LOF,0.038225949768146424,0.08514678615080591,0.8766272640810477
25670,LOF,0.07147396531794398,0.0906339974306617,0.8378920372513943
25671,LOF,0.037806889259199394,0.0478858480073315,0.9143072627334691
25672,LOF,0.05882725364523188,0.06927809943246745,0.8718946469223008
25673,LOF,0.043855643249438005,0.07465254795755341,0.8814918087930086
25674,LOF,0.03951209139997353,0.07742213710043248,0.8830657714995941
25675,LOF,0.051812060379448625,0.06308843008037102,0.8850995095401804
25676,LOF,0.032588348627952096,0.05982688891165403,0.9075847624603938
25677,LOF,0.05699831555546441,0.06925823130158582,0.8737434531429498
25678,LOF,0.2758834319114791,0.03812723445320155,0.6859893336353192
25679,LOF,0.18433106094223797,0.06760117617194288,0.7480677628858191
25680,LOF,0.05469437199246603,0.09989013608401913,0.845415491923515
25681,LOF,0.10094640944343163,0.0942199492798942,0.8048336412766742
25682,LOF,0.04369943056092772,0.07827049480679459,0.8780300746322777
25683,LOF,0.10608684547152626,0.08631537203931135,0.8075977824891625
25684,LOF,0.054462296201665844,0.0785528880295996,0.8669848157687345
25685,LOF,0.10937349978033963,0.03395289071770149,0.8566736095019588
25686,LOF,0.043150151914825415,0.09225879416988027,0.8645910539152942
25687,LOF,0.050342862150670784,0.07551707224652913,0.8741400656028001
25688,LOF,0.026773072595565477,0.09010237928405532,0.8831245481203793
25689,LOF,0.01927474089343828,0.07256214236197456,0.9081631167445872
25690,LOF,0.018565673705279246,0.0908015033872431,0.8906328229074777
25691,LOF,0.21701733565463865,0.12112576295074294,0.6618569013946184
25692,LOF,0.29107879369241946,0.011082085754991821,0.6978391205525887
25693,LOF,0.09136850007935025,0.1407070405153674,0.7679244594052824
25694,LOF,0.22944432933814937,0.016747009980164318,0.7538086606816863
25695,LOF,0.1500901436339439,0.02373001803981367,0.8261798383262425
25696,LOF,0.17070330608987555,0.009664878679424834,0.8196318152306996
25697,LOF,0.13655946806512392,0.02325627986003172,0.8401842520748445
25698,LOF,0.033165012729749775,0.3946300448329069,0.5722049424373433
25699,LOF,0.06127898636759634,0.08854650800258763,0.8501745056298161
25700,LOF,0.032123545085125084,0.010458158015650705,0.9574182968992242
25701,LOF,0.014160318250034153,0.07225250950615456,0.9135871722438113
25702,GOF,0.034934283629951865,0.7685846356052604,0.19648108076478785
25703,LOF,0.015687648645103285,0.20405045082279966,0.7802619005320971
25704,LOF,0.08824768651802825,0.14805918346158825,0.7636931300203834
25705,LOF,0.05533026247327966,0.2410228743104405,0.7036468632162798
25706,GOF,0.05681563753058243,0.5970166345713315,0.3461677278980862
25707,GOF,0.030161603121963396,0.5166833278434153,0.4531550690346213
25708,LOF,0.008686518658255194,0.45435626836652243,0.5369572129752224
25709,LOF,0.01742925744351853,0.06718668048820178,0.9153840620682797
25710,LOF,0.009366349478827378,0.18015052281383012,0.8104831277073424
25711,LOF,0.01921943333929537,0.13046366565731612,0.8503169010033885
25712,LOF,0.009853607533595763,0.2303088829490812,0.759837509517323
25713,LOF,0.017615475466508337,0.10466553429769113,0.8777189902358005
25714,LOF,0.01830959922237736,0.158739513442247,0.8229508873353757
25715,LOF,0.018608126405220513,0.12018229983437245,0.8612095737604071
25716,LOF,0.010069065124500136,0.14732544584924434,0.8426054890262555
25717,LOF,0.006406546847475099,0.14330372419480264,0.8502897289577221
25718,LOF,0.017750146073140457,0.08017491687309583,0.9020749370537637
25719,LOF,0.030781007345510456,0.08974697937150072,0.8794720132829887
25720,LOF,0.021510095092140347,0.08943248965509991,0.8890574152527597
25721,LOF,0.021642711174725285,0.10140025848288407,0.8769570303423907
25722,LOF,0.016720632407136574,0.12979445800127978,0.8534849095915837
25723,LOF,0.018898926548137254,0.07353748527940245,0.9075635881724603
25724,LOF,0.032473184932548436,0.11352719717828512,0.8539996178891663
25725,LOF,0.02062531811570086,0.0676695890600949,0.9117050928242042
25726,LOF,0.015101809942994203,0.10354889117357391,0.8813492988834318
25727,LOF,0.018051797909753097,0.08849025229737756,0.8934579497928693
25728,LOF,0.0168871253159003,0.11240224358917783,0.8707106310949219
25729,LOF,0.017727828559714918,0.11146039834676195,0.8708117730935231
25730,LOF,0.0187660683058683,0.08897449143390954,0.8922594402602223
25731,LOF,0.010777115210907772,0.19125065132356345,0.7979722334655287
25732,LOF,0.017400871725231602,0.09439647935403438,0.888202648920734
25733,LOF,0.027887297788069337,0.09002420225783433,0.8820884999540963
25734,LOF,0.007465448406931953,0.21826128038949144,0.7742732712035766
25735,LOF,0.02215898510381241,0.07884313386655979,0.8989978810296277
25736,LOF,0.02097950406977606,0.12118172745764015,0.8578387684725838
25737,LOF,0.04094660795662223,0.10222148689007401,0.8568319051533038
25738,LOF,0.01925222152366046,0.14841664749740952,0.8323311309789301
25739,LOF,0.020662248055431598,0.14470224733579448,0.8346355046087739
25740,LOF,0.04817418360280005,0.13578151874975425,0.8160442976474457
25741,LOF,0.024146358426730668,0.11711273738861393,0.8587409041846554
25742,LOF,0.03408354028102666,0.1399634477998808,0.8259530119190927
25743,LOF,0.013050341705759702,0.042916754472408156,0.944032903821832
25744,GOF,0.18261274653635207,0.41733778663277477,0.4000494668308733
25745,LOF,0.022132109920642948,0.07590746857774563,0.9019604215016115
25746,LOF,0.011837973236389415,0.09223480919106536,0.8959272175725453
25747,LOF,0.03347604648313702,0.03565325310179668,0.9308707004150663
25748,LOF,0.20535758407092916,0.06123427744233243,0.7334081384867385
25749,LOF,0.014438099069466871,0.05969760577861739,0.9258642951519157
25750,LOF,0.015316202134783026,0.08965726451570216,0.8950265333495148
25751,LOF,0.037842341533502674,0.07008357437695939,0.892074084089538
25752,GOF,0.0894156134211583,0.6919959000353243,0.21858848654351742
25753,LOF,0.0076027259691278356,0.36612447346231597,0.6262728005685563
25754,GOF,0.005069199496831229,0.8605819597425748,0.13434884076059397
25755,LOF,0.010774898283020503,0.417254867516521,0.5719702342004586
25756,LOF,0.04716065724226969,0.45854426141410304,0.4942950813436274
25757,GOF,0.0069549433252352535,0.8827568808365471,0.11028817583821772
25758,GOF,0.008950045659742932,0.8764998217899227,0.11455013255033443
25759,GOF,0.004821375104349804,0.6056392316424359,0.38953939325321435
25760,LOF,0.008109370876411033,0.29380687662496213,0.6980837524986269
25761,GOF,0.04797978647570079,0.8412006333260945,0.11081958019820472
25762,LOF,0.026984057057895208,0.39460729936957517,0.5784086435725296
25763,LOF,0.009544464443250727,0.25648732940307345,0.7339682061536759
25764,GOF,0.09630711680540806,0.6077321501888457,0.2959607330057461
25765,GOF,0.008796801892268384,0.8541848082846775,0.1370183898230542
25766,GOF,0.030208812328415137,0.822413272903467,0.1473779147681178
25767,GOF,0.014232424889630585,0.5570259832409649,0.4287415918694046
25768,LOF,0.03529017615698167,0.084079588923986,0.8806302349190324
25769,LOF,0.021443502240875226,0.07822077998967063,0.9003357177694542
25770,LOF,0.16065261615594656,0.07371200909537441,0.7656353747486792
25771,LOF,0.0150846622082608,0.08063303863598643,0.9042822991557528
25772,LOF,0.022224537010261256,0.030843903268142694,0.946931559721596
25773,LOF,0.014498114841430444,0.07097818066133592,0.9145237044972337
25774,LOF,0.027070264166960945,0.09928276287264226,0.8736469729603968
25775,LOF,0.022745757966468855,0.043428273481086285,0.9338259685524449
25776,LOF,0.024321449708716757,0.02796499694402347,0.9477135533472598
25777,LOF,0.18420092086104345,0.07535806325698646,0.7404410158819701
25778,LOF,0.01916360971446753,0.05628404470403204,0.9245523455815003
25779,GOF,0.04011395967539978,0.8944082379279682,0.065477802396632
25780,GOF,0.06581952807062522,0.8851349259258943,0.04904554600348052
25781,GOF,0.02675913582280269,0.8904121194531449,0.08282874472405244
25782,GOF,0.034553088294610616,0.9115168586883154,0.05393005301707387
25783,GOF,0.01973044703245497,0.792506291070499,0.18776326189704612
25784,GOF,0.13259620902336733,0.8368672353443806,0.030536555632252015
25785,GOF,0.07275224667573346,0.8867697116953452,0.04047804162892141
25786,GOF,0.00546398983690232,0.8268287237263162,0.16770728643678137
25787,GOF,0.1750363302436957,0.7919972293974157,0.03296644035888856
25788,LOF,0.015946428192498006,0.20503197286568428,0.7790215989418177
25789,GOF,0.01996356627256346,0.8734497154518297,0.1065867182756068
25790,GOF,0.023614456299982534,0.8768623764975788,0.09952316720243869
25791,GOF,0.015616324406624785,0.8486301684505653,0.13575350714280993
25792,GOF,0.024759930701474864,0.8631658459069649,0.11207422339156027
25793,GOF,0.07552425748283575,0.8462869496485808,0.0781887928685836
25794,GOF,0.052989084856174117,0.7820550320895896,0.16495588305423628
25795,GOF,0.03394168024191916,0.7879124424047017,0.17814587735337917
25796,GOF,0.07351297601613228,0.8335274096032761,0.09295961438059178
25797,GOF,0.030186834996150526,0.7115900036354726,0.2582231613683768
25798,GOF,0.002906701781639198,0.6723467989250734,0.3247464992932873
25799,GOF,0.0031156660986128436,0.5558884030085769,0.44099593089281025
25800,GOF,0.012072109316656763,0.7616054191288958,0.22632247155444743
25801,GOF,0.01777249881661687,0.8860413101817838,0.0961861910015992
25802,GOF,0.021024813679268634,0.8291874348446181,0.14978775147611328
25803,GOF,0.011626937185684383,0.731882279237644,0.2564907835766716
25804,GOF,0.014256884377962204,0.6635959773498995,0.3221471382721383
25805,GOF,0.02728482497023276,0.7315809814341897,0.24113419359557767
25806,GOF,0.0205969338796828,0.7897354703112591,0.1896675958090581
25807,GOF,0.005327187061800561,0.7497229038883754,0.24494990904982408
25808,GOF,0.01488178121222441,0.7781998594743408,0.20691835931343477
25809,GOF,0.006633824781529367,0.7626893054091332,0.23067686980933752
25810,GOF,0.005567528662635261,0.7658969790286353,0.22853549230872938
25811,GOF,0.05204551013938427,0.8771186824490861,0.07083580741152978
25812,GOF,0.01749362656020121,0.7579653169968332,0.22454105644296576
25813,GOF,0.10418395477912686,0.8061937251893465,0.08962232003152669
25814,GOF,0.022632004374281103,0.8086933653464927,0.1686746302792263
25815,GOF,0.0380283417754077,0.8441330347665226,0.11783862345806966
25816,GOF,0.007335689590824458,0.8597505211624901,0.13291378924668554
25817,GOF,0.08414952718228039,0.7941123068494667,0.12173816596825299
25818,GOF,0.025892280190409064,0.8182615381374558,0.15584618167213515
25819,GOF,0.05945152237653745,0.789208750248949,0.15133972737451343
25820,GOF,0.032549715553828386,0.7832014792593173,0.18424880518685438
25821,GOF,0.019439652125626282,0.7785924295762875,0.20196791829808627
25822,GOF,0.037550782348547355,0.7923119730640418,0.1701372445874108
25823,GOF,0.015743583734404622,0.6738930770391016,0.31036333922649373
25824,GOF,0.027450185774989862,0.7941763802723155,0.17837343395269456
25825,GOF,0.015905469655861197,0.7826506724485506,0.2014438578955882
25826,GOF,0.005734858154167371,0.7469488647637974,0.24731627708203519
25827,GOF,0.00771118972193228,0.710944986469439,0.2813438238086287
25828,GOF,0.005551896885745427,0.675333680028246,0.31911442308600846
25829,GOF,0.0027632641253539716,0.730455594639697,0.2667811412349491
25830,GOF,0.039261410457121115,0.5302187350494634,0.43051985449341545
25831,GOF,0.043775824791168594,0.8444643541551071,0.1117598210537243
25832,GOF,0.009129158816414743,0.81908394742904,0.17178689375454534
25833,GOF,0.03686985305494743,0.8581676050764867,0.10496254186856581
25834,GOF,0.009124018272190993,0.8289789981570652,0.1618969835707439
25835,GOF,0.016820040524181963,0.8609802389679846,0.1221997205078335
25836,GOF,0.006689472734455584,0.8324677612873997,0.16084276597814462
25837,GOF,0.007273864286839286,0.724746705655514,0.26797943005764674
25838,GOF,0.0216738886637592,0.8727658034413521,0.10556030789488872
25839,GOF,0.03989854744240798,0.8574491691230972,0.10265228343449481
25840,GOF,0.0616960422137298,0.8445323585568214,0.09377159922944878
25841,GOF,0.05339901780700219,0.8601587431539466,0.08644223903905106
25842,GOF,0.025859208745267898,0.8978122023535257,0.07632858890120649
25843,GOF,0.02651141257590781,0.9048773387529927,0.06861124867109952
25844,GOF,0.016461585363026075,0.8616396441380663,0.12189877049890756
25845,GOF,0.005631369640244886,0.662243979190173,0.33212465116958223
25846,GOF,0.036039792493567376,0.8754302236752518,0.08852998383118087
25847,GOF,0.019336235931876233,0.9096387186550778,0.07102504541304598
25848,GOF,0.017287182042516242,0.8654655644942176,0.11724725346326607
25849,GOF,0.005075236080685882,0.750534574839772,0.24439018907954202
25850,GOF,0.0061644150267357095,0.7954664860884656,0.19836909888479867
25851,GOF,0.005456775917221425,0.6743873984047606,0.3201558256780179
25852,GOF,0.13034832106506805,0.6142942130072544,0.25535746592767755
25853,GOF,0.06489771436697596,0.8490655972201809,0.08603668841284308
25854,GOF,0.005263449499790834,0.7090650847546643,0.28567146574554475
25855,GOF,0.017303609203011737,0.6644504351841886,0.31824595561279956
25856,GOF,0.04156275142489918,0.7969854988969932,0.16145174967810758
25857,GOF,0.015212358785746774,0.661181780702652,0.3236058605116012
25858,GOF,0.008940573917153503,0.6750875713918439,0.3159718546910025
25859,GOF,0.006019196335515809,0.6474610350126624,0.34651976865182177
25860,GOF,0.07948726306907913,0.8290572051297257,0.09145553180119527
25861,GOF,0.0783444288404146,0.8212867631701152,0.10036880798947022
25862,GOF,0.02144154241583722,0.8719084331726796,0.10665002441148314
25863,GOF,0.021279685481965474,0.8804407775762224,0.09827953694181218
25864,GOF,0.04588039207186086,0.8845803809922083,0.06953922693593097
25865,GOF,0.029949063421466103,0.8520607191121566,0.11799021746637721
25866,GOF,0.025655890372202842,0.8748513030755776,0.09949280655221956
25867,GOF,0.03233917407144273,0.8867173709228878,0.08094345500566959
25868,GOF,0.05190022811364889,0.8494909644664485,0.09860880741990265
25869,GOF,0.3384390742817152,0.6008615809412381,0.060699344777046624
25870,GOF,0.07215773464596147,0.7197568418435594,0.20808542351047918
25871,GOF,0.010156151669553618,0.8897529152837613,0.10009093304668497
25872,GOF,0.021117413578587492,0.8801681391978953,0.09871444722351726
25873,GOF,0.019665246456645587,0.9019223393790469,0.07841241416430762
25874,LOF,0.017222646491434138,0.228912924368197,0.7538644291403689
25875,LOF,0.046853056445734155,0.05365512030123267,0.8994918232530331
25876,LOF,0.02012430993787308,0.04207717968456876,0.9377985103775581
25877,LOF,0.11973134666513054,0.08866152342816698,0.7916071299067025
25878,LOF,0.06695127340944518,0.12098657945255269,0.8120621471380022
25879,LOF,0.02912865108611094,0.09464349636233849,0.8762278525515506
25880,LOF,0.05752002367272242,0.012477887299711658,0.9300020890275659
25881,Neutral,0.5270817025721203,0.0688106916484359,0.4041076057794438
25882,LOF,0.04815472352448867,0.032169776144136145,0.9196755003313752
25883,LOF,0.027800297065247996,0.025221279040048915,0.9469784238947032
25884,LOF,0.028500071335972807,0.04669735886949543,0.9248025697945319
25885,LOF,0.2088719669547826,0.012000157679708573,0.7791278753655089
25886,LOF,0.17275639208335836,0.059380253441629074,0.7678633544750125
25887,LOF,0.19175908802440889,0.06720963904248661,0.7410312729331046
25888,LOF,0.012889027924811348,0.1351576201279161,0.8519533519472725
25889,LOF,0.03287912079333801,0.03321618965108314,0.9339046895555789
25890,LOF,0.12535924478984167,0.12017543926233208,0.7544653159478263
25891,LOF,0.1008698353447109,0.022018887249155156,0.8771112774061338
25892,LOF,0.008621729487253057,0.03239164842151894,0.958986622091228
25893,LOF,0.3930558709294138,0.00902810039338793,0.5979160286771984
25894,LOF,0.43516235878113557,0.0055081865573949965,0.5593294546614695
25895,LOF,0.32604467372719237,0.012033961721341595,0.6619213645514661
25896,LOF,0.06504797610526188,0.017039037370921106,0.917912986523817
25897,LOF,0.19022994815064145,0.008799061802031724,0.8009709900473267
25898,LOF,0.18637502296899433,0.027714357710555637,0.7859106193204499
25899,LOF,0.37798618718151455,0.01865289311924648,0.603360919699239
25900,LOF,0.4470595372788378,0.008739482493496138,0.544200980227666
25901,LOF,0.060037844519707166,0.007657815728889886,0.9323043397514029
25902,LOF,0.17556915002661705,0.0092960807398751,0.8151347692335078
25903,LOF,0.4154778431184686,0.02361000546785568,0.5609121514136758
25904,Neutral,0.4921478325270858,0.025583317199500643,0.4822688502734135
25905,LOF,0.004316572814450769,0.46138697981495147,0.5342964473705977
25906,LOF,0.010443205444248387,0.10959620474917603,0.8799605898065755
25907,LOF,0.004743762811689182,0.34736772680215827,0.6478885103861526
25908,LOF,0.004261100825056987,0.2655554578186135,0.7301834413563295
25909,LOF,0.024045712937747224,0.15636311364604094,0.8195911734162119
25910,LOF,0.01047300794248592,0.13226493104062464,0.8572620610168895
25911,LOF,0.32689155530152986,0.03792564401644591,0.6351828006820242
25912,LOF,0.06689953484207936,0.06238916240428517,0.8707113027536355
25913,LOF,0.0411459690701358,0.0695137066404351,0.8893403242894291
25914,LOF,0.036942887778821695,0.043942168386936584,0.9191149438342419
25915,LOF,0.1880878065614618,0.18807016397209703,0.6238420294664412
25916,LOF,0.031292526997630334,0.12955658357858912,0.8391508894237806
25917,LOF,0.07230430417781698,0.04072526742758895,0.8869704283945941
25918,LOF,0.04230991609843876,0.027617576199871482,0.9300725077016897
25919,LOF,0.0362186370577433,0.026528815812819434,0.9372525471294373
25920,LOF,0.19192234251896034,0.2500191110894989,0.5580585463915407
25921,LOF,0.020156536008234544,0.04315508598668564,0.9366883780050798
25922,LOF,0.025365107372108408,0.03713893993170975,0.9374959526961818
25923,Neutral,0.4873541363870644,0.034535661673634234,0.47811020193930154
25924,LOF,0.028822016047194834,0.059259563890982594,0.9119184200618227
25925,LOF,0.08548355551062511,0.04835004875156705,0.866166395737808
25926,LOF,0.06520966870218348,0.048639715101564514,0.8861506161962519
25927,LOF,0.027841812044860272,0.07261905829998479,0.8995391296551549
25928,LOF,0.01226380701491625,0.062427113958914614,0.9253090790261691
25929,Neutral,0.5694827254649887,0.033409552627644064,0.3971077219073673
25930,LOF,0.08853351699436622,0.034185041728637226,0.8772814412769965
25931,LOF,0.01706309752304485,0.04095779407781906,0.941979108399136
25932,LOF,0.06921696923636599,0.0321720993168809,0.8986109314467531
25933,LOF,0.06346566650667589,0.021497594950751302,0.9150367385425728
25934,LOF,0.057808291896012755,0.02123563297867865,0.9209560751253085
25935,LOF,0.07512705972738735,0.06586871684813336,0.8590042234244792
25936,LOF,0.09932390126020779,0.022333378335667495,0.8783427204041248
25937,LOF,0.01744648170819146,0.04186525589657927,0.9406882623952293
25938,LOF,0.07397703479307516,0.05836873706701416,0.8676542281399107
25939,LOF,0.04613699559994548,0.02841732728626707,0.9254456771137873
25940,LOF,0.008506548239094141,0.36371389031070084,0.6277795614502052
25941,Neutral,0.4983513792311831,0.03800747201005086,0.4636411487587661
25942,LOF,0.008586294136078094,0.05509179767849285,0.9363219081854292
25943,LOF,0.04373957921476439,0.1838169039545185,0.7724435168307172
25944,LOF,0.062314635553949706,0.08046461596450159,0.8572207484815487
25945,LOF,0.11441171931582551,0.022047124378617382,0.8635411563055572
25946,LOF,0.07336172504954087,0.046014735864179306,0.8806235390862799
25947,Neutral,0.47928238125865696,0.11191395654988937,0.4088036621914537
25948,LOF,0.44159789670852434,0.01373566590843411,0.5446664373830417
25949,LOF,0.13174215715856877,0.07358950811355812,0.7946683347278732
25950,GOF,0.07020312806866237,0.6064019568638552,0.32339491506748236
25951,LOF,0.014232599482694622,0.4635578416305438,0.5222095588867617
25952,LOF,0.294715707319208,0.3258500353997392,0.3794342572810528
25953,LOF,0.006637592289227657,0.20133944264184883,0.7920229650689236
25954,GOF,0.08157517806818546,0.538742509863405,0.37968231206840963
25955,LOF,0.007139419430382382,0.1838677299816564,0.8089928505879613
25956,LOF,0.017849073890830083,0.25549713042689526,0.7266537956822747
25957,LOF,0.1921002495861779,0.03083033272140929,0.7770694176924128
25958,LOF,0.0340377057618224,0.040224064347173856,0.9257382298910037
25959,GOF,0.01731207749337777,0.6462716593648021,0.33641626314182016
25960,LOF,0.00665822722901705,0.06242041470707573,0.9309213580639072
25961,LOF,0.03213384638382954,0.03690761725143525,0.9309585363647352
25962,LOF,0.04152855779925164,0.0679799432186219,0.8904914989821264
25963,LOF,0.005303853554977655,0.19567887193691116,0.7990172745081112
25964,LOF,0.025964161104023522,0.1249502716671252,0.8490855672288514
25965,LOF,0.2513213298310242,0.11670392732358337,0.6319747428453925
25966,Neutral,0.4778932985251255,0.13818322422532084,0.38392347724955356
25967,LOF,0.00976594337456564,0.08509745836293608,0.9051365982624983
25968,LOF,0.04508722969037109,0.2455036517096458,0.709409118599983
25969,LOF,0.1391639304606797,0.05200389442049078,0.8088321751188297
25970,LOF,0.023370348963515846,0.08179165628081055,0.8948379947556736
25971,LOF,0.07938177492502371,0.03051646339180049,0.8901017616831757
25972,LOF,0.0637915883182344,0.048772947204456955,0.8874354644773086
25973,LOF,0.06613643451579215,0.008477378348049023,0.9253861871361587
25974,LOF,0.05402944382130054,0.03364696773408178,0.9123235884446178
25975,LOF,0.04437516367697299,0.016125719056334045,0.939499117266693
25976,LOF,0.0871791597435448,0.009238479010986438,0.9035823612454689
25977,LOF,0.19451374324891482,0.07067989882789091,0.7348063579231943
25978,LOF,0.18861534795301574,0.11188461593615232,0.6995000361108319
25979,LOF,0.15308730037503201,0.12533854879215892,0.7215741508328091
25980,LOF,0.268902846579802,0.17472873216877205,0.556368421251426
25981,LOF,0.2700063484622932,0.17544576989197191,0.5545478816457349
25982,Neutral,0.4912740905043466,0.08255654556036984,0.4261693639352835
25983,Neutral,0.4906722034256432,0.09413788913256974,0.41518990744178697
25984,LOF,0.040423295514911424,0.09058270933841678,0.8689939951466717
25985,LOF,0.422530860374035,0.14393923664736866,0.4335299029785963
25986,LOF,0.013635573238368458,0.40924841213756236,0.5771160146240691
25987,LOF,0.0546571698013278,0.09272515241815162,0.8526176777805206
25988,LOF,0.04196507966391822,0.14571671793437196,0.8123182024017098
25989,LOF,0.03890720931412467,0.17581635146350286,0.7852764392223726
25990,LOF,0.04331410226969159,0.28368932640791117,0.6729965713223972
25991,LOF,0.02941816404879498,0.42008173086498635,0.5505001050862187
25992,LOF,0.02406183048993002,0.4099538833432052,0.5659842861668648
25993,LOF,0.02862435825543904,0.0778151772342692,0.8935604645102917
25994,LOF,0.024158657238100407,0.08247257007365238,0.8933687726882471
25995,LOF,0.022854641702533846,0.14048445960253614,0.83666089869493
25996,Neutral,0.3557280310899237,0.3087969531222895,0.33547501578778693
25997,LOF,0.07315344554111275,0.37009409749356886,0.5567524569653185
25998,LOF,0.24915252268053087,0.04813838779218647,0.7027090895272826
25999,LOF,0.02216424892660885,0.1898541495218354,0.7879816015515557
26000,LOF,0.18233223877756763,0.03018058629925974,0.7874871749231726
26001,LOF,0.24907481207872484,0.04670525549903003,0.704219932422245
26002,LOF,0.1148567604609843,0.04802295775924387,0.8371202817797718
26003,GOF,0.005690787066755378,0.6492742866342648,0.34503492629898
26004,GOF,0.008763281559700168,0.7149827989631098,0.27625391947719
26005,GOF,0.004048092953815637,0.5145372446378532,0.48141466240833114
26006,GOF,0.1446157658278787,0.5665931631169665,0.2887910710551547
26007,GOF,0.008003219073445453,0.5365311668901286,0.455465614036426
26008,GOF,0.005511663883495085,0.6313180584577904,0.36317027765871446
26009,GOF,0.008082292564906914,0.6916250636167189,0.30029264381837417
26010,GOF,0.007604433671676614,0.6340106002456178,0.3583849660827056
26011,LOF,0.003373529127706547,0.46151545226437507,0.5351110186079184
26012,GOF,0.0048612301948164115,0.5346339175155214,0.46050485228966226
26013,GOF,0.006144857709097915,0.6016531404782426,0.3922020018126596
26014,LOF,0.05390325937731047,0.12051320229639732,0.8255835383262922
26015,LOF,0.3849945753653624,0.02719274409908575,0.5878126805355519
26016,LOF,0.315362128350658,0.04595126533426533,0.6386866063150767
26017,LOF,0.022054043839264684,0.22354946064221015,0.7543964955185252
26018,LOF,0.02657390366885873,0.06410584660375061,0.9093202497273908
26019,LOF,0.02684788450644725,0.05375590553172931,0.9193962099618234
26020,LOF,0.010192542867986718,0.21416161001569006,0.7756458471163231
26021,LOF,0.07988534165100863,0.07888735040614979,0.8412273079428415
26022,LOF,0.041764756016396204,0.03408774320168885,0.924147500781915
26023,LOF,0.03036492534133882,0.04043815290971872,0.9291969217489424
26024,LOF,0.04560098908026289,0.08142320056320927,0.8729758103565279
26025,LOF,0.06650230378119398,0.08326325528932385,0.8502344409294822
26026,LOF,0.12375407099693808,0.06563875884261097,0.8106071701604509
26027,LOF,0.026078959357968518,0.03155307975567117,0.9423679608863602
26028,LOF,0.13243586975329025,0.1543996300269602,0.7131645002197496
26029,LOF,0.02214024731266388,0.20445111109732533,0.7734086415900107
26030,LOF,0.18982028984864407,0.020955295682485848,0.78922441446887
26031,LOF,0.010100899867716942,0.17293065337936905,0.816968446752914
26032,LOF,0.04689476890399031,0.053815579679278816,0.8992896514167309
26033,LOF,0.07435986645878112,0.04562381502972184,0.880016318511497
26034,LOF,0.013668510786818676,0.1529028491479925,0.8334286400651888
26035,LOF,0.012941002632676462,0.11187659504502048,0.875182402322303
26036,LOF,0.012336703364754098,0.12935322912920086,0.8583100675060451
26037,LOF,0.010361105922318137,0.10546397361512812,0.8841749204625539
26038,LOF,0.04008695383804256,0.04669486265450445,0.913218183507453
26039,LOF,0.02721298203973864,0.13131683437150846,0.8414701835887529
26040,LOF,0.11973633043448341,0.12402897385244842,0.7562346957130681
26041,LOF,0.013357280728586577,0.0918254308271428,0.8948172884442706
26042,LOF,0.012367565733794507,0.09976465257032992,0.8878677816958755
26043,LOF,0.0388745667046251,0.06770552461050203,0.893419908684873
26044,LOF,0.016113085699263615,0.04533425327424286,0.9385526610264936
26045,LOF,0.06900681109268829,0.11363134216286871,0.8173618467444431
26046,LOF,0.03390314935508868,0.050381934840479856,0.9157149158044315
26047,LOF,0.05399615323725146,0.0511385291630761,0.8948653175996725
26048,LOF,0.10543031857073352,0.023142624539627017,0.8714270568896396
26049,Neutral,0.9455854868967906,0.007457984534228199,0.046956528568981096
26050,Neutral,0.9237929918644977,0.008191502638933035,0.06801550549656915
26051,LOF,0.017434523467706176,0.10818960653074464,0.8743758700015493
26052,LOF,0.03014876445524484,0.12639407069209935,0.8434571648526559
26053,LOF,0.029481773011961185,0.1669239334369646,0.8035942935510743
26054,LOF,0.04468599392640085,0.028838225593567877,0.9264757804800313
26055,LOF,0.06756468233438549,0.023176917055370193,0.9092584006102443
26056,LOF,0.054408574799924385,0.028999132973343673,0.916592292226732
26057,LOF,0.05834685089026594,0.013921317421279032,0.927731831688455
26058,LOF,0.06348321507277119,0.01137117559561598,0.9251456093316128
26059,LOF,0.19711891452003294,0.028509151523488877,0.7743719339564782
26060,LOF,0.01739961359642936,0.16439691086633493,0.8182034755372357
26061,LOF,0.012760326625178417,0.010347224680444852,0.9768924486943767
26062,LOF,0.007205183548834457,0.01743974591366013,0.9753550705375055
26063,LOF,0.03932023042056454,0.011210494179920826,0.9494692753995146
26064,LOF,0.00951977263187153,0.02535247013312235,0.9651277572350062
26065,LOF,0.04620495564492066,0.012109659676498434,0.9416853846785809
26066,LOF,0.045051653574965225,0.010330678894883859,0.9446176675301509
26067,LOF,0.05543551203938016,0.009672432737513984,0.9348920552231058
26068,LOF,0.05303061433982803,0.04384167556293806,0.9031277100972338
26069,LOF,0.17024288067891968,0.027102475594217502,0.8026546437268628
26070,LOF,0.3640455308652494,0.02125391618130642,0.6147005529534442
26071,LOF,0.04473853523149958,0.01134668937642418,0.9439147753920764
26072,LOF,0.010986932703227807,0.017433416284914023,0.9715796510118582
26073,LOF,0.0406785818930517,0.013689790150611605,0.9456316279563367
26074,Neutral,0.9151908040236666,0.00840444168521792,0.07640475429111548
26075,LOF,0.054998644366435784,0.02028524843407252,0.9247161071994916
26076,LOF,0.05776221440731522,0.012085921850917947,0.930151863741767
26077,LOF,0.15936653310189197,0.006668928066301791,0.8339645388318063
26078,LOF,0.009258707533860605,0.01437624983412988,0.9763650426320095
26079,LOF,0.06438383537315451,0.02130568257144989,0.9143104820553956
26080,LOF,0.0632301479536841,0.02132143610846086,0.9154484159378551
26081,LOF,0.035710865632329496,0.00855948059785321,0.9557296537698173
26082,LOF,0.00807117040891705,0.013905173926830786,0.9780236556642521
26083,LOF,0.1150576509328014,0.020619779536797417,0.8643225695304011
26084,LOF,0.11402658471825301,0.01575783442417003,0.8702155808575769
26085,LOF,0.10209171810299872,0.013241138957434201,0.8846671429395669
26086,LOF,0.03907879870917902,0.01290734751835418,0.9480138537724667
26087,LOF,0.0374015053498869,0.010254754478385376,0.9523437401717278
26088,LOF,0.008924336547288985,0.01949543688130988,0.9715802265714011
26089,LOF,0.04257966611780091,0.031810563946701266,0.9256097699354978
26090,LOF,0.0434460633217827,0.02486644641827972,0.9316874902599377
26091,LOF,0.03117796268771765,0.007740596671093481,0.9610814406411888
26092,LOF,0.04432805665489958,0.008236226442225098,0.9474357169028754
26093,LOF,0.0814729617905298,0.006013920192231678,0.9125131180172384
26094,LOF,0.03606727591796969,0.007293694075815171,0.9566390300062152
26095,LOF,0.03956840790807616,0.015895502386087102,0.9445360897058367
26096,LOF,0.20513335293276014,0.004715907731654535,0.7901507393355853
26097,LOF,0.008884137085222182,0.029902339698326823,0.961213523216451
26098,LOF,0.07816032991616943,0.017728330661639844,0.9041113394221907
26099,LOF,0.04574425743002684,0.016018787112387394,0.9382369554575859
26100,LOF,0.04574425743002684,0.016018787112387394,0.9382369554575859
26101,LOF,0.0614595473791376,0.029767588932943047,0.9087728636879194
26102,LOF,0.03582658407641734,0.016768437796393247,0.9474049781271895
26103,Neutral,0.8801146967822842,0.026351224800149335,0.09353407841756667
26104,LOF,0.05771104089703926,0.041859473498319796,0.900429485604641
26105,LOF,0.25389285060257455,0.1658936011463999,0.5802135482510256
26106,LOF,0.32323724814393423,0.09989821888666783,0.576864532969398
26107,LOF,0.024496571784518906,0.09080826591342044,0.8846951623020607
26108,LOF,0.2980480902944649,0.03981139893074462,0.6621405107747905
26109,LOF,0.09915771184587499,0.03559452547545462,0.8652477626786704
26110,LOF,0.48652289664346127,0.006960201272971845,0.5065169020835669
26111,LOF,0.055205548095948846,0.1428488065233374,0.8019456453807137
26112,LOF,0.05527626130432674,0.00830787972843611,0.9364158589672371
26113,LOF,0.11031341826062474,0.02081588473010801,0.8688706970092672
26114,LOF,0.09162209951784933,0.007518888080314969,0.9008590124018356
26115,LOF,0.01388944509191026,0.04509185136142235,0.9410187035466674
26116,LOF,0.07424731292467038,0.020672709889944685,0.9050799771853849
26117,LOF,0.38192071102636,0.033485427423713035,0.5845938615499269
26118,LOF,0.04795471446847684,0.015845138271284195,0.936200147260239
26119,LOF,0.006063999755551268,0.03480510503316892,0.9591308952112797
26120,LOF,0.03461032889989263,0.015861851532367844,0.9495278195677396
26121,LOF,0.0041264079100772665,0.11478224908475931,0.8810913430051635
