feature0,prediction,LoGoFunc_Neutral,LoGoFunc_GOF,LoGoFunc_LOF
25546,Neutral,0.758153792223499,0.040641699820963995,0.201204507955537
25547,Neutral,0.5987051345216697,0.08622193728070132,0.31507292819762894
25548,Neutral,0.6332017606649765,0.062705231747918,0.3040930075871056
25549,Neutral,0.557381374940125,0.061145965470658516,0.3814726595892165
25550,LOF,0.3692632793718446,0.13870431743550957,0.4920324031926458
25551,LOF,0.29003208051973506,0.15092275253384158,0.5590451669464234
25552,LOF,0.21852243458331616,0.13895969346946008,0.6425178719472238
25553,Neutral,0.8606547999854345,0.02613669849405554,0.11320850152050999
25554,LOF,0.24316609814406,0.133725169872298,0.623108731983642
25555,LOF,0.20282852271433144,0.11448395097974523,0.6826875263059234
25556,Neutral,0.4866426195726299,0.10868155572065841,0.4046758247067117
25557,LOF,0.19511828055306996,0.1210015149617913,0.6838802044851388
25558,LOF,0.23282192595309897,0.13153425448722098,0.6356438195596801
25559,LOF,0.36849201346033245,0.12186409708007485,0.5096438894595927
25560,LOF,0.07107444799413641,0.1397896767737579,0.7891358752321057
25561,LOF,0.1507310560514785,0.13100961828235455,0.7182593256661669
25562,LOF,0.0831140893873279,0.09753589143143661,0.8193500191812354
25563,LOF,0.10072509422524495,0.08976346947121835,0.8095114363035367
25564,LOF,0.20907437598978598,0.16355652646805838,0.6273690975421556
25565,LOF,0.1447579953101238,0.1742256491162864,0.6810163555735899
25566,GOF,0.017380450588233773,0.8003438117855628,0.1822757376262034
25567,LOF,0.019343133519429644,0.21690329881761775,0.7637535676629525
25568,LOF,0.05606692370463428,0.09454449890540922,0.8493885773899565
25569,LOF,0.057939992007196385,0.09357530212152992,0.8484847058712737
25570,LOF,0.02927437753033412,0.15374601105490443,0.8169796114147614
25571,LOF,0.027391003129679726,0.14992835610103772,0.8226806407692826
25572,LOF,0.050202646325435474,0.16015041139646308,0.7896469422781015
25573,LOF,0.03633666165857471,0.12647843184772115,0.837184906493704
25574,LOF,0.01736592653683604,0.19835829700601038,0.7842757764571537
25575,LOF,0.022021939926455642,0.16205350357379114,0.8159245564997533
25576,LOF,0.012477006581345117,0.18680102525103276,0.8007219681676221
25577,LOF,0.01245936222078819,0.15046275648507146,0.8370778812941404
25578,LOF,0.28624027133408375,0.12033870699960937,0.593421021666307
25579,LOF,0.1246055992434872,0.14121661116446468,0.734177789592048
25580,LOF,0.016478240353920023,0.119913831722367,0.8636079279237129
25581,LOF,0.050170660343999494,0.0964968536373118,0.8533324860186887
25582,LOF,0.049822604961474934,0.09512128295375716,0.855056112084768
25583,LOF,0.017623767464696127,0.1371709257460307,0.8452053067892732
25584,Neutral,0.5111691199136205,0.13465276859639289,0.35417811148998674
25585,LOF,0.01835612554672743,0.17186370665527656,0.8097801677979959
25586,LOF,0.014521854579873504,0.11674020443897178,0.8687379409811548
25587,LOF,0.014683617755114679,0.1076161314041317,0.8777002508407535
25588,LOF,0.014872002003164232,0.1269795036368584,0.8581484943599774
25589,Neutral,0.5853694903437541,0.15817535241343655,0.2564551572428095
25590,LOF,0.03010637694927808,0.15357894829983432,0.8163146747508876
25591,LOF,0.09412554556956254,0.08283014581104184,0.8230443086193955
25592,LOF,0.046683154957165934,0.19056070019204358,0.7627561448507905
25593,LOF,0.022042366692471494,0.3195870702071909,0.6583705631003377
25594,LOF,0.047128228698254046,0.1238802489417345,0.8289915223600115
25595,LOF,0.058620714610719805,0.09206010129070609,0.8493191840985742
25596,LOF,0.06820749713768677,0.07212924239392404,0.8596632604683891
25597,LOF,0.043583760613811445,0.08045995048595138,0.8759562889002371
25598,LOF,0.047980964627313646,0.10996217978768476,0.8420568555850017
25599,GOF,0.007069162184767284,0.5582787247595851,0.4346521130556476
25600,GOF,0.025673636089183886,0.5988325043687479,0.37549385954206804
25601,LOF,0.014638800061472196,0.39947263536591043,0.5858885645726174
25602,LOF,0.020178732193595922,0.04856161149041282,0.9312596563159913
25603,LOF,0.04811523678432282,0.018522081311270675,0.9333626819044066
25604,LOF,0.02805684961962092,0.06701322910774331,0.9049299212726358
25605,LOF,0.008594584812180086,0.1973321150786991,0.7940733001091208
25606,LOF,0.1145689006323482,0.34167207943053557,0.5437590199371163
25607,LOF,0.004881537116966293,0.21657623474699939,0.7785422281360342
25608,LOF,0.022097434299597866,0.10864776932195937,0.8692547963784428
25609,LOF,0.0706172323011816,0.395902539368159,0.5334802283306594
25610,LOF,0.017296272347632674,0.03076314230561184,0.9519405853467555
25611,LOF,0.01881868566705028,0.029737667824767465,0.9514436465081824
25612,LOF,0.09480715846727032,0.04270465405379157,0.8624881874789382
25613,LOF,0.07749475825033639,0.045291903181045104,0.8772133385686185
25614,LOF,0.022395016826054125,0.033764282549267985,0.9438407006246778
25615,LOF,0.031831694822840303,0.046530092299965777,0.9216382128771939
25616,LOF,0.055942955980109246,0.03373657072989656,0.9103204732899942
25617,LOF,0.05749731340015957,0.03525215912186483,0.9072505274779755
25618,LOF,0.06888817266687598,0.03983547314971969,0.8912763541834045
25619,LOF,0.015551024717684415,0.03831739335574506,0.9461315819265704
25620,LOF,0.07283270431900549,0.04164526295455466,0.8855220327264399
25621,LOF,0.026538303388784115,0.040953158959444284,0.9325085376517716
25622,LOF,0.032824110435845245,0.03906455608791269,0.9281113334762421
25623,LOF,0.05969889485736241,0.027369475592804806,0.9129316295498326
25624,LOF,0.0190361519612627,0.04604300490379789,0.9349208431349395
25625,LOF,0.0383296799244933,0.05032655772419667,0.9113437623513101
25626,LOF,0.07129723322761096,0.03574141439807171,0.8929613523743173
25627,Neutral,0.5915496938143213,0.1399092404213387,0.26854106576434006
25628,LOF,0.19967031133232044,0.06463084882056408,0.7356988398471155
25629,LOF,0.05745880110198012,0.0736495160419679,0.868891682856052
25630,LOF,0.15295726951023877,0.10777832147863237,0.7392644090111289
25631,Neutral,0.6184282767824438,0.06616494632715206,0.31540677689040414
25632,LOF,0.011076098960594359,0.08638522085758114,0.9025386801818245
25633,LOF,0.20565052393453115,0.07495574217812781,0.7193937338873412
25634,LOF,0.03204775250675326,0.1201338597819292,0.8478183877113177
25635,LOF,0.027294087400080914,0.07558109346503256,0.8971248191348866
25636,GOF,0.005561986955748541,0.5671446830438771,0.42729333000037434
25637,GOF,0.007103262524338749,0.6071858414422483,0.3857108960334128
25638,LOF,0.012941038481215783,0.2942723690096082,0.6927865925091761
25639,LOF,0.005816812119203798,0.47297354032879946,0.5212096475519967
25640,Neutral,0.499948609927058,0.4082861797506169,0.09176521032232515
25641,LOF,0.014071466930281435,0.3280023014005519,0.6579262316691666
25642,LOF,0.256569959146646,0.07402056248979975,0.6694094783635542
25643,LOF,0.18534772206460928,0.26009710490230936,0.5545551730330813
25644,GOF,0.00952702276595485,0.5185013637625753,0.4719716134714698
25645,LOF,0.00783609602155982,0.478410069058849,0.5137538349195913
25646,LOF,0.012274580661390566,0.3512570257866464,0.6364683935519629
25647,LOF,0.009863217329883813,0.29299483445083724,0.6971419482192789
25648,LOF,0.009267786160102692,0.2863787635307612,0.7043534503091362
25649,LOF,0.008093801446393782,0.20174133058536012,0.7901648679682461
25650,LOF,0.013153371517403575,0.4299467291528297,0.5568998993297667
25651,LOF,0.005757000372170672,0.2971272800556174,0.6971157195722119
25652,LOF,0.009543393274561763,0.2683396729426256,0.7221169337828127
25653,LOF,0.03272644604660748,0.4171568696272575,0.550116684326135
25654,LOF,0.01064448253580296,0.16594196197405234,0.8234135554901447
25655,LOF,0.051902152411130525,0.4435329243367959,0.5045649232520735
25656,LOF,0.21630606982963632,0.04489813247555923,0.7387957976948044
25657,LOF,0.3158034554542758,0.02724357824341377,0.6569529663023104
25658,LOF,0.06896735534588606,0.06875029398180682,0.8622823506723071
25659,LOF,0.4099836355271169,0.06454943674081028,0.5254669277320728
25660,LOF,0.030452786264968685,0.10226758148990849,0.867279632245123
25661,LOF,0.10857112335087822,0.06453873201458335,0.8268901446345385
25662,LOF,0.024115130755757688,0.047156024131748395,0.9287288451124939
25663,LOF,0.0320121250386125,0.06334887167987867,0.9046390032815089
25664,LOF,0.0536755366493167,0.0811542605142038,0.8651702028364795
25665,LOF,0.06123109884172758,0.042703097716170355,0.8960658034421021
25666,LOF,0.06536094102936796,0.10247182605586475,0.8321672329147672
25667,LOF,0.07780074210114964,0.04994014635870164,0.8722591115401487
25668,LOF,0.026858229375059453,0.05526038120481324,0.9178813894201273
25669,LOF,0.028633623021723023,0.07882184435037086,0.892544532627906
25670,LOF,0.101863717264715,0.06605879365201187,0.8320774890832732
25671,LOF,0.09549599173631411,0.04385708539775337,0.8606469228659325
25672,LOF,0.06824894211481881,0.056953554745173246,0.8747975031400079
25673,LOF,0.04061008690326116,0.06477000819162337,0.8946199049051154
25674,LOF,0.03267305963606172,0.07974421932673442,0.8875827210372039
25675,LOF,0.05821981708829964,0.07405123219868028,0.8677289507130201
25676,LOF,0.02021861683156376,0.0668984282472694,0.9128829549211668
25677,LOF,0.0313789594619568,0.07604163170920863,0.8925794088288346
25678,LOF,0.2092583502740639,0.0493252153946995,0.7414164343312366
25679,LOF,0.15846486364434784,0.0712742571949538,0.7702608791606984
25680,LOF,0.03165418274197326,0.11785426041767622,0.8504915568403504
25681,LOF,0.05220647780220704,0.1096892022273946,0.8381043199703984
25682,LOF,0.11305594122723794,0.07843655158112339,0.8085075071916387
25683,LOF,0.11955683194819136,0.09074265903694917,0.7897005090148594
25684,LOF,0.041285506130609856,0.0824790227255145,0.8762354711438757
25685,LOF,0.10853608882206854,0.07194465872957104,0.8195192524483603
25686,LOF,0.03237394547443324,0.09801237910412937,0.8696136754214374
25687,LOF,0.041688029471005195,0.08215526074314716,0.8761567097858476
25688,LOF,0.040177951690646536,0.05173635064133473,0.9080856976680186
25689,LOF,0.02756534955163632,0.05671265103095596,0.9157219994174077
25690,LOF,0.0289986796558121,0.0483958205892007,0.9226054997549871
25691,LOF,0.27807950586339647,0.0620720908504489,0.6598484032861547
25692,LOF,0.35478975194612855,0.00623688153118673,0.6389733665226848
25693,LOF,0.09338244682007724,0.178582222887372,0.7280353302925509
25694,LOF,0.258964933153687,0.013435945629502519,0.7275991212168104
25695,LOF,0.17550458604783034,0.02764580164842403,0.7968496123037456
25696,LOF,0.17070109473521952,0.011108514381356264,0.8181903908834242
25697,LOF,0.16582101589602047,0.03490966418393226,0.7992693199200473
25698,LOF,0.04460408546198951,0.46944621890737603,0.4859496956306344
25699,LOF,0.06653192791167867,0.09490844274905678,0.8385596293392646
25700,LOF,0.05824010732318251,0.009038953849224138,0.9327209388275934
25701,LOF,0.01511974026588452,0.07915809005293516,0.9057221696811804
25702,GOF,0.025503936180884097,0.6994127307975594,0.27508333302155646
25703,LOF,0.011490204817973292,0.1753545293939405,0.8131552657880863
25704,LOF,0.039109097849800524,0.16997260986136845,0.790918292288831
25705,LOF,0.04908054087440866,0.23998028501567806,0.7109391741099134
25706,GOF,0.033619365488392255,0.5143890481651404,0.45199158634646736
25707,LOF,0.01958519382995942,0.4630035020084621,0.5174113041615785
25708,LOF,0.007476063903974251,0.36913345435122,0.6233904817448057
25709,LOF,0.05384411640690136,0.061083057946953366,0.8850728256461453
25710,LOF,0.006541303069154025,0.16234327673064822,0.8311154202001978
25711,LOF,0.017052201923007652,0.12023583966284723,0.862711958414145
25712,LOF,0.010519168561161531,0.1749422808597277,0.8145385505791108
25713,LOF,0.016089440498457463,0.10118434444243994,0.8827262150591025
25714,LOF,0.06531423670063385,0.12260282318647585,0.8120829401128903
25715,LOF,0.01203734155444701,0.13504910175100246,0.8529135566945505
25716,LOF,0.008827791199007442,0.09904343388668828,0.8921287749143043
25717,LOF,0.0073776782159969585,0.09868018356075703,0.8939421382232461
25718,LOF,0.013012611452409121,0.08351412917539207,0.9034732593721988
25719,LOF,0.020564849141816516,0.09126081497934665,0.8881743358788368
25720,LOF,0.021035688735896896,0.08297883417594355,0.8959854770881595
25721,LOF,0.014708611936895735,0.11352041862753876,0.8717709694355655
25722,LOF,0.012384851525707294,0.1332313534969673,0.8543837949773253
25723,LOF,0.017561796084288615,0.06714475768703747,0.9152934462286739
25724,LOF,0.02442630970099869,0.10263864831032403,0.8729350419886772
25725,LOF,0.012484620831164082,0.07593658884103621,0.9115787903277996
25726,LOF,0.010602588954707795,0.10593798459942409,0.8834594264458682
25727,LOF,0.013079445025712616,0.09211560553197494,0.8948049494423124
25728,LOF,0.01133246993122227,0.11651601348591945,0.8721515165828583
25729,LOF,0.011959737064652053,0.11646731935780152,0.8715729435775463
25730,LOF,0.01275052818149566,0.09769378013547413,0.8895556916830302
25731,LOF,0.009293902998053117,0.1485343504450466,0.8421717465569003
25732,LOF,0.01223854402219764,0.10905754221651828,0.8787039137612842
25733,LOF,0.017203424680123924,0.08455924995989386,0.8982373253599821
25734,LOF,0.006269449419686864,0.1483061774173543,0.8454243731629588
25735,LOF,0.01444770726708643,0.08359840791749751,0.901953884815416
25736,LOF,0.013487477604730834,0.1181787510086198,0.8683337713866494
25737,LOF,0.025410694978338144,0.0940152360979796,0.8805740689236822
25738,LOF,0.013295090615752613,0.1393365769170631,0.8473683324671843
25739,LOF,0.018911062132552458,0.12133622236418344,0.8597527155032642
25740,LOF,0.028027828266930167,0.13684296418245653,0.8351292075506133
25741,LOF,0.015153472478234632,0.11138174259731502,0.8734647849244503
25742,LOF,0.10237726351355021,0.10168699020840456,0.7959357462780451
25743,LOF,0.021672946435153766,0.037151497897188315,0.9411755556676579
25744,LOF,0.2165787326029397,0.3880165397463218,0.3954047276507386
25745,LOF,0.026904499075750456,0.054762438534165535,0.918333062390084
25746,LOF,0.014921518630143314,0.06936271671487967,0.915715764654977
25747,LOF,0.025197222979261802,0.03482003958013902,0.9399827374405991
25748,LOF,0.14842108189338482,0.06297121479918667,0.7886077033074285
25749,LOF,0.014780608914712912,0.04604196086037441,0.9391774302249127
25750,LOF,0.03181158582930244,0.06590403675897764,0.90228437741172
25751,LOF,0.10387257490819812,0.059247906170543485,0.8368795189212583
25752,GOF,0.10926617804711501,0.64653802971248,0.244195792240405
25753,LOF,0.008256734829808996,0.37936214355240555,0.6123811216177856
25754,GOF,0.004587634804886385,0.8485531855681551,0.14685917962695857
25755,LOF,0.011090491976604867,0.4271407011581536,0.5617688068652414
25756,LOF,0.049453263153585086,0.43858665201323305,0.5119600848331819
25757,GOF,0.005738592775936696,0.870011272576914,0.12425013464714925
25758,GOF,0.006436372713498189,0.8704853789565531,0.12307824832994871
25759,GOF,0.0045473441802119435,0.5478728557483816,0.44757980007140646
25760,LOF,0.005817692079218399,0.31234253843739995,0.6818397694833817
25761,GOF,0.04843993587881948,0.8295995246603524,0.12196053946082822
25762,LOF,0.03009549021558429,0.3536865730083092,0.6162179367761066
25763,LOF,0.0065352750500720725,0.25068791409397656,0.7427768108559514
25764,GOF,0.1287895929598553,0.5417640617278459,0.3294463453122988
25765,GOF,0.01063029581035174,0.8058025296709475,0.18356717451870092
25766,GOF,0.022560018235867563,0.8009442693920774,0.17649571237205494
25767,LOF,0.022870710983734555,0.4816703710554668,0.4954589179607985
25768,LOF,0.07098990821649857,0.07021688217339325,0.8587932096101083
25769,LOF,0.07638729881209978,0.055798004724427135,0.8678146964634731
25770,LOF,0.1603100781974841,0.0669220741299785,0.7727678476725374
25771,LOF,0.017506456357088505,0.06425777355814646,0.918235770084765
25772,LOF,0.015103601101318292,0.02525470176794495,0.9596416971307368
25773,LOF,0.018113764462645853,0.10567845314845285,0.8762077823889013
25774,LOF,0.03150876652817293,0.07889188515297589,0.8895993483188512
25775,LOF,0.02188580263476533,0.04336697129359897,0.9347472260716357
25776,LOF,0.08442007462251402,0.020883287418411157,0.8946966379590748
25777,LOF,0.17302976020078067,0.05994941208147636,0.7670208277177429
25778,LOF,0.06471766996843063,0.04021465455375572,0.8950676754778135
25779,GOF,0.0485598656997275,0.880259029778847,0.07118110452142556
25780,GOF,0.04942231698730121,0.8629181196158541,0.08765956339684473
25781,GOF,0.019801271610378802,0.8458191469911908,0.13437958139843045
25782,GOF,0.023380887298319854,0.8788291495870177,0.09778996311466218
25783,GOF,0.012853591596871508,0.7188436477439639,0.26830276065916453
25784,GOF,0.1187483019223298,0.8207331311495812,0.0605185669280891
25785,GOF,0.062283002893207956,0.8883107561341331,0.04940624097265879
25786,GOF,0.004337965432219266,0.8029034255761411,0.19275860899163957
25787,GOF,0.14009025996169203,0.81791549409139,0.04199424594691806
25788,LOF,0.03974243865830879,0.1346908916205497,0.8255666697211415
25789,GOF,0.028204460280520524,0.8435499059855746,0.12824563373390493
25790,GOF,0.031106810598833346,0.8654269007623601,0.10346628863880664
25791,GOF,0.02401313345304502,0.8175804717058882,0.1584063948410668
25792,GOF,0.04103249975779056,0.8265890206764414,0.13237847956576812
25793,GOF,0.09709853123052714,0.7931358676949775,0.10976560107449544
25794,GOF,0.08983801165900686,0.72332176880663,0.18684021953436314
25795,GOF,0.03321831991694002,0.752999729881446,0.2137819502016139
25796,GOF,0.10887278771877797,0.7627019904447788,0.12842522183644323
25797,GOF,0.034911776888319965,0.6146798073247367,0.35040841578694326
25798,GOF,0.002814757338003856,0.6000490044248004,0.3971362382371958
25799,LOF,0.0025878674505911267,0.49039081822335223,0.5070213143260566
25800,GOF,0.011071677681721733,0.690178956327124,0.2987493659911544
25801,GOF,0.02329264312438383,0.833003599027754,0.1437037578478622
25802,GOF,0.015289981454366443,0.7753178588235112,0.20939215972212216
25803,GOF,0.009512019601532272,0.6575013550777731,0.3329866253206947
25804,GOF,0.010599277297546948,0.5543461441969233,0.4350545785055297
25805,GOF,0.01649490486843674,0.6391613675719643,0.34434372755959897
25806,GOF,0.01431811522279384,0.6928946517908748,0.29278723298633125
25807,GOF,0.004282675636286717,0.6763004116801978,0.31941691268351546
25808,GOF,0.011689521336369644,0.6926137582645823,0.2956967203990481
25809,GOF,0.005095361918161468,0.6594003492470755,0.3355042888347631
25810,GOF,0.004371042991541634,0.6681301880583573,0.327498768950101
25811,GOF,0.08594349177423638,0.8031398779910915,0.110916630234672
25812,GOF,0.013307492956209182,0.6699698888004545,0.31672261824333636
25813,GOF,0.10243088167086062,0.7593091975274144,0.13825992080172492
25814,GOF,0.02280372685224467,0.7425277066905143,0.234668566457241
25815,GOF,0.04026027925010877,0.7516828814797236,0.2080568392701676
25816,GOF,0.0068425649327842975,0.8105207013441024,0.18263673372311348
25817,GOF,0.08673087804059436,0.7439641020090254,0.1693050199503802
25818,GOF,0.01924310006338829,0.7865958181365915,0.19416108180002042
25819,GOF,0.05584614802587006,0.7418551134525464,0.20229873852158364
25820,GOF,0.026064200558826498,0.7359440214188762,0.2379917780222974
25821,GOF,0.015241613834232583,0.7299136678668701,0.2548447182988975
25822,GOF,0.03005365313425368,0.742345379802689,0.22760096706305719
25823,GOF,0.011586052904306603,0.5970941142011026,0.3913198328945907
25824,GOF,0.01897889965451016,0.7383419447299233,0.24267915561556644
25825,GOF,0.011959964835756419,0.7152014631180934,0.27283857204615014
25826,GOF,0.0044516766262350915,0.6635935183325751,0.33195480504118985
25827,GOF,0.007127076782109622,0.6578414548164744,0.335031468401416
25828,GOF,0.004939202136709539,0.5916185649236032,0.4034422329396871
25829,GOF,0.0025694356094754837,0.6749898007637097,0.32244076362681473
25830,LOF,0.025952926035131475,0.3727830680965588,0.6012640058683097
25831,GOF,0.03900015282459587,0.8356924702091472,0.125307376966257
25832,GOF,0.0064355955336404085,0.7632209279518614,0.23034347651449835
25833,GOF,0.02423888963783702,0.8175565365263463,0.1582045738358167
25834,GOF,0.006662830075963749,0.7739062120771872,0.2194309578468489
25835,GOF,0.0155606560460958,0.8273829658605157,0.1570563780933885
25836,GOF,0.005513304568391776,0.7712593870594857,0.22322730837212246
25837,GOF,0.005191758701894985,0.6643259146980721,0.3304823266000328
25838,GOF,0.015840890278018983,0.8450363828367057,0.13912272688527536
25839,GOF,0.03287862491602066,0.8310186599718364,0.13610271511214297
25840,GOF,0.04291788538837222,0.8309077708966719,0.1261743437149558
25841,GOF,0.03938857820645408,0.8465033653041936,0.1141080564893523
25842,GOF,0.021260510475838323,0.8856118903313714,0.0931275991927903
25843,GOF,0.02018673050007476,0.888864000278245,0.09094926922168028
25844,GOF,0.013796781291592623,0.8041035874467779,0.1820996312616295
25845,GOF,0.004574231653086152,0.6198236192767999,0.375602149070114
25846,GOF,0.03186139659485184,0.8504306135655562,0.11770798983959203
25847,GOF,0.014796308503711627,0.8945069858900014,0.09069670560628698
25848,GOF,0.012705356492550397,0.8444168354408743,0.14287780806657527
25849,GOF,0.004150075687363529,0.7038949595282066,0.29195496478442995
25850,GOF,0.0054504783832828385,0.7342548663774201,0.260294655239297
25851,GOF,0.00478949017254293,0.6077812158601271,0.3874292939673299
25852,GOF,0.13087107262000874,0.6136954261434117,0.25543350123657954
25853,GOF,0.0625381845045025,0.8327185789409312,0.10474323655456634
25854,GOF,0.008568560030894382,0.6756295609493269,0.31580187901977874
25855,GOF,0.014580485759103902,0.6159385489916211,0.369480965249275
25856,GOF,0.0356212865829387,0.7503415359890986,0.21403717742796277
25857,GOF,0.01481495062845269,0.5757912144889732,0.4093938348825741
25858,GOF,0.006838802694441133,0.5676390760963912,0.4255221212091676
25859,GOF,0.004723518625441081,0.5470846328027039,0.44819184857185496
25860,GOF,0.07823449963121051,0.790810584975565,0.13095491539322468
25861,GOF,0.13004561576038678,0.7682107936350733,0.10174359060453986
25862,GOF,0.017251226248522794,0.8399149078223456,0.14283386592913153
25863,GOF,0.01659823113785619,0.8532404647836818,0.13016130407846208
25864,GOF,0.04568293683777173,0.8610167860534214,0.09330027710880696
25865,GOF,0.034031733982903684,0.8187002213356204,0.14726804468147592
25866,GOF,0.02066490994639238,0.8427378763636542,0.13659721368995348
25867,GOF,0.024992201907321734,0.8608130669241378,0.11419473116854044
25868,GOF,0.0449904567294441,0.8134486315485189,0.14156091172203697
25869,GOF,0.3323915561929673,0.5860283529114858,0.0815800908955469
25870,GOF,0.18877373496144856,0.5618389955666337,0.24938726947191767
25871,GOF,0.01912684531525187,0.8772548079511793,0.10361834673356884
25872,GOF,0.015836439366304616,0.8541097084264015,0.13005385220729374
25873,GOF,0.01667453930022119,0.8693183689976658,0.11400709170211307
25874,LOF,0.014428858477534374,0.14595019563021328,0.8396209458922523
25875,LOF,0.03947882633799538,0.04031995143395341,0.9202012222280511
25876,LOF,0.019364929342485775,0.031181628343199434,0.9494534423143148
25877,LOF,0.12828153583959387,0.06918006631862945,0.8025383978417767
25878,LOF,0.05477667511920277,0.09406539110766811,0.8511579337731291
25879,LOF,0.023705691268667065,0.07699676912521752,0.8992975396061155
25880,LOF,0.048617628812861274,0.009865536612610819,0.9415168345745278
25881,Neutral,0.5757953716601417,0.08594030806642682,0.3382643202734313
25882,LOF,0.057383911922193685,0.04761768456033092,0.8949984035174753
25883,LOF,0.04399477539632936,0.028176573542107574,0.9278286510615632
25884,LOF,0.019592307369747434,0.06322304557229826,0.9171846470579542
25885,LOF,0.23887688025206225,0.008894622022319805,0.752228497725618
25886,LOF,0.1655178283018831,0.061116114711737564,0.7733660569863794
25887,LOF,0.1800590488511806,0.07624081503119746,0.7437001361176219
25888,LOF,0.012324322530265844,0.16227497688170883,0.8254007005880253
25889,LOF,0.027126458634908274,0.03914042243595779,0.9337331189291339
25890,LOF,0.12893305885046188,0.10973222747689194,0.7613347136726462
25891,LOF,0.07169701026706628,0.05268607203656516,0.8756169176963686
25892,LOF,0.009105451918831919,0.046923495356870376,0.9439710527242977
25893,LOF,0.34402606514405554,0.013826622055914214,0.6421473128000302
25894,LOF,0.4252487582622015,0.007795921218899371,0.5669553205188991
25895,LOF,0.3747707109727694,0.01568167247469971,0.6095476165525309
25896,LOF,0.05412847700568717,0.03317295418801953,0.9126985688062934
25897,LOF,0.17416169886773158,0.012987813302103744,0.8128504878301647
25898,LOF,0.19190179430349302,0.04272012214459636,0.7653780835519107
25899,LOF,0.23211557793387397,0.035923866286732664,0.7319605557793935
25900,LOF,0.4576107440995384,0.011485787135512371,0.5309034687649492
25901,LOF,0.04356615937793248,0.013563447794176505,0.942870392827891
25902,LOF,0.0892171191231963,0.018522039210920382,0.8922608416658833
25903,LOF,0.33427157510569555,0.03315398943734458,0.6325744354569599
25904,LOF,0.4555797605726017,0.04552023958255235,0.4988999998448459
25905,LOF,0.007276001692648767,0.39947966307825955,0.5932443352290917
25906,LOF,0.0126324692143143,0.0949265529021851,0.8924409778835005
25907,LOF,0.0038704837450601113,0.3123330531711049,0.683796463083835
25908,LOF,0.004150191149467606,0.19988974876428808,0.7959600600862443
25909,LOF,0.014744752767576471,0.13953292815320661,0.8457223190792169
25910,LOF,0.01759403641418564,0.12762121498920936,0.8547847485966049
25911,LOF,0.32388601645843057,0.030355780329390906,0.6457582032121786
25912,LOF,0.06390285784338405,0.05141597244374154,0.8846811697128744
25913,LOF,0.05664610290173381,0.05248568357175389,0.8908682135265122
25914,LOF,0.019956397546138597,0.06918356824434573,0.9108600342095157
25915,LOF,0.14389521109691408,0.2897429441102865,0.5663618447927994
25916,LOF,0.02072874858606453,0.19105047696264235,0.7882207744512931
25917,LOF,0.0691951751469952,0.04930280223804899,0.8815020226149558
25918,LOF,0.02721587863013627,0.04058179639051427,0.9322023249793495
25919,LOF,0.02260139576567952,0.041361118846450204,0.9360374853878701
25920,LOF,0.13539616918649758,0.23119992821672458,0.6334039025967778
25921,LOF,0.01200974579382776,0.03310961745703011,0.954880636749142
25922,LOF,0.014460792855254298,0.02588879590257672,0.9596504112421691
25923,LOF,0.4635512323349405,0.03020719454071527,0.5062415731243441
25924,LOF,0.023384581252634942,0.04076983948044813,0.9358455792669169
25925,LOF,0.07827960180127863,0.042388605386821175,0.8793317928119002
25926,LOF,0.061806618402940605,0.0428170091797114,0.8953763724173479
25927,LOF,0.01981390215274746,0.0538702191541852,0.9263158786930672
25928,LOF,0.008406089760156547,0.04590014014649727,0.9456937700933463
25929,Neutral,0.5561312451725571,0.02867155473276747,0.4151972000946755
25930,LOF,0.09274563961369534,0.026150467848215144,0.8811038925380895
25931,LOF,0.012256639452314077,0.03126818247622521,0.9564751780714607
25932,LOF,0.03133707157851982,0.025597487802436387,0.9430654406190437
25933,LOF,0.041085150580909245,0.01639004578130141,0.9425248036377892
25934,LOF,0.02678658414731744,0.017150936274797544,0.9560624795778851
25935,LOF,0.07415800715861727,0.04601110894144612,0.8798308838999367
25936,LOF,0.04241107648241841,0.01910776431148904,0.9384811592060927
25937,LOF,0.011030357789293593,0.02695993445780782,0.9620097077528985
25938,LOF,0.07542697610939988,0.043612374857788995,0.880960649032811
25939,LOF,0.030404029535009494,0.019785291670969884,0.9498106787940206
25940,LOF,0.009192837852486013,0.3575055110105481,0.6333016511369658
25941,Neutral,0.5229636985335471,0.030427007648613537,0.4466092938178394
25942,LOF,0.007073572960334831,0.043604979698571654,0.9493214473410936
25943,LOF,0.036709276017925015,0.17132121223454874,0.7919695117475263
25944,LOF,0.11240025178600589,0.07760003334760904,0.8099997148663851
25945,LOF,0.058607221966595104,0.019500901372732478,0.9218918766606723
25946,LOF,0.07122556773060479,0.04389491401213017,0.884879518257265
25947,Neutral,0.46903567778000416,0.07428428873512435,0.4566800334848715
25948,Neutral,0.5069401362151723,0.010133517262049783,0.4829263465227778
25949,LOF,0.09057168784705569,0.05133914988752015,0.8580891622654242
25950,GOF,0.04560861371058043,0.6474761263917033,0.3069152598977163
25951,LOF,0.01154928935730319,0.43840179072709623,0.5500489199156006
25952,LOF,0.260604461732848,0.3061730076944745,0.4332225305726775
25953,LOF,0.012787676050944162,0.20491252283491246,0.7822998011141434
25954,GOF,0.04992279993405672,0.4764653642378446,0.47361183582809874
25955,LOF,0.011070392022448495,0.14350570420291794,0.8454239037746336
25956,LOF,0.027456402912938823,0.2907525424743848,0.6817910546126764
25957,LOF,0.2336454565477238,0.03775500717510219,0.7285995362771741
25958,LOF,0.04022634295058422,0.029510345131071883,0.9302633119183439
25959,GOF,0.013467894233184041,0.4987117634964001,0.487820342270416
25960,LOF,0.00597616266410212,0.051382270976895364,0.9426415663590025
25961,LOF,0.040394268112677996,0.026734792402220566,0.9328709394851015
25962,LOF,0.032344974968869615,0.07501372435792046,0.8926413006732099
25963,LOF,0.005689707727479641,0.2544310869267767,0.7398792053457437
25964,LOF,0.026245998904893292,0.09937838118855956,0.8743756199065472
25965,LOF,0.28339640784115916,0.15183349186412234,0.5647701002947185
25966,Neutral,0.4562358900676544,0.11673738302706231,0.4270267269052832
25967,LOF,0.007038201220924773,0.07031843694721042,0.9226433618318648
25968,LOF,0.04883517005032661,0.1994423933168191,0.7517224366328543
25969,LOF,0.11973340143942716,0.0618120384325034,0.8184545601280695
25970,LOF,0.029862330058574988,0.08741893337044057,0.8827187365709844
25971,LOF,0.05867086502325285,0.02907676537074659,0.9122523696060006
25972,LOF,0.05060319564956867,0.03762007933884886,0.9117767250115824
25973,LOF,0.05372737187828158,0.011953220093417736,0.9343194080283006
25974,LOF,0.04699968063498761,0.037300568794299604,0.9156997505707128
25975,LOF,0.0337748374931674,0.024965212777179994,0.9412599497296527
25976,LOF,0.12067166880705815,0.012707087679410372,0.8666212435135315
25977,LOF,0.23204645728591636,0.05400222531527489,0.7139513173988087
25978,LOF,0.1572436110880173,0.12553400968861883,0.7172223792233638
25979,LOF,0.13353930168081088,0.13865383225200884,0.7278068660671803
25980,LOF,0.24732631181780396,0.17401879644790824,0.5786548917342879
25981,LOF,0.24822511838169908,0.17504752221531777,0.5767273594029831
25982,LOF,0.4559134020299062,0.08237707515408886,0.4617095228160049
25983,Neutral,0.47131666679630363,0.11156757232922973,0.41711576087446667
25984,LOF,0.03339381127248363,0.07680730977413221,0.8897988789533843
25985,LOF,0.4242974786704037,0.12893170231826567,0.4467708190113306
25986,LOF,0.012204265557691505,0.44011139398404414,0.5476843404582643
25987,LOF,0.06844730150489485,0.12287985710445794,0.8086728413906471
25988,LOF,0.149996316426611,0.13333612969701364,0.7166675538763754
25989,LOF,0.036163892791981185,0.1827620866631603,0.7810740205448585
25990,LOF,0.03540353537075148,0.2771832231685916,0.6874132414606569
25991,LOF,0.023085748137247616,0.34230062165357167,0.6346136302091808
25992,LOF,0.024937224945973578,0.3487036466568865,0.6263591283971399
25993,LOF,0.018907125285043416,0.08609652702273471,0.8949963476922219
25994,LOF,0.014013210838101704,0.0856368109652407,0.9003499781966576
25995,LOF,0.015029158249589709,0.1697598644334199,0.8152109773169904
25996,Neutral,0.35876681667219695,0.2858401598792148,0.35539302344858825
25997,LOF,0.06498834070469686,0.3591692650265759,0.5758423942687273
25998,LOF,0.2614289990450267,0.051375732218992,0.6871952687359814
25999,LOF,0.025294443921399457,0.24708877658431805,0.7276167794942825
26000,LOF,0.1973426297120614,0.03892073432019357,0.7637366359677449
26001,LOF,0.2990522732657033,0.03056314926324876,0.670384577471048
26002,LOF,0.07298786625911698,0.06237717655777095,0.864634957183112
26003,GOF,0.004033882435862344,0.6398876528019171,0.35607846476222055
26004,GOF,0.0055989409407473,0.7332273140859562,0.26117374497329654
26005,GOF,0.0028892649550042184,0.5306849046942911,0.4664258303507048
26006,GOF,0.07584085242897903,0.620030060517655,0.304129087053366
26007,GOF,0.005531110201551158,0.601597000852371,0.3928718889460778
26008,GOF,0.005002034255886012,0.6847476539185694,0.3102503118255447
26009,GOF,0.005708875095957646,0.702726635717964,0.29156448918607847
26010,GOF,0.006649317942758511,0.6877264920859205,0.30562418997132107
26011,LOF,0.0027784281695843946,0.4950272832120831,0.5021942886183325
26012,GOF,0.003914756395526043,0.5751898013496932,0.4208954422547807
26013,GOF,0.0050548574858345855,0.6225361725670242,0.3724089699471411
26014,LOF,0.047859253361198895,0.11035436433632874,0.8417863823024724
26015,LOF,0.442427251769532,0.018961393739340762,0.5386113544911272
26016,LOF,0.32632044216954775,0.038851123578225,0.6348284342522273
26017,LOF,0.029025606648044464,0.2224714298709722,0.7485029634809833
26018,LOF,0.04299446595582312,0.03538159773312118,0.9216239363110558
26019,LOF,0.04262602303073393,0.03160055646457116,0.925773420504695
26020,LOF,0.010230382376850243,0.2121132354988147,0.7776563821243351
26021,LOF,0.07615700476302929,0.07165889104734594,0.8521841041896246
26022,LOF,0.0333686838577805,0.02435373073805427,0.9422775854041653
26023,LOF,0.043615458640577816,0.022542601838363242,0.9338419395210589
26024,LOF,0.04693925194786587,0.0682054406800429,0.8848553073720912
26025,LOF,0.0570144557082607,0.08639496857204584,0.8565905757196935
26026,LOF,0.10776803134206135,0.06205306393506501,0.8301789047228736
26027,LOF,0.03901902947828704,0.019096884552212284,0.9418840859695006
26028,LOF,0.10066429543979473,0.13514609050129944,0.7641896140589058
26029,LOF,0.020374863707038705,0.21223111679239892,0.7673940195005624
26030,LOF,0.18267908964988214,0.03141704998722053,0.7859038603628973
26031,LOF,0.012433163123473949,0.17155847538876137,0.8160083614877647
26032,LOF,0.06440612785673586,0.07299152938347916,0.8626023427597851
26033,LOF,0.09540617181700274,0.06348321839104469,0.8411106097919525
26034,LOF,0.015403579223489481,0.1790655744924128,0.8055308462840977
26035,LOF,0.012179596580500014,0.12904888525733252,0.8587715181621675
26036,LOF,0.01321780819241266,0.15556957032747937,0.8312126214801081
26037,LOF,0.011479632660635274,0.11423503085020434,0.8742853364891604
26038,LOF,0.05325941245642797,0.0661499159583907,0.8805906715851813
26039,LOF,0.026179955686819037,0.16377234551437211,0.8100476987988088
26040,LOF,0.1392458694291228,0.14562467740485927,0.715129453166018
26041,LOF,0.013988990176823684,0.09406878975262865,0.8919422200705478
26042,LOF,0.012883941986957172,0.0995805605750339,0.887535497438009
26043,LOF,0.05151307957668034,0.08531167436353357,0.8631752460597861
26044,LOF,0.012102640874481724,0.06211664612722097,0.9257807129982972
26045,LOF,0.06470537710232235,0.12236207844073531,0.8129325444569424
26046,LOF,0.04424812045720003,0.06600447316887638,0.8897474063739236
26047,LOF,0.07365921644059964,0.06379036523227262,0.8625504183271278
26048,LOF,0.05919493712291877,0.048191971026763133,0.8926130918503181
26049,Neutral,0.9507437125142634,0.007989417715057111,0.041266869770679525
26050,Neutral,0.9299653872568037,0.008897028065818444,0.061137584677378023
26051,LOF,0.013336293816044224,0.14077293876092078,0.8458907674230349
26052,LOF,0.020305297311071117,0.1764869780209981,0.8032077246679308
26053,LOF,0.031784775664776416,0.1262171901965334,0.8419980341386901
26054,LOF,0.04216500267818197,0.023693494411319096,0.9341415029104989
26055,LOF,0.06308222754752867,0.020730281193033936,0.9161874912594374
26056,LOF,0.05178478771289861,0.025042512513093824,0.9231726997740075
26057,LOF,0.026071753214890782,0.014657063075815484,0.9592711837092939
26058,LOF,0.027344256691717035,0.012043194265536815,0.9606125490427462
26059,LOF,0.19093796894057066,0.021576775229248342,0.787485255830181
26060,LOF,0.010458970523583914,0.2133644895141324,0.7761765399622838
26061,LOF,0.006974609252045417,0.014021581885575802,0.9790038088623789
26062,LOF,0.004462648343245635,0.021840913046353057,0.9736964386104014
26063,LOF,0.017964544603577715,0.012278886386832536,0.9697565690095897
26064,LOF,0.00704938138942093,0.029291519653603985,0.963659098956975
26065,LOF,0.021024800660402125,0.013750097135305287,0.9652251022042927
26066,LOF,0.020751592242522758,0.011819071151560931,0.9674293366059163
26067,LOF,0.025084281590363876,0.011157145271776196,0.96375857313786
26068,LOF,0.04626453671146646,0.045686449317423654,0.9080490139711098
26069,LOF,0.14973150042387814,0.026953863078813863,0.8233146364973081
26070,LOF,0.3311699395443222,0.020557676039733946,0.6482723844159438
26071,LOF,0.019447271926043237,0.013517114614382073,0.9670356134595747
26072,LOF,0.006227958671862018,0.025452778827017884,0.96831926250112
26073,LOF,0.01806728117177956,0.015790572091228312,0.9661421467369922
26074,Neutral,0.9245306405796497,0.0076996111832276755,0.06776974823712265
26075,LOF,0.04729717590431491,0.023315400552387525,0.9293874235432975
26076,LOF,0.029024324005110375,0.011909134455045127,0.9590665415398445
26077,LOF,0.12896244839777718,0.009333094894260223,0.8617044567079626
26078,LOF,0.0060221087613539555,0.01657982022347609,0.9773980710151701
26079,LOF,0.053269717016805114,0.02431825611495563,0.9224120268682393
26080,LOF,0.05298844356139076,0.024372867701470534,0.9226386887371386
26081,LOF,0.02337541976429527,0.00873535769179035,0.9678892225439144
26082,LOF,0.004592239128501166,0.018499381549504992,0.9769083793219937
26083,LOF,0.10958055347345977,0.02053849066677198,0.8698809558597682
26084,LOF,0.04183859206159579,0.016031149280545706,0.9421302586578586
26085,LOF,0.038085831763103546,0.014133443116932624,0.9477807251199638
26086,LOF,0.019660592877319492,0.013796247457541095,0.9665431596651394
26087,LOF,0.018630701048194226,0.011461966808925101,0.9699073321428806
26088,LOF,0.006519017473147733,0.021907230753530883,0.9715737517733213
26089,LOF,0.040393851613940525,0.027514528181401713,0.9320916202046577
26090,LOF,0.04122114775677318,0.022643224939494496,0.9361356273037323
26091,LOF,0.022232643570944375,0.008045926651568875,0.9697214297774869
26092,LOF,0.018707958194912368,0.009291901845869682,0.9720001399592179
26093,LOF,0.035310679711079124,0.007120949679596349,0.9575683706093246
26094,LOF,0.02718425169758148,0.007513184454826365,0.9653025638475923
26095,LOF,0.04335469224298517,0.017923292649056004,0.9387220151079588
26096,LOF,0.20158479183377973,0.00563134420811572,0.7927838639581046
26097,LOF,0.005904363907568877,0.03550427078204495,0.9585913653103861
26098,LOF,0.07763531575416624,0.018292358759223252,0.9040723254866105
26099,LOF,0.018033023966236003,0.017182550844670227,0.9647844251890938
26100,LOF,0.018029422113079115,0.017182613870236785,0.9647879640166841
26101,LOF,0.04554710544920629,0.02489412152465046,0.9295587730261432
26102,LOF,0.017519834235450095,0.016250677366500235,0.9662294883980498
26103,Neutral,0.8727399566367086,0.025456079567229537,0.10180396379606202
26104,LOF,0.06516804134433106,0.027995527174001975,0.9068364314816669
26105,LOF,0.22371698464539,0.20263532135395418,0.5736476940006559
26106,LOF,0.33484810008411425,0.12313235087214967,0.5420195490437361
26107,LOF,0.02079231713069578,0.11248884503463395,0.8667188378346702
26108,LOF,0.33562162667578993,0.04678169473638496,0.6175966785878252
26109,LOF,0.05231928021816221,0.05808248568839747,0.8895982340934402
26110,LOF,0.37999929868943105,0.00635842518419757,0.6136422761263713
26111,LOF,0.061721153743958625,0.08553857014465259,0.8527402761113887
26112,LOF,0.02884085639170671,0.0077959641542513225,0.963363179454042
26113,LOF,0.048570184244797275,0.016910128219796143,0.9345196875354066
26114,LOF,0.08280755450715302,0.01109066261335649,0.9061017828794905
26115,LOF,0.01520985702558052,0.06893729188184763,0.9158528510925719
26116,LOF,0.09272420895800336,0.04243395123712323,0.8648418398048734
26117,LOF,0.4195057036926166,0.03395455682292827,0.546539739484455
26118,LOF,0.027118686004906543,0.017488007081939275,0.9553933069131543
26119,LOF,0.004990679198235365,0.03850986226644751,0.956499458535317
26120,LOF,0.022961843659179686,0.01706711905812462,0.9599710372826956
26121,LOF,0.004777491784044851,0.12500242741743908,0.8702200807985161
