feature0,prediction,LoGoFunc_Neutral,LoGoFunc_GOF,LoGoFunc_LOF
25546,Neutral,0.6658629793809426,0.074513303040405,0.2596237175786523
25547,Neutral,0.5446279877100016,0.1557685953784247,0.2996034169115737
25548,Neutral,0.5177331835005168,0.10159412816871648,0.38067268833076673
25549,Neutral,0.4875877544543507,0.10088617459659484,0.4115260709490545
25550,LOF,0.37342781570240274,0.18486900243364085,0.4417031818639564
25551,LOF,0.32017130727096427,0.17526585310342024,0.5045628396256155
25552,LOF,0.18287482748234377,0.18067973865249623,0.63644543386516
25553,Neutral,0.8253769465542493,0.03911360138938387,0.13550945205636683
25554,LOF,0.2274869129789502,0.16873341747779402,0.6037796695432558
25555,LOF,0.17933568065038707,0.1520586613401402,0.6686056580094726
25556,Neutral,0.5174442615957559,0.10726130141510616,0.37529443698913806
25557,LOF,0.17168818752549175,0.15899704971622117,0.669314762758287
25558,LOF,0.22159750038756018,0.1835650304217833,0.5948374691906565
25559,LOF,0.4798099387177948,0.023948286958809552,0.4962417743233957
25560,LOF,0.03899850857623473,0.22914664153338568,0.7318548498903795
25561,LOF,0.09431255483317212,0.2914308767781611,0.6142565683886668
25562,LOF,0.11320815693405417,0.09157239008207793,0.7952194529838679
25563,LOF,0.10587193300519221,0.10598086891261436,0.7881471980821935
25564,LOF,0.07910418021481701,0.13913138842841813,0.7817644313567648
25565,LOF,0.13618433605807465,0.23242040740488015,0.6313952565370452
25566,GOF,0.018892151240044296,0.7122797816331102,0.2688280671268454
25567,LOF,0.010021669730990062,0.16348952277683876,0.8264888074921711
25568,LOF,0.03931446376226758,0.06164398214009553,0.899041554097637
25569,LOF,0.056772289164846605,0.06145770386551134,0.8817700069696421
25570,LOF,0.04098315182574792,0.08279916630054186,0.8762176818737101
25571,LOF,0.04557027542149718,0.07826216987219134,0.8761675547063114
25572,LOF,0.046616979866877635,0.0854848001612182,0.8678982199719042
25573,LOF,0.02679986057102709,0.07548450893123274,0.8977156304977403
25574,LOF,0.013062101832808846,0.2160314148615877,0.7709064833056034
25575,LOF,0.040409910375672715,0.06675359587351024,0.8928364937508171
25576,LOF,0.015202257579961232,0.0726881809235652,0.9121095614964735
25577,LOF,0.010442991184049595,0.07027914625981874,0.9192778625561316
25578,LOF,0.2525964200273609,0.0853371840876325,0.6620663958850066
25579,LOF,0.25431455400235337,0.08442495301312976,0.6612604929845168
25580,LOF,0.024233223998953387,0.06773461082396046,0.9080321651770861
25581,LOF,0.0448419525597423,0.07162399315681947,0.8835340542834382
25582,LOF,0.044289529707681616,0.06596582016246416,0.8897446501298543
25583,LOF,0.025175716438173134,0.066376812689329,0.9084474708724979
25584,Neutral,0.5015489205204188,0.08904582887591864,0.4094052506036627
25585,LOF,0.021521118062324887,0.08480056415037715,0.8936783177872979
25586,LOF,0.025359117975580506,0.055607940155757395,0.9190329418686622
25587,LOF,0.02234454421484011,0.04950734569364528,0.9281481100915147
25588,LOF,0.02097133935739392,0.06404103508281603,0.9149876255597902
25589,Neutral,0.6317964831356077,0.12263597707975493,0.24556753978463744
25590,LOF,0.021270889385433776,0.11131728648885156,0.8674118241257146
25591,LOF,0.10269308731061931,0.046341822408885375,0.8509650902804953
25592,LOF,0.0713028060486504,0.10270469559318256,0.825992498358167
25593,LOF,0.010676297326189474,0.48943137686678684,0.49989232580702364
25594,LOF,0.03713921225843751,0.09411365863202929,0.8687471291095332
25595,LOF,0.06646844375477873,0.05963720792690689,0.8738943483183144
25596,LOF,0.10748575472536502,0.0444721374380681,0.8480421078365669
25597,LOF,0.08488918286844051,0.0179067676231091,0.8972040495084503
25598,LOF,0.0506825069897411,0.10021344516639952,0.8491040478438594
25599,GOF,0.008361623464706357,0.5218178165578609,0.4698205599774327
25600,LOF,0.0098439688400551,0.44982471848506955,0.5403313126748753
25601,LOF,0.00815278146051123,0.2330348058928086,0.7588124126466802
25602,LOF,0.021001718453247508,0.05287924477712331,0.926119036769629
25603,LOF,0.0393238326107333,0.06410254686083723,0.8965736205284295
25604,LOF,0.039462978050391784,0.071388118468471,0.8891489034811372
25605,LOF,0.012189132952387119,0.20781205441320819,0.7799988126344047
25606,GOF,0.06692184030836099,0.5087191349949192,0.42435902469672004
25607,LOF,0.003479357812233168,0.12556411129130535,0.8709565308964615
25608,LOF,0.06057463088840071,0.039242921810715446,0.9001824473008838
25609,LOF,0.08299422266296815,0.25978426691181566,0.6572215104252163
25610,LOF,0.04731427714839876,0.018859491070518535,0.9338262317810827
25611,LOF,0.06099152423136702,0.01241519312396244,0.9265932826446704
25612,LOF,0.11527617381758995,0.03603238922991739,0.8486914369524927
25613,LOF,0.09694610703660383,0.028846011465052286,0.8742078814983438
25614,LOF,0.04506329114219022,0.030362947774623717,0.9245737610831861
25615,LOF,0.08308426153572399,0.0361650156554198,0.8807507228088562
25616,LOF,0.036699789318524835,0.036688539092496,0.9266116715889793
25617,LOF,0.05224969619119974,0.024355191808273672,0.9233951120005267
25618,LOF,0.2544116525446456,0.035965239964835694,0.7096231074905187
25619,LOF,0.043401495641720474,0.029901642843064204,0.9266968615152154
25620,LOF,0.038541977031679615,0.049134130371076765,0.9123238925972437
25621,LOF,0.042196569552273785,0.026946604112776943,0.9308568263349494
25622,LOF,0.03113756895133572,0.0519606738877813,0.916901757160883
25623,LOF,0.05217820682340535,0.03991095073515931,0.9079108424414354
25624,LOF,0.03805197279983933,0.038057161484173256,0.9238908657159874
25625,LOF,0.04547304609351135,0.04798991225227283,0.9065370416542158
25626,LOF,0.0766928882513754,0.02834434963881331,0.8949627621098112
25627,Neutral,0.5227228985968665,0.12052484373489232,0.35675225766824126
25628,LOF,0.18418407803551415,0.06199748101137614,0.7538184409531097
25629,LOF,0.05021925211974536,0.09628511180335621,0.8534956360768984
25630,LOF,0.18023432517316945,0.08685272910913065,0.7329129457176999
25631,Neutral,0.6231153103813253,0.07213260093994359,0.30475208867873116
25632,LOF,0.01621365997835533,0.15503248152161056,0.8287538585000341
25633,LOF,0.2270771024339626,0.2735966948950206,0.4993262026710168
25634,LOF,0.036457804249531406,0.21972457798397657,0.743817617766492
25635,LOF,0.042987355309695933,0.17793245644570402,0.7790801882446
25636,GOF,0.005287487447830384,0.5764467929977865,0.4182657195543831
25637,LOF,0.004403294927651711,0.4124341020714781,0.5831626030008702
25638,LOF,0.005897508292431806,0.4265912415274654,0.5675112501801028
25639,LOF,0.004919835114233534,0.29688922454267214,0.6981909403430943
25640,GOF,0.3151845475919759,0.6296016207209425,0.05521383168708163
25641,LOF,0.00716465297597467,0.1942957245877583,0.7985396224362671
25642,LOF,0.21870120018235994,0.06827307717413804,0.713025722643502
25643,LOF,0.24157491796858413,0.06864281786348189,0.689782264167934
25644,GOF,0.011493856405479098,0.5279537287273519,0.46055241486716897
25645,GOF,0.00916435665302038,0.5932281451920494,0.39760749815493024
25646,LOF,0.01046724744580663,0.36125157830646576,0.6282811742477276
25647,LOF,0.010181620787351532,0.2896456166925819,0.7001727625200665
25648,LOF,0.006880217328640297,0.3349390914228782,0.6581806912484814
25649,LOF,0.007609293557386546,0.18205672937670447,0.8103339770659089
25650,LOF,0.022551253256455416,0.46210226338985744,0.5153464833536872
25651,LOF,0.006719931523766894,0.20924811377665772,0.7840319546995754
25652,LOF,0.010700935249275184,0.3530230018558588,0.636276062894866
25653,GOF,0.04310117459865946,0.4964421979774283,0.4604566274239122
25654,LOF,0.007656017155088407,0.3834042987849239,0.6089396840599878
25655,GOF,0.08679725279479303,0.47437556777236434,0.4388271794328427
25656,LOF,0.08417987333494871,0.04986023113169406,0.8659598955333573
25657,LOF,0.2728570332965597,0.02425317321233851,0.7028897934911018
25658,LOF,0.030723545307204208,0.09471441588026974,0.874562038812526
25659,LOF,0.23247172220462547,0.0887116931845395,0.678816584610835
25660,LOF,0.10612328145461829,0.06343748703906886,0.8304392315063129
25661,LOF,0.06366938197494366,0.05797473069734925,0.8783558873277071
25662,LOF,0.039452228040328864,0.0515600268949475,0.9089877450647237
25663,LOF,0.03970191494326313,0.09973918703589334,0.8605588980208435
25664,LOF,0.02602544742610631,0.2047848388831405,0.7691897136907532
25665,LOF,0.04166559831908177,0.05803416193192072,0.9003002397489975
25666,LOF,0.036873752077828066,0.19254074177857755,0.7705855061435943
25667,LOF,0.042620137673424256,0.0315395805017892,0.9258402818247866
25668,LOF,0.04553483921865273,0.04436211085225084,0.9101030499290964
25669,LOF,0.036005612397896326,0.07441751335472986,0.8895768742473739
25670,LOF,0.06938325803171586,0.09196625004124284,0.8386504919270412
25671,LOF,0.05124994259795475,0.03795928348721912,0.9107907739148261
25672,LOF,0.04719965620577809,0.06085777440590822,0.8919425693883137
25673,LOF,0.035526645849274854,0.07888893412882021,0.8855844200219049
25674,LOF,0.0258525386962523,0.10401479858929948,0.8701326627144481
25675,LOF,0.030283753910996688,0.051513069384226215,0.918203176704777
25676,LOF,0.03833495680685071,0.0521466773080002,0.909518365885149
25677,LOF,0.07831182603790544,0.043567235276870085,0.8781209386852243
25678,LOF,0.17370945891062053,0.04659522002893045,0.7796953210604489
25679,LOF,0.11058738898469335,0.07251474955137582,0.8168978614639308
25680,LOF,0.10555830050226973,0.0779803906761774,0.816461308821553
25681,LOF,0.11185280146619074,0.07523319454080211,0.8129140039930073
25682,LOF,0.04372611143068665,0.035649343980595084,0.9206245445887182
25683,LOF,0.07698436316836117,0.07546333163540322,0.8475523051962356
25684,LOF,0.06109586108131827,0.04533815355085534,0.8935659853678265
25685,LOF,0.10244963162994766,0.055018548053582216,0.8425318203164701
25686,LOF,0.024946594249810907,0.10693654953796165,0.8681168562122273
25687,LOF,0.039509652316695634,0.12182479789076256,0.8386655497925418
25688,LOF,0.02438920013869268,0.11701088579919318,0.8585999140621141
25689,LOF,0.013601770824587824,0.06550028115026847,0.9208979480251438
25690,LOF,0.020154456152138428,0.0757512072579601,0.9040943365899015
25691,LOF,0.14788040980183242,0.11337796913883859,0.738741621059329
25692,LOF,0.3187642420406025,0.011924686472097755,0.6693110714872998
25693,LOF,0.027359019254906594,0.4699399447590911,0.5027010359860022
25694,LOF,0.24874196357594197,0.011638935174026921,0.739619101250031
25695,LOF,0.19199563445363507,0.017212939961422494,0.7907914255849425
25696,LOF,0.08441444016657361,0.01709331337431792,0.8984922464591084
25697,LOF,0.07198266423057614,0.01219357383686816,0.9158237619325558
25698,LOF,0.017400361656284752,0.1702433958430659,0.8123562425006493
25699,LOF,0.08211512330322658,0.3426793413127855,0.575205535383988
25700,LOF,0.04859098288358346,0.020973851778363875,0.9304351653380526
25701,LOF,0.010657906068443853,0.3350486258731043,0.6542934680584518
25702,GOF,0.03168748731159686,0.5965080892711712,0.37180442341723213
25703,LOF,0.015385872704157595,0.07253965533388343,0.912074471961959
25704,LOF,0.06800946684159447,0.04572735370927797,0.8862631794491276
25705,LOF,0.08412426036905694,0.15431461873135627,0.7615611208995867
25706,GOF,0.021281376255009025,0.6320075262016112,0.3467110975433798
25707,GOF,0.027638461769995404,0.5393930009736992,0.4329685372563054
25708,GOF,0.007985727179996762,0.5408358102845789,0.4511784625354242
25709,LOF,0.04559920700558769,0.06077449655649832,0.893626296437914
25710,LOF,0.006985590248064517,0.14021204727292597,0.8528023624790096
25711,LOF,0.042648469522036415,0.095109764338337,0.8622417661396267
25712,LOF,0.009564534109848479,0.196665977647854,0.7937694882422975
25713,LOF,0.035738136664226566,0.0903274439590451,0.8739344193767282
25714,LOF,0.03470003833039712,0.16024801496092614,0.8050519467086766
25715,LOF,0.04058841826990212,0.10427609857397711,0.8551354831561209
25716,LOF,0.00551813375541961,0.10720998711582552,0.8872718791287549
25717,LOF,0.006217510764760251,0.120240089466254,0.8735423997689857
25718,LOF,0.036063671267698306,0.07406297876750492,0.8898733499647968
25719,LOF,0.037143168040663074,0.10825484424369208,0.8546019877156448
25720,LOF,0.034691186919076175,0.10897863738856625,0.8563301756923575
25721,LOF,0.035687883671197525,0.10655342729758446,0.857758689031218
25722,LOF,0.029434754391957505,0.12290471408602796,0.8476605315220144
25723,LOF,0.04613714297187138,0.10922139057997823,0.8446414664481504
25724,LOF,0.06825466960742897,0.24914436732449344,0.6826009630680775
25725,LOF,0.05099769335066262,0.08385877976750045,0.8651435268818369
25726,LOF,0.03430109409329405,0.09783823768434848,0.8678606682223575
25727,LOF,0.04329095515989201,0.07850546909655799,0.87820357574355
25728,LOF,0.04193322761767352,0.11051182511077431,0.8475549472715522
25729,LOF,0.04584247985866569,0.11019820593924222,0.8439593142020921
25730,LOF,0.05354711317980961,0.08283748398542361,0.8636154028347667
25731,LOF,0.008214697283915592,0.09316226099735386,0.8986230417187306
25732,LOF,0.028014276456627654,0.05204769114913414,0.9199380323942382
25733,LOF,0.03564513179457195,0.07559774148947522,0.8887571267159529
25734,LOF,0.005556280576789212,0.32532151656137187,0.669122202861839
25735,LOF,0.03196457458065778,0.07768144025139506,0.8903539851679471
25736,LOF,0.031409651489103074,0.13972440900334016,0.8288659395075568
25737,LOF,0.055918274850198714,0.08452771155513977,0.8595540135946614
25738,LOF,0.041435394101766033,0.16184453566195986,0.796720070236274
25739,LOF,0.032459849292547034,0.1258552078105698,0.8416849428968831
25740,LOF,0.06002804439771708,0.11001590089407334,0.8299560547082097
25741,LOF,0.0555707515049549,0.10324623374408498,0.84118301475096
25742,LOF,0.06122586992392666,0.11580898583483035,0.8229651442412429
25743,LOF,0.011894317575415259,0.016963409701270655,0.971142272723314
25744,LOF,0.17374761049661053,0.1468641275408327,0.6793882619625569
25745,LOF,0.0327440732440504,0.06555339478425944,0.9017025319716903
25746,LOF,0.01570110351024146,0.09932319393615167,0.8849757025536068
25747,LOF,0.0561177665957677,0.030683502694701766,0.9131987307095306
25748,LOF,0.3250413187967364,0.09211202433932111,0.5828466568639425
25749,LOF,0.02089373940122994,0.05726000073430018,0.9218462598644699
25750,LOF,0.02074501755627422,0.069981416916151,0.9092735655275748
25751,LOF,0.04347764638440685,0.07055576739790688,0.8859665862176863
25752,GOF,0.0902586995821394,0.5321349612335791,0.3776063391842816
25753,LOF,0.006681399397265832,0.30399153705019927,0.6893270635525349
25754,GOF,0.009291815122506927,0.8565028430983841,0.13420534177910895
25755,LOF,0.007428989357074942,0.3519063725379037,0.6406646381050215
25756,LOF,0.022030955378730656,0.36729036663356207,0.6106786779877074
25757,GOF,0.008910570154491043,0.8305930004404012,0.16049642940510778
25758,GOF,0.009887978094237701,0.8782308281149721,0.11188119379079027
25759,GOF,0.007194599076614346,0.6189300480921887,0.37387535283119694
25760,LOF,0.006201006358322978,0.2222493209341239,0.771549672707553
25761,GOF,0.05410534589841263,0.8662546143920039,0.07964003970958343
25762,LOF,0.023636418634421747,0.29133611361078926,0.6850274677547891
25763,LOF,0.005986530433901684,0.2433800670149227,0.7506334025511756
25764,GOF,0.06918860529108091,0.6406169986232739,0.2901943960856451
25765,GOF,0.010037842053684522,0.8940443122324884,0.09591784571382718
25766,GOF,0.030744495255832907,0.8186617109597534,0.15059379378441382
25767,GOF,0.01180772277753851,0.564472131580057,0.4237201456424044
25768,LOF,0.05352528666846819,0.08214546816185363,0.8643292451696781
25769,LOF,0.03251355891841137,0.09087737605643725,0.8766090650251515
25770,LOF,0.15078553180452864,0.14523785612590387,0.7039766120695675
25771,LOF,0.024947089869998055,0.08517528863576482,0.8898776214942371
25772,LOF,0.0490523519938795,0.05431152486083679,0.8966361231452838
25773,LOF,0.018432727577382634,0.12918581929063586,0.8523814531319815
25774,LOF,0.025483383888708105,0.24198952691293818,0.7325270891983537
25775,LOF,0.023397464555824917,0.054772316873103945,0.9218302185710712
25776,LOF,0.03682727317325728,0.03610835235516502,0.9270643744715777
25777,LOF,0.2787091195909219,0.13929864714990806,0.58199223325917
25778,LOF,0.0313486117749345,0.09106003730071312,0.8775913509243524
25779,GOF,0.07356660218192078,0.782105791574297,0.14432760624378213
25780,GOF,0.07473981658072701,0.8002703483388353,0.12498983508043769
25781,GOF,0.03409736452900044,0.7628696044020082,0.2030330310689913
25782,GOF,0.03480688409010953,0.8322785740155704,0.13291454189432006
25783,GOF,0.072127643398037,0.8182683417096457,0.10960401489231739
25784,GOF,0.12353593007213394,0.7850790434905487,0.09138502643731744
25785,GOF,0.16674363932721353,0.7479490724238068,0.08530728824897964
25786,GOF,0.016655772035285833,0.6547568309160126,0.32858739704870166
25787,GOF,0.34046824870799897,0.5535936318851385,0.10593811940686243
25788,LOF,0.026197872727667243,0.0749638940169461,0.8988382332553866
25789,GOF,0.020257415812507076,0.7738268294655791,0.20591575472191387
25790,GOF,0.034169586723405775,0.7550475734049082,0.21078283987168614
25791,GOF,0.03397625186274158,0.576598090129049,0.3894256580082095
25792,GOF,0.040980498492762696,0.6693626154813755,0.28965688602586176
25793,GOF,0.06819603530846825,0.6905015603545912,0.24130240433694058
25794,GOF,0.059071688981682434,0.5568265088675649,0.38410180215075274
25795,GOF,0.06307123047993028,0.5933587928999954,0.3435699766200744
25796,GOF,0.17076098783479812,0.579861392855134,0.24937761931006786
25797,GOF,0.08921484620014553,0.547393802176731,0.36339135162312336
25798,GOF,0.008587540939549507,0.7494895819525146,0.24192287710793584
25799,GOF,0.005970111261445668,0.6492925360022932,0.3447373527362612
25800,GOF,0.02685176946523643,0.821547321728047,0.15160090880671645
25801,GOF,0.02766152281141114,0.7921163064272825,0.18022217076130637
25802,GOF,0.028868756685384613,0.7224133538651434,0.24871788944947215
25803,GOF,0.027673612827090344,0.6348602217703789,0.33746616540253077
25804,GOF,0.042945392721126005,0.638037068391631,0.3190175388872429
25805,GOF,0.03226385885310611,0.6945333061508122,0.2732028349960816
25806,GOF,0.045426629205147666,0.7052639211598399,0.24930944963501253
25807,GOF,0.018435358957769998,0.5923957291264937,0.38916891191573616
25808,GOF,0.0321095089886111,0.6960073205524974,0.27188317045889143
25809,GOF,0.017741342987575327,0.6085207445006199,0.3737379125118047
25810,GOF,0.015176580077371406,0.6078566507463972,0.3769667691762314
25811,GOF,0.08930299863407996,0.7890782367529908,0.12161876461292917
25812,GOF,0.04398393824597974,0.6689309236151777,0.28708513813884257
25813,GOF,0.20395591085670936,0.6511563198203685,0.1448877693229222
25814,GOF,0.04072789936861861,0.6853348600844508,0.2739372405469306
25815,GOF,0.0633280241956797,0.7636266827922565,0.1730452930120637
25816,GOF,0.010193076316416954,0.804860891111447,0.18494603257213593
25817,GOF,0.114961729681666,0.68211268512789,0.20292558519044387
25818,GOF,0.030210132765436205,0.7547284901330228,0.2150613771015411
25819,GOF,0.048914990708685234,0.6794280154880122,0.27165699380330244
25820,GOF,0.0553901819109205,0.5948910500575513,0.3497187680315283
25821,GOF,0.03837460337340021,0.6509050411806628,0.31072035544593685
25822,GOF,0.07155711325609038,0.6334864076094255,0.2949564791344842
25823,GOF,0.03735306060901999,0.6157675383360018,0.34687940105497816
25824,GOF,0.03197355928035054,0.6839010916521878,0.28412534906746173
25825,GOF,0.022857830324024504,0.6864722166113518,0.2906699530646237
25826,GOF,0.011543188985100072,0.6008289687563617,0.3876278422585382
25827,GOF,0.020400050616022954,0.6488987599358856,0.3307011894480914
25828,GOF,0.012834917817763214,0.6625713459582636,0.32459373622397303
25829,GOF,0.004894117654341746,0.5144196201292802,0.4806862622163781
25830,LOF,0.08194875820148585,0.3199891274773097,0.5980621143212046
25831,GOF,0.07847302622135256,0.7479705502415538,0.17355642353709352
25832,GOF,0.011183026190421795,0.672593213515595,0.3162237602939832
25833,GOF,0.03376563583746888,0.7711805189355585,0.19505384522697264
25834,GOF,0.011515502041070413,0.6953916493962361,0.29309284856269335
25835,GOF,0.0307758510522387,0.813561199759401,0.15566294918836027
25836,GOF,0.009340402706750416,0.7273441846979868,0.2633154125952629
25837,GOF,0.014267299448422109,0.6756114778315722,0.31012122272000575
25838,GOF,0.02514457890758642,0.7551490034083511,0.21970641768406246
25839,GOF,0.07438791786448354,0.6920052444964917,0.23360683763902482
25840,GOF,0.10510431179047161,0.6531142534866485,0.24178143472287977
25841,GOF,0.08864787568606354,0.7285681531268932,0.1827839711870433
25842,GOF,0.029554074193872976,0.809703059139185,0.16074286666694196
25843,GOF,0.027089616229996814,0.8109249425473375,0.1619854412226657
25844,GOF,0.02563695908941263,0.7549391107897728,0.2194239301208146
25845,GOF,0.009255236984077283,0.6197138538748236,0.37103090914109904
25846,GOF,0.07746071988661286,0.8022816417004749,0.12025763841291216
25847,GOF,0.021922918686370006,0.8085233802018924,0.1695537011117375
25848,GOF,0.02206076883877555,0.7730258067603972,0.20491342440082722
25849,GOF,0.008071494580635908,0.7476420086628217,0.24428649675654235
25850,GOF,0.00937710998729808,0.6304369874539273,0.36018590255877464
25851,GOF,0.008561330424316137,0.5700446611440867,0.42139400843159713
25852,LOF,0.17790650553766868,0.3812533807509097,0.44084011371142157
25853,GOF,0.07183158180821338,0.6793238842385567,0.24884453395322984
25854,GOF,0.008444561833479669,0.6538771098560227,0.3376783283104977
25855,GOF,0.027930746677708552,0.5114883727399828,0.46058088058230856
25856,GOF,0.05638451992873865,0.6694543732825388,0.27416110678872246
25857,GOF,0.027763021323454783,0.5057653250905172,0.466471653586028
25858,GOF,0.01025299922574862,0.5064263626356116,0.48332063813863985
25859,LOF,0.00723404071772632,0.4832965739160487,0.5094693853662249
25860,GOF,0.08698126837117352,0.5845912699143055,0.3284274617145209
25861,GOF,0.11793722597306917,0.7331427133882418,0.14892006063868912
25862,GOF,0.024837472561783133,0.8611175768647564,0.11404495057346033
25863,GOF,0.022413513955729075,0.8365297527506533,0.1410567332936177
25864,GOF,0.033362305080237714,0.8593619236966772,0.10727577122308521
25865,GOF,0.03784632784024998,0.8358155007165138,0.1263381714432363
25866,GOF,0.023369349660461284,0.8302002436869232,0.14643040665261553
25867,GOF,0.045283190580862345,0.8361524515537613,0.11856435786537625
25868,GOF,0.07924229905543723,0.6788712078299505,0.24188649311461222
25869,GOF,0.35294767488845624,0.4629557602649594,0.18409656484658438
25870,LOF,0.08836178901946512,0.3594794744144556,0.5521587365660793
25871,GOF,0.012247121521561233,0.6170580758651627,0.3706948026132762
25872,GOF,0.02933981070123622,0.6592611836568069,0.311399005641957
25873,GOF,0.02448703466355786,0.7207793552272856,0.2547336101091564
25874,LOF,0.03506683015484467,0.08367785662374945,0.8812553132214058
25875,LOF,0.0251688008272211,0.1851396058014601,0.7896915933713189
25876,LOF,0.022362791572259826,0.07783358814834995,0.8998036202793902
25877,LOF,0.09134989947976772,0.3465029976260568,0.5621471028941755
25878,LOF,0.056509092823565706,0.41267788598442084,0.5308130211920135
25879,LOF,0.010832509248631012,0.22407300757910584,0.7650944831722631
25880,LOF,0.04383996850258212,0.026252913461891212,0.9299071180355267
25881,Neutral,0.4744467207558609,0.29446073226399627,0.23109254698014287
25882,LOF,0.038200909632902465,0.09214271633798359,0.8696563740291139
25883,LOF,0.026530469280343,0.11471173159090832,0.8587577991287487
25884,LOF,0.013126591625529005,0.10479212678569073,0.8820812815887802
25885,LOF,0.13313717021721394,0.038332362164982675,0.8285304676178035
25886,LOF,0.19994186272140418,0.22273788864254776,0.577320248636048
25887,GOF,0.049277010937338474,0.5070618324526396,0.443661156610022
25888,LOF,0.0049880180395101585,0.374761059855092,0.6202509221053978
25889,LOF,0.020626084349713532,0.09470780939405281,0.8846661062562337
25890,LOF,0.19200749584828847,0.2992463176647642,0.5087461864869474
25891,LOF,0.10439983361407237,0.12003070112052701,0.7755694652654006
25892,LOF,0.00674297646193471,0.047324971927487726,0.9459320516105775
25893,LOF,0.2500996059178224,0.01603558091470315,0.7338648131674744
25894,LOF,0.2981306047268551,0.010001533007092599,0.6918678622660523
25895,LOF,0.25893869501160766,0.016511507228597337,0.724549797759795
25896,LOF,0.07703043601500326,0.046091872149390534,0.8768776918356062
25897,LOF,0.09253134888100972,0.021633986347392112,0.8858346647715982
25898,LOF,0.08694485861029339,0.05591310412032639,0.8571420372693802
25899,LOF,0.3823768677898972,0.045547685887328264,0.5720754463227745
25900,Neutral,0.7653250754268008,0.013836649556746293,0.22083827501645292
25901,LOF,0.06848969502910456,0.014207039845321606,0.9173032651255738
25902,LOF,0.07336294271164229,0.009241486989880254,0.9173955702984775
25903,LOF,0.12822020449094929,0.04558414173218215,0.8261956537768684
25904,Neutral,0.4582593746596255,0.09595476105202438,0.44578586428835004
25905,LOF,0.011305233916104822,0.26576681522251827,0.7229279508613768
25906,LOF,0.008027337951676532,0.018360663670575553,0.9736119983777478
25907,LOF,0.008306152599007008,0.1574347653500255,0.8342590820509675
25908,LOF,0.008724217942325868,0.13995873680577936,0.8513170452518947
25909,LOF,0.0396112424774599,0.06279559171505782,0.8975931658074824
25910,LOF,0.013537009641616886,0.10343713972388409,0.8830258506344989
25911,LOF,0.1791185081136764,0.0945923070367829,0.7262891848495406
25912,LOF,0.13766296715393234,0.029699565750949636,0.8326374670951181
25913,LOF,0.014999839447512856,0.0969010082997391,0.888099152252748
25914,LOF,0.04569589941626075,0.03449775873173299,0.9198063418520063
25915,GOF,0.2105897581823052,0.4281797376546557,0.36123050416303903
25916,LOF,0.01574670940123968,0.2196025666181927,0.7646507239805677
25917,LOF,0.07060471460592384,0.040237324825830895,0.8891579605682454
25918,LOF,0.04766556340698069,0.023843323887562173,0.9284911127054573
25919,LOF,0.04385424786555738,0.022262878914144142,0.9338828732202985
25920,LOF,0.2581254241349674,0.30019495190365714,0.44167962396137533
25921,LOF,0.024025089051767146,0.03796061573745317,0.9380142952107797
25922,LOF,0.019739514933162988,0.03252407846150464,0.9477364066053324
25923,LOF,0.4659039531712148,0.02256887350081254,0.5115271733279727
25924,LOF,0.028731051743859412,0.0413347874707107,0.92993416078543
25925,LOF,0.13575109512494268,0.049969230257176096,0.8142796746178812
25926,LOF,0.10808870656268664,0.03300034051329456,0.8589109529240189
25927,LOF,0.026729517483518938,0.0767579468814786,0.8965125356350024
25928,LOF,0.015517340730041644,0.022773843919382114,0.9617088153505763
25929,Neutral,0.592524708414577,0.022123394516072287,0.38535189706935064
25930,LOF,0.0707886244862049,0.02543869947535647,0.9037726760384387
25931,LOF,0.014628532787322871,0.02531067323265107,0.9600607939800261
25932,LOF,0.09782182028650475,0.016727999175006066,0.8854501805384892
25933,LOF,0.09868645447572368,0.012742279249774334,0.8885712662745021
25934,LOF,0.09511631459662513,0.014825458495671288,0.8900582269077035
25935,LOF,0.12694523124739557,0.03685968933143447,0.83619507942117
25936,LOF,0.09457317236161604,0.013097201266687593,0.8923296263716964
25937,LOF,0.01792884468030375,0.026544590354502472,0.9555265649651938
25938,LOF,0.12888528765865065,0.03307630611998197,0.8380384062213673
25939,LOF,0.06689237037171336,0.015310352794602302,0.9177972768336844
25940,LOF,0.00784132809655547,0.3654084016849025,0.626750270218542
25941,Neutral,0.5166748876680153,0.1652548766127112,0.3180702357192735
25942,LOF,0.007907885370763415,0.24033013601018693,0.7517619786190496
25943,GOF,0.025556943041337706,0.631619781459035,0.3428232754996273
25944,GOF,0.028767301001511574,0.5312094306644043,0.44002326833408417
25945,LOF,0.10724696784094458,0.14340371081141315,0.7493493213476423
25946,LOF,0.08963999520476548,0.06753953005355041,0.8428204747416842
25947,Neutral,0.5178245919053488,0.11954041624481164,0.3626349918498396
25948,Neutral,0.5177129563836943,0.01581991736111638,0.46646712625518927
25949,LOF,0.12034198731643175,0.0455195079204746,0.8341385047630936
25950,GOF,0.04080200029968233,0.8239487490280681,0.1352492506722496
25951,GOF,0.016606176398569043,0.6233849950234368,0.36000882857799416
25952,GOF,0.1017322163981501,0.4714363972099609,0.42683138639188895
25953,GOF,0.006789527691826269,0.5977389654524861,0.3954715068556876
25954,GOF,0.027495662174957705,0.7073953423065024,0.26510899551853984
25955,GOF,0.005832735121280324,0.5408391017240777,0.4533281631546419
25956,LOF,0.009162374348807139,0.3718135721488859,0.6190240535023069
25957,LOF,0.2416746190642015,0.0313703963705299,0.7269549845652686
25958,LOF,0.029092201409413144,0.07940930066949618,0.8914984979210907
25959,GOF,0.006147930419522381,0.6546744653037087,0.3391776042767689
25960,LOF,0.004820912562624266,0.12590639866347964,0.8692726887738962
25961,LOF,0.02968739731812738,0.07541187185782575,0.8949007308240468
25962,LOF,0.04341470588786309,0.08416045038322219,0.8724248437289148
25963,LOF,0.009502490758151043,0.23939143638213714,0.7511060728597119
25964,LOF,0.0463500934535675,0.1356562584161755,0.8179936481302571
25965,LOF,0.13521052915089066,0.2129223354032905,0.6518671354458188
25966,LOF,0.33708571588520153,0.23883657127527844,0.42407771283952
25967,LOF,0.00761170998994871,0.0737043056312893,0.9186839843787621
25968,LOF,0.07436371242701889,0.22528704166169322,0.700349245911288
25969,LOF,0.16177245567989754,0.032359592701708885,0.8058679516183935
25970,LOF,0.03892839200082591,0.2623134881851586,0.6987581198140155
25971,LOF,0.06808017835742212,0.08328224272418912,0.8486375789183888
25972,LOF,0.06259843744763051,0.1056288947677746,0.8317726677845949
25973,LOF,0.09401468835531106,0.007278891934064761,0.8987064197106241
25974,LOF,0.0869585416894433,0.058272677198873545,0.8547687811116833
25975,LOF,0.04000501923807211,0.010983316640969805,0.949011664120958
25976,LOF,0.1002907722903564,0.007436210893932522,0.8922730168157111
25977,LOF,0.20261327525317355,0.08051455895581473,0.7168721657910118
25978,LOF,0.15361687798598475,0.1168333458794098,0.7295497761346054
25979,LOF,0.12093553063066932,0.12007008991936187,0.7589943794499687
25980,LOF,0.1826587393569088,0.22253306417695026,0.5948081964661409
25981,LOF,0.1850268596113341,0.22988832193299466,0.5850848184556712
25982,LOF,0.2667920334311344,0.11072172773788042,0.6224862388309852
25983,Neutral,0.46086852128909084,0.11543515985386021,0.42369631885704895
25984,LOF,0.038442084303688076,0.13779335479209012,0.8237645609042218
25985,LOF,0.40976080572677637,0.16899012021891377,0.4212490740543098
25986,LOF,0.00916019555531845,0.4581853002027757,0.5326545042419059
25987,LOF,0.019431394013091283,0.07406682054764374,0.906501785439265
25988,LOF,0.03388897724176571,0.22302905019471658,0.7430819725635176
25989,LOF,0.034475933409555494,0.2191739440617655,0.7463501225286789
25990,LOF,0.040906985526251285,0.31197055334821794,0.6471224611255307
25991,GOF,0.03583855812964983,0.5932564125159525,0.3709050293543976
25992,LOF,0.014317822410043328,0.3719957834859391,0.6136863941040176
25993,LOF,0.031561677989137706,0.08457465557979214,0.8838636664310702
25994,LOF,0.0331619496563906,0.10588246886073846,0.860955581482871
25995,LOF,0.020365091466712816,0.19237476884527668,0.7872601396880106
25996,GOF,0.3016208406221406,0.5476249976133779,0.15075416176448142
25997,GOF,0.060425325493216595,0.6558195185804669,0.2837551559263164
25998,LOF,0.23888568415226313,0.036190331683813186,0.7249239841639237
25999,LOF,0.02508600845770099,0.41232729176533023,0.5625866997769688
26000,LOF,0.12990887784753566,0.0154051197783729,0.8546860023740914
26001,LOF,0.1296073454258389,0.03224874069475477,0.8381439138794063
26002,LOF,0.08220370068623753,0.01983472496403536,0.897961574349727
26003,GOF,0.007748903563721182,0.6026222318636105,0.38962886457266827
26004,GOF,0.02205106229264013,0.6010103731616545,0.3769385645457054
26005,GOF,0.0066648175845153,0.5011438168756859,0.4921913655397989
26006,GOF,0.15539378005190452,0.5202297327705854,0.32437648717751005
26007,GOF,0.011528254186548962,0.5513627955295739,0.4371089502838771
26008,GOF,0.007095469663563383,0.5810383019508173,0.4118662283856194
26009,GOF,0.015510961637112651,0.6258996019781927,0.35858943638469465
26010,GOF,0.010514624931052468,0.5933640420792167,0.39612133298973085
26011,LOF,0.007458934582519628,0.46596715869847516,0.5265739067190053
26012,LOF,0.00655503654952524,0.4803586096108758,0.513086353839599
26013,LOF,0.012062675250480112,0.48549646076777364,0.5024408639817463
26014,LOF,0.058089881041972546,0.09860590125545042,0.843304217702577
26015,LOF,0.37607290712100727,0.055449635362622415,0.5684774575163702
26016,LOF,0.2734037858008014,0.14479446263694776,0.5818017515622509
26017,LOF,0.017286690458203618,0.4341901004945575,0.548523209047239
26018,LOF,0.02112899220135937,0.17612537582824428,0.8027456319703963
26019,LOF,0.021284613760489082,0.13877914029755706,0.8399362459419538
26020,LOF,0.007348565912025595,0.39693997103352374,0.5957114630544507
26021,LOF,0.09052545704141872,0.271971435912751,0.6375031070458302
26022,LOF,0.054363661598733654,0.07002293427281062,0.8756134041284558
26023,LOF,0.032574179631299945,0.14012221693625332,0.8273036034324467
26024,LOF,0.048011245997914016,0.1913614415429324,0.7606273124591535
26025,LOF,0.14302769587283598,0.1624001900896766,0.6945721140374874
26026,LOF,0.14729929103734196,0.1215497891708921,0.7311509197917658
26027,LOF,0.030305638908616872,0.08225009825330434,0.8874442628380789
26028,LOF,0.0767026298572042,0.22628032978799598,0.6970170403547997
26029,LOF,0.0397172562777826,0.09985413650838915,0.8604286072138283
26030,LOF,0.15974476242937438,0.008289356666056022,0.8319658809045697
26031,LOF,0.02079033896317948,0.11610178264834553,0.8631078783884749
26032,LOF,0.029412118859379797,0.02138336773464943,0.9492045134059709
26033,LOF,0.04609390788373596,0.04388982253868618,0.9100162695775778
26034,LOF,0.026622249073933204,0.07315205166808567,0.900225699257981
26035,LOF,0.016312548029815556,0.08915803082273972,0.8945294211474447
26036,LOF,0.01512956469398428,0.0719300403595035,0.9129403949465122
26037,LOF,0.014428263972892574,0.07056737807154347,0.9150043579555639
26038,LOF,0.02429382042020691,0.021052968366251538,0.9546532112135415
26039,LOF,0.03211473647569891,0.10785624729119542,0.8600290162331057
26040,LOF,0.06830264832185186,0.16107054502180532,0.7706268066563429
26041,LOF,0.01766821031659829,0.08465929095899616,0.8976724987244055
26042,LOF,0.016051169632699275,0.09280694811012992,0.8911418822571707
26043,LOF,0.023615759638110773,0.0512152204569446,0.9251690199049447
26044,LOF,0.00881424701965229,0.042305358573244606,0.9488803944071033
26045,LOF,0.07753754108795903,0.22142180049731838,0.7010406584147225
26046,LOF,0.023250986987658803,0.05443064181494508,0.922318371197396
26047,LOF,0.055989266982693596,0.041562348176594446,0.9024483848407121
26048,LOF,0.08014293181673109,0.02278872220650486,0.8970683459767641
26049,Neutral,0.9206378316384747,0.0053247280714529615,0.07403744029007231
26050,Neutral,0.8651277584311182,0.006419625907804783,0.12845261566107682
26051,LOF,0.03353842202187238,0.3661419100242778,0.6003196679538497
26052,LOF,0.03495640556623769,0.268009822442762,0.6970337719910004
26053,LOF,0.04371554122381469,0.06451641776252828,0.8917680410136569
26054,LOF,0.05118933787135105,0.0975845845479924,0.8512260775806565
26055,LOF,0.054945969958675435,0.08373587240853202,0.8613181576327925
26056,LOF,0.05272433211443506,0.08930926511758315,0.8579664027679819
26057,LOF,0.0558805922194152,0.01890836331036092,0.9252110444702238
26058,LOF,0.06504549784467903,0.014936060560661693,0.9200184415946594
26059,LOF,0.24360358510824798,0.11883745742982417,0.6375589574619278
26060,LOF,0.016136420207638575,0.24790027844288712,0.7359633013494744
26061,LOF,0.013194601392972405,0.013001355335612485,0.9738040432714152
26062,LOF,0.005907361791104676,0.025011831935008024,0.9690808062738873
26063,LOF,0.05330792089062196,0.015573680253476288,0.9311183988559018
26064,LOF,0.009565512024912758,0.015172113036229786,0.9752623749388575
26065,LOF,0.0469857995821952,0.021658110834993385,0.9313560895828114
26066,LOF,0.04738142831156306,0.01465151146533304,0.9379670602231038
26067,LOF,0.05679919613834854,0.017289434394142794,0.9259113694675086
26068,LOF,0.049186875704626924,0.061994510624560614,0.8888186136708124
26069,LOF,0.15861406452922017,0.05164829910230065,0.7897376363684793
26070,LOF,0.3799334828300989,0.03034905286356627,0.5897174643063349
26071,LOF,0.049806506937630855,0.01732289557562676,0.9328705974867423
26072,LOF,0.009490296349339022,0.02169930635475555,0.9688103972959053
26073,LOF,0.051551460193496504,0.013805687344497754,0.9346428524620057
26074,Neutral,0.7139141888407746,0.0256613377998866,0.2604244733593387
26075,LOF,0.03945264951242615,0.04008645126897703,0.9204608992185969
26076,LOF,0.06132092597769381,0.02506539928171467,0.9136136747405914
26077,LOF,0.16943797489897203,0.023413249346165718,0.8071487757548622
26078,LOF,0.007251336827882418,0.026327480404932508,0.9664211827671851
26079,LOF,0.05698879987096301,0.041730265404398455,0.9012809347246385
26080,LOF,0.055490846572748415,0.04187560792836961,0.902633545498882
26081,LOF,0.05192497901354184,0.01733508860605817,0.9307399323803999
26082,LOF,0.007691684928614896,0.02446825725490564,0.9678400578164794
26083,LOF,0.046858373033637185,0.04141990590907099,0.9117217210572918
26084,LOF,0.0592672221076703,0.020434934079562,0.9202978438127676
26085,LOF,0.05495280708881433,0.018420053416543306,0.9266271394946424
26086,LOF,0.03870567545167922,0.020533544543944546,0.9407607800043761
26087,LOF,0.04636835238027266,0.022583128770770355,0.9310485188489569
26088,LOF,0.00791168309077301,0.0485797130052245,0.9435086039040024
26089,LOF,0.03419099249168107,0.07091280028116768,0.8948962072271511
26090,LOF,0.034078719020235806,0.053109798489510425,0.9128114824902538
26091,LOF,0.05233853190841497,0.017608688706014872,0.9300527793855702
26092,LOF,0.05975659119003089,0.015177345896059773,0.9250660629139092
26093,LOF,0.07781663791042828,0.011764157084624968,0.9104192050049467
26094,LOF,0.04243068982037717,0.017377984952301636,0.9401913252273212
26095,LOF,0.011798004768314264,0.0325908877988137,0.955611107432872
26096,LOF,0.29665444363968413,0.004662455971630507,0.6986831003886853
26097,LOF,0.007148074663828227,0.05820695077567457,0.9346449745604973
26098,LOF,0.06303398482199507,0.041006928611456495,0.8959590865665484
26099,LOF,0.048175417752690165,0.05048249171404382,0.901342090533266
26100,LOF,0.048175417752690165,0.05048249171404382,0.901342090533266
26101,LOF,0.041011909006331594,0.05244180844897004,0.9065462825446985
26102,LOF,0.04902240359378003,0.02402101127368573,0.9269565851325343
26103,Neutral,0.8587565653135913,0.051106945384542225,0.09013648930186652
26104,LOF,0.04320901027276443,0.12469283154480658,0.832098158182429
26105,LOF,0.26680428797308847,0.24229065160732507,0.4909050604195865
26106,LOF,0.3253946985596485,0.14748354096652166,0.52712176047383
26107,LOF,0.010464544472067426,0.18614010602012346,0.8033953495078091
26108,LOF,0.13545414551425763,0.21321750165329106,0.6513283528324513
26109,LOF,0.052685395541659075,0.028757000502268038,0.9185576039560728
26110,Neutral,0.520568641909426,0.04384772568268054,0.43558363240789344
26111,LOF,0.056314343116168765,0.22445315016010017,0.7192325067237312
26112,LOF,0.05896773760719282,0.04214799677381637,0.8988842656189907
26113,LOF,0.06472199292414585,0.07261630429004672,0.8626617027858074
26114,LOF,0.10191220984318468,0.025827994990153032,0.8722597951666623
26115,LOF,0.01866739267059464,0.22137462227648483,0.7599579850529204
26116,LOF,0.06374663480627966,0.07536068922885797,0.8608926759648624
26117,LOF,0.26760841389682277,0.06684359269377145,0.6655479934094058
26118,LOF,0.036866879208046446,0.022806600791215485,0.940326520000738
26119,LOF,0.005544860681281669,0.1006199766356659,0.8938351626830524
26120,LOF,0.031259244526798326,0.02989120020748599,0.9388495552657158
26121,LOF,0.004673045642855585,0.1081850509209471,0.8871419034361974
26122,LOF,0.005045038260116053,0.10657950621427784,0.888375455525606
