feature0,prediction,LoGoFunc_Neutral,LoGoFunc_GOF,LoGoFunc_LOF
25546,Neutral,0.7209240800103518,0.027763304137188874,0.2513126158524594
25547,Neutral,0.5998524455665242,0.05777280691198921,0.34237474752148667
25548,Neutral,0.6018923515175658,0.0433833718439658,0.3547242766384684
25549,Neutral,0.5346009897054192,0.04308525049120742,0.4223137598033734
25550,LOF,0.3536841700900474,0.08326044241882015,0.5630553874911326
25551,LOF,0.29489956264446954,0.09695912298087687,0.6081413143746537
25552,LOF,0.21972150429138365,0.09303092610433736,0.6872475696042789
25553,Neutral,0.8408954544145324,0.02330834052381032,0.13579620506165743
25554,LOF,0.24745427805685682,0.09126428442177287,0.6612814375213704
25555,LOF,0.20694691029729967,0.07729441913257706,0.7157586705701232
25556,LOF,0.4231463486391946,0.07919018472395643,0.497663466636849
25557,LOF,0.1973098787945376,0.08348776216527105,0.7192023590401914
25558,LOF,0.22949301933521682,0.09273848593849919,0.6777684947262841
25559,LOF,0.35635921494835004,0.17617039116574237,0.4674703938859076
25560,LOF,0.05441703781875353,0.12585898128761444,0.8197239808936321
25561,LOF,0.12341018104298355,0.11893787186373914,0.7576519470932772
25562,LOF,0.1016588580050154,0.05399090636363743,0.8443502356313471
25563,LOF,0.1185315956072674,0.06639842541288483,0.8150699789798478
25564,LOF,0.2285158101921135,0.1220509034697501,0.6494332863381365
25565,LOF,0.1415775755903383,0.10437913458630439,0.7540432898233573
25566,GOF,0.015288427719806676,0.8019900684614332,0.1827215038187603
25567,LOF,0.015482469693430903,0.15656688131536994,0.8279506489911991
25568,LOF,0.04881212438852203,0.05969638875967799,0.8914914868518001
25569,LOF,0.05898850119092762,0.05649318571338669,0.8845183130956857
25570,LOF,0.05711119251286546,0.09384373131733398,0.8490450761698005
25571,LOF,0.0508077675431614,0.08316902397353707,0.8660232084833015
25572,LOF,0.06781867578833367,0.11071234272554979,0.8214689814861165
25573,LOF,0.0418332480651172,0.08842657223705451,0.8697401796978282
25574,LOF,0.020019954088968617,0.13054416361976226,0.849435882291269
25575,LOF,0.0433899563358653,0.1002558373081818,0.8563542063559529
25576,LOF,0.017695734868994617,0.1171185720019914,0.8651856931290139
25577,LOF,0.016145539364985178,0.10973047129224453,0.8741239893427702
25578,LOF,0.24428596725938903,0.07576016322872349,0.6799538695118875
25579,LOF,0.24440354485671673,0.07529252604363218,0.6803039290996511
25580,LOF,0.03092751371514794,0.0712901931629511,0.8977822931219009
25581,LOF,0.05317892880905296,0.05847347650825534,0.8883475946826918
25582,LOF,0.05299339088311129,0.056951948444990005,0.8900546606718986
25583,LOF,0.04071894469385089,0.07610303968348787,0.8831780156226613
25584,Neutral,0.4938213814793078,0.09475599232612122,0.41142262619457093
25585,LOF,0.02207927922362191,0.11017222146406247,0.8677484993123156
25586,LOF,0.030076114986360893,0.06459429114421336,0.9053295938694257
25587,LOF,0.03041836913972135,0.06001166295115463,0.9095699679091239
25588,LOF,0.030213882701713428,0.07723411966601064,0.8925519976322759
25589,Neutral,0.5989356696974393,0.11824466607586412,0.28281966422669647
25590,LOF,0.03224969524890185,0.11798613351433097,0.8497641712367672
25591,LOF,0.10990059433069749,0.05034282600160276,0.8397565796676998
25592,LOF,0.09458726846179316,0.11481199608742808,0.7906007354507787
25593,LOF,0.027164992108016796,0.24268604293440826,0.7301489649575749
25594,LOF,0.043915489805214425,0.2030059151644084,0.7530785950303772
25595,LOF,0.048920111101051135,0.14968495391928788,0.801394934979661
25596,LOF,0.054519200127512976,0.10462214858166703,0.8408586512908199
25597,LOF,0.04219929794813958,0.11080596684699934,0.8469947352048611
25598,LOF,0.048655336867139,0.1439740322429838,0.8073706308898771
25599,GOF,0.008187782381914813,0.6588176908373885,0.33299452678069663
25600,GOF,0.020664992439284786,0.6150668047711267,0.3642682027895885
25601,LOF,0.006984281655689276,0.4510304719157234,0.5419852464285873
25602,LOF,0.02447540331952246,0.05038380449188837,0.9251407921885891
25603,LOF,0.055601955391575066,0.02741416339604982,0.9169838812123751
25604,LOF,0.03930182162938215,0.03730264686277743,0.9233955315078404
25605,LOF,0.01235450003385081,0.18963068288891333,0.7980148170772359
25606,LOF,0.09390819517968713,0.40415891382634606,0.5019328909939669
25607,LOF,0.006502809641468025,0.18272480789021373,0.8107723824683183
25608,LOF,0.04769185743172798,0.058456843644404906,0.8938512989238672
25609,LOF,0.04609306674577627,0.4715059056815522,0.48240102757267167
25610,LOF,0.03690558988296811,0.027982929934730304,0.9351114801823016
25611,LOF,0.040290615027013386,0.025187437708906427,0.9345219472640802
25612,LOF,0.08983172775687745,0.040292325944095986,0.8698759462990266
25613,LOF,0.07795721229967298,0.0427701023135081,0.8792726853868189
25614,LOF,0.03046611395062755,0.035081791293161586,0.9344520947562108
25615,LOF,0.05067088526040138,0.04223453773790236,0.9070945770016963
25616,LOF,0.02725029248957738,0.034938937198740215,0.9378107703116825
25617,LOF,0.02659018680886077,0.03817808831479209,0.9352317248763471
25618,LOF,0.15430620476696535,0.03271525723178567,0.812978538001249
25619,LOF,0.02818623088843978,0.034765015030929054,0.9370487540806313
25620,LOF,0.0320277922982379,0.04198250325274474,0.9259897044490174
25621,LOF,0.029479572311231227,0.032702621724002325,0.9378178059647665
25622,LOF,0.03162707756344179,0.04335731705182347,0.9250156053847348
25623,LOF,0.04963119791459699,0.038347813526673914,0.9120209885587292
25624,LOF,0.025808820843530495,0.043168308501684176,0.9310228706547853
25625,LOF,0.03312451912644844,0.05162741353835651,0.915248067335195
25626,LOF,0.07992809017313424,0.03832690219308335,0.8817450076337825
25627,Neutral,0.5515588561348207,0.13932794002798454,0.3091132038371948
25628,LOF,0.1936214427075059,0.05787367219194858,0.7485048851005455
25629,LOF,0.06499935338641454,0.0687675132857783,0.8662331333278072
25630,LOF,0.16001292721114374,0.09489310236524891,0.7450939704236073
25631,Neutral,0.5718009650312117,0.07035207370861589,0.3578469612601724
25632,LOF,0.014406399568398542,0.09347894449077418,0.8921146559408273
25633,LOF,0.20075371335298442,0.07296010084414595,0.7262861858028697
25634,LOF,0.033128724501637445,0.10856967651226788,0.8583015989860947
25635,LOF,0.03581100176598222,0.08368285239423216,0.8805061458397855
25636,GOF,0.003841274002351325,0.6619008649063337,0.33425786109131495
25637,GOF,0.004757162749342667,0.7014673092385736,0.29377552801208373
25638,LOF,0.008457202807574563,0.43537658790352385,0.5561662092889016
25639,GOF,0.004224206588117905,0.5394541294876215,0.45632166392426055
25640,GOF,0.46284001909572403,0.4731323274258914,0.06402765347838446
25641,LOF,0.008784129025233518,0.3562986203508807,0.6349172506238858
25642,LOF,0.2790451782504138,0.06985112475977757,0.6511036969898087
25643,LOF,0.24359268712466992,0.16424200742832537,0.5921653054470047
25644,GOF,0.015578249991237676,0.5178908912205747,0.4665308587881876
25645,LOF,0.01309619609918065,0.4714053707452647,0.5154984331555548
25646,LOF,0.019927762118190886,0.3455551584650342,0.6345170794167749
25647,LOF,0.016459357932302816,0.2793245328395976,0.7042161092280997
25648,LOF,0.014485083159552211,0.30151362924345215,0.6840012875969956
25649,LOF,0.011327867319922347,0.2201564676313534,0.7685156650487242
25650,LOF,0.025971252413318255,0.4696091401356585,0.5044196074510231
25651,LOF,0.009656755793606711,0.27981421219695984,0.7105290320094335
25652,LOF,0.014676239922957293,0.2683621669426401,0.7169615931344024
25653,LOF,0.06268992756845661,0.35700428989820987,0.5803057825333335
25654,LOF,0.01847697656503575,0.15504744878906807,0.8264755746458962
25655,LOF,0.08010884049020828,0.4245557361523247,0.49533542335746683
25656,LOF,0.08918112574027058,0.06717699890178262,0.8436418753579469
25657,LOF,0.2856977690835341,0.031017811952031113,0.6832844189644347
25658,LOF,0.03608389080044816,0.09135813793763592,0.872557971261916
25659,LOF,0.2905727034511246,0.06229761512033697,0.6471296814285384
25660,LOF,0.0719896476499182,0.09230740910721393,0.8357029432428679
25661,LOF,0.050874845660746654,0.06619080730430296,0.8829343470349503
25662,LOF,0.028068059514563225,0.045403617547865066,0.9265283229375717
25663,LOF,0.036069870205046706,0.06762592932418475,0.8963042004707684
25664,LOF,0.0381571748063927,0.08696473783641193,0.8748780873571954
25665,LOF,0.05748567484927312,0.04529244714973443,0.8972218780009925
25666,LOF,0.03562937738133642,0.12618992993275008,0.8381806926859136
25667,LOF,0.03110893048418633,0.05292575403359626,0.9159653154822173
25668,LOF,0.03161257744569234,0.05584884842567328,0.9125385741286344
25669,LOF,0.04079329554153683,0.08398591200194369,0.8752207924565195
25670,LOF,0.0808965203270911,0.08593269698005657,0.8331707826928523
25671,LOF,0.0408893446480227,0.04192918632867053,0.9171814690233069
25672,LOF,0.057203026330087225,0.06419890353338643,0.8785980701365264
25673,LOF,0.03997981417970818,0.07650264969204053,0.8835175361282512
25674,LOF,0.03677280870223002,0.07690777289868306,0.8863194183990869
25675,LOF,0.04662536550490121,0.06168268928716698,0.8916919452079317
25676,LOF,0.0342344859953333,0.05667104949717288,0.9090944645074938
25677,LOF,0.06190819106648094,0.0624291630044057,0.8756626459291134
25678,LOF,0.2922644805832979,0.03615353842462668,0.6715819809920754
25679,LOF,0.18529783113602138,0.06885842644741062,0.7458437424165679
25680,LOF,0.06328763927088601,0.09648867403581288,0.8402236866933012
25681,LOF,0.11846841702724874,0.08669291504076768,0.7948386679319837
25682,LOF,0.04590758310027654,0.07650260154851209,0.8775898153512114
25683,LOF,0.08374420023366434,0.09961206642503172,0.8166437333413039
25684,LOF,0.05633365674887029,0.07663212496866355,0.8670342182824661
25685,LOF,0.0862395915955566,0.058477983642060166,0.8552824247623833
25686,LOF,0.02916465202675628,0.10364672286192768,0.867188625111316
25687,LOF,0.050893862270181965,0.07705271999343961,0.8720534177363785
25688,LOF,0.0199042489347383,0.08760857342177036,0.8924871776434913
25689,LOF,0.015527773254593459,0.07589001111236791,0.9085822156330385
25690,LOF,0.01724964090328173,0.08592166537916023,0.896828693717558
25691,LOF,0.15888283823842161,0.12394650655836116,0.7171706552032173
25692,LOF,0.2780107209079057,0.011996099976131842,0.7099931791159624
25693,LOF,0.04995904299267501,0.16426421659852952,0.7857767404087955
25694,LOF,0.23966770294982617,0.01152495346090796,0.7488073435892659
25695,LOF,0.1609496659650075,0.016867661510443242,0.8221826725245492
25696,LOF,0.17892665190195062,0.009591794310564122,0.8114815537874853
25697,LOF,0.13795561166309736,0.026534384795516442,0.8355100035413862
25698,LOF,0.024170525079935477,0.3777761152851443,0.5980533596349202
25699,LOF,0.049775157608437336,0.06343992363929388,0.8867849187522688
25700,LOF,0.031558660187549804,0.009971448812121796,0.9584698910003284
25701,LOF,0.010175916357656868,0.07138802469615001,0.9184360589461932
25702,GOF,0.02916507712718424,0.7228585965737233,0.24797632629909244
25703,LOF,0.02050534273387292,0.19454362463282737,0.7849510326332996
25704,LOF,0.08755768188024549,0.14881711763390987,0.7636252004858446
25705,LOF,0.0640653820516305,0.22427573828627578,0.7116588796620936
25706,GOF,0.0483543784477023,0.6526914542116559,0.29895416734064173
25707,GOF,0.02574334288772698,0.5558629727795428,0.4183936843327302
25708,LOF,0.007576926649220598,0.49344207045179866,0.4989810028989806
25709,LOF,0.019396370369972184,0.06107304425868528,0.9195305853713426
25710,LOF,0.008426925844201348,0.19028231805934176,0.801290756096457
25711,LOF,0.021414790951352056,0.1232739717945003,0.8553112372541477
25712,LOF,0.009330739154776535,0.24358601295085733,0.7470832478943662
25713,LOF,0.01972879378035738,0.10321085058229597,0.8770603556373467
25714,LOF,0.02074258137082541,0.14456948433589098,0.8346879342932836
25715,LOF,0.02059214862759799,0.11757163321295006,0.8618362181594519
25716,LOF,0.011691727137013547,0.16636121308455382,0.8219470597784327
25717,LOF,0.0056435403180172495,0.14450991212499173,0.8498465475569911
25718,LOF,0.01817889085914921,0.08134372961028963,0.9004773795305612
25719,LOF,0.03700651360521853,0.08800013276343774,0.8749933536313438
25720,LOF,0.02436458882346669,0.0889327475662606,0.8867026636102727
25721,LOF,0.02407550562489578,0.0919291308704215,0.8839953635046827
25722,LOF,0.01888689781412596,0.12190882881071403,0.8592042733751599
25723,LOF,0.02283937276959752,0.06961298985101817,0.9075476373793844
25724,LOF,0.03222850178225736,0.11503982736222726,0.8527316708555154
25725,LOF,0.023257033189947568,0.06472626559669056,0.9120167012133619
25726,LOF,0.016530934930346946,0.09600904991080332,0.8874600151588496
25727,LOF,0.020688015484608795,0.08164114314977691,0.8976708413656143
25728,LOF,0.0184220271813909,0.10429454252156614,0.8772834302970429
25729,LOF,0.018989937059163645,0.10399574701467582,0.8770143159261604
25730,LOF,0.02111978344689498,0.0791393564964741,0.899740860056631
25731,LOF,0.010599742014802732,0.18145010357803945,0.8079501544071579
25732,LOF,0.01975024180459923,0.08118025747035454,0.8990695007250462
25733,LOF,0.030837742905785785,0.07994320957666753,0.8892190475175465
25734,LOF,0.006913614810359533,0.23633570483369107,0.7567506803559494
25735,LOF,0.02354185565955668,0.07166405900941557,0.9047940853310277
25736,LOF,0.022522054733949956,0.11470442457661041,0.8627735206894397
25737,LOF,0.0422489412516056,0.0956916838400679,0.8620593749083265
25738,LOF,0.020364633435060696,0.15383604698897252,0.8257993195759669
25739,LOF,0.02320394366812068,0.1385729212028792,0.838223135129
25740,LOF,0.053725720742030046,0.1338155726833288,0.8124587065746413
25741,LOF,0.027883670777125242,0.1121907478750619,0.8599255813478128
25742,LOF,0.04022313583658978,0.1350817498943416,0.8246951142690686
25743,LOF,0.012023360302433287,0.03994579216260429,0.9480308475349624
25744,GOF,0.171480501029546,0.43650999370407806,0.392009505266376
25745,LOF,0.024484722316392128,0.0773560491272249,0.8981592285563831
25746,LOF,0.01282347071137195,0.09159518853071787,0.8955813407579102
25747,LOF,0.030612427911210164,0.03432670310797707,0.9350608689808129
25748,LOF,0.26964261708649917,0.05298374553070116,0.6773736373827997
25749,LOF,0.014989196358836446,0.060791665983183855,0.9242191376579797
25750,LOF,0.014906123102298968,0.09561649970704786,0.8894773771906531
25751,LOF,0.03835481045673542,0.06529867050155101,0.8963465190417135
25752,GOF,0.09262184775069097,0.676115431637713,0.23126272061159603
25753,LOF,0.006756865759859138,0.37649491588126943,0.6167482183588715
25754,GOF,0.005965473050677391,0.856026787277433,0.13800773967188967
25755,LOF,0.008884891206788679,0.46612333037219517,0.5249917784210162
25756,LOF,0.047162800115443874,0.44032713468031226,0.5125100652042438
25757,GOF,0.007260376264282173,0.8749994471106678,0.11774017662504986
25758,GOF,0.009919071224713838,0.8637256130237784,0.1263553157515077
25759,GOF,0.005402303603293347,0.575331048275387,0.4192666481213198
25760,LOF,0.007089486968186269,0.3077450407260839,0.6851654723057298
25761,GOF,0.05762891388823201,0.8654530275276284,0.07691805858413943
25762,LOF,0.027953649939417263,0.37355182607927917,0.5984945239813035
25763,LOF,0.008138209905420819,0.26452850180614357,0.7273332882884356
25764,GOF,0.07030850510721752,0.6328866675934887,0.29680482729929386
25765,GOF,0.008447943603815263,0.8480248794746561,0.1435271769215286
25766,GOF,0.06579657281412454,0.8278549635134371,0.10634846367243822
25767,GOF,0.010866898591692778,0.5327192507302917,0.4564138506780155
25768,LOF,0.03526495132853454,0.07710125929230675,0.8876337893791587
25769,LOF,0.021559916476236847,0.08978055536750866,0.8886595281562544
25770,LOF,0.1711129872438068,0.07339151184297732,0.7554955009132159
25771,LOF,0.011980109862003497,0.08731060791677797,0.9007092822212186
25772,LOF,0.02365613362458842,0.030849105440219803,0.9454947609351918
25773,LOF,0.013219554650519036,0.09120973787140806,0.8955707074780729
25774,LOF,0.028046037717077126,0.09795519398259922,0.8739987683003237
25775,LOF,0.01940124470820517,0.0484297898343311,0.9321689654574637
25776,LOF,0.02525139456910484,0.027739631373931418,0.9470089740569637
25777,LOF,0.23818319314634603,0.07749426186309508,0.6843225449905589
25778,LOF,0.01924505391265377,0.05797559802246494,0.9227793480648813
25779,GOF,0.02938949649557669,0.9053963571272845,0.06521414637713879
25780,GOF,0.06275351485256478,0.886899681672977,0.05034680347445829
25781,GOF,0.028627286246170423,0.8882942733958518,0.08307844035797791
25782,GOF,0.02534441016707536,0.9151480374453818,0.05950755238754299
25783,GOF,0.01685049756328791,0.7892684027433453,0.19388109969336675
25784,GOF,0.08593730449832884,0.8796766594552516,0.03438603604641947
25785,GOF,0.05896174218813099,0.900391586638055,0.040646671173813924
25786,GOF,0.006844847191705147,0.8634439037980103,0.1297112490102845
25787,GOF,0.14818833976512033,0.8156780352339711,0.03613362500090844
25788,LOF,0.01558599797713078,0.20429688674056862,0.7801171152823007
25789,GOF,0.014119684372035679,0.8662045761748409,0.11967573945312347
25790,GOF,0.015531745254743145,0.8761134590407054,0.10835479570455149
25791,GOF,0.014227280357413956,0.8554966578317056,0.13027606181088056
25792,GOF,0.018531479756678616,0.8727746257925489,0.10869389445077231
25793,GOF,0.04796492899680106,0.8515268076094943,0.10050826339370471
25794,GOF,0.04867274064728873,0.7699251952566323,0.18140206409607898
25795,GOF,0.06086765461560016,0.7898238345443055,0.14930851084009433
25796,GOF,0.07434435292881773,0.8334948151548197,0.09216083191636246
25797,GOF,0.04132608150790879,0.7370717624171065,0.2216021560749848
25798,GOF,0.0034056819077783497,0.6883884445251567,0.3082058735670649
25799,GOF,0.0032002963129761468,0.5856945024572041,0.41110520122981975
25800,GOF,0.016056551046747573,0.7912893154761679,0.1926541334770845
25801,GOF,0.014472614215036764,0.8885533666530853,0.09697401913187781
25802,GOF,0.022337677296264027,0.8391709180779962,0.13849140462573975
25803,GOF,0.014023625043760134,0.7604939955732665,0.22548237938297352
25804,GOF,0.01609437836156715,0.6687248550931315,0.31518076654530136
25805,GOF,0.027669506332488335,0.753985120315665,0.21834537335184676
25806,GOF,0.02044525336058036,0.8076942570532532,0.17186048958616662
25807,GOF,0.00521522491743518,0.7614308155509422,0.23335395953162263
25808,GOF,0.016927286038575504,0.7966807729146028,0.1863919410468216
25809,GOF,0.007238542446238004,0.7561585560682675,0.23660290148549432
25810,GOF,0.006250379609308693,0.7543189750577403,0.23943064533295097
25811,GOF,0.04492198565456124,0.8847457005308342,0.07033231381460445
25812,GOF,0.019518646571886004,0.7804156723833628,0.20006568104475125
25813,GOF,0.08923475936137278,0.8147748592712016,0.09599038136742556
25814,GOF,0.022401294093382637,0.8163004045271365,0.1612983013794808
25815,GOF,0.04918304212385147,0.8441386493586158,0.10667830851753278
25816,GOF,0.007399982759917851,0.8649524077789571,0.12764760946112505
25817,GOF,0.09021650671811805,0.8267105537444125,0.08307293953746941
25818,GOF,0.02009837024907441,0.8246891502618112,0.15521247948911435
25819,GOF,0.053552772703421826,0.7833149434132953,0.16313228388328285
25820,GOF,0.023636357801498885,0.7787014441182457,0.19766219808025537
25821,GOF,0.01695756724812566,0.7860237375175563,0.197018695234318
25822,GOF,0.032667137841722774,0.7812904521991303,0.186042409959147
25823,GOF,0.01721179343901866,0.682253738662099,0.30053446789888216
25824,GOF,0.018202800135346444,0.7722056917755535,0.20959150808910001
25825,GOF,0.015779288380504932,0.7697169313067657,0.21450378031272943
25826,GOF,0.005987110389232929,0.7347213977840862,0.259291491826681
25827,GOF,0.00848192821028016,0.7456633984801404,0.2458546733095794
25828,GOF,0.006516221951148153,0.7023391216165664,0.29114465643228543
25829,GOF,0.0032296775761223844,0.7323566840297859,0.2644136383940917
25830,GOF,0.038778747494235426,0.5277644983843496,0.4334567541214149
25831,GOF,0.07793619670388743,0.8141547066094704,0.10790909668664199
25832,GOF,0.008172563039003069,0.8095646507936335,0.1822627861673633
25833,GOF,0.030089422696558756,0.8597064859751332,0.11020409132830805
25834,GOF,0.007710677556402114,0.823938861606531,0.16835046083706695
25835,GOF,0.017551526704874112,0.8683504898276074,0.11409798346751847
25836,GOF,0.005608720338734992,0.8225168011044061,0.17187447855685883
25837,GOF,0.0056017426718198505,0.726508070835182,0.267890186492998
25838,GOF,0.019980353792624778,0.8769415912602013,0.10307805494717366
25839,GOF,0.031112285771500176,0.8651544285117193,0.10373328571678046
25840,GOF,0.06735455081818159,0.841284555352425,0.09136089382939344
25841,GOF,0.064535110286839,0.8551068376973636,0.08035805201579742
25842,GOF,0.022059556476288114,0.9039596730468802,0.07398077047683163
25843,GOF,0.021971935726239816,0.9046605511069905,0.0733675131667696
25844,GOF,0.011532531779635534,0.8514047310622861,0.13706273715807835
25845,GOF,0.004389023388641156,0.6677923239465224,0.32781865266483645
25846,GOF,0.07239097338537984,0.8512265329666441,0.07638249364797592
25847,GOF,0.012820698556581403,0.915298985005161,0.07188031643825755
25848,GOF,0.014288400845260143,0.867486734218067,0.11822486493667289
25849,GOF,0.005366102429812057,0.7830602493646145,0.21157364820557348
25850,GOF,0.005407579390129674,0.7852126425365529,0.20937977807331754
25851,GOF,0.004793666773242028,0.6868664733664137,0.30833985986034423
25852,GOF,0.13456468520092948,0.5960930878847748,0.2693422269142959
25853,GOF,0.05874467925148446,0.8511516793561742,0.09010364139234142
25854,GOF,0.004372598378952585,0.7274664133976024,0.268160988223445
25855,GOF,0.013659907375816478,0.6846857245057448,0.3016543681184387
25856,GOF,0.02820156998713671,0.8048998705094285,0.1668985595034347
25857,GOF,0.016484242426118182,0.6914085665337212,0.2921071910401607
25858,GOF,0.0075316558119544385,0.6898636270526356,0.3026047171354098
25859,GOF,0.006365365142623528,0.6812704462487064,0.31236418860867005
25860,GOF,0.09752332326528328,0.8142070628986503,0.08826961383606632
25861,GOF,0.0701839332629344,0.8435048924510377,0.08631117428602798
25862,GOF,0.01686803814346303,0.8853605919873586,0.0977713698691784
25863,GOF,0.016505761178570062,0.8838110741629177,0.09968316465851236
25864,GOF,0.038374729423261,0.8923363944469288,0.06928887612981023
25865,GOF,0.028561680223825728,0.8674956951123648,0.10394262466380948
25866,GOF,0.018812878674732476,0.8787549520151312,0.10243216931013623
25867,GOF,0.02667013767352093,0.8904749259306016,0.0828549363958775
25868,GOF,0.04603094010138943,0.8502804361518654,0.10368862374674505
25869,GOF,0.31442993848034734,0.6166932191327182,0.06887684238693437
25870,GOF,0.0625214746485255,0.7045745454498362,0.23290397990163825
25871,GOF,0.0073455588009395095,0.8880337612899954,0.10462067990906501
25872,GOF,0.01687655363133141,0.8827647669713673,0.10035867939730125
25873,GOF,0.01677214115516057,0.9036723154054013,0.07955554343943817
25874,LOF,0.017164852293375707,0.23070961619544986,0.7521255315111744
25875,LOF,0.04449162961806115,0.04351147797343745,0.9119968924085012
25876,LOF,0.017540246161165455,0.039421824905050314,0.9430379289337841
25877,LOF,0.10762536451215572,0.08717208280471472,0.8052025526831296
25878,LOF,0.06752039454627212,0.11944848604596232,0.8130311194077656
25879,LOF,0.024823254695473494,0.08716686072477611,0.8880098845797504
25880,LOF,0.05701867644157053,0.012244963455372697,0.9307363601030567
25881,Neutral,0.5130242249033138,0.08187600702963119,0.40509976806705505
25882,LOF,0.09086401823825282,0.027124536632683112,0.882011445129064
25883,LOF,0.029294021998626157,0.02931987306451245,0.9413861049368615
25884,LOF,0.02453967493087462,0.055691007072231895,0.9197693179968934
25885,LOF,0.2231527998024765,0.012430395580707854,0.7644168046168156
25886,LOF,0.2729309805798891,0.05672122396818488,0.670347795451926
25887,LOF,0.1733564934179213,0.0792695669214014,0.7473739396606773
25888,LOF,0.010347058396666496,0.14997407184671077,0.8396788697566226
25889,LOF,0.028458871916907554,0.041675141806358756,0.9298659862767338
25890,LOF,0.14822367258406743,0.09370393966013682,0.7580723877557958
25891,LOF,0.09473641493829277,0.02732957096597148,0.8779340140957358
25892,LOF,0.009061140344789958,0.035303967643070186,0.9556348920121398
25893,LOF,0.3500142790008681,0.00972062690065131,0.6402650940984805
25894,LOF,0.39256429652775193,0.006000187219966216,0.6014355162522819
25895,LOF,0.3337542580484659,0.014493510716049405,0.6517522312354848
25896,LOF,0.06447419532671982,0.021936803819806533,0.9135890008534736
25897,LOF,0.17931686350912007,0.008625450435621754,0.8120576860552582
25898,LOF,0.1729482121592581,0.031644753389552915,0.795407034451189
25899,LOF,0.42897378653181817,0.018728506045340532,0.5522977074228412
25900,Neutral,0.5005429813287247,0.008717161706327064,0.4907398569649483
25901,LOF,0.05413825859908715,0.008975170754225093,0.9368865706466878
25902,LOF,0.1934524014813331,0.009533349612121295,0.7970142489065456
25903,LOF,0.37002067129281013,0.023823416418383127,0.6061559122888067
25904,Neutral,0.4991079733871405,0.03097726103948876,0.4699147655733708
25905,LOF,0.006011280513704857,0.4636841277565941,0.530304591729701
25906,LOF,0.008863295745998466,0.11248515441896541,0.8786515498350362
25907,LOF,0.005403354686087891,0.3505832612314284,0.6440133840824838
25908,LOF,0.00500579925714864,0.2676939066528826,0.7273002940899688
25909,LOF,0.024198316216212025,0.16453521825489914,0.8112664655288888
25910,LOF,0.012351865769577313,0.1384179727781989,0.8492301614522237
25911,LOF,0.24585213444020404,0.04985462313383023,0.7042932424259657
25912,LOF,0.07469258024312077,0.056838354935264665,0.8684690648216147
25913,LOF,0.024506375589184684,0.08058684440086498,0.8949067800099503
25914,LOF,0.03936947308658519,0.04241412398894006,0.9182164029244747
25915,LOF,0.19132131812295897,0.18089908164866322,0.6277796002283779
25916,LOF,0.03194905163915614,0.11664157693039402,0.8514093714304498
25917,LOF,0.07133990720279935,0.037204023605117154,0.8914560691920836
25918,LOF,0.043731184377092405,0.026982488169467075,0.9292863274534406
25919,LOF,0.03761656081847877,0.026345686977144015,0.9360377522043772
25920,LOF,0.25302189675431713,0.22401571493454547,0.5229623883111374
25921,LOF,0.015471821242823477,0.04493216326544866,0.9395960154917278
25922,LOF,0.019847988625594518,0.04162490269568616,0.9385271086787194
25923,LOF,0.4186296674991325,0.040124252277567295,0.5412460802233002
25924,LOF,0.02131719243528462,0.06762796329216304,0.9110548442725523
25925,LOF,0.07694803494896156,0.05622522716433977,0.8668267378866986
25926,LOF,0.06552778608139712,0.04906201263451231,0.8854102012840906
25927,LOF,0.02068473766755901,0.07613205437906533,0.9031832079533757
25928,LOF,0.009738978194752697,0.05826370632867277,0.9319973154765746
25929,Neutral,0.5438604392030284,0.03729941328105184,0.41884014751591975
25930,LOF,0.08107506970417477,0.04023760581116293,0.8786873244846624
25931,LOF,0.013009145616991707,0.04334450892599616,0.9436463454570122
25932,LOF,0.06289532590443635,0.037904203873664145,0.8992004702218995
25933,LOF,0.06196846326739613,0.024064819446001,0.913966717286603
25934,LOF,0.06024553958973655,0.022289965510077586,0.9174644949001859
25935,LOF,0.07361261189406629,0.06589941889087073,0.8604879692150629
25936,LOF,0.09893128936627395,0.023600633561956554,0.8774680770717694
25937,LOF,0.018844158079886097,0.054424103797294794,0.9267317381228191
25938,LOF,0.07203949900145885,0.05995755063359943,0.8680029503649417
25939,LOF,0.04304415373034532,0.030802701756165948,0.9261531445134887
25940,LOF,0.008830553459904786,0.37383979967143155,0.6173296468686637
25941,Neutral,0.4974283766098495,0.053600094531043585,0.4489715288591069
25942,LOF,0.008874270612764901,0.06272232639105105,0.928403402996184
25943,LOF,0.047165912981325865,0.19300634083064944,0.7598277461880247
25944,LOF,0.040046602562374474,0.09125121608600602,0.8687021813516195
25945,LOF,0.1173820121943859,0.029009336894888306,0.8536086509107258
25946,LOF,0.07673891738809567,0.035288684910924066,0.8879723977009802
25947,LOF,0.4043539608814225,0.11053549134821516,0.4851105477703624
25948,LOF,0.42176572447893546,0.01847340472312418,0.5597608707979403
25949,LOF,0.14090996901555805,0.08520013766040836,0.7738898933240336
25950,GOF,0.06851465704045716,0.5778875374451027,0.3535978055144402
25951,LOF,0.01154931398417074,0.4205943206838358,0.5678563653319935
25952,LOF,0.26066442547190144,0.27410031429359616,0.46523526023450235
25953,LOF,0.01021950022444884,0.1690334398340174,0.8207470599415337
25954,LOF,0.07627298627161594,0.44579060035674484,0.4779364133716393
25955,LOF,0.005462797734769633,0.18912273975445007,0.8054144625107802
25956,LOF,0.016960879010352488,0.21728903626081986,0.7657500847288277
25957,LOF,0.19562814072174195,0.030130105425461715,0.7742417538527963
25958,LOF,0.033606905645123836,0.06003952028650254,0.9063535740683736
25959,GOF,0.011530736900885975,0.7088514743915453,0.2796177887075688
25960,LOF,0.00651443874364762,0.08445952592433914,0.9090260353320133
25961,LOF,0.033330563442898295,0.05053082139217605,0.9161386151649257
25962,LOF,0.04969508915221097,0.06669692122053399,0.8836079896272551
25963,LOF,0.005926062054858615,0.1836049535338114,0.81046898441133
25964,LOF,0.02722585546110672,0.11419729343074217,0.8585768511081511
25965,LOF,0.25972270424614174,0.10942582462345354,0.6308514711304046
25966,Neutral,0.42903189759459265,0.1424180125200752,0.4285500898853322
25967,LOF,0.008267078603981232,0.0864309223440364,0.9053019990519825
25968,LOF,0.04123942735375947,0.252951781903039,0.7058087907432015
25969,LOF,0.15903124015992176,0.05859149186829938,0.7823772679717789
25970,LOF,0.03729542062355168,0.1128696091932926,0.8498349701831558
25971,LOF,0.08506883825423929,0.035809938226734915,0.8791212235190259
25972,LOF,0.06512390345052431,0.0594569006567914,0.8754191958926844
25973,LOF,0.060572305936148964,0.009139856173863797,0.9302878378899871
25974,LOF,0.04556862310547162,0.0432544765255526,0.9111769003689758
25975,LOF,0.04358915841854398,0.018436271263465018,0.9379745703179909
25976,LOF,0.09579944038030067,0.00974487347881798,0.8944556861408813
25977,LOF,0.20680976193311523,0.07541253883661345,0.7177776992302713
25978,LOF,0.18957577665873376,0.12195460214008381,0.6884696212011825
25979,LOF,0.15674493817188276,0.13768117805469088,0.7055738837734264
25980,LOF,0.2603961155936159,0.18256588074602229,0.5570380036603618
25981,LOF,0.2615397971266997,0.18380478257306074,0.5546554203002395
25982,Neutral,0.4743074962186584,0.0888538866825736,0.43683861709876803
25983,Neutral,0.4541990267948129,0.11474956400078287,0.4310514092044044
25984,LOF,0.037670850200680235,0.09855038527150285,0.8637787645278169
25985,LOF,0.3559258669361543,0.1432412565876705,0.5008328764761751
25986,LOF,0.010066302141647472,0.4287815487898723,0.5611521490684802
25987,LOF,0.04560516243785832,0.11154801840819668,0.8428468191539451
25988,LOF,0.0369701740348083,0.1537652128624874,0.8092646131027043
25989,LOF,0.0362283613215604,0.20048592282978353,0.763285715848656
25990,LOF,0.040461314018252544,0.2898635954175568,0.6696750905641906
25991,LOF,0.02194977697698867,0.4093636342778214,0.56868658874519
25992,LOF,0.022654081283893835,0.42132669799242356,0.5560192207236827
25993,LOF,0.02783589692310178,0.07291393839859596,0.8992501646783022
25994,LOF,0.023488195831743268,0.06719732956010924,0.9093144746081474
25995,LOF,0.021410611328237135,0.1250496592254103,0.8535397294463526
25996,Neutral,0.33703730719876795,0.33448859127956493,0.32847410152166717
25997,LOF,0.06102457147867269,0.3611010859933801,0.5778743425279471
25998,LOF,0.2819966966212163,0.04937484772883803,0.6686284556499458
25999,LOF,0.029602638575483745,0.17230786518868357,0.7980894962358326
26000,LOF,0.1862021729948702,0.028150711766819183,0.7856471152383105
26001,LOF,0.2925159751649941,0.0379482127942295,0.6695358120407764
26002,LOF,0.11870903094170436,0.039816680679504585,0.8414742883787911
26003,GOF,0.006371170658292012,0.6780146741006019,0.31561415524110603
26004,GOF,0.011500486944738791,0.7121786868258081,0.27632082622945314
26005,LOF,0.004298980494554718,0.49500582823191536,0.5006951912735299
26006,GOF,0.13788753281596688,0.5483779130232018,0.31373455416083124
26007,GOF,0.009320605931873274,0.5434635131897886,0.4472158808783381
26008,GOF,0.005921574806822099,0.5957659739749245,0.3983124512182533
26009,GOF,0.009167214086252769,0.6798099248992496,0.31102286101449755
26010,GOF,0.008776930360318968,0.6328127203151296,0.3584103493245514
26011,LOF,0.0037801810562612054,0.4296430426121375,0.5665767763316014
26012,GOF,0.004246010679575362,0.5285823830198333,0.46717160630059146
26013,GOF,0.011052245845074206,0.585524397887854,0.40342335626707176
26014,LOF,0.062049725890614464,0.11202880444094795,0.8259214696684376
26015,LOF,0.35373453284638495,0.039705357065088334,0.6065601100885267
26016,LOF,0.29157183001122067,0.05674643898366145,0.651681731005118
26017,LOF,0.01677393389008177,0.25930301534086503,0.7239230507690532
26018,LOF,0.02340690115410276,0.08272581627986511,0.8938672825660321
26019,LOF,0.02328994026188128,0.07327581036654615,0.9034342493715725
26020,LOF,0.007755374986172185,0.26300456217213686,0.7292400628416911
26021,LOF,0.10002144247302783,0.10779567753687697,0.7921828799900953
26022,LOF,0.035998184569179026,0.04734212459123142,0.9166596908395895
26023,LOF,0.025422010955707074,0.05818002971112156,0.9163979593331713
26024,LOF,0.055338871073736286,0.09768870403309855,0.8469724248931652
26025,LOF,0.07377295107164904,0.1067796236275669,0.819447425300784
26026,LOF,0.10571686823688191,0.08774937653867405,0.806533755224444
26027,LOF,0.023124886306819352,0.03995705899385414,0.9369180546993265
26028,LOF,0.11767592801069289,0.15996415938318786,0.7223599126061192
26029,LOF,0.025607416061151193,0.2109238239460185,0.7634687599928303
26030,LOF,0.15913827244411924,0.026506946394377437,0.8143547811615033
26031,LOF,0.010302049521680089,0.1775172352971672,0.8121807151811526
26032,LOF,0.046568516231952704,0.06238299870025518,0.8910484850677921
26033,LOF,0.06470833975941334,0.05575108096398643,0.8795405792766002
26034,LOF,0.014052547921626548,0.17786348667063692,0.8080839654077365
26035,LOF,0.01348271175641025,0.11992765925189497,0.8665896289916948
26036,LOF,0.0136007710992526,0.13802399927429612,0.8483752296264514
26037,LOF,0.010273982130758218,0.11396416462442317,0.8757618532448186
26038,LOF,0.03900325393396691,0.057026178996167416,0.9039705670698657
26039,LOF,0.029240872051565274,0.16234524648476012,0.8084138814636745
26040,LOF,0.09726915169214768,0.14809629631423776,0.7546345519936145
26041,LOF,0.015180411402714663,0.09724729763100234,0.8875722909662831
26042,LOF,0.01372604328666997,0.11062978246627755,0.8756441742470525
26043,LOF,0.038115317445596736,0.0794747391444618,0.8824099434099414
26044,LOF,0.011689620323316087,0.057900393793859146,0.9304099858828248
26045,LOF,0.09513926826062186,0.1237261531376842,0.7811345786016939
26046,LOF,0.03268940717759523,0.06025902035404685,0.907051572468358
26047,LOF,0.059896673062973214,0.05729832344712615,0.8828050034899007
26048,LOF,0.06201273306543766,0.0314221508608677,0.9065651160736946
26049,Neutral,0.9467048702589944,0.00930672622424109,0.04398840351676455
26050,Neutral,0.9220036569833076,0.01007827731621982,0.0679180657004728
26051,LOF,0.020381906277947996,0.10780594159501548,0.8718121521270366
26052,LOF,0.033427304878955934,0.12781435014357703,0.8387583449774669
26053,LOF,0.024710616554028963,0.16510911011053023,0.8101802733354408
26054,LOF,0.04643990991442414,0.03384569765111739,0.9197143924344585
26055,LOF,0.06928054927981778,0.030636103041485854,0.9000833476786964
26056,LOF,0.05748422177842343,0.037892480614741805,0.9046232976068348
26057,LOF,0.05652627849588953,0.016176973859285272,0.9272967476448252
26058,LOF,0.059890265771329866,0.013459265989134155,0.9266504682395359
26059,LOF,0.2005398667360182,0.03778923214513228,0.7616709011188495
26060,LOF,0.01731279461792347,0.20286683859140361,0.7798203667906729
26061,LOF,0.01146537203794654,0.011254651449122745,0.9772799765129307
26062,LOF,0.006274823854934166,0.020308046613533703,0.9734171295315321
26063,LOF,0.03943789434400072,0.012588013336630044,0.9479740923193691
26064,LOF,0.009943739303487464,0.034346673973760684,0.9557095867227517
26065,LOF,0.0449512590053097,0.014399673170366842,0.9406490678243236
26066,LOF,0.04535464218748061,0.012082561784483557,0.9425627960280357
26067,LOF,0.05547660186478403,0.011206816202175117,0.9333165819330409
26068,LOF,0.053890546192895725,0.050250428695235716,0.8958590251118685
26069,LOF,0.3206473499256537,0.0330558834982244,0.6462967665761219
26070,Neutral,0.5773279219038316,0.023199518752285174,0.3994725593438831
26071,LOF,0.04408230772211999,0.012979297300778243,0.9429383949771019
26072,LOF,0.010122582404407327,0.021684942836955202,0.9681924747586375
26073,LOF,0.04061304236490094,0.01446366921036392,0.9449232884247352
26074,Neutral,0.8839623791018149,0.010866712963808724,0.10517090793437625
26075,LOF,0.05607755609404378,0.023881097044864363,0.920041346861092
26076,LOF,0.05582476343069365,0.01384638057750164,0.9303288559918047
26077,LOF,0.1456403783804418,0.007568725173978163,0.84679089644558
26078,LOF,0.008240266162617001,0.017189106710785423,0.9745706271265976
26079,LOF,0.06517581331687368,0.023757214308770317,0.9110669723743561
26080,LOF,0.06432464463797576,0.023760247476438866,0.9119151078855853
26081,LOF,0.033589216365662054,0.010673650212365693,0.9557371334219723
26082,LOF,0.0067724085070189725,0.018845723767739117,0.9743818677252419
26083,LOF,0.11792634509994883,0.025702879410594962,0.8563707754894563
26084,LOF,0.12074181612907896,0.016686187015411608,0.8625719968555094
26085,LOF,0.1089779082384974,0.014459030753581301,0.8765630610079213
26086,LOF,0.0418701279058039,0.014446877632937533,0.9436829944612586
26087,LOF,0.04091011298329567,0.011704841073880203,0.947385045942824
26088,LOF,0.007824303623272317,0.023802399225357665,0.9683732971513701
26089,LOF,0.04268178461546187,0.04080197517013385,0.9165162402144041
26090,LOF,0.04328135966440186,0.030371959295696138,0.9263466810399019
26091,LOF,0.03346367660082556,0.00857062901214698,0.9579656943870275
26092,LOF,0.04449801811081535,0.00933335276942912,0.9461686291197555
26093,LOF,0.08215157061833883,0.006264028552476652,0.9115844008291846
26094,LOF,0.03797773629877102,0.007843816817210695,0.9541784468840182
26095,LOF,0.030367775720521222,0.020124789802149153,0.9495074344773297
26096,LOF,0.1899352460069353,0.00561755267975856,0.8044472013133062
26097,LOF,0.007711388251379019,0.036413845595055123,0.9558747661535658
26098,LOF,0.11787801208195715,0.020903559283139413,0.8612184286349035
26099,LOF,0.044420198632167084,0.0196868189461197,0.9358929824217133
26100,LOF,0.044419284206556234,0.019686413677075548,0.9358943021163683
26101,LOF,0.060688901977484166,0.03522356080997917,0.9040875372125367
26102,LOF,0.035730461878460656,0.0190110516872769,0.9452584864342624
26103,Neutral,0.8909495745747393,0.030345269869295026,0.07870515555596562
26104,LOF,0.05725152715753304,0.04555210696886433,0.8971963658736025
26105,LOF,0.24966620245643276,0.12826250961395314,0.6220712879296141
26106,LOF,0.28202759919776904,0.07410815769562815,0.6438642431066028
26107,LOF,0.01949547588134028,0.08321035172573708,0.8972941723929226
26108,LOF,0.2543752015084936,0.036702210011150295,0.7089225884803562
26109,LOF,0.08790807574785196,0.034805803484647464,0.8772861207675006
26110,LOF,0.46611920797946066,0.010304618209453064,0.5235761738110863
26111,LOF,0.051179044511197196,0.14513037941147952,0.8036905760773234
26112,LOF,0.06136356485962455,0.010766320268909668,0.9278701148714659
26113,LOF,0.1010257760931886,0.027823099666946356,0.871151124239865
26114,LOF,0.09057818591541233,0.012209103105196026,0.8972127109793917
26115,LOF,0.020452612750274365,0.05491220195129825,0.9246351852984273
26116,LOF,0.0730796323931661,0.02703898641403706,0.8998813811927968
26117,LOF,0.33477806399212034,0.046171783182980264,0.6190501528248994
26118,LOF,0.04515724551511816,0.01997911821622581,0.934863636268656
26119,LOF,0.006902192127748409,0.038082326464228766,0.955015481408023
26120,LOF,0.03329771853840403,0.019901429821606267,0.9468008516399896
