feature0,prediction,LoGoFunc_Neutral,LoGoFunc_GOF,LoGoFunc_LOF
25546,Neutral,0.7466874582986855,0.036312612312045876,0.21699992938926857
25547,Neutral,0.6015588071078612,0.07003472302575195,0.3284064698663869
25548,Neutral,0.6251378622127105,0.05065834183284179,0.32420379595444765
25549,Neutral,0.5395235482579877,0.05087923154615637,0.40959722019585604
25550,LOF,0.3671055058551762,0.10596602896641993,0.5269284651784039
25551,LOF,0.2847898547375253,0.1159993766199158,0.5992107686425588
25552,LOF,0.2140726206565603,0.10808216575267006,0.6778452135907695
25553,Neutral,0.8548583222455792,0.025999112318210636,0.11914256543621006
25554,LOF,0.24796296234812495,0.1046321830968453,0.6474048545550297
25555,LOF,0.20738668399927784,0.09238768707786721,0.700225628922855
25556,Neutral,0.4626070558899681,0.08858412306574236,0.4488088210442896
25557,LOF,0.19649176319136866,0.09675604544105382,0.7067521913675776
25558,LOF,0.23041099519289268,0.10265159226959568,0.6669374125375117
25559,LOF,0.365906183414782,0.11134662371187677,0.5227471928733413
25560,LOF,0.05203693498563571,0.1374428319283529,0.8105202330860114
25561,LOF,0.11938073866142955,0.14347866412007954,0.7371405972184909
25562,LOF,0.08565988824119213,0.07286489198264869,0.8414752197761591
25563,LOF,0.098807714588311,0.07285505388128619,0.8283372315304028
25564,LOF,0.24956860357955613,0.13894896825679218,0.6114824281636517
25565,LOF,0.13994501668079956,0.12463387576587494,0.7354211075533255
25566,GOF,0.011695738579772273,0.7764163613402352,0.21188790007999259
25567,LOF,0.019660345295123827,0.20208054646566226,0.778259108239214
25568,LOF,0.058203854174408355,0.07538393741457024,0.8664122084110214
25569,LOF,0.05958664369779818,0.07306150600768947,0.8673518502945124
25570,LOF,0.05647177919039283,0.11523702562240468,0.8282911951872025
25571,LOF,0.05235306362317877,0.10828345165793699,0.8393634847188842
25572,LOF,0.06292050457969922,0.13251161157015304,0.8045678838501478
25573,LOF,0.033155212215364153,0.10871196797903467,0.8581328198056012
25574,LOF,0.019539445118423246,0.1647449240155996,0.8157156308659772
25575,LOF,0.04433434347646735,0.12090958295227384,0.8347560735712588
25576,LOF,0.020266313918701515,0.14983208562905184,0.8299016004522467
25577,LOF,0.015696424643763966,0.14033260812341275,0.8439709672328234
25578,LOF,0.2864610404195,0.09663385423816981,0.6169051053423302
25579,LOF,0.12735480807625418,0.11196470746741868,0.7606804844563273
25580,LOF,0.02932802859792797,0.09306640674279164,0.8776055646592804
25581,LOF,0.05132881805568055,0.07762275833796894,0.8710484236063504
25582,LOF,0.05095916703534621,0.07573333764998394,0.8733074953146699
25583,LOF,0.040049588042927874,0.10483164873095586,0.8551187632261164
25584,Neutral,0.49473544065489755,0.13735486362211696,0.3679096957229856
25585,LOF,0.021544298889513966,0.1512876171726197,0.8271680839378663
25586,LOF,0.028968355066999595,0.0878268969776045,0.883204747955396
25587,LOF,0.02898741773130533,0.08094077232461332,0.8900718099440813
25588,LOF,0.029804505930870435,0.10028213534795605,0.8699133587211736
25589,Neutral,0.6267637299084171,0.13249363070566342,0.2407426393859194
25590,LOF,0.034203018162252206,0.14677994082143217,0.8190170410163157
25591,LOF,0.09378034332326549,0.06555053937681615,0.8406691172999183
25592,LOF,0.09565794793272826,0.145223379589144,0.7591186724781277
25593,LOF,0.03170677776061156,0.2874426852685853,0.6808505369708032
25594,LOF,0.04572306618958197,0.15859103757920576,0.7956858962312123
25595,LOF,0.05553758317260071,0.10839227877198161,0.8360701380554177
25596,LOF,0.05290383107565632,0.0789078618658494,0.8681883070584943
25597,LOF,0.036434427698999954,0.0813712298343681,0.882194342466632
25598,LOF,0.051315732147350336,0.10962403471481331,0.8390602331378363
25599,GOF,0.00637382509190549,0.6153494941588559,0.37827668074923865
25600,GOF,0.012741890969956857,0.5686726499978213,0.41858545903222194
25601,LOF,0.00953699642698824,0.42414664900712684,0.5663163545658849
25602,LOF,0.01909319765615384,0.04485359867535158,0.9360532036684946
25603,LOF,0.06958457284339667,0.017180653417757666,0.9132347737388458
25604,LOF,0.0364903761846923,0.04894280725120187,0.9145668165641058
25605,LOF,0.010548778344800364,0.19734731355044052,0.7921039081047591
25606,LOF,0.09375142784391392,0.33776605437474716,0.5684825177813388
25607,LOF,0.006387455728211916,0.18240431279940356,0.8112082314723846
25608,LOF,0.017080480490071662,0.09552900344575327,0.8873905160641751
25609,LOF,0.05472984332419596,0.4084493081134605,0.5368208485623436
25610,LOF,0.03491026564485902,0.02299092561823693,0.9420988087369041
25611,LOF,0.04008725005286043,0.022361576936317892,0.9375511730108218
25612,LOF,0.09212537119602976,0.03718047604954606,0.8706941527544243
25613,LOF,0.08297490386406628,0.03695985341829379,0.8800652427176399
25614,LOF,0.032646492834993476,0.02942891910253298,0.9379245880624737
25615,LOF,0.03504045705538551,0.04068453159249617,0.9242750113521182
25616,LOF,0.02781738163590963,0.027980077220154848,0.9442025411439355
25617,LOF,0.02759181577100774,0.0316540155775211,0.9407541686514712
25618,LOF,0.13831689860585805,0.026771810845673663,0.8349112905484682
25619,LOF,0.030124297503696957,0.02910782262540693,0.9407678798708962
25620,LOF,0.03376578951241191,0.03632547768071486,0.9299087328068733
25621,LOF,0.027096137482908195,0.03064263992947406,0.9422612225876177
25622,LOF,0.03389447450330409,0.032831513667582704,0.9332740118291132
25623,LOF,0.054955958272413605,0.025215008010767922,0.9198290337168185
25624,LOF,0.026874975642596437,0.034196668270100386,0.9389283560873033
25625,LOF,0.035392659708181645,0.03914271141345272,0.9254646288783656
25626,LOF,0.07962376041904133,0.02966450719922748,0.8907117323817312
25627,Neutral,0.5500565340724668,0.1050518390880142,0.34489162683951907
25628,LOF,0.20198357817893745,0.050670348056943454,0.7473460737641191
25629,LOF,0.05715751287335565,0.05648995362494226,0.8863525335017021
25630,LOF,0.18279669360481915,0.0792719815660328,0.737931324829148
25631,Neutral,0.6055115430039523,0.05651310926824062,0.3379753477278071
25632,LOF,0.013062718211420904,0.11871392604000365,0.8682233557485755
25633,LOF,0.10075217154781177,0.08088015650702834,0.8183676719451598
25634,LOF,0.03279136763797828,0.10296750976750496,0.8642411225945168
25635,LOF,0.03819826188555892,0.08863019938392512,0.873171538730516
25636,GOF,0.004291053843895513,0.602221753931294,0.3934871922248106
25637,GOF,0.00391586461956508,0.6479473136089494,0.3481368217714855
25638,LOF,0.006280977258196222,0.35326399510372547,0.6404550276380783
25639,GOF,0.003842926570871,0.49968918392461364,0.49646788950451554
25640,GOF,0.44171631057066324,0.49107573763777884,0.06720795179155796
25641,LOF,0.008569403336212054,0.2907592443220159,0.700671352341772
25642,LOF,0.23526553283543492,0.062385263501691435,0.7023492036628737
25643,LOF,0.3125971695421735,0.13563337800565153,0.551769452452175
25644,GOF,0.01426252517792228,0.5273529041891282,0.4583845706329495
25645,LOF,0.012447802406719248,0.45883699009254314,0.5287152075007375
25646,LOF,0.018220966639621812,0.32653431408962225,0.655244719270756
25647,LOF,0.013177057905718841,0.2613582365204319,0.7254647055738492
25648,LOF,0.013076787528673764,0.2695449682330598,0.7173782442382665
25649,LOF,0.01125244146877134,0.18663181303870985,0.8021157454925187
25650,LOF,0.02254073612518428,0.4125148879541825,0.5649443759206332
25651,LOF,0.008281260003331039,0.26033821697821086,0.731380523018458
25652,LOF,0.013254658419425592,0.24144218643205945,0.7453031551485151
25653,LOF,0.04975775692180941,0.3467892849302565,0.6034529581479341
25654,LOF,0.014687924964143386,0.13556110155326712,0.8497509734825894
25655,LOF,0.07553386179887152,0.3767324381947967,0.5477337000063318
25656,LOF,0.09712375231617985,0.06564302440459789,0.8372332232792221
25657,LOF,0.31221844320434294,0.03031675171252308,0.6574648050831341
25658,LOF,0.04719673709280345,0.09206022923723624,0.8607430336699602
25659,LOF,0.3863218187751258,0.07079383872814342,0.5428843424967308
25660,LOF,0.06135278273213488,0.09010315756953906,0.848544059698326
25661,LOF,0.043850441149267734,0.06940191893835604,0.8867476399123763
25662,LOF,0.027813514013712397,0.05000945849968518,0.9221770274866025
25663,LOF,0.03637436703157563,0.06890411099019406,0.8947215219782303
25664,LOF,0.04281436690611703,0.07926046446093361,0.8779251686329493
25665,LOF,0.0579180319946417,0.04221757871968602,0.8998643892856723
25666,LOF,0.0379884793280916,0.11918267802564658,0.8428288426462619
25667,LOF,0.03186314045642857,0.0528842346526909,0.9152526248908807
25668,LOF,0.03279046354066404,0.05675110446261486,0.910458431996721
25669,LOF,0.03994126078845551,0.08198253898815866,0.878076200223386
25670,LOF,0.08371431558744839,0.09040372797252962,0.8258819564400219
25671,LOF,0.03919311630284315,0.04782100691010113,0.9129858767870557
25672,LOF,0.06476629496993064,0.061033918437165435,0.8741997865929039
25673,LOF,0.04632774257738953,0.06995849311223232,0.8837137643103782
25674,LOF,0.043297525818555616,0.07068226742633939,0.8860202067551051
25675,LOF,0.051661127507264336,0.05869367644955845,0.8896451960431773
25676,LOF,0.035308051636363295,0.06077255467075934,0.9039193936928773
25677,LOF,0.058368982360094884,0.06498474134657263,0.8766462762933325
25678,LOF,0.28228362430629056,0.03517959663933929,0.6825367790543702
25679,LOF,0.1727230816031005,0.0760474263520057,0.7512294920448939
25680,LOF,0.058572191931381454,0.09702274599648317,0.8444050620721353
25681,LOF,0.09938540531707922,0.09087799493867141,0.8097365997442494
25682,LOF,0.04363068286353784,0.0887242370823377,0.8676450800541243
25683,LOF,0.1032778014676455,0.09554100576383817,0.8011811927685163
25684,LOF,0.05493237009632735,0.08928639176902421,0.8557812381346483
25685,LOF,0.11114573836583287,0.05813395870445083,0.8307203029297163
25686,LOF,0.042516008602099316,0.12547078049446952,0.8320132109034312
25687,LOF,0.042467434594440454,0.10412657373750708,0.8534059916680524
25688,LOF,0.028423535622034014,0.08529431974855248,0.8862821446294135
25689,LOF,0.01811265741663352,0.07128348128554389,0.9106038612978226
25690,LOF,0.018630247502714584,0.07723552275867814,0.9041342297386072
25691,LOF,0.20476623780925388,0.09957947308079716,0.6956542891099491
25692,LOF,0.27084845069519486,0.00897901540729985,0.7201725338975054
25693,LOF,0.09609860649727556,0.1680360092227797,0.7358653842799447
25694,LOF,0.2596264148077836,0.017552851737877552,0.7228207334543388
25695,LOF,0.16552746906327032,0.02426763067323201,0.8102049002634977
25696,LOF,0.17939072858706942,0.010874165361346591,0.809735106051584
25697,LOF,0.13250252039361865,0.030500363992816738,0.8369971156135646
25698,LOF,0.034614834716401505,0.41980086726270993,0.5455842980208886
25699,LOF,0.07334778654388312,0.0821436512910484,0.8445085621650684
25700,LOF,0.033836792262651114,0.009850875381075087,0.9563123323562739
25701,LOF,0.01802561230486257,0.07378341780715748,0.9081909698879799
25702,GOF,0.03851734532281829,0.7368960855729737,0.224586569104208
25703,LOF,0.013672661066375632,0.18581467266970988,0.8005126662639146
25704,LOF,0.09437655733665568,0.14799305053261053,0.7576303921307338
25705,LOF,0.05717349233163913,0.2493267532061404,0.6934997544622205
25706,GOF,0.05413543981571212,0.578653155321942,0.36721140486234594
25707,GOF,0.030945147381142943,0.4940790201063181,0.47497583251253894
25708,LOF,0.008982534833142477,0.4367877391665719,0.5542297260002856
25709,LOF,0.018678402232509054,0.06458851554472726,0.9167330822227636
25710,LOF,0.00895858615537319,0.15423013734715244,0.8368112764974744
25711,LOF,0.020277016615056664,0.11869409866788687,0.8610288847170565
25712,LOF,0.00940446994704862,0.22370474401076232,0.766890786042189
25713,LOF,0.018167099462040318,0.09798405323645022,0.8838488473015096
25714,LOF,0.02094495620889525,0.12324844319325858,0.8558066005978461
25715,LOF,0.019163226288272165,0.11153687719447901,0.8692998965172488
25716,LOF,0.010804014063170853,0.11377950075353988,0.8754164851832893
25717,LOF,0.0063534910854978355,0.11970160334111707,0.8739449055733851
25718,LOF,0.01758456734922688,0.0755742183325985,0.9068412143181745
25719,LOF,0.031499783905401486,0.0832486101795288,0.8852516059150697
25720,LOF,0.021164821944427325,0.08758974325888522,0.8912454347966874
25721,LOF,0.022267978238595013,0.09904701569301678,0.8786850060683883
25722,LOF,0.017596041763064535,0.12184689956017286,0.8605570586767626
25723,LOF,0.020940055448166368,0.06788039595469206,0.9111795485971415
25724,LOF,0.03463143898554704,0.10085128404425674,0.8645172769701962
25725,LOF,0.021229487963837463,0.06504819099928161,0.9137223210368809
25726,LOF,0.01568633740563327,0.09686256686421116,0.8874510957301555
25727,LOF,0.019618228170953135,0.08065490351994248,0.8997268683091045
25728,LOF,0.017949014842254658,0.09430036624204743,0.887750618915698
25729,LOF,0.018415664492594193,0.09185236854662175,0.889731966960784
25730,LOF,0.019441501914241772,0.07560130240679445,0.9049571956789637
25731,LOF,0.01303990691084442,0.1493984124404223,0.8375616806487333
25732,LOF,0.01806010268540368,0.08576795302320793,0.8961719442913885
25733,LOF,0.027222643097639408,0.07062797515497468,0.9021493817473858
25734,LOF,0.007503273872968742,0.1896972589301887,0.8027994671968426
25735,LOF,0.02202675298753914,0.06347623432583703,0.9144970126866239
25736,LOF,0.02055480191924465,0.09648079039591403,0.8829644076848414
25737,LOF,0.040155537250186155,0.07827144102841443,0.8815730217213994
25738,LOF,0.01968347659725836,0.11338924076555491,0.8669272826371867
25739,LOF,0.021571046967369476,0.11218654263476083,0.8662424103978698
25740,LOF,0.04886929285949485,0.10346178376394417,0.8476689233765611
25741,LOF,0.02502224734693896,0.09066186129422647,0.8843158913588345
25742,LOF,0.036819476321310024,0.10378559841183467,0.8593949252668553
25743,LOF,0.012093614164533362,0.051029949039239866,0.9368764367962267
25744,GOF,0.1338020494800881,0.45601502558279133,0.4101829249371205
25745,LOF,0.0213965494368268,0.07493284420580913,0.9036706063573642
25746,LOF,0.01108327287989876,0.09858038120186598,0.8903363459182352
25747,LOF,0.03312024050264834,0.0380344388749828,0.9288453206223688
25748,LOF,0.1946207511922824,0.06767612977998487,0.7377031190277328
25749,LOF,0.013704359864680611,0.05937299255648839,0.926922647578831
25750,LOF,0.015036743691213888,0.08869441320587367,0.8962688431029124
25751,LOF,0.03723296048356066,0.07422233553403415,0.8885447039824053
25752,GOF,0.08623219371973807,0.6531296063407666,0.26063819993949533
25753,LOF,0.006822898092940574,0.37775215358540465,0.6154249483216547
25754,GOF,0.0057061410053438,0.8543052267560622,0.13998863223859398
25755,LOF,0.009939828046994113,0.43470396677826895,0.5553562051747369
25756,LOF,0.047975100055584224,0.45905435270739836,0.49297054723701744
25757,GOF,0.007173203545635648,0.8782948079773334,0.11453198847703111
25758,GOF,0.008139913699527697,0.871343271188603,0.12051681511186949
25759,GOF,0.005047631608436349,0.5866280427867376,0.408324325604826
25760,LOF,0.006896877566508073,0.3201048056207186,0.6729983168127733
25761,GOF,0.04893569864170431,0.8332880368840045,0.11777626447429118
25762,LOF,0.02750995214216816,0.38413331114172306,0.5883567367161088
25763,LOF,0.009375823318890936,0.2517263532056053,0.7388978234755038
25764,GOF,0.10208329387098629,0.5833236982593044,0.3145930078697092
25765,GOF,0.00774672843788209,0.847788132031063,0.14446513953105508
25766,GOF,0.03171679512502814,0.8178725995617631,0.1504106053132088
25767,LOF,0.017102812515232258,0.49076864019916705,0.49212854728560085
25768,LOF,0.03975137262344615,0.07959920364651363,0.8806494237300402
25769,LOF,0.02233728793480281,0.07758053534515569,0.9000821767200416
25770,LOF,0.1460962185597886,0.06986314564357689,0.7840406357966345
25771,LOF,0.01569167990367238,0.07349943744049185,0.9108088826558357
25772,LOF,0.0224301005961473,0.031952316642411126,0.9456175827614415
25773,LOF,0.013479120824023331,0.0858216492646174,0.9006992299113593
25774,LOF,0.0252745450019075,0.09954437821282763,0.8751810767852649
25775,LOF,0.021339603532397628,0.04439715350494396,0.9342632429626583
25776,LOF,0.024981574722857215,0.027948280626185797,0.947070144650957
25777,LOF,0.1743688743542068,0.07484357788685454,0.7507875477589386
25778,LOF,0.01840261000708931,0.05474358370519246,0.9268538062877182
25779,GOF,0.03696219243020852,0.8973567902845805,0.06568101728521096
25780,GOF,0.06453226144094379,0.8762383380119744,0.0592294005470819
25781,GOF,0.024965816954042753,0.8775177575466752,0.09751642549928212
25782,GOF,0.03182456696610715,0.9029299162085294,0.06524551682536349
25783,GOF,0.019324787218008826,0.7556482231777294,0.2250269896042617
25784,GOF,0.1120440570273078,0.8419217033794804,0.046034239593211894
25785,GOF,0.07041197142494773,0.8892636534367531,0.040324375138299284
25786,GOF,0.005704951675491782,0.8403571565912331,0.15393789173327507
25787,GOF,0.17674443106294468,0.7912697705344114,0.03198579840264402
25788,LOF,0.016064339324052882,0.18417956216380263,0.7997560985121446
25789,GOF,0.01882902343549906,0.855214927938419,0.12595604862608187
25790,GOF,0.02127433800486034,0.8807598404410738,0.0979658215540658
25791,GOF,0.015775874178281076,0.8346575375619151,0.1495665882598037
25792,GOF,0.026485294432859057,0.8429692013021892,0.1305455042649517
25793,GOF,0.07371162500074778,0.8339418188263902,0.09234655617286205
25794,GOF,0.0673858130260349,0.7734043498031578,0.1592098371708075
25795,GOF,0.03996358918216476,0.7865853131089573,0.1734510977088779
25796,GOF,0.07862860932481927,0.8188051768153843,0.10256621385979656
25797,GOF,0.0380891298404577,0.6968178558904674,0.2650930142690749
25798,GOF,0.0033515555924505383,0.6871614662636988,0.30948697814385073
25799,GOF,0.0031733409686521244,0.5523775793993517,0.4444490796319961
25800,GOF,0.01234174518044775,0.7475079521312724,0.24015030268827983
25801,GOF,0.015254694260774358,0.8629359098299048,0.12180939590932094
25802,GOF,0.021803019660414754,0.7926307773259991,0.18556620301358612
25803,GOF,0.011566381991130933,0.7022137246721522,0.286219893336717
25804,GOF,0.013338462334760283,0.6219717113532107,0.36468982631202884
25805,GOF,0.02536764542966267,0.7383163680406628,0.23631598652967453
25806,GOF,0.019194968025249053,0.7632331939465543,0.2175718380281967
25807,GOF,0.00565625117484568,0.7123704224349635,0.2819733263901908
25808,GOF,0.015056968950275763,0.7457978867533508,0.23914514429637349
25809,GOF,0.00656917871758529,0.7282775086721835,0.2651533126102311
25810,GOF,0.005506566348962909,0.7365570358215374,0.25793639782949973
25811,GOF,0.04481181087923375,0.8637774450955022,0.09141074402526406
25812,GOF,0.016915832448679276,0.7423745100306037,0.24070965752071707
25813,GOF,0.11475033934512385,0.7943459813885407,0.09090367926633534
25814,GOF,0.02655692576437476,0.8174263343247289,0.15601673991089626
25815,GOF,0.03993302648126241,0.8188332648237334,0.14123370869500415
25816,GOF,0.00839578061529803,0.8750484130852324,0.11655580629946967
25817,GOF,0.09478528744920137,0.7764284617524947,0.12878625079830391
25818,GOF,0.024271289168912052,0.7945003315377561,0.18122837929333172
25819,GOF,0.06021047163290872,0.7791733248535323,0.16061620351355907
25820,GOF,0.03316005362030229,0.7669883890640846,0.19985155731561297
25821,GOF,0.018826026868046884,0.7599865782208145,0.2211873949111387
25822,GOF,0.03658379305514124,0.7761950932304935,0.18722111371436523
25823,GOF,0.013834114784139396,0.6510440308188113,0.3351218543970493
25824,GOF,0.02552674467223091,0.7693519845438794,0.20512127078388973
25825,GOF,0.015623343596199978,0.7577709632694717,0.22660569313432838
25826,GOF,0.005483333331750234,0.7220421218389851,0.2724745448292647
25827,GOF,0.008655553372675933,0.7023537628847487,0.28899068374257536
25828,GOF,0.005847338687266377,0.6512903585741787,0.34286230273855484
25829,GOF,0.0030225425618682043,0.7179457954402968,0.279031661997835
25830,GOF,0.037304991033250204,0.5040581489751228,0.45863685999162707
25831,GOF,0.04914855630923506,0.8422586194289817,0.10859282426178321
25832,GOF,0.008734260136615577,0.7988031999324761,0.19246253993090837
25833,GOF,0.0333806802228042,0.8460283571840546,0.12059096259314131
25834,GOF,0.009108983796823563,0.8178597962107502,0.17303121999242624
25835,GOF,0.0180772489744421,0.8671815412556376,0.11474120976992037
25836,GOF,0.00692929860342843,0.8146250083088883,0.17844569308768332
25837,GOF,0.007151864131835148,0.7424120824206364,0.25043605344752845
25838,GOF,0.02099353675140591,0.8744717079061707,0.1045347553424235
25839,GOF,0.04016771385086618,0.8534713067170219,0.10636097943211188
25840,GOF,0.05613008012604837,0.8515172442744612,0.09235267559949033
25841,GOF,0.05521100746061563,0.8586263963397364,0.08616259619964806
25842,GOF,0.027384355709690465,0.9001204998730066,0.07249514441730294
25843,GOF,0.02634716533361998,0.906429082219603,0.06722375244677693
25844,GOF,0.017046234855119833,0.8541672626103446,0.12878650253453555
25845,GOF,0.006125289760307873,0.6875852206778268,0.3062894895618654
25846,GOF,0.04174001830750507,0.8673288291833958,0.09093115250909913
25847,GOF,0.020759708942949415,0.9135909333587524,0.06564935769829836
25848,GOF,0.01691920360616925,0.8636720245792258,0.11940877181460495
25849,GOF,0.005062163716612514,0.7621977300114773,0.23274010627191016
25850,GOF,0.0064306821540529155,0.7728927394716181,0.22067657837432894
25851,GOF,0.005579519820443071,0.6693490052416717,0.3250714749378852
25852,GOF,0.136448561463146,0.6199686003715671,0.24358283816528692
25853,GOF,0.06736533222767604,0.8595995162572521,0.0730351515150719
25854,GOF,0.005433235236186292,0.7241793953612516,0.2703873694025621
25855,GOF,0.015893934831635103,0.6659324619015013,0.3181736032668635
25856,GOF,0.03740124403100712,0.7810370582993033,0.1815616976696896
25857,GOF,0.012522713371410605,0.664034591882632,0.3234426947459573
25858,GOF,0.007713077000425958,0.6466791592142289,0.34560776378534513
25859,GOF,0.005384011681654472,0.6246565322749306,0.36995945604341496
25860,GOF,0.0758915623676961,0.8221842383090487,0.10192419932325512
25861,GOF,0.08532882052787903,0.8162683467763948,0.09840283269572614
25862,GOF,0.02206258216975437,0.8684783372039447,0.10945908062630098
25863,GOF,0.021396424957084274,0.8738330105250419,0.10477056451787388
25864,GOF,0.04936995318063478,0.8752218093778446,0.07540823744152075
25865,GOF,0.033971946432868605,0.8421332565789412,0.12389479698819023
25866,GOF,0.02522416728376282,0.8745668215850102,0.10020901113122703
25867,GOF,0.03164688551762196,0.8838874090165009,0.08446570546587712
25868,GOF,0.055774123091630476,0.8429797360224467,0.1012461408859227
25869,GOF,0.3401525806513492,0.5971720750799566,0.06267534426869421
25870,GOF,0.07373061863409552,0.6996897640990319,0.22657961726687234
25871,GOF,0.011489172492496879,0.8950098393654687,0.09350098814203438
25872,GOF,0.020425112120833908,0.871502107681547,0.10807278019761915
25873,GOF,0.020473925086422654,0.8944681597932085,0.085057915120369
25874,LOF,0.017766376460700718,0.20373380853603626,0.778499815003263
25875,LOF,0.05046437345376311,0.045570360799877,0.9039652657463598
25876,LOF,0.018312327594575878,0.03758259609997512,0.9441050763054489
25877,LOF,0.1285499652520079,0.08205384173486717,0.789396193013125
25878,LOF,0.06753074044521154,0.1166044690473973,0.815864790507391
25879,LOF,0.028285773771538222,0.08373750337703995,0.8879767228514218
25880,LOF,0.05725948684526257,0.012810443309114685,0.9299300698456227
25881,Neutral,0.5532638227832851,0.0595550912379841,0.38718108597873074
25882,LOF,0.05664177563903969,0.02916702094715972,0.9141912034138006
25883,LOF,0.029899326845089207,0.02482568099343834,0.9452749921614725
25884,LOF,0.026547697978510334,0.039314062537053614,0.9341382394844361
25885,LOF,0.23156882014441765,0.010660862978303196,0.757770316877279
25886,LOF,0.16033144132656216,0.052323042003767625,0.7873455166696702
25887,LOF,0.1960591569627148,0.058559757749914926,0.7453810852873703
25888,LOF,0.013382540876922764,0.12684878828188373,0.8597686708411935
25889,LOF,0.032133215658195664,0.028898449067000058,0.9389683352748043
25890,LOF,0.12440588493942085,0.10518827837154185,0.7704058366890373
25891,LOF,0.08881984057959597,0.021182827327003807,0.8899973320934002
25892,LOF,0.009552577817555098,0.030598054819463715,0.9598493673629813
25893,LOF,0.4075141266415224,0.008538553480221546,0.5839473198782561
25894,LOF,0.4575081498105606,0.005698091916165295,0.5367937582732741
25895,LOF,0.35424885067059275,0.011216907088582924,0.6345342422408243
25896,LOF,0.06768733271007504,0.01716296646750186,0.9151497008224232
25897,LOF,0.20983773109865927,0.009543871680514286,0.7806183972208264
25898,LOF,0.16800624482592413,0.02760897762345742,0.8043847775506183
25899,LOF,0.3469513090854425,0.01833695642694058,0.6347117344876169
25900,LOF,0.43478419370447063,0.007709214019886097,0.5575065922756433
25901,LOF,0.06529603790173501,0.008093301705239331,0.9266106603930256
25902,LOF,0.17008411078138172,0.010059488714002142,0.8198564005046162
25903,LOF,0.43148368238648005,0.02492932689238089,0.543586990721139
25904,LOF,0.4714757199555212,0.02404924333748922,0.5044750367069895
25905,LOF,0.0036765353966185252,0.4727860500037889,0.5235374145995926
25906,LOF,0.008699647240696766,0.12648585222311245,0.8648145005361908
25907,LOF,0.004118054178530667,0.36919723851264663,0.6266847073088228
25908,LOF,0.004367373428198765,0.25670817322371225,0.738924453348089
25909,LOF,0.02247742177939325,0.17889134487637087,0.7986312333442358
25910,LOF,0.010570243481046293,0.1368654178728309,0.8525643386461228
25911,LOF,0.3200984307163419,0.0558240270544598,0.6240775422291982
25912,LOF,0.06440567121202521,0.06724087543381921,0.8683534533541556
25913,LOF,0.05081682153851402,0.07261397357259315,0.8765692048888929
25914,LOF,0.040772638032698295,0.04433640609424683,0.9148909558730549
25915,LOF,0.17245502811675043,0.2272212615189914,0.6003237103642581
25916,LOF,0.03146495275407655,0.1428660786634175,0.8256689685825059
25917,LOF,0.07238533360414587,0.03861577896632105,0.888998887429533
25918,LOF,0.04809641697375369,0.02689144858033863,0.9250121344459077
25919,LOF,0.04126893800201967,0.027303170277295553,0.9314278917206847
25920,LOF,0.14830923264390383,0.20144279104814794,0.6502479763079483
25921,LOF,0.01622647864124852,0.046845440399865636,0.9369280809588858
25922,LOF,0.01684508973048193,0.03838139860105262,0.9447735116684655
25923,LOF,0.45636632691096846,0.03830261765203567,0.505331055436996
25924,LOF,0.025454010390335263,0.05734639944422777,0.9171995901654371
25925,LOF,0.08396236835676389,0.055826387135218765,0.8602112445080173
25926,LOF,0.05920628436776148,0.05170715091709313,0.8890865647151454
25927,LOF,0.024624529671848215,0.07795903773312367,0.8974164325950281
25928,LOF,0.010536154244932523,0.06082597750879702,0.9286378682462705
25929,Neutral,0.5384147105992474,0.03687240776575851,0.42471288163499404
25930,LOF,0.07541745282805919,0.03500351793538429,0.8895790292365565
25931,LOF,0.014593128940086414,0.039387392739623876,0.9460194783202898
25932,LOF,0.06278658558686843,0.031745571967081915,0.9054678424460495
25933,LOF,0.05799508736178341,0.022573535820226132,0.9194313768179905
25934,LOF,0.05608744194056054,0.020966827211716978,0.9229457308477226
25935,LOF,0.07150590905679415,0.0670493549738099,0.861444735969396
25936,LOF,0.09419363012347075,0.02298077073482897,0.8828255991417002
25937,LOF,0.015141356445625356,0.040248324872662264,0.9446103186817123
25938,LOF,0.07207166953390805,0.06396359230031577,0.8639647381657762
25939,LOF,0.04226620190875913,0.030100526020362287,0.9276332720708785
25940,LOF,0.009416061353790407,0.34075956977134175,0.6498243688748678
25941,Neutral,0.4979115751490097,0.0360578541320317,0.4660305707189587
25942,LOF,0.009123561518813779,0.048672750239435805,0.9422036882417505
25943,LOF,0.04331091423534018,0.17347706333376314,0.7832120224308967
25944,LOF,0.06882686422166068,0.08934886851065185,0.8418242672676876
25945,LOF,0.12032758164110624,0.01862764180968702,0.8610447765492067
25946,LOF,0.06629292530893073,0.03771176605055493,0.8959953086405144
25947,Neutral,0.4591376733378101,0.10381930428817687,0.4370430223740131
25948,LOF,0.4162978095874674,0.01183165641295532,0.5718705339995773
25949,LOF,0.15081870977649064,0.061095514894396574,0.7880857753291127
25950,GOF,0.08354304473419319,0.6129308859385514,0.3035260693272554
25951,LOF,0.013109296673295448,0.41495067709328914,0.5719400262334153
25952,LOF,0.2668405229327871,0.25670822868878,0.4764512483784329
25953,LOF,0.007530656950136788,0.19173705874261435,0.800732284307249
25954,GOF,0.09332102652796387,0.4622215778263306,0.44445739564570547
25955,LOF,0.007229663036189896,0.16435134603836715,0.8284189909254429
25956,LOF,0.020583072019237134,0.23722299247949283,0.74219393550127
25957,LOF,0.22327920747207144,0.035324245827210506,0.7413965467007181
25958,LOF,0.03290135224093782,0.031766096725897926,0.9353325510331644
25959,GOF,0.013996334154703695,0.4987872103931292,0.4872164554521671
25960,LOF,0.007103405294148831,0.049808545862499554,0.9430880488433516
25961,LOF,0.03070994199661773,0.029709550323266144,0.9395805076801161
25962,LOF,0.03738814445632054,0.060284952324485545,0.902326903219194
25963,LOF,0.005427309403547913,0.18375653433950037,0.8108161562569517
25964,LOF,0.03156149607679153,0.10153027556021478,0.8669082283629936
25965,LOF,0.2601200029954806,0.12410045291712897,0.6157795440873904
25966,Neutral,0.4721655699463768,0.14670464052465187,0.38112978952897136
25967,LOF,0.009473935778236183,0.08754560876877716,0.9029804554529867
25968,LOF,0.045747340258563515,0.2188512855694242,0.7354013741720122
25969,LOF,0.1277320559894731,0.04530630545024112,0.8269616385602857
25970,LOF,0.02284425131054792,0.08129423023866006,0.895861518450792
25971,LOF,0.08119959269570237,0.026120716896227424,0.8926796904080703
25972,LOF,0.06855712524571958,0.03906480833774666,0.8923780664165336
25973,LOF,0.07003566584438202,0.009880304961488529,0.9200840291941295
25974,LOF,0.05590096953075927,0.03854820590358765,0.905550824565653
25975,LOF,0.05038519920081208,0.017324360435972474,0.9322904403632155
25976,LOF,0.10455251330286743,0.010342315933756912,0.8851051707633757
25977,LOF,0.2012278990450081,0.07068101976610636,0.7280910811888855
25978,LOF,0.18946470863967144,0.11352989591456605,0.6970053954457626
25979,LOF,0.15550629769024793,0.1278425632439192,0.7166511390658329
25980,LOF,0.2600493346313462,0.1685438718307349,0.5714067935379188
25981,LOF,0.26072519513106285,0.16950261510173475,0.5697721897672025
25982,Neutral,0.48798664390628116,0.08315908475999484,0.4288542713337239
25983,Neutral,0.5012173840550427,0.10171640117610675,0.39706621476885057
25984,LOF,0.03729880135139799,0.08878184961461393,0.8739193490339882
25985,LOF,0.4065359556075467,0.14067436148490764,0.45278968290754573
25986,LOF,0.012424639508390175,0.3845521520574303,0.6030232084341794
25987,LOF,0.05537712032457183,0.1186931725481698,0.8259297071272583
25988,LOF,0.041668076356688656,0.1839355430263607,0.7743963806169506
25989,LOF,0.034761526026011194,0.21932144038083431,0.7459170335931545
25990,LOF,0.040451302215913254,0.3169430431245544,0.6426056546595323
25991,LOF,0.024395112485677762,0.4166246071985483,0.558980280315774
25992,LOF,0.02108279492562334,0.3990206275348627,0.579896577539514
25993,LOF,0.026856856315785067,0.07843983521188289,0.8947033084723319
25994,LOF,0.022039921910086295,0.08173219007062527,0.8962278880192885
25995,LOF,0.020646098977410352,0.15328765676308684,0.8260662442595028
25996,LOF,0.3227681568702865,0.3287542186231142,0.3484776245065993
25997,LOF,0.060628304641096885,0.3980178313682504,0.5413538639906528
25998,LOF,0.2508040955114716,0.04534705240774509,0.7038488520807832
25999,LOF,0.025005526677446537,0.19346095170741395,0.7815335216151396
26000,LOF,0.19078362347187294,0.03801675820203952,0.7711996183260876
26001,LOF,0.2715749196306133,0.04753430976731408,0.6808907706020726
26002,LOF,0.12387074236661012,0.06720380979139044,0.8089254478419994
26003,GOF,0.005525852881924092,0.6466630733207234,0.3478110737973526
26004,GOF,0.008273566811709031,0.6930703762272413,0.2986560569610496
26005,GOF,0.003965064453990913,0.5054234303812651,0.49061150516474394
26006,GOF,0.11263481945442747,0.5662707259970831,0.3210944545484895
26007,GOF,0.007439079137493824,0.5391810090391066,0.45337991182339954
26008,GOF,0.0061469976807665555,0.6597230607926781,0.3341299415265554
26009,GOF,0.007872867386768173,0.6817099601525637,0.31041717246066813
26010,GOF,0.009032576375193332,0.6634630829899941,0.3275043406348126
26011,LOF,0.003564350859416736,0.4705680613384288,0.5258675878021545
26012,GOF,0.005031381533780911,0.5388845123728792,0.45608410609333994
26013,GOF,0.006580952783490304,0.5971860769680838,0.39623297024842596
26014,LOF,0.059369903955747795,0.11886463074101185,0.8217654653032404
26015,LOF,0.3648167046232698,0.026324953101193965,0.6088583422755363
26016,LOF,0.3320297194418713,0.04238423791163134,0.6255860426464973
26017,LOF,0.024634263693292736,0.215349122629236,0.7600166136774713
26018,LOF,0.02926092395163548,0.06300206555053517,0.9077370104978294
26019,LOF,0.02897535090575043,0.05565972354504132,0.9153649255492082
26020,LOF,0.010939844093847746,0.18607478536180402,0.8029853705443482
26021,LOF,0.07901299316059357,0.06452676403460424,0.8564602428048022
26022,LOF,0.043792725255719964,0.028746088785114195,0.9274611859591658
26023,LOF,0.030624500617961195,0.0361401531862989,0.93323534619574
26024,LOF,0.05052250988478228,0.06988341870497962,0.879594071410238
26025,LOF,0.06888574136502197,0.08510851009964333,0.8460057485353347
26026,LOF,0.12216295084903349,0.06332937828929747,0.8145076708616691
26027,LOF,0.025972155314448468,0.028418354384759103,0.9456094903007926
26028,LOF,0.13410814630754608,0.1401474367500841,0.7257444169423698
26029,LOF,0.019916031775808658,0.17692938789138535,0.8031545803328058
26030,LOF,0.15612616513660962,0.02123347186974153,0.8226403629936487
26031,LOF,0.00954365092125672,0.15559907682494084,0.8348572722538024
26032,LOF,0.04396657846969504,0.04923635136655099,0.9067970701637539
26033,LOF,0.0687379626918828,0.043386968845733224,0.8878750684623841
26034,LOF,0.01303125690516598,0.13967683728695166,0.8472919058078825
26035,LOF,0.011596276200177218,0.10213242972633572,0.8862712940734871
26036,LOF,0.011694388256098918,0.12362750243507827,0.8646781093088228
26037,LOF,0.010021400049377724,0.0943121347607951,0.8956664651898271
26038,LOF,0.03791886293757182,0.044435006657494516,0.9176461304049337
26039,LOF,0.026865009651915323,0.1197813940347589,0.8533535963133257
26040,LOF,0.11366909185085965,0.1064600012276733,0.7798709069214671
26041,LOF,0.012578543424644224,0.07982870842756795,0.9075927481477878
26042,LOF,0.011138877256610643,0.08881757120097288,0.9000435515424166
26043,LOF,0.03664149800945176,0.057889549736423025,0.9054689522541252
26044,LOF,0.01415495184170657,0.0429784777528983,0.942866570405395
26045,LOF,0.06798938864972111,0.0969145856053539,0.835096025744925
26046,LOF,0.032039057290191277,0.044975265826632096,0.9229856768831767
26047,LOF,0.051290344469964326,0.044662631498236904,0.9040470240317987
26048,LOF,0.08484474746213716,0.02331881732941519,0.8918364352084477
26049,Neutral,0.9433530938740708,0.006910475865015159,0.04973643026091403
26050,Neutral,0.9194468399884871,0.007529389369344922,0.07302377064216807
26051,LOF,0.017331430744788413,0.09517771252715346,0.887490856728058
26052,LOF,0.03256829959605481,0.11929780529616461,0.8481338951077805
26053,LOF,0.03145619047797989,0.16011540617087128,0.8084284033511488
26054,LOF,0.04335086209812047,0.03147794088595688,0.9251711970159225
26055,LOF,0.06523056213724973,0.02776329545004665,0.9070061424127037
26056,LOF,0.05237987028714637,0.03359595084816133,0.9140241788646922
26057,LOF,0.05534302853657964,0.01498629698012501,0.9296706744832954
26058,LOF,0.059298620470276835,0.012464141003044561,0.9282372385266787
26059,LOF,0.19797536916557573,0.03318583536183546,0.7688387954725888
26060,LOF,0.01495257473287629,0.17832104741533875,0.806726377851785
26061,LOF,0.01268884256942469,0.01124443053966402,0.9760667268909113
26062,LOF,0.006569345916910818,0.018465197263259937,0.9749654568198293
26063,LOF,0.03639004892775077,0.011718090926584965,0.9518918601456643
26064,LOF,0.011184141951205083,0.0253945468604872,0.9634213111883078
26065,LOF,0.048262491440566845,0.013183494346434035,0.938554014212999
26066,LOF,0.04426182147206042,0.011291554686283472,0.944446623841656
26067,LOF,0.054750483750522154,0.010800466679502116,0.9344490495699758
26068,LOF,0.050321405219478275,0.0516157055926502,0.8980628891878715
26069,LOF,0.15199729108567955,0.031542066319116026,0.8164606425952045
26070,LOF,0.33075718198171844,0.024991407848609103,0.6442514101696725
26071,LOF,0.04080234871246775,0.012682337654686144,0.9465153136328461
26072,LOF,0.011290555773792017,0.02381342437014596,0.964896019856062
26073,LOF,0.037451940457123516,0.014968636278040851,0.9475794232648357
26074,Neutral,0.9201160099666402,0.009746918055046062,0.0701370719783136
26075,LOF,0.05185544469138494,0.023138339523308668,0.9250062157853064
26076,LOF,0.054818185656769526,0.012408184679852977,0.9327736296633775
26077,LOF,0.1584845128323288,0.007338418281249235,0.834177068886422
26078,LOF,0.009156303323298568,0.016166420787628335,0.9746772758890732
26079,LOF,0.06251801096385491,0.026691519422486588,0.9107904696136586
26080,LOF,0.061708843967797994,0.026759649571014028,0.911531506461188
26081,LOF,0.03179244942685519,0.009221428273293952,0.9589861222998509
26082,LOF,0.007736447868257568,0.01553234218401954,0.976731209947723
26083,LOF,0.10224396413455332,0.02220691789414629,0.8755491179713004
26084,LOF,0.1037299691397057,0.015272487617533564,0.8809975432427607
26085,LOF,0.0954605134654099,0.013104962244695118,0.891434524289895
26086,LOF,0.037050000393117705,0.013338867273048534,0.9496111323338337
26087,LOF,0.034614749601672504,0.010844946206693813,0.9545403041916338
26088,LOF,0.009281169408615998,0.021254013759267165,0.9694648168321168
26089,LOF,0.04404980051819488,0.03843007379656528,0.9175201256852398
26090,LOF,0.04474744699156021,0.03031658453256364,0.9249359684758761
26091,LOF,0.02947798781966316,0.008151476010035899,0.9623705361703009
26092,LOF,0.042905474786268105,0.009067589582180414,0.9480269356315514
26093,LOF,0.07589526350215507,0.006515628023685009,0.91758910847416
26094,LOF,0.035010832610703535,0.007854956413486769,0.9571342109758096
26095,LOF,0.03669487241732419,0.018268491365507938,0.9450366362171678
26096,LOF,0.21804638193517684,0.005429913313942735,0.7765237047508805
26097,LOF,0.008275950481026662,0.03198864101332233,0.9597354085056511
26098,LOF,0.08133696977420327,0.02129819045376116,0.8973648397720355
26099,LOF,0.043378236197720535,0.01647644793364749,0.9401453158686319
26100,LOF,0.043378236197720535,0.01647644793364749,0.9401453158686319
26101,LOF,0.057082844319645984,0.029037027616361673,0.9138801280639923
26102,LOF,0.03308702574541408,0.016983766064564722,0.9499292081900211
26103,Neutral,0.8737269508345573,0.02926230462198824,0.09701074454345442
26104,LOF,0.05805026880784621,0.0440769110450958,0.897872820147058
26105,LOF,0.22801362502505915,0.17820877266430388,0.5937776023106369
26106,LOF,0.28851073088663426,0.14270812267029365,0.5687811464430722
26107,LOF,0.022433027778054854,0.10236607480317958,0.8752008974187655
26108,LOF,0.28370509249462605,0.05856045590986524,0.6577344515955088
26109,LOF,0.08612168819812453,0.03856906316481724,0.8753092486370584
26110,LOF,0.4582853270403002,0.007178846675906149,0.5345358262837936
26111,LOF,0.05151195784873182,0.15612638909241383,0.7923616530588544
26112,LOF,0.053025238060732074,0.009028324228384742,0.937946437710883
26113,LOF,0.10511106388288072,0.019644899444993973,0.8752440366721254
26114,LOF,0.0910577833662499,0.006876667404709777,0.9020655492290404
26115,LOF,0.013898489266145975,0.047650857540514784,0.9384506531933392
26116,LOF,0.0731171398359189,0.02215475358947706,0.904728106574604
26117,LOF,0.4119427138503676,0.037108683913436045,0.5509486022361963
26118,LOF,0.04394290245522805,0.015701261126807142,0.9403558364179647
26119,LOF,0.006374337171436626,0.03912627673293899,0.9544993860956245
26120,LOF,0.03327353483331658,0.015007088293843162,0.9517193768728404
26121,LOF,0.00460021039382185,0.12097527491822439,0.8744245146879538
