feature0,prediction,LoGoFunc_Neutral,LoGoFunc_GOF,LoGoFunc_LOF
25546,Neutral,0.7335312930208436,0.040639399264040824,0.22582930771511558
25547,Neutral,0.5892760846850273,0.08159640427216484,0.3291275110428079
25548,Neutral,0.5914332169103402,0.05829326637231969,0.35027351671734
25549,Neutral,0.5159084278864634,0.059102007864624,0.4249895642489126
25550,LOF,0.34801197311165044,0.12822418363433155,0.5237638432540179
25551,LOF,0.2970756211032012,0.1347455261021269,0.568178852794672
25552,LOF,0.21815238480463603,0.12518008828821992,0.656667526907144
25553,Neutral,0.8362514258447238,0.03335152841719604,0.13039704573808011
25554,LOF,0.2536487644214798,0.11926562058961014,0.62708561498891
25555,LOF,0.20936703283885966,0.10609794765569842,0.6845350195054419
25556,LOF,0.41773417567992227,0.10211788764991236,0.48014793667016553
25557,LOF,0.20405736441627176,0.11066350784995399,0.6852791277337743
25558,LOF,0.24775005908105355,0.12184764182617826,0.6304022990927682
25559,LOF,0.3679548490885991,0.14849243230895628,0.4835527186024446
25560,LOF,0.04704683083484933,0.15274183519113796,0.8002113339740127
25561,LOF,0.10173880352185148,0.16814649712847018,0.7301146993496784
25562,LOF,0.09473578496481584,0.061360924190032896,0.8439032908451511
25563,LOF,0.09134851589104892,0.0857283603239438,0.8229231237850072
25564,LOF,0.1977457641482231,0.14214326477614161,0.6601109710756353
25565,LOF,0.16110745791237047,0.10058904617617699,0.7383034959114525
25566,GOF,0.017140053347243823,0.6851759820841611,0.29768396456859514
25567,LOF,0.013728924264772725,0.15474577287233976,0.8315253028628874
25568,LOF,0.05014767609533685,0.06439458645552668,0.8854577374491365
25569,LOF,0.059553430190553924,0.05969277022486586,0.8807537995845802
25570,LOF,0.06305169382774561,0.0890545138480796,0.8478937923241748
25571,LOF,0.0560395288725206,0.08405832093347797,0.8599021501940015
25572,LOF,0.068748296807517,0.11001950577441212,0.821232197418071
25573,LOF,0.02410834315854825,0.0831292885701356,0.8927623682713162
25574,LOF,0.014412106611022218,0.1611984586778248,0.824389434711153
25575,LOF,0.04198158120738541,0.09810807618950582,0.8599103426031087
25576,LOF,0.019376799145925695,0.1000971534675712,0.880526047386503
25577,LOF,0.014656729314504334,0.10644918936665786,0.8788940813188378
25578,LOF,0.2347808787073079,0.07624853210296308,0.6889705891897291
25579,LOF,0.23501829839719304,0.07569908562182182,0.6892826159809851
25580,LOF,0.0299187182246743,0.06922835628167086,0.9008529254936548
25581,LOF,0.05319660027415748,0.06155182157850159,0.8852515781473409
25582,LOF,0.05280187678696987,0.06014146302955742,0.8870566601834726
25583,LOF,0.040237504539383497,0.07958978943875318,0.8801727060218633
25584,Neutral,0.4846517767013348,0.09348177036753298,0.42186645293113223
25585,LOF,0.040064123753550375,0.09253641561804214,0.8673994606284074
25586,LOF,0.02922571581076556,0.06733694086172899,0.9034373433275055
25587,LOF,0.02780671417662214,0.06205219163849595,0.9101410941848819
25588,LOF,0.02925888163322752,0.08115393701562076,0.8895871813511517
25589,Neutral,0.6422501843277121,0.1178332572693537,0.23991655840293413
25590,LOF,0.03128485368682945,0.10712455663880568,0.8615905896743649
25591,LOF,0.11284595165271326,0.052452218286011175,0.8347018300612756
25592,LOF,0.087289227664363,0.11578776761329039,0.7969230047223466
25593,LOF,0.020506741817124356,0.26123257775017833,0.7182606804326972
25594,LOF,0.04449211839597492,0.17797213898507613,0.7775357426189489
25595,LOF,0.04945238498564786,0.12315705726642606,0.827390557747926
25596,LOF,0.05579238854393751,0.06014229543095226,0.8840653160251103
25597,LOF,0.04939119281906204,0.07421541220190132,0.8763933949790367
25598,LOF,0.047719736084991395,0.11643659701802325,0.8358436668969853
25599,GOF,0.010132814606084757,0.7579504677297864,0.2319167176641289
25600,GOF,0.013810762405931376,0.5470475990831867,0.43914163851088206
25601,LOF,0.00731317905332508,0.4723255579391459,0.520361263007529
25602,LOF,0.025583333283614153,0.04718028893296069,0.927236377783425
25603,LOF,0.054444683039796445,0.03161655339704691,0.9139387635631566
25604,LOF,0.05967728387591904,0.03364011732548098,0.9066825987985999
25605,LOF,0.013912287667780182,0.2577677006842304,0.7283200116479895
25606,GOF,0.1029270662755258,0.46291402737096704,0.43415890635350707
25607,LOF,0.005780229295743459,0.1647131085884376,0.8295066621158188
25608,LOF,0.06520697152665454,0.05551855724776368,0.8792744712255819
25609,LOF,0.03760638794639589,0.43127134566335623,0.531122266390248
25610,LOF,0.03903505484690402,0.02807437928379202,0.9328905658693039
25611,LOF,0.04243388583302619,0.024653140049104544,0.9329129741178693
25612,LOF,0.1022955908208805,0.03542030222658053,0.862284106952539
25613,LOF,0.08248129794881832,0.03584246788514497,0.8816762341660367
25614,LOF,0.0293599310920218,0.03576705616585196,0.9348730127421262
25615,LOF,0.054823929503460773,0.03200350409859754,0.9131725663979418
25616,LOF,0.03170463244623446,0.03252771964293553,0.93576764791083
25617,LOF,0.03036240756569319,0.03968606789422933,0.9299515245400775
25618,LOF,0.175197509259573,0.033011969515043114,0.791790521225384
25619,LOF,0.030317047921476617,0.03177881085270727,0.9379041412258162
25620,LOF,0.03315335992345425,0.04198118559736572,0.92486545447918
25621,LOF,0.03372644777941649,0.028957776823592084,0.9373157753969914
25622,LOF,0.03640471212203353,0.037745123772235246,0.9258501641057313
25623,LOF,0.07680641752584014,0.02816128887337213,0.8950322936007876
25624,LOF,0.026441704466832656,0.04051177060886662,0.9330465249243007
25625,LOF,0.04195180596372409,0.04482089830059742,0.9132272957356784
25626,LOF,0.09096356223747169,0.029106948999232857,0.8799294887632954
25627,Neutral,0.5627397453729395,0.1307335966144341,0.30652665801262646
25628,LOF,0.16604101744849348,0.06824554000162128,0.7657134425498852
25629,LOF,0.07105765316651859,0.07741579639430864,0.8515265504391729
25630,LOF,0.14575195361738677,0.11019128514400914,0.7440567612386041
25631,Neutral,0.5576863865267021,0.09382081899303082,0.34849279448026704
25632,LOF,0.024098602366684714,0.060857805397498486,0.9150435922358168
25633,LOF,0.22781401165031542,0.0794417250301257,0.6927442633195589
25634,LOF,0.032066493325125116,0.11276447554754872,0.8551690311273262
25635,LOF,0.03617436297442006,0.08433052897190478,0.8794951080536751
25636,GOF,0.005470876579703408,0.581151452798223,0.4133776706220736
25637,GOF,0.005195351392601142,0.5631699229765337,0.43163472563086513
25638,LOF,0.009396829895930447,0.44785976206398115,0.5427434080400885
25639,LOF,0.004801022820176134,0.422897462751427,0.5723015144283969
25640,Neutral,0.48827544239267767,0.44199333444942135,0.06973122315790094
25641,LOF,0.007625742028983299,0.32721293982500094,0.6651613181460158
25642,LOF,0.24128212806355848,0.070367110588866,0.6883507613475754
25643,LOF,0.22145604235193095,0.20718178224368833,0.5713621754043807
25644,GOF,0.016063151286754118,0.6024953209514229,0.38144152776182294
25645,GOF,0.01646454096225922,0.5763978552204702,0.40713760381727054
25646,LOF,0.019775544877130097,0.37916144103047034,0.6010630140923995
25647,LOF,0.016914560347039684,0.29549968540707544,0.6875857542458849
25648,LOF,0.014614948969341377,0.3085218811956977,0.676863169834961
25649,LOF,0.01282635129906985,0.2601108377292303,0.7270628109716999
25650,GOF,0.0345906244174398,0.5928492640208805,0.3725601115616797
25651,LOF,0.010962217548519705,0.3261313899610495,0.6629063924904307
25652,LOF,0.016962464617632268,0.3080576719348923,0.6749798634474754
25653,LOF,0.07574492998200992,0.4211551478751157,0.5030999221428744
25654,LOF,0.014806612130501388,0.264285663086758,0.7209077247827406
25655,LOF,0.10933446316785714,0.42948960207159903,0.4611759347605439
25656,LOF,0.06021769132163524,0.07023874298709012,0.8695435656912746
25657,LOF,0.26650144760716443,0.03200391012099228,0.7014946422718433
25658,LOF,0.041985557574868576,0.07051974757888985,0.8874946948462415
25659,LOF,0.27438322480221644,0.04795039189396329,0.6776663833038203
25660,LOF,0.08096039063341642,0.10506459732528302,0.8139750120413005
25661,LOF,0.050395907748111465,0.07466128536806789,0.8749428068838206
25662,LOF,0.030011178804615558,0.045883432414967645,0.9241053887804168
25663,LOF,0.03973239601395694,0.07921437858873161,0.8810532253973116
25664,LOF,0.043169568764653554,0.08576947898321105,0.8710609522521353
25665,LOF,0.05500371656286,0.04915342004355456,0.8958428633935855
25666,LOF,0.039144170796900274,0.14386953749848883,0.8169862917046109
25667,LOF,0.02933180656991545,0.057624502392341424,0.9130436910377432
25668,LOF,0.03442150953128987,0.06405498404525313,0.901523506423457
25669,LOF,0.04165136708622953,0.10130402840552548,0.8570446045082449
25670,LOF,0.15820685979469298,0.06254236858235039,0.7792507716229566
25671,LOF,0.03986218878288779,0.052088741689740224,0.9080490695273721
25672,LOF,0.056524531134460876,0.07243600841862889,0.8710394604469103
25673,LOF,0.041609011502555915,0.0630404767065636,0.8953505117908804
25674,LOF,0.032520491957830515,0.07370133294773483,0.8937781750944347
25675,LOF,0.04393233843608779,0.055982216111774195,0.900085445452138
25676,LOF,0.032879249794361416,0.06451732228077046,0.902603427924868
25677,LOF,0.06340724402013664,0.06732570007700397,0.8692670559028592
25678,LOF,0.25083945207920294,0.049843406863744354,0.6993171410570528
25679,LOF,0.16372807999209812,0.06460158634997366,0.7716703336579281
25680,LOF,0.0663860871459356,0.1014264507288035,0.832187462125261
25681,LOF,0.10809115732555209,0.0918141206217606,0.8000947220526873
25682,LOF,0.04582149785800369,0.07712238938311372,0.8770561127588825
25683,LOF,0.0783495317636621,0.09504159419853828,0.8266088740377996
25684,LOF,0.0547619414198408,0.07407383943488828,0.8711642191452709
25685,LOF,0.11788004731917873,0.03146364489309133,0.8506563077877299
25686,LOF,0.03524616745785596,0.08116233663060905,0.883591495911535
25687,LOF,0.06450543920089001,0.07213358170624838,0.8633609790928617
25688,LOF,0.025558174438172827,0.10112866144603437,0.8733131641157929
25689,LOF,0.021126371593168027,0.06533583431729748,0.9135377940895345
25690,LOF,0.018707240197212895,0.08108796523550192,0.9002047945672853
25691,LOF,0.17270506141009873,0.1323470349396933,0.694947903650208
25692,LOF,0.25572276296989327,0.017020589432105923,0.7272566475980008
25693,LOF,0.05918231864739697,0.13556514609687534,0.8052525352557278
25694,LOF,0.2521746045369869,0.013058308867245735,0.7347670865957674
25695,LOF,0.16523192547160653,0.018385666493110724,0.8163824080352827
25696,LOF,0.16755717415758192,0.01019672069763062,0.8222461051447875
25697,LOF,0.13954690367817263,0.03420230874120525,0.8262507875806221
25698,LOF,0.02799054044431903,0.3311991772771898,0.6408102822784911
25699,LOF,0.07304745086134315,0.08101893921663135,0.8459336099220256
25700,LOF,0.029563638435064054,0.013381116574596692,0.9570552449903392
25701,LOF,0.011093111384183185,0.0821886031110607,0.9067182855047561
25702,GOF,0.03220017304324472,0.7020959981292775,0.26570382882747784
25703,LOF,0.020165711146401165,0.18572460669327062,0.7941096821603282
25704,LOF,0.08708724730108632,0.1645303293181466,0.748382423380767
25705,LOF,0.07356546415826909,0.23981795983247334,0.6866165760092575
25706,GOF,0.04238778527542934,0.5891201520682092,0.36849206265636136
25707,GOF,0.03801388935557319,0.6385579079220375,0.32342820272238937
25708,GOF,0.008280900613974383,0.5734272384545349,0.41829186093149073
25709,LOF,0.01946368318492444,0.08568001747931393,0.8948562993357616
25710,LOF,0.008478358300282056,0.173357475481189,0.8181641662185289
25711,LOF,0.021554657483823545,0.13874785770005257,0.8396974848161239
25712,LOF,0.008913533801124657,0.23610616791064032,0.7549802982882351
25713,LOF,0.019337642269747577,0.12459305362223169,0.8560693041080208
25714,LOF,0.021172477219760014,0.17151846394884374,0.8073090588313963
25715,LOF,0.019850910142799997,0.15055828471935923,0.8295908051378407
25716,LOF,0.013390042193793772,0.12656278595351472,0.8600471718526915
25717,LOF,0.0065188796354982825,0.1315296398365075,0.8619514805279942
25718,LOF,0.02010582164203246,0.09648871325124123,0.8834054651067264
25719,LOF,0.035317099889169645,0.11353511263745096,0.8511477874733794
25720,LOF,0.02719940637344274,0.10169391037241537,0.8711066832541419
25721,LOF,0.023399758828879784,0.11241235731128121,0.8641878838598391
25722,LOF,0.016332135215208158,0.1611059858461808,0.822561878938611
25723,LOF,0.022748993300784403,0.09626913602787979,0.8809818706713358
25724,LOF,0.02499156761786831,0.17533920538097947,0.7996692270011523
25725,LOF,0.021629683884103173,0.09163949998135155,0.8867308161345453
25726,LOF,0.016109868850970162,0.1267876600072715,0.8571024711417583
25727,LOF,0.021695142077629476,0.1167514866318418,0.8615533712905288
25728,LOF,0.020626738168331556,0.1253609855679455,0.854012276263723
25729,LOF,0.01970347297246105,0.1385777892960032,0.8417187377315357
25730,LOF,0.022635386231788315,0.09799042829869399,0.8793741854695176
25731,LOF,0.01154310845495427,0.18235276731913724,0.8061041242259085
25732,LOF,0.019500208430028372,0.12104859820514405,0.8594511933648276
25733,LOF,0.02758821839327655,0.11462545025576147,0.8577863313509619
25734,LOF,0.007245787568757156,0.22065064008345125,0.7721035723477917
25735,LOF,0.021511465406501493,0.08732312127019502,0.8911654133233033
25736,LOF,0.020092006307896506,0.1532216849502972,0.8266863087418063
25737,LOF,0.040351498884928755,0.12165426074110255,0.8379942403739686
25738,LOF,0.0219571810118915,0.17803777170548982,0.8000050472826187
25739,LOF,0.023466673571108296,0.15324678049497945,0.8232865459339124
25740,LOF,0.052087261954884535,0.17129808035203706,0.7766146576930784
25741,LOF,0.029357040374571583,0.1355374208361882,0.8351055387892403
25742,LOF,0.04831462206377677,0.1403499916527978,0.8113353862834254
25743,LOF,0.01274450718661802,0.027233449054651984,0.9600220437587299
25744,LOF,0.178113525058934,0.29540748464729627,0.5264789902937698
25745,LOF,0.03023204429498929,0.10760890942235317,0.8621590462826575
25746,LOF,0.013802108383778695,0.1554824147995896,0.8307154768166317
25747,LOF,0.031005080810970337,0.027183669321038332,0.9418112498679914
25748,LOF,0.27199918284193997,0.05011916800502227,0.6778816491530377
25749,LOF,0.01275783796353775,0.09298854094715175,0.8942536210893105
25750,LOF,0.01611803050228743,0.09850827333420038,0.8853736961635122
25751,LOF,0.043872578559937994,0.04456537743522745,0.9115620440048345
25752,GOF,0.09314715929720428,0.6839888127298611,0.22286402797293464
25753,LOF,0.006970471391968704,0.3809013820638679,0.6121281465441634
25754,GOF,0.007556417624491096,0.8569481395900111,0.13549544278549774
25755,LOF,0.00819103433476625,0.42883199777442405,0.5629769678908096
25756,LOF,0.04768482651080914,0.41514590308470056,0.5371692704044904
25757,GOF,0.007539684664957285,0.8636004418113744,0.1288598735236683
25758,GOF,0.008789573154005073,0.8811879306462825,0.11002249619971237
25759,GOF,0.00565388789376802,0.5866357669214933,0.40771034518473875
25760,LOF,0.005694792343849601,0.3007702162541539,0.6935349914019965
25761,GOF,0.052282314295684425,0.8539296611553401,0.09378802454897536
25762,LOF,0.02724682291054438,0.343088132924414,0.6296650441650417
25763,LOF,0.0065551334174012614,0.2874274225165609,0.7060174440660378
25764,GOF,0.0699119849964934,0.6436312872521176,0.28645672775138903
25765,GOF,0.007896707644152868,0.8569475785318963,0.1351557138239507
25766,GOF,0.03979169768560663,0.8088741796898321,0.15133412262456125
25767,GOF,0.011085768958051724,0.5537897777077547,0.4351244533341937
25768,LOF,0.03544958660362376,0.06905000643379619,0.8955004069625799
25769,LOF,0.024080516252094623,0.0970280130604671,0.8788914706874383
25770,LOF,0.17431222512460887,0.07675094476497948,0.7489368301104116
25771,LOF,0.016735156143149063,0.07665386795038984,0.906610975906461
25772,LOF,0.024593665719933128,0.037812898644617794,0.9375934356354491
25773,LOF,0.020520491434665555,0.06601678796523897,0.9134627206000956
25774,LOF,0.029411352820803007,0.11436355395059201,0.856225093228605
25775,LOF,0.02630948193280117,0.04496320982693244,0.9287273082402664
25776,LOF,0.02631039733371076,0.03281802692979308,0.9408715757364962
25777,LOF,0.2578133931356544,0.0844702404936437,0.6577163663707019
25778,LOF,0.01911762294945529,0.0732080056522104,0.9076743713983342
25779,GOF,0.037207149157205,0.8841360037866877,0.07865684705610733
25780,GOF,0.06253564996253494,0.8797827057975361,0.05768164423992892
25781,GOF,0.03134375385638351,0.8672493021704129,0.10140694397320361
25782,GOF,0.02879610995652453,0.9051054471690848,0.06609844287439061
25783,GOF,0.024736904586554434,0.9132470348459812,0.06201606056746439
25784,GOF,0.081483071878339,0.8704724285825439,0.04804449953911711
25785,GOF,0.07887928322835747,0.876619170455672,0.0445015463159706
25786,GOF,0.009251953644622678,0.8772405589294843,0.113507487425893
25787,GOF,0.16956729723923242,0.7800669573275645,0.050365745433203206
25788,LOF,0.015422969608172127,0.17929202457737065,0.8052850058144572
25789,GOF,0.016792009540962514,0.8561926706173905,0.12701531984164702
25790,GOF,0.019333667044192426,0.8748867677629045,0.10577956519290305
25791,GOF,0.02156925560515539,0.8124025802727103,0.16602816412213423
25792,GOF,0.024328919978824283,0.8347113499333665,0.1409597300878093
25793,GOF,0.06678300102637663,0.8411061773919722,0.09211082158165113
25794,GOF,0.048107033479619796,0.7921940993712169,0.15969886714916326
25795,GOF,0.043433322159269074,0.7703697627663489,0.18619691507438194
25796,GOF,0.08523512409537624,0.823819365683834,0.09094551022078967
25797,GOF,0.06163573952905,0.7698714629989907,0.1684927974719595
25798,GOF,0.004619918284943206,0.7742741464552634,0.22110593525979333
25799,GOF,0.003893714069409912,0.7201987466409264,0.2759075392896637
25800,GOF,0.022153121019581435,0.8329024151493172,0.1449444638311013
25801,GOF,0.016810038776939713,0.8852734853117786,0.09791647591128169
25802,GOF,0.027468045085722474,0.8423223914488731,0.13020956346540438
25803,GOF,0.018999079200773365,0.7278555704194662,0.2531453503797603
25804,GOF,0.027049262181881566,0.7690592093202272,0.20389152849789113
25805,GOF,0.029287522174627982,0.8094159306086971,0.16129654721667486
25806,GOF,0.027256316626856333,0.8075721839073151,0.16517149946582857
25807,GOF,0.007945473470752702,0.7591543180472137,0.23290020848203363
25808,GOF,0.017414671256882258,0.7840255376355681,0.19855979110754962
25809,GOF,0.01049789475895096,0.7695969037233881,0.21990520151766094
25810,GOF,0.008321908039611288,0.7599588986487421,0.23171919331164653
25811,GOF,0.039062601766873414,0.8853875856725827,0.07554981256054392
25812,GOF,0.02994074359216804,0.8024426560313147,0.16761660037651716
25813,GOF,0.1151164306271637,0.8081481017370638,0.0767354676357724
25814,GOF,0.029480068222254536,0.8114826574005991,0.15903727437714624
25815,GOF,0.053745464672513066,0.8386051525072186,0.1076493828202685
25816,GOF,0.009457054691162465,0.8510265277165036,0.139516417592334
25817,GOF,0.09028797848050801,0.827095074273258,0.08261694724623392
25818,GOF,0.022704406854941333,0.8123418441751671,0.16495374896989168
25819,GOF,0.05954276762390215,0.7767583217226324,0.16369891065346556
25820,GOF,0.030957068627614215,0.736957664575844,0.23208526679654184
25821,GOF,0.02135009698743523,0.7511474390396902,0.22750246397287466
25822,GOF,0.03758533839531301,0.7483430713575122,0.21407159024717468
25823,GOF,0.02348472445846799,0.7299087448041216,0.24660653073741046
25824,GOF,0.023248530332420414,0.7860372212542946,0.1907142484132848
25825,GOF,0.019034933563843726,0.7719901811577231,0.2089748852784331
25826,GOF,0.007635655935884349,0.7256385123468423,0.26672583171727343
25827,GOF,0.012068222621785862,0.7274748542107555,0.26045692316745855
25828,GOF,0.008751264184742867,0.7475546910486031,0.24369404476665407
25829,GOF,0.003774401939316556,0.6860286501833709,0.3101969478773125
25830,LOF,0.03435651485815922,0.47112787152165003,0.4945156136201907
25831,GOF,0.04844443941855579,0.8081567890396434,0.14339877154180072
25832,GOF,0.008401362934054142,0.7561709324763592,0.2354277045895865
25833,GOF,0.03211992655941548,0.817091479499335,0.15078859394124958
25834,GOF,0.009541220544644798,0.7741931497190341,0.21626562973632124
25835,GOF,0.02519580801486449,0.8425034829092178,0.13230070907591762
25836,GOF,0.006348419931471908,0.7732884570616319,0.22036312300689617
25837,GOF,0.007932144043967908,0.7865111142126622,0.20555674174336988
25838,GOF,0.022652927126778896,0.8471173716500263,0.1302297012231947
25839,GOF,0.04733039397159618,0.819736858293957,0.13293274773444688
25840,GOF,0.06800672738000649,0.8144997117692232,0.11749356085077017
25841,GOF,0.06582324537611729,0.8324917464488284,0.10168500817505453
25842,GOF,0.029543629451372934,0.8897431768892005,0.08071319365942652
25843,GOF,0.02546952929115345,0.8888865513356885,0.08564391937315792
25844,GOF,0.016351339936726418,0.8406574791266453,0.14299118093662824
25845,GOF,0.006146169241162366,0.7677783873864494,0.2260754433723883
25846,GOF,0.05928771983958154,0.8326170586112219,0.1080952215491966
25847,GOF,0.018142219851139958,0.8872434249115169,0.09461435523734325
25848,GOF,0.020067616746514617,0.8406147569937721,0.13931762625971342
25849,GOF,0.0072073075747892,0.834789971919375,0.1580027205058358
25850,GOF,0.0058867674897263925,0.7259250577520039,0.26818817475826967
25851,GOF,0.005586070782227816,0.6831143747505816,0.3112995544671905
25852,GOF,0.13862035698431968,0.5984967284762235,0.26288291453945667
25853,GOF,0.07333316102828262,0.8104000011729482,0.1162668377987693
25854,GOF,0.0054700052374813445,0.7351432704132073,0.2593867243493114
25855,GOF,0.02231288083154719,0.7257522951937839,0.25193482397466876
25856,GOF,0.04421525315666383,0.8083496821554396,0.1474350646878966
25857,GOF,0.023331096925531227,0.741175737801335,0.2354931652731338
25858,GOF,0.009990820123747695,0.7499397965702285,0.24006938330602373
25859,GOF,0.007729937652129433,0.7486827908278136,0.24358727152005705
25860,GOF,0.07343579432782887,0.8196001876932002,0.10696401797897101
25861,GOF,0.07815111385345215,0.8252195701167638,0.09662931602978414
25862,GOF,0.020847971225552923,0.8913866048377469,0.0877654239367001
25863,GOF,0.022965560705917706,0.8790607181733728,0.0979737211207095
25864,GOF,0.05888214714570834,0.8892073169667132,0.051910535887578525
25865,GOF,0.04024738783198101,0.8678899250609585,0.09186268710706039
25866,GOF,0.025526178311724188,0.8756098034852269,0.09886401820304895
25867,GOF,0.03943909830426921,0.8746400373999301,0.08592086429580072
25868,GOF,0.056334998146865295,0.8302475215936779,0.11341748025945685
25869,GOF,0.3385875274544022,0.5870341733190475,0.07437829922655023
25870,GOF,0.05440762490160008,0.5715688048757758,0.37402357022262406
25871,GOF,0.009759610586667593,0.8684937287411675,0.1217466606721649
25872,GOF,0.019018566950651666,0.858970670489502,0.12201076255984641
25873,GOF,0.01912823928051275,0.8838538238374668,0.09701793688202036
25874,LOF,0.016194044158441286,0.20993961653955084,0.773866339302008
25875,LOF,0.030795185854365612,0.05388428939826889,0.9153205247473656
25876,LOF,0.018849895279408873,0.029800502005079978,0.9513496027155111
25877,LOF,0.10054397635255514,0.08043324232250455,0.8190227813249402
25878,LOF,0.06879334931750883,0.1234153324443085,0.8077913182381826
25879,LOF,0.01721528544886255,0.0895375719510003,0.8932471426001372
25880,LOF,0.0647944441617288,0.011975518132285696,0.9232300377059856
25881,Neutral,0.4789948886291023,0.06823205393955212,0.4527730574313456
25882,LOF,0.061185954709601344,0.025003356620449245,0.9138106886699495
25883,LOF,0.026508600366636527,0.03426425078463907,0.9392271488487244
25884,LOF,0.017533644742054263,0.06459897941447526,0.9178673758434704
25885,LOF,0.1909201179116394,0.011872337313861617,0.7972075447744991
25886,LOF,0.26849049108152484,0.07076308353044217,0.660746425388033
25887,LOF,0.12791057697149022,0.07449461220728522,0.7975948108212245
25888,LOF,0.008719402780908323,0.1212693928787433,0.8700112043403484
25889,LOF,0.023910913626436246,0.042783962141837335,0.9333051242317264
25890,LOF,0.17229959448572132,0.08525001097466423,0.7424503945396144
25891,LOF,0.11196050506698452,0.027933564842620738,0.8601059300903948
25892,LOF,0.009701633202417495,0.03350573153842432,0.9567926352591581
25893,LOF,0.3938607150391391,0.008818448724105154,0.5973208362367557
25894,LOF,0.41233556801066334,0.0063749115732731725,0.5812895204160635
25895,LOF,0.3642121458774563,0.012264315977609614,0.6235235381449341
25896,LOF,0.0708206891264576,0.028270906095615785,0.9009084047779266
25897,LOF,0.16231184497466644,0.009727711418754765,0.8279604436065787
25898,LOF,0.1331896791577668,0.03688190845323306,0.8299284123890001
25899,LOF,0.42793976379826765,0.028403949153653567,0.5436562870480788
25900,Neutral,0.5120001589733417,0.008347978963413666,0.47965186206324456
25901,LOF,0.06390716510950598,0.012102075958272326,0.9239907589322217
25902,LOF,0.16966312038524653,0.012215958302696114,0.8181209213120574
25903,LOF,0.3759370697978374,0.027738135952687405,0.5963247942494752
25904,Neutral,0.5253259166311025,0.041496534847505415,0.43317754852139223
25905,LOF,0.007093187621912905,0.4945660313955623,0.4983407809825248
25906,LOF,0.007877388477740227,0.09972342864383406,0.8923991828784257
25907,LOF,0.006948553173210046,0.3344416808090596,0.6586097660177304
25908,LOF,0.006062670845416091,0.3205778970320592,0.6733594321225247
25909,LOF,0.030422385544582767,0.14315367665379938,0.8264239378016179
25910,LOF,0.011411986864804468,0.1355965298659622,0.8529914832692334
25911,LOF,0.22553075924765215,0.08006620011731873,0.6944030406350291
25912,LOF,0.10322794892481468,0.04463780649367285,0.8521342445815124
25913,LOF,0.02452596801938198,0.08219397070357048,0.8932800612770475
25914,LOF,0.03803933989546945,0.03239794794494909,0.9295627121595815
25915,LOF,0.18257227671051676,0.1483282490796657,0.6690994742098175
25916,LOF,0.027161667371065377,0.06709216455280766,0.905746168076127
25917,LOF,0.07684436993622669,0.02758692674121412,0.8955687033225593
25918,LOF,0.041936106810602385,0.018034042942874487,0.9400298502465231
25919,LOF,0.03742115235909561,0.01743402691708806,0.9451448207238163
25920,LOF,0.3477470671125655,0.26722796430650897,0.3850249685809255
25921,LOF,0.015532480471348725,0.042209229072909166,0.942258290455742
25922,LOF,0.01713007662497336,0.043449047888316286,0.9394208754867104
25923,LOF,0.43850615900993833,0.037775005993147384,0.5237188349969142
25924,LOF,0.026527189179009092,0.0580865811658108,0.91538622965518
25925,LOF,0.08999212260994159,0.05201571121586542,0.857992166174193
25926,LOF,0.06961550613970444,0.048364123202667565,0.882020370657628
25927,LOF,0.020988737100872863,0.08735935772400284,0.8916519051751243
25928,LOF,0.010626557084482003,0.057821173296964165,0.931552269618554
25929,Neutral,0.5702626894334812,0.03578225691757614,0.39395505364894257
25930,LOF,0.07183240830490677,0.038288395711614166,0.8898791959834791
25931,LOF,0.013485339299388962,0.04221691800620334,0.9442977426944077
25932,LOF,0.06387994051631236,0.0420834472659159,0.8940366122177719
25933,LOF,0.06304248093188647,0.023335974522422552,0.913621544545691
25934,LOF,0.05458297596056865,0.02351376941017921,0.9219032546292522
25935,LOF,0.08079282061270854,0.06249552732196958,0.8567116520653218
25936,LOF,0.102582783880919,0.024221156936322694,0.8731960591827582
25937,LOF,0.022627982384952342,0.03078689328870494,0.9465851243263427
25938,LOF,0.07730043900746204,0.051863133263983514,0.8708364277285544
25939,LOF,0.0495040727984123,0.03232416216709758,0.91817176503449
25940,LOF,0.008850647344355967,0.4634449300585396,0.5277044225971045
25941,LOF,0.4699494006070813,0.050812848912367724,0.479237750480551
25942,LOF,0.010443050198566365,0.056364864585992415,0.9331920852154413
25943,LOF,0.04176058549570058,0.19478335878813738,0.763456055716162
25944,LOF,0.043442895797764995,0.08688076703800561,0.8696763371642294
25945,LOF,0.13007112568894366,0.037092789977941826,0.8328360843331144
25946,LOF,0.06404809760602344,0.04221922875475504,0.8937326736392215
25947,Neutral,0.5374456723054424,0.06895151030671903,0.3936028173878386
25948,LOF,0.4232020147568167,0.02215055658392175,0.5546474286592615
25949,LOF,0.15007602600720862,0.08484971093815655,0.7650742630546349
25950,GOF,0.06269307545933434,0.48551495565759534,0.45179196888307044
25951,LOF,0.015148075792380821,0.39511991166171023,0.5897320125459089
25952,LOF,0.2499201898649367,0.20587526334452746,0.5442045467905359
25953,LOF,0.008413120957899914,0.2292903322493193,0.7622965467927807
25954,LOF,0.08117348697705745,0.32443579646905063,0.5943907165538919
25955,LOF,0.007363742192057213,0.2257909644953218,0.766845293312621
25956,LOF,0.014493309037506551,0.2934610623820025,0.6920456285804909
25957,LOF,0.1672834043241841,0.03066743360352326,0.8020491620722927
25958,LOF,0.031064192938319305,0.06666177278546942,0.9022740342762112
25959,GOF,0.007019642018909373,0.801614010594327,0.19136634738676367
25960,LOF,0.005225907958019692,0.10079094228680556,0.8939831497551748
25961,LOF,0.02914946900854534,0.052884925421749,0.9179656055697056
25962,LOF,0.045828670444272725,0.08710725294521336,0.867064076610514
25963,LOF,0.0067091386887891446,0.15508630742065682,0.838204553890554
25964,LOF,0.02778603650333666,0.12353886224083893,0.8486751012558243
25965,LOF,0.24526590811103588,0.13047146988328048,0.6242626220056836
25966,LOF,0.3926803501808781,0.09132919553051354,0.5159904542886083
25967,LOF,0.007827972898768262,0.06922203644482135,0.9229499906564104
25968,LOF,0.041195729325082336,0.21173745582439127,0.7470668148505264
25969,LOF,0.16253249515598592,0.04948198572949988,0.7879855191145142
25970,LOF,0.07522907582275583,0.07223338663964982,0.8525375375375943
25971,LOF,0.0832059442125639,0.034264934724718546,0.8825291210627175
25972,LOF,0.076648924139053,0.06344229846902642,0.8599087773919205
25973,LOF,0.06617662095078802,0.009826838733910525,0.9239965403153015
25974,LOF,0.0361410305095073,0.04135655327325338,0.9225024162172393
25975,LOF,0.040808752743397333,0.017711073367350724,0.941480173889252
25976,LOF,0.09018378031866203,0.012129365943607594,0.8976868537377304
25977,LOF,0.2611300773146051,0.0530246883777559,0.685845234307639
25978,LOF,0.1794006982619001,0.13046027799619467,0.6901390237419052
25979,LOF,0.14770329637626964,0.14733012065343426,0.7049665829702962
25980,LOF,0.24322192847255242,0.19393185021756706,0.5628462213098805
25981,LOF,0.24536132417949655,0.19602157051514701,0.5586171053053564
25982,LOF,0.43221979492042667,0.09666880040027441,0.47111140467929885
25983,Neutral,0.44350926201182683,0.11644077296047806,0.4400499650276951
25984,LOF,0.044621226806285635,0.0816163692674884,0.873762403926226
25985,LOF,0.4298908682044826,0.12537499513020164,0.4447341366653157
25986,LOF,0.01215342909344133,0.46627625996612604,0.5215703109404327
25987,LOF,0.0451852962266723,0.09418414496916946,0.8606305588041582
25988,LOF,0.043930394928884946,0.13478298965023136,0.8212866154208837
25989,LOF,0.04990207614906235,0.1688798522611309,0.7812180715898067
25990,LOF,0.04308379138609449,0.2742294039814794,0.6826868046324263
25991,GOF,0.025258848510781775,0.49729273814518843,0.4774484133440297
25992,LOF,0.019066083334585652,0.4544474785825654,0.5264864380828489
25993,LOF,0.02626984478201174,0.07308341986496027,0.9006467353530281
25994,LOF,0.023278550605719817,0.0773032642625106,0.8994181851317695
25995,LOF,0.01940145812524274,0.13767040924440016,0.8429281326303572
25996,Neutral,0.40360150309765935,0.350054219165766,0.2463442777365747
25997,LOF,0.07069218532412302,0.4277535825932622,0.5015542320826147
25998,LOF,0.26795105232043653,0.03925926760198934,0.6927896800775741
25999,LOF,0.03871490305622517,0.11296957930967826,0.8483155176340966
26000,LOF,0.14355557302302607,0.018400338317530504,0.8380440886594435
26001,LOF,0.24247232620552772,0.01941708578030648,0.7381105880141658
26002,LOF,0.128296758442208,0.02793103969896965,0.8437722018588223
26003,GOF,0.007221184038800418,0.6282213749913055,0.36455744096989406
26004,GOF,0.01676499235255839,0.6421163999131161,0.3411186077343254
26005,LOF,0.005115580650064507,0.4764501791997835,0.518434240150152
26006,GOF,0.09591298063333517,0.5211387510978247,0.38294826826884015
26007,GOF,0.010741095983467954,0.5228976090194538,0.46636129499707824
26008,GOF,0.005543981651005458,0.5951094891333167,0.3993465292156778
26009,GOF,0.010762339713724724,0.6184395141540392,0.37079814613223605
26010,GOF,0.010486954166811452,0.5856421901262185,0.40387085570696996
26011,LOF,0.00391530821098515,0.4319952251127581,0.5640894666762566
26012,GOF,0.004715604383961287,0.5755923933270249,0.41969200228901377
26013,GOF,0.010736286960322096,0.5626309047816519,0.426632808258026
26014,LOF,0.06231896162153048,0.11677163317271498,0.8209094052057545
26015,LOF,0.3762966776090267,0.04414229712466216,0.5795610252663113
26016,LOF,0.2795070344161594,0.0657113352840621,0.6547816302997785
26017,LOF,0.012743862634504634,0.2710849634896916,0.7161711738758039
26018,LOF,0.02470875323806621,0.0935872424465315,0.8817040043154023
26019,LOF,0.024217280026096456,0.08148552197338609,0.8942971980005174
26020,LOF,0.007580107878824072,0.25440210789441076,0.7380177842267651
26021,LOF,0.07166902445737217,0.11871984679648029,0.8096111287461476
26022,LOF,0.036295190558337354,0.044623155076510955,0.9190816543651518
26023,LOF,0.01985997102400788,0.06652382341602914,0.9136162055599629
26024,LOF,0.052215670633810204,0.09262475551445572,0.855159573851734
26025,LOF,0.11114806201589193,0.1121637126193214,0.7766882253647867
26026,LOF,0.11535027696186351,0.09074561788216451,0.793904105155972
26027,LOF,0.024578649609959004,0.03959335953417276,0.9358279908558681
26028,LOF,0.08420040954217295,0.18801185352966873,0.7277877369281582
26029,LOF,0.023561436699662746,0.16212321518435668,0.8143153481159806
26030,LOF,0.13013949751804074,0.020339850409324726,0.8495206520726344
26031,LOF,0.009670133121941375,0.12762036533739685,0.8627095015406618
26032,LOF,0.036088059358498265,0.03723336936840424,0.9266785712730975
26033,LOF,0.037630347713626125,0.03914191645367118,0.9232277358327026
26034,LOF,0.01525450114981352,0.10620072954540516,0.8785447693047813
26035,LOF,0.013120314788354943,0.10105385651636575,0.8858258286952793
26036,LOF,0.011935014055007633,0.08603692979637279,0.9020280561486196
26037,LOF,0.011144985273642254,0.09289428894608472,0.895960725780273
26038,LOF,0.030280879685999074,0.03424458597212597,0.9354745343418749
26039,LOF,0.034661253825397004,0.11541808401484413,0.8499206621597588
26040,LOF,0.08065557193947132,0.11139135427869734,0.8079530737818313
26041,LOF,0.014915255556223507,0.08912918260747739,0.895955561836299
26042,LOF,0.014921675360039714,0.09344465604939768,0.8916336685905625
26043,LOF,0.030298337750244795,0.05205064369615032,0.9176510185536049
26044,LOF,0.00956336392692224,0.0388241025391037,0.951612533533974
26045,LOF,0.07227568313693584,0.1137837197133279,0.8139405971497362
26046,LOF,0.027627034725101886,0.04091844426598278,0.9314545210089155
26047,LOF,0.05226952371904474,0.04098252113912199,0.9067479551418334
26048,LOF,0.08191391144515324,0.017140908672404226,0.9009451798824426
26049,Neutral,0.9408240864482377,0.006442881168899223,0.05273303238286312
26050,Neutral,0.9060820508528035,0.006771586532920885,0.0871463626142757
26051,LOF,0.02465970834848895,0.0555139777628779,0.919826313888633
26052,LOF,0.030604548731186437,0.050012727161105976,0.9193827241077076
26053,LOF,0.022727205242227155,0.12237183090089435,0.8549009638568786
26054,LOF,0.048830359020368405,0.04118868338616569,0.909980957593466
26055,LOF,0.07470742077988149,0.035683050499073526,0.8896095287210449
26056,LOF,0.06185426969414973,0.04642607661055334,0.8917196536952969
26057,LOF,0.05844253881154919,0.02268857546648055,0.9188688857219703
26058,LOF,0.06269917030827199,0.017836551755356287,0.9194642779363719
26059,LOF,0.2051095835576495,0.038517510043418426,0.7563729063989321
26060,LOF,0.02582919119940203,0.19091103596861206,0.7832597728319859
26061,LOF,0.012589868565723443,0.013474140032801327,0.9739359914014754
26062,LOF,0.006642577106777414,0.02206118263671946,0.9712962402565031
26063,LOF,0.03966354979096128,0.018359151698151045,0.9419772985108877
26064,LOF,0.01575105442453577,0.02164909221291775,0.9625998533625465
26065,LOF,0.049068742273793535,0.022609116039191926,0.9283221416870145
26066,LOF,0.03568527895475759,0.016773438901448324,0.9475412821437941
26067,LOF,0.040701383268791774,0.01775920783064987,0.9415394089005584
26068,LOF,0.05675223433345255,0.052818347142355206,0.8904294185241922
26069,LOF,0.29878968050204396,0.03838505406004273,0.6628252654379133
26070,Neutral,0.5602043077680466,0.02287177819866959,0.4169239140332838
26071,LOF,0.04288655384837693,0.020232601900272658,0.9368808442513504
26072,LOF,0.008310047957145676,0.025096250039888506,0.9665937020029659
26073,LOF,0.03479873297672661,0.02171879798776624,0.943482469035507
26074,Neutral,0.8621824169971534,0.012772191047027238,0.12504539195581935
26075,LOF,0.05904759445029071,0.029691453324799305,0.9112609522249101
26076,LOF,0.049112597238813775,0.017725410889359264,0.9331619918718269
26077,LOF,0.15136409713073187,0.010142899298648683,0.8384930035706194
26078,LOF,0.007145563858985845,0.021168214880625685,0.9716862212603884
26079,LOF,0.0662829635736628,0.029540031040510825,0.9041770053858263
26080,LOF,0.06519624170234409,0.029622739998922957,0.905181018298733
26081,LOF,0.03198845169565996,0.014578917865426026,0.953432630438914
26082,LOF,0.005856763756499256,0.022980084916014155,0.9711631513274865
26083,LOF,0.10102587154894599,0.03156782088459678,0.8674063075664573
26084,LOF,0.10203210720062264,0.02642766214654684,0.8715402306528306
26085,LOF,0.08879073941105033,0.022077954351846424,0.8891313062371032
26086,LOF,0.03560082172640073,0.02069144141082438,0.9437077368627749
26087,LOF,0.03388300529716098,0.015791291829684168,0.9503257028731548
26088,LOF,0.007282142814957313,0.029821195478260107,0.9628966617067826
26089,LOF,0.0448631943823246,0.04806883584307619,0.9070679697745992
26090,LOF,0.04555945977875198,0.036558998349250756,0.9178815418719972
26091,LOF,0.026803805137092112,0.012905867870186345,0.9602903269927214
26092,LOF,0.0402345431938462,0.013732045844767752,0.946033410961386
26093,LOF,0.0761130254491943,0.009576650049459528,0.9143103245013462
26094,LOF,0.031256795074182796,0.012506177958626527,0.9562370269671908
26095,LOF,0.021465972509959793,0.0229773410875593,0.9555566864024809
26096,LOF,0.19734629930008593,0.006527307917382205,0.7961263927825318
26097,LOF,0.007315504804750895,0.055353817806221804,0.9373306773890272
26098,LOF,0.1240330481839568,0.025698345383591132,0.8502686064324521
26099,LOF,0.03501117358006238,0.031227544964780914,0.9337612814551568
26100,LOF,0.03501117358006238,0.031227544964780914,0.9337612814551568
26101,LOF,0.054602587940261314,0.05025473462894459,0.8951426774307941
26102,LOF,0.031023405101828456,0.026852013194484912,0.9421245817036866
26103,Neutral,0.8900715379401694,0.03458520475717021,0.07534325730266055
26104,LOF,0.060645681092876276,0.05259349356298042,0.8867608253441434
26105,LOF,0.2583358073685201,0.11854152611673141,0.6231226665147485
26106,LOF,0.3115580169321527,0.060423871614237824,0.6280181114536095
26107,LOF,0.021985554164327036,0.0794482856047285,0.8985661602309444
26108,LOF,0.2748525898473676,0.04098570004158097,0.6841617101110514
26109,LOF,0.08620010127725786,0.030300914778998028,0.8834989839437442
26110,LOF,0.4289113485226549,0.01258635745445634,0.5585022940228889
26111,LOF,0.05859320741125823,0.11973244040934714,0.8216743521793946
26112,LOF,0.04623622139564295,0.01143816693641404,0.9423256116679429
26113,LOF,0.1017154871151156,0.027280492836933085,0.8710040200479514
26114,LOF,0.09543655898285172,0.006584302409496933,0.8979791386076514
26115,LOF,0.015014042193614182,0.044927636395049333,0.9400583214113364
26116,LOF,0.07876118839752615,0.01952043455748545,0.9017183770449885
26117,LOF,0.34032177471974623,0.04334975164968461,0.6163284736305691
26118,LOF,0.04842115904555652,0.019210751118565277,0.9323680898358783
26119,LOF,0.005864520319825691,0.10047857662879081,0.8936569030513835
26120,LOF,0.035204230714682434,0.019716952692694727,0.9450788165926228
26121,LOF,0.0032054701060029393,0.15675189426112215,0.840042635632875
