feature0,prediction,LoGoFunc_Neutral,LoGoFunc_GOF,LoGoFunc_LOF
25546,Neutral,0.777239587433286,0.023761912097773875,0.19899850046894008
25547,Neutral,0.6540465692909541,0.04681618851789195,0.2991372421911539
25548,Neutral,0.6285535911938676,0.03775304483953488,0.3336933639665975
25549,Neutral,0.5476418677415572,0.03988582438246217,0.41247230787598066
25550,LOF,0.3572978013840991,0.09389127154947745,0.5488109270664234
25551,LOF,0.3027418886157355,0.10874104237012563,0.5885170690141389
25552,LOF,0.19119348461728808,0.11268381628843825,0.6961226990942737
25553,Neutral,0.8264978004196448,0.029227492877710884,0.14427470670264428
25554,LOF,0.23569728606864546,0.10512858058781892,0.6591741333435356
25555,LOF,0.18445426210236787,0.08475544282051962,0.7307902950771125
25556,LOF,0.43312235300569296,0.08542274841929852,0.4814548985750085
25557,LOF,0.18118027182642926,0.09652153554477136,0.7222981926287994
25558,LOF,0.23702779401503554,0.1089865118092903,0.6539856941756742
25559,LOF,0.3699758521495351,0.05664701597060993,0.573377131879855
25560,LOF,0.05782852080221889,0.19386162376239316,0.748309855435388
25561,LOF,0.11223791578580045,0.21514105066936753,0.672621033544832
25562,LOF,0.09963678650618207,0.09164785521647151,0.8087153582773463
25563,LOF,0.11162295174729571,0.09653045470158717,0.7918465935511172
25564,LOF,0.15182993200283462,0.19402825998446083,0.6541418080127046
25565,LOF,0.12938030518727625,0.1721619608084302,0.6984577340042936
25566,GOF,0.014268505591875742,0.7001252906047908,0.2856062038033335
25567,LOF,0.012281076197201845,0.11979342209969354,0.8679255017031047
25568,LOF,0.04826572908745142,0.05571652054989377,0.8960177503626549
25569,LOF,0.05865785743185719,0.052674116724420295,0.8886680258437225
25570,LOF,0.06605242041353962,0.09041725600076973,0.8435303235856907
25571,LOF,0.059692329742266376,0.08353940817132667,0.8567682620864069
25572,LOF,0.0605212907985138,0.12358372728653276,0.8158949819149534
25573,LOF,0.026246451486454537,0.08167981130364371,0.8920737372099017
25574,LOF,0.016699219843101815,0.13666753135720067,0.8466332487996975
25575,LOF,0.048742468901373466,0.09530634400945119,0.8559511870891753
25576,LOF,0.017276276181872777,0.10441816830562646,0.8783055555125007
25577,LOF,0.01420764247741766,0.12790764090701065,0.8578847166155716
25578,LOF,0.2418711736335485,0.07405699350215644,0.6840718328642951
25579,LOF,0.24273445581772518,0.07363382048899078,0.683631723693284
25580,LOF,0.035165677460229465,0.07398760573542394,0.8908467168043466
25581,LOF,0.0497398227753026,0.058188206615746065,0.8920719706089514
25582,LOF,0.04949712059722871,0.05551077648521212,0.8949921029175593
25583,LOF,0.0449459318907486,0.08448094469005485,0.8705731234191966
25584,LOF,0.4521099346158364,0.07495488816038813,0.47293517722377554
25585,LOF,0.03694898599767725,0.0936502143549029,0.8694007996474199
25586,LOF,0.0412818306999393,0.0718152420454185,0.8869029272546423
25587,LOF,0.03610834230510138,0.06606589482156629,0.8978257628733323
25588,LOF,0.03671237095378246,0.09113240810552269,0.8721552209406949
25589,Neutral,0.6193040433375517,0.08998004260835742,0.2907159140540909
25590,LOF,0.030298038066568965,0.12224748132682088,0.8474544806066101
25591,LOF,0.11515191969062888,0.0450420527007077,0.8398060276086634
25592,LOF,0.10832208465861705,0.12717496688929197,0.7645029484520909
25593,LOF,0.01829904538312946,0.23826177456974618,0.7434391800471244
25594,LOF,0.03797902376360805,0.19312321893886783,0.7688977572975241
25595,LOF,0.05700457663013963,0.15342597098277438,0.7895694523870861
25596,LOF,0.059497668665776104,0.09247992331944926,0.8480224080147746
25597,LOF,0.06134290153550232,0.07089043724285328,0.8677666612216445
25598,LOF,0.046818618937693506,0.18943846324905603,0.7637429178132504
25599,GOF,0.006407896825585783,0.7074589097903897,0.2861331933840245
25600,GOF,0.008549791232355365,0.5669509219334365,0.42449928683420807
25601,LOF,0.006558196536997376,0.44984333967765333,0.5435984637853493
25602,LOF,0.022872956407740955,0.06471835314365375,0.9124086904486053
25603,LOF,0.03714000873308617,0.032055834512066284,0.9308041567548475
25604,LOF,0.048525059778025244,0.06588660004268415,0.8855883401792904
25605,LOF,0.010595429395634442,0.28970329953163626,0.6997012710727292
25606,GOF,0.06316925706039242,0.4731407793955359,0.4636899635440717
25607,LOF,0.004249947562944822,0.16093360733559012,0.834816445101465
25608,LOF,0.06746047282858436,0.057458401458598984,0.8750811257128166
25609,LOF,0.05577071263723762,0.3859948164637711,0.5582344708989914
25610,LOF,0.04536104745109357,0.03764628721239042,0.9169926653365159
25611,LOF,0.060508179833296545,0.03160189916056301,0.9078899210061404
25612,LOF,0.12643454818961952,0.05675250294648511,0.8168129488638953
25613,LOF,0.10298823632722022,0.04499755614666494,0.8520142075261148
25614,LOF,0.04116549919510542,0.039753185542584765,0.9190813152623099
25615,LOF,0.06403208283758265,0.041102523193743745,0.8948653939686736
25616,LOF,0.04262146219871627,0.04272912891301813,0.9146494088882655
25617,LOF,0.04134466707790893,0.04315730806486792,0.9154980248572232
25618,LOF,0.24631977358411516,0.040553645163986726,0.7131265812518981
25619,LOF,0.039908897335714774,0.039089185635308644,0.9210019170289766
25620,LOF,0.04171824978374803,0.05024471140637803,0.908037038809874
25621,LOF,0.039386127489447545,0.03194188291863834,0.9286719895919142
25622,LOF,0.033428011329258725,0.04847170897026624,0.918100279700475
25623,LOF,0.06690452642985185,0.03515539346169615,0.8979400801084519
25624,LOF,0.03179187771824235,0.04703436112748632,0.9211737611542713
25625,LOF,0.04065327674777807,0.05124379410930078,0.9081029291429211
25626,LOF,0.0889770743562209,0.03442252432423686,0.8766004013195422
25627,Neutral,0.5891810114764855,0.09445216124427622,0.3163668272792382
25628,LOF,0.2136764319000391,0.04577930742084824,0.7405442606791127
25629,LOF,0.08980701427744608,0.12606774924841493,0.7841252364741389
25630,LOF,0.21239824409038782,0.0806617365618712,0.706940019347741
25631,Neutral,0.6074099861527296,0.05507957589594899,0.3375104379513214
25632,LOF,0.023850144045355307,0.07727212543239508,0.8988777305222496
25633,LOF,0.23192702415818603,0.08139422698893695,0.686678748852877
25634,LOF,0.03745372966789242,0.09286091815886147,0.8696853521732462
25635,LOF,0.03696946448487289,0.08344295908165693,0.8795875764334701
25636,GOF,0.006774477356213109,0.7031288882569572,0.29009663438682964
25637,GOF,0.004491199728054631,0.5768618500723647,0.41864695019958076
25638,LOF,0.01018302692612985,0.44733680771082424,0.5424801653630459
25639,LOF,0.004889113459219481,0.4689406160734661,0.5261702704673143
25640,GOF,0.37493921086958504,0.5827752260800794,0.04228556305033552
25641,LOF,0.005673486061971358,0.3376135844473516,0.656712929490677
25642,LOF,0.2549345388414828,0.09726712224874776,0.6477983389097693
25643,LOF,0.18772237158643051,0.35793538521675217,0.4543422431968174
25644,GOF,0.02639334667029542,0.6410317023168199,0.3325749510128847
25645,GOF,0.01953721889137043,0.6012898393398359,0.3791729417687936
25646,LOF,0.021963788350758264,0.41425826417797834,0.5637779474712633
25647,LOF,0.017860096557443216,0.3139594042443774,0.6681804991981793
25648,LOF,0.014358624510579392,0.35982783593347,0.6258135395559505
25649,LOF,0.014504599648469136,0.26473800511829254,0.7207573952332383
25650,GOF,0.04379138110091788,0.6190798759406367,0.33712874295844547
25651,LOF,0.012052476798723824,0.3075134505832111,0.6804340726180651
25652,LOF,0.020698096890506303,0.3447731098951326,0.6345287932143611
25653,GOF,0.09128722513291779,0.5595723485442822,0.34914042632280007
25654,LOF,0.01534529029582166,0.3629274381425928,0.6217272715615856
25655,GOF,0.14524047205509866,0.4868636453351322,0.36789588260976924
25656,LOF,0.05077852722575452,0.1042742953189885,0.844947177455257
25657,LOF,0.28770954331429993,0.04142183053007607,0.670868626155624
25658,LOF,0.03191236530041731,0.17095138482374475,0.797136249875838
25659,LOF,0.20940003635944496,0.07786421890598585,0.7127357447345691
25660,LOF,0.10426246802030913,0.10546035709200018,0.7902771748876908
25661,LOF,0.08249075699096196,0.0717203533815026,0.8457888896275355
25662,LOF,0.037561918760673586,0.04889541561105274,0.9135426656282737
25663,LOF,0.0440425726901977,0.08273707441436207,0.8732203528954403
25664,LOF,0.031468441325884666,0.1293839438316554,0.83914761484246
25665,LOF,0.0451050889632349,0.05743257814475569,0.8974623328920094
25666,LOF,0.04215197605158247,0.1705093936925744,0.7873386302558432
25667,LOF,0.03578949728781664,0.06817710851370853,0.8960333941984748
25668,LOF,0.04840119214547449,0.05748314448529271,0.8941156633692328
25669,LOF,0.053797912193325303,0.10485153568879563,0.8413505521178791
25670,LOF,0.11896717457832631,0.1089288962786645,0.7721039291430092
25671,LOF,0.044472923763784894,0.054210442741867586,0.9013166334943475
25672,LOF,0.04500696077795751,0.07743475739523994,0.8775582818268025
25673,LOF,0.03497101663657003,0.08518185596997788,0.879847127393452
25674,LOF,0.02498285857092963,0.09761287653824152,0.8774042648908289
25675,LOF,0.03468804087847408,0.08106880280959178,0.8842431563119342
25676,LOF,0.03482883857115534,0.0743637900339335,0.8908073713949113
25677,LOF,0.09042589028422124,0.05830800861623883,0.8512661010995398
25678,LOF,0.1441293170715669,0.04986891176024812,0.806001771168185
25679,LOF,0.10864178993346095,0.06996788071404804,0.821390329352491
25680,LOF,0.09133286116786932,0.089358138335908,0.8193090004962228
25681,LOF,0.11349278727464109,0.08080860484938754,0.8056986078759714
25682,LOF,0.05234229082144755,0.07340273819205866,0.8742549709864937
25683,LOF,0.07514648775800022,0.11181405809651752,0.8130394541454823
25684,LOF,0.06726709180526827,0.08291415548950215,0.8498187527052297
25685,LOF,0.1158280063520096,0.05242677457152545,0.8317452190764649
25686,LOF,0.034883571773205786,0.12428533783317838,0.8408310903936159
25687,LOF,0.060792563858288594,0.10491384082614758,0.8342935953155638
25688,LOF,0.0185040597833971,0.07564168388490364,0.9058542563316992
25689,LOF,0.015423199462366678,0.0457869963579405,0.9387898041796928
25690,LOF,0.014968341329068713,0.059129780824886735,0.9259018778460445
25691,LOF,0.11725675318197958,0.08843737305785401,0.7943058737601664
25692,LOF,0.16679124623447325,0.011051693031010518,0.8221570607345162
25693,LOF,0.049549683322735134,0.1424269104563723,0.8080234062208925
25694,LOF,0.2694533440864904,0.012539412485346997,0.7180072434281627
25695,LOF,0.2115254515971401,0.01892585681802187,0.769548691584838
25696,LOF,0.14914350725702089,0.015788920104615353,0.8350675726383637
25697,LOF,0.12157977541549708,0.03278238373269122,0.8456378408518117
25698,LOF,0.021551260412331748,0.3332542007158758,0.6451945388717925
25699,LOF,0.09889360866174576,0.09942158869136647,0.8016848026468877
25700,LOF,0.03454377354518359,0.017315638991749562,0.9481405874630668
25701,LOF,0.017390059673569075,0.12090673694474526,0.8617032033816856
25702,GOF,0.023915146279892815,0.7475604126015815,0.2285244411185257
25703,LOF,0.016218900923350172,0.20050271266199857,0.7832783864146513
25704,LOF,0.09562248444827763,0.20230717960738775,0.7020703359443347
25705,LOF,0.09578037269658729,0.26960530440741065,0.6346143228960021
25706,GOF,0.02078171523486471,0.6761480017655308,0.30307028299960453
25707,GOF,0.03136930562088012,0.6441906465778178,0.32444004780130203
25708,GOF,0.010428046195147953,0.6164084815326313,0.37316347227222085
25709,LOF,0.028400226725338117,0.09008898908237996,0.8815107841922819
25710,LOF,0.005215369660723111,0.2674408019904814,0.7273438283487954
25711,LOF,0.030403101808089004,0.15657676445201107,0.8130201337398999
25712,LOF,0.007362689860149712,0.3078026716608806,0.6848346384789697
25713,LOF,0.024989208047650695,0.1355732540191267,0.8394375379332225
25714,LOF,0.029052487190626683,0.16994674176525001,0.8010007710441233
25715,LOF,0.03056683291728671,0.1447061073636049,0.8247270597191084
25716,LOF,0.008299618536844109,0.1914884238734574,0.8002119575896984
25717,LOF,0.0059622487460929295,0.21768481943144133,0.7763529318224657
25718,LOF,0.02827971451914924,0.12212180571596766,0.8495984797648831
25719,LOF,0.03836222848039482,0.14021305956914742,0.8214247119504579
25720,LOF,0.03973043143050271,0.13264078864071802,0.8276287799287793
25721,LOF,0.03105992655726759,0.11829803251964226,0.8506420409230901
25722,LOF,0.020373655282384513,0.17020985192623347,0.8094164927913821
25723,LOF,0.030975057776151598,0.12004951587355246,0.8489754263502959
25724,LOF,0.027164277277341678,0.20465885277551124,0.7681768699471472
25725,LOF,0.03071685637435904,0.10862890550172027,0.8606542381239206
25726,LOF,0.0204421225749992,0.15900195095923633,0.8205559264657644
25727,LOF,0.027468308841981925,0.16366592076414455,0.8088657703938734
25728,LOF,0.02682836213695296,0.149279975980129,0.8238916618829181
25729,LOF,0.027473994036754983,0.17418774348894256,0.7983382624743024
25730,LOF,0.03018725651029518,0.11664882370401436,0.8531639197856905
25731,LOF,0.010009161304302011,0.24667344851168566,0.7433173901840122
25732,LOF,0.022915324537277168,0.12625563626174838,0.8508290392009744
25733,LOF,0.03850963217551811,0.11301747427806802,0.8484728935464138
25734,LOF,0.0067895691212215715,0.3331503071859569,0.6600601236928214
25735,LOF,0.025321504980111265,0.09994443853887895,0.8747340564810099
25736,LOF,0.025578169918428272,0.16944016616613358,0.8049816639154381
25737,LOF,0.06118930522227912,0.14896925541685857,0.7898414393608624
25738,LOF,0.02697682343681566,0.18759187141331177,0.7854313051498725
25739,LOF,0.034348316923652325,0.14480700727132703,0.8208446758050206
25740,LOF,0.03249559502559,0.1503304072163785,0.8171739977580315
25741,LOF,0.039570958515653336,0.13524844536862354,0.8251805961157231
25742,LOF,0.0530171659080282,0.14000618621211683,0.8069766478798549
25743,LOF,0.011129053624129621,0.021741995591981908,0.9671289507838885
25744,LOF,0.20342225104032613,0.23012299899373626,0.5664547499659376
25745,LOF,0.03948057243000451,0.058954631634750634,0.9015647959352447
25746,LOF,0.015596431341349595,0.07294402838406887,0.9114595402745815
25747,LOF,0.039163182374044495,0.024498729111009438,0.936338088514946
25748,LOF,0.28677031946108594,0.03957053689941116,0.673659143639503
25749,LOF,0.016385607150756765,0.04506528237421586,0.9385491104750274
25750,LOF,0.02139091703357661,0.046152843649357934,0.9324562393170654
25751,LOF,0.04092286162250178,0.04006606079867326,0.9190110775788249
25752,GOF,0.07045766225502557,0.7418794010625799,0.18766293668239445
25753,LOF,0.005738190214749095,0.4495342140039477,0.5447275957813031
25754,GOF,0.0072800670015366106,0.8910794109163431,0.10164052208212024
25755,LOF,0.005923781172762098,0.4859947084803422,0.5080815103468956
25756,LOF,0.024126307125222093,0.47605218523789655,0.4998215076368813
25757,GOF,0.007529135581750089,0.8716329547057936,0.12083790971245616
25758,GOF,0.008072562464118088,0.9020213244091054,0.08990611312677659
25759,GOF,0.0056368023568403045,0.688043720596504,0.30631947704665574
25760,LOF,0.005548880365093248,0.3658826955724825,0.6285684240624243
25761,GOF,0.04189814508286686,0.8677821913352421,0.09031966358189099
25762,LOF,0.027440059445972262,0.414796358504906,0.5577635820491217
25763,LOF,0.005263652653633354,0.34605888340175806,0.6486774639446087
25764,GOF,0.04587584588372832,0.7058379496368045,0.24828620447946717
25765,GOF,0.007275612528255959,0.8964796291348746,0.09624475833686953
25766,GOF,0.0419117930375646,0.8516380048121711,0.10645020215026425
25767,GOF,0.021582682708140212,0.5418912106608316,0.4365261066310282
25768,LOF,0.054210672727171394,0.05323384788217545,0.8925554793906533
25769,LOF,0.038560542619851514,0.08213521588087436,0.8793042414992742
25770,LOF,0.2070714276449946,0.08192134740806556,0.7110072249469398
25771,LOF,0.019211487320611766,0.0650295205389278,0.9157589921404605
25772,LOF,0.03058055022939269,0.029302707286886404,0.9401167424837209
25773,LOF,0.018660593799043515,0.08451469753374816,0.8968247086672084
25774,LOF,0.02804441082268194,0.14189628577410102,0.830059303403217
25775,LOF,0.021226229543307315,0.041275618645678726,0.9374981518110139
25776,LOF,0.03220817533300501,0.022534553494077587,0.9452572711729174
25777,LOF,0.2914011282099233,0.09031196280626369,0.6182869089838129
25778,LOF,0.027548914652171363,0.04845774174897213,0.9239933435988565
25779,GOF,0.08114301968465204,0.8452686723749181,0.0735883079404298
25780,GOF,0.10046783209991014,0.845540868941838,0.05399129895825185
25781,GOF,0.042988730097680665,0.8350972443916752,0.1219140255106441
25782,GOF,0.051335415154862514,0.8731031139583093,0.0755614708868281
25783,GOF,0.04388795817367627,0.9028872055025263,0.05322483632379736
25784,GOF,0.12712702390831668,0.8297531188247211,0.04311985726696225
25785,GOF,0.15050167241361403,0.8110191022137836,0.03847922537260235
25786,GOF,0.013622100139221903,0.8598987419138139,0.12647915794696415
25787,GOF,0.29738360565435845,0.6541295651298297,0.04848682921581179
25788,LOF,0.019169600740489224,0.14489396260772705,0.8359364366517837
25789,GOF,0.02348269564356227,0.8395446197446002,0.1369726846118376
25790,GOF,0.035305363906589116,0.8601467378559969,0.10454789823741398
25791,GOF,0.034879144213666016,0.7110873074245337,0.2540335483618003
25792,GOF,0.039357022191947144,0.7652325966825552,0.19541038112549772
25793,GOF,0.062222790555805825,0.7977069956395358,0.14007021380465842
25794,GOF,0.06802570426550938,0.7116854322835952,0.22028886345089546
25795,GOF,0.06950549941289667,0.6776699838608746,0.2528245167262287
25796,GOF,0.14894575218887837,0.765780148119562,0.08527409969155972
25797,GOF,0.12712948125534587,0.6856803588989767,0.1871901598456775
25798,GOF,0.008898374809934665,0.7561113449860913,0.23499028020397386
25799,GOF,0.005399817096647931,0.6594097844863783,0.33519039841697373
25800,GOF,0.033622933354988914,0.8034684145339347,0.16290865211107639
25801,GOF,0.0309668731718501,0.8827113609782707,0.08632176584987915
25802,GOF,0.03756209701500777,0.7679114164036333,0.1945264865813591
25803,GOF,0.026290520863774283,0.689440287039498,0.28426919209672774
25804,GOF,0.042023037517436364,0.7492730490568243,0.20870391342573927
25805,GOF,0.04075810260232388,0.7831106350489705,0.17613126234870563
25806,GOF,0.05236361288072528,0.7890154120532307,0.15862097506604403
25807,GOF,0.017872457559725066,0.7347652571353255,0.24736228530494955
25808,GOF,0.031961546090224315,0.7438210384260627,0.22421741548371296
25809,GOF,0.013908715413044212,0.6762026483067152,0.30988863628024066
25810,GOF,0.012317323469187612,0.6709820039317339,0.31670067259907847
25811,GOF,0.06944820204548073,0.8370733969916978,0.09347840096282142
25812,GOF,0.035343652885854754,0.7362566416899562,0.22839970542418908
25813,GOF,0.177742231360874,0.7350145541003429,0.0872432145387831
25814,GOF,0.03451566853944963,0.7425640046601362,0.22292032680041418
25815,GOF,0.06744200305590388,0.815055076805865,0.11750292013823124
25816,GOF,0.010458833880684065,0.8509710705689048,0.13857009555041128
25817,GOF,0.12698769715951233,0.7567699978630731,0.1162423049774146
25818,GOF,0.03582402619139242,0.7505581137578738,0.21361786005073383
25819,GOF,0.06371937843088851,0.7507865327194367,0.18549408884967478
25820,GOF,0.062099013099384766,0.7016652820771447,0.2362357048234705
25821,GOF,0.041162995796964,0.7560235967232485,0.20281340747978752
25822,GOF,0.07373906167237812,0.7111562068573224,0.21510473147029952
25823,GOF,0.035541452822755656,0.6599208275437081,0.3045377196335362
25824,GOF,0.032472247265713905,0.7216153661970736,0.24591238653721248
25825,GOF,0.027358680120503163,0.7125951621792839,0.26004615770021294
25826,GOF,0.01245198155485153,0.6715234294737893,0.3160245889713593
25827,GOF,0.020472158381967913,0.6735030673062398,0.30602477431179226
25828,GOF,0.014665356107962123,0.7161190371303454,0.26921560676169254
25829,GOF,0.004988636238225665,0.6414845020006622,0.3535268617611121
25830,GOF,0.04332102319927528,0.4972857759890561,0.4593932008116686
25831,GOF,0.07318841938541262,0.7904649089923717,0.1363466716222157
25832,GOF,0.012717399717848323,0.7059539231765573,0.2813286771055944
25833,GOF,0.04547158273193231,0.7811911408930005,0.17333727637506727
25834,GOF,0.013035346110557384,0.7248049186662516,0.26215973522319097
25835,GOF,0.030620024150794303,0.798215216807678,0.1711647590415277
25836,GOF,0.009278909599620761,0.7215669855629852,0.269154104837394
25837,GOF,0.011161814401750198,0.7176024611384968,0.2712357244597529
25838,GOF,0.028885710720815184,0.7925361480433979,0.17857814123578702
25839,GOF,0.07882697343306447,0.7497264800964103,0.17144654647052532
25840,GOF,0.11359358471811953,0.7286653116434233,0.15774110363845711
25841,GOF,0.10653403581423569,0.771864195150305,0.1216017690354592
25842,GOF,0.0359471203961568,0.8495829276363377,0.11446995196750552
25843,GOF,0.03411379930596897,0.8585522776066624,0.10733392308736849
25844,GOF,0.026091768056943156,0.7894376087526492,0.18447062319040755
25845,GOF,0.007879258191724307,0.6816330407132177,0.3104877010950579
25846,GOF,0.0826788669521433,0.8184569133637791,0.09886421968407756
25847,GOF,0.018154532296477097,0.8601957466074519,0.12164972109607115
25848,GOF,0.030417183426329264,0.8020271517424702,0.16755566483120046
25849,GOF,0.00913439406422504,0.7730174111020973,0.2178481948336778
25850,GOF,0.007973210921633165,0.6945002047107759,0.29752658436759094
25851,GOF,0.007344629560471012,0.6359379729780344,0.35671739746149456
25852,GOF,0.16867033380280402,0.5360446459986844,0.2952850201985115
25853,GOF,0.0721226859732689,0.7659258767016257,0.16195143732510534
25854,GOF,0.007821158225919193,0.655153694946845,0.3370251468272358
25855,GOF,0.027345584281840852,0.6358265508407309,0.3368278648774281
25856,GOF,0.055579603165069894,0.7073092168091257,0.23711118002580428
25857,GOF,0.02617395916194833,0.6307790801762848,0.34304696066176693
25858,GOF,0.01083059330029555,0.6000042669996112,0.38916513970009325
25859,GOF,0.00793814564489237,0.5660971600474481,0.42596469430765943
25860,GOF,0.0934584752504699,0.7362149994859638,0.17032652526356637
25861,GOF,0.11133060835966434,0.7593101834595706,0.1293592081807652
25862,GOF,0.028246251539918634,0.8706426041724944,0.10111114428758707
25863,GOF,0.026211737976091467,0.8517838041642436,0.12200445785966503
25864,GOF,0.06673435323409788,0.8427673062346306,0.09049834053127163
25865,GOF,0.058825573645457443,0.8219703980742495,0.11920402828029293
25866,GOF,0.02963832341255431,0.8181433644086042,0.15221831217884155
25867,GOF,0.04685383835499266,0.8265223946516553,0.1266237669933521
25868,GOF,0.08307251321847853,0.7422056993079428,0.17472178747357872
25869,GOF,0.38983733389022396,0.4988129230760822,0.1113497430336938
25870,GOF,0.07908024880682682,0.5155555526684764,0.4053641985246967
25871,GOF,0.01161420996523572,0.8022470997514198,0.18613869028334443
25872,GOF,0.026490220332979774,0.790769463285615,0.1827403163814052
25873,GOF,0.023775630154085983,0.8547207552372678,0.1215036146086462
25874,LOF,0.01918756443690744,0.1747410007956637,0.8060714347674288
25875,LOF,0.02427128863692847,0.1152917154015749,0.8604369959614966
25876,LOF,0.020222048144169023,0.06436201075076244,0.9154159411050685
25877,LOF,0.09863636549195526,0.21814193739911303,0.6832216971089318
25878,LOF,0.06655237961613918,0.27785600442725833,0.6555916159566024
25879,LOF,0.010923930748592362,0.2007232372948687,0.7883528319565389
25880,LOF,0.0623749537645818,0.020556282502303402,0.9170687637331149
25881,Neutral,0.5555979362515819,0.08100854514920565,0.3633935185992124
25882,LOF,0.07040417866314365,0.02318285829355723,0.9064129630432991
25883,LOF,0.032264499540989165,0.025411391351257476,0.9423241091077532
25884,LOF,0.02114788501853893,0.038649833436517816,0.9402022815449431
25885,LOF,0.1894375590672569,0.012466684713041305,0.7980957562197017
25886,LOF,0.24681061565176382,0.05377045114482738,0.6994189332034088
25887,LOF,0.09293246020126646,0.13469416550483648,0.772373374293897
25888,LOF,0.00911450854757187,0.1858111350236973,0.8050743564287309
25889,LOF,0.029518046639549992,0.03413153078084669,0.9363504225796032
25890,LOF,0.20288652062458848,0.07417957600683024,0.7229339033685814
25891,LOF,0.10411455440681554,0.03519966000023402,0.8606857855929504
25892,LOF,0.009139237400814368,0.029690622908327042,0.9611701396908586
25893,LOF,0.31889017939694503,0.009492387935827953,0.671617432667227
25894,LOF,0.3345662913499504,0.007047318685516665,0.6583863899645329
25895,LOF,0.2837045090087102,0.012333572563476971,0.7039619184278129
25896,LOF,0.09068401350694334,0.028752879506938816,0.8805631069861178
25897,LOF,0.13308909743199335,0.009927014519156145,0.8569838880488506
25898,LOF,0.12748215236766314,0.02682418514428502,0.8456936624880519
25899,LOF,0.42209158707450223,0.03222594901016001,0.5456824639153378
25900,Neutral,0.662774703268455,0.011959523828704195,0.3252657729028408
25901,LOF,0.11398002468226848,0.013323295306181723,0.8726966800115498
25902,LOF,0.1101533696594457,0.01447286207766317,0.875373768262891
25903,LOF,0.20753434370043303,0.025166332798253418,0.7672993235013136
25904,Neutral,0.5632857196007258,0.03977606715668679,0.3969382132425873
25905,LOF,0.007926275799706601,0.3809813267895758,0.6110923974107176
25906,LOF,0.008553819058036165,0.07021220633010285,0.9212339746118611
25907,LOF,0.009338117488961207,0.24317301069472938,0.7474888718163093
25908,LOF,0.00865217459238676,0.23949892071847426,0.7518489046891389
25909,LOF,0.031217109188966596,0.0935709553070882,0.8752119355039453
25910,LOF,0.013521746166792832,0.1518431654282146,0.8346350884049927
25911,LOF,0.18289191941715827,0.023667428865377853,0.793440651717464
25912,LOF,0.1097884508610048,0.019263692431106316,0.8709478567078888
25913,LOF,0.020916049803317346,0.0299367874950853,0.9491471627015974
25914,LOF,0.04168337745308337,0.027322367994498067,0.9309942545524185
25915,LOF,0.16633911059356496,0.20996364451417596,0.6236972448922592
25916,LOF,0.01238131636093427,0.10182732310782047,0.8857913605312452
25917,LOF,0.07022669151855877,0.02947841273088968,0.9002948957505515
25918,LOF,0.039164328349643195,0.01447784363016681,0.9463578280201899
25919,LOF,0.03358121150722379,0.014778309021609164,0.951640479471167
25920,LOF,0.3044372520992803,0.15125215904837952,0.5443105888523402
25921,LOF,0.021333559879909637,0.018051411160017083,0.9606150289600733
25922,LOF,0.019326536793633393,0.01953661708716345,0.9611368461192032
25923,LOF,0.45192510074413367,0.011991534862486341,0.53608336439338
25924,LOF,0.02847538801648391,0.018461647729034344,0.9530629642544818
25925,LOF,0.11453534759118603,0.026898937290603036,0.8585657151182109
25926,LOF,0.09885779117251321,0.020010113186951953,0.8811320956405347
25927,LOF,0.029610216690765523,0.035157660292731575,0.9352321230165028
25928,LOF,0.01561378106076869,0.020858325911194096,0.9635278930280372
25929,Neutral,0.5959546851207662,0.011593369719844841,0.3924519451593889
25930,LOF,0.10716024041596596,0.011597404415129471,0.8812423551689046
25931,LOF,0.016603229454132402,0.015943033555596987,0.9674537369902707
25932,LOF,0.09811854542668003,0.013902482502504188,0.8879789720708158
25933,LOF,0.09621850376205253,0.008305522522623654,0.8954759737153238
25934,LOF,0.09756858426670496,0.007713852645272087,0.894717563088023
25935,LOF,0.1160935337105948,0.02158045279062193,0.8623260134987832
25936,LOF,0.11050808692827807,0.00883155209599747,0.8806603609757244
25937,LOF,0.024296159923008504,0.014965476612545093,0.9607383634644464
25938,LOF,0.11295427572217491,0.01965913444101884,0.8673865898368062
25939,LOF,0.07446942268749375,0.013153909440615896,0.9123766678718904
25940,GOF,0.012072601282963913,0.5097535620914958,0.4781738366255403
25941,Neutral,0.4796448844348393,0.04619762532758978,0.4741574902375708
25942,LOF,0.011286489644532766,0.048260069080587435,0.9404534412748798
25943,LOF,0.04885111894140823,0.20699942800112553,0.7441494530574664
25944,LOF,0.060493743700917195,0.09862806322020716,0.8408781930788756
25945,LOF,0.18174043947540142,0.02931480145038987,0.7889447590742087
25946,LOF,0.07997692031981668,0.04710220032569046,0.8729208793544929
25947,Neutral,0.4705502642612417,0.14826237562304992,0.38118736011570825
25948,LOF,0.3807357916312313,0.012584674783277402,0.6066795335854913
25949,LOF,0.12943227419719402,0.06567888077706481,0.8048888450257412
25950,GOF,0.11990053363279755,0.622212985168515,0.2578864811986875
25951,LOF,0.011806754071835613,0.4934680727999004,0.494725173128264
25952,LOF,0.1443194010112906,0.2966744184013617,0.5590061805873476
25953,LOF,0.007696476943342593,0.32402853441336765,0.6682749886432898
25954,LOF,0.07706021501545876,0.448066154049702,0.47487363093483936
25955,LOF,0.01024288084906572,0.25327342885323734,0.7364836902976969
25956,LOF,0.010528788539045162,0.38669235851630446,0.6027788529446504
25957,LOF,0.17168525206402774,0.050453596219986165,0.7778611517159861
25958,LOF,0.032119974717156115,0.06431293144808292,0.903567093834761
25959,GOF,0.007070665632883462,0.711719586383127,0.2812097479839895
25960,LOF,0.004877359858718383,0.12122971753328127,0.8738929226080004
25961,LOF,0.027848567482442733,0.049928120556788566,0.9222233119607687
25962,LOF,0.032554772628735865,0.09737392417747458,0.8700713031937897
25963,LOF,0.009187393782528691,0.13713151414138278,0.8536810920760884
25964,LOF,0.0409824110027015,0.12295906048261353,0.836058528514685
25965,LOF,0.17893530407728517,0.1649222043763352,0.6561424915463796
25966,LOF,0.31507336079143167,0.11145836754917371,0.5734682716593946
25967,LOF,0.0059964607341780685,0.10688010633172622,0.8871234329340957
25968,LOF,0.051271698056950886,0.26054364192146606,0.6881846600215831
25969,LOF,0.15384302605065767,0.07141621932347973,0.7747407546258626
25970,LOF,0.06647279572134944,0.059229478334783266,0.8742977259438673
25971,LOF,0.06853971006085646,0.031129931399324087,0.9003303585398196
25972,LOF,0.0820059846384306,0.04567129218501677,0.8723227231765526
25973,LOF,0.053509812265937914,0.010677003750148193,0.9358131839839139
25974,LOF,0.06440656142743906,0.04577623295031438,0.8898172056222466
25975,LOF,0.0336939968842827,0.01478509703803583,0.9515209060776815
25976,LOF,0.09984861717635798,0.012735777355426709,0.8874156054682153
25977,LOF,0.24083672780966803,0.04939343249731271,0.7097698396930192
25978,LOF,0.15638218410324434,0.15260642197169588,0.6910113939250598
25979,LOF,0.126214930174876,0.16348006134242157,0.7103050084827025
25980,LOF,0.20342574011812528,0.2389975032123127,0.5575767566695621
25981,LOF,0.2051542724702894,0.24298128337247024,0.5518644441572403
25982,LOF,0.35953635214830404,0.11729969912002178,0.5231639487316743
25983,Neutral,0.45599222225972336,0.1205934856596153,0.42341429208066134
25984,LOF,0.0635829361058618,0.09423756629218408,0.842179497601954
25985,LOF,0.4332554729466371,0.1289865003400221,0.4377580267133407
25986,LOF,0.016064105344419658,0.4408313727204646,0.5431045219351157
25987,LOF,0.03862590388350536,0.10411952884295225,0.8572545672735424
25988,LOF,0.06421937457291693,0.17374015340091672,0.7620404720261662
25989,LOF,0.08273273160153845,0.20986856260606718,0.7073987057923944
25990,LOF,0.0578980138539874,0.38405939113457643,0.5580425950114362
25991,GOF,0.023668057651801258,0.5474384160246015,0.4288935263235972
25992,LOF,0.01344958998852548,0.46744373627681285,0.5191066737346618
25993,LOF,0.01876963942236286,0.06704439889321244,0.9141859616844248
25994,LOF,0.023509582264366245,0.0692749647656881,0.9072154529699458
25995,LOF,0.017566540101938335,0.12049974139361525,0.8619337185044466
25996,GOF,0.3060648487906425,0.4365634733946868,0.25737167781467063
25997,GOF,0.05893159666073179,0.5027536879332636,0.43831471540600464
25998,LOF,0.23264333705467094,0.03815819493235583,0.7291984680129732
25999,LOF,0.02480384720471528,0.33722819215637073,0.6379679606389139
26000,LOF,0.14667726063416095,0.013260871420208944,0.8400618679456302
26001,LOF,0.14693332928794747,0.021616193047290837,0.8314504776647618
26002,LOF,0.08773714576899198,0.02392015698792062,0.8883426972430873
26003,GOF,0.00681859525737608,0.5747840031106967,0.41839740163192723
26004,GOF,0.01645470740114405,0.5784063840114338,0.4051389085874221
26005,LOF,0.005375581240282299,0.4743836739823922,0.5202407447773256
26006,GOF,0.10586383161765833,0.49277196748846946,0.40136420089387215
26007,LOF,0.010730851173829612,0.46883610130553915,0.5204330475206312
26008,GOF,0.007152719883987156,0.5642211841327656,0.4286260959832473
26009,GOF,0.010879472324163909,0.5986465115006886,0.39047401617514743
26010,GOF,0.009674129306082436,0.5331591385859933,0.45716673210792436
26011,LOF,0.005844078563881784,0.4050505513260771,0.5891053701100412
26012,GOF,0.005704695318137286,0.501533067829139,0.4927622368527237
26013,GOF,0.012294879827031459,0.5441536798253716,0.443551440347597
26014,LOF,0.041099746953136944,0.07764564716214511,0.8812546058847179
26015,LOF,0.4066110077050213,0.01973447417397414,0.5736545181210045
26016,LOF,0.26748180090854173,0.02724965770700562,0.7052685413844526
26017,LOF,0.018558507763410257,0.12416001461075439,0.8572814776258354
26018,LOF,0.034627264911933374,0.060340882588340465,0.9050318524997261
26019,LOF,0.033979724997493584,0.051060575076230616,0.9149596999262758
26020,LOF,0.007202249848253703,0.11481916080401676,0.8779785893477295
26021,LOF,0.07763351216615211,0.050432132514007265,0.8719343553198406
26022,LOF,0.03932588282164159,0.022815732868382847,0.9378583843099757
26023,LOF,0.025765278596130373,0.035412501228974165,0.9388222201748956
26024,LOF,0.05224115782910689,0.037791062708521846,0.9099677794623712
26025,LOF,0.12708365720122314,0.039294532186402116,0.8336218106123747
26026,LOF,0.12233692556346196,0.029205855092560712,0.8484572193439774
26027,LOF,0.034517640969656864,0.022006113406850054,0.9434762456234931
26028,LOF,0.060892618711518354,0.18100339184242537,0.7581039894460563
26029,LOF,0.02918704504754764,0.20671444887323465,0.7640985060792177
26030,LOF,0.11091880397954887,0.026236575725010144,0.862844620295441
26031,LOF,0.013332693634081271,0.18564167664666076,0.8010256297192578
26032,LOF,0.038045285787611585,0.04752991752265953,0.9144247966897289
26033,LOF,0.03677255977126663,0.05072025566002176,0.9125071845687116
26034,LOF,0.018923042113207028,0.12486895766954698,0.856208000217246
26035,LOF,0.011822116063621626,0.13162205224209703,0.8565558316942813
26036,LOF,0.010858009071561894,0.1048637479737464,0.8842782429546917
26037,LOF,0.01117956295450598,0.10895927926066643,0.8798611577848277
26038,LOF,0.032194600183304924,0.04179828488672744,0.9260071149299677
26039,LOF,0.02992305975745439,0.1565379214171007,0.8135390188254449
26040,LOF,0.08100767734492964,0.13356890497125407,0.7854234176838163
26041,LOF,0.013173417370033485,0.11524128906598866,0.8715852935639778
26042,LOF,0.012040646047899983,0.12344964950337518,0.8645097044487249
26043,LOF,0.03384075380438745,0.07578481811696627,0.8903744280786462
26044,LOF,0.006906316958819913,0.058760643691013116,0.934333039350167
26045,LOF,0.08920558599156395,0.23167195741730987,0.6791224565911261
26046,LOF,0.028496800454230774,0.05326192482370276,0.9182412747220664
26047,LOF,0.06813857613092386,0.04953173472347239,0.8823296891456037
26048,LOF,0.08577378576753052,0.025233822814376493,0.888992391418093
26049,Neutral,0.9463877318827723,0.0070873432892308505,0.04652492482799694
26050,Neutral,0.9146481923242313,0.007767443648416276,0.07758436402735237
26051,LOF,0.03002988563170247,0.31963190021232346,0.6503382141559741
26052,LOF,0.028046747043756728,0.24356672460452242,0.7283865283517209
26053,LOF,0.017548428542634338,0.1765848179248974,0.8058667535324683
26054,LOF,0.05799676109508801,0.04466409330198224,0.8973391456029297
26055,LOF,0.0815515979371035,0.040050821725718125,0.8783975803371784
26056,LOF,0.066949257818304,0.04594778280458327,0.8871029593771127
26057,LOF,0.06309957276953734,0.02687272102260987,0.9100277062078528
26058,LOF,0.06826061671790466,0.021311831346313384,0.9104275519357821
26059,LOF,0.20746270601272698,0.056902164738071886,0.7356351292492013
26060,LOF,0.015877540765940508,0.20810813361797256,0.776014325616087
26061,LOF,0.01000142751956134,0.014947058187543058,0.9750515142928957
26062,LOF,0.005702918467000003,0.023592726407386314,0.9707043551256136
26063,LOF,0.05208530333901511,0.015272297250868403,0.9326423994101164
26064,LOF,0.014398801988624782,0.02242266770716557,0.9631785303042095
26065,LOF,0.07453676466392656,0.024319552158799655,0.9011436831772738
26066,LOF,0.0534987501294799,0.017170308822984478,0.9293309410475356
26067,LOF,0.05696968548340797,0.013904016988757484,0.9291262975278345
26068,LOF,0.054703704334358484,0.03722687462696652,0.908069421038675
26069,LOF,0.18381812269438333,0.0320918501138718,0.7840900271917449
26070,LOF,0.3869055819483957,0.019896921792173467,0.5931974962594309
26071,LOF,0.053866330235656575,0.017266671331817335,0.9288669984325262
26072,LOF,0.0063788264871398525,0.02671213971618631,0.9669090337966739
26073,LOF,0.04344041215533687,0.020010054336182147,0.936549533508481
26074,Neutral,0.6689283849215002,0.012915554663571933,0.318156060414928
26075,LOF,0.045801293500086326,0.02789212741980143,0.9263065790801122
26076,LOF,0.04710422875525217,0.01812598435128988,0.934769786893458
26077,LOF,0.1567189177254313,0.014296196775597696,0.8289848854989711
26078,LOF,0.005920052513740775,0.029534859502920244,0.964545087983339
26079,LOF,0.0592907905943633,0.028173883775442266,0.9125353256301945
26080,LOF,0.05800432727158794,0.02845141151172891,0.9135442612166832
26081,LOF,0.049821997310553305,0.01572909118391798,0.9344489115055287
26082,LOF,0.006881362811520636,0.023914104711043667,0.9692045324774358
26083,LOF,0.1201924227499639,0.027921557011850635,0.8518860202381855
26084,LOF,0.12142790398420902,0.0251455633361763,0.8534265326796147
26085,LOF,0.1107009416604468,0.021417858189379513,0.8678812001501737
26086,LOF,0.04054837621830916,0.022679937946311644,0.9367716858353793
26087,LOF,0.04243580860863146,0.021439402045534173,0.9361247893458343
26088,LOF,0.006399019422068574,0.0511027713994638,0.9424982091784677
26089,LOF,0.0430952066295492,0.038801660958863546,0.9181031324115873
26090,LOF,0.042866139395024344,0.03485476836000055,0.9222790922449751
26091,LOF,0.03368990876623456,0.013712542841980011,0.9525975483917855
26092,LOF,0.05147806048764186,0.013737681372365291,0.9347842581399928
26093,LOF,0.07439279418474125,0.00939674038658379,0.916210465428675
26094,LOF,0.03896065575033583,0.011620038771174979,0.9494193054784892
26095,LOF,0.010782399136685541,0.030354493577227644,0.9588631072860867
26096,LOF,0.23390132805812747,0.007065817261877887,0.7590328546799946
26097,LOF,0.006232275340813852,0.061245844429613464,0.9325218802295727
26098,LOF,0.0538848314228878,0.025316875150622278,0.9207982934264899
26099,LOF,0.045577603345433676,0.02983809761109715,0.9245842990434691
26100,LOF,0.045577603345433676,0.02983809761109715,0.9245842990434691
26101,LOF,0.04982429221353186,0.04963654802516241,0.9005391597613057
26102,LOF,0.042031685036930125,0.02330515370252167,0.9346631612605482
26103,Neutral,0.8954470402954751,0.035439417321994425,0.06911354238253047
26104,LOF,0.05395160682214598,0.05924165806451304,0.886806735113341
26105,LOF,0.2549265147949606,0.09434703409972467,0.6507264511053148
26106,LOF,0.23843159721296087,0.040241577550122073,0.7213268252369169
26107,LOF,0.015642395117933305,0.06092929174772636,0.9234283131343403
26108,LOF,0.1647134201054468,0.04559582469764365,0.7896907551969095
26109,LOF,0.053593179922561324,0.05108260521541499,0.8953242148620236
26110,LOF,0.41833799467729493,0.010776530166895422,0.5708854751558096
26111,LOF,0.06133949710293226,0.05781738592066647,0.8808431169764013
26112,LOF,0.06530733421345979,0.010524948647275323,0.9241677171392649
26113,LOF,0.10611591735784755,0.02853440677472667,0.8653496758674258
26114,LOF,0.09371019814123566,0.008277593313779264,0.8980122085449851
26115,LOF,0.01838946642358209,0.0750257011176988,0.9065848324587192
26116,LOF,0.08015610721683618,0.023755368198024724,0.8960885245851391
26117,LOF,0.38085432685982845,0.03886791127819268,0.5802777618619789
26118,LOF,0.036599771552517375,0.017240646421948575,0.9461595820255341
26119,LOF,0.006025396396077888,0.07099036210787957,0.9229842414960426
26120,LOF,0.03286791939366661,0.014608936838571158,0.9525231437677623
26121,LOF,0.004276096097824191,0.10609249987710523,0.8896314040250706
