feature0,prediction,LoGoFunc_Neutral,LoGoFunc_GOF,LoGoFunc_LOF
25546,Neutral,0.7290803680921975,0.03390072808046881,0.23701890382733357
25547,Neutral,0.5902369929960068,0.06521818313259767,0.3445448238713955
25548,Neutral,0.5927054421479689,0.047150490055455144,0.36014406779657593
25549,Neutral,0.5226757150728051,0.04606279170882076,0.4312614932183742
25550,LOF,0.3747687202338271,0.09011161636161695,0.535119663404556
25551,LOF,0.3145723465102135,0.10445989227782934,0.5809677612119571
25552,LOF,0.23545132482530623,0.09544234265983202,0.6691063325148618
25553,Neutral,0.8386744987687682,0.026912342103414533,0.1344131591278172
25554,LOF,0.26147254927555036,0.09381043486447664,0.644717015859973
25555,LOF,0.21892513813803038,0.08059587668286665,0.7004789851791029
25556,LOF,0.4350923320462434,0.07896660423875604,0.4859410637150006
25557,LOF,0.21378669588702054,0.08674249065009007,0.6994708134628894
25558,LOF,0.2541226265578082,0.09494182955992438,0.6509355438822674
25559,LOF,0.3634180483480107,0.16955346220647502,0.46702848944551417
25560,LOF,0.053782894345962465,0.15662023394032235,0.7895968717137152
25561,LOF,0.1258062222972397,0.15871161550986226,0.7154821621928981
25562,LOF,0.13873708509356844,0.05388561971843741,0.8073772951879942
25563,LOF,0.10842059812775086,0.08355832578720716,0.808021076085042
25564,LOF,0.22260319270751144,0.13833864597175366,0.6390581613207349
25565,LOF,0.14807100509059154,0.09749092546459333,0.7544380694448152
25566,GOF,0.015864892150548295,0.7791596202881361,0.20497548756131553
25567,LOF,0.016186425809500922,0.15894273389595584,0.8248708402945433
25568,LOF,0.051040913136493754,0.05864908018781544,0.8903100066756908
25569,LOF,0.06248396828386798,0.052967384688917936,0.8845486470272141
25570,LOF,0.06085139016059821,0.09069905493315145,0.8484495549062503
25571,LOF,0.055173052835372036,0.08888964351073027,0.8559373036538978
25572,LOF,0.05898250280748694,0.10967810106367858,0.8313393961288345
25573,LOF,0.03563230099458645,0.0849017534231659,0.8794659455822476
25574,LOF,0.020037118075912158,0.13433706172319554,0.8456258202008923
25575,LOF,0.04404968718153475,0.09720393221393198,0.8587463806045332
25576,LOF,0.01731305687161852,0.10911131638032677,0.8735756267480548
25577,LOF,0.014624444102438466,0.11281607019372332,0.8725594857038382
25578,LOF,0.25322851630714815,0.0733554895271637,0.6734159941656882
25579,LOF,0.2535568104598957,0.07249372186578551,0.6739494676743187
25580,LOF,0.03267111145192161,0.07223645898724006,0.8950924295608382
25581,LOF,0.05359965015959354,0.055614297888548304,0.8907860519518582
25582,LOF,0.05328657473786249,0.05447436025221171,0.8922390650099258
25583,LOF,0.043726858305158406,0.08419371192993197,0.8720794297649096
25584,Neutral,0.4776521571852931,0.09644706358600287,0.4259007792287041
25585,LOF,0.028828340681341463,0.10639703041444175,0.8647746289042169
25586,LOF,0.030819527382103442,0.06742921041741776,0.9017512622004787
25587,LOF,0.029558917175957416,0.06502817584719063,0.905412906976852
25588,LOF,0.03272169032877522,0.0780682013339512,0.8892101083372737
25589,Neutral,0.6155672361961866,0.11412474900327572,0.2703080148005376
25590,LOF,0.0296566450743068,0.11338731560602118,0.856956039319672
25591,LOF,0.11546974413024524,0.04813007402877123,0.8364001818409835
25592,LOF,0.09591337055950849,0.11409185696919959,0.7899947724712919
25593,LOF,0.028040687324518726,0.24614991327516975,0.7258093994003116
25594,LOF,0.045217891385968684,0.19677623528422478,0.7580058733298065
25595,LOF,0.04927973596676232,0.15005560138828808,0.8006646626449496
25596,LOF,0.04320529000600493,0.10887115500336716,0.8479235549906279
25597,LOF,0.04213087107723923,0.11319329941547392,0.8446758295072869
25598,LOF,0.049656929757636074,0.14253413983943067,0.8078089304029333
25599,GOF,0.007572954700353775,0.6772929462991533,0.315134099000493
25600,GOF,0.01940411895140727,0.6314587726701508,0.3491371083784419
25601,LOF,0.006076730028347804,0.4258464787497301,0.568076791221922
25602,LOF,0.029908278542997265,0.04518557898725463,0.924906142469748
25603,LOF,0.05900257098536066,0.02755063543112652,0.9134467935835129
25604,LOF,0.04736074675539022,0.031779480891460134,0.9208597723531495
25605,LOF,0.015135285039993682,0.17021203064517726,0.8146526843148291
25606,LOF,0.11344500340130323,0.4085952755778027,0.4779597210208942
25607,LOF,0.00640790102718372,0.17898364243167095,0.8146084565411452
25608,LOF,0.032718601492407864,0.05976898977383896,0.9075124087337532
25609,LOF,0.0363557349349072,0.4477644579175115,0.5158798071475813
25610,LOF,0.04176096523276856,0.025835110814689182,0.9324039239525423
25611,LOF,0.042245344555163336,0.025102643234725643,0.9326520122101111
25612,LOF,0.0973006391367805,0.03845382963656625,0.8642455312266533
25613,LOF,0.07860718659928242,0.04089191830733072,0.8805008950933867
25614,LOF,0.030857147566941655,0.03392051042957885,0.9352223420034795
25615,LOF,0.03652241972535558,0.04166862892661077,0.9218089513480336
25616,LOF,0.030488717559125574,0.03191859848889943,0.9375926839519749
25617,LOF,0.029279482531123783,0.03532454877800357,0.9353959686908727
25618,LOF,0.16270252943846777,0.02905967853497667,0.8082377920265557
25619,LOF,0.027576587903460854,0.031069210102657167,0.941354201993882
25620,LOF,0.03305009391947139,0.039935503134642614,0.927014402945886
25621,LOF,0.02726669925920327,0.033426339553085334,0.9393069611877113
25622,LOF,0.027362324688804063,0.03704974006521007,0.9355879352459859
25623,LOF,0.051514871735650385,0.0354974371030072,0.9129876911613425
25624,LOF,0.027699247373183567,0.03578646860803174,0.9365142840187846
25625,LOF,0.030335756710968685,0.04420993026034402,0.9254543130286874
25626,LOF,0.08668767852737555,0.03375729270608689,0.8795550287665377
25627,Neutral,0.5459475649254923,0.1333356366186124,0.3207167984558951
25628,LOF,0.20161225015262374,0.06138133815054843,0.7370064116968279
25629,LOF,0.06743208087660675,0.06379646403475141,0.8687714550886417
25630,LOF,0.16080708057336157,0.09224234124709413,0.7469505781795444
25631,Neutral,0.5519949810071245,0.07390744116651816,0.3740975778263573
25632,LOF,0.018103903181857523,0.08648531465537282,0.8954107821627697
25633,LOF,0.20165600094988792,0.0660116273885155,0.7323323716615965
25634,LOF,0.03290573670579834,0.09358903962439222,0.8735052236698094
25635,LOF,0.033625450245271776,0.06981150606361194,0.8965630436911163
25636,GOF,0.004508750709409056,0.6503816762841854,0.34510957300640555
25637,GOF,0.005380040058466482,0.6629916380905332,0.3316283218510004
25638,LOF,0.008231443729999299,0.4171200893766533,0.5746484668933474
25639,GOF,0.004815842615601731,0.5190172086512673,0.476166948733131
25640,Neutral,0.47998750715239047,0.4515579125108358,0.06845458033677358
25641,LOF,0.009514944603531856,0.3687663093066906,0.6217187460897776
25642,LOF,0.305682197124362,0.0657563369194589,0.628561465956179
25643,LOF,0.2735278682748912,0.1548067476357889,0.5716653840893199
25644,GOF,0.01417277614077061,0.534613903599481,0.4512133202597483
25645,GOF,0.013696161945549373,0.5036142766796307,0.48268956137481994
25646,LOF,0.02047552393583614,0.3419293072542637,0.6375951688099002
25647,LOF,0.01673940337964889,0.2869703802598767,0.6962902163604745
25648,LOF,0.014783104568306222,0.3027684562090182,0.6824484392226755
25649,LOF,0.011393884369895189,0.23095772895750766,0.757648386672597
25650,GOF,0.029957649351773308,0.48744205248568295,0.48260029816254374
25651,LOF,0.010534207528206507,0.2606891364284083,0.7287766560433853
25652,LOF,0.017601967692497448,0.2401287725289629,0.7422692597785396
25653,LOF,0.06105909197176893,0.353893564745976,0.585047343282255
25654,LOF,0.0162268731724473,0.14728073667202823,0.8364923901555246
25655,LOF,0.09332489226586384,0.4224576382414876,0.48421746949264866
25656,LOF,0.07144853704454114,0.07838627744303635,0.8501651855124225
25657,LOF,0.2823589824946341,0.03532300638648238,0.6823180111188836
25658,LOF,0.04181711138422933,0.08381149617908043,0.8743713924366903
25659,LOF,0.2776432625850943,0.06228824560742216,0.6600684918074834
25660,LOF,0.07404782168172386,0.10407281351362521,0.821879364804651
25661,LOF,0.05095716438816111,0.07134775508305068,0.8776950805287882
25662,LOF,0.029957045754303687,0.0458479539386097,0.9241950003070866
25663,LOF,0.03910944510002072,0.07293637802670064,0.8879541768732786
25664,LOF,0.03158055680379219,0.09950080306916813,0.8689186401270396
25665,LOF,0.05630637425833454,0.04321139940928879,0.9004822263323766
25666,LOF,0.03223237198655321,0.14706517720108375,0.8207024508123631
25667,LOF,0.03130659550706997,0.0536433473799154,0.9150500571130146
25668,LOF,0.03543662613463675,0.05883443199257285,0.9057289418727904
25669,LOF,0.042371126398307306,0.09127929133756751,0.8663495822641252
25670,LOF,0.08876277396612667,0.09788686226917438,0.813350363764699
25671,LOF,0.041229071865996995,0.04833971126327389,0.910431216870729
25672,LOF,0.05718269569151172,0.06078421796024902,0.8820330863482394
25673,LOF,0.033375870329695044,0.07551384608969715,0.8911102835806077
25674,LOF,0.025905164872566416,0.08406334500442432,0.8900314901230093
25675,LOF,0.03712089906186874,0.057088031403960446,0.9057910695341708
25676,LOF,0.03183283445108118,0.05981533440408487,0.908351831144834
25677,LOF,0.057014888876513015,0.06765358133160443,0.8753315297918826
25678,LOF,0.259783352837092,0.03969414646777834,0.7005225006951297
25679,LOF,0.16834430137781917,0.08430256929900455,0.7473531293231763
25680,LOF,0.06512795233013945,0.09690835318275406,0.8379636944871065
25681,LOF,0.1126657210630187,0.08902084063329403,0.7983134383036873
25682,LOF,0.044630062467538034,0.07617599253156705,0.879193945000895
25683,LOF,0.08712381934340664,0.09719503560854252,0.8156811450480508
25684,LOF,0.05451281987121296,0.07672025579574052,0.8687669243330466
25685,LOF,0.09362851971977762,0.04673071096122299,0.8596407693189995
25686,LOF,0.03152614252901161,0.09515901144868993,0.8733148460222984
25687,LOF,0.05220647089554935,0.07734160282493152,0.8704519262795191
25688,LOF,0.023707036174227324,0.09266144592602198,0.8836315178997506
25689,LOF,0.01815936412507776,0.0826745848994509,0.8991660509754713
25690,LOF,0.022574206418044078,0.09553994679173852,0.8818858467902174
25691,LOF,0.16568668182319235,0.13820299199847028,0.6961103261783373
25692,LOF,0.28816297274833064,0.013334072337039968,0.6985029549146294
25693,LOF,0.0547967838193141,0.12851850269723955,0.8166847134834463
25694,LOF,0.22423293590700333,0.014120424198881992,0.7616466398941147
25695,LOF,0.14323929397338964,0.020180273037350847,0.8365804329892595
25696,LOF,0.15257374106227167,0.0097344397350796,0.8376918192026488
25697,LOF,0.1362885110401581,0.02254911568494603,0.8411623732748958
25698,LOF,0.02453388511010624,0.37469704898153505,0.6007690659083588
25699,LOF,0.05020623904374909,0.05835397446875197,0.891439786487499
25700,LOF,0.03174574078134434,0.009433833272837297,0.9588204259458183
25701,LOF,0.01254191210118392,0.06882198424822465,0.9186361036505915
25702,GOF,0.03323725463924997,0.7367874224858829,0.22997532287486716
25703,LOF,0.016399014189030107,0.1938866817974421,0.7897143040135278
25704,LOF,0.09050664331358302,0.14621977073872885,0.7632735859476881
25705,LOF,0.07079418044638065,0.2287045418941332,0.7005012776594861
25706,GOF,0.04744125817220255,0.6234328958610216,0.3291258459667758
25707,GOF,0.025092637727034652,0.5454510735949737,0.4294562886779916
25708,LOF,0.006192308264726838,0.47934476640634566,0.5144629253289276
25709,LOF,0.017910772139444035,0.06884288987670978,0.9132463379838462
25710,LOF,0.00813859800148047,0.16794377488538179,0.8239176271131378
25711,LOF,0.02074609827150898,0.12237332793299927,0.8568805737954918
25712,LOF,0.008513550620896952,0.2249173355342196,0.7665691138448835
25713,LOF,0.018962563558041916,0.1116314277619695,0.8694060086799885
25714,LOF,0.021546496316587574,0.13293085911908104,0.8455226445643315
25715,LOF,0.020663556137680714,0.12810155384636063,0.8512348900159586
25716,LOF,0.011240203585616773,0.14456030530756858,0.8441994911068147
25717,LOF,0.005516651363949494,0.13999021515107468,0.8544931334849758
25718,LOF,0.019872468256098674,0.0809299714386639,0.8991975603052375
25719,LOF,0.03426291320629405,0.09154769439042004,0.8741893924032859
25720,LOF,0.025932399241498708,0.09219648653023668,0.8818711142282646
25721,LOF,0.02339645631424791,0.09372948681740374,0.8828740568683483
25722,LOF,0.017428733516157854,0.1266796078401127,0.8558916586437294
25723,LOF,0.021638126456787487,0.07707904689942245,0.90128282664379
25724,LOF,0.0262100046281336,0.12206132863462983,0.8517286667372366
25725,LOF,0.019813519573616916,0.06879553125854321,0.9113909491678398
25726,LOF,0.016290347871822243,0.10413217474369073,0.879577477384487
25727,LOF,0.021025871535003977,0.087687005294726,0.89128712317027
25728,LOF,0.019760354037699174,0.09974321151455037,0.8804964344477505
25729,LOF,0.019143967018996105,0.10758368910325707,0.8732723438777469
25730,LOF,0.021625995084895534,0.08078287716804128,0.8975911277470633
25731,LOF,0.009164206832052841,0.19767502085919764,0.7931607723087495
25732,LOF,0.019320171190622737,0.09286186197982642,0.8878179668295508
25733,LOF,0.02810501908217608,0.08795390876654793,0.8839410721512759
25734,LOF,0.0064415772928895455,0.23214347948583886,0.7614149432212717
25735,LOF,0.022135244704770966,0.07331610628755308,0.9045486490076758
25736,LOF,0.020491518471277427,0.12479533365036724,0.8547131478783554
25737,LOF,0.041274815009875045,0.10953604686953487,0.84918913812059
25738,LOF,0.021016144803601224,0.1514823134597993,0.8275015417365995
25739,LOF,0.024240884990126253,0.13713234064085006,0.8386267743690237
25740,LOF,0.04862243631986888,0.13498588621110982,0.8163916774690213
25741,LOF,0.02869741453118302,0.11492139599696038,0.8563811894718565
25742,LOF,0.043857029964192266,0.1323820386008087,0.8237609314349991
25743,LOF,0.011426598956749544,0.038150728501830794,0.9504226725414198
25744,GOF,0.16843851061031642,0.44622756565136296,0.3853339237383206
25745,LOF,0.024509524568865102,0.0694064731142732,0.9060840023168617
25746,LOF,0.011969672843396997,0.09614162477775474,0.8918887023788482
25747,LOF,0.028536662269609096,0.03462509889916311,0.9368382388312277
25748,LOF,0.2724694097378606,0.05866182732707348,0.6688687629350658
25749,LOF,0.013494831262528052,0.059553024024668576,0.9269521447128033
25750,LOF,0.01589210478975699,0.08622884799115202,0.897879047219091
25751,LOF,0.03591796284863896,0.060803134272542934,0.9032789028788181
25752,GOF,0.08241792143905705,0.6903224137086893,0.22725966485225357
25753,LOF,0.007216798494920307,0.35994839621054087,0.6328348052945388
25754,GOF,0.0063453261044044,0.8644914352722877,0.12916323862330803
25755,LOF,0.008135978561661263,0.43503847807832247,0.5568255433600162
25756,LOF,0.04762898235714395,0.4283369232217357,0.5240340944211203
25757,GOF,0.006790083920396238,0.8731618633170998,0.12004805276250394
25758,GOF,0.008679260621874766,0.883251216375108,0.10806952300301738
25759,GOF,0.005762338494712285,0.591377920577276,0.4028597409280118
25760,LOF,0.006598186005629759,0.28311026694580815,0.710291547048562
25761,GOF,0.06639606128852034,0.8571447052761388,0.07645923343534089
25762,LOF,0.02869507462993061,0.366998646465855,0.6043062789042143
25763,LOF,0.00707154048898178,0.24735112616872998,0.7455773333422883
25764,GOF,0.068694709900921,0.6563294971882521,0.27497579291082697
25765,GOF,0.007804393189294555,0.8482883804812993,0.14390722632940622
25766,GOF,0.040456325112327086,0.828975757430738,0.13056791745693497
25767,GOF,0.010122288350257046,0.5110837073421053,0.47879400430763774
25768,LOF,0.03843758572806906,0.07419566823402206,0.887366746037909
25769,LOF,0.024767446985415914,0.0859327757096083,0.8892997773049758
25770,LOF,0.1726464430162093,0.06727504939647591,0.7600785075873149
25771,LOF,0.013278263356902712,0.07637600806543837,0.9103457285776589
25772,LOF,0.023315059231615205,0.03384602485527601,0.9428389159131089
25773,LOF,0.01609319597954182,0.08628100046924816,0.89762580355121
25774,LOF,0.028507011305194126,0.10182847261767189,0.869664516077134
25775,LOF,0.017456162406893863,0.04592973804131622,0.9366140995517899
25776,LOF,0.025728206232226977,0.029820490109629574,0.9444513036581434
25777,LOF,0.24680189260183175,0.08434858721461908,0.6688495201835492
25778,LOF,0.01815997448331008,0.06030923421519966,0.9215307913014902
25779,GOF,0.02985568507009915,0.8981203495724587,0.07202396535744209
25780,GOF,0.06344706900255931,0.8878165588596848,0.04873637213775593
25781,GOF,0.030972754754576125,0.8827170331017076,0.08631021214371633
25782,GOF,0.024742229953458064,0.9094413146597953,0.06581645538674659
25783,GOF,0.01998336961392427,0.8103131786837343,0.1697034517023414
25784,GOF,0.08095153991549063,0.8820568915680372,0.03699156851647217
25785,GOF,0.050261790239294744,0.908374206819362,0.0413640029413432
25786,GOF,0.007557994211496065,0.8669318115637146,0.12551019422478932
25787,GOF,0.15666913538537564,0.8101206244332657,0.033210240181358534
25788,LOF,0.016684124679454695,0.19707278430483124,0.7862430910157141
25789,GOF,0.014910580418127694,0.8727187094528073,0.11237071012906502
25790,GOF,0.015324122896826251,0.8760442256394185,0.10863165146375528
25791,GOF,0.015104743002695898,0.8414111422254104,0.14348411477189374
25792,GOF,0.018840964839785965,0.8483716650270974,0.13278737013311676
25793,GOF,0.0521263506646787,0.8420579309849107,0.10581571835041052
25794,GOF,0.043103188111748625,0.7609016476948095,0.19599516419344168
25795,GOF,0.0513708731473616,0.7780936368369968,0.17053549001564156
25796,GOF,0.07023141764252211,0.8373694464827026,0.09239913587477526
25797,GOF,0.04997218876721286,0.7356859204143048,0.2143418908184823
25798,GOF,0.0032712613854200224,0.6927235852481616,0.3040051533664185
25799,GOF,0.0028981887411825657,0.5814392381359013,0.41566257312291616
25800,GOF,0.018752630732753444,0.8027464689405706,0.178500900326676
25801,GOF,0.013907406980782116,0.8882394834286486,0.09785310959056924
25802,GOF,0.01981438447253859,0.8349047341051574,0.14528088142230397
25803,GOF,0.014098432967539458,0.7476978119874773,0.2382037550449832
25804,GOF,0.015590674857810637,0.6570823107737263,0.327327014368463
25805,GOF,0.022980759811568014,0.7362366627987117,0.24078257738972034
25806,GOF,0.01849123077417118,0.8055294357632242,0.17597933346260466
25807,GOF,0.006127590266494114,0.7736988502190261,0.22017355951447973
25808,GOF,0.014402065141042223,0.7862266064830237,0.19937132837593421
25809,GOF,0.007108888704240574,0.7853450066739588,0.20754610462180062
25810,GOF,0.006138874957496448,0.7826527751316226,0.2112083499108809
25811,GOF,0.03820155730954492,0.8838142022580489,0.07798424043240618
25812,GOF,0.017053904694389926,0.7718249156516164,0.21112117965399368
25813,GOF,0.0905435608014554,0.8147731242698426,0.09468331492870195
25814,GOF,0.02129832476334974,0.7986882102850816,0.18001346495156875
25815,GOF,0.03872952295158664,0.8480220065299207,0.11324847051849266
25816,GOF,0.007968253041999444,0.8767530931836335,0.11527865377436705
25817,GOF,0.11029769594228989,0.8145945957347273,0.07510770832298275
25818,GOF,0.019647893948958915,0.8276996859918896,0.15265242005915153
25819,GOF,0.04985093578377685,0.7937226540816678,0.15642641013455527
25820,GOF,0.024015736731458733,0.7847993158991907,0.19118494736935043
25821,GOF,0.01644336174642076,0.7786053729394361,0.204951265314143
25822,GOF,0.029913383777691815,0.7881240823242328,0.18196253389807537
25823,GOF,0.017332931966681082,0.6902703221525152,0.29239674588080367
25824,GOF,0.015353605605679731,0.787035280786708,0.1976111136076123
25825,GOF,0.013498359755094837,0.7791029880088415,0.2073986522360636
25826,GOF,0.005692762518184375,0.7666161273662283,0.22769111011558735
25827,GOF,0.010322035921620558,0.738263306634924,0.25141465744345537
25828,GOF,0.007593512473179303,0.7098277924599411,0.2825786950668795
25829,GOF,0.0034589783275898616,0.7429545192393748,0.2535865024330355
25830,GOF,0.03529582568074536,0.5530858093623094,0.41161836495694515
25831,GOF,0.06279622527100931,0.8309283976240864,0.10627537710490428
25832,GOF,0.00899653815999256,0.8134989916705008,0.17750447016950668
25833,GOF,0.03458512769455829,0.849584433366158,0.11583043893928385
25834,GOF,0.00885809834994916,0.823842026326201,0.16729987532385
25835,GOF,0.021972098174834167,0.8695030144853744,0.10852488733979133
25836,GOF,0.006434350023209002,0.827260704194197,0.16630494578259417
25837,GOF,0.006498029219012663,0.731933323924793,0.2615686468561942
25838,GOF,0.019340179258576465,0.8707502776396856,0.10990954310173791
25839,GOF,0.04139325447865705,0.8520937896547925,0.10651295586655046
25840,GOF,0.09086507527041199,0.8195531294223789,0.08958179530720924
25841,GOF,0.08900821152558262,0.8337161187744209,0.07727566969999637
25842,GOF,0.022131441973574726,0.894681677987296,0.08318688003912919
25843,GOF,0.023124806653890252,0.9019661700380892,0.07490902330802059
25844,GOF,0.013894241160583225,0.8423621773682398,0.14374358147117686
25845,GOF,0.004281239778522287,0.6490281692656155,0.34669059095586213
25846,GOF,0.05803050423447401,0.8586261215406631,0.08334337422486297
25847,GOF,0.014666198448699952,0.9116040562693645,0.07372974528193561
25848,GOF,0.015295071644729912,0.864349017263387,0.12035591109188294
25849,GOF,0.005583154540356429,0.7759818848478863,0.21843496061175718
25850,GOF,0.005308572776444298,0.7860874597630008,0.20860396746055487
25851,GOF,0.0048300350051207475,0.6793061580187973,0.31586380697608196
25852,GOF,0.13235165813281546,0.5849176717106216,0.28273067015656306
25853,GOF,0.05982795665169187,0.8430239855968733,0.09714805775143477
25854,GOF,0.004100917297153837,0.7144854789091313,0.28141360379371494
25855,GOF,0.01685622138122644,0.6709355784893666,0.31220820012940703
25856,GOF,0.0343570455809494,0.79031121178785,0.1753317426312005
25857,GOF,0.01764522585949149,0.6611864985999578,0.3211682755405507
25858,GOF,0.006396061074592418,0.6710800640900305,0.322523874835377
25859,GOF,0.005227526445465718,0.6588301438491285,0.3359423297054059
25860,GOF,0.07431364952503978,0.8277300685540386,0.09795628192092148
25861,GOF,0.08557586077577105,0.8280686328208698,0.08635550640335907
25862,GOF,0.01562561885674124,0.8831507960478193,0.10122358509543947
25863,GOF,0.01636337772798649,0.8787397798909433,0.10489684238107023
25864,GOF,0.04883014626558651,0.8807908802277543,0.07037897350665914
25865,GOF,0.03665202401736919,0.867491575953472,0.09585640002915866
25866,GOF,0.018989205529604366,0.8862330947798145,0.09477769969058124
25867,GOF,0.031547404144658675,0.8950165360085488,0.07343605984679256
25868,GOF,0.048216892010170244,0.8544864577854793,0.09729665020435048
25869,GOF,0.30824183590640164,0.6241102010628687,0.06764796303072951
25870,GOF,0.0590903746707864,0.6944631494713344,0.24644647585787924
25871,GOF,0.008955652888463714,0.8982852235693286,0.09275912354220765
25872,GOF,0.018141651877711027,0.8873365412687014,0.09452180685358753
25873,GOF,0.018496176951237855,0.8999131574110963,0.08159066563766586
25874,LOF,0.01648850854055423,0.23402471491349722,0.7494867765459485
25875,LOF,0.042849020838307474,0.05249475991445229,0.9046562192472402
25876,LOF,0.018428385197623433,0.038170614352648895,0.9434010004497276
25877,LOF,0.12044557892201738,0.0947442882962424,0.7848101327817403
25878,LOF,0.07563591603815609,0.13164254929320005,0.7927215346686439
25879,LOF,0.023166252065761225,0.0905177389896706,0.8863160089445682
25880,LOF,0.059740273108008446,0.014406604067969583,0.9258531228240221
25881,Neutral,0.5306939743943223,0.06579388058777451,0.4035121450179033
25882,LOF,0.06949554648572925,0.026026251764148804,0.9044782017501218
25883,LOF,0.02865409206454583,0.02501918963664419,0.9463267182988099
25884,LOF,0.020488634212998878,0.04693627822140142,0.9325750875655996
25885,LOF,0.21980589227830033,0.014723884518010374,0.7654702232036893
25886,LOF,0.28637495611259034,0.05060804224754068,0.663017001639869
25887,LOF,0.17873263762541786,0.06508928483756089,0.7561780775370213
25888,LOF,0.010176367674121688,0.12974678505165,0.8600768472742283
25889,LOF,0.025792894165982228,0.03674559068949186,0.9374615151445258
25890,LOF,0.16301592453149438,0.09869695567279695,0.7382871197957086
25891,LOF,0.11718201895974621,0.02758339451412855,0.8552345865261252
25892,LOF,0.008498119634099082,0.039183455693374905,0.952318424672526
25893,LOF,0.3672563140899985,0.010671571091325605,0.6220721148186759
25894,LOF,0.4031755731264126,0.005990068005559638,0.5908343588680278
25895,LOF,0.35486335598042484,0.01455870940894455,0.6305779346106307
25896,LOF,0.0662702287967106,0.02269021065457536,0.9110395605487142
25897,LOF,0.18211469024536542,0.009879168990773523,0.8080061407638611
25898,LOF,0.14366404491740478,0.036013961884050066,0.8203219931985452
25899,LOF,0.4234138397562164,0.022557874046556604,0.554028286197227
25900,Neutral,0.501638845475803,0.008195454243634303,0.4901657002805627
25901,LOF,0.06636104218137458,0.010498118752209835,0.9231408390664155
25902,LOF,0.1801457083771218,0.010716751166398667,0.8091375404564796
25903,LOF,0.40429404169824573,0.026284342442522986,0.5694216158592312
25904,Neutral,0.5106397065569002,0.03323247119328555,0.45612782224981424
25905,GOF,0.0063494070328980285,0.49738157105715775,0.4962690219099442
25906,LOF,0.008677165889907367,0.10320933559341962,0.888113498516673
25907,LOF,0.005242155966281584,0.35886467609466177,0.6358931679390566
25908,LOF,0.004795108176615305,0.2652541773933342,0.7299507144300506
25909,LOF,0.026646049461033473,0.14019629985989723,0.8331576506790693
25910,LOF,0.012279612821404114,0.1450567014418467,0.8426636857367491
25911,LOF,0.2588792668398611,0.04997871617845508,0.6911420169816838
25912,LOF,0.09620095620595602,0.04625627962504857,0.8575427641689953
25913,LOF,0.02287771552711329,0.08064027049598851,0.8964820139768982
25914,LOF,0.03430806007546363,0.041788760905348256,0.9239031790191881
25915,LOF,0.18223261070933,0.1902948973515403,0.6274724919391297
25916,LOF,0.030337222155427578,0.12074984231932145,0.8489129355252509
25917,LOF,0.0725228865387008,0.03131386213740101,0.8961632513238983
25918,LOF,0.03861684693906945,0.024351170068379124,0.9370319829925513
25919,LOF,0.03453212951459283,0.02378023865863211,0.9416876318267752
25920,LOF,0.3346719358980021,0.20911267773658065,0.45621538636541725
25921,LOF,0.014936195926585029,0.036161529233704734,0.9489022748397102
25922,LOF,0.017845088065971015,0.036242815944627534,0.9459120959894014
25923,LOF,0.4274091105557066,0.03517421637018761,0.5374166730741058
25924,LOF,0.021916138073689036,0.0611068180612365,0.9169770438650745
25925,LOF,0.08685899400637548,0.047640393195329755,0.8655006127982947
25926,LOF,0.066336950691601,0.04421496610688714,0.8894480832015118
25927,LOF,0.02183679008798572,0.07308990728568014,0.9050733026263341
25928,LOF,0.010089392732874179,0.0541492206034835,0.9357613866636422
25929,Neutral,0.5521278406504483,0.03354585547006545,0.41432630387948616
25930,LOF,0.08393119913137662,0.03404654680315236,0.8820222540654711
25931,LOF,0.01331704841928151,0.03868794048093183,0.9479950110997868
25932,LOF,0.06334544901514497,0.035941788034915316,0.9007127629499396
25933,LOF,0.06211129242739073,0.022988943832656556,0.9148997637399527
25934,LOF,0.05616078948922606,0.020082091400059378,0.9237571191107146
25935,LOF,0.07793954390259455,0.060714597860091195,0.8613458582373142
25936,LOF,0.10077037312218333,0.022340729427461525,0.8768888974503551
25937,LOF,0.015227367336947878,0.04795274733503642,0.9368198853280156
25938,LOF,0.07754953317664101,0.050803213359650906,0.871647253463708
25939,LOF,0.04641507586674692,0.027960792475153044,0.9256241316581001
25940,LOF,0.009530353224519948,0.3694036862977438,0.6210659604777363
25941,Neutral,0.543604947204209,0.05141560523263946,0.4049794475631516
25942,LOF,0.010282174129200298,0.06251852800875618,0.9271992978620436
25943,LOF,0.04722796537042801,0.21995219900241203,0.73281983562716
25944,LOF,0.047605133677872065,0.09818231752893737,0.8542125487931905
25945,LOF,0.12373373844813833,0.03192345633330157,0.8443428052185602
25946,LOF,0.06854325459588625,0.038803428544858826,0.8926533168592549
25947,Neutral,0.491722252953899,0.11132931717020839,0.3969484298758926
25948,LOF,0.41321350831998377,0.019395989439956775,0.5673905022400594
25949,LOF,0.14401794836646073,0.09111761121278983,0.7648644404207495
25950,GOF,0.0561245069987414,0.5768658091266184,0.36700968387464
25951,LOF,0.013815698405203906,0.4415704274152482,0.5446138741795479
25952,LOF,0.2501440374004432,0.2763486228105677,0.4735073397889891
25953,LOF,0.007798111451684549,0.1912518327414584,0.8009500558068571
25954,GOF,0.05525780824200598,0.48153937985467704,0.4632028119033171
25955,LOF,0.006922049053415832,0.17967997733581148,0.8133979736107727
25956,LOF,0.016124748966268348,0.22899955788399898,0.7548756931497327
25957,LOF,0.15530900707690962,0.03195533499340518,0.8127356579296853
25958,LOF,0.032999649839353544,0.0607400908396655,0.9062602593209809
25959,GOF,0.01199322422068105,0.7061902421657514,0.28181653361356757
25960,LOF,0.005302022702107059,0.09516822461602667,0.8995297526818664
25961,LOF,0.03095544086554912,0.04958205253781326,0.9194625065966376
25962,LOF,0.05619673099940667,0.0655063770520848,0.8782968919485086
25963,LOF,0.005385593219317778,0.1743061329433454,0.8203082738373368
25964,LOF,0.02644787820410262,0.11152984973841717,0.8620222720574802
25965,LOF,0.26511860393780673,0.11033634969843449,0.6245450463637587
25966,LOF,0.41220874892751197,0.1375917931874627,0.4501994578850254
25967,LOF,0.008167278023541637,0.09485329286544686,0.8969794291110116
25968,LOF,0.043157679469674935,0.26216590077118446,0.6946764197591406
25969,LOF,0.1408777418335691,0.0565772600335482,0.8025449981328827
25970,LOF,0.05441471820940972,0.09839441502773202,0.8471908667628583
25971,LOF,0.07757887100573697,0.032834449956382836,0.8895866790378802
25972,LOF,0.07398969299355836,0.0580355082582452,0.8679747987481964
25973,LOF,0.06142414867269641,0.008820857130415171,0.9297549941968885
25974,LOF,0.04465749842734048,0.04097836817569627,0.9143641333969633
25975,LOF,0.0413836281692461,0.017032152106696404,0.9415842197240576
25976,LOF,0.09347167254407664,0.011183925315757215,0.8953444021401661
25977,LOF,0.22567569320093664,0.0682518766046296,0.7060724301944338
25978,LOF,0.1761076362341561,0.10761448503064815,0.7162778787351957
25979,LOF,0.14936146371091952,0.1275215683909012,0.7231169678981794
25980,LOF,0.25371450015704416,0.16874246690915615,0.5775430329337997
25981,LOF,0.25579814107160076,0.1703368597085911,0.5738649992198082
25982,LOF,0.43874291112493125,0.08563724779676844,0.4756198410783003
25983,LOF,0.42436818673331855,0.10447956397150736,0.4711522492951741
25984,LOF,0.041856978621648395,0.09837464134916775,0.8597683800291838
25985,LOF,0.356026379959101,0.1512029199970156,0.4927707000438834
25986,LOF,0.011113388259490249,0.4178713096151475,0.5710153021253622
25987,LOF,0.05087918345596732,0.10085774335121947,0.8482630731928132
25988,LOF,0.040705924579689065,0.1643651808566366,0.7949288945636743
25989,LOF,0.04164812633084018,0.19601470097766033,0.7623371726914995
25990,LOF,0.03757797081081146,0.3119217794819426,0.6505002497072458
25991,LOF,0.0208385444764571,0.41260455799403256,0.5665568975295104
25992,LOF,0.019707624206727226,0.44223485538048996,0.5380575204127829
25993,LOF,0.03021279432375713,0.07401606403614479,0.8957711416400981
25994,LOF,0.02459217720864363,0.0672825167851653,0.9081253060061911
25995,LOF,0.021443099803832303,0.12675050424423828,0.8518063959519294
25996,GOF,0.3285904433226294,0.3422192859727295,0.3291902707046412
25997,LOF,0.05149169736909318,0.40522917921940477,0.5432791234115021
25998,LOF,0.2922499373307614,0.040889018294803174,0.6668610443744355
25999,LOF,0.03523118074023732,0.1652593376272154,0.7995094816325473
26000,LOF,0.16316300479053972,0.0248829867987771,0.8119540084106832
26001,LOF,0.28699062438138734,0.035460642893241585,0.6775487327253711
26002,LOF,0.1166467950063793,0.03548728041605455,0.8478659245775662
26003,GOF,0.006939251387335632,0.6318686454387907,0.36119210317387374
26004,GOF,0.01609241888044482,0.6806814778127603,0.30322610330679495
26005,LOF,0.005066705125758354,0.45778575261337817,0.5371475422608635
26006,GOF,0.13705675121482166,0.5507987014221172,0.3121445473630613
26007,GOF,0.010721747972707897,0.5350368566046225,0.45424139542266945
26008,GOF,0.0067134936463815005,0.5995499826758388,0.3937365236777797
26009,GOF,0.009984777868183196,0.6531494407643926,0.3368657813674242
26010,GOF,0.009834271330414902,0.6087018522651712,0.3814638764044139
26011,LOF,0.004199872408910532,0.42963188770966154,0.5661682398814278
26012,GOF,0.004879515524653324,0.501986116936009,0.49313436753933765
26013,GOF,0.009465026697335911,0.5586938905101131,0.43184108279255107
26014,LOF,0.06353278215973336,0.10361668539547472,0.8328505324447919
26015,LOF,0.34615754006067134,0.04431506323361487,0.6095273967057138
26016,LOF,0.30003398724857866,0.05921388426425706,0.6407521284871643
26017,LOF,0.01500069446609979,0.2838200621519985,0.7011792433819017
26018,LOF,0.023889661166953634,0.08746121249043977,0.8886491263426066
26019,LOF,0.02380605346313387,0.07237748439915544,0.9038164621377107
26020,LOF,0.007729256472522338,0.26784062228565064,0.724430121241827
26021,LOF,0.08430734459771487,0.10622712741437254,0.8094655279879126
26022,LOF,0.03269939871192014,0.043430448674627954,0.9238701526134518
26023,LOF,0.021077191129698292,0.055748712447542925,0.9231740964227587
26024,LOF,0.04947714538963758,0.08324726366061555,0.8672755909497469
26025,LOF,0.07482616355458126,0.11461792242801813,0.8105559140174007
26026,LOF,0.09823788385709578,0.09410284335429553,0.8076592727886087
26027,LOF,0.0239411641028839,0.03943486188190268,0.9366239740152134
26028,LOF,0.09734416887280692,0.16407975063654207,0.738576080490651
26029,LOF,0.027416778504740107,0.21793649115202543,0.7546467303432345
26030,LOF,0.16050876534977532,0.02588737737546862,0.8136038572747561
26031,LOF,0.011203158467176467,0.17070589744258263,0.818090944090241
26032,LOF,0.046109675909540175,0.06222276438045017,0.8916675597100097
26033,LOF,0.04992212774494001,0.05482389133211859,0.8952539809229414
26034,LOF,0.014781765470227243,0.18458068868300528,0.8006375458467675
26035,LOF,0.011874162328129243,0.12440660180720103,0.8637192358646697
26036,LOF,0.012353686163229535,0.14113316015798025,0.8465131536787901
26037,LOF,0.01001381588120257,0.11344645619649804,0.8765397279222994
26038,LOF,0.037382527897224856,0.05449392753730948,0.9081235445654657
26039,LOF,0.03135144511088924,0.15876955299000217,0.8098790018991087
26040,LOF,0.08595790855802926,0.13649257742987195,0.7775495140120987
26041,LOF,0.013270057904667997,0.10225910001553154,0.8844708420798005
26042,LOF,0.012177550617998491,0.11659739582226548,0.871225053559736
26043,LOF,0.03732558006852959,0.08160870141483144,0.8810657185166388
26044,LOF,0.01169007700560013,0.056538949098749895,0.9317709738956499
26045,LOF,0.0695865006262005,0.1271691726814702,0.8032443266923293
26046,LOF,0.03228641641544628,0.05963988577662075,0.9080736978079329
26047,LOF,0.060895290028446854,0.05747925812728365,0.8816254518442694
26048,LOF,0.06884567012587801,0.029333509902857356,0.9018208199712647
26049,Neutral,0.9447856251806122,0.009684080212214967,0.04553029460717272
26050,Neutral,0.9159917104652041,0.010358471645750258,0.07364981788904555
26051,LOF,0.024000178701895056,0.10234698539409952,0.8736528359040054
26052,LOF,0.03810203779025069,0.11657819695977487,0.8453197652499744
26053,LOF,0.025294513399452975,0.14141341242386235,0.8332920741766847
26054,LOF,0.04805808158679526,0.03171683608238478,0.9202250823308199
26055,LOF,0.07140031577706545,0.031057055715805006,0.8975426285071296
26056,LOF,0.05883327633054603,0.039681837014929416,0.9014848866545245
26057,LOF,0.059880925950856076,0.016695907203511242,0.9234231668456326
26058,LOF,0.0660321428543032,0.013442701725284674,0.9205251554204122
26059,LOF,0.201100466817225,0.03402460259244674,0.7648749305903282
26060,LOF,0.020252704295617405,0.16613987165393512,0.8136074240504475
26061,LOF,0.009847141854837756,0.01186859300778301,0.9782842651373791
26062,LOF,0.006164923201024003,0.01698174389296406,0.976853332906012
26063,LOF,0.04137804849526034,0.012456687998384886,0.9461652635063547
26064,LOF,0.009890950781224518,0.027926763485580226,0.9621822857331952
26065,LOF,0.0530648276682164,0.015046206030158028,0.9318889663016255
26066,LOF,0.04080157353441498,0.012479521585224064,0.9467189048803609
26067,LOF,0.048311993244731975,0.012267413309012579,0.9394205934462554
26068,LOF,0.056149913228160084,0.045432424114984646,0.8984176626568553
26069,LOF,0.30621866045082996,0.03279152546207531,0.6609898140870947
26070,Neutral,0.579262939468862,0.02328486177662932,0.39745219875450866
26071,LOF,0.0471772928619651,0.013468246873082056,0.9393544602649528
26072,LOF,0.008621328597032695,0.02134442368743078,0.9700342477155365
26073,LOF,0.0380182242122018,0.014468638297307568,0.9475131374904907
26074,Neutral,0.8722216274001608,0.010827108782654898,0.11695126381718439
26075,LOF,0.057625378683664734,0.02370708700598641,0.9186675343103488
26076,LOF,0.05447404069740414,0.01376607394067513,0.9317598853619208
26077,LOF,0.15185307113862562,0.007935634863210595,0.8402112939981637
26078,LOF,0.006675450724707657,0.01916367897622715,0.9741608702990652
26079,LOF,0.06833434225397898,0.022815708646841237,0.9088499490991797
26080,LOF,0.0676834435003428,0.022868660320881747,0.9094478961787755
26081,LOF,0.03574720550280499,0.010509473493614046,0.953743321003581
26082,LOF,0.006331766046931296,0.019062332059950157,0.9746059018931185
26083,LOF,0.1092451803180434,0.024545619802372357,0.8662091998795843
26084,LOF,0.1198354062667159,0.016400781191913565,0.8637638125413706
26085,LOF,0.10221050260967282,0.014145904784255071,0.8836435926060721
26086,LOF,0.04059480573144306,0.01362972349177475,0.9457754707767823
26087,LOF,0.03870563554963663,0.011726966986341103,0.9495673974640223
26088,LOF,0.007048297231075877,0.026941534435739004,0.9660101683331851
26089,LOF,0.04246015828489013,0.0435281580502488,0.9140116836648611
26090,LOF,0.04319048898478265,0.03174622519626783,0.9250632858189496
26091,LOF,0.028914522742855317,0.008682035736020109,0.9624034415211244
26092,LOF,0.047518174865646495,0.009550301733178015,0.9429315234011756
26093,LOF,0.08630156529589357,0.007088488635151272,0.9066099460689552
26094,LOF,0.03378691052057052,0.009142964900099542,0.95707012457933
26095,LOF,0.02722886052902652,0.01994172656305421,0.9528294129079192
26096,LOF,0.1914839207612474,0.0061664118981376624,0.802349667340615
26097,LOF,0.007119253243862059,0.03850268203924633,0.9543780647168916
26098,LOF,0.13378982667240455,0.0198275308614271,0.8463826424661685
26099,LOF,0.04097578345552842,0.021632653196467913,0.9373915633480037
26100,LOF,0.04097578345552842,0.021632653196467913,0.9373915633480037
26101,LOF,0.06395123430117522,0.03814435492160937,0.8979044107772154
26102,LOF,0.03409862943613513,0.018679990897927157,0.9472213796659378
26103,Neutral,0.8909642225552794,0.030528343215470953,0.07850743422924986
26104,LOF,0.05946368218328797,0.04565514990336476,0.8948811679133473
26105,LOF,0.25568126583738454,0.12292466254156574,0.6213940716210498
26106,LOF,0.32025325796279036,0.06785876157831396,0.6118879804588956
26107,LOF,0.023300057430823577,0.0801543783024897,0.8965455642666867
26108,LOF,0.23958773281334336,0.03362439712452101,0.7267878700621356
26109,LOF,0.0762429861248725,0.034882303325737864,0.8888747105493896
26110,LOF,0.45178933335724436,0.010017694864326935,0.5381929717784287
26111,LOF,0.054660066351768496,0.1467788249222703,0.7985611087259613
26112,LOF,0.05779117805760854,0.01034264341148548,0.931866178530906
26113,LOF,0.11996413646650475,0.024015565545759225,0.856020297987736
26114,LOF,0.08681958025716767,0.011214176933645603,0.9019662428091867
26115,LOF,0.019071009272389382,0.06257709198666339,0.9183518987409471
26116,LOF,0.07488991577593954,0.025588047627864062,0.8995220365961963
26117,LOF,0.3483287842407783,0.042586510065279054,0.6090847056939427
26118,LOF,0.04923285403967676,0.019778234425440213,0.930988911534883
26119,LOF,0.006308028317227178,0.040720079123006514,0.9529718925597663
26120,LOF,0.033465217409322345,0.018052563258686753,0.9484822193319908
26121,LOF,0.0038005561898464104,0.13634218191860917,0.8598572618915444
