feature0,prediction,LoGoFunc_Neutral,LoGoFunc_GOF,LoGoFunc_LOF
25546,Neutral,0.729258676782743,0.03260782805187593,0.23813349516538113
25547,Neutral,0.5818540497522285,0.06827788918842771,0.3498680610593437
25548,Neutral,0.5887538606381916,0.04907872843904508,0.36216741092276333
25549,Neutral,0.512772767470795,0.04939783044560026,0.4378294020836047
25550,LOF,0.3628248692499313,0.0841083408632163,0.5530667898868523
25551,LOF,0.30566163180086187,0.0939679077500571,0.6003704604490809
25552,LOF,0.22781898148093624,0.08852251054785323,0.6836585079712104
25553,Neutral,0.8462386974283019,0.025575548252229255,0.12818575431946894
25554,LOF,0.2567275157478318,0.08494734803481023,0.658325136217358
25555,LOF,0.21460299332599636,0.07534292242169002,0.7100540842523136
25556,LOF,0.4241647032993968,0.07707751215293346,0.4987577845476697
25557,LOF,0.20768504280220373,0.07927828658226467,0.7130366706155316
25558,LOF,0.2450666352261018,0.0873718530263721,0.6675615117475261
25559,LOF,0.35434681747660174,0.16801135673234155,0.47764182579105663
25560,LOF,0.0554253236337619,0.13663386077903877,0.8079408155871992
25561,LOF,0.11931838472485475,0.13842052050545,0.7422610947696953
25562,LOF,0.1239264121064658,0.058109551833864334,0.8179640360596698
25563,LOF,0.11036184122713144,0.07271615894209316,0.8169219998307755
25564,LOF,0.23735301785437757,0.13128812056888273,0.6313588615767397
25565,LOF,0.14607236963601236,0.09828406495603213,0.7556435654079555
25566,GOF,0.015126706015850852,0.7660017903246714,0.2188715036594776
25567,LOF,0.015083995648150581,0.1600420595190819,0.8248739448327675
25568,LOF,0.050032119820713344,0.06181814776273619,0.8881497324165505
25569,LOF,0.06192109051647581,0.05836317384289088,0.8797157356406332
25570,LOF,0.061971474992359,0.09203667982166304,0.8459918451859779
25571,LOF,0.0572386217631779,0.08838300194348633,0.8543783762933357
25572,LOF,0.06584337766288047,0.11960285245883369,0.8145537698782858
25573,LOF,0.03540775378749736,0.09167100554389478,0.8729212406686078
25574,LOF,0.018996104662781826,0.13735654330901687,0.8436473520282014
25575,LOF,0.04621267433780462,0.10368547880579154,0.8501018468564038
25576,LOF,0.01725620405259794,0.1260165947279611,0.8567272012194411
25577,LOF,0.014418043956366373,0.11623363821828564,0.869348317825348
25578,LOF,0.24497416472470995,0.07922624826736639,0.6757995870079236
25579,LOF,0.24596586999485412,0.07865016487635203,0.6753839651287938
25580,LOF,0.03267152392514737,0.07225862124945774,0.8950698548253949
25581,LOF,0.05223337050402613,0.06293197591447643,0.8848346535814975
25582,LOF,0.05219697140199763,0.06070967013385279,0.8870933584641496
25583,LOF,0.04578080020027576,0.08342132930823125,0.8707978704914929
25584,Neutral,0.48112984126816,0.10516841849993334,0.41370174023190665
25585,LOF,0.028320086065006942,0.11501364560236692,0.8566662683326262
25586,LOF,0.02848723555308113,0.0710121515037624,0.9005006129431564
25587,LOF,0.029418688838493714,0.06588886644381949,0.9046924447176867
25588,LOF,0.03113327426048742,0.08118144258257291,0.8876852831569396
25589,Neutral,0.6052550347167922,0.11831143741242398,0.2764335278707838
25590,LOF,0.030129360155515306,0.12569027166379626,0.8441803681806885
25591,LOF,0.11215779031498563,0.05230308596202332,0.835539123722991
25592,LOF,0.09295437620725171,0.1227964066967015,0.7842492170960469
25593,LOF,0.027364816803163067,0.2624515690180518,0.7101836141787852
25594,LOF,0.04291500422601609,0.21151309314896072,0.7455719026250233
25595,LOF,0.04853143181628451,0.1456898447661144,0.8057787234176012
25596,LOF,0.05029593860576006,0.1123973289318561,0.837306732462384
25597,LOF,0.0416985691076607,0.11248463365612271,0.8458167972362165
25598,LOF,0.04710123222865096,0.14459421690551658,0.8083045508658325
25599,GOF,0.008121359136071035,0.675845040579144,0.31603360028478505
25600,GOF,0.017193400486237048,0.6421840979181904,0.34062250159557267
25601,LOF,0.006358331054941722,0.4706981634232675,0.5229435055217908
25602,LOF,0.025588594260817117,0.046199962508845976,0.928211443230337
25603,LOF,0.05699162177021633,0.0269926589290145,0.9160157193007691
25604,LOF,0.04573658356281165,0.03476663405022428,0.9194967823869641
25605,LOF,0.015675169398191528,0.1760913211478649,0.8082335094539435
25606,LOF,0.10732595928306651,0.405410432841044,0.48726360787588957
25607,LOF,0.006732074156369646,0.17131568010036197,0.8219522457432684
25608,LOF,0.03179105332784415,0.05767026446203717,0.9105386822101187
25609,LOF,0.03909234762415847,0.4425355477480244,0.5183721046278172
25610,LOF,0.03745230292316385,0.027008935750727974,0.9355387613261082
25611,LOF,0.039933703773694956,0.025337681298711622,0.9347286149275935
25612,LOF,0.0952433143297191,0.037483278203473525,0.8672734074668073
25613,LOF,0.07745507150396123,0.038830456006040404,0.8837144724899983
25614,LOF,0.027005472722718183,0.032603330980368266,0.9403911962969136
25615,LOF,0.036493409663912534,0.04340779028315149,0.9200988000529359
25616,LOF,0.027565140667468322,0.032716695570286405,0.9397181637622452
25617,LOF,0.02534632378065119,0.03603880914945391,0.9386148670698948
25618,LOF,0.15289298713567398,0.029272752237274297,0.8178342606270517
25619,LOF,0.028630581961112792,0.031544546921004384,0.9398248711178829
25620,LOF,0.031162540148996117,0.03952374271851759,0.9293137171324863
25621,LOF,0.02565189648754747,0.03354463128834429,0.9408034722241083
25622,LOF,0.02980046711095247,0.039243258313585466,0.930956274575462
25623,LOF,0.053879280744715756,0.039441608897533495,0.9066791103577507
25624,LOF,0.025549541701488966,0.040850956456086336,0.9335995018424247
25625,LOF,0.03128576300539303,0.04634768771944541,0.9223665492751616
25626,LOF,0.07911124152821981,0.03270089495611626,0.8881878635156639
25627,Neutral,0.5465859398081432,0.12695367609457092,0.32646038409728584
25628,LOF,0.18804109039660097,0.06599691391993298,0.7459619956834659
25629,LOF,0.06957073749412633,0.06853505290175738,0.8618942096041164
25630,LOF,0.15424963474367903,0.09635634902340248,0.7493940162329185
25631,Neutral,0.5860852296374289,0.07126420281439008,0.34265056754818113
25632,LOF,0.017747798845196203,0.09568876265382197,0.886563438500982
25633,LOF,0.19721209935425474,0.07679650358895754,0.7259913970567877
25634,LOF,0.03494479355820033,0.10197094664693662,0.8630842597948629
25635,LOF,0.036795367059238276,0.09080005391878092,0.8724045790219809
25636,GOF,0.0035590124990225462,0.6631105134305686,0.33333047407040883
25637,GOF,0.004357654053982404,0.6992872161284687,0.29635512981754897
25638,LOF,0.007656823704484031,0.46302318426948536,0.5293199920260305
25639,GOF,0.00400575581311026,0.5565673797173712,0.4394268644695185
25640,GOF,0.4580529215396727,0.4819817787866405,0.05996529967368688
25641,LOF,0.009467549966229297,0.3411678065180561,0.6493646435157147
25642,LOF,0.2834733726712896,0.06687686916573826,0.6496497581629721
25643,LOF,0.24148375594540142,0.15425219210930283,0.6042640519452958
25644,GOF,0.014445390870783545,0.5506696040357668,0.4348850050934496
25645,LOF,0.011784245815459126,0.45951071976800784,0.5287050344165329
25646,LOF,0.019033340688026985,0.3571434421359553,0.6238232171760179
25647,LOF,0.014797821183853744,0.2943616759837482,0.6908405028323981
25648,LOF,0.013642303805344516,0.3165987630450725,0.6697589331495829
25649,LOF,0.010965696926342429,0.2324589095920477,0.7565753934816098
25650,LOF,0.027723050475785854,0.46727908100497484,0.5049978685192393
25651,LOF,0.009165023429510612,0.28990902674351865,0.7009259498269708
25652,LOF,0.01582516656682141,0.2708657005473567,0.7133091328858219
25653,LOF,0.06258869926868163,0.363549074110632,0.5738622266206864
25654,LOF,0.017146536968165357,0.14336671481343607,0.8394867482183986
25655,LOF,0.08532747242708551,0.40861509634498067,0.5060574312279338
25656,LOF,0.07487260886979036,0.07235822135787585,0.8527691697723339
25657,LOF,0.280901462440964,0.034795466758284085,0.684303070800752
25658,LOF,0.04005993945102847,0.0883732261299214,0.8715668344190501
25659,LOF,0.2853851416500176,0.06430129948631652,0.6503135588636659
25660,LOF,0.07395425335566416,0.0928001967202592,0.8332455499240767
25661,LOF,0.048462064620484836,0.06814176889202984,0.8833961664874853
25662,LOF,0.02705191872720938,0.043986188663961284,0.9289618926088293
25663,LOF,0.03795720019641185,0.06710158788992325,0.8949412119136649
25664,LOF,0.03306229842239587,0.08785202172343402,0.87908567985417
25665,LOF,0.059468912261675354,0.04032098932286355,0.9002100984154611
25666,LOF,0.033716715678712206,0.13225695971100548,0.8340263246102824
25667,LOF,0.031534178997940025,0.04998215265772091,0.9184836683443391
25668,LOF,0.030773877417868165,0.053229756486682704,0.9159963660954491
25669,LOF,0.03965316557314505,0.08211294657091112,0.8782338878559438
25670,LOF,0.09025195344507839,0.0871220435138481,0.8226260030410736
25671,LOF,0.04115749831809249,0.04198271146544643,0.916859790216461
25672,LOF,0.0566672250911229,0.06212727357434216,0.8812055013345349
25673,LOF,0.03808530325811078,0.0714937923558617,0.8904209043860276
25674,LOF,0.03135256111598465,0.07913939354928362,0.8895080453347317
25675,LOF,0.04188959983279726,0.05365241397788326,0.9044579861893194
25676,LOF,0.03438777976171185,0.0525126484799154,0.9130995717583728
25677,LOF,0.06264981256798006,0.06416326011664991,0.87318692731537
25678,LOF,0.29601609673668217,0.03810805060266474,0.6658758526606531
25679,LOF,0.18541886512802314,0.07439368900741232,0.7401874458645645
25680,LOF,0.06541652127076678,0.09503085351349,0.8395526252157431
25681,LOF,0.1144104233265796,0.08578996751047684,0.7997996091629436
25682,LOF,0.0447909594941158,0.07698019911883845,0.8782288413870457
25683,LOF,0.08924059612355133,0.08211239422050412,0.8286470096559445
25684,LOF,0.05714459216172916,0.07273600750277667,0.8701194003354942
25685,LOF,0.09570352142335445,0.0484176275249,0.8558788510517455
25686,LOF,0.031031359471986927,0.09329862467853346,0.8756700158494796
25687,LOF,0.04838500383089883,0.0743254217986813,0.8772895743704198
25688,LOF,0.02035769024384741,0.09524502144097763,0.884397288315175
25689,LOF,0.016873269893881594,0.07389316268979049,0.9092335674163279
25690,LOF,0.018595830051536092,0.08639828695743046,0.8950058829910336
25691,LOF,0.1694306077106548,0.12733840633399182,0.7032309859553534
25692,LOF,0.2706452201619529,0.014165997012247704,0.7151887828257995
25693,LOF,0.047939882345684914,0.15423796158153802,0.797822156072777
25694,LOF,0.228310371513206,0.01401215652273733,0.7576774719640567
25695,LOF,0.14599638049306218,0.019344498135123518,0.8346591213718143
25696,LOF,0.1751290087710294,0.010293954426323783,0.8145770368026468
25697,LOF,0.14279377710566465,0.02227765164102182,0.8349285712533135
25698,LOF,0.0246560056556527,0.3988863198768283,0.5764576744675189
25699,LOF,0.05852160104951035,0.056643448134141995,0.8848349508163476
25700,LOF,0.03235208198749572,0.009563182748406633,0.9580847352640975
25701,LOF,0.01108760841726021,0.06941940012219419,0.9194929914605455
25702,GOF,0.032760648572035596,0.7388991959385518,0.22834015548941253
25703,LOF,0.015729316571447303,0.1858693864044306,0.7984012970241221
25704,LOF,0.0848965867003052,0.1488361937134835,0.7662672195862114
25705,LOF,0.06757082647631474,0.24101593297837737,0.691413240545308
25706,GOF,0.053170036684254185,0.6563080190904502,0.2905219442252956
25707,GOF,0.023754126233353982,0.5512779647034692,0.4249679090631767
25708,LOF,0.00674317516976596,0.4952639341359826,0.4979928906942515
25709,LOF,0.01970771187545297,0.06319431579140491,0.9170979723331422
25710,LOF,0.00808524519117697,0.17193423759178791,0.819980517217035
25711,LOF,0.021643108637136678,0.12352641537834834,0.854830475984515
25712,LOF,0.009152590906447045,0.22955868247522154,0.7612887266183315
25713,LOF,0.01911577260198279,0.10432738968785812,0.876556837710159
25714,LOF,0.020442726663973947,0.144822838155177,0.834734435180849
25715,LOF,0.019146904730990375,0.11967638332302878,0.8611767119459809
25716,LOF,0.009621913515955439,0.1707258109046075,0.819652275579437
25717,LOF,0.0054474535848815855,0.14600236019633503,0.8485501862187834
25718,LOF,0.019144537109105762,0.08307634250678757,0.8977791203841068
25719,LOF,0.03995060567446903,0.09263905680756161,0.8674103375179695
25720,LOF,0.025981048615073055,0.08681003486225913,0.8872089165226679
25721,LOF,0.0240761417955189,0.0911174062419204,0.8848064519625607
25722,LOF,0.017097682616166454,0.12984335087409268,0.853058966509741
25723,LOF,0.02366204333971324,0.07028437534275506,0.9060535813175317
25724,LOF,0.028569473089771175,0.12361377379617858,0.8478167531140502
25725,LOF,0.023015781794123138,0.066533349925427,0.9104508682804499
25726,LOF,0.018003523345775884,0.09509751827411028,0.8868989583801139
25727,LOF,0.0216497504717286,0.08411687109422135,0.89423337843405
25728,LOF,0.019111518890799827,0.09848577800191487,0.8824027031072853
25729,LOF,0.019762745392321816,0.10031926434117255,0.8799179902665056
25730,LOF,0.020683858347786067,0.08043128339599113,0.8988848582562229
25731,LOF,0.011283153003329237,0.19980629861944177,0.788910548377229
25732,LOF,0.018537807511956484,0.09093030874254732,0.8905318837454963
25733,LOF,0.0337764537387029,0.08411550352804399,0.8821080427332532
25734,LOF,0.006135459343541283,0.2401741320388464,0.7536904086176123
25735,LOF,0.02356541718785406,0.07472259373491125,0.9017119890772346
25736,LOF,0.02216328342212136,0.12499827501556962,0.852838441562309
25737,LOF,0.03995259601471683,0.10270955725182662,0.8573378467334566
25738,LOF,0.01946626107415464,0.1513120403105901,0.8292216986152553
25739,LOF,0.022998445700180094,0.14220277897970776,0.8347987753201122
25740,LOF,0.056001928481906764,0.1364981417137411,0.8074999298043521
25741,LOF,0.027736008995088525,0.11103445451879658,0.861229536486115
25742,LOF,0.043382657579932156,0.1280246487851989,0.828592693634869
25743,LOF,0.011597187338310102,0.03940553259774762,0.9489972800639422
25744,GOF,0.1705669608368405,0.43649548303878644,0.39293755612437314
25745,LOF,0.026388461005406382,0.07169272708488063,0.901918811909713
25746,LOF,0.013588338637739023,0.08976407263017347,0.8966475887320875
25747,LOF,0.027980531016733444,0.034071222772622825,0.9379482462106438
25748,LOF,0.2503454056636507,0.055464039975471224,0.6941905543608781
25749,LOF,0.014090111647050683,0.05866125880502329,0.9272486295479261
25750,LOF,0.01672699159083077,0.0885346720050522,0.894738336404117
25751,LOF,0.03631443985992369,0.06911573174402336,0.8945698283960529
25752,GOF,0.09075680423111715,0.6763656083155204,0.2328775874533625
25753,LOF,0.006631848106444311,0.3651507920973907,0.628217359796165
25754,GOF,0.006039973223991602,0.8565462417103893,0.13741378506561913
25755,LOF,0.007873916777953776,0.45739074945794883,0.5347353337640974
25756,LOF,0.04494368625208174,0.44845647579700176,0.5065998379509166
25757,GOF,0.007045593001625783,0.8719143680131195,0.1210400389852549
25758,GOF,0.008864947249566229,0.8699581725951788,0.12117688015525489
25759,GOF,0.00495550985957891,0.5854262887818438,0.40961820135857724
25760,LOF,0.006250256094808405,0.31968729755443687,0.6740624463507546
25761,GOF,0.06299483789935717,0.8577020839388743,0.07930307816176857
25762,LOF,0.027021295286857986,0.38891952385830664,0.5840591808548353
25763,LOF,0.00734386263389807,0.2655258005292012,0.7271303368369008
25764,GOF,0.06486804246847352,0.6241158079387892,0.3110161495927373
25765,GOF,0.008026300023383691,0.8379135663833343,0.1540601335932822
25766,GOF,0.04300049596414404,0.8122129427271745,0.14478656130868156
25767,GOF,0.010825653704505032,0.5457133981574034,0.4434609481380915
25768,LOF,0.03485738242523819,0.07129194282862059,0.8938506747461412
25769,LOF,0.022567299268434565,0.0839817584475764,0.893450942283989
25770,LOF,0.17068167716758187,0.07228697144291052,0.7570313513895077
25771,LOF,0.013375602622882198,0.08316638850087614,0.9034580088762416
25772,LOF,0.024977036976951868,0.030600896404546767,0.9444220666185015
25773,LOF,0.015164941169290295,0.08512346154616532,0.8997115972845444
25774,LOF,0.02863220649218193,0.09632666437158457,0.8750411291362336
25775,LOF,0.018140433630210735,0.04707926402182818,0.9347803023479611
25776,LOF,0.0282693046262133,0.028619757236650407,0.9431109381371362
25777,LOF,0.23778614133793094,0.07652819610091197,0.685685662561157
25778,LOF,0.021024396805494876,0.05733452953982099,0.9216410736546841
25779,GOF,0.030456131140907942,0.9037499014310332,0.06579396742805882
25780,GOF,0.07029753420958762,0.8793850266729398,0.0503174391174726
25781,GOF,0.030548112833115197,0.8762690581501367,0.09318282901674811
25782,GOF,0.024306758797407253,0.9119655234190859,0.06372771778350673
25783,GOF,0.019343631224250132,0.80819806381686,0.1724583049588898
25784,GOF,0.08524772301529221,0.8806579178963663,0.03409435908834136
25785,GOF,0.052095590989960895,0.9070678917935563,0.04083651721648269
25786,GOF,0.0071394359975527,0.8617993980974227,0.1310611659050246
25787,GOF,0.149626784795931,0.81568302190594,0.034690193298128884
25788,LOF,0.015944600012880703,0.20440901078022528,0.7796463892068941
25789,GOF,0.014715006799981209,0.8579165177703408,0.12736847542967794
25790,GOF,0.014389286146033523,0.8739291690919443,0.1116815447620222
25791,GOF,0.01521849825465817,0.845137058252296,0.1396444434930459
25792,GOF,0.018759122504809888,0.8568988412405395,0.12434203625465064
25793,GOF,0.05281305819887823,0.8462968068957785,0.10089013490534325
25794,GOF,0.04317061857597541,0.7664275076793786,0.19040187374464587
25795,GOF,0.047492777170808784,0.7741977284436116,0.17830949438557964
25796,GOF,0.07325608837450083,0.827877493297886,0.09886641832761321
25797,GOF,0.05122307067086303,0.7224512595346841,0.22632566979445282
25798,GOF,0.003361824311414554,0.7022203288788597,0.29441784680972577
25799,GOF,0.003054894323314405,0.5786025690909474,0.4183425365857381
25800,GOF,0.019827802733465908,0.8026953494525256,0.1774768478140084
25801,GOF,0.013618593792047995,0.8887732238484006,0.0976081823595514
25802,GOF,0.023664147168654948,0.8414232460083622,0.1349126068229829
25803,GOF,0.0141674601895795,0.755153126341161,0.23067941346925946
25804,GOF,0.016410829196415594,0.6667230992579096,0.31686607154567475
25805,GOF,0.02829285494758188,0.7526215113122215,0.21908563374019643
25806,GOF,0.020653444561630093,0.8062704473652939,0.1730761080730761
25807,GOF,0.006336431679335454,0.7770989167306637,0.21656465159000085
25808,GOF,0.016303518859614185,0.7928223265363721,0.1908741546040138
25809,GOF,0.008144034444238253,0.7632402254834062,0.22861574007235566
25810,GOF,0.006922489324789351,0.7671738974251502,0.2259036132500604
25811,GOF,0.03401072344638336,0.8782757577627781,0.08771351879083844
25812,GOF,0.017285009109717184,0.7723758715805914,0.2103391193096914
25813,GOF,0.09035327706278178,0.8138016218511275,0.09584510108609079
25814,GOF,0.020854779350344542,0.8037949242517047,0.1753502963979507
25815,GOF,0.03474911477767211,0.8414901785558943,0.12376070666643371
25816,GOF,0.007457379428264089,0.8763923812304552,0.11615023934128091
25817,GOF,0.10099409869318486,0.8250761283044462,0.07392977300236876
25818,GOF,0.019531935003991134,0.8372898660519701,0.14317819894403885
25819,GOF,0.05709619155655569,0.7708345529759306,0.17206925546751362
25820,GOF,0.022713566256666463,0.7843687912226186,0.19291764252071503
25821,GOF,0.016395652472095113,0.7830899566830833,0.2005143908448215
25822,GOF,0.030319506281967442,0.7915852945250078,0.17809519919302474
25823,GOF,0.018160728089710795,0.6898201687447879,0.2920191031655013
25824,GOF,0.01956004227466749,0.7808432214712655,0.19959673625406704
25825,GOF,0.016619813549160763,0.7766304806738853,0.20674970577695398
25826,GOF,0.006157573545259354,0.7654204051947626,0.22842202125997807
25827,GOF,0.009940213478439777,0.7340461737862931,0.2560136127352672
25828,GOF,0.007628972243502051,0.71230481533198,0.2800662124245179
25829,GOF,0.0032763052563426773,0.7410933178777371,0.25563037686592033
25830,GOF,0.036142604396973435,0.5387859986252217,0.4250713969778049
25831,GOF,0.0649148155171163,0.8263821498373207,0.10870303464556313
25832,GOF,0.007983251878209788,0.8116574649472285,0.18035928317456182
25833,GOF,0.03242048237468249,0.8555492861241388,0.11203023150117859
25834,GOF,0.00781387767027204,0.8256412312349917,0.16654489109473625
25835,GOF,0.019986256495879307,0.8718641192169544,0.10814962428716635
25836,GOF,0.0057790215929556426,0.8237315501817123,0.170489428225332
25837,GOF,0.006557983975853533,0.7320910754080603,0.2613509406160863
25838,GOF,0.018238624529361137,0.8726799904011359,0.10908138506950293
25839,GOF,0.042448629272003054,0.8563756227025525,0.10117574802544452
25840,GOF,0.08791309099336553,0.8191283750684585,0.09295853393817591
25841,GOF,0.08553641087126451,0.8332322678328205,0.08123132129591504
25842,GOF,0.020373476448072768,0.8942958989529197,0.08533062459900756
25843,GOF,0.021313071790109092,0.9035024018067297,0.07518452640316121
25844,GOF,0.013194225264059941,0.8498566493239127,0.1369491254120274
25845,GOF,0.004297201232071152,0.6532046453870753,0.3424981533808535
25846,GOF,0.05915154283671133,0.8576769488427326,0.08317150832055614
25847,GOF,0.013375429435398463,0.905503938832017,0.08112063173258442
25848,GOF,0.01564195316745688,0.8644617300251536,0.11989631680738971
25849,GOF,0.005614490928366568,0.785518193312226,0.20886731575940745
25850,GOF,0.005611528417022186,0.8007303038187162,0.1936581677642616
25851,GOF,0.004959925602327083,0.6879707356379868,0.307069338759686
25852,GOF,0.13951671704844248,0.5895771359976506,0.27090614695390686
25853,GOF,0.062481784746007345,0.8498444168953986,0.08767379835859394
25854,GOF,0.0043647593003553024,0.7265690013674867,0.26906623933215806
25855,GOF,0.018385032403405388,0.690465647678296,0.29114931991829857
25856,GOF,0.03268897309068863,0.7982845210105053,0.16902650589880608
25857,GOF,0.020255345858150014,0.6735743053091908,0.30617034883265914
25858,GOF,0.006669959379357335,0.677883886610387,0.31544615401025555
25859,GOF,0.005843218380971054,0.6787523098314736,0.3154044717875553
25860,GOF,0.07713516973467835,0.8348967000847033,0.08796813018061828
25861,GOF,0.07921757561343097,0.8338281147185302,0.08695430966803884
25862,GOF,0.015465303987627839,0.8779646102717419,0.10657008574063033
25863,GOF,0.01665642437847467,0.8769214569596923,0.10642211866183306
25864,GOF,0.04835708664654826,0.8735312294425635,0.07811168391088828
25865,GOF,0.03755424865795115,0.8605739270387804,0.10187182430326856
25866,GOF,0.019717842306496158,0.8815112766211413,0.09877088107236265
25867,GOF,0.027386752815671093,0.8935474259361864,0.07906582124814265
25868,GOF,0.05163671166604215,0.847769517265131,0.10059377106882691
25869,GOF,0.33420921173753715,0.5995416787277549,0.0662491095347079
25870,GOF,0.0602624721519221,0.7073403060587753,0.2323972217893027
25871,GOF,0.008647203525031219,0.8882508265678297,0.1031019699071392
25872,GOF,0.018213651469294483,0.8878976897244224,0.09388865880628311
25873,GOF,0.017925385899069363,0.9006153499516747,0.08145926414925606
25874,LOF,0.015753465172242728,0.23596623272370834,0.7482803021040489
25875,LOF,0.04825504306207828,0.04724643950094092,0.9044985174369808
25876,LOF,0.016277842604810414,0.038742300263834475,0.944979857131355
25877,LOF,0.10758755880682036,0.09276830910095253,0.7996441320922272
25878,LOF,0.07030761143722684,0.12455946704349304,0.8051329215192801
25879,LOF,0.022091082981638362,0.08912818153102145,0.8887807354873402
25880,LOF,0.05989674992551423,0.012499312895327418,0.9276039371791583
25881,Neutral,0.5019653398827749,0.0735391753333967,0.42449548478382837
25882,LOF,0.06306436820093586,0.027944142870550664,0.9089914889285134
25883,LOF,0.027005641311794622,0.02705115096495075,0.9459432077232547
25884,LOF,0.020679382088392387,0.04896344941808446,0.9303571684935231
25885,LOF,0.2120355611695654,0.014638578744257332,0.7733258600861772
25886,LOF,0.2760354309356616,0.05569034547582826,0.6682742235885102
25887,LOF,0.16784931760628924,0.07781095187530182,0.7543397305184089
25888,LOF,0.010419744614273833,0.14486134263117828,0.8447189127545479
25889,LOF,0.0257105543903619,0.037837243260499996,0.9364522023491382
25890,LOF,0.16050522427266936,0.1032039363043919,0.7362908394229387
25891,LOF,0.1061722546808091,0.026204143373565632,0.8676236019456254
25892,LOF,0.00858685765880735,0.036362010585790874,0.9550511317554018
25893,LOF,0.3498112334274245,0.010913437493670672,0.6392753290789048
25894,LOF,0.3995776169926627,0.006690692038170142,0.5937316909691671
25895,LOF,0.33839076483466457,0.014035327163279683,0.6475739080020557
25896,LOF,0.06717563580841734,0.019512728427012266,0.9133116357645703
25897,LOF,0.1791358250724416,0.009798266326249363,0.811065908601309
25898,LOF,0.14470833451516973,0.033173341517815536,0.8221183239670147
25899,LOF,0.4374107660353332,0.017187538833852736,0.545401695130814
25900,Neutral,0.5013016085502833,0.009025248103185153,0.48967314334653167
25901,LOF,0.06140481263571746,0.009243322961052692,0.9293518644032299
25902,LOF,0.1863270689367229,0.009547710731953681,0.8041252203313235
25903,LOF,0.3732229377656449,0.026911132968231423,0.5998659292661237
25904,Neutral,0.5075507943238146,0.028311439079733196,0.4641377665964522
25905,LOF,0.005674039263357201,0.4675432670162333,0.5267826937204095
25906,LOF,0.007739353865555168,0.11273820921397278,0.8795224369204719
25907,LOF,0.004980112883033551,0.3466575036004106,0.648362383516556
25908,LOF,0.0048123021350820715,0.2570215647902314,0.7381661330746865
25909,LOF,0.02482383054952919,0.15882811411561337,0.8163480553348574
25910,LOF,0.01355300635878488,0.15041835388127614,0.836028639759939
25911,LOF,0.24782062664170754,0.04972633047001417,0.7024530428882784
25912,LOF,0.09328275161075844,0.04636781000625866,0.860349438382983
25913,LOF,0.02499074971101436,0.06960405965464049,0.9054051906343451
25914,LOF,0.037470310476446334,0.040841353900513966,0.9216883356230398
25915,LOF,0.1948546643955727,0.17308292591790986,0.6320624096865175
25916,LOF,0.029512770017999783,0.11358232568750895,0.8569049042944913
25917,LOF,0.07369185818866832,0.034983987195139614,0.8913241546161921
25918,LOF,0.040681648464630946,0.02478750866235746,0.9345308428730116
25919,LOF,0.03643606543281772,0.025154960567285965,0.9384089739998962
25920,LOF,0.3059188002562828,0.21724854035722416,0.47683265938649305
25921,LOF,0.014895594435127684,0.04421705618086709,0.9408873493840051
25922,LOF,0.016898457465862736,0.04413841261557224,0.938963129918565
25923,LOF,0.416728936419183,0.041195772805392016,0.542075290775425
25924,LOF,0.019155887868006812,0.06686178330581755,0.9139823288261757
25925,LOF,0.07900638457987161,0.05517839687050549,0.865815218549623
25926,LOF,0.06310874240994763,0.04893817737949266,0.8879530802105599
25927,LOF,0.021868118366746504,0.07588739026626791,0.9022444913669856
25928,LOF,0.009170875545047948,0.06627126251360337,0.9245578619413487
25929,Neutral,0.5559645263330802,0.037872129590465674,0.4061633440764541
25930,LOF,0.07707364668955247,0.037995858125374427,0.884930495185073
25931,LOF,0.013000598260361904,0.04733752699370665,0.9396618747459315
25932,LOF,0.06754275758872713,0.039849287817341095,0.8926079545939318
25933,LOF,0.06587449384999075,0.023918341760087065,0.9102071643899222
25934,LOF,0.06214016438979342,0.02261048356459208,0.9152493520456145
25935,LOF,0.07148684400831687,0.06773285302498208,0.8607803029667009
25936,LOF,0.10328695825913668,0.02557900474523436,0.8711340369956289
25937,LOF,0.014254342118286502,0.057446083498367655,0.9282995743833458
25938,LOF,0.07049424340240673,0.05939741654334243,0.8701083400542508
25939,LOF,0.04366464900171994,0.031802602261327875,0.9245327487369522
25940,LOF,0.009602490978694209,0.3728287604164538,0.617568748604852
25941,Neutral,0.5018208657721894,0.054293448182320674,0.44388568604548995
25942,LOF,0.009328232435779288,0.061367254937569345,0.9293045126266514
25943,LOF,0.06351067686284141,0.2085930699691593,0.7278962531679993
25944,LOF,0.05331349977757047,0.09198948509004863,0.8546970151323808
25945,LOF,0.11722811531154885,0.02823739100559487,0.8545344936828562
25946,LOF,0.06837573105919281,0.039265684579256256,0.892358584361551
25947,Neutral,0.44608219846163266,0.10930894408423023,0.44460885745413703
25948,LOF,0.4203073896176547,0.018526935057069996,0.5611656753252753
25949,LOF,0.14304786816418608,0.08250738217566075,0.7744447496601531
25950,GOF,0.07481353844742551,0.5922482001240346,0.33293826142854
25951,LOF,0.013785512176952393,0.4098232107180173,0.5763912771050302
25952,LOF,0.27618845428451794,0.25437222533636605,0.469439320379116
25953,LOF,0.009146386001380576,0.1866192259687605,0.804234388029859
25954,LOF,0.07164519211023024,0.4569537536271768,0.4714010542625931
25955,LOF,0.006665804220405242,0.18357629555787935,0.8097579002217155
25956,LOF,0.017862556588424935,0.2247515996111957,0.7573858438003793
25957,LOF,0.1776588353348107,0.03157620652308177,0.7907649581421075
25958,LOF,0.0315390373645006,0.06148740747985756,0.9069735551556417
25959,GOF,0.011516353671721626,0.6897883877141809,0.2986952586140973
25960,LOF,0.00533029041390399,0.08887461754387967,0.9057950920422164
25961,LOF,0.02968778322097231,0.04971293742236711,0.9205992793566606
25962,LOF,0.047697447468496114,0.06072153791911433,0.8915810146123897
25963,LOF,0.0052673258761493135,0.18240937653479677,0.812323297589054
25964,LOF,0.026115956766992382,0.11692151536175746,0.8569625278712502
25965,LOF,0.25121741824805083,0.11387004204768417,0.634912539704265
25966,LOF,0.4171036457276159,0.14513900570164723,0.43775734857073684
25967,LOF,0.008039845022103566,0.09021508519279836,0.901745069785098
25968,LOF,0.040981559401548594,0.25387097010342596,0.7051474704950255
25969,LOF,0.1440343708261187,0.058528096210684555,0.7974375329631967
25970,LOF,0.0538447107468493,0.1109413332973646,0.8352139559557862
25971,LOF,0.08892584351472735,0.0321876017226409,0.8788865547626318
25972,LOF,0.06733850335603077,0.05742538897008457,0.8752361076738846
25973,LOF,0.06157330344318149,0.009733909707783215,0.9286927868490353
25974,LOF,0.04624840592199151,0.04038921740928605,0.9133623766687224
25975,LOF,0.04329448250595354,0.019810121598681923,0.9368953958953645
25976,LOF,0.08987957052674107,0.011562890966255344,0.8985575385070035
25977,LOF,0.2185932316505362,0.07338393988715491,0.7080228284623088
25978,LOF,0.19617870623341555,0.11378546778046611,0.6900358259861185
25979,LOF,0.16448045890203528,0.13024603587045316,0.7052735052275115
25980,LOF,0.259688701953243,0.18049053181658758,0.5598207662301694
25981,LOF,0.26110097525902415,0.18306536359187367,0.5558336611491022
25982,Neutral,0.4680058784874799,0.08505878396075749,0.4469353375517627
25983,Neutral,0.46455016073479893,0.1097780534069571,0.4256717858582439
25984,LOF,0.040514937325786024,0.09854887230539434,0.8609361903688196
25985,LOF,0.3676117449012491,0.15571416532933885,0.4766740897694121
25986,LOF,0.011056845748934467,0.44282876053006626,0.5461143937209991
25987,LOF,0.04780284699435229,0.10199568518019678,0.8502014678254509
25988,LOF,0.037742395840337006,0.16730482961155405,0.794952774548109
25989,LOF,0.03838550334306197,0.198636748710599,0.762977747946339
25990,LOF,0.03790442803681878,0.3106953534984682,0.651400218464713
25991,LOF,0.01929291441649169,0.4053481915983968,0.5753588939851115
25992,LOF,0.018063705734543505,0.41023801486795686,0.5716982793974996
25993,LOF,0.02690652124148481,0.07016954128672655,0.9029239374717887
25994,LOF,0.023737634696370444,0.06756495516469152,0.908697410138938
25995,LOF,0.020111568219640837,0.12416604288284402,0.8557223888975152
25996,LOF,0.32345321199454297,0.3091591998363916,0.3673875881690654
25997,LOF,0.053959736583074444,0.3503441931756039,0.5956960702413218
25998,LOF,0.2864242175659285,0.046233514756032074,0.6673422676780393
25999,LOF,0.03471974679603719,0.18195093620723582,0.7833293169967269
26000,LOF,0.17460973172705124,0.02874496393925781,0.796645304333691
26001,LOF,0.2924278740630434,0.040053834614222135,0.6675182913227344
26002,LOF,0.12728263034567122,0.040910716707614474,0.8318066529467143
26003,GOF,0.006945538329997807,0.6503548549732812,0.342699606696721
26004,GOF,0.013418435368904353,0.6928207234531092,0.29376084117798645
26005,LOF,0.004449238555748144,0.47195460635588954,0.5235961550883623
26006,GOF,0.13736470097108028,0.5386838343730855,0.32395146465583413
26007,GOF,0.01089392838778044,0.5394741579834456,0.449631913628774
26008,GOF,0.0063328603148449705,0.6063095042422193,0.3873576354429358
26009,GOF,0.009506981641592086,0.6676393840895257,0.32285363426888214
26010,GOF,0.009182417435384073,0.6154971751397794,0.37532040742483663
26011,LOF,0.0037378709637216996,0.42965591376937146,0.5666062152669068
26012,LOF,0.004570143735851806,0.4976444766126493,0.49778537965149894
26013,GOF,0.008324557349154839,0.5569741232368587,0.4347013194139864
26014,LOF,0.06253685140184287,0.11302177239103456,0.8244413762071225
26015,LOF,0.36958119077353624,0.04255438379276915,0.5878644254336947
26016,LOF,0.289321057836832,0.05680347227690284,0.6538754698862652
26017,LOF,0.015383181374962718,0.26290835496759024,0.7217084636574471
26018,LOF,0.023623259128526027,0.08713264962515968,0.8892440912463143
26019,LOF,0.023606858890528444,0.07364381721480791,0.9027493238946637
26020,LOF,0.007473356958668205,0.2417725335616624,0.7507541094796695
26021,LOF,0.0930754136127799,0.0942273370170888,0.8126972493701313
26022,LOF,0.0319515727183727,0.04140736286154014,0.9266410644200871
26023,LOF,0.0229976470825614,0.056853201501443726,0.920149151415995
26024,LOF,0.0548219524026409,0.0781392636971812,0.8670387839001779
26025,LOF,0.07845406714157768,0.1002501152293856,0.8212958176290368
26026,LOF,0.1074872210709799,0.07971906908790911,0.8127937098411111
26027,LOF,0.024893021029785623,0.03948079096915218,0.9356261880010622
26028,LOF,0.09172993857094139,0.1639955005023899,0.7442745609266688
26029,LOF,0.02773460550426964,0.22221640015029825,0.7500489943454322
26030,LOF,0.1570755705372264,0.028012274790862785,0.8149121546719109
26031,LOF,0.011619859821363496,0.1758577171563491,0.8125224230222874
26032,LOF,0.04618622354994659,0.05909642794196228,0.894717348508091
26033,LOF,0.054784831478185504,0.05144303761822965,0.8937721309035848
26034,LOF,0.015578241069223108,0.18770833513219834,0.7967134237985785
26035,LOF,0.011289037986351967,0.12772009769714016,0.8609908643165078
26036,LOF,0.011395209912390368,0.13941359049237337,0.8491911995952363
26037,LOF,0.009574517025332007,0.11893712510418798,0.87148835787048
26038,LOF,0.037978687992810525,0.053248489277384715,0.9087728227298048
26039,LOF,0.033320482030695084,0.16148135214600146,0.8051981658233034
26040,LOF,0.08410583058504029,0.13911860701392262,0.7767755624010372
26041,LOF,0.01199762607428585,0.10144379975724838,0.8865585741684658
26042,LOF,0.011182315689225808,0.11866827474884654,0.8701494095619277
26043,LOF,0.038070892918975065,0.07313728969562784,0.888791817385397
26044,LOF,0.011556950750180447,0.056661715825851715,0.9317813334239679
26045,LOF,0.07331975073953112,0.11718155991725816,0.8094986893432107
26046,LOF,0.032415185231493976,0.054438954064837515,0.9131458607036685
26047,LOF,0.06259280587771694,0.05374557139776455,0.8836616227245184
26048,LOF,0.07508226839679358,0.02642974469611555,0.8984879869070908
26049,Neutral,0.9463326776697363,0.008596321368689212,0.04507100096157452
26050,Neutral,0.9197485690389646,0.00929131951744967,0.07096011144358581
26051,LOF,0.02171779287566444,0.10633195589750064,0.871950251226835
26052,LOF,0.03732082338763038,0.11968042500097753,0.8429987516113921
26053,LOF,0.02296421840299322,0.1682730031098179,0.8087627784871889
26054,LOF,0.048579805640344274,0.030098970951764732,0.9213212234078909
26055,LOF,0.07183863524512307,0.02863058098729892,0.899530783767578
26056,LOF,0.05847908435596301,0.035472772879995146,0.9060481427640418
26057,LOF,0.05648581270723371,0.016003832454849157,0.9275103548379172
26058,LOF,0.05998982390502222,0.01310137553416522,0.9269088005608125
26059,LOF,0.22154332019980297,0.035478324766210066,0.7429783550339869
26060,LOF,0.017056685217631904,0.18488059825928288,0.7980627165230851
26061,LOF,0.010747363278903096,0.010867524054002568,0.9783851126670944
26062,LOF,0.005634133252939157,0.017779968888563414,0.9765858978584975
26063,LOF,0.038170601861815076,0.012487911419129123,0.9493414867190557
26064,LOF,0.01151688626116153,0.030042295998702326,0.9584408177401361
26065,LOF,0.044852546476892886,0.015045004384113355,0.9401024491389938
26066,LOF,0.04705379700699261,0.01188997805490722,0.9410562249381003
26067,LOF,0.05079595513684735,0.011305227343504328,0.9378988175196483
26068,LOF,0.056651256971446746,0.04525853030732821,0.898090212721225
26069,LOF,0.309785183425968,0.030431346000231244,0.6597834705738007
26070,Neutral,0.5908932980223665,0.020682266473944014,0.3884244355036895
26071,LOF,0.042185877292790025,0.013502634849406246,0.9443114878578037
26072,LOF,0.00916620525108997,0.01971179033583641,0.9711220044130736
26073,LOF,0.038791112315949866,0.014506190571521844,0.9467026971125284
26074,Neutral,0.8766232851819925,0.010520033511493956,0.1128566813065135
26075,LOF,0.059361833169951125,0.021771049864334292,0.9188671169657147
26076,LOF,0.05292725351767108,0.014196104621544706,0.9328766418607843
26077,LOF,0.14337300275056433,0.008694306759159933,0.8479326904902758
26078,LOF,0.007548939175119878,0.017763310085019697,0.9746877507398605
26079,LOF,0.06639203462247306,0.02236437045215695,0.9112435949253699
26080,LOF,0.06556558926586013,0.02239752965339821,0.9120368810807418
26081,LOF,0.034095438183308444,0.01098975885961827,0.9549148029570733
26082,LOF,0.005830912112329067,0.01904972427784603,0.9751193636098248
26083,LOF,0.11489340926191151,0.023891568781110883,0.8612150219569775
26084,LOF,0.10922468193415484,0.017238224476273666,0.8735370935895715
26085,LOF,0.09411575583908369,0.014863023039550144,0.8910212211213663
26086,LOF,0.03870702750892804,0.013840008058722524,0.9474529644323494
26087,LOF,0.03730130118200245,0.01124746514040994,0.9514512336775875
26088,LOF,0.006830837444207451,0.024879357661233184,0.9682898048945593
26089,LOF,0.04442331262863851,0.036012924406443984,0.9195637629649175
26090,LOF,0.044810669256544325,0.027498919255865322,0.9276904114875903
26091,LOF,0.033276705329916764,0.008883079734993792,0.9578402149350894
26092,LOF,0.042781657917733515,0.010042056260992189,0.9471762858212742
26093,LOF,0.08411957788059017,0.006768755503981384,0.9091116666154285
26094,LOF,0.03784193665171707,0.00800241289251569,0.9541556504557672
26095,LOF,0.02607983842104018,0.018591762787720668,0.9553283987912391
26096,LOF,0.17438575054868052,0.006197360545554046,0.8194168889057654
26097,LOF,0.007021208881340592,0.03867060360608786,0.9543081875125716
26098,LOF,0.1274063582909536,0.020506316115491485,0.8520873255935548
26099,LOF,0.04328107506821333,0.019110142074128866,0.9376087828576578
26100,LOF,0.04328107506821333,0.019110142074128866,0.9376087828576578
26101,LOF,0.05942068248042327,0.03561101740496701,0.9049683001146097
26102,LOF,0.036578490019632814,0.018126750747679634,0.9452947592326876
26103,Neutral,0.8946332538271071,0.029797337548223644,0.07556940862466933
26104,LOF,0.05869388379916964,0.04217327258718881,0.8991328436136415
26105,LOF,0.22528495096451367,0.1374707136686264,0.63724433536686
26106,LOF,0.3305588731020776,0.07107119395980255,0.5983699329381199
26107,LOF,0.024117951096514476,0.08508774683045488,0.8907943020730307
26108,LOF,0.2346374945644038,0.03678932082918959,0.7285731846064066
26109,LOF,0.0928904616532704,0.036057755041429974,0.8710517833052998
26110,LOF,0.435369578607832,0.009480942181582684,0.5551494792105852
26111,LOF,0.04808853464398631,0.13849725389499248,0.8134142114610211
26112,LOF,0.05531278561440265,0.009564052075035957,0.9351231623105615
26113,LOF,0.11660251579131024,0.02398173937081224,0.8594157448378775
26114,LOF,0.08586817285115579,0.011104514367383123,0.9030273127814612
26115,LOF,0.01820654697437981,0.053353465163452456,0.9284399878621677
26116,LOF,0.06969334920316175,0.02330937637493589,0.9069972744219024
26117,LOF,0.3312628256074177,0.04359218785699709,0.6251449865355853
26118,LOF,0.04537690389295605,0.019782885392945343,0.9348402107140985
26119,LOF,0.006420523067077389,0.03648256315014153,0.9570969137827811
26120,LOF,0.035810659105412646,0.018384477431488567,0.9458048634630988
26121,LOF,0.0038131285085425495,0.13768531847875332,0.8585015530127041
