feature0,prediction,LoGoFunc_Neutral,LoGoFunc_GOF,LoGoFunc_LOF
25546,Neutral,0.7569156878443405,0.033927650073261664,0.20915666208239794
25547,Neutral,0.6055162308270893,0.07788052437181217,0.31660324480109847
25548,Neutral,0.5950483715604803,0.058240419935868815,0.3467112085036509
25549,Neutral,0.5081506244865976,0.058621606890257645,0.4332277686231446
25550,LOF,0.334872316003036,0.11831340453442767,0.5468142794625362
25551,LOF,0.27573540143625924,0.12920358847122956,0.5950610100925112
25552,LOF,0.18773053878468943,0.11738549954303609,0.6948839616722744
25553,Neutral,0.8382109890351022,0.03280652711865288,0.1289824838462449
25554,LOF,0.21866290225984883,0.10868400949680854,0.6726530882433426
25555,LOF,0.18090753611786067,0.09085272134446974,0.7282397425376695
25556,LOF,0.4041199393287698,0.0974233702218961,0.49845669044933405
25557,LOF,0.17676367349244942,0.09664871728829404,0.7265876092192565
25558,LOF,0.2128941636972692,0.11235275205402412,0.6747530842487066
25559,LOF,0.37998901741136476,0.08588103657272358,0.5341299460159117
25560,LOF,0.050812552072903895,0.18352970995997042,0.7656577379671257
25561,LOF,0.09842338654075798,0.20986543678812397,0.691711176671118
25562,LOF,0.1128675380865167,0.08854836436549744,0.7985840975479859
25563,LOF,0.10461059280427835,0.08341266023352867,0.811976746962193
25564,LOF,0.1674747170539946,0.17353633320180176,0.6589889497442036
25565,LOF,0.15284842532960277,0.11941664893399322,0.727734925736404
25566,GOF,0.014281640290606742,0.7436270829186585,0.24209127679073483
25567,LOF,0.01375049954641982,0.15764034893730056,0.8286091515162797
25568,LOF,0.051592272661151864,0.07223252971282493,0.8761751976260231
25569,LOF,0.06235504470015903,0.07621288484027357,0.8614320704595673
25570,LOF,0.0703419212471294,0.11154886194725902,0.8181092168056115
25571,LOF,0.0634686689286458,0.10181696629187452,0.8347143647794797
25572,LOF,0.06681817057611612,0.13262386681044622,0.8005579626134377
25573,LOF,0.0284402648451107,0.10649221535198576,0.8650675198029035
25574,LOF,0.01523996319227629,0.17296173043778984,0.8117983063699339
25575,LOF,0.05157539518251425,0.12547881218447882,0.8229457926330069
25576,LOF,0.019885503052637515,0.12757956719973684,0.8525349297476258
25577,LOF,0.015164866358433214,0.14459864769259775,0.840236485948969
25578,LOF,0.23870492534019608,0.10012646919609598,0.6611686054637079
25579,LOF,0.24013104763032617,0.09941606160630836,0.6604528907633656
25580,LOF,0.03553397604662103,0.09301805743251196,0.8714479665208671
25581,LOF,0.04971220358484625,0.08442677078426691,0.8658610256308867
25582,LOF,0.0497093433908325,0.08055710667733604,0.8697335499318315
25583,LOF,0.044784691995261715,0.10657181280419396,0.8486434952005443
25584,Neutral,0.4413333226211724,0.11930222639608612,0.4393644509827416
25585,LOF,0.03353989527062661,0.1190832739640499,0.8473768307653236
25586,LOF,0.03853312096151244,0.09935544828715946,0.8621114307513281
25587,LOF,0.036648323749843593,0.09185037014273362,0.8715013061074227
25588,LOF,0.03760037490573114,0.11286531064277308,0.8495343144514959
25589,Neutral,0.6032870952168747,0.14175756704589462,0.2549553377372306
25590,LOF,0.029437588868361727,0.14155095821250896,0.8290114529191293
25591,LOF,0.10566988916800629,0.07038317112602058,0.8239469397059731
25592,LOF,0.09419901926432782,0.15306384278636073,0.7527371379493115
25593,LOF,0.018677860712380392,0.27754921309097436,0.7037729261966453
25594,LOF,0.03167627754786784,0.23757184297061695,0.7307518794815152
25595,LOF,0.04624947275998217,0.1945574201138964,0.7591931071261214
25596,LOF,0.05630119930656446,0.12459218397386852,0.819106616719567
25597,LOF,0.06020005343361116,0.09530685926114729,0.8444930873052416
25598,LOF,0.037195257753130546,0.2286745061795346,0.7341302360673349
25599,GOF,0.00687722731248182,0.8007688593051491,0.19235391338236904
25600,GOF,0.00977434141929825,0.5841642986453668,0.40606135993533504
25601,GOF,0.007785235843654955,0.4985149290952152,0.4936998350611298
25602,LOF,0.021757431802685776,0.05690202044155258,0.9213405477557617
25603,LOF,0.036396769045292106,0.04421219235063139,0.9193910386040764
25604,LOF,0.05166240573891312,0.04493242254675668,0.9034051717143301
25605,LOF,0.010388299161561016,0.24822284890868815,0.7413888519297509
25606,LOF,0.06641259342787044,0.42296398015893194,0.5106234264131976
25607,LOF,0.004973063246894538,0.17764193976837145,0.817384996984734
25608,LOF,0.06353337738261465,0.045020766373068365,0.8914458562443169
25609,LOF,0.05263146695205952,0.358657828438493,0.5887107046094476
25610,LOF,0.041263027109764705,0.03414562958915835,0.9245913433010771
25611,LOF,0.04904119807119646,0.03148093366449896,0.9194778682643047
25612,LOF,0.09051865014063926,0.05213026033790384,0.8573510895214569
25613,LOF,0.07944310350914632,0.05037658431601707,0.8701803121748366
25614,LOF,0.033370255197438164,0.04526130150288807,0.9213684432996738
25615,LOF,0.05007989067735035,0.03784683957412073,0.9120732697485289
25616,LOF,0.0341395014320333,0.04011535537576213,0.9257451431922046
25617,LOF,0.03452345099454698,0.049479101623531356,0.9159974473819216
25618,LOF,0.22013752709275008,0.04389408837493654,0.7359683845323134
25619,LOF,0.033699595877518335,0.03943136653526815,0.9268690375872134
25620,LOF,0.03864942309319966,0.054960348801421754,0.9063902281053786
25621,LOF,0.030002873527000054,0.034742934686566404,0.9352541917864335
25622,LOF,0.028911373692810743,0.04787686709349044,0.9232117592136987
25623,LOF,0.06529821046395082,0.03621908762741618,0.898482701908633
25624,LOF,0.026974407985347993,0.05203614069280491,0.920989451321847
25625,LOF,0.03233872438442795,0.05138064457990462,0.9162806310356676
25626,LOF,0.07042994389592931,0.03726865743004079,0.8923013986740299
25627,Neutral,0.5600732207570709,0.15492575743014267,0.28500102181278647
25628,LOF,0.1834234600718692,0.07303857989619758,0.7435379600319333
25629,LOF,0.06850446014842622,0.14670293892824593,0.7847926009233278
25630,LOF,0.1786937426473072,0.1260724287194332,0.6952338286332596
25631,Neutral,0.5967691814373538,0.10088967273103162,0.30234114583161453
25632,LOF,0.02165729631987417,0.0825107355105063,0.8958319681696196
25633,LOF,0.2282349050821431,0.08467515602985522,0.6870899388880017
25634,LOF,0.03804286433684747,0.10946518934341364,0.8524919463197388
25635,LOF,0.045781104257152566,0.08629834961207948,0.867920546130768
25636,GOF,0.005724141791663994,0.5690929727191435,0.4251828854891925
25637,LOF,0.004804701221049162,0.4908911342876498,0.5043041644913011
25638,LOF,0.008958233896348004,0.4185257008787506,0.5725160652249014
25639,LOF,0.005290446631143455,0.38224185531496035,0.6124676980538961
25640,GOF,0.4333809744120428,0.5288170508665957,0.03780197472136147
25641,LOF,0.007084702324909574,0.4126566580376776,0.5802586396374129
25642,LOF,0.24180958226531718,0.08871777789228824,0.6694726398423946
25643,LOF,0.17960676732822858,0.27499966435307777,0.5453935683186937
25644,LOF,0.028254533903738794,0.4797240386368539,0.49202142745940736
25645,LOF,0.02364650308363396,0.41503740933348165,0.5613160875828843
25646,LOF,0.022116492911510157,0.2754553235336514,0.7024281835548385
25647,LOF,0.02177210791565939,0.2234198525720771,0.7548080395122636
25648,LOF,0.016687775027470212,0.23734362247726604,0.7459686024952638
25649,LOF,0.015458171138913878,0.1713138624364078,0.8132279664246783
25650,LOF,0.04748579172449847,0.46584146856344394,0.4866727397120575
25651,LOF,0.014076478974441751,0.20959333537531846,0.7763301856502397
25652,LOF,0.020807073998301485,0.21805302613857286,0.7611398998631257
25653,LOF,0.09317667143131533,0.35914720715470005,0.5476761214139846
25654,LOF,0.016557054512623372,0.17575021554382284,0.8076927299435539
25655,LOF,0.11104469356282677,0.266658861711588,0.6222964447255853
25656,LOF,0.06455630264749587,0.05193097382167401,0.8835127235308301
25657,LOF,0.29112471804482926,0.0242759648037587,0.6845993171514121
25658,LOF,0.03403855140572421,0.0715327243368822,0.8944287242573937
25659,LOF,0.2383627215537997,0.04807508344838032,0.71356219499782
25660,LOF,0.08779649988024349,0.10671659155160662,0.80548690856815
25661,LOF,0.07383478580417197,0.07452386974522396,0.851641344450604
25662,LOF,0.031245804333472973,0.04403772618382717,0.9247164694826999
25663,LOF,0.04071075556554101,0.06927692215158568,0.8900123222828733
25664,LOF,0.028417500351568873,0.10131617305762165,0.8702663265908095
25665,LOF,0.05357057458107479,0.04821298046246283,0.8982164449564625
25666,LOF,0.03640290887720431,0.15263685187443635,0.8109602392483594
25667,LOF,0.03114543253956452,0.05965974427430758,0.909194823186128
25668,LOF,0.040912574974077444,0.06031429982852505,0.8987731251973974
25669,LOF,0.048810830504929285,0.09345996746048496,0.8577292020345857
25670,LOF,0.13952715578606414,0.08359191645245342,0.7768809277614823
25671,LOF,0.04031575420182783,0.05274371038588065,0.9069405354122916
25672,LOF,0.05329456903805542,0.08024268166779366,0.866462749294151
25673,LOF,0.03433655506882746,0.07242549857305434,0.8932379463581182
25674,LOF,0.025680770172531047,0.08408699913832188,0.890232230689147
25675,LOF,0.03385628748109221,0.06749455048339838,0.8986491620355095
25676,LOF,0.030618802015334786,0.06887434210080978,0.9005068558838554
25677,LOF,0.08357834551098482,0.06513219687950389,0.8512894576095112
25678,LOF,0.15385277146203105,0.05445150361949932,0.7916957249184696
25679,LOF,0.10309898894635325,0.07996752485158626,0.8169334862020605
25680,LOF,0.08321764265398743,0.10159355237639742,0.8151888049696151
25681,LOF,0.09490735000735358,0.0969091702659717,0.8081834797266747
25682,LOF,0.05350481499755744,0.08034529685769176,0.8661498881447508
25683,LOF,0.07293180652498944,0.1053137799095107,0.8217544135654999
25684,LOF,0.06826848931519976,0.07609597841901665,0.8556355322657836
25685,LOF,0.11931073808494852,0.03787473660355956,0.8428145253114919
25686,LOF,0.03503063851713985,0.08716021183222601,0.8778091496506343
25687,LOF,0.06152135737554227,0.08049967523230814,0.8579789673921495
25688,LOF,0.02109820267715238,0.1402753880756974,0.8386264092471502
25689,LOF,0.015633058810555277,0.07695551769528555,0.9074114234941592
25690,LOF,0.017500432705839977,0.10109869946838697,0.881400867825773
25691,LOF,0.12767158745973844,0.1523210360996116,0.7200073764406499
25692,LOF,0.18630373585300622,0.019758945014141483,0.7939373191328523
25693,LOF,0.04248088888686092,0.1703810617048081,0.787138049408331
25694,LOF,0.25464649819505697,0.01247954196333516,0.7328739598416079
25695,LOF,0.18778437610362392,0.01908489948881382,0.7931307244075623
25696,LOF,0.17004148212545742,0.01048458920402598,0.8194739286705166
25697,LOF,0.12298469870742229,0.035893203348257276,0.8411220979443205
25698,LOF,0.030445831296222102,0.32571942711931023,0.6438347415844676
25699,LOF,0.0948945020531863,0.08971547978749371,0.81539001815932
25700,LOF,0.033679610359573404,0.01572458336194775,0.9505958062784788
25701,LOF,0.015283206930032558,0.09152380970923156,0.8931929833607358
25702,GOF,0.02977200201544224,0.758741465478627,0.21148653250593086
25703,LOF,0.01757289471159998,0.2258295853783516,0.7565975199100484
25704,LOF,0.10411069281889361,0.1834994696026123,0.7123898375784942
25705,LOF,0.0883712646446001,0.28326508877120204,0.6283636465841979
25706,GOF,0.033838720538184056,0.5803336169093657,0.3858276625524501
25707,GOF,0.03353735819521274,0.6012841584008655,0.3651784834039217
25708,GOF,0.007905663423009534,0.5875852831357423,0.4045090534412482
25709,LOF,0.02254659807028763,0.10138408193689402,0.8760693199928183
25710,LOF,0.005187877924427831,0.24459015850113025,0.7502219635744419
25711,LOF,0.02772848821150825,0.153013067226702,0.8192584445617899
25712,LOF,0.006548363015824951,0.30006033600064114,0.6933913009835339
25713,LOF,0.02242441135847367,0.13918133153224443,0.838394257109282
25714,LOF,0.02712099700656264,0.17946837741120228,0.7934106255822351
25715,LOF,0.02769286666015051,0.16490281346013966,0.8074043198797098
25716,LOF,0.008566481867231471,0.16313009518313973,0.8283034229496288
25717,LOF,0.005740961775211007,0.15332262474848032,0.8409364134763087
25718,LOF,0.02542102148292962,0.1111209530303701,0.8634580254867004
25719,LOF,0.03297469507670502,0.13678772121790328,0.8302375837053917
25720,LOF,0.03422114055770127,0.11993068344500794,0.8458481759972907
25721,LOF,0.027957771916624977,0.11925744109375325,0.8527847869896218
25722,LOF,0.017833825378989664,0.16768694199355028,0.8144792326274601
25723,LOF,0.028779529304807407,0.10985322323247265,0.86136724746272
25724,LOF,0.030612990892845235,0.18119006127240772,0.7881969478347471
25725,LOF,0.028917989298585967,0.10533974947620506,0.865742261225209
25726,LOF,0.01867292839899594,0.13832717117487706,0.842999900426127
25727,LOF,0.02610210442894173,0.13446932850000431,0.839428567071054
25728,LOF,0.025788563585716236,0.13539539038022347,0.8388160460340603
25729,LOF,0.024933524479001715,0.14359467369226286,0.8314718018287354
25730,LOF,0.028286260441170948,0.10265531614446813,0.869058423414361
25731,LOF,0.010064118550362254,0.19941105928485575,0.7905248221647821
25732,LOF,0.021458227388205235,0.1245371572198769,0.8540046153919179
25733,LOF,0.035540767039548476,0.12202131718251849,0.842437915777933
25734,LOF,0.00604891759917227,0.28442115145018304,0.7095299309506446
25735,LOF,0.024159922443886084,0.10598585858330116,0.8698542189728128
25736,LOF,0.022173926140528887,0.16118224180083993,0.8166438320586312
25737,LOF,0.04790742746205553,0.15914936019896542,0.7929432123389789
25738,LOF,0.025970410460933485,0.18451075377646722,0.7895188357625993
25739,LOF,0.02730890936050771,0.17085119924789519,0.8018398913915971
25740,LOF,0.03125038413486985,0.16621440288455977,0.8025352129805705
25741,LOF,0.036144846117360886,0.14594432227686893,0.8179108316057703
25742,LOF,0.0455455393226406,0.15618940929896874,0.7982650513783908
25743,LOF,0.012668484019200153,0.02785358955649792,0.9594779264243019
25744,LOF,0.1614052948112595,0.3037861052376056,0.5348085999511348
25745,LOF,0.03706641127143707,0.10026039612611211,0.8626731926024508
25746,LOF,0.01512523489615348,0.1489197612242126,0.8359550038796341
25747,LOF,0.039078443917718225,0.029279607285863915,0.9316419487964178
25748,LOF,0.27923315885821093,0.051294858469823894,0.6694719826719651
25749,LOF,0.013833417665881153,0.08340580692032584,0.902760775413793
25750,LOF,0.019375291282406955,0.08285752789547418,0.8977671808221188
25751,LOF,0.04515424019752171,0.047795780260511324,0.907049979541967
25752,GOF,0.0872600122004048,0.7106988916617367,0.20204109613785848
25753,LOF,0.006471228391651158,0.36799536060285404,0.6255334110054949
25754,GOF,0.0070383672535924546,0.8638014425555576,0.1291601901908501
25755,LOF,0.006232019121240677,0.4185183218601856,0.5752496590185737
25756,LOF,0.029534467931001826,0.43074511197860366,0.5397204200903946
25757,GOF,0.007694981860043117,0.8646230249362934,0.12768199320366355
25758,GOF,0.008605795302644385,0.8572676230916021,0.13412658160575353
25759,GOF,0.005497217409451012,0.5859323667412277,0.4085704158493213
25760,LOF,0.005461404671902033,0.30448799873423216,0.6900505965938658
25761,GOF,0.052725536347719246,0.8366529307935987,0.11062153285868205
25762,LOF,0.033438660525251865,0.366135310568647,0.6004260289061012
25763,LOF,0.00602082597348793,0.2664276209784327,0.7275515530480794
25764,GOF,0.05376939708628571,0.6209117711770452,0.32531883173666915
25765,GOF,0.00844934772332484,0.854413126004815,0.13713752627186007
25766,GOF,0.04906294802843851,0.8181681966045711,0.13276885536699026
25767,GOF,0.015566943581970149,0.5528362222851928,0.4315968341328369
25768,LOF,0.05234722254532441,0.06331802220429718,0.8843347552503784
25769,LOF,0.02985108269368064,0.07286667626448126,0.8972822410418381
25770,LOF,0.12810020827387375,0.06428623564795745,0.8076135560781689
25771,LOF,0.0157425780117057,0.05299960421936526,0.9312578177689291
25772,LOF,0.02871490026827063,0.022818167163377957,0.9484669325683514
25773,LOF,0.020839174641425682,0.045861840885906474,0.9332989844726679
25774,LOF,0.024563021707094002,0.09903460588327281,0.8764023724096333
25775,LOF,0.018425562118111968,0.03307814591200552,0.9484962919698825
25776,LOF,0.032448735163752185,0.020311526234633503,0.9472397386016144
25777,LOF,0.12601920416555806,0.06344108232900328,0.8105397135054386
25778,LOF,0.023247572813157667,0.04614192747824875,0.9306104997085936
25779,GOF,0.049916693906189705,0.8933066604699744,0.05677664562383592
25780,GOF,0.06500673019600103,0.8911933252375436,0.04379994456645552
25781,GOF,0.02939692678937439,0.8784971300162043,0.09210594319442132
25782,GOF,0.03011072809688955,0.9125264282030939,0.057362843700016555
25783,GOF,0.02896001282324467,0.9302587172878803,0.0407812698888749
25784,GOF,0.08644371525860577,0.8740782725952831,0.03947801214611109
25785,GOF,0.08633858029242895,0.8788884864968548,0.0347729332107162
25786,GOF,0.009265931289245102,0.8960592953943296,0.09467477331642528
25787,GOF,0.20589719442995363,0.7511025393951445,0.04300026617490193
25788,LOF,0.018032111319584918,0.1763803470620981,0.805587541618317
25789,GOF,0.015776883123569056,0.8685309574085163,0.11569215946791472
25790,GOF,0.023996760350332783,0.9015609582315433,0.07444228141812398
25791,GOF,0.02188592876508703,0.7932509650465915,0.1848631061883215
25792,GOF,0.02621585507644699,0.8249707164021785,0.14881342852137466
25793,GOF,0.05940245142128901,0.872667860674257,0.06792968790445392
25794,GOF,0.035034550082830504,0.8086768091805688,0.15628864073660056
25795,GOF,0.053850652548961965,0.7580976101639445,0.18805173728709368
25796,GOF,0.09672702215457131,0.8322842868643779,0.07098869098105072
25797,GOF,0.07734539456435682,0.7662570976419477,0.15639750779369554
25798,GOF,0.007225442351387502,0.7901339090212386,0.20264064862737388
25799,GOF,0.004551390876296644,0.7277164900635199,0.26773211906018335
25800,GOF,0.027136846004319436,0.8465795296488505,0.12628362434683008
25801,GOF,0.020466222918047297,0.9074655079923288,0.0720682690896238
25802,GOF,0.030849877526583375,0.8408452294466775,0.128304893026739
25803,GOF,0.02186812977209841,0.7466205668150746,0.2315113034128271
25804,GOF,0.033131848467658806,0.7978278078859032,0.16904034364643808
25805,GOF,0.024865593449017648,0.8188161107072895,0.15631829584369272
25806,GOF,0.032160888963887926,0.8208821715044715,0.14695693953164046
25807,GOF,0.01175071799430622,0.7969587526794537,0.19129052932624016
25808,GOF,0.02008756703807036,0.8004844856673801,0.17942794729454967
25809,GOF,0.01076671263738872,0.7618838610746952,0.22734942628791596
25810,GOF,0.008691960137500883,0.7438564154832522,0.24745162437924695
25811,GOF,0.0526309249765841,0.8703770925889198,0.07699198243449616
25812,GOF,0.028083393937273996,0.8203322303015798,0.1515843757611463
25813,GOF,0.12980413465114737,0.8064660632296836,0.06372980211916923
25814,GOF,0.028139257696700264,0.8291309972672889,0.14272974503601088
25815,GOF,0.055728534065612616,0.8450580648053959,0.09921340112899138
25816,GOF,0.009519531526182594,0.8912494830790633,0.09923098539475407
25817,GOF,0.1000987822588859,0.8040131809029104,0.0958880368382036
25818,GOF,0.028133319292381616,0.8117143993097435,0.16015228139787488
25819,GOF,0.04561105236602426,0.7757383689663251,0.1786505786676506
25820,GOF,0.038461683493280954,0.7392432005159999,0.22229511599071924
25821,GOF,0.027654083238036937,0.7678893223264907,0.20445659443547237
25822,GOF,0.04738430435569211,0.7646343889550257,0.18798130668928228
25823,GOF,0.02806672232138691,0.753615757367469,0.21831752031114401
25824,GOF,0.02612770806518641,0.8157789494126041,0.15809334252220955
25825,GOF,0.021813157254355457,0.808573965857337,0.16961287688830748
25826,GOF,0.010020813161111792,0.7718825513583936,0.2180966354804946
25827,GOF,0.015526072977422289,0.7049357292305195,0.2795381977920582
25828,GOF,0.012323712724831027,0.7630076528905158,0.22466863438465312
25829,GOF,0.0045108776422903155,0.7189160272427041,0.2765730951150055
25830,GOF,0.04074046068057572,0.5029538580161459,0.45630568130327837
25831,GOF,0.0639923193108605,0.8161297552474875,0.1198779254416519
25832,GOF,0.011278480100200206,0.7954162080188718,0.1933053118809281
25833,GOF,0.03853518999672493,0.8329032744774373,0.1285615355258377
25834,GOF,0.011738505348744828,0.8007916462790422,0.18746984837221292
25835,GOF,0.025592209997015183,0.8456201267717001,0.12878766323128465
25836,GOF,0.0077122721967174245,0.7835071903741632,0.20878053742911928
25837,GOF,0.010474059474973997,0.8112059477437786,0.1783199927812475
25838,GOF,0.02573381764132705,0.8477201837883311,0.1265459985703418
25839,GOF,0.08382000589913481,0.8036706814002207,0.11250931270064464
25840,GOF,0.09855837762254893,0.810814321117185,0.09062730126026607
25841,GOF,0.10203334241659102,0.8268029140865051,0.07116374349690387
25842,GOF,0.03059416460632962,0.8897871215791607,0.07961871381450959
25843,GOF,0.029579091929905592,0.8925115273546383,0.07790938071545604
25844,GOF,0.02331839038024029,0.8516501702253004,0.12503143939445918
25845,GOF,0.008022800751049598,0.7855257860903648,0.2064514131585857
25846,GOF,0.08155305054556615,0.8284218305343801,0.09002511892005384
25847,GOF,0.020207198693859018,0.8951510059924174,0.08464179531372377
25848,GOF,0.02784615225096381,0.859994074648617,0.11215977310041912
25849,GOF,0.008572762897040918,0.8485076891752091,0.14291954792775002
25850,GOF,0.007541687153903331,0.7656908946201113,0.22676741822598534
25851,GOF,0.006950150579119111,0.7245833481453322,0.2684665012755487
25852,GOF,0.1652895538635217,0.56202654996375,0.2726838961727283
25853,GOF,0.05643265282389149,0.8254499464693354,0.11811740070677318
25854,GOF,0.00696411267789655,0.7497384201200574,0.2432974672020459
25855,GOF,0.02123692739321682,0.7082122851581538,0.2705507874486293
25856,GOF,0.0402574568832376,0.7720660688804838,0.18767647423627867
25857,GOF,0.020769693124616042,0.7125266897252843,0.26670361715009955
25858,GOF,0.010910390138597896,0.7399843914607511,0.24910521840065106
25859,GOF,0.008054541729267062,0.7299466474298181,0.26199881084091486
25860,GOF,0.07131047737867188,0.8045417659924352,0.12414775662889288
25861,GOF,0.10623910883856118,0.7943536067710112,0.09940728439042756
25862,GOF,0.027045878368216245,0.8867710563347874,0.08618306529699633
25863,GOF,0.02416022065441766,0.8875962937987988,0.08824348554678343
25864,GOF,0.06091664504944251,0.8860772517821645,0.05300610316839317
25865,GOF,0.05144043078908751,0.8615704605647738,0.08698910864613875
25866,GOF,0.024959462509530846,0.8856435647321028,0.08939697275836636
25867,GOF,0.04888789387777086,0.8728795070509132,0.07823259907131584
25868,GOF,0.06624790453679148,0.831769116509055,0.10198297895415337
25869,GOF,0.34741785692608385,0.5737616257749252,0.0788205172989909
25870,GOF,0.0709628480701031,0.6089448502071639,0.320092301722733
25871,GOF,0.012507637650409149,0.8873363449214763,0.10015601742811447
25872,GOF,0.0257626999960059,0.8627414893226805,0.11149581068131373
25873,GOF,0.024447835049482055,0.8915044833477409,0.08404768160277716
25874,LOF,0.01786583446954661,0.19708878736665034,0.7850453781638029
25875,LOF,0.036174224564636724,0.06076219610699081,0.9030635793283724
25876,LOF,0.022518746261343633,0.046336201346534815,0.9311450523921215
25877,LOF,0.10590455733466186,0.09351970864115872,0.8005757340241794
25878,LOF,0.08978574915834478,0.13989480513877772,0.7703194457028775
25879,LOF,0.015577020989041264,0.1049294078820046,0.8794935711289542
25880,LOF,0.06950237044447771,0.017598513860577005,0.9128991156949453
25881,Neutral,0.5587292616281301,0.07055830509817734,0.37071243327369263
25882,LOF,0.06617822938203106,0.023570626777105634,0.9102511438408634
25883,LOF,0.030304358070542853,0.029394798409706446,0.9403008435197507
25884,LOF,0.02126630499572818,0.0413801627686603,0.9373535322356115
25885,LOF,0.2041791846256489,0.011346412930551645,0.7844744024437994
25886,LOF,0.2714486863527402,0.060646049662264286,0.6679052639849955
25887,LOF,0.12410683243641384,0.08919385369910654,0.7866993138644797
25888,LOF,0.0076414380388827585,0.13216049249107834,0.860198069470039
25889,LOF,0.02807778130875398,0.038035271560017764,0.9338869471312283
25890,LOF,0.1876604374432043,0.06203996713368736,0.7502995954231084
25891,LOF,0.1306842447176308,0.02402544076555975,0.8452903145168096
25892,LOF,0.009026465777713166,0.03589620679042569,0.955077327431861
25893,LOF,0.409251582639943,0.009353326313175248,0.5813950910468818
25894,LOF,0.3915675395194608,0.006702046725037907,0.6017304137555012
25895,LOF,0.3187654001216096,0.015138332371267157,0.6660962675071233
25896,LOF,0.07548912303130702,0.03543079071139498,0.8890800862572981
25897,LOF,0.1373301008081788,0.011812892066483355,0.8508570071253377
25898,LOF,0.13214812068832507,0.03744141792584996,0.8304104613858249
25899,LOF,0.395425294977288,0.034595881404505556,0.5699788236182064
25900,LOF,0.4775783481972995,0.009932901394539952,0.5124887504081606
25901,LOF,0.0874845158328329,0.011454442829339703,0.9010610413378273
25902,LOF,0.08393103373349459,0.013844068934887897,0.9022248973316176
25903,LOF,0.2895961609813908,0.026756934404904256,0.6836469046137049
25904,Neutral,0.5116996327497612,0.048739032458728924,0.43956133479151005
25905,LOF,0.006772338379937748,0.40092148648938164,0.5923061751306806
25906,LOF,0.010072769360405107,0.0765838388890967,0.9133433917504983
25907,LOF,0.008979421539600324,0.2692926314865677,0.7217279469738319
25908,LOF,0.009699991181216396,0.2591247151388826,0.731175293679901
25909,LOF,0.03190515234194115,0.10437164660128376,0.8637232010567751
25910,LOF,0.012112563904119486,0.147993974478278,0.8398934616176025
25911,LOF,0.19006662964362342,0.02620761230909767,0.7837257580472788
25912,LOF,0.09849933354728962,0.02065086041392482,0.8808498060387856
25913,LOF,0.025732486291243074,0.03137220789148911,0.9428953058172679
25914,LOF,0.04241881883993595,0.02478891002792298,0.9327922711321411
25915,LOF,0.24136057229158714,0.12700680260154892,0.631632625106864
25916,LOF,0.027120773057394475,0.06008997186714134,0.9127892550754642
25917,LOF,0.07907785315928287,0.024903618306440122,0.8960185285342771
25918,LOF,0.04440920456631811,0.01364620279909888,0.941944592634583
25919,LOF,0.038877387494850195,0.013085439359213599,0.9480371731459362
25920,LOF,0.32612501126074606,0.2792803735070596,0.3945946152321943
25921,LOF,0.01658925214033027,0.02028257581269158,0.9631281720469782
25922,LOF,0.015128357695189722,0.02191362409607155,0.9629580182087386
25923,LOF,0.46120299595151043,0.015953467313999187,0.5228435367344904
25924,LOF,0.02667166729080278,0.026448840779508553,0.9468794919296886
25925,LOF,0.09395620058886356,0.03098640394569911,0.8750573954654373
25926,LOF,0.0823979754923536,0.021479634634370276,0.896122389873276
25927,LOF,0.025490895261146205,0.050637122975361146,0.9238719817634927
25928,LOF,0.012474435960647588,0.030016566054697744,0.9575089979846547
25929,Neutral,0.5904070401335463,0.015443891428640163,0.39414906843781367
25930,LOF,0.09000991113362308,0.0158676187465283,0.8941224701198487
25931,LOF,0.01475933888936771,0.019330396529288394,0.9659102645813439
25932,LOF,0.08115647699429478,0.017689349971120653,0.9011541730345847
25933,LOF,0.09292299516966893,0.010264182254826159,0.8968128225755049
25934,LOF,0.08634278598091621,0.009129824238565818,0.904527389780518
25935,LOF,0.08862663556014262,0.02729653009185803,0.8840768343479993
25936,LOF,0.10834899450750696,0.01038752322983974,0.8812634822626534
25937,LOF,0.022754475714089787,0.016053947482974895,0.9611915768029354
25938,LOF,0.09287503004278284,0.02618517613825081,0.8809397938189665
25939,LOF,0.07120570531683898,0.013334332336471365,0.9154599623466897
25940,LOF,0.00889574702011519,0.4609327886149868,0.5301714643648979
25941,LOF,0.4143547357709082,0.042234862362259804,0.543410401866832
25942,LOF,0.010464923688041486,0.05037245551241352,0.9391626207995449
25943,LOF,0.04632641353438628,0.1598891260437073,0.7937844604219064
25944,LOF,0.03913982814679432,0.07942599882673398,0.8814341730264718
25945,LOF,0.15453294942448437,0.02628989078478403,0.8191771597907316
25946,LOF,0.0672317138018353,0.032802795415212194,0.8999654907829525
25947,Neutral,0.46639217823214957,0.08740074745918633,0.446207074308664
25948,LOF,0.3811738557757113,0.01727465955161272,0.6015514846726759
25949,LOF,0.15273786711878112,0.08866400780654776,0.7585981250746711
25950,GOF,0.11103636690907068,0.5378581652318949,0.35110546785903446
25951,LOF,0.01743387173906674,0.43369205692011725,0.5488740713408161
25952,LOF,0.208526329796563,0.2404183877601643,0.5510552824432727
25953,LOF,0.009491228512457438,0.2975412158899476,0.6929675555975949
25954,LOF,0.11178407586972519,0.40697434003902966,0.4812415840912452
25955,LOF,0.009511068076605319,0.23324112680964673,0.757247805113748
25956,LOF,0.011919052668464252,0.3299775002507086,0.6581034470808271
25957,LOF,0.15210327117428873,0.042879990272488705,0.8050167385532225
25958,LOF,0.032029174053004233,0.06175617588607168,0.9062146500609242
25959,GOF,0.0068609242557793534,0.7311412030958985,0.26199787264832214
25960,LOF,0.0044852658633643796,0.14361027736083698,0.8519044567757986
25961,LOF,0.028841906706554184,0.048538275430525295,0.9226198178629206
25962,LOF,0.03812315074642411,0.08842740815905609,0.8734494410945197
25963,LOF,0.007070058401891351,0.14915321085458857,0.8437767307435201
25964,LOF,0.03794065156078559,0.16185709865722148,0.800202249781993
25965,LOF,0.24949019668417147,0.1396383644956772,0.6108714388201513
25966,LOF,0.32463968350784905,0.10468444173724768,0.5706758747549032
25967,LOF,0.0063210510287594135,0.08569811437619704,0.9079808345950434
25968,LOF,0.04027229123769901,0.24647366865693845,0.7132540401053625
25969,LOF,0.15156503895999174,0.06803355237860427,0.780401408661404
25970,LOF,0.06504199286714951,0.06885882860607673,0.8660991785267736
25971,LOF,0.06752783921383303,0.031426077765044316,0.9010460830211225
25972,LOF,0.08677874834976218,0.05673053137953622,0.8564907202707016
25973,LOF,0.05437996339729095,0.013220320369495511,0.9323997162332135
25974,LOF,0.04947966844211827,0.045007472140291986,0.9055128594175899
25975,LOF,0.03459644714903262,0.021839185857059254,0.9435643669939081
25976,LOF,0.08486973855736715,0.012908405460713899,0.902221855981919
25977,LOF,0.2639275284983278,0.053090631330443325,0.6829818401712289
25978,LOF,0.16046718983447691,0.13084796746024882,0.7086848427052742
25979,LOF,0.13618042499266092,0.15089869141957615,0.7129208835877628
25980,LOF,0.20145493465190165,0.2118420402703242,0.5867030250777742
25981,LOF,0.20229573494932646,0.21423191531935826,0.5834723497313153
25982,LOF,0.35511453769030565,0.11099707787975499,0.5338883844299395
25983,Neutral,0.444902266213797,0.11666343226041202,0.4384343015257911
25984,LOF,0.06734658350211696,0.08730430886186977,0.8453491076360133
25985,Neutral,0.5078996201764749,0.1260739154293042,0.3660264643942209
25986,LOF,0.01384572230742937,0.48601811845390686,0.5001361592386637
25987,LOF,0.039578097700240664,0.10748231337462955,0.8529395889251298
25988,LOF,0.06378864027027739,0.1288505061692276,0.8073608535604949
25989,LOF,0.07510979949028966,0.19366549805217678,0.7312247024575336
25990,LOF,0.05624189222151517,0.3192283810282541,0.6245297267502308
25991,LOF,0.02732807310061844,0.44270693925583504,0.5299649876435465
25992,LOF,0.018190690576055497,0.40882031199756863,0.5729889974263759
25993,LOF,0.021626867192334615,0.058266645702539595,0.9201064871051258
25994,LOF,0.030026574595094342,0.06040914309387678,0.9095642823110289
25995,LOF,0.01931013291212216,0.11934209116114801,0.8613477759267298
25996,GOF,0.3747596725886949,0.3952069447462425,0.2300333826650626
25997,LOF,0.05629284639521844,0.45921542054905756,0.484491733055724
25998,LOF,0.23528758826413074,0.041217523426928214,0.723494888308941
25999,LOF,0.04220072702776089,0.12673365373056178,0.8310656192416773
26000,LOF,0.14175305827424678,0.016438291778431265,0.8418086499473219
26001,LOF,0.2003485032657424,0.021712481763094368,0.7779390149711632
26002,LOF,0.10891774972280654,0.028499013167803115,0.8625832371093904
26003,GOF,0.006028608653943003,0.6445506906003651,0.3494207007456919
26004,GOF,0.011929341867865558,0.6142117848178419,0.3738588733142925
26005,GOF,0.004218806673567102,0.5166586226055315,0.47912257072090136
26006,GOF,0.08125963707067473,0.5509347279345066,0.36780563499481866
26007,GOF,0.008439107283693882,0.5357537210137722,0.455807171702534
26008,GOF,0.005444335859592395,0.5857309968841333,0.40882466725627437
26009,GOF,0.010364196710180804,0.6451023848733198,0.34453341841649937
26010,GOF,0.007837640755905003,0.5699587836769517,0.4222035755671433
26011,LOF,0.004179518121893344,0.4212429089585139,0.5745775729195927
26012,GOF,0.004989633684884252,0.5810419712397066,0.4139683950754092
26013,GOF,0.010203042650773481,0.5676356554678141,0.4221613018814124
26014,LOF,0.043227948765086746,0.07732003957282167,0.8794520116620915
26015,LOF,0.37334409638756205,0.025670825161491533,0.6009850784509464
26016,LOF,0.2850652198786318,0.03567081821798758,0.6792639619033807
26017,LOF,0.013336944188677376,0.1732054466930354,0.8134576091182872
26018,LOF,0.027542758847595303,0.08602337820293729,0.8864338629494674
26019,LOF,0.026799274807741642,0.07622161752041597,0.8969791076718424
26020,LOF,0.00659836126141719,0.18230047128692795,0.8111011674516548
26021,LOF,0.06478689074444731,0.07859835901766739,0.8566147502378854
26022,LOF,0.03359185412496481,0.038887370579596486,0.9275207752954387
26023,LOF,0.021950926246369486,0.05682052313415428,0.9212285506194763
26024,LOF,0.03719518334506169,0.0613600086194104,0.9014448080355281
26025,LOF,0.11138258989066592,0.06323569183982015,0.825381718269514
26026,LOF,0.09919707859712058,0.043197982118348084,0.8576049392845313
26027,LOF,0.026907817108875434,0.03292584070038413,0.9401663421907404
26028,LOF,0.060074430968214014,0.17933114004691703,0.760594428984869
26029,LOF,0.0250080155962119,0.16295868274907074,0.8120333016547174
26030,LOF,0.1260925888676225,0.024758245654349188,0.8491491654780283
26031,LOF,0.011883012258947955,0.14384166546308283,0.8442753222779692
26032,LOF,0.036206136779369666,0.04581616377422742,0.9179776994464028
26033,LOF,0.04096095668384445,0.04431778441277867,0.9147212589033769
26034,LOF,0.016544196306593095,0.10679522673890293,0.876660576954504
26035,LOF,0.011385300349067904,0.10628814355340327,0.8823265560975287
26036,LOF,0.011302742319786428,0.08955431924927186,0.8991429384309417
26037,LOF,0.010348075991961114,0.09736884647054295,0.892283077537496
26038,LOF,0.031347566394639176,0.040887692040963264,0.9277647415643976
26039,LOF,0.02856994324404786,0.1326268873208486,0.8388031694351036
26040,LOF,0.08280408706481475,0.10975608287566763,0.8074398300595176
26041,LOF,0.012542151318793798,0.09704049316261501,0.8904173555185911
26042,LOF,0.01151526923023929,0.10314088615422627,0.8853438446155345
26043,LOF,0.031035030881836463,0.06556845165186417,0.9033965174662993
26044,LOF,0.007311129983500235,0.04833999189939159,0.9443488781171082
26045,LOF,0.06272351705431327,0.1485943673745177,0.788682115571169
26046,LOF,0.027929139573930974,0.045770977729344596,0.9262998826967244
26047,LOF,0.05872558152659003,0.04422511502102433,0.8970493034523856
26048,LOF,0.09344565766051219,0.016789977520281794,0.889764364819206
26049,Neutral,0.9436366605567511,0.005895286158300413,0.05046805328494846
26050,Neutral,0.9099641112151212,0.006423723079229031,0.0836121657056498
26051,LOF,0.025231214127161564,0.07676358827976094,0.8980051975930775
26052,LOF,0.029583187368491786,0.06363089064069609,0.9067859219908122
26053,LOF,0.022863916565710875,0.1562329876664569,0.8209030957678322
26054,LOF,0.04660062767531637,0.03973563322536387,0.9136637390993197
26055,LOF,0.06845894067622564,0.034814470754109574,0.8967265885696647
26056,LOF,0.05590525529197041,0.044141083996791376,0.8999536607112383
26057,LOF,0.06303553931750433,0.019321289183639935,0.9176431714988558
26058,LOF,0.06810329171096169,0.015596154837293997,0.9163005534517443
26059,LOF,0.22033038532316393,0.03287723956389275,0.7467923751129433
26060,LOF,0.0161945518486688,0.1609916490340491,0.822813799117282
26061,LOF,0.00994389609452486,0.014117777431777641,0.9759383264736975
26062,LOF,0.005499674520243231,0.020920868587437528,0.9735794568923193
26063,LOF,0.04819938391157507,0.014265673320291087,0.9375349427681339
26064,LOF,0.016005499937733668,0.019625082205089153,0.9643694178571772
26065,LOF,0.06259011508153824,0.018769266194518616,0.9186406187239432
26066,LOF,0.047273112655222424,0.012798391523005739,0.9399284958217718
26067,LOF,0.0580060821199295,0.013444771345562791,0.9285491465345076
26068,LOF,0.050125734194404414,0.03854270664317085,0.9113315591624247
26069,LOF,0.2161407882275748,0.028705730720406428,0.7551534810520187
26070,LOF,0.43645703606963515,0.019954902878948758,0.5435880610514161
26071,LOF,0.05244473476807783,0.017479368625413518,0.9300758966065087
26072,LOF,0.006507549252332617,0.022589050501855015,0.9709034002458125
26073,LOF,0.04107872103442182,0.018941539323390134,0.9399797396421881
26074,Neutral,0.7909208930914138,0.013862223491325085,0.19521688341726107
26075,LOF,0.0453651055263121,0.032244693276427136,0.9223902011972608
26076,LOF,0.038777704452931355,0.01498025232317951,0.9462420432238892
26077,LOF,0.14779768039350344,0.01053739996028469,0.8416649196462119
26078,LOF,0.006189994178295674,0.022813699540744605,0.9709963062809598
26079,LOF,0.054581028128686405,0.026546776616501098,0.9188721952548126
26080,LOF,0.05363690500193279,0.02661456149564164,0.9197485335024256
26081,LOF,0.04227009029042707,0.012726193444493637,0.9450037162650793
26082,LOF,0.006364365307314843,0.019242852062765742,0.9743927826299195
26083,LOF,0.09859308949764065,0.027257215695137036,0.8741496948072224
26084,LOF,0.12162778872134247,0.0236216837118726,0.8547505275667849
26085,LOF,0.10682112389603089,0.019901347635591635,0.8732775284683774
26086,LOF,0.04094472907244009,0.018607779111844237,0.9404474918157157
26087,LOF,0.04030437289870702,0.015390037609449092,0.944305589491844
26088,LOF,0.0061415266992364504,0.03381138713683664,0.960047086163927
26089,LOF,0.03861977622559416,0.03979902640299988,0.9215811973714061
26090,LOF,0.038926765245995476,0.03161504987953913,0.9294581848744653
26091,LOF,0.02905138244635598,0.011609535823273098,0.959339081730371
26092,LOF,0.04602284385445691,0.012758070599569224,0.9412190855459738
26093,LOF,0.059436305448031315,0.008865489232859257,0.9316982053191093
26094,LOF,0.0341207984804423,0.010401962775805578,0.9554772387437521
26095,LOF,0.018342176348025815,0.024406544264570503,0.9572512793874036
26096,LOF,0.23682620824392508,0.005799424702531644,0.7573743670535432
26097,LOF,0.006169945901775552,0.05574980071884342,0.938080253379381
26098,LOF,0.08935425043837696,0.025606807460491078,0.885038942101132
26099,LOF,0.04087200005359533,0.02784492051930396,0.9312830794271008
26100,LOF,0.04087200005359533,0.02784492051930396,0.9312830794271008
26101,LOF,0.04729400527723087,0.04649413557406677,0.9062118591487023
26102,LOF,0.035796837816782154,0.024734308325649157,0.9394688538575687
26103,Neutral,0.8958175254634217,0.029865197275663617,0.07431727726091465
26104,LOF,0.05216423501313732,0.043727470022278295,0.9041082949645844
26105,LOF,0.23672040451051213,0.11410458608836056,0.6491750094011273
26106,LOF,0.3485248104929454,0.04985084417042088,0.6016243453366337
26107,LOF,0.01949227595105257,0.07618324973500622,0.9043244743139413
26108,LOF,0.21308501785418654,0.043169489206605814,0.7437454929392077
26109,LOF,0.05639530309707398,0.036900754231446516,0.9067039426714795
26110,LOF,0.39273856959417935,0.015258622358084607,0.592002808047736
26111,LOF,0.062477643462077626,0.13783306750254584,0.7996892890353764
26112,LOF,0.055272869658642365,0.013961996089500451,0.9307651342518573
26113,LOF,0.12108985371331882,0.041475905719822716,0.8374342405668584
26114,LOF,0.09819107874325388,0.006503868612427558,0.8953050526443185
26115,LOF,0.020455298070178513,0.045362701614387414,0.9341820003154341
26116,LOF,0.08974969098581353,0.02078652289357896,0.8894637861206075
26117,LOF,0.3444023559139528,0.05174358300004318,0.6038540610860041
26118,LOF,0.03137571257216405,0.024552271825607798,0.9440720156022282
26119,LOF,0.004871034971448677,0.10755957780079213,0.8875693872277592
26120,LOF,0.02897988671293456,0.022958723488905042,0.9480613897981603
26121,LOF,0.0036202330115524583,0.17180440314547407,0.8245753638429735
