feature0,prediction,LoGoFunc_Neutral,LoGoFunc_GOF,LoGoFunc_LOF
25546,Neutral,0.6522057725663236,0.0537618277828339,0.29403239965084244
25547,Neutral,0.45751136527104314,0.11717208830231368,0.4253165464266433
25548,LOF,0.45379801935881425,0.08446446333534055,0.4617375173058451
25549,LOF,0.3964691646975289,0.08043372956123314,0.5230971057412379
25550,LOF,0.3381811137973868,0.14291153247678176,0.5189073537258314
25551,LOF,0.25141438635249685,0.16099554329718435,0.5875900703503188
25552,LOF,0.18887199696948487,0.15385791535341212,0.657270087677103
25553,Neutral,0.7998450731007657,0.038455707102256015,0.16169921979697843
25554,LOF,0.21705012188751982,0.14523590965258848,0.6377139684598917
25555,LOF,0.18439852102967652,0.12750151811440943,0.688099960855914
25556,LOF,0.3796052738422696,0.12257991562457253,0.49781481053315785
25557,LOF,0.17465246482928046,0.1330171138657229,0.6923304213049967
25558,LOF,0.20832599257963677,0.14259585498300145,0.6490781524373618
25559,LOF,0.20551177979668064,0.1594459682376674,0.6350422519656519
25560,LOF,0.07516071223034014,0.13948611687169804,0.7853531708979617
25561,LOF,0.15853214267873214,0.12579012200785825,0.7156777353134095
25562,LOF,0.07555679001422051,0.09951560761117494,0.8249276023746046
25563,LOF,0.1002826443389348,0.0913126699335763,0.808404685727489
25564,LOF,0.21127489948094266,0.15773348506905088,0.6309916154500065
25565,LOF,0.1444810003520701,0.1441704878847868,0.7113485117631431
25566,GOF,0.017326468987154876,0.77745782968527,0.20521570132757513
25567,LOF,0.01829087919752836,0.20822818821939404,0.7734809325830776
25568,LOF,0.05087092527483759,0.09771581384642157,0.8514132608787408
25569,LOF,0.049905524718294465,0.09748038290196316,0.8526140923797424
25570,LOF,0.03054453372721926,0.14405945711705817,0.8253960091557226
25571,LOF,0.0296411934605449,0.136951860925526,0.8334069456139291
25572,LOF,0.032875155374772876,0.1566999447753279,0.8104248998498992
25573,LOF,0.02655944841456773,0.1336107937216577,0.8398297578637746
25574,LOF,0.01920747543044177,0.18647274727062027,0.794319777298938
25575,LOF,0.02223010620779182,0.1479982439632414,0.8297716498289668
25576,LOF,0.012400857286708256,0.18624977625925587,0.8013493664540358
25577,LOF,0.009787679586576573,0.15109848723838898,0.8391138331750345
25578,LOF,0.2499460967879125,0.13084217613085306,0.6192117270812345
25579,LOF,0.1573267729252293,0.13902104548711264,0.7036521815876581
25580,LOF,0.017342012818848892,0.11598710967602396,0.8666708775051272
25581,LOF,0.04192846813446785,0.09790128250981268,0.8601702493557194
25582,LOF,0.04160869097969678,0.09608275780372365,0.8623085512165796
25583,LOF,0.018981453635054487,0.1308135046592217,0.8502050417057239
25584,Neutral,0.5184405823354714,0.13337699329591915,0.34818242436860947
25585,LOF,0.012713867682969731,0.1782875362869344,0.8089985960300959
25586,LOF,0.01519792962000096,0.11421477643726458,0.8705872939427345
25587,LOF,0.015757280782714125,0.10441445149268981,0.879828267724596
25588,LOF,0.015695908394747153,0.12241478535752497,0.861889306247728
25589,Neutral,0.5775279891494667,0.16158021123268038,0.26089179961785286
25590,LOF,0.018436508394061926,0.15221695735880475,0.8293465342471334
25591,LOF,0.08136374589575208,0.0823591060617403,0.8362771480425075
25592,LOF,0.04204235738688314,0.1743037186708001,0.7836539239423168
25593,LOF,0.022613353342782094,0.28494577211312005,0.6924408745440978
25594,LOF,0.03911658442731687,0.12188096865598952,0.8390024469166937
25595,LOF,0.045529743781326314,0.08476881814373637,0.8697014380749374
25596,LOF,0.060985102680528924,0.07155176333524518,0.8674631339842258
25597,LOF,0.042196154234134704,0.07596403208213562,0.8818398136837297
25598,LOF,0.03931683612218378,0.10893143722967612,0.85175172664814
25599,GOF,0.008274588512665652,0.5718869352359821,0.41983847625135234
25600,GOF,0.02923460587124694,0.6194504407196902,0.3513149534090629
25601,LOF,0.015535932233404657,0.41591748471240225,0.5685465830541931
25602,LOF,0.017589864646389397,0.05118890402492265,0.931221231328688
25603,LOF,0.057942692847188365,0.01978065493829573,0.9222766522145159
25604,LOF,0.01640698713550096,0.06676094980571967,0.9168320630587794
25605,LOF,0.008926831391003035,0.19303619539595235,0.7980369732130447
25606,LOF,0.12333959777171358,0.34736989910431787,0.5292905031239685
25607,LOF,0.005760165636500283,0.2113194014667379,0.7829204328967618
25608,LOF,0.011596838598144482,0.1019474600266544,0.8864557013752011
25609,LOF,0.07669830324708289,0.39699339009288914,0.5263083066600279
25610,LOF,0.018778995880521576,0.029999204190007858,0.9512217999294705
25611,LOF,0.020623869958949305,0.031499930033344545,0.9478762000077061
25612,LOF,0.06584907124573454,0.04263361981362934,0.8915173089406361
25613,LOF,0.05521216205459078,0.04426342276447386,0.9005244151809353
25614,LOF,0.02607885959839928,0.03405812073106191,0.9398630196705388
25615,LOF,0.018692100289732404,0.04403714279214934,0.9372707569181183
25616,LOF,0.060321502758921015,0.031375932011088806,0.9083025652299901
25617,LOF,0.059062830938326344,0.03518466565961179,0.9057525034020619
25618,LOF,0.07091486120030831,0.038771888776594356,0.8903132500230972
25619,LOF,0.018139417676098012,0.03616257575413963,0.9456980065697624
25620,LOF,0.07227313869302275,0.04185083284777513,0.8858760284592022
25621,LOF,0.019659402309457195,0.038512377471192655,0.9418282202193502
25622,LOF,0.025404417710001802,0.036055738920796436,0.9385398433692018
25623,LOF,0.04099680430887879,0.02555416025351146,0.9334490354376097
25624,LOF,0.021119582368093942,0.0423813496887032,0.9364990679432029
25625,LOF,0.026914898333253518,0.048930563971121756,0.9241545376956247
25626,LOF,0.05643271636803475,0.03536087966581943,0.9082064039661457
25627,Neutral,0.5709542953401157,0.14670917048216014,0.28233653417772414
25628,LOF,0.1989416628666019,0.061514084658029544,0.7395442524753687
25629,LOF,0.04556856889985669,0.0642142165203114,0.8902172145798319
25630,LOF,0.13775200116887087,0.10064136858740011,0.7616066302437289
25631,Neutral,0.61598445911401,0.06658094931669349,0.3174345915692965
25632,LOF,0.007797650222037585,0.08178388013701143,0.910418469640951
25633,LOF,0.26234688255957767,0.06706998875391079,0.6705831286865116
25634,LOF,0.031562233738166065,0.11773103617262458,0.8507067300892094
25635,LOF,0.0308005957700417,0.07212107914049729,0.8970783250894612
25636,GOF,0.005736510919473348,0.5712245360211704,0.4230389530593562
25637,GOF,0.007558118309863607,0.594994664674356,0.3974472170157804
25638,LOF,0.012376624690244992,0.286708488725233,0.700914886584522
25639,LOF,0.006383787645625593,0.4507964341419809,0.5428197782123935
25640,GOF,0.44597964214846725,0.455806690769791,0.0982136670817418
25641,LOF,0.010689717247655668,0.3337350905463368,0.6555751922060075
25642,LOF,0.26287090156191445,0.0815246006752947,0.6556044977627908
25643,LOF,0.12150831575428472,0.18715335895628196,0.6913383252894333
25644,GOF,0.010308568672718694,0.5187726272969002,0.470918804030381
25645,LOF,0.008668506720741915,0.46880621081261664,0.5225252824666415
25646,LOF,0.013397573736369888,0.33802919224481365,0.6485732340188165
25647,LOF,0.010946948065301885,0.2997131507359492,0.6893399011987489
25648,LOF,0.00984482455237103,0.28126483035646427,0.7088903450911647
25649,LOF,0.008286842955997324,0.2189028542467583,0.7728103027972444
25650,LOF,0.015386087454688838,0.4567028532022171,0.5279110593430941
25651,LOF,0.006204990835309328,0.3125074605168897,0.681287548647801
25652,LOF,0.010308270466832034,0.2868020519684514,0.7028896775647165
25653,LOF,0.02982136706478642,0.426437803767786,0.5437408291674276
25654,LOF,0.01184782737191161,0.1664914913018024,0.8216606813262859
25655,LOF,0.05871529254426238,0.461851750924143,0.47943295653159473
25656,LOF,0.1849621302249319,0.043945675724853535,0.7710921940502145
25657,LOF,0.27251252361645933,0.027107158594314465,0.7003803177892262
25658,LOF,0.0746451461305926,0.0711753905577887,0.8541794633116188
25659,LOF,0.39684764229559555,0.06585976995681303,0.5372925877475914
25660,LOF,0.03498512559206113,0.10554871167229599,0.8594661627356428
25661,LOF,0.10500357649607625,0.06590762807227722,0.8290887954316466
25662,LOF,0.027358024868568517,0.04507802713049968,0.9275639480009318
25663,LOF,0.03581000188142972,0.06608272817813023,0.89810726994044
25664,LOF,0.0394849674323677,0.08006856870129746,0.8804464638663348
25665,LOF,0.05162816155164965,0.04011780778914224,0.9082540306592082
25666,LOF,0.041966141044488696,0.10139719537604304,0.8566366635794683
25667,LOF,0.0773397051884265,0.0502859315687931,0.8723743632427804
25668,LOF,0.028874249178192174,0.05514823455181314,0.9159775162699948
25669,LOF,0.030479333667645075,0.07905006024545014,0.8904706060869049
25670,LOF,0.05624249130831133,0.06277647280921302,0.8809810358824756
25671,LOF,0.09643751787207114,0.04617634811885933,0.8573861340090695
25672,LOF,0.050086591736488564,0.052773708449215896,0.8971396998142955
25673,LOF,0.03008346022296913,0.06249108633608348,0.9074254534409474
25674,LOF,0.022388413200339834,0.07603931919144288,0.9015722676082174
25675,LOF,0.03802463700276798,0.07428197012854112,0.8876933928686909
25676,LOF,0.022139473857975513,0.06914837122600531,0.9087121549160191
25677,LOF,0.03142121539857373,0.07563778023362201,0.8929410043678042
25678,LOF,0.18895896088802855,0.04881989752106808,0.7622211415909034
25679,LOF,0.14737243985820012,0.06541744980320835,0.7872101103385916
25680,LOF,0.03915265143649341,0.11562118674801411,0.8452261618154925
25681,LOF,0.06434847152285222,0.10769497396475722,0.8279565545123906
25682,LOF,0.12012222071264492,0.07753465287939486,0.8023431264079602
25683,LOF,0.0926919480562411,0.09487306190520489,0.812434990038554
25684,LOF,0.04519971597971621,0.08343747664208044,0.8713628073782034
25685,LOF,0.08096327110940757,0.06735819777366003,0.8516785311169324
25686,LOF,0.03022304794761681,0.09235209256186498,0.8774248594905183
25687,LOF,0.048294523085745854,0.0757543693090477,0.8759511076052063
25688,LOF,0.045665897569467075,0.05082349952897411,0.9035106029015587
25689,LOF,0.027016112099944443,0.0589238708943238,0.9140600170057317
25690,LOF,0.03256662480275018,0.0486029548366014,0.9188304203606484
25691,LOF,0.27738997282529715,0.06240862271365862,0.6602014044610441
25692,LOF,0.2418849060312762,0.007893273881179264,0.7502218200875445
25693,LOF,0.08782655603942936,0.18521592092899256,0.726957523031578
25694,LOF,0.24570073220030342,0.012313943740985192,0.7419853240587114
25695,LOF,0.15661200557777277,0.02867303753041346,0.8147149568918137
25696,LOF,0.11210752216903856,0.01317298353267931,0.874719494298282
25697,LOF,0.08917504380542779,0.030059924572715932,0.8807650316218563
25698,GOF,0.04290147367077695,0.47891124824583986,0.47818727808338324
25699,LOF,0.06750020231169548,0.08582907864660064,0.8466707190417039
25700,LOF,0.06259518085552787,0.009213345427836354,0.9281914737166359
25701,LOF,0.01873233516516556,0.06898970899976448,0.9122779558350699
25702,GOF,0.030240534156270198,0.6923522926137025,0.2774071732300273
25703,LOF,0.008750046054565318,0.17166865503422982,0.8195812989112048
25704,LOF,0.046192635174283986,0.16793205194394245,0.7858753128817736
25705,LOF,0.058643586788908235,0.21746278962947288,0.7238936235816189
25706,GOF,0.04522085616909043,0.49927318660298386,0.45550595722792586
25707,LOF,0.026276729444760595,0.4573473827169965,0.5163758878382428
25708,LOF,0.008517896058094625,0.3740230011948595,0.6174591027470459
25709,LOF,0.06074291301632887,0.05705880581352016,0.882198281170151
25710,LOF,0.00549270705671175,0.15471510254168522,0.8397921904016031
25711,LOF,0.020771480444301327,0.11402943826845736,0.8651990812872414
25712,LOF,0.007517778840927335,0.17366715184746354,0.8188150693116091
25713,LOF,0.019202217434016466,0.09627232940712124,0.8845254531588623
25714,LOF,0.06952088032072068,0.11882378027636926,0.81165533940291
25715,LOF,0.013617979168882289,0.1309368687539026,0.8554451520772152
25716,LOF,0.006448609400739494,0.10099642913421424,0.8925549614650462
25717,LOF,0.005204911887464827,0.10451740818894165,0.8902776799235934
25718,LOF,0.01405548454162625,0.08230024868222388,0.9036442667761498
25719,LOF,0.02447258244132891,0.0882552183461557,0.8872721992125153
25720,LOF,0.024045001114693904,0.08260256665832004,0.8933524322269861
25721,LOF,0.01686341189153081,0.10549610972534187,0.8776404783831274
25722,LOF,0.01394080089310861,0.12652077482142196,0.8595384242854694
25723,LOF,0.020859759701651763,0.06607436576530656,0.9130658745330417
25724,LOF,0.022711318382724634,0.09989722422304863,0.8773914573942269
25725,LOF,0.014843878982927071,0.06946935917046972,0.9156867618466032
25726,LOF,0.012547400364387786,0.09882582251490148,0.8886267771207107
25727,LOF,0.015393569843435708,0.08494427753327455,0.8996621526232899
25728,LOF,0.01306558681508328,0.11235119146128887,0.8745832217236279
25729,LOF,0.013545512738910841,0.11212535463163956,0.8743291326294496
25730,LOF,0.01388813164561318,0.09387947847814773,0.8922323898762391
25731,LOF,0.007457158151868148,0.1375786322880475,0.8549642095600843
25732,LOF,0.013645318307122727,0.09874115325288177,0.8876135284399954
25733,LOF,0.019556920261366764,0.07901105871589323,0.9014320210227401
25734,LOF,0.0052993478821105775,0.135611452242136,0.8590891998757534
25735,LOF,0.0165057626048838,0.08293513379619878,0.9005591035989174
25736,LOF,0.015529744179961419,0.11411984436447639,0.8703504114555621
25737,LOF,0.024819713472202104,0.09372604382056764,0.8814542427072304
25738,LOF,0.015812533672747,0.12884593333507788,0.8553415329921752
25739,LOF,0.022380524574689805,0.11461978196515761,0.8629996934601526
25740,LOF,0.0336664368394041,0.1300068297515189,0.836326733409077
25741,LOF,0.017868070794734552,0.11147612342860222,0.8706558057766632
25742,LOF,0.1167316911161887,0.10369519039254312,0.7795731184912681
25743,LOF,0.01587540852669482,0.03822957329897045,0.9458950181743347
25744,LOF,0.21911989107382412,0.3713275849555691,0.4095525239706069
25745,LOF,0.025499305504707102,0.048225489512699754,0.9262752049825932
25746,LOF,0.01522276460856317,0.06128693851064629,0.9234902968807904
25747,LOF,0.0274489788386964,0.03177001428175022,0.9407810068795535
25748,LOF,0.14758839233927615,0.05536310841741938,0.7970484992433045
25749,LOF,0.015351067824106064,0.040115521114617435,0.9445334110612764
25750,LOF,0.030835613072102683,0.06137404347929057,0.9077903434486067
25751,LOF,0.10687471769369207,0.05905165825025104,0.8340736240560569
25752,GOF,0.1157534425552893,0.637658453861958,0.24658810358275285
25753,LOF,0.007087492058603292,0.37776375231083137,0.6151487556305653
25754,GOF,0.004894001183279636,0.8452123718231053,0.14989362699361491
25755,LOF,0.009725243617463374,0.43784203536423666,0.5524327210183
25756,LOF,0.041976167884418034,0.4397721887911774,0.5182516433244045
25757,GOF,0.006428902591737838,0.8681549303671918,0.12541616704107028
25758,GOF,0.006622314913194724,0.8583894200234503,0.13498826506335498
25759,GOF,0.004530543156732998,0.5465670547979381,0.44890240204532894
25760,LOF,0.004850145981999113,0.30021807239075743,0.6949317816272436
25761,GOF,0.035977797910279025,0.8385676103697468,0.1254545917199741
25762,LOF,0.02748542189074881,0.35463097932475696,0.6178835987844943
25763,LOF,0.005773514813762361,0.25203062916043895,0.7421958560257987
25764,GOF,0.13903409076626208,0.5274208084041979,0.33354510082954
25765,GOF,0.011258293974906191,0.778821303919162,0.2099204021059318
25766,GOF,0.018354632670197383,0.8031670269311525,0.17847834039865007
25767,GOF,0.023664331356352264,0.4890272051169949,0.4873084635266528
25768,LOF,0.08760561914622704,0.06850131073642234,0.8438930701173507
25769,LOF,0.0825720238022173,0.051737088771632966,0.8656908874261497
25770,LOF,0.24567170018650833,0.05941791918418213,0.6949103806293095
25771,LOF,0.012453002906255218,0.06339168144992381,0.9241553156438209
25772,LOF,0.01688924537368688,0.024128473410510914,0.9589822812158023
25773,LOF,0.010099915094547619,0.09734257943525988,0.8925575054701924
25774,LOF,0.02428456057677007,0.06920714913518516,0.9065082902880448
25775,LOF,0.01377518916029729,0.042873709384328454,0.9433511014553744
25776,LOF,0.08274894090910571,0.01988566124023218,0.8973653978506622
25777,LOF,0.3024175035699849,0.046034448634400954,0.6515480477956141
25778,LOF,0.07098852204133452,0.03802790106873831,0.8909835768899272
25779,GOF,0.05072248667449596,0.878784964327381,0.0704925489981232
25780,GOF,0.056918083300498176,0.8567356416397602,0.08634627505974163
25781,GOF,0.02427190361837538,0.8362021583895742,0.1395259379920505
25782,GOF,0.025771884887613866,0.8842586523065261,0.08996946280586017
25783,GOF,0.012360722913459424,0.6993184418278156,0.2883208352587251
25784,GOF,0.09901542315658572,0.8426676827602385,0.058316894083175766
25785,GOF,0.06044938647055914,0.8873948655968169,0.05215574793262394
25786,GOF,0.0046987350558983475,0.8096082046495858,0.18569306029451593
25787,GOF,0.16876198784305366,0.792718538816399,0.03851947334054749
25788,LOF,0.04335238623949477,0.13709222999260143,0.8195553837679038
25789,GOF,0.030153425867758592,0.8297155699798271,0.1401310041524143
25790,GOF,0.034648907006305074,0.8745438758591726,0.09080721713452243
25791,GOF,0.024100292515054616,0.8096156244975461,0.16628408298739936
25792,GOF,0.0390784930137539,0.8204532803765138,0.1404682266097324
25793,GOF,0.08080555633390181,0.8142888956225387,0.10490554804355948
25794,GOF,0.08438551214219503,0.7283598293146665,0.18725465854313847
25795,GOF,0.024783531463832355,0.7598520200204255,0.21536444851574213
25796,GOF,0.12062171853595116,0.7561140429083569,0.12326423855569178
25797,GOF,0.028446303767568546,0.6262453745904896,0.345308321641942
25798,GOF,0.0029541993260250765,0.576300236508928,0.420745564165047
25799,LOF,0.0027749244139280566,0.4796276709633477,0.5175974046227243
25800,GOF,0.008720075108421333,0.6523747028769222,0.33890522201465645
25801,GOF,0.02360583293604461,0.8313553251345581,0.14503884192939737
25802,GOF,0.014704435700768511,0.7471407041743632,0.2381548601248683
25803,GOF,0.00931477467897067,0.652824543069401,0.33786068225162846
25804,GOF,0.009897750782219062,0.5579683912836216,0.4321338579341592
25805,GOF,0.01870646705068253,0.6560468716661247,0.32524666128319274
25806,GOF,0.015514457143986618,0.6887845249781023,0.2957010178779111
25807,GOF,0.0046052223488344335,0.6726381842127988,0.32275659343836677
25808,GOF,0.012720903215616012,0.6764261378817553,0.3108529589026286
25809,GOF,0.00509126458227637,0.6527036365067954,0.3422050989109283
25810,GOF,0.004638579295643674,0.6658898410885626,0.32947157961579365
25811,GOF,0.06718870009284421,0.8384478897192063,0.09436341018794948
25812,GOF,0.012293861385250524,0.6828265151786703,0.3048796234360791
25813,GOF,0.0909257248052876,0.7890829042136932,0.11999137098101938
25814,GOF,0.02165268176197526,0.7415019407322125,0.23684537750581228
25815,GOF,0.033570900629471614,0.7732736166097358,0.19315548276079256
25816,GOF,0.007020374500094039,0.8221762355781473,0.17080338992175853
25817,GOF,0.06588893167351081,0.7825249904970059,0.1515860778294833
25818,GOF,0.02022432570503404,0.7649914773239619,0.21478419697100395
25819,GOF,0.06322023907731203,0.759648419580311,0.17713134134237693
25820,GOF,0.027717849356250608,0.7550858514131777,0.21719629923057157
25821,GOF,0.015448139847196375,0.7420343942987275,0.24251746585407608
25822,GOF,0.028873174123438896,0.7747723138262399,0.19635451205032123
25823,GOF,0.010994875542463357,0.6052894712935408,0.3837156531639957
25824,GOF,0.019436018153622073,0.7432744267254736,0.2372895551209041
25825,GOF,0.011780875687058342,0.7161214082604253,0.2720977160525164
25826,GOF,0.004945294441987162,0.6710734908483758,0.3239812147096371
25827,GOF,0.0077602611697087515,0.6651239005824813,0.3271158382478101
25828,GOF,0.004821881352421383,0.6054426862423787,0.38973543240519987
25829,GOF,0.0027465591169088615,0.6603356060966392,0.3369178347864519
25830,LOF,0.02840559515478278,0.40537020520984424,0.5662241996353728
25831,GOF,0.030484607512373064,0.8462619506228546,0.12325344186477247
25832,GOF,0.0072720088799753425,0.7798304744561253,0.2128975166638995
25833,GOF,0.024274141834336228,0.8201989381373584,0.15552692002830534
25834,GOF,0.007026922447955765,0.7859824832954911,0.206990594256553
25835,GOF,0.015962874619955703,0.8373867205552215,0.14665040482482286
25836,GOF,0.006030125566597166,0.7868725062503069,0.20709736818309601
25837,GOF,0.005719197751888904,0.687716177421404,0.30656462482670704
25838,GOF,0.015807938326440608,0.8445769667694584,0.1396150949041011
25839,GOF,0.03059307852957686,0.8242450961540582,0.14516182531636504
25840,GOF,0.0300243340518903,0.8247593645115342,0.1452163014365754
25841,GOF,0.028880169914821247,0.8543020532985339,0.11681777678664486
25842,GOF,0.021821993263737745,0.8699746539407873,0.10820335279547495
25843,GOF,0.024340131391935537,0.8851220820542188,0.0905377865538455
25844,GOF,0.014164471680609041,0.8000125959242329,0.18582293239515815
25845,GOF,0.0049029043297001956,0.6157429682053414,0.3793541274649584
25846,GOF,0.022985493926080486,0.8562112083354615,0.12080329773845797
25847,GOF,0.015335448851312088,0.8920693566459917,0.09259519450269603
25848,GOF,0.013448207517791905,0.8354315612343522,0.15112023124785587
25849,GOF,0.004506355188073171,0.712105700780098,0.2833879440318288
25850,GOF,0.00591752524969188,0.7125424280596451,0.281540046690663
25851,GOF,0.005176951413009282,0.5971229270040989,0.39770012158289186
25852,GOF,0.13081684785161027,0.5850326219896665,0.28415053015872316
25853,GOF,0.06597315302024108,0.8429562451538976,0.09107060182586131
25854,GOF,0.008751271615851404,0.6629495514464764,0.32829917693767213
25855,GOF,0.011438453690883634,0.6138665296863215,0.3746950166227948
25856,GOF,0.032017808768384816,0.7512972600971681,0.216684931134447
25857,GOF,0.01311083845122229,0.5748135080800933,0.4120756534686845
25858,GOF,0.007734209609992679,0.6151078843675165,0.37715790602249083
25859,GOF,0.005105053118997125,0.5864203999088262,0.4084745469721767
25860,GOF,0.06104616973006022,0.8192213837545029,0.1197324465154369
25861,GOF,0.10031268112642593,0.8049826005132612,0.09470471836031277
25862,GOF,0.01903778582974407,0.8463654166359649,0.13459679753429116
25863,GOF,0.017352779694626598,0.8624220645270965,0.12022515577827693
25864,GOF,0.03752958397208087,0.8737369425206926,0.0887334735072266
25865,GOF,0.023990133088993455,0.8451061373337022,0.1309037295773043
25866,GOF,0.0208882097725964,0.8465356591637919,0.13257613106361182
25867,GOF,0.024008153855371854,0.8688497197846697,0.10714212635995826
25868,GOF,0.04458752772776192,0.8248871118938411,0.13052536037839685
25869,GOF,0.29714967247365104,0.6205424535311634,0.08230787399518558
25870,GOF,0.17094429484190068,0.5761923908184016,0.2528633143396977
25871,GOF,0.019688497285716523,0.8767770753628865,0.10353442735139705
25872,GOF,0.015593276337096167,0.8525503936690653,0.13185632999383862
25873,GOF,0.016007310904205742,0.8696075819152697,0.11438510718052476
25874,LOF,0.01551613337309193,0.15118222165307005,0.8333016449738381
25875,LOF,0.03392189021754192,0.037824825026953564,0.9282532847555045
25876,LOF,0.015568893315049596,0.03055954097563986,0.9538715657093105
25877,LOF,0.13752042473548007,0.06027065163926311,0.8022089236252568
25878,LOF,0.05868283852605582,0.08467849582270089,0.8566386656512434
25879,LOF,0.02314420234453545,0.0710118250599021,0.9058439725955625
25880,LOF,0.04686665513140079,0.009783017244752968,0.9433503276238462
25881,Neutral,0.5585424243704008,0.07308748505315828,0.3683700905764408
25882,LOF,0.0219873116533834,0.04544132298937536,0.9325713653572412
25883,LOF,0.05468136513571846,0.025934996410992027,0.9193836384532896
25884,LOF,0.011534188570901726,0.05469410214046861,0.9337717092886297
25885,LOF,0.1939657806808749,0.009374593281640219,0.7966596260374849
25886,LOF,0.21862371900918118,0.05193553688669644,0.7294407441041224
25887,LOF,0.15551585503836626,0.06944643951582874,0.775037705445805
25888,LOF,0.013564126035728812,0.15316223548605137,0.8332736384782199
25889,LOF,0.016648901066597985,0.03398531848826858,0.9493657804451335
25890,LOF,0.1226477294496004,0.10541416486599724,0.7719381056844024
25891,LOF,0.04937543170305697,0.061039993571342994,0.8895845747256
25892,LOF,0.010501289699226642,0.04782905674954896,0.9416696535512243
25893,LOF,0.3726243410094305,0.013826001960639793,0.6135496570299297
25894,LOF,0.43482540443285295,0.008391882430315063,0.556782713136832
25895,LOF,0.3623353398367133,0.016261462461851277,0.6214031977014355
25896,LOF,0.04370022274663157,0.03387398044655917,0.9224257968068093
25897,LOF,0.17899761793477217,0.013013750876131923,0.8079886311890959
25898,LOF,0.229690865537277,0.04646876815738188,0.7238403663053412
25899,LOF,0.23466147669139423,0.03385311492854089,0.7314854083800648
25900,LOF,0.4577723305578686,0.012845495985928055,0.5293821734562033
25901,LOF,0.0474516188506409,0.013420736093878003,0.9391276450554811
25902,LOF,0.10036337352883691,0.01903464918773398,0.880601977283429
25903,LOF,0.34843906961152427,0.03647366462585197,0.6150872657626236
25904,Neutral,0.48147446692801954,0.045939280883250624,0.4725862521887298
25905,LOF,0.0064501703636874125,0.3993660277076602,0.5941838019286524
25906,LOF,0.008235371752797174,0.10307224099089658,0.8886923872563062
25907,LOF,0.003949147602911508,0.3275381296970801,0.6685127227000084
25908,LOF,0.003869443855548633,0.22744729456475535,0.7686832615796961
25909,LOF,0.015251492413862849,0.1552138007037767,0.8295347068823604
25910,LOF,0.017904019472545635,0.1357590464273639,0.8463369341000906
25911,LOF,0.17276486016133505,0.027001437638260253,0.8002337022004047
25912,LOF,0.07353218547980166,0.045785570850233846,0.8806822436699645
25913,LOF,0.06110208490935679,0.051520376881844354,0.8873775382087988
25914,LOF,0.02123766697173691,0.07996892785238967,0.8987934051758734
25915,LOF,0.1304181331247509,0.2947496492349697,0.5748322176402795
25916,LOF,0.019973575581296216,0.202218964540607,0.7778074598780967
25917,LOF,0.05316747152294693,0.0520804104259547,0.8947521180510983
25918,LOF,0.025740075122674493,0.04515502335741069,0.9291049015199149
25919,LOF,0.02283712909740631,0.04539164445213412,0.9317712264504596
25920,LOF,0.10731921784777994,0.21193543823397143,0.6807453439182486
25921,LOF,0.009113681360803459,0.0336005493498826,0.957285769289314
25922,LOF,0.01218390199513381,0.027443511135671797,0.9603725868691942
25923,LOF,0.3906640245378485,0.032050518518536825,0.5772854569436147
25924,LOF,0.016443239506960177,0.041881724653751895,0.9416750358392878
25925,LOF,0.06847028161627783,0.042263006354747605,0.8892667120289744
25926,LOF,0.04836851418622988,0.04005916270281543,0.9115723231109547
25927,LOF,0.0216698560982215,0.05219892654352623,0.9261312173582522
25928,LOF,0.0072447449121866726,0.046954453811507695,0.9458008012763056
25929,LOF,0.4698810073595002,0.02999410182131169,0.5001248908191881
25930,LOF,0.08681179460664651,0.02685185217265146,0.8863363532207021
25931,LOF,0.009590070879278064,0.033066069528642265,0.9573438595920797
25932,LOF,0.0354067277645433,0.02695304518711799,0.9376402270483386
25933,LOF,0.04152128149638687,0.016738964531493896,0.9417397539721192
25934,LOF,0.028287319676952118,0.017440253529274016,0.9542724267937738
25935,LOF,0.0673545558584413,0.045909529942786645,0.8867359141987721
25936,LOF,0.04254413367953767,0.020045436558257416,0.9374104297622049
25937,LOF,0.00878668025549253,0.029630357696610255,0.9615829620478972
25938,LOF,0.06444153214255836,0.043691971266423525,0.8918664965910181
25939,LOF,0.03265243231561556,0.021455352305657104,0.9458922153787273
25940,LOF,0.009128926300301692,0.3471298136289274,0.6437412600707709
25941,Neutral,0.5154314287965577,0.026354700201743096,0.4582138710016993
25942,LOF,0.005422654059651855,0.04369632827552088,0.9508810176648271
25943,LOF,0.03911696463730222,0.13029014214051873,0.8305928932221791
25944,LOF,0.11737456573969283,0.060759519147237914,0.8218659151130692
25945,LOF,0.05712521874730542,0.019100454995101195,0.9237743262575935
25946,LOF,0.07136361917829163,0.05425362047899425,0.8743827603427141
25947,Neutral,0.4963250041052078,0.07796234138963223,0.4257126545051601
25948,LOF,0.33860551651721565,0.010619151695510276,0.6507753317872741
25949,LOF,0.09287565874080425,0.053768342706818364,0.8533559985523773
25950,GOF,0.04331655900316615,0.6463906573048185,0.31029278369201535
25951,LOF,0.013163855049072979,0.42967580555608387,0.5571603393948432
25952,LOF,0.25940443781492095,0.2798482388797878,0.4607473233052911
25953,LOF,0.01210326617713733,0.1867890924054726,0.8011076414173901
25954,LOF,0.04974800780937365,0.4293779304764777,0.5208740617141486
25955,LOF,0.01071874765477314,0.1383770541044882,0.8509041982407387
25956,LOF,0.02762363351815664,0.29846705477027147,0.6739093117115719
25957,LOF,0.2349096864727852,0.03668010616418583,0.7284102073630291
25958,LOF,0.05398437044979786,0.032899627541833704,0.9131160020083685
25959,GOF,0.01362622000547701,0.5053696023172407,0.48100417767728243
25960,LOF,0.005600983665447024,0.05684391702617067,0.9375550993083823
25961,LOF,0.050862586215798575,0.027883313385683176,0.9212541003985182
25962,LOF,0.032446855948723985,0.08095570541904831,0.8865974386322276
25963,LOF,0.005898059148559864,0.2538366987364898,0.7402652421149503
25964,LOF,0.030787908049018733,0.10318592934956182,0.8660261626014194
25965,LOF,0.30426716795090003,0.15357765535065304,0.5421551766984468
25966,LOF,0.43869615897138275,0.11791459417782854,0.44338924685078857
25967,LOF,0.005848024064433859,0.0682575270693482,0.9258944488662179
25968,LOF,0.046871446176603944,0.21586233986379985,0.7372662139595961
25969,LOF,0.12440955647210505,0.06200525830238649,0.8135851852255084
25970,LOF,0.018425319024461033,0.08998758229716047,0.8915870986783785
25971,LOF,0.06880779895361942,0.029253607233698135,0.9019385938126824
25972,LOF,0.05698143973620373,0.038511824198271635,0.9045067360655246
25973,LOF,0.05565241524644951,0.012768318637546955,0.9315792661160036
25974,LOF,0.04719160276363658,0.03995304346783297,0.9128553537685304
25975,LOF,0.04453606775910874,0.024494417581708512,0.9309695146591828
25976,LOF,0.11636370530992572,0.012775184031637856,0.8708611106584364
25977,LOF,0.21711947948116506,0.061643871078965184,0.7212366494398696
25978,LOF,0.1404776623022755,0.16024126963966684,0.6992810680580578
25979,LOF,0.11979100441521186,0.17540005490806196,0.7048089406767263
25980,LOF,0.2424158479629128,0.17716896843869898,0.5804151835983882
25981,LOF,0.2426720066657242,0.17801493622261624,0.5793130571116596
25982,LOF,0.391015752470948,0.11357854201429454,0.4954057055147575
25983,LOF,0.3759420995844464,0.14302916066048488,0.4810287397550686
25984,LOF,0.033801539955082706,0.07576606606566684,0.8904323939792506
25985,LOF,0.4225623795852701,0.12888543886419432,0.44855218155053544
25986,LOF,0.01201746857464972,0.45329666466985963,0.5346858667554907
25987,LOF,0.04056777551759613,0.11972341848415592,0.8397088059982478
25988,LOF,0.14202317095157557,0.13411158514912236,0.7238652438993021
25989,LOF,0.041177848701379624,0.1706635010946353,0.7881586502039851
25990,LOF,0.03995131886666142,0.2561642047486854,0.7038844763846532
25991,LOF,0.023434344821340478,0.3357835766075115,0.640782078571148
25992,LOF,0.03187733184365674,0.34067456784392774,0.6274481003124155
25993,LOF,0.02206419246252843,0.08124322585648426,0.8966925816809872
25994,LOF,0.016686430120725498,0.0760578533084078,0.9072557165708668
25995,LOF,0.018496456353068094,0.15593140941384304,0.8255721342330888
25996,LOF,0.30375825711655513,0.28637392009129764,0.40986782279214723
25997,LOF,0.08015295598124242,0.3205594443546608,0.5992875996640967
25998,LOF,0.3231509104121593,0.0449472987954522,0.6319017907923884
25999,LOF,0.018928834694827937,0.26209746256172445,0.7189737027434476
26000,LOF,0.15722570713208456,0.03375214107157936,0.8090221517963361
26001,LOF,0.30186110384289166,0.030642967364651847,0.6674959287924566
26002,LOF,0.0675030695291314,0.05719206527787033,0.8753048651929983
26003,GOF,0.0039354128964806095,0.6306900364276192,0.3653745506759
26004,GOF,0.005964167783206658,0.721174730202941,0.27286110201385244
26005,GOF,0.0030045475753048673,0.5380017829724197,0.45899366945227543
26006,GOF,0.08505245943593093,0.6214096183214133,0.2935379222426557
26007,GOF,0.005882956266842187,0.6082182539662343,0.3858987897669236
26008,GOF,0.005500152567718718,0.7221330454196152,0.2723668020126661
26009,GOF,0.006182309000299933,0.6863184706712379,0.3074992203284623
26010,GOF,0.006309378574190987,0.6957378865257143,0.2979527349000947
26011,GOF,0.002639429160968662,0.5027473111529717,0.49461325968605957
26012,GOF,0.0037022269702989773,0.5865592017949741,0.409738571234727
26013,GOF,0.004358836533022183,0.6314925465497591,0.3641486169172187
26014,LOF,0.03856781938245721,0.11250560866292353,0.8489265719546192
26015,LOF,0.13633060558512997,0.020124229808338678,0.8435451646065313
26016,LOF,0.27450782788431394,0.03757980528854713,0.687912366827139
26017,LOF,0.023773773152116054,0.190771730711411,0.785454496136473
26018,LOF,0.05085293002517343,0.03442703344669236,0.9147200365281343
26019,LOF,0.05017972432350545,0.029777283505290204,0.9200429921712044
26020,LOF,0.008519928180060992,0.18961469501390085,0.8018653768060382
26021,LOF,0.0720041398661127,0.06794185561877937,0.8600540045151078
26022,LOF,0.028044937930904325,0.025191385430569257,0.9467636766385265
26023,LOF,0.04125367775467078,0.02122294549382719,0.937523376751502
26024,LOF,0.04351887022535074,0.06419121729766024,0.892289912476989
26025,LOF,0.04895240028972997,0.07722247947412714,0.8738251202361428
26026,LOF,0.08154388537177884,0.05771727314066286,0.8607388414875583
26027,LOF,0.04272258212474723,0.017612250836419954,0.9396651670388327
26028,LOF,0.08811243483327992,0.13887076552701547,0.7730167996397046
26029,LOF,0.022386861461815438,0.20953057401345385,0.7680825645247307
26030,LOF,0.15505953433243597,0.03546945127027553,0.8094710143972885
26031,LOF,0.014196083052925527,0.16053305277916297,0.8252708641679115
26032,LOF,0.06935228827969682,0.07088617079579863,0.8597615409245046
26033,LOF,0.08868802807422183,0.06841318954109428,0.8428987823846837
26034,LOF,0.015812884549973854,0.16886929481550142,0.8153178206345247
26035,LOF,0.01486859424200875,0.12565005676277713,0.8594813489952141
26036,LOF,0.01579849668023191,0.15744365420927206,0.826757849110496
26037,LOF,0.013281447911471237,0.11244695840715596,0.8742715936813727
26038,LOF,0.05727839365415028,0.06510992208767896,0.8776116842581708
26039,LOF,0.029076905131244665,0.15421363630968504,0.8167094585590704
26040,LOF,0.11649523483939156,0.1554874403434647,0.7280173248171438
26041,LOF,0.015878509999813214,0.09965888165321383,0.884462608346973
26042,LOF,0.0147257692643198,0.09967881578891202,0.8855954149467681
26043,LOF,0.05596462059682194,0.08204812112950341,0.8619872582736746
26044,LOF,0.011568167288929542,0.06930027164706787,0.9191315610640027
26045,LOF,0.050320096301459685,0.11081020288533383,0.8388697008132064
26046,LOF,0.05020520216635065,0.06564458874433272,0.8841502090893167
26047,LOF,0.08135921701784155,0.06251156571838601,0.8561292172637724
26048,LOF,0.04559373434121452,0.05004838157903547,0.9043578840797502
26049,Neutral,0.9636665578445968,0.007249330983983558,0.0290841111714197
26050,Neutral,0.9508791642752259,0.007947399057096492,0.041173436667677595
26051,LOF,0.01248467280183957,0.14444605724955736,0.8430692699486031
26052,LOF,0.019458737893036714,0.1811825709421225,0.7993586911648408
26053,LOF,0.022215426648121303,0.1383625569987875,0.8394220163530913
26054,LOF,0.04225429959957495,0.021547673207468504,0.9361980271929564
26055,LOF,0.05325218383288445,0.01927487899384149,0.9274729371732742
26056,LOF,0.04766250445999441,0.023329043818070386,0.9290084517219351
26057,LOF,0.03249593122681754,0.014616480493754677,0.9528875882794279
26058,LOF,0.03330062971881911,0.012652976825797989,0.9540463934553829
26059,LOF,0.3004007493450917,0.022363283795708656,0.6772359668591996
26060,LOF,0.01113317032808674,0.19519646804781904,0.7936703616240943
26061,LOF,0.005004971735481913,0.01637998465175262,0.9786150436127655
26062,LOF,0.003719477375134632,0.02314856016175773,0.9731319624631075
26063,LOF,0.021389263572681748,0.012741667563065917,0.9658690688642523
26064,LOF,0.005076753784722721,0.0317053602515149,0.9632178859637623
26065,LOF,0.025505941752285842,0.014822468052323668,0.9596715901953906
26066,LOF,0.023898321527299714,0.012604893987775763,0.9634967844849245
26067,LOF,0.029289972510472263,0.011697560634699585,0.9590124668548282
26068,LOF,0.039157234774023185,0.04665253021772955,0.9141902350082473
26069,LOF,0.2854330157902965,0.025060417843536898,0.6895065663661666
26070,LOF,0.4271236470401752,0.019860588469108927,0.5530157644907159
26071,LOF,0.02263794790994318,0.013632816176465884,0.9637292359135908
26072,LOF,0.004545453303101559,0.029402853052065338,0.9660516936448331
26073,LOF,0.021011916162413276,0.016966633607687923,0.9620214502298988
26074,Neutral,0.920060465494118,0.00777142603172281,0.0721681084741593
26075,LOF,0.03890042304924074,0.022695234642726513,0.9384043423080328
26076,LOF,0.03412155410855085,0.01276149519167178,0.9531169506997773
26077,LOF,0.12250407098222385,0.010018973845293131,0.8674769551724831
26078,LOF,0.004922929294025838,0.01894983455615502,0.9761272361498192
26079,LOF,0.04708328014468973,0.02552043094706759,0.9273962889082427
26080,LOF,0.04563544282872426,0.025551577889892912,0.9288129792813828
26081,LOF,0.028270710255281765,0.009587780006660915,0.9621415097380573
26082,LOF,0.003375249722709707,0.0199833396808526,0.9766414105964377
26083,LOF,0.11093234774726708,0.021512333329533853,0.867555318923199
26084,LOF,0.04008486102634469,0.0166985153102336,0.9432166236634217
26085,LOF,0.036237972796214074,0.014728765565471093,0.9490332616383148
26086,LOF,0.022446240891756324,0.013801677167418638,0.9637520819408251
26087,LOF,0.021656153854992848,0.011758102957003328,0.9665857431880038
26088,LOF,0.005057373443393163,0.022294573883715925,0.972648052672891
26089,LOF,0.03647469171585454,0.025883883922765485,0.93764142436138
26090,LOF,0.03707467904210733,0.02097861224891034,0.9419467087089822
26091,LOF,0.027815895606458266,0.00884561221414551,0.9633384921793963
26092,LOF,0.022246790725338975,0.009573619680649747,0.9681795895940113
26093,LOF,0.041270125645103774,0.008099599486579297,0.950630274868317
26094,LOF,0.032334270682066256,0.007972592344710481,0.9596931369732232
26095,LOF,0.01874402766384263,0.021319866165669502,0.9599361061704879
26096,LOF,0.1756044361085013,0.006731058261753749,0.817664505629745
26097,LOF,0.0047137485900888565,0.037425179189252,0.9578610722206593
26098,LOF,0.07226966492188636,0.01860911170548,0.9091212233726338
26099,LOF,0.021149733205940265,0.018137602465629073,0.9607126643284306
26100,LOF,0.021149733205940265,0.018137602465629073,0.9607126643284306
26101,LOF,0.05098677438308452,0.025041118772621322,0.9239721068442942
26102,LOF,0.02071890897607675,0.01815910595241827,0.9611219850715049
26103,Neutral,0.8365140526804151,0.02605621380826693,0.137429733511318
26104,LOF,0.061605875714617765,0.027909358438156645,0.9104847658472255
26105,LOF,0.24115684653017802,0.17597863379156214,0.5828645196782598
26106,LOF,0.35527497797931595,0.1434815745065535,0.5012434475141306
26107,LOF,0.01911402212826519,0.11233032601503448,0.8685556518567003
26108,LOF,0.32978128773437854,0.0514708426937854,0.618747869571836
26109,LOF,0.036057841813998646,0.051058324287250316,0.912883833898751
26110,LOF,0.2129050894528664,0.007334798906195037,0.7797601116409385
26111,LOF,0.06864826217027836,0.08297056015410094,0.8483811776756207
26112,LOF,0.03232244001919409,0.007790879433936168,0.9598866805468698
26113,LOF,0.052801692497342456,0.016365410811213735,0.9308328966914439
26114,LOF,0.07941809020758049,0.010825741179535671,0.9097561686128838
26115,LOF,0.016694875901101955,0.06944398745093681,0.9138611366479612
26116,LOF,0.10813527221638199,0.037866936644526325,0.8539977911390916
26117,LOF,0.3986614638826897,0.03189107244510871,0.5694474636722017
26118,LOF,0.03190071761707897,0.016113319379090142,0.951985963003831
26119,LOF,0.004948138539414307,0.03568517386232256,0.959366687598263
26120,LOF,0.02581657902749082,0.016140741066228037,0.958042679906281
26121,LOF,0.004581615575613856,0.12394215095116823,0.8714762334732179
