feature0,prediction,LoGoFunc_Neutral,LoGoFunc_GOF,LoGoFunc_LOF
25546,Neutral,0.6412890948588785,0.05131991507091537,0.3073909900702061
25547,Neutral,0.47648414990885557,0.09440213294977377,0.42911371714137053
25548,Neutral,0.4727313974631049,0.07991562841015591,0.4473529741267391
25549,LOF,0.38996598833035806,0.0795706843718846,0.5304633272977574
25550,LOF,0.35157019469418255,0.10820243087802937,0.5402273744277881
25551,LOF,0.28719599723602685,0.1224614969355179,0.5903425058284554
25552,LOF,0.22020679764402332,0.12282552654212762,0.6569676758138492
25553,Neutral,0.8027896774035734,0.04278014037686409,0.1544301822195625
25554,LOF,0.2777463854829507,0.11343725030796761,0.6088163642090817
25555,LOF,0.21793767282177193,0.1074198590567648,0.6746424681214633
25556,LOF,0.4313660589160016,0.09614456605552057,0.4724893750284777
25557,LOF,0.20313213318953321,0.1137324499296821,0.6831354168807847
25558,LOF,0.2641315449923967,0.11403566727485621,0.6218327877327472
25559,LOF,0.1973153946062519,0.14660337054017214,0.656081234853576
25560,LOF,0.0681255208193838,0.12087292906349209,0.811001550117124
25561,LOF,0.13247466968894592,0.10720690066866638,0.7603184296423877
25562,LOF,0.062268046831671475,0.07054973545710967,0.8671822177112188
25563,LOF,0.08951946426407108,0.06730564339739419,0.8431748923385347
25564,LOF,0.2154991944464553,0.1437783318701545,0.6407224736833902
25565,LOF,0.19367434164755645,0.14084555002738067,0.6654801083250628
25566,GOF,0.020058639481467726,0.7680952323086954,0.21184612820983692
25567,LOF,0.02431965527557051,0.13171237587057977,0.8439679688538496
25568,LOF,0.06013071389099193,0.06673718325066355,0.8731321028583444
25569,LOF,0.05880100412260841,0.06458674475106331,0.8766122511263282
25570,LOF,0.030914564924778433,0.100529940153335,0.8685554949218866
25571,LOF,0.02978475296141876,0.09467828440531963,0.8755369626332615
25572,LOF,0.03438249308013978,0.11724737023963502,0.8483701366802252
25573,LOF,0.025477858607935583,0.09016897745204269,0.8843531639400217
25574,LOF,0.015850025310941873,0.1705484854652226,0.8136014892238355
25575,LOF,0.02392893979909119,0.1083395838841967,0.8677314763167121
25576,LOF,0.013838262189567341,0.1387865722186383,0.8473751655917944
25577,LOF,0.01233559693879874,0.1121180687927891,0.8755463342684122
25578,LOF,0.2786796576883823,0.07482028983046174,0.6465000524811559
25579,LOF,0.12602416872171765,0.08064544035123256,0.7933303909270498
25580,LOF,0.01857897448023044,0.07485209822194795,0.9065689272978216
25581,LOF,0.04762419382374263,0.06625199705371433,0.8861238091225431
25582,LOF,0.04755217569134012,0.06409033452429594,0.8883574897843638
25583,LOF,0.021133783087405718,0.08026049528958538,0.898605721623009
25584,Neutral,0.5282998380004199,0.10019093299616671,0.37150922900341354
25585,LOF,0.013680730749239142,0.12176148037681522,0.8645577888739455
25586,LOF,0.01849523107712963,0.06968997382782746,0.9118147950950429
25587,LOF,0.017770969213402876,0.06009111317471334,0.9221379176118838
25588,LOF,0.018164378462411812,0.07433401967245698,0.9075016018651312
25589,Neutral,0.6333417722719521,0.13147433399900751,0.23518389372904042
25590,LOF,0.021293363186462695,0.11117672890071992,0.8675299079128174
25591,LOF,0.08136788452032807,0.056052247228216515,0.8625798682514555
25592,LOF,0.054301719511618995,0.11716499450850174,0.8285332859798793
25593,LOF,0.02002054708429223,0.2573412351980459,0.7226382177176618
25594,LOF,0.040254413157348734,0.1152497464527971,0.8444958403898541
25595,LOF,0.03908182973167693,0.08478189429491531,0.8761362759734077
25596,LOF,0.05313000568955447,0.06807689172360355,0.8787931025868421
25597,LOF,0.0357148417508026,0.08067201803091656,0.8836131402182809
25598,LOF,0.03643394270972851,0.09208201509904015,0.8714840421912313
25599,GOF,0.008555530608259759,0.5341217044074805,0.4573227649842596
25600,GOF,0.025301121163804386,0.6022967925899814,0.3724020862462143
25601,LOF,0.012554194540842643,0.3958617770150371,0.5915840284441202
25602,LOF,0.012813111512581516,0.05246219677503211,0.9347246917123864
25603,LOF,0.0428905181840409,0.021602605229989327,0.9355068765859698
25604,LOF,0.014924423708134727,0.06060658367178815,0.9244689926200771
25605,LOF,0.01015342850515099,0.16419813223024965,0.8256484392645994
25606,LOF,0.10930986578451533,0.2712141127421943,0.6194760214732904
25607,LOF,0.006575109673500437,0.18608559380147105,0.8073392965250284
25608,LOF,0.012395497311895627,0.0993436387778127,0.8882608639102917
25609,LOF,0.07174781483722192,0.40119446538153586,0.5270577197812422
25610,LOF,0.018983219242328937,0.023768007098771676,0.9572487736588993
25611,LOF,0.018709681753882552,0.02665996892662317,0.9546303493194943
25612,LOF,0.06007757872109249,0.035707515559076274,0.9042149057198312
25613,LOF,0.055997205161161995,0.03606845853170489,0.907934336307133
25614,LOF,0.02789504115405109,0.02974362889897679,0.9423613299469721
25615,LOF,0.01657855343353527,0.03925177949174707,0.9441696670747177
25616,LOF,0.05150565862652616,0.02838233529573854,0.9201120060777354
25617,LOF,0.04939871645914725,0.03160334034250376,0.9189979431983489
25618,LOF,0.06417300397647145,0.034707532059197264,0.9011194639643313
25619,LOF,0.018385972445474935,0.031628489200634,0.9499855383538911
25620,LOF,0.06914297403441014,0.0385302797369066,0.8923267462286832
25621,LOF,0.01785478954053431,0.03345395195760719,0.9486912585018584
25622,LOF,0.02154274557118055,0.04276687234188158,0.9356903820869379
25623,LOF,0.03306857937453309,0.039003241242137665,0.9279281793833293
25624,LOF,0.023210278958544914,0.037134362668399666,0.9396553583730554
25625,LOF,0.02185548350629298,0.05435078642825443,0.9237937300654525
25626,LOF,0.053822177506374254,0.03311672517381106,0.9130610973198148
25627,Neutral,0.6301350303744582,0.08117517742310316,0.28868979220243873
25628,LOF,0.18430291788359177,0.049362217794623166,0.7663348643217851
25629,LOF,0.039164719705121954,0.06622571358522229,0.8946095667096557
25630,LOF,0.13237674961639703,0.09041345974712402,0.777209790636479
25631,Neutral,0.6227390495316834,0.05797650933747851,0.31928444113083804
25632,LOF,0.007790768764272274,0.06258011126739386,0.9296291199683339
25633,LOF,0.20355273443512498,0.040502773501431284,0.7559444920634437
25634,LOF,0.029347709812448584,0.0795390347386266,0.891113255448925
25635,LOF,0.03720482028806807,0.04417533201908362,0.9186198476928484
25636,GOF,0.005334106410034205,0.5206342175737482,0.47403167601621765
25637,GOF,0.006923485787837697,0.5074187659887419,0.4856577482234204
25638,LOF,0.009957594795123422,0.2547666883241063,0.7352757168807703
25639,LOF,0.0056181204416309435,0.407483121359427,0.5868987581989421
25640,Neutral,0.4821403207540133,0.43711575267679953,0.08074392656918715
25641,LOF,0.00789676663894398,0.49561133151377174,0.49649190184728426
25642,LOF,0.21957887886195449,0.11205362466230236,0.6683674964757432
25643,LOF,0.14282653896169803,0.15666484514947743,0.7005086158888246
25644,GOF,0.0074170971864726655,0.5148139344783844,0.4777689683351428
25645,LOF,0.006225803801209366,0.46750023243898015,0.5262739637598105
25646,LOF,0.011548193775413749,0.38009993546927584,0.6083518707553104
25647,LOF,0.009067118789833498,0.31763315978876366,0.6732997214214028
25648,LOF,0.008222006414370783,0.29944931194502866,0.6923286816406006
25649,LOF,0.007112801908135807,0.246589021698718,0.7462981763931463
25650,LOF,0.011643613565176377,0.4589251243869114,0.5294312620479122
25651,LOF,0.004996151901815011,0.3436148513185173,0.6513889967796676
25652,LOF,0.008789408175139499,0.3136672260558973,0.6775433657689632
25653,LOF,0.0210444422563249,0.447349909685679,0.5316056480579961
25654,LOF,0.008970058552898702,0.22303746740596378,0.7679924740411376
25655,LOF,0.03831557551233291,0.45538451422069465,0.5062999102669725
25656,LOF,0.2037795446097793,0.05270170226459637,0.7435187531256243
25657,LOF,0.2646414354677094,0.031619629196505836,0.7037389353357847
25658,LOF,0.07805200391785212,0.08817226377963075,0.8337757323025171
25659,LOF,0.4102640287592963,0.07396716095167688,0.5157688102890268
25660,LOF,0.030985983086188454,0.08183622106612382,0.8871777958476877
25661,LOF,0.09698160393548266,0.057667280425210084,0.8453511156393072
25662,LOF,0.03433686997601059,0.03302622247673641,0.932636907547253
25663,LOF,0.04357318480661797,0.05327589060431993,0.9031509245890621
25664,LOF,0.04891079664032538,0.06658385977682531,0.8845053435828493
25665,LOF,0.05205943843605029,0.025663457502980058,0.9222771040609697
25666,LOF,0.039288383460611344,0.08568559217829054,0.8750260243610982
25667,LOF,0.06759108439828579,0.04077414158235937,0.8916347740193549
25668,LOF,0.03715462892224976,0.04236005369890973,0.9204853173788405
25669,LOF,0.03478893035592372,0.06138957025139606,0.9038214993926802
25670,LOF,0.061755689386729894,0.05502072007031766,0.8832235905429524
25671,LOF,0.09771460614041502,0.03174752684743513,0.8705378670121499
25672,LOF,0.055808742660962384,0.033120330278109344,0.9110709270609283
25673,LOF,0.0251366233532861,0.045364452889472724,0.9294989237572411
25674,LOF,0.02217303124148106,0.056853584207835324,0.9209733845506836
25675,LOF,0.03474835793783451,0.04758236022716376,0.9176692818350017
25676,LOF,0.02023237316550994,0.0460611943273139,0.9337064325071761
25677,LOF,0.029309688664589512,0.06210101997017241,0.908589291365238
25678,LOF,0.19921803728819934,0.05463254500909794,0.7461494177027028
25679,LOF,0.16961964139925542,0.08088973508451766,0.7494906235162269
25680,LOF,0.044725946432826784,0.09903119161553124,0.8562428619516421
25681,LOF,0.06833027882351853,0.09253036783163776,0.8391393533448438
25682,LOF,0.14433558684088296,0.06282612873251732,0.7928382844265996
25683,LOF,0.08322275300017128,0.10815903458373918,0.8086182124160896
25684,LOF,0.04652680454518146,0.06330184049179885,0.8901713549630196
25685,LOF,0.08600851857781376,0.04564825847371,0.8683432229484762
25686,LOF,0.03126256298227539,0.07434308847815832,0.8943943485395662
25687,LOF,0.05617148852688616,0.0660594249037222,0.8777690865693916
25688,LOF,0.04817048775267433,0.06367451671160258,0.888154995535723
25689,LOF,0.02718109683038461,0.07718721006169067,0.8956316931079247
25690,LOF,0.04088140413184225,0.05959771218288315,0.8995208836852745
25691,LOF,0.2699620130529571,0.07791753913350105,0.6521204478135418
25692,LOF,0.2612169915946832,0.008482136564740766,0.7303008718405759
25693,LOF,0.0518562671802219,0.33995777517044934,0.6081859576493288
25694,LOF,0.22794735301072802,0.01459676904108754,0.7574558779481845
25695,LOF,0.14395385226872984,0.021192658725183,0.8348534890060871
25696,LOF,0.10831221958098762,0.011497398348077696,0.8801903820709346
25697,LOF,0.09486093382186325,0.023650601634578994,0.8814884645435578
25698,LOF,0.07486468726826288,0.43041698841977266,0.4947183243119645
25699,LOF,0.06147186993592656,0.07609042901465357,0.8624377010494199
25700,LOF,0.05526970369006271,0.00899119697367697,0.9357390993362604
25701,LOF,0.014779244479639995,0.09762250458689974,0.8875982509334602
25702,GOF,0.043555953887920176,0.6391189602692592,0.31732508584282054
25703,LOF,0.009543405290610265,0.15134550614032938,0.8391110885690604
25704,LOF,0.059499465158353144,0.10723382470097403,0.8332667101406728
25705,LOF,0.07419071699230242,0.2083367952789488,0.7174724877287488
25706,LOF,0.029199741136023534,0.40499787114487396,0.5658023877191025
25707,LOF,0.019978241242333914,0.32934953936430617,0.65067221939336
25708,LOF,0.008324134209661221,0.29810172042954636,0.6935741453607924
25709,LOF,0.06773693071254601,0.043004784707933764,0.8892582845795202
25710,LOF,0.006067118364918852,0.12862746949259557,0.8653054121424856
25711,LOF,0.021426931224999213,0.09713154588195956,0.8814415228930411
25712,LOF,0.008126704720862828,0.16706592402119216,0.824807371257945
25713,LOF,0.022547662548510566,0.08021625298142664,0.8972360844700629
25714,LOF,0.0700012652862295,0.10794959047668098,0.8220491442370895
25715,LOF,0.014081726878607887,0.11835566027804922,0.8675626128433428
25716,LOF,0.007248182088993737,0.10619040450056164,0.8865614134104447
25717,LOF,0.007134036104490817,0.07172700059755542,0.9211389632979536
25718,LOF,0.014995137219741739,0.07622108683153199,0.9087837759487263
25719,LOF,0.02263650614074725,0.07763066720635833,0.8997328266528943
25720,LOF,0.02515859749548416,0.06640061131923725,0.9084407911852787
25721,LOF,0.019107339924067775,0.08746229254106436,0.8934303675348678
25722,LOF,0.01745048177095773,0.1042723519600123,0.8782771662690301
25723,LOF,0.024458964825289954,0.05459257389720245,0.9209484612775075
25724,LOF,0.022585815496560895,0.0839997737368888,0.8934144107665504
25725,LOF,0.014128395977524019,0.062442567620257836,0.9234290364022182
25726,LOF,0.017433561924583972,0.08447174313713124,0.8980946949382848
25727,LOF,0.015201910599046704,0.06849291614504463,0.9163051732559087
25728,LOF,0.012916225965877364,0.08936110385233433,0.8977226701817883
25729,LOF,0.013210957333443485,0.09207121350096854,0.894717829165588
25730,LOF,0.01894159114934964,0.07226401814592504,0.9087943907047252
25731,LOF,0.008602179517988945,0.11565934861100816,0.875738471871003
25732,LOF,0.019414208638663617,0.06731890929105153,0.913266882070285
25733,LOF,0.01819240007718002,0.0648816141870133,0.9169259857358067
25734,LOF,0.006124272793964813,0.1147443137765704,0.8791314134294649
25735,LOF,0.0165369620638794,0.06351729750601212,0.9199457404301086
25736,LOF,0.017324011112908214,0.08906746257512523,0.8936085263119665
25737,LOF,0.023595727722216346,0.07813847611446009,0.8982657961633237
25738,LOF,0.016282028396,0.11315849293455574,0.8705594786694444
25739,LOF,0.024730881661993036,0.09341800936692123,0.8818511089710857
25740,LOF,0.03539617473303768,0.0996005079526866,0.8650033173142757
25741,LOF,0.0174435131950672,0.09381323123528233,0.8887432555696505
25742,LOF,0.10095618891911393,0.09286480228757737,0.8061790087933086
25743,LOF,0.017314154025047764,0.030535688030309396,0.9521501579446427
25744,LOF,0.17302285501275774,0.4002046287716251,0.4267725162156171
25745,LOF,0.02458024874934921,0.06345135818886528,0.9119683930617855
25746,LOF,0.016309493748668583,0.07667584783141834,0.907014658419913
25747,LOF,0.02935035763979046,0.029326059172303874,0.9413235831879058
25748,LOF,0.1299617802377945,0.0505036522768429,0.8195345674853626
25749,LOF,0.014946688164233725,0.06224930475325635,0.92280400708251
25750,LOF,0.03131999128412971,0.07716603039773459,0.8915139783181357
25751,LOF,0.11075354877377454,0.05477713369366306,0.8344693175325623
25752,GOF,0.14489093288425048,0.5942657218242445,0.26084334529150494
25753,LOF,0.009671908388662515,0.2549646162702497,0.7353634753410878
25754,GOF,0.005023628702522601,0.7880091606292385,0.20696721066823906
25755,LOF,0.011029105849352641,0.36644412843853313,0.6225267657121142
25756,LOF,0.050027518031978184,0.33718354742238993,0.612788934545632
25757,GOF,0.005561706174595777,0.8347083077503573,0.15972998607504676
25758,GOF,0.006864389265660778,0.8344245518680096,0.15871105886632975
25759,GOF,0.004214346163793378,0.5550218987175222,0.44076375511868443
25760,LOF,0.005734873030342007,0.21976845670382697,0.7744966702658311
25761,GOF,0.039188371245623486,0.8323043817829939,0.12850724697138266
25762,LOF,0.037887967317001045,0.25338542020663435,0.7087266124763647
25763,LOF,0.0070299256384591035,0.16690020565340188,0.826069868708139
25764,GOF,0.17228037944862862,0.49544955689256776,0.3322700636588036
25765,GOF,0.010159578632744467,0.7809338249207579,0.20890659644649767
25766,GOF,0.016122013579766354,0.8051337621297981,0.17874422429043552
25767,GOF,0.024076767003061994,0.5430989137466837,0.43282431925025416
25768,LOF,0.07872726012221316,0.07902014021691812,0.8422525996608689
25769,LOF,0.08706732320932598,0.06749823308044711,0.8454344437102269
25770,LOF,0.3319109809566625,0.08585756915919919,0.5822314498841382
25771,LOF,0.012761012174319462,0.0630279781119417,0.9242110097137389
25772,LOF,0.020416844930660337,0.032351759646358766,0.9472313954229808
25773,LOF,0.011527040504194083,0.1248542916425274,0.8636186678532786
25774,LOF,0.02824081459862753,0.0762652852310272,0.8954939001703454
25775,LOF,0.015186270510403001,0.05258079986536146,0.9322329296242355
25776,LOF,0.08501165586401896,0.026532870936814418,0.8884554731991666
25777,LOF,0.31758664537251086,0.0539128089397475,0.6285005456877417
25778,LOF,0.0694405068504354,0.049865879578676484,0.8806936135708882
25779,GOF,0.08083100250686916,0.8601099454895588,0.05905905200357198
25780,GOF,0.07033716706915077,0.8432740001103364,0.0863888328205129
25781,GOF,0.025672093380180293,0.8558673477113465,0.11846055890847308
25782,GOF,0.035765898983109896,0.8760758309507318,0.08815827006615823
25783,GOF,0.01231287214472236,0.6734982217092809,0.3141889061459967
25784,GOF,0.13211591654026494,0.8078007909770104,0.06008329248272449
25785,GOF,0.07962307883508438,0.864776726213695,0.05560019495122062
25786,GOF,0.006003230769779842,0.7867367866727064,0.2072599825575137
25787,GOF,0.21136366588962044,0.7430236740300606,0.045612660080318945
25788,LOF,0.04934959214991299,0.12235160615987693,0.8282988016902102
25789,GOF,0.03114151061159731,0.8126218294309929,0.15623665995740982
25790,GOF,0.036276324106159205,0.8236802843150934,0.14004339157874748
25791,GOF,0.02419512789739436,0.7641511127896297,0.21165375931297584
25792,GOF,0.04633602707795102,0.7614169420181782,0.19224703090387063
25793,GOF,0.07700549516242307,0.7322819501809765,0.19071255465660028
25794,GOF,0.08914215050123195,0.6987090797800757,0.21214876971869245
25795,GOF,0.022243235827356576,0.7367641583946706,0.2409926057779727
25796,GOF,0.12064350038340003,0.7548417757968344,0.12451472381976554
25797,GOF,0.030165686209518802,0.5904367281793959,0.37939758561108533
25798,GOF,0.00319729131864579,0.5458350182068067,0.45096769047454754
25799,LOF,0.00305874475797743,0.4213776536641744,0.5755636015778482
25800,GOF,0.010512325509714175,0.6153197196093595,0.37416795488092625
25801,GOF,0.03734824561573965,0.8038799222597609,0.1587718321244995
25802,GOF,0.01838104113579812,0.7179871778987127,0.26363178096548906
25803,GOF,0.010895739741718966,0.5922106120720013,0.3968936481862797
25804,LOF,0.011461762077456767,0.48742505512045736,0.5011131828020858
25805,GOF,0.020491902523132044,0.6026586137689743,0.37684948370789356
25806,GOF,0.018477232113237076,0.6128552011486602,0.36866756673810264
25807,GOF,0.005617289257741744,0.6385249758892103,0.355857734853048
25808,GOF,0.014278247727869859,0.6373067447485978,0.34841500752353227
25809,GOF,0.006217341164106907,0.5996911213172512,0.39409153751864184
25810,GOF,0.004899172724860488,0.6131157708233003,0.3819850564518393
25811,GOF,0.10623174793445107,0.7680658373434175,0.12570241472213145
25812,GOF,0.013039105691019669,0.6268745102770167,0.36008638403196364
25813,GOF,0.1276335386169155,0.7079761874396616,0.16439027394342284
25814,GOF,0.03038595222095482,0.7070109257271102,0.2626031220519349
25815,GOF,0.04208911705256933,0.7024887750256281,0.25542210792180253
25816,GOF,0.007423132236873166,0.7600122852424728,0.2325645825206541
25817,GOF,0.05498527454285545,0.7806681773047498,0.16434654815239477
25818,GOF,0.015323695030243422,0.7022786580507321,0.2823976469190244
25819,GOF,0.06440185668073668,0.7311689912790895,0.20442915204017376
25820,GOF,0.030029839271792164,0.7299080948741905,0.24006206585401732
25821,GOF,0.014994319115567995,0.7035336223986469,0.28147205848578505
25822,GOF,0.03428781381797352,0.7197942916086081,0.24591789457341842
25823,GOF,0.011156943813083221,0.5711464787819795,0.4176965774049372
25824,GOF,0.020035630767646577,0.6744185327487574,0.30554583648359607
25825,GOF,0.011830660265278684,0.6521573610948953,0.33601197863982607
25826,GOF,0.0049321845009625415,0.6380447535412349,0.35702306195780253
25827,GOF,0.007468741615786984,0.6306206524207382,0.36191060596347474
25828,GOF,0.004857887127102039,0.5540497546129639,0.44109235825993404
25829,GOF,0.002555690837862414,0.5984367253898135,0.39900758377232404
25830,LOF,0.04244844721153759,0.3195018617717457,0.6380496910167168
25831,GOF,0.04753432450052939,0.8055410146772733,0.1469246608221972
25832,GOF,0.007945772604799924,0.7700812846492668,0.22197294274593315
25833,GOF,0.03238154883496265,0.8034292139852417,0.16418923717979564
25834,GOF,0.008927945891824038,0.7812714599651702,0.2098005941430057
25835,GOF,0.019332583314293165,0.8066040651912945,0.1740633514944124
25836,GOF,0.007451123340004672,0.7442600750821561,0.24828880157783922
25837,GOF,0.006943680556260166,0.6505239271908245,0.3425323922529153
25838,GOF,0.02295724517751219,0.8271995121742827,0.14984324264820514
25839,GOF,0.05363347462142764,0.784225979786234,0.16214054559233831
25840,GOF,0.05277807361823423,0.7862012706512883,0.1610206557304775
25841,GOF,0.04866878414308954,0.8058333442648576,0.14549787159205277
25842,GOF,0.030323127856859793,0.8457150033451601,0.12396186879798002
25843,GOF,0.03196100912513714,0.8651456457623818,0.10289334511248091
25844,GOF,0.019750537408831755,0.7826728273595591,0.19757663523160895
25845,GOF,0.005543335963918511,0.579564238838165,0.41489242519791636
25846,GOF,0.03537320348653644,0.8245852360708277,0.14004156044263583
25847,GOF,0.020529765887598944,0.8816701734223342,0.09780006069006696
25848,GOF,0.012291195293397061,0.7761349327771038,0.21157387192949909
25849,GOF,0.004213278312650316,0.6638552372161702,0.3319314844711794
25850,GOF,0.00568648782246039,0.6911380738894798,0.3031754382880598
25851,GOF,0.005458594971980621,0.5798966467172207,0.41464475831079856
25852,GOF,0.15377621035224323,0.5339990739993203,0.31222471564843646
25853,GOF,0.07141120132115894,0.8172185615865089,0.11137023709233218
25854,GOF,0.008134314128706502,0.6536156892737169,0.33824999659757654
25855,GOF,0.012254248293436165,0.598220275008691,0.38952547669787285
25856,GOF,0.04558921140866255,0.7021887821204131,0.25222200647092435
25857,GOF,0.012173092433858466,0.5503420593275962,0.4374848482385454
25858,GOF,0.007491565694889557,0.5488387992410714,0.443669635064039
25859,GOF,0.005143803088263132,0.5382351072221999,0.456621089689537
25860,GOF,0.08280045154439754,0.7862752416032283,0.1309243068523742
25861,GOF,0.12496441152203362,0.7770289637760786,0.09800662470188784
25862,GOF,0.021877961490888283,0.8328727307212022,0.1452493077879096
25863,GOF,0.023275167995405868,0.8388266682437057,0.13789816376088856
25864,GOF,0.05157704959236295,0.8638207524266939,0.08460219798094314
25865,GOF,0.026699745885363186,0.8533834948545971,0.11991675926003979
25866,GOF,0.02339401906910211,0.8250786215469531,0.15152735938394482
25867,GOF,0.03215041121604503,0.8629054233381679,0.10494416544578708
25868,GOF,0.06475478987819334,0.7798633902876766,0.15538181983413013
25869,GOF,0.33843658796406473,0.5668713992413605,0.09469201279457473
25870,GOF,0.19466753296587236,0.5087445964332611,0.29658787060086655
25871,GOF,0.031608031109333655,0.8295286000815877,0.1388633688090787
25872,GOF,0.01860152025175402,0.7489527269761337,0.23244575277211219
25873,GOF,0.024716871556791982,0.808375281707598,0.16690784673560996
25874,LOF,0.01802855475882556,0.13496805030204462,0.8470033949391298
25875,LOF,0.022382041329134062,0.05044767613957577,0.9271702825312901
25876,LOF,0.0153857014086249,0.03281719723059729,0.9517971013607778
25877,LOF,0.14740564728695615,0.0730679749792808,0.779526377733763
25878,LOF,0.05232489739847351,0.1245371984134379,0.8231379041880886
25879,LOF,0.019291410267526145,0.09361231288568723,0.8870962768467867
25880,LOF,0.04594830843510416,0.0126528603643107,0.9413988312005852
25881,Neutral,0.5582661745342672,0.04010580813198697,0.4016280173337458
25882,LOF,0.01964498011294645,0.02569586837327767,0.9546591515137759
25883,LOF,0.05658570754136652,0.023012967804041124,0.9204013246545923
25884,LOF,0.00912309284658407,0.038974439713255225,0.9519024674401607
25885,LOF,0.17030666857412238,0.006257347115660602,0.8234359843102171
25886,LOF,0.25966056874664584,0.055005507819421,0.6853339234339332
25887,LOF,0.1559856297933663,0.04716362555359796,0.7968507446530358
25888,LOF,0.01378978535116916,0.09740673784041713,0.8888034768084137
25889,LOF,0.011020000965093325,0.03042000938001554,0.9585599896548911
25890,LOF,0.13754174620984494,0.08893337895160343,0.7735248748385517
25891,LOF,0.045457773008768895,0.04649026056805949,0.9080519664231715
25892,LOF,0.01510995978579981,0.04041337799015542,0.9444766622240448
25893,LOF,0.40774439444017685,0.013506318151115616,0.5787492874087075
25894,LOF,0.44177753865996044,0.006471973386279752,0.5517504879537598
25895,LOF,0.3898754956123788,0.014837050153693075,0.595287454233928
25896,LOF,0.04482826559862385,0.028089836896367543,0.9270818975050087
25897,LOF,0.21801462563384738,0.014355247422843952,0.7676301269433087
25898,LOF,0.2566392606553321,0.03489541801051373,0.7084653213341542
25899,LOF,0.18440582164936703,0.03032334657483752,0.7852708317757955
25900,Neutral,0.5084677722595808,0.015211993732920193,0.47632023400749895
25901,LOF,0.04919164321689452,0.012325945089672124,0.9384824116934333
25902,LOF,0.10337385684106175,0.016568060956776712,0.8800580822021616
25903,LOF,0.4149375294076801,0.03419711536033973,0.5508653552319802
25904,LOF,0.32810749011687546,0.04950562177585079,0.6223868881072737
25905,LOF,0.00558538286844049,0.4097808261805859,0.5846337909509736
25906,LOF,0.009955034348284458,0.09117095127868469,0.8988740143730309
25907,LOF,0.0040800213783451465,0.3773096677374638,0.618610310884191
25908,LOF,0.0034236279055754122,0.2740674190208343,0.7225089530735903
25909,LOF,0.014394293163202681,0.1247069413511417,0.8608987654856556
25910,LOF,0.015782343545361295,0.15766479986072748,0.8265528565939112
25911,LOF,0.18734584948046315,0.029310929514891775,0.783343221004645
25912,LOF,0.0678375344564731,0.034046933867884294,0.8981155316756426
25913,LOF,0.08299808089511716,0.04693327685722109,0.8700686422476619
25914,LOF,0.021878613653661047,0.05496555520355198,0.923155831142787
25915,LOF,0.14220851063986698,0.35685020299039905,0.5009412863697339
25916,LOF,0.01830126510580944,0.22674963606805792,0.7549490988261326
25917,LOF,0.05384676575269459,0.03884198107424156,0.9073112531730638
25918,LOF,0.025472142443147525,0.03122095770824109,0.9433068998486114
25919,LOF,0.022044453682344478,0.029960366562201194,0.9479951797554544
25920,LOF,0.06382761989796754,0.4104473395581595,0.525725040543873
25921,LOF,0.010708201535779518,0.04406213598109526,0.9452296624831252
25922,LOF,0.013829868816773302,0.03406821799804173,0.952101913185185
25923,Neutral,0.484305461144463,0.04428554432472754,0.4714089945308094
25924,LOF,0.01742619421322146,0.04464566664400436,0.9379281391427743
25925,LOF,0.08213128914022685,0.04979572137820676,0.8680729894815664
25926,LOF,0.05987021373768934,0.04179505384050874,0.898334732421802
25927,LOF,0.015183260927505932,0.14753615191344793,0.8372805871590462
25928,LOF,0.00785204695295956,0.0545380705525289,0.9376098824945116
25929,Neutral,0.5940121539726737,0.04622122689907296,0.35976661912825336
25930,LOF,0.07028349591557384,0.03653153787978223,0.8931849662046439
25931,LOF,0.010002362243973724,0.037335947270707395,0.9526616904853188
25932,LOF,0.03176725080786181,0.030147938147075327,0.9380848110450629
25933,LOF,0.04173368667892267,0.02109430091105246,0.937172012410025
25934,LOF,0.027923035172760676,0.02306814185228007,0.9490088229749593
25935,LOF,0.07354596127622842,0.058947275294457056,0.8675067634293144
25936,LOF,0.04455270424144671,0.02663388248221926,0.928813413276334
25937,LOF,0.009831067769764713,0.041387841999231366,0.9487810902310039
25938,LOF,0.07117810672541437,0.061417119616810595,0.8674047736577751
25939,LOF,0.039588067137495866,0.025321838252692765,0.9350900946098113
25940,LOF,0.0068385079163650825,0.31441763986510834,0.6787438522185266
25941,Neutral,0.5043052293854612,0.05118799204566395,0.44450677856887477
25942,LOF,0.004927125870101065,0.037208547044724725,0.9578643270851741
25943,LOF,0.03381436014216172,0.12601048732298167,0.8401751525348566
25944,LOF,0.09229990765427083,0.07265636597612153,0.8350437263696077
25945,LOF,0.0556449496427624,0.02050321123042224,0.9238518391268152
25946,LOF,0.06625095696109336,0.05982232099341095,0.8739267220454957
25947,LOF,0.44717413899968295,0.08888735132851301,0.4639385096718041
25948,LOF,0.3097032733382,0.009962390252290324,0.6803343364095096
25949,LOF,0.08802786485486394,0.04473314983880192,0.8672389853063341
25950,GOF,0.04321369524786662,0.5154228128785311,0.4413634918736023
25951,LOF,0.022411614349584247,0.346659923067213,0.6309284625832028
25952,LOF,0.2504243514539898,0.24783522575767794,0.5017404227883323
25953,LOF,0.014454866602301263,0.1432229701653455,0.8423221632323532
25954,LOF,0.07570745224076295,0.3449656113216004,0.5793269364376366
25955,LOF,0.013042093144044312,0.10645601915242754,0.8805018877035282
25956,LOF,0.02758009206632984,0.16987567825029032,0.8025442296833798
25957,LOF,0.14278658502898017,0.021591660822835937,0.8356217541481838
25958,LOF,0.04712429562843585,0.03084070652560318,0.922034997845961
25959,LOF,0.013419645913496042,0.37963200140113557,0.6069483526853684
25960,LOF,0.006331382454482995,0.053610520174009184,0.9400580973715079
25961,LOF,0.036371853689739324,0.027780223758274502,0.9358479225519861
25962,LOF,0.030244920955673382,0.06083177496650781,0.9089233040778188
25963,LOF,0.005132616134607295,0.2701903748225601,0.7246770090428325
25964,LOF,0.03310888572691871,0.11169385900764076,0.8551972552654404
25965,LOF,0.36166942212350955,0.10026934248618788,0.5380612353903025
25966,Neutral,0.5034357370514596,0.16245279099609347,0.334111471952447
25967,LOF,0.00721255979769378,0.07445915284208893,0.9183282873602172
25968,LOF,0.03475755002247664,0.3423959625095772,0.6228464874679461
25969,LOF,0.12211049024780439,0.06009294703772756,0.817796562714468
25970,LOF,0.019540170398903395,0.0698917590983,0.9105680705027966
25971,LOF,0.06445023111202709,0.02737141189233596,0.908178356995637
25972,LOF,0.06386437412083146,0.04078421170957021,0.8953514141695984
25973,LOF,0.04971662156099508,0.009754163586944194,0.9405292148520608
25974,LOF,0.03413031516603413,0.03240226153271891,0.9334674233012469
25975,LOF,0.044843685845143116,0.02188732534645518,0.9332689888084017
25976,LOF,0.09903567193873737,0.010044855773654252,0.8909194722876085
25977,LOF,0.20010366533041568,0.056855052865924224,0.7430412818036601
25978,LOF,0.1698158734221075,0.11059604344013733,0.7195880831377552
25979,LOF,0.14000348232022844,0.10877007165794779,0.7512264460218238
25980,LOF,0.2418649637592181,0.13619824657807492,0.621936789662707
25981,LOF,0.27152991748822797,0.13577143639605987,0.5926986461157121
25982,LOF,0.4238213635980419,0.09019034680995233,0.48598828959200574
25983,LOF,0.40237323434035016,0.09600502155471008,0.5016217441049398
25984,LOF,0.0447057650164982,0.051639822465558934,0.9036544125179428
25985,LOF,0.3741001686851831,0.12617578333025162,0.4997240479845652
25986,LOF,0.009421753190560439,0.39309055632567574,0.5974876904837638
25987,LOF,0.030543945905781782,0.09031522832202206,0.8791408257721961
25988,LOF,0.16157986728230714,0.07784204478971381,0.7605780879279791
25989,LOF,0.03621769854597093,0.11068816421292194,0.8530941372411072
25990,LOF,0.03739715001392084,0.1764458971646537,0.7861569528214255
25991,LOF,0.01531517364805998,0.33825377537786805,0.6464310509740719
25992,LOF,0.021825372986556277,0.3078797857568557,0.670294841256588
25993,LOF,0.02265399034206314,0.07772908314628495,0.8996169265116519
25994,LOF,0.016434767819594458,0.08198106463555882,0.9015841675448466
25995,LOF,0.02245693106838792,0.16472098508642588,0.8128220838451863
25996,LOF,0.31005669237548383,0.27306762321239586,0.41687568441212036
25997,LOF,0.06513885676615519,0.32115459239355004,0.6137065508402948
25998,LOF,0.28923813713808566,0.04236124008103027,0.6684006227808841
25999,LOF,0.0158704018839014,0.2312966715675112,0.7528329265485874
26000,LOF,0.1537463482560743,0.026684055410569153,0.8195695963333565
26001,LOF,0.3095142775591119,0.023707099157791994,0.666778623283096
26002,LOF,0.07027124937830784,0.04408149127490446,0.8856472593467878
26003,GOF,0.003752583945776733,0.6162200174979058,0.3800273985563176
26004,GOF,0.005474327470693642,0.6848385339216777,0.30968713860762875
26005,LOF,0.0026552342450988846,0.47455683204280763,0.5227879337120935
26006,GOF,0.07756010009254588,0.5396380410800341,0.38280185882742
26007,GOF,0.005187253869689356,0.5348024655679547,0.4600102805623559
26008,GOF,0.005083088973697348,0.6111943429868311,0.3837225680394716
26009,GOF,0.005453476417298179,0.6427225551420468,0.351823968440655
26010,GOF,0.006335919685354925,0.687038931269263,0.3066251490453822
26011,LOF,0.002477076153426022,0.4644988984448837,0.5330240254016902
26012,GOF,0.003577420436304431,0.544167028193168,0.45225555137052764
26013,GOF,0.004687552052882264,0.6235502389312151,0.37176220901590257
26014,LOF,0.04988288531059977,0.07662309146930044,0.8734940232200997
26015,LOF,0.15208049144756383,0.02184883616184245,0.8260706723905937
26016,LOF,0.32083915068988234,0.03209052952231972,0.6470703197877978
26017,LOF,0.022446321565265447,0.18859174808000245,0.788961930354732
26018,LOF,0.07373100129891413,0.04375291420086021,0.8825160845002257
26019,LOF,0.07173367810204895,0.03446021749190951,0.8938061044060415
26020,LOF,0.010148158920705986,0.17937966456960452,0.8104721765096895
26021,LOF,0.06639894706961079,0.06214975144968141,0.8714513014807077
26022,LOF,0.026627759424102553,0.0234816516933934,0.9498905888825041
26023,LOF,0.04866782149075606,0.02435705428416974,0.9269751242250741
26024,LOF,0.04624401816198193,0.06289919905846078,0.8908567827795572
26025,LOF,0.05940015431859825,0.14223476989118378,0.798365075790218
26026,LOF,0.11879194909749703,0.05508412993268809,0.8261239209698148
26027,LOF,0.05778539400022562,0.018528825111466744,0.9236857808883077
26028,LOF,0.09430389345235926,0.10876728032369101,0.7969288262239497
26029,LOF,0.02837131029878652,0.1719064732742332,0.7997222164269803
26030,LOF,0.1574310369871462,0.021062719588881677,0.821506243423972
26031,LOF,0.014581396374932566,0.13071102252783837,0.8547075810972291
26032,LOF,0.08045784035647487,0.04920497324899594,0.8703371863945292
26033,LOF,0.08688478862151619,0.04719201812872273,0.8659231932497612
26034,LOF,0.01628201620663538,0.14433135103106176,0.8393866327623027
26035,LOF,0.014488035996933348,0.1118225270348293,0.8736894369682373
26036,LOF,0.01782635257311217,0.14069235037623226,0.8414812970506557
26037,LOF,0.011761770699504907,0.10222755941902166,0.8860106698814735
26038,LOF,0.07019380464122167,0.04577921792988589,0.8840269774288925
26039,LOF,0.025154812387845872,0.12765388919360224,0.8471912984185518
26040,LOF,0.11141886414835521,0.09621509501299813,0.7923660408386466
26041,LOF,0.014134132570802387,0.09011434416315618,0.8957515232660415
26042,LOF,0.012720239737242003,0.09260751238181257,0.8946722478809453
26043,LOF,0.07010599472806503,0.06199355688399145,0.8679004483879436
26044,LOF,0.01505871599411319,0.0497414925715555,0.9351997914343313
26045,LOF,0.05080770471316729,0.09111695624938568,0.858075339037447
26046,LOF,0.06363464587293745,0.05137599287082704,0.8849893612562355
26047,LOF,0.10330297401121302,0.05530887950251485,0.8413881464862722
26048,LOF,0.05082424787933213,0.0340698056279094,0.9151059464927586
26049,Neutral,0.9700024540397565,0.005802748042980068,0.024194797917263377
26050,Neutral,0.9563991359501007,0.007111242528505135,0.03648962152139407
26051,LOF,0.013103935890813415,0.24583430527265693,0.7410617588365296
26052,LOF,0.0176200588050653,0.291375894400385,0.6910040467945496
26053,LOF,0.02406431722565244,0.13916920809625624,0.8367664746780913
26054,LOF,0.04531877164586851,0.017586015660516506,0.9370952126936151
26055,LOF,0.05909652462701275,0.016793987062879233,0.924109488310108
26056,LOF,0.04824345552505467,0.018605685393508268,0.9331508590814371
26057,LOF,0.031040807418375355,0.012398056019834954,0.9565611365617896
26058,LOF,0.03144352729517375,0.010552456286104739,0.9580040164187215
26059,LOF,0.2603730183085654,0.022922813035337716,0.7167041686560969
26060,LOF,0.006355579230054147,0.24007322125161373,0.7535711995183322
26061,LOF,0.004976971148460244,0.01186138087543191,0.9831616479761078
26062,LOF,0.004150057291496828,0.015976993989862485,0.9798729487186406
26063,LOF,0.02072142332787674,0.009835169843578418,0.9694434068285449
26064,LOF,0.006571836116918558,0.02335991141732829,0.9700682524657532
26065,LOF,0.022347925726765965,0.012119707710640071,0.965532366562594
26066,LOF,0.02036363780879594,0.010200367018423705,0.9694359951727803
26067,LOF,0.028844568267887997,0.009191148907870542,0.9619642828242414
26068,LOF,0.03900816383029758,0.02870158339856317,0.9322902527711392
26069,LOF,0.2359558665033283,0.018896275229087208,0.7451478582675845
26070,LOF,0.3904739636488388,0.014909970428654579,0.5946160659225066
26071,LOF,0.01981900074419981,0.011287217544633315,0.9688937817111668
26072,LOF,0.005354195014981626,0.019526084672697473,0.975119720312321
26073,LOF,0.017881231607150244,0.01302345829614156,0.9690953100967081
26074,Neutral,0.9014914996223578,0.006299401840356838,0.09220909853728541
26075,LOF,0.040932895749643615,0.014464796064654797,0.9446023081857017
26076,LOF,0.03633521530639326,0.009201122813864827,0.9544636618797419
26077,LOF,0.11800917830362552,0.006010254600868487,0.875980567095506
26078,LOF,0.005885811894345522,0.012346885614007316,0.9817673024916472
26079,LOF,0.04842140598081673,0.017554431565260452,0.9340241624539228
26080,LOF,0.04661254871087848,0.01758414157219874,0.9358033097169228
26081,LOF,0.029235817282291625,0.007636848570658408,0.9631273341470499
26082,LOF,0.004598348651532079,0.015405790905897391,0.9799958604425706
26083,LOF,0.13156693375568815,0.01562114451081817,0.8528119217334936
26084,LOF,0.0355206584418871,0.013622302994390033,0.9508570385637228
26085,LOF,0.03187178563100796,0.012371239768832091,0.9557569746001598
26086,LOF,0.018957051020547067,0.0114928483689852,0.9695501006104678
26087,LOF,0.020500537590207688,0.009251163606665743,0.9702482988031265
26088,LOF,0.0056264575757212654,0.022457083018101773,0.971916459406177
26089,LOF,0.03695155062774634,0.02213564028350512,0.9409128090887486
26090,LOF,0.03650361057643467,0.01859270508781936,0.944903684335746
26091,LOF,0.027192102253033087,0.006914894236123353,0.9658930035108435
26092,LOF,0.019624269285277652,0.007982067502193031,0.9723936632125293
26093,LOF,0.035031639502036825,0.006082832900078983,0.9588855275978843
26094,LOF,0.026855032340134245,0.0065999237399467815,0.966545043919919
26095,LOF,0.014226607653982296,0.01690219522488185,0.9688711971211358
26096,LOF,0.1429892259085332,0.005621704264367285,0.8513890698270994
26097,LOF,0.004979914681693142,0.039430941580831505,0.9555891437374753
26098,LOF,0.06525163851423163,0.014362318116890318,0.9203860433688781
26099,LOF,0.017890774391694234,0.013999528476083694,0.968109697132222
26100,LOF,0.02033511048122577,0.01364566390282111,0.9660192256159531
26101,LOF,0.043118038491414316,0.021336732619576,0.9355452288890098
26102,LOF,0.020011894517917503,0.014517020393791267,0.9654710850882914
26103,Neutral,0.8714191621545039,0.021269884485794758,0.1073109533597014
26104,LOF,0.06121094235216931,0.025361006753001427,0.9134280508948294
26105,LOF,0.21369306431642704,0.16806438047405975,0.6182425552095132
26106,LOF,0.36955666885885485,0.10895866103431552,0.5214846701068296
26107,LOF,0.026206272338679927,0.1239746574178821,0.8498190702434381
26108,LOF,0.4019830336170834,0.04539070501444029,0.5526262613684763
26109,LOF,0.029241777288021898,0.06116837175225785,0.9095898509597202
26110,LOF,0.19389982911581582,0.008122531031963191,0.797977639852221
26111,LOF,0.08634808361973155,0.07034777441926196,0.8433041419610066
26112,LOF,0.03316485488769129,0.007862762578844563,0.9589723825334642
26113,LOF,0.05790310648219718,0.01657695394314659,0.9255199395746562
26114,LOF,0.06390791063804477,0.01274393184347176,0.9233481575184834
26115,LOF,0.015901779603815697,0.07608375401667966,0.9080144663795047
26116,LOF,0.07991422728620333,0.03951758081004836,0.8805681919037485
26117,LOF,0.4265723944426853,0.05651999783344596,0.5169076077238687
26118,LOF,0.034419971858892284,0.02469660716726815,0.9408834209738395
26119,LOF,0.005696508537528534,0.04274858286184561,0.9515549086006257
26120,LOF,0.02284683838783972,0.020141251309335962,0.9570119103028243
26121,LOF,0.0054300429469560695,0.1251334834455641,0.8694364736074798
