feature0,prediction,LoGoFunc_Neutral,LoGoFunc_GOF,LoGoFunc_LOF
25546,Neutral,0.6594666137735358,0.06116204553410015,0.2793713406923642
25547,Neutral,0.476981268120734,0.11238619238710244,0.4106325394921636
25548,Neutral,0.4856903590780943,0.08594542228025051,0.42836421864165514
25549,LOF,0.42243877858579276,0.08630421152649047,0.49125700988771664
25550,LOF,0.35650201446315394,0.14430222268922457,0.4991957628476214
25551,LOF,0.2744356297981191,0.16972835870023648,0.5558360115016444
25552,LOF,0.2055422556088463,0.15910633133561225,0.6353514130555414
25553,Neutral,0.7795898881526985,0.05023548270098557,0.17017462914631604
25554,LOF,0.23715317816982176,0.15545266766486104,0.6073941541653172
25555,LOF,0.19721790792901123,0.1376396897790823,0.6651424022919065
25556,LOF,0.40845631379964153,0.12325123306892052,0.4682924531314381
25557,LOF,0.18367700652545904,0.14956276855251596,0.666760224922025
25558,LOF,0.22252053426906063,0.15274342891436957,0.6247360368165699
25559,LOF,0.17084912026696578,0.12462548949028719,0.7045253902427471
25560,LOF,0.0692701442489527,0.15326536709117602,0.7774644886598714
25561,LOF,0.142142943220043,0.14164180790227748,0.7162152488776794
25562,LOF,0.06647590970492911,0.10541051116745831,0.8281135791276126
25563,LOF,0.08931904869758982,0.10660025200873512,0.8040806992936751
25564,LOF,0.21716881015417264,0.18674683259963887,0.5960843572461885
25565,LOF,0.14735474601767948,0.12638194149231047,0.7262633124900101
25566,GOF,0.018772883174621925,0.7882395313826808,0.19298758544269742
25567,LOF,0.021283021284282687,0.20439513090849104,0.7743218478072263
25568,LOF,0.05209676412515733,0.08837838715892882,0.859524848715914
25569,LOF,0.053554002322181285,0.09018259531229675,0.856263402365522
25570,LOF,0.03140589514581164,0.11995831489610254,0.8486357899580859
25571,LOF,0.030749068016347126,0.11774116802807572,0.8515097639555772
25572,LOF,0.03490912509095606,0.14404513302465505,0.8210457418843888
25573,LOF,0.025782493622645487,0.12328464153649987,0.8509328648408547
25574,LOF,0.01883105426981396,0.1908880234096403,0.7902809223205458
25575,LOF,0.02469665890272598,0.12765259588255723,0.8476507452147167
25576,LOF,0.012548785971635628,0.17130150561227703,0.8161497084160874
25577,LOF,0.01211162204338658,0.14469054346828797,0.8431978344883254
25578,LOF,0.25862660212061744,0.10829427026048292,0.6330791276188997
25579,LOF,0.1601196346484553,0.11492121906928718,0.7249591462822575
25580,LOF,0.018000895287134597,0.09975541028633193,0.8822436944265335
25581,LOF,0.04046416925691179,0.0896419502712279,0.8698938804718603
25582,LOF,0.04026985206029721,0.08759094649378418,0.8721392014459186
25583,LOF,0.020708440007566876,0.11033347641071899,0.8689580835817142
25584,Neutral,0.5351833065291882,0.1200618428158843,0.3447548506549274
25585,LOF,0.01243316199646072,0.15920462826162152,0.8283622097419178
25586,LOF,0.016504144237290682,0.0905829093650628,0.8929129463976466
25587,LOF,0.016481882862151378,0.08410826239959657,0.899409854738252
25588,LOF,0.017307843151284186,0.1005574793735793,0.8821346774751365
25589,Neutral,0.5963773976497465,0.1554898008872593,0.24813280146299438
25590,LOF,0.01898049700924972,0.14204724614900344,0.8389722568417468
25591,LOF,0.07536321940148931,0.07457395398493392,0.8500628266135768
25592,LOF,0.04614343992579737,0.16043695062400562,0.793419609450197
25593,LOF,0.022207915856296324,0.29408145854321016,0.6837106256004936
25594,LOF,0.03730992378098208,0.11425287304731913,0.8484372031716988
25595,LOF,0.041204725400989815,0.08029451083579289,0.8785007637632173
25596,LOF,0.05495219082133783,0.0696425090008718,0.8754053001777905
25597,LOF,0.0385032901837941,0.07842675864748457,0.8830699511687213
25598,LOF,0.03361581906008937,0.09403124824272718,0.8723529326971834
25599,GOF,0.007273151669713596,0.5512292755873269,0.44149757274295937
25600,GOF,0.024665658868541985,0.6358104713684192,0.3395238697630389
25601,LOF,0.013093213310244902,0.47677569744989456,0.5101310892398605
25602,LOF,0.013322066756024091,0.055293977994804684,0.9313839552491712
25603,LOF,0.053472787704681765,0.020200523098354805,0.9263266891969634
25604,LOF,0.01593526856916046,0.06629588510063354,0.917768846330206
25605,LOF,0.007857509437902983,0.21093798802218566,0.7812045025399114
25606,LOF,0.09341882275796555,0.3782574719008889,0.5283237053411457
25607,LOF,0.004804559054462051,0.23170696210494324,0.7634884788405947
25608,LOF,0.012701276309401911,0.11421483894982767,0.8730838847407705
25609,LOF,0.06980832974196642,0.3713306806342365,0.558860989623797
25610,LOF,0.018518505930978892,0.026012966710054035,0.9554685273589671
25611,LOF,0.01929492609975052,0.026136631387753177,0.9545684425124964
25612,LOF,0.06795998393165208,0.034356599832718854,0.8976834162356291
25613,LOF,0.06120781803382993,0.036467051560697114,0.902325130405473
25614,LOF,0.025676402705126503,0.029082462719651394,0.9452411345752221
25615,LOF,0.019869014779175968,0.041080239271154784,0.9390507459496692
25616,LOF,0.06347486710751431,0.027695924312914958,0.9088292085795707
25617,LOF,0.05598069433890071,0.032306605505366875,0.9117127001557325
25618,LOF,0.06899933034994465,0.03388954850948613,0.8971111211405692
25619,LOF,0.01771626668353665,0.03158567761908898,0.9506980556973744
25620,LOF,0.0713052185695621,0.03695672336699264,0.8917380580634452
25621,LOF,0.018582667646979693,0.03462403794010412,0.9467932944129162
25622,LOF,0.0242087626413866,0.03843292180039239,0.937358315558221
25623,LOF,0.03980279884396177,0.03202016886810171,0.9281770322879365
25624,LOF,0.02082204076182839,0.03696601440391684,0.9422119448342547
25625,LOF,0.02545742815970051,0.04902584242737908,0.9255167294129205
25626,LOF,0.05434133919513897,0.03423290252519656,0.9114257582796644
25627,Neutral,0.6108246308443471,0.09694094254293484,0.29223442661271815
25628,LOF,0.2047563282283808,0.05205294319871251,0.7431907285729066
25629,LOF,0.04188773328509314,0.055480473289081414,0.9026317934258256
25630,LOF,0.1501287057183635,0.08666575091911365,0.7632055433625228
25631,Neutral,0.6004004005919631,0.05483796297754928,0.34476163643048774
25632,LOF,0.008232459290517287,0.06415934868570636,0.9276081920237763
25633,LOF,0.2397925178104747,0.04602161467552285,0.7141858675140025
25634,LOF,0.030594572691099154,0.09779563133793238,0.8716097959709685
25635,LOF,0.031854596029764363,0.05317947234093447,0.9149659316293012
25636,GOF,0.0052530223530606246,0.6035735174253212,0.39117346022161825
25637,GOF,0.006881177943319689,0.6094598583739873,0.3836589636826931
25638,LOF,0.010295868657101186,0.3087862612184071,0.6809178701244917
25639,LOF,0.0052759275906261015,0.4729702416664508,0.5217538307429231
25640,Neutral,0.45920073825274377,0.4414282569986503,0.09937100474860584
25641,LOF,0.01259843888912923,0.31541668597574485,0.671984875135126
25642,LOF,0.24611321338475625,0.06480374281171612,0.6890830438035276
25643,LOF,0.1231733645219895,0.14307147646066817,0.7337551590173422
25644,LOF,0.009388527506662577,0.48293810873520837,0.507673363758129
25645,LOF,0.007474869224603591,0.43790968477538683,0.5546154460000096
25646,LOF,0.012641501851985992,0.3278037942717459,0.659554703876268
25647,LOF,0.010220089444895683,0.2822649357946107,0.7075149747604935
25648,LOF,0.008946688595023402,0.2741175731886321,0.7169357382163445
25649,LOF,0.008028367751329606,0.20898860819952983,0.7829830240491407
25650,LOF,0.013187177040368274,0.41092270347695586,0.5758901194826759
25651,LOF,0.005881278189441826,0.29222851144260886,0.7018902103679493
25652,LOF,0.009931796894594619,0.26856383639396836,0.721504366711437
25653,LOF,0.02767199299781297,0.3913649522670045,0.5809630547351825
25654,LOF,0.011149450862611014,0.15986531668941414,0.8289852324479748
25655,LOF,0.046775909739227226,0.41956553133131286,0.5336585589294599
25656,LOF,0.17340954728253674,0.04359460176497151,0.7829958509524917
25657,LOF,0.25901669622048795,0.02297572147398406,0.7180075823055281
25658,LOF,0.06596087388395684,0.06757408540264119,0.8664650407134019
25659,LOF,0.3806193744315528,0.057147736405207726,0.5622328891632394
25660,LOF,0.03254041472544154,0.09688051186477845,0.87057907340978
25661,LOF,0.10124382099321712,0.06606330505651473,0.8326928739502683
25662,LOF,0.026596030869222256,0.044312321096508046,0.9290916480342697
25663,LOF,0.036388185854272205,0.06424991549674207,0.8993618986489857
25664,LOF,0.03846892834761905,0.07759100938277529,0.8839400622696058
25665,LOF,0.05803336478261053,0.034649795839075605,0.9073168393783138
25666,LOF,0.04257873139094318,0.10274852112226002,0.8546727474867969
25667,LOF,0.07291592260599157,0.048430887805963864,0.8786531895880446
25668,LOF,0.028696594703733053,0.052133119174073914,0.9191702861221931
25669,LOF,0.03154293880906138,0.07561079832257266,0.892846262868366
25670,LOF,0.0631032217686781,0.06459099022051168,0.8723057880108103
25671,LOF,0.09050798438653992,0.04160009174261475,0.8678919238708455
25672,LOF,0.054122697414661435,0.04651678745442132,0.8993605151309173
25673,LOF,0.02791636635078804,0.0611823120276999,0.9109013216215122
25674,LOF,0.02150888281831245,0.07168913993869189,0.9068019772429957
25675,LOF,0.038473088360140795,0.07002312992586475,0.8915037817139944
25676,LOF,0.020708942927561643,0.0600591845688514,0.9192318725035871
25677,LOF,0.030027730615772356,0.06953649075511611,0.9004357786291115
25678,LOF,0.18688272245333865,0.06265594352383574,0.7504613340228257
25679,LOF,0.17827453124856396,0.08047088397593569,0.7412545847755003
25680,LOF,0.03770665740850379,0.11248465719243024,0.8498086853990661
25681,LOF,0.06297873009249452,0.10449881339947235,0.8325224565080331
25682,LOF,0.1189695666913025,0.07406344392639197,0.8069669893823055
25683,LOF,0.08159850829597486,0.11667225451107283,0.8017292371929523
25684,LOF,0.04398935234894085,0.07668555872544952,0.8793250889256096
25685,LOF,0.08690457355835869,0.05774305243520108,0.8553523740064402
25686,LOF,0.026127241683639085,0.08194138128328961,0.8919313770330712
25687,LOF,0.04608102190755644,0.06672528865087146,0.8871936894415722
25688,LOF,0.043895985746298834,0.04625674774144092,0.9098472665122602
25689,LOF,0.023552827871321125,0.05509007440529842,0.9213570977233804
25690,LOF,0.03012605891407112,0.04734639587292583,0.922527545213003
25691,LOF,0.23531219588754182,0.06671161392660444,0.6979761901858537
25692,LOF,0.23726775255874283,0.005939389459435667,0.7567928579818215
25693,LOF,0.0925679111497097,0.2519205965660959,0.6555114922841943
25694,LOF,0.26763555012116325,0.01337140207629245,0.7189930478025444
25695,LOF,0.16855085215229068,0.024313566858318304,0.807135580989391
25696,LOF,0.12170752184967373,0.01193174999769244,0.8663607281526338
25697,LOF,0.07374006738356668,0.02359854793302384,0.9026613846834094
25698,LOF,0.044292932354234656,0.451913159603355,0.5037939080424104
25699,LOF,0.0662800817665979,0.09938736959910609,0.834332548634296
25700,LOF,0.06734715245409315,0.009783397346513232,0.9228694501993937
25701,LOF,0.015875635857147255,0.08628782988295229,0.8978365342599005
25702,GOF,0.03431333712681622,0.6600334406550672,0.3056532222181167
25703,LOF,0.00877046976463784,0.16365942773700345,0.8275701024983587
25704,LOF,0.047491465710202824,0.13186081903784047,0.8206477152519568
25705,LOF,0.05677589575949884,0.2551465391657223,0.6880775650747789
25706,GOF,0.029094947206148428,0.545522436204797,0.4253826165890545
25707,LOF,0.02019021038712666,0.4876444937118973,0.4921652959009762
25708,LOF,0.007506146165330396,0.4105781203000499,0.5819157335346197
25709,LOF,0.055480135112715497,0.06658219870678737,0.8779376661804972
25710,LOF,0.005438523307451022,0.17483017209474397,0.819731304597805
25711,LOF,0.019867197581458287,0.13123198241992498,0.8489008199986168
25712,LOF,0.00730134575596655,0.20047270280179602,0.7922259514422374
25713,LOF,0.018250624519676642,0.12323591314231315,0.8585134623380102
25714,LOF,0.06817444952720686,0.16053475361132785,0.7712907968614653
25715,LOF,0.013288927035086997,0.1669670241720531,0.8197440487928599
25716,LOF,0.005720417796525756,0.13516584605777698,0.8591137361456972
25717,LOF,0.005914904503820084,0.10716451784553267,0.8869205776506472
25718,LOF,0.01408409877524121,0.10806972430377293,0.8778461769209859
25719,LOF,0.022865395445995248,0.11601625150702757,0.8611183530469771
25720,LOF,0.023370551330362206,0.10011920617134143,0.8765102424982965
25721,LOF,0.016192210588506513,0.1383366535374076,0.845471135874086
25722,LOF,0.013484091588126171,0.1663171164289053,0.8201987919829685
25723,LOF,0.019344103771651043,0.08394920824869724,0.8967066879796517
25724,LOF,0.021683186798676566,0.13300303479319844,0.8453137784081249
25725,LOF,0.013548029490121093,0.09236564433874095,0.894086326171138
25726,LOF,0.011862336082264098,0.1172051343448505,0.8709325295728854
25727,LOF,0.014474617805289783,0.10463035676393218,0.880895025430778
25728,LOF,0.012697589446825953,0.12695870377236645,0.8603437067808076
25729,LOF,0.012998862340305974,0.13312405220068832,0.8538770854590056
25730,LOF,0.013574422787321506,0.10873201228494246,0.877693564927736
25731,LOF,0.007634075559964925,0.1518563667141724,0.8405095577258626
25732,LOF,0.013232143002125798,0.10576875067470994,0.8809991063231644
25733,LOF,0.018114301218177562,0.09248289894068294,0.8894027998411396
25734,LOF,0.005454559142632689,0.1529982966914635,0.8415471441659038
25735,LOF,0.016080023326943006,0.0955886606690801,0.888331316003977
25736,LOF,0.014493205689540663,0.141786529567089,0.8437202647433704
25737,LOF,0.022020055260648683,0.0996823422767789,0.8782976024625724
25738,LOF,0.01533608362454069,0.14736905052530858,0.8372948658501508
25739,LOF,0.022606507762549903,0.12085343286008368,0.8565400593773663
25740,LOF,0.031624042312233015,0.14095226090007487,0.8274236967876921
25741,LOF,0.01719459183680938,0.12217200485326786,0.8606334033099227
25742,LOF,0.11149264619187146,0.11315878039380681,0.7753485734143217
25743,LOF,0.014646417261749593,0.02823536820956174,0.9571182145286887
25744,LOF,0.20475004334627295,0.2631394153493933,0.5321105413043338
25745,LOF,0.025691016422738272,0.037877686932674536,0.9364312966445871
25746,LOF,0.016059272831689467,0.04582619720873088,0.9381145299595797
25747,LOF,0.02913560141097859,0.025518148028424597,0.9453462505605968
25748,LOF,0.14790220585694974,0.036343799752102585,0.8157539943909478
25749,LOF,0.01688217224257474,0.03561539619230801,0.9475024315651173
25750,LOF,0.03586065226814264,0.04975965662407899,0.9143796911077784
25751,LOF,0.11435524973890449,0.04505561091287313,0.8405891393482223
25752,GOF,0.11952228533897015,0.6419515789955879,0.23852613566544204
25753,LOF,0.007359165666573069,0.3409580900953216,0.6516827442381053
25754,GOF,0.005264915372210174,0.8354900890967452,0.15924499553104451
25755,LOF,0.008801120367212254,0.4109427239973286,0.5802561556354591
25756,LOF,0.03853445236515799,0.42081970406315466,0.5406458435716874
25757,GOF,0.005371666327949503,0.8524460599052422,0.14218227376680834
25758,GOF,0.00693794009575094,0.8613583037802842,0.13170375612396476
25759,GOF,0.004554342910673731,0.5298302480218953,0.465615409067431
25760,LOF,0.004636136661219121,0.28492919178478443,0.7104346715539965
25761,GOF,0.039711406924937645,0.8273718378734808,0.13291675520158153
25762,LOF,0.028899366271032213,0.3253210997737496,0.6457795339552183
25763,LOF,0.006617089869570175,0.23030478469891869,0.7630781254315112
25764,GOF,0.1602710943728649,0.5128249822706554,0.3269039233564798
25765,GOF,0.010906546607945634,0.7786762898109474,0.21041716358110696
25766,GOF,0.01828723451008151,0.8046299171062355,0.17708284838368296
25767,LOF,0.017934555370417063,0.4755720855779222,0.5064933590516607
25768,LOF,0.0830464195610149,0.07628466911999879,0.8406689113189862
25769,LOF,0.0787632152521583,0.05806364474905906,0.8631731399987826
25770,LOF,0.2608855488479284,0.07303246937936521,0.6660819817727063
25771,LOF,0.012414742841852356,0.055434672131377344,0.9321505850267704
25772,LOF,0.016834011621666548,0.029762799567009793,0.9534031888113236
25773,LOF,0.010772880031283613,0.12706007299171307,0.8621670469770034
25774,LOF,0.02493154725101403,0.0706226580203737,0.9044457947286122
25775,LOF,0.015664656274900435,0.04961775893282062,0.9347175847922788
25776,LOF,0.08352236905354715,0.02285312937615627,0.8936245015702966
25777,LOF,0.33670772603713495,0.039264783424341906,0.624027490538523
25778,LOF,0.06983534615216719,0.042069825918563314,0.8880948279292694
25779,GOF,0.06359077980103636,0.8661342896615535,0.07027493053741002
25780,GOF,0.053674656576453594,0.8403629069519761,0.10596243647157035
25781,GOF,0.02383301332954072,0.8259641116782975,0.1502028749921617
25782,GOF,0.028152954337269272,0.8617424313572785,0.11010461430545228
25783,GOF,0.01386861599223049,0.6518779459797884,0.33425343802798113
25784,GOF,0.10487526427479969,0.8322530005516511,0.06287173517354927
25785,GOF,0.07477141863612356,0.8647670856458055,0.0604614957180709
25786,GOF,0.005728835550638676,0.7886196301966535,0.2056515342527079
25787,GOF,0.2079446760272247,0.7493166554218844,0.04273866855089088
25788,LOF,0.04720434068219349,0.12240861440205461,0.8303870449157519
25789,GOF,0.03878086526639157,0.8214064507437043,0.13981268398990407
25790,GOF,0.03967227015761879,0.8446396442853249,0.11568808555705634
25791,GOF,0.027829102891760018,0.7959469037539141,0.17622399335432581
25792,GOF,0.04298755317829285,0.8000102980140225,0.15700214880768465
25793,GOF,0.08880459853547788,0.7684110661374691,0.14278433532705312
25794,GOF,0.09327474259920604,0.677408019747939,0.22931723765285494
25795,GOF,0.027472262207768484,0.7459575667189722,0.22657017107325933
25796,GOF,0.12093490552323563,0.7349573170523221,0.14410777742444225
25797,GOF,0.03334944071281166,0.5748652832624979,0.3917852760246905
25798,GOF,0.003353479311714327,0.5530618252513989,0.4435846954368867
25799,LOF,0.0029876968124058823,0.43686171319404143,0.5601505899935527
25800,GOF,0.010282044822157206,0.6180026921161597,0.37171526306168307
25801,GOF,0.026876594173710185,0.7848476436020573,0.18827576222423265
25802,GOF,0.01759554516003063,0.7107373173084781,0.27166713753149124
25803,GOF,0.010801857336225245,0.6097794397923186,0.37941870287145607
25804,LOF,0.012396453630264329,0.4933302987109425,0.494273247658793
25805,GOF,0.02073997793472984,0.6037686485322143,0.3754913735330558
25806,GOF,0.0177378494561622,0.6355131044315815,0.34674904611225627
25807,GOF,0.005091666033709518,0.6265111375409741,0.3683971964253164
25808,GOF,0.014606319987502977,0.6322599244839581,0.353133755528539
25809,GOF,0.005686982492955253,0.6035043963697162,0.39080862113732856
25810,GOF,0.00513872790097224,0.6196530575856304,0.37520821451339753
25811,GOF,0.09370550422835743,0.7886261501649474,0.11766834560669515
25812,GOF,0.015760188348551262,0.6211299375495833,0.36310987410186535
25813,GOF,0.10065848004702364,0.7403455022462021,0.1589960177067742
25814,GOF,0.027818585064807413,0.692141954288133,0.2800394606470596
25815,GOF,0.04137443295462572,0.7021176180527633,0.25650794899261115
25816,GOF,0.009142520294022433,0.785294833874177,0.20556264583180045
25817,GOF,0.07801533839003416,0.744960255822538,0.1770244057874278
25818,GOF,0.023655776362885086,0.7330639149631072,0.2432803086740078
25819,GOF,0.06862047877886625,0.7355436441921256,0.19583587702900818
25820,GOF,0.0317804127073504,0.7132212783325068,0.25499830896014286
25821,GOF,0.01721674275421264,0.6997363246014675,0.28304693264431985
25822,GOF,0.03456489928849178,0.7243703279643924,0.2410647727471158
25823,GOF,0.012264681738202537,0.5613221150794193,0.42641320318237813
25824,GOF,0.022926759692768833,0.695168370445563,0.2819048698616681
25825,GOF,0.013304952932291267,0.6717606010631781,0.31493444600453063
25826,GOF,0.005311932006333428,0.6253043335550772,0.36938373443858935
25827,GOF,0.007545686029043871,0.6311318917694447,0.36132242220151134
25828,GOF,0.004730207918955557,0.5633927480495787,0.4318770440314656
25829,GOF,0.0029039578983804746,0.6182259518087564,0.37887009029286317
25830,LOF,0.02994484627039463,0.3672481044603218,0.6028070492692835
25831,GOF,0.03789672972363894,0.8189783349532337,0.1431249353231273
25832,GOF,0.008125032565394753,0.7614589045318962,0.23041606290270888
25833,GOF,0.026316513359067383,0.8110538171127559,0.16262966952817676
25834,GOF,0.0073587857621821955,0.7683474015607908,0.22429381267702694
25835,GOF,0.016843874531749833,0.8156122375473057,0.16754388792094443
25836,GOF,0.006246335675997352,0.762343692763322,0.23140997156068055
25837,GOF,0.006274456271879844,0.6643716012541065,0.3293539424740136
25838,GOF,0.019994948731581707,0.8364976453528397,0.14350740591557862
25839,GOF,0.038739290014398256,0.8032898780558576,0.15797083192974415
25840,GOF,0.03717402543197157,0.8134729403132954,0.14935303425473306
25841,GOF,0.03464425772989613,0.8310603213406866,0.13429542092941718
25842,GOF,0.023491207679597136,0.861583555363708,0.11492523695669482
25843,GOF,0.02609295314308966,0.8747224362880948,0.09918461056881557
25844,GOF,0.01636856301413175,0.7781733217030546,0.2054581152828137
25845,GOF,0.005372462319772185,0.5705204510583,0.4241070866219279
25846,GOF,0.030313852309609226,0.8269955314069787,0.14269061628341212
25847,GOF,0.015991731866625197,0.8865502900437097,0.09745797808966512
25848,GOF,0.015553201782656878,0.8257176082585655,0.15872918995877758
25849,GOF,0.004863612871111006,0.6921258358768595,0.3030105512520294
25850,GOF,0.007035483908981348,0.6974282983251703,0.29553621776584843
25851,GOF,0.005716684171081618,0.575735275927983,0.41854803990093536
25852,GOF,0.15542725432012286,0.5364673608555065,0.3081053848243706
25853,GOF,0.06960293576123988,0.8339428333875526,0.0964542308512075
25854,GOF,0.01001143786003689,0.6560430905537553,0.33394547158620774
25855,GOF,0.013575326542253905,0.5854897730762049,0.4009349003815413
25856,GOF,0.03601670361118722,0.7047209719641607,0.25926232442465197
25857,GOF,0.016399117577763408,0.5469783016370813,0.4366225807851553
25858,GOF,0.008717362408177965,0.5452139271848906,0.4460687104069315
25859,GOF,0.005477861910758503,0.5279209474563425,0.466601190632899
25860,GOF,0.0697127677763389,0.7878564622544523,0.14243076996920886
25861,GOF,0.11763506542309797,0.7780505054501493,0.10431442912675273
25862,GOF,0.022870001957044493,0.8367197960407522,0.14041020200220336
25863,GOF,0.02021834833471658,0.846075041889919,0.13370660977536458
25864,GOF,0.04303683533805577,0.8680512440135992,0.0889119206483449
25865,GOF,0.032022929885655464,0.8343058448812631,0.13367122523308142
25866,GOF,0.02279221534777886,0.8233301474858418,0.15387763716637945
25867,GOF,0.02516471764042214,0.8649640708118231,0.10987121154775478
25868,GOF,0.047467758105544995,0.801793060700548,0.15073918119390695
25869,GOF,0.2950070620893056,0.60890556135414,0.09608737655655442
25870,GOF,0.19662064791374578,0.4979331331355678,0.3054462189506863
25871,GOF,0.021985550845954622,0.8514345350910423,0.12657991406300306
25872,GOF,0.01867642953758649,0.8283852053569711,0.15293836510544243
25873,GOF,0.01832416108717695,0.8522663011053543,0.1294095378074689
25874,LOF,0.016084025517282517,0.14478871267190369,0.8391272618108139
25875,LOF,0.030519059371841333,0.03266931622777448,0.9368116244003842
25876,LOF,0.013754486804232557,0.028439125506401156,0.9578063876893663
25877,LOF,0.12426018868739092,0.05886938181310313,0.8168704294995061
25878,LOF,0.04966225512491651,0.07556717207076394,0.8747705728043197
25879,LOF,0.023457709872509832,0.06098435269415163,0.9155579374333387
25880,LOF,0.04579408238675432,0.009185414931625585,0.9450205026816202
25881,Neutral,0.5389369165134037,0.0487551930154527,0.4123078904711437
25882,LOF,0.026445319205312408,0.029747104308345092,0.9438075764863426
25883,LOF,0.06204037298142975,0.019086933661121176,0.9188726933574491
25884,LOF,0.012821079556586545,0.04006997325810607,0.9471089471853075
25885,LOF,0.20248204791658286,0.006355998459443987,0.7911619536239732
25886,LOF,0.2116560783046009,0.031245920263725063,0.757098001431674
25887,LOF,0.1485061155923759,0.05537842193734364,0.7961154624702805
25888,LOF,0.014628544315433275,0.11822309763071856,0.8671483580538482
25889,LOF,0.017339250251623698,0.027229090436445214,0.9554316593119312
25890,LOF,0.1204478053325011,0.08693621595755541,0.7926159787099436
25891,LOF,0.046242719727199934,0.03618772193184407,0.917569558340956
25892,LOF,0.010402899663486141,0.05235106184842081,0.937246038488093
25893,LOF,0.3793355461684075,0.01681096579428398,0.6038534880373085
25894,LOF,0.42716688253743434,0.008803450073172793,0.5640296673893929
25895,LOF,0.34636088541719445,0.019266585342243236,0.6343725292405623
25896,LOF,0.04451448918747916,0.027961287136114014,0.9275242236764069
25897,LOF,0.18173939935687172,0.016009043114337436,0.8022515575287908
25898,LOF,0.21281915083434289,0.04135892467984148,0.7458219244858157
25899,LOF,0.24452091364331152,0.030019217168208698,0.7254598691884798
25900,LOF,0.445012526828698,0.012431578125852678,0.5425558950454492
25901,LOF,0.04620261146980126,0.011728810659587724,0.9420685778706109
25902,LOF,0.09803013922556049,0.019319161529711724,0.8826506992447277
25903,LOF,0.35492255107516274,0.038287224313207406,0.6067902246116299
25904,Neutral,0.4808576089865391,0.040450242204366986,0.478692148809094
25905,LOF,0.00705897633188279,0.4206040524440631,0.5723369712240541
25906,LOF,0.007593055284837434,0.13861735482151033,0.8537895898936522
25907,LOF,0.0038535178100407063,0.37577160673742444,0.6203748754525349
25908,LOF,0.003534089532004908,0.26567966912265856,0.7307862413453365
25909,LOF,0.015020420055446642,0.1747930045261581,0.8101865754183952
25910,LOF,0.016189328618373227,0.1326896555835981,0.8511210157980287
25911,LOF,0.16742836619917936,0.025725036105359523,0.8068465976954611
25912,LOF,0.06698038944887451,0.04520022262523854,0.8878193879258869
25913,LOF,0.055989402222175466,0.053676974682955486,0.8903336230948691
25914,LOF,0.021969922226653667,0.05755039231040344,0.9204796854629429
25915,LOF,0.12008179094138975,0.25210766310950644,0.6278105459491038
25916,LOF,0.019878945278745144,0.1802903812588301,0.7998306734624248
25917,LOF,0.06008190435325929,0.04485105740045851,0.8950670382462822
25918,LOF,0.026849842939380766,0.03244044971672664,0.9407097073438927
25919,LOF,0.023171661524955724,0.0323298114634665,0.9444985270115778
25920,LOF,0.11301071605129684,0.20677022792166447,0.6802190560270387
25921,LOF,0.009632029345473955,0.03394640014976978,0.9564215705047562
25922,LOF,0.012427486525419161,0.02714660758574081,0.9604259058888399
25923,LOF,0.4223294632237113,0.03879573830775204,0.5388747984685367
25924,LOF,0.01795333947011658,0.04478198563733354,0.9372646748925499
25925,LOF,0.0769813918421295,0.04330634073097898,0.8797122674268915
25926,LOF,0.052920050234033206,0.0364266696422881,0.9106532801236787
25927,LOF,0.020462118744724003,0.06407048152600386,0.9154673997292722
25928,LOF,0.007447900027889073,0.04975793880545409,0.9427941611666568
25929,Neutral,0.49994896351027684,0.035985065477234186,0.464065971012489
25930,LOF,0.078022614791158,0.032678112616998795,0.889299272591843
25931,LOF,0.00968643779744779,0.033741055074366366,0.9565725071281858
25932,LOF,0.032395136299351035,0.02860462521969638,0.9390002384809525
25933,LOF,0.03988129949957673,0.017914586586983826,0.9422041139134394
25934,LOF,0.027066325216653746,0.019793063991479114,0.9531406107918671
25935,LOF,0.06977750980678708,0.04881795284167113,0.8814045373515417
25936,LOF,0.0418268290730502,0.02123351986401026,0.9369396510629395
25937,LOF,0.009026244039264202,0.033743924734109025,0.9572298312266267
25938,LOF,0.06438510372758177,0.054325503056688165,0.8812893932157301
25939,LOF,0.03371256144933024,0.021861603873785593,0.9444258346768841
25940,LOF,0.009704595079851708,0.32623755980837,0.6640578451117783
25941,Neutral,0.5344823187861889,0.026027638551818298,0.4394900426619928
25942,LOF,0.005401229875023195,0.04043581195656224,0.9541629581684147
25943,LOF,0.030286015432779465,0.13192637508643523,0.8377876094807853
25944,LOF,0.11128917659216984,0.07093345678758664,0.8177773666202435
25945,LOF,0.05804765599620211,0.017155438809844256,0.9247969051939536
25946,LOF,0.07528628168217719,0.06612877935438062,0.8585849389634422
25947,Neutral,0.49393793893413795,0.06762250990175092,0.4384395511641111
25948,LOF,0.3418687184201397,0.00960776258827223,0.6485235189915881
25949,LOF,0.08925127194186915,0.05240181830159301,0.8583469097565378
25950,GOF,0.050435187693715924,0.6156903986072454,0.3338744136990387
25951,LOF,0.016684096388186263,0.3953742730905711,0.5879416305212426
25952,LOF,0.28357919734330284,0.28258090491746907,0.43383989773922804
25953,LOF,0.011696762795147489,0.17411470360614192,0.8141885335987106
25954,LOF,0.055060825760331715,0.42590505129495493,0.5190341229447134
25955,LOF,0.010332956913646938,0.15468103533409788,0.8349860077522552
25956,LOF,0.024648915917119877,0.28106396130398886,0.6942871227788913
25957,LOF,0.1819358808160907,0.035996633551466276,0.7820674856324431
25958,LOF,0.05435842467165885,0.029965033293498162,0.915676542034843
25959,GOF,0.015265310132083793,0.5127644924294288,0.4719701974384874
25960,LOF,0.006166915672677441,0.05451063353249012,0.9393224507948325
25961,LOF,0.05401348218040084,0.027199448023774976,0.9187870697958241
25962,LOF,0.031077540642432264,0.09107483482159996,0.8778476245359678
25963,LOF,0.005006700557989539,0.2831293579746634,0.7118639414673471
25964,LOF,0.03044048946417178,0.10479557979532199,0.8647639307405063
25965,LOF,0.3140464606637977,0.15168356408991704,0.5342699752462853
25966,Neutral,0.46596500161729176,0.12849118559669723,0.4055438127860109
25967,LOF,0.005949489035364325,0.07225599071615954,0.9217945202484762
25968,LOF,0.04805794805295855,0.2771299951169855,0.674812056830056
25969,LOF,0.1334222500945413,0.06783526890468564,0.798742481000773
25970,LOF,0.021154393777905577,0.08481634859716464,0.8940292576249298
25971,LOF,0.06646370266390643,0.026364680953944657,0.9071716163821489
25972,LOF,0.05501666158799005,0.03803266952635607,0.9069506688856539
25973,LOF,0.0597245688981051,0.012624467556892182,0.9276509635450026
25974,LOF,0.040747731061238336,0.046247494983717496,0.9130047739550442
25975,LOF,0.04472838032720206,0.02860847267649942,0.9266631469962985
25976,LOF,0.10671339266232592,0.013646869506170257,0.8796397378315037
25977,LOF,0.21627024267169007,0.05642979130520946,0.7272999660231005
25978,LOF,0.13468870528402968,0.11999178836689543,0.7453195063490748
25979,LOF,0.12210408026990444,0.12044836936496062,0.757447550365135
25980,LOF,0.2379098861821605,0.14727533475717652,0.6148147790606631
25981,LOF,0.23810403969002594,0.14789849920694131,0.6139974611030327
25982,LOF,0.3650325221436863,0.1011426456916747,0.533824832164639
25983,LOF,0.386442325853435,0.12185806120568381,0.4916996129408812
25984,LOF,0.0368623291635385,0.05250196578547349,0.9106357050509879
25985,LOF,0.42229527925326205,0.10588219561531692,0.47182252513142114
25986,LOF,0.012211300715009138,0.38037129790437657,0.6074174013806143
25987,LOF,0.035269931797294186,0.09215086800301256,0.8725792001996933
25988,LOF,0.1466168119727335,0.09323971064960258,0.760143477377664
25989,LOF,0.04209247915924064,0.13116034389593026,0.8267471769448291
25990,LOF,0.044395284048787176,0.21120028420368453,0.7444044317475284
25991,LOF,0.022393089215952042,0.3664964315528569,0.611110479231191
25992,LOF,0.027935124670268218,0.3496642026108622,0.6224006727188696
25993,LOF,0.02210663352498988,0.0969451714849396,0.8809481949900705
25994,LOF,0.017905001513551268,0.09324540703917915,0.8888495914472697
25995,LOF,0.018177810281551472,0.192661161570009,0.7891610281484396
25996,LOF,0.31695525196819696,0.2797087150297192,0.40333603300208387
25997,LOF,0.08347153993158635,0.3563195816462489,0.5602088784221648
25998,LOF,0.2855555498782666,0.053078035589748,0.6613664145319853
25999,LOF,0.018632371845573155,0.25546308528167666,0.7259045428727502
26000,LOF,0.15862908539603293,0.03201812838986633,0.8093527862141009
26001,LOF,0.30260978667173904,0.02578511119371208,0.6716051021345488
26002,LOF,0.06854821162252207,0.052513617549607434,0.8789381708278704
26003,GOF,0.004023084265737965,0.6366627038111401,0.359314211923122
26004,GOF,0.005991152444230694,0.7309769921078317,0.2630318554479376
26005,GOF,0.0029821200573477372,0.5187252428689725,0.47829263707367975
26006,GOF,0.07011381169992371,0.6442567266959588,0.28562946160411745
26007,GOF,0.005866356746491025,0.6007813598253873,0.3933522834281217
26008,GOF,0.005946449454965332,0.6742946846786321,0.3197588658664027
26009,GOF,0.006391705118429027,0.6988952451230072,0.29471304975856377
26010,GOF,0.006877522581485861,0.7186243632887973,0.2744981141297168
26011,GOF,0.002898167806030334,0.5122849943353452,0.48481683785862445
26012,GOF,0.003877267306429934,0.5854591134029931,0.41066361929057715
26013,GOF,0.004969199092716264,0.6543927152249561,0.3406380856823276
26014,LOF,0.03897293803295392,0.1065417184956935,0.8544853434713525
26015,LOF,0.12413984626398782,0.01848893703458092,0.8573712167014312
26016,LOF,0.253319193160409,0.03842364283275108,0.7082571640068398
26017,LOF,0.02137687195882825,0.18520756122308452,0.7934155668180872
26018,LOF,0.05166336763349557,0.03236949481319229,0.9159671375533122
26019,LOF,0.04999769472101025,0.028144637638904565,0.9218576676400853
26020,LOF,0.008545556225649481,0.20162819670822785,0.7898262470661227
26021,LOF,0.06652636703617937,0.06622824752752203,0.8672453854362985
26022,LOF,0.027516051187602995,0.023292827300677832,0.9491911215117192
26023,LOF,0.043515845424280455,0.02168358261635647,0.9348005719593632
26024,LOF,0.04254087889485114,0.07359272475395208,0.8838663963511967
26025,LOF,0.053556610925765705,0.07337915959187735,0.873064229482357
26026,LOF,0.0976112578535361,0.05623459170622955,0.8461541504402343
26027,LOF,0.04618000206371007,0.017393584681620326,0.9364264132546696
26028,LOF,0.08044404806462657,0.11128625862364157,0.8082696933117318
26029,LOF,0.028221972878312275,0.20301001711070296,0.7687680100109848
26030,LOF,0.15353387516671016,0.030649670915699933,0.8158164539175901
26031,LOF,0.015047787366688239,0.164377757059391,0.8205744555739207
26032,LOF,0.06655693573005392,0.06988764127102767,0.8635554229989183
26033,LOF,0.08600445029612235,0.06496416202235673,0.849031387681521
26034,LOF,0.013933397156974744,0.1842765993186718,0.8017900035243534
26035,LOF,0.012688525876158058,0.14298250853209965,0.8443289655917422
26036,LOF,0.013967701457212073,0.1717714862939296,0.8142608122488584
26037,LOF,0.011618522939826098,0.1242463476493138,0.8641351294108601
26038,LOF,0.05733969753636588,0.06510650964423725,0.8775537928193969
26039,LOF,0.0249987248906617,0.17390619814920746,0.8010950769601309
26040,LOF,0.12213007652191435,0.14086809629066752,0.7370018271874182
26041,LOF,0.013953215997707788,0.10317520025089023,0.882871583751402
26042,LOF,0.012515490697138941,0.10913164476323485,0.8783528645396261
26043,LOF,0.05585027740329758,0.08261413345784364,0.8615355891388589
26044,LOF,0.011733501802316327,0.0702471501378944,0.9180193480597892
26045,LOF,0.05653324763441178,0.11225126119916438,0.8312154911664239
26046,LOF,0.050379591195508625,0.06676292357644774,0.8828574852280436
26047,LOF,0.08537020207489245,0.06605105035732492,0.8485787475677826
26048,LOF,0.05000794577671577,0.04280417121153048,0.9071878830117538
26049,Neutral,0.9640797250106676,0.006664765629196779,0.029255509360135518
26050,Neutral,0.9508421201599027,0.008792728060092889,0.04036515178000437
26051,LOF,0.014011660820606689,0.17655745490456715,0.8094308842748261
26052,LOF,0.02011064504539069,0.21951387985727977,0.7603754750973295
26053,LOF,0.02024971373997673,0.15661531347102253,0.8231349727890007
26054,LOF,0.053669938126157016,0.014767059365278752,0.9315630025085642
26055,LOF,0.07456294395707969,0.016311999656462274,0.909125056386458
26056,LOF,0.05415914982582519,0.017946713176447998,0.9278941369977267
26057,LOF,0.03279083914239056,0.011466987334444727,0.9557421735231647
26058,LOF,0.03384799401080464,0.010241319154972891,0.9559106868342224
26059,LOF,0.3699002003920546,0.019393914106642273,0.6107058855013031
26060,LOF,0.01154218312104066,0.14456064430376017,0.8438971725751991
26061,LOF,0.005383239165659586,0.01338369173154303,0.9812330691027973
26062,LOF,0.0040279994368510865,0.018464736945122417,0.9775072636180265
26063,LOF,0.022662055302754655,0.010272019261437074,0.9670659254358082
26064,LOF,0.006984866323856701,0.0261729475619038,0.9668421861142396
26065,LOF,0.027379299424877067,0.010530534906568065,0.9620901656685549
26066,LOF,0.02507782697523203,0.010168214640142264,0.9647539583846257
26067,LOF,0.03051662889392454,0.00859841269425355,0.960884958411822
26068,LOF,0.04594071408860828,0.02607118637925493,0.9279880995321368
26069,LOF,0.32277951314750375,0.016142930903018174,0.661077555949478
26070,LOF,0.49279108215235257,0.013529866236195117,0.4936790516114524
26071,LOF,0.02582840980577386,0.010242503495828881,0.9639290866983972
26072,LOF,0.0058890673518798555,0.023301341691811903,0.9708095909563081
26073,LOF,0.022715998945929326,0.012898653060039211,0.9643853479940315
26074,Neutral,0.9278998061769406,0.005990647014828857,0.06610954680823054
26075,LOF,0.04219658973179767,0.013781281490554466,0.9440221287776479
26076,LOF,0.03678947198801047,0.009431674112493722,0.9537788538994959
26077,LOF,0.11783791172642719,0.008543617507651214,0.8736184707659216
26078,LOF,0.005694330259507114,0.014190248592466335,0.9801154211480265
26079,LOF,0.060283770910886915,0.014981425716951139,0.924734803372162
26080,LOF,0.05794647302250045,0.01507001079372249,0.9269835161837771
26081,LOF,0.031106269301642342,0.007317052210907154,0.9615766784874504
26082,LOF,0.004729604823906506,0.01598012392195106,0.9792902712541424
26083,LOF,0.10790530468090537,0.015796273632033144,0.8762984216870614
26084,LOF,0.04349746724259232,0.013026657713062773,0.9434758750443448
26085,LOF,0.037830572392244875,0.011608046727929954,0.9505613808798251
26086,LOF,0.023582700594546046,0.011099016606663004,0.9653182827987911
26087,LOF,0.022264229189410397,0.009501832172895896,0.9682339386376938
26088,LOF,0.0056588003104763715,0.022319902854031834,0.9720212968354918
26089,LOF,0.042620023285875844,0.01916385734585731,0.938216119368267
26090,LOF,0.041357645383232514,0.014918460352800613,0.9437238942639669
26091,LOF,0.029473426030107597,0.007123580203542731,0.9634029937663496
26092,LOF,0.024083685323584358,0.007683335895770591,0.968232978780645
26093,LOF,0.04192234748137518,0.006343376815294416,0.9517342757033304
26094,LOF,0.03456789849486002,0.006216422771915447,0.9592156787332246
26095,LOF,0.019225769228992093,0.01695524776239614,0.9638189830086117
26096,LOF,0.18509834370045922,0.005998873213759581,0.8089027830857812
26097,LOF,0.004857184603360532,0.0384877611756114,0.956655054221028
26098,LOF,0.07740407269998709,0.013860648757865995,0.9087352785421469
26099,LOF,0.022927811513766952,0.013127666998411362,0.9639445214878216
26100,LOF,0.022809972416962684,0.013133990937740647,0.9640560366452966
26101,LOF,0.05721667569441132,0.020217827194511175,0.9225654971110775
26102,LOF,0.02169765492225049,0.014133669063994934,0.9641686760137547
26103,Neutral,0.8384650687586978,0.01853007383076614,0.14300485741053595
26104,LOF,0.07614358553958858,0.019931247892473396,0.903925166567938
26105,LOF,0.2314433298925842,0.16976260057155868,0.5987940695358572
26106,LOF,0.348796172778306,0.12417751227369447,0.5270263149479996
26107,LOF,0.021944150913281325,0.1039022594617043,0.8741535896250143
26108,LOF,0.33858114778280585,0.04069273426804589,0.6207261179491482
26109,LOF,0.0346441166171207,0.07629790581724427,0.889057977565635
26110,LOF,0.19723135997892077,0.00565837020261478,0.7971102698184644
26111,LOF,0.07743282580910729,0.06066471591731554,0.8619024582735773
26112,LOF,0.03636801955432942,0.006172493851242349,0.9574594865944283
26113,LOF,0.059997526353855926,0.014331637321458797,0.9256708363246853
26114,LOF,0.07191729634195362,0.012591207299313427,0.915491496358733
26115,LOF,0.014568382325806116,0.07603847786400282,0.909393139810191
26116,LOF,0.09847568075096798,0.04401602412179732,0.8575082951272347
26117,LOF,0.3951587578394734,0.03952269408255544,0.5653185480779711
26118,LOF,0.03211932126792538,0.01898626045072898,0.9488944182813457
26119,LOF,0.004543768507458483,0.04023834180136908,0.9552178896911725
26120,LOF,0.027141534871539308,0.017998044272414998,0.9548604208560456
