feature0,prediction,LoGoFunc_Neutral,LoGoFunc_GOF,LoGoFunc_LOF
25546,Neutral,0.7657640068938454,0.02763524344586503,0.20660074966028952
25547,Neutral,0.6298205949075908,0.05401507112453128,0.31616433396787796
25548,Neutral,0.6093838782921104,0.038929436701622494,0.35168668500626715
25549,Neutral,0.5382038330584993,0.0393432533853146,0.4224529135561861
25550,LOF,0.37920881155363495,0.09914054678420896,0.5216506416621561
25551,LOF,0.3137046390203899,0.1107340866605872,0.5755612743190229
25552,LOF,0.1962581263701497,0.11614591875443395,0.6875959548754164
25553,Neutral,0.8290969523329552,0.029102339708175103,0.14180070795886973
25554,LOF,0.24043968448868647,0.10890493067501704,0.6506553848362965
25555,LOF,0.19024175132350965,0.09060671545988928,0.719151533216601
25556,LOF,0.4349562712347533,0.09070696922217317,0.4743367595430735
25557,LOF,0.1802819105270108,0.09970854068547927,0.72000954878751
25558,LOF,0.23801544172688902,0.1097266516584294,0.6522579066146816
25559,LOF,0.3643388843831944,0.06206142571496784,0.5735996899018377
25560,LOF,0.05981506119944629,0.18574867533910544,0.7544362634614483
25561,LOF,0.11695617846943286,0.2220754894538983,0.6609683320766689
25562,LOF,0.1045110585494025,0.08904760613539069,0.8064413353152068
25563,LOF,0.10815758077948893,0.1024650845230374,0.7893773346974737
25564,LOF,0.149717180158757,0.16495913444484633,0.6853236853963967
25565,LOF,0.1275155854982736,0.1827839304995562,0.6897004840021702
25566,GOF,0.014657200852200129,0.7403380977753704,0.2450047013724296
25567,LOF,0.013490263313678282,0.12972168612540685,0.856788050560915
25568,LOF,0.057275406055433256,0.06121172662230669,0.88151286732226
25569,LOF,0.06767412256347026,0.05894888980145436,0.8733769876350754
25570,LOF,0.06624524011384314,0.09780422790731623,0.8359505319788405
25571,LOF,0.059981766630858094,0.09141220970048519,0.8486060236686568
25572,LOF,0.06257269034675479,0.13150342517878175,0.8059238844744635
25573,LOF,0.028943652748261373,0.08832532212402,0.8827310251277185
25574,LOF,0.01867398105937502,0.1446100360881897,0.8367159828524352
25575,LOF,0.049766858760353416,0.10283332938945013,0.8473998118501965
25576,LOF,0.02093690521807876,0.12001602300672147,0.8590470717751998
25577,LOF,0.014786656405989418,0.14258201504112974,0.8426313285528808
25578,LOF,0.23186431625767925,0.08225803749417689,0.6858776462481438
25579,LOF,0.23408038475379817,0.0813822914221414,0.6845373238240604
25580,LOF,0.03476548408135405,0.08324804246430655,0.8819864734543394
25581,LOF,0.05724493133450988,0.06512790688043277,0.8776271617850574
25582,LOF,0.056973035740923265,0.0627630168217764,0.8802639474373004
25583,LOF,0.043923571271625945,0.09316066259771894,0.862915766130655
25584,LOF,0.4324689524750269,0.0834749006201102,0.4840561469048629
25585,LOF,0.03351346572239255,0.09882594493164272,0.8676605893459647
25586,LOF,0.037592931634009036,0.07921515621721054,0.8831919121487805
25587,LOF,0.03388029261802063,0.07810579971670406,0.8880139076652754
25588,LOF,0.033686857293533136,0.09572555005007269,0.8705875926563941
25589,Neutral,0.5759132422900913,0.10950277588582126,0.31458398182408753
25590,LOF,0.027989395797329317,0.1336142702211406,0.83839633398153
25591,LOF,0.12202871260394488,0.05107497457047157,0.8268963128255836
25592,LOF,0.09768316666657928,0.13021026775310468,0.7721065655803161
25593,LOF,0.017390507363724272,0.24242113987688174,0.7401883527593941
25594,LOF,0.038361045715136446,0.17691500674873875,0.7847239475361248
25595,LOF,0.06132212163871581,0.1225857712563558,0.8160921071049283
25596,LOF,0.06112681904632126,0.09911658881020764,0.8397565921434711
25597,LOF,0.06754690298017788,0.06576188124763457,0.8666912157721876
25598,LOF,0.05187234237188437,0.1599990945100662,0.7881285631180495
25599,GOF,0.007577755997317181,0.73220710327624,0.2602151407264429
25600,GOF,0.009868322448450813,0.5377422567461784,0.45238942080537087
25601,LOF,0.007135204177115682,0.42414336070302,0.5687214351198643
25602,LOF,0.0192350099927961,0.049372384608455666,0.9313926053987482
25603,LOF,0.03344598792945824,0.03520753658639797,0.9313464754841437
25604,LOF,0.04502587044326092,0.05766815251818518,0.897305977038554
25605,LOF,0.011225803979025352,0.24321065266132452,0.74556354335965
25606,LOF,0.0642549933929872,0.45817036761100116,0.47757463899601166
25607,LOF,0.004153591616404355,0.14413575632766382,0.8517106520559319
25608,LOF,0.06266120832654724,0.05515287230054586,0.8821859193729068
25609,LOF,0.06125571457015941,0.37866194783715046,0.5600823375926901
25610,LOF,0.05208349622580807,0.032347741756826705,0.9155687620173651
25611,LOF,0.058999337545881214,0.03114943183847525,0.9098512306156434
25612,LOF,0.13281350300405995,0.05325159446559626,0.8139349025303438
25613,LOF,0.10439015051964572,0.04380863330954514,0.8518012161708091
25614,LOF,0.04341505589786537,0.039390503628513804,0.9171944404736208
25615,LOF,0.062198537251736456,0.04018264730091878,0.8976188154473448
25616,LOF,0.04136575341964837,0.038666429906347055,0.9199678166740046
25617,LOF,0.039804897665914475,0.04813104565665811,0.9120640566774274
25618,LOF,0.25280286618210257,0.03838371459830249,0.708813419219595
25619,LOF,0.04055991162709364,0.035450511401445145,0.9239895769714612
25620,LOF,0.04073409184237257,0.04738391841891236,0.911881989738715
25621,LOF,0.03633483298426029,0.03426333137936012,0.9294018356363797
25622,LOF,0.03385697029559887,0.04747753396935028,0.9186654957350507
25623,LOF,0.06557475604746651,0.03451402060299315,0.8999112233495403
25624,LOF,0.03577122631316257,0.04822855039603983,0.9160002232907976
25625,LOF,0.0415253982851207,0.05550535208542958,0.9029692496294497
25626,LOF,0.09705747554613002,0.03422092394022969,0.8687216005136403
25627,Neutral,0.588739812596964,0.08871859605518602,0.32254159134785
25628,LOF,0.19825753863707593,0.049275564660923026,0.7524668967020011
25629,LOF,0.09407128475901319,0.11634232041092897,0.7895863948300578
25630,LOF,0.2116137572715935,0.08985535534730733,0.6985308873810991
25631,Neutral,0.5908590959490319,0.06311225958001558,0.3460286444709525
25632,LOF,0.023825777041001684,0.08364716805325803,0.8925270549057402
25633,LOF,0.2270969475564201,0.08857140430965618,0.6843316481339238
25634,LOF,0.03913381790509561,0.11086796336225291,0.8499982187326515
25635,LOF,0.03325378443980344,0.08747720997042799,0.8792690055897685
25636,GOF,0.00661571399405422,0.684296710491851,0.3090875755140947
25637,GOF,0.005133966500973017,0.5649758243438265,0.4298902091552004
25638,LOF,0.009395843226839484,0.43442709425943943,0.556177062513721
25639,LOF,0.005148440467748781,0.4696242179906703,0.5252273415415809
25640,GOF,0.3790076926466649,0.5861990076228708,0.03479329973046423
25641,LOF,0.00611694525222694,0.33791564892349174,0.6559674058242814
25642,LOF,0.25969100167010867,0.08385268846513576,0.6564563098647556
25643,LOF,0.18172451546598892,0.3107472957276116,0.5075281888063995
25644,GOF,0.02914545118515039,0.6329676560509596,0.33788689276388995
25645,GOF,0.01864834437730201,0.5957085651118542,0.3856430905108436
25646,LOF,0.02321766401565732,0.4240903345051932,0.5526920014791495
25647,LOF,0.018932672964621124,0.3027616598124965,0.6783056672228824
25648,LOF,0.015527213450252408,0.345666652001611,0.6388061345481366
25649,LOF,0.014210159850510358,0.2529797831972268,0.7328100569522629
25650,GOF,0.041611070336232896,0.6522669322691597,0.3061219973946073
25651,LOF,0.013373071355152451,0.29045456477757714,0.6961723638672704
25652,LOF,0.02242303532547511,0.3199776282719318,0.6575993364025929
25653,GOF,0.08947436684281096,0.5401917641780656,0.3703338689791234
25654,LOF,0.0156889503493162,0.3358745653598238,0.6484364842908599
25655,GOF,0.11489060185493521,0.4975397088358715,0.3875696893091933
25656,LOF,0.04912323348235089,0.09117455272161258,0.8597022137960365
25657,LOF,0.2911447701795648,0.035646766294346294,0.6732084635260889
25658,LOF,0.027649124626386617,0.16430551653016098,0.8080453588434524
25659,LOF,0.19866436217791053,0.08407529468630741,0.717260343135782
25660,LOF,0.1049564695900489,0.09540105246371156,0.7996424779462394
25661,LOF,0.08034250913688987,0.06634206473484515,0.8533154261282649
25662,LOF,0.03820115362374753,0.043345597957550906,0.9184532484187016
25663,LOF,0.04703782923778172,0.0776024559243861,0.8753597148378321
25664,LOF,0.03174692101738347,0.1370013768501471,0.8312517021324694
25665,LOF,0.05429352857303802,0.06368262836581118,0.8820238430611508
25666,LOF,0.04475186678036715,0.1845805962457212,0.7706675369739117
25667,LOF,0.03678597499788845,0.0629573778385119,0.9002566471635997
25668,LOF,0.04715569668815218,0.05819634744767505,0.8946479558641728
25669,LOF,0.05241208504344348,0.09874316965184148,0.8488447453047151
25670,LOF,0.12716743462998953,0.11407763709536592,0.7587549282746445
25671,LOF,0.045484518531220874,0.05050244669439917,0.9040130347743799
25672,LOF,0.0559505313424924,0.08535532060508876,0.8586941480524188
25673,LOF,0.04067056045263839,0.08088175232191322,0.8784476872254484
25674,LOF,0.029863572689622798,0.09511482330937325,0.8750216040010039
25675,LOF,0.038663687856760824,0.08698573180702088,0.8743505803362184
25676,LOF,0.03731692155863077,0.06820876592781025,0.894474312513559
25677,LOF,0.09108602118837072,0.05782984445870478,0.8510841343529245
25678,LOF,0.16497977699851868,0.04919010235010392,0.7858301206513775
25679,LOF,0.11393827968792929,0.0797785501975585,0.8062831701145122
25680,LOF,0.09744037010365117,0.09267826734872855,0.8098813625476203
25681,LOF,0.10975109640319053,0.08652107023687829,0.8037278333599313
25682,LOF,0.05603518260273305,0.07304601975918001,0.8709187976380869
25683,LOF,0.07793264060759238,0.11530062620862022,0.8067667331837874
25684,LOF,0.06340981567119507,0.07534970206446272,0.8612404822643424
25685,LOF,0.09938509270780826,0.059626059122952414,0.8409888481692394
25686,LOF,0.03291947127348774,0.1302558384851782,0.8368246902413341
25687,LOF,0.05577360023280091,0.10473399661293223,0.8394924031542669
25688,LOF,0.018267736299134994,0.08119398291609883,0.9005382807847662
25689,LOF,0.016136136038028923,0.04905730939264644,0.9348065545693245
25690,LOF,0.01667679747472697,0.05484601275526959,0.9284771897700035
25691,LOF,0.10709740680145742,0.08962474438204654,0.803277848816496
25692,LOF,0.17841285556893194,0.011701419739911912,0.8098857246911562
25693,LOF,0.04490549812262292,0.1433946963610072,0.8116998055163699
25694,LOF,0.2705387750276096,0.014991319589918655,0.7144699053824717
25695,LOF,0.2139530558423134,0.02275076653619389,0.7632961776214927
25696,LOF,0.15312139767745642,0.01621693440657881,0.8306616679159649
25697,LOF,0.1254962638628157,0.04072294847563497,0.8337807876615492
25698,LOF,0.02369626907487851,0.29334119427302713,0.6829625366520943
25699,LOF,0.10446875102988457,0.09976790782194621,0.7957633411481693
25700,LOF,0.03725922831037254,0.018249010702194535,0.944491760987433
25701,LOF,0.017796235897711912,0.10171975858741464,0.8804840055148735
25702,GOF,0.023037098112289513,0.7393733408211524,0.2375895610665582
25703,LOF,0.01503580374367198,0.22184035784007983,0.7631238384162482
25704,LOF,0.09271355082394934,0.19860585424429086,0.7086805949317598
25705,LOF,0.09102766733546684,0.30777737026763147,0.6011949623969016
25706,GOF,0.0215074071881419,0.6413948312933052,0.337097761518553
25707,GOF,0.023637491974837718,0.6123897551978967,0.3639727528272656
25708,GOF,0.009132467096079984,0.6002757353037443,0.3905917976001756
25709,LOF,0.027437309362609682,0.09571430685585898,0.8768483837815314
25710,LOF,0.005462699723591961,0.25664127417642973,0.7378960260999784
25711,LOF,0.031481238090871284,0.15931222396368327,0.8092065379454455
25712,LOF,0.00687202148619846,0.33553912714980494,0.6575888513639966
25713,LOF,0.025963384158636475,0.14203764954074488,0.8319989663006186
25714,LOF,0.029327270048423542,0.18077123099390752,0.7899014989576688
25715,LOF,0.03213802280389133,0.15465126407362137,0.8132107131224873
25716,LOF,0.009232380721071545,0.1831650187777212,0.8076026005012072
25717,LOF,0.006411458730805096,0.19576854241855315,0.7978199988506418
25718,LOF,0.02687391369663647,0.11992604149544098,0.8532000448079226
25719,LOF,0.03803710763040521,0.12838850233385535,0.8335743900357394
25720,LOF,0.03782665094944407,0.1280168619309562,0.8341564871195998
25721,LOF,0.032359384498027145,0.11485668287044548,0.8527839326315273
25722,LOF,0.02107162890901916,0.15461399471415402,0.8243143763768269
25723,LOF,0.03146163530560217,0.11015808361283037,0.8583802810815676
25724,LOF,0.030104463439978763,0.18404289525748996,0.7858526413025312
25725,LOF,0.030900757368905876,0.10539146003425157,0.8637077825968426
25726,LOF,0.021461488844267768,0.14041978507438752,0.8381187260813447
25727,LOF,0.027886724044434794,0.14880494046545356,0.8233083354901117
25728,LOF,0.029847587783942347,0.12561229176220615,0.8445401204538515
25729,LOF,0.02876220887622631,0.14339537163458504,0.8278424194891887
25730,LOF,0.03235537679571069,0.1054560213147608,0.8621886018895284
25731,LOF,0.01093067599455243,0.24530535026401884,0.7437639737414288
25732,LOF,0.02366584463383503,0.12893325299524538,0.8474009023709197
25733,LOF,0.03947187576447085,0.11945131808381859,0.8410768061517105
25734,LOF,0.006907936617403044,0.3212349725120639,0.671857090870533
25735,LOF,0.0289262817434038,0.10821788097927565,0.8628558372773205
25736,LOF,0.026640126749679152,0.17111181967601613,0.8022480535743048
25737,LOF,0.06287834637342854,0.16011487273537592,0.7770067808911956
25738,LOF,0.026741719454209056,0.19859748611183295,0.7746607944339581
25739,LOF,0.03428627306820749,0.15710727512624723,0.8086064518055452
25740,LOF,0.03553559619830068,0.1731206693073098,0.7913437344943896
25741,LOF,0.04134856481221127,0.15612265378301385,0.8025287814047748
25742,LOF,0.05447852617708359,0.1538767611326326,0.7916447126902839
25743,LOF,0.011729584445326105,0.023117158895246168,0.9651532566594276
25744,LOF,0.21665373987154185,0.2714310518181492,0.5119152083103089
25745,LOF,0.04762233546896771,0.06742552466274697,0.8849521398682852
25746,LOF,0.017266714164635884,0.09734183769483999,0.8853914481405242
25747,LOF,0.038163575842729815,0.025445689745499912,0.9363907344117702
25748,LOF,0.28898728143616764,0.04500149368066949,0.6660112248831629
25749,LOF,0.016609137181281864,0.05965717022390683,0.9237336925948113
25750,LOF,0.02350107878169187,0.06364143197367891,0.9128574892446293
25751,LOF,0.039992942631916883,0.043908864965018356,0.9160981924030647
25752,GOF,0.07157639749501936,0.7288714501995484,0.1995521523054324
25753,LOF,0.005841413891490519,0.4201756452647256,0.573982940843784
25754,GOF,0.007106897096288962,0.89335091079299,0.09954219211072114
25755,LOF,0.005464518603697665,0.4679974581123521,0.5265380232839502
25756,LOF,0.025218079373324383,0.4646775208648299,0.5101043997618457
25757,GOF,0.0073147003358075245,0.8837958489309362,0.10888945073325623
25758,GOF,0.008882381486231829,0.883610911285541,0.10750670722822715
25759,GOF,0.00566285976895242,0.6801463513699736,0.31419078886107393
25760,LOF,0.005401316001742164,0.36356321347093296,0.6310354705273248
25761,GOF,0.042164832045837736,0.874367106048923,0.08346806190523913
25762,LOF,0.027651430639511993,0.41668375296175564,0.5556648163987323
25763,LOF,0.005661292752470929,0.31222243154593254,0.6821162757015964
25764,GOF,0.051034443861542676,0.6733044911966646,0.2756610649417927
25765,GOF,0.00803079952455501,0.8913086070185587,0.10066059345688623
25766,GOF,0.05151962418060282,0.834511452777831,0.11396892304156608
25767,LOF,0.01953417328294013,0.4853903737303429,0.4950754529867171
25768,LOF,0.0584459323919071,0.051428728711662874,0.89012533889643
25769,LOF,0.0338615464064345,0.08789922321067262,0.8782392303828929
25770,LOF,0.1876560335592719,0.0735629262129207,0.7387810402278073
25771,LOF,0.017786709341165396,0.07497985983042234,0.9072334308284122
25772,LOF,0.03472989757143337,0.028957463375867888,0.9363126390526988
25773,LOF,0.019783834438717667,0.0779161296516583,0.902300035909624
25774,LOF,0.029762995724271723,0.11384277943546668,0.8563942248402617
25775,LOF,0.02215280532874346,0.039328303415970774,0.9385188912552856
25776,LOF,0.03406334972286876,0.022963151243125358,0.942973499034006
25777,LOF,0.27720065331948285,0.07054171484200024,0.652257631838517
25778,LOF,0.02916340974119524,0.04793853118581846,0.9228980590729864
25779,GOF,0.08583859512874295,0.8407829784017544,0.07337842646950261
25780,GOF,0.11133373797898471,0.8265104062909964,0.06215585573001897
25781,GOF,0.04168003490157181,0.8275453476892235,0.1307746174092047
25782,GOF,0.049749133228685204,0.875553044361921,0.07469782240939365
25783,GOF,0.045155378639442974,0.8969874319239938,0.05785718943656315
25784,GOF,0.13709267389233284,0.8124985747657585,0.05040875134190868
25785,GOF,0.15226154006914197,0.8056446628666221,0.04209379706423595
25786,GOF,0.014197674158952267,0.8490588811033877,0.13674344473766004
25787,GOF,0.29063660879751485,0.6623851483979587,0.046978242804526615
25788,LOF,0.01871660931228698,0.15459131633939224,0.8266920743483208
25789,GOF,0.02408373530015486,0.8180150133661209,0.15790125133372432
25790,GOF,0.03702476874447015,0.843061169363167,0.11991406189236282
25791,GOF,0.03428186905332023,0.7058091212022036,0.259909009744476
25792,GOF,0.04109592402448898,0.7562961183717384,0.2026079576037727
25793,GOF,0.05731485107943271,0.811612659029757,0.13107248989081038
25794,GOF,0.06516245775149954,0.6876882453320751,0.24714929691642534
25795,GOF,0.06613159087259861,0.6922250571378183,0.24164335198958303
25796,GOF,0.1835402189449404,0.727468753760761,0.08899102729429854
25797,GOF,0.11997542840570648,0.6877323731011548,0.19229219849313883
25798,GOF,0.0086724672152342,0.7355718181976846,0.25575571458708124
25799,GOF,0.004959872292596915,0.6282687232657949,0.3667714044416083
25800,GOF,0.03049686979167454,0.7939665460993375,0.17553658410898812
25801,GOF,0.02698467035126549,0.8804318448717778,0.09258348477695671
25802,GOF,0.0381901430345326,0.7546728585193996,0.2071369984460678
25803,GOF,0.02804425204128143,0.6787784719193019,0.2931772760394167
25804,GOF,0.04460042192386078,0.7354682590867754,0.21993131898936388
25805,GOF,0.04356469333720025,0.7570156356101752,0.19941967105262456
25806,GOF,0.05643149983783225,0.7679844551601717,0.17558404500199598
25807,GOF,0.017836999128327757,0.7208790027708553,0.2612839981008169
25808,GOF,0.034529370061976476,0.7428586509895709,0.22261197894845253
25809,GOF,0.01694904083786228,0.6836896474097537,0.2993613117523841
25810,GOF,0.014731151648266282,0.664367092575802,0.32090175577593166
25811,GOF,0.07482090766874587,0.8393380859635454,0.08584100636770874
25812,GOF,0.0348738412403706,0.7342133878816882,0.23091277087794115
25813,GOF,0.20764680899543964,0.7079794185099717,0.0843737724945886
25814,GOF,0.038299330211143096,0.7492298885387123,0.21247078125014457
25815,GOF,0.07005756512021495,0.800982101736942,0.12896033314284314
25816,GOF,0.011181931458652098,0.8386872396132108,0.15013082892813698
25817,GOF,0.14213773707631536,0.7513446214105747,0.10651764151310991
25818,GOF,0.038976850313899705,0.732139413968872,0.22888373571722828
25819,GOF,0.06751677428321917,0.710789346175136,0.22169387954164488
25820,GOF,0.06724550087202685,0.6623928384398383,0.27036166068813483
25821,GOF,0.0435236947677253,0.7145026240074226,0.24197368122485222
25822,GOF,0.08290095934730518,0.6854708760003613,0.23162816465233355
25823,GOF,0.03878619356797712,0.6293812019556793,0.33183260447634366
25824,GOF,0.04493573120500145,0.6870523507944699,0.2680119180005285
25825,GOF,0.03518761502531029,0.6747596136950652,0.2900527712796245
25826,GOF,0.016364128145681233,0.6312755735632288,0.3523602982910898
25827,GOF,0.018531043051957494,0.6253981909926588,0.3560707659553837
25828,GOF,0.014691760026938642,0.6547579523049359,0.33055028766812544
25829,GOF,0.005095728932521751,0.602664566751415,0.3922397043160631
25830,GOF,0.04485573193124412,0.4975363758592009,0.45760789220955483
25831,GOF,0.06929167636053417,0.7765787804894253,0.15412954315004065
25832,GOF,0.013095037046801058,0.6666375604644021,0.3202674024887967
25833,GOF,0.04857614577970771,0.7524214069067957,0.19900244731349645
25834,GOF,0.013523703838703932,0.6846245590217437,0.30185173713955243
25835,GOF,0.029786086084109185,0.7734183092631788,0.19679560465271198
25836,GOF,0.008793441780590133,0.6820452390098579,0.309161319209552
25837,GOF,0.012412707827569376,0.6721475917436549,0.3154397004287758
25838,GOF,0.030380402209820547,0.7751624280048395,0.19445716978534006
25839,GOF,0.09544007073008784,0.7261650437726259,0.17839488549728616
25840,GOF,0.1203331969365044,0.7062808706972891,0.1733859323662064
25841,GOF,0.11289830538717872,0.7535538939045834,0.13354780070823788
25842,GOF,0.04302407515108306,0.829856644851836,0.12711927999708095
25843,GOF,0.041796664900801625,0.8375405033428683,0.12066283175632989
25844,GOF,0.02895348063111222,0.7645249822508893,0.20652153711799842
25845,GOF,0.008105253581855692,0.6468387292198012,0.3450560171983431
25846,GOF,0.084848764678849,0.7993617643536103,0.11578947096754064
25847,GOF,0.01941476950711682,0.8280749035521319,0.15251032694075126
25848,GOF,0.032928061770972364,0.7797379045104954,0.18733403371853208
25849,GOF,0.009398549141347657,0.7369514667446878,0.25364998411396467
25850,GOF,0.008675612758512852,0.6575374170821052,0.33378697015938186
25851,GOF,0.007868217408694762,0.5986994651985488,0.39343231739275647
25852,GOF,0.16455791566997494,0.5290596892540915,0.30638239507593346
25853,GOF,0.08425603519030996,0.765871888846018,0.14987207596367202
25854,GOF,0.007762363347712041,0.6500451485673273,0.34219248808496067
25855,GOF,0.027468260538337622,0.6188405763872128,0.3536911630744496
25856,GOF,0.05660035177552469,0.7005252347401113,0.24287441348436406
25857,GOF,0.027366601553148004,0.6167552193744407,0.35587817907241126
25858,GOF,0.012234771944009109,0.5774256499009488,0.410339578155042
25859,GOF,0.008626812937880032,0.544815953150532,0.446557233911588
25860,GOF,0.09783515399652207,0.7091087110429998,0.1930561349604782
25861,GOF,0.12830193738120882,0.7415986086511938,0.1300994539675973
25862,GOF,0.02930018870944583,0.85228578693815,0.11841402435240413
25863,GOF,0.026598449968426627,0.8361778105942425,0.1372237394373309
25864,GOF,0.07121740285597866,0.8341290911212011,0.09465350602282004
25865,GOF,0.06288954931905182,0.7952528596983948,0.14185759098255332
25866,GOF,0.03178849119347549,0.8021506678063007,0.16606084100022367
25867,GOF,0.05580577068848442,0.8080911962235621,0.13610303308795357
25868,GOF,0.08907477615829636,0.7385151922634663,0.17241003157823726
25869,GOF,0.433323693733512,0.446419378648313,0.12025692761817502
25870,GOF,0.08024264239981517,0.49899005139847047,0.42076730620171443
25871,GOF,0.012389060487151543,0.7702847782142853,0.217326161298563
25872,GOF,0.028408250459498314,0.7639132577103104,0.2076784918301913
25873,GOF,0.025604323505932627,0.8428994357955278,0.13149624069853943
25874,LOF,0.0188880505798726,0.1793144317761661,0.8017975176439613
25875,LOF,0.02274379972621621,0.10239220812972105,0.8748639921440627
25876,LOF,0.018956162162412082,0.0706634108997579,0.91038042693783
25877,LOF,0.08769713726786262,0.21019980303669664,0.7021030596954408
25878,LOF,0.0642173863186743,0.2531314725405801,0.6826511411407455
25879,LOF,0.011457898608855913,0.19081763125930215,0.7977244701318419
25880,LOF,0.07053674626877629,0.021054310086497555,0.9084089436447261
25881,Neutral,0.5401203166590025,0.09784270655799678,0.36203697678300073
25882,LOF,0.0710500934412095,0.024575558535851156,0.9043743480229393
25883,LOF,0.0314329790194123,0.027142491772717055,0.9414245292078707
25884,LOF,0.021722804937322062,0.037795758128411086,0.9404814369342669
25885,LOF,0.19904443638011415,0.012098393214420727,0.7888571704054652
25886,LOF,0.2612767075001534,0.051231750766296005,0.6874915417335506
25887,LOF,0.08669789803392842,0.11961413736751843,0.7936879645985532
25888,LOF,0.008863906188061644,0.15844450380147307,0.8326915900104652
25889,LOF,0.028834846317715386,0.033891806199176165,0.9372733474831084
25890,LOF,0.19039350296070898,0.06819350374641386,0.741412993292877
25891,LOF,0.10614064608532868,0.02962308742898255,0.8642362664856889
25892,LOF,0.009063070733322087,0.028230529933900395,0.9627063993327776
25893,LOF,0.3214712112144656,0.009695973166455839,0.6688328156190785
25894,LOF,0.33328509334372364,0.007574204078547103,0.6591407025777292
25895,LOF,0.27788060992437336,0.013316159699152338,0.7088032303764743
25896,LOF,0.08943328582631264,0.028653590402181184,0.8819131237715062
25897,LOF,0.1296883085445407,0.011840319598552446,0.8584713718569069
25898,LOF,0.1315022412127881,0.02766179482486783,0.8408359639623441
25899,LOF,0.4278684644745643,0.031559799230390845,0.5405717362950448
25900,Neutral,0.6465562603115368,0.010488995993206289,0.3429547436952568
25901,LOF,0.10883551006264185,0.013337701820363104,0.8778267881169951
25902,LOF,0.10715314638918216,0.014248856005687194,0.8785979976051306
25903,LOF,0.18951440294883776,0.02422481513586555,0.7862607819152967
25904,Neutral,0.5567622472205495,0.04054206771259852,0.402695685066852
25905,LOF,0.007354016152008229,0.4073753280521034,0.5852706557958883
25906,LOF,0.009335860662994829,0.07011735697050853,0.9205467823664966
25907,LOF,0.008782087382904667,0.22805072104959323,0.7631671915675021
25908,LOF,0.008598726214432119,0.2249148652934322,0.7664864084921357
25909,LOF,0.031206417369774767,0.09150749872676622,0.8772860839034591
25910,LOF,0.012794289132880641,0.16333452204654175,0.8238711888205776
25911,LOF,0.1808639903184247,0.02540903092625828,0.793726978755317
25912,LOF,0.10438384736600036,0.020605120899679346,0.8750110317343204
25913,LOF,0.019698216941724796,0.032057765706044516,0.9482440173522307
25914,LOF,0.04093238857346596,0.029296031827934464,0.9297715795985996
25915,LOF,0.14771732067329157,0.17687843089291896,0.6754042484337894
25916,LOF,0.013411990064687582,0.09691172049284862,0.8896762894424638
25917,LOF,0.08482075532030009,0.028914396889472924,0.886264847790227
25918,LOF,0.042149923741647714,0.0166321679918101,0.9412179082665422
25919,LOF,0.035487535331945666,0.018259759080683294,0.9462527055873711
25920,LOF,0.33147365523890965,0.18494183037075124,0.48358451439033917
25921,LOF,0.02035759568162524,0.017768905957021994,0.9618734983613528
25922,LOF,0.017564720534217874,0.019317200159253763,0.9631180793065283
25923,LOF,0.45712027610839306,0.012917286686380824,0.5299624372052261
25924,LOF,0.025914419005166493,0.01677040724655694,0.9573151737482767
25925,LOF,0.10841506004902686,0.027874033806149636,0.8637109061448236
25926,LOF,0.0920676163259931,0.02094238401272712,0.8869899996612799
25927,LOF,0.02650083022415841,0.03790518819592956,0.9355939815799119
25928,LOF,0.014174545383370287,0.022794305186823308,0.9630311494298065
25929,Neutral,0.5964613442303406,0.012731835527615929,0.3908068202420435
25930,LOF,0.0988936850200503,0.012601957316317872,0.8885043576636318
25931,LOF,0.017236230933388188,0.015871008765232463,0.9668927603013794
25932,LOF,0.08948350674997829,0.01465985317161829,0.8958566400784034
25933,LOF,0.09700199712361955,0.007968687222298314,0.8950293156540821
25934,LOF,0.09738633803443807,0.007167947437467172,0.8954457145280947
25935,LOF,0.1090396760272253,0.021759871582421982,0.8692004523903527
25936,LOF,0.11697959712341942,0.008208942524681857,0.8748114603518987
25937,LOF,0.023968953514717565,0.013906368847066267,0.9621246776382162
25938,LOF,0.1129386686625181,0.018300134800764926,0.8687611965367169
25939,LOF,0.0730865917003263,0.011876304393123338,0.9150371039065504
25940,GOF,0.012649564725065727,0.5093086998881586,0.4780417353867757
25941,Neutral,0.4917943027360252,0.04593651957975586,0.4622691776842188
25942,LOF,0.011504701213970368,0.04800285670704695,0.9404924420789827
25943,LOF,0.05110980846091413,0.1825232245843632,0.7663669669547226
25944,LOF,0.055905546798654865,0.10587907037754232,0.8382153828238028
25945,LOF,0.16861396557409358,0.02973290353295565,0.8016531308929508
25946,LOF,0.07770865732851324,0.0380509048671919,0.884240437804295
25947,Neutral,0.5039732870385613,0.1480429824181026,0.3479837305433361
25948,LOF,0.367547602179941,0.013352184371039586,0.6191002134490194
25949,LOF,0.1335670452431181,0.07178719853391421,0.7946457562229676
25950,GOF,0.1233757673072023,0.5600150361733164,0.31660919651948133
25951,LOF,0.011895692707630601,0.4621843207706715,0.5259199865216979
25952,LOF,0.19486454231218495,0.22922985363620646,0.5759056040516086
25953,LOF,0.008347581411369194,0.2848502228407048,0.706802195747926
25954,LOF,0.0958744718869534,0.4227256092103347,0.4813999189027119
25955,LOF,0.009585604604986125,0.2525411240379476,0.7378732713570663
25956,LOF,0.011875959434160371,0.3535145707842558,0.6346094697815838
25957,LOF,0.1710228424082533,0.04663401080771275,0.7823431467840339
25958,LOF,0.031047895060476935,0.06136166377894279,0.9075904411605802
25959,GOF,0.006253538668439013,0.7411215212061776,0.25262494012538333
25960,LOF,0.004989437304040608,0.13880534801530045,0.8562052146806589
25961,LOF,0.02746353927260149,0.04737780424213385,0.9251586564852647
25962,LOF,0.03586439653862212,0.08940433780218497,0.874731265659193
25963,LOF,0.009948810987139142,0.12847971239293873,0.8615714766199222
25964,LOF,0.04259245181766616,0.13017970652551272,0.8272278416568211
25965,LOF,0.19534519378304227,0.16271073923612664,0.6419440669808312
25966,LOF,0.31701731442243697,0.1035432139411378,0.5794394716364253
25967,LOF,0.006759395209405123,0.08955732418994358,0.9036832806006513
25968,LOF,0.04924749932158192,0.30161846066084697,0.6491340400175711
25969,LOF,0.13744830891439433,0.06825744586769794,0.7942942452179077
25970,LOF,0.06367363729968573,0.06016750275340282,0.8761588599469115
25971,LOF,0.07104774705274028,0.033967336968580925,0.8949849159786789
25972,LOF,0.07956923917545615,0.053683877621899884,0.8667468832026439
25973,LOF,0.05734466808217545,0.009875636173454376,0.9327796957443703
25974,LOF,0.059559092209623195,0.04440117800834742,0.8960397297820295
25975,LOF,0.03828052895703859,0.016200677364689213,0.9455187936782721
25976,LOF,0.08722303449256177,0.011247627844167211,0.901529337663271
25977,LOF,0.24589480544493023,0.05235439799210117,0.7017507965629686
25978,LOF,0.15489490514591797,0.15314000058364022,0.6919650942704418
25979,LOF,0.11697835110026861,0.15700830123820833,0.726013347661523
25980,LOF,0.20126248802445046,0.24437911746767219,0.5543583945078774
25981,LOF,0.2026087211278398,0.24898903268007447,0.5484022461920858
25982,LOF,0.36092086973190984,0.11780174570165465,0.5212773845664355
25983,LOF,0.4376559237446015,0.11941227916979424,0.44293179708560426
25984,LOF,0.06722823738669693,0.08721756520612228,0.8455541974071809
25985,Neutral,0.4706030017954387,0.11565133206369177,0.4137456661408697
25986,LOF,0.014928819791216364,0.4332083300500933,0.5518628501586903
25987,LOF,0.04502623594365515,0.09825857270807047,0.8567151913482743
25988,LOF,0.07007873882299819,0.15908011590186857,0.7708411452751333
25989,LOF,0.07930260271052846,0.22446026550304662,0.6962371317864249
25990,LOF,0.05830514614045036,0.36232610703630236,0.5793687468232473
25991,GOF,0.026069143020896107,0.5390454632458704,0.4348853937332334
25992,LOF,0.012869255380753793,0.45173250995022207,0.5353982346690243
25993,LOF,0.018461855972783044,0.06702784161022174,0.9145103024169953
25994,LOF,0.029594224523767268,0.06655641282099606,0.9038493626552367
25995,LOF,0.017816455108847842,0.1311109331772992,0.851072611713853
25996,GOF,0.32030435711422117,0.4243081179578658,0.25538752492791295
25997,GOF,0.056312511328963734,0.5029794760317159,0.4407080126393203
25998,LOF,0.2544525105384645,0.03976356096863114,0.7057839284929044
25999,LOF,0.02409643167929789,0.3446561298821716,0.6312474384385305
26000,LOF,0.1349667722842399,0.014189287426808424,0.8508439402889517
26001,LOF,0.16277811384302673,0.023559294749008523,0.8136625914079648
26002,LOF,0.08844003059041083,0.023137325220199904,0.8884226441893892
26003,GOF,0.00690460396651974,0.5957026502781382,0.3973927457553421
26004,GOF,0.017043193250007114,0.5834986281889564,0.3994581785610365
26005,LOF,0.005738966186608069,0.4416494980614474,0.5526115357519445
26006,GOF,0.1224591130862029,0.441481478582949,0.43605940833084805
26007,LOF,0.010810076162585055,0.4740077048712527,0.5151822189661621
26008,GOF,0.0072483838709160335,0.5564443640022069,0.43630725212687704
26009,GOF,0.01112686836983073,0.59887317627168,0.38999995535848925
26010,GOF,0.010254686587256557,0.5325665098023792,0.4571788036103644
26011,LOF,0.005173750811177071,0.4073377187187082,0.5874885304701147
26012,GOF,0.00563332057838708,0.49873225699047996,0.495634422431133
26013,GOF,0.011846212984410383,0.5358718374131632,0.45228194960242646
26014,LOF,0.039362499316098365,0.07780199347443102,0.8828355072094707
26015,LOF,0.38640053149389786,0.024657304616195728,0.5889421638899064
26016,LOF,0.27340467827463794,0.029481083090123834,0.6971142386352382
26017,LOF,0.01740372851557097,0.1298722518894375,0.8527240195949914
26018,LOF,0.03207476349678261,0.05639029145060322,0.9115349450526142
26019,LOF,0.031647489524487496,0.05048864560981254,0.9178638648656999
26020,LOF,0.006548324919767049,0.12656203779710382,0.8668896372831292
26021,LOF,0.07294784736417013,0.0577730813521611,0.8692790712836689
26022,LOF,0.037154225223199604,0.02466014430168532,0.938185630475115
26023,LOF,0.024636561531937197,0.03632285774171825,0.9390405807263444
26024,LOF,0.047559945546841044,0.04680026194796214,0.9056397925051969
26025,LOF,0.11618474560541041,0.04182751279743477,0.8419877415971548
26026,LOF,0.11846439287324859,0.02989792429053072,0.8516376828362208
26027,LOF,0.03314306290278046,0.02262042287830942,0.9442365142189102
26028,LOF,0.06063007111492314,0.17187065126643097,0.7674992776186459
26029,LOF,0.02708629687061156,0.1874192669170306,0.7854944362123578
26030,LOF,0.10227656647214677,0.024523282470635937,0.8732001510572174
26031,LOF,0.012588903557220985,0.17750152878779846,0.8099095676549806
26032,LOF,0.035901670037683436,0.05274482664863421,0.9113535033136824
26033,LOF,0.03675192908775123,0.048599795641764955,0.9146482752704839
26034,LOF,0.018072477886334336,0.1164778294696156,0.86544969264405
26035,LOF,0.011699591345079238,0.1230366531381574,0.8652637555167633
26036,LOF,0.011154656405726134,0.09808407952969417,0.8907612640645797
26037,LOF,0.010880859333064511,0.11213766357753532,0.8769814770894001
26038,LOF,0.03063989648608883,0.046925199487693726,0.9224349040262174
26039,LOF,0.029894754721963634,0.1451924307213751,0.8249128145566613
26040,LOF,0.0851467039589949,0.13410476636695337,0.7807485296740516
26041,LOF,0.012620329531972757,0.10195387936103859,0.8854257911069886
26042,LOF,0.012001480960835654,0.10874022056871342,0.879258298470451
26043,LOF,0.03089241287472493,0.07208178352644307,0.8970258035988321
26044,LOF,0.006701693248945121,0.05371863181547508,0.9395796749355797
26045,LOF,0.0861529736117549,0.20620035901136563,0.7076466673768794
26046,LOF,0.02773748436500115,0.04518659214061782,0.9270759234943811
26047,LOF,0.06409618481281497,0.047019502152105076,0.88888431303508
26048,LOF,0.08989017841518092,0.020907109360849035,0.8892027122239701
26049,Neutral,0.9454226143384789,0.006851927728411,0.04772545793311019
26050,Neutral,0.9131290666657953,0.007577528918963039,0.07929340441524163
26051,LOF,0.029296146346325293,0.287866667630396,0.6828371860232788
26052,LOF,0.028928934730998508,0.22630644082864754,0.744764624440354
26053,LOF,0.016206383536077108,0.20293078534830797,0.780862831115615
26054,LOF,0.05564259506810343,0.045338157982383435,0.8990192469495132
26055,LOF,0.08088489401173547,0.04461917686446737,0.8744959291237973
26056,LOF,0.06540474881550093,0.05706817787251334,0.8775270733119858
26057,LOF,0.05917170991749104,0.028615577171020857,0.9122127129114881
26058,LOF,0.06541411500346765,0.02358053218222303,0.9110053528143094
26059,LOF,0.20309810329910527,0.06529707310752098,0.7316048235933738
26060,LOF,0.015764625202507838,0.22105657914264693,0.7631787956548453
26061,LOF,0.01041533210672066,0.017606662720031606,0.9719780051732478
26062,LOF,0.0056290638166782495,0.02705574575978645,0.9673151904235354
26063,LOF,0.04707356941701809,0.01848032957972056,0.9344461010032614
26064,LOF,0.01435826785077228,0.024943162457140938,0.9606985696920868
26065,LOF,0.061249342608071786,0.025431758784973862,0.9133188986069544
26066,LOF,0.04917595712235821,0.02092272736622657,0.9299013155114152
26067,LOF,0.05816366243617858,0.01653208316710056,0.9253042543967209
26068,LOF,0.05396485213149176,0.038963935657004,0.9070712122115043
26069,LOF,0.16994298065811744,0.03998910672144033,0.7900679126204422
26070,LOF,0.37313233326982004,0.025132595428638462,0.6017350713015415
26071,LOF,0.048954429330784366,0.01998969955191098,0.9310558711173046
26072,LOF,0.006615418024441821,0.03190789222110466,0.9614766897544536
26073,LOF,0.04254603727772253,0.02363495176415746,0.9338190109581201
26074,Neutral,0.6681582897927612,0.015140123088370318,0.3167015871188684
26075,LOF,0.045487941543243066,0.031714488550954885,0.9227975699058022
26076,LOF,0.04487748222303098,0.018278315857322886,0.9368442019196461
26077,LOF,0.15766814734205223,0.014499015742947242,0.8278328369150005
26078,LOF,0.006723326112653265,0.030488621616435264,0.9627880522709114
26079,LOF,0.06188808573265282,0.030591463874514127,0.9075204503928329
26080,LOF,0.06096736437204619,0.030962569095703194,0.9080700665322505
26081,LOF,0.04095294658426275,0.016344783409930376,0.9427022700058068
26082,LOF,0.006653523182381757,0.02959139743312256,0.9637550793844958
26083,LOF,0.110615937706828,0.03292886036937888,0.8564552019237932
26084,LOF,0.12302333568105732,0.02587873807023415,0.8510979262487086
26085,LOF,0.11583483161127014,0.021368739303044528,0.8627964290856854
26086,LOF,0.0437439212198869,0.021746978641097828,0.9345091001390152
26087,LOF,0.04276969266271484,0.021389981380312166,0.9358403259569731
26088,LOF,0.006792785547421252,0.05336184818674255,0.9398453662658361
26089,LOF,0.042316063911947546,0.05054679956717521,0.9071371365208772
26090,LOF,0.042961310781324875,0.039399321493729385,0.9176393677249458
26091,LOF,0.0322295694908298,0.016139757350245098,0.9516306731589251
26092,LOF,0.044172068630461754,0.0161366912885877,0.9396912400809506
26093,LOF,0.06448360784100181,0.011014821628303152,0.9245015705306949
26094,LOF,0.03634926266700624,0.013519863927761541,0.9501308734052323
26095,LOF,0.011320750992351736,0.03655957651826236,0.9521196724893859
26096,LOF,0.22480263981555962,0.007692653482354815,0.7675047067020856
26097,LOF,0.006456810096688723,0.05965501978016057,0.9338881701231506
26098,LOF,0.05302811855250978,0.0282027082546558,0.9187691731928345
26099,LOF,0.045034570083437496,0.03414325486408623,0.9208221750524763
26100,LOF,0.045034431442943175,0.03414622828775476,0.9208193402693021
26101,LOF,0.04451282923278216,0.05142895699729056,0.9040582137699273
26102,LOF,0.03738959443151272,0.027877700059075944,0.9347327055094113
26103,Neutral,0.896377826698366,0.0380705912215087,0.06555158208012528
26104,LOF,0.05893303208505486,0.05409000757767434,0.8869769603372708
26105,LOF,0.2196809121387404,0.1226738537220028,0.6576452341392568
26106,LOF,0.2715473130141196,0.046910564565416826,0.6815421224204635
26107,LOF,0.016278066448983875,0.06062742112487116,0.9230945124261448
26108,LOF,0.16339547299464047,0.05631216741432391,0.7802923595910356
26109,LOF,0.05419263257298582,0.050104109846365645,0.8957032575806486
26110,LOF,0.40781186986434254,0.01192845486727244,0.5802596752683851
26111,LOF,0.06195015661801814,0.06483877840532726,0.8732110649766546
26112,LOF,0.06072595083722047,0.010735286165037241,0.9285387629977423
26113,LOF,0.10482476216858183,0.030213821736447818,0.8649614160949703
26114,LOF,0.09416272236512788,0.008362852101204299,0.8974744255336679
26115,LOF,0.018928522683381126,0.06130572734270456,0.9197657499739144
26116,LOF,0.08054203392475227,0.024201717721228307,0.8952562483540195
26117,LOF,0.37512373948023386,0.03587103742953864,0.5890052230902275
26118,LOF,0.03970266207268522,0.01702586025956261,0.9432714776677522
26119,LOF,0.006438071586089971,0.07478236747733519,0.9187795609365749
26120,LOF,0.03367732640637997,0.015532732272808776,0.9507899413208112
26121,LOF,0.0046351352661391215,0.11496517180021935,0.8803996929336414
26122,LOF,0.0053503299963312155,0.09174688094605615,0.9029027890576127
