feature0,prediction,LoGoFunc_Neutral,LoGoFunc_GOF,LoGoFunc_LOF
25546,Neutral,0.63867988780707,0.05771773626477314,0.30360237592815686
25547,Neutral,0.4652879281958644,0.10756490018640356,0.42714717161773214
25548,Neutral,0.4654150158394546,0.08413956416123619,0.4504454199993093
25549,LOF,0.4072499581108889,0.08618701555785271,0.5065630263312584
25550,LOF,0.3284552866104304,0.13941499511299457,0.5321297182765751
25551,LOF,0.27128147642215056,0.1637974310970542,0.5649210924807953
25552,LOF,0.19132038175989152,0.15192849001270595,0.6567511282274026
25553,Neutral,0.7836847694783224,0.04910320894066164,0.16721202158101603
25554,LOF,0.22594781864772623,0.1478551916843029,0.6261969896679709
25555,LOF,0.18664952767839527,0.12889531846627889,0.6844551538553257
25556,LOF,0.3743572133225003,0.1205269728400303,0.5051158138374694
25557,LOF,0.1810865404320639,0.1386120899985796,0.6803013695693564
25558,LOF,0.22831471930191988,0.1443425667184656,0.6273427139796146
25559,LOF,0.1846358986446579,0.12398609583973744,0.6913780055156046
25560,LOF,0.07496776077310072,0.15128030046876978,0.7737519387581295
25561,LOF,0.14505667525509366,0.14563060758810337,0.709312717156803
25562,LOF,0.06789241734342825,0.09282974122564146,0.8392778414309303
25563,LOF,0.09720469275445486,0.10846368740196057,0.7943316198435847
25564,LOF,0.22963400483903865,0.20038504122599876,0.5699809539349626
25565,LOF,0.15759840798892713,0.1266451168578727,0.7157564751532001
25566,GOF,0.021209559179324728,0.7740604783726164,0.20472996244805886
25567,LOF,0.02028380303590507,0.17334392696029002,0.8063722700038048
25568,LOF,0.06403858851174091,0.08087207990672897,0.8550893315815301
25569,LOF,0.059839321432910396,0.0841698254404792,0.8559908531266103
25570,LOF,0.030506318498460347,0.11573935717977701,0.8537543243217627
25571,LOF,0.030128278464117413,0.1116136427449479,0.8582580787909349
25572,LOF,0.03294394357094962,0.14739630046856694,0.8196597559604835
25573,LOF,0.026167926713428616,0.11436919248985863,0.8594628807967127
25574,LOF,0.017934088082564633,0.16639452719826206,0.8156713847191733
25575,LOF,0.02531101864390318,0.12649261965309055,0.8481963617030062
25576,LOF,0.011917206768054816,0.1729185581040343,0.8151642351279108
25577,LOF,0.010770423096851783,0.14215333379527684,0.8470762431078714
25578,LOF,0.2970809556594627,0.09517384761366426,0.607745196726873
25579,LOF,0.12704243428174944,0.10260574458137138,0.7703518211368792
25580,LOF,0.018768194872963193,0.089928401153037,0.8913034039739999
25581,LOF,0.046933882188504916,0.08322505497349311,0.869841062838002
25582,LOF,0.0466519021796618,0.08102680655952184,0.8723212912608163
25583,LOF,0.020894044998619455,0.10459243643249264,0.8745135185688879
25584,Neutral,0.5338004818330802,0.10908788340447177,0.35711163476244806
25585,LOF,0.012392028116772598,0.15890209501676425,0.8287058768664632
25586,LOF,0.018125365237740068,0.08452633970056762,0.8973482950616923
25587,LOF,0.0173395609188427,0.07767552103647896,0.9049849180446784
25588,LOF,0.017571444523224584,0.09459664264462386,0.8878319128321517
25589,Neutral,0.6368255028806802,0.14046663465492135,0.22270786246439858
25590,LOF,0.019288195734793123,0.146900694093828,0.8338111101713789
25591,LOF,0.08487618904787321,0.06795146634469885,0.8471723446074281
25592,LOF,0.049175568748695934,0.1455283585387379,0.8052960727125662
25593,LOF,0.023895409105357448,0.24576531694183856,0.730339273952804
25594,LOF,0.03710903852078383,0.10673512021586037,0.8561558412633558
25595,LOF,0.04034898779383951,0.07998275702608836,0.8796682551800722
25596,LOF,0.05082027322608027,0.06822714402978641,0.8809525827441334
25597,LOF,0.03663435592566103,0.07176112251187164,0.8916045215624673
25598,LOF,0.03539618146332657,0.09085811365573263,0.8737457048809408
25599,GOF,0.00852761995610933,0.6088448282091355,0.3826275518347551
25600,GOF,0.029741927106605465,0.6615854927883047,0.30867258010508974
25601,LOF,0.011553559331090408,0.47061546290710593,0.5178309777618038
25602,LOF,0.014648265103383245,0.05241046633533789,0.9329412685612789
25603,LOF,0.047381162810965674,0.019528537565561156,0.9330902996234731
25604,LOF,0.017867995495977864,0.06983267895830254,0.9122993255457195
25605,LOF,0.007962096342099783,0.21551579055930614,0.7765221130985941
25606,LOF,0.08659589422992915,0.3494416486301604,0.5639624571399103
25607,LOF,0.005084414225145751,0.23954897423127522,0.755366611543579
25608,LOF,0.012651289739198152,0.10347005818192222,0.8838786520788796
25609,LOF,0.07968085438200605,0.36446351153700496,0.555855634080989
25610,LOF,0.0202414599598395,0.02764082291757096,0.9521177171225896
25611,LOF,0.01889499846113613,0.02905883192564297,0.9520461696132209
25612,LOF,0.05908299424180901,0.03824350826622123,0.9026734974919697
25613,LOF,0.0546920658256577,0.03936255714814911,0.9059453770261933
25614,LOF,0.02663514061510041,0.030983713534531217,0.9423811458503685
25615,LOF,0.01782154541589436,0.03865776013540822,0.9435206944486975
25616,LOF,0.05320004923472276,0.031669721399116786,0.9151302293661604
25617,LOF,0.0509489784625181,0.03501334386939213,0.9140376776680897
25618,LOF,0.061899194884844196,0.037932470668011774,0.9001683344471441
25619,LOF,0.018477756267130645,0.03429582983433623,0.947226413898533
25620,LOF,0.07068494980211977,0.04073847170583768,0.8885765784920426
25621,LOF,0.019133271059179002,0.0406888826015416,0.9401778463392795
25622,LOF,0.023458736022258616,0.04299683064699202,0.9335444333307494
25623,LOF,0.037486942954440564,0.03811151182532964,0.9244015452202297
25624,LOF,0.022664592301239364,0.04003054729752329,0.9373048604012373
25625,LOF,0.02347394768538682,0.05745433974181465,0.9190717125727985
25626,LOF,0.05309351453895884,0.03963180849830706,0.9072746769627341
25627,Neutral,0.5947899040870751,0.10066407158679927,0.3045460243261256
25628,LOF,0.189131961565687,0.05164239326915944,0.7592256451651536
25629,LOF,0.04108867967386414,0.0613564900466649,0.897554830279471
25630,LOF,0.1307905419290092,0.08625507065149225,0.7829543874194985
25631,Neutral,0.6205488858637013,0.062348357214113616,0.31710275692218515
25632,LOF,0.007851717801249762,0.07347007045465784,0.9186782117440924
25633,LOF,0.20511164574639223,0.03878994928925719,0.7560984049643505
25634,LOF,0.029400203530459183,0.08974097678537718,0.8808588196841636
25635,LOF,0.03532279527203939,0.04593961960502153,0.9187375851229391
25636,GOF,0.004981760171436499,0.576447576341266,0.41857066348729743
25637,GOF,0.007354389818802225,0.6019732206870477,0.3906723894941501
25638,LOF,0.010714709568595856,0.28310215527624566,0.7061831351551586
25639,LOF,0.004904760215004607,0.4490582766852894,0.5460369630997061
25640,GOF,0.44828004453323017,0.45726043263141997,0.09445952283534992
25641,LOF,0.013796377601332595,0.3056171404161279,0.6805864819825395
25642,LOF,0.23458045003117445,0.05438598830270958,0.711033561666116
25643,LOF,0.12577387491229286,0.14701606345449061,0.7272100616332166
25644,LOF,0.008386392974864756,0.4376309883570542,0.553982618668081
25645,LOF,0.007549517111955334,0.4060125301433248,0.5864379527447199
25646,LOF,0.012327194068408742,0.30159512198441807,0.6860776839471732
25647,LOF,0.009456449214971147,0.25052623197413304,0.7400173188108958
25648,LOF,0.008766439653669862,0.25199805955333465,0.7392355007929955
25649,LOF,0.00723069676325424,0.20107862833068718,0.7916906749060587
25650,LOF,0.01437064755732074,0.3845254169218976,0.6011039355207816
25651,LOF,0.0054334273440289115,0.25337081393191435,0.7411957587240567
25652,LOF,0.008813293768951588,0.2491227655993634,0.742063940631685
25653,LOF,0.024548421144730277,0.3694431722731303,0.6060084065821394
25654,LOF,0.009712087388443091,0.15568730278796317,0.8346006098235937
25655,LOF,0.047497529122873736,0.38455441213414954,0.5679480587429767
25656,LOF,0.18594270166812385,0.04976384345579988,0.7642934548760761
25657,LOF,0.2683162336023618,0.0287589550891013,0.7029248113085369
25658,LOF,0.07805738467074978,0.08385756248512669,0.8380850528441236
25659,LOF,0.41198209344436537,0.06596645274116653,0.5220514538144682
25660,LOF,0.028530479402536696,0.10247893151792345,0.8689905890795399
25661,LOF,0.09114787011736451,0.06686215459684708,0.8419899752857885
25662,LOF,0.029884277493801934,0.046453066068060385,0.9236626564381376
25663,LOF,0.03894449256424747,0.06419668826613634,0.8968588191696162
25664,LOF,0.04501451423677563,0.08626176683633999,0.8687237189268845
25665,LOF,0.052016740226971774,0.034430017177215264,0.9135532425958129
25666,LOF,0.034612677141305184,0.10961542155682995,0.8557719013018648
25667,LOF,0.0625968581719355,0.05003270941802872,0.8873704324100358
25668,LOF,0.03466812420275091,0.052938628120158766,0.9123932476770903
25669,LOF,0.031027509596414236,0.07539808575570858,0.8935744046478773
25670,LOF,0.06135957539733364,0.06629508396666375,0.8723453406360027
25671,LOF,0.09020587843957878,0.04389645739135172,0.8658976641690694
25672,LOF,0.05510928090133778,0.04425381049197561,0.9006369086066867
25673,LOF,0.023671068746791788,0.062368737535812964,0.9139601937173952
25674,LOF,0.02094465145493982,0.07347617172093805,0.905579176824122
25675,LOF,0.03406160742578866,0.07060925994937703,0.8953291326248343
25676,LOF,0.018790717141540868,0.0604305798539439,0.9207787030045153
25677,LOF,0.027574205857683665,0.07172582690306577,0.9006999672392505
25678,LOF,0.20168002355821693,0.05868897869575454,0.7396309977460285
25679,LOF,0.16471495684451,0.08143813972307562,0.7538469034324145
25680,LOF,0.042804516370906494,0.11760963088100737,0.8395858527480862
25681,LOF,0.06876322580528928,0.10895100078921109,0.8222857734054996
25682,LOF,0.14422775328266635,0.08523301009283779,0.7705392366244959
25683,LOF,0.07991281907367866,0.12479133533548199,0.7952958455908394
25684,LOF,0.04102439273807598,0.08431286259518257,0.8746627446667415
25685,LOF,0.07786040076430387,0.05878330541406275,0.8633562938216334
25686,LOF,0.025432742391180405,0.08529441978818893,0.8892728378206306
25687,LOF,0.04668516780248778,0.07454604049570883,0.8787687917018033
25688,LOF,0.04591475827490506,0.06237118592277037,0.8917140558023245
25689,LOF,0.028981051131455462,0.07380090177102275,0.8972180470975217
25690,LOF,0.03739167101507927,0.06455266235470515,0.8980556666302156
25691,LOF,0.22713971157354967,0.08590644093140527,0.6869538474950451
25692,LOF,0.2885376788930581,0.008058779873868792,0.7034035412330731
25693,LOF,0.07018181939139717,0.2546477409353138,0.6751704396732892
25694,LOF,0.24487461546792397,0.013251471462594734,0.7418739130694813
25695,LOF,0.15281834546578063,0.021821538180495915,0.8253601163537234
25696,LOF,0.1113163037836453,0.011127112864506183,0.8775565833518485
25697,LOF,0.10133398363002008,0.021968365934189132,0.8766976504357907
25698,LOF,0.05684022011318557,0.4329664803409935,0.510193299545821
25699,LOF,0.07203321733994822,0.08821888065544219,0.8397479020046096
25700,LOF,0.054080932265585406,0.010706697200442867,0.9352123705339718
25701,LOF,0.016156366427222804,0.0723702021721437,0.9114734314006334
25702,GOF,0.03727563124164562,0.700893431434993,0.2618309373233613
25703,LOF,0.008231596030186921,0.16658080054924032,0.8251876034205727
25704,LOF,0.05296375756267372,0.1444680655995331,0.8025681768377932
25705,LOF,0.06788743927040734,0.2643531730049566,0.667759387724636
25706,GOF,0.023421534790548634,0.4946475931360316,0.4819308720734196
25707,LOF,0.01702035555341113,0.47691124272149227,0.5060684017250966
25708,LOF,0.007758203360568917,0.445567537056255,0.5466742595831762
25709,LOF,0.05511468290698434,0.07006619523131415,0.8748191218617016
25710,LOF,0.0048899110803696825,0.1817411250397844,0.8133689638798459
25711,LOF,0.017403737481762556,0.15468085382083424,0.8279154086974032
25712,LOF,0.006159739001912907,0.23414553061679674,0.7596947303812903
25713,LOF,0.018307036825043956,0.13046709020638617,0.8512258729685698
25714,LOF,0.05720344434082541,0.15945344374747536,0.7833431119116994
25715,LOF,0.011915136871156497,0.17700600129073285,0.8110788618381106
25716,LOF,0.00548505397004773,0.14000336534968943,0.8545115806802628
25717,LOF,0.005541576945986789,0.11926943470914927,0.8751889883448639
25718,LOF,0.012478906848970774,0.11454165256485033,0.8729794405861789
25719,LOF,0.01967103134197654,0.12398999423827525,0.8563389744197483
25720,LOF,0.02037708120584225,0.10645498533948006,0.8731679334546777
25721,LOF,0.016267713201545155,0.1275818925305098,0.8561503942679451
25722,LOF,0.015023671823341835,0.15254201644497567,0.8324343117316826
25723,LOF,0.019875278727663467,0.08609713308825598,0.8940275881840805
25724,LOF,0.0174621394883375,0.13569301166989675,0.8468448488417657
25725,LOF,0.012182980290592203,0.10296364485125449,0.8848533748581532
25726,LOF,0.014519863834242154,0.1463002103771517,0.8391799257886061
25727,LOF,0.012323920965200862,0.11325792381747314,0.874418155217326
25728,LOF,0.011009908757813507,0.14047513215426483,0.8485149590879216
25729,LOF,0.011310951160622286,0.14281823389955453,0.8458708149398232
25730,LOF,0.01615529632876368,0.11247030006633037,0.871374403604906
25731,LOF,0.007429844221118338,0.1616031980860415,0.8309669576928401
25732,LOF,0.016390945974409977,0.10954051599598232,0.8740685380296077
25733,LOF,0.016010863314664833,0.10130412858824037,0.8826850080970948
25734,LOF,0.005312170340402296,0.1678816763891042,0.8268061532704936
25735,LOF,0.014359942850920866,0.10419111085422489,0.8814489462948542
25736,LOF,0.014709391667069673,0.14416693440011608,0.8411236739328142
25737,LOF,0.020303267817843466,0.11286756430054296,0.8668291678816136
25738,LOF,0.013382081776953285,0.17050320651986806,0.8161147117031787
25739,LOF,0.019128513411513292,0.1455138081502134,0.8353576784382734
25740,LOF,0.032343054171438505,0.14909992496390465,0.8185570208646568
25741,LOF,0.015633683182505555,0.1325391805707313,0.8518271362467631
25742,LOF,0.08628090531512912,0.13840658178534057,0.7753125128995303
25743,LOF,0.013794928126879222,0.03220197340645543,0.9540030984666652
25744,LOF,0.22913811605766526,0.3209000567955168,0.4499618271468179
25745,LOF,0.027948635244862567,0.045870169836029116,0.9261811949191082
25746,LOF,0.016852758062181315,0.05702980789536511,0.9261174340424536
25747,LOF,0.0293983624480189,0.02458823548067305,0.946013402071308
25748,LOF,0.12375657453579751,0.039491169082574135,0.8367522563816284
25749,LOF,0.014802288771353103,0.04233718239172497,0.9428605288369218
25750,LOF,0.0352566707267074,0.052855260463368955,0.9118880688099237
25751,LOF,0.1149525754861108,0.04539376585559776,0.8396536586582914
25752,GOF,0.12350430252267529,0.594983352030496,0.28151234544682874
25753,LOF,0.008244375854610377,0.3235662988845156,0.668189325260874
25754,GOF,0.005202184789380358,0.7829725271197436,0.21182528809087592
25755,LOF,0.009802209311172585,0.4016315485490735,0.5885662421397538
25756,LOF,0.04302699488029249,0.39012984288266483,0.5668431622370427
25757,GOF,0.005554516541859448,0.8490494453278558,0.14539603813028484
25758,GOF,0.00672836326116317,0.8513786005161708,0.1418930362226659
25759,GOF,0.004363814852798549,0.5664644518072725,0.42917173333992886
25760,LOF,0.004882213937653199,0.2717804576300247,0.7233373284323221
25761,GOF,0.044240149512309195,0.8237562259503045,0.1320036245373863
25762,LOF,0.030232173297498378,0.2955171476282409,0.6742506790742607
25763,LOF,0.0063993068841060406,0.20722596767753318,0.7863747254383608
25764,GOF,0.17676906276544413,0.48075312686752936,0.34247781036702657
25765,GOF,0.011640691940607259,0.7787177947427397,0.20964151331665304
25766,GOF,0.018794393768413273,0.8140730051452695,0.1671326010863173
25767,GOF,0.01953772427908941,0.4953849036183796,0.4850773721025311
25768,LOF,0.08027934761910573,0.07471587547921008,0.8450047769016843
25769,LOF,0.08205920349186974,0.054089849564215337,0.863850946943915
25770,LOF,0.30597701141465067,0.0678610963290311,0.6261618922563182
25771,LOF,0.014575988303411882,0.05061420041684258,0.9348098112797456
25772,LOF,0.019882682621255414,0.02605407621478447,0.9540632411639602
25773,LOF,0.0114728074515599,0.10725114370355576,0.8812760488448843
25774,LOF,0.02395875371733069,0.0667461013720886,0.9092951449105807
25775,LOF,0.01540017418882032,0.04594856715090162,0.938651258660278
25776,LOF,0.0837701986226223,0.019919346804146688,0.8963104545732311
25777,LOF,0.2901768563468087,0.04230135756696106,0.6675217860862303
25778,LOF,0.06625796033034337,0.0399164172929871,0.8938256223766695
25779,GOF,0.0651803543289177,0.8665555166364588,0.06826412903462362
25780,GOF,0.06004749764637915,0.8593328597745117,0.08061964257910909
25781,GOF,0.025397725203762163,0.8610158913378155,0.11358638345842238
25782,GOF,0.029492991265684793,0.8840535543631592,0.08645345437115597
25783,GOF,0.011503213277993727,0.6711896544659539,0.3173071322560524
25784,GOF,0.10545531925924732,0.8396534890171504,0.054891191723602226
25785,GOF,0.07572938460388151,0.8690328007433129,0.055237814652805535
25786,GOF,0.005677369698479159,0.8080086033059954,0.18631402699552546
25787,GOF,0.20327934447614124,0.7509895775547685,0.04573107796909034
25788,LOF,0.04784499245227332,0.11087062915793615,0.8412843783897905
25789,GOF,0.03830634969183239,0.8024726137464704,0.1592210365616972
25790,GOF,0.03851614144040228,0.8417427164770337,0.11974114208256399
25791,GOF,0.02781674786622104,0.7788105915122545,0.19337266062152453
25792,GOF,0.04380416936461007,0.78038261212187,0.17581321851351991
25793,GOF,0.07978593229990492,0.7074899598340803,0.21272410786601484
25794,GOF,0.1145636987488851,0.6694781690353324,0.21595813221578247
25795,GOF,0.025876598523650658,0.7492436717399522,0.2248797297363972
25796,GOF,0.13326172630851513,0.7511535217843134,0.11558475190717146
25797,GOF,0.03686022260421033,0.579556970620791,0.3835828067749986
25798,GOF,0.003223471459933598,0.5417582325256538,0.45501829601441257
25799,LOF,0.0030647412797370965,0.4171040029378754,0.5798312557823875
25800,GOF,0.010743491293482562,0.6100225238526416,0.37923398485387594
25801,GOF,0.02946629003260729,0.8170927277294827,0.15344098223790992
25802,GOF,0.019515904641168546,0.7181500769383082,0.26233401842052334
25803,GOF,0.010145311146320016,0.5891723332710291,0.40068235558265086
25804,LOF,0.013376189963307594,0.48120931565680286,0.5054144943798896
25805,GOF,0.021195512829282354,0.593918029197781,0.38488645797293664
25806,GOF,0.019713204947922777,0.6285035799364584,0.3517832151156189
25807,GOF,0.0056647283710288725,0.6368556788679705,0.3574795927610006
25808,GOF,0.015169235266130444,0.6386594522417238,0.3461713124921457
25809,GOF,0.006361415658000766,0.6183061207161308,0.37533246362586836
25810,GOF,0.0053342308321976195,0.6276822269310487,0.36698354223675367
25811,GOF,0.0924256774579582,0.79827432190018,0.10930000064186178
25812,GOF,0.013543217900365435,0.6191847783313063,0.3672720037683283
25813,GOF,0.11075787419994185,0.7222037671103889,0.16703835868966935
25814,GOF,0.030930800659712696,0.695546064627244,0.27352313471304335
25815,GOF,0.04284561863671615,0.7083445863622649,0.248809795001019
25816,GOF,0.007373978212217376,0.7539654410079937,0.23866058077978894
25817,GOF,0.07386258516030364,0.7701275568364153,0.15600985800328107
25818,GOF,0.017284799654434916,0.6957517662303715,0.2869634341151936
25819,GOF,0.06889620856322726,0.7482128045162509,0.18289098692052175
25820,GOF,0.03201582347493333,0.7320794980027994,0.2359046785222674
25821,GOF,0.016847435704422986,0.7001301948147269,0.28302236948085013
25822,GOF,0.034865881136239,0.7134913363105536,0.25164278255320727
25823,GOF,0.011272591353857444,0.5448444413551956,0.443882967290947
25824,GOF,0.02092307923706285,0.6677634548361587,0.31131346592677844
25825,GOF,0.011869346231698307,0.6421316719904886,0.3459989817778132
25826,GOF,0.004920454650231698,0.605273217487499,0.3898063278622694
25827,GOF,0.007930641675683607,0.6214166662513841,0.37065269207293217
25828,GOF,0.005180522618720671,0.5325182610453493,0.46230121633593013
25829,GOF,0.0026446773686906863,0.5850745803027283,0.4122807423285811
25830,LOF,0.03801347223241103,0.3638013055723602,0.5981852221952288
25831,GOF,0.03683119396127895,0.8300812884618297,0.13308751757689147
25832,GOF,0.007668782402152725,0.763268552409132,0.22906266518871526
25833,GOF,0.02733140858060627,0.8079214841386195,0.16474710728077419
25834,GOF,0.008299368328697453,0.7692700816216423,0.22243055004966014
25835,GOF,0.017637006419531375,0.8126538772950119,0.16970911628545673
25836,GOF,0.007157511329581259,0.7628019667468084,0.23004052192361016
25837,GOF,0.006368048175582309,0.6574190166959784,0.3362129351284394
25838,GOF,0.019789983302767034,0.8238685361455443,0.15634148055168876
25839,GOF,0.04884508529791491,0.7873771188322539,0.16377779586983107
25840,GOF,0.03974295639040047,0.8184335877304283,0.1418234558791712
25841,GOF,0.03924848438167996,0.834480596977753,0.126270918640567
25842,GOF,0.02419056877759917,0.8593794026143109,0.11643002860809
25843,GOF,0.026449359117012787,0.8752312106851674,0.09831943019781988
25844,GOF,0.016334557774792532,0.8007913690569751,0.18287407316823245
25845,GOF,0.004996758003570613,0.5800438553101959,0.41495938668623356
25846,GOF,0.026901600224284134,0.849481028812014,0.12361737096370166
25847,GOF,0.01778149204418851,0.8753773305262305,0.10684117742958119
25848,GOF,0.013124584456612758,0.7691273845838276,0.21774803095955964
25849,GOF,0.004362197176868586,0.6645223050798734,0.33111549774325805
25850,GOF,0.006911324159521074,0.684638491955597,0.3084501838848818
25851,GOF,0.00610081892096644,0.5657859299673693,0.4281132511116643
25852,GOF,0.15135818078217814,0.5496518971280052,0.29898992208981656
25853,GOF,0.06492247342175089,0.8346993694090993,0.1003781571691497
25854,GOF,0.008963656754972783,0.63198192537843,0.35905441786659714
25855,GOF,0.014100048194110705,0.5695123859373197,0.41638756586856973
25856,GOF,0.03713530615121006,0.696240828581914,0.26662386526687604
25857,GOF,0.01364421256853129,0.5328357934699395,0.45351999396152926
25858,GOF,0.008492642208133044,0.5521421236447293,0.43936523414713763
25859,GOF,0.005547868016091883,0.5244875851358173,0.4699645468480909
25860,GOF,0.07264252823159048,0.7889284372175225,0.13842903455088706
25861,GOF,0.1207198249231045,0.7843421375115917,0.09493803756530372
25862,GOF,0.018091698571583596,0.8444122299472642,0.13749607148115225
25863,GOF,0.01830619736613279,0.857554853118332,0.1241389495155351
25864,GOF,0.04027190475017079,0.876214162747217,0.08351393250261237
25865,GOF,0.031188492503559748,0.8410743709050229,0.12773713659141742
25866,GOF,0.024055916215054745,0.8320934936049504,0.1438505901799949
25867,GOF,0.026261963944520447,0.8635021867984826,0.11023584925699695
25868,GOF,0.051807718352453076,0.7996059016202903,0.1485863800272566
25869,GOF,0.3213317924231613,0.5730197621072889,0.10564844546954975
25870,GOF,0.18019769569121497,0.5347996036067583,0.28500270070202666
25871,GOF,0.028979142400291227,0.8392217913796383,0.1317990662200706
25872,GOF,0.016776997010175425,0.7596578059471445,0.22356519704268005
25873,GOF,0.019000872764381668,0.8447104713337471,0.13628865590187136
25874,LOF,0.017054247310194972,0.12021326096773687,0.8627324917220682
25875,LOF,0.023452786358323978,0.03414817675193902,0.9423990368897369
25876,LOF,0.013942042791491277,0.030370420617719603,0.9556875365907891
25877,LOF,0.11444930092608828,0.059017057343419575,0.8265336417304923
25878,LOF,0.04383292727570959,0.08591954976073599,0.8702475229635545
25879,LOF,0.02054851454176994,0.06244006825539514,0.917011417202835
25880,LOF,0.041865665590308763,0.011294789998204604,0.9468395444114868
25881,Neutral,0.5315753214165226,0.04849284723540574,0.41993183134807155
25882,LOF,0.021997010511906386,0.033372244543727225,0.9446307449443664
25883,LOF,0.06837738146360413,0.02387740001460728,0.9077452185217887
25884,LOF,0.011095372585363038,0.04019359703161904,0.948711030383018
25885,LOF,0.15955029546782554,0.00671963053453294,0.8337300739976414
25886,LOF,0.2721962073005097,0.048199941463050885,0.6796038512364394
25887,LOF,0.1466170915820648,0.05853441611841557,0.7948484922995196
25888,LOF,0.012370371684158984,0.1056813750533815,0.8819482532624595
25889,LOF,0.01346290188820272,0.031027216224623833,0.9555098818871735
25890,LOF,0.10881008462775926,0.08045673004121279,0.810733185331028
25891,LOF,0.04880586860868137,0.036625834164840276,0.9145682972264783
25892,LOF,0.011533140483023865,0.04480349424029897,0.9436633652766772
25893,LOF,0.4043487652682204,0.013620057152756108,0.5820311775790235
25894,LOF,0.41827292911472674,0.0070864168375999416,0.5746406540476733
25895,LOF,0.3482884646491382,0.017680299112324584,0.6340312362385372
25896,LOF,0.0428036295167817,0.02816185816992569,0.9290345123132926
25897,LOF,0.18921394746169493,0.013437415151316206,0.797348637386989
25898,LOF,0.20905924891040353,0.03532989689298584,0.7556108541966106
25899,LOF,0.19618677061618464,0.03048325971091131,0.773329969672904
25900,Neutral,0.5005602077721186,0.012863042797952149,0.4865767494299292
25901,LOF,0.046543182805444505,0.01275968142689533,0.9406971357676601
25902,LOF,0.1047154074894742,0.01820708014857327,0.8770775123619525
25903,LOF,0.3916328730864856,0.03736926914721588,0.5709978577662985
25904,LOF,0.3151015432808694,0.04767507244239468,0.637223384276736
25905,LOF,0.006333607378141549,0.4108051095438296,0.5828612830780289
25906,LOF,0.008368242030303378,0.12188020864799141,0.8697515493217052
25907,LOF,0.004093830289734054,0.37212410271155155,0.6237820669987144
25908,LOF,0.003585698772039128,0.2643511206807354,0.7320631805472254
25909,LOF,0.013082957100251301,0.15578798130908608,0.8311290615906627
25910,LOF,0.015848021122812955,0.1334984076099508,0.8506535712672363
25911,LOF,0.17087149352290243,0.028012648452916213,0.8011158580241814
25912,LOF,0.08067042313920796,0.040410792915809436,0.8789187839449826
25913,LOF,0.07198179970500033,0.04764928876006791,0.8803689115349318
25914,LOF,0.02298005670062829,0.057564655601236366,0.9194552876981352
25915,LOF,0.14670195972377506,0.29736880002346067,0.5559292402527642
25916,LOF,0.020435250671374985,0.19413587692009746,0.7854288724085274
25917,LOF,0.05018945301463653,0.04137666464426378,0.9084338823410997
25918,LOF,0.02717721514926654,0.03307325751572036,0.9397495273350132
25919,LOF,0.023439954327126054,0.031779259109186095,0.9447807865636878
25920,LOF,0.11730825518724057,0.2250822899680069,0.6576094548447525
25921,LOF,0.010024157871399254,0.0393516044511185,0.9506242376774823
25922,LOF,0.012981150380970728,0.03067144717273847,0.9563474024462908
25923,Neutral,0.50273377202786,0.03576859900037465,0.46149762897176544
25924,LOF,0.016786162467379247,0.042264252610452864,0.940949584922168
25925,LOF,0.07716788621756665,0.04376942446714989,0.8790626893152835
25926,LOF,0.057316263906915764,0.03896330187430496,0.9037204342187792
25927,LOF,0.019623309669186555,0.06725325308369891,0.9131234372471145
25928,LOF,0.007566872418880126,0.05179667993689867,0.9406364476442212
25929,Neutral,0.6175393003349121,0.03768972625275717,0.3447709734123307
25930,LOF,0.06637222313517721,0.031467277393736184,0.9021604994710866
25931,LOF,0.009633255741958289,0.03562778866800069,0.9547389555900411
25932,LOF,0.03134686062686154,0.027791611154223163,0.9408615282189154
25933,LOF,0.040735422111708025,0.018960933142934063,0.940303644745358
25934,LOF,0.027993745360653913,0.018629788325956756,0.9533764663133892
25935,LOF,0.07153388317445736,0.052431725915919346,0.8760343909096233
25936,LOF,0.045543759376512616,0.022687217159446108,0.9317690234640412
25937,LOF,0.010143569458754862,0.03806572463469513,0.9517907059065501
25938,LOF,0.071309354683259,0.059208790077060335,0.8694818552396808
25939,LOF,0.038230672293071095,0.0230150281391256,0.9387542995678033
25940,LOF,0.009312510862189262,0.3041250230485609,0.6865624660892499
25941,Neutral,0.5217005148273928,0.03150385845242673,0.4467956267201804
25942,LOF,0.005116007431481767,0.043152941660532296,0.9517310509079858
25943,LOF,0.03582134927114599,0.14108155339017464,0.8230970973386794
25944,LOF,0.12005688667986962,0.08259980793566972,0.7973433053844606
25945,LOF,0.05558511727730447,0.01951971283977492,0.9248951698829206
25946,LOF,0.06964044195646141,0.05918514116971067,0.871174416873828
25947,LOF,0.43945050508598865,0.07127597741382788,0.48927351750018355
25948,LOF,0.3242410720784246,0.00810928502017486,0.6676496429014005
25949,LOF,0.08732076323081275,0.049655492687345884,0.8630237440818413
25950,GOF,0.035270146441252585,0.5705185336946548,0.3942113198640927
25951,LOF,0.01513907950309739,0.44693999963080716,0.5379209208660953
25952,LOF,0.2473938970781958,0.3197292484121991,0.43287685450960517
25953,LOF,0.013639237970428939,0.20251579428416283,0.7838449677454081
25954,LOF,0.05418375715045955,0.4720115836507053,0.4738046591988352
25955,LOF,0.010689305584206468,0.18133324308310744,0.8079774513326862
25956,LOF,0.028508223443107925,0.2916612371618348,0.6798305393950572
25957,LOF,0.15366307171333743,0.03146116155788131,0.8148757667287813
25958,LOF,0.053049991280644034,0.026499121740179005,0.920450886979177
25959,LOF,0.013912506741970245,0.46505310325598315,0.5210343900020467
25960,LOF,0.006029627096599887,0.05259309114067942,0.9413772817627207
25961,LOF,0.04190667943086618,0.0246304997966325,0.9334628207725014
25962,LOF,0.03135377481967746,0.07935234090073998,0.8892938842795826
25963,LOF,0.005481926897860222,0.2264405659538119,0.7680775071483279
25964,LOF,0.03429892071680761,0.10995644486749652,0.8557446344156959
25965,LOF,0.3348623569428641,0.1334157596099933,0.5317218834471427
25966,Neutral,0.5216932242058022,0.13211602365629066,0.3461907521379071
25967,LOF,0.006786053649450455,0.08577064563004902,0.9074433007205006
25968,LOF,0.051424497165333434,0.22951873841475265,0.719056764419914
25969,LOF,0.11916264041113356,0.0637634060233556,0.8170739535655107
25970,LOF,0.018322560339905137,0.0910566965110783,0.8906207431490165
25971,LOF,0.06522910227007898,0.028991940822644773,0.9057789569072763
25972,LOF,0.06387055221041299,0.03881862593399168,0.8973108218555953
25973,LOF,0.052189390999150966,0.01238930409700425,0.9354213049038448
25974,LOF,0.0333959692714193,0.0371875480760506,0.9294164826525301
25975,LOF,0.043861101893863615,0.024671132206627325,0.931467765899509
25976,LOF,0.09787501744428945,0.01229043947220772,0.8898345430835027
25977,LOF,0.2091666713942724,0.05714585786752771,0.7336874707382
25978,LOF,0.14236493420614368,0.1350227612960014,0.722612304497855
25979,LOF,0.13273632485991305,0.1319917287947718,0.7352719463453151
25980,LOF,0.2446403283203662,0.1487192527433987,0.6066404189362351
25981,LOF,0.27277208393967134,0.14606100195406435,0.5811669141062642
25982,LOF,0.4177917719763868,0.10801628892865767,0.47419193909495555
25983,LOF,0.3963889931263223,0.11627395176802698,0.4873370551056508
25984,LOF,0.04240787738862876,0.06360813500496927,0.893983987606402
25985,LOF,0.4042741827811705,0.10800272047312892,0.48772309674570047
25986,LOF,0.010065837610555675,0.3891100840028474,0.6008240783865969
25987,LOF,0.03483312658811702,0.09475185736746068,0.8704150160444223
25988,LOF,0.16700757248661255,0.09924928173961281,0.7337431457737748
25989,LOF,0.03388949301679794,0.14006783409692913,0.826042672886273
25990,LOF,0.03781511028886016,0.22150593704395752,0.7406789526671823
25991,LOF,0.018624387586146672,0.3527731394964079,0.6286024729174454
25992,LOF,0.021843688241558704,0.35822926478864503,0.6199270469697963
25993,LOF,0.021248652655658357,0.09036486212003195,0.8883864852243097
25994,LOF,0.015268411388397966,0.08444780238375889,0.9002837862278432
25995,LOF,0.020003673293971416,0.17628298235101872,0.8037133443550099
25996,LOF,0.3501746231739584,0.27424243982973684,0.3755829369963048
25997,LOF,0.07374654957929754,0.34721564174173974,0.5790378086789627
25998,LOF,0.2945215160116498,0.05226640024538508,0.6532120837429652
25999,LOF,0.01591970413914168,0.22708510886139688,0.7569951869994613
26000,LOF,0.15369745391369066,0.032048485553978684,0.8142540605323307
26001,LOF,0.3051202326420746,0.02465257853072475,0.6702271888272007
26002,LOF,0.06722892311259535,0.046664034112231745,0.8861070427751729
26003,GOF,0.0038559005706302525,0.6171839541948508,0.3789601452345189
26004,GOF,0.005728341136281225,0.6898464956896719,0.3044251631740468
26005,LOF,0.002885833566683148,0.49341148242707217,0.5037026840062447
26006,GOF,0.0706452314084784,0.578249359035172,0.35110540955634956
26007,GOF,0.006210009387014355,0.5851545948672152,0.40863539574577035
26008,GOF,0.005151610218352192,0.6311971619993758,0.3636512277822721
26009,GOF,0.006116540144399751,0.6519845949948213,0.3418988648607789
26010,GOF,0.007026379001753261,0.6752075229834898,0.31776609801475675
26011,LOF,0.002539132362743669,0.4791880698808437,0.5182727977564126
26012,GOF,0.003871113623216569,0.5715717561071854,0.4245571302695981
26013,GOF,0.005023443467112899,0.6491692969410474,0.3458072595918397
26014,LOF,0.044097758023566656,0.11076836272959362,0.8451338792468398
26015,LOF,0.13865355769738666,0.0229790749904903,0.838367367312123
26016,LOF,0.2647698159751913,0.04403184407507555,0.6911983399497332
26017,LOF,0.02465549674094172,0.20875114686753943,0.7665933563915187
26018,LOF,0.06988823452939845,0.04584347598730005,0.8842682894833015
26019,LOF,0.0666333716999422,0.036208573588053086,0.8971580547120046
26020,LOF,0.008302287956403196,0.2010060727152681,0.7906916393283286
26021,LOF,0.06681247936280565,0.07172449442433282,0.8614630262128616
26022,LOF,0.026413647748092507,0.02667019921232699,0.9469161530395805
26023,LOF,0.0412825396213533,0.025856451549703646,0.9328610088289431
26024,LOF,0.045700571087756985,0.07868569929435203,0.875613729617891
26025,LOF,0.06504270557021935,0.08004716002427434,0.8549101344055063
26026,LOF,0.13022773489365996,0.06088727843955401,0.808884986666786
26027,LOF,0.05479584587099684,0.020408072894707047,0.9247960812342961
26028,LOF,0.08195344570563977,0.12741782998003529,0.790628724314325
26029,LOF,0.028147729319277736,0.19762732399334523,0.7742249466873771
26030,LOF,0.152327004229045,0.02879226724945135,0.8188807285215036
26031,LOF,0.014187933693892532,0.1440135590780312,0.8417985072280764
26032,LOF,0.07880239688449645,0.06366491753655015,0.8575326855789533
26033,LOF,0.08008150972617212,0.05789518879388182,0.862023301479946
26034,LOF,0.015413047011108308,0.16666972637865632,0.8179172266102354
26035,LOF,0.013399914033284483,0.13071888000026494,0.8558812059664507
26036,LOF,0.016896010679207922,0.1678666870458757,0.8152373022749164
26037,LOF,0.011641290059470644,0.11665998535036169,0.8716987245901676
26038,LOF,0.06759802896731545,0.05959723467872784,0.8728047363539566
26039,LOF,0.0246052249693755,0.16336722833442968,0.8120275466961948
26040,LOF,0.11150361866191907,0.1398563992214156,0.7486399821166653
26041,LOF,0.013613406787030399,0.0991038212703219,0.8872827719426478
26042,LOF,0.012644842960030267,0.10194371624940637,0.8854114407905633
26043,LOF,0.068023672049479,0.07529090740813515,0.8566854205423857
26044,LOF,0.013026259720518477,0.0704097884851893,0.9165639517942922
26045,LOF,0.05408072374589876,0.10304243206250543,0.8428768441915958
26046,LOF,0.0617371531003641,0.06060834455144736,0.8776545023481885
26047,LOF,0.1052741010198604,0.06212540952541224,0.8326004894547274
26048,LOF,0.045380657238332324,0.041549194748968385,0.9130701480126993
26049,Neutral,0.9670805842755122,0.00589728929265151,0.027022126431836206
26050,Neutral,0.9554621069553917,0.007396684757481912,0.03714120828712648
26051,LOF,0.014927831248139387,0.17219224849192755,0.8128799202599332
26052,LOF,0.023975335735989145,0.20880014696458482,0.767224517299426
26053,LOF,0.02106886176350621,0.1451994271046499,0.8337317111318439
26054,LOF,0.051137815302745,0.015397377002247796,0.9334648076950073
26055,LOF,0.06339323746911643,0.013409637673082349,0.9231971248578013
26056,LOF,0.0513188065843647,0.01601251744644635,0.9326686759691889
26057,LOF,0.031365695332755496,0.011059057520737428,0.9575752471465071
26058,LOF,0.03195141736442896,0.009796335660077163,0.9582522469754939
26059,LOF,0.29253258282442873,0.01683699422832093,0.6906304229472503
26060,LOF,0.00936239070652702,0.12710532930661414,0.8635322799868589
26061,LOF,0.004916182260426206,0.01229934968683507,0.9827844680527387
26062,LOF,0.003922503182392495,0.01731411612295305,0.9787633806946545
26063,LOF,0.021638699928693213,0.009254158962025055,0.9691071411092819
26064,LOF,0.006651427489938564,0.019807503496721127,0.9735410690133403
26065,LOF,0.02306964364765269,0.011018107027905307,0.965912249324442
26066,LOF,0.02121017212161213,0.009965406836845261,0.9688244210415426
26067,LOF,0.02802933535273474,0.00796010125434955,0.9640105633929157
26068,LOF,0.04255305707080968,0.0258942814914634,0.931552661437727
26069,LOF,0.25876526541269573,0.015739827527049898,0.7254949070602544
26070,LOF,0.41799874205371146,0.011529150525730267,0.5704721074205582
26071,LOF,0.021161450488376674,0.009615532730619509,0.9692230167810038
26072,LOF,0.005482910135023711,0.020896197878156848,0.9736208919868194
26073,LOF,0.01859739838923612,0.012020439790213989,0.9693821618205499
26074,Neutral,0.905969142260391,0.0055023899835356625,0.08852846775607345
26075,LOF,0.042016083033682136,0.013412249333502085,0.9445716676328157
26076,LOF,0.03955935950162299,0.008621131091656568,0.9518195094067203
26077,LOF,0.10577459314876857,0.007619317445396823,0.8866060894058346
26078,LOF,0.00555948921750031,0.012442328882839165,0.9819981818996605
26079,LOF,0.05371045836519647,0.014528872128408789,0.9317606695063948
26080,LOF,0.05138806073565877,0.014577997390848077,0.9340339418734932
26081,LOF,0.03025411043203243,0.006774796037660806,0.9629710935303067
26082,LOF,0.004534312705907112,0.014065153464003333,0.9814005338300895
26083,LOF,0.13891955323463961,0.013804270864997328,0.847276175900363
26084,LOF,0.03504677135586267,0.012280273633747976,0.9526729550103894
26085,LOF,0.03119584339269286,0.010842098547642452,0.9579620580596646
26086,LOF,0.01953306907842597,0.010458339520327518,0.9700085914012465
26087,LOF,0.021187002750581965,0.009172551994139166,0.9696404452552788
26088,LOF,0.005577440742380201,0.020797776881319688,0.9736247823763
26089,LOF,0.03934206344149873,0.01883151731638493,0.9418264192421162
26090,LOF,0.03851983418170248,0.014958231569188091,0.9465219342491096
26091,LOF,0.028264871448409005,0.006425747652858612,0.9653093808987324
26092,LOF,0.019839062106621515,0.0071772814746637196,0.9729836564187149
26093,LOF,0.035825773844589105,0.005657313425851574,0.9585169127295593
26094,LOF,0.027721523585376228,0.006049279723848805,0.9662291966907749
26095,LOF,0.015661476835343722,0.01568231820068194,0.9686562049639744
26096,LOF,0.14950146165289263,0.005555988611934224,0.8449425497351732
26097,LOF,0.004611933693663185,0.035958690661860734,0.9594293756444761
26098,LOF,0.06915183709507805,0.011802954824678361,0.9190452080802436
26099,LOF,0.01868977636098089,0.012702476493433382,0.9686077471455856
26100,LOF,0.021435295494147667,0.012173914396682948,0.9663907901091693
26101,LOF,0.04595555396541199,0.018522380376659785,0.9355220656579283
26102,LOF,0.020542120439369448,0.012816781002360137,0.9666410985582704
26103,Neutral,0.8665067354348368,0.01844224556952071,0.11505101899564248
26104,LOF,0.06623796567598438,0.022117764570939166,0.9116442697530764
26105,LOF,0.19797742294712378,0.1561460778181378,0.6458764992347383
26106,LOF,0.3284983284074648,0.11615082377307592,0.5553508478194593
26107,LOF,0.023814592546296823,0.1001653612916118,0.8760200461620913
26108,LOF,0.3442207744487248,0.04057418471104142,0.6152050408402339
26109,LOF,0.029049617753763867,0.07125485204467309,0.899695530201563
26110,LOF,0.22222962912567087,0.006466529382567282,0.7713038414917618
26111,LOF,0.08158739913771944,0.06864427949207975,0.8497683213702009
26112,LOF,0.03619881417384395,0.006565445409992284,0.9572357404161638
26113,LOF,0.062411532307234174,0.014424347741285735,0.92316411995148
26114,LOF,0.06550581421194152,0.01483538764225199,0.9196587981458065
26115,LOF,0.015653588369301606,0.08516825338620686,0.8991781582444915
26116,LOF,0.08439897181966724,0.05094000444591475,0.8646610237344181
26117,LOF,0.4056273654008489,0.04532743824491022,0.549045196354241
26118,LOF,0.03401930487809981,0.023629057949874518,0.9423516371720256
26119,LOF,0.004628633971814851,0.05087191741386492,0.9444994486143202
26120,LOF,0.023348087886721658,0.021189473622897397,0.9554624384903809
26121,LOF,0.004079871164604436,0.14824730401070418,0.8476728248246915
