feature0,prediction,LoGoFunc_Neutral,LoGoFunc_GOF,LoGoFunc_LOF
25546,Neutral,0.7455680166125059,0.03527903810076558,0.21915294528672852
25547,Neutral,0.6075983427693221,0.07216535971939696,0.320236297511281
25548,Neutral,0.6125921578268875,0.0523971082862125,0.3350107338868999
25549,Neutral,0.5357111317448574,0.05151875043255208,0.41277011782259054
25550,LOF,0.367383033786839,0.09669187644245177,0.5359250897707092
25551,LOF,0.3023176627235063,0.1058638904128283,0.5918184468636654
25552,LOF,0.22196100143729514,0.0993237187580194,0.6787152798046854
25553,Neutral,0.840039807819781,0.02587672410215067,0.1340834680780682
25554,LOF,0.25369045350001285,0.09359563550185714,0.6527139109981299
25555,LOF,0.21403698365099844,0.08426715937717878,0.7016958569718227
25556,LOF,0.4316438138254862,0.0879389979597227,0.4804171882147911
25557,LOF,0.2081513089125377,0.08829847738939012,0.7035502136980722
25558,LOF,0.24380621474508063,0.09439778303391153,0.6617960022210079
25559,LOF,0.3662991743348683,0.14813258709129443,0.4855682385738372
25560,LOF,0.05156082117623209,0.13095594576126612,0.8174832330625018
25561,LOF,0.11553188122691355,0.12995029668985814,0.7545178220832283
25562,LOF,0.0991134154748824,0.05961564017723742,0.8412709443478802
25563,LOF,0.11240998978346022,0.06312227688955858,0.8244677333269812
25564,LOF,0.23222781114915783,0.11039683880291976,0.6573753500479224
25565,LOF,0.13496690468698824,0.13476663457331045,0.7302664607397013
25566,GOF,0.015059525602596909,0.7910337027439946,0.19390677165340856
25567,LOF,0.015347866729183,0.1708546068916999,0.8137975263791172
25568,LOF,0.049092011679550164,0.06593429488917887,0.8849736934312709
25569,LOF,0.05996267318685217,0.06390770061392319,0.8761296261992246
25570,LOF,0.05795280480664609,0.09776150890950659,0.8442856862838473
25571,LOF,0.05187990378026489,0.08997907552205865,0.8581410206976764
25572,LOF,0.06478171676538425,0.11297638597867961,0.8222418972559361
25573,LOF,0.03547940015321947,0.09724029617062391,0.8672803036761566
25574,LOF,0.020831348183119967,0.1428036758672007,0.8363649759496793
25575,LOF,0.042402610093019814,0.10413209900713662,0.8534652908998437
25576,LOF,0.016840429419995008,0.12667977096476454,0.8564797996152405
25577,LOF,0.015708291073652285,0.11779264012643247,0.8664990687999153
25578,LOF,0.27131940555730594,0.0880303168476098,0.6406502775950843
25579,LOF,0.2730743714404291,0.08677088575591947,0.6401547428036513
25580,LOF,0.029716901264179175,0.07974031611795176,0.890542782617869
25581,LOF,0.05533223538312245,0.06661738817163386,0.8780503764452436
25582,LOF,0.05480603274062671,0.06501808754395272,0.8801758797154204
25583,LOF,0.03792057521162693,0.08849246986661077,0.8735869549217623
25584,Neutral,0.48017637627790205,0.09636973974511856,0.42345388397697936
25585,LOF,0.023825877837445265,0.12163248235979675,0.8545416398027581
25586,LOF,0.027976975055379494,0.07490466669817536,0.8971183582464451
25587,LOF,0.028800988129757857,0.0688780447156091,0.9023209671546332
25588,LOF,0.030080597885060918,0.08324737400578432,0.8866720281091547
25589,Neutral,0.6145647449028309,0.12223668147353174,0.2631985736236374
25590,LOF,0.031230656522188205,0.13372332457443709,0.8350460189033747
25591,LOF,0.09806329973156357,0.057330485037401964,0.8446062152310345
25592,LOF,0.09817193426644354,0.12953951636151403,0.7722885493720425
25593,LOF,0.032628721401097065,0.26930659373771637,0.6980646848611867
25594,LOF,0.04811492100112401,0.15693819856156452,0.7949468804373115
25595,LOF,0.05161598767489566,0.10874222098368305,0.8396417913414213
25596,LOF,0.05383012123904034,0.0893923751594821,0.8567775036014776
25597,LOF,0.03905974183129539,0.09215701256178979,0.8687832456069148
25598,LOF,0.048719452802533855,0.11005416334822143,0.8412263838492446
25599,GOF,0.0078114042096100724,0.6464296822513059,0.345758913539084
25600,GOF,0.015637408657868102,0.5585302606857249,0.425832330656407
25601,LOF,0.01092461673008301,0.4446677148046867,0.5444076684652303
25602,LOF,0.02316972465235594,0.04594317359295896,0.930887101754685
25603,LOF,0.057546113534311175,0.023486014873345812,0.918967871592343
25604,LOF,0.039281471314600726,0.03498033135148503,0.9257381973339142
25605,LOF,0.011079316295280176,0.1967492637278989,0.792171419976821
25606,LOF,0.06623632552750493,0.3570130039525356,0.5767506705199595
25607,LOF,0.006221000371958691,0.18914304482599256,0.8046359548020487
25608,LOF,0.045627001506361044,0.06996506278010002,0.8844079357135388
25609,LOF,0.039069331586673584,0.46700436331351497,0.4939263050998115
25610,LOF,0.03610741064501117,0.028326576680217132,0.9355660126747717
25611,LOF,0.03909420349961747,0.026829818451393917,0.9340759780489887
25612,LOF,0.09653138395351027,0.03993569317095405,0.8635329228755357
25613,LOF,0.08048030991850236,0.042178384737503516,0.8773413053439941
25614,LOF,0.02826295911770396,0.035777373125534265,0.9359596677567618
25615,LOF,0.049765946953226364,0.041390189773753375,0.9088438632730202
25616,LOF,0.026612309358863873,0.03463060631893286,0.9387570843222032
25617,LOF,0.026376488294373952,0.03703799550847679,0.9365855161971494
25618,LOF,0.1470296233238691,0.03124381121624006,0.821726565459891
25619,LOF,0.02829958385792988,0.03400678092874373,0.9376936352133264
25620,LOF,0.03189105377534718,0.04197254316592378,0.926136403058729
25621,LOF,0.027276154332677886,0.032494320087344035,0.940229525579978
25622,LOF,0.03097024911458591,0.04013877808824133,0.9288909727971728
25623,LOF,0.049858738483224904,0.03651794060273082,0.9136233209140442
25624,LOF,0.02498303751535666,0.044727944499702965,0.9302890179849405
25625,LOF,0.031693131864951526,0.04645469748549796,0.9218521706495506
25626,LOF,0.08515860325970381,0.03459380791018514,0.8802475888301109
25627,Neutral,0.5680651377202718,0.11101333696569513,0.3209215253140331
25628,LOF,0.218027415825331,0.050629961524500486,0.7313426226501685
25629,LOF,0.06523502682536853,0.05917446624014654,0.875590506934485
25630,LOF,0.18263354182340802,0.07909896132203195,0.73826749685456
25631,Neutral,0.610368096009412,0.05749381465796659,0.33213808933262146
25632,LOF,0.014371488406385852,0.11005345981953822,0.8755750517740758
25633,LOF,0.18094823539496557,0.08062701618034045,0.738424748424694
25634,LOF,0.035116739501541205,0.11026874008442257,0.8546145204140362
25635,LOF,0.03248326820004495,0.09243136779820482,0.8750853640017502
25636,GOF,0.003705404903121051,0.6673728813774237,0.32892171371945517
25637,GOF,0.0038916447995601838,0.6862643353378823,0.30984401986255744
25638,LOF,0.007584377865496514,0.4129335272421312,0.5794820948923722
25639,GOF,0.003742355438833265,0.5196319790087464,0.4766256655524204
25640,GOF,0.4538240232864053,0.4861865734837188,0.059989403229875705
25641,LOF,0.007748922033631045,0.38147450154485657,0.6107765764215124
25642,LOF,0.2650718958508233,0.08978360637223769,0.645144497776939
25643,LOF,0.25779818841086927,0.18349411504001747,0.5587076965491132
25644,GOF,0.014139850820758184,0.5396173954269213,0.44624275375232053
25645,LOF,0.01238199407838335,0.474628311686691,0.5129896942349257
25646,LOF,0.018064456498703287,0.3468399282419104,0.6350956152593864
25647,LOF,0.01502820814843982,0.29424449806966474,0.6907272937818955
25648,LOF,0.014089854165703842,0.31576931659133,0.6701408292429663
25649,LOF,0.011113326561796663,0.22511851234949676,0.7637681610887066
25650,LOF,0.028471376690614593,0.47216665671331465,0.4993619665960706
25651,LOF,0.008998051644000154,0.28646419045282623,0.7045377579031735
25652,LOF,0.013549371695295203,0.2646273084482344,0.7218233198564704
25653,LOF,0.05035026791543922,0.36826537341643206,0.5813843586681288
25654,LOF,0.016144425136026944,0.1633329523125001,0.820522622551473
25655,LOF,0.07189302612879919,0.41726127453408446,0.5108456993371163
25656,LOF,0.08417038922214158,0.07303767824612963,0.8427919325317288
25657,LOF,0.28492401650628657,0.03463431770986116,0.6804416657838523
25658,LOF,0.04170784180719195,0.09629662243057284,0.8619955357622352
25659,LOF,0.2917629502977326,0.06636796576997242,0.641869083932295
25660,LOF,0.06509302881786477,0.09568072291943829,0.839226248262697
25661,LOF,0.045315753661051235,0.06989825063918008,0.8847859956997688
25662,LOF,0.026059502014207137,0.04504854624068625,0.9288919517451065
25663,LOF,0.03452027950352779,0.0675809590170549,0.8978987614794173
25664,LOF,0.03754806693413141,0.08203673390794719,0.8804151991579214
25665,LOF,0.05908559794876801,0.04451086470565625,0.8964035373455758
25666,LOF,0.032289810338540885,0.13437482458086392,0.8333353650805951
25667,LOF,0.030278980627655286,0.05193690735738134,0.9177841120149633
25668,LOF,0.030397574597653767,0.05655583078946522,0.913046594612881
25669,LOF,0.03782123995580099,0.08468029264339859,0.8774984674008005
25670,LOF,0.07527520107488975,0.08144072316742682,0.8432840757576835
25671,LOF,0.037073756398009736,0.04491175797400419,0.918014485627986
25672,LOF,0.06082315398135219,0.06341167604766386,0.8757651699709839
25673,LOF,0.04011828972301236,0.07252539540898363,0.8873563148680039
25674,LOF,0.03683263759699767,0.07628283120266714,0.8868845312003351
25675,LOF,0.045792366238674775,0.06088627207961348,0.8933213616817117
25676,LOF,0.031202636194137368,0.057026388573601254,0.9117709752322612
25677,LOF,0.0587873007764205,0.06490838330235135,0.8763043159212281
25678,LOF,0.28550889739801616,0.03468535679932676,0.6798057458026571
25679,LOF,0.17690108651233072,0.07088149035363636,0.7522174231340328
25680,LOF,0.06076909153910489,0.09900189189029032,0.8402290165706049
25681,LOF,0.11036628491542091,0.09167686658257805,0.797956848502001
25682,LOF,0.04085991526897729,0.07709682975031497,0.8820432549807078
25683,LOF,0.08127221734551424,0.10782895068830424,0.8108988319661816
25684,LOF,0.05614126173405687,0.0791073928089909,0.8647513454569522
25685,LOF,0.09112524476111052,0.05981375132571871,0.8490610039131707
25686,LOF,0.0272655333125707,0.09822894481986119,0.8745055218675681
25687,LOF,0.05228641939023371,0.07598008202425517,0.8717334985855112
25688,LOF,0.023227394485104393,0.08889703302117648,0.8878755724937192
25689,LOF,0.019831258814797553,0.07312608196198218,0.9070426592232204
25690,LOF,0.023118473857554986,0.09117070016357655,0.8857108259788684
25691,LOF,0.19173525108006878,0.1216220926540437,0.6866426562658876
25692,LOF,0.296005777706945,0.01127416065580939,0.6927200616372458
25693,LOF,0.08008003051838787,0.14715302700702537,0.7727669424745868
25694,LOF,0.24434995038117904,0.014461081801306681,0.7411889678175142
25695,LOF,0.16389513828207822,0.017072560534398797,0.819032301183523
25696,LOF,0.1790361255420461,0.010209442525232924,0.8107544319327209
25697,LOF,0.13784270206071952,0.025192202044192376,0.8369650958950882
25698,LOF,0.04188502855321055,0.4039085410282696,0.5542064304185198
25699,LOF,0.06701472958860252,0.07795045230073866,0.8550348181106587
25700,LOF,0.028827849405653402,0.011930044360183759,0.9592421062341628
25701,LOF,0.013027752871006704,0.08748179650782135,0.8994904506211718
25702,GOF,0.031038501674111874,0.7352244446852874,0.23373705364060074
25703,LOF,0.021478581283125204,0.18258448085545737,0.7959369378614174
25704,LOF,0.08951805395698983,0.14513116845084578,0.7653507775921645
25705,LOF,0.06399849628215712,0.24278482760917092,0.693216676108672
25706,GOF,0.04674670180612263,0.6224892956649299,0.3307640025289474
25707,GOF,0.031009314914278642,0.54972642513632,0.4192642599494015
25708,LOF,0.00861177495261422,0.4789184205824925,0.5124698044648933
25709,LOF,0.01831907354313374,0.06653621155139171,0.9151447149054744
25710,LOF,0.009294809132993196,0.172777928010978,0.8179272628560287
25711,LOF,0.02033627545583702,0.12125450301225137,0.8584092215319116
25712,LOF,0.00986313394630575,0.23809679475275958,0.7520400713009346
25713,LOF,0.018513238129826345,0.10409517439491478,0.8773915874752588
25714,LOF,0.019782936944962574,0.14556660390769746,0.8346504591473399
25715,LOF,0.018566472093972317,0.12281098850828884,0.8586225393977388
25716,LOF,0.01212966986325761,0.14229651460360246,0.8455738155331399
25717,LOF,0.006047375469769344,0.1375425436522286,0.8564100808780022
25718,LOF,0.01689827116696231,0.0799325452279109,0.9031691836051268
25719,LOF,0.03480460395895179,0.0847523988068394,0.8804429972342088
25720,LOF,0.022680888494778416,0.08842233539983728,0.8888967761053843
25721,LOF,0.02267007023065697,0.09783475567138283,0.8794951740979601
25722,LOF,0.01718316463719577,0.12718074095110538,0.8556360944116989
25723,LOF,0.02049179781462192,0.07190286705619676,0.9076053351291813
25724,LOF,0.027666348851880497,0.11808342500794644,0.8542502261401731
25725,LOF,0.021624080946377845,0.06642993257505693,0.9119459864785652
25726,LOF,0.0157982428711031,0.10052203844645928,0.8836797186824376
25727,LOF,0.020022273976121545,0.08366762782793506,0.8963100981959433
25728,LOF,0.017519200386624894,0.09977546679548238,0.8827053328178928
25729,LOF,0.017977671312344352,0.10036419649636566,0.8816581321912901
25730,LOF,0.019473279152467535,0.08007267120341682,0.9004540496441156
25731,LOF,0.01097397253207056,0.1809714909988591,0.8080545364690704
25732,LOF,0.017881966113123447,0.08923328195656233,0.8928847519303141
25733,LOF,0.030275130185155305,0.0836064651637887,0.8861184046510561
25734,LOF,0.00647699076338416,0.23826586654566648,0.7552571426909495
25735,LOF,0.02213430472290183,0.07466460457715869,0.9032010906999394
25736,LOF,0.021216485472801465,0.11390965202860984,0.8648738624985887
25737,LOF,0.04025144120496875,0.0945850693310822,0.8651634894639489
25738,LOF,0.019296411494360406,0.15166720828470706,0.8290363802209325
25739,LOF,0.021071963545238877,0.1427477664680986,0.8361802699866624
25740,LOF,0.05015188393874236,0.13883087869871694,0.8110172373625407
25741,LOF,0.026824702208096986,0.11166701169203799,0.861508286099865
25742,LOF,0.03821455499276158,0.13167166091905022,0.8301137840881883
25743,LOF,0.012376515117492165,0.04203940709563077,0.9455840777868771
25744,LOF,0.15362664345450405,0.419760840782601,0.42661251576289494
25745,LOF,0.022375559288159652,0.07179052644926628,0.9058339142625741
25746,LOF,0.012447652090871116,0.08960061326426061,0.8979517346448683
25747,LOF,0.033696590755405945,0.03265752842025343,0.9336458808243405
25748,LOF,0.28243293158255356,0.0496582975973487,0.6679087708200978
25749,LOF,0.013414738515780612,0.0545619106544713,0.9320233508297481
25750,LOF,0.01467190922229772,0.08541803986802111,0.8999100509096811
25751,LOF,0.03797057497808513,0.06942169433384043,0.8926077306880745
25752,GOF,0.10293187611424927,0.6744506077055383,0.22261751618021244
25753,LOF,0.007162172723225857,0.3840798303964237,0.6087579968803504
25754,GOF,0.005628802316252377,0.8713812626834405,0.12298993500030714
25755,LOF,0.009636459530818969,0.45179003860031647,0.5385735018688647
25756,LOF,0.050903135736444116,0.4549237080929295,0.4941731561706264
25757,GOF,0.006660348509995503,0.8743504300609118,0.11898922142909275
25758,GOF,0.009774692294072579,0.8890070966508132,0.10121821105511433
25759,GOF,0.005280590377935236,0.6000291967822299,0.39469021283983485
25760,LOF,0.007423743889074417,0.3134298036715624,0.6791464524393631
25761,GOF,0.04518496410790237,0.8606868503500382,0.09412818554205954
25762,LOF,0.029454299371262798,0.3963314995874716,0.5742142010412656
25763,LOF,0.008789875111666984,0.2641801085821568,0.7270300163061761
25764,GOF,0.07314889843825186,0.6284416300730808,0.29840947148866726
25765,GOF,0.008423212441257396,0.8645350338107645,0.12704175374797835
25766,GOF,0.047396409455855534,0.8200515336489019,0.13255205689524252
25767,GOF,0.012576898208423257,0.5712368876142139,0.4161862141773629
25768,LOF,0.03571658686223203,0.09380990603756847,0.8704735071001996
25769,LOF,0.021225431760921912,0.08840523571441822,0.89036933252466
25770,LOF,0.1611526696698437,0.07207054799948759,0.7667767823306686
25771,LOF,0.012327298459414321,0.0838803270885631,0.9037923744520227
25772,LOF,0.02255023163249339,0.03290825299024969,0.944541515377257
25773,LOF,0.013612098477696436,0.08387766725955549,0.9025102342627481
25774,LOF,0.028919284097083386,0.09420951192734574,0.876871203975571
25775,LOF,0.01897736212737141,0.046803200064857824,0.9342194378077707
25776,LOF,0.024459088805786514,0.028868126474409297,0.9466727847198043
25777,LOF,0.2052128812832097,0.07832161823653203,0.7164655004802583
25778,LOF,0.018770603663574092,0.0602672277585503,0.9209621685778755
25779,GOF,0.04341058829595586,0.8976342711415014,0.058955140562542765
25780,GOF,0.0685864217134974,0.8884380652084692,0.04297551307803339
25781,GOF,0.02289690629741929,0.8951918043558773,0.08191128934670332
25782,GOF,0.0295516000581353,0.9118071630804637,0.05864123686140118
25783,GOF,0.018473514315546148,0.8101942281136234,0.1713322575708303
25784,GOF,0.11446935843758911,0.854078009394324,0.0314526321680869
25785,GOF,0.06017742994232435,0.8971339913188465,0.04268857873882912
25786,GOF,0.005367311631028642,0.8383429855809644,0.1562897027880069
25787,GOF,0.16050250871754332,0.8056344504640106,0.033863040818445975
25788,LOF,0.015242540684683717,0.20353742602012506,0.7812200332951913
25789,GOF,0.02052521471691724,0.8695047894348179,0.10996999584826478
25790,GOF,0.020862608294433708,0.8823737145586185,0.09676367714694786
25791,GOF,0.014102386910615503,0.8284841761663252,0.1574134369230594
25792,GOF,0.02504111672099098,0.8466989387540852,0.12825994452492387
25793,GOF,0.07987801383301302,0.83722464553857,0.08289734062841682
25794,GOF,0.06073845227053105,0.7802255879668327,0.15903595976263613
25795,GOF,0.06709184388672829,0.7756457033721164,0.15726245274115538
25796,GOF,0.08483056244875006,0.8213468396226552,0.09382259792859479
25797,GOF,0.037492336551408906,0.7356803310745744,0.22682733237401662
25798,GOF,0.003163214217020928,0.6644056675234984,0.3324311182594807
25799,GOF,0.002888948801451386,0.5550602798597154,0.44205077133883325
25800,GOF,0.01430934321915439,0.7837404915788174,0.20195016520202813
25801,GOF,0.01856491912650577,0.8943251844318899,0.08710989644160437
25802,GOF,0.022007615308350607,0.832634607786832,0.14535777690481747
25803,GOF,0.012580549927268257,0.7525153446300583,0.2349041054426734
25804,GOF,0.013734290835321206,0.6531489425692265,0.3331167665954522
25805,GOF,0.022328733316905162,0.750179131852614,0.22749213483048075
25806,GOF,0.019566227621727564,0.8057813778746181,0.17465239450365427
25807,GOF,0.005063529330393846,0.7699745328769569,0.22496193779264934
25808,GOF,0.0148693219539545,0.7906573973333308,0.19447328071271477
25809,GOF,0.006931518049229347,0.7522862391624998,0.24078224278827082
25810,GOF,0.005922366297737987,0.7479607031140185,0.2461169305882434
25811,GOF,0.05240166221522874,0.8792505271487863,0.06834781063598515
25812,GOF,0.017326964785462525,0.765372948923778,0.21730008629075942
25813,GOF,0.09840238367074391,0.8150586521828652,0.08653896414639092
25814,GOF,0.026486579611212976,0.8071651357247093,0.16634828466407764
25815,GOF,0.05858071529510287,0.8443558636323337,0.09706342107256341
25816,GOF,0.006805013023285774,0.8667478515712076,0.1264471354055066
25817,GOF,0.08662917521418613,0.8174777480250842,0.09589307676072972
25818,GOF,0.02317516740395629,0.8349516785870287,0.14187315400901518
25819,GOF,0.0658899138092666,0.7836754836352442,0.1504346025554891
25820,GOF,0.032149624687718,0.7878343868425506,0.18001598846973157
25821,GOF,0.02114716929623679,0.784978610879442,0.1938742198243212
25822,GOF,0.04437524401681308,0.7929368471194123,0.16268790886377466
25823,GOF,0.016090166575492552,0.6725556098916082,0.3113542235328993
25824,GOF,0.02743660253954998,0.7909643220938251,0.181599075366625
25825,GOF,0.01590447890120428,0.7788926354997229,0.20520288559907282
25826,GOF,0.005585894341493971,0.7539601189682452,0.24045398669026077
25827,GOF,0.007631482903939568,0.7182118629331448,0.27415665416291574
25828,GOF,0.00633782552309869,0.7068534788693099,0.2868086956075913
25829,GOF,0.0029545508700268477,0.7300261130733705,0.2670193360566026
25830,GOF,0.036016952032590775,0.5337260882778844,0.4302569596895249
25831,GOF,0.08462296553864494,0.7997775940664681,0.11559944039488697
25832,GOF,0.009269206088767482,0.8239426671375581,0.16678812677367436
25833,GOF,0.036392516132461944,0.8615883442936644,0.10201913957387376
25834,GOF,0.009909789934100263,0.8376549787204226,0.15243523134547715
25835,GOF,0.02168817641143205,0.8732837046788186,0.10502811890974936
25836,GOF,0.00738022296799478,0.8373676897083152,0.15525208732369006
25837,GOF,0.006865926826171631,0.7346218560261643,0.2585122171476642
25838,GOF,0.025230858112818697,0.8797110549892315,0.09505808689794967
25839,GOF,0.03660781227996683,0.8673522935406356,0.0960398941793975
25840,GOF,0.0701774618080465,0.8502510416809853,0.0795714965109681
25841,GOF,0.06855383207664989,0.861629343406184,0.06981682451716607
25842,GOF,0.02441576420669399,0.9018368196528553,0.07374741614045065
25843,GOF,0.027244513992408653,0.9056276173503434,0.06712786865724803
25844,GOF,0.014784203635961073,0.8654380899424274,0.11977770642161169
25845,GOF,0.005446342196047153,0.6733038604443033,0.32124979735964954
25846,GOF,0.07546198902325277,0.8503608376240149,0.07417717335273219
25847,GOF,0.015424023876679913,0.9213366549718094,0.06323932115151062
25848,GOF,0.017507243138951408,0.8741440998784634,0.1083486569825852
25849,GOF,0.005048391490664675,0.7685920921833579,0.22635951632597745
25850,GOF,0.00655287879542745,0.7979271085879607,0.19552001261661178
25851,GOF,0.005746541911143963,0.6796186481999525,0.3146348098889034
25852,GOF,0.13481630121239727,0.6008613662572275,0.2643223325303752
25853,GOF,0.07501739538847627,0.8414281474803044,0.08355445713121937
25854,GOF,0.005479317089934638,0.7154092590408452,0.27911142386922005
25855,GOF,0.017388560249813317,0.6829046323106155,0.29970680743957123
25856,GOF,0.036980705999601085,0.8231018867003855,0.13991740730001342
25857,GOF,0.01906969051503541,0.6751418695790072,0.3057884399059573
25858,GOF,0.009934579245517786,0.6801409440750968,0.30992447667938533
25859,GOF,0.0057553706622403816,0.6605928743467014,0.3336517549910581
25860,GOF,0.09986102484692976,0.8241487128319132,0.07599026232115715
25861,GOF,0.07859680303830263,0.8370620920093322,0.08434110495236517
25862,GOF,0.01867780251497402,0.87543022999531,0.1058919674897162
25863,GOF,0.021714611493125483,0.8821512189804024,0.09613416952647214
25864,GOF,0.043000354498701106,0.883500870266927,0.07349877523437183
25865,GOF,0.032701681827506386,0.8510929232298616,0.11620539494263205
25866,GOF,0.02359149027439853,0.8728761311529727,0.1035323785726287
25867,GOF,0.030132188117443504,0.8884365242989591,0.08143128758359734
25868,GOF,0.053562317863324604,0.8539319294041317,0.09250575273254388
25869,GOF,0.33821643335276674,0.5968665337086373,0.06491703293859596
25870,GOF,0.06313901816297421,0.6984279233918005,0.23843305844522517
25871,GOF,0.009542688889993808,0.8889195111749268,0.10153779993507922
25872,GOF,0.022590724516884736,0.8898506421214442,0.08755863336167098
25873,GOF,0.021136745450406162,0.9005727427419876,0.07829051180760614
25874,LOF,0.016981143403692365,0.22801904921036886,0.7549998073859387
25875,LOF,0.05656664192597337,0.04911569614884817,0.8943176619251785
25876,LOF,0.017085704342590734,0.04316231901142333,0.9397519766459859
25877,LOF,0.11671735045218849,0.0879052319442684,0.7953774176035431
25878,LOF,0.07510235135454864,0.11859375505596513,0.8063038935894863
25879,LOF,0.028147377436484464,0.08936433149795071,0.8824882910655648
25880,LOF,0.05953513183552618,0.013742965246729869,0.9267219029177439
25881,Neutral,0.5312123820038406,0.07024488025704627,0.3985427377391132
25882,LOF,0.08864586341638583,0.02517403191613946,0.8861801046674748
25883,LOF,0.02959007977875779,0.0252345681360523,0.9451753520851899
25884,LOF,0.022557139042428294,0.0513007302913024,0.9261421306662693
25885,LOF,0.21456271945904395,0.0120254722361346,0.7734118083048215
25886,LOF,0.29692943249841364,0.05056691691158465,0.6525036505900017
25887,LOF,0.18740808031156628,0.0665697556144743,0.7460221640739595
25888,LOF,0.012166367100498017,0.14398411012603177,0.8438495227734701
25889,LOF,0.02821017777629383,0.03502413615479759,0.9367656860689085
25890,LOF,0.14673389609008192,0.10427666791934877,0.7489894359905693
25891,LOF,0.0972128666769281,0.03068784102944206,0.8720992922936298
25892,LOF,0.008239391298320208,0.03251741776946961,0.9592431909322101
25893,LOF,0.41342397668135716,0.008096943876916427,0.5784790794417264
25894,LOF,0.43534022485077073,0.004700837625538438,0.5599589375236907
25895,LOF,0.32519571310802386,0.012369870790020415,0.6624344161019557
25896,LOF,0.06558057889977652,0.01670533950109551,0.917714081599128
25897,LOF,0.19829930969936577,0.008338418156592807,0.7933622721440415
25898,LOF,0.17825451937859932,0.027760996472998088,0.7939844841484026
25899,LOF,0.43839366907290056,0.01673591278594483,0.5448704181411546
25900,LOF,0.44714245700918104,0.007955662123480443,0.5449018808673385
25901,LOF,0.06490098058435141,0.007892811714076261,0.9272062077015724
25902,LOF,0.17227424688966392,0.008207365810843217,0.8195183872994929
25903,LOF,0.37695193744858896,0.023484290905265014,0.599563771646146
25904,Neutral,0.49219148924555844,0.023300888367936264,0.4845076223865053
25905,LOF,0.0049719411741738296,0.47497907105331477,0.5200489877725114
25906,LOF,0.00927775487573576,0.10840664892551463,0.8823155961987497
25907,LOF,0.004742887403436701,0.3531151568270498,0.6421419557695135
25908,LOF,0.004688539901413527,0.26200715115466233,0.7333043089439242
25909,LOF,0.023614483082790697,0.15343516421767062,0.8229503526995386
25910,LOF,0.011566142207246983,0.13984530331245093,0.8485885544803021
25911,LOF,0.3119477013418087,0.037670458209478674,0.6503818404487126
25912,LOF,0.0786273981403124,0.047574623308225227,0.8737979785514622
25913,LOF,0.04298383287699147,0.07205529602812485,0.8849608710948836
25914,LOF,0.03774956783693662,0.04575543982870767,0.9164949923343557
25915,LOF,0.19542459360042358,0.17617531503297315,0.6284000913666032
25916,LOF,0.03158663172634108,0.12702933955571113,0.8413840287179479
25917,LOF,0.07613920473857069,0.03775322189803645,0.8861075733633929
25918,LOF,0.04256020853769701,0.028466934823119835,0.9289728566391832
25919,LOF,0.03597528074838989,0.029029407451948052,0.934995311799662
25920,LOF,0.25998378350211826,0.2212236986061997,0.518792517891682
25921,LOF,0.015700291350246906,0.0418482027191224,0.9424515059306307
25922,LOF,0.019565404839189785,0.035078522253945955,0.9453560729068643
25923,LOF,0.45906512584368586,0.03141821129211255,0.5095166628642016
25924,LOF,0.022984943539919218,0.0560988170960464,0.9209162393640343
25925,LOF,0.08355653494152931,0.043757382474158994,0.8726860825843117
25926,LOF,0.06670334275675231,0.04332396796990845,0.8899726892733392
25927,LOF,0.02650066980996587,0.06600004160267452,0.9074992885873595
25928,LOF,0.010341780370629284,0.057001685561468424,0.9326565340679023
25929,Neutral,0.5574145328102034,0.030148499025961555,0.41243696816383507
25930,LOF,0.08903526560094671,0.030782854279686186,0.8801818801193672
25931,LOF,0.013600008320079675,0.038370079160733074,0.9480299125191873
25932,LOF,0.06654059005062203,0.028999022954517447,0.9044603869948605
25933,LOF,0.06512342989670154,0.01864594978771433,0.9162306203155841
25934,LOF,0.061285233198075564,0.0179413956158857,0.9207733711860389
25935,LOF,0.07638641338505572,0.05503394882328125,0.868579637791663
25936,LOF,0.09821569179838502,0.01937850866703739,0.8824057995345777
25937,LOF,0.019866677755351204,0.04242193991044989,0.9377113823341988
25938,LOF,0.07448100926000412,0.048240214458514744,0.8772787762814811
25939,LOF,0.04704436431849026,0.025489095039416772,0.927466540642093
25940,LOF,0.008103621433609471,0.36572723914817856,0.626169139418212
25941,Neutral,0.4980319050723911,0.04417192355412762,0.4577961713734813
25942,LOF,0.00872943301322988,0.04834863569909745,0.9429219312876727
25943,LOF,0.03615395027607042,0.18324711593008478,0.7805989337938448
25944,LOF,0.051536672022342044,0.08144512503504615,0.8670182029426118
25945,LOF,0.1212953211490399,0.021251385461613752,0.8574532933893463
25946,LOF,0.07347575658136234,0.0478816474814348,0.8786425959372027
25947,Neutral,0.4688256255833681,0.11670317216512452,0.41447120225150724
25948,LOF,0.42852793012403445,0.016146825638510873,0.5553252442374547
25949,LOF,0.13560779632747377,0.06575886307784133,0.7986333405946849
25950,GOF,0.05406806032379262,0.6226240936929934,0.323307845983214
25951,LOF,0.010421600109737637,0.4504508565943707,0.5391275432958916
25952,LOF,0.30774870101688295,0.2710043802104472,0.42124691877266984
25953,LOF,0.00738598742597407,0.19227476294866652,0.8003392496253594
25954,GOF,0.08729399807473845,0.5105580675822062,0.4021479343430553
25955,LOF,0.004396773847080021,0.20305510496343418,0.7925481211894858
25956,LOF,0.019301929872700643,0.2514527358255422,0.7292453343017572
25957,LOF,0.1850248637412723,0.031444831695811484,0.7835303045629162
25958,LOF,0.03494224311155821,0.0408190100569896,0.9242387468314522
25959,GOF,0.013697840448224035,0.6558884037024267,0.3304137558493493
25960,LOF,0.00609211615201399,0.0691073374685665,0.9248005463794194
25961,LOF,0.0332322036415634,0.03626328477080129,0.9305045115876354
25962,LOF,0.038676772664177225,0.0659211510454953,0.8954020762903275
25963,LOF,0.005301239994468286,0.19104500056104087,0.8036537594444908
25964,LOF,0.027236248348591403,0.11676981519786882,0.8559939364535397
25965,LOF,0.2732125537193911,0.11241940986547788,0.6143680364151309
25966,Neutral,0.43914791325438335,0.15746971750030508,0.40338236924531157
25967,LOF,0.008454163519079549,0.09379940982338901,0.8977464266575315
25968,LOF,0.04097908730293361,0.2469999559105092,0.7120209567865572
25969,LOF,0.1712109114568476,0.05360779339212412,0.7751812951510283
25970,LOF,0.030720423609220154,0.09378279348794265,0.8754967829028372
25971,LOF,0.08186919861037316,0.02964212353110348,0.8884886778585234
25972,LOF,0.07032452677211397,0.050113138548785234,0.8795623346791007
25973,LOF,0.06752353903910178,0.009095476374418323,0.9233809845864799
25974,LOF,0.04931779000618225,0.03986839766700423,0.9108138123268135
25975,LOF,0.04249156769743197,0.016664242294206422,0.9408441900083616
25976,LOF,0.09760695276098548,0.00953462661682833,0.8928584206221862
25977,LOF,0.22285650321253328,0.0677918654360588,0.709351631351408
25978,LOF,0.20080487502433775,0.11154060606960066,0.6876545189060616
25979,LOF,0.16314579844025415,0.12588193330405717,0.7109722682556887
25980,LOF,0.2722479248235341,0.17543360678350634,0.5523184683929595
25981,LOF,0.2739426314140107,0.17694901285336082,0.5491083557326284
25982,Neutral,0.4803030145606329,0.08776316485710889,0.4319338205822581
25983,Neutral,0.4844853446998153,0.11167462165878916,0.4038400336413956
25984,LOF,0.0417116584208027,0.09772556663329023,0.8605627749459072
25985,LOF,0.4101460561556874,0.13788654341855944,0.4519674004257532
25986,LOF,0.015227439798081973,0.4165386296065641,0.5682339305953539
25987,LOF,0.055340541110574265,0.1002034758895751,0.8444559829998507
25988,LOF,0.03915589205078061,0.16918958555064417,0.7916545223985751
25989,LOF,0.03767943260346611,0.18725934384646534,0.7750612235500686
25990,LOF,0.03840988082439565,0.3005714350186716,0.6610186841569328
25991,LOF,0.025273756693396588,0.42290510833458445,0.5518211349720189
25992,LOF,0.024499021443238487,0.44006146340378977,0.5354395151529718
25993,LOF,0.028081698285300397,0.08329712799225121,0.8886211737224484
25994,LOF,0.024446145705633318,0.08151593580039218,0.8940379184939745
25995,LOF,0.020598838498488977,0.14654636485228054,0.8328547966492305
25996,GOF,0.32137187134539635,0.35439882473983164,0.3242293039147719
25997,LOF,0.07072925510298637,0.4023837042282086,0.5268870406688051
25998,LOF,0.31775338823986776,0.038432667938600396,0.6438139438215318
25999,LOF,0.02452958505799607,0.20529107642615027,0.7701793385158536
26000,LOF,0.17111235764055216,0.03446157674972851,0.7944260656097194
26001,LOF,0.2625702344424918,0.05165300669195632,0.6857767588655518
26002,LOF,0.12695719192299526,0.047458945217371276,0.8255838628596334
26003,GOF,0.006462306939391313,0.6496650585472354,0.34387263451337324
26004,GOF,0.010129061249874255,0.7028698910268799,0.28700104772324586
26005,GOF,0.004443960409057876,0.5003638904152082,0.4951921491757338
26006,GOF,0.11359452699163021,0.5449569520462828,0.3414485209620869
26007,GOF,0.008804680554295034,0.540627195357765,0.4505681240879399
26008,GOF,0.006054276776453196,0.6130418007476667,0.3809039224758801
26009,GOF,0.008865987340660273,0.6681841125298547,0.32294990012948493
26010,GOF,0.00803046604565268,0.616222500083802,0.37574703387054526
26011,LOF,0.003795906596299786,0.43094356247529053,0.5652605309284097
26012,GOF,0.004495928054672129,0.52100091548165,0.4745031564636779
26013,GOF,0.011369111192740944,0.5806904356131929,0.4079404531940661
26014,LOF,0.0646247035885521,0.11357548633916903,0.821799810072279
26015,LOF,0.36274682379041195,0.0319981802710186,0.6052549959385695
26016,LOF,0.2940764475440926,0.04552857921938854,0.6603949732365189
26017,LOF,0.01683465457842961,0.21651052168027213,0.7666548237412982
26018,LOF,0.026205938115663373,0.06020690339828243,0.9135871584860542
26019,LOF,0.025801617968818275,0.05174180378294085,0.9224565782482409
26020,LOF,0.008961963867165934,0.20470214648395685,0.7863358896488772
26021,LOF,0.08677306255562992,0.0779713264652651,0.835255610979105
26022,LOF,0.035578374048038146,0.03678722479316014,0.9276344011588018
26023,LOF,0.025047340405382052,0.03958940949444847,0.9353632501001695
26024,LOF,0.05651049242237135,0.06203326684006786,0.8814562407375607
26025,LOF,0.06552815895528363,0.08067397364120032,0.8537978674035159
26026,LOF,0.0934562502922775,0.06763652663587204,0.8389072230718504
26027,LOF,0.02472981093425496,0.029595941616486085,0.945674247449259
26028,LOF,0.10981915983638164,0.15414936955681716,0.7360314706068012
26029,LOF,0.01880252942002282,0.20205308929726165,0.7791443812827155
26030,LOF,0.16481292250292476,0.02284304325347366,0.8123440342436015
26031,LOF,0.00940017460324611,0.16140760489984224,0.8291922204969115
26032,LOF,0.049964388241216955,0.054365943938151584,0.8956696678206314
26033,LOF,0.06501776798241633,0.04941224632127994,0.8855699856963036
26034,LOF,0.011079749909387766,0.17269925094826957,0.8162209991423427
26035,LOF,0.01213213922672995,0.11179264866814102,0.876075212105129
26036,LOF,0.012001463975407748,0.12799710522846644,0.8600014307961258
26037,LOF,0.009399339209707836,0.10580655373573757,0.8847941070545546
26038,LOF,0.0408063189851317,0.05011924932132505,0.9090744316935432
26039,LOF,0.02325870100182802,0.14679596657580568,0.8299453324223662
26040,LOF,0.11183196156596752,0.13143543654856019,0.7567326018854722
26041,LOF,0.013162284437231957,0.09094916334917774,0.8958885522135904
26042,LOF,0.011896519869326537,0.10017611345842121,0.8879273666722522
26043,LOF,0.039019748192919056,0.06917860716517009,0.8918016446419109
26044,LOF,0.010910502575193737,0.05450372184278767,0.9345857755820186
26045,LOF,0.08082837784512778,0.11114525614960333,0.808026366005269
26046,LOF,0.03495515954580573,0.05348376750087708,0.9115610729533171
26047,LOF,0.061127820785510045,0.051781115238451796,0.8870910639760382
26048,LOF,0.05909405976615422,0.026110625220406473,0.9147953150134392
26049,Neutral,0.9447454115185018,0.008481971762213202,0.04677261671928505
26050,Neutral,0.9185613867933172,0.008963775514584738,0.07247483769209807
26051,LOF,0.018023072860650424,0.10344806283494194,0.8785288643044077
26052,LOF,0.02939648798743116,0.1262147978418722,0.8443887141706967
26053,LOF,0.02778520854738463,0.15261372876018886,0.8196010626924265
26054,LOF,0.048147791356035405,0.0263791425613774,0.9254730660825871
26055,LOF,0.0663619412772672,0.02418974060771799,0.9094483181150148
26056,LOF,0.05550174349871706,0.029127110707213216,0.9153711457940698
26057,LOF,0.0626529007485093,0.015323921660358899,0.9220231775911318
26058,LOF,0.0665398163074436,0.012230605656407318,0.921229578036149
26059,LOF,0.1883627612261478,0.031350792428183706,0.7802864463456685
26060,LOF,0.01600745952963081,0.1723021665179392,0.81169037395243
26061,LOF,0.012149601829430284,0.009498934423496167,0.9783514637470735
26062,LOF,0.006221068887571168,0.017730220757317706,0.9760487103551112
26063,LOF,0.039872020942979536,0.011456383137607665,0.9486715959194127
26064,LOF,0.010418459416666631,0.029279368360365075,0.9603021722229683
26065,LOF,0.049433355082553754,0.013060793867662207,0.9375058510497839
26066,LOF,0.0468493414084341,0.01112779084271521,0.9420228677488507
26067,LOF,0.05963969791628211,0.010402292728749707,0.9299580093549682
26068,LOF,0.05556923006391204,0.041765093755781274,0.9026656761803066
26069,LOF,0.16389059730169964,0.027809422433915168,0.8082999802643852
26070,LOF,0.3439956228210586,0.02232353261549287,0.6336808445634485
26071,LOF,0.04685334859171713,0.012327553891606401,0.9408190975166765
26072,LOF,0.010334139305276642,0.020752812227022036,0.9689130484677013
26073,LOF,0.040581556134142834,0.014196882168322674,0.9452215616975345
26074,Neutral,0.910345423139581,0.00872826754476456,0.08092630931565445
26075,LOF,0.06165181451079476,0.018527475965555727,0.9198207095236495
26076,LOF,0.05488909122895852,0.012291657725715461,0.932819251045326
26077,LOF,0.14845961223601228,0.007423982016115162,0.8441164057478726
26078,LOF,0.008211684627610596,0.015499897235035979,0.9762884181373535
26079,LOF,0.06944357405255781,0.02044383918685458,0.9101125867605876
26080,LOF,0.0684245732335722,0.020510117483940937,0.9110653092824869
26081,LOF,0.035259743922198446,0.00978423170984505,0.9549560243679565
26082,LOF,0.00740073575512659,0.015221621758477195,0.9773776424863961
26083,LOF,0.11792236626564315,0.020222127563724945,0.8618555061706319
26084,LOF,0.11666852135227673,0.015101119809893255,0.8682303588378301
26085,LOF,0.10611496500549727,0.012952934199797766,0.880932100794705
26086,LOF,0.04080559911893397,0.013317183558226132,0.9458772173228398
26087,LOF,0.039241746686900614,0.011064540793399502,0.9496937125196999
26088,LOF,0.0084529631237672,0.021676120313320238,0.9698709165629126
26089,LOF,0.04411519908992287,0.03166591684219093,0.9242188840678862
26090,LOF,0.0448981981718522,0.024321892701532132,0.9307799091266157
26091,LOF,0.03286608913701544,0.008433722210274237,0.9587001886527102
26092,LOF,0.04485987760246594,0.009050197710782247,0.9460899246867519
26093,LOF,0.08563367751037941,0.006126040616032796,0.9082402818735877
26094,LOF,0.03724340512898343,0.007419816927904512,0.9553367779431121
26095,LOF,0.03807705133725942,0.016795321971307068,0.9451276266914335
26096,LOF,0.1940225916207078,0.005408965898534061,0.8005684424807582
26097,LOF,0.007653218149425908,0.03176377897510936,0.9605830028754646
26098,LOF,0.07353761007497596,0.016869987814466247,0.9095924021105578
26099,LOF,0.04776722038477093,0.01704328619710149,0.9351894934181276
26100,LOF,0.04776722038477093,0.01704328619710149,0.9351894934181276
26101,LOF,0.06098389117572312,0.02975882053731217,0.9092572882869647
26102,LOF,0.03744806861705087,0.017540570039451968,0.9450113613434971
26103,Neutral,0.8832346510813359,0.025910074174139635,0.09085527474452455
26104,LOF,0.060981888653366,0.039594065910757495,0.8994240454358766
26105,LOF,0.27499956915694246,0.13541232563548314,0.5895881052075743
26106,LOF,0.3465295377817805,0.09497182978102049,0.558498632437199
26107,LOF,0.024656363014934558,0.09922458857076492,0.8761190484143005
26108,LOF,0.2934296849618859,0.047125749536267185,0.6594445655018469
26109,LOF,0.08904991377552611,0.037550788773660575,0.8733992974508132
26110,LOF,0.46061448342332534,0.008802362384005993,0.5305831541926687
26111,LOF,0.055323843028782606,0.1278448892820207,0.8168312676891967
26112,LOF,0.06123869123133878,0.008857559696244412,0.9299037490724169
26113,LOF,0.1114584056083426,0.02195210787217425,0.8665894865194831
26114,LOF,0.08981530104440104,0.010246242376492597,0.8999384565791064
26115,LOF,0.01609537348824671,0.04773738096299277,0.9361672455487606
26116,LOF,0.06708340261071653,0.02184363311945713,0.9110729642698263
26117,LOF,0.3661363831159993,0.031583114914834245,0.6022805019691664
26118,LOF,0.04949794784667838,0.015008578697287372,0.9354934734560342
26119,LOF,0.006179736352453914,0.035249769209521865,0.9585704944380242
26120,LOF,0.03404571258515635,0.014819395396747871,0.9511348920180956
26121,LOF,0.003725860066975481,0.118104010346049,0.8781701295869756
