feature0,prediction,LoGoFunc_Neutral,LoGoFunc_GOF,LoGoFunc_LOF
25546,Neutral,0.6617396000793041,0.06337051848000944,0.27488988144068643
25547,LOF,0.3281155695119182,0.28695248361243764,0.384931946875644
25548,LOF,0.28380539469690946,0.1569477537243148,0.5592468515787757
25549,LOF,0.21002406929544415,0.1856311984748459,0.60434473222971
25550,Neutral,0.6041104462456551,0.06644318631615224,0.3294463674381926
25551,Neutral,0.4790587419967579,0.05942913377723363,0.4615121242260084
25552,LOF,0.113345399312963,0.1700553665482745,0.7165992341387625
25553,Neutral,0.46889014434453424,0.06518273995241468,0.46592711570305123
25554,LOF,0.14921445741500883,0.2228261032550769,0.6279594393299143
25555,LOF,0.11254091129516315,0.151936939114602,0.7355221495902348
25556,LOF,0.17816738646239874,0.17721445316558607,0.6446181603720151
25557,LOF,0.09922966998634421,0.15842668652131878,0.7423436434923371
25558,LOF,0.17555667082039586,0.17783814672678389,0.6466051824528203
25559,Neutral,0.43468973540895856,0.1356328287230547,0.4296774358679868
25560,LOF,0.05614232130158586,0.3586471051433178,0.5852105735550963
25561,LOF,0.1128551105641141,0.34160460232814277,0.5455402871077432
25562,LOF,0.32170317467063547,0.10346772429920492,0.5748291010301596
25563,Neutral,0.5451464182275967,0.054766565821565125,0.4000870159508382
25564,LOF,0.045484735474434976,0.32775476868547726,0.6267604958400878
25565,LOF,0.12286551152435954,0.24609922344440924,0.6310352650312313
25566,LOF,0.04821183251864578,0.4399267509701144,0.5118614165112398
25567,LOF,0.3935121099100616,0.07750818186644545,0.528979708223493
25568,Neutral,0.7024116563731305,0.06861908723582845,0.22896925639104104
25569,Neutral,0.6692951960292263,0.07453627458563597,0.25616852938513773
25570,LOF,0.056250185625600926,0.245879887375189,0.69786992699921
25571,LOF,0.061015641396704894,0.2236187450497803,0.7153656135535148
25572,LOF,0.3317211821414033,0.18362556930245819,0.48465324855613845
25573,LOF,0.4196000791729746,0.10640528474302913,0.4739946360839963
25574,GOF,0.10703205094454167,0.48872548766392065,0.4042424613915376
25575,LOF,0.08578551558689321,0.08226333685459714,0.8319511475585097
25576,LOF,0.39605612691460385,0.04934571288551724,0.5545981601998788
25577,LOF,0.41455414172125177,0.06970172994432398,0.5157441283344242
25578,Neutral,0.4292343618613105,0.21313835170110484,0.35762728643758457
25579,Neutral,0.4292343618613105,0.21313835170110484,0.35762728643758457
25580,LOF,0.048156144335984585,0.17212168500668473,0.7797221706573307
25581,Neutral,0.7024116563731305,0.06861908723582845,0.22896925639104104
25582,Neutral,0.7024116563731305,0.06861908723582845,0.22896925639104104
25583,LOF,0.056821033448819246,0.16337881528280893,0.7798001512683719
25584,Neutral,0.35947094437388977,0.2996013600522135,0.34092769557389685
25585,LOF,0.36795568011846624,0.09963657574813282,0.532407744133401
25586,LOF,0.06556947668488906,0.14259905442344126,0.7918314688916697
25587,LOF,0.0637261144476107,0.17774489920150705,0.7585289863508823
25588,LOF,0.04466391964524034,0.2695688121568266,0.6857672681979331
25589,Neutral,0.6051445702905348,0.3070556372976937,0.0877997924117715
25590,LOF,0.2812548198670469,0.23027525380395378,0.48846992632899916
25591,Neutral,0.6879544499368485,0.06918148375232792,0.2428640663108237
25592,LOF,0.058573958275477886,0.14233320795778467,0.7990928337667373
25593,GOF,0.10186628204419439,0.6251292887937435,0.27300442916206197
25594,Neutral,0.6969941197147054,0.05496969535784491,0.2480361849274497
25595,Neutral,0.672222106835698,0.08112885701870681,0.24664903614559508
25596,Neutral,0.476122304996365,0.13355344429860963,0.39032425070502536
25597,LOF,0.437073311433247,0.10397909694063981,0.45894759162611304
25598,Neutral,0.7420497453606831,0.05076977176261355,0.20718048287670338
25599,GOF,0.04089698212292758,0.7367172350874202,0.22238578278965235
25600,GOF,0.0448745614024436,0.6748649589395576,0.28026047965799883
25601,GOF,0.03949805396028331,0.6554679987627317,0.3050339472769849
25602,LOF,0.4095326283254094,0.07957552386350566,0.510891847811085
25603,LOF,0.06154717946696163,0.18162232620487725,0.7568304943281611
25604,Neutral,0.40644790553328974,0.19982276645277489,0.39372932801393545
25605,LOF,0.029835783947497602,0.4386547871238305,0.5315094289286719
25606,GOF,0.029186515083295783,0.5824189311542765,0.38839455376242776
25607,LOF,0.03156883681395237,0.24602052137099523,0.7224106418150525
25608,LOF,0.35960954902217057,0.13803290668165438,0.5023575442961751
25609,LOF,0.21167175692337548,0.17884730391286216,0.6094809391637623
25610,LOF,0.06939606066889509,0.1388432247008152,0.7917607146302897
25611,LOF,0.07304746322886184,0.13833803812824413,0.7886144986428941
25612,Neutral,0.6609691863478091,0.06051757648315626,0.2785132371690348
25613,Neutral,0.6337383883748446,0.05527366996763519,0.3109879416575202
25614,LOF,0.056194606282138286,0.17470922882265855,0.7690961648952032
25615,LOF,0.32941032881364135,0.12692326938214415,0.5436664018042145
25616,LOF,0.054672388088702534,0.3322915834209823,0.6130360284903151
25617,LOF,0.059261437898224176,0.10146087928626402,0.8392776828155117
25618,LOF,0.05911168396758443,0.15886759795720404,0.7820207180752117
25619,LOF,0.07009930225120237,0.2463186134915419,0.6835820842572559
25620,LOF,0.05611298916181059,0.1685285978687803,0.7753584129694091
25621,LOF,0.40118768283444367,0.07708718569985881,0.5217251314656975
25622,LOF,0.36666481380856164,0.11169338833040261,0.5216417978610358
25623,LOF,0.36397442592126983,0.13790169999312554,0.4981238740856046
25624,LOF,0.04710008884345867,0.22017544489641305,0.7327244662601283
25625,LOF,0.3261829390965018,0.06556902817170145,0.6082480327317967
25626,Neutral,0.6511430892807761,0.05531557673185281,0.29354133398737103
25627,GOF,0.03566710585777069,0.585387738105052,0.3789451560371773
25628,Neutral,0.47247544970276095,0.0973475295207504,0.4301770207764887
25629,Neutral,0.6749939985749762,0.07426363964827756,0.2507423617767463
25630,LOF,0.08747738890602877,0.3003642859516683,0.612158325142303
25631,Neutral,0.505842415975718,0.24824275205191346,0.24591483197236863
25632,LOF,0.40354218996601615,0.0377072308574383,0.5587505791765456
25633,Neutral,0.4292343618613105,0.21313835170110484,0.35762728643758457
25634,Neutral,0.6980253272947963,0.07037109220225574,0.23160358050294794
25635,LOF,0.0776146712720401,0.11113968029814443,0.8112456484298154
25636,GOF,0.052265729432565314,0.6411293010014085,0.3066049695660262
25637,GOF,0.041095246500237236,0.5290835292132041,0.4298212242865587
25638,GOF,0.03765727095231963,0.7359700412168813,0.22637268783079906
25639,GOF,0.04519216717000209,0.5438131913887204,0.41099464144127745
25640,GOF,0.13012578165463048,0.7555881956701406,0.11428602267522904
25641,LOF,0.042885296115418685,0.32313477196363105,0.6339799319209503
25642,Neutral,0.6974181183180121,0.09971932393729609,0.2028625577446917
25643,Neutral,0.5111072952001227,0.07448269654792403,0.41441000825195323
25644,GOF,0.03581032030475675,0.655397341787938,0.30879233790730537
25645,GOF,0.03427252832526789,0.6957460470499103,0.2699814246248217
25646,GOF,0.026515217860628357,0.6220643667143618,0.3514204154250098
25647,GOF,0.05374550064561496,0.6483087528224991,0.2979457465318859
25648,GOF,0.04756100331512277,0.7700592893330926,0.18237970735178471
25649,GOF,0.07156751267061136,0.7135261905695488,0.21490629675983977
25650,LOF,0.06672495866270038,0.45677704410239606,0.4764979972349036
25651,GOF,0.027207978261662984,0.5159737858321648,0.4568182359061723
25652,GOF,0.03875931996664381,0.5226648839209849,0.4385757961123713
25653,LOF,0.05461860862644179,0.46455973193856914,0.48082165943498895
25654,GOF,0.056566148967837265,0.6530534879637763,0.29038036306838644
25655,GOF,0.051478969044846924,0.7284897088618172,0.2200313220933358
25656,LOF,0.04903096052166883,0.22443761153089453,0.7265314279474365
25657,Neutral,0.5187668704823811,0.024945610291645163,0.4562875192259737
25658,LOF,0.07255083417657941,0.42411060438368015,0.5033385614397404
25659,LOF,0.17276644507398456,0.29858617726090037,0.528647377665115
25660,LOF,0.08921073289587302,0.26323554271481137,0.6475537243893156
25661,LOF,0.08198801287127849,0.18357404728014048,0.7344379398485811
25662,LOF,0.052468055404332144,0.23034698089048433,0.7171849637051836
25663,LOF,0.06560780853808004,0.15777968176636087,0.7766125096955591
25664,LOF,0.3588773704697376,0.102040290839575,0.5390823386906874
25665,Neutral,0.6209882410110886,0.07222974583933545,0.3067820131495759
25666,LOF,0.3010484325867388,0.05820760258938356,0.6407439648238776
25667,LOF,0.0663746075243859,0.17488429279555098,0.7587410996800631
25668,LOF,0.05261881800709026,0.18958802937442876,0.7577931526184809
25669,LOF,0.04691845143986957,0.179988618336816,0.7730929302233144
25670,LOF,0.3956653641323552,0.09573902123449145,0.5085956146331534
25671,LOF,0.05739294740592785,0.16612069837224114,0.7764863542218311
25672,Neutral,0.6366448557570485,0.0741827318305942,0.28917241241235725
25673,LOF,0.24135447799865764,0.16091151264262812,0.5977340093587142
25674,LOF,0.3849818689013355,0.14871654673589804,0.46630158436276636
25675,Neutral,0.4463732476497806,0.1443869556866488,0.4092397966635705
25676,LOF,0.050131259918603926,0.2094353842739504,0.7404333558074457
25677,LOF,0.06089603715880438,0.14407342167808074,0.7950305411631149
25678,Neutral,0.47674713183054945,0.14291174632081152,0.38034112184863905
25679,Neutral,0.5193609633063814,0.10490274481323787,0.3757362918803807
25680,LOF,0.10197168807585674,0.16256069433030026,0.7354676175938429
25681,LOF,0.11153680072421909,0.1689910399946607,0.7194721592811203
25682,LOF,0.07186337405952349,0.291272087107248,0.6368645388332285
25683,LOF,0.3800026118428362,0.17360956659290974,0.4463878215642542
25684,LOF,0.0463580752030357,0.260750546085374,0.6928913787115903
25685,Neutral,0.4442650680949345,0.18501864804182827,0.37071628386323724
25686,GOF,0.10003827963779605,0.592285445419093,0.30767627494311084
25687,GOF,0.10580513611046498,0.6171259056825311,0.27706895820700383
25688,GOF,0.044977517001202505,0.5625389189886614,0.39248356401013607
25689,LOF,0.031843694837287335,0.3560671122246057,0.6120891929381069
25690,GOF,0.022760399161543158,0.5828115317004443,0.3944280691380126
25691,GOF,0.051510217305488104,0.5327684162826236,0.41572136641188834
25692,Neutral,0.478338973594439,0.09052587361771383,0.43113515278784714
25693,GOF,0.13905187843023256,0.6124631405709141,0.2484849809988533
25694,Neutral,0.49935364332335586,0.06541815630260023,0.4352282003740441
25695,LOF,0.19214145856995618,0.10980386665667104,0.6980546747733728
25696,LOF,0.38337727265536786,0.15716532494689608,0.4594574023977361
25697,Neutral,0.4667964101343772,0.19967745908919923,0.33352613077642357
25698,GOF,0.058828934708097545,0.7889886645853339,0.15218240070656852
25699,GOF,0.03559289411418968,0.7407914438327448,0.22361566205306568
25700,LOF,0.07220582314375462,0.08761763143463916,0.8401765454216062
25701,GOF,0.031180354415491506,0.48854043703731087,0.4802792085471975
25702,GOF,0.07594051076269047,0.6638138785017969,0.2602456107355127
25703,LOF,0.4153953734157428,0.028654223828455304,0.555950402755802
25704,LOF,0.0660641300442822,0.11318027614479208,0.8207555938109257
25705,LOF,0.10369308742755279,0.18353483794775954,0.7127720746246877
25706,GOF,0.0597201093434738,0.6858107847565199,0.25446910590000615
25707,GOF,0.03680313273182229,0.49372477475700915,0.46947209251116845
25708,GOF,0.055513967897363736,0.5031218454208423,0.4413641866817939
25709,LOF,0.05342810964957977,0.18543372934621807,0.7611381610042021
25710,Neutral,0.5169660076277312,0.09287839860037343,0.3901555937718954
25711,LOF,0.04982805632788138,0.22607114832547434,0.7241007953466443
25712,Neutral,0.5079650094184668,0.06285831169203768,0.42917667888949557
25713,LOF,0.06999048062489316,0.2600965581922537,0.6699129611828532
25714,LOF,0.07677002475133371,0.298010015805864,0.6252199594428023
25715,LOF,0.05337434850310182,0.3799579292491173,0.5666677222477808
25716,LOF,0.352118223183139,0.20777980576944408,0.44010197104741694
25717,Neutral,0.45774764306922033,0.1287576417777236,0.41349471515305597
25718,LOF,0.0640578355577924,0.15144502322067996,0.7844971412215277
25719,LOF,0.05130357781885376,0.1774892406928402,0.771207181488306
25720,LOF,0.053222490853077245,0.12620695071779858,0.8205705584291242
25721,LOF,0.06875563369959688,0.13719320386973252,0.7940511624306706
25722,LOF,0.07116527529962481,0.16058777650932243,0.7682469481910528
25723,LOF,0.04931532461369371,0.35187098269889927,0.598813692687407
25724,LOF,0.05434284184537736,0.2043637927033932,0.7412933654512295
25725,LOF,0.06334161478505584,0.1315963017097946,0.8050620835051495
25726,LOF,0.06973381274383907,0.1879704446489337,0.7422957426072273
25727,LOF,0.06740700466410218,0.1981468989055557,0.7344460964303422
25728,LOF,0.05328313004962678,0.24582289600443513,0.700893973945938
25729,LOF,0.05328313004962678,0.24582289600443513,0.700893973945938
25730,LOF,0.05106550323154493,0.270093408945584,0.6788410878228711
25731,LOF,0.23738917513369928,0.076410513035314,0.6862003118309867
25732,LOF,0.06345984798463117,0.1669410677462986,0.7695990842690703
25733,LOF,0.04342890296118602,0.2658547245804938,0.6907163724583203
25734,LOF,0.38790150471765655,0.09873977168928673,0.5133587235930567
25735,LOF,0.046566460909166066,0.18984699875050073,0.7635865403403331
25736,LOF,0.0466273484718013,0.2406844198991791,0.7126882316290196
25737,LOF,0.04680675358658849,0.22389159178002493,0.7293016546333866
25738,LOF,0.060545602798676185,0.3428893488784842,0.5965650483228396
25739,LOF,0.05198155346746135,0.25442213714544376,0.6935963093870948
25740,LOF,0.09092788651657212,0.20525306680617475,0.7038190466772531
25741,LOF,0.10297606142577369,0.2097856796198648,0.6872382589543615
25742,LOF,0.1092034315087932,0.19177636328110398,0.6990202052101029
25743,LOF,0.3089990427216918,0.07751331809804368,0.6134876391802645
25744,GOF,0.03642053459502061,0.5888429518514322,0.37473651355354715
25745,GOF,0.04525961794527617,0.7250170567916495,0.2297233252630742
25746,GOF,0.05323456484819025,0.710619786739784,0.23614564841202576
25747,LOF,0.05171230978200609,0.15663219251668603,0.7916554977013078
25748,Neutral,0.4292343618613105,0.21313835170110484,0.35762728643758457
25749,GOF,0.02803771340539119,0.6923505448232796,0.2796117417713292
25750,GOF,0.035661382818924794,0.6617680219062133,0.3025705952748619
25751,LOF,0.047742522159634725,0.26559349112352115,0.6866639867168441
25752,GOF,0.25765560371828916,0.3785626511292902,0.3637817451524206
25753,LOF,0.3276223057646271,0.09551986520350272,0.5768578290318702
25754,GOF,0.031308524712434005,0.6255957251895258,0.3430957500980401
25755,LOF,0.2362361998788897,0.1268543957761045,0.6369094043450059
25756,Neutral,0.6801611353564566,0.059063821892442796,0.26077504275110064
25757,GOF,0.04668272937085995,0.6638259148159497,0.2894913558131904
25758,GOF,0.032911197109318106,0.7120873630382344,0.2550014398524475
25759,GOF,0.024306582151054745,0.6674781634260358,0.30821525442290953
25760,LOF,0.36647376159752804,0.152651100064992,0.48087513833748013
25761,GOF,0.02483184208919205,0.7211474685935563,0.25402068931725147
25762,Neutral,0.6980253272947963,0.07037109220225574,0.23160358050294794
25763,LOF,0.36881239981460645,0.0638164996747246,0.5673711005106689
25764,GOF,0.20213221447556395,0.500059868047673,0.29780791747676294
25765,GOF,0.03372611301783582,0.6856682079598433,0.2806056790223208
25766,GOF,0.06447326158514004,0.6818034012799381,0.25372333713492184
25767,GOF,0.03480853544589128,0.7571655059312401,0.20802595862286855
25768,LOF,0.052226905793957806,0.1632189091194237,0.7845541850866184
25769,LOF,0.061842875238601436,0.13095549303710305,0.8072016317242956
25770,Neutral,0.6347857609519917,0.056264820939774814,0.3089494181082336
25771,LOF,0.33485924972424436,0.09622006607704733,0.5689206841987083
25772,LOF,0.07464772258524174,0.10346521347572701,0.8218870639390312
25773,LOF,0.4535215412051224,0.06353754418826134,0.48294091460661626
25774,Neutral,0.6749939985749762,0.07426363964827756,0.2507423617767463
25775,LOF,0.2730441706003584,0.05485356280107238,0.6721022665985693
25776,LOF,0.058186116151844845,0.11224175271816438,0.8295721311299907
25777,Neutral,0.6195858331149102,0.072564867014896,0.3078492998701937
25778,LOF,0.0875949547099271,0.06482540773427566,0.8475796375557972
25779,GOF,0.06786623594740293,0.7502031362786179,0.1819306277739792
25780,GOF,0.05500651235985063,0.7828722866833838,0.16212120095676555
25781,GOF,0.050727473450595195,0.730874482880571,0.2183980436688339
25782,GOF,0.05223175529582359,0.7463791665527698,0.20138907815140653
25783,GOF,0.05928672616222376,0.763914323540719,0.17679895029705728
25784,GOF,0.0403968610120722,0.7546874287671851,0.2049157102207427
25785,GOF,0.05332056741074844,0.7109797907444119,0.23569964184483957
25786,GOF,0.050668204609290494,0.7130701310186085,0.23626166437210103
25787,GOF,0.04736705193960418,0.5767896318401368,0.37584331622025896
25788,LOF,0.050197943293956285,0.16366769952811555,0.7861343571779281
25789,GOF,0.05189954070577441,0.822392169345777,0.12570828994844874
25790,GOF,0.053677929825255315,0.7571049172114557,0.18921715296328906
25791,GOF,0.04821117724050006,0.6930242933149395,0.2587645294445604
25792,GOF,0.048830557272701226,0.6941872452813714,0.2569821974459274
25793,GOF,0.035495213689619276,0.7509749439313488,0.21352984237903194
25794,GOF,0.057913851231878824,0.692961911833784,0.2491242369343373
25795,GOF,0.06599355312673381,0.7034527827324143,0.23055366414085193
25796,GOF,0.06510946340753823,0.7510955769336486,0.18379495965881315
25797,GOF,0.05756898778200916,0.7695761683714853,0.17285484384650557
25798,GOF,0.05454729265178806,0.8159567674248756,0.12949593992333644
25799,GOF,0.05582810865558974,0.7984079385548689,0.14576395278954132
25800,GOF,0.05492680050998555,0.8119830155763142,0.13309018391370023
25801,GOF,0.06443690067830286,0.7602918987871237,0.17527120053457335
25802,GOF,0.07001509864956211,0.7442441273542938,0.18574077399614394
25803,GOF,0.0477616239365103,0.7769984708066554,0.1752399052568343
25804,GOF,0.09680295927316183,0.7290093094459986,0.17418773128083953
25805,GOF,0.05711088017201588,0.7837708321082534,0.1591182877197306
25806,GOF,0.05405607693336933,0.7863690788545851,0.1595748442120458
25807,GOF,0.06878341324567785,0.6979527486029207,0.2332638381514015
25808,GOF,0.0775374634333056,0.723668756569876,0.1987937799968184
25809,GOF,0.037230858408820455,0.6959880159269631,0.2667811256642163
25810,GOF,0.03613465149878813,0.7264857394880447,0.23737960901316704
25811,GOF,0.04737104610888182,0.5335930799667352,0.41903587392438296
25812,GOF,0.05170692764097624,0.7899101483264035,0.1583829240326203
25813,GOF,0.06528739578144464,0.7607354419703282,0.17397716224822732
25814,GOF,0.0647406568567527,0.7847579493579627,0.1505013937852846
25815,GOF,0.050148281997871656,0.7920652400382572,0.15778647796387116
25816,GOF,0.039591966103006554,0.7586954035568672,0.20171263034012635
25817,GOF,0.030921345421240115,0.7585747714182063,0.21050388316055363
25818,GOF,0.03028688864695242,0.6990666548487662,0.2706464565042814
25819,GOF,0.069373692239509,0.6673695061346875,0.26325680162580345
25820,GOF,0.061905103787684455,0.746458364291091,0.19163653192122454
25821,GOF,0.06264813661086768,0.7542034908986807,0.1831483724904516
25822,GOF,0.07072703258403079,0.6438905836769693,0.2853823837389999
25823,GOF,0.11357279335893501,0.536601299898887,0.34982590674217795
25824,GOF,0.0698812691385886,0.6754482845607,0.2546704463007114
25825,GOF,0.06791647885906042,0.6754492936806265,0.2566342274603131
25826,GOF,0.0698812691385886,0.6754482845607,0.2546704463007114
25827,GOF,0.05564990711319978,0.6954102412238038,0.24893985166299637
25828,GOF,0.05287898809158227,0.6666488836511525,0.28047212825726525
25829,LOF,0.36840064389590454,0.08215396738060476,0.5494453887234907
25830,LOF,0.04888280762077169,0.23100209389300552,0.7201150984862227
25831,GOF,0.054461239516604316,0.6307123587939191,0.3148264016894765
25832,GOF,0.05051956127514673,0.6943143951992177,0.2551660435256356
25833,GOF,0.04999084593734396,0.6970659700819076,0.2529431839807485
25834,GOF,0.048166567544133954,0.651629442000577,0.3002039904552891
25835,GOF,0.06703566195152084,0.6922183033930907,0.24074603465538844
25836,GOF,0.06287027828116669,0.6664166928168063,0.2707130289020271
25837,GOF,0.07641360744133084,0.5907678538172512,0.3328185387414179
25838,GOF,0.07336014855672593,0.5940140273813848,0.33262582406188945
25839,GOF,0.0683071076861903,0.6259251928800823,0.30576769943372734
25840,GOF,0.03646147430033844,0.6905489969527158,0.27298952874694576
25841,GOF,0.0364235265483212,0.6801962510251182,0.28338022242656075
25842,GOF,0.029748355710315956,0.6989167205311567,0.27133492375852725
25843,GOF,0.030109201547623206,0.6968379882292947,0.2730528102230819
25844,GOF,0.034757672931250226,0.6786744151398048,0.28656791192894493
25845,GOF,0.03476854021010444,0.7206875623048987,0.24454389748499675
25846,GOF,0.034175303242274004,0.6787012309792625,0.2871234657784635
25847,GOF,0.07720957549060893,0.5881439975045696,0.3346464270048215
25848,GOF,0.04585514247602146,0.721002989365457,0.23314186815852145
25849,GOF,0.044346671919872245,0.7203178520675166,0.235335476012611
25850,GOF,0.0892123001687777,0.7360631367189613,0.17472456311226117
25851,GOF,0.09646420212856707,0.7237808729411581,0.17975492493027492
25852,GOF,0.16543591726760368,0.5056270964272951,0.32893698630510126
25853,GOF,0.048405502416949284,0.7634581276281532,0.18813636995489746
25854,GOF,0.03764719406806072,0.7735126931979573,0.1888401127339819
25855,GOF,0.07150155250344001,0.7813339933295897,0.14716445416697027
25856,GOF,0.0679024860860088,0.7813362165720343,0.15076129734195698
25857,GOF,0.07207875102657917,0.7929055894311452,0.1350156595422756
25858,GOF,0.06202802798052749,0.6820305457668437,0.2559414262526287
25859,GOF,0.06149819799844533,0.6936632693738718,0.24483853262768288
25860,GOF,0.07182343538565401,0.6044786540872845,0.32369791052706137
25861,GOF,0.06013875561047786,0.6020678612417112,0.3377933831478108
25862,GOF,0.03475101856555719,0.7738120358737248,0.1914369455607179
25863,GOF,0.037889042284585575,0.7728577468877643,0.18925321082765012
25864,GOF,0.03832459541083335,0.7811748785119051,0.18050052607726152
25865,GOF,0.04159467005635764,0.7921782490566011,0.16622708088704144
25866,GOF,0.03917729308146445,0.7888557231567209,0.17196698376181466
25867,GOF,0.03906084703639011,0.7868042348660189,0.17413491809759102
25868,GOF,0.05815165219948224,0.6807493333656024,0.26109901443491546
25869,GOF,0.057821474855375206,0.6820925219296946,0.2600860032149301
25870,LOF,0.052283881482864315,0.20190973771271453,0.7458063808044212
25871,GOF,0.04283827557767642,0.6636101022760174,0.2935516221463062
25872,GOF,0.056376345028308315,0.5436887601649713,0.3999348948067205
25873,GOF,0.07157145777165654,0.6068750320674542,0.32155351016088934
25874,LOF,0.06694704624099988,0.1201543025750842,0.8128986511839158
25875,GOF,0.06965833508971754,0.6826000205596472,0.24774164435063512
25876,Neutral,0.49000275662062004,0.06506697200085901,0.4449302713785209
25877,GOF,0.07872812716275104,0.6643284731090772,0.2569433997281717
25878,GOF,0.05513510037034796,0.742513103917445,0.20235179571220707
25879,GOF,0.05405911050062349,0.5870205411307569,0.3589203483686197
25880,LOF,0.06463289717654877,0.14752334417229387,0.7878437586511573
25881,Neutral,0.7387357472167123,0.17488410759025985,0.08638014519302777
25882,LOF,0.41148829942338666,0.12763678435102646,0.4608749162255868
25883,LOF,0.06414054809481684,0.11986814281802413,0.815991309087159
25884,LOF,0.4396024854443549,0.0749247847471604,0.48547272980848466
25885,Neutral,0.622313892490876,0.014536913746421043,0.3631491937627029
25886,Neutral,0.4292343618613105,0.21313835170110484,0.35762728643758457
25887,Neutral,0.43011153718894324,0.4128842594685342,0.15700420334252252
25888,GOF,0.08935646148329457,0.5971280675427657,0.3135154709739398
25889,LOF,0.2436959447921134,0.17572639151816213,0.5805776636897245
25890,LOF,0.14908231640900832,0.2611857455066953,0.5897319380842964
25891,LOF,0.2686366834264746,0.22803375999866107,0.5033295565748642
25892,LOF,0.01758049432282521,0.407264823596472,0.5751546820807028
25893,LOF,0.41706320591332,0.14290236312930488,0.4400344309573751
25894,LOF,0.3519534983692551,0.0969818600335104,0.5510646415972346
25895,Neutral,0.45005861929819296,0.10622064387407855,0.44372073682772845
25896,Neutral,0.642068152065113,0.05685281174543516,0.30107903618945187
25897,LOF,0.21195483657626904,0.20069306140475243,0.5873521020189785
25898,GOF,0.0844713310862859,0.7047729672099707,0.2107557017037433
25899,Neutral,0.4292343618613105,0.21313835170110484,0.35762728643758457
25900,Neutral,0.806883711099716,0.047879566413225716,0.14523672248705832
25901,LOF,0.07828163333139093,0.12142513879930653,0.8002932278693025
25902,LOF,0.3629913630755812,0.18503272208170435,0.45197591484271454
25903,LOF,0.17623697214323514,0.39485194100523235,0.42891108685153245
25904,Neutral,0.4292343618613105,0.21313835170110484,0.35762728643758457
25905,LOF,0.056399131889014915,0.43102438569258605,0.512576482418399
25906,LOF,0.40616301745765654,0.08530821747958614,0.5085287650627573
25907,GOF,0.04539299807416873,0.5330450953396297,0.4215619065862014
25908,GOF,0.04814004574051223,0.5772809315153422,0.37457902274414556
25909,LOF,0.07413825512594663,0.36049861258839666,0.5653631322856566
25910,LOF,0.022844362639642842,0.4584336925426886,0.5187219448176685
25911,Neutral,0.6854067221736655,0.058243722267904995,0.25634955555842953
25912,LOF,0.47005255988247574,0.02944961822968302,0.5004978218878412
25913,GOF,0.022322553157341666,0.6093062639269338,0.3683711829157246
25914,LOF,0.06135357859984303,0.2711441370379144,0.6675022843622426
25915,GOF,0.08257667919167652,0.6368509861468369,0.28057233466148657
25916,GOF,0.06603187687948525,0.7457176853001016,0.18825043782041312
25917,Neutral,0.7509568681305574,0.05309893539188727,0.1959441964775553
25918,LOF,0.0510298963073263,0.2552333766073662,0.6937367270853074
25919,LOF,0.050321511599647956,0.12247890941699134,0.8271995789833607
25920,LOF,0.3198669230076824,0.30480947058975033,0.37532360640256734
25921,LOF,0.3727799321882134,0.040150860487055864,0.5870692073247308
25922,LOF,0.269595085478271,0.04205990751498947,0.6883450070067395
25923,Neutral,0.4292343618613105,0.21313835170110484,0.35762728643758457
25924,LOF,0.31836887947709314,0.12359694903419131,0.5580341714887156
25925,Neutral,0.6319689252650151,0.06772458690360085,0.30030648783138403
25926,Neutral,0.6848434582785342,0.07608168675205332,0.2390748549694124
25927,GOF,0.03929128351694049,0.5052339983003867,0.45547471818267277
25928,LOF,0.3495863133191793,0.06930151804001693,0.5811121686408037
25929,Neutral,0.4292343618613105,0.21313835170110484,0.35762728643758457
25930,LOF,0.05965417685045821,0.13890367289160874,0.8014421502579331
25931,LOF,0.4050328876833189,0.1034758716255416,0.4914912406911395
25932,LOF,0.07421393249919853,0.09915130934033407,0.8266347581604674
25933,LOF,0.07709393154312776,0.12839868954429948,0.7945073789125727
25934,LOF,0.06608372755170103,0.13561531201620272,0.7983009604320962
25935,Neutral,0.6749939985749762,0.07426363964827756,0.2507423617767463
25936,LOF,0.06508765903433968,0.08140700464966444,0.853505336315996
25937,LOF,0.33314055762196165,0.21581479524356492,0.45104464713447345
25938,Neutral,0.6854067221736655,0.058243722267904995,0.25634955555842953
25939,LOF,0.054759360216429576,0.18833919791724243,0.756901441866328
25940,GOF,0.11163051087589151,0.6830653733129024,0.20530411581120594
25941,Neutral,0.4885573144936633,0.224240705828851,0.2872019796774857
25942,LOF,0.2693167185202072,0.15720752336332386,0.573475758116469
25943,LOF,0.025748554782535144,0.42949274146146804,0.5447587037559968
25944,LOF,0.021916992299449937,0.4790668719743483,0.49901613572620174
25945,LOF,0.05174422560738993,0.15857405528180424,0.7896817191108058
25946,LOF,0.4217716162160172,0.04241687963746859,0.5358115041465142
25947,Neutral,0.6858070420519559,0.048396429827122465,0.26579652812092175
25948,LOF,0.42971182420922277,0.049061044932124084,0.5212271308586531
25949,LOF,0.4511329725685822,0.06451860379077014,0.4843484236406477
25950,GOF,0.0734650922889366,0.6663274413834243,0.26020746632763914
25951,GOF,0.02856506041012646,0.7657445736430318,0.20569036594684165
25952,GOF,0.17828813202744004,0.4177297309070498,0.40398213706551017
25953,LOF,0.05938598582614853,0.359757325343411,0.5808566888304404
25954,GOF,0.04052442546263758,0.6793681647812705,0.28010740975609194
25955,GOF,0.02838081352224241,0.6054623881615938,0.3661567983161638
25956,GOF,0.07007366828254566,0.5556675654883112,0.37425876622914306
25957,Neutral,0.6578865568357966,0.05007634752396473,0.29203709564023866
25958,LOF,0.09669591122870892,0.11069186401633296,0.7926122247549582
25959,GOF,0.026632653737726407,0.5781850828913134,0.3951822633709602
25960,LOF,0.31843172506678863,0.07299129036545268,0.6085769845677588
25961,LOF,0.0452410647549365,0.3990344941131007,0.5557244411319627
25962,LOF,0.4177927903460609,0.04408550513447774,0.5381217045194614
25963,GOF,0.019519729231461207,0.6419907161168904,0.3384895546516484
25964,LOF,0.0795959441832197,0.259805314847602,0.6605987409691784
25965,GOF,0.15466306308385552,0.5799849361792099,0.2653520007369346
25966,Neutral,0.4292343618613105,0.21313835170110484,0.35762728643758457
25967,LOF,0.3257183061402122,0.06975235383910018,0.6045293400206876
25968,GOF,0.21090901426451727,0.5216296259624954,0.26746135977298724
25969,Neutral,0.5446601610192281,0.07155819549959012,0.3837816434811817
25970,LOF,0.36817095032669706,0.1560080189149728,0.47582103075833015
25971,LOF,0.11203432146746681,0.18114654087339116,0.706819137659142
25972,LOF,0.12153967422981646,0.14549387784263237,0.7329664479275512
25973,LOF,0.4015765402929943,0.03757067634349341,0.5608527833635123
25974,GOF,0.05044319422888128,0.5852923859849314,0.36426441978618734
25975,LOF,0.06701016587980627,0.08878425294647253,0.8442055811737211
25976,LOF,0.3834329376669592,0.019519445192466855,0.597047617140574
25977,Neutral,0.5079410075295504,0.055642812353452274,0.4364161801169973
25978,LOF,0.17550346606727976,0.17420250940019494,0.6502940245325253
25979,LOF,0.10042910559872954,0.1936813048668416,0.7058895895344289
25980,LOF,0.2100569005290767,0.3676310099086986,0.42231208956222477
25981,GOF,0.22024254102262447,0.4321909817321412,0.34756647724523426
25982,LOF,0.1717014730631797,0.29869794150090895,0.5296005854359113
25983,LOF,0.11957751310389154,0.32690624371369126,0.5535162431824172
25984,LOF,0.06347209933967944,0.1657127374914778,0.7708151631688427
25985,Neutral,0.7474876829973129,0.1401141684718037,0.11239814853088344
25986,GOF,0.03782034790889527,0.6161393871875995,0.3460402649035052
25987,LOF,0.4282476204523637,0.037704704022176294,0.53404767552546
25988,LOF,0.05174799018924099,0.25158881528060534,0.6966631945301537
25989,LOF,0.05956721564769942,0.3539318737519837,0.586500910600317
25990,LOF,0.05022068637188777,0.43915542218952824,0.510623891438584
25991,GOF,0.04762255675610105,0.5556319252202078,0.39674551802369123
25992,GOF,0.06608660900794586,0.6472359786058998,0.2866774123861543
25993,LOF,0.08081021429193871,0.1101317565398038,0.8090580291682574
25994,LOF,0.09141167207340578,0.07376634934421536,0.8348219785823788
25995,LOF,0.05427531067335286,0.18707510005071845,0.7586495892759287
25996,GOF,0.31978065442424036,0.394028461159054,0.28619088441670554
25997,GOF,0.18991413150882763,0.520589438205089,0.28949643028608335
25998,LOF,0.24837167649014322,0.2779821987865981,0.47364612472325873
25999,LOF,0.024118024895154508,0.33172365358889905,0.6441583215159464
26000,LOF,0.341916051318448,0.08081279591823247,0.5772711527633195
26001,LOF,0.2010228317971317,0.35501149521085285,0.4439656729920153
26002,LOF,0.4107095120670929,0.14596196977045436,0.4433285181624526
26003,GOF,0.04336089655131115,0.7122957847576711,0.24434331869101789
26004,GOF,0.11299188608084558,0.6762939402277093,0.21071417369144516
26005,GOF,0.05270857900370953,0.733787975556482,0.21350344543980856
26006,GOF,0.05953034735286259,0.6498284873605565,0.29064116528658085
26007,GOF,0.03897046065955364,0.7826420861270077,0.17838745321343874
26008,GOF,0.10065699104656395,0.6437614029456525,0.25558160600778346
26009,GOF,0.0713218585264373,0.6554580193964389,0.2732201220771238
26010,GOF,0.04227543244999032,0.7964255435807706,0.16129902396923915
26011,GOF,0.043761562493780215,0.6702735013615835,0.28596493614463625
26012,GOF,0.03599832471908641,0.7220668564204051,0.24193481886050835
26013,GOF,0.05713746268935424,0.7056441160694498,0.23721842124119613
26014,Neutral,0.5134856026459184,0.04464140531919528,0.4418729920348862
26015,LOF,0.24718271842711692,0.2907145244410943,0.46210275713178883
26016,LOF,0.20491000917250618,0.33242599392186156,0.46266399690563226
26017,GOF,0.030968169786559342,0.4896262010167099,0.4794056291967307
26018,LOF,0.040031230004427994,0.33137267839663853,0.6285960915989335
26019,LOF,0.05878955632083121,0.11381538044852373,0.8273950632306449
26020,GOF,0.02530762886867443,0.6622007928607785,0.31249157827054713
26021,LOF,0.39206263534365793,0.1371615521786703,0.47077581247767175
26022,LOF,0.3030369962167354,0.08593691530474785,0.6110260884785168
26023,LOF,0.09126543249826283,0.05972745882312626,0.8490071086786108
26024,LOF,0.14938160135745743,0.2550555057115078,0.5955628929310348
26025,LOF,0.038725625673106154,0.40888211398326796,0.5523922603436259
26026,GOF,0.030603836591552795,0.5295321096252725,0.43986405378317456
26027,LOF,0.058886220682334955,0.19099512234634908,0.7501186569713159
26028,GOF,0.1733999370933324,0.42650120398748836,0.40009885891917935
26029,GOF,0.06287038139281456,0.727300587605738,0.20982903100144734
26030,Neutral,0.621773292499112,0.02998356401257772,0.34824314348831026
26031,GOF,0.03419770077818611,0.671948743398643,0.29385355582317096
26032,LOF,0.058135626808339384,0.1221163785469139,0.8197479946447468
26033,LOF,0.06460534024608812,0.1251562579877118,0.8102384017662001
26034,GOF,0.0326681169639068,0.6572155887171116,0.31011629431898174
26035,GOF,0.04087946515131506,0.6745900825836832,0.28453045226500173
26036,GOF,0.03706904091593943,0.5612714413436467,0.40165951774041375
26037,GOF,0.04565553814697784,0.6678799989075808,0.2864644629454414
26038,LOF,0.05652123380253754,0.1514362068153338,0.7920425593821288
26039,GOF,0.03802203252586661,0.5311994222164848,0.4307785452576486
26040,LOF,0.05304190286132019,0.1759391374636086,0.7710189596750713
26041,GOF,0.07719077503745828,0.5673379081492774,0.3554713168132643
26042,GOF,0.07460536361273784,0.5596093585911046,0.3657852777961576
26043,LOF,0.05514076436553837,0.3041995668126658,0.6406596688217959
26044,Neutral,0.5132231568819299,0.12196929671806159,0.36480754640000845
26045,GOF,0.07398068885307138,0.6972318752065064,0.22878743594042214
26046,LOF,0.059222574061776376,0.24525886932349356,0.69551855661473
26047,LOF,0.07758367170570293,0.22346295193223684,0.6989533763620602
26048,Neutral,0.5170235911332385,0.07417932858266929,0.40879708028409223
26049,Neutral,0.6312130491514721,0.1250762748881176,0.2437106759604103
26050,Neutral,0.6749939985749762,0.07426363964827756,0.2507423617767463
26051,GOF,0.03383021380336699,0.6397557830445981,0.3264140031520349
26052,GOF,0.042952308399004574,0.7268927934615846,0.23015489813941079
26053,Neutral,0.4919310381491429,0.06245775471228524,0.44561120713857194
26054,Neutral,0.6854067221736655,0.058243722267904995,0.25634955555842953
26055,Neutral,0.6854067221736655,0.058243722267904995,0.25634955555842953
26056,Neutral,0.6854067221736655,0.058243722267904995,0.25634955555842953
26057,LOF,0.054906346201116875,0.1683449338140441,0.7767487199848391
26058,LOF,0.05315844739053528,0.1973304271655114,0.7495111254439534
26059,Neutral,0.8332362638542019,0.0485145869995185,0.11824914914627947
26060,GOF,0.031651705874640806,0.7097056725747625,0.25864262155059686
26061,LOF,0.38760612427620156,0.0878426824780873,0.5245511932457111
26062,LOF,0.4171658559162775,0.049798297105345925,0.5330358469783767
26063,LOF,0.07771698437456445,0.08428934740418062,0.837993668221255
26064,Neutral,0.4910451576879717,0.04542578151608129,0.46352906079594686
26065,LOF,0.06451561793676709,0.16433759752043806,0.7711467845427948
26066,LOF,0.06928763030472762,0.1453787648701569,0.7853336048251155
26067,LOF,0.06169180806638318,0.19433411289020414,0.7439740790434126
26068,Neutral,0.6366448557570485,0.0741827318305942,0.28917241241235725
26069,Neutral,0.6141248731712186,0.07685369536486342,0.3090214314639181
26070,Neutral,0.6141248731712186,0.07685369536486342,0.3090214314639181
26071,LOF,0.06264840642768969,0.1247861504186189,0.8125654431536915
26072,LOF,0.35319173114062463,0.17716425398177932,0.469644014877596
26073,LOF,0.08058713926547062,0.11191515495165447,0.8074977057828749
26074,Neutral,0.8058174945830655,0.05740982748557705,0.13677267793135747
26075,Neutral,0.6285870856199297,0.08182394446334935,0.28958896991672084
26076,LOF,0.05120073841671399,0.25352743288954,0.695271828693746
26077,Neutral,0.5283071531025582,0.03302732809638567,0.4386655188010562
26078,LOF,0.4340640903847351,0.0895346588131121,0.47640125080215273
26079,Neutral,0.674229736291737,0.08767832824327472,0.23809193546498822
26080,Neutral,0.674229736291737,0.08767832824327472,0.23809193546498822
26081,LOF,0.07426031250432918,0.10462046887885529,0.8211192186168156
26082,LOF,0.3714874995066938,0.10787659098812845,0.5206359095051777
26083,LOF,0.039466203651876974,0.2416940896321897,0.7188397067159334
26084,LOF,0.039466203651876974,0.2416940896321897,0.7188397067159334
26085,LOF,0.04159075304170555,0.24227050864294736,0.716138738315347
26086,LOF,0.06099034202821347,0.14200587627134237,0.7970037817004442
26087,LOF,0.047658125924856645,0.22947964553259018,0.7228622285425532
26088,LOF,0.44580801128029646,0.09543121983491289,0.45876076888479067
26089,Neutral,0.6692951960292263,0.07453627458563597,0.25616852938513773
26090,Neutral,0.6692951960292263,0.07453627458563597,0.25616852938513773
26091,LOF,0.08027443672275227,0.07858780652055643,0.8411377567566913
26092,LOF,0.06516827092372848,0.13890971115037684,0.7959220179258946
26093,LOF,0.07175277907822826,0.12878154892194543,0.7994656719998262
26094,LOF,0.08314091087766527,0.08667556438385718,0.8301835247384776
26095,LOF,0.310302379847309,0.080779557876809,0.608918062275882
26096,Neutral,0.6039664187679038,0.035119127541002056,0.3609144536910942
26097,LOF,0.326748546586678,0.054054206527371806,0.6191972468859502
26098,Neutral,0.6801611353564566,0.059063821892442796,0.26077504275110064
26099,LOF,0.047528141191768326,0.2584621407744235,0.6940097180338083
26100,LOF,0.047528141191768326,0.2584621407744235,0.6940097180338083
26101,LOF,0.07294076095009408,0.16800606611433455,0.7590531729355714
26102,LOF,0.06547013654080298,0.11545304481431456,0.8190768186448825
26103,Neutral,0.4292343618613105,0.21313835170110484,0.35762728643758457
26104,Neutral,0.7190061403866582,0.07893039272023743,0.20206346689310437
26105,LOF,0.2712487443678088,0.10993459439089612,0.618816661241295
26106,Neutral,0.4886898888714244,0.1286875163214724,0.38262259480710314
26107,GOF,0.021243412190765712,0.6165671192748192,0.362189468534415
26108,GOF,0.2917264887019163,0.47590532427524557,0.23236818702283804
26109,Neutral,0.4721486524166299,0.0943443716329645,0.4335069759504056
26110,Neutral,0.5163359367905301,0.15547024299017387,0.32819382021929583
26111,LOF,0.050122152835526415,0.4198618439733073,0.5300160031911663
26112,LOF,0.09574569879171728,0.06994532062550582,0.834308980582777
26113,LOF,0.061703785738968786,0.2113345802136651,0.7269616340473661
26114,Neutral,0.4217020134003918,0.17290806992927868,0.4053899166703295
26115,GOF,0.027570887663447778,0.7456217911463923,0.2268073211901601
26116,LOF,0.12333635633010788,0.25618045096078595,0.6204831927091061
26117,Neutral,0.4292343618613105,0.21313835170110484,0.35762728643758457
26118,LOF,0.060561007726866616,0.12676248521828634,0.8126765070548471
26119,LOF,0.015037504195034657,0.44630703875280736,0.538655457052158
26120,LOF,0.061665148037601106,0.12612663416768943,0.8122082177947094
26121,LOF,0.027430540470831166,0.2181894514820473,0.7543800080471217
