feature0,prediction,LoGoFunc_Neutral,LoGoFunc_GOF,LoGoFunc_LOF
25546,Neutral,0.6609815419506669,0.05642326489953422,0.28259519314979875
25547,Neutral,0.47766659053630994,0.11194497410114956,0.41038843536254055
25548,Neutral,0.47062028617226837,0.08238047169516459,0.44699924213256703
25549,LOF,0.40849566529766995,0.07922851704634651,0.5122758176559836
25550,LOF,0.3471444952188735,0.1512507409932121,0.5016047637879144
25551,LOF,0.24467690832170114,0.17588549747328475,0.5794375942050142
25552,LOF,0.1847262128670635,0.16232952719263555,0.6529442599403009
25553,Neutral,0.8018220794865977,0.041312491388296325,0.1568654291251061
25554,LOF,0.21255865100552157,0.15566963120635652,0.6317717177881219
25555,LOF,0.18138230293584065,0.13425419306541986,0.6843635039987396
25556,LOF,0.390567156456879,0.1355317950995722,0.4739010484435488
25557,LOF,0.17169743674829846,0.1421631359842211,0.6861394272674805
25558,LOF,0.20507114400850157,0.15203761068815147,0.642891245303347
25559,LOF,0.1916869633976758,0.15495914016203077,0.6533538964402935
25560,LOF,0.07471809271378498,0.1345339875824207,0.7907479197037942
25561,LOF,0.16811592793093935,0.12466677713212845,0.7072172949369322
25562,LOF,0.07589817530975589,0.09991745565722074,0.8241843690330234
25563,LOF,0.10368353483941496,0.08148709126011842,0.8148293739004665
25564,LOF,0.2100955449598617,0.16680125988792804,0.6231031951522101
25565,LOF,0.1297645216251099,0.17646770011003146,0.6937677782648586
25566,GOF,0.016034378667815197,0.7619714858404133,0.2219941354917716
25567,LOF,0.01929429244137717,0.21012794700461676,0.7705777605540062
25568,LOF,0.05264893161274958,0.09279035943230585,0.8545607089549446
25569,LOF,0.050558670470916486,0.09076034260566548,0.8586809869234181
25570,LOF,0.03226216418154401,0.14154913852532203,0.8261886972931339
25571,LOF,0.03046897394560671,0.1357581572013692,0.833772868853024
25572,LOF,0.032084104805257994,0.15999292165891224,0.8079229735358299
25573,LOF,0.02750297829804472,0.1312648931970204,0.8412321285049349
25574,LOF,0.02017207293044856,0.19300863230587917,0.7868192947636723
25575,LOF,0.024665237074126996,0.14211259468787546,0.8332221682379976
25576,LOF,0.013115067285795102,0.18631409735227894,0.800570835361926
25577,LOF,0.009716364415807168,0.15985264940799795,0.8304309861761949
25578,LOF,0.2601633871667789,0.12411724613091143,0.6157193667023098
25579,LOF,0.1681402002418305,0.13419492254457824,0.6976648772135914
25580,LOF,0.018194028064842997,0.10802393441171373,0.8737820375234432
25581,LOF,0.04335216329666597,0.09592433913957979,0.8607234975637542
25582,LOF,0.042996983398027475,0.09336876465062587,0.8636342519513468
25583,LOF,0.021578722994511978,0.1299420389714911,0.8484792380339969
25584,Neutral,0.5219198080938049,0.12610637351018297,0.3519738183960122
25585,LOF,0.013687694192381108,0.16857238274260591,0.817739923065013
25586,LOF,0.01710326243005239,0.10644591572285532,0.8764508218470923
25587,LOF,0.017143844560801126,0.09787187624035085,0.8849842791988481
25588,LOF,0.017313757669415553,0.11801657913571216,0.8646696631948723
25589,Neutral,0.5847599700071241,0.15620831249812228,0.25903171749475357
25590,LOF,0.01891470704275086,0.15567026785958088,0.8254150250976682
25591,LOF,0.07660560022623503,0.08093940922317613,0.8424549905505888
25592,LOF,0.042888740956435294,0.17503291114789793,0.7820783478956668
25593,LOF,0.02316617897082999,0.300233000504579,0.676600820524591
25594,LOF,0.03703415888388414,0.12459944907928908,0.8383663920368268
25595,LOF,0.04182323351728175,0.09045638613592913,0.8677203803467892
25596,LOF,0.059583654582564795,0.0798516840876972,0.860564661329738
25597,LOF,0.0375021745699002,0.0811806077266723,0.8813172177034275
25598,LOF,0.03440840467131125,0.11081912744401771,0.8547724678846711
25599,GOF,0.008075956351425422,0.560862564783982,0.43106147886459256
25600,GOF,0.028298967964521828,0.5781553013830832,0.39354573065239495
25601,LOF,0.01635428702593426,0.38904380028068325,0.5946019126933825
25602,LOF,0.015178111692243566,0.0559997341215569,0.9288221541861995
25603,LOF,0.0580956886660574,0.017778360342969455,0.9241259509909732
25604,LOF,0.01496557092645585,0.07148652667102652,0.9135479024025176
25605,LOF,0.008094025802334145,0.20564421809438815,0.7862617561032776
25606,LOF,0.11139001439444593,0.3491342760845792,0.5394757095209749
25607,LOF,0.005231044020133603,0.23318971618785672,0.7615792397920097
25608,LOF,0.011295104547867483,0.11073047047176189,0.8779744249803707
25609,LOF,0.0666204110079522,0.4029706113931242,0.5304089775989236
25610,LOF,0.01988658245013804,0.02791167268497301,0.9522017448648888
25611,LOF,0.021088382835090014,0.027680772466118872,0.9512308446987912
25612,LOF,0.06394971720922714,0.0415928184411364,0.8944574643496364
25613,LOF,0.052517878897287,0.04150474859771548,0.9059773725049974
25614,LOF,0.025065398775202644,0.03158005772244194,0.9433545435023554
25615,LOF,0.01868267798359138,0.03966089151058175,0.9416564305058268
25616,LOF,0.060676260584415415,0.028807089109149277,0.9105166503064352
25617,LOF,0.05785721516221708,0.032103228556172814,0.9100395562816103
25618,LOF,0.07704100951221717,0.035267563783744404,0.8876914267040386
25619,LOF,0.01852175958145743,0.03363549202313411,0.9478427483954084
25620,LOF,0.07087747692181404,0.04141578050478917,0.8877067425733968
25621,LOF,0.01842057468937444,0.03854593511519432,0.9430334901954313
25622,LOF,0.023662668680825134,0.03747599724937387,0.938861334069801
25623,LOF,0.04156082496277703,0.02608983711695121,0.9323493379202719
25624,LOF,0.021849741809813836,0.03996683076534332,0.9381834274248428
25625,LOF,0.02783930619041332,0.04636322038521246,0.9257974734243741
25626,LOF,0.0582835166063456,0.03421512783480854,0.9075013555588459
25627,Neutral,0.5606513740611752,0.12413911059478044,0.3152095153440443
25628,LOF,0.20745900182812166,0.060702281455804946,0.7318387167160735
25629,LOF,0.0458302976515361,0.06393105448265722,0.8902386478658066
25630,LOF,0.13805622119776412,0.09905200447196677,0.762891774330269
25631,Neutral,0.5926644716666627,0.06580609292152571,0.3415294354118116
25632,LOF,0.008112628272427902,0.0841497144217816,0.9077376573057905
25633,LOF,0.2736448194798795,0.06804324679487884,0.6583119337252417
25634,LOF,0.029632277599595334,0.11862333520245899,0.8517443871979458
25635,LOF,0.029772813904821317,0.07512636096101837,0.8951008251341603
25636,GOF,0.006087119880631189,0.5724486075995439,0.42146427251982493
25637,GOF,0.007721576192944934,0.6003271306063863,0.39195129320066874
25638,LOF,0.011830706971178443,0.2761804497927035,0.711988843236118
25639,LOF,0.006437181567623143,0.4366457019657803,0.5569171164665965
25640,Neutral,0.4855425834851442,0.4227726300235372,0.09168478649131873
25641,LOF,0.012490945810050851,0.32306157991181245,0.6644474742781368
25642,LOF,0.24162220234286394,0.07427232286338355,0.6841054747937525
25643,LOF,0.14470721713057635,0.19292943877665109,0.6623633440927725
25644,GOF,0.010936832355423563,0.5297554329790637,0.4593077346655128
25645,LOF,0.00835819020638596,0.47842131466261395,0.5132204951310001
25646,LOF,0.013170894982729308,0.34838916742898524,0.6384399375882854
25647,LOF,0.011744024260675138,0.29823005806859176,0.6900259176707331
25648,LOF,0.009815654073936591,0.2820196683571982,0.7081646775688653
25649,LOF,0.009055553910898536,0.19940457216446103,0.7915398739246403
25650,LOF,0.014233123102035295,0.4362504014358301,0.5495164754621346
25651,LOF,0.006426582804211455,0.3084919566777447,0.6850814605180439
25652,LOF,0.010621465650057666,0.2706807721070789,0.7186977622428634
25653,LOF,0.031077551403928413,0.41854425093084074,0.5503781976652309
25654,LOF,0.012471949473603925,0.1725651079468082,0.8149629425795879
25655,LOF,0.04759954363448439,0.43621961501051415,0.5161808413550014
25656,LOF,0.17593449088776192,0.043653356860019726,0.7804121522522184
25657,LOF,0.26408591230440354,0.0283539548750241,0.7075601328205723
25658,LOF,0.07379445712560337,0.06671263920043015,0.8594929036739665
25659,LOF,0.42463931241198655,0.06228465540073303,0.5130760321872804
25660,LOF,0.03438839082257128,0.10043590485211291,0.8651757043253158
25661,LOF,0.10420197783034925,0.06527642834899308,0.8305215938206577
25662,LOF,0.026530926499450658,0.0460173462246714,0.927451727275878
25663,LOF,0.03325772968826628,0.06660148356342586,0.9001407867483079
25664,LOF,0.03703071715450774,0.07624114240212637,0.8867281404433658
25665,LOF,0.04979297960142923,0.03937625589600089,0.9108307645025698
25666,LOF,0.041798185281551735,0.10043892320066346,0.8577628915177847
25667,LOF,0.07897003694331804,0.05032318043194143,0.8707067826247407
25668,LOF,0.02830302852852478,0.05491733722803864,0.9167796342434366
25669,LOF,0.030053853498119405,0.0761966298999908,0.8937495166018897
25670,LOF,0.05918291886859037,0.05927525401396282,0.8815418271174469
25671,LOF,0.09701961724287238,0.04616962941617714,0.8568107533409506
25672,LOF,0.04858407882423312,0.054735518585620986,0.8966804025901459
25673,LOF,0.029803788509546954,0.0620353125094778,0.9081608989809753
25674,LOF,0.022076696717880654,0.0762416119133751,0.9016816913687442
25675,LOF,0.035519377671225635,0.07080253041702962,0.8936780919117449
25676,LOF,0.02049447319899358,0.06649336940815173,0.9130121573928546
25677,LOF,0.028475247057260646,0.07176230837047762,0.8997624445722617
25678,LOF,0.1796452706379784,0.04630408352788265,0.774050645834139
25679,LOF,0.15037876683311785,0.06811542309107865,0.7815058100758036
25680,LOF,0.03703969195990375,0.11327603597187655,0.8496842720682197
25681,LOF,0.06137242326750012,0.10655492848199095,0.832072648250509
25682,LOF,0.11927996906121797,0.07610826279742934,0.8046117681413527
25683,LOF,0.08933773151628638,0.09267667371838464,0.8179855947653291
25684,LOF,0.043700472545769656,0.08137427387779529,0.874925253576435
25685,LOF,0.08276750966246373,0.07288262626606712,0.8443498640714691
25686,LOF,0.03071205701436521,0.09571132747392376,0.873576615511711
25687,LOF,0.04331612240586498,0.07931345210883799,0.8773704254852971
25688,LOF,0.05227473310053527,0.058469932547333826,0.8892553343521308
25689,LOF,0.03004802880945871,0.06521959427863341,0.9047323769119078
25690,LOF,0.03509454904274247,0.0546163867318255,0.910289064225432
25691,LOF,0.2824792831878587,0.0668754855836084,0.6506452312285329
25692,LOF,0.24111556748970445,0.007734498376711466,0.7511499341335841
25693,LOF,0.08844942517717108,0.1814746162478704,0.7300759585749586
25694,LOF,0.25650153820159205,0.013973143494380317,0.7295253183040277
25695,LOF,0.1647971326042348,0.02761608760723893,0.8075867797885262
25696,LOF,0.1138944865716349,0.012620484984919694,0.8734850284434454
25697,LOF,0.08707699922803902,0.030236483801852454,0.8826865169701085
25698,LOF,0.04297274939982194,0.4671940900055147,0.4898331605946632
25699,LOF,0.06097554648372486,0.07917925072787672,0.8598452027883984
25700,LOF,0.06374675013279771,0.009285498252953365,0.9269677516142489
25701,LOF,0.016561605738179885,0.08023924588365444,0.9031991483781657
25702,GOF,0.031187131604677565,0.7018633788061506,0.2669494895891719
25703,LOF,0.009374468612589002,0.16900882520210006,0.821616706185311
25704,LOF,0.04619982384087009,0.16943837533701658,0.7843618008221133
25705,LOF,0.06192594546424609,0.22160373127612734,0.7164703232596266
25706,GOF,0.04093876864410553,0.5220716406254886,0.4369895907304059
25707,LOF,0.025116873866626765,0.47932243324078944,0.4955606928925837
25708,LOF,0.00825741588698591,0.3822794912222656,0.6094630928907484
25709,LOF,0.05926364426323073,0.05719930346711591,0.8835370522696533
25710,LOF,0.005656947881976226,0.16469416707313614,0.8296488850448877
25711,LOF,0.02015935400594879,0.11345920986962015,0.8663814361244311
25712,LOF,0.0074563925376188315,0.18445242523337865,0.8080911822290026
25713,LOF,0.018895563596767025,0.0944917801804191,0.8866126562228139
25714,LOF,0.07389186191503322,0.1168805574577704,0.8092275806271964
25715,LOF,0.01325957818518046,0.12798147481767183,0.8587589469971477
25716,LOF,0.006478265381829267,0.10172382918589018,0.8917979054322805
25717,LOF,0.005297200273659709,0.10248086046561555,0.8922219392607247
25718,LOF,0.014290603900443689,0.08235845775470169,0.9033509383448547
25719,LOF,0.02355345017016091,0.08670459020059182,0.8897419596292474
25720,LOF,0.02428760888463938,0.08375093278684914,0.8919614583285116
25721,LOF,0.01665892554216963,0.10595165688244979,0.8773894175753807
25722,LOF,0.01393665753401542,0.13128974177761882,0.8547736006883657
25723,LOF,0.020271721883689822,0.06933308156403802,0.9103951965522722
25724,LOF,0.021133101931102957,0.09844666207062876,0.8804202359982684
25725,LOF,0.014110329460993101,0.07225065662274313,0.9136390139162637
25726,LOF,0.012053711475885453,0.10154320653670036,0.8864030819874141
25727,LOF,0.015026983912434646,0.08972165279463455,0.8952513632929306
25728,LOF,0.012639381784535489,0.10921155740119934,0.8781490608142652
25729,LOF,0.013205876060500684,0.11144899171382541,0.8753451322256739
25730,LOF,0.013861632932099688,0.09293665603631111,0.8932017110315891
25731,LOF,0.007852679488863685,0.13482075203405638,0.8573265684770798
25732,LOF,0.013599055284992547,0.0928239256524313,0.893577019062576
25733,LOF,0.018997271746902272,0.07865039896970628,0.9023523292833914
25734,LOF,0.005184930127794726,0.1498544004572899,0.8449606694149153
25735,LOF,0.01628646732608781,0.07759310626654692,0.9061204264073652
25736,LOF,0.014871238484459098,0.11502254227885736,0.8701062192366835
25737,LOF,0.024006165152820533,0.08770859261721595,0.8882852422299635
25738,LOF,0.015659345931574812,0.12722147822750937,0.8571191758409159
25739,LOF,0.02371337624874501,0.1163832613975171,0.8599033623537379
25740,LOF,0.03347903888946333,0.12430966060188905,0.8422113005086476
25741,LOF,0.017784225844841507,0.10706873407971035,0.8751470400754482
25742,LOF,0.11939395813243318,0.10051991039089327,0.7800861314766735
25743,LOF,0.014390845531515248,0.04259630933651784,0.9430128451319669
25744,LOF,0.19484158441559843,0.39539038206946986,0.40976803351493163
25745,LOF,0.024623508117310264,0.06195052244671225,0.9134259694359775
25746,LOF,0.015047148734818059,0.07200817013143755,0.9129446811337444
25747,LOF,0.026136724259418005,0.03892578984247589,0.9349374858981061
25748,LOF,0.14844917170447278,0.06011701737310436,0.7914338109224229
25749,LOF,0.014561826961461473,0.04631787648508816,0.9391202965534503
25750,LOF,0.029687919967358718,0.06911051829182784,0.9012015617408136
25751,LOF,0.10879909369498635,0.0646678353289301,0.8265330709760835
25752,GOF,0.10758855693966432,0.6334562943055231,0.2589551487548126
25753,LOF,0.0068825291892268365,0.3809198880739203,0.612197582736853
25754,GOF,0.005054746941897673,0.8416072861307531,0.15333796692734916
25755,LOF,0.009212343588295119,0.4386933372964057,0.5520943191152992
25756,LOF,0.04228085920863635,0.44926271978776433,0.5084564210035992
25757,GOF,0.005584669837695311,0.8600724025695866,0.13434292759271815
25758,GOF,0.005618919855427116,0.85647397706268,0.1379071030818929
25759,GOF,0.004218267147539959,0.5384561084202315,0.4573256244322286
25760,LOF,0.004576843284474871,0.30412109111286967,0.6913020656026554
25761,GOF,0.03140953255040779,0.8356281783691091,0.1329622890804831
25762,LOF,0.02723554816491723,0.3545922266315171,0.6181722252035656
25763,LOF,0.005697989263999065,0.2426117432200026,0.7516902675159984
25764,GOF,0.13346324952848976,0.5192840359758788,0.3472527144956315
25765,GOF,0.009912361444094244,0.7930966957356566,0.19699094282024923
25766,GOF,0.01836614117353087,0.804533392245468,0.177100466581001
25767,LOF,0.022318107791524933,0.4853668271727043,0.4923150650357708
25768,LOF,0.08316918851240584,0.06684954635207166,0.8499812651355224
25769,LOF,0.08832116894741576,0.049269285070491525,0.8624095459820927
25770,LOF,0.26422023564608704,0.0585205981640563,0.6772591661898566
25771,LOF,0.011712820600663223,0.05869803017521572,0.9295891492241212
25772,LOF,0.017244431796433864,0.024808812674676658,0.9579467555288894
25773,LOF,0.010152691142572688,0.1002421078427925,0.8896052010146349
25774,LOF,0.02383699762959333,0.0668933718951603,0.9092696304752464
25775,LOF,0.013900101903482476,0.04312860695747646,0.9429712911390411
25776,LOF,0.08633326242683315,0.01975797260324346,0.8939087649699233
25777,LOF,0.2758525320484271,0.04639800916292877,0.6777494587886442
25778,LOF,0.07198843486176083,0.03643679498442268,0.8915747701538165
25779,GOF,0.05206978290439102,0.8778525632640803,0.07007765383152854
25780,GOF,0.055287882916033246,0.8587596069553465,0.08595251012862032
25781,GOF,0.025269185662060288,0.843787949532021,0.13094286480591882
25782,GOF,0.028286895855199563,0.889393850150713,0.08231925399408753
25783,GOF,0.013420943435329024,0.6821336692270018,0.30444538733766924
25784,GOF,0.11851292398957762,0.8226736555070056,0.058813420503416855
25785,GOF,0.06948757911995636,0.8841215754899895,0.04639084539005419
25786,GOF,0.004589533417670542,0.814800261482146,0.18061020510018344
25787,GOF,0.17494348602483217,0.7896298440144892,0.035426669960678586
25788,LOF,0.04574914211806666,0.15405545977444407,0.8001953981074892
25789,GOF,0.028842512573985974,0.830003613469932,0.14115387395608203
25790,GOF,0.03300626604373701,0.8694634331861065,0.09753030077015651
25791,GOF,0.0239235297403827,0.8169127653204945,0.15916370493912282
25792,GOF,0.04078193587028843,0.8285752576138964,0.13064280651581517
25793,GOF,0.09645537572457392,0.8094296106972626,0.09411501357816354
25794,GOF,0.09023999911384788,0.7462752566327855,0.16348474425336673
25795,GOF,0.02382841589095035,0.780680266575102,0.1954913175339478
25796,GOF,0.11935059420976074,0.7721668001386266,0.10848260565161269
25797,GOF,0.029351330846743646,0.6117788093084452,0.35886985984481107
25798,GOF,0.0029828682836839406,0.5971181784027019,0.3998989533136142
25799,LOF,0.00280733712493182,0.4821006521287159,0.5150920107463522
25800,GOF,0.009822700924854658,0.6739309700189817,0.3162463290561637
25801,GOF,0.023264216741881838,0.8381066022174136,0.13862918104070462
25802,GOF,0.015100923371153077,0.7642881597802795,0.2206109168485674
25803,GOF,0.009137374938912743,0.6535531543868599,0.3373094706742273
25804,GOF,0.009583539160280789,0.5474619853820363,0.44295447545768296
25805,GOF,0.016922036300217155,0.6522384110305517,0.33083955266923115
25806,GOF,0.016076216992266544,0.6905938920784128,0.29332989092932066
25807,GOF,0.004520737232280398,0.6651469590986234,0.3303323036690961
25808,GOF,0.012261132368839668,0.6889718061462146,0.29876706148494575
25809,GOF,0.005080603900569487,0.6616563688949122,0.33326302720451845
25810,GOF,0.004245214257841708,0.6762635753617976,0.3194912103803608
25811,GOF,0.08192949998407209,0.8293861090535678,0.08868439096236008
25812,GOF,0.0127719376251004,0.672574788045196,0.3146532743297035
25813,GOF,0.09120602996999139,0.7897384367758679,0.1190555332541408
25814,GOF,0.021918638959946498,0.7354370865725889,0.24264427446746445
25815,GOF,0.03704683677754593,0.7679084675857931,0.19504469563666083
25816,GOF,0.007460438849428825,0.8210008249682126,0.17153873618235846
25817,GOF,0.06465805851493185,0.7715966696195641,0.163745271865504
25818,GOF,0.019459119606054016,0.7853962438270059,0.1951446365669401
25819,GOF,0.06717806004949141,0.7623049190908348,0.17051702085967388
25820,GOF,0.027902539931468934,0.7385629649137142,0.23353449515481703
25821,GOF,0.015938970760322243,0.725867685042656,0.2581933441970217
25822,GOF,0.03147640659404248,0.7596673324641756,0.208856260941782
25823,GOF,0.011326124550964657,0.6016794468918829,0.38699442855715244
25824,GOF,0.01980132565804788,0.7302377848633252,0.24996088947862688
25825,GOF,0.011629605042058198,0.7063545388553347,0.28201585610260715
25826,GOF,0.004908973297231653,0.6515153217369175,0.34357570496585094
25827,GOF,0.007536957272368908,0.6709055972489395,0.32155744547869153
25828,GOF,0.004485501947951512,0.6056339964343349,0.3898805016177135
25829,GOF,0.0027441302177744547,0.6699315023147369,0.3273243674674888
25830,LOF,0.030026638022024776,0.4088544934345681,0.5611188685434072
25831,GOF,0.03203183841951155,0.8526141263355932,0.11535403524489515
25832,GOF,0.006951194748776009,0.7710307924132124,0.2220180128380117
25833,GOF,0.023586458984635926,0.824491157822035,0.15192238319332904
25834,GOF,0.00679628902416997,0.7826285362524594,0.2105751747233706
25835,GOF,0.015934294016284812,0.8381180391745083,0.14594766680920693
25836,GOF,0.0056149803265206945,0.7823978094269741,0.21198721024650527
25837,GOF,0.005709143111102896,0.694666028849704,0.29962482803919316
25838,GOF,0.015888243979398215,0.8488842481242841,0.1352275078963178
25839,GOF,0.0339549545385439,0.8307197879406779,0.1353252575207782
25840,GOF,0.03781895320714193,0.8401620169566864,0.12201902983617169
25841,GOF,0.03431588751471127,0.8620222416197652,0.1036618708655237
25842,GOF,0.021005143220355724,0.8831003885464509,0.09589446823319336
25843,GOF,0.024844129162526974,0.8910283133752677,0.08412755746220528
25844,GOF,0.014119619638801685,0.8142030791234709,0.17167730123772737
25845,GOF,0.004870800668213884,0.6162626777702661,0.37886652156151995
25846,GOF,0.02420264983623354,0.8634798026865578,0.1123175474772087
25847,GOF,0.01574792477250943,0.9022474996741868,0.08200457555330377
25848,GOF,0.013391796105790258,0.8489283130215064,0.13767989087270327
25849,GOF,0.004792252614947092,0.7229356288290959,0.2722721185559569
25850,GOF,0.005961673370300263,0.7241398454794598,0.2698984811502399
25851,GOF,0.00541143514233093,0.608091413117356,0.38649715174031307
25852,GOF,0.13942234994153263,0.5906368461557222,0.2699408039027451
25853,GOF,0.07017298003181179,0.8464844485672159,0.08334257140097227
25854,GOF,0.008730284847065253,0.6889115369243263,0.3023581782286085
25855,GOF,0.011876774729694587,0.6240094135210156,0.36411381174928975
25856,GOF,0.032441468427030225,0.752606581602734,0.21495194997023565
25857,GOF,0.01321049457903584,0.5863704663530009,0.4004190390679634
25858,GOF,0.007705161157449519,0.6058540522950818,0.38644078654746855
25859,GOF,0.005323888257936516,0.5729931389944437,0.42168297274761973
25860,GOF,0.06927934984201496,0.8108151013899705,0.11990554876801442
25861,GOF,0.11479030172841766,0.7867829282561943,0.09842677001538798
25862,GOF,0.01807714224566926,0.8330985751004173,0.14882428265391331
25863,GOF,0.016520556471248064,0.84392862102497,0.1395508225037818
25864,GOF,0.0362032474401461,0.8694957748697636,0.09430097769009027
25865,GOF,0.02403314795804474,0.8382369483370862,0.137729903704869
25866,GOF,0.019998212087433766,0.8312796107368849,0.1487221771756814
25867,GOF,0.022791594316036036,0.860389459990653,0.11681894569331115
25868,GOF,0.046391078144561365,0.8207920978748465,0.13281682398059214
25869,GOF,0.296822318527003,0.6139651886294601,0.08921249284353681
25870,GOF,0.18589917857068938,0.5738765808420441,0.24022424058726652
25871,GOF,0.019359521556969083,0.8832184469528301,0.09742203149020084
25872,GOF,0.01626912547292855,0.8581789351443186,0.12555193938275283
25873,GOF,0.01693763521125336,0.8773347976266338,0.10572756716211282
25874,LOF,0.016384220452972185,0.1640371044454376,0.8195786751015902
25875,LOF,0.0321695277360174,0.040203414822165266,0.9276270574418173
25876,LOF,0.014241822520743047,0.03393623863033548,0.9518219388489214
25877,LOF,0.12933194371444526,0.06550152523711548,0.8051665310484393
25878,LOF,0.048163607533556,0.09224647357772353,0.8595899188887205
25879,LOF,0.020806765950853276,0.07998466252426181,0.8992085715248849
25880,LOF,0.045336853380024,0.009719258952228754,0.9449438876677473
25881,Neutral,0.5723071878795869,0.07153836823843125,0.35615444388198175
25882,LOF,0.024626310516055162,0.049665476189708305,0.9257082132942365
25883,LOF,0.05474106158795293,0.026739009382103704,0.9185199290299434
25884,LOF,0.012075229267279297,0.0595523922655038,0.928372378467217
25885,LOF,0.19102594671208276,0.009899072094013283,0.799074981193904
25886,LOF,0.2194780069667944,0.05357868076277152,0.7269433122704341
25887,LOF,0.1603872559438947,0.06838703907980212,0.7712257049763033
25888,LOF,0.013385816283424053,0.15562065625006063,0.8309935274665153
25889,LOF,0.016246106807320172,0.036550932190426995,0.9472029610022528
25890,LOF,0.12590991173233984,0.11012670763770846,0.7639633806299517
25891,LOF,0.049955589207209036,0.06142685544204236,0.8886175553507486
25892,LOF,0.010945174583514239,0.04721850703832563,0.9418363183781602
25893,LOF,0.37725275435791084,0.01389935934493201,0.6088478862971571
25894,LOF,0.42211719293989064,0.00823824082179278,0.5696445662383166
25895,LOF,0.3590787547600707,0.01643891172923287,0.6244823335106965
25896,LOF,0.044442563264990964,0.031384095344832295,0.9241733413901768
25897,LOF,0.19274521224441574,0.01319349096654949,0.7940612967890347
25898,LOF,0.2167547514321692,0.04425546757486578,0.738989780992965
25899,LOF,0.24549522109566946,0.03123998824311709,0.7232647906612135
25900,LOF,0.4716159547988162,0.011768646431518495,0.5166153987696653
25901,LOF,0.0470579410168475,0.014493282840778637,0.9384487761423738
25902,LOF,0.10098180530756318,0.0194457161048184,0.8795724785876184
25903,LOF,0.34551569066953414,0.03541057387762959,0.6190737354528363
25904,Neutral,0.4941273070253466,0.04012583312722033,0.4657468598474332
25905,LOF,0.006517692399085826,0.4204116517229489,0.5730706558779654
25906,LOF,0.007910192373336157,0.11351270153632208,0.8785771060903418
25907,LOF,0.003941172524013332,0.3456186552976236,0.650440172178363
25908,LOF,0.003952418573109292,0.23454697778685113,0.7615006036400396
25909,LOF,0.015036769585831545,0.15719773980739257,0.8277654906067758
25910,LOF,0.017672383528119777,0.13580090971578473,0.8465267067560954
25911,LOF,0.1666766953378775,0.030966965378623906,0.8023563392834987
25912,LOF,0.07281627028648373,0.05591698789211799,0.8712667418213982
25913,LOF,0.06736664740868006,0.05389575302347345,0.8787375995678464
25914,LOF,0.02265382671325313,0.06951832169378659,0.9078278515929602
25915,LOF,0.11827756435329924,0.30176537349571436,0.5799570621509864
25916,LOF,0.02015849672711945,0.19387680557497758,0.785964697697903
25917,LOF,0.055631717957907875,0.04851229150439494,0.8958559905376973
25918,LOF,0.027830632093749825,0.04137575812235213,0.9307936097838979
25919,LOF,0.023365891491678614,0.04172295559131982,0.9349111529170016
25920,LOF,0.10986092767418162,0.21440650191125749,0.6757325704145608
25921,LOF,0.009614690680486435,0.03410776815861836,0.9562775411608953
25922,LOF,0.012467446945667161,0.02873641596990367,0.9587961370844291
25923,LOF,0.4116470213028368,0.03410816205533048,0.5542448166418328
25924,LOF,0.017231652157925426,0.04207346984504469,0.9406948779970299
25925,LOF,0.07255627058470038,0.048093220333137954,0.8793505090821616
25926,LOF,0.049493573888059854,0.04548937045879567,0.9050170556531444
25927,LOF,0.021545750026722973,0.06022814432391086,0.9182261056493662
25928,LOF,0.007208395937201014,0.049240755329984696,0.9435508487328144
25929,Neutral,0.4858714680877473,0.03197281389298278,0.4821557180192699
25930,LOF,0.09099084430896258,0.028376866475148577,0.8806322892158889
25931,LOF,0.009400296587490644,0.033320595389678055,0.9572791080228313
25932,LOF,0.03648465645748432,0.026791229472478924,0.9367241140700369
25933,LOF,0.045098967916499366,0.01792812266905213,0.9369729094144486
25934,LOF,0.029519305240231313,0.018712238037095964,0.9517684567226727
25935,LOF,0.07127351301979987,0.05294770448133587,0.8757787824988642
25936,LOF,0.0422396803254629,0.02102696240416858,0.9367333572703685
25937,LOF,0.0089733484015321,0.02817048463044605,0.9628561669680219
25938,LOF,0.06957783282780745,0.04672768619683909,0.8836944809753534
25939,LOF,0.03538115281590866,0.021975774588835845,0.9426430725952554
25940,LOF,0.008327257613426767,0.35928343673152596,0.6323893056550473
25941,Neutral,0.5366017833072447,0.025347393473360784,0.4380508232193945
25942,LOF,0.005811069316003398,0.04057320429851471,0.953615726385482
25943,LOF,0.03672097741041224,0.13657584010559842,0.8267031824839893
25944,LOF,0.11206460455720252,0.06791285299079304,0.8200225424520043
25945,LOF,0.056419174007785726,0.018574604648423455,0.925006221343791
25946,LOF,0.07380635569713326,0.045684892007395256,0.8805087522954715
25947,Neutral,0.5227036814237959,0.08737703536818456,0.3899192832080196
25948,LOF,0.36081846578359367,0.010397844140795424,0.6287836900756109
25949,LOF,0.0983576502740066,0.05435911692241243,0.8472832328035811
25950,GOF,0.04134258838579615,0.6227870584566089,0.33587035315759495
25951,LOF,0.013742768231370581,0.4060367746950117,0.5802204570736177
25952,LOF,0.25404473713054276,0.2864563491362718,0.45949891373318535
25953,LOF,0.011578334324357611,0.18258037965303603,0.8058412860226063
25954,LOF,0.04755279562267299,0.4227808842365445,0.5296663201407825
25955,LOF,0.01033025754769786,0.12975082750435005,0.8599189149479521
25956,LOF,0.027613910344799115,0.295679844778951,0.6767062448762499
25957,LOF,0.22050868539026666,0.04041105312199205,0.7390802614877413
25958,LOF,0.052800593168873804,0.029439991785399657,0.9177594150457266
25959,LOF,0.012677657608025547,0.48996205922642333,0.49736028316555114
25960,LOF,0.005558365663709633,0.049992701453319334,0.944448932882971
25961,LOF,0.05287671705853872,0.02626515857868546,0.9208581243627757
25962,LOF,0.03092363341110283,0.0821159123213499,0.8869604542675472
25963,LOF,0.00590705741921074,0.2628602642487562,0.731232678332033
25964,LOF,0.03202309476484829,0.10148988618085691,0.8664870190542948
25965,LOF,0.29898801215628684,0.1415114770138599,0.5595005108298532
25966,LOF,0.4148041169627066,0.11980003187956337,0.46539585115772997
25967,LOF,0.0059775948060086445,0.06740709056190766,0.9266153146320836
25968,LOF,0.044749304010570944,0.21777779302948239,0.7374729029599466
25969,LOF,0.12594434041768887,0.06297905968024296,0.8110765999020682
25970,LOF,0.018741504451554376,0.09327826228204858,0.887980233266397
25971,LOF,0.06596524646664276,0.027994538650743278,0.9060402148826139
25972,LOF,0.05387871216407244,0.03932174780973501,0.9067995400261926
25973,LOF,0.05900011403972449,0.013352892824703548,0.927646993135572
25974,LOF,0.04259481161033347,0.03956169146348737,0.9178434969261792
25975,LOF,0.043176750946419935,0.024417191689375315,0.9324060573642047
25976,LOF,0.12649668744998105,0.012968174535112464,0.8605351380149066
25977,LOF,0.21171726722588655,0.05423595898695813,0.7340467737871553
25978,LOF,0.13677423334529493,0.1526942345221466,0.7105315321325585
25979,LOF,0.12279078296319498,0.16352357522101188,0.7136856418157931
25980,LOF,0.2439625590501535,0.1576593950922576,0.5983780458575889
25981,LOF,0.2445243714934075,0.1583644663193959,0.5971111621871966
25982,LOF,0.3733166450533076,0.11045272729434998,0.5162306276523424
25983,LOF,0.3751827953355513,0.1358618686309677,0.48895533603348096
25984,LOF,0.035669643564639975,0.0743580767993453,0.8899722796360147
25985,LOF,0.40715099965205676,0.12151640023918596,0.4713326001087574
25986,LOF,0.010598787216815534,0.4455106616614298,0.5438905511217547
25987,LOF,0.03781972974477397,0.12577240950790827,0.8364078607473178
25988,LOF,0.1439521449203104,0.1337153305707715,0.722332524508918
25989,LOF,0.04033148628178259,0.167014859946626,0.7926536537715915
25990,LOF,0.04014299616358525,0.26652165802456096,0.6933353458118539
25991,LOF,0.021733123995556682,0.3439003606831621,0.6343665153212812
25992,LOF,0.02865668280301342,0.35966524714781595,0.6116780700491707
25993,LOF,0.021994134283604434,0.08652636570606154,0.891479500010334
25994,LOF,0.016585895319368625,0.07975547482405254,0.9036586298565789
25995,LOF,0.01789897440363038,0.15765914151905702,0.8244418840773127
25996,LOF,0.29535714770538435,0.30691709811360873,0.39772575418100686
25997,LOF,0.07398890805123332,0.3514461858961866,0.5745649060525801
25998,LOF,0.29967239585800626,0.053084671197253575,0.6472429329447402
25999,LOF,0.019017077969700435,0.2691441880936759,0.7118387339366237
26000,LOF,0.1620123766927896,0.03402451373718707,0.8039631095700234
26001,LOF,0.3081211358308543,0.028192512161307727,0.6636863520078379
26002,LOF,0.0655997632791451,0.057674693584157645,0.8767255431366973
26003,GOF,0.0036663177986950373,0.6314873095848013,0.3648463726165036
26004,GOF,0.005622660099893125,0.7363595941790387,0.25801774572106806
26005,GOF,0.0028640060171203257,0.542182592228882,0.45495340175399757
26006,GOF,0.07649618744145699,0.6442193458628479,0.27928446669569507
26007,GOF,0.005658303210044147,0.619800845391012,0.3745408513989438
26008,GOF,0.004945153739099472,0.6840753619265741,0.3109794843343263
26009,GOF,0.00565312159946157,0.6903843406018932,0.3039625377986452
26010,GOF,0.0063553002578675835,0.6993417434807342,0.29430295626139824
26011,GOF,0.0026587343240618818,0.5052608942715044,0.49208037140443367
26012,GOF,0.0037297613156854056,0.5716794503366449,0.42459078834766983
26013,GOF,0.0044639596812872245,0.6271531806140794,0.36838285970463347
26014,LOF,0.03604628635343413,0.11935488964753788,0.844598823999028
26015,LOF,0.1400369059872256,0.022082011889062926,0.8378810821237115
26016,LOF,0.2774458691200802,0.04444819463880306,0.6781059362411167
26017,LOF,0.024546062908248383,0.22476572276905088,0.7506882143227008
26018,LOF,0.04977193455894383,0.0396522970458487,0.9105757683952076
26019,LOF,0.04914107692222304,0.03354623165463479,0.9173126914231422
26020,LOF,0.008246046455898862,0.2007433189036388,0.7910106346404623
26021,LOF,0.06917622458271934,0.0727510198932707,0.85807275552401
26022,LOF,0.02886373529642067,0.026218464488956317,0.9449178002146229
26023,LOF,0.039373747330983346,0.023666189723871037,0.9369600629451457
26024,LOF,0.044002819983274655,0.06824824837594075,0.8877489316407846
26025,LOF,0.04994665434630452,0.0745921138228308,0.8754612318308648
26026,LOF,0.08755580483388871,0.05639220228416943,0.8560519928819418
26027,LOF,0.04122638266204865,0.018930200514573222,0.9398434168233781
26028,LOF,0.09716358610746387,0.1312101401090125,0.7716262737835236
26029,LOF,0.02230239744954017,0.22208229091202863,0.7556153116384312
26030,LOF,0.1534018961687389,0.02917825520133517,0.817419848629926
26031,LOF,0.01359929970659936,0.16411575381860669,0.822284946474794
26032,LOF,0.06664713668601449,0.06858212812731548,0.86477073518667
26033,LOF,0.08365344170368734,0.061704232419967205,0.8546423258763455
26034,LOF,0.016165303782366917,0.17789848645315348,0.8059362097644795
26035,LOF,0.014072284658286032,0.1297304551204263,0.8561972602212877
26036,LOF,0.016074232493640032,0.15961740649705985,0.8243083610093
26037,LOF,0.012469801224060193,0.11462519865287121,0.8729050001230685
26038,LOF,0.05808952202712589,0.062447730474119556,0.8794627474987545
26039,LOF,0.027574818760722465,0.16765604577271284,0.8047691354665648
26040,LOF,0.1112096869961508,0.14161409218928672,0.7471762208145626
26041,LOF,0.015071688787575987,0.10002431877379264,0.8849039924386314
26042,LOF,0.013839672917754653,0.10625045226369811,0.8799098748185472
26043,LOF,0.05614646205405201,0.08176551142106046,0.8620880265248876
26044,LOF,0.011689255730203511,0.06220222342756354,0.926108520842233
26045,LOF,0.04912904449423922,0.12242399590664596,0.8284469595991149
26046,LOF,0.04964119041635326,0.06543226963197507,0.8849265399516716
26047,LOF,0.08424969711619852,0.06501080604727939,0.8507394968365221
26048,LOF,0.04483145959373667,0.045192773558629766,0.9099757668476336
26049,Neutral,0.9612684532960001,0.0074442182898565145,0.031287328414143264
26050,Neutral,0.9462988447150728,0.00787376187121325,0.04582739341371398
26051,LOF,0.013614213756719343,0.13917997738549004,0.8472058088577907
26052,LOF,0.022187357518395092,0.1722117618221937,0.8056008806594113
26053,LOF,0.02308122607144377,0.134734241247193,0.8421845326813633
26054,LOF,0.04122024300820025,0.02160148163987592,0.9371782753519239
26055,LOF,0.053801164498370364,0.018011318303944587,0.9281875171976851
26056,LOF,0.04606692944968699,0.02281443123499905,0.931118639315314
26057,LOF,0.03022461825528422,0.01418331951952988,0.9555920622251859
26058,LOF,0.031361193114103625,0.012245438893161112,0.9563933679927353
26059,LOF,0.3125165110290078,0.019611136460199862,0.6678723525107924
26060,LOF,0.0102125032875109,0.19650373645971325,0.7932837602527758
26061,LOF,0.0051077754985196,0.01573342637726247,0.9791587981242179
26062,LOF,0.0038331541367469506,0.023484614437225482,0.9726822314260275
26063,LOF,0.020773690801915427,0.012105335569354782,0.9671209736287298
26064,LOF,0.005440122165993245,0.027502379947832365,0.9670574978861745
26065,LOF,0.024581904648774355,0.013151511067179088,0.9622665842840465
26066,LOF,0.023474201405224424,0.012158836057657997,0.9643669625371175
26067,LOF,0.02794167669421692,0.010548283088977862,0.9615100402168052
26068,LOF,0.03831579703775756,0.04623963876926598,0.9154445641929765
26069,LOF,0.2843011830318074,0.023717708009549036,0.6919811089586436
26070,LOF,0.43948221073210963,0.017407118495237097,0.5431106707726533
26071,LOF,0.02318088026533507,0.012906275887436973,0.9639128438472281
26072,LOF,0.004748920781489085,0.030059378419146673,0.9651917007993642
26073,LOF,0.020989307145632075,0.015388896369337823,0.9636217964850301
26074,Neutral,0.917794195286384,0.007514286705694039,0.07469151800792201
26075,LOF,0.03708270851517938,0.0219548474703857,0.940962444014435
26076,LOF,0.033002305927357194,0.011392323639559552,0.9556053704330831
26077,LOF,0.11790006553768113,0.00982658358559597,0.872273350876723
26078,LOF,0.005158751461041591,0.018017834890019083,0.9768234136489393
26079,LOF,0.0472195153085063,0.024602106847148614,0.928178377844345
26080,LOF,0.04531381631170009,0.024662381199533734,0.9300238024887663
26081,LOF,0.028665709241092945,0.008897584449144413,0.9624367063097627
26082,LOF,0.00344295345603785,0.02025806147655375,0.9762989850674084
26083,LOF,0.11474460065883958,0.01889166643639076,0.8663637329047698
26084,LOF,0.03978973536681903,0.015656043010512617,0.9445542216226683
26085,LOF,0.03485297700019406,0.013804665767441104,0.9513423572323647
26086,LOF,0.022498080242019904,0.012693583219580237,0.9648083365383999
26087,LOF,0.020540656131424213,0.01091415869917907,0.9685451851693968
26088,LOF,0.005199807876126578,0.022144732391158054,0.9726554597327154
26089,LOF,0.03522713012579824,0.028365130468735344,0.9364077394054664
26090,LOF,0.03560759479630305,0.022114437981410016,0.942277967222287
26091,LOF,0.02630405018931145,0.007941805158079063,0.9657541446526094
26092,LOF,0.02183890604999694,0.009102008680398121,0.9690590852696049
26093,LOF,0.03936220810098156,0.007253677902318746,0.9533841139966998
26094,LOF,0.031409529335583136,0.007424366033391258,0.9611661046310256
26095,LOF,0.016924811205919276,0.020653978524788938,0.9624212102692917
26096,LOF,0.16870502679701807,0.006363890134706461,0.8249310830682755
26097,LOF,0.004810933104806931,0.033723458572082636,0.9614656083231103
26098,LOF,0.07553344328533575,0.017739270261925597,0.9067272864527386
26099,LOF,0.02097647794180722,0.016756408823951543,0.9622671132342412
26100,LOF,0.02097647794180722,0.016756408823951543,0.9622671132342412
26101,LOF,0.05322451652879891,0.022518398397880886,0.9242570850733203
26102,LOF,0.020252569920518253,0.015784619944491617,0.9639628101349901
26103,Neutral,0.8389456648549675,0.0236985038781339,0.1373558312668986
26104,LOF,0.06215634119327281,0.02657450658271029,0.9112691522240169
26105,LOF,0.2459816854087591,0.19775709599198985,0.556261218599251
26106,LOF,0.33847846314195834,0.13808077630276033,0.5234407605552813
26107,LOF,0.01946616744495676,0.12630109422144073,0.8542327383336026
26108,LOF,0.3371759302093651,0.050765671078344676,0.6120583987122903
26109,LOF,0.03921241533628939,0.06112161802446377,0.8996659666392468
26110,LOF,0.2034930959708444,0.007396734696386966,0.7891101693327687
26111,LOF,0.06311845549667379,0.08359368846197622,0.85328785604135
26112,LOF,0.0333395345263997,0.007480366913544138,0.959180098560056
26113,LOF,0.05850116000091165,0.01588279635665096,0.9256160436424373
26114,LOF,0.08516834852734642,0.011551281991426365,0.9032803694812273
26115,LOF,0.016827656481448433,0.06634282645545085,0.9168295170631007
26116,LOF,0.10582984356720927,0.03988258010123851,0.8542875763315522
26117,LOF,0.4025572570314019,0.036024107011564645,0.5614186359570336
26118,LOF,0.030956471920701667,0.017564275514762636,0.9514792525645357
26119,LOF,0.00487042889419557,0.03715268623855467,0.9579768848672496
26120,LOF,0.025178705363510013,0.01602613608269846,0.9587951585537915
26121,LOF,0.0044754205551630274,0.12636577923517278,0.8691588002096643
