feature0,prediction,LoGoFunc_Neutral,LoGoFunc_GOF,LoGoFunc_LOF
25546,Neutral,0.6223040536430628,0.13781264716168087,0.23988329919525633
25547,Neutral,0.46701414317534395,0.2761799867313176,0.25680587009333833
25548,Neutral,0.44604446293577066,0.21264036007357104,0.3413151769906583
25549,Neutral,0.4219710333493494,0.21506851908939192,0.3629604475612586
25550,LOF,0.33488355562593547,0.2836531193869972,0.3814633249870672
25551,LOF,0.27170905341093277,0.2764127819967119,0.45187816459235536
25552,LOF,0.1476911584515653,0.2603600159357652,0.5919488256126695
25553,Neutral,0.8100204144529838,0.06294032439134332,0.12703926115567282
25554,LOF,0.1824373672167988,0.27106511605926376,0.5464975167239374
25555,LOF,0.14729854493837352,0.23433309341723604,0.6183683616443904
25556,Neutral,0.4993946824048472,0.17973052131969586,0.32087479627545684
25557,LOF,0.14816656633514286,0.25164281313830017,0.6001906205265569
25558,LOF,0.1802400822277534,0.3052658203771575,0.5144940973950892
25559,Neutral,0.4972678185640537,0.019633246476175703,0.4830989349597706
25560,LOF,0.03573314560067552,0.24672642884397641,0.7175404255553481
25561,LOF,0.09658174362648483,0.266514052797192,0.636904203576323
25562,LOF,0.11122613976736004,0.05986981325703088,0.8289040469756092
25563,LOF,0.11135358296688819,0.0913692956393629,0.7972771213937491
25564,LOF,0.06745431183201218,0.14714812947597897,0.7853975586920088
25565,LOF,0.13009898762924152,0.27561257946952744,0.5942884329012311
25566,GOF,0.019005401758858856,0.6849720742146249,0.2960225240265163
25567,LOF,0.011868256826533533,0.16164478627794465,0.8264869568955219
25568,LOF,0.04859185360992006,0.06129952552212914,0.8901086208679508
25569,LOF,0.058705066282490746,0.060895451471106116,0.8803994822464031
25570,LOF,0.050197012266099655,0.06852639226584417,0.8812765954680561
25571,LOF,0.05721337880394364,0.06408273680124642,0.8787038843948098
25572,LOF,0.038918367676413046,0.07704643237271734,0.8840351999508695
25573,LOF,0.018990776098676908,0.08499997504381089,0.8960092488575123
25574,LOF,0.0096141508863925,0.2548713188970595,0.7355145302165481
25575,LOF,0.04860539908941101,0.05322981164118199,0.898164789269407
25576,LOF,0.013233249186810975,0.05694231924423655,0.9298244315689526
25577,LOF,0.008840787695501496,0.05970366968309436,0.9314555426214042
25578,LOF,0.2745033086824991,0.0750132940969111,0.6504833972205898
25579,LOF,0.27554935874686376,0.07439831637045217,0.6500523248826839
25580,LOF,0.027875170277430195,0.05229283414960771,0.9198319955729621
25581,LOF,0.044538312306041425,0.07104983409602476,0.8844118535979338
25582,LOF,0.04440472079049866,0.06402192810985169,0.8915733510996497
25583,LOF,0.030845698985596342,0.060616760098335574,0.9085375409160681
25584,Neutral,0.4958369348339737,0.10271843166756181,0.4014446334984644
25585,LOF,0.02368698102191857,0.08023373647908763,0.8960792824989937
25586,LOF,0.028952426661282275,0.04936851242311956,0.9216790609155983
25587,LOF,0.023903708053169544,0.04565618999552614,0.9304401019513044
25588,LOF,0.02320508780635848,0.05899572669448102,0.9177991854991606
25589,Neutral,0.6526641739953828,0.12065921080580949,0.2266766151988076
25590,LOF,0.01984203280669069,0.10728893094191545,0.8728690362513939
25591,LOF,0.06645021652815546,0.06496272238790705,0.8685870610839374
25592,LOF,0.09031781846828855,0.0872261220631054,0.8224560594686061
25593,LOF,0.01051635689886819,0.47803750282499946,0.5114461402761323
25594,LOF,0.042778644049951936,0.06533571028547414,0.891885645664574
25595,LOF,0.07116853368209664,0.09052538619633817,0.8383060801215653
25596,LOF,0.10146422196904732,0.045823946279556466,0.8527118317513963
25597,LOF,0.0826331144314545,0.01476703896505876,0.9025998466034868
25598,LOF,0.063777598368107,0.07508052876410537,0.8611418728677878
25599,GOF,0.00906449667522154,0.5031625247272586,0.4877729785975198
25600,LOF,0.009886743835445721,0.3659929155302102,0.624120340634344
25601,LOF,0.006556429637267338,0.2246909079232606,0.768752662439472
25602,LOF,0.018435326947897186,0.09291368404527245,0.8886509890068305
25603,LOF,0.03816918477586289,0.08400300180882558,0.8778278134153115
25604,LOF,0.03696830549605529,0.07226735891391786,0.8907643355900268
25605,LOF,0.01284891382113854,0.20595513118587042,0.781195954992991
25606,GOF,0.059087377919795556,0.533466665427235,0.4074459566529695
25607,LOF,0.003291804998179159,0.14107038774223588,0.855637807259585
25608,LOF,0.05933061123784509,0.02131435168106993,0.919355037081085
25609,LOF,0.08524615590946397,0.19778335882562204,0.7169704852649141
25610,LOF,0.04294611212305124,0.020545272325071154,0.9365086155518775
25611,LOF,0.05726846809835176,0.01204084763572551,0.9306906842659227
25612,LOF,0.14579586707844475,0.017896316457518914,0.8363078164640363
25613,LOF,0.1059814101502279,0.023799263505376797,0.8702193263443952
25614,LOF,0.03711351064531848,0.0335380269512079,0.9293484624034736
25615,LOF,0.07626060370592745,0.03099605441360918,0.8927433418804633
25616,LOF,0.03272705925760251,0.04098747059175074,0.9262854701506467
25617,LOF,0.043967753554939655,0.02708969286511536,0.9289425535799449
25618,LOF,0.21311102472567595,0.03991061396600049,0.7469783613083235
25619,LOF,0.04026509639938764,0.033638322072615814,0.9260965815279966
25620,LOF,0.037759272273993734,0.041880400095571244,0.9203603276304351
25621,LOF,0.04144784423356389,0.02351513893544592,0.9350370168309902
25622,LOF,0.02983189192400329,0.04915610468224006,0.9210120033937567
25623,LOF,0.052812077969242005,0.02986142164523471,0.9173265003855233
25624,LOF,0.03460700850779789,0.043430528664204084,0.921962462827998
25625,LOF,0.04444666557270179,0.04387928893423436,0.9116740454930639
25626,LOF,0.09021941559515693,0.022121373908981466,0.8876592104958616
25627,Neutral,0.48740605066993903,0.13182396149248035,0.38076998783758065
25628,LOF,0.17079374965264385,0.06531388492435601,0.7638923654230002
25629,LOF,0.05537622052609864,0.08628660171896116,0.8583371777549402
25630,LOF,0.17385679178815847,0.07896701893956581,0.7471761892722757
25631,Neutral,0.5821322253875804,0.08243418835765852,0.3354335862547612
25632,LOF,0.014012977540610821,0.19370103994011828,0.7922859825192708
25633,LOF,0.1956008064780022,0.35830691120801544,0.44609228231398246
25634,LOF,0.035228854562534266,0.24526337811902715,0.7195077673184387
25635,LOF,0.03758438862646204,0.20882613339214545,0.7535894779813924
25636,GOF,0.005338436968681132,0.5708232538054702,0.42383830922584875
25637,LOF,0.00488121258195163,0.35046922475361114,0.6446495626644373
25638,LOF,0.006823634114668312,0.36385507857220223,0.6293212873131295
25639,LOF,0.005264999088575662,0.28472756847743347,0.7100074324339909
25640,GOF,0.33271443246802923,0.6110956732387717,0.056189894293198976
25641,LOF,0.007405943471774106,0.18117590681210433,0.8114181497161215
25642,LOF,0.2148239858755515,0.06709321170392321,0.7180828024205254
25643,LOF,0.2667671925503334,0.0987325277328776,0.634500279716789
25644,LOF,0.011371686167121897,0.4896298059046525,0.49899850792822553
25645,GOF,0.008961898197014841,0.6003508335987688,0.3906872682042164
25646,LOF,0.01040941286416083,0.3424082204501565,0.6471823666856827
25647,LOF,0.009697161177008522,0.26674078359848147,0.7235620552245099
25648,LOF,0.006677427936260103,0.3396697945177161,0.6536527775460238
25649,LOF,0.007262990919006557,0.2032764035969164,0.7894606054840769
25650,GOF,0.02293859806439955,0.5000986248085948,0.4769627771270056
25651,LOF,0.006361983968769578,0.22775180992268898,0.7658862061085415
25652,LOF,0.010774184528215963,0.3737207618795638,0.6155050535922202
25653,GOF,0.0420141501660501,0.49981077674898017,0.45817507308496974
25654,LOF,0.007767490498345046,0.3754214420979299,0.6168110674037252
25655,GOF,0.09047706704386224,0.49260534697065145,0.41691758598548634
25656,LOF,0.08819262894970964,0.03221046680701257,0.8795969042432776
25657,LOF,0.26202878055053413,0.018137541255704877,0.7198336781937609
25658,LOF,0.031046428430056238,0.07933532930032257,0.8896182422696213
25659,LOF,0.25147094381107793,0.08246779505805077,0.6660612611308714
25660,LOF,0.1144952478126107,0.0700532444874118,0.8154515076999774
25661,LOF,0.061383810235272465,0.06298953466763675,0.8756266550970907
25662,LOF,0.04239832150632064,0.05513979653500812,0.9024618819586712
25663,LOF,0.04945834870022203,0.07498833607916695,0.875553315220611
25664,LOF,0.028261480526652626,0.16121993790043335,0.8105185815729141
25665,LOF,0.0447521163581541,0.060398256528842696,0.8948496271130032
25666,LOF,0.039382302536105154,0.18376445255476873,0.7768532449091261
25667,LOF,0.03919339582525346,0.035554588226271104,0.9252520159484755
25668,LOF,0.042259337841548415,0.050102876127755394,0.9076377860306962
25669,LOF,0.03506337986107473,0.07624602263817072,0.8886905975007546
25670,LOF,0.07627672566848055,0.08912608327020481,0.8345971910613146
25671,LOF,0.06000769718802465,0.034270962715098,0.9057213400968773
25672,LOF,0.056120966671499066,0.046203425321090806,0.8976756080074101
25673,LOF,0.03787312191020892,0.07379822293152762,0.8883286551582635
25674,LOF,0.026542253850211632,0.10889756962498057,0.8645601765248078
25675,LOF,0.03219368058080548,0.03990385532210887,0.9279024640970855
25676,LOF,0.04504756992512623,0.048959984206156,0.9059924458687179
25677,LOF,0.0735631424054981,0.0439205784595547,0.8825162791349471
25678,LOF,0.16239104399530607,0.05655400201841238,0.7810549539862816
25679,LOF,0.10925589210015021,0.09106476827139892,0.799679339628451
25680,LOF,0.11216747105129883,0.07956628515305483,0.8082662437956463
25681,LOF,0.114445823752519,0.08069104013190416,0.8048631361155769
25682,LOF,0.047948109986558844,0.040836431086714725,0.9112154589267265
25683,LOF,0.08415155442510608,0.06416913583885432,0.8516793097360396
25684,LOF,0.05878851020255002,0.05452402238467922,0.8866874674127708
25685,LOF,0.12259730052658416,0.037478198660798705,0.8399245008126172
25686,LOF,0.030152426177795854,0.08410693933423014,0.885740634487974
25687,LOF,0.04597432156294485,0.09317163395197975,0.8608540444850753
25688,LOF,0.02338617700550064,0.13719716333508095,0.8394166596594185
25689,LOF,0.014449153760091232,0.08056585015126405,0.9049849960886448
25690,LOF,0.019206483712033182,0.10921234144254541,0.8715811748454214
25691,LOF,0.14476766391925247,0.18396736404842123,0.6712649720323263
25692,LOF,0.3492250662486956,0.015500251320032502,0.6352746824312718
25693,GOF,0.02995352809403189,0.49023414543736593,0.4798123264686022
25694,LOF,0.2522915686337545,0.011356153295467715,0.7363522780707777
25695,LOF,0.19917667121213647,0.01420726657142186,0.7866160622164416
25696,LOF,0.08245184464198232,0.015032807612984358,0.9025153477450334
25697,LOF,0.08586115243221352,0.01007970363081674,0.9040591439369697
25698,LOF,0.01670878917284503,0.23245815822601534,0.7508330526011395
25699,LOF,0.06581497943783829,0.2948855312809414,0.6392994892812204
25700,LOF,0.04556596530548993,0.02251620353763217,0.9319178311568779
25701,LOF,0.010106581084641231,0.2951351220164505,0.6947582968989083
25702,GOF,0.03303938531157954,0.5793690562686974,0.38759155841972315
25703,LOF,0.016288819459290074,0.06139210392244881,0.9223190766182612
25704,LOF,0.06638623592840952,0.04656651954240447,0.8870472445291859
25705,LOF,0.1074097702561162,0.1505508397494192,0.7420393899944646
25706,GOF,0.020014324454430826,0.6609966346983298,0.31898904084723945
25707,GOF,0.02592761994597027,0.5703828859132781,0.4036894941407516
25708,GOF,0.007986837951443294,0.6301534528750773,0.3618597091734793
25709,LOF,0.04902814647318533,0.06295327199135195,0.8880185815354626
25710,LOF,0.007418767183667261,0.1363453661121845,0.8562358667041483
25711,LOF,0.05207401108160453,0.08578183353420973,0.8621441553841858
25712,LOF,0.010915462989676992,0.18557254562536246,0.8035119913849605
25713,LOF,0.04277091414622174,0.08631436663723269,0.8709147192165456
25714,LOF,0.038352537669244714,0.1709733597005554,0.7906741026301999
25715,LOF,0.0401295092158258,0.11243212502782461,0.8474383657563497
25716,LOF,0.005909799274108619,0.07650568835969934,0.9175845123661921
25717,LOF,0.005891357103632974,0.060342127125793794,0.9337665157705731
25718,LOF,0.04212671700728502,0.04937210031223867,0.9085011826804764
25719,LOF,0.045957707397019404,0.1040447565398096,0.8499975360631711
25720,LOF,0.04226057023564682,0.10636535102713218,0.8513740787372209
25721,LOF,0.04083948796018024,0.09508725719127734,0.8640732548485424
25722,LOF,0.03511290823193133,0.11364187117910982,0.8512452205889589
25723,LOF,0.053353733522444484,0.10606822160597477,0.8405780448715807
25724,LOF,0.06086700141685298,0.29292110987201747,0.6462118887111296
25725,LOF,0.05193111828028429,0.09952124398575558,0.8485476377339601
25726,LOF,0.045825436554104655,0.0910041735042708,0.8631703899416245
25727,LOF,0.06051495676384356,0.07172047905095882,0.8677645641851977
25728,LOF,0.04083377701861699,0.12799939774261118,0.831166825238772
25729,LOF,0.04730547570854092,0.12799956194399048,0.8246949623474688
25730,LOF,0.05737826040626337,0.08804869730011416,0.8545730422936224
25731,LOF,0.008930052145939242,0.09561460626324982,0.895455341590811
25732,LOF,0.026992483774491722,0.0684513056139733,0.9045562106115349
25733,LOF,0.03543308450533567,0.09174390937782714,0.8728230061168372
25734,LOF,0.005948905284183595,0.2347756691878954,0.759275425527921
25735,LOF,0.03488266278773061,0.0766790266316911,0.8884383105805784
25736,LOF,0.034694846818040255,0.15309542346945434,0.8122097297125055
25737,LOF,0.0646644734299996,0.07730851556818029,0.8580270110018201
25738,LOF,0.04996220624181672,0.17154962508464536,0.7784881686735379
25739,LOF,0.038277554519505166,0.11833164452295074,0.8433908009575442
25740,LOF,0.06741869343559578,0.10222823738092512,0.830353069183479
25741,LOF,0.06484797581578068,0.10407055970788444,0.8310814644763348
25742,LOF,0.06710339116913618,0.10628064365751531,0.8266159651733486
25743,LOF,0.012831753294547932,0.016396410158708026,0.970771836546744
25744,LOF,0.1502864704419276,0.14478905727228636,0.704924472285786
25745,LOF,0.031435882973719624,0.04456185793833737,0.9240022590879431
25746,LOF,0.015067585191381289,0.08544930921121151,0.8994831055974072
25747,LOF,0.049884101131017745,0.01992125337546603,0.9301946454935163
25748,LOF,0.3014867683617771,0.05893227117789561,0.6395809604603272
25749,LOF,0.01934422295827448,0.04395738608015318,0.9366983909615724
25750,LOF,0.019247863648766947,0.05234496578068655,0.9284071705705466
25751,LOF,0.03973402133061029,0.07977849957138013,0.8804874790980096
25752,GOF,0.1030139505231125,0.5525671114582991,0.34441893801858825
25753,LOF,0.007484366865139758,0.33676800169835697,0.6557476314365033
25754,GOF,0.010155906578527824,0.8963052951847831,0.09353879823668906
25755,LOF,0.008343285525445382,0.351865664321525,0.6397910501530296
25756,LOF,0.02662474456954214,0.4013797501362373,0.5719955052942205
25757,GOF,0.00945095693815483,0.8507071945888287,0.1398418484730164
25758,GOF,0.01167105452735878,0.8879539681088484,0.10037497736379264
25759,GOF,0.00744359813268546,0.6879216043636874,0.30463479750362715
25760,LOF,0.006715674701828426,0.2882681639992149,0.7050161612989567
25761,GOF,0.05598838210504002,0.8759650845094628,0.0680465333854973
25762,LOF,0.027125590420659686,0.3614624962287241,0.6114119133506162
25763,LOF,0.006300840395116567,0.2499703257951188,0.7437288338097647
25764,GOF,0.07991792362969338,0.6661548054853986,0.253927270884908
25765,GOF,0.01188961591348021,0.9076587270478551,0.08045165703866454
25766,GOF,0.038005193987659745,0.8125044448386429,0.14949036117369735
25767,GOF,0.012041586221099796,0.530187094392143,0.45777131938675714
25768,LOF,0.05382200194535857,0.06691243713025757,0.8792655609243838
25769,LOF,0.03428052843321562,0.10145986230419089,0.8642596092625935
25770,LOF,0.2251407400859403,0.12798949457258904,0.6468697653414707
25771,LOF,0.02389387874877189,0.08029880465207037,0.8958073165991578
25772,LOF,0.04614338115590665,0.06265662316876973,0.8911999956753237
25773,LOF,0.019585216969449898,0.1320404535978899,0.8483743294326602
25774,LOF,0.02854782543177227,0.23512521023470823,0.7363269643335195
25775,LOF,0.02429488466375279,0.050745504385806196,0.9249596109504411
25776,LOF,0.035922967981844287,0.04063938041747558,0.92343765160068
25777,LOF,0.2045261890556009,0.19945292229050776,0.5960208886538912
25778,LOF,0.0347883177362957,0.08421621315201792,0.8809954691116862
25779,GOF,0.06377201728878296,0.7477743422460598,0.18845364046515733
25780,GOF,0.07363878485817224,0.7946101881657391,0.13175102697608873
25781,GOF,0.033685423421044504,0.7441785378775541,0.22213603870140144
25782,GOF,0.034265633491424315,0.8116367500593173,0.15409761644925843
25783,GOF,0.06343220077265838,0.8209481874098148,0.11561961181752696
25784,GOF,0.12887947036457337,0.7691442431183263,0.10197628651710046
25785,GOF,0.1688308923342118,0.745430944048794,0.08573816361699428
25786,GOF,0.013898759817316472,0.6761515739538887,0.3099496662287948
25787,GOF,0.3283467078522508,0.57899467106871,0.09265862107903924
25788,LOF,0.023937799794805616,0.07245165897999832,0.9036105412251961
25789,GOF,0.021665979803873015,0.7554247120501738,0.2229093081459531
25790,GOF,0.03556550551059865,0.7016706985211212,0.26276379596828026
25791,GOF,0.03404257910430451,0.5277370373558732,0.4382203835398224
25792,GOF,0.04203155254755854,0.6167666950055246,0.3412017524469168
25793,GOF,0.06933491202042928,0.6673377680755097,0.26332731990406105
25794,LOF,0.0692742579598302,0.4553240309987602,0.4754017110414096
25795,GOF,0.06745732071351554,0.5393133491156906,0.3932293301707938
25796,GOF,0.18175232275056347,0.5341398253697838,0.2841078518796528
25797,GOF,0.08727152420051727,0.5028279583053589,0.4099005174941238
25798,GOF,0.00797426075961389,0.7500085172439256,0.24201722199646059
25799,GOF,0.005634099987303746,0.6537664277505415,0.3405994722621547
25800,GOF,0.027034164230179274,0.8074261298496327,0.16553970592018805
25801,GOF,0.028666844571883936,0.7699504971954831,0.20138265823263285
25802,GOF,0.03136632550077595,0.6831837949786523,0.2854498795205717
25803,GOF,0.028798773117536234,0.5957508672390239,0.3754503596434398
25804,GOF,0.05052546816192375,0.5835244839570983,0.36595004788097796
25805,GOF,0.03251628550602009,0.6680467429556326,0.29943697153834736
25806,GOF,0.04381282298351481,0.6802540391073548,0.2759331379091303
25807,GOF,0.020402796246219185,0.5509761633103614,0.4286210404434194
25808,GOF,0.03442053149883312,0.6839667050956182,0.2816127634055487
25809,GOF,0.0185578846406538,0.6009022339398514,0.3805398814194949
25810,GOF,0.015706031848156124,0.6039409696315533,0.3803529985202906
25811,GOF,0.08858762105794166,0.7816412841539006,0.12977109478815788
25812,GOF,0.052122101207498966,0.5714872665148198,0.37639063227768127
25813,GOF,0.2541228520318655,0.5787839226762436,0.16709322529189088
25814,GOF,0.04761642059495144,0.6290616898858048,0.3233218895192436
25815,GOF,0.07228190216404966,0.7253478122834587,0.2023702855524916
25816,GOF,0.010544958636711127,0.7491572918793303,0.24029774948395854
25817,GOF,0.13108887751717932,0.5812707294803542,0.28764039300246647
25818,GOF,0.0342118647217113,0.7231333948782279,0.2426547404000609
25819,GOF,0.058091952295364645,0.6330365350818085,0.3088715126228269
25820,GOF,0.05868381778380573,0.550743198723348,0.39057298349284636
25821,GOF,0.04181120645438767,0.6130568447468973,0.34513194879871506
25822,GOF,0.08389599604300017,0.5849021478781427,0.33120185607885716
25823,GOF,0.050301611705209456,0.541106615056679,0.4085917732381116
25824,GOF,0.03361931124556905,0.6702597288371699,0.29612095991726106
25825,GOF,0.024452374374837833,0.6803065016278986,0.2952411239972635
25826,GOF,0.011917780399486063,0.586364048665885,0.4017181709346289
25827,GOF,0.019327170915714672,0.6410775124123672,0.33959531667191817
25828,GOF,0.012991191323526776,0.6671088318025183,0.3198999768739549
25829,LOF,0.0049685084684459105,0.49230019957934273,0.5027312919522113
25830,LOF,0.07214204494435345,0.256276344666193,0.6715816103894535
25831,GOF,0.07895376296681068,0.7566101447358135,0.16443609229737582
25832,GOF,0.010319142783983272,0.6675011754557142,0.32217968176030254
25833,GOF,0.03277230168874146,0.7672903729509672,0.19993732536029124
25834,GOF,0.010691326782546614,0.6876275511356081,0.3016811220818453
25835,GOF,0.03157336082102973,0.8268296887356443,0.14159695044332604
25836,GOF,0.00876154364072057,0.7422527311976448,0.2489857251616345
25837,GOF,0.01300421234607991,0.6905350193564362,0.29646076829748386
25838,GOF,0.025730982522855387,0.774798386576593,0.19947063090055167
25839,GOF,0.07616933194197392,0.6876105158979258,0.23622015216010028
25840,GOF,0.10280850414371162,0.6828037631360409,0.21438773272024741
25841,GOF,0.08510494160593349,0.7480635679459261,0.1668314904481404
25842,GOF,0.03047870506970198,0.8126458074646092,0.1568754874656886
25843,GOF,0.028614369736572196,0.8110473047509879,0.16033832551243993
25844,GOF,0.02579985962347758,0.7514391153733311,0.22276102500319125
25845,GOF,0.009355521220990514,0.606392014004526,0.3842524647744835
25846,GOF,0.07762231500707417,0.7937875552188167,0.128590129774109
25847,GOF,0.02079824112320897,0.7923246591880422,0.18687709968874872
25848,GOF,0.02335430492651462,0.7647667898668423,0.21187890520664313
25849,GOF,0.008050485106554124,0.7233802695044473,0.26856924538899857
25850,GOF,0.009222043455187283,0.5897230307381413,0.40105492580667157
25851,GOF,0.008385746845019972,0.5242065263915687,0.46740772676341125
25852,LOF,0.18882348801257123,0.38250419541332437,0.42867231657410443
25853,GOF,0.06611583556700881,0.5947394039276752,0.33914476050531595
25854,GOF,0.008381069415574646,0.60896485488016,0.3826540757042655
25855,GOF,0.027850006840548648,0.5183394454981007,0.4538105476613506
25856,GOF,0.05636942206400449,0.6789838646834535,0.2646467132525421
25857,GOF,0.02821943296712887,0.5107547420651004,0.4610258249677707
25858,GOF,0.00935907774465097,0.5126873956888854,0.4779535265664636
25859,GOF,0.006811953663673623,0.4978780711537583,0.4953099751825679
25860,GOF,0.08591909791577976,0.5457650021959825,0.3683158998882378
25861,GOF,0.11560464133436818,0.711330592629058,0.17306476603657395
25862,GOF,0.023152632304567895,0.8456007114632778,0.13124665623215429
25863,GOF,0.02206952733312827,0.8003717272924625,0.17755874537440913
25864,GOF,0.03274946198195216,0.8515323050597641,0.11571823295828386
25865,GOF,0.03559221209856289,0.8272304297098731,0.1371773581915639
25866,GOF,0.02040954093508778,0.8235239843114145,0.15606647475349775
25867,GOF,0.046756454760932896,0.8362007754551107,0.11704276978395642
25868,GOF,0.07268211143015132,0.6624938915051786,0.26482399706467014
25869,GOF,0.3233933775957332,0.4752688025316648,0.201337819872602
25870,LOF,0.08414012474275973,0.314701831268123,0.6011580439891172
25871,GOF,0.012128309136327007,0.5443373296409701,0.4435343612227028
25872,GOF,0.030187598381729023,0.6068563504517467,0.3629560511665243
25873,GOF,0.022645254567104537,0.7131090958708709,0.26424564956202456
25874,LOF,0.03621012339018412,0.06368523506732858,0.9001046415424874
25875,LOF,0.020732592397039368,0.1591147333766918,0.8201526742262688
25876,LOF,0.019990977654309357,0.0869749898398468,0.8930340325058439
25877,LOF,0.0815016734534077,0.29131388277169307,0.6271844437748992
25878,LOF,0.04967933990001634,0.38536251509215325,0.5649581450078305
25879,LOF,0.009997604703640944,0.19551314328562025,0.7944892520107388
25880,LOF,0.044821819879069,0.024861413328508844,0.9303167667924221
25881,Neutral,0.4959355941469914,0.272658257942465,0.2314061479105435
25882,LOF,0.03743277235709047,0.1084881853384968,0.8540790423044127
25883,LOF,0.028021872266270703,0.12113467165283581,0.8508434560808935
25884,LOF,0.013970929337308943,0.11060344421096648,0.8754256264517245
25885,LOF,0.12500031580156415,0.027887115898218105,0.8471125683002177
25886,LOF,0.19392619106784525,0.23311461651114185,0.5729591924210129
25887,LOF,0.05310750856556517,0.4426907896170114,0.5042017018174234
25888,LOF,0.005327199574728223,0.3987834953021645,0.5958893051231073
25889,LOF,0.023824016233665434,0.08975446851849345,0.8864215152478412
25890,LOF,0.1776106900842869,0.3286128429692408,0.4937764669464723
25891,LOF,0.10430279246608631,0.08226212934431013,0.8134350781896036
25892,LOF,0.007253663566559322,0.037593920871326646,0.9551524155621139
25893,LOF,0.24258281546282398,0.013818499088539087,0.7435986854486369
25894,LOF,0.302070973733211,0.008733121141011393,0.6891959051257776
25895,LOF,0.25832637936567,0.01261637736636922,0.7290572432679608
25896,LOF,0.06393880289454286,0.03152314876500834,0.9045380483404488
25897,LOF,0.1019959773580719,0.017942317432363828,0.8800617052095642
25898,LOF,0.08448191469619276,0.042703590634375836,0.8728144946694314
25899,LOF,0.35645125023358276,0.04811665408022662,0.5954320956861907
25900,Neutral,0.7669079553131365,0.008582992288478275,0.22450905239838517
25901,LOF,0.05859231178559215,0.014494700094781918,0.926912988119626
25902,LOF,0.07948928007010345,0.008908180295873085,0.9116025396340234
25903,LOF,0.14182519534000498,0.037327573520060706,0.8208472311399344
25904,LOF,0.42097759039297505,0.08578910939989437,0.4932333002071305
25905,LOF,0.014788050167039945,0.2592471377934608,0.7259648120394993
25906,LOF,0.010250368951878076,0.01840303254781624,0.9713465985003056
25907,LOF,0.009907817886289041,0.12466197045784706,0.8654302116558639
25908,LOF,0.010619876799410174,0.13414320932273713,0.8552369138778528
25909,LOF,0.05246899935007556,0.04938135302704247,0.8981496476228821
25910,LOF,0.015216239757073861,0.11222030495899811,0.872563455283928
25911,LOF,0.18357104437274072,0.12137723410355374,0.6950517215237055
25912,LOF,0.13417942529895274,0.02817938611880758,0.8376411885822397
25913,LOF,0.014318719291934715,0.08977745726141904,0.8959038234466463
25914,LOF,0.04622832932623441,0.03728112695564244,0.9164905437181231
25915,GOF,0.23225488249580709,0.3866169405588576,0.3811281769453354
25916,LOF,0.020317647925418302,0.19128854662425288,0.7883938054503288
25917,LOF,0.09682024366446415,0.026513518582024293,0.8766662377535115
25918,LOF,0.05180121381314418,0.021550882727727764,0.9266479034591282
25919,LOF,0.050084162179074486,0.018575997590480738,0.9313398402304448
25920,LOF,0.29392407532935266,0.33038626501859075,0.37568965965205653
25921,LOF,0.020140569896836328,0.03398258239903724,0.9458768477041264
25922,LOF,0.01788211816773265,0.026611421878965782,0.9555064599533015
25923,LOF,0.4479599283575181,0.017885707519396447,0.5341543641230855
25924,LOF,0.02419077579726546,0.03284874911618837,0.9429604750865462
25925,LOF,0.15043238630597047,0.02077950400592447,0.828788109688105
25926,LOF,0.11430010765096678,0.03146691309389904,0.8542329792551342
25927,LOF,0.0207877971446881,0.06005048369739897,0.9191617191579129
25928,LOF,0.01448013166223172,0.017256757889320826,0.9682631104484474
25929,Neutral,0.5785911003287697,0.017936526438358486,0.4034723732328718
25930,LOF,0.057978317820287034,0.01868921651666786,0.9233324656630452
25931,LOF,0.014635286595775286,0.02194176275844094,0.9634229506457836
25932,LOF,0.08487629053133201,0.01194046364284825,0.9031832458258197
25933,LOF,0.07303823534149638,0.008792028056797848,0.9181697366017058
25934,LOF,0.06956961697469576,0.010971460556504333,0.9194589224687999
25935,LOF,0.14145013003181453,0.021731246736117114,0.8368186232320685
25936,LOF,0.07563854380657987,0.009409921652135849,0.9149515345412842
25937,LOF,0.016498067829702236,0.02119674320577904,0.9623051889645187
25938,LOF,0.14635936886505657,0.019188913139110923,0.8344517179958326
25939,LOF,0.05598180622811419,0.010979761704254996,0.9330384320676308
25940,LOF,0.007572679685953569,0.4109157959633962,0.5815115243506502
25941,Neutral,0.4855056818027731,0.17657645924728024,0.3379178589499466
25942,LOF,0.008870914061168607,0.22412359533545495,0.7670054906033765
25943,GOF,0.025693524172685795,0.6811993074587372,0.2931071683685769
25944,GOF,0.02233976983901159,0.5712412824377545,0.40641894772323395
25945,LOF,0.10524961878964903,0.16555288293628134,0.7291974982740695
25946,LOF,0.08682518578250152,0.0990204864947913,0.8141543277227071
25947,Neutral,0.4897396088455526,0.11643668703915043,0.3938237041152968
25948,Neutral,0.5019053816581593,0.012339426974507343,0.4857551913673334
25949,LOF,0.1291679748089716,0.028036254172235736,0.8427957710187925
25950,GOF,0.05036873465360335,0.8162533739948395,0.1333778913515572
25951,GOF,0.018839823086072655,0.6126464311170609,0.3685137457968665
25952,LOF,0.10817561260934482,0.41147430479398595,0.4803500825966691
25953,GOF,0.0074301838866732,0.516456139087927,0.4761136770253998
25954,GOF,0.030689402909088878,0.634300873661981,0.33500972342893015
25955,GOF,0.005516559262814176,0.570556507700587,0.42392693303659884
25956,LOF,0.010075157450901982,0.3716452091122845,0.6182796334368136
25957,LOF,0.23750827280174433,0.032991098906369094,0.7295006282918866
25958,LOF,0.027555367463704215,0.08962800193856786,0.882816630597728
25959,GOF,0.006495383137879308,0.6479686214572069,0.3455359954049138
25960,LOF,0.0048402627774476814,0.16235144794519002,0.8328082892773623
25961,LOF,0.027176759434169848,0.08964315252666055,0.8831800880391697
25962,LOF,0.05347895700438421,0.06633672725402918,0.8801843157415866
25963,LOF,0.011140099575903346,0.18373456584738768,0.8051253345767089
25964,LOF,0.050820397300561086,0.13247460907703082,0.816704993622408
25965,LOF,0.15797718815399092,0.2262693275724127,0.6157534842735964
25966,GOF,0.30098022500921867,0.3590667146925821,0.3399530602981992
25967,LOF,0.007045770655622646,0.0788042085248154,0.9141500208195619
25968,LOF,0.07312061255268776,0.335865322203618,0.5910140652436944
25969,LOF,0.13539580933808212,0.07223483435835219,0.7923693563035656
25970,LOF,0.04226984472514933,0.23304247885627594,0.7246876764185747
25971,LOF,0.07405273821742907,0.08332730014612241,0.8426199616364485
25972,LOF,0.06890093566734305,0.11713517183523241,0.8139638924974245
25973,LOF,0.09964236534651562,0.00694228824407333,0.8934153464094111
25974,LOF,0.10227017063600811,0.0467498303576537,0.8509799990063381
25975,LOF,0.04016727420023952,0.01016543712418604,0.9496672886755745
25976,LOF,0.09650147206538641,0.006098025158403445,0.8974005027762101
25977,LOF,0.19433976662785732,0.10785552380158787,0.6978047095705547
25978,LOF,0.12245611870806859,0.1071286481408563,0.770415233151075
25979,LOF,0.09819030582555592,0.10706713277427138,0.7947425614001727
25980,LOF,0.1399206043234425,0.2642493506887439,0.5958300449878137
25981,LOF,0.1418651700631021,0.2723681306406216,0.5857666992962763
25982,LOF,0.2257961432810452,0.10679216128277005,0.6674116954361848
25983,Neutral,0.4542552183837159,0.11009160907091355,0.4356531725453706
25984,LOF,0.03959146121936871,0.17576760202212163,0.7846409367585098
25985,Neutral,0.42473050557280806,0.15858226564420452,0.4166872287829873
25986,GOF,0.009221918919975414,0.5085325062395271,0.48224557484049757
25987,LOF,0.019075098146576566,0.13552338631379912,0.8454015155396244
25988,LOF,0.03309366787567002,0.3105595206298805,0.6563468114944494
25989,LOF,0.03332080641205938,0.2687025756574837,0.697976617930457
25990,LOF,0.03878883593085524,0.35913145776098443,0.6020797063081603
25991,GOF,0.03569019691687899,0.6623988965654699,0.3019109065176513
25992,LOF,0.011154619448753532,0.3865943576557407,0.6022510228955058
25993,LOF,0.027706756439321665,0.07712300337031985,0.8951702401903585
25994,LOF,0.03177069893863496,0.10062896886350114,0.8676003321978639
25995,LOF,0.01862589979626234,0.16530525887016329,0.8160688413335743
25996,GOF,0.2620720200987394,0.5787499404639806,0.15917803943727996
25997,GOF,0.054304066993035076,0.7020796238701933,0.2436163091367717
25998,LOF,0.27489664346853687,0.044656272107725554,0.6804470844237377
25999,LOF,0.025169120528406266,0.4499047087289502,0.5249261707426436
26000,LOF,0.11823989378606224,0.019732496910278948,0.8620276093036587
26001,LOF,0.12870944670316944,0.031672115600404706,0.8396184376964259
26002,LOF,0.08794475261794635,0.01930379169557247,0.8927514556864811
26003,LOF,0.00927109267544499,0.4530603937659652,0.5376685135585897
26004,LOF,0.022250645583005314,0.47411503261019816,0.5036343218067966
26005,LOF,0.006919082052041965,0.4386156565071361,0.5544652614408221
26006,LOF,0.16850750082127014,0.4074426734737723,0.42404982570495764
26007,LOF,0.012577786486626627,0.4635476100742573,0.5238746034391161
26008,LOF,0.008900218118735191,0.43486626673964485,0.5562335151416199
26009,GOF,0.01758027143569256,0.5214719735074269,0.46094775505688046
26010,GOF,0.011421291392531846,0.5020599957451569,0.4865187128623112
26011,LOF,0.008077966921067934,0.3723617767410727,0.6195602563378594
26012,LOF,0.00819114701101261,0.36886008870001835,0.622948764288969
26013,LOF,0.012509537499503879,0.4489967564604089,0.5384937060400873
26014,LOF,0.0661137386151711,0.08707627062975516,0.8468099907550738
26015,LOF,0.40448106132325345,0.05011562390304194,0.5454033147737045
26016,LOF,0.2660873913108794,0.14473298063585735,0.5891796280532632
26017,LOF,0.018418610331209756,0.43953600633957857,0.5420453833292117
26018,LOF,0.020697384250869328,0.16536163891035893,0.8139409768387718
26019,LOF,0.02099609583207442,0.1293244672327188,0.8496794369352068
26020,LOF,0.007651951195539497,0.3388910702899416,0.6534569785145189
26021,LOF,0.08336805234636743,0.2674482132992871,0.6491837343543454
26022,LOF,0.053910959468941484,0.054699140619735166,0.8913898999113232
26023,LOF,0.033026134386925775,0.1111573179871891,0.8558165476258851
26024,LOF,0.0478225650456586,0.16111143824408586,0.7910659967102556
26025,LOF,0.10206246925008601,0.20495696933125673,0.6929805614186572
26026,LOF,0.09714837526003804,0.17008802225765943,0.7327636024823025
26027,LOF,0.03226457135938532,0.06893493437129022,0.8988004942693245
26028,LOF,0.0677462761553844,0.18061043750681888,0.7516432863377966
26029,LOF,0.044606902572727994,0.08425309998529804,0.871139997441974
26030,LOF,0.1645977908314443,0.0077769165574513785,0.8276252926111043
26031,LOF,0.024273004080731245,0.0954274152980034,0.8802995806212655
26032,LOF,0.030450229135706264,0.018776935836718422,0.9507728350275754
26033,LOF,0.04721231942998542,0.032707950003217114,0.9200797305667974
26034,LOF,0.03250128713512594,0.06249323305922905,0.9050054798056449
26035,LOF,0.01864079260996629,0.07361846172231341,0.9077407456677203
26036,LOF,0.017672556127726863,0.06188625593709007,0.920441187935183
26037,LOF,0.016851742919030223,0.0583448769219809,0.9248033801589888
26038,LOF,0.02477003620140125,0.020285485614224056,0.9549444781843746
26039,LOF,0.03621568584214648,0.0842392974167456,0.8795450167411079
26040,LOF,0.06611394686101692,0.1331694458561011,0.8007166072828821
26041,LOF,0.01937021203056926,0.07339172047483525,0.9072380674945956
26042,LOF,0.017860531124691142,0.07630269074611047,0.9058367781291984
26043,LOF,0.023872377228122656,0.04571272920337419,0.9304148935685032
26044,LOF,0.009834821104681299,0.04303078377916218,0.9471343951161566
26045,LOF,0.09359972429420868,0.1498491114546895,0.7565511642511019
26046,LOF,0.022799985762146823,0.05329937325038836,0.9239006409874647
26047,LOF,0.05970864351737059,0.03723469942177419,0.9030566570608551
26048,LOF,0.06643453491473156,0.02699287775720955,0.9065725873280589
26049,Neutral,0.9123216665248889,0.0057632820166309585,0.08191505145848013
26050,Neutral,0.8371254506617037,0.0071733095743401094,0.1557012397639562
26051,LOF,0.02912289606216381,0.4663849429185322,0.504492161019304
26052,LOF,0.028255506366581102,0.38365993618294153,0.5880845574504773
26053,LOF,0.034337952535964486,0.06075762693478045,0.904904420529255
26054,LOF,0.06336679818602153,0.08374510728004747,0.8528880945339309
26055,LOF,0.07879620013663606,0.08878089796275937,0.8324229019006045
26056,LOF,0.07353611564101611,0.09639158278014046,0.8300723015788434
26057,LOF,0.05035536134556046,0.024653654986064248,0.9249909836683753
26058,LOF,0.05705976457877885,0.018637208981978168,0.9243030264392429
26059,LOF,0.3161829004955521,0.08531316381493573,0.5985039356895121
26060,LOF,0.01279414752215831,0.3310125462452638,0.6561933062325779
26061,LOF,0.011884225432688699,0.014593713020748128,0.9735220615465631
26062,LOF,0.005596218149427297,0.03635484354891433,0.9580489383016584
26063,LOF,0.04520673795210567,0.019904801472957416,0.934888460574937
26064,LOF,0.00914131612906268,0.018046957674161968,0.9728117261967753
26065,LOF,0.04076953017565004,0.029682052093180984,0.9295484177311689
26066,LOF,0.04143310082951463,0.019064228902052695,0.9395026702684327
26067,LOF,0.049106691257866784,0.022602891336746082,0.9282904174053871
26068,LOF,0.06240013652724152,0.048087984657685004,0.8895118788150735
26069,LOF,0.1492863057962184,0.04767722701804871,0.8030364671857328
26070,LOF,0.37275294505741463,0.03324821234717019,0.5939988425954151
26071,LOF,0.045964017274329284,0.021828393872805243,0.9322075888528656
26072,LOF,0.00844827054372858,0.02288084637318785,0.9686708830830836
26073,LOF,0.04602076968908841,0.01736303420816076,0.9366161961027508
26074,Neutral,0.7178219369580029,0.020566527051041356,0.2616115359909556
26075,LOF,0.04489146463694803,0.04093348614736902,0.914175049215683
26076,LOF,0.05379227604353257,0.03579493317267417,0.9104127907837932
26077,LOF,0.1489919745421425,0.029427027914608814,0.8215809975432486
26078,LOF,0.006685793630822639,0.029112196911663824,0.9642020094575134
26079,LOF,0.06929378263587531,0.03252551499091557,0.8981807023732091
26080,LOF,0.06840466724958759,0.03250019303418985,0.8990951397162226
26081,LOF,0.0465426183840254,0.021177136340336817,0.9322802452756377
26082,LOF,0.006857728217901136,0.037874014526743854,0.955268257255355
26083,LOF,0.04603325443037603,0.052091568225204096,0.9018751773444198
26084,LOF,0.04714230675222908,0.03413034094171268,0.9187273523060583
26085,LOF,0.041434049331541635,0.029285993417026524,0.9292799572514318
26086,LOF,0.034233249115139405,0.03033799897066575,0.9354287519141948
26087,LOF,0.04202502624521644,0.02887208186546699,0.9291028918893166
26088,LOF,0.007790588554625074,0.06595436867466482,0.9262550427707101
26089,LOF,0.0397529369472617,0.09673409263108083,0.8635129704216575
26090,LOF,0.03949889351645168,0.07144763069633883,0.8890534757872096
26091,LOF,0.04427693499042435,0.024348841648334823,0.9313742233612408
26092,LOF,0.05188055436801646,0.020560451673846212,0.9275589939581373
26093,LOF,0.07196882708999551,0.013951883131311816,0.9140792897786926
26094,LOF,0.043006141279403234,0.01894456116322915,0.9380492975573675
26095,LOF,0.011881918912780742,0.03374879892351478,0.9543692821637045
26096,LOF,0.2889170206304503,0.0054183616126480755,0.7056646177569015
26097,LOF,0.00739511938838449,0.05274720183236417,0.9398576787792514
26098,LOF,0.06958081957065779,0.03178380903091414,0.8986353713984281
26099,LOF,0.03964818510668523,0.08132528809340785,0.8790265267999069
26100,LOF,0.03964818510668523,0.08132528809340785,0.8790265267999069
26101,LOF,0.03447105201759249,0.0821990811863312,0.8833298667960763
26102,LOF,0.04430181228850901,0.031238150861726162,0.924460036849765
26103,Neutral,0.8609612820310084,0.047597868056743986,0.09144084991224762
26104,LOF,0.06217870618971148,0.08840219899503142,0.8494190948152571
26105,LOF,0.27705257143520934,0.2091139633639089,0.5138334652008818
26106,LOF,0.29213285569607744,0.20218485264660196,0.5056822916573206
26107,LOF,0.009589746213218255,0.16485404100716575,0.825556212779616
26108,LOF,0.14054000877806178,0.17077953233279822,0.6886804588891401
26109,LOF,0.04337482316554338,0.03553640751483081,0.9210887693196259
26110,Neutral,0.53532226394563,0.02997366754419654,0.4347040685101734
26111,LOF,0.060502671710067846,0.19953570184950326,0.7399616264404288
26112,LOF,0.06651051190565742,0.03290015211207537,0.9005893359822672
26113,LOF,0.06432126469974876,0.061221979213778026,0.8744567560864732
26114,LOF,0.09746729242225437,0.026037443053150578,0.876495264524595
26115,LOF,0.017044705424695356,0.18680926083047453,0.7961460337448301
26116,LOF,0.05546783376002628,0.05834001353071975,0.886192152709254
26117,LOF,0.26671714014222536,0.06857864426838652,0.6647042155893882
26118,LOF,0.042275138278317546,0.02197474239723702,0.9357501193244454
26119,LOF,0.005947049703279407,0.09251234917604585,0.9015406011206747
26120,LOF,0.03793748804895881,0.023742428876225574,0.9383200830748156
26121,LOF,0.004699901850079031,0.1252268118094626,0.8700732863404583
26122,LOF,0.004782178145659219,0.11312213088358714,0.8820956909707537
