feature0,prediction,LoGoFunc_Neutral,LoGoFunc_GOF,LoGoFunc_LOF
25546,Neutral,0.747270611169665,0.031066899894112578,0.22166248893622234
25547,Neutral,0.5764104529947216,0.07705512244241511,0.3465344245628634
25548,Neutral,0.5543290844224883,0.051664444359166756,0.394006471218345
25549,LOF,0.46696748542180816,0.05255838711332015,0.4804741274648717
25550,LOF,0.3358045636326763,0.10958644153712092,0.5546089948302027
25551,LOF,0.28466505790393243,0.11857306316909984,0.5967618789269677
25552,LOF,0.19200626851513905,0.11537826070571068,0.6926154707791503
25553,Neutral,0.8282780932877081,0.031164339786327783,0.14055756692596424
25554,LOF,0.2198035744971688,0.10666019613705272,0.6735362293657785
25555,LOF,0.1822592596592586,0.09183511367113525,0.7259056266696062
25556,LOF,0.38548265316232644,0.0911141697164525,0.5234031771212211
25557,LOF,0.1792948765387488,0.0981521608884311,0.7225529625728202
25558,LOF,0.21721089755854633,0.1085939033896196,0.674195199051834
25559,LOF,0.40192367237059,0.08801923746689087,0.510057090162519
25560,LOF,0.05093329643870314,0.1758510639357356,0.7732156396255613
25561,LOF,0.10294228626157358,0.2133353342180235,0.6837223795204029
25562,LOF,0.10677056148209513,0.07951606305693878,0.8137133754609661
25563,LOF,0.10335251327742048,0.08082158844307306,0.8158258982795064
25564,LOF,0.14908238518822978,0.15460483667751554,0.6963127781342547
25565,LOF,0.1439991878027065,0.13766679051097241,0.7183340216863211
25566,GOF,0.014448239209100523,0.7685913859716185,0.216960374819281
25567,LOF,0.01417921510339896,0.160510439402174,0.8253103454944272
25568,LOF,0.05155751776169973,0.06857487967602988,0.8798676025622704
25569,LOF,0.06176723891531608,0.07306784983769618,0.8651649112469878
25570,LOF,0.06735327936954005,0.10407250159264574,0.8285742190378143
25571,LOF,0.06041322974005723,0.10083648765970928,0.8387502826002334
25572,LOF,0.0643473378916506,0.14855924271017132,0.7870934193981781
25573,LOF,0.027114689063315652,0.10333176324990634,0.8695535476867781
25574,LOF,0.01738240801424542,0.17839430076295315,0.8042232912228015
25575,LOF,0.045428223517739445,0.1140965368077199,0.8404752396745406
25576,LOF,0.02026720128227402,0.12931802973276388,0.8504147689849622
25577,LOF,0.015051524079073784,0.15901478958497736,0.8259336863359488
25578,LOF,0.23395702748830863,0.09941343036622824,0.6666295421454632
25579,LOF,0.23470739266598564,0.09865783127674461,0.6666347760572697
25580,LOF,0.03487680057929002,0.09254321112716671,0.8725799882935433
25581,LOF,0.04929858428011771,0.07769610498585823,0.873005310734024
25582,LOF,0.048701000214084404,0.07609495255537825,0.8752040472305374
25583,LOF,0.04277496453267181,0.1110412846435766,0.8461837508237516
25584,Neutral,0.4515551959637794,0.10491286240744477,0.4435319416287758
25585,LOF,0.03232256669866386,0.1287710931991776,0.8389063401021585
25586,LOF,0.03659976184424674,0.08876489279461446,0.8746353453611387
25587,LOF,0.03374030393171796,0.08789065175377282,0.8783690443145092
25588,LOF,0.038524043868011844,0.11036331223669049,0.8511126438952976
25589,Neutral,0.6035403133156825,0.12760502398643267,0.2688546626978849
25590,LOF,0.027080518901723343,0.15186420679836884,0.8210552742999078
25591,LOF,0.09871521422865111,0.06797644347096446,0.8333083423003844
25592,LOF,0.09779706443418998,0.1465770565120655,0.7556258790537445
25593,LOF,0.020048607530168877,0.2897120227771674,0.6902393696926636
25594,LOF,0.030499167217829293,0.25115998740929973,0.718340845372871
25595,LOF,0.04668109304278752,0.19117740051647247,0.7621415064407401
25596,LOF,0.05691734150866962,0.1276395774871203,0.81544308100421
25597,LOF,0.06073846621124708,0.10043962722720294,0.83882190656155
25598,LOF,0.037363852873088646,0.2340854335226003,0.728550713604311
25599,GOF,0.006835529797159626,0.8045933047077058,0.18857116549513456
25600,GOF,0.010217873332686115,0.5627147039324817,0.4270674227348322
25601,LOF,0.008507722695463779,0.47354703797733216,0.517945239327204
25602,LOF,0.021282327344258282,0.05999310074219327,0.9187245719135484
25603,LOF,0.0365044583589379,0.04089456849731525,0.9226009731437469
25604,LOF,0.04893736989584641,0.051879674237088044,0.8991829558670655
25605,LOF,0.010335427107644169,0.23389734836133297,0.7557672245310229
25606,LOF,0.07315435767085307,0.4167031477215159,0.5101424946076311
25607,LOF,0.005099685043019848,0.1424011916513375,0.8524991233056427
25608,LOF,0.05762810663035229,0.04711781484621664,0.8952540785234311
25609,LOF,0.05137938305361926,0.3215510266239543,0.6270695903224264
25610,LOF,0.04253601449289327,0.03450003996720793,0.9229639455398988
25611,LOF,0.04643120153545416,0.03436128207318456,0.9192075163913613
25612,LOF,0.08941484405833937,0.056622298360076644,0.853962857581584
25613,LOF,0.0777209434588145,0.0548450970421215,0.867433959499064
25614,LOF,0.03451914945482351,0.04574808537207661,0.9197327651730998
25615,LOF,0.05650016752488987,0.043664007448943165,0.899835825026167
25616,LOF,0.03529148353439565,0.042921611701840015,0.9217869047637643
25617,LOF,0.03509510430763229,0.050499072854325276,0.9144058228380425
25618,LOF,0.21933412254476745,0.0464676093618707,0.7341982680933617
25619,LOF,0.03381206365243159,0.04215390968242103,0.9240340266651474
25620,LOF,0.0392547228551685,0.051724554442836815,0.9090207227019947
25621,LOF,0.0321893114824843,0.04388581559962585,0.9239248729178899
25622,LOF,0.031240188818749525,0.055677606714751464,0.913082204466499
25623,LOF,0.06318156216516227,0.04106198185385169,0.895756455980986
25624,LOF,0.02846153778863878,0.0548908237067659,0.9166476385045952
25625,LOF,0.036083690889986794,0.05828141061273024,0.905634898497283
25626,LOF,0.06985703334587837,0.041464217160027565,0.8886787494940941
25627,Neutral,0.5552020470041922,0.13094289018916921,0.3138550628066386
25628,LOF,0.19249262380028756,0.06355519921116569,0.7439521769885469
25629,LOF,0.06360607857945687,0.121325798270611,0.815068123149932
25630,LOF,0.1894012228679984,0.10969804539104576,0.7009007317409559
25631,Neutral,0.6008529247465646,0.08864627429136344,0.31050080096207183
25632,LOF,0.023811168543338222,0.08003942920591862,0.896149402250743
25633,LOF,0.23474500326162653,0.0885835874170363,0.6766714093213372
25634,LOF,0.039524076226543775,0.10171180404689548,0.8587641197265607
25635,LOF,0.049698859143191346,0.08355344360871114,0.8667476972480975
25636,GOF,0.005435410577162176,0.5169105267656172,0.47765406265722055
25637,GOF,0.0050622540802774865,0.5017122982031041,0.49322544771661836
25638,LOF,0.008530182924831351,0.3776226034554856,0.6138472136196831
25639,LOF,0.0053688718565878075,0.35337855853505307,0.6412525696083592
25640,GOF,0.4138244778372913,0.5443123735459943,0.04186314861671436
25641,LOF,0.006944925733215422,0.38337518703744156,0.6096798872293431
25642,LOF,0.24760627264095114,0.08029308044024035,0.6721006469188084
25643,LOF,0.18402030305975717,0.3136882118772529,0.5022914850629899
25644,LOF,0.0279212847384169,0.43795928837998127,0.5341194268816017
25645,LOF,0.020360357849211485,0.3709154060165586,0.60872423613423
25646,LOF,0.019878314072739385,0.24635319188188234,0.7337684940453783
25647,LOF,0.019414856632488986,0.20520091797622253,0.7753842253912885
25648,LOF,0.016578380998099208,0.20587478971266207,0.7775468292892387
25649,LOF,0.014891157702533023,0.15408116315187226,0.8310276791455946
25650,LOF,0.04469341251079704,0.42013251117491923,0.5351740763142837
25651,LOF,0.013428110081543246,0.19391949226527408,0.7926523976531826
25652,LOF,0.020287668927574373,0.18003979741549314,0.7996725336569325
25653,LOF,0.09044413956330324,0.34563950007186117,0.5639163603648356
25654,LOF,0.01586144270151512,0.1882672737186275,0.7958712835798574
25655,LOF,0.10449107122345584,0.255828465179519,0.6396804635970251
25656,LOF,0.060465596026638375,0.06509095725232293,0.8744434467210387
25657,LOF,0.29765077825498254,0.02722889121918239,0.6751203305258351
25658,LOF,0.03207336941472918,0.08140165626169756,0.8865249743235734
25659,LOF,0.24733546477723192,0.06054485450354833,0.6921196807192198
25660,LOF,0.08631675902111516,0.11070336167746529,0.8029798793014196
25661,LOF,0.07187022893628806,0.0784000404414843,0.8497297306222278
25662,LOF,0.03269240580728723,0.049907421930062555,0.9174001722626502
25663,LOF,0.04183713818878673,0.08304083786629546,0.8751220239449179
25664,LOF,0.029806714468084083,0.12909832044191655,0.8410949650899994
25665,LOF,0.05205015246776361,0.05530951747349559,0.8926403300587408
25666,LOF,0.0356972855410863,0.19202913688624557,0.7722735775726681
25667,LOF,0.0324055098280982,0.065160611654045,0.9024338785178567
25668,LOF,0.04207454142278981,0.06504460288001077,0.8928808556971993
25669,LOF,0.046769642281509406,0.10388392367852267,0.8493464340399679
25670,LOF,0.12733130698750164,0.11529387982900581,0.7573748131834926
25671,LOF,0.040121492343331296,0.05959138001892697,0.9002871276377419
25672,LOF,0.05224282869874788,0.0895158510610039,0.8582413202402482
25673,LOF,0.03563990931293563,0.10050667528487149,0.8638534154021928
25674,LOF,0.02655718542960296,0.1150348800868521,0.858407934483545
25675,LOF,0.03452595076824017,0.09379870587363974,0.87167534335812
25676,LOF,0.03251089644056762,0.07445028376958139,0.893038819789851
25677,LOF,0.0825714428040577,0.07010293802838041,0.8473256191675619
25678,LOF,0.14093686010623996,0.05692428339271605,0.802138856501044
25679,LOF,0.09937573891698279,0.08857908255587703,0.8120451785271403
25680,LOF,0.08025913768828923,0.1051755867896494,0.8145652755220613
25681,LOF,0.09025269069808571,0.09631590064029048,0.8134314086616237
25682,LOF,0.05148133418137869,0.08495695121807297,0.8635617146005483
25683,LOF,0.07010667519487054,0.123160251789781,0.8067330730153485
25684,LOF,0.06166610509584926,0.07829888548488134,0.8600350094192694
25685,LOF,0.12174140095024637,0.03323161258882277,0.8450269864609309
25686,LOF,0.03320709799001883,0.07794711682894129,0.8888457851810398
25687,LOF,0.06942505224848493,0.08205267047600935,0.8485222772755058
25688,LOF,0.022787249625918587,0.16257064399708696,0.8146421063769944
25689,LOF,0.015703788330782387,0.09193002989035652,0.8923661817788612
25690,LOF,0.01650569526809156,0.1104314348663392,0.8730628698655691
25691,LOF,0.1338176891570837,0.151057280420257,0.7151250304226593
25692,LOF,0.17192160958749172,0.023522993203972255,0.8045553972085361
25693,LOF,0.043765017990786706,0.1790281195631032,0.77720686244611
25694,LOF,0.28980092625717024,0.011578030334758726,0.6986210434080712
25695,LOF,0.2166436565551771,0.01652093017499859,0.7668354132698244
25696,LOF,0.16197777585564224,0.010109020191772802,0.8279132039525848
25697,LOF,0.11548253528603043,0.03317280949972884,0.8513446552142407
25698,LOF,0.028176011244164183,0.3455795991561267,0.6262443895997092
25699,LOF,0.07999882164406448,0.08368500926286197,0.8363161690930735
25700,LOF,0.03419308419871687,0.01544849928167339,0.9503584165196097
25701,LOF,0.01657849147208809,0.08157352024675958,0.9018479882811523
25702,GOF,0.027749554507032165,0.7659183799445307,0.206332065548437
25703,LOF,0.017920847444697893,0.21418471862108385,0.7678944339342183
25704,LOF,0.10372308500115127,0.17858517650816433,0.7176917384906845
25705,LOF,0.07799773573859928,0.2752768536744434,0.6467254105869573
25706,GOF,0.030084510136421053,0.61538392481193,0.3545315650516489
25707,GOF,0.037071306048333495,0.6247622496704823,0.3381664442811843
25708,GOF,0.007923221528730758,0.5904490762132171,0.40162770225805233
25709,LOF,0.02354071848268571,0.09643186737593744,0.8800274141413768
25710,LOF,0.005168297490346457,0.27195970365794614,0.7228719988517075
25711,LOF,0.026771279555889826,0.1556976809952252,0.8175310394488849
25712,LOF,0.006056426057706296,0.3285872409920787,0.665356332950215
25713,LOF,0.022748709977262256,0.1374589638595559,0.8397923261631819
25714,LOF,0.02480561759317984,0.18466717178361225,0.790527210623208
25715,LOF,0.026900660045354862,0.16243553460287846,0.8106638053517667
25716,LOF,0.00864651316181917,0.16844301945545354,0.8229104673827273
25717,LOF,0.0055068543663864015,0.17394695261124513,0.8205461930223685
25718,LOF,0.0238207226825639,0.11122179028013879,0.8649574870372974
25719,LOF,0.033648179859163255,0.12892462951118155,0.8374271906296552
25720,LOF,0.03030794438882786,0.12337635800786471,0.8463156976033075
25721,LOF,0.028552391855651366,0.11333807671575935,0.8581095314285894
25722,LOF,0.017278698742166365,0.1577544644870097,0.8249668367708239
25723,LOF,0.027748538383492012,0.10328859172838553,0.8689628698881224
25724,LOF,0.02781981255249824,0.18462987373295628,0.7875503137145455
25725,LOF,0.029298561824856344,0.1035139715157134,0.8671874666594303
25726,LOF,0.018264150804997565,0.14123559215259296,0.8405002570424095
25727,LOF,0.02494586185809635,0.13789489125316842,0.8371592468887353
25728,LOF,0.024828425736250517,0.13521993717036096,0.8399516370933885
25729,LOF,0.024263060280156457,0.1427503135030705,0.832986626216773
25730,LOF,0.028374033126452643,0.10324667586183975,0.8683792910117075
25731,LOF,0.009335082950190064,0.2263696160719772,0.7642953009778328
25732,LOF,0.022369262807115098,0.11649594480895725,0.8611347923839275
25733,LOF,0.03622836003832668,0.11626383277036198,0.8475078071913112
25734,LOF,0.005821322075209263,0.3038095493136142,0.6903691286111765
25735,LOF,0.023217908924922287,0.09980009801406244,0.8769819930610153
25736,LOF,0.022012303352685957,0.15577931899832212,0.822208377648992
25737,LOF,0.050600163923870664,0.15887560836216666,0.7905242277139627
25738,LOF,0.023199291011671806,0.19319656093912538,0.7836041480492028
25739,LOF,0.0270503090634157,0.1569723416577628,0.8159773492788215
25740,LOF,0.028371669705841773,0.16762190031452417,0.8040064299796341
25741,LOF,0.03406464471408134,0.15269506650655548,0.813240288779363
25742,LOF,0.04244738282013512,0.15579303483013537,0.8017595823497295
25743,LOF,0.01199871202264819,0.030676043711063573,0.9573252442662883
25744,LOF,0.16950101845269613,0.29363927843111287,0.5368597031161909
25745,LOF,0.03354744898772503,0.0918518958812726,0.8746006551310023
25746,LOF,0.015087510262016324,0.14061768479848052,0.8442948049395032
25747,LOF,0.04011749993309292,0.030472403046093065,0.929410097020814
25748,LOF,0.275239208556455,0.05805655700732876,0.6667042344362163
25749,LOF,0.012739369902219796,0.07827782054073333,0.9089828095570469
25750,LOF,0.01844964820808389,0.07889565945777441,0.9026546923341416
25751,LOF,0.040702907883391155,0.06047124770540122,0.8988258444112076
25752,GOF,0.0727443556394632,0.7059551129149761,0.2213005314455606
25753,LOF,0.0064417646731899,0.4087544390428616,0.5848037962839484
25754,GOF,0.006804693427255309,0.8662354712365309,0.12695983533621386
25755,LOF,0.005978355463445785,0.43950617113886997,0.5545154733976843
25756,LOF,0.026492231039302327,0.4469147860494754,0.5265929829112223
25757,GOF,0.007194796916177701,0.8622706608967381,0.13053454218708407
25758,GOF,0.008053930301442384,0.8542967030071991,0.1376493666913584
25759,GOF,0.005369174312635718,0.6363979455928028,0.3582328800945614
25760,LOF,0.005299485295928417,0.34734776344236645,0.6473527512617051
25761,GOF,0.048666350368694294,0.8452400868578369,0.10609356277346878
25762,LOF,0.030394998362686866,0.3811321496278306,0.5884728520094826
25763,LOF,0.005592902111743437,0.3032748158422493,0.6911322820460073
25764,GOF,0.05122300818405112,0.6284621497465841,0.3203148420693647
25765,GOF,0.007252240081739826,0.8522274244699969,0.14052033544826317
25766,GOF,0.04834338668434415,0.8023284234321042,0.14932818988355157
25767,GOF,0.015347613091811495,0.5659517701828952,0.4187006167252933
25768,LOF,0.05084581425505161,0.06433802109138405,0.8848161646535644
25769,LOF,0.03168307795791499,0.06911410398767,0.899202818054415
25770,LOF,0.12999436562485484,0.05466288678486174,0.8153427475902834
25771,LOF,0.016237573739170532,0.052103252465774214,0.9316591737950553
25772,LOF,0.03006089104335575,0.021538093307439866,0.9484010156492043
25773,LOF,0.01846683642178704,0.05273896934982043,0.9287941942283926
25774,LOF,0.024794125240819885,0.08149822631796781,0.8937076484412124
25775,LOF,0.019490806593730665,0.034576215833136574,0.9459329775731328
25776,LOF,0.03445946597824594,0.01825797369031922,0.9472825603314348
25777,LOF,0.12947378357528644,0.05201047366815395,0.8185157427565596
25778,LOF,0.023499179740224564,0.044010023508937963,0.9324907967508376
25779,GOF,0.051080561279430337,0.8905627448947526,0.05835669382581705
25780,GOF,0.08459676062235261,0.8739521005135978,0.041451138864049546
25781,GOF,0.0303848494191088,0.8693356003223933,0.10027955025849788
25782,GOF,0.03655635646240348,0.9102506903262093,0.053192953211387166
25783,GOF,0.034382768760468,0.921279782899027,0.04433744834050495
25784,GOF,0.08707972124010956,0.8662287643935006,0.04669151436638977
25785,GOF,0.0967399776934904,0.8691565299125997,0.034103492393909966
25786,GOF,0.009678953990449027,0.8793175690515345,0.11100347695801646
25787,GOF,0.2234577053026196,0.732920343309013,0.043621951388367386
25788,LOF,0.017312757780287503,0.15870010231050136,0.8239871399092112
25789,GOF,0.018382151638734003,0.8734331863155443,0.10818466204572179
25790,GOF,0.026635634996450316,0.8919317451765161,0.08143261982703358
25791,GOF,0.02507851149334944,0.772538030521323,0.20238345798532761
25792,GOF,0.028150351854467386,0.8231336352748134,0.14871601287071928
25793,GOF,0.06875634448833587,0.8429769846623255,0.08826667084933858
25794,GOF,0.039006567105271436,0.7741104598857177,0.18688297300901094
25795,GOF,0.05506384894351536,0.7351762526958275,0.20975989836065712
25796,GOF,0.1137487724943302,0.8102895412028559,0.07596168630281384
25797,GOF,0.07847704383358865,0.7470850139779385,0.1744379421884728
25798,GOF,0.007346498510377046,0.780191235744817,0.212462265744806
25799,GOF,0.004345117767680478,0.7120286501906252,0.2836262320416943
25800,GOF,0.02702335221255144,0.8456910651149258,0.12728558267252288
25801,GOF,0.02048608382438172,0.911931844122887,0.06758207205273127
25802,GOF,0.03201640117612431,0.8249909469642713,0.14299265185960436
25803,GOF,0.022416385948779826,0.7419331735262298,0.2356504405249904
25804,GOF,0.034082287916702966,0.7832056705590137,0.1827120415242835
25805,GOF,0.030148521327888606,0.8070369031345638,0.16281457553754766
25806,GOF,0.04096374235203562,0.807568628638453,0.15146762900951152
25807,GOF,0.011983993144228952,0.775967529226445,0.2120484776293262
25808,GOF,0.022825826447818796,0.7928661794451911,0.18430799410698992
25809,GOF,0.010665341436029327,0.7300798903621012,0.2592547682018695
25810,GOF,0.009237259358991117,0.7115692856846273,0.2791934549563815
25811,GOF,0.05249384760150538,0.8823114599497288,0.06519469244876583
25812,GOF,0.028860623522412785,0.8165272958430402,0.154612080634547
25813,GOF,0.1380852310594053,0.7925027651658241,0.06941200377477064
25814,GOF,0.028965636048475546,0.83192510076323,0.1391092631882944
25815,GOF,0.056608356275620345,0.8559828079353247,0.08740883578905503
25816,GOF,0.00953944899425588,0.864369243818113,0.12609130718763117
25817,GOF,0.10575231615614168,0.803442676966398,0.09080500687746033
25818,GOF,0.03140001317552265,0.8029278335700991,0.1656721532543782
25819,GOF,0.04832519902797745,0.7534939738627698,0.1981808271092527
25820,GOF,0.041725094752514076,0.7035980309990464,0.25467687424843966
25821,GOF,0.028541503031635614,0.7566773850961905,0.21478111187217394
25822,GOF,0.05434705077105671,0.731422509191748,0.21423044003719524
25823,GOF,0.029122984103233586,0.7347090916013639,0.23616792429540243
25824,GOF,0.028294673406069025,0.8075768181813877,0.16412850841254314
25825,GOF,0.022929115829827193,0.8031385171819615,0.17393236698821127
25826,GOF,0.01057624737330753,0.7415005744187303,0.24792317820796222
25827,GOF,0.014525570081376138,0.7012256122328707,0.2842488176857531
25828,GOF,0.01114124378128345,0.733525405473365,0.25533335074535146
25829,GOF,0.004312834470686816,0.6811544302433471,0.3145327352859661
25830,GOF,0.04047826287373391,0.514673253179966,0.44484848394630017
25831,GOF,0.05958997889738073,0.8180833598066164,0.1223266612960028
25832,GOF,0.011301579963770916,0.7619434935020309,0.22675492653419813
25833,GOF,0.036713135392561866,0.8320325763655133,0.1312542882419248
25834,GOF,0.01148909880100138,0.7865270715005929,0.20198382969840561
25835,GOF,0.02515495012200497,0.8433847044608214,0.1314603454171737
25836,GOF,0.008034961448314868,0.7657912839689275,0.22617375458275762
25837,GOF,0.011219459571182155,0.7794030863208581,0.20937745410795985
25838,GOF,0.02695242419015632,0.850615409241825,0.1224321665680186
25839,GOF,0.07218425484270469,0.8209717783349009,0.10684396682239448
25840,GOF,0.10296494276105948,0.781013460574912,0.1160215966640286
25841,GOF,0.10207460380877008,0.8081747699361952,0.08975062625503465
25842,GOF,0.032311542331394126,0.882470470406152,0.08521798726245385
25843,GOF,0.033845910507805096,0.88208055009108,0.084073539401115
25844,GOF,0.02236532498188241,0.8473389934730899,0.13029568154502758
25845,GOF,0.007574308175398145,0.7727299559379939,0.2196957358866079
25846,GOF,0.06813665588831308,0.8477008793299867,0.08416246478170006
25847,GOF,0.020510231846194767,0.8836033767704103,0.0958863913833947
25848,GOF,0.027234703792011292,0.8491991313666948,0.12356616484129393
25849,GOF,0.008742639456440602,0.8252940728530727,0.16596328769048677
25850,GOF,0.007542924941723551,0.753445216837314,0.23901185822096246
25851,GOF,0.007061923526921409,0.7064471771811979,0.28649089929188076
25852,GOF,0.15607336797777377,0.5739227343326088,0.2700038976896174
25853,GOF,0.06437706487728949,0.8228862120663887,0.11273672305632194
25854,GOF,0.006563797473680804,0.7236654786195039,0.26977072390681534
25855,GOF,0.02013737313692825,0.7202238730042085,0.2596387538588631
25856,GOF,0.03709807164684619,0.7929702428703017,0.16993168548285212
25857,GOF,0.01974145501776057,0.7102520641980853,0.27000648078415407
25858,GOF,0.010756906735418174,0.712328145450411,0.27691494781417086
25859,GOF,0.007966685013582685,0.6841396967521448,0.3078936182342725
25860,GOF,0.07586281383742188,0.7920223714840309,0.13211481467854708
25861,GOF,0.10474504721494289,0.7920464079850179,0.10320854480003915
25862,GOF,0.02823487376583112,0.8923640911883834,0.07940103504578548
25863,GOF,0.025339436607110334,0.8871495430728137,0.08751102032007602
25864,GOF,0.05995710174329141,0.8817307221926874,0.058312176064021184
25865,GOF,0.054181020706827364,0.8559763728976959,0.08984260639547656
25866,GOF,0.026768067519226346,0.8788503155892209,0.09438161689155282
25867,GOF,0.046321276507194975,0.8724333767639603,0.08124534672884472
25868,GOF,0.06894297523685022,0.8223260566158437,0.10873096814730607
25869,GOF,0.35010851413916555,0.5579276368650173,0.09196384899581724
25870,GOF,0.07666505800300216,0.5376030752036305,0.3857318667933673
25871,GOF,0.012034334882190483,0.8565935752603875,0.1313720898574222
25872,GOF,0.025058290045027472,0.8474784638008982,0.12746324615407437
25873,GOF,0.02406456640937268,0.8879487299509718,0.0879867036396554
25874,LOF,0.01746447725815387,0.18761830737711624,0.7949172153647299
25875,LOF,0.035683537802355274,0.052567804785493104,0.9117486574121517
25876,LOF,0.020848457254251773,0.04129977850733673,0.9378517642384115
25877,LOF,0.12770269838305495,0.10188712328112699,0.7704101783358179
25878,LOF,0.08732539961095691,0.13450391025532782,0.7781706901337152
25879,LOF,0.015155095342771126,0.09506413075745178,0.889780773899777
25880,LOF,0.07555580760800959,0.015146492446346447,0.909297699945644
25881,Neutral,0.5467076403163877,0.08913499295170615,0.3641573667319062
25882,LOF,0.06218678759379998,0.028025116993909353,0.9097880954122907
25883,LOF,0.027741186869760275,0.03241822320065021,0.9398405899295895
25884,LOF,0.019997445614551232,0.05021964846241739,0.9297829059230315
25885,LOF,0.2010370155051758,0.015191926167720053,0.7837710583271043
25886,LOF,0.2637068720284383,0.06838626543833111,0.6679068625332305
25887,LOF,0.12649165013468108,0.1230192880766525,0.7504890617886665
25888,LOF,0.0081619002008708,0.16544547833520873,0.8263926214639205
25889,LOF,0.028730547819022956,0.04358048574520973,0.9276889664357673
25890,LOF,0.1807654800809855,0.054565877271798464,0.764668642647216
25891,LOF,0.12517772825933493,0.02595851320552979,0.8488637585351354
25892,LOF,0.008478443126217506,0.032968047467918885,0.9585535094058635
25893,LOF,0.39752586760786357,0.009404850708761863,0.5930692816833747
25894,LOF,0.37858496164186806,0.006489829567923801,0.6149252087902082
25895,LOF,0.31657684077804343,0.014280520981232834,0.6691426382407237
25896,LOF,0.07241536286001057,0.030414737990037393,0.897169899149952
25897,LOF,0.13220275967780232,0.011702550953679345,0.8560946893685183
25898,LOF,0.13408865829344924,0.03467750261071532,0.8312338390958355
25899,LOF,0.4005165119932422,0.0361263664825848,0.5633571215241729
25900,LOF,0.4762197292759501,0.009491392542652584,0.5142888781813973
25901,LOF,0.08477534776492074,0.012200768354270931,0.9030238838808083
25902,LOF,0.08988782096856163,0.01499169437653754,0.8951204846549008
25903,LOF,0.2888604619400431,0.025385963257425127,0.6857535748025319
25904,Neutral,0.4945094139855336,0.04396401461889821,0.46152657139556813
25905,LOF,0.006677955805201178,0.4629490657764132,0.5303729784183857
25906,LOF,0.010153733447853518,0.08387059943740044,0.905975667114746
25907,LOF,0.009258333114144519,0.31248463775446306,0.6782570291313924
25908,LOF,0.00943523921911318,0.3209756768896483,0.6695890838912385
25909,LOF,0.03584967992449116,0.10898983039398284,0.8551604896815259
25910,LOF,0.012416087936707579,0.1390461974976678,0.8485377145656248
25911,LOF,0.1974652001407295,0.026165412426818788,0.7763693874324517
25912,LOF,0.09232273347258729,0.02148883076876421,0.8861884357586485
25913,LOF,0.02512772740300843,0.033713418536295975,0.9411588540606957
25914,LOF,0.047978305268860294,0.023426777082974585,0.9285949176481652
25915,LOF,0.26349129240509744,0.10394009199513578,0.6325686155997667
25916,LOF,0.026838793926839348,0.0554453693091347,0.9177158367640259
25917,LOF,0.07960253851979063,0.024224704692685797,0.8961727567875236
25918,LOF,0.04119940411822723,0.012641128422397984,0.9461594674593748
25919,LOF,0.037383997876062544,0.012958063115324745,0.9496579390086126
25920,LOF,0.3572492956275127,0.25291199480251275,0.3898387095699745
25921,LOF,0.015786249845203337,0.024162701427202296,0.9600510487275945
25922,LOF,0.014330240394189979,0.025774648242406047,0.959895111363404
25923,LOF,0.44504874934190475,0.018249026494492556,0.5367022241636026
25924,LOF,0.026771526679383588,0.03125371063399363,0.9419747626866227
25925,LOF,0.09552479730714303,0.033481128732526795,0.8709940739603301
25926,LOF,0.08298660912763318,0.023046747014886924,0.8939666438574798
25927,LOF,0.024370961873360714,0.05240057860852363,0.9232284595181156
25928,LOF,0.012088590482342025,0.03178258232343195,0.9561288271942261
25929,Neutral,0.5737996009335639,0.01751991564896845,0.40868048341746765
25930,LOF,0.0925768900095222,0.016363898056133502,0.8910592119343443
25931,LOF,0.014243982819485145,0.019705963159222406,0.9660500540212924
25932,LOF,0.07987525041665021,0.019939034921490045,0.9001857146618598
25933,LOF,0.08904708208200786,0.012008732797673987,0.898944185120318
25934,LOF,0.08697965336626035,0.010078108859205107,0.9029422377745345
25935,LOF,0.09177146294879598,0.03014421913250481,0.8780843179186991
25936,LOF,0.11046706817111973,0.011770588115202959,0.8777623437136773
25937,LOF,0.019112658469479238,0.01871805680347584,0.962169284727045
25938,LOF,0.09566417178328009,0.02783502026647526,0.8765008079502445
25939,LOF,0.07064381021944048,0.01607325374733152,0.913282936033228
25940,GOF,0.010105322870662108,0.5399188355825086,0.44997584154682935
25941,LOF,0.4342564913454698,0.04729164975462596,0.5184518588999042
25942,LOF,0.009924810835873795,0.05278633374153323,0.937288855422593
25943,LOF,0.04235471762303928,0.17513139050869006,0.7825138918682707
25944,LOF,0.036196312119928846,0.09220099644616443,0.8716026914339067
25945,LOF,0.16937007422307315,0.02656370017327417,0.8040662256036527
25946,LOF,0.06464150104419565,0.03673818876681166,0.8986203101889926
25947,Neutral,0.47756722429590853,0.10169089308762332,0.4207418826164682
25948,LOF,0.3722428105687223,0.01653039781314924,0.6112267916181284
25949,LOF,0.12713872749455277,0.09242046322276089,0.7804408092826863
25950,GOF,0.1168558969206287,0.5668823173642835,0.31626178571508773
25951,LOF,0.019898823739544123,0.44089509722854553,0.5392060790319103
25952,LOF,0.21624745732252135,0.2275873037978266,0.556165238879652
25953,LOF,0.00933872017017644,0.35151283702877356,0.63914844280105
25954,GOF,0.10282073761132518,0.45630019286070794,0.4408790695279669
25955,LOF,0.009661754163317144,0.2613451446392393,0.7289931011974436
25956,LOF,0.014162398834385803,0.3598195260534661,0.6260180751121481
25957,LOF,0.15069830663353806,0.04212056774000767,0.8071811256264543
25958,LOF,0.03184842303544884,0.0687638247311358,0.8993877522334154
25959,GOF,0.007267468672849214,0.7612564650969467,0.23147606623020414
25960,LOF,0.004522232258958058,0.15245513902555966,0.8430226287154823
25961,LOF,0.02915738214432265,0.05396707897879887,0.9168755388768784
25962,LOF,0.032877881554020216,0.07714835869468611,0.8899737597512936
25963,LOF,0.007782421110482227,0.11833583452795642,0.8738817443615613
25964,LOF,0.040480934127579866,0.13742437192420603,0.8220946939482141
25965,LOF,0.24446690807787833,0.1500145127387931,0.6055185791833285
25966,LOF,0.3415251336028217,0.11446410051576815,0.5440107658814102
25967,LOF,0.006153461454690668,0.09340698839380444,0.9004395501515049
25968,LOF,0.042632975368627576,0.23846406202225132,0.718902962609121
25969,LOF,0.13780345644107855,0.056818880146448335,0.805377663412473
25970,LOF,0.07114998958250394,0.0650093355565076,0.8638406748609885
25971,LOF,0.06973463571464382,0.029205751952114067,0.901059612333242
25972,LOF,0.08509368507486675,0.05634006082906721,0.858566254096066
25973,LOF,0.05069465486244478,0.014289409403322876,0.9350159357342323
25974,LOF,0.0496222582092189,0.045096278476189314,0.9052814633145917
25975,LOF,0.034092409083272476,0.020221363511147582,0.94568622740558
25976,LOF,0.0894002341474511,0.013178781307475919,0.8974209845450729
25977,LOF,0.251325431845637,0.054830858759093465,0.6938437093952696
25978,LOF,0.16404193139150314,0.13445065584364685,0.7015074127648501
25979,LOF,0.13687694561487532,0.15445688135760416,0.7086661730275204
25980,LOF,0.20997443814216302,0.207477408573733,0.5825481532841039
25981,LOF,0.21145584470935702,0.20992890474099682,0.5786152505496462
25982,LOF,0.3742290473979509,0.12010223642083412,0.505668716181215
25983,Neutral,0.4590822615984953,0.12185077771125531,0.4190669606902494
25984,LOF,0.0645623190846464,0.09335900049193087,0.8420786804234228
25985,Neutral,0.4947227794675217,0.12337080407408456,0.3819064164583938
25986,LOF,0.013320632216632688,0.46302947751582246,0.5236498902675448
25987,LOF,0.04086242881009148,0.10995520354666583,0.8491823676432427
25988,LOF,0.06034282880476058,0.14453897138593616,0.7951181998093032
25989,LOF,0.07301055609833701,0.1997826621980442,0.7272067817036189
25990,LOF,0.05870895696756513,0.344649146045297,0.5966418969871378
25991,LOF,0.028992519744242613,0.4630595944792908,0.5079478857764665
25992,LOF,0.018600055681396308,0.42953435775168697,0.5518655865669166
25993,LOF,0.020858174121833824,0.060063395520506394,0.9190784303576598
25994,LOF,0.028974677090063183,0.06384091427581103,0.9071844086341259
25995,LOF,0.020369872943211652,0.11733726895785122,0.8622928580989371
25996,Neutral,0.39307988664753474,0.3567969394259712,0.25012317392649397
25997,LOF,0.06270919111008207,0.4491914665411571,0.48809934234876073
25998,LOF,0.259145822832419,0.05012886871946896,0.690725308448112
25999,LOF,0.04535094942734477,0.12429500903644174,0.8303540415362135
26000,LOF,0.1333178931102,0.015592695565829874,0.8510894113239701
26001,LOF,0.19332517091131304,0.02329454342505843,0.7833802856636285
26002,LOF,0.09325139229769404,0.02965404590441388,0.877094561797892
26003,GOF,0.005651863210378021,0.6386261732005482,0.35572196358907376
26004,GOF,0.011686228276237443,0.6120348661670354,0.37627890555672716
26005,GOF,0.004124358141315882,0.49992779932106995,0.4959478425376142
26006,GOF,0.08302642802756656,0.5327403502384637,0.38423322173396973
26007,GOF,0.007429312031596482,0.526448062952404,0.4661226250159995
26008,GOF,0.005628408727349706,0.5730789502396503,0.42129264103299985
26009,GOF,0.010055101357836233,0.6143459199195211,0.37559897872264264
26010,GOF,0.007389127682713072,0.5903467063788651,0.4022641659384218
26011,LOF,0.004060833719145996,0.42772055505841106,0.568218611222443
26012,GOF,0.004753408279653628,0.5546625823748589,0.4405840093454874
26013,GOF,0.009509557985681679,0.578388355009516,0.41210208700480233
26014,LOF,0.04045417901530371,0.08123571313982007,0.8783101078448761
26015,LOF,0.41163554848724143,0.02434955128982469,0.5640149002229339
26016,LOF,0.2965300122131954,0.0380473871732572,0.6654226006135474
26017,LOF,0.015226932317785536,0.16405922830979194,0.8207138393724226
26018,LOF,0.02983885833256272,0.07032831945878315,0.8998328222086541
26019,LOF,0.028516381974892265,0.06397237258323656,0.9075112454418711
26020,LOF,0.007198251519403689,0.1883415803889052,0.8044601680916911
26021,LOF,0.06752998112017489,0.0807211564599606,0.8517488624198644
26022,LOF,0.035159522487389516,0.0336022403767627,0.9312382371358477
26023,LOF,0.022949917760942885,0.049520993061254875,0.9275290891778022
26024,LOF,0.03952278456019158,0.05866415069607701,0.9018130647437314
26025,LOF,0.11797263497274414,0.06503679917808802,0.8169905658491678
26026,LOF,0.10815867545245116,0.04769259179787205,0.8441487327496767
26027,LOF,0.029460744214681575,0.02925434550796928,0.9412849102773491
26028,LOF,0.06105823948109029,0.1713383119379361,0.7676034485809736
26029,LOF,0.024536901245135797,0.1594353733159757,0.8160277254388886
26030,LOF,0.12228796060477996,0.026130636838038186,0.8515814025571818
26031,LOF,0.011598037421382936,0.14503420782076631,0.8433677547578508
26032,LOF,0.03616771755049367,0.04741902325641662,0.9164132591930897
26033,LOF,0.037986158370753406,0.04747418100296004,0.9145396606262864
26034,LOF,0.01609113830509756,0.10932201893675145,0.874586842758151
26035,LOF,0.010445697549450473,0.11094676865816237,0.8786075337923872
26036,LOF,0.010354999207772282,0.09611082644953861,0.8935341743426891
26037,LOF,0.009993486588980626,0.09778896793825281,0.8922175454727665
26038,LOF,0.03039965500866098,0.0402114066630484,0.9293889383282907
26039,LOF,0.028233010804664997,0.13520080650964086,0.836566182685694
26040,LOF,0.08227705817762,0.10690416855292949,0.8108187732694505
26041,LOF,0.010981084492203932,0.10110371244005098,0.8879152030677451
26042,LOF,0.010273281868587033,0.1044523138323731,0.8852744042990398
26043,LOF,0.030177261662985833,0.06737156383748368,0.9024511744995305
26044,LOF,0.006785320079931131,0.04923893100424083,0.943975748915828
26045,LOF,0.06053119108144201,0.13690449201587024,0.8025643169026877
26046,LOF,0.02723249221107306,0.04757187962748024,0.9251956281614467
26047,LOF,0.058408832597845524,0.04661216267632962,0.8949790047258248
26048,LOF,0.08226704146715734,0.01834990973402514,0.8993830487988175
26049,Neutral,0.9390616354633329,0.005927460186066088,0.055010904350601096
26050,Neutral,0.9095558915884898,0.00644374976706978,0.08400035864444051
26051,LOF,0.029648039306177047,0.08338607653805909,0.8869658841557639
26052,LOF,0.031059497970526245,0.06769733583255741,0.9012431661969162
26053,LOF,0.019756367207580998,0.15961492765079754,0.8206287051416215
26054,LOF,0.04778084796083326,0.039417472997361425,0.9128016790418052
26055,LOF,0.06944488404223571,0.034133375570979604,0.8964217403867847
26056,LOF,0.05649038241031813,0.04752687915905251,0.8959827384306294
26057,LOF,0.05888267696272108,0.01961470595050686,0.9215026170867721
26058,LOF,0.064002161321137,0.015682786013695032,0.920315052665168
26059,LOF,0.21807270500449807,0.03244942621476633,0.7494778687807355
26060,LOF,0.015391357242406862,0.18857740240249557,0.7960312403550975
26061,LOF,0.010873741130069742,0.014613075829522641,0.9745131830404076
26062,LOF,0.005335461575541575,0.021339141645608434,0.97332539677885
26063,LOF,0.0488087027801562,0.014904664341831787,0.9362866328780121
26064,LOF,0.013359971353825419,0.020563266046058598,0.966076762600116
26065,LOF,0.06628619749888713,0.018904178844565737,0.9148096236565472
26066,LOF,0.0480565524591848,0.014252723328255461,0.9376907242125597
26067,LOF,0.05546621319467175,0.013070194413566036,0.9314635923917622
26068,LOF,0.0508152763917652,0.03888588676988183,0.910298836838353
26069,LOF,0.21042696123031066,0.028881184708835893,0.7606918540608535
26070,LOF,0.43052287128752786,0.0194661764898729,0.5500109522225992
26071,LOF,0.05132401823694323,0.01600612289754468,0.9326698588655121
26072,LOF,0.006134849170882429,0.024011682558082233,0.9698534682710354
26073,LOF,0.04243281299584644,0.01847328239091357,0.9390939046132399
26074,Neutral,0.7863573175450285,0.013715620481253254,0.19992706197371835
26075,LOF,0.046441698363231775,0.030451187567020144,0.9231071140697481
26076,LOF,0.042238815357831874,0.014737936053688363,0.9430232485884796
26077,LOF,0.14537093821395186,0.010984407889733446,0.8436446538963147
26078,LOF,0.0062705376243668435,0.025758275777827553,0.9679711865978055
26079,LOF,0.05814033965256869,0.02467607890322653,0.9171835814442048
26080,LOF,0.057141339670486416,0.024755515392134178,0.9181031449373795
26081,LOF,0.04166476004917232,0.013111894428444092,0.9452233455223835
26082,LOF,0.006074015491553511,0.022027780442294986,0.9718982040661516
26083,LOF,0.10515906666433972,0.024993125890199887,0.8698478074454604
26084,LOF,0.11458155399408924,0.021712556455649384,0.8637058895502613
26085,LOF,0.1069272654845625,0.01738442955476606,0.8756883049606714
26086,LOF,0.041775393646885976,0.0176752026266277,0.9405494037264863
26087,LOF,0.042623233651286244,0.01537609063374945,0.9420006757149643
26088,LOF,0.00622885165694183,0.03461186108609928,0.9591592872569589
26089,LOF,0.039635890478642036,0.03934272783322748,0.9210213816881304
26090,LOF,0.0402050504273661,0.029965501143716624,0.9298294484289172
26091,LOF,0.03086711344815467,0.011739210111856966,0.9573936764399884
26092,LOF,0.045870583524966764,0.012985179563682144,0.9411442369113512
26093,LOF,0.06155801670072821,0.008857566572982537,0.9295844167262892
26094,LOF,0.03341902065916321,0.010416372108400516,0.9561646072324362
26095,LOF,0.017966464122170022,0.023857796773819686,0.9581757391040102
26096,LOF,0.2367686436506622,0.006037809720544704,0.757193546628793
26097,LOF,0.0057999531156364475,0.054403209513570715,0.9397968373707928
26098,LOF,0.09218434110821716,0.024798734096529423,0.8830169247952534
26099,LOF,0.04272329214270176,0.027162049592114674,0.9301146582651835
26100,LOF,0.042667164270221575,0.027163642180802246,0.9301691935489762
26101,LOF,0.04823454227978704,0.044288212844577665,0.9074772448756354
26102,LOF,0.03608936388717592,0.024132843126565613,0.9397777929862585
26103,Neutral,0.8976141329900865,0.02921049418765352,0.07317537282225997
26104,LOF,0.05362214102927197,0.04395445055166602,0.9024234084190619
26105,LOF,0.23341409700424695,0.11307701062038873,0.6535088923753642
26106,LOF,0.3511262881843121,0.04392044858712966,0.6049532632285581
26107,LOF,0.020448363712846907,0.0686019735097351,0.910949662777418
26108,LOF,0.23000071760135057,0.046437636456593566,0.7235616459420559
26109,LOF,0.06414521474890503,0.035079140161277986,0.900775645089817
26110,LOF,0.399946316904035,0.014309459699537282,0.5857442233964277
26111,LOF,0.05394573302260982,0.1164701993305723,0.8295840676468178
26112,LOF,0.05924139571809414,0.013365592554618394,0.9273930117272875
26113,LOF,0.11347909779489025,0.03739842295928463,0.8491224792458251
26114,LOF,0.09601989894087287,0.006902197362042292,0.8970779036970848
26115,LOF,0.021615388734589187,0.04664753373828245,0.9317370775271284
26116,LOF,0.09095981977295456,0.021286737703152238,0.8877534425238932
26117,LOF,0.3431901974463375,0.059452961866060756,0.5973568406876018
26118,LOF,0.032896311749182006,0.02499083109762562,0.9421128571531923
26119,LOF,0.0051923125967119725,0.12526287588547744,0.8695448115178105
26120,LOF,0.02965660031129352,0.025230285894174642,0.9451131137945319
26121,LOF,0.0038273096435846097,0.1713284513685027,0.8248442389879127
26122,LOF,0.004344614409254451,0.14653841543580437,0.8491169701549411
