feature0,prediction,LoGoFunc_Neutral,LoGoFunc_GOF,LoGoFunc_LOF
25546,Neutral,0.6478123644859796,0.05836659031165068,0.29382104520236973
25547,Neutral,0.5344586903427361,0.12424920214397035,0.3412921075132934
25548,Neutral,0.4947110816172542,0.08322479805007404,0.4220641203326718
25549,LOF,0.4486070933051382,0.0985838899558942,0.45280901673896773
25550,Neutral,0.5984705432119144,0.06152828748570851,0.3400011693023771
25551,Neutral,0.6225191810373786,0.07738556204248363,0.30009525692013783
25552,LOF,0.31074575510075186,0.09471589208521136,0.5945383528140369
25553,Neutral,0.5570334495392351,0.06560275029556578,0.37736380016519916
25554,LOF,0.3808181500612034,0.13396155719403902,0.48522029274475753
25555,LOF,0.28788201972511995,0.09321256311743345,0.6189054171574465
25556,LOF,0.38874474232524664,0.10940911897280382,0.5018461387019495
25557,LOF,0.2860719197071206,0.0997949864325876,0.6141330938602918
25558,LOF,0.39634515589827446,0.10884244701757861,0.49481239708414704
25559,LOF,0.24075827235826752,0.11636254404158781,0.6428791836001447
25560,LOF,0.0508662915495401,0.11000594547481894,0.8391277629756411
25561,LOF,0.12850200594263395,0.11063459055286562,0.7608634035045004
25562,LOF,0.12175569345458509,0.021555476227190975,0.856688830318224
25563,LOF,0.17254130421510766,0.045022093996477774,0.7824366017884146
25564,LOF,0.06458902979267214,0.07100937364086343,0.8644015965664645
25565,LOF,0.11663657192024018,0.29876332035811404,0.5846001077216458
25566,GOF,0.035656851893998934,0.5942481167256908,0.37009503138031025
25567,LOF,0.018437230253877956,0.11347780800211216,0.86808496174401
25568,LOF,0.09496343083357485,0.10708327401923202,0.7979532951471932
25569,LOF,0.23092655305620963,0.02510265291779235,0.743970794025998
25570,LOF,0.0818185087504642,0.11890307721481526,0.7992784140347206
25571,LOF,0.08806762026851782,0.07868270092265792,0.8332496788088243
25572,LOF,0.07487452203059003,0.12740519834576944,0.7977202796236406
25573,LOF,0.037933704035671915,0.12032167840656365,0.8417446175577644
25574,LOF,0.010994574702961517,0.29547796111727814,0.6935274641797604
25575,LOF,0.08692027430041517,0.04804727126135328,0.8650324544382315
25576,LOF,0.021800900071635335,0.037287450114927574,0.9409116498134371
25577,LOF,0.016825207555575355,0.07262757045434659,0.9105472219900781
25578,LOF,0.22214635854355494,0.1113807053196205,0.6664729361368247
25579,LOF,0.09812908219307459,0.1139087183261872,0.7879621994807383
25580,LOF,0.050977268001962193,0.035088879231278736,0.913933852766759
25581,LOF,0.08392498325136319,0.14746338725590136,0.7686116294927354
25582,LOF,0.08965774980816231,0.08136132628978193,0.8289809239020558
25583,LOF,0.05952088025837964,0.033541111697400317,0.90693800804422
25584,Neutral,0.4991877145304216,0.082985258972844,0.4178270264967345
25585,LOF,0.016857398174465462,0.047880239489348185,0.9352623623361863
25586,LOF,0.05827944455156385,0.06989373751248804,0.8718268179359482
25587,LOF,0.04254157894136117,0.05667625501148039,0.9007821660471584
25588,LOF,0.05211516818732263,0.06562275842943932,0.882262073383238
25589,Neutral,0.6884423978382216,0.1352020670071869,0.17635553515459151
25590,LOF,0.035136259215590784,0.11097903149144775,0.8538847092929615
25591,LOF,0.16482475267042485,0.05252805773961083,0.7826471895899644
25592,LOF,0.22711194285861552,0.19130916021616962,0.5815788969252148
25593,LOF,0.017766040516389678,0.3741523744492122,0.6080815850343982
25594,LOF,0.09401756021155026,0.1386918791891997,0.7672905605992499
25595,LOF,0.06676831557973952,0.17684922090351585,0.7563824635167447
25596,LOF,0.11137879302656457,0.0831300207265172,0.8054911862469183
25597,LOF,0.10150467868847611,0.048635658732925274,0.8498596625785987
25598,LOF,0.18399284961350854,0.06403962648314054,0.7519675239033509
25599,LOF,0.012787447536288122,0.17491681935502276,0.8122957331086891
25600,LOF,0.014280800153214908,0.16650154487021968,0.8192176549765653
25601,LOF,0.009593525636732941,0.09696523243370238,0.8934412419295646
25602,LOF,0.04154136269295788,0.11755148070135335,0.8409071566056888
25603,LOF,0.044434975185413415,0.10673407759294015,0.8488309472216464
25604,LOF,0.02824228880804948,0.15919800820691254,0.8125597029850379
25605,LOF,0.015102957139505031,0.36528541112604007,0.6196116317344549
25606,GOF,0.07021216864711972,0.5595111069952664,0.3702767243576138
25607,LOF,0.0034822363351976683,0.2344496101984015,0.7620681534664008
25608,LOF,0.03053059951124182,0.04665251394770517,0.922816886541053
25609,LOF,0.17126780160551064,0.16692630936448397,0.6618058890300054
25610,LOF,0.03834744559309575,0.12310576073157371,0.8385467936753305
25611,LOF,0.05519412049850126,0.09502012092266467,0.8497857585788341
25612,LOF,0.1169159115021523,0.2169044190074399,0.6661796694904077
25613,LOF,0.042961999900881315,0.27646838366869075,0.6805696164304279
25614,LOF,0.0328254969319764,0.185473613377837,0.7817008896901866
25615,LOF,0.030560120899331657,0.13830009232283408,0.8311397867778342
25616,LOF,0.023891373566806973,0.23586965652101424,0.7402389699121789
25617,LOF,0.04777273609311365,0.15314179730876254,0.7990854665981237
25618,GOF,0.07623258704807084,0.5365369255451387,0.3872304874067905
25619,LOF,0.04531510892094083,0.140717639044963,0.8139672520340961
25620,LOF,0.029045402268899043,0.22425854290178307,0.7466960548293179
25621,LOF,0.03904617295107474,0.131542308875797,0.8294115181731282
25622,LOF,0.02942864113734049,0.19757683752494112,0.7729945213377183
25623,LOF,0.05067295873719239,0.1519464990844801,0.7973805421783274
25624,LOF,0.031601859196702164,0.22822410843235788,0.7401740323709399
25625,LOF,0.034225600157324274,0.1527552741050846,0.813019125737591
25626,LOF,0.14190696158269142,0.14758309208257397,0.7105099463347346
25627,Neutral,0.46117927694505717,0.18525427836453717,0.35356644469040555
25628,LOF,0.1533808222976101,0.05836825163410434,0.7882509260682856
25629,LOF,0.18940647374956815,0.05069539308104485,0.759898133169387
25630,LOF,0.07810578306045164,0.11406593413949571,0.8078282828000527
25631,Neutral,0.46892934190105773,0.20083961673862133,0.3302310413603209
25632,LOF,0.012489972592481243,0.05759414675914173,0.9299158806483769
25633,LOF,0.2972126821950469,0.24510009274187025,0.4576872250630829
25634,LOF,0.08562310077729843,0.21425847330668568,0.7001184259160159
25635,LOF,0.04372574622787441,0.05385241469960187,0.9024218390725238
25636,GOF,0.005094079738989405,0.5750334655046642,0.41987245475634655
25637,LOF,0.005447936961569806,0.30855488077138754,0.6859971822670426
25638,LOF,0.00649927359756335,0.35971364986163884,0.6337870765407978
25639,LOF,0.006284281316022816,0.2476928885807247,0.7460228301032525
25640,Neutral,0.512163553283756,0.33233310456437776,0.15550334215186634
25641,LOF,0.009221606709322051,0.20249023677088165,0.7882881565197962
25642,LOF,0.2946311361960203,0.07351366904674615,0.6318551947572335
25643,LOF,0.3903847013821693,0.018675897066051737,0.590939401551779
25644,LOF,0.012545105198479022,0.41370064525218614,0.5737542495493348
25645,GOF,0.010627069062054451,0.598653044307186,0.39071988663075957
25646,LOF,0.01115477984451576,0.34173142571841725,0.6471137944370671
25647,LOF,0.011898458420938354,0.33379535375147107,0.6543061878275904
25648,LOF,0.00849170922586796,0.4135005598134106,0.5780077309607214
25649,LOF,0.007620173122298574,0.27183315515949924,0.7205466717182022
25650,GOF,0.026657399095429607,0.5394997023742257,0.4338428985303446
25651,LOF,0.007683453481561863,0.4132211123463973,0.5790954341720409
25652,LOF,0.01778296916883167,0.28817052123231046,0.6940465095988578
25653,GOF,0.08535320186407971,0.5223488554069267,0.39229794272899365
25654,LOF,0.01117934235522731,0.48730083682744807,0.5015198208173247
25655,GOF,0.09475290384266756,0.4981003308329493,0.40714676532438315
25656,GOF,0.0487056030337919,0.4813684036163097,0.4699259933498984
25657,LOF,0.24678977875604302,0.0515923105177642,0.7016179107261927
25658,LOF,0.01821052128958158,0.31194747774067605,0.6698420009697423
25659,LOF,0.11240140316708934,0.24441554688990486,0.6431830499430059
25660,LOF,0.09411072014136139,0.11369939153371403,0.7921898883249245
25661,LOF,0.07149284552506942,0.09216879160055323,0.8363383628743774
25662,LOF,0.05592164627906875,0.06878323121076876,0.8752951225101625
25663,LOF,0.052558987503366524,0.08798441862234248,0.859456593874291
25664,LOF,0.040039415600445535,0.15653780292390412,0.8034227814756503
25665,LOF,0.08046483960341927,0.166978277357684,0.7525568830388968
25666,LOF,0.062309283454284624,0.13393770403302624,0.8037530125126892
25667,LOF,0.041872239872102576,0.034161663576339714,0.9239660965515577
25668,LOF,0.0547729597712203,0.041230734685779515,0.9039963055430001
25669,LOF,0.0444731096192792,0.07251605851076046,0.8830108318699604
25670,LOF,0.06236702374802387,0.05411038363581437,0.8835225926161617
25671,LOF,0.06100371813626684,0.08643695959366236,0.8525593222700708
25672,LOF,0.09512331000957497,0.1264979349679447,0.7783787550224803
25673,LOF,0.06241718955765722,0.06660442009739448,0.8709783903449483
25674,LOF,0.035900664721869514,0.10970492852922402,0.8543944067489064
25675,LOF,0.06174643811485802,0.04788790324984058,0.8903656586353014
25676,LOF,0.050063632244521206,0.0901629796952526,0.8597733880602263
25677,LOF,0.07466246607519995,0.06032340948163205,0.8650141244431679
25678,LOF,0.2808514555235316,0.05116784673088562,0.6679806977455828
25679,LOF,0.14613931217751377,0.09729058544753127,0.7565701023749549
25680,LOF,0.09968387520132065,0.13376212458478992,0.7665540002138894
25681,LOF,0.11139078411076017,0.12619166113168645,0.7624175547575534
25682,LOF,0.05716007749148529,0.07729841388296022,0.8655415086255546
25683,LOF,0.11464167270825269,0.078768840086227,0.8065894872055203
25684,LOF,0.0797174095856867,0.11835878241142553,0.8019238080028878
25685,LOF,0.09962001189379131,0.038430192523360586,0.8619497955828481
25686,LOF,0.030305605688629365,0.18544887446678368,0.784245519844587
25687,LOF,0.04481743979039733,0.19043655314140587,0.7647460070681968
25688,LOF,0.01567520352083922,0.37269110582136344,0.6116336906577974
25689,LOF,0.01008782445248788,0.2156523136038179,0.7742598619436942
25690,LOF,0.011060335484971142,0.39242969087693264,0.5965099736380963
25691,GOF,0.09830398165794893,0.5097483835411363,0.39194763480091477
25692,LOF,0.12864792539317937,0.041200822120418666,0.830151252486402
25693,GOF,0.024506858296685467,0.5330272848503141,0.4424658568530004
25694,LOF,0.20923359801771044,0.05742336928159755,0.733343032700692
25695,LOF,0.1564172087027879,0.08618058018223279,0.7574022111149794
25696,LOF,0.1656689620001797,0.053108168573791366,0.7812228694260289
25697,LOF,0.1566920818879239,0.03917081131409314,0.804137106797983
25698,LOF,0.01425891493087891,0.4508029976249643,0.5349380874441568
25699,LOF,0.06774236420566876,0.2862775159437512,0.64598011985058
25700,LOF,0.062469285511210046,0.015511728990354733,0.9220189854984353
25701,LOF,0.00951509338666402,0.4611063964795209,0.5293785101338151
25702,GOF,0.02485548670919961,0.6340312666649903,0.34111324662581
25703,LOF,0.014843922716078437,0.0702290917007986,0.914926985583123
25704,LOF,0.06810505806924111,0.10126816324384388,0.8306267786869149
25705,LOF,0.09609789021437146,0.20204316146846718,0.7018589483171614
25706,GOF,0.022042627564066632,0.7970976857757185,0.18085968666021487
25707,GOF,0.018052391014535426,0.747417561615963,0.23453004736950167
25708,GOF,0.007486241103593165,0.7739743882228359,0.2185393706735709
25709,LOF,0.04895431782343977,0.10631182395143575,0.8447338582251245
25710,LOF,0.012158595939797743,0.21174442994332252,0.7760969741168798
25711,LOF,0.04768806660599266,0.1298297911616551,0.8224821422323523
25712,LOF,0.019602061584624193,0.15630108025501957,0.8240968581603563
25713,LOF,0.041754983838375635,0.12855252719651306,0.8296924889651114
25714,LOF,0.03729786861104478,0.29728486853853286,0.6654172628504225
25715,LOF,0.035113553901560506,0.2045319327896349,0.7603545133088045
25716,LOF,0.01172442007987389,0.09532972808454622,0.89294585183558
25717,LOF,0.010415528066765677,0.09231519870259185,0.8972692732306425
25718,LOF,0.04443671672085454,0.0907824348388009,0.8647808484403446
25719,LOF,0.04390503317821588,0.1322420467563082,0.823852920065476
25720,LOF,0.0377256549679303,0.16790426914026804,0.7943700758918016
25721,LOF,0.04386881673768504,0.09856761049046711,0.8575635727718478
25722,LOF,0.03974488899554706,0.12969125934123513,0.8305638516632179
25723,LOF,0.052709508430776306,0.1595628770168564,0.7877276145523673
25724,GOF,0.060664788991868376,0.49104222544785425,0.4482929855602774
25725,LOF,0.06591961916964025,0.13725600308743613,0.7968243777429237
25726,LOF,0.04101361520860416,0.14858329190523847,0.8104030928861573
25727,LOF,0.06580476221861414,0.09146500510625079,0.8427302326751351
25728,LOF,0.03711677980658483,0.21932469407456973,0.7435585261188454
25729,LOF,0.04145996234310832,0.20549601742697188,0.7530440202299199
25730,LOF,0.04992546754355242,0.16448265624792516,0.7855918762085224
25731,LOF,0.01567751344010892,0.11780346065238909,0.866519025907502
25732,LOF,0.033990981467752646,0.10436357202425327,0.8616454465079941
25733,LOF,0.04381536103529545,0.29188965075286405,0.6642949882118404
25734,LOF,0.00998027482510258,0.19623546455269394,0.7937842606222034
25735,LOF,0.04245932258842329,0.11714997386779495,0.8403907035437819
25736,LOF,0.03977352380058946,0.18575380667246935,0.7744726695269412
25737,LOF,0.05899230632167041,0.11353662650979687,0.8274710671685328
25738,LOF,0.05161265110246647,0.22240167197306537,0.7259856769244682
25739,LOF,0.03841110281257312,0.16856060773911216,0.7930282894483147
25740,LOF,0.06087545662724161,0.15029753261102174,0.7888270107617366
25741,LOF,0.057926264783604284,0.1446686798628824,0.7974050553535134
25742,LOF,0.06369114025717912,0.18155222796654255,0.7547566317762783
25743,LOF,0.012697709043700302,0.0415999107222113,0.9457023802340884
25744,GOF,0.0944570042777438,0.49351111846151746,0.4120318772607388
25745,LOF,0.020987627495475135,0.47167664259835934,0.5073357299061655
25746,LOF,0.011680209745154574,0.4604936312420148,0.5278261590128306
25747,LOF,0.047127544178259505,0.04464552844340686,0.9082269273783335
25748,LOF,0.10942905489149156,0.24584763139355623,0.6447233137149521
25749,LOF,0.011465985091903098,0.3679546386058551,0.6205793763022419
25750,LOF,0.013114865222892111,0.4793802137054598,0.5075049210716481
25751,LOF,0.03067014454707663,0.15658528242954212,0.8127445730233812
25752,GOF,0.0967668404461239,0.6035675243504931,0.29966563520338296
25753,LOF,0.0104303650725272,0.18840688644666295,0.8011627484808099
25754,GOF,0.011296900924850715,0.863555248003973,0.12514785107117635
25755,LOF,0.009402017306583995,0.20897901681403686,0.7816189658793791
25756,LOF,0.06360864553812244,0.2988525549931531,0.6375387994687244
25757,GOF,0.00996397161988265,0.7850308608036999,0.20500516757641749
25758,GOF,0.009311749906864834,0.8540624228475902,0.136625827245545
25759,GOF,0.0058098150600238195,0.6636867215949563,0.33050346334501984
25760,LOF,0.0080548953818259,0.11468581800171448,0.8772592866164596
25761,GOF,0.03432682133578757,0.8393478680858594,0.126325310578353
25762,LOF,0.07992165264852681,0.2713779408762572,0.648700406475216
25763,LOF,0.009445653023389242,0.11447103160023997,0.8760833153763709
25764,GOF,0.08326065924725208,0.6054277085624523,0.3113116321902956
25765,GOF,0.008906668251586234,0.8494074627433307,0.14168586900508295
25766,GOF,0.023748533314809393,0.7970531803126372,0.1791982863725535
25767,GOF,0.009605057663187607,0.6825835409369597,0.30781140139985286
25768,LOF,0.049506340182478736,0.09208171933700468,0.8584119404805166
25769,LOF,0.031094601336429977,0.22755034270092203,0.741355055962648
25770,Neutral,0.7249405311433668,0.07575981129163212,0.19929965756500123
25771,LOF,0.03082669545471674,0.11829286193903067,0.8508804426062526
25772,LOF,0.046991490794466156,0.1662423758155952,0.7867661333899386
25773,LOF,0.024769612087460473,0.29980342011883354,0.675426967793706
25774,LOF,0.07040812599691228,0.21890598302580427,0.7106858909772834
25775,LOF,0.028136445701499757,0.10622726410174446,0.8656362901967557
25776,LOF,0.028880568602672914,0.15267520850723323,0.8184442228900939
25777,LOF,0.21343092907905714,0.181695642364348,0.6048734285565949
25778,LOF,0.03921683105653917,0.18383364086881593,0.7769495280746449
25779,GOF,0.1321549583700837,0.5368621220701292,0.3309829195597871
25780,GOF,0.12988389444710696,0.6597483996825946,0.2103677058702986
25781,GOF,0.06055373075205752,0.645523283904107,0.2939229853438355
25782,GOF,0.04886781685311882,0.553829363372798,0.39730281977408316
25783,GOF,0.0998579409898137,0.6176179353278867,0.28252412368229973
25784,GOF,0.2172948391639757,0.49971799556906765,0.2829871652669567
25785,GOF,0.32675175547195534,0.5443626790362363,0.1288855654918083
25786,LOF,0.018946113505868032,0.34457056437930483,0.6364833221148272
25787,Neutral,0.501050615670193,0.30881635318787926,0.19013303114192764
25788,LOF,0.03917035728790516,0.07159890249262918,0.8892307402194656
25789,GOF,0.03837132822727289,0.6771386373172072,0.28449003445551985
25790,GOF,0.055026742133930225,0.5705673653349649,0.37440589253110496
25791,GOF,0.036269162253502685,0.6121636552087191,0.3515671825377782
25792,GOF,0.047843282565890766,0.6440196069866718,0.30813711044743747
25793,LOF,0.0883659024596658,0.4437492720436527,0.4678848254966816
25794,LOF,0.09436087981638883,0.39135703147961265,0.5142820887039985
25795,LOF,0.06248996952477844,0.28896605650165913,0.6485439739735624
25796,GOF,0.32483428074935794,0.35979052803774036,0.31537519121290175
25797,LOF,0.10473228136418061,0.37491488416090063,0.5203528344749188
25798,GOF,0.011656345828051539,0.6692363624887201,0.3191072916832284
25799,GOF,0.008217355116003681,0.5999597508253315,0.3918228940586648
25800,GOF,0.04024059875043347,0.7590423784598268,0.2007170227897398
25801,GOF,0.057007532487600814,0.6304773618750704,0.3125151056373287
25802,GOF,0.06449957673611288,0.6135055580419556,0.3219948652219316
25803,LOF,0.04320779063990227,0.421652180274246,0.5351400290858517
25804,LOF,0.09600546314480422,0.34277816925307736,0.5612163676021183
25805,GOF,0.06014005711272363,0.5147749619598134,0.425084980927463
25806,GOF,0.0755104969276048,0.5336700306806705,0.3908194723917248
25807,LOF,0.027432206950899436,0.4575547602145073,0.5150130328345933
25808,GOF,0.06376040704987308,0.6312014082942085,0.3050381846559185
25809,LOF,0.018332332157457443,0.4085173708606976,0.5731502969818449
25810,LOF,0.015383884107380062,0.4452210602241435,0.5393950556684763
25811,GOF,0.10917347527132243,0.5585059891712766,0.3323205355574009
25812,LOF,0.08873907156672371,0.4314090304134883,0.4798518980197881
25813,GOF,0.3429161961184339,0.4211368827951588,0.2359469210864073
25814,GOF,0.07800216984268413,0.5043875837132471,0.4176102464440688
25815,GOF,0.1218436295468548,0.5271637559272109,0.35099261452593433
25816,GOF,0.019361469199435162,0.639105908991227,0.34153262180933786
25817,LOF,0.12236039323587279,0.37092976428732766,0.5067098424767995
25818,GOF,0.061435103487578455,0.5433732416597801,0.39519165485264146
25819,LOF,0.12885572909051443,0.3765640994360116,0.49458017147347405
25820,LOF,0.12475816108562388,0.3833725328850923,0.4918693060292839
25821,LOF,0.09490088512021128,0.43520241434824997,0.4698967005315387
25822,LOF,0.19280100285784146,0.32817172924653015,0.47902726789562844
25823,LOF,0.09455446642442447,0.25865440343802565,0.64679113013755
25824,GOF,0.05812175153781168,0.5734097128228666,0.36846853563932164
25825,GOF,0.04358891230235566,0.5829120224006645,0.3734990652969799
25826,LOF,0.016586358088537378,0.3991517679560564,0.5842618739554063
25827,GOF,0.015072663527896654,0.5573327879930385,0.4275945484790648
25828,GOF,0.015213754284725047,0.5377806646137572,0.44700558110151783
25829,LOF,0.009750486654476993,0.28714283160733545,0.7031066817381876
25830,LOF,0.15393708408780143,0.05911981988207416,0.7869430960301245
25831,GOF,0.052807448800114884,0.6800305104190704,0.26716204078081474
25832,LOF,0.016200441541219014,0.3342036042427058,0.6495959542160753
25833,GOF,0.07375400060989803,0.49608763568826675,0.4301583637018352
25834,LOF,0.017850297760836603,0.32371320841859125,0.6584364938205721
25835,GOF,0.05559394123260694,0.6662576004164332,0.2781484583509598
25836,LOF,0.014643477095384936,0.49068543814332155,0.4946710847612937
25837,LOF,0.023295834067311793,0.3768936606626399,0.5998105052700483
25838,GOF,0.05405772506326205,0.5587320469268547,0.38721022800988314
25839,LOF,0.13263213183457154,0.4159040309505782,0.4514638372148503
25840,GOF,0.11095384733361416,0.52235316116978,0.36669299149660595
25841,GOF,0.10773557727852026,0.5520015111792872,0.34026291154219257
25842,GOF,0.05847452509149986,0.6503474861147275,0.2911779887937726
25843,GOF,0.04214411193541682,0.697251798496714,0.260604089567869
25844,GOF,0.044578133233785934,0.5260644270103371,0.4293574397558769
25845,LOF,0.012272622569854489,0.29568428480325204,0.6920430926268935
25846,GOF,0.06529140662149636,0.5286339370791886,0.40607465629931494
25847,GOF,0.05084033339307251,0.6418059176198279,0.30735374898709966
25848,GOF,0.043104486202051324,0.6977868816774763,0.25910863212047247
25849,GOF,0.01075764777323747,0.5797771827342417,0.40946516949252093
25850,GOF,0.01435748483446957,0.5474084357156451,0.4382340794498853
25851,LOF,0.015019839661320445,0.47677625687086556,0.508203903467814
25852,GOF,0.2198243853192779,0.395681079510534,0.3844945351701881
25853,GOF,0.09427276641553936,0.4963009384313273,0.4094262951531335
25854,LOF,0.010653233696164466,0.46524372318226037,0.5241030431215752
25855,LOF,0.03781748173505456,0.41261174764660064,0.5495707706183448
25856,GOF,0.10191790708565353,0.5733906339281014,0.3246914589862451
25857,LOF,0.04521837515234393,0.466547493503998,0.48823413134365806
25858,LOF,0.01622285688416865,0.2906597919428386,0.6931173511729928
25859,LOF,0.010864351924575147,0.282822987628028,0.7063126604473968
25860,LOF,0.12021506041653371,0.33277592246967835,0.5470090171137879
25861,GOF,0.1379559201684608,0.46512040219949735,0.3969236776320418
25862,GOF,0.0370941318030672,0.6818322056692986,0.2810736625276343
25863,GOF,0.03991841918593645,0.579467563181403,0.3806140176326605
25864,GOF,0.04765791421001835,0.6330412448745907,0.319300840915391
25865,GOF,0.04395210602610337,0.6452283632904201,0.3108195306834764
25866,GOF,0.05537951278989427,0.6285754408912994,0.3160450463188064
25867,GOF,0.13229047369004338,0.6294066351749931,0.23830289113496367
25868,GOF,0.10835539477880457,0.5218040665006038,0.3698405387205916
25869,Neutral,0.44688836246860797,0.3695385251845987,0.1835731123467933
25870,LOF,0.19440719091329706,0.09174702361234743,0.7138457854743555
25871,LOF,0.016046548774020186,0.3487022079849089,0.6352512432410709
25872,LOF,0.04377615664400484,0.3713384464051771,0.5848853969508181
25873,GOF,0.03349773827848373,0.6251073661993337,0.34139489552218255
25874,LOF,0.05562362580428698,0.025123383604912383,0.9192529905908007
25875,LOF,0.024355587312730628,0.4295982566000635,0.5460461560872059
25876,LOF,0.03181142059728849,0.09980548513334082,0.8683830942693707
25877,GOF,0.09695106406173071,0.5351747554071772,0.3678741805310921
25878,GOF,0.0624689759131414,0.7143781492202277,0.22315287486663096
25879,LOF,0.014381357296633937,0.36478795387158713,0.620830688831779
25880,LOF,0.04644931814317993,0.04685985401368355,0.9066908278431365
25881,GOF,0.37525385948406403,0.41328185668766354,0.21146428382827245
25882,LOF,0.024626270360998945,0.31383351544217436,0.6615402141968266
25883,LOF,0.026538256570440205,0.13125598343156414,0.8422057599979957
25884,LOF,0.02059205316369365,0.19432276986126584,0.7850851769750404
25885,LOF,0.15115245828252996,0.04524737783900383,0.8036001638784663
25886,LOF,0.05480394422130031,0.23794627931084475,0.7072497764678549
25887,GOF,0.04208651320361161,0.6439332876461406,0.31398019915024794
25888,LOF,0.0056263968279307176,0.4709039379364929,0.5234696652355765
25889,LOF,0.0387261366022499,0.1039643686795045,0.8573094947182455
25890,LOF,0.1396306142310823,0.35869047218063815,0.5016789135882795
25891,LOF,0.11247806634088008,0.12159368896346649,0.7659282446956536
25892,LOF,0.005948067372418634,0.16526464164037752,0.8287872909872037
25893,LOF,0.2677669024954795,0.07045682457147746,0.661776272933043
25894,LOF,0.3323696966738165,0.04030799345985901,0.6273223098663245
25895,LOF,0.2355050417533889,0.03931022725093797,0.7251847309956732
25896,LOF,0.10476277118632335,0.12203633990623163,0.773200888907445
25897,LOF,0.08973832259389954,0.06773277644234445,0.842528900963756
25898,GOF,0.07572982390245901,0.474431415726929,0.449838760370612
25899,LOF,0.21670344113066284,0.18639347163529038,0.5969030872340468
25900,Neutral,0.8468158330057903,0.0358951402487456,0.117289026745464
25901,LOF,0.06773293939650661,0.031016402006150315,0.901250658597343
25902,LOF,0.17695806459752406,0.011107519147107997,0.811934416255368
25903,LOF,0.11698473925071257,0.20247823327430253,0.680537027474985
25904,LOF,0.3573655684393455,0.21101279755759172,0.43162163400306286
25905,LOF,0.012797281915360139,0.33352631672843835,0.6536764013562015
25906,LOF,0.014581556834231658,0.03749843460285862,0.9479200085629097
25907,LOF,0.009633428331586981,0.27203765824836523,0.7183289134200477
25908,LOF,0.010649874688802494,0.23386917608032806,0.7554809492308695
25909,LOF,0.03836482876964624,0.1581331387325399,0.8035020324978139
25910,LOF,0.022542071078632413,0.18397403551976693,0.7934838934016005
25911,LOF,0.10088217053359305,0.0818849008755724,0.8172329285908345
25912,LOF,0.12222205829567868,0.019987903845498093,0.8577900378588231
25913,LOF,0.01033361771408222,0.06268062195813368,0.9269857603277841
25914,LOF,0.03444505248117377,0.20280446087815218,0.762750486640674
25915,GOF,0.06229437071191619,0.8633118548201972,0.0743937744678866
25916,GOF,0.010523610051370319,0.6700536304064182,0.3194227595422115
25917,LOF,0.20883065233547268,0.1053813424596894,0.6857880052048378
25918,LOF,0.03960334123339475,0.09383205224182117,0.8665646065247842
25919,LOF,0.03889072603490291,0.06706610069829635,0.8940431732668008
25920,GOF,0.12278781810065219,0.5110407901560196,0.3661713917433283
25921,LOF,0.02613537979452456,0.03637465392667588,0.9374899662787995
25922,LOF,0.020524674112053675,0.04336095324690937,0.9361143726410369
25923,LOF,0.3030157405524822,0.0759906400144279,0.62099361943309
25924,LOF,0.029491551749788326,0.08693096975172104,0.8835774784984907
25925,LOF,0.2343441294640776,0.019571927926173897,0.7460839426097485
25926,LOF,0.10763166326754399,0.08056614399822448,0.8118021927342316
25927,LOF,0.015594266198953956,0.08364558905524799,0.9007601447457981
25928,LOF,0.014873154284622842,0.04452867924503404,0.940598166470343
25929,Neutral,0.6103093108889674,0.07617632520216132,0.3135143639088712
25930,LOF,0.03394675877797361,0.1216504032721199,0.8444028379499066
25931,LOF,0.013961381166871607,0.0695541060263255,0.916484512806803
25932,LOF,0.06387335455754647,0.044459663658562444,0.891666981783891
25933,LOF,0.05748144105220856,0.022926518765846837,0.9195920401819446
25934,LOF,0.05525328555366048,0.03532802874507753,0.9094186857012619
25935,LOF,0.24154862092111484,0.026017220278741343,0.7324341588001438
25936,LOF,0.0540654606812216,0.025357282041459685,0.9205772572773187
25937,LOF,0.014839257810187637,0.07973677154660666,0.9054239706432058
25938,LOF,0.24223937605491166,0.021802895260429132,0.7359577286846593
25939,LOF,0.04454901512032219,0.03213641341346223,0.9233145714662155
25940,GOF,0.006484353120200213,0.6155398340751108,0.37797581280468884
25941,LOF,0.37416282281202873,0.091744590889191,0.5340925862987803
25942,LOF,0.011946766423546687,0.15604644800198827,0.8320067855744651
25943,GOF,0.019295675116354254,0.6255191128935208,0.35518521199012476
25944,LOF,0.01916676219171791,0.4062902526401437,0.5745429851681383
25945,LOF,0.07194221887410704,0.11880494034334253,0.8092528407825503
25946,LOF,0.08122857701338872,0.07602115363618042,0.8427502693504308
25947,LOF,0.4548387832254088,0.02650707385180298,0.5186541429227882
25948,LOF,0.232397681676779,0.03662418157947369,0.7309781367437472
25949,LOF,0.22528381044663254,0.03211538459337916,0.7426008049599881
25950,GOF,0.04454030274938911,0.7891325353074313,0.1663271619431795
25951,LOF,0.012303806907549156,0.41270086291410857,0.5749953301783424
25952,LOF,0.08405325709131146,0.36893959387385,0.5470071490348386
25953,LOF,0.006662339741127357,0.41963922948241744,0.5736984307764552
25954,GOF,0.029834176141093034,0.5346162610153921,0.43554956284351487
25955,GOF,0.004938174867265525,0.644597580661789,0.3504642444709455
25956,GOF,0.01144682615849867,0.6805034880289121,0.30804968581258935
25957,LOF,0.24219583086658528,0.06913306039736622,0.6886711087360485
25958,LOF,0.02218514571560486,0.2116740692251697,0.7661407850592254
25959,GOF,0.004638483364387827,0.6197345437244535,0.3756269729111586
25960,LOF,0.006419061590031841,0.12579448414904407,0.8677864542609242
25961,LOF,0.01969995301886271,0.17730719399803202,0.8029928529831053
25962,LOF,0.11968565259643288,0.024865299207455678,0.8554490481961116
25963,LOF,0.013032730147904686,0.12061997333368371,0.8663472965184116
25964,LOF,0.05671836848748688,0.1076347128065156,0.8356469187059976
25965,LOF,0.156367226590722,0.18797185873012215,0.6556609146791559
25966,GOF,0.12787301204224263,0.4613962688457319,0.4107307191120253
25967,LOF,0.009909121292194045,0.13182955569614174,0.8582613230116642
25968,LOF,0.15596819821485616,0.36347165004614224,0.4805601517390016
25969,LOF,0.21532019776501063,0.028693360005700743,0.7559864422292887
25970,LOF,0.01855518701637915,0.21073654206263062,0.7707082709209901
25971,LOF,0.08117159102335589,0.1398173154754376,0.7790110935012065
25972,LOF,0.0646108107084205,0.1281675443958077,0.8072216448957719
25973,LOF,0.18244638279635064,0.013233988660913425,0.804319628542736
25974,LOF,0.05918712754710855,0.3719864016350496,0.568826470817842
25975,LOF,0.053501470234641225,0.027864062751369215,0.9186344670139895
25976,LOF,0.074478726846378,0.02074361911586111,0.9047776540377608
25977,LOF,0.2061324574363311,0.06230649157090507,0.7315610509927638
25978,LOF,0.21264621571162182,0.1727048592851464,0.6146489250032318
25979,LOF,0.15331323170655212,0.21253114275536383,0.634155625538084
25980,LOF,0.14912166459139933,0.34837490466309573,0.502503430745505
25981,LOF,0.15288852936549902,0.36624837602711796,0.4808630946073831
25982,LOF,0.19954832832836286,0.2796437027599,0.5208079689117371
25983,LOF,0.17244104076069994,0.3057494651114327,0.5218094941278675
25984,LOF,0.04097998389755508,0.07918101427194234,0.8798390018305026
25985,Neutral,0.44994953156906364,0.3000791419693452,0.24997132646159112
25986,GOF,0.010056357092908778,0.6535430174043039,0.33640062550278743
25987,LOF,0.02323284746706581,0.14263692447904214,0.8341302280538919
25988,LOF,0.03549099448976922,0.10989693167667446,0.8546120738335562
25989,LOF,0.04810768760078566,0.11431522354349567,0.8375770888557186
25990,LOF,0.05028233830551045,0.23706184554893478,0.7126558161455548
25991,GOF,0.04527014606122629,0.743848714864353,0.21088113907442066
25992,LOF,0.019547709597306295,0.4859415111735376,0.49451077922915604
25993,LOF,0.05201296710032599,0.03796962512245422,0.9100174077772198
25994,LOF,0.05428151112831681,0.06728317670760495,0.8784353121640782
25995,LOF,0.03929116644212471,0.06410708414124063,0.8966017494166346
25996,GOF,0.28216584743289824,0.5462055823378799,0.17162857022922196
25997,GOF,0.05589099019329582,0.7011108744244037,0.24299813538230053
25998,LOF,0.19883224732899976,0.16927142071832724,0.631896331952673
25999,GOF,0.012412577906325948,0.5934931172979433,0.3940943047957307
26000,LOF,0.11488101838269925,0.013867588074574947,0.8712513935427257
26001,LOF,0.11849098749518029,0.028702751155013313,0.8528062613498063
26002,LOF,0.18965030290135682,0.007055054360004683,0.8032946427386385
26003,GOF,0.01025826863280029,0.5783084137996745,0.41143331756752516
26004,GOF,0.026733606652194184,0.5285560252786708,0.4447103680691349
26005,GOF,0.0061121667419611805,0.5251364179842613,0.46875141527377767
26006,GOF,0.18688272616828555,0.5858443114145528,0.2272729624171616
26007,GOF,0.016016773748276904,0.5437871260597741,0.44019610019194905
26008,GOF,0.012964240173295045,0.5366722969733185,0.45036346285338646
26009,GOF,0.02646736305557572,0.7406022187586038,0.23293041818582064
26010,GOF,0.012150951214773182,0.6298209433496488,0.35802810543557806
26011,LOF,0.006610387526581438,0.4077766052398975,0.585613007233521
26012,GOF,0.007886119203853025,0.575916624062248,0.4161972567338989
26013,LOF,0.007763963976633724,0.472893189057302,0.5193428469660643
26014,LOF,0.18784867224030766,0.011915143893150536,0.8002361838665418
26015,LOF,0.1374678369862129,0.1054956954900099,0.7570364675237771
26016,LOF,0.17789980036896247,0.12773117572563847,0.6943690239053991
26017,LOF,0.021024703709097377,0.3052975028273728,0.6736777934635299
26018,LOF,0.025050696140901895,0.2724957038052029,0.7024536000538952
26019,LOF,0.02540221115069722,0.1779817242077205,0.7966160646415822
26020,LOF,0.007665655784723932,0.19535210606598782,0.7969822381492881
26021,LOF,0.06606146555573367,0.17756614804088733,0.756372386403379
26022,LOF,0.06351825136874936,0.07877980765797002,0.8577019409732806
26023,LOF,0.03957524850270434,0.24741797489484513,0.7130067766024506
26024,LOF,0.055026747574174875,0.12052157304551414,0.824451679380311
26025,LOF,0.07993745887045066,0.2508735608005831,0.6691889803289662
26026,LOF,0.1029161948543973,0.22163381478746166,0.675449990358141
26027,LOF,0.04012967138313682,0.09979007117347431,0.8600802574433889
26028,LOF,0.03765101300157932,0.3611681849636176,0.6011808020348031
26029,LOF,0.03335227943254111,0.4393091632491945,0.5273385573182644
26030,LOF,0.22524110383516777,0.06180701092295767,0.7129518852418745
26031,LOF,0.014810523453237199,0.4615054897123607,0.5236839868344021
26032,LOF,0.03882010843175804,0.05733912704968761,0.9038407645185542
26033,LOF,0.062257024468897686,0.13906997360908124,0.7986730019220211
26034,LOF,0.016338667958138074,0.27387967471697167,0.7097816573248904
26035,LOF,0.01299637710142742,0.3691824621761712,0.6178211607224015
26036,LOF,0.011701290621501274,0.23313215555169223,0.7551665538268065
26037,LOF,0.012495718287471546,0.24840701518847236,0.739097266524056
26038,LOF,0.02695610904318146,0.058119636154453876,0.9149242548023646
26039,LOF,0.03169294895472848,0.2835643565534277,0.6847426944918439
26040,LOF,0.04893671832730802,0.2604938435015321,0.6905694381711599
26041,LOF,0.014407078081348262,0.28043283124014234,0.7051600906785094
26042,LOF,0.013293060398741879,0.3040418980653919,0.6826650415358662
26043,LOF,0.027504896283034784,0.16727122210140036,0.8052238816155649
26044,LOF,0.010086928799667027,0.2347283662751725,0.7551847049251604
26045,GOF,0.05560004461773886,0.5792054385484704,0.3651945168337907
26046,LOF,0.025574729077576283,0.18790098040022882,0.786524290522195
26047,LOF,0.07138660586019004,0.10337170668594813,0.8252416874538618
26048,LOF,0.08781135537252795,0.1338148214917674,0.7783738231357047
26049,Neutral,0.8516603356912411,0.04415005957521975,0.104189604733539
26050,Neutral,0.841573978349464,0.04000323373677129,0.11842278791376469
26051,GOF,0.009909779384409054,0.5827277864126779,0.40736243420291307
26052,LOF,0.011999906290141308,0.4752814667346108,0.512718626975248
26053,LOF,0.02933856449799663,0.032850907186513685,0.9378105283154898
26054,LOF,0.15941293595393824,0.06951899533640456,0.7710680687096572
26055,LOF,0.07557689052560881,0.1535465132168493,0.7708765962575418
26056,LOF,0.07738278432206437,0.16319448111364643,0.7594227345642891
26057,LOF,0.054949803461629594,0.03142042753381224,0.9136297690045582
26058,LOF,0.0628049677915318,0.025164338921955413,0.9120306932865128
26059,Neutral,0.8292724173594165,0.06978910754361312,0.1009384750969704
26060,LOF,0.015462573965074673,0.3686775620593329,0.6158598639755926
26061,LOF,0.014640713203323929,0.029405420812202585,0.9559538659844735
26062,LOF,0.008431996052482762,0.0759630354424716,0.9156049685050457
26063,LOF,0.0476368042061811,0.034433223108164455,0.9179299726856545
26064,LOF,0.01440806801285154,0.03712408992930743,0.948467842057841
26065,LOF,0.03881547211571795,0.046225265869263996,0.914959262015018
26066,LOF,0.052464146223359175,0.04380897148890363,0.9037268822877372
26067,LOF,0.06843339558926502,0.048244426703201865,0.8833221777075332
26068,LOF,0.16962550063526965,0.07936175806429784,0.7510127413004325
26069,LOF,0.09871024285974471,0.13805287695417492,0.7632368801860804
26070,LOF,0.13806171955562396,0.12790543021518122,0.7340328502291947
26071,LOF,0.049829507093281426,0.03800155021516333,0.9121689426915554
26072,LOF,0.010356275611174873,0.03327522184509253,0.9563685025437326
26073,LOF,0.04534794159765229,0.029031816782573834,0.9256202416197739
26074,Neutral,0.810988131612888,0.046752458738177266,0.14225940964893474
26075,LOF,0.06802714222304443,0.16038941194343892,0.7715834458335167
26076,LOF,0.05358555636699073,0.06880209699667006,0.8776123466363391
26077,LOF,0.16369580633975972,0.07489044505918951,0.7614137486010508
26078,LOF,0.00884953422190033,0.05953884668078931,0.9316116190973104
26079,LOF,0.16172301612946302,0.08121035527805348,0.7570666285924835
26080,LOF,0.16172301612946302,0.08121035527805348,0.7570666285924835
26081,LOF,0.054156623205477004,0.034903878729213196,0.9109394980653097
26082,LOF,0.010208953444731307,0.08086185346366796,0.9089291930916008
26083,LOF,0.03339524152938325,0.10398239604613636,0.8626223624244803
26084,LOF,0.048834625329134684,0.05468513349706677,0.8964802411737985
26085,LOF,0.04463845354495217,0.0454389717924324,0.9099225746626154
26086,LOF,0.0405902428722886,0.05915643147057982,0.9002533256571316
26087,LOF,0.0552279739103687,0.06388564879047992,0.8808863772991514
26088,LOF,0.011082690121057883,0.12983679456808356,0.8590805153108586
26089,LOF,0.05437606039626888,0.23195928292720244,0.7136646566765287
26090,LOF,0.06296693430109618,0.2191924225782302,0.7178406431206737
26091,LOF,0.04323513256869325,0.044617520953310404,0.9121473464779963
26092,LOF,0.05151896291033884,0.03067745691376666,0.9178035801758944
26093,LOF,0.07892057253826934,0.027510165842013136,0.8935692616197176
26094,LOF,0.042718660124549064,0.04506244706813398,0.9122188928073169
26095,LOF,0.01587609344901614,0.05888189114833655,0.9252420154026474
26096,LOF,0.27636860230716237,0.012337413955963255,0.7112939837368745
26097,LOF,0.009471494358041954,0.0535914225900199,0.9369370830519381
26098,LOF,0.15821083807593808,0.06937055763903409,0.7724186042850278
26099,LOF,0.034459775253580426,0.0685798052854533,0.8969604194609663
26100,LOF,0.034459775253580426,0.0685798052854533,0.8969604194609663
26101,LOF,0.035128772364393455,0.07766179832360849,0.8872094293119981
26102,LOF,0.045802143472109355,0.03831674950321118,0.9158811070246794
26103,Neutral,0.8313854692924506,0.06290739475631409,0.1057071359512353
26104,LOF,0.17370635202945583,0.0975714016401348,0.7287222463304094
26105,LOF,0.2580957320697425,0.1915193730776483,0.5503848948526092
26106,LOF,0.2840127112360606,0.24186028735374546,0.4741270014101941
26107,LOF,0.008499271145476614,0.34391978134315965,0.6475809475113637
26108,LOF,0.11594116930119991,0.28132820638994893,0.6027306243088512
26109,LOF,0.05435039022489969,0.07175206254517323,0.873897547229927
26110,LOF,0.15509735186984586,0.11089187907361854,0.7340107690565356
26111,LOF,0.039334196777494806,0.24362340618045186,0.7170423970420534
26112,LOF,0.04294076443014008,0.051477011647571944,0.905582223922288
26113,LOF,0.035593766308862976,0.0733072757192197,0.8910989579719173
26114,LOF,0.08126004554619803,0.05498889813652989,0.863751056317272
26115,LOF,0.011524880593136144,0.4424129870811593,0.5460621323257046
26116,LOF,0.07652898690602637,0.14549488848228365,0.77797612461169
26117,LOF,0.14983160132623474,0.11449661864787003,0.7356717800258952
26118,LOF,0.04372469101754466,0.02633039089748406,0.9299449180849713
26119,LOF,0.005754264621222401,0.1081214960413832,0.8861242393373944
26120,LOF,0.047556841578942376,0.026032747631361767,0.9264104107896958
26121,LOF,0.004975604954310956,0.21267002262785523,0.7823543724178338
26122,LOF,0.00430944294895014,0.23381116922004985,0.7618793878310001
26123,LOF,0.005067337052763682,0.20941696328963466,0.7855156996576016
