feature0,prediction,LoGoFunc_Neutral,LoGoFunc_GOF,LoGoFunc_LOF
25546,Neutral,0.6618175180257451,0.0676460041590735,0.27053647781518136
25547,LOF,0.3307114474127853,0.27955304263890807,0.3897355099483066
25548,LOF,0.2839110215766113,0.1660516995284945,0.5500372788948942
25549,LOF,0.19812913181342487,0.2011648814348814,0.6007059867516937
25550,Neutral,0.6087349821416833,0.06954575605223823,0.32171926180607846
25551,Neutral,0.4798527568356148,0.06635207303631036,0.45379517012807474
25552,LOF,0.09865396935615772,0.15988082964039302,0.7414652010034493
25553,Neutral,0.4740231983825677,0.06963954079315701,0.4563372608242753
25554,LOF,0.13147744898935632,0.2372497538946855,0.6312727971159582
25555,LOF,0.09846723558974768,0.1470644483426481,0.7544683160676042
25556,LOF,0.16027064126977209,0.18728330797862275,0.6524460507516051
25557,LOF,0.0853998615750665,0.15562743327227246,0.758972705152661
25558,LOF,0.15925283963575676,0.18448032949814605,0.656266830866097
25559,Neutral,0.4824215632960943,0.1390310154550397,0.37854742124886603
25560,LOF,0.06026364900977402,0.42701906167579207,0.512717289314434
25561,LOF,0.1249994326666056,0.2867533476765403,0.588247219656854
25562,LOF,0.3604331215043302,0.11533617326410875,0.5242307052315611
25563,Neutral,0.555832633016353,0.05437004721551052,0.3897973197681366
25564,LOF,0.05025453536689705,0.3528480173772726,0.5968974472558303
25565,LOF,0.1330798146672245,0.29223650273701307,0.5746836825957624
25566,GOF,0.06825878106009188,0.500531047868331,0.43121017107157716
25567,LOF,0.3373494163026094,0.09593212622477869,0.566718457472612
25568,Neutral,0.7023346814745764,0.07329201731369692,0.22437330121172655
25569,Neutral,0.6848622594610128,0.056425555880450076,0.25871218465853724
25570,LOF,0.06232532362777622,0.2896184871659028,0.6480561892063209
25571,LOF,0.06855758037886102,0.26055461302575283,0.6708878065953862
25572,LOF,0.36475206966295814,0.2386351651715155,0.3966127651655264
25573,LOF,0.39386907495540485,0.08336190470942917,0.522769020335166
25574,GOF,0.10270255207184323,0.47051014356720217,0.42678730436095447
25575,LOF,0.0693222614122659,0.09395653185582778,0.8367212067319064
25576,LOF,0.3028498143393328,0.06241664915796806,0.6347335365026991
25577,LOF,0.34527637565855673,0.0830034575241945,0.5717201668172488
25578,Neutral,0.4377426988617538,0.20142888579294488,0.36082841534530125
25579,Neutral,0.4377426988617538,0.20142888579294488,0.36082841534530125
25580,LOF,0.05405754317475939,0.13017101110724513,0.8157714457179955
25581,Neutral,0.710629726452279,0.05517164905931998,0.23419862448840106
25582,Neutral,0.710629726452279,0.05517164905931998,0.23419862448840106
25583,LOF,0.053852212069943985,0.1766705550668056,0.7694772328632504
25584,LOF,0.34778673176423863,0.28805136620781185,0.3641619020279495
25585,LOF,0.32961667469766376,0.08986918563505132,0.5805141396672849
25586,LOF,0.07856488687380749,0.1535759423206573,0.7678591708055353
25587,LOF,0.05669708233253291,0.16441685055828875,0.7788860671091783
25588,LOF,0.05175803965414348,0.21584249803134856,0.732399462314508
25589,Neutral,0.6735312280860437,0.2056497976519462,0.12081897426201003
25590,LOF,0.26935184076815644,0.17006457055371382,0.5605835886781299
25591,Neutral,0.6822616441045308,0.07582989113841454,0.24190846475705458
25592,LOF,0.05442734175574748,0.12090593899962251,0.8246667192446301
25593,GOF,0.0798157500606883,0.6642689297730229,0.2559153201662888
25594,Neutral,0.7080325603783034,0.046642163102632375,0.24532527651906427
25595,Neutral,0.6900702663293955,0.05799239414825573,0.25193733952234876
25596,Neutral,0.5470770409150211,0.09586382371186042,0.3570591353731185
25597,Neutral,0.4475994408501208,0.16479762105172738,0.3876029380981517
25598,Neutral,0.7438258939655996,0.0446581568746593,0.21151594915974115
25599,GOF,0.05022057320679011,0.7330400824469373,0.21673934434627265
25600,GOF,0.04676282324800686,0.6338686582684921,0.31936851848350095
25601,GOF,0.037783783175234585,0.5626837669711107,0.39953244985365466
25602,LOF,0.40595628199622813,0.06426284807678372,0.5297808699269881
25603,LOF,0.09061573943280755,0.21915591961516612,0.6902283409520263
25604,Neutral,0.4499554582553106,0.1951420781821815,0.354902463562508
25605,LOF,0.023954863464224582,0.34014545447920713,0.6358996820565683
25606,GOF,0.02388727361702001,0.5441819753614735,0.4319307510215066
25607,LOF,0.03800448682314187,0.23339998530076458,0.7285955278760936
25608,LOF,0.3150562335544705,0.1355739125464775,0.549369853899052
25609,LOF,0.22791090185549767,0.12082414228412408,0.6512649558603784
25610,LOF,0.08533168894439597,0.1202765047700415,0.7943918062855626
25611,LOF,0.04812061668539628,0.15893915985767004,0.7929402234569336
25612,Neutral,0.6523741174718141,0.06682277906101293,0.2808031034671729
25613,Neutral,0.6267148104090142,0.06178173975265523,0.31150344983833056
25614,LOF,0.06420438191114261,0.15651511660338935,0.7792805014854681
25615,LOF,0.3123941892196977,0.12976728373759597,0.5578385270427063
25616,LOF,0.05904280171236195,0.3544356638886558,0.5865215343989822
25617,LOF,0.055850429093230555,0.09407791804463299,0.8500716528621364
25618,LOF,0.060228341752779635,0.22150504008879365,0.7182666181584267
25619,LOF,0.056914270259169265,0.2536687294582101,0.6894170002826207
25620,LOF,0.047166845374461495,0.23665465109223605,0.7161785035333025
25621,LOF,0.4140056226165689,0.05642186554132967,0.5295725118421014
25622,LOF,0.38713157865931597,0.09888177321818596,0.5139866481224982
25623,LOF,0.38179506237984745,0.12448129082345405,0.4937236467966984
25624,LOF,0.050959348693804765,0.278295070991017,0.6707455803151782
25625,LOF,0.3773854100884671,0.08887506067255006,0.5337395292389828
25626,Neutral,0.6462890182819029,0.057841981937713886,0.2958689997803833
25627,GOF,0.029090830599840703,0.590271814933359,0.38063735446680036
25628,Neutral,0.48372866742105874,0.0933017477973431,0.4229695847815981
25629,Neutral,0.6911591252180723,0.05824533844983684,0.2505955363320908
25630,LOF,0.07603372436132022,0.3689930171253865,0.5549732585132933
25631,Neutral,0.5261304571217089,0.2669896633450528,0.20687987953323822
25632,LOF,0.3909728389110942,0.035288934539864356,0.5737382265490415
25633,GOF,0.3288836661865699,0.34084023844764166,0.33027609536578856
25634,Neutral,0.6961038291253611,0.07514758097854495,0.22874858989609395
25635,LOF,0.058485828254975156,0.08071400604139829,0.8608001657036265
25636,GOF,0.06701463266260212,0.5892847717875389,0.3437005955498589
25637,GOF,0.05853482317362162,0.5587760054879835,0.38268917133839486
25638,GOF,0.02996574332748461,0.7452871951730374,0.2247470614994778
25639,GOF,0.03817491372701302,0.5796453047395305,0.3821797815334565
25640,GOF,0.11410299565839978,0.7830188445965713,0.1028781597450289
25641,LOF,0.05436123071716406,0.46297201459398524,0.4826667546888506
25642,Neutral,0.6995877795232649,0.10683894099716577,0.1935732794795692
25643,LOF,0.4380716082045489,0.07214273328155539,0.4897856585138957
25644,GOF,0.036027619788226224,0.6415131646968969,0.32245921551487683
25645,GOF,0.02635860169088397,0.6799832546685656,0.29365814364055043
25646,GOF,0.028857817255414784,0.6361284411656615,0.33501374157892366
25647,GOF,0.061587151718947866,0.6667261418398718,0.27168670644118037
25648,GOF,0.04604756906235129,0.7845614837209768,0.169390947216672
25649,GOF,0.05202357735360829,0.7527982276686491,0.19517819497774266
25650,GOF,0.10183193851698326,0.5359878476887239,0.3621802137942928
25651,GOF,0.03486746832615131,0.5381308250092995,0.4270017066645491
25652,LOF,0.030566397653874196,0.43362363485166266,0.5358099674944632
25653,LOF,0.05562194166710935,0.46580184070704256,0.47857621762584823
25654,GOF,0.0487893879924237,0.5855796835017479,0.36563092850582835
25655,GOF,0.039384576307554826,0.7707667800019448,0.18984864369050033
25656,LOF,0.043114056471095744,0.21403877694683926,0.742847166582065
25657,Neutral,0.5287637923032477,0.03236612683447799,0.43887008086227436
25658,LOF,0.055966284515685825,0.41494351902313487,0.5290901964611794
25659,LOF,0.17536919304128482,0.28310992573761395,0.5415208812211012
25660,LOF,0.10115913935050282,0.2564997670343746,0.6423410936151227
25661,LOF,0.07636533227822309,0.17900918581037442,0.7446254819114025
25662,LOF,0.04755152998245933,0.24027205238125562,0.712176417636285
25663,LOF,0.07881629570217609,0.16432479833826527,0.7568589059595586
25664,LOF,0.27250380829663984,0.12052457341360479,0.6069716182897553
25665,Neutral,0.610796251363613,0.080686431533288,0.30851731710309904
25666,LOF,0.38131501156043357,0.06756382243345568,0.5511211660061107
25667,LOF,0.06731549517981296,0.10660032543150204,0.8260841793886851
25668,LOF,0.05383968414218081,0.14628700892666038,0.7998733069311588
25669,LOF,0.054696843153732806,0.1906177553444438,0.7546854015018234
25670,LOF,0.388636996270403,0.09727469227998922,0.5140883114496079
25671,LOF,0.05827842343008626,0.1662798926670544,0.7754416839028594
25672,Neutral,0.6258669287292606,0.08111881104088295,0.2930142602298564
25673,LOF,0.24113611849309496,0.16067627908053844,0.5981876024263667
25674,LOF,0.3777823801968815,0.14302091474178438,0.4791967050613341
25675,LOF,0.39010995285154587,0.19352448771624312,0.41636555943221104
25676,LOF,0.046302084732788934,0.1812056589013857,0.7724922563658253
25677,LOF,0.04869265369528724,0.14565623373642003,0.8056511125682927
25678,Neutral,0.4925103332836579,0.17908222209523406,0.32840744462110794
25679,Neutral,0.5821315345473378,0.11731232856316676,0.30055613688949556
25680,LOF,0.11156744293876096,0.18356585790313815,0.7048666991581009
25681,LOF,0.10837243818284498,0.24232605750907862,0.6493015043080765
25682,LOF,0.061352816189277126,0.2453142230799182,0.6933329607308046
25683,LOF,0.37068367542223796,0.145548051086587,0.48376827349117507
25684,LOF,0.0831125797721358,0.25870264924474157,0.6581847709831226
25685,Neutral,0.48843057742981616,0.21296945017065375,0.29859997239953007
25686,GOF,0.08706195202120634,0.5563789224550372,0.3565591255237564
25687,GOF,0.14759345126221704,0.5386733897733266,0.31373315896445636
25688,GOF,0.035263257827979656,0.5884304922126566,0.37630624995936357
25689,LOF,0.03969365851214299,0.40566050957976957,0.5546458319080875
25690,GOF,0.018564911521887988,0.6108734293173634,0.3705616591607485
25691,GOF,0.0422856184490864,0.5854140579506028,0.3723003236003109
25692,Neutral,0.4896011722388147,0.09790144183851977,0.4124973859226655
25693,GOF,0.10202672125435129,0.6685835614086684,0.2293897173369803
25694,LOF,0.46615233004909057,0.05423663162876885,0.4796110383221407
25695,LOF,0.1594131446020972,0.13656040130381644,0.7040264540940864
25696,Neutral,0.44386395040847537,0.14033092376098402,0.4158051258305405
25697,Neutral,0.48858913443379454,0.10454474270708984,0.4068661228591157
25698,GOF,0.05140646014629599,0.7603440289689883,0.1882495108847157
25699,GOF,0.03335021491833378,0.6672762477148613,0.2993735373668049
25700,LOF,0.0709432977905839,0.10252500563475528,0.8265316965746609
25701,LOF,0.038303088825243456,0.4380728497172383,0.5236240614575182
25702,GOF,0.08234062469148457,0.6961489487710892,0.2215104265374262
25703,LOF,0.38915312256591716,0.03151029318925838,0.5793365842448245
25704,LOF,0.05093649440577799,0.1553255511203888,0.7937379544738333
25705,LOF,0.10849091110227194,0.2279972093354126,0.6635118795623155
25706,GOF,0.06516577857720053,0.6419337051528946,0.2929005162699049
25707,GOF,0.027708861674299385,0.5113979291251889,0.4608932092005117
25708,LOF,0.04993175049251213,0.45533672444424217,0.4947315250632456
25709,LOF,0.05613931841789327,0.1262249822721747,0.817635699309932
25710,LOF,0.43453135323451325,0.1114854128541366,0.4539832339113502
25711,LOF,0.05589555493190232,0.24431119967284465,0.699793245395253
25712,Neutral,0.6051925048100244,0.09308074614053524,0.30172674904944047
25713,LOF,0.0798029504490034,0.1706428015769885,0.7495542479740082
25714,LOF,0.066527189478279,0.34523700791329187,0.588235802608429
25715,LOF,0.055291577020812395,0.28484002218565113,0.6598684007935365
25716,LOF,0.39732268624200173,0.195372591078922,0.4073047226790763
25717,Neutral,0.47849056832540415,0.1228272828521079,0.3986821488224879
25718,LOF,0.05403106975148451,0.14057972674209898,0.8053892035064165
25719,LOF,0.060801803889485646,0.1920231574983388,0.7471750386121757
25720,LOF,0.06830034259214048,0.08704097270185807,0.8446586847060014
25721,LOF,0.05156867634467933,0.09178597576880893,0.8566453478865118
25722,LOF,0.06306177984199451,0.16464140340768035,0.772296816750325
25723,LOF,0.05694555529845082,0.32969657828889,0.6133578664126592
25724,LOF,0.06527634995203588,0.239048572842162,0.6956750772058021
25725,LOF,0.08630597557911082,0.16044066915673436,0.7532533552641548
25726,LOF,0.048327785643278005,0.17881110024100572,0.7728611141157163
25727,LOF,0.06283464646498345,0.1334039724380855,0.8037613810969311
25728,LOF,0.05188427867943176,0.20896843964210035,0.739147281678468
25729,LOF,0.05362791927541131,0.2108261655924178,0.7355459151321708
25730,LOF,0.041307415327195,0.2445883284849318,0.7141042561878732
25731,LOF,0.2515313768816285,0.08428957784808125,0.6641790452702903
25732,LOF,0.07449880314852744,0.15935548071875663,0.766145716132716
25733,LOF,0.04350184688661094,0.2977688461094056,0.6587293070039835
25734,LOF,0.29832852979431507,0.0807585553896638,0.6209129148160212
25735,LOF,0.0437346020764663,0.1915392732520378,0.7647261246714959
25736,LOF,0.051223787013259824,0.22829554696984564,0.7204806660168944
25737,LOF,0.04764808676771658,0.2122003248820482,0.7401515883502352
25738,LOF,0.04986129813386891,0.30176319570266374,0.6483755061634673
25739,LOF,0.053712528624141144,0.2398484129307346,0.7064390584451242
25740,LOF,0.0927330048018547,0.1773461988946811,0.7299207963034643
25741,LOF,0.09863256548983051,0.14946694455898976,0.7519004899511798
25742,LOF,0.12149597708727997,0.2526249652683991,0.6258790576443208
25743,LOF,0.27286321252062984,0.06945096242499721,0.657685825054373
25744,GOF,0.04675265008853093,0.6556935967077584,0.2975537532037107
25745,GOF,0.037605460885806366,0.7351148323846423,0.22727970672955145
25746,GOF,0.04515009220695469,0.7052503241767523,0.24959958361629297
25747,LOF,0.04651946432419628,0.13292151377279063,0.8205590219030131
25748,GOF,0.3288836661865699,0.34084023844764166,0.33027609536578856
25749,GOF,0.030049017378773114,0.6648635818978967,0.30508740072333024
25750,GOF,0.04195913010787498,0.7037798392926482,0.25426103059947697
25751,LOF,0.05563664038988984,0.2675785386829368,0.6767848209271734
25752,LOF,0.2298086569554619,0.3636724125396032,0.40651893050493493
25753,LOF,0.28656081885784657,0.08474409340711772,0.6286950877350357
25754,GOF,0.033218142052175145,0.6406734591946376,0.3261083987531873
25755,LOF,0.21409891337047046,0.11986660156027272,0.6660344850692569
25756,Neutral,0.6750125820312525,0.06623451239852267,0.2587529055702249
25757,GOF,0.0484604173025977,0.6693365042506617,0.28220307844674053
25758,GOF,0.03646124070810094,0.6972665107564399,0.26627224853545933
25759,GOF,0.02427230383784417,0.6183113173248559,0.35741637883729993
25760,LOF,0.3063451750865252,0.1495149128894355,0.5441399120240393
25761,GOF,0.02889856925808755,0.7231366991824307,0.24796473155948168
25762,Neutral,0.6961038291253611,0.07514758097854495,0.22874858989609395
25763,LOF,0.278412640417403,0.06426755641476267,0.6573198031678342
25764,GOF,0.16950218585963858,0.5284825003193954,0.30201531382096614
25765,GOF,0.027546468054676802,0.6679124778245996,0.30454105412072363
25766,GOF,0.0479323489271906,0.6641830255256072,0.2878846255472022
25767,GOF,0.045404888666215136,0.7535068125189278,0.2010882988148571
25768,LOF,0.048959036534450905,0.1803881731893048,0.7706527902762442
25769,LOF,0.056777295233388245,0.14433875219355008,0.7988839525730617
25770,Neutral,0.6279979061510571,0.06254132197269963,0.3094607718762433
25771,LOF,0.24588197716904106,0.10086148106172466,0.6532565417692343
25772,LOF,0.06903899281644513,0.1061921514172553,0.8247688557662995
25773,LOF,0.4710066937741232,0.056485168098550476,0.4725081381273262
25774,Neutral,0.6691929258634263,0.08213674637782961,0.24867032775874415
25775,LOF,0.2316235805602199,0.04527725525857882,0.7230991641812012
25776,LOF,0.0407155047037747,0.13260549993703663,0.8266789953591887
25777,Neutral,0.6336951631734278,0.05330488067822036,0.3129999561483519
25778,LOF,0.07006378869580498,0.09212980141203889,0.8378064098921563
25779,GOF,0.05831662755359638,0.7042514094362945,0.23743196301010924
25780,GOF,0.05460873346892081,0.8015400163066818,0.1438512502243975
25781,GOF,0.053842351735452536,0.7847586730924416,0.161398975172106
25782,GOF,0.043527979852182604,0.7316219691620109,0.2248500509858063
25783,GOF,0.06584632226976322,0.7439111035037207,0.1902425742265161
25784,GOF,0.07481361297769698,0.7425231918583128,0.18266319516399024
25785,GOF,0.06238376657736789,0.7349492712265403,0.20266696219609176
25786,GOF,0.04247469031566262,0.7431102462921964,0.21441506339214092
25787,GOF,0.03806994150729657,0.48980718724279276,0.4721228712499108
25788,LOF,0.06356702813392161,0.14203495447696146,0.7943980173891171
25789,GOF,0.0501550119010043,0.7503537730577614,0.19949121504123443
25790,GOF,0.05171391450643662,0.7266731376967551,0.22161294779680835
25791,GOF,0.028276108431287788,0.749166952830657,0.22255693873805515
25792,GOF,0.02846221105505304,0.7483990416512846,0.22313874729366223
25793,GOF,0.02669359785446763,0.7191591857138423,0.25414721643168997
25794,GOF,0.05512423357074157,0.7109819581990386,0.2338938082302198
25795,GOF,0.09571428085643997,0.6992083054634761,0.20507741368008395
25796,GOF,0.04235924084453723,0.7255096697882972,0.23213108936716537
25797,GOF,0.051584047328859975,0.7167730756476176,0.23164287702352235
25798,GOF,0.07369826621632321,0.778262357393087,0.14803937639058978
25799,GOF,0.09740273294785731,0.7331332961939694,0.16946397085817327
25800,GOF,0.09093293609860265,0.7603525756763472,0.1487144882250501
25801,GOF,0.074098721153381,0.7448050383022812,0.18109624054433787
25802,GOF,0.09241477846905663,0.732969731913505,0.17461548961743828
25803,GOF,0.04801217838781283,0.6945827125366594,0.2574051090755278
25804,GOF,0.08332359137427406,0.673324533350283,0.24335187527544305
25805,GOF,0.05179202818629993,0.730388172551461,0.21781979926223893
25806,GOF,0.05032561146345234,0.7263492516110265,0.22332513692552125
25807,GOF,0.06820663796640125,0.6534878404877374,0.27830552154586125
25808,GOF,0.06644393486449922,0.7354100517206184,0.19814601341488258
25809,GOF,0.04909185019738581,0.7601554393922454,0.1907527104103689
25810,GOF,0.046317251365329555,0.7807428166107666,0.17293993202390376
25811,GOF,0.055328408543844416,0.5153693152170815,0.42930227623907413
25812,GOF,0.04872219296789827,0.7942574863144662,0.15702032071763555
25813,GOF,0.055372693001529465,0.7761005106934018,0.1685267963050688
25814,GOF,0.07992229474095001,0.7666158082279425,0.15346189703110746
25815,GOF,0.04424622706196742,0.7545590280379884,0.2011947449000441
25816,GOF,0.03971142560053961,0.7657481170235315,0.19454045737592884
25817,GOF,0.03396143729737278,0.7448192874711742,0.22121927523145313
25818,GOF,0.03178319928667234,0.6602257403839797,0.307991060329348
25819,GOF,0.06785562912683026,0.6989327799151669,0.23321159095800284
25820,GOF,0.07026391046373066,0.7284977646256671,0.20123832491060217
25821,GOF,0.07048989803534683,0.7336460516775866,0.19586405028706652
25822,GOF,0.07056876564775269,0.6906527602573573,0.23877847409488995
25823,GOF,0.10575234823811042,0.6031803344827731,0.2910673172791165
25824,GOF,0.07587191091106865,0.6830673969200203,0.2410606921689111
25825,GOF,0.07304318807360627,0.6829759349084654,0.24398087701792842
25826,GOF,0.07587191091106865,0.6830673969200203,0.2410606921689111
25827,GOF,0.05415995309126032,0.7573126275765052,0.1885274193322344
25828,GOF,0.05091257963538032,0.7280440976461666,0.22104332271845312
25829,LOF,0.4055820066122701,0.046607999538541146,0.5478099938491886
25830,LOF,0.044000329564863,0.2494947165832608,0.7065049538518763
25831,GOF,0.04019719805362932,0.6006555734950882,0.35914722845128233
25832,GOF,0.054194831136140334,0.6977193301316262,0.2480858387322334
25833,GOF,0.05209866395412522,0.7048658574370031,0.2430354786088716
25834,GOF,0.05071276960747665,0.6601871753060411,0.28910005508648223
25835,GOF,0.052425328262933425,0.684902057710103,0.26267261402696357
25836,GOF,0.04846890184357663,0.6553320643306387,0.2961990338257847
25837,GOF,0.049935186663357375,0.6473470028037742,0.3027178105328684
25838,GOF,0.049406129822415164,0.6502978861182915,0.3002959840592933
25839,GOF,0.060385123715793694,0.5897788563680808,0.34983601991612556
25840,GOF,0.03280102963978377,0.674112602499518,0.2930863678606982
25841,GOF,0.03322465720747017,0.6596892881962633,0.30708605459626653
25842,GOF,0.02736263491804357,0.6737590122390809,0.29887835284287545
25843,GOF,0.02813785261119698,0.6690266292472639,0.30283551814153925
25844,GOF,0.03302181720468252,0.6057218397203383,0.3612563430749792
25845,GOF,0.03431290962366379,0.6516009878933444,0.3140861024829919
25846,GOF,0.0323729074163421,0.6062647013213184,0.36136239126233954
25847,GOF,0.06192950166249832,0.5743766811933226,0.3636938171441789
25848,GOF,0.0423800965598571,0.69324003000914,0.26437987343100283
25849,GOF,0.04132197817466855,0.6907919127390847,0.26788610908624666
25850,GOF,0.12692094082836128,0.6839024432449693,0.18917661592666943
25851,GOF,0.13439384467523352,0.6679291598322938,0.19767699549247267
25852,GOF,0.14744513512138394,0.5200604843300638,0.3324943805485523
25853,GOF,0.10543848674692195,0.689139536363086,0.20542197688999206
25854,GOF,0.05145858688151757,0.7983923965345688,0.15014901658391352
25855,GOF,0.05240108423187512,0.7873466228440607,0.16025229292406437
25856,GOF,0.05321149175144908,0.7846193108501573,0.1621691973983936
25857,GOF,0.05445821831952584,0.7993514199842945,0.14619036169617972
25858,GOF,0.058673144332097894,0.7047538450162761,0.23657301065162603
25859,GOF,0.0578637611210229,0.7147340042593036,0.2274022346196736
25860,GOF,0.06496144925865435,0.5444318392575607,0.39060671148378506
25861,GOF,0.049320012102123806,0.5888627429966204,0.3618172449012556
25862,GOF,0.03057791876688643,0.7077006901486085,0.26172139108450493
25863,GOF,0.032951359588023074,0.7350908250608564,0.23195781535112053
25864,GOF,0.041483895344440684,0.7873688965592439,0.17114720809631548
25865,GOF,0.04373213548559274,0.7996433174166723,0.15662454709773505
25866,GOF,0.04081835817941959,0.799126762053194,0.16005487976738642
25867,GOF,0.040851090583477315,0.7958271987110805,0.16332171070544207
25868,GOF,0.041137923038648,0.7117301597845066,0.2471319171768455
25869,GOF,0.046335377853873386,0.7516145227770996,0.20205009936902704
25870,LOF,0.044755277840409634,0.24540092516516876,0.7098437969944216
25871,GOF,0.039770488043459715,0.7054211220813602,0.25480838987518
25872,LOF,0.04729132027446161,0.4755298682041878,0.4771788115213506
25873,GOF,0.06172928200461067,0.5887421463029169,0.34952857169247237
25874,LOF,0.07027518367424636,0.09012529940815252,0.8395995169176012
25875,GOF,0.07125486039555252,0.7099124299410504,0.21883270966339696
25876,Neutral,0.4716887277001743,0.07834411748330304,0.44996715481652266
25877,GOF,0.05674876032576749,0.6000446670794948,0.34320657259473764
25878,GOF,0.038627972526455605,0.7301453914425811,0.2312266360309633
25879,GOF,0.04656652097383748,0.5244640712056405,0.42896940782052195
25880,LOF,0.07304110739972598,0.15260162481593237,0.7743572677843416
25881,Neutral,0.7132173656646225,0.2028343365634854,0.08394829777189218
25882,LOF,0.35036515619014913,0.10427014007889834,0.5453647037309526
25883,LOF,0.06581087424506799,0.10978121427818151,0.8244079114767505
25884,LOF,0.3979796134400299,0.07302403290076916,0.528996353659201
25885,Neutral,0.5347190483004012,0.012275345502638533,0.45300560619696023
25886,Neutral,0.4377426988617538,0.20142888579294488,0.36082841534530125
25887,GOF,0.3951885416418843,0.4128885277361559,0.19192293062195964
25888,GOF,0.07620851509626,0.5326945935031794,0.39109689140056064
25889,LOF,0.24301753732956857,0.12779034042315118,0.6291921222472804
25890,LOF,0.14511800537835937,0.30298753132827944,0.5518944632933611
25891,LOF,0.26898317616817746,0.31465178438220254,0.41636503944962006
25892,LOF,0.015255451100207078,0.43486604024253084,0.5498785086572621
25893,LOF,0.39588007654895974,0.15621668730885316,0.44790323614218697
25894,LOF,0.4168731858315901,0.0832941584982036,0.4998326556702064
25895,LOF,0.4149357944322505,0.09639285614140619,0.4886713494263434
25896,Neutral,0.6329061671449399,0.06400106440066174,0.30309276845439836
25897,LOF,0.2496673224993973,0.15500824217400888,0.5953244353265938
25898,GOF,0.05541337889576099,0.7230236392601117,0.22156298184412723
25899,GOF,0.3288836661865699,0.34084023844764166,0.33027609536578856
25900,Neutral,0.8106701406444482,0.04921673836003797,0.14011312099551382
25901,LOF,0.061078636196855836,0.10658183030658362,0.8323395334965606
25902,LOF,0.35201926254848204,0.15986350265264754,0.48811723479887037
25903,LOF,0.20006728367839582,0.308673783099932,0.49125893322167213
25904,Neutral,0.4377426988617538,0.20142888579294488,0.36082841534530125
25905,LOF,0.06814177215726636,0.4074078478888079,0.5244503799539257
25906,LOF,0.3527121635822898,0.07817964567511587,0.5691081907425943
25907,GOF,0.04816597542735386,0.4991397423974195,0.45269428217522656
25908,GOF,0.04020868677335234,0.6088206065576562,0.3509707066689913
25909,LOF,0.0855894444753002,0.3937129981315267,0.5206975573931731
25910,LOF,0.023011816475062334,0.4262748308913389,0.5507133526335989
25911,Neutral,0.6826663636343889,0.06648690517750382,0.2508467311881072
25912,Neutral,0.5154201447137453,0.031729965160962006,0.4528498901252927
25913,GOF,0.026073465804476906,0.5765396120406285,0.3973869221548946
25914,LOF,0.04571124598887561,0.26717356564303496,0.6871151883680895
25915,GOF,0.08413596597519944,0.6483487219731093,0.2675153120516912
25916,GOF,0.09201146014303889,0.763644849951577,0.1443436899053841
25917,Neutral,0.7498340854372928,0.056792137132487736,0.19337377743021952
25918,LOF,0.05569928115171437,0.24329342894453349,0.7010072899037522
25919,LOF,0.050500777819915674,0.09265123870167172,0.8568479834784126
25920,LOF,0.3247706455199014,0.3211676971860514,0.3540616572940472
25921,LOF,0.360698896080538,0.04330789548034501,0.595993208439117
25922,LOF,0.2558282155704969,0.04157290186007975,0.7025988825694234
25923,Neutral,0.4377426988617538,0.20142888579294488,0.36082841534530125
25924,LOF,0.28710336405072595,0.13850361691468152,0.5743930190345926
25925,Neutral,0.6264193198623768,0.07311189723696353,0.3004687829006597
25926,Neutral,0.6789795496026926,0.0843140045864142,0.23670644581089315
25927,GOF,0.03472790554403799,0.49066982896514555,0.4746022654908165
25928,LOF,0.32306885175925376,0.06707454082222163,0.6098566074185245
25929,Neutral,0.4377426988617538,0.20142888579294488,0.36082841534530125
25930,LOF,0.04719230212643309,0.13991865057720837,0.8128890472963585
25931,LOF,0.3837759561706171,0.09823268658561224,0.5179913572437707
25932,LOF,0.07609487127536754,0.09288515031062522,0.8310199784140072
25933,LOF,0.07405502844042967,0.12267083368208094,0.8032741378774894
25934,LOF,0.08564903285323895,0.14697029446377907,0.767380672682982
25935,Neutral,0.6691929258634263,0.08213674637782961,0.24867032775874415
25936,LOF,0.06872898501187592,0.10695414973419318,0.824316865253931
25937,LOF,0.3319327758659574,0.20068312298409652,0.46738410114994605
25938,Neutral,0.6826663636343889,0.06648690517750382,0.2508467311881072
25939,LOF,0.047278695968120614,0.15119636124094296,0.8015249427909363
25940,GOF,0.10331792908585415,0.7520551368495602,0.14462693406458574
25941,Neutral,0.5262523424944651,0.16200452185427278,0.3117431356512621
25942,LOF,0.2495247204477743,0.13370915107678688,0.6167661284754389
25943,LOF,0.02742827469629983,0.36893764447348765,0.6036340808302125
25944,LOF,0.01997253831395168,0.4360429613373722,0.5439845003486762
25945,LOF,0.04001100234880102,0.13518755683799946,0.8248014408131995
25946,LOF,0.41990160101691,0.07675545186786094,0.5033429471152291
25947,Neutral,0.7303849096072762,0.06751315999801125,0.2021019303947125
25948,LOF,0.4603662152208417,0.07612720941448445,0.4635065753646738
25949,LOF,0.3765882451302885,0.08017962104532667,0.5432321338243848
25950,GOF,0.057545599861420896,0.6436250967563629,0.2988293033822161
25951,GOF,0.024710688406767534,0.7181564275935126,0.25713288399971995
25952,LOF,0.17223250485930097,0.39584125709526524,0.43192623804543373
25953,LOF,0.04207046643959061,0.3152664977720567,0.6426630357883527
25954,GOF,0.041588836844236046,0.7253820447312203,0.23302911842454374
25955,GOF,0.026540079972861386,0.593629125917686,0.37983079410945253
25956,GOF,0.05488615395055696,0.5616406812929187,0.38347316475652443
25957,Neutral,0.6300242757498146,0.045044230923177796,0.32493149332700755
25958,LOF,0.08489528252780677,0.1256738095622086,0.7894309079099846
25959,LOF,0.02153681833041932,0.4243629390534658,0.5541002426161148
25960,LOF,0.29425449587075264,0.05976225447162523,0.6459832496576222
25961,LOF,0.04429032726867304,0.3452342895951781,0.6104753831361488
25962,LOF,0.3785961295326922,0.043639660096082486,0.5777642103712252
25963,GOF,0.041277751113367435,0.586756821013612,0.3719654278730206
25964,LOF,0.06760725532657418,0.3393466648656033,0.5930460798078225
25965,GOF,0.1442403946112159,0.5351413936600004,0.32061821172878374
25966,Neutral,0.4377426988617538,0.20142888579294488,0.36082841534530125
25967,LOF,0.38050892987386997,0.09020532480998461,0.5292857453161455
25968,GOF,0.2472454644832139,0.5294658579673366,0.22328867754944945
25969,Neutral,0.5927236754636502,0.06132640067136612,0.34594992386498374
25970,LOF,0.3869761265132298,0.1934266921879153,0.41959718129885487
25971,LOF,0.111145374434467,0.1968002239500125,0.6920544016155206
25972,LOF,0.12258751630313587,0.16076950140773,0.716642982289134
25973,LOF,0.36094712487943886,0.043784516868502855,0.5952683582520584
25974,GOF,0.08501848969118557,0.46543475426743364,0.44954675604138095
25975,LOF,0.048652317542923026,0.05915213948533715,0.8921955429717398
25976,LOF,0.3480113344257895,0.017080668837592346,0.6349079967366181
25977,Neutral,0.5464683640205028,0.06596584588218912,0.38756579009730796
25978,LOF,0.1583995186459015,0.1843721035435558,0.6572283778105428
25979,LOF,0.09105625372883429,0.17920904915667463,0.7297346971144911
25980,LOF,0.21339555509131464,0.3731344246411361,0.41347002026754914
25981,GOF,0.22401514396705077,0.4381381052517733,0.3378467507811759
25982,LOF,0.1614536237726041,0.309778003217563,0.5287683730098328
25983,LOF,0.10722672983390848,0.30769968103920164,0.5850735891268899
25984,LOF,0.07166832153666704,0.09440235283880946,0.8339293256245235
25985,Neutral,0.7629685344096028,0.14648975434230302,0.09054171124809424
25986,GOF,0.04140933127544361,0.6369741840091324,0.32161648471542403
25987,LOF,0.3894561250441164,0.043331400699388026,0.5672124742564957
25988,LOF,0.050390434402282226,0.24033987916477134,0.7092696864329465
25989,LOF,0.06315757728621606,0.25473969165861743,0.6821027310551664
25990,LOF,0.04966938834144704,0.30621095327441056,0.6441196583841424
25991,GOF,0.053175890051953785,0.5808826537341227,0.36594145621392354
25992,LOF,0.07935301211565654,0.4327391142401683,0.4879078736441751
25993,LOF,0.06022575037483753,0.0841626831408837,0.8556115664842788
25994,LOF,0.0791149076123066,0.11588079191160564,0.8050043004760877
25995,LOF,0.04319152203469244,0.14396667309139213,0.8128418048739154
25996,GOF,0.3243369445942779,0.4293839134089853,0.2462791419967367
25997,GOF,0.18286556649959915,0.5045574193702415,0.3125770141301594
25998,LOF,0.24912181217251217,0.30709298889379916,0.4437851989336886
25999,LOF,0.02176903618474097,0.32053347973212387,0.6576974840831352
26000,LOF,0.3696272604651902,0.09007796434246011,0.5402947751923497
26001,LOF,0.16417057060824988,0.3692796985127121,0.466549730879038
26002,LOF,0.31431190340670045,0.12774258577267397,0.5579455108206255
26003,GOF,0.08042391674678115,0.6804903696707653,0.2390857135824535
26004,GOF,0.1415984712498289,0.6827515761473297,0.17564995260284152
26005,GOF,0.039976390655632604,0.775579834577986,0.18444377476638138
26006,GOF,0.057049056060266105,0.6669340626993027,0.2760168812404312
26007,GOF,0.03339921373886069,0.7892161819344992,0.17738460432664
26008,GOF,0.12488135911099177,0.688132777381712,0.18698586350729635
26009,GOF,0.10460554607109449,0.6514310597874058,0.24396339414149967
26010,GOF,0.0450901564767142,0.7658913713603562,0.18901847216292952
26011,GOF,0.042115219484366,0.6066653993952503,0.35121938112038364
26012,GOF,0.046452940590215756,0.7644893798897742,0.18905767952001024
26013,GOF,0.0578372005526987,0.6555071002683357,0.2866556991789656
26014,Neutral,0.5271390351240075,0.03522432044150591,0.4376366444344867
26015,LOF,0.267998002929777,0.20826315783189775,0.5237388392383253
26016,LOF,0.22275626533697399,0.21041470858292605,0.5668290260800999
26017,LOF,0.04282421572458971,0.36105536483296535,0.5961204194424449
26018,LOF,0.039923536608828754,0.2623062990635502,0.697770164327621
26019,LOF,0.044546004977844215,0.10443221770382291,0.851021777318333
26020,LOF,0.024333030539864058,0.42484550075431593,0.5508214687058199
26021,LOF,0.3500587349960735,0.13025401636622208,0.5196872486377043
26022,LOF,0.2594899381209808,0.07225367378973414,0.668256388089285
26023,LOF,0.06982709491567081,0.06419649355022794,0.8659764115341013
26024,LOF,0.1280767671964807,0.17143725731296083,0.7004859754905585
26025,LOF,0.04233332498232258,0.3392151458823063,0.6184515291353712
26026,LOF,0.04770367489658514,0.3822479344525864,0.5700483906508285
26027,LOF,0.07834324472222778,0.15446627755682787,0.7671904777209444
26028,LOF,0.13342686157486872,0.4194021951393574,0.4471709432857739
26029,GOF,0.06623942184966736,0.7329448576725047,0.20081572047782786
26030,Neutral,0.6189415299938275,0.04333023800259843,0.33772823200357416
26031,GOF,0.03778899306415999,0.673591626179247,0.28861938075659305
26032,LOF,0.05750685497330188,0.14311512576853905,0.7993780192581591
26033,LOF,0.0564686260961407,0.1254512046385892,0.8180801692652702
26034,GOF,0.031703003504756085,0.649292243651802,0.3190047528434419
26035,GOF,0.03448560838691573,0.6611306049268985,0.30438378668618576
26036,GOF,0.03159515771061578,0.5574332434315858,0.41097159885779827
26037,GOF,0.04100232640568807,0.6219680956470494,0.3370295779472626
26038,LOF,0.05232065953990142,0.11059813249606067,0.837081207964038
26039,GOF,0.04048600618346547,0.5379201949735127,0.42159379884302167
26040,LOF,0.04745147376638376,0.11017551883293308,0.8423730074006832
26041,GOF,0.06161542595606248,0.5292294085138872,0.4091551655300504
26042,GOF,0.056617288552585535,0.5202118910607962,0.4231708203866182
26043,LOF,0.038172716733922515,0.21978090897816957,0.7420463742879079
26044,LOF,0.3863244143494397,0.0982565447902039,0.5154190408603564
26045,GOF,0.04461258813872145,0.6768005808708888,0.27858683099038967
26046,LOF,0.05605750986953519,0.20555842178449577,0.738384068345969
26047,LOF,0.11699234200860635,0.13524445580064542,0.7477632021907482
26048,Neutral,0.5195153367984601,0.06806486925862415,0.4124197939429158
26049,Neutral,0.6214651159265844,0.13588653407194246,0.24264835000147317
26050,Neutral,0.6691929258634263,0.08213674637782961,0.24867032775874415
26051,GOF,0.035107033517651064,0.6385713264548871,0.32632164002746183
26052,GOF,0.04608567581036071,0.7807698283946355,0.17314449579500385
26053,LOF,0.45112566934543774,0.05267700576392994,0.4961973248906323
26054,Neutral,0.6826663636343889,0.06648690517750382,0.2508467311881072
26055,Neutral,0.6826663636343889,0.06648690517750382,0.2508467311881072
26056,Neutral,0.6826663636343889,0.06648690517750382,0.2508467311881072
26057,LOF,0.05526674967165616,0.157776176377931,0.7869570739504129
26058,LOF,0.06575385513714006,0.14803335557709876,0.7862127892857612
26059,Neutral,0.8348939730654844,0.051852469419985135,0.11325355751453048
26060,GOF,0.0381917200457467,0.6869649276483916,0.27484335230586154
26061,LOF,0.3332631718181962,0.0469818277692009,0.619755000412603
26062,LOF,0.4051374789538106,0.06101193186646812,0.5338505891797213
26063,LOF,0.07711303434749528,0.0766756675949206,0.8462112980575841
26064,LOF,0.38318828420879436,0.04306093194037944,0.5737507838508262
26065,LOF,0.04613774086260689,0.16008056315579744,0.7937816959815956
26066,LOF,0.0771312997768142,0.15088781111985444,0.7719808891033314
26067,LOF,0.06733672038621503,0.1634491062681161,0.7692141733456689
26068,Neutral,0.6258669287292606,0.08111881104088295,0.2930142602298564
26069,Neutral,0.6047249243376522,0.08793210618916991,0.30734296947317785
26070,Neutral,0.6047249243376522,0.08793210618916991,0.30734296947317785
26071,LOF,0.07683107189401901,0.141309916743361,0.7818590113626199
26072,LOF,0.3627699366421258,0.10389077258630186,0.5333392907715724
26073,LOF,0.0792666894249952,0.10467634805983254,0.8160569625151722
26074,Neutral,0.809819933731101,0.059263012685382595,0.1309170535835165
26075,Neutral,0.6184114865343509,0.08885950699473957,0.29272900647090955
26076,LOF,0.05076525918560524,0.2901500714004446,0.6590846694139502
26077,Neutral,0.6034401351922819,0.03966315889929172,0.35689670590842626
26078,LOF,0.41119503490338755,0.14671011410431825,0.4420948509922941
26079,Neutral,0.6668605246994862,0.09731522764190936,0.2358242476586045
26080,Neutral,0.6668605246994862,0.09731522764190936,0.2358242476586045
26081,LOF,0.05571284146393306,0.09716605355494826,0.8471211049811186
26082,LOF,0.37948429308551135,0.11489581006619955,0.5056198968482892
26083,LOF,0.036550881989120015,0.21769069229165486,0.7457584257192251
26084,LOF,0.038951599037949966,0.22714309691297205,0.7339053040490779
26085,LOF,0.043109841256782494,0.16269477357720705,0.7941953851660105
26086,LOF,0.04850953628358796,0.16491671536379598,0.7865737483526161
26087,LOF,0.040805566577581304,0.28650540777342526,0.6726890256489935
26088,LOF,0.4225969366100661,0.10663015968306298,0.4707729037068709
26089,Neutral,0.6637506455007793,0.08226298593977253,0.25398636855944823
26090,Neutral,0.6637506455007793,0.08226298593977253,0.25398636855944823
26091,LOF,0.09650735275400829,0.08399033953705429,0.8195023077089373
26092,LOF,0.06499840862878314,0.09072722274421827,0.8442743686269986
26093,LOF,0.06930607818710263,0.08995902724260246,0.8407348945702948
26094,LOF,0.09069954364276873,0.08842419584778075,0.8208762605094505
26095,LOF,0.32317058456711223,0.07449518377364034,0.6023342316592474
26096,Neutral,0.5305670783966591,0.037433577584235905,0.431999344019105
26097,LOF,0.27519211338995353,0.06511114551324863,0.6596967410967979
26098,Neutral,0.6750125820312525,0.06623451239852267,0.2587529055702249
26099,LOF,0.039503236379467996,0.2952336741644076,0.6652630894561244
26100,LOF,0.039503236379467996,0.2952336741644076,0.6652630894561244
26101,LOF,0.06736522548362998,0.17827652164089605,0.7543582528754739
26102,LOF,0.06393328172329796,0.14484403122951012,0.7912226870471919
26103,Neutral,0.4377426988617538,0.20142888579294488,0.36082841534530125
26104,Neutral,0.7151822626625153,0.08581762783212797,0.1990001095053568
26105,LOF,0.3056496161997073,0.1191044877631851,0.5752458960371076
26106,Neutral,0.46656162269455215,0.13876643873502714,0.39467193857042066
26107,GOF,0.021682903257277866,0.6083864456226992,0.3699306511200229
26108,GOF,0.29329212874927457,0.4537819879954463,0.2529258832552792
26109,Neutral,0.5441681997578861,0.11270445913812635,0.34312734110398757
26110,Neutral,0.46659627587030056,0.08510152147281136,0.44830220265688814
26111,LOF,0.03500212508347342,0.4013353508571517,0.5636625240593749
26112,LOF,0.09321818749163142,0.11382570873288755,0.7929561037754811
26113,LOF,0.061640139099080005,0.15278162143450408,0.7855782394664158
26114,LOF,0.3773515885432424,0.13530579811186505,0.4873426133448927
26115,GOF,0.03090133345734605,0.5749689485027731,0.39412971803988084
26116,LOF,0.11452856720372108,0.22579210905112285,0.6596793237451561
26117,Neutral,0.4377426988617538,0.20142888579294488,0.36082841534530125
26118,LOF,0.05928585757438929,0.1010656897651308,0.8396484526604798
26119,LOF,0.015469428340919635,0.48512395910628875,0.4994066125527916
26120,LOF,0.08577753986401496,0.09068631852662146,0.8235361416093635
26121,LOF,0.03915556383797979,0.19307496915262826,0.7677694670093919
26122,LOF,0.019729304763545497,0.21532511672153345,0.7649455785149212
