feature0,prediction,LoGoFunc_Neutral,LoGoFunc_GOF,LoGoFunc_LOF
25546,Neutral,0.7479315613072053,0.035864677735597816,0.21620376095719696
25547,Neutral,0.5818312623472199,0.08394770884399187,0.3342210288087883
25548,Neutral,0.5611844005381068,0.06081845936151886,0.37799714010037444
25549,Neutral,0.4770181592675086,0.061818876931967075,0.4611629638005242
25550,LOF,0.31745238531320813,0.1304348729040711,0.5521127417827207
25551,LOF,0.28061607047151627,0.14162885614563056,0.5777550733828531
25552,LOF,0.199620538760405,0.13392705249684425,0.6664524087427507
25553,Neutral,0.8195461182527071,0.03659810870257937,0.14385577304471334
25554,LOF,0.22768778998605108,0.12543614700607786,0.646876063007871
25555,LOF,0.19183393765874326,0.10556094933432722,0.7026051130069295
25556,LOF,0.3755166800946666,0.11559379397615181,0.5088895259291816
25557,LOF,0.1869302879125125,0.11377557971867698,0.6992941323688106
25558,LOF,0.2222117527643937,0.1272487429116168,0.6505395043239895
25559,LOF,0.4067507261515083,0.08266052867547163,0.51058874517302
25560,LOF,0.05119073340270395,0.17043774716826507,0.7783715194290308
25561,LOF,0.09916009043465918,0.19596108838944337,0.7048788211758975
25562,LOF,0.10921338566617256,0.07125007364931894,0.8195365406845085
25563,LOF,0.10339444543442047,0.08368922692644633,0.8129163276391331
25564,LOF,0.17689772701328835,0.14840671654295576,0.6746955564437559
25565,LOF,0.14649285252569522,0.12160272333266728,0.7319044241416375
25566,GOF,0.013443119270542416,0.7463515920322861,0.2402052886971714
25567,LOF,0.014113951836829756,0.15511084971221994,0.8307751984509503
25568,LOF,0.05279810023216478,0.07080346760760617,0.8763984321602292
25569,LOF,0.06220553133371601,0.07599601078824059,0.8617984578780434
25570,LOF,0.059770471967084994,0.1053593400526529,0.834870187980262
25571,LOF,0.054404920257586274,0.09648831506950216,0.8491067646729116
25572,LOF,0.06377664813592375,0.13385709147929703,0.8023662603847792
25573,LOF,0.02799147487596962,0.10720378015040513,0.8648047449736253
25574,LOF,0.016584073235842402,0.1781446289631382,0.8052712978010192
25575,LOF,0.04316096965356771,0.11949029095642492,0.8373487393900074
25576,LOF,0.019291239728533107,0.12742298259317897,0.853285777678288
25577,LOF,0.01477735288097055,0.14034251791198227,0.8448801292070472
25578,LOF,0.23865741709625254,0.0983080548239955,0.6630345280797519
25579,LOF,0.23936287826567304,0.09698285432442309,0.6636542674099039
25580,LOF,0.03212349641163679,0.08346543811316942,0.8844110654751939
25581,LOF,0.050983237277399285,0.08237738956872823,0.8666393731538724
25582,LOF,0.05068516964682637,0.07899065752559539,0.8703241728275782
25583,LOF,0.04315620681298593,0.1020752993316141,0.8547684938554
25584,Neutral,0.44982674843081155,0.11427812545228713,0.4358951261169013
25585,LOF,0.03353995560665531,0.1244938575391016,0.8419661868542432
25586,LOF,0.033191180068852515,0.09039367251470543,0.876415147416442
25587,LOF,0.03197052025377912,0.08506334311337053,0.8829661366328503
25588,LOF,0.03215543287936921,0.10065879093853682,0.8671857761820939
25589,Neutral,0.6056270179973928,0.13806109341210432,0.25631188859050286
25590,LOF,0.028214040634430372,0.1391183589017667,0.832667600463803
25591,LOF,0.10440410108023578,0.06951633857021296,0.8260795603495513
25592,LOF,0.08262838913220946,0.1493162031259022,0.7680554077418883
25593,LOF,0.017541894666197433,0.28154128004275075,0.7009168252910519
25594,LOF,0.03101881513222383,0.24692359143074444,0.7220575934370318
25595,LOF,0.04724786610590708,0.1862852903022597,0.7664668435918333
25596,LOF,0.050827021062360096,0.12199940605530281,0.8271735728823371
25597,LOF,0.05324774181667354,0.10036017345153705,0.8463920847317893
25598,LOF,0.037454271731847046,0.2348807599394911,0.7276649683286618
25599,GOF,0.008180122713169079,0.792935736667887,0.1988841406189441
25600,GOF,0.010299016263684208,0.5625971200066149,0.4271038637297009
25601,LOF,0.007480557545797238,0.4882838612110145,0.5042355812431881
25602,LOF,0.018146573673412974,0.04930740311408476,0.9325460232125021
25603,LOF,0.05395932965110244,0.04110107482480732,0.9049395955240901
25604,LOF,0.05164560393566975,0.047024660599317036,0.901329735465013
25605,LOF,0.009158861177585081,0.25544029228980897,0.735400846532606
25606,LOF,0.0966484730974317,0.44563044804256147,0.4577210788600069
25607,LOF,0.006341163825914913,0.16584531399221236,0.8278135221818728
25608,LOF,0.06598276166922713,0.04330786234913872,0.8907093759816341
25609,LOF,0.055930908947593026,0.3347836149056591,0.6092854761467478
25610,LOF,0.039707505065272486,0.033141684464134416,0.9271508104705931
25611,LOF,0.043625536548266626,0.03062137985298702,0.9257530835987464
25612,LOF,0.10031875949159828,0.056865591532601636,0.8428156489758001
25613,LOF,0.08693923423523428,0.05386520912241083,0.8591955566423548
25614,LOF,0.03174481703563925,0.04427077524349365,0.9239844077208672
25615,LOF,0.05542735850826526,0.0374327879204747,0.9071398535712601
25616,LOF,0.03152966251332402,0.040853602291995104,0.9276167351946809
25617,LOF,0.031141930769729615,0.04466114233849582,0.9241969268917746
25618,LOF,0.18072134010136692,0.041976348660913855,0.7773023112377192
25619,LOF,0.029908283794933353,0.03820885042698285,0.9318828657780839
25620,LOF,0.0336783854054882,0.049900958185830645,0.9164206564086812
25621,LOF,0.030079085350079894,0.035264212415881686,0.9346567022340385
25622,LOF,0.03018566732732848,0.04943907689575127,0.9203752557769201
25623,LOF,0.06165765596264584,0.03992054654092109,0.898421797496433
25624,LOF,0.027089422636314028,0.04871259427657087,0.9241979830871152
25625,LOF,0.03336535423076657,0.052362884531841715,0.9142717612373918
25626,LOF,0.07549056929000057,0.038924773193026535,0.885584657516973
25627,Neutral,0.5486479980901023,0.15433657985069163,0.2970154220592059
25628,LOF,0.1918993392736497,0.07850248801036676,0.7295981727159836
25629,LOF,0.05982467541378588,0.1431783821580332,0.7969969424281809
25630,LOF,0.1673964114095057,0.1274266253210386,0.7051769632694557
25631,Neutral,0.5885945337439898,0.10725898855644603,0.3041464776995641
25632,LOF,0.02182654062371771,0.08024525886986933,0.8979282005064129
25633,LOF,0.21811834033959154,0.08721762211016153,0.6946640375502469
25634,LOF,0.037344203705890734,0.10288505238171904,0.8597707439123903
25635,LOF,0.03292767169518097,0.09071927874893518,0.8763530495558839
25636,GOF,0.005259262419372913,0.5464494837464007,0.44829125383422636
25637,LOF,0.004654294481357189,0.4966712201428886,0.49867448537575426
25638,LOF,0.009203748573064633,0.41533593379948786,0.5754603176274475
25639,LOF,0.0047617870363451525,0.3935519653710263,0.6016862475926286
25640,GOF,0.4556366178220757,0.5051203940516538,0.03924298812627057
25641,LOF,0.006294789988313677,0.4225947639395133,0.571110446072173
25642,LOF,0.2519795665316788,0.09620758099103385,0.6518128524772875
25643,LOF,0.22970899207102047,0.3092692540859779,0.46102175384300165
25644,LOF,0.023593651092414694,0.45681164661059775,0.5195947022969876
25645,LOF,0.02553204993097955,0.40844688536781104,0.5660210647012093
25646,LOF,0.019738456915528942,0.2570463139380051,0.7232152291464659
25647,LOF,0.01859012936342962,0.2130211758996111,0.7683886947369594
25648,LOF,0.01542658519205602,0.22900826187352472,0.7555651529344193
25649,LOF,0.013831648052765148,0.16689704837509534,0.8192713035721395
25650,LOF,0.03755605167966602,0.4271063751844533,0.5353375731358807
25651,LOF,0.012720457627694519,0.2097258160818524,0.777553726290453
25652,LOF,0.016916790712447085,0.2082797460863504,0.7748034632012025
25653,LOF,0.07681523443277347,0.35414695365669807,0.5690378119105285
25654,LOF,0.014862728953427773,0.1768519775328436,0.8082852935137286
25655,LOF,0.0949501089034806,0.24699370523437514,0.6580561858621442
25656,LOF,0.05279948226096119,0.052272372888932495,0.8949281448501063
25657,LOF,0.2691816503237507,0.023137968917963773,0.7076803807582855
25658,LOF,0.032910663858372706,0.0689028893857053,0.898186446755922
25659,LOF,0.22451756995890143,0.04733124191538961,0.7281511881257089
25660,LOF,0.06994971567869528,0.11373434429900509,0.8163159400222997
25661,LOF,0.049366226190405066,0.07474269171041739,0.8758910820991774
25662,LOF,0.02803334090748871,0.04594060537022155,0.9260260537222897
25663,LOF,0.034578570897335015,0.07531534961958221,0.8901060794830827
25664,LOF,0.02727007497974329,0.10855748849726041,0.8641724365229962
25665,LOF,0.053248228954143495,0.05127788954276428,0.8954738815030923
25666,LOF,0.03523541600834259,0.15500851777751595,0.8097560662141414
25667,LOF,0.027497669125863454,0.06271648130381473,0.9097858495703218
25668,LOF,0.03470497779348069,0.0647637559954575,0.9005312662110618
25669,LOF,0.03926738775386265,0.10507827569978231,0.8556543365463551
25670,LOF,0.135673867870559,0.0872051443673563,0.7771209877620847
25671,LOF,0.036123305075315845,0.05525799741225972,0.9086186975124244
25672,LOF,0.05240785669135557,0.08472649205530103,0.8628656512533434
25673,LOF,0.0377660784679857,0.07254202690198944,0.8896918946300248
25674,LOF,0.02706379887149121,0.08412390009636567,0.8888123010321431
25675,LOF,0.03330986593338614,0.0671330504580658,0.899557083608548
25676,LOF,0.02843965091946152,0.06960362506763824,0.9019567240129004
25677,LOF,0.05617591352180307,0.0649541186885692,0.8788699677896278
25678,LOF,0.21389482432224738,0.04837668621823638,0.7377284894595162
25679,LOF,0.12295599332399715,0.07857007665893778,0.798473930017065
25680,LOF,0.057779754926623406,0.10675709909131015,0.8354631459820664
25681,LOF,0.10473921417929331,0.09807425211990534,0.7971865337008013
25682,LOF,0.03856701959575187,0.08341201089323529,0.8780209695110129
25683,LOF,0.06580231691048416,0.11602647076667516,0.8181712123228407
25684,LOF,0.0468171855519254,0.074109171747618,0.8790736427004566
25685,LOF,0.1113578751907882,0.04065353765409531,0.8479885871551164
25686,LOF,0.030552681385399443,0.08218464887333385,0.8872626697412667
25687,LOF,0.05675663713840767,0.07497382797603298,0.8682695348855594
25688,LOF,0.028064413845093884,0.14850541008458834,0.8234301760703179
25689,LOF,0.019995493372859385,0.08098790349229489,0.8990166031348458
25690,LOF,0.018715966203023467,0.10388264971434281,0.8774013840826336
25691,LOF,0.18138613587391259,0.14180683327702198,0.6768070308490653
25692,LOF,0.22083619543913618,0.019690180985182403,0.7594736235756814
25693,LOF,0.0446853557011224,0.16736175900545858,0.7879528852934191
25694,LOF,0.24968900990691806,0.01271629902503069,0.7375946910680513
25695,LOF,0.17983017601287138,0.01846565657876979,0.8017041674083588
25696,LOF,0.1501639111684587,0.009720902165846514,0.8401151866656947
25697,LOF,0.1175449057422578,0.031743756162580086,0.8507113380951621
25698,LOF,0.02682254355639355,0.3292491465601357,0.6439283098834707
25699,LOF,0.09122023838569385,0.0976790032426891,0.8111007583716171
25700,LOF,0.028384220865038307,0.015015713400747966,0.9566000657342139
25701,LOF,0.016346606416863856,0.09070622737719201,0.892947166205944
25702,GOF,0.024922607924414197,0.7403710176967749,0.2347063743788108
25703,LOF,0.014597612108491646,0.232329686308179,0.7530727015833293
25704,LOF,0.08617631787631154,0.1834715634230217,0.7303521187006669
25705,LOF,0.07156957117073276,0.2783075452603454,0.6501228835689219
25706,GOF,0.03260986309006334,0.5575834670020436,0.40980666990789305
25707,GOF,0.03182468141268015,0.5727203038785034,0.3954550147088166
25708,GOF,0.00738856363505787,0.577074375257555,0.4155370611073871
25709,LOF,0.020573470688104174,0.1007969852674434,0.8786295440444524
25710,LOF,0.005191249191372347,0.2528714944546422,0.7419372563539854
25711,LOF,0.02291086163738203,0.15175900198637343,0.8253301363762445
25712,LOF,0.0060220476478859255,0.2993324750884664,0.6946454772636476
25713,LOF,0.0208814196143994,0.13570364919114392,0.8434149311944568
25714,LOF,0.023424626969483418,0.17210757134831214,0.8044678016822044
25715,LOF,0.022546412347684022,0.15642121554106939,0.8210323721112467
25716,LOF,0.009766005579936322,0.15796356237369313,0.8322704320463706
25717,LOF,0.005901796380229439,0.1541751244208503,0.8399230791989202
25718,LOF,0.022627603480530892,0.10654741441970692,0.8708249820997621
25719,LOF,0.036850168180919324,0.12817339580398937,0.8349764360150912
25720,LOF,0.02966627415125278,0.12101081568243595,0.8493229101663112
25721,LOF,0.02533728733912312,0.11727490224301355,0.8573878104178633
25722,LOF,0.017915871233419815,0.15913318151751893,0.8229509472490613
25723,LOF,0.02479860643361805,0.10376950248100338,0.8714318910853786
25724,LOF,0.02919789456608911,0.17552342283782377,0.7952786825960871
25725,LOF,0.023155997075358786,0.103263186213537,0.8735808167111042
25726,LOF,0.017591066038804917,0.13571323390964557,0.8466957000515495
25727,LOF,0.0246711200666652,0.12646380188608786,0.848865078047247
25728,LOF,0.023217590516096676,0.13056835967484473,0.8462140498090586
25729,LOF,0.021954108569356857,0.13935968198003088,0.8386862094506122
25730,LOF,0.025464428211524552,0.10057813187190803,0.8739574399165675
25731,LOF,0.01116483127135023,0.19605212336244807,0.7927830453662018
25732,LOF,0.019948545575111404,0.12361332328483163,0.8564381311400571
25733,LOF,0.029033837382888446,0.12380156069895266,0.8471646019181589
25734,LOF,0.006069090820575169,0.28233516721752056,0.7115957419619043
25735,LOF,0.022546956476192447,0.1041000433759013,0.8733530001479063
25736,LOF,0.020454197135989914,0.15830254763628912,0.821243255227721
25737,LOF,0.03989870680380288,0.15886767627144385,0.8012336169247533
25738,LOF,0.021488495541919637,0.18621556562701033,0.79229593883107
25739,LOF,0.023775868806208855,0.16829188302929904,0.8079322481644922
25740,LOF,0.05374116748411469,0.17447549949744987,0.7717833330184354
25741,LOF,0.02763145006777866,0.13940327122345328,0.8329652787087679
25742,LOF,0.045460565946100054,0.14914448694726012,0.8053949471066398
25743,LOF,0.011303469654059081,0.028608138432892827,0.9600883919130481
25744,LOF,0.13329659972286165,0.3334656291481055,0.5332377711290328
25745,LOF,0.030450190656626068,0.10312610470037932,0.8664237046429947
25746,LOF,0.012767474161368295,0.1522769762543508,0.834955549584281
25747,LOF,0.032177789247311205,0.029448077367975167,0.9383741333847136
25748,LOF,0.26729126139045734,0.05399751830325162,0.6787112203062909
25749,LOF,0.011436313764261366,0.08557044498222369,0.9029932412535149
25750,LOF,0.015751786295355504,0.08781477074342413,0.8964334429612204
25751,LOF,0.04750093260539695,0.04864588860183566,0.9038531787927674
25752,GOF,0.07775983329081064,0.7180750274166348,0.20416513929255464
25753,LOF,0.006815922896945249,0.36405419884529683,0.6291298782577579
25754,GOF,0.006445596745132132,0.8644431424442417,0.1291112608106263
25755,LOF,0.006105837575080987,0.41585972235156055,0.5780344400733585
25756,LOF,0.027998830834029955,0.42796535756831466,0.5440358115976553
25757,GOF,0.007125250685316629,0.863062272061013,0.12981247725367032
25758,GOF,0.007295225136404537,0.8602755413109768,0.13242923355261865
25759,GOF,0.00467923165223277,0.5892754732733516,0.40604529507441556
25760,LOF,0.005292672232436303,0.31279050236399636,0.6819168254035674
25761,GOF,0.04588695122101473,0.8408186760386247,0.11329437274036058
25762,LOF,0.031415822833937575,0.36045114938822254,0.60813302777784
25763,LOF,0.005550902460110616,0.2775915983537375,0.7168574991861519
25764,GOF,0.049111407679152855,0.6373875714579718,0.3135010208628754
25765,GOF,0.007205871930341956,0.8556771689092176,0.1371169591604404
25766,GOF,0.04565048458492547,0.8118226698461336,0.14252684556894074
25767,GOF,0.014533268271660101,0.5500023280422008,0.4354644036861389
25768,LOF,0.052266494034726746,0.0636061100033336,0.8841273959619397
25769,LOF,0.025200210328111382,0.07718124485875404,0.8976185448131345
25770,LOF,0.1305146207354649,0.0589162606599957,0.8105691186045395
25771,LOF,0.016630418031752837,0.050957522093019146,0.932412059875228
25772,LOF,0.027168401210407242,0.023660090857490206,0.9491715079321026
25773,LOF,0.020990061757279143,0.04777608182012926,0.9312338564225916
25774,LOF,0.02562349797693336,0.09935325698384899,0.8750232450392176
25775,LOF,0.020602465945891782,0.03130666184186615,0.948090872212242
25776,LOF,0.028242917222443514,0.01967542292805837,0.952081659849498
25777,LOF,0.13889985649033768,0.05900867686618932,0.8020914666434731
25778,LOF,0.020898833882747346,0.04670874065120013,0.9323924254660525
25779,GOF,0.039808240815861956,0.8960333739616917,0.0641583852224463
25780,GOF,0.06465256630600419,0.889164514117306,0.04618291957668979
25781,GOF,0.02789896999396854,0.8842485503078229,0.08785247969820865
25782,GOF,0.029493400931686373,0.9146284220804417,0.05587817698787173
25783,GOF,0.024459267826480106,0.9318147879807595,0.04372594419276063
25784,GOF,0.0723083060062438,0.8801850400902104,0.04750665390354582
25785,GOF,0.08473271258933433,0.8765547736614956,0.038712513749169994
25786,GOF,0.009514760431074057,0.8846620230371471,0.10582321653177877
25787,GOF,0.1982906996696546,0.7552534302642798,0.046455870066065545
25788,LOF,0.015707291909123428,0.17225812657413084,0.8120345815167457
25789,GOF,0.015220731719306376,0.8732475041085129,0.11153176417218079
25790,GOF,0.02189227258182945,0.8864917284179693,0.09161599900020125
25791,GOF,0.020193086410837047,0.788334623948405,0.19147228964075783
25792,GOF,0.02319564322691748,0.8204737643026303,0.15633059247045217
25793,GOF,0.05329558494379674,0.8635964416246596,0.08310797343154365
25794,GOF,0.0513151353508253,0.7895552472391683,0.15912961741000645
25795,GOF,0.04933074697156551,0.7627246718173032,0.18794458121113136
25796,GOF,0.08015981844970232,0.84881388428821,0.0710262972620877
25797,GOF,0.07689638556356906,0.752558534002319,0.170545080434112
25798,GOF,0.006790866156690772,0.7876004940952832,0.20560863974802598
25799,GOF,0.004282604956189363,0.7214093161718071,0.2743080788720036
25800,GOF,0.02484583429041759,0.8392861747500696,0.13586799095951285
25801,GOF,0.017888803688204793,0.9033201790659052,0.07879101724589009
25802,GOF,0.027181076262754317,0.8390427773263143,0.13377614641093136
25803,GOF,0.018361410330321872,0.7304709248853621,0.25116766478431596
25804,GOF,0.027656199580553854,0.792861888183915,0.17948191223553117
25805,GOF,0.022120124238554733,0.8066799696026667,0.1711999061587786
25806,GOF,0.02822241393967632,0.8096896556183595,0.1620879304419642
25807,GOF,0.01008188089730859,0.7878483757045108,0.20206974339818043
25808,GOF,0.01854368698103864,0.7918447274211394,0.1896115855978219
25809,GOF,0.010783337033456335,0.7569863445561632,0.23223031841038058
25810,GOF,0.009087722623865105,0.7374241891759317,0.25348808820020324
25811,GOF,0.04593197584703862,0.8847470005501346,0.06932102360282692
25812,GOF,0.024432323067383174,0.8115933306662919,0.16397434626632484
25813,GOF,0.11447896933207022,0.8171024676166084,0.06841856305132143
25814,GOF,0.02429026163002093,0.8279091567174122,0.14780058165256693
25815,GOF,0.0453741250675467,0.8477482858652297,0.1068775890672236
25816,GOF,0.007969713556718635,0.8773704133650917,0.11465987307818971
25817,GOF,0.09607913917537189,0.814133272583995,0.08978758824063303
25818,GOF,0.02611049236571678,0.8202737712720165,0.15361573636226672
25819,GOF,0.05073400078662931,0.7652425061428209,0.18402349307054985
25820,GOF,0.03576273653054448,0.7312146165659831,0.2330226469034725
25821,GOF,0.024741620229149486,0.75801901936427,0.21723936040658054
25822,GOF,0.042329001687890014,0.7578786174064006,0.19979238090570942
25823,GOF,0.024986610390989383,0.7518095275605065,0.22320386204850431
25824,GOF,0.02309222442734171,0.8072355595118,0.1696722160608583
25825,GOF,0.018711355145666353,0.7940662126709337,0.18722243218339998
25826,GOF,0.00895559307196668,0.7530966490432375,0.23794775788479575
25827,GOF,0.014736986592690631,0.7069543674109804,0.27830864599632893
25828,GOF,0.011498582841742398,0.750826756578555,0.23767466057970268
25829,GOF,0.004163513999904673,0.6980088957526576,0.29782759024743766
25830,GOF,0.03196219010604907,0.4972805372693416,0.47075727262460937
25831,GOF,0.056108978339497434,0.824739721989293,0.11915129967120963
25832,GOF,0.00941660904998532,0.779894810454101,0.21068858049591369
25833,GOF,0.0296220330359889,0.838741139497352,0.13163682746665925
25834,GOF,0.009653626625237341,0.7866160810334636,0.20373029234129894
25835,GOF,0.021239244190265974,0.8461082900713128,0.13265246573842113
25836,GOF,0.006863894118417834,0.7742256530397977,0.21891045284178437
25837,GOF,0.00902049054997636,0.8004923859447411,0.1904871235052823
25838,GOF,0.021779740430507934,0.8499760039190519,0.12824425565044023
25839,GOF,0.06517548440001454,0.8130787601950622,0.12174575540492331
25840,GOF,0.0847329818668929,0.8124427496598847,0.1028242684732224
25841,GOF,0.0845219619489939,0.8323793921632415,0.08309864588776444
25842,GOF,0.025789364973421554,0.8906794544024542,0.08353118062412426
25843,GOF,0.025991901834107572,0.8937450031277109,0.08026309503818148
25844,GOF,0.01903292215921606,0.84627949790911,0.13468757993167402
25845,GOF,0.006673954927375304,0.7694785343151228,0.2238475107575019
25846,GOF,0.0736443377025517,0.8335755267889416,0.09278013550850668
25847,GOF,0.017311897330052284,0.885333471528709,0.09735463114123884
25848,GOF,0.022826910533660223,0.8517559428193288,0.12541714664701104
25849,GOF,0.007471247446107533,0.831812210260611,0.1607165422932815
25850,GOF,0.00623496280377009,0.7456894920416409,0.2480755451545889
25851,GOF,0.005878284097627012,0.7039292104734294,0.2901925054289437
25852,GOF,0.15190262235762433,0.5832114219987132,0.26488595564366246
25853,GOF,0.07807475197407683,0.8243380476364194,0.09758720038950394
25854,GOF,0.005897968712687945,0.7380361235421943,0.2560659077451178
25855,GOF,0.019733730006889483,0.7096465218726137,0.27061974812049666
25856,GOF,0.03565943245523589,0.7820016745075744,0.18233889303718964
25857,GOF,0.019299578932035478,0.7085345604607739,0.27216586060719067
25858,GOF,0.010092171822409571,0.7337240025557086,0.2561838256218818
25859,GOF,0.007456414488032931,0.7183935298515788,0.2741500556603883
25860,GOF,0.06688465574753165,0.8094273238315344,0.12368802042093408
25861,GOF,0.09864761608705688,0.8124386106817882,0.08891377323115504
25862,GOF,0.024293671567496494,0.8810780669494893,0.09462826148301406
25863,GOF,0.021917808721915295,0.8789335438372265,0.09914864744085804
25864,GOF,0.060890659284523745,0.8746129320679702,0.06449640864750593
25865,GOF,0.048528865566021075,0.855635400042941,0.09583573439103796
25866,GOF,0.023113996497745145,0.8815992151076857,0.09528678839456924
25867,GOF,0.04069820863584825,0.8788158325568173,0.0804859588073344
25868,GOF,0.06201710391344018,0.8308215749627405,0.10716132112381946
25869,GOF,0.32115757138215056,0.5898659511160519,0.08897647750179753
25870,GOF,0.05881046080421923,0.6128412696329185,0.32834826956286234
25871,GOF,0.01118550582586692,0.867786825242798,0.12102766893133494
25872,GOF,0.022583789733203064,0.8517619596251574,0.1256542506416396
25873,GOF,0.02123450486358397,0.8783184990469997,0.1004469960894164
25874,LOF,0.01576820098352906,0.20187815624503128,0.7823536427714397
25875,LOF,0.0356958003998401,0.06447346027365033,0.8998307393265096
25876,LOF,0.020736394169540893,0.04780768808482753,0.9314559177456315
25877,LOF,0.09961461810128608,0.08954238512023319,0.8108429967784807
25878,LOF,0.0812860361106064,0.14447992303321774,0.7742340408561759
25879,LOF,0.015473619287030758,0.10130168774149989,0.8832246929714694
25880,LOF,0.0660954685479483,0.016905553084056765,0.9169989783679949
25881,Neutral,0.5419236735678393,0.06668444351010828,0.3913918829220524
25882,LOF,0.06912578642661746,0.024197633550062967,0.9066765800233196
25883,LOF,0.029103154734734567,0.02771537550201422,0.9431814697632511
25884,LOF,0.0205825481793989,0.04160412599661535,0.9378133258239858
25885,LOF,0.19572080304140085,0.011337490588956145,0.7929417063696431
25886,LOF,0.273810665574044,0.05378843335839682,0.6724009010675591
25887,LOF,0.12176085307226307,0.08849492717566396,0.7897442197520729
25888,LOF,0.008275129006923352,0.12554961311408772,0.8661752578789889
25889,LOF,0.027754927555620024,0.03671368104092439,0.9355313914034556
25890,LOF,0.1942855849778426,0.06381787542323782,0.7418965395989195
25891,LOF,0.13488748376388926,0.026698598832067693,0.838413917404043
25892,LOF,0.011364583854556035,0.03633605742644589,0.9522993587189981
25893,LOF,0.4216863988528943,0.010079581570603268,0.5682340195765024
25894,LOF,0.39384936313215313,0.007175521593388845,0.5989751152744579
25895,LOF,0.3415805434983974,0.015130748117137346,0.6432887083844653
25896,LOF,0.07110447402579281,0.032507419991886534,0.8963881059823207
25897,LOF,0.12026410803541404,0.011153171504869943,0.8685827204597161
25898,LOF,0.1520028814157418,0.03521941879083845,0.8127776997934197
25899,LOF,0.4486069445282415,0.032787306828240485,0.518605748643518
25900,Neutral,0.49957117064208634,0.008805771481047485,0.4916230578768661
25901,LOF,0.06819221235641049,0.011711466633238526,0.920096321010351
25902,LOF,0.1862033604143425,0.013263012796621796,0.8005336267890357
25903,LOF,0.33026214937930415,0.026914512399573303,0.6428233382211225
25904,Neutral,0.5182323808521568,0.04536608811174695,0.43640153103609625
25905,LOF,0.006260840717733886,0.40436732949092585,0.5893718297913402
25906,LOF,0.008498489938451044,0.07764210946717293,0.913859400594376
25907,LOF,0.008275776192474271,0.28639999598693416,0.7053242278205916
25908,LOF,0.008226257487184094,0.27277450301166384,0.7189992395011521
25909,LOF,0.027628061867470778,0.1115877686504228,0.8607841694821065
25910,LOF,0.013391114950623619,0.1501153753720108,0.8364935096773656
25911,LOF,0.20133979570036237,0.024966279202240534,0.773693925097397
25912,LOF,0.09828621697846228,0.02149990253147856,0.8802138804900591
25913,LOF,0.02261466165159605,0.031874616313994124,0.9455107220344099
25914,LOF,0.03634568546831486,0.02406624491271934,0.9395880696189658
25915,LOF,0.18077082776474018,0.11150688395978696,0.7077222882754729
25916,LOF,0.023223982912856544,0.054368841947080374,0.9224071751400631
25917,LOF,0.08026519156828915,0.025657524157758443,0.8940772842739524
25918,LOF,0.03934840771325448,0.012606825811633863,0.9480447664751117
25919,LOF,0.03509188259472235,0.012642666337425503,0.9522654510678521
25920,LOF,0.35570958578116046,0.277483990454897,0.3668064237639425
25921,LOF,0.01579548021562961,0.020075885503810443,0.9641286342805598
25922,LOF,0.017846978093109277,0.021337302524812012,0.9608157193820788
25923,LOF,0.45348030361701713,0.015936223079068834,0.5305834733039141
25924,LOF,0.024292723310324966,0.026189893055276744,0.9495173836343983
25925,LOF,0.09254348465236528,0.029544399976969393,0.8779121153706653
25926,LOF,0.0816412501713191,0.020029235421129644,0.8983295144075514
25927,LOF,0.024014772065455398,0.05019276161006229,0.9257924663244824
25928,LOF,0.011773716293856389,0.029113594258546448,0.9591126894475971
25929,Neutral,0.5805988645300275,0.015279301639485314,0.4041218338304872
25930,LOF,0.08722892600590042,0.015866054321283452,0.8969050196728161
25931,LOF,0.015457339112779587,0.017709172386609247,0.9668334885006111
25932,LOF,0.06826506457552296,0.017843064305691162,0.9138918711187859
25933,LOF,0.06778751966841319,0.011069950431088226,0.9211425299004985
25934,LOF,0.06581343284916692,0.009055586558024497,0.9251309805928086
25935,LOF,0.08713679621194333,0.028008261146628067,0.8848549426414286
25936,LOF,0.12104356550070129,0.009870389173663934,0.8690860453256347
25937,LOF,0.021102433835306852,0.01585055848820754,0.9630470076764857
25938,LOF,0.09133250984010945,0.025652337713557554,0.8830151524463329
25939,LOF,0.05533540052645649,0.014017273875158245,0.9306473255983851
25940,LOF,0.008179922818579245,0.4509654510734086,0.5408546261080122
25941,LOF,0.424008330576801,0.04071196872096914,0.53527970070223
25942,LOF,0.010408138041487347,0.04904986539116351,0.9405419965673492
25943,LOF,0.04343877085635583,0.1557571952111072,0.800804033932537
25944,LOF,0.03295265163368569,0.07273351846340469,0.8943138299029095
25945,LOF,0.12623347417686917,0.02567126085060849,0.8480952649725223
25946,LOF,0.07225785942592862,0.03738815904931565,0.8903539815247558
25947,Neutral,0.4998817313690637,0.0803764623700428,0.4197418062608935
25948,LOF,0.4152462920913663,0.016141292376111414,0.5686124155325223
25949,LOF,0.17871395484770777,0.08468392598720846,0.7366021191650837
25950,GOF,0.09160896660068128,0.5570130537023101,0.3513779796970086
25951,LOF,0.021689680471089556,0.4332558763297833,0.5450544431991272
25952,LOF,0.19967979976658848,0.23494605190805212,0.5653741483253594
25953,LOF,0.00807379906731004,0.2913529680112707,0.7005732329214193
25954,LOF,0.08588726795832598,0.4458280537701438,0.46828467827153025
25955,LOF,0.008467989384755995,0.23087581633798476,0.7606561942772592
25956,LOF,0.01814422757024699,0.3342076539759588,0.6476481184537942
25957,LOF,0.14758313234743345,0.04201668670059783,0.8104001809519688
25958,LOF,0.029828554152041633,0.0606287055077083,0.9095427403402501
25959,GOF,0.007438527739733486,0.7495652307482701,0.24299624151199642
25960,LOF,0.00435738126909372,0.14455293556481932,0.851089683166087
25961,LOF,0.026831462675930853,0.04678793751798985,0.9263805998060792
25962,LOF,0.040879136084721296,0.09605012160920719,0.8630707423060716
25963,LOF,0.006496250564693995,0.16187439172903306,0.831629357706273
25964,LOF,0.028412242063817816,0.15349755190859873,0.8180902060275835
25965,LOF,0.24479332783677857,0.15151091333572098,0.6036957588275005
25966,LOF,0.3323781698218241,0.10304899861190776,0.564572831566268
25967,LOF,0.006353303833057136,0.07979956599347841,0.9138471301734645
25968,LOF,0.03989687440914532,0.2399952737954492,0.7201078517954055
25969,LOF,0.14643873144677774,0.06465523012714099,0.7889060384260813
25970,LOF,0.062327470445963644,0.0653705165881498,0.8723020129658865
25971,LOF,0.07839558490042084,0.028595574036879623,0.8930088410626996
25972,LOF,0.07572992972450947,0.05434755164340781,0.8699225186320827
25973,LOF,0.06718075282777357,0.012608683371918858,0.9202105638003075
25974,LOF,0.04661966935093951,0.0405026639503819,0.9128776666986786
25975,LOF,0.042117810229369904,0.020794423702840938,0.9370877660677891
25976,LOF,0.08846590297954132,0.012893799730238506,0.8986402972902202
25977,LOF,0.25464796362630904,0.05665886890595944,0.6886931674677315
25978,LOF,0.16768937606687218,0.13313564243197987,0.699174981501148
25979,LOF,0.14043662978690308,0.151470985435793,0.708092384777304
25980,LOF,0.20653775874957161,0.20504228825290768,0.5884199529975207
25981,LOF,0.2074214809362688,0.20789981319068632,0.5846787058730448
25982,LOF,0.3696731411373629,0.11432425089841987,0.5160026079642173
25983,LOF,0.4390261790005813,0.11709690498441538,0.4438769160150033
25984,LOF,0.05409438985804872,0.08969971337297003,0.8562058967689813
25985,Neutral,0.4956646286457111,0.14046254216397894,0.36387282919030994
25986,GOF,0.01301643879263863,0.4950526989834709,0.49193086222389054
25987,LOF,0.039940824494588134,0.09737305782422159,0.8626861176811903
25988,LOF,0.045642798387102425,0.1350168837284636,0.819340317884434
25989,LOF,0.05727341363156318,0.19963873338157676,0.7430878529868601
25990,LOF,0.04746191734009857,0.31875134719442805,0.6337867354654733
25991,LOF,0.025249979867199825,0.4420832430121772,0.5326667771206229
25992,LOF,0.017792645065954082,0.41884884723082855,0.5633585077032174
25993,LOF,0.02730205089527602,0.0583793127790475,0.9143186363256764
25994,LOF,0.025064883975810616,0.06251978828714984,0.9124153277370396
25995,LOF,0.02004062433755995,0.1150259737894204,0.8649334018730196
25996,GOF,0.35522293743109384,0.4007651065535051,0.2440119560154011
25997,LOF,0.05896007710412778,0.4484085703456131,0.492631352550259
25998,LOF,0.2324343943089324,0.04583646474944421,0.7217291409416235
25999,LOF,0.03838405342689514,0.1238367839317158,0.8377791626413891
26000,LOF,0.14282528383353005,0.013781028669681766,0.8433936874967882
26001,LOF,0.21038606265794751,0.019906035236986457,0.769707902105066
26002,LOF,0.1203925217739808,0.02516525253544813,0.8544422256905712
26003,GOF,0.005320192986564323,0.6138697786668793,0.38081002834655636
26004,GOF,0.010211788541323378,0.6014742049508072,0.38831400650786946
26005,GOF,0.004077014003788734,0.4983711705312259,0.4975518154649853
26006,GOF,0.08189433323526085,0.5468362210769521,0.37126944568778697
26007,GOF,0.0075544356784449955,0.5090006583310429,0.48344490599051215
26008,GOF,0.005090270674351482,0.5610581859848851,0.43385154334076337
26009,GOF,0.008923955698372578,0.6196924302751972,0.3713836140264301
26010,GOF,0.007280165069782699,0.5573898142550628,0.4353300206751545
26011,LOF,0.0039640193738064424,0.4211286859648032,0.5749072946613905
26012,GOF,0.005087081896907245,0.5543289270080796,0.44058399109501317
26013,GOF,0.009823703779360765,0.5665168196853023,0.423659476535337
26014,LOF,0.055074420904120104,0.07135130731215311,0.8735742717837268
26015,LOF,0.36766142931109086,0.021453222480064225,0.610885348208845
26016,LOF,0.3031469449914605,0.031887287542424037,0.6649657674661155
26017,LOF,0.014406319935549606,0.1560761444847033,0.8295175355797472
26018,LOF,0.02650317345202753,0.07401715255352913,0.8994796739944433
26019,LOF,0.025803262430148435,0.06830787020126369,0.905888867368588
26020,LOF,0.007503521633354089,0.16929923386865703,0.8231972444979889
26021,LOF,0.07237155232070777,0.07330021126398084,0.8543282364153113
26022,LOF,0.0373957696002165,0.033406535672779965,0.9291976947270035
26023,LOF,0.02285647480167351,0.048417887656403306,0.9287256375419232
26024,LOF,0.04335078278943817,0.05548786718136318,0.9011613500291987
26025,LOF,0.1206766080376309,0.058750227929047084,0.8205731640333219
26026,LOF,0.1032716461856176,0.04221422978206996,0.8545141240323123
26027,LOF,0.027083896927934326,0.028578952003846095,0.9443371510682196
26028,LOF,0.061691967067171845,0.17664122767603893,0.7616668052567892
26029,LOF,0.021667850971928047,0.15688420841008974,0.8214479406179822
26030,LOF,0.1291246192502388,0.02240866797170688,0.8484667127780544
26031,LOF,0.010580428077367825,0.14296058808434403,0.8464589838382881
26032,LOF,0.03251784779563348,0.04292245232579869,0.9245596998785679
26033,LOF,0.0382769426080297,0.041371957210736686,0.9203511001812337
26034,LOF,0.014349040018563379,0.10642911943111005,0.8792218405503265
26035,LOF,0.009910583614255494,0.10433790021693284,0.8857515161688116
26036,LOF,0.0095004367613575,0.08670313713568895,0.9037964261029536
26037,LOF,0.00898488693804324,0.09445897142519616,0.8965561416367607
26038,LOF,0.02807676080682744,0.03898513943991563,0.9329380997532569
26039,LOF,0.025918395725930042,0.12899109556060154,0.8450905087134685
26040,LOF,0.07450088018219224,0.11676583051257255,0.8087332893052351
26041,LOF,0.010375480880551591,0.09196804788464212,0.8976564712348063
26042,LOF,0.009819030827768638,0.09715539931825012,0.8930255698539813
26043,LOF,0.0277800219085115,0.06137188235360892,0.9108480957378795
26044,LOF,0.006642553315293637,0.0437671015287775,0.9495903451559288
26045,LOF,0.05584346616819104,0.13676997686497946,0.8073865569668295
26046,LOF,0.024803310816906645,0.04366488759081205,0.9315318015922813
26047,LOF,0.050281242355845905,0.04320791090907287,0.9065108467350813
26048,LOF,0.0834636365904907,0.017200337128810545,0.8993360262806988
26049,Neutral,0.9410546122093768,0.005282654097331694,0.05366273369329149
26050,Neutral,0.9035785884872265,0.005973046639187354,0.09044836487358622
26051,LOF,0.02722140888116815,0.07246325338332875,0.9003153377355031
26052,LOF,0.02975968351896361,0.058858016892622246,0.9113822995884142
26053,LOF,0.02001967822680139,0.1559687011549535,0.8240116206182452
26054,LOF,0.04840851594965924,0.04423432260530827,0.9073571614450324
26055,LOF,0.0675157608180585,0.03787026284731073,0.8946139763346308
26056,LOF,0.05675088335581897,0.050822776196457226,0.8924263404477238
26057,LOF,0.05193291010104361,0.02183304629067156,0.9262340436082848
26058,LOF,0.05568840298165537,0.017692886452093822,0.9266187105662507
26059,LOF,0.21260146393525686,0.03445757959868901,0.7529409564660541
26060,LOF,0.014528354303547398,0.16485575948662384,0.8206158862098287
26061,LOF,0.010734647542038534,0.01562734673786276,0.9736380057200987
26062,LOF,0.005413442634381013,0.021615915820044483,0.9729706415455744
26063,LOF,0.039321031721803894,0.015631317413246294,0.9450476508649498
26064,LOF,0.015439742684082628,0.02289235398828586,0.9616679033276315
26065,LOF,0.04917301528186242,0.021510905595753103,0.9293160791223845
26066,LOF,0.03735400117543541,0.01481610281201041,0.9478298960125543
26067,LOF,0.04295773286367409,0.014659927296289002,0.9423823398400368
26068,LOF,0.050209739031225824,0.042119017887533944,0.9076712430812401
26069,LOF,0.21294766371741294,0.03091527734713896,0.756137058935448
26070,LOF,0.441457007180483,0.021567539281223787,0.5369754535382932
26071,LOF,0.043775168207633434,0.017299296452382245,0.9389255353399844
26072,LOF,0.0065125993089952495,0.02393824181667527,0.9695491588743295
26073,LOF,0.03817731683731519,0.019561648038900713,0.942261035123784
26074,Neutral,0.7906716195536053,0.01478839211370171,0.19453998833269295
26075,LOF,0.04621720130520676,0.03458725026487716,0.919195548429916
26076,LOF,0.04703886906756365,0.0157988142262845,0.9371623167061518
26077,LOF,0.12778250322521492,0.011891977769708455,0.8603255190050766
26078,LOF,0.005830612585794327,0.024134219954005276,0.9700351674602005
26079,LOF,0.05594535001564496,0.02872370696300053,0.9153309430213545
26080,LOF,0.054809500751991105,0.028762649137319393,0.9164278501106896
26081,LOF,0.03384518414393169,0.014021326755222874,0.9521334891008454
26082,LOF,0.005888682296241214,0.02241047874756348,0.9717008389561954
26083,LOF,0.10133036436920957,0.028227829026217854,0.8704418066045726
26084,LOF,0.10214100190789255,0.026325710726037,0.8715332873660704
26085,LOF,0.09205905270786743,0.021117837765219857,0.8868231095269127
26086,LOF,0.03515836063708008,0.019406683388114774,0.9454349559748052
26087,LOF,0.03478884535754008,0.01744914966594368,0.9477620049765162
26088,LOF,0.005700912953512065,0.03614113339178744,0.9581579536547006
26089,LOF,0.03945979793238815,0.04374403719942001,0.9167961648681918
26090,LOF,0.0401142482999216,0.0337036288071357,0.9261821228929427
26091,LOF,0.026107502056186553,0.012309570094529428,0.961582927849284
26092,LOF,0.04476518590993327,0.013659841820493101,0.9415749722695735
26093,LOF,0.07983660268274373,0.009214914443577913,0.9109484828736784
26094,LOF,0.030668755302814377,0.011162689758041099,0.9581685549391444
26095,LOF,0.018759604111657963,0.026668518397461476,0.9545718774908806
26096,LOF,0.231260415163131,0.006591223011750817,0.7621483618251181
26097,LOF,0.00586612644232945,0.06252773173974002,0.9316061418179304
26098,LOF,0.09190239812203069,0.028471918331221518,0.8796256835467477
26099,LOF,0.03656242182267008,0.027934622445812993,0.9355029557315169
26100,LOF,0.03655078654604672,0.02795236383393023,0.935496849620023
26101,LOF,0.0565352910095402,0.0481770769799047,0.8952876320105552
26102,LOF,0.03202664824724701,0.025657835482474196,0.9423155162702789
26103,Neutral,0.8915221069039231,0.03176249029752572,0.07671540279855127
26104,LOF,0.05247511745994489,0.04791493523489158,0.8996099473051636
26105,LOF,0.24526038351146587,0.1071030338276011,0.647636582660933
26106,LOF,0.3494808775011995,0.05106448141223674,0.5994546410865638
26107,LOF,0.01855725090136563,0.07241234665920301,0.9090304024394313
26108,LOF,0.2206118482329189,0.0461603536887996,0.7332277980782815
26109,LOF,0.07417108959563579,0.03650110912203569,0.8893278012823286
26110,LOF,0.39546326648046726,0.013966126598857357,0.5905706069206753
26111,LOF,0.05092629278159602,0.12395727076637392,0.8251164364520301
26112,LOF,0.049383139364366994,0.013717043091075545,0.9368998175445575
26113,LOF,0.10336223426376508,0.037767487384626874,0.8588702783516081
26114,LOF,0.09151957920577142,0.007028573370274586,0.9014518474239539
26115,LOF,0.019917397741941914,0.0439556053437592,0.9361269969142989
26116,LOF,0.0820568256379175,0.0203943544709131,0.8975488198911694
26117,LOF,0.33920863313302163,0.053898389182887696,0.6068929776840907
26118,LOF,0.054552484877344744,0.024016852405937417,0.9214306627167178
26119,LOF,0.006418059890721559,0.10111376711739667,0.8924681729918817
26120,LOF,0.03718156654432068,0.022792108587967402,0.9400263248677119
26121,LOF,0.003731286726601552,0.1648482626540301,0.8314204506193684
