feature0,prediction,LoGoFunc_Neutral,LoGoFunc_GOF,LoGoFunc_LOF
25546,Neutral,0.7544534662264071,0.0322100283400487,0.21333650543354418
25547,Neutral,0.5976445111124967,0.08030602541748846,0.3220494634700148
25548,Neutral,0.5829120387505001,0.058099975549008705,0.35898798570049123
25549,Neutral,0.4953205165045489,0.059447477689648504,0.4452320058058027
25550,LOF,0.3345570729675288,0.12306819061895785,0.5423747364135134
25551,LOF,0.2799386631181648,0.13370251607127895,0.5863588208105562
25552,LOF,0.20338932191256065,0.12406168262399817,0.6725489954634413
25553,Neutral,0.8266959390520912,0.03583989947470287,0.137464161473206
25554,LOF,0.23055269208023244,0.11769079684286506,0.6517565110769025
25555,LOF,0.19228145243824832,0.0984446108795851,0.7092739366821667
25556,LOF,0.39560676545924195,0.10038590930932158,0.5040073252314364
25557,LOF,0.18311675746115108,0.10838162672032521,0.7085016158185238
25558,LOF,0.21755362321295912,0.12059029790782265,0.6618560788792183
25559,LOF,0.37370047254065586,0.08865283080565378,0.5376466966536902
25560,LOF,0.05104526726822367,0.17950010971716096,0.7694546230146154
25561,LOF,0.09669795021215633,0.20470414598457162,0.698597903803272
25562,LOF,0.1051789458146355,0.08034921730143596,0.8144718368839285
25563,LOF,0.09587554040448855,0.0889535036105816,0.8151709559849298
25564,LOF,0.19361011874390316,0.15355716524090623,0.6528327160151906
25565,LOF,0.16484897420442188,0.12111104367661321,0.7140399821189649
25566,GOF,0.01382644230584113,0.7279994666837224,0.2581740910104365
25567,LOF,0.012404933626736158,0.1579377880208146,0.8296572783524492
25568,LOF,0.05165605913129239,0.07140444454601863,0.876939496322689
25569,LOF,0.06389693749775356,0.07462286672066186,0.8614801957815845
25570,LOF,0.06005860778254875,0.1057348510737166,0.8342065411437346
25571,LOF,0.05344393186010924,0.0995465241345581,0.8470095440053328
25572,LOF,0.06652275060514513,0.13376436316088997,0.7997128862339649
25573,LOF,0.025978214410421516,0.1025436638469619,0.8714781217426166
25574,LOF,0.014947276755100821,0.17354096894603274,0.8115117542988665
25575,LOF,0.04263376564635294,0.1177727284764188,0.8395935058772283
25576,LOF,0.01746003277437645,0.12621852599889094,0.8563214412267327
25577,LOF,0.013277465970402427,0.13553698925020108,0.8511855447793963
25578,LOF,0.22933477090899193,0.09728816822928421,0.6733770608617238
25579,LOF,0.22971425598531192,0.0966078034583846,0.6736779405563034
25580,LOF,0.030952401507802964,0.08237871184902429,0.8866688866431728
25581,LOF,0.05670428113832644,0.07796958716543854,0.8653261316962351
25582,LOF,0.0563481930117704,0.07531254838839554,0.8683392585998341
25583,LOF,0.03880092410409643,0.09714551321678101,0.8640535626791225
25584,Neutral,0.4566372515095288,0.11495311721668086,0.4284096312737902
25585,LOF,0.035697127132611826,0.10933642709341587,0.8549664457739723
25586,LOF,0.030717535250194078,0.08769886805556308,0.8815835966942428
25587,LOF,0.029177874958418986,0.08073415392483259,0.8900879711167484
25588,LOF,0.029693967526285933,0.10784879342623288,0.8624572390474812
25589,Neutral,0.5922950418376846,0.141855469856871,0.26584948830544447
25590,LOF,0.02653369575699922,0.13296364533514737,0.8405026589078534
25591,LOF,0.11117214447172048,0.06755909369664544,0.821268761831634
25592,LOF,0.0836831935953662,0.14848972313982414,0.7678270832648096
25593,LOF,0.019620477996466098,0.28107281297316106,0.6993067090303727
25594,LOF,0.036556125405225105,0.21769285807967856,0.7457510165150963
25595,LOF,0.05016876596803696,0.17947348175890954,0.7703577522730535
25596,LOF,0.0537885845387667,0.10522264724945879,0.8409887682117745
25597,LOF,0.04655590493138211,0.0928185041647603,0.8606255909038575
25598,LOF,0.04707831577561537,0.20264384455057394,0.7502778396738107
25599,GOF,0.009605240815208986,0.794010452681443,0.19638430650334812
25600,GOF,0.011587039446731158,0.5770598139765876,0.41135314657668126
25601,LOF,0.007461766323835218,0.4950629463067401,0.49747528736942465
25602,LOF,0.0236778506814138,0.050055801196060415,0.9262663481225257
25603,LOF,0.05043487260014246,0.04002386338935112,0.9095412640105064
25604,LOF,0.048454143113684144,0.04502097784135938,0.9065248790449565
25605,LOF,0.010948242126365153,0.24762595367847,0.7414258041951648
25606,GOF,0.10229120093295044,0.4614299148398252,0.43627888422722444
25607,LOF,0.006051382471688209,0.17271447314935073,0.821234144378961
25608,LOF,0.06679686963896157,0.05330773012737269,0.8798954002336657
25609,LOF,0.0488128033203829,0.34922082686382233,0.6019663698157948
25610,LOF,0.03971439560249486,0.032561130614141856,0.9277244737833632
25611,LOF,0.040908213787918465,0.03133114914505179,0.9277606370670298
25612,LOF,0.104574694922688,0.055290092410153015,0.8401352126671591
25613,LOF,0.09124141001227093,0.05314779253109879,0.8556107974566303
25614,LOF,0.028685981943436162,0.04629104117230506,0.9250229768842588
25615,LOF,0.053068135179529144,0.04014414077391471,0.9067877240465562
25616,LOF,0.03147227353376614,0.03942243365889694,0.929105292807337
25617,LOF,0.030957993861658265,0.046633541104368216,0.9224084650339736
25618,LOF,0.1740832620349599,0.04436604165778254,0.7815506963072575
25619,LOF,0.029747015330910214,0.0386429358009683,0.9316100488681214
25620,LOF,0.033572201415656394,0.04982343612745677,0.9166043624568868
25621,LOF,0.028904063010742723,0.03781763798879052,0.9332782990004667
25622,LOF,0.03273342098246494,0.05209287433939607,0.915173704678139
25623,LOF,0.06391582958636158,0.036434285461376656,0.8996498849522618
25624,LOF,0.026875872740637567,0.046975737962193474,0.926148389297169
25625,LOF,0.03416878465445461,0.05247187121800967,0.9133593441275357
25626,LOF,0.07755746100494207,0.03991951328044586,0.8825230257146122
25627,Neutral,0.5401067064817358,0.15741507526626436,0.30247821825199983
25628,LOF,0.15988424240274884,0.07766793824140096,0.7624478193558503
25629,LOF,0.066215978365087,0.13746577798393778,0.7963182436509753
25630,LOF,0.15993750488184488,0.1268575009194723,0.7132049941986828
25631,Neutral,0.5656867623819586,0.10472087677672513,0.32959236084131627
25632,LOF,0.024383284638598613,0.07353683700061518,0.9020798783607862
25633,LOF,0.2184696306710793,0.07828005227068084,0.7032503170582398
25634,LOF,0.035913803654350075,0.09831666539756566,0.8657695309480843
25635,LOF,0.03252340071271064,0.083462511854266,0.8840140874330233
25636,GOF,0.004578117337991555,0.5643173565032716,0.4311045261587369
25637,LOF,0.005049543474288441,0.48940861457341756,0.5055418419522941
25638,LOF,0.008372362363175321,0.4147411899125519,0.5768864477242728
25639,LOF,0.004471085800391232,0.384029939490102,0.6114989747095068
25640,GOF,0.45818293542235367,0.49802347097937827,0.04379359359826805
25641,LOF,0.0059418396604504955,0.3987858621022103,0.5952722982373392
25642,LOF,0.2394898596334419,0.09126112852537085,0.6692490118411872
25643,LOF,0.21154110539251986,0.29365290741143096,0.49480598719604907
25644,LOF,0.021604530499751858,0.4713562005493714,0.5070392689508767
25645,LOF,0.02663782195343355,0.4010146501466161,0.5723475278999505
25646,LOF,0.018261229926289528,0.25764216902603077,0.7240966010476797
25647,LOF,0.019529975803285506,0.20871350070435146,0.7717565234923631
25648,LOF,0.015919478424756505,0.2188066161056344,0.7652739054696092
25649,LOF,0.014346482868957853,0.1656566343784432,0.8199968827525991
25650,LOF,0.035962860690942226,0.4546784317240418,0.509358707585016
25651,LOF,0.011487302019938892,0.21294176450521063,0.7755709334748505
25652,LOF,0.018825207220243768,0.2016880210431758,0.7794867717365804
25653,LOF,0.07927781150384852,0.3380059090851338,0.5827162794110177
25654,LOF,0.015058066678623767,0.1739972375434865,0.8109446957778897
25655,LOF,0.1015753666477556,0.25632106154270035,0.6421035718095441
25656,LOF,0.05719183794413489,0.05362522240932726,0.8891829396465379
25657,LOF,0.25664605028854454,0.02939784896213266,0.7139561007493229
25658,LOF,0.03627187974181105,0.08340643864495646,0.8803216816132324
25659,LOF,0.2500860468345369,0.05241677051157801,0.6974971826538852
25660,LOF,0.07398293502868072,0.10807402395404622,0.8179430410172731
25661,LOF,0.05369859744533678,0.07639355526325753,0.8699078472914058
25662,LOF,0.028051788805290134,0.04766333599528051,0.9242848751994295
25663,LOF,0.03857937289849339,0.07666697742482784,0.8847536496766788
25664,LOF,0.03495369860249379,0.09440423081687048,0.8706420705806357
25665,LOF,0.049333871945735144,0.048026262604798683,0.9026398654494661
25666,LOF,0.03424649233733267,0.145430662568942,0.8203228450937253
25667,LOF,0.02840672238818038,0.06152379157199407,0.9100694860398255
25668,LOF,0.03501649284701911,0.06443378154790073,0.9005497256050802
25669,LOF,0.04147868172576138,0.09819669353061125,0.8603246247436273
25670,LOF,0.14803479987548604,0.07739342341785127,0.7745717767066627
25671,LOF,0.03512098244631225,0.055264290820254774,0.9096147267334329
25672,LOF,0.05767094285762167,0.08032060270881052,0.8620084544335678
25673,LOF,0.038666903146621884,0.07029459242015665,0.8910385044332214
25674,LOF,0.029216544799869213,0.08285390428937332,0.8879295509107575
25675,LOF,0.03807526985941767,0.06421647600705403,0.8977082541335283
25676,LOF,0.02902560777614652,0.06910064566135715,0.9018737465624962
25677,LOF,0.059628507821039324,0.06736843685987118,0.8730030553190895
25678,LOF,0.23496871064657487,0.05090983173852306,0.714121457614902
25679,LOF,0.14620737336387019,0.07767203646200266,0.7761205901741273
25680,LOF,0.06252941817192507,0.10460436786671823,0.8328662139613566
25681,LOF,0.10979459140886093,0.09570890605338123,0.7944965025377579
25682,LOF,0.038754681423001994,0.08248432872407342,0.8787609898529246
25683,LOF,0.06245797301697742,0.10515562790482,0.8323863990782027
25684,LOF,0.05081849800776523,0.07779678242685699,0.8713847195653778
25685,LOF,0.11740995691756645,0.036938396261213036,0.8456516468212206
25686,LOF,0.029884370911588132,0.0822022327966919,0.88791339629172
25687,LOF,0.06126142652188214,0.0748398614770232,0.8638987120010947
25688,LOF,0.026427036670055724,0.13996044066850244,0.8336125226614418
25689,LOF,0.01760961119664995,0.08195312904664113,0.900437259756709
25690,LOF,0.02017279475773371,0.09918241922377932,0.8806447860184871
25691,LOF,0.18545853442776228,0.1480737528440714,0.6664677127281663
25692,LOF,0.22008602734052474,0.02110372874706152,0.7588102439124138
25693,LOF,0.04517211963173658,0.16975073710589536,0.785077143262368
25694,LOF,0.2576252100765278,0.01309243722902255,0.7292823526944496
25695,LOF,0.18034226592627806,0.020036736719557212,0.7996209973541647
25696,LOF,0.1549906961398024,0.010090826776499017,0.8349184770836986
25697,LOF,0.12862227670549656,0.034147611723440136,0.8372301115710633
25698,LOF,0.027505681995441598,0.326801805862536,0.6456925121420225
25699,LOF,0.08293416553895767,0.10200887937900277,0.8150569550820395
25700,LOF,0.030186386381406798,0.016318270225269077,0.9534953433933241
25701,LOF,0.014401713919561276,0.1010724002908563,0.8845258857895825
25702,GOF,0.027760188808642925,0.7453536682921232,0.22688614289923387
25703,LOF,0.014660145387557512,0.21347442373066655,0.7718654308817761
25704,LOF,0.08398042565264896,0.18095986817953472,0.7350597061678162
25705,LOF,0.06665537051472917,0.2808362223956428,0.6525084070896279
25706,GOF,0.02995128051944601,0.5773055280097779,0.39274319147077613
25707,GOF,0.02423728839879247,0.5969774216368638,0.3787852899643437
25708,GOF,0.006178878240935548,0.594225727808975,0.3995953939500894
25709,LOF,0.018716928164642935,0.09849937049593042,0.8827837013394266
25710,LOF,0.00626297700588431,0.2233956532176046,0.770341369776511
25711,LOF,0.02164702739642438,0.14376482095817,0.8345881516454056
25712,LOF,0.006986557641724059,0.26736030314267656,0.7256531392155994
25713,LOF,0.01960297935494831,0.13518909773234597,0.8452079229127056
25714,LOF,0.021489307870885797,0.17877591552643016,0.7997347766026841
25715,LOF,0.02151279459793485,0.15726718383720137,0.8212200215648638
25716,LOF,0.010291549121572452,0.14348493366954707,0.8462235172088806
25717,LOF,0.005245441437242043,0.1502695232844649,0.844485035278293
25718,LOF,0.01979165657906498,0.10890781411217086,0.8713005293087641
25719,LOF,0.03373549037492005,0.12379647782515683,0.8424680317999231
25720,LOF,0.02943448498405228,0.1203321022627364,0.8502334127532113
25721,LOF,0.02393918437641362,0.12121887220852813,0.8548419434150583
25722,LOF,0.015771706844474702,0.16097969249026875,0.8232486006652565
25723,LOF,0.02182813277040112,0.10767238956570688,0.870499477663892
25724,LOF,0.026001716991125304,0.17873223367376678,0.7952660493351078
25725,LOF,0.020863964046577532,0.10285822324455514,0.8762778127088674
25726,LOF,0.015647420520506522,0.13064888749588136,0.8537036919836122
25727,LOF,0.0209690046738568,0.12339188876819736,0.8556391065579458
25728,LOF,0.02082770135110912,0.13442863382627945,0.8447436648226114
25729,LOF,0.019993781179123586,0.14035757274540034,0.8396486460754762
25730,LOF,0.02277716680322782,0.10291084801754616,0.8743119851792261
25731,LOF,0.008667335783725671,0.2054143617307414,0.7859183024855328
25732,LOF,0.018684110745230673,0.11915179558735525,0.8621640936674141
25733,LOF,0.028766280432419994,0.1175650368499008,0.8536686827176793
25734,LOF,0.006951316229187124,0.24833359624236132,0.7447150875284516
25735,LOF,0.021485123235871883,0.09833837277990719,0.8801765039842209
25736,LOF,0.019823881367552757,0.1512376412106051,0.8289384774218422
25737,LOF,0.03990432778614281,0.14794744338920177,0.8121482288246554
25738,LOF,0.021006703455731697,0.17996727289897016,0.7990260236452982
25739,LOF,0.023134691205490426,0.16593021281431766,0.8109350959801919
25740,LOF,0.050865013410488706,0.1792280448180438,0.7699069417714676
25741,LOF,0.026443833108309257,0.14971919362596423,0.8238369732657266
25742,LOF,0.04337473002487893,0.15487224824652773,0.8017530217285934
25743,LOF,0.009699816120232407,0.029941554939977758,0.9603586289397898
25744,LOF,0.17374318612363038,0.3208573357608051,0.5053994781155645
25745,LOF,0.027933886092244575,0.1086912657745468,0.8633748481332086
25746,LOF,0.012987753186984266,0.15365463506715013,0.8333576117458656
25747,LOF,0.03368817260438874,0.03178046882852639,0.9345313585670848
25748,LOF,0.2747341810583155,0.06035050407358895,0.6649153148680955
25749,LOF,0.011553846406463057,0.08698685561631055,0.9014592979772263
25750,LOF,0.016725268304603483,0.0859392121457301,0.8973355195496665
25751,LOF,0.04636352858303813,0.052338062343567165,0.9012984090733948
25752,GOF,0.07765416196278925,0.7077877937371061,0.21455804430010464
25753,LOF,0.006529192877826182,0.3351993464434677,0.6582714606787061
25754,GOF,0.00683444963838984,0.8570561891671084,0.13610936119450193
25755,LOF,0.006968102829202611,0.41062121233277943,0.582410684838018
25756,LOF,0.03057240223268572,0.4383914058107009,0.5310361919566133
25757,GOF,0.0063200519519223935,0.863807135625499,0.12987281242257845
25758,GOF,0.007583886741785731,0.8707612841595962,0.12165482909861797
25759,GOF,0.005375040454213467,0.5949544550299621,0.39967050451582437
25760,LOF,0.0052205073933718725,0.29965231182586166,0.6951271807807665
25761,GOF,0.054701318191215556,0.8550234795616306,0.09027520224715371
25762,LOF,0.02927596418360336,0.36945780954754304,0.6012662262688536
25763,LOF,0.006030428474138251,0.2525587598247064,0.7414108117011554
25764,GOF,0.059454608103277094,0.6158103316461608,0.3247350602505621
25765,GOF,0.00819555751368848,0.8461839790631858,0.14562046342312576
25766,GOF,0.04408727453830751,0.8181122674398306,0.13780045802186203
25767,GOF,0.014130011031618907,0.548584442658738,0.43728554630964317
25768,LOF,0.043859587340951224,0.06291173935736694,0.893228673301682
25769,LOF,0.024715149895063262,0.07690735888711442,0.8983774912178223
25770,LOF,0.13611178758521988,0.05761692471777787,0.8062712876970023
25771,LOF,0.012989782969166953,0.05327318708025598,0.9337370299505771
25772,LOF,0.025319225894829718,0.022999071746255574,0.9516817023589147
25773,LOF,0.02240797196738376,0.04602960756102612,0.9315624204715901
25774,LOF,0.030089489864786694,0.08614506516730888,0.8837654449679043
25775,LOF,0.022893183905902698,0.029671751828687868,0.9474350642654095
25776,LOF,0.026755642907731195,0.021229070788601992,0.9520152863036667
25777,LOF,0.1679541765566061,0.05412645290623663,0.7779193705371573
25778,LOF,0.019903308288563595,0.04650380799248053,0.933592883718956
25779,GOF,0.04086471917910817,0.8953009008640496,0.06383437995684223
25780,GOF,0.07313158758203711,0.8820381992010802,0.0448302132168827
25781,GOF,0.02973307949643024,0.8808991526926541,0.0893677678109157
25782,GOF,0.03281252303812418,0.9096381872057879,0.05754928975608789
25783,GOF,0.02925909564744764,0.927166781056463,0.043574123296089305
25784,GOF,0.0790674750757052,0.8745578563196817,0.04637466860461294
25785,GOF,0.09954261932514559,0.8655911597209428,0.034866220953911654
25786,GOF,0.009045519429525264,0.8945342806848622,0.09642019988561255
25787,GOF,0.19756682252463365,0.7576228782159531,0.04481029925941319
25788,LOF,0.015612503057491303,0.19230024575368632,0.7920872511888224
25789,GOF,0.015160949293549043,0.8606197659957142,0.12421928471073687
25790,GOF,0.022797146669612262,0.895302660221166,0.08190019310922174
25791,GOF,0.023014411171759577,0.7874422750501227,0.18954331377811767
25792,GOF,0.025950673365963454,0.8218194187041806,0.15222990792985594
25793,GOF,0.06300498264782231,0.8596368659449071,0.07735815140727069
25794,GOF,0.054803362394833896,0.7813055408426477,0.16389109676251845
25795,GOF,0.04753915104463998,0.7688086812069305,0.18365216774842955
25796,GOF,0.09590502669040216,0.824744784369066,0.07935018894053186
25797,GOF,0.07204719067845519,0.7563331492328332,0.17161966008871163
25798,GOF,0.006335997534400154,0.7892214008180475,0.20444260164755218
25799,GOF,0.003893470069450176,0.7169297910843846,0.27917673884616534
25800,GOF,0.02368449549783121,0.8343981725975559,0.14191733190461292
25801,GOF,0.01799742795162656,0.8993010450024584,0.08270152704591505
25802,GOF,0.025952717246008804,0.8416681285718912,0.13237915418210006
25803,GOF,0.01815825172645959,0.7435674915491397,0.2382742567244007
25804,GOF,0.02775291713705761,0.805279898469125,0.16696718439381747
25805,GOF,0.021984374496986463,0.8103246245108328,0.16769100099218065
25806,GOF,0.028731934783515073,0.8126983733793394,0.15856969183714548
25807,GOF,0.010226109004754264,0.7861191252196279,0.20365476577561797
25808,GOF,0.01731965616979456,0.7998951100300243,0.18278523380018105
25809,GOF,0.010225774653393865,0.755507551223312,0.23426667412329413
25810,GOF,0.008274743441353758,0.7454305841910057,0.24629467236764072
25811,GOF,0.04816207341233326,0.8820464231510626,0.06979150343660419
25812,GOF,0.03266377946873629,0.8010250848811634,0.16631113565010036
25813,GOF,0.138563833147736,0.7884679208184304,0.07296824603383359
25814,GOF,0.03330334652590999,0.7973344245678264,0.16936222890626362
25815,GOF,0.06638415987648866,0.8199151462980863,0.11370069382542507
25816,GOF,0.010877792766585268,0.8792093334551547,0.10991287377826002
25817,GOF,0.10361106483716519,0.794511429716437,0.10187750544639788
25818,GOF,0.02522132712930283,0.8137625149415985,0.16101615792909876
25819,GOF,0.059452632414126995,0.7467841302989362,0.19376323728693665
25820,GOF,0.037001531202243795,0.7231782017734043,0.2398202670243518
25821,GOF,0.025415145943885786,0.7476190875702111,0.22696576648590316
25822,GOF,0.04737186398898381,0.7555200986791539,0.19710803733186222
25823,GOF,0.024794995779621205,0.745706587827088,0.22949841639329097
25824,GOF,0.02411220185491248,0.7940808934634072,0.18180690468168043
25825,GOF,0.020049673264060094,0.781606664933689,0.19834366180225094
25826,GOF,0.009845031295930699,0.760137642294155,0.2300173264099142
25827,GOF,0.014641810021497798,0.7032924637500046,0.28206572622849757
25828,GOF,0.011376556402431105,0.7473905056788991,0.24123293791866973
25829,GOF,0.004245762060779791,0.7095873001971378,0.28616693774208257
25830,GOF,0.03553153814206981,0.500034177797423,0.46443428406050724
25831,GOF,0.05552541332921877,0.8249964230094334,0.11947816366134799
25832,GOF,0.0096417075418879,0.7850206190967692,0.2053376733613428
25833,GOF,0.030859624437454367,0.8305125228489186,0.13862785271362693
25834,GOF,0.009895653447767418,0.789069422715779,0.2010349238364537
25835,GOF,0.022186391421155367,0.8457647951042273,0.13204881347461722
25836,GOF,0.007578078270950529,0.792230814471876,0.20019110725717332
25837,GOF,0.009144257066735337,0.8042195650748705,0.18663617785839412
25838,GOF,0.021755248012554743,0.8466034711349582,0.13164128085248697
25839,GOF,0.058899568265613454,0.8199000188544936,0.12120041287989299
25840,GOF,0.08520616560567634,0.8132838296382392,0.10151000475608438
25841,GOF,0.08055036083062636,0.8369227751916405,0.08252686397773303
25842,GOF,0.026771070494398416,0.8919301859750214,0.08129874353058027
25843,GOF,0.026253254120408867,0.8934733707756026,0.08027337510398852
25844,GOF,0.01923397175441617,0.8437372970464997,0.13702873119908413
25845,GOF,0.006720543250494499,0.7741629090648593,0.2191165476846462
25846,GOF,0.0739169884017638,0.8373433427973757,0.08873966880086032
25847,GOF,0.016596787381950605,0.89393409060269,0.08946912201535943
25848,GOF,0.023675700342109064,0.8602032703832769,0.11612102927461383
25849,GOF,0.007568056830234161,0.8441922701480644,0.14823967302170143
25850,GOF,0.0067794211460723295,0.7673645829261385,0.22585599592778904
25851,GOF,0.006403324418322335,0.7219144099886036,0.2716822655930741
25852,GOF,0.14907236833172868,0.6022134523377289,0.2487141793305424
25853,GOF,0.07919452157617612,0.806003692145501,0.11480178627832263
25854,GOF,0.006450458316267266,0.7408399593713642,0.2527095823123686
25855,GOF,0.024694939693184894,0.7151296499965691,0.2601754103102461
25856,GOF,0.045423774548097505,0.7708308001765591,0.18374542527534335
25857,GOF,0.02414379773409942,0.717842903896623,0.2580132983692777
25858,GOF,0.011812946299631154,0.7483947223027317,0.23979233139763714
25859,GOF,0.008604112948032285,0.7407287069503262,0.2506671801016415
25860,GOF,0.07450439808387513,0.804647252450312,0.12084834946581285
25861,GOF,0.09874600774858103,0.8125085727266658,0.08874541952475311
25862,GOF,0.029064277797043857,0.880694048368279,0.0902416738346771
25863,GOF,0.025881152496095027,0.8788760647505295,0.09524278275337553
25864,GOF,0.06933336406454674,0.8761952703549526,0.05447136558050066
25865,GOF,0.05573243603490472,0.8602725351188101,0.0839950288462851
25866,GOF,0.027307154100486092,0.8803737466144588,0.09231909928505515
25867,GOF,0.046813075980321306,0.8729491758632124,0.08023774815646632
25868,GOF,0.06931735575630074,0.8258212246613731,0.10486141958232616
25869,GOF,0.33185954535272705,0.5792473305950941,0.08889312405217865
25870,GOF,0.06755024300093455,0.5913675104879506,0.341082246511115
25871,GOF,0.012807651631230115,0.8779487327864836,0.10924361558228633
25872,GOF,0.022992796384348965,0.8554119957417674,0.12159520787388359
25873,GOF,0.021394175556953804,0.8911468956230884,0.08745892881995805
25874,LOF,0.016091492203005035,0.2111058655542726,0.7728026422427224
25875,LOF,0.031917230727745625,0.058282410316295045,0.9098003589559593
25876,LOF,0.018696075919755188,0.044329690170629585,0.9369742339096151
25877,LOF,0.11163966802048188,0.08064378877863211,0.807716543200886
25878,LOF,0.0986393332026666,0.13270890096397484,0.7686517658333586
25879,LOF,0.017328150792495615,0.09073241275778099,0.8919394364497234
25880,LOF,0.0632784373897423,0.017708743427092388,0.9190128191831654
25881,Neutral,0.5250556897616966,0.07473122119907041,0.40021308903923297
25882,LOF,0.06468647980817423,0.023886832095455987,0.9114266880963697
25883,LOF,0.02764140706115321,0.027244146256731286,0.9451144466821154
25884,LOF,0.017366216074233488,0.043170272137221924,0.9394635117885446
25885,LOF,0.1657509797452586,0.012653828332642758,0.8215951919220985
25886,LOF,0.2726309143218658,0.0537914721551989,0.6735776135229352
25887,LOF,0.11055562532688419,0.10091341543430132,0.7885309592388146
25888,LOF,0.008183641968420958,0.13435371249478634,0.8574626455367926
25889,LOF,0.022698365295694186,0.037676540478190655,0.9396250942261151
25890,LOF,0.18392291402168173,0.0653857623479205,0.7506913236303977
25891,LOF,0.09900824023285416,0.02799670401677464,0.8729950557503712
25892,LOF,0.011793561527595501,0.03677802981318108,0.9514284086592235
25893,LOF,0.4061414803090977,0.009852452402849604,0.5840060672880527
25894,LOF,0.41047976291641786,0.007133969123347647,0.5823862679602344
25895,LOF,0.35978438656666517,0.015111081793255737,0.625104531640079
25896,LOF,0.07635076079797859,0.03158661779372189,0.8920626214082995
25897,LOF,0.14080532620950365,0.011949314532685076,0.8472453592578113
25898,LOF,0.15513148995640694,0.035811712731287346,0.8090567973123057
25899,LOF,0.41284084527168646,0.030651360287942832,0.5565077944403707
25900,LOF,0.46302908195984005,0.010609269506690455,0.5263616485334695
25901,LOF,0.06693785326219244,0.012245925487005234,0.9208162212508024
25902,LOF,0.15961831389918243,0.013659243252688424,0.8267224428481291
25903,LOF,0.3097665996858289,0.02688963987317965,0.6633437604409913
25904,Neutral,0.5039030520794952,0.04925600956615184,0.446840938354353
25905,LOF,0.00625865291352967,0.41191758323717903,0.5818237638492914
25906,LOF,0.008022525297637311,0.07759478906298468,0.9143826856393781
25907,LOF,0.008209606012222623,0.2683747800615781,0.7234156139261994
25908,LOF,0.008381316126812192,0.28495241359582096,0.7066662702773668
25909,LOF,0.02963086181321301,0.11036240693158365,0.8600067312552034
25910,LOF,0.012765739665597232,0.15446515028256394,0.8327691100518387
25911,LOF,0.21631487966680915,0.026017963426126986,0.7576671569070639
25912,LOF,0.1124968601872017,0.017814167196975036,0.8696889726158232
25913,LOF,0.02789010178018,0.02841488102125519,0.9436950171985647
25914,LOF,0.035909937744008934,0.026888658522144324,0.9372014037338469
25915,LOF,0.17780092745518336,0.12773419771723488,0.6944648748275817
25916,LOF,0.02386225191588243,0.0568481734364504,0.9192895746476671
25917,LOF,0.0731816500571355,0.027149197889737586,0.899669152053127
25918,LOF,0.04088705995124911,0.014427918907423905,0.9446850211413269
25919,LOF,0.036116510660950195,0.013545100883408915,0.9503383884556409
25920,Neutral,0.39112899320116845,0.26851052621002,0.3403604805888117
25921,LOF,0.014730524430331815,0.019219770263180964,0.9660497053064871
25922,LOF,0.016469705370636308,0.019986400650925905,0.9635438939784379
25923,LOF,0.4562637942868528,0.01615471809582884,0.5275814876173185
25924,LOF,0.026541375647807508,0.0259357983969178,0.9475228259552747
25925,LOF,0.09768330483962973,0.02863205013492742,0.8736846450254429
25926,LOF,0.08254617747816141,0.02061632593440815,0.8968374965874304
25927,LOF,0.023194450760806642,0.048986843421106464,0.9278187058180869
25928,LOF,0.011416004287635671,0.027819024391513972,0.9607649713208504
25929,Neutral,0.5852888591478942,0.015558184524100955,0.3991529563280048
25930,LOF,0.08532878219593605,0.015624836860022674,0.8990463809440412
25931,LOF,0.013701943925835751,0.01872677162645713,0.967571284447707
25932,LOF,0.06994015962825424,0.017821482994369045,0.9122383573773767
25933,LOF,0.07121321689326778,0.01013217669318697,0.9186546064135453
25934,LOF,0.06900078447621498,0.009069010270087474,0.9219302052536975
25935,LOF,0.09346174880400647,0.026753452237628008,0.8797847989583655
25936,LOF,0.12238092375625992,0.009655690530992349,0.8679633857127477
25937,LOF,0.020434556427234254,0.01474844543786338,0.9648169981349023
25938,LOF,0.09613802187672174,0.027227967105753856,0.8766340110175244
25939,LOF,0.055420532545402836,0.012909163973671792,0.9316703034809254
25940,LOF,0.007643179847504398,0.4567690425738536,0.535587777578642
25941,LOF,0.42933515636829833,0.04361465457742355,0.5270501890542781
25942,LOF,0.010442873798389287,0.04904106422819396,0.9405160619734169
25943,LOF,0.040573388539468784,0.16423543527257214,0.795191176187959
25944,LOF,0.03878205289568369,0.07343012771436647,0.8877878193899498
25945,LOF,0.1245923516748812,0.025530236502275264,0.8498774118228436
25946,LOF,0.06979213858009,0.03686755974428701,0.893340301675623
25947,Neutral,0.498109649663134,0.08389854526698148,0.4179918050698844
25948,LOF,0.38492774051445333,0.01793781098086526,0.5971344485046813
25949,LOF,0.16287394414781556,0.07949817743741455,0.7576278784147699
25950,GOF,0.09204723033485508,0.5274402295865228,0.3805125400786221
25951,LOF,0.01812048844413601,0.42712763568861095,0.554751875867253
25952,LOF,0.2349818001314695,0.21395192300280969,0.5510662768657208
25953,LOF,0.009501512391825881,0.2693342248339987,0.7211642627741754
25954,LOF,0.09564720111400686,0.3769565864779492,0.5273962124080439
25955,LOF,0.007387910086319742,0.23807903438883765,0.7545330555248426
25956,LOF,0.019156543417599526,0.32438576542320613,0.6564576911591943
25957,LOF,0.17774612388016214,0.03094050335451018,0.7913133727653278
25958,LOF,0.031023045596521356,0.061045128817989826,0.9079318255854888
25959,GOF,0.006575097687945444,0.7428126421927512,0.25061226011930343
25960,LOF,0.00538687766322647,0.12070165485650074,0.8739114674802728
25961,LOF,0.02820818932927956,0.04765940693008513,0.9241324037406353
25962,LOF,0.04039153208531716,0.08379793455573084,0.875810533358952
25963,LOF,0.006677889714284783,0.15610449920159,0.8372176110841253
25964,LOF,0.027786527530187625,0.1427864677058326,0.8294270047639799
25965,LOF,0.2363045982905347,0.14694091468782886,0.6167544870216364
25966,LOF,0.3163870623188001,0.1167845132684691,0.5668284244127308
25967,LOF,0.00685631767100681,0.07757908496408866,0.9155645973649046
25968,LOF,0.04044265449387947,0.2503886822217895,0.7091686632843311
25969,LOF,0.15569291113226685,0.06170256566413984,0.7826045232035934
25970,LOF,0.07062612594179075,0.0626132585164182,0.8667606155417911
25971,LOF,0.07841025951193056,0.029385184311271448,0.892204556176798
25972,LOF,0.07742440920733526,0.054769222280705875,0.8678063685119589
25973,LOF,0.06654794623401245,0.01056784883405201,0.9228842049319355
25974,LOF,0.044696237647925664,0.04295155279562591,0.9123522095564485
25975,LOF,0.03988305715607513,0.021222523781453593,0.9388944190624714
25976,LOF,0.08576279017458559,0.01235185681648152,0.9018853530089329
25977,LOF,0.2646214825526735,0.057203128814187,0.6781753886331394
25978,LOF,0.16826983591370903,0.1281505931072203,0.7035795709790706
25979,LOF,0.14321298424840723,0.14936751277264274,0.7074195029789501
25980,LOF,0.20921975441808757,0.20850044669820422,0.5822797988837083
25981,LOF,0.2098653764936726,0.21117181054353468,0.5789628129627927
25982,LOF,0.37507614265670963,0.11322531359411367,0.5116985437491767
25983,Neutral,0.44618557736927955,0.11520114295941804,0.4386132796713024
25984,LOF,0.0514386832082159,0.08785001236921493,0.860711304422569
25985,Neutral,0.5156811845911871,0.1281473977787432,0.35617141763006965
25986,LOF,0.010955408158150116,0.47244799742194293,0.5165965944199069
25987,LOF,0.037858497205569296,0.10083499030955823,0.8613065124848723
25988,LOF,0.04924725903181351,0.1419121646353842,0.8088405763328024
25989,LOF,0.05771174283766703,0.21642151156072634,0.7258667456016067
25990,LOF,0.04904913109261265,0.3298488944727323,0.6211019744346551
25991,LOF,0.025739340471663624,0.430168326203185,0.5440923333251513
25992,LOF,0.017971210220060922,0.40609992494842434,0.5759288648315148
25993,LOF,0.029282391428781324,0.05796200786796594,0.9127556007032528
25994,LOF,0.025682258274068833,0.0637479441527116,0.9105697975732195
25995,LOF,0.02216301806640098,0.11045968998313968,0.8673772919504593
25996,Neutral,0.4325750065796189,0.3340200252513743,0.2334049681690068
25997,LOF,0.054856995092739703,0.4251913417652711,0.5199516631419892
25998,LOF,0.2405463386800324,0.0415540023019528,0.7178996590180148
25999,LOF,0.03722019277949219,0.12117038523054613,0.8416094219899618
26000,LOF,0.1274870179591694,0.014408692248464802,0.8581042897923659
26001,LOF,0.2179458322095706,0.018476346311653413,0.7635778214787761
26002,LOF,0.10130814473979485,0.026843152099546595,0.8718487031606585
26003,GOF,0.005929744761177428,0.6480138187845114,0.3460564364543113
26004,GOF,0.010052867164990884,0.6185048541263085,0.37144227870870056
26005,GOF,0.0039005969487411448,0.509145327771289,0.48695407527996987
26006,GOF,0.07366335312785402,0.5568615595564551,0.3694750873156909
26007,GOF,0.007336574214764473,0.5255134263000986,0.4671499994851369
26008,GOF,0.0060750591037516755,0.5897146670348085,0.40421027386143976
26009,GOF,0.010928211108468347,0.6417103980724365,0.3473613908190951
26010,GOF,0.0070383101896846,0.5808025779581654,0.4121591118521501
26011,LOF,0.0041534745335294505,0.40887885371405625,0.5869676717524144
26012,GOF,0.004674036563218858,0.5702483284617949,0.42507763497498624
26013,GOF,0.009693193054224902,0.5691513729231388,0.4211554340226362
26014,LOF,0.05582431421650522,0.07221931121231932,0.8719563745711755
26015,LOF,0.32563703955277146,0.02443636209669784,0.6499265983505307
26016,LOF,0.2704649086890319,0.039490090702887955,0.6900450006080802
26017,LOF,0.011635260707259355,0.17077665079940674,0.817588088493334
26018,LOF,0.025999123702839893,0.08138560059904412,0.892615275698116
26019,LOF,0.025571947888675832,0.07353710777314348,0.9008909443381806
26020,LOF,0.00836067495339264,0.17015304484996285,0.8214862801966445
26021,LOF,0.08187491568281259,0.07387218890034357,0.8442528954168438
26022,LOF,0.038453138779593,0.03367424606251357,0.9278726151578935
26023,LOF,0.020296484435372835,0.05124378921380629,0.9284597263508209
26024,LOF,0.04797699502063521,0.05559554674576503,0.8964274582335998
26025,LOF,0.12062704861470729,0.05868689607844509,0.8206860553068477
26026,LOF,0.1040733852875313,0.04621364049535035,0.8497129742171184
26027,LOF,0.025624401477826117,0.029950833075811475,0.9444247654463624
26028,LOF,0.07503116980278683,0.1676253889059016,0.7573434412913116
26029,LOF,0.021075122655126597,0.16283314369994145,0.816091733644932
26030,LOF,0.11590492155640812,0.025638486721593568,0.8584565917219984
26031,LOF,0.009541584016317104,0.14849160892840094,0.841966807055282
26032,LOF,0.03447234172526778,0.047043332354608725,0.9184843259201234
26033,LOF,0.03804603348295779,0.04413114508715662,0.9178228214298856
26034,LOF,0.012736049097440402,0.10928240720764407,0.8779815436949155
26035,LOF,0.010393514935702102,0.10927935146871195,0.8803271335955859
26036,LOF,0.010010679411706122,0.09075207164117827,0.8992372489471155
26037,LOF,0.009752002723112375,0.09964707283857305,0.8906009244383145
26038,LOF,0.029832325176834155,0.04245701182046264,0.9277106630027031
26039,LOF,0.03004044831253433,0.13165514434948386,0.8383044073379817
26040,LOF,0.07982651750091299,0.11255302513328211,0.8076204573658048
26041,LOF,0.012200945351525948,0.09387432364703756,0.8939247310014364
26042,LOF,0.011561323880695824,0.09888797306980425,0.8895507030495
26043,LOF,0.029580604246120183,0.06704500318949573,0.903374392564384
26044,LOF,0.008072488200000639,0.04542690499545691,0.9465006068045424
26045,LOF,0.0742178591823708,0.13035083937061068,0.7954313014470185
26046,LOF,0.026809790901778405,0.04520074022648651,0.9279894688717351
26047,LOF,0.05397220328397198,0.045865202345374834,0.9001625943706533
26048,LOF,0.0818656630148606,0.015727391307446614,0.9024069456776928
26049,Neutral,0.9409370536342295,0.005379016919179515,0.05368392944659095
26050,Neutral,0.9027771897814664,0.00596251512605876,0.09126029509247481
26051,LOF,0.02709374025493655,0.07731866723934674,0.8955875925057167
26052,LOF,0.029482148349123168,0.06110551290160616,0.9094123387492706
26053,LOF,0.018143149547639285,0.16121728846506309,0.8206395619872976
26054,LOF,0.053772866594841144,0.03940385689767819,0.9068232765074806
26055,LOF,0.0854992921111543,0.03523418069778922,0.8792665271910565
26056,LOF,0.0708196019323757,0.04554514154795796,0.8836352565196663
26057,LOF,0.052502471360908874,0.02009768128450892,0.9273998473545821
26058,LOF,0.05630345561283788,0.016018361823656607,0.9276781825635054
26059,LOF,0.24784201488663862,0.031915754719689264,0.720242230393672
26060,LOF,0.015179754253930299,0.17146112889560794,0.8133591168504618
26061,LOF,0.01082951484030174,0.0138130738112706,0.9753574113484277
26062,LOF,0.005981704311389822,0.01979591421378872,0.9742223814748214
26063,LOF,0.037117809030392634,0.016283571862379585,0.9465986191072278
26064,LOF,0.0140850920924717,0.021281370565425013,0.9646335373421033
26065,LOF,0.04641234461455425,0.02026173736822977,0.933325918017216
26066,LOF,0.03638321549906615,0.01472823799979691,0.948888546501137
26067,LOF,0.040468625652730766,0.01464404602718698,0.9448873283200823
26068,LOF,0.05118540024924899,0.04454655697206736,0.9042680427786837
26069,LOF,0.25588203909947044,0.02800956280110977,0.7161083980994198
26070,LOF,0.48272619804984057,0.018739559412633083,0.4985342425375264
26071,LOF,0.04270680607614465,0.016973313852557213,0.9403198800712981
26072,LOF,0.007253404863424067,0.022633084643117637,0.9701135104934583
26073,LOF,0.03472540881971634,0.02054428051930288,0.9447303106609808
26074,Neutral,0.8129360268501347,0.013461320384301003,0.1736026527655644
26075,LOF,0.051496315407918554,0.03151034458242441,0.916993340009657
26076,LOF,0.04847913338239284,0.01624852637979921,0.9352723402378079
26077,LOF,0.14919059399007834,0.010838465143839408,0.8399709408660821
26078,LOF,0.006673137052879455,0.022857460949985964,0.9704694019971345
26079,LOF,0.06201169467250417,0.026157673231015015,0.9118306320964809
26080,LOF,0.06128725530535916,0.02620920035409635,0.9125035443405445
26081,LOF,0.03086155912740036,0.012971968986581962,0.9561664718860177
26082,LOF,0.005346314097233262,0.02410664374056575,0.9705470421622009
26083,LOF,0.09298044997737091,0.02997637186565032,0.8770431781569787
26084,LOF,0.10071911645472759,0.025642606794955832,0.8736382767503166
26085,LOF,0.09083016104971692,0.02076445538842152,0.8884053835618616
26086,LOF,0.03727230932235832,0.01923965145714676,0.943488039220495
26087,LOF,0.03465589468888732,0.01663832819826636,0.9487057771128464
26088,LOF,0.006805924030744875,0.032346763416210005,0.9608473125530452
26089,LOF,0.04417664773279872,0.037600212616704036,0.9182231396504973
26090,LOF,0.04450000032965618,0.02989587434157583,0.925604125328768
26091,LOF,0.025048566684801092,0.01239627707851554,0.9625551562366833
26092,LOF,0.04157982126890416,0.01298703536172692,0.9454331433693689
26093,LOF,0.07805211189180819,0.00903056556561477,0.9129173225425771
26094,LOF,0.03065714356218603,0.010491342287495277,0.9588515141503187
26095,LOF,0.01916228541848746,0.02455631803507253,0.9562813965464401
26096,LOF,0.19679494407535494,0.006538956298218002,0.7966660996264271
26097,LOF,0.0069985371645742605,0.048564601297919924,0.9444368615375058
26098,LOF,0.10762936894504671,0.024088456453554757,0.8682821746013986
26099,LOF,0.0350312129394613,0.02801213500564767,0.936956652054891
26100,LOF,0.0350312129394613,0.02801213500564767,0.936956652054891
26101,LOF,0.05851001924903536,0.04691967173924952,0.8945703090117151
26102,LOF,0.03009703429022771,0.025579741586782234,0.94432322412299
26103,Neutral,0.8933020850913914,0.03170759311016034,0.07499032179844832
26104,LOF,0.058617275876410836,0.04516730967872868,0.8962154144448605
26105,LOF,0.23922240878278356,0.11066054900086127,0.6501170422163551
26106,LOF,0.30797353152556123,0.05573648306872216,0.6362899854057166
26107,LOF,0.017994364572723322,0.07375681936504844,0.9082488160622283
26108,LOF,0.25302699776425897,0.040842528265375364,0.7061304739703657
26109,LOF,0.06690089422523593,0.03769712453010808,0.895401981244656
26110,LOF,0.37750304883377245,0.015230617458586783,0.6072663337076407
26111,LOF,0.056710594508222696,0.1396101601485365,0.8036792453432409
26112,LOF,0.04924403616204558,0.013946343721972117,0.9368096201159823
26113,LOF,0.10405798904536845,0.04031954759687537,0.8556224633577563
26114,LOF,0.08965554340060852,0.0062522459139993415,0.9040922106853921
26115,LOF,0.020026289502119404,0.04641423765849468,0.9335594728393859
26116,LOF,0.07981941749518437,0.02057903235359489,0.8996015501512207
26117,LOF,0.3451268765640132,0.0550967541792806,0.5997763692567062
26118,LOF,0.055566653173555476,0.023857334262101293,0.9205760125643432
26119,LOF,0.005649195599311779,0.11878073276625978,0.8755700716344285
26120,LOF,0.036781752462746425,0.023235466578052817,0.9399827809592008
26121,LOF,0.0033231384906986803,0.1728442107908835,0.8238326507184178
