feature0,prediction,LoGoFunc_Neutral,LoGoFunc_GOF,LoGoFunc_LOF
25546,Neutral,0.6981177889666416,0.03201643952250227,0.2698657715108563
25547,Neutral,0.611036962478295,0.06494404107510927,0.3240189964465957
25548,Neutral,0.5368151008249529,0.050749736033804026,0.412435163141243
25549,Neutral,0.5079394569187121,0.04940795329378443,0.44265258978750344
25550,LOF,0.40382489239338615,0.09027486977464974,0.5059002378319641
25551,LOF,0.3367708736804835,0.10488722938060338,0.5583418969389131
25552,LOF,0.19934772656733485,0.11811375611368838,0.6825385173189767
25553,Neutral,0.8140871644028546,0.035097926726126,0.15081490887101934
25554,LOF,0.25391616493996544,0.11508094229276794,0.6310028927672666
25555,LOF,0.19782200968607405,0.09044095226555189,0.7117370380483741
25556,Neutral,0.5559149078057487,0.07398972001078823,0.3700953721834631
25557,LOF,0.19299344001709437,0.1057353246456713,0.7012712353372343
25558,LOF,0.25059033790078,0.11978510960152619,0.6296245524976939
25559,LOF,0.360592141640645,0.0686965015390255,0.5707113568203295
25560,LOF,0.06434272324800115,0.18685515203703904,0.7488021247149598
25561,LOF,0.11545795755211284,0.21003149427398343,0.6745105481739038
25562,LOF,0.12904231521264165,0.10116309635344985,0.7697945884339085
25563,LOF,0.11248222846067733,0.11594830701229704,0.7715694645270257
25564,LOF,0.1475113529058444,0.20888894492922527,0.6435997021649303
25565,LOF,0.11910703622007283,0.19426033579593655,0.6866326279839906
25566,GOF,0.014786010872440114,0.7306307518023154,0.25458323732524435
25567,LOF,0.01320482081376915,0.12737959319351275,0.8594155859927182
25568,LOF,0.047150925372843044,0.05822415732160726,0.8946249173055497
25569,LOF,0.05758582262247924,0.055264282318216014,0.8871498950593047
25570,LOF,0.0588800487011013,0.09531749960612604,0.8458024516927727
25571,LOF,0.05856810642240199,0.08125482303870636,0.8601770705388917
25572,LOF,0.06231325389557028,0.12898820294349497,0.8086985431609348
25573,LOF,0.02771678033061399,0.08191974147330267,0.8903634781960833
25574,LOF,0.01787224379533699,0.1392680735961963,0.8428596826084667
25575,LOF,0.0519064616317927,0.08675528603095906,0.8613382523372483
25576,LOF,0.019553116870443008,0.09571036457252363,0.8847365185570334
25577,LOF,0.01447444746072647,0.13429457364477113,0.8512309788945024
25578,LOF,0.250644748170872,0.07733764998305297,0.6720176018460751
25579,LOF,0.2525367232235982,0.07664872279275461,0.6708145539836472
25580,LOF,0.035189667234079375,0.07517096669051838,0.8896393660754022
25581,LOF,0.0481266560503443,0.056765170963720545,0.8951081729859351
25582,LOF,0.04785942166228639,0.05472865808121986,0.8974119202564937
25583,LOF,0.044538199534069775,0.07693200082115272,0.8785297996447775
25584,Neutral,0.4818004218927847,0.06936797707299991,0.4488316010342154
25585,LOF,0.03257956285305988,0.09619102414748873,0.8712294129994514
25586,LOF,0.039484878816475645,0.0657588138125476,0.8947563073709769
25587,LOF,0.03637637400217286,0.06133695030260471,0.9022866756952225
25588,LOF,0.035966077177635225,0.08025576001041025,0.8837781628119544
25589,Neutral,0.5993114291795835,0.09176700593297477,0.3089215648874417
25590,LOF,0.02945117040960342,0.11208767507742112,0.8584611545129756
25591,LOF,0.12082844740720551,0.04335929746872581,0.8358122551240688
25592,LOF,0.10949557591925566,0.11187185417424632,0.7786325699064981
25593,LOF,0.016530538693787462,0.22614270005524328,0.7573267612509693
25594,LOF,0.03733662443886072,0.17972795183273196,0.7829354237284072
25595,LOF,0.06378251480795587,0.14988434926968966,0.7863331359223544
25596,LOF,0.07621939878948922,0.10367005495283606,0.8201105462576747
25597,LOF,0.0739999712797405,0.06393544097699985,0.8620645877432596
25598,LOF,0.04867530762967514,0.17090869637746006,0.7804159959928648
25599,GOF,0.007011940268765476,0.6925061102280275,0.30048194950320695
25600,GOF,0.007672804084342527,0.5639434856285299,0.4283837102871276
25601,LOF,0.007177619409049383,0.4582562755112624,0.5345661050796882
25602,LOF,0.01908802688518411,0.06587754714953112,0.9150344259652848
25603,LOF,0.03948845261133465,0.027684775548113483,0.9328267718405518
25604,LOF,0.040821711390245194,0.04628320075355671,0.9128950878561981
25605,LOF,0.010879445114823444,0.21805047471420408,0.7710700801709724
25606,LOF,0.06844948079783002,0.41773139298686196,0.513819126215308
25607,LOF,0.004083974174972187,0.14014293652850285,0.8557730892965251
25608,LOF,0.05026873101766484,0.05744444986182882,0.8922868191205064
25609,LOF,0.06056052085081344,0.3561522973930848,0.5832871817561017
25610,LOF,0.05120885594702666,0.03914679770732106,0.9096443463456523
25611,LOF,0.05788519029734841,0.032981033434847554,0.9091337762678041
25612,LOF,0.1301882856461734,0.05824655909231708,0.8115651552615094
25613,LOF,0.10838925644314533,0.047548842704103866,0.8440619008527509
25614,LOF,0.043675091364861855,0.04735442373265565,0.9089704849024824
25615,LOF,0.08426613412328576,0.04055129424421389,0.8751825716325002
25616,LOF,0.04034118863808228,0.04632340237863216,0.9133354089832855
25617,LOF,0.044026236573877775,0.051333345197713084,0.904640418228409
25618,LOF,0.27823257361916454,0.04704443004893275,0.6747229963319028
25619,LOF,0.04311722745105539,0.039349491330546084,0.9175332812183986
25620,LOF,0.04098680968259917,0.05083696733073999,0.9081762229866608
25621,LOF,0.04358773763714183,0.03192757049648838,0.9244846918663698
25622,LOF,0.03563828447914734,0.04776249970569534,0.9165992158151574
25623,LOF,0.062342952822756044,0.0437391764945789,0.893917870682665
25624,LOF,0.03451858949811041,0.0559644888106598,0.9095169216912298
25625,LOF,0.04087570163056125,0.05557361605624883,0.9035506823131899
25626,LOF,0.08727074060588728,0.0388578146473853,0.8738714447467274
25627,Neutral,0.5699183883648523,0.10386633401457422,0.3262152776205735
25628,LOF,0.21618157897832463,0.053285306977976114,0.7305331140436992
25629,LOF,0.08634631867608122,0.12009546400260913,0.7935582173213096
25630,LOF,0.20220812054430723,0.09564953782815319,0.7021423416275396
25631,Neutral,0.6197657039986825,0.060123200794541434,0.3201110952067761
25632,LOF,0.019522877518125058,0.11380982838734965,0.8666672940945254
25633,LOF,0.2358430025941826,0.08536617358813836,0.678790823817679
25634,LOF,0.034726537344587916,0.09364271831463407,0.8716307443407779
25635,LOF,0.03431834247295544,0.0956417459298755,0.870039911597169
25636,GOF,0.006749221342624209,0.6938175494687535,0.29943322918862236
25637,GOF,0.005083327437752036,0.5390321077789382,0.45588456478330974
25638,LOF,0.009179992297248092,0.49153829849066905,0.4992817092120828
25639,LOF,0.004802593127344886,0.48085265947458466,0.5143447473980705
25640,GOF,0.34235280534433576,0.6145851521936119,0.043062042462052426
25641,LOF,0.006044138117015516,0.3271967148517285,0.666759147031256
25642,LOF,0.26372300519314507,0.10621330241584283,0.630063692391012
25643,LOF,0.2776796091224966,0.2568247568432891,0.4654956340342143
25644,GOF,0.028271289037494613,0.6553711433073638,0.3163575676551416
25645,GOF,0.022613989699514756,0.5869027788202359,0.3904832314802494
25646,LOF,0.02085193748553843,0.4499167409767128,0.5292313215377488
25647,LOF,0.017223662185667305,0.3220370038638845,0.6607393339504481
25648,LOF,0.014992172658669412,0.36683816426737187,0.6181696630739587
25649,LOF,0.014381676687677838,0.2606850826311765,0.7249332406811456
25650,GOF,0.04578906067229538,0.5656267914095089,0.3885841479181956
25651,LOF,0.01270121649194515,0.2884805471746744,0.6988182363333804
25652,LOF,0.022466163619392174,0.414661845290636,0.5628719910899719
25653,GOF,0.09251895481940299,0.5506280564035362,0.35685298877706073
25654,LOF,0.015479869937864177,0.3647910598649374,0.6197290701971984
25655,GOF,0.13065677047906799,0.49938978224247643,0.3699534472784555
25656,LOF,0.055991805929574985,0.0869095794754866,0.8570986145949385
25657,LOF,0.29802673175124766,0.04041752685401695,0.6615557413947354
25658,LOF,0.029780573715287546,0.18482640138049333,0.785393024904219
25659,LOF,0.19587775385866402,0.0851427669091859,0.7189794792321502
25660,LOF,0.10132995563604306,0.1086419724586401,0.7900280719053169
25661,LOF,0.07440703278628591,0.0743832970624842,0.8512096701512298
25662,LOF,0.03715952292420907,0.054046432764086216,0.9087940443117047
25663,LOF,0.04444628778844097,0.09968310042336069,0.8558706117881983
25664,LOF,0.03257857697248145,0.14213808493706284,0.8252833380904557
25665,LOF,0.04631049620050688,0.062337439478775035,0.891352064320718
25666,LOF,0.046595023309174984,0.19699152051337776,0.7564134561774472
25667,LOF,0.03834456696464283,0.05865659368444949,0.9029988393509077
25668,LOF,0.05419360350150737,0.05548652064348279,0.8903198758550098
25669,LOF,0.052187226023433016,0.08705898417913358,0.8607537897974333
25670,LOF,0.08169468011559933,0.10771459966327435,0.8105907202211263
25671,LOF,0.0466155352227672,0.04994548363101478,0.903438981146218
25672,LOF,0.04685528502648172,0.07730727908927734,0.8758374358842409
25673,LOF,0.04121885799662585,0.07909976973176443,0.8796813722716098
25674,LOF,0.028306439928064774,0.09441589940230079,0.8772776606696343
25675,LOF,0.03827757597195473,0.07902966818996722,0.8826927558380779
25676,LOF,0.03552160880734471,0.07018040536377247,0.8942979858288828
25677,LOF,0.07906249429804943,0.06233683018848319,0.8586006755134674
25678,LOF,0.13605993955732956,0.06766348737023177,0.7962765730724386
25679,LOF,0.13440235772975032,0.0858628546944566,0.7797347875757932
25680,LOF,0.08838306845921721,0.09551176711858206,0.8161051644222007
25681,LOF,0.10218592938265228,0.08884255622622411,0.8089715143911237
25682,LOF,0.054356828809342096,0.07056140285225085,0.8750817683384071
25683,LOF,0.08940864487775087,0.11636684214119464,0.7942245129810543
25684,LOF,0.06393483908838402,0.07434191422963185,0.8617232466819841
25685,LOF,0.11044655718492218,0.06231311874406012,0.8272403240710177
25686,LOF,0.02845663207797434,0.12393721058972026,0.8476061573323054
25687,LOF,0.054702336908838974,0.1176568848572472,0.8276407782339138
25688,LOF,0.020821664698183525,0.06168449865864033,0.9174938366431761
25689,LOF,0.016840415606507234,0.04261525961863599,0.9405443247748568
25690,LOF,0.01758804639448237,0.046821199798892696,0.935590753806625
25691,LOF,0.10525790770601319,0.06505752423131167,0.8296845680626751
25692,LOF,0.19085403871420406,0.011628314874094298,0.7975176464117015
25693,LOF,0.04100508110972175,0.16147307523036478,0.7975218436599134
25694,LOF,0.2212459197003061,0.013127469852899728,0.7656266104467941
25695,LOF,0.1728327473938594,0.02604830499721868,0.8011189476089219
25696,LOF,0.06276401736776373,0.02544463017260481,0.9117913524596315
25697,LOF,0.15053162278129,0.03796397963355522,0.8115043975851547
25698,LOF,0.017191971384878574,0.3354567577413548,0.6473512708737665
25699,LOF,0.10401991011389854,0.1009674690317707,0.7950126208543308
25700,LOF,0.034067594452995474,0.017550547443342706,0.9483818581036619
25701,LOF,0.015211372457278377,0.11429851151793087,0.8704901160247908
25702,GOF,0.022857096611070597,0.765989860726638,0.21115304266229148
25703,LOF,0.013113096946581007,0.28017850192579086,0.7067084011276282
25704,LOF,0.09358259980780512,0.22158058762994165,0.6848368125622533
25705,LOF,0.08711253899937105,0.3281531291288133,0.5847343318718157
25706,GOF,0.02034708398393035,0.7315631559872795,0.24808976002879002
25707,GOF,0.029368316254727897,0.6783401056859173,0.29229157805935474
25708,GOF,0.008503147648961528,0.6634402057160054,0.3280566466350331
25709,LOF,0.027263982337290105,0.10200370058066692,0.870732317082043
25710,LOF,0.0054907198293507814,0.24397421903453945,0.7505350611361097
25711,LOF,0.029931267034876908,0.17250334687135635,0.7975653860937667
25712,LOF,0.006999733818681385,0.3039374798262335,0.689062786355085
25713,LOF,0.026178991212184796,0.1430915467062379,0.8307294620815774
25714,LOF,0.02712907203809235,0.1899398329811102,0.7829310949807975
25715,LOF,0.02991960133220889,0.17340351478912866,0.7966768838786623
25716,LOF,0.0057690361766949,0.2557431480770995,0.7384878157462056
25717,LOF,0.0059551871120750565,0.21144413822929728,0.7826006746586276
25718,LOF,0.025934161862082115,0.1101657637616306,0.8639000743762874
25719,LOF,0.034153826976069036,0.1712997762119527,0.7945463968119783
25720,LOF,0.03354119298005343,0.146083135668747,0.8203756713511995
25721,LOF,0.026695204362679203,0.14044653004796953,0.8328582655893512
25722,LOF,0.019134270525788925,0.18869838610310768,0.7921673433711034
25723,LOF,0.02942432905095628,0.14711227592252515,0.8234633950265186
25724,LOF,0.03072758551702364,0.24660336152741988,0.7226690529555565
25725,LOF,0.03060774728176327,0.12295663959736976,0.846435613120867
25726,LOF,0.02050933976446359,0.1668300012238883,0.8126606590116481
25727,LOF,0.02641208942369,0.16923991629346705,0.804347994282843
25728,LOF,0.025776691238509952,0.16149332051710175,0.8127299882443884
25729,LOF,0.025665071368553373,0.18673992317138027,0.7875950054600663
25730,LOF,0.03141073055174173,0.12177808529001016,0.8468111841582481
25731,LOF,0.009724743656485372,0.22780808668404295,0.7624671696594717
25732,LOF,0.02185191446575062,0.14313474693119757,0.8350133386030517
25733,LOF,0.034547877644705176,0.14544946337338127,0.8200026589819135
25734,LOF,0.006289334854417545,0.3463097951688063,0.6474008699767761
25735,LOF,0.02479904898647298,0.11844024810311475,0.8567607029104122
25736,LOF,0.02284790116344387,0.20820690930267488,0.7689451895338812
25737,LOF,0.05931099535461275,0.18300798558286568,0.7576810190625215
25738,LOF,0.025144979198812745,0.2211340360932794,0.7537209847079079
25739,LOF,0.0316429618692808,0.13983341443079045,0.8285236236999287
25740,LOF,0.03211548390313947,0.1718142702040016,0.7960702458928588
25741,LOF,0.03568460190153986,0.16805315708196658,0.7962622410164936
25742,LOF,0.04941472076010104,0.1719087289893455,0.7786765502505535
25743,LOF,0.011775782839000779,0.02209585520914817,0.9661283619518511
25744,LOF,0.2553021763773008,0.20767148241210306,0.5370263412105961
25745,LOF,0.037620647273534404,0.06182143618067817,0.9005579165457874
25746,LOF,0.014675050643170661,0.08575827964353722,0.8995666697132921
25747,LOF,0.03969988084372906,0.02761399301426575,0.9326861261420052
25748,LOF,0.2694713599565439,0.05150465367570638,0.6790239863677496
25749,LOF,0.017371322339400086,0.055599038227464946,0.9270296394331351
25750,LOF,0.021793536758462913,0.05595412624802078,0.9222523369935163
25751,LOF,0.040398010491101484,0.04055800824759407,0.9190439812613044
25752,GOF,0.06972574792536315,0.7183899942452291,0.21188425782940776
25753,LOF,0.0071700965365218555,0.48891098892455465,0.5039189145389235
25754,GOF,0.007327203477566228,0.9035185674536595,0.08915422906877403
25755,LOF,0.006630761122599883,0.48259911069762296,0.5107701281797771
25756,GOF,0.023209743506662904,0.5018124420486144,0.47497781444472265
25757,GOF,0.008065939017841068,0.8837623724081813,0.10817168857397766
25758,GOF,0.008597211389220318,0.9078220259863063,0.08358076262447331
25759,GOF,0.005891655557477981,0.70674210833901,0.2873662361035119
25760,LOF,0.005979462391460431,0.3653444223320855,0.6286761152764541
25761,GOF,0.052648791636569874,0.8701266502130414,0.07722455815038878
25762,LOF,0.02662752114055795,0.4345616500637046,0.5388108287957375
25763,LOF,0.005865792712069047,0.33948710635164403,0.654647100936287
25764,GOF,0.05687975964711449,0.6967248167880296,0.24639542356485594
25765,GOF,0.008099621182247888,0.8954631646262785,0.0964372141914736
25766,GOF,0.027450012279253554,0.8585418489402653,0.1140081387804811
25767,GOF,0.01741644958793858,0.5767348133565795,0.40584873705548197
25768,LOF,0.05303250301243188,0.05979436553162709,0.887173131455941
25769,LOF,0.04027017070080445,0.06722159451624901,0.8925082347829465
25770,LOF,0.15853305270281978,0.09028098159153737,0.7511859657056429
25771,LOF,0.020906487303520464,0.07577354944994709,0.9033199632465324
25772,LOF,0.03263162892321952,0.028279352886485587,0.9390890181902949
25773,LOF,0.015323277577171106,0.07627885717471007,0.9083978652481187
25774,LOF,0.026837329830318047,0.15313578999157115,0.8200268801781108
25775,LOF,0.02122654137927022,0.04646238202715688,0.9323110765935728
25776,LOF,0.030107430463584405,0.020790625206579115,0.9491019443298365
25777,LOF,0.3279133468553041,0.08640978139378731,0.5856768717509085
25778,LOF,0.026685641673125638,0.051182568478770965,0.9221317898481033
25779,GOF,0.07289816353272657,0.8536017093077871,0.07350012715948635
25780,GOF,0.08832608469972157,0.8490708179234215,0.06260309737685692
25781,GOF,0.03692151599615164,0.8171941277588798,0.1458843562449686
25782,GOF,0.04804671776338991,0.8799922343165515,0.0719610479200585
25783,GOF,0.042362599630484526,0.8957886559695994,0.06184874439991601
25784,GOF,0.12487616119592566,0.8244010040103581,0.050722834793716184
25785,GOF,0.14632553106017632,0.8134421197204036,0.04023234921942002
25786,GOF,0.011245496133246359,0.8387247401990481,0.15002976366770557
25787,GOF,0.29648879504053155,0.6504055052992397,0.0531056996602288
25788,LOF,0.018744962035185976,0.17728430377071563,0.8039707341940985
25789,GOF,0.022837170353485085,0.8332444378815098,0.14391839176500507
25790,GOF,0.03561991258900153,0.8745633351972352,0.08981675221376322
25791,GOF,0.03811110133054873,0.7050379858376832,0.25685091283176814
25792,GOF,0.04544494249424678,0.74848347081946,0.20607158668629336
25793,GOF,0.05514403543950936,0.8089553027574483,0.1359006618030423
25794,GOF,0.06291909186440942,0.7163584299185175,0.2207224782170731
25795,GOF,0.06813918967311997,0.7119990384119057,0.21986177191497439
25796,GOF,0.14644527758681478,0.7486350208805783,0.10491970153260692
25797,GOF,0.07659300095121274,0.6978422241507872,0.22556477489799992
25798,GOF,0.007504205181213446,0.7672928986087538,0.22520289621003278
25799,GOF,0.0051924762880710285,0.6558160558257888,0.33899146788614004
25800,GOF,0.02867313033274858,0.815730919925596,0.15559594974165547
25801,GOF,0.031329318536234614,0.8734606291314237,0.09521005233234145
25802,GOF,0.03537185737530118,0.755597397821415,0.20903074480328374
25803,GOF,0.02344779820949416,0.6810520273962662,0.2955001743942397
25804,GOF,0.03931777834672868,0.7452395156201754,0.21544270603309604
25805,GOF,0.03887460376078864,0.7740079878053516,0.18711740843385977
25806,GOF,0.05045519242750823,0.7782490794822567,0.171295728090235
25807,GOF,0.01644414654801294,0.7221812355385546,0.26137461791343247
25808,GOF,0.031892987464533326,0.7449855805928357,0.22312143194263093
25809,GOF,0.014097521641752982,0.6771832334560975,0.3087192449021495
25810,GOF,0.012098196237628134,0.6585832360200613,0.32931856774231044
25811,GOF,0.08287390098143727,0.82586799343236,0.09125810558620279
25812,GOF,0.03548240894002785,0.7494124034100537,0.21510518764991854
25813,GOF,0.19320080079218505,0.7174103142120377,0.0893888849957772
25814,GOF,0.0348284257787491,0.7480417733724963,0.21712980084875452
25815,GOF,0.06295231398818145,0.7863124556061459,0.15073523040567255
25816,GOF,0.010752711626382442,0.8413116465675815,0.14793564180603602
25817,GOF,0.13946901320734292,0.7196435340855382,0.1408874527071189
25818,GOF,0.03173713003134217,0.754250393961568,0.21401247600708978
25819,GOF,0.059669337436382336,0.7454726227796923,0.19485803978392538
25820,GOF,0.05940547385907172,0.7120656420705581,0.2285288840703701
25821,GOF,0.042635249832534604,0.7536182190228887,0.20374653114457666
25822,GOF,0.06850404440788613,0.7379108632712079,0.19358509232090595
25823,GOF,0.03469816067670054,0.6975009219546199,0.2678009173686796
25824,GOF,0.03945633075049792,0.7414530778340382,0.21909059141546386
25825,GOF,0.030610317159597125,0.7394775315611307,0.22991215127927214
25826,GOF,0.013150861339859002,0.690055472938948,0.2967936657211929
25827,GOF,0.01940376980491959,0.6669478427511136,0.3136483874439668
25828,GOF,0.011083247753072081,0.7156382408873463,0.2732785113595817
25829,GOF,0.004674544312485026,0.6378992457294541,0.35742620995806096
25830,GOF,0.04120779092974,0.5163032012256579,0.44248900784460216
25831,GOF,0.0812232551357567,0.7777828599755284,0.14099388488871503
25832,GOF,0.011774950100014522,0.6840192052972984,0.3042058446026871
25833,GOF,0.044536884823193255,0.7644219974529338,0.19104111772387303
25834,GOF,0.012209847031597252,0.7093091137525234,0.27848103921587947
25835,GOF,0.030560690540684655,0.7863276779654381,0.1831116314938773
25836,GOF,0.00861103289213583,0.7026761467796492,0.28871282032821494
25837,GOF,0.009926362636082814,0.7239601034326939,0.2661135339312233
25838,GOF,0.02525245370977385,0.8053259309436969,0.16942161534652925
25839,GOF,0.05512657832815059,0.766668926139897,0.1782044955319525
25840,GOF,0.09579089963987332,0.733010515198992,0.17119858516113481
25841,GOF,0.09112730135217198,0.7722068074188846,0.13666589122894351
25842,GOF,0.03166421318098834,0.8458351624296381,0.12250062438937356
25843,GOF,0.030585038873492353,0.854190360597363,0.11522460052914454
25844,GOF,0.025779683652671175,0.7925363142186983,0.1816840021286306
25845,GOF,0.0076972780481135315,0.6949603293989421,0.2973423925529443
25846,GOF,0.08620144041632043,0.8061434320898545,0.10765512749382494
25847,GOF,0.017042849603022835,0.8480041931795452,0.13495295721743197
25848,GOF,0.025754275465976525,0.8029018568491163,0.17134386768490723
25849,GOF,0.007647725166161441,0.7636085017861169,0.2287437730477217
25850,GOF,0.007238542537389577,0.6642868461516236,0.3284746113109869
25851,GOF,0.006715305796375677,0.6129195909310026,0.3803651032726216
25852,GOF,0.14675514944767667,0.5393940251078687,0.31385082544445464
25853,GOF,0.07255972387180454,0.7546282907800775,0.1728119853481179
25854,GOF,0.006981142798238503,0.6971146890868869,0.2959041681148745
25855,GOF,0.024720139059787812,0.6432911617592403,0.33198869918097185
25856,GOF,0.048633358620528186,0.7093385449620498,0.2420280964174219
25857,GOF,0.02483283227460136,0.6293486429757463,0.34581852474965236
25858,GOF,0.01024543206650659,0.6142027688742846,0.3755517990592088
25859,GOF,0.007377353398274546,0.5909264404071928,0.4016962061945328
25860,GOF,0.10288347207541783,0.7390359705168676,0.1580805574077145
25861,GOF,0.1392404424343807,0.7601321799550811,0.10062737761053817
25862,GOF,0.030361059889306447,0.8705412069551439,0.09909773315554958
25863,GOF,0.025567696847435255,0.8534370992981796,0.12099520385438511
25864,GOF,0.044146176218431386,0.8552294150780436,0.10062440870352495
25865,GOF,0.04505630269819759,0.8178417311217997,0.13710196618000267
25866,GOF,0.024257002894345334,0.8311115524908503,0.1446314446148043
25867,GOF,0.0515796285633004,0.8288804141599603,0.11953995727673931
25868,GOF,0.07325785867305645,0.7591407375612844,0.16760140376565924
25869,GOF,0.35177762137681784,0.5329217266892491,0.11530065193393298
25870,GOF,0.060820724100385595,0.5334603511899628,0.4057189247096516
25871,GOF,0.009882052560606206,0.7830580094589398,0.207059937980454
25872,GOF,0.027812082863336866,0.8131054477836305,0.15908246935303266
25873,GOF,0.024741432678335815,0.8682704953245048,0.10698807199715955
25874,LOF,0.018395545638503378,0.19297697029291427,0.7886274840685823
25875,LOF,0.022957117227696437,0.1267124943297107,0.8503303884425929
25876,LOF,0.023656142550304654,0.06394306342570895,0.9124007940239863
25877,LOF,0.09530871545248192,0.21960145030089562,0.6850898342466225
25878,LOF,0.06600465171596835,0.27941814358240397,0.6545772047016276
25879,LOF,0.010288391953927386,0.1856823167723939,0.8040292912736787
25880,LOF,0.06496002248288464,0.02342632712078014,0.9116136503963351
25881,Neutral,0.575389359522236,0.10122297932593946,0.3233876611518245
25882,LOF,0.055323593554912905,0.025118577994611205,0.919557828450476
25883,LOF,0.03079947864811513,0.024561447620697244,0.9446390737311876
25884,LOF,0.020400474725591547,0.034662925395713265,0.944936599878695
25885,LOF,0.16628060483867899,0.012582588131650948,0.8211368070296702
25886,LOF,0.24494244395799497,0.05656015055951227,0.6984974054824927
25887,LOF,0.08771176086002368,0.15288573767366623,0.7594025014663102
25888,LOF,0.008424365831647835,0.2151169161927755,0.7764587179755766
25889,LOF,0.03134833656814985,0.030572966146853724,0.9380786972849965
25890,LOF,0.17380701580855076,0.05975018935827713,0.7664427948331721
25891,LOF,0.10148392208920651,0.03738439888567569,0.8611316790251177
25892,LOF,0.008590175254432115,0.03433838275264152,0.9570714419929263
25893,LOF,0.31089297579989494,0.011015880724974302,0.6780911434751308
25894,LOF,0.3538654049262737,0.00753069618962813,0.6386038988840982
25895,LOF,0.2982006066658723,0.015058450340280596,0.6867409429938471
25896,LOF,0.09086235689844172,0.02939583160301491,0.8797418114985435
25897,LOF,0.13182137036991418,0.01098934620839137,0.8571892834216944
25898,LOF,0.14958384614967687,0.02887922983438697,0.8215369240159363
25899,LOF,0.44114168070225057,0.032862919782496,0.5259953995152534
25900,Neutral,0.6881299869649561,0.013908798583396088,0.2979612144516479
25901,LOF,0.1030853813483498,0.013669878814610058,0.8832447398370401
25902,LOF,0.11410978809267841,0.014191337360843922,0.8716988745464775
25903,LOF,0.18003313325222955,0.03045971454386017,0.7895071522039103
25904,Neutral,0.5663606770507784,0.043594126321342,0.39004519662787945
25905,LOF,0.007271920965951073,0.4040224083402429,0.588705670693806
25906,LOF,0.009013198467629704,0.06827275999929347,0.9227140415330768
25907,LOF,0.008130773964603764,0.2563299352070894,0.7355392908283069
25908,LOF,0.008287505608380737,0.2546801625596025,0.7370323318320167
25909,LOF,0.033884743115951105,0.09824212053124137,0.8678731363528075
25910,LOF,0.012053268588822105,0.17551377194324894,0.8124329594679289
25911,LOF,0.18752105604809396,0.026709216451914264,0.7857697274999919
25912,LOF,0.13076140332566555,0.023254897313135247,0.8459836993611991
25913,LOF,0.01823081757926426,0.031781862389318224,0.9499873200314175
25914,LOF,0.043107584109288354,0.028006321548044638,0.928886094342667
25915,LOF,0.17831165865363832,0.21432849023456899,0.6073598511117926
25916,LOF,0.013286795324146715,0.09990200053141882,0.8868112041444345
25917,LOF,0.06912373272570824,0.028988447244911012,0.9018878200293807
25918,LOF,0.040607845108842563,0.016124718950083713,0.9432674359410738
25919,LOF,0.03345652612547621,0.01715085821136211,0.9493926156631617
25920,LOF,0.28619557939422635,0.20197041976493826,0.5118340008408353
25921,LOF,0.020572991560954608,0.017659394863185705,0.9617676135758597
25922,LOF,0.02123014709640756,0.01807528984361931,0.9606945630599731
25923,LOF,0.4575396750721372,0.012329661401401562,0.5301306635264612
25924,LOF,0.03311779802567781,0.021318179201557597,0.9455640227727645
25925,LOF,0.11767319774082875,0.02804814492639991,0.8542786573327714
25926,LOF,0.0989633631017866,0.02132845040308913,0.8797081864951244
25927,LOF,0.029845369308693352,0.031499346545057615,0.938655284146249
25928,LOF,0.016202022345611192,0.017083058913967098,0.9667149187404218
25929,Neutral,0.5868547902742949,0.012046438535126765,0.40109877119057835
25930,LOF,0.10552232867961182,0.01253583868672387,0.8819418326336642
25931,LOF,0.017098170670774075,0.016147952975921167,0.9667538763533047
25932,LOF,0.09649934702216348,0.014023047066759973,0.8894776059110765
25933,LOF,0.10350955661725675,0.009970395289076195,0.8865200480936671
25934,LOF,0.10443496356135416,0.008271496070086107,0.8872935403685598
25935,LOF,0.11943642047170457,0.023687892903946142,0.8568756866243493
25936,LOF,0.10435715711806536,0.008483767942013146,0.8871590749399214
25937,LOF,0.01700589918493937,0.021684503333606164,0.9613095974814545
25938,LOF,0.1176316402949026,0.02156365130182497,0.8608047084032723
25939,LOF,0.06680462915192922,0.01235913733838451,0.9208362335096864
25940,GOF,0.010424370362413346,0.6272343618844443,0.36234126775314235
25941,Neutral,0.5164851899905404,0.040167266054763055,0.4433475439546966
25942,LOF,0.0122534273130311,0.0473358797971919,0.9404106928897771
25943,LOF,0.057467314002758924,0.19607947816030508,0.7464532078369359
25944,LOF,0.04962368375319978,0.11444728695709384,0.8359290292897064
25945,LOF,0.20340497830113113,0.02439896103566326,0.7721960606632056
25946,LOF,0.08698553947819221,0.04165747537187058,0.8713569851499372
25947,Neutral,0.5067036989655879,0.15056724541677088,0.3427290556176413
25948,LOF,0.3650207306339442,0.01342090005052869,0.6215583693155271
25949,LOF,0.1330398316049974,0.0640681595120017,0.8028920088830009
25950,GOF,0.10274983564891768,0.6546067407876391,0.24264342356344323
25951,LOF,0.015251619281397724,0.46866653577625644,0.5160818449423459
25952,LOF,0.17441957109217884,0.2655951838828464,0.5599852450249747
25953,LOF,0.007704785193610188,0.2976448759875621,0.6946503388188277
25954,GOF,0.0688279429970212,0.47480093081499664,0.45637112618798215
25955,LOF,0.01013289831585132,0.3045954202563624,0.6852716814277863
25956,LOF,0.010022626648834226,0.3986722351178124,0.5913051382333534
25957,LOF,0.18012336488169775,0.04973721457638456,0.7701394205419176
25958,LOF,0.03196629479779039,0.06309049954718568,0.904943205655024
25959,GOF,0.007393268746879672,0.7398341189063685,0.2527726123467519
25960,LOF,0.005378040061404836,0.1138456387034376,0.8807763212351577
25961,LOF,0.027190302500264964,0.051119105243601394,0.9216905922561337
25962,LOF,0.03619268602384426,0.0985364045169815,0.8652709094591743
25963,LOF,0.010658459602848376,0.17909802057559235,0.8102435198215593
25964,LOF,0.04766201953401466,0.10303129385041805,0.8493066866155673
25965,LOF,0.17573999818946318,0.1781830563610324,0.6460769454495043
25966,LOF,0.31618146942571723,0.10605851620916842,0.5777600143651144
25967,LOF,0.00626624110346601,0.09909916338053465,0.8946345955159992
25968,LOF,0.04800992693501808,0.2647507751061089,0.687239297958873
25969,LOF,0.13772694975835964,0.08912831258850297,0.7731447376531374
25970,LOF,0.06158897809219257,0.08899111065764391,0.8494199112501635
25971,LOF,0.06842207611003095,0.0342720841445331,0.8973058397454359
25972,LOF,0.0803758197381317,0.043018476711499144,0.8766057035503692
25973,LOF,0.06894253763884613,0.01034437417714236,0.9207130881840115
25974,LOF,0.05787436506373237,0.04517875798292966,0.896946876953338
25975,LOF,0.03223755708596262,0.015149355714435347,0.9526130871996021
25976,LOF,0.09665832445346349,0.012672325146130446,0.8906693504004061
25977,LOF,0.25414481833534286,0.048521892462244004,0.6973332892024131
25978,LOF,0.15554860607454937,0.13867722774831862,0.7057741661771321
25979,LOF,0.11732343106364444,0.14850935752170513,0.7341672114146505
25980,LOF,0.20960492642409587,0.23133493535719502,0.559060138218709
25981,LOF,0.21110728061050651,0.23462386504539393,0.5542688543440996
25982,LOF,0.25927297385769604,0.14356480359806637,0.5971622225442376
25983,LOF,0.4248513353845091,0.13923810256393093,0.43591056205155987
25984,LOF,0.0688800898161328,0.08792276730981595,0.8431971428740513
25985,LOF,0.40866455763448784,0.11341452125717282,0.4779209211083395
25986,LOF,0.013054285627344035,0.3936954073766627,0.5932503069959933
25987,LOF,0.0392684208377187,0.09902916642804095,0.8617024127342404
25988,LOF,0.06257582932668107,0.158017533513748,0.7794066371595708
25989,LOF,0.07418447930317709,0.250267953575126,0.675547567121697
25990,LOF,0.062340744195643186,0.3680758650975033,0.5695833907068535
25991,GOF,0.02307481862713508,0.5835263090632514,0.3933988723096134
25992,LOF,0.011905621834417086,0.46418270136166784,0.5239116768039151
25993,LOF,0.019385621878850193,0.062088817198873644,0.9185255609222762
25994,LOF,0.023624804578235722,0.07568545093111985,0.9006897444906443
25995,LOF,0.01705756870742751,0.12862453041008287,0.8543179008824897
25996,GOF,0.31946556927704634,0.4367537435922441,0.24378068713070958
25997,GOF,0.05408476680241955,0.5759130782138703,0.3700021549837102
25998,LOF,0.23853282206932358,0.034781463367469,0.7266857145632074
25999,LOF,0.02516105504538979,0.30898799838101243,0.6658509465735979
26000,LOF,0.14639632999469712,0.013462423912954602,0.8401412460923482
26001,LOF,0.15750711408550874,0.019671700778593183,0.8228211851358981
26002,LOF,0.09650486289889389,0.021025215322391367,0.8824699217787147
26003,GOF,0.006494538740779869,0.5993705404029305,0.3941349208562898
26004,GOF,0.019833220996158443,0.6061204151098413,0.37404636389400026
26005,GOF,0.005686660412323659,0.49768082835075395,0.4966325112369224
26006,GOF,0.10912856176744576,0.5201482068557014,0.3707232313768528
26007,GOF,0.01098170122767904,0.4951699444456328,0.4938483543266881
26008,GOF,0.00706690313630599,0.5936249256843538,0.3993081711793402
26009,GOF,0.012573684771229356,0.6434677320811617,0.3439585831476089
26010,GOF,0.010741031506826197,0.5723142116570117,0.416944756836162
26011,LOF,0.0061930681953028584,0.41019034240528157,0.5836165893994156
26012,GOF,0.005410220951346452,0.5162260311242486,0.478363747924405
26013,GOF,0.01024966217630696,0.5237654222286814,0.4659849155950117
26014,LOF,0.04051676925013531,0.07775455560214331,0.8817286751477212
26015,LOF,0.31815406473901847,0.026422037831082542,0.655423897429899
26016,LOF,0.2487021145033149,0.028827871645631425,0.7224700138510537
26017,LOF,0.017415976775808834,0.12194508040718664,0.8606389428170046
26018,LOF,0.033071662251508656,0.06023389603856525,0.9066944417099261
26019,LOF,0.03260944526039511,0.051503452062579946,0.9158871026770249
26020,LOF,0.006801199325499061,0.1190083117879463,0.8741904888865547
26021,LOF,0.07898902473288236,0.05349197758489494,0.8675189976822227
26022,LOF,0.04131899713327899,0.02046071283437342,0.9382202900323477
26023,LOF,0.026670209950527612,0.03348820641300692,0.9398415836364654
26024,LOF,0.052268870934864736,0.04070297384374704,0.9070281552213882
26025,LOF,0.13968749938071662,0.039654008119769824,0.8206584924995136
26026,LOF,0.12868108344249032,0.031000998388538415,0.8403179181689713
26027,LOF,0.03223745240326139,0.01965998010868098,0.9481025674880575
26028,LOF,0.07938349090747511,0.16525091581499488,0.7553655932775301
26029,LOF,0.02930115936644844,0.19721602557781695,0.7734828150557347
26030,LOF,0.11839331411382069,0.026107474641466837,0.8554992112447125
26031,LOF,0.014033006028573405,0.17129494811908227,0.8146720458523443
26032,LOF,0.03708961514250904,0.04631666794196783,0.9165937169155232
26033,LOF,0.03992005901616686,0.04894513352742988,0.9111348074564033
26034,LOF,0.01762530705448468,0.11340941647611089,0.8689652764694045
26035,LOF,0.011576217736269214,0.12750941179961633,0.8609143704641143
26036,LOF,0.010869485912156765,0.09962135058207737,0.8895091635057658
26037,LOF,0.010656683285441558,0.1084724202469776,0.8808708964675809
26038,LOF,0.03162271098205999,0.0418744571417852,0.9265028318761547
26039,LOF,0.031117441879846407,0.14750072721053262,0.8213818309096209
26040,LOF,0.08446332795612824,0.12643678951749598,0.7890998825263759
26041,LOF,0.012855498117485093,0.11125846880287102,0.8758860330796439
26042,LOF,0.011842913030222786,0.11725177242988068,0.8709053145398966
26043,LOF,0.03270980335538869,0.07505511786192112,0.8922350787826901
26044,LOF,0.0071458293260838164,0.06814541926223232,0.9247087514116838
26045,LOF,0.07295002189681547,0.21699165402393283,0.7100583240792516
26046,LOF,0.027823214220803198,0.0500160901107794,0.9221606956684173
26047,LOF,0.0676268419097372,0.05044798195253921,0.8819251761377235
26048,LOF,0.07200285128592619,0.029544889285837397,0.8984522594282365
26049,Neutral,0.9434266784370638,0.007037926580008286,0.04953539498292785
26050,Neutral,0.9030591557504111,0.008119204821867345,0.08882163942772169
26051,LOF,0.02778789507695535,0.36831883583550207,0.6038932690875426
26052,LOF,0.02935242865888262,0.3240168364682843,0.6466307348728332
26053,LOF,0.01956845043585652,0.16795524661500677,0.8124763029491368
26054,LOF,0.056791566727851135,0.04367644629186559,0.8995319869802834
26055,LOF,0.0730396892978727,0.042452251021373844,0.8845080596807534
26056,LOF,0.06673143134748438,0.04371343429441977,0.889555134358096
26057,LOF,0.0695183835680921,0.030604158168987004,0.8998774582629209
26058,LOF,0.08166090576348903,0.02415999315329486,0.8941791010832162
26059,LOF,0.21658487535457832,0.0641369182542593,0.7192782063911624
26060,LOF,0.015631304653688848,0.23811942107123646,0.7462492742750747
26061,LOF,0.011018004665854253,0.017479230906390295,0.9715027644277554
26062,LOF,0.005891347433813042,0.031054789357610062,0.9630538632085768
26063,LOF,0.04997192688040632,0.017405677520281323,0.9326223955993124
26064,LOF,0.008006730938224566,0.02679474065313068,0.9651985284086446
26065,LOF,0.06675414235737234,0.030769272636837135,0.9024765850057906
26066,LOF,0.0637027039304054,0.022390257856882204,0.9139070382127124
26067,LOF,0.05444709306216398,0.017462043722728755,0.9280908632151073
26068,LOF,0.05500318509091138,0.03861064528628484,0.9063861696228037
26069,LOF,0.20441143484200702,0.028286751978703138,0.7673018131792897
26070,LOF,0.4297370065135833,0.017229617800623476,0.5530333756857931
26071,LOF,0.04794125757882831,0.020643970204338072,0.9314147722168336
26072,LOF,0.007154395543578363,0.023749561272674687,0.969096043183747
26073,LOF,0.0450018414006361,0.019275383063517237,0.9357227755358467
26074,Neutral,0.6506735156153064,0.014695396644084133,0.33463108774060935
26075,LOF,0.044003508460352204,0.02735484856451727,0.9286416429751305
26076,LOF,0.045170890530404115,0.021683020679649934,0.9331460887899459
26077,LOF,0.15319424571430662,0.01388816688654768,0.8329175873991458
26078,LOF,0.006044214235219495,0.03987713828311681,0.9540786474816637
26079,LOF,0.058953469397038945,0.028513296406046083,0.9125332341969149
26080,LOF,0.05774866018794597,0.02873580235916112,0.913515537452893
26081,LOF,0.04634655208590045,0.01792403525021063,0.935729412663889
26082,LOF,0.006409445533883492,0.02695275812971873,0.9666377963363977
26083,LOF,0.10888799438838315,0.029572048355228357,0.8615399572563884
26084,LOF,0.13351144477123925,0.028987718956892616,0.8375008362718682
26085,LOF,0.12074855380180893,0.02464351232121041,0.8546079338769806
26086,LOF,0.040973286361528076,0.027613560332881235,0.9314131533055906
26087,LOF,0.043877950024934914,0.022049633140452905,0.9340724168346122
26088,LOF,0.006883888334553217,0.04726391881720329,0.9458521928482435
26089,LOF,0.041209686742410385,0.03802977366232253,0.9207605395952672
26090,LOF,0.04067414984390416,0.03475010456135549,0.9245757455947403
26091,LOF,0.03360520478318048,0.016176510566239827,0.9502182846505797
26092,LOF,0.04187862326505657,0.014815415097318176,0.9433059616376254
26093,LOF,0.06148784666060782,0.010460313937666893,0.9280518394017252
26094,LOF,0.03816736193904873,0.013225212725939314,0.948607425335012
26095,LOF,0.012595533941975587,0.030746872159939723,0.9566575938980848
26096,LOF,0.2540871340221453,0.006818220341000913,0.7390946456368538
26097,LOF,0.006316001645712001,0.06387891291343697,0.9298050854408509
26098,LOF,0.055495236189990006,0.028345038110108738,0.9161597256999012
26099,LOF,0.051652484054964,0.03431148944367583,0.9140360265013602
26100,LOF,0.05163265562283826,0.034312206842127484,0.9140551375350342
26101,LOF,0.04675979799231834,0.0632248906084366,0.8900153113992451
26102,LOF,0.04034890989409118,0.027008539992259297,0.9326425501136496
26103,Neutral,0.8973700641832554,0.0363726741944326,0.06625726162231199
26104,LOF,0.05134778662774767,0.06091610601852405,0.8877361073537283
26105,LOF,0.2549503969657989,0.07515913652971462,0.6698904665044865
26106,LOF,0.2735421660965383,0.03524121735981368,0.691216616543648
26107,LOF,0.015828993339637627,0.07242716484786677,0.9117438418124956
26108,LOF,0.16762994652587102,0.05606492740014915,0.7763051260739798
26109,LOF,0.05791907187443124,0.05349892215340724,0.8885820059721615
26110,LOF,0.40388464561593723,0.013170692015450503,0.5829446623686122
26111,LOF,0.07829834587174615,0.0677887987544441,0.8539128553738098
26112,LOF,0.06947834020936447,0.01288012714568899,0.9176415326449466
26113,LOF,0.11134269830757748,0.03031720195261811,0.8583400997398043
26114,LOF,0.10684178554813954,0.011751587425537061,0.8814066270263233
26115,LOF,0.019827011282291085,0.07496330892837158,0.9052096797893373
26116,LOF,0.08012974282281983,0.026605322412149583,0.8932649347650305
26117,LOF,0.35759343350936923,0.03568511783468103,0.6067214486559497
26118,LOF,0.03912443272685409,0.01798451115992275,0.9428910561132232
26119,LOF,0.005905963506282716,0.08258516496945743,0.9115088715242599
26120,LOF,0.03240885558832155,0.013954671813789394,0.9536364725978891
26121,LOF,0.004519299472770935,0.10870814800889896,0.8867725525183301
