feature0,prediction,LoGoFunc_Neutral,LoGoFunc_GOF,LoGoFunc_LOF
25546,Neutral,0.757796790523747,0.02489482064189328,0.21730838883435968
25547,Neutral,0.6040530246377399,0.06252655832244888,0.3334204170398111
25548,Neutral,0.575752901540532,0.045459808132409234,0.3787872903270588
25549,Neutral,0.4946982400694783,0.0454570298634277,0.459844730067094
25550,LOF,0.318721671686751,0.1201515248186158,0.5611268034946333
25551,LOF,0.26900255876361795,0.13205311628569316,0.5989443249506889
25552,LOF,0.18234827917882424,0.13236892618371138,0.6852827946374643
25553,Neutral,0.8346850335577082,0.027643319745920297,0.13767164669637133
25554,LOF,0.218165600909609,0.12206317656258622,0.6597712225278047
25555,LOF,0.17318442517731572,0.10176154988105827,0.7250540249416261
25556,LOF,0.3831692029559436,0.10254970529777893,0.5142810917462776
25557,LOF,0.1687724392487654,0.11119758166232116,0.7200299790889134
25558,LOF,0.2139574222376252,0.12356260048910718,0.6624799772732677
25559,LOF,0.36267890713130757,0.059396088119430646,0.5779250047492619
25560,LOF,0.056114560099377625,0.18540716397214976,0.7584782759284726
25561,LOF,0.11089489136668883,0.21352208258679262,0.6755830260465187
25562,LOF,0.10019105324775394,0.08063065889665984,0.8191782878555863
25563,LOF,0.10786721838091817,0.07933033082799969,0.812802450791082
25564,LOF,0.16208857855793565,0.15219385148900952,0.6857175699530548
25565,LOF,0.13994499364780819,0.16772017560711885,0.692334830745073
25566,GOF,0.014688811097878911,0.7544466800888431,0.23086450881327789
25567,LOF,0.013678848739772036,0.12264458928276073,0.8636765619774673
25568,LOF,0.05411077753238624,0.058728928970162055,0.8871602934974517
25569,LOF,0.06585980563703543,0.062498570645217084,0.8716416237177476
25570,LOF,0.06443615357587583,0.09469729652647167,0.8408665498976524
25571,LOF,0.06078045153366312,0.09016881535777893,0.8490507331085579
25572,LOF,0.06444069704499933,0.14122585256756634,0.7943334503874344
25573,LOF,0.029498043543880935,0.09191967645884426,0.8785822799972748
25574,LOF,0.017796304050119765,0.14488630774685027,0.8373173882030299
25575,LOF,0.05376886727414767,0.10219880699561976,0.8440323257302327
25576,LOF,0.02144497588591274,0.11717785864014334,0.8613771654739439
25577,LOF,0.015752977971211127,0.13901497540510216,0.8452320466236868
25578,LOF,0.2240256116142281,0.08456144787433634,0.6914129405114356
25579,LOF,0.2256331547271219,0.08379053980521581,0.6905763054676624
25580,LOF,0.03541751122739734,0.083041194754167,0.8815412940184356
25581,LOF,0.05050338716470941,0.07120880080131808,0.8782878120339725
25582,LOF,0.050520595083270226,0.06769860688998362,0.8817807980267461
25583,LOF,0.04459059475716003,0.09048543082127326,0.8649239744215668
25584,LOF,0.45482046555429273,0.0779684513804672,0.4672110830652402
25585,LOF,0.03537357429697831,0.10164640158978316,0.8629800241132385
25586,LOF,0.03742426737691662,0.074181133134143,0.8883945994889403
25587,LOF,0.03463544369139029,0.07151297704681324,0.8938515792617964
25588,LOF,0.03748594854328977,0.09730329980194258,0.8652107516547677
25589,Neutral,0.6096222023943618,0.10267033406698824,0.28770746353864995
25590,LOF,0.028214245561770043,0.13022204759647463,0.8415637068417553
25591,LOF,0.1158335217419894,0.056795438480831024,0.8273710397771795
25592,LOF,0.10250601070062478,0.1369610541404489,0.7605329351589264
25593,LOF,0.017735375195189983,0.23212318481359986,0.7501414399912102
25594,LOF,0.037262515887951285,0.17678281006589164,0.7859546740461572
25595,LOF,0.05780325709755555,0.13219063038961382,0.8100061125128307
25596,LOF,0.0664223903907697,0.0867181890412669,0.8468594205679633
25597,LOF,0.061085949404004296,0.0653317210117925,0.8735823295842032
25598,LOF,0.047933448094847696,0.16351079315259975,0.7885557587525526
25599,GOF,0.007783479559670094,0.7968339960074597,0.19538252443287002
25600,GOF,0.010082805418484142,0.5768247496424128,0.413092444939103
25601,LOF,0.007637866741009279,0.4552151203413521,0.5371470129176386
25602,LOF,0.021047826430281878,0.0515818067734121,0.927370366796306
25603,LOF,0.03428612780316262,0.039388109534308366,0.9263257626625291
25604,LOF,0.04759850615222714,0.05684475761315796,0.895556736234615
25605,LOF,0.010316850019845714,0.250396409082515,0.7392867408976392
25606,LOF,0.059101582497392675,0.443132246752972,0.4977661707496352
25607,LOF,0.004515938576595296,0.15718645134066728,0.8382976100827374
25608,LOF,0.06453076131644842,0.06001172854333451,0.8754575101402171
25609,LOF,0.06861898265892379,0.40030233668339266,0.5310786806576835
25610,LOF,0.04560116002117741,0.036952715035386496,0.9174461249434361
25611,LOF,0.05623984178429618,0.033586826483122965,0.9101733317325807
25612,LOF,0.12369467590617243,0.05564133731297606,0.8206639867808516
25613,LOF,0.09723874008333272,0.053276550587452835,0.8494847093292145
25614,LOF,0.03828075814005171,0.04638237545829815,0.9153368664016502
25615,LOF,0.05643633397756116,0.045922886394131696,0.8976407796283072
25616,LOF,0.03675498195984243,0.044879157075812935,0.9183658609643447
25617,LOF,0.037299070728285005,0.051559101794035556,0.9111418274776794
25618,LOF,0.23182135717964905,0.04435012924218009,0.7238285135781709
25619,LOF,0.03832174231696054,0.040608080013020256,0.9210701776700192
25620,LOF,0.04477808136545754,0.057801902837474065,0.8974200157970683
25621,LOF,0.03829199544692635,0.03782915182360357,0.9238788527294701
25622,LOF,0.03508692842379634,0.05163916622686858,0.9132739053493351
25623,LOF,0.07091581196918134,0.03808462905623972,0.8909995589745789
25624,LOF,0.03148952725424013,0.05429232232252917,0.9142181504232306
25625,LOF,0.039231723299483184,0.059442067552445285,0.9013262091480715
25626,LOF,0.08912740356717318,0.04067692540744271,0.8701956710253841
25627,Neutral,0.5828064307945588,0.10249965840368265,0.31469391080175846
25628,LOF,0.2083271123409314,0.056710051419862025,0.7349628362392066
25629,LOF,0.07876051687968548,0.13730294793497944,0.7839365351853351
25630,LOF,0.1943459630611117,0.10559387781998034,0.700060159118908
25631,Neutral,0.6070106749891808,0.07569106028893369,0.31729826472188555
25632,LOF,0.024780954318869362,0.08370418904355968,0.8915148566375709
25633,LOF,0.2501149704058896,0.10086185760340828,0.6490231719907021
25634,LOF,0.03940351453966124,0.12129783627851905,0.8392986491818196
25635,LOF,0.04710833804357126,0.09006873076029841,0.8628229311961304
25636,GOF,0.006099723214335082,0.6408236635099999,0.35307661327566514
25637,GOF,0.005339234044775746,0.559436123475138,0.43522464248008613
25638,LOF,0.00997993214530225,0.4645317708386717,0.525488297016026
25639,LOF,0.005279615044850958,0.432893163255756,0.561827221699393
25640,GOF,0.3662379787911378,0.5984283715474885,0.03533364966137372
25641,LOF,0.006610028547450095,0.298498130527881,0.6948918409246688
25642,LOF,0.2549550694966232,0.06577295888441502,0.6792719716189617
25643,LOF,0.18521271919929114,0.2559571544044039,0.5588301263963049
25644,GOF,0.03006330175244048,0.6911774094347279,0.27875928881283163
25645,GOF,0.018745370276880006,0.6449678807584851,0.336286748964635
25646,GOF,0.02048623487071063,0.5008491066713413,0.47866465845794803
25647,LOF,0.017000099333746167,0.3704352913962563,0.6125646092699975
25648,LOF,0.014981879293707309,0.4012378202307811,0.5837803004755115
25649,LOF,0.01430466466047853,0.29491864598872036,0.690776689350801
25650,GOF,0.04412403191288597,0.6929671441259124,0.2629088239612016
25651,LOF,0.012136027340954916,0.3451694963119425,0.6426944763471026
25652,LOF,0.02079899840239859,0.36128676108568203,0.6179142405119193
25653,GOF,0.09074453199541636,0.5936890942084819,0.3155663737961018
25654,LOF,0.014472892012220679,0.3785297948460219,0.6069973131417574
25655,GOF,0.11038527418281877,0.5352605470459261,0.35435417877125513
25656,LOF,0.060342583905919865,0.09173828086023161,0.8479191352338485
25657,LOF,0.3025246196811781,0.03576523868960054,0.6617101416292213
25658,LOF,0.03181322820004156,0.13567580369134588,0.8325109681086125
25659,LOF,0.21127354357124617,0.08296713700868596,0.7057593194200678
25660,LOF,0.09759769640782297,0.09965166915450317,0.8027506344376739
25661,LOF,0.0734552391965023,0.06798078063319236,0.8585639801703052
25662,LOF,0.03406270880583394,0.04475625640942659,0.9211810347847396
25663,LOF,0.04132601539148825,0.08404959153729681,0.874624393071215
25664,LOF,0.030473948728226657,0.13600316670213133,0.8335228845696419
25665,LOF,0.057092135287746176,0.04688165250239193,0.8960262122098619
25666,LOF,0.03825515418794488,0.1921824409896489,0.7695624048224062
25667,LOF,0.0332451405824923,0.05841089257391149,0.9083439668435961
25668,LOF,0.03988678006284367,0.06028575252165001,0.8998274674155062
25669,LOF,0.05109053842688466,0.09488615904283082,0.8540233025302845
25670,LOF,0.13741086568841424,0.10386472940594592,0.7587244049056397
25671,LOF,0.04198167258044139,0.052764034964800054,0.9052542924547584
25672,LOF,0.05259535426631781,0.0812967717816553,0.8661078739520268
25673,LOF,0.03840935165272378,0.09191255646683243,0.8696780918804439
25674,LOF,0.02976341833842803,0.1039669976015652,0.8662695840600068
25675,LOF,0.036848083417634396,0.08748004901896325,0.8756718675634023
25676,LOF,0.03406944696083258,0.06773566086667619,0.8981948921724913
25677,LOF,0.0822015967793137,0.05726683507610908,0.8605315681445772
25678,LOF,0.1526824380167512,0.054516387597364685,0.792801174385884
25679,LOF,0.10733337473257226,0.07683295089824288,0.8158336743691849
25680,LOF,0.09143990655800933,0.08817121992815337,0.8203888735138374
25681,LOF,0.10058449655995069,0.07936798108034661,0.8200475223597027
25682,LOF,0.051689595235460545,0.07618888849066228,0.8721215162738772
25683,LOF,0.07661313754303706,0.11797120427127754,0.8054156581856854
25684,LOF,0.06403129218126011,0.07093987916491216,0.8650288286538278
25685,LOF,0.1082511679824005,0.054994367768642465,0.8367544642489572
25686,LOF,0.036293299946852105,0.1165714735997459,0.847135226453402
25687,LOF,0.06789698688008754,0.10325396925590025,0.8288490438640121
25688,LOF,0.01726772516358643,0.07887512448220503,0.9038571503542084
25689,LOF,0.01505851517458793,0.05013846547227782,0.9348030193531341
25690,LOF,0.01678834282325962,0.05635519008558117,0.9268564670911592
25691,LOF,0.10663013997785943,0.08812793257220437,0.8052419274499362
25692,LOF,0.17595673976697873,0.01316216596941106,0.8108810942636103
25693,LOF,0.046329059641179206,0.15476923353204028,0.7989017068267804
25694,LOF,0.28384242537891824,0.014192399993154213,0.7019651746279276
25695,LOF,0.21458665497042934,0.021812517957190407,0.7636008270723802
25696,LOF,0.16821102894015946,0.015583708314403786,0.8162052627454367
25697,LOF,0.11566195735295547,0.038120398446641224,0.8462176442004032
25698,LOF,0.022399729314621832,0.3277780231602069,0.6498222475251713
25699,LOF,0.08858555753740839,0.11186263343397734,0.7995518090286142
25700,LOF,0.03323311632174259,0.017794025211637865,0.9489728584666196
25701,LOF,0.015815396359710104,0.1029883816665079,0.8811962219737821
25702,GOF,0.022400143196013793,0.749241588441395,0.22835826836259113
25703,LOF,0.015375177154745234,0.20032453952675935,0.7843002833184954
25704,LOF,0.0871065943682966,0.20423819582842206,0.7086552098032813
25705,LOF,0.09654020858395798,0.2831722927421732,0.6202874986738689
25706,GOF,0.022761314892674456,0.6326710821092107,0.34456760299811495
25707,GOF,0.024617401771424033,0.6330398648949238,0.3423427333336521
25708,GOF,0.008694811728045503,0.5964698510281385,0.3948353372438159
25709,LOF,0.02629053366256522,0.09845181160755741,0.8752576547298775
25710,LOF,0.005609731490282004,0.2786588505095958,0.7157314180001222
25711,LOF,0.02996106467737953,0.15540072288329218,0.8146382124393282
25712,LOF,0.007455098915438514,0.32107629359380047,0.671468607490761
25713,LOF,0.02462959821582755,0.1421305217650815,0.8332398800190909
25714,LOF,0.028444011563836073,0.1730938936060426,0.7984620948301213
25715,LOF,0.03080284475751566,0.15798366565941632,0.811213489583068
25716,LOF,0.009341569216403167,0.18037679382760766,0.8102816369559891
25717,LOF,0.005969008776510124,0.19729842691886557,0.7967325643046244
25718,LOF,0.027270219934318503,0.11239354853711175,0.8603362315285696
25719,LOF,0.036795338684313714,0.1276024839518691,0.8356021773638171
25720,LOF,0.03530302064446519,0.13287932675280342,0.8318176526027314
25721,LOF,0.03239362635130078,0.11516579185916474,0.8524405817895344
25722,LOF,0.019658412726867646,0.15860983273121357,0.8217317545419188
25723,LOF,0.03135829214912266,0.1019547797167448,0.8666869281341326
25724,LOF,0.029640947429044634,0.18954784754167192,0.7808112050292834
25725,LOF,0.032061741947560445,0.10225621726087188,0.8656820407915677
25726,LOF,0.01940202787164665,0.14312604350447788,0.8374719286238755
25727,LOF,0.026170671725946636,0.14576184191588257,0.8280674863581707
25728,LOF,0.028901246623082633,0.12552028996727727,0.8455784634096402
25729,LOF,0.027901767641522513,0.14497377039300868,0.8271244619654688
25730,LOF,0.03108174648147098,0.10452606789253925,0.8643921856259897
25731,LOF,0.011186843551974964,0.2533584510755931,0.7354547053724318
25732,LOF,0.023209925576399254,0.11495974598289595,0.8618303284407048
25733,LOF,0.036062336481875526,0.11606368224633837,0.847873981271786
25734,LOF,0.006398311665755329,0.3405633708445189,0.6530383174897259
25735,LOF,0.02732859816582977,0.09036316806736736,0.8823082337668028
25736,LOF,0.02577471063454513,0.14917960206234493,0.8250456873031099
25737,LOF,0.05976895797765944,0.15225178650461352,0.7879792555177271
25738,LOF,0.026470880873386088,0.18166290707334826,0.7918662120532656
25739,LOF,0.03142294897034031,0.1531533568253261,0.8154236942043336
25740,LOF,0.033076236434294325,0.1640746108170834,0.8028491527486222
25741,LOF,0.040204721239523525,0.1525637852290522,0.8072314935314242
25742,LOF,0.05012587717354292,0.1537077070081425,0.7961664158183145
25743,LOF,0.012032731681232558,0.022332158334018953,0.9656351099847484
25744,LOF,0.2803370068180597,0.20093425275424254,0.5187287404276978
25745,LOF,0.04903664458875711,0.06016869038794768,0.8907946650232953
25746,LOF,0.018382326703394663,0.10010273463709204,0.8815149386595132
25747,LOF,0.03926155651210676,0.024048112011944324,0.9366903314759489
25748,LOF,0.28497094691269165,0.04942853737390474,0.6656005157134036
25749,LOF,0.015565824412883945,0.05326685209568149,0.9311673234914345
25750,LOF,0.024471941377351904,0.056852667499292485,0.9186753911233556
25751,LOF,0.04303118891022641,0.04180006367090568,0.9151687474188679
25752,GOF,0.07976175474138118,0.7040867687943446,0.21615147646427424
25753,LOF,0.00586273485888547,0.4402061109708215,0.5539311541702929
25754,GOF,0.007246523146751291,0.8759069438197986,0.11684653303344998
25755,LOF,0.005462436830122761,0.4667487454722331,0.5277888176976441
25756,LOF,0.02364614425209411,0.4765431869853138,0.4998106687625921
25757,GOF,0.00787452717952461,0.8621926593201477,0.12993281350032787
25758,GOF,0.009115534499328361,0.8670988759436593,0.12378558955701226
25759,GOF,0.005839739777004199,0.6599115664059306,0.33424869381706507
25760,LOF,0.0049109659854699944,0.3690392247666568,0.6260498092478732
25761,GOF,0.04692654607273707,0.8477899340402452,0.10528351988701765
25762,LOF,0.024455273231853404,0.40831726256629625,0.5672274642018504
25763,LOF,0.0051562451426667025,0.31439041773211013,0.6804533371252232
25764,GOF,0.05645652854128686,0.6553690328421743,0.2881744386165387
25765,GOF,0.007722834065919322,0.8753437145242571,0.11693345140982365
25766,GOF,0.046091093423167334,0.8188527364697632,0.13505617010706944
25767,LOF,0.02023678256940371,0.4696380577722107,0.5101251596583856
25768,LOF,0.05534416510065713,0.04874140933007533,0.8959144255692675
25769,LOF,0.03460088677109923,0.08086830888928373,0.884530804339617
25770,LOF,0.19369902504376765,0.07923647321514472,0.7270645017410876
25771,LOF,0.017260185662419377,0.0637282854202934,0.9190115289172872
25772,LOF,0.03337961481733079,0.02545820937571722,0.9411621758069519
25773,LOF,0.019615003770079235,0.07163927543337004,0.9087457207965507
25774,LOF,0.029488934887316846,0.1046690556990013,0.865842009413682
25775,LOF,0.02132714513190438,0.03861989923764909,0.9400529556304466
25776,LOF,0.03486962546547476,0.022025955973720528,0.9431044185608046
25777,LOF,0.2762964758733306,0.07080798387212073,0.6528955402545487
25778,LOF,0.02694914548363465,0.051722492342330575,0.9213283621740347
25779,GOF,0.0766862028844756,0.8557272381260094,0.06758655898951514
25780,GOF,0.10667597692467087,0.8369921147526846,0.056331908322644654
25781,GOF,0.040008763128151846,0.8430926586898292,0.11689857818201915
25782,GOF,0.04966236280240789,0.8916354703072585,0.058702166890333564
25783,GOF,0.048096661839537785,0.9041864435782099,0.04771689458225232
25784,GOF,0.13238778639490636,0.8220618952674934,0.04555031833760029
25785,GOF,0.13880755502729655,0.8250779698891715,0.03611447508353204
25786,GOF,0.014384799019076494,0.8730170324756267,0.11259816850529686
25787,GOF,0.27517470063032345,0.6798658105623482,0.04495948880732834
25788,LOF,0.0191476903420979,0.149565531788271,0.831286777869631
25789,GOF,0.023662011777920634,0.8193160845775209,0.15702190364455854
25790,GOF,0.03828708327745886,0.8484582643679246,0.11325465235461671
25791,GOF,0.039798251740500355,0.7263000111466499,0.23390173711284976
25792,GOF,0.046292768660624255,0.7680342472881334,0.18567298405124236
25793,GOF,0.06078394843449376,0.8000021317358461,0.13921391982966008
25794,GOF,0.0661541430101471,0.7155120736842693,0.2183337833055836
25795,GOF,0.0741829208626242,0.684806530814658,0.24101054832271782
25796,GOF,0.15605456006259408,0.7498440219352245,0.09410141800218137
25797,GOF,0.12356563701549626,0.6944469233616903,0.18198743962281347
25798,GOF,0.008170260239187323,0.7180997961714001,0.2737299435894126
25799,GOF,0.005094560998862214,0.6403397258376783,0.3545657131634594
25800,GOF,0.03526849316439754,0.7978753970738363,0.16685610976176604
25801,GOF,0.029860413088074463,0.8852257379166277,0.08491384899529777
25802,GOF,0.04162482145252612,0.7632022014737743,0.19517297707369957
25803,GOF,0.02608943450666707,0.6550336580137047,0.31887690747962827
25804,GOF,0.041754979784056886,0.7132618433479214,0.2449831768680216
25805,GOF,0.04269806174400959,0.73217929465657,0.22512264359942055
25806,GOF,0.05838205914481538,0.7429550972425993,0.19866284361258527
25807,GOF,0.01638276675475652,0.6940832850875431,0.2895339481577003
25808,GOF,0.03302384974602601,0.7156629550778197,0.2513131951761543
25809,GOF,0.014985458461597342,0.6701206907515806,0.3148938507868221
25810,GOF,0.012995240535171914,0.6590656710603803,0.3279390884044477
25811,GOF,0.06826213707078985,0.8510469987060362,0.08069086422317397
25812,GOF,0.035442431527207024,0.7282543788444262,0.23630318962836677
25813,GOF,0.19456615828676252,0.7202553346309497,0.08517850708228783
25814,GOF,0.043449879667687076,0.7461911054906636,0.21035901484164926
25815,GOF,0.07134095421265713,0.8135496084536956,0.11510943733364716
25816,GOF,0.011858693024526974,0.8478950055865538,0.14024630138891928
25817,GOF,0.134865522669424,0.751337250405756,0.11379722692481996
25818,GOF,0.03194603163940173,0.7294348278066748,0.23861914055392353
25819,GOF,0.06076287230156697,0.7155270449733823,0.2237100827250509
25820,GOF,0.05984630641221118,0.6598915079375336,0.2802621856502553
25821,GOF,0.04050476495285145,0.7119750769514113,0.2475201580957372
25822,GOF,0.07992970550380235,0.6639183640563769,0.25615193043982076
25823,GOF,0.03614797542906508,0.6492155916281488,0.31463643294278615
25824,GOF,0.041928569643699155,0.7198583653408439,0.23821306501545692
25825,GOF,0.032543050025232556,0.7061279400477793,0.261329009926988
25826,GOF,0.0146909886421071,0.6571866760377995,0.32812233532009344
25827,GOF,0.018866221875076243,0.6422869688342099,0.33884680929071387
25828,GOF,0.015977617057588673,0.6818879117122526,0.30213447123015885
25829,GOF,0.005229763658671201,0.6113763055809642,0.38339393076036465
25830,LOF,0.04527795418346154,0.46599502990272,0.4887270159138185
25831,GOF,0.07202503198345656,0.762233551602296,0.16574141641424758
25832,GOF,0.01261986012031286,0.7038596080899627,0.28352053178972436
25833,GOF,0.044563361390823904,0.7766671649064266,0.17876947370274948
25834,GOF,0.012932106843446907,0.7229311975222421,0.26413669563431097
25835,GOF,0.03060870347825982,0.7715606774721278,0.19783061904961247
25836,GOF,0.008600276603708054,0.687917146042493,0.3034825773537989
25837,GOF,0.013250740027776098,0.705589139965409,0.28116012000681484
25838,GOF,0.03289466665900323,0.7725505043923928,0.19455482894860393
25839,GOF,0.09429486785945031,0.7536943587233718,0.15201077341717792
25840,GOF,0.11597132405694383,0.7302534191476594,0.15377525679539683
25841,GOF,0.1127241925836858,0.7659538704213122,0.12132193699500211
25842,GOF,0.03867555713801955,0.8389123137681362,0.12241212909384418
25843,GOF,0.03712525067632379,0.8490640708005674,0.11381067852310871
25844,GOF,0.024633587845758444,0.7799216366930747,0.19544477546116684
25845,GOF,0.007167273394192197,0.687540681829546,0.3052920447762618
25846,GOF,0.07794983362476925,0.8017756289061786,0.12027453746905215
25847,GOF,0.023745338312334746,0.8510928270728572,0.125161834614808
25848,GOF,0.030326391458846334,0.8099975097913391,0.1596760987498145
25849,GOF,0.009259637744340235,0.7835450996742592,0.20719526258140059
25850,GOF,0.008442412967018132,0.6698076199459497,0.32174996708703224
25851,GOF,0.008075931972946922,0.6201464943324437,0.3717775736946094
25852,GOF,0.164876068070729,0.5258934036222752,0.3092305283069957
25853,GOF,0.07697483845746739,0.7489091782382815,0.17411598330425115
25854,GOF,0.0066137018821495926,0.6409792307567165,0.35240706736113403
25855,GOF,0.023555398108694534,0.6242082309207972,0.35223637097050825
25856,GOF,0.04363125268573201,0.696294962652235,0.26007378466203296
25857,GOF,0.02338466961280258,0.6335779775363939,0.34303735285080345
25858,GOF,0.012618873432264859,0.6012915458886718,0.38608958067906324
25859,GOF,0.008958683959354624,0.5675707023131887,0.4234706137274566
25860,GOF,0.09461343636863377,0.6996276934505645,0.20575887018080177
25861,GOF,0.12210758799081055,0.7437740858612772,0.13411832614791222
25862,GOF,0.02986785509341963,0.8454458069720233,0.12468633793455698
25863,GOF,0.02568470706038786,0.8437315319667057,0.13058376097290658
25864,GOF,0.07853842013866678,0.8392029531839248,0.08225862667740833
25865,GOF,0.06708754753429925,0.800228167040418,0.13268428542528266
25866,GOF,0.029869668568685975,0.8191956816895976,0.15093464974171633
25867,GOF,0.04980423208783854,0.8247407136137019,0.12545505429845943
25868,GOF,0.08842358672666568,0.7439046254739743,0.16767178779936
25869,GOF,0.4035021104290727,0.4605583132619944,0.1359395763089329
25870,GOF,0.08217031637173504,0.48544325981106984,0.4323864238171951
25871,GOF,0.012300050810422378,0.7957643891825101,0.19193556000706744
25872,GOF,0.02687384239025559,0.7634177695316448,0.20970838807809963
25873,GOF,0.02352064912343856,0.835530847380476,0.1409485034960854
25874,LOF,0.019667431896843238,0.1610215752327957,0.8193109928703611
25875,LOF,0.02353896144621311,0.08492704893176102,0.8915339896220259
25876,LOF,0.021195218433831927,0.06702051387886421,0.9117842676873039
25877,LOF,0.10311558508187833,0.17310778204698835,0.7237766328711333
25878,LOF,0.08199188783364446,0.2024050308365273,0.7156030813298283
25879,LOF,0.011883498933455446,0.15554270657395453,0.8325737944925901
25880,LOF,0.07783995585465095,0.0201925477295199,0.9019674964158292
25881,Neutral,0.572429512527865,0.08736544452793567,0.3402050429441993
25882,LOF,0.06511399267443013,0.025713944933147576,0.9091720623924222
25883,LOF,0.03089768469163113,0.025403427627508104,0.9436988876808607
25884,LOF,0.021188296221960293,0.0400459748278489,0.9387657289501907
25885,LOF,0.1959740273798017,0.013269226214194099,0.7907567464060041
25886,LOF,0.24838218359927564,0.052131275123090584,0.6994865412776338
25887,LOF,0.0918082009156074,0.10736275391128003,0.8008290451731125
25888,LOF,0.008386580129894494,0.15278215601254008,0.8388312638575655
25889,LOF,0.027327965337951055,0.03542759938836573,0.9372444352736832
25890,LOF,0.19926028103533444,0.06030345264843697,0.7404362663162286
25891,LOF,0.10902172171895234,0.030388575273573377,0.8605897030074743
25892,LOF,0.009000630255585307,0.03170462392784415,0.9592947458165705
25893,LOF,0.3467250026508172,0.0109914446161366,0.6422835527330463
25894,LOF,0.3519110175784624,0.007173087182747317,0.6409158952387902
25895,LOF,0.28418462201151073,0.015024812135706151,0.7007905658527832
25896,LOF,0.07810155705413448,0.03219602083429694,0.8897024221115687
25897,LOF,0.1245320887926895,0.012111844146780265,0.8633560670605303
25898,LOF,0.11767680133933572,0.03169243916326576,0.8506307594973985
25899,LOF,0.4106795999238782,0.03216917256392226,0.5571512275121995
25900,Neutral,0.620687489789746,0.011615247931814668,0.3676972622784393
25901,LOF,0.10154197989588706,0.012450105480416643,0.8860079146236963
25902,LOF,0.10021979334001989,0.015428981588216284,0.8843512250717638
25903,LOF,0.2221078029457885,0.02843535242663818,0.7494568446275732
25904,Neutral,0.5394318542075923,0.04396569543200647,0.4166024503604012
25905,LOF,0.007438997768153378,0.3746165737891691,0.6179444284426776
25906,LOF,0.009972630933274692,0.06883663813560348,0.9211907309311218
25907,LOF,0.009076120372333081,0.23037301723893314,0.7605508623887338
25908,LOF,0.009702245822679359,0.2355146702627974,0.7547830839145233
25909,LOF,0.030992760345741492,0.09346552694811097,0.8755417127061477
25910,LOF,0.0120896711287537,0.14834714807070098,0.8395631808005453
25911,LOF,0.17095440889863123,0.02557846629764602,0.8034671248037227
25912,LOF,0.11204297944858012,0.021432236409195855,0.866524784142224
25913,LOF,0.017197468315119504,0.03237403621735059,0.9504284954675299
25914,LOF,0.04633792283779833,0.02370678627160997,0.9299552908905916
25915,LOF,0.1887220209352388,0.1670744203495834,0.6442035587151778
25916,LOF,0.014715381187784924,0.08699328283098334,0.8982913359812318
25917,LOF,0.08458350683807461,0.028063220996047442,0.887353272165878
25918,LOF,0.044265130146923466,0.014531244375204318,0.9412036254778722
25919,LOF,0.035753514760033626,0.013939663404713771,0.9503068218352526
25920,LOF,0.33928583889742087,0.20225642725156553,0.4584577338510137
25921,LOF,0.019504312006342398,0.018858508664392006,0.9616371793292655
25922,LOF,0.017116936972136045,0.02014572417444397,0.96273733885342
25923,LOF,0.4508858703764653,0.012999454905788209,0.5361146747177465
25924,LOF,0.027665117602904667,0.022564014494479544,0.9497708679026159
25925,LOF,0.10995204466656314,0.02414536784803514,0.8659025874854017
25926,LOF,0.09654101271721788,0.015526821926907386,0.8879321653558747
25927,LOF,0.02502774494230777,0.044176551816061234,0.930795703241631
25928,LOF,0.013915202865204838,0.02576925333287655,0.9603155438019185
25929,Neutral,0.5969500547742252,0.012716812935419446,0.39033313229035527
25930,LOF,0.10332471213711071,0.012018911499063114,0.8846563763638262
25931,LOF,0.016244768964038155,0.01631081058418678,0.967444420451775
25932,LOF,0.08929876381725368,0.015928165904113507,0.8947730702786328
25933,LOF,0.09449464450890727,0.009786133448748645,0.895719222042344
25934,LOF,0.09314164046131575,0.007537133333387033,0.8993212262052973
25935,LOF,0.11114568656993096,0.021626925933601975,0.867227387496467
25936,LOF,0.11433059342088425,0.008599609019658937,0.8770697975594567
25937,LOF,0.024764279888577854,0.014600158021043235,0.9606355620903788
25938,LOF,0.11502065004263352,0.020479171842227282,0.8645001781151392
25939,LOF,0.07513704491776865,0.01197007830862864,0.9128928767736028
25940,GOF,0.01092408116546025,0.5253988166542494,0.46367710218029023
25941,Neutral,0.47997603617978574,0.040836788396852286,0.4791871754233621
25942,LOF,0.010468226919022786,0.05285077344787748,0.9366809996330998
25943,LOF,0.05211371395152548,0.1820165638634906,0.765869722184984
25944,LOF,0.055795948540955854,0.08475879741728613,0.8594452540417581
25945,LOF,0.16366486041352096,0.027298347860886935,0.8090367917255922
25946,LOF,0.07683916452616238,0.031135851738428075,0.8920249837354096
25947,Neutral,0.4782152164349928,0.12823665934263606,0.39354812422237107
25948,LOF,0.3873391036429075,0.012867847178274354,0.5997930491788181
25949,LOF,0.13249818136829056,0.06089356527194047,0.806608253359769
25950,GOF,0.11574975818043956,0.5731178495980294,0.31113239222153116
25951,LOF,0.011133096506379388,0.457139835150997,0.5317270683426236
25952,LOF,0.19067565285886506,0.2570131370394979,0.5523112101016371
25953,LOF,0.008124242298768158,0.34967682960152985,0.6421989280997019
25954,GOF,0.09317863487658741,0.48603237071722943,0.4207889944061833
25955,LOF,0.010663802203980423,0.22639901871600743,0.7629371790800122
25956,LOF,0.009967212338588452,0.3420705629221443,0.6479622247392672
25957,LOF,0.14858694914916104,0.04354147402356228,0.8078715768272767
25958,LOF,0.03191842006945644,0.06359794341440979,0.9044836365161338
25959,GOF,0.006694468310346666,0.7591358737000226,0.23416965798963085
25960,LOF,0.004813559865264049,0.14079705560802253,0.8543893845267133
25961,LOF,0.027871845574759586,0.04868078398121215,0.9234473704440282
25962,LOF,0.03283100693041281,0.08775320252596526,0.879415790543622
25963,LOF,0.009176972123359798,0.1344226341033404,0.8564003937732998
25964,LOF,0.04347113112376807,0.10850044314687282,0.8480284257293591
25965,LOF,0.19467399509283811,0.1687914699610209,0.6365345349461411
25966,LOF,0.313919123935472,0.12395017703817458,0.5621306990263534
25967,LOF,0.006569814810522442,0.10078117189208223,0.8926490132973953
25968,LOF,0.050313872554760684,0.24244113698253722,0.7072449904627022
25969,LOF,0.1511067407719501,0.06409611855723658,0.7847971406708133
25970,LOF,0.059422098067798065,0.057300667471394,0.883277234460808
25971,LOF,0.0665872677683134,0.028058752529112708,0.9053539797025739
25972,LOF,0.08300021810281713,0.05637198324748926,0.8606277986496936
25973,LOF,0.06149198802331012,0.012947492198074458,0.9255605197786154
25974,LOF,0.0666795064536283,0.04848154045243608,0.8848389530939357
25975,LOF,0.04045268674523521,0.01746151931539025,0.9420857939393744
25976,LOF,0.09092836925947334,0.014519992709058384,0.8945516380314683
25977,LOF,0.23559023806892887,0.05514195044006424,0.7092678114910069
25978,LOF,0.15383325084054916,0.1551979279008944,0.6909688212585565
25979,LOF,0.12480946650499729,0.17943215591182438,0.6957583775831783
25980,LOF,0.19683749404075487,0.250437214915809,0.552725291043436
25981,LOF,0.19926203410547522,0.2550048821903407,0.545733083704184
25982,LOF,0.3599451708778891,0.14178305803135455,0.4982717710907563
25983,Neutral,0.4307531222248935,0.14794903501234485,0.42129784276276155
25984,LOF,0.07456542608609232,0.07927726884099064,0.8461573050729171
25985,Neutral,0.4911354657886491,0.1303945081671625,0.3784700260441884
25986,LOF,0.014844261385370311,0.4383915001332024,0.5467642384814273
25987,LOF,0.04071780154338149,0.1011989214148668,0.8580832770417517
25988,LOF,0.06976992835089779,0.13885303692403753,0.7913770347250647
25989,LOF,0.07983485573281085,0.2172967507033921,0.702868393563797
25990,LOF,0.0598310934688779,0.36228265627114065,0.5778862502599815
25991,GOF,0.025205744119529052,0.5585478851352137,0.41624637074525733
25992,LOF,0.012988375595015809,0.44978297774915915,0.537228646655825
25993,LOF,0.018690054437347857,0.060067210313030465,0.9212427352496217
25994,LOF,0.028486449291293695,0.06217340472703965,0.9093401459816666
25995,LOF,0.01725836276463722,0.12002304310847382,0.862718594126889
25996,GOF,0.3575445603092016,0.42498596729697596,0.2174694723938224
25997,GOF,0.05870169609099673,0.479459480422831,0.4618388234861723
25998,LOF,0.22769815188331083,0.04622579836625311,0.726076049750436
25999,LOF,0.024425070777638863,0.2662283097257137,0.7093466194966475
26000,LOF,0.11744306220682534,0.014531588757709067,0.8680253490354656
26001,LOF,0.14226636855860345,0.02421616288909104,0.8335174685523055
26002,LOF,0.08127045103174198,0.027589896577363413,0.8911396523908945
26003,GOF,0.006661720613743442,0.6100368899694247,0.3833013894168318
26004,GOF,0.015199945817685757,0.5686880130881474,0.4161120410941669
26005,LOF,0.005062056054491958,0.4801805654661065,0.5147573784794016
26006,GOF,0.1104019753736946,0.4813352928858286,0.4082627317404768
26007,LOF,0.009895330745596667,0.4920104534761619,0.49809421577824137
26008,GOF,0.006515217245863411,0.5667472966205641,0.4267374861335724
26009,GOF,0.011432213072174091,0.6034520135763906,0.3851157733514353
26010,GOF,0.009088223106269848,0.5621751110133618,0.42873666588036835
26011,LOF,0.004985117758805439,0.37881989888101836,0.6161949833601762
26012,GOF,0.005341532717594241,0.5213139256909334,0.47334454159147243
26013,GOF,0.010794114890073423,0.5464345089705677,0.4427713761393589
26014,LOF,0.036291676013317994,0.08912132558170553,0.8745869984049764
26015,LOF,0.38674902260847843,0.016765978184726457,0.5964849992067951
26016,LOF,0.2622404784550213,0.026333967431207705,0.711425554113771
26017,LOF,0.017486720369120315,0.11901494947468644,0.8634983301561933
26018,LOF,0.032503417684756494,0.054738521550084206,0.9127580607651594
26019,LOF,0.031819318995834775,0.04924044458361468,0.9189402364205504
26020,LOF,0.006907899497728028,0.12223491787601189,0.8708571826262601
26021,LOF,0.08015314642021217,0.057011188682438825,0.862835664897349
26022,LOF,0.03827356502643654,0.024551801033386753,0.9371746339401767
26023,LOF,0.024891511945719078,0.033432834364222286,0.9416756536900587
26024,LOF,0.048044761995717826,0.04332671990492173,0.9086285180993605
26025,LOF,0.1268317213463458,0.039693265963102374,0.8334750126905519
26026,LOF,0.1131015646208573,0.030794471494975256,0.8561039638841675
26027,LOF,0.03217691176052929,0.022208290593948563,0.9456147976455223
26028,LOF,0.05802742377773918,0.1566601925318347,0.7853123836904262
26029,LOF,0.02791314985032299,0.21349116428879533,0.7585956858608818
26030,LOF,0.11805432431015236,0.030633619807114196,0.8513120558827334
26031,LOF,0.013162939018161948,0.18626128580587906,0.800575775175959
26032,LOF,0.036387301663021024,0.05595779598812493,0.9076549023488539
26033,LOF,0.03501422417204259,0.05545942305179908,0.9095263527761583
26034,LOF,0.01848531138215629,0.13390123013892472,0.847613458478919
26035,LOF,0.012103578973469946,0.13914809281431414,0.8487483282122158
26036,LOF,0.011376716321514305,0.11133170430403216,0.8772915793744536
26037,LOF,0.01127980350001671,0.12425102136891301,0.8644691751310701
26038,LOF,0.03015013299793898,0.04759162068063743,0.9222582463214235
26039,LOF,0.03464626127555874,0.15684945133415365,0.8085042873902876
26040,LOF,0.08191520000685501,0.14648016937447605,0.7716046306186689
26041,LOF,0.012900931800661417,0.11261414947559156,0.874484918723747
26042,LOF,0.012000345812761829,0.11847873568196435,0.8695209185052738
26043,LOF,0.030233062957492805,0.0788391657471587,0.8909277712953485
26044,LOF,0.006249479976406151,0.058616062627348996,0.9351344573962449
26045,LOF,0.08065966693509155,0.2112597175269082,0.7080806155380003
26046,LOF,0.026781776529401686,0.055479870368143246,0.917738353102455
26047,LOF,0.062186344708919976,0.05649427659385661,0.8813193786972233
26048,LOF,0.0717613383679235,0.020153523133806653,0.9080851384982699
26049,Neutral,0.9430247264115569,0.006821024126536481,0.05015424946190664
26050,Neutral,0.9093071286868827,0.00710021466160221,0.08359265665151504
26051,LOF,0.030414119303589865,0.1984973168152825,0.7710885638811277
26052,LOF,0.029159324676897164,0.14625688025624456,0.8245837950668582
26053,LOF,0.01788036264834843,0.18739163821495342,0.7947279991366982
26054,LOF,0.05422256836533402,0.044542418561507584,0.9012350130731585
26055,LOF,0.07781661735371505,0.03887927671241371,0.8833041059338712
26056,LOF,0.06325328631150542,0.05318746702456631,0.8835592466639282
26057,LOF,0.05855807122419036,0.025138664103526644,0.916303264672283
26058,LOF,0.064579285633065,0.019473359075721113,0.9159473552912138
26059,LOF,0.2678235699105951,0.03458387227828174,0.6975925578111231
26060,LOF,0.014323308685239662,0.20724487758723742,0.7784318137275228
26061,LOF,0.010467522967399723,0.01692705950235505,0.9726054175302451
26062,LOF,0.0055384603479862815,0.022844002449642513,0.9716175372023712
26063,LOF,0.04934127166738218,0.01666478462485964,0.9339939437077581
26064,LOF,0.014219282751974196,0.022876553825243177,0.9629041634227826
26065,LOF,0.06382848599302732,0.02361867051232229,0.9125528434946505
26066,LOF,0.04680731874218233,0.017431975402697763,0.9357607058551198
26067,LOF,0.06023789174005047,0.014742044890280468,0.9250200633696691
26068,LOF,0.05494521068166253,0.04167208334055112,0.9033827059777865
26069,LOF,0.17768516983851712,0.03380460261879687,0.7885102275426861
26070,LOF,0.36315546139640825,0.021400123906875918,0.6154444146967158
26071,LOF,0.04791353008100754,0.017171724635081268,0.9349147452839112
26072,LOF,0.006131482709859396,0.02761127663569335,0.9662572406544472
26073,LOF,0.0420383716931769,0.02091320871143913,0.9370484195953839
26074,Neutral,0.6491837197585539,0.015072881825946221,0.3357433984154999
26075,LOF,0.044228077635895494,0.03509971516323944,0.920672207200865
26076,LOF,0.044388583809730514,0.016177450398622322,0.9394339657916473
26077,LOF,0.16040765931186826,0.01228067204417553,0.8273116686439562
26078,LOF,0.006502683187585133,0.028660973973870657,0.9648363428385441
26079,LOF,0.05936798053525512,0.029994236527010328,0.9106377829377345
26080,LOF,0.058233444437571905,0.030071884383599694,0.9116946711788285
26081,LOF,0.041972064940118306,0.014227459229437862,0.9438004758304438
26082,LOF,0.006135115543942179,0.02481572044136445,0.9690491640146934
26083,LOF,0.09849974295155814,0.029103008669231895,0.87239724837921
26084,LOF,0.11917268672023455,0.02412489340951728,0.8567024198702482
26085,LOF,0.11242655129458008,0.01908288861998995,0.86849056008543
26086,LOF,0.04390239604469003,0.01885249982803681,0.937245104127273
26087,LOF,0.04273773361672019,0.017199766123368113,0.9400625002599117
26088,LOF,0.00676294879970769,0.04199304768756418,0.9512440035127281
26089,LOF,0.04059769943867443,0.04872935439157705,0.9106729461697486
26090,LOF,0.04087338647687513,0.036498859843407686,0.9226277536797173
26091,LOF,0.03079021225290072,0.012952143131433076,0.9562576446156662
26092,LOF,0.04408287195515786,0.014269241464163944,0.9416478865806782
26093,LOF,0.06685017552285764,0.009665371586689318,0.923484452890453
26094,LOF,0.036308342253206616,0.011457633080193718,0.9522340246665997
26095,LOF,0.010026323389300575,0.027274057306054166,0.9626996193046453
26096,LOF,0.24590396166010656,0.006215383761690217,0.7478806545782033
26097,LOF,0.0062586539309273425,0.05746407205593243,0.9362772740131402
26098,LOF,0.05019416046348433,0.02863792735427054,0.9211679121822451
26099,LOF,0.04405565500842885,0.02971512483113726,0.9262292201604339
26100,LOF,0.04405565500842885,0.02971512483113726,0.9262292201604339
26101,LOF,0.04342280026197594,0.046501075809720134,0.910076123928304
26102,LOF,0.037247636464303124,0.024088100832909215,0.9386642627027876
26103,Neutral,0.8945026612785804,0.03446947579277504,0.07102786292864467
26104,LOF,0.05662191500825178,0.05081258004374161,0.8925655049480067
26105,LOF,0.20920309077857913,0.109152212070336,0.6816446971510849
26106,LOF,0.2866760571161609,0.04264870318330879,0.6706752397005303
26107,LOF,0.016254540258334477,0.05194512548031312,0.9318003342613523
26108,LOF,0.1503927233844904,0.04467549048785354,0.8049317861276561
26109,LOF,0.05676338551650963,0.044445845002254576,0.8987907694812358
26110,LOF,0.4063901587021336,0.01176939859545458,0.581840442702412
26111,LOF,0.061949090901164974,0.08259964094170408,0.855451268157131
26112,LOF,0.061520416579750915,0.01198348107111308,0.9264961023491362
26113,LOF,0.11331874544342202,0.0320279816508794,0.8546532729056986
26114,LOF,0.09384784055869357,0.006607247430730521,0.899544912010576
26115,LOF,0.017654798891021013,0.050666206407618236,0.9316789947013607
26116,LOF,0.0744504549813336,0.02202308921340963,0.9035264558052568
26117,LOF,0.35639978263892097,0.03876365670189368,0.6048365606591853
26118,LOF,0.03523785099292605,0.01619540370855783,0.948566745298516
26119,LOF,0.005964439959611236,0.08086964553730329,0.9131659145030854
26120,LOF,0.03232196954242805,0.01552919893674701,0.952148831520825
26121,LOF,0.004263221649954062,0.11673313127688535,0.8790036470731606
