feature0,prediction,LoGoFunc_Neutral,LoGoFunc_GOF,LoGoFunc_LOF
25546,Neutral,0.6429296945442939,0.06107101685678564,0.2959992885989205
25547,Neutral,0.44189981457103833,0.11697190765135673,0.441128277777605
25548,Neutral,0.4697354789335878,0.08746247299797144,0.44280204806844087
25549,LOF,0.4097738461771485,0.08837353461962458,0.5018526192032269
25550,LOF,0.3364960453109821,0.14431877127071177,0.5191851834183061
25551,LOF,0.2883160092717577,0.16734699528320238,0.5443369954450399
25552,LOF,0.2000418099870216,0.15693820594155977,0.6430199840714186
25553,Neutral,0.7780331286301391,0.0501013758807838,0.17186549548907715
25554,LOF,0.22835292226475942,0.15348267358038348,0.6181644041548571
25555,LOF,0.19157338984706107,0.13494944303513304,0.6734771671178059
25556,LOF,0.38678203813376655,0.12389342439663563,0.48932453746959775
25557,LOF,0.18747249187496226,0.14426536902625223,0.6682621390987856
25558,LOF,0.2286418707416074,0.14753082838831563,0.623827300870077
25559,LOF,0.17803865957689033,0.12392261136699023,0.6980387290561194
25560,LOF,0.066721217950307,0.13228587331825206,0.800992908731441
25561,LOF,0.13812056075867926,0.1373788825315333,0.7245005567097874
25562,LOF,0.06465076740939928,0.0861022385772947,0.8492469940133061
25563,LOF,0.08976548563525841,0.09556918503465653,0.8146653293300852
25564,LOF,0.2083961668286732,0.17483289532342036,0.6167709378479064
25565,LOF,0.16418514832945563,0.12810890841813863,0.7077059432524057
25566,GOF,0.020089113821616867,0.7808946926365103,0.19901619354187275
25567,LOF,0.018879260844457794,0.16837835408011168,0.8127423850754306
25568,LOF,0.059397458899468854,0.084972060653822,0.8556304804467092
25569,LOF,0.06032404041123586,0.08451914848917069,0.8551568110995935
25570,LOF,0.030484477445854457,0.11594030477706972,0.8535752177770758
25571,LOF,0.030782054825919048,0.11571797549584446,0.8534999696782365
25572,LOF,0.033190742562574115,0.14649330145616166,0.8203159559812642
25573,LOF,0.027353739928438668,0.11374213328902774,0.8589041267825337
25574,LOF,0.018564430323349982,0.15563248052743367,0.8258030891492163
25575,LOF,0.024691657391911002,0.12402846994741805,0.851279872660671
25576,LOF,0.012988689830062149,0.16960994088149908,0.8174013692884387
25577,LOF,0.012029482598107799,0.1313231963883378,0.8566473210135545
25578,LOF,0.29346794079913674,0.0980772165164091,0.6084548426844542
25579,LOF,0.11981926517031666,0.10853146010652175,0.7716492747231617
25580,LOF,0.018981780594900834,0.08955434871656141,0.8914638706885377
25581,LOF,0.04625803855894576,0.08572382984703901,0.8680181315940153
25582,LOF,0.046051166645625675,0.08438360024191903,0.8695652331124553
25583,LOF,0.020615286715438094,0.1030877460018304,0.8762969672827315
25584,Neutral,0.5576373785991039,0.10567176174945632,0.3366908596514399
25585,LOF,0.01343675613994328,0.1698511718208481,0.8167120720392086
25586,LOF,0.018254679596703325,0.08492354648961499,0.8968217739136817
25587,LOF,0.01748522157333587,0.07670850843059702,0.9058062699960672
25588,LOF,0.018494234222742437,0.09483431369368861,0.886671452083569
25589,Neutral,0.6293769210688037,0.1395967097260859,0.23102636920511035
25590,LOF,0.019994649823375493,0.14736329025012543,0.832642059926499
25591,LOF,0.08073430245368676,0.06882905420691955,0.8504366433393936
25592,LOF,0.04885413505389666,0.1501645892441283,0.8009812757019751
25593,LOF,0.022776880957803995,0.2294474109063832,0.7477757081358128
25594,LOF,0.03685228836865957,0.1167428934864829,0.8464048181448575
25595,LOF,0.03680628186496577,0.08543640333178881,0.8777573148032454
25596,LOF,0.04973799968601529,0.07083632148340013,0.8794256788305845
25597,LOF,0.03627530834162636,0.07577768777701459,0.887947003881359
25598,LOF,0.0328630194648463,0.09661729298135453,0.8705196875537993
25599,GOF,0.008922396654149184,0.5927982987733273,0.3982793045725234
25600,GOF,0.034295637327466946,0.6422522399037333,0.3234521227687998
25601,LOF,0.012014415669321559,0.43520904100718844,0.55277654332349
25602,LOF,0.014100174286923922,0.04793913887890939,0.9379606868341668
25603,LOF,0.04583766307007985,0.020147185108003198,0.9340151518219169
25604,LOF,0.017139611689994325,0.06862303661359911,0.9142373516964066
25605,LOF,0.007374497379453423,0.19915256866696998,0.7934729339535767
25606,LOF,0.08432625920837263,0.3613448714813852,0.5543288693102422
25607,LOF,0.005115282912045214,0.22891316816505103,0.7659715489229038
25608,LOF,0.013406970367544367,0.10893945150077332,0.8776535781316823
25609,LOF,0.07589118678423536,0.37038599538541356,0.5537228178303512
25610,LOF,0.019547120854518027,0.02577821569970986,0.9546746634457721
25611,LOF,0.01956662970285019,0.029096715962779424,0.9513366543343703
25612,LOF,0.06152338498285667,0.03800860531839709,0.9004680096987463
25613,LOF,0.05461557380130327,0.03939386405467556,0.9059905621440212
25614,LOF,0.02676948387635981,0.029292601245627208,0.9439379148780129
25615,LOF,0.017351406906011224,0.03844609916136959,0.9442024939326191
25616,LOF,0.05576854902065521,0.029503156055878978,0.9147282949234657
25617,LOF,0.05419525844125547,0.03361339917641136,0.9121913423823332
25618,LOF,0.059190239680754195,0.03342630197088176,0.9073834583483641
25619,LOF,0.018713571583129352,0.031226768106501292,0.9500596603103693
25620,LOF,0.0723318536170748,0.04140869041505646,0.8862594559678688
25621,LOF,0.0180755520495641,0.04240971360030013,0.9395147343501359
25622,LOF,0.02238687157898353,0.043019527408379936,0.9345936010126366
25623,LOF,0.03610178051303715,0.037048420569283265,0.9268497989176796
25624,LOF,0.02352419915034386,0.04060074683117753,0.9358750540184786
25625,LOF,0.023458485974719837,0.05775115226203622,0.9187903617632439
25626,LOF,0.053359535663345344,0.04059108002519419,0.9060493843114605
25627,Neutral,0.5849169911160899,0.10519286170398315,0.3098901471799271
25628,LOF,0.1910954714852094,0.05225397753047023,0.7566505509843203
25629,LOF,0.03841768621104895,0.06239191563626395,0.8991903981526871
25630,LOF,0.13735054477892403,0.0874501166441322,0.7751993385769438
25631,Neutral,0.5925833973410851,0.05883995686620524,0.3485766457927097
25632,LOF,0.007903742211588457,0.07924180069388309,0.9128544570945285
25633,LOF,0.20901589752086172,0.04364655123304314,0.7473375512460951
25634,LOF,0.03038942307159425,0.09631254667913663,0.8732980302492692
25635,LOF,0.035441014439865776,0.051131883996429255,0.913427101563705
25636,GOF,0.005394768473782663,0.5966825956908594,0.39792263583535814
25637,GOF,0.008282277710418073,0.6130895027634488,0.37862821952613324
25638,LOF,0.010838619643759912,0.30596198669626334,0.6831993936599768
25639,LOF,0.005068307274701628,0.45641509707667144,0.538516595648627
25640,Neutral,0.46064410677207135,0.45936771798643156,0.07998817524149714
25641,LOF,0.014489207319613551,0.29704313743443383,0.6884676552459527
25642,LOF,0.24868966182606742,0.05838087849820147,0.6929294596757312
25643,LOF,0.12587040825208354,0.1349354799773709,0.7391941117705456
25644,LOF,0.008159618150718938,0.44499960067268374,0.5468407811765973
25645,LOF,0.007003492013423933,0.4170117407165851,0.5759847672699909
25646,LOF,0.011847044268070227,0.32177326594915723,0.6663796897827725
25647,LOF,0.008973295103323379,0.2629097617624678,0.7281169431342088
25648,LOF,0.008399433729756595,0.26513559498085104,0.7264649712893924
25649,LOF,0.007195808827912435,0.20042083762037446,0.7923833535517132
25650,LOF,0.012413211935125455,0.405530788901952,0.5820559991629226
25651,LOF,0.005222522462316728,0.2761252132403555,0.7186522642973278
25652,LOF,0.008909619438999858,0.2584807193998577,0.7326096611611425
25653,LOF,0.023971896603242008,0.3740990229232611,0.6019290804734968
25654,LOF,0.009159085218721512,0.15785574675063382,0.8329851680306447
25655,LOF,0.04716913656689519,0.4237812472262876,0.5290496162068172
25656,LOF,0.17979269577958396,0.05227375557648769,0.7679335486439284
25657,LOF,0.26543595943459597,0.028876906194395098,0.7056871343710089
25658,LOF,0.08690052379154758,0.0829383388538231,0.8301611373546293
25659,LOF,0.40773726845690805,0.06389299698206305,0.5283697345610288
25660,LOF,0.02895549364376283,0.10261486444989946,0.8684296419063378
25661,LOF,0.09366804697777574,0.07378784068786598,0.8325441123343583
25662,LOF,0.031145341058422052,0.046799976308552795,0.9220546826330251
25663,LOF,0.040332873236969775,0.0677121068598178,0.8919550199032125
25664,LOF,0.04629184894228451,0.08410947718330429,0.8695986738744113
25665,LOF,0.05122968345143557,0.03538887532405115,0.9133814412245134
25666,LOF,0.03589767243614447,0.10644239847791083,0.8576599290859447
25667,LOF,0.06449935908083089,0.053503808528963706,0.8819968323902054
25668,LOF,0.035201469843026516,0.05578436091730652,0.909014169239667
25669,LOF,0.031805662290411284,0.07915206976074057,0.8890422679488482
25670,LOF,0.0576702711393726,0.0719875488940281,0.8703421799665992
25671,LOF,0.09037571869757585,0.04770451821506637,0.8619197630873578
25672,LOF,0.05363304107698205,0.04680925994050356,0.8995576989825143
25673,LOF,0.025596798819619647,0.06368735750859914,0.9107158436717813
25674,LOF,0.022150548493972265,0.07453273057772511,0.9033167209283026
25675,LOF,0.033018827381237424,0.07423468738852566,0.8927464852302368
25676,LOF,0.019557505533380606,0.06388651873971879,0.9165559757269006
25677,LOF,0.028947894737249392,0.07311323636032882,0.8979388689024217
25678,LOF,0.20145414136868545,0.0635837267551463,0.7349621318761683
25679,LOF,0.16185598199725296,0.08957751277458674,0.7485665052281603
25680,LOF,0.041093419117244845,0.12139917781223286,0.8375074030705223
25681,LOF,0.06547179126540961,0.11569460066050656,0.8188336080740838
25682,LOF,0.1382723897490101,0.08505710273134238,0.7766705075196475
25683,LOF,0.07667023949866247,0.13149405476743034,0.7918357057339072
25684,LOF,0.04273344188280198,0.08530674334935201,0.871959814767846
25685,LOF,0.0781287271468434,0.06256788503820089,0.8593033878149557
25686,LOF,0.02950701736739844,0.08776721158428634,0.8827257710483151
25687,LOF,0.04804729359431003,0.07381606858291583,0.8781366378227741
25688,LOF,0.04803192257263179,0.062437743896919556,0.8895303335304485
25689,LOF,0.02820959338609431,0.07569954714086605,0.8960908594730397
25690,LOF,0.03558959572387999,0.06294855524088146,0.9014618490352386
25691,LOF,0.2591869686928111,0.08186964695202711,0.6589433843551619
25692,LOF,0.29350753470831814,0.008099576821060484,0.6983928884706214
25693,LOF,0.07337993100619619,0.25073546643375727,0.6758846025600467
25694,LOF,0.23116688727900883,0.013758044825284749,0.7550750678957063
25695,LOF,0.14102684149926428,0.022278896829374176,0.8366942616713615
25696,LOF,0.11849764445707653,0.011354626715910228,0.8701477288270132
25697,LOF,0.09501902027549104,0.024541926463719888,0.8804390532607891
25698,LOF,0.05397084546366693,0.4634796433651745,0.4825495111711585
25699,LOF,0.0632266181493487,0.08972078055577172,0.8470526012948796
25700,LOF,0.05512622768829827,0.009905658617040373,0.9349681136946614
25701,LOF,0.017495998482104258,0.07551975954090805,0.9069842419769877
25702,GOF,0.0378470509354127,0.6949479048074032,0.26720504425718417
25703,LOF,0.009595605973023509,0.16570938652651604,0.8246950075004604
25704,LOF,0.05338364479079931,0.13808096671365985,0.8085353884955407
25705,LOF,0.06435815587557413,0.24638077739262151,0.6892610667318043
25706,GOF,0.02418851355700681,0.4966671694966319,0.4791443169463612
25707,LOF,0.018760160555549465,0.4695622158861742,0.5116776235582763
25708,LOF,0.007828074798981574,0.4412330990301515,0.550938826170867
25709,LOF,0.055074214068872224,0.06151530677314102,0.8834104791579867
25710,LOF,0.005385086932745836,0.16333457017006361,0.8312803428971904
25711,LOF,0.017372579615133,0.13548808545357802,0.8471393349312889
25712,LOF,0.0067085906661553465,0.2069403235250578,0.7863510858087869
25713,LOF,0.018404961959762895,0.11717195590831343,0.8644230821319235
25714,LOF,0.05955693269094762,0.14206653836886993,0.7983765289401825
25715,LOF,0.011527850909635195,0.15733346883441643,0.8311386802559483
25716,LOF,0.006608319677231656,0.11878324594030268,0.8746084343824657
25717,LOF,0.005933561483641477,0.10628763061726791,0.8877788078990907
25718,LOF,0.012383662244310253,0.10527359093061885,0.882342746825071
25719,LOF,0.018972140977894448,0.11344063844678565,0.8675872205753199
25720,LOF,0.02052129547391,0.09891347906064293,0.880565225465447
25721,LOF,0.015810278406078484,0.1198631604318155,0.8643265611621059
25722,LOF,0.01461573301234834,0.1402147996586262,0.8451694673290254
25723,LOF,0.020212088372268133,0.07959915356916053,0.9001887580585713
25724,LOF,0.017395037992048952,0.11135972849875382,0.8712452335091972
25725,LOF,0.012060474242046816,0.08625260398124131,0.9016869217767118
25726,LOF,0.014553680053707671,0.12721199393158475,0.8582343260147077
25727,LOF,0.012527193793394767,0.09376727109183992,0.8937055351147652
25728,LOF,0.01071592817155831,0.12120427106676217,0.8680798007616795
25729,LOF,0.011085283953597203,0.1254789017062187,0.8634358143401841
25730,LOF,0.01567214625929755,0.10167997872779032,0.8826478750129121
25731,LOF,0.007830071670143438,0.14396973220201606,0.8482001961278405
25732,LOF,0.015896678638643892,0.0941067695380189,0.8899965518233373
25733,LOF,0.016576283659529307,0.08760975169955919,0.8958139646409116
25734,LOF,0.005650923958199044,0.14429470367459668,0.8500543723672042
25735,LOF,0.014146221114524623,0.08362050602017314,0.9022332728653023
25736,LOF,0.014582776959385656,0.11690450258236196,0.8685127204582523
25737,LOF,0.020682828987340963,0.09861803541875003,0.880699135593909
25738,LOF,0.013690154365182084,0.1420843819676391,0.8442254636671789
25739,LOF,0.019771720924763297,0.12833057061700337,0.8518977084582334
25740,LOF,0.030982665457977916,0.12911164832472352,0.8399056862172987
25741,LOF,0.015029170613493186,0.11636177693027895,0.8686090524562279
25742,LOF,0.09127073670331834,0.11642936667216715,0.7922998966245145
25743,LOF,0.01470592222575727,0.03199512850141457,0.9532989492728282
25744,LOF,0.23395064318066744,0.3081075266431328,0.4579418301761998
25745,LOF,0.02768759771688784,0.04540417172577377,0.9269082305573384
25746,LOF,0.017522786070708563,0.05761910624690566,0.9248581076823859
25747,LOF,0.028042751264322766,0.023755332024267557,0.9482019167114096
25748,LOF,0.12018862639529698,0.038880721141144645,0.8409306524635584
25749,LOF,0.014587989197972006,0.039625571944098555,0.9457864388579295
25750,LOF,0.033591141697020946,0.05384082287978363,0.9125680354231954
25751,LOF,0.10760352394058273,0.052972239047330456,0.8394242370120868
25752,GOF,0.13066039334035934,0.5901110729060756,0.27922853375356504
25753,LOF,0.008409105952094724,0.3139612337485898,0.6776296602993155
25754,GOF,0.004996915753976697,0.791247928010179,0.20375515623584425
25755,LOF,0.009648981826909795,0.40443268928287657,0.5859183288902137
25756,LOF,0.04106831799134951,0.4052307546936742,0.5537009273149763
25757,GOF,0.0064686833747477955,0.8633261672330621,0.1302051493921902
25758,GOF,0.007532287189084343,0.8451661651464989,0.1473015476644168
25759,GOF,0.004777030520396428,0.5625628102865935,0.43266015919301004
25760,LOF,0.005391612601155735,0.2646977635251269,0.7299106238737174
25761,GOF,0.045561089433270065,0.8177120051839808,0.13672690538274904
25762,LOF,0.030765197048405177,0.2958947191035524,0.6733400838480424
25763,LOF,0.006643917323160656,0.21226400313183716,0.7810920795450023
25764,GOF,0.18193845744777976,0.5003413674798819,0.3177201750723383
25765,GOF,0.01221574944219798,0.7691703553203723,0.21861389523742977
25766,GOF,0.01874404656270728,0.8085917233126407,0.1726642301246521
25767,GOF,0.018511268612167762,0.49296998011846527,0.48851875126936695
25768,LOF,0.07243461116644029,0.07394513650720398,0.8536202523263557
25769,LOF,0.07928028100701681,0.05506292515060561,0.8656567938423777
25770,LOF,0.3039726469348629,0.07323423392442775,0.6227931191407093
25771,LOF,0.014484979910629645,0.05069414010659437,0.934820879982776
25772,LOF,0.019857901558780394,0.027575989766571486,0.9525661086746481
25773,LOF,0.0112849937842116,0.11199232057249327,0.8767226856432951
25774,LOF,0.023372670155592447,0.0688670076875407,0.9077603221568669
25775,LOF,0.014093287547950478,0.04825671182365874,0.9376500006283908
25776,LOF,0.08015361606062353,0.021581368218638847,0.8982650157207376
25777,LOF,0.2878191453212446,0.044929307109357455,0.6672515475693979
25778,LOF,0.07253467998248077,0.03956573992770184,0.8878995800898173
25779,GOF,0.07111381593496258,0.8683262314118566,0.06055995265318092
25780,GOF,0.060986864044763216,0.8434089566085168,0.09560417934672
25781,GOF,0.027193071583604175,0.8379840493204775,0.13482287909591822
25782,GOF,0.030254129414649604,0.8739482060472092,0.0957976645381411
25783,GOF,0.011827907634970446,0.6556622860436336,0.332509806321396
25784,GOF,0.11949307262718302,0.8192871149678653,0.061219812404951474
25785,GOF,0.07185465440337695,0.8657129339606479,0.0624324116359753
25786,GOF,0.005505855231131295,0.7903446505989434,0.20414949416992528
25787,GOF,0.19946901794791613,0.7563986852312995,0.044132296820784365
25788,LOF,0.04673213554647326,0.11344396813573855,0.8398238963177882
25789,GOF,0.041503519987299516,0.7914404111026372,0.1670560689100634
25790,GOF,0.03995865539236708,0.82907833359271,0.13096301101492275
25791,GOF,0.028307081895144418,0.7455502587687369,0.22614265933611874
25792,GOF,0.04832228280022941,0.7477849049457113,0.20389281225405925
25793,GOF,0.07497852810471838,0.719735824964647,0.20528564693063456
25794,GOF,0.10515780712190899,0.6916608991622634,0.20318129371582777
25795,GOF,0.028151705583086366,0.7396102780924587,0.2322380163244548
25796,GOF,0.13154635578585328,0.7502755120986154,0.11817813211553128
25797,GOF,0.03525446474895658,0.5551221128639268,0.40962342238711674
25798,GOF,0.003062808574320814,0.525846701466105,0.4710904899595741
25799,LOF,0.002836136120840392,0.41727436709731835,0.5798894967818412
25800,GOF,0.0103721165937447,0.6221831100794822,0.3674447733267732
25801,GOF,0.03135807243558306,0.7978566119711166,0.1707853155933003
25802,GOF,0.01845455861921724,0.7101044272338868,0.2714410141468961
25803,GOF,0.009891613811549462,0.5944751074933653,0.39563327869508524
25804,LOF,0.011988283171311793,0.4691522888917161,0.5188594279369722
25805,GOF,0.021680514379339776,0.5946386858352272,0.3836807997854331
25806,GOF,0.017879500867430592,0.6255245353746,0.3565959637579694
25807,GOF,0.005358718831710084,0.6283232302309526,0.36631805093733727
25808,GOF,0.014511686307018035,0.6276336750959771,0.357854638597005
25809,GOF,0.0060920700235172365,0.6088176679724713,0.3850902620040114
25810,GOF,0.005182073938967592,0.6254650072989717,0.3693529187620607
25811,GOF,0.09204472583312424,0.7992985726760237,0.10865670149085196
25812,GOF,0.01244724941915387,0.605002100523204,0.38255065005764216
25813,GOF,0.10882411409771908,0.7172722890162312,0.17390359688604967
25814,GOF,0.02925847606865203,0.6769819826260914,0.2937595413052565
25815,GOF,0.04168120327959479,0.6996066654691355,0.25871213125126963
25816,GOF,0.007556139741666437,0.7410467574259969,0.2513971028323366
25817,GOF,0.07482021682105487,0.7535358952446364,0.1716438879343089
25818,GOF,0.01940214152736693,0.6961680634454432,0.2844297950271898
25819,GOF,0.0705787635130654,0.7218314523041894,0.20758978418274515
25820,GOF,0.034393151519527286,0.7220300916155137,0.243576756864959
25821,GOF,0.016556693669283154,0.7025663137002551,0.2808769926304618
25822,GOF,0.03877603322052438,0.6986014330009884,0.2626225337784872
25823,GOF,0.011607041564741911,0.5489199130015229,0.43947304543373517
25824,GOF,0.022735582654734746,0.655212424460134,0.3220519928851313
25825,GOF,0.012078190008372802,0.637349036693849,0.3505727732977782
25826,GOF,0.004540814042517779,0.6053100131235439,0.3901491728339382
25827,GOF,0.008058623808493802,0.6097181321889524,0.3822232440025538
25828,GOF,0.0050492782258440795,0.529703346931123,0.4652473748430329
25829,GOF,0.0026088627474006405,0.5873970194690271,0.4099941177835723
25830,LOF,0.037482212312620826,0.3432964522925996,0.6192213353947795
25831,GOF,0.035531221072519145,0.8339680725471261,0.13050070638035494
25832,GOF,0.007234345176557286,0.7584402524903502,0.23432540233309263
25833,GOF,0.026363694142095377,0.8067309419600154,0.16690536389788926
25834,GOF,0.007758486670042306,0.7606866987367217,0.23155481459323587
25835,GOF,0.01648593687768278,0.8157173003646311,0.16779676275768612
25836,GOF,0.006309883964033175,0.756662838048205,0.23702727798776196
25837,GOF,0.006453395378000095,0.6580014957998841,0.33554510882211586
25838,GOF,0.02045612999447318,0.8385431921194578,0.14100067788606896
25839,GOF,0.04909612786521922,0.7833748813159507,0.16752899081883002
25840,GOF,0.04516249741613053,0.8107759449097112,0.14406155767415835
25841,GOF,0.04118259752586598,0.8220240679827437,0.13679333449139028
25842,GOF,0.025808470291789294,0.853080050442539,0.1211114792656717
25843,GOF,0.027545758661336593,0.8746686196802708,0.09778562165839254
25844,GOF,0.016035998100918766,0.7862718534048531,0.1976921484942281
25845,GOF,0.004652547044578666,0.5463537532017411,0.44899369975368025
25846,GOF,0.026914956527263906,0.8500858979729891,0.12299914549974711
25847,GOF,0.017814417858188866,0.8753905986032328,0.10679498353857846
25848,GOF,0.013413817049491635,0.75877017722035,0.22781600573015837
25849,GOF,0.004440325260608917,0.642691165688515,0.3528685090508762
25850,GOF,0.006591738780329208,0.680882509629669,0.3125257515900018
25851,GOF,0.005950371676223284,0.5717618460869017,0.422287782236875
25852,GOF,0.154969243122694,0.523762451467069,0.32126830541023693
25853,GOF,0.06799943546159956,0.8285614649778945,0.10343909956050583
25854,GOF,0.008612782201976157,0.6381525516743234,0.3532346661237004
25855,GOF,0.014211296244749093,0.570241921228583,0.415546782526668
25856,GOF,0.04030587911397018,0.7085754371890877,0.2511186836969421
25857,GOF,0.01356569046837525,0.5243501854357427,0.46208412409588195
25858,GOF,0.007432126037400702,0.5223703331567165,0.4701975408058828
25859,GOF,0.004932607619150549,0.506208083847708,0.48885930853314147
25860,GOF,0.07491963915940018,0.7669492273632875,0.15813113347731228
25861,GOF,0.12915663358063947,0.7746628044961436,0.09618056192321703
25862,GOF,0.018006165693181243,0.8200182044538139,0.16197562985300476
25863,GOF,0.017577291630439126,0.846437296457886,0.13598541191167496
25864,GOF,0.046079811029242974,0.8678047454727801,0.08611544349797685
25865,GOF,0.03150715037781556,0.8412879137619581,0.1272049358602262
25866,GOF,0.02508387285552348,0.8279661366785445,0.1469499904659322
25867,GOF,0.02494960484577137,0.8630632022599577,0.11198719289427089
25868,GOF,0.050165161995321644,0.7805621150394876,0.16927272296519075
25869,GOF,0.3327038379122143,0.574315528844762,0.09298063324302369
25870,GOF,0.18685224481232293,0.5083095117202586,0.30483824346741845
25871,GOF,0.026983124150756165,0.8324324245300955,0.1405844513191483
25872,GOF,0.01549069192228899,0.758374453171326,0.22613485490638502
25873,GOF,0.01742111343003845,0.8377786501708449,0.14480023639911674
25874,LOF,0.017079877928767227,0.12272308159678899,0.8601970404744437
25875,LOF,0.023750525360983443,0.03520298625537063,0.941046488383646
25876,LOF,0.016005239007304217,0.02990644805792652,0.9540883129347693
25877,LOF,0.12041243457003738,0.0658447313431833,0.8137428340867794
25878,LOF,0.04875883377450723,0.08844091271554112,0.8628002535099517
25879,LOF,0.021794749626453103,0.06900943185880366,0.9091958185147432
25880,LOF,0.045074905043441256,0.010521027912764746,0.944404067043794
25881,Neutral,0.5760491187336053,0.04811826819745924,0.3758326130689355
25882,LOF,0.022585141685278635,0.03228546118686388,0.9451293971278575
25883,LOF,0.06481637914384897,0.02384253228994255,0.9113410885662084
25884,LOF,0.01085653738714756,0.04013978763339185,0.9490036749794605
25885,LOF,0.17517741290674388,0.008179425736662544,0.8166431613565935
25886,LOF,0.26612829698575946,0.04878516525442363,0.6850865377598169
25887,LOF,0.14897365778765878,0.05853318857400161,0.7924931536383396
25888,LOF,0.013061440474809194,0.11281519486028958,0.8741233646649011
25889,LOF,0.012913882838932675,0.03153263390463858,0.9555534832564286
25890,LOF,0.11490439810340426,0.08688358620956427,0.7982120156870315
25891,LOF,0.045022666285067264,0.04236335160817954,0.9126139821067533
25892,LOF,0.011179076701139629,0.045714957398781356,0.943105965900079
25893,LOF,0.3875049602173388,0.014291622893712198,0.5982034168889491
25894,LOF,0.4065051502288689,0.007494109223444376,0.5860007405476868
25895,LOF,0.34977344617260525,0.015925210914431172,0.6343013429129637
25896,LOF,0.0439054839106844,0.02549429969763796,0.9306002163916778
25897,LOF,0.2023244253797578,0.014256272112188325,0.7834193025080539
25898,LOF,0.21511555336229332,0.04043898651592468,0.7444454601217819
25899,LOF,0.17281466248763894,0.026705498814513357,0.8004798386978477
25900,LOF,0.4677797149066794,0.0135398984178058,0.5186803866755147
25901,LOF,0.04857520798339235,0.012196965163883508,0.9392278268527242
25902,LOF,0.10094570825277359,0.01814256513083553,0.8809117266163909
25903,LOF,0.3641043008969551,0.03362131328118068,0.6022743858218642
25904,LOF,0.29725507797500966,0.04187038680394929,0.6608745352210411
25905,LOF,0.006732258223786374,0.4043341398566426,0.588933601919571
25906,LOF,0.008764163392704229,0.1161958913658761,0.8750399452414197
25907,LOF,0.004063497674727734,0.3564253902874734,0.639511112037799
25908,LOF,0.0036803049901849585,0.2540435552060921,0.742276139803723
25909,LOF,0.013833507702714175,0.14986893419765007,0.8362975580996358
25910,LOF,0.015249353555079274,0.14667695626423088,0.8380736901806899
25911,LOF,0.18180515738797964,0.026483802714168028,0.7917110398978524
25912,LOF,0.07375400400452665,0.04085508348529822,0.8853909125101751
25913,LOF,0.08358002220191607,0.047182683278975915,0.869237294519108
25914,LOF,0.02141335786915596,0.05604915085312887,0.9225374912777152
25915,LOF,0.1401258675811818,0.29096294240071724,0.568911190018101
25916,LOF,0.021381942893393215,0.18816428626157355,0.7904537708450332
25917,LOF,0.052055666926232036,0.041921855712680686,0.9060224773610872
25918,LOF,0.026142006455623413,0.031166761152462714,0.9426912323919138
25919,LOF,0.022387619288228414,0.030881057341619333,0.9467313233701522
25920,LOF,0.10574766424105195,0.22052997460905496,0.673722361149893
25921,LOF,0.010404557758955229,0.036270891116201194,0.9533245511248436
25922,LOF,0.013768720244022297,0.029863097006119506,0.9563681827498581
25923,Neutral,0.5131450232389742,0.03851458235567661,0.4483403944053494
25924,LOF,0.017619088007761227,0.043415208255214305,0.9389657037370245
25925,LOF,0.07552303629065232,0.04609766442497748,0.8783792992843702
25926,LOF,0.053090362667593274,0.04031331010644477,0.9065963272259618
25927,LOF,0.018730531620082747,0.06890913207278547,0.9123603363071318
25928,LOF,0.008075068214116772,0.049497383317718184,0.942427548468165
25929,Neutral,0.6190660485288383,0.04065110470210309,0.3402828467690587
25930,LOF,0.07200112236556262,0.035257942390435275,0.8927409352440021
25931,LOF,0.010439719361506502,0.03590935649806954,0.9536509241404239
25932,LOF,0.03274990494486648,0.028706410325276932,0.9385436847298565
25933,LOF,0.041338117467278744,0.019045034217598372,0.9396168483151229
25934,LOF,0.028980203976540796,0.02094188150493537,0.950077914518524
25935,LOF,0.0672798650257638,0.0523331423785582,0.880386992595678
25936,LOF,0.04840262616206176,0.02482310706637989,0.9267742667715584
25937,LOF,0.01053992677965566,0.03746754661257068,0.9519925266077737
25938,LOF,0.0641176479492926,0.06241552671057015,0.8734668253401372
25939,LOF,0.03904464414008373,0.024516071327653665,0.9364392845322626
25940,LOF,0.008642788350919976,0.3151045759771324,0.6762526356719476
25941,Neutral,0.5348708105463005,0.0315218542341208,0.4336073352195787
25942,LOF,0.0051424597668007005,0.04103649915383609,0.9538210410793632
25943,LOF,0.039190093170729245,0.1313318399369301,0.8294780668923407
25944,LOF,0.11952069917366072,0.08165827962385641,0.798821021202483
25945,LOF,0.05936501051226328,0.018340103189651815,0.9222948862980849
25946,LOF,0.06988558716834652,0.060577795452289675,0.8695366173793638
25947,LOF,0.4378604199065593,0.06766897870572836,0.4944706013877124
25948,LOF,0.3059400886507691,0.008542618348660687,0.6855172930005701
25949,LOF,0.08894412010246662,0.044454716452811,0.8666011634447225
25950,GOF,0.03828153615602107,0.5935464904966985,0.3681719733472804
25951,LOF,0.01568935314628343,0.4132131128946339,0.5710975339590827
25952,LOF,0.25885879372889314,0.3014469578264397,0.4396942484446671
25953,LOF,0.012405909011385042,0.19486426578789642,0.7927298252007184
25954,LOF,0.05311534363016584,0.4423808748108371,0.5045037815589971
25955,LOF,0.01073732820010363,0.1794399512061324,0.8098227205937639
25956,LOF,0.025701966632255654,0.28771700266084366,0.6865810307069006
25957,LOF,0.1555639983720593,0.030535117528968404,0.8139008840989722
25958,LOF,0.054189063368330716,0.028429038479337546,0.9173818981523317
25959,LOF,0.013122660498752162,0.4685617803693177,0.5183155591319301
25960,LOF,0.0059941760575608965,0.05639800722107819,0.937607816721361
25961,LOF,0.04200115324265022,0.026940157927517278,0.9310586888298324
25962,LOF,0.030523111288974822,0.08432278966522443,0.8851540990458009
25963,LOF,0.0053676793648833555,0.24004704235382593,0.7545852782812907
25964,LOF,0.03369210040384247,0.11582181820217605,0.8504860813939815
25965,LOF,0.33648895066998225,0.13263484139105985,0.5308762079389578
25966,Neutral,0.5300976319567292,0.15196110626183282,0.317941261781438
25967,LOF,0.006957791550690057,0.09363331393412473,0.8994088945151852
25968,LOF,0.057531537016606064,0.23756048564283888,0.7049079773405551
25969,LOF,0.12141743389326931,0.05992801998733391,0.8186545461193968
25970,LOF,0.019254147529845195,0.09799792518002241,0.8827479272901323
25971,LOF,0.06502033909071434,0.02840688519724244,0.9065727757120433
25972,LOF,0.06473567031377774,0.038518490190721365,0.8967458394955009
25973,LOF,0.0547375170348367,0.011524864771173749,0.9337376181939897
25974,LOF,0.03407651900963222,0.039948490999335624,0.9259749899910322
25975,LOF,0.04461846998021065,0.023735618333029125,0.9316459116867603
25976,LOF,0.10218392620632334,0.01232054014468773,0.8854955336489889
25977,LOF,0.19416519341426128,0.05869204611393061,0.7471427604718082
25978,LOF,0.14005125865900864,0.13384040712419495,0.7261083342167964
25979,LOF,0.12720544011088092,0.1311126587913041,0.7416819010978151
25980,LOF,0.25195592910718556,0.13545243769711593,0.6125916331956985
25981,LOF,0.27585755986879046,0.13373146523666035,0.5904109748945493
25982,LOF,0.4161801058005236,0.11000875474894671,0.4738111394505297
25983,LOF,0.38421665398691274,0.12304195787896723,0.49274138813412005
25984,LOF,0.0409685887284057,0.06759571602634958,0.8914356952452447
25985,LOF,0.4184414461379632,0.10937520712490133,0.4721833467371355
25986,LOF,0.010589007262545637,0.3802737090258864,0.6091372837115681
25987,LOF,0.030607921660724378,0.09560811422366505,0.8737839641156105
25988,LOF,0.15815105333709922,0.10016372673712381,0.7416852199257771
25989,LOF,0.03325157559690473,0.15280475265686483,0.8139436717462304
25990,LOF,0.035168295528318544,0.21386401279219666,0.7509676916794849
25991,LOF,0.02013483770180753,0.34216235624511576,0.6377028060530767
25992,LOF,0.021520389283834453,0.3482016182788882,0.6302779924372773
25993,LOF,0.021553595214422044,0.09176867415487072,0.8866777306307072
25994,LOF,0.015034445838556116,0.08460514688960749,0.9003604072718364
25995,LOF,0.019646887286644477,0.18030692736692497,0.8000461853464306
25996,LOF,0.3520370820045328,0.29118696189375176,0.35677595610171536
25997,LOF,0.07597236330053106,0.34565589520187406,0.5783717414975948
25998,LOF,0.2670580173921364,0.048031198110746624,0.684910784497117
25999,LOF,0.015404722362255381,0.2242294445049603,0.7603658331327844
26000,LOF,0.14407084410197304,0.027545189538142122,0.8283839663598848
26001,LOF,0.29899652684755373,0.022851650197378667,0.6781518229550676
26002,LOF,0.06920093266717578,0.04427607248565348,0.8865229948471708
26003,GOF,0.003831351322964468,0.5887704786167803,0.4073981700602552
26004,GOF,0.006314229263174231,0.6840346712332508,0.30965109950357506
26005,LOF,0.0029402144346120447,0.48443258389733307,0.512627201668055
26006,GOF,0.08284477565854823,0.5641936224648122,0.35296160187663955
26007,GOF,0.006563920946886685,0.5560614984354045,0.43737458061770884
26008,GOF,0.00551151424605787,0.6317948275309776,0.3626936582229647
26009,GOF,0.006260654340920373,0.6605137072116448,0.3332256384474348
26010,GOF,0.007186647888290454,0.6856293731603156,0.307183978951394
26011,LOF,0.0027467987390313565,0.4752301806065196,0.522023020654449
26012,GOF,0.0039589364922056215,0.5502121254403297,0.44582893806746465
26013,GOF,0.005639925844974544,0.6288427937014407,0.3655172804535848
26014,LOF,0.03985531339846388,0.11754413219689952,0.8426005544046367
26015,LOF,0.14265222733959523,0.024872924400653307,0.8324748482597514
26016,LOF,0.29618562358436423,0.0491317816034855,0.6546825948121503
26017,LOF,0.02578759163292995,0.22298045116766696,0.7512319571994032
26018,LOF,0.07124267108569031,0.047755899699810804,0.881001429214499
26019,LOF,0.0690559015435936,0.039520591333914556,0.8914235071224919
26020,LOF,0.007774633124031555,0.22241282780674515,0.7698125390692233
26021,LOF,0.07065428405130998,0.08456766950273074,0.8447780464459592
26022,LOF,0.026475320395395987,0.030414853767892543,0.9431098258367115
26023,LOF,0.04187012173577796,0.028634034730050946,0.9294958435341711
26024,LOF,0.0439845944899276,0.09829181544585373,0.8577235900642186
26025,LOF,0.057449670918219994,0.08985884941138192,0.8526914796703982
26026,LOF,0.13255686437470465,0.06466188038223326,0.8027812552430621
26027,LOF,0.05579747876211779,0.023652202488642176,0.9205503187492401
26028,LOF,0.09023618936370044,0.12015030162790834,0.7896135090083913
26029,LOF,0.0295163220817085,0.17900426207741324,0.7914794158408782
26030,LOF,0.1464500784856164,0.025296593875732836,0.8282533276386507
26031,LOF,0.013866973701817564,0.1432119527767258,0.8429210735214567
26032,LOF,0.08136020713689623,0.06082289494606696,0.8578168979170367
26033,LOF,0.08105142366187484,0.05668593226841059,0.8622626440697146
26034,LOF,0.014750252022459439,0.16052765408226988,0.8247220938952706
26035,LOF,0.01360098871774633,0.12791583714144553,0.8584831741408081
26036,LOF,0.018196139694296502,0.168137163265075,0.8136666970406284
26037,LOF,0.011848115013790968,0.11409618540624683,0.8740556995799621
26038,LOF,0.06973579329190259,0.05673035799688573,0.8735338487112118
26039,LOF,0.025706387796886675,0.14694549847999894,0.8273481137231145
26040,LOF,0.10886336731645813,0.13361154202037465,0.7575250906631673
26041,LOF,0.014473838087274895,0.09596370445537887,0.8895624574573462
26042,LOF,0.01325863442820997,0.09920395033371425,0.8875374152380757
26043,LOF,0.06801529058368978,0.0758395121551697,0.8561451972611405
26044,LOF,0.014281080671871858,0.05981919086730331,0.9258997284608249
26045,LOF,0.055595055736603706,0.09801754687620265,0.8463873973871937
26046,LOF,0.061920312653180966,0.06024330579924595,0.877836381547573
26047,LOF,0.10705614329730963,0.0618763469810711,0.8310675097216192
26048,LOF,0.04644305409644706,0.040110577879463205,0.9134463680240896
26049,Neutral,0.9662018914189674,0.005353320702935367,0.02844478787809728
26050,Neutral,0.9529782269948223,0.006678396980053923,0.04034337602512383
26051,LOF,0.014163673241065055,0.14302399222261278,0.8428123345363221
26052,LOF,0.020444788064595043,0.1865843002182818,0.7929709117171233
26053,LOF,0.02382914185730268,0.14075574299672108,0.8354151151459762
26054,LOF,0.048904789511987616,0.016179156395879593,0.9349160540921327
26055,LOF,0.06070719953503991,0.014676426380801584,0.9246163740841585
26056,LOF,0.051855957407543694,0.01714161869962557,0.9310024238928307
26057,LOF,0.03387598367179972,0.0109407878881875,0.9551832284400128
26058,LOF,0.03454232937858143,0.009825008307176314,0.9556326623142423
26059,LOF,0.2959273174251411,0.019197161570772607,0.6848755210040863
26060,LOF,0.009873049918181196,0.12585909428803305,0.8642678557937857
26061,LOF,0.005024545557767085,0.014274302232308219,0.9807011522099248
26062,LOF,0.00414414585958843,0.018220092917605058,0.9776357612228065
26063,LOF,0.023298811727893127,0.009267362814148146,0.9674338254579586
26064,LOF,0.007166903800380063,0.021096185021954483,0.9717369111776655
26065,LOF,0.024109743569790332,0.011069034545476916,0.9648212218847328
26066,LOF,0.022519603410283164,0.010025108210732558,0.9674552883789843
26067,LOF,0.02976426790949218,0.008521071937622686,0.9617146601528851
26068,LOF,0.042138153549445334,0.02725025537271451,0.9306115910778401
26069,LOF,0.247966234870314,0.01644813791694149,0.7355856272127445
26070,LOF,0.4148365919146906,0.011484877379806408,0.573678530705503
26071,LOF,0.02228505925679166,0.01057057415208302,0.9671443665911255
26072,LOF,0.0057101848446168574,0.022413886512309474,0.9718759286430737
26073,LOF,0.01882063842288276,0.013020111312853602,0.9681592502642636
26074,Neutral,0.9014740644025278,0.005985408661190243,0.09254052693628215
26075,LOF,0.04187337235624622,0.014745644311912904,0.943380983331841
26076,LOF,0.03920845826482083,0.008714248599513448,0.9520772931356657
26077,LOF,0.11316960536345944,0.007890692920750318,0.8789397017157903
26078,LOF,0.005600343777509338,0.013660451027248584,0.9807392051952419
26079,LOF,0.05404796239240808,0.015582548289474694,0.9303694893181172
26080,LOF,0.05199820360367059,0.015615849193572092,0.9323859472027572
26081,LOF,0.031018484693065288,0.007126909344940079,0.9618546059619946
26082,LOF,0.004891272630825383,0.01606148273271426,0.9790472446364604
26083,LOF,0.14224461292089055,0.01484608087569993,0.8429093062034094
26084,LOF,0.036240015565151405,0.011844296844526835,0.9519156875903219
26085,LOF,0.032610454466538354,0.010887747095891014,0.9565017984375707
26086,LOF,0.020067403789839827,0.011161428452824711,0.9687711677573354
26087,LOF,0.021708108182816578,0.009054799208318315,0.9692370926088651
26088,LOF,0.005725219066941316,0.02309392259227434,0.9711808583407843
26089,LOF,0.04053855857566577,0.020152784017725012,0.9393086574066091
26090,LOF,0.03943692141261157,0.01627004435104639,0.944293034236342
26091,LOF,0.029410633494276268,0.006527708501579067,0.9640616580041448
26092,LOF,0.02128573335713334,0.007638319889780664,0.971075946753086
26093,LOF,0.03779665362851878,0.006030026596948681,0.9561733197745325
26094,LOF,0.029035211795813733,0.006517779130873559,0.9644470090733128
26095,LOF,0.01629815662365967,0.018789674373137385,0.9649121690032029
26096,LOF,0.15220933710751272,0.005771856648844459,0.8420188062436428
26097,LOF,0.005056637185098922,0.037369130422381214,0.9575742323925198
26098,LOF,0.07378094280462118,0.012962651225919775,0.9132564059694591
26099,LOF,0.01983872554102395,0.012305399617873622,0.9678558748411025
26100,LOF,0.02242421756924655,0.012034601279766133,0.9655411811509872
26101,LOF,0.04802381678257283,0.01813249045190404,0.933843692765523
26102,LOF,0.021259984306006327,0.013171492383222927,0.9655685233107707
26103,Neutral,0.8724212363712095,0.018698320990898937,0.10888044263789147
26104,LOF,0.06598755656772,0.022772658327367863,0.9112397851049121
26105,LOF,0.1932605644196261,0.16028351662830712,0.6464559189520668
26106,LOF,0.33080653823120976,0.1212420138210861,0.5479514479477041
26107,LOF,0.02224442930427125,0.11166936459925621,0.8660862060964726
26108,LOF,0.34613219971305087,0.04132196829231675,0.6125458319946324
26109,LOF,0.03152059171330536,0.0747066546742731,0.8937727536124216
26110,LOF,0.20581528402771157,0.0062132265334699345,0.7879714894388186
26111,LOF,0.08757401436163359,0.0735772840514676,0.8388487015868988
26112,LOF,0.03537924242115255,0.0062511244148201,0.9583696331640273
26113,LOF,0.06398656685187713,0.014123995224370654,0.9218894379237522
26114,LOF,0.06675583578991846,0.013766417127101308,0.9194777470829802
26115,LOF,0.016041854119383126,0.08459123195848173,0.8993669139221352
26116,LOF,0.08786367898846052,0.04877129824777653,0.8633650227637629
26117,LOF,0.4162810052661134,0.043421312683620684,0.5402976820502658
26118,LOF,0.0339062227420959,0.021416984843586784,0.9446767924143172
26119,LOF,0.004567627137626011,0.04652345290016783,0.9489089199622062
26120,LOF,0.023743501204327496,0.018458764537069156,0.9577977342586035
26121,LOF,0.004007135034776993,0.15836744926462848,0.8376254157005945
