feature0,prediction,LoGoFunc_Neutral,LoGoFunc_GOF,LoGoFunc_LOF
25546,Neutral,0.7544976405176816,0.03437182683343988,0.2111305326488784
25547,Neutral,0.607760382932323,0.07794655071146427,0.3142930663562127
25548,Neutral,0.5914419144808004,0.0574365689227901,0.35112151659640933
25549,Neutral,0.5164242575665217,0.05781776825830691,0.42575797417517147
25550,LOF,0.32009597308367393,0.1295750713432567,0.5503289555730694
25551,LOF,0.27709981747707435,0.13909135784469198,0.5838088246782337
25552,LOF,0.2009093802625968,0.1364181598409947,0.6626724598964085
25553,Neutral,0.8244874984494329,0.03473034437919524,0.14078215717137174
25554,LOF,0.2308078444669834,0.12899042240719755,0.6402017331258191
25555,LOF,0.19031972843345868,0.10830766977612065,0.7013726017904207
25556,LOF,0.39022130283000656,0.11103239704006705,0.4987463001299265
25557,LOF,0.18459168113323043,0.1182961141113746,0.6971122047553949
25558,LOF,0.2237016374142973,0.13318286721906658,0.6431154953666361
25559,LOF,0.41996260297489263,0.07532815618938805,0.5047092408357193
25560,LOF,0.05138760454216604,0.17235445884068687,0.776257936617147
25561,LOF,0.10620734631029621,0.21986400364164824,0.6739286500480556
25562,LOF,0.1120831580746001,0.08355213729996117,0.8043647046254387
25563,LOF,0.10076730545895426,0.08742959939330623,0.8118030951477396
25564,LOF,0.16078057458115996,0.169816565345502,0.669402860073338
25565,LOF,0.14392838437037,0.13860498172984576,0.7174666338997842
25566,GOF,0.014279228415940622,0.7516357197655764,0.23408505181848308
25567,LOF,0.014894217925313853,0.15096801067334556,0.8341377714013406
25568,LOF,0.047686136446170625,0.06826986044662997,0.8840440031071993
25569,LOF,0.05714537463819144,0.07220034420872122,0.8706542811530873
25570,LOF,0.06081919058749229,0.1065732491101831,0.8326075603023246
25571,LOF,0.059319104638249576,0.10223149312623778,0.8384494022355127
25572,LOF,0.06543113940276239,0.1483443219851823,0.7862245386120554
25573,LOF,0.028042509932951844,0.10161116887596398,0.8703463211910842
25574,LOF,0.018570588883169113,0.1698203240734218,0.8116090870434091
25575,LOF,0.046832789877041314,0.10475387278336465,0.848413337339594
25576,LOF,0.020056297965665628,0.13220986344311922,0.8477338385912152
25577,LOF,0.014790858081781629,0.16408261202557786,0.8211265298926406
25578,LOF,0.23067634377587942,0.09404744362827551,0.675276212595845
25579,LOF,0.23070742743225897,0.09322836595350578,0.6760642066142352
25580,LOF,0.03211143547316225,0.08906032557888935,0.8788282389479485
25581,LOF,0.04506209826264234,0.07784327306328491,0.8770946286740728
25582,LOF,0.04510210797025141,0.07600243436401719,0.8788954576657314
25583,LOF,0.04182806643525306,0.10369510219832505,0.8544768313664218
25584,LOF,0.44149345003876744,0.09667514860052553,0.46183140136070705
25585,LOF,0.032102128256853595,0.11516137229233961,0.8527364994508068
25586,LOF,0.03598505727803458,0.08585615485532122,0.8781587878666441
25587,LOF,0.033020285229979705,0.08232004139439514,0.8846596733756251
25588,LOF,0.035476758091479654,0.10748703728606285,0.8570362046224574
25589,Neutral,0.5925827249618073,0.11565367414809179,0.2917636008901009
25590,LOF,0.026005785466171702,0.14166924463725666,0.8323249698965717
25591,LOF,0.09564955261091997,0.06526291458790069,0.8390875328011793
25592,LOF,0.09452235823529895,0.13870810283986357,0.7667695389248375
25593,LOF,0.01775707542172435,0.27338381200054634,0.7088591125777293
25594,LOF,0.02874719720518403,0.2696092673015934,0.7016435354932226
25595,LOF,0.0457070232938011,0.20479510728087943,0.7494978694253195
25596,LOF,0.05895036687220208,0.13692215532085247,0.8041274778069455
25597,LOF,0.06047762928799111,0.09656936369145294,0.8429530070205559
25598,LOF,0.034573310985647525,0.24682792153495542,0.718598767479397
25599,GOF,0.006056561790141243,0.803001613329459,0.1909418248803997
25600,GOF,0.009030584629618133,0.5888475489969497,0.4021218663734322
25601,GOF,0.007466253381330197,0.5171048804765277,0.475428866142142
25602,LOF,0.023249608383989047,0.05892235288529381,0.9178280387307172
25603,LOF,0.03625982105900845,0.04207173976499911,0.9216684391759924
25604,LOF,0.046549246909180206,0.05414935364419282,0.899301399446627
25605,LOF,0.010079164447923639,0.2548605997917846,0.7350602357602919
25606,GOF,0.06295810403013335,0.4745267801140425,0.46251511585582405
25607,LOF,0.0046144496008694,0.17978080935301924,0.8156047410461115
25608,LOF,0.06339486409747079,0.04610690188366255,0.8904982340188666
25609,LOF,0.05262394853324515,0.34033849478699896,0.607037556679756
25610,LOF,0.04485966100305719,0.03178885962352885,0.923351479373414
25611,LOF,0.04739599831030702,0.031955900528829316,0.9206481011608636
25612,LOF,0.09617998438001926,0.054464259237374704,0.849355756382606
25613,LOF,0.08295962791088826,0.05136585472125577,0.8656745173678561
25614,LOF,0.03566026573331276,0.041666108986720005,0.9226736252799671
25615,LOF,0.05387786408453707,0.04207775676300118,0.9040443791524618
25616,LOF,0.03610332739874266,0.03943487393248209,0.9244617986687753
25617,LOF,0.03329818075774453,0.04498753668695175,0.9217142825553036
25618,LOF,0.22266078713195037,0.0374510815553152,0.7398881313127343
25619,LOF,0.03539598681630765,0.03600892086161199,0.9285950923220804
25620,LOF,0.03938988170527963,0.04679790119078689,0.9138122171039333
25621,LOF,0.03454485946708726,0.03625433330971183,0.9292008072232008
25622,LOF,0.030437810307007603,0.048324896609105585,0.9212372930838869
25623,LOF,0.07117753290330424,0.037321530926092084,0.8915009361706038
25624,LOF,0.02868344725705158,0.04788766166326841,0.9234288910796801
25625,LOF,0.03639467830058532,0.05310282229653243,0.9105024994028822
25626,LOF,0.0717800927838745,0.039779107345281145,0.8884407998708443
25627,Neutral,0.5851258768274135,0.1375812562297669,0.2772928669428197
25628,LOF,0.16916425684752762,0.06627255814964222,0.7645631850028303
25629,LOF,0.06336670016207283,0.1524446182188907,0.7841886816190365
25630,LOF,0.17796673908818045,0.11224213243254542,0.7097911284792742
25631,Neutral,0.5965874820601031,0.08555085264594009,0.3178616652939569
25632,LOF,0.024548152229955326,0.08566595658715796,0.8897858911828866
25633,LOF,0.2542800653455509,0.09834695854966377,0.6473729761047854
25634,LOF,0.03549472672008508,0.11117459521510943,0.8533306780648054
25635,LOF,0.04486351708266514,0.09280014183242762,0.8623363410849073
25636,GOF,0.005713911587733348,0.576145011967217,0.4181410764450497
25637,GOF,0.005234072808292669,0.5224335934937608,0.4723323336979465
25638,LOF,0.008806297753632607,0.4106023657545536,0.5805913364918138
25639,LOF,0.005514205382666348,0.4074962710973298,0.5869895235200039
25640,GOF,0.4226029471538535,0.5357107891630702,0.041686263683076215
25641,LOF,0.00720950155022062,0.3598877561566812,0.6329027422930983
25642,LOF,0.24642456797397172,0.07990372141321915,0.6736717106128092
25643,LOF,0.17471008671810026,0.30187911254281485,0.5234108007390849
25644,LOF,0.03036608779979651,0.4701906234017986,0.49944328879840494
25645,LOF,0.024799244555892264,0.3864806803985066,0.5887200750456011
25646,LOF,0.022564610670701556,0.2516627207995509,0.7257726685297476
25647,LOF,0.022171934581541732,0.1987045587819075,0.7791235066365508
25648,LOF,0.01848637139640215,0.21127392383423965,0.7702397047693582
25649,LOF,0.016567553113177404,0.15690329913245535,0.8265291477543673
25650,LOF,0.05143124330315321,0.4115218439357029,0.5370469127611439
25651,LOF,0.014433750063125363,0.18871706130078736,0.7968491886360873
25652,LOF,0.021063242460889166,0.18727916742781903,0.7916575901112918
25653,LOF,0.10225503850194088,0.34455066815874436,0.5531942933393148
25654,LOF,0.016997452052883697,0.18891857998622952,0.7940839679608868
25655,LOF,0.1058984502218402,0.2564275026357591,0.6376740471424006
25656,LOF,0.05847269206655209,0.060117089953373025,0.8814102179800749
25657,LOF,0.28626892839416895,0.027806971383047045,0.6859241002227842
25658,LOF,0.03341936310759517,0.08286198227947932,0.8837186546129255
25659,LOF,0.24755911212169845,0.062081510439918074,0.6903593774383835
25660,LOF,0.09354628203428915,0.10875886425705622,0.7976948537086546
25661,LOF,0.07168019860250578,0.08127714260591305,0.8470426587915811
25662,LOF,0.03222836564844698,0.05308071309955123,0.9146909212520017
25663,LOF,0.04087384754336841,0.08547190520198601,0.8736542472546457
25664,LOF,0.030812454313581514,0.12973673447958178,0.8394508112068367
25665,LOF,0.05012483467440632,0.054301520039082805,0.8955736452865108
25666,LOF,0.036326729878390966,0.19560353727039953,0.7680697328512095
25667,LOF,0.03369709794926523,0.064614923689169,0.9016879783615658
25668,LOF,0.0417651552516976,0.06407375825057221,0.8941610864977303
25669,LOF,0.04839712730330212,0.10679019941875442,0.8448126732779435
25670,LOF,0.1317864687394305,0.1125654576376349,0.7556480736229346
25671,LOF,0.04149893072201449,0.06071012837319554,0.89779094090479
25672,LOF,0.05017252350866196,0.09505606413597917,0.8547714123553588
25673,LOF,0.036674000130461806,0.09977921263510321,0.8635467872344351
25674,LOF,0.02769586221212812,0.1131293096042249,0.859174828183647
25675,LOF,0.03498103075366425,0.09402668063546747,0.8709922886108683
25676,LOF,0.03278062319417812,0.07527732893448248,0.8919420478713393
25677,LOF,0.08157900201601527,0.0709437612710656,0.8474772367129192
25678,LOF,0.13707053312649084,0.05858833405998398,0.8043411328135253
25679,LOF,0.10200715079553323,0.09011674693055087,0.8078761022739159
25680,LOF,0.08481166009148398,0.10796468821779642,0.8072236516907196
25681,LOF,0.0939900294200076,0.10100201342740084,0.8050079571525917
25682,LOF,0.05291614766906283,0.08271028586191818,0.864373566469019
25683,LOF,0.07699890588631848,0.1289845786938012,0.7940165154198803
25684,LOF,0.06397255065334796,0.07592923651220311,0.860098212834449
25685,LOF,0.1276573538231109,0.04076775771478282,0.8315748884621064
25686,LOF,0.0338856423031674,0.08639690256311791,0.8797174551337148
25687,LOF,0.06638744814377802,0.08746417168559555,0.8461483801706264
25688,LOF,0.023157022144640178,0.16728419158469776,0.8095587862706621
25689,LOF,0.016929646014441503,0.09273026405199697,0.8903400899335616
25690,LOF,0.018127094034620397,0.11583499255175629,0.8660379134136234
25691,LOF,0.16603044096528144,0.16461370327301164,0.6693558557617069
25692,LOF,0.19789018193599026,0.02269368053663679,0.7794161375273729
25693,LOF,0.04535787854260265,0.1694128764961395,0.7852292449612579
25694,LOF,0.30489146182462984,0.011848157523320243,0.68326038065205
25695,LOF,0.2262794772358502,0.01763534344156881,0.756085179322581
25696,LOF,0.17005554900003444,0.010811927144052462,0.8191325238559131
25697,LOF,0.11332375047095158,0.03502539509686529,0.8516508544321831
25698,LOF,0.03127015900672554,0.33930263591928916,0.6294272050739853
25699,LOF,0.08079569665104563,0.07424343964704261,0.8449608637019117
25700,LOF,0.03554631730443412,0.013931559035925838,0.9505221236596401
25701,LOF,0.016633622728690373,0.08351333678313809,0.8998530404881715
25702,GOF,0.025742902928645794,0.774207798771341,0.20004929830001317
25703,LOF,0.018705444088068998,0.22501648406215188,0.7562780718497791
25704,LOF,0.111576833310911,0.18932966681119862,0.6990934998778904
25705,LOF,0.08575522353967313,0.2697709056980455,0.6444738707622814
25706,GOF,0.03272451203958843,0.5723500848922645,0.39492540306814716
25707,GOF,0.035400223534391234,0.5831535078952746,0.3814462685703342
25708,GOF,0.008063386169625783,0.5447033748008918,0.4472332390294825
25709,LOF,0.024160221614529496,0.08542389002443607,0.8904158883610345
25710,LOF,0.005152047988808965,0.24164749689438902,0.753200455116802
25711,LOF,0.029037766152432212,0.13865368474601053,0.8323085491015572
25712,LOF,0.006405098841780891,0.2843623156470467,0.7092325855111724
25713,LOF,0.02475647289042384,0.12964533958265134,0.8455981875269247
25714,LOF,0.02746014090010042,0.159016077269886,0.8135237818300136
25715,LOF,0.031365647545616965,0.14741793412169726,0.8212164183326858
25716,LOF,0.008885443288181664,0.13624701621945653,0.8548675404923618
25717,LOF,0.005823999230374788,0.14689358318949453,0.8472824175801307
25718,LOF,0.027191835656843306,0.08841006090446589,0.8843981034386909
25719,LOF,0.03762986934606294,0.11112579507677968,0.8512443355771573
25720,LOF,0.03568659935318662,0.10892126733808602,0.8553921333087273
25721,LOF,0.030011468551237007,0.10053882325146371,0.8694497081972994
25722,LOF,0.018275470640176483,0.14466713622917401,0.8370573931306494
25723,LOF,0.028549728046227737,0.08949239545307018,0.8819578765007021
25724,LOF,0.027668185398656748,0.17211426800698373,0.8002175465943595
25725,LOF,0.027816328311741346,0.09133431447807043,0.8808493572101882
25726,LOF,0.01915380621503644,0.1178832587539978,0.8629629350309658
25727,LOF,0.026347184911403653,0.11579539004463003,0.8578574250439663
25728,LOF,0.028528157221924887,0.1160709644482063,0.8554008783298689
25729,LOF,0.026840592897098847,0.12167300278955344,0.8514864043133477
25730,LOF,0.030282277218656953,0.08783966250375315,0.8818780602775899
25731,LOF,0.011256945256473163,0.185646139334302,0.8030969154092249
25732,LOF,0.024509228918210703,0.1045228575388729,0.8709679135429164
25733,LOF,0.03592202078983596,0.1029303379006201,0.8611476413095439
25734,LOF,0.005854124496833703,0.2651916319230732,0.728954243580093
25735,LOF,0.0257361106023264,0.08326271843172045,0.8910011709659532
25736,LOF,0.023362093997630763,0.14548071399995316,0.8311571920024161
25737,LOF,0.053597363380727944,0.1409041741998117,0.8054984624194604
25738,LOF,0.02528209223125777,0.16940532172105302,0.8053125860476893
25739,LOF,0.028294100355346276,0.13631381349904254,0.8353920861456112
25740,LOF,0.03141008009552864,0.15350572880700672,0.8150841910974647
25741,LOF,0.03892096550977545,0.14730437475351538,0.8137746597367091
25742,LOF,0.05047479578676507,0.14691700750252737,0.8026081967107076
25743,LOF,0.012718307038524886,0.032872298423971456,0.9544093945375035
25744,LOF,0.1668341402316214,0.33650364084681544,0.4966622189215631
25745,LOF,0.03544648946526372,0.10485236789686113,0.8597011426378751
25746,LOF,0.014689903149939907,0.16234044021613395,0.8229696566339261
25747,LOF,0.04041220469039841,0.034136206728705425,0.925451588580896
25748,LOF,0.2954229129262805,0.06008894113284014,0.6444881459408794
25749,LOF,0.013472938781019463,0.08644839787556421,0.9000786633434162
25750,LOF,0.019692830207514746,0.08492107626469929,0.8953860935277859
25751,LOF,0.04073103982177412,0.061526420438696244,0.8977425397395296
25752,GOF,0.07551968465325716,0.7146241435136458,0.20985617183309707
25753,LOF,0.006869914317494831,0.41205346964908857,0.5810766160334166
25754,GOF,0.007333983835887531,0.8864985484218753,0.10616746774223719
25755,LOF,0.00680437833737704,0.42743334728380533,0.5657622743788177
25756,LOF,0.02963652422695837,0.4247559796593786,0.545607496113663
25757,GOF,0.007779540382305072,0.8759016513256681,0.11631880829202691
25758,GOF,0.008514900354499646,0.8668378338596311,0.12464726578586917
25759,GOF,0.005507691743651683,0.6212036532721766,0.3732886549841716
25760,LOF,0.0056349075804197945,0.33186306590272063,0.6625020265168596
25761,GOF,0.04762056745735621,0.8517112129214955,0.10066821962114833
25762,LOF,0.03318101941737714,0.35900679943202657,0.6078121811505963
25763,LOF,0.00610178627566293,0.2866959072503744,0.7072023064739626
25764,GOF,0.049990220245021526,0.6557491211681499,0.2942606585868286
25765,GOF,0.007207085066795513,0.8567301449928428,0.13606276994036148
25766,GOF,0.047482651579167895,0.8121530727221327,0.14036427569869941
25767,GOF,0.01698712666285542,0.5362962372539112,0.44671663608323336
25768,LOF,0.0476401561113863,0.06477149890231715,0.8875883449862967
25769,LOF,0.030921452135989253,0.07189747053112723,0.8971810773328835
25770,LOF,0.12744981482517842,0.06064452133859342,0.8119056638362281
25771,LOF,0.017082112426395048,0.05519117546959081,0.9277267121040141
25772,LOF,0.028536036663832823,0.023564135867069638,0.9478998274690974
25773,LOF,0.02043168691567337,0.05485231641035965,0.924715996673967
25774,LOF,0.024789485038347197,0.09987614002419115,0.8753343749374617
25775,LOF,0.019722699136014418,0.03581188450081534,0.9444654163631703
25776,LOF,0.03308716327107149,0.020375381751855468,0.946537454977073
25777,LOF,0.12885406247231362,0.06343465260825867,0.8077112849194277
25778,LOF,0.02384988953217722,0.044855079813701126,0.9312950306541217
25779,GOF,0.051959263787775066,0.878862029769882,0.0691787064423429
25780,GOF,0.08603141074929674,0.8674625068426647,0.046506082408038454
25781,GOF,0.03250893344268494,0.8662734137307353,0.10121765282657959
25782,GOF,0.03651840172403042,0.9059020212037469,0.05757957707222273
25783,GOF,0.032361901445123964,0.9233709882729643,0.044267110281911694
25784,GOF,0.09848608302110871,0.8499244903671964,0.05158942661169498
25785,GOF,0.1096353113856102,0.8512300358667857,0.03913465274760414
25786,GOF,0.011084966028677713,0.8740323156134167,0.11488271835790566
25787,GOF,0.2439395434126823,0.7066506540467252,0.049409802540592414
25788,LOF,0.017536326941072027,0.1651512556256737,0.8173124174332542
25789,GOF,0.018703558687360795,0.85428462633287,0.1270118149797691
25790,GOF,0.029385649830287096,0.8707773413151907,0.09983700885452207
25791,GOF,0.02363040930840441,0.7469112725569897,0.22945831813460588
25792,GOF,0.028554465531741877,0.7834110194066376,0.18803451506162056
25793,GOF,0.07013707302982412,0.8275532155335329,0.10230971143664294
25794,GOF,0.04061403355424014,0.7541077371179761,0.20527822932778383
25795,GOF,0.05698803276146265,0.713522470518839,0.2294894967196983
25796,GOF,0.1226117861643766,0.7926330186703469,0.0847551951652764
25797,GOF,0.08121142439176869,0.731920857892273,0.18686771771595834
25798,GOF,0.007195987841875622,0.7444254328140045,0.24837857934411983
25799,GOF,0.0045772756700991945,0.6673974162417721,0.32802530808812863
25800,GOF,0.02757861452459749,0.81521745377483,0.15720393170057262
25801,GOF,0.020939619166584725,0.8973969630074843,0.08166341782593095
25802,GOF,0.03319637706600077,0.7935320858828281,0.17327153705117124
25803,GOF,0.02198825063115136,0.6886046500361893,0.28940709933265935
25804,GOF,0.03521426505923972,0.7463736484353573,0.21841208650540306
25805,GOF,0.02753828217794273,0.7618268213997779,0.21063489642227934
25806,GOF,0.03916901291591834,0.7770191708807994,0.18381181620328216
25807,GOF,0.011460169537913137,0.7290532173768604,0.2594866130852265
25808,GOF,0.021597828942521234,0.7550070615248934,0.22339510953258526
25809,GOF,0.010703787759094318,0.698767077880182,0.2905291343607237
25810,GOF,0.00946513189550444,0.6811312813674419,0.30940358673705365
25811,GOF,0.05734795404612408,0.8687769181489453,0.07387512780493063
25812,GOF,0.03053704936124261,0.7631076349892488,0.2063553156495087
25813,GOF,0.14624923176222496,0.7750619517406019,0.07868881649717316
25814,GOF,0.03180401358560256,0.7798012755941639,0.18839471082023346
25815,GOF,0.05865807964560162,0.8275833216043855,0.11375859875001279
25816,GOF,0.00982447023685714,0.862515956368506,0.12765957339463685
25817,GOF,0.11144966799196988,0.7717971767127104,0.11675315529531971
25818,GOF,0.02679298223222003,0.7642516535346828,0.2089553642330971
25819,GOF,0.04961210374763318,0.7505018945347084,0.1998860017176585
25820,GOF,0.042648125674925694,0.6899064930619515,0.2674453812631229
25821,GOF,0.029631957159177966,0.7304115427704853,0.23995650007033673
25822,GOF,0.051688766694169865,0.7232666421683813,0.2250445911374487
25823,GOF,0.030480926692509583,0.6937441890653483,0.27577488424214214
25824,GOF,0.0307295575557257,0.7642399553292093,0.2050304871150651
25825,GOF,0.02345632089035152,0.7547189365164394,0.2218247425932092
25826,GOF,0.011339757627914004,0.7061960522000051,0.28246419017208074
25827,GOF,0.015920425646129232,0.6570893574753498,0.326990216878521
25828,GOF,0.011794317499857068,0.6852050838356126,0.30300059866453033
25829,GOF,0.004374573658454737,0.6258015230975756,0.36982390324396963
25830,GOF,0.04195450162790561,0.48789000060488025,0.4701554977672142
25831,GOF,0.06334098321969686,0.7915783604916671,0.14508065628863617
25832,GOF,0.01206919641750714,0.7444595718797687,0.2434712317027241
25833,GOF,0.040922447440977706,0.8068487608600476,0.15222879169897455
25834,GOF,0.012357389322025793,0.7597422266147013,0.22790038406327287
25835,GOF,0.026400043717271227,0.809986851082462,0.16361310520026678
25836,GOF,0.008236107975401637,0.7287259267144186,0.2630379653101798
25837,GOF,0.012112986850966588,0.7558513681463164,0.232035645002717
25838,GOF,0.028648235166227994,0.8203839105730311,0.15096785426074097
25839,GOF,0.0789547179665914,0.7935085745646884,0.12753670746872017
25840,GOF,0.10553556714930322,0.7593983965162705,0.13506603633442632
25841,GOF,0.1101397056240939,0.7852312776304532,0.10462901674545307
25842,GOF,0.033029113089904034,0.8599465078256949,0.10702437908440103
25843,GOF,0.03618665326306863,0.8604905061496126,0.10332284058731887
25844,GOF,0.023882591410402464,0.806943709403034,0.1691736991865635
25845,GOF,0.008064463623078192,0.7310394515448565,0.2608960848320654
25846,GOF,0.07181286743782142,0.8248985821681872,0.10328855039399129
25847,GOF,0.021559817471419777,0.8614518012708249,0.11698838125775537
25848,GOF,0.028502633434789613,0.8237689165018448,0.14772845006336566
25849,GOF,0.00884712827022489,0.7932979222389577,0.19785494949081742
25850,GOF,0.007910926257250659,0.7054002624000345,0.2866888113427149
25851,GOF,0.007361519093432575,0.6607036239430554,0.33193485696351205
25852,GOF,0.16265127106510407,0.5262433839313377,0.31110534500355813
25853,GOF,0.0644598247154857,0.802703719606496,0.13283645567801844
25854,GOF,0.00693999257357481,0.6860434850282113,0.3070165223982139
25855,GOF,0.02111903603742541,0.6489634160712755,0.329917547891299
25856,GOF,0.040045473794851696,0.7332723241736839,0.2266822020314645
25857,GOF,0.0216397088008431,0.6529152372460606,0.32544505395309625
25858,GOF,0.01140669981414106,0.647042557007351,0.34155074317850787
25859,GOF,0.008333911703493142,0.6173190037362293,0.3743470845602776
25860,GOF,0.08254703975620414,0.7599374550391408,0.15751550520465496
25861,GOF,0.11431295710726896,0.7831347242677192,0.10255231862501168
25862,GOF,0.02705597551744493,0.8735136999568966,0.0994303245256584
25863,GOF,0.02527864175680631,0.8661106023724848,0.1086107558707089
25864,GOF,0.06596326120792836,0.8668028046029064,0.06723393418916522
25865,GOF,0.056795162252320466,0.8348152836491909,0.10838955409848869
25866,GOF,0.026566688712261192,0.8586156068134706,0.11481770447426824
25867,GOF,0.04556915534026487,0.8562560447784272,0.09817479988130808
25868,GOF,0.07284078353888201,0.7997710291983368,0.12738818726278128
25869,GOF,0.37609633082308674,0.5230533513442845,0.10085031783262871
25870,GOF,0.07420764950442629,0.5111058096117129,0.4146865408838608
25871,GOF,0.012847440905958036,0.8255315938075093,0.16162096528653275
25872,GOF,0.02521001709375408,0.798506816045747,0.17628316686049894
25873,GOF,0.02439795017443973,0.8562273481293148,0.11937470169624544
25874,LOF,0.018946905637773556,0.17839232645253708,0.8026607679096894
25875,LOF,0.034451283615135074,0.054998479466691994,0.9105502369181729
25876,LOF,0.021282556722744157,0.04545513532640298,0.9332623079508529
25877,LOF,0.12719735731933246,0.1051929846645738,0.7676096580160937
25878,LOF,0.09536450877463709,0.1309829376673367,0.7736525535580261
25879,LOF,0.015143400023363087,0.09317368899081405,0.8916829109858229
25880,LOF,0.07316897723031934,0.016083116889560017,0.9107479058801208
25881,Neutral,0.5382206323295821,0.09896779725915461,0.36281157041126333
25882,LOF,0.06375021273270078,0.031297322278552565,0.9049524649887466
25883,LOF,0.02728563973710436,0.03349160701974662,0.9392227532431491
25884,LOF,0.019262229038260394,0.04937977698294264,0.9313579939787969
25885,LOF,0.19404482208799656,0.01682545227214919,0.7891297256398543
25886,LOF,0.25653019823562867,0.06363976541925742,0.679830036345114
25887,LOF,0.12013700374280821,0.13309345022316257,0.7467695460340292
25888,LOF,0.007483522245173728,0.18470610002592228,0.807810377728904
25889,LOF,0.025515721987056532,0.04393396476141699,0.9305503132515265
25890,LOF,0.18827844392370624,0.06930431797787397,0.7424172380984198
25891,LOF,0.12227420565730122,0.02926958794323262,0.8484562063994662
25892,LOF,0.009010955586839203,0.0342648782373151,0.9567241661758458
25893,LOF,0.4083058129534343,0.009792035333772639,0.5819021517127929
25894,LOF,0.3852409855475521,0.00667854460626595,0.6080804698461819
25895,LOF,0.3251082992864758,0.014246771394948536,0.6606449293185757
25896,LOF,0.06981649393540945,0.032356192323091754,0.8978273137414988
25897,LOF,0.12950025090319103,0.01129201521626148,0.8592077338805475
25898,LOF,0.14771106390577027,0.03510689597158316,0.8171820401226466
25899,LOF,0.40971682699043194,0.03521815811359916,0.555065014895969
25900,Neutral,0.5078901707006545,0.010213785743057221,0.4818960435562883
25901,LOF,0.08942587140789203,0.011951697708652355,0.8986224308834556
25902,LOF,0.08853891831034648,0.015637921961605232,0.8958231597280483
25903,LOF,0.2771765561285088,0.026184238284934207,0.696639205586557
25904,Neutral,0.4982604182567887,0.04437385350125385,0.4573657282419575
25905,LOF,0.006863572639183032,0.453593042949442,0.539543384411375
25906,LOF,0.009745350717539033,0.08744731484147772,0.9028073344409833
25907,LOF,0.009682304521615928,0.2852616521103515,0.7050560433680326
25908,LOF,0.009296038007224307,0.2988091710195894,0.6918947909731863
25909,LOF,0.031066857798607815,0.11392632453210169,0.8550068176692904
25910,LOF,0.013066844505858707,0.13533131576137414,0.8516018397327672
25911,LOF,0.20676930330507584,0.024867404636000352,0.7683632920589237
25912,LOF,0.09717891900584306,0.018461105832506004,0.8843599751616509
25913,LOF,0.023480100715354134,0.03467284726646101,0.9418470520181847
25914,LOF,0.04252924388768393,0.024314105378951057,0.933156650733365
25915,LOF,0.25835295703926003,0.09939835771765985,0.64224868524308
25916,LOF,0.0255334469435481,0.05247946276404339,0.9219870902924086
25917,LOF,0.0716084468666967,0.02408560110867423,0.904305952024629
25918,LOF,0.04316642031454575,0.01318279389579537,0.9436507857896589
25919,LOF,0.0354562466151725,0.012701677920174261,0.9518420754646532
25920,LOF,0.34132766025362243,0.2515769942036106,0.40709534554276694
25921,LOF,0.01634912594585638,0.01971491327485793,0.9639359607792857
25922,LOF,0.014792922107401173,0.02103314680497718,0.9641739310876216
25923,LOF,0.45490178898571115,0.014660999092977956,0.530437211921311
25924,LOF,0.02562897719971333,0.026274369372228355,0.9480966534280584
25925,LOF,0.09484919768167308,0.03013255010768781,0.8750182522106391
25926,LOF,0.08112798748538952,0.019366606497870333,0.8995054060167402
25927,LOF,0.025593966587583238,0.05367663968898719,0.9207293937234295
25928,LOF,0.012051741300077669,0.026836269431831674,0.9611119892680906
25929,Neutral,0.5832218791348994,0.014124897759940703,0.4026532231051599
25930,LOF,0.08809949560640967,0.013046882447599129,0.8988536219459913
25931,LOF,0.014293911235364278,0.016626658698349298,0.9690794300662865
25932,LOF,0.0862631967348165,0.01570201226882925,0.8980347909963542
25933,LOF,0.08497020766220985,0.009735956799176665,0.9052938355386134
25934,LOF,0.08042727194358074,0.008479405427215897,0.9110933226292034
25935,LOF,0.08971557390419842,0.02691426253853908,0.8833701635572625
25936,LOF,0.106875646499027,0.009656778421831186,0.8834675750791418
25937,LOF,0.021797447888650425,0.0145024961522957,0.9637000559590538
25938,LOF,0.09248491247506319,0.023712258429239033,0.8838028290956977
25939,LOF,0.06720763518372572,0.01232984063483088,0.9204625241814435
25940,GOF,0.01116693073894519,0.5193050747367943,0.4695279945242605
25941,LOF,0.4298004549934346,0.04340566024640169,0.5267938847601638
25942,LOF,0.010249607248184765,0.046815568118166805,0.9429348246336483
25943,LOF,0.0419784771983182,0.19164756161101612,0.7663739611906657
25944,LOF,0.03462044000115159,0.08140145082011341,0.8839781091787349
25945,LOF,0.17517361531127082,0.022479114936440385,0.8023472697522889
25946,LOF,0.05960074858027426,0.03702463986731056,0.9033746115524152
25947,Neutral,0.49126317009108567,0.09900458741380802,0.40973224249510637
25948,LOF,0.3837169769153484,0.013679303375764416,0.6026037197088873
25949,LOF,0.13517969956133466,0.07248652536510009,0.7923337750735652
25950,GOF,0.11036367726325498,0.5439112655696109,0.3457250571671341
25951,LOF,0.019979042002349366,0.46047858208083675,0.5195423759168138
25952,LOF,0.21091005026326182,0.25240932216831014,0.5366806275684279
25953,LOF,0.009736563360768336,0.35097783012830214,0.6392856065109295
25954,GOF,0.09941044137397116,0.4881050447150173,0.4124845139110115
25955,LOF,0.010674678897787887,0.25563460245770636,0.7336907186445059
25956,LOF,0.014964908476879459,0.3588422669983675,0.626192824524753
25957,LOF,0.14560565182575952,0.03989255848659128,0.8145017896876492
25958,LOF,0.03247191592949796,0.06495693471263661,0.9025711493578653
25959,GOF,0.008029374447744375,0.7842053264057843,0.20776529914647132
25960,LOF,0.00437531150802162,0.14286353050413908,0.8527611579878392
25961,LOF,0.029233111207544658,0.05105614804811688,0.9197107407443383
25962,LOF,0.03511296961020794,0.07294864468530611,0.891938385704486
25963,LOF,0.007364048080687384,0.1271437798296002,0.8654921720897124
25964,LOF,0.04034043836685729,0.1488740019284907,0.8107855597046519
25965,LOF,0.2508227122578956,0.15930856209203753,0.589868725650067
25966,LOF,0.33494137191639056,0.10664666095093953,0.5584119671326698
25967,LOF,0.006307901402552385,0.08605946587698114,0.9076326327204663
25968,LOF,0.042346909406732476,0.2730230125725946,0.684630078020673
25969,LOF,0.14241473320310769,0.07185709648707081,0.7857281703098216
25970,LOF,0.06830575819465429,0.06861646692915879,0.863077774876187
25971,LOF,0.06439478558608835,0.03366386595222234,0.9019413484616894
25972,LOF,0.08688560159406597,0.06044052553699102,0.8526738728689431
25973,LOF,0.054367902284674384,0.012384414443373386,0.9332476832719523
25974,LOF,0.051023186445622516,0.04658667750594256,0.902390136048435
25975,LOF,0.037049404981082404,0.019167575196541425,0.9437830198223761
25976,LOF,0.09054219221020794,0.012555584581358038,0.896902223208434
25977,LOF,0.2525528114725325,0.05061628417176932,0.6968309043556982
25978,LOF,0.1603819141521019,0.1401243107647964,0.6994937750831016
25979,LOF,0.13337022669882928,0.15628813569575653,0.7103416376054142
25980,LOF,0.20287781969804383,0.2099416746459834,0.5871805056559728
25981,LOF,0.20373003805700085,0.21190625354469841,0.5843637083983007
25982,LOF,0.35959261088726435,0.10900335126770624,0.5314040378450294
25983,LOF,0.4358302753654007,0.11255795044392801,0.4516117741906713
25984,LOF,0.06250976513325181,0.08944339967160235,0.8480468351951459
25985,Neutral,0.46775721172576656,0.14407553838403753,0.3881672498901958
25986,LOF,0.013102582567160985,0.4568136270209966,0.5300837904118424
25987,LOF,0.040462894974617504,0.10089724032353721,0.8586398647018452
25988,LOF,0.06323043766869796,0.14427971664852657,0.7924898456827755
25989,LOF,0.07286221589389312,0.21384018196171548,0.7132976021443914
25990,LOF,0.05474816225793965,0.3711074584292637,0.5741443793127967
25991,GOF,0.0270886540410371,0.49346386304210754,0.4794474829168553
25992,LOF,0.01699899977811191,0.4714634857445726,0.5115375144773155
25993,LOF,0.020249398243883342,0.059642185787495354,0.9201084159686213
25994,LOF,0.029932422657425756,0.06429242637351004,0.9057751509690642
25995,LOF,0.01997054853782018,0.1213281324615197,0.8587013190006602
25996,GOF,0.3476737543833559,0.4096473308691034,0.2426789147475407
25997,LOF,0.0570990255823994,0.47000010727890595,0.4729008671386946
25998,LOF,0.2449456966972313,0.04629847911878997,0.7087558241839788
25999,LOF,0.04608936711672649,0.12205819305215265,0.8318524398311208
26000,LOF,0.13610705131214812,0.015134401939419603,0.8487585467484323
26001,LOF,0.20173731224422436,0.02276009798292917,0.7755025897728465
26002,LOF,0.10393165572820527,0.025919296957951376,0.8701490473138433
26003,GOF,0.005982068997993026,0.5826964255974874,0.4113215054045196
26004,GOF,0.01181343541032501,0.5318601217554714,0.45632644283420365
26005,LOF,0.00426747492300752,0.45617762352487407,0.5395549015521184
26006,GOF,0.09461889326854771,0.4750297349715368,0.4303513717599156
26007,LOF,0.007897146373355935,0.4746163364524603,0.5174865171741837
26008,GOF,0.005569638704442671,0.538748838434589,0.4556815228609683
26009,GOF,0.009432561252442838,0.5770721754096731,0.4134952633378841
26010,GOF,0.008089862457444783,0.5401986468539485,0.4517114906886067
26011,LOF,0.004280139528680888,0.3801599879487709,0.6155598725225481
26012,GOF,0.005055401010195834,0.5127911134707831,0.482153485519021
26013,GOF,0.011225626488734593,0.5388369543449042,0.44993741916636126
26014,LOF,0.039898561051883,0.08414287183641601,0.8759585671117011
26015,LOF,0.38468860641801284,0.023969397582817024,0.5913419959991701
26016,LOF,0.28384850424677155,0.034865713040785756,0.6812857827124427
26017,LOF,0.014718400539690445,0.16265743757751625,0.8226241618827932
26018,LOF,0.02806951337027192,0.06738300096027228,0.9045474856694558
26019,LOF,0.02747540922805494,0.0613944363376481,0.9111301544342969
26020,LOF,0.006918729252443157,0.18528856443335773,0.8077927063141992
26021,LOF,0.06505970910331661,0.07598779443111991,0.8589524964655635
26022,LOF,0.034708922861754726,0.03260103104761662,0.9326900460906287
26023,LOF,0.02190155420456144,0.044206327787301554,0.9338921180081369
26024,LOF,0.03744442448770257,0.054442059761941664,0.9081135157503558
26025,LOF,0.12031576704131218,0.05932328866911987,0.820360944289568
26026,LOF,0.10129535878194755,0.0425590025626372,0.8561456386554152
26027,LOF,0.0277847033813263,0.027450117664498144,0.9447651789541756
26028,LOF,0.0640793303752236,0.1646720951838271,0.7712485744409493
26029,LOF,0.02604633663845905,0.1564859322144674,0.8174677311470735
26030,LOF,0.11965307983186255,0.02241975884529871,0.8579271613228387
26031,LOF,0.011636129516542444,0.1324956979818583,0.8558681725015993
26032,LOF,0.037078473743509456,0.04677461830158403,0.9161469079549065
26033,LOF,0.04285672027425858,0.043439403039134364,0.913703876686607
26034,LOF,0.016171688785490756,0.10054671815469604,0.8832815930598131
26035,LOF,0.010710362084856139,0.10479353191967726,0.8844961059954667
26036,LOF,0.010651210682899896,0.09015311613608654,0.8991956731810136
26037,LOF,0.00963998936742551,0.09341805476025387,0.8969419558723206
26038,LOF,0.030910625710764604,0.04077704714378631,0.9283123271454491
26039,LOF,0.03031638803501448,0.12212230587063373,0.8475613060943518
26040,LOF,0.08731205811742614,0.11119868143739367,0.8014892604451801
26041,LOF,0.011472423711820473,0.09097712246160836,0.8975504538265712
26042,LOF,0.01070029419084624,0.0946187619866211,0.8946809438225327
26043,LOF,0.03099827096275094,0.06886246095935851,0.9001392680778905
26044,LOF,0.006616244096042638,0.04502924830664965,0.9483545075973077
26045,LOF,0.0639897933934204,0.13596820738085247,0.8000419992257272
26046,LOF,0.028190774454969328,0.04543544742059044,0.9263737781244402
26047,LOF,0.059946456781808266,0.046421412676847726,0.8936321305413439
26048,LOF,0.08438233227643578,0.01745501178469652,0.8981626559388678
26049,Neutral,0.9450353541562445,0.0062139107110924996,0.04875073513266304
26050,Neutral,0.913113070932765,0.006710509041074766,0.08017642002616027
26051,LOF,0.02984220193222071,0.0927418117909655,0.8774159862768138
26052,LOF,0.031611092208469645,0.07236723194782753,0.8960216758437027
26053,LOF,0.021429429812041635,0.13393436397691758,0.8446362062110409
26054,LOF,0.045526388294012475,0.03901452842658423,0.9154590832794033
26055,LOF,0.06456352287968482,0.03500276036380037,0.9004337167565147
26056,LOF,0.05460356053026429,0.046592924750966505,0.8988035147187692
26057,LOF,0.05915573086123565,0.021415656833442414,0.9194286123053219
26058,LOF,0.0640224989398978,0.016756405424215973,0.9192210956358862
26059,LOF,0.20559444002195457,0.033488180229741905,0.7609173797483035
26060,LOF,0.015816727623843733,0.21398361863493098,0.7701996537412253
26061,LOF,0.010055741847954842,0.01581818207720872,0.9741260760748365
26062,LOF,0.005207057230304168,0.022595163537516255,0.9721977792321795
26063,LOF,0.049449455823642935,0.014847906705306084,0.935702637471051
26064,LOF,0.014534791748987204,0.021431223897723346,0.9640339843532895
26065,LOF,0.06089834434644127,0.02105596884531329,0.9180456868082454
26066,LOF,0.046830927030960645,0.015017860731876326,0.938151212237163
26067,LOF,0.05180469113668439,0.014391518169460266,0.9338037906938554
26068,LOF,0.0497357276530128,0.0407519174141857,0.9095123549328016
26069,LOF,0.22055502931789978,0.028419423361656957,0.7510255473204432
26070,LOF,0.42921587766504066,0.01981688245571628,0.550967239879243
26071,LOF,0.05016554051581089,0.016083600108051405,0.9337508593761378
26072,LOF,0.006200440785969031,0.02544541460220017,0.9683541446118308
26073,LOF,0.04182649085960354,0.01800969275822492,0.9401638163821714
26074,Neutral,0.7848212945333377,0.014047796613379814,0.2011309088532823
26075,LOF,0.044509451361397286,0.03082908155223459,0.9246614670863682
26076,LOF,0.043790507119915084,0.01593257758694042,0.9402769152931446
26077,LOF,0.1498178635568772,0.012512532617483552,0.8376696038256392
26078,LOF,0.0062634173616383775,0.02533280633982646,0.9684037762985351
26079,LOF,0.05612783648566108,0.026187088143862627,0.9176850753704763
26080,LOF,0.05529269902351123,0.02628068414266365,0.9184266168338251
26081,LOF,0.04187191431633065,0.013179178168806004,0.9449489075148633
26082,LOF,0.005888831108851551,0.02303203816230675,0.9710791307288418
26083,LOF,0.10699585142097567,0.02481159011242463,0.8681925584665997
26084,LOF,0.12046991004175601,0.024949966141235003,0.8545801238170089
26085,LOF,0.11375985457929554,0.020290268236997873,0.8659498771837066
26086,LOF,0.042543918468065746,0.01833669417586634,0.9391193873560679
26087,LOF,0.0418456424864891,0.016460682451752463,0.9416936750617584
26088,LOF,0.005964985339021245,0.03783159845550406,0.9562034162054748
26089,LOF,0.038240777931924534,0.03960059355302001,0.9221586285150555
26090,LOF,0.03893331990573545,0.03048255584155612,0.9305841242527085
26091,LOF,0.030939270096290574,0.011775784174682457,0.957284945729027
26092,LOF,0.04605601685506068,0.013094390777087597,0.9408495923678516
26093,LOF,0.05985980157411039,0.009600177355056128,0.9305400210708334
26094,LOF,0.03438574756863397,0.011148331616173795,0.9544659208151923
26095,LOF,0.01858301664844962,0.023465558151963203,0.9579514251995872
26096,LOF,0.2313403487931204,0.006971288418831115,0.7616883627880485
26097,LOF,0.005965057845893848,0.057385788050795715,0.9366491541033104
26098,LOF,0.08992491668492034,0.025418983655296386,0.8846560996597833
26099,LOF,0.04196430794174357,0.02703378129014575,0.9310019107681107
26100,LOF,0.04196430794174357,0.02703378129014575,0.9310019107681107
26101,LOF,0.04823080020474083,0.04755839809519525,0.904210801700064
26102,LOF,0.038954778001534414,0.021151842010529647,0.9398933799879359
26103,Neutral,0.8929118961242217,0.029824123033191912,0.07726398084258654
26104,LOF,0.052985080201568606,0.045882017388354956,0.9011329024100765
26105,LOF,0.2436376487186339,0.11287334258451064,0.6434890086968555
26106,LOF,0.3430176205962591,0.041313139788591115,0.6156692396151497
26107,LOF,0.020241569539841575,0.06155291377801561,0.9182055166821428
26108,LOF,0.20974412603906634,0.05081092273107599,0.7394449512298576
26109,LOF,0.05812183850581968,0.03525495455454879,0.9066232069396316
26110,LOF,0.43237746281268546,0.01569065178158598,0.5519318854057286
26111,LOF,0.06482193186602721,0.10714120560229906,0.8280368625316739
26112,LOF,0.0625135374896047,0.012959746250579088,0.9245267162598163
26113,LOF,0.11762189907100852,0.037330693346957815,0.8450474075820338
26114,LOF,0.09167001318153008,0.006814010729092234,0.9015159760893776
26115,LOF,0.021467876613509546,0.048260532080553295,0.9302715913059371
26116,LOF,0.0940451671834389,0.01873384380765717,0.8872209890089039
26117,LOF,0.34989668361219506,0.035029394614192966,0.6150739217736121
26118,LOF,0.036502363031939905,0.01666634969952342,0.9468312872685366
26119,LOF,0.005367710809065707,0.09012167780625556,0.9045106113846788
26120,LOF,0.030793863242594418,0.01625282293224933,0.9529533138251564
26121,LOF,0.0040732641091391275,0.12074855605074022,0.8751781798401207
26122,LOF,0.0046692052484478665,0.09923774804991632,0.8960930467016357
26123,LOF,0.004754878584257506,0.12366483882425829,0.8715802825914842
26124,LOF,0.004593320347859659,0.10370418257901358,0.8917024970731268
26125,LOF,0.028354605264842573,0.2037883738118999,0.7678570209232576
26126,LOF,0.0762169665573264,0.1528200249634263,0.7709630084792473
26127,LOF,0.005590386487169211,0.15213686573084567,0.8422727477819852
26128,LOF,0.040665044868090416,0.06096851568864282,0.8983664394432668
26129,LOF,0.011386966814000322,0.14780781856861377,0.8408052146173859
26130,LOF,0.07200436048369878,0.08058684954572377,0.8474087899705773
26131,LOF,0.004839777749658293,0.10432928539256814,0.8908309368577736
26132,LOF,0.05373278951841959,0.06905309784017626,0.8772141126414043
26133,LOF,0.043420701703201066,0.01250934486942403,0.9440699534273749
26134,LOF,0.0052813973391456145,0.13500093608699681,0.8597176665738575
26135,LOF,0.020846090763285058,0.27339736889892957,0.7057565403377853
26136,LOF,0.0818114628024839,0.1999596828763624,0.7182288543211537
26137,LOF,0.051843876491043696,0.023589715256684473,0.9245664082522719
26138,LOF,0.03001257256488955,0.1731822861821994,0.796805141252911
26139,LOF,0.08390719059835194,0.10617320178243479,0.8099196076192133
26140,LOF,0.03299722049438547,0.16514214584807746,0.801860633657537
26141,LOF,0.029593412773273077,0.17828347365031683,0.79212311357641
26142,LOF,0.06601808877072161,0.059763256417851546,0.8742186548114269
26143,LOF,0.04962245116344503,0.05551312641626104,0.8948644224202938
26144,LOF,0.2715144823532093,0.06511612651176037,0.6633693911350305
26145,LOF,0.006162363776031424,0.11949951668881925,0.8743381195351493
26146,LOF,0.03522151874754094,0.07768517227189624,0.8870933089805628
26147,LOF,0.06873180393086167,0.03680530435134454,0.8944628917177937
26148,LOF,0.07886466420380611,0.03607282268683378,0.8850625131093601
26149,LOF,0.1514749005238841,0.01902241726492229,0.8295026822111935
26150,LOF,0.1115266237647853,0.002538257662340178,0.8859351185728744
26151,LOF,0.05008700318463006,0.07068056749319411,0.8792324293221758
26152,LOF,0.04894494690452642,0.049046148849813564,0.90200890424566
26153,LOF,0.03497215924777864,0.17497654187141035,0.7900512988808109
26154,LOF,0.03694353091663345,0.034080524628952454,0.9289759444544141
26155,LOF,0.008335835967972792,0.154079197956239,0.8375849660757883
26156,LOF,0.017122096082365614,0.14761733149725806,0.8352605724203763
26157,LOF,0.028623522344903944,0.3828815491837294,0.5884949284713668
26158,LOF,0.0057520649553932535,0.08620866139936384,0.908039273645243
26159,LOF,0.048822087947209596,0.22599937625300554,0.7251785357997849
26160,LOF,0.012594946672624415,0.3843846008602696,0.603020452467106
26161,LOF,0.008986769796557723,0.3893064831843335,0.6017067470191088
26162,LOF,0.023754551653185043,0.48567978513189203,0.4905656632149229
26163,LOF,0.06220346122903691,0.10216037401433577,0.8356361647566274
26164,LOF,0.2007585733556082,0.26771134993006845,0.5315300767143234
26165,LOF,0.017923497324074195,0.0402165956715544,0.9418599070043715
26166,LOF,0.027819900251125306,0.1340606380087232,0.8381194617401514
26167,LOF,0.003937695956375867,0.2509567095276263,0.7451055945159978
26168,LOF,0.013775321666771739,0.08765325907982126,0.8985714192534071
26169,LOF,0.38384866360310704,0.15826035013459386,0.4578909862622991
26170,GOF,0.008342241778518078,0.507828060618042,0.48382969760344
26171,LOF,0.019986030609772002,0.05758192803910132,0.9224320413511267
26172,LOF,0.0049831948794621505,0.21683644955283024,0.7781803555677076
26173,GOF,0.006997372458309955,0.5233448466919038,0.4696577808497862
26174,LOF,0.2185564395941507,0.12273194917015309,0.6587116112356962
26175,LOF,0.14072427516005523,0.04080455203162267,0.8184711728083222
26176,LOF,0.1275521087814709,0.02140497433712609,0.851042916881403
26177,LOF,0.14036684884013287,0.019056916960486548,0.8405762341993805
26178,LOF,0.06348793022943215,0.062140717435778973,0.8743713523347889
26179,LOF,0.020741251035572315,0.3334506408533694,0.6458081081110584
26180,LOF,0.01050766618949894,0.0513481445522212,0.9381441892582799
26181,LOF,0.04344400140210924,0.029371458358333557,0.9271845402395573
26182,LOF,0.03184145499484036,0.03750854748858996,0.9306499975165697
26183,LOF,0.05775066355935672,0.04295647096730872,0.8992928654733346
26184,LOF,0.04149690495100034,0.04782723460118858,0.9106758604478112
26185,LOF,0.03219763937230648,0.037380638442023426,0.9304217221856701
26186,LOF,0.09264135171375942,0.015637592512021396,0.8917210557742192
26187,LOF,0.26414772337868103,0.015594993403505184,0.7202572832178137
26188,LOF,0.03089742134444549,0.02448599517305857,0.9446165834824959
26189,LOF,0.027962832045519137,0.030942271438916393,0.9410948965155645
26190,LOF,0.23663526637908958,0.02398051321836296,0.7393842204025475
26191,LOF,0.028078048158771175,0.0309811942118032,0.9409407576294255
26192,LOF,0.03174772829718676,0.04451648221164372,0.9237357894911694
26193,LOF,0.045822002987032436,0.06728874965175964,0.8868892473612079
26194,LOF,0.010838891578447465,0.03294964615600147,0.9562114622655512
26195,LOF,0.03424468111131183,0.037317088673842674,0.9284382302148455
26196,LOF,0.08265047240678589,0.29538665870662933,0.6219628688865848
26197,LOF,0.021937145314779555,0.3816949244027278,0.5963679302824927
26198,LOF,0.03323166942151231,0.04918426030241259,0.9175840702760751
26199,LOF,0.031379202324974154,0.03703675945673049,0.9315840382182954
26200,Neutral,0.9543422114103939,0.01057242560235885,0.0350853629872473
26201,LOF,0.4348061317060888,0.011928851028198727,0.5532650172657125
26202,LOF,0.024605625194832066,0.043104785147842245,0.9322895896573258
26203,GOF,0.06904401302126503,0.5795816529506079,0.35137433402812707
26204,Neutral,0.5980554745090895,0.2305564709979557,0.1713880544929548
26205,LOF,0.24893526780850614,0.3327727056505161,0.4182920265409778
26206,LOF,0.05841982576492409,0.0632343036727802,0.8783458705622957
26207,LOF,0.05490123336024034,0.039274951064708415,0.9058238155750512
26208,LOF,0.07290301761845147,0.05016778210376235,0.8769292002777862
26209,LOF,0.05353002459668863,0.0595292231363296,0.8869407522669818
26210,LOF,0.243414370812284,0.04125073728499537,0.7153348919027206
26211,LOF,0.09451255462780482,0.056808670710914916,0.8486787746612802
26212,LOF,0.06067934002958818,0.05705543436825322,0.8822652256021587
26213,Neutral,0.7436944219433171,0.04117696407251165,0.2151286139841712
26214,LOF,0.09140602139450153,0.2840787493694699,0.6245152292360286
26215,LOF,0.03439427653219061,0.053690781259823815,0.9119149422079856
26216,LOF,0.030735462057295354,0.0881874930843177,0.881077044858387
26217,LOF,0.014515809914821995,0.09247295583707206,0.8930112342481059
26218,LOF,0.009889564341540659,0.07522632682295623,0.9148841088355031
26219,LOF,0.019976854297498733,0.4682257896657221,0.5117973560367791
26220,GOF,0.03439991353024608,0.5329659754122962,0.4326341110574577
26221,LOF,0.012526418995660805,0.38805373603930127,0.5994198449650379
26222,LOF,0.016675383566129933,0.4086088868880757,0.5747157295457943
26223,LOF,0.040232320963247324,0.38403580405360005,0.5757318749831526
26224,GOF,0.08294525127909635,0.5234231102029077,0.393631638517996
26225,LOF,0.04997886017391399,0.38522750621252544,0.5647936336135605
26226,LOF,0.09896643540299856,0.32124786484249157,0.57978569975451
26227,LOF,0.21640537979329416,0.29847060182428015,0.4851240183824258
26228,LOF,0.2600976164920278,0.07276398909476758,0.6671383944132047
26229,LOF,0.30800533093298965,0.05619391428787404,0.6358007547791362
26230,LOF,0.23828845123607856,0.08687380173729158,0.6748377470266299
26231,Neutral,0.5929528924258866,0.09317153793238815,0.3138755696417253
26232,LOF,0.30364095058482804,0.05172971198358597,0.6446293374315859
26233,LOF,0.3790917014729513,0.05674078633967626,0.5641675121873724
26234,Neutral,0.5211838268496056,0.054144064900290896,0.4246721082501035
26235,LOF,0.2600976164920278,0.07276398909476758,0.6671383944132047
26236,Neutral,0.7912346084917093,0.0686560726918568,0.14010931881643385
26237,Neutral,0.8738826918080704,0.030220351600926353,0.09589695659100334
26238,LOF,0.2754687175189865,0.06318013700878894,0.6613511454722246
26239,LOF,0.16300814937058145,0.07803157937477834,0.7589602712546402
26240,LOF,0.08357437578725743,0.06914355531125152,0.847282068901491
26241,LOF,0.055483739925669476,0.052748930651484255,0.8917673294228463
26242,LOF,0.03270479188622963,0.0643833802962412,0.9029118278175291
26243,LOF,0.0738386798810701,0.03434899928193006,0.8918123208369998
26244,LOF,0.051608229845825575,0.06576235174795823,0.8826294184062162
26245,LOF,0.12014286846495385,0.043288229653280934,0.8365689018817652
26246,LOF,0.046324679531562524,0.044807075851216106,0.9088682446172214
26247,LOF,0.049284211288601804,0.037811423286879524,0.9129043654245187
26248,LOF,0.015200328908684332,0.08422005028590435,0.9005796208054113
26249,LOF,0.061380891219346555,0.053853360791783475,0.88476574798887
26250,LOF,0.018660333993443842,0.048489380948642545,0.9328502850579136
26251,LOF,0.01738366674596629,0.0494092739203045,0.9332070593337293
26252,LOF,0.01973925512361578,0.031135697859475862,0.9491250470169084
26253,LOF,0.08339151452116214,0.046475984887319965,0.870132500591518
26254,GOF,0.21641047762040255,0.68941059723899,0.09417892514060741
26255,LOF,0.005571649335307221,0.09917014318522141,0.8952582074794714
26256,Neutral,0.6930123882730636,0.1157305852068443,0.191257026520092
26257,Neutral,0.7532217489052462,0.10693403206913413,0.13984421902561978
26258,GOF,0.2587551248686685,0.44642685257746634,0.2948180225538653
26259,GOF,0.15855137119715382,0.4250846450342448,0.41636398376860145
26260,LOF,0.3233645434232788,0.19273546486698104,0.4838999917097403
26261,LOF,0.09924191107691835,0.08239278558371928,0.8183653033393623
26262,LOF,0.012106049288925985,0.05494020974203079,0.9329537409690433
26263,LOF,0.009860693983097094,0.4859932083358827,0.5041460976810203
26264,LOF,0.043088210565728036,0.04563309620149432,0.9112786932327777
26265,LOF,0.0074549813394221304,0.2617595571618449,0.730785461498733
26266,GOF,0.010396173052712827,0.5491096933939859,0.4404941335533013
26267,GOF,0.015140951610608763,0.5551331312483181,0.42972591714107317
26268,GOF,0.010876439020177838,0.5504396848187554,0.43868387616106663
26269,LOF,0.05766734083536284,0.03238432936241103,0.9099483298022262
26270,LOF,0.024655626305457375,0.17912050828986578,0.7962238654046768
26271,LOF,0.04662516789344574,0.02038541690162532,0.932989415204929
26272,LOF,0.08096775881093825,0.15006378713195337,0.7689684540571083
26273,Neutral,0.45515701935390135,0.34985154648457834,0.19499143416152034
26274,LOF,0.17147813896961142,0.03636304557080996,0.7921588154595787
26275,LOF,0.17774921346918177,0.13385451078194405,0.6883962757488742
26276,LOF,0.12062666475571694,0.19404273056461285,0.6853306046796703
26277,LOF,0.140381765376411,0.1670250691760814,0.6925931654475076
26278,LOF,0.038049873990109,0.42154992207657876,0.5404002039333122
26279,GOF,0.25563471451614384,0.38864338691681904,0.3557218985670371
26280,LOF,0.0860245278564365,0.42432351949029273,0.4896519526532709
26281,LOF,0.0756485367813496,0.42778859348378667,0.49656286973486385
26282,LOF,0.10222325631837244,0.36229694179777444,0.5354798018838531
26283,LOF,0.10392838166368738,0.36429383562026046,0.5317777827160521
26284,LOF,0.13994123424561125,0.17619799992914056,0.6838607658252481
26285,LOF,0.1343609494541264,0.17435380209225818,0.6912852484536154
26286,LOF,0.12106589706444566,0.4009659911211194,0.47796811181443494
26287,LOF,0.11303748433871455,0.1781393625646276,0.7088231530966578
26288,LOF,0.10364797456484849,0.16221329498469939,0.7341387304504521
26289,Neutral,0.547269290021188,0.09997120879451207,0.35275950118430005
26290,GOF,0.02074814317388504,0.7223222261035391,0.2569296307225759
26291,GOF,0.011953456174148332,0.6287149983055118,0.35933154552033986
26292,GOF,0.12513155774506257,0.6835857070829154,0.19128273517202207
26293,LOF,0.10701125723928298,0.21189639461665136,0.6810923481440657
26294,LOF,0.11441534163115306,0.17643052221981037,0.7091541361490366
26295,Neutral,0.44472716949705315,0.35738630446487907,0.19788652603806786
26296,LOF,0.44798177577420445,0.041409275098988854,0.5106089491268068
26297,LOF,0.1565519180683395,0.2001122274831284,0.643335854448532
26298,LOF,0.024124993678093332,0.2244760256528078,0.7513989806690989
26299,LOF,0.11853522740859852,0.014381419145101203,0.8670833534463002
26300,LOF,0.20902886653178934,0.006786203112211055,0.7841849303559995
26301,LOF,0.14295572857215175,0.09838631693606392,0.7586579544917843
26302,LOF,0.09259193095165741,0.010820334409884582,0.896587734638458
26303,Neutral,0.8476253539970992,0.019307025802326048,0.13306762020057483
26304,LOF,0.34259020052248573,0.03858856637227599,0.6188212331052383
26305,LOF,0.03476221340398778,0.11114466500278175,0.8540931215932305
26306,LOF,0.2566134910134519,0.025551151662166285,0.717835357324382
26307,LOF,0.48178966393272055,0.022988467042373437,0.49522186902490595
26308,LOF,0.013936280904981313,0.050352687141660184,0.9357110319533585
26309,LOF,0.07803661664214312,0.038587084624114074,0.8833762987337428
26310,LOF,0.040715259273417924,0.007293128755381697,0.9519916119712005
26311,LOF,0.2334260490133761,0.018503080452041992,0.748070870534582
26312,LOF,0.07161297832527591,0.047873737388217805,0.8805132842865062
26313,LOF,0.45905614742996337,0.015431445431908249,0.5255124071381284
26314,LOF,0.010062753781635585,0.01429072026816025,0.9756465259502042
26315,LOF,0.04420523795395239,0.04305085971927125,0.9127439023267763
26316,LOF,0.00828566768875999,0.2474979715907114,0.7442163607205287
26317,LOF,0.008583505370988122,0.1580065997403142,0.8334098948886978
26318,LOF,0.008206703675408171,0.12953973499784363,0.8622535613267482
26319,Neutral,0.7468893038379107,0.158670335457992,0.09444036070409716
26320,LOF,0.19887330278089896,0.10958371722007941,0.6915429799990216
26321,LOF,0.19857008095686512,0.21252606542304156,0.5889038536200932
26322,LOF,0.3116473148965371,0.009799609069968454,0.6785530760334946
26323,LOF,0.027143193921190256,0.024818890836162916,0.9480379152426469
26324,LOF,0.02498251361893623,0.025377371608815466,0.9496401147722483
26325,LOF,0.16968719816956307,0.05046836233052289,0.779844439499914
26326,LOF,0.018888544697448568,0.03098252102366127,0.9501289342788901
26327,LOF,0.056990842634491896,0.13383630704820454,0.8091728503173036
26328,LOF,0.05177322584612643,0.11775441141618234,0.8304723627376913
26329,LOF,0.012981288797606494,0.017534382142457783,0.9694843290599356
26330,LOF,0.08388748537586471,0.019176227847543397,0.896936286776592
26331,LOF,0.21475640952857078,0.0744560197839089,0.7107875706875203
26332,LOF,0.012874685442535626,0.03154600403806996,0.9555793105193945
26333,LOF,0.012128510091363946,0.021328117381304336,0.9665433725273317
26334,LOF,0.20295963939006928,0.015216148662870905,0.7818242119470598
26335,LOF,0.04421360243804575,0.01946364511868211,0.9363227524432722
26336,LOF,0.009428919762754834,0.02780633780287105,0.9627647424343742
26337,LOF,0.04365442955846663,0.01905570730948619,0.9372898631320471
26338,LOF,0.021436840176847632,0.026364305354458308,0.9521988544686941
26339,Neutral,0.8654804545932576,0.016736046963538538,0.11778349844320386
26340,LOF,0.04441291494161123,0.014116247899590742,0.9414708371587981
26341,LOF,0.03207178091891639,0.02528558815865044,0.9426426309224332
26342,LOF,0.024724851171461375,0.022258047368887098,0.9530171014596517
26343,LOF,0.030516487406617082,0.01894116371418708,0.9505423488791958
26344,LOF,0.03017153190637507,0.025213309236743725,0.9446151588568813
26345,LOF,0.014223829688232228,0.02436570533082026,0.9614104649809475
26346,LOF,0.0269122838223355,0.026739806005672506,0.946347910171992
26347,LOF,0.027265095606819067,0.029605160583031885,0.9431297438101491
26348,LOF,0.013038140283916134,0.03344442571603939,0.9535174340000445
26349,LOF,0.011182713042619724,0.03675740423298966,0.9520598827243907
26350,LOF,0.01326158382982475,0.02226784545629991,0.9644705707138753
26351,LOF,0.02947114439087206,0.019511451065808094,0.9510174045433197
26352,LOF,0.02288638454468353,0.026795449445500018,0.9503181660098164
26353,LOF,0.0339717303147331,0.021175015629334423,0.9448532540559325
26354,LOF,0.023216637155269327,0.025561830611777952,0.9512215322329528
26355,LOF,0.024009919493065,0.027631768111174206,0.9483583123957608
26356,LOF,0.04338705931588681,0.015518880986784953,0.9410940596973283
26357,LOF,0.026316097448295488,0.017250099631597487,0.9564338029201072
26358,LOF,0.029733519908167354,0.018798369046393433,0.9514681110454393
26359,LOF,0.18261332170128317,0.1214511730152836,0.6959355052834332
26360,Neutral,0.684576540603801,0.1129403179736962,0.2024831414225028
26361,LOF,0.048259002894330646,0.03948778089429278,0.9122532162113767
26362,LOF,0.18166163209355868,0.12248306851145271,0.6958552993949886
26363,LOF,0.3991802778730603,0.09553674483428455,0.5052829772926551
26364,LOF,0.04781548484115889,0.14402103563776245,0.8081634795210786
26365,LOF,0.061364146797038485,0.1740562009511235,0.7645796522518379
26366,LOF,0.15697342728342575,0.19330784410827043,0.6497187286083038
26367,LOF,0.26977312521571434,0.268640928101508,0.4615859466827776
26368,GOF,0.04827167483848352,0.8037827823587577,0.14794554280275887
26369,GOF,0.012394699643085785,0.8836740286786152,0.1039312716782989
26370,Neutral,0.5877986714755391,0.3859562707305562,0.02624505779390466
26371,GOF,0.10135249267353234,0.6982966241006546,0.200350883225813
26372,GOF,0.006135597778927444,0.5513264021259605,0.442538000095112
26373,LOF,0.021574747534056,0.16217357574130137,0.8162516767246427
26374,LOF,0.07847697728638936,0.13034603429531008,0.7911769884183006
26375,GOF,0.07894851801507319,0.46704225216064177,0.454009229824285
26376,GOF,0.0757608104534393,0.8039466014452871,0.1202925881012737
26377,LOF,0.006390648686432117,0.19108248678505474,0.8025268645285131
26378,GOF,0.01025729983667575,0.651832748839282,0.3379099513240421
26379,LOF,0.019786726942740866,0.18601340097117883,0.7941998720860802
26380,GOF,0.009181946056566252,0.9218582223747636,0.0689598315686702
26381,GOF,0.11676660936653871,0.5051233604068874,0.37811003022657386
26382,LOF,0.007965085086547299,0.2727678665509602,0.7192670483624924
26383,GOF,0.36184606327845636,0.3713104155016674,0.2668435212198762
26384,GOF,0.004829658529574385,0.6313524624398578,0.3638178790305679
26385,GOF,0.061387169811834834,0.746247279845922,0.19236555034224329
26386,GOF,0.008656265242152366,0.6920975040353853,0.29924623072246215
26387,GOF,0.03644352816836054,0.6863258392094266,0.277230632622213
26388,GOF,0.05647692793250953,0.6091313755567198,0.3343916965107707
26389,GOF,0.005645315636429458,0.823108600029061,0.17124608433450955
26390,Neutral,0.7809642694664883,0.17056779332744182,0.04846793720606987
26391,Neutral,0.5461406996784737,0.34687849930816256,0.10698080101336378
26392,GOF,0.0279335957020387,0.49160101888504104,0.48046538541292033
26393,Neutral,0.3956568525945019,0.352471017737161,0.2518721296683372
26394,Neutral,0.5611884494000009,0.2681955984334421,0.17061595216655698
26395,LOF,0.020444474970583045,0.1382025577875411,0.8413529672418759
26396,LOF,0.03549053675478591,0.451735896566604,0.5127735666786102
26397,GOF,0.31226459654602046,0.5769751494769823,0.11076025397699743
26398,Neutral,0.5083734107863276,0.4325728609097257,0.0590537283039468
26399,Neutral,0.8408932887386601,0.12511439059879242,0.033992320662547405
26400,LOF,0.04062789393335117,0.13261432505065102,0.8267577810159977
26401,LOF,0.004857055051184894,0.2036501744505227,0.7914927704982925
26402,LOF,0.03571879124826195,0.2865134860010536,0.6777677227506845
26403,LOF,0.01808727582704873,0.21085496925152614,0.7710577549214251
26404,LOF,0.022315651260975383,0.22345141002509045,0.7542329387139342
26405,LOF,0.0212602471796453,0.31893692810518487,0.6598028247151698
26406,LOF,0.013813809070571602,0.2674303943935744,0.718755796535854
26407,LOF,0.02631572507782125,0.16140850292855907,0.8122757719936197
26408,LOF,0.021241116029224846,0.1583334877691265,0.8204253962016486
26409,GOF,0.0976090775681071,0.7038821449067794,0.19850877752511356
26410,Neutral,0.813435919206003,0.1261502359845067,0.06041384480949026
26411,LOF,0.021974668772480974,0.25436134022372175,0.7236639910037973
26412,LOF,0.11838024898534143,0.29262592989011266,0.588993821124546
26413,LOF,0.037831411551695206,0.3850972284072387,0.5770713600410661
26414,LOF,0.0049488656952726895,0.30132784485106756,0.6937232894536598
26415,GOF,0.06307339121217158,0.8619392298870988,0.07498737890072976
26416,LOF,0.038210905053328005,0.24421045601250846,0.7175786389341635
26417,GOF,0.043006752761183216,0.7433165301474653,0.21367671709135141
26418,LOF,0.15575466719560546,0.027839342325793888,0.8164059904786006
26419,LOF,0.10377369728132099,0.017671062484856573,0.8785552402338224
26420,LOF,0.07382086386524864,0.0452138538021001,0.8809652823326511
26421,LOF,0.4179414426090505,0.1637783833453769,0.41828017404557255
26422,LOF,0.13414924754677157,0.07076570106324762,0.7950850513899809
26423,LOF,0.3691053387792699,0.028320152646556452,0.6025745085741736
26424,LOF,0.12083519311273268,0.07228429140926784,0.8068805154779994
26425,LOF,0.2838298283587458,0.029255812149861015,0.6869143594913932
26426,LOF,0.046690001071219414,0.012283361002744133,0.9410266379260365
26427,LOF,0.07363559852973504,0.02013964183128947,0.9062247596389754
26428,LOF,0.14198317270594749,0.009196632152058262,0.8488201951419941
26429,Neutral,0.502859105104077,0.008391718992608084,0.48874917590331496
26430,LOF,0.06130614659974368,0.009933838186487397,0.9287600152137688
26431,LOF,0.09113461191049699,0.02526939694837054,0.8835959911411325
26432,LOF,0.11672985883435696,0.0584408956463556,0.8248292455192875
26433,LOF,0.04130654210327098,0.028088205569444642,0.9306052523272844
26434,LOF,0.0864515605786438,0.025650741236670493,0.8878976981846857
26435,LOF,0.15046298105322994,0.005892507627938837,0.8436445113188311
26436,LOF,0.009466781777693835,0.023152311443200572,0.9673809067791055
26437,LOF,0.015476397380867138,0.029025209081624505,0.9554983935375083
26438,GOF,0.05543000029085197,0.4736401524728334,0.4709298472363147
26439,LOF,0.13527697483154572,0.2869627444882316,0.5777602806802227
26440,LOF,0.009929594393868512,0.4186327287314599,0.5714376768746715
26441,GOF,0.10008876844718877,0.5926290902550956,0.30728214129771575
26442,LOF,0.0075483544795299454,0.45323484091642635,0.5392168046040436
26443,GOF,0.030320657733628513,0.5221259861029613,0.4475533561634102
26444,LOF,0.013623557728650572,0.42207569428332714,0.5643007479880223
26445,LOF,0.008288542984727594,0.3998625524647857,0.5918489045504867
26446,GOF,0.05898786716694511,0.5022440293722461,0.43876810346080874
26447,GOF,0.011209670064539122,0.548113931132795,0.44067639880266585
26448,LOF,0.011638188293754117,0.432615595466345,0.555746216239901
26449,LOF,0.016923473825171266,0.3657400565178075,0.6173364696570213
26450,LOF,0.07406428271659007,0.3707724910997027,0.5551632261837073
26451,GOF,0.011398768970276352,0.5720661252508118,0.41653510577891173
26452,LOF,0.03509727308246508,0.16953547035302707,0.7953672565645079
26453,GOF,0.012920390192112073,0.5349559539665433,0.45212365584134473
26454,GOF,0.011221459737601755,0.5529537819475053,0.4358247583148929
26455,LOF,0.019115742806069175,0.11615059484167739,0.8647336623522534
26456,LOF,0.03027646030914386,0.052611216272254874,0.9171123234186013
26457,GOF,0.027139602757275907,0.7702863110541356,0.2025740861885886
26458,LOF,0.033102235793030205,0.08649425086412199,0.8804035133428478
26459,LOF,0.013220624690925909,0.09845987147937246,0.8883195038297017
26460,LOF,0.09875446414841907,0.17180860331515457,0.7294369325364263
26461,LOF,0.03423371918629673,0.08204650227474032,0.8837197785389629
26462,LOF,0.10537989917624488,0.143263834456349,0.7513562663674062
26463,LOF,0.0798498924495455,0.21339530512684085,0.7067548024236137
26464,LOF,0.0766219600996425,0.20476228583079106,0.7186157540695666
26465,Neutral,0.8230883095335666,0.09056648582159851,0.0863452046448349
26466,Neutral,0.6124387656326422,0.22268785039385663,0.16487338397350115
26467,LOF,0.06499472467323739,0.18621520110991402,0.7487900742168486
26468,LOF,0.054304006375738914,0.1678666517461405,0.7778293418781205
26469,LOF,0.064058412169637,0.18350970982639817,0.7524318780039648
26470,LOF,0.016309798097127088,0.27455850019660033,0.7091317017062726
26471,LOF,0.012216641949729694,0.2792428404406621,0.7085405176096082
26472,LOF,0.01026207163010268,0.20477728477639162,0.7849606435935057
26473,LOF,0.04718955473766917,0.08949117297784673,0.8633192722844841
26474,LOF,0.042273346702389615,0.10784983648358869,0.8498768168140216
26475,LOF,0.03969953612045683,0.1476488580106422,0.812651605868901
26476,LOF,0.06940543569852622,0.12651451523333046,0.8040800490681433
26477,LOF,0.01972695709836347,0.047955589758270856,0.9323174531433656
26478,LOF,0.07059222765157197,0.019953277952794377,0.9094544943956338
26479,LOF,0.03308490178597171,0.15382569980506222,0.813089398408966
26480,LOF,0.09043394806069904,0.052888859935578854,0.8566771920037222
26481,LOF,0.06280878457138649,0.054711207581590836,0.8824800078470227
26482,LOF,0.1370621514116753,0.054151895435491114,0.8087859531528336
26483,LOF,0.11244661581506146,0.059686372912828925,0.8278670112721096
26484,LOF,0.08392501243523875,0.070157131047657,0.8459178565171043
26485,LOF,0.22878274040628155,0.01237340507532505,0.7588438545183934
26486,LOF,0.015738474300539117,0.08487320019544836,0.8993883255040125
26487,LOF,0.014410241144753925,0.1369182972840402,0.8486714615712058
26488,LOF,0.06119034070954631,0.03928266323262465,0.899526996057829
26489,LOF,0.013054084449390874,0.09643917945390533,0.8905067360967037
26490,LOF,0.07544152646161315,0.04940412725193887,0.875154346286448
26491,LOF,0.1662035503832729,0.01360108725321012,0.820195362363517
26492,LOF,0.011757838354117232,0.07871649641660065,0.909525665229282
26493,LOF,0.10435887990181464,0.04416342742775396,0.8514776926704315
26494,LOF,0.10135859374170936,0.031324161504336236,0.8673172447539544
26495,LOF,0.1019710306370652,0.15972515551456518,0.7383038138483696
26496,LOF,0.020703069164807446,0.24678514558704812,0.7325117852481445
26497,LOF,0.012912103715916817,0.17964250676618856,0.8074453895178946
26498,LOF,0.018364040621228706,0.14480156345722212,0.8368343959215493
26499,LOF,0.24753619373936125,0.030863004709849224,0.7216008015507894
26500,LOF,0.0451896283666856,0.13336469568539597,0.8214456759479184
26501,LOF,0.21405390731751306,0.22282945105771687,0.5631166416247702
26502,LOF,0.02402713182647959,0.16866867295827115,0.8073041952152492
26503,Neutral,0.7717976122552151,0.0057861053199261435,0.22241628242485875
26504,LOF,0.0471858005915031,0.03294914580990978,0.9198650535985871
26505,LOF,0.05409127553643411,0.04409213946239959,0.9018165850011662
26506,LOF,0.06714047271347157,0.06705154575988698,0.8658079815266415
26507,LOF,0.30221233890310345,0.16398532275803293,0.5338023383388636
26508,LOF,0.09923548711812633,0.08962444523914262,0.8111400676427312
26509,GOF,0.01317132449745079,0.6447929990573026,0.3420356764452467
26510,LOF,0.18423446350607392,0.21884485945700302,0.5969206770369231
26511,GOF,0.0159314502529652,0.51101997728795,0.47304857245908477
26512,GOF,0.03293006716184045,0.5621322171224832,0.4049377157156763
26513,GOF,0.03404917461673718,0.7020347970575589,0.263916028325704
26514,GOF,0.06307777968228112,0.6548548517072151,0.28206736861050374
26515,GOF,0.013851843321306047,0.5759465318170718,0.4102016248616221
26516,GOF,0.015895432588896988,0.6597126092820692,0.3243919581290338
26517,LOF,0.027949475485719216,0.12886066750401406,0.8431898570102667
26518,GOF,0.015669692696842874,0.5916918679566038,0.3926384393465534
26519,GOF,0.024135382885815543,0.5966372119520361,0.3792274051621484
26520,LOF,0.30408216157694357,0.32259332334672886,0.3733245150763275
26521,LOF,0.024653578060574645,0.07170603249079294,0.9036403894486325
26522,Neutral,0.5147108254187469,0.06732021174968257,0.4179689628315705
26523,LOF,0.04363733892347259,0.03932254258535019,0.9170401184911773
26524,LOF,0.043456623979039,0.05667051594333885,0.8998728600776221
26525,LOF,0.04215139787536291,0.05240104262277164,0.9054475595018655
26526,LOF,0.20196755046882736,0.021065114890427977,0.7769673346407447
26527,LOF,0.0338144352326152,0.03883933802198884,0.927346226745396
26528,LOF,0.03919714591674955,0.0365461417771153,0.924256712306135
26529,Neutral,0.8269972053189026,0.02489268061606002,0.14811011406503724
26530,LOF,0.035092852718221455,0.032674796526456086,0.9322323507553224
26531,LOF,0.12036703139619802,0.145556621580832,0.7340763470229701
26532,LOF,0.03224721913446893,0.11681984476335673,0.8509329361021742
26533,LOF,0.03802540386875037,0.03720834594176574,0.924766250189484
26534,LOF,0.041604127660725104,0.18039133219485337,0.7780045401444216
26535,Neutral,0.8379035460312125,0.028111962146143397,0.13398449182264424
26536,Neutral,0.5879551188101547,0.07654664539367276,0.33549823579617255
26537,Neutral,0.9417980142403103,0.0313536670323891,0.026848318727300608
26538,LOF,0.13780556785707035,0.035756073922879425,0.8264383582200502
26539,LOF,0.012901054500485697,0.13641937609686972,0.8506795694026446
26540,LOF,0.08021551961514217,0.21410497371909884,0.705679506665759
26541,LOF,0.07408599827089371,0.16552909893239534,0.760384902796711
26542,LOF,0.28547321400188885,0.13705407168212308,0.5774727143159881
26543,LOF,0.057085813661850886,0.14836903826936393,0.7945451480687851
26544,LOF,0.00856509366871738,0.16144584121175873,0.8299890651195239
26545,LOF,0.00845859322443966,0.20564405984554313,0.7858973469300172
26546,LOF,0.013561892029840789,0.21013816321615764,0.7762999447540017
26547,LOF,0.009044677493048695,0.14604409228420873,0.8449112302227425
26548,LOF,0.010085847541237812,0.1099740913747102,0.8799400610840521
26549,LOF,0.08632865728449615,0.05868716412910772,0.8549841785863961
26550,LOF,0.06876652210936302,0.051637063111110125,0.8795964147795269
26551,Neutral,0.6564619825972536,0.07079054381618945,0.27274747358655693
26552,LOF,0.028194161409239693,0.1306066276361505,0.8411992109546099
26553,LOF,0.11293029513020642,0.07294461132445751,0.8141250935453361
26554,LOF,0.09826054890655625,0.1335390856452131,0.7682003654482307
26555,LOF,0.010427754525514069,0.058098474157285654,0.9314737713172002
26556,LOF,0.03260486307121491,0.08955978525489294,0.8778353516738922
26557,LOF,0.2203714072933179,0.05619515035543421,0.7234334423512478
26558,LOF,0.05889830349955677,0.03382198387785584,0.9072797126225874
26559,LOF,0.018757298385614272,0.06907712710224356,0.9121655745121422
26560,LOF,0.060392537843192415,0.064457295795713,0.8751501663610946
26561,LOF,0.02657391852756484,0.20986341709421652,0.7635626643782186
26562,LOF,0.07964408028757691,0.12688163925036605,0.793474280462057
26563,LOF,0.030768514236889886,0.12517764999223568,0.8440538357708743
26564,LOF,0.006110247245219993,0.2337021006682997,0.7601876520864803
26565,LOF,0.008562617866113531,0.163835366373101,0.8276020157607854
26566,LOF,0.0070399642636321,0.08341395994195264,0.9095460757944152
26567,LOF,0.0920572842714944,0.14067877797757747,0.767263937750928
26568,LOF,0.09373130589845062,0.053017783904966795,0.8532509101965825
26569,LOF,0.007525748709108091,0.04953547821661914,0.9429387730742727
26570,LOF,0.04109298204676115,0.3718480783337167,0.5870589396195223
26571,LOF,0.09475832539597814,0.16851604289868855,0.7367256317053333
26572,Neutral,0.5369963450463572,0.05668528174335117,0.4063183732102916
26573,LOF,0.09462282712920402,0.04260828253826776,0.8627688903325282
26574,LOF,0.02801835339152101,0.027515073574196688,0.9444665730342824
26575,LOF,0.07550561948737322,0.14882498406448483,0.775669396448142
26576,LOF,0.27927683371809997,0.06305611623190294,0.657667050049997
26577,LOF,0.16040764423291823,0.088016894343434,0.7515754614236478
26578,LOF,0.04177245746510324,0.061392452736903594,0.8968350897979932
26579,Neutral,0.7232201297182254,0.04928146319867859,0.22749840708309602
26580,GOF,0.247769082795783,0.5299059812184752,0.22232493598574182
26581,LOF,0.030881567638634057,0.12579664908394797,0.8433217832774179
26582,GOF,0.007271032704671655,0.6886871970269003,0.304041770268428
26583,LOF,0.02566575126772111,0.3444007577437002,0.6299334909885788
26584,LOF,0.005239133291123984,0.45267984231008684,0.5420810243987891
26585,LOF,0.11222016687762676,0.26891187324421606,0.6188679598781572
26586,Neutral,0.5289142480862682,0.24193398313662115,0.22915176877711063
26587,LOF,0.07013907991494994,0.09666511937949654,0.8331958007055535
26588,LOF,0.0229996372345601,0.2642290551198303,0.7127713076456096
26589,LOF,0.033093274256527444,0.07445807769293888,0.8924486480505336
26590,LOF,0.023380598659410442,0.07552808300476409,0.9010913183358255
26591,LOF,0.019798007113053344,0.34758392535287885,0.6326180675340679
26592,LOF,0.024893672582001012,0.3055217823002388,0.6695845451177602
26593,GOF,0.013562260300764467,0.5171193729168505,0.46931836678238503
26594,LOF,0.05708363342362099,0.24786237468145275,0.6950539918949262
26595,LOF,0.0694425341072628,0.17370689106067597,0.7568505748320612
26596,LOF,0.07658665167167725,0.29879364836299305,0.6246196999653297
26597,LOF,0.00372776299078868,0.35091086989189485,0.6453613671173165
26598,LOF,0.0038388026422459206,0.4155841107751196,0.5805770865826344
26599,LOF,0.06156398099010038,0.30829428540405723,0.6301417336058425
26600,GOF,0.006285894418252231,0.4978572785008433,0.49585682708090445
26601,LOF,0.08915876418341498,0.2468983682742923,0.6639428675422927
26602,LOF,0.024414551462647524,0.10987863847177624,0.8657068100655764
26603,LOF,0.024099951143666604,0.1468381310530066,0.8290619178033267
26604,LOF,0.00556655778105379,0.25107517010721314,0.743358272111733
26605,LOF,0.0562344977838821,0.19176855634619006,0.7519969458699279
26606,LOF,0.024193282984622148,0.10781277809143992,0.867993938923938
26607,LOF,0.07198254271180704,0.0768670724114499,0.8511503848767431
26608,LOF,0.019901847921964217,0.10033720174961286,0.8797609503284228
26609,LOF,0.006362957254607317,0.3968261622143408,0.5968108805310519
26610,LOF,0.08849674884941336,0.13387794445601278,0.7776253066945737
26611,LOF,0.0035234717995485942,0.23839590017330733,0.758080628027144
26612,LOF,0.1468244116282061,0.30438392141995246,0.5487916669518415
26613,LOF,0.21173057918268368,0.21153340398283213,0.5767360168344842
26614,GOF,0.0031875983888508723,0.5116719896504434,0.48514041196070573
26615,LOF,0.002938928050895761,0.3041833706679851,0.6928777012811191
26616,LOF,0.02344220579047301,0.0906280766571586,0.8859297175523684
26617,GOF,0.002725129032930943,0.5160363052218727,0.4812385657451963
26618,LOF,0.003522499141796433,0.3115131820059399,0.6849643188522636
26619,LOF,0.30074956430381217,0.22516099182375898,0.47408944387242874
26620,LOF,0.029146997334019664,0.2897956345722382,0.6810573680937421
26621,GOF,0.00776736437056054,0.5078767050663121,0.48435593056312737
26622,LOF,0.10119100503260967,0.23628895164872363,0.6625200433186667
26623,GOF,0.0035545032641778186,0.5562205982930093,0.4402248984428129
26624,GOF,0.11722800062024179,0.47478549088656447,0.40798650849319373
26625,LOF,0.03896740727276315,0.27595249001768835,0.6850801027095484
26626,LOF,0.06157555644709031,0.30041070566526507,0.6380137378876446
26627,Neutral,0.9653617973935267,0.02403636633117137,0.01060183627530197
26628,LOF,0.11163606391169362,0.1207520053852221,0.7676119307030842
26629,LOF,0.043846093379858134,0.11828630067381592,0.8378676059463259
26630,LOF,0.053894514306316005,0.3189587245317741,0.6271467611619099
26631,LOF,0.05475280403940541,0.16988311061425965,0.7753640853463349
26632,LOF,0.1440646673013164,0.37168946839887845,0.4842458642998052
26633,LOF,0.02270150505252047,0.19556715010877118,0.7817313448387083
26634,LOF,0.02399965575641654,0.23667102161535186,0.7393293226282316
26635,GOF,0.09031356323011151,0.5442342712838782,0.3654521654860103
26636,GOF,0.0034880529061499695,0.6157119655578693,0.3807999815359806
26637,GOF,0.004565036656031735,0.734728108579916,0.26070685476405225
26638,LOF,0.004827124753913835,0.42042653132242347,0.5747463439236628
26639,LOF,0.020593303202690982,0.11551672719190556,0.8638899696054034
26640,LOF,0.037201755049656046,0.1829702775916128,0.7798279673587312
26641,LOF,0.02812783451630342,0.13584619534038847,0.836025970143308
26642,LOF,0.015743932870769486,0.20896509747084052,0.77529096965839
26643,LOF,0.04858311311725208,0.1613150427912494,0.7901018440914986
26644,LOF,0.01801179211472694,0.0758692675949384,0.9061189402903346
26645,LOF,0.0042783572548699455,0.3394964108977942,0.6562252318473357
26646,LOF,0.015145283387705051,0.2697620099789736,0.7150927066333213
26647,LOF,0.0034954945664339406,0.333874749565533,0.662629755868033
26648,LOF,0.003088200231056997,0.2835271467609625,0.7133846530079804
26649,LOF,0.0038005107734591205,0.3192650114001578,0.6769344778263832
26650,LOF,0.030293631703750712,0.03667804762081203,0.9330283206754372
26651,LOF,0.023923824660959644,0.15272332392945118,0.8233528514095892
26652,Neutral,0.40474338770685936,0.315222729152325,0.28003388314081573
26653,LOF,0.027722301099946646,0.04843829079241178,0.9238394081076416
26654,LOF,0.11028717481914743,0.05924773639780372,0.8304650887830488
26655,Neutral,0.90801696663535,0.0540679968913274,0.0379150364733226
26656,LOF,0.020672265774302187,0.17666237088445558,0.8026653633412423
26657,LOF,0.021144519019926748,0.35325043980829496,0.6256050411717783
26658,LOF,0.08608137025326992,0.39956460721944664,0.5143540225272835
26659,LOF,0.05649306469269998,0.28835625995842107,0.6551506753488789
26660,LOF,0.02460982398083287,0.08922403586374739,0.8861661401554197
26661,LOF,0.02280735108214457,0.140348773694857,0.8368438752229985
26662,LOF,0.0872238184848647,0.23413529617660847,0.6786408853385268
26663,LOF,0.03813046110892936,0.17545330775787213,0.7864162311331986
26664,LOF,0.07168098752165528,0.06225200202036397,0.8660670104579807
26665,LOF,0.05600504550181855,0.15845561145148113,0.7855393430467004
26666,LOF,0.03468092992922217,0.1290680235959839,0.836251046474794
26667,Neutral,0.6727702556061235,0.26723469351234197,0.0599950508815346
26668,GOF,0.0453528947711581,0.9107905287046273,0.04385657652421461
26669,GOF,0.015787576353380108,0.8607441535406458,0.12346827010597393
26670,GOF,0.021812067758890153,0.8839315623917227,0.0942563698493873
26671,LOF,0.045776841418150624,0.07914958209964269,0.8750735764822066
26672,LOF,0.11497587669592062,0.07019687802971679,0.8148272452743627
26673,LOF,0.042811787706267056,0.2921053255139066,0.6650828867798262
26674,LOF,0.06090833140854773,0.0559142222537365,0.8831774463377158
26675,LOF,0.32816132549931865,0.01677974343705234,0.655058931063629
26676,LOF,0.04065734170408216,0.05765034115489304,0.9016923171410249
26677,LOF,0.008335074243294263,0.21672150441940488,0.774943421337301
26678,LOF,0.09562203884803915,0.29101399214842305,0.6133639690035378
26679,Neutral,0.634721452813927,0.0929969685355648,0.2722815786505083
26680,Neutral,0.7895209152389093,0.07752651436301261,0.13295257039807806
26681,LOF,0.27406302130928034,0.16007291658719056,0.5658640621035291
26682,Neutral,0.5567640165088366,0.10318225364474587,0.3400537298464176
26683,LOF,0.21978548791561853,0.19294453546783027,0.5872699766165512
26684,Neutral,0.643242845549236,0.021790066548140766,0.33496708790262325
26685,LOF,0.34040410565140095,0.04937157519328093,0.6102243191553183
26686,GOF,0.06145779959459687,0.4820750429928537,0.4564671574125494
26687,LOF,0.3604014646714997,0.0282571035379178,0.6113414317905825
26688,Neutral,0.724348105935978,0.07982410963288805,0.195827784431134
26689,LOF,0.10256905644721236,0.22614649050394545,0.6712844530488422
26690,LOF,0.12271341624285784,0.18245978290012005,0.6948268008570221
26691,LOF,0.04155319207089509,0.11356450910845131,0.8448822988206536
26692,LOF,0.4346900196689808,0.07052375983621709,0.4947862204948021
26693,LOF,0.11596549210524536,0.38596359551597165,0.49807091237878287
26694,LOF,0.048522187213027854,0.10587404319156078,0.8456037695954114
26695,LOF,0.05920785546209542,0.039718990130310376,0.9010731544075943
26696,LOF,0.04464779373425668,0.04234308125133624,0.9130091250144071
26697,LOF,0.04416263502307422,0.01829871123193724,0.9375386537449887
26698,LOF,0.07653301968033245,0.04345437870185699,0.8800126016178106
26699,LOF,0.03236765816368443,0.037571182917271836,0.9300611589190437
26700,LOF,0.04061944399161274,0.027558663538702663,0.9318218924696847
26701,LOF,0.03671398992257329,0.28712007989232413,0.6761659301851027
26702,LOF,0.019994708555519394,0.04268048307329031,0.9373248083711903
26703,LOF,0.39419136600680527,0.045292909174913756,0.5605157248182809
26704,LOF,0.06845499821452583,0.4512641398273748,0.4802808619580993
26705,LOF,0.037525938593081676,0.018895538459462454,0.9435785229474559
26706,LOF,0.0439797253036545,0.025460624941112835,0.9305596497552325
26707,LOF,0.05409708451917054,0.1816680760398676,0.7642348394409619
26708,LOF,0.03749482379688584,0.028297360731085394,0.9342078154720287
26709,LOF,0.03733693169270936,0.02744620673687567,0.9352168615704148
26710,LOF,0.034796873505075446,0.2522530644125556,0.712950062082369
26711,LOF,0.0752510475366305,0.021394889878536768,0.9033540625848328
26712,LOF,0.03918501397573779,0.303290935582154,0.6575240504421083
26713,LOF,0.03371277267525556,0.029317818662547988,0.9369694086621965
26714,LOF,0.022833327770961042,0.023424234199083762,0.9537424380299553
26715,LOF,0.030720976758788432,0.027268132682008946,0.9420108905592027
26716,LOF,0.03141315678128015,0.02387521083991629,0.9447116323788035
26717,LOF,0.03935379118581901,0.019950681184528626,0.9406955276296525
26718,LOF,0.05803366826646577,0.42234042329303206,0.5196259084405022
26719,LOF,0.04034483296071355,0.031450120300722605,0.9282050467385637
26720,LOF,0.04647281341711986,0.020711424889374566,0.9328157616935056
26721,LOF,0.014658813165360732,0.1623290838080749,0.8230121030265644
26722,LOF,0.03788187814639066,0.03221057581221468,0.9299075460413946
26723,LOF,0.035242702050347706,0.026578525642325265,0.938178772307327
26724,Neutral,0.4358013112457902,0.1429007041309302,0.4212979846232797
26725,LOF,0.2545638767452715,0.15978747007000624,0.5856486531847223
26726,LOF,0.06992168019772303,0.051068208053557176,0.8790101117487198
26727,LOF,0.010255987825514977,0.11157038629339626,0.8781736258810888
26728,LOF,0.005089486253977505,0.1291371102880352,0.8657734034579874
26729,LOF,0.03624510174618507,0.06796952327212019,0.8957853749816947
26730,LOF,0.027565830487847654,0.07521228621119963,0.8972218833009526
26731,GOF,0.015058147286277558,0.6400859290779848,0.3448559236357377
26732,LOF,0.038762330948794936,0.09927209462734632,0.8619655744238588
26733,LOF,0.05561252156401129,0.04591650988491596,0.8984709685510728
26734,LOF,0.08409927602855848,0.31719241516437713,0.5987083088070644
26735,LOF,0.008682087915171322,0.21487459645471366,0.776443315630115
26736,LOF,0.012809183433806206,0.17162075350257752,0.8155700630636163
26737,LOF,0.04332407289162747,0.06266849010919881,0.8940074369991737
26738,Neutral,0.45639014755999774,0.19295760927989117,0.3506522431601111
26739,LOF,0.120623305913326,0.14408851008673387,0.73528818399994
26740,LOF,0.15675147964634728,0.3803603597009876,0.4628881606526652
26741,Neutral,0.4224833230143454,0.2899475559147916,0.2875691210708631
26742,Neutral,0.7018414314158525,0.13170660956544156,0.16645195901870583
26743,LOF,0.1967927667494982,0.19872830917184275,0.6044789240786591
26744,LOF,0.06172553604708931,0.14148281538263804,0.7967916485702727
26745,LOF,0.09654121987882572,0.21955318786230624,0.683905592258868
26746,LOF,0.2562357963819329,0.28423599918605374,0.4595282044320134
26747,LOF,0.014401195978109254,0.27177462139145425,0.7138241826304366
26748,LOF,0.11942274320438918,0.17652073319452788,0.704056523601083
26749,LOF,0.2838784399995487,0.21874949287672477,0.49737206712372656
26750,LOF,0.03405375475951623,0.4709824181696109,0.49496382707087294
26751,LOF,0.05510773843223854,0.07109979150983005,0.8737924700579314
26752,LOF,0.07815623473308317,0.14281024266818595,0.7790335225987309
26753,LOF,0.19967544100763285,0.3165749535992182,0.483749605393149
26754,LOF,0.011128087268436884,0.36182125062739356,0.6270506621041696
26755,LOF,0.3571673283560402,0.173682154051319,0.4691505175926407
26756,LOF,0.011439096585634656,0.29421061878732224,0.6943502846270431
26757,LOF,0.11186129233038894,0.33774219284363916,0.550396514825972
26758,LOF,0.11841594734756532,0.3135805268535098,0.5680035257989248
26759,LOF,0.2478249503862407,0.2566812321326754,0.4954938174810839
26760,LOF,0.15349245416956775,0.31485766081874694,0.5316498850116853
26761,Neutral,0.6636858332975003,0.14737261496099358,0.18894155174150612
26762,GOF,0.0294072662814964,0.4925546866262215,0.47803804709228204
26763,LOF,0.11290434529463268,0.35038288911631743,0.5367127655890499
26764,LOF,0.06562246371828691,0.16469310127578546,0.7696844350059275
26765,LOF,0.2723551935101315,0.25960038109439193,0.4680444253954767
26766,Neutral,0.3979483085320071,0.24606775810950918,0.35598393335848366
26767,LOF,0.14849202047655508,0.3060797628010948,0.5454282167223501
26768,LOF,0.12991750960158516,0.22884289458266505,0.6412395958157499
26769,LOF,0.12713705487372515,0.268642698296958,0.6042202468293167
26770,LOF,0.24357404781877942,0.21894849160876753,0.5374774605724529
26771,LOF,0.04569665883837833,0.09282930811783346,0.8614740330437881
26772,LOF,0.10165523817819157,0.2423796792267057,0.6559650825951027
26773,LOF,0.13836285616504912,0.2134678327707559,0.648169311064195
26774,LOF,0.09433200907039055,0.27928521852026117,0.6263827724093484
26775,LOF,0.4140315800145265,0.15905147459314442,0.4269169453923291
26776,LOF,0.06437512080138735,0.23138693204239294,0.7042379471562197
26777,LOF,0.04590196991985515,0.13593633489183607,0.8181616951883088
26778,Neutral,0.5096085038660026,0.18875499737353776,0.3016364987604596
26779,LOF,0.3089362093818457,0.2452902947811432,0.4457734958370111
26780,LOF,0.011261713196938652,0.3789752913639028,0.6097629954391586
26781,Neutral,0.6762293123097526,0.08998919051187364,0.23378149717837385
26782,LOF,0.36753751178841376,0.19349079361035068,0.43897169460123564
26783,LOF,0.008387243998662907,0.2621256285598481,0.729487127441489
26784,LOF,0.02133567578759369,0.12545105668689233,0.853213267525514
26785,LOF,0.015614713292121028,0.22929125928896513,0.7550940274189138
26786,LOF,0.13545415337763816,0.23692754491029894,0.6276183017120629
26787,LOF,0.04904752460703467,0.2420546611592747,0.7088978142336906
26788,LOF,0.3196887830734433,0.18936530421938733,0.49094591270716936
26789,LOF,0.02267698728165751,0.3146630721483908,0.6626599405699517
26790,LOF,0.013239054401852642,0.13104041735839497,0.8557205282397524
26791,LOF,0.09915929582703699,0.08523522330468712,0.8156054808682759
26792,LOF,0.0715888731527607,0.11205602514893072,0.8163551016983086
26793,Neutral,0.545592309455956,0.23349115969503118,0.2209165308490127
26794,LOF,0.07113420744912291,0.12039537303339337,0.8084704195174837
26795,LOF,0.06547866634232094,0.134895094356859,0.7996262393008201
26796,Neutral,0.38351717180956973,0.3176023839546299,0.2988804442358004
26797,LOF,0.1829170238630455,0.36893000870444953,0.44815296743250493
26798,LOF,0.006473612116462096,0.4743360476827925,0.5191903402007454
26799,Neutral,0.37378023546111616,0.32244081847663325,0.3037789460622506
26800,GOF,0.07440510991151875,0.6378320519393498,0.2877628381491315
26801,LOF,0.0086698403857791,0.4397161336138566,0.5516140260003645
26802,GOF,0.020620120542706268,0.6592828588380767,0.3200970206192169
26803,Neutral,0.7291334146693569,0.17409187564893305,0.0967747096817102
26804,GOF,0.26209774909793215,0.4266510626510856,0.3112511882509822
26805,LOF,0.03789474449497339,0.1855661676743379,0.7765390878306888
26806,LOF,0.0452913241596454,0.11097645650087958,0.843732219339475
26807,LOF,0.004914116180542315,0.36932377647415277,0.6257621073453049
26808,LOF,0.038936779380595116,0.205563367955127,0.7554998526642779
26809,LOF,0.06518996491683869,0.4260016640342992,0.508808371048862
26810,LOF,0.00764627411642248,0.39326903962401255,0.5990846862595649
26811,LOF,0.03205085248989011,0.34730922015364224,0.6206399273564678
26812,LOF,0.08962906131446417,0.329079571916922,0.5812913667686138
26813,LOF,0.038452184547705964,0.07523380700424868,0.8863140084480453
26814,LOF,0.0152152464207628,0.09949230289257466,0.8852924506866626
26815,LOF,0.128223692005496,0.023623476029295477,0.8481528319652085
26816,LOF,0.13340163201574148,0.021824263528212172,0.8447741044560463
26817,LOF,0.11543806400795625,0.02435761194257882,0.8602043240494648
26818,LOF,0.21695721271173188,0.01610212474823981,0.7669406625400284
26819,LOF,0.07752164688049773,0.07425816758411123,0.8482201855353911
26820,LOF,0.22711475376827692,0.08564326068039167,0.6872419855513314
26821,Neutral,0.6789481015725153,0.06271170001064201,0.25834019841684275
26822,Neutral,0.9069003999465542,0.020504100162958668,0.07259549989048715
26823,Neutral,0.6204812078956072,0.1683684826027242,0.21115030950166852
26824,LOF,0.07989613936340187,0.08728757623964573,0.8328162843969524
26825,LOF,0.0062967192005919815,0.16901462385703525,0.8246886569423727
26826,LOF,0.10664134077203419,0.1736181290353826,0.7197405301925832
26827,LOF,0.04019674811866669,0.050868056741298684,0.9089351951400346
26828,LOF,0.018915228147880377,0.4389541569270233,0.5421306149250963
26829,Neutral,0.4402517015520483,0.1280730833594097,0.431675215088542
26830,Neutral,0.8662888628259727,0.06298948707180668,0.0707216501022206
26831,Neutral,0.9634997291074611,0.01861364841863113,0.017886622473907703
26832,Neutral,0.8303202501518225,0.036243956965140246,0.1334357928830373
26833,Neutral,0.908370939952311,0.025404696972920346,0.06622436307476866
26834,LOF,0.21829380676952678,0.28181069588296986,0.49989549734750344
26835,LOF,0.3128262114053311,0.04946012592290069,0.6377136626717682
26836,LOF,0.2681705824047653,0.022699033134660963,0.7091303844605736
26837,LOF,0.28177677819689007,0.009967393245402655,0.7082558285577073
26838,LOF,0.08689516213232742,0.014963351536265625,0.8981414863314069
26839,GOF,0.10226055323259861,0.5519830742902085,0.34575637247719276
26840,LOF,0.026763272855430953,0.4196734681015275,0.5535632590430416
26841,LOF,0.03253309910962,0.43656810704402654,0.5308987938463534
26842,LOF,0.05817465072060472,0.36274903659497854,0.5790763126844167
26843,LOF,0.09425305269839801,0.055122517460858694,0.8506244298407433
26844,LOF,0.07260233369758716,0.11323277113672271,0.8141648951656901
26845,LOF,0.05958674333520139,0.09237664360236854,0.8480366130624301
26846,LOF,0.07494102510910995,0.11863491103958647,0.8064240638513036
26847,LOF,0.03924139154527377,0.47001937985418124,0.4907392286005448
26848,GOF,0.0911409348322024,0.4582490951189867,0.450609970048811
26849,GOF,0.11795906911543685,0.441966080974314,0.44007484991024926
26850,LOF,0.010174686576554473,0.22265386707720308,0.7671714463462425
26851,LOF,0.007079931688350455,0.28805883975351576,0.7048612285581338
26852,LOF,0.007416113248490174,0.27611724098463686,0.7164666457668729
26853,LOF,0.16228748618461158,0.09160984874969999,0.7461026650656885
26854,LOF,0.008601877891384049,0.17354544814474474,0.8178526739638712
26855,LOF,0.0069962847374270085,0.18045743298325426,0.8125462822793187
26856,LOF,0.009334485355223878,0.16160507947812186,0.8290604351666543
26857,LOF,0.005805046464523684,0.2154381251564974,0.778756828378979
26858,LOF,0.24648613781239642,0.19611763848743763,0.557396223700166
26859,LOF,0.29340781170071956,0.1809954830932088,0.5255967052060717
26860,LOF,0.04960095468559114,0.19343817107648784,0.756960874237921
26861,LOF,0.006769768944608673,0.24144723610514957,0.7517829949502417
26862,LOF,0.04371860317401996,0.03961942364019342,0.9166619731857867
26863,LOF,0.042326040533946556,0.03317085460884505,0.9245031048572083
26864,LOF,0.030150109015408637,0.02504822983912889,0.9448016611454625
26865,LOF,0.039067752548436335,0.026839369544548342,0.9340928779070153
26866,LOF,0.07151485055121683,0.023233281301457083,0.9052518681473262
26867,LOF,0.044303282917858365,0.022986486604927272,0.9327102304772145
26868,LOF,0.06911799293059137,0.026612849221584082,0.9042691578478246
26869,LOF,0.23909258913861509,0.013858747765372827,0.747048663096012
26870,LOF,0.07163546919785752,0.027395906476859286,0.9009686243252832
26871,LOF,0.31375571053901563,0.01176228589473723,0.6744820035662472
26872,LOF,0.2745684651499615,0.013609081008214868,0.7118224538418236
26873,LOF,0.08135643898363709,0.021916677211849273,0.8967268838045136
26874,LOF,0.03421456822018761,0.024667822819171265,0.941117608960641
26875,LOF,0.030040499563776746,0.02163675787033388,0.9483227425658893
26876,LOF,0.029783157701337916,0.020685278155926592,0.9495315641427354
26877,LOF,0.2887684295231556,0.007454009829811554,0.7037775606470329
26878,LOF,0.04038851395835979,0.020968648259034026,0.9386428377826063
26879,LOF,0.035171556453927985,0.02394086426762456,0.9408875792784476
26880,LOF,0.3037543402253266,0.00748325024523573,0.6887624095294377
26881,LOF,0.050727805874345944,0.02992667597578997,0.9193455181498641
26882,LOF,0.3461619830843512,0.00904658578513672,0.6447914311305121
26883,LOF,0.14327581989552873,0.09994752786355329,0.7567766522409181
26884,LOF,0.03417162746346107,0.03845371228278121,0.9273746602537577
26885,LOF,0.0745234790054145,0.03237332536015712,0.8931031956344283
26886,LOF,0.03698832200835014,0.02074202213354016,0.9422696558581097
26887,LOF,0.03443159905154239,0.01904265345348597,0.9465257474949716
26888,LOF,0.03532697184476889,0.02019822041822359,0.9444748077370075
26889,LOF,0.44430159040579814,0.012844476079084831,0.542853933515117
26890,LOF,0.21629307786829147,0.009882775942902879,0.7738241461888057
26891,LOF,0.17674003508595493,0.016966355480387465,0.8062936094336577
26892,LOF,0.19331830367313863,0.015768218309478776,0.7909134780173825
26893,LOF,0.05822268640124232,0.018416500622990904,0.9233608129757667
26894,LOF,0.036773521150261154,0.023971949933769485,0.9392545289159693
26895,LOF,0.13934041762882657,0.02228540330380251,0.838374179067371
26896,LOF,0.03258786592402112,0.02312832101161649,0.9442838130643624
26897,LOF,0.03369105269525036,0.0286038073497793,0.9377051399549704
26898,LOF,0.12243541476464131,0.028758507716520797,0.8488060775188379
26899,LOF,0.053867200665583204,0.029327934791003516,0.9168048645434133
26900,LOF,0.08867599596778279,0.03471600884828538,0.8766079951839318
26901,LOF,0.03525372752760566,0.031505402828509256,0.9332408696438852
26902,LOF,0.04553265453167231,0.019386915784039137,0.9350804296842886
26903,LOF,0.15460308924279806,0.020369312981467966,0.8250275977757339
26904,LOF,0.060316615193952504,0.02831825395907117,0.9113651308469762
26905,LOF,0.034160937053504786,0.10885506928531047,0.8569839936611847
26906,LOF,0.009243467756211743,0.22605013223912923,0.7647064000046591
26907,LOF,0.0065592210288904496,0.30344860189494166,0.6899921770761679
26908,LOF,0.0060904981370639875,0.08866574123332029,0.9052437606296158
26909,LOF,0.1725323023799101,0.1652815230201856,0.6621861745999043
26910,LOF,0.04012419531482071,0.06905350092241554,0.8908223037627638
26911,LOF,0.14129773600078957,0.06938012825086849,0.789322135748342
26912,LOF,0.078414803217941,0.10003551507220261,0.8215496817098563
26913,LOF,0.01930707000624654,0.47032777466311804,0.5103651553306354
26914,LOF,0.36831688154852965,0.006067772063584541,0.625615346387886
26915,LOF,0.0904227875780889,0.008945867799018405,0.9006313446228927
26916,LOF,0.05701683800848464,0.015404442625785794,0.9275787193657296
26917,LOF,0.029967214439891376,0.09697556759813244,0.8730572179619762
26918,LOF,0.050520234348851625,0.00718023398675677,0.9422995316643915
26919,LOF,0.038280413551191106,0.006956602333966072,0.9547629841148427
26920,LOF,0.051291210486109094,0.021477150594884975,0.9272316389190058
26921,LOF,0.012336526577845251,0.038037731282551626,0.949625742139603
26922,LOF,0.0697695107676721,0.012544167184020795,0.917686322048307
26923,Neutral,0.5376455132904101,0.04275083458981097,0.4196036521197789
26924,LOF,0.40581879105140967,0.03227568389613422,0.5619055250524562
26925,LOF,0.08602663179512514,0.09370892584500495,0.8202644423598698
26926,LOF,0.015392707828567852,0.0922923204049475,0.8923149717664846
26927,LOF,0.3935133096165035,0.0332727491656557,0.5732139412178409
26928,LOF,0.013228472371064491,0.04933646623167638,0.9374350613972591
26929,LOF,0.013685662255276251,0.06883283158171322,0.9174815061630106
26930,LOF,0.013692346939478477,0.07174923314363305,0.9145584199168885
26931,LOF,0.07114787304985283,0.07116817902074603,0.8576839479294012
26932,LOF,0.029514610342029606,0.07030051717750832,0.9001848724804621
26933,LOF,0.05307940793996053,0.020780176051769985,0.9261404160082696
26934,LOF,0.02077943552681736,0.048610354566686206,0.9306102099064965
26935,LOF,0.010808802341453897,0.05746360919358095,0.9317275884649651
26936,LOF,0.016449521967768894,0.05337383819479493,0.9301766398374363
26937,LOF,0.013761230114481703,0.056092513017268746,0.9301462568682497
26938,LOF,0.29700080819685115,0.023005713703988497,0.6799934780991603
26939,LOF,0.014112711014656183,0.050298461098136855,0.935588827887207
26940,LOF,0.07609715811828138,0.06709671384365185,0.8568061280380667
26941,LOF,0.07289169566994239,0.08235830435006164,0.8447499999799959
26942,LOF,0.01914900738752106,0.09369682832067702,0.8871541642918019
26943,Neutral,0.6921888732104801,0.022585531594440204,0.28522559519507973
26944,LOF,0.016008855457159143,0.06976462359287477,0.9142265209499661
26945,LOF,0.07619943380593645,0.0218206495781321,0.9019799166159314
26946,LOF,0.05892113376695461,0.04803445004796542,0.8930444161850799
26947,LOF,0.015339538426201242,0.06389647788185711,0.9207639836919418
26948,LOF,0.011705235473015637,0.02379732394852554,0.9644974405784589
26949,LOF,0.03381629225338331,0.05983798943538457,0.9063457183112322
26950,LOF,0.01195023059751124,0.058406781998722755,0.9296429874037659
26951,LOF,0.01246705562288969,0.08191803840484393,0.9056149059722663
26952,LOF,0.01108822484205057,0.06132884378566126,0.9275829313722882
26953,LOF,0.011229147902293993,0.05861418012878291,0.930156671968923
26954,LOF,0.010997956304031721,0.061888642038415195,0.9271134016575531
26955,LOF,0.012707096041229307,0.0485971759181501,0.9386957280406205
26956,LOF,0.012644529319139742,0.048661012770383774,0.9386944579104766
26957,LOF,0.08102230992584937,0.02327705548321996,0.8957006345909306
26958,LOF,0.01367435318753304,0.06877643388943504,0.9175492129230319
26959,LOF,0.012088356632857506,0.04629205630247763,0.9416195870646649
26960,LOF,0.012097232177942256,0.04274726984265392,0.9451554979794039
26961,LOF,0.05810364865867475,0.032928783356259775,0.9089675679850654
26962,LOF,0.015777194457554808,0.03983946909211795,0.9443833364503272
26963,LOF,0.07283164999480164,0.02155430309241549,0.9056140469127829
26964,LOF,0.053624352084532124,0.03741335772626789,0.9089622901892
26965,LOF,0.06685663791655512,0.06591459174577577,0.8672287703376692
26966,LOF,0.014186235095016379,0.04646257788813236,0.9393511870168514
26967,LOF,0.012651106020718127,0.05121129648986936,0.9361375974894126
26968,LOF,0.017022609863346562,0.07193407304956287,0.9110433170870906
26969,LOF,0.06398681109593075,0.038829195437969914,0.8971839934660992
26970,LOF,0.015325958301012977,0.05497695197790097,0.9296970897210861
26971,LOF,0.20871844338596482,0.029151968433560604,0.7621295881804746
26972,LOF,0.05366089070655234,0.038169644259155484,0.9081694650342922
26973,LOF,0.029430520313569245,0.016952191016968297,0.9536172886694625
26974,LOF,0.01292596554202908,0.06512218491024051,0.9219518495477305
26975,LOF,0.014611785457447663,0.024840644751990926,0.9605475697905614
26976,LOF,0.01686718413193655,0.06378596361525013,0.9193468522528133
26977,LOF,0.06215097125149799,0.09489996203862824,0.8429490667098738
26978,LOF,0.26362979372120016,0.041531750901301026,0.6948384553774988
26979,LOF,0.01613636370315642,0.0821178528144373,0.9017457834824062
26980,LOF,0.019051182043167556,0.08724760080350873,0.8937012171533236
26981,LOF,0.07093079933711056,0.035721493299232215,0.8933477073636573
26982,LOF,0.35468656737991505,0.05550528220895783,0.589808150411127
26983,LOF,0.14622316500907898,0.023810937080061215,0.8299658979108598
26984,LOF,0.02352309974169673,0.1072097005362806,0.8692671997220226
26985,LOF,0.1269654845711231,0.02620574053631698,0.8468287748925599
26986,LOF,0.07872325434486956,0.027826077231535393,0.8934506684235951
26987,Neutral,0.504005448503053,0.03317233825351024,0.46282221324343675
26988,Neutral,0.5245807153156423,0.04991016645500267,0.42550911822935505
26989,LOF,0.10465355338365383,0.04143581149608945,0.8539106351202567
26990,LOF,0.09848176056352743,0.04331274679551676,0.8582054926409558
26991,LOF,0.06907317402214494,0.051853936111179624,0.8790728898666754
26992,LOF,0.17618597133741318,0.10641700246671511,0.7173970261958718
26993,LOF,0.021726862137108883,0.08281285901356628,0.895460278849325
26994,LOF,0.06264386025238312,0.12050817337082974,0.8168479663767871
26995,LOF,0.12556081675662076,0.015870444378522672,0.8585687388648565
26996,LOF,0.05861382640158262,0.026723312529768777,0.9146628610686485
26997,LOF,0.09532697936205947,0.02040975453783844,0.8842632661001021
26998,Neutral,0.8632547613127031,0.008860435938697198,0.12788480274859976
26999,Neutral,0.6458094077590097,0.03660085366945387,0.3175897385715364
27000,LOF,0.19242489647009306,0.04130714346510106,0.7662679600648059
27001,LOF,0.03343964171459517,0.044194273894238884,0.922366084391166
27002,Neutral,0.9788957511608857,0.008362692939665356,0.01274155589944908
27003,LOF,0.02725415026877011,0.03609056628215281,0.9366552834490771
27004,LOF,0.010812454131126779,0.043840659934139575,0.9453468859347337
27005,LOF,0.02717656383673042,0.034499990239964855,0.9383234459233046
27006,Neutral,0.9470613175086211,0.01601995002198963,0.036918732469389245
27007,Neutral,0.9599537142436069,0.012373601736000528,0.027672684020392496
27008,LOF,0.009673841285384543,0.052181611832267306,0.938144546882348
27009,LOF,0.06897838896781694,0.03846757661386826,0.8925540344183147
27010,LOF,0.025039097494810453,0.0400459646451682,0.9349149378600213
27011,Neutral,0.9518015391342964,0.011949923756446853,0.03624853710925657
27012,LOF,0.0546088210827965,0.16330442723999644,0.7820867516772071
27013,LOF,0.01398223942547509,0.025212428776188876,0.960805331798336
27014,LOF,0.0167203914244065,0.04235213481310819,0.9409274737624853
27015,LOF,0.13009056810181688,0.012967527147662769,0.8569419047505203
27016,LOF,0.05043911875305088,0.07800120994878336,0.8715596712981657
27017,LOF,0.0058471900338699905,0.07893856617212372,0.9152142437940063
27018,LOF,0.03924871636667834,0.037180599422062685,0.9235706842112591
27019,LOF,0.013461845352559336,0.14962749108596457,0.8369106635614761
27020,LOF,0.024143982973686074,0.1504374256581147,0.8254185913681992
27021,LOF,0.10778404192367558,0.053992156432419176,0.8382238016439052
27022,LOF,0.0061130721177818865,0.27610359341287344,0.7177833344693447
27023,LOF,0.03845918222403761,0.17260014862247225,0.78894066915349
27024,LOF,0.007431963058439508,0.29424838982195034,0.6983196471196101
27025,LOF,0.04229184286707849,0.13919835252680895,0.8185098046061127
27026,LOF,0.04191977863827913,0.12143143324459801,0.8366487881171228
27027,LOF,0.08445508401291082,0.06993811088056885,0.8456068051065203
27028,LOF,0.12436947135454085,0.045646508890965685,0.8299840197544934
27029,LOF,0.06811194070984636,0.014229854460302959,0.9176582048298507
27030,LOF,0.11366310901995393,0.010245174762032612,0.8760917162180134
27031,LOF,0.3690952163667242,0.016398345882454472,0.6145064377508214
27032,LOF,0.13831258696137558,0.16347876410997833,0.6982086489286461
27033,LOF,0.20151365815839126,0.06991376362884982,0.7285725782127589
27034,LOF,0.1609636891767202,0.07029502943557697,0.7687412813877028
27035,LOF,0.15901563227729903,0.13534236649606063,0.7056420012266402
27036,LOF,0.32318768615051635,0.10789002291477032,0.5689222909347134
27037,LOF,0.21642436188512826,0.1193578387892119,0.6642177993256598
27038,Neutral,0.7917577877950823,0.034516448559170486,0.17372576364574724
27039,Neutral,0.757056526508008,0.04754855418141678,0.19539491931057526
27040,LOF,0.2995120116940046,0.11119011581710332,0.589297872488892
27041,Neutral,0.5985712238780915,0.0711878846051793,0.3302408915167292
27042,Neutral,0.8100772161487595,0.04389980634347396,0.14602297750776652
27043,Neutral,0.7771567890159969,0.04916675249485484,0.1736764584891482
27044,LOF,0.2117943754150666,0.12532903777064477,0.6628765868142886
27045,LOF,0.27961851113529046,0.10443030596889068,0.6159511828958188
27046,LOF,0.21777575175954575,0.11864145433280188,0.6635827939076524
27047,Neutral,0.572149660091524,0.1017659219485538,0.32608441795992216
27048,LOF,0.346535698579713,0.12437135102220943,0.5290929503980776
27049,Neutral,0.6746500867844079,0.082277448497932,0.2430724647176601
27050,Neutral,0.8111318192361537,0.03062538043501565,0.1582428003288307
27051,Neutral,0.9342014401816704,0.03341091452394503,0.03238764529438441
27052,Neutral,0.8373233298442299,0.08554157508660451,0.07713509506916563
27053,Neutral,0.9404994702965753,0.033361302829276365,0.026139226874148203
27054,Neutral,0.8786527684131953,0.025207060389964762,0.09614017119684001
27055,Neutral,0.9595252001372095,0.020635448866218466,0.01983935099657203
27056,Neutral,0.9647945525820504,0.026573533794432613,0.008631913623517106
27057,Neutral,0.9372624213525788,0.04956853588735327,0.013169042760067848
27058,Neutral,0.9338824678513273,0.030547940663041385,0.03556959148563144
27059,Neutral,0.9254700938240872,0.0326180986060905,0.041911807569822386
27060,Neutral,0.6501224511541057,0.11778489796273292,0.2320926508831613
27061,Neutral,0.928487850509562,0.030635198508214494,0.04087695098222353
27062,Neutral,0.9152163665210411,0.04066728315416558,0.04411635032479335
27063,Neutral,0.8571518672788332,0.05398303133108778,0.08886510139007911
27064,Neutral,0.9244058497286339,0.035910805601332745,0.039683344670033434
27065,Neutral,0.9177774916181545,0.0389866970060786,0.04323581137576699
27066,LOF,0.3254867575065084,0.17035853696594921,0.5041547055275424
27067,Neutral,0.9261861280124254,0.031005249808933336,0.04280862217864131
27068,Neutral,0.5349004564960762,0.13254615840254375,0.33255338510138
27069,Neutral,0.8264858437861148,0.0445312890448426,0.12898286716904261
27070,Neutral,0.8631504168577359,0.05008016193010618,0.086769421212158
27071,Neutral,0.7459870399261075,0.039987452475245225,0.21402550759864727
27072,Neutral,0.9300806019806483,0.033223943260918674,0.036695454758432916
27073,Neutral,0.9259790933869886,0.028491544363006785,0.045529362250004805
27074,Neutral,0.923555221662573,0.03331098394107867,0.04313379439634835
27075,LOF,0.37793665374394525,0.19936809811521267,0.4226952481408421
27076,Neutral,0.9303257278120285,0.029819342220041865,0.03985492996792958
27077,Neutral,0.9293060630426206,0.030755688301325176,0.03993824865605413
27078,Neutral,0.6435532663895381,0.07257797400200214,0.28386875960845975
27079,Neutral,0.7342178008138259,0.08098301855690956,0.18479918062926434
27080,Neutral,0.9347269796602684,0.03153825527122769,0.033734765068503834
27081,LOF,0.23946572473385042,0.17472876785443858,0.585805507411711
27082,Neutral,0.5568577291481575,0.16775040674569208,0.2753918641061506
27083,Neutral,0.914870865218581,0.03050589626553124,0.05462323851588776
27084,Neutral,0.8736495577734864,0.03521462859993155,0.09113581362658191
27085,Neutral,0.8039466928015229,0.1210993138267448,0.07495399337173243
27086,Neutral,0.9663816384368809,0.02330628824854572,0.010312073314573579
27087,Neutral,0.9687339779737971,0.02406031357604482,0.007205708450157892
27088,Neutral,0.9645917055509752,0.024952736108522826,0.010455558340501896
27089,Neutral,0.9656484777836518,0.02822038046633195,0.0061311417500162745
27090,Neutral,0.9657366148278099,0.0263219645817299,0.007941420590460201
27091,Neutral,0.8828115536220021,0.08033754592773128,0.03685090045026672
27092,Neutral,0.9434109569243031,0.04000106921451705,0.016587973861179908
27093,Neutral,0.6720287617031289,0.05837203036853714,0.2695992079283341
27094,LOF,0.3619996252985767,0.19149937663419678,0.4465009980672265
27095,LOF,0.34156227767080544,0.04323742808305557,0.615200294246139
27096,Neutral,0.8182329033799921,0.05904815355568244,0.12271894306432539
27097,Neutral,0.9213664310248038,0.04726508775859514,0.03136848121660101
27098,Neutral,0.9680496174722465,0.013520421422043658,0.01842996110570984
27099,Neutral,0.8839430178369724,0.08606419999353425,0.029992782169493394
27100,Neutral,0.8033539372710976,0.13742060062170794,0.05922546210719447
27101,Neutral,0.9565764397726687,0.01618819255228109,0.027235367675050255
27102,Neutral,0.9510808393493241,0.014529643491699228,0.03438951715897666
27103,Neutral,0.8960156656497339,0.023407059734975005,0.08057727461529099
27104,Neutral,0.8563658831192906,0.04352142664865606,0.10011269023205327
27105,Neutral,0.9723998153450877,0.008743345334206072,0.018856839320706257
27106,LOF,0.07697261603504539,0.058538451176748725,0.8644889327882059
27107,Neutral,0.9536484754873937,0.015730280839453603,0.03062124367315275
27108,Neutral,0.793385268797342,0.0439877161868014,0.16262701501585658
27109,Neutral,0.793385268797342,0.0439877161868014,0.16262701501585658
27110,Neutral,0.9548997072912314,0.006121591682997729,0.038978701025770904
27111,Neutral,0.9211792555877454,0.010788342980425884,0.06803240143182865
27112,Neutral,0.9354123495361976,0.014903676657120406,0.049683973806682
27113,Neutral,0.890449156732723,0.04175293769426485,0.06779790557301225
27114,Neutral,0.87416946533003,0.03985295657015843,0.08597757809981141
27115,Neutral,0.9602347921297926,0.011326643171257788,0.028438564698949495
27116,Neutral,0.7951116815943117,0.09518871867650834,0.10969959972918003
27117,Neutral,0.9512583141559533,0.006529661862244822,0.04221202398180175
27118,Neutral,0.7640884797902892,0.05030129073130141,0.18561022947840938
27119,Neutral,0.9122163191236645,0.02620005081882296,0.06158363005751265
27120,LOF,0.22589190442400806,0.2382497835076991,0.5358583120682928
27121,Neutral,0.9131709648215374,0.026522758607742593,0.06030627657071987
27122,Neutral,0.8924536782584385,0.05092190499552799,0.05662441674603351
27123,Neutral,0.9607684724731392,0.021010814781465346,0.018220712745395263
27124,Neutral,0.8519946605108929,0.0684346152462693,0.07957072424283793
27125,Neutral,0.8012482252820023,0.06728587775591131,0.1314658969620864
27126,Neutral,0.9387457615606303,0.03549599164020943,0.02575824679916027
27127,LOF,0.03396619089191331,0.08956704872089559,0.8764667603871911
27128,Neutral,0.9821898559831407,0.011731636939621553,0.006078507077237758
27129,Neutral,0.9725489495144385,0.022013011059668755,0.00543803942589266
27130,Neutral,0.9537540324121524,0.028265922595844484,0.017980044992002966
27131,Neutral,0.8672451790892506,0.08571882295973117,0.04703599795101824
27132,Neutral,0.9432199358580718,0.04576226257726775,0.011017801564660444
27133,Neutral,0.8702836879618067,0.10153350917254686,0.028182802865646367
27134,Neutral,0.9599021370096256,0.03124292093119529,0.00885494205917919
27135,Neutral,0.9445484629694142,0.04664215510042258,0.008809381930163375
27136,Neutral,0.9750634224180796,0.01576407590352634,0.009172501678393983
27137,Neutral,0.9228870266665699,0.0383753466388294,0.03873762669460069
27138,Neutral,0.9725340558433656,0.016746345897953714,0.010719598258680699
27139,Neutral,0.9469320839512875,0.04080520043512941,0.01226271561358297
27140,Neutral,0.9729381960371953,0.015179639243333437,0.01188216471947119
27141,GOF,0.14959694114129057,0.42968143469009257,0.4207216241686169
27142,Neutral,0.9528493756443219,0.02048461625286602,0.026666008102812166
27143,Neutral,0.5676059036265442,0.11423931702373992,0.318154779349716
27144,Neutral,0.9533243318483849,0.026774057583422883,0.019901610568192167
27145,Neutral,0.9546488036215082,0.021632120563923215,0.023719075814568724
27146,Neutral,0.7159770028351018,0.0673986011007168,0.2166243960641815
27147,Neutral,0.9721402157951227,0.01750362656718285,0.010356157637694425
27148,LOF,0.2091438887945373,0.02807302958359085,0.7627830816218719
27149,Neutral,0.9732481642976618,0.008689780018042565,0.0180620556842955
27150,Neutral,0.9780732992503666,0.006692945549743344,0.015233755199890134
27151,LOF,0.33045063642345096,0.09353984974046581,0.5760095138360832
27152,Neutral,0.9016925253121284,0.05748920539095465,0.040818269296916995
27153,Neutral,0.7883429020556226,0.058220531532442284,0.15343656641193518
27154,Neutral,0.9228581377458003,0.046349577559905965,0.03079228469429353
27155,Neutral,0.8880088765716218,0.04914634324398128,0.06284478018439708
27156,Neutral,0.8163975418275603,0.08426623530734052,0.09933622286509904
27157,Neutral,0.8838167620530272,0.05169112087747504,0.06449211706949774
27158,Neutral,0.8774170945286922,0.06690828830064052,0.05567461717066731
27159,LOF,0.31610422349934525,0.07872669975307725,0.6051690767475775
27160,Neutral,0.6175381717481939,0.0748461306963846,0.3076156975554215
27161,Neutral,0.9439997263655094,0.015815118287598573,0.0401851553468921
27162,Neutral,0.9094490566486367,0.05253256288643884,0.038018380464924284
27163,Neutral,0.8186917883800136,0.11393604306077584,0.0673721685592106
27164,Neutral,0.664254392146651,0.19726767848671103,0.13847792936663797
27165,Neutral,0.9319240266013317,0.01848043762858135,0.049595535770086886
27166,Neutral,0.9714405272503521,0.01088858418047262,0.017670888569175185
27167,Neutral,0.6395675827494555,0.1698381750605153,0.1905942421900293
27168,Neutral,0.7468620858724191,0.16931991848912525,0.08381799563845554
27169,Neutral,0.9667765390428472,0.01630337334544318,0.016920087611709635
27170,Neutral,0.9376677893788026,0.03455938512979084,0.027772825491406573
27171,Neutral,0.9716277348761754,0.014468427586520786,0.013903837537303832
27172,Neutral,0.9747100476755027,0.009863807956309792,0.015426144368187471
27173,Neutral,0.9708631605085173,0.012924502041490479,0.01621233744999234
27174,Neutral,0.8569168549125017,0.10650570183898879,0.03657744324850952
27175,Neutral,0.5068704632433889,0.38816362237130275,0.10496591438530843
27176,Neutral,0.529436642215992,0.3476790257025748,0.12288433208143328
27177,Neutral,0.605329378252673,0.04467777534287513,0.3499928464044519
27178,Neutral,0.8447648853620978,0.029284340190395677,0.12595077444750646
27179,Neutral,0.838288496542627,0.02588681679912891,0.1358246866582441
27180,Neutral,0.9743183142740116,0.011130573531803955,0.014551112194184514
27181,LOF,0.05019177250627689,0.04836095130437085,0.9014472761893523
27182,Neutral,0.9702606386814645,0.013354463969850752,0.016384897348684643
27183,Neutral,0.9390349286092187,0.017160687945370703,0.04380438344541059
27184,Neutral,0.7222953684000122,0.024597408442652673,0.253107223157335
27185,Neutral,0.9677793179219588,0.012668458802335348,0.019552223275705816
27186,Neutral,0.6739079007215678,0.052325914385740024,0.2737661848926921
27187,Neutral,0.9150728565081484,0.01043706713608856,0.0744900763557632
27188,Neutral,0.9461451462793816,0.0076386047447413105,0.04621624897587694
27189,Neutral,0.8983008301771404,0.01617852489819983,0.08552064492466001
27190,Neutral,0.984928783325828,0.006097323984143609,0.008973892690028335
27191,Neutral,0.800434033268181,0.021304670989501683,0.1782612957423174
27192,Neutral,0.7227205863113142,0.20231417626667514,0.07496523742201067
27193,Neutral,0.7607676912731682,0.1537369103139528,0.08549539841287897
27194,Neutral,0.9702262243719411,0.005175793940830612,0.024597981687228414
27195,Neutral,0.8856235765195243,0.020903965820340577,0.09347245766013512
27196,Neutral,0.8250849165392741,0.005426862227551111,0.16948822123317484
27197,Neutral,0.9329164219801505,0.04668280712187597,0.020400770897973618
27198,GOF,0.35858372795717897,0.3654290372420008,0.2759872348008203
27199,GOF,0.05743717545980156,0.7506724196672533,0.19189040487294526
27200,Neutral,0.9609548741824337,0.021657861905511843,0.017387263912054293
27201,Neutral,0.8063138704105237,0.17091436198377286,0.022771767605703548
27202,Neutral,0.9004305058896195,0.06208832260373744,0.03748117150664306
27203,Neutral,0.8318850134706708,0.07037696738049795,0.09773801914883125
27204,Neutral,0.8435626443587451,0.030410461110269425,0.12602689453098545
27205,Neutral,0.759314684393212,0.21364749357215393,0.027037822034634
27206,Neutral,0.9717115822027379,0.01336329265464614,0.014925125142616055
27207,Neutral,0.81684794057419,0.14990522577174895,0.033246833654061086
27208,Neutral,0.9702025891381045,0.0165535585858828,0.013243852276012729
27209,Neutral,0.903276698734483,0.07098298019166317,0.02574032107385377
27210,Neutral,0.9630568360633717,0.021698262042550244,0.015244901894078193
27211,Neutral,0.9198301154595967,0.021774409648958656,0.05839547489144459
27212,Neutral,0.9571124359161572,0.02330396085606764,0.019583603227775248
27213,Neutral,0.964303101647158,0.021773993582233572,0.0139229047706084
27214,Neutral,0.9363689318258733,0.026402530278553236,0.037228537895573455
27215,Neutral,0.8789304660352525,0.09148854950292123,0.029580984461826172
27216,Neutral,0.9717166148598863,0.021710919459383214,0.00657246568073067
27217,Neutral,0.9718833337638989,0.016865602558118052,0.011251063677983113
27218,Neutral,0.7514500389043325,0.20895698973455978,0.039592971361107676
27219,Neutral,0.7335169490833088,0.12331187339464443,0.14317117752204683
27220,Neutral,0.8119931427116314,0.1463501169011694,0.04165674038719924
27221,Neutral,0.9702555331427963,0.019838424999400472,0.009906041857803327
27222,Neutral,0.8614723050745972,0.07003854572286966,0.06848914920253321
27223,Neutral,0.9696512920898445,0.014689268059209767,0.0156594398509457
27224,Neutral,0.7734991012818249,0.18289777235756563,0.04360312636060945
27225,Neutral,0.8212943149284482,0.10928179200100757,0.06942389307054422
27226,Neutral,0.9732721021700532,0.01604894524596892,0.010678952583977755
27227,Neutral,0.946329017291392,0.023089504213420486,0.030581478495187452
27228,Neutral,0.9723599951186866,0.014390499102547121,0.013249505778766336
27229,Neutral,0.9706277481649603,0.015236296367409861,0.014135955467629798
27230,Neutral,0.7790708225043981,0.11424129956401072,0.1066878779315912
27231,Neutral,0.5006871642836059,0.0813156348581648,0.4179972008582293
27232,Neutral,0.9520283372552736,0.022278257377901844,0.025693405366824684
27233,Neutral,0.9701520882777802,0.021083142740717778,0.008764768981501988
27234,Neutral,0.7564318883335013,0.19013607397299315,0.05343203769350556
27235,Neutral,0.9662491695819403,0.024881073393243313,0.008869757024816398
27236,Neutral,0.5808352362517994,0.3875875392101085,0.031577224538091954
27237,Neutral,0.9090880086843337,0.05411791285018372,0.03679407846548257
27238,Neutral,0.977931254702947,0.0057048042794634254,0.016363941017589763
27239,Neutral,0.95530649615328,0.007543925469981798,0.037149578376738074
27240,Neutral,0.9115705697126055,0.02355288383617981,0.06487654645121464
27241,Neutral,0.8798825689514,0.04075928705306857,0.07935814399553134
27242,Neutral,0.9732579184958225,0.008540113615303746,0.018201967888873623
27243,Neutral,0.9646869750883089,0.013850655742865882,0.021462369168825376
27244,Neutral,0.9346227618120353,0.009746071417107698,0.05563116677085695
27245,Neutral,0.9715535759679359,0.012878688339243246,0.015567735692820822
27246,Neutral,0.9208585522591415,0.030674475055543816,0.048466972685314726
27247,Neutral,0.9111602975462245,0.08158760062804973,0.007252101825725817
27248,Neutral,0.8027764074153494,0.17314710363869246,0.02407648894595818
27249,Neutral,0.8602993236523716,0.13009199564817658,0.00960868069945189
27250,Neutral,0.8127565939408871,0.16172904682075961,0.025514359238353348
27251,Neutral,0.7593825818779382,0.20625381610740576,0.034363602014656054
27252,Neutral,0.8873579928568436,0.0968861526822282,0.01575585446092825
27253,Neutral,0.9280300155534751,0.05787595577822598,0.014094028668299096
27254,Neutral,0.9690658554490117,0.020824797408412383,0.010109347142576013
27255,Neutral,0.7946276516712233,0.0845288966442896,0.12084345168448724
27256,Neutral,0.8503476620760702,0.050050547235645684,0.0996017906882841
27257,LOF,0.15455415425991675,0.16795168713158543,0.6774941586084978
27258,Neutral,0.9786731401140171,0.01309090234480285,0.008235957541180018
27259,Neutral,0.8503476620760702,0.050050547235645684,0.0996017906882841
27260,Neutral,0.9370525295639633,0.022034673097141095,0.04091279733889549
27261,Neutral,0.9565610702427534,0.01735787194592316,0.026081057811323582
27262,Neutral,0.7628951701255234,0.16726284255293916,0.06984198732153744
27263,Neutral,0.9817077759686501,0.011250486993878091,0.007041737037471763
27264,Neutral,0.9436405612073976,0.027302344492876423,0.029057094299726065
27265,Neutral,0.9568024991516874,0.026827333677639464,0.01637016717067328
27266,Neutral,0.9526753229014819,0.04096119239750663,0.006363484701011346
27267,Neutral,0.9645850772179657,0.029052557441830877,0.006362365340203472
27268,Neutral,0.703797840808772,0.17405799846035014,0.12214416073087786
27269,Neutral,0.8300160594497134,0.15532574485461353,0.014658195695673046
27270,Neutral,0.947712899617762,0.03463379291312219,0.01765330746911591
27271,Neutral,0.8756576053063371,0.008580755834698986,0.1157616388589639
27272,Neutral,0.9795705469266723,0.004823756198583014,0.015605696874744729
27273,Neutral,0.9780704653374858,0.0044395119305580336,0.017490022731956167
27274,Neutral,0.9279079393178273,0.014256389197423208,0.057835671484749496
27275,Neutral,0.8515530367268465,0.03433073685566737,0.11411622641748624
27276,Neutral,0.9808670291942742,0.004484120426085448,0.014648850379640229
27277,Neutral,0.9590145759698248,0.017318013939315167,0.02366741009086005
27278,Neutral,0.9748013681410008,0.01209921859443943,0.01309941326455975
27279,Neutral,0.9734429644206306,0.013244182246944134,0.013312853332425203
27280,Neutral,0.8919396929121274,0.035612859754327424,0.07244744733354512
27281,Neutral,0.5775794998244039,0.14111335043876663,0.28130714973682946
27282,Neutral,0.9153785990013056,0.014345873435908414,0.07027552756278604
27283,LOF,0.11644154515693103,0.0466267372040119,0.8369317176390569
27284,LOF,0.22847605438246554,0.08073357054751706,0.6907903750700175
27285,Neutral,0.9726293470222979,0.01434095898275315,0.013029693994949012
27286,Neutral,0.9736809083518945,0.006178311349764514,0.020140780298341113
27287,LOF,0.23480963431133292,0.03802178109730468,0.7271685845913624
27288,Neutral,0.794496705973269,0.10400825312567723,0.1014950409010537
27289,Neutral,0.9371731556737828,0.024197774361234596,0.03862906996498257
27290,Neutral,0.934095993532762,0.024406840647678098,0.041497165819560075
27291,Neutral,0.9318426962146656,0.023822845429865177,0.04433445835546916
27292,Neutral,0.9582823998136896,0.016373694954129315,0.025343905232181333
27293,Neutral,0.9491237795527446,0.010672988930255494,0.040203231516999866
27294,Neutral,0.9451050096691466,0.016921401651899245,0.03797358867895404
27295,LOF,0.025336676893171716,0.10025336682313284,0.8744099562836953
27296,Neutral,0.6808568320516957,0.0667087098628948,0.25243445808540954
27297,Neutral,0.9712936088299335,0.007389211769218077,0.021317179400848343
27298,Neutral,0.9070003126576515,0.023246648568339332,0.06975303877400912
27299,LOF,0.34185272976324044,0.03213989319656948,0.62600737704019
27300,Neutral,0.9341692420045039,0.004735145088926118,0.061095612906570014
27301,Neutral,0.7512682611493057,0.030078783456715386,0.21865295539397897
27302,Neutral,0.9237873466547571,0.015559003385233522,0.060653649960009395
27303,Neutral,0.9159165579061355,0.005109646619503881,0.07897379547436072
27304,Neutral,0.9735301186071039,0.016778062913974708,0.009691818478921385
27305,Neutral,0.954991897113531,0.017413878910415237,0.027594223976053794
27306,LOF,0.28532820767023886,0.04343531435293981,0.6712364779768213
27307,Neutral,0.9813231268220345,0.003593692728917889,0.015083180449047613
27308,Neutral,0.8661886449536088,0.020612830870107596,0.1131985241762836
27309,Neutral,0.957550829980712,0.019108825592338195,0.023340344426949818
27310,Neutral,0.9821330963286321,0.0034482388870449234,0.014418664784322962
27311,Neutral,0.8243047264621368,0.010624582487992943,0.16507069104987024
27312,Neutral,0.8040554197869337,0.012193472254486169,0.18375110795858016
27313,Neutral,0.9632232006306699,0.007852325916713941,0.02892447345261601
27314,Neutral,0.9814869600259892,0.0037648469921167014,0.014748192981894056
27315,Neutral,0.8738780630787133,0.014438348557442617,0.11168358836384418
27316,Neutral,0.8601831425357416,0.025086766222868585,0.1147300912413898
27317,Neutral,0.5832218791348994,0.014124897759940703,0.4026532231051599
27318,Neutral,0.9653705856297272,0.006174318695955409,0.02845509567431726
27319,Neutral,0.8952868504719845,0.014176474183535745,0.09053667534447975
27320,Neutral,0.8448673992625035,0.010280744684900126,0.1448518560525963
27321,Neutral,0.5832218791348994,0.014124897759940703,0.4026532231051599
27322,Neutral,0.9792230770791559,0.006015671885509098,0.014761251035335016
27323,Neutral,0.8353919484123173,0.023346561075096948,0.14126149051258588
27324,Neutral,0.9627053336737234,0.005615103023538772,0.03167956330273796
27325,Neutral,0.9200503419955081,0.06974646868314639,0.010203189321345762
27326,Neutral,0.6843134240058979,0.28059283810841823,0.03509373788568397
27327,Neutral,0.9484575303640951,0.014224157622773763,0.037318312013131294
27328,LOF,0.23356334167584056,0.08993909790160493,0.6764975604225546
27329,LOF,0.4220610510965159,0.046987964124869885,0.5309509847786141
27330,Neutral,0.9772822255145218,0.00541511859304451,0.017302655892433662
27331,Neutral,0.9404384165504022,0.006731890571939413,0.05282969287765824
27332,Neutral,0.9066083640890437,0.030571729772579343,0.06281990613837711
27333,Neutral,0.738605516888672,0.06628138389279252,0.1951130992185355
27334,Neutral,0.8860730117081157,0.03447452170651108,0.07945246658537322
27335,Neutral,0.9492695654280998,0.02505065466075273,0.025679779911147445
27336,Neutral,0.9554317959432359,0.014175657044040021,0.030392547012724057
27337,Neutral,0.9010954995120016,0.03699523745708471,0.0619092630309137
27338,Neutral,0.9532392354249078,0.015519064751175256,0.03124169982391686
27339,Neutral,0.8988265175533492,0.035674728428336515,0.06549875401831429
27340,Neutral,0.8828466246871344,0.04470244478237793,0.0724509305304877
27341,Neutral,0.9820544061441083,0.008778929950062561,0.009166663905828978
27342,Neutral,0.9706466590750913,0.012802233930526808,0.016551106994381913
27343,Neutral,0.9299620399590204,0.029073883036556888,0.04096407700442266
27344,Neutral,0.9090154624834884,0.05503615601747235,0.03594838149903923
27345,LOF,0.2085826062753775,0.03987227654616833,0.7515451171784542
27346,GOF,0.13626250170683168,0.4772742690937716,0.38646322919939674
27347,Neutral,0.5974622543447154,0.22951805911581988,0.17301968653946456
27348,Neutral,0.9701788675831179,0.023323924624641303,0.0064972077922407796
27349,Neutral,0.7620766305408843,0.18382401571148577,0.054099353747629864
27350,LOF,0.3239637401281872,0.05312832912862104,0.6229079307431917
27351,Neutral,0.8304209162927381,0.04371050336932098,0.1258685803379409
27352,Neutral,0.8647484983731641,0.10364955390210247,0.031601947724733355
27353,Neutral,0.8942743002462169,0.07480353671067431,0.030922163043108714
27354,Neutral,0.9458908179153609,0.04182365979537254,0.012285522289266687
27355,Neutral,0.9446389172133974,0.04153607837861032,0.01382500440799237
27356,Neutral,0.9093001745720509,0.07154766487636223,0.01915216055158687
27357,Neutral,0.9683393668110951,0.012504434434623143,0.019156198754281765
27358,Neutral,0.9490946971508871,0.0430987566231575,0.0078065462259555235
27359,Neutral,0.8065977391604382,0.10322789455354976,0.0901743662860121
27360,Neutral,0.9746704529716786,0.004792118292006163,0.020537428736315207
27361,Neutral,0.7229048892168776,0.011031998107196484,0.266063112675926
27362,Neutral,0.9292766084435048,0.021938059783312976,0.048785331773182346
27363,Neutral,0.9118327602983587,0.009726394449431786,0.07844084525220964
27364,Neutral,0.524737532129819,0.02957631351500862,0.44568615435517234
27365,Neutral,0.9271546037408774,0.013494644785952775,0.05935075147316979
27366,Neutral,0.9208625049915715,0.017039554736344976,0.06209794027208341
27367,Neutral,0.8936650859881512,0.03877996954388335,0.06755494446796546
27368,Neutral,0.9079951817295225,0.027410370045394643,0.06459444822508283
27369,LOF,0.16334253644502034,0.14146780185714303,0.6951896616978366
27370,LOF,0.1324492571232082,0.13385806534105096,0.7336926775357407
27371,Neutral,0.8747499854487457,0.021054176826049244,0.10419583772520492
27372,LOF,0.443035417802198,0.05666429563241209,0.5003002865653898
27373,Neutral,0.6485318920958599,0.036901359687039,0.314566748217101
27374,LOF,0.2385986694541825,0.13837294282955365,0.6230283877162638
27375,Neutral,0.6771746396696607,0.09065567120835116,0.23216968912198802
27376,Neutral,0.7448418589961925,0.08256376906325628,0.17259437194055136
27377,Neutral,0.9713696824077921,0.012842925837906622,0.015787391754301244
27378,Neutral,0.962059932117408,0.01835396090324123,0.01958610697935067
27379,Neutral,0.9476746103209192,0.025624472119318113,0.026700917559762845
27380,Neutral,0.9682347006068831,0.01899180937205725,0.012773490021059621
27381,Neutral,0.9664268625228779,0.015139465071168244,0.01843367240595402
27382,Neutral,0.8703885723123449,0.10194021367301806,0.027671214014637197
27383,Neutral,0.9736973878521522,0.01871856135756181,0.007584050790286076
27384,Neutral,0.9352536722608039,0.03473622723899567,0.030010100500200355
27385,Neutral,0.9307677888365388,0.03789767023092332,0.031334540932537874
27386,GOF,0.26456186291661815,0.471732203205988,0.2637059338773937
27387,Neutral,0.8826558945778782,0.07558134378849525,0.041762761633626556
27388,Neutral,0.9595916763546564,0.01789042661731806,0.022517897028025646
27389,LOF,0.19078837371549695,0.005200228397072157,0.8040113978874309
27390,Neutral,0.9018300684581594,0.0089742729757792,0.08919565856606142
27391,Neutral,0.9606900562166166,0.01586968082912093,0.02344026295426252
27392,Neutral,0.6179111509216433,0.04016238800073535,0.34192646107762137
27393,Neutral,0.9360473580037584,0.014516886080593901,0.04943575591564773
27394,Neutral,0.8342152423191592,0.01200125672673644,0.15378350095410426
27395,Neutral,0.9203986853580565,0.01632432246404885,0.0632769921778947
27396,LOF,0.006161694995542257,0.4958285481083198,0.4980097568961379
27397,Neutral,0.8490875872843661,0.11590628829630593,0.035006124419328044
27398,Neutral,0.8291284138461545,0.10765030827855142,0.06322127787529415
27399,Neutral,0.9588888208661188,0.0272297747703352,0.013881404363545949
27400,Neutral,0.9639629441694418,0.021606585543369507,0.014430470287188583
27401,Neutral,0.9521780901645297,0.012958271199007818,0.03486363863646251
27402,Neutral,0.9194532025658095,0.0063795179902671655,0.0741672794439233
27403,Neutral,0.9766178274004809,0.00744853023660823,0.015933642362910762
27404,Neutral,0.9786684753128259,0.006200665129219055,0.015130859557955009
27405,Neutral,0.8895294800820198,0.040674242983436616,0.06979627693454367
27406,LOF,0.3937847922411709,0.09550209340068254,0.5107131143581465
27407,LOF,0.31590285825432407,0.14627772210251994,0.5378194196431559
27408,Neutral,0.6944301957515376,0.08901900319298005,0.21655080105548238
27409,Neutral,0.9588376221415986,0.015430328616757895,0.025732049241643434
27410,Neutral,0.8845259768566347,0.010467257039252513,0.10500676610411283
27411,Neutral,0.8958239753508108,0.0097521109030999,0.09442391374608936
27412,LOF,0.07379640094641107,0.050895136876991855,0.8753084621765971
27413,Neutral,0.8614708783708069,0.017548193205904335,0.12098092842328875
27414,Neutral,0.9008832201937306,0.010360700344947783,0.08875607946132164
27415,Neutral,0.8593026576679007,0.034592767222783365,0.10610457510931612
27416,Neutral,0.5748778282643747,0.055921834424079886,0.36920033731154545
27417,Neutral,0.877557774240733,0.03641614251652942,0.0860260832427376
27418,Neutral,0.9186740383444371,0.03464832022049497,0.046677641435068
27419,LOF,0.02141520757566684,0.18066349050032568,0.7979213019240075
27420,Neutral,0.7720319242986259,0.05760454576415224,0.170363529937222
27421,Neutral,0.8653701939598883,0.03483043754134293,0.09979936849876876
27422,Neutral,0.9527236382723667,0.01312162827026823,0.03415473345736501
27423,LOF,0.4500144966118576,0.01854459747695123,0.5314409059111912
27424,Neutral,0.8283908348143616,0.048547089632310414,0.12306207555332803
27425,LOF,0.4418754483972998,0.019318967103064758,0.5388055844996354
27426,Neutral,0.8688060784205575,0.02769450550926179,0.1034994160701809
27427,Neutral,0.9463486896575681,0.023616457916171896,0.030034852426259917
27428,Neutral,0.8735756398393774,0.0426665306479279,0.08375782951269482
27429,Neutral,0.7856296707619047,0.010107473773244632,0.20426285546485065
27430,Neutral,0.9793812195727023,0.00721096375009247,0.01340781667720522
27431,Neutral,0.8612887891346424,0.08677860818667366,0.051932602678683965
27432,Neutral,0.8569902690934612,0.0775398153093022,0.06546991559723661
27433,Neutral,0.9334517952308942,0.023437810514404824,0.04311039425470106
27434,Neutral,0.9880670949907093,0.0030818376087594483,0.008851067400531194
27435,Neutral,0.9086318464925595,0.027184971214968462,0.06418318229247214
27436,Neutral,0.6773015091390032,0.014380086247876206,0.30831840461312066
27437,Neutral,0.8787777872497867,0.054651420842065,0.06657079190814827
27438,Neutral,0.6361618516554512,0.038427101191103145,0.32541104715344565
27439,Neutral,0.9876223687773276,0.003301375876637887,0.00907625534603442
27440,Neutral,0.9852678570498589,0.0062942630790298,0.008437879871111305
27441,Neutral,0.9747373872331342,0.00638847709459994,0.018874135672266115
27442,Neutral,0.9145688211007567,0.011841340618459,0.0735898382807843
27443,LOF,0.011676146409845045,0.11244758180707927,0.8758762717830757
27444,Neutral,0.9848417255040113,0.006701858767932543,0.008456415728056301
27445,Neutral,0.8297834570453229,0.03866838794310794,0.13154815501156927
27446,Neutral,0.9880070444363213,0.0033061728131081316,0.008686782750570643
27447,Neutral,0.9357957669092483,0.017164411826587362,0.047039821264164276
27448,Neutral,0.7624662100049626,0.020365537417775057,0.21716825257726227
27449,Neutral,0.6894223095052427,0.09626761176071155,0.21431007873404576
27450,Neutral,0.9563849092840906,0.013368725254692314,0.030246365461217013
27451,Neutral,0.9854487157234714,0.005763543910061996,0.008787740366466519
27452,Neutral,0.9837450071133799,0.008529130138203942,0.007725862748416123
27453,Neutral,0.8927273144588537,0.01040725134774572,0.09686543419340052
27454,Neutral,0.9264333245059457,0.022054854331792287,0.05151182116226193
27455,Neutral,0.9123502160073012,0.028289201531763553,0.05936058246093526
27456,Neutral,0.839335980657608,0.12194687098237811,0.03871714836001386
27457,Neutral,0.8226665792675182,0.03329435447945887,0.144039066253023
27458,Neutral,0.8549248333997432,0.03180607181075532,0.11326909478950138
27459,Neutral,0.8417842662990266,0.08265316105807197,0.07556257264290163
27460,Neutral,0.9870391664954158,0.006067043245618637,0.0068937902589656696
27461,Neutral,0.9491570612796618,0.027549884445215354,0.023293054275122852
27462,Neutral,0.9405690481778394,0.005202130063017021,0.05422882175914363
27463,Neutral,0.9864605064724234,0.005380856441756415,0.00815863708582016
27464,Neutral,0.9868267999865165,0.004385266859918315,0.008787933153565216
27465,Neutral,0.962092452907932,0.009001776338310383,0.028905770753757443
27466,Neutral,0.9232271935151664,0.0120402655235344,0.06473254096129931
27467,Neutral,0.9820738060710402,0.008947891666824604,0.00897830226213517
27468,Neutral,0.8678178208429063,0.016833618092778047,0.1153485610643158
27469,Neutral,0.9092106682229367,0.023205476187533533,0.06758385558952971
27470,Neutral,0.9645013969589783,0.0070698567916394625,0.02842874624938215
27471,Neutral,0.9141090034710925,0.021236516681710386,0.06465447984719716
27472,Neutral,0.9735569454163504,0.005326493121107978,0.021116561462541608
27473,Neutral,0.9717518085905018,0.006569046166208287,0.02167914524328996
27474,Neutral,0.8843874776210444,0.05446487501854472,0.06114764736041079
27475,Neutral,0.8929118961242217,0.029824123033191912,0.07726398084258654
27476,Neutral,0.7577142915201576,0.04870534272145002,0.19358036575839246
27477,Neutral,0.9879241498778519,0.003324818646616908,0.008751031475531232
27478,Neutral,0.954867572696571,0.013536883839175015,0.031595543464253945
27479,Neutral,0.8929118961242217,0.029824123033191912,0.07726398084258654
27480,Neutral,0.6974661304705183,0.041985274240330904,0.26054859528915086
27481,Neutral,0.9508664921429961,0.009361533162547796,0.03977197469445599
27482,Neutral,0.9805875026041673,0.007828581994150763,0.011583915401681738
27483,Neutral,0.8817937758590596,0.014841959790255715,0.10336426435068459
27484,Neutral,0.5416098518559499,0.031102206986848943,0.42728794115720103
27485,Neutral,0.5022764202129633,0.026028763246964744,0.471694816540072
27486,Neutral,0.9806449539333887,0.005870524200570882,0.013484521866040449
27487,Neutral,0.9667602014981014,0.007089246167898299,0.026150552334000477
27488,Neutral,0.9239782054301322,0.013537272542682841,0.06248452202718493
27489,Neutral,0.8293530349390479,0.02210911805456494,0.1485378470063873
27490,Neutral,0.961069229475926,0.006501996478514969,0.032428774045559175
27491,Neutral,0.9786409422175567,0.0072925960131268765,0.01406646176931642
27492,Neutral,0.9579213300090145,0.008288940457102338,0.03378972953388308
27493,Neutral,0.8099050853882597,0.01474046162820238,0.17535445298353794
27494,Neutral,0.9288292094641849,0.005146913046805281,0.06602387748900987
27495,Neutral,0.9099020207087863,0.011196273794944594,0.07890170549626907
27496,Neutral,0.9305164022574185,0.005755929330668771,0.06372766841191267
27497,Neutral,0.86965068785128,0.055533666871398844,0.07481564527732112
27498,Neutral,0.9786479014874143,0.005903185586601754,0.015448912925983846
27499,Neutral,0.9804330815505519,0.010080298890330748,0.00948661955911758
27500,Neutral,0.9197904184907643,0.012566843321540013,0.0676427381876958
27501,Neutral,0.9762456674833275,0.010314847488854969,0.01343948502781742
27502,Neutral,0.9522053107235535,0.011438178851129407,0.03635651042531708
27503,Neutral,0.5417966795090233,0.17020614694845343,0.2879971735425232
27504,Neutral,0.6398964378800421,0.11112356201600491,0.24898000010395305
27505,LOF,0.3372029975094478,0.016011581568204866,0.6467854209223473
27506,Neutral,0.6140296985112041,0.0740088125093585,0.31196148897943726
27507,Neutral,0.9746892397916207,0.01181848699829787,0.013492273210081411
27508,Neutral,0.9712796882754597,0.012443145987079107,0.01627716573746099
27509,Neutral,0.8823105528642547,0.035711557692221355,0.08197788944352395
27510,Neutral,0.7516038309999539,0.030907078973963352,0.21748909002608272
27511,Neutral,0.965524615245879,0.009411580513302945,0.02506380424081805
27512,Neutral,0.9670618406353599,0.006286020313009043,0.026652139051631163
27513,Neutral,0.6162719240590968,0.04388505629662395,0.33984301964427927
27514,Neutral,0.9635809281269411,0.0069895797452030894,0.029429492127855866
27515,Neutral,0.966512863773279,0.007244349183301638,0.026242787043419313
27516,Neutral,0.8613653368679286,0.017205910692164463,0.121428752439907
27517,Neutral,0.9531786590044845,0.00955317969631126,0.03726816129920417
27518,Neutral,0.9518780130106078,0.01739552881680002,0.030726458172592112
27519,Neutral,0.9732179689445756,0.012740709864449742,0.014041321190974638
27520,Neutral,0.9361449610978317,0.007841167659304787,0.05601387124286331
27521,Neutral,0.7621051629959422,0.02676677642220767,0.2111280605818502
27522,Neutral,0.8687844199096802,0.0569576579614209,0.07425792212889898
27523,Neutral,0.8809702817032162,0.015235289365482877,0.10379442893130086
27524,Neutral,0.9734197625228608,0.007117962998706332,0.019462274478432778
27525,Neutral,0.960233842384154,0.019170460400738863,0.020595697215107376
27526,Neutral,0.9448028295991735,0.017342607403251938,0.03785456299757465
27527,Neutral,0.7915605332822736,0.13381378594296697,0.07462568077475949
27528,Neutral,0.9249201456442095,0.015312191985759454,0.05976766237003095
27529,Neutral,0.9216088280731949,0.03866113756509633,0.03973003436170888
27530,Neutral,0.926200834305671,0.0031087694285356652,0.07069039626579328
27531,Neutral,0.9749754705355733,0.0024689410828932527,0.02255558838153352
27532,Neutral,0.9089998231516914,0.036824743151262315,0.05417543369704625
27533,Neutral,0.9630967412926579,0.01706610790250182,0.01983715080484027
27534,Neutral,0.6993635786774416,0.059952006665819964,0.24068441465673837
27535,Neutral,0.954134574211074,0.017289140908888074,0.028576284880037977
27536,Neutral,0.9765968646326284,0.012770506786926941,0.010632628580444631
27537,Neutral,0.9189120870902249,0.015570757665724785,0.06551715524405034
27538,Neutral,0.5080866171481643,0.044348941311573034,0.4475644415402626
27539,Neutral,0.9862388793619825,0.005351693270088176,0.008409427367929342
27540,Neutral,0.9833053726496063,0.007716399296878837,0.008978228053514925
27541,Neutral,0.9749801076077553,0.010166276521880417,0.014853615870364266
27542,Neutral,0.9476196916833717,0.01711569318647192,0.03526461513015636
27543,Neutral,0.9797843203690938,0.006742308593909221,0.01347337103699693
27544,Neutral,0.9424477290372424,0.03110940138393759,0.026442869578820156
27545,Neutral,0.9836663590991618,0.005025045286370259,0.011308595614467938
27546,Neutral,0.9805690317338965,0.010154791494935296,0.009276176771168335
27547,Neutral,0.9596293401341163,0.009976560945242087,0.030394098920641564
27548,Neutral,0.9839554848239068,0.005555662919961563,0.010488852256131654
27549,Neutral,0.9765651227138338,0.009952045064937014,0.013482832221229242
27550,Neutral,0.9727458608907271,0.011367769863272049,0.015886369246000915
27551,Neutral,0.9739513836203108,0.012758610024899584,0.013290006354789594
27552,Neutral,0.919922094349322,0.03829649072805685,0.04178141492262095
27553,Neutral,0.959040438114597,0.006485420878541196,0.03447414100686194
27554,Neutral,0.9665054535968145,0.016771229943499673,0.016723316459685788
27555,Neutral,0.8399383002597076,0.06126542373469987,0.09879627600559253
27556,Neutral,0.8066223148777111,0.0625773275328452,0.13080035758944358
27557,Neutral,0.9337877015537408,0.009811747517799632,0.05640055092845961
27558,Neutral,0.498098408297038,0.06662620903618915,0.4352753826667729
27559,Neutral,0.9463524017725278,0.010113998476397776,0.04353359975107446
27560,Neutral,0.7984198528414012,0.12491791735122167,0.07666222980737734
27561,Neutral,0.8533728924606886,0.12195930668653125,0.02466780085278027
27562,Neutral,0.7335179246141208,0.1663629580720957,0.1001191173137835
27563,Neutral,0.7774886935864511,0.13348241943602412,0.08902888697752473
27564,Neutral,0.8817345534869901,0.056632343097952204,0.06163310341505763
27565,Neutral,0.9536768188335238,0.027220560544027144,0.01910262062244908
27566,Neutral,0.9652468694932296,0.011707457136161696,0.023045673370608664
27567,Neutral,0.8418213549927355,0.04382082537009403,0.11435781963717061
27568,Neutral,0.6036820375598979,0.041980840917215545,0.35433712152288654
27569,Neutral,0.9796137137358791,0.006986926735804676,0.01339935952831612
27570,Neutral,0.9606441605044792,0.011920079661642715,0.02743575983387806
27571,Neutral,0.7986420105616413,0.02285306245151871,0.1785049269868401
27572,Neutral,0.9544791441195263,0.008139647566836064,0.03738120831363763
27573,Neutral,0.8059958646110459,0.14670317611752873,0.04730095927142534
27574,Neutral,0.9499725303442965,0.021036619243146915,0.02899085041255664
27575,Neutral,0.9702882708528341,0.012441147440415478,0.017270581706750464
27576,Neutral,0.8809537491141837,0.06608807665778953,0.05295817422802691
27577,Neutral,0.8942717291066414,0.04774454552078133,0.05798372537257715
27578,Neutral,0.8942204012709375,0.02840525352809938,0.07737434520096309
27579,Neutral,0.7741097122063683,0.13647950058951722,0.08941078720411454
27580,Neutral,0.9401776060291156,0.032834176329599014,0.026988217641285474
27581,Neutral,0.9351974276568243,0.02118666863429097,0.0436159037088847
27582,Neutral,0.8016616399748594,0.09320475694743842,0.10513360307770214
27583,Neutral,0.9449685303528589,0.0392438237023251,0.015787645944815985
27584,Neutral,0.9607990285127199,0.021932080063192694,0.01726889142408746
27585,LOF,0.037193074492311615,0.3071841100117736,0.6556228154959147
27586,Neutral,0.7248956612918606,0.06517661772779094,0.20992772098034834
27587,Neutral,0.8920923521023034,0.026653923469912244,0.08125372442778438
27588,Neutral,0.8908494296924935,0.027715565693211926,0.08143500461429458
27589,Neutral,0.8683581759329679,0.041883679850890185,0.08975814421614181
27590,Neutral,0.7011183515326933,0.05584428942629069,0.24303735904101612
27591,LOF,0.4301580061838204,0.04328891442268189,0.5265530793934977
27592,Neutral,0.8655795903530528,0.03624946634936337,0.09817094329758373
27593,Neutral,0.8818180708310551,0.03008872558420266,0.08809320358474218
27594,Neutral,0.7532949004848358,0.07680263857901948,0.1699024609361446
27595,LOF,0.21598403554918355,0.05978965531140512,0.7242263091394113
27596,Neutral,0.8886036084742062,0.03276060430271639,0.07863578722307754
27597,Neutral,0.8479604676010526,0.049378569679084834,0.10266096271986272
27598,LOF,0.2145540591282054,0.12426679500362534,0.6611791458681692
27599,Neutral,0.9721381979300501,0.005492408547436186,0.022369393522513714
27600,Neutral,0.9784682698425191,0.006385133404096281,0.01514659675338469
27601,Neutral,0.9733394227091764,0.007581773116779747,0.019078804174043895
27602,Neutral,0.9539725320040965,0.012477065228033511,0.033550402767869955
27603,Neutral,0.8434504042872458,0.03207967758719871,0.12446991812555565
27604,Neutral,0.972984881511068,0.006252602649422234,0.020762515839509776
27605,Neutral,0.9623046933459921,0.0136736249835274,0.024021681670480344
27606,Neutral,0.9705342932922543,0.007161509097601282,0.022304197610144565
27607,Neutral,0.8930761344786955,0.041414530637537895,0.06550933488376673
27608,Neutral,0.9729594757587721,0.00653851809643545,0.020502006144792348
27609,Neutral,0.9022633538916307,0.011823881154934483,0.08591276495343483
27610,Neutral,0.9789978438312555,0.005391585610467101,0.015610570558277323
27611,Neutral,0.9735616775910282,0.007463045363751786,0.01897527704522013
27612,Neutral,0.9264099750514092,0.025037344411566034,0.04855268053702457
27613,Neutral,0.8697378437605087,0.09212248161852166,0.038139674620969836
27614,Neutral,0.922534481080816,0.063210650224091,0.014254868695092843
27615,Neutral,0.9763763179278181,0.00858852393117911,0.015035158141002758
27616,Neutral,0.9736978642505526,0.010365430290213435,0.015936705459233917
27617,Neutral,0.9728171735908739,0.011308014721920622,0.015874811687205365
27618,Neutral,0.9805417058162537,0.00737549633533865,0.012082797848407668
27619,Neutral,0.9420940653597831,0.03961497859766324,0.018290956042553628
27620,Neutral,0.9290052556357818,0.026257420115474498,0.04473732424874366
27621,Neutral,0.9705587304834696,0.0056441611494905605,0.023797108367039754
27622,LOF,0.2566940831745778,0.04765825801992089,0.6956476588055013
27623,Neutral,0.8380542674666295,0.0230677462779635,0.13887798625540698
27624,Neutral,0.38910608899671884,0.2333203133701032,0.377573597633178
27625,Neutral,0.9698029394640616,0.0131721391465034,0.017024921389434962
27626,Neutral,0.7738390951241038,0.03747705713753825,0.18868384773835803
27627,Neutral,0.939634826054574,0.03629060724482023,0.024074566700605666
27628,Neutral,0.9532325397037523,0.008252283425467702,0.03851517687078003
27629,Neutral,0.9567069799708227,0.016464688153573173,0.026828331875604315
27630,GOF,0.10007941694773287,0.4515793597961722,0.448341223256095
27631,GOF,0.20277551177175693,0.6685935183701706,0.12863096985807249
27632,Neutral,0.942221989968263,0.04750540465656487,0.010272605375172234
27633,Neutral,0.7402696897808828,0.05028251686082974,0.2094477933582875
27634,Neutral,0.7739443250463255,0.04516550876257748,0.1808901661910969
27635,Neutral,0.7963680408980853,0.0374808659592478,0.16615109314266685
27636,Neutral,0.7692197059826104,0.0451537506628853,0.18562654335450424
27637,Neutral,0.8416224774440949,0.03278149414263142,0.12559602841327372
27638,Neutral,0.7873747070765457,0.034427249575850694,0.17819804334760372
27639,Neutral,0.7639687766975737,0.07640436394559744,0.15962685935682883
27640,GOF,0.34283504988565144,0.394498806992437,0.26266614312191144
27641,Neutral,0.9442421873139937,0.0432055625854324,0.012552250100573857
27642,Neutral,0.9032866622471135,0.0777163484091193,0.018996989343767166
27643,Neutral,0.9553132054256807,0.02841612623831231,0.01627066833600712
27644,Neutral,0.9372789957618273,0.011738164519638713,0.05098283971853402
27645,Neutral,0.7368472561259579,0.05992568219612708,0.20322706167791507
27646,GOF,0.22876536410466183,0.43033477952875965,0.3408998563665786
27647,Neutral,0.9808983932939837,0.003135207254101087,0.01596639945191519
27648,Neutral,0.9727266358849839,0.005751353508375956,0.021522010606640173
27649,Neutral,0.9602868325359737,0.007029155988949713,0.03268401147507682
27650,Neutral,0.9440125857026177,0.007339088213814283,0.04864832608356804
27651,Neutral,0.9821746635192666,0.004784520158745948,0.013040816321987392
27652,Neutral,0.9823194194075724,0.005085667775231792,0.012594912817195892
27653,Neutral,0.6167424027447009,0.007502991433553081,0.3757546058217459
27654,Neutral,0.9880603049190098,0.0032567964353419914,0.008682898645648213
27655,Neutral,0.9852417790718807,0.004096404267776416,0.010661816660342776
27656,Neutral,0.9844959635550484,0.002800946022735314,0.012703090422216198
27657,Neutral,0.9378790795058991,0.02269737954053379,0.03942354095356711
27658,Neutral,0.9868012779143568,0.004211777162458028,0.008986944923185079
27659,Neutral,0.9686580998408787,0.0035098161247597774,0.027832084034361458
27660,Neutral,0.9596960160746091,0.003597333436850061,0.03670665048854086
27661,Neutral,0.9864899915520611,0.004038793734800949,0.009471214713137836
27662,Neutral,0.9843337584710921,0.004472942386060559,0.011193299142847408
27663,Neutral,0.9165696923871103,0.011179634460629691,0.07225067315225998
27664,Neutral,0.9299008056927738,0.01948801421837394,0.05061118008885206
27665,LOF,0.2534496748342504,0.02506957943289088,0.7214807457328588
27666,Neutral,0.9673834179266747,0.014142843619109346,0.018473738454215863
27667,Neutral,0.9787177236333181,0.004594771486675128,0.01668750488000679
27668,Neutral,0.8123655866528536,0.007700784504136419,0.17993362884301
27669,Neutral,0.8518121992294397,0.0644314370334395,0.08375636373712078
27670,Neutral,0.758760972002301,0.17871868519499487,0.06252034280270419
27671,Neutral,0.8240739436012668,0.027545971522750637,0.14838008487598262
27672,Neutral,0.7431591864149217,0.053481692313320214,0.20335912127175804
27673,Neutral,0.5326155421293092,0.1894663823158838,0.277918075554807
27674,Neutral,0.9635141219784061,0.008465716324441552,0.02802016169715227
27675,Neutral,0.9825605437513159,0.006409820225046884,0.011029636023637247
27676,Neutral,0.8848121942204986,0.003956318418685705,0.1112314873608157
27677,Neutral,0.9709288771253005,0.0033432443064198183,0.02572787856827979
27678,Neutral,0.8462030935662108,0.022836914535631574,0.13095999189815768
27679,Neutral,0.8239192900539567,0.029681689277118232,0.1463990206689251
27680,Neutral,0.8763131252597803,0.012339817026876396,0.1113470577133433
27681,Neutral,0.9033706862101868,0.010189290991947559,0.08644002279786567
27682,Neutral,0.8369801949696902,0.016174583900741515,0.14684522112956805
27683,Neutral,0.9545479650420043,0.002784188500718406,0.042667846457277274
27684,Neutral,0.9475915721855696,0.00928825721734446,0.043120170597085984
27685,Neutral,0.8028021261265267,0.023586003143475323,0.17361187072999792
27686,Neutral,0.9463569260606027,0.006669673255946147,0.04697340068345107
27687,Neutral,0.7688620651584829,0.023031032290133962,0.20810690255138314
27688,Neutral,0.8768761341111542,0.004620583344292407,0.11850328254455332
27689,Neutral,0.8346286168658935,0.0040428414001960795,0.1613285417339104
27690,Neutral,0.945171488040397,0.006355991015303247,0.04847252094429988
27691,Neutral,0.9323514308988992,0.01439006158946138,0.053258507511639464
27692,LOF,0.13151365697799566,0.02725858075758173,0.8412277622644226
27693,Neutral,0.9544516549934666,0.004452151502448413,0.04109619350408489
27694,Neutral,0.9654042547866131,0.0028270430253813537,0.03176870218800574
27695,Neutral,0.9525981269759424,0.010842428848008855,0.036559444176048714
27696,Neutral,0.9422158370962012,0.00722194322501003,0.05056221967878878
27697,Neutral,0.8432508954908922,0.014781524332913501,0.14196758017619437
27698,Neutral,0.9130552626879332,0.011955554297178704,0.07498918301488812
27699,Neutral,0.945193326724835,0.009909300267588668,0.04489737300757608
27700,Neutral,0.9705594156396519,0.003707922436998859,0.025732661923349283
27701,Neutral,0.7688620651584829,0.023031032290133962,0.20810690255138314
27702,Neutral,0.9696234458954944,0.0035664449959595004,0.026810109108545987
27703,Neutral,0.9180492180775836,0.01286813034749556,0.06908265157492081
27704,Neutral,0.9704869559562872,0.0033474648518398826,0.026165579191872946
27705,Neutral,0.846883334717277,0.011517363158700286,0.14159930212402275
27706,Neutral,0.9450573172649575,0.013172780725193551,0.041769902009848946
27707,Neutral,0.8604226346664159,0.017850686195543815,0.12172667913804015
27708,Neutral,0.9639496538970541,0.004988338156631757,0.031062007946314283
27709,Neutral,0.9536194171730603,0.008872297111526825,0.03750828571541296
27710,Neutral,0.9130866351297894,0.05706339083831096,0.02984997403189947
27711,Neutral,0.9215258504063859,0.039833887875314514,0.038640261718299554
27712,Neutral,0.9816864789260826,0.007834251641373382,0.01047926943254397
27713,Neutral,0.6082188248674147,0.16383168255031721,0.22794949258226802
27714,Neutral,0.8798746040008871,0.031556855984076954,0.088568540015036
27715,LOF,0.20018176158895368,0.16896255805452365,0.6308556803565226
27716,Neutral,0.9463859234330052,0.02016192480223597,0.033452151764758735
27717,Neutral,0.9291101335127444,0.03521173016671413,0.03567813632054133
27718,Neutral,0.8789265932601787,0.03748146038130077,0.0835919463585205
27719,Neutral,0.9314189311753542,0.03291173047589115,0.035669338348754485
27720,LOF,0.3280771959448832,0.06045750643097821,0.6114652976241387
27721,Neutral,0.7982870725077016,0.18739827553356053,0.01431465195873777
27722,Neutral,0.9416201369793112,0.054658271246351704,0.0037215917743371562
27723,Neutral,0.7416480902917676,0.20323985497770822,0.05511205473052428
27724,Neutral,0.8947073777359806,0.08680512519634515,0.01848749706767434
27725,Neutral,0.957749682501851,0.03880786023039765,0.0034424572677514156
27726,Neutral,0.8684340605798523,0.10016481733192024,0.03140112208822753
27727,Neutral,0.8655552497236355,0.1000535579229482,0.03439119235341631
27728,Neutral,0.9234007925654635,0.06517880463546992,0.011420402799066653
27729,GOF,0.24453682569064847,0.7049852335371817,0.050477940772169896
27730,Neutral,0.36638793125301533,0.33765584563167494,0.29595622311530967
27731,Neutral,0.8744913722223542,0.12199435883608147,0.0035142689415643123
27732,Neutral,0.7146159637278604,0.2389290742436364,0.04645496202850317
27733,Neutral,0.9266124109951991,0.07006232059774951,0.0033252684070513394
27734,Neutral,0.8222007907892132,0.1650418466065697,0.01275736260421701
27735,GOF,0.4076162635785239,0.47194738965074967,0.1204363467707265
27736,Neutral,0.958408934565034,0.03714861353012164,0.0044424519048445405
27737,Neutral,0.8781978779388299,0.09513436246311456,0.026667759598055566
27738,Neutral,0.6606956946541156,0.3150010647583315,0.02430324058755286
27739,GOF,0.12965229887269872,0.5229557790474622,0.34739192207983915
27740,Neutral,0.9391927182094373,0.0476068908066052,0.013200390983957597
27741,Neutral,0.9230059059934554,0.0730775729848284,0.003916521021716051
27742,Neutral,0.8503194854000571,0.14091390348361757,0.00876661111632525
27743,Neutral,0.9624438578480202,0.03328539595846923,0.004270746193510509
27744,GOF,0.2948934353113201,0.5053526387201184,0.19975392596856142
27745,Neutral,0.9208651416236171,0.07485340387197564,0.004281454504407274
27746,Neutral,0.7932356632160839,0.18687832162552315,0.019886015158393
27747,LOF,0.037078611327135705,0.38636363385936123,0.5765577548135031
27748,Neutral,0.9461301758509452,0.044042421972768774,0.009827402176286146
27749,Neutral,0.9415277463117708,0.05464215582043942,0.0038300978677898623
27750,Neutral,0.9641679951333496,0.031776597827016126,0.004055407039634215
27751,Neutral,0.8639750169778604,0.12447294022788417,0.01155204279425538
27752,Neutral,0.8568197496211215,0.12369290945936877,0.019487340919509696
27753,Neutral,0.9114658765889206,0.0837977855897303,0.004736337821349079
27754,Neutral,0.8488259802294822,0.14266925452156015,0.008504765248957779
27755,Neutral,0.9405087908230467,0.0561506923581062,0.0033405168188470062
27756,Neutral,0.5635079800452871,0.3486415232821247,0.08785049667258808
27757,Neutral,0.9206891409656908,0.0752098590102477,0.004101000024061596
27758,Neutral,0.8934445890400186,0.09771373632090678,0.008841674639074685
27759,Neutral,0.9022221511513896,0.09330150840157037,0.004476340447040211
27760,Neutral,0.9448905841876059,0.046773688506473364,0.008335727305920871
27761,Neutral,0.944853345276805,0.04602606368952459,0.009120591033670375
27762,Neutral,0.7846273706814735,0.17705333992308214,0.0383192893954444
27763,Neutral,0.9249776978321619,0.07126762178240015,0.003754680385437978
27764,Neutral,0.8771587533447873,0.1124968768347054,0.010344369820507342
27765,Neutral,0.9197816331108633,0.06973472015844337,0.01048364673069349
27766,Neutral,0.6085650395430844,0.33756226259242167,0.053872697864493925
27767,Neutral,0.9215967713974601,0.06975312932223575,0.00865009928030423
27768,Neutral,0.9404482816454902,0.05587144612035034,0.0036802722341594215
27769,Neutral,0.617384914952112,0.36140527341667505,0.021209811631212994
27770,Neutral,0.8080870613091392,0.13108599251792596,0.06082694617293482
27771,Neutral,0.9725209718637158,0.013658483476814415,0.013820544659469736
27772,Neutral,0.9384966378846693,0.018418737703078534,0.04308462441225221
27773,Neutral,0.9719386656652682,0.004115042487870661,0.023946291846861065
27774,Neutral,0.8388130590281111,0.07332084865357157,0.0878660923183173
27775,Neutral,0.8737434954528389,0.03371452274385688,0.09254198180330407
27776,Neutral,0.9714643977082178,0.003906132435678975,0.024629469856103064
27777,Neutral,0.9745218914601568,0.007949557477302825,0.017528551062540382
27778,Neutral,0.9647934350142549,0.01217579144208908,0.023030773543656038
27779,Neutral,0.5568723120731853,0.017258674334168785,0.42586901359264595
27780,Neutral,0.9808512563937234,0.004669914122746023,0.014478829483530603
27781,Neutral,0.9664949111056077,0.006848000800734272,0.026657088093658108
27782,Neutral,0.9752574034454595,0.005776043065229519,0.018966553489311012
27783,Neutral,0.9785664201566893,0.0043259945772592704,0.01710758526605155
27784,Neutral,0.9351898025292013,0.007336506621026289,0.05747369084977255
27785,Neutral,0.810509100965301,0.014301278773365126,0.1751896202613339
27786,Neutral,0.9391438367479922,0.005209619474686484,0.05564654377732134
27787,Neutral,0.9791030753162546,0.005975935175795697,0.014920989507949683
27788,Neutral,0.966299554423861,0.006691979100291127,0.027008466475847953
27789,Neutral,0.9243038955034696,0.05165125361276145,0.024044850883768887
27790,Neutral,0.7819634814379224,0.1776931275008565,0.04034339106122112
27791,Neutral,0.9398499711247813,0.023636887858728372,0.0365131410164903
27792,Neutral,0.9171296846496614,0.042276189285319614,0.04059412606501902
27793,Neutral,0.958073859104338,0.026610601922664727,0.01531553897299734
27794,Neutral,0.9564740495341085,0.030935782835329245,0.012590167630562137
27795,Neutral,0.8918201445920223,0.047102356673761975,0.06107749873421583
27796,Neutral,0.9628881854179456,0.02123380547016778,0.01587800911188673
27797,Neutral,0.9499076089490583,0.03333937052765627,0.01675302052328543
27798,Neutral,0.8856641181973667,0.07740251467492168,0.03693336712771158
27799,Neutral,0.8617661478347418,0.10031093018598414,0.03792292197927402
27800,Neutral,0.8549329110122045,0.11273744216260628,0.03232964682518927
27801,Neutral,0.9083108600377695,0.06797824680610406,0.02371089315612641
27802,LOF,0.04627798875628646,0.4260261746763283,0.5276958365673853
27803,GOF,0.27386239310490323,0.42751825015653355,0.29861935673856327
27804,Neutral,0.9565848338028631,0.028818789301670658,0.014596376895466145
27805,Neutral,0.959874080374491,0.02627085650621728,0.01385506311929171
27806,Neutral,0.8570393926524872,0.0803391396998889,0.0626214676476238
27807,Neutral,0.734627293696748,0.20622546079154808,0.05914724551170396
27808,Neutral,0.9835342218657469,0.010310587563466212,0.006155190570786928
27809,Neutral,0.7762028838246424,0.17833770043789604,0.045459415737461616
27810,Neutral,0.9184417257030821,0.05184848633984426,0.029709787957073575
27811,Neutral,0.6548806586477185,0.057620181066497016,0.2874991602857845
27812,Neutral,0.7789183958788414,0.04206156427390988,0.1790200398472487
27813,Neutral,0.756072874547624,0.07869621687377515,0.1652309085786008
27814,Neutral,0.9613320937621843,0.012463799302508642,0.026204106935307097
27815,Neutral,0.7445669016521533,0.062087244900523135,0.19334585344732347
27816,Neutral,0.8383692118756945,0.06604250661285402,0.09558828151145164
27817,Neutral,0.6099503161878792,0.10173581022405766,0.2883138735880631
27818,Neutral,0.8406401530306515,0.0762304465043169,0.08312940046503141
27819,Neutral,0.9454992555777028,0.03371280333240102,0.02078794108989628
27820,Neutral,0.6760018938013475,0.15454941902958014,0.1694486871690724
27821,Neutral,0.9586345874216379,0.018762568816203366,0.022602843762158716
27822,Neutral,0.9393804618144651,0.02013457821610262,0.04048495996943219
27823,Neutral,0.7523999835629072,0.0502254990502712,0.19737451738682163
27824,Neutral,0.5896992699945889,0.1462112046551628,0.2640895253502483
27825,Neutral,0.6844583215172728,0.12968767597429484,0.1858540025084323
27826,Neutral,0.7888018994832373,0.06714307030519584,0.14405503021156682
27827,Neutral,0.9601571737395377,0.013392433494390758,0.0264503927660714
27828,Neutral,0.9578453034970658,0.015069690759124062,0.02708500574381014
27829,Neutral,0.9802552205519175,0.003828944439438489,0.015915835008643825
27830,Neutral,0.979606855574849,0.003895335837833155,0.016497808587317704
27831,Neutral,0.9748788621612674,0.010962299689591535,0.014158838149140962
27832,Neutral,0.8266772961875423,0.05097417024434426,0.12234853356811348
27833,Neutral,0.8785290514792039,0.024543749461894308,0.09692719905890179
27834,Neutral,0.9636845021987719,0.016989860058409984,0.01932563774281815
27835,Neutral,0.9738983095623548,0.012626743654085386,0.01347494678355988
27836,Neutral,0.6708741225038357,0.02414643595656012,0.3049794415396041
27837,Neutral,0.864084959284694,0.03189738436893234,0.10401765634637353
27838,Neutral,0.973245359516155,0.011130742322405953,0.01562389816143887
27839,Neutral,0.8302695342294016,0.0462777237082528,0.12345274206234558
27840,Neutral,0.670556002547644,0.027933338416993553,0.3015106590353625
27841,Neutral,0.9681588403512581,0.015603634235716484,0.01623752541302553
27842,Neutral,0.7819314261806457,0.03027089693885757,0.18779767688049676
27843,Neutral,0.974602237121846,0.010942406764040777,0.01445535611411322
27844,Neutral,0.8769502787929696,0.033364029007406516,0.08968569219962379
27845,LOF,0.44553952843542294,0.03891753350294659,0.5155429380616304
27846,Neutral,0.8359015877074283,0.05343689801444187,0.11066151427812985
27847,Neutral,0.9550756112710909,0.016810079407878962,0.0281143093210302
27848,Neutral,0.9591027045491664,0.01154460191903231,0.029352693531801356
27849,Neutral,0.969660573010544,0.015484731847788192,0.014854695141667831
27850,Neutral,0.6730055011940402,0.040347127172175916,0.28664737163378384
27851,LOF,0.3625513301970249,0.1745118287580231,0.46293684104495203
27852,Neutral,0.42925823038506716,0.24017576712465707,0.3305660024902757
27853,Neutral,0.9433303906469546,0.028272843599085842,0.028396765753959524
27854,Neutral,0.8094759288310648,0.0043527451032986395,0.18617132606563658
27855,Neutral,0.9516220469566008,0.004222181288503084,0.04415577175489628
27856,Neutral,0.8102311150910477,0.059771315241966216,0.12999756966698608
27857,Neutral,0.9746547434030605,0.013723075639233279,0.01162218095770625
27858,Neutral,0.876646595718142,0.04015744958797421,0.08319595469388376
27859,Neutral,0.9078850761511225,0.0449948512187994,0.04712007263007807
27860,Neutral,0.9747351581793556,0.013271947213862835,0.011992894606781527
27861,Neutral,0.949647645915917,0.03131977077792633,0.01903258330615659
27862,Neutral,0.9691758931218184,0.021378540642371473,0.009445566235810056
27863,Neutral,0.8420967603988508,0.09658149196266426,0.0613217476384849
27864,Neutral,0.9759251685641017,0.012675484356001573,0.011399347079896864
27865,Neutral,0.8270945565438441,0.024399739176227297,0.1485057042799286
27866,Neutral,0.9040545606066646,0.07035856669697595,0.025586872696359536
27867,Neutral,0.863925190947986,0.10709648737489535,0.028978321677118658
27868,Neutral,0.8167519905909529,0.06028103228242068,0.1229669771266264
27869,Neutral,0.6606083524191947,0.15002480681418773,0.18936684076661756
27870,Neutral,0.7648094163729305,0.16649891571458555,0.06869166791248373
27871,Neutral,0.9617154776193476,0.01991234148985253,0.018372180890799953
27872,Neutral,0.7385122449727237,0.11178385344321881,0.14970390158405739
27873,Neutral,0.9720127114323276,0.013267418109554395,0.014719870458118008
27874,Neutral,0.9325629264106005,0.01748821599299562,0.04994885759640381
27875,Neutral,0.5463958915084013,0.1616859744324238,0.2919181340591749
27876,Neutral,0.9483198446792279,0.013972758799138792,0.037707396521633435
27877,Neutral,0.9655952505892681,0.009802481291042938,0.024602268119689123
27878,Neutral,0.9470927363059183,0.028104388196098513,0.02480287549798321
27879,Neutral,0.9550195362964282,0.018199963875846725,0.02678049982772493
27880,Neutral,0.961074385440515,0.013944640512073978,0.024980974047410974
27881,Neutral,0.7371017546419922,0.11222413554267036,0.15067410981533744
27882,Neutral,0.8854232528467095,0.045834627354287026,0.06874211979900337
27883,Neutral,0.961898022339058,0.01539525450524382,0.022706723155698195
27884,Neutral,0.9346786952899241,0.03604936107310391,0.029271943636972067
27885,Neutral,0.9620356946270406,0.02332344758005064,0.014640857792908935
27886,Neutral,0.8762061455609501,0.02040078939701835,0.10339306504203159
27887,Neutral,0.9517770988989118,0.017895299327068615,0.030327601774019726
27888,Neutral,0.9449734392001063,0.01897141971831829,0.036055141081575356
27889,Neutral,0.9205966965078701,0.020421169795699114,0.05898213369643073
27890,Neutral,0.9189459984132248,0.029151734997240216,0.05190226658953499
27891,Neutral,0.9819280308999636,0.008872045224783801,0.00919992387525252
27892,LOF,0.15227673344846177,0.03547855856770922,0.812244707983829
27893,Neutral,0.8980757454786102,0.026931350970193117,0.07499290355119652
27894,Neutral,0.8646813078601266,0.07440742262379653,0.060911269516076796
27895,Neutral,0.9521560269589574,0.02600301678468909,0.021840956256353464
27896,Neutral,0.9282259425563585,0.04509925499728714,0.026674802446354305
27897,Neutral,0.9481275973744446,0.023178968770271337,0.028693433855284133
27898,Neutral,0.7227322688113826,0.12471244444340329,0.15255528674521396
27899,Neutral,0.9599438641980287,0.01890771443946945,0.021148421362501918
27900,Neutral,0.9682478379843104,0.01865294690895637,0.013099215106733416
27901,Neutral,0.8028713070531209,0.06638211413057002,0.13074657881630902
27902,Neutral,0.6814979396604071,0.14520759205089967,0.17329446828869324
27903,Neutral,0.9761313460096709,0.015054510958989834,0.008814143031339207
27904,LOF,0.08235294168440876,0.16730920382365716,0.750337854491934
27905,Neutral,0.9519719656290219,0.014537447196330386,0.0334905871746478
27906,Neutral,0.9609850659326608,0.013767486672952916,0.02524744739438638
27907,Neutral,0.9546483783227283,0.02796364045904952,0.017387981218222208
27908,Neutral,0.7339470818647748,0.19734382937041886,0.06870908876480647
27909,LOF,0.02070716342682097,0.44064183770402476,0.5386509988691544
27910,Neutral,0.8414258492571267,0.02074909569878755,0.13782505504408585
27911,Neutral,0.9694983023745636,0.015507535543125683,0.014994162082310754
27912,LOF,0.3234520130162163,0.23529934744721145,0.4412486395365722
27913,Neutral,0.9650316515757904,0.01910569042847423,0.015862657995735475
27914,Neutral,0.9626834154518447,0.019073724149597772,0.018242860398557468
27915,Neutral,0.9818350262197711,0.008546510352270623,0.009618463427958125
27916,Neutral,0.8110573266410025,0.06904989772967567,0.11989277562932171
27917,Neutral,0.9470902446541711,0.023395423109658593,0.029514332236170428
27918,Neutral,0.9744790263304565,0.014707434299050292,0.010813539370493353
27919,Neutral,0.9296138686450544,0.031140417826303262,0.0392457135286425
27920,Neutral,0.9643843426260228,0.016427525006341915,0.019188132367635353
27921,Neutral,0.9162231208936982,0.02630031664843898,0.05747656245786291
27922,Neutral,0.9320696236683691,0.035946434496944686,0.031983941834686204
27923,Neutral,0.8849906546844717,0.003026134157119715,0.11198321115840852
27924,Neutral,0.8218806334848425,0.003650057194286637,0.17446930932087082
27925,Neutral,0.9610021076423877,0.01266391555768953,0.026333976799922627
27926,Neutral,0.9705585858723049,0.006424618065468835,0.023016796062226317
27927,Neutral,0.8640643163626485,0.0607011969590627,0.07523448667828868
27928,Neutral,0.976357671520008,0.01196724975545021,0.011675078724541798
27929,Neutral,0.8725934636179767,0.06830169833675191,0.05910483804527142
27930,Neutral,0.7676361791989277,0.06859590930721472,0.16376791149385764
27931,Neutral,0.9792100870090329,0.008310725309657992,0.012479187681309213
27932,Neutral,0.8199209439337636,0.05922492815485286,0.12085412791138364
27933,Neutral,0.7280619905454141,0.09435495804839113,0.17758305140619465
27934,Neutral,0.9313173995498378,0.029877128312389544,0.038805472137772676
27935,Neutral,0.8123766280359718,0.07101738975358252,0.11660598221044581
27936,Neutral,0.9731040447428071,0.01435046509451581,0.012545490162677139
27937,Neutral,0.9750589029743277,0.011212928924847433,0.013728168100824814
27938,Neutral,0.8812102948432123,0.07352661498346358,0.04526309017332388
27939,Neutral,0.6228281198791425,0.1495753346431207,0.22759654547773675
27940,Neutral,0.9733953257460806,0.017800171899845802,0.00880450235407367
27941,Neutral,0.9763657093376766,0.013632368292407498,0.010001922369915909
27942,Neutral,0.9167906751897931,0.043903041401135844,0.039306283409071
27943,Neutral,0.7945129136286593,0.09810298384364471,0.10738410252769601
27944,Neutral,0.9702995787244251,0.018931848940940812,0.01076857233463411
27945,Neutral,0.9540762074287416,0.022754973678673223,0.02316881889258514
27946,GOF,0.0504524787596378,0.6175213995443838,0.33202612169597845
27947,Neutral,0.9673693805192504,0.02281069493659279,0.009819924544156717
27948,LOF,0.10091948953896372,0.2827213198164746,0.6163591906445617
27949,Neutral,0.9698645549566365,0.021949134939547567,0.008186310103816008
27950,Neutral,0.4836580587409404,0.10632224644497262,0.41001969481408695
27951,Neutral,0.9730112995917503,0.01728651660464967,0.009702183803600046
27952,Neutral,0.8886767009352112,0.035792832179374845,0.07553046688541394
27953,Neutral,0.6869956018264034,0.2505920922786703,0.06241230589492626
27954,Neutral,0.9747625820358468,0.01682615736294381,0.00841126060120947
27955,Neutral,0.9470939424443661,0.037606739235809775,0.015299318319824088
27956,Neutral,0.9715841295113931,0.019624853772528063,0.008791016716078789
27957,LOF,0.14287882642820296,0.1834809081712486,0.6736402654005484
27958,Neutral,0.9483591040501932,0.036053808099304654,0.015587087850502186
27959,LOF,0.0909001541150204,0.15050678872571482,0.7585930571592647
27960,Neutral,0.9656674397509181,0.02357542713672273,0.010757133112359176
27961,Neutral,0.933812043861074,0.050372110321657566,0.015815845817268494
27962,Neutral,0.9696786218738154,0.019580071936981854,0.010741306189202642
27963,Neutral,0.8957974974928737,0.052070185593768754,0.05213231691335754
27964,Neutral,0.9642448170613758,0.027912985429751333,0.007842197508872911
27965,Neutral,0.9602550132631504,0.029201818507796462,0.010543168229053174
27966,Neutral,0.9209619450445198,0.03963012366875648,0.03940793128672375
27967,Neutral,0.9708946880424284,0.021653684588745514,0.007451627368826162
27968,LOF,0.261007926329588,0.2409379497826644,0.4980541238877476
27969,Neutral,0.955438722262022,0.028325571085948895,0.01623570665202913
27970,Neutral,0.9601308111792874,0.023962525425266883,0.01590666339544577
27971,Neutral,0.9668458962633134,0.022494995298651635,0.010659108438034874
27972,Neutral,0.9607230531491844,0.021711081907452936,0.017565864943362732
27973,Neutral,0.7418870230070117,0.027415654512452144,0.2306973224805361
27974,Neutral,0.4467299176114791,0.1117312938244459,0.4415387885640751
27975,LOF,0.09267026756091536,0.4078722278702308,0.49945750456885385
27976,LOF,0.06774267540203631,0.271383299282906,0.6608740253150577
27977,Neutral,0.9654194025427356,0.025524004429131105,0.00905659302813328
27978,Neutral,0.5362847797357806,0.16986354925594965,0.29385167100826964
27979,Neutral,0.9701084471111799,0.017113424252994988,0.012778128635825097
27980,Neutral,0.9677838997252842,0.022059717174432097,0.010156383100283549
27981,Neutral,0.4702133146095347,0.2812041178868269,0.24858256750363833
27982,Neutral,0.970245671756029,0.019870571564726255,0.009883756679244697
27983,LOF,0.3083129011039348,0.22689465737360268,0.4647924415224626
27984,LOF,0.016897429469470794,0.09932772849466028,0.8837748420358689
27985,Neutral,0.9711176762638702,0.019280201647384473,0.009602122088745472
27986,Neutral,0.9758157459599228,0.013301454666655468,0.01088279937342174
27987,Neutral,0.937044559385768,0.03551623436916088,0.027439206245071245
27988,Neutral,0.5761534774749598,0.23798196026519422,0.18586456225984604
27989,Neutral,0.7128620162376573,0.15182723258462966,0.1353107511777131
27990,Neutral,0.9595483572279975,0.02903890473365899,0.01141273803834346
27991,LOF,0.024554999198380306,0.09471487119963734,0.8807301296019824
27992,Neutral,0.9138229900287003,0.035853149954010344,0.0503238600172894
27993,GOF,0.08039796775666325,0.674280696972855,0.2453213352704818
27994,Neutral,0.9360799690504817,0.027483663516280704,0.036436367433237596
27995,Neutral,0.7800510621336741,0.0874744266495421,0.13247451121678386
27996,LOF,0.26518545566853385,0.3528664429769677,0.3819481013544985
27997,Neutral,0.8639193084122301,0.08234742334834748,0.053733268239422476
27998,Neutral,0.9450802938674024,0.04093511534315634,0.013984590789441241
27999,Neutral,0.8523903019764512,0.1175009993021768,0.030108698721372118
28000,Neutral,0.9694502830770787,0.020902731683444736,0.009646985239476453
28001,Neutral,0.793600663340954,0.167450618300256,0.03894871835879004
28002,Neutral,0.9697716287748775,0.016089129609917725,0.014139241615204709
28003,Neutral,0.9673480570798131,0.02341771492013655,0.009234228000050254
28004,Neutral,0.9497964602145544,0.024836898765516556,0.025366641019929068
28005,Neutral,0.9508346285861988,0.02851178015171002,0.020653591262091285
28006,Neutral,0.9750175052452198,0.016761547270005128,0.008220947484775165
28007,Neutral,0.9613652269345578,0.02658698301879795,0.012047790046644117
28008,Neutral,0.9692653814382456,0.021546063415530975,0.009188555146223392
28009,Neutral,0.9465788515089228,0.033083492771790346,0.0203376557192868
28010,Neutral,0.9711632936665382,0.01893275807938422,0.009903948254077545
28011,Neutral,0.959016749021166,0.020067012209059897,0.020916238769774245
28012,Neutral,0.8253489068678805,0.05604677878695332,0.11860431434516627
28013,Neutral,0.9546265978679299,0.033089329922230265,0.012284072209839974
28014,Neutral,0.959420722962676,0.025387144475452834,0.0151921325618712
28015,Neutral,0.9447402731340246,0.02793640033137262,0.027323326534602906
28016,Neutral,0.9686119185184462,0.02331997057667048,0.00806811090488329
28017,Neutral,0.9640630018275187,0.017176049421057337,0.01876094875142416
28018,Neutral,0.9641497386964847,0.025610517157593164,0.010239744145922087
28019,Neutral,0.9690671172337274,0.01807348362483151,0.012859399141441198
28020,Neutral,0.9654517674851182,0.023686984560436965,0.010861247954444677
28021,Neutral,0.9699730807310225,0.021226748426648588,0.00880017084232882
28022,Neutral,0.9631219113736009,0.02841696765089002,0.008461120975509119
28023,Neutral,0.9077127989233944,0.044389300171448764,0.04789790090515693
28024,Neutral,0.9421777168880271,0.04656835783612481,0.011253925275848148
28025,Neutral,0.8697496502378914,0.08878258119388008,0.04146776856822848
28026,Neutral,0.9697428338125758,0.024014667404340953,0.006242498783083253
28027,Neutral,0.9587978823562388,0.0367230263595861,0.004479091284175002
28028,Neutral,0.9783175641968086,0.006839013773754013,0.014843422029437366
28029,Neutral,0.8305511064215312,0.07904791147450417,0.09040098210396472
28030,Neutral,0.76869970199705,0.11259244430290598,0.11870785370004405
28031,Neutral,0.9511001756749701,0.02201289930606143,0.026886925018968603
28032,Neutral,0.9751157351608609,0.00820638794892597,0.016677876890213023
28033,Neutral,0.9768213876707961,0.008780840760913448,0.014397771568290415
28034,Neutral,0.9374364661684784,0.01644732119365254,0.046116212637868956
28035,Neutral,0.49353414863683265,0.1468114721864876,0.35965437917667986
28036,Neutral,0.7749495533482871,0.042058637716573304,0.1829918089351396
28037,Neutral,0.9704860807218325,0.012365380128073852,0.01714853915009349
28038,Neutral,0.9574191209596546,0.012048220254303273,0.03053265878604203
28039,Neutral,0.9752513549840104,0.010449008324136849,0.014299636691852908
28040,Neutral,0.738468006278338,0.09163415360929528,0.1698978401123667
28041,Neutral,0.7576831809074007,0.07430229438007654,0.1680145247125228
28042,Neutral,0.9338604631863604,0.03223892914556729,0.03390060766807228
28043,Neutral,0.5141735503467562,0.08401534798315792,0.40181110167008594
28044,Neutral,0.9680565022197343,0.013478588739001082,0.018464909041264604
28045,Neutral,0.9753313377627983,0.015327870566912516,0.009340791670288999
28046,Neutral,0.9068598747345085,0.034463594490584684,0.058676530774906845
28047,Neutral,0.7265123202286391,0.05761909497770227,0.21586858479365867
28048,Neutral,0.7716300145357321,0.06820976116574166,0.16016022429852633
28049,Neutral,0.9821563664073961,0.004244292511911352,0.013599341080692587
28050,Neutral,0.9648837671746787,0.015529584922152926,0.01958664790316828
28051,Neutral,0.9801824392640178,0.006648209932323933,0.013169350803658223
28052,Neutral,0.9822108798101548,0.00600966029730756,0.011779459892537772
28053,Neutral,0.9133206188482949,0.006122336881379568,0.0805570442703254
28054,Neutral,0.9750447057381676,0.00848057876403241,0.016474715497800076
28055,Neutral,0.9413603775578072,0.018695383668797284,0.03994423877339535
28056,Neutral,0.9839127317144305,0.004835197251271218,0.011252071034298084
28057,Neutral,0.9780246196117867,0.0069042741122183416,0.015071106275995208
28058,Neutral,0.9206863475744894,0.013750524434216389,0.06556312799129412
28059,Neutral,0.9870367081679067,0.004163010065887875,0.008800281766205438
28060,Neutral,0.7462386560403363,0.029499969076934376,0.22426137488272924
28061,Neutral,0.8008311424572563,0.01650330274171635,0.18266555480102736
28062,Neutral,0.9815508085305877,0.005932107237906804,0.012517084231505285
28063,Neutral,0.9825133895423257,0.003821960101626621,0.013664650356047702
28064,Neutral,0.9760474230322802,0.006261863107873026,0.01769071385984664
28065,Neutral,0.9846143487972618,0.005627953306383062,0.009757697896355017
28066,Neutral,0.9820653469263336,0.004215380665618019,0.013719272408048362
28067,Neutral,0.9866958314958763,0.004194103079510282,0.009110065424613605
28068,Neutral,0.8741583001845193,0.06979019543417785,0.056051504381302776
28069,Neutral,0.881287404223775,0.028967322529276137,0.08974527324694886
28070,Neutral,0.9739878085256672,0.009836096246152974,0.016176095228179786
28071,Neutral,0.9461554258513099,0.006444673874073738,0.04739990027461642
28072,Neutral,0.9769447948753411,0.007874701652974393,0.015180503471684547
28073,Neutral,0.8930725944917184,0.06346185562014786,0.043465549888133684
28074,Neutral,0.9829659836793059,0.004458754549265726,0.012575261771428412
28075,Neutral,0.9153392798543106,0.008533546919541573,0.07612717322614788
28076,Neutral,0.9416407481327933,0.008573344049861391,0.04978590781734531
28077,GOF,0.260608698110895,0.6180006254614894,0.12139067642761572
28078,Neutral,0.9744549834501406,0.011721147671895056,0.01382386887796435
28079,Neutral,0.8723601362066392,0.08254933040807151,0.04509053338528912
28080,Neutral,0.6059898293813516,0.20710280336496434,0.18690736725368404
28081,Neutral,0.9680539645261591,0.021920415691986897,0.010025619781853781
28082,Neutral,0.8669300523066349,0.0534112231487168,0.07965872454464844
28083,Neutral,0.6443447946770017,0.11815646764281594,0.23749873768018243
28084,Neutral,0.8967044110267562,0.059950562582513856,0.04334502639072974
28085,Neutral,0.9428333609730575,0.03073698734090441,0.02642965168603817
28086,LOF,0.1842025750862191,0.0908318440198573,0.7249655808939236
28087,LOF,0.20840832182659175,0.11052853388777122,0.6810631442856371
28088,LOF,0.18638373452810691,0.11368469092699483,0.6999315745448983
28089,Neutral,0.9383907657755632,0.04029349761715936,0.02131573660727738
28090,LOF,0.07023314160279483,0.1392790494258487,0.7904878089713565
28091,Neutral,0.8783637746750149,0.0729336333329602,0.04870259199202478
28092,Neutral,0.8668089614522844,0.0596469309901397,0.07354410755757587
28093,Neutral,0.6266488702004924,0.23543988139239333,0.13791124840711427
28094,LOF,0.3203578278199523,0.16943204123952288,0.5102101309405248
28095,Neutral,0.7317630868957224,0.12732413625869624,0.14091277684558134
28096,LOF,0.1527624823184295,0.29550708466150477,0.5517304330200656
28097,Neutral,0.8300320186638405,0.0912340425493063,0.07873393878685311
28098,Neutral,0.9182931931975903,0.02459807168584194,0.05710873511656784
28099,Neutral,0.751614356529901,0.07257922668896818,0.17580641678113068
28100,Neutral,0.9300832834123942,0.03299543949397886,0.036921277093627025
28101,Neutral,0.9379545267551029,0.02787241295834016,0.03417306028655691
28102,Neutral,0.48736160170221865,0.17781030954108085,0.3348280887567006
28103,Neutral,0.9415779730655923,0.038430066867077,0.019991960067330786
28104,Neutral,0.5760278108188016,0.0912371058580809,0.3327350833231175
28105,LOF,0.0770659729408785,0.14752142514241862,0.7754126019167028
28106,Neutral,0.8605619148171579,0.09319178964561448,0.04624629553722756
28107,LOF,0.10434520940519765,0.21595578944299035,0.6796990011518119
28108,Neutral,0.5108064218072301,0.14895831417046043,0.34023526402230936
28109,Neutral,0.8328583538292816,0.09604979392266433,0.07109185224805405
28110,Neutral,0.7840827560169514,0.09744806901721852,0.11846917496582988
28111,Neutral,0.9312499162947523,0.03273268718584503,0.03601739651940264
28112,LOF,0.3787018489118898,0.22063966809245117,0.40065848299565904
28113,Neutral,0.484247870134539,0.1755131563766782,0.34023897348878285
28114,Neutral,0.8506365023602498,0.0754916673168071,0.07387183032294317
28115,Neutral,0.6122264104863054,0.16255448374202175,0.22521910577167295
28116,Neutral,0.3799318672095487,0.2731037313450992,0.34696440144535207
28117,Neutral,0.9222630753555323,0.03602706435930563,0.041709860285162124
28118,Neutral,0.9159440013197782,0.04139183401181842,0.04266416466840327
28119,Neutral,0.9334789151740273,0.02953802389828882,0.036983060927684004
28120,Neutral,0.8785567631832915,0.05678630242884816,0.06465693438786035
28121,Neutral,0.6653066825551428,0.1370940119043147,0.19759930554054242
28122,Neutral,0.5842046749251578,0.11539506340224698,0.30040026167259526
28123,Neutral,0.8752977188223059,0.08114320523766683,0.043559075940027454
28124,Neutral,0.9348548337091387,0.03349073592543023,0.031654430365431044
28125,Neutral,0.6737459543378703,0.17006443328119072,0.15618961238093879
28126,Neutral,0.8876397539343857,0.05116175862455969,0.06119848744105453
28127,Neutral,0.635571522866248,0.0888532849262335,0.27557519220751864
28128,Neutral,0.8407406724594607,0.07455365238663128,0.08470567515390807
28129,Neutral,0.9403714080887345,0.03277411262219833,0.026854479289067004
28130,Neutral,0.93334041494416,0.034941006293665304,0.03171857876217459
28131,LOF,0.027537208062013447,0.39716072895838517,0.5753020629796014
28132,Neutral,0.9280199657314654,0.026957773657775963,0.04502226061075865
28133,Neutral,0.9362403914846636,0.04132644613483823,0.02243316238049809
28134,Neutral,0.4286289708831654,0.16890485194178373,0.40246617717505084
28135,Neutral,0.9089199385917002,0.026601490029772253,0.06447857137852755
28136,Neutral,0.8249960921482228,0.07737883253584121,0.09762507531593591
28137,Neutral,0.8575307587871783,0.05508978673595632,0.0873794544768654
28138,Neutral,0.8507920454294032,0.04913827596517541,0.10006967860542128
28139,Neutral,0.6496192633626413,0.17153578074138456,0.178844955895974
28140,Neutral,0.8298859794654966,0.08680682243797636,0.08330719809652702
28141,Neutral,0.9301588749667018,0.021977704131568278,0.04786342090172999
28142,LOF,0.11664542136831554,0.32789881912231134,0.5554557595093731
28143,Neutral,0.9492210211697744,0.02787160755617207,0.02290737127405351
28144,Neutral,0.831799338115832,0.05979528373284779,0.10840537815132023
28145,Neutral,0.5247740963456152,0.16489386845620396,0.3103320351981808
28146,Neutral,0.9163361774511448,0.03721773457166115,0.04644608797719378
28147,Neutral,0.9316493797723839,0.03923084659902415,0.029119773628592
28148,Neutral,0.9600161389709613,0.026944792128649312,0.013039068900389507
28149,LOF,0.0056429662297946045,0.20136625346660492,0.7929907803036006
28150,Neutral,0.90530588109954,0.07207392964377739,0.022620189256682594
28151,Neutral,0.9377822287859157,0.0495266737215423,0.012691097492541903
28152,Neutral,0.9530015392883235,0.03593783117535649,0.011060629536319942
28153,Neutral,0.9617504402728663,0.02459671110502065,0.01365284862211308
28154,Neutral,0.6432137541643224,0.2693273631212646,0.08745888271441292
28155,Neutral,0.902373236081023,0.07035905871167833,0.02726770520729873
28156,Neutral,0.8013363380219609,0.13993632460626923,0.058727337371769814
28157,Neutral,0.9602923097843079,0.026785448110941294,0.012922242104750806
28158,Neutral,0.8236870926627609,0.04445837761503203,0.1318545297222071
28159,Neutral,0.9414220673503161,0.040391694997066116,0.01818623765261763
28160,Neutral,0.9629232440788227,0.008629226549074795,0.02844752937210247
28161,Neutral,0.940823362694983,0.012805122209619142,0.046371515095397935
28162,Neutral,0.9599819513395543,0.011735383856862673,0.02828266480358299
28163,Neutral,0.8525199244614033,0.023347618719310306,0.1241324568192863
28164,Neutral,0.929500985114019,0.00967992680450994,0.06081908808147091
28165,Neutral,0.8628468593700686,0.01875600842799939,0.11839713220193204
28166,Neutral,0.9767916274700605,0.010675096382013504,0.012533276147926134
28167,Neutral,0.6079503956194032,0.06971518328866189,0.3223344210919349
28168,LOF,0.04338381906388207,0.1547883189236625,0.8018278620124554
28169,Neutral,0.9710537126003386,0.01943654981286859,0.009509737586792752
28170,Neutral,0.9635360070235154,0.021733680521781394,0.014730312454703123
28171,Neutral,0.9656753385115397,0.013322795977035024,0.021001865511425317
28172,Neutral,0.6297058349601654,0.16576230194281746,0.20453186309701712
28173,Neutral,0.9320704962643058,0.02874763122920746,0.03918187250648684
28174,Neutral,0.950109937082203,0.012820253100900656,0.03706980981689627
28175,Neutral,0.7664746163975861,0.16129334905510256,0.07223203454731124
28176,Neutral,0.961291293484489,0.023299773225716917,0.01540893328979401
28177,Neutral,0.952004992334928,0.019998702478544364,0.027996305186527633
28178,Neutral,0.885190828788187,0.011962070111411312,0.10284710110040156
28179,Neutral,0.7913817214708792,0.04321907812375666,0.1653992004053641
28180,Neutral,0.9542834162887924,0.01733474410815345,0.02838183960305428
28181,Neutral,0.9087554788261972,0.03770027026491528,0.05354425090888747
28182,LOF,0.3990426990744724,0.011732946512293526,0.5892243544132341
28183,Neutral,0.8120696689932666,0.012819254555868886,0.17511107645086454
28184,Neutral,0.9608946833784126,0.006760737908712739,0.03234457871287463
28185,Neutral,0.9717966539939493,0.014544838389329557,0.013658507616721143
28186,Neutral,0.6385301658859015,0.14273348674757422,0.2187363473665243
28187,Neutral,0.9632068710955981,0.019979756574998765,0.01681337232940303
28188,Neutral,0.9711671709366574,0.014256740463855807,0.014576088599486905
28189,Neutral,0.9027545014508328,0.05328025105866666,0.0439652474905007
28190,Neutral,0.6721007910036596,0.036647047638726823,0.29125216135761367
28191,Neutral,0.5619635899269388,0.22091655212604014,0.21711985794702096
28192,Neutral,0.47243735911355916,0.2029388344531839,0.32462380643325695
28193,Neutral,0.8844622205545323,0.035020412928112164,0.08051736651735561
28194,Neutral,0.951768379294299,0.029129414249633966,0.01910220645606698
28195,Neutral,0.5964877443009322,0.15755212296409885,0.24596013273496883
28196,LOF,0.1337898132513514,0.1598130219852461,0.7063971647634025
28197,Neutral,0.9089904458997193,0.05003381414973138,0.040975739950549206
28198,LOF,0.008945641529464393,0.1736082023365054,0.8174461561340303
28199,LOF,0.07514389656522771,0.2738002794316141,0.6510558240031582
28200,Neutral,0.8973504064901077,0.046942283984370836,0.05570730952552155
28201,LOF,0.05556408484365272,0.18540948395758391,0.7590264311987633
28202,Neutral,0.9300754402266184,0.04159500117623879,0.028329558597142795
28203,Neutral,0.9466347673201493,0.0287642262906854,0.024601006389165278
28204,LOF,0.32317325040932166,0.22252888759285774,0.45429786199782063
28205,Neutral,0.8869120921086754,0.07525843114996521,0.03782947674135956
28206,Neutral,0.7264649840430989,0.053365165193336846,0.22016985076356416
28207,Neutral,0.6135837365668767,0.10559172937750447,0.2808245340556188
28208,Neutral,0.9800926092698223,0.006553399384035695,0.01335399134614204
28209,Neutral,0.9819505455901861,0.006259673058537994,0.011789781351275846
28210,Neutral,0.9515897365303168,0.005054233736260971,0.04335602973342235
28211,Neutral,0.9810982719079758,0.004508820705052065,0.014392907386972029
28212,Neutral,0.9715017454536611,0.005290357198773971,0.02320789734756508
28213,Neutral,0.9269565280044005,0.012095250767097197,0.060948221228502235
28214,Neutral,0.8412959348616267,0.026151807136429665,0.13255225800194365
28215,Neutral,0.9653635137889496,0.009538508457788654,0.025097977753261797
28216,Neutral,0.8686640377993989,0.02422269133061821,0.1071132708699829
28217,Neutral,0.9573759558274954,0.00963560383523375,0.032988440337270934
28218,Neutral,0.6789613331246236,0.1119927556550887,0.2090459112202876
28219,Neutral,0.5185497595158864,0.01956088114390849,0.4618893593402051
28220,Neutral,0.970103776878417,0.004901052422355411,0.024995170699227673
28221,Neutral,0.9812847890265017,0.00453005239763811,0.014185158575860174
28222,Neutral,0.9562269270779438,0.009260354892960343,0.03451271802909613
28223,Neutral,0.9621432914863749,0.00782413500607625,0.030032573507548826
28224,LOF,0.038073354504813375,0.020354735719939957,0.9415719097752467
28225,Neutral,0.9356705419020994,0.010030131031867647,0.05429932706603294
28226,Neutral,0.9632030213581202,0.006406432665866185,0.030390545976013577
28227,Neutral,0.9641456464380228,0.014201311531937764,0.021653042030039527
28228,Neutral,0.9534242688490244,0.007913076830448765,0.03866265432052683
28229,Neutral,0.9413670784847958,0.01628651508956572,0.04234640642563848
28230,Neutral,0.9366389121528703,0.0203132930855187,0.043047794761610865
28231,Neutral,0.927889904202594,0.005315620610880616,0.06679447518652547
28232,Neutral,0.953403026074699,0.011887690788780953,0.03470928313652012
28233,Neutral,0.9225936132112236,0.01808185841038697,0.05932452837838944
28234,Neutral,0.9774903416872346,0.005253350030263679,0.017256308282501683
28235,Neutral,0.9678334675562132,0.010734254478200382,0.02143227796558649
28236,Neutral,0.88007303404152,0.021537515919395085,0.09838945003908486
28237,Neutral,0.977723913555898,0.004281119078852509,0.017994967365249477
28238,Neutral,0.8822952426570826,0.019883116606604915,0.09782164073631239
28239,Neutral,0.974945464827734,0.005300332866618544,0.019754202305647554
28240,Neutral,0.9346095007879982,0.015736526681644034,0.04965397253035773
28241,Neutral,0.954853750638785,0.013498463334271401,0.031647786026943535
28242,Neutral,0.960019075694404,0.012813128190305879,0.02716779611529027
28243,Neutral,0.9789008086818339,0.005300723690885885,0.015798467627280398
28244,Neutral,0.9368900580984127,0.007467832787689463,0.05564210911389788
28245,Neutral,0.9235952225813883,0.0178213006459541,0.05858347677265765
28246,Neutral,0.9659799588445238,0.009576594683370852,0.024443446472105224
28247,Neutral,0.5341533125164627,0.01092982619630839,0.45491686128722886
28248,Neutral,0.9213429326444366,0.0180017610853065,0.06065530627025701
28249,Neutral,0.9664763076632537,0.009294369975185792,0.024229322361560515
28250,Neutral,0.9795114744123228,0.005064371215066007,0.015424154372611262
28251,Neutral,0.9487018978118407,0.013443200170284884,0.03785490201787434
28252,Neutral,0.9787942461849269,0.005047731758560436,0.016158022056512625
28253,Neutral,0.9606627050609774,0.030650191068587032,0.008687103870435614
28254,Neutral,0.8829133171320702,0.09157184198587809,0.025514840882051668
28255,Neutral,0.9578445166873893,0.021086616105703723,0.021068867206906976
28256,Neutral,0.9075439938798942,0.024431597161338317,0.06802440895876755
28257,Neutral,0.7797897041728079,0.14228965756798936,0.07792063825920283
28258,Neutral,0.9244178119926837,0.03915274916041037,0.036429438846905915
28259,Neutral,0.9810808229409959,0.004282413692626732,0.014636763366377521
28260,Neutral,0.8414410974092614,0.012344698666714173,0.14621420392402434
28261,Neutral,0.9833510705362123,0.003396129376550484,0.013252800087237337
28262,Neutral,0.9835601581088664,0.0031972231667867523,0.013242618724346861
28263,Neutral,0.8485523128524363,0.01159616806065291,0.1398515190869108
28264,Neutral,0.9863736877495416,0.00266389976149747,0.010962412488960897
28265,Neutral,0.9845481157176315,0.0026613335942661364,0.012790550688102451
28266,Neutral,0.9675264487622648,0.003341521066290174,0.029132030171445035
28267,Neutral,0.9473193264814271,0.005038798744546704,0.047641874774026156
28268,Neutral,0.9662382226001621,0.0034365414274376903,0.03032523597240026
28269,Neutral,0.9775036344019145,0.008353697707320243,0.014142667890765154
28270,Neutral,0.9835358336843404,0.006743752773085673,0.009720413542573973
28271,Neutral,0.6012759493067418,0.03703249216432941,0.36169155852892887
28272,Neutral,0.9761466979715382,0.006267679037702101,0.01758562299075975
28273,Neutral,0.9581385102620841,0.006848475074528626,0.03501301466338728
28274,Neutral,0.9546673024698276,0.007380544605817121,0.03795215292435532
28275,Neutral,0.9742723217242111,0.006695227627486289,0.01903245064830257
28276,Neutral,0.9749030727104927,0.006245068463138638,0.018851858826368556
28277,Neutral,0.5171302362447691,0.02769463860652626,0.4551751251487046
28278,Neutral,0.9729783930687836,0.006565121083213414,0.02045648584800303
28279,Neutral,0.972944393173904,0.006570302087023447,0.020485304739072504
28280,Neutral,0.8346462066212512,0.01811881124177255,0.14723498213697628
28281,Neutral,0.9774041370607297,0.005599524896828119,0.016996338042442143
28282,Neutral,0.9745320429162843,0.00629026514481539,0.01917769193890029
28283,LOF,0.03624888000108165,0.09928493649503443,0.8644661835038839
28284,Neutral,0.9636249674627776,0.008653567119419144,0.02772146541780341
28285,Neutral,0.9545444524029283,0.008205494890256416,0.03725005270681529
28286,Neutral,0.9571285401154227,0.010140964155743375,0.032730495728833964
28287,Neutral,0.9767286811270226,0.005924654723139897,0.017346664149837633
28288,Neutral,0.7158241801549562,0.020187766228807844,0.2639880536162359
28289,Neutral,0.9774048084437348,0.005599687498510302,0.016995504057754966
28290,Neutral,0.9254770144863516,0.024154422537336375,0.050368562976312134
28291,Neutral,0.9772080343721965,0.005819413308481904,0.01697255231932173
28292,Neutral,0.9754857999903936,0.005823029965918144,0.018691170043688376
28293,Neutral,0.9742723217242111,0.006695227627486289,0.01903245064830257
28294,Neutral,0.9769959825077528,0.0057071036622742335,0.017296913829972914
28295,Neutral,0.9751653105972141,0.0068517001088160764,0.01798298929396981
28296,Neutral,0.9755605537829233,0.005607085081215254,0.018832361135861356
28297,Neutral,0.9732174923976372,0.006244038802062786,0.020538468800299928
28298,LOF,0.34013612281307054,0.018387319692314223,0.6414765574946153
28299,Neutral,0.97244005319417,0.0074168210815403245,0.020143125724289595
28300,Neutral,0.9778852239328426,0.005624700011631178,0.01649007605552614
28301,Neutral,0.9276687030071817,0.006039751998625841,0.06629154499419254
28302,Neutral,0.9760340169074767,0.00568222149743187,0.01828376159509131
28303,Neutral,0.9744055922947179,0.0060078793326544195,0.01958652837262778
28304,Neutral,0.7890535367637128,0.04674224615267739,0.16420421708360972
28305,Neutral,0.9599346589481841,0.008355829121631114,0.031709511930184765
28306,Neutral,0.975211806981688,0.0059339908385105215,0.018854202179801605
28307,Neutral,0.9742706577736224,0.00574660408389214,0.019982738142485336
28308,Neutral,0.9099480035075547,0.011351129422668893,0.0787008670697766
28309,Neutral,0.9733021910297873,0.006560210358794026,0.020137598611418582
28310,Neutral,0.9712754784601679,0.00765345055630164,0.021071070983530327
28311,Neutral,0.8737433044290235,0.022364136045981715,0.10389255952499485
28312,LOF,0.3739262146257599,0.03149349501093621,0.594580290363304
28313,Neutral,0.7775166336926708,0.016328672689421744,0.2061546936179074
28314,Neutral,0.9769983944643815,0.005739052326009,0.017262553209609507
28315,Neutral,0.7093501133958935,0.021061564254978758,0.26958832234912766
28316,Neutral,0.9759105578446239,0.0062892120242025356,0.017800230131173513
28317,Neutral,0.9768693024938089,0.005962132289478487,0.017168565216712776
28318,Neutral,0.8448770531218891,0.01594918402042804,0.13917376285768285
28319,Neutral,0.643148037424024,0.035528380001112456,0.3213235825748634
28320,Neutral,0.668337122626255,0.015318059519525315,0.3163448178542197
28321,Neutral,0.9774039160847809,0.005599579657309273,0.01699650425790974
28322,Neutral,0.9766697685334097,0.006986750661103166,0.01634348080548713
28323,Neutral,0.7890535367637128,0.04674224615267739,0.16420421708360972
28324,Neutral,0.9766143776132491,0.0055889169572677,0.017796705429483185
28325,Neutral,0.9787477539303544,0.00576578469919526,0.015486461370450432
28326,Neutral,0.9686761586194628,0.006915003116502258,0.024408838264034973
28327,Neutral,0.9768352226578733,0.006431976632277963,0.016732800709848672
28328,Neutral,0.9554506449547364,0.0071378859082665575,0.03741146913699691
28329,LOF,0.2564932241015143,0.059994647220398795,0.6835121286780869
28330,Neutral,0.7342042953674419,0.02049236960416276,0.2453033350283954
28331,Neutral,0.9619636804000358,0.007670346851621201,0.03036597274834285
28332,LOF,0.09002235508951024,0.033752198240057915,0.8762254466704319
28333,Neutral,0.9722962793112032,0.006121555335218204,0.021582165353578705
28334,Neutral,0.9743249875189254,0.006129723653965163,0.01954528882710943
28335,LOF,0.10783491844712413,0.16881466081046442,0.7233504207424114
28336,Neutral,0.9329023004767747,0.019787528379049645,0.047310171144175524
28337,Neutral,0.8671386590103216,0.01929200293501816,0.11356933805466027
28338,Neutral,0.8604002197091233,0.008680303470711293,0.13091947682016544
28339,Neutral,0.9799782862071343,0.006124196464188292,0.013897517328677235
28340,Neutral,0.9765607705260837,0.007282353876628684,0.016156875597287686
28341,Neutral,0.9606772436848336,0.010605286076717738,0.028717470238448606
28342,Neutral,0.9449217320127747,0.018098993488749132,0.036979274498475954
28343,Neutral,0.8088414342669631,0.040937505459591954,0.15022106027344492
28344,Neutral,0.9585287718138537,0.007277581066726189,0.03419364711941995
28345,Neutral,0.9581571616129555,0.00900486546449738,0.03283797292254719
28346,Neutral,0.9766530829671657,0.006623473336600668,0.016723443696233648
28347,Neutral,0.9463730335299101,0.008191175310115758,0.04543579115997411
28348,Neutral,0.6561108722349454,0.04478791308763977,0.29910121467741485
28349,Neutral,0.6548538260825796,0.0351811882645192,0.30996498565290115
28350,Neutral,0.7860255998869218,0.025235982664369182,0.18873841744870892
28351,LOF,0.15809596470180212,0.18989662573508212,0.6520074095631158
28352,Neutral,0.9629086035799032,0.009774095735167685,0.027317300684929127
28353,Neutral,0.5936366423654525,0.02739314650651383,0.3789702111280336
28354,Neutral,0.9445938505952541,0.015165452738901696,0.040240696665844254
28355,Neutral,0.9573198606421901,0.008756652689966874,0.03392348666784297
28356,Neutral,0.9753620396226745,0.008228471083141935,0.016409489294183444
28357,Neutral,0.9809803461053583,0.004067594415864162,0.014952059478777346
28358,Neutral,0.9524464212757628,0.0049641002304464015,0.04258947849379078
28359,Neutral,0.5852439268761087,0.07794342886530696,0.3368126442585842
28360,Neutral,0.9617742550121295,0.01419083466046424,0.024034910327406237
28361,LOF,0.4078501371064732,0.1651142600039686,0.4270356028895581
28362,Neutral,0.9134275807084206,0.03056843787947577,0.056003981412103644
28363,Neutral,0.8435863070772455,0.04276716995704162,0.11364652296571283
28364,Neutral,0.8622856670623509,0.012888806614997217,0.12482552632265195
28365,Neutral,0.9612292704150684,0.005534712691474314,0.03323601689345712
28366,Neutral,0.8776966960653124,0.035724888899782155,0.08657841503490554
28367,Neutral,0.5050667888438397,0.21215269271406273,0.2827805184420975
28368,Neutral,0.7172656130270958,0.03753883650457926,0.2451955504683249
28369,Neutral,0.9129233606422597,0.03738023838455617,0.049696400973183986
28370,Neutral,0.559594052710488,0.07180204660527807,0.368603900684234
28371,Neutral,0.9446877637642398,0.011495081937485425,0.04381715429827475
28372,Neutral,0.9669546588698731,0.004547980970124759,0.028497360160002077
28373,Neutral,0.8245622665821792,0.008061684312720741,0.1673760491050999
28374,Neutral,0.9588689522130703,0.00481915727694464,0.036311890509985
28375,Neutral,0.8003212607814124,0.03680921210604165,0.1628695271125459
28376,Neutral,0.9655927294296207,0.004815947407905836,0.029591323162473593
