feature0,prediction,LoGoFunc_Neutral,LoGoFunc_GOF,LoGoFunc_LOF
25546,Neutral,0.748875923709004,0.032258090274821086,0.21886598601617496
25547,Neutral,0.5840951160379202,0.07721504533754325,0.33868983862453655
25548,Neutral,0.5647696414661318,0.05620521148951109,0.37902514704435714
25549,Neutral,0.47758029610317115,0.056378362467790884,0.46604134142903797
25550,LOF,0.34187175215135607,0.11359849322194299,0.544529754626701
25551,LOF,0.2831357283377537,0.12606153631151712,0.5908027353507292
25552,LOF,0.19921015990809746,0.12384761432556829,0.6769422257663342
25553,Neutral,0.8283269646338366,0.032683621396403205,0.13898941396976014
25554,LOF,0.2257794502774929,0.11404276696719373,0.6601777827553134
25555,LOF,0.1876302248551595,0.09537697768402488,0.7169927974608156
25556,LOF,0.39661827434944735,0.09559744449516103,0.5077842811553916
25557,LOF,0.17965095580243676,0.10317911593144066,0.7171699282661225
25558,LOF,0.21872184546362855,0.11691857077244068,0.6643595837639307
25559,LOF,0.3803830848796172,0.08271390807359748,0.5369030070467853
25560,LOF,0.05347216557585174,0.18301276770478875,0.7635150667193596
25561,LOF,0.10184652111889422,0.21378981763901772,0.6843636612420881
25562,LOF,0.10585767607140667,0.08337683013801576,0.8107654937905776
25563,LOF,0.1084193818011051,0.09321641381288902,0.798364204386006
25564,LOF,0.16435589379852852,0.16408176992213225,0.6715623362793393
25565,LOF,0.14787952444016259,0.13760440560707438,0.714516069952763
25566,GOF,0.013561685868743489,0.7860599849805939,0.20037832915066253
25567,LOF,0.01434102557687878,0.15285956181086752,0.8327994126122537
25568,LOF,0.05166647594047509,0.0682793409481028,0.8800541831114223
25569,LOF,0.0637721994489375,0.07163170358409313,0.8645960969669694
25570,LOF,0.06463700845628598,0.10445564607849608,0.8309073454652179
25571,LOF,0.06242514814612154,0.10137612520622158,0.8361987266476569
25572,LOF,0.0741457463510986,0.1431460140018379,0.7827082396470636
25573,LOF,0.030340150747031773,0.09967336299802812,0.8699864862549401
25574,LOF,0.01756594183145816,0.17854639710159137,0.8038876610669505
25575,LOF,0.049050899046216366,0.11592813567844455,0.8350209652753391
25576,LOF,0.021694032043451897,0.13148965579337535,0.8468163121631727
25577,LOF,0.01614420189085007,0.1516097109321708,0.8322460871769791
25578,LOF,0.23941562593100357,0.09695350437114555,0.6636308696978509
25579,LOF,0.23991005496532364,0.09610896962738648,0.66398097540729
25580,LOF,0.03542319279507696,0.08933119145468521,0.8752456157502378
25581,LOF,0.04969334085306774,0.07738033782741145,0.8729263213195209
25582,LOF,0.049389969983680164,0.0750404987113436,0.8755695313049763
25583,LOF,0.0442296653398137,0.10485986446182692,0.8509104701983594
25584,LOF,0.42958948598940766,0.10842487877249768,0.4619856352380945
25585,LOF,0.03774358229230878,0.12271568279570726,0.8395407349119841
25586,LOF,0.03637761197461067,0.08991043185327761,0.8737119561721118
25587,LOF,0.03523334474671284,0.0845824087758484,0.8801842464774388
25588,LOF,0.037027581853158936,0.11153951978145892,0.8514328983653823
25589,Neutral,0.6086468878853297,0.12139272226012583,0.2699603898545445
25590,LOF,0.02785291378276565,0.14419304066289637,0.8279540455543379
25591,LOF,0.1012182677126274,0.06559313433760461,0.833188597949768
25592,LOF,0.09509623779676497,0.14644876981955063,0.7584549923836845
25593,LOF,0.018109747501898716,0.27147710537765124,0.71041314712045
25594,LOF,0.03085645276050955,0.24310201601318218,0.7260415312263083
25595,LOF,0.04695085724401518,0.18538413407478055,0.7676650086812044
25596,LOF,0.057481537591518764,0.12702584417699017,0.8154926182314911
25597,LOF,0.05527704673934433,0.09592027870993643,0.8488026745507192
25598,LOF,0.037386981241954144,0.22905182159011167,0.7335611971679342
25599,GOF,0.006453588440017155,0.7832579119067853,0.2102884996531975
25600,GOF,0.009744318413962656,0.5853308479867494,0.40492483359928805
25601,LOF,0.007812043586496688,0.4846328795019285,0.5075550769115748
25602,LOF,0.020511617671912945,0.058859583583841815,0.9206287987442452
25603,LOF,0.03615951224528891,0.04131611506359373,0.9225243726911173
25604,LOF,0.05291160503749576,0.053332119169802066,0.8937562757927022
25605,LOF,0.010260542743628543,0.244192874752868,0.7455465825035035
25606,LOF,0.06765368101478487,0.4250061266755759,0.5073401923096391
25607,LOF,0.005068908913698611,0.15658654701109612,0.8383445440752053
25608,LOF,0.07094755700851502,0.045447116385602594,0.8836053266058824
25609,LOF,0.051569634305613295,0.3203501851960103,0.6280801804983764
25610,LOF,0.04167203933296099,0.035599660288667734,0.9227283003783714
25611,LOF,0.05058905502673171,0.03584481935854079,0.9135661256147274
25612,LOF,0.09328978711998258,0.057574196703060104,0.8491360161769572
25613,LOF,0.08263769973908745,0.052180125197246977,0.8651821750636656
25614,LOF,0.0356070899180159,0.04664679496136195,0.9177461151206222
25615,LOF,0.05565540869507357,0.041472479319155806,0.9028721119857706
25616,LOF,0.035060384119340246,0.04538666747314282,0.919552948407517
25617,LOF,0.034841754271640366,0.050994883927086086,0.9141633618012736
25618,LOF,0.2248272987905108,0.0444730008601149,0.7306997003493743
25619,LOF,0.0353639629181227,0.0413244827242832,0.923311554357594
25620,LOF,0.039725884792118124,0.051569434282614686,0.9087046809252671
25621,LOF,0.03183093599957166,0.04532832210881907,0.9228407418916091
25622,LOF,0.029054095942763113,0.051477940936638406,0.9194679631205985
25623,LOF,0.06295581412263108,0.041011955547077025,0.896032230330292
25624,LOF,0.02856007342228028,0.05150912700497191,0.9199307995727479
25625,LOF,0.033959506108405806,0.054736293553656265,0.9113042003379379
25626,LOF,0.0718637654444631,0.038503447777991855,0.889632786777545
25627,Neutral,0.5774722254857441,0.11904049242640827,0.30348728208784775
25628,LOF,0.1762334134192171,0.060975572943268025,0.7627910136375149
25629,LOF,0.0628870095534591,0.1310018910597139,0.806111099386827
25630,LOF,0.18653335558789658,0.10560855557492549,0.707858088837178
25631,Neutral,0.5972494317981215,0.089873898483922,0.31287666971795647
25632,LOF,0.023675099307675796,0.09035989797249251,0.8859650027198317
25633,LOF,0.24384525880304048,0.09641622060940096,0.6597385205875586
25634,LOF,0.037318138842096914,0.11409827717376661,0.8485835839841365
25635,LOF,0.04613200514686449,0.09722790394197472,0.8566400909111608
25636,GOF,0.005290348177118388,0.5150911450016636,0.479618506821218
25637,LOF,0.004638889474416578,0.48730000454863137,0.508061105976952
25638,LOF,0.008338471851524242,0.3697060406874637,0.621955487461012
25639,LOF,0.005123075280631806,0.3727130314991232,0.622163893220245
25640,GOF,0.45036292334401556,0.5043951374975223,0.04524193915846212
25641,LOF,0.006883273184392462,0.3732654221123845,0.619851304703223
25642,LOF,0.2577187588469046,0.07875525334604176,0.6635259878070536
25643,LOF,0.21613199773639952,0.28553948201565427,0.49832852024794616
25644,LOF,0.030337019290213686,0.4587674045910774,0.5108955761187088
25645,LOF,0.023666906909495963,0.3661842768442124,0.6101488162462917
25646,LOF,0.021182583562211983,0.22431289743750957,0.7545045190002784
25647,LOF,0.021452245317791416,0.19121011259442547,0.7873376420877831
25648,LOF,0.01743964785650848,0.1988145495839529,0.7837458025595386
25649,LOF,0.01488088052721276,0.14549441666061866,0.8396247028121686
25650,LOF,0.05097711511124796,0.4189950914644993,0.5300277934242528
25651,LOF,0.0139869216145128,0.18093260917073575,0.8050804692147514
25652,LOF,0.019044898859601887,0.17876099553365507,0.8021941056067431
25653,LOF,0.09916294824485952,0.3142994042838112,0.5865376474713293
25654,LOF,0.016758866189803358,0.17764407210886243,0.8055970617013342
25655,LOF,0.11918769463248216,0.23293109372083137,0.6478812116466864
25656,LOF,0.057421561747340866,0.05943728138448624,0.883141156868173
25657,LOF,0.3002058339822182,0.026378430845087064,0.6734157351726947
25658,LOF,0.031135211195798124,0.07637201297302214,0.8924927758311798
25659,LOF,0.23590443391999702,0.05582693055194796,0.708268635528055
25660,LOF,0.0886105031839186,0.11416011809864816,0.7972293787174332
25661,LOF,0.07063662410165454,0.0795661883204017,0.8497971875779438
25662,LOF,0.03232569668372334,0.05233993547776031,0.9153343678385163
25663,LOF,0.040447110150903264,0.0824675975987891,0.8770852922503076
25664,LOF,0.029036740632180286,0.12042275022096369,0.850540509146856
25665,LOF,0.051806707536743414,0.05269100087569182,0.8955022915875648
25666,LOF,0.03541334193721439,0.19057037192489315,0.7740162861378925
25667,LOF,0.03196772632814621,0.06354295255864864,0.9044893211132051
25668,LOF,0.04023143702414255,0.06415885470355945,0.8956097082722979
25669,LOF,0.04692565269342949,0.10479161702480032,0.8482827302817701
25670,LOF,0.14614062527781602,0.1037393912728157,0.7501199834493683
25671,LOF,0.0409569159395804,0.06197491320334224,0.8970681708570774
25672,LOF,0.05285549951938037,0.0862544352956094,0.8608900651850102
25673,LOF,0.03493154624753311,0.08831234523964,0.8767561085128268
25674,LOF,0.026466047129095966,0.10068851220238141,0.8728454406685225
25675,LOF,0.0348922167064266,0.08516547833520377,0.8799423049583696
25676,LOF,0.03111795898206268,0.08069480459613478,0.8881872364218024
25677,LOF,0.08539427816651579,0.068603331678773,0.8460023901547111
25678,LOF,0.15313140282962595,0.05230090763816366,0.7945676895322105
25679,LOF,0.10563283528562212,0.08032639066343619,0.8140407740509417
25680,LOF,0.08356718355810629,0.10261019477532272,0.8138226216665709
25681,LOF,0.09260439064842842,0.09810693541715983,0.8092886739344118
25682,LOF,0.051642369712888284,0.08596111425884947,0.8623965160282623
25683,LOF,0.07403108122293177,0.11260597968421919,0.813362939092849
25684,LOF,0.06098846281565787,0.08017190540068557,0.8588396317836565
25685,LOF,0.1257251624602366,0.039880418306545415,0.834394419233218
25686,LOF,0.03434006661815341,0.08319523342557396,0.8824646999562726
25687,LOF,0.07221776728187576,0.0871678666768577,0.8406143660412666
25688,LOF,0.02197982459624365,0.15248990843603957,0.8255302669677167
25689,LOF,0.01610726019334201,0.08042285703873078,0.9034698827679273
25690,LOF,0.01780392423953788,0.10002908772144735,0.8821669880390148
25691,LOF,0.13866380447678225,0.1555477715497834,0.7057884239734343
25692,LOF,0.17313844287983707,0.02171452333997662,0.8051470337801864
25693,LOF,0.04414932626067024,0.1745305634302639,0.7813201103090659
25694,LOF,0.2526689584708613,0.013789358874432184,0.7335416826547065
25695,LOF,0.18372448842323186,0.018362277690066472,0.7979132338867017
25696,LOF,0.1638596207003198,0.01037731810596087,0.8257630611937192
25697,LOF,0.12176921846110095,0.0381613454017774,0.8400694361371216
25698,LOF,0.02772495507812724,0.3619410810464411,0.6103339638754316
25699,LOF,0.08549443580339779,0.0858869759526981,0.828618588243904
25700,LOF,0.03431331604360558,0.015471830821608723,0.9502148531347856
25701,LOF,0.016259210915618875,0.08528963028380945,0.8984511588005716
25702,GOF,0.025601384109724058,0.7709161563828122,0.20348245950746383
25703,LOF,0.016946303013139822,0.21543569025244652,0.7676180067344137
25704,LOF,0.1061025160370947,0.19039575458226393,0.7035017293806415
25705,LOF,0.0844736876057186,0.29125723267448794,0.6242690797197935
25706,GOF,0.030123892751679916,0.629486008678525,0.34039009856979513
25707,GOF,0.03343334175275313,0.6423802553759875,0.32418640287125927
25708,GOF,0.007452113137310874,0.6220303668333722,0.37051752002931687
25709,LOF,0.0226113536376381,0.10421281048539623,0.8731758358769657
25710,LOF,0.0049737961757828,0.2567661053076008,0.7382600985166163
25711,LOF,0.027659360540455803,0.16144052197428244,0.8109001174852617
25712,LOF,0.006138015881329464,0.33329436138832685,0.6605676227303436
25713,LOF,0.023293111101841502,0.14442332305426359,0.832283565843895
25714,LOF,0.024914770231753692,0.19563359552642987,0.7794516342418164
25715,LOF,0.026987897518647434,0.16543118924078262,0.8075809132405699
25716,LOF,0.008773523085998686,0.1694596371432474,0.8217668397707539
25717,LOF,0.0054765583073312545,0.18418009389331724,0.8103433477993515
25718,LOF,0.024662519697334226,0.11720916635963186,0.858128313943034
25719,LOF,0.033427623742720465,0.12834811500306031,0.8382242612542192
25720,LOF,0.03194151973355323,0.12461573961367944,0.8434427406527674
25721,LOF,0.028070400570159748,0.12027411815411047,0.8516554812757298
25722,LOF,0.017636827330495448,0.16551839040833044,0.8168447822611741
25723,LOF,0.027785714706616876,0.10496187436262112,0.8672524109307621
25724,LOF,0.025608068573739273,0.1926620207921373,0.7817299106341234
25725,LOF,0.029225436751924565,0.10919198059174362,0.8615825826563318
25726,LOF,0.01816799500847048,0.1391370619730268,0.8426949430185027
25727,LOF,0.024978710858576912,0.13744673906857535,0.8375745500728479
25728,LOF,0.02683444081168481,0.13575344872652598,0.8374121104617892
25729,LOF,0.02564555562553782,0.14568974142946944,0.8286647029449927
25730,LOF,0.028431513202725425,0.10684283866003678,0.8647256481372378
25731,LOF,0.009471242015225449,0.23375908710241394,0.7567696708823607
25732,LOF,0.02166461827969522,0.128977845776696,0.8493575359436086
25733,LOF,0.03317954097745155,0.12673810132445762,0.8400823576980908
25734,LOF,0.005747611293361865,0.31066099699464017,0.683591391711998
25735,LOF,0.02311916906358705,0.1123758152647635,0.8645050156716494
25736,LOF,0.021490448499772597,0.17008241998140916,0.8084271315188182
25737,LOF,0.04779396925616284,0.1598740516302282,0.792331979113609
25738,LOF,0.02195809889862326,0.20558779531960664,0.77245410578177
25739,LOF,0.02617242713396766,0.1731836384893684,0.8006439343766638
25740,LOF,0.027922867450201734,0.18398942278223415,0.788087709767564
25741,LOF,0.03384326109652904,0.15980387870561769,0.8063528601978533
25742,LOF,0.045868321194136814,0.16276370830176792,0.7913679705040952
25743,LOF,0.012552938142831751,0.03075617021614338,0.9566908916410249
25744,LOF,0.17821320574612354,0.3079881210690556,0.5137986731848209
25745,LOF,0.0330408257560794,0.09405705793566001,0.8729021163082606
25746,LOF,0.01551813787498546,0.13675229388886603,0.8477295682361485
25747,LOF,0.04203284377768255,0.03561806082996479,0.9223490953923528
25748,LOF,0.2843825399205582,0.061670907079753506,0.6539465529996883
25749,LOF,0.01284819029738968,0.07435887168733017,0.9127929380152802
25750,LOF,0.01868603328193986,0.07561393887626183,0.9057000278417983
25751,LOF,0.04546226526011092,0.06038026314810363,0.8941574715917855
25752,GOF,0.09532331290195607,0.6955808913401087,0.2090957957579352
25753,LOF,0.006964497607843168,0.3947887138184672,0.5982467885736896
25754,GOF,0.007365657690148105,0.8725879751000334,0.12004636720981844
25755,LOF,0.006484619788219671,0.4278443701214196,0.5656710100903607
25756,LOF,0.030728505478826083,0.43117336065272327,0.5380981338684506
25757,GOF,0.0076030997112872725,0.8557650756804835,0.13663182460822915
25758,GOF,0.008747729581355411,0.8621640435594174,0.1290882268592272
25759,GOF,0.00584105312277633,0.6067907008983403,0.3873682459788834
25760,LOF,0.00548347641797329,0.31545122148873783,0.6790653020932889
25761,GOF,0.04868359562700526,0.8365231816799793,0.11479322269301533
25762,LOF,0.03439823392292115,0.3654705574687185,0.6001312086083604
25763,LOF,0.006227419957600431,0.27923648634528386,0.7145360936971158
25764,GOF,0.056143577511006494,0.6156241144526796,0.32823230803631387
25765,GOF,0.007723643314460532,0.8494552641541943,0.1428210925313453
25766,GOF,0.04669373064102333,0.8138527521625362,0.13945351719644047
25767,GOF,0.014519380776997522,0.559933391794911,0.42554722742809153
25768,LOF,0.048873719847021525,0.06464931895281645,0.8864769612001621
25769,LOF,0.03416713377279334,0.06951883592412199,0.8963140303030847
25770,LOF,0.12350144950539806,0.06393896378728603,0.812559586707316
25771,LOF,0.016080826182008498,0.051213595516517524,0.9327055783014739
25772,LOF,0.030002539687697737,0.021574240845648438,0.9484232194666539
25773,LOF,0.021458434244462105,0.04795648196710811,0.9305850837884299
25774,LOF,0.024891678968911948,0.09647883301838675,0.8786294880127012
25775,LOF,0.019985540947876364,0.032080783645406556,0.9479336754067171
25776,LOF,0.034166068056338726,0.018873985212203764,0.9469599467314574
25777,LOF,0.12086081235414774,0.05914577281344405,0.8199934148324083
25778,LOF,0.023753022095333465,0.04670513610089316,0.9295418418037734
25779,GOF,0.04457422306108225,0.8893340608781904,0.06609171606072743
25780,GOF,0.07678271013321493,0.871776633241773,0.05144065662501209
25781,GOF,0.029589912365247946,0.863682546310723,0.10672754132402902
25782,GOF,0.031925379294233315,0.8914921940805944,0.07658242662517231
25783,GOF,0.030009542515049503,0.917107219565878,0.05288323791907233
25784,GOF,0.08542002336081175,0.8648579139235798,0.04972206271560851
25785,GOF,0.09913107342239864,0.8639792618321146,0.03688966474548661
25786,GOF,0.010130981530241574,0.8791792132411963,0.11068980522856213
25787,GOF,0.2167206578156223,0.7413062171472756,0.04197312503710202
25788,LOF,0.017416539677178614,0.18433242410694897,0.7982510362158725
25789,GOF,0.017527233509679586,0.8501983666702582,0.13227439982006228
25790,GOF,0.027240845961275247,0.890411407861345,0.08234774617737983
25791,GOF,0.024390074829542523,0.7753804024688657,0.20022952270159178
25792,GOF,0.027425898611172526,0.8139760362042057,0.1585980651846218
25793,GOF,0.06418744817148542,0.8493524233003847,0.08646012852812979
25794,GOF,0.04048410523534623,0.7685987537755737,0.19091714098908014
25795,GOF,0.050433423323377614,0.7472782884984284,0.2022882881781941
25796,GOF,0.10348552792837624,0.804453569978484,0.09206090209313979
25797,GOF,0.07739370643135067,0.761394439171038,0.16121185439761143
25798,GOF,0.006767644290474704,0.7431171267432765,0.2501152289662489
25799,GOF,0.004240959672699609,0.6953963727272511,0.3003626676000493
25800,GOF,0.027443183033309747,0.8412567054750415,0.13130011149164886
25801,GOF,0.020432036421870848,0.9040456930491845,0.07552227052894452
25802,GOF,0.03134762860941752,0.8065751644764485,0.1620772069141338
25803,GOF,0.021223223896250087,0.7101356923247365,0.26864108377901347
25804,GOF,0.032552328163829185,0.7653600603966063,0.20208761143956455
25805,GOF,0.03136156577502054,0.7800029220982276,0.18863551212675186
25806,GOF,0.04095555037709732,0.7844760717708635,0.17456837785203913
25807,GOF,0.011368134986260513,0.7371026305724361,0.2515292344413035
25808,GOF,0.02162450775620571,0.7594570413879886,0.21891845085580575
25809,GOF,0.011032495162126822,0.7132654339616651,0.27570207087620807
25810,GOF,0.009162533939693372,0.6997820761399102,0.29105538992039653
25811,GOF,0.05847367226303471,0.8726725726035697,0.06885375513339544
25812,GOF,0.028420382874846887,0.7860769774401749,0.18550263968497813
25813,GOF,0.13628165525523814,0.7856262324963385,0.07809211224842341
25814,GOF,0.029535565048356242,0.8067486543004795,0.16371578065116432
25815,GOF,0.05673584635783025,0.8473471419548565,0.09591701168731322
25816,GOF,0.008896537005457504,0.8602441960397419,0.13085926695480057
25817,GOF,0.09960714174796052,0.81024274768683,0.09015011056520937
25818,GOF,0.02954937250530156,0.7926092925858368,0.17784133490886178
25819,GOF,0.04767827171286192,0.7559302840256046,0.19639144426153346
25820,GOF,0.040348048120572896,0.6971868252864273,0.26246512659299986
25821,GOF,0.027775390023352216,0.728469117649075,0.24375549232757276
25822,GOF,0.05216212974958599,0.7449894717253137,0.2028483985251004
25823,GOF,0.029080009338261294,0.7263208151273183,0.24459917553442054
25824,GOF,0.029118800279288266,0.7909732624901945,0.17990793723051723
25825,GOF,0.024068330804337408,0.7788005175414165,0.19713115165424602
25826,GOF,0.010435682097554721,0.7330920579542102,0.256472259948235
25827,GOF,0.014248712272516194,0.6974093741633605,0.2883419135641233
25828,GOF,0.011221232846063198,0.7386304559313842,0.25014831122255254
25829,GOF,0.004112480726771061,0.6798831306522422,0.31600438862098673
25830,GOF,0.041204236813117,0.49435494915668116,0.4644408140302019
25831,GOF,0.059641351796457506,0.8211461484798296,0.11921249972371281
25832,GOF,0.010804349376320972,0.7584387612201393,0.23075688940353972
25833,GOF,0.03674862548550934,0.8216652444106377,0.14158613010385293
25834,GOF,0.011180156477414478,0.7645636996485246,0.224256143874061
25835,GOF,0.024511762617834176,0.8350952147467684,0.14039302263539744
25836,GOF,0.007498119098771575,0.7599901117214208,0.2325117691798076
25837,GOF,0.010096617068115396,0.7737864070571129,0.2161169758747718
25838,GOF,0.02799217564674685,0.8352042770953904,0.1368035472578628
25839,GOF,0.08256506380013,0.796624447701819,0.12081048849805116
25840,GOF,0.09569897494354207,0.7814606669122289,0.12284035814422901
25841,GOF,0.09499282497775187,0.8120556188941407,0.09295155612810749
25842,GOF,0.03194691086823413,0.8739035299283582,0.09414955920340783
25843,GOF,0.03148145221430169,0.8813442755137637,0.08717427227193462
25844,GOF,0.023657838206718695,0.83991256752681,0.1364295942664714
25845,GOF,0.007248371696612627,0.7451325556473634,0.24761907265602398
25846,GOF,0.08473194454653524,0.8299971603681753,0.08527089508528962
25847,GOF,0.020526594083697714,0.8804797201462122,0.09899368577008995
25848,GOF,0.02835929412156259,0.839713825451596,0.1319268804268415
25849,GOF,0.008585640438461675,0.8139007291719974,0.1775136303895409
25850,GOF,0.007349241975317907,0.7325742807740517,0.26007647725063027
25851,GOF,0.00699666943575554,0.6835557062884853,0.3094476242757591
25852,GOF,0.15753042665193695,0.5831882243991201,0.25928134894894295
25853,GOF,0.06444267978326258,0.8195119552601122,0.11604536495662525
25854,GOF,0.0061532776703399315,0.6987540530738344,0.29509266925582567
25855,GOF,0.021370981174925915,0.6810888874543563,0.29754013137071794
25856,GOF,0.03939119459506995,0.7613039017337827,0.19930490367114725
25857,GOF,0.02039943560339097,0.6901537720642223,0.2894467923323867
25858,GOF,0.010550328135076236,0.6872740048275288,0.3021756670373949
25859,GOF,0.0075298074453508885,0.6723245500546445,0.3201456425000046
25860,GOF,0.0753739276374956,0.7930474744108015,0.13157859795170287
25861,GOF,0.09860867159081715,0.8002489685669546,0.10114235984222815
25862,GOF,0.026859482643183573,0.8829071371547572,0.09023338020205904
25863,GOF,0.024440071230960658,0.8852285258458829,0.09033140292315643
25864,GOF,0.058856095204760366,0.8792323412592193,0.06191156353602034
25865,GOF,0.04830815559873045,0.8577105775425828,0.09398126685868659
25866,GOF,0.024476796316906926,0.8693897108337388,0.10613349284935418
25867,GOF,0.04446320432942156,0.8672700515407804,0.08826674412979811
25868,GOF,0.0706223563699143,0.8144192880462043,0.11495835558388137
25869,GOF,0.3546701239813582,0.5499371266303185,0.09539274938832326
25870,GOF,0.07461426095912228,0.54201382667398,0.3833719123668977
25871,GOF,0.01090047899065386,0.8371207211497526,0.15197879985959378
25872,GOF,0.02337684660233665,0.8309626897841089,0.14566046361355453
25873,GOF,0.02353189532510485,0.8711090205821537,0.10535908409274145
25874,LOF,0.01793265329359966,0.20499933333365478,0.7770680133727457
25875,LOF,0.03684206902646536,0.05323479619920362,0.909923134774331
25876,LOF,0.022361265459636726,0.048571333381824185,0.929067401158539
25877,LOF,0.12415066469970346,0.10190255238541417,0.7739467829148823
25878,LOF,0.0867792840944467,0.12916052261594305,0.7840601932896103
25879,LOF,0.015395551460859717,0.09966868959344526,0.884935758945695
25880,LOF,0.07323827951507715,0.017341680066200345,0.9094200404187224
25881,Neutral,0.5754375987537929,0.08905318277534365,0.33550921847086346
25882,LOF,0.07894596871246083,0.02798298845245729,0.8930710428350818
25883,LOF,0.028770981542545954,0.03109694830040874,0.9401320701570454
25884,LOF,0.02139501701943071,0.04436280428026661,0.9342421787003027
25885,LOF,0.1874405115558922,0.01426917792483992,0.7982903105192678
25886,LOF,0.27979518681437143,0.060823136413439206,0.6593816767721894
25887,LOF,0.12492883026524998,0.11715392256830238,0.7579172471664477
25888,LOF,0.007653207475701928,0.15758302160511317,0.834763770919185
25889,LOF,0.02865846642529402,0.04137962188998274,0.9299619116847232
25890,LOF,0.1906987563445295,0.055150526807408645,0.7541507168480619
25891,LOF,0.1120075352786347,0.02329247026267108,0.8646999944586943
25892,LOF,0.008428646212396368,0.03423666864788119,0.9573346851397224
25893,LOF,0.4040078159747036,0.009420139938287204,0.5865720440870092
25894,LOF,0.3822375590174008,0.006814720180334883,0.6109477208022643
25895,LOF,0.3186900293183533,0.013953065482042438,0.6673569051996043
25896,LOF,0.07106518069073098,0.03121276010413661,0.8977220592051325
25897,LOF,0.1179340721917068,0.012348362585944251,0.8697175652223489
25898,LOF,0.146622185688782,0.032678545012616696,0.8206992692986013
25899,LOF,0.40213810568525343,0.03496823659530265,0.5628936577194439
25900,LOF,0.48159634398380213,0.010170521146114888,0.508233134870083
25901,LOF,0.08216671462131808,0.012683184852960029,0.9051501005257219
25902,LOF,0.08703147745669954,0.014671017369087332,0.8982975051742131
25903,LOF,0.2823769902234201,0.026903098922305368,0.6907199108542746
25904,Neutral,0.4971056593342413,0.04057775340503007,0.46231658726072855
25905,LOF,0.006324652697107489,0.4462345164999338,0.5474408308029588
25906,LOF,0.010334192817597967,0.09283708935913441,0.8968287178232676
25907,LOF,0.009362154185730661,0.2942166827412041,0.6964211630730653
25908,LOF,0.009111531590626436,0.29857934164716193,0.6923091267622117
25909,LOF,0.03390025855343346,0.11624177669131681,0.8498579647552499
25910,LOF,0.012430078256178513,0.1403531326023693,0.8472167891414522
25911,LOF,0.20606646582335314,0.023074396721752384,0.7708591374548944
25912,LOF,0.0982113726659338,0.016840779672517812,0.8849478476615484
25913,LOF,0.023496272924007383,0.03200507272779251,0.9444986543482001
25914,LOF,0.04706759570296662,0.023708516932741567,0.9292238873642918
25915,LOF,0.24836459541426414,0.09590065835509057,0.6557347462306452
25916,LOF,0.024143639267883963,0.053812693658584404,0.9220436670735316
25917,LOF,0.08079537667024825,0.023978611484603906,0.8952260118451478
25918,LOF,0.045028632383758156,0.013548120248787349,0.9414232473674545
25919,LOF,0.03932859512206024,0.01376729738165187,0.9469041074962878
25920,LOF,0.33569750488458167,0.30160040385365944,0.36270209126175884
25921,LOF,0.01733465430664828,0.018876795754526925,0.9637885499388248
25922,LOF,0.015967325080233873,0.020655552422352834,0.9633771224974134
25923,LOF,0.4587090614687897,0.015402514193102394,0.525888424338108
25924,LOF,0.02852925891466615,0.028784086258820295,0.9426866548265136
25925,LOF,0.09749877349024112,0.030102649278598063,0.8723985772311609
25926,LOF,0.08365030974567601,0.018955161303805482,0.8973945289505184
25927,LOF,0.025213477774635392,0.05071455001043462,0.9240719722149299
25928,LOF,0.013387582723681034,0.0257825339307085,0.9608298833456104
25929,Neutral,0.585297220156378,0.01478235396015805,0.39992042588346394
25930,LOF,0.09349955703931657,0.014170463010375216,0.8923299799503082
25931,LOF,0.015547934838158965,0.017093349113949843,0.9673587160478911
25932,LOF,0.08409364071459546,0.017922452092375214,0.8979839071930295
25933,LOF,0.09074382057143317,0.010980901356744278,0.8982752780718226
25934,LOF,0.09012424991641525,0.00870684493643513,0.9011689051471496
25935,LOF,0.09033752159451386,0.027360617193224183,0.882301861212262
25936,LOF,0.11369615412801637,0.010383544872209112,0.8759203009997746
25937,LOF,0.022440774740358122,0.015581612457318544,0.9619776128023234
25938,LOF,0.09689052051266302,0.025790570600793556,0.8773189088865434
25939,LOF,0.07207262711015848,0.013545976291079509,0.914381396598762
25940,GOF,0.009375636671550785,0.5253249506946768,0.4652994126337725
25941,LOF,0.44439581545502793,0.046082012785128856,0.5095221717598433
25942,LOF,0.009319998223996444,0.05362800824307375,0.9370519935329298
25943,LOF,0.048695713997753305,0.16513715766328393,0.7861671283389629
25944,LOF,0.04074165905230731,0.08556243909509907,0.8736959018525936
25945,LOF,0.1703278847887512,0.024041911530831874,0.8056302036804168
25946,LOF,0.06764368467929477,0.03973470328770971,0.8926216120329955
25947,Neutral,0.4999858489309439,0.09624151042873413,0.4037726406403219
25948,LOF,0.36996935005357096,0.015495069246486384,0.6145355806999426
25949,LOF,0.13338099177145926,0.08646859278769412,0.7801504154408466
25950,GOF,0.12579810452352616,0.5863074094645038,0.2878944860119701
25951,LOF,0.017144743954668855,0.443034449271176,0.5398208067741551
25952,LOF,0.21204144954378906,0.2472978972153221,0.5406606532408889
25953,LOF,0.009441247137714532,0.35342121523863307,0.6371375376236523
25954,LOF,0.10815427985085353,0.44484238769579615,0.44700333245335044
25955,LOF,0.009689591265340415,0.2533019198371177,0.7370084888975419
25956,LOF,0.013473392063446683,0.3647025234467774,0.621824084489776
25957,LOF,0.14304023007663935,0.0411898775634234,0.8157698923599372
25958,LOF,0.03261154873102885,0.06076675272609118,0.9066216985428799
25959,GOF,0.006988328084851401,0.7760907319366921,0.21692093997845666
25960,LOF,0.004432157708911587,0.13599961238364888,0.8595682299074395
25961,LOF,0.029577382514213903,0.047257777211856575,0.9231648402739295
25962,LOF,0.03519303867340694,0.07198704872714133,0.8928199125994516
25963,LOF,0.007527777588824838,0.1246630254306549,0.8678091969805202
25964,LOF,0.04007423846521799,0.14781695769824882,0.8121088038365333
25965,LOF,0.24672453822365215,0.15340139686797494,0.5998740649083729
25966,LOF,0.33848332691270633,0.11246544973764264,0.549051223349651
25967,LOF,0.006057816754955567,0.0938749229580778,0.9000672602869666
25968,LOF,0.04089548873891977,0.2524790630128098,0.7066254482482704
25969,LOF,0.13985635567159901,0.0627655110503688,0.7973781332780322
25970,LOF,0.07411728895103059,0.07029298574989915,0.8555897252990702
25971,LOF,0.06550412091128854,0.032736297263036125,0.9017595818256754
25972,LOF,0.09080390226078643,0.059992850360367875,0.8492032473788457
25973,LOF,0.0592233816294962,0.014583170903140187,0.9261934474673637
25974,LOF,0.05213408732018292,0.051054887008696766,0.8968110256711203
25975,LOF,0.03552490063035676,0.01963549477980864,0.9448396045898346
25976,LOF,0.08717464229298845,0.013487815189180031,0.8993375425178315
25977,LOF,0.23925177982880566,0.05225512971253091,0.7084930904586635
25978,LOF,0.16922283439094166,0.12685764771654617,0.7039195178925122
25979,LOF,0.1433364925522345,0.14884303738917515,0.7078204700585904
25980,LOF,0.22145633514394275,0.19690883354816974,0.5816348313078875
25981,LOF,0.22262579285687384,0.19923615210214987,0.5781380550409763
25982,LOF,0.3675701994354953,0.11110664706527885,0.5213231534992259
25983,Neutral,0.44914374695009707,0.10840625462094644,0.44244999842895644
25984,LOF,0.06635629589022646,0.08188226914720498,0.8517614349625686
25985,Neutral,0.48222803457618174,0.12050807665431117,0.39726388876950697
25986,LOF,0.013712798460757238,0.4686919350709168,0.517595266468326
25987,LOF,0.0419462607544924,0.09332167383997161,0.864732065405536
25988,LOF,0.06055417210623254,0.13641765215226423,0.8030281757415032
25989,LOF,0.07381278566464221,0.20859259626353233,0.7175946180718255
25990,LOF,0.057993300167179025,0.3224250488588919,0.619581650973929
25991,LOF,0.02576076108214101,0.47674247761641675,0.4974967613014421
25992,LOF,0.016511376567122968,0.4224721899590981,0.5610164334737789
25993,LOF,0.021346126007989276,0.058585109218159355,0.9200687647738514
25994,LOF,0.02936124655809052,0.06144421922887303,0.9091945342130364
25995,LOF,0.020201279990127562,0.11131099180386674,0.8684877282060057
25996,Neutral,0.39260661190813245,0.3715554993200117,0.23583788877185588
25997,LOF,0.05309363605406634,0.4423139278610936,0.5045924360848401
25998,LOF,0.24578979480426907,0.04617621166870087,0.7080339935270301
25999,LOF,0.041690649343895984,0.12230679294250255,0.8360025577136014
26000,LOF,0.1332349974784727,0.014568763819037985,0.8521962387024892
26001,LOF,0.20783042045676017,0.021069248350983383,0.7711003311922564
26002,LOF,0.10381641204275617,0.027746259130327106,0.8684373288269166
26003,GOF,0.0060187434937157705,0.6209221378192663,0.3730591186870179
26004,GOF,0.012870545386851914,0.5818968104116502,0.4052326442014978
26005,LOF,0.004395239628192234,0.4699796493484155,0.5256251110233923
26006,GOF,0.09145974810794472,0.511729380619162,0.39681087127289333
26007,GOF,0.008384129525300208,0.504536633796098,0.48707923667860165
26008,GOF,0.005775718855198401,0.5799339411027712,0.41429034004203036
26009,GOF,0.010688648544542533,0.6397200745930391,0.3495912768624183
26010,GOF,0.007936755757108485,0.5623591437430561,0.4297041004998355
26011,LOF,0.004265456391891995,0.40516277090621367,0.5905717727018943
26012,GOF,0.004790608427426954,0.5641616291762412,0.43104776239633175
26013,GOF,0.010097696964526543,0.5755110259411821,0.41439127709429135
26014,LOF,0.04091134630776629,0.08370514935232126,0.8753835043399125
26015,LOF,0.3827109232294659,0.024984148590185076,0.592304928180349
26016,LOF,0.2871294311005317,0.03616920641724678,0.6767013624822215
26017,LOF,0.014680063874920003,0.18163652745791112,0.8036834086671688
26018,LOF,0.027818203150657167,0.08005056764080541,0.8921312292085374
26019,LOF,0.027357788295671787,0.07089496070879178,0.9017472509955364
26020,LOF,0.007063747452324055,0.18807529681480892,0.8048609557328671
26021,LOF,0.06469491749858931,0.07984838530157934,0.8554566971998313
26022,LOF,0.03527294094680523,0.03281742540247975,0.931909633650715
26023,LOF,0.021360307358330277,0.04734804720371823,0.9312916454379515
26024,LOF,0.03842020248000612,0.058354559359736144,0.9032252381602577
26025,LOF,0.11466907754356889,0.06460714355372454,0.8207237789027065
26026,LOF,0.10290550529253165,0.04674753745629019,0.8503469572511781
26027,LOF,0.028375513860565957,0.03053137844248462,0.9410931076969494
26028,LOF,0.0631400527584621,0.16748019370737022,0.7693797535341677
26029,LOF,0.02319096608429599,0.17180998491362143,0.8049990490020826
26030,LOF,0.13124918993743942,0.02499501377705451,0.8437557962855061
26031,LOF,0.010730491735827736,0.16305095580676657,0.8262185524574058
26032,LOF,0.03576025902961136,0.047218902103630285,0.9170208388667584
26033,LOF,0.037082592320193196,0.044925741768208606,0.9179916659115982
26034,LOF,0.015826017090647355,0.11865233716095396,0.8655216457483986
26035,LOF,0.010963921787144598,0.11941282147482003,0.8696232567380353
26036,LOF,0.010551067215728084,0.1015860167031061,0.8878629160811657
26037,LOF,0.01006197388482892,0.10578899436959173,0.8841490317455794
26038,LOF,0.03064916221760696,0.04136215414285374,0.9279886836395392
26039,LOF,0.028068576208956048,0.1455797725745855,0.8263516512164585
26040,LOF,0.08045068173187903,0.11613051262836549,0.8034188056397554
26041,LOF,0.011448704295105758,0.10734116092184577,0.8812101347830485
26042,LOF,0.010711408828334367,0.11001339602881718,0.8792751951428484
26043,LOF,0.030715993743478904,0.06787732977964206,0.9014066764768791
26044,LOF,0.006733989047475815,0.0508237798628703,0.942442231089654
26045,LOF,0.060831700447589024,0.15786012442336192,0.7813081751290492
26046,LOF,0.02747683091249602,0.04522981565317141,0.9272933534343325
26047,LOF,0.060395415173183656,0.04769800370398625,0.8919065811228301
26048,LOF,0.08357521172058886,0.018783760729264427,0.8976410275501466
26049,Neutral,0.9408362985064181,0.00649131526618673,0.05267238622739512
26050,Neutral,0.9082207910978793,0.007024398097308088,0.0847548108048124
26051,LOF,0.027133865247189363,0.0830843369107266,0.8897817978420841
26052,LOF,0.031096357905023683,0.06602458549837878,0.9028790565965976
26053,LOF,0.02123967463790529,0.1491145568107198,0.8296457685513748
26054,LOF,0.04794614749719208,0.03891104381595222,0.9131428086868556
26055,LOF,0.07108936496476077,0.03506582219108785,0.8938448128441514
26056,LOF,0.05881440127532136,0.04643416729934199,0.8947514314253365
26057,LOF,0.05951219659465943,0.02207411865780543,0.918413684747535
26058,LOF,0.06530103576710192,0.017130819045340185,0.9175681451875578
26059,LOF,0.20887776271337372,0.031126662914583735,0.7599955743720426
26060,LOF,0.014478611947539669,0.20394019697010737,0.7815811910823528
26061,LOF,0.010705980969054367,0.014617823206338915,0.9746761958246067
26062,LOF,0.00529953657419463,0.020313086770774775,0.9743873766550306
26063,LOF,0.048587085735069674,0.01515082055636633,0.9362620937085641
26064,LOF,0.015285826790668176,0.02183362379198819,0.9628805494173436
26065,LOF,0.06673701923314546,0.020904322462484085,0.9123586583043706
26066,LOF,0.04566212901248154,0.015374712840918918,0.9389631581465995
26067,LOF,0.05355528720023708,0.013613678956573366,0.9328310338431897
26068,LOF,0.05142131818683448,0.0396884539861905,0.908890227826975
26069,LOF,0.22084422250828967,0.028845306805496223,0.7503104706862141
26070,LOF,0.42879875841196635,0.01962359209016156,0.551577649497872
26071,LOF,0.05229359918417611,0.015891872199503318,0.9318145286163206
26072,LOF,0.006327149921088881,0.021984581876031487,0.9716882682028797
26073,LOF,0.04226097863905245,0.017887315941835846,0.9398517054191117
26074,Neutral,0.789483449679119,0.013963447858377871,0.19655310246250318
26075,LOF,0.04633580685420555,0.032014676672714855,0.9216495164730796
26076,LOF,0.04226376909690027,0.015727046026696907,0.9420091848764028
26077,LOF,0.1479201608680958,0.010756893812446138,0.8413229453194581
26078,LOF,0.006148748462228285,0.023459196824717848,0.9703920547130539
26079,LOF,0.05861586472954142,0.027031551460903445,0.9143525838095552
26080,LOF,0.05769699406465194,0.027144176249403698,0.9151588296859444
26081,LOF,0.04215238812498718,0.013029373035981432,0.9448182388390313
26082,LOF,0.005965895035463043,0.02064356969905292,0.9733905352654839
26083,LOF,0.1070599134520634,0.02701902027726195,0.8659210662706746
26084,LOF,0.12080303205844302,0.02439247290389725,0.8548044950376598
26085,LOF,0.10767669468892972,0.019795810084966815,0.8725274952261035
26086,LOF,0.03968721853682494,0.017768127912670725,0.9425446535505044
26087,LOF,0.040549176786333595,0.01611395676367481,0.9433368664499917
26088,LOF,0.0060724532948236145,0.03342875257388413,0.9604987941312921
26089,LOF,0.03940957398452571,0.039496221345447516,0.9210942046700268
26090,LOF,0.03945018451938651,0.03224105965948706,0.9283087558211265
26091,LOF,0.029395075002854196,0.012175119742700259,0.9584298052544455
26092,LOF,0.04733311149122139,0.012891919863108534,0.9397749686456701
26093,LOF,0.06350702670647855,0.00920455237520476,0.9272884209183168
26094,LOF,0.03478425086553184,0.010342242497060948,0.9548735066374072
26095,LOF,0.01872159397644597,0.024148360332463394,0.9571300456910906
26096,LOF,0.22898602905036022,0.00573044673975696,0.7652835242098828
26097,LOF,0.006055019732163526,0.05159565471967087,0.9423493255481655
26098,LOF,0.0953591796682654,0.025421737107378366,0.8792190832243562
26099,LOF,0.04394175521665641,0.028613935569208482,0.9274443092141351
26100,LOF,0.043922393714565654,0.028614515040988962,0.9274630912444453
26101,LOF,0.04909814856934233,0.04496415490943068,0.9059376965212269
26102,LOF,0.036550316624806525,0.023369889754325746,0.9400797936208677
26103,Neutral,0.8933459741396373,0.030986337181698503,0.07566768867866407
26104,LOF,0.053088544938070595,0.043586286729089395,0.9033251683328399
26105,LOF,0.23677193510434857,0.11447689360158379,0.6487511712940677
26106,LOF,0.3583748950641777,0.04329951647264119,0.5983255884631812
26107,LOF,0.020357304479366848,0.0648297080532876,0.9148129874673456
26108,LOF,0.21135803270312048,0.04615625322732144,0.7424857140695581
26109,LOF,0.05748087601778675,0.03671520182819731,0.9058039221540161
26110,LOF,0.40640295191425263,0.01364910982450832,0.5799479382612389
26111,LOF,0.06053871287104464,0.10546106744190797,0.8340002196870474
26112,LOF,0.06023113432258163,0.012393783962130254,0.9273750817152882
26113,LOF,0.12560762999246905,0.032929197490650854,0.8414631725168802
26114,LOF,0.09578613593303976,0.006291152269440101,0.8979227117975201
26115,LOF,0.022410620212383523,0.04611101901999498,0.9314783607676216
26116,LOF,0.09079646377159212,0.019820120989525916,0.889383415238882
26117,LOF,0.3402619855944052,0.05508234663191715,0.6046556677736776
26118,LOF,0.032955710022944396,0.024736421707062688,0.9423078682699929
26119,LOF,0.00484052017384857,0.123215073508951,0.8719444063172005
26120,LOF,0.028766290245935897,0.023727727986534886,0.9475059817675293
26121,LOF,0.0036282897359893726,0.16735597223093082,0.8290157380330798
