feature0,prediction,LoGoFunc_Neutral,LoGoFunc_GOF,LoGoFunc_LOF
25546,Neutral,0.7412872825309685,0.04003927327187927,0.21867344419715218
25547,Neutral,0.5807547683900851,0.08412774387190972,0.3351174877380052
25548,Neutral,0.605446501228318,0.06398609577626564,0.33056740299541626
25549,Neutral,0.526759728001696,0.062073394326490186,0.4111668776718137
25550,LOF,0.34565585736898424,0.1294945781153045,0.5248495645157112
25551,LOF,0.2801044216710927,0.1396992942596781,0.5801962840692292
25552,LOF,0.2097376888381489,0.13361686626732833,0.6566454448945227
25553,Neutral,0.8582039214351331,0.02944667275666888,0.11234940580819797
25554,LOF,0.24069492594121636,0.12623978037443614,0.6330652936843475
25555,LOF,0.20254305336754116,0.10996968002830468,0.687487266604154
25556,LOF,0.4390335723127449,0.10856305245212515,0.45240337523513
25557,LOF,0.1945121008110264,0.11546817413236904,0.6900197250566046
25558,LOF,0.22998143036149835,0.1251493501156772,0.6448692195228244
25559,LOF,0.33572211542035774,0.12995431128663484,0.5343235732930075
25560,LOF,0.06903005529442656,0.1518194491884649,0.7791504955171086
25561,LOF,0.15017061710750168,0.1417828809632122,0.7080465019292861
25562,LOF,0.08346693506377331,0.08263520047927873,0.8338978644569479
25563,LOF,0.09712171102878552,0.09025387778339813,0.8126244111878164
25564,LOF,0.17888975933466453,0.15217697722536175,0.6689332634399737
25565,LOF,0.14259234593151734,0.1332137981558725,0.7241938559126102
25566,GOF,0.01806070174355561,0.7695732633659447,0.21236603489049985
25567,LOF,0.016940143425203825,0.22913245872197147,0.7539273978528247
25568,LOF,0.05410140398181663,0.092862612057657,0.8530359839605264
25569,LOF,0.05949675870082956,0.09229589414521568,0.8482073471539548
25570,LOF,0.03220072479335249,0.13524214399303006,0.8325571312136175
25571,LOF,0.030350848609489244,0.13597389993925754,0.8336752514512532
25572,LOF,0.047022528546139974,0.15489279729895591,0.798084674154904
25573,LOF,0.03217912711390051,0.12737748153382616,0.8404433913522733
25574,LOF,0.01899238002636772,0.19800638742505267,0.7830012325485796
25575,LOF,0.024659155101244962,0.14381437829284358,0.8315264666059116
25576,LOF,0.014130456978101677,0.16469595978145865,0.8211735832404397
25577,LOF,0.011606104081809274,0.15049289580159494,0.8379010001165959
25578,LOF,0.28494220207973064,0.12139743811665737,0.593660359803612
25579,LOF,0.12930119715812716,0.14047316265542883,0.7302256401864441
25580,LOF,0.018320157372916725,0.11496288820373575,0.8667169544233474
25581,LOF,0.05132587927631821,0.0958077574020706,0.8528663633216113
25582,LOF,0.051161285481927124,0.09482434039557279,0.8540143741225001
25583,LOF,0.020235313155611827,0.12533111633383476,0.8544335705105535
25584,Neutral,0.5015756190293201,0.13980606978843135,0.3586183111822487
25585,LOF,0.018078893021011205,0.16990695950173781,0.8120141474772511
25586,LOF,0.016466523008556087,0.10496505888789254,0.8785684181035514
25587,LOF,0.017261319677057515,0.0993702652933265,0.8833684150296158
25588,LOF,0.017558176535916813,0.11863684010560481,0.8638049833584783
25589,Neutral,0.5976863191071423,0.1580723629150162,0.2442413179778415
25590,LOF,0.028840800260802733,0.15967882829201036,0.811480371447187
25591,LOF,0.0885388285416395,0.08929218298875254,0.8221689884696078
25592,LOF,0.05474359428453213,0.18372288802923825,0.7615335176862296
25593,LOF,0.022953719168014915,0.3292303800356224,0.6478159007963628
25594,LOF,0.04718705783423694,0.1522238285810774,0.8005891135846857
25595,LOF,0.057540939136102684,0.10971030863748425,0.832748752226413
25596,LOF,0.07633371147432243,0.07753757726839096,0.8461287112572866
25597,LOF,0.04635825052466951,0.07696947760320143,0.876672271872129
25598,LOF,0.049882837317113446,0.12288719353905486,0.8272299691438317
25599,GOF,0.0061031876772998815,0.6022765176941521,0.3916202946285479
25600,GOF,0.02137730721876568,0.6524434858968895,0.3261792068843448
25601,LOF,0.013669947098986342,0.4504659289745197,0.5358641239264939
25602,LOF,0.029085450144980585,0.03379373589420588,0.9371208139608135
25603,LOF,0.05059352698989226,0.016521409053132777,0.932885063956975
25604,LOF,0.02791205906480483,0.04918477416031242,0.9229031667748828
25605,LOF,0.008557364397204193,0.19548290524319817,0.7959597303595977
25606,LOF,0.11251897316215871,0.3381678218389038,0.5493132049989374
25607,LOF,0.004944334372261072,0.19685609962360298,0.7981995660041359
25608,LOF,0.023241600209201203,0.08522323470210545,0.8915351650886933
25609,LOF,0.06738854416987691,0.4262641050249654,0.5063473508051577
25610,LOF,0.01917081531680884,0.023607517115548,0.9572216675676433
25611,LOF,0.021026512056891006,0.02336346793777955,0.9556100200053294
25612,LOF,0.08890230386888869,0.03008839356426367,0.8810093025668477
25613,LOF,0.07701414499188942,0.031061734424381895,0.8919241205837287
25614,LOF,0.02394919146765568,0.02672946872221171,0.9493213398101326
25615,LOF,0.032136347365212856,0.036872700158794236,0.930990952475993
25616,LOF,0.055529854465704784,0.02539710233984264,0.9190730431944526
25617,LOF,0.05744489329133209,0.027734601928116435,0.9148205047805514
25618,LOF,0.0703353637003115,0.02974458544602406,0.8999200508536646
25619,LOF,0.017413743947920262,0.0289924547955281,0.9535938012565517
25620,LOF,0.07267359236541653,0.032160329370975745,0.8951660782636078
25621,LOF,0.036418355476757376,0.026327835222175452,0.9372538093010672
25622,LOF,0.046401215021805525,0.027600382791213036,0.9259984021869814
25623,LOF,0.06365077036331394,0.024783614031603642,0.9115656156050824
25624,LOF,0.021069916011894757,0.033422376584108036,0.9455077074039973
25625,LOF,0.04890959655606432,0.03617378219438841,0.9149166212495472
25626,LOF,0.07155581836671339,0.026754530220622477,0.9016896514126641
25627,Neutral,0.5772711736363976,0.11924467418548163,0.30348415217812086
25628,LOF,0.2025182932780159,0.050594081985122275,0.7468876247368618
25629,LOF,0.056198605951302945,0.06014407056828011,0.883657323480417
25630,LOF,0.14689337642552716,0.08919923004949527,0.7639073935249776
25631,Neutral,0.6288482826993257,0.05136466641131215,0.31978705088936227
25632,LOF,0.010849332910705457,0.12307398526384414,0.8660766818254504
25633,LOF,0.19676236548179887,0.07162118629631206,0.7316164482218891
25634,LOF,0.03285411232668652,0.10338783678891367,0.8637580508843998
25635,LOF,0.0272707858660671,0.0775412500210985,0.8951879641128343
25636,GOF,0.006170313360508035,0.6259060421205781,0.36792364451891385
25637,GOF,0.006280012318127192,0.6742957766163018,0.31942421106557106
25638,LOF,0.01105633821924331,0.35086391737766026,0.6380797444030963
25639,GOF,0.005715813889814949,0.5385864995146944,0.45569768659549065
25640,GOF,0.4534819605702248,0.4637616256704282,0.08275641375934696
25641,LOF,0.013907696929002901,0.33812488245407224,0.6479674206169249
25642,LOF,0.28784820267382033,0.06637190039635632,0.6457798969298233
25643,LOF,0.23320111863609758,0.20797733058297602,0.5588215507809264
25644,GOF,0.012602580254781254,0.512343540400958,0.4750538793442607
25645,LOF,0.010109653027601867,0.4590602439762893,0.5308301029961088
25646,LOF,0.016425563543061267,0.3131867288859131,0.6703877075710257
25647,LOF,0.012853355770597943,0.2650212117340186,0.7221254324953834
25648,LOF,0.012519448600345087,0.257877664385108,0.7296028870145469
25649,LOF,0.010023311181116063,0.17829916346948096,0.811677525349403
25650,LOF,0.018378086590210767,0.40180421854443793,0.5798176948653513
25651,LOF,0.007427131621067784,0.2639263808987881,0.728646487480144
25652,LOF,0.01200176805900717,0.23765932746643226,0.7503389044745605
25653,LOF,0.04232844673263545,0.3543807122155455,0.6032908410518191
25654,LOF,0.012792854988249577,0.15046309740003405,0.8367440476117164
25655,LOF,0.06121976282172282,0.4080945704173748,0.5306856667609025
25656,LOF,0.20464451491191293,0.04891741032034586,0.7464380747677412
25657,LOF,0.3415524312426805,0.026150515201826183,0.6322970535554933
25658,LOF,0.06630605711809101,0.07733758336643097,0.856356359515478
25659,LOF,0.410300501055222,0.07128249267870079,0.5184170062660773
25660,LOF,0.031729178423517586,0.09960424211580048,0.8686665794606819
25661,LOF,0.10639926644517834,0.06420911739583297,0.8293916161589886
25662,LOF,0.023900456365261828,0.048170562501445406,0.9279289811332927
25663,LOF,0.03377056838307373,0.0703706067732353,0.895858824843691
25664,LOF,0.05911664105119842,0.0870591410300009,0.8538242179188007
25665,LOF,0.0556660724376525,0.045778867470026116,0.8985550600923214
25666,LOF,0.058841478386115184,0.11703711274811802,0.8241214088657668
25667,LOF,0.07697520742850797,0.051118269636386895,0.8719065229351052
25668,LOF,0.028324190930095382,0.055757706381212635,0.915918102688692
25669,LOF,0.03072562773871277,0.07797372181546518,0.8913006504458222
25670,LOF,0.09265308829789179,0.1014999575429003,0.8058469541592079
25671,LOF,0.09859392545735245,0.046197191892595385,0.8552088826500522
25672,LOF,0.0639168878506378,0.06054226822916125,0.875540843920201
25673,LOF,0.046696689921563006,0.07353950176757494,0.8797638083108621
25674,LOF,0.04240624237166396,0.07549581583282491,0.882097941795511
25675,LOF,0.07065959279397833,0.06572922984883349,0.8636111773571881
25676,LOF,0.020865705545064967,0.06891391812521008,0.9102203763297249
25677,LOF,0.03052254996992414,0.07265450177748016,0.8968229482525958
25678,LOF,0.1969841869702067,0.04236659923351572,0.7606492137962776
25679,LOF,0.15471690910972788,0.07495400939194276,0.7703290814983293
25680,LOF,0.03338696933925316,0.11576563483434223,0.8508473958264047
25681,LOF,0.054053597265397706,0.10771206707755684,0.8382343356570455
25682,LOF,0.1201717939266786,0.08141084198209024,0.7984173640912312
25683,LOF,0.13166513839172952,0.09876194026238082,0.7695729213458897
25684,LOF,0.04740256884245794,0.08908656445515532,0.8635108667023867
25685,LOF,0.15056651364921134,0.05216203141347476,0.797271454937314
25686,LOF,0.03551191168728218,0.10978388056591214,0.8547042077468057
25687,LOF,0.03801571661615327,0.09628406354246986,0.8657002198413769
25688,LOF,0.03451298936569647,0.09012485479666107,0.8753621558376423
25689,LOF,0.025115409102372883,0.08631521869312334,0.8885693722045037
25690,LOF,0.027459255820771012,0.08478508604003214,0.887755658139197
25691,LOF,0.24994022991129036,0.10574911345557429,0.6443106566331352
25692,LOF,0.3554794767342797,0.009982046502566136,0.6345384767631541
25693,LOF,0.08980663251930339,0.1747379179033109,0.7354554495773857
25694,LOF,0.26199442341782564,0.01789246821337056,0.7201131083688038
25695,LOF,0.17867822685489096,0.024045144658640383,0.7972766284864686
25696,LOF,0.15824986819132222,0.011218047772451351,0.8305320840362266
25697,LOF,0.16977661638730493,0.025695764196752825,0.8045276194159423
25698,LOF,0.04542035653000008,0.41449439554720796,0.5400852479227919
25699,LOF,0.07245200779642741,0.08836873489690433,0.8391792573066682
25700,LOF,0.06551256456322979,0.00945344764666176,0.9250339877901084
25701,LOF,0.015595549125740115,0.07299416453594126,0.9114102863383186
25702,GOF,0.026208266727009644,0.7365274650184582,0.23726426825453217
25703,LOF,0.010512434002675972,0.1878500478407692,0.8016375181565548
25704,LOF,0.04174248693704654,0.16620803116702393,0.7920494818959295
25705,LOF,0.05025062386286569,0.23319681934155506,0.7165525567955793
25706,GOF,0.0398054364880072,0.5988757267665572,0.36131883674543563
25707,GOF,0.022127731070766984,0.511697873222545,0.466174395706688
25708,LOF,0.006815635687419967,0.4302703144789936,0.5629140498335865
25709,LOF,0.05323469208003073,0.05772329061005911,0.8890420173099101
25710,LOF,0.007059800894400562,0.17284641488123456,0.8200937842243649
25711,LOF,0.01822032832903964,0.11136884897892556,0.8704108226920347
25712,LOF,0.00977099299657185,0.20517628823008238,0.7850527187733459
25713,LOF,0.016823326909148496,0.0924798551518046,0.8906968179390469
25714,LOF,0.06244888719569759,0.11169993377070625,0.8258511790335962
25715,LOF,0.012969220035173566,0.11993807546033128,0.8670927045044952
25716,LOF,0.008290112804273577,0.12087289453558421,0.8708369926601421
25717,LOF,0.006125239477097936,0.11449824350534019,0.8793765170175618
25718,LOF,0.013441367457589719,0.07521479984506409,0.9113438326973462
25719,LOF,0.022095177874048022,0.0864435473334469,0.891461274792505
25720,LOF,0.021854869965946055,0.08055911108278893,0.8975860189512649
25721,LOF,0.01594897819204052,0.09666507557365586,0.8873859462343036
25722,LOF,0.013011013681612414,0.1295882061574386,0.8574007801609489
25723,LOF,0.018479611926828204,0.06387852505654469,0.9176418630166272
25724,LOF,0.02225644092356562,0.09537953513914925,0.8823640239372852
25725,LOF,0.013446345366377895,0.06982578324391785,0.9167278713897042
25726,LOF,0.011046170861033919,0.09922349152813045,0.8897303376108356
25727,LOF,0.014042358575546705,0.08779533166068913,0.8981623097637641
25728,LOF,0.01188909385107191,0.10514180870596188,0.8829690974429661
25729,LOF,0.012257671453553911,0.10909983536822214,0.878642493178224
25730,LOF,0.01303747574185424,0.08892506545953506,0.8980374587986109
25731,LOF,0.011074280169138931,0.14422047827447224,0.8447052415563888
25732,LOF,0.012743294163640093,0.0926769560660017,0.8945797497703583
25733,LOF,0.018120920509220616,0.07520302119302731,0.906676058297752
25734,LOF,0.006254186211251496,0.17879050278573413,0.8149553110030143
25735,LOF,0.014417251713549193,0.07602339288114913,0.9095593554053016
25736,LOF,0.013728734196878945,0.1111870925382313,0.8750841732648896
25737,LOF,0.025198025938327658,0.08970475812705149,0.8850972159346209
25738,LOF,0.014270288187195236,0.13013469796814758,0.8555950138446573
25739,LOF,0.019602245360764346,0.10737933147545867,0.8730184231637769
25740,LOF,0.030473336131430422,0.11830027747364287,0.8512263863949266
25741,LOF,0.015633299302398165,0.1014336296991864,0.8829330709984154
25742,LOF,0.10083811450465878,0.09565092934855146,0.8035109561467897
25743,LOF,0.014933524051366488,0.04765064647541398,0.9374158294732196
25744,GOF,0.21458764981414144,0.45230655867433833,0.3331057915115202
25745,LOF,0.022676493081721392,0.07117177461505568,0.9061517323032229
25746,LOF,0.011915077610819568,0.08494592853534844,0.903138993853832
25747,LOF,0.024212511735143626,0.04237983957120746,0.933407648693649
25748,LOF,0.14380122271059967,0.07059759121017734,0.785601186079223
25749,LOF,0.011706335228995826,0.05823964962193266,0.9300540151490715
25750,LOF,0.026646209273297323,0.08314117341187512,0.8902126173148277
25751,LOF,0.09682809969745618,0.06950656319784981,0.8336653371046939
25752,GOF,0.09163792639658745,0.6486725982856529,0.25968947531775965
25753,LOF,0.011018531946623755,0.37661626190977987,0.6123652061435965
25754,GOF,0.004533207181718884,0.8387330072256393,0.1567337855926419
25755,LOF,0.014166483789675452,0.42907355150495685,0.5567599647053676
25756,LOF,0.05095726058743792,0.4292720960492691,0.519770643363293
25757,GOF,0.0059845895870416785,0.8522315005229931,0.1417839098899652
25758,GOF,0.0065547417644358395,0.8388621097592622,0.15458314847630214
25759,GOF,0.004407598231723645,0.5582977464623203,0.437294655305956
25760,LOF,0.006975681664302056,0.3056546744758704,0.6873696438598275
25761,GOF,0.04424400519130717,0.8402797640741106,0.11547623073458209
25762,LOF,0.03204280293613716,0.3677623928134532,0.6001948042504096
25763,LOF,0.007376668183633505,0.2645194701809873,0.7281038616353791
25764,GOF,0.09472126730325593,0.5772822844422064,0.32799644825453755
25765,GOF,0.010667711015831563,0.8305138778772122,0.1588184111069562
25766,GOF,0.025377486897759,0.8298375802789588,0.14478493282328228
25767,LOF,0.023548102255993155,0.45599835638428327,0.5204535413597235
25768,LOF,0.07706594186446517,0.06825617042395707,0.8546778877115777
25769,LOF,0.07110832709646396,0.06463113785047035,0.8642605350530657
25770,LOF,0.13613146103366708,0.06330137367748169,0.8005671652888512
25771,LOF,0.02143573966435485,0.07247056361089424,0.9060936967247508
25772,LOF,0.014580081638534519,0.028491300014645952,0.9569286183468196
25773,LOF,0.018838142109644664,0.07491943627551993,0.9062424216148354
25774,LOF,0.02539601347472385,0.08631636893079499,0.8882876175944812
25775,LOF,0.028907138578767776,0.042914426487940735,0.9281784349332916
25776,LOF,0.0764136363590159,0.024042103866258026,0.8995442597747262
25777,LOF,0.17430142326911963,0.0747128299618325,0.7509857467690478
25778,LOF,0.06477389077750169,0.044584076490904415,0.8906420327315939
25779,GOF,0.05083933007159766,0.8894754737991605,0.05968519612924172
25780,GOF,0.05618666459284711,0.8729720341264552,0.07084130128069775
25781,GOF,0.02313332990426807,0.8750991129901021,0.10176755710562993
25782,GOF,0.025400800079996226,0.9006035097585037,0.07399569016150012
25783,GOF,0.01430109351360593,0.7239663873262837,0.2617325191601102
25784,GOF,0.14264356051240892,0.8148733050892838,0.042483134398307275
25785,GOF,0.0576349463972901,0.8966645426131119,0.04570051098959802
25786,GOF,0.004559060082174686,0.813057473381054,0.18238346653677123
25787,GOF,0.15559784094851645,0.8083763427227396,0.03602581632874412
25788,LOF,0.04543962144864056,0.15233380392854834,0.8022265746228111
25789,GOF,0.030297203109322702,0.8656085675124374,0.10409422937823984
25790,GOF,0.0329514560094783,0.8804862253099938,0.0865623186805279
25791,GOF,0.02527520659072684,0.847279699700371,0.12744509370890217
25792,GOF,0.03999613551469478,0.8505363206139541,0.10946754387135106
25793,GOF,0.08986478071632781,0.8137560492910489,0.0963791699926234
25794,GOF,0.08100346943403454,0.7552952829618459,0.16370124760411964
25795,GOF,0.037080151959424545,0.7499458315988782,0.21297401644169725
25796,GOF,0.10735028365951652,0.7923247189987079,0.10032499734177559
25797,GOF,0.0329665724763989,0.6800765495479545,0.28695687797564656
25798,GOF,0.002806400234350088,0.6322492766082555,0.3649443231573946
25799,LOF,0.0027171228898770898,0.48765778227994316,0.5096250948301797
25800,GOF,0.012011654712579877,0.7124977544196629,0.2754905908677572
25801,GOF,0.021581280498662373,0.8725752962561562,0.10584342324518146
25802,GOF,0.017482313545089924,0.7983642301614717,0.18415345629343843
25803,GOF,0.00957933410378851,0.6938341264390013,0.29658653945721014
25804,GOF,0.010886660762019874,0.5738388043999518,0.4152745348380283
25805,GOF,0.018484698073303482,0.6939381008767611,0.2875772010499355
25806,GOF,0.015649881866340996,0.7332502835783112,0.2510998345553478
25807,GOF,0.005036025080014633,0.7157700212804895,0.27919395363949584
25808,GOF,0.013540212904456513,0.7504179707164265,0.23604181637911695
25809,GOF,0.005360126645607094,0.7206347201032163,0.27400515325117664
25810,GOF,0.004451025140488034,0.7254947333524485,0.2700542415070635
25811,GOF,0.0658678042201114,0.8519183626693096,0.08221383311057896
25812,GOF,0.01368414651699214,0.7172505324787906,0.2690653210042172
25813,GOF,0.09596168008836493,0.8106714443128886,0.0933668755987466
25814,GOF,0.02112487884186029,0.8117144347668064,0.1671606863913332
25815,GOF,0.038627154861896204,0.8157125939535369,0.14566025118456696
25816,GOF,0.007073841947599456,0.8458616390066936,0.14706451904570683
25817,GOF,0.09258759744189023,0.7820801411127881,0.1253322614453217
25818,GOF,0.018942425278484595,0.7915243544292713,0.18953322029224431
25819,GOF,0.058215494035926546,0.7765089623669289,0.16527554359714453
25820,GOF,0.030183225172815756,0.7706794594099831,0.1991373154172011
25821,GOF,0.015954137874395685,0.7585526157396099,0.22549324638599452
25822,GOF,0.03238626411695923,0.7750342146083069,0.1925795212747339
25823,GOF,0.011510896905087328,0.6255304658305539,0.36295863726435873
25824,GOF,0.019937756328693695,0.7589940628973787,0.2210681807739276
25825,GOF,0.012924862365662539,0.7383108939601709,0.24876424367416658
25826,GOF,0.004846327198082126,0.6976546301018438,0.2974990427000741
25827,GOF,0.008453793412109353,0.6763238897034282,0.31522231688446245
25828,GOF,0.005576979581937145,0.6180562430940094,0.37636677732405344
25829,GOF,0.0025000673648098337,0.6728057162725735,0.32469421636261675
25830,GOF,0.02654046621415143,0.49224892036109535,0.48121061342475324
25831,GOF,0.041143499516781284,0.8325340264841675,0.12632247399905114
25832,GOF,0.006646720462420699,0.7885847978620013,0.20476848167557804
25833,GOF,0.024422790552976446,0.841954033998111,0.13362317544891258
25834,GOF,0.006573920370939397,0.8051182525134511,0.1883078271156095
25835,GOF,0.0139384422691251,0.8570681050673461,0.1289934526635288
25836,GOF,0.00521205804987401,0.7947325300239507,0.20005541192617535
25837,GOF,0.004981844707029561,0.7052243704541252,0.2897937848388452
25838,GOF,0.014403105529321692,0.8632416005287353,0.12235529394194296
25839,GOF,0.02939696257479334,0.854060918766489,0.1165421186587176
25840,GOF,0.04899547180722787,0.8400783777425558,0.11092615045021631
25841,GOF,0.04503341190359688,0.8553926642693879,0.09957392382701517
25842,GOF,0.019965702938175546,0.9019472435817181,0.07808705348010637
25843,GOF,0.0209016911217584,0.9056010433205416,0.07349726555769995
25844,GOF,0.01327177174280195,0.8479321066881125,0.1387961215690856
25845,GOF,0.004553023172602342,0.6244866290661998,0.37096034776119785
25846,GOF,0.0361937993291378,0.8570175461347781,0.1067886545360842
25847,GOF,0.01601819978954724,0.9090005569912847,0.07498124321916813
25848,GOF,0.01368038936821166,0.8560955044701697,0.13022410616161875
25849,GOF,0.004261310111774031,0.7206809648046658,0.2750577250835602
25850,GOF,0.005101211475502608,0.7347275728685405,0.26017121565595686
25851,GOF,0.004487284359283302,0.610779333605354,0.38473338203536267
25852,GOF,0.12255429517563958,0.6034050259080755,0.2740406789162849
25853,GOF,0.06471587314627271,0.8540166941628599,0.08126743269086734
25854,GOF,0.008086095019193095,0.7198338059318621,0.2720800990489448
25855,GOF,0.01339888308202673,0.6610871964473009,0.32551392047067224
25856,GOF,0.03589427847723729,0.7827011016480385,0.1814046198747243
25857,GOF,0.011323024822601491,0.62673011407505,0.3619468611023486
25858,GOF,0.006557274547761317,0.6132864683831306,0.3801562570691081
25859,GOF,0.004907156744290263,0.5822118694812295,0.4128809737744803
25860,GOF,0.07014696047313165,0.8165182848232893,0.11333475470357918
25861,GOF,0.11559605124336816,0.7914081785747318,0.09299577018190003
25862,GOF,0.01694503076226449,0.8702110655630355,0.11284390367469994
25863,GOF,0.016277655597529268,0.8751678385514222,0.10855450585104853
25864,GOF,0.04263045099529839,0.8768741185702922,0.08049543043440953
25865,GOF,0.030754366102143958,0.8317349920630434,0.13751064183481262
25866,GOF,0.02055711080035598,0.864023277652663,0.115419611546981
25867,GOF,0.02873135696322717,0.8734064457735851,0.09786219726318772
25868,GOF,0.045977142391359284,0.8383722104973779,0.11565064711126281
25869,GOF,0.31652453655277085,0.6197442516102821,0.06373121183694695
25870,GOF,0.20962822001699005,0.6377007755601622,0.15267100442284778
25871,GOF,0.019770087997339234,0.8988335253040249,0.08139638669863566
25872,GOF,0.01566152528115945,0.8689051000124651,0.11543337470637542
25873,GOF,0.016277559473069476,0.8910310045215772,0.0926914360053532
25874,LOF,0.015890133747721098,0.1589565679055352,0.8251532983467437
25875,LOF,0.03794750547021353,0.03944810043291847,0.9226043940968681
25876,LOF,0.026029570187540825,0.032297798815343136,0.9416726309971161
25877,LOF,0.1292474345978428,0.08036316882040129,0.7903893965817559
25878,LOF,0.05070094534443943,0.11141495673775303,0.8378840979178074
25879,LOF,0.021839153580765828,0.07916277390718408,0.8989980725120501
25880,LOF,0.046444874252996246,0.010207726029899684,0.943347399717104
25881,Neutral,0.5736712809788699,0.056418097063756466,0.36991062195737373
25882,LOF,0.05055841695519335,0.02840663392791564,0.9210349491168911
25883,LOF,0.042261055677884456,0.02166710629220329,0.9360718380299122
25884,LOF,0.02845761770293898,0.03913260028554335,0.9324097820115177
25885,LOF,0.2055634707378014,0.010769674947711786,0.7836668543144869
25886,LOF,0.16937085649831068,0.049965888363711866,0.7806632551379774
25887,LOF,0.17788087753566673,0.05835525721657422,0.7637638652477591
25888,LOF,0.013235396245200879,0.13059012453688545,0.8561744792179136
25889,LOF,0.034693301537004305,0.028497535849728896,0.9368091626132669
25890,LOF,0.12313992529619057,0.10113165908729348,0.775728415616516
25891,LOF,0.08637080873812347,0.019560664579805553,0.8940685266820709
25892,LOF,0.009744605116828028,0.033569821587848166,0.9566855732953239
25893,LOF,0.38430429472510486,0.008159583885774098,0.607536121389121
25894,LOF,0.44716441064300516,0.004883028195814004,0.5479525611611809
25895,LOF,0.37721941475262377,0.010336738757856971,0.6124438464895192
25896,LOF,0.06334210921630669,0.023597044090929203,0.9130608466927641
25897,LOF,0.19444722464151068,0.008366374451184811,0.7971864009073044
25898,LOF,0.2081244161013453,0.027049104488794582,0.7648264794098601
25899,LOF,0.22969839168142492,0.023774682129510505,0.7465269261890647
25900,LOF,0.4188866124134892,0.007916336611531707,0.5731970509749791
25901,LOF,0.04137709343508328,0.008979100586886772,0.94964380597803
25902,LOF,0.09822540389540033,0.012164108823396242,0.8896104872812034
25903,LOF,0.3736038691719953,0.024370321230019334,0.6020258095979855
25904,LOF,0.45200088852903125,0.03181716854080183,0.5161819429301668
25905,LOF,0.006073885285276535,0.46098975686416366,0.5329363578505598
25906,LOF,0.011158544012470841,0.11165067927596044,0.8771907767115688
25907,LOF,0.0034892199566089977,0.34522543311519044,0.6512853469282006
25908,LOF,0.0036430765373963838,0.2629022101728819,0.7334547132897218
25909,LOF,0.01345186240574168,0.15322326665293345,0.8333248709413249
25910,LOF,0.018335125603672193,0.09980923309707067,0.8818556412992572
25911,LOF,0.32913981478744897,0.03906952416146912,0.6317906610510821
25912,LOF,0.06505912889074715,0.05432387294789285,0.8806169981613601
25913,LOF,0.06348617880456885,0.06020464113812671,0.8763091800573044
25914,LOF,0.021382730145123444,0.06961712749489121,0.9090001423599853
25915,LOF,0.1302049814886925,0.2882956925717304,0.5814993259395771
25916,LOF,0.020888051844126107,0.19258555783396725,0.7865263903219067
25917,LOF,0.06305318419904812,0.05598742400170883,0.8809593917992431
25918,LOF,0.026919087834509074,0.038058618184944354,0.9350222939805466
25919,LOF,0.023321213762219642,0.03797279151449015,0.9387059947232903
25920,LOF,0.12726102850849885,0.17834699965405293,0.6943919718374483
25921,LOF,0.012954945304555897,0.04573959160655962,0.9413054630888846
25922,LOF,0.016975295916748463,0.03955831000017355,0.9434663940830781
25923,LOF,0.4443569087513502,0.044866922516585174,0.5107761687320647
25924,LOF,0.01853612164204537,0.05898192317772744,0.9224819551802271
25925,LOF,0.0740518902445856,0.05681058323410998,0.8691375265213044
25926,LOF,0.05581030288776592,0.05528590868939327,0.8889037884228408
25927,LOF,0.0182024170591496,0.08309377339805397,0.8987038095427965
25928,LOF,0.008722260077894183,0.06458761219762807,0.9266901277244777
25929,Neutral,0.5251485736683735,0.04326699398445471,0.43158443234717175
25930,LOF,0.08495688032256722,0.0408747907510336,0.8741683289263992
25931,LOF,0.010326421575397015,0.04388365265815649,0.9457899257664464
25932,LOF,0.02969384106239747,0.036545978284471245,0.9337601806531313
25933,LOF,0.0387716373439785,0.022405236260225895,0.9388231263957957
25934,LOF,0.026033921590021238,0.02329711290308292,0.9506689655068958
25935,LOF,0.06517328406657862,0.07189890922116629,0.8629278067122551
25936,LOF,0.03955777309348058,0.027153741656420934,0.9332884852500983
25937,LOF,0.011743814338150868,0.040518417413094435,0.9477377682487548
25938,LOF,0.06351805293603717,0.06452273595991344,0.8719592111040494
25939,LOF,0.028504264265068354,0.028806226805440847,0.9426895089294908
25940,LOF,0.009352168937195007,0.3384451139076823,0.6522027171551226
25941,Neutral,0.5635943068950869,0.036378815937732976,0.40002687716718005
25942,LOF,0.00709644730872183,0.05355319814561153,0.9393503545456665
25943,LOF,0.030639862663086614,0.1964614040285954,0.772898733308318
25944,LOF,0.08860546789087798,0.09650744707282186,0.8148870850363003
25945,LOF,0.05919852165175757,0.02190748920549491,0.9188939891427474
25946,LOF,0.08450389154346793,0.041561137862206825,0.8739349705943252
25947,Neutral,0.4845394658702711,0.11422658869512041,0.40123394543460855
25948,Neutral,0.49892266116281353,0.01457430545184121,0.4865030333853453
25949,LOF,0.08683366424114387,0.064874005678847,0.8482923300800091
25950,GOF,0.06087529710963193,0.6248971090236796,0.31422759386668836
25951,LOF,0.010681547649573044,0.42469129401409267,0.5646271583363343
25952,LOF,0.26820312514819894,0.2682888126730243,0.46350806217877666
25953,LOF,0.01207609812926628,0.17598110542305528,0.8119427964476784
25954,LOF,0.05458541878769215,0.46627910113959153,0.47913548007271645
25955,LOF,0.011233772343945717,0.13337020149910594,0.8553960261569483
25956,LOF,0.023540235267896652,0.2395883084687831,0.7368714562633203
25957,LOF,0.25087560257062597,0.03119170715049102,0.717932690278883
25958,LOF,0.041564175971753846,0.0348589671811514,0.9235768568470948
25959,GOF,0.01262045744442284,0.5177059874120004,0.4696735551435768
25960,LOF,0.006717027121612233,0.05560822940606456,0.9376747434723233
25961,LOF,0.040867806542626464,0.03125391727428952,0.927878276183084
25962,LOF,0.03223138894428145,0.06874824982749078,0.8990203612282278
25963,LOF,0.006428585231386961,0.21289405711855777,0.7806773576500552
25964,LOF,0.02451812359029176,0.08876223092798133,0.8867196454817269
25965,LOF,0.28148021553000824,0.12037803351600256,0.5981417509539892
25966,Neutral,0.48337274951444736,0.11391647308662221,0.40271077739893046
25967,LOF,0.007603593091714459,0.07199069144944018,0.9204057154588453
25968,LOF,0.050412509209135,0.19839546407618355,0.7511920267146814
25969,LOF,0.13965812669050703,0.04181937235640093,0.8185225009530921
25970,LOF,0.027046838750340797,0.07143361423177175,0.9015195470178875
25971,LOF,0.06155982393159255,0.02669075673036657,0.9117494193380409
25972,LOF,0.04782316176096692,0.03938955676045423,0.9127872814785788
25973,LOF,0.05270161533460939,0.012068648873285725,0.9352297357921048
25974,LOF,0.05445684743728802,0.037886906913383346,0.9076562456493287
25975,LOF,0.0318561841571223,0.02345973859034536,0.9446840772525323
25976,LOF,0.1273506757063704,0.011412473536381267,0.8612368507572483
25977,LOF,0.20763480939663467,0.07299344110621454,0.7193717494971508
25978,LOF,0.17834992414936487,0.121404284086637,0.7002457917639981
25979,LOF,0.147211718881506,0.13369156050495198,0.719096720613542
25980,LOF,0.26407359867031455,0.16857579513924908,0.5673506061904364
25981,LOF,0.2651849752785053,0.1694008273875822,0.5654141973339125
25982,Neutral,0.4861412821113833,0.0886028680399612,0.42525584984865566
25983,Neutral,0.4963932531900021,0.10447673979414038,0.39913000701585766
25984,LOF,0.03370933587546423,0.07147521357504147,0.8948154505494942
25985,LOF,0.4283081643693913,0.12258515018219945,0.44910668544840926
25986,LOF,0.014122841983717275,0.4068351332485873,0.5790420247676955
25987,LOF,0.09859232109070001,0.10685276118035576,0.7945549177289442
25988,LOF,0.13857386316707695,0.13181049734463487,0.7296156394882882
25989,LOF,0.040564580626806804,0.18344489592376104,0.7759905234494321
25990,LOF,0.0395956708963182,0.286130650933405,0.6742736781702768
25991,LOF,0.028305144886418367,0.3778964972893477,0.593798357824234
25992,LOF,0.03051050257001062,0.36808648929169363,0.6014030081382957
25993,LOF,0.02116461212065042,0.08487494865907043,0.8939604392202791
25994,LOF,0.01620854519780342,0.08232552495469667,0.9014659298474998
25995,LOF,0.016417078097525555,0.16444179193234956,0.8191411299701249
25996,Neutral,0.3824383110736628,0.3018958272308467,0.3156658616954905
25997,LOF,0.07416163156184734,0.35865086948611763,0.567187498952035
25998,LOF,0.28610141971220315,0.05126318538110662,0.6626353949066902
25999,LOF,0.02606573113860261,0.22709829943772675,0.7468359694236706
26000,LOF,0.20991843901433946,0.03524811571652312,0.7548334452691374
26001,LOF,0.2512339114594429,0.034698609417230866,0.7140674791233262
26002,LOF,0.079912352548194,0.05971176461997519,0.8603758828318308
26003,GOF,0.004327769871713448,0.6202286123063478,0.3754436178219387
26004,GOF,0.006752546697031426,0.6916860948322221,0.3015613584707464
26005,LOF,0.003165590989855542,0.4846706246959381,0.5121637843142064
26006,GOF,0.0902038964221708,0.595150234498125,0.3146458690797042
26007,GOF,0.006090690205479106,0.536773057169996,0.4571362526245249
26008,GOF,0.005679926456595801,0.6489359203374948,0.3453841532059094
26009,GOF,0.006551313711059354,0.6722138341182964,0.3212348521706443
26010,GOF,0.007313814504655156,0.6534184240086218,0.33926776148672305
26011,LOF,0.003009187121895079,0.4602190892262727,0.5367717236518322
26012,GOF,0.004093255922154585,0.5222446283648337,0.4736621157130118
26013,GOF,0.006055416176245972,0.5899000369539339,0.4040445468698201
26014,LOF,0.04945373539884413,0.11283558445057437,0.8377106801505814
26015,LOF,0.4398152343380626,0.019620949709368684,0.5405638159525687
26016,LOF,0.30289558022902724,0.035404791662310704,0.661699628108662
26017,LOF,0.030509009876965587,0.18011012416173672,0.7893808659612976
26018,LOF,0.04568169936811187,0.03628847178225578,0.9180298288496325
26019,LOF,0.04551069063546842,0.03062255965193319,0.9238667497125983
26020,LOF,0.01133908116585458,0.173429420625373,0.8152314982087724
26021,LOF,0.07855683359576801,0.06047193533599622,0.8609712310682358
26022,LOF,0.040703322781598,0.018917411276352117,0.9403792659420498
26023,LOF,0.04337485854954105,0.020362492020384197,0.9362626494300748
26024,LOF,0.04629166055979128,0.05653925651924448,0.8971690829209643
26025,LOF,0.07393890062005208,0.0630270552803197,0.8630340440996283
26026,LOF,0.12469371463589261,0.04897424797698641,0.8263320373871209
26027,LOF,0.03793443866246623,0.01697962166609858,0.9450859396714351
26028,LOF,0.11254778623093298,0.1386486155458131,0.7488035982232539
26029,LOF,0.021221749024675652,0.23053277170909847,0.748245479266226
26030,LOF,0.1721097071977982,0.03610045796070942,0.7917898348414923
26031,LOF,0.01105898433659769,0.21393692035095696,0.7750040953124454
26032,LOF,0.06464388149683388,0.08814449178942595,0.8472116267137402
26033,LOF,0.08838302472198042,0.0805637525475238,0.8310532227304959
26034,LOF,0.01606781321525808,0.1859257944689998,0.7980063923157421
26035,LOF,0.012780671538661118,0.13723147653769097,0.8499878519236479
26036,LOF,0.013206595401035586,0.16314356990555387,0.8236498346934106
26037,LOF,0.01081583913424972,0.12758852267697915,0.8615956381887712
26038,LOF,0.05414028129110501,0.07903746862536146,0.8668222500835336
26039,LOF,0.030367923721204858,0.16817631943421044,0.8014557568445847
26040,LOF,0.14338378278641706,0.18124004584954975,0.6753761713640332
26041,LOF,0.014093525831181612,0.11047260272997826,0.87543387143884
26042,LOF,0.012384471387764096,0.12332997593735576,0.8642855526748802
26043,LOF,0.05228826313766678,0.10300548274361059,0.8447062541187226
26044,LOF,0.01439371029861644,0.07100842668591523,0.9145978630154683
26045,LOF,0.07475898944121903,0.12777816797603203,0.7974628425827488
26046,LOF,0.045927108791196596,0.08381089711473659,0.8702619940940669
26047,LOF,0.07256101975501092,0.08085825174516394,0.846580728499825
26048,LOF,0.08404598473006782,0.0353911511391592,0.880562864130773
26049,Neutral,0.9486309953618095,0.010253547410213294,0.04111545722797716
26050,Neutral,0.9270958397399471,0.01139487717782362,0.06150928308222914
26051,LOF,0.01453982666806075,0.10097896650679114,0.8844812068251482
26052,LOF,0.023122808784517408,0.12225412178628638,0.8546230694291963
26053,LOF,0.044238270201070684,0.13310555789484935,0.8226561719040799
26054,LOF,0.04320053829886073,0.02637592119807547,0.9304235405030638
26055,LOF,0.0645138133693748,0.025353869512745122,0.91013231711788
26056,LOF,0.05043058245655561,0.03119956725653201,0.9183698502869123
26057,LOF,0.02957004539165432,0.013443500533496078,0.9569864540748497
26058,LOF,0.031159011461437243,0.0110911854420213,0.9577498030965413
26059,LOF,0.1953558449230548,0.028418492042842435,0.7762256630341028
26060,LOF,0.011591229298135735,0.18739105923066401,0.8010177114712002
26061,LOF,0.008781578367429934,0.011782356572259985,0.97943606506031
26062,LOF,0.005272211414997599,0.018632500633323404,0.9760952879516789
26063,LOF,0.019996709238531116,0.01160585304000557,0.9683974377214633
26064,LOF,0.0086414123649999,0.028642885601778207,0.9627157020332219
26065,LOF,0.022757751831607987,0.01230038610372905,0.9649418620646629
26066,LOF,0.022649330414008663,0.010582401938845276,0.9667682676471461
26067,LOF,0.028151606233215522,0.009111789316643892,0.9627366044501406
26068,LOF,0.051907128651256025,0.044826759543983706,0.9032661118047602
26069,LOF,0.15649383639244063,0.02673447802308436,0.816771685584475
26070,LOF,0.33566698732781247,0.02178326064510763,0.6425497520270798
26071,LOF,0.022475549479431003,0.01181662631249675,0.9657078242080721
26072,LOF,0.008261154589782929,0.022341372464202276,0.9693974729460147
26073,LOF,0.020561904544876823,0.015013673898601736,0.9644244215565214
26074,Neutral,0.9250911748200361,0.008269593730364745,0.06663923144959916
26075,LOF,0.05265803873057122,0.022313145490207832,0.9250288157792209
26076,LOF,0.033282203787046674,0.011335037168441418,0.955382759044512
26077,LOF,0.12850197808148622,0.0073115637163727945,0.8641864582021409
26078,LOF,0.007901969736028393,0.014206399043602498,0.977891631220369
26079,LOF,0.0624430193238732,0.02349766241616233,0.9140593182599644
26080,LOF,0.06103482498838597,0.023546102085554074,0.91541907292606
26081,LOF,0.025572814975470134,0.008229385920161062,0.9661977991043689
26082,LOF,0.005471829343899829,0.015321455901801938,0.9792067147542981
26083,LOF,0.12211725862289846,0.018644248647358717,0.8592384927297427
26084,LOF,0.04638569195916382,0.01423176845509369,0.9393825395857425
26085,LOF,0.041751445565487086,0.012453272491082952,0.94579528194343
26086,LOF,0.021700300895691794,0.012288918767861963,0.9660107803364464
26087,LOF,0.02005828476402991,0.010440279913486976,0.969501435322483
26088,LOF,0.007265592834687586,0.019090137443809302,0.9736442697215031
26089,LOF,0.04213050714916007,0.03531914190046779,0.9225503509503721
26090,LOF,0.04297325271505594,0.027615826841339862,0.9294109204436043
26091,LOF,0.0260506019450366,0.007752650303035858,0.9661967477519275
26092,LOF,0.021248397346331237,0.008523368453724686,0.9702282341999441
26093,LOF,0.040252984198637785,0.006715928525797324,0.953031087275565
26094,LOF,0.030562233225585274,0.006582629073241776,0.9628551377011729
26095,LOF,0.0362434048302171,0.01793454763865464,0.9458220475311282
26096,LOF,0.21491667472396525,0.005031624439653913,0.7800517008363809
26097,LOF,0.006598433760185894,0.033478796910929,0.959922769328885
26098,LOF,0.0807848785814251,0.0208886863917157,0.8983264350268593
26099,LOF,0.020567925025093123,0.015050296321336117,0.9643817786535708
26100,LOF,0.020563968188863076,0.015050357123467556,0.9643856746876694
26101,LOF,0.04651900454235829,0.02283067777018495,0.9306503176874567
26102,LOF,0.019910738176053086,0.01550273492338807,0.9645865269005588
26103,Neutral,0.8792851868101145,0.024430243486010236,0.09628456970387539
26104,LOF,0.057283240312185804,0.03642038555492649,0.9062963741328877
26105,LOF,0.24916428337793242,0.16919605516717368,0.5816396614548939
26106,LOF,0.34572612502456296,0.12054932881076068,0.5337245461646764
26107,LOF,0.021298815769263207,0.09993617636815452,0.8787650078625824
26108,LOF,0.31554897651344094,0.0454501506448573,0.6390008728417017
26109,LOF,0.06505110703111668,0.04879509102830554,0.8861538019405778
26110,LOF,0.381866794363516,0.006585993474712008,0.6115472121617721
26111,LOF,0.07489357055412033,0.10911065097519917,0.8159957784706805
26112,LOF,0.03315855372904342,0.007708147078672405,0.9591332991922842
26113,LOF,0.05585812995338921,0.0168140860242181,0.9273277840223927
26114,LOF,0.09730239737730689,0.009799163740573722,0.8928984388821193
26115,LOF,0.014706970890989383,0.06019162666830128,0.9251014024407093
26116,LOF,0.08883891629832931,0.031437586692630484,0.8797234970090403
26117,LOF,0.4249025631294814,0.028510651630993963,0.5465867852395246
26118,LOF,0.027928815794566342,0.014495289569063288,0.9575758946363703
26119,LOF,0.005530469899165563,0.03203268888521265,0.9624368412156218
26120,LOF,0.023543911611423725,0.01393474764551567,0.9625213407430606
26121,LOF,0.005034679679365068,0.10970053507361038,0.8852647852470245
