feature0,prediction,LoGoFunc_Neutral,LoGoFunc_GOF,LoGoFunc_LOF
25546,Neutral,0.6479145819514956,0.06591264676733959,0.2861727712811648
25547,LOF,0.43303886140592895,0.12254054374550191,0.444420594848569
25548,Neutral,0.4784078441572867,0.08905209788292424,0.432540057959789
25549,LOF,0.40506858200345025,0.09049763586647115,0.5044337821300786
25550,LOF,0.3301260343739251,0.15699788711797738,0.5128760785080976
25551,LOF,0.28616000132914143,0.17778880709211795,0.5360511915787406
25552,LOF,0.19438291934154128,0.16878826023280466,0.636828820425654
25553,Neutral,0.7953455509256981,0.050954470079062036,0.15369997899523988
25554,LOF,0.22873961263242182,0.1616880917953624,0.6095722955722158
25555,LOF,0.19133133763760873,0.1433869059635077,0.6652817563988835
25556,LOF,0.3885573423280711,0.1225361950774104,0.4889064625945185
25557,LOF,0.17618052181787147,0.14831592010955208,0.6755035580725763
25558,LOF,0.21708069416728082,0.1547769714570978,0.6281423343756214
25559,LOF,0.16963266222576187,0.12024858525111684,0.7101187525231214
25560,LOF,0.06835094125968146,0.16424094091834754,0.7674081178219712
25561,LOF,0.1336140318996327,0.1617532158276585,0.7046327522727087
25562,LOF,0.060103810786863915,0.09282071674414855,0.8470754724689876
25563,LOF,0.0861030195786971,0.10474011331896665,0.8091568671023364
25564,LOF,0.18901923102994883,0.18732193506234537,0.6236588339077057
25565,LOF,0.16108294133725024,0.12916880535355932,0.7097482533091904
25566,GOF,0.020786358314562155,0.7779586781010158,0.20125496358442202
25567,LOF,0.018106509880324594,0.18906387118355897,0.7928296189361165
25568,LOF,0.056169016608539735,0.08271709266363798,0.8611138907278222
25569,LOF,0.05580623459441729,0.08200579884669698,0.8621879665588859
25570,LOF,0.029457351194113978,0.11603583780245685,0.8545068110034291
25571,LOF,0.029005288064966158,0.11366765084146353,0.8573270610935703
25572,LOF,0.029710651114018806,0.14769248613953284,0.8225968627464483
25573,LOF,0.02585376106591324,0.11636328750690296,0.8577829514271837
25574,LOF,0.016983942364196005,0.17017266456975652,0.8128433930660474
25575,LOF,0.024210290017041496,0.12142074248173189,0.8543689675012266
25576,LOF,0.011326415017146471,0.16554055616519672,0.8231330288176568
25577,LOF,0.010172378515865587,0.14122993539865386,0.8485976860854806
25578,LOF,0.2720167700215507,0.10143194869476106,0.6265512812836882
25579,LOF,0.11232236202576082,0.10759226399460478,0.7800853739796344
25580,LOF,0.01709266624713949,0.08870685088428329,0.8942004828685771
25581,LOF,0.04271901272543116,0.08027418777776565,0.8770067994968032
25582,LOF,0.04247699047416621,0.07879071342328488,0.8787322961025489
25583,LOF,0.01945503011996383,0.10492071097140955,0.8756242589086265
25584,Neutral,0.5452582968369433,0.11853927677077407,0.33620242639228265
25585,LOF,0.011384535243277857,0.1789075313584752,0.8097079333982469
25586,LOF,0.017251547795861855,0.0833855596248874,0.8993628925792508
25587,LOF,0.016201606652715507,0.07732644184219341,0.9064719515050911
25588,LOF,0.01638373655578865,0.09455274435444089,0.8890635190897704
25589,Neutral,0.6305698368130231,0.14863089297616822,0.22079927021080864
25590,LOF,0.017449532395513126,0.1401781879114075,0.8423722796930793
25591,LOF,0.07852994278887324,0.06917453190111338,0.8522955253100133
25592,LOF,0.046681780319658,0.15463881966987766,0.7986794000104643
25593,LOF,0.0215764449179436,0.25201185055700803,0.7264117045250483
25594,LOF,0.03599748476537612,0.10020797294420328,0.8637945422904206
25595,LOF,0.036685920253760156,0.07778617607238601,0.8855279036738539
25596,LOF,0.04711173998753729,0.06545398177607166,0.8874342782363911
25597,LOF,0.031048082783539984,0.0828431450182372,0.8861087721982228
25598,LOF,0.03353580294925587,0.09222361980864512,0.8742405772420991
25599,GOF,0.008078345229066431,0.5474778766181796,0.44444377815275404
25600,GOF,0.027430007162786398,0.6156930935195547,0.35687689931765904
25601,LOF,0.01221751080356424,0.4238692854671597,0.5639132037292761
25602,LOF,0.012969483140399848,0.054285415081370775,0.9327451017782294
25603,LOF,0.0480901458692517,0.019425266019396068,0.9324845881113522
25604,LOF,0.014403550320617055,0.06685623874748363,0.9187402109318994
25605,LOF,0.007193227190057654,0.22162448135124488,0.7711822914586974
25606,LOF,0.09516571970485863,0.37734402356293845,0.527490256732203
25607,LOF,0.00478006657772673,0.2400087957056309,0.7552111377166423
25608,LOF,0.011224447940015635,0.10665245337015392,0.8821230986898304
25609,LOF,0.07011496954092551,0.38875487724287905,0.5411301532161955
25610,LOF,0.019207318412927794,0.02542754336959057,0.9553651382174816
25611,LOF,0.018329550709034772,0.026560103039018165,0.9551103462519471
25612,LOF,0.05764462802989859,0.03580509257871952,0.906550279391382
25613,LOF,0.052079882039615256,0.03656134312043255,0.9113587748399523
25614,LOF,0.025469690402804817,0.029309093917352882,0.9452212156798423
25615,LOF,0.017337636092897478,0.041129723663071494,0.9415326402440309
25616,LOF,0.04816395299857778,0.030719315091396013,0.9211167319100262
25617,LOF,0.04744266606099482,0.03421995010856273,0.9183373838304424
25618,LOF,0.05984283661299689,0.03487182573003022,0.9052853376569729
25619,LOF,0.01852395570020985,0.030656449196127582,0.9508195951036627
25620,LOF,0.06621571536503049,0.03843639005747505,0.8953478945774944
25621,LOF,0.017809841078691723,0.037186374922627004,0.9450037839986812
25622,LOF,0.02172463657412775,0.04126121499840522,0.9370141484274669
25623,LOF,0.034827693339357195,0.033584159968965466,0.9315881466916773
25624,LOF,0.02223846629753369,0.036802836229872064,0.9409586974725942
25625,LOF,0.022309393880984654,0.054370094358243214,0.9233205117607721
25626,LOF,0.051508982557958376,0.03691156744459787,0.9115794499974438
25627,Neutral,0.5756166332662905,0.10718090940751487,0.3172024573261946
25628,LOF,0.1945502230127055,0.05385155211544928,0.7515982248718451
25629,LOF,0.03912364275803102,0.0589154411170123,0.9019609161249568
25630,LOF,0.1404169834179972,0.09187161213795815,0.7677114044440446
25631,Neutral,0.5820995811027275,0.06261295036449104,0.3552874685327815
25632,LOF,0.007392130069233542,0.08248702330129709,0.9101208466294695
25633,LOF,0.21648279196800943,0.05107347031813271,0.7324437377138578
25634,LOF,0.02925196654891572,0.10964300696149218,0.8611050264895921
25635,LOF,0.037696282501470335,0.057014311503488034,0.9052894059950415
25636,GOF,0.005395851988876556,0.6161908786372639,0.37841326937385955
25637,GOF,0.007538174323118019,0.6049536582907886,0.3875081673860934
25638,LOF,0.010330558484949367,0.3055531022648612,0.6841163392501893
25639,LOF,0.0049993843542111074,0.4715092762995576,0.5234913393462313
25640,Neutral,0.453379005096521,0.4448925234397218,0.10172847146375717
25641,LOF,0.012771953770013032,0.31908180783074314,0.6681462383992439
25642,LOF,0.2565492640263952,0.06223584525656593,0.6812148907170389
25643,LOF,0.12266368544268687,0.17529536295699655,0.7020409516003165
25644,LOF,0.00856033927624907,0.4568831994495051,0.5345564612742457
25645,LOF,0.00697495734384344,0.4198543581448143,0.5731706845113422
25646,LOF,0.012489254470543587,0.3064626586787279,0.6810480868507285
25647,LOF,0.009364431302392192,0.26701681343399014,0.7236187552636176
25648,LOF,0.009014459745385976,0.2531551449185722,0.7378303953360418
25649,LOF,0.0072017588234217665,0.19252326499240188,0.8002749761841764
25650,LOF,0.014822863300430054,0.4049443640849176,0.5802327726146523
25651,LOF,0.005834698325960209,0.2623941512743611,0.7317711503996788
25652,LOF,0.008865400687392116,0.2576830662614842,0.7334515330511238
25653,LOF,0.025882269848363084,0.393709173765474,0.5804085563861628
25654,LOF,0.010140047908308636,0.15143398288417811,0.8384259692075133
25655,LOF,0.0449478083021623,0.42837712035107617,0.5266750713467615
25656,LOF,0.16535088266837517,0.04562271761575125,0.7890263997158735
25657,LOF,0.25127555164379556,0.027349086723548886,0.7213753616326555
25658,LOF,0.08057589989265743,0.07187162652987682,0.8475524735774658
25659,LOF,0.4159803520556839,0.062247506771913035,0.5217721411724031
25660,LOF,0.02938123922974352,0.09515845918787579,0.8754603015823808
25661,LOF,0.08893994787733747,0.06443552166276367,0.8466245304598988
25662,LOF,0.030643899917961848,0.04242479490121259,0.9269313051808256
25663,LOF,0.03893391196822294,0.06458376096007289,0.8964823270717042
25664,LOF,0.04435296700584469,0.07786829434492017,0.8777787386492352
25665,LOF,0.05088287868454154,0.033891186168156076,0.9152259351473023
25666,LOF,0.03519928351156018,0.10512089517228798,0.8596798213161517
25667,LOF,0.0619717369332567,0.04952288134346431,0.888505381723279
25668,LOF,0.034235909044239655,0.05279820989706109,0.9129658810586994
25669,LOF,0.031026713447355306,0.07291279959369645,0.8960604869589481
25670,LOF,0.058557867893558935,0.0676693323768685,0.8737727997295727
25671,LOF,0.08881184444105339,0.04046116618787909,0.8707269893710674
25672,LOF,0.05337436161638209,0.04249088308234313,0.9041347553012747
25673,LOF,0.023607608643338558,0.06349163035289765,0.9129007610037639
25674,LOF,0.020558961825051503,0.0771152260568424,0.902325812118106
25675,LOF,0.031602494294495076,0.063241262039771,0.9051562436657339
25676,LOF,0.018928691922792173,0.058018572910757536,0.9230527351664503
25677,LOF,0.02756041498063768,0.0697759275438063,0.902663657475556
25678,LOF,0.20123864029768582,0.05723326433852755,0.7415280953637866
25679,LOF,0.1641599290970026,0.08216459636982297,0.7536754745331744
25680,LOF,0.041996854507943375,0.11338098165840196,0.8446221638336547
25681,LOF,0.06630195212507814,0.10348011964670432,0.8302179282282174
25682,LOF,0.1402209496804985,0.08239968679200409,0.7773793635274974
25683,LOF,0.07733262998273198,0.12166288382660918,0.8010044861906589
25684,LOF,0.04238602380473673,0.07947678360170832,0.8781371925935549
25685,LOF,0.0739585889380546,0.05833997104603709,0.8677014400159083
25686,LOF,0.02535321344529573,0.08364521977482293,0.8910015667798813
25687,LOF,0.04625114572998712,0.06708497840418483,0.8866638758658281
25688,LOF,0.044048673617938607,0.046090896318548145,0.9098604300635131
25689,LOF,0.027338794407781943,0.05390548256826382,0.9187557230239541
25690,LOF,0.03512848336976574,0.045539649277109,0.9193318673531252
25691,LOF,0.24833841709594448,0.06491919541343696,0.6867423874906186
25692,LOF,0.2802825330801218,0.0060202670931940845,0.7136971998266842
25693,LOF,0.09164218142477529,0.24192226417881588,0.6664355543964089
25694,LOF,0.2509188921273185,0.012712696467320362,0.7363684114053611
25695,LOF,0.15479998427778724,0.022873281401923993,0.8223267343202888
25696,LOF,0.14097861600874073,0.011610840688346884,0.8474105433029124
25697,LOF,0.09505605091008175,0.023198196273621605,0.8817457528162966
25698,LOF,0.05340753587084408,0.4336595201362658,0.5129329439928901
25699,LOF,0.06719407859926801,0.09091279521473343,0.8418931261859985
25700,LOF,0.05796977360267618,0.010695646632861293,0.9313345797644625
25701,LOF,0.01705977070741311,0.07756626668279579,0.9053739626097911
25702,GOF,0.03815382984385236,0.6802765471760231,0.2815696229801245
25703,LOF,0.008030224188395687,0.15743592173495205,0.8345338540766523
25704,LOF,0.05593146056290188,0.13711527212939406,0.806953267307704
25705,LOF,0.060708198861930386,0.24353431148278265,0.6957574896552868
25706,GOF,0.02758357652112259,0.49726918115561897,0.47514724232325845
25707,LOF,0.01793994853626653,0.4811316674533352,0.5009283840103983
25708,LOF,0.0082043472356768,0.444958066714436,0.5468375860498872
25709,LOF,0.058437719902633474,0.06492815813384588,0.8766341219635206
25710,LOF,0.005022113997819481,0.1756946254745927,0.8192832605275878
25711,LOF,0.017774406338566823,0.13148709508061263,0.8507384985808205
25712,LOF,0.006783177651876787,0.19846785967741393,0.7947489626707094
25713,LOF,0.018678469052975637,0.1169957104259301,0.8643258205210942
25714,LOF,0.05809374189822191,0.1419548251297561,0.799951432972022
25715,LOF,0.01157193172287563,0.16211293960521353,0.8263151286719108
25716,LOF,0.005452671164383951,0.13097671797952867,0.8635706108560873
25717,LOF,0.005428025702521169,0.11008887958761587,0.8844830947098629
25718,LOF,0.012339747110814935,0.11144139936540114,0.8762188535237838
25719,LOF,0.020399969614234924,0.11025237873003722,0.8693476516557279
25720,LOF,0.021129950036080158,0.10407493817563838,0.8747951117882815
25721,LOF,0.016734219801282278,0.11456820975780974,0.868697570440908
25722,LOF,0.015104820125472497,0.1455301114913372,0.8393650683831904
25723,LOF,0.020641822224244665,0.08118345958227845,0.8981747181934769
25724,LOF,0.01800931644703888,0.12402391089007953,0.8579667726628816
25725,LOF,0.012360844258841496,0.08951852207804245,0.898120633663116
25726,LOF,0.015158429856238194,0.13596984224018366,0.8488717279035782
25727,LOF,0.013216588412620878,0.10518257621738678,0.8816008353699925
25728,LOF,0.011052168306737345,0.12816287970983278,0.86078495198343
25729,LOF,0.011563492525248352,0.13455664447743054,0.853879862997321
25730,LOF,0.017075643885816245,0.0998535703745083,0.8830707857396753
25731,LOF,0.0075302887003680565,0.14921445984834686,0.8432552514512851
25732,LOF,0.016787297566624747,0.09332529319423602,0.8898874092391392
25733,LOF,0.016597269533404162,0.08775779177252176,0.8956449386940741
25734,LOF,0.005595587311544462,0.14085146766052,0.8535529450279356
25735,LOF,0.014663295635853377,0.0870254494022634,0.8983112549618831
25736,LOF,0.015358693819318467,0.12646257905194275,0.8581787271287388
25737,LOF,0.02013280856247793,0.10483545324398223,0.8750317381935399
25738,LOF,0.013526660018057184,0.15060066756561608,0.8358726724163268
25739,LOF,0.020501509051036246,0.12473959424739237,0.8547588967015713
25740,LOF,0.031002954250069308,0.13633846192234067,0.83265858382759
25741,LOF,0.01583773188046702,0.1142763424408775,0.8698859256786554
25742,LOF,0.0910625817578169,0.11960857972865375,0.7893288385135294
25743,LOF,0.014902911801214567,0.03352807960748439,0.9515690085913011
25744,LOF,0.23090407050131107,0.30806155767422205,0.46103437182446677
25745,LOF,0.030554870664419576,0.05009409148320251,0.9193510378523779
25746,LOF,0.018109821581917363,0.05863800342526983,0.9232521749928129
25747,LOF,0.028670482737974637,0.026853016367869516,0.9444765008941558
25748,LOF,0.1295822867539362,0.047959528081846205,0.8224581851642176
25749,LOF,0.015323330139136433,0.046104856544639576,0.9385718133162241
25750,LOF,0.03405629893904251,0.062350252434984633,0.9035934486259729
25751,LOF,0.12154061948630272,0.0509080540145889,0.8275513264991085
25752,GOF,0.11110214213829425,0.636700456372585,0.2521974014891208
25753,LOF,0.0071861743477760484,0.3241145653610377,0.6686992602911862
25754,GOF,0.004820495386766255,0.792114669124703,0.20306483548853074
25755,LOF,0.009595793193834556,0.4053701479143249,0.5850340588918405
25756,LOF,0.042910198393801814,0.4099988588152418,0.5470909427909564
25757,GOF,0.005614260762489507,0.860538645672408,0.13384709356510255
25758,GOF,0.007068071943665558,0.8699049278788663,0.12302700017746827
25759,GOF,0.00445074704277218,0.5562414466876634,0.43930780626956445
25760,LOF,0.0046955597924080725,0.2875563509813034,0.7077480892262886
25761,GOF,0.038271189210951684,0.836410890830574,0.12531791995847452
25762,LOF,0.0293274648667262,0.3089559591760891,0.6617165759571848
25763,LOF,0.005843317738402627,0.22911584304672147,0.765040839214876
25764,GOF,0.166876568138624,0.5204831958444206,0.31264023601695523
25765,GOF,0.012049626059472563,0.7771199304487111,0.21083044349181632
25766,GOF,0.01808023635350755,0.8190252440407195,0.1628945196057729
25767,LOF,0.01877870759518652,0.4779830002224836,0.5032382921823298
25768,LOF,0.07271703410795272,0.07415809382726131,0.853124872064786
25769,LOF,0.08435292111339392,0.05726383081199495,0.8583832480746112
25770,LOF,0.318378922042365,0.0712186499201795,0.6104024280374555
25771,LOF,0.014195775813028838,0.05994178401957741,0.9258624401673937
25772,LOF,0.020702939603457586,0.03059522738344762,0.9487018330130947
25773,LOF,0.011173807462845428,0.1115864358088006,0.877239756728354
25774,LOF,0.024112756650406124,0.06842168240105394,0.90746556094854
25775,LOF,0.015192897988070166,0.047383609554493666,0.9374234924574363
25776,LOF,0.08344524109650911,0.02374018499738361,0.8928145739061072
25777,LOF,0.2850681708833182,0.04648395247530989,0.6684478766413718
25778,LOF,0.07235499573623934,0.04633753178546384,0.8813074724782968
25779,GOF,0.07028965776070051,0.8636349920562487,0.06607535018305082
25780,GOF,0.05891893896171825,0.8487335843092074,0.09234747672907441
25781,GOF,0.026349130697040708,0.8441854463526832,0.12946542295027622
25782,GOF,0.03095242974030901,0.8750043413322112,0.09404322892747982
25783,GOF,0.012103878235852315,0.6538997881503605,0.3339963336137871
25784,GOF,0.11390855852864887,0.821069642338619,0.0650217991327322
25785,GOF,0.07019292708594589,0.8753506465426294,0.054456426371424706
25786,GOF,0.0056636671945707985,0.8065927423873533,0.18774359041807573
25787,GOF,0.18693304468275498,0.7664504203444797,0.04661653497276519
25788,LOF,0.04807716513305047,0.11338626987631445,0.838536564990635
25789,GOF,0.04313936365015523,0.8023241872889041,0.15453644906094086
25790,GOF,0.04147294955341634,0.837143163707265,0.12138388673931866
25791,GOF,0.029665976098941733,0.7871352523530026,0.18319877154805564
25792,GOF,0.046051360264638345,0.79470120026009,0.15924743947527156
25793,GOF,0.07953426197215567,0.7377535422834385,0.18271219574440592
25794,GOF,0.11383534165539337,0.670096118836537,0.21606853950806962
25795,GOF,0.025108522063162553,0.7572076343999636,0.2176838435368739
25796,GOF,0.13822141741880423,0.7522068534973373,0.10957172908385844
25797,GOF,0.03502131883117411,0.5792986857743744,0.3856799953944516
25798,GOF,0.0032596484104280995,0.5359967721525629,0.46074357943700894
25799,LOF,0.0029757982320677296,0.4221116601193776,0.5749125416485545
25800,GOF,0.01039058275532897,0.6142431269489673,0.3753662902957037
25801,GOF,0.02837259621839068,0.8028227203867296,0.16880468339487964
25802,GOF,0.01877652914653502,0.7054248859747602,0.27579858487870484
25803,GOF,0.00997408799277747,0.6015415405474871,0.38848437145973547
25804,LOF,0.01297772415299656,0.48608996792176506,0.5009323079252384
25805,GOF,0.02318859223407102,0.6066329232650941,0.3701784845008348
25806,GOF,0.019511679823841877,0.6334265844550853,0.3470617357210729
25807,GOF,0.005423564469669814,0.6185730076504838,0.37600342787984636
25808,GOF,0.015592389292733488,0.6144891678685925,0.36991844283867403
25809,GOF,0.005777968916171165,0.6013263363452861,0.3928956947385427
25810,GOF,0.004945644172973685,0.6112019313458288,0.3838524244811975
25811,GOF,0.10501884954739706,0.7841165336481978,0.11086461680440522
25812,GOF,0.013854114311309175,0.6149361791094957,0.37120970657919516
25813,GOF,0.10647267257313812,0.7202806298145711,0.17324669761229086
25814,GOF,0.029541164711764337,0.6770381264583779,0.2934207088298578
25815,GOF,0.046072479583136906,0.6895977272806126,0.2643297931362504
25816,GOF,0.007628618506931821,0.7496765171928932,0.24269486430017498
25817,GOF,0.07754860100722052,0.7616656831589012,0.16078571583387816
25818,GOF,0.019033768772347352,0.7018228132942288,0.27914341793342384
25819,GOF,0.07399486462826826,0.7232596354824835,0.20274549988924825
25820,GOF,0.03670278328289404,0.7168796459842919,0.2464175707328142
25821,GOF,0.017193983654627664,0.7055554442094015,0.2772505721359707
25822,GOF,0.03626584289874013,0.7031584261971479,0.2605757309041121
25823,GOF,0.011630404505908262,0.5599212222366875,0.4284483732574042
25824,GOF,0.023212599201644216,0.682061589853854,0.2947258109445017
25825,GOF,0.012240559620744235,0.6624440241345226,0.32531541624473315
25826,GOF,0.005195925802427106,0.6276648239379806,0.36713925025959243
25827,GOF,0.007719181560573715,0.6243822992406207,0.3678985191988056
25828,GOF,0.005192411671740637,0.547997595171062,0.44680999315719744
25829,GOF,0.0028266098480523288,0.6056999605215039,0.3914734296304439
25830,LOF,0.03920011444031811,0.3697209894703051,0.5910788960893768
25831,GOF,0.03448627337481228,0.8357025352262004,0.12981119139898734
25832,GOF,0.007717448151821957,0.761928074783565,0.23035447706461312
25833,GOF,0.028709979864007928,0.7938519491929418,0.1774380709430502
25834,GOF,0.008462267506080689,0.7607532030197027,0.2307845294742165
25835,GOF,0.017284214143215067,0.8028726352591699,0.17984315059761502
25836,GOF,0.006422076371126758,0.7453172987824803,0.2482606248463929
25837,GOF,0.006506047293462094,0.644325101228277,0.3491688514782609
25838,GOF,0.021545868708451568,0.81896779712887,0.15948633416267852
25839,GOF,0.04779087138818811,0.7695100445821428,0.18269908402966917
25840,GOF,0.04234859410354323,0.814061540993248,0.14358986490320874
25841,GOF,0.039272149669347965,0.8263806479938265,0.13434720233682557
25842,GOF,0.02461392143511669,0.8539118295286143,0.12147424903626886
25843,GOF,0.027417412738684987,0.8674570256647076,0.10512556159660746
25844,GOF,0.016472776533477698,0.7818821626932493,0.20164506077327313
25845,GOF,0.005071552256728833,0.5730404215074315,0.4218880262358397
25846,GOF,0.027410209483195287,0.8427680496577838,0.12982174085902068
25847,GOF,0.017791786193825373,0.8833829528493591,0.09882526095681553
25848,GOF,0.013286133048908546,0.7894970637254248,0.1972168032256666
25849,GOF,0.004474956286470181,0.6800546517184363,0.3154703919950934
25850,GOF,0.007271696018342708,0.7008981244962794,0.291830179485378
25851,GOF,0.006550123674762131,0.5845176184955626,0.4089322578296753
25852,GOF,0.1592662819361095,0.5458519322424867,0.29488178582140384
25853,GOF,0.0690199153167248,0.8378077852813239,0.09317229940195118
25854,GOF,0.008899815309339565,0.6506906398510682,0.34040954483959235
25855,GOF,0.013387859126257297,0.6005752420620339,0.3860368988117087
25856,GOF,0.0376545466347302,0.7156514799307421,0.24669397343452776
25857,GOF,0.013471808135230866,0.5483358056598441,0.4381923862049251
25858,GOF,0.007837053817519537,0.564482634209609,0.4276803119728715
25859,GOF,0.005247167431137557,0.5413538279944711,0.4533990045743914
25860,GOF,0.08192835297752575,0.7889725936411804,0.12909905338129377
25861,GOF,0.11188837645545477,0.7899499112594921,0.098161712285053
25862,GOF,0.017752806975949616,0.8423466222298599,0.13990057079419047
25863,GOF,0.01754783191683932,0.8594517470431318,0.12300042104002883
25864,GOF,0.04065679659378418,0.87441508211411,0.08492812129210583
25865,GOF,0.029529437207313325,0.838105553425599,0.13236500936708762
25866,GOF,0.02477377750958217,0.8321327422756218,0.14309348021479598
25867,GOF,0.024329510739070984,0.8653394203627564,0.11033106889817264
25868,GOF,0.052589703107359075,0.806468216356379,0.14094208053626195
25869,GOF,0.3111844829734639,0.59385110972384,0.0949644073026961
25870,GOF,0.19171989721078606,0.5217812729198382,0.28649882986937564
25871,GOF,0.029163420081188413,0.8535832616791269,0.11725331823968468
25872,GOF,0.015603460148682285,0.7785213071468123,0.2058752327045054
25873,GOF,0.017920302556665556,0.8465871164098319,0.13549258103350253
25874,LOF,0.01722381834835419,0.1285455430139432,0.8542306386377027
25875,LOF,0.025433155258820304,0.03343924501161312,0.9411275997295665
25876,LOF,0.013656975158411702,0.03137601741934428,0.954967007422244
25877,LOF,0.11494040728926846,0.05982499331130063,0.8252345993994309
25878,LOF,0.04640791586732867,0.07656211373319327,0.877029970399478
25879,LOF,0.022284954704305387,0.06714700638396026,0.9105680389117343
25880,LOF,0.04194325077194275,0.011740020131351126,0.9463167290967062
25881,Neutral,0.5597964171453836,0.04116420638328331,0.3990393764713332
25882,LOF,0.022818263287589114,0.03001380719342928,0.9471679295189817
25883,LOF,0.0778896213986525,0.0221594424226134,0.8999509361787341
25884,LOF,0.011538090253056407,0.039386616534304655,0.949075293212639
25885,LOF,0.17701762394880488,0.006686853617857616,0.8162955224333375
25886,LOF,0.3178233955115419,0.04171419357930144,0.6404624109091567
25887,LOF,0.14937132188562854,0.05145419581573235,0.7991744822986391
25888,LOF,0.012923254210259864,0.10285554192606576,0.8842212038636745
25889,LOF,0.013559672309239485,0.028855691828236756,0.9575846358625236
25890,LOF,0.1141407218007859,0.07413600062464074,0.8117232775745734
25891,LOF,0.04369502439156116,0.03826039039836287,0.9180445852100759
25892,LOF,0.011138341020781616,0.04745719766983591,0.9414044613093825
25893,LOF,0.4050302697474738,0.014357474847669312,0.580612255404857
25894,LOF,0.4252405507398735,0.008101578738600311,0.5666578705215262
25895,LOF,0.3620845554391381,0.014889741239439013,0.6230257033214228
25896,LOF,0.043230685413978155,0.025281276835937953,0.9314880377500838
25897,LOF,0.20314389730577062,0.01319465548295067,0.7836614472112786
25898,LOF,0.22665430907150497,0.037843352764833436,0.7355023381636617
25899,LOF,0.18081275744203384,0.027412528997510437,0.7917747135604558
25900,LOF,0.4535526901187173,0.011222486520290323,0.5352248233609924
25901,LOF,0.050608199607032826,0.011207025385818425,0.9381847750071488
25902,LOF,0.10434293137110041,0.017811500785296815,0.8778455678436028
25903,LOF,0.3769238384823815,0.034130811985667434,0.5889453495319511
25904,LOF,0.31248808806936207,0.040343841206658626,0.6471680707239792
25905,LOF,0.006258741642544663,0.4338318819382106,0.5599093764192448
25906,LOF,0.009128659329008445,0.13189235206669228,0.8589789886042992
25907,LOF,0.003932891807659627,0.39138744859329877,0.6046796595990416
25908,LOF,0.003768744942715043,0.28003013459227855,0.7162011204650064
25909,LOF,0.013097707868843214,0.16814804945585152,0.8187542426753053
25910,LOF,0.016544389643577805,0.1355078571239937,0.8479477532324284
25911,LOF,0.15803545885965295,0.03180955392383756,0.8101549872165096
25912,LOF,0.06879624333556053,0.047104759348147125,0.8840989973162923
25913,LOF,0.07258811865342418,0.049467458849229026,0.8779444224973469
25914,LOF,0.02213469038108688,0.05347026533246656,0.9243950442864466
25915,LOF,0.14638626199393068,0.28379324039858,0.5698204976074893
25916,LOF,0.023902072235043575,0.17902804405807324,0.7970698837068831
25917,LOF,0.05457019846511513,0.0398256331851016,0.9056041683497832
25918,LOF,0.027977463325214294,0.0327252347193561,0.9392973019554296
25919,LOF,0.02304855371302658,0.030765446561846117,0.9461859997251273
25920,LOF,0.10624528975547108,0.22392675513091112,0.6698279551136178
25921,LOF,0.009470230162187796,0.030864612380760256,0.9596651574570519
25922,LOF,0.011887965214637924,0.025614135121906145,0.9624978996634559
25923,Neutral,0.4844782533232201,0.031211287201710024,0.48431045947506995
25924,LOF,0.016846194948631873,0.03777859753233993,0.9453752075190281
25925,LOF,0.0727776757402134,0.037331560739264275,0.8898907635205224
25926,LOF,0.052063960219897655,0.03317837495901205,0.9147576648210902
25927,LOF,0.0200539784250696,0.054486336159123405,0.925459685415807
25928,LOF,0.007512886398168155,0.04426855201585825,0.9482185615859737
25929,Neutral,0.599710206690961,0.033032628589114106,0.36725716471992476
25930,LOF,0.0627969533105587,0.027393019960121858,0.9098100267293195
25931,LOF,0.009454384659049093,0.03204106619866171,0.9585045491422893
25932,LOF,0.03219051313296985,0.02400108969631996,0.9438083971707101
25933,LOF,0.03964025224586557,0.016100494862429905,0.9442592528917046
25934,LOF,0.026485363068514216,0.01661581983106767,0.9568988171004181
25935,LOF,0.0633928597012465,0.0422865111404883,0.8943206291582652
25936,LOF,0.044923936094834235,0.022087436081859462,0.9329886278233062
25937,LOF,0.009047544488251954,0.0328035234273019,0.9581489320844461
25938,LOF,0.06181014487391367,0.0487976858292256,0.8893921692968607
25939,LOF,0.03669636144865426,0.02052256859954443,0.9427810699518013
25940,LOF,0.009433854806893278,0.31461208589226863,0.6759540593008381
25941,Neutral,0.501571489988328,0.02803027106676083,0.4703982389449112
25942,LOF,0.004786831941515524,0.04520910405942027,0.9500040639990642
25943,LOF,0.039633582902727456,0.13101065622009875,0.8293557608771738
25944,LOF,0.11500312476101597,0.07520503135486303,0.8097918438841211
25945,LOF,0.057816882566992536,0.018410357334699756,0.9237727600983077
25946,LOF,0.0717262320191771,0.05832295189411026,0.8699508160867127
25947,LOF,0.44057362260774785,0.07971454392127175,0.4797118334709804
25948,LOF,0.3418739859691782,0.009185562025388906,0.6489404520054329
25949,LOF,0.09596107233523128,0.056978033039661,0.8470608946251076
25950,GOF,0.04254479218502961,0.5435431620017982,0.4139120458131722
25951,LOF,0.016409657546701983,0.3972851020951436,0.5863052403581543
25952,LOF,0.24911278062036352,0.26810416765401895,0.4827830517256175
25953,LOF,0.013417620666312177,0.16952573225772782,0.81705664707596
25954,LOF,0.05408626752916365,0.4283494061142985,0.5175643263565379
25955,LOF,0.009948965496911018,0.1494353272097052,0.8406157072933838
25956,LOF,0.02875535380391404,0.3105274842275393,0.6607171619685466
25957,LOF,0.18103286350842338,0.0377523709498459,0.7812147655417307
25958,LOF,0.05106370213267165,0.029375821957210755,0.9195604759101177
25959,GOF,0.012945633367212021,0.5040860128990096,0.48296835373377833
25960,LOF,0.005987947678762629,0.05866897907691087,0.9353430732443265
25961,LOF,0.0391774522632092,0.025575441367165754,0.9352471063696252
25962,LOF,0.03001565664423838,0.08761002117187572,0.882374322183886
25963,LOF,0.005455089629731718,0.2436648869154018,0.7508800234548665
25964,LOF,0.033025545362435044,0.11255767365299069,0.8544167809845743
25965,LOF,0.331269059442283,0.14628488422525793,0.522446056332459
25966,Neutral,0.4913347447232316,0.1284123595765919,0.38025289570017645
25967,LOF,0.006479305878364129,0.0747049010255386,0.9188157930960972
25968,LOF,0.050247408721756835,0.25959887046620056,0.6901537208120426
25969,LOF,0.11665620745942394,0.0654813768812609,0.8178624156593151
25970,LOF,0.018319470863405796,0.1078370799686089,0.8738434491679853
25971,LOF,0.06546986922219214,0.030799631266023045,0.9037304995117847
25972,LOF,0.06158653780207271,0.04244072676175813,0.8959727354361691
25973,LOF,0.05399507122007047,0.015085625794107762,0.9309193029858217
25974,LOF,0.0351419731329853,0.0441882940726532,0.9206697327943616
25975,LOF,0.04552113162754494,0.029658495477142884,0.9248203728953122
25976,LOF,0.10370263113032177,0.016233213695438915,0.8800641551742393
25977,LOF,0.1916906201662718,0.057281484971279314,0.7510278948624489
25978,LOF,0.12538840948974614,0.13711942173608638,0.7374921687741675
25979,LOF,0.11393440594720472,0.13816915574375171,0.7478964383090435
25980,LOF,0.2304633424858897,0.16261980634561207,0.6069168511684983
25981,LOF,0.25844527623324165,0.159628575031752,0.5819261487350064
25982,LOF,0.39799872292724403,0.11597714025795809,0.4860241368147979
25983,LOF,0.3804964555075159,0.12868944601304494,0.4908140984794392
25984,LOF,0.045475587487715775,0.05895558625047754,0.8955688262618067
25985,LOF,0.41354330139283,0.10241343709024618,0.4840432615169239
25986,LOF,0.010422267855385317,0.36463042049341726,0.6249473116511974
25987,LOF,0.03399083124400751,0.0877231060946892,0.8782860626613032
25988,LOF,0.16268424096200843,0.09423163436804922,0.7430841246699423
25989,LOF,0.03860290521910659,0.12475429225832578,0.8366428025225676
25990,LOF,0.04116552288068876,0.2036626352024642,0.755171841916847
25991,LOF,0.02158001114699526,0.35560012359550947,0.6228198652574952
25992,LOF,0.022512299625401338,0.36362413911652863,0.61386356125807
25993,LOF,0.02083294924505748,0.09187510197799849,0.887291948776944
25994,LOF,0.015012914677830402,0.08850290060001191,0.8964841847221576
25995,LOF,0.0190153081180302,0.18396266066070832,0.7970220312212614
25996,LOF,0.33592843194236915,0.2897292615646667,0.37434230649296407
25997,LOF,0.08303483275625012,0.3646417624987611,0.5523234047449888
25998,LOF,0.30805574440008043,0.05479839562031607,0.6371458599796035
25999,LOF,0.01576336353916227,0.2550229405350162,0.7292136959258216
26000,LOF,0.15538986595657905,0.03317833242943954,0.8114318016139814
26001,LOF,0.30230612890215935,0.02737531806788828,0.6703185530299522
26002,LOF,0.06851653213246012,0.05332821005331205,0.8781552578142278
26003,GOF,0.0037619407755043947,0.6188680595525936,0.377369999671902
26004,GOF,0.0059687261067247,0.7057796027857107,0.2882516711075646
26005,GOF,0.003005019749911265,0.5209411414308148,0.4760538388192739
26006,GOF,0.0731831163505593,0.6047679274060106,0.3220489562434301
26007,GOF,0.006374062023442781,0.6035927696917014,0.3900331682848558
26008,GOF,0.005541272827384685,0.669504389528888,0.3249543376437274
26009,GOF,0.006122918956655618,0.6751912073503324,0.318685873693012
26010,GOF,0.00685545596573803,0.7033243774438499,0.28982016659041215
26011,GOF,0.002712791568538921,0.5059950881424841,0.49129212028897695
26012,GOF,0.0039402942878880185,0.5813535246826255,0.4147061810294866
26013,GOF,0.0053572937025980595,0.6652106328225829,0.3294320734748192
26014,LOF,0.045435025615470255,0.10666945415909733,0.8478955202254324
26015,LOF,0.12747216729237115,0.018105023785499098,0.8544228089221297
26016,LOF,0.2703173132081034,0.03495066674590489,0.6947320200459917
26017,LOF,0.0240238956239529,0.1718820323847565,0.8040940719912907
26018,LOF,0.0604582340692391,0.03463219853484004,0.9049095673959208
26019,LOF,0.05856448002974646,0.028737559079099653,0.9126979608911538
26020,LOF,0.008130660664976848,0.17097389447616068,0.8208954448588626
26021,LOF,0.06652687483326669,0.05768642850430468,0.8757866966624285
26022,LOF,0.026817185167029876,0.021862334759559822,0.9513204800734104
26023,LOF,0.03792574170256598,0.02095638366253213,0.9411178746349018
26024,LOF,0.04177458015068898,0.06235379169609753,0.8958716281532135
26025,LOF,0.05661004434870259,0.058196474713624095,0.8851934809376732
26026,LOF,0.1157385125955104,0.0459891079035224,0.8382723795009671
26027,LOF,0.05115234554724338,0.01596799035202465,0.932879664100732
26028,LOF,0.08622094584185533,0.12364967910416662,0.7901293750539781
26029,LOF,0.02799299587330253,0.1856695769910723,0.7863374271356252
26030,LOF,0.14704123341734465,0.026406854145284857,0.8265519124373705
26031,LOF,0.013865022534290219,0.15235304389465826,0.8337819335710515
26032,LOF,0.08234522648511185,0.06611775625796992,0.8515370172569181
26033,LOF,0.0785608642583798,0.06019128543394748,0.8612478503076727
26034,LOF,0.015474432409633579,0.1625858847569791,0.8219396828333873
26035,LOF,0.014496198879902712,0.13226899791110128,0.8532348032089959
26036,LOF,0.018611820033595954,0.1682445456044425,0.8131436343619616
26037,LOF,0.011912384653274412,0.11402137379046257,0.874066241556263
26038,LOF,0.06955592603717832,0.06139954335107397,0.8690445306117477
26039,LOF,0.024669377673079872,0.15899778909277565,0.8163328332341444
26040,LOF,0.11065723064653636,0.14489429138681537,0.7444484779666483
26041,LOF,0.01403361462735304,0.10146887482422016,0.8844975105484268
26042,LOF,0.012713237022883152,0.10199092728733845,0.8852958356897783
26043,LOF,0.06952749595688265,0.0777390460189415,0.8527334580241759
26044,LOF,0.014420237390956873,0.06186378126490862,0.9237159813441345
26045,LOF,0.05232936877653383,0.10132365552258378,0.8463469757008825
26046,LOF,0.061549643107374694,0.06060922192387285,0.8778411349687524
26047,LOF,0.10344174910736693,0.06463432087928206,0.8319239300133511
26048,LOF,0.04607876804108025,0.04200334203639044,0.9119178899225294
26049,Neutral,0.9669857545994683,0.005938107730004145,0.02707613767052751
26050,Neutral,0.9530114504541388,0.007818383696426566,0.03917016584943453
26051,LOF,0.015371448201255463,0.18454441412402156,0.800084137674723
26052,LOF,0.023353932717199932,0.22505527223095828,0.7515907950518419
26053,LOF,0.023262098939559054,0.1555350354036499,0.821202865656791
26054,LOF,0.0527058228423685,0.016732331556388452,0.9305618456012431
26055,LOF,0.06136726038972805,0.015371861401961345,0.9232608782083105
26056,LOF,0.05072803775315109,0.01864810640817246,0.9306238558386764
26057,LOF,0.032805546210361684,0.011821574867574968,0.9553728789220634
26058,LOF,0.033422851409878725,0.010207541659496786,0.9563696069306246
26059,LOF,0.31546633405882224,0.01814176105261905,0.6663919048885587
26060,LOF,0.009799821212019598,0.13657370294473534,0.853626475843245
26061,LOF,0.005165438604985028,0.014446361161297865,0.9803882002337171
26062,LOF,0.0040277381474547146,0.02015676514680815,0.9758154967057372
26063,LOF,0.022551783539331852,0.010009834572008196,0.96743838188866
26064,LOF,0.006747654579641903,0.023004489318604777,0.9702478561017535
26065,LOF,0.02404242912731174,0.011455342689071174,0.9645022281836171
26066,LOF,0.022900897623500897,0.010517410241519797,0.9665816921349792
26067,LOF,0.030164930637183472,0.008840035432081604,0.960995033930735
26068,LOF,0.042912366244770794,0.0283397966352214,0.9287478371200079
26069,LOF,0.26730278200038304,0.017408651153238922,0.715288566846378
26070,LOF,0.4410960958934966,0.01296456769720357,0.5459393364092998
26071,LOF,0.022739735655970005,0.01137367595233668,0.9658865883916933
26072,LOF,0.005515992595960309,0.025410402233887658,0.9690736051701521
26073,LOF,0.019328870586508812,0.014315344766730105,0.9663557846467611
26074,Neutral,0.9134916830950656,0.006246698364234853,0.08026161854069958
26075,LOF,0.04191973860633815,0.014580568829836734,0.9434996925638252
26076,LOF,0.04001355644064468,0.009367288070453696,0.9506191554889016
26077,LOF,0.11676651471130498,0.009414584897047537,0.8738189003916474
26078,LOF,0.005486410789366394,0.014861521696058876,0.9796520675145748
26079,LOF,0.05405143071005895,0.015848662475354238,0.9300999068145868
26080,LOF,0.05254042598275924,0.01587055784723467,0.931589016170006
26081,LOF,0.030465397835134515,0.007549688808105146,0.9619849133567604
26082,LOF,0.004447240475511697,0.018295531221971695,0.9772572283025166
26083,LOF,0.14053734040059243,0.015273776574020426,0.8441888830253871
26084,LOF,0.037776894030007994,0.013777616044409649,0.9484454899255824
26085,LOF,0.032977122525072886,0.012351943774073736,0.9546709337008534
26086,LOF,0.01989893285535788,0.011520370587759614,0.9685806965568825
26087,LOF,0.022192508501125932,0.00902152194526188,0.9687859695536121
26088,LOF,0.005564004952531519,0.022137286846217234,0.9722987082012513
26089,LOF,0.04063504812249326,0.021079825803256808,0.9382851260742499
26090,LOF,0.03908915143518085,0.016697314260730577,0.9442135343040885
26091,LOF,0.029698744633946266,0.0067700521155054484,0.9635312032505484
26092,LOF,0.021637658359115686,0.00800432513404293,0.9703580165068414
26093,LOF,0.04037131579494323,0.0060731458979870374,0.9535555383070696
26094,LOF,0.03095552411601646,0.0068974733249455135,0.9621470025590381
26095,LOF,0.014952421581071278,0.019278309660935567,0.9657692687579931
26096,LOF,0.16565548305922742,0.006999398095272527,0.8273451188455001
26097,LOF,0.004624591923846682,0.04148067434800818,0.9538947337281451
26098,LOF,0.0680601634821143,0.01359597877283537,0.9183438577450503
26099,LOF,0.02004979351486033,0.013769685052828445,0.9661805214323113
26100,LOF,0.022785931157662233,0.013310430522564656,0.9639036383197731
26101,LOF,0.04871942430190887,0.019874786942453416,0.9314057887556377
26102,LOF,0.021214946329743745,0.014169083890396072,0.9646159697798602
26103,Neutral,0.8760055717379372,0.019151455495734278,0.10484297276632852
26104,LOF,0.06745693499615765,0.021287898517428627,0.9112551664864138
26105,LOF,0.18916337789322984,0.17506697995702294,0.6357696421497472
26106,LOF,0.3222287405215229,0.13188925695411632,0.5458820025243608
26107,LOF,0.021579657490865916,0.09192518131614413,0.88649516119299
26108,LOF,0.34611097107137867,0.03899382026009662,0.6148952086685247
26109,LOF,0.03101706808905104,0.074758988085051,0.894223943825898
26110,LOF,0.2084029729810005,0.006940582885810098,0.7846564441331894
26111,LOF,0.07757435810301533,0.0711417399910349,0.8512839019059497
26112,LOF,0.0344333537703998,0.0069981236658088015,0.9585685225637914
26113,LOF,0.0575968280501268,0.01492485287197239,0.9274783190779007
26114,LOF,0.07048240866670194,0.0129181959152627,0.9165993954180354
26115,LOF,0.016405772411891766,0.07290433004668455,0.9106898975414236
26116,LOF,0.07736006951917648,0.0446057014821799,0.8780342289986437
26117,LOF,0.42388273413889,0.04073211754798947,0.5353851483131206
26118,LOF,0.03573903062199431,0.022856022515759754,0.9414049468622459
26119,LOF,0.004639754045645637,0.05222101675749122,0.9431392291968632
26120,LOF,0.025833269748758884,0.019782445285070928,0.9543842849661701
26121,LOF,0.004472240458377344,0.15165324610700381,0.8438745134346188
