feature0,prediction,LoGoFunc_Neutral,LoGoFunc_GOF,LoGoFunc_LOF
25546,Neutral,0.7393025924804351,0.03867615072886912,0.22202125679069573
25547,Neutral,0.5890387167556748,0.07673954363533118,0.3342217396089941
25548,Neutral,0.5536480629394824,0.05462239731656919,0.3917295397439485
25549,Neutral,0.4751162992609865,0.0542423675701239,0.4706413331688897
25550,LOF,0.32875963044488243,0.10345296727935592,0.5677874022757616
25551,LOF,0.2789708768404462,0.11236996060892719,0.6086591625506266
25552,LOF,0.20424763180469235,0.10274988513901284,0.6930024830562947
25553,Neutral,0.8156156255124514,0.03296485619734211,0.15141951829020658
25554,LOF,0.22705606052135557,0.09907366384716994,0.6738702756314745
25555,LOF,0.18913082449292226,0.08663471377752205,0.7242344617295556
25556,LOF,0.3858472203812618,0.08240930655171759,0.5317434730670205
25557,LOF,0.1856391955012319,0.09106623746804385,0.7232945670307243
25558,LOF,0.21867260394542573,0.1031772198919999,0.6781501761625743
25559,LOF,0.4011717610202024,0.1498641833502774,0.44896405562952013
25560,LOF,0.05406604462265659,0.16196670999605256,0.7839672453812909
25561,LOF,0.1101657556748508,0.18097969356810015,0.7088545507570491
25562,LOF,0.10837377610690928,0.0736410280929854,0.8179851958001053
25563,LOF,0.09879272362419275,0.08685100654194071,0.8143562698338667
25564,LOF,0.18395441476381091,0.15738532417114195,0.6586602610650472
25565,LOF,0.153895982508739,0.1203141134791839,0.7257899040120771
25566,GOF,0.015596219084122606,0.7460797598304884,0.238324021085389
25567,LOF,0.012532318641598476,0.14657206842498086,0.8408956129334207
25568,LOF,0.05730688315383876,0.06739680966948673,0.8752963071766745
25569,LOF,0.06765027967269938,0.06569062748893716,0.8666590928383635
25570,LOF,0.05860190903757733,0.10547579249108303,0.8359222984713396
25571,LOF,0.054645889710698746,0.10087005841620018,0.8444840518731012
25572,LOF,0.06841014360851023,0.13328825742836645,0.7983015989631234
25573,LOF,0.028014700197983418,0.09393654850486245,0.8780487512971542
25574,LOF,0.015388171716351411,0.16331835493319322,0.8212934733504553
25575,LOF,0.04633863436137968,0.11751957586001986,0.8361417897786003
25576,LOF,0.019646947415187833,0.12124468909431851,0.8591083634904937
25577,LOF,0.013944485543612828,0.13659064554175568,0.8494648689146314
25578,LOF,0.24305003628708435,0.09113045584288224,0.6658195078700333
25579,LOF,0.24368274235499288,0.08992255982584658,0.6663946978191606
25580,LOF,0.03171112238771987,0.09003660895069245,0.8782522686615877
25581,LOF,0.05656785207388459,0.07097549104205024,0.8724566568840652
25582,LOF,0.056334562436311506,0.06787678731964406,0.8757886502440444
25583,LOF,0.046348529004716615,0.09537189321180499,0.8582795777834785
25584,Neutral,0.485169260901415,0.09115551221476345,0.4236752268838215
25585,LOF,0.03217683993797525,0.10012154057173928,0.8677016194902853
25586,LOF,0.03300454070198781,0.08118005208902493,0.8858154072089873
25587,LOF,0.030950844468456428,0.07842579803983211,0.8906233574917115
25588,LOF,0.032412264784038816,0.09767120042499997,0.8699165347909612
25589,Neutral,0.5933021243512687,0.1295994629083203,0.277098412740411
25590,LOF,0.02778279268686756,0.12655503078295705,0.8456621765301754
25591,LOF,0.10470845695849504,0.057847378416728344,0.8374441646247766
25592,LOF,0.09191677776317357,0.1477008024256934,0.760382419811133
25593,LOF,0.021727701299460462,0.2612205584778063,0.7170517402227332
25594,LOF,0.036890630203292266,0.21456584933063938,0.7485435204660684
25595,LOF,0.050865619840871096,0.17505529401319436,0.7740790861459346
25596,LOF,0.06265464230387986,0.09838990738985894,0.8389554503062612
25597,LOF,0.046110517029812614,0.09920870809230693,0.8546807748778805
25598,LOF,0.05161677351837038,0.17754710053760278,0.7708361259440268
25599,GOF,0.009646232810260726,0.7569687076266833,0.23338505956305597
25600,GOF,0.013883011239994875,0.5380096127204014,0.4481073760396038
25601,LOF,0.007853701270175083,0.46412787165639363,0.5280184270734313
25602,LOF,0.023613815307233575,0.05101544006365404,0.9253707446291124
25603,LOF,0.05259776337927902,0.038438615746021323,0.9089636208746997
25604,LOF,0.05413059134631543,0.04211773522395489,0.9037516734297297
25605,LOF,0.013327690213661642,0.23972833249896272,0.7469439772873756
25606,LOF,0.0933455067578487,0.42222357845138914,0.48443091479076217
25607,LOF,0.0053135471459601425,0.16905524201923877,0.8256312108348011
25608,LOF,0.057756135078020576,0.05439028172207677,0.8878535831999026
25609,LOF,0.03480975857064173,0.397647900019976,0.5675423414093822
25610,LOF,0.038108637842005515,0.03049253633572937,0.9313988258222651
25611,LOF,0.04100990116444006,0.0277681392168116,0.9312219596187484
25612,LOF,0.10662535212466082,0.04063408305632613,0.8527405648190131
25613,LOF,0.08651766028501655,0.04189736999477686,0.8715849697202066
25614,LOF,0.02840396583324426,0.03987796191809074,0.9317180722486651
25615,LOF,0.046034242977898376,0.038412662353652254,0.9155530946684493
25616,LOF,0.029528725663487413,0.03631861767820959,0.934152656658303
25617,LOF,0.02888052259276678,0.0408706084385976,0.9302488689686357
25618,LOF,0.17910687614729787,0.03707340630152292,0.7838197175511792
25619,LOF,0.029509674131417998,0.034329681272251965,0.9361606445963301
25620,LOF,0.03071511087436085,0.04683926921515681,0.9224456199104824
25621,LOF,0.030249630919681032,0.03468018943269404,0.9350701796476248
25622,LOF,0.032706344546078,0.038173953672898754,0.9291197017810232
25623,LOF,0.07077869273430919,0.028486491664243302,0.9007348156014474
25624,LOF,0.025606626307828142,0.041584621638712356,0.9328087520534595
25625,LOF,0.0338275855315414,0.045649986288769734,0.9205224281796888
25626,LOF,0.07641895555937103,0.030847368902909147,0.8927336755377198
25627,Neutral,0.5451103596439171,0.14683306396843682,0.3080565763876461
25628,LOF,0.17372468033955915,0.0733469531997377,0.7529283664607032
25629,LOF,0.06932016520196568,0.11115925951710219,0.8195205752809321
25630,LOF,0.16264307124533078,0.12480034106778636,0.7125565876868829
25631,Neutral,0.5723506633315344,0.10812261587833039,0.3195267207901353
25632,LOF,0.02288655505739014,0.07385592170740277,0.9032575232352071
25633,LOF,0.2144879071941847,0.09221460702857827,0.6932974857772369
25634,LOF,0.035663241864007274,0.11522504664718596,0.8491117114888068
25635,LOF,0.03271384104623036,0.09266107919215424,0.8746250797616154
25636,GOF,0.005334917654352065,0.584014806781931,0.410650275563717
25637,GOF,0.004403445252234935,0.5153176324513351,0.4802789222964299
25638,LOF,0.009818231409828663,0.4236356973544813,0.56654607123569
25639,LOF,0.0048625879727502595,0.4112528881794595,0.5838845238477902
25640,GOF,0.45098371892971384,0.5024114483217116,0.04660483274857452
25641,LOF,0.006741154697208264,0.35841248597323155,0.6348463593295602
25642,LOF,0.23606517525338594,0.08588648104497913,0.678048343701635
25643,LOF,0.2601133651929925,0.2522254244528701,0.4876612103541373
25644,GOF,0.01851749414108898,0.5365833001684462,0.4448992056904647
25645,LOF,0.017870308576971305,0.48328499653009227,0.49884469489293654
25646,LOF,0.02016851185446768,0.29866206271545875,0.6811694254300735
25647,LOF,0.01795894784767588,0.2584456243853067,0.7235954277670174
25648,LOF,0.015303675878451477,0.25553909063974434,0.7291572334818042
25649,LOF,0.014577331455176996,0.1931978986941942,0.7922247698506287
25650,GOF,0.032222259232800546,0.4935465125481065,0.47423122821909286
25651,LOF,0.010762561262225082,0.24251978405582125,0.7467176546819536
25652,LOF,0.018623947575789876,0.25598459955793584,0.7253914528662743
25653,LOF,0.08165301487536712,0.3857959596945269,0.5325510254301059
25654,LOF,0.01551840022240824,0.2207553916863058,0.7637262080912859
25655,LOF,0.10034439656523805,0.3018537279983523,0.5978018754364096
25656,LOF,0.0541105987975233,0.04671073039357044,0.8991786708089063
25657,LOF,0.2730174926904714,0.01980311342749053,0.7071793938820381
25658,LOF,0.04091676668981109,0.06002013607060023,0.8990630972395887
25659,LOF,0.27006684884895654,0.039794472415001975,0.6901386787360414
25660,LOF,0.07385411511661512,0.10582144335018885,0.8203244415331962
25661,LOF,0.04741962563154073,0.07457801162072722,0.8780023627477321
25662,LOF,0.027759207902891457,0.045442013610498495,0.92679877848661
25663,LOF,0.035672943946934946,0.0737127110008619,0.8906143450522032
25664,LOF,0.03486195270699526,0.07956236514759507,0.8855756821454096
25665,LOF,0.04729589838808483,0.051122897046827674,0.9015812045650876
25666,LOF,0.03366679853779839,0.1407783430329809,0.8255548584292206
25667,LOF,0.027545448190631178,0.05784725552563491,0.9146072962837338
25668,LOF,0.0343019095957926,0.0644044334729484,0.901293656931259
25669,LOF,0.03929902964010656,0.10286415502752677,0.8578368153323667
25670,LOF,0.14266239324510013,0.07106602677050192,0.786271579984398
25671,LOF,0.036580770963510915,0.05263997860749811,0.9107792504289911
25672,LOF,0.05591177322467894,0.07677425612558042,0.8673139706497407
25673,LOF,0.041013557957783796,0.06268423866479865,0.8963022033774176
25674,LOF,0.031192049868699424,0.07329189359789982,0.8955160565334007
25675,LOF,0.03828055015980842,0.05424062857434901,0.9074788212658426
25676,LOF,0.02974573796832817,0.060664711892632166,0.9095895501390397
25677,LOF,0.053444453636034006,0.06486212308271187,0.8816934232812541
25678,LOF,0.23746150015290002,0.04537553593762252,0.7171629639094775
25679,LOF,0.15131424122324838,0.06885599634135567,0.7798297624353959
25680,LOF,0.05948646683841426,0.0989829986683856,0.8415305344932001
25681,LOF,0.1022474819109391,0.09372537492124905,0.8040271431678119
25682,LOF,0.039228203644943276,0.07636141607635386,0.8844103802787029
25683,LOF,0.0690364312895039,0.09670317584250665,0.8342603928679894
25684,LOF,0.048339832718156964,0.07434555705154396,0.877314610230299
25685,LOF,0.11634960192295767,0.032375800307363,0.8512745977696793
25686,LOF,0.031163375608933785,0.08319419054927259,0.8856424338417935
25687,LOF,0.0587700345857904,0.069802902583868,0.8714270628303415
25688,LOF,0.025381439113260528,0.1232391168008052,0.8513794440859344
25689,LOF,0.019880019684298134,0.08216872735909299,0.8979512529566087
25690,LOF,0.017999417066259817,0.10743052997300441,0.8745700529607358
25691,LOF,0.17925077331007708,0.16416701521580418,0.6565822114741188
25692,LOF,0.24459281491821117,0.018763453272259825,0.736643731809529
25693,LOF,0.049919535008509416,0.1537990360136281,0.7962814289778625
25694,LOF,0.2738716698957399,0.011356046040250544,0.7147722840640096
25695,LOF,0.17895229762620934,0.01778654881033812,0.8032611535634525
25696,LOF,0.17365829239601613,0.007958889169331565,0.8183828184346522
25697,LOF,0.1399474247819493,0.0263018391058914,0.8337507361121593
25698,LOF,0.029675581289172623,0.32390564117825943,0.646418777532568
25699,LOF,0.06950271138347673,0.09452958432406337,0.8359677042924598
25700,LOF,0.029434399497608267,0.013555837991564415,0.9570097625108273
25701,LOF,0.012022528223343303,0.08829120335055939,0.8996862684260974
25702,GOF,0.02436513806302675,0.7155461626535238,0.2600886992834494
25703,LOF,0.01622911743294996,0.19065818593497993,0.7931126966320701
25704,LOF,0.0800244547519164,0.16995406640395022,0.7500214788441334
25705,LOF,0.06470567607997489,0.2773821049361419,0.6579122189838832
25706,GOF,0.03178352672227966,0.5734890694244835,0.39472740385323696
25707,GOF,0.02602178181298825,0.6199572877294819,0.3540209304575299
25708,GOF,0.0065200515291622,0.5830601199873743,0.4104198284834635
25709,LOF,0.018555640811462,0.10409213880483219,0.8773522203837057
25710,LOF,0.006121745529135034,0.20235331690697927,0.7915249375638858
25711,LOF,0.02081520531418254,0.1600335779321016,0.8191512167537159
25712,LOF,0.0068535831980316665,0.2756903618579533,0.7174560549440149
25713,LOF,0.019386381489908573,0.1483548437246266,0.832258774785465
25714,LOF,0.020542413719876494,0.20215138086464335,0.7773062054154802
25715,LOF,0.01998341462376492,0.17735969107087599,0.8026568943053591
25716,LOF,0.012126919704202247,0.14251492779137584,0.8453581525044219
25717,LOF,0.0051591049630574535,0.15481272930073758,0.8400281657362051
25718,LOF,0.01925405530163661,0.11391811329751256,0.8668278314008507
25719,LOF,0.0340153697456608,0.12712865967923184,0.8388559705751073
25720,LOF,0.02803213285950443,0.11721387600233334,0.8547539911381623
25721,LOF,0.023291184146060122,0.12855938411649298,0.848149431737447
25722,LOF,0.01600205454600455,0.17591968198471675,0.8080782634692788
25723,LOF,0.02286846307399926,0.11881843141929323,0.8583131055067076
25724,LOF,0.0242809068787683,0.19085253002867236,0.7848665630925594
25725,LOF,0.020874325711169334,0.11143902253392088,0.8676866517549097
25726,LOF,0.01572492170579426,0.14555702768240872,0.8387180506117969
25727,LOF,0.02144861411126184,0.13388188749961488,0.8446694983891233
25728,LOF,0.019822668353604432,0.14883836537214806,0.8313389662742476
25729,LOF,0.019129406325289866,0.1573947330101698,0.8234758606645404
25730,LOF,0.022035913214906916,0.11694503440343663,0.8610190523816564
25731,LOF,0.009542546130555496,0.20215263777375575,0.7883048160956888
25732,LOF,0.017932277020404133,0.13984368614094536,0.8422240368386505
25733,LOF,0.026401239491787597,0.13210581132535976,0.8414929491828526
25734,LOF,0.006922041197349527,0.24939580207494189,0.7436821567277087
25735,LOF,0.021005650205858074,0.1031137514203596,0.8758805983737824
25736,LOF,0.019283423017460097,0.166871849236007,0.8138447277465329
25737,LOF,0.03998438612499517,0.1460281100933124,0.8139875037816924
25738,LOF,0.020020644811119582,0.19906499457455273,0.7809143606143276
25739,LOF,0.02310422689167153,0.17471851622135656,0.802177256886972
25740,LOF,0.04723862685721498,0.19922866194889707,0.7535327111938879
25741,LOF,0.026382399023732638,0.165286453782164,0.8083311471941035
25742,LOF,0.04242310544169831,0.16884602516973704,0.7887308693885646
25743,LOF,0.011085850819836334,0.02781897173046027,0.9610951774497033
25744,LOF,0.1634505983549629,0.29132035809165535,0.5452290435533818
25745,LOF,0.029677293370259844,0.10975307588484795,0.8605696307448922
25746,LOF,0.013081462994579792,0.15728790733306192,0.8296306296723583
25747,LOF,0.03629213746554854,0.029373709944131646,0.9343341525903198
25748,LOF,0.27161672934938025,0.055289012894789595,0.6730942577558302
25749,LOF,0.01208292383386143,0.08469399578528373,0.9032230803808549
25750,LOF,0.016992694653103744,0.09171280313668163,0.8912945022102146
25751,LOF,0.04921740978886897,0.04989394395949368,0.9008886462516374
25752,GOF,0.07975742187098049,0.7390989863055543,0.18114359182346526
25753,LOF,0.006851880038569977,0.378518477271479,0.614629642689951
25754,GOF,0.007193032530447682,0.8685927299445054,0.1242142375250469
25755,LOF,0.0068625243059897345,0.4382217805941805,0.5549156950998299
25756,LOF,0.02819829130226644,0.44327925712347255,0.528522451574261
25757,GOF,0.006609783241801765,0.8665886241552563,0.1268015926029419
25758,GOF,0.009358695096907304,0.8846940050155138,0.10594729988757876
25759,GOF,0.006117103310925317,0.6120831603676118,0.38179973632146286
25760,LOF,0.005531830201060354,0.29530968013310144,0.6991584896658382
25761,GOF,0.05342945159171177,0.8599736779256237,0.08659687048266466
25762,LOF,0.027267339520032734,0.36992294243312923,0.602809718046838
25763,LOF,0.0063615587855488315,0.2779324968168756,0.7157059443975756
25764,GOF,0.07122261782160155,0.6640930908846681,0.2646842912937304
25765,GOF,0.008990157708211193,0.8595207210442113,0.1314891212475775
25766,GOF,0.03529408120501358,0.8450263386878258,0.11967958010716065
25767,GOF,0.013710820241988308,0.5505577690000155,0.4357314107579961
25768,LOF,0.04209589718975628,0.06702147225036376,0.8908826305598799
25769,LOF,0.02526524150313688,0.07770492637476327,0.8970298321220999
25770,LOF,0.14919162396476265,0.05528116893052173,0.7955272071047155
25771,LOF,0.014707537350875433,0.059579063059570496,0.925713399589554
25772,LOF,0.023615313948107886,0.028315434080548353,0.9480692519713438
25773,LOF,0.020888949494151945,0.051440719992858985,0.9276703305129891
25774,LOF,0.03139957309308954,0.09556683603153193,0.8730335908753786
25775,LOF,0.02240190291799765,0.0363641375932088,0.9412339594887936
25776,LOF,0.02565519660989934,0.02425429603390124,0.9500905073561994
25777,LOF,0.16278419696509758,0.06365091324495391,0.7735648897899486
25778,LOF,0.019566818915627403,0.05834619078014422,0.9220869903042284
25779,GOF,0.03493283693517375,0.8931377481322816,0.07192941493254458
25780,GOF,0.05936316521427734,0.8902059657438465,0.05043086904187618
25781,GOF,0.029048666159926774,0.8780056480565749,0.09294568578349821
25782,GOF,0.02470915645156194,0.9134745299425171,0.061816313605920964
25783,GOF,0.027877871339079038,0.9298360432742232,0.04228608538669785
25784,GOF,0.07248798357972905,0.8808326739539843,0.04667934246628655
25785,GOF,0.08265367909645363,0.8824842570177708,0.03486206388577572
25786,GOF,0.00844581930175767,0.8905521644538716,0.10100201624437058
25787,GOF,0.1655616085670655,0.790689353215456,0.0437490382174786
25788,LOF,0.01470165133746143,0.2187034131040454,0.7665949355584932
25789,GOF,0.015384899870001485,0.8697681588662481,0.11484694126375038
25790,GOF,0.01773127780576665,0.8891116222063763,0.09315709998785701
25791,GOF,0.01958320017496926,0.8184609285677663,0.16195587125726432
25792,GOF,0.022832722562032264,0.8463365106114353,0.13083076682653227
25793,GOF,0.05919189547274989,0.8683772319080745,0.07243087261917573
25794,GOF,0.05678511887533044,0.7942846925083149,0.14893018861635457
25795,GOF,0.04411269333597796,0.7657726455355571,0.19011466112846492
25796,GOF,0.07913065232130938,0.8390453530693771,0.08182399460931365
25797,GOF,0.06962940319949813,0.7829630884722246,0.14740750832827723
25798,GOF,0.004977285469530691,0.7927958393570846,0.20222687517338464
25799,GOF,0.004086299116550221,0.7393337446724594,0.2565799562109902
25800,GOF,0.024005063446846622,0.8464357587697837,0.12955917778336953
25801,GOF,0.016226291870080557,0.9059405445488615,0.0778331635810578
25802,GOF,0.024953333695412108,0.8391033643913046,0.13594330191328322
25803,GOF,0.017355549526952584,0.7296891048492878,0.2529553456237596
25804,GOF,0.026834560629990338,0.7910819802250914,0.18208345914491827
25805,GOF,0.021192755155231315,0.8036002629668676,0.17520698187790099
25806,GOF,0.021615195999266,0.8044474597302859,0.17393734427044807
25807,GOF,0.008083237330838782,0.7689380087189542,0.22297875395020694
25808,GOF,0.014930669075225503,0.7899996441317336,0.19506968679304101
25809,GOF,0.010185139775461411,0.7580949747960862,0.23171988542845237
25810,GOF,0.00840046145920629,0.7469402596736616,0.2446592788671321
25811,GOF,0.040036181299249386,0.8972072228926713,0.0627565958080795
25812,GOF,0.0282125245209924,0.8242270096317191,0.14756046584728844
25813,GOF,0.11054659278543255,0.8245895976560593,0.06486380955850819
25814,GOF,0.027999923424179812,0.8349902532747379,0.13700982330108236
25815,GOF,0.05585679356440248,0.851810506755932,0.09233269967966562
25816,GOF,0.010632331008769504,0.8780671863267355,0.11130048266449506
25817,GOF,0.09185387259286407,0.8258946902195242,0.08225143718761171
25818,GOF,0.02154841604137898,0.8207038529101196,0.15774773104850143
25819,GOF,0.04995532264987037,0.776092665262086,0.17395201208804362
25820,GOF,0.029821871420701782,0.7321828033665994,0.2379953252126989
25821,GOF,0.022015084729230604,0.7616199657765257,0.21636494949424362
25822,GOF,0.041303882401622305,0.7702210426491407,0.18847507494923693
25823,GOF,0.025138457370767666,0.7454434557281903,0.22941808690104198
25824,GOF,0.024296643647206854,0.7954829233197656,0.18022043303302754
25825,GOF,0.019846366528599654,0.7910892188246418,0.18906441464675874
25826,GOF,0.0075885411506144826,0.7500626521430599,0.2423488067063256
25827,GOF,0.012387094288042697,0.7160230206106494,0.2715898851013078
25828,GOF,0.00936827509669883,0.7544675607005823,0.23616416420271893
25829,GOF,0.004103268121232935,0.7046253934951672,0.2912713383836
25830,GOF,0.03349333997765181,0.5205869498970953,0.4459197101252529
25831,GOF,0.05161266403165553,0.8189854406882934,0.12940189528005105
25832,GOF,0.008191225263601614,0.7917393202458618,0.20006945449053665
25833,GOF,0.03125911176752606,0.839966766393509,0.12877412183896503
25834,GOF,0.009197170516997784,0.8037273983148976,0.1870754311681047
25835,GOF,0.022050394496869984,0.8572950536320406,0.12065455187108935
25836,GOF,0.006107781140225168,0.791661616149916,0.20223060270985874
25837,GOF,0.007546141756492308,0.8190417893332858,0.17341206891022184
25838,GOF,0.018713184052596362,0.8656172686099447,0.115669547337459
25839,GOF,0.04514705330927933,0.836377279642162,0.11847566704855866
25840,GOF,0.06989406268168148,0.8341584860891086,0.09594745122920996
25841,GOF,0.07445247337259317,0.8477654344594199,0.07778209216798708
25842,GOF,0.024627512917511418,0.9015406647548427,0.07383182232764594
25843,GOF,0.022844305376130292,0.9023860929161913,0.07476960170767848
25844,GOF,0.015847602303433083,0.8691925961198923,0.11495980157667467
25845,GOF,0.005685685772099536,0.7946897128041883,0.19962460142371227
25846,GOF,0.06476714125773296,0.84889087502555,0.08634198371671706
25847,GOF,0.01441512501160948,0.8942045869224217,0.091380288065969
25848,GOF,0.020182134058159773,0.8624322004951032,0.11738566544673704
25849,GOF,0.006465340643351676,0.8491301958461421,0.14440446351050626
25850,GOF,0.005843823471858336,0.7703777050233452,0.2237784715047963
25851,GOF,0.005520983947253526,0.7316398363509038,0.2628391797018426
25852,GOF,0.1430565056738267,0.6136935178773953,0.243249976448778
25853,GOF,0.06082791243098802,0.8303761508033434,0.10879593676566858
25854,GOF,0.005572685959373317,0.7551652516262691,0.23926206241435752
25855,GOF,0.02476838896192527,0.7395724080987527,0.23565920293932205
25856,GOF,0.04233874926169576,0.8026854580832423,0.15497579265506195
25857,GOF,0.02507926978693378,0.7442727382065633,0.23064799200650282
25858,GOF,0.010054451550692388,0.7571162606999944,0.23282928774931322
25859,GOF,0.007568989351379158,0.7489499488895262,0.24348106175909456
25860,GOF,0.06972262521391488,0.8230149616793515,0.10726241310673348
25861,GOF,0.0841027185504891,0.8256949725179114,0.09020230893159951
25862,GOF,0.020940396564901802,0.8985794431365347,0.08048016029856349
25863,GOF,0.023343617643557604,0.8898834188921596,0.08677296346428275
25864,GOF,0.0638714260664164,0.8847372347824105,0.05139133915117301
25865,GOF,0.047128265114031447,0.8666958283494296,0.086175906536539
25866,GOF,0.02705716076205108,0.8858810922375483,0.08706174700040069
25867,GOF,0.0444387100132136,0.8804011382164658,0.07516015177032061
25868,GOF,0.057694997517892394,0.8461408828346842,0.09616411964742327
25869,GOF,0.33309031720246235,0.5956068861485635,0.07130279664897406
25870,GOF,0.05579331681888957,0.6255204414325175,0.31868624174859295
25871,GOF,0.009943441576711605,0.877021420031102,0.11303513839218651
25872,GOF,0.01892174670209908,0.8637342187005516,0.1173440345973494
25873,GOF,0.019305300087548986,0.8861132319328332,0.09458146797961771
25874,LOF,0.014737619072858355,0.2550465862190016,0.73021579470814
25875,LOF,0.031728113746153724,0.05053069319464281,0.9177411930592035
25876,LOF,0.01883967297044935,0.03494158228869561,0.9462187447408551
25877,LOF,0.11932744886656922,0.08351527900643917,0.7971572721269917
25878,LOF,0.08931458103758318,0.12989867760751014,0.7807867413549068
25879,LOF,0.016455504197322685,0.0894898655801624,0.894054630222515
25880,LOF,0.06414551853791015,0.014768608496668226,0.9210858729654217
25881,Neutral,0.48725975448494135,0.08377394300223143,0.4289663025128271
25882,LOF,0.05732252256730888,0.030113087440339078,0.912564389992352
25883,LOF,0.02746665411511279,0.03306637856700473,0.9394669673178825
25884,LOF,0.014856137883672722,0.05618531135357583,0.9289585507627516
25885,LOF,0.18264879578015664,0.014249787078386242,0.8031014171414572
25886,LOF,0.276550014039102,0.063393351006936,0.6600566349539619
25887,LOF,0.1280487197145813,0.09960874067105856,0.7723425396143602
25888,LOF,0.008372719049095204,0.13392773649232761,0.8576995444585772
25889,LOF,0.022103677403698143,0.04079095107654096,0.9371053715197609
25890,LOF,0.1927337644382797,0.08148164574496213,0.7257845898167581
25891,LOF,0.11647797327358661,0.02767090539569518,0.8558511213307182
25892,LOF,0.01051946110282307,0.03173299686093145,0.9577475420362456
25893,LOF,0.37278720197742493,0.009751372593166488,0.6174614254294085
25894,LOF,0.39628793692738423,0.006895287009777982,0.5968167760628377
25895,LOF,0.3661222102985501,0.013313167924874737,0.6205646217765752
25896,LOF,0.07184572260375505,0.0261323826952208,0.9020218947010242
25897,LOF,0.15861602818074277,0.009716073636044572,0.8316678981832126
25898,LOF,0.1364576323898304,0.03502733422715842,0.8285150333830112
25899,LOF,0.42490295345593265,0.025626571704711037,0.5494704748393563
25900,Neutral,0.5101055631769353,0.008068889019064659,0.481825547804
25901,LOF,0.07546703829136901,0.010456110519510634,0.9140768511891203
25902,LOF,0.17789657097028239,0.01161463363980597,0.8104887953899116
25903,LOF,0.3387409101436055,0.024682414382550182,0.6365766754738443
25904,Neutral,0.5227250237341992,0.03468273175012275,0.4425922445156782
25905,LOF,0.006609309710619846,0.4306912358198074,0.5626994544695728
25906,LOF,0.008515326827540264,0.08100733194578964,0.9104773412266701
25907,LOF,0.007533566624405987,0.2871741379621962,0.7052922954133979
25908,LOF,0.0071322857934715805,0.27070394543396237,0.722163768772566
25909,LOF,0.029418746811619774,0.11684381235032462,0.8537374408380556
25910,LOF,0.011803129514793571,0.14835164635648956,0.8398452241287168
25911,LOF,0.20522398169976663,0.0491501581461851,0.7456258601540482
25912,LOF,0.10618999239075554,0.03273824547259409,0.8610717621366504
25913,LOF,0.02480735150099778,0.05557217085026479,0.9196204776487376
25914,LOF,0.039325274394000354,0.02268148282004889,0.9379932427859508
25915,LOF,0.20646231325967937,0.11554877165500253,0.677988915085318
25916,LOF,0.025123632569204156,0.05836875284585216,0.9165076145849436
25917,LOF,0.0722037235484264,0.02179616033045156,0.906000116121122
25918,LOF,0.04189977588343263,0.013909803544096369,0.944190420572471
25919,LOF,0.03624631991767387,0.013280734717704978,0.9504729453646211
25920,Neutral,0.3642075198890844,0.27435078070670643,0.36144169940420917
25921,LOF,0.01590284594974888,0.03323784657098743,0.9508593074792636
25922,LOF,0.018445538909212383,0.035969091919015365,0.9455853691717723
25923,LOF,0.42926494809376387,0.027700285885987483,0.5430347660202486
25924,LOF,0.025702855383731276,0.05055142954526024,0.9237457150710084
25925,LOF,0.09722739822723017,0.0426404310908775,0.8601321706818923
25926,LOF,0.07936270590696325,0.03928497938495168,0.8813523147080851
25927,LOF,0.0231853447680301,0.07556892311837482,0.901245732113595
25928,LOF,0.011140943382112859,0.04905180200370034,0.9398072546141868
25929,Neutral,0.558265024732507,0.026629379621711798,0.4151055956457812
25930,LOF,0.08108974935919117,0.02589774884045006,0.8930125018003588
25931,LOF,0.013929191323975326,0.035521210086667705,0.950549598589357
25932,LOF,0.06178413834300032,0.03242898580047699,0.9057868758565227
25933,LOF,0.059237144216440746,0.01935654984334441,0.9214063059402149
25934,LOF,0.0578679887396256,0.01818453218369205,0.9239474790766823
25935,LOF,0.0890994218704679,0.04986052397496905,0.861040054154563
25936,LOF,0.10781327189932129,0.019525888009071655,0.872660840091607
25937,LOF,0.022473221232262336,0.02379430020804478,0.9537324785596929
25938,LOF,0.09229601646250016,0.04490869225290248,0.8627952912845974
25939,LOF,0.049726610587345677,0.023790336992645832,0.9264830524200085
25940,LOF,0.008716656090001412,0.46232507041056403,0.5289582734994345
25941,LOF,0.46119763974280215,0.0505617691171903,0.48824059114000745
25942,LOF,0.011326432896052941,0.05933239325973021,0.9293411738442169
25943,LOF,0.04215604943850059,0.17530141098349766,0.7825425395780017
25944,LOF,0.03640743084613617,0.07170884259100412,0.8918837265628596
25945,LOF,0.12396705548632933,0.03344086106958115,0.8425920834440896
25946,LOF,0.0695015028421737,0.04104141404017127,0.889457083117655
25947,Neutral,0.5290200907564627,0.07206133940991398,0.3989185698336233
25948,LOF,0.42478374413947756,0.015765084581002405,0.55945117127952
25949,LOF,0.1866210649868896,0.062187248672254204,0.7511916863408562
25950,GOF,0.09192191112066442,0.5317692723670457,0.37630881651228987
25951,LOF,0.015798575448370142,0.4570623336276374,0.5271390909239925
25952,LOF,0.2573072190450822,0.214770489518944,0.5279222914359738
25953,LOF,0.009625934238891418,0.26640751648223665,0.7239665492788718
25954,LOF,0.08524570073353673,0.4037575891871133,0.51099671007935
25955,LOF,0.00787505064678045,0.2391132001221856,0.753011749231034
25956,LOF,0.015237855140001156,0.3254369595413885,0.6593251853186104
25957,LOF,0.16556108808292877,0.03123876427684347,0.8032001476402277
25958,LOF,0.029232889009945147,0.05944452338112654,0.9113225876089283
25959,GOF,0.006377358453557707,0.7411448273775615,0.2524778141688808
25960,LOF,0.0048481714964184845,0.10915425199963567,0.8859975765039458
25961,LOF,0.027294077468011584,0.047949649121304956,0.9247562734106834
25962,LOF,0.044804404472121195,0.07611228607364141,0.8790833094542373
25963,LOF,0.006765166038987747,0.14451449350650267,0.8487203404545096
25964,LOF,0.027313280259075125,0.13745202034456128,0.8352346993963636
25965,LOF,0.28628681394320665,0.17184496477561736,0.5418682212811761
25966,LOF,0.35861170405765663,0.09115198817763184,0.5502363077647116
25967,LOF,0.007369536984324468,0.07070384180587494,0.9219266212098005
25968,LOF,0.04707621819591342,0.22441097833406531,0.7285128034700212
25969,LOF,0.17840152350985958,0.051817884945559854,0.7697805915445805
25970,LOF,0.07479179724793682,0.06390984830524629,0.8612983544468169
25971,LOF,0.07811981432190786,0.030187472861370475,0.8916927128167216
25972,LOF,0.07752108512689761,0.05557814372541349,0.8669007711476889
25973,LOF,0.06885237912076608,0.009966534937285153,0.9211810859419487
25974,LOF,0.04039871929017713,0.039303187275558905,0.9202980934342639
25975,LOF,0.03813152270374027,0.01947927013319897,0.9423892071630607
25976,LOF,0.0869933375301106,0.010933704208930653,0.9020729582609588
25977,LOF,0.2423364099430624,0.04873215522787745,0.7089314348290602
25978,LOF,0.1618245193992964,0.15632722651007652,0.6818482540906271
25979,LOF,0.13529309499540979,0.1753315822184055,0.6893753227861846
25980,LOF,0.2093231749052004,0.2288672745625896,0.56180955053221
25981,LOF,0.21019635062054245,0.23118981939962954,0.558613829979828
25982,LOF,0.4072926365059803,0.1199943187906856,0.47271304470333425
25983,LOF,0.4071555925520071,0.1433109473966817,0.44953346005131123
25984,LOF,0.04832785722179997,0.08836253340072218,0.8633096093774779
25985,Neutral,0.4967434814507312,0.11676049930500179,0.386496019244267
25986,LOF,0.012074329051895032,0.4489403309248581,0.5389853400232469
25987,LOF,0.03859898945419548,0.0961235050014358,0.8652775055443687
25988,LOF,0.04709690234882995,0.1412652668131936,0.8116378308379764
25989,LOF,0.05668770271026893,0.19096608497685447,0.7523462123128766
25990,LOF,0.04855658934929509,0.30849179739316324,0.6429516132575417
25991,LOF,0.026844868876842346,0.43706077728014137,0.5360943538430162
25992,LOF,0.01800455945985496,0.38661937410865693,0.5953760664314881
25993,LOF,0.027970305704260904,0.05321900445901045,0.9188106898367288
25994,LOF,0.025444353815056824,0.0554495897938808,0.9191060563910625
25995,LOF,0.02077706438642918,0.1025676767537436,0.8766552588598273
25996,Neutral,0.3780330034856387,0.3403360303416481,0.2816309661727132
25997,LOF,0.06107556243368378,0.4088804764227238,0.5300439611435923
25998,LOF,0.2594925370711927,0.041648938547040215,0.6988585243817671
25999,LOF,0.04188945025850554,0.10478714934915283,0.8533234003923417
26000,LOF,0.14849545574357825,0.013804019331898764,0.837700524924523
26001,LOF,0.23803274975921201,0.017316745570597324,0.7446505046701907
26002,LOF,0.12625417735314576,0.02309543518165926,0.8506503874651951
26003,GOF,0.0071073510747929345,0.6115525464067662,0.38134010251844086
26004,GOF,0.014328499531013082,0.6037021199695335,0.3819693804994535
26005,LOF,0.004610022374715442,0.45848255839753227,0.5369074192277523
26006,GOF,0.08238507496148033,0.48973717620346036,0.4278777488350593
26007,LOF,0.009930758858950105,0.48597123014082405,0.5040980110002258
26008,GOF,0.005633657519549483,0.5774911470464359,0.4168751954340146
26009,GOF,0.01077969229001244,0.6189531488444042,0.3702671588655833
26010,GOF,0.008117850624841124,0.5390514440854348,0.45283070528972413
26011,LOF,0.004124562191439009,0.3969852545407106,0.5988901832678505
26012,GOF,0.004578643856491675,0.5409774096186373,0.454443946524871
26013,GOF,0.009574756227824083,0.5264882416367622,0.46393700213541367
26014,LOF,0.06856730255521368,0.089803733209502,0.8416289642352843
26015,LOF,0.36160033123601165,0.05178474759621933,0.5866149211677689
26016,LOF,0.2560579968669993,0.07007982829978233,0.6738621748332183
26017,LOF,0.011342777240634523,0.24801959630580428,0.7406376264535611
26018,LOF,0.02307694317449485,0.12322362109717948,0.8536994357283256
26019,LOF,0.023086312233788858,0.11077319161405333,0.8661404961521578
26020,LOF,0.007228361571273232,0.23267515549228218,0.7600964829364445
26021,LOF,0.06924732136698339,0.11970567926025757,0.8110469993727591
26022,LOF,0.03578990183872834,0.05697984741410485,0.9072302507471669
26023,LOF,0.018052396750399963,0.08676694870090888,0.8951806545486912
26024,LOF,0.049850994898660225,0.0910575144082427,0.8590914906930972
26025,LOF,0.11304576636635508,0.11452969716430395,0.7724245364693411
26026,LOF,0.10281490895369896,0.07799446775166353,0.8191906232946375
26027,LOF,0.023521372385999113,0.054750899796945335,0.9217277278170556
26028,LOF,0.07888788961572045,0.18227400485067058,0.7388381055336088
26029,LOF,0.02328819543940467,0.13237891133515242,0.844332893225443
26030,LOF,0.12063363862602973,0.01975069133050359,0.8596156700434667
26031,LOF,0.010300851864218087,0.11763509937982224,0.8720640487559597
26032,LOF,0.03901447463033892,0.037636489732994036,0.9233490356366669
26033,LOF,0.04211041425657878,0.037326274757409725,0.9205633109860115
26034,LOF,0.014594269309461195,0.09357651540014135,0.8918292152903974
26035,LOF,0.01100948717520761,0.08806606175776897,0.9009244510670235
26036,LOF,0.010486983243117216,0.07503158085900202,0.9144814358978809
26037,LOF,0.010557567926594956,0.08192508401511403,0.9075173480582909
26038,LOF,0.033155972347773115,0.03349536760289885,0.9333486600493281
26039,LOF,0.03521951049675956,0.10354224311700606,0.8612382463862345
26040,LOF,0.09116326372338067,0.1049622190695767,0.8038745172070427
26041,LOF,0.01301614620874057,0.07747462701914816,0.9095092267721113
26042,LOF,0.011750989978951753,0.08011240823705917,0.9081366017839891
26043,LOF,0.03336820718702266,0.05021729004853918,0.9164145027644381
26044,LOF,0.00875329845346345,0.03373747152383643,0.9575092300227
26045,LOF,0.08405268552519783,0.10500130024320758,0.8109460142315946
26046,LOF,0.03038986079151083,0.03821159016214087,0.9313985490463483
26047,LOF,0.057707613652258176,0.03993348571361185,0.9023589006341299
26048,LOF,0.08987835634290944,0.01659067302499306,0.8935309706320975
26049,Neutral,0.9349269208681769,0.005963417177081281,0.05910966195474186
26050,Neutral,0.8983587810780869,0.006260282884588964,0.09538093603732412
26051,LOF,0.030754005909337932,0.06334381706505288,0.9059021770256092
26052,LOF,0.03281301548882279,0.054447159720734564,0.9127398247904426
26053,LOF,0.021791873548460627,0.15958784454621547,0.8186202819053239
26054,LOF,0.04996872622546629,0.03806619564215614,0.9119650781323775
26055,LOF,0.07753073210201294,0.03430551742230494,0.8881637504756821
26056,LOF,0.06364602030671249,0.04406613066901075,0.8922878490242767
26057,LOF,0.05108311047322139,0.02243472208309302,0.9264821674436856
26058,LOF,0.054774915681961404,0.01798323929159449,0.9272418450264441
26059,LOF,0.20733178607713518,0.04059222891129435,0.7520759850115706
26060,LOF,0.018858293414543748,0.14831386144362635,0.8328278451418298
26061,LOF,0.0119053234868966,0.012987072211103505,0.9751076043019999
26062,LOF,0.005968510966346716,0.018938665766827567,0.9750928232668258
26063,LOF,0.03720428034198959,0.016761294131324923,0.9460344255266855
26064,LOF,0.013710600226152683,0.02228920145946873,0.9640001983143787
26065,LOF,0.04911057593932639,0.02108333448365258,0.9298060895770209
26066,LOF,0.035612837077245094,0.015080869323455384,0.9493062935992996
26067,LOF,0.04027258431716857,0.01634779581325771,0.9433796198695736
26068,LOF,0.04785369091002282,0.048536096710843725,0.9036102123791335
26069,LOF,0.238432658437368,0.03128037950147349,0.7302869620611586
26070,LOF,0.4662625237788421,0.022173939914520876,0.5115635363066371
26071,LOF,0.04082298523161055,0.01937785744605739,0.939799157322332
26072,LOF,0.007364686749694136,0.022438303533520946,0.9701970097167848
26073,LOF,0.032756617699078665,0.021181247661980564,0.9460621346389407
26074,Neutral,0.837801416195848,0.012666593369726916,0.14953199043442517
26075,LOF,0.04929588270487107,0.027647049612607194,0.9230570676825217
26076,LOF,0.044580125327795254,0.01841245747993522,0.9370074171922694
26077,LOF,0.13871526063972314,0.00949725316558049,0.8517874861946964
26078,LOF,0.006646566341128612,0.02033299688680111,0.9730204367720703
26079,LOF,0.05793982172461524,0.027242756645439566,0.9148174216299453
26080,LOF,0.05696083684535438,0.027253167432390042,0.9157859957222556
26081,LOF,0.03005640844462005,0.013732659925851418,0.9562109316295285
26082,LOF,0.005935520292956143,0.023759551634197806,0.970304928072846
26083,LOF,0.10287243827953027,0.031430386570890735,0.8656971751495789
26084,LOF,0.09347808325498615,0.027461589769655157,0.8790603269753586
26085,LOF,0.08353976411635998,0.022477456746960753,0.8939827791366792
26086,LOF,0.03488517108539802,0.018689592333285692,0.9464252365813164
26087,LOF,0.033337133841453745,0.016413906210030933,0.9502489599485152
26088,LOF,0.006916336046242107,0.0318105260180906,0.9612731379356672
26089,LOF,0.042428026200405436,0.042894123092558155,0.9146778507070363
26090,LOF,0.042535829271112525,0.03410600125936248,0.9233581694695251
26091,LOF,0.024665117654499424,0.012687012548010662,0.96264786979749
26092,LOF,0.04213272744819304,0.013577623029820055,0.944289649521987
26093,LOF,0.075478262085775,0.009721728707152856,0.9148000092070722
26094,LOF,0.029436593861702064,0.012409315281891433,0.9581540908564066
26095,LOF,0.020288110396739615,0.022239707316891517,0.9574721822863688
26096,LOF,0.19242494746547462,0.006346449859315397,0.8012286026752099
26097,LOF,0.006937456769569312,0.04699247475640204,0.9460700684740287
26098,LOF,0.1091413947291413,0.022385742566781074,0.8684728627040776
26099,LOF,0.03396187360571163,0.030115367773325914,0.9359227586209625
26100,LOF,0.03393969663964907,0.030116059120251906,0.9359442442400991
26101,LOF,0.05352290136701602,0.05073890712308094,0.8957381915099031
26102,LOF,0.028840261343404953,0.025171520918448313,0.9459882177381468
26103,Neutral,0.885628633912866,0.03434383479719207,0.08002753128994204
26104,LOF,0.05411469697682553,0.05060076314947495,0.8952845398736994
26105,LOF,0.265382695804001,0.11124871458615046,0.6233685896098485
26106,LOF,0.31230654526511686,0.07481015174774623,0.6128833029871369
26107,LOF,0.01894923865490158,0.08133473669973572,0.8997160246453627
26108,LOF,0.2590044327702649,0.04187362735214498,0.6991219398775901
26109,LOF,0.07985025130064137,0.03476446976554511,0.8853852789338136
26110,LOF,0.3996411273953264,0.01400658166865042,0.5863522909360231
26111,LOF,0.05951836600202021,0.14097495725441617,0.7995066767435636
26112,LOF,0.05021573316811001,0.013193318700412992,0.9365909481314771
26113,LOF,0.10241488403773447,0.036649866981554036,0.8609352489807114
26114,LOF,0.09220680145702004,0.006680463032232699,0.9011127355107473
26115,LOF,0.016940169345897774,0.050790545770898365,0.9322692848832039
26116,LOF,0.07894093902014745,0.022248562655071007,0.8988104983247817
26117,LOF,0.35740528839210384,0.05257503734293203,0.5900196742649642
26118,LOF,0.05119369564500607,0.024114553930642494,0.9246917504243514
26119,LOF,0.005772654101378937,0.11171868026790331,0.8825086656307177
26120,LOF,0.03678871835231273,0.02108670450762538,0.9421245771400618
26121,LOF,0.003426388108220308,0.15901092115198778,0.837562690739792
