feature0,prediction,LoGoFunc_Neutral,LoGoFunc_GOF,LoGoFunc_LOF
25546,Neutral,0.6591849308038848,0.04048781223271023,0.3003272569634049
25547,Neutral,0.5447553302713609,0.08234281415574893,0.3729018555728901
25548,Neutral,0.5150077912939456,0.061460133664070084,0.4235320750419843
25549,Neutral,0.4804160980345504,0.06152070987755752,0.45806319208789203
25550,LOF,0.40571609139219006,0.10524489091390384,0.4890390176939061
25551,LOF,0.3341170783175711,0.10511707588955364,0.5607658457928753
25552,LOF,0.18927750309287275,0.11443839783103155,0.6962840990760957
25553,Neutral,0.8131307164306938,0.033317737831150995,0.15355154573815522
25554,LOF,0.2317788300716986,0.11555244476026084,0.6526687251680405
25555,LOF,0.18227876520409836,0.10772747749950512,0.7099937572963966
25556,Neutral,0.5114143609811793,0.08793525053511,0.4006503884837106
25557,LOF,0.17948717711069648,0.11175035836350314,0.7087624645258004
25558,LOF,0.23528919928663725,0.12168443202972223,0.6430263686836405
25559,LOF,0.36474987648895096,0.06202870116264083,0.5732214223484081
25560,LOF,0.04468048985059919,0.2488492193038521,0.7064702908455487
25561,LOF,0.08363546313334118,0.28177990416783255,0.6345846326988264
25562,LOF,0.1083271004679187,0.12572418817493478,0.7659487113571466
25563,LOF,0.10970156357586677,0.13693820133718332,0.7533602350869498
25564,LOF,0.11098223397444398,0.2673600895733911,0.6216576764521649
25565,LOF,0.128986337802608,0.2279273594567386,0.6430863027406534
25566,GOF,0.01467007755769624,0.740842038557703,0.24448788388460072
25567,LOF,0.014621233117056938,0.11696213768659004,0.8684166291963531
25568,LOF,0.05307110506108206,0.06707052649984431,0.8798583684390737
25569,LOF,0.06457456876906666,0.06908784773623318,0.8663375834947002
25570,LOF,0.06352287832510489,0.10229718507742361,0.8341799365974715
25571,LOF,0.06365911559836164,0.08838937840629787,0.8479515059953404
25572,LOF,0.0626076723719134,0.13301318373638388,0.8043791438917026
25573,LOF,0.031660581055544125,0.0853940352804624,0.8829453836639936
25574,LOF,0.01854215729718075,0.1377731962134266,0.8436846464893926
25575,LOF,0.057358783056274364,0.09054467807968218,0.8520965388640435
25576,LOF,0.019179515178827718,0.10217224017261187,0.8786482446485604
25577,LOF,0.013653406670814858,0.14373245973976365,0.8426141335894214
25578,LOF,0.24696485531852957,0.08111447059021126,0.6719206740912591
25579,LOF,0.24924986043487382,0.08064994704172983,0.6701001925233963
25580,LOF,0.03745539909164704,0.0845705021222699,0.877974098786083
25581,LOF,0.05317438958707813,0.07070579162350275,0.8761198187894191
25582,LOF,0.05308888338911648,0.06792634564176023,0.8789847709691232
25583,LOF,0.04645111607993028,0.09144858729223376,0.8621002966278359
25584,Neutral,0.47084708076863574,0.0825530383197314,0.4465998809116329
25585,LOF,0.03242978968845287,0.11149007614290511,0.8560801341686419
25586,LOF,0.04469121701761631,0.07396234177293905,0.8813464412094447
25587,LOF,0.03878771814655103,0.06999181385702707,0.891220467996422
25588,LOF,0.03873979067441487,0.08934876602985162,0.8719114432957336
25589,Neutral,0.5961105700949713,0.08956651441816123,0.3143229154868675
25590,LOF,0.028244093117417598,0.12341647625705297,0.8483394306255294
25591,LOF,0.11384403907674873,0.05669727029686206,0.8294586906263893
25592,LOF,0.11015263044150478,0.12031857539678549,0.7695287941617097
25593,LOF,0.015673504885137527,0.20058412522182556,0.783742369893037
25594,LOF,0.038745220961032674,0.12562840698871636,0.835626372050251
25595,LOF,0.07099631223252875,0.09435270011414179,0.8346509876533295
25596,LOF,0.08621777851374428,0.0757961030734504,0.8379861184128052
25597,LOF,0.06868181658904911,0.037416212810926566,0.8939019706000243
25598,LOF,0.051183462022278414,0.12944150780592947,0.8193750301717923
25599,GOF,0.006670113692131529,0.6719631930255238,0.3213666932823448
25600,GOF,0.00724185446886737,0.5732209959812659,0.41953714954986665
25601,LOF,0.006856204783982606,0.4275776448124215,0.5655661504035959
25602,LOF,0.01338038499973892,0.09024876139391512,0.896370853606346
25603,LOF,0.03691074310752424,0.04313765593620637,0.9199516009562695
25604,LOF,0.03614664978020688,0.0919393719716881,0.871913978248105
25605,LOF,0.009638358272249641,0.2715861478175937,0.7187754939101566
25606,GOF,0.05120824133975827,0.5925799629471433,0.35621179571309847
25607,LOF,0.0034760839565285183,0.191043456417541,0.8054804596259305
25608,LOF,0.04818340472962952,0.041335606905652134,0.9104809883647184
25609,LOF,0.05361319192955006,0.3097400177448431,0.6366467903256068
25610,LOF,0.0471440813877937,0.03914013824355115,0.9137157803686552
25611,LOF,0.05622665037645685,0.032489522947044346,0.9112838266764989
25612,LOF,0.12358736536501103,0.07447542765969108,0.8019372069752978
25613,LOF,0.1099992858467618,0.0661768663294521,0.8238238478237861
25614,LOF,0.03855022363244435,0.04563722906589697,0.9158125473016586
25615,LOF,0.0913936418341987,0.0504760769409673,0.8581302812248339
25616,LOF,0.037574806828978395,0.05513352361665932,0.9072916695543624
25617,LOF,0.04023772423504943,0.051633631152813525,0.908128644612137
25618,LOF,0.26576595565780003,0.046770114316139345,0.6874639300260605
25619,LOF,0.03989266903239804,0.044859726563025906,0.915247604404576
25620,LOF,0.03673969063728775,0.05324835613826,0.9100119532244523
25621,LOF,0.04334961264480347,0.04557974813481623,0.9110706392203802
25622,LOF,0.03482709037416149,0.06988519638780248,0.8952877132380361
25623,LOF,0.06049109072571969,0.052833110743781324,0.8866757985304989
25624,LOF,0.03253383142524038,0.0579577923206617,0.9095083762540979
25625,LOF,0.04403348127063123,0.07026706121269852,0.8856994575166701
25626,LOF,0.0814486282642498,0.05616742599656471,0.8623839457391854
25627,Neutral,0.5471747298052985,0.10884551204051549,0.3439797581541862
25628,LOF,0.21626703209972564,0.048726881146661495,0.7350060867536129
25629,LOF,0.07859046256982881,0.12191370506239418,0.799495832367777
25630,LOF,0.19191259877689018,0.0866818701207901,0.7214055311023198
25631,Neutral,0.5919921453656298,0.05210543561128414,0.35590241902308606
25632,LOF,0.02043404248969985,0.09836155191244428,0.8812044055978558
25633,LOF,0.21348273414859217,0.10412059356164692,0.6823966722897609
25634,LOF,0.03736433341406498,0.10201879142179474,0.8606168751641402
25635,LOF,0.037602150667734854,0.09488060377588638,0.8675172455563788
25636,GOF,0.005774837742241512,0.6703540463898614,0.32387111586789713
25637,GOF,0.003972714395345322,0.5445169572834951,0.4515103283211596
25638,GOF,0.007205763010388235,0.4988704042852969,0.49392383270431495
25639,LOF,0.0044221321762467425,0.47945696394130527,0.516120903882448
25640,GOF,0.43544074228950447,0.5120022159867451,0.05255704172375055
25641,LOF,0.005314436125788798,0.3765273453624521,0.6181582185117591
25642,LOF,0.26559296287036793,0.1311418802734202,0.6032651568562117
25643,LOF,0.2739917047740737,0.3059041904924255,0.4201041047335009
25644,GOF,0.015246427413198949,0.7117086905819208,0.2730448820048803
25645,GOF,0.010535664772185331,0.6538752813760872,0.33558905385172744
25646,LOF,0.011416371982182228,0.47061704284352485,0.517966585174293
25647,LOF,0.010205433610510156,0.35349945379712777,0.636295112592362
25648,LOF,0.007593117102147916,0.42036722612457794,0.5720396567732742
25649,LOF,0.008392549710382297,0.28328883656882947,0.7083186137207882
25650,GOF,0.025474771156532204,0.635572375020398,0.3389528538230698
25651,LOF,0.0064794183977635355,0.32427721496456907,0.6692433666376674
25652,LOF,0.010579275618796043,0.42423588545535784,0.5651848389258461
25653,GOF,0.04756264568095994,0.5824838968465567,0.3699534574724834
25654,LOF,0.008321899180494911,0.40558935447870503,0.5860887463408001
25655,GOF,0.061430550193438266,0.5880970606447639,0.35047238916179785
25656,LOF,0.05699677908296448,0.0959534485592956,0.8470497723577399
25657,LOF,0.28243672993292096,0.04033560704907874,0.6772276630180004
25658,LOF,0.032430258821229865,0.16320177798242835,0.8043679631963419
25659,LOF,0.21600939769195202,0.08709163637752994,0.6968989659305181
25660,LOF,0.09274511002549803,0.11062757072066082,0.7966273192538412
25661,LOF,0.08403151043762769,0.07453357827700527,0.841434911285367
25662,LOF,0.036872926992005534,0.06597141733768902,0.8971556556703054
25663,LOF,0.04672824797295714,0.11309973736865343,0.8401720146583894
25664,LOF,0.02921110452813373,0.12954595177249675,0.8412429436993696
25665,LOF,0.044012443758450925,0.06866748765690084,0.8873200685846482
25666,LOF,0.041616164232656905,0.1687284244147305,0.7896554113526126
25667,LOF,0.03840068855546766,0.06444746043675018,0.897151851007782
25668,LOF,0.055392437511800716,0.06454463351627722,0.8800629289719221
25669,LOF,0.05090697788219942,0.10056446734258316,0.8485285547752175
25670,LOF,0.08735804493973093,0.09249524900425964,0.8201467060560094
25671,LOF,0.04639110291028232,0.05766861968849042,0.8959402774012273
25672,LOF,0.05076942528992866,0.07664228720925392,0.8725882875008173
25673,LOF,0.038002023801407894,0.07588624802409738,0.8861117281744947
25674,LOF,0.02610800555764172,0.09222548030409874,0.8816665141382595
25675,LOF,0.03390054590582775,0.07260154381369026,0.893497910280482
25676,LOF,0.034619965758624076,0.07423160515502998,0.891148429086346
25677,LOF,0.08276452245150367,0.06485865643800688,0.8523768211104895
25678,LOF,0.1482409355754553,0.053583561524167926,0.7981755029003766
25679,LOF,0.1276802609157164,0.05978477672348657,0.812534962360797
25680,LOF,0.08672284862315942,0.10008235651458214,0.8131947948622585
25681,LOF,0.10244816078070323,0.09701059238455237,0.8005412468347445
25682,LOF,0.05317909369287145,0.06780066963369896,0.8790202366734297
25683,LOF,0.08043700193043622,0.08249790287917573,0.8370650951903881
25684,LOF,0.06400474698089552,0.07025685489523781,0.8657383981238667
25685,LOF,0.13646954616820345,0.04771769534939334,0.8158127584824031
25686,LOF,0.032624842677249286,0.09358989669156444,0.8737852606311862
25687,LOF,0.06788434657288675,0.08903698333467781,0.8430786700924354
25688,LOF,0.018799679172930316,0.0708267488149879,0.9103735720120818
25689,LOF,0.01628100369530869,0.048873620086698974,0.9348453762179924
25690,LOF,0.016879439592911147,0.053498991097753724,0.9296215693093351
25691,LOF,0.09337120430400576,0.07618649648849682,0.8304422992074973
25692,LOF,0.16456143927649558,0.01566980015784911,0.8197687605656554
25693,LOF,0.03782250815335241,0.2514539416805365,0.7107235501661112
25694,LOF,0.23406331860684626,0.015861030625705857,0.750075650767448
25695,LOF,0.17446196724647345,0.029517215406281386,0.7960208173472452
25696,LOF,0.07881169297265268,0.028304072265519564,0.8928842347618277
25697,LOF,0.1519107600099041,0.040841445484319804,0.8072477945057761
25698,LOF,0.01677065753614586,0.4264071087392537,0.5568222337246005
25699,LOF,0.09310617523773755,0.08721687012188062,0.8196769546403818
25700,LOF,0.0348510644176083,0.01954785238590506,0.9456010831964866
25701,LOF,0.015125826119433007,0.11650931231795522,0.8683648615626117
25702,GOF,0.02156064715327503,0.8023895678103797,0.17604978503634522
25703,LOF,0.012741021717713135,0.3200669966907335,0.6671919815915532
25704,LOF,0.08095139261690867,0.24138391140489568,0.6776646959781956
25705,LOF,0.08299186809020848,0.28684432693906337,0.6301638049707282
25706,GOF,0.016355370234165223,0.6549257778339252,0.3287188519319096
25707,GOF,0.023994074708232095,0.5630140692999056,0.41299185599186233
25708,GOF,0.0074469170147122106,0.5579628226938915,0.43459026029139625
25709,LOF,0.02825701849863196,0.08814670633708475,0.8835962751642833
25710,LOF,0.005416712941491577,0.18253436388141828,0.8120489231770902
25711,LOF,0.027320105583265395,0.16007074789403997,0.8126091465226947
25712,LOF,0.007473020787433353,0.24056587912432023,0.7519611000882463
25713,LOF,0.02770647148717046,0.1351117066167277,0.8371818218961018
25714,LOF,0.02476014381709683,0.18229972159133273,0.7929401345915705
25715,LOF,0.03133417674248031,0.15709165871792946,0.8115741645395903
25716,LOF,0.005335096811535325,0.19320392405972087,0.8014609791287437
25717,LOF,0.005258357240762643,0.17626042343564388,0.8184812193235934
25718,LOF,0.027812834531136147,0.10314279552378176,0.8690443699450822
25719,LOF,0.03558899947098486,0.16546279079159137,0.7989482097374236
25720,LOF,0.03659602876327332,0.14121492516383494,0.8221890460728917
25721,LOF,0.028124242412863137,0.11920387671116298,0.8526718808759738
25722,LOF,0.020099889198639233,0.17091492293591318,0.8089851878654476
25723,LOF,0.02995574331948237,0.1440443872838139,0.8259998693967038
25724,LOF,0.03015097348057963,0.2495722103920158,0.7202768161274046
25725,LOF,0.031172000088645443,0.1157621733826374,0.8530658265287171
25726,LOF,0.02131321493068445,0.15485760032833987,0.8238291847409757
25727,LOF,0.02894275992854891,0.154246813372375,0.816810426699076
25728,LOF,0.026543323295523127,0.1509165863362522,0.8225400903682246
25729,LOF,0.026048953614383124,0.16548920069793646,0.8084618456876804
25730,LOF,0.03115939786368522,0.10591946258226613,0.8629211395540486
25731,LOF,0.009273013162508916,0.17578474220811818,0.8149422446293728
25732,LOF,0.022644628083401647,0.1197610946184377,0.8575942772981606
25733,LOF,0.034526433838717896,0.11761609429181813,0.8478574718694639
25734,LOF,0.0058819327396514055,0.2921094268511217,0.7020086404092268
25735,LOF,0.025726184938727633,0.10520730527891707,0.8690665097823553
25736,LOF,0.024053928576298022,0.1925657633577072,0.7833803080659949
25737,LOF,0.06063179148425027,0.16913647889873526,0.7702317296170144
25738,LOF,0.024947199705772027,0.2159420307572772,0.7591107695369509
25739,LOF,0.02817359126712714,0.1320149353672328,0.8398114733656401
25740,LOF,0.032389689756337554,0.15924762586151667,0.8083626843821459
25741,LOF,0.03795510949351988,0.1465132181314706,0.8155316723750095
25742,LOF,0.048698582084205966,0.15686880360855304,0.794432614307241
25743,LOF,0.010648773724781535,0.022595150368496637,0.9667560759067217
25744,LOF,0.1826615542381981,0.18379285738891366,0.6335455883728882
25745,LOF,0.03447715585428805,0.05834223303331736,0.9071806111123946
25746,LOF,0.01489472126453202,0.08122604728580823,0.9038792314496598
25747,LOF,0.041916341880003746,0.02388687117238407,0.9341967869476122
25748,LOF,0.28630524101849514,0.04092181613616861,0.6727729428453362
25749,LOF,0.015351970826440445,0.052061478449371076,0.9325865507241885
25750,LOF,0.02086633283384627,0.0590933466382775,0.9200403205278762
25751,LOF,0.04026157738628417,0.0376338827511299,0.9221045398625859
25752,GOF,0.07407985409803733,0.719864501330395,0.2060556445715675
25753,GOF,0.006888582024249215,0.4997943548941997,0.493317063081551
25754,GOF,0.007440909643235384,0.9172915267416542,0.0752675636151105
25755,LOF,0.006548343928054786,0.47702239815760944,0.5164292579143357
25756,GOF,0.022980257852705292,0.504935441341999,0.47208430080529584
25757,GOF,0.008019849977531426,0.9005523567590789,0.09142779326338978
25758,GOF,0.008426768389018484,0.9111184903901491,0.08045474122083256
25759,GOF,0.005798269922871538,0.708501891655025,0.2856998384221034
25760,LOF,0.006004013012091507,0.37305685604707023,0.6209391309408382
25761,GOF,0.046501349680923565,0.8810111420202728,0.07248750829880368
25762,LOF,0.025576328577211156,0.4480748579635881,0.5263488134592008
25763,LOF,0.0057290045941428966,0.36070722539904004,0.633563770006817
25764,GOF,0.05745644120821141,0.7310038879669637,0.21153967082482503
25765,GOF,0.00847959118564582,0.9025791610141277,0.0889412478002263
25766,GOF,0.027084219221807534,0.8696894793156288,0.1032263014625637
25767,GOF,0.02006737016976374,0.5265119395495392,0.45342069028069704
25768,LOF,0.05952389895185166,0.05077853368164701,0.8896975673665013
25769,LOF,0.03995894072117808,0.07786156285824475,0.8821794964205771
25770,LOF,0.1406064864559404,0.09669144536365923,0.7627020681804003
25771,LOF,0.018188718798067462,0.07645425424024609,0.9053570269616864
25772,LOF,0.029264534827304664,0.03343869933850743,0.9372967658341879
25773,LOF,0.013894852445052626,0.07493107029069467,0.9111740772642527
25774,LOF,0.027344254173978712,0.14364317232648072,0.8290125734995406
25775,LOF,0.017681216967986225,0.046453905379632586,0.9358648776523812
25776,LOF,0.03031905870155619,0.021500475531059403,0.9481804657673844
25777,LOF,0.2911462478911344,0.0784736408475428,0.6303801112613228
25778,LOF,0.027605001867795402,0.0640956394963953,0.9082993586358094
25779,GOF,0.06206154423244119,0.857452730814874,0.08048572495268473
25780,GOF,0.0769227407840358,0.8560109476987794,0.06706631151718472
25781,GOF,0.0317911040573535,0.8135546159252834,0.15465428001736295
25782,GOF,0.04002916138279903,0.8756212234454657,0.08434961517173517
25783,GOF,0.04057877466216598,0.8935421338804045,0.06587909145742953
25784,GOF,0.13234194550994102,0.8089094317746147,0.05874862271544417
25785,GOF,0.1229712777810214,0.8320113876828924,0.04501733453608616
25786,GOF,0.00993366408930501,0.8383126900979854,0.15175364581270956
25787,GOF,0.2664512253740873,0.6685215741737971,0.06502720045211556
25788,LOF,0.017993821814790124,0.19245767844079503,0.7895484997444148
25789,GOF,0.01990450163740406,0.819561445109696,0.16053405325289993
25790,GOF,0.031742567555294886,0.870231385395093,0.09802604704961204
25791,GOF,0.030248441274458884,0.716887176484599,0.2528643822409421
25792,GOF,0.036492474550930416,0.7705803812066334,0.1929271442424361
25793,GOF,0.04601195235976765,0.7834478389580737,0.17054020868215874
25794,GOF,0.05584421545476831,0.7118977637122289,0.23225802083300282
25795,GOF,0.05846502401351424,0.7183818035705045,0.22315317241598112
25796,GOF,0.1328153799501062,0.7667870542722927,0.10039756577760117
25797,GOF,0.07207906578512287,0.6905402267146732,0.23738070750020404
25798,GOF,0.007363472365480451,0.7673041056697261,0.22533242196479342
25799,GOF,0.005129286512275995,0.6763596929114156,0.3185110205763083
25800,GOF,0.029482538671476658,0.8170083116083703,0.15350914972015314
25801,GOF,0.029241296875663476,0.8695496458916253,0.1012090572327112
25802,GOF,0.030254014783818874,0.7687072636766962,0.2010387215394849
25803,GOF,0.022903809736746637,0.699631363821345,0.27746482644190834
25804,GOF,0.03588698231698167,0.7620303269463001,0.20208269073671817
25805,GOF,0.033823972088832636,0.8004572621607675,0.16571876575039995
25806,GOF,0.04386471567816043,0.8039016961007027,0.15223358822113672
25807,GOF,0.015877676353614156,0.7434968492961013,0.24062547435028445
25808,GOF,0.028254394100977805,0.7543962253297579,0.2173493805692642
25809,GOF,0.015578642930839633,0.701849231351279,0.2825721257178814
25810,GOF,0.012664248869634348,0.6820177458981187,0.3053180052322469
25811,GOF,0.07824036475217219,0.8382387209136571,0.08352091433417065
25812,GOF,0.033958339578655,0.7435192695473839,0.22252239087396122
25813,GOF,0.19209264630465725,0.7251332182933015,0.08277413540204129
25814,GOF,0.03113147363579334,0.7475610125195685,0.22130751384463812
25815,GOF,0.06674036027587313,0.7871586880483272,0.14610095167579973
25816,GOF,0.010087597492454184,0.8473282678035889,0.1425841347039569
25817,GOF,0.12961154229349883,0.7342259211566089,0.1361625365498922
25818,GOF,0.029890363963509796,0.7700945207143702,0.20001511532211994
25819,GOF,0.05658244610611487,0.7602519341885695,0.18316561970531556
25820,GOF,0.055589869166489454,0.7247754908749944,0.21963463995851606
25821,GOF,0.039974947620621384,0.7660743707802306,0.19395068159914808
25822,GOF,0.06402873359657124,0.742933961957071,0.19303730444635778
25823,GOF,0.0329827936038091,0.7113457170116978,0.255671489384493
25824,GOF,0.031054896663443923,0.756556781137191,0.2123883221993649
25825,GOF,0.025562665346030817,0.7552768149241644,0.21916051972980466
25826,GOF,0.012283539850158067,0.720220488419531,0.267495971730311
25827,GOF,0.018728779938935014,0.7155167551320396,0.2657544649290254
25828,GOF,0.011248640911385221,0.7480466958931873,0.24070466319542744
25829,GOF,0.00480234413244293,0.6533383654745568,0.3418592903930003
25830,GOF,0.042152694474910796,0.5178611000737506,0.43998620545133854
25831,GOF,0.07678014054643538,0.7945984991830412,0.1286213602705235
25832,GOF,0.010543860975591084,0.7137107979767363,0.27574534104767273
25833,GOF,0.037861999365115966,0.7903439769892857,0.17179402364559837
25834,GOF,0.01093799108215517,0.73963924688972,0.24942276202812477
25835,GOF,0.027407273887591843,0.8112587050842753,0.1613340210281329
25836,GOF,0.008047324786967427,0.7342402006341924,0.25771247457884017
25837,GOF,0.008802633109864146,0.7373542687334756,0.25384309815666034
25838,GOF,0.021840027378704177,0.7986135677266533,0.1795464048946427
25839,GOF,0.04773338467168338,0.769081275304629,0.18318534002368764
25840,GOF,0.08651826160985157,0.7375448960423322,0.1759368423478163
25841,GOF,0.08030286185278901,0.7831897915802606,0.1365073465669504
25842,GOF,0.030342462847447696,0.8563120515332091,0.1133454856193433
25843,GOF,0.028027954470456654,0.862452085204349,0.10951996032519429
25844,GOF,0.023352626029970985,0.7859779142026289,0.1906694597674002
25845,GOF,0.007034283738861188,0.6930410481957106,0.2999246680654283
25846,GOF,0.07949778394907527,0.8210828350631504,0.09941938098777438
25847,GOF,0.01687304345692559,0.8504800133516744,0.13264694319140002
25848,GOF,0.024499105193905853,0.7905056942639368,0.18499520054215732
25849,GOF,0.007502487862781569,0.7572569201370327,0.23524059200018563
25850,GOF,0.007250825337042597,0.680253867311365,0.3124953073515925
25851,GOF,0.006606121357702571,0.6256155091750577,0.36777836946723974
25852,GOF,0.13662920568032483,0.5781933034784255,0.28517749084124966
25853,GOF,0.0612341070517873,0.7714563211278369,0.16730957182037573
25854,GOF,0.006440398234518571,0.6908499760397753,0.30270962572570614
25855,GOF,0.023141226071909615,0.6089893130261094,0.3678694609019809
25856,GOF,0.04791991132645539,0.6893087084424184,0.262771380231126
25857,GOF,0.023051932508340485,0.6066992817463124,0.3702487857453471
25858,GOF,0.009293739156536555,0.5755906313522716,0.41511562949119185
25859,GOF,0.0068445636743458375,0.5543458971617475,0.43880953916390664
25860,GOF,0.0912625876443863,0.7220493927788073,0.18668801957680628
25861,GOF,0.12720884497851578,0.7804731549942664,0.09231800002721777
25862,GOF,0.02722750692686126,0.8771959984511509,0.09557649462198775
25863,GOF,0.02304701459325882,0.8494870278310936,0.12746595757564755
25864,GOF,0.039436412046925044,0.864553903807934,0.096009684145141
25865,GOF,0.04071804933417262,0.8393488829353093,0.11993306773051812
25866,GOF,0.021646326100570573,0.8432145867724711,0.13513908712695827
25867,GOF,0.04663893410669609,0.8408533709261272,0.1125076949671767
25868,GOF,0.06836744043840319,0.7594078422751824,0.1722247172864143
25869,GOF,0.318409817461137,0.5631040786818564,0.11848610385700649
25870,GOF,0.0648599869327077,0.5750825988836477,0.3600574141836447
25871,GOF,0.008926404327516131,0.7923624772819917,0.19871111839049216
25872,GOF,0.023347272043649694,0.7665896510443168,0.2100630769120335
25873,GOF,0.022337395046628974,0.8490426731345413,0.12861993181882972
25874,LOF,0.018886553996430203,0.19610447632182623,0.7850089696817436
25875,LOF,0.022125429683323625,0.11871196988176287,0.8591626004349135
25876,LOF,0.025635468839330596,0.06258783050838965,0.9117767006522798
25877,LOF,0.10212123975208538,0.20651612093673533,0.6913626393111793
25878,LOF,0.06753606172664496,0.27043784991218195,0.6620260883611732
25879,LOF,0.011381398715271263,0.17148522490047152,0.8171333763842572
25880,LOF,0.07285734900861142,0.022066101864701423,0.9050765491266871
25881,Neutral,0.5690865016402,0.118339736827713,0.3125737615320871
25882,LOF,0.05198816493727009,0.033557491762811864,0.914454343299918
25883,LOF,0.030070454018563057,0.02760387087899562,0.9423256751024414
25884,LOF,0.01779305512306317,0.04073567661042975,0.9414712682665072
25885,LOF,0.1595975403652109,0.016345206303427114,0.8240572533313619
25886,LOF,0.2668176874174315,0.04977250348624622,0.6834098090963222
25887,LOF,0.08383263741286798,0.16610540142980346,0.7500619611573286
25888,LOF,0.008033069106887622,0.21766488053958366,0.7743020503535287
25889,LOF,0.027124488527148684,0.03299887905067395,0.9398766324221774
25890,LOF,0.1800289850304312,0.06781439994953538,0.7521566150200334
25891,LOF,0.11367844962029434,0.04279316336436696,0.8435283870153387
25892,LOF,0.008951908166952967,0.031742716096061226,0.9593053757369859
25893,LOF,0.3004863010509383,0.00974351977501199,0.6897701791740497
25894,LOF,0.34609433261546696,0.006813134737313613,0.6470925326472194
25895,LOF,0.2827528734038796,0.013091188242877956,0.7041559383532424
25896,LOF,0.09256438228667958,0.026130743470944812,0.8813048742423756
25897,LOF,0.1287414107617155,0.011316638668042209,0.8599419505702423
25898,LOF,0.1293767523846487,0.026178464413633102,0.8444447832017182
25899,LOF,0.4088915592141683,0.03279985894970738,0.5583085818361244
25900,Neutral,0.6697964380187715,0.011710801930659428,0.3184927600505689
25901,LOF,0.09781252207155472,0.01351217422169254,0.8886753037067529
25902,LOF,0.1067117093979576,0.013493491503888656,0.8797947990981537
25903,LOF,0.19273248211795613,0.028669934287338772,0.7785975835947051
25904,Neutral,0.5345855809119738,0.04949346627344032,0.41592095281458574
25905,LOF,0.007064778680868577,0.3830931431137475,0.6098420782053839
25906,LOF,0.008751732394488463,0.057069299682013165,0.9341789679234984
25907,LOF,0.008689789540132227,0.2612247207706384,0.7300854896892294
25908,LOF,0.008326098486624156,0.24820141606491547,0.7434724854484605
25909,LOF,0.03356533049611503,0.08219713109122384,0.8842375384126612
25910,LOF,0.015424359213577267,0.09927302309267581,0.885302617693747
25911,LOF,0.18590948094464346,0.02166806419383263,0.792422454861524
25912,LOF,0.14128646942511794,0.021431938714476326,0.8372815918604058
25913,LOF,0.018401663042480594,0.02544995867929803,0.9561483782782214
25914,LOF,0.045080433208739376,0.024203108912325192,0.9307164578789354
25915,LOF,0.2109144117920931,0.2341223517889446,0.5549632364189623
25916,LOF,0.013401671486792244,0.11675534281118202,0.8698429857020257
25917,LOF,0.06700314706898028,0.03040489774767435,0.9025919551833455
25918,LOF,0.04120030352811207,0.015071136376539446,0.9437285600953484
25919,LOF,0.03324369983541726,0.01691889545877951,0.9498374047058032
25920,LOF,0.3427375224278874,0.1737013868351038,0.4835610907370087
25921,LOF,0.019051414287887133,0.01757617524476102,0.963372410467352
25922,LOF,0.01971582739927413,0.019234741324886288,0.9610494312758395
25923,LOF,0.46546579899269863,0.012410736478355071,0.5221234645289463
25924,LOF,0.02811485666725609,0.018393225646400203,0.9534919176863437
25925,LOF,0.11796672210988765,0.02736050830674815,0.8546727695833641
25926,LOF,0.09955140370185862,0.021025386314694822,0.8794232099834466
25927,LOF,0.02900426402448333,0.024870346113261232,0.9461253898622554
25928,LOF,0.014142153906401075,0.013605740711460684,0.9722521053821384
25929,Neutral,0.5955101689954642,0.011996559676083917,0.39249327132845185
25930,LOF,0.10380702254012593,0.012967204163673094,0.883225773296201
25931,LOF,0.015132142641067863,0.012832762372666723,0.9720350949862653
25932,LOF,0.10190499179570844,0.01207575820531389,0.8860192499989776
25933,LOF,0.09831252791159031,0.008993066714869522,0.8926944053735402
25934,LOF,0.1030178841572349,0.00810811226929689,0.8888740035734681
25935,LOF,0.11410098107270271,0.023022583788589075,0.8628764351387082
25936,LOF,0.10688160105717297,0.008096179584211133,0.8850222193586159
25937,LOF,0.016739991269978636,0.01740443565740585,0.9658555730726154
25938,LOF,0.11232033747329374,0.021521719391102312,0.866157943135604
25939,LOF,0.06827331222926035,0.012657137730114855,0.9190695500406248
25940,GOF,0.008758922453764985,0.582965179748124,0.408275897798111
25941,Neutral,0.48303982530743095,0.03443358205978977,0.4825265926327792
25942,LOF,0.011637197753103252,0.05295746064008264,0.935405341606814
25943,LOF,0.0537037501684879,0.16254287985050472,0.7837533699810074
25944,LOF,0.04773745933199297,0.09447057338012285,0.8577919672878842
25945,LOF,0.192254442155645,0.0272442854350171,0.7805012724093379
25946,LOF,0.08536628811493832,0.04310574601581415,0.8715279658692475
25947,Neutral,0.4862467530085455,0.13528949659789036,0.3784637503935642
25948,LOF,0.3520021794100469,0.01979670327399382,0.6282011173159594
25949,LOF,0.13845687419742614,0.07505156547340745,0.7864915603291666
25950,GOF,0.09187775450379637,0.6437024041821751,0.26441984131402857
25951,LOF,0.015898540893965023,0.46147563968013794,0.5226258194258971
25952,LOF,0.153612443266135,0.27293027257861147,0.5734572841552535
25953,LOF,0.0070142180768535236,0.305480792014941,0.6875049899082054
25954,GOF,0.061042542413404614,0.4925582995819351,0.44639915800466035
25955,LOF,0.008381783835511608,0.3386246023105535,0.652993613853935
25956,LOF,0.010153219387691986,0.3958717079131901,0.5939750726991179
25957,LOF,0.1711252098612235,0.04483410563719889,0.7840406845015775
25958,LOF,0.028254851401695598,0.06100511842237683,0.9107400301759275
25959,GOF,0.006843852677484845,0.7285807343089643,0.2645754130135508
25960,LOF,0.005002633023815223,0.09869968098707858,0.8962976859891062
25961,LOF,0.023839503853142336,0.0531682076513718,0.922992288495486
25962,LOF,0.0314072552027482,0.09205348421416729,0.8765392605830844
25963,LOF,0.010096743843732062,0.1569499012095936,0.8329533549466744
25964,LOF,0.04620150507826442,0.11014305541684881,0.8436554395048869
25965,LOF,0.17083965344367363,0.16824635390048806,0.6609139926558383
25966,LOF,0.33091010804062443,0.09467651077788415,0.5744133811814914
25967,LOF,0.006744667831854273,0.0866568021166439,0.9065985300515019
25968,LOF,0.046714291796033335,0.3368764385470743,0.6164092696568924
25969,LOF,0.12261487316401008,0.11104697406841219,0.7663381527675778
25970,LOF,0.057364444549527126,0.07176554140971848,0.8708700140407545
25971,LOF,0.06392257569164025,0.02886316241549682,0.9072142618928629
25972,LOF,0.0751236745468405,0.03674291481598121,0.8881334106371784
25973,LOF,0.07938492473036463,0.010755719270371781,0.9098593559992635
25974,LOF,0.06605121898230218,0.042787456566372506,0.8911613244513253
25975,LOF,0.03469552439768076,0.013730937189693537,0.9515735384126258
25976,LOF,0.08954816803545412,0.014250991557195315,0.8962008404073506
25977,LOF,0.2528041043936872,0.07266615243609417,0.6745297431702186
25978,LOF,0.17637420285535638,0.1348387959494917,0.6887870011951519
25979,LOF,0.1334006595323057,0.1360322409882204,0.730567099479474
25980,LOF,0.22259155403556366,0.23358759482365263,0.5438208511407836
25981,LOF,0.22410721450023416,0.23656142745077896,0.5393313580489868
25982,LOF,0.3069669817970174,0.11928777010514559,0.573745248097837
25983,Neutral,0.4898010414731396,0.1092459463192458,0.40095301220761465
25984,LOF,0.060819792835896634,0.0744306745669027,0.8647495325972008
25985,Neutral,0.4582386881515155,0.14504180816323198,0.3967195036852525
25986,LOF,0.012814368261539035,0.4105064711344523,0.5766791606040087
25987,LOF,0.0339815340642406,0.0783357985718058,0.8876826673639535
25988,LOF,0.06699324266807109,0.12111306948914236,0.8118936878427866
25989,LOF,0.07247720581092525,0.22059201030733658,0.7069307838817382
25990,LOF,0.06261494313698392,0.34720094286967024,0.5901841139933458
25991,GOF,0.02782186530965886,0.5079834363632861,0.464194698327055
25992,LOF,0.012830242076043875,0.42381790854136747,0.5633518493825886
25993,LOF,0.022321008287228387,0.04781918876116748,0.9298598029516041
25994,LOF,0.029193173344508248,0.05882992284034788,0.9119769038151438
25995,LOF,0.020829833776855503,0.09365770402610728,0.8855124621970372
25996,GOF,0.3671451859429906,0.3726626102936061,0.2601922037634033
25997,GOF,0.06018814227841907,0.5476012500577143,0.3922106076638665
25998,LOF,0.23054086779284236,0.04001497582167668,0.729444156385481
25999,LOF,0.024708730693405307,0.30133048909090354,0.6739607802156912
26000,LOF,0.1405309365232218,0.013603858527701915,0.8458652049490764
26001,LOF,0.15064196019558593,0.01808241631305781,0.8312756234913563
26002,LOF,0.10307661239713625,0.019236136491490332,0.8776872511113734
26003,GOF,0.006733958739946505,0.5103315371330476,0.4829345041270059
26004,GOF,0.01742387508766174,0.5468462761831706,0.43572984872916765
26005,LOF,0.0055609019010596375,0.4589590319768847,0.5354800661220557
26006,GOF,0.10497855823822612,0.48515348042966494,0.409867961332109
26007,GOF,0.010453508681196641,0.4968699708343257,0.4926765204844776
26008,GOF,0.007157034354181095,0.5365290352095415,0.45631393043627744
26009,GOF,0.013332426876703992,0.5856753793322318,0.4009921937910642
26010,LOF,0.010804759820061882,0.48720966785073405,0.501985572329204
26011,LOF,0.005890774657532238,0.38662605152599494,0.6074831738164728
26012,LOF,0.005668660175468374,0.4632198721204652,0.5311114677040665
26013,LOF,0.011918546431114995,0.4326988232981371,0.5553826302707479
26014,LOF,0.041031204336512965,0.08180142048140504,0.877167375182082
26015,LOF,0.3214584173719116,0.021901352232964712,0.6566402303951236
26016,LOF,0.2799313077931591,0.026563405126242976,0.693505287080598
26017,LOF,0.020755653889101295,0.10436209127277396,0.8748822548381247
26018,LOF,0.03291255597420921,0.05992173190287023,0.9071657121229206
26019,LOF,0.0327623941838637,0.05435258522100874,0.9128850205951275
26020,LOF,0.007897717077814807,0.0987717128789802,0.8933305700432049
26021,LOF,0.08223889358398195,0.04924271681638402,0.868518389599634
26022,LOF,0.04216748086704318,0.020215395637711076,0.9376171234952457
26023,LOF,0.025530460949755477,0.0347694263261923,0.9397001127240522
26024,LOF,0.054130279123131654,0.03616710751440353,0.9097026133624649
26025,LOF,0.1467758676140489,0.03746654554776786,0.8157575868381833
26026,LOF,0.13007532331391874,0.03201652820117013,0.8379081484849111
26027,LOF,0.03259375076659458,0.01885021337161439,0.9485560358617912
26028,LOF,0.0872246131365961,0.1958683252908151,0.7169070615725888
26029,LOF,0.03719961827217978,0.17609733901750244,0.7867030427103178
26030,LOF,0.12271462384965834,0.02129017415138722,0.8559952019989544
26031,LOF,0.01541984967388597,0.17576526711827636,0.8088148832078377
26032,LOF,0.03688141590985252,0.06241735253613077,0.9007012315540167
26033,LOF,0.037761710952189234,0.06595968552524101,0.8962786035225696
26034,LOF,0.022673909967570693,0.11795268079389883,0.8593734092385305
26035,LOF,0.013248748846973645,0.13611923059696857,0.8506320205560578
26036,LOF,0.012455554531159312,0.10457935559867163,0.882965089870169
26037,LOF,0.012300411763077857,0.1115356591369126,0.8761639291000096
26038,LOF,0.03157635994479446,0.0559991949898952,0.9124244450653104
26039,LOF,0.03982986851033954,0.15677886464267163,0.8033912668469888
26040,LOF,0.08437095830182416,0.18856073514126767,0.7270683065569082
26041,LOF,0.015187893664994834,0.112148585526156,0.8726635208088491
26042,LOF,0.014025344881593228,0.11885974656664593,0.8671149085517608
26043,LOF,0.03388052637238142,0.10731741125242072,0.858802062375198
26044,LOF,0.007914252124878231,0.054595655698255856,0.9374900921768659
26045,LOF,0.09241478874524871,0.24879194477229327,0.6587932664824581
26046,LOF,0.02854152335361126,0.06916555131218691,0.9022929253342019
26047,LOF,0.06808462914925573,0.062476068321178795,0.8694393025295655
26048,LOF,0.0779860153418656,0.02615132627523735,0.8958626583828971
26049,Neutral,0.942116867873395,0.006970486316238998,0.050912645810365954
26050,Neutral,0.8974684449729626,0.008387628816473374,0.09414392621056392
26051,LOF,0.02850060183908137,0.32535642958337,0.6461429685775485
26052,LOF,0.031833531984529914,0.26527374072411464,0.7028927272913555
26053,LOF,0.01861234895061401,0.22531273052129566,0.7560749205280902
26054,LOF,0.055646560012939945,0.05477345158228454,0.8895799884047756
26055,LOF,0.07405427240900514,0.05739325764868827,0.8685524699423065
26056,LOF,0.0688892506870224,0.06040362837033535,0.8707071209426424
26057,LOF,0.06992132923149241,0.02618005130869182,0.9038986194598158
26058,LOF,0.07709269754869032,0.021325797465791895,0.9015815049855178
26059,LOF,0.2580440160651741,0.07532213174021177,0.6666338521946141
26060,LOF,0.017332311704351535,0.22735226521882632,0.7553154230768221
26061,LOF,0.012221443275415383,0.015728005150493843,0.9720505515740908
26062,LOF,0.005618172320808826,0.03037886749109851,0.9640029601880926
26063,LOF,0.05149098127834016,0.01576916528584674,0.9327398534358131
26064,LOF,0.008274366336670487,0.0228817665229506,0.9688438671403791
26065,LOF,0.071163812144387,0.025254085033051325,0.9035821028225618
26066,LOF,0.06076798280075037,0.01649130083463139,0.9227407163646183
26067,LOF,0.05737622361791033,0.015599043376549927,0.9270247330055398
26068,LOF,0.053881030826013455,0.04490414847106182,0.9012148207029246
26069,LOF,0.1991385990338354,0.03478621123522175,0.7660751897309429
26070,LOF,0.4541430441948967,0.020873679302592364,0.5249832765025109
26071,LOF,0.05148414159655989,0.02039307108276804,0.9281227873206721
26072,LOF,0.007497505575242725,0.02140690968436558,0.9710955847403917
26073,LOF,0.047331652480594344,0.01617513649460564,0.9364932110247999
26074,Neutral,0.6903264121260728,0.017783534731245026,0.29189005314268196
26075,LOF,0.042465445579068894,0.03148853147239871,0.9260460229485323
26076,LOF,0.04659511793487501,0.018841491998138137,0.9345633900669869
26077,LOF,0.1732011380309665,0.018902058740376964,0.8078968032286565
26078,LOF,0.006280136354656224,0.0374257350209712,0.9562941286243725
26079,LOF,0.05627063097233026,0.03180274520681476,0.9119266238208549
26080,LOF,0.05501186993236726,0.0318788282454597,0.9131093018221731
26081,LOF,0.04951780680824105,0.016444062005760603,0.9340381311859983
26082,LOF,0.006626230032259276,0.026055765357313673,0.967318004610427
26083,LOF,0.10887030357694778,0.02939722351830987,0.8617324729047423
26084,LOF,0.14693131877410937,0.025979217330188584,0.827089463895702
26085,LOF,0.13080653241009904,0.02152570830354411,0.847667759286357
26086,LOF,0.042690336495500684,0.025613899570408938,0.9316957639340904
26087,LOF,0.0458928650735138,0.020921666948044454,0.9331854679784418
26088,LOF,0.007012931016427229,0.05155521037214903,0.9414318586114238
26089,LOF,0.039406127904954985,0.043774487377015635,0.9168193847180295
26090,LOF,0.038942753517203006,0.040020303521069424,0.9210369429617277
26091,LOF,0.03323984104002661,0.015881174263332215,0.9508789846966412
26092,LOF,0.04080710833771147,0.014146884055311055,0.9450460076069775
26093,LOF,0.06488349551143247,0.009086049219640228,0.9260304552689274
26094,LOF,0.039184690109551994,0.011760445236015826,0.9490548646544321
26095,LOF,0.013325179955990368,0.02684354276477209,0.9598312772792376
26096,LOF,0.2876168568951123,0.005801573581400494,0.7065815695234872
26097,LOF,0.006864421510159886,0.06393093536865099,0.9292046431211891
26098,LOF,0.05623340146327255,0.031217879093215002,0.9125487194435123
26099,LOF,0.05291736349740402,0.03602730281101036,0.9110553336915855
26100,LOF,0.05291736349740402,0.03602730281101036,0.9110553336915855
26101,LOF,0.0471103590655242,0.0527595925278841,0.9001300484065916
26102,LOF,0.03894783686126229,0.021376161534148334,0.9396760016045894
26103,Neutral,0.9010944457840312,0.03540804907571596,0.0634975051402527
26104,LOF,0.04969123486299601,0.0825463777145968,0.8677623874224072
26105,LOF,0.24985749062599755,0.06733386174408339,0.6828086476299191
26106,LOF,0.25719001327101193,0.03268383710126411,0.710126149627724
26107,LOF,0.014871222288260167,0.06165610140510048,0.9234726763066393
26108,LOF,0.17542988095765782,0.06072094908923303,0.7638491699531091
26109,LOF,0.04960030709330502,0.063868391042228,0.886531301864467
26110,LOF,0.3633365383371003,0.015427216058882101,0.6212362456040176
26111,LOF,0.054381594421287587,0.08903591487743155,0.8565824907012808
26112,LOF,0.06454338331965227,0.014031946170865409,0.9214246705094823
26113,LOF,0.11514332768855996,0.03167703478594081,0.8531796375254992
26114,LOF,0.10047435774936418,0.012163945791011323,0.8873616964596245
26115,LOF,0.02112756914106957,0.07630660852680507,0.9025658223321255
26116,LOF,0.07297238141114255,0.029617168001090283,0.8974104505877671
26117,LOF,0.38053694263069043,0.03280855910224023,0.5866544982670694
26118,LOF,0.04199086245509954,0.019184369858110437,0.9388247676867901
26119,LOF,0.00638121823708476,0.07771053912437505,0.9159082426385402
26120,LOF,0.03304636773927109,0.014751184230265406,0.9522024480304635
26121,LOF,0.0044373014907928745,0.10042299889597138,0.8951396996132357
26122,LOF,0.005175673108772495,0.09295048755417872,0.9018738393370487
