feature0,prediction,LoGoFunc_Neutral,LoGoFunc_GOF,LoGoFunc_LOF
25546,Neutral,0.6225687415420249,0.07447770236133815,0.3029535560966368
25547,Neutral,0.5134561195884036,0.1349924149647757,0.35155146544682075
25548,Neutral,0.47629065395284637,0.09214858846126918,0.4315607575858845
25549,LOF,0.4502030557851666,0.09319631082702938,0.45660063338780393
25550,LOF,0.3358551199091723,0.19026972945208964,0.473875150638738
25551,LOF,0.277897535595081,0.17614126825238818,0.5459611961525308
25552,LOF,0.16178776507498968,0.1807465334063396,0.6574657015186707
25553,Neutral,0.8077394656168847,0.04741367512293587,0.14484685926017943
25554,LOF,0.20108733629571338,0.1820369142832159,0.6168757494210707
25555,LOF,0.15896427107244693,0.16502446790517888,0.6760112610223741
25556,Neutral,0.496465719222437,0.12194982268776879,0.38158445808979424
25557,LOF,0.15417621329601366,0.17344075228151415,0.6723830344224722
25558,LOF,0.20024965851086868,0.19634408996243563,0.6034062515266957
25559,Neutral,0.5898088005783628,0.05098025573862502,0.35921094368301215
25560,LOF,0.04063009534457549,0.30964353861626404,0.6497263660391606
25561,LOF,0.07786186924271211,0.36985083033967786,0.55228730041761
25562,LOF,0.10329494034884779,0.2069369525184028,0.6897681071327495
25563,LOF,0.10533651165367802,0.1740055189110003,0.7206579694353217
25564,LOF,0.06490450479867108,0.2918266524618893,0.6432688427394396
25565,LOF,0.15109099585866034,0.23932898040167278,0.6095800237396669
25566,GOF,0.01574611846579771,0.7433952169543984,0.24085866457980382
25567,LOF,0.013422321266355314,0.1115780256284989,0.8749996531051457
25568,LOF,0.04246307902369677,0.05974698231860782,0.8977899386576954
25569,LOF,0.0557758080139186,0.06142646696287582,0.8827977250232055
25570,LOF,0.06552794405017333,0.08676494732357581,0.8477071086262509
25571,LOF,0.06506480713549613,0.08318763436767497,0.8517475584968288
25572,LOF,0.06338274673986949,0.12010165774215081,0.8165155955179798
25573,LOF,0.02735124260901927,0.0731151191594325,0.8995336382315483
25574,LOF,0.016723614313284983,0.12366433699123684,0.8596120486954782
25575,LOF,0.05560140066839943,0.08271454705037684,0.8616840522812238
25576,LOF,0.019205788815211285,0.08749283018209703,0.8933013810026917
25577,LOF,0.012639743950485163,0.1164437838554928,0.8709164721940221
25578,LOF,0.21778139689947085,0.07467038479186056,0.7075482183086687
25579,LOF,0.21863451167334458,0.07429602209892545,0.70706946622773
25580,LOF,0.036854970597711624,0.07554689019540121,0.8875981392068872
25581,LOF,0.0463147532386708,0.06444634998765036,0.8892388967736788
25582,LOF,0.04620165555463991,0.06159875873510031,0.8921995857102598
25583,LOF,0.04252586899739998,0.08263774884640487,0.8748363821561952
25584,Neutral,0.4804240395386233,0.06884659811912179,0.4507293623422551
25585,LOF,0.029614433853874692,0.08567722569467819,0.8847083404514471
25586,LOF,0.031507872717642764,0.05888660934429877,0.9096055179380585
25587,LOF,0.028596958522557916,0.049709401713311306,0.9216936397641307
25588,LOF,0.033035793608570986,0.0665086519293466,0.9004555544620824
25589,Neutral,0.6169663356357942,0.0758784064490137,0.30715525791519205
25590,LOF,0.02617212106698657,0.1014555763655474,0.8723723025674661
25591,LOF,0.10757861938511952,0.04927155399460463,0.8431498266202758
25592,LOF,0.10163226110737796,0.10168253901653707,0.7966851998760849
25593,LOF,0.014182052945261711,0.2126677337835959,0.7731502132711424
25594,LOF,0.035031997720488976,0.15717414156375245,0.8077938607157586
25595,LOF,0.0621464442143686,0.11706231794029642,0.8207912378453349
25596,LOF,0.08457837470720542,0.08282543956165153,0.832596185731143
25597,LOF,0.07776993621458714,0.03968589309970765,0.8825441706857052
25598,LOF,0.047657231890935514,0.1642353754080541,0.7881073927010104
25599,GOF,0.007791962258735937,0.5897674548472963,0.4024405828939677
25600,GOF,0.008370661653473735,0.5393062412576426,0.4523230970888837
25601,LOF,0.007708414623180865,0.36473265917645475,0.6275589262003645
25602,LOF,0.014425441159075634,0.07332786493170243,0.9122466939092219
25603,LOF,0.04074642315251148,0.03367435880390403,0.9255792180435846
25604,LOF,0.03543616296033321,0.08709234442345933,0.8774714926162074
25605,LOF,0.010825570148159117,0.2071664707264398,0.7820079591254012
25606,GOF,0.0537072172839596,0.5467964185614653,0.399496364154575
25607,LOF,0.003785638029516794,0.15704385364558734,0.8391705083248959
25608,LOF,0.050477398182930504,0.0557626707255206,0.8937599310915488
25609,LOF,0.06620448434889474,0.2982107515189227,0.6355847641321826
25610,LOF,0.054308473392638175,0.0383647651428948,0.907326761464467
25611,LOF,0.06605717601649752,0.02785187701153664,0.9060909469719658
25612,LOF,0.12095003123598906,0.05983811727800756,0.8192118514860034
25613,LOF,0.10004879428075276,0.05197950936536665,0.8479716963538806
25614,LOF,0.03885912105661017,0.049792004867143025,0.9113488740762469
25615,LOF,0.07823022381680136,0.06610161938822813,0.8556681567949705
25616,LOF,0.04505303284952664,0.0657339428427706,0.8892130243077027
25617,LOF,0.05287905606849926,0.060013956246955984,0.8871069876845447
25618,LOF,0.28936584217667777,0.05259289230704661,0.6580412655162755
25619,LOF,0.04555608984712175,0.051774168427508725,0.9026697417253695
25620,LOF,0.041226877264526514,0.06845638913598869,0.8903167335994848
25621,LOF,0.0503706077693354,0.0463252750119684,0.9033041172186962
25622,LOF,0.0329225146907555,0.07004548602699913,0.8970319992822453
25623,LOF,0.056786735066367576,0.04356375889527875,0.8996495060383537
25624,LOF,0.03250376111390113,0.05773832183274629,0.9097579170533525
25625,LOF,0.04290982401412306,0.06693820436305903,0.890151971622818
25626,LOF,0.0811566582949053,0.043084323517820065,0.8757590181872745
25627,Neutral,0.5887840982531866,0.12019595613003324,0.29101994561678013
25628,LOF,0.20469688205143982,0.06353773875671356,0.7317653791918466
25629,LOF,0.06502459271463563,0.12485328861280766,0.8101221186725567
25630,LOF,0.18353419752032477,0.1025198417128956,0.7139459607667796
25631,Neutral,0.6004152551467088,0.0717167124886723,0.32786803236461887
25632,LOF,0.021471823226333512,0.0647277677013301,0.9138004090723364
25633,LOF,0.23119632318889113,0.06996104376882195,0.6988426330422869
25634,LOF,0.04107247657252926,0.06865466435928226,0.8902728590681885
25635,LOF,0.0424949570971595,0.05652702441126054,0.90097801849158
25636,GOF,0.005454948243225531,0.6641588039194863,0.3303862478372881
25637,GOF,0.003836997448712713,0.5765603965387781,0.41960260601250926
25638,GOF,0.006976883407821742,0.5242116101356603,0.4688115064565179
25639,GOF,0.004326318779949617,0.49902007678838045,0.49665360443166995
25640,GOF,0.30964442355785576,0.6372777920070265,0.05307778443511778
25641,LOF,0.005907052922277404,0.27902794671979386,0.7150650003579287
25642,LOF,0.245938799422508,0.09220980157185303,0.661851399005639
25643,LOF,0.22943219897181127,0.1587355448269556,0.6118322562012332
25644,GOF,0.017933195221546704,0.6595442389876955,0.32252256579075766
25645,GOF,0.01364830188623637,0.5532729955948462,0.4330787025189175
25646,LOF,0.013214832166515967,0.3797229000108442,0.6070622678226397
25647,LOF,0.012755576989092503,0.2816670792542432,0.7055773437566643
25648,LOF,0.008841400997304426,0.38828414182351945,0.6028744571791762
25649,LOF,0.008892029571399708,0.2142632082156228,0.7768447622129775
25650,GOF,0.029050019802083302,0.5082642488735433,0.4626857313243736
25651,LOF,0.0070152946532871675,0.24785345012336382,0.745131255223349
25652,LOF,0.013565712242363762,0.3547214422672172,0.631712845490419
25653,GOF,0.05484716068835459,0.5194468558264269,0.42570598348521843
25654,LOF,0.008966200329182099,0.3282332417345594,0.6628005579362585
25655,GOF,0.08522743469212127,0.5051646993593477,0.4096078659485311
25656,LOF,0.10613422035976679,0.15108403354006278,0.7427817461001703
25657,LOF,0.28040904949209056,0.067403618786858,0.6521873317210515
25658,LOF,0.036413399512273466,0.27702037890074666,0.6865662215869799
25659,LOF,0.2302312484243957,0.1526783505356378,0.6170904010399665
25660,LOF,0.11525512120813335,0.06749270280260662,0.81725217598926
25661,LOF,0.08502905863074689,0.0609076534840352,0.8540632878852179
25662,LOF,0.04298679233312462,0.049747511129147846,0.9072656965377275
25663,LOF,0.05340997751885429,0.09854836884609217,0.8480416536350536
25664,LOF,0.031709775811795696,0.1439297717942089,0.8243604523939955
25665,LOF,0.04446006970147842,0.051068237557280294,0.9044716927412413
25666,LOF,0.04196674370640968,0.16997667138440764,0.7880565849091826
25667,LOF,0.04375823494297755,0.04233068662889821,0.9139110784281242
25668,LOF,0.06368058776206471,0.05209750747488366,0.8842219047630516
25669,LOF,0.06080843804936231,0.07588483933046376,0.8633067226201739
25670,LOF,0.07477252896469647,0.08502836027568943,0.8401991107596141
25671,LOF,0.058275745606481355,0.03862919587698577,0.9030950585165328
25672,LOF,0.04996552819130759,0.05744693375861167,0.8925875380500807
25673,LOF,0.03759825751239418,0.06739415764243657,0.8950075848451692
25674,LOF,0.026968108597599155,0.08374999574530635,0.8892818956570944
25675,LOF,0.03597555275198797,0.05812824649360565,0.9058962007544064
25676,LOF,0.0417576429883205,0.05911773807427483,0.8991246189374047
25677,LOF,0.11298733110785934,0.0476042540864034,0.8394084148057372
25678,LOF,0.18932788383324745,0.04090943514907736,0.7697626810176752
25679,LOF,0.1311576582589056,0.05082681961622644,0.8180155221248679
25680,LOF,0.11958895499144138,0.07754009183945366,0.8028709531691051
25681,LOF,0.13474093591068137,0.07521716871516364,0.7900418953741549
25682,LOF,0.06075698833093367,0.04555145445421077,0.8936915572148555
25683,LOF,0.08446085724707576,0.06272507205723268,0.8528140706956916
25684,LOF,0.07972201582330857,0.05003161210801528,0.8702463720686763
25685,LOF,0.12953252349541824,0.05420424913379662,0.8162632273707852
25686,LOF,0.024972312598098997,0.10238390555432729,0.8726437818475737
25687,LOF,0.05319258151627047,0.11227613260046462,0.8345312858832649
25688,LOF,0.0201803784957297,0.07047269850149547,0.9093469230027749
25689,LOF,0.01664262069856088,0.03469326368952335,0.9486641156119159
25690,LOF,0.01732027465968529,0.04015507573021782,0.9425246496100969
25691,LOF,0.12913399733411166,0.05780364050901385,0.8130623621568744
25692,LOF,0.2678369928874481,0.01321179213935451,0.7189512149731975
25693,LOF,0.031759282313403574,0.3329248550368544,0.6353158626497419
25694,LOF,0.2423708679394241,0.012344284504789277,0.7452848475557866
25695,LOF,0.17429819136847394,0.023796223036048288,0.8019055855954778
25696,LOF,0.08727803004174955,0.023142395713030662,0.8895795742452198
25697,LOF,0.06625230793394046,0.026155989207991077,0.9075917028580686
25698,LOF,0.01587839604782754,0.4021704547830658,0.5819511491691067
25699,LOF,0.10721421078572115,0.14742043184059916,0.7453653573736797
25700,LOF,0.037752977807499755,0.025184602839971176,0.937062419352529
25701,LOF,0.01451743160205789,0.14214196318282543,0.8433406052151167
25702,GOF,0.02801529802324406,0.7760874977380764,0.1958972042386795
25703,LOF,0.017995524229500938,0.2682074049054823,0.7137970708650169
25704,LOF,0.07899478414330594,0.15771499330301453,0.7632902225536795
25705,LOF,0.07272099613281686,0.17097744932845715,0.7563015545387259
25706,GOF,0.018357296361509456,0.6440224917958861,0.3376202118426044
25707,GOF,0.029553862929896393,0.5213255974112881,0.4491205396588156
25708,LOF,0.00797523647645889,0.47458232727194744,0.5174424362515937
25709,LOF,0.031105536175839034,0.06686279651894045,0.9020316673052206
25710,LOF,0.006132905607939476,0.1351480756961399,0.8587190186959207
25711,LOF,0.03190642880683753,0.12906419465080235,0.8390293765423601
25712,LOF,0.008463298733364927,0.19188450810019905,0.799652193166436
25713,LOF,0.032435638161819276,0.11270482255943023,0.8548595392787505
25714,LOF,0.027217624093167327,0.15293177644655728,0.8198505994602754
25715,LOF,0.03849981495975109,0.12932819223325273,0.8321719928069963
25716,LOF,0.0070200223942398195,0.13207541651397325,0.8609045610917868
25717,LOF,0.0062579223680973625,0.10988595233873732,0.8838561252931654
25718,LOF,0.033969018082870645,0.07689707662358573,0.8891339052935436
25719,LOF,0.04425851804260667,0.10510759454030953,0.8506338874170838
25720,LOF,0.037760027147245925,0.11844540479170022,0.8437945680610539
25721,LOF,0.03130265784106775,0.12220650844014545,0.8464908337187868
25722,LOF,0.020093030293222024,0.15398475658045133,0.8259222131263265
25723,LOF,0.03519997487583186,0.11038365132465315,0.854416373799515
25724,LOF,0.0569821202024328,0.23873330740645837,0.7042845723911088
25725,LOF,0.03741733700384338,0.0948619923972395,0.8677206705989171
25726,LOF,0.02278844322842184,0.13988902198504205,0.8373225347865362
25727,LOF,0.03148598452167084,0.10480760638673914,0.86370640909159
25728,LOF,0.03137846986813101,0.12954273879954828,0.8390787913323207
25729,LOF,0.0292051173386369,0.1383700756034257,0.8324248070579374
25730,LOF,0.03911066289670477,0.08435303446578052,0.8765363026375147
25731,LOF,0.010093289915430405,0.08924975990933191,0.9006569501752377
25732,LOF,0.02193723690073919,0.07340324883601573,0.9046595142632451
25733,LOF,0.04036174420697136,0.08090021753572697,0.8787380382573016
25734,LOF,0.006844651372537559,0.2586587852877155,0.734496563339747
25735,LOF,0.026965705963072822,0.0858515874827453,0.8871827065541819
25736,LOF,0.02526290102494753,0.15456017310060838,0.8201769258744441
25737,LOF,0.03810720737131169,0.10955429049638045,0.8523385021323078
25738,LOF,0.02917187695464235,0.17808746149662294,0.7927406615487348
25739,LOF,0.028618558704718126,0.11476569334833117,0.8566157479469507
25740,LOF,0.041131759162311585,0.1284510896074517,0.8304171512302368
25741,LOF,0.04894986726314696,0.10706977578838395,0.8439803569484691
25742,LOF,0.06517586815193589,0.11295670125510819,0.8218674305929559
25743,LOF,0.012443320083310486,0.0303936672237447,0.9571630126929448
25744,LOF,0.19738217882506828,0.19368239440447307,0.6089354267704586
25745,LOF,0.044284114663932714,0.0644859916205925,0.8912298937154749
25746,LOF,0.015697096253695104,0.11237407085451749,0.8719288328917874
25747,LOF,0.04687688125286929,0.03722506812678971,0.915898050620341
25748,LOF,0.2830672987800553,0.09364320690608355,0.6232894943138612
25749,LOF,0.017166834228652804,0.058955496336918316,0.923877669434429
25750,LOF,0.02365439279216154,0.0675735489600936,0.9087720582477448
25751,LOF,0.042368518335693876,0.06508045667932641,0.8925510249849796
25752,GOF,0.07402567291284506,0.6985422008577238,0.22743212622943113
25753,LOF,0.007581338376222792,0.4802988059563732,0.512119855667404
25754,GOF,0.0074595314880756035,0.8908745028692026,0.1016659656427219
25755,LOF,0.007519970201203871,0.4524875734438224,0.5399924563549737
25756,LOF,0.020171936079353386,0.46952195790467527,0.5103061060159714
25757,GOF,0.008265097976165923,0.8749614908412011,0.11677341118263303
25758,GOF,0.008389448699403043,0.907786324618431,0.08382422668216599
25759,GOF,0.006052443531319734,0.6741450839110477,0.3198024725576327
25760,LOF,0.005061202692323713,0.3424916670721172,0.6524471302355591
25761,GOF,0.04335723894973562,0.8878684014232718,0.06877435962699265
25762,LOF,0.02282545065312849,0.3927252337427968,0.5844493156040748
25763,LOF,0.005423760746158144,0.3290306610709817,0.6655455781828601
25764,GOF,0.0640895309694195,0.7126584236940985,0.2232520453364819
25765,GOF,0.008504192660176975,0.893425341118759,0.0980704662210638
25766,GOF,0.02488847341688726,0.8690417351983172,0.10606979138479557
25767,GOF,0.01726441689282689,0.5643517529735786,0.41838383013359437
25768,LOF,0.05947864146003604,0.04382773008275091,0.896693628457213
25769,LOF,0.025027459289970175,0.09627216022322359,0.8787003804868062
25770,LOF,0.142384440816515,0.14633046101897543,0.7112850981645096
25771,LOF,0.017745569632573774,0.1163867310314069,0.8658676993360194
25772,LOF,0.030504096141841387,0.044730522912760314,0.9247653809453984
25773,LOF,0.013126169236144038,0.11152666185872445,0.8753471689051315
25774,LOF,0.022689492280664393,0.24276107508575265,0.734549432633583
25775,LOF,0.017187531540782477,0.047233456720299376,0.9355790117389181
25776,LOF,0.0296707328637375,0.025442767459277652,0.9448864996769849
25777,LOF,0.2508132342449448,0.1277138344012073,0.621472931353848
25778,LOF,0.02619220567095497,0.09519138670276803,0.878616407626277
25779,GOF,0.055293031499501724,0.8559158567898693,0.0887911117106291
25780,GOF,0.07180307864922227,0.8582260637959979,0.06997085755477972
25781,GOF,0.03006479021008167,0.7974844960877624,0.1724507137021559
25782,GOF,0.03921634361684037,0.8745004851199546,0.08628317126320514
25783,GOF,0.040591340670990135,0.8908297648416353,0.06857889448737449
25784,GOF,0.13355231465984266,0.8052700637096428,0.06117762163051456
25785,GOF,0.14189996959218099,0.8137906481116263,0.04430938229619271
25786,GOF,0.013377992925103992,0.8201908936372707,0.16643111343762526
25787,GOF,0.3137164504481607,0.6233335160977386,0.06295003345410072
25788,LOF,0.02116840532225961,0.14238215230836798,0.8364494423693724
25789,GOF,0.02070157992906288,0.8291651804068056,0.15013323966413147
25790,GOF,0.03258734945432969,0.8685008870071007,0.09891176353856962
25791,GOF,0.02884211858157091,0.6474053676071391,0.32375251381128994
25792,GOF,0.036868269287062154,0.7192631419149473,0.24386858879799053
25793,GOF,0.059536913070088036,0.7939205046160971,0.1465425823138148
25794,GOF,0.05576955274134578,0.6858101223462301,0.25842032491242417
25795,GOF,0.056851082968822075,0.6901622786292095,0.2529866384019684
25796,GOF,0.14292126041393757,0.7453280876635612,0.11175065192250132
25797,GOF,0.07996820194109602,0.6733249971081441,0.24670680095075984
25798,GOF,0.007774281683002054,0.7917215283865728,0.2005041899304251
25799,GOF,0.005027698844341142,0.677863338232701,0.3171089629229578
25800,GOF,0.025843709382923092,0.8356464964927109,0.138509794124366
25801,GOF,0.026866877462976287,0.8705313053795634,0.1026018171574602
25802,GOF,0.029714855958557527,0.7599613814187285,0.21032376262271402
25803,GOF,0.024024578051076752,0.7279239799434487,0.24805144200547455
25804,GOF,0.035782701598006825,0.7645757699650876,0.1996415284369056
25805,GOF,0.031898672088290274,0.817349375969785,0.15075195194192464
25806,GOF,0.04341890254758069,0.8203052288002455,0.13627586865217375
25807,GOF,0.017809702527676798,0.7710133329511301,0.2111769645211932
25808,GOF,0.028412853250940184,0.7827476032675175,0.18883954348154236
25809,GOF,0.01728816884487727,0.7180202691876784,0.26469156196744437
25810,GOF,0.014983633128806484,0.7141499762373725,0.27086639063382095
25811,GOF,0.0766543574633883,0.8346208949871275,0.08872474754948408
25812,GOF,0.037837854358270334,0.7375991343141158,0.22456301132761367
25813,GOF,0.22768731038917303,0.679116359275066,0.0931963303357609
25814,GOF,0.03694780908000835,0.7152560806062506,0.24779611031374107
25815,GOF,0.07377348310894803,0.7883024775337234,0.13792403935732864
25816,GOF,0.012107371752934656,0.8775875586591755,0.11030506958788976
25817,GOF,0.12451798675508702,0.7198012445859113,0.15568076865900163
25818,GOF,0.030101615742034744,0.7650925539239514,0.20480583033401387
25819,GOF,0.05734186792832729,0.7477688134106228,0.19488931866104994
25820,GOF,0.06079093914507352,0.6908797061392233,0.24832935471570325
25821,GOF,0.041620035772124295,0.7415166811422309,0.21686328308564484
25822,GOF,0.07045078428985857,0.7112822736542327,0.21826694205590877
25823,GOF,0.03570425870473701,0.6619765762533608,0.30231916504190215
25824,GOF,0.03891687618461325,0.7567982580321462,0.2042848657832406
25825,GOF,0.026506429415861142,0.7573114313601997,0.21618213922393906
25826,GOF,0.014751438392278158,0.6959117557441469,0.28933680586357496
25827,GOF,0.01947835249444735,0.7310331595836502,0.24948848792190234
25828,GOF,0.012652968285946432,0.7633404370255947,0.22400659468845893
25829,GOF,0.005495885790139461,0.6612555961723964,0.333248518037464
25830,LOF,0.0619767684885697,0.4366872922064308,0.5013359393049994
25831,GOF,0.07130373947723458,0.7752658704454634,0.15343039007730203
25832,GOF,0.011471097159968337,0.6957397180311711,0.2927891848088606
25833,GOF,0.03794270127531931,0.7803287817536111,0.18172851697106954
25834,GOF,0.011773583116148205,0.7229868708055227,0.2652395460783291
25835,GOF,0.026859165214013044,0.796800252543005,0.17634058224298188
25836,GOF,0.007879542929515058,0.7200689445444329,0.272051512526052
25837,GOF,0.0105570479016508,0.7592599005297268,0.23018305156862232
25838,GOF,0.022110857742214697,0.8230797596756328,0.1548093825821523
25839,GOF,0.05373571126156402,0.7742934385332413,0.17197085020519468
25840,GOF,0.09293994823175253,0.7285323498410815,0.17852770192716602
25841,GOF,0.08425349912893125,0.7867480243069898,0.12899847656407887
25842,GOF,0.02932865591071608,0.8731261270253902,0.09754521706389382
25843,GOF,0.028558076810776677,0.8761402718610601,0.09530165132816314
25844,GOF,0.021906426059378356,0.7970768816623464,0.1810166922782754
25845,GOF,0.00797339515680103,0.6915126739256305,0.30051393091756834
25846,GOF,0.07665419536281708,0.8252392410627872,0.09810656357439569
25847,GOF,0.01852177757349518,0.8579861091379241,0.1234921132885809
25848,GOF,0.02369354325530672,0.7901700165715757,0.18613644017311753
25849,GOF,0.007874497499430113,0.7587686822522297,0.23335682024834026
25850,GOF,0.007691667039343537,0.6696587151782629,0.3226496177823935
25851,GOF,0.0068161100544671385,0.607514237550328,0.3856696523952048
25852,GOF,0.1481659392907622,0.4644512507152672,0.38738280999397057
25853,GOF,0.06249838896139306,0.7475214494012946,0.1899801616373123
25854,GOF,0.007012598966172638,0.7125256248822703,0.280461776151557
25855,GOF,0.024004106077896974,0.5342840124347279,0.44171188148737517
25856,GOF,0.048973784043093375,0.6459838012548818,0.3050424147020249
25857,GOF,0.0240930709410588,0.5410094509985022,0.4348974780604391
25858,GOF,0.010794312349576913,0.5212472486627431,0.46795843898768
25859,GOF,0.00778108901663995,0.5004335498593966,0.4917853611239634
25860,GOF,0.09640407156563419,0.6721889066333618,0.2314070218010039
25861,GOF,0.1095493597208721,0.7778959735212331,0.11255466675789476
25862,GOF,0.023265636934502478,0.8967544240559684,0.07997993900952921
25863,GOF,0.020199664335349143,0.8610538276385464,0.11874650802610444
25864,GOF,0.03756572904270707,0.8862037218659684,0.07623054909132455
25865,GOF,0.035642421964305136,0.8644482645976043,0.09990931343809069
25866,GOF,0.018193420230115862,0.8528940239625217,0.1289125558073625
25867,GOF,0.040711819548233906,0.854856402737435,0.10443177771433095
25868,GOF,0.08095999750454318,0.7357030108227782,0.18333699167267853
25869,GOF,0.36634643015188556,0.5166458345296786,0.11700773531843581
25870,GOF,0.08528804890986291,0.4940041539203198,0.42070779716981727
25871,GOF,0.010437696039230776,0.802408447309332,0.18715385665143713
25872,GOF,0.023034331842353064,0.7709401391655625,0.20602552899208443
25873,GOF,0.020974943664211775,0.8573007975048337,0.12172425883095454
25874,LOF,0.028232062145433282,0.13750140615012096,0.8342665317044459
25875,LOF,0.02349968518635098,0.11614320040223887,0.8603571144114103
25876,LOF,0.026977897747714485,0.0674467906073158,0.9055753116449696
25877,LOF,0.11534046347567263,0.20054274068443378,0.6841167958398936
25878,LOF,0.07560619680815396,0.29958804044698445,0.6248057627448617
25879,LOF,0.010473906831977336,0.18356790721396105,0.8059581859540617
25880,LOF,0.05407402253489298,0.0195478799492416,0.9263780975158654
25881,Neutral,0.49955341156786726,0.17433750079499252,0.3261090876371401
25882,LOF,0.04379553915502326,0.04898247513395544,0.9072219857110213
25883,LOF,0.031418595348963366,0.035732875543215095,0.9328485291078216
25884,LOF,0.016501256424311692,0.05886214557418888,0.9246365980014994
25885,LOF,0.1540579929247232,0.01938675555399508,0.8265552515212817
25886,LOF,0.26076632898164853,0.0669396927645516,0.6722939782538
25887,LOF,0.0718824740692643,0.24884207240888118,0.6792754535218545
25888,LOF,0.007379852645693899,0.24890074135931792,0.7437194059949881
25889,LOF,0.024395248768799796,0.050517184624570055,0.9250875666066303
25890,LOF,0.20223183124073854,0.06892754838218682,0.7288406203770748
25891,LOF,0.1057661312924098,0.038820235488790225,0.8554136332187999
25892,LOF,0.008740593843318146,0.025812699706054914,0.965446706450627
25893,LOF,0.28019748042037756,0.008836833913701454,0.710965685665921
25894,LOF,0.32411207519866536,0.005664170538772737,0.6702237542625619
25895,LOF,0.2652349136968563,0.01315966376622302,0.7216054225369207
25896,LOF,0.08763841261586157,0.026910378498310343,0.8854512088858282
25897,LOF,0.11941349715420009,0.011722614433404948,0.8688638884123949
25898,LOF,0.11735754823214943,0.025531214702104073,0.8571112370657465
25899,LOF,0.3865683435854502,0.030566637381646028,0.5828650190329038
25900,Neutral,0.7770943748013145,0.01210099181201939,0.210804633386666
25901,LOF,0.06839412417521278,0.010438512111352488,0.9211673637134348
25902,LOF,0.07237113542841639,0.007914808441400075,0.9197140561301836
25903,LOF,0.16924711547091487,0.02527632217336226,0.8054765623557228
25904,Neutral,0.47738443096389693,0.054787096593211626,0.4678284724428915
25905,LOF,0.007665214299493214,0.38662985009179746,0.6057049356087094
25906,LOF,0.009181384510517731,0.07019676927480333,0.920621846214679
25907,LOF,0.0093214772083107,0.2858288298042482,0.7048496929874412
25908,LOF,0.008237050785153468,0.24211437148585951,0.749648577728987
25909,LOF,0.03214680833107272,0.1280777824108412,0.8397754092580861
25910,LOF,0.016872724557336256,0.09394103791009088,0.889186237532573
25911,LOF,0.1639045795209262,0.03353070242886682,0.802564718050207
25912,LOF,0.12415814166091209,0.02426871190404012,0.8515731464350478
25913,LOF,0.01522108483311392,0.025903039357141763,0.9588758758097444
25914,LOF,0.051555042818645314,0.03417826047097125,0.9142666967103834
25915,LOF,0.22858199501851992,0.3031171013649233,0.4683009036165568
25916,LOF,0.015051073211160415,0.19017737480609764,0.794771551982742
25917,LOF,0.07322283887411633,0.04307403926894067,0.883703121856943
25918,LOF,0.05935194317224898,0.021617058377060606,0.9190309984506904
25919,LOF,0.047131914118171074,0.021758442212414048,0.9311096436694148
25920,LOF,0.3543290992336173,0.23275957745910328,0.41291132330727937
25921,LOF,0.0207032630264921,0.018859777959295693,0.9604369590142123
25922,LOF,0.021603739785318102,0.017823912017754545,0.9605723481969274
25923,LOF,0.41961679517845324,0.010270554835349026,0.5701126499861978
25924,LOF,0.03170765653151542,0.015868017189637783,0.9524243262788468
25925,LOF,0.11948146186615409,0.021827960808909426,0.8586905773249365
25926,LOF,0.09339894744374393,0.01642706413889147,0.8901739884173646
25927,LOF,0.02996664183913048,0.02260159765022524,0.9474317605106443
25928,LOF,0.017142395807906885,0.010670941797383642,0.9721866623947095
25929,Neutral,0.559942096902607,0.009926713408645127,0.43013118968874786
25930,LOF,0.06478699478346304,0.009396681537870257,0.9258163236786667
25931,LOF,0.017742232015475198,0.010758588363867923,0.9714991796206569
25932,LOF,0.08584018391989037,0.009344122678875834,0.9048156934012338
25933,LOF,0.09172097296406527,0.006272820331955375,0.9020062067039792
25934,LOF,0.09335854173567568,0.006451186826521212,0.9001902714378032
25935,LOF,0.11240093430133172,0.018441451319673015,0.8691576143789953
25936,LOF,0.09743893732777291,0.006787638822899319,0.8957734238493278
25937,LOF,0.018855675678883212,0.01322413732041942,0.9679201870006974
25938,LOF,0.11516098015014317,0.016672246910965968,0.8681667729388908
25939,LOF,0.06623141265075919,0.011575830154306138,0.9221927571949345
25940,GOF,0.010663483734268576,0.5322146225043355,0.457121893761396
25941,LOF,0.4689392825767347,0.027726923742388578,0.5033337936808766
25942,LOF,0.01034758522986859,0.04227010872017802,0.9473823060499533
25943,LOF,0.04265122507974199,0.10688816341263051,0.8504606115076274
25944,LOF,0.043393008276863716,0.07817622282814748,0.8784307688949888
25945,LOF,0.14157954322986382,0.018868610306387455,0.8395518464637488
25946,LOF,0.08197507151647136,0.07397770777293301,0.8440472207105956
25947,Neutral,0.4458457094566866,0.20511831865788546,0.3490359718854279
25948,Neutral,0.5469380247093134,0.02045096711994165,0.43261100817074505
25949,LOF,0.0909161931713811,0.04860047153120547,0.8604833352974134
25950,GOF,0.08351053315692698,0.6949893778395263,0.22150008900354679
25951,GOF,0.013841421699797893,0.569458300765177,0.41670027753502503
25952,LOF,0.1423678507921293,0.35643488731740847,0.5011972618904623
25953,LOF,0.006932864122323558,0.37591278450344134,0.6171543513742351
25954,GOF,0.05342542474254259,0.5718316920588412,0.37474288319861615
25955,LOF,0.007242335220845249,0.40457069899624887,0.5881869657829059
25956,LOF,0.008942457031448392,0.4314134276034845,0.5596441153650671
25957,LOF,0.17536891796467693,0.04945434889035299,0.7751767331449702
25958,LOF,0.024480856274389846,0.06316440201954328,0.9123547417060669
25959,GOF,0.006675473818507449,0.7124635847695933,0.28086094141189927
25960,LOF,0.00582143422238153,0.1063455763313019,0.8878329894463166
25961,LOF,0.024091127608127136,0.0633225383688912,0.9125863340229817
25962,LOF,0.03701833408866391,0.11354450600382573,0.8494371599075103
25963,LOF,0.010886241322201475,0.14565597004558897,0.8434577886322097
25964,LOF,0.051783992840330445,0.08913519310818985,0.8590808140514796
25965,LOF,0.1560850840835796,0.18707202086304248,0.6568428950533779
25966,LOF,0.3010704979024338,0.2533821249024812,0.44554737719508514
25967,LOF,0.006803566005101605,0.13070714351831175,0.8624892904765867
25968,LOF,0.06181150870093816,0.2018094935604448,0.7363789977386169
25969,LOF,0.12667898406298278,0.042503856894534606,0.8308171590424827
25970,LOF,0.0534735839971075,0.07763822394515346,0.868888192057739
25971,LOF,0.07651810578898884,0.03402470283904275,0.8894571913719684
25972,LOF,0.08562055972495113,0.03597310087391503,0.8784063394011338
25973,LOF,0.08289688862036872,0.008236842271923272,0.908866269107708
25974,LOF,0.07029705549035985,0.03400962927714388,0.8956933152324963
25975,LOF,0.030549027596197327,0.010202108281550295,0.9592488641222525
25976,LOF,0.09208888392541852,0.010792076171506463,0.897119039903075
25977,LOF,0.24695353074272325,0.050558702662785567,0.7024877665944911
25978,LOF,0.1838353997844299,0.11539434723473187,0.7007702529808383
25979,LOF,0.13121917977938502,0.11934345771625629,0.7494373625043587
25980,LOF,0.22290482844465284,0.22953346357397975,0.5475617079813674
25981,LOF,0.2245206069577744,0.23473866564215012,0.5407407274000755
25982,LOF,0.3092026060147863,0.11364504913003118,0.5771523448551825
25983,Neutral,0.48664399592127633,0.10087101358743869,0.412484990491285
25984,LOF,0.06746464080095102,0.05837868392546706,0.8741566752735818
25985,Neutral,0.4624421697844625,0.11406980910785292,0.4234880211076847
25986,LOF,0.013094202621691992,0.3905037358479434,0.5964020615303646
25987,LOF,0.03258877095867712,0.08318994377137666,0.8842212852699464
25988,LOF,0.05371529158367103,0.08850268565141878,0.8577820227649101
25989,LOF,0.05168515249519758,0.10186115469506248,0.8464536928097399
25990,LOF,0.05048617701726988,0.21961989983642075,0.7298939231463093
25991,GOF,0.022099027785420666,0.6412733780880782,0.33662759412650106
25992,LOF,0.012335016725042693,0.48243116449508716,0.5052338187798702
25993,LOF,0.020015904318770802,0.0936352426780012,0.8863488530032281
25994,LOF,0.0259104516275247,0.10416131668255403,0.8699282316899213
25995,LOF,0.015946243295405192,0.17594892697854972,0.808104829726045
25996,GOF,0.34186342725011976,0.47644165072289624,0.18169492202698406
25997,GOF,0.06124678872324907,0.6541165273340739,0.2846366839426771
25998,LOF,0.24732778555363844,0.03232466010787595,0.7203475543384855
25999,LOF,0.026172096179209278,0.2527983768693143,0.7210295269514766
26000,LOF,0.15917039135136013,0.013691622638472125,0.8271379860101679
26001,LOF,0.15869932992834346,0.017011740186005684,0.824288929885651
26002,LOF,0.11151359116034365,0.016570169168989783,0.8719162396706667
26003,GOF,0.007191959194671456,0.6006163882978288,0.3921916525074997
26004,GOF,0.01722728044414581,0.592526263442975,0.39024645611287934
26005,GOF,0.005805576707057118,0.4971345892385617,0.4970598340543811
26006,GOF,0.09583140392863163,0.5117452636884788,0.3924233323828896
26007,GOF,0.009460536299713277,0.5753517388971873,0.4151877248030994
26008,GOF,0.006779760670068278,0.6141120702533375,0.3791081690765942
26009,GOF,0.012748782444425958,0.6375440500152395,0.34970716754033443
26010,GOF,0.012464129442864322,0.555722865883008,0.4318130046741277
26011,LOF,0.0064548093675872295,0.42784660663126733,0.5656985840011455
26012,GOF,0.00611350099461208,0.5489850157436503,0.44490148326173756
26013,LOF,0.010977662714384521,0.49264462182323226,0.4963777154623832
26014,LOF,0.05446337048020376,0.06611726364344593,0.8794193658763504
26015,LOF,0.4286750228696804,0.03325170604342098,0.5380732710868985
26016,LOF,0.27080721641397887,0.05376302801069657,0.6754297555753246
26017,LOF,0.017113146977293582,0.18304250666241315,0.7998443463602932
26018,LOF,0.022207350326926917,0.11007879812986869,0.8677138515432044
26019,LOF,0.022393647707668215,0.09689540037468773,0.8807109519176441
26020,LOF,0.007468637780267701,0.17673177619018043,0.8157995860295518
26021,LOF,0.08723565513454902,0.08494469596497636,0.8278196489004747
26022,LOF,0.04624054850726959,0.03487439873424674,0.9188850527584838
26023,LOF,0.03383294889509524,0.08031423042558547,0.8858528206793194
26024,LOF,0.051447445876442205,0.06194759070572796,0.8866049634178299
26025,LOF,0.1519116254315085,0.08931890698066766,0.7587694675878238
26026,LOF,0.12619840596099496,0.05888024368216041,0.8149213503568447
26027,LOF,0.030422648618827174,0.04730464148204505,0.9222727098991279
26028,LOF,0.0798643459337872,0.23075906731483478,0.689376586751378
26029,LOF,0.03879938168308255,0.1493450540794329,0.8118555642374846
26030,LOF,0.12743851951943808,0.018459908760088288,0.8541015717204737
26031,LOF,0.017680603179315316,0.15229957960755314,0.8300198172131316
26032,LOF,0.02872444785329516,0.030883130795418705,0.9403924213512862
26033,LOF,0.047115930643724886,0.05991876767375389,0.8929653016825213
26034,LOF,0.02334667711242185,0.09194360774386777,0.8847097151437104
26035,LOF,0.013875670328223738,0.11120846049550014,0.8749158691762761
26036,LOF,0.01323053197054502,0.09110236970328191,0.8956670983261732
26037,LOF,0.013015400045926228,0.09582959174355207,0.8911550082105216
26038,LOF,0.025415744599497428,0.029493591354006286,0.9450906640464963
26039,LOF,0.03505255018510053,0.13460211070798203,0.8303453391069175
26040,LOF,0.06976911554753527,0.18209097360667265,0.7481399108457921
26041,LOF,0.015227041269259353,0.10552693368027834,0.8792460250504623
26042,LOF,0.013971856877378723,0.11392879070513258,0.8720993524174887
26043,LOF,0.02449530430389769,0.05895990685714465,0.9165447888389576
26044,LOF,0.008478316772658229,0.05088404027429569,0.9406376429530461
26045,LOF,0.08974708832640374,0.227048148587374,0.6832047630862224
26046,LOF,0.02425994804173612,0.05731223649486398,0.9184278154633998
26047,LOF,0.07219958291809164,0.047720261489553155,0.8800801555923552
26048,LOF,0.07992827437744941,0.026212066840949986,0.8938596587816006
26049,Neutral,0.9332331206445927,0.006278907539346341,0.060487971816061116
26050,Neutral,0.8818620709116203,0.0077336848545945915,0.11040424423378502
26051,LOF,0.028210710455567257,0.31048278856854683,0.661306500975886
26052,LOF,0.029057308675100684,0.22571926302834158,0.7452234282965577
26053,LOF,0.027420577577953385,0.16840552344334275,0.8041738989787038
26054,LOF,0.053489240037894466,0.07310805308539334,0.8734027068767121
26055,LOF,0.05858096073557365,0.06935916354441146,0.8720598757200149
26056,LOF,0.054984102075622675,0.07327822191363918,0.8717376760107381
26057,LOF,0.046180468768465446,0.0171760720959377,0.936643459135597
26058,LOF,0.05248181807515143,0.0137704009783324,0.9337477809465161
26059,LOF,0.25574353643912234,0.09557417698390856,0.648682286576969
26060,LOF,0.019881259526261297,0.19601059703941304,0.7841081434343257
26061,LOF,0.012778831863361775,0.010068191564173686,0.9771529765724645
26062,LOF,0.006550564094062194,0.022711816231677028,0.9707376196742608
26063,LOF,0.04662073723879623,0.013093066996293696,0.9402861957649101
26064,LOF,0.009288695454682298,0.014855258141793143,0.9758560464035246
26065,LOF,0.0480416080556499,0.019917366960412023,0.932041024983938
26066,LOF,0.04204955801900326,0.011945633311372487,0.9460048086696243
26067,LOF,0.05041287438265507,0.013455130730534228,0.9361319948868106
26068,LOF,0.04971467028671731,0.04865616478571169,0.9016291649275711
26069,LOF,0.1659905343069252,0.04282008689112502,0.7911893788019498
26070,LOF,0.39364035051766233,0.02322085930634146,0.5831387901759962
26071,LOF,0.053561577157245494,0.018185809729475023,0.9282526131132794
26072,LOF,0.008412172630869684,0.018352625947840016,0.9732352014212904
26073,LOF,0.05023236791466104,0.0125384453568746,0.9372291867284644
26074,Neutral,0.718700888475195,0.01927330839534234,0.2620258031294627
26075,LOF,0.03709307311729926,0.036343291573892066,0.9265636353088086
26076,LOF,0.05121956920350837,0.017866116894684626,0.9309143139018071
26077,LOF,0.1747898376873975,0.017709964405798504,0.8075001979068039
26078,LOF,0.0071155417614303254,0.0254984677753958,0.9673859904631739
26079,LOF,0.05318441404254911,0.03565844218244919,0.9111571437750016
26080,LOF,0.05205645433048966,0.03593339082166659,0.9120101548478438
26081,LOF,0.05294432589823358,0.015785186864654938,0.9312704872371115
26082,LOF,0.00767766408334089,0.023944524188320222,0.9683778117283389
26083,LOF,0.06226259791422529,0.02818844725801069,0.9095489548277641
26084,LOF,0.08261456627747041,0.017670321951705214,0.8997151117708244
26085,LOF,0.07272883810126421,0.014954144111726287,0.9123170177870096
26086,LOF,0.041587889722133495,0.020057617929543213,0.9383544923483234
26087,LOF,0.04445389871308052,0.01611431404340764,0.9394317872435118
26088,LOF,0.00787892793059039,0.034821199953526505,0.9572998721158832
26089,LOF,0.034421213481971455,0.05529052920351555,0.9102882573145129
26090,LOF,0.03395300561392041,0.048137887211410935,0.9179091071746686
26091,LOF,0.036274132401922676,0.013315223425114228,0.9504106441729632
26092,LOF,0.05098309187870365,0.012464604121524447,0.9365523039997719
26093,LOF,0.07868008795876019,0.00777303813821557,0.9135468739030242
26094,LOF,0.043379413875078834,0.010509218954012415,0.9461113671709087
26095,LOF,0.012628661271823523,0.025567678808843197,0.9618036599193333
26096,LOF,0.3041550327804533,0.004394631567773299,0.6914503356517735
26097,LOF,0.007961789814666711,0.05024852294033236,0.9417896872450009
26098,LOF,0.0562160890479424,0.03674056486014665,0.9070433460919108
26099,LOF,0.05417184844059897,0.03776104606191086,0.9080671054974903
26100,LOF,0.05417184844059897,0.03776104606191086,0.9080671054974903
26101,LOF,0.05388129262944636,0.045682711955008296,0.9004359954155454
26102,LOF,0.04319218134550721,0.020444117271480933,0.936363701383012
26103,Neutral,0.8844972653367794,0.04075882551968272,0.07474390914353786
26104,LOF,0.04590770694245107,0.1031036787289161,0.8509886143286328
26105,LOF,0.267019592772626,0.06797575188832596,0.665004655339048
26106,LOF,0.309113486807502,0.03609622964472878,0.6547902835477692
26107,LOF,0.01939361193864346,0.05039741528949969,0.9302089727718569
26108,LOF,0.18205795088797014,0.06166080172056072,0.7562812473914691
26109,LOF,0.051303573750775766,0.03905294942579301,0.9096434768234313
26110,Neutral,0.5360121895302508,0.02352333229720575,0.44046447817254347
26111,LOF,0.061675139845792364,0.18553344310307215,0.7527914170511354
26112,LOF,0.07186792148826428,0.01735095680198276,0.910781121709753
26113,LOF,0.06961312356796753,0.03599573489071174,0.8943911415413208
26114,LOF,0.11437398465507341,0.012683061019299913,0.8729429543256267
26115,LOF,0.019655540467468886,0.07307902096925993,0.9072654385632712
26116,LOF,0.05886459613017089,0.028384709072051872,0.9127506947977773
26117,LOF,0.3176164437333403,0.07490274050442036,0.6074808157622393
26118,LOF,0.03740703561285992,0.0253720793494335,0.9372208850377066
26119,LOF,0.00582981743278282,0.09245584847282404,0.9017143340943932
26120,LOF,0.030143755826655776,0.02069024497480751,0.9491659991985366
26121,LOF,0.003812919736110574,0.12362406042410752,0.8725630198397819
