feature0,prediction,LoGoFunc_Neutral,LoGoFunc_GOF,LoGoFunc_LOF
25546,Neutral,0.7732816758116013,0.023763536211139084,0.20295478797725966
25547,Neutral,0.6283139538620331,0.04979468845759916,0.32189135768036764
25548,Neutral,0.6178935873242952,0.042005843710117105,0.34010056896558755
25549,Neutral,0.5317650542233396,0.042272857937179144,0.42596208783948114
25550,LOF,0.3418176499333862,0.10853373261098917,0.5496486174556247
25551,LOF,0.29589205097731747,0.11917411142289402,0.5849338375997886
25552,LOF,0.18414410719183077,0.12147795704124792,0.6943779357669213
25553,Neutral,0.830338951284702,0.031910145851877014,0.137750902863421
25554,LOF,0.22998608577679175,0.11440471886702244,0.6556091953561858
25555,LOF,0.179002118653764,0.09733549100811845,0.7236623903381176
25556,LOF,0.38785856110260936,0.09273283520851866,0.519408603688872
25557,LOF,0.1756204369450181,0.10791417163646111,0.7164653914185208
25558,LOF,0.22794581405913858,0.11904819614824119,0.6530059897926203
25559,LOF,0.37938699387744135,0.05690789482359753,0.5637051112989611
25560,LOF,0.06330379632544933,0.18012023277380537,0.7565759709007454
25561,LOF,0.12189253653781766,0.21329971694801933,0.664807746514163
25562,LOF,0.10244891084241207,0.09290461558781256,0.8046464735697755
25563,LOF,0.11182060040820245,0.10545896492649949,0.7827204346652981
25564,LOF,0.14975788638483034,0.18128997269923344,0.6689521409159362
25565,LOF,0.12628546634596138,0.1686396035585648,0.7050749300954737
25566,GOF,0.016473967538338918,0.7268889451518382,0.256637087309823
25567,LOF,0.013034940671473814,0.12752167719505925,0.8594433821334668
25568,LOF,0.04953582670730552,0.05623551418965987,0.8942286591030347
25569,LOF,0.06274129907944694,0.05395228324009133,0.8833064176804617
25570,LOF,0.0690248010617097,0.09090568128963335,0.8400695176486569
25571,LOF,0.0622623846991644,0.08609838146186263,0.8516392338389729
25572,LOF,0.06613846906448839,0.12570037088089114,0.8081611600546205
25573,LOF,0.029500751356844625,0.08206812648860645,0.888431122154549
25574,LOF,0.018878854810590474,0.13566064558718322,0.8454604996022262
25575,LOF,0.051823234281386917,0.09546653197759876,0.8527102337410143
25576,LOF,0.01889074668877759,0.10662657589759465,0.8744826774136277
25577,LOF,0.015233232805160007,0.1298931317087873,0.8548736354860527
25578,LOF,0.24012226825768193,0.07576563394511802,0.6841120977972001
25579,LOF,0.2416863523821582,0.07500018074101848,0.6833134668768234
25580,LOF,0.03660190986259681,0.07774836450829713,0.885649725629106
25581,LOF,0.049666378444807355,0.05831494689748626,0.8920186746577063
25582,LOF,0.04945362623055614,0.055820426477132264,0.8947259472923116
25583,LOF,0.045269619228873764,0.08555814382687879,0.8691722369442474
25584,LOF,0.43918028351094474,0.08575450489064715,0.4750652115984081
25585,LOF,0.03289270663818889,0.09686653599422632,0.8702407573675848
25586,LOF,0.04225668043539497,0.07396324602544069,0.8837800735391643
25587,LOF,0.038062108647284286,0.06938697323093211,0.8925509181217837
25588,LOF,0.03686596269284329,0.0919242836945575,0.8712097536125992
25589,Neutral,0.6120994482345914,0.09613425510164872,0.2917662966637599
25590,LOF,0.029978789946293428,0.1269307110780415,0.8430904989756651
25591,LOF,0.11799434909200893,0.044792013674633466,0.8372136372333576
25592,LOF,0.09943087152744767,0.13202391918854844,0.7685452092840039
25593,LOF,0.01783379053497341,0.23518297529520168,0.7469832341698248
25594,LOF,0.037431093452641305,0.19236796109629317,0.7702009454510655
25595,LOF,0.05905093371291832,0.14821797385219887,0.7927310924348829
25596,LOF,0.06470144709409067,0.09009403905629325,0.845204513849616
25597,LOF,0.060645641504443876,0.08169462391041592,0.8576597345851402
25598,LOF,0.04670147443897144,0.1955659247371172,0.7577326008239114
25599,GOF,0.0069523354493391315,0.7004782605730694,0.29256940397759157
25600,GOF,0.00910911131013984,0.5642636840765632,0.4266272046132969
25601,LOF,0.00679894523864347,0.4394512943776749,0.5537497603836815
25602,LOF,0.018406421685485067,0.062307079603370175,0.9192864987111449
25603,LOF,0.0359520887464859,0.03558052502263646,0.9284673862308777
25604,LOF,0.04634020974721461,0.06214399427940633,0.8915157959733792
25605,LOF,0.009957636727673391,0.28204875132774765,0.7079936119445789
25606,GOF,0.05800636434364538,0.47129804283760385,0.4706955928187507
25607,LOF,0.00400686609617018,0.15904216122777773,0.8369509726760521
25608,LOF,0.05661245182229265,0.05209229922142153,0.8912952489562858
25609,LOF,0.057079995836678755,0.39828018381451047,0.5446398203488108
25610,LOF,0.046163607915711134,0.03175102568698751,0.9220853663973013
25611,LOF,0.058194985609369664,0.02804290739151544,0.9137621069991148
25612,LOF,0.13094624902176075,0.04781794583211272,0.8212358051461265
25613,LOF,0.10984870505014528,0.03871065730138394,0.8514406376484708
25614,LOF,0.04176636920939986,0.03505593691647851,0.9231776938741215
25615,LOF,0.06306386016900126,0.034873268508020236,0.9020628713229786
25616,LOF,0.04231270955385398,0.036050513268722294,0.9216367771774238
25617,LOF,0.04068130562074854,0.040735289818400224,0.9185834045608513
25618,LOF,0.22995626895513874,0.035133740283874455,0.7349099907609868
25619,LOF,0.039322632556560495,0.03520453811838661,0.9254728293250529
25620,LOF,0.042501268500019285,0.042511890255977895,0.9149868412440028
25621,LOF,0.03726216100375157,0.028291422151433706,0.9344464168448148
25622,LOF,0.03274410200283528,0.042881688491943286,0.9243742095052214
25623,LOF,0.06515807007862243,0.03063475603400505,0.9042071738873725
25624,LOF,0.03040371633062808,0.04069376873340592,0.9289025149359659
25625,LOF,0.03924695778262221,0.04665393351469189,0.9140991087026858
25626,LOF,0.08962407944516951,0.032000549209362496,0.8783753713454681
25627,Neutral,0.5911919996491918,0.09211154525093959,0.3166964550998686
25628,LOF,0.18909971309202628,0.04538111634879994,0.7655191705591737
25629,LOF,0.0860880984346676,0.12425073408741283,0.7896611674779196
25630,LOF,0.2124000116224989,0.0826013364440267,0.7049986519334744
25631,Neutral,0.6148882260676878,0.056992973896210664,0.32811880003610155
25632,LOF,0.02152667365764496,0.08351460750268916,0.8949587188396659
25633,LOF,0.23219595081334726,0.08691293509327247,0.6808911140933802
25634,LOF,0.0380683112347528,0.10074775539138009,0.8611839333738672
25635,LOF,0.03516463419394179,0.08164631714423785,0.8831890486618204
25636,GOF,0.00740689096492778,0.7234034851273392,0.2691896239077331
25637,GOF,0.004947622011125366,0.5751088435659703,0.4199435344229043
25638,LOF,0.010750932306299574,0.4378749563312609,0.5513741113624395
25639,LOF,0.005643047522804039,0.43734743126215175,0.5570095212150442
25640,GOF,0.37325031120088126,0.5855118212936692,0.04123786750544945
25641,LOF,0.005799688391653198,0.3600409713422277,0.6341593402661191
25642,LOF,0.25329723235140544,0.09694307267274156,0.6497596949758531
25643,LOF,0.1867891208584902,0.3529780086001069,0.46023287054140294
25644,GOF,0.02748981223983693,0.6683607095515758,0.3041494782085873
25645,GOF,0.02090017509451912,0.607370423966155,0.3717294009393258
25646,LOF,0.02271516016486578,0.42809733740349204,0.5491875024316423
25647,LOF,0.018870539125542554,0.33158092131023104,0.6495485395642264
25648,LOF,0.015745173654359512,0.37028023734030574,0.6139745890053347
25649,LOF,0.014269592535175459,0.27187967347636366,0.7138507339884609
25650,GOF,0.043700755789341655,0.659378803393499,0.2969204408171594
25651,LOF,0.013028245989570548,0.3205448059134748,0.6664269480969546
25652,LOF,0.021121131032963748,0.37160375405297985,0.6072751149140564
25653,GOF,0.08630182900452217,0.5867984496379568,0.326899721357521
25654,LOF,0.014609570117054646,0.39313822510041296,0.5922522047825325
25655,GOF,0.1288086717596032,0.5247905452727977,0.34640078296759913
25656,LOF,0.056584034059694026,0.09540653377271865,0.8480094321675873
25657,LOF,0.29589703260615385,0.03844112263129484,0.6656618447625513
25658,LOF,0.030442497821148388,0.17128544417277525,0.7982720580060765
25659,LOF,0.2163087355080773,0.08251226728549262,0.7011789972064301
25660,LOF,0.10504448012819843,0.10322911782737629,0.7917264020444252
25661,LOF,0.07958136006152713,0.07964936659178448,0.8407692733466884
25662,LOF,0.033900297332095666,0.0486652395213528,0.9174344631465514
25663,LOF,0.04320596556632814,0.08125642508543135,0.8755376093482404
25664,LOF,0.029600549932333353,0.13290069911555774,0.8374987509521089
25665,LOF,0.04596519416819324,0.061387661365163985,0.8926471444666428
25666,LOF,0.04314540999981264,0.18155056763612315,0.7753040223640643
25667,LOF,0.03639616486321534,0.06718388071352528,0.8964199544232595
25668,LOF,0.04746855147475391,0.060196710389405786,0.8923347381358403
25669,LOF,0.054453691505576586,0.10842264372417679,0.8371236647702466
25670,LOF,0.12560445628362116,0.1084646353594363,0.7659309083569426
25671,LOF,0.04133462921663137,0.05722086408779643,0.9014445066955723
25672,LOF,0.045195495186029284,0.0820581305487095,0.8727463742652611
25673,LOF,0.03410228284319142,0.08457722512934272,0.881320492027466
25674,LOF,0.024574376865694546,0.09948053074744026,0.8759450923868652
25675,LOF,0.03415430003689871,0.08782292420881539,0.8780227757542858
25676,LOF,0.032989771345317706,0.07474648490702196,0.8922637437476604
25677,LOF,0.08823738189097202,0.06020907706486145,0.8515535410441666
25678,LOF,0.15014801970649383,0.05009559523240313,0.799756385061103
25679,LOF,0.10354379461122101,0.07598930121777513,0.8204669041710039
25680,LOF,0.09446086975735925,0.09414213478714006,0.8113969954555007
25681,LOF,0.11122784217849484,0.08949734465450478,0.7992748131670003
25682,LOF,0.053295456423241704,0.07728589685767932,0.8694186467190789
25683,LOF,0.07112246588173617,0.11196853784800849,0.8169089962702554
25684,LOF,0.06598592570736524,0.08196475713472398,0.8520493171579108
25685,LOF,0.11756321766892318,0.05288680211744735,0.8295499802136296
25686,LOF,0.03598283952389375,0.1174937143846557,0.8465234460914506
25687,LOF,0.06263047164710017,0.10371785352748485,0.833651674825415
25688,LOF,0.019307161745917345,0.07151270736830852,0.9091801308857741
25689,LOF,0.01542662640110745,0.04538516744212514,0.9391882061567673
25690,LOF,0.015376455216918918,0.056659219468643246,0.9279643253144378
25691,LOF,0.11407002008777126,0.08324161845069208,0.8026883614615367
25692,LOF,0.19010747262785227,0.011763819584810872,0.7981287077873369
25693,LOF,0.048424022573655176,0.14331843450637263,0.8082575429199722
25694,LOF,0.2851134712667695,0.012429549803351486,0.7024569789298789
25695,LOF,0.2167874593295074,0.01922705748036028,0.7639854831901324
25696,LOF,0.1600243123598738,0.015812125138846552,0.8241635625012796
25697,LOF,0.12866447145933893,0.03902827522829412,0.8323072533123671
25698,LOF,0.022497029425981484,0.345388640491636,0.6321143300823826
25699,LOF,0.10530208630139319,0.086748392787873,0.8079495209107338
25700,LOF,0.03672966457880398,0.017286266209246105,0.9459840692119499
25701,LOF,0.01686008985936488,0.09348162062896043,0.8896582895116746
25702,GOF,0.021094890050561577,0.7352611524252248,0.24364395752421367
25703,LOF,0.015712097112771498,0.21028244516410263,0.7740054577231259
25704,LOF,0.08773164364657346,0.21295372251959854,0.6993146338338281
25705,LOF,0.08548707552755047,0.2864571201217563,0.6280558043506933
25706,GOF,0.021717889958161995,0.6517225050390226,0.3265596050028152
25707,GOF,0.03503015044007281,0.6240365334141512,0.340933316145776
25708,GOF,0.011157470807107002,0.6101942625158769,0.37864826667701595
25709,LOF,0.02777765233836788,0.09965576426342375,0.8725665833982084
25710,LOF,0.005453572980534176,0.2593477352064308,0.7351986918130351
25711,LOF,0.028123556144377813,0.1668815845065633,0.8049948593490589
25712,LOF,0.0077782894106363035,0.2888798734478509,0.7033418371415129
25713,LOF,0.02431905599552946,0.13894075950467413,0.8367401844997964
25714,LOF,0.02858227686426155,0.18242998768374719,0.7889877354519912
25715,LOF,0.02943396173817266,0.16405504139467741,0.80651099686715
25716,LOF,0.008582167148524819,0.19512258779674982,0.7962952450547254
25717,LOF,0.006224639618026083,0.22032565215606814,0.7734497082259058
25718,LOF,0.02586100087713825,0.12192035051666397,0.8522186486061979
25719,LOF,0.0368196695808265,0.13833276800849398,0.8248475624106796
25720,LOF,0.037463471201982165,0.1409927953257412,0.8215437334722766
25721,LOF,0.030277908692488677,0.11685216427876693,0.8528699270287444
25722,LOF,0.019689873524936258,0.16262879402321986,0.8176813324518439
25723,LOF,0.02947438114476311,0.12415275571768282,0.8463728631375541
25724,LOF,0.027186230349546727,0.2142341426636091,0.7585796269868441
25725,LOF,0.029549039543458677,0.11608315720973697,0.8543678032468043
25726,LOF,0.020105370335078553,0.1629575050658088,0.8169371245991127
25727,LOF,0.02714874433856707,0.16642183615221215,0.8064294195092208
25728,LOF,0.02831531368860357,0.14805494203197256,0.8236297442794239
25729,LOF,0.027140594176691672,0.173682151667903,0.7991772541554054
25730,LOF,0.03068145994377084,0.11450058723829115,0.854817952817938
25731,LOF,0.010613874216782684,0.24617863680312063,0.7432074889800966
25732,LOF,0.02340637842993161,0.130132694838216,0.8464609267318524
25733,LOF,0.037437065802871435,0.12119540554005684,0.8413675286570718
25734,LOF,0.006567705617595211,0.3310596499868859,0.6623726443955189
25735,LOF,0.02571540482703564,0.10429647613671447,0.8699881190362498
25736,LOF,0.025625040354287247,0.1679923905798231,0.8063825690658897
25737,LOF,0.053158242624668894,0.16014310227706435,0.7866986550982668
25738,LOF,0.02549372809592355,0.18442002765794083,0.7900862442461356
25739,LOF,0.031234261241561815,0.14648581566986926,0.8222799230885689
25740,LOF,0.03234009831401173,0.1629918211130415,0.8046680805729468
25741,LOF,0.03814038551997786,0.15260744625428777,0.8092521682257344
25742,LOF,0.05202354125427024,0.15848353257332987,0.7894929261723997
25743,LOF,0.011761158254349997,0.0248774961960268,0.9633613455496233
25744,LOF,0.21458373796927574,0.23927281701334208,0.5461434450173821
25745,LOF,0.03845322470157661,0.05593884685067817,0.9056079284477452
25746,LOF,0.015398988417006742,0.06751058936602596,0.9170904222169672
25747,LOF,0.03779385721039666,0.024657457012095776,0.9375486857775076
25748,LOF,0.27065968872402796,0.04078720122724926,0.6885531100487227
25749,LOF,0.01546504927721614,0.046911758835676935,0.9376231918871069
25750,LOF,0.020382400388846162,0.04856535571495468,0.931052243896199
25751,LOF,0.03834275019575746,0.044195746764984875,0.9174615030392577
25752,GOF,0.07471464860398845,0.7489631215889652,0.17632222980704632
25753,LOF,0.006713189467897619,0.47205570506215383,0.5212311054699486
25754,GOF,0.00722821040314786,0.8961426822705587,0.09662910732629353
25755,GOF,0.006277923099707514,0.5127955383147469,0.4809265385855456
25756,GOF,0.024245842807131497,0.5101458156996959,0.4656083414931726
25757,GOF,0.00767569562575646,0.8894132330669843,0.10291107130725935
25758,GOF,0.009147177079470568,0.9021703165308788,0.08868250638965068
25759,GOF,0.005688258672987701,0.7041710414752437,0.29014069985176855
25760,LOF,0.005500344578270147,0.38315221905453845,0.6113474363671915
25761,GOF,0.04796293425624182,0.8641758197338342,0.08786124600992391
25762,LOF,0.02782298190612159,0.4456153480758647,0.5265616700180138
25763,LOF,0.005888814747705783,0.3572238659731903,0.636887319279104
25764,GOF,0.05208358614896821,0.7073296980840676,0.24058671576696422
25765,GOF,0.007510733947305157,0.8981058142396342,0.09438345181306075
25766,GOF,0.04978814653492258,0.8592938835097333,0.09091796995534412
25767,GOF,0.020005092335152262,0.5297577735471998,0.45023713411764793
25768,LOF,0.052120928270446086,0.046529636762821396,0.9013494349667325
25769,LOF,0.03954320499971345,0.07754832617382217,0.8829084688264643
25770,LOF,0.20976877408180278,0.0763618505086697,0.7138693754095274
25771,LOF,0.018658545007318946,0.07117986707088388,0.9101615879217971
25772,LOF,0.031394596261131405,0.028005447327463347,0.9405999564114053
25773,LOF,0.01963391112048169,0.08136734255279318,0.8989987463267252
25774,LOF,0.028677524271076605,0.14214388650649531,0.8291785892224282
25775,LOF,0.02114958528708621,0.043324961362294516,0.9355254533506192
25776,LOF,0.03243051965237235,0.0244986506953703,0.9430708296522573
25777,LOF,0.301467105181379,0.09162398049707901,0.6069089143215419
25778,LOF,0.029957105454622344,0.04915090505512704,0.9208919894902506
25779,GOF,0.07417295007768057,0.8534170323295976,0.07241001759272175
25780,GOF,0.10090768782346851,0.8401170585000567,0.05897525367647477
25781,GOF,0.043265379372062714,0.8290652003941448,0.1276694202337926
25782,GOF,0.04842819520586059,0.8803418322046278,0.07122997258951161
25783,GOF,0.0453870970695991,0.9030302540553502,0.05158264887505063
25784,GOF,0.13491382658928225,0.8221794254020844,0.042906748008633415
25785,GOF,0.16089907988237698,0.8012986594727537,0.037802260644869384
25786,GOF,0.013796492435929545,0.8618471553834376,0.12435635218063285
25787,GOF,0.30982747870525246,0.6494998978898293,0.040672623404918264
25788,LOF,0.019203882181839563,0.15425007504510904,0.8265460427730513
25789,GOF,0.022404770327103377,0.843449904606224,0.1341453250666727
25790,GOF,0.03665640588575456,0.8597502757387122,0.10359331837553315
25791,GOF,0.03862733936469186,0.7210942958881152,0.24027836474719286
25792,GOF,0.04526192596019674,0.7682597504272998,0.18647832361250338
25793,GOF,0.06553882350231892,0.7915452753482087,0.14291590114947236
25794,GOF,0.07565700065290062,0.6992227976097114,0.22512020173738806
25795,GOF,0.07262568113506904,0.6924584213905435,0.23491589747438746
25796,GOF,0.1517582857326573,0.759878481707447,0.08836323255989566
25797,GOF,0.11911597764616426,0.6945580996319227,0.186325922721913
25798,GOF,0.008310122963984893,0.7569257538983424,0.23476412313767275
25799,GOF,0.00527121929719334,0.6597525571177832,0.3349762235850234
25800,GOF,0.030535632864120647,0.8064558523642009,0.16300851477167855
25801,GOF,0.029303583628373146,0.8879211133694167,0.08277530300221014
25802,GOF,0.03665450158626528,0.7716289640775325,0.19171653433620217
25803,GOF,0.026413837698558446,0.6919180185326728,0.28166814376876875
25804,GOF,0.04401473404089309,0.7463374826068779,0.20964778335222906
25805,GOF,0.040477590888818395,0.776963401160182,0.1825590079509996
25806,GOF,0.05509631029812126,0.781126081899702,0.1637776078021767
25807,GOF,0.017965153470045247,0.7354528522568474,0.2465819942731075
25808,GOF,0.03179288432812494,0.752407965362401,0.21579915030947408
25809,GOF,0.014850961237383038,0.6990096877003482,0.28613935106226873
25810,GOF,0.01294565341865443,0.6878744399495585,0.29917990663178706
25811,GOF,0.07168378043780886,0.8426918243095064,0.0856243952526848
25812,GOF,0.03706403478835336,0.7371229062002376,0.2258130590114089
25813,GOF,0.19494830991296563,0.7147926885176493,0.09025900156938507
25814,GOF,0.037735330725082644,0.762113450712392,0.20015121856252546
25815,GOF,0.07439133564086405,0.8032626835135362,0.12234598084559978
25816,GOF,0.011597887743134257,0.8500036201872336,0.13839849206963223
25817,GOF,0.14903514656099484,0.7385426429591172,0.11242221047988794
25818,GOF,0.03707388768458387,0.7727224496947787,0.19020366262063748
25819,GOF,0.06432512037992022,0.7480340942971446,0.18764078532293516
25820,GOF,0.06509470911702424,0.7053914886028863,0.22951380228008947
25821,GOF,0.044479211910369416,0.7576204534671254,0.19790033462250528
25822,GOF,0.0817041911104987,0.7029899110215782,0.21530589786792323
25823,GOF,0.03530431425258812,0.6644127810168634,0.3002829047305484
25824,GOF,0.03658702333720738,0.7408547731766826,0.2225582034861101
25825,GOF,0.028997830330006545,0.7299700410885431,0.2410321285814503
25826,GOF,0.013750960643581002,0.6977834747331896,0.2884655646232293
25827,GOF,0.018890978998213254,0.6813578776253196,0.2997511433764671
25828,GOF,0.015309666101850122,0.7264970242117943,0.2581933096863555
25829,GOF,0.00538098250090479,0.6437057129196408,0.35091330457945447
25830,GOF,0.0439387469545162,0.5039970280491224,0.45206422499636134
25831,GOF,0.06856302765168032,0.7929504791272529,0.13848649322106685
25832,GOF,0.013355068482589102,0.7270129349012776,0.2596319966161332
25833,GOF,0.049694015627720765,0.7815870488869767,0.1687189354853024
25834,GOF,0.013601746700519706,0.7408030819061809,0.24559517139329937
25835,GOF,0.032191527053490626,0.7928233514498566,0.17498512149665274
25836,GOF,0.009785679078210171,0.7215593397535013,0.2686549811682885
25837,GOF,0.011823665430778459,0.7528322285194758,0.2353441060497458
25838,GOF,0.030049498182989,0.8158589105044467,0.15409159131256417
25839,GOF,0.09239063386437343,0.7624089532300738,0.14520041290555272
25840,GOF,0.12280619223111175,0.7320625996736265,0.14513120809526178
25841,GOF,0.11838557361611081,0.767472418370667,0.11414200801322223
25842,GOF,0.03676537959715472,0.8593408139390778,0.10389380646376746
25843,GOF,0.03550063791983607,0.8635939868123745,0.10090537526778942
25844,GOF,0.02666503938393384,0.7907767200065395,0.18255824060952647
25845,GOF,0.008407574633324387,0.7041331305793752,0.2874592947873003
25846,GOF,0.08141090098834088,0.8142549766250866,0.10433412238657253
25847,GOF,0.01802858358598017,0.8654993126641443,0.11647210374987568
25848,GOF,0.032052215585419284,0.8042707801309912,0.16367700428358972
25849,GOF,0.009380989294298904,0.7851515769969416,0.20546743370875956
25850,GOF,0.008777569789162354,0.7082550862475512,0.2829673439632866
25851,GOF,0.008013173008029001,0.6520080577514793,0.3399787692404917
25852,GOF,0.18591237144348852,0.5316907646998388,0.2823968638566725
25853,GOF,0.07853475926594204,0.7704106719506739,0.15105456878338408
25854,GOF,0.007797174859366249,0.6797562357061713,0.31244658943446263
25855,GOF,0.02730675312814766,0.6454230126095131,0.3272702342623394
25856,GOF,0.05509842873346602,0.7063776227444403,0.23852394852209363
25857,GOF,0.026934907800549742,0.6347310483957735,0.3383340438036766
25858,GOF,0.011406604974383248,0.6264603233544024,0.3621330716712142
25859,GOF,0.008513700710519927,0.595730216012299,0.395756083277181
25860,GOF,0.09862659564987539,0.7338294999873071,0.16754390436281763
25861,GOF,0.11706918004905746,0.7633788879190652,0.11955193203187728
25862,GOF,0.028537371635413526,0.872409612199298,0.09905301616528846
25863,GOF,0.027671776902321768,0.8589421184840598,0.11338610461361842
25864,GOF,0.07369754506555697,0.8467440325430259,0.07955842239141704
25865,GOF,0.06152999193126711,0.8207305831990322,0.1177394248697007
25866,GOF,0.030103664110821274,0.8263188611628747,0.14357747472630403
25867,GOF,0.04769923451834401,0.8305089712032558,0.12179179427840008
25868,GOF,0.07925517419007659,0.7578462716262766,0.16289855418364674
25869,GOF,0.41034367631076246,0.4863531413467501,0.10330318234248737
25870,GOF,0.08363184526122862,0.5194464512735515,0.39692170346521993
25871,GOF,0.012577651857617025,0.8261219173814803,0.1613004307609027
25872,GOF,0.025919578546844985,0.8036212224743199,0.17045919897883507
25873,GOF,0.02539625957399153,0.8674603916437567,0.10714334878225179
25874,LOF,0.019046859658789113,0.1832758840685453,0.7976772562726656
25875,LOF,0.02444967350236401,0.08896272685323356,0.8865875996444025
25876,LOF,0.020096458336671535,0.05782454822700982,0.9220789934363187
25877,LOF,0.09605465712392579,0.1981065921616654,0.7058387507144088
25878,LOF,0.05843572952377642,0.2449047244142753,0.6966595460619481
25879,LOF,0.010828587288491917,0.18250687060013127,0.8066645421113767
25880,LOF,0.06216005383442828,0.01942254422273045,0.9184174019428413
25881,Neutral,0.5626373137706088,0.08791467813401306,0.3494480080953781
25882,LOF,0.07071762331158313,0.02521869818683353,0.9040636785015834
25883,LOF,0.03205585987307201,0.0258371093990124,0.9421070307279156
25884,LOF,0.021187735085101807,0.03648843778770675,0.9423238271271914
25885,LOF,0.1882513496875851,0.013103819571241064,0.7986448307411738
25886,LOF,0.2508280900706031,0.053304618966565555,0.6958672909628314
25887,LOF,0.09653807728506499,0.129047524510309,0.774414398204626
25888,LOF,0.00878478458418897,0.17406866168426394,0.8171465537315471
25889,LOF,0.02951660877036295,0.03538622511650327,0.9350971661131339
25890,LOF,0.19627290385428933,0.07381737502755391,0.7299097211181568
25891,LOF,0.09786021314036623,0.033806853370727905,0.868332933488906
25892,LOF,0.009485105436185986,0.027552101333979485,0.9629627932298346
25893,LOF,0.307741494758468,0.009902523539553449,0.6823559817019785
25894,LOF,0.32841529704238864,0.007215989490930435,0.6643687134666809
25895,LOF,0.2738155360701389,0.011904350787894225,0.7142801131419669
25896,LOF,0.09158430047593126,0.028668108240045218,0.8797475912840236
25897,LOF,0.1400114365856233,0.010318660242389996,0.8496699031719868
25898,LOF,0.12868326153044612,0.026928424687694647,0.8443883137818592
25899,LOF,0.43567844386203464,0.032515183476422495,0.531806372661543
25900,Neutral,0.6638841494020971,0.013415258449575657,0.3227005921483272
25901,LOF,0.11460430836229972,0.013230002187890777,0.8721656894498094
25902,LOF,0.1184001053868857,0.014888005430009203,0.8667118891831052
25903,LOF,0.20758077856359716,0.025452143677034734,0.7669670777593681
25904,Neutral,0.571582582106704,0.04240837362660526,0.38600904426669075
25905,LOF,0.00797257300258727,0.3733945267922148,0.6186329002051979
25906,LOF,0.008275520664495436,0.0689189943212939,0.9228054850142107
25907,LOF,0.009082333377515357,0.23679198342076624,0.7541256832017184
25908,LOF,0.009201786948881092,0.22385276458301245,0.7669454484681064
25909,LOF,0.03100429823204827,0.09798744046181894,0.8710082613061327
25910,LOF,0.012418684038941493,0.15674227723832515,0.8308390387227335
25911,LOF,0.17964947831961087,0.026138467044229525,0.7942120546361595
25912,LOF,0.09965786611866767,0.02106696530572609,0.8792751685756062
25913,LOF,0.01970139481241108,0.028925064909207387,0.9513735402783815
25914,LOF,0.03979654731130742,0.024634094143883744,0.9355693585448087
25915,LOF,0.1537792960505219,0.19805463353555325,0.6481660704139249
25916,LOF,0.014192725233453897,0.09391278797527561,0.8918944867912705
25917,LOF,0.0724363944539905,0.026484545744788094,0.9010790598012214
25918,LOF,0.04083736805564334,0.013216031681935221,0.9459466002624215
25919,LOF,0.034133473641007134,0.013920377700814383,0.9519461486581784
25920,LOF,0.3056794618955152,0.1878697149529326,0.5064508231515522
25921,LOF,0.021410053733398323,0.015995884098342166,0.9625940621682596
25922,LOF,0.019343258978434728,0.01774631351582735,0.962910427505738
25923,LOF,0.4502054323935863,0.012082021344423925,0.5377125462619897
25924,LOF,0.028373844870598425,0.018319951624417585,0.9533062035049841
25925,LOF,0.10480487165239157,0.026470211542246186,0.8687249168053622
25926,LOF,0.09088378337561574,0.020141936330340598,0.8889742802940436
25927,LOF,0.028107798468748786,0.03388929623875601,0.9380029052924952
25928,LOF,0.01519734488897395,0.021918484560161888,0.9628841705508643
25929,Neutral,0.5933551199536428,0.011685898276453369,0.3949589817699039
25930,LOF,0.10407728897440034,0.011458647780423856,0.8844640632451759
25931,LOF,0.01675975869474518,0.015655796742941874,0.9675844445623131
25932,LOF,0.09304478625900038,0.01390871314225596,0.8930465005987437
25933,LOF,0.08975142060055075,0.007821365242881398,0.9024272141565679
25934,LOF,0.09599447883170696,0.007156972437639547,0.8968485487306534
25935,LOF,0.10766806456936875,0.021012511505231736,0.8713194239253996
25936,LOF,0.10352592405598603,0.008204534509553824,0.8882695414344601
25937,LOF,0.021735734345018496,0.015805336265561788,0.9624589293894197
25938,LOF,0.10612598299605079,0.019549536111887037,0.8743244808920622
25939,LOF,0.07410127958511649,0.011298193724484689,0.9146005266903988
25940,GOF,0.012588467333329294,0.5188101816534686,0.4686013510132022
25941,Neutral,0.4813221578448565,0.045053703753401675,0.4736241384017418
25942,LOF,0.01096529608183858,0.05131079863339553,0.9377239052847659
25943,LOF,0.049637355863057876,0.20388110501942158,0.7464815391175206
25944,LOF,0.0543327165925151,0.09817933011198754,0.8474879532954973
25945,LOF,0.18527303612234755,0.029712391372868942,0.7850145725047836
25946,LOF,0.07611331248784503,0.03890357141294769,0.8849831160992073
25947,Neutral,0.5015037523648089,0.13950517200745505,0.35899107562773597
25948,LOF,0.3978933862014431,0.013123880898723609,0.5889827328998333
25949,LOF,0.1335640413274307,0.06751056957316841,0.7989253890994008
25950,GOF,0.1287277659165251,0.6041887522937851,0.2670834817896898
25951,LOF,0.01149937283652421,0.4884822009268338,0.500018426236642
25952,LOF,0.14694253177743405,0.3223985310418807,0.5306589371806852
25953,LOF,0.007660304024369535,0.3289968056693065,0.663342890306324
25954,LOF,0.08816793599304978,0.4380813279033915,0.47375073610355867
25955,LOF,0.010557696173793457,0.24148505442908424,0.7479572493971223
25956,LOF,0.011422227800045637,0.3510543349128544,0.6375234372870999
25957,LOF,0.16285628886040743,0.04768695513466313,0.7894567560049294
25958,LOF,0.029793755395184824,0.06272433228584978,0.9074819123189652
25959,GOF,0.006864584066906766,0.7245916773110078,0.2685437386220854
25960,LOF,0.004988797116367893,0.13071332764570087,0.8642978752379313
25961,LOF,0.026745523752025165,0.05043194311475339,0.9228225331332215
25962,LOF,0.03249799795982601,0.10395092531591235,0.8635510767242617
25963,LOF,0.008770601710162949,0.1338993582342514,0.8573300400555857
25964,LOF,0.04194259076242842,0.12159681804825857,0.836460591189313
25965,LOF,0.17363850942586323,0.17200639829955813,0.6543550922745787
25966,LOF,0.30977286886819533,0.10407390400010033,0.5861532271317043
25967,LOF,0.006477893811111017,0.10718922666444133,0.8863328795244476
25968,LOF,0.05017884084048293,0.26116115514934385,0.6886600040101732
25969,LOF,0.13695698266117154,0.06264386949054215,0.8003991478482863
25970,LOF,0.05867872242528106,0.05951640287798469,0.8818048746967343
25971,LOF,0.0684520789078636,0.02949365065711154,0.9020542704350248
25972,LOF,0.08123481776473623,0.046136696811872706,0.8726284854233911
25973,LOF,0.05322399607522968,0.010492825630736214,0.9362831782940342
25974,LOF,0.060111021370763275,0.04461623476462342,0.8952727438646132
25975,LOF,0.033062876208519235,0.015765820307393624,0.9511713034840872
25976,LOF,0.08926028415084683,0.012759971469806461,0.8979797443793466
25977,LOF,0.24827253099659757,0.04549264931771696,0.7062348196856856
25978,LOF,0.16080228023398518,0.15781548274635596,0.6813822370196588
25979,LOF,0.12930911633588704,0.16221125388963548,0.7084796297744775
25980,LOF,0.20486466624440372,0.24776626305252222,0.5473690707030741
25981,LOF,0.20586717968518883,0.25061921100603185,0.5435136093087793
25982,LOF,0.3605709252066948,0.12192370584082475,0.5175053689524804
25983,LOF,0.4275924670432385,0.12467602750007709,0.44773150545668444
25984,LOF,0.06736930572475563,0.08534161521980645,0.8472890790554379
25985,LOF,0.43015947148092426,0.13425839788379904,0.4355821306352767
25986,LOF,0.015229553542310727,0.4364862264461519,0.5482842200115373
25987,LOF,0.04101167684712633,0.10711227133828088,0.8518760518145927
25988,LOF,0.06180526796052132,0.14891020501890004,0.7892845270205787
25989,LOF,0.08056860654972427,0.20918526643216065,0.7102461270181152
25990,LOF,0.057321148634514284,0.3402953635884174,0.6023834877770683
25991,GOF,0.02703822314208711,0.537888982954717,0.4350727939031958
25992,LOF,0.012495815274326427,0.4324495417907572,0.5550546429349165
25993,LOF,0.017488237162901727,0.06218788511817155,0.9203238777189269
25994,LOF,0.0254025570855709,0.06554659701900956,0.9090508458954195
25995,LOF,0.0179391823559346,0.11124913983046535,0.8708116778136
25996,GOF,0.312461858130577,0.40321782060249617,0.2843203212669269
25997,GOF,0.05989830974724384,0.48525606711767005,0.45484562313508603
25998,LOF,0.2329619378595741,0.0399676984682397,0.7270703636721861
25999,LOF,0.024426056864432766,0.31420691899982434,0.661367024135743
26000,LOF,0.1413720098252568,0.015070511756026696,0.8435574784187165
26001,LOF,0.15678516946733276,0.020386875285540212,0.822827955247127
26002,LOF,0.08345385001898438,0.02336274257246514,0.8931834074085506
26003,GOF,0.007289953962835728,0.5776373280166824,0.4150727180204819
26004,GOF,0.01830174218259955,0.57557710367718,0.4061211541402205
26005,LOF,0.005540388269132642,0.46875998453791984,0.5256996271929475
26006,GOF,0.11729334493561064,0.4761300830247318,0.4065765720396575
26007,LOF,0.011160330232389057,0.4704110635349891,0.5184286062326218
26008,GOF,0.007289349940292846,0.5652784183624869,0.42743223169722017
26009,GOF,0.012211361965250507,0.6192749043745233,0.3685137336602262
26010,GOF,0.010127728870723635,0.5373553210407026,0.45251695008857384
26011,LOF,0.005941196309183052,0.39497999600786526,0.5990788076829517
26012,GOF,0.005768912996380725,0.5113821736286405,0.48284891337497876
26013,GOF,0.011464060337577282,0.5499042533491731,0.4386316863132497
26014,LOF,0.04538905552158528,0.08192778984935836,0.8726831546290564
26015,LOF,0.4296422284760616,0.022605752930380734,0.5477520185935577
26016,LOF,0.27386568942656575,0.02861878148975333,0.697515529083681
26017,LOF,0.01834939885377698,0.11781249373181801,0.863838107414405
26018,LOF,0.03214807701352185,0.05741656133033336,0.9104353616561448
26019,LOF,0.031455109810368045,0.048651798687141826,0.9198930915024902
26020,LOF,0.006980498594481828,0.10626981701573615,0.886749684389782
26021,LOF,0.07316542995261044,0.0512469224389351,0.8755876476084544
26022,LOF,0.03736579790395969,0.023429057228018895,0.9392051448680213
26023,LOF,0.025260026397867865,0.03577072005209935,0.9389692535500327
26024,LOF,0.04998766904348136,0.03871726971644221,0.9112950612400764
26025,LOF,0.13436792883429324,0.03941190263202793,0.8262201685336787
26026,LOF,0.12751609794050178,0.030689755124611532,0.8417941469348867
26027,LOF,0.031779690884934264,0.022035305871073885,0.9461850032439918
26028,LOF,0.06301991898547338,0.1747848398644483,0.7621952411500783
26029,LOF,0.031283353340993345,0.17226323423562173,0.7964534124233849
26030,LOF,0.11860569671317239,0.024733846238118896,0.8566604570487087
26031,LOF,0.013402511181919718,0.15579813189075523,0.8307993569273251
26032,LOF,0.035671011611011536,0.04542397228976626,0.9189050160992221
26033,LOF,0.03601418649816052,0.043326512533925714,0.9206593009679138
26034,LOF,0.01983472875452255,0.10756143388673209,0.8726038373587454
26035,LOF,0.013035770785958151,0.11143159045451284,0.8755326387595291
26036,LOF,0.012349697449090143,0.09076241148446096,0.8968878910664488
26037,LOF,0.01233606797834606,0.09877635726381226,0.8888875747578415
26038,LOF,0.03187256540033789,0.04119442028651825,0.9269330143131438
26039,LOF,0.03218188858588938,0.13077444686999493,0.8370436645441156
26040,LOF,0.08947662477412557,0.12725128943188901,0.7832720857939853
26041,LOF,0.014411038409243617,0.10033249816652777,0.8852564634242286
26042,LOF,0.013306999226228543,0.10482675161152272,0.8818662491622488
26043,LOF,0.03272648511568866,0.07081010130616444,0.896463413578147
26044,LOF,0.007479869416067452,0.053259045588150415,0.9392610849957822
26045,LOF,0.09582460558963529,0.18989319917656372,0.7142821952338009
26046,LOF,0.02833450436847405,0.04668319977272424,0.9249822958588017
26047,LOF,0.06379887408897693,0.047315452554976,0.8888856733560471
26048,LOF,0.07732430169417677,0.02532704261690842,0.8973486556889149
26049,Neutral,0.9439136926199234,0.0069414203749564056,0.049144887005120236
26050,Neutral,0.9093852769910014,0.007536492493696276,0.08307823051530241
26051,LOF,0.032985116702416224,0.328502492954811,0.6385123903427729
26052,LOF,0.030930555549947124,0.25788617496654076,0.7111832694835122
26053,LOF,0.016872534635243266,0.18085932713561187,0.8022681382291449
26054,LOF,0.05629755332161705,0.04315570879278744,0.9005467378855956
26055,LOF,0.08276161228386646,0.03879544651124911,0.8784429412048843
26056,LOF,0.06586586016675429,0.045033049633225186,0.8891010902000206
26057,LOF,0.0643127910024769,0.026721722808652964,0.9089654861888702
26058,LOF,0.06813380222281379,0.021437762088210334,0.9104284356889758
26059,LOF,0.21696317969922285,0.05318249631586711,0.72985432398491
26060,LOF,0.014938648599054851,0.21458547063777195,0.7704758807631732
26061,LOF,0.010955624626442236,0.015160119465935802,0.9738842559076218
26062,LOF,0.005809015176220936,0.02472412855242177,0.9694668562713573
26063,LOF,0.05086401266124358,0.017573969472011664,0.9315620178667448
26064,LOF,0.013027687280576803,0.023386903525784423,0.9635854091936387
26065,LOF,0.0704813044189894,0.02601526716629104,0.9035034284147195
26066,LOF,0.05311957006264114,0.0181645891762042,0.9287158407611547
26067,LOF,0.0520240710645322,0.014930549699206283,0.9330453792362616
26068,LOF,0.05499218438808566,0.036297902869234705,0.9087099127426795
26069,LOF,0.18233492956585257,0.03139132724176496,0.7862737431923825
26070,LOF,0.39035935616874007,0.01824592776423292,0.5913947160670271
26071,LOF,0.05266207904002471,0.018770313808016616,0.9285676071519587
26072,LOF,0.006615813394940592,0.0278093465870823,0.9655748400179771
26073,LOF,0.04543063390142023,0.022478731117316377,0.9320906349812634
26074,Neutral,0.6605429079350735,0.013046500152957378,0.32641059191196914
26075,LOF,0.046166427659768576,0.02757711261863074,0.9262564597216006
26076,LOF,0.04394787600850199,0.01852473053744646,0.9375273934540517
26077,LOF,0.16429117654619993,0.013579954392705899,0.8221288690610942
26078,LOF,0.006035480907352888,0.030611125565201548,0.9633533935274455
26079,LOF,0.05893081568036799,0.028395134088253844,0.9126740502313783
26080,LOF,0.058135013821480355,0.02859202328249677,0.9132729628960229
26081,LOF,0.04719922851144538,0.0168796151189342,0.9359211563696205
26082,LOF,0.006816621049225836,0.027231699294006463,0.9659516796567678
26083,LOF,0.11068204984034268,0.03083112471732634,0.8584868254423309
26084,LOF,0.119622708228461,0.027351364966305438,0.8530259268052336
26085,LOF,0.10609793346924978,0.021932596425787095,0.8719694701049632
26086,LOF,0.04111095791269704,0.022881159209121163,0.9360078828781818
26087,LOF,0.04371949886213829,0.020867678806051036,0.9354128223318106
26088,LOF,0.006630521247692373,0.053173015714023886,0.9401964630382839
26089,LOF,0.04321328768590617,0.038154843497452795,0.918631868816641
26090,LOF,0.042681207469406436,0.03466335633491257,0.922655436195681
26091,LOF,0.03306007387536956,0.015576514442428578,0.9513634116822018
26092,LOF,0.047384135402709276,0.014948756588503906,0.9376671080087868
26093,LOF,0.06603841563654328,0.009959450594174806,0.924002133769282
26094,LOF,0.03745381041136219,0.012293584178464764,0.950252605410173
26095,LOF,0.011678873952234024,0.030220802633428114,0.9581003234143379
26096,LOF,0.23232744002286496,0.0074039769393270385,0.760268583037808
26097,LOF,0.0061019022234463,0.06761603925623771,0.926282058520316
26098,LOF,0.05298860778514865,0.025225812482199832,0.9217855797326516
26099,LOF,0.044279795275967634,0.03241247851264599,0.9233077262113863
26100,LOF,0.044279795275967634,0.03241247851264599,0.9233077262113863
26101,LOF,0.04589733803906785,0.05794451443541009,0.8961581475255219
26102,LOF,0.041406787386783536,0.025430196865759543,0.9331630157474569
26103,Neutral,0.8993560113505498,0.03490823019572587,0.06573575845372424
26104,LOF,0.05368863273025724,0.05667233625657613,0.8896390310131667
26105,LOF,0.24006263799745609,0.09025499570994054,0.6696823662926034
26106,LOF,0.23548207772103238,0.038223414584734654,0.7262945076942329
26107,LOF,0.01614177944220058,0.06043795979379573,0.9234202607640037
26108,LOF,0.15537029358999518,0.04702196414855605,0.7976077422614488
26109,LOF,0.05668285633733378,0.05720268568671985,0.8861144579759465
26110,LOF,0.4217264674519551,0.010437745313105627,0.5678357872349393
26111,LOF,0.059899146340687125,0.058364486769386985,0.8817363668899258
26112,LOF,0.06305902024812325,0.011482338624897457,0.9254586411269792
26113,LOF,0.10689152339216479,0.03003323420306491,0.8630752424047703
26114,LOF,0.0935797135923761,0.008497910666796397,0.8979223757408276
26115,LOF,0.019072057772962867,0.07134277989120219,0.9095851623358351
26116,LOF,0.07686917712266571,0.025805188602177023,0.8973256342751573
26117,LOF,0.37441499742403833,0.03869294093941874,0.586892061636543
26118,LOF,0.03723734806513194,0.0183840921203252,0.9443785598145429
26119,LOF,0.006019684968653718,0.07619820495756134,0.9177821100737849
26120,LOF,0.033764899541021506,0.015947083081534533,0.950288017377444
26121,LOF,0.004337253366178835,0.11519230843544144,0.8804704381983797
