feature0,prediction,LoGoFunc_Neutral,LoGoFunc_GOF,LoGoFunc_LOF
25546,Neutral,0.6279880779103711,0.06236488922541479,0.30964703286421413
25547,Neutral,0.4495744419311657,0.10698730632244548,0.44343825174638896
25548,LOF,0.45256408600998543,0.08513969984387931,0.46229621414613514
25549,LOF,0.39394496407321944,0.08532706314949172,0.5207279727772888
25550,LOF,0.34786681672013475,0.13016888075232078,0.5219643025275446
25551,LOF,0.2864017269259989,0.14488543932148762,0.5687128337525134
25552,LOF,0.22055832088018365,0.13633759012824542,0.6431040889915709
25553,Neutral,0.7929971731586406,0.04527761453351706,0.16172521230784226
25554,LOF,0.27580947887781465,0.12538764231805513,0.5988028788041302
25555,LOF,0.2258959121451821,0.11840713530370081,0.6556969525511172
25556,LOF,0.42306950876106425,0.1062030797157627,0.47072741152317293
25557,LOF,0.21249536855558288,0.12356128939002556,0.6639433420543915
25558,LOF,0.27317063396631136,0.1216194644479469,0.6052099015857417
25559,LOF,0.18088257115689196,0.157826939869525,0.6612904889735829
25560,LOF,0.0683331329329848,0.1342792225777448,0.7973876444892705
25561,LOF,0.13327216819461754,0.12549263539348782,0.7412351964118947
25562,LOF,0.05589066078919915,0.0872948711521704,0.8568144680586304
25563,LOF,0.08205334565468278,0.08019234259440985,0.8377543117509073
25564,LOF,0.20781798484171393,0.16883865442838494,0.623343360729901
25565,LOF,0.17883656869888606,0.1133559563056848,0.7078074749954291
25566,GOF,0.019772325860706312,0.755875536525216,0.22435213761407757
25567,LOF,0.02389583622298426,0.14896481293046931,0.8271393508465464
25568,LOF,0.06223630840849602,0.07396631497088933,0.8637973766206147
25569,LOF,0.06053992410387859,0.07235854701989981,0.8671015288762215
25570,LOF,0.03209926618073551,0.10269024268449421,0.8652104911347703
25571,LOF,0.030894045985708357,0.10268300654965251,0.8664229474646392
25572,LOF,0.03519423575558426,0.12559798606672523,0.8392077781776905
25573,LOF,0.02703630875345409,0.09828599801724817,0.8746776932292978
25574,LOF,0.015806897904904155,0.19502415937963274,0.789168942715463
25575,LOF,0.02628292056911266,0.11346968418323788,0.8602473952476495
25576,LOF,0.014144332284536206,0.14620856307931615,0.8396471046361477
25577,LOF,0.012384915310702002,0.12075684618042819,0.8668582385088698
25578,LOF,0.29407921503499496,0.08571555328459082,0.6202052316804142
25579,LOF,0.1280834565232439,0.09212240749746368,0.7797941359792924
25580,LOF,0.018707704603469422,0.07902338199073414,0.9022689134057965
25581,LOF,0.04766394926110013,0.0707067265765369,0.8816293241623631
25582,LOF,0.04736349774829877,0.0696095528642446,0.8830269493874567
25583,LOF,0.021795534741826696,0.08682419477825172,0.8913802704799215
25584,Neutral,0.5301940396245204,0.1093704220608415,0.360435538314638
25585,LOF,0.013612566843461892,0.12608828574093645,0.8602991474156015
25586,LOF,0.01858992707744836,0.07705257717110447,0.9043574957514471
25587,LOF,0.0174826510428747,0.06932716156985154,0.9131901873872739
25588,LOF,0.018360253299710423,0.08140977639832561,0.900229970301964
25589,Neutral,0.6540511867422579,0.12853660807102973,0.2174122051867124
25590,LOF,0.02272523645917836,0.12046719863147412,0.8568075649093475
25591,LOF,0.07632092199159567,0.06306493377183055,0.8606141442365738
25592,LOF,0.0531826842796201,0.13108759486886185,0.8157297208515181
25593,LOF,0.019732482996175027,0.2773649929184204,0.7029025240854047
25594,LOF,0.038766594744902905,0.10386467798575978,0.8573687272693373
25595,LOF,0.03784409822466416,0.07594015850212832,0.8862157432732075
25596,LOF,0.05182008324953485,0.06468229922839212,0.8834976175220729
25597,LOF,0.03515750370118358,0.07454896807152152,0.8902935282272949
25598,LOF,0.03709773372167894,0.08148764574270596,0.8814146205356151
25599,GOF,0.00908599833763251,0.5481387412047123,0.44277526045765514
25600,GOF,0.02690234968308659,0.6472397105717053,0.32585793974520805
25601,LOF,0.012466838607114923,0.4275050040972232,0.5600281572956619
25602,LOF,0.011486514955697608,0.046820780610280235,0.9416927044340222
25603,LOF,0.04481820084453899,0.020091864100133916,0.9350899350553271
25604,LOF,0.017581410435173774,0.06396305528607048,0.9184555342787557
25605,LOF,0.010033951886593276,0.16677030732585116,0.8231957407875555
25606,LOF,0.1266235603787608,0.2739684968769255,0.5994079427443137
25607,LOF,0.00650128440143669,0.17149052566056783,0.8220081899379955
25608,LOF,0.011260993319743161,0.11434563667940509,0.8743933700008518
25609,LOF,0.08274032483474476,0.37848474848557784,0.5387749266796774
25610,LOF,0.01995608206467877,0.023926273198620923,0.9561176447367004
25611,LOF,0.019079757192506593,0.027066640492272434,0.9538536023152211
25612,LOF,0.05908054759322136,0.035777651192758345,0.9051418012140202
25613,LOF,0.05611109658803646,0.0351868547123216,0.908702048699642
25614,LOF,0.028197331247046063,0.028756163589220184,0.9430465051637338
25615,LOF,0.018262222493157496,0.040735832428741646,0.9410019450781008
25616,LOF,0.0533287174112788,0.0275982501885348,0.9190730324001866
25617,LOF,0.04975506307457805,0.03052741478687992,0.919717522138542
25618,LOF,0.06369803201842114,0.03167413596203582,0.904627832019543
25619,LOF,0.01892926061859204,0.030406912100350743,0.9506638272810572
25620,LOF,0.06991234342745213,0.03694713265782868,0.8931405239147191
25621,LOF,0.019642114621638614,0.033490406709994085,0.9468674786683674
25622,LOF,0.025307140619000672,0.039007449428453675,0.9356854099525456
25623,LOF,0.03821265523518351,0.03435776068712686,0.9274295840776897
25624,LOF,0.023394998036060384,0.03715928408844837,0.9394457178754911
25625,LOF,0.025692726847763157,0.04923198869290068,0.9250752844593361
25626,LOF,0.057172359562556216,0.03151695989726151,0.9113106805401823
25627,Neutral,0.618873117305048,0.08771732263149146,0.2934095600634604
25628,LOF,0.17978703654316786,0.04618294197767831,0.7740300214791538
25629,LOF,0.03873496574116739,0.060098996594887315,0.9011660376639452
25630,LOF,0.13486327673881177,0.0826196539968887,0.7825170692642995
25631,Neutral,0.6191090243764193,0.05078463938706588,0.33010633623651475
25632,LOF,0.008043397737895502,0.05725586799865482,0.9347007342634497
25633,LOF,0.2102089839115084,0.03982043145788494,0.7499705846306067
25634,LOF,0.02842582755896639,0.07941419492827928,0.8921599775127544
25635,LOF,0.03655829546901718,0.044480938844502715,0.9189607656864802
25636,GOF,0.005767821586947664,0.5891055208543491,0.40512665755870325
25637,GOF,0.007241007497425899,0.5843202489598176,0.4084387435427565
25638,LOF,0.011159066516825609,0.26623546617683463,0.7226054673063397
25639,LOF,0.0061016307917198,0.44996890915273374,0.5439294600555465
25640,Neutral,0.5098162180107199,0.4052312489772416,0.08495253301203848
25641,LOF,0.008973977698747342,0.42205259338461765,0.5689734289166349
25642,LOF,0.2210728959605734,0.0941734117529411,0.6847536922864855
25643,LOF,0.14350033897118608,0.1399492141195532,0.7165504469092607
25644,LOF,0.008740224794262879,0.45508007285788343,0.5361797023478537
25645,LOF,0.0069873278382876014,0.4044337966453804,0.588578875516332
25646,LOF,0.011046638650598522,0.3327496852650383,0.6562036760843631
25647,LOF,0.00927971126118604,0.27763465176366464,0.7130856369751493
25648,LOF,0.008700831566142526,0.26765772920943187,0.7236414392244257
25649,LOF,0.007263702923460217,0.22236329520109874,0.770373001875441
25650,LOF,0.012426444117954542,0.4037686972498571,0.5838048586321883
25651,LOF,0.005419546593816702,0.2903955760472575,0.7041848773589259
25652,LOF,0.008674912653936367,0.28212740463882424,0.7091976827072394
25653,LOF,0.021599126329568303,0.38320616373933486,0.5951947099310968
25654,LOF,0.009407362757142441,0.1978176364292995,0.792775000813558
25655,LOF,0.03586238208191858,0.4042734777704572,0.5598641401476242
25656,LOF,0.1758226243303687,0.043941500594769256,0.7802358750748621
25657,LOF,0.26315692420864,0.025108852750077813,0.7117342230412821
25658,LOF,0.07379861447592685,0.07615083109895905,0.8500505544251141
25659,LOF,0.4238487607672358,0.06130767014853146,0.5148435690842328
25660,LOF,0.03063793460523531,0.09300855492727915,0.8763535104674856
25661,LOF,0.09704806251127601,0.06353320787030756,0.8394187296184163
25662,LOF,0.030565778433750822,0.04067162114880988,0.9287626004174393
25663,LOF,0.04101505392961372,0.06115051374088091,0.8978344323295054
25664,LOF,0.0551112794576598,0.07342808367547532,0.8714606368668648
25665,LOF,0.05119178928430825,0.03227439857850591,0.9165338121371858
25666,LOF,0.03937378241038039,0.09591789619051724,0.8647083213991024
25667,LOF,0.06239374887013192,0.04788449590195489,0.8897217552279132
25668,LOF,0.03497656734957007,0.05303578334880605,0.9119876493016239
25669,LOF,0.03162049463416189,0.07171462819572874,0.8966648771701093
25670,LOF,0.06477042789963663,0.05560353229510336,0.8796260398052601
25671,LOF,0.09336198804126206,0.04229508167803562,0.8643429302807023
25672,LOF,0.057024679653426315,0.03982514813613835,0.9031501722104353
25673,LOF,0.02820810070949002,0.051482561081951726,0.9203093382085582
25674,LOF,0.024222147375835296,0.0652737096500002,0.9105041429741645
25675,LOF,0.035674134415920475,0.05757933870969948,0.9067465268743801
25676,LOF,0.01962648279178018,0.05658226723232639,0.9237912499758935
25677,LOF,0.02925861843609475,0.06641504550292968,0.9043263360609756
25678,LOF,0.20574816504421967,0.05821840024176126,0.736033434714019
25679,LOF,0.16925356197137492,0.07403398658304493,0.7567124514455801
25680,LOF,0.04540332548923106,0.1013881522296855,0.8532085222810835
25681,LOF,0.07039113671810322,0.09645434586265082,0.8331545174192461
25682,LOF,0.14622102829189712,0.07254950421801397,0.7812294674900889
25683,LOF,0.0813815838678883,0.11213471025835672,0.8064837058737551
25684,LOF,0.045106131949073126,0.07373276936391253,0.8811610986870143
25685,LOF,0.0867418608064853,0.04814935258636525,0.8651087866071494
25686,LOF,0.026434597181596867,0.07640737921696773,0.8971580236014355
25687,LOF,0.05106607016569162,0.06671498505988364,0.8822189447744248
25688,LOF,0.0527184865573121,0.06349137787921295,0.8837901355634749
25689,LOF,0.032525662805595816,0.07646750766467855,0.8910068295297255
25690,LOF,0.037039296197375594,0.06109819306976209,0.9018625107328623
25691,LOF,0.2734674100115469,0.07851454040752312,0.64801804958093
25692,LOF,0.24955842367332018,0.008741503001298572,0.7417000733253813
25693,LOF,0.0582892070314721,0.33476489854575153,0.6069458944227764
25694,LOF,0.22157146028614821,0.015856353432462143,0.7625721862813897
25695,LOF,0.13261365866528615,0.0253432640308805,0.8420430773038333
25696,LOF,0.11429604422767363,0.01407235863527588,0.8716315971370504
25697,LOF,0.09350531186890176,0.019779418937812234,0.886715269193286
25698,LOF,0.08266051318631949,0.3952972110637635,0.522042275749917
25699,LOF,0.05108935080257672,0.08310404035085167,0.8658066088465716
25700,LOF,0.052433223799050195,0.010004810826964656,0.9375619653739851
25701,LOF,0.016454104038060042,0.10605170725373167,0.8774941887082083
25702,GOF,0.03631419459033138,0.675403975877501,0.2882818295321677
25703,LOF,0.009105404322400616,0.17410849800961042,0.8167860976679889
25704,LOF,0.05459611512435195,0.12402104225967973,0.8213828426159684
25705,LOF,0.0684703450003129,0.24270093890844902,0.6888287160912381
25706,LOF,0.024222803599317687,0.4599739402279036,0.5158032561727788
25707,LOF,0.016933972037426394,0.3722580845151406,0.610807943447433
25708,LOF,0.007698071263103198,0.3318353279073677,0.6604666008295291
25709,LOF,0.05615507143753379,0.06421041660529332,0.879634511957173
25710,LOF,0.0060282933701571026,0.1555971180048358,0.8383745886250071
25711,LOF,0.018815627515455177,0.1320559816689941,0.8491283908155507
25712,LOF,0.008042919847533806,0.20603973762533595,0.7859173425271303
25713,LOF,0.019329628832504546,0.11530460529677777,0.8653657658707177
25714,LOF,0.06112296650000852,0.14349523667090813,0.7953817968290835
25715,LOF,0.01211320243698144,0.15624213554737768,0.8316446620156409
25716,LOF,0.006761786498363179,0.13613530661202164,0.8571029068896151
25717,LOF,0.006763903632286202,0.0931404973236593,0.9000955990440546
25718,LOF,0.013126221815851342,0.1076806101624301,0.8791931680217185
25719,LOF,0.02031600624046042,0.11362547031170407,0.8660585234478355
25720,LOF,0.02120085952428783,0.10267929206349756,0.8761198484122146
25721,LOF,0.017027935364743264,0.12112479189431584,0.8618472727409409
25722,LOF,0.01525122954060384,0.14687117965608038,0.8378775908033157
25723,LOF,0.020703040026579654,0.07976528272379496,0.8995316772496255
25724,LOF,0.01877937723811278,0.131197776084154,0.8500228466777333
25725,LOF,0.012104224625806828,0.09118060472375315,0.89671517065044
25726,LOF,0.015167827241721334,0.129594797029426,0.8552373757288527
25727,LOF,0.013412907152117345,0.09886114761285089,0.8877259452350317
25728,LOF,0.011220257439634942,0.12859329465778568,0.8601864479025795
25729,LOF,0.011625138908061224,0.12942457747002878,0.85895028362191
25730,LOF,0.016739407413519185,0.10509667599988862,0.8781639165865922
25731,LOF,0.009230034005601236,0.1405325535588286,0.8502374124355702
25732,LOF,0.016962513479799768,0.09682469878043307,0.8862127877397671
25733,LOF,0.01634311366427412,0.08689126995400705,0.8967656163817188
25734,LOF,0.00616830736500104,0.13918679025220448,0.8546449023827946
25735,LOF,0.014711658576849338,0.08699955766905912,0.8982887837540916
25736,LOF,0.015378113610658335,0.11794530414182723,0.8666765822475144
25737,LOF,0.021590411118442506,0.09722709063209305,0.8811824982494644
25738,LOF,0.014634959898620813,0.1358811929406348,0.8494838471607443
25739,LOF,0.020707332001333435,0.1192106882014085,0.8600819797972581
25740,LOF,0.03321088512268418,0.12734038180810914,0.8394487330692066
25741,LOF,0.01600850201329777,0.11920409461373793,0.8647874033729643
25742,LOF,0.0948003951092526,0.11652427761234135,0.7886753272784062
25743,LOF,0.016691573689948655,0.03009917343793336,0.953209252872118
25744,LOF,0.20091984534123467,0.3612029331279141,0.4378772215308512
25745,LOF,0.024121072663397674,0.054298966768870666,0.9215799605677317
25746,LOF,0.015841688370231578,0.06752031480197675,0.9166379968277918
25747,LOF,0.029189567408648417,0.02641316323733196,0.9443972693540196
25748,LOF,0.13412338985873531,0.04628918506788342,0.8195874250733813
25749,LOF,0.01458827909657877,0.053190022837984144,0.9322216980654372
25750,LOF,0.03130981503140337,0.06711934712467714,0.9015708378439196
25751,LOF,0.11389443164881323,0.05482199760934649,0.8312835707418402
25752,GOF,0.12779047361763174,0.6073229158655734,0.2648866105167948
25753,LOF,0.008999685602717078,0.2818689552425577,0.7091313591547252
25754,GOF,0.004748629827765562,0.7855201485535219,0.20973122161871255
25755,LOF,0.010111607499473062,0.39351856393106704,0.5963698285694599
25756,LOF,0.04940110547292016,0.40061117350370296,0.549987721023377
25757,GOF,0.005473178747646504,0.8342210456923123,0.16030577556004116
25758,GOF,0.006539811754530205,0.8384040471559796,0.15505614108949012
25759,GOF,0.004111099490584919,0.5322546739488381,0.46363422656057707
25760,LOF,0.005496044187196378,0.25480012700405336,0.7397038288087503
25761,GOF,0.0444042441532095,0.816851853773373,0.13874390207341752
25762,LOF,0.03401515686124315,0.29367372703074535,0.6723111161080114
25763,LOF,0.007160075646643486,0.18379832404126734,0.8090416003120892
25764,GOF,0.16579351909415968,0.5210345715695573,0.31317190933628297
25765,GOF,0.011443986350382103,0.7804219039557014,0.20813410969391652
25766,GOF,0.015588683907265394,0.8047402781018405,0.17967103799089423
25767,GOF,0.020995782580490393,0.5442043420605782,0.43479987535893144
25768,LOF,0.06435265649600193,0.10085882776379748,0.8347885157402006
25769,LOF,0.08543416629651335,0.05516364036003845,0.8594021933434484
25770,LOF,0.33315036991894215,0.060308066972469584,0.6065415631085883
25771,LOF,0.014757484601425846,0.04719775773339394,0.9380447576651803
25772,LOF,0.02048429036413643,0.025135343961384192,0.9543803656744795
25773,LOF,0.013374390569344105,0.0900610140130627,0.8965645954175933
25774,LOF,0.027014955122220397,0.05639298630731163,0.9165920585704681
25775,LOF,0.016959304042790033,0.043359291133660646,0.9396814048235493
25776,LOF,0.08172503531087803,0.021707514251143593,0.8965674504379783
25777,LOF,0.2923442215962435,0.032899945746363596,0.6747558326573928
25778,LOF,0.06935707885540493,0.04190175735401226,0.8887411637905828
25779,GOF,0.08943160377818037,0.845182091291289,0.06538630493053076
25780,GOF,0.07456382501916485,0.8213016056774396,0.10413456930339567
25781,GOF,0.028938342640403104,0.8282878341523172,0.14277382320727974
25782,GOF,0.03722330069417522,0.8574766200272139,0.1053000792786109
25783,GOF,0.01264102158814056,0.6407003883024072,0.3466585901094522
25784,GOF,0.1446787021518516,0.7948460592532175,0.06047523859493091
25785,GOF,0.08238636924514177,0.8539888593244451,0.06362477143041302
25786,GOF,0.005975148158947748,0.7740923130505596,0.21993253879049277
25787,GOF,0.23751551900097118,0.7103292986026639,0.05215518239636497
25788,LOF,0.04798829179372232,0.12038187256377024,0.8316298356425075
25789,GOF,0.032796118596007895,0.7787221753657689,0.18848170603822326
25790,GOF,0.03566938259599289,0.8132887221934231,0.15104189521058403
25791,GOF,0.027269949572557236,0.7320356781452204,0.24069437228222224
25792,GOF,0.05201447563922688,0.7328230804322592,0.21516244392851402
25793,GOF,0.07318649814464537,0.6995750056599511,0.22723849619540357
25794,GOF,0.09539822778624946,0.6497744670734622,0.25482730514028834
25795,GOF,0.021240629372746508,0.7448761443683947,0.23388322625885888
25796,GOF,0.13547373584627648,0.7345512742455446,0.12997498990817902
25797,GOF,0.028317731473581492,0.572349898467642,0.39933237005877653
25798,GOF,0.0033166349656031033,0.5145179596852879,0.482165405349109
25799,LOF,0.0029920720786139696,0.4093424376341957,0.5876654902871903
25800,GOF,0.009769995880480565,0.5956314771809003,0.39459852693861913
25801,GOF,0.034211690670601765,0.7903884060806539,0.17539990324874444
25802,GOF,0.017629851572813573,0.6795450650832067,0.3028250833439797
25803,GOF,0.009739018778387579,0.551167810153913,0.43909317106769935
25804,LOF,0.011307059192281308,0.44552765445618703,0.5431652863515316
25805,GOF,0.021541712180386814,0.5471970720929047,0.4312612157267084
25806,GOF,0.01819628260954892,0.5679363554164195,0.41386736197403157
25807,GOF,0.005802199608603869,0.5948517194592989,0.39934608093209734
25808,GOF,0.014357670588396263,0.5961323571707678,0.389509972240836
25809,GOF,0.006121900585197568,0.566893352309458,0.42698474710534445
25810,GOF,0.005298302329147392,0.5834922502812984,0.4112094473895542
25811,GOF,0.09795260792000517,0.7656587043778066,0.1363886877021883
25812,GOF,0.013406953325393734,0.5932496656177413,0.39334338105686495
25813,GOF,0.1272817326051598,0.697926265078553,0.1747920023162872
25814,GOF,0.02894207392946868,0.6774480283739972,0.2936098976965341
25815,GOF,0.04329078198609841,0.6909502387657321,0.26575897924816944
25816,GOF,0.007894256147693663,0.7334162206988588,0.2586895231534476
25817,GOF,0.055944528593069774,0.7738894570834373,0.17016601432349293
25818,GOF,0.016085813830896883,0.6617612087506007,0.32215297741850246
25819,GOF,0.0725271571199438,0.6922536515374221,0.23521919134263392
25820,GOF,0.03344731407212812,0.6892102969179545,0.27734238900991737
25821,GOF,0.01581741378256475,0.6634582591063398,0.3207243271110955
25822,GOF,0.039007498096506985,0.6828738721212924,0.2781186297822007
25823,GOF,0.011225425784495644,0.5139746938650379,0.47479988035046644
25824,GOF,0.021322387210857677,0.6460211007128869,0.33265651207625546
25825,GOF,0.011480987582414412,0.615220227235721,0.3732987851818647
25826,GOF,0.0051615423422711505,0.5876875220865134,0.40715093557121557
25827,GOF,0.007987410664947311,0.6102657647690232,0.3817468245660295
25828,GOF,0.0048830425894169915,0.5221232589230949,0.4729936984874881
25829,GOF,0.00287795152067511,0.5639810946300096,0.4331409538493154
25830,LOF,0.039343108557633934,0.3045546958905634,0.6561021955518026
25831,GOF,0.048111985738902394,0.8012117451775282,0.15067626908356946
25832,GOF,0.008672723953690507,0.7518489193052199,0.23947835674108955
25833,GOF,0.031241415486211146,0.7808055534318012,0.18795303108198766
25834,GOF,0.008902652550714858,0.7543023542094651,0.23679499323982
25835,GOF,0.019455955819896363,0.7913481951075594,0.1891958490725442
25836,GOF,0.00782460221724636,0.734701557558826,0.25747384022392744
25837,GOF,0.007388488258004757,0.6332178111255986,0.3593937006163967
25838,GOF,0.02416277035234033,0.8144348043133255,0.16140242533433413
25839,GOF,0.058893827291449284,0.7778823342101623,0.16322383849838842
25840,GOF,0.05206121595198722,0.7581996098175349,0.18973917423047806
25841,GOF,0.0500409267233427,0.7880568886682799,0.16190218460837744
25842,GOF,0.02973452514576377,0.8254502340642951,0.14481524078994126
25843,GOF,0.03197811423432967,0.8524202203775367,0.11560166538813356
25844,GOF,0.019073392612663,0.7511386576243432,0.22978794976299377
25845,GOF,0.005766376307957929,0.5363933574225677,0.4578402662694744
25846,GOF,0.035951212858282476,0.8139666281361212,0.15008215900559643
25847,GOF,0.019426695432606327,0.8664851099905412,0.1140881945768523
25848,GOF,0.012726391371148907,0.7598733852486881,0.2274002233801629
25849,GOF,0.004472676395294678,0.629582682321981,0.3659446412827244
25850,GOF,0.006118510454646979,0.6686079238283207,0.32527356571703236
25851,GOF,0.005622399272348436,0.5446006966607602,0.44977690406689147
25852,GOF,0.1683990798944358,0.5067375260163792,0.3248633940891849
25853,GOF,0.07632249018741068,0.7990330216885965,0.1246444881239929
25854,GOF,0.008058635207472959,0.5995831266951854,0.39235823809734155
25855,GOF,0.012394970288177404,0.5817540629279385,0.40585096678388405
25856,GOF,0.04491537446832451,0.6718162593270961,0.2832683662045794
25857,GOF,0.012107751252924083,0.5221754686416066,0.46571678010546924
25858,GOF,0.007694897932344662,0.5209792532298361,0.4713258488378192
25859,LOF,0.005236655551220339,0.4937509040323469,0.5010124404164328
25860,GOF,0.08651910423404316,0.7571064954275414,0.15637440033841563
25861,GOF,0.12770822045208088,0.7665746117953112,0.10571716775260799
25862,GOF,0.019007067943459587,0.8165404128074446,0.1644525192490959
25863,GOF,0.020841021999702003,0.8261067214185126,0.15305225658178545
25864,GOF,0.04793981123197238,0.8607347689823636,0.09132541978566398
25865,GOF,0.028067914409890937,0.8391111942217981,0.13282089136831093
25866,GOF,0.022579093789304033,0.8125634799250099,0.16485742628568617
25867,GOF,0.028491455126621757,0.846647454908527,0.12486108996485112
25868,GOF,0.0613929189376589,0.7693569498242302,0.16925013123811086
25869,GOF,0.327388883542589,0.5650028472025908,0.10760826925482032
25870,GOF,0.19054165183899405,0.47056981160282835,0.33888853655817774
25871,GOF,0.03212611458168602,0.8105843732182734,0.15728951220004045
25872,GOF,0.018459670020420947,0.7247133450368729,0.25682698494270606
25873,GOF,0.023138558561736876,0.7770791149784719,0.19978232645979135
25874,LOF,0.01733125934423477,0.13069035262375267,0.8519783880320125
25875,LOF,0.02179473740325068,0.04129551061983757,0.9369097519769117
25876,LOF,0.015431359814524443,0.028195172728367097,0.9563734674571084
25877,LOF,0.14467340504841733,0.06677144900699551,0.7885551459445871
25878,LOF,0.05046066506162962,0.10243722697137403,0.8471021079669964
25879,LOF,0.022106063608279925,0.08032027760516015,0.89757365878656
25880,LOF,0.046122349262184774,0.009916265498874538,0.9439613852389407
25881,Neutral,0.5459514975477415,0.03456855496423735,0.4194799474880211
25882,LOF,0.021549599377647513,0.029694261589501354,0.948756139032851
25883,LOF,0.06199054041517684,0.02289070047627201,0.9151187591085511
25884,LOF,0.01013831428638465,0.03855186609326249,0.9513098196203529
25885,LOF,0.17634574323136737,0.006088117163090916,0.8175661396055418
25886,LOF,0.2774350546235082,0.044877689193658886,0.6776872561828329
25887,LOF,0.15419531215041382,0.04313495402316091,0.8026697338264253
25888,LOF,0.014002493102722877,0.09206967348870508,0.8939278334085722
25889,LOF,0.01295746813222473,0.02959124651019499,0.9574512853575802
25890,LOF,0.12146366037563405,0.08266858708963638,0.7958677525347295
25891,LOF,0.04235786124721913,0.03975862316502534,0.9178835155877555
25892,LOF,0.01551593906993742,0.0400789874785048,0.9444050734515578
25893,LOF,0.4073630853656206,0.013917269191796961,0.5787196454425825
25894,LOF,0.4267260352509738,0.006275331408871042,0.5669986333401551
25895,LOF,0.3815693762187887,0.013156618427545043,0.6052740053536662
25896,LOF,0.04111465873335402,0.02556629476830289,0.9333190464983431
25897,LOF,0.225141223202506,0.014104566480895442,0.7607542103165986
25898,LOF,0.24830316382847048,0.03411121247913294,0.7175856236923965
25899,LOF,0.16851144328569206,0.02954052157621464,0.8019480351380933
25900,LOF,0.4575130715356814,0.013230584717295317,0.5292563437470234
25901,LOF,0.04662231526614185,0.013160551946292686,0.9402171327875655
25902,LOF,0.10709189397675742,0.016330890133730184,0.8765772158895123
25903,LOF,0.3957963730256411,0.034354171227928554,0.5698494557464303
25904,LOF,0.29083438684422563,0.04465443089903708,0.6645111822567373
25905,LOF,0.005687235536896326,0.4791628211112556,0.5151499433518482
25906,LOF,0.009930350422463905,0.1094010326940864,0.8806686168834497
25907,LOF,0.0039657406692368245,0.42570275663224744,0.5703315026985157
25908,LOF,0.003650642180710405,0.3222479212282346,0.674101436591055
25909,LOF,0.013389928356095678,0.15161023983929006,0.8349998318046143
25910,LOF,0.01486495469469973,0.16283122612292789,0.8223038191823725
25911,LOF,0.17636843436823324,0.023984550207007564,0.7996470154247591
25912,LOF,0.06960265703421271,0.032509011646467564,0.8978883313193198
25913,LOF,0.08201954103828285,0.0423691846086561,0.8756112743530611
25914,LOF,0.02151577094856688,0.049497973638338987,0.9289862554130942
25915,LOF,0.14615814268554764,0.3231020239082211,0.5307398334062312
25916,LOF,0.018125103976723875,0.212194686257822,0.769680209765454
25917,LOF,0.05580079236609438,0.03727785259668253,0.906921355037223
25918,LOF,0.026902878029069738,0.028575055690641442,0.9445220662802889
25919,LOF,0.022067400578197904,0.028721664887913993,0.9492109345338882
25920,LOF,0.06211723412256542,0.42599816265474716,0.5118846032226874
25921,LOF,0.01089765858031846,0.03729195631880771,0.9518103851008737
25922,LOF,0.012610921375144314,0.029042680247377793,0.9583463983774778
25923,Neutral,0.5161342002255611,0.0421523812543614,0.4417134185200775
25924,LOF,0.017219413610688367,0.036944748986792196,0.9458358374025194
25925,LOF,0.07586486527241691,0.04589653481516348,0.8782385999124196
25926,LOF,0.05350610689458195,0.04229132826716124,0.9042025648382568
25927,LOF,0.015453077000627244,0.145870228128361,0.8386766948710117
25928,LOF,0.007996134852615919,0.049264224025235774,0.9427396411221484
25929,Neutral,0.6344945859151527,0.04428192545607551,0.3212234886287718
25930,LOF,0.06823283637745986,0.03669697014577531,0.8950701934767649
25931,LOF,0.010489967737546691,0.033787361733018016,0.9557226705294353
25932,LOF,0.032436019982333184,0.02913478852852186,0.9384291914891449
25933,LOF,0.03945044289339789,0.019478582709555308,0.9410709743970469
25934,LOF,0.027279355278973145,0.020529577992013187,0.9521910667290137
25935,LOF,0.06562894167051837,0.05599484944963517,0.8783762088798464
25936,LOF,0.046075841935836234,0.02422360010590653,0.9297005579582573
25937,LOF,0.010093756802824021,0.03494571296189979,0.9549605302352763
25938,LOF,0.06637496503837917,0.057592656526432334,0.8760323784351886
25939,LOF,0.038961629140078,0.022884311241995626,0.9381540596179264
25940,LOF,0.00676114585149378,0.38477332354692595,0.6084655306015804
25941,Neutral,0.5158038490418536,0.04470100610224082,0.4394951448559055
25942,LOF,0.004823813463556492,0.03830889851915328,0.9568672880172904
25943,LOF,0.031917169398664506,0.1219708127575188,0.8461120178438167
25944,LOF,0.0977306670631551,0.07526757087257943,0.8270017620642653
25945,LOF,0.056321918334766796,0.018015076813930084,0.9256630048513032
25946,LOF,0.06661321695364562,0.0573392875522024,0.876047495494152
25947,LOF,0.44272323485578835,0.08556687364145821,0.4717098915027534
25948,LOF,0.30911954774467615,0.010103428288938057,0.6807770239663858
25949,LOF,0.09096251715987734,0.04506212384281966,0.863975358997303
25950,GOF,0.04436323766961742,0.508428914102337,0.44720784822804555
25951,LOF,0.02007509964183228,0.35092688873081573,0.628998011627352
25952,LOF,0.27485016287010033,0.23063249073390482,0.4945173463959947
25953,LOF,0.015539467913149073,0.14479154012367054,0.8396689919631803
25954,LOF,0.06706991895858795,0.38582727813986306,0.547102802901549
25955,LOF,0.01297056115043589,0.11272493539366572,0.8743045034558984
25956,LOF,0.030041916481364974,0.22030937221378405,0.7496487113048509
25957,LOF,0.1395708680361384,0.026573380051790347,0.8338557519120713
25958,LOF,0.04982045159266187,0.03505756542674379,0.9151219829805942
25959,LOF,0.012339646957685467,0.4092541356830712,0.5784062173592434
25960,LOF,0.0063589963480870275,0.061656328437201674,0.9319846752147113
25961,LOF,0.03922477407200545,0.030635364250145194,0.9301398616778495
25962,LOF,0.03231849278251663,0.064614380528567,0.9030671266889164
25963,LOF,0.005143024341611403,0.28441050907152315,0.7104464665868655
25964,LOF,0.03384578152178259,0.10264451213994838,0.8635097063382691
25965,LOF,0.3677507767797715,0.10947145218832371,0.5227777710319047
25966,Neutral,0.5150993277524148,0.17371903444991674,0.31118163779766844
25967,LOF,0.007318646406331776,0.10325406677049705,0.8894272868231712
25968,LOF,0.03742128152004375,0.3395611908533433,0.623017527626613
25969,LOF,0.11879844198496778,0.05008725483433678,0.8311143031806956
25970,LOF,0.018621052270418523,0.07421110523960305,0.9071678424899785
25971,LOF,0.06662953297300762,0.0299219318346635,0.9034485351923289
25972,LOF,0.06534035273009463,0.041249434879838405,0.8934102123900669
25973,LOF,0.053176402069738324,0.010063816453220494,0.9367597814770412
25974,LOF,0.034651086771678184,0.033527455478709334,0.9318214577496126
25975,LOF,0.04625889221665758,0.022266343307095215,0.9314747644762473
25976,LOF,0.0993158614315791,0.010926256849186938,0.889757881719234
25977,LOF,0.18185208470194966,0.06849829513466595,0.7496496201633844
25978,LOF,0.1609560336515189,0.11972958213454825,0.7193143842139328
25979,LOF,0.13903422361009546,0.11674951355038375,0.7442162628395207
25980,LOF,0.23009583543357645,0.16057456985717594,0.6093295947092476
25981,LOF,0.25547840385478615,0.15760658081439613,0.5869150153308177
25982,LOF,0.3957026512886775,0.09632856639633074,0.5079687823149918
25983,LOF,0.3842197526333156,0.10251432221292697,0.5132659251537575
25984,LOF,0.03980202398216073,0.06663849629843488,0.8935594797194044
25985,LOF,0.3657887933265563,0.16770645314301508,0.4665047535304287
25986,LOF,0.008618587835746169,0.4351751891664505,0.5562062229978033
25987,LOF,0.03180267054312906,0.10748130246811477,0.860716026988756
25988,LOF,0.15744586534409058,0.10103337850404251,0.741520756151867
25989,LOF,0.032968850538885895,0.14982738741043405,0.8172037620506801
25990,LOF,0.036124535542615056,0.2232110747505146,0.7406643897068703
25991,LOF,0.014442923208651762,0.37631630389929704,0.6092407728920511
25992,LOF,0.019715248374058747,0.3505327959524912,0.6297519556734501
25993,LOF,0.022959602739964165,0.09044618412720104,0.8865942131328348
25994,LOF,0.016789499103908898,0.08606950486641111,0.89714099602968
25995,LOF,0.020950369081674643,0.1796785106357785,0.799371120282547
25996,LOF,0.29068401278286315,0.31644302336781965,0.39287296384931714
25997,LOF,0.056782722781919766,0.38017165191127705,0.5630456253068031
25998,LOF,0.2912442111412524,0.04487992320385353,0.663875865654894
25999,LOF,0.016342832752894148,0.22884672028588696,0.7548104469612189
26000,LOF,0.15017272996235517,0.027533977888179826,0.8222932921494651
26001,LOF,0.3057877741487578,0.02280099494006409,0.6714112309111782
26002,LOF,0.07648200457131728,0.04072739093210593,0.8827906044965768
26003,GOF,0.003749795953562547,0.6051311675245871,0.39111903652185026
26004,GOF,0.00552492319386988,0.6652931817333142,0.32918189507281587
26005,LOF,0.0029026027879181836,0.4855827215193527,0.5115146756927291
26006,GOF,0.08809074787637737,0.5438936152620755,0.36801563686154715
26007,GOF,0.005458102596611502,0.5377415639706112,0.4568003334327772
26008,GOF,0.004895903129877205,0.620349018023009,0.3747550788471139
26009,GOF,0.005607845284253597,0.6582942997461976,0.3360978549695489
26010,GOF,0.00633909592670459,0.6572353817529087,0.33642552232038664
26011,LOF,0.0026522985952475127,0.48651611004221385,0.5108315913625386
26012,GOF,0.003702893774342616,0.5498108613581094,0.44648624486754807
26013,GOF,0.005118005795379729,0.6106404569692594,0.38424153723536075
26014,LOF,0.04873897150509255,0.09933835331928469,0.8519226751756228
26015,LOF,0.1397759862705346,0.0255945010692745,0.8346295126601909
26016,LOF,0.3098650235723206,0.036041968755061604,0.6540930076726178
26017,LOF,0.022155013563206895,0.1975757960098156,0.7802691904269776
26018,LOF,0.07509139468094404,0.047000319106097255,0.8779082862129586
26019,LOF,0.07170754114607532,0.03795328749481259,0.8903391713591121
26020,LOF,0.0093939721174856,0.18323951960585003,0.8073665082766645
26021,LOF,0.07292853944066932,0.06408647666628194,0.8629849838930488
26022,LOF,0.02833470273065621,0.02733356574859769,0.9443317315207461
26023,LOF,0.04687001386297211,0.027873361566172,0.925256624570856
26024,LOF,0.04409478350718806,0.06798626535298619,0.8879189511398258
26025,LOF,0.06458165444149389,0.12938360373820937,0.8060347418202967
26026,LOF,0.1374259204606517,0.05236293152257441,0.810211148016774
26027,LOF,0.05510312710397649,0.0214622070511379,0.9234346658448856
26028,LOF,0.10022389157589744,0.11373305765384008,0.7860430507702626
26029,LOF,0.029497061163398376,0.19256637221557052,0.7779365666210311
26030,LOF,0.14904258447576502,0.023511711084247783,0.8274457044399872
26031,LOF,0.015349254525163789,0.14536286235315274,0.8392878831216835
26032,LOF,0.09148142133145122,0.06267639145847001,0.8458421872100788
26033,LOF,0.09548315721297305,0.058045649340943015,0.8464711934460839
26034,LOF,0.015403823628370214,0.16379333176225003,0.8208028446093797
26035,LOF,0.014122170837374156,0.12224707407811308,0.8636307550845127
26036,LOF,0.01683498362144029,0.16811310014567807,0.8150519162328815
26037,LOF,0.011659545090804612,0.1099246076436046,0.8784158472655907
26038,LOF,0.07447892778624875,0.057530809299717704,0.8679902629140337
26039,LOF,0.023838959578592014,0.14460416727557235,0.8315568731458356
26040,LOF,0.12651494951483744,0.11958314905731943,0.7539019014278431
26041,LOF,0.014225861510407034,0.09389652650612022,0.8918776119834728
26042,LOF,0.013005033056034947,0.09781113085045622,0.8891838360935088
26043,LOF,0.07333305611145569,0.07415967020310633,0.852507273685438
26044,LOF,0.015561907852118686,0.05389941818240921,0.9305386739654722
26045,LOF,0.05356726423691575,0.09843010805631078,0.8480026277067735
26046,LOF,0.06504284112106581,0.058692213418405526,0.8762649454605287
26047,LOF,0.11267734088160582,0.061794150345037824,0.8255285087733564
26048,LOF,0.05251570560007077,0.03961565628180277,0.9078686381181265
26049,Neutral,0.9718926921027563,0.0063169631445363725,0.02179034475270731
26050,Neutral,0.9591258433474029,0.008074013505941193,0.0328001431466558
26051,LOF,0.013630856295649032,0.25832946817691,0.7280396755274409
26052,LOF,0.01650845475752581,0.31500556430607984,0.6684859809363943
26053,LOF,0.02421942023143891,0.12195254854770173,0.8538280312208593
26054,LOF,0.04619294774312046,0.01602414045026062,0.9377829118066189
26055,LOF,0.06246530545057498,0.015792247931733113,0.9217424466176918
26056,LOF,0.05184069241547035,0.017480012545554143,0.9306792950389755
26057,LOF,0.030613593083805516,0.011759647373506772,0.9576267595426876
26058,LOF,0.031166140560673874,0.01065651776575943,0.9581773416735667
26059,LOF,0.26655554834671163,0.0222830992356262,0.7111613524176621
26060,LOF,0.006915538300405921,0.23696434460400811,0.756120117095586
26061,LOF,0.00517040684605691,0.01268429417839271,0.9821452989755504
26062,LOF,0.004452286124078658,0.01654976955184038,0.978997944324081
26063,LOF,0.02157856893820631,0.009950004525700412,0.9684714265360932
26064,LOF,0.006964689279236504,0.02166914330607079,0.9713661674146928
26065,LOF,0.02290333147066727,0.011577456513268409,0.9655192120160644
26066,LOF,0.020972230367249763,0.010087451336151855,0.9689403182965984
26067,LOF,0.028170564897645165,0.009329748388727117,0.9624996867136276
26068,LOF,0.042032409766183894,0.026552454922620216,0.9314151353111959
26069,LOF,0.26414306929844333,0.017444730506330382,0.7184122001952263
26070,LOF,0.4181517678058906,0.013722740291813982,0.5681254919022954
26071,LOF,0.020506624357993292,0.011073301313712572,0.968420074328294
26072,LOF,0.005870739367514631,0.02033682927331115,0.9737924313591741
26073,LOF,0.0181288384191199,0.01336805041770531,0.9685031111631749
26074,Neutral,0.9012294143622523,0.005752210730393437,0.09301837490735414
26075,LOF,0.043729366744527425,0.013292978261533169,0.9429776549939395
26076,LOF,0.03808705014828896,0.009707557114587017,0.9522053927371239
26077,LOF,0.11343849656861078,0.006905581728001981,0.8796559217033872
26078,LOF,0.00614336666027192,0.011785934169529054,0.982070699170199
26079,LOF,0.05224583080931723,0.015954407967581605,0.931799761223101
26080,LOF,0.0506044539508251,0.015999561700228357,0.9333959843489466
26081,LOF,0.029181738984154038,0.007858849682095562,0.9629594113337503
26082,LOF,0.004571839691818044,0.014435395064914681,0.9809927652432673
26083,LOF,0.13498194042964987,0.015131164414692373,0.8498868951556579
26084,LOF,0.03672093430794847,0.013022900366709457,0.9502561653253421
26085,LOF,0.031956245560769474,0.01192418461726393,0.9561195698219667
26086,LOF,0.019056219823691697,0.011320467578549482,0.9696233125977589
26087,LOF,0.02073126010713009,0.009259766584198357,0.9700089733086716
26088,LOF,0.005778394344566435,0.022585858393590893,0.9716357472618427
26089,LOF,0.039260044878793594,0.02100552228161316,0.9397344328395931
26090,LOF,0.03880984163490832,0.017257901132485116,0.9439322572326065
26091,LOF,0.027184195636310547,0.00757019023506055,0.965245614128629
26092,LOF,0.02044199111734476,0.00829535134685979,0.9712626575357953
26093,LOF,0.03657060262265202,0.0068441477667695585,0.9565852496105784
26094,LOF,0.028130101553748944,0.006976042804518326,0.9648938556417327
26095,LOF,0.015225180442142465,0.017263189222107764,0.9675116303357498
26096,LOF,0.13825770461000786,0.005612276446528896,0.8561300189434633
26097,LOF,0.0049840202839678245,0.034065895227486834,0.9609500844885454
26098,LOF,0.06899501403066884,0.012631670092537687,0.9183733158767935
26099,LOF,0.018082786925674246,0.013657709491792954,0.9682595035825329
26100,LOF,0.020245608891157063,0.013503115479359293,0.9662512756294838
26101,LOF,0.04680067200934752,0.019602389233063754,0.9335969387575886
26102,LOF,0.019868282847776444,0.01407887181207857,0.9660528453401451
26103,Neutral,0.8625277518183941,0.019472100813827532,0.11800014736777834
26104,LOF,0.06163255217786738,0.022879704526828124,0.9154877432953046
26105,LOF,0.20206792225845652,0.17012859870837949,0.6278034790331639
26106,LOF,0.3909958370542771,0.09556976870863387,0.513434394237089
26107,LOF,0.025479662583093695,0.10189087051528324,0.8726294669016231
26108,LOF,0.38274884581449165,0.03807829551978592,0.5791728586657225
26109,LOF,0.028483629091534016,0.06507968172964439,0.9064366891788216
26110,LOF,0.20426356925905065,0.00768962303759632,0.788046807703353
26111,LOF,0.08574791687756711,0.06705258836547438,0.8471994947569585
26112,LOF,0.030925861936063323,0.00684710214271093,0.9622270359212257
26113,LOF,0.058284254790026024,0.014148445782351242,0.9275672994276228
26114,LOF,0.06409470785041951,0.013869109963651234,0.9220361821859293
26115,LOF,0.016896616016328136,0.07941454394065088,0.9036888400430211
26116,LOF,0.07960023121786183,0.0433702908773357,0.8770294779048025
26117,LOF,0.4038937939314077,0.05108214616705062,0.5450240599015418
26118,LOF,0.03332356502788979,0.028377558122499907,0.9382988768496103
26119,LOF,0.005258987302675973,0.04258754094628067,0.9521534717510434
26120,LOF,0.022586210619157596,0.021745216340070532,0.9556685730407718
26121,LOF,0.005476374101039189,0.13428566129817507,0.8602379646007856
