feature0,prediction,LoGoFunc_Neutral,LoGoFunc_GOF,LoGoFunc_LOF
25546,Neutral,0.6761613876669385,0.041643061054988106,0.2821955512780734
25547,LOF,0.4103424415504434,0.15378390362117897,0.4358736548283777
25548,LOF,0.3560327867090334,0.0950046402417527,0.5489625730492139
25549,LOF,0.2712349044698721,0.11940232664449286,0.609362768885635
25550,Neutral,0.6263451310412927,0.04457768635024986,0.3290771826084575
25551,Neutral,0.5422249007412894,0.04383262609774875,0.413942473160962
25552,LOF,0.18133790326546073,0.09944586923335345,0.7192162275011857
25553,Neutral,0.5356869088734979,0.04579853178314835,0.41851455934335385
25554,LOF,0.2409869903153644,0.13423908421890768,0.624773925465728
25555,LOF,0.17534850974875796,0.09822527604076128,0.7264262142104808
25556,LOF,0.2478551344434575,0.11959993967412039,0.6325449258824221
25557,LOF,0.17105039296856428,0.09997901822350229,0.7289705888079334
25558,LOF,0.25242243671691855,0.11581580355775575,0.6317617597253257
25559,Neutral,0.7594219106657282,0.08569067946866961,0.15488740986560232
25560,LOF,0.05271219245479279,0.10423395347395933,0.8430538540712479
25561,LOF,0.13435204828136488,0.10622627195870868,0.7594216797599265
25562,LOF,0.1455251384849111,0.020221312761187858,0.834253548753901
25563,LOF,0.1901362456876032,0.04499260101029173,0.764871153302105
25564,LOF,0.09173023018678499,0.07855420361544403,0.829715566197771
25565,LOF,0.11505096794914059,0.28576288317002074,0.5991861488808388
25566,GOF,0.042606039231415316,0.6391474329187893,0.3182465278497953
25567,LOF,0.014727854304142226,0.13653220494705343,0.8487399407488043
25568,LOF,0.11868205518519233,0.11006375026241466,0.771254194552393
25569,Neutral,0.7603124184328793,0.017197634521955593,0.22248994704516512
25570,LOF,0.11592001844616924,0.147864588655312,0.7362153928985187
25571,LOF,0.12016802279202639,0.09808336740042438,0.7817486098075493
25572,LOF,0.1159458291560521,0.1089713828706145,0.7750827879733334
25573,LOF,0.03261812199913433,0.11090321463748251,0.8564786633633832
25574,LOF,0.008474926093628444,0.29193778250885877,0.6995872913975127
25575,LOF,0.12695796807540133,0.06142380451032388,0.8116182274142748
25576,LOF,0.04109463455775185,0.034336769980278674,0.9245685954619693
25577,LOF,0.030016976485274682,0.06084188183710932,0.9091411416776161
25578,Neutral,0.55246676574451,0.0786249089693815,0.36890832528610856
25579,Neutral,0.55246676574451,0.0786249089693815,0.36890832528610856
25580,LOF,0.07635901298951754,0.04244333929679633,0.8811976477136861
25581,LOF,0.1072645991489863,0.1290916229595034,0.7636437778915102
25582,LOF,0.11265419823038993,0.08462588314934737,0.8027199186202628
25583,LOF,0.08498560264166266,0.039647459014198076,0.8753669383441391
25584,Neutral,0.4972713213311824,0.0801065215297642,0.4226221571390535
25585,LOF,0.03417539843405645,0.04136429188144094,0.9244603096845025
25586,LOF,0.08715590691739339,0.09504655635827704,0.8177975367243295
25587,LOF,0.06053337441627559,0.07590352665331486,0.8635630989304096
25588,LOF,0.07108068708087924,0.09827706498001186,0.8306422479391089
25589,Neutral,0.7099259217080156,0.12946655925574418,0.16060751903624015
25590,LOF,0.051456682184780694,0.09376645728289784,0.8547768605323215
25591,LOF,0.23505172088902435,0.046908674250537345,0.7180396048604383
25592,LOF,0.05147076225191238,0.07952250408167388,0.8690067336664138
25593,LOF,0.016488862373114806,0.35954073166858913,0.6239704059582961
25594,LOF,0.13320886720133673,0.12410143677974939,0.7426896960189138
25595,LOF,0.08888017033581061,0.15188974087226553,0.7592300887919239
25596,LOF,0.18126256166269775,0.0688013029817815,0.7499361353555207
25597,LOF,0.1662910228243601,0.03878836044919006,0.7949206167264499
25598,Neutral,0.7794431096060385,0.03488387533976233,0.18567301505419906
25599,LOF,0.012444569952013262,0.19482275088742537,0.7927326791605613
25600,LOF,0.012262066002102976,0.187258584370272,0.8004793496276249
25601,LOF,0.008765685914387242,0.11000458166283603,0.8812297324227767
25602,LOF,0.10553623900505398,0.11980131398799988,0.7746624470069462
25603,LOF,0.05844166907288218,0.12454094840780457,0.8170173825193132
25604,LOF,0.038277213497301385,0.15265408063754368,0.809068705865155
25605,LOF,0.020886304088276228,0.3501246153310873,0.6289890805806365
25606,GOF,0.05613566938874429,0.5817416142847128,0.3621227163265429
25607,LOF,0.0037398460923163,0.22115245088785349,0.7751077030198301
25608,LOF,0.07345486237170684,0.04274860589520651,0.8837965317330867
25609,LOF,0.1981140240854619,0.18210581144037963,0.6197801644741585
25610,LOF,0.0590754476510615,0.15327854109999386,0.7876460112489447
25611,LOF,0.0640143131773155,0.10978203835327775,0.8262036484694067
25612,Neutral,0.7438940690286169,0.12269798580596913,0.1334079451654141
25613,LOF,0.06613440779687672,0.2624113025726747,0.6714542896304485
25614,LOF,0.04470534543193303,0.20213402919114332,0.7531606253769236
25615,LOF,0.05664477531218375,0.1352831129789125,0.8080721117089038
25616,LOF,0.03719448112806253,0.300566289336386,0.6622392295355515
25617,LOF,0.06831216383618098,0.1751734004580277,0.7565144357057912
25618,LOF,0.05576823295932011,0.3166890007113443,0.6275427663293355
25619,LOF,0.06610151349435196,0.1696443150655459,0.7642541714401022
25620,LOF,0.03738704689587902,0.2610606900055915,0.7015522630985295
25621,LOF,0.063289456188641,0.12465656290897012,0.8120539809023889
25622,LOF,0.046194721990173514,0.1815820539604046,0.7722232240494218
25623,LOF,0.07757666034589722,0.156990214621538,0.7654331250325648
25624,LOF,0.03897592968501696,0.3011745497561866,0.6598495205587963
25625,LOF,0.048586168664751676,0.14059672856031497,0.8108171027749334
25626,Neutral,0.7627561535643177,0.08245030778918634,0.15479353864649595
25627,Neutral,0.43935344344038013,0.21645070319291812,0.3441958533667017
25628,LOF,0.1578760599763285,0.0555947640143375,0.786529176009334
25629,Neutral,0.7064428869854855,0.02740949704116619,0.26614761597334835
25630,LOF,0.08410665636767584,0.1101252717649594,0.8057680718673648
25631,Neutral,0.4678365308060982,0.17009509542364035,0.3620683737702615
25632,LOF,0.01932750913731481,0.05155566272072833,0.9291168281419567
25633,Neutral,0.38051365173780816,0.31008103784307467,0.30940531041911723
25634,LOF,0.10601046192863152,0.2460019326023264,0.6479876054690421
25635,LOF,0.05334168725425446,0.06490735450745153,0.881750958238294
25636,GOF,0.005055140462004161,0.6085679984362073,0.3863768611017885
25637,LOF,0.0054889468112367884,0.2974564256614984,0.6970546275272648
25638,LOF,0.006664204622673043,0.3387384996820311,0.6545972956952959
25639,LOF,0.006427197044355046,0.23856879602500095,0.755004006930644
25640,Neutral,0.5117237793035091,0.3164080521255122,0.17186816857097872
25641,LOF,0.008497059696793005,0.2138137888425095,0.7776891514606975
25642,LOF,0.31206475415410656,0.07804667253670039,0.6098885733091931
25643,Neutral,0.5950865310466529,0.012342488791316874,0.39257098016203024
25644,LOF,0.01161064203735496,0.3968104411106148,0.5915789168520302
25645,GOF,0.0076169914570217365,0.5630109689037559,0.42937203963922244
25646,LOF,0.009647473619935404,0.34930428517448636,0.6410482412055782
25647,LOF,0.010253221755300041,0.33844683489076416,0.6512999433539358
25648,LOF,0.007645419823178825,0.4054264238252595,0.5869281563515616
25649,LOF,0.006414217157538424,0.2992630630372695,0.6943227198051921
25650,GOF,0.02654048555965902,0.5629532279184736,0.4105062865218674
25651,LOF,0.0073153580924911425,0.4305045950914292,0.5621800468160797
25652,LOF,0.013748372357644808,0.2762838329215206,0.7099677947208346
25653,LOF,0.07707295353958242,0.46139974735082195,0.46152729910959556
25654,LOF,0.009708999295810067,0.4605744618995204,0.5297165388046696
25655,GOF,0.08587552770882964,0.48305692847244047,0.43106754381873
25656,LOF,0.03708604637434268,0.37767533319413343,0.585238620431524
25657,LOF,0.3376595467403647,0.0484005948666709,0.6139398583929644
25658,LOF,0.013348943064780912,0.30218687231802777,0.6844641846171914
25659,LOF,0.11421812860336274,0.23791852861696997,0.6478633427796673
25660,LOF,0.12494932916608657,0.12261591708738206,0.7524347537465313
25661,LOF,0.09055309692610004,0.10198593252426914,0.8074609705496307
25662,LOF,0.0855085545751372,0.0793049683822649,0.8351864770425979
25663,LOF,0.08061392668263838,0.11184647820994364,0.807539595107418
25664,LOF,0.06501750843937601,0.1443902203886059,0.790592271172018
25665,LOF,0.09740817502110576,0.16196460943299185,0.7406272155459024
25666,LOF,0.1391427646911193,0.13046601901984195,0.7303912162890387
25667,LOF,0.06524826737546471,0.03718265221990145,0.8975690804046338
25668,LOF,0.0835808083779721,0.04722632482569864,0.8691928667963293
25669,LOF,0.057143817223899315,0.08671105883569312,0.8561451239404074
25670,LOF,0.11391360334423366,0.042371429828890805,0.8437149668268755
25671,LOF,0.08782548892079726,0.09940457559280924,0.8127699354863934
25672,LOF,0.1452549979079256,0.12082573565196222,0.7339192664401122
25673,LOF,0.1396466442072695,0.06793993192659843,0.7924134238661322
25674,LOF,0.0640229889952116,0.10368222429925386,0.8322947867055345
25675,LOF,0.1473008934744959,0.038791132706356056,0.8139079738191481
25676,LOF,0.0809592637484012,0.10089729687885172,0.818143439372747
25677,LOF,0.10573850351894898,0.06552583467789405,0.828735661803157
25678,Neutral,0.7008754283693154,0.037699326832582016,0.26142524479810264
25679,LOF,0.24893132842485058,0.07465484781685434,0.6764138237582952
25680,LOF,0.11562905813025813,0.15226327333493553,0.7321076685348064
25681,LOF,0.13847907843997145,0.1306604669921871,0.7308604545678414
25682,LOF,0.08057139306925166,0.0832992498513549,0.8361293570793935
25683,LOF,0.20439092104916282,0.062398622710626746,0.7332104562402104
25684,LOF,0.11004078412222507,0.1256530054644289,0.764306210413346
25685,LOF,0.17887307809726963,0.026059726170668485,0.7950671957320619
25686,LOF,0.022358963989342888,0.19930742296307816,0.7783336130475789
25687,LOF,0.03713319017076393,0.2058725447321998,0.7569942650970363
25688,LOF,0.018658872375005225,0.35581276465941736,0.6255283629655773
25689,LOF,0.01153194397163763,0.21729838823920578,0.7711696677891566
25690,LOF,0.013870568330066104,0.3868970257980652,0.5992324058718688
25691,GOF,0.11024769911843611,0.533569125884428,0.356183174997136
25692,Neutral,0.7810393390630024,0.04086211702956899,0.17809854390742852
25693,GOF,0.029249705736745665,0.5289446059442614,0.4418056883189928
25694,LOF,0.26257480453397014,0.05744055197690756,0.6799846434891222
25695,LOF,0.18581585641377213,0.07934045846101705,0.7348436851252108
25696,Neutral,0.6990615262028483,0.03635053945604722,0.26458793434110445
25697,Neutral,0.833111438957618,0.035978227244716054,0.13091033379766598
25698,LOF,0.012912906631322756,0.45446153280564955,0.5326255605630277
25699,LOF,0.06820236143551367,0.3016543662030444,0.630143272361442
25700,LOF,0.08327461663355602,0.016906665239816092,0.8998187181266278
25701,LOF,0.0075329394731495185,0.4421454137568853,0.5503216467699651
25702,GOF,0.030535084521316265,0.6254232352002668,0.3440416802784169
25703,LOF,0.0256229026630595,0.06937037178836468,0.9050067255485759
25704,LOF,0.07903360268705707,0.117304349098439,0.803662048214504
25705,LOF,0.13103017395934582,0.18680918282635395,0.6821606432143001
25706,GOF,0.021574078384553573,0.7792966900371958,0.19912923157825063
25707,GOF,0.0142447637514515,0.7254562601595718,0.2602989760889768
25708,GOF,0.007261576934971546,0.8021957127523452,0.19054271031268313
25709,LOF,0.07938816304702095,0.123084003617192,0.797527833335787
25710,LOF,0.03188411651244359,0.1752416935722468,0.7928741899153096
25711,LOF,0.08062338183292271,0.13370505988570427,0.785671558281373
25712,LOF,0.06002176805412614,0.11988980987611905,0.8200884220697547
25713,LOF,0.06624901836273238,0.12551615052835235,0.8082348311089153
25714,LOF,0.05983841794656086,0.30697333772563534,0.6331882443278037
25715,LOF,0.05849821635757164,0.2506399862234896,0.6908617974189388
25716,LOF,0.02675732529921002,0.07959299655912404,0.893649678141666
25717,LOF,0.02033788754085358,0.07245983669272227,0.9072022757664242
25718,LOF,0.07137338359918004,0.10052096844605089,0.828105647954769
25719,LOF,0.07133448362199137,0.14926958223131528,0.7793959341466934
25720,LOF,0.06957063466369934,0.21704130619427628,0.7133880591420244
25721,LOF,0.06299788853195139,0.10906429705579877,0.8279378144122498
25722,LOF,0.0660310065080378,0.15053128444092512,0.783437709051037
25723,LOF,0.07822022016857581,0.17437845260682827,0.7474013272245958
25724,LOF,0.07535107518905097,0.3029755545066783,0.6216733703042707
25725,LOF,0.11812505801041809,0.15812499527367077,0.7237499467159111
25726,LOF,0.07415333759060642,0.18028066112319138,0.7455660012862021
25727,LOF,0.10687429726070544,0.10043042143036351,0.792695281308931
25728,LOF,0.06538987722334152,0.2594972010484217,0.6751129217282368
25729,LOF,0.07436321123791546,0.2371889804618422,0.6884478083002423
25730,LOF,0.08978305639050904,0.17436552939216174,0.7358514142173292
25731,LOF,0.0413002701561086,0.08317315416542884,0.8755265756784627
25732,LOF,0.05688464541574404,0.12490111503502666,0.8182142395492293
25733,LOF,0.07857233488349971,0.29836866670480794,0.6230589984116923
25734,LOF,0.017666212122140697,0.15070264958521915,0.8316311382926401
25735,LOF,0.07499566473298908,0.12035203973831483,0.8046522955286962
25736,LOF,0.07490925152742221,0.1924848633001758,0.732605885172402
25737,LOF,0.0987994260776918,0.11356809561079143,0.7876324783115168
25738,LOF,0.08229771623418837,0.1838482531095391,0.7338540306562724
25739,LOF,0.05913525282050963,0.1702442430017263,0.770620504177764
25740,LOF,0.09681664400071688,0.14326035815235472,0.7599229978469284
25741,LOF,0.08391879501008416,0.14266945172074347,0.7734117532691723
25742,LOF,0.10851746650661057,0.17808576065428905,0.7133967728391004
25743,LOF,0.019934943004525193,0.029988892522235838,0.950076164473239
25744,GOF,0.11966018656866058,0.47012513541189743,0.41021467801944206
25745,LOF,0.01893785695328337,0.4430255477020258,0.5380365953446908
25746,LOF,0.011686944727190004,0.43331919156860216,0.5549938637042079
25747,LOF,0.0781790258274512,0.05340358376531579,0.8684173904072331
25748,LOF,0.3123089795600934,0.19214078807043974,0.4955502323694669
25749,LOF,0.01132296498216145,0.36127144229815517,0.6274055927196833
25750,LOF,0.01411514836204262,0.4738699876804112,0.5120148639575463
25751,LOF,0.058244777719962865,0.17650887636810378,0.7652463459119333
25752,GOF,0.10487367433638636,0.5943104946327656,0.3008158310308479
25753,LOF,0.019920035361899083,0.17283297094356065,0.8072469936945402
25754,GOF,0.011022167862572933,0.8503683409436981,0.13860949119372898
25755,LOF,0.015601191849283826,0.21213673096395488,0.7722620771867614
25756,LOF,0.0849473774192882,0.2646644820649137,0.6503881405157982
25757,GOF,0.009794990666644566,0.765744021082614,0.22446098825074132
25758,GOF,0.009456860208322183,0.8414719407079639,0.149071199083714
25759,GOF,0.0060715318030422245,0.6448076589639624,0.3491208092329955
25760,LOF,0.012069610593692647,0.11099047196122554,0.8769399174450818
25761,GOF,0.03689916721400494,0.8302575791583454,0.13284325362764954
25762,LOF,0.11264460861342072,0.22942149725328911,0.6579338941332902
25763,LOF,0.01462387891168945,0.10102037791431429,0.8843557431739963
25764,GOF,0.09729857300434322,0.5704380112159537,0.3322634157797032
25765,GOF,0.008359373000233166,0.82096607271961,0.170674554280157
25766,GOF,0.021855386459231078,0.7771441101183639,0.20100050342240508
25767,GOF,0.010938376666583477,0.6634060130659558,0.3256556102674607
25768,LOF,0.07691223959070155,0.0987584464572772,0.8243293139520212
25769,LOF,0.046667970129223586,0.2898238174349502,0.6635082124358263
25770,Neutral,0.7651979768912472,0.05428826921050899,0.18051375389824373
25771,LOF,0.05715460975816051,0.11600815144447277,0.8268372387973668
25772,LOF,0.06952341653716594,0.20876293283911074,0.7217136506237233
25773,LOF,0.043878433972386215,0.29974039585828166,0.6563811701693321
25774,LOF,0.10943301781631018,0.18856843340849422,0.7019985487751956
25775,LOF,0.04666860830363899,0.09591493132399724,0.8574164603723637
25776,LOF,0.04334317744527078,0.17027984964088239,0.7863769729138468
25777,LOF,0.2134121531122104,0.12802971291589268,0.6585581339718969
25778,LOF,0.0681993311952367,0.24296977415556706,0.6888308946491961
25779,GOF,0.15024819576597667,0.48615813785398077,0.3635936663800424
25780,GOF,0.10449098661429061,0.6713699702181929,0.2241390431675164
25781,GOF,0.06522702486256318,0.58763739216817,0.34713558296926683
25782,GOF,0.048228889674095964,0.5158101666572833,0.4359609436686208
25783,GOF,0.09800247146504074,0.5761381343494874,0.32585939418547194
25784,GOF,0.20873316310070386,0.5151528949829105,0.27611394191638555
25785,GOF,0.2742722914481799,0.5657575317107222,0.15997017684109788
25786,LOF,0.014610209927008705,0.3621966370096585,0.6231931530633328
25787,Neutral,0.49579149886429313,0.29625639694081035,0.20795210419489646
25788,LOF,0.059107938365445686,0.09059487447732598,0.8502971871572284
25789,GOF,0.04178946209892947,0.6553004132174365,0.30291012468363404
25790,GOF,0.04985737669371496,0.5738396036381125,0.3763030196681726
25791,GOF,0.02883062403642611,0.6157018087448971,0.35546756721867695
25792,GOF,0.04260801640455987,0.6415262890480022,0.31586569454743785
25793,GOF,0.07549416269210613,0.48087716197361885,0.44362867533427497
25794,LOF,0.08206643212529706,0.3940171655685361,0.5239164023061669
25795,LOF,0.0814963589448082,0.3090972364511205,0.6094064046040713
25796,LOF,0.2660782339051291,0.3487703202878707,0.3851514458070002
25797,LOF,0.08141173492772164,0.36561069060839163,0.5529775744638867
25798,GOF,0.009206169638792543,0.6548149570929163,0.3359788732682911
25799,GOF,0.007960204713523385,0.5927036221173141,0.3993361731691625
25800,GOF,0.04520227278176104,0.7230823205641757,0.23171540665406334
25801,GOF,0.061104334119440766,0.605414671816211,0.33348099406434817
25802,GOF,0.0670470666550949,0.5655586269805344,0.36739430636437076
25803,LOF,0.050099984091132345,0.38080541230269405,0.5690946036061737
25804,LOF,0.097223376293735,0.323748087256814,0.579028536449451
25805,GOF,0.05597866824474966,0.4862819839764146,0.45773934777883585
25806,GOF,0.06976427469247852,0.5096211403133493,0.42061458499417226
25807,LOF,0.027529648080739863,0.4548014151456272,0.517668936773633
25808,GOF,0.060419258805534885,0.6010710955451762,0.3385096456492888
25809,LOF,0.016170981405826602,0.39673617461897037,0.5870928439752031
25810,LOF,0.013566960589160676,0.4455739042792551,0.5408591351315842
25811,GOF,0.0928818287162051,0.5423594253167091,0.3647587459670858
25812,LOF,0.11121476639570727,0.4172620724537183,0.4715231611505745
25813,GOF,0.3658105842905458,0.39024514226897755,0.2439442734404767
25814,GOF,0.0986319803519206,0.4838545367548402,0.4175134828932392
25815,GOF,0.1150432927930642,0.4915732895748533,0.3933834176320825
25816,GOF,0.017302770996798642,0.6384219628974199,0.3442752661057814
25817,LOF,0.12627233977054791,0.36226692425846707,0.5114607359709851
25818,GOF,0.07551101175642976,0.5470575281205334,0.37743146012303685
25819,LOF,0.11635915061787351,0.3797887447457011,0.5038521046364253
25820,LOF,0.12040801962902752,0.35641192751740597,0.5231800528535665
25821,LOF,0.09780922576729577,0.4111154551059896,0.49107531912671476
25822,LOF,0.18516781053329776,0.3270168794333128,0.4878153100333894
25823,LOF,0.0903037297344128,0.23892041934995056,0.6707758509156365
25824,GOF,0.051258545581761246,0.5688241728998039,0.37991728151843485
25825,GOF,0.04480401451190223,0.6018427571144136,0.3533532283736841
25826,LOF,0.01331153883882542,0.37923160725241445,0.6074568539087601
25827,GOF,0.011129558024914709,0.5254785313413393,0.4633919106337461
25828,GOF,0.01044696790101357,0.49866261090302233,0.4908904211959642
25829,LOF,0.007566133182555814,0.2758990524187638,0.7165348143986804
25830,LOF,0.08081085279412858,0.027647354171191567,0.8915417930346798
25831,GOF,0.04832873913634486,0.6442384905294597,0.3074327703341955
25832,LOF,0.012958278810256739,0.328087829221152,0.6589538919685913
25833,GOF,0.07381713921979347,0.49228870505307315,0.43389415572713347
25834,LOF,0.0129539345552033,0.3193288238283501,0.6677172416164466
25835,GOF,0.060521761525012194,0.6480018082870855,0.2914764301879023
25836,LOF,0.013829113642723097,0.4802002257944008,0.5059706605628761
25837,LOF,0.0159826334009959,0.3770822459084456,0.6069351206905584
25838,GOF,0.048642908279186936,0.5609373442176177,0.3904197475031954
25839,LOF,0.10024701370610486,0.43685965886584227,0.4628933274280528
25840,GOF,0.11568519807592065,0.5492979956237283,0.3350168063003511
25841,GOF,0.0836377811217574,0.5650563107395938,0.3513059081386489
25842,GOF,0.06204783884089252,0.6393996294629809,0.2985525316961266
25843,GOF,0.03247105310798122,0.6855064628054318,0.28202248408658703
25844,GOF,0.048895521772361186,0.5282062989602666,0.42289817926737217
25845,LOF,0.011273596427670295,0.2846071141497558,0.704119289422574
25846,GOF,0.08028557008284766,0.5249702266255233,0.39474420329162907
25847,GOF,0.052472388539722456,0.634741411586264,0.3127861998740135
25848,GOF,0.039670297724013585,0.6886549406674171,0.27167476160856935
25849,GOF,0.009699533779361325,0.5841307408947828,0.4061697253258558
25850,GOF,0.013992136795889714,0.5340532329840574,0.45195463022005306
25851,LOF,0.014128229214565571,0.45189788230059164,0.5339738884848428
25852,LOF,0.22648397424272965,0.38234364424371703,0.3911723815135533
25853,GOF,0.09931142480722852,0.4838112719272551,0.4168773032655164
25854,LOF,0.007643373512926215,0.4554276402534338,0.5369289862336399
25855,LOF,0.05041854278391451,0.4266900248499482,0.5228914323661372
25856,GOF,0.09573031862460825,0.590611572741752,0.31365810863363963
25857,GOF,0.05611733560857794,0.4759898000943243,0.46789286429709775
25858,LOF,0.013748359739714172,0.29008522145294374,0.696166418807342
25859,LOF,0.010608898514096068,0.28209331807406934,0.7072977834118346
25860,LOF,0.1112353563897952,0.3792285768715976,0.5095360667386071
25861,GOF,0.08928220796470808,0.4697515998303337,0.44096619220495814
25862,GOF,0.035793036363739615,0.7071518658490539,0.2570550977872065
25863,GOF,0.04047465653609103,0.5793010241314449,0.38022431933246414
25864,GOF,0.04821821998090347,0.6460759110178638,0.30570586900123287
25865,GOF,0.04709293640656807,0.6816428063378143,0.2712642572556177
25866,GOF,0.07647518936018598,0.7061839239978547,0.21734088664195939
25867,GOF,0.36604323075220313,0.5514746617292364,0.08248210751856035
25868,GOF,0.1155220770819902,0.5269235090719026,0.3575544138461073
25869,Neutral,0.46117082729906966,0.3545106592433456,0.18431851345758465
25870,LOF,0.05330580239118372,0.04288064917385422,0.9038135484349621
25871,LOF,0.010050049582141094,0.32772155709699613,0.6622283933208627
25872,LOF,0.046393112033248654,0.3729397057215747,0.5806671822451767
25873,GOF,0.031791875775999935,0.625264760974463,0.342943363249537
25874,LOF,0.07163266971027152,0.030541528232849332,0.8978258020568792
25875,LOF,0.018898644332416992,0.43015288826767245,0.5509484673999107
25876,LOF,0.08039244750948288,0.08121417635660615,0.838393376133911
25877,GOF,0.09248216210336606,0.5296063071238396,0.3779115307727944
25878,GOF,0.059919307034294454,0.7266923082857988,0.2133883846799067
25879,LOF,0.013563883746441845,0.3754274980185932,0.611008618234965
25880,LOF,0.07817541592249806,0.05060344284372573,0.8712211412337761
25881,GOF,0.33511132159510804,0.38438798286926573,0.28050069553562623
25882,LOF,0.032320767192522214,0.3069194722388692,0.6607597605686086
25883,LOF,0.039363342528092995,0.16244976428175886,0.7981868931901482
25884,LOF,0.025309978575899724,0.1892040145153861,0.7854860069087142
25885,LOF,0.17875578003846457,0.043058252500245885,0.7781859674612894
25886,Neutral,0.4193389269302543,0.18429368894789186,0.39636738412185385
25887,GOF,0.03711706222628866,0.6517260942544385,0.31115684351927286
25888,LOF,0.005235969726015997,0.44622793056387616,0.548536099710108
25889,LOF,0.07317066945582416,0.10190388310703072,0.8249254474371451
25890,LOF,0.14863619148228474,0.3699839224135881,0.4813798861041272
25891,LOF,0.20204737362018257,0.10203490326978124,0.6959177231100362
25892,LOF,0.005537868055712378,0.16461204377660918,0.8298500881676784
25893,LOF,0.25979444925384304,0.07736160995357638,0.6628439407925806
25894,LOF,0.32362543276176614,0.04071372383484525,0.6356608434033886
25895,LOF,0.24245015401600636,0.044024092609554054,0.7135257533744397
25896,LOF,0.11142485671083582,0.11935260279277338,0.7692225404963909
25897,LOF,0.09058485655527247,0.06904751943320372,0.8403676240115239
25898,GOF,0.06698861915391842,0.48095719806000475,0.45205418278607673
25899,LOF,0.35737913703829727,0.14083305152712244,0.5017878114345803
25900,Neutral,0.883782075889862,0.0253293369134837,0.09088858719665416
25901,LOF,0.09555164686405895,0.03899271745398831,0.8654556356819526
25902,Neutral,0.7573878243238046,0.010145436882936166,0.2324667387932593
25903,LOF,0.11772537001706909,0.2000396308413995,0.6822349991415315
25904,Neutral,0.5538004631226556,0.1216787836038589,0.3245207532734855
25905,LOF,0.007624422750008876,0.3272628924643191,0.665112684785672
25906,LOF,0.021486526279619306,0.03279337018136688,0.9457201035390137
25907,LOF,0.009669019140524562,0.2648099201735719,0.7255210606859034
25908,LOF,0.009342151168249256,0.23550509581142964,0.7551527530203211
25909,LOF,0.07728278053435372,0.18713608083690492,0.7355811386287414
25910,LOF,0.02074436179636399,0.19571149314760247,0.7835441450560335
25911,LOF,0.12765011328216236,0.08296311921303486,0.7893867675048027
25912,LOF,0.18211316893067678,0.01787140520832096,0.8000154258610023
25913,LOF,0.010740646251854372,0.06064447515180461,0.9286148785963411
25914,LOF,0.05883608523811849,0.23009149544006238,0.7110724193218191
25915,GOF,0.03732748362537248,0.8170366089426964,0.14563590743193114
25916,GOF,0.009811997410177716,0.6756064840747407,0.3145815185150816
25917,Neutral,0.8535289535328717,0.046923844427408844,0.09954720203971949
25918,LOF,0.07573211698056155,0.11610957913042783,0.8081583038890106
25919,LOF,0.07356158905742516,0.07891571735262203,0.8475226935899528
25920,GOF,0.15993502153060074,0.5021184006071341,0.33794657786226523
25921,LOF,0.04519390966079773,0.029774622170347365,0.925031468168855
25922,LOF,0.03551136466370966,0.0311061438643015,0.9333824914719889
25923,Neutral,0.5106115978358123,0.06533518097189554,0.4240532211922921
25924,LOF,0.0653863460877534,0.0718539867480828,0.8627596671641637
25925,Neutral,0.7259985165769286,0.0145664401602113,0.25943504326286015
25926,LOF,0.14843383699833268,0.07488295615709163,0.7766832068445756
25927,LOF,0.014531247891899895,0.08092996126515917,0.904538790842941
25928,LOF,0.021651867031227623,0.03970183846613373,0.9386462945026387
25929,Neutral,0.5106115978358123,0.06533518097189554,0.4240532211922921
25930,LOF,0.06380469703726163,0.1518355807149908,0.7843597222477476
25931,LOF,0.020275331675071763,0.05589301106765317,0.9238316572572751
25932,LOF,0.09745121503832842,0.04442425338102438,0.8581245315806473
25933,LOF,0.0965041346793616,0.02516158344404182,0.8783342818765967
25934,LOF,0.0981948223610313,0.033385716098090205,0.8684194615408785
25935,Neutral,0.7518996988714186,0.019369896639402622,0.22873040448917875
25936,LOF,0.09179159047386011,0.02654631885012,0.8816620906760199
25937,LOF,0.024449485290729916,0.06723650175075867,0.9083140129585113
25938,Neutral,0.7527799044365193,0.015722083868766657,0.23149801169471415
25939,LOF,0.08082757850288223,0.03354846398955056,0.8856239575075673
25940,GOF,0.007254792752282531,0.6274274265993252,0.3653177806483923
25941,LOF,0.4243593031852937,0.08605387260378866,0.4895868242109176
25942,LOF,0.025326406177165885,0.12789073037320303,0.846782863449631
25943,GOF,0.025443198140826635,0.6373294188507572,0.3372273830084163
25944,LOF,0.020136568386872136,0.3768051710673665,0.6030582605457614
25945,LOF,0.04974351304403166,0.05450083194958937,0.8957556550063789
25946,LOF,0.08913333000549535,0.07657253851467999,0.8342941314798248
25947,LOF,0.4428630162754818,0.026434623002023715,0.5307023607224945
25948,Neutral,0.8971342082136496,0.026248571204696508,0.07661722058165384
25949,Neutral,0.8268948666727823,0.020338159325142643,0.15276697400207487
25950,GOF,0.060914278827386335,0.7409063813220688,0.1981793398505448
25951,LOF,0.012840252634492661,0.4138184378606258,0.5733413095048816
25952,LOF,0.09549125123509489,0.37455540433801715,0.529953344426888
25953,LOF,0.007039362074464818,0.4189308118534439,0.5740298260720913
25954,GOF,0.03843832455014875,0.506771831090052,0.4547898443597993
25955,GOF,0.00451322933891861,0.5995667981425158,0.3959199725185656
25956,GOF,0.01159170816841723,0.6487359696163246,0.3396723222152581
25957,LOF,0.330103838602767,0.05488340391435975,0.6150127574828733
25958,LOF,0.034824289588149926,0.20340696198053537,0.7617687484313147
25959,GOF,0.004553745535537008,0.6064913306642693,0.38895492380019375
25960,LOF,0.009781112438716159,0.12476592840112967,0.8654529591601542
25961,LOF,0.039980618071179155,0.2116959273085555,0.7483234546202654
25962,Neutral,0.7016798848360184,0.020324389304219273,0.2779957258597625
25963,LOF,0.013834252143149149,0.11307029958879707,0.8730954482680537
25964,LOF,0.07711057324020769,0.11170990591096752,0.8111795208488248
25965,LOF,0.14318668112458108,0.20676904709295885,0.6500442717824602
25966,Neutral,0.40577074946348424,0.38072451562734894,0.21350473490916683
25967,LOF,0.0179854026066211,0.12195233459407938,0.8600622627992995
25968,LOF,0.13885358032192072,0.391739520553836,0.46940689912424316
25969,LOF,0.2340497006701151,0.02363873711151384,0.7423115622183711
25970,LOF,0.024055533824064626,0.1801133077457804,0.795831158430155
25971,LOF,0.11924954981862698,0.12984579841665428,0.7509046517647188
25972,LOF,0.09822661480297534,0.12567081832312413,0.7761025668739006
25973,Neutral,0.5604462896689661,0.010040726619052046,0.42951298371198177
25974,LOF,0.045397224705999537,0.32723048676476785,0.6273722885292325
25975,LOF,0.06358017130975593,0.029974397758581538,0.9064454309316625
25976,LOF,0.08201935638581055,0.020108473639673947,0.8978721699745155
25977,LOF,0.27292852981341903,0.05323118010021989,0.673840290086361
25978,LOF,0.1409680188199038,0.26387680152656157,0.5951551796535346
25979,LOF,0.10619014750482861,0.2415824064138088,0.6522274460813626
25980,LOF,0.13703690497912777,0.41963811140725693,0.4433249836136153
25981,GOF,0.14136036656479437,0.44482857607885207,0.4138110573563536
25982,LOF,0.15278705052226785,0.3193389421744926,0.5278740073032395
25983,LOF,0.12765275070874646,0.3208289389275112,0.5515183103637423
25984,LOF,0.05592694771935951,0.12371375858454237,0.8203592936960982
25985,Neutral,0.4094016902640814,0.31224241026538896,0.2783558994705296
25986,GOF,0.011523846144496992,0.6829576100349489,0.3055185438205541
25987,LOF,0.030959160769047363,0.12805700298477835,0.8409838362461742
25988,LOF,0.048684959250541386,0.16151893189034466,0.7897961088591139
25989,LOF,0.07108578525125016,0.15131526512325583,0.777598949625494
25990,LOF,0.06395812155836104,0.27989433096204597,0.6561475474795929
25991,GOF,0.042187162624123975,0.7301637895607404,0.2276490478151357
25992,LOF,0.017458583285187828,0.4663035694061002,0.516237847308712
25993,LOF,0.05967682043035362,0.047285508730730966,0.8930376708389155
25994,LOF,0.0821895680955353,0.08048546015908183,0.8373249717453829
25995,LOF,0.0489159520388543,0.07357454336733255,0.8775095045938132
25996,GOF,0.2639415069587387,0.5438174130857458,0.19224107995551548
25997,GOF,0.04386981413193725,0.6660096632252304,0.29012052264283233
25998,LOF,0.18339751525496165,0.15859532866225906,0.6580071560827793
25999,GOF,0.011900297925937341,0.5519938943883976,0.4361058076856651
26000,LOF,0.2145064308110806,0.012780237817627603,0.7727133313712918
26001,LOF,0.11951634004311276,0.030183567081527776,0.8503000928753595
26002,Neutral,0.6634378298964304,0.005737112792252474,0.33082505731131706
26003,GOF,0.007949478198237046,0.5835535821041046,0.4084969396976582
26004,GOF,0.028482793203112446,0.5443735873462675,0.42714361945062
26005,GOF,0.004835722813580034,0.5318221475627659,0.463342129623654
26006,GOF,0.13355482602073004,0.6107754679825029,0.255669705996767
26007,GOF,0.013072957378282908,0.54610024572876,0.44082679689295695
26008,GOF,0.009084429638503156,0.5234264224609517,0.467489147900545
26009,GOF,0.023316866076983016,0.7267721154600525,0.2499110184629645
26010,GOF,0.00933859209726948,0.6268242731977173,0.3638371347050133
26011,LOF,0.00530961347319595,0.4036514013470289,0.5910389851797752
26012,GOF,0.0054690779673469804,0.5794257083926027,0.4151052136400503
26013,LOF,0.00621492873039774,0.452709822851188,0.5410752484184141
26014,Neutral,0.7793013987194574,0.010306337488073188,0.21039226379246956
26015,Neutral,0.48118355917492356,0.09172177244353635,0.42709466838154
26016,LOF,0.19945658000224112,0.13266717861422958,0.6678762413835293
26017,LOF,0.03594847711060518,0.31820687240069256,0.6458446504887023
26018,LOF,0.03727350983756888,0.3801718180093834,0.5825546721530477
26019,LOF,0.03841943003816945,0.23949525712213393,0.7220853128396966
26020,LOF,0.007495794723049672,0.19970724645835297,0.7927969588185974
26021,LOF,0.05988188600767092,0.17990271539147393,0.7602153986008551
26022,LOF,0.07983476144917902,0.08303285172260275,0.8371323868282181
26023,LOF,0.03336774008758776,0.1736658357412474,0.7929664241711648
26024,LOF,0.053748150429076484,0.13459874030497548,0.811653109265948
26025,LOF,0.09565769316833164,0.24118630477093403,0.6631560020607343
26026,LOF,0.08048966284479929,0.20942991184666304,0.7100804253085377
26027,LOF,0.06619972126066284,0.1270789542841652,0.806721324455172
26028,LOF,0.0395589374306934,0.35162712751408043,0.6088139350552262
26029,LOF,0.03945474961274067,0.4188072790580779,0.5417379713291814
26030,LOF,0.2876862549457265,0.059621862055482824,0.6526918829987907
26031,LOF,0.0137748579215816,0.44768629514095687,0.5385388469374616
26032,LOF,0.07724878041643375,0.07302147822111152,0.8497297413624546
26033,LOF,0.07263446504314419,0.10695028303954031,0.8204152519173155
26034,LOF,0.01939554567094426,0.27471590662648265,0.7058885477025731
26035,LOF,0.014285335816285431,0.35277628695990043,0.6329383772238141
26036,LOF,0.012222901498762744,0.22357823804185334,0.7641988604593839
26037,LOF,0.012194801166530087,0.241750568221295,0.7460546306121749
26038,LOF,0.05224231285887263,0.08098601384280248,0.8667716732983249
26039,LOF,0.04552287776357259,0.27677204879258227,0.6777050734438452
26040,LOF,0.04603653890958875,0.1464316775021618,0.8075317835882495
26041,LOF,0.014320017187587705,0.2826172152649199,0.7030627675474924
26042,LOF,0.012732940736626208,0.3056142910378552,0.6816527682255187
26043,LOF,0.045437160451975725,0.2055829598018123,0.7489798797462119
26044,LOF,0.014868137849379152,0.2306866349242565,0.7544452272263643
26045,GOF,0.06659085348212956,0.5764646165725578,0.3569445299453126
26046,LOF,0.04057265640748987,0.23031777813020454,0.7291095654623055
26047,LOF,0.09680716563231526,0.11187615066619733,0.7913166837014874
26048,LOF,0.11908178705458976,0.09985976463918755,0.7810584483062226
26049,Neutral,0.8743543647348024,0.04032975963825242,0.08531587562694515
26050,Neutral,0.8595457537627831,0.03587047534433206,0.10458377089288473
26051,GOF,0.010992300796848969,0.602109491919781,0.38689820728337004
26052,LOF,0.011862837444032484,0.46959303566164323,0.5185441268943243
26053,LOF,0.047985016875425106,0.025046661653137615,0.9269683214714373
26054,Neutral,0.787869746656849,0.038021711221298986,0.17410854212185195
26055,LOF,0.1132739188504245,0.14072692537907724,0.7459991557704984
26056,LOF,0.11486785026387082,0.1492422008590639,0.7358899488770653
26057,LOF,0.07986589718172933,0.034021708187752873,0.8861123946305179
26058,LOF,0.09555288786962828,0.02738082819765324,0.8770662839327185
26059,Neutral,0.8866644810494175,0.0442102140042401,0.06912530494634234
26060,LOF,0.01924831110039106,0.33889125273051784,0.6418604361690912
26061,LOF,0.029435919940808273,0.02251188129191416,0.9480521987672776
26062,LOF,0.015042228900216793,0.07020005089484455,0.9147577202049387
26063,LOF,0.06645803164264143,0.038222896253942214,0.8953190721034163
26064,LOF,0.027637773875457447,0.03222145271782491,0.9401407734067176
26065,LOF,0.049925427619460054,0.05242262174399642,0.8976519506365436
26066,LOF,0.08100985508689387,0.05073824371992248,0.8682519011931837
26067,LOF,0.08826418482768668,0.05295574312677894,0.8587800720455345
26068,Neutral,0.7858695791321042,0.043471852521212634,0.17065856834668325
26069,LOF,0.1070209708885575,0.13135358710604847,0.7616254420053941
26070,LOF,0.14835903500790776,0.11323885887797348,0.7384021061141188
26071,LOF,0.0664148896817085,0.04810257313317577,0.8854825371851157
26072,LOF,0.019180199915917493,0.027416873998698084,0.9534029260853845
26073,LOF,0.08332248154822428,0.032725283814696096,0.8839522346370796
26074,Neutral,0.8767017132710478,0.03164004746987308,0.09165823925907912
26075,LOF,0.11412747987438072,0.1455525973930276,0.7403199227325917
26076,LOF,0.08862860572083925,0.07655948101279389,0.8348119132663668
26077,LOF,0.18531025011372793,0.0647264184524177,0.7499633314338543
26078,LOF,0.014898255424272427,0.05350829261872126,0.9315934519570063
26079,Neutral,0.7952967946394074,0.042712794701283995,0.16199041065930875
26080,Neutral,0.7952967946394074,0.042712794701283995,0.16199041065930875
26081,LOF,0.0625134701115053,0.036257518142117015,0.9012290117463777
26082,LOF,0.016538590333398717,0.06208059078103631,0.921380818885565
26083,LOF,0.07832783839455082,0.11873115290270436,0.8029410087027449
26084,LOF,0.08176002937459606,0.06789305606847426,0.8503469145569297
26085,LOF,0.06775113019324767,0.057932857281241576,0.8743160125255107
26086,LOF,0.05109985440740696,0.07004079863603585,0.8788593469565572
26087,LOF,0.08755802960778827,0.07165347405915647,0.8407884963330552
26088,LOF,0.01591479332905194,0.12392181878349849,0.8601633878874495
26089,LOF,0.08409121536494266,0.2134498248025827,0.7024589598324745
26090,LOF,0.10079562225577073,0.19709540539931192,0.7021089723449174
26091,LOF,0.06336304642767235,0.05923954490131427,0.8773974086710135
26092,LOF,0.057150056778373245,0.03564783540298502,0.9072021078186417
26093,LOF,0.09196754098557952,0.030343053769988235,0.8776894052444323
26094,LOF,0.06889149648068467,0.05308815111865254,0.8780203524006628
26095,LOF,0.039615146797283576,0.0418241566266744,0.918560696576042
26096,LOF,0.31238438420294207,0.009532981592369651,0.6780826342046883
26097,LOF,0.01506877190087767,0.04848572299582379,0.9364455051032985
26098,Neutral,0.7853026886668518,0.03798960703921519,0.17670770429393293
26099,LOF,0.04751541992326726,0.08007865109986044,0.8724059289768722
26100,LOF,0.04751541992326726,0.08007865109986044,0.8724059289768722
26101,LOF,0.0569430063930629,0.11251578908892099,0.830541204518016
26102,LOF,0.06273098524874804,0.04088055957216719,0.8963884551790848
26103,Neutral,0.5277269898851376,0.1164987075867988,0.3557743025280636
26104,Neutral,0.8022707945494143,0.04652152371107719,0.15120768173950855
26105,LOF,0.2549499227988738,0.1935644105569878,0.5514856666441383
26106,LOF,0.2897705046176979,0.2382596382433127,0.4719698571389894
26107,LOF,0.008511078708077453,0.37272462049754507,0.6187643007943775
26108,LOF,0.11617931819930986,0.2584914970321564,0.6253291847685337
26109,LOF,0.09314924949494409,0.06395709404288134,0.8428936564621746
26110,Neutral,0.7912049574675906,0.08357943414229528,0.12521560839011414
26111,LOF,0.03345030074537367,0.24627789486579355,0.7202718043888328
26112,LOF,0.07071669933499468,0.0599485073149181,0.8693347933500873
26113,LOF,0.059443471957477664,0.0764164463262723,0.86414008171625
26114,LOF,0.11861186480460148,0.05470367470031334,0.8266844604950851
26115,LOF,0.009757916504419274,0.4504090723848615,0.5398330111107191
26116,LOF,0.1032539541463441,0.14666937784316508,0.7500766680104908
26117,Neutral,0.48079909684144206,0.09019724434860352,0.4290036588099545
26118,LOF,0.06276394680462641,0.03756843990577472,0.8996676132895989
26119,LOF,0.006157489331526179,0.09602820586193793,0.8978143048065359
26120,LOF,0.07163316542074828,0.02754139548023011,0.9008254390990217
26121,LOF,0.005316548483617634,0.1944975155395228,0.8001859359768596
26122,LOF,0.00459496944581362,0.21393931226182492,0.7814657182923614
