feature0,prediction,LoGoFunc_Neutral,LoGoFunc_GOF,LoGoFunc_LOF
25546,Neutral,0.7300633742677685,0.03332650520527528,0.23661012052695626
25547,Neutral,0.5839151562411211,0.06764793011276221,0.34843691364611673
25548,Neutral,0.5940195853948776,0.04977795731194378,0.3562024572931785
25549,Neutral,0.5112035423473642,0.04885944605498148,0.4399370115976543
25550,LOF,0.3502526003365794,0.10209901408947566,0.5476483855739449
25551,LOF,0.30207977372754796,0.11176484989560953,0.5861553763768426
25552,LOF,0.22172785309317888,0.1048205593598855,0.6734515875469356
25553,Neutral,0.8424282264140039,0.028403314887051816,0.1291684586989442
25554,LOF,0.2540355232384542,0.1009312741360854,0.6450332026254605
25555,LOF,0.21026775237843753,0.08700211441806627,0.7027301332034962
25556,LOF,0.42353433169694316,0.08813191068743952,0.48833375761561737
25557,LOF,0.20193323676131036,0.09329939597968374,0.7047673672590058
25558,LOF,0.24494674594764132,0.10293594076465028,0.6521173132877084
25559,LOF,0.3394240058579253,0.1577930079480107,0.502782986194064
25560,LOF,0.046035866669549834,0.1517158144085508,0.8022483189218993
25561,LOF,0.09405601332051046,0.1636671725527986,0.7422768141266909
25562,LOF,0.10219696590465067,0.05414878805362364,0.8436542460417256
25563,LOF,0.09166970833580627,0.07505472424278897,0.8332755674214047
25564,LOF,0.18023822956959398,0.126427348607687,0.693334421822719
25565,LOF,0.15367094307178913,0.10104367715273548,0.7452853797754754
25566,GOF,0.01829685123150516,0.7863206521344442,0.19538249663405063
25567,LOF,0.014469513492061124,0.15142076322951908,0.8341097232784198
25568,LOF,0.05223134660093397,0.062398290232458256,0.8853703631666078
25569,LOF,0.062380114843216,0.05803977947956754,0.8795801056772163
25570,LOF,0.061067655231426494,0.09562536349164275,0.8433069812769307
25571,LOF,0.056208507533900914,0.0900943882411972,0.8536971042249019
25572,LOF,0.07092136166640449,0.11698238706395447,0.8120962512696411
25573,LOF,0.027544283289630336,0.0790743693413354,0.8933813473690343
25574,LOF,0.016922677085137935,0.12879297294620246,0.8542843499686595
25575,LOF,0.04490798072721411,0.10343818451424115,0.8516538347585447
25576,LOF,0.018715595324119726,0.119018951991577,0.8622654526843033
25577,LOF,0.015028447794608287,0.12106479567537323,0.8639067565300185
25578,LOF,0.24925180160022525,0.07585193427864574,0.674896264121129
25579,LOF,0.24993813387514857,0.07498527007153151,0.6750765960533199
25580,LOF,0.032637652269893465,0.07457707775362617,0.8927852699764803
25581,LOF,0.05479048151846464,0.060406033498559907,0.8848034849829756
25582,LOF,0.054645811979620186,0.05871494291541785,0.8866392451049621
25583,LOF,0.04238801625561849,0.08366216519116433,0.8739498185532172
25584,Neutral,0.48006233644863655,0.10422967028791034,0.41570799326345315
25585,LOF,0.035964931297088,0.10728391538312292,0.8567511533197891
25586,LOF,0.031737264283192096,0.0756043038540486,0.8926584318627593
25587,LOF,0.03049275636585792,0.06982428667866085,0.8996829569554813
25588,LOF,0.030697865976092645,0.08684965474739353,0.8824524792765138
25589,Neutral,0.6138304870617003,0.12614256428097853,0.2600269486573212
25590,LOF,0.02958758042471441,0.12478198587448053,0.8456304337008052
25591,LOF,0.10795680301812496,0.05388720617775463,0.8381559908041204
25592,LOF,0.08908528592412472,0.12812161334410888,0.7827931007317663
25593,LOF,0.022385694115574867,0.23595791324088455,0.7416563926435406
25594,LOF,0.045524844969432356,0.20528208900932907,0.7491930660212386
25595,LOF,0.05019500507954806,0.15177398888763638,0.7980310060328155
25596,LOF,0.05998948336553903,0.0842055715823848,0.8558049450520762
25597,LOF,0.04736225495091304,0.08957319483916627,0.8630645502099207
25598,LOF,0.04864595634788468,0.14481175148320033,0.8065422921689149
25599,GOF,0.008638405364879975,0.6872683384802535,0.30409325615486654
25600,GOF,0.012651038344561506,0.5859562460351665,0.401392715620272
25601,LOF,0.006630627529766258,0.46404032262426603,0.5293290498459677
25602,LOF,0.02898505725749651,0.04074870177402555,0.9302662409684779
25603,LOF,0.058147268889562086,0.030758986228386617,0.9110937448820512
25604,LOF,0.06261768504823673,0.027464463585173574,0.9099178513665898
25605,LOF,0.016387000311894863,0.1704399958143361,0.813173003873769
25606,LOF,0.12278565463706137,0.4021493670489553,0.4750649783139833
25607,LOF,0.006751642958690362,0.17268772888862804,0.8205606281526816
25608,LOF,0.0674292344076403,0.0500753084006622,0.8824954571916975
25609,LOF,0.035878260075709933,0.39277788148870657,0.5713438584355836
25610,LOF,0.039419936386708584,0.022761592606481966,0.9378184710068094
25611,LOF,0.03963969779768817,0.022208827077415807,0.938151475124896
25612,LOF,0.10139088819770027,0.02802664664233677,0.870582465159963
25613,LOF,0.08333939961867211,0.0288336951437536,0.8878269052375742
25614,LOF,0.028465312954983994,0.02958622252290285,0.9419484645221131
25615,LOF,0.05826916241445994,0.027068675988472148,0.9146621615970678
25616,LOF,0.030215434144756952,0.026586547421690688,0.9431980184335524
25617,LOF,0.03026812294325153,0.02904295181213141,0.940688925244617
25618,LOF,0.1640869845726495,0.025492607724851853,0.8104204077024986
25619,LOF,0.028796285725038843,0.026728768299170452,0.9444749459757907
25620,LOF,0.029966185923406084,0.03447237363020097,0.9355614404463929
25621,LOF,0.03268710503675655,0.0233920321116258,0.9439208628516177
25622,LOF,0.03770965018911163,0.026759206506993462,0.935531143303895
25623,LOF,0.06987254607029562,0.022482335345333025,0.9076451185843714
25624,LOF,0.025776834280548028,0.03285263848658975,0.9413705272328622
25625,LOF,0.03967344813366232,0.03349443388248609,0.9268321179838517
25626,LOF,0.08909617967532853,0.02330651735357512,0.8875973029710964
25627,Neutral,0.5377687626714114,0.1408236295354877,0.32140760779310085
25628,LOF,0.15583613438025382,0.0694287474110514,0.7747351182086948
25629,LOF,0.0751550654065101,0.08358457197857047,0.8412603626149193
25630,LOF,0.15110968789344398,0.1087669495877545,0.7401233625188015
25631,Neutral,0.5332050160885722,0.09724018966910836,0.3695547942423195
25632,LOF,0.022510773117558367,0.0601970970934375,0.9172921297890042
25633,LOF,0.22502118637760304,0.06238481598597415,0.7125939976364228
25634,LOF,0.033068044126204586,0.10263508097443252,0.8642968748993628
25635,LOF,0.03494928292837546,0.06974960697035229,0.8953011101012722
25636,GOF,0.00497094435394129,0.6479451965427984,0.34708385910326034
25637,GOF,0.005037652421371646,0.5994713897266164,0.39549095785201194
25638,LOF,0.010092953934173799,0.38895612440940475,0.6009509216564214
25639,LOF,0.00460556952767056,0.4738325825262434,0.5215618479460862
25640,Neutral,0.5018154882263399,0.42575141800550165,0.07243309376815849
25641,LOF,0.008584843591568874,0.3411632793083909,0.6502518771000402
25642,LOF,0.2515409142434792,0.07182646338908237,0.6766326223674384
25643,LOF,0.24450022750955028,0.13957660329480445,0.6159231691956453
25644,GOF,0.017363435469928745,0.5965427789852429,0.38609378554482826
25645,GOF,0.01697102365080194,0.5919399825535515,0.39108899379564666
25646,LOF,0.01886241993891694,0.36713163598947707,0.6140059440716061
25647,LOF,0.01724658408326193,0.2894247708012056,0.6933286451155325
25648,LOF,0.015469263943009128,0.31767104316990874,0.6668596928870821
25649,LOF,0.01370055851004429,0.22050878204343954,0.7657906594465161
25650,GOF,0.037197091829550596,0.5610394490392105,0.4017634591312388
25651,LOF,0.011620871146841476,0.32077559699926106,0.6676035318538974
25652,LOF,0.019068610328601524,0.2680776630898924,0.7128537265815061
25653,LOF,0.08113497063833536,0.4482096088527727,0.4706554205088919
25654,LOF,0.017941949585949607,0.18172123180449085,0.8003368186095595
25655,LOF,0.12681127851529606,0.4264665346725258,0.4467221868121782
25656,LOF,0.06601769439683935,0.06948939640475871,0.8644929091984019
25657,LOF,0.27086491102187266,0.029103562507617843,0.7000315264705095
25658,LOF,0.04569433194718907,0.0823833315938298,0.8719223364589812
25659,LOF,0.2694493361523417,0.060650434151573,0.6699002296960853
25660,LOF,0.07632334306599332,0.09433230588726223,0.8293443510467445
25661,LOF,0.04854218177265464,0.07034544354438013,0.8811123746829652
25662,LOF,0.029299805080226435,0.043474243970866744,0.9272259509489068
25663,LOF,0.040094233582979776,0.06763189848106808,0.8922738679359522
25664,LOF,0.042146061408482205,0.07360806577013457,0.8842458728213832
25665,LOF,0.05638785104923193,0.04493433286164163,0.8986778160891264
25666,LOF,0.04248750195513549,0.11934380734259695,0.8381686907022674
25667,LOF,0.02927155013120756,0.05295061109789095,0.9177778387709016
25668,LOF,0.03355783904737662,0.056380878336677966,0.9100612826159454
25669,LOF,0.03739660648794296,0.08579976663282948,0.8768036268792275
25670,LOF,0.15217134216727937,0.05670799978423876,0.7911206580484819
25671,LOF,0.03788648251197245,0.045980338328477796,0.9161331791595498
25672,LOF,0.05522963774275767,0.06731634384688036,0.877454018410362
25673,LOF,0.04544935037652869,0.05888142826295582,0.8956692213605154
25674,LOF,0.03498995563293877,0.06629930631906147,0.8987107380479997
25675,LOF,0.04516884830879412,0.05265415342619479,0.9021769982650112
25676,LOF,0.03131001556698935,0.05500048192613181,0.9136895025068789
25677,LOF,0.05849678172085243,0.06334693992944321,0.8781562783497043
25678,LOF,0.2528580558755809,0.05019895975895645,0.6969429843654625
25679,LOF,0.16547922986796346,0.06119065340575522,0.7733301167262814
25680,LOF,0.06309109015899839,0.08991238453330111,0.8469965253077004
25681,LOF,0.10571734090803087,0.08484641982564514,0.809436239266324
25682,LOF,0.043516687584673024,0.07399382028783072,0.8824894921274962
25683,LOF,0.07802626501559655,0.09015383804215447,0.831819896942249
25684,LOF,0.05090723381095303,0.07810371801789313,0.8709890481711539
25685,LOF,0.11491247181020751,0.03547360275727193,0.8496139254325207
25686,LOF,0.0342229617375403,0.10034456001453264,0.8654324782479271
25687,LOF,0.05488730320978673,0.08064356945405532,0.864469127336158
25688,LOF,0.028710947201651564,0.09480869451799173,0.8764803582803566
25689,LOF,0.01938240408333727,0.08048817921233435,0.9001294167043284
25690,LOF,0.019106276275884362,0.08440078188820536,0.8964929418359103
25691,LOF,0.146211453830321,0.11587531618879934,0.7379132299808796
25692,LOF,0.2528418472599895,0.017652733947924854,0.7295054187920856
25693,LOF,0.05991499449893161,0.1394901167890768,0.8005948887119915
25694,LOF,0.27493340162839247,0.012131633152326049,0.7129349652192813
25695,LOF,0.17494538169557908,0.01715317978518506,0.8079014385192359
25696,LOF,0.1631233846306467,0.010169954924177238,0.826706660445176
25697,LOF,0.14119726026776674,0.025554568787131818,0.8332481709451014
25698,LOF,0.030719305616916954,0.3824792178492067,0.5868014765338765
25699,LOF,0.0803230666805149,0.06039955262250656,0.8592773806969786
25700,LOF,0.030937604497234022,0.009923967050624174,0.9591384284521418
25701,LOF,0.012245773552787956,0.06502887708362566,0.9227253493635864
25702,GOF,0.030911524642289443,0.7069102745553832,0.26217820080232723
25703,LOF,0.017682838089070483,0.16677512411657938,0.8155420377943502
25704,LOF,0.08486653598804976,0.1539128876177839,0.7612205763941664
25705,LOF,0.06660107341069132,0.234239729633521,0.6991591969557877
25706,GOF,0.0394550546420953,0.5876833001192623,0.3728616452386423
25707,GOF,0.03196399444293157,0.5077273230337311,0.46030868252333734
25708,LOF,0.007762671528608182,0.4920490400760418,0.50018828839535
25709,LOF,0.017899210424087382,0.07359991030362617,0.9085008792722865
25710,LOF,0.008501576512997516,0.15907775254046083,0.8324206709465417
25711,LOF,0.02058142378209239,0.12748418479164864,0.851934391426259
25712,LOF,0.009706347813889297,0.21981094396305073,0.77048270822306
25713,LOF,0.01836609238116142,0.11243216294669467,0.869201744672144
25714,LOF,0.02044214364223053,0.14449540894014654,0.835062447417623
25715,LOF,0.019272056798715756,0.13138590760986757,0.8493420355914167
25716,LOF,0.013688942803687081,0.1173994018175095,0.8689116553788033
25717,LOF,0.006631687741648668,0.11871276947551442,0.874655542782837
25718,LOF,0.0189340842361689,0.081812924123917,0.899252991639914
25719,LOF,0.0338024951154982,0.09051672025076427,0.8756807846337376
25720,LOF,0.027214474286978048,0.08877445078609712,0.8840110749269249
25721,LOF,0.022794311655461384,0.09962333957800137,0.8775823487665372
25722,LOF,0.0159235836656641,0.1328926317817174,0.8511837845526186
25723,LOF,0.02078934405917232,0.08244765846002367,0.896762997480804
25724,LOF,0.027136218441126476,0.14467372641450427,0.8281900551443693
25725,LOF,0.020579933857210003,0.07522774065832571,0.9041923254844644
25726,LOF,0.015303619527612883,0.10646603266137541,0.8782303478110118
25727,LOF,0.02091656777060438,0.0937818052814254,0.8853016269479702
25728,LOF,0.019471744584632533,0.10113873581805151,0.879389519597316
25729,LOF,0.018624038878342943,0.11284459363608344,0.8685313674855737
25730,LOF,0.020206295246119763,0.08702421088089216,0.892769493872988
25731,LOF,0.012099290108346449,0.16871698025576998,0.8191837296358836
25732,LOF,0.017950051159595765,0.1078648555827422,0.874185093257662
25733,LOF,0.026465993569151237,0.09797319935348912,0.8755608070773596
25734,LOF,0.0074128214530873125,0.2044707348622836,0.788116443684629
25735,LOF,0.02140016519213865,0.08067688712447625,0.8979229476833851
25736,LOF,0.02008848373200199,0.12755123040107974,0.8523602858669184
25737,LOF,0.037939387926757724,0.11373317610138857,0.8483274359718538
25738,LOF,0.020165528053801996,0.1569362095699475,0.8228982623762504
25739,LOF,0.02193905726556468,0.1348728987094976,0.8431880440249377
25740,LOF,0.048437343425632065,0.15087538492839292,0.8006872716459751
25741,LOF,0.026051717283495562,0.12693485192261791,0.8470134307938866
25742,LOF,0.0443200396385979,0.13230357985452876,0.8233763805068733
25743,LOF,0.013834758270003309,0.03140821844786339,0.9547570232821333
25744,LOF,0.1523517090798947,0.36291320321992815,0.48473508770017704
25745,LOF,0.034297820425495014,0.06414688627646438,0.9015552932980406
25746,LOF,0.014219037823396102,0.08653531140381426,0.8992456507727896
25747,LOF,0.029408961237506356,0.028925890686328715,0.941665148076165
25748,LOF,0.2458726662505643,0.055465957254911595,0.6986613764945241
25749,LOF,0.013808371977173993,0.05368826539086473,0.9325033626319612
25750,LOF,0.01816667696482811,0.08640422349947861,0.8954290995356934
25751,LOF,0.03834269555094435,0.05375846283091478,0.9078988416181409
25752,GOF,0.09425043057901374,0.6738358473446661,0.23191372207632033
25753,LOF,0.0072596178514571985,0.362723785409484,0.6300165967390589
25754,GOF,0.007555181440440678,0.8544597200804815,0.13798509847907775
25755,LOF,0.007806064231419298,0.4296026858286383,0.5625912499399424
25756,LOF,0.05098597193152186,0.4430804700255708,0.5059335580429073
25757,GOF,0.007865141597820745,0.8601640252709098,0.13197083313126942
25758,GOF,0.009750567817692636,0.8670202740805817,0.12322915810172559
25759,GOF,0.005808644216055549,0.5724801676548862,0.42171118812905833
25760,LOF,0.005807174366511008,0.29853902771925545,0.6956537979142337
25761,GOF,0.05689275406137216,0.8313445922839166,0.11176265365471134
25762,LOF,0.027674056954282437,0.36809456241297306,0.6042313806327445
25763,LOF,0.006740258973092569,0.26331339284182054,0.7299463481850869
25764,GOF,0.07035067925474056,0.5713651525203818,0.35828416822487763
25765,GOF,0.008884388121502624,0.8454950819862116,0.14562052989228594
25766,GOF,0.040372330593735455,0.8090783906467259,0.15054927875953847
25767,GOF,0.010914899291766568,0.5367823374537567,0.45230276325447677
25768,LOF,0.03487011143121934,0.07417838742277003,0.8909515011460105
25769,LOF,0.023429150751929948,0.08897793296137588,0.8875929162866941
25770,LOF,0.17637433294201796,0.07100262638131531,0.7526230406766667
25771,LOF,0.015809195425809417,0.07010349362336997,0.9140873109508207
25772,LOF,0.022818761875735085,0.03600601512779097,0.9411752229964739
25773,LOF,0.020408580169610755,0.06630033481546749,0.9132910850149218
25774,LOF,0.029702288572985975,0.10771285456714731,0.8625848568598667
25775,LOF,0.023429129160677374,0.044477042172970147,0.9320938286663525
25776,LOF,0.02408867795180293,0.034326807585782465,0.9415845144624146
25777,LOF,0.26603959217094214,0.08001261863749971,0.6539477891915582
25778,LOF,0.019063477722500437,0.06257180559412592,0.9183647166833737
25779,GOF,0.034036616931464043,0.895891520029296,0.07007186303924007
25780,GOF,0.06960196785292534,0.8824012853981607,0.04799674674891411
25781,GOF,0.03162989883056073,0.8828564513949918,0.08551364977444742
25782,GOF,0.030299814055283713,0.9059716310121414,0.06372855493257483
25783,GOF,0.027979116058791244,0.8397061096299724,0.13231477431123623
25784,GOF,0.08142869219007227,0.8755140901976908,0.04305721761223706
25785,GOF,0.06758317543163644,0.8920964663970418,0.04032035817132172
25786,GOF,0.008380330944365738,0.8616021895760598,0.13001747947957443
25787,GOF,0.16408568793252476,0.7927245862051518,0.04318972586232346
25788,LOF,0.014541032742909776,0.2071417404798801,0.7783172267772102
25789,GOF,0.0164212987794743,0.8761841678052843,0.10739453341524152
25790,GOF,0.016498644985025592,0.8743567461073266,0.10914460890764767
25791,GOF,0.01874051197813601,0.8431953418530751,0.13806414616878895
25792,GOF,0.0217368576819749,0.8502296667800557,0.12803347553796932
25793,GOF,0.05251534362966821,0.8305367193134577,0.11694793705687408
25794,GOF,0.04785442825612905,0.7678169624579371,0.1843286092859338
25795,GOF,0.045879064151527406,0.784526959095247,0.1695939767532257
25796,GOF,0.09248048215858373,0.8171824845581154,0.09033703328330102
25797,GOF,0.061039768816468644,0.7837365441555031,0.15522368702802827
25798,GOF,0.00461946168156378,0.7505478796414554,0.24483265867698076
25799,GOF,0.0036005932570583065,0.6186502729872103,0.3777491337557313
25800,GOF,0.020848817780880515,0.8237264601938136,0.15542472202530597
25801,GOF,0.014996786931202422,0.8794947010740377,0.10550851199475969
25802,GOF,0.025043223959616886,0.8444364176238867,0.13052035841649645
25803,GOF,0.016135668849779985,0.7428742811399425,0.24099005001027773
25804,GOF,0.023106031306920308,0.6852217718856356,0.29167219680744416
25805,GOF,0.024787361373782887,0.7492777718269307,0.22593486679928654
25806,GOF,0.022938992948933753,0.8038085648218508,0.17325244222921538
25807,GOF,0.007369774052229951,0.7775787042622746,0.21505152168549557
25808,GOF,0.0156328114526793,0.7873572986256347,0.19700988992168608
25809,GOF,0.008986252872094093,0.7810183168998605,0.20999543022804548
25810,GOF,0.007164911987263916,0.7681861188457917,0.22464896916694446
25811,GOF,0.04249327317966658,0.8838682537729092,0.07363847304742416
25812,GOF,0.025695576113397997,0.8265054457810742,0.14779897810552778
25813,GOF,0.12126717265698596,0.7938548755022938,0.08487795184072022
25814,GOF,0.02651878230872455,0.8065103765654319,0.1669708411258436
25815,GOF,0.05074108029618043,0.8320839290927065,0.11717499061111313
25816,GOF,0.00855257531694211,0.8719154484616962,0.11953197622136179
25817,GOF,0.09626833157709994,0.8197015731759882,0.08403009524691181
25818,GOF,0.021337470707015572,0.836463401586229,0.14219912770675552
25819,GOF,0.0618120886028106,0.7684043224190351,0.16978358897815415
25820,GOF,0.026820855245577042,0.7780214164075743,0.1951577283468487
25821,GOF,0.01963611558749021,0.7842526227950569,0.196111261617453
25822,GOF,0.0365131442727828,0.7782689856316658,0.18521787009555135
25823,GOF,0.02048439216842316,0.6820662852473012,0.2974493225842756
25824,GOF,0.020666774340424954,0.8190633372421983,0.16026988841737672
25825,GOF,0.016784251652767635,0.8104922348482937,0.1727235134989387
25826,GOF,0.007026494152082788,0.7636816560441286,0.22929184980378856
25827,GOF,0.012483064329471886,0.7269054265305673,0.26061150913996073
25828,GOF,0.009276641260483292,0.6998480794333346,0.29087527930618207
25829,GOF,0.003821326214465161,0.7237798285066872,0.2723988452788478
25830,GOF,0.030003753346666683,0.5400460707726807,0.42995017588065254
25831,GOF,0.052649435469387294,0.8120052903915834,0.1353452741390291
25832,GOF,0.007850645938985972,0.7833788220384682,0.20877053202254586
25833,GOF,0.029003109904841628,0.8347986743154631,0.13619821577969524
25834,GOF,0.008851971453019612,0.7941386561028281,0.19700937244415237
25835,GOF,0.02075297887955249,0.855914911161368,0.12333210995907953
25836,GOF,0.006014952807412894,0.7937809681120976,0.2002040790804894
25837,GOF,0.007692888717701542,0.7126244360618758,0.27968267522042267
25838,GOF,0.019663983156983117,0.8434335884365901,0.13690242840642677
25839,GOF,0.03999148603248595,0.8238106068705473,0.13619790709696672
25840,GOF,0.07050309108011542,0.8011908869543592,0.12830602196552535
25841,GOF,0.06871016274850635,0.8265111836375462,0.10477865361394753
25842,GOF,0.023962205577846805,0.9000735296544128,0.07596426476774026
25843,GOF,0.022287554645800668,0.8874439479317519,0.09026849742244748
25844,GOF,0.01568434837890669,0.849382700972991,0.1349329506481024
25845,GOF,0.006027981392698041,0.6717265700293914,0.3222454485779107
25846,GOF,0.059565797837938875,0.8415804600985806,0.09885374206348053
25847,GOF,0.014796804765428138,0.8984704608164571,0.08673273441811488
25848,GOF,0.016826046803427575,0.8619969206380214,0.12117703255855122
25849,GOF,0.006320722638916237,0.7770615511772212,0.21661772618386252
25850,GOF,0.005677645139772026,0.7653080136813603,0.22901434117886782
25851,GOF,0.005117220268390002,0.6563689166727363,0.33851386305887365
25852,GOF,0.13478319661523194,0.6106206688973804,0.25459613448738755
25853,GOF,0.05652668119778821,0.8349043329961945,0.1085689858060172
25854,GOF,0.005762392952328547,0.7442579758828775,0.24997963116479405
25855,GOF,0.021346597589546986,0.7412443597008598,0.23740904270959326
25856,GOF,0.039118694893798565,0.8108296369890128,0.15005166811718865
25857,GOF,0.02313470554049376,0.6770360605243273,0.2998292339351789
25858,GOF,0.009339269065038042,0.692764877727775,0.2978958532071872
25859,GOF,0.007185830648090335,0.6888391923361031,0.30397497701580656
25860,GOF,0.074187246510462,0.823614591875724,0.10219816161381408
25861,GOF,0.07893645044136856,0.8352716999077199,0.08579184965091156
25862,GOF,0.018677665411640686,0.8903310546522656,0.09099127993609361
25863,GOF,0.0199845422785255,0.8849856735943784,0.095029784127096
25864,GOF,0.0534917782579724,0.8973083855556817,0.049199836186345824
25865,GOF,0.03982498666523701,0.8693077056457956,0.0908673076889673
25866,GOF,0.02311878699360554,0.8917666866997961,0.08511452630659845
25867,GOF,0.03679308234529739,0.882883641803988,0.08032327585071457
25868,GOF,0.06081373140225073,0.8388516942962462,0.1003345743015031
25869,GOF,0.3234854647836276,0.6119623976307451,0.06455213758562726
25870,GOF,0.05499636575498487,0.6847254678748126,0.2602781663702025
25871,GOF,0.010465383064155974,0.884852061417471,0.10468255551837302
25872,GOF,0.017096816330239215,0.8711615484733338,0.11174163519642699
25873,GOF,0.01695474581957031,0.8892250675679674,0.0938201866124623
25874,LOF,0.014289839909794353,0.2500150454651742,0.7356951146250315
25875,LOF,0.031042166493999393,0.05067236555575517,0.9182854679502453
25876,LOF,0.01895573160983676,0.0319146899397276,0.9491295784504356
25877,LOF,0.09748966105419529,0.08134578609136518,0.8211645528544395
25878,LOF,0.06964035173473519,0.11903751825035422,0.8113221300149107
25879,LOF,0.017024343550281134,0.08694160206040367,0.896034054389315
25880,LOF,0.056434860182409244,0.012532739936389115,0.9310323998812016
25881,LOF,0.46518532556128367,0.06481470175022687,0.4699999726884895
25882,LOF,0.06320665774853268,0.020750237127220662,0.9160431051242467
25883,LOF,0.027769122209807633,0.026530660969099003,0.9457002168210934
25884,LOF,0.01654376463762893,0.047667623404015695,0.9357886119583553
25885,LOF,0.18550298091552483,0.012310553457999822,0.8021864656264754
25886,LOF,0.2756921996165012,0.05194949786151022,0.6723583025219885
25887,LOF,0.12583032392185298,0.07135023852497649,0.8028194375531705
25888,LOF,0.009144570537197808,0.1266445327479388,0.8642108967148635
25889,LOF,0.024044491713976,0.03481034442266961,0.9411451638633545
25890,LOF,0.16871595285221094,0.08527834028082042,0.7460057068669687
25891,LOF,0.12136812615314083,0.027377855304758256,0.851254018542101
25892,LOF,0.009776293981502288,0.03377203314002448,0.9564516728784731
25893,LOF,0.36499758638405105,0.009511507775783634,0.6254909058401653
25894,LOF,0.41582599639969153,0.006402789071728627,0.5777712145285799
25895,LOF,0.3604665194585479,0.01343838628649709,0.6260950942549551
25896,LOF,0.07201383481891524,0.02256301638525419,0.9054231487958305
25897,LOF,0.16080844189327262,0.008825196889863307,0.830366361216864
25898,LOF,0.13873695059652083,0.030453928941492403,0.8308091204619867
25899,LOF,0.42405691491725145,0.02379322556902591,0.5521498595137226
25900,Neutral,0.5152585277247155,0.007564048238119429,0.47717742403716507
25901,LOF,0.06193021559092813,0.009613770932645397,0.9284560134764265
25902,LOF,0.1718292114546663,0.011067515744578258,0.8171032728007555
25903,LOF,0.35278200892136985,0.024873321807302506,0.6223446692713276
25904,Neutral,0.5308418792884313,0.0301603334267649,0.43899778728480376
25905,GOF,0.006601297596069623,0.5053994807747106,0.48799922162921966
25906,LOF,0.0073763224772673075,0.10856783131367452,0.8840558462090581
25907,LOF,0.006385621128497116,0.39875158888081585,0.5948627899906871
25908,LOF,0.006118624466651112,0.27784746238370267,0.7160339131496462
25909,LOF,0.02524274959380006,0.1640345343678151,0.8107227160383847
25910,LOF,0.011602566975096242,0.13641165849720974,0.8519857745276941
25911,LOF,0.22316695827084626,0.05819702939896234,0.7186360123301914
25912,LOF,0.11077203239982694,0.03358911575306912,0.855638851847104
25913,LOF,0.028347222908613245,0.07116442890336899,0.9004883481880177
25914,LOF,0.037341461266959676,0.03741335288330729,0.9252451858497329
25915,LOF,0.18838486519537376,0.13853459359401296,0.6730805412106132
25916,LOF,0.029832846923182884,0.08926862712284311,0.880898525953974
25917,LOF,0.0700246411944202,0.03166251549245528,0.8983128433131247
25918,LOF,0.042561581864550536,0.02311871030080271,0.9343197078346467
25919,LOF,0.03976412573351604,0.02204264545338844,0.9381932288130954
25920,Neutral,0.3821697913451396,0.243065980344878,0.37476422830998235
25921,LOF,0.015688310941120668,0.04492033557298126,0.939391353485898
25922,LOF,0.01872536315616312,0.043164950377033086,0.9381096864668038
25923,LOF,0.42089306737023396,0.037526954788017604,0.5415799778417484
25924,LOF,0.0266071119492761,0.05593452327097722,0.9174583647797467
25925,LOF,0.08741157717052711,0.05318622892988126,0.8594021938995917
25926,LOF,0.06891620754520646,0.05033607491643349,0.88074771753836
25927,LOF,0.020260227719842136,0.07327209069966847,0.9064676815804894
25928,LOF,0.011139664540225356,0.061275024401332395,0.9275853110584423
25929,Neutral,0.5553108690160622,0.03510267097156053,0.4095864600123772
25930,LOF,0.07993913508201589,0.035927987770145796,0.8841328771478384
25931,LOF,0.014384728329332323,0.04659662045065318,0.9390186512200145
25932,LOF,0.05724922026200022,0.0429881632800701,0.8997626164579298
25933,LOF,0.05885362823294038,0.023479981815054556,0.9176663899520051
25934,LOF,0.05408406460044641,0.02281434005302276,0.9231015953465307
25935,LOF,0.07945795228181347,0.0652006627852728,0.8553413849329137
25936,LOF,0.0981428713023334,0.023596651132487302,0.8782604775651793
25937,LOF,0.01931623197273292,0.03258423139167642,0.9480995366355907
25938,LOF,0.07616196370263922,0.05524091197396789,0.868597124323393
25939,LOF,0.044025206754501875,0.03255168705699506,0.9234231061885031
25940,LOF,0.009778678287518555,0.37346995369725766,0.6167513680152237
25941,Neutral,0.4938231325250971,0.047481457513736565,0.45869540996116626
25942,LOF,0.01069363776822875,0.061688885005779,0.9276174772259922
25943,LOF,0.04210502339032455,0.1843523028247394,0.773542673784936
25944,LOF,0.04142278595546168,0.0860848237637271,0.8724923902808113
25945,LOF,0.11675563806479347,0.033021422564448226,0.8502229393707583
25946,LOF,0.06787214898389433,0.04119539010954186,0.8909324609065639
25947,Neutral,0.5382596874084891,0.10141875715682237,0.36032155543468847
25948,LOF,0.40033431145700527,0.018154485508690105,0.5815112030343046
25949,LOF,0.15571498883497745,0.07416446684886915,0.7701205443161535
25950,GOF,0.06385932809405265,0.6075972145507809,0.3285434573551665
25951,LOF,0.015142200667743112,0.42906470080429865,0.5557930985279582
25952,LOF,0.22409481915360063,0.30237607787232396,0.4735291029740753
25953,LOF,0.008338394051422924,0.1708180532921744,0.8208435526564027
25954,LOF,0.057961951924305304,0.4122677930242495,0.5297702550514453
25955,LOF,0.007106197714007839,0.1711841818115309,0.8217096204744613
25956,LOF,0.014955498939335286,0.24827171635647113,0.7367727847041936
25957,LOF,0.15821900033289907,0.03003892382851294,0.811742075838588
25958,LOF,0.033553726809690154,0.06251668668581206,0.9039295865044978
25959,GOF,0.007392477975652613,0.6331169686450646,0.3594905533792827
25960,LOF,0.005021774033742254,0.10402311002365293,0.8909551159426048
25961,LOF,0.03084796914159769,0.05124954165921721,0.917902489199185
25962,LOF,0.04898195073644356,0.06800379193537387,0.8830142573281826
25963,LOF,0.006496939736399838,0.16835554164549585,0.8251475186181043
25964,LOF,0.0273607474898408,0.11019959871625225,0.8624396537939071
25965,LOF,0.27985121863273527,0.12249269115358896,0.5976560902136757
25966,LOF,0.39426783617636135,0.11987239626630708,0.48585976755733157
25967,LOF,0.007895692628916406,0.08061646351587866,0.911487843855205
25968,LOF,0.037582168055049936,0.26324856988968154,0.6991692620552685
25969,LOF,0.1536697072820813,0.0508686332581589,0.7954616594597598
25970,LOF,0.06669345066398773,0.07245573638200974,0.8608508129540026
25971,LOF,0.07890673833004264,0.03519434564815157,0.8858989160218057
25972,LOF,0.07273801005004932,0.05974881748494337,0.8675131724650074
25973,LOF,0.06445492489307579,0.009714547763477807,0.9258305273434463
25974,LOF,0.04145725968105694,0.04226649022416337,0.9162762500947796
25975,LOF,0.04343583128997935,0.019915932075673694,0.9366482366343469
25976,LOF,0.08257810450243878,0.01080204046443649,0.9066198550331247
25977,LOF,0.23416599302585014,0.061607894105789957,0.7042261128683599
25978,LOF,0.17424956775714628,0.13399356799647094,0.6917568642463827
25979,LOF,0.1447138652237733,0.14866126675025898,0.7066248680259677
25980,LOF,0.23413755781850382,0.18602394104785813,0.5798385011336381
25981,LOF,0.23513554232284511,0.18818377420929963,0.5766806834678553
25982,LOF,0.4486647747626105,0.10176582013622677,0.4495694051011628
25983,Neutral,0.4470485758692821,0.13595522028038592,0.416996203850332
25984,LOF,0.038962410286209594,0.09394773116319385,0.8670898585505965
25985,Neutral,0.4419580689049578,0.14591275431897338,0.4121291767760688
25986,LOF,0.011440000877612903,0.44286482739184013,0.5456951717305469
25987,LOF,0.04039264153551889,0.10283070528337476,0.8567766531811063
25988,LOF,0.03870968441379644,0.15419344301686005,0.8070968725693435
25989,LOF,0.04190887399851178,0.19341799743917423,0.764673128562314
25990,LOF,0.03877696208898608,0.31437036192447426,0.6468526759865396
25991,GOF,0.021753400228760926,0.4998593541107016,0.4783872456605375
25992,LOF,0.015018061739124027,0.4629749639793389,0.5220069742815371
25993,LOF,0.026398366366909034,0.0832499323238179,0.890351701309273
25994,LOF,0.024264905042227156,0.0771892436802626,0.8985458512775102
25995,LOF,0.019995917837232948,0.13396836081541338,0.8460357213473536
25996,GOF,0.37293523195609973,0.40303295366208336,0.22403181438181688
25997,LOF,0.06674292414184382,0.4641720048353315,0.46908507102282465
25998,LOF,0.24311333088990336,0.04778871703442749,0.7090979520756692
25999,LOF,0.038282996598984,0.14992436768782105,0.8117926357131949
26000,LOF,0.1483161792024607,0.022211931204648715,0.8294718895928905
26001,LOF,0.26146512463642885,0.028974530248461344,0.7095603451151098
26002,LOF,0.11174397200153066,0.03610900749918702,0.8521470204992823
26003,GOF,0.007395947673491183,0.6915359154150362,0.30106813691147255
26004,GOF,0.016415600914772923,0.6725801312318408,0.31100426785338625
26005,GOF,0.005734482744507879,0.5050170952746573,0.4892484219808347
26006,GOF,0.11195701184481294,0.5387723418018423,0.34927064635334465
26007,GOF,0.011594271193722982,0.5378959412644897,0.45050978754178733
26008,GOF,0.00601741229063146,0.5951265179980355,0.39885606971133314
26009,GOF,0.01264420442024857,0.6452744343454051,0.34208136123434635
26010,GOF,0.009944377998921658,0.6167520017040368,0.3733036202970417
26011,LOF,0.004257891961551961,0.4562500151927972,0.5394920928456508
26012,GOF,0.004828305414724624,0.5240280444206692,0.4711436501646063
26013,GOF,0.010590715061417549,0.5813290900180836,0.40808019492049874
26014,LOF,0.06426008745251392,0.11416259534883025,0.8215773171986558
26015,LOF,0.3450856657897792,0.03708104075804653,0.6178332934521742
26016,LOF,0.28797238181587026,0.05238081246667474,0.659646805717455
26017,LOF,0.013869563481618509,0.24848180707025086,0.7376486294481306
26018,LOF,0.024213126191472742,0.07224794457898408,0.9035389292295433
26019,LOF,0.02397588819958237,0.06396091125337165,0.912063200547046
26020,LOF,0.007750515539792957,0.24719048997404766,0.7450589944861594
26021,LOF,0.0709143338009391,0.106716857676238,0.822368808522823
26022,LOF,0.03741021871871299,0.039845369850223786,0.9227444114310632
26023,LOF,0.0207456901624818,0.049643313551068165,0.92961099628645
26024,LOF,0.0537848717888946,0.0847069131240773,0.8615082150870281
26025,LOF,0.11156559687034584,0.08406823514784688,0.8043661679818073
26026,LOF,0.1153753933660953,0.06514600145095692,0.8194786051829477
26027,LOF,0.02442329225510266,0.031815427937511964,0.9437612798073853
26028,LOF,0.08448989995959594,0.19164161623096662,0.7238684838094375
26029,LOF,0.024779778610377664,0.208487380006473,0.7667328413831493
26030,LOF,0.12728998830573415,0.0291736521844615,0.8435363595098044
26031,LOF,0.010384586210933109,0.1921077654259488,0.797507648363118
26032,LOF,0.036903677191029306,0.04675962868589015,0.9163366941230805
26033,LOF,0.042131183465361356,0.046113272636792074,0.9117555438978466
26034,LOF,0.016824295997274256,0.16858081334385744,0.8145948906588683
26035,LOF,0.013166666079927877,0.1120585409590188,0.8747747929610533
26036,LOF,0.01246681662783779,0.12737914616461438,0.8601540372075479
26037,LOF,0.011073517756134485,0.10600933979578273,0.8829171424480828
26038,LOF,0.03190017682407684,0.041998266573912334,0.9261015566020108
26039,LOF,0.03668227740666036,0.1416614212793984,0.8216563013139412
26040,LOF,0.07427158006397022,0.1136718810474968,0.812056538888533
26041,LOF,0.014334122570414649,0.09401476178479527,0.8916511156447902
26042,LOF,0.01455715627860254,0.11208079458276102,0.8733620491386365
26043,LOF,0.030651717066487262,0.06352688073969738,0.9058214021938155
26044,LOF,0.009520161032961518,0.05210521325882255,0.938374625708216
26045,LOF,0.07583936263529346,0.12208227633163074,0.8020783610330758
26046,LOF,0.02725137156655534,0.04804221197912358,0.9247064164543212
26047,LOF,0.05108857817473821,0.04821580663533869,0.9006956151899231
26048,LOF,0.08518684371412712,0.019435753972020794,0.8953774023138521
26049,Neutral,0.9398175383696313,0.008677799504796918,0.05150466212557175
26050,Neutral,0.9097691791967549,0.009011711032842252,0.0812191097704028
26051,LOF,0.02583402819713904,0.11471170039169117,0.8594542714111699
26052,LOF,0.03170923413743588,0.11725012506352228,0.8510406407990418
26053,LOF,0.02527323035081703,0.14303326860960092,0.8316935010395821
26054,LOF,0.04819541022602609,0.03837653738192715,0.9134280523920467
26055,LOF,0.0725524877843462,0.03457159974173565,0.8928759124739181
26056,LOF,0.06031720708275901,0.04283355559776454,0.8968492373194764
26057,LOF,0.0565981523754276,0.018952738273191844,0.9244491093513806
26058,LOF,0.05986515470489021,0.015939942893626265,0.9241949024014834
26059,LOF,0.2085014632315883,0.03766292517821341,0.7538356115901983
26060,LOF,0.023246664178680095,0.15167234305175614,0.8250809927695637
26061,LOF,0.012760475253069966,0.011223081562598554,0.9760164431843315
26062,LOF,0.006841686628215412,0.017205761881230484,0.975952551490554
26063,LOF,0.041159124027468685,0.013954167403681833,0.9448867085688494
26064,LOF,0.015217755707448533,0.018338746828014084,0.9664434974645373
26065,LOF,0.052952326432724496,0.017923345298942378,0.929124328268333
26066,LOF,0.039937229522585195,0.014007945196853118,0.9460548252805617
26067,LOF,0.046222571869352275,0.014670761753460155,0.9391066663771876
26068,LOF,0.05511982900311717,0.051448436896812416,0.8934317341000705
26069,LOF,0.29548375867660104,0.03406306555731849,0.6704531757660804
26070,Neutral,0.5408653232087456,0.024479838390111856,0.43465483840114266
26071,LOF,0.04844268598422491,0.014822452765113646,0.9367348612506614
26072,LOF,0.008581607256196064,0.01986013263950703,0.9715582601042969
26073,LOF,0.04006736605562638,0.01678086935871335,0.9431517645856603
26074,Neutral,0.8666038587915567,0.011799797459200954,0.12159634374924246
26075,LOF,0.0583846721863489,0.02930296185884898,0.912312365954802
26076,LOF,0.056855277209839704,0.014515805017657972,0.9286289177725023
26077,LOF,0.15666591535372984,0.008113575153739247,0.8352205094925308
26078,LOF,0.007796413120231514,0.01719962388609028,0.9750039629936782
26079,LOF,0.0642520945533949,0.02680414218006182,0.9089437632665434
26080,LOF,0.06350467668599359,0.02681775811664386,0.9096775651973626
26081,LOF,0.03617982406183359,0.011576892939019498,0.9522432829991468
26082,LOF,0.006831640721417467,0.017161739059764303,0.9760066202188183
26083,LOF,0.11118745311336152,0.02683975321185981,0.8619727936747786
26084,LOF,0.1140055388105873,0.01919887826528319,0.8667955829241294
26085,LOF,0.0978279145571152,0.016710225758875957,0.8854618596840088
26086,LOF,0.04074839321672044,0.015622071784137048,0.9436295349991426
26087,LOF,0.03868105605450326,0.01301950105380421,0.9482994428916924
26088,LOF,0.007755159289391677,0.024029894789748624,0.9682149459208598
26089,LOF,0.045364368951228466,0.04510577880806012,0.9095298522407115
26090,LOF,0.04552518388403836,0.03520971451483564,0.919265101601126
26091,LOF,0.02980299247422363,0.009954815093176297,0.9602421924326001
26092,LOF,0.05016151391328357,0.010859993437550574,0.9389784926491658
26093,LOF,0.09382717422842797,0.0077602301980335305,0.8984125955735385
26094,LOF,0.03553663813806805,0.009823200690956988,0.9546401611709748
26095,LOF,0.022089518031056517,0.019394906431226436,0.958515575537717
26096,LOF,0.2129133133813375,0.005991535130622282,0.7810951514880402
26097,LOF,0.008152512246136476,0.03596709762623397,0.9558803901276296
26098,LOF,0.12192909379014405,0.02237163681629152,0.8556992693935644
26099,LOF,0.038824883504198375,0.023435974260156006,0.9377391422356456
26100,LOF,0.03880414964987274,0.023435673747670995,0.9377601766024563
26101,LOF,0.06497361394080313,0.0379814012523204,0.8970449848068766
26102,LOF,0.034181050435615694,0.021647690561914817,0.9441712590024695
26103,Neutral,0.8978656025953564,0.03133229957092059,0.07080209783372285
26104,LOF,0.05995281231420692,0.05094657216916066,0.8891006155166324
26105,LOF,0.27281260581925326,0.13405075091724605,0.5931366432635007
26106,LOF,0.3391929447257728,0.06429103568083878,0.5965160195933884
26107,LOF,0.02352781211271777,0.08876886972785457,0.8877033181594277
26108,LOF,0.2860824587593662,0.04268976157858717,0.6712277796620466
26109,LOF,0.07824587853610289,0.026662147066008553,0.8950919743978885
26110,LOF,0.44857129633763493,0.010679942316358966,0.5407487613460061
26111,LOF,0.06309902391504012,0.12239974074340704,0.8145012353415528
26112,LOF,0.05892699631323403,0.010414017252117021,0.9306589864346488
26113,LOF,0.1256530731477555,0.023422690302052466,0.850924236550192
26114,LOF,0.09459067527436109,0.008960284283151475,0.8964490404424875
26115,LOF,0.015461338278981482,0.05264448950669049,0.9318941722143281
26116,LOF,0.0769328400738303,0.027356906688683312,0.8957102532374864
26117,LOF,0.32730893157695795,0.04711511160576222,0.6255759568172798
26118,LOF,0.04565631849278642,0.02010608774585915,0.9342375937613544
26119,LOF,0.006385416076993955,0.04482802912092466,0.9487865548020814
26120,LOF,0.033375008150143444,0.01978883094266196,0.9468361609071947
26121,LOF,0.003390825514448149,0.1442927607653756,0.8523164137201762
