feature0,prediction,LoGoFunc_Neutral,LoGoFunc_GOF,LoGoFunc_LOF
25546,Neutral,0.7437701729046545,0.0361449075643551,0.2200849195309904
25547,Neutral,0.6001923563058567,0.07671654467152188,0.32309109902262134
25548,Neutral,0.6027521704313636,0.056286666737916075,0.34096116283072037
25549,Neutral,0.5307393809693052,0.05629388004776793,0.41296673898292674
25550,LOF,0.35896641830300546,0.10451379539939668,0.5365197862975979
25551,LOF,0.3001910625296493,0.11324773415080241,0.5865612033195482
25552,LOF,0.2202175467890966,0.10776191120363825,0.6720205420072651
25553,Neutral,0.8445067392532495,0.026540020244518375,0.1289532405022321
25554,LOF,0.2515899486861946,0.10089516274660312,0.6475148885672022
25555,LOF,0.2107052337615061,0.09266832475962837,0.6966264414788655
25556,LOF,0.4291283435144026,0.0937846623085249,0.47708699417707257
25557,LOF,0.2012000301224693,0.09541457373408734,0.7033853961434433
25558,LOF,0.23656214836811207,0.10261421964281049,0.6608236319890775
25559,LOF,0.34766487544865926,0.14075687522927613,0.5115782493220645
25560,LOF,0.04604559693790775,0.12897347583860827,0.8249809272234839
25561,LOF,0.11336708540972894,0.11790631153797074,0.7687266030523003
25562,LOF,0.09459151171073221,0.05883585231100991,0.8465726359782578
25563,LOF,0.10986512596491835,0.06233042122651881,0.8278044528085629
25564,LOF,0.24988883214064733,0.11317575878905242,0.6369354090703002
25565,LOF,0.1326590510816591,0.1441889216457959,0.723152027272545
25566,GOF,0.014728923384498181,0.7847582701344081,0.20051280648109376
25567,LOF,0.01582969728550434,0.1803104629889388,0.8038598397255569
25568,LOF,0.04883662611910216,0.06327585456458497,0.8878875193163128
25569,LOF,0.06123477171554331,0.06101437023323061,0.8777508580512261
25570,LOF,0.055159261706009884,0.09703893388612,0.8478018044078701
25571,LOF,0.048182624379014265,0.08965531555182531,0.8621620600691604
25572,LOF,0.06551260573569795,0.11176416304537387,0.8227232312189282
25573,LOF,0.03708547936675979,0.09405928601309256,0.8688552346201476
25574,LOF,0.021666200232951707,0.14740147871680542,0.830932321050243
25575,LOF,0.04197967819305168,0.10739112969944624,0.8506291921075021
25576,LOF,0.016861511220399084,0.12764309425161083,0.8554953945279901
25577,LOF,0.016464316195678362,0.11581409001346517,0.8677215937908564
25578,LOF,0.2687965231489744,0.08318549665020178,0.6480179802008239
25579,LOF,0.2702660808793296,0.08211181430749168,0.6476221048131787
25580,LOF,0.030027962656833333,0.07725907241080568,0.892712964932361
25581,LOF,0.053260737811413376,0.06233547190491218,0.8844037902836746
25582,LOF,0.05237369931427252,0.06120227154029192,0.8864240291454355
25583,LOF,0.03760503195227725,0.08506374293206369,0.8773312251156591
25584,Neutral,0.4811478014830833,0.1035618367697164,0.4152903617472004
25585,LOF,0.023035489032407975,0.11554311596383916,0.8614213950037528
25586,LOF,0.028614920806620144,0.07199094065688402,0.8993941385364959
25587,LOF,0.02918697675102751,0.06590631374362531,0.9049067095053471
25588,LOF,0.030953846276056993,0.08022912664170319,0.8888170270822398
25589,Neutral,0.6010358111345669,0.12775232186991783,0.27121186699551525
25590,LOF,0.0354332424902688,0.1234459630286276,0.8411207944811036
25591,LOF,0.09601688820525332,0.05410921941843742,0.8498738923763092
25592,LOF,0.08861461592498317,0.12609991181960084,0.785285472255416
25593,LOF,0.032829495532555014,0.2754208697352785,0.6917496347321664
25594,LOF,0.045196675663934864,0.1709470764984906,0.7838562478375746
25595,LOF,0.05181091121695567,0.11395317612718865,0.8342359126558557
25596,LOF,0.05116751146577923,0.08928677760272483,0.8595457109314959
25597,LOF,0.03974254748984686,0.08880305550310112,0.8714543970070521
25598,LOF,0.05061110572004442,0.11733074440393523,0.8320581498760202
25599,GOF,0.007866288660121378,0.6605985203928351,0.33153519094704365
25600,GOF,0.013899313345260348,0.5890437882883729,0.3970568983663667
25601,LOF,0.010095361274293398,0.4547860817398788,0.5351185569858279
25602,LOF,0.023977831165348736,0.04403436651701921,0.931987802317632
25603,LOF,0.054542330531652174,0.023510507891352526,0.9219471615769952
25604,LOF,0.040577433139509234,0.03265198013167968,0.9267705867288111
25605,LOF,0.010655341301682305,0.18724678651972465,0.802097872178593
25606,LOF,0.07063555786390062,0.34408449823255244,0.5852799439035469
25607,LOF,0.005984789510458262,0.17865534959851764,0.8153598608910241
25608,LOF,0.04899230645193347,0.06744287835683417,0.8835648151912324
25609,LOF,0.044002347416583654,0.4430835717280934,0.512914080855323
25610,LOF,0.034616573892095784,0.028864237824141267,0.9365191882837629
25611,LOF,0.038893889942622946,0.026667457298753177,0.9344386527586238
25612,LOF,0.09685796772246563,0.04481645390382426,0.85832557837371
25613,LOF,0.07853080836477816,0.04664042059122085,0.874828771044001
25614,LOF,0.02674136265795916,0.03638047775654266,0.9368781595854981
25615,LOF,0.05020315573906913,0.03951472191083844,0.9102821223500923
25616,LOF,0.02641853446110288,0.03523124946175713,0.9383502160771401
25617,LOF,0.02569272089945982,0.03836701150697601,0.9359402675935642
25618,LOF,0.13731187830189343,0.032896784453191094,0.8297913372449155
25619,LOF,0.0288122565986469,0.03378920752738581,0.9373985358739673
25620,LOF,0.030262914936293395,0.04429416146575442,0.9254429235979522
25621,LOF,0.0284911958803774,0.0342147586036381,0.9372940455159844
25622,LOF,0.030527911975961722,0.03792067626683373,0.9315514117572047
25623,LOF,0.049482997486106836,0.03701680536407833,0.9135001971498149
25624,LOF,0.024256048916995388,0.044891528660322144,0.9308524224226824
25625,LOF,0.033738724366245545,0.0469260546254385,0.9193352210083161
25626,LOF,0.08656281557778749,0.03867916942933739,0.8747580149928751
25627,Neutral,0.5558556062119495,0.10858285906845984,0.33556153471959066
25628,LOF,0.20779836366543328,0.05030197360305199,0.7418996627315149
25629,LOF,0.06661834773925372,0.05833193239648499,0.8750497198642613
25630,LOF,0.16297599753212325,0.0805713637742665,0.7564526386936102
25631,Neutral,0.5987392807751051,0.055144856771398444,0.3461158624534963
25632,LOF,0.014983440823457745,0.1003239862583842,0.8846925729181581
25633,LOF,0.1874714368568703,0.07515791049100051,0.7373706526521293
25634,LOF,0.03533316238725098,0.10447800043896376,0.8601888371737852
25635,LOF,0.035017112644918406,0.08646416331322382,0.8785187240418577
25636,GOF,0.0037239889202377164,0.6479009626514046,0.3483750484283577
25637,GOF,0.003553704037434828,0.6917845710435667,0.30466172491899834
25638,LOF,0.007644444807029516,0.4325137517291913,0.5598418034637792
25639,GOF,0.0036348810715456006,0.5488249864478755,0.44754013248057894
25640,Neutral,0.4760016362567523,0.4654136704914891,0.05858469325175872
25641,LOF,0.008231960520278017,0.3377623417050637,0.6540056977746583
25642,LOF,0.25118120910536734,0.0738528149262321,0.6749659759684006
25643,LOF,0.2673309906442024,0.1748779145975196,0.557791094758278
25644,GOF,0.013422434646709966,0.5254946542893439,0.46108291106394617
25645,LOF,0.011632454149089358,0.47554571447558036,0.5128218313753303
25646,LOF,0.01747183204681866,0.3402487399760308,0.6422794279771507
25647,LOF,0.014524536364055854,0.3027916194368931,0.682683844199051
25648,LOF,0.013186668641579082,0.31341838114344855,0.6733949502149723
25649,LOF,0.011073862689810773,0.22395369092593306,0.7649724463842562
25650,GOF,0.02698916522688097,0.4877456502860946,0.4852651844870245
25651,LOF,0.008304590023897029,0.29650209920922804,0.695193310766875
25652,LOF,0.013477240392324032,0.2684555403168532,0.7180672192908226
25653,LOF,0.05413761397559321,0.35620378687154586,0.589658599152861
25654,LOF,0.01543850749843197,0.15390182952566653,0.8306596629759015
25655,LOF,0.06926596693390975,0.42813132806836557,0.5026027049977246
25656,LOF,0.09309632884607222,0.08531868873754966,0.8215849824163781
25657,LOF,0.2891988329414271,0.036163725381301436,0.6746374416772715
25658,LOF,0.04098053077744387,0.10667375680234015,0.852345712420216
25659,LOF,0.3124766437164131,0.07675037129904258,0.6107729849845442
25660,LOF,0.06679592138027735,0.09788698445385605,0.8353170941658667
25661,LOF,0.04779199320941086,0.07544235238321537,0.8767656544073739
25662,LOF,0.02631146856274225,0.04976275710582449,0.9239257743314332
25663,LOF,0.03755861704281628,0.0673001814904906,0.8951412014666932
25664,LOF,0.037709975295048895,0.08309117406099914,0.8791988506439519
25665,LOF,0.05808154598552159,0.04959315304533743,0.8923253009691409
25666,LOF,0.03347721424924986,0.13761798863937805,0.8289047971113721
25667,LOF,0.030877304384032116,0.05400456934830729,0.9151181262676606
25668,LOF,0.03152763569099038,0.05826449522343027,0.9102078690855793
25669,LOF,0.03710119620369862,0.08563697204770007,0.8772618317486013
25670,LOF,0.07693881614117822,0.08685435127282046,0.8362068325860013
25671,LOF,0.04059688498932274,0.04751880614938265,0.9118843088612946
25672,LOF,0.059182404079259905,0.0705118274124829,0.8703057685082571
25673,LOF,0.039271232924131136,0.0800321352325214,0.8806966318433475
25674,LOF,0.03521850700010505,0.08289922300614189,0.8818822699937531
25675,LOF,0.04604534320871827,0.06308051195596001,0.8908741448353218
25676,LOF,0.03456335996101,0.0621025412944373,0.9033340987445527
25677,LOF,0.06381167103499333,0.07131308270473215,0.8648752462602745
25678,LOF,0.2855897529732705,0.03620163538742611,0.6782086116393035
25679,LOF,0.1756700481500666,0.07400023964658989,0.7503297122033434
25680,LOF,0.06261660386488384,0.10518086615185207,0.8322025299832642
25681,LOF,0.11086057284685817,0.09788822056330518,0.7912512065898367
25682,LOF,0.046039592687398254,0.08209974592808138,0.8718606613845203
25683,LOF,0.08151281161616386,0.10515141603226841,0.8133357723515678
25684,LOF,0.05999897933816751,0.0818908114037092,0.8581102092581232
25685,LOF,0.09535841683160581,0.05801358555624261,0.8466279976121516
25686,LOF,0.027557642523301527,0.10461089331182243,0.8678314641648761
25687,LOF,0.04707426335419165,0.07913527218810486,0.8737904644577036
25688,LOF,0.028431490421011552,0.08100368729083088,0.8905648222881576
25689,LOF,0.019428680429723108,0.0703400251438591,0.9102312944264179
25690,LOF,0.024897503220923906,0.08290484060911633,0.8921976561699597
25691,LOF,0.20610117606564535,0.12009615456870358,0.673802669365651
25692,LOF,0.29488493103458924,0.01180530013611676,0.6933097688292941
25693,LOF,0.07749990884189903,0.15286020151040172,0.7696398896476991
25694,LOF,0.24023424302997934,0.015722221435930366,0.7440435355340903
25695,LOF,0.16280713474890912,0.019212254397386122,0.8179806108537049
25696,LOF,0.16899837856643973,0.011050130696210537,0.8199514907373497
25697,LOF,0.1332010929165229,0.02190601252669128,0.8448928945567857
25698,LOF,0.04468575104873432,0.4074419242112889,0.5478723247399767
25699,LOF,0.06380995006198507,0.08161746711942286,0.854572582818592
25700,LOF,0.03155398172864314,0.010247618823202338,0.9581983994481547
25701,LOF,0.013989721405667309,0.08149837131589129,0.9045119072784416
25702,GOF,0.04010986678203898,0.7356782057759329,0.224211927442028
25703,LOF,0.022719151288312863,0.18613353025772428,0.7911473184539628
25704,LOF,0.0940474182071584,0.14756167024114694,0.7583909115516947
25705,LOF,0.06054164719085629,0.234274979530224,0.7051833732789197
25706,GOF,0.0566207904707972,0.6259266151426796,0.3174525943865234
25707,GOF,0.03153512394565799,0.5596541398613938,0.40881073619294817
25708,LOF,0.008808264198866137,0.45881247199216096,0.5323792638089729
25709,LOF,0.018065278430341516,0.06410636448932691,0.9178283570803315
25710,LOF,0.00870855458967987,0.1713017773105686,0.8199896680997516
25711,LOF,0.020487922005759333,0.12020962581131167,0.8593024521829291
25712,LOF,0.009624328804741813,0.21678972341806685,0.7735859477771914
25713,LOF,0.01819483780018664,0.10002548111813465,0.8817796810816788
25714,LOF,0.018898895943638524,0.14933579037858924,0.8317653136777722
25715,LOF,0.018850067003875967,0.12097680193202531,0.8601731310640988
25716,LOF,0.010870459721349552,0.14158286875896392,0.8475466715196865
25717,LOF,0.0055656427304091385,0.1342532866113983,0.8601810706581926
25718,LOF,0.016879655381441237,0.07509435460566562,0.9080259900128931
25719,LOF,0.03308752160711979,0.08355103092611758,0.8833614474667627
25720,LOF,0.02155412702587995,0.08737144028722509,0.891074432686895
25721,LOF,0.02274971439883249,0.08905638124889417,0.8881939043522734
25722,LOF,0.016867368156059222,0.1198388679765619,0.8632937638673788
25723,LOF,0.02031491272800816,0.06953780436190583,0.9101472829100861
25724,LOF,0.02883848053798367,0.10759578121771017,0.8635657382443062
25725,LOF,0.021854028722163927,0.06557464562960638,0.9125713256482296
25726,LOF,0.015742830654788636,0.09495895868706027,0.8892982106581511
25727,LOF,0.019150576731046396,0.08387326073101024,0.8969761625379434
25728,LOF,0.017750956659156315,0.09628330483121748,0.8859657385096262
25729,LOF,0.017769004661793753,0.10032533267630639,0.8819056626618998
25730,LOF,0.019352431902868974,0.08093295274920924,0.8997146153479217
25731,LOF,0.010690541741985742,0.16201184046572356,0.8272976177922906
25732,LOF,0.01810274517443445,0.08280977911703667,0.899087475708529
25733,LOF,0.028831759549955694,0.08018754761922064,0.8909806928308237
25734,LOF,0.0069446620698911474,0.21739306062913977,0.7756622773009691
25735,LOF,0.022729027223652363,0.06894085604454411,0.9083301167318035
25736,LOF,0.02193197700750872,0.10626259448371429,0.871805428508777
25737,LOF,0.03863991483116589,0.08808838239239346,0.8732717027764406
25738,LOF,0.019035215087369682,0.13988214390905335,0.8410826410035771
25739,LOF,0.021281626235640748,0.14055646977990283,0.8381619039844564
25740,LOF,0.050005259423034215,0.1318867687633174,0.8181079718136484
25741,LOF,0.026447095573433218,0.11419257183838591,0.8593603325881809
25742,LOF,0.03646743986053565,0.13128153497301445,0.8322510251664499
25743,LOF,0.013015393985071583,0.043062819048004186,0.9439217869669243
25744,LOF,0.17275914511432913,0.4044167439431985,0.42282411094247235
25745,LOF,0.022530896844531634,0.06984629253425766,0.9076228106212108
25746,LOF,0.01245171032313138,0.08407868196848947,0.9034696077083791
25747,LOF,0.03414131747950791,0.03710306108369471,0.9287556214367974
25748,LOF,0.2847442229643828,0.05434462950758615,0.660911147528031
25749,LOF,0.013579009862822887,0.05656714126192593,0.9298538488752512
25750,LOF,0.014938305659482337,0.08736302244954712,0.8976986718909705
25751,LOF,0.03784525907003961,0.07486313786879573,0.8872916030611646
25752,GOF,0.09844983225501679,0.675849693283505,0.22570047446147828
25753,LOF,0.006720267400668729,0.38209233355286765,0.6111873990464637
25754,GOF,0.005282430648619623,0.869259102398747,0.12545846695263327
25755,LOF,0.009002722187421255,0.4405008218159876,0.5504964559965911
25756,LOF,0.05030343944514054,0.4492636211404798,0.5004329394143796
25757,GOF,0.006195927253545261,0.8787658193624527,0.11503825338400207
25758,GOF,0.009022615682380015,0.8819287188930807,0.10904866542453935
25759,GOF,0.004784091609422577,0.6077026849657143,0.38751322342486305
25760,LOF,0.007310969541475419,0.30187091732351096,0.6908181131350136
25761,GOF,0.0458016271688459,0.8626580670819355,0.09154030574921848
25762,LOF,0.02861128087735769,0.38614660933535244,0.5852421097872897
25763,LOF,0.008009630627525424,0.24932463582717385,0.7426657335453006
25764,GOF,0.07478386383025397,0.6073926647224557,0.31782347144729034
25765,GOF,0.00803066161641494,0.8418123480919429,0.15015699029164217
25766,GOF,0.048639985619858536,0.8246232491871633,0.12673676519297808
25767,GOF,0.014129782600667546,0.5406972426008266,0.4451729747985058
25768,LOF,0.035117411650734814,0.0881348203508446,0.8767477679984206
25769,LOF,0.020694912031805908,0.07979805644110481,0.8995070315270893
25770,LOF,0.15276115495711362,0.07537688373744718,0.7718619613054393
25771,LOF,0.011261318730911348,0.08046610255529753,0.9082725787137912
25772,LOF,0.02298433405424881,0.03162220748202688,0.9453934584637242
25773,LOF,0.012149915373207613,0.08072143190526264,0.9071286527215298
25774,LOF,0.027344855325418933,0.0964595616573086,0.8761955830172724
25775,LOF,0.01865373135602829,0.04555773392439454,0.9357885347195771
25776,LOF,0.024649137062586444,0.028272710308190223,0.9470781526292233
25777,LOF,0.23054822978931988,0.07454226860921384,0.6949095016014664
25778,LOF,0.019131724619677434,0.05898535102605685,0.9218829243542657
25779,GOF,0.03931024436084863,0.8992152407619861,0.06147451487716538
25780,GOF,0.07014813082833805,0.8838543302300401,0.045997538941621834
25781,GOF,0.025990945892622713,0.8826478627456795,0.09136119136169787
25782,GOF,0.030452715821480725,0.9052213856683323,0.06432589851018694
25783,GOF,0.018530605506245534,0.7810268642132576,0.20044253028049674
25784,GOF,0.1138805880067977,0.8547195124773758,0.03139989951582659
25785,GOF,0.0709631908292129,0.8830170833191588,0.046019725851628134
25786,GOF,0.005193273977262115,0.8231357290458762,0.1716709969768618
25787,GOF,0.16526938735045923,0.7975066946093103,0.0372239180402303
25788,LOF,0.0151490084770584,0.20007008088216713,0.7847809106407744
25789,GOF,0.017386835415722772,0.8689716140926202,0.11364155049165693
25790,GOF,0.020510482535163632,0.8731759718657508,0.10631354559908558
25791,GOF,0.013937858770828445,0.8379052149598405,0.148156926269331
25792,GOF,0.02342306633295389,0.8539755473796984,0.12260138628734778
25793,GOF,0.0765450472267656,0.8414272863489635,0.08202766642427092
25794,GOF,0.06353297513875601,0.7780355993581853,0.15843142550305855
25795,GOF,0.06856064756468239,0.7759844519528797,0.15545490048243787
25796,GOF,0.07829273359319101,0.8273424106319726,0.09436485577483647
25797,GOF,0.041675639640949155,0.732781522704756,0.22554283765429492
25798,GOF,0.0030829258282604527,0.6857995230974989,0.31111755107424066
25799,GOF,0.002985835274896126,0.5418191780962971,0.45519498662880686
25800,GOF,0.014786362596187236,0.7865855667539551,0.19862807064985757
25801,GOF,0.01720207119225549,0.8843087379372356,0.09848919087050882
25802,GOF,0.02006800771529475,0.8439120535362205,0.13601993874848478
25803,GOF,0.011159831372732194,0.7445232104763262,0.24431695815094154
25804,GOF,0.01267341583215833,0.6405383061059147,0.346788278061927
25805,GOF,0.023510862025756047,0.7371601814982053,0.23932895647603863
25806,GOF,0.020719431066406387,0.799459820576039,0.1798207483575546
25807,GOF,0.005215595900385571,0.7751668290643449,0.21961757503526963
25808,GOF,0.01486542588747917,0.7877076689504976,0.19742690516202316
25809,GOF,0.006940669318684008,0.7678138323878254,0.2252454982934906
25810,GOF,0.005829903575144627,0.7673943487401805,0.22677574768467487
25811,GOF,0.05963610302220445,0.8773923848778291,0.06297151209996664
25812,GOF,0.017953270387037867,0.770345200187375,0.211701529425587
25813,GOF,0.09545489815898166,0.8186591399706776,0.0858859618703408
25814,GOF,0.023890051126568085,0.8203173379173373,0.15579261095609465
25815,GOF,0.05846495091517379,0.8480862923714811,0.09344875671334515
25816,GOF,0.00691551987055743,0.8674103680717595,0.12567411205768303
25817,GOF,0.09185595180446895,0.8135499522967954,0.09459409589873556
25818,GOF,0.026467668408144174,0.8373759618798379,0.13615636971201794
25819,GOF,0.06360546483112074,0.7955310498462131,0.14086348532266602
25820,GOF,0.03143043886450399,0.7922920234444697,0.17627753769102622
25821,GOF,0.019844300704559437,0.7941999501730986,0.18595574912234192
25822,GOF,0.041092911199812523,0.8021452437046375,0.15676184509555005
25823,GOF,0.015046727734869085,0.6851663002305097,0.2997869720346211
25824,GOF,0.0236359876206624,0.7965612975165218,0.17980271486281585
25825,GOF,0.01495690328140678,0.7840432341703223,0.20099986254827093
25826,GOF,0.005473298935852626,0.7593591765166339,0.23516752454751344
25827,GOF,0.007544492144415063,0.733320576084691,0.25913493177089386
25828,GOF,0.006163408826204259,0.7082828066912645,0.2855537844825312
25829,GOF,0.003065316512674465,0.7510440951072465,0.24589058838007904
25830,GOF,0.03687062309754833,0.5521397679849794,0.4109896089174721
25831,GOF,0.07507657328288597,0.8169992833423215,0.10792414337479245
25832,GOF,0.009420167839595315,0.8235996695132992,0.16698016264710552
25833,GOF,0.036605323325937064,0.8614701742767241,0.10192450239733888
25834,GOF,0.009945950776716768,0.8459671447317568,0.14408690449152642
25835,GOF,0.023177496129218784,0.8822935679685399,0.09452893590224139
25836,GOF,0.006855230688729322,0.8406103958659696,0.15253437344530085
25837,GOF,0.006680425001128555,0.7598685906006172,0.23345098439825418
25838,GOF,0.02175089363231737,0.883869589579375,0.09437951678830755
25839,GOF,0.03977763540745588,0.8764751887476275,0.08374717584491669
25840,GOF,0.0713672635717973,0.8495498343101384,0.07908290211806414
25841,GOF,0.06803072086900405,0.8616604902665908,0.07030878886440517
25842,GOF,0.024038417914386923,0.9014677871210645,0.07449379496454848
25843,GOF,0.02418850177329738,0.907755202701302,0.06805629552540042
25844,GOF,0.015385338429200717,0.8676043641704888,0.11701029740031048
25845,GOF,0.005784251522445703,0.6573721612291051,0.3368435872484492
25846,GOF,0.07249155751608477,0.8557985022344278,0.07170994024948751
25847,GOF,0.016376959313243792,0.9174117202124121,0.06621132047434411
25848,GOF,0.014973505796979054,0.8778893458657459,0.1071371483372751
25849,GOF,0.005040957256049778,0.7779152477193366,0.2170437950246136
25850,GOF,0.006452234410495795,0.788794622758204,0.2047531428313003
25851,GOF,0.005869320360004262,0.6871363774528492,0.3069943021871466
25852,GOF,0.13592030297287655,0.6181741739727623,0.2459055230543612
25853,GOF,0.07733224177491596,0.8385119662411321,0.08415579198395175
25854,GOF,0.005478317075522978,0.7208792928531402,0.2736423900713366
25855,GOF,0.015910676113544273,0.6786961970303906,0.305393126856065
25856,GOF,0.03949463857273796,0.8163466245672788,0.1441587368599833
25857,GOF,0.018734045342116,0.6674330220290441,0.31383293262884
25858,GOF,0.008620337908014735,0.6799434393976596,0.3114362226943258
25859,GOF,0.005778165335360568,0.6515982339097532,0.34262360075488624
25860,GOF,0.09766740505346243,0.8240692285425981,0.07826336640393951
25861,GOF,0.0777121997501999,0.8385077950011699,0.08378000524863008
25862,GOF,0.02018475819650744,0.8796542293505927,0.10016101245289982
25863,GOF,0.02019441167421738,0.88294618522018,0.09685940310560258
25864,GOF,0.046027258632555294,0.8882535159079818,0.06571922545946285
25865,GOF,0.032135617533098446,0.8723017284392885,0.09556265402761312
25866,GOF,0.02296501307180358,0.8846924339085205,0.09234255301967598
25867,GOF,0.03301797663445805,0.8891628403216535,0.0778191830438885
25868,GOF,0.050168080076274414,0.8605192939002901,0.08931262602343545
25869,GOF,0.3336022173226673,0.6036428748382863,0.0627549078390464
25870,GOF,0.06221814306810145,0.7035361250050007,0.23424573192689782
25871,GOF,0.0085647357777037,0.8966090849426741,0.09482617927962228
25872,GOF,0.020171092099270645,0.8866803232599023,0.09314858464082705
25873,GOF,0.018941648729644246,0.9036976695078227,0.0773606817625331
25874,LOF,0.016536506450275767,0.21650481412096856,0.7669586794287556
25875,LOF,0.06248907549660291,0.04990889751788402,0.887602026985513
25876,LOF,0.017545512227548507,0.04626514483794905,0.9361893429345025
25877,LOF,0.13320852883910814,0.09552176713913274,0.771269704021759
25878,LOF,0.07481591990677064,0.1357134582415982,0.7894706218516311
25879,LOF,0.03169144164101832,0.09747632134481332,0.8708322370141683
25880,LOF,0.0553863239017527,0.013977306775774278,0.930636369322473
25881,Neutral,0.517589844687882,0.07648213732272265,0.40592801798939526
25882,LOF,0.09233306809101736,0.023088364199049725,0.8845785677099328
25883,LOF,0.028848254220812414,0.02484569006996001,0.9463060557092277
25884,LOF,0.02421417772840116,0.04785117575052487,0.9279346465210739
25885,LOF,0.22164833458321812,0.011130405643015134,0.7672212597737667
25886,LOF,0.2925920485613037,0.045008641831632494,0.6623993096070638
25887,LOF,0.19264675046735807,0.06738292139056591,0.7399703281420761
25888,LOF,0.012689753701899663,0.14669217127074785,0.8406180750273524
25889,LOF,0.02908202190668985,0.03258121295983467,0.9383367651334755
25890,LOF,0.14123581344551145,0.11499126853712582,0.7437729180173628
25891,LOF,0.0972549340946559,0.028726983811394474,0.8740180820939496
25892,LOF,0.008060703427907523,0.03311424353104078,0.9588250530410517
25893,LOF,0.3935411000199043,0.008280456701940558,0.5981784432781552
25894,LOF,0.43549690124151197,0.004659155799050029,0.559843942959438
25895,LOF,0.3277553196094972,0.011913305338199504,0.6603313750523033
25896,LOF,0.06707792228930397,0.013923087014054567,0.9189989906966416
25897,LOF,0.18307591825074038,0.00840111184072455,0.8085229699085351
25898,LOF,0.1773764723509071,0.02717228453195647,0.7954512431171364
25899,LOF,0.460681735627342,0.014466659732395639,0.5248516046402624
25900,LOF,0.4415688277209367,0.007849819906940052,0.5505813523721232
25901,LOF,0.06387234423419186,0.006711441273906018,0.9294162144919021
25902,LOF,0.19754313503589238,0.007631934975508272,0.7948249299885993
25903,LOF,0.3889829173095925,0.021880747901610643,0.5891363347887968
25904,Neutral,0.5141405768188984,0.019775211960718013,0.4660842112203836
25905,LOF,0.004811739673684428,0.4421467629846009,0.5530414973417147
25906,LOF,0.008845665473849258,0.11260007081756249,0.8785542637085884
25907,LOF,0.004416295890981319,0.3299972883494355,0.6655864157595833
25908,LOF,0.0047345104241172005,0.2402729190748966,0.7549925705009862
25909,LOF,0.02336480699972424,0.16011970487486954,0.8165154881254062
25910,LOF,0.011438844330448264,0.12721245019394814,0.8613487054756036
25911,LOF,0.3043763612172499,0.038050071502146836,0.6575735672806032
25912,LOF,0.07728973947062553,0.04718489989141849,0.875525360637956
25913,LOF,0.03761679081589832,0.0700521134219878,0.8923310957621139
25914,LOF,0.03825996090229236,0.042344791055873084,0.9193952480418347
25915,LOF,0.19355782754373524,0.17626914693955234,0.6301730255167124
25916,LOF,0.034593071340393446,0.1268604778157294,0.8385464508438771
25917,LOF,0.07079599225978069,0.03963426941707469,0.8895697383231446
25918,LOF,0.04330830379621206,0.027390945114661242,0.9293007510891268
25919,LOF,0.03899216662870574,0.025984724433594873,0.9350231089376994
25920,LOF,0.2618854351874254,0.21983585521974508,0.5182787095928295
25921,LOF,0.01545508465768595,0.03818585654746242,0.9463590587948516
25922,LOF,0.018222290559352053,0.03503197050219418,0.9467457389384537
25923,LOF,0.4465762511392983,0.03041715561606665,0.5230065932446352
25924,LOF,0.021530455493452248,0.05164370242908847,0.9268258420774593
25925,LOF,0.08209037103619156,0.04618635136555851,0.87172327759825
25926,LOF,0.06570889356274687,0.04189757391080128,0.8923935325264518
25927,LOF,0.024510735441529673,0.06914176103373745,0.9063475035247329
25928,LOF,0.009560427889488732,0.057361491243192786,0.9330780808673185
25929,Neutral,0.5532064811898026,0.028553325049015362,0.4182401937611819
25930,LOF,0.08295376798623927,0.029495402896241602,0.887550829117519
25931,LOF,0.013336283235531175,0.03958759882393776,0.947076117940531
25932,LOF,0.06818698294838264,0.030350371589932455,0.901462645461685
25933,LOF,0.06334181501914057,0.01821531728696864,0.9184428676938908
25934,LOF,0.06027147439116825,0.017343273757471574,0.9223852518513601
25935,LOF,0.0755949644862805,0.05366287106377844,0.870742164449941
25936,LOF,0.10005644627456653,0.02007726616455577,0.8798662875608777
25937,LOF,0.019438330501051117,0.04194864064998624,0.9386130288489626
25938,LOF,0.07262591311733409,0.0473016428979515,0.8800724439847143
25939,LOF,0.04794455669433503,0.024347407223585034,0.92770803608208
25940,LOF,0.008341859142418676,0.39049719127962795,0.6011609495779533
25941,Neutral,0.49378314149450886,0.043373443152094716,0.46284341535339624
25942,LOF,0.00933227407620784,0.043099772270792404,0.9475679536529998
25943,LOF,0.03491923829099462,0.2012102262199588,0.7638705354890466
25944,LOF,0.05112007478911153,0.08496652293482256,0.8639134022760658
25945,LOF,0.11006415787600798,0.021431133913234007,0.868504708210758
25946,LOF,0.070967774013624,0.04594386419302551,0.8830883617933506
25947,LOF,0.43121289059072676,0.12725592659327453,0.4415311828159987
25948,LOF,0.40568013146907544,0.017189446126420208,0.5771304224045043
25949,LOF,0.13586040850105324,0.074552603336225,0.7895869881627218
25950,GOF,0.06330765236292688,0.5862531150474856,0.3504392325895876
25951,LOF,0.011359410956535454,0.4544667952953252,0.5341737937481393
25952,LOF,0.30083422374982066,0.3029389153764166,0.39622686087376263
25953,LOF,0.007350880952486458,0.1943698892703997,0.798279229777114
25954,GOF,0.08459080950969758,0.5151452330612915,0.40026395742901094
25955,LOF,0.005704227970095864,0.19099294927464916,0.803302822755255
25956,LOF,0.020951764038854383,0.24286856486310157,0.736179671098044
25957,LOF,0.1818281607761407,0.03054716455865856,0.7876246746652007
25958,LOF,0.03650024596199366,0.044591830003932874,0.9189079240340734
25959,GOF,0.013271544190701636,0.6441061733472129,0.34262228246208554
25960,LOF,0.006284617983834885,0.07025718326889233,0.9234581987472728
25961,LOF,0.034079270940239395,0.04006223089931737,0.9258584981604433
25962,LOF,0.040763558996590184,0.06608182056304553,0.8931546204403642
25963,LOF,0.005536711546363545,0.19124684831439367,0.8032164401392428
25964,LOF,0.02783623463552374,0.11914535048050068,0.8530184148839757
25965,LOF,0.2427394158698608,0.12438706185392559,0.6328735222762137
25966,Neutral,0.4499514504918859,0.15398265052905002,0.39606589897906413
25967,LOF,0.008490807368344344,0.09142366552690066,0.900085527104755
25968,LOF,0.03919710854948939,0.25433168165028597,0.7064712098002246
25969,LOF,0.1635034023998594,0.05931817912802584,0.7771784184721148
25970,LOF,0.028016692944840303,0.08849005968329283,0.8834932473718669
25971,LOF,0.08774762347034251,0.028449089205733056,0.8838032873239244
25972,LOF,0.06954544071655464,0.046677247649646925,0.8837773116337985
25973,LOF,0.07251546048676578,0.007838075315958166,0.9196464641972761
25974,LOF,0.053471139623354064,0.04050589908052701,0.9060229612961189
25975,LOF,0.04614966612485999,0.01570911906333284,0.9381412148118071
25976,LOF,0.09691493792635096,0.008893545775006869,0.8941915162986422
25977,LOF,0.21250487147622005,0.07293580398271728,0.7145593245410626
25978,LOF,0.199342930250574,0.11449064008497055,0.6861664296644555
25979,LOF,0.16373240651057036,0.12512871929840824,0.7111388741910213
25980,LOF,0.25894587964579424,0.1754999044637087,0.565554215890497
25981,LOF,0.2602080212208701,0.17667410132895736,0.5631178774501725
25982,Neutral,0.49704601141380356,0.08594373394598837,0.417010254640208
25983,Neutral,0.4928658963432092,0.10476454178859482,0.40236956186819606
25984,LOF,0.04170721099332438,0.09252527079158011,0.8657675182150956
25985,LOF,0.41234172242168304,0.14733407426474884,0.44032420331356814
25986,LOF,0.015212520073255754,0.4290988669579758,0.5556886129687685
25987,LOF,0.05503481586673639,0.09842966657802862,0.8465355175552349
25988,LOF,0.039049813933355854,0.15814341375633964,0.8028067723103045
25989,LOF,0.037687143875897965,0.1787115445212866,0.7836013116028153
25990,LOF,0.040340129113901085,0.2928471047554766,0.6668127661306223
25991,LOF,0.0293179986641307,0.41170547526325474,0.5589765260726145
25992,LOF,0.022655734639451804,0.4231987876562861,0.5541454777042621
25993,LOF,0.027310174140505426,0.08321880686416473,0.8894710189953298
25994,LOF,0.02492884533567379,0.08386221348889848,0.8912089411754278
25995,LOF,0.021056529490407767,0.1405044927985827,0.8384389777110095
25996,Neutral,0.34667222528201064,0.3451634824674399,0.3081642922505496
25997,LOF,0.07747068159040416,0.3972840204847653,0.5252452979248304
25998,LOF,0.30561815930892133,0.03958408123558189,0.6547977594554968
25999,LOF,0.023691993762480767,0.2126473859332546,0.7636606203042646
26000,LOF,0.18214663631486755,0.033322785988182495,0.78453057769695
26001,LOF,0.25651970938541013,0.04772430650279635,0.6957559841117935
26002,LOF,0.1341376690366821,0.04610280189415194,0.819759529069166
26003,GOF,0.005738041555437591,0.6494224011393889,0.3448395573051735
26004,GOF,0.009761959748995781,0.7145683859827261,0.2756696542682782
26005,LOF,0.004215455754624021,0.4921683860028168,0.5036161582425592
26006,GOF,0.1276164703243238,0.5469052324737679,0.3254782972019084
26007,GOF,0.008030932596775666,0.5468173203582307,0.4451517470449936
26008,GOF,0.005746499248402752,0.6058214633878094,0.38843203736378773
26009,GOF,0.008482777684142457,0.689479470403349,0.30203775191250865
26010,GOF,0.008124404520669296,0.6247578451058144,0.3671177503735163
26011,LOF,0.003461051307920831,0.4455197720945189,0.5510191765975603
26012,GOF,0.004466410756903216,0.5208918257763033,0.47464176346679343
26013,GOF,0.011549350796432791,0.5771552438900862,0.4112954053134811
26014,LOF,0.05777861724667579,0.12082555277372234,0.8213958299796019
26015,LOF,0.3336764362403064,0.028952196326851518,0.637371367432842
26016,LOF,0.3020786126659074,0.04438713840180933,0.6535342489322832
26017,LOF,0.01881724609897391,0.23317516826300783,0.7480075856380184
26018,LOF,0.02532555904357655,0.05339012131009143,0.9212843196463321
26019,LOF,0.02554163233507434,0.04586502553594769,0.9285933421289779
26020,LOF,0.009519910320250345,0.22044847677803192,0.7700316129017177
26021,LOF,0.08276538902745902,0.07913278824850006,0.8381018227240409
26022,LOF,0.03645860726368548,0.030324723571324444,0.93321666916499
26023,LOF,0.025956107665873453,0.03454670352826903,0.9394971888058575
26024,LOF,0.051632401941193576,0.06564119998450942,0.8827263980742971
26025,LOF,0.06787136022115507,0.07873101143857006,0.8533976283402749
26026,LOF,0.09722823218321883,0.06345329766448675,0.8393184701522944
26027,LOF,0.025041837589992927,0.026219425535162308,0.9487387368748448
26028,LOF,0.12074791119218763,0.15277273792052742,0.7264793508872851
26029,LOF,0.019127171326508114,0.20652437666034293,0.774348452013149
26030,LOF,0.16613267023710163,0.02627412165890809,0.8075932081039903
26031,LOF,0.009298878396431561,0.1627065361194258,0.8279945854841427
26032,LOF,0.04431230397536802,0.061287809421611744,0.8943998866030203
26033,LOF,0.06173406601248615,0.05441833012438196,0.8838476038631318
26034,LOF,0.01052860562030099,0.16859484653287413,0.8208765478468248
26035,LOF,0.011318237623469786,0.1181683208455785,0.8705134415309517
26036,LOF,0.011111626462505636,0.12677873540746531,0.8621096381300292
26037,LOF,0.009322641658040878,0.11185804454770885,0.8788193137942502
26038,LOF,0.037138981860151514,0.05346327327873557,0.9093977448611129
26039,LOF,0.023035437797140113,0.1450942259579254,0.8318703362449343
26040,LOF,0.09561873085899651,0.12830918687962586,0.7760720822613777
26041,LOF,0.01268099916821366,0.09318079060663277,0.8941382102251535
26042,LOF,0.011857787713063438,0.10535131760539554,0.882790894681541
26043,LOF,0.03634719334233578,0.076915817586484,0.8867369890711801
26044,LOF,0.011347552555457163,0.06094834913182013,0.9277040983127227
26045,LOF,0.07571598327760491,0.10894572946468935,0.8153382872577057
26046,LOF,0.03217297039945109,0.0591255494130664,0.9087014801874824
26047,LOF,0.05648924945003778,0.059684068694949854,0.8838266818550123
26048,LOF,0.059751829792700266,0.032463261634522476,0.9077849085727772
26049,Neutral,0.9418290535308145,0.009019669420238045,0.04915127704894757
26050,Neutral,0.9140896178060675,0.009644735342150714,0.07626564685178182
26051,LOF,0.019113055171614986,0.11061083099015293,0.870276113838232
26052,LOF,0.029725189077900834,0.12763751748657687,0.8426372934355223
26053,LOF,0.029046583644887963,0.14985714860619656,0.8210962677489155
26054,LOF,0.04900486254975008,0.026532094902331924,0.9244630425479181
26055,LOF,0.06770549024463449,0.023024077023103103,0.9092704327322624
26056,LOF,0.057958726054303286,0.028938167069975988,0.9131031068757208
26057,LOF,0.06070494319341687,0.014751100914909169,0.9245439558916739
26058,LOF,0.06349738650836889,0.01184883892874024,0.9246537745628909
26059,LOF,0.19761132737945486,0.02872970665793568,0.7736589659626095
26060,LOF,0.015472359446702407,0.16327035029188633,0.8212572902614113
26061,LOF,0.011793815620616223,0.009780676091985036,0.9784255082873987
26062,LOF,0.005826820545025379,0.0160736839150486,0.9780994955399259
26063,LOF,0.04054213274876434,0.010524748370374313,0.9489331188808614
26064,LOF,0.010218121594000455,0.027796035970127794,0.9619858424358717
26065,LOF,0.04897604217446246,0.011753716334900527,0.9392702414906371
26066,LOF,0.046379472314151474,0.010059650264372673,0.9435608774214759
26067,LOF,0.05796374644879566,0.009276921182719293,0.932759332368485
26068,LOF,0.055686203644531376,0.04003302537708847,0.9042807709783802
26069,LOF,0.16004512534475318,0.026906409481572788,0.813048465173674
26070,LOF,0.32860187007498187,0.021034157019139476,0.6503639729058787
26071,LOF,0.045752691732371634,0.011778768042673131,0.9424685402249553
26072,LOF,0.010085128717825492,0.01989395870537338,0.9700209125768011
26073,LOF,0.04193608019840126,0.01307967858381745,0.9449842412177814
26074,Neutral,0.9117888156422964,0.007895850784682981,0.08031533357302058
26075,LOF,0.058591055338394024,0.018947408093743023,0.922461536567863
26076,LOF,0.056007287263048836,0.01148191094452353,0.9325108017924276
26077,LOF,0.14572831725037638,0.007118011155912529,0.847153671593711
26078,LOF,0.008068051605483314,0.014298131794268564,0.9776338166002481
26079,LOF,0.06958591571575437,0.019896611323600665,0.9105174729606449
26080,LOF,0.0682263816387216,0.019918020441523663,0.9118555979197548
26081,LOF,0.03594676927197164,0.008901072740954032,0.9551521579870743
26082,LOF,0.0069301016370944095,0.014787254021001967,0.9782826443419036
26083,LOF,0.11410287866356744,0.018859485254652624,0.86703763608178
26084,LOF,0.11825615290094608,0.014176003013037652,0.8675678440860162
26085,LOF,0.11127469245183914,0.01243266885953174,0.876292638688629
26086,LOF,0.04087326651045157,0.011494701006577302,0.9476320324829712
26087,LOF,0.038775042897606964,0.010062469340138767,0.9511624877622542
26088,LOF,0.007902362560622104,0.022710087373737177,0.9693875500656406
26089,LOF,0.04394013019470089,0.03129824542380611,0.924761624381493
26090,LOF,0.04466301465360012,0.024789040932937968,0.930547944413462
26091,LOF,0.033129196694262286,0.007446194574981337,0.9594246087307565
26092,LOF,0.044913225482227426,0.008411995704155859,0.9466747788136166
26093,LOF,0.08262649354340165,0.00542630389996193,0.9119472025566363
26094,LOF,0.03717604687516658,0.006835144694746928,0.9559888084300865
26095,LOF,0.04003273226588992,0.01624056626456241,0.9437267014695476
26096,LOF,0.19252223456149692,0.005026759161602654,0.8024510062769004
26097,LOF,0.007293628383513757,0.029907082195283367,0.962799289421203
26098,LOF,0.07349413365864839,0.016362785091231676,0.91014308125012
26099,LOF,0.04655681958710404,0.01546656415834663,0.9379766162545493
26100,LOF,0.04655381494668946,0.015465565991715904,0.9379806190615946
26101,LOF,0.06013046992839565,0.029505427514944768,0.9103641025566596
26102,LOF,0.03633853248853175,0.015696700910196905,0.9479647666012713
26103,Neutral,0.8872390113560978,0.02414420666439438,0.08861678197950773
26104,LOF,0.06016436076042688,0.04099956315775971,0.8988360760818135
26105,LOF,0.25729892105396307,0.15059024356994888,0.5921108353760881
26106,LOF,0.31001255051869264,0.09741352223365188,0.5925739272476555
26107,LOF,0.019710578527263753,0.10701671248478285,0.8732727089879534
26108,LOF,0.2870358339639524,0.04218413368327864,0.670780032352769
26109,LOF,0.09838180844544671,0.03885592386537247,0.8627622676891809
26110,LOF,0.4712775836622719,0.008763878931112978,0.519958537406615
26111,LOF,0.05531177768829342,0.14244281985334248,0.8022454024583642
26112,LOF,0.057070889704335284,0.008983466281025285,0.9339456440146394
26113,LOF,0.11385885080144491,0.02167623096476863,0.8644649182337865
26114,LOF,0.09338681410908446,0.008557019001312168,0.8980561668896032
26115,LOF,0.016129409562625888,0.04748442090908135,0.9363861695282928
26116,LOF,0.07772915432105532,0.017503909140387425,0.9047669365385571
26117,LOF,0.3489717967220889,0.030455437969707438,0.6205727653082037
26118,LOF,0.05133377726120927,0.01495389678830427,0.9337123259504864
26119,LOF,0.006071997789109325,0.034482955713703634,0.959445046497187
26120,LOF,0.034075633796296134,0.013843076376159513,0.9520812898275445
26121,LOF,0.004038918365684026,0.1096131295836398,0.8863479520506761
