feature0,prediction,LoGoFunc_Neutral,LoGoFunc_GOF,LoGoFunc_LOF
25546,Neutral,0.7478348496240486,0.03439064983766257,0.21777450053828887
25547,Neutral,0.6046449333105044,0.07458944275983492,0.3207656239296607
25548,Neutral,0.6152483773547336,0.051209220994274864,0.3335424016509915
25549,Neutral,0.5431592779527789,0.051651004446548514,0.4051897176006726
25550,LOF,0.3714063773448786,0.10539942553495926,0.5231941971201621
25551,LOF,0.29110877156979204,0.11864848136592453,0.5902427470642835
25552,LOF,0.2183361459086061,0.11266696303972826,0.6689968910516656
25553,Neutral,0.8505755538186746,0.025482519811815294,0.12394192636951015
25554,LOF,0.25803446198414387,0.10577064999630309,0.6361948880195532
25555,LOF,0.2135910396669887,0.09229375969862784,0.6941152006343836
25556,Neutral,0.47619385765419275,0.09047696465644169,0.4333291776893656
25557,LOF,0.20100046656707143,0.09837713563095939,0.7006223978019692
25558,LOF,0.24044877077554425,0.10496311682988255,0.6545881123945732
25559,LOF,0.3805505981690938,0.09580706005912418,0.523642341771782
25560,LOF,0.056021773937403145,0.12021933757818895,0.8237588884844078
25561,LOF,0.12208079137035015,0.11826003983550214,0.7596591687941476
25562,LOF,0.084463281379062,0.06984051955341655,0.8456961990675215
25563,LOF,0.10831382167637996,0.06260510578507746,0.8290810725385425
25564,LOF,0.27707658328504475,0.11915292716858447,0.6037704895463708
25565,LOF,0.14493071128724241,0.11318358128127835,0.7418857074314792
25566,GOF,0.012590092757914643,0.7824883124976119,0.2049215947444736
25567,LOF,0.02039824555016679,0.17328689042130552,0.8063148640285276
25568,LOF,0.054751723626357544,0.06755974366697058,0.877688532706672
25569,LOF,0.05619993242912138,0.06906761607583707,0.8747324514950415
25570,LOF,0.05590408481486938,0.10235925920139276,0.8417366559837379
25571,LOF,0.049056607274189645,0.09568678637689543,0.855256606348915
25572,LOF,0.0627520611379562,0.1196544595458475,0.8175934793161963
25573,LOF,0.033787265681127304,0.09539115572570026,0.8708215785931724
25574,LOF,0.02099861955329077,0.14801553339928114,0.8309858470474282
25575,LOF,0.042892723855873185,0.11300246189467332,0.8441048142494534
25576,LOF,0.019295346085504577,0.12986680096424655,0.8508378529502488
25577,LOF,0.016008369822437637,0.12047985910373905,0.8635117710738233
25578,LOF,0.29596914690418547,0.08833131465654556,0.6156995384392691
25579,LOF,0.1284738616653663,0.10599307894661134,0.7655330593880224
25580,LOF,0.028474588506945765,0.08199498914207856,0.8895304223509757
25581,LOF,0.05072057620476688,0.07146170262019241,0.8778177211750406
25582,LOF,0.05014070032621674,0.06902270463275553,0.8808365950410276
25583,LOF,0.035739850442163275,0.09662563476947952,0.8676345147883573
25584,Neutral,0.4944714991970189,0.10734749037369523,0.39818101042928583
25585,LOF,0.02013973968516268,0.13172311224703537,0.8481371480678019
25586,LOF,0.029536144962507845,0.07607113859663905,0.894392716440853
25587,LOF,0.029076882498039216,0.07035100546060853,0.9005721120413522
25588,LOF,0.029853341861970962,0.08707173314578438,0.8830749249922446
25589,Neutral,0.6472797181245481,0.11693682031515978,0.23578346156029212
25590,LOF,0.036160511797521694,0.13063257619248075,0.8332069120099975
25591,LOF,0.09113489380936309,0.061832474381153676,0.8470326318094832
25592,LOF,0.09823570398139277,0.12932795176328385,0.7724363442553234
25593,LOF,0.03414787960595158,0.2599887452447247,0.7058633751493237
25594,LOF,0.048846405503978896,0.15214880145103854,0.7990047930449825
25595,LOF,0.06352679771006943,0.09865424375617546,0.8378189585337551
25596,LOF,0.052339596956674644,0.08339245489443975,0.8642679481488856
25597,LOF,0.037317343660662035,0.07747462411660486,0.8852080322227331
25598,LOF,0.05591943250818689,0.10172264357474942,0.8423579239170637
25599,GOF,0.006452664119923706,0.6227136321820074,0.3708337036980689
25600,GOF,0.01259031960800029,0.6133006258889512,0.37410905450304843
25601,LOF,0.00926260141573986,0.44437887079956206,0.5463585277846981
25602,LOF,0.01784265538976501,0.05273229976912278,0.9294250448411121
25603,LOF,0.05452447187562666,0.021458446629715983,0.9240170814946573
25604,LOF,0.03020899154127736,0.06009128330089646,0.9096997251578263
25605,LOF,0.008775848680788692,0.23451387985812963,0.7567102714610816
25606,LOF,0.08185046077054332,0.3889173750547269,0.5292321641747298
25607,LOF,0.005951592529980242,0.21195283378264354,0.7820955736873763
25608,LOF,0.01723045982493904,0.0876852354796792,0.8950843046953818
25609,LOF,0.054444240999419934,0.4020966172021486,0.5434591417984315
25610,LOF,0.0334904042043591,0.024658296922568095,0.9418512988730728
25611,LOF,0.03952834863780213,0.024014136461775016,0.936457514900423
25612,LOF,0.10033474849686179,0.0406345979824171,0.8590306535207212
25613,LOF,0.08671734723270902,0.03951678086138357,0.8737658719059073
25614,LOF,0.027867352656099402,0.03161875062536531,0.9405138967185352
25615,LOF,0.037117138486092625,0.04056291072904255,0.9223199507848648
25616,LOF,0.026492714621767183,0.032034474173041665,0.9414728112051912
25617,LOF,0.02634159489641729,0.037111807780099086,0.9365465973234838
25618,LOF,0.13023454661600642,0.028914642919261407,0.8408508104647322
25619,LOF,0.028421785832961233,0.030296018701546454,0.9412821954654923
25620,LOF,0.03398840705786922,0.037347094975310836,0.92866449796682
25621,LOF,0.02777161273164477,0.03480907289811993,0.9374193143702353
25622,LOF,0.03666852423470242,0.0359988888957772,0.9273325868695204
25623,LOF,0.05381528655350437,0.026871857428101036,0.9193128560183945
25624,LOF,0.02566756097813439,0.041906264115497326,0.9324261749063683
25625,LOF,0.03610543634859217,0.04395677030743888,0.919937793343969
25626,LOF,0.07667697968261969,0.033144096555346364,0.8901789237620339
25627,Neutral,0.5662356874962952,0.1077588366895629,0.3260054758141418
25628,LOF,0.20854551111840436,0.04908239515071066,0.742372093730885
25629,LOF,0.058576769910750524,0.059253255194715505,0.882169974894534
25630,LOF,0.1800460663491731,0.08064964010309461,0.7393042935477324
25631,Neutral,0.6239009557508931,0.05757876803912405,0.31852027620998274
25632,LOF,0.013228840068625758,0.10735995056364683,0.8794112093677274
25633,LOF,0.09727809233260235,0.08619138363735461,0.816530524030043
25634,LOF,0.03302764051555832,0.112210256476833,0.8547621030076086
25635,LOF,0.03634876624364353,0.07860973183921904,0.8850415019171375
25636,GOF,0.0038191605675770386,0.6264429062108073,0.36973793322161563
25637,GOF,0.0037677604478758243,0.6940408273135894,0.30219141223853474
25638,LOF,0.006310810030822751,0.40382906068842983,0.5898601292807474
25639,GOF,0.003513633617551656,0.5397141116367621,0.4567722547456863
25640,GOF,0.454328180756139,0.47498221687603415,0.07068960236782688
25641,LOF,0.008515898233766877,0.34842334516824935,0.6430607565979838
25642,LOF,0.24666362308706066,0.07253102583164593,0.6808053510812934
25643,LOF,0.31235445891919483,0.14860259682376234,0.5390429442570429
25644,GOF,0.015131178250286285,0.5599882558191606,0.4248805659305531
25645,LOF,0.012509842490552684,0.4913012316139429,0.49618892589550456
25646,LOF,0.019417473841124105,0.3190458295051644,0.6615366966537115
25647,LOF,0.01330123312727869,0.2855187506757844,0.7011800161969368
25648,LOF,0.013475118919836899,0.28456418315645005,0.7019606979237131
25649,LOF,0.01122395851130264,0.20139277639740316,0.7873832650912942
25650,LOF,0.02167610734334533,0.4487028567012727,0.529621035955382
25651,LOF,0.00849821859115868,0.2868634198682494,0.704638361540592
25652,LOF,0.014060300034531223,0.2675826980167912,0.7183570019486776
25653,LOF,0.052605597881695255,0.371578247704713,0.5758161544135918
25654,LOF,0.014525099668331527,0.15345226102728343,0.8320226393043851
25655,LOF,0.08093839678824138,0.4070412307746995,0.512020372437059
25656,LOF,0.09910821770107975,0.0700903344151338,0.8308014478837865
25657,LOF,0.3171355835252798,0.03167455995709679,0.6511898565176233
25658,LOF,0.043294341027558254,0.09772312200856056,0.8589825369638812
25659,LOF,0.3493724894013258,0.08073668793369522,0.5698908226649789
25660,LOF,0.06534148469024527,0.10040018795301905,0.8342583273567357
25661,LOF,0.04484858779682729,0.0739638485525063,0.8811875636506664
25662,LOF,0.027730532235818634,0.05147837852956348,0.9207910892346179
25663,LOF,0.036604039103847026,0.07292611282981411,0.8904698480663388
25664,LOF,0.04572941813153279,0.08533395335295438,0.8689366285155129
25665,LOF,0.05477520934837464,0.05054641525300766,0.8946783753986177
25666,LOF,0.04110926149406952,0.12613488007415916,0.8327558584317714
25667,LOF,0.030509328066934915,0.05740676176964172,0.9120839101634233
25668,LOF,0.03187248252751575,0.05950948457163262,0.9086180329008515
25669,LOF,0.03900522053895098,0.0909335276489953,0.8700612518120536
25670,LOF,0.08042635172325208,0.08697595133366626,0.8325976969430816
25671,LOF,0.03863348455659398,0.050109946692122743,0.9112565687512834
25672,LOF,0.06059045754162207,0.06901635294364156,0.8703931895147363
25673,LOF,0.048087570740240206,0.07412143061922656,0.8777909986405332
25674,LOF,0.04422957510270784,0.07565490340732597,0.8801155214899661
25675,LOF,0.051635292856593885,0.06553781862495368,0.8828268885184525
25676,LOF,0.031988914341025486,0.062438513029787854,0.9055725726291866
25677,LOF,0.06010222547896231,0.06819691586516974,0.8717008586558679
25678,LOF,0.29779399369646314,0.037225683880754874,0.6649803224227819
25679,LOF,0.17000730294755823,0.08014936013498718,0.7498433369174546
25680,LOF,0.05808880689206995,0.10282318133628299,0.8390880117716469
25681,LOF,0.10449788121298682,0.09656108866915417,0.798941030117859
25682,LOF,0.04289909751383922,0.08738557952537368,0.8697153229607871
25683,LOF,0.10877037587930324,0.10303245628406812,0.7881971678366286
25684,LOF,0.05635509198177907,0.08126465484209834,0.8623802531761227
25685,LOF,0.1049269272393056,0.04371876970407656,0.8513543030566179
25686,LOF,0.03370705620361975,0.096517004173153,0.8697759396232272
25687,LOF,0.03859665064653816,0.0856001665660062,0.8758031827874557
25688,LOF,0.032603752413730355,0.08038515723147387,0.8870110903547959
25689,LOF,0.02008579196825408,0.06803524836201795,0.911878959669728
25690,LOF,0.02429555613819693,0.08001696032573881,0.8956874835360643
25691,LOF,0.2625968229817304,0.1057761651206376,0.631627011897632
25692,LOF,0.29672554062058737,0.008505707327286461,0.6947687520521261
25693,LOF,0.10027115896980394,0.1401419585895913,0.7595868824406048
25694,LOF,0.2475806580422524,0.01423693165134082,0.7381824103064067
25695,LOF,0.15680433282729156,0.01740776536203068,0.8257879018106777
25696,LOF,0.1600269344517133,0.009124000108166995,0.8308490654401196
25697,LOF,0.15327259598914172,0.028889308926666826,0.8178380950841914
25698,LOF,0.03245174472568437,0.38436650432920366,0.5831817509451119
25699,LOF,0.07309108161137488,0.08746371927428408,0.8394451991143411
25700,LOF,0.034867318844588116,0.011486863021476302,0.9536458181339356
25701,LOF,0.018906131859494527,0.08230469236347486,0.8987891757770305
25702,GOF,0.03373985137414513,0.7279147298711091,0.23834541875474577
25703,LOF,0.013316906031476075,0.20418551891749614,0.7824975750510278
25704,LOF,0.09521604633931231,0.14531548098372513,0.7594684726769626
25705,LOF,0.05996026470749481,0.23635851304715316,0.703681222245352
25706,GOF,0.05178250678412645,0.5951480054297791,0.3530694877860945
25707,GOF,0.031107721315878505,0.5280663838404926,0.4408258948436289
25708,LOF,0.009398854119957391,0.43511544445891753,0.5554857014211251
25709,LOF,0.018475318270560415,0.060376801839118935,0.9211478798903208
25710,LOF,0.008854694585668477,0.18055598371676806,0.8105893216975634
25711,LOF,0.02077757715488116,0.11880816597816306,0.8604142568669558
25712,LOF,0.009619902588445755,0.23704444769915897,0.7533356497123953
25713,LOF,0.01783683938439181,0.10115663134877724,0.881006529266831
25714,LOF,0.020161668392153297,0.13907144682168002,0.8407668847861668
25715,LOF,0.018662132241961945,0.11774824838186267,0.8635896193761753
25716,LOF,0.010752334595031257,0.12727824066213683,0.8619694247428319
25717,LOF,0.00620471430646664,0.1261529988189421,0.8676422868745912
25718,LOF,0.017833754547912466,0.07316007328977815,0.9090061721623095
25719,LOF,0.031481389433251065,0.07870208389181968,0.8898165266749293
25720,LOF,0.021605837708024055,0.08354487792609366,0.8948492843658824
25721,LOF,0.021948196111276908,0.09000836134774823,0.8880434425409749
25722,LOF,0.01792129280539954,0.11726324560405614,0.8648154615905443
25723,LOF,0.02089339525045307,0.06767394006509335,0.9114326646844535
25724,LOF,0.03714304947608733,0.0989455862260187,0.863911364297894
25725,LOF,0.021307796537671283,0.061925319040275206,0.9167668844220535
25726,LOF,0.01563749080644756,0.08950378921118123,0.8948587199823712
25727,LOF,0.01927227885708966,0.0806199652144148,0.9001077559284956
25728,LOF,0.01752924011122587,0.09406225066816362,0.8884085092206105
25729,LOF,0.01806505507502122,0.09596127617116312,0.8859736687538156
25730,LOF,0.01885879791050434,0.07639510164081603,0.9047461004486796
25731,LOF,0.012168318884725846,0.15821974393962843,0.8296119371756456
25732,LOF,0.017994261269120355,0.08847732274716932,0.8935284159837104
25733,LOF,0.027727932330599708,0.07620900692268678,0.8960630607467135
25734,LOF,0.007839480824331876,0.2083237745424991,0.7838367446331691
25735,LOF,0.022400999610466012,0.07168256819546487,0.905916432194069
25736,LOF,0.02101512482348033,0.10946644151242524,0.8695184336640944
25737,LOF,0.042492790018915816,0.08945159139193701,0.8680556185891471
25738,LOF,0.020630601466649776,0.14222049907277062,0.8371488994605796
25739,LOF,0.021779438167303,0.1359856858872175,0.8422348759454795
25740,LOF,0.049669698434571204,0.13185888320523062,0.8184714183601981
25741,LOF,0.025532571977012843,0.1127583114227334,0.8617091166002537
25742,LOF,0.03506883288988427,0.13059520024197258,0.834335966868143
25743,LOF,0.012268472361136581,0.04594419722994495,0.9417873304089185
25744,LOF,0.12006368648760463,0.3765006794641813,0.503435634048214
25745,LOF,0.020613273171849238,0.07330681591471322,0.9060799109134375
25746,LOF,0.010823303348792186,0.09286675439414019,0.8963099422570677
25747,LOF,0.03482960651169942,0.035216473657948034,0.9299539198303526
25748,LOF,0.178020558684179,0.06118533767396981,0.7607941036418512
25749,LOF,0.014920606533696378,0.05211228869973806,0.9329671047665656
25750,LOF,0.015854706652862052,0.08418778023603786,0.8999575131111001
25751,LOF,0.03877114943131469,0.07073138793252645,0.8904974626361588
25752,GOF,0.08932727056484767,0.6394255947525672,0.27124713468258493
25753,LOF,0.00709884314246312,0.36570668404917245,0.6271944728083645
25754,GOF,0.005284222241079128,0.8552666703190909,0.13944910743983
25755,LOF,0.010670614735853208,0.4362450846519325,0.5530843006122144
25756,LOF,0.04724786745509909,0.44826196785690636,0.5044901646879946
25757,GOF,0.0067852764013928875,0.8743641341441503,0.11885058945445688
25758,GOF,0.008344466000906804,0.8508067638994535,0.14084877009963948
25759,GOF,0.004951230253288365,0.5738320359701953,0.4212167337765164
25760,LOF,0.00685652873384755,0.3165450888325751,0.6765983824335774
25761,GOF,0.048561926080611766,0.8367284841573166,0.1147095897620716
25762,LOF,0.028284932993912056,0.36837758008167926,0.6033374869244087
25763,LOF,0.008702753939928285,0.24703928998514196,0.7442579560749298
25764,GOF,0.10131970257385542,0.5673192588725418,0.3313610385536028
25765,GOF,0.0072665011990488805,0.8340056691134841,0.15872782968746715
25766,GOF,0.03041066623637847,0.8009423723079078,0.16864696145571373
25767,GOF,0.014624089214142832,0.5165383196428242,0.4688375911430331
25768,LOF,0.038155224655286875,0.07539473112045968,0.8864500442242536
25769,LOF,0.023028325407519108,0.0791220488286317,0.8978496257638492
25770,LOF,0.14270366083974295,0.0713452748858285,0.7859510642744285
25771,LOF,0.017312496283150635,0.08148885053136459,0.9011986531854848
25772,LOF,0.024920273037005662,0.02991953992773055,0.9451601870352638
25773,LOF,0.012880254357319768,0.07907150676283,0.9080482388798503
25774,LOF,0.024883509607916743,0.1036643861783397,0.8714521042137436
25775,LOF,0.02142323956935598,0.04561821874902251,0.9329585416816216
25776,LOF,0.02604454053574617,0.026752992152952664,0.9472024673113011
25777,LOF,0.17585057872868723,0.07246881848429969,0.751680602787013
25778,LOF,0.01966193602638298,0.054167760744656505,0.9261703032289607
25779,GOF,0.036093755859295494,0.905403306151852,0.05850293798885259
25780,GOF,0.06444562711808823,0.8848034755535149,0.05075089732839696
25781,GOF,0.027490628431362032,0.8802169910300629,0.09229238053857507
25782,GOF,0.034844632846194164,0.9082260640091611,0.05692930314464478
25783,GOF,0.01943578143758087,0.7632367811732061,0.217327437389213
25784,GOF,0.10513169825626624,0.8557325785002893,0.039135723243444456
25785,GOF,0.07343926811915252,0.8875095073271222,0.03905122455372526
25786,GOF,0.0059003321984569534,0.853552907591017,0.14054676021052598
25787,GOF,0.16470556868758504,0.806477118703993,0.028817312608422126
25788,LOF,0.01572143641945859,0.19460137739306213,0.7896771861874793
25789,GOF,0.019644524245851325,0.8676996506740746,0.11265582508007412
25790,GOF,0.02310121703718009,0.89038176341649,0.08651701954632993
25791,GOF,0.017124477619674044,0.8392214932456583,0.14365402913466765
25792,GOF,0.027370552385216018,0.8510091794463573,0.12162026816842658
25793,GOF,0.07361919778198178,0.845598079261326,0.08078272295669217
25794,GOF,0.05635391361796956,0.7952623630385149,0.14838372334351546
25795,GOF,0.04151146377373279,0.7801777055480311,0.17831083067823594
25796,GOF,0.07580744061945657,0.8234603683666686,0.10073219101387473
25797,GOF,0.036735740865494707,0.7129157835118654,0.25034847562263984
25798,GOF,0.0031963313250629862,0.6677424824160071,0.3290611862589298
25799,GOF,0.0028955300754080174,0.5477978812299507,0.4493065886946414
25800,GOF,0.011316776580800677,0.73721504205689,0.2514681813623092
25801,GOF,0.015796979301227247,0.887945177795476,0.09625784290329666
25802,GOF,0.02372630989335188,0.8235195017948974,0.15275418831175075
25803,GOF,0.011833281943370353,0.7244197281139086,0.26374698994272106
25804,GOF,0.014429612078682008,0.6387176676140713,0.3468527203072467
25805,GOF,0.024769591160332352,0.7322257341406003,0.24300467469906722
25806,GOF,0.02110867704817336,0.778104214998493,0.20078710795333354
25807,GOF,0.005650120135312465,0.7363472720591434,0.25800260780554407
25808,GOF,0.015526088174535383,0.7782372455011867,0.2062366663242779
25809,GOF,0.006822009392968604,0.7441143797898142,0.2490636108172172
25810,GOF,0.005807816082250864,0.7494106421233545,0.24478154179439462
25811,GOF,0.047079238565419734,0.8718184519853283,0.08110230944925216
25812,GOF,0.016422219832732343,0.7237099697429871,0.25986781042428053
25813,GOF,0.10175034484196445,0.8054810742029367,0.09276858095509871
25814,GOF,0.025477983187239945,0.809075749320522,0.16544626749223806
25815,GOF,0.04119092281489288,0.8361660280818305,0.12264304910327652
25816,GOF,0.0077290590614748625,0.8608628730649653,0.1314080678735598
25817,GOF,0.09388972237609654,0.7830945336363571,0.12301574398754629
25818,GOF,0.02633476023414335,0.8241990508073459,0.14946618895851066
25819,GOF,0.06671515300235052,0.7747534998556876,0.1585313471419618
25820,GOF,0.032566223188065305,0.7652849932360003,0.20214878357593433
25821,GOF,0.01957341696083336,0.7668765624158269,0.21355002062333978
25822,GOF,0.039343412995173965,0.779616741247153,0.18103984575767298
25823,GOF,0.015281265307994004,0.6548699763685694,0.3298487583234366
25824,GOF,0.02673214457245515,0.7641903008884154,0.20907755453912946
25825,GOF,0.016876488795590342,0.7595315952862872,0.22359191591812244
25826,GOF,0.005739743527228692,0.7178846601048476,0.2763755963679238
25827,GOF,0.008076944801059895,0.6928000956622238,0.29912295953671625
25828,GOF,0.0057507926433197215,0.6565825723747268,0.3376666349819535
25829,GOF,0.0031438053637399496,0.724341655052712,0.27251453958354804
25830,GOF,0.039819126465148715,0.5335690263432754,0.4266118471915759
25831,GOF,0.04748778080335017,0.8543586634346599,0.09815355576198997
25832,GOF,0.00881718870389703,0.812177995730429,0.17900481556567388
25833,GOF,0.032787870992458806,0.8603940165941546,0.10681811241338654
25834,GOF,0.008542802859711337,0.8244654594468489,0.16699173769343958
25835,GOF,0.018702186136265838,0.8665219803250092,0.11477583353872496
25836,GOF,0.006622102388836317,0.8327555470273487,0.16062235058381488
25837,GOF,0.0073156294737909775,0.7293661419679383,0.26331822855827064
25838,GOF,0.019943083266356416,0.8770042664668799,0.10305265026676375
25839,GOF,0.040790176810762135,0.8685658888433518,0.09064393434588598
25840,GOF,0.05858264670618226,0.853778095695866,0.08763925759795181
25841,GOF,0.051115742344300406,0.866081348910553,0.08280290874514665
25842,GOF,0.02650539713885911,0.9012823011721965,0.07221230168894438
25843,GOF,0.027278672023911564,0.9077945048075411,0.0649268231685474
25844,GOF,0.01705415903740851,0.8618456154688678,0.12110022549372364
25845,GOF,0.005477131151131681,0.6638914673286516,0.3306314015202168
25846,GOF,0.04325073850380412,0.8767138667173769,0.08003539477881888
25847,GOF,0.018658388776863943,0.916742076996846,0.06459953422629008
25848,GOF,0.01654963847453418,0.8674495757779229,0.11600078574754288
25849,GOF,0.004837646474277979,0.7596747268674354,0.23548762665828668
25850,GOF,0.006623953879603752,0.7909058007978506,0.20247024532254568
25851,GOF,0.005654615603320199,0.6651579673078148,0.32918741708886495
25852,GOF,0.13442196370200737,0.6401337663074671,0.2254442699905255
25853,GOF,0.08035026562231896,0.84448346798768,0.07516626639000114
25854,GOF,0.00550865225877058,0.7188994301915866,0.27559191754964285
25855,GOF,0.01550293878137961,0.6770030798986704,0.30749398131995015
25856,GOF,0.03920182172897359,0.8093869033013251,0.15141127496970144
25857,GOF,0.013694276705009962,0.6663011761135864,0.32000454718140364
25858,GOF,0.007735276096021499,0.6531597708120129,0.3391049530919656
25859,GOF,0.00565134605750068,0.6336018790962399,0.3607467748462594
25860,GOF,0.08404608174749766,0.832241098634678,0.08371281961782434
25861,GOF,0.08075595452544035,0.8367136049034989,0.08253044057106086
25862,GOF,0.021731369749764563,0.8709577649566074,0.10731086529362803
25863,GOF,0.020750537876291764,0.8797446474470724,0.09950481467663584
25864,GOF,0.04651681620180673,0.8787266457914616,0.07475653800673157
25865,GOF,0.033868265248839166,0.8439347891683691,0.1221969455827917
25866,GOF,0.026105159936585468,0.8682689235120882,0.10562591655132623
25867,GOF,0.03235509541623976,0.8856313663601246,0.08201353822363558
25868,GOF,0.05182645014004978,0.8622117322849838,0.08596181757496633
25869,GOF,0.33269732755095593,0.6092730868178007,0.058029585631243524
25870,GOF,0.07507535722124309,0.7196081277805741,0.2053165149981829
25871,GOF,0.010786821589975197,0.8900230585297,0.0991901198803248
25872,GOF,0.020052783122499265,0.8862332645403146,0.09371395233718603
25873,GOF,0.01990617027684634,0.9010367067863801,0.07905712293677353
25874,LOF,0.017302261898924635,0.2213816890712825,0.7613160490297928
25875,LOF,0.046725554989869036,0.048205962694073734,0.9050684823160572
25876,LOF,0.01741630647249837,0.039820604128483185,0.9427630893990183
25877,LOF,0.112056195377548,0.08611270792862681,0.8018310966938251
25878,LOF,0.06787227655541371,0.12340957583980318,0.8087181476047831
25879,LOF,0.027014311050434708,0.08647421167330513,0.8865114772762602
25880,LOF,0.058738279949434195,0.012814494007336362,0.9284472260432294
25881,Neutral,0.569578177711831,0.06847057438462166,0.3619512479035475
25882,LOF,0.055742837809896716,0.029019916132303293,0.9152372460578001
25883,LOF,0.029553282575134378,0.023675184266030717,0.9467715331588348
25884,LOF,0.028148448630776406,0.0457323129089312,0.9261192384602924
25885,LOF,0.21913489252423954,0.012102809830777954,0.7687622976449826
25886,LOF,0.14563975887260996,0.06131954502827664,0.7930406960991133
25887,LOF,0.21176156661252632,0.06393403425590655,0.7243043991315672
25888,LOF,0.012529907418127774,0.1433039820165049,0.8441661105653674
25889,LOF,0.034671104050291446,0.03134373441579372,0.9339851615339149
25890,LOF,0.12306251164330916,0.11397150057198704,0.7629659877847039
25891,LOF,0.08995218339370878,0.022030805782313888,0.8880170108239773
25892,LOF,0.010050320459414045,0.03050640118153685,0.9594432783590492
25893,LOF,0.40701363883916863,0.008796658543059029,0.5841897026177724
25894,LOF,0.45193000539746836,0.004869889624651153,0.5432001049778805
25895,LOF,0.35377832200722237,0.011162203175865125,0.6350594748169124
25896,LOF,0.0684355353463171,0.015357386179409514,0.9162070784742735
25897,LOF,0.19580652950475932,0.009108998314568777,0.7950844721806719
25898,LOF,0.17968418978057718,0.029302158329337722,0.7910136518900851
25899,LOF,0.3690362237573618,0.01828757078948297,0.6126762054531554
25900,LOF,0.46559345907198707,0.007892588894108269,0.5265139520339047
25901,LOF,0.0718672118774165,0.0072138093309138335,0.9209189787916696
25902,LOF,0.170691219546949,0.0080793039496133,0.8212294765034378
25903,LOF,0.4352707969655,0.02408450544936428,0.5406446975851357
25904,Neutral,0.5065502673125878,0.02357133391389329,0.4698783987735189
25905,LOF,0.0044305163557216845,0.45307837521173616,0.5424911084325421
25906,LOF,0.009379446364318707,0.10801747389028159,0.8826030797453998
25907,LOF,0.0044600136895687585,0.3291114948980676,0.6664284914123637
25908,LOF,0.004598325292572905,0.2496654270145092,0.7457362476929178
25909,LOF,0.022696493959895616,0.15505214680833015,0.8222513592317742
25910,LOF,0.011010596363459553,0.12847759021827343,0.860511813418267
25911,LOF,0.32254532047556905,0.04028659122391763,0.6371680883005133
25912,LOF,0.06401698253876512,0.056567360862663146,0.8794156565985718
25913,LOF,0.04698134723401985,0.06959880034374633,0.8834198524222338
25914,LOF,0.03765886330833767,0.04533518677815091,0.9170059499135115
25915,LOF,0.18627948021246632,0.2022090394294925,0.6115114803580411
25916,LOF,0.029670960479709043,0.13409214809013398,0.836236891430157
25917,LOF,0.07054937197321377,0.04092039891609689,0.8885302291106894
25918,LOF,0.04353469018798485,0.029571615250319247,0.9268936945616959
25919,LOF,0.037908738682256325,0.02958323987776582,0.9325080214399778
25920,LOF,0.15729394147713258,0.19163300784254783,0.6510730506803197
25921,LOF,0.016931034660167817,0.04000170750972826,0.9430672578301039
25922,LOF,0.017891067343041103,0.036223503789481984,0.9458854288674771
25923,LOF,0.4494020563792351,0.035384052743564626,0.5152138908772003
25924,LOF,0.025192683489023347,0.05979844710067914,0.9150088694102976
25925,LOF,0.0817179522495,0.052109344937355,0.866172702813145
25926,LOF,0.058705790614647174,0.04980743243841587,0.891486776946937
25927,LOF,0.02320793287586748,0.075614505441942,0.9011775616821907
25928,LOF,0.01062304013942826,0.061256435538932036,0.9281205243216396
25929,Neutral,0.5368081664794874,0.03416604378905339,0.42902578973145916
25930,LOF,0.07528231739887747,0.03344518201379582,0.8912725005873268
25931,LOF,0.014539324612540424,0.03876667600170727,0.9466939993857523
25932,LOF,0.06153784041809813,0.033315025648274633,0.9051471339336272
25933,LOF,0.058465288254668506,0.022311007843066836,0.9192237039022647
25934,LOF,0.054997757267298615,0.020360122746040592,0.9246421199866609
25935,LOF,0.0704143420071007,0.06282547858345759,0.8667601794094416
25936,LOF,0.08663321763345123,0.02272473047344633,0.8906420518931025
25937,LOF,0.014438622635748497,0.03965985748076302,0.9459015198834886
25938,LOF,0.06872275363394091,0.05829776295794605,0.8729794834081132
25939,LOF,0.04270072983869789,0.027834898601121403,0.9294643715601807
25940,LOF,0.0093243551186265,0.3773452550240483,0.6133303898573252
25941,Neutral,0.5030409759066481,0.0356830928100753,0.4612759312832766
25942,LOF,0.008660411287617312,0.054338138411592636,0.9370014503007901
25943,LOF,0.046221475410868545,0.18025506232767607,0.7735234622614554
25944,LOF,0.07166730496204547,0.08377172219983002,0.8445609728381245
25945,LOF,0.11466434807334383,0.021828419931122094,0.863507231995534
25946,LOF,0.06755537939698449,0.03880898922905391,0.8936356313739616
25947,Neutral,0.46568875939342497,0.11455792398555062,0.41975331662102444
25948,LOF,0.43214013532954126,0.013197992352134669,0.5546618723183241
25949,LOF,0.14169394788993206,0.067421378686011,0.7908846734240569
25950,GOF,0.06647159826177737,0.6518605479521405,0.2816678537860821
25951,LOF,0.013651173513612221,0.45003613183694885,0.536312694649439
25952,LOF,0.2740809929214571,0.326739130158622,0.39917987691992085
25953,LOF,0.00738378095709143,0.1984163604737763,0.7941998585691323
25954,GOF,0.08973823403216906,0.49512045062931587,0.41514131533851506
25955,LOF,0.007431593852546158,0.175004592988973,0.8175638131584809
25956,LOF,0.01819337537804047,0.26246700412675616,0.7193396204952033
25957,LOF,0.21449427331600623,0.030406773633856563,0.7550989530501372
25958,LOF,0.03442550152380554,0.040394216672209875,0.9251802818039847
25959,GOF,0.014409610636164671,0.5943678697606262,0.39122251960320925
25960,LOF,0.007023507835737734,0.061360018655599875,0.9316164735086623
25961,LOF,0.03268133288911555,0.038493632346963264,0.9288250347639213
25962,LOF,0.03771682374456907,0.06728543402779913,0.8949977422276317
25963,LOF,0.005410125229973183,0.18976110706937632,0.8048287677006504
25964,LOF,0.027331498996730482,0.12382429978041662,0.848844201222853
25965,LOF,0.27756716297965006,0.10964612270301867,0.6127867143173313
25966,Neutral,0.4552076254622476,0.14563484287819323,0.39915753165955925
25967,LOF,0.009596205653170292,0.08013563940571376,0.910268154941116
25968,LOF,0.047254144286926925,0.21983529284000183,0.7329105628730712
25969,LOF,0.12159900021113464,0.04695314135438437,0.831447858434481
25970,LOF,0.024053590276894007,0.08921692012977646,0.8867294895933296
25971,LOF,0.08086660649559167,0.03005523954874446,0.8890781539556638
25972,LOF,0.06349766440270456,0.04710210263902164,0.8894002329582739
25973,LOF,0.06754704209732379,0.01039288468710776,0.9220600732155685
25974,LOF,0.054408514857837514,0.04045307835008862,0.9051384067920739
25975,LOF,0.049610781938717825,0.02030121287485758,0.9300880051864245
25976,LOF,0.1090383433481067,0.010954658255884363,0.880006998396009
25977,LOF,0.18832163492943346,0.08053476407337085,0.7311436009971958
25978,LOF,0.18859964546170999,0.12522362171508228,0.6861767328232077
25979,LOF,0.15493283608139524,0.1380597510102796,0.7070074129083251
25980,LOF,0.26584122473018335,0.17706432843920672,0.55709444683061
25981,LOF,0.26675006031536747,0.17819526529885113,0.5550546743857814
25982,Neutral,0.5000266654199175,0.08982305628935154,0.41015027829073103
25983,Neutral,0.5060636085129825,0.10702390096638273,0.38691249052063487
25984,LOF,0.036212460974715824,0.09324618141741117,0.870541357607873
25985,LOF,0.4014521243082934,0.1400833921597613,0.45846448353194535
25986,LOF,0.01230347166751817,0.40790523861676575,0.5797912897157161
25987,LOF,0.05547211047938622,0.09746080431972048,0.8470670852008934
25988,LOF,0.04067562575455575,0.1653614272223636,0.7939629470230807
25989,LOF,0.03804947392518185,0.20689772786177235,0.7550527982130457
25990,LOF,0.035996304786721084,0.32557766475771394,0.6384260304555649
25991,LOF,0.027610281259234315,0.44564314274426875,0.5267465759964969
25992,LOF,0.0234709674389878,0.43542810203713256,0.5411009305238796
25993,LOF,0.02768199789084741,0.08400718971699705,0.8883108123921555
25994,LOF,0.023837461903800098,0.08510646738023014,0.8910560707159698
25995,LOF,0.021291626312696616,0.15459865681784032,0.8241097168694631
25996,LOF,0.3274946254628929,0.32964007169700754,0.3428653028400996
25997,LOF,0.061174454297234365,0.39341391002089393,0.5454116356818718
25998,LOF,0.24031257577481555,0.03961627948116462,0.7200711447440198
25999,LOF,0.026173810488603306,0.1707192041897372,0.8031069853216594
26000,LOF,0.18719973619229346,0.030354330307355758,0.7824459335003507
26001,LOF,0.2711735075044011,0.0427808058351958,0.6860456866604031
26002,LOF,0.1252622156153743,0.05219336733891985,0.8225444170457058
26003,GOF,0.0058406101333729355,0.650910918508056,0.343248471358571
26004,GOF,0.009044581862226335,0.7119224748679972,0.2790329432697764
26005,GOF,0.004065892197619935,0.5033576173346119,0.49257649046776825
26006,GOF,0.12758542483077767,0.5480863145741168,0.3243282605951055
26007,GOF,0.00865199114542922,0.5374363673533691,0.45391164150120167
26008,GOF,0.006055890211889395,0.6601127438132268,0.33383136597488366
26009,GOF,0.007660806108267643,0.6775590354775191,0.31478015841421325
26010,GOF,0.008478168709887894,0.652532038424912,0.3389897928652002
26011,LOF,0.0034362672438220027,0.4578190090794418,0.5387447236767362
26012,GOF,0.005231414120670284,0.5664253759205039,0.42834320995882585
26013,GOF,0.006979664807111999,0.6152384229621992,0.37778191223068874
26014,LOF,0.05984030696344503,0.112766440552266,0.827393252484289
26015,LOF,0.4000672596466003,0.026046070186031684,0.573886670167368
26016,LOF,0.31789254524879446,0.04772257368845641,0.6343848810627492
26017,LOF,0.024312166478469115,0.2169168476246082,0.7587709858969227
26018,LOF,0.02773615694460108,0.06280810101488596,0.909455742040513
26019,LOF,0.027817395558276566,0.05348719642635641,0.918695408015367
26020,LOF,0.010395495875384395,0.20558361277341414,0.7840208913512015
26021,LOF,0.0848795027785395,0.07619466242776606,0.8389258347936945
26022,LOF,0.044407560150660844,0.032080820856722335,0.9235116189926168
26023,LOF,0.03359124436542582,0.03799837671511582,0.9284103789194583
26024,LOF,0.053545900437346285,0.07229060199239538,0.8741634975702584
26025,LOF,0.0678190681420893,0.09031194674193095,0.8418689851159796
26026,LOF,0.12002403694321091,0.07154565128224132,0.8084303117745477
26027,LOF,0.025891032828732233,0.029342342277766977,0.9447666248935008
26028,LOF,0.11561122187878291,0.13569155058394544,0.7486972275372717
26029,LOF,0.018136966469491082,0.1901967758412658,0.7916662576892431
26030,LOF,0.15179244606326836,0.02613116208220654,0.8220763918545251
26031,LOF,0.008581720810221035,0.1675181020654495,0.8239001771243294
26032,LOF,0.04194705535494207,0.05972088548479538,0.8983320591602625
26033,LOF,0.06460190005732772,0.049946322921741615,0.8854517770209307
26034,LOF,0.01236109287456877,0.14276598321097733,0.8448729239144539
26035,LOF,0.010761449062941126,0.11215077280226263,0.8770877781347962
26036,LOF,0.01024420750196586,0.1259341377684379,0.8638216547295962
26037,LOF,0.008914783299276707,0.10620004755570683,0.8848851691450165
26038,LOF,0.03572248264281779,0.05485257309375026,0.909424944263432
26039,LOF,0.023878279142283056,0.12946134214076727,0.8466603787169497
26040,LOF,0.10485636323461622,0.13675496200554987,0.758388674759834
26041,LOF,0.011381345803716188,0.09127506555888637,0.8973435886373974
26042,LOF,0.010260592627557897,0.10266865119906315,0.887070756173379
26043,LOF,0.035413607539311304,0.07463312329759193,0.8899532691630968
26044,LOF,0.013038554761319751,0.04983185584903627,0.9371295893896441
26045,LOF,0.06221010074754422,0.11556490498018214,0.8222249942722736
26046,LOF,0.030101704500262734,0.055324084086887895,0.9145742114128494
26047,LOF,0.05162927557167481,0.05371626474528255,0.8946544596830427
26048,LOF,0.07564629450093546,0.024759771044437506,0.899593934454627
26049,Neutral,0.9478872222281565,0.007486237706001546,0.04462654006584191
26050,Neutral,0.9264202938385712,0.00819675225865374,0.06538295390277521
26051,LOF,0.017622498479121215,0.08853953523090767,0.8938379662899711
26052,LOF,0.03313026976554565,0.10828412123408607,0.8585856090003684
26053,LOF,0.033510402607319474,0.1502118997626669,0.8162776976300137
26054,LOF,0.04514121143470546,0.02793057880611922,0.9269282097591753
26055,LOF,0.06334687872702435,0.023179063799768803,0.913474057473207
26056,LOF,0.052881239620444394,0.02873711025510746,0.9183816501244482
26057,LOF,0.061161380127801895,0.014387765039132373,0.9244508548330658
26058,LOF,0.06500317100003294,0.011164925868322026,0.923831903131645
26059,LOF,0.20608651552350724,0.028865976756288835,0.7650475077202039
26060,LOF,0.018366575931830047,0.17412746465342588,0.8075059594147441
26061,LOF,0.01299647270758461,0.00996879395352026,0.9770347333388951
26062,LOF,0.007061443427825893,0.01689790594691135,0.9760406506252628
26063,LOF,0.03994730735184771,0.010614280408469871,0.9494384122396825
26064,LOF,0.010629371758102697,0.023329101935363573,0.9660415263065337
26065,LOF,0.04834125871790523,0.011665922861431725,0.9399928184206631
26066,LOF,0.04762427572619007,0.009584105892320048,0.9427916183814898
26067,LOF,0.05602762777371069,0.009011702429420121,0.9349606697968692
26068,LOF,0.05290428697812008,0.045714776006250325,0.9013809370156296
26069,LOF,0.15906269371325474,0.027129681020290907,0.8138076252664544
26070,LOF,0.3351011547726927,0.022150122251324483,0.6427487229759828
26071,LOF,0.04355083814167028,0.011162985871069182,0.9452861759872605
26072,LOF,0.011597707444067186,0.01955380103063725,0.9688484915252956
26073,LOF,0.041189195556888915,0.012937930653938692,0.9458728737891724
26074,Neutral,0.9174058631146121,0.008177315960568402,0.07441682092481944
26075,LOF,0.05327306378180813,0.021602419089631866,0.9251245171285599
26076,LOF,0.060294172494715144,0.010761541014912465,0.9289442864903723
26077,LOF,0.16700791422608183,0.006281009929060066,0.8267110758448581
26078,LOF,0.009278633271083442,0.013255016317313312,0.9774663504116031
26079,LOF,0.0670987071683754,0.024490856733569807,0.9084104360980547
26080,LOF,0.06589329004328999,0.024566233673376948,0.9095404762833331
26081,LOF,0.03631545396764302,0.007915311140601438,0.9557692348917555
26082,LOF,0.008350312713760619,0.013125775010908829,0.9785239122753305
26083,LOF,0.11234793737543339,0.019004910217572005,0.8686471524069945
26084,LOF,0.11593328519405731,0.014123504717808655,0.8699432100881339
26085,LOF,0.10807016994253581,0.011970452258812712,0.8799593777986515
26086,LOF,0.040561012195269655,0.01105826259947434,0.948380725205256
26087,LOF,0.03832976764849149,0.009092243522076637,0.952577988829432
26088,LOF,0.010050549462614817,0.017426519984682306,0.9725229305527029
26089,LOF,0.04348347330304913,0.03589963130528331,0.9206168953916675
26090,LOF,0.044468105399075315,0.0272727576758678,0.9282591369250569
26091,LOF,0.03353708604818773,0.006903164013322376,0.9595597499384898
26092,LOF,0.047011712910134215,0.007582615939966354,0.9454056711498994
26093,LOF,0.08733144815332429,0.005299155128288528,0.9073693967183872
26094,LOF,0.038669179738423015,0.006590445289666588,0.9547403749719103
26095,LOF,0.04137759581947927,0.01721010949216633,0.9414122946883543
26096,LOF,0.23126613063506088,0.004690314309516084,0.7640435550554231
26097,LOF,0.008627385968448318,0.028110402916122462,0.9632622111154291
26098,LOF,0.08237294530589157,0.01831207415269434,0.8993149805414142
26099,LOF,0.048366979618380136,0.015371441650461072,0.9362615787311588
26100,LOF,0.048366979618380136,0.015371441650461072,0.9362615787311588
26101,LOF,0.06080623368852036,0.028737894154758963,0.9104558721567206
26102,LOF,0.0370121728115365,0.01575753165085408,0.9472302955376094
26103,Neutral,0.8782480438368225,0.025726065265339236,0.09602589089783814
26104,LOF,0.060948267050538525,0.04191632458169585,0.8971354083677656
26105,LOF,0.23756457573624662,0.15106673938516754,0.6113686848785859
26106,LOF,0.3049635569521485,0.10766439758971012,0.5873720454581414
26107,LOF,0.023571105794029146,0.08424151615706274,0.8921873780489081
26108,LOF,0.27518217364017533,0.041135126152830874,0.6836827002069938
26109,LOF,0.10238342194305321,0.039044871977492866,0.8585717060794539
26110,LOF,0.4838644824224941,0.007467350840809358,0.5086681667366966
26111,LOF,0.05441197931343309,0.14396578573080065,0.8016222349557663
26112,LOF,0.05312867487938919,0.008367984841815718,0.938503340278795
26113,LOF,0.10553152321698407,0.020184200847072568,0.8742842759359434
26114,LOF,0.09652860721344454,0.006981675012608338,0.8964897177739471
26115,LOF,0.013884576052247159,0.0476665756520849,0.938448848295668
26116,LOF,0.06788475306664231,0.022720418408581407,0.9093948285247762
26117,LOF,0.4004648876189984,0.03248614878993998,0.5670489635910616
26118,LOF,0.05290071908064621,0.015537124512275324,0.9315621564070785
26119,LOF,0.006515243435607731,0.03473446072382604,0.9587502958405663
26120,LOF,0.035930918627364174,0.014738718205711076,0.9493303631669249
