feature0,prediction,LoGoFunc_Neutral,LoGoFunc_GOF,LoGoFunc_LOF
25546,Neutral,0.7528952309190783,0.03367473983397885,0.21343002924694277
25547,Neutral,0.594200452652689,0.07771830878605111,0.32808123856125987
25548,Neutral,0.5681615773122864,0.05578548683214258,0.3760529358555711
25549,Neutral,0.47951368207587913,0.05647848006900082,0.4640078378551201
25550,LOF,0.3254947867174078,0.11091888157946386,0.5635863317031283
25551,LOF,0.28363024688196725,0.11791517365594748,0.5984545794620854
25552,LOF,0.2003406892965185,0.1101513300564242,0.6895079806470573
25553,Neutral,0.8309881993707802,0.03256820073562045,0.13644359989359942
25554,LOF,0.2295810021833244,0.10340814014279143,0.6670108576738841
25555,LOF,0.18929430455555102,0.0896937097975294,0.7210119856469196
25556,LOF,0.3857998096340684,0.09351598222819882,0.5206842081377328
25557,LOF,0.18479742650512465,0.09628689116964491,0.7189156823252304
25558,LOF,0.22111283420928687,0.10570316109123629,0.6731840046994768
25559,LOF,0.40543219927574736,0.08249339405299617,0.5120744066712565
25560,LOF,0.055050742868101285,0.18166846644861603,0.7632807906832827
25561,LOF,0.10729754249422689,0.20747115528854354,0.6852313022172295
25562,LOF,0.10225547478846404,0.08097263570862011,0.8167718895029158
25563,LOF,0.10212208849913683,0.0920711353209322,0.8058067761799309
25564,LOF,0.16431980405499308,0.15904813589224834,0.6766320600527586
25565,LOF,0.15025210640826886,0.12303087108568593,0.7267170225060452
25566,GOF,0.015534896219449002,0.7527424488706548,0.23172265490989613
25567,LOF,0.01378901003289152,0.15832741671983466,0.8278835732472738
25568,LOF,0.05473051675634225,0.07194007856362768,0.8733294046800301
25569,LOF,0.06379844289672142,0.07410214707924016,0.8620994100240384
25570,LOF,0.07390124443541546,0.11347650362387597,0.8126222519407085
25571,LOF,0.06551363918763817,0.10449238830296009,0.8299939725094018
25572,LOF,0.08122757040378777,0.13117748426846568,0.7875949453277465
25573,LOF,0.03024453800822562,0.10502867420850426,0.8647267877832702
25574,LOF,0.01712976689499355,0.17278029348375887,0.8100899396212476
25575,LOF,0.05229626280411886,0.12161881295329234,0.8260849242425888
25576,LOF,0.02163144004148167,0.13257251529392697,0.8457960446645914
25577,LOF,0.015735398660818457,0.1440267986633495,0.840237802675832
25578,LOF,0.24088386559968858,0.10202257989683404,0.6570935545034774
25579,LOF,0.2412108426303367,0.10107270754285305,0.6577164498268102
25580,LOF,0.03606128672739071,0.09129865728391559,0.8726400559886937
25581,LOF,0.05280090296354202,0.08152710581537938,0.8656719912210785
25582,LOF,0.052508062928257895,0.0790445254414174,0.8684474116303248
25583,LOF,0.04770842962565947,0.10659099661818937,0.8457005737561513
25584,Neutral,0.4622479166965858,0.11686018686898501,0.42089189643442926
25585,LOF,0.03353374019498314,0.11488161076999348,0.8515846490350234
25586,LOF,0.039304279826705465,0.0932207438744995,0.867474976298795
25587,LOF,0.03780606894224796,0.08725771569596724,0.8749362153617847
25588,LOF,0.03809936152324836,0.11298900671991116,0.8489116317568405
25589,Neutral,0.6019950401932539,0.13164605994534692,0.2663588998613992
25590,LOF,0.03311817867862656,0.14025263515206804,0.8266291861693055
25591,LOF,0.10503793176734161,0.06937938597536479,0.8255826822572936
25592,LOF,0.10176900699670062,0.15280951532430898,0.7454214776789904
25593,LOF,0.019364569602640803,0.2884183465258104,0.6922170838715488
25594,LOF,0.03177150649593533,0.26850341561971064,0.6997250778843541
25595,LOF,0.04862035843447575,0.20019312794633204,0.7511865136191923
25596,LOF,0.05626730420143282,0.12736438024255778,0.8163683155560094
25597,LOF,0.05787295615338976,0.09857630451978308,0.8435507393268272
25598,LOF,0.03843125193191037,0.2513571929583826,0.7102115551097071
25599,GOF,0.006562863833450975,0.8091994380697062,0.18423769809684284
25600,GOF,0.009741309786414496,0.5813737451045002,0.40888494510908513
25601,GOF,0.007719092894178811,0.5065242439503821,0.48575666315543914
25602,LOF,0.02731719242120014,0.054572619012655914,0.9181101885661439
25603,LOF,0.03478530092124548,0.04292238090923859,0.922292318169516
25604,LOF,0.05201804225469124,0.04436439442975687,0.9036175633155519
25605,LOF,0.009487299332599033,0.25293160342003196,0.737581097247369
25606,LOF,0.0691794978648289,0.4431083031815473,0.4877121989536237
25607,LOF,0.0050224636011752056,0.16653938177999458,0.8284381546188301
25608,LOF,0.06300792160300327,0.047516923977318465,0.8894751544196782
25609,LOF,0.050955597935517676,0.35977584673466023,0.5892685553298221
25610,LOF,0.04227155100647786,0.0342353624738338,0.9234930865196883
25611,LOF,0.05005358195166638,0.03110530860489048,0.9188411094434431
25612,LOF,0.09450815964172604,0.05300936605839077,0.8524824742998831
25613,LOF,0.08129796958052858,0.05175264346604548,0.8669493869534258
25614,LOF,0.03549320809171168,0.04562253867575606,0.9188842532325323
25615,LOF,0.053456275304829694,0.038746277336751955,0.9077974473584184
25616,LOF,0.03671251665449804,0.03839410765659504,0.9248933756889071
25617,LOF,0.03484408841975386,0.042834841852453634,0.9223210697277925
25618,LOF,0.22881943130700655,0.04130662579256677,0.7298739429004266
25619,LOF,0.03436600733237479,0.03890377398891525,0.9267302186787099
25620,LOF,0.04054704552273769,0.04984096292430007,0.9096119915529622
25621,LOF,0.03203467729527292,0.034183851059743406,0.9337814716449836
25622,LOF,0.031558379054010745,0.04567664554578457,0.9227649754002046
25623,LOF,0.06827582736567132,0.038212616979126646,0.8935115556552021
25624,LOF,0.027737073017317142,0.05106311476087508,0.9211998122218078
25625,LOF,0.03561052700629677,0.05369191925715286,0.9106975537365505
25626,LOF,0.0706118846044727,0.036732094520975256,0.8926560208745522
25627,Neutral,0.5729146694395152,0.14266712417881192,0.284418206381673
25628,LOF,0.1736877499240159,0.07612400243511798,0.7501882476408661
25629,LOF,0.06334713207811885,0.13254602029093607,0.8041068476309452
25630,LOF,0.17442051385718327,0.12081600603999995,0.7047634801028168
25631,Neutral,0.5841609923488378,0.10145730561528037,0.31438170203588195
25632,LOF,0.023385581332263972,0.07757044182135714,0.8990439768463788
25633,LOF,0.24531359183539655,0.08369442685143273,0.6709919813131707
25634,LOF,0.0395375825576164,0.10382381158999157,0.856638605852392
25635,LOF,0.048343536192701396,0.08783827692776174,0.8638181868795369
25636,GOF,0.005798058900031496,0.5422534794610834,0.4519484616388851
25637,GOF,0.005332694501739368,0.5145295619817554,0.4801377435165053
25638,LOF,0.009201207767419143,0.4110324413151148,0.5797663509174661
25639,LOF,0.005543365263828208,0.39523579074539283,0.5992208439907789
25640,GOF,0.4126507389775366,0.5439217743933065,0.043427486629156846
25641,LOF,0.006713328011692765,0.412581164098528,0.5807055078897791
25642,LOF,0.23730737318303521,0.09770478342775886,0.6649878433892059
25643,LOF,0.17436623532727794,0.31142165084469714,0.5142121138280249
25644,LOF,0.025852168330595386,0.46224418797176914,0.5119036436976355
25645,LOF,0.02350497526409385,0.4164831650451084,0.5600118596907977
25646,LOF,0.020144489987656954,0.2654507907730051,0.714404719239338
25647,LOF,0.018865031081338395,0.21367499666060427,0.7674599722580573
25648,LOF,0.01639272674723702,0.22562411946938862,0.7579831537833743
25649,LOF,0.014762863702842105,0.1658254404299503,0.8194116958672075
25650,LOF,0.04405222668745399,0.43856970688517133,0.5173780664273748
25651,LOF,0.01328614626928774,0.2109117807724227,0.7758020729582896
25652,LOF,0.01994769040262723,0.22361896875833842,0.7564333408390344
25653,LOF,0.0896124272634023,0.35058114041532074,0.559806432321277
25654,LOF,0.01627874636444096,0.18586138644985037,0.7978598671857087
25655,LOF,0.10508983257182097,0.2505842572501481,0.644325910178031
25656,LOF,0.06100422750231193,0.06290509720740435,0.8760906752902837
25657,LOF,0.28579993735211495,0.027747962353951782,0.6864521002939333
25658,LOF,0.03224873304505233,0.07025998020932929,0.8974912867456184
25659,LOF,0.23324572025584353,0.052046220256532626,0.714708059487624
25660,LOF,0.09011419065883862,0.10577545408647282,0.8041103552546885
25661,LOF,0.07144867936988664,0.07451242747337007,0.8540388931567432
25662,LOF,0.032405788841027974,0.047051759998379204,0.9205424511605927
25663,LOF,0.04373035361490959,0.07429789423995482,0.8819717521451356
25664,LOF,0.030527519236825465,0.10587718505830272,0.8635952957048718
25665,LOF,0.05410191997077053,0.04923519415167493,0.8966628858775546
25666,LOF,0.03954066450600572,0.15175887320005543,0.808700462293939
25667,LOF,0.03249332832587489,0.0636824677503027,0.9038242039238223
25668,LOF,0.044218494709464644,0.0654658623478836,0.8903156429426518
25669,LOF,0.04798696965504835,0.10480152942003115,0.8472115009249206
25670,LOF,0.14383782262300956,0.08157111740812406,0.7745910599688663
25671,LOF,0.03899285969675857,0.05412228030070622,0.9068848600025351
25672,LOF,0.053496132239184854,0.07964431628860846,0.8668595514722067
25673,LOF,0.0378443881786992,0.06969182466571193,0.8924637871555889
25674,LOF,0.028433499334653164,0.07995370761593075,0.8916127930494161
25675,LOF,0.03799159818184231,0.06785600397943875,0.8941523978387189
25676,LOF,0.032355950494777616,0.06910484492656736,0.898539204578655
25677,LOF,0.07866470656399846,0.06683780411154833,0.8544974893244534
25678,LOF,0.13507223665230056,0.049037529907304804,0.8158902334403946
25679,LOF,0.10488834242056802,0.07506247835012601,0.820049179229306
25680,LOF,0.08248820131235941,0.10124978702698975,0.8162620116606509
25681,LOF,0.09478399309889367,0.09769184534783167,0.8075241615532747
25682,LOF,0.053390458194527,0.08444050234139765,0.8621690394640753
25683,LOF,0.0734687544794129,0.10627714194820576,0.8202541035723814
25684,LOF,0.06418769030379413,0.07766952566073457,0.8581427840354713
25685,LOF,0.12632525832821273,0.04096319826419952,0.8327115434075878
25686,LOF,0.03393699458910344,0.09459909853005491,0.8714639068808416
25687,LOF,0.06775595958671805,0.07825133949336652,0.8539927009199154
25688,LOF,0.024752851820753822,0.14286903030634693,0.8323781178728993
25689,LOF,0.016220877554052444,0.08339464545809222,0.9003844769878554
25690,LOF,0.017361937428359096,0.10394219588652642,0.8786958666851145
25691,LOF,0.13303476404462125,0.14813884623250365,0.7188263897228752
25692,LOF,0.17806119201199733,0.020128113961501694,0.8018106940265011
25693,LOF,0.044802311987158665,0.17476729558047396,0.7804303924323674
25694,LOF,0.24414971350393838,0.01227572400441004,0.7435745624916517
25695,LOF,0.1853057356399494,0.01690610869553516,0.7977881556645156
25696,LOF,0.15743987598479012,0.009306733791431362,0.8332533902237785
25697,LOF,0.12047401419715946,0.03111561335713154,0.8484103724457089
25698,LOF,0.02982079110566893,0.3333853118582606,0.6367938970360705
25699,LOF,0.08401188643385715,0.09278124935259861,0.8232068642135443
25700,LOF,0.033380805110334436,0.01526644296275891,0.9513527519269066
25701,LOF,0.017602735691240132,0.08815489274416823,0.8942423715645916
25702,GOF,0.03093992199491819,0.7481307493639975,0.22092932864108425
25703,LOF,0.018386169467921196,0.21609618525817484,0.765517645273904
25704,LOF,0.12182429543425857,0.18024962568644773,0.6979260788792936
25705,LOF,0.08430116760890134,0.2951205426509156,0.620578289740183
25706,GOF,0.03442058023719561,0.5833642913211209,0.3822151284416834
25707,GOF,0.03479351750094123,0.5922535995570201,0.37295288294203865
25708,GOF,0.008466962704950917,0.5836992660406481,0.407833771254401
25709,LOF,0.022750534321088273,0.10360853116339418,0.8736409345155176
25710,LOF,0.005172319926765301,0.2538452179305286,0.7409824621427061
25711,LOF,0.02755177705325307,0.147104768712041,0.8253434542347059
25712,LOF,0.006262822534377526,0.3291004867313069,0.6646366907343155
25713,LOF,0.023382386439411502,0.13866614626887105,0.8379514672917175
25714,LOF,0.026302967539106964,0.1890247789580012,0.7846722535028919
25715,LOF,0.027566239599861455,0.16131462676707828,0.8111191336330603
25716,LOF,0.008543113258694704,0.16128585666354195,0.8301710300777633
25717,LOF,0.006195514618423962,0.15687275284568036,0.8369317325358957
25718,LOF,0.025130848377367163,0.11145004939688259,0.8634191022257501
25719,LOF,0.03213570454399445,0.13885499851077476,0.8290092969452308
25720,LOF,0.03349922401435647,0.12775999511999067,0.8387407808656528
25721,LOF,0.029238646140329567,0.11980258160467211,0.8509587722549983
25722,LOF,0.017832269587431653,0.17177167198809992,0.8103960584244685
25723,LOF,0.028117195942163282,0.10910852523328579,0.8627742788245509
25724,LOF,0.02984829671741284,0.18682969790956913,0.783322005373018
25725,LOF,0.027792907643328608,0.1060304929159676,0.8661765994407038
25726,LOF,0.01784005619660874,0.1431643264641709,0.8389956173392202
25727,LOF,0.025934491050655865,0.13112961645667534,0.8429358924926688
25728,LOF,0.02605861226986746,0.13782103555134725,0.8361203521787852
25729,LOF,0.02467688460569261,0.14796603494720947,0.8273570804470979
25730,LOF,0.027978095622803262,0.10535009944812394,0.8666718049290728
25731,LOF,0.00961393019436848,0.22439704439063846,0.765989025414993
25732,LOF,0.021631233792916336,0.12298048269981451,0.8553882835072691
25733,LOF,0.035677896571731704,0.1191077459052678,0.8452143575230004
25734,LOF,0.006011232671894855,0.2931032154260463,0.7008855519020588
25735,LOF,0.02396540447048461,0.10754822945171476,0.8684863660778007
25736,LOF,0.022522698410094293,0.16303553495446677,0.814441766635439
25737,LOF,0.047984645916189624,0.15884003361588814,0.7931753204679223
25738,LOF,0.025421725268150838,0.1931112335751324,0.7814670411567166
25739,LOF,0.029599719780120184,0.18004969562608433,0.7903505845937954
25740,LOF,0.029811480317236502,0.18645914481150727,0.7837293748712563
25741,LOF,0.03529534715914071,0.15762737675188698,0.8070772760889723
25742,LOF,0.04626828830858493,0.16554348192187823,0.7881882297695367
25743,LOF,0.012963828603811683,0.02758555381188276,0.9594506175843056
25744,LOF,0.15440410092820533,0.3222419537765308,0.5233539452952638
25745,LOF,0.03343336353334182,0.10006809305344333,0.8664985434132148
25746,LOF,0.013934544367475949,0.1433758806709157,0.8426895749616083
25747,LOF,0.03947938348936206,0.029468425985984426,0.9310521905246534
25748,LOF,0.2891730001832339,0.05259764809736891,0.6582293517193971
25749,LOF,0.012613672695259348,0.0827580811391947,0.904628246165546
25750,LOF,0.01812551739896967,0.08206260963215208,0.8998118729688782
25751,LOF,0.04402025291131098,0.05353565100201108,0.902444096086678
25752,GOF,0.08152689810191584,0.7186511183531972,0.19982198354488703
25753,LOF,0.0067638578674092745,0.36638559754217404,0.6268505445904168
25754,GOF,0.006834914038388877,0.8519783515494588,0.14118673441215232
25755,LOF,0.006551382890490457,0.42331594900441843,0.5701326681050911
25756,LOF,0.028538563504023645,0.4261873954669563,0.54527404102902
25757,GOF,0.007605756584668259,0.8588415994004683,0.13355264401486336
25758,GOF,0.00819844284578371,0.8543863751143563,0.13741518203986
25759,GOF,0.005416798601396725,0.582125208084333,0.4124579933142702
25760,LOF,0.005731326144237534,0.30497265774901366,0.6892960161067487
25761,GOF,0.045556045962433726,0.8482020732807694,0.10624188075679694
25762,LOF,0.03238113978680721,0.35513684075699603,0.6124820194561968
25763,LOF,0.006152949408604701,0.28297988363023907,0.7108671669611563
25764,GOF,0.05117397759410985,0.6504239374411781,0.29840208496471204
25765,GOF,0.007682641714949339,0.8433031296763102,0.14901422860874058
25766,GOF,0.0496854345679342,0.8166235714742129,0.1336909939578529
25767,GOF,0.016228609972882096,0.5317532123780473,0.45201817764907065
25768,LOF,0.04852581868251576,0.06413245710528831,0.8873417242121959
25769,LOF,0.03135601897968986,0.07343077991727706,0.895213201103033
25770,LOF,0.12318009928388803,0.06303912362914585,0.8137807770869663
25771,LOF,0.016476482477400797,0.05040347066949043,0.9331200468531088
25772,LOF,0.029101173411780295,0.02356121754130528,0.9473376090469143
25773,LOF,0.020612458534232433,0.04593643924099623,0.9334511022247713
25774,LOF,0.02407965255561553,0.09731645628453457,0.8786038911598499
25775,LOF,0.020343395890581654,0.033382432717135924,0.9462741713922824
25776,LOF,0.0338399369868285,0.019985882190586033,0.9461741808225855
25777,LOF,0.12431511165071711,0.0606152519873865,0.8150696363618964
25778,LOF,0.02380868169832364,0.04776099853664246,0.928430319765034
25779,GOF,0.04527166391689166,0.894148339721603,0.06057999636150541
25780,GOF,0.07470984220527287,0.8780348699230159,0.04725528787171123
25781,GOF,0.029143426694981402,0.8706030666879249,0.10025350661709384
25782,GOF,0.03335323330252581,0.9036621049965717,0.0629846617009023
25783,GOF,0.030665512037202948,0.9258106714567301,0.043523816506066904
25784,GOF,0.08773719066390906,0.8673676153602251,0.044895193975865805
25785,GOF,0.09303116066792654,0.8706066008287768,0.036362238503296694
25786,GOF,0.010677257593154537,0.8971022896319665,0.09222045277487888
25787,GOF,0.22406258547186597,0.733908987847023,0.042028426681111064
25788,LOF,0.018126685274553883,0.17883303896978933,0.8030402757556568
25789,GOF,0.016384224930502633,0.8641141076158038,0.11950166745369357
25790,GOF,0.025511696776694796,0.883472585105049,0.09101571811825626
25791,GOF,0.023678832777923847,0.7831164720948572,0.1932046951272188
25792,GOF,0.027755460402099336,0.8147622957442184,0.15748224385368229
25793,GOF,0.07010529600534933,0.8565095777494294,0.07338512624522121
25794,GOF,0.0399633549953965,0.787586601925171,0.1724500430794324
25795,GOF,0.05169393556729352,0.774133285726239,0.17417277870646744
25796,GOF,0.09824390748748815,0.8296206551295078,0.07213543738300406
25797,GOF,0.07779677093728789,0.7757464189268279,0.14645681013588405
25798,GOF,0.007757356093517728,0.7921849699152086,0.2000576739912737
25799,GOF,0.004614001507470466,0.7198029222302847,0.2755830762622447
25800,GOF,0.02711595680974474,0.8384505578541803,0.13443348533607502
25801,GOF,0.020459357025799502,0.9007636364542526,0.07877700651994801
25802,GOF,0.029902499382795125,0.8183686346279488,0.15172886598925592
25803,GOF,0.02140387601597735,0.726754884334783,0.2518412396492396
25804,GOF,0.031623779780915434,0.7798987805817748,0.18847743963730992
25805,GOF,0.024393336940995474,0.7956267329579336,0.17997993010107102
25806,GOF,0.03192888846942126,0.8046753905936751,0.16339572093690366
25807,GOF,0.010588077756435936,0.7712893258250206,0.21812259641854348
25808,GOF,0.020127759289979646,0.7782680020146437,0.20160423869537658
25809,GOF,0.01108458013065256,0.7506450494090398,0.2382703704603077
25810,GOF,0.00924599488692206,0.7412499507168236,0.24950405439625423
25811,GOF,0.04980267972460919,0.8812343590074464,0.06896296126794446
25812,GOF,0.028425626830049736,0.7981829797693811,0.1733913934005691
25813,GOF,0.1400393871066989,0.7955001671085319,0.06446044578476931
25814,GOF,0.028037446832003193,0.8093769948245999,0.16258555834339694
25815,GOF,0.05340187027328527,0.8427065443756458,0.10389158535106899
25816,GOF,0.009067015225248599,0.8838611916143029,0.10707179316044849
25817,GOF,0.09327568515097821,0.8165156794881261,0.09020863536089566
25818,GOF,0.028439505049489208,0.8097434055735558,0.16181708937695496
25819,GOF,0.045049957964212725,0.7830049854941432,0.17194505654164421
25820,GOF,0.041987868143575,0.743662502065095,0.21434962979133
25821,GOF,0.028351761348922887,0.7608390271504154,0.21080921150066156
25822,GOF,0.047270345852438306,0.7733117055645508,0.1794179485830108
25823,GOF,0.02844484706320744,0.7523050170966802,0.21925013584011238
25824,GOF,0.02872511618352366,0.8070404593092381,0.1642344245072382
25825,GOF,0.022744106286731056,0.794725643006913,0.18253025070635612
25826,GOF,0.010844333708179249,0.7704258459411887,0.21872982035063204
25827,GOF,0.015178249856916475,0.7151621019700741,0.2696596481730094
25828,GOF,0.012708329398422187,0.7687344651121689,0.21855720548940896
25829,GOF,0.004749904343984635,0.7046908476719437,0.29055924798407173
25830,GOF,0.043520148721977306,0.5109893629326219,0.4454904883454008
25831,GOF,0.06138294555846373,0.8316631287236584,0.10695392571787771
25832,GOF,0.011277381483455612,0.7896874319776311,0.19903518653891328
25833,GOF,0.036752159407809154,0.8326537694648436,0.13059407112734728
25834,GOF,0.011537331650420148,0.8014178768911376,0.18704479145844227
25835,GOF,0.02504535911827695,0.8510134755018299,0.12394116537989311
25836,GOF,0.007943211441904595,0.7919936402350282,0.20006314832306732
25837,GOF,0.010811960741025355,0.8111016324921876,0.1780864067667869
25838,GOF,0.025820886596266135,0.8531417494981404,0.12103736390559348
25839,GOF,0.080869042457901,0.8184253486970928,0.10070560884500615
25840,GOF,0.09382733050351807,0.812162639890639,0.0940100296058429
25841,GOF,0.09188856345822126,0.8358530728181813,0.07225836372359719
25842,GOF,0.031708361659965656,0.8865200776859095,0.08177156065412493
25843,GOF,0.03133664503706033,0.8915432674042217,0.07712008755871798
25844,GOF,0.021708330898071084,0.8511359935635949,0.1271556755383339
25845,GOF,0.007642641309937638,0.7822380250746297,0.21011933361543267
25846,GOF,0.07525480449415656,0.8433031770095993,0.08144201849624408
25847,GOF,0.020225441553019304,0.8889593386078269,0.09081521983915379
25848,GOF,0.026561531724486782,0.8483445502824404,0.12509391799307282
25849,GOF,0.008421681036476388,0.8353146365612438,0.15626368240227997
25850,GOF,0.007645733819252101,0.7695561201821222,0.22279814599862588
25851,GOF,0.007149019394009282,0.7279453130635796,0.2649056675424112
25852,GOF,0.15425730910714552,0.5979249874128865,0.24781770347996798
25853,GOF,0.057778799388513616,0.8334864606066534,0.10873474000483305
25854,GOF,0.007104745586722094,0.7454036470338496,0.2474916073794281
25855,GOF,0.01997560884903125,0.7108249336000736,0.2691994575508951
25856,GOF,0.036965131634595624,0.7901699750674951,0.17286489329790938
25857,GOF,0.019403726535488185,0.715519893102573,0.26507638036193865
25858,GOF,0.011115610754476141,0.7385085219426917,0.25037586730283223
25859,GOF,0.008072631613526511,0.7257590949229482,0.26616827346352534
25860,GOF,0.07109808060001349,0.8023516301839334,0.12655028921605302
25861,GOF,0.09961285435163489,0.8140556252550406,0.08633152039332441
25862,GOF,0.026972752635167338,0.8890756246270985,0.08395162273773418
25863,GOF,0.024834198356172617,0.8822135363697402,0.09295226527408706
25864,GOF,0.06390323701777004,0.8861690104994955,0.04992775248273454
25865,GOF,0.051030149974641476,0.8641075534432442,0.08486229658211435
25866,GOF,0.025577121161066786,0.876344337935247,0.09807854090368623
25867,GOF,0.04810519060811258,0.8677107877295043,0.08418402166238302
25868,GOF,0.0665941998112046,0.8340823732191915,0.09932342696960385
25869,GOF,0.34396297851797275,0.5784343439703142,0.07760267751171292
25870,GOF,0.08209499338004447,0.5905368991809069,0.3273681074390486
25871,GOF,0.012990063120114451,0.8722846491665406,0.11472528771334478
25872,GOF,0.025330544112821964,0.8403389000023497,0.13433055588482837
25873,GOF,0.025473301191059318,0.8836608657699295,0.09086583303901129
25874,LOF,0.01819011973368425,0.19919937469977117,0.7826105055665447
25875,LOF,0.0387461740491521,0.059804567893227446,0.9014492580576206
25876,LOF,0.02315749609695757,0.04287636058397089,0.9339661433190715
25877,LOF,0.11693450314533445,0.08281934499547683,0.8002461518591887
25878,LOF,0.09591627043823996,0.13046498705886556,0.7736187425028945
25879,LOF,0.015863810182961725,0.09782126198106525,0.8863149278359731
25880,LOF,0.07591859579065123,0.015193143016365622,0.9088882611929832
25881,Neutral,0.555621048627442,0.07385681417407466,0.3705221371984834
25882,LOF,0.06564051109178025,0.026579901340685087,0.9077795875675347
25883,LOF,0.028039836739955193,0.03058853532587092,0.9413716279341738
25884,LOF,0.0196263648778273,0.04653938407587885,0.9338342510462938
25885,LOF,0.18749807691567782,0.013222226728820676,0.7992796963555016
25886,LOF,0.27222823499195153,0.0600011417417517,0.6677706232662968
25887,LOF,0.1224404895687681,0.10063137988508165,0.7769281305461502
25888,LOF,0.007604657719288277,0.13765038490458992,0.8547449573761219
25889,LOF,0.026023436984561478,0.03958348804760363,0.9343930749678347
25890,LOF,0.18459067676103963,0.05658348116388859,0.7588258420750718
25891,LOF,0.13599329134819962,0.023865571182259425,0.840141137469541
25892,LOF,0.008230246587016241,0.036355673133991635,0.9554140802789922
25893,LOF,0.41368125045019716,0.009490339179765672,0.5768284103700372
25894,LOF,0.38860891319083973,0.006408941220094831,0.6049821455890655
25895,LOF,0.319949468377774,0.014298062506766568,0.6657524691154595
25896,LOF,0.0690217279500754,0.03605056056115376,0.8949277114887708
25897,LOF,0.1310223919878903,0.010667561514330867,0.8583100464977789
25898,LOF,0.13084578643782285,0.03651697980573149,0.8326372337564456
25899,LOF,0.4026478554713314,0.0359430131955282,0.5614091313331404
25900,Neutral,0.4984059869611363,0.010752637739237085,0.49084137529962657
25901,LOF,0.0961924251276976,0.011789911642497873,0.8920176632298046
25902,LOF,0.08967600265017703,0.014705031613083864,0.8956189657367392
25903,LOF,0.28870296952837043,0.02676312655489111,0.6845339039167385
25904,Neutral,0.5188446016247183,0.049232609976847856,0.43192278839843373
25905,LOF,0.00642201635117564,0.4106112780179824,0.5829667056308419
25906,LOF,0.0102515057992335,0.08025064738734583,0.9094978468134206
25907,LOF,0.008875586337873526,0.2784412964709357,0.7126831171911908
25908,LOF,0.009172500808547885,0.26748851183447486,0.7233389873569772
25909,LOF,0.03252901772834447,0.10964240428375122,0.8578285779879044
25910,LOF,0.012390465973680669,0.1540784443853195,0.8335310896409998
25911,LOF,0.1997738916819745,0.028034805087929382,0.7721913032300961
25912,LOF,0.09457046177872203,0.01895120682364684,0.8864783313976311
25913,LOF,0.025638187638580338,0.029966887116510313,0.9443949252449093
25914,LOF,0.044388015624652846,0.026782153285560814,0.9288298310897863
25915,LOF,0.24597393503704157,0.11736965541684591,0.6366564095461126
25916,LOF,0.027513257120684052,0.0582176743712526,0.9142690685080633
25917,LOF,0.08054436087377193,0.025817522490551758,0.8936381166356763
25918,LOF,0.04635524731056603,0.013320880843393423,0.9403238718460406
25919,LOF,0.03933877316324792,0.014026891815995894,0.9466343350207561
25920,LOF,0.33515511512588025,0.25837941189644503,0.4064654729776747
25921,LOF,0.016521779412986173,0.02060434152505495,0.9628738790619589
25922,LOF,0.01567137713847546,0.021989741388481917,0.9623388814730427
25923,LOF,0.4491814986334474,0.017289466042261645,0.5335290353242909
25924,LOF,0.026907994575630412,0.02635295366269504,0.9467390517616746
25925,LOF,0.09433957608455062,0.03295673850865308,0.8727036854067963
25926,LOF,0.07896067761322824,0.022118022518939757,0.898921299867832
25927,LOF,0.02518288693486092,0.051598331962409254,0.9232187811027298
25928,LOF,0.012321366006080057,0.029005699674784727,0.9586729343191351
25929,Neutral,0.5806613839420988,0.01657294560606923,0.4027656704518319
25930,LOF,0.08714443394310709,0.015714147169200093,0.8971414188876928
25931,LOF,0.014629951420880633,0.018202412739510485,0.9671676358396089
25932,LOF,0.07419355451752264,0.017677449168043844,0.9081289963144336
25933,LOF,0.08313393515663725,0.01070162643021527,0.9061644384131475
25934,LOF,0.07718945569923083,0.0096812973007814,0.9131292469999878
25935,LOF,0.08871058077553894,0.029327432961518386,0.8819619862629425
25936,LOF,0.1000273579715424,0.010523684412056837,0.8894489576164007
25937,LOF,0.022216974517494156,0.01747933182617644,0.9603036936563294
25938,LOF,0.09136687836318498,0.028267383592207682,0.8803657380446074
25939,LOF,0.06646004946312674,0.01392693783979967,0.9196130126970736
25940,GOF,0.008478144515970213,0.5007328183490114,0.49078903713501837
25941,LOF,0.42580298016943535,0.036221119526248666,0.537975900304316
25942,LOF,0.011088614316601056,0.04926816514066412,0.9396432205427347
25943,LOF,0.043363455004185626,0.16670336734223867,0.7899331776535757
25944,LOF,0.037019939264672355,0.0737561787874925,0.8892238819478351
25945,LOF,0.15526558662416137,0.02826578900175636,0.8164686243740823
25946,LOF,0.06517619175563162,0.03606079024493765,0.8987630179994308
25947,Neutral,0.4765385218211818,0.0935454915258606,0.42991598665295766
25948,LOF,0.38404148903715213,0.016476661530065273,0.5994818494327825
25949,LOF,0.12875092314733447,0.0888989792735168,0.7823500975791488
25950,GOF,0.10960557762844106,0.5531278656087835,0.33726655676277556
25951,LOF,0.017911461531025397,0.4550740950131419,0.5270144434558328
25952,LOF,0.21230386286175804,0.24566425217669852,0.5420318849615435
25953,LOF,0.00975781599540985,0.30536889395385974,0.6848732900507304
25954,LOF,0.10518215419993528,0.4141000188759102,0.4807178269241545
25955,LOF,0.009328641973442886,0.23686911266025662,0.7538022453663005
25956,LOF,0.012504128736662741,0.3296245335968946,0.6578713376664427
25957,LOF,0.14574231493879916,0.04170750737230778,0.8125501776888931
25958,LOF,0.031387863430870584,0.06305269754260186,0.9055594390265275
25959,GOF,0.00705724826945744,0.7504566752803009,0.24248607645024176
25960,LOF,0.004321943166760149,0.13988900761180192,0.8557890492214381
25961,LOF,0.028830070924889775,0.04849370594397058,0.9226762231311397
25962,LOF,0.03157050535811386,0.0908739186866233,0.8775555759552628
25963,LOF,0.006965747390693228,0.15865931241289677,0.8343749401964099
25964,LOF,0.0373152620602783,0.15539452152754718,0.8072902164121745
25965,LOF,0.2541567908603221,0.143311723935377,0.6025314852043008
25966,LOF,0.33999056308144593,0.1069871488025382,0.5530222881160158
25967,LOF,0.006584223602797123,0.08910588103942862,0.9043098953577742
25968,LOF,0.04184473586163633,0.24299553808623983,0.7151597260521239
25969,LOF,0.14431414645124477,0.06132330096712085,0.7943625525816345
25970,LOF,0.06784509046827428,0.0658500301021698,0.8663048794295558
25971,LOF,0.07028290880830727,0.03106390201197971,0.898653189179713
25972,LOF,0.09038895131009467,0.06151335495581339,0.8480976937340919
25973,LOF,0.05885508980739464,0.012325862570412675,0.9288190476221927
25974,LOF,0.04991058436009345,0.040097346123136354,0.9099920695167701
25975,LOF,0.03501821367451118,0.01923827318167196,0.9457435131438168
25976,LOF,0.0835775477972615,0.012656315413254628,0.9037661367894839
25977,LOF,0.2512221782930531,0.05309887357856182,0.6956789481283852
25978,LOF,0.16349016782049478,0.13365586704652316,0.7028539651329822
25979,LOF,0.1375603876964884,0.15094888508312193,0.7114907272203895
25980,LOF,0.20242686979266275,0.2147531614009018,0.5828199688064355
25981,LOF,0.20284977699894052,0.2166463166337069,0.5805039063673526
25982,LOF,0.35824916710275523,0.11222488660498306,0.5295259462922617
25983,LOF,0.4389889161003089,0.1175717805641592,0.4434393033355319
25984,LOF,0.06606185183296487,0.09241334215599555,0.8415248060110396
25985,Neutral,0.5024965619150953,0.14058815983298897,0.3569152782519157
25986,GOF,0.01311657347315939,0.5090685631997043,0.47781486332713635
25987,LOF,0.03805684361686803,0.09964454025133175,0.8622986161318001
25988,LOF,0.060523140030348775,0.12975464168304426,0.809722218286607
25989,LOF,0.07043283539786926,0.2078408922002725,0.7217262724018583
25990,LOF,0.05301920145785596,0.3368049234084696,0.6101758751336743
25991,LOF,0.029610822953464344,0.46368533190445654,0.5067038451420791
25992,LOF,0.01934520454127941,0.4374042438353709,0.5432505516233497
25993,LOF,0.022265658528763978,0.06277025029770407,0.9149640911735321
25994,LOF,0.030295370260341462,0.0685438127799272,0.9011608169597313
25995,LOF,0.01995601153118019,0.125279918954186,0.8547640695146338
25996,GOF,0.36570764442012704,0.39435038769688263,0.23994196788299035
25997,GOF,0.059108153247300815,0.4787084522676855,0.46218339448501367
25998,LOF,0.24026927677687238,0.038921574260201576,0.720809148962926
25999,LOF,0.04365615058764853,0.1233416339440425,0.8330022154683089
26000,LOF,0.13772212362273534,0.01491984102832397,0.8473580353489406
26001,LOF,0.1995528691151184,0.017687900962088117,0.7827592299227935
26002,LOF,0.10098244269534017,0.026009745331451947,0.8730078119732078
26003,GOF,0.0064421359250847405,0.6385782641576405,0.35497959991727457
26004,GOF,0.012987277798764824,0.6254328731955089,0.3615798490057262
26005,GOF,0.00458661908829064,0.5154082794249822,0.4800051014867271
26006,GOF,0.09575077785854821,0.5620826070248385,0.34216661511661334
26007,GOF,0.0090618064359991,0.5412037403855328,0.4497344531784682
26008,GOF,0.006302820669336163,0.5986456357526987,0.3950515435779651
26009,GOF,0.011165854396863814,0.6218538719018402,0.36698027370129604
26010,GOF,0.008651990470582245,0.5761240869958001,0.4152239225336175
26011,LOF,0.004486650180271323,0.4312195553650865,0.5642937944546422
26012,GOF,0.005428658353078185,0.5779879481498912,0.4165833934970307
26013,GOF,0.010109449074563915,0.5712726619446127,0.4186178889808234
26014,LOF,0.041239034558281915,0.07806103658074579,0.8806999288609723
26015,LOF,0.4040963517308985,0.025224371269778625,0.5706792769993229
26016,LOF,0.29398821737451425,0.03302037349376627,0.6729914091317195
26017,LOF,0.015190554159404424,0.1514097075283237,0.8333997383122718
26018,LOF,0.028290389543702662,0.09008061280028692,0.8816289976560103
26019,LOF,0.027665856002829888,0.07699808905185293,0.8953360549453172
26020,LOF,0.0072948444387237,0.17446329126827148,0.8182418642930047
26021,LOF,0.06200065267200729,0.07390856503624005,0.8640907822917527
26022,LOF,0.03360341003954326,0.03696939868977431,0.9294271912706825
26023,LOF,0.02263248965117846,0.05516641674899099,0.9222010935998306
26024,LOF,0.03762329043724843,0.057525014502274256,0.9048516950604774
26025,LOF,0.11661847113576193,0.056793632196037294,0.8265878966682008
26026,LOF,0.10467287098498615,0.041396013993251345,0.8539311150217626
26027,LOF,0.028463975756569546,0.031428148433414495,0.940107875810016
26028,LOF,0.06386260872608485,0.1750912057947437,0.7610461854791715
26029,LOF,0.02453828443434248,0.14005826153351358,0.835403454032144
26030,LOF,0.12987323104124793,0.022145717174232266,0.8479810517845198
26031,LOF,0.011347855261845079,0.12532927509268246,0.8633228696454724
26032,LOF,0.03674799613847014,0.0433535270763321,0.9198984767851979
26033,LOF,0.0422848137105941,0.04287212399135707,0.9148430622980488
26034,LOF,0.01605322674967231,0.09839294956179322,0.8855538236885344
26035,LOF,0.010713174464614568,0.09729303194728653,0.8919937935880988
26036,LOF,0.010578400486467937,0.08152565504083129,0.9078959444727008
26037,LOF,0.009796257413222912,0.08691076613352992,0.9032929764532471
26038,LOF,0.03144233905154651,0.03963742981719218,0.9289202311312613
26039,LOF,0.028224150496173234,0.11836948427129892,0.8534063652325279
26040,LOF,0.08858053513343588,0.10864488952908062,0.8027745753374835
26041,LOF,0.011619637107707626,0.08604245996419722,0.9023379029280951
26042,LOF,0.010979712247568423,0.09002893106252062,0.8989913566899109
26043,LOF,0.030965943277935632,0.060198101912449384,0.9088359548096151
26044,LOF,0.007023660810837715,0.045109676159694405,0.9478666630294679
26045,LOF,0.06091970190981296,0.1279310459494341,0.8111492521407531
26046,LOF,0.028132772242702248,0.042558061212579566,0.9293091665447181
26047,LOF,0.06113038803307308,0.042241542171367975,0.8966280697955589
26048,LOF,0.08293105212038804,0.016242672519386873,0.900826275360225
26049,Neutral,0.9432638066390839,0.005479127799537362,0.051257065561378684
26050,Neutral,0.9079356953842928,0.006083447013086937,0.08598085760262031
26051,LOF,0.02901070681090368,0.0701652375467568,0.9008240556423396
26052,LOF,0.032853403339894664,0.061855604786422894,0.9052909918736826
26053,LOF,0.02264357418381924,0.15859052667118942,0.8187658991449914
26054,LOF,0.048682065863772994,0.0412223447507751,0.9100955893854518
26055,LOF,0.06710248112888703,0.039255586013541545,0.8936419328575715
26056,LOF,0.05604483683623857,0.04698726767457188,0.8969678954891895
26057,LOF,0.058528572066852115,0.020083748583688835,0.9213876793494591
26058,LOF,0.06407119591696549,0.01606822801542059,0.9198605760676138
26059,LOF,0.21461624637997012,0.0343619571044827,0.7510217965155471
26060,LOF,0.01582951333533168,0.1723880721616293,0.8117824145030389
26061,LOF,0.011048904386870537,0.014714877423329754,0.9742362181897997
26062,LOF,0.00577131005491112,0.019798733319958208,0.9744299566251308
26063,LOF,0.04972326339001744,0.015281432654584178,0.9349953039553983
26064,LOF,0.01573174592969813,0.021984752955856668,0.9622835011144452
26065,LOF,0.06152351576670695,0.02016824145607802,0.918308242777215
26066,LOF,0.04635394980078955,0.014393279064425512,0.9392527711347849
26067,LOF,0.05921253450542344,0.013500273059791497,0.9272871924347851
26068,LOF,0.05104720811641727,0.04197530926354892,0.9069774826200339
26069,LOF,0.21105274848424307,0.031116973326267356,0.7578302781894894
26070,LOF,0.43290009831596193,0.021203429132585036,0.545896472551453
26071,LOF,0.05422713775432633,0.017075280059853364,0.9286975821858203
26072,LOF,0.006739788014227014,0.023409214604463317,0.9698509973813096
26073,LOF,0.041761690498822064,0.019014467291809174,0.9392238422093687
26074,Neutral,0.8045914476655325,0.015208931445620378,0.1801996208888473
26075,LOF,0.04422975040931497,0.03449308156978086,0.9212771680209041
26076,LOF,0.03898773824619661,0.014556452354695026,0.9464558093991084
26077,LOF,0.137964243151511,0.011605495220858375,0.8504302616276306
26078,LOF,0.006598798819684205,0.023209848026344227,0.9701913531539716
26079,LOF,0.05722900692474441,0.027494432109086666,0.9152765609661689
26080,LOF,0.05645444292347243,0.027566978885065003,0.9159785781914626
26081,LOF,0.04314867054853548,0.012331503607508105,0.9445198258439564
26082,LOF,0.006472400256737562,0.020587712992628158,0.9729398867506344
26083,LOF,0.10288911830752273,0.026781453429083255,0.8703294282633941
26084,LOF,0.12084717880805611,0.022935744247295928,0.8562170769446481
26085,LOF,0.11217282930943034,0.018457386859995418,0.8693697838305743
26086,LOF,0.042132077182435404,0.01777808860048341,0.9400898342170813
26087,LOF,0.042659805973530834,0.014980354242782544,0.9423598397836865
26088,LOF,0.00627657136177522,0.03309873630204137,0.9606246923361833
26089,LOF,0.038911141038073416,0.04131536090781782,0.9197734980541088
26090,LOF,0.03931464307454423,0.03378547635848245,0.9268998805669734
26091,LOF,0.028996705067123204,0.011481812379462782,0.959521482553414
26092,LOF,0.0489636527316497,0.01270219645400236,0.9383341508143479
26093,LOF,0.06364317266241915,0.008981379531688923,0.9273754478058919
26094,LOF,0.03448930709445877,0.011157263382295233,0.954353429523246
26095,LOF,0.018239295868650036,0.026465035519840977,0.955295668611509
26096,LOF,0.23941629121986538,0.006205445820428549,0.7543782629597061
26097,LOF,0.0066805595465558145,0.056931132698439836,0.9363883077550044
26098,LOF,0.09551017688067563,0.02645743371079993,0.8780323894085243
26099,LOF,0.045582357934481905,0.028738112244542282,0.9256795298209757
26100,LOF,0.04558083786363847,0.028737153892045886,0.9256820082443157
26101,LOF,0.04811703721249513,0.046586218058923844,0.9052967447285811
26102,LOF,0.035921876733870685,0.02489812149135761,0.9391800017747718
26103,Neutral,0.8926530374462658,0.03100924874873146,0.07633771380500277
26104,LOF,0.05470900873560606,0.04606284974950956,0.8992281415148844
26105,LOF,0.22769513140418546,0.11423443016849467,0.6580704384273198
26106,LOF,0.34027404734264594,0.05543552120827581,0.6042904314490782
26107,LOF,0.02196432701061406,0.07239443051096285,0.9056412424784231
26108,LOF,0.22931171311512755,0.04474919592666569,0.7259390909582067
26109,LOF,0.06406729746319671,0.03676832157637686,0.8991643809604265
26110,LOF,0.39616889752530543,0.014562289911345595,0.589268812563349
26111,LOF,0.06266584348241504,0.11713701130106552,0.8201971452165194
26112,LOF,0.05405286648913801,0.013456075422108605,0.9324910580887534
26113,LOF,0.11229502952071792,0.03890545808851319,0.848799512390769
26114,LOF,0.09211133249807685,0.007053952335954867,0.9008347151659682
26115,LOF,0.022185645382487358,0.0430044895080347,0.9348098651094778
26116,LOF,0.09381858651767702,0.021226522153564766,0.8849548913287583
26117,LOF,0.34473324616391743,0.054079249104306684,0.6011875047317758
26118,LOF,0.03233218937548864,0.024980352621894564,0.9426874580026168
26119,LOF,0.00520488646874606,0.10643985363071606,0.8883552599005379
26120,LOF,0.02964248213815298,0.023388613348224892,0.9469689045136221
26121,LOF,0.0038737865328546525,0.16496815033234555,0.8311580631347998
