feature0,prediction,LoGoFunc_Neutral,LoGoFunc_GOF,LoGoFunc_LOF
25546,Neutral,0.7550354839059551,0.03078735625417203,0.21417715983987282
25547,Neutral,0.5829105897064057,0.07693076997386185,0.3401586403197323
25548,Neutral,0.5605524609783533,0.056486093668798774,0.38296144535284793
25549,Neutral,0.47748749761197545,0.0581478049294616,0.46436469745856296
25550,LOF,0.33950219165063183,0.11405845015877975,0.5464393581905884
25551,LOF,0.28562541481415915,0.12627707143186948,0.5880975137539713
25552,LOF,0.20238065283199835,0.12605181297727758,0.6715675341907241
25553,Neutral,0.8319024642740154,0.02991274343572047,0.13818479229026412
25554,LOF,0.2310867922120537,0.11705570390863959,0.6518575038793067
25555,LOF,0.1908962068411206,0.09881298555025655,0.7102908076086228
25556,LOF,0.3854590664058833,0.09556371909279338,0.5189772145013234
25557,LOF,0.18555613078805286,0.10696564417373221,0.7074782250382149
25558,LOF,0.22232570179150105,0.12042602421493585,0.657248273993563
25559,LOF,0.423399905395932,0.07960178035734176,0.4969983142467263
25560,LOF,0.050200940359369874,0.19397797853983617,0.7558210811007939
25561,LOF,0.10434872195105309,0.23419901287287115,0.6614522651760757
25562,LOF,0.10887565118842923,0.0788230225713102,0.8123013262402605
25563,LOF,0.11020150759879291,0.09332257995149298,0.796475912449714
25564,LOF,0.15971560553594258,0.15407575113387922,0.6862086433301782
25565,LOF,0.15119231974165806,0.15151539927053795,0.6972922809878039
25566,GOF,0.012801131297046494,0.7620804952986525,0.22511837340430088
25567,LOF,0.015191804407122606,0.14829744471315362,0.8365107508797238
25568,LOF,0.051070259734604516,0.06717851218882935,0.8817512280765661
25569,LOF,0.062350849740645455,0.07190738208654081,0.8657417681728137
25570,LOF,0.0662824334729076,0.10318729579096701,0.8305302707361253
25571,LOF,0.06047639466814454,0.10539997340578999,0.8341236319260654
25572,LOF,0.0664178298806465,0.1380574448592742,0.7955247252600793
25573,LOF,0.027443361110542533,0.09981820483355422,0.8727384340559032
25574,LOF,0.017280953752570095,0.17119288207261563,0.8115261641748143
25575,LOF,0.051639641044276444,0.1131691070289829,0.8351912519267406
25576,LOF,0.021786522520006617,0.13048461881852222,0.8477288586614712
25577,LOF,0.015278798934711816,0.14842062068721198,0.8363005803780762
25578,LOF,0.24473107452284915,0.09562354125357729,0.6596453842235735
25579,LOF,0.24507578259853358,0.0951479781241706,0.6597762392772958
25580,LOF,0.035662336070657594,0.08706252039218805,0.8772751435371544
25581,LOF,0.04863759890153836,0.07861037329627306,0.8727520278021886
25582,LOF,0.048227309553255056,0.07602287037616197,0.8757498200705829
25583,LOF,0.04430986729659845,0.10637823360340239,0.8493118990999992
25584,Neutral,0.45441554430155684,0.10385596670738126,0.4417284889910618
25585,LOF,0.03381907198211914,0.11781134398596117,0.8483695840319198
25586,LOF,0.03764032943858877,0.08597766548528728,0.8763820050761238
25587,LOF,0.035550046618959795,0.084721430882152,0.8797285224988883
25588,LOF,0.038222823582906094,0.10999006743899917,0.8517871089780948
25589,Neutral,0.6163293227074433,0.1263034443104288,0.25736723298212777
25590,LOF,0.02852412106556545,0.14525296833918688,0.8262229105952477
25591,LOF,0.10173397481574675,0.06655302444260254,0.8317130007416508
25592,LOF,0.09792805176807486,0.14617743496838742,0.7558945132635376
25593,LOF,0.01887897435225431,0.27710190990500877,0.7040191157427369
25594,LOF,0.02844618103547017,0.27892264130637284,0.6926311776581571
25595,LOF,0.04522658155920329,0.20425868695808758,0.7505147314827091
25596,LOF,0.06027209767520579,0.12696119218698607,0.8127667101378081
25597,LOF,0.05791132263285273,0.0946192988118737,0.8474693785552736
25598,LOF,0.035663614278358666,0.25382535407825363,0.7105110316433877
25599,GOF,0.006827725302158511,0.7887589101904642,0.20441336450737735
25600,GOF,0.009317969455356104,0.5615454634299059,0.42913656711473797
25601,LOF,0.008131673069637585,0.4634117121930277,0.5284566147373346
25602,LOF,0.02218264497259665,0.05663384357947631,0.9211835114479271
25603,LOF,0.03271173813049261,0.04077900962707691,0.9265092522424306
25604,LOF,0.047546355661474665,0.0492565953941469,0.9031970489443785
25605,LOF,0.009927137464478998,0.25009183648063993,0.739981026054881
25606,LOF,0.06675852568249005,0.4429356783145409,0.49030579600296903
25607,LOF,0.004866670129271457,0.17299192954256856,0.8221414003281601
25608,LOF,0.061078235198400346,0.04317232181945804,0.8957494429821417
25609,LOF,0.048878232436894965,0.3075839711606223,0.6435377964024828
25610,LOF,0.041773342719799544,0.03156714651099702,0.9266595107692035
25611,LOF,0.04808688188973997,0.03115592922985616,0.9207571888804039
25612,LOF,0.0924311299706608,0.054125042554432054,0.8534438274749071
25613,LOF,0.08120843923783859,0.05316296889931453,0.8656285918628469
25614,LOF,0.0344248265464453,0.04051763637860736,0.9250575370749473
25615,LOF,0.05102333479781699,0.042020613983118085,0.9069560512190649
25616,LOF,0.033271466024642316,0.03983728150476456,0.9268912524705932
25617,LOF,0.034704340492272126,0.045087639109454986,0.9202080203982729
25618,LOF,0.2105937725941057,0.0414101217412492,0.7479961056646451
25619,LOF,0.03427194230267874,0.03665106193045898,0.9290769957668622
25620,LOF,0.03851134994079445,0.0457127918751537,0.9157758581840519
25621,LOF,0.03188458927052083,0.03820182929775657,0.9299135814317225
25622,LOF,0.030025691574049874,0.048774001160154117,0.9212003072657959
25623,LOF,0.06536899726051026,0.03697995463046932,0.8976510481090205
25624,LOF,0.027141289612402045,0.047387263074483064,0.9254714473131148
25625,LOF,0.03520814049739151,0.05323400672406546,0.911557852778543
25626,LOF,0.07036035575925446,0.03929793580156052,0.8903417084391849
25627,Neutral,0.5824105287274504,0.12365722007132718,0.2939322512012225
25628,LOF,0.18041750879864465,0.0685907285702903,0.7509917626310649
25629,LOF,0.06250840200465771,0.13585456453413888,0.8016370334612034
25630,LOF,0.18407739684181249,0.11024737983596603,0.7056752233222215
25631,Neutral,0.5989828572366952,0.0921702231744767,0.3088469195888281
25632,LOF,0.02401495802632957,0.0875988082355302,0.8883862337381403
25633,LOF,0.2535939265170187,0.09291832917960988,0.6534877443033715
25634,LOF,0.03769947112909738,0.10693823627168159,0.8553622925992211
25635,LOF,0.04707749090489413,0.09356936705482483,0.859353142040281
25636,GOF,0.005365725260790993,0.5275996987540545,0.4670345759851544
25637,LOF,0.004809105843204781,0.48698706346341253,0.5082038306933827
25638,LOF,0.007845604707911664,0.38924221382119073,0.6029121814708975
25639,LOF,0.0052314744812677755,0.3636775554703308,0.6310909700484015
25640,GOF,0.4319318983944737,0.5226421038618522,0.045425997743674174
25641,LOF,0.006856848990401415,0.3697680712728622,0.6233750797367363
25642,LOF,0.2332577923692038,0.08373587845363199,0.6830063291771643
25643,LOF,0.1848322819305784,0.3134464124826222,0.5017213055867994
25644,LOF,0.028356871966529903,0.4260939205918613,0.5455492074416088
25645,LOF,0.020958703980747784,0.36913062346607595,0.6099106725531763
25646,LOF,0.020315591881062477,0.23960405554849323,0.7400803525704442
25647,LOF,0.019618172351269048,0.20299861555850668,0.7773832120902243
25648,LOF,0.016678448611600363,0.21293108187225512,0.7703904695161445
25649,LOF,0.015227791249347065,0.16252981118349136,0.8222423975671617
25650,LOF,0.04785691967283134,0.4132591410106414,0.5388839393165272
25651,LOF,0.013659223333176741,0.19344842183228558,0.7928923548345376
25652,LOF,0.019181795208526944,0.19342502894369265,0.7873931758477803
25653,LOF,0.10443999012014393,0.331738575061508,0.5638214348183481
25654,LOF,0.01619305248437006,0.18886882193164406,0.7949381255839859
25655,LOF,0.12316977321666511,0.24386290597844704,0.6329673208048878
25656,LOF,0.056846707888876004,0.061140719015805374,0.8820125730953187
25657,LOF,0.2935948060969043,0.028058492452852572,0.6783467014502432
25658,LOF,0.03024011444228994,0.08107301657215993,0.8886868689855502
25659,LOF,0.2295228570171126,0.05850701307384483,0.7119701299090424
25660,LOF,0.0894481793901779,0.10895578096521827,0.8015960396446039
25661,LOF,0.07729746254451038,0.0772458079687802,0.8454567294867094
25662,LOF,0.031085915499865703,0.04977208421442849,0.9191420002857058
25663,LOF,0.04168360859347728,0.08117361871879648,0.8771427726877263
25664,LOF,0.02862233063384643,0.12258291216215171,0.8487947572040019
25665,LOF,0.05228223898139198,0.05352869418572483,0.8941890668328831
25666,LOF,0.039181374023197636,0.178831835378417,0.7819867905983855
25667,LOF,0.031250394025765266,0.06381024265096585,0.9049393633232689
25668,LOF,0.0423467685166866,0.06391461984415456,0.8937386116391588
25669,LOF,0.049300569467068074,0.10937341131752858,0.8413260192154034
25670,LOF,0.13974756573060926,0.10001780732567456,0.7602346269437162
25671,LOF,0.04129011309374634,0.054986958278136065,0.9037229286281175
25672,LOF,0.05179882627687891,0.08556196938423409,0.8626392043388871
25673,LOF,0.036489980211944065,0.08647133420500679,0.8770386855830492
25674,LOF,0.026478756533349305,0.099259702183472,0.8742615412831788
25675,LOF,0.03552709569645784,0.0826037403896896,0.8818691639138525
25676,LOF,0.03255530253523305,0.07175981630159037,0.8956848811631767
25677,LOF,0.08834181182446639,0.06991280453148022,0.8417453836440535
25678,LOF,0.15733440463273377,0.055297261755150796,0.7873683336121156
25679,LOF,0.1035334082692137,0.08113661978561598,0.8153299719451703
25680,LOF,0.08774898652650698,0.1010627849455642,0.8111882285279287
25681,LOF,0.09749538861607192,0.09529817175066262,0.8072064396332655
25682,LOF,0.05460420219003977,0.08602984158975426,0.8593659562202061
25683,LOF,0.07660931173189876,0.12119801004878915,0.8021926782193121
25684,LOF,0.06446794481099706,0.07663463635234775,0.8588974188366552
25685,LOF,0.12725159431369001,0.03765877646814419,0.8350896292181659
25686,LOF,0.03493553237874378,0.07774910319369172,0.8873153644275645
25687,LOF,0.06571343755816833,0.08373332527477156,0.8505532371670601
25688,LOF,0.02331572309808164,0.1490672571189757,0.8276170197829427
25689,LOF,0.01537566181640679,0.07987208028083392,0.9047522579027593
25690,LOF,0.018284051258978817,0.10020187832566997,0.8815140704153512
25691,LOF,0.13210736440785495,0.1498585578977259,0.7180340776944192
25692,LOF,0.18544301696082502,0.020531880675980548,0.7940251023631943
25693,LOF,0.04154189104776163,0.1750358377152374,0.783422271237001
25694,LOF,0.2612995304025236,0.012481130836726024,0.7262193387607504
25695,LOF,0.1947135231558788,0.017435110963745493,0.7878513658803757
25696,LOF,0.17770521957134114,0.010881416081645185,0.8114133643470137
25697,LOF,0.11732847516323192,0.03489436199480208,0.8477771628419659
25698,LOF,0.03011507128554758,0.3492081647142432,0.6206767640002093
25699,LOF,0.08536203087953952,0.07731453697193207,0.8373234321485284
25700,LOF,0.03272323786816318,0.01564710306253683,0.9516296590693
25701,LOF,0.017404404122778036,0.0834558021504699,0.899139793726752
25702,GOF,0.026494396761450323,0.7586483224120067,0.21485728082654287
25703,LOF,0.018479400076461133,0.22956915420528823,0.7519514457182507
25704,LOF,0.11387917323378306,0.18847056455521916,0.6976502622109977
25705,LOF,0.08030364222304183,0.27979964601498275,0.6398967117619755
25706,GOF,0.028941672219807278,0.6418728392256424,0.3291854885545503
25707,GOF,0.030584289665139687,0.6441170292574911,0.32529868107736915
25708,GOF,0.007320847755683556,0.601075787539381,0.39160336470493556
25709,LOF,0.022719052879058437,0.10092687158538893,0.8763540755355528
25710,LOF,0.005136697477337922,0.2712923554974732,0.7235709470251888
25711,LOF,0.028381151441805565,0.15915049075776735,0.812468357800427
25712,LOF,0.006347082779687602,0.32999375895717314,0.6636591582631393
25713,LOF,0.02261199932425689,0.1389424380129059,0.8384455626628372
25714,LOF,0.02572643142111223,0.1848684435492603,0.7894051250296276
25715,LOF,0.027657504885961262,0.16334891853051575,0.808993576583523
25716,LOF,0.00849890515220201,0.16838666444725123,0.8231144304005468
25717,LOF,0.005620501373071698,0.19252390571640318,0.8018555929105251
25718,LOF,0.02507321711652961,0.11888016286095443,0.856046620022516
25719,LOF,0.03150337566484279,0.13430031702556625,0.8341963073095908
25720,LOF,0.031585308231827175,0.12182549510588446,0.8465891966622884
25721,LOF,0.027951664353455266,0.12512447377882482,0.8469238618677198
25722,LOF,0.01808109807749731,0.16793459773042266,0.81398430419208
25723,LOF,0.027053678775987425,0.11066158594614296,0.8622847352778696
25724,LOF,0.025898251243920783,0.19467285928607747,0.7794288894700018
25725,LOF,0.028196077922052813,0.10625276750901422,0.865551154568933
25726,LOF,0.018210972361674155,0.14386284921518128,0.8379261784231445
25727,LOF,0.024519871091150933,0.14083752847201245,0.8346426004368367
25728,LOF,0.02648020770171858,0.14060281100207028,0.8329169812962111
25729,LOF,0.024650822728425434,0.15320820473474175,0.8221409725368328
25730,LOF,0.028073443578527108,0.10673746714885388,0.865189089272619
25731,LOF,0.009978672953776656,0.23266898926057444,0.7573523377856488
25732,LOF,0.021627699920643673,0.12457779420830059,0.8537945058710558
25733,LOF,0.03362565274829857,0.12734886851926067,0.8390254787324407
25734,LOF,0.005521110352156422,0.31815884248006077,0.6763200471677827
25735,LOF,0.02352181231686558,0.10499919764452173,0.8714789900386127
25736,LOF,0.022041576373090517,0.16637643593042034,0.811581987696489
25737,LOF,0.05022449465767973,0.1633112120264848,0.7864642933158354
25738,LOF,0.023029733183903757,0.1947776997686964,0.7821925670473998
25739,LOF,0.026721272636286122,0.17265386508507033,0.8006248622786436
25740,LOF,0.029389672760936656,0.1836317600648461,0.7869785671742172
25741,LOF,0.034570717378223065,0.1552194758428073,0.8102098067789696
25742,LOF,0.046134743801865885,0.16440534674368107,0.789459909454453
25743,LOF,0.012234975151453985,0.027989604575955885,0.9597754202725902
25744,LOF,0.16838697208284606,0.2974714591732847,0.5341415687438692
25745,LOF,0.033803768529250613,0.09518135274336464,0.8710148787273848
25746,LOF,0.01455950280057841,0.13442671060077419,0.8510137865986475
25747,LOF,0.04091108968949943,0.03014657878531803,0.9289423315251825
25748,LOF,0.28324417215683156,0.060490445523621234,0.6562653823195472
25749,LOF,0.012797205980254975,0.07167852554922122,0.9155242684705238
25750,LOF,0.019024463876517645,0.07264946058675345,0.908326075536729
25751,LOF,0.04317168027912451,0.0520087064929242,0.9048196132279512
25752,GOF,0.07773215422705716,0.7128696844362296,0.20939816133671332
25753,LOF,0.007113258918879786,0.4276649391143592,0.5652218019667611
25754,GOF,0.007299891142915778,0.8876128586407468,0.10508725021633755
25755,LOF,0.006481789274372592,0.4581675552358458,0.5353506554897816
25756,LOF,0.02919291514120782,0.45201960128190743,0.5187874835768848
25757,GOF,0.0077538969272985155,0.8721136859938822,0.12013241707881928
25758,GOF,0.008165370911474304,0.8737621471191557,0.11807248196937004
25759,GOF,0.005786244450290974,0.6394943830436908,0.35471937250601815
25760,LOF,0.005651773379355238,0.36800981864740534,0.6263384079732394
25761,GOF,0.04914831662823648,0.848865962296188,0.10198572107557557
25762,LOF,0.03298978932104665,0.39353515455256877,0.5734750561263845
25763,LOF,0.006393635877415031,0.2974460833847402,0.6961602807378447
25764,GOF,0.0514968122117867,0.6343291860860105,0.3141740017022027
25765,GOF,0.007529824857583765,0.8667403255895824,0.12572984955283387
25766,GOF,0.051312782540651074,0.8233442977738673,0.1253429196854816
25767,GOF,0.016242680611277933,0.547107141248844,0.43665017813987816
25768,LOF,0.04799500731345317,0.06555213303386212,0.8864528596526847
25769,LOF,0.03360954202442871,0.0736937975069551,0.8926966604686163
25770,LOF,0.12917535452201498,0.06568729208257947,0.8051373533954055
25771,LOF,0.015611472678991963,0.05570598266478613,0.9286825446562219
25772,LOF,0.03113705436103752,0.023662727382508724,0.9452002182564538
25773,LOF,0.01922219185261621,0.05584288915411688,0.924934918993267
25774,LOF,0.024556835975179454,0.09877677916363353,0.876666384861187
25775,LOF,0.018725236775491184,0.03700755954398203,0.9442672036805267
25776,LOF,0.03478081835941864,0.01973590741613623,0.945483274224445
25777,LOF,0.13104529522078515,0.06152989118016341,0.8074248135990514
25778,LOF,0.024545941505632617,0.04730487243946419,0.9281491860549032
25779,GOF,0.05379220775411145,0.8830327069480866,0.06317508529780182
25780,GOF,0.07261032696235084,0.881780068128052,0.04560960490959722
25781,GOF,0.032033916605919074,0.8702059635077457,0.09776011988633526
25782,GOF,0.03648045214053366,0.9056873143243502,0.057832233535115934
25783,GOF,0.03263350759656405,0.9233228344570766,0.04404365794635951
25784,GOF,0.09147407269296792,0.8638966396404478,0.044629287666584284
25785,GOF,0.08655476258770585,0.8771698028851447,0.03627543452714953
25786,GOF,0.010027705755572353,0.876571299168801,0.11340099507562663
25787,GOF,0.21881211433237563,0.7384840530374793,0.04270383263014506
25788,LOF,0.01708112132930736,0.17366178386914793,0.8092570948015446
25789,GOF,0.016942431841903617,0.8559835607063537,0.12707400745174263
25790,GOF,0.02881675390993133,0.8866495231284129,0.0845337229616559
25791,GOF,0.02331112847053951,0.7788086924533286,0.19788017907613192
25792,GOF,0.0272588347476592,0.8168831663495668,0.15585799890277394
25793,GOF,0.058017926882215985,0.8524468618647664,0.08953521125301754
25794,GOF,0.0351803217681675,0.7729080416629288,0.1919116365689036
25795,GOF,0.054091197912652364,0.7417571124281651,0.2041516896591826
25796,GOF,0.10446682869538425,0.8170022693622775,0.07853090194233833
25797,GOF,0.07902185633121041,0.7459509612166111,0.17502718245217844
25798,GOF,0.006816886750667791,0.7594087876710673,0.23377432557826477
25799,GOF,0.004272701298826151,0.6913867532770996,0.3043405454240741
25800,GOF,0.026784513652592358,0.8284579116167229,0.14475757473068468
25801,GOF,0.02189395705863858,0.9033464563328526,0.07475958660850868
25802,GOF,0.03065834078350755,0.8205545867393806,0.14878707247711193
25803,GOF,0.0207523211357224,0.724930286818578,0.25431739204569953
25804,GOF,0.03010005539851544,0.7778384425471497,0.1920615020543348
25805,GOF,0.027088223449850617,0.7928773941273651,0.1800343824227843
25806,GOF,0.03658910699712237,0.7974866725257314,0.16592422047714642
25807,GOF,0.011471987073179826,0.7558771199368064,0.2326508929900137
25808,GOF,0.022027712204340927,0.7733925935310988,0.2045796942645602
25809,GOF,0.011345846185949068,0.7135062663166433,0.27514788749740754
25810,GOF,0.009447863031749652,0.6974323308809564,0.293119806087294
25811,GOF,0.05615806328841563,0.8729677680218743,0.07087416868971023
25812,GOF,0.027813995548416345,0.799710670700021,0.17247533375156274
25813,GOF,0.14002608333789313,0.7934653276722787,0.06650858898982805
25814,GOF,0.029130881260323305,0.8155591766384246,0.15530994210125207
25815,GOF,0.05236280805200321,0.8467530771943489,0.10088411475364781
25816,GOF,0.009623055096087161,0.8591613145486777,0.1312156303552351
25817,GOF,0.10139591553018087,0.7985160141258238,0.10008807034399528
25818,GOF,0.026886864096208527,0.7930376964906435,0.18007543941314788
25819,GOF,0.04140864953672971,0.750662379499281,0.20792897096398927
25820,GOF,0.03700841931758478,0.6953886343982338,0.26760294628418135
25821,GOF,0.027691404728686708,0.7319607882924978,0.24034780697881555
25822,GOF,0.04387360803981584,0.7430931284493814,0.2130332635108028
25823,GOF,0.02835259182754635,0.7223102086162893,0.2493371995561644
25824,GOF,0.02895061287589298,0.7803867952679524,0.19066259185615456
25825,GOF,0.02372237603576325,0.7750319692004102,0.20124565476382666
25826,GOF,0.011087151709781536,0.7196154120759802,0.26929743621423824
25827,GOF,0.015029725555701642,0.686419907876404,0.2985503665678944
25828,GOF,0.011797891076187401,0.726879263253949,0.2613228456698635
25829,GOF,0.004377757493154117,0.6826086486670406,0.3130135938398052
25830,GOF,0.03996136004124767,0.5010611451945977,0.45897749476415456
25831,GOF,0.06344537202910748,0.815638249456815,0.12091637851407745
25832,GOF,0.011265155935115968,0.7617874560474833,0.2269473880174006
25833,GOF,0.03859130072502127,0.8230911604581082,0.13831753881687053
25834,GOF,0.012112804794127461,0.7700694786195822,0.21781771658629034
25835,GOF,0.02709316074906106,0.8381645660988548,0.1347422731520841
25836,GOF,0.008080251560203856,0.7592053210556041,0.23271442738419196
25837,GOF,0.010897049756374422,0.7769462371608453,0.21215671308278042
25838,GOF,0.02621021993758116,0.8385044569980793,0.13528532306433955
25839,GOF,0.0779409951802699,0.8039624537273299,0.11809655109240016
25840,GOF,0.10777239488886252,0.7746245240088606,0.11760308110227703
25841,GOF,0.10403743727302092,0.8056124939299454,0.09035006879703376
25842,GOF,0.03137937428868336,0.8781265559006389,0.0904940698106778
25843,GOF,0.030844837132056258,0.8806234237897292,0.08853173907821442
25844,GOF,0.02281882549719594,0.8360018769039368,0.1411792975988673
25845,GOF,0.00814893927217402,0.744068582896992,0.24778247783083407
25846,GOF,0.06918987967401628,0.84144387150533,0.08936624882065376
25847,GOF,0.01943260940822809,0.8814770759139896,0.09909031467778229
25848,GOF,0.026439457868512546,0.8454359439504437,0.12812459818104377
25849,GOF,0.008414497705543925,0.8163783206813926,0.17520718161306337
25850,GOF,0.006999047488054658,0.7421069473916928,0.2508940051202525
25851,GOF,0.006566166448898808,0.6866028723966175,0.3068309611544836
25852,GOF,0.16124826870651263,0.5798409624231814,0.25891076887030595
25853,GOF,0.05540478492401535,0.8252862335267518,0.11930898154923285
25854,GOF,0.006892663399906285,0.706831931422936,0.28627540517715777
25855,GOF,0.020867341418475543,0.6850024836411643,0.2941301749403601
25856,GOF,0.03827892001471907,0.762661548540356,0.19905953144492497
25857,GOF,0.020061163026517965,0.6852789011565421,0.29465993581694
25858,GOF,0.010798186035215181,0.6857290600219632,0.3034727539428216
25859,GOF,0.008036519423672409,0.6722737753717386,0.31968970520458906
25860,GOF,0.07151856280339328,0.7891204846645542,0.13936095253205236
25861,GOF,0.10213483627458422,0.800596047935085,0.09726911579033078
25862,GOF,0.027316446926720552,0.8860379429605169,0.08664561011276241
25863,GOF,0.02429589952691655,0.8838118729736056,0.09189222749947783
25864,GOF,0.06352216771475315,0.878231450256972,0.058246382028274764
25865,GOF,0.05097861995128996,0.854143166151019,0.09487821389769092
25866,GOF,0.02468827562232752,0.8696694962440761,0.1056422281335964
25867,GOF,0.044570920636333305,0.8678580470182078,0.08757103234545882
25868,GOF,0.07074322917226153,0.8146815805417934,0.11457519028594496
25869,GOF,0.35816685008875215,0.5476981191991996,0.09413503071204818
25870,GOF,0.07133539228784877,0.5369921221614273,0.3916724855507239
25871,GOF,0.01215544361821391,0.8414146307010264,0.14642992568075971
25872,GOF,0.023424345995865126,0.8289018618685066,0.14767379213562837
25873,GOF,0.025085404450680387,0.8789884265057099,0.09592616904360975
25874,LOF,0.01770067405491915,0.19460313498843704,0.7876961909566438
25875,LOF,0.03820711857211987,0.057928827791451996,0.9038640536364281
25876,LOF,0.022309435032079727,0.04435026337953504,0.9333403015883852
25877,LOF,0.12838749075020275,0.10308954052499421,0.7685229687248031
25878,LOF,0.09313008778410933,0.13489669503550888,0.7719732171803818
25879,LOF,0.016295409026039116,0.10075745090131898,0.8829471400726419
25880,LOF,0.07166077745267543,0.016097499401231737,0.9122417231460929
25881,Neutral,0.5501783768677619,0.08872577074804308,0.3610958523841949
25882,LOF,0.06704152648820516,0.02608332461503788,0.906875148896757
25883,LOF,0.026887288107324003,0.028900108486712015,0.9442126034059639
25884,LOF,0.0200135660031281,0.04216681791433085,0.9378196160825409
25885,LOF,0.20184717685428852,0.014795454616819375,0.783357368528892
25886,LOF,0.27331271964000603,0.058119600643415835,0.6685676797165783
25887,LOF,0.1297733744540706,0.11115217427318341,0.759074451272746
25888,LOF,0.008232413511151468,0.16052644932653048,0.8312411371623182
25889,LOF,0.026430233186649447,0.03855339835397481,0.9350163684593759
25890,LOF,0.1888375246619589,0.0528500858038465,0.7583123895341944
25891,LOF,0.11404621741398248,0.023977365868195703,0.8619764167178218
25892,LOF,0.008831885855345589,0.03633856779883755,0.9548295463458168
25893,LOF,0.41420735747277254,0.010828550895522655,0.5749640916317048
25894,LOF,0.3816597531151923,0.007512744688990528,0.6108275021958173
25895,LOF,0.3104946293358175,0.01484016930839707,0.6746652013557854
25896,LOF,0.07161292628059256,0.03637311336681726,0.8920139603525902
25897,LOF,0.129361951726502,0.012303595225113763,0.8583344530483842
25898,LOF,0.13730992755891847,0.037626186680817936,0.8250638857602636
25899,LOF,0.4003849780637311,0.0342022342928613,0.5654127876434076
25900,LOF,0.4787196858770645,0.01073614783668464,0.5105441662862509
25901,LOF,0.08611481995384712,0.012143134457194915,0.901742045588958
25902,LOF,0.0866358731691701,0.016192113398704334,0.8971720134321256
25903,LOF,0.28154073761869824,0.028048597170060502,0.6904106652112412
25904,Neutral,0.5038797529733123,0.04395585321534353,0.45216439381134416
25905,LOF,0.006517915936133608,0.4588873803747633,0.5345947036891032
25906,LOF,0.009727700672867264,0.0897115795950144,0.9005607197321184
25907,LOF,0.009508046907452534,0.3101521433816029,0.6803398097109445
25908,LOF,0.00953622256481064,0.3105914847981401,0.6798722926370493
25909,LOF,0.03229008673249609,0.10938621366389893,0.858323699603605
25910,LOF,0.011982256390349796,0.14153538741971383,0.8464823561899364
25911,LOF,0.1950889553513705,0.025085815090202117,0.7798252295584274
25912,LOF,0.10023715853425945,0.016671810809294776,0.8830910306564458
25913,LOF,0.024332508970720958,0.03440207517181243,0.9412654158574665
25914,LOF,0.04527488467875008,0.02526342638764025,0.9294616889336096
25915,LOF,0.24496386589141614,0.10427959466672145,0.6507565394418624
25916,LOF,0.026185962637853617,0.05700855383970058,0.9168054835224457
25917,LOF,0.08016389489190599,0.024245909076591285,0.8955901960315027
25918,LOF,0.0428873036302232,0.012595901144246077,0.9445167952255308
25919,LOF,0.037346427472964294,0.012842577816418671,0.949810994710617
25920,LOF,0.3405834760790429,0.2704565512533922,0.38895997266756493
25921,LOF,0.016462312007603255,0.021617639417512068,0.9619200485748847
25922,LOF,0.015059290385409265,0.02356855781730664,0.9613721517972842
25923,LOF,0.4525839792388733,0.015397602521950195,0.5320184182391766
25924,LOF,0.027208363209790497,0.02950796070870306,0.9432836760815064
25925,LOF,0.10053425100123457,0.029242027006983095,0.8702237219917824
25926,LOF,0.08467824865639571,0.020122785875132766,0.8951989654684714
25927,LOF,0.027245556380114843,0.059723954202820555,0.9130304894170647
25928,LOF,0.012872926119400793,0.02959536386020388,0.9575317100203954
25929,Neutral,0.5733039906258717,0.014863030138082128,0.4118329792360462
25930,LOF,0.09432499550818367,0.01393400154222673,0.8917410029495896
25931,LOF,0.01530546022997885,0.018005995404265136,0.966688544365756
25932,LOF,0.08277066458131213,0.017887308804387093,0.8993420266143007
25933,LOF,0.09480834319158564,0.011344027774178997,0.8938476290342354
25934,LOF,0.08592195372373561,0.009050194023694072,0.9050278522525702
25935,LOF,0.09195680330103491,0.026297242361464156,0.8817459543375009
25936,LOF,0.10299483285346285,0.010373130388692703,0.8866320367578444
25937,LOF,0.022227371358150703,0.016729215123866444,0.9610434135179828
25938,LOF,0.09653791005997764,0.024707950587128664,0.8787541393528936
25939,LOF,0.06835033704519092,0.013462283033776192,0.9181873799210328
25940,GOF,0.009250965495215483,0.535369849395064,0.45537918510972053
25941,LOF,0.44449482393294193,0.04763615274353822,0.5078690233235198
25942,LOF,0.010729644007852824,0.052983821967649725,0.9362865340244976
25943,LOF,0.04852921695115215,0.18020288403028342,0.7712678990185643
25944,LOF,0.04265810285255778,0.09081944414932519,0.866522452998117
25945,LOF,0.16911887896068772,0.026188422236641848,0.8046926988026705
25946,LOF,0.06349031117174589,0.03541802291568017,0.9010916659125741
25947,Neutral,0.5000489998198087,0.10444799744414085,0.39550300273605055
25948,LOF,0.3922203005305483,0.013969419875998054,0.5938102795934537
25949,LOF,0.13049851818137279,0.08119007347527504,0.7883114083433521
25950,GOF,0.11295137043948343,0.5821076488998707,0.30494098066064595
25951,LOF,0.019553663856939275,0.46011468946867434,0.5203316466743864
25952,LOF,0.2110216023464197,0.2436830502604567,0.5452953473931237
25953,LOF,0.010218957424035021,0.3318353255739485,0.6579457170020165
25954,LOF,0.1238654171631893,0.43632933089248804,0.43980525194432263
25955,LOF,0.009889590341087558,0.25727751791563436,0.732832891743278
25956,LOF,0.012790200164666357,0.34703226471566845,0.6401775351196651
25957,LOF,0.14499051137792757,0.045114003579851784,0.8098954850422208
25958,LOF,0.03181676354777973,0.06634893531176417,0.9018343011404562
25959,GOF,0.007874979606287729,0.7874122273533087,0.20471279304040352
25960,LOF,0.004365936873175062,0.14315234125110723,0.8524817218757177
25961,LOF,0.02853047433732262,0.04938606778487848,0.9220834578777989
25962,LOF,0.03676363732549171,0.0763025652626662,0.8869337974118421
25963,LOF,0.007726615234165853,0.12856500818720762,0.8637083765786264
25964,LOF,0.03707274615688629,0.1496409024424458,0.813286351400668
25965,LOF,0.23126333614155992,0.16092089424495198,0.6078157696134882
25966,LOF,0.3340710912002781,0.11526342038827415,0.5506654884114478
25967,LOF,0.006651397667037877,0.08654099132681546,0.9068076110061466
25968,LOF,0.04216806299856447,0.24915508950567386,0.7086768474957617
25969,LOF,0.15322441360922295,0.06668691017917831,0.7800886762115988
25970,LOF,0.06969998593681437,0.06221076833858048,0.8680892457246051
25971,LOF,0.06825238971989535,0.02901370574066805,0.9027339045394367
25972,LOF,0.08881045340339298,0.05678297308117716,0.8544065735154299
25973,LOF,0.053770627706135395,0.014612960139110695,0.9316164121547539
25974,LOF,0.046847324119257516,0.04531439806584566,0.9078382778148968
25975,LOF,0.03525759097200293,0.02200684150131581,0.9427355675266813
25976,LOF,0.08429853575884684,0.013543287704903439,0.9021581765362497
25977,LOF,0.2515322383029297,0.05210420706605514,0.6963635546310152
25978,LOF,0.16488385076111997,0.1255419667246864,0.7095741825141937
25979,LOF,0.13932933874479697,0.1485784084596207,0.7120922527955824
25980,LOF,0.20601968569571366,0.2066774522405326,0.5873028620637537
25981,LOF,0.2068743771657622,0.21032111837531936,0.5828045044589185
25982,LOF,0.35684341604332037,0.11213071608502202,0.5310258678716576
25983,LOF,0.4312198903712392,0.11599716132998146,0.4527829482987794
25984,LOF,0.060848148660384425,0.08742558511118369,0.8517262662284318
25985,Neutral,0.4809436293475138,0.11582364139906008,0.40323272925342624
25986,LOF,0.012830500725943725,0.4568030254525507,0.5303664738215055
25987,LOF,0.040532850409840025,0.10795615660582984,0.8515109929843301
25988,LOF,0.06082331978153209,0.13756478203996,0.801611898178508
25989,LOF,0.07513939312312042,0.2053066493940689,0.7195539574828107
25990,LOF,0.05882709700947397,0.32535247156362007,0.615820431426906
25991,LOF,0.025441979020424776,0.47692407207270515,0.4976339489068699
25992,LOF,0.02015053130326409,0.40914999610733893,0.570699472589397
25993,LOF,0.021833491045239278,0.0545517418322796,0.9236147671224811
25994,LOF,0.03089245365670033,0.05792903164113078,0.9111785147021689
25995,LOF,0.019888463989974556,0.1115166676632361,0.8685948683467892
25996,GOF,0.35907376788768536,0.39566580905403237,0.24526042305828222
25997,LOF,0.054390892282477225,0.4432253347630961,0.5023837729544266
25998,LOF,0.24461958137808232,0.04610492839422026,0.7092754902276975
25999,LOF,0.04328185745937019,0.1422751347562494,0.8144430077843803
26000,LOF,0.1296714757936534,0.01562273767927517,0.8547057865270713
26001,LOF,0.21065706906222806,0.02022780362238385,0.769115127315388
26002,LOF,0.10042886939335739,0.028416078336934825,0.8711550522697079
26003,GOF,0.005702239137538429,0.6177790779518086,0.37651868291065305
26004,GOF,0.010947311163678647,0.5899145587854583,0.39913813005086307
26005,LOF,0.004138413419412454,0.496555662001593,0.49930592457899464
26006,GOF,0.07926702690365629,0.5084364528459013,0.4122965202504424
26007,GOF,0.007984953559076182,0.5200075039152655,0.4720075425256584
26008,GOF,0.0057408458324364345,0.573974887608451,0.42028426655911266
26009,GOF,0.009494568773495913,0.6183228550956553,0.3721825761308487
26010,GOF,0.007989541179550738,0.5705458066371248,0.4214646521833244
26011,LOF,0.004098040285034237,0.42198726705677847,0.5739146926581874
26012,GOF,0.004697163137720896,0.5495274280597412,0.4457754088025378
26013,GOF,0.01022864534857508,0.5747309126865889,0.41504044196483614
26014,LOF,0.0409347584375415,0.08715152287106918,0.8719137186913893
26015,LOF,0.39425847983201723,0.023095280819035915,0.5826462393489469
26016,LOF,0.28913044724997017,0.03567450656564944,0.6751950461843804
26017,LOF,0.013666289045994266,0.16385726199815226,0.8224764489558534
26018,LOF,0.028463897185110706,0.075259641469307,0.8962764613455824
26019,LOF,0.0279595297660961,0.06887909784748665,0.9031613723864172
26020,LOF,0.007228587694071242,0.178062295838076,0.8147091164678527
26021,LOF,0.06794534678842677,0.07916333423724331,0.85289131897433
26022,LOF,0.033945635566561085,0.03560019886682479,0.9304541655666141
26023,LOF,0.021696083685260853,0.050214183273381716,0.9280897330413574
26024,LOF,0.04052945709584325,0.059912742698707964,0.8995578002054488
26025,LOF,0.11438623809530901,0.06630375828239256,0.8193100036222983
26026,LOF,0.10391941469259731,0.04826841336085465,0.8478121719465479
26027,LOF,0.028097744953226176,0.030227556490957135,0.9416746985558168
26028,LOF,0.06224419865286437,0.16810154799378257,0.769654253353353
26029,LOF,0.02323906683369151,0.16260712699984872,0.8141538061664598
26030,LOF,0.1234890490916055,0.025870251291988847,0.8506406996164058
26031,LOF,0.011351996652770237,0.13871359946242987,0.8499344038847999
26032,LOF,0.036819512883393295,0.04415805709363385,0.9190224300229729
26033,LOF,0.039388672345034986,0.04319292971108622,0.9174183979438788
26034,LOF,0.015251859617372757,0.10846775075320683,0.8762803896294205
26035,LOF,0.01061401413611108,0.1103676281799211,0.8790183576839679
26036,LOF,0.010440308856138487,0.09633908220340039,0.8932206089404612
26037,LOF,0.009709058157809055,0.10032831736389904,0.8899626244782919
26038,LOF,0.030843553557983686,0.039599074822667835,0.9295573716193485
26039,LOF,0.02686443885276103,0.12627246265945494,0.8468630984877841
26040,LOF,0.08109631921618585,0.11024480115066927,0.808658879633145
26041,LOF,0.010900711233673805,0.10144050562870953,0.8876587831376167
26042,LOF,0.01031347210173754,0.10543615983233333,0.884250368065929
26043,LOF,0.030696502240021455,0.061706367683776804,0.9075971300762018
26044,LOF,0.006662097437214022,0.04866357370417392,0.9446743288586121
26045,LOF,0.060370552536538676,0.13879185479425857,0.8008375926692027
26046,LOF,0.027274353440156884,0.0443004198116941,0.928425226748149
26047,LOF,0.058499961763776885,0.04457193347072084,0.8969281047655022
26048,LOF,0.0811101648034995,0.017150782714884485,0.9017390524816161
26049,Neutral,0.9421064220282117,0.0063453335825491486,0.05154824438923917
26050,Neutral,0.9086063020061979,0.0069335542676277175,0.08446014372617447
26051,LOF,0.027884210402746638,0.09127859757740174,0.8808371920198517
26052,LOF,0.030023325836976384,0.07422277957341945,0.8957538945896042
26053,LOF,0.02148976319741871,0.15079913166185732,0.827711105140724
26054,LOF,0.045744505137723906,0.039999461845375416,0.9142560330169007
26055,LOF,0.06641146488616077,0.03441634458728187,0.8991721905265574
26056,LOF,0.05563723046424792,0.04712390565536518,0.8972388638803869
26057,LOF,0.059698785523303675,0.021878350440300023,0.9184228640363963
26058,LOF,0.064129289261811,0.01750441070725064,0.9183663000309384
26059,LOF,0.20468354716428525,0.032283080486929766,0.763033372348785
26060,LOF,0.015277632994950968,0.204037157687362,0.7806852093176869
26061,LOF,0.010667791538255067,0.014096445559541886,0.975235762902203
26062,LOF,0.0055989181021243286,0.022241427775214203,0.9721596541226615
26063,LOF,0.05110693609538891,0.015473650747046642,0.9334194131575644
26064,LOF,0.015285884781796965,0.021550534427230567,0.9631635807909724
26065,LOF,0.06511795643734487,0.020059739696801974,0.9148223038658531
26066,LOF,0.047564117221336584,0.015280198012724408,0.937155684765939
26067,LOF,0.056838162525850285,0.013802718135144233,0.9293591193390055
26068,LOF,0.05111238194128775,0.03958788898582431,0.9092997290728879
26069,LOF,0.21159747568263948,0.029234782377040292,0.7591677419403202
26070,LOF,0.4227469734435906,0.018144249391435986,0.5591087771649734
26071,LOF,0.05618437862114109,0.015892685903047755,0.9279229354758112
26072,LOF,0.006601005842120234,0.02377995765608739,0.9696190365017924
26073,LOF,0.041627858516644946,0.018525309493375525,0.9398468319899795
26074,Neutral,0.7742056449324283,0.013202284979098424,0.2125920700884734
26075,LOF,0.04536445335985612,0.031928160405046424,0.9227073862350974
26076,LOF,0.04556195408960212,0.015473271522867186,0.9389647743875308
26077,LOF,0.1561405628715632,0.011854694502788957,0.8320047426256478
26078,LOF,0.006045702023301718,0.025929364038705407,0.9680249339379928
26079,LOF,0.055624206834004104,0.027590492139467914,0.9167853010265279
26080,LOF,0.05498862226520472,0.027688755156685042,0.9173226225781103
26081,LOF,0.04369456331805229,0.012988809631415138,0.9433166270505325
26082,LOF,0.0062301120917266474,0.022787769163399946,0.9709821187448734
26083,LOF,0.10548377249341147,0.026501691933404806,0.8680145355731836
26084,LOF,0.12319095445802795,0.023297839515048786,0.8535112060269233
26085,LOF,0.11396375948722454,0.01878940487988593,0.8672468356328895
26086,LOF,0.04448903248922301,0.01803028997449459,0.9374806775362824
26087,LOF,0.03979188453980232,0.015555223057891929,0.9446528924023057
26088,LOF,0.006394509224105665,0.03538312407590476,0.9582223666999896
26089,LOF,0.03855692816677735,0.04051933718774278,0.9209237346454799
26090,LOF,0.038695456621042644,0.03131759805339774,0.9299869453255597
26091,LOF,0.030910870865210098,0.011599433509118857,0.9574896956256711
26092,LOF,0.0478872825319734,0.013245400025987552,0.9388673174420391
26093,LOF,0.061470427263392996,0.008803517281349435,0.9297260554552575
26094,LOF,0.03420632341994054,0.010554911511883815,0.9552387650681757
26095,LOF,0.017657512287171336,0.02485698310512778,0.9574855046077008
26096,LOF,0.23262249954495834,0.006616722903769617,0.760760777551272
26097,LOF,0.00618093846865827,0.059158446235396116,0.9346606152959456
26098,LOF,0.08924765610744033,0.028061085638495145,0.8826912582540645
26099,LOF,0.043907209127867136,0.02853443935026768,0.9275583515218652
26100,LOF,0.04390589713045874,0.028533586708726095,0.9275605161608151
26101,LOF,0.04927635648291376,0.046543176974255356,0.9041804665428309
26102,LOF,0.03745531986640065,0.02399458115193032,0.9385500989816691
26103,Neutral,0.8929065096349362,0.030093392747208802,0.07700009761785487
26104,LOF,0.05206248620865864,0.04511424321058127,0.9028232705807602
26105,LOF,0.23985945158628452,0.12609337629238468,0.6340471721213308
26106,LOF,0.34267867329784724,0.047400677149417134,0.6099206495527356
26107,LOF,0.02113176546904405,0.06609886975280206,0.9127693647781538
26108,LOF,0.22333385374718254,0.051659487502455435,0.7250066587503621
26109,LOF,0.06265008703363585,0.03466611686910836,0.9026837960972557
26110,LOF,0.41489686225990846,0.013753131405025307,0.5713500063350663
26111,LOF,0.0629865997824317,0.12029132033341443,0.8167220798841538
26112,LOF,0.0592136745315048,0.013455485381020671,0.9273308400874746
26113,LOF,0.12432118605906321,0.03596585459824242,0.8397129593426943
26114,LOF,0.1016872902092122,0.006749447671528148,0.8915632621192596
26115,LOF,0.022134618456292665,0.05367205727772646,0.9241933242659809
26116,LOF,0.08725288834735323,0.02116149160374578,0.8915856200489011
26117,LOF,0.3460625596509111,0.050532998976409185,0.6034044413726797
26118,LOF,0.03344172602616562,0.025097599378350127,0.9414606745954841
26119,LOF,0.005249160811222766,0.12308943471788839,0.8716614044708889
26120,LOF,0.028575208992741546,0.023504609723348186,0.9479201812839102
26121,LOF,0.0040104721031870155,0.16091895361229058,0.8350705742845225
