feature0,prediction,LoGoFunc_Neutral,LoGoFunc_GOF,LoGoFunc_LOF
25546,Neutral,0.6356001343329792,0.05175559575748604,0.31264426990953464
25547,LOF,0.3520590481534104,0.23253105874305394,0.4154098931035356
25548,LOF,0.3075464731812663,0.12527127982933606,0.5671822469893977
25549,LOF,0.21367512509852926,0.149039610220888,0.6372852646805828
25550,Neutral,0.5652425259253199,0.05655077295241444,0.37820670112226573
25551,Neutral,0.49182894249021597,0.05298658122885188,0.4551844762809321
25552,LOF,0.13831403168274187,0.1297855656181492,0.731900402699109
25553,LOF,0.4402850292668677,0.05041094258709213,0.5093040281460403
25554,LOF,0.18008152221283683,0.16777815265394325,0.6521403251332198
25555,LOF,0.13657744059781401,0.11401949881920774,0.7494030605829782
25556,LOF,0.18969333067710442,0.14460850017580137,0.6656981691470942
25557,LOF,0.130849574178671,0.1250943976183245,0.7440560282030044
25558,LOF,0.1919157151337557,0.15278276047099257,0.6553015243952517
25559,Neutral,0.7620624184429947,0.08450946167853099,0.15342811987847407
25560,LOF,0.05289775902423303,0.1422290439646968,0.8048731970110701
25561,LOF,0.1280574846340212,0.19198933980018468,0.6799531755657942
25562,LOF,0.1833478644894593,0.046460480975722,0.7701916545348187
25563,LOF,0.22765881130311677,0.12447554883756247,0.6478656398593208
25564,LOF,0.07221567306676374,0.06474017997325858,0.8630441469599777
25565,LOF,0.10054431438206793,0.29127198443474456,0.6081837011831875
25566,GOF,0.03766196520722275,0.5648280440024188,0.39750999079035854
25567,LOF,0.020598829138222034,0.09715186013418962,0.8822493107275884
25568,LOF,0.10553128942902607,0.19345644692026845,0.7010122636507055
25569,Neutral,0.7383774200400769,0.04049061837750735,0.2211319615824157
25570,LOF,0.09450657600779686,0.2543174184327996,0.6511760055594035
25571,LOF,0.09793229257868491,0.2101806492967715,0.6918870581245437
25572,LOF,0.10287856772149886,0.3233461353752751,0.5737752969032259
25573,LOF,0.026122218924776244,0.22826823819442463,0.7456095428807992
25574,LOF,0.00928525989348024,0.3597093239184337,0.631005416188086
25575,LOF,0.12782887451504496,0.07111326496259508,0.8010578605223599
25576,LOF,0.034395177291223655,0.04771423276182769,0.9178905899469486
25577,LOF,0.019998937070887374,0.18555432081763779,0.7944467421114749
25578,Neutral,0.42948897397800695,0.2057288218797791,0.36478220414221396
25579,Neutral,0.42948897397800695,0.2057288218797791,0.36478220414221396
25580,LOF,0.06950047618221732,0.04063796006199173,0.8898615637557911
25581,LOF,0.10326373966638842,0.14763278299401653,0.749103477339595
25582,LOF,0.10331031028727802,0.13667776229463402,0.760011927418088
25583,LOF,0.07185570479398455,0.05832199635512248,0.869822298850893
25584,Neutral,0.49653470520247756,0.1215448276610232,0.38192046713649924
25585,LOF,0.024994915019335737,0.09086849885700973,0.8841365861236544
25586,LOF,0.09076295243082753,0.08633486733484211,0.8229021802343303
25587,LOF,0.06050003845672846,0.09871239607755157,0.8407875654657201
25588,LOF,0.07008166823357836,0.10493105110357948,0.8249872806628421
25589,Neutral,0.6585055254882487,0.20266602517318147,0.13882844933856986
25590,LOF,0.04503802055645809,0.16205581483976636,0.7929061646037756
25591,LOF,0.2139850253238783,0.09885073848671623,0.6871642361894055
25592,LOF,0.04675344496977555,0.08549592385697191,0.8677506311732525
25593,GOF,0.013911635913371188,0.6464536614307189,0.3396347026559098
25594,LOF,0.135654923476745,0.12778557769272827,0.7365594988305267
25595,LOF,0.11363755061140174,0.15622666653854883,0.7301357828500495
25596,LOF,0.2514711551133,0.04844322305147047,0.7000856218352295
25597,LOF,0.24192011249257853,0.03454157127032051,0.7235383162371011
25598,Neutral,0.7627298178902256,0.03615640373960968,0.20111377837016456
25599,GOF,0.010473811229347908,0.6021085849285145,0.3874176038421376
25600,GOF,0.01073936325681115,0.6270680666491106,0.3621925700940782
25601,LOF,0.007423581976840768,0.27115611253403676,0.7214203054891225
25602,LOF,0.07951757238648659,0.31872983695496954,0.601752590658544
25603,LOF,0.05769842490426855,0.20840643168835185,0.7338951434073796
25604,LOF,0.03260872293088574,0.29957637196464004,0.6678149051044743
25605,LOF,0.02493871001689736,0.3999265742608957,0.5751347157222069
25606,GOF,0.06204310877012469,0.5890458805505294,0.3489110106793459
25607,LOF,0.005020009709395527,0.18868269038753838,0.8062972999030662
25608,LOF,0.05352816977635211,0.1408336287971553,0.8056382014264925
25609,LOF,0.17820715436973533,0.1774818509314132,0.6443109946988514
25610,LOF,0.06998449794228427,0.05143736386764135,0.8785781381900744
25611,LOF,0.08803170678372449,0.05106467744424435,0.8609036157720312
25612,Neutral,0.7348164494400033,0.04245725922072372,0.22272629133927285
25613,LOF,0.09381214674324641,0.14866603949723917,0.7575218137595146
25614,LOF,0.08850605227766913,0.05910026892199239,0.8523936788003386
25615,LOF,0.07378020555324671,0.0800729090407017,0.8461468854060515
25616,LOF,0.05988689361047972,0.12573603786544488,0.8143770685240753
25617,LOF,0.08731628588544015,0.0388621418293922,0.8738215722851678
25618,LOF,0.08047563024680389,0.15593065739502426,0.7635937123581719
25619,LOF,0.09177005193323988,0.10535371728681424,0.802876230779946
25620,LOF,0.06250511626877779,0.08423563445934398,0.8532592492718781
25621,LOF,0.0669662080641702,0.059974589662940274,0.8730592022728895
25622,LOF,0.055181342869142364,0.133676117551994,0.8111425395788636
25623,LOF,0.15207915603881594,0.09808168938302853,0.7498391545781555
25624,LOF,0.06616486784668252,0.14228715206914014,0.7915479800841774
25625,LOF,0.05761161529046921,0.11446545513222608,0.8279229295773047
25626,Neutral,0.7306230835375777,0.03501658202927695,0.23436033443314538
25627,GOF,0.27617813671019503,0.5096904460617775,0.21413141722802748
25628,LOF,0.12897129362388865,0.08358476404988097,0.7874439423262304
25629,Neutral,0.7369310659000557,0.05271215968918663,0.2103567744107576
25630,LOF,0.08527087061633377,0.3356205167720852,0.5791086126115811
25631,GOF,0.35553079975381363,0.3829200512528758,0.26154914899331055
25632,LOF,0.015814068509580056,0.0756741243930584,0.9085118070973616
25633,LOF,0.29812852703191467,0.34296125548317447,0.35891021748491087
25634,LOF,0.10172264252407297,0.16584275058199802,0.732434606893929
25635,LOF,0.04810313654573618,0.07319123935159547,0.8787056241026683
25636,GOF,0.007354064786180739,0.5532337018000334,0.4394122334137858
25637,LOF,0.0070241705665932365,0.2184849641464617,0.7744908652869451
25638,GOF,0.006768745256860522,0.5656476459557591,0.4275836087873803
25639,LOF,0.008715908713190551,0.28257926363902464,0.7087048276477849
25640,Neutral,0.489955493488421,0.3648979362600653,0.14514657025151373
25641,LOF,0.009104260003512573,0.2718590910854842,0.7190366489110033
25642,LOF,0.2735439241343798,0.14064347630283333,0.5858125995627869
25643,Neutral,0.5435927780879767,0.013077393771143446,0.44332982814087996
25644,GOF,0.015043351180399938,0.582337922149115,0.40261872667048515
25645,GOF,0.007399245867545117,0.6117960700344727,0.38080468409798224
25646,LOF,0.011067236679607684,0.49343313852019055,0.4954996248002019
25647,LOF,0.010263167107737807,0.4448850948587066,0.5448517380335556
25648,LOF,0.008025091505430987,0.3729765826208246,0.6189983258737444
25649,LOF,0.008372119888204283,0.301611920193677,0.6900159599181187
25650,GOF,0.02031403227510217,0.7264518502131803,0.2532341175117177
25651,GOF,0.006976174962857937,0.634478783977346,0.35854504105979595
25652,LOF,0.017873528673325177,0.2819295310406558,0.7001969402860191
25653,GOF,0.07523161032723476,0.5615967963176639,0.3631715933551014
25654,GOF,0.008664901869060299,0.5069752966617059,0.4843598014692338
25655,GOF,0.08166292440445935,0.6588007379242565,0.2595363376712841
25656,GOF,0.03271105525994236,0.5703476227571104,0.39694132198294724
25657,LOF,0.4290322881088301,0.07833923405107779,0.492628477840092
25658,LOF,0.011458965840679283,0.38246330045057364,0.6060777337087471
25659,LOF,0.13209174708495802,0.19899392957989928,0.6689143233351427
25660,LOF,0.12247445175138895,0.13775595861439952,0.7397695896342115
25661,LOF,0.0940161608033196,0.09884515858632034,0.8071386806103601
25662,LOF,0.07328370210572312,0.09351033875444274,0.8332059591398342
25663,LOF,0.06782639851522987,0.09272255064821511,0.8394510508365549
25664,LOF,0.05846175683960457,0.20613674523562858,0.7354014979247668
25665,LOF,0.08785261125002966,0.19623841014647672,0.7159089786034936
25666,LOF,0.1226177548457765,0.2582192011285117,0.6191630440257119
25667,LOF,0.053688341245515296,0.07574235986794542,0.8705692988865392
25668,LOF,0.07577921456231809,0.04431673071369843,0.8799040547239834
25669,LOF,0.048954041355000054,0.09341115487205474,0.8576348037729452
25670,LOF,0.13081203605523606,0.06388376946602028,0.8053041944787436
25671,LOF,0.07694030290309298,0.16360161938988507,0.759458077707022
25672,LOF,0.13187703405442397,0.16167387820920184,0.7064490877363743
25673,LOF,0.14594626768508787,0.20475696088434156,0.6492967714305706
25674,LOF,0.06013779232487783,0.16003434619089385,0.7798278614842282
25675,LOF,0.12667077112578526,0.13058560308707245,0.7427436257871423
25676,LOF,0.06494695848810074,0.09503303794938808,0.8400200035625113
25677,LOF,0.08643209462903942,0.10172735635748874,0.8118405490134719
25678,Neutral,0.6594770627856712,0.0673098379477187,0.2732130992666101
25679,LOF,0.34580332234936023,0.07589081856691304,0.5783058590837268
25680,LOF,0.10529557359498486,0.16694503248722825,0.7277593939177868
25681,LOF,0.12026072429138433,0.14360915434511526,0.7361301213635005
25682,LOF,0.07065111396812283,0.11517028944503424,0.8141785965868429
25683,LOF,0.27325418005846136,0.05771516287509159,0.6690306570664472
25684,LOF,0.10229130936628222,0.1724560258573681,0.7252526647763498
25685,LOF,0.14194996948448466,0.09043512751291233,0.767614903002603
25686,LOF,0.01068400375876016,0.29833523716671617,0.6909807590745236
25687,LOF,0.017053905452648597,0.42668451085150516,0.5562615836958463
25688,LOF,0.02471870086911751,0.32830620210400446,0.646975097026878
25689,LOF,0.01148528742539878,0.22030224956865418,0.768212463005947
25690,GOF,0.013865174797786881,0.5256888351018026,0.46044599010041054
25691,GOF,0.11127644531446107,0.5018606650125336,0.3868628896730054
25692,Neutral,0.796297582787575,0.0443357617276059,0.1593666554848191
25693,GOF,0.03675513841839851,0.5548492929518691,0.4083955686297323
25694,LOF,0.45125524583537313,0.033165318445195595,0.5155794357194312
25695,LOF,0.3914979757636252,0.026251877163200606,0.5822501470731742
25696,Neutral,0.7211722316868697,0.027973729352140816,0.25085403896098946
25697,Neutral,0.8048631331910532,0.07302029995419118,0.12211656685475575
25698,GOF,0.014964607199334592,0.70937162862965,0.27566376417101546
25699,GOF,0.03590697501823314,0.6715551440223436,0.2925378809594233
25700,LOF,0.06177721531388398,0.0679974177003536,0.8702253669857625
25701,GOF,0.006752194955294059,0.5619990700915328,0.4312487349531732
25702,GOF,0.0351738934050142,0.7158594249481942,0.24896668164679162
25703,LOF,0.020349422270605894,0.1620928550406132,0.817557722688781
25704,LOF,0.07326992499107463,0.21405094858765802,0.7126791264212674
25705,LOF,0.09942778880641384,0.170007978333821,0.7305642328597652
25706,GOF,0.017565228787361598,0.7190742035341957,0.2633605676784426
25707,GOF,0.015216191259180807,0.5190531319688411,0.46573067677197816
25708,GOF,0.007192623360185669,0.5435126462048955,0.4492947304349188
25709,LOF,0.07904556560123563,0.10545341838716339,0.815501016011601
25710,LOF,0.01550475380020247,0.21153498911606694,0.7729602570837306
25711,LOF,0.07594228396826477,0.130205646371849,0.7938520696598863
25712,LOF,0.034697475171403994,0.14449039045280865,0.8208121343757874
25713,LOF,0.05921585773583197,0.13480498265928395,0.8059791596048841
25714,LOF,0.055262680392250026,0.30738611899278057,0.6373512006149693
25715,LOF,0.05684874467990008,0.28036470004632713,0.662786555273773
25716,LOF,0.016129366697855783,0.10818997464495834,0.8756806586571859
25717,LOF,0.013022427692814285,0.13745164697494822,0.8495259253322375
25718,LOF,0.06210205335633275,0.12872358619884877,0.8091743604448185
25719,LOF,0.06814747693355472,0.1453117047087896,0.7865408183576557
25720,LOF,0.06312360284245151,0.17234546273412982,0.7645309344234187
25721,LOF,0.05267290015637859,0.09978377502022229,0.8475433248233992
25722,LOF,0.05096819321811044,0.12024244341369283,0.8287893633681966
25723,LOF,0.07546187794255044,0.12748486494248304,0.7970532571149666
25724,LOF,0.05682960551704117,0.2784564828837487,0.6647139115992102
25725,LOF,0.1262318675488949,0.11993888934087218,0.7538292431102328
25726,LOF,0.05798876077568531,0.18488423419506167,0.7571270050292531
25727,LOF,0.0986809362676372,0.07060533788025766,0.8307137258521051
25728,LOF,0.05425260114142031,0.1998655755369997,0.74588182332158
25729,LOF,0.06103849486531274,0.1510679059778089,0.7878935991568783
25730,LOF,0.0740119921461234,0.1793173920346299,0.7466706158192468
25731,LOF,0.022300517148481313,0.07587594910183759,0.901823533749681
25732,LOF,0.05825518460836744,0.062150955896584384,0.8795938594950481
25733,LOF,0.08621246612881736,0.23791912235956827,0.6758684115116143
25734,LOF,0.013741202498600743,0.1543878939878468,0.8318709035135525
25735,LOF,0.07241120588819908,0.08888307877317318,0.8387057153386277
25736,LOF,0.06773538622127266,0.13310773510498428,0.7991568786737431
25737,LOF,0.0940385118433147,0.11010998097087776,0.7958515071858075
25738,LOF,0.08472297438855712,0.1464644594098133,0.7688125662016295
25739,LOF,0.058633339504012554,0.13833950920940982,0.8030271512865776
25740,LOF,0.09295488640483947,0.1324615061228435,0.7745836074723171
25741,LOF,0.07921509623470643,0.12840346529745167,0.7923814384678419
25742,LOF,0.08405913426764575,0.18127970598766552,0.7346611597446888
25743,LOF,0.011616242144180286,0.09355092319622288,0.8948328346595968
25744,GOF,0.04652101746494329,0.6980253401605163,0.2554536423745403
25745,GOF,0.01049218958257203,0.6569753525810178,0.33253245783641017
25746,GOF,0.007264609809245728,0.6488052517597968,0.3439301384309574
25747,LOF,0.06805561140415664,0.07221569719279855,0.8597286914030448
25748,LOF,0.2562921303682342,0.289317891950182,0.4543899776815838
25749,GOF,0.006741662309597639,0.5631141855140902,0.43014415217631213
25750,GOF,0.008420502145848302,0.5431367174182049,0.4484427804359469
25751,LOF,0.07098232804224397,0.20033155750654286,0.7286861144512131
25752,GOF,0.11272504900870277,0.5113361967278572,0.3759387542634399
25753,LOF,0.01262091121868493,0.19514213024121516,0.7922369585400999
25754,GOF,0.010542223359846762,0.7794776485776866,0.20998012806246671
25755,LOF,0.012264864874559515,0.1562071067130663,0.8315280284123742
25756,LOF,0.09688729408381676,0.16764845889033064,0.7354642470258526
25757,GOF,0.010867912771453849,0.7069081518723097,0.28222393535623647
25758,GOF,0.00899322643871504,0.810752828773073,0.1802539447882121
25759,GOF,0.005731599553367327,0.5762835570874767,0.417984843359156
25760,LOF,0.008973214971743549,0.09699556114889492,0.8940312238793615
25761,GOF,0.03495613465786606,0.8183807513061341,0.14666311403599996
25762,LOF,0.11770470897961431,0.1656931107623509,0.7166021802580348
25763,LOF,0.01023505363698316,0.0956477119082188,0.8941172344547981
25764,GOF,0.08820079850447181,0.47268122953027586,0.4391179719652523
25765,GOF,0.006886775796042605,0.7099482153640658,0.2831650088398916
25766,GOF,0.022223234427036193,0.7304350944576898,0.24734167111527394
25767,GOF,0.009995668720413211,0.7525243303429197,0.23748000093666705
25768,LOF,0.04610266903049739,0.2541704112099153,0.6997269197595873
25769,LOF,0.050076673489727976,0.1970867080248233,0.7528366184854488
25770,Neutral,0.7237459215795484,0.040886532448913916,0.23536754597153775
25771,LOF,0.0612994949914858,0.14736318541732507,0.7913373195911891
25772,LOF,0.09104284714469907,0.09179822209234267,0.8171589307629582
25773,LOF,0.035637906733127174,0.27063329683787046,0.6937287964290023
25774,LOF,0.09381483535472096,0.17325364066690305,0.732931523978376
25775,LOF,0.04794687748859652,0.08803182758842029,0.8640212949229832
25776,LOF,0.050591716426855934,0.11411440236549585,0.8352938812076482
25777,LOF,0.1981595119927263,0.08756555986329137,0.7142749281439824
25778,LOF,0.06559269725330649,0.12906236790618136,0.8053449348405122
25779,GOF,0.10161413640503413,0.5559340548867693,0.3424518087081966
25780,GOF,0.07009194953062148,0.7680321749220539,0.16187587554732466
25781,GOF,0.062188381074106715,0.6318831608267108,0.30592845809918245
25782,GOF,0.04117668051439352,0.538174830861599,0.42064848862400744
25783,GOF,0.09980367234677384,0.643703868283612,0.2564924593696142
25784,GOF,0.17040018846137292,0.6778347157972016,0.15176509574142544
25785,GOF,0.19639077198812896,0.6499803692965465,0.1536288587153245
25786,GOF,0.016034473457942965,0.6359912778092875,0.3479742487327696
25787,Neutral,0.4473663619715576,0.34411822435003303,0.2085154136784094
25788,LOF,0.05851954531096451,0.0982965184295165,0.8431839362595192
25789,GOF,0.03202056211578232,0.7859919680283736,0.18198746985584419
25790,GOF,0.03995902673128059,0.7179562676295104,0.24208470563920917
25791,GOF,0.03507574893135486,0.7823759076007554,0.18254834346788978
25792,GOF,0.04611648304458127,0.7581135284897708,0.195769988465648
25793,GOF,0.06028255462192007,0.5699422852682212,0.3697751601098587
25794,GOF,0.03710543493823857,0.7467639905344169,0.21613057452734458
25795,GOF,0.07842469319538888,0.5258611826922714,0.39571412411233975
25796,GOF,0.16690120397681063,0.4836908258790421,0.34940797014414726
25797,GOF,0.07248728070622654,0.4879763853835409,0.4395363339102325
25798,GOF,0.011776390523925942,0.7488100582425613,0.2394135512335127
25799,GOF,0.0072018870615487285,0.7480067785614664,0.24479133437698494
25800,GOF,0.03655145326749462,0.8326645482787945,0.13078399845371083
25801,GOF,0.046365564769417514,0.7789913826590015,0.17464305257158103
25802,GOF,0.04958164183347077,0.8014324725453501,0.14898588562117923
25803,GOF,0.03257602074760886,0.652320943666712,0.31510303558567904
25804,GOF,0.07731997228574407,0.6644236252042329,0.2582564025100229
25805,GOF,0.04126333545891213,0.7375701905532,0.221166473987888
25806,GOF,0.05138378090356748,0.7658082302223567,0.18280798887407584
25807,GOF,0.022959646111389082,0.710267553333814,0.2667728005547969
25808,GOF,0.04630798321093615,0.7697156446245405,0.1839763721645235
25809,GOF,0.015004555616404269,0.5670490993434832,0.4179463450401126
25810,GOF,0.013245876128098109,0.6284073709628709,0.35834675290903095
25811,GOF,0.06545102083907854,0.7068675881943143,0.22768139096660706
25812,GOF,0.08547194262856878,0.6883369173411066,0.22619114003032464
25813,GOF,0.23691241502678423,0.5508190740023016,0.21226851097091426
25814,GOF,0.08755108051534881,0.7742485251328642,0.1382003943517868
25815,GOF,0.0629664585405707,0.7635405548314463,0.1734929866279829
25816,GOF,0.016870974933420095,0.8118580676726683,0.1712709573939115
25817,GOF,0.09181876116915344,0.663817407027525,0.24436383180332166
25818,GOF,0.08193192021408374,0.5656213371771702,0.3524467426087459
25819,GOF,0.06405506373840252,0.5994982249624913,0.33644671129910614
25820,GOF,0.08151491135171522,0.6484793547456824,0.2700057339026025
25821,GOF,0.06975649969300166,0.6519776525007811,0.2782658478062174
25822,GOF,0.11059013684609348,0.6258349664334936,0.26357489672041307
25823,GOF,0.0816512296531407,0.5565804309352511,0.3617683394116082
25824,GOF,0.038034596473711005,0.798513948289806,0.1634514552364828
25825,GOF,0.028840410449384558,0.8601372445795442,0.11102234497107114
25826,GOF,0.013313489410021065,0.6943284010690846,0.29235810952089425
25827,GOF,0.011940441838588344,0.8129517235731445,0.1751078345882671
25828,GOF,0.010653808103430978,0.7501681759828602,0.23917801591370882
25829,LOF,0.01115984176718548,0.11744867352279119,0.8713914847100234
25830,LOF,0.06229137149199146,0.053664653086158934,0.8840439754218496
25831,GOF,0.03935267883578472,0.7387066438615006,0.22194067730271463
25832,GOF,0.01541815237394011,0.5233360474662108,0.4612458001598491
25833,GOF,0.05988424846226878,0.7447443646330186,0.19537138690471267
25834,GOF,0.014451733388777904,0.5028464504676502,0.48270181614357194
25835,GOF,0.0535839411122751,0.8017043020319468,0.14471175685577825
25836,GOF,0.015578185921137626,0.6121978002737045,0.37222401380515774
25837,GOF,0.013684272150868806,0.6627001500784614,0.3236155777706697
25838,GOF,0.03805301262045592,0.7711751982662733,0.19077178911327067
25839,GOF,0.08044119490094206,0.674381376736764,0.2451774283622939
25840,GOF,0.1142484031500647,0.7620466132732919,0.12370498357664328
25841,GOF,0.09771153943968679,0.6887215511356817,0.21356690942463152
25842,GOF,0.067612645909175,0.787510830989954,0.14487652310087104
25843,GOF,0.03178191827154496,0.7714334474952955,0.1967846342331595
25844,GOF,0.034788121187489654,0.7691918047969983,0.19602007401551208
25845,GOF,0.01098182198606507,0.5911210321812241,0.3978971458327108
25846,GOF,0.08201061532352226,0.7164679669068645,0.2015214177696132
25847,GOF,0.053121307398237595,0.7866110959985191,0.16026759660324336
25848,GOF,0.03396885619959055,0.7484564725810106,0.21757467121939886
25849,GOF,0.008827999243524842,0.7287356924609716,0.2624363082955035
25850,GOF,0.013846086590776983,0.6870597654181402,0.2990941479910829
25851,GOF,0.012958160471554675,0.6500679142014149,0.3369739253270305
25852,GOF,0.18851198681666326,0.427587784008542,0.38390022917479477
25853,GOF,0.07027843339252364,0.6404747810272571,0.28924678558021927
25854,GOF,0.007787466569367772,0.6891110240666993,0.303101509363933
25855,GOF,0.042931610054564945,0.5907928859124342,0.36627550403300085
25856,GOF,0.07512527888094407,0.727044143384663,0.19783057773439275
25857,GOF,0.04432310637773066,0.653779784094228,0.3018971095280412
25858,GOF,0.014282159935592603,0.5868654094304767,0.39885243063393067
25859,GOF,0.011075025262444277,0.5501379634189247,0.43878701131863096
25860,GOF,0.09885280882342729,0.6480542443734171,0.25309294680315547
25861,GOF,0.0585515781360451,0.6374845444537215,0.30396387741023334
25862,GOF,0.031855346255101016,0.8433332325660992,0.1248114211787998
25863,GOF,0.039059926554676536,0.7253806067534964,0.23555946669182715
25864,GOF,0.036032322732004775,0.8339247123923982,0.13004296487559702
25865,GOF,0.03722237541435009,0.8290414796963269,0.1337361448893231
25866,GOF,0.0499048997006367,0.8844026282328127,0.06569247206655059
25867,GOF,0.4116595345186306,0.5525180217818673,0.03582244369950212
25868,GOF,0.100154930402964,0.6888167571347659,0.21102831246227016
25869,GOF,0.2917779105066695,0.5979792775814982,0.11024281191183244
25870,LOF,0.04365326004946127,0.09524727877225887,0.8610994611782798
25871,GOF,0.007674530711071281,0.6500092077812547,0.3423162615076741
25872,LOF,0.03451365041131519,0.4457947903644139,0.519691559224271
25873,GOF,0.025642829387056785,0.7799304487479827,0.1944267218649606
25874,LOF,0.06948101336957782,0.040541297252932124,0.88997768937749
25875,GOF,0.013402526903685902,0.6344079451311,0.3521895279652141
25876,LOF,0.038800040905972034,0.12452829627769325,0.8366716628163346
25877,GOF,0.04327642387274652,0.6929681198202762,0.2637554563069772
25878,GOF,0.035596588118940335,0.8584957982026828,0.10590761367837678
25879,LOF,0.01290220025414528,0.3875597058301306,0.5995380939157241
25880,LOF,0.08262961576092119,0.06605819290888369,0.8513121913301952
25881,Neutral,0.5545673772675436,0.2084769017475806,0.2369557209848758
25882,LOF,0.0401546612193867,0.2946604060865968,0.6651849326940166
25883,LOF,0.052494700179731894,0.19607576838055074,0.7514295314397174
25884,LOF,0.02965572137746911,0.24176010477918558,0.7285841738433453
25885,Neutral,0.4963171665901027,0.022746409761635132,0.48093642364826217
25886,Neutral,0.42948897397800695,0.2057288218797791,0.36478220414221396
25887,GOF,0.05155931106864011,0.7163745208223437,0.23206616810901634
25888,LOF,0.011073209805290161,0.338834047635695,0.6500927425590148
25889,LOF,0.08534102983720433,0.22435231925933966,0.690306650903456
25890,LOF,0.14267545097045162,0.40274080702693027,0.45458374200261803
25891,LOF,0.24353332410646997,0.14715393197804433,0.6093127439154857
25892,LOF,0.004600360694517103,0.3238063190498279,0.671593320255655
25893,LOF,0.212301229031139,0.11787288010235752,0.6698258908665035
25894,LOF,0.27002865602294096,0.039360087815401595,0.6906112561616574
25895,LOF,0.2404046793873221,0.0696248637562588,0.6899704568564191
25896,LOF,0.09341326288728632,0.16084772439508097,0.7457390127176327
25897,LOF,0.09489200256268053,0.11474073642985755,0.790367261007462
25898,GOF,0.04770958870691478,0.675562125100941,0.2767282861921441
25899,LOF,0.28765314019886823,0.19521419235779014,0.5171326674433416
25900,Neutral,0.8456708076794097,0.03690180559535117,0.11742738672523917
25901,LOF,0.08516591606350572,0.059028076428241816,0.8558060075082525
25902,Neutral,0.8141752535856429,0.01693734470073428,0.16888740171362276
25903,LOF,0.13300894114857922,0.2146088749972643,0.6523821838541565
25904,Neutral,0.42948897397800695,0.2057288218797791,0.36478220414221396
25905,LOF,0.006136645918573367,0.32533215198300697,0.6685312020984197
25906,LOF,0.009757111599537207,0.10648410150157533,0.8837587868988875
25907,LOF,0.007018349570196327,0.4639712460339558,0.5290104043958479
25908,LOF,0.00690648948646458,0.43461517019239404,0.5584783403211414
25909,LOF,0.05738590127039635,0.46091371769915096,0.48170038103045276
25910,LOF,0.013400657213230978,0.21906216800219544,0.7675371747845736
25911,LOF,0.09819395471014664,0.2151832725248159,0.6866227727650375
25912,LOF,0.18643602330856712,0.08235227505222757,0.7312117016392053
25913,LOF,0.007993450705276477,0.20197647242381794,0.7900300768709055
25914,LOF,0.06475523533007096,0.1774327540585116,0.7578120106114175
25915,GOF,0.044241074353422005,0.7689491659343023,0.1868097597122758
25916,LOF,0.010514273688600893,0.4795254334421954,0.5099602928692037
25917,Neutral,0.7836903384924419,0.04943087357530824,0.16687878793224992
25918,LOF,0.07200872481631435,0.07062339258809423,0.8573678825955915
25919,LOF,0.06530594266767263,0.02853508608804738,0.90615897124428
25920,LOF,0.2242411112449919,0.3567154255176693,0.41904346323733876
25921,LOF,0.02335043026659712,0.08376386919933969,0.8928857005340632
25922,LOF,0.01624202561677204,0.08492649733492122,0.8988314770483068
25923,Neutral,0.42948897397800695,0.2057288218797791,0.36478220414221396
25924,LOF,0.029935466162644715,0.22980556391390422,0.7402589699234511
25925,Neutral,0.738760384045968,0.041719663705243284,0.21951995224878873
25926,LOF,0.09986239785007982,0.21256053842490547,0.6875770637250147
25927,LOF,0.008971891714885853,0.23195583291020225,0.7590722753749118
25928,LOF,0.012016945102871619,0.04970395948874164,0.9382790954083866
25929,Neutral,0.42948897397800695,0.2057288218797791,0.36478220414221396
25930,LOF,0.04472663315380508,0.23624214452647563,0.7190312223197193
25931,LOF,0.010203621960170271,0.09142110611377557,0.8983752719260542
25932,LOF,0.07699037234351576,0.0604493175896515,0.8625603100668326
25933,LOF,0.07924796204777693,0.09504806182470578,0.8257039761275174
25934,LOF,0.087394549022569,0.054077376527973085,0.8585280744494579
25935,Neutral,0.7310358800235756,0.059852387582566564,0.20911173239385783
25936,LOF,0.0798146669174397,0.04664857359519329,0.873536759487367
25937,LOF,0.011513087711307287,0.15750636600060955,0.830980546288083
25938,Neutral,0.7583741044364167,0.04264299993782612,0.19898289562575716
25939,LOF,0.06172516684338541,0.06310783925073818,0.8751669939058764
25940,GOF,0.008291027706150861,0.5302287631215259,0.4614802091723233
25941,LOF,0.43476445645177303,0.05458649505114007,0.5106490484970868
25942,LOF,0.017014085114500168,0.16208928360429944,0.8208966312812004
25943,LOF,0.02855913854349404,0.425417288440428,0.5460235730160781
25944,LOF,0.02294274861185014,0.4249496444489013,0.5521076069392485
25945,LOF,0.04444302866424499,0.06332777162391001,0.892229199711845
25946,LOF,0.07698490651586042,0.1726376816562029,0.7503774118279366
25947,LOF,0.4706046708328497,0.05063059184324263,0.47876473732390756
25948,Neutral,0.8289965867690301,0.08191937836569692,0.08908403486527303
25949,Neutral,0.7659490931305939,0.04965145349986844,0.18439945336953759
25950,GOF,0.059403748344606135,0.8164481339575602,0.12414811769783363
25951,GOF,0.008865218029471407,0.7191219676914238,0.27201281427910495
25952,LOF,0.11370561253667665,0.36080003563642793,0.5254943518268954
25953,LOF,0.009155646876982748,0.4855749572065095,0.5052693959165078
25954,GOF,0.054378521635400565,0.7301243087784267,0.2154971695861727
25955,GOF,0.005612211194247114,0.5580762285916737,0.4363115602140792
25956,GOF,0.009852946693868884,0.5016313009703487,0.4885157523357825
25957,LOF,0.44700588155098375,0.06846281639548517,0.4845313020535311
25958,LOF,0.05931422613401916,0.12410380622503872,0.8165819676409422
25959,LOF,0.008382828344209819,0.4109178982862222,0.5806992733695681
25960,LOF,0.010161282758562006,0.08208530921194743,0.9077534080294906
25961,LOF,0.05363095849701966,0.19195407964264935,0.754414961860331
25962,Neutral,0.775649280137618,0.022612055146133153,0.20173866471624888
25963,LOF,0.011665828578179495,0.13533561184729936,0.8529985595745211
25964,LOF,0.10020048910765217,0.15516071946592966,0.7446387914264183
25965,LOF,0.15155389476456535,0.3988377828315581,0.44960832240387655
25966,Neutral,0.42948897397800695,0.2057288218797791,0.36478220414221396
25967,LOF,0.013077256177510392,0.11183102161925813,0.8750917222032314
25968,LOF,0.11733945587369289,0.3389091871695194,0.5437513569567877
25969,LOF,0.25676334512868076,0.05843567793295479,0.6848009769383644
25970,LOF,0.019495592551521404,0.1963403069445034,0.7841641005039751
25971,LOF,0.11172273757156571,0.15058413303879012,0.7376931293896443
25972,LOF,0.09696695994588496,0.15325455239954097,0.749778487654574
25973,Neutral,0.5175662961203774,0.011621072752082203,0.47081263112754046
25974,LOF,0.06082362319671866,0.30040206727634644,0.6387743095269348
25975,LOF,0.054525556182990875,0.03055075223724406,0.914923691579765
25976,LOF,0.09475617372833596,0.02306621803110091,0.8821776082405632
25977,LOF,0.40112904260324794,0.11475415342266888,0.48411680397408313
25978,LOF,0.190875550659255,0.1417241645874112,0.6674002847533338
25979,LOF,0.12727503321864334,0.15791159915245181,0.7148133676289048
25980,LOF,0.19113139941471816,0.3761991655719345,0.4326694350133473
25981,GOF,0.20091815796660265,0.4552150429102017,0.34386679912319573
25982,LOF,0.195063763821903,0.2881391658880073,0.5167970702900897
25983,LOF,0.15857603363483153,0.2740196283178149,0.5674043380473535
25984,LOF,0.04829555941738689,0.24029741796966664,0.7114070226129465
25985,Neutral,0.37971839378924543,0.33843575536335496,0.28184585084739966
25986,GOF,0.01551394372802354,0.6248133203050255,0.35967273596695093
25987,LOF,0.023045853391122872,0.2902993915198953,0.6866547550889819
25988,LOF,0.04251797164365518,0.32966984700361684,0.6278121813527279
25989,LOF,0.06027500273839034,0.3748333788614948,0.5648916184001148
25990,LOF,0.06963896626279951,0.39857447096111204,0.5317865627760884
25991,GOF,0.047877158685090966,0.7369379680151256,0.21518487329978353
25992,LOF,0.018438505268306284,0.34442507198812644,0.6371364227435672
25993,LOF,0.05956630539263787,0.029612724614129463,0.9108209699932326
25994,LOF,0.079365954640744,0.03007060483244019,0.8905634405268157
25995,LOF,0.054134537556138264,0.03587698751874807,0.9099884749251136
25996,GOF,0.20149731940235424,0.4448867384384087,0.3536159421592371
25997,GOF,0.05265059357144663,0.5870202192227012,0.3603291872058522
25998,LOF,0.17585658821898958,0.23158878794907953,0.5925546238319308
25999,GOF,0.020819804946719606,0.5158782247578816,0.46330197029539893
26000,LOF,0.2603653253846162,0.07630251333072231,0.6633321612846613
26001,LOF,0.09899134522359877,0.1482774008108231,0.752731253965578
26002,Neutral,0.6804224014320792,0.016663861946984885,0.30291373662093585
26003,GOF,0.008148601081424458,0.7533577152518298,0.23849368366674564
26004,GOF,0.02802698933428738,0.7728931967665098,0.1990798138992029
26005,GOF,0.004917944164331265,0.7359971666084181,0.2590848892272507
26006,GOF,0.08204567243247278,0.7684814625841683,0.14947286498335896
26007,GOF,0.012832384153815294,0.7357371677151082,0.2514304481310765
26008,GOF,0.012015004613873677,0.7402705802371345,0.24771441514899176
26009,GOF,0.0228269119083323,0.8667144087931719,0.1104586792984958
26010,GOF,0.008862848494571177,0.7878662445190284,0.2032709069864005
26011,GOF,0.005429327026091485,0.4996083646055273,0.4949623083683811
26012,GOF,0.006852813297550151,0.8262231242963042,0.16692406240614574
26013,LOF,0.007060058693242971,0.411834243273837,0.58110569803292
26014,Neutral,0.763220639529035,0.015277554363692224,0.22150180610727294
26015,Neutral,0.5379580806723802,0.07408549375579304,0.3879564255718268
26016,LOF,0.3174792541551307,0.12015485392908752,0.5623658919157818
26017,LOF,0.043484244930419066,0.3923192801442384,0.5641964749253425
26018,LOF,0.04498317911755887,0.3212800887792204,0.6337367321032208
26019,LOF,0.05034082111488934,0.10903431223032359,0.840624866654787
26020,LOF,0.007082003918294905,0.2820239220244709,0.7108940740572343
26021,LOF,0.06899014938383309,0.15195660763294516,0.7790532429832216
26022,LOF,0.07134041982807166,0.08055565716509303,0.8481039230068353
26023,LOF,0.0400049400343786,0.09948632374634764,0.8605087362192737
26024,LOF,0.0511501230367798,0.175571768857433,0.7732781081057872
26025,LOF,0.12645661293855692,0.3317269426870419,0.5418164443744012
26026,LOF,0.08338992260101039,0.21967338657065041,0.6969366908283392
26027,LOF,0.08048906804807607,0.09602238855832401,0.8234885433935999
26028,GOF,0.04337926167221057,0.5011151122662186,0.45550562606157086
26029,GOF,0.019901303780308445,0.6874272267150172,0.2926714695046743
26030,LOF,0.3790735000751732,0.06147024446224717,0.5594562554625795
26031,GOF,0.005328923218776981,0.6203111160120468,0.37435996076917627
26032,LOF,0.061249021019085845,0.13157747845893594,0.8071735005219782
26033,LOF,0.06312885367544623,0.15983369690185478,0.7770374494226989
26034,GOF,0.0074490768540350395,0.5406215170051382,0.45192940614082683
26035,GOF,0.006299556779162044,0.5880766696904021,0.4056237735304358
26036,LOF,0.006311197109192074,0.2929594718499185,0.7007293310408895
26037,LOF,0.006150462861773209,0.36045707138524047,0.6333924657529864
26038,LOF,0.05504468130591815,0.09618084501344734,0.8487744736806345
26039,GOF,0.022079032926440072,0.5827006338980067,0.39522033317555316
26040,LOF,0.05209819752943497,0.10898737144739401,0.8389144310231711
26041,LOF,0.008862983873621959,0.3416917850706337,0.6494452310557444
26042,LOF,0.008121011460898393,0.3691047659935943,0.6227742225455074
26043,LOF,0.04272644788314407,0.2526214229080798,0.7046521292087762
26044,LOF,0.008044931098809443,0.2702443500853453,0.7217107188158453
26045,GOF,0.028360924517186054,0.8475109857248126,0.12412808975800128
26046,LOF,0.03537590637639754,0.27882254184195787,0.6858015517816446
26047,LOF,0.09905418231276161,0.16375591631573624,0.7371899013715022
26048,LOF,0.09400796571136541,0.10781251714008783,0.7981795171485466
26049,Neutral,0.8661311828707887,0.0748415932231383,0.05902722390607294
26050,Neutral,0.8623614677992101,0.06073693155642097,0.07690160064436892
26051,LOF,0.011581014063795698,0.44513004760431496,0.5432889383318894
26052,LOF,0.013525866612140636,0.27571941412264134,0.7107547192652179
26053,LOF,0.023961196827310637,0.09836389641370717,0.8776749067589822
26054,Neutral,0.7583741044364167,0.04264299993782612,0.19898289562575716
26055,LOF,0.0985519271649908,0.1680755040209792,0.7333725688140301
26056,LOF,0.09921311464608604,0.18690668397520355,0.7138802013787103
26057,LOF,0.08784394058802235,0.043443737966849874,0.8687123214451279
26058,LOF,0.09363797876667122,0.0439104458700544,0.8624515753632743
26059,Neutral,0.8661885709671094,0.04804159224695636,0.0857698367859342
26060,LOF,0.033763832289790185,0.28090763254878165,0.6853285351614282
26061,LOF,0.018166936534803124,0.03536401543153693,0.9464690480336599
26062,LOF,0.011274751161101722,0.07297067422935843,0.9157545746095398
26063,LOF,0.06830418181451756,0.030160182736487094,0.9015356354489954
26064,LOF,0.01728915089707158,0.045850681061555196,0.9368601680413732
26065,LOF,0.04842099196597969,0.04873062755318521,0.9028483804808352
26066,LOF,0.08870400987615693,0.05033323882127331,0.8609627513025698
26067,LOF,0.09101266937274441,0.09471772310145149,0.814269607525804
26068,Neutral,0.7524657567560675,0.05475249268463345,0.19278175055929897
26069,LOF,0.09177159181012402,0.1727119591612405,0.7355164490286354
26070,LOF,0.12153408941483367,0.1729477895846279,0.7055181210005385
26071,LOF,0.06927883877152852,0.05133210541902922,0.8793890558094423
26072,LOF,0.014619219893000709,0.041044403716960824,0.9443363763900384
26073,LOF,0.07339213727686246,0.06738322269531753,0.85922464002782
26074,Neutral,0.8506917595429211,0.044133319665644724,0.10517492079143405
26075,LOF,0.12333294493204236,0.18152825370761452,0.695138801360343
26076,LOF,0.07407263164855102,0.0832931329904367,0.8426342353610123
26077,LOF,0.2565264652787666,0.06133134204861085,0.6821421926726227
26078,LOF,0.010735041306570794,0.06431938820066387,0.9249455704927654
26079,Neutral,0.7606606785189507,0.05586758913034606,0.18347173235070321
26080,Neutral,0.7606606785189507,0.05586758913034606,0.18347173235070321
26081,LOF,0.06659038013404785,0.04714395103852137,0.8862656688274306
26082,LOF,0.012067828895530347,0.15092599394891393,0.8370061771555556
26083,LOF,0.055013114309772536,0.17139431605220687,0.7735925696380205
26084,LOF,0.07102914038971568,0.13584599045663773,0.7931248691536466
26085,LOF,0.05969399785989539,0.1733114408739293,0.7669945612661753
26086,LOF,0.048486135097908716,0.13823598268360526,0.8132778822184861
26087,LOF,0.05974152731178195,0.1350634227307704,0.8051950499574476
26088,LOF,0.013764224530034667,0.14391738009108995,0.8423183953788754
26089,LOF,0.09411699574614493,0.19016667071832233,0.7157163335355328
26090,LOF,0.10799879862367483,0.2048528339310193,0.6871483674453058
26091,LOF,0.07204925606065159,0.06552181745245211,0.8624289264868964
26092,LOF,0.05847790544077918,0.050031887476794844,0.8914902070824259
26093,LOF,0.06851838655695072,0.04843341115792037,0.8830482022851288
26094,LOF,0.07106110336563204,0.07932909573785915,0.8496098008965088
26095,LOF,0.026849631162614296,0.11094249861002352,0.8622078702273621
26096,LOF,0.4201421934504341,0.023599712746244037,0.5562580938033218
26097,LOF,0.012966214466433739,0.057289183765102954,0.9297446017684632
26098,Neutral,0.7505257333471623,0.04238902062577761,0.20708524602706008
26099,LOF,0.04588079686997961,0.16762459936665888,0.7864946037633614
26100,LOF,0.04588079686997961,0.16762459936665888,0.7864946037633614
26101,LOF,0.05035044099174684,0.13541159250074486,0.8142379665075082
26102,LOF,0.0636903550550156,0.08528906247217549,0.8510205824728089
26103,Neutral,0.42948897397800695,0.2057288218797791,0.36478220414221396
26104,Neutral,0.7591076549974712,0.07141736344045126,0.16947498156207758
26105,LOF,0.28926046305998726,0.09009864747030684,0.6206408894697059
26106,LOF,0.28748705905451616,0.2020420362331709,0.5104709047123129
26107,LOF,0.009599839052594502,0.3802052518600127,0.6101949090873928
26108,LOF,0.15834780614275548,0.24394719402448262,0.5977049998327618
26109,LOF,0.0602740947186273,0.2512172730445219,0.6885086322368508
26110,Neutral,0.7467978458142207,0.02469311994207717,0.22850903424370217
26111,LOF,0.025128674465242862,0.24101805758980338,0.7338532679449538
26112,LOF,0.08464868670751385,0.04181437958090101,0.8735369337115853
26113,LOF,0.061303999882199686,0.06205798117875994,0.8766380189390403
26114,LOF,0.12088414776836479,0.18243813310019272,0.6966777191314424
26115,GOF,0.010540081272380559,0.6280826742341544,0.3613772444934649
26116,LOF,0.10107375195937524,0.2869432416321041,0.6119830064085205
26117,Neutral,0.42948897397800695,0.2057288218797791,0.36478220414221396
26118,LOF,0.059746793670721575,0.07627399804395708,0.8639792082853213
26119,LOF,0.006521817066086389,0.13114762541264202,0.8623305575212715
26120,LOF,0.07122962066100244,0.04917932206483627,0.8795910572741613
26121,LOF,0.007461971850718908,0.17177910648472314,0.8207589216645579
26122,LOF,0.0054820573071924835,0.2967125567064906,0.6978053859863169
