feature0,prediction,LoGoFunc_Neutral,LoGoFunc_GOF,LoGoFunc_LOF
25546,Neutral,0.6296492570172582,0.0635059651069791,0.3068447778757628
25547,LOF,0.4136000024633055,0.122920138810152,0.4634798587265425
25548,Neutral,0.4634972744188779,0.09631622206156082,0.44018650351956135
25549,LOF,0.39539731724015675,0.09673852907747094,0.5078641536823723
25550,LOF,0.33388851311255213,0.14883095375566263,0.5172805331317852
25551,LOF,0.27513284450897807,0.17357055827875867,0.5512965972122633
25552,LOF,0.189708328302754,0.16211152942248494,0.648180142274761
25553,Neutral,0.7823354087514329,0.05575931941596876,0.16190527183259845
25554,LOF,0.22495601991815864,0.1555454629703924,0.6194985171114489
25555,LOF,0.1857591914462332,0.13746179218697097,0.6767790163667958
25556,LOF,0.39247810157024926,0.12094999436118778,0.48657190406856304
25557,LOF,0.1781168814008517,0.1504730677889669,0.6714100508101815
25558,LOF,0.22397398320025289,0.15494508261029408,0.6210809341894531
25559,LOF,0.17724981741551474,0.13711567952762224,0.685634503056863
25560,LOF,0.07554304030474743,0.14734350479876268,0.7771134548964899
25561,LOF,0.14029337861983027,0.13901888231153475,0.720687739068635
25562,LOF,0.06235518411385003,0.09618119151611512,0.8414636243700349
25563,LOF,0.08975242037935932,0.1069154519901693,0.8033321276304713
25564,LOF,0.22272427065362152,0.1851163795714493,0.5921593497749291
25565,LOF,0.16875075432569858,0.13555068941291804,0.6956985562613833
25566,GOF,0.02061028969493973,0.7719879901144691,0.2074017201905911
25567,LOF,0.020628583613885077,0.1862537386480105,0.7931176777381044
25568,LOF,0.06117223799477564,0.08432798144968907,0.8544997805555352
25569,LOF,0.05759876393786411,0.08213197467197811,0.8602692613901577
25570,LOF,0.030485161757098308,0.11592211859813811,0.8535927196447636
25571,LOF,0.029373212249631027,0.1114154165354217,0.8592113712149472
25572,LOF,0.03353287791315273,0.14151103566744513,0.8249560864194022
25573,LOF,0.02802725794169132,0.11571785611606773,0.856254885942241
25574,LOF,0.018564126217382237,0.15962803163897235,0.8218078421436454
25575,LOF,0.02565051643503419,0.12041275326827557,0.8539367302966903
25576,LOF,0.012169937550896306,0.16300607041805432,0.8248239920310494
25577,LOF,0.010960289228146566,0.14184685380906678,0.8471928569627867
25578,LOF,0.2808444689182346,0.0938741326075899,0.6252813984741754
25579,LOF,0.12638291405878072,0.10179928798017727,0.7718177979610419
25580,LOF,0.01915423626563088,0.08818689097774404,0.8926588727566251
25581,LOF,0.04500074904495524,0.08208957140675127,0.8729096795482936
25582,LOF,0.044813580113211605,0.08023001264031086,0.8749564072464776
25583,LOF,0.021745644298568307,0.09997270741497273,0.878281648286459
25584,Neutral,0.543143027144686,0.10071366186004282,0.35614331099527113
25585,LOF,0.013018767515672583,0.15996858709601414,0.8270126453883133
25586,LOF,0.01892780182772029,0.08153034925758387,0.8995418489146958
25587,LOF,0.017899152316476333,0.07342198945985262,0.908678858223671
25588,LOF,0.018655138380276125,0.09116460211487903,0.8901802595048448
25589,Neutral,0.633784659936705,0.13654237586619314,0.2296729641971019
25590,LOF,0.019482000928875667,0.1377350200326951,0.8427829790384292
25591,LOF,0.0806756763741761,0.06809351203287042,0.8512308115929536
25592,LOF,0.05237027242274699,0.14218602603064384,0.8054437015466092
25593,LOF,0.022179066668517853,0.23140115083512708,0.7464197824963552
25594,LOF,0.03723436016184104,0.09679015792981617,0.8659754819083428
25595,LOF,0.03650446821131233,0.07462879817246058,0.888866733616227
25596,LOF,0.050362721906717256,0.060645225455905456,0.8889920526373774
25597,LOF,0.03508708463874833,0.06946004509989724,0.8954528702613543
25598,LOF,0.0339196474353418,0.08510822109536773,0.8809721314692905
25599,GOF,0.009526501809087984,0.5766802325572649,0.4137932656336471
25600,GOF,0.03068877800211546,0.6402445616678965,0.3290666603299882
25601,LOF,0.012619208585198325,0.4279025993363139,0.5594781920784877
25602,LOF,0.013363866184621669,0.0508714387908115,0.9357646950245669
25603,LOF,0.049644756611295915,0.019589496223167174,0.9307657471655368
25604,LOF,0.0162312375588018,0.0711623548827686,0.9126064075584296
25605,LOF,0.007715343687740511,0.22263609862469239,0.7696485576875671
25606,LOF,0.08738149895038738,0.3612698965841225,0.55134860446549
25607,LOF,0.005175281047308347,0.24508529586245062,0.749739423090241
25608,LOF,0.012189439959002147,0.11516294016555259,0.8726476198754453
25609,LOF,0.07060561427453388,0.3708580319055197,0.5585363538199465
25610,LOF,0.01858141937369439,0.025138559209342413,0.9562800214169632
25611,LOF,0.017605216512619096,0.027024298898528674,0.9553704845888523
25612,LOF,0.05886720523837228,0.03761712960623643,0.9035156651553913
25613,LOF,0.05372541145333184,0.03930622397168543,0.9069683645749826
25614,LOF,0.024919417129469865,0.029494505380839,0.9455860774896913
25615,LOF,0.016762282699963445,0.04065531179946405,0.9425824055005724
25616,LOF,0.04991261421504543,0.029096993333351272,0.9209903924516033
25617,LOF,0.047985919898191065,0.03208535370815816,0.9199287263936509
25618,LOF,0.058200127590336916,0.03397017840817631,0.9078296940014868
25619,LOF,0.017297854114800167,0.030268449974389884,0.95243369591081
25620,LOF,0.066015043722797,0.03833367785301494,0.8956512784241881
25621,LOF,0.018176129626294297,0.04017514042498668,0.9416487299487191
25622,LOF,0.023509427384521962,0.039872603815982545,0.9366179687994955
25623,LOF,0.03565013310781118,0.032219263832259,0.9321306030599299
25624,LOF,0.021537873912981627,0.037152129332094816,0.9413099967549237
25625,LOF,0.024255790257301908,0.05178966726431263,0.9239545424783854
25626,LOF,0.05476849624690331,0.03783727946346715,0.9073942242896295
25627,Neutral,0.6015633684901585,0.10593665122094036,0.2924999802889011
25628,LOF,0.19791426230460957,0.05510979041537424,0.7469759472800163
25629,LOF,0.04099831160550133,0.06156582769002054,0.8974358607044782
25630,LOF,0.144768157309312,0.0910448405079561,0.7641870021827318
25631,Neutral,0.6058274206960255,0.06187977925328295,0.33229280005069145
25632,LOF,0.007554523184673916,0.07031524144640476,0.9221302353689212
25633,LOF,0.21637160329071695,0.04196942578877897,0.741658970920504
25634,LOF,0.029644383165997344,0.08870113143751944,0.8816544853964832
25635,LOF,0.037296241135219885,0.04815393337018819,0.914549825494592
25636,GOF,0.005063461590772158,0.5857967257509367,0.40913981265829125
25637,GOF,0.007606871734117866,0.586352623008966,0.4060405052569162
25638,LOF,0.009807546741672862,0.29395290736627044,0.6962395458920567
25639,LOF,0.004898114755060048,0.44158767976264623,0.5535142054822938
25640,GOF,0.44858367666709364,0.4621706533823322,0.08924566995057417
25641,LOF,0.013391980687315605,0.3083135333772934,0.678294485935391
25642,LOF,0.24660348441127708,0.0533446188047623,0.7000518967839606
25643,LOF,0.1261225531801886,0.16276927144295666,0.7111081753768547
25644,LOF,0.008405084202370947,0.44383574170887363,0.5477591740887554
25645,LOF,0.007470744995381412,0.426397792323803,0.5661314626808157
25646,LOF,0.01205561799168828,0.31297194700094083,0.6749724350073708
25647,LOF,0.009389334158525563,0.2658675896536588,0.7247430761878157
25648,LOF,0.008535584999348327,0.2635216061210786,0.727942808879573
25649,LOF,0.00716702586561088,0.19685595231839592,0.7959770218159933
25650,LOF,0.013283766081735131,0.4035892489464154,0.5831269849718496
25651,LOF,0.005423383252873549,0.27196151815033276,0.7226150985967937
25652,LOF,0.009239293637196803,0.24128694177690374,0.7494737645858995
25653,LOF,0.025418827357417437,0.3823187392129116,0.592262433429671
25654,LOF,0.009697469936238861,0.14046542751973254,0.8498371025440286
25655,LOF,0.0443035779890141,0.4188927539062848,0.5368036681047011
25656,LOF,0.19221010828701146,0.05278505319427752,0.755004838518711
25657,LOF,0.25829022119052836,0.027565187961624795,0.7141445908478469
25658,LOF,0.08694687062674558,0.07901809519472962,0.8340350341785249
25659,LOF,0.38933791124748746,0.06930313587257429,0.5413589528799383
25660,LOF,0.02861731537979835,0.1003008126742032,0.8710818719459985
25661,LOF,0.09009845573316479,0.069508846931212,0.8403926973356233
25662,LOF,0.030121288624474395,0.04432336806154483,0.9255553433139808
25663,LOF,0.03990573392644734,0.06335434558040802,0.8967399204931447
25664,LOF,0.04177151490513773,0.07985420557024304,0.8783742795246192
25665,LOF,0.05394294659650034,0.035417353664920125,0.9106396997385795
25666,LOF,0.03519177943666519,0.11008336212107186,0.854724858442263
25667,LOF,0.06289357771097089,0.0495492606563042,0.8875571616327249
25668,LOF,0.03335384689081075,0.054230328293737716,0.9124158248154516
25669,LOF,0.03067481728258878,0.07937287329233184,0.8899523094250794
25670,LOF,0.059606931059086064,0.06195280620324516,0.8784402627376687
25671,LOF,0.09011875134357736,0.04213608526132508,0.8677451633950976
25672,LOF,0.05279360635976636,0.04539859128310656,0.901807802357127
25673,LOF,0.023705566116211267,0.05913773384644426,0.9171567000373445
25674,LOF,0.020639867473316628,0.06972973896460063,0.9096303935620829
25675,LOF,0.03327346582239991,0.06453567305805223,0.9021908611195478
25676,LOF,0.018960072601547136,0.05969710513702839,0.9213428222614245
25677,LOF,0.027582394347402856,0.07235652929760399,0.9000610763549932
25678,LOF,0.20411328550762237,0.05806084124531225,0.7378258732470654
25679,LOF,0.15949562009155666,0.08642491312440599,0.7540794667840373
25680,LOF,0.04320843374540673,0.11359099144448423,0.843200574810109
25681,LOF,0.06521022206945985,0.10620568242223474,0.8285840955083054
25682,LOF,0.14012167150778015,0.0820224693891478,0.7778558591030721
25683,LOF,0.08175421311510658,0.1253208212030416,0.7929249656818518
25684,LOF,0.04211636751459653,0.07732098074203063,0.8805626517433728
25685,LOF,0.07196342101662354,0.06104975785179991,0.8669868211315765
25686,LOF,0.026665480320085512,0.07918307359067346,0.8941514460892411
25687,LOF,0.0489925020757991,0.06907974768928508,0.8819277502349158
25688,LOF,0.04896046306079864,0.06279835874984946,0.888241178189352
25689,LOF,0.028029096084751553,0.07750580258648967,0.8944651013287588
25690,LOF,0.036051352676632994,0.05898049550635213,0.9049681518170148
25691,LOF,0.24841904681103652,0.08193380276530308,0.6696471504236604
25692,LOF,0.27075301603157703,0.007813575083180745,0.7214334088852422
25693,LOF,0.07011955316209875,0.26204683176012605,0.6678336150777753
25694,LOF,0.2352310663338474,0.011269529873906588,0.753499403792246
25695,LOF,0.14084201683472797,0.0212966855633923,0.8378612976018798
25696,LOF,0.11735906375306471,0.010621046404035115,0.8720198898429002
25697,LOF,0.09949072342325062,0.02456089338633116,0.8759483831904183
25698,GOF,0.05229046884268977,0.47396473694926095,0.4737447942080493
25699,LOF,0.07168327681705709,0.08839112659462091,0.839925596588322
25700,LOF,0.05173950917572704,0.011033102202386786,0.9372273886218863
25701,LOF,0.01659934645567883,0.0762410242425323,0.907159629301789
25702,GOF,0.03552050816636965,0.6894204177058932,0.2750590741277372
25703,LOF,0.008104177290374435,0.17615193622727243,0.8157438864823532
25704,LOF,0.05050789462735006,0.1451843007346216,0.8043078046380283
25705,LOF,0.06581769277122221,0.25893985354551013,0.6752424536832677
25706,GOF,0.022743226979704576,0.506711963234608,0.4705448097856874
25707,LOF,0.018923442385189556,0.47484210267099736,0.506234454943813
25708,LOF,0.007741500870733065,0.4464659976859102,0.5457925014433568
25709,LOF,0.05513765866697405,0.06863706405202152,0.8762252772810045
25710,LOF,0.004961545363970555,0.17666020370089924,0.8183782509351303
25711,LOF,0.016792997065513883,0.14436481172204976,0.8388421912124363
25712,LOF,0.006387658783375942,0.23364478373463782,0.7599675574819863
25713,LOF,0.017773354677384855,0.12430199420602295,0.8579246511165922
25714,LOF,0.05780976779673459,0.15830143841511848,0.7838887937881469
25715,LOF,0.01152835122679041,0.17278425306896153,0.8156873957042481
25716,LOF,0.005458878704810568,0.12694995904983986,0.8675911622453495
25717,LOF,0.005456252519598093,0.11190197970988469,0.8826417677705173
25718,LOF,0.012237125116377765,0.11129409950311521,0.876468775380507
25719,LOF,0.018817258069878055,0.1265993890937116,0.8545833528364103
25720,LOF,0.020358326904819906,0.10037079697733826,0.8792708761178419
25721,LOF,0.016354120821401367,0.1325620288358439,0.8510838503427547
25722,LOF,0.014472408568034055,0.16151808264050155,0.8240095087914645
25723,LOF,0.01962496137722956,0.0875290634538498,0.8928459751689207
25724,LOF,0.017532277786372816,0.13641958372969382,0.8460481384839333
25725,LOF,0.0114742589510462,0.09782047927092127,0.8907052617780327
25726,LOF,0.014656978532348753,0.14176707799910485,0.8435759434685464
25727,LOF,0.012332721915467694,0.11176204691570547,0.8759052311688269
25728,LOF,0.010581262911282637,0.13720105472213592,0.8522176823665815
25729,LOF,0.010832687811995458,0.14666526458822324,0.8425020475997812
25730,LOF,0.016104386253835357,0.1172004213213876,0.8666951924247771
25731,LOF,0.007354464014842363,0.15484359997677613,0.8378019360083815
25732,LOF,0.01598182914094791,0.10329542970184429,0.8807227411572077
25733,LOF,0.015616722198461023,0.09487104664005275,0.8895122311614863
25734,LOF,0.005281389096796625,0.16082869307015935,0.833889917833044
25735,LOF,0.013621145039187776,0.09384416193941061,0.8925346930214016
25736,LOF,0.013905101683629607,0.13336952236781646,0.852725375948554
25737,LOF,0.019202641595042178,0.11061894424138989,0.8701784141635679
25738,LOF,0.013273668676647364,0.16444319163443616,0.8222831396889165
25739,LOF,0.020023851908797546,0.13491541478858096,0.8450607333026215
25740,LOF,0.03048002184525886,0.13827729415775197,0.8312426839969891
25741,LOF,0.01479753217686408,0.1266473277532097,0.8585551400699262
25742,LOF,0.09449567630754252,0.12348704889153564,0.7820172748009219
25743,LOF,0.01396467280561204,0.032661993050858575,0.9533733341435293
25744,LOF,0.24134174668397346,0.300958850002985,0.45769940331304154
25745,LOF,0.029154071898472196,0.04509812561423205,0.9257478024872958
25746,LOF,0.017654740928801628,0.053858220574336535,0.9284870384968619
25747,LOF,0.027523408984687005,0.024915822303236888,0.9475607687120762
25748,LOF,0.12741420320073205,0.04076347284946285,0.831822323949805
25749,LOF,0.01597077847936322,0.041653999742278784,0.9423752217783579
25750,LOF,0.0343922595411823,0.058726983967348254,0.9068807564914695
25751,LOF,0.11691397574068466,0.044363108979507196,0.8387229152798081
25752,GOF,0.1258594832453685,0.5871876720261858,0.2869528447284457
25753,LOF,0.006717806775543087,0.3038019395211556,0.6894802537033013
25754,GOF,0.004745424249505207,0.7766814180948565,0.21857315765563828
25755,LOF,0.00814906832953768,0.4011215336506163,0.590729398019846
25756,LOF,0.040572904729630946,0.40210919163901593,0.5573179036313533
25757,GOF,0.00558820504600168,0.8434052251427913,0.15100656981120708
25758,GOF,0.006770261655550467,0.8257318477503198,0.16749789059412973
25759,GOF,0.004268381669195815,0.558572168155118,0.43715945017568625
25760,LOF,0.004470841956748301,0.269068697414664,0.7264604606285877
25761,GOF,0.044483967715978984,0.8018353545687841,0.1536806777152369
25762,LOF,0.02812352030270166,0.3051707959914096,0.6667056837058887
25763,LOF,0.005819154275978211,0.21678035367645002,0.7774004920475718
25764,GOF,0.1708998509924269,0.48515952571732984,0.3439406232902433
25765,GOF,0.011884540927835299,0.7511592171144887,0.2369562419576759
25766,GOF,0.017634511160216342,0.8040748487084709,0.17829064013131285
25767,LOF,0.019133465369710737,0.4776238082173963,0.5032427264128929
25768,LOF,0.07920078910418456,0.07111363666488758,0.8496855742309279
25769,LOF,0.0848306490287902,0.05617961558181975,0.85898973538939
25770,LOF,0.3171297864242739,0.07132931822125461,0.6115408953544714
25771,LOF,0.014577645506161117,0.05484973061381908,0.9305726238800197
25772,LOF,0.020882574009053835,0.028629644859284736,0.9504877811316615
25773,LOF,0.01058500715936312,0.11817287909096949,0.8712421137496674
25774,LOF,0.024154551672475783,0.07446004562199686,0.9013854027055275
25775,LOF,0.015277678217033278,0.04797869257109523,0.9367436292118714
25776,LOF,0.08293562751865063,0.022482026911336526,0.8945823455700129
25777,LOF,0.2937439320213745,0.047025395005234026,0.6592306729733916
25778,LOF,0.07209435815995327,0.04300005131356858,0.8849055905264782
25779,GOF,0.07396089494187418,0.8662360028928877,0.05980310216523806
25780,GOF,0.06243650325311531,0.8411926941094742,0.09637080263741062
25781,GOF,0.02487117062265596,0.8363284487370711,0.13880038064027284
25782,GOF,0.03041794056516466,0.8695792801483454,0.10000277928648996
25783,GOF,0.011887013617212578,0.6607949188358436,0.3273180675469438
25784,GOF,0.11579099094977897,0.8264699591522593,0.05773904989796169
25785,GOF,0.07814360343988082,0.8660319673854951,0.05582442917462407
25786,GOF,0.005626422717358744,0.7994941642470389,0.19487941303560233
25787,GOF,0.19786564777717153,0.7577167387461097,0.04441761347671876
25788,LOF,0.04494052528632436,0.11347446680236363,0.8415850079113121
25789,GOF,0.04209514997982825,0.7879505559322112,0.16995429408796053
25790,GOF,0.04097496866955836,0.8280241161762091,0.13100091515423262
25791,GOF,0.028045245243383327,0.7498494548030505,0.22210529995356607
25792,GOF,0.048623319328973624,0.7550178367856566,0.19635884388536987
25793,GOF,0.08278189616031983,0.7345664190848978,0.18265168475478236
25794,GOF,0.123017822831963,0.6630706711570657,0.21391150601097128
25795,GOF,0.027328513797853733,0.745788002431543,0.22688348377060338
25796,GOF,0.1312381733402843,0.7468730076423132,0.12188881901740257
25797,GOF,0.03730785991215869,0.5749009137188624,0.3877912263689788
25798,GOF,0.0031895698009586438,0.5317046180010324,0.465105812198009
25799,LOF,0.0029587814748263104,0.4275354196463637,0.56950579887881
25800,GOF,0.010715934515334466,0.6190490687193271,0.37023499676533855
25801,GOF,0.03202992055437714,0.800928795250914,0.1670412841947089
25802,GOF,0.01962443287598374,0.6939916834541222,0.2863838836698941
25803,GOF,0.010008019620450394,0.592449869812508,0.3975421105670417
25804,LOF,0.013536490931402084,0.47787571137660356,0.5085877976919944
25805,GOF,0.019973532505144633,0.5990980638590193,0.380928403635836
25806,GOF,0.018379010701148547,0.6194285451882708,0.36219244411058044
25807,GOF,0.00537832775208365,0.631874601257666,0.3627470709902503
25808,GOF,0.014634454049761315,0.6333599153514301,0.3520056305988085
25809,GOF,0.005969575855062646,0.6108634769780869,0.3831669471668505
25810,GOF,0.004987692871913602,0.6276171192737349,0.36739518785435155
25811,GOF,0.09541543547614245,0.78421357712932,0.12037098739453758
25812,GOF,0.013122063067991773,0.6059057763188181,0.38097216061319017
25813,GOF,0.10681710727861897,0.7243013105134355,0.1688815822079454
25814,GOF,0.03095969028327644,0.6667725807361067,0.30226772898061705
25815,GOF,0.046731641183639185,0.7038817033715102,0.24938665544485053
25816,GOF,0.007852881616863129,0.7569174627593144,0.23522965562382245
25817,GOF,0.07151034863857618,0.7698174289478505,0.15867222241357318
25818,GOF,0.018478670302251397,0.6955786445349147,0.28594268516283405
25819,GOF,0.07025856250613133,0.7311928953125811,0.19854854218128754
25820,GOF,0.03179150401357536,0.711552381941297,0.25665611404512756
25821,GOF,0.01614334025823753,0.682889971866242,0.30096668787552044
25822,GOF,0.03935233602364193,0.686760976289751,0.2738866876866071
25823,GOF,0.011932375466358378,0.5433858820554676,0.444681742478174
25824,GOF,0.024933269460582316,0.6639435440373642,0.31112318650205345
25825,GOF,0.01291656740138698,0.6400583532478117,0.3470250793508014
25826,GOF,0.004731063569126813,0.6021217739696744,0.39314716246119885
25827,GOF,0.007154423889277141,0.608317046206173,0.3845285299045498
25828,GOF,0.005125556830322984,0.522415903238244,0.47245853993143305
25829,GOF,0.0026945491264685354,0.5930872407642933,0.40421821010923814
25830,LOF,0.03791239198981032,0.3441684029075564,0.6179192051026333
25831,GOF,0.03623883256553552,0.8341318840029618,0.12962928343150262
25832,GOF,0.007089398536157839,0.7608881473626754,0.23202245410116668
25833,GOF,0.026797626174184463,0.8065659248384872,0.1666364489873282
25834,GOF,0.007715371247770814,0.7685248921753021,0.2237597365769271
25835,GOF,0.016665917625816696,0.8167118933041017,0.1666221890700818
25836,GOF,0.00678028706416132,0.7701549015607214,0.22306481137511722
25837,GOF,0.006654791830200669,0.6596744577524472,0.33367075041735234
25838,GOF,0.02224811906231062,0.8377031275590345,0.14004875337865497
25839,GOF,0.0466560611171165,0.7900388769315436,0.16330506195133984
25840,GOF,0.04391648062266608,0.8126938260067743,0.1433896933705595
25841,GOF,0.04045382381303722,0.8339759294330732,0.1255702467538895
25842,GOF,0.02444503819164216,0.8528805552950836,0.12267440651327441
25843,GOF,0.025206182078921557,0.8811480344151731,0.09364578350590548
25844,GOF,0.01732461754649597,0.7909542563459614,0.1917211261075426
25845,GOF,0.004859529831826173,0.5855816703944489,0.40955879977372506
25846,GOF,0.027294879730142326,0.8520881880798615,0.1206169321899962
25847,GOF,0.017060731236555212,0.882112680782014,0.10082658798143077
25848,GOF,0.013055923541133526,0.7708236406884144,0.21612043577045192
25849,GOF,0.0041125302988296066,0.6543587693637357,0.3415287003374347
25850,GOF,0.0067630413057923715,0.6871004162087114,0.3061365424854962
25851,GOF,0.0060001795995995744,0.5665564279237244,0.42744339247667607
25852,GOF,0.14934102336085817,0.5258908042769641,0.3247681723621777
25853,GOF,0.06125774040153547,0.8385118316905613,0.10023042790790318
25854,GOF,0.008794192973454563,0.6420099145117726,0.34919589251477295
25855,GOF,0.014677280507600761,0.5714187789911142,0.41390394050128504
25856,GOF,0.04156001470805167,0.6986639875280688,0.2597759977638794
25857,GOF,0.01372140739440955,0.5260049341350033,0.46027365847058715
25858,GOF,0.007970349843668541,0.5370611693142543,0.45496848084207714
25859,GOF,0.00525569800141181,0.5258181684354889,0.46892613356309926
25860,GOF,0.07133262879935094,0.7932055379567773,0.13546183324387187
25861,GOF,0.11720229718572651,0.7808552217956689,0.10194248101860472
25862,GOF,0.018395634420867554,0.8319824381419126,0.14962192743721986
25863,GOF,0.018197003748413706,0.8508957128575866,0.1309072833939997
25864,GOF,0.04423816628660514,0.8760454897708181,0.07971634394257669
25865,GOF,0.03392090461151178,0.8359258913651767,0.13015320402331151
25866,GOF,0.026612745778255755,0.8347761131229544,0.13861114109878983
25867,GOF,0.028018636460278815,0.86245088635939,0.10953047718033128
25868,GOF,0.05382698381905588,0.7933357908296377,0.15283722535130642
25869,GOF,0.3038087769820129,0.5892828749675129,0.10690834805047424
25870,GOF,0.17461890489787932,0.49386814467801143,0.33151295042410933
25871,GOF,0.029816511428205572,0.8484318609872882,0.12175162758450626
25872,GOF,0.016779400081747473,0.7691393109649184,0.21408128895333414
25873,GOF,0.019321716845605318,0.8417985639825103,0.1388797191718843
25874,LOF,0.01648831870328653,0.11988708898933007,0.8636245923073834
25875,LOF,0.023712257705397092,0.038712006416858145,0.9375757358777448
25876,LOF,0.013958122306384244,0.03379659925996732,0.9522452784336485
25877,LOF,0.11667272933810365,0.06810790753923691,0.8152193631226594
25878,LOF,0.050296281374604436,0.08960956687789365,0.8600941517475019
25879,LOF,0.022308457712926152,0.07565325516240275,0.902038287124671
25880,LOF,0.04087273367026113,0.011588449472206814,0.9475388168575319
25881,Neutral,0.5430207874510273,0.043851911526594206,0.4131273010223785
25882,LOF,0.02010006552869868,0.030692408032056737,0.9492075264392446
25883,LOF,0.06652436990635129,0.023062616205530267,0.9104130138881183
25884,LOF,0.010637718993480047,0.03838264524350856,0.9509796357630114
25885,LOF,0.16364095839532297,0.007224501052649146,0.8291345405520278
25886,LOF,0.2841620227983252,0.050023009050335514,0.6658149681513393
25887,LOF,0.14492977827264836,0.0590185530769041,0.7960516686504475
25888,LOF,0.012327804381533785,0.10530023896300836,0.8823719566554579
25889,LOF,0.012580041448117113,0.029695098427590674,0.9577248601242921
25890,LOF,0.10376194237461725,0.08335628083544726,0.8128817767899355
25891,LOF,0.04211938594074537,0.041283930930851184,0.9165966831284034
25892,LOF,0.010235190621107127,0.04539713700000283,0.94436767237889
25893,LOF,0.3767233883050717,0.014035538846944627,0.6092410728479837
25894,LOF,0.4154825516721598,0.0068994911502110266,0.5776179571776292
25895,LOF,0.3353600683506251,0.015766457625574687,0.6488734740238002
25896,LOF,0.04099562485405593,0.027864880434523655,0.9311394947114204
25897,LOF,0.19864544870579237,0.013572142119949948,0.7877824091742577
25898,LOF,0.21292372112051305,0.03365682484112236,0.7534194540383645
25899,LOF,0.18367805086955444,0.028164570122779526,0.7881573790076661
25900,LOF,0.46724112764312653,0.013954671633475987,0.5188042007233975
25901,LOF,0.045592986529956005,0.011924383465416504,0.9424826300046274
25902,LOF,0.10004493011954667,0.017138843569446675,0.8828162263110068
25903,LOF,0.3760025704198645,0.03384482972843384,0.5901525998517018
25904,LOF,0.30872519335301013,0.04337026926858979,0.6479045373784001
25905,LOF,0.006670685210313883,0.3963768873068991,0.596952427482787
25906,LOF,0.007877361091869244,0.12472386809331051,0.8673987708148203
25907,LOF,0.003977799162059063,0.36186456840780346,0.6341576324301376
25908,LOF,0.0037926395397888902,0.2556225201400928,0.7405848403201183
25909,LOF,0.01304141070737318,0.1524430517508134,0.8345155375418134
25910,LOF,0.01566143376312688,0.15082442748355349,0.8335141387533197
25911,LOF,0.1820815649058693,0.027832653774368128,0.7900857813197626
25912,LOF,0.0761384431726121,0.041587346066089825,0.8822742107612981
25913,LOF,0.0788248992998188,0.04630181463064886,0.8748732860695324
25914,LOF,0.021246850383565854,0.06058308366035621,0.9181700659560779
25915,LOF,0.14086009110626804,0.29463734490896776,0.5645025639847643
25916,LOF,0.01863232128415862,0.18090467529545917,0.8004630034203822
25917,LOF,0.054784353333596984,0.04421536425821718,0.9010002824081859
25918,LOF,0.02486395523134474,0.03344822657198843,0.9416878181966668
25919,LOF,0.021398053059882998,0.03266013872496538,0.9459418082151517
25920,LOF,0.10704623384581508,0.22192677740941916,0.6710269887447659
25921,LOF,0.009783592007571784,0.04026874780996061,0.9499476601824677
25922,LOF,0.012554311858562065,0.031896085670490036,0.9555496024709479
25923,Neutral,0.5108179024407602,0.03916351040102461,0.4500185871582152
25924,LOF,0.016647389527080534,0.04526690497160682,0.9380857055013128
25925,LOF,0.0787546462709112,0.047806805201140605,0.8734385485279481
25926,LOF,0.0557553557767387,0.03982941511175426,0.9044152291115071
25927,LOF,0.019776543849064236,0.06602597137380477,0.9141974847771311
25928,LOF,0.007276749547676379,0.05191641495798313,0.9408068354943404
25929,Neutral,0.6299308484269892,0.041463877409662904,0.32860527416334784
25930,LOF,0.07208932847529269,0.035438674600438716,0.8924719969242685
25931,LOF,0.009720855638186036,0.03513766391117957,0.9551414804506344
25932,LOF,0.03379557598735128,0.029185691906631454,0.9370187321060173
25933,LOF,0.043557213512175244,0.020250806775068346,0.9361919797127564
25934,LOF,0.029845358199730675,0.021706354491279584,0.9484482873089897
25935,LOF,0.07031780041634483,0.054852068873600876,0.8748301307100543
25936,LOF,0.04742132673957828,0.025328687062060852,0.9272499861983609
25937,LOF,0.009314748924647212,0.03969915603286001,0.9509860950424928
25938,LOF,0.06671737190841108,0.06233784399950509,0.8709447840920839
25939,LOF,0.04175073017861368,0.025622075741503228,0.9326271940798831
25940,LOF,0.009377106679415435,0.3253463763750812,0.6652765169455035
25941,Neutral,0.5408708426780721,0.02957381884633144,0.4295553384755965
25942,LOF,0.004869557556511984,0.04442843059133878,0.9507020118521493
25943,LOF,0.036681197361884396,0.13525111900904546,0.8280676836290702
25944,LOF,0.1156833154369876,0.08235518007403675,0.8019615044889756
25945,LOF,0.053898682281683735,0.019745633275744124,0.9263556844425721
25946,LOF,0.07278012224626512,0.06192595808884644,0.8652939196648886
25947,LOF,0.452894063708211,0.07315757298284312,0.4739483633089459
25948,LOF,0.31692848819675606,0.00904963336487437,0.6740218784383696
25949,LOF,0.0928817285087556,0.04886443854373731,0.858253832947507
25950,GOF,0.03845740575175549,0.59311814442169,0.36842444982655465
25951,LOF,0.01478121753995071,0.4300041696458958,0.5552146128141535
25952,LOF,0.2708651707745054,0.29832322462130473,0.4308116046041899
25953,LOF,0.01279258405647893,0.2061280100826383,0.7810794058608826
25954,GOF,0.05702542446325186,0.48620834802151264,0.45676622751523566
25955,LOF,0.010260988811917676,0.186379724218398,0.8033592869696844
25956,LOF,0.02736902290646359,0.28587201629733466,0.6867589607962017
25957,LOF,0.15706061683551678,0.03366667856804025,0.809272704596443
25958,LOF,0.051139666913893114,0.027572821583597786,0.9212875115025092
25959,LOF,0.012008307100931943,0.4653791197859333,0.5226125731131347
25960,LOF,0.00575908854027191,0.05462859891065242,0.9396123125490756
25961,LOF,0.04190368842028399,0.024966483260562004,0.933129828319154
25962,LOF,0.029974783987005246,0.08016743602305412,0.8898577799899406
25963,LOF,0.005544405530826601,0.23271074028415298,0.7617448541850204
25964,LOF,0.03306171451600648,0.11386267803013589,0.8530756074538577
25965,LOF,0.3417443118786866,0.13921733512656254,0.5190383529947509
25966,Neutral,0.5114051098720818,0.13154944840079605,0.35704544172712216
25967,LOF,0.006802616661482738,0.08409099363071829,0.909106389707799
25968,LOF,0.05354361368733204,0.2214451745695304,0.7250112117431375
25969,LOF,0.12739057872946888,0.06597354098333899,0.8066358802871921
25970,LOF,0.017060295847293877,0.1021889241166381,0.8807507800360681
25971,LOF,0.06531808829586067,0.030511497531513134,0.9041704141726262
25972,LOF,0.06616573879615802,0.04255713577084481,0.8912771254329971
25973,LOF,0.055088211725680854,0.011661926445876757,0.9332498618284425
25974,LOF,0.032856747876840474,0.038193912530984225,0.9289493395921753
25975,LOF,0.04389204328770049,0.022271808335704142,0.9338361483765955
25976,LOF,0.10685211497710656,0.012989197674102955,0.8801586873487904
25977,LOF,0.2083967566966287,0.051629953688005395,0.7399732896153659
25978,LOF,0.14001986061618535,0.12776271740341824,0.7322174219803965
25979,LOF,0.1267940784750129,0.12492105901636459,0.7482848625086225
25980,LOF,0.24557948079959419,0.1452987117508652,0.6091218074495406
25981,LOF,0.2717282187132611,0.1425971625020388,0.5856746187847001
25982,LOF,0.41267932630168486,0.10343632799825071,0.4838843457000644
25983,LOF,0.3882027572340962,0.11252991546542274,0.49926732730048107
25984,LOF,0.043356311550828724,0.06560143619927941,0.8910422522498919
25985,LOF,0.4263352545388776,0.10107531842786543,0.47258942703325696
25986,LOF,0.009957559872243806,0.40200413089197035,0.5880383092357858
25987,LOF,0.031231482413230986,0.09322460170720996,0.8755439158795592
25988,LOF,0.15551512631690004,0.10029511017650478,0.7441897635065952
25989,LOF,0.03575478603119545,0.14117075643254598,0.8230744575362585
25990,LOF,0.03843957508432864,0.20491752448368553,0.7566429004319858
25991,LOF,0.019556259862388906,0.3255731191812665,0.6548706209563446
25992,LOF,0.02192458550189679,0.3360823802904274,0.6419930342076757
25993,LOF,0.020286231436614142,0.09739865738006839,0.8823151111833175
25994,LOF,0.014737445662487074,0.0855434666562155,0.8997190876812974
25995,LOF,0.02017319565571066,0.18719878460321585,0.7926280197410736
25996,Neutral,0.3749978956668143,0.2677886454011509,0.35721345893203477
25997,LOF,0.0861833777929075,0.31627982773775054,0.5975367944693418
25998,LOF,0.2823221932518444,0.0491867049459942,0.6684911018021615
25999,LOF,0.015819354741665875,0.22614846608387884,0.7580321791744553
26000,LOF,0.14424984819726278,0.02987777922351414,0.8258723725792231
26001,LOF,0.315201007457683,0.024520927769258506,0.6602780647730585
26002,LOF,0.07046531163629817,0.045470565143252616,0.8840641232204491
26003,GOF,0.0036746321262476045,0.5998611262425804,0.39646424163117205
26004,GOF,0.0054774330064952595,0.674448808145976,0.32007375884752887
26005,LOF,0.0028682694037974956,0.4860527685709163,0.5110789620252864
26006,GOF,0.06926282436893266,0.5664032575034388,0.36433391812762855
26007,GOF,0.006355941427584186,0.5522730251647002,0.44137103340771566
26008,GOF,0.005153976246730474,0.6294808423891531,0.3653651813641164
26009,GOF,0.005799928173016749,0.6400343627754307,0.3541657090515526
26010,GOF,0.0063882301911675375,0.671136547934428,0.32247522187440436
26011,LOF,0.002545555219540165,0.4629979628899481,0.5344564818905116
26012,GOF,0.0037900739779731,0.5433483603877489,0.45286156563427793
26013,GOF,0.005211764035967965,0.6249380460574914,0.36985018990654067
26014,LOF,0.04231932432557824,0.116042343236452,0.8416383324379698
26015,LOF,0.14909247533690181,0.02397824614873534,0.8269292785143628
26016,LOF,0.28785854063726,0.045352942630296614,0.6667885167324434
26017,LOF,0.02539698918506027,0.2091218615395575,0.7654811492753824
26018,LOF,0.07419811968079275,0.04359075461785065,0.8822111257013566
26019,LOF,0.07076613100304882,0.03513998197556108,0.89409388702139
26020,LOF,0.007773434963962642,0.21471636722834025,0.7775101978076971
26021,LOF,0.06812547917352621,0.07790946278896668,0.8539650580375072
26022,LOF,0.026044872432602832,0.027822543565028293,0.9461325840023688
26023,LOF,0.04556052296937877,0.02661530476719503,0.9278241722634263
26024,LOF,0.03945555104180173,0.08028922969558182,0.8802552192626164
26025,LOF,0.06312583862361552,0.08049135127882151,0.856382810097563
26026,LOF,0.12358636429469241,0.061330211701831984,0.8150834240034756
26027,LOF,0.05771803235189514,0.02090450899287142,0.9213774586552334
26028,LOF,0.07927412887618468,0.12096312131743353,0.7997627498063818
26029,LOF,0.027411839284655258,0.1988859374132486,0.7737022233020961
26030,LOF,0.1472470889328424,0.02945089658994224,0.8233020144772154
26031,LOF,0.014137614918463538,0.1571336171842995,0.8287287678972369
26032,LOF,0.07897471804543167,0.061943996558308366,0.8590812853962599
26033,LOF,0.0801164630088809,0.059915654966502675,0.8599678820246165
26034,LOF,0.015214226325162557,0.17573391813768313,0.8090518555371543
26035,LOF,0.013043066099421113,0.1328376330119684,0.8541193008886105
26036,LOF,0.016809683528915906,0.17536537183897197,0.8078249446321121
26037,LOF,0.011143087572584044,0.11860318882112786,0.870253723606288
26038,LOF,0.06706402486514185,0.057177968651406626,0.8757580064834515
26039,LOF,0.024252531287054995,0.15691183496338482,0.8188356337495601
26040,LOF,0.10343116011107271,0.14020557940069253,0.7563632604882347
26041,LOF,0.013180662210123945,0.1021107845371092,0.8847085532527668
26042,LOF,0.011898920130364723,0.10897559083082435,0.8791254890388108
26043,LOF,0.06736118919456922,0.07399774153174302,0.8586410692736877
26044,LOF,0.01187453642568159,0.06747586862844317,0.9206495949458753
26045,LOF,0.05386795658659463,0.10113514118865341,0.844996902224752
26046,LOF,0.06013433751439515,0.06128673644610986,0.878578926039495
26047,LOF,0.101413652248487,0.06387826301595836,0.8347080847355546
26048,LOF,0.04424186661543911,0.04072476847510382,0.9150333649094572
26049,Neutral,0.964519322387755,0.005604638794906708,0.029876038817338177
26050,Neutral,0.950974538979991,0.007107463762371847,0.04191799725763719
26051,LOF,0.01435011951090031,0.16565549765225324,0.8199943828368463
26052,LOF,0.024026831611707516,0.20436530973933728,0.7716078586489552
26053,LOF,0.01864416109404631,0.14396118669830069,0.837394652207653
26054,LOF,0.049647681850558956,0.016291572983529394,0.9340607451659116
26055,LOF,0.06478073758870521,0.015489554195536671,0.9197297082157582
26056,LOF,0.05185284806675491,0.01826987856170863,0.9298772733715365
26057,LOF,0.030709322364348125,0.01140029781921233,0.9578903798164395
26058,LOF,0.03127892054600965,0.010004831293655356,0.958716248160335
26059,LOF,0.288073440458128,0.017911924325726605,0.6940146352161454
26060,LOF,0.009295928322921601,0.1286561588163955,0.8620479128606829
26061,LOF,0.004771766490266694,0.013676298535345075,0.9815519349743883
26062,LOF,0.0038721896174362326,0.018880036100886774,0.9772477742816771
26063,LOF,0.022027542926812978,0.010433068507672574,0.9675393885655145
26064,LOF,0.006570711867884538,0.02145957956812378,0.9719697085639917
26065,LOF,0.023139975218399066,0.01134172060850806,0.9655183041730929
26066,LOF,0.020931232522619,0.011149082853363987,0.9679196846240169
26067,LOF,0.02770192116579158,0.008981310525806207,0.9633167683084021
26068,LOF,0.04192073307703162,0.02808240332488769,0.9299968635980806
26069,LOF,0.26440020691968763,0.01682332521224879,0.7187764678680635
26070,LOF,0.4250903689504559,0.012615263775424958,0.5622943672741192
26071,LOF,0.020870518542199637,0.011136440458887755,0.9679930409989126
26072,LOF,0.0052838509505525755,0.02261308534545618,0.9721030637039911
26073,LOF,0.01790607351806278,0.013348893235952437,0.9687450332459848
26074,Neutral,0.8982721621668556,0.006080902622854252,0.09564693521029019
26075,LOF,0.04081908552205565,0.014723863624354086,0.9444570508535903
26076,LOF,0.039147962351765556,0.008999052687696787,0.9518529849605377
26077,LOF,0.11761558607427959,0.008238181479512031,0.8741462324462083
26078,LOF,0.005394557922385835,0.013856632867417356,0.9807488092101967
26079,LOF,0.05229838740401086,0.015789579332952174,0.931912033263037
26080,LOF,0.050801005168567476,0.015813598452317574,0.933385396379115
26081,LOF,0.02941873035804016,0.007878819806293541,0.9627024498356663
26082,LOF,0.004508875179205781,0.017408836382810773,0.9780822884379835
26083,LOF,0.13572003433189472,0.015604367797211164,0.8486755978708941
26084,LOF,0.034042742112844145,0.013382852987742796,0.9525744048994131
26085,LOF,0.030002479541468403,0.012306073387757481,0.957691447070774
26086,LOF,0.019463512414081313,0.011607753851806013,0.9689287337341126
26087,LOF,0.021020730642726405,0.009051327474384578,0.969927941882889
26088,LOF,0.005395575021133927,0.02295459639650317,0.9716498285823628
26089,LOF,0.038889513648594234,0.02096564275507702,0.9401448435963287
26090,LOF,0.03819632560392156,0.01732511211540599,0.9444785622806724
26091,LOF,0.027609659018799637,0.006986512149427873,0.9654038288317726
26092,LOF,0.020359679413972983,0.00866536159072619,0.9709749589953008
26093,LOF,0.036394034353311774,0.0062795608976559825,0.9573264047490323
26094,LOF,0.027922281682673064,0.0068899763641451705,0.9651877419531818
26095,LOF,0.013937869039837654,0.02022855284751424,0.965833578112648
26096,LOF,0.15190161025840504,0.006120511241295496,0.8419778785002994
26097,LOF,0.004596734697754738,0.037020107558635156,0.95838315774361
26098,LOF,0.06879986389012385,0.013969033370671294,0.9172311027392049
26099,LOF,0.018450510330193095,0.014077992107526865,0.96747149756228
26100,LOF,0.020813039977560645,0.013716348463089919,0.9654706115593495
26101,LOF,0.045907688569227466,0.019495347944988178,0.9345969634857844
26102,LOF,0.020346400272309578,0.013811547999046821,0.9658420517286437
26103,Neutral,0.8669263131317615,0.019528506564771446,0.11354518030346716
26104,LOF,0.06744743178623665,0.02292022014874079,0.9096323480650227
26105,LOF,0.19894376838521063,0.15269439472555316,0.6483618368892363
26106,LOF,0.327898681036861,0.12311530435757367,0.5489860146055654
26107,LOF,0.02199518269868704,0.10916596180188792,0.8688388554994251
26108,LOF,0.36092088482889817,0.03905494725852428,0.6000241679125776
26109,LOF,0.03131200892838015,0.06819676118067833,0.9004912298909415
26110,LOF,0.2111144064726178,0.006141564051777036,0.7827440294756052
26111,LOF,0.07374958179525924,0.06471632958413606,0.8615340886206047
26112,LOF,0.03363284001816539,0.006344839066383588,0.9600223209154509
26113,LOF,0.06254495999612027,0.013677948898895021,0.9237770911049847
26114,LOF,0.06976250742056353,0.014543424359672189,0.9156940682197642
26115,LOF,0.016088428724480422,0.07917883408930283,0.9047327371862168
26116,LOF,0.08287867189215187,0.04911981017619495,0.8680015179316533
26117,LOF,0.42039652000903693,0.045574063571442044,0.5340294164195211
26118,LOF,0.03293669148262784,0.025040445122918673,0.9420228633944534
26119,LOF,0.004305773624447703,0.046700467905648704,0.9489937584699035
26120,LOF,0.02318560651412083,0.019864323264581076,0.9569500702212982
26121,LOF,0.0040341568416844545,0.15144140600435738,0.8445244371539582
