feature0,prediction,LoGoFunc_Neutral,LoGoFunc_GOF,LoGoFunc_LOF
25546,Neutral,0.739174744584379,0.0371970864362746,0.2236281689793464
25547,Neutral,0.5934544921183025,0.08374496836651485,0.3228005395151825
25548,Neutral,0.6277357550204742,0.05848649654012785,0.31377774843939793
25549,Neutral,0.553812822574558,0.05800287088652315,0.38818430653891894
25550,LOF,0.36390562688034495,0.13012298485833573,0.5059713882613193
25551,LOF,0.28594206960197494,0.14260233257525798,0.5714555978227671
25552,LOF,0.21842065557989268,0.13367569885368122,0.647903645566426
25553,Neutral,0.857660762381547,0.02745729112727567,0.11488194649117728
25554,LOF,0.24452048713515215,0.1339335167683694,0.6215459960964784
25555,LOF,0.20928775758407914,0.11383712334038124,0.6768751190755395
25556,Neutral,0.47986071194231805,0.11333150451804685,0.4068077835396349
25557,LOF,0.19744132676577186,0.11811324226348117,0.6844454309707471
25558,LOF,0.23087602631126872,0.1308221691881242,0.6383018045006071
25559,LOF,0.31927767631255716,0.13147461340533198,0.5492477102821108
25560,LOF,0.06380636503571539,0.13847401076524737,0.7977196241990373
25561,LOF,0.14540314056386044,0.13363200496436356,0.720964854471776
25562,LOF,0.08664482240817006,0.0780242153935057,0.8353309621983243
25563,LOF,0.0953440721023033,0.08685782879404902,0.8177980991036476
25564,LOF,0.1887052300964298,0.14768829295262337,0.6636064769509468
25565,LOF,0.14391789535990376,0.14434631948444573,0.7117357851556505
25566,GOF,0.01700622597028519,0.7809622531497691,0.20203152087994583
25567,LOF,0.020348797013514445,0.22998489895858906,0.7496663040278965
25568,LOF,0.05489009166299346,0.08925405737596268,0.8558558509610439
25569,LOF,0.05839220953624694,0.09022618643551424,0.8513816040282388
25570,LOF,0.03118626448812954,0.13841502864600017,0.8303987068658704
25571,LOF,0.028554167606329686,0.13264470659679276,0.8388011257968775
25572,LOF,0.04829782562050461,0.14722804552771235,0.804474128851783
25573,LOF,0.03263829822582593,0.12577935426513162,0.8415823475090425
25574,LOF,0.02001189873792471,0.2053248421037596,0.7746632591583157
25575,LOF,0.02296725723972947,0.14307433531351654,0.8339584074467541
25576,LOF,0.014987219326050627,0.16632345859467795,0.8186893220792714
25577,LOF,0.012173394829060215,0.14985477912415449,0.8379718260467852
25578,LOF,0.2800339504360624,0.11523334653243396,0.6047327030315037
25579,LOF,0.12017089225549994,0.13400608241549636,0.7458230253290037
25580,LOF,0.01679373723107093,0.11120300252117675,0.8720032602477523
25581,LOF,0.0492368378268777,0.09376378408828796,0.8569993780848343
25582,LOF,0.048997445290378,0.09196493956287592,0.859037615146746
25583,LOF,0.018577328098669414,0.12797787442137348,0.853444797479957
25584,Neutral,0.4856277059319803,0.13792411322058673,0.376448180847433
25585,LOF,0.018669283595192293,0.16838515951701,0.8129455568877977
25586,LOF,0.015113459190977077,0.10316046158064106,0.8817260792283819
25587,LOF,0.015178533653649701,0.09734267118955078,0.8874787951567995
25588,LOF,0.015173997149468751,0.1171701667059937,0.8676558361445376
25589,Neutral,0.5810532004214569,0.16184063906156487,0.25710616051697827
25590,LOF,0.0294655433855695,0.15618003374585177,0.8143544228685787
25591,LOF,0.09613467485707083,0.07998411110984611,0.823881214033083
25592,LOF,0.04741535572097758,0.17755934140279875,0.7750253028762236
25593,LOF,0.022743988307654082,0.3323895481676793,0.6448664635246667
25594,LOF,0.048522367447453765,0.1254142589361599,0.8260633736163863
25595,LOF,0.06402800545832536,0.09750970776735425,0.8384622867743204
25596,LOF,0.06813375994445811,0.07216932165201312,0.8596969184035287
25597,LOF,0.045139073180188706,0.07606730901769702,0.8787936178021143
25598,LOF,0.04956314560277692,0.11099451202299211,0.8394423423742309
25599,GOF,0.0064024613222617485,0.5750485330633894,0.4185490056143489
25600,GOF,0.026933192187481917,0.6066127512990985,0.36645405651341945
25601,LOF,0.013484085170035208,0.4112011889168577,0.5753147259131071
25602,LOF,0.028657844329325464,0.040713604064722325,0.9306285516059523
25603,LOF,0.05117745907218852,0.017230048516052553,0.9315924924117589
25604,LOF,0.028689539803576684,0.05820318957379373,0.9131072706226296
25605,LOF,0.0079665000877419,0.20848887021957735,0.7835446296926808
25606,LOF,0.1148146338316385,0.3283079922744835,0.556877373893878
25607,LOF,0.005459041562609496,0.20734606602289984,0.7871948924144907
25608,LOF,0.021595800532960643,0.08830677387107708,0.8900974255959623
25609,LOF,0.07338186779196103,0.41361958212982575,0.5129985500782133
25610,LOF,0.01875698569494216,0.025363302380786466,0.9558797119242713
25611,LOF,0.020621859067994606,0.024597621502404687,0.9547805194296007
25612,LOF,0.09791163206116003,0.03797578545044436,0.8641125824883956
25613,LOF,0.08138421654121875,0.03940041904953345,0.8792153644092476
25614,LOF,0.023099523810145288,0.028381641949135016,0.9485188342407196
25615,LOF,0.030486810063321244,0.04341354408201467,0.926099645854664
25616,LOF,0.05675842006455389,0.027127231116490846,0.9161143488189553
25617,LOF,0.06018595185366491,0.029285979091047097,0.910528069055288
25618,LOF,0.07654693771386056,0.031139796612667688,0.8923132656734717
25619,LOF,0.016546738721584603,0.030087462531750056,0.9533657987466654
25620,LOF,0.07368587881563056,0.03568236972336676,0.8906317514610027
25621,LOF,0.0335326563800791,0.031438427388488864,0.935028916231432
25622,LOF,0.04501171467016792,0.028162882147278655,0.9268254031825534
25623,LOF,0.06775508925369887,0.02439034501352113,0.90785456573278
25624,LOF,0.019649338686863412,0.035941380320854165,0.9444092809922825
25625,LOF,0.0481528332054049,0.042250783695108055,0.909596383099487
25626,LOF,0.07773367124152733,0.03337274906385187,0.8888935796946208
25627,Neutral,0.5631289479388212,0.11982257408845964,0.3170484779727191
25628,LOF,0.21147297141013693,0.055517713856640664,0.7330093147332224
25629,LOF,0.05651434838205091,0.061552869577280976,0.881932782040668
25630,LOF,0.1443848392730625,0.09562049937781567,0.7599946613491219
25631,Neutral,0.6158979135776312,0.05876858707411184,0.32533349934825695
25632,LOF,0.01035046138865281,0.11648065127298592,0.8731688873383613
25633,LOF,0.19545019117128387,0.07511880899001501,0.7294309998387011
25634,LOF,0.030324641228660684,0.11202138901006921,0.8576539697612702
25635,LOF,0.028654039813837694,0.07298627676021294,0.8983596834259493
25636,GOF,0.006131743535114098,0.6177455196372447,0.37612273682764114
25637,GOF,0.007125018567729815,0.6052099904903875,0.3876649909418827
25638,LOF,0.012387612292753584,0.2822273555792867,0.7053850321279597
25639,LOF,0.006239326618118145,0.449938879255051,0.543821794126831
25640,GOF,0.4334441552312513,0.4792111948878117,0.08734464988093703
25641,LOF,0.014542688708451415,0.3017914437391187,0.68366586755243
25642,LOF,0.2580267808130227,0.06158042383022906,0.6803927953567482
25643,LOF,0.1783706875126156,0.22315817805702048,0.5984711344303639
25644,LOF,0.011897717338862307,0.4711463796252362,0.5169559030359016
25645,LOF,0.009946524317433958,0.4149894201926533,0.5750640554899127
25646,LOF,0.015211457677358011,0.29628751402545456,0.6885010282971873
25647,LOF,0.012348812037938814,0.2582321260944338,0.7294190618676274
25648,LOF,0.011187294743258271,0.2387572178793464,0.7500554873773954
25649,LOF,0.009396395809323914,0.17765632838740583,0.8129472758032702
25650,LOF,0.01645946615181342,0.3787058391728345,0.6048346946753521
25651,LOF,0.006848458523292054,0.26449976159253774,0.7286517798841702
25652,LOF,0.011089248351659229,0.2440648236382853,0.7448459280100554
25653,LOF,0.037136621261002915,0.35280001536503597,0.610063363373961
25654,LOF,0.012214601584021724,0.14808951820863991,0.8396958802073384
25655,LOF,0.05522116888736535,0.3882159778347805,0.5565628532778542
25656,LOF,0.19212179531728815,0.05197257969341388,0.755905624989298
25657,LOF,0.34545914492979124,0.024766401923716482,0.6297744531464923
25658,LOF,0.07691284478280055,0.08069013969831679,0.8423970155188827
25659,LOF,0.4219610853586175,0.07104102989794298,0.5069978847434395
25660,LOF,0.031850056226033305,0.10337214507904627,0.8647777986949204
25661,LOF,0.11490066136308491,0.06540354436861003,0.8196957942683052
25662,LOF,0.02333788227434007,0.04683996170223889,0.9298221560234211
25663,LOF,0.03244302243318106,0.06960717275786829,0.8979498048089506
25664,LOF,0.06297845155309609,0.07621782986716835,0.8608037185797355
25665,LOF,0.06261780431775854,0.03970945153517452,0.897672744147067
25666,LOF,0.06067239860534021,0.10978128530089287,0.8295463160937668
25667,LOF,0.07656494430448237,0.048926410082067155,0.8745086456134504
25668,LOF,0.026979785673593,0.053979594237761205,0.9190406200886457
25669,LOF,0.02840819407208189,0.07667962052528735,0.8949121854026307
25670,LOF,0.09884495001327609,0.08705863531629693,0.8140964146704269
25671,LOF,0.09795119174803575,0.043677744844888546,0.8583710634070756
25672,LOF,0.06256053837337587,0.05578913496708154,0.8816503266595426
25673,LOF,0.04463096082756112,0.061602419203083764,0.8937666199693551
25674,LOF,0.040661225915887514,0.06167041680855139,0.8976683572755612
25675,LOF,0.06470759682864252,0.06462978768674141,0.8706626154846161
25676,LOF,0.02139658658363233,0.06388794986730972,0.914715463549058
25677,LOF,0.0314555641004331,0.07134011920632873,0.8972043166932382
25678,LOF,0.21008541070288272,0.04732428220034211,0.7425903070967751
25679,LOF,0.15717247055299308,0.08220181449125423,0.7606257149557526
25680,LOF,0.03334306790431053,0.11537541370070771,0.8512815183949818
25681,LOF,0.058302899417228694,0.10579114388872186,0.8359059566940494
25682,LOF,0.11793447062607493,0.07916588865859282,0.8028996407153323
25683,LOF,0.1348560176520574,0.09761571733650777,0.7675282650114348
25684,LOF,0.04293608331925536,0.0845365512074485,0.8725273654732961
25685,LOF,0.13269620520436395,0.054920114174434764,0.8123836806212013
25686,LOF,0.03813364853911441,0.10782124970977214,0.8540451017511135
25687,LOF,0.04054624952867461,0.08667499108690906,0.8727787593844163
25688,LOF,0.037595693914553405,0.07990287179391638,0.8825014342915302
25689,LOF,0.025896674357640866,0.07580132596589215,0.898301999676467
25690,LOF,0.025877936876751252,0.07975189845667142,0.8943701646665774
25691,LOF,0.24752342514301673,0.10254840082178475,0.6499281740351984
25692,LOF,0.3537837302041847,0.009106722482776603,0.6371095473130386
25693,LOF,0.0890629073430055,0.1915816320512534,0.7193554606057412
25694,LOF,0.26424359238911405,0.018226550240020466,0.7175298573708655
25695,LOF,0.16886792459658936,0.022814872195905302,0.8083172032075054
25696,LOF,0.15172443324379012,0.011677654904752562,0.8365979118514573
25697,LOF,0.17088336372538723,0.025451645099913368,0.8036649911746994
25698,LOF,0.04753359901240095,0.453450375632067,0.49901602535553197
25699,LOF,0.0795641106701783,0.07850748524038968,0.841928404089432
25700,LOF,0.064587243860832,0.009205485219174433,0.9262072709199936
25701,LOF,0.01628026804086404,0.08152729793442114,0.9021924340247149
25702,GOF,0.026465945468044233,0.6832105050042157,0.29032354952774014
25703,LOF,0.009678579964853246,0.16866667332694893,0.8216547467081978
25704,LOF,0.04166880949488398,0.16501671612935376,0.7933144743757623
25705,LOF,0.05630005901877819,0.23941747572977506,0.7042824652514467
25706,GOF,0.038020733951076975,0.5482821738977682,0.41369709215115485
25707,LOF,0.024213906761693077,0.4832372833252396,0.4925488099130673
25708,LOF,0.00699500096129178,0.3798614874236873,0.6131435116150209
25709,LOF,0.052880139010067655,0.055095067372807616,0.8920247936171248
25710,LOF,0.007444107589131255,0.15813728356861895,0.8344186088422497
25711,LOF,0.018382799991234086,0.10703862467917186,0.874578575329594
25712,LOF,0.009786493943736844,0.19015315972668295,0.8000603463295802
25713,LOF,0.017005754662339927,0.0907320457973045,0.8922621995403557
25714,LOF,0.06476576169032791,0.1149509247628304,0.8202833135468417
25715,LOF,0.013104812560246013,0.12542161117098052,0.8614735762687735
25716,LOF,0.008820437249477507,0.0987056600873659,0.8924739026631566
25717,LOF,0.00637147486612914,0.10642026903614718,0.8872082560977237
25718,LOF,0.014417487969468274,0.07796480532725092,0.9076177067032808
25719,LOF,0.023155245538464903,0.0839919277207385,0.8928528267407966
25720,LOF,0.023288031632808886,0.08055069283693207,0.8961612755302591
25721,LOF,0.016019796002216657,0.10446425440963532,0.8795159495881479
25722,LOF,0.013856906065058213,0.13037578322722204,0.8557673107077197
25723,LOF,0.019220755144988694,0.06280068316767096,0.9179785616873404
25724,LOF,0.023501923339144325,0.09913728230291532,0.8773607943579403
25725,LOF,0.014129726609241885,0.07110940341586233,0.9147608699748959
25726,LOF,0.01173521538226682,0.0966196681087091,0.8916451165090241
25727,LOF,0.014895634759243104,0.0855633804295501,0.8995409848112068
25728,LOF,0.012568633737049528,0.10626506119395482,0.8811663050689957
25729,LOF,0.012890316135692154,0.1085500766717537,0.8785596071925542
25730,LOF,0.013604825136283989,0.0881260685474661,0.8982691063162499
25731,LOF,0.01147080524203561,0.13348166029969766,0.8550475344582666
25732,LOF,0.013516465432810064,0.09326808909807133,0.8932154454691185
25733,LOF,0.018436807661166107,0.0765232199915798,0.9050399723472541
25734,LOF,0.007043353914290897,0.145414159636918,0.8475424864487912
25735,LOF,0.015902645082412906,0.0767492925620031,0.9073480623555839
25736,LOF,0.015032399040923343,0.113668179110177,0.8712994218488996
25737,LOF,0.027519394198002468,0.08635424037704613,0.8861263654249513
25738,LOF,0.014320170648208085,0.12927052551887058,0.8564093038329214
25739,LOF,0.019101735655163217,0.11069623328854346,0.8702020310562933
25740,LOF,0.03130198561191319,0.11996744115603483,0.8487305732320519
25741,LOF,0.016082725386639383,0.09919246749747362,0.8847248071158871
25742,LOF,0.10399395650410012,0.09597818931482947,0.8000278541810704
25743,LOF,0.015613759171777613,0.044733248772165245,0.9396529920560571
25744,GOF,0.18173625338151836,0.4151327695908327,0.40313097702764883
25745,LOF,0.02314828315779653,0.06016500792263369,0.9166867089195698
25746,LOF,0.013293302788316856,0.07338696875117293,0.9133197284605101
25747,LOF,0.02439474344843508,0.04117116658429076,0.9344340899672742
25748,LOF,0.13991753931550555,0.07419183487875722,0.7858906258057372
25749,LOF,0.01333023499389468,0.04692317934021173,0.9397465856658936
25750,LOF,0.027174033292866967,0.06943750452998573,0.9033884621771473
25751,LOF,0.09238969806054705,0.06849554371000557,0.8391147582294473
25752,GOF,0.08742560387256262,0.6201211245367864,0.292453271590651
25753,LOF,0.009679867851133686,0.4009534400753657,0.5893666920735006
25754,GOF,0.0042847116766281945,0.8456255045647288,0.15008978375864288
25755,LOF,0.01314748903994391,0.4355591571246561,0.5512933538354
25756,LOF,0.05014097735909162,0.4389786120033465,0.510880410637562
25757,GOF,0.0054656041152255355,0.8660071598754256,0.12852723600934862
25758,GOF,0.006620641703966367,0.8576705306276775,0.13570882766835615
25759,GOF,0.004379383683255391,0.5434554624983577,0.45216515381838696
25760,LOF,0.006736321519033547,0.29582371286037545,0.697439965620591
25761,GOF,0.04243523207019973,0.8336450494558476,0.1239197184739527
25762,LOF,0.028565406307961574,0.360414977574024,0.6110196161180144
25763,LOF,0.0071915577119551375,0.2410709900751408,0.7517374522129041
25764,GOF,0.11126981541762146,0.5111457503734468,0.3775844342089318
25765,GOF,0.010512379524904419,0.8126342550069051,0.17685336546819053
25766,GOF,0.023206288963105073,0.8028685965601292,0.17392511447676576
25767,LOF,0.022733137984861356,0.4650308833047882,0.5122359787103504
25768,LOF,0.07932857796005238,0.064331746012659,0.8563396760272887
25769,LOF,0.07254658188961434,0.06408437588499143,0.8633690422253942
25770,LOF,0.1321107369874814,0.06897574729781175,0.7989135157147069
25771,LOF,0.0206165853407815,0.07439935694662489,0.9049840577125937
25772,LOF,0.014663821578783036,0.02908625865792289,0.9562499197632941
25773,LOF,0.018824502123591456,0.08841833571683134,0.8927571621595772
25774,LOF,0.02713594881215118,0.08466110366660563,0.8882029475212432
25775,LOF,0.026194915510055632,0.04117981934257646,0.932625265147368
25776,LOF,0.07592076816280467,0.022737084178045035,0.9013421476591504
25777,LOF,0.17195778751026783,0.05748152078203833,0.7705606917076938
25778,LOF,0.061490485250583364,0.047334379613491885,0.8911751351359248
25779,GOF,0.04571058925328727,0.8947813150337657,0.05950809571294725
25780,GOF,0.04937851684665445,0.881636195007835,0.06898528814551078
25781,GOF,0.021975515008359182,0.8747180860942491,0.10330639889739167
25782,GOF,0.024468622809482178,0.9128555360338196,0.06267584115669815
25783,GOF,0.013075284697359017,0.731979933152018,0.254944782150623
25784,GOF,0.13322565512941853,0.8250346005228587,0.041739744347722874
25785,GOF,0.05469843668816912,0.9043400195652015,0.04096154374662947
25786,GOF,0.004534878265960395,0.8280502708876444,0.16741485084639526
25787,GOF,0.13674524163986854,0.8312912438386251,0.03196351452150645
25788,LOF,0.04512924575577974,0.15510801387752873,0.7997627403666914
25789,GOF,0.028678457496261158,0.8588290214599267,0.11249252104381224
25790,GOF,0.030824608589809597,0.8840818829622601,0.0850935084479303
25791,GOF,0.024839429718102497,0.8453723448706352,0.12978822541126223
25792,GOF,0.04050620656988878,0.8464249269589694,0.11306886647114178
25793,GOF,0.09448172577656316,0.8208764580661779,0.08464181615725898
25794,GOF,0.08231161029555144,0.7706188980684331,0.14706949163601543
25795,GOF,0.0386556206254942,0.7764236013670617,0.18492077800744403
25796,GOF,0.1084004388712497,0.7937266588597509,0.09787290226899938
25797,GOF,0.034737195783517825,0.6382498543271954,0.3270129498892868
25798,GOF,0.0027137475285926504,0.5881250139707612,0.40916123850064606
25799,LOF,0.0026043152139917213,0.47749892962893814,0.5198967551570701
25800,GOF,0.010267638238754217,0.6756781361122913,0.3140542256489545
25801,GOF,0.021972390063229052,0.8466696418045582,0.1313579681322127
25802,GOF,0.015608177087289071,0.7789544796836855,0.20543734322902554
25803,GOF,0.009565519327174555,0.67023606184053,0.3201984188322955
25804,GOF,0.010496408681001296,0.5639497431474851,0.4255538481715136
25805,GOF,0.017641274618306852,0.675920767283008,0.3064379580986852
25806,GOF,0.014945215888954673,0.7052147193414433,0.279840064769602
25807,GOF,0.004506933357555087,0.6832559853029707,0.3122370813394741
25808,GOF,0.011856993529422056,0.7032024393535475,0.2849405671170305
25809,GOF,0.004475769360754915,0.6811752460902409,0.3143489845490041
25810,GOF,0.0038068987671280464,0.6820500366700848,0.3141430645627871
25811,GOF,0.057737650221702325,0.8540314100492857,0.08823093972901189
25812,GOF,0.013740563047978584,0.7000292787435842,0.28623015820843706
25813,GOF,0.08953032639376386,0.8048844147039254,0.10558525890231076
25814,GOF,0.020618715045484355,0.7896573110942959,0.18972397386021964
25815,GOF,0.030538793028101682,0.7960126942701556,0.17344851270174255
25816,GOF,0.006821173611837307,0.8337971220306408,0.15938170435752186
25817,GOF,0.08826067328039067,0.7529849769796766,0.1587543497399327
25818,GOF,0.018616917537311643,0.7847523646539358,0.19663071780875252
25819,GOF,0.052029337894562794,0.7690155262547107,0.1789551358507266
25820,GOF,0.02642604689369105,0.7559653982148653,0.21760855489144382
25821,GOF,0.014757251715764799,0.7493359818766606,0.23590676640757455
25822,GOF,0.03054020382901026,0.7657114505816046,0.20374834558938518
25823,GOF,0.011185694010284764,0.5997881973496794,0.38902610864003595
25824,GOF,0.018780039448619383,0.742466138813802,0.2387538217375786
25825,GOF,0.012137403929749798,0.7172889744610659,0.27057362160918436
25826,GOF,0.0046460108744923265,0.671748656769281,0.32360533235622674
25827,GOF,0.007694464336332801,0.6717248619619652,0.3205806737017019
25828,GOF,0.005170489591072786,0.615083177240933,0.37974633316799417
25829,GOF,0.0025009548521869444,0.6702990995638157,0.32719994558399734
25830,LOF,0.025794301858372976,0.4587549913853002,0.5154507067563269
25831,GOF,0.04340163697146888,0.8458423739352716,0.11075598909325957
25832,GOF,0.006484181964798695,0.7868160594369884,0.2066997585982129
25833,GOF,0.024566734352756428,0.8381904835641992,0.1372427820830444
25834,GOF,0.006480158602184666,0.7954099393836552,0.1981099020141602
25835,GOF,0.013731389327353502,0.849415139624703,0.13685347104794346
25836,GOF,0.0050164897913088195,0.791604011998045,0.20337949821064613
25837,GOF,0.004773189480942351,0.6851550300680292,0.31007178045102823
25838,GOF,0.01469016774574685,0.8610413923168536,0.12426843993739939
25839,GOF,0.029859235969450247,0.8592996884362659,0.11084107559428376
25840,GOF,0.0473123465079502,0.8523050536024819,0.10038259988956792
25841,GOF,0.044468398983061166,0.8560103971720715,0.09952120384486744
25842,GOF,0.020181089177109222,0.8993736347053042,0.08044527611758678
25843,GOF,0.021238983380843793,0.9061688362667624,0.07259218035239376
25844,GOF,0.013261690068697875,0.8367681687172347,0.14997014121406757
25845,GOF,0.004546728313995608,0.6247468318127546,0.37070643987324975
25846,GOF,0.03548020816203439,0.8571768886029494,0.10734290323501622
25847,GOF,0.015211168652505954,0.9100959996228786,0.07469283172461542
25848,GOF,0.013793625459081934,0.8609404074856983,0.12526596705521986
25849,GOF,0.004222694039194069,0.7287173950258412,0.2670599109349648
25850,GOF,0.0049461392815744335,0.7290358185093198,0.2660180422091058
25851,GOF,0.004490305333713501,0.6114374579106531,0.3840722367556335
25852,GOF,0.1364192689966181,0.5844317869035851,0.2791489440997968
25853,GOF,0.06274037937742513,0.8584012196417011,0.07885840098087375
25854,GOF,0.008862128367548114,0.7025517611305762,0.2885861105018756
25855,GOF,0.012465167873523962,0.6550902865802415,0.33244454554623454
25856,GOF,0.0317718249235646,0.7865633523131523,0.18166482276328308
25857,GOF,0.010719660773335462,0.6264186042933401,0.3628617349333246
25858,GOF,0.006215995843114041,0.6104124372200651,0.3833715669368209
25859,GOF,0.004657328310675508,0.5836252846818839,0.41171738700744054
25860,GOF,0.06044787718721737,0.8432018710202346,0.09635025179254811
25861,GOF,0.11937621055295669,0.7877760236450051,0.0928477658020383
25862,GOF,0.018571055421626414,0.8668482121368225,0.11458073244155115
25863,GOF,0.017043430445285904,0.8819147881889665,0.10104178136574767
25864,GOF,0.042417440631499936,0.8748405303488078,0.08274202901969223
25865,GOF,0.03131929173749623,0.8407902030467805,0.1278905052157232
25866,GOF,0.021596341758912743,0.8668771144838221,0.11152654375726516
25867,GOF,0.028816206111086866,0.8794098102426613,0.09177398364625172
25868,GOF,0.043733652576606726,0.8505109297694483,0.10575541765394494
25869,GOF,0.34593185605205684,0.5879507261512159,0.06611741779672722
25870,GOF,0.1987153040880203,0.6340930531829576,0.1671916427290221
25871,GOF,0.019550829413692062,0.8907231189003862,0.08972605168592161
25872,GOF,0.015751687337089735,0.882247615475469,0.10200069718744119
25873,GOF,0.015687922650345715,0.8950321114738592,0.08927996587579498
25874,LOF,0.01479679358373368,0.1573028059683593,0.8279004004479071
25875,LOF,0.03859718834262362,0.043925385931996096,0.9174774257253802
25876,LOF,0.02407652295624704,0.02983861128042855,0.9460848657633244
25877,LOF,0.1314487737304397,0.08061187084440868,0.7879393554251517
25878,LOF,0.05406581633872142,0.11242502615582518,0.8335091575054534
25879,LOF,0.021836761651611542,0.08461124500916944,0.893551993339219
25880,LOF,0.04564429296844073,0.010392081601178884,0.9439636254303805
25881,Neutral,0.5668576714419659,0.0603279519004086,0.37281437665762546
25882,LOF,0.05333781679641926,0.028919813946900276,0.9177423692566805
25883,LOF,0.04542382431058108,0.021870919248935652,0.9327052564404833
25884,LOF,0.027951989149943485,0.0400756854545569,0.9319723253954996
25885,LOF,0.2085371712781383,0.012157059434313637,0.7793057692875479
25886,LOF,0.17249305540502302,0.049880649491606484,0.7776262951033706
25887,LOF,0.1907217479767885,0.05309911830224642,0.7561791337209651
25888,LOF,0.013691251564746189,0.12304447311660792,0.8632642753186459
25889,LOF,0.03618838436176615,0.026091714088006927,0.9377199015502269
25890,LOF,0.1194141904180458,0.1198396165592845,0.7607461930226697
25891,LOF,0.09158339234810148,0.01971594702963478,0.8887006606222637
25892,LOF,0.009380920999043618,0.03203890874965083,0.9585801702513055
25893,LOF,0.36211201262568465,0.008159386085666222,0.629728601288649
25894,LOF,0.4332578983503223,0.0055734789428556674,0.561168622706822
25895,LOF,0.36996690023238155,0.010411330345067804,0.6196217694225507
25896,LOF,0.05625945480376454,0.023734817648255774,0.9200057275479797
25897,LOF,0.19670132459343181,0.00793771336909461,0.7953609620374735
25898,LOF,0.1893210204608138,0.031136795001477136,0.7795421845377091
25899,LOF,0.2175664405124087,0.02209222496897407,0.7603413345186173
25900,LOF,0.4450948621330162,0.0077346308794684045,0.5471705069875153
25901,LOF,0.038928687250971,0.008981101728690507,0.9520902110203386
25902,LOF,0.09307251449584805,0.012645882306776893,0.8942816031973752
25903,LOF,0.36946221221782416,0.022626602663718912,0.6079111851184569
25904,LOF,0.4466842900979177,0.03019562927465868,0.5231200806274237
25905,LOF,0.006356553144647291,0.4548815685162871,0.5387618783390656
25906,LOF,0.011697375419346037,0.1101760246748056,0.8781265999058484
25907,LOF,0.003544581671207602,0.33638853445614114,0.6600668838726513
25908,LOF,0.0036396754599932173,0.24432220491256706,0.7520381196274396
25909,LOF,0.014267808735074267,0.16945823891952416,0.8162739523454016
25910,LOF,0.016865641461563947,0.11467474073210523,0.8684596178063309
25911,LOF,0.35515057285495605,0.030358088513584697,0.6144913386314592
25912,LOF,0.0700741341977808,0.04908669386077171,0.8808391719414475
25913,LOF,0.06461999942974973,0.06094351544894278,0.8744364851213074
25914,LOF,0.021052515517056444,0.061453262168804416,0.9174942223141391
25915,LOF,0.13558387398110344,0.2661443961957546,0.5982717298231419
25916,LOF,0.020741314872282795,0.18882573314407203,0.7904329519836452
25917,LOF,0.0718558730844276,0.04938578123022972,0.8787583456853426
25918,LOF,0.02586530343931842,0.03557863184436747,0.9385560647163141
25919,LOF,0.022785330504775474,0.0363387835872723,0.9408758859079522
25920,LOF,0.1397184645822842,0.19791050486790762,0.6623710305498082
25921,LOF,0.012364422151816653,0.041709498430012065,0.9459260794181713
25922,LOF,0.014829036716650116,0.03559278321112121,0.9495781800722286
25923,LOF,0.4371123601157379,0.039795749346977535,0.5230918905372846
25924,LOF,0.017580764797217797,0.062320749050193316,0.9200984861525888
25925,LOF,0.0714493052422967,0.05617049814649754,0.8723801966112058
25926,LOF,0.05759508881776791,0.05628779425296921,0.886117116929263
25927,LOF,0.015939366468460735,0.0790775363380648,0.9049830971934746
25928,LOF,0.008260112564506273,0.06013764059463258,0.9316022468408611
25929,Neutral,0.5187601869201814,0.038419013846453104,0.44282079923336554
25930,LOF,0.08026571400398895,0.038192513397458494,0.8815417725985525
25931,LOF,0.009989226978184424,0.04061101447180976,0.9493997585500057
25932,LOF,0.02962248256263635,0.03483462176164334,0.9355428956757202
25933,LOF,0.03671743572883955,0.02208302737650442,0.941199536894656
25934,LOF,0.024429415892577286,0.022263195885029854,0.9533073882223928
25935,LOF,0.06861376878834598,0.06511642276710011,0.8662698084445539
25936,LOF,0.03917613309784301,0.027041287869031785,0.9337825790331252
25937,LOF,0.011931845563572466,0.04469082160847994,0.9433773328279477
25938,LOF,0.06437618190198834,0.06320090419688537,0.8724229139011264
25939,LOF,0.027311025188183197,0.03052466184556381,0.9421643129662531
25940,LOF,0.009059338241988544,0.3536113740551389,0.6373292877028724
25941,Neutral,0.5315799477885826,0.03618356829830541,0.43223648391311204
25942,LOF,0.007663175819530207,0.04280109706417682,0.9495357271162929
25943,LOF,0.032251678713297996,0.16603343606442042,0.8017148852222815
25944,LOF,0.09535120503447927,0.07904954352212983,0.825599251443391
25945,LOF,0.06056296171265648,0.020309354137385334,0.9191276841499583
25946,LOF,0.07958539883554684,0.041946323246600775,0.8784682779178524
25947,Neutral,0.4564544477469031,0.11405170991187,0.42949384234122695
25948,LOF,0.49358421130511615,0.012619418144399082,0.4937963705504848
25949,LOF,0.09150823124392192,0.06577176013490066,0.8427200086211775
25950,GOF,0.052745209759960596,0.6521430660376333,0.2951117242024061
25951,LOF,0.011514951877320864,0.4448484522693287,0.5436365958533506
25952,LOF,0.27066710263900834,0.2889776402241067,0.44035525713688495
25953,LOF,0.012070909774544536,0.18724667668245717,0.8006824135429983
25954,GOF,0.05495549974660679,0.507726082299035,0.4373184179543582
25955,LOF,0.010267464851974158,0.1404758771842529,0.8492566579637729
25956,LOF,0.027681253172939842,0.2495519744156708,0.7227667724113893
25957,LOF,0.26423006538096455,0.029918128233223117,0.7058518063858124
25958,LOF,0.04246044829893152,0.033028032171743674,0.9245115195293249
25959,GOF,0.013415203348588662,0.503878070503793,0.4827067261476184
25960,LOF,0.007034721097708994,0.04761202347373037,0.9453532554285605
25961,LOF,0.04167841735364158,0.028736846800448308,0.9295847358459102
25962,LOF,0.03309521481741189,0.07357852314873027,0.8933262620338579
25963,LOF,0.005925701992828728,0.21924588263905773,0.7748284153681135
25964,LOF,0.024448537032710094,0.09076250075872046,0.8847889622085695
25965,LOF,0.26260748437597564,0.1291779975846693,0.608214518039355
25966,Neutral,0.4733068712730997,0.1119179942394938,0.4147751344874065
25967,LOF,0.008394651403060465,0.0640978446964532,0.9275075039004864
25968,LOF,0.04641578792587354,0.19714451603363126,0.7564396960404952
25969,LOF,0.13195740682265167,0.04537335131849133,0.8226692418588569
25970,LOF,0.027083813348555297,0.08460946356185588,0.8883067230895887
25971,LOF,0.05801670697975805,0.026391208151989268,0.9155920848682527
25972,LOF,0.04859252265870469,0.037046520449970165,0.9143609568913252
25973,LOF,0.04939067007992043,0.011272493913931652,0.9393368360061478
25974,LOF,0.04641570224357917,0.03552284936633792,0.918061448390083
25975,LOF,0.03097297351584473,0.023154134528581432,0.9458728919555739
25976,LOF,0.12352476283386724,0.010466601350591112,0.8660086358155415
25977,LOF,0.22709559585035832,0.08548988814695568,0.6874145160026859
25978,LOF,0.15901470472169268,0.1250366194738873,0.71594867580442
25979,LOF,0.1388191942640721,0.13484089100990027,0.7263399147260275
25980,LOF,0.2543498762285639,0.16760538903487288,0.5780447347365631
25981,LOF,0.2554166812045889,0.16861716378325864,0.5759661550121525
25982,LOF,0.4450994649174566,0.08390773754921008,0.47099279753333334
25983,Neutral,0.4757271965263526,0.10919108060770931,0.41508172286593803
25984,LOF,0.03641856580831914,0.0774494350009952,0.8861319991906856
25985,Neutral,0.4410328525329224,0.14422789306209102,0.4147392544049867
25986,LOF,0.012380692729499593,0.43310192410034315,0.5545173831701572
25987,LOF,0.09056998401134043,0.10708419328063969,0.8023458227080198
25988,LOF,0.15866794037460355,0.14367821868371106,0.6976538409416855
25989,LOF,0.040145486169652064,0.19197892944531333,0.7678755843850344
25990,LOF,0.04059832690643269,0.29096575482390247,0.668435918269665
25991,LOF,0.026418731986399154,0.35334698036023143,0.6202342876533694
25992,LOF,0.028677827016509165,0.34974134667824286,0.621580826305248
25993,LOF,0.020857253603275294,0.08707521281755473,0.89206753357917
25994,LOF,0.01625616816493875,0.08429204654326965,0.8994517852917916
25995,LOF,0.017061234017735266,0.16148469516990796,0.8214540708123568
25996,LOF,0.3583763966406016,0.26135983244368144,0.38026377091571706
25997,LOF,0.07892144688874865,0.32841796452879346,0.592660588582458
25998,LOF,0.3031960903536949,0.048724411589415664,0.6480794980568894
25999,LOF,0.02545976914045453,0.22669193383987074,0.7478482970196748
26000,LOF,0.20236968848587653,0.035951503870173825,0.7616788076439497
26001,LOF,0.2575309288622615,0.035336546925899805,0.7071325242118387
26002,LOF,0.07546600971680988,0.06280069463182314,0.8617332956513669
26003,GOF,0.0040121009312804445,0.6289296916664177,0.36705820740230194
26004,GOF,0.00616111209004911,0.6985272338508491,0.29531165405910176
26005,GOF,0.0029351392965172992,0.5051025534835885,0.4919623072198941
26006,GOF,0.07758894315453131,0.6048178985914237,0.31759315825404505
26007,GOF,0.005452531062988365,0.5723501604103542,0.4221973085266573
26008,GOF,0.004991836848031706,0.6676243507686105,0.3273838123833579
26009,GOF,0.0063757029726622325,0.6622277733016475,0.3313965237256902
26010,GOF,0.006855808263168437,0.6859363845106868,0.3072078072261447
26011,LOF,0.0028207514463077553,0.48732481037739495,0.5098544381762973
26012,GOF,0.00408937189508962,0.5575300091872738,0.43838061891763647
26013,GOF,0.005226337028088224,0.6062205181652999,0.38855314480661185
26014,LOF,0.04369091495152931,0.11335390630201302,0.8429551787464576
26015,LOF,0.43533879596250546,0.019423390970440334,0.5452378130670542
26016,LOF,0.3220678574577884,0.03575523384427126,0.6421769086979404
26017,LOF,0.028855534836444284,0.19575811213877192,0.7753863530247839
26018,LOF,0.04803475568080587,0.03568472723575611,0.9162805170834379
26019,LOF,0.04711724843692175,0.03259175691050054,0.9202909946525777
26020,LOF,0.010279205746429198,0.1808106708517444,0.8089101234018264
26021,LOF,0.07608460716240584,0.06472404398446932,0.8591913488531249
26022,LOF,0.03901133215603407,0.020490219975130453,0.9404984478688354
26023,LOF,0.04200691629545012,0.021956921364621993,0.9360361623399279
26024,LOF,0.045135746478949995,0.06416796244653286,0.8906962910745172
26025,LOF,0.06477891683101074,0.07417552674160474,0.8610455564273845
26026,LOF,0.11523827052790044,0.052494292268475816,0.8322674372036238
26027,LOF,0.03941018300969861,0.018125784664057138,0.9424640323262443
26028,LOF,0.10999579818509522,0.13602547209480995,0.7539787297200948
26029,LOF,0.024628113354183693,0.20737535534345355,0.7679965313023628
26030,LOF,0.1715166396188771,0.033534408310603434,0.7949489520705195
26031,LOF,0.012196257167087186,0.19039627727822842,0.7974074655546844
26032,LOF,0.05900776010954623,0.07918846274083656,0.8618037771496172
26033,LOF,0.08319809879300312,0.07219747372541642,0.8446044274815805
26034,LOF,0.016572533096244804,0.1728830273585309,0.8105444395452243
26035,LOF,0.013682596728786226,0.12612701976477758,0.8601903835064363
26036,LOF,0.014441223722961924,0.1543409649958469,0.8312178112811912
26037,LOF,0.011851376003489917,0.1185001354812012,0.869648488515309
26038,LOF,0.050479524131277854,0.07350892021285765,0.8760115556558646
26039,LOF,0.03130796245327125,0.1538138888334575,0.8148781487132711
26040,LOF,0.13509187813955026,0.17069177107047687,0.6942163507899729
26041,LOF,0.014724577864299678,0.10758121607675597,0.8776942060589443
26042,LOF,0.013188490235939973,0.11515826826749409,0.871653241496566
26043,LOF,0.050408180049340015,0.09584925618519059,0.8537425637654694
26044,LOF,0.015413598846130337,0.0655415765788215,0.9190448245750482
26045,LOF,0.07249842748229862,0.12821936230519893,0.7992822102125025
26046,LOF,0.043721317609660554,0.07701060129295136,0.8792680810973882
26047,LOF,0.06521680263845193,0.07491490744812436,0.8598682899134237
26048,LOF,0.0824608339962011,0.03155302035837381,0.8859861456454251
26049,Neutral,0.9485197403071565,0.00844714882624641,0.04303311086659716
26050,Neutral,0.9297354300970126,0.009450414789305705,0.060814155113681746
26051,LOF,0.013359747694520965,0.1020008630465582,0.8846393892589208
26052,LOF,0.02034476952934587,0.11524841848596806,0.864406811984686
26053,LOF,0.04101699177163084,0.13963036769079984,0.8193526405375694
26054,LOF,0.044384966356240924,0.02488919313656041,0.9307258405071986
26055,LOF,0.06442991173778306,0.022401084516481557,0.9131690037457353
26056,LOF,0.052800630590414406,0.02734477175926829,0.9198545976503173
26057,LOF,0.030022923691380887,0.015088137536150214,0.9548889387724688
26058,LOF,0.030519174619045786,0.012783204459548593,0.9566976209214055
26059,LOF,0.18925952912357868,0.02179528546832887,0.7889451854080924
26060,LOF,0.01078350806301487,0.2144535594002065,0.7747629325367786
26061,LOF,0.008936553925019202,0.012929003009810463,0.9781344430651704
26062,LOF,0.005499756903616156,0.02202257570769183,0.972477667388692
26063,LOF,0.020166625490310057,0.01278005130419194,0.967053323205498
26064,LOF,0.008497699917698028,0.028968935338415523,0.9625333647438864
26065,LOF,0.023374665004393724,0.01358613809957119,0.9630391968960352
26066,LOF,0.022763280647317297,0.012479043327006573,0.9647576760256761
26067,LOF,0.02750895843418024,0.010437471122732729,0.9620535704430869
26068,LOF,0.0488001904014912,0.05088211448641474,0.900317695112094
26069,LOF,0.15868431094215235,0.03029307352733925,0.8110226155305084
26070,LOF,0.3259973136527089,0.024931110969756243,0.6490715753775349
26071,LOF,0.021967238945575278,0.013217618423579578,0.9648151426308452
26072,LOF,0.007788064530444999,0.024522527536093228,0.9676894079334618
26073,LOF,0.020389458562225637,0.016283525721319077,0.9633270157164553
26074,Neutral,0.9204502945677938,0.009894676408326258,0.06965502902387997
26075,LOF,0.04900253132912207,0.026274673200910655,0.9247227954699674
26076,LOF,0.031726740621483805,0.012130807893577502,0.9561424514849388
26077,LOF,0.13127197836878904,0.008092444809840182,0.8606355768213708
26078,LOF,0.007717189186960969,0.015371229673713275,0.9769115811393259
26079,LOF,0.05593673003342047,0.02671202681075463,0.9173512431558248
26080,LOF,0.055443032257573605,0.026701961013911434,0.9178550067285149
26081,LOF,0.024863062104005615,0.008936537872479009,0.9662004000235155
26082,LOF,0.005265269596037861,0.018036727402713837,0.9766980030012482
26083,LOF,0.12440203994133762,0.020836885470498185,0.8547610745881642
26084,LOF,0.04561052761773239,0.016583203973763,0.9378062684085046
26085,LOF,0.04127307812947104,0.014413588252837117,0.9443133336176919
26086,LOF,0.021851166558514067,0.012989318798544466,0.9651595146429414
26087,LOF,0.02042393627801901,0.011416882706296061,0.968159181015685
26088,LOF,0.008097805593317695,0.019534809222067826,0.9723673851846145
26089,LOF,0.04356402416750548,0.02985914099063722,0.9265768348418574
26090,LOF,0.04441728159482711,0.02360545579906307,0.9319772626061098
26091,LOF,0.024311970484117647,0.007715670919764679,0.9679723585961177
26092,LOF,0.02195255453592571,0.009075444865283064,0.9689720005987912
26093,LOF,0.03871067207593612,0.006749390640647495,0.9545399372834164
26094,LOF,0.03089108589717638,0.007172491454253379,0.9619364226485702
26095,LOF,0.03922266778418535,0.01745361101720647,0.9433237211986082
26096,LOF,0.22519524184438644,0.005488635901157467,0.7693161222544561
26097,LOF,0.006751213346695477,0.030367268517005185,0.9628815181362993
26098,LOF,0.07874174966192704,0.019961307407857874,0.9012969429302152
26099,LOF,0.019808343678305352,0.016146891989151833,0.9640447643325428
26100,LOF,0.019808343678305352,0.016146891989151833,0.9640447643325428
26101,LOF,0.04674655504363435,0.025273370578760668,0.9279800743776051
26102,LOF,0.01994671151921246,0.01741884261595726,0.9626344458648303
26103,Neutral,0.8758883258774575,0.025178747526212793,0.09893292659632962
26104,LOF,0.06407578106374716,0.030344780101745124,0.9055794388345076
26105,LOF,0.23141334221545473,0.18397860536572613,0.5846080524188191
26106,LOF,0.31961410988190225,0.14117534786033203,0.5392105422577658
26107,LOF,0.020142653749441995,0.11164048325348191,0.8682168629970761
26108,LOF,0.32157200528138885,0.04668494716347499,0.6317430475551362
26109,LOF,0.06816944093506297,0.04869185774098113,0.883138701323956
26110,LOF,0.36092738489947357,0.006148924210511802,0.6329236908900147
26111,LOF,0.06385380121418262,0.11019705843969534,0.825949140346122
26112,LOF,0.030847201719126915,0.0074885746234960035,0.961664223657377
26113,LOF,0.05811529916710562,0.01711642586788843,0.9247682749650059
26114,LOF,0.09317585490318575,0.009805212023815627,0.8970189330729986
26115,LOF,0.015623936894332212,0.06057413587859176,0.9238019272270759
26116,LOF,0.08954772050285326,0.034794272006248364,0.8756580074908983
26117,LOF,0.4429725074853689,0.030203994692687978,0.5268234978219432
26118,LOF,0.03051902450352899,0.01544996185191477,0.9540310136445563
26119,LOF,0.0048279280803178014,0.03250535686905561,0.9626667150506265
26120,LOF,0.024584692930214404,0.014438593053103459,0.9609767140166822
