feature0,prediction,LoGoFunc_Neutral,LoGoFunc_GOF,LoGoFunc_LOF
25546,Neutral,0.758827965751572,0.026259392996264546,0.21491264125216342
25547,Neutral,0.6035702616620445,0.0700759352886093,0.3263538030493463
25548,Neutral,0.5663915603212512,0.0510884294822394,0.3825200101965095
25549,Neutral,0.4920866440688239,0.05188900059775395,0.4560243553334222
25550,LOF,0.3402672483306719,0.106865020649626,0.5528677310197021
25551,LOF,0.29000027603742917,0.12002853242798285,0.589971191534588
25552,LOF,0.19724749241513534,0.12518301144270516,0.6775694961421596
25553,Neutral,0.8258848985601762,0.028334687655137917,0.14578041378468598
25554,LOF,0.228222129471584,0.11921190154275865,0.6525659689856573
25555,LOF,0.18409996621124516,0.09831109375935866,0.7175889400293961
25556,LOF,0.3994085981919261,0.09718650908063417,0.5034048927274397
25557,LOF,0.17821819770206415,0.10704619590757318,0.7147356063903627
25558,LOF,0.2204573244633555,0.1203539435936439,0.6591887319430006
25559,LOF,0.39326808586404477,0.0843920907282132,0.522339823407742
25560,LOF,0.05498118964207374,0.20240088758625027,0.742617922771676
25561,LOF,0.10411528596654712,0.2344012617075371,0.6614834523259157
25562,LOF,0.10319453937626472,0.10417292293171959,0.7926325376920157
25563,LOF,0.10107370751532163,0.09562491192290713,0.8033013805617712
25564,LOF,0.16142467714716566,0.1770841093754684,0.661491213477366
25565,LOF,0.15128398327186895,0.13941177831574258,0.7093042384123884
25566,GOF,0.014539764178388358,0.7444201295480379,0.2410401062735737
25567,LOF,0.014883201659745545,0.15008907504080854,0.835027723299446
25568,LOF,0.050569712201525646,0.06522627528999786,0.8842040125084766
25569,LOF,0.05993610330244685,0.07031692415177361,0.8697469725457796
25570,LOF,0.06250138491669877,0.10844588953960925,0.829052725543692
25571,LOF,0.05983036641550715,0.09470385149787644,0.8454657820866165
25572,LOF,0.06005831442259704,0.1427474024320387,0.7971942831453643
25573,LOF,0.026215795007370944,0.10113596193165682,0.8726482430609722
25574,LOF,0.014708092063183902,0.16603272151473772,0.8192591864220784
25575,LOF,0.04712181706296821,0.10623609508295861,0.8466420878540731
25576,LOF,0.01972051611684404,0.12384783807234233,0.8564316458108135
25577,LOF,0.013899679710619945,0.1481521275198447,0.8379481927695354
25578,LOF,0.23810656628987764,0.09280727966994085,0.6690861540401815
25579,LOF,0.2394533917194889,0.09193191632663558,0.6686146919538755
25580,LOF,0.03340322887768911,0.0875782157773187,0.8790185553449922
25581,LOF,0.047597379459762106,0.07723399105872165,0.8751686294815163
25582,LOF,0.047232499360371556,0.07322921336677654,0.8795382872728519
25583,LOF,0.0436707781960042,0.09951097725339278,0.856818244550603
25584,LOF,0.4249773374213271,0.09256811413282881,0.4824545484458441
25585,LOF,0.032106422905113986,0.10776989250278142,0.8601236845921046
25586,LOF,0.03578006428117776,0.0809334714176508,0.8832864643011713
25587,LOF,0.03355933271032187,0.07800906091241282,0.8884316063772653
25588,LOF,0.03606961846282388,0.10314799892386231,0.8607823826133139
25589,Neutral,0.5885583810423516,0.1157145023882971,0.2957271165693514
25590,LOF,0.02673100988651969,0.14120307278048308,0.8320659173329973
25591,LOF,0.10081930292076875,0.0628535414064755,0.8363271556727557
25592,LOF,0.09452706126284496,0.13739104891144727,0.7680818898257078
25593,LOF,0.015114988912240872,0.2647935990657854,0.7200914120219737
25594,LOF,0.032335102486968734,0.22488464094096072,0.7427802565720706
25595,LOF,0.05223572328185001,0.17171327180458382,0.7760510049135662
25596,LOF,0.06320467118140098,0.12555067406728432,0.8112446547513147
25597,LOF,0.05760560129140514,0.09760245456262581,0.844791944145969
25598,LOF,0.041099360778259625,0.21366854824346032,0.74523209097828
25599,GOF,0.007066402492703925,0.7874488465299192,0.20548475097737692
25600,GOF,0.009402201752210909,0.5920422331316813,0.39855556511610774
25601,LOF,0.007362493522836215,0.4888501835989369,0.5037873228782269
25602,LOF,0.01959849377244266,0.062446042247813076,0.9179554639797443
25603,LOF,0.03418649372112199,0.043076453023773546,0.9227370532551045
25604,LOF,0.04649027549463915,0.06294248384017621,0.8905672406651847
25605,LOF,0.010081423077873918,0.27004279538127113,0.719875781540855
25606,GOF,0.058359850768074206,0.4769837725790412,0.4646563766528846
25607,LOF,0.004458939541717745,0.18492388669036872,0.8106171737679134
25608,LOF,0.06384554203175592,0.055167031547435144,0.8809874264208089
25609,LOF,0.06069270777139716,0.3701283996365083,0.5691788925920944
25610,LOF,0.04426870698162473,0.032767005946402056,0.9229642870719732
25611,LOF,0.04643075104161208,0.03024659016745057,0.9233226587909372
25612,LOF,0.09782029835445695,0.04963456709910091,0.8525451345464421
25613,LOF,0.08575372289151825,0.048458672162852635,0.8657876049456291
25614,LOF,0.035484282825429175,0.03926870288995666,0.9252470142846141
25615,LOF,0.052067157830829734,0.03702298111836634,0.9109098610508038
25616,LOF,0.036479098889387704,0.04062233314036626,0.922898567970246
25617,LOF,0.03321320681834491,0.046152304860706914,0.9206344883209483
25618,LOF,0.23075085731090195,0.036884428334333814,0.7323647143547642
25619,LOF,0.03563137105651001,0.03379507122610695,0.930573557717383
25620,LOF,0.04095591166038482,0.04565429835330024,0.9133897899863149
25621,LOF,0.03259910833961802,0.034019556091808685,0.9333813355685734
25622,LOF,0.029252164983673248,0.04742858148356738,0.9233192535327593
25623,LOF,0.06606996691770753,0.03826758042980951,0.895662452652483
25624,LOF,0.029417766442076623,0.047535671934835697,0.9230465616230877
25625,LOF,0.03252577042338397,0.0549255630476449,0.9125486665289712
25626,LOF,0.0727673613340184,0.03570312546780144,0.8915295131981801
25627,Neutral,0.5605974854413093,0.1343756909244689,0.30502682363422184
25628,LOF,0.18278897019643753,0.07094866167051558,0.7462623681330469
25629,LOF,0.06596285020310796,0.14403100324654775,0.7900061465503443
25630,LOF,0.17048772423921435,0.12666377958386188,0.7028484961769238
25631,Neutral,0.5956580048276627,0.09573142672526526,0.308610568447072
25632,LOF,0.023883757566479754,0.08657933705346219,0.889536905380058
25633,LOF,0.2541933232885659,0.09314534454172456,0.6526613321697096
25634,LOF,0.0390070926857524,0.10521125575639952,0.855781651557848
25635,LOF,0.05297184261925241,0.09438098987246948,0.8526471675082782
25636,GOF,0.006511516070657676,0.5848846976274736,0.4086037863018686
25637,GOF,0.005266761146553251,0.5181433043710466,0.47658993448240006
25638,LOF,0.008662034924885638,0.3988431942882632,0.5924947707868511
25639,LOF,0.005062661018861132,0.38483354051668245,0.6101037984644564
25640,GOF,0.4196258420749909,0.5310540838146942,0.04932007411031497
25641,LOF,0.006469051352002054,0.34697797995662194,0.646552968691376
25642,LOF,0.25566777853772266,0.07261366243052496,0.6717185590317524
25643,LOF,0.19660842664317058,0.2547935441921222,0.5485980291647071
25644,GOF,0.0257762043886481,0.5478328114523388,0.42639098415901305
25645,LOF,0.020556242850597883,0.46828714512006386,0.5111566120293383
25646,LOF,0.02004633459303074,0.33518207567777236,0.6447715897291969
25647,LOF,0.017527817594274134,0.25295964441681673,0.7295125379889092
25648,LOF,0.015166332852607973,0.27731882236021416,0.7075148447871779
25649,LOF,0.013956661163860604,0.20522153886271358,0.7808217999734259
25650,GOF,0.04120075571215197,0.5109557718256337,0.44784347246221434
25651,LOF,0.01253174674509817,0.2349950831054897,0.7524731701494123
25652,LOF,0.018959520818729602,0.23758325904762437,0.7434572201336461
25653,LOF,0.08767051625211492,0.43250362724904906,0.4798258564988361
25654,LOF,0.015115576243333085,0.2549069911991402,0.7299774325575267
25655,LOF,0.10777038772513736,0.3387657973871535,0.5534638148877091
25656,LOF,0.058782115629243174,0.06466144673621241,0.8765564376345444
25657,LOF,0.3050810291942287,0.03146655786185218,0.6634524129439192
25658,LOF,0.029063502193874623,0.0845934220654939,0.8863430757406314
25659,LOF,0.22783863548875855,0.06946675760541622,0.7026946069058252
25660,LOF,0.09726154423945108,0.10616728258451022,0.7965711731760386
25661,LOF,0.07916466816686253,0.07577997144842503,0.8450553603847124
25662,LOF,0.03372009718314725,0.05577986430712949,0.9105000385097233
25663,LOF,0.04240984811687959,0.08938515102709442,0.868205000856026
25664,LOF,0.02810258770651534,0.15225337212249004,0.8196440401709947
25665,LOF,0.05020423734932777,0.05441789399678746,0.8953778686538847
25666,LOF,0.03359417449966701,0.20427358443563776,0.7621322410646952
25667,LOF,0.032944681373495203,0.06587012119006622,0.9011851974364385
25668,LOF,0.04327010606282253,0.06895972330139492,0.8877701706357825
25669,LOF,0.04978009492934398,0.10855782780986035,0.8416620772607956
25670,LOF,0.13333415622554526,0.11787261637695369,0.7487932273975011
25671,LOF,0.040239700536955726,0.06366573038092974,0.8960945690821145
25672,LOF,0.052005033904232,0.08959272265145118,0.8584022434443167
25673,LOF,0.03321196832414934,0.1062123048045879,0.8605757268712627
25674,LOF,0.02513138463432691,0.12044193321454245,0.8544266821511307
25675,LOF,0.032440195392739686,0.09871649522635122,0.8688433093809091
25676,LOF,0.03431664879196278,0.07380326249448962,0.8918800887135476
25677,LOF,0.08724075484637722,0.06816081594470254,0.8445984292089203
25678,LOF,0.14864966326929546,0.055741173339131575,0.7956091633915731
25679,LOF,0.09739563008616957,0.0877781272124619,0.8148262427013685
25680,LOF,0.08744413492344158,0.10365253888267958,0.8089033261938788
25681,LOF,0.10073078322238455,0.09517224926828856,0.8040969675093269
25682,LOF,0.05322562829706528,0.08084164640248773,0.865932725300447
25683,LOF,0.06838935795027727,0.13186011496559594,0.7997505270841269
25684,LOF,0.06289348176620352,0.07737467810203863,0.8597318401317577
25685,LOF,0.11668252046350543,0.04202812038275355,0.8412893591537409
25686,LOF,0.03510801570382301,0.08347670695007882,0.8814152773460983
25687,LOF,0.05868643909279908,0.08144555288081429,0.8598680080263867
25688,LOF,0.016459786404528373,0.14568294972137238,0.8378572638740993
25689,LOF,0.012884865298106497,0.08802477927981082,0.8990903554220827
25690,LOF,0.015564299368828357,0.1076174058000381,0.8768182948311335
25691,LOF,0.10646642049715993,0.1672999755893007,0.7262336039135393
25692,LOF,0.1782627394725678,0.01991425384729199,0.8018230066801402
25693,LOF,0.04340481943698735,0.16331730632946057,0.7932778742335522
25694,LOF,0.28798687992817223,0.015800801385929687,0.6962123186858981
25695,LOF,0.21195206869603175,0.022583826163637723,0.7654641051403305
25696,LOF,0.15284842635535348,0.011320962353257693,0.8358306112913889
25697,LOF,0.11745307829308313,0.031206409753933097,0.8513405119529838
25698,LOF,0.025857825758631547,0.3358509901321927,0.6382911841091758
25699,LOF,0.08880169673616968,0.06561311752873517,0.8455851857350951
25700,LOF,0.03662082494307561,0.014629281580740153,0.9487498934761842
25701,LOF,0.016577731067781883,0.06855785591630995,0.914864413015908
25702,GOF,0.02179473172801855,0.7366465160734852,0.24155875219849626
25703,LOF,0.01655145721899586,0.22048176933795516,0.762966773443049
25704,LOF,0.09878825454713291,0.18312555423344917,0.718086191219418
25705,LOF,0.0878285239181122,0.2605506423438114,0.6516208337380763
25706,GOF,0.022030852413086856,0.6009980095505754,0.37697113803633775
25707,GOF,0.025193871855351532,0.5756601814128816,0.3991459467317669
25708,GOF,0.008548536764223557,0.5625983188613982,0.4288531443743783
25709,LOF,0.026002038489945343,0.08896929113684547,0.8850286703732092
25710,LOF,0.005048263833121683,0.2457931025761182,0.7491586335907602
25711,LOF,0.030321791033139096,0.13754079273607991,0.8321374162307811
25712,LOF,0.006743020132941213,0.2900230598560719,0.7032339200109868
25713,LOF,0.02565863747791939,0.1287298281673958,0.8456115343546847
25714,LOF,0.028850526148699575,0.16296419086733996,0.8081852829839605
25715,LOF,0.03131258525511681,0.14690190401590789,0.8217855107289754
25716,LOF,0.008977838443112155,0.15240799836799285,0.8386141631888949
25717,LOF,0.005620810390278766,0.16761123632718242,0.8267679532825389
25718,LOF,0.02790177998509876,0.10163411295789358,0.8704641070570077
25719,LOF,0.03851384863347647,0.11676562076903792,0.8447205305974856
25720,LOF,0.038670055700037155,0.11745075099155196,0.8438791933084109
25721,LOF,0.03298591141639755,0.10670600392628961,0.8603080846573128
25722,LOF,0.019504497299816924,0.153343516807572,0.8271519858926111
25723,LOF,0.03031989597780256,0.09458092013987282,0.8750991838823247
25724,LOF,0.027914431252224203,0.1774015627117882,0.7946840060359875
25725,LOF,0.03108042525139097,0.09354282483461099,0.8753767499139982
25726,LOF,0.01979580506658237,0.12683648086524577,0.8533677140681718
25727,LOF,0.02732118875312062,0.12835308957930158,0.8443257216675777
25728,LOF,0.029454983560420447,0.11943459580443402,0.8511104206351455
25729,LOF,0.02863729999694726,0.1311326973809201,0.8402300026221325
25730,LOF,0.031426541373811095,0.09288224504990661,0.8756912135762823
25731,LOF,0.010583489739852691,0.1900691571385365,0.7993473531216108
25732,LOF,0.023708024605581926,0.09859939963788063,0.8776925757565374
25733,LOF,0.03767978889612325,0.10282939190872506,0.8594908191951516
25734,LOF,0.006554637411537213,0.2914724954734759,0.7019728671149869
25735,LOF,0.028399034878687796,0.08710358820003666,0.8844973769212755
25736,LOF,0.025961616702437955,0.13652629916787867,0.8375120841296835
25737,LOF,0.05473082592209116,0.14165660034675043,0.8036125737311584
25738,LOF,0.026937766765597414,0.1757744937080472,0.7972877395263552
25739,LOF,0.030407766944762948,0.14368316455097516,0.8259090685042619
25740,LOF,0.03408724809094333,0.15389862509508342,0.8120141268139731
25741,LOF,0.03880496599182452,0.14255024452474901,0.8186447894834263
25742,LOF,0.05177163637404726,0.13932218953801095,0.8089061740879417
25743,LOF,0.012039485469756497,0.03302413158618567,0.9549363829440578
25744,LOF,0.24633834164102655,0.29214856298391473,0.4615130953750588
25745,LOF,0.051740524077784684,0.09676723275842203,0.8514922431637932
25746,LOF,0.01838288741917451,0.14389572230474293,0.8377213902760825
25747,LOF,0.039066384314477294,0.031842037479166134,0.9290915782063566
25748,LOF,0.29644644278656307,0.0629926974871396,0.6405608597262974
25749,LOF,0.014625634142981002,0.0738154183747323,0.9115589474822867
25750,LOF,0.023619842494245733,0.0774326509861937,0.8989475065195606
25751,LOF,0.04075968452258844,0.0512838487850701,0.9079564666923415
25752,GOF,0.08707984074305077,0.721942078112495,0.19097808114445428
25753,LOF,0.006263374122700461,0.44458218102925134,0.5491544448480482
25754,GOF,0.007847652337042354,0.8892117651359788,0.1029405825269789
25755,LOF,0.005761968182376835,0.47298198720893775,0.5212560446086855
25756,LOF,0.024432617005357857,0.47598758252492984,0.49957980046971234
25757,GOF,0.008215983658210723,0.8772934020933679,0.11449061424842129
25758,GOF,0.009525443674913498,0.8901461724112448,0.10032838391384155
25759,GOF,0.005785161006881311,0.6876897734383288,0.30652506555478987
25760,LOF,0.005179746522589475,0.36398681544702577,0.6308334380303847
25761,GOF,0.051304524566859876,0.8575555303059648,0.09113994512717533
25762,LOF,0.028082938573929767,0.4160211566544892,0.555895904771581
25763,LOF,0.005749605599836667,0.32706532325061666,0.6671850711495467
25764,GOF,0.06332008738176231,0.6661252754398258,0.27055463717841177
25765,GOF,0.008012186391600428,0.8782974717005854,0.11369034190781431
25766,GOF,0.0522806304125043,0.8390354606497074,0.10868390893778837
25767,GOF,0.017049698599511196,0.5106205903424826,0.4723297110580062
25768,LOF,0.05165311097028245,0.05709271986444936,0.8912541691652681
25769,LOF,0.030721747952491517,0.07695440779124783,0.8923238442562607
25770,LOF,0.1356371130064363,0.07258142516197665,0.791781461831587
25771,LOF,0.015594955597372387,0.06611783267200076,0.9182872117306269
25772,LOF,0.030018408696935416,0.02636848364346609,0.9436131076595986
25773,LOF,0.019837158902105256,0.064133222234282,0.9160296188636127
25774,LOF,0.024745712232849604,0.10089545068670598,0.8743588370804444
25775,LOF,0.018420932183463898,0.03815295250864102,0.943426115307895
25776,LOF,0.035819635474304105,0.021165988558056126,0.9430143759676398
25777,LOF,0.1324190212298918,0.07036853575187116,0.797212443018237
25778,LOF,0.024828620055931228,0.05096268160221461,0.9242086983418542
25779,GOF,0.05629089837705413,0.8862921019631801,0.05741699965976587
25780,GOF,0.07685861865627634,0.8776355341918747,0.04550584715184899
25781,GOF,0.038585333089115145,0.8648313597816453,0.09658330712923964
25782,GOF,0.04174322293403573,0.9016715571753638,0.056585219890600495
25783,GOF,0.04030299317948201,0.9173219092934561,0.04237509752706176
25784,GOF,0.09791076711588974,0.8608160792759264,0.041273153608183816
25785,GOF,0.1072267617746913,0.8615837166502945,0.031189521575014055
25786,GOF,0.012132195389050618,0.8850117843230764,0.102856020287873
25787,GOF,0.23406592149013636,0.7284289612909058,0.03750511721895783
25788,LOF,0.01757059674345283,0.1610568946048919,0.8213725086516553
25789,GOF,0.021465298471350393,0.8610318430183447,0.1175028585103049
25790,GOF,0.031201619154083232,0.8746508179435577,0.09414756290235894
25791,GOF,0.031930170736830396,0.7740130763825467,0.19405675288062293
25792,GOF,0.037914326733266786,0.8115124463624437,0.15057322690428954
25793,GOF,0.06277934481602061,0.8378007341975602,0.09941992098641912
25794,GOF,0.04656921721481548,0.7583655512357076,0.195065231549477
25795,GOF,0.06221387921047405,0.7270833018859678,0.2107028189035582
25796,GOF,0.11358442259779883,0.8032550918438941,0.08316048555830702
25797,GOF,0.09009894677885946,0.734076230503271,0.1758248227178697
25798,GOF,0.007406184999453618,0.7397791165238231,0.25281469847672333
25799,GOF,0.004487057872068238,0.6758170425096608,0.31969589961827094
25800,GOF,0.030247803693025616,0.8311461802973071,0.13860601600966707
25801,GOF,0.024166059324103165,0.9019859854964689,0.07384795517942795
25802,GOF,0.03334087613914117,0.7985434275249138,0.16811569633594506
25803,GOF,0.022276005228549646,0.6935297447206691,0.2841942500507813
25804,GOF,0.03366474783685432,0.7517915108298641,0.21454374133328166
25805,GOF,0.03144303015839309,0.7768220512624433,0.19173491857916355
25806,GOF,0.04035076250158867,0.7923149236694362,0.16733431382897515
25807,GOF,0.01291468839516549,0.7384922504447908,0.24859306116004362
25808,GOF,0.02692381591188472,0.7682222774807406,0.20485390660737465
25809,GOF,0.011287831096596923,0.6992892003303551,0.2894229685730479
25810,GOF,0.010096679462610707,0.6776820503431102,0.31222127019427914
25811,GOF,0.06042055241944784,0.8720842209389612,0.06749522664159106
25812,GOF,0.031181581004201174,0.780019013377288,0.1887994056185109
25813,GOF,0.14357738446877386,0.7788895165421224,0.07753309898910363
25814,GOF,0.03624428792716362,0.7874406901543692,0.1763150219184671
25815,GOF,0.06396651666098428,0.8421451840915205,0.09388829924749544
25816,GOF,0.010991342159147544,0.8584744702740051,0.13053418756684732
25817,GOF,0.1228192970229059,0.7761685057340135,0.10101219724308051
25818,GOF,0.029736571441634493,0.7567954641560632,0.21346796440230212
25819,GOF,0.04596920072910279,0.7280580893102706,0.22597270996062663
25820,GOF,0.0434886996699533,0.6783875562495187,0.27812374408052803
25821,GOF,0.03321053865499561,0.7232790150237725,0.24351044632123203
25822,GOF,0.052274458692414184,0.7004827949482542,0.24724274635933174
25823,GOF,0.02957465181589594,0.6975874514448436,0.2728378967392604
25824,GOF,0.03262563321205464,0.7599765440785449,0.20739782270940052
25825,GOF,0.026018103249405452,0.7430891557695045,0.23089274098109003
25826,GOF,0.01173244617226119,0.6879600042749429,0.3003075495527961
25827,GOF,0.016964862381765252,0.6865918366706035,0.2964433009476312
25828,GOF,0.013434441306831664,0.7160401658008777,0.27052539289229066
25829,GOF,0.004774252208012005,0.6556006664371774,0.3396250813548107
25830,GOF,0.03877166702375536,0.5073967165301436,0.45383161644610104
25831,GOF,0.06139687804324061,0.7935783170390426,0.14502480491771677
25832,GOF,0.010432140180737997,0.7327709860047582,0.25679687381450383
25833,GOF,0.0383234307471246,0.8035136352894499,0.15816293396342557
25834,GOF,0.010720193397553441,0.7489277134263552,0.2403520931760913
25835,GOF,0.026834769456227755,0.8128641058583532,0.16030112468541885
25836,GOF,0.0074899728305389095,0.7197108500835155,0.2727991770859457
25837,GOF,0.010294943916129307,0.7508351065284375,0.2388699495554332
25838,GOF,0.027750201614497406,0.8276142776604086,0.14463552072509386
25839,GOF,0.07086830462227268,0.8016489070975554,0.12748278828017184
25840,GOF,0.09233402051632202,0.7761941288071521,0.13147185067652595
25841,GOF,0.08981376336508881,0.8063738705307046,0.10381236610420655
25842,GOF,0.032113971942196964,0.8631879085468879,0.1046981195109152
25843,GOF,0.03185633600713487,0.8698351967381127,0.09830846725475233
25844,GOF,0.02188360041939685,0.8131324392506865,0.16498396032991666
25845,GOF,0.006754828290238897,0.7216094787904525,0.2716356929193087
25846,GOF,0.06777182103521506,0.822039284966318,0.11018889399846697
25847,GOF,0.02001951107752222,0.8652987590635538,0.11468172985892408
25848,GOF,0.029377157964837187,0.8277640842003233,0.1428587578348395
25849,GOF,0.00864404230308818,0.7966384205853854,0.19471753711152645
25850,GOF,0.008167628120864844,0.7062882410529445,0.2855441308261905
25851,GOF,0.0073950893772546395,0.6513006959317503,0.3413042146909949
25852,GOF,0.17471145128486226,0.5426780780255932,0.2826104706895444
25853,GOF,0.05589315525715649,0.8007724844608662,0.14333436028197732
25854,GOF,0.005949885424679342,0.6622090076626442,0.3318411069126764
25855,GOF,0.021175476854144084,0.6699597047910943,0.3088648183547616
25856,GOF,0.038743422928686516,0.7465547746990131,0.2147018023723005
25857,GOF,0.02105362206912145,0.6705350987890307,0.3084112791418479
25858,GOF,0.010115127749526923,0.6465873130468254,0.34329755920364763
25859,GOF,0.007517428956678074,0.6165731981683048,0.3759093728750171
25860,GOF,0.0725311779774461,0.7629189050433266,0.16454991697922736
25861,GOF,0.1054835484553588,0.7932645084910112,0.10125194305362996
25862,GOF,0.025978603652355606,0.8729263869434544,0.10109500940419015
25863,GOF,0.02283137701350206,0.861898871669683,0.11526975131681491
25864,GOF,0.06350418922493256,0.864216104020611,0.0722797067544565
25865,GOF,0.057655725545906034,0.8330632205116716,0.1092810539424224
25866,GOF,0.02594398133688243,0.8592726371374163,0.11478338152570118
25867,GOF,0.046036501071474126,0.8541452378937118,0.09981826103481423
25868,GOF,0.06410954641178947,0.8043947160622659,0.1314957375259447
25869,GOF,0.34658000001693134,0.5538276771533,0.09959232282976867
25870,GOF,0.06855043611575963,0.5293817034918692,0.4020678603923711
25871,GOF,0.009699372673484582,0.8267452519509173,0.16355537537559806
25872,GOF,0.02343871195923777,0.7908667770623262,0.18569451097843592
25873,GOF,0.022175001600560025,0.8518220851157373,0.12600291328370242
25874,LOF,0.018841551849533185,0.18466371756786568,0.7964947305826012
25875,LOF,0.02902413889175909,0.05516700430084326,0.9158088568073978
25876,LOF,0.020000921046919383,0.05598633167243602,0.9240127472806445
25877,LOF,0.10425056613802187,0.10719314760322601,0.7885562862587522
25878,LOF,0.08418759834537672,0.12535929011227573,0.7904531115423475
25879,LOF,0.012181738775892462,0.09479727424767823,0.8930209869764294
25880,LOF,0.0713975694789727,0.020527886645873003,0.9080745438751543
25881,Neutral,0.5388029270030525,0.11067606139210749,0.35052101160484
25882,LOF,0.06855137551604373,0.03480670733383337,0.8966419171501229
25883,LOF,0.02970179169005219,0.03720839718505754,0.9330898111248902
25884,LOF,0.018849225640657018,0.055392756693694915,0.925758017665648
25885,LOF,0.19125344452263388,0.018693096472000147,0.790053459005366
25886,LOF,0.2718450803398034,0.0728950303983937,0.6552598892618029
25887,LOF,0.084669379638982,0.14010160971579394,0.7752290106452241
25888,LOF,0.006925797670348184,0.1873452490070732,0.8057289533225785
25889,LOF,0.025759337966106584,0.04926785473388115,0.9249728073000122
25890,LOF,0.19505169832180905,0.06960081578267228,0.7353474858955187
25891,LOF,0.10939858291825692,0.029385195467945213,0.8612162216137978
25892,LOF,0.008570959101252567,0.03447710341573373,0.9569519374830138
25893,LOF,0.36183593119474045,0.010336793469250281,0.6278272753360092
25894,LOF,0.35118967564079395,0.007402144824069613,0.6414081795351364
25895,LOF,0.27742734943197633,0.015380444181513667,0.70719220638651
25896,LOF,0.07360562069392902,0.030813805647464162,0.8955805736586069
25897,LOF,0.11960811220566141,0.01217914139126388,0.8682127464030748
25898,LOF,0.11805737568479507,0.03256137502922049,0.8493812492859844
25899,LOF,0.394736061349168,0.031682086363512614,0.5735818522873193
25900,LOF,0.492789795795714,0.010869912754412778,0.496340291449873
25901,LOF,0.08699681517618899,0.011424895263173812,0.9015782895606372
25902,LOF,0.09389237250701446,0.015508741581659248,0.8905988859113263
25903,LOF,0.2187717547262569,0.028531464495722702,0.7526967807780203
25904,Neutral,0.49929280320094144,0.04106584516623944,0.45964135163281916
25905,LOF,0.007662417703381896,0.41296377580750604,0.5793738064891121
25906,LOF,0.00892865307225615,0.07459589347252493,0.916475453455219
25907,LOF,0.00970866608479222,0.2437535157660086,0.7465378181491992
25908,LOF,0.009480485593477092,0.24416181423853034,0.7463577001679925
25909,LOF,0.030740636306033152,0.1023890260976631,0.8668703375963036
25910,LOF,0.012699753078786334,0.14034778908241372,0.8469524578387999
25911,LOF,0.20691341075333727,0.026743719264463492,0.7663428699821992
25912,LOF,0.10459365860426591,0.020082764844009567,0.8753235765517244
25913,LOF,0.01767234471232127,0.031185934462484022,0.9511417208251947
25914,LOF,0.04957606597575534,0.020818393063405768,0.9296055409608389
25915,LOF,0.19113100005111913,0.08884363573776484,0.7200253642111162
25916,LOF,0.018059797243703827,0.044763177568540174,0.937177025187756
25917,LOF,0.08201225884109999,0.02201819208393763,0.8959695490749623
25918,LOF,0.04789075122529148,0.011591277544363988,0.9405179712303445
25919,LOF,0.03982710690012781,0.011624068354277492,0.9485488247455948
25920,Neutral,0.3773902587613846,0.2777173655744559,0.34489237566415953
25921,LOF,0.017141289353090967,0.019392671917642497,0.9634660387292664
25922,LOF,0.015581109909968674,0.02050031367884719,0.9639185764111842
25923,LOF,0.4647330522005874,0.01237290830465206,0.5228940394947604
25924,LOF,0.025540281798089023,0.02441694591628137,0.9500427722856296
25925,LOF,0.0995445328534559,0.023422430944346744,0.8770330362021973
25926,LOF,0.08647385567911205,0.015063075049574099,0.8984630692713138
25927,LOF,0.022602327571072438,0.04698893643296504,0.9304087359959626
25928,LOF,0.0127744936928769,0.02584558907265333,0.9613799172344698
25929,Neutral,0.5887599101152076,0.011896525810437758,0.3993435640743547
25930,LOF,0.09466831462784829,0.012661337641525834,0.8926703477306258
25931,LOF,0.015159587664335101,0.01698973891690988,0.967850673418755
25932,LOF,0.08598568816479722,0.014503961781450121,0.8995103500537527
25933,LOF,0.09403147186451428,0.009780640504328468,0.8961878876311572
25934,LOF,0.08708018518557953,0.007899015930648274,0.9050207988837722
25935,LOF,0.09328264288406023,0.02222356264655912,0.8844937944693806
25936,LOF,0.1106917096894836,0.009009387835718486,0.8802989024747979
25937,LOF,0.02313116018786942,0.0152359914372533,0.9616328483748773
25938,LOF,0.09618854507292116,0.020668173995192093,0.8831432809318867
25939,LOF,0.07602165688891598,0.011637100208324608,0.9123412429027595
25940,GOF,0.011075886288024315,0.5448707505237572,0.4440533631882186
25941,LOF,0.46272051920193535,0.04431016393338734,0.49296931686467715
25942,LOF,0.01046439674879723,0.04538437376789933,0.9441512294833033
25943,LOF,0.04951399392917804,0.20145895040223433,0.7490270556685876
25944,LOF,0.04630902632415312,0.08638379696017225,0.8673071767156746
25945,LOF,0.1745359616789776,0.023946622056146876,0.8015174162648756
25946,LOF,0.07483014457610952,0.03461478975248087,0.8905550656714095
25947,Neutral,0.49204892075305384,0.0952965534634834,0.41265452578346273
25948,LOF,0.39016601577059107,0.014451802839802201,0.5953821813896066
25949,LOF,0.1414413448095465,0.08034082009585629,0.7782178350945973
25950,GOF,0.13684053064834859,0.5474598094025511,0.3156996599491002
25951,LOF,0.011664292503897666,0.45483178540230196,0.5335039220938004
25952,LOF,0.19063883894678962,0.24392584177075252,0.5654353192824579
25953,LOF,0.008817317925579746,0.3524406151370391,0.6387420669373812
25954,GOF,0.09615802101617058,0.4835601624053554,0.4202818165784741
25955,LOF,0.011247704331639343,0.23877252046451783,0.749979775203843
25956,LOF,0.01093736424490236,0.34972860319526866,0.639334032559829
25957,LOF,0.15795983955289275,0.04104868851928962,0.8009914719278177
25958,LOF,0.0323359943974018,0.06928414880010518,0.8983798568024931
25959,GOF,0.006733001864949499,0.7832981560531136,0.20996884208193692
25960,LOF,0.004494044794681565,0.15192818899234511,0.8435777662129734
25961,LOF,0.028693912176872536,0.05593297615784433,0.9153731116652831
25962,LOF,0.03515369129937342,0.08062703054615568,0.8842192781544709
25963,LOF,0.00900914717094438,0.12943295043157585,0.8615579023974798
25964,LOF,0.04158073532926893,0.12010726588609875,0.8383119987846324
25965,LOF,0.19988843202333878,0.17583103275457743,0.6242805352220838
25966,LOF,0.34892837469578614,0.11948743967837619,0.5315841856258378
25967,LOF,0.006441633995645117,0.09667751356500047,0.8968808524393543
25968,LOF,0.04397859081559738,0.2750361288143518,0.6809852803700509
25969,LOF,0.1526584399474791,0.07049208924455913,0.7768494708079617
25970,LOF,0.06476041826320413,0.07482160794659427,0.8604179737902016
25971,LOF,0.06130667832137339,0.0336948191153878,0.9049985025632388
25972,LOF,0.080899366177914,0.061017953530494454,0.8580826802915915
25973,LOF,0.05663436426343718,0.013508367098438575,0.9298572686381242
25974,LOF,0.05742765468539232,0.042734261349734994,0.8998380839648726
25975,LOF,0.03739865549838547,0.018992806960888845,0.9436085375407257
25976,LOF,0.08903266120261893,0.013825330989500098,0.8971420078078809
25977,LOF,0.24297996870009372,0.05540285150774391,0.7016171797921623
25978,LOF,0.14323003463050588,0.16192893800687413,0.6948410273626199
25979,LOF,0.11497680714871539,0.17568382440576652,0.709339368445518
25980,LOF,0.1789877678268731,0.23561225548314335,0.5853999766899836
25981,LOF,0.18027490772740953,0.23815903468688196,0.5815660575857085
25982,LOF,0.33402801738995147,0.14834217920646814,0.5176298034035803
25983,LOF,0.40840961128077335,0.14993520206518932,0.44165518665403736
25984,LOF,0.06709881958070585,0.08412680647781938,0.8487743739414748
25985,Neutral,0.47927862961556417,0.12764059336938505,0.3930807770150509
25986,LOF,0.014727350555316612,0.4390933945538361,0.5461792548908473
25987,LOF,0.04123336894622402,0.10988619767102907,0.848880433382747
25988,LOF,0.06301476446458562,0.14492122905685645,0.7920640064785578
25989,LOF,0.07290011673549464,0.23022217206259019,0.6968777112019151
25990,LOF,0.053328032778043204,0.3724288987899605,0.5742430684319962
25991,GOF,0.02645899845335791,0.5912914956576081,0.382249505889034
25992,GOF,0.012582121763527604,0.5064593419788823,0.4809585362575901
25993,LOF,0.01815570034763353,0.08228621215383887,0.8995580874985276
25994,LOF,0.02567056208036422,0.08571282483357402,0.8886166130860618
25995,LOF,0.016332473970148732,0.15401070751264728,0.829656818517204
25996,GOF,0.32702914251537646,0.49847364726036186,0.17449721022426182
25997,GOF,0.0472011856731239,0.5413743423458467,0.4114244719810294
25998,LOF,0.24383828390803927,0.03840290242321753,0.7177588136687432
25999,LOF,0.039127522585767294,0.14289777906660886,0.8179746983476238
26000,LOF,0.1481402436585054,0.015665101566133093,0.8361946547753615
26001,LOF,0.16728768424305088,0.024249733853284265,0.8084625819036648
26002,LOF,0.10340609895802266,0.028680089270124633,0.8679138117718527
26003,GOF,0.006410745269598247,0.6977381737126954,0.2958510810177063
26004,GOF,0.013800089892259063,0.6325938747945498,0.35360603531319107
26005,GOF,0.004697481899560788,0.5394492390758503,0.45585327902458883
26006,GOF,0.09236553494291565,0.5496466728259526,0.3579877922311318
26007,GOF,0.009038703007476953,0.5496439754764079,0.4413173215161152
26008,GOF,0.005728554724523324,0.6144061203252461,0.37986532495023057
26009,GOF,0.010416701700810273,0.6513261735731081,0.3382571247260816
26010,GOF,0.008567985080213166,0.6225141619715036,0.3689178529482832
26011,LOF,0.0045358540457062875,0.4385177164407029,0.5569464295135909
26012,GOF,0.004897020763715556,0.5750155006786238,0.4200874785576606
26013,GOF,0.010843116496743691,0.6094871505458348,0.3796697329574214
26014,LOF,0.03925308188738755,0.09552945317236425,0.8652174649402482
26015,LOF,0.35319625885716344,0.019950309405306035,0.6268534317375306
26016,LOF,0.2512243484520568,0.033029436069219584,0.7157462154787235
26017,LOF,0.014878411084129708,0.14778325993448682,0.8373383289813835
26018,LOF,0.027360131542017777,0.06226239497711844,0.9103774734808638
26019,LOF,0.02723701658451064,0.05606376403439784,0.9166992193810914
26020,LOF,0.005995489687853759,0.15578937812587978,0.8382151321862664
26021,LOF,0.08024198735376543,0.07008721659024306,0.8496707960559916
26022,LOF,0.03749096038850752,0.029639250128634886,0.9328697894828576
26023,LOF,0.022618346762911246,0.040409929401582036,0.9369717238355068
26024,LOF,0.04492515133348569,0.05105202714372926,0.904022821522785
26025,LOF,0.1222108343513293,0.05486848975248307,0.8229206758961877
26026,LOF,0.11043866630346846,0.03912339646468967,0.8504379372318418
26027,LOF,0.02775459228919567,0.02650119365679645,0.945744214054008
26028,LOF,0.0676851502178479,0.16252176740502441,0.7697930823771276
26029,LOF,0.030045897962787824,0.1591612692949582,0.810792832742254
26030,LOF,0.12197696963662649,0.025666092658440665,0.8523569377049329
26031,LOF,0.013802054090721813,0.14314955133716178,0.8430483945721166
26032,LOF,0.035042691928298716,0.050232581774381876,0.9147247262973195
26033,LOF,0.03797910690950236,0.04638704955008563,0.915633843540412
26034,LOF,0.020230392017078942,0.10798818220822375,0.8717814257746973
26035,LOF,0.012198896571230572,0.11254484755304868,0.8752562558757208
26036,LOF,0.011350539123263474,0.09113889139045668,0.8975105694862798
26037,LOF,0.011005547763696026,0.09897243794100419,0.8900220142952997
26038,LOF,0.029860899921668037,0.04349243384673531,0.9266466662315967
26039,LOF,0.035087578650538395,0.13090476694441297,0.8340076544050486
26040,LOF,0.09115428244566973,0.10630690094426548,0.8025388166100648
26041,LOF,0.01317027712130451,0.09437749308117258,0.8924522297975228
26042,LOF,0.012268774544540386,0.09961518266998245,0.8881160427854771
26043,LOF,0.0300468680170312,0.06949843884735983,0.900454693135609
26044,LOF,0.006163179981371562,0.0525781827281614,0.9412586372904671
26045,LOF,0.09461986232694747,0.17116825809973873,0.7342118795733138
26046,LOF,0.027023459135809155,0.045296419868087655,0.9276801209961032
26047,LOF,0.058971608559895645,0.04615752119124296,0.8948708702488614
26048,LOF,0.08630515591010769,0.018243430817484696,0.8954514132724077
26049,Neutral,0.9412693864515952,0.00658503305552014,0.05214558049288458
26050,Neutral,0.9098331410044291,0.006952592157861686,0.08321426683770929
26051,LOF,0.02737266698607284,0.10192647960737958,0.8707008534065477
26052,LOF,0.027959287599700344,0.07957315337186578,0.8924675590284339
26053,LOF,0.018211403976940026,0.1584309136509593,0.8233576823721007
26054,LOF,0.047331332621970826,0.036036864711551944,0.9166318026664773
26055,LOF,0.06969239618935996,0.03375917511519718,0.8965484286954428
26056,LOF,0.056433043574574716,0.044167272799673515,0.8993996836257517
26057,LOF,0.0519242997835776,0.02061586385816773,0.9274598363582546
26058,LOF,0.056928330673422116,0.016690887479838497,0.9263807818467394
26059,LOF,0.22631014631273075,0.031059842645823295,0.7426300110414459
26060,LOF,0.013179816854558964,0.19332845278537658,0.7934917303600645
26061,LOF,0.009801551477978246,0.015136344059196363,0.9750621044628254
26062,LOF,0.0050851749095217015,0.021654382893919334,0.973260442196559
26063,LOF,0.046495826494273876,0.015283224313566044,0.93822094919216
26064,LOF,0.014573265055062635,0.02115608187014101,0.9642706530747964
26065,LOF,0.06337636817990198,0.019127083482907564,0.9174965483371904
26066,LOF,0.04610493122983054,0.014999359634509725,0.9388957091356598
26067,LOF,0.05525553147017365,0.013853502017666348,0.9308909665121601
26068,LOF,0.04983520632192822,0.035964198188013594,0.9142005954900583
26069,LOF,0.21020937488869448,0.027107157372931175,0.7626834677383745
26070,LOF,0.422345238713945,0.018356700610761275,0.5592980606752938
26071,LOF,0.04801729545940348,0.016929606921944097,0.9350530976186524
26072,LOF,0.006150943122361731,0.024253558158273115,0.9695954987193651
26073,LOF,0.0424712148960809,0.01848480299226307,0.9390439821116561
26074,Neutral,0.7881502109856677,0.014214898284883239,0.1976348907294491
26075,LOF,0.04411971433023211,0.02872958579457676,0.9271506998751912
26076,LOF,0.04429504121980017,0.015121522189344809,0.940583436590855
26077,LOF,0.15628358635678383,0.011384083219799633,0.8323323304234166
26078,LOF,0.005845030334718054,0.02608183448669844,0.9680731351785835
26079,LOF,0.055255801772564096,0.024149242831937232,0.9205949553954987
26080,LOF,0.05463618693998983,0.024288780283715238,0.9210750327762949
26081,LOF,0.04178074206585045,0.013009673827947498,0.9452095841062019
26082,LOF,0.005820685041303837,0.02141197334910937,0.9727673416095868
26083,LOF,0.1066539451839452,0.02536677205008641,0.8679792827659684
26084,LOF,0.12030371961876898,0.022792239198402467,0.8569040411828286
26085,LOF,0.11107024596031062,0.018569209591940094,0.8703605444477492
26086,LOF,0.04335415758552188,0.01856873201547505,0.9380771103990031
26087,LOF,0.03955558159838864,0.01652709888226648,0.943917319519345
26088,LOF,0.005980338749671498,0.0391830375047489,0.9548366237455795
26089,LOF,0.037712581339448145,0.03778067451754966,0.9245067441430023
26090,LOF,0.03776093121864326,0.029758637950154772,0.9324804308312019
26091,LOF,0.02978705732399964,0.011607186862623565,0.9586057558133769
26092,LOF,0.043448880366783384,0.013657101662696248,0.9428940179705203
26093,LOF,0.062318884558235234,0.008854710433335607,0.9288264050084291
26094,LOF,0.03617351408751628,0.010431665874752957,0.9533948200377308
26095,LOF,0.016226413196478228,0.02429149192951311,0.9594820948740087
26096,LOF,0.2417723405608906,0.006015062845760148,0.7522125965933493
26097,LOF,0.005861601351441306,0.05182412117125937,0.9423142774772993
26098,LOF,0.09192877379531082,0.023636317515268745,0.8844349086894204
26099,LOF,0.04459724486304962,0.028419769863862042,0.9269829852730884
26100,LOF,0.04456311561606091,0.028428469175826945,0.9270084152081122
26101,LOF,0.04802571607556697,0.04327696842304777,0.9086973155013853
26102,LOF,0.0362273353358193,0.023347238495336233,0.9404254261688445
26103,Neutral,0.8902256591948468,0.028497374004496756,0.08127696680065652
26104,LOF,0.05246169212263867,0.042039456246450446,0.9054988516309108
26105,LOF,0.21050167368784187,0.1255162572067483,0.6639820691054097
26106,LOF,0.25514757904843194,0.046476593632157934,0.6983758273194102
26107,LOF,0.013570247862290878,0.05745429998242837,0.9289754521552807
26108,LOF,0.13374835571210553,0.050700977317679294,0.8155506669702152
26109,LOF,0.051267374778240414,0.04469690333043885,0.9040357218913208
26110,LOF,0.422843539213682,0.015345075903200068,0.5618113848831179
26111,LOF,0.06006904887359556,0.11321260358841334,0.826718347537991
26112,LOF,0.06260579308072448,0.013030732564945049,0.9243634743543304
26113,LOF,0.10521384696017116,0.03391990588392878,0.8608662471559
26114,LOF,0.08826758773676138,0.007421130219341674,0.9043112820438969
26115,LOF,0.0158750604058113,0.05955856710535497,0.9245663724888337
26116,LOF,0.0786269936074547,0.022122590630277418,0.8992504157622679
26117,LOF,0.35288452263426134,0.035062063201051825,0.6120534141646868
26118,LOF,0.03418836433659622,0.01613506485328545,0.9496765708101182
26119,LOF,0.005825261441374073,0.07840919764592402,0.9157655409127019
26120,LOF,0.030224361872169696,0.015306705461675247,0.9544689326661551
26121,LOF,0.004170917827889612,0.11460425650229801,0.8812248256698124
