feature0,prediction,LoGoFunc_Neutral,LoGoFunc_GOF,LoGoFunc_LOF
25546,Neutral,0.6728976992539519,0.051891054230139545,0.27521124651590856
25547,Neutral,0.5693080572852153,0.10363147240907823,0.3270604703057065
25548,Neutral,0.5272345938684062,0.07439177314618456,0.39837363298540923
25549,Neutral,0.49194121079778885,0.07306634373584457,0.4349924454663666
25550,LOF,0.39804245280331485,0.15557069973133608,0.44638684746534896
25551,LOF,0.3303708699072702,0.15194149411880603,0.5176876359739238
25552,LOF,0.18911224061422666,0.1597002781641693,0.651187481221604
25553,Neutral,0.8253035300578307,0.03814715389798612,0.13654931604418308
25554,LOF,0.229414886035443,0.15448270141249032,0.6161024125520667
25555,LOF,0.1839384985644208,0.14286576630619785,0.6731957351293814
25556,Neutral,0.5297618140075371,0.10339141213913744,0.3668467738533255
25557,LOF,0.183556297114759,0.1459439998135938,0.6704997030716472
25558,LOF,0.2358071666034695,0.16327112043537656,0.6009217129611539
25559,Neutral,0.5800902352054904,0.06175456956462061,0.3581551952298889
25560,LOF,0.046072927728344246,0.2505788910312737,0.7033481812403821
25561,LOF,0.08406892709854215,0.2823513539419544,0.6335797189595036
25562,LOF,0.0976359264905372,0.1487964015363162,0.7535676719731464
25563,LOF,0.0988429760308683,0.15810993549624777,0.7430470884728839
25564,LOF,0.06443008681020254,0.23629920750282493,0.6992707056869725
25565,LOF,0.14166693993694787,0.16077467428993536,0.6975583857731168
25566,GOF,0.01441780162107067,0.7401975838475476,0.24538461453138158
25567,LOF,0.015202669331927172,0.1158992607339622,0.8688980699341106
25568,LOF,0.05089926834450765,0.06106056953911703,0.8880401621163754
25569,LOF,0.05995924705911316,0.059589633532710184,0.8804511194081767
25570,LOF,0.0704314163362771,0.09493278385340875,0.8346357998103142
25571,LOF,0.07086375184786131,0.08774955247548308,0.8413866956766557
25572,LOF,0.06540436669478923,0.12217120217048962,0.8124244311347212
25573,LOF,0.02943777757366671,0.07349770137999158,0.8970645210463417
25574,LOF,0.016572286631416393,0.13200379386586733,0.8514239195027163
25575,LOF,0.062334969518552795,0.08904168206193816,0.848623348419509
25576,LOF,0.019672658172740415,0.08864963693104554,0.8916777048962141
25577,LOF,0.013335292837806972,0.14242090454670053,0.8442438026154925
25578,LOF,0.2350261638946584,0.0704793714806276,0.6944944646247139
25579,LOF,0.23689192043084992,0.06986217551769837,0.6932459040514517
25580,LOF,0.043545962442711916,0.07754773149286508,0.878906306064423
25581,LOF,0.049606512866443575,0.06201575877997553,0.8883777283535809
25582,LOF,0.04945365057392189,0.059954050716007415,0.8905922987100707
25583,LOF,0.05032019620285967,0.09114170367467543,0.8585381001224649
25584,Neutral,0.4840648538635964,0.07592331241573153,0.4400118337206722
25585,LOF,0.03302037505773164,0.09183037849537608,0.8751492464468924
25586,LOF,0.038777917732821056,0.06903358457643523,0.8921884976907438
25587,LOF,0.034086676855616976,0.060361560299633785,0.9055517628447491
25588,LOF,0.034000127256148,0.07612989707860718,0.8898699756652448
25589,Neutral,0.6138346243760018,0.08876973108011713,0.2973956445438811
25590,LOF,0.026658785872428654,0.1093529420370839,0.8639882720904875
25591,LOF,0.10577734721719712,0.04868016745650086,0.845542485326302
25592,LOF,0.10377535133521995,0.11459104806313784,0.7816336006016421
25593,LOF,0.016211957308902743,0.19604873496369551,0.7877393077274016
25594,LOF,0.04029641442178698,0.13062953029776947,0.8290740552804436
25595,LOF,0.07531100706665965,0.09378515605269651,0.8309038368806438
25596,LOF,0.08176691226301395,0.08855643916602071,0.8296766485709652
25597,LOF,0.0794167255443081,0.04244981844721157,0.8781334560084804
25598,LOF,0.05255089661692569,0.12916302616836045,0.8182860772147139
25599,GOF,0.006262299071733538,0.6449441884945962,0.3487935124336703
25600,GOF,0.007122811567354295,0.575339077409907,0.4175381110227388
25601,LOF,0.006737823144699463,0.4375003595650433,0.5557618172902572
25602,LOF,0.014212369177346244,0.079761392675989,0.9060262381466646
25603,LOF,0.03994645206989827,0.03574840371975017,0.9243051442103515
25604,LOF,0.03712146842612143,0.07698719920958234,0.8858913323642963
25605,LOF,0.011213118007366839,0.21705914588459085,0.7717277361080422
25606,GOF,0.058760751225404154,0.5167843787674105,0.4244548700071854
25607,LOF,0.0036164927973269135,0.16371404953649793,0.8326694576661752
25608,LOF,0.04523203875647388,0.049771735867358655,0.9049962253761675
25609,LOF,0.049633661056027595,0.28073748920979286,0.6696288497341796
25610,LOF,0.04749823462522638,0.03372057981899971,0.918781185555774
25611,LOF,0.055850123300517564,0.02451654238728323,0.9196333343121992
25612,LOF,0.11991622408940504,0.06417792527539418,0.8159058506352007
25613,LOF,0.10314616824349307,0.057335798436016126,0.8395180333204909
25614,LOF,0.037017936620427086,0.03957958979415686,0.923402473585416
25615,LOF,0.08263652321541282,0.05227982255816364,0.8650836542264235
25616,LOF,0.03971878658837638,0.05642576517845065,0.9038554482331729
25617,LOF,0.04827213937047294,0.05228416182394759,0.8994436988055795
25618,LOF,0.26025434825437527,0.04273052352432921,0.6970151282212956
25619,LOF,0.04376343708223257,0.044360572312452065,0.9118759906053154
25620,LOF,0.03873881028096353,0.05499478448994277,0.9062664052290937
25621,LOF,0.04335295752315315,0.04181099830308428,0.9148360441737626
25622,LOF,0.034686805593261934,0.06193026556199416,0.9033829288447439
25623,LOF,0.055922132882078195,0.03937623505394137,0.9047016320639805
25624,LOF,0.03136244762571724,0.04844102803998797,0.9201965243342948
25625,LOF,0.04373531316422055,0.06134768704496761,0.8949169997908119
25626,LOF,0.0771520774920471,0.05061128997930764,0.8722366325286454
25627,Neutral,0.5762911192484916,0.11123884605074837,0.3124700347007601
25628,LOF,0.20919841942491507,0.051269235817991976,0.7395323447570931
25629,LOF,0.0794822121039925,0.12745114193510518,0.7930666459609024
25630,LOF,0.1902278299230909,0.0811215346128205,0.7286506354640886
25631,Neutral,0.5907385505344166,0.05686405159192986,0.3523973978736534
25632,LOF,0.020494659638946134,0.08867413892146098,0.8908312014395928
25633,LOF,0.23578094785793424,0.08609850389170592,0.6781205482503598
25634,LOF,0.03866459787480455,0.08432743907116474,0.8770079630540306
25635,LOF,0.036439567405466486,0.07316339455789359,0.8903970380366399
25636,GOF,0.005423852297667206,0.6575568953555279,0.3370192523468049
25637,GOF,0.0039286717875764085,0.5621679059477009,0.4339034222647226
25638,GOF,0.006830812666450182,0.5209758667490476,0.47219332058450214
25639,LOF,0.004254360421020519,0.4955779375727807,0.5001677020061988
25640,GOF,0.4197240840255544,0.5219180407475421,0.058357875226903506
25641,LOF,0.005848588527791802,0.35260332335842615,0.6415480881137822
25642,LOF,0.26503549787393876,0.13206670777243562,0.6028977943536256
25643,LOF,0.28124736701140557,0.2840133782779937,0.43473925471060065
25644,GOF,0.015406468324332727,0.7566896718165342,0.22790385985913306
25645,GOF,0.010267646096214769,0.6793610077142368,0.3103713461895484
25646,LOF,0.010825689104151886,0.48541480705945456,0.5037595038363936
25647,LOF,0.009326321571835727,0.3818429178649874,0.6088307605631768
25648,LOF,0.007190345499929975,0.4851470244210589,0.5076626300790111
25649,LOF,0.007876572751537645,0.29754723372686304,0.6945761935215993
25650,GOF,0.02162180198395399,0.6574368435795679,0.3209413544364783
25651,LOF,0.005976236156925929,0.35598470363725654,0.6380390602058175
25652,LOF,0.011106243313464083,0.47270794214365014,0.5161858145428857
25653,GOF,0.04197249945745079,0.6473874603277026,0.3106400402148467
25654,LOF,0.007572481747728186,0.4384934163154475,0.5539341019368242
25655,GOF,0.0540922155106378,0.6309273393682,0.31498044512116224
25656,LOF,0.09324516594987368,0.08452861746202954,0.8222262165880967
25657,LOF,0.28465768169643585,0.03231661339275468,0.6830257049108095
25658,LOF,0.038318663917342545,0.15781141407388707,0.8038699220087704
25659,LOF,0.22937492286777975,0.08185484879671079,0.6887702283355095
25660,LOF,0.09204823303004132,0.08636455811825587,0.8215872088517028
25661,LOF,0.07106198004741228,0.0694294148988322,0.8595086050537555
25662,LOF,0.03993446862017037,0.06191024342470448,0.8981552879551251
25663,LOF,0.04904691682703497,0.0928412861219047,0.8581117970510602
25664,LOF,0.03339186549126571,0.13499707340404707,0.8316110611046872
25665,LOF,0.04282909000306013,0.05931917279605079,0.8978517372008891
25666,LOF,0.04035310800163918,0.15430177890553534,0.8053451130928254
25667,LOF,0.04106593253442869,0.04713130524303553,0.9118027622225358
25668,LOF,0.05337496838162555,0.0584983799158993,0.8881266517024751
25669,LOF,0.05520814817423623,0.07817394333130578,0.866617908494458
25670,LOF,0.07534749314902862,0.08812219366066339,0.836530313190308
25671,LOF,0.05086064561982983,0.046541883961834486,0.9025974704183357
25672,LOF,0.05025277939983087,0.06551376852540948,0.8842334520747596
25673,LOF,0.04033251216135902,0.065716890586121,0.89395059725252
25674,LOF,0.028498157224358073,0.08009635675806127,0.8914054860175806
25675,LOF,0.03682166945458967,0.06132094467965284,0.9018573858657576
25676,LOF,0.037881884147303695,0.06587370475915637,0.8962444110935399
25677,LOF,0.090779990835046,0.059362975189156876,0.8498570339757971
25678,LOF,0.1978845974147982,0.04533106147450654,0.7567843411106951
25679,LOF,0.12882484858776977,0.05590472340169259,0.8152704280105375
25680,LOF,0.09232473924100203,0.09295130776235327,0.8147239529966447
25681,LOF,0.10727826191109716,0.0872085660015018,0.805513172087401
25682,LOF,0.0525929117462501,0.05758544015428299,0.8898216480994668
25683,LOF,0.0869259473462625,0.07292416898114448,0.840149883672593
25684,LOF,0.07224124177467273,0.05931733753490071,0.8684414206904266
25685,LOF,0.12500490984131776,0.04417703580155729,0.8308180543571249
25686,LOF,0.02464907499502473,0.09659384980288353,0.8787570752020918
25687,LOF,0.055796808511013325,0.09985096696408477,0.8443522245249019
25688,LOF,0.020586349175678496,0.06659484822787833,0.9128188025964431
25689,LOF,0.016831809672357218,0.037304368902131055,0.9458638214255116
25690,LOF,0.01969836105933339,0.0399465573775741,0.9403550815630926
25691,LOF,0.1126664509992343,0.06373292404041118,0.8236006249603545
25692,LOF,0.27121175294678457,0.012983084443726802,0.7158051626094887
25693,LOF,0.03261963147909876,0.29631132103190844,0.6710690474889929
25694,LOF,0.2404342384329356,0.012310287346201333,0.747255474220863
25695,LOF,0.1873960011903348,0.023962621993403287,0.7886413768162619
25696,LOF,0.09661437287548132,0.023131941949787432,0.8802536851747313
25697,LOF,0.07308961810302143,0.05118565006048759,0.8757247318364909
25698,LOF,0.014049667896903121,0.4188636439729115,0.5670866881301855
25699,LOF,0.08216461210285002,0.1090423542386353,0.8087930336585146
25700,LOF,0.03395942360025358,0.024518174385231132,0.9415224020145153
25701,LOF,0.01259322943754144,0.1180394688088529,0.8693673017536057
25702,GOF,0.02534582640367675,0.7531721724685834,0.2214820011277398
25703,LOF,0.01374541840940415,0.2689165646582681,0.7173380169323278
25704,LOF,0.06523780224804204,0.17794158284869988,0.7568206149032581
25705,LOF,0.06412083036161871,0.16578189804842472,0.7700972715899567
25706,GOF,0.017621784621151465,0.63172579704321,0.35065241833563865
25707,GOF,0.03141220795216623,0.5028661767923447,0.465721615255489
25708,LOF,0.008045173074796562,0.4670302596549811,0.5249245672702223
25709,LOF,0.03268297884236275,0.06394721242685723,0.90336980873078
25710,LOF,0.006206631174473439,0.12179107241892204,0.8720022964066045
25711,LOF,0.03344469841235873,0.12102899369424472,0.8455263078933967
25712,LOF,0.007956263731420762,0.17931993768766652,0.8127237985809127
25713,LOF,0.032522995038692576,0.09896155053052574,0.8685154544307816
25714,LOF,0.029417150023202582,0.1214740997850573,0.8491087501917401
25715,LOF,0.03826274825465395,0.10958675589529078,0.8521504958500553
25716,LOF,0.007050304757016626,0.11946782519643367,0.8734818700465498
25717,LOF,0.006414727155465653,0.09419941179463011,0.8993858610499041
25718,LOF,0.03697274633722954,0.062198217016482475,0.900829036646288
25719,LOF,0.04836841391661182,0.10130379193239077,0.8503277941509975
25720,LOF,0.04354947649404102,0.10044168436153067,0.8560088391444284
25721,LOF,0.031505470309076175,0.10688235464543695,0.8616121750454869
25722,LOF,0.020215187577279654,0.13509696944776692,0.8446878429749534
25723,LOF,0.038526084286576626,0.09708101426028422,0.8643929014531393
25724,LOF,0.05268880641133455,0.2112128834099071,0.7360983101787584
25725,LOF,0.03867081735686802,0.0850794513588932,0.8762497312842388
25726,LOF,0.024168713430782127,0.11958087009670167,0.8562504164725162
25727,LOF,0.03383956600997513,0.09751321492893715,0.8686472190610878
25728,LOF,0.03283698996468896,0.10583252108909384,0.8613304889462172
25729,LOF,0.03146219509312,0.11688310500650348,0.8516546999003766
25730,LOF,0.03731535106666012,0.07309106373625933,0.8895935851970805
25731,LOF,0.01043293573651015,0.09060696268179928,0.8989601015816906
25732,LOF,0.02468314207836192,0.06751673158173938,0.9078001263398988
25733,LOF,0.04390786731172102,0.06552538774783175,0.8905667449404473
25734,LOF,0.006922560324799533,0.2149041470780384,0.7781732925971621
25735,LOF,0.030452388349069454,0.07176627483979876,0.8977813368111318
25736,LOF,0.028607535739058023,0.1312839016296315,0.8401085626313104
25737,LOF,0.0367957489262229,0.10135548100862732,0.8618487700651498
25738,LOF,0.033452852054916084,0.13476151020226715,0.8317856377428168
25739,LOF,0.03303252130604962,0.09519481398126016,0.8717726647126902
25740,LOF,0.04104405046474328,0.11391196297623093,0.8450439865590257
25741,LOF,0.04430146362395537,0.10155623741254076,0.8541422989635038
25742,LOF,0.06087717069951919,0.10306482966082049,0.8360579996396603
25743,LOF,0.011841280770288516,0.021325770496038045,0.9668329487336734
25744,LOF,0.1733545043499856,0.13234137170184557,0.6943041239481689
25745,LOF,0.033655755967173816,0.04857999200869596,0.9177642520241303
25746,LOF,0.01343495260339801,0.07377543364774622,0.9127896137488558
25747,LOF,0.04849009166857476,0.023972055026341046,0.9275378533050842
25748,LOF,0.30399665113554697,0.04305344387781973,0.6529499049866333
25749,LOF,0.015705205151373768,0.04499710362438327,0.939297691224243
25750,LOF,0.02052575658433147,0.04963772180541739,0.929836521610251
25751,LOF,0.0434900483095869,0.041475465630800026,0.915034486059613
25752,GOF,0.07317792603795543,0.7061914972760955,0.220630576685949
25753,LOF,0.007148838993460797,0.4591270826228324,0.5337240783837068
25754,GOF,0.007574893997112189,0.9033904554333518,0.08903465056953604
25755,LOF,0.006770341563760489,0.43997190167833977,0.5532577567578998
25756,LOF,0.023473765964423552,0.481313914780638,0.4952123192549384
25757,GOF,0.008186665974107585,0.886233467931007,0.1055798660948855
25758,GOF,0.008742594948346956,0.9064992042297022,0.0847582008219509
25759,GOF,0.0056158568310714935,0.69107793168452,0.30330621148440856
25760,LOF,0.005360002850858707,0.3491887848727801,0.6454512122763612
25761,GOF,0.04767410055894046,0.8779536529079953,0.07437224653306414
25762,LOF,0.02642219447176631,0.4108428799191458,0.5627349256090879
25763,LOF,0.005937713927447408,0.32120843202284777,0.6728538540497048
25764,GOF,0.06151027416678397,0.7097246416987872,0.22876508413442886
25765,GOF,0.00839498538187609,0.8971195130066871,0.09448550161143672
25766,GOF,0.02883525346366886,0.8520879761456235,0.11907677039070759
25767,GOF,0.018403194321474473,0.5367118859536092,0.44488491972491634
25768,LOF,0.055143455361115895,0.04929045846412034,0.8955660861747639
25769,LOF,0.026143784327606567,0.07810103112107268,0.8957551845513206
25770,LOF,0.14299110122854292,0.12732676768714216,0.729682131084315
25771,LOF,0.019940963985965666,0.10528532539757923,0.8747737106164551
25772,LOF,0.03195729579218446,0.042590904153864885,0.9254518000539507
25773,LOF,0.015207496338623498,0.09917002501077168,0.8856224786506047
25774,LOF,0.026777314261720343,0.20066232366207096,0.7725603620762087
25775,LOF,0.02008474000670343,0.05110069329096745,0.9288145667023292
25776,LOF,0.0313777824372744,0.0263309519372006,0.942291265625525
25777,LOF,0.30950812760611285,0.11422813925360069,0.5762637331402864
25778,LOF,0.025689252654054227,0.0836542293678076,0.8906565179781382
25779,GOF,0.0630272902336246,0.8582829416219228,0.07868976814445261
25780,GOF,0.0736061351645445,0.8551669319347397,0.07122693290071556
25781,GOF,0.03185441918596566,0.8319445477382116,0.13620103307582276
25782,GOF,0.04220489350932521,0.8816022825779958,0.07619282391267898
25783,GOF,0.035863728109193284,0.901658473366528,0.06247779852427872
25784,GOF,0.1321981497951435,0.811914527722536,0.05588732248232062
25785,GOF,0.12341851897131019,0.8359402854235342,0.0406411956051556
25786,GOF,0.011100788534988462,0.8544369154892768,0.13446229597573472
25787,GOF,0.2797136797127697,0.6657423174460851,0.05454400284114515
25788,LOF,0.018534705201456947,0.19595065843158618,0.7855146363669568
25789,GOF,0.021556110495239936,0.8413220715376786,0.1371218179670816
25790,GOF,0.03221568918906285,0.8787960786038004,0.08898823220713682
25791,GOF,0.028260789074858125,0.7354379577319622,0.23630125319317952
25792,GOF,0.03516971287345074,0.7837972641517851,0.18103302297476415
25793,GOF,0.04643102778589709,0.7921013860287965,0.16146758618530635
25794,GOF,0.05159162330664837,0.7151755138538333,0.23323286283951847
25795,GOF,0.0529735408669311,0.7285550164393307,0.21847144269373822
25796,GOF,0.1423222280935576,0.7640130110854922,0.09366476082095013
25797,GOF,0.07401187803326928,0.6951356217637534,0.23085250020297732
25798,GOF,0.0074525793997598224,0.7738911694164807,0.2186562511837595
25799,GOF,0.00492712040311294,0.684604731499207,0.31046814809768014
25800,GOF,0.02709296301197436,0.8306576727494746,0.14224936423855117
25801,GOF,0.02745396925972022,0.8837954030345898,0.08875062770569016
25802,GOF,0.029969177660740122,0.7697379434442819,0.200292878894978
25803,GOF,0.02239415829895632,0.7109589136232742,0.26664692807776946
25804,GOF,0.03514775261999852,0.7672730842763377,0.19757916310366375
25805,GOF,0.03192685064075946,0.8009754013413348,0.16709774801790575
25806,GOF,0.041001235689411636,0.8075476714255954,0.15145109288499306
25807,GOF,0.01570841945626605,0.7722722846390481,0.2120192959046859
25808,GOF,0.026462444373114475,0.7829823268459444,0.190555228780941
25809,GOF,0.014862687817801576,0.7273154407169456,0.2578218714652527
25810,GOF,0.01257992516763614,0.7086269432014458,0.27879313163091796
25811,GOF,0.07846983093673841,0.8473078658237615,0.07422230323949992
25812,GOF,0.03364439100120029,0.7492670661978466,0.21708854280095324
25813,GOF,0.20061368093912535,0.7092063335569391,0.09017998550393556
25814,GOF,0.032047743365157706,0.7588072105890618,0.20914504604578057
25815,GOF,0.06879432898221902,0.786297521325427,0.144908149692354
25816,GOF,0.01041855278861907,0.8460887735669184,0.14349267364446247
25817,GOF,0.12051489299003698,0.7453417842561152,0.13414332275384783
25818,GOF,0.030338246659068018,0.797617780540871,0.1720439728000611
25819,GOF,0.05835353050830818,0.7550522678779931,0.1865942016136988
25820,GOF,0.05935558311728478,0.7373462482559945,0.20329816862672082
25821,GOF,0.04272648152153238,0.7772892018927408,0.17998431658572683
25822,GOF,0.06621942041609571,0.7531880851047689,0.18059249447913528
25823,GOF,0.030517238635436764,0.7157148941580146,0.2537678672065487
25824,GOF,0.030454602601391306,0.7843058381826274,0.18523955921598134
25825,GOF,0.02431029013459837,0.781408090424607,0.1942816194407946
25826,GOF,0.011755401231935372,0.7302660216206002,0.25797857714746436
25827,GOF,0.019154560771886722,0.7224909388982853,0.2583545003298279
25828,GOF,0.011546415861685167,0.7617241165363442,0.2267294676019707
25829,GOF,0.0047804215515568245,0.6619050205425638,0.3333145579058793
25830,GOF,0.05041958311621399,0.5486975274372428,0.4008828894465432
25831,GOF,0.073546840072835,0.8047943151268857,0.12165884480027918
25832,GOF,0.011154224885596621,0.7233402428767396,0.2655055322376638
25833,GOF,0.03970609708186576,0.7872024781515989,0.1730914247665353
25834,GOF,0.011633816783887873,0.7430144742606889,0.24535170895542316
25835,GOF,0.029204936949634847,0.8061074562601636,0.16468760679020164
25836,GOF,0.008156601203962034,0.7334177851623888,0.25842561363364913
25837,GOF,0.009851608974912917,0.7587384939165375,0.23140989710854967
25838,GOF,0.02189558091748272,0.816377671776962,0.16172674730555534
25839,GOF,0.05183918123543021,0.7814696190115502,0.16669119975301958
25840,GOF,0.08591850152013158,0.7597336189098833,0.15434787956998516
25841,GOF,0.08285204244521645,0.795843440179282,0.12130451737550144
25842,GOF,0.02873170218280665,0.8656511829096195,0.10561711490757386
25843,GOF,0.02702439629342475,0.868778699566541,0.10419690414003421
25844,GOF,0.02207697828191505,0.79884377383437,0.179079247883715
25845,GOF,0.007204259855275778,0.6989281074147211,0.29386763273000316
25846,GOF,0.0753066729906072,0.8213787209147861,0.10331460609460673
25847,GOF,0.016568628582308665,0.8583110412503108,0.12512033016738047
25848,GOF,0.025618636550649526,0.8042696547378547,0.17011170871149578
25849,GOF,0.007815738652258177,0.7709549607277503,0.2212293006199916
25850,GOF,0.007475109604119382,0.696820868411388,0.2957040219844927
25851,GOF,0.0066509940816297875,0.6333415172785579,0.36000748863981225
25852,GOF,0.14545590229922017,0.5663073449690976,0.2882367527316822
25853,GOF,0.054380498725236814,0.7784363839146192,0.1671831173601439
25854,GOF,0.006862317844617582,0.7168225718869582,0.2763151102684242
25855,GOF,0.023929482343042804,0.6202970289480383,0.35577348870891895
25856,GOF,0.04752317221570737,0.7102897874894829,0.24218704029480986
25857,GOF,0.023857839560514307,0.6111145696549213,0.36502759078456437
25858,GOF,0.01005766768033844,0.5985033018281138,0.3914390304915477
25859,GOF,0.007288583175695509,0.5769504072200958,0.4157610096042086
25860,GOF,0.08511356863850045,0.727664289826241,0.18722214153525857
25861,GOF,0.11506176727322066,0.795651109752006,0.08928712297477323
25862,GOF,0.024267626307477443,0.8855026316656572,0.0902297420268653
25863,GOF,0.02053148322859336,0.8619963615153062,0.11747215525610043
25864,GOF,0.041152016872814494,0.8729277789046688,0.08592020422251681
25865,GOF,0.040855156888168105,0.8567839628032462,0.10236088030858566
25866,GOF,0.01985426452327748,0.8490051817061866,0.13114055377053593
25867,GOF,0.046934805388478766,0.8471475401471094,0.10591765446441173
25868,GOF,0.06772133231829702,0.7621677551184556,0.17011091256324734
25869,GOF,0.3085895106265098,0.5777903266278323,0.11362016274565792
25870,GOF,0.07526032847955783,0.5686431619485821,0.35609650957186
25871,GOF,0.009636741831152268,0.7898182739358147,0.20054498423303288
25872,GOF,0.022460565583645137,0.7718465908971384,0.20569284351921643
25873,GOF,0.020993675061951482,0.8558637970453945,0.12314252789265409
25874,LOF,0.023227780872191614,0.20224066750538688,0.7745315516224215
25875,LOF,0.019847871790151916,0.13745431708516684,0.8426978111246811
25876,LOF,0.022479686353436158,0.06236904854862537,0.9151512650979385
25877,LOF,0.08549395885080091,0.23166595540370172,0.6828400857454973
25878,LOF,0.050722906035852895,0.3165639892212067,0.6327131047429404
25879,LOF,0.009384040946192227,0.18989664465384104,0.8007193143999668
25880,LOF,0.04303346992305075,0.02327267866202819,0.933693851414921
25881,Neutral,0.5375897223649823,0.11728117580073658,0.34512910183428114
25882,LOF,0.05122728101321824,0.030725332603052928,0.9180473863837287
25883,LOF,0.03013421415885717,0.02991084612509312,0.9399549397160497
25884,LOF,0.018150193421573268,0.0403376441639843,0.9415121624144424
25885,LOF,0.15918434011322022,0.013989744114236678,0.8268259157725432
25886,LOF,0.26764791310651276,0.053834707357415995,0.6785173795360713
25887,LOF,0.07970559217811429,0.1710472842834347,0.7492471235384511
25888,LOF,0.007935141278123455,0.20362622980856332,0.7884386289133132
25889,LOF,0.025617061770376332,0.03326279030747401,0.9411201479221497
25890,LOF,0.19053401284412758,0.07689355026736704,0.7325724368885054
25891,LOF,0.1148397978574269,0.045313689019956555,0.8398465131226165
25892,LOF,0.008902666401954232,0.0344798161226843,0.9566175174753614
25893,LOF,0.2893228019814028,0.011629346906717172,0.6990478511118801
25894,LOF,0.3278000110880802,0.008175342474759708,0.66402464643716
25895,LOF,0.26700188147322973,0.019109236379278874,0.7138888821474914
25896,LOF,0.08331064235630736,0.03179163898132013,0.8848977186623724
25897,LOF,0.11824329492112835,0.015076744843770074,0.8666799602351015
25898,LOF,0.12010964943549841,0.03457265933003883,0.8453176912344628
25899,LOF,0.38780042004324533,0.039963283935004396,0.5722362960217503
25900,Neutral,0.6679040614581769,0.01329898238603842,0.31879695615578474
25901,LOF,0.057447477729688425,0.014696877268707473,0.9278556450016041
25902,LOF,0.07166489821448101,0.011590552282121592,0.9167445495033973
25903,LOF,0.16052773219733354,0.029135634068010664,0.8103366337346558
25904,LOF,0.4553068936006261,0.0667118568643452,0.4779812495350286
25905,LOF,0.007873082581435452,0.3600106996382128,0.6321162177803517
25906,LOF,0.008766338845742135,0.06374115411499985,0.9274925070392581
25907,LOF,0.00893333119396567,0.24396061757979998,0.7471060512262344
25908,LOF,0.008385151065689076,0.22881210367841884,0.7628027452558921
25909,LOF,0.033611811599994525,0.10589711467992133,0.8604910737200843
25910,LOF,0.016223945070620773,0.09820893521408865,0.8855671197152906
25911,LOF,0.1878069817017444,0.02222415501201136,0.7899688632862443
25912,LOF,0.13602485837181907,0.02204127687780096,0.84193386475038
25913,LOF,0.019571246287380925,0.025902679483893458,0.9545260742287256
25914,LOF,0.04350823741896419,0.02211741108457198,0.9343743514964638
25915,LOF,0.21191609409491277,0.223661000583895,0.5644229053211923
25916,LOF,0.015156848445364213,0.10773262509875062,0.8771105264558852
25917,LOF,0.07140864317681682,0.02988997759575927,0.8987013792274238
25918,LOF,0.04737544452398941,0.014926087661923822,0.9376984678140867
25919,LOF,0.03969745276426295,0.015677849335567137,0.9446246979001699
25920,LOF,0.37649249217112285,0.17896156028053148,0.44454594754834564
25921,LOF,0.019413478318690634,0.01987119209815642,0.960715329583153
25922,LOF,0.01996006360051653,0.020791787231166668,0.9592481491683168
25923,LOF,0.45084299693165564,0.012945944364964863,0.5362110587033795
25924,LOF,0.02711158079946801,0.01993211095443851,0.9529563082460935
25925,LOF,0.1122230572471442,0.028118023191092134,0.8596589195617635
25926,LOF,0.09201703073963845,0.020653795186594753,0.8873291740737669
25927,LOF,0.028429781119112617,0.02785397532581844,0.943716243555069
25928,LOF,0.014307221922785069,0.01356652412612511,0.9721262539510899
25929,Neutral,0.5924386910912464,0.012732869238894969,0.39482843966985864
25930,LOF,0.06581455804513231,0.012025576176291795,0.9221598657785759
25931,LOF,0.015111681216844794,0.011860297476282339,0.9730280213068728
25932,LOF,0.07936918266674595,0.01101666083902538,0.9096141564942286
25933,LOF,0.08884175677927136,0.007853686442462702,0.9033045567782658
25934,LOF,0.08858231847230033,0.008522464478663751,0.9028952170490359
25935,LOF,0.10732663482013159,0.023638005453636004,0.8690353597262324
25936,LOF,0.10113982587455407,0.008733533120606296,0.8901266410048397
25937,LOF,0.016535532753491348,0.017864014187690024,0.9656004530588185
25938,LOF,0.10767325576647137,0.02157848247073077,0.8707482617627978
25939,LOF,0.0666498773333256,0.013542160896349333,0.9198079617703251
25940,LOF,0.010342609976620518,0.4744086037330773,0.5152487862903021
25941,Neutral,0.49220274824501714,0.03682132351749189,0.47097592823749096
25942,LOF,0.012208351048968417,0.04940767743060146,0.9383839715204302
25943,LOF,0.05199403196933883,0.15972652165547618,0.788279446375185
25944,LOF,0.03959507539773632,0.11323951008617898,0.8471654145160847
25945,LOF,0.20330095613978896,0.026466385337085382,0.7702326585231256
25946,LOF,0.08301532124619343,0.048476541168740964,0.8685081375850656
25947,Neutral,0.5161809167680932,0.09328524030232647,0.39053384292958027
25948,Neutral,0.5176015377092144,0.018262579482441126,0.4641358828083445
25949,LOF,0.11637963717180566,0.03910119710509987,0.8445191657230945
25950,GOF,0.09345412442849586,0.6479065674178427,0.2586393081536614
25951,GOF,0.01505322688225477,0.5027190362488342,0.482227736868911
25952,LOF,0.14105325256165174,0.2935212466802565,0.5654255007580918
25953,LOF,0.007175216232751532,0.3084997382986748,0.6843250454685736
25954,LOF,0.061092089033884016,0.4592777320399303,0.47963017892618587
25955,LOF,0.008329864766221636,0.34320931401506694,0.6484608212187115
25956,LOF,0.009441829297352865,0.3564738677027948,0.6340843029998523
25957,LOF,0.16953654106098529,0.04683039367730573,0.783633065261709
25958,LOF,0.02517557951841513,0.06424332526935592,0.9105810952122291
25959,GOF,0.006310950690634584,0.7267324222019522,0.2669566271074132
25960,LOF,0.0051143631428656805,0.11272255300051486,0.8821630838566195
25961,LOF,0.025991383888096232,0.05837383737215854,0.9156347787397452
25962,LOF,0.0376672160642963,0.11353575025213658,0.8487970336835672
25963,LOF,0.009706605122793574,0.17292555521732264,0.8173678396598837
25964,LOF,0.046275929188317126,0.08907437519029794,0.8646496956213849
25965,LOF,0.18603475020512827,0.14398003190822733,0.6699852178866444
25966,LOF,0.3389760789568535,0.12306296674382858,0.5379609542993179
25967,LOF,0.006619990702656979,0.10675358735312045,0.8866264219442226
25968,LOF,0.05434778721267583,0.28897425179649033,0.6566779609908339
25969,LOF,0.13745675896901116,0.08784861243580162,0.7746946285951871
25970,LOF,0.054403565357245054,0.06941079823580264,0.8761856364069524
25971,LOF,0.07331570032403661,0.027426868499019014,0.8992574311769443
25972,LOF,0.07018403570174518,0.03242303869842513,0.8973929255998297
25973,LOF,0.08239712485123254,0.012826817672090679,0.9047760574766767
25974,LOF,0.06676170802863131,0.04968657243397579,0.883551719537393
25975,LOF,0.028341008379745587,0.018189186741961478,0.9534698048782928
25976,LOF,0.08866970025905248,0.016285590373989817,0.8950447093669578
25977,LOF,0.2559704968463525,0.07737015458334769,0.6666593485702998
25978,LOF,0.1615090508869443,0.15198772160063473,0.686503227512421
25979,LOF,0.12119705706216935,0.15253971008164582,0.7262632328561848
25980,LOF,0.19437168674387417,0.25633039164876364,0.5492979216073622
25981,LOF,0.1955551504727707,0.25899002903040763,0.5454548204968217
25982,LOF,0.2648236915512047,0.13775063581230856,0.5974256726364867
25983,Neutral,0.46038473284762294,0.12312521652311381,0.41649005062926336
25984,LOF,0.056132101920934284,0.0669344276255039,0.8769334704535618
25985,Neutral,0.46344768536618214,0.13050123580452141,0.4060510788292965
25986,LOF,0.011167135847590817,0.4031714280312438,0.5856614361211653
25987,LOF,0.03435014647950216,0.0822676547720542,0.8833821987484437
25988,LOF,0.043796178114624044,0.10685054423392291,0.8493532776514531
25989,LOF,0.04248116159190891,0.12644125951084403,0.831077578897247
25990,LOF,0.04602481586166468,0.2383288240259189,0.7156463601124164
25991,GOF,0.022069295243160474,0.5645326038226023,0.41339810093423723
25992,LOF,0.01112864358620949,0.4422818339458305,0.54658952246796
25993,LOF,0.02194673160923357,0.06815708143110928,0.9098961869596571
25994,LOF,0.029356422279194435,0.07414555214853807,0.8964980255722675
25995,LOF,0.019550177308871028,0.12334802395074808,0.8571017987403808
25996,GOF,0.33069624061546077,0.4324022742412787,0.23690148514326043
25997,GOF,0.05963527400413559,0.5911564598534955,0.349208266142369
25998,LOF,0.24139185447466888,0.032972385847616685,0.7256357596777144
25999,LOF,0.023316554210922463,0.28886075663396976,0.6878226891551077
26000,LOF,0.14936674150583473,0.016030514412754396,0.8346027440814109
26001,LOF,0.15525278017116217,0.02120743784659146,0.8235397819822464
26002,LOF,0.09789690208253626,0.020102580307238768,0.882000517610225
26003,GOF,0.006341744562090064,0.5574951129157817,0.4361631425221283
26004,GOF,0.016661804707665845,0.565780408133571,0.4175577871587631
26005,LOF,0.005115505648847976,0.48498008568386475,0.5099044086672873
26006,GOF,0.08991723893913181,0.5045282207462223,0.40555454031464605
26007,GOF,0.009128429996755914,0.5264260043093177,0.46444556569392637
26008,GOF,0.006681114624583493,0.5918156170892305,0.4015032682861859
26009,GOF,0.011493833754415058,0.6137123777803838,0.374793788465201
26010,GOF,0.00990519767163216,0.5228917398515344,0.46720306247683346
26011,LOF,0.005462716288888495,0.39455811660001716,0.5999791671110943
26012,GOF,0.005207539201572964,0.5017304407866102,0.4930620200118169
26013,LOF,0.010422510745322735,0.4837074454469184,0.5058700438077589
26014,LOF,0.04871475039123925,0.08148521621567859,0.8698000333930821
26015,LOF,0.35443639986653097,0.019638687048857774,0.6259249130846113
26016,LOF,0.24923528058061659,0.036469898194775426,0.7142948212246081
26017,LOF,0.015264163418272513,0.13698201747449956,0.8477538191072278
26018,LOF,0.021318747990423,0.06704090423762732,0.9116403477719497
26019,LOF,0.021281334115907664,0.058332609978599216,0.9203860559054932
26020,LOF,0.0066228503045321265,0.13328640517712342,0.8600907445183446
26021,LOF,0.07585240742435873,0.06115282262805941,0.862994769947582
26022,LOF,0.04028046198316625,0.023507926334530735,0.936211611682303
26023,LOF,0.031003113990671852,0.051295450223179134,0.9177014357861489
26024,LOF,0.047248311871271424,0.045097102267515864,0.9076545858612127
26025,LOF,0.1385229858182142,0.05409675865187604,0.8073802555299098
26026,LOF,0.1194988391019078,0.043164582931023585,0.8373365779670687
26027,LOF,0.028680676279704522,0.027815634320208435,0.9435036894000871
26028,LOF,0.08537265702359394,0.19900090993696995,0.7156264330394362
26029,LOF,0.03602049732098673,0.1801911808913915,0.7837883217876218
26030,LOF,0.1265498122385651,0.02147567943016701,0.8519745083312679
26031,LOF,0.015272472260623862,0.18790562783526715,0.7968218999041089
26032,LOF,0.03016228305493816,0.031418640996551055,0.9384190759485107
26033,LOF,0.050073778821970005,0.05226941814316515,0.8976568030348647
26034,LOF,0.022267719805628347,0.1199041153493557,0.857828164845016
26035,LOF,0.012811252700056092,0.14221504589269543,0.8449737014072486
26036,LOF,0.012125927733364497,0.114848097659167,0.8730259746074684
26037,LOF,0.01193275314444401,0.12161207210183701,0.8664551747537189
26038,LOF,0.02576832736955844,0.029810166795284556,0.9444215058351569
26039,LOF,0.037417607820851406,0.163718265518235,0.7988641266609137
26040,LOF,0.0740537794702225,0.18904501693058137,0.736901203599196
26041,LOF,0.014319449077646295,0.12557671160751557,0.8601038393148381
26042,LOF,0.01331598200509011,0.134330323640858,0.852353694354052
26043,LOF,0.02590767804027658,0.054480418003386495,0.919611903956337
26044,LOF,0.008166810162137932,0.054645025335917315,0.9371881645019448
26045,LOF,0.0884216616005452,0.25185715453061847,0.6597211838688363
26046,LOF,0.02609336795810272,0.05265259124805195,0.9212540407938454
26047,LOF,0.07554567785839181,0.051164168826270395,0.8732901533153378
26048,LOF,0.08247856752671803,0.027463941708174542,0.8900574907651074
26049,Neutral,0.9392461590078192,0.00760022191485093,0.053153619077329975
26050,Neutral,0.8981973982680861,0.008915624625618769,0.09288697710629516
26051,LOF,0.034667701192478036,0.32979178149684785,0.6355405173106742
26052,LOF,0.04091142164473484,0.24709965949355717,0.711988918861708
26053,LOF,0.0223553404998128,0.19884000170325905,0.7788046577969282
26054,LOF,0.0570392517413322,0.06656301499923015,0.8763977332594377
26055,LOF,0.07478415239682235,0.06770891074350022,0.8575069368596775
26056,LOF,0.0711129824889202,0.07095767501025496,0.857929342500825
26057,LOF,0.048262741303255446,0.02064137420095765,0.9310958844957868
26058,LOF,0.05307457562747512,0.016241878167792524,0.9306835462047324
26059,LOF,0.2615092749350317,0.08842781504911235,0.650062910015856
26060,LOF,0.018224698538045744,0.21300391685807601,0.7687713846038782
26061,LOF,0.012681793348712764,0.012502231948710548,0.9748159747025766
26062,LOF,0.006005624102495743,0.02625999456676574,0.9677343813307385
26063,LOF,0.043142385450144365,0.015839963310463945,0.9410176512393919
26064,LOF,0.008444155913986668,0.017046468611508124,0.9745093754745052
26065,LOF,0.04975170890509527,0.021805917277109853,0.9284423738177948
26066,LOF,0.0428536189353955,0.0148604765308406,0.9422859045337639
26067,LOF,0.04915445976418302,0.015937389553391444,0.9349081506824256
26068,LOF,0.053527749782686374,0.05374512282757163,0.892727127389742
26069,LOF,0.20014303644077253,0.04159853806118036,0.7582584254980472
26070,LOF,0.46008364456241974,0.02403442776266198,0.5158819276749184
26071,LOF,0.05196288065120836,0.01912340669133178,0.9289137126574599
26072,LOF,0.008484899286534732,0.022461375280774822,0.9690537254326904
26073,LOF,0.05082826024530895,0.015190662698149315,0.9339810770565419
26074,Neutral,0.681550888635396,0.018751872506576835,0.2996972388580271
26075,LOF,0.04270862412439977,0.03757288124041288,0.9197184946351873
26076,LOF,0.0497280946256877,0.021192724688596985,0.9290791806857154
26077,LOF,0.18256886379572423,0.017848476297381993,0.7995826599068937
26078,LOF,0.00655064322440756,0.02823612862440755,0.9652132281511849
26079,LOF,0.058046292273402016,0.03716004943724753,0.9047936582893505
26080,LOF,0.056718855113698,0.03720022896891435,0.9060809159173877
26081,LOF,0.04860575745035654,0.01724163458514687,0.9341526079644965
26082,LOF,0.006658161360769477,0.027285450415384774,0.9660563882238458
26083,LOF,0.06585540136302624,0.029708642824519935,0.904435955812454
26084,LOF,0.07618700009865666,0.019588240409101895,0.9042247594922415
26085,LOF,0.06864320041164959,0.01657921871776485,0.9147775808705856
26086,LOF,0.041830730846778644,0.021822000031222685,0.9363472691219987
26087,LOF,0.043585284939367384,0.018170060385867118,0.9382446546747655
26088,LOF,0.007031246694964002,0.038188059442429645,0.9547806938626063
26089,LOF,0.03837967401372563,0.05575722859370935,0.9058630973925651
26090,LOF,0.03834052024134573,0.04844606854647919,0.9132134112121751
26091,LOF,0.03405148243893117,0.01667470922909941,0.9492738083319694
26092,LOF,0.045932391749480384,0.014451395206707436,0.9396162130438123
26093,LOF,0.07198482479176611,0.009625842979961372,0.9183893322282726
26094,LOF,0.0446854395948481,0.012900303812071672,0.9424142565930802
26095,LOF,0.013827170820053712,0.03007713095969766,0.9560956982202485
26096,LOF,0.29067312767411,0.005638608993044099,0.7036882633328457
26097,LOF,0.006976638119341879,0.05040388383577832,0.9426194780448798
26098,LOF,0.05804838492266162,0.03701833709231229,0.9049332779850262
26099,LOF,0.05544103485644834,0.03882093547940181,0.9057380296641498
26100,LOF,0.05544103485644834,0.03882093547940181,0.9057380296641498
26101,LOF,0.05773585626810528,0.04709308098406944,0.8951710627478252
26102,LOF,0.0444846191088613,0.021995405473834138,0.9335199754173046
26103,Neutral,0.8958434932277077,0.04096047249340779,0.06319603427888454
26104,LOF,0.049281999586877845,0.09562594368232019,0.855092056730802
26105,LOF,0.23887742033604994,0.07022062711977031,0.6909019525441796
26106,LOF,0.2878845632604208,0.04393472862970116,0.6681807081098781
26107,LOF,0.015430346064937574,0.0612089100204643,0.9233607439145981
26108,LOF,0.16727980479146817,0.059932158260227256,0.7727880369483046
26109,LOF,0.049879930296806256,0.06253689420170598,0.8875831755014878
26110,Neutral,0.49577737514553477,0.016907475149126317,0.48731514970533896
26111,LOF,0.05158504019430617,0.11654508736319624,0.8318698724424975
26112,LOF,0.07028275904083171,0.016028396559860405,0.9136888443993079
26113,LOF,0.07928518430900891,0.026707946012712702,0.8940068696782784
26114,LOF,0.10547245656112884,0.009760520180691592,0.8847670232581795
26115,LOF,0.02275839286250363,0.05600915437771682,0.9212324527597795
26116,LOF,0.06977684730155873,0.017740335921343005,0.9124828167770983
26117,LOF,0.39162498712658617,0.04321004607369176,0.565164966799722
26118,LOF,0.04127473401150145,0.023773794337957177,0.9349514716505414
26119,LOF,0.005972703985317857,0.08684916396659419,0.907178132048088
26120,LOF,0.03484648358289165,0.01811752959305686,0.9470359868240514
26121,LOF,0.004288825564995062,0.10925060883890982,0.8864605655960951
