feature0,prediction,LoGoFunc_Neutral,LoGoFunc_GOF,LoGoFunc_LOF
25546,Neutral,0.7584329565053017,0.032019201609066315,0.20954784188563183
25547,Neutral,0.6183980805034236,0.06337735709829107,0.31822456239828534
25548,Neutral,0.634969791263911,0.0494674369323333,0.3155627718037557
25549,Neutral,0.5596311792056391,0.04807232301572456,0.39229649777863634
25550,LOF,0.3912239001440418,0.09802140888705058,0.5107546909689076
25551,LOF,0.3197792846675631,0.10755013599944778,0.5726705793329891
25552,LOF,0.23522802496139342,0.10012168398186667,0.6646502910567399
25553,Neutral,0.8654242982021636,0.022304435478785512,0.1122712663190509
25554,LOF,0.279843051089961,0.09432897080484956,0.6258279781051895
25555,LOF,0.22786127372924075,0.08214967921488688,0.6899890470558724
25556,Neutral,0.4945504404721432,0.08418774839524705,0.4212618111326097
25557,LOF,0.2105975947091243,0.08810966717963692,0.7012927381112387
25558,LOF,0.251624273199145,0.09677466268134069,0.6516010641195144
25559,LOF,0.39628656531067524,0.10419980483243808,0.4995136298568868
25560,LOF,0.05572425334669377,0.13298366451660926,0.8112920821366969
25561,LOF,0.1375326215196099,0.1296212298316965,0.7328461486486936
25562,LOF,0.08447193028237375,0.07249682078219588,0.8430312489354304
25563,LOF,0.10415932297019237,0.06981503768625012,0.8260256393435574
25564,LOF,0.2380358223395916,0.14218454142607403,0.6197796362343344
25565,LOF,0.13589034676215028,0.1335740863383598,0.73053556689949
25566,GOF,0.012524678536269646,0.7764997156755669,0.21097560578816352
25567,LOF,0.02090104540554432,0.20199172920865482,0.7771072253858009
25568,LOF,0.05727350151012256,0.074654840837212,0.8680716576526655
25569,LOF,0.05811935800595789,0.07767030840000537,0.8642103335940368
25570,LOF,0.054095007810130165,0.12484613807898552,0.8210588541108842
25571,LOF,0.047090039889664724,0.11882565364112332,0.834084306469212
25572,LOF,0.06382192967784311,0.135618892119925,0.8005591782022319
25573,LOF,0.03800001110772068,0.11297114305013216,0.8490288458421472
25574,LOF,0.02185409145072751,0.17441148377866358,0.803734424770609
25575,LOF,0.040192309614619795,0.1393702337327699,0.8204374566526104
25576,LOF,0.019572511692366838,0.15658671308808905,0.8238407752195442
25577,LOF,0.016425268911433033,0.14072875170626523,0.8428459793823018
25578,LOF,0.28392475460663874,0.10294025687618287,0.6131349885171784
25579,LOF,0.12022820271444644,0.11975445933293472,0.7600173379526189
25580,LOF,0.028878281944472898,0.10245287910881723,0.8686688389467099
25581,LOF,0.05009496965126665,0.0772236624841969,0.8726813678645364
25582,LOF,0.0498558595258567,0.07671076336753462,0.8734333771066086
25583,LOF,0.03438703065515613,0.11628632716489676,0.8493266421799472
25584,Neutral,0.48511394795532264,0.12599304140058715,0.3888930106440902
25585,LOF,0.020462469289642005,0.14436734017033478,0.8351701905400232
25586,LOF,0.026932463425765985,0.09409926445804866,0.8789682721161852
25587,LOF,0.02771494193107218,0.08809085101207323,0.8841942070568547
25588,LOF,0.027255308959089685,0.10408719019184026,0.86865750084907
25589,Neutral,0.6188049743732164,0.13986628951953395,0.2413287361072497
25590,LOF,0.03226544777361751,0.1534604309900938,0.8142741212362886
25591,LOF,0.0896674983099605,0.0701863402737822,0.8401461614162572
25592,LOF,0.08924541723743691,0.16607963541373094,0.7446749473488321
25593,LOF,0.029993804968422057,0.30474917725324063,0.6652570177783372
25594,LOF,0.04768336627964031,0.14799411152918535,0.8043225221911744
25595,LOF,0.0586790942555773,0.10355713058337097,0.8377637751610517
25596,LOF,0.053190066126222575,0.06932072679004717,0.8774892070837301
25597,LOF,0.036848114435095995,0.07355521369365377,0.8895966718712504
25598,LOF,0.05397257428407803,0.10659740001349857,0.8394300257024233
25599,GOF,0.00658296241943922,0.6140251421239752,0.3793918954565855
25600,GOF,0.012593147572387242,0.603792143483842,0.38361470894377075
25601,LOF,0.008761121159248635,0.4347498171597938,0.5564890616809576
25602,LOF,0.020944720189790236,0.04468194849643385,0.9343733313137759
25603,LOF,0.06538798115453828,0.019272989778982404,0.9153390290664793
25604,LOF,0.03570770368586701,0.04849300718494949,0.9157992891291835
25605,LOF,0.009583878780077262,0.20299145086977297,0.7874246703501498
25606,LOF,0.10172110741866879,0.33881674381391297,0.5594621487674183
25607,LOF,0.006813979786510417,0.17610399134292756,0.817082028870562
25608,LOF,0.01654373280512078,0.10326992174392152,0.8801863454509576
25609,LOF,0.05256956001700098,0.41825066274185607,0.529179777241143
25610,LOF,0.03283654880991943,0.024342217618819936,0.9428212335712607
25611,LOF,0.03899453870443439,0.023780480389498,0.9372249809060677
25612,LOF,0.09997833325541784,0.04125693272223882,0.8587647340223433
25613,LOF,0.0853188041988036,0.04048509507978215,0.8741961007214143
25614,LOF,0.034265412381321324,0.029463184204048334,0.9362714034146303
25615,LOF,0.03720767826316897,0.04389344972506144,0.9188988720117696
25616,LOF,0.026886142160455602,0.029616942421901715,0.9434969154176427
25617,LOF,0.026501764909527093,0.03286900478772924,0.9406292303027436
25618,LOF,0.133682297164364,0.02779471076802995,0.838522992067606
25619,LOF,0.029174724685950847,0.029461244046467935,0.9413640312675812
25620,LOF,0.03423613854569852,0.03574162294740637,0.9300222385068951
25621,LOF,0.02815527108220843,0.03315493548004934,0.9386897934377423
25622,LOF,0.036534062138156256,0.03694763703645903,0.9265183008253847
25623,LOF,0.052031009895959886,0.028863964694518487,0.9191050254095215
25624,LOF,0.025630025592087463,0.03526273119690339,0.9391072432110092
25625,LOF,0.037667743834706675,0.03996609738927051,0.9223661587760229
25626,LOF,0.07895527222411013,0.03275870582005691,0.8882860219558328
25627,Neutral,0.5363819559817055,0.11712481102578423,0.34649323299251034
25628,LOF,0.22024740522984645,0.05276287899383655,0.726989715776317
25629,LOF,0.05769955821808872,0.057640440951337094,0.8846600008305743
25630,LOF,0.16961967438047204,0.08394370167578034,0.7464366239437475
25631,Neutral,0.6090873388824897,0.0573738134935764,0.3335388476239339
25632,LOF,0.012961708429333925,0.11328134377316468,0.8737569477975015
25633,LOF,0.10100200080568619,0.07732566912995731,0.8216723300643565
25634,LOF,0.03324118500089071,0.10217236578996365,0.8645864492091456
25635,LOF,0.036572064932746416,0.07775099616900903,0.8856769388982445
25636,GOF,0.003976617788527404,0.5880317513029745,0.40799163090849816
25637,GOF,0.0036755950129508975,0.6207162408365868,0.3756081641504623
25638,LOF,0.0062914055066661785,0.3637034439064922,0.6300051505868417
25639,GOF,0.0035890174060966636,0.4982947745889568,0.4981162080049465
25640,GOF,0.45767933855559995,0.4767739615558227,0.06554669988857736
25641,LOF,0.009609965996148101,0.293869686272794,0.6965203477310579
25642,LOF,0.24756718197652916,0.06483095448460992,0.6876018635388609
25643,LOF,0.28224517332846705,0.15026539118627386,0.567489435485259
25644,GOF,0.015374853886316011,0.5211964924035593,0.46342865371012476
25645,LOF,0.01210003563309166,0.4528553408490326,0.5350446235178757
25646,LOF,0.01708502638197222,0.32520916846685627,0.6577058051511715
25647,LOF,0.013635392371636273,0.26504246011644017,0.7213221475119236
25648,LOF,0.013828830977998939,0.26097495694721246,0.7251962120747887
25649,LOF,0.011993014766652146,0.18789513776010155,0.8001118474732464
25650,LOF,0.020997106228191686,0.41496577352608144,0.5640371202457268
25651,LOF,0.008217714782471608,0.257838589876157,0.7339436953413715
25652,LOF,0.013734153307591654,0.22938254469846642,0.7568833019939419
25653,LOF,0.049675921605646066,0.3428944612295467,0.6074296171648071
25654,LOF,0.014200722272197826,0.1500685198846083,0.8357307578431938
25655,LOF,0.08851650828676658,0.36290760031063696,0.5485758914025964
25656,LOF,0.10410841855480782,0.0708896659305445,0.8250019155146477
25657,LOF,0.32541450732015104,0.03102157337556403,0.6435639193042849
25658,LOF,0.04859364808800729,0.10217790588135992,0.8492284460306329
25659,LOF,0.38571541589105174,0.07435211607899449,0.5399324680299538
25660,LOF,0.06051793213604233,0.0897271100592581,0.8497549578046996
25661,LOF,0.04635442920886388,0.06956737907424754,0.8840781917168886
25662,LOF,0.027908831064923,0.0473372851841139,0.9247538837509631
25663,LOF,0.035150964877139146,0.07053552010784721,0.8943135150150137
25664,LOF,0.04595498138984374,0.08607355742706994,0.8679714611830862
25665,LOF,0.058362770551980137,0.04447087411097606,0.8971663553370439
25666,LOF,0.041256275200990754,0.1154954700117025,0.8432482547873067
25667,LOF,0.03163130298207332,0.05189909235761962,0.9164696046603071
25668,LOF,0.035611305522366875,0.05375158028762441,0.9106371141900086
25669,LOF,0.04155146413548021,0.07749657990789864,0.8809519559566212
25670,LOF,0.08000598313457176,0.09333197294732601,0.8266620439181022
25671,LOF,0.039834447020751014,0.04960655316648338,0.9105589998127656
25672,LOF,0.06327573244726319,0.06281796529217389,0.8739063022605629
25673,LOF,0.04554899859772492,0.07212079237761163,0.8823302090246634
25674,LOF,0.04197192263688979,0.07384121815802164,0.8841868592050885
25675,LOF,0.0527725750540618,0.06206770281234974,0.8851597221335884
25676,LOF,0.03516713748058658,0.0611886228800009,0.9036442396394124
25677,LOF,0.05991034310630458,0.06653204238218192,0.8735576145115135
25678,LOF,0.29618856741621036,0.033600879363584774,0.6702105532202048
25679,LOF,0.17442396295510926,0.07263310074390426,0.7529429363009864
25680,LOF,0.056990099166172405,0.10008465433854861,0.8429252464952791
25681,LOF,0.1004491463466942,0.0934469085044533,0.8061039451488524
25682,LOF,0.04477243928062052,0.08292471326645647,0.8723028474529231
25683,LOF,0.10190425223957077,0.09520673487132982,0.8028890128890994
25684,LOF,0.0570639054558033,0.08463234454118733,0.8583037500030093
25685,LOF,0.10713770175763779,0.05748590027550066,0.8353763979668615
25686,LOF,0.03752013212313029,0.11659277377118128,0.8458870941056884
25687,LOF,0.04436328859220106,0.10036057494899886,0.8552761364588001
25688,LOF,0.027374176555424443,0.08825275005593995,0.8843730733886356
25689,LOF,0.02008424176054683,0.07311486254382324,0.9068008956956299
25690,LOF,0.019188559555251086,0.07545720716653673,0.9053542332782122
25691,LOF,0.2317135966480586,0.09592013142044178,0.6723662719314997
25692,LOF,0.3224667660917106,0.008007216865544337,0.6695260170427451
25693,LOF,0.10002651845626905,0.1745992093092861,0.7253742722344448
25694,LOF,0.24685547883290543,0.016153875684556847,0.7369906454825378
25695,LOF,0.15977113199716483,0.023314653355843894,0.8169142146469913
25696,LOF,0.1760055084186604,0.010376643247881227,0.8136178483334584
25697,LOF,0.13570681041121882,0.033163708832204715,0.8311294807565766
25698,LOF,0.03279427684362216,0.4348648680750677,0.5323408550813102
25699,LOF,0.06086248152386427,0.08909026914525989,0.8500472493308758
25700,LOF,0.031162514786938867,0.01001889752785747,0.9588185876852037
25701,LOF,0.01740210088341044,0.0809006465424467,0.9016972525741429
25702,GOF,0.03819334222089814,0.7369329933735781,0.22487366440552375
25703,LOF,0.013366689850729845,0.21360375379358684,0.7730295563556834
25704,LOF,0.09436810483186968,0.15758866903654725,0.7480432261315831
25705,LOF,0.05555015824360294,0.26656060452830177,0.6778892372280954
25706,GOF,0.05574010606759549,0.5986321387841044,0.3456277551483001
25707,GOF,0.03184352013358992,0.5200349297885103,0.4481215500778998
25708,LOF,0.009614889109013532,0.45363686361266087,0.5367482472783256
25709,LOF,0.018233192792255725,0.06964971661882062,0.9121170905889237
25710,LOF,0.009358659726048844,0.1791765836475427,0.8114647566264084
25711,LOF,0.019253122900527404,0.1391046459301454,0.8416422311693272
25712,LOF,0.010612444871508418,0.22827701910470116,0.7611105360237904
25713,LOF,0.017439527691994444,0.10870971547653153,0.873850756831474
25714,LOF,0.019312343556982466,0.14659078043912324,0.8340968760038944
25715,LOF,0.019405291827424277,0.12406261318709595,0.8565320949854798
25716,LOF,0.011209147580404217,0.11753897656015931,0.8712518758594365
25717,LOF,0.006747756069793728,0.13455442774408638,0.85869781618612
25718,LOF,0.017082569257360923,0.08353914858948168,0.8993782821531575
25719,LOF,0.03080580820094183,0.09183564959902941,0.8773585422000287
25720,LOF,0.021788541246908447,0.09747688349771448,0.8807345752553771
25721,LOF,0.022604420059510473,0.09790521004373338,0.8794903698967562
25722,LOF,0.017295761630343753,0.12582091362478828,0.856883324744868
25723,LOF,0.02006435891897637,0.07669120835687855,0.903244432724145
25724,LOF,0.03229954039450008,0.10976623038844198,0.8579342292170579
25725,LOF,0.02039260511463229,0.07654094936847712,0.9030664455168906
25726,LOF,0.015573783496747182,0.10680221661634884,0.8776239998869039
25727,LOF,0.01848540563482018,0.09441191922263853,0.8871026751425412
25728,LOF,0.017467399956413415,0.11350570480586578,0.8690268952377208
25729,LOF,0.01808940665001061,0.11545570013386477,0.8664548932161247
25730,LOF,0.01873089540904574,0.09065657861261334,0.890612525978341
25731,LOF,0.012095987495139255,0.16862982878224023,0.8192741837226205
25732,LOF,0.017377939266971374,0.0988911634788506,0.883730897254178
25733,LOF,0.028463976808142135,0.08160302593868782,0.8899329972531701
25734,LOF,0.008015130028381669,0.19608061894671455,0.7959042510249038
25735,LOF,0.021748958595941423,0.06863724439642992,0.9096137970076286
25736,LOF,0.020576747109050435,0.10253806340675073,0.8768851894841988
25737,LOF,0.037945144818850626,0.09083901060861282,0.8712158445725365
25738,LOF,0.018740491454501868,0.13511800974848442,0.8461414987970136
25739,LOF,0.021660808978335576,0.12741908427158263,0.8509201067500819
25740,LOF,0.047878722433176556,0.1269623711857547,0.8251589063810687
25741,LOF,0.02394099848041234,0.10343188219763695,0.8726271193219507
25742,LOF,0.033948780093318774,0.12157294827013822,0.844478271636543
25743,LOF,0.012067356719018436,0.04821059605012397,0.9397220472308576
25744,GOF,0.13944262370608923,0.4506808185420821,0.40987655775182863
25745,LOF,0.01939411214837121,0.06735852774013783,0.9132473601114909
25746,LOF,0.010891859434176216,0.0911044001829659,0.898003740382858
25747,LOF,0.03194599817738483,0.039942565737525054,0.9281114360850902
25748,LOF,0.1897415234135275,0.07365490854700782,0.7366035680394647
25749,LOF,0.01372400006102905,0.05983679159373653,0.9264392083452344
25750,LOF,0.015286073410094188,0.07972341334556608,0.9049905132443397
25751,LOF,0.03503170862386894,0.07252320685547069,0.8924450845206604
25752,GOF,0.08525434428741961,0.6452572290693755,0.2694884266432049
25753,LOF,0.007585697774349081,0.35830124085857273,0.6341130613670782
25754,GOF,0.005281662951095888,0.842662320569999,0.15205601647890524
25755,LOF,0.010928640144260253,0.41529327399946936,0.5737780858562705
25756,LOF,0.05219241019383608,0.43096715118653445,0.5168404386196295
25757,GOF,0.00727394859321376,0.8706959888549406,0.12203006255184581
25758,GOF,0.008426055193273076,0.8577280450681559,0.13384589973857108
25759,GOF,0.004984125951696252,0.5689575144543196,0.426058359593984
25760,LOF,0.007551159344691598,0.30839140371249246,0.6840574369428161
25761,GOF,0.04915725243386737,0.8328949657962358,0.11794778176989688
25762,LOF,0.030709998847730225,0.36112367710019766,0.6081663240520722
25763,LOF,0.010136362953394614,0.234249695556707,0.7556139414898984
25764,GOF,0.09476675284113127,0.5596508132623224,0.3455824338965465
25765,GOF,0.008169905627050866,0.8315419540777499,0.16028814029519917
25766,GOF,0.03253411611895023,0.8067158416671959,0.16075004221385403
25767,LOF,0.01840328329933616,0.4646112230999461,0.5169854936007178
25768,LOF,0.03694033275113926,0.07196941761849457,0.8910902496303661
25769,LOF,0.022229161034739528,0.07628761595258537,0.9014832230126751
25770,LOF,0.1420333812107669,0.06600593324073842,0.7919606855484947
25771,LOF,0.0168482508699878,0.08176952235552032,0.9013822267744919
25772,LOF,0.022023324833728992,0.02922604643163942,0.9487506287346316
25773,LOF,0.014688107449179333,0.07971444594874315,0.9055974466020775
25774,LOF,0.025853116753199647,0.10201433521331832,0.8721325480334821
25775,LOF,0.02171325119256237,0.046617038781069146,0.9316697100263684
25776,LOF,0.024051997182117965,0.02755306891391473,0.9483949339039672
25777,LOF,0.1657863366012028,0.0703175796866855,0.7638960837121117
25778,LOF,0.018920434401120276,0.052736184644832734,0.9283433809540471
25779,GOF,0.03969262410072497,0.8941821875509302,0.06612518834834485
25780,GOF,0.06623269669447862,0.8757099383769665,0.058057364928554664
25781,GOF,0.03016493678203945,0.8710901288371079,0.09874493438085258
25782,GOF,0.035958889522736306,0.8988424523511676,0.06519865812609606
25783,GOF,0.01853567151194693,0.7458678117737022,0.23559651671435075
25784,GOF,0.11409546580658661,0.8395390053248861,0.04636552886852728
25785,GOF,0.07185479613884985,0.8899635290314767,0.03818167482967356
25786,GOF,0.005661191812549834,0.8443907482215544,0.14994805996589575
25787,GOF,0.17976869714837346,0.7916315668265329,0.028599736025093594
25788,LOF,0.01595341276044955,0.1722701573513375,0.8117764298882131
25789,GOF,0.01914178122333137,0.865825437080419,0.1150327816962497
25790,GOF,0.023374284590603103,0.8890287857035393,0.08759692970585764
25791,GOF,0.017039090800559962,0.8387944755129716,0.14416643368646842
25792,GOF,0.026320282386681167,0.845249034830415,0.12843068278290382
25793,GOF,0.07284150456975012,0.8321977578860751,0.09496073754417486
25794,GOF,0.05166224179872118,0.7729752224339885,0.17536253576729022
25795,GOF,0.04520061368963194,0.7731854864702749,0.1816138998400933
25796,GOF,0.07709446189191162,0.803955172346958,0.11895036576113022
25797,GOF,0.03462583255583739,0.6767307084432249,0.2886434590009377
25798,GOF,0.00321993935350277,0.6456610828531387,0.3511189777933585
25799,GOF,0.003183973556155285,0.5322975049223967,0.464518521521448
25800,GOF,0.012492469925805806,0.7287874551104797,0.25872007496371435
25801,GOF,0.01540524793284322,0.8621125507897691,0.12248220127738772
25802,GOF,0.020301620471066113,0.8076927476457696,0.17200563188316428
25803,GOF,0.011770634842737193,0.697221034566402,0.2910083305908607
25804,GOF,0.01310647494975177,0.6047845670966003,0.38210895795364785
25805,GOF,0.023483170337027147,0.7087626254372238,0.2677542042257491
25806,GOF,0.018472696576617324,0.7393332084572715,0.24219409496611116
25807,GOF,0.005387131602084554,0.7178696574192323,0.27674321097868326
25808,GOF,0.016089895873123945,0.7463736784208287,0.23753642570604733
25809,GOF,0.0061427849676283786,0.7144688403978007,0.279388374634571
25810,GOF,0.005416108669119397,0.7239068534472345,0.2706770378836461
25811,GOF,0.048363275795291885,0.8616508781146113,0.0899858460900969
25812,GOF,0.016374446087407915,0.7138090997909847,0.2698164541216074
25813,GOF,0.09800834363504198,0.8080455585323992,0.09394609783255872
25814,GOF,0.02545205166050005,0.804413445340019,0.1701345029994809
25815,GOF,0.038425383540275894,0.8077866284078077,0.15378798805191632
25816,GOF,0.007976971127894226,0.8600568731497585,0.13196615572234718
25817,GOF,0.09577292593180223,0.7691901462407754,0.13503692782742235
25818,GOF,0.025967240719012095,0.8020453903408863,0.1719873689401017
25819,GOF,0.06125220432025991,0.7900743275013314,0.14867346817840862
25820,GOF,0.03266641674975925,0.7906379097847281,0.1766956734655126
25821,GOF,0.019733900284516645,0.775858288707751,0.20440781100773234
25822,GOF,0.039316931370661834,0.7871946675013186,0.17348840112801958
25823,GOF,0.015381290931855862,0.6554688015366171,0.32914990753152695
25824,GOF,0.025377471321930502,0.7604306944332404,0.21419183424482907
25825,GOF,0.016565776790226923,0.7485825600410755,0.23485166316869746
25826,GOF,0.005733560842970882,0.7264536779955076,0.2678127611615215
25827,GOF,0.009881682510687773,0.7153973500658718,0.2747209674234404
25828,GOF,0.006793606567094668,0.6717555585643699,0.32145083486853554
25829,GOF,0.0031894069237781665,0.7219011756956958,0.2749094173805261
25830,GOF,0.0374503994149211,0.4964065671965107,0.4661430333885681
25831,GOF,0.04901895866803197,0.8479238620679309,0.10305717926403703
25832,GOF,0.008520916521434605,0.794338502085671,0.19714058139289448
25833,GOF,0.031147810536722942,0.8394691611661708,0.12938302829710616
25834,GOF,0.008447024718329813,0.8037843480950627,0.1877686271866073
25835,GOF,0.01815230633751289,0.863239040392495,0.11860865326999227
25836,GOF,0.0062844119642610045,0.8150676504013196,0.17864793763441944
25837,GOF,0.0069088569551505,0.7402789297263848,0.2528122133184647
25838,GOF,0.01872509435797195,0.8709922307325003,0.11028267490952762
25839,GOF,0.03885501362351211,0.8573559110659189,0.10378907531056886
25840,GOF,0.0564629879045675,0.8480890015761248,0.0954480105193077
25841,GOF,0.05458978225622247,0.853917182402028,0.0914930353417497
25842,GOF,0.02873755707728261,0.9001466558352845,0.07111578708743288
25843,GOF,0.02825597025807279,0.9019618088962725,0.06978222084565448
25844,GOF,0.01950888812488015,0.8484021769235873,0.13208893495153243
25845,GOF,0.006665070656261146,0.6775672050630105,0.31576772428072836
25846,GOF,0.042982549336321584,0.868725624523501,0.08829182614017751
25847,GOF,0.021297343629412248,0.9138155977673739,0.06488705860321389
25848,GOF,0.018237698313718027,0.8688251721564973,0.11293712952978459
25849,GOF,0.005347446400405557,0.7565933021998404,0.23805925139975392
25850,GOF,0.006797778020841555,0.7614941540704965,0.231708067908662
25851,GOF,0.005817807926789426,0.6384568489444311,0.3557253431287794
25852,GOF,0.1478845898155914,0.6151182095246857,0.23699720065972285
25853,GOF,0.06817558305165874,0.8612351894134247,0.07058922753491643
25854,GOF,0.005725953895391755,0.7113156600959263,0.2829583860086819
25855,GOF,0.015197705190822995,0.6507989537417231,0.3340033410674539
25856,GOF,0.0390375313798613,0.7800313627248692,0.1809311058952695
25857,GOF,0.013287802848540463,0.6510059754216274,0.33570622172983206
25858,GOF,0.008167187760700164,0.6265564283637501,0.3652763838755499
25859,GOF,0.005833941077738491,0.603803303301129,0.3903627556211324
25860,GOF,0.07677272427968071,0.8152525482070163,0.10797472751330296
25861,GOF,0.08465740674507864,0.8141558212839012,0.10118677197102023
25862,GOF,0.022063923189428507,0.872242176159395,0.10569390065117648
25863,GOF,0.0215079859216683,0.8817590447133389,0.09673296936499273
25864,GOF,0.04991806847398426,0.8733477977859917,0.07673413374002401
25865,GOF,0.035849196846802815,0.8344198350299468,0.12973096812325038
25866,GOF,0.027117904338995857,0.860349484603985,0.11253261105701905
25867,GOF,0.03423699687985643,0.8727099930979103,0.09305301002223329
25868,GOF,0.05407328799298251,0.8321299966718713,0.11379671533514607
25869,GOF,0.34122117687372994,0.5941866302179264,0.0645921929083436
25870,GOF,0.07245632454686166,0.6919144468010376,0.2356292286521008
25871,GOF,0.011695768702892342,0.8963497627654892,0.09195446853161836
25872,GOF,0.020210003950813144,0.8763080051740342,0.10348199087515264
25873,GOF,0.01967430968590973,0.8948008834798858,0.0855248068342044
25874,LOF,0.01818455175936168,0.18507410222503484,0.7967413460156034
25875,LOF,0.04741729308739563,0.04605022692330577,0.9065324799892985
25876,LOF,0.01845633087678122,0.03155721617676631,0.9499864529464523
25877,LOF,0.12921374291935886,0.07927411529884551,0.7915121417817956
25878,LOF,0.07120116652518362,0.10544445030893507,0.8233543831658813
25879,LOF,0.026347494040741725,0.07820089824442408,0.8954516077148341
25880,LOF,0.05491251787050244,0.011348329157444674,0.9337391529720529
25881,Neutral,0.5437123256637257,0.05632560006242854,0.3999620742738456
25882,LOF,0.05905663709264878,0.029069955067790056,0.9118734078395611
25883,LOF,0.02893704191312372,0.02474440030752092,0.9463185577793554
25884,LOF,0.028537215073223064,0.04088855302541327,0.9305742319013637
25885,LOF,0.223587290508977,0.011155344758432556,0.7652573647325904
25886,LOF,0.15239069145841094,0.05764236062177509,0.7899669479198139
25887,LOF,0.20245612095663382,0.05843049218050888,0.7391133868628573
25888,LOF,0.01256251336245666,0.13372984045725766,0.8537076461802857
25889,LOF,0.03417514088267528,0.03003470858686201,0.9357901505304628
25890,LOF,0.13202024705029483,0.1077048478233805,0.7602749051263247
25891,LOF,0.09245306880578008,0.019282761937368505,0.8882641692568514
25892,LOF,0.00890669181498958,0.030992660178772214,0.9601006480062381
25893,LOF,0.3979869307855943,0.008485157117096197,0.5935279120973095
25894,LOF,0.44572044150415946,0.005160867491916426,0.5491186910039241
25895,LOF,0.332631230452952,0.011036670651228512,0.6563320988958196
25896,LOF,0.0650895429506295,0.015078236883121262,0.9198322201662492
25897,LOF,0.17667547703049039,0.008508653065124064,0.8148158699043855
25898,LOF,0.16154176387337493,0.02777349196212495,0.8106847441645001
25899,LOF,0.32160859609574777,0.018609173419450377,0.6597822304848019
25900,LOF,0.4303436168957726,0.007266996185831918,0.5623893869183955
25901,LOF,0.061668279372475904,0.0070212652479811665,0.9313104553795429
25902,LOF,0.16022291689035792,0.008499063629398028,0.831278019480244
25903,LOF,0.4047610349004093,0.025029997789801195,0.5702089673097895
25904,LOF,0.4583633746463602,0.023047393013872687,0.5185892323397672
25905,LOF,0.004243827616758863,0.49106987651702183,0.5046862958662194
25906,LOF,0.00931568834241261,0.1305869350260854,0.860097376631502
25907,LOF,0.004320909130063784,0.35586216907313606,0.6398169217968002
25908,LOF,0.004658363175091601,0.2579190033831036,0.7374226334418048
25909,LOF,0.022546730309840834,0.1743787419099077,0.8030745277802515
25910,LOF,0.010604945954975804,0.1431742026355346,0.8462208514094895
25911,LOF,0.34335957340332235,0.05136149970717933,0.6052789268894982
25912,LOF,0.063762607540805,0.05986818564019837,0.8763692068189967
25913,LOF,0.04831106500387654,0.07429961763333479,0.8773893173627887
25914,LOF,0.04130019390125808,0.04590286383692269,0.9127969422618191
25915,LOF,0.20470733452545478,0.20018643911818199,0.5951062263563632
25916,LOF,0.03539150040261545,0.13075604341323474,0.8338524561841498
25917,LOF,0.07251240502021865,0.04208492355367311,0.8854026714261083
25918,LOF,0.052673375564149395,0.02990806641817662,0.917418558017674
25919,LOF,0.04397833632555489,0.029989235443655667,0.9260324282307895
25920,LOF,0.1480419305699772,0.17560345273877023,0.6763546166912527
25921,LOF,0.016289984400012416,0.04274343389991746,0.9409665817000701
25922,LOF,0.017083246290382863,0.03623969196225985,0.9466770617473572
25923,LOF,0.44961278284622413,0.04017840285584402,0.5102088142979319
25924,LOF,0.023579060574263427,0.05779281646870242,0.9186281229570341
25925,LOF,0.07905380949641225,0.05519562180356534,0.8657505687000224
25926,LOF,0.056639880112910074,0.054786385513249755,0.8885737343738402
25927,LOF,0.023239591379603568,0.07572593949369713,0.9010344691266994
25928,LOF,0.010732055439070194,0.06256782363744184,0.926700120923488
25929,Neutral,0.5380819465071032,0.03826047438052685,0.42365757911237
25930,LOF,0.06817460868128046,0.03626898000231866,0.895556411316401
25931,LOF,0.014328041667493284,0.04116712825403459,0.9445048300784721
25932,LOF,0.05837989311822097,0.03279272723271777,0.9088273796490611
25933,LOF,0.05248970283493486,0.02210708734155142,0.9254032098235139
25934,LOF,0.049416369850119074,0.021201346025057848,0.9293822841248232
25935,LOF,0.06850905320445162,0.06803897168264332,0.8634519751129051
25936,LOF,0.08492783709261388,0.024440421021693953,0.8906317418856923
25937,LOF,0.014429550038751585,0.04145741066198404,0.9441130392992644
25938,LOF,0.06602211787190904,0.06507698541071948,0.8689008967173715
25939,LOF,0.03851990316200514,0.029056544091325142,0.9324235527466698
25940,LOF,0.009418343861019047,0.34607408956148994,0.644507566577491
25941,Neutral,0.5104743746487654,0.03643495498829903,0.45309067036293554
25942,LOF,0.009533548275486836,0.048536226420953225,0.9419302253035599
25943,LOF,0.04671530067667406,0.17984965854247323,0.7734350407808527
25944,LOF,0.06531192196804492,0.08670563824714177,0.8479824397848134
25945,LOF,0.11942328397159548,0.018370906953786143,0.8622058090746184
25946,LOF,0.07570544031799685,0.039882153675630055,0.884412406006373
25947,Neutral,0.46663179402285093,0.09498865238993949,0.4383795535872097
25948,LOF,0.434895109682402,0.013850698722261825,0.5512541915953362
25949,LOF,0.13278588694738286,0.07212333425095734,0.7950907788016598
25950,GOF,0.06718962847389412,0.6403683105740501,0.29244206095205577
25951,LOF,0.012715576030788127,0.423054113113141,0.5642303108560709
25952,LOF,0.28091351843176554,0.26681416030187327,0.4522723212663611
25953,LOF,0.00770639360957659,0.19278856818533285,0.7995050382050906
25954,GOF,0.09705297460041734,0.4571245412674512,0.4458224841321315
25955,LOF,0.0069202127391747095,0.16060874447797732,0.832471042782848
25956,LOF,0.020313355801371315,0.23523498394703218,0.7444516602515965
25957,LOF,0.21517652863995546,0.031523935730038324,0.7532995356300062
25958,LOF,0.03160868699806163,0.031946284547774276,0.936445028454164
25959,GOF,0.015763894104218457,0.4926284951451188,0.4916076107506626
25960,LOF,0.007474023496061464,0.05216329315017687,0.9403626833537617
25961,LOF,0.02975105020858101,0.031104206747682595,0.9391447430437363
25962,LOF,0.0362514950640724,0.07018715277954969,0.8935613521563779
25963,LOF,0.004995797175419356,0.18274994459285615,0.8122542582317246
25964,LOF,0.030891949197873105,0.0963863235968392,0.8727217272052877
25965,LOF,0.25218959970683297,0.1271062499354937,0.6207041503576733
25966,Neutral,0.46884938237406104,0.1542057682095558,0.3769448494163832
25967,LOF,0.009291990882583947,0.08934285171800377,0.9013651573994123
25968,LOF,0.044414565966603384,0.21447026904822505,0.7411151649851716
25969,LOF,0.122189660600734,0.04382296804478689,0.8339873713544791
25970,LOF,0.021021241988821607,0.06887958942537244,0.9100991685858061
25971,LOF,0.08634535575583147,0.02627694564544084,0.8873776985987276
25972,LOF,0.06583339474907791,0.03593096575717175,0.8982356394937503
25973,LOF,0.06662565622795528,0.007979102312678718,0.925395241459366
25974,LOF,0.055711186283920855,0.037862077695669356,0.9064267360204098
25975,LOF,0.04708172353111719,0.015063719902156636,0.9378545565667262
25976,LOF,0.11077646846019651,0.00904151334294192,0.8801820181968615
25977,LOF,0.18563394059522986,0.08204037293558653,0.7323256864691836
25978,LOF,0.1923673574650493,0.11736452340478865,0.6902681191301621
25979,LOF,0.15481503743753508,0.1337110134160448,0.7114739491464201
25980,LOF,0.2649487672975625,0.17367570255836617,0.5613755301440713
25981,LOF,0.2661224333944461,0.1747637629992447,0.5591138036063092
25982,Neutral,0.47472431914395186,0.0896809541630726,0.4355947266929754
25983,Neutral,0.48070545035755596,0.10621634209677593,0.41307820754566815
25984,LOF,0.03576862735058104,0.09139404142113411,0.8728373312282849
25985,LOF,0.41101202912147117,0.14807189034560383,0.44091608053292514
25986,LOF,0.012766452340300717,0.3936155551105625,0.5936179925491368
25987,LOF,0.05582874002940169,0.11518481659804992,0.8289864433725483
25988,LOF,0.04108767678916761,0.18936687453274248,0.7695454486780898
25989,LOF,0.03720852643262571,0.2244886138879777,0.7383028596793966
25990,LOF,0.038770296467004035,0.3232381877979983,0.6379915157349977
25991,LOF,0.027036029479750173,0.4247362810597013,0.5482276894605486
25992,LOF,0.024242038351309614,0.4355392271604464,0.5402187344882439
25993,LOF,0.027719404983010076,0.07671190708340762,0.8955686879335824
25994,LOF,0.022281310769269005,0.0786781924223197,0.8990404968084112
25995,LOF,0.021010984811530128,0.1509842675210031,0.8280047476674668
25996,Neutral,0.3383821461560001,0.3368922740400348,0.3247255798039651
25997,LOF,0.06183725409705912,0.40538141213101103,0.5327813337719299
25998,LOF,0.2513586907807455,0.044493496883952655,0.7041478123353019
25999,LOF,0.028131944832598215,0.19127107450523198,0.7805969806621698
26000,LOF,0.18014228417425096,0.03793830806547692,0.7819194077602721
26001,LOF,0.23874284457100242,0.049182523446778835,0.7120746319822188
26002,LOF,0.11353059347987132,0.06249797295088978,0.823971433569239
26003,GOF,0.005936915884350731,0.6410850062815794,0.3529780778340699
26004,GOF,0.008914133554271366,0.686730274238562,0.30435559220716657
26005,LOF,0.004086228009033363,0.48859212774067284,0.5073216442502938
26006,GOF,0.13278186237043368,0.5532529961978342,0.31396514143173215
26007,GOF,0.0075799623345835015,0.5456404725155628,0.4467795651498536
26008,GOF,0.00630195461177585,0.6515539742152417,0.3421440711729824
26009,GOF,0.007767763930787386,0.6614112277329822,0.33082100833623035
26010,GOF,0.009546985039632677,0.6345876709254943,0.35586534403487297
26011,LOF,0.0034774312362517183,0.452320773207549,0.5442017955561993
26012,GOF,0.005161506091739349,0.5113325141605033,0.4835059797477574
26013,GOF,0.006682849357053783,0.571610439375954,0.4217067112669921
26014,LOF,0.05385478098235219,0.11405428841540424,0.8320909306022435
26015,LOF,0.42767355277676045,0.02820170029153861,0.544124746931701
26016,LOF,0.3261738438406942,0.04910838110714694,0.6247177750521589
26017,LOF,0.023597210830415907,0.25117751541439975,0.7252252737551844
26018,LOF,0.027325384457619253,0.07011234708375251,0.9025622684586282
26019,LOF,0.027520165276163598,0.05880012934295449,0.9136797053808818
26020,LOF,0.009957261710974991,0.2360747192115364,0.7539680190774887
26021,LOF,0.07923240384886632,0.07779214315983192,0.8429754529913017
26022,LOF,0.04293428770760704,0.0297116989290402,0.9273540133633528
26023,LOF,0.030804486910534994,0.036802233284384214,0.9323932798050809
26024,LOF,0.05212191682493439,0.07349936619683167,0.8743787169782339
26025,LOF,0.06519700557709512,0.09648866227550802,0.8383143321473968
26026,LOF,0.12271899260923527,0.06974291750171238,0.8075380898890524
26027,LOF,0.024646750078431513,0.02866924533015087,0.9466840045914177
26028,LOF,0.11297163123689041,0.137748977381538,0.7492793913815716
26029,LOF,0.018098189557137646,0.18593118815392176,0.7959706222889406
26030,LOF,0.1624023637725511,0.02168390070969311,0.8159137355177558
26031,LOF,0.009315173274178861,0.1515664764188129,0.8391183503070082
26032,LOF,0.041891148174643136,0.04968984298821527,0.9084190088371416
26033,LOF,0.0690911612558293,0.04646950192089503,0.8844393368232757
26034,LOF,0.01228073928855735,0.13551819036863375,0.8522010703428089
26035,LOF,0.011063474508639086,0.10054527769141278,0.8883912477999483
26036,LOF,0.01092374947245781,0.11733520209680073,0.8717410484307415
26037,LOF,0.009347657647543604,0.09413797144228538,0.896514370910171
26038,LOF,0.03594258304306561,0.04557515077938174,0.9184822661775526
26039,LOF,0.024196750168095808,0.12187558720270053,0.8539276626292036
26040,LOF,0.11481534382102865,0.12494780736249901,0.7602368488164724
26041,LOF,0.01223758629181481,0.07994834481173352,0.9078140688964517
26042,LOF,0.01089281945447429,0.08931858863131259,0.8997885919142132
26043,LOF,0.035094584378200455,0.06041778960905687,0.9044876260127427
26044,LOF,0.014273991484448375,0.04377407505692258,0.941951933458629
26045,LOF,0.06747659136449911,0.09720913973424564,0.8353142689012553
26046,LOF,0.03107081063017598,0.04832657652957975,0.9206026128402444
26047,LOF,0.05000935228892813,0.047952063179489336,0.9020385845315826
26048,LOF,0.08269968786235142,0.024738159063991676,0.8925621530736568
26049,Neutral,0.9476132591896668,0.006961013015391787,0.04542572779494138
26050,Neutral,0.9242847694802341,0.007557098873907743,0.0681581316458583
26051,LOF,0.01525896880794283,0.09370352467959196,0.8910375065124652
26052,LOF,0.029941140482234774,0.10556562350815296,0.8644932360096123
26053,LOF,0.03381456514860576,0.16893448783508844,0.7972509470163058
26054,LOF,0.044512402031974416,0.02927260309370324,0.9262149948743224
26055,LOF,0.06268996099554264,0.02439100216945474,0.9129190368350026
26056,LOF,0.051074508069830236,0.032536335383709994,0.9163891565464597
26057,LOF,0.05226915791081355,0.015001956149313846,0.9327288859398726
26058,LOF,0.0557069581119049,0.012273955313300772,0.9320190865747943
26059,LOF,0.19808397240659265,0.030398928702210132,0.7715170988911972
26060,LOF,0.01576087403909779,0.19743591008082417,0.786803215880078
26061,LOF,0.012924875845081443,0.010457704310696614,0.9766174198442219
26062,LOF,0.007039788491423065,0.017797768835795397,0.9751624426727816
26063,LOF,0.035429407542706334,0.011227324644710818,0.9533432678125828
26064,LOF,0.011440357988651737,0.02482732999725563,0.9637323120140926
26065,LOF,0.04384275029269636,0.011871674223733955,0.9442855754835697
26066,LOF,0.04436791887799515,0.010673243677411832,0.9449588374445931
26067,LOF,0.051317594602232716,0.00991218910201646,0.9387702162957507
26068,LOF,0.05100871336377458,0.05030924150708724,0.8986820451291381
26069,LOF,0.16134605771562377,0.02962440057137314,0.8090295417130032
26070,LOF,0.3471204976569459,0.02356835380291014,0.629311148540144
26071,LOF,0.04204681626438752,0.011847759212144586,0.9461054245234678
26072,LOF,0.01122637704404345,0.020932353987096124,0.9678412689688605
26073,LOF,0.0379671922030661,0.013311133723052255,0.9487216740738816
26074,Neutral,0.9211538992390622,0.008538974204150972,0.07030712655678682
26075,LOF,0.05250366544854166,0.022826512762099658,0.9246698217893587
26076,LOF,0.053908892680485786,0.010935076705092599,0.9351560306144215
26077,LOF,0.16890474735145505,0.006855455087752934,0.8242397975607919
26078,LOF,0.009541277780680054,0.015436705262889086,0.9750220169564309
26079,LOF,0.06438951781684353,0.025835752126569134,0.9097747300565873
26080,LOF,0.06302244582796193,0.025885700070726336,0.9110918541013117
26081,LOF,0.031223018263156717,0.008506855869128511,0.9602701258677148
26082,LOF,0.0075768121806636555,0.014421790439941498,0.9780013973793948
26083,LOF,0.0937152903245309,0.020291766589525636,0.8859929430859433
26084,LOF,0.0958125134787615,0.014741769207666636,0.8894457173135718
26085,LOF,0.0886948054985535,0.012613009340912166,0.8986921851605344
26086,LOF,0.03817666930424899,0.012347620226063621,0.9494757104696873
26087,LOF,0.03553287869962568,0.010062911169877573,0.9544042101304967
26088,LOF,0.009345469326313603,0.020467893769531356,0.970186636904155
26089,LOF,0.04415521172281024,0.039447078164931065,0.9163977101122588
26090,LOF,0.04505840517139827,0.03072870672523942,0.9242128881033623
26091,LOF,0.030027364386212174,0.007690603193759937,0.9622820324200279
26092,LOF,0.04114578960746679,0.00853775280395606,0.9503164575885772
26093,LOF,0.07226737378703885,0.006090475243514149,0.921642150969447
26094,LOF,0.03389850549944305,0.007074473687572024,0.959027020812985
26095,LOF,0.03763719157299779,0.017303832987418367,0.9450589754395838
26096,LOF,0.23289728992591704,0.004827513918831057,0.7622751961552519
26097,LOF,0.009199419369746187,0.030360125398185327,0.9604404552320684
26098,LOF,0.08311137805568804,0.02060952275464907,0.8962790991896629
26099,LOF,0.04181810285851443,0.01563119214806971,0.9425507049934158
26100,LOF,0.04179886208919766,0.01563150603018663,0.9425696318806157
26101,LOF,0.0581674508814704,0.02690635488540946,0.9149261942331202
26102,LOF,0.032784976939682346,0.015328544367442024,0.9518864786928756
26103,Neutral,0.8775282910373419,0.027406324392835482,0.0950653845698225
26104,LOF,0.05848338402962434,0.04326263741774837,0.8982539785526273
26105,LOF,0.2493471410860241,0.1948603416618633,0.5557925172521125
26106,LOF,0.3029457842658002,0.1387461631115062,0.5583080526226936
26107,LOF,0.020547423087975678,0.10727153787535339,0.872181039036671
26108,LOF,0.2651841910456385,0.05425321203028977,0.6805625969240718
26109,LOF,0.09607008416327521,0.03712607673020427,0.8668038391065204
26110,LOF,0.48250160063345016,0.007159495415498717,0.5103389039510511
26111,LOF,0.04702945002339529,0.15180581727202985,0.8011647327045749
26112,LOF,0.04957986959157653,0.008969367944526428,0.9414507624638969
26113,LOF,0.09647435719489925,0.019272498151244655,0.8842531446538562
26114,LOF,0.09275609978973079,0.00611040957370639,0.9011334906365629
26115,LOF,0.013030807963683519,0.04425695892800026,0.9427122331083163
26116,LOF,0.06921062855420992,0.020949572626395272,0.9098397988193948
26117,LOF,0.40495867664257634,0.036742355922933574,0.5582989674344901
26118,LOF,0.045939120042805946,0.015733581022322682,0.9383272989348713
26119,LOF,0.006139052578273265,0.03419775190001943,0.9596631955217074
26120,LOF,0.03530657706626195,0.014602626397205519,0.9500907965365325
26121,LOF,0.004382764983432604,0.12296471542294717,0.8726525195936202
