feature0,prediction,LoGoFunc_Neutral,LoGoFunc_GOF,LoGoFunc_LOF
25546,Neutral,0.6762663989905451,0.052770565759461395,0.2709630352499936
25547,Neutral,0.4887923848035361,0.11405158776289989,0.397156027433564
25548,Neutral,0.493402180542943,0.08111263163485252,0.4254851878222046
25549,LOF,0.4346128888823559,0.07834497561408574,0.4870421355035584
25550,LOF,0.35178956096500136,0.14355696348289887,0.5046534755520997
25551,LOF,0.2558612000521152,0.16852509734171847,0.5756137026061663
25552,LOF,0.19248574112662867,0.15591514131698955,0.6515991175563818
25553,Neutral,0.8044782031620179,0.037713148454938165,0.15780864838304398
25554,LOF,0.22147460526475604,0.14770248434708408,0.63082291038816
25555,LOF,0.1876606305471112,0.12557017857524264,0.6867691908776462
25556,LOF,0.3959445739833933,0.13056834114545862,0.47348708487114816
25557,LOF,0.17499554336871537,0.1342797242617956,0.6907247323694891
25558,LOF,0.20873605620081595,0.14206684440776518,0.6491970993914189
25559,LOF,0.1953457325021449,0.152239464413262,0.652414803084593
25560,LOF,0.07094278412283626,0.1520193145093187,0.777037901367845
25561,LOF,0.14968832225160644,0.1349590520096386,0.7153526257387549
25562,LOF,0.07027731805940153,0.10451646136393992,0.8252062205766586
25563,LOF,0.09888048719953776,0.09235540969151146,0.8087641031089507
25564,LOF,0.22071815109201592,0.1613263606923963,0.6179554882155877
25565,LOF,0.13577836650903186,0.15988705574354184,0.7043345777474262
25566,GOF,0.01689200469920086,0.7886822693094225,0.1944257259913765
25567,LOF,0.01923931981915768,0.22577521779136084,0.7549854623894815
25568,LOF,0.05001087101397546,0.09425477557362366,0.8557343534124009
25569,LOF,0.052089527894919364,0.09138197548054341,0.8565284966245371
25570,LOF,0.03068093522292593,0.1399359990997261,0.829383065677348
25571,LOF,0.029722000834670546,0.13468854983892495,0.8355894493264046
25572,LOF,0.036204538968115506,0.15964595495511533,0.8041495060767692
25573,LOF,0.027343408089029787,0.12973766063610334,0.8429189312748668
25574,LOF,0.018806977636172166,0.19532828560037124,0.7858647367634565
25575,LOF,0.023734990811821746,0.14930276416205426,0.8269622450261239
25576,LOF,0.01275382730493819,0.18605236480676732,0.8011938078882945
25577,LOF,0.01096309167475997,0.15078099769157532,0.8382559106336647
25578,LOF,0.26205538853706856,0.12688196268687893,0.6110626487760525
25579,LOF,0.1631160946722196,0.1360792007381811,0.7008047045895992
25580,LOF,0.01756570751768,0.11517423983343329,0.8672600526488866
25581,LOF,0.04313297855613974,0.09295284767966912,0.8639141737641911
25582,LOF,0.04296683746995504,0.09164618694706334,0.8653869755829816
25583,LOF,0.020682176739160247,0.1288232775120784,0.8504945457487615
25584,Neutral,0.5214760586452892,0.1334898312696077,0.3450341100851031
25585,LOF,0.013284556740724214,0.1756279396234902,0.8110875036357855
25586,LOF,0.015621519738461485,0.10918583315872989,0.8751926471028086
25587,LOF,0.01569684635925039,0.10235940303591791,0.8819437506048317
25588,LOF,0.01618458055036765,0.12315310117288451,0.8606623182767478
25589,Neutral,0.5720010912617466,0.16130694400706547,0.26669196473118795
25590,LOF,0.01980374480734279,0.15569499833087533,0.8245012568617819
25591,LOF,0.08125353189612863,0.07931361572274548,0.8394328523811259
25592,LOF,0.04475582311273132,0.17989901144409076,0.7753451654431779
25593,LOF,0.023346668906271312,0.3038008792366718,0.6728524518570569
25594,LOF,0.038590438530433195,0.12304168595093833,0.8383678755186283
25595,LOF,0.04555764440940839,0.09652164854808006,0.8579207070425116
25596,LOF,0.06106877610787131,0.07533818863129031,0.8635930352608383
25597,LOF,0.04059922381168402,0.08260417008312797,0.8767966061051881
25598,LOF,0.037038677276381556,0.11432319865156805,0.8486381240720504
25599,GOF,0.009068478780893502,0.5802559673013847,0.4106755539177218
25600,GOF,0.029807278604088137,0.5957314114581566,0.3744613099377552
25601,LOF,0.016981556414776534,0.39304082533306295,0.5899776182521604
25602,LOF,0.014956878502402966,0.05222763508555943,0.9328154864120377
25603,LOF,0.05562492160911951,0.020588503385307606,0.9237865750055729
25604,LOF,0.01700519687026904,0.07637555488258244,0.9066192482471485
25605,LOF,0.008647963851357477,0.20720586233730973,0.7841461738113328
25606,LOF,0.12370322451902767,0.36265143706271064,0.5136453384182617
25607,LOF,0.00567376988960283,0.22051400752164949,0.7738122225887477
25608,LOF,0.011364722553599103,0.11427613109332507,0.8743591463530759
25609,LOF,0.07135873530765825,0.42497618870738996,0.5036650759849518
25610,LOF,0.019514282942729548,0.029495666135202284,0.9509900509220681
25611,LOF,0.020601373306212204,0.029359642364022397,0.9500389843297655
25612,LOF,0.06473267688872861,0.04190786232103901,0.8933594607902323
25613,LOF,0.054075123642128714,0.045270752779914734,0.9006541235779565
25614,LOF,0.025838066346506185,0.03325271233366707,0.9409092213198268
25615,LOF,0.01859078143435409,0.043689748964381714,0.9377194696012642
25616,LOF,0.06102053473309121,0.031232199915442186,0.9077472653514667
25617,LOF,0.05587466699832953,0.0354682213408771,0.9086571116607934
25618,LOF,0.07392901617939876,0.036871941682480994,0.8891990421381202
25619,LOF,0.017853021739011966,0.03468038587210085,0.9474665923888873
25620,LOF,0.07170184100833882,0.039315166752267365,0.8889829922393938
25621,LOF,0.018796085348320998,0.0466147032861927,0.9345892113654863
25622,LOF,0.02373488897606856,0.03783707696940562,0.9384280340545259
25623,LOF,0.04076080005207013,0.02686205097392534,0.9323771489740046
25624,LOF,0.021245431989619958,0.04024739003929935,0.9385071779710807
25625,LOF,0.02708875275125364,0.04991015380408054,0.923001093444666
25626,LOF,0.05748442850107105,0.036588209856404014,0.9059273616425251
25627,Neutral,0.5616485013548135,0.1393184051003423,0.2990330935448442
25628,LOF,0.205450524915228,0.05834554804105553,0.7362039270437164
25629,LOF,0.04774382238174092,0.061911726852332934,0.890344450765926
25630,LOF,0.13993842102639073,0.10191415326373604,0.7581474257098731
25631,Neutral,0.612677464612453,0.06781363406343122,0.3195089013241158
25632,LOF,0.00729529749342282,0.084665609921718,0.9080390925848593
25633,LOF,0.2669076413432342,0.06763881541159242,0.6654535432451735
25634,LOF,0.031134832245267554,0.12426948744191617,0.8445956803128162
25635,LOF,0.02963787002432123,0.07645124728010683,0.893910882695572
25636,GOF,0.005654075211541291,0.5777032920761488,0.4166426327123099
25637,GOF,0.007480307097593063,0.5976362115689858,0.39488348133342105
25638,LOF,0.012318136856940613,0.2740612494356195,0.7136206137074398
25639,LOF,0.006201298839737023,0.4408786737585564,0.5529200274017066
25640,Neutral,0.45955982681402535,0.4468822931883222,0.09355787999765248
25641,LOF,0.01164493209219279,0.32476940145439925,0.663585666453408
25642,LOF,0.2427562467920926,0.07541336167106273,0.6818303915368448
25643,LOF,0.14956865926098584,0.1977640144445714,0.6526673262944428
25644,GOF,0.010846374584203494,0.5412341518824577,0.44791947353333883
25645,LOF,0.009069012113845367,0.4617947660598581,0.5291362218262966
25646,LOF,0.013655601289059729,0.34434057443480615,0.6420038242761341
25647,LOF,0.011492088086580116,0.2994904949376471,0.6890174169757728
25648,LOF,0.010034843655665614,0.28392644351872,0.7060387128256145
25649,LOF,0.008475258173917966,0.2151446423654172,0.7763800994606648
25650,LOF,0.01469060338989759,0.44803971317241614,0.5372696834376863
25651,LOF,0.006187748020896678,0.3053044352073527,0.6885078167717507
25652,LOF,0.009966030921415134,0.2808085636486922,0.7092254054298927
25653,LOF,0.032248818142954036,0.4291478273435017,0.5386033545135442
25654,LOF,0.012039691212321771,0.1733351156834603,0.814625193104218
25655,LOF,0.05318788124510681,0.44306132132910553,0.5037507974257877
25656,LOF,0.1938553352541747,0.04718820315895217,0.7589564615868731
25657,LOF,0.27182793704422703,0.026596803018794746,0.7015752599369782
25658,LOF,0.08088902529347611,0.07099301406334384,0.8481179606431801
25659,LOF,0.3880810611656064,0.06194338023375833,0.5499755586006353
25660,LOF,0.033336591024945454,0.10013503688284452,0.8665283720922101
25661,LOF,0.10559202626450977,0.062293996530013995,0.8321139772054762
25662,LOF,0.02537998294863328,0.04576225259000599,0.9288577644613607
25663,LOF,0.034313134463473643,0.0624633795318493,0.9032234860046771
25664,LOF,0.03833069306826533,0.07411597780392193,0.8875533291278128
25665,LOF,0.05126018663003405,0.03742259213358508,0.9113172212363809
25666,LOF,0.04458072890148881,0.100237476253903,0.8551817948446081
25667,LOF,0.0766146086141073,0.04919293865865096,0.8741924527272418
25668,LOF,0.029389483678748697,0.05140163436289381,0.9192088819583575
25669,LOF,0.03151630997501073,0.07840105625018527,0.890082633774804
25670,LOF,0.0584478722526652,0.06414089618480211,0.8774112315625328
25671,LOF,0.09058049158966618,0.04326676897525284,0.8661527394350811
25672,LOF,0.05215234765559778,0.050521597480698476,0.8973260548637038
25673,LOF,0.028658433941475266,0.060632214000177265,0.9107093520583474
25674,LOF,0.02250906344447797,0.07304671899498323,0.9044442175605388
25675,LOF,0.03760631909004116,0.07298428297062025,0.8894093979393385
25676,LOF,0.021049354513240033,0.06466582048668681,0.9142848250000731
25677,LOF,0.03043807065766695,0.07124778607330205,0.8983141432690309
25678,LOF,0.20288602751914914,0.04921356759522213,0.7479004048856286
25679,LOF,0.15579860147251978,0.07357764751528777,0.7706237510121925
25680,LOF,0.03904616398614877,0.11766118585266613,0.843292650161185
25681,LOF,0.0652963073095639,0.10528379038304805,0.829419902307388
25682,LOF,0.12674826857593927,0.07219572244202224,0.8010560089820383
25683,LOF,0.09609341274461991,0.10233405991308438,0.8015725273422958
25684,LOF,0.04348606763969057,0.08243176401165482,0.8740821683486547
25685,LOF,0.0812194809120642,0.07362357630408087,0.8451569427838549
25686,LOF,0.028843584951492637,0.09559932326821331,0.8755570917802941
25687,LOF,0.04870394572844277,0.08071765740163522,0.8705783968699221
25688,LOF,0.04895933799965962,0.054133886358428945,0.8969067756419116
25689,LOF,0.030437141761830343,0.05978365062420773,0.909779207613962
25690,LOF,0.033414982217657235,0.05137487443229591,0.9152101433500469
25691,LOF,0.2829047305383975,0.06520669170132513,0.6518885777602773
25692,LOF,0.2569022216102674,0.007399249327692471,0.7356985290620403
25693,LOF,0.08731632142896696,0.19080830737446092,0.7218753711965721
25694,LOF,0.24721516941859004,0.014122873749295911,0.738661956832114
25695,LOF,0.16361812455761296,0.03084594829169573,0.8055359271506913
25696,LOF,0.11440558330020856,0.014070603620401951,0.8715238130793895
25697,LOF,0.0817510079320458,0.030339062728489467,0.8879099293394648
25698,LOF,0.04181134071599638,0.4661112408309252,0.4920774184530784
25699,LOF,0.06624013017931947,0.07813022878688702,0.8556296410337935
25700,LOF,0.061368262348922065,0.008472842665547597,0.9301588949855304
25701,LOF,0.018205021859959012,0.07629448179335434,0.9055004963466866
25702,GOF,0.03104845653507686,0.6964309767159957,0.2725205667489274
25703,LOF,0.008613939463170104,0.16589624830818375,0.8254898122286461
25704,LOF,0.045526107714007814,0.16171744132313426,0.792756450962858
25705,LOF,0.06136041876035769,0.22042157213189878,0.7182180091077436
25706,GOF,0.038059621634725684,0.5375489407099537,0.42439143765532067
25707,LOF,0.024369712915226546,0.47682916989302393,0.4988011171917496
25708,LOF,0.007894474712642888,0.39539463671215663,0.5967108885752006
25709,LOF,0.06148184965938245,0.061011157512257094,0.8775069928283604
25710,LOF,0.005517130672759176,0.16429303049995636,0.8301898388272844
25711,LOF,0.021248382630976444,0.11869954638362205,0.8600520709854015
25712,LOF,0.00730244556094073,0.18080861099849999,0.8118889434405593
25713,LOF,0.01895684534629057,0.10146278069681235,0.879580373956897
25714,LOF,0.07551949022459559,0.12074083011654514,0.8037396796588593
25715,LOF,0.013766235350555678,0.13440559073357394,0.8518281739158704
25716,LOF,0.006297472537519843,0.10342746572318091,0.8902750617392992
25717,LOF,0.005123594450014609,0.1062491179519765,0.8886272875980089
25718,LOF,0.014532991663431919,0.08324572061971972,0.9022212877168484
25719,LOF,0.025262529824752574,0.09546379863295204,0.8792736715422954
25720,LOF,0.025223921860994432,0.08336477383975362,0.891411304299252
25721,LOF,0.017115613596251786,0.11069520640345965,0.8721891800002886
25722,LOF,0.013990087209437823,0.14216558488206463,0.8438443279084976
25723,LOF,0.02086247631334842,0.07286233397455316,0.9062751897120984
25724,LOF,0.022594253917526255,0.11202752921854041,0.8653782168639333
25725,LOF,0.014389901407103368,0.08199693929284739,0.9036131593000492
25726,LOF,0.012177884600099508,0.11535411724620545,0.8724679981536951
25727,LOF,0.015439181021386009,0.09435773059494577,0.8902030883836681
25728,LOF,0.012841307331974161,0.11766645344352249,0.8694922392245032
25729,LOF,0.013493517912638184,0.11907591738606157,0.8674305647013003
25730,LOF,0.014128973477950333,0.10529291411366448,0.8805781124083851
25731,LOF,0.008000558479685987,0.14342149713865104,0.848577944381663
25732,LOF,0.014082745308572257,0.10007664344009189,0.885840611251336
25733,LOF,0.019263695064156643,0.08609392441146219,0.894642380524381
25734,LOF,0.005088152015492316,0.1543410889519503,0.8405707590325574
25735,LOF,0.01615494004637939,0.08775953589149943,0.8960855240621212
25736,LOF,0.014852222046258521,0.13364621855677616,0.8515015593969653
25737,LOF,0.02332848182408676,0.09220467282080627,0.8844668453551069
25738,LOF,0.015403564089595452,0.14592071764712586,0.8386757182632787
25739,LOF,0.0234675005893228,0.11829524407526452,0.8582372553354126
25740,LOF,0.0338985373007681,0.14254004979606255,0.8235614129031693
25741,LOF,0.018275188972837125,0.11441766529398092,0.867307145733182
25742,LOF,0.12025487819594727,0.10413616718677622,0.7756089546172765
25743,LOF,0.014791172691548497,0.041833501866523716,0.9433753254419278
25744,GOF,0.2025430167969872,0.4196575154602363,0.37779946774277656
25745,LOF,0.02625741696493955,0.055349266833052455,0.918393316202008
25746,LOF,0.014953440813015688,0.07123213783705731,0.913814421349927
25747,LOF,0.02860595509746581,0.03516064828184306,0.9362333966206912
25748,LOF,0.14376656320434777,0.06473773196564542,0.7914957048300069
25749,LOF,0.0155162650056587,0.04373107501761907,0.9407526599767222
25750,LOF,0.029590646502127,0.06898039809554159,0.9014289554023314
25751,LOF,0.1161657455468734,0.0641397180828326,0.819694536370294
25752,GOF,0.10084471130306485,0.6317748986065782,0.26738039009035686
25753,LOF,0.007213417062056076,0.4015835434562205,0.5912030394817235
25754,GOF,0.004879191628870678,0.860626901410417,0.13449390696071234
25755,LOF,0.009609935016800243,0.4594843444520256,0.5309057205311742
25756,LOF,0.04474182381138858,0.4569667528921226,0.4982914232964889
25757,GOF,0.006001684452037483,0.871908551941841,0.12208976360612153
25758,GOF,0.006509994423958362,0.8539238949166531,0.13956611065938862
25759,GOF,0.004457832538807228,0.5416807261859233,0.45386144127526945
25760,LOF,0.004406021760116857,0.3138934796284336,0.6817004986114497
25761,GOF,0.03510983905021132,0.8396789076126079,0.12521125333718078
25762,LOF,0.027792340362771433,0.36430949919667227,0.6078981604405562
25763,LOF,0.0056651569629514896,0.2700726935972606,0.724262149439788
25764,GOF,0.1426046317299903,0.5197231081545548,0.33767226011545487
25765,GOF,0.01049266124381226,0.7923282313785035,0.19717910737768415
25766,GOF,0.016432098105874947,0.7799325219489204,0.20363537994520478
25767,GOF,0.021913012082180286,0.49582259509964743,0.4822643928181723
25768,LOF,0.0854049255146594,0.0651736440264916,0.849421430458849
25769,LOF,0.08002341243432187,0.049285907704816036,0.870690679860862
25770,LOF,0.245926426698048,0.058947657982346906,0.6951259153196051
25771,LOF,0.012834464521465446,0.05430378970124167,0.932861745777293
25772,LOF,0.016756923910538984,0.0227433827368671,0.9604996933525939
25773,LOF,0.010112170082284823,0.09228496138603601,0.8976028685316793
25774,LOF,0.023511888621089543,0.06648078445681044,0.9100073269221
25775,LOF,0.015558601101666812,0.04084189516546548,0.9435995037328677
25776,LOF,0.07855555799036065,0.017959880431687378,0.903484561577952
25777,LOF,0.28497037649426904,0.04485524061467577,0.6701743828910551
25778,LOF,0.0664400665316781,0.03538772136406512,0.8981722121042567
25779,GOF,0.059098820331442335,0.869815665718793,0.07108551394976467
25780,GOF,0.05772869533247999,0.854076036672843,0.08819526799467703
25781,GOF,0.02534946311879373,0.8303938218879354,0.14425671499327086
25782,GOF,0.02897569466919613,0.880483217619936,0.09054108771086793
25783,GOF,0.013907996756245856,0.6849184792848866,0.3011735239588675
25784,GOF,0.11626169304303098,0.8310144552691507,0.05272385168781827
25785,GOF,0.07261361731346255,0.8735610434960981,0.053825339190439365
25786,GOF,0.004971377285691273,0.8060388855165953,0.1889897371977136
25787,GOF,0.20088098045831546,0.7571457703216555,0.041973249220029075
25788,LOF,0.0455198049756374,0.1341055764106425,0.8203746186137202
25789,GOF,0.03300570448856687,0.824693177472988,0.1423011180384451
25790,GOF,0.03436916006234656,0.8604281347549473,0.10520270518270608
25791,GOF,0.023392292972591183,0.8326306645439986,0.1439770424834102
25792,GOF,0.03663789186957663,0.831216978526334,0.13214512960408933
25793,GOF,0.09465224382608863,0.7990140978543093,0.10633365831960201
25794,GOF,0.08939159033665095,0.7210847965363735,0.1895236131269756
25795,GOF,0.02423938976512839,0.7341410021704801,0.2416196080643916
25796,GOF,0.12974423144049405,0.7475267855369528,0.12272898302255317
25797,GOF,0.03214166785268753,0.609089311859536,0.3587690202877765
25798,GOF,0.0030183316335521604,0.5938636693037808,0.4031179990626671
25799,LOF,0.0027491226538643417,0.46774000503689234,0.5295108723092433
25800,GOF,0.009409611010508481,0.6516744623662171,0.33891592662327436
25801,GOF,0.024803950957122012,0.8306049671021537,0.14459108194072434
25802,GOF,0.015242667456707633,0.7503981190653537,0.23435921347793875
25803,GOF,0.009120661458705891,0.6544422496311793,0.33643708891011487
25804,GOF,0.00992233462939357,0.5414144813425747,0.4486631840280317
25805,GOF,0.018269583515323082,0.6380894424645868,0.3436409740200902
25806,GOF,0.016929711587069858,0.6799487821260779,0.30312150628685225
25807,GOF,0.00473587612282513,0.6588564179264332,0.33640770595074165
25808,GOF,0.012741911605026843,0.68142501994355,0.3058330684514231
25809,GOF,0.005528931514557922,0.6659360642270613,0.3285350042583806
25810,GOF,0.00466122566812517,0.6779246484476277,0.3174141258842471
25811,GOF,0.07449467158959919,0.830904327067196,0.09460100134320482
25812,GOF,0.012145787190720143,0.6726526470047843,0.3152015658044956
25813,GOF,0.09437954750561003,0.7825487722680952,0.1230716802262947
25814,GOF,0.020276489161936542,0.7233872603089506,0.2563362505291129
25815,GOF,0.03514577843852824,0.7612877675621074,0.20356645399936446
25816,GOF,0.00698204486944941,0.8216562916136361,0.17136166351691454
25817,GOF,0.06533962598999601,0.7726952564462113,0.1619651175637928
25818,GOF,0.019345576417279034,0.7638476442326878,0.2168067793500331
25819,GOF,0.07148110170882631,0.7482189888977924,0.18029990939338128
25820,GOF,0.031023482760231126,0.7375536159344735,0.23142290130529536
25821,GOF,0.016790861987983692,0.7230116707949841,0.2601974672170323
25822,GOF,0.03599104338741886,0.7538210740844806,0.2101878825281005
25823,GOF,0.0115654061534019,0.603822702116376,0.38461189173022203
25824,GOF,0.02060479909652173,0.7274821272772675,0.2519130736262108
25825,GOF,0.01149230479784264,0.7071117488020779,0.28139594640007953
25826,GOF,0.005108324659232867,0.6680599969686354,0.32683167837213173
25827,GOF,0.007488347812472668,0.6590844111487097,0.33342724103881766
25828,GOF,0.004746991547577521,0.6055886238418614,0.3896643846105611
25829,GOF,0.0028934503460831115,0.6691371010439775,0.3279694486099395
25830,LOF,0.028734687059161625,0.3976168244104253,0.5736484885304132
25831,GOF,0.033683298611431246,0.8481073739729168,0.11820932741565196
25832,GOF,0.0076903850883200614,0.7742437019131427,0.2180659129985372
25833,GOF,0.025210287193002917,0.8118847343007423,0.16290497850625468
25834,GOF,0.007522009331319115,0.7860273774109222,0.2064506132577588
25835,GOF,0.016373868823649593,0.8313554157112363,0.1522707154651142
25836,GOF,0.005938165562475328,0.7880419118596427,0.206019922577882
25837,GOF,0.005846680089487766,0.6921042066156934,0.30204911329481887
25838,GOF,0.016517643634423276,0.8448538810538525,0.13862847531172406
25839,GOF,0.03640253685116352,0.8223065802142651,0.1412908829345714
25840,GOF,0.035674251712607456,0.8285489489186408,0.13577679936875164
25841,GOF,0.03472167477040079,0.8462503454689629,0.11902797976063621
25842,GOF,0.02185182874052095,0.8800995070842523,0.09804866417522676
25843,GOF,0.025463116570384976,0.8884348198113934,0.08610206361822167
25844,GOF,0.01481709971435466,0.7964774516793216,0.18870544860632366
25845,GOF,0.005186726976677136,0.6003191446667856,0.3944941283565373
25846,GOF,0.02657015029707171,0.8470898055635259,0.12634004413940234
25847,GOF,0.016104955788799686,0.8945685441819196,0.08932650002928086
25848,GOF,0.013980620594265284,0.8404674160599357,0.14555196334579906
25849,GOF,0.004969737798044435,0.7147825806916723,0.28024768151028306
25850,GOF,0.005954064249770245,0.7274751277950066,0.2665708079552231
25851,GOF,0.005437784229901557,0.6065237040726923,0.3880385116974063
25852,GOF,0.14597475047885503,0.577221319163425,0.27680393035772
25853,GOF,0.06789120043985188,0.8411769733616843,0.0909318261984639
25854,GOF,0.008849931416617801,0.671807640788773,0.31934242779460925
25855,GOF,0.011257288642452908,0.6126745439497928,0.3760681674077544
25856,GOF,0.03240817173724275,0.7380083770196093,0.2295834512431479
25857,GOF,0.014031014865760565,0.5691673314110688,0.4168016537231707
25858,GOF,0.007452887598269563,0.5944185461190842,0.39812856628264626
25859,GOF,0.005072765627194287,0.561612064907418,0.4333151694653877
25860,GOF,0.06715271445197608,0.8004538120437972,0.13239347350422678
25861,GOF,0.11074539743591853,0.7983828872825914,0.09087171528149003
25862,GOF,0.018757610045250953,0.8454446286423606,0.13579776131238855
25863,GOF,0.017055653510574465,0.8516477190340211,0.13129662745540438
25864,GOF,0.0391016465948725,0.8776027042123066,0.08329564919282093
25865,GOF,0.0261039358949111,0.8420407976110295,0.13185526649405935
25866,GOF,0.020587191738433316,0.8380164220512775,0.14139638621028905
25867,GOF,0.02358155681004712,0.8638792675579822,0.11253917563197058
25868,GOF,0.04564515062101882,0.8118020289979322,0.142552820381049
25869,GOF,0.2951678643835993,0.6166362945229599,0.08819584109344074
25870,GOF,0.1759358088715271,0.5743445006097027,0.24971969051877027
25871,GOF,0.01994970395880021,0.8853745047824327,0.09467579125876716
25872,GOF,0.016486626410799298,0.8533359137333905,0.1301774598558103
25873,GOF,0.016344009892754766,0.8731607319167473,0.11049525819049794
25874,LOF,0.01614504080060215,0.13998835608532542,0.8438666031140725
25875,LOF,0.030458123900985956,0.04075221245850231,0.9287896636405119
25876,LOF,0.01416574602206535,0.03393922871449301,0.9518950252634416
25877,LOF,0.12634868847816852,0.06679658604747041,0.8068547254743611
25878,LOF,0.04972117714276193,0.09291107013154462,0.8573677527256934
25879,LOF,0.022417337608238972,0.07571422436499185,0.9018684380267693
25880,LOF,0.0447008679087981,0.010450833730897478,0.9448482983603045
25881,Neutral,0.5743611446981772,0.07628593496217288,0.3493529203396498
25882,LOF,0.023496045013068702,0.04871187727526012,0.927792077711671
25883,LOF,0.05456969060848042,0.029225939487415503,0.916204369904104
25884,LOF,0.011441465811864811,0.06563924669521252,0.9229192874929226
25885,LOF,0.19106867163265026,0.0099071246912925,0.7990242036760572
25886,LOF,0.20419669164711793,0.06216015395171756,0.7336431544011645
25887,LOF,0.15803016686256777,0.07718089298728169,0.7647889401501506
25888,LOF,0.012190628976338654,0.17025084098182927,0.8175585300418321
25889,LOF,0.017010815256817222,0.040738743916131206,0.9422504408270516
25890,LOF,0.12524859385539988,0.11771237987963917,0.7570390262649609
25891,LOF,0.04942905937481272,0.05372193327082219,0.896849007354365
25892,LOF,0.010177496570331146,0.046693058096497916,0.9431294453331709
25893,LOF,0.36598074175532563,0.012863881548243146,0.6211553766964313
25894,LOF,0.4024780967275586,0.008114468676792795,0.5894074345956487
25895,LOF,0.34377257288636537,0.016880438709642454,0.6393469884039922
25896,LOF,0.043514229317897016,0.03427291327562919,0.9222128574064739
25897,LOF,0.1821118459965943,0.012604423966354134,0.8052837300370516
25898,LOF,0.21706359196221353,0.04340633737948656,0.7395300706583
25899,LOF,0.23400191109721044,0.03508236592452399,0.7309157229782656
25900,LOF,0.4400118182180977,0.010659923516133075,0.5493282582657694
25901,LOF,0.04210297575114391,0.013561541023180667,0.9443354832256755
25902,LOF,0.095930790560627,0.019441324584678402,0.8846278848546946
25903,LOF,0.318221113873384,0.035405545927698144,0.6463733401989179
25904,Neutral,0.49466100894395104,0.047016241132197906,0.45832274992385114
25905,LOF,0.007589515436944929,0.39940156327005,0.5930089212930052
25906,LOF,0.008445594409873483,0.09549555115678193,0.8960588544333447
25907,LOF,0.004317894810544148,0.31955922792029795,0.6761228772691578
25908,LOF,0.004063814174184792,0.21938799278721605,0.7765481930385991
25909,LOF,0.016135882913329028,0.13960960394900762,0.8442545131376633
25910,LOF,0.017807790082419412,0.13525215451344766,0.846940055404133
25911,LOF,0.18410658254884324,0.03026658857622971,0.785626828874927
25912,LOF,0.0697744406291897,0.0518470152462569,0.8783785441245535
25913,LOF,0.06241244346752808,0.0569782042581533,0.8806093522743187
25914,LOF,0.020700853189564283,0.07049813160035837,0.9088010152100773
25915,LOF,0.13556219312947476,0.2956399799358087,0.5687978269347166
25916,LOF,0.019772963306649505,0.1960783806709257,0.7841486560224247
25917,LOF,0.05734229072076021,0.046666055003893724,0.895991654275346
25918,LOF,0.025676911306761228,0.04144345984869041,0.9328796288445483
25919,LOF,0.022554336053018695,0.04140227912847973,0.9360433848185015
25920,LOF,0.10516230871701963,0.21318772337285335,0.6816499679101271
25921,LOF,0.009192935404594066,0.040758839892622925,0.950048224702783
25922,LOF,0.011295999515303393,0.030584829331989,0.9581191711527075
25923,LOF,0.40803373905990276,0.037355170961670216,0.5546110899784271
25924,LOF,0.017113965704682148,0.048186682972938634,0.9346993513223791
25925,LOF,0.07172025758201356,0.048782191308287474,0.8794975511096988
25926,LOF,0.052119904882097334,0.04524951250766914,0.9026305826102334
25927,LOF,0.020009696208534596,0.06268900869027612,0.9173012951011893
25928,LOF,0.007023602229296111,0.05608328839009081,0.9368931093806131
25929,Neutral,0.4928895111053595,0.03455571636881165,0.47255477252582884
25930,LOF,0.08327216359346938,0.029950803754574425,0.8867770326519562
25931,LOF,0.009470422798896119,0.035984678860832564,0.9545448983402712
25932,LOF,0.033370786399967,0.027861308472333632,0.9387679051276994
25933,LOF,0.04173509798258324,0.017333748548556713,0.9409311534688599
25934,LOF,0.02824730518820502,0.017872477252770035,0.953880217559025
25935,LOF,0.07027164303376252,0.05452396836670301,0.8752043885995345
25936,LOF,0.04228251521499446,0.02112848613575036,0.9365889986492553
25937,LOF,0.008691398476180563,0.030376351408426813,0.9609322501153925
25938,LOF,0.06802110910119806,0.04931530540810888,0.882663585490693
25939,LOF,0.03395527302790892,0.020955237835932804,0.9450894891361582
25940,LOF,0.008252717909086181,0.34667632910798707,0.6450709529829267
25941,Neutral,0.5314724598985802,0.02963040999880232,0.4388971301026175
25942,LOF,0.005698641839058162,0.046544485815457955,0.9477568723454839
25943,LOF,0.03154981177535854,0.15379725315315226,0.8146529350714892
25944,LOF,0.1056386089259263,0.07428945319043882,0.8200719378836349
25945,LOF,0.05445004391186554,0.01961316838163192,0.9259367877065026
25946,LOF,0.07180270158173202,0.050131947066592256,0.8780653513516757
25947,Neutral,0.5207951675347218,0.07490732556279878,0.40429750690247945
25948,LOF,0.3361425321298546,0.01202315766574577,0.6518343102043996
25949,LOF,0.09373554516883421,0.06242124003380348,0.8438432147973622
25950,GOF,0.04101348631507276,0.5917932126057447,0.36719330107918247
25951,LOF,0.012182249984363184,0.41590844142588246,0.5719093085897543
25952,LOF,0.23305476066935762,0.2963082417406399,0.4706369975900025
25953,LOF,0.012544008684089062,0.18994357632285372,0.7975124149930571
25954,LOF,0.048132000071216784,0.4452852980757968,0.5065827018529864
25955,LOF,0.00994971578604799,0.13653765310525523,0.8535126311086968
25956,LOF,0.028817937873483974,0.2888365564858706,0.6823455056406456
25957,LOF,0.21020948392480462,0.03817003879213688,0.7516204772830585
25958,LOF,0.053102243355797774,0.031063827705051072,0.9158339289391512
25959,LOF,0.013423740870116878,0.4744699912806864,0.5121062678491968
25960,LOF,0.00529650567620204,0.05613083181348405,0.9385726625103139
25961,LOF,0.053454334460939286,0.02832221989299277,0.918223445646068
25962,LOF,0.033813253966682714,0.07561657729603041,0.8905701687372868
25963,LOF,0.005967356586105001,0.25927352842420626,0.7347591149896887
25964,LOF,0.03027963772965866,0.09808716265395787,0.8716331996163834
25965,LOF,0.2838463804807417,0.139350676852555,0.5768029426667034
25966,LOF,0.43125278299751674,0.11973654934452563,0.4490106676579577
25967,LOF,0.00590210889098059,0.06286108935184898,0.9312368017571705
25968,LOF,0.04356868286287187,0.22773955291226966,0.7286917642248584
25969,LOF,0.12318682659825703,0.06391823929794765,0.8128949341037953
25970,LOF,0.018436549648858158,0.08591337990865444,0.8956500704424873
25971,LOF,0.06821391364304497,0.02919065575357541,0.9025954306033797
25972,LOF,0.05726536823234165,0.038400542328674576,0.9043340894389839
25973,LOF,0.05826446329580616,0.012723614233568376,0.9290119224706256
25974,LOF,0.04227581271235131,0.03536291895321773,0.9223612683344309
25975,LOF,0.04136349435137188,0.025563656523062923,0.9330728491255651
25976,LOF,0.1218325877362766,0.011432992526109334,0.866734419737614
25977,LOF,0.2052080556715794,0.05422310514042713,0.7405688391879935
25978,LOF,0.1394359781058368,0.1451679397386742,0.715396082155489
25979,LOF,0.12113559700736903,0.15745230034171914,0.7214121026509117
25980,LOF,0.2370685275435295,0.15779325487041704,0.6051382175860535
25981,LOF,0.237253240769572,0.1584755815793207,0.6042711776511073
25982,LOF,0.3696346945735186,0.1108650235166561,0.5195002819098253
25983,LOF,0.3762499213245473,0.13380325512005248,0.4899468235554002
25984,LOF,0.03701512942234154,0.07279970332520175,0.8901851672524567
25985,LOF,0.4285906890582952,0.1384295981495284,0.4329797127921763
25986,LOF,0.01062555899363496,0.4527465076916101,0.5366279333147549
25987,LOF,0.036964073712689005,0.1299217437341251,0.8331141825531859
25988,LOF,0.13759589135247713,0.12937866040810422,0.7330254482394187
25989,LOF,0.040625503544386696,0.17369545752693807,0.7856790389286753
25990,LOF,0.04118784590956041,0.25455179462112293,0.7042603594693168
25991,LOF,0.022710944778824984,0.34698148302458404,0.630307572196591
25992,LOF,0.02522329156653241,0.35102415323707287,0.6237525551963947
25993,LOF,0.02193920481138154,0.09259282107415356,0.8854679741144649
25994,LOF,0.016968989063821414,0.08725980944480087,0.8957712014913778
25995,LOF,0.018500625486501703,0.16912471005206114,0.8123746644614371
25996,LOF,0.2934431739296771,0.3117855975921167,0.39477122847820617
25997,LOF,0.0810284655450949,0.3490365337102618,0.5699350007446433
25998,LOF,0.29035888780734087,0.05326198943767916,0.65637912275498
25999,LOF,0.021164205898970407,0.2393427230566067,0.7394930710444229
26000,LOF,0.14864830744804033,0.03718995234663659,0.8141617402053232
26001,LOF,0.2984569321473737,0.03119180869882856,0.6703512591537978
26002,LOF,0.0638179796395758,0.059907160506511875,0.8762748598539123
26003,GOF,0.003877214202127581,0.6271972982113471,0.36892548758652527
26004,GOF,0.005979974623680474,0.7291858657101419,0.2648341596661776
26005,GOF,0.0029451009871457223,0.5170559793762539,0.4799989196366004
26006,GOF,0.08501738898362204,0.5988111975774738,0.3161714134389042
26007,GOF,0.005746367137474245,0.5920204717255771,0.4022331611369487
26008,GOF,0.004965427905238261,0.6799792060335043,0.31505536606125756
26009,GOF,0.00547517452806822,0.6864155951252997,0.30810923034663196
26010,GOF,0.006742346747504052,0.687710752476912,0.3055469007755839
26011,LOF,0.0027323927926661495,0.49379730488463114,0.5034703023227027
26012,GOF,0.0037017427752858312,0.5595796796355665,0.4367185775891477
26013,GOF,0.004737091528469605,0.619069337101991,0.3761935713695394
26014,LOF,0.03886560120481768,0.11427436428486039,0.8468600345103219
26015,LOF,0.1459372021736243,0.020667401016365324,0.8333953968100104
26016,LOF,0.2595382111555803,0.042094879284603634,0.6983669095598161
26017,LOF,0.022273154195347186,0.20227599651185785,0.7754508492927951
26018,LOF,0.05088123383402761,0.03802415930308613,0.9110946068628862
26019,LOF,0.05015171545456613,0.032664498235441264,0.9171837863099925
26020,LOF,0.008738780794103711,0.20169635325636365,0.7895648659495327
26021,LOF,0.0699738982789844,0.07701099144923124,0.8530151102717844
26022,LOF,0.02952791060114517,0.027197064431450847,0.9432750249674039
26023,LOF,0.04356465462344643,0.02256765602505851,0.9338676893514951
26024,LOF,0.04739785687146942,0.0694370745997154,0.8831650685288152
26025,LOF,0.05066250101355868,0.0760758811190952,0.873261617867346
26026,LOF,0.07841747287430742,0.055796046768502285,0.8657864803571904
26027,LOF,0.044114850288685295,0.01870535521307714,0.9371797944982375
26028,LOF,0.09350485406901746,0.14025342119111883,0.7662417247398637
26029,LOF,0.02272146569553283,0.22376262188569482,0.7535159124187724
26030,LOF,0.15179484395710857,0.03131326615268741,0.816891889890204
26031,LOF,0.013491077707583145,0.1597026099289795,0.8268063123634373
26032,LOF,0.06408620865157755,0.06812306309418166,0.8677907282542408
26033,LOF,0.08706292524582798,0.06430306633634315,0.8486340084178289
26034,LOF,0.015681880240436926,0.1734132909897217,0.8109048287698413
26035,LOF,0.014428833774885118,0.1315433216472497,0.8540278445778652
26036,LOF,0.01565794473810449,0.15798218058421998,0.8263598746776755
26037,LOF,0.013455915788800335,0.11292669154044778,0.873617392670752
26038,LOF,0.0547061191684774,0.06285725760510666,0.8824366232264159
26039,LOF,0.02757275010933961,0.15585336197341987,0.8165738879172406
26040,LOF,0.11232389129398412,0.14205902525913788,0.7456170834468779
26041,LOF,0.015908317772077463,0.09650951125818721,0.8875821709697354
26042,LOF,0.014374946858856492,0.10040686152329216,0.8852181916178513
26043,LOF,0.054010630155301755,0.0814941590147054,0.8644952108299929
26044,LOF,0.011571412206354464,0.06479221458757221,0.9236363732060733
26045,LOF,0.049491689575965635,0.11438369014108776,0.8361246202829467
26046,LOF,0.04849275075412575,0.06378060446590948,0.8877266447799648
26047,LOF,0.08138932230073033,0.06340291305213741,0.8552077646471322
26048,LOF,0.0440712200253958,0.04393708270118907,0.9119916972734151
26049,Neutral,0.9623383169875661,0.007338653354840289,0.030323029657593675
26050,Neutral,0.9467529570885241,0.0079234303685511,0.045323612542924635
26051,LOF,0.014160166987261979,0.141336181148426,0.8445036518643121
26052,LOF,0.021700724283665436,0.18202694641661102,0.7962723292997236
26053,LOF,0.022116490694599755,0.1408160377803954,0.8370674715250047
26054,LOF,0.04084145510360033,0.024322071996236396,0.9348364729001631
26055,LOF,0.05379605291162033,0.019293404804181433,0.9269105422841982
26056,LOF,0.04729932611139083,0.024215898883047676,0.9284847750055616
26057,LOF,0.030834236736979777,0.01518061535154899,0.9539851479114713
26058,LOF,0.0316313768695676,0.013065655625367491,0.9553029675050648
26059,LOF,0.30397385046485415,0.022282042452557726,0.6737441070825881
26060,LOF,0.010590175891483885,0.1989464588143617,0.7904633652941545
26061,LOF,0.005124006436714265,0.016338892632042627,0.978537100931243
26062,LOF,0.003638590824671909,0.024007723920235837,0.9723536852550922
26063,LOF,0.020518506285863693,0.013225157513092518,0.9662563362010438
26064,LOF,0.005339829970063428,0.032565832285080115,0.9620943377448565
26065,LOF,0.023876412864637715,0.014335605058579228,0.961787982076783
26066,LOF,0.023362040459800965,0.012804009353123688,0.9638339501870754
26067,LOF,0.028699267581032268,0.011024500230254504,0.9602762321887132
26068,LOF,0.0390539859359999,0.04710421083096328,0.9138418032330369
26069,LOF,0.2888799888432864,0.025893349758535744,0.6852266613981779
26070,LOF,0.4431635095496138,0.01918271522890321,0.5376537752214828
26071,LOF,0.022245743150642264,0.01347011620338258,0.9642841406459752
26072,LOF,0.0047447116070967795,0.02901308123219075,0.9662422071607125
26073,LOF,0.020747454920838883,0.016603779858632938,0.9626487652205281
26074,Neutral,0.9185312817400129,0.007594927720743781,0.07387379053924335
26075,LOF,0.038117631057583444,0.023819475132519887,0.9380628938098967
26076,LOF,0.034600993852286134,0.012063207553667953,0.9533357985940458
26077,LOF,0.11534351285626333,0.01072387990391075,0.8739326072398258
26078,LOF,0.004900309157507398,0.018195549471539722,0.9769041413709529
26079,LOF,0.047328315301150545,0.02597640777256533,0.9266952769262841
26080,LOF,0.04594766751549653,0.025993526637757912,0.9280588058467455
26081,LOF,0.027092513305635203,0.009259404821737639,0.9636480818726271
26082,LOF,0.0033556596702546725,0.02106920452517314,0.9755751358045722
26083,LOF,0.10958357110305433,0.021789419060181538,0.8686270098367641
26084,LOF,0.03856395787241023,0.016199244221157563,0.9452367979064322
26085,LOF,0.033995793378079106,0.014104763564893171,0.9518994430570277
26086,LOF,0.022066998473194557,0.013105810477431284,0.9648271910493741
26087,LOF,0.022032019873638575,0.011688217554035872,0.9662797625723256
26088,LOF,0.005381311664627523,0.02387145177672029,0.9707472365586522
26089,LOF,0.03600923899019168,0.02749198808385388,0.9364987729259544
26090,LOF,0.03655817872136852,0.022801876591927454,0.940639944686704
26091,LOF,0.026518726554579545,0.008356578288749594,0.9651246951566709
26092,LOF,0.021535625048408474,0.009651723705017889,0.9688126512465737
26093,LOF,0.03873123404882388,0.007686089161438261,0.9535826767897378
26094,LOF,0.031115822601243518,0.00761236023442463,0.961271817164332
26095,LOF,0.015672121006153065,0.021424535431512938,0.9629033435623341
26096,LOF,0.1692118750115394,0.006857924623766243,0.8239302003646944
26097,LOF,0.005030548938538513,0.03655362455202825,0.9584158265094332
26098,LOF,0.07165602430986236,0.01951731617836261,0.908826659511775
26099,LOF,0.021147474180424213,0.01806545841972984,0.9607870673998459
26100,LOF,0.021147474180424213,0.01806545841972984,0.9607870673998459
26101,LOF,0.054103806205880095,0.02425940875904846,0.9216367850350715
26102,LOF,0.01958035417257413,0.01763804325026233,0.9627816025771635
26103,Neutral,0.8360082422664192,0.027101701667627744,0.13689005606595311
26104,LOF,0.06056666069423624,0.029528376875599265,0.9099049624301645
26105,LOF,0.24387284623763406,0.20899890172906244,0.5471282520333036
26106,LOF,0.3362551277307473,0.1589474192757867,0.504797452993466
26107,LOF,0.01874108406111876,0.12542913228219713,0.855829783656684
26108,LOF,0.3504269718783098,0.05366459655910693,0.5959084315625832
26109,LOF,0.03873575205620974,0.06302753426044444,0.8982367136833459
26110,LOF,0.22023994832494065,0.006880781108077463,0.7728792705669819
26111,LOF,0.07468928385063853,0.08653921496767433,0.8387715011816871
26112,LOF,0.036090463052302284,0.007858681662810996,0.9560508552848866
26113,LOF,0.06248211544630259,0.01583620116291963,0.9216816833907777
26114,LOF,0.08425581805993218,0.011312870755590133,0.9044313111844776
26115,LOF,0.01663330171892668,0.06893034828949028,0.9144363499915831
26116,LOF,0.09413277299294918,0.04513768533404628,0.8607295416730045
26117,LOF,0.39592858943778414,0.0401872838338143,0.5638841267284016
26118,LOF,0.031344524254209284,0.01866299110911526,0.9499924846366754
26119,LOF,0.005014956168076902,0.038735279889170554,0.9562497639427524
26120,LOF,0.02535414525605215,0.01787650946121218,0.9567693452827357
26121,LOF,0.004288101956764769,0.13066563751219706,0.8650462605310382
