feature0,prediction,LoGoFunc_Neutral,LoGoFunc_GOF,LoGoFunc_LOF
25546,Neutral,0.7316243284984623,0.042225885182007795,0.2261497863195298
25547,Neutral,0.5770621979233199,0.08645664427516425,0.33648115780151583
25548,Neutral,0.604468152009872,0.06456017377495686,0.330971674215171
25549,Neutral,0.5158019205977161,0.06511517762561017,0.4190829017766737
25550,LOF,0.361738426515582,0.12082263859767742,0.5174389348867405
25551,LOF,0.31272005629987665,0.1285193276300755,0.5587606160700479
25552,LOF,0.22286559050669683,0.12029846937254005,0.6568359401207632
25553,Neutral,0.8466713549497158,0.0319273212855699,0.12140132376471442
25554,LOF,0.25649419851276245,0.11759775447534983,0.6259080470118877
25555,LOF,0.2092338006351786,0.10500372930127294,0.6857624700635485
25556,LOF,0.4262615324646155,0.10354382254066187,0.47019464499472263
25557,LOF,0.20208791389958305,0.10666226419972621,0.6912498219006906
25558,LOF,0.24084535109250682,0.12068183253348816,0.638472816374005
25559,LOF,0.3612072241648865,0.15130655141606625,0.48748622441904726
25560,LOF,0.04613690339447377,0.1647545424730779,0.7891085541324483
25561,LOF,0.09583495739713394,0.17188181729585825,0.7322832253070078
25562,LOF,0.09699255912775755,0.0721326085211122,0.8308748323511302
25563,LOF,0.09251260739859588,0.0834868328652626,0.8240005597361415
25564,LOF,0.19034570790439706,0.13832157354810032,0.6713327185475026
25565,LOF,0.15142784180309557,0.09543800791249367,0.7531341502844108
25566,GOF,0.016854170828167696,0.737463754109568,0.2456820750622644
25567,LOF,0.013380237056101503,0.14440714457376003,0.8422126183701385
25568,LOF,0.05061785933828973,0.061211278994516435,0.8881708616671938
25569,LOF,0.05955517400102274,0.05860540623654014,0.881839419762437
25570,LOF,0.06341798052773685,0.09677809872159542,0.8398039207506678
25571,LOF,0.05997285872117487,0.09011095995568302,0.8499161813231422
25572,LOF,0.07040128735796194,0.11732654175076161,0.8122721708912765
25573,LOF,0.02701252649256986,0.08295832880776724,0.8900291446996629
25574,LOF,0.016407236976212245,0.14713818190335567,0.836454581120432
25575,LOF,0.04432420397181458,0.10377057595506516,0.8519052200731203
25576,LOF,0.018073119136174796,0.11176734126651226,0.870159539597313
25577,LOF,0.015273741421284398,0.1205073301271653,0.8642189284515502
25578,LOF,0.24659041986556599,0.07792651784091797,0.675483062293516
25579,LOF,0.24763928743936775,0.07693174503228792,0.6754289675283442
25580,LOF,0.0311744033207832,0.07406217786421662,0.8947634188150002
25581,LOF,0.054028475010283274,0.06104564192145977,0.8849258830682568
25582,LOF,0.05387951358324969,0.0586819154279087,0.8874385709888416
25583,LOF,0.04375350102270501,0.0872616652821485,0.8689848336951466
25584,Neutral,0.4770987771795539,0.09417672934660232,0.4287244934738437
25585,LOF,0.03259664048013931,0.10611022718438502,0.8612931323354757
25586,LOF,0.02962796685570063,0.07687723608809226,0.893494797056207
25587,LOF,0.030508892322655703,0.06869816786132979,0.9007929398160145
25588,LOF,0.0318043112480579,0.08386511984987656,0.8843305689020655
25589,Neutral,0.6166946261226087,0.12362111303874683,0.2596842608386444
25590,LOF,0.02744829892021215,0.11497977384216454,0.8575719272376232
25591,LOF,0.10553568176417871,0.05268122834424579,0.8417830898915755
25592,LOF,0.0849068505410776,0.13695904298543904,0.7781341064734834
25593,LOF,0.02254251623828314,0.23675978972163966,0.7406976940400772
25594,LOF,0.044595088235622124,0.1870112994320992,0.7683936123322787
25595,LOF,0.04991768438639386,0.1273378760361993,0.8227444395774068
25596,LOF,0.060400638965887696,0.0658959625387464,0.8737033984953658
25597,LOF,0.04753372419514141,0.07219017191807878,0.8802761038867798
25598,LOF,0.04731347828061586,0.1229226174363733,0.8297639042830108
25599,GOF,0.010740422903633093,0.7539761475514416,0.23528342954492523
25600,GOF,0.014510743527397786,0.5108849619225354,0.47460429455006686
25601,LOF,0.008287624660794348,0.4559644412426844,0.5357479340965212
25602,LOF,0.028984759723342732,0.04600342357277186,0.9250118167038855
25603,LOF,0.056620490707750194,0.031169338730235356,0.9122101705620144
25604,LOF,0.06567108067273507,0.031563439773889784,0.902765479553375
25605,LOF,0.014887341913476215,0.23708360058711533,0.7480290574994085
25606,LOF,0.10671562105436298,0.43151548194050066,0.4617688970051364
25607,LOF,0.006186651328878695,0.1623769496119527,0.8314363990591686
25608,LOF,0.064049819583448,0.04465625283551292,0.891293927581039
25609,LOF,0.03537016482989442,0.42738236577079763,0.537247469399308
25610,LOF,0.039986934665838324,0.027476177751061193,0.9325368875831005
25611,LOF,0.041371696694476295,0.025657632371183976,0.9329706709343397
25612,LOF,0.09795098371431155,0.0349174919109174,0.867131524374771
25613,LOF,0.08217208436286616,0.03322364705253581,0.884604268584598
25614,LOF,0.029448109548993247,0.03805100292736205,0.9325008875236447
25615,LOF,0.054452735168623465,0.03378204056394401,0.9117652242674327
25616,LOF,0.03139813392710855,0.03383005257673209,0.9347718134961593
25617,LOF,0.030197763339313614,0.035758491260161944,0.9340437454005245
25618,LOF,0.17237908418663933,0.03341096733010929,0.7942099484832514
25619,LOF,0.02995447722917223,0.03165097294756327,0.9383945498232645
25620,LOF,0.032423834848747723,0.0437317899616276,0.9238443751896246
25621,LOF,0.031893475845814735,0.031067802808862226,0.9370387213453232
25622,LOF,0.035358947515944074,0.03625253613154941,0.9283885163525066
25623,LOF,0.07363803764106792,0.02911208199541465,0.8972498803635174
25624,LOF,0.026345265541196906,0.03916748895962955,0.9344872454991736
25625,LOF,0.03657476098256139,0.04284543436780249,0.9205798046496361
25626,LOF,0.08305235535258505,0.028867380197925296,0.8880802644494897
25627,Neutral,0.5539505730754974,0.13971142103541914,0.3063380058890834
25628,LOF,0.16361158192703373,0.07163027860876114,0.7647581394642052
25629,LOF,0.0712596134369315,0.08262958016757944,0.8461108063954892
25630,LOF,0.15223615673205995,0.10533218848250843,0.7424316547854316
25631,Neutral,0.5574558045668511,0.08885090740519255,0.3536932880279563
25632,LOF,0.025031347604656324,0.06853954327035328,0.9064291091249904
25633,LOF,0.21264382064704146,0.08207140949706233,0.7052847698558962
25634,LOF,0.032536967199147795,0.11916540976699552,0.8482976230338567
25635,LOF,0.033014805151969584,0.08816986748633587,0.8788153273616945
25636,GOF,0.0054729815477614924,0.6020999143625574,0.39242710408968123
25637,GOF,0.005174175138196421,0.574157419228911,0.42066840563289254
25638,LOF,0.009024661079393244,0.4552675135989598,0.535707825321647
25639,LOF,0.004604955310308016,0.41852681798394925,0.5768682267057428
25640,Neutral,0.4939802085390869,0.43539126111344945,0.07062853034746357
25641,LOF,0.008869879485145591,0.33183077768235136,0.6592993428325029
25642,LOF,0.24720592757721604,0.07183997624628002,0.6809540961765039
25643,LOF,0.25772936531850016,0.17738627073710492,0.5648843639443949
25644,GOF,0.017653473505995075,0.601331471285295,0.38101505520871004
25645,GOF,0.017768858400483756,0.5869766249702033,0.39525451662931294
25646,LOF,0.019103870754502594,0.3915112435459959,0.5893848856995015
25647,LOF,0.01729109632060067,0.2947439063713535,0.6879649973080457
25648,LOF,0.01595512912899735,0.3046730680113673,0.6793718028596354
25649,LOF,0.013338117636328606,0.2556083287877311,0.7310535535759404
25650,GOF,0.038020163595517305,0.5911419180498183,0.3708379183546645
25651,LOF,0.011413458286497627,0.3216630648337224,0.6669234768797799
25652,LOF,0.018393431145160323,0.31574617983833086,0.6658603890165088
25653,LOF,0.0774519085168731,0.42962295487501084,0.49292513660811604
25654,LOF,0.015455486907213857,0.2785874303387006,0.7059570827540855
25655,LOF,0.13291498014935804,0.4240953709196889,0.44298964893095316
25656,LOF,0.05857072332432235,0.07920262458456044,0.8622266520911172
25657,LOF,0.26995790230434497,0.032178964569804784,0.6978631331258502
25658,LOF,0.042672717586900846,0.08452820591376756,0.8727990764993316
25659,LOF,0.28196585011464514,0.05401430213459254,0.6640198477507624
25660,LOF,0.07872974402969364,0.09720457323284847,0.8240656827374578
25661,LOF,0.04773585975279878,0.07037184956863832,0.8818922906785628
25662,LOF,0.02879535502976616,0.045549239901090686,0.9256554050691431
25663,LOF,0.04131261401110229,0.07309134776286136,0.8855960382260364
25664,LOF,0.0373884967621012,0.0820744493312372,0.8805370539066617
25665,LOF,0.05818913005680249,0.04470775068583492,0.8971031192573626
25666,LOF,0.03962079740720911,0.12905262060041578,0.8313265819923751
25667,LOF,0.02880833740585037,0.056618792061742945,0.9145728705324068
25668,LOF,0.034892353493580955,0.06214526713887268,0.9029623793675464
25669,LOF,0.03999009414897534,0.09540494682633226,0.8646049590246924
25670,LOF,0.15278926093971743,0.06309839421035356,0.784112344849929
25671,LOF,0.03688000559714299,0.050714844677641424,0.9124051497252156
25672,LOF,0.05813916519189946,0.06475519795764373,0.8771056368504568
25673,LOF,0.041958302533087966,0.057459743648180225,0.9005819538187319
25674,LOF,0.03207464440222646,0.06629289786662838,0.9016324577311452
25675,LOF,0.04260917811889917,0.05241280885084637,0.9049780130302545
25676,LOF,0.03126175028242103,0.060111615060636434,0.9086266346569426
25677,LOF,0.05761163718086143,0.06510198103804203,0.8772863817810965
25678,LOF,0.2552970560066287,0.04513467461390297,0.6995682693794683
25679,LOF,0.15660557334798467,0.06389757164702174,0.7794968550049935
25680,LOF,0.06164454339097928,0.0954304138059218,0.8429250428030989
25681,LOF,0.10172663160592552,0.08657832588074059,0.8116950425133338
25682,LOF,0.0460717246175565,0.06935962911273594,0.8845686462697074
25683,LOF,0.07788816590737083,0.09266554060343465,0.8294462934891944
25684,LOF,0.05010369278773624,0.0718191381863234,0.8780771690259404
25685,LOF,0.1266517028739438,0.036427256071084886,0.8369210410549713
25686,LOF,0.035371515791383916,0.08097727632060352,0.8836512078880127
25687,LOF,0.06264560691764443,0.0723080678570813,0.8650463252252742
25688,LOF,0.026521817573240944,0.10009315081104526,0.8733850316157138
25689,LOF,0.02180350465240116,0.06360186906518735,0.9145946262824115
25690,LOF,0.01957192702467465,0.07925989162792411,0.9011681813474012
25691,LOF,0.16570813894206937,0.1266080536415794,0.7076838074163512
25692,LOF,0.22525910104794591,0.016616439526591874,0.7581244594254621
25693,LOF,0.0565601489868396,0.13615593844422608,0.8072839125689343
25694,LOF,0.2714578228212597,0.013173442510091076,0.7153687346686493
25695,LOF,0.17280992507133833,0.01912068048876461,0.808069394439897
25696,LOF,0.1788001952272754,0.009825158843604576,0.81137464592912
25697,LOF,0.13777769622075645,0.030147957500876503,0.8320743462783671
25698,LOF,0.029538352089857438,0.3271514405265692,0.6433102073835733
25699,LOF,0.07246426021952997,0.07483046834914461,0.8527052714313255
25700,LOF,0.031090343138588748,0.011456654016960083,0.9574530028444511
25701,LOF,0.012179792300288171,0.07293367285134689,0.9148865348483649
25702,GOF,0.031955954104691,0.6952771002786591,0.27276694561664994
25703,LOF,0.02068209529875862,0.1749940583360008,0.8043238463652406
25704,LOF,0.08682869063612932,0.16496712761884771,0.748204181745023
25705,LOF,0.06742925118924718,0.22992300640185012,0.7026477424089028
25706,GOF,0.0389473860416927,0.5870328121744672,0.37401980178384
25707,GOF,0.03740885447420467,0.6018109058633105,0.36078023966248474
25708,GOF,0.008462202586987667,0.5500841673886548,0.4414536300243575
25709,LOF,0.01828480763437695,0.07669437585501804,0.9050208165106051
25710,LOF,0.008862266141613617,0.1539472370319623,0.8371904968264241
25711,LOF,0.02169102039496393,0.12527259521100437,0.8530363843940317
25712,LOF,0.009560939136092258,0.21907586090281314,0.7713631999610946
25713,LOF,0.018715099791384218,0.11519226646315586,0.86609263374546
25714,LOF,0.021019151187833308,0.1523332600805357,0.8266475887316309
25715,LOF,0.018986733869383023,0.1378305660255272,0.8431827001050898
25716,LOF,0.0140345010356768,0.11046524276622915,0.875500256198094
25717,LOF,0.006442383604962508,0.11221204920372362,0.8813455671913139
25718,LOF,0.019454181508459983,0.08742922020293996,0.8931165982886
25719,LOF,0.034933395307359665,0.10285604560429806,0.8622105590883423
25720,LOF,0.027707063170780543,0.09127932045162207,0.8810136163775973
25721,LOF,0.02350666849677183,0.10223203104206288,0.8742613004611652
25722,LOF,0.01603649165748671,0.1438965973254839,0.8400669110170295
25723,LOF,0.02147960662625379,0.09256602179833953,0.8859543715754067
25724,LOF,0.024442977846186598,0.15910135142458082,0.8164556707292326
25725,LOF,0.021045042142649482,0.08626466116430485,0.8926902966930457
25726,LOF,0.015600205455703165,0.11673026534772149,0.8676695291965754
25727,LOF,0.021592191666329533,0.10698273854040631,0.8714250697932641
25728,LOF,0.020253370129753662,0.1121044158917102,0.8676422139785361
25729,LOF,0.01926422729011956,0.11983292134906035,0.8609028513608201
25730,LOF,0.02167112329464708,0.0873716478309081,0.8909572288744448
25731,LOF,0.011351948133281409,0.15967520122904347,0.8289728506376751
25732,LOF,0.019155953699771137,0.10619987296831514,0.8746441733319137
25733,LOF,0.027995204585476517,0.1004672802331289,0.8715375151813946
25734,LOF,0.007253460279783539,0.21704751271476183,0.7756990270054547
25735,LOF,0.021587197712371196,0.08530224177155256,0.8931105605160763
25736,LOF,0.019953643121141045,0.1377480712777576,0.8422982856011013
25737,LOF,0.03545389934471962,0.12066165304539661,0.8438844476098838
25738,LOF,0.020903431206513747,0.1559741221955439,0.8231224465979424
25739,LOF,0.024176236845044708,0.13913755615993464,0.8366862069950206
25740,LOF,0.048971096661469746,0.1568495947708887,0.7941793085676415
25741,LOF,0.026718579665653913,0.13072126114795998,0.8425601591863862
25742,LOF,0.04682865277267349,0.13599352758182764,0.8171778196454988
25743,LOF,0.013157111991276121,0.027686110104162782,0.9591567779045611
25744,LOF,0.17000387825995417,0.3596491526424465,0.4703469690975994
25745,LOF,0.03355838809195658,0.12791876876377034,0.8385228431442731
25746,LOF,0.014222320050533898,0.17408058476059152,0.8116970951888746
25747,LOF,0.030859634386777385,0.030780964771406665,0.9383594008418159
25748,LOF,0.26064080719883714,0.0583556530153097,0.681003539785853
25749,LOF,0.013362613432474975,0.10540140115433098,0.881235985413194
25750,LOF,0.016714285012243382,0.10855900045465611,0.8747267145331005
25751,LOF,0.03989882462105395,0.04600436501255234,0.9140968103663936
25752,GOF,0.09058962081275186,0.6861795142675644,0.22323086491968364
25753,LOF,0.00733639125151898,0.37881941307620776,0.6138441956722732
25754,GOF,0.007202113555194936,0.870454123078979,0.12234376336582621
25755,LOF,0.007982648939449938,0.4238945009994463,0.5681228500611036
25756,LOF,0.05067001650561308,0.4275303350811555,0.5217996484132315
25757,GOF,0.007970750905772114,0.8685619906816698,0.12346725841255812
25758,GOF,0.009041715585938477,0.8648040992308408,0.12615418518322075
25759,GOF,0.005966520631946388,0.5708800584973335,0.4231534208707203
25760,LOF,0.005902327104152187,0.2894025885330656,0.7046950843627823
25761,GOF,0.055495510297320985,0.8366299828593204,0.1078745068433586
25762,LOF,0.02879871610567345,0.354259633896335,0.6169416499979915
25763,LOF,0.006788187290465334,0.26093536841887244,0.7322764442906622
25764,GOF,0.07225848529029019,0.616169874653766,0.3115716400559439
25765,GOF,0.008337223288231126,0.8584192721369996,0.1332435045747692
25766,GOF,0.03953598896646347,0.8145669366638273,0.14589707436970928
25767,GOF,0.011250803314438278,0.5394276183030426,0.449321578382519
25768,LOF,0.03741739066485736,0.06895625770750646,0.8936263516276363
25769,LOF,0.022536080876470414,0.09107771713300075,0.8863862019905289
25770,LOF,0.17506989151212946,0.06711181082239846,0.7578182976654722
25771,LOF,0.01530125187867227,0.0730738075946566,0.9116249405266711
25772,LOF,0.022776961609645888,0.03680106666824677,0.9404219717221073
25773,LOF,0.01993307815202605,0.06871973215454598,0.9113471896934281
25774,LOF,0.03034961386262654,0.09824677426551139,0.8714036118718621
25775,LOF,0.022958776240981763,0.046368350730467696,0.9306728730285506
25776,LOF,0.025318593378024907,0.031329412436421004,0.943351994185554
25777,LOF,0.26637193366173467,0.07801848274031137,0.655609583597954
25778,LOF,0.018105088557890232,0.07300741722677322,0.9088874942153365
25779,GOF,0.04166846136886407,0.8828536124498839,0.0754779261812521
25780,GOF,0.06843845274697273,0.8796663961516076,0.05189515110141987
25781,GOF,0.03717805255416584,0.8720828513955577,0.09073909605027627
25782,GOF,0.03476588505840143,0.898141327216962,0.06709278772463649
25783,GOF,0.024760708522958925,0.9174584343429443,0.057780857134096725
25784,GOF,0.08754416883046529,0.8692493842826774,0.0432064468868574
25785,GOF,0.08190769670004493,0.8770004769737996,0.0410918263261555
25786,GOF,0.009854979990031494,0.8759288397250871,0.11421618028488144
25787,GOF,0.18150158094009808,0.7725653143847424,0.045933104675159535
25788,LOF,0.01517036007083566,0.1818182759603576,0.8030113639688068
25789,GOF,0.019504222599035972,0.8486603033844712,0.13183547401649282
25790,GOF,0.020624234637203535,0.8714933197548091,0.10788244560798722
25791,GOF,0.02038545770915938,0.797118186007423,0.1824963562834175
25792,GOF,0.02433883001456248,0.8278634059079537,0.14779776407748374
25793,GOF,0.07062402236965436,0.8332691216143986,0.09610685601594728
25794,GOF,0.05256446112328191,0.7700013885369186,0.17743415033979948
25795,GOF,0.0473850028126292,0.753991596658197,0.1986234005291738
25796,GOF,0.09104400983989851,0.8142821239772274,0.094673866182874
25797,GOF,0.06253205672950828,0.7783370608172646,0.15913088245322712
25798,GOF,0.0049533079668449935,0.7691285319744553,0.22591816005869966
25799,GOF,0.003965284986758241,0.7166498075819774,0.2793849074312643
25800,GOF,0.02377363540906092,0.8313775498914288,0.14484881469951036
25801,GOF,0.017124125795493807,0.891643635453859,0.09123223875064725
25802,GOF,0.028574822061023027,0.8398851521290759,0.13154002580990115
25803,GOF,0.020890525986108497,0.7347252400738911,0.24438423394000033
25804,GOF,0.025918200445530493,0.7666230598154107,0.20745873973905887
25805,GOF,0.029290883285608072,0.8018302843057982,0.1688788324085937
25806,GOF,0.027348615044160297,0.7983130923047562,0.17433829265108367
25807,GOF,0.00764997887609442,0.7518184913909309,0.2405315297329746
25808,GOF,0.018464402726158628,0.7818993606993837,0.19963623657445767
25809,GOF,0.00887321793490616,0.7450977187171943,0.24602906334789962
25810,GOF,0.00713351513493913,0.7265707947439897,0.26629569012107107
25811,GOF,0.047289618774601604,0.8778443169999108,0.0748660642254876
25812,GOF,0.029380241197889644,0.7881789558952396,0.18244080290687087
25813,GOF,0.12251571986763264,0.8030084095865064,0.07447587054586084
25814,GOF,0.027839075420103502,0.8004083537595317,0.1717525708203648
25815,GOF,0.059261408911725974,0.8322678388278008,0.10847075226047331
25816,GOF,0.009788975424330253,0.8610589327450322,0.12915209183063764
25817,GOF,0.08983217259556996,0.8212638369106205,0.08890399049380941
25818,GOF,0.023109301992225814,0.7954008250132668,0.18148987299450725
25819,GOF,0.06444684451909177,0.7659581105547996,0.16959504492610866
25820,GOF,0.030554954160700042,0.7101468040723847,0.2592982417669152
25821,GOF,0.021005363853242844,0.7290599016108896,0.2499347345358675
25822,GOF,0.0368731445471239,0.7303956932085671,0.23273116224430906
25823,GOF,0.023480485167647867,0.7288575229251554,0.24766199190719682
25824,GOF,0.023275130735197266,0.7759731910053002,0.2007516782595026
25825,GOF,0.018367298680580044,0.7629311981942153,0.2187015031252048
25826,GOF,0.007454895003959311,0.7179101104745269,0.27463499452151385
25827,GOF,0.011851650066233427,0.6996893088713936,0.28845904106237297
25828,GOF,0.008565995596937572,0.735139641158087,0.25629436324497545
25829,GOF,0.0039766844575246305,0.6716548312650341,0.32436848427744125
25830,LOF,0.03508379047141236,0.42458774852160275,0.5403284610069848
25831,GOF,0.05201754561792011,0.7894332379418141,0.15854921644026573
25832,GOF,0.008558772141082815,0.7397662195465581,0.2516750083123593
25833,GOF,0.0327975444916428,0.8026837642145821,0.164518691293775
25834,GOF,0.009560543673233777,0.7598564523754814,0.2305830039512848
25835,GOF,0.023703554807698025,0.8246727380324033,0.15162370715989876
25836,GOF,0.006528572051567811,0.752611685087439,0.2408597428609931
25837,GOF,0.0076770700540303325,0.7631893264225889,0.22913360352338077
25838,GOF,0.021369779677679477,0.8208676673373038,0.15776255298501674
25839,GOF,0.05195100095137168,0.7915036228889758,0.15654537615965256
25840,GOF,0.07525867340097461,0.7855886905288869,0.1391526360701384
25841,GOF,0.07795548467088187,0.8064866801460494,0.11555783518306881
25842,GOF,0.034060931329689084,0.8765413835155221,0.08939768515478894
25843,GOF,0.029724986551122712,0.8781207286967717,0.09215428475210552
25844,GOF,0.017615739028588696,0.8330561932277957,0.1493280677436157
25845,GOF,0.006183674262841654,0.7665264230179636,0.22728990271919472
25846,GOF,0.06803432467808868,0.8202397373340767,0.11172593798783458
25847,GOF,0.01905678346622478,0.8850036122516529,0.09593960428212227
25848,GOF,0.021283297473600395,0.832579740558966,0.1461369619674336
25849,GOF,0.007097210341995261,0.829997065965243,0.1629057236927617
25850,GOF,0.00608069042068588,0.7275754319739057,0.2663438776054083
25851,GOF,0.0054897974285424735,0.6808571882935529,0.3136530142779046
25852,GOF,0.1380741139542662,0.5931845259562627,0.2687413600894712
25853,GOF,0.07035446324206483,0.8032129825407087,0.12643255421722638
25854,GOF,0.005562496882060061,0.7259612102632247,0.26847629285471525
25855,GOF,0.025167709201898807,0.6856781617053792,0.289154129092722
25856,GOF,0.04965586602380799,0.7827778518801435,0.16756628209604865
25857,GOF,0.02572099535264047,0.7077375947697067,0.2665414098776529
25858,GOF,0.010617089084645735,0.7352946755069205,0.25408823540843367
25859,GOF,0.008372547173463708,0.7382357140731667,0.25339173875336946
25860,GOF,0.08233810722925167,0.8051921396889331,0.11246975308181521
25861,GOF,0.08221303697709702,0.8209417766391672,0.0968451863837357
25862,GOF,0.02122155486365529,0.872264221616615,0.10651422351972974
25863,GOF,0.02328385780648769,0.8626021853145551,0.11411395687895728
25864,GOF,0.06113028573310061,0.8802606808817498,0.05860903338514952
25865,GOF,0.04439821410542544,0.8458726982996386,0.10972908759493605
25866,GOF,0.025611480662680427,0.8617588692828998,0.11262965005441986
25867,GOF,0.04342755210330489,0.864909064764356,0.09166338313233913
25868,GOF,0.056595549243577264,0.8204388163591375,0.12296563439728533
25869,GOF,0.3443466450348189,0.5765567319714412,0.0790966229937399
25870,GOF,0.06351961302149611,0.5443569696180872,0.3921234173604167
25871,GOF,0.009708022135368314,0.8531248540891515,0.1371671237754801
25872,GOF,0.020333052447058946,0.8438428879763366,0.13582405957660454
25873,GOF,0.020283443217358043,0.8694152925217122,0.1103012642609296
25874,LOF,0.015231411405318654,0.20560739631288888,0.7791611922817926
25875,LOF,0.03198092059626799,0.05293056146685611,0.9150885179368758
25876,LOF,0.019358640778298044,0.03171504328471053,0.9489263159369914
25877,LOF,0.11512202740510269,0.07501445328870077,0.8098635193061966
25878,LOF,0.0750933278981232,0.11816350653091362,0.8067431655709631
25879,LOF,0.01768983524331261,0.08553625836727166,0.8967739063894157
25880,LOF,0.056401227541185074,0.012508869133019665,0.9310899033257952
25881,Neutral,0.47223639778581655,0.07639433899340084,0.4513692632207827
25882,LOF,0.06473594146365284,0.028124364165690762,0.9071396943706564
25883,LOF,0.02826535051704007,0.03346821309688608,0.9382664363860738
25884,LOF,0.01730884955711131,0.06087341027386565,0.921817740169023
25885,LOF,0.18768135578721967,0.01339874639394231,0.798919897818838
25886,LOF,0.2835299758026351,0.06899208364759159,0.6474779405497734
25887,LOF,0.11845923178391127,0.08198405930443485,0.7995567089116539
25888,LOF,0.008583128664654244,0.12627903176984467,0.865137839565501
25889,LOF,0.023253208836974695,0.04328142900132129,0.9334653621617041
25890,LOF,0.16387974943031616,0.08800163640581869,0.7481186141638652
25891,LOF,0.12949376344048052,0.02941704721501526,0.8410891893445043
25892,LOF,0.009731712869980612,0.03411385808782057,0.9561544290421988
25893,LOF,0.36877652245022663,0.00905496449694744,0.6221685130528259
25894,LOF,0.414137193059796,0.007005414158284885,0.5788573927819191
25895,LOF,0.3598722568356472,0.013205383496052199,0.6269223596683006
25896,LOF,0.06682614897045305,0.028156614257728717,0.9050172367718182
25897,LOF,0.16231962557034998,0.009675585209306468,0.8280047892203435
25898,LOF,0.14069923466058956,0.03420939324767329,0.8250913720917372
25899,LOF,0.4048337925265372,0.030018399463323922,0.5651478080101389
25900,Neutral,0.5150418746595965,0.007616318908099581,0.477341806432304
25901,LOF,0.05903575716715885,0.01046583183785366,0.9304984109949875
25902,LOF,0.16524857189198816,0.01213606287107895,0.8226153652369328
25903,LOF,0.3657839821912708,0.024979421563890703,0.6092365962448385
25904,Neutral,0.5178654836090946,0.038872088702039315,0.4432624276888661
25905,LOF,0.006613953859798383,0.4830425779191015,0.5103434682211001
25906,LOF,0.007992338835759281,0.09478922999671664,0.8972184311675241
25907,LOF,0.0068055083961100615,0.3069755948128171,0.6862188967910727
25908,LOF,0.006368373168077179,0.2802955114277601,0.7133361154041628
25909,LOF,0.02669509095775024,0.13578665780168028,0.8375182512405694
25910,LOF,0.012946652211973858,0.12829198602172553,0.8587613617663006
25911,LOF,0.21785632335594962,0.07838343757973251,0.703760239064318
25912,LOF,0.10103511334549069,0.046009561068537846,0.8529553255859714
25913,LOF,0.02540989421799719,0.07923426079118658,0.8953558449908163
25914,LOF,0.038546604448746115,0.030861264070272804,0.9305921314809811
25915,LOF,0.18809361715604564,0.14046597951228168,0.6714404033316727
25916,LOF,0.02790865013453685,0.0751118608314679,0.8969794890339953
25917,LOF,0.0722539600472948,0.02496392126031725,0.902782118692388
25918,LOF,0.042282235769773864,0.019836826468923055,0.9378809377613031
25919,LOF,0.03854282644325868,0.019071084482421192,0.9423860890743201
25920,LOF,0.34159242261240524,0.31401024208372347,0.34439733530387134
25921,LOF,0.014842326015897857,0.03473429887834675,0.9504233751057554
25922,LOF,0.017370113537769977,0.035020468002116764,0.9476094184601133
25923,LOF,0.45227536246911487,0.032372601528962645,0.5153520360019226
25924,LOF,0.024683691409796357,0.04804988683040665,0.927266421759797
25925,LOF,0.08794808302187684,0.04600008822487225,0.8660518287532509
25926,LOF,0.06933530253942136,0.043925320469838186,0.8867393769907403
25927,LOF,0.02184435392710482,0.08154905572666736,0.8966065903462278
25928,LOF,0.010617144061773989,0.04965539106643382,0.9397274648717922
25929,Neutral,0.5761405534056627,0.030880848822996045,0.39297859777134114
25930,LOF,0.07536736194884122,0.031767212256563655,0.8928654257945952
25931,LOF,0.013902751578663613,0.03608902420492694,0.9500082242164094
25932,LOF,0.060522799436570206,0.0333621301539466,0.9061150704094832
25933,LOF,0.06150200967654179,0.018064693176611687,0.9204332971468464
25934,LOF,0.0547844680263634,0.01963078872478596,0.9255847432488506
25935,LOF,0.08426160853609219,0.05594412288004685,0.859794268583861
25936,LOF,0.11449072746326115,0.0206342193582429,0.864875053178496
25937,LOF,0.02010885028144543,0.025437307539119432,0.9544538421794351
25938,LOF,0.07977882570752963,0.04991760461234907,0.8703035696801212
25939,LOF,0.047967818604016825,0.027850132754046596,0.9241820486419366
25940,LOF,0.010017753776157719,0.42770096503957,0.5622812811842722
25941,Neutral,0.4793571659095675,0.053232412168641,0.4674104219217915
25942,LOF,0.010048942558485251,0.0686622340490121,0.9212888233925027
25943,LOF,0.04580974738556841,0.18477214728010238,0.7694181053343292
25944,LOF,0.04268639045349387,0.084650104203469,0.8726635053430372
25945,LOF,0.11242325333032262,0.03835962481360524,0.849217121856072
25946,LOF,0.06947130335857724,0.04166686771014065,0.8888618289312822
25947,Neutral,0.5414567191368883,0.0657712825281552,0.39277199833495646
25948,LOF,0.42328762819066934,0.02236064803313014,0.5543517237762005
25949,LOF,0.1620119047459713,0.08673246282246172,0.751255632431567
25950,GOF,0.062398138965483525,0.5144774447974821,0.4231244162370344
25951,LOF,0.014476683547228886,0.39587274171037234,0.5896505747423988
25952,LOF,0.25777806730377334,0.21090969932831366,0.531312233367913
25953,LOF,0.008746290563048728,0.2249056093488015,0.7663481000881497
25954,LOF,0.07263319963893515,0.3397375201044507,0.5876292802566141
25955,LOF,0.0067161127279604825,0.2337221748939786,0.7595617123780609
25956,LOF,0.014353350928840316,0.33551890438798376,0.6501277446831759
25957,LOF,0.1662410072051773,0.03409220365852427,0.7996667891362985
25958,LOF,0.0325912801244849,0.07137060813101548,0.8960381117444997
25959,GOF,0.00711469410667154,0.7965813040056435,0.19630400188768493
25960,LOF,0.004820554196817138,0.11852451471865981,0.8766549310845231
25961,LOF,0.03020113688269424,0.0554643367468188,0.914334526370487
25962,LOF,0.05300671113425124,0.08091417493912471,0.866079113926624
25963,LOF,0.0068469736046507775,0.1580685443651626,0.8350844820301866
25964,LOF,0.026404576396194764,0.12519844722794607,0.8483969763758592
25965,LOF,0.244382263577557,0.12206362723279404,0.6335541091896489
25966,LOF,0.38685450447906605,0.09369496854862842,0.5194505269723054
25967,LOF,0.007909127326679763,0.06988193870703593,0.9222089339662843
25968,LOF,0.043044795400461355,0.22260441171457818,0.7343507928849605
25969,LOF,0.17466895852387104,0.04987419210246406,0.7754568493736649
25970,LOF,0.06919851740440568,0.06887011418806252,0.8619313684075317
25971,LOF,0.07721875050199833,0.03484762833811809,0.8879336211598835
25972,LOF,0.0763900915876407,0.06143374296292394,0.8621761654494353
25973,LOF,0.06840272171700164,0.011126176260024248,0.9204711020229741
25974,LOF,0.03929260892007269,0.042902802867668656,0.9178045882122586
25975,LOF,0.04125516992859152,0.019849027533757464,0.938895802537651
25976,LOF,0.08583940544001792,0.01320604261431543,0.9009545519456665
25977,LOF,0.23637840077668046,0.05916323032166701,0.7044583689016526
25978,LOF,0.1785129849981168,0.1367445004270977,0.6847425145747854
25979,LOF,0.14608980854498316,0.14974797131394915,0.7041622201410678
25980,LOF,0.23911511474395455,0.21969337497318672,0.5411915102828586
25981,LOF,0.24105714254712068,0.22188548852405926,0.5370573689288201
25982,LOF,0.43841394757451485,0.10466725851159414,0.456918793913891
25983,Neutral,0.4450176586025827,0.12789494091626383,0.4270874004811535
25984,LOF,0.043966956150385546,0.09024052378242481,0.8657925200671898
25985,LOF,0.41565094570212724,0.12724637385666357,0.4571026804412092
25986,LOF,0.012089597339486037,0.48075181269580913,0.5071585899647048
25987,LOF,0.045597419263522225,0.09513027595794997,0.8592723047785279
25988,LOF,0.03848070804068617,0.14989763010366403,0.8116216618556499
25989,LOF,0.04371339740859999,0.1922777671232668,0.7640088354681331
25990,LOF,0.03673868364460579,0.3052042599905916,0.6580570563648026
25991,LOF,0.022955858604208002,0.47462469523421,0.5024194461615821
25992,LOF,0.018814269773879313,0.45896081136823136,0.5222249188578894
25993,LOF,0.028122597518789292,0.08349606755724094,0.8883813349239696
25994,LOF,0.025389283249032297,0.08915447249463004,0.8854562442563376
25995,LOF,0.02130992350260537,0.14918117815193302,0.8295088983454616
25996,Neutral,0.3968405963346958,0.35336020950671615,0.24979919415858792
25997,LOF,0.07240788251584854,0.4341890885261519,0.49340302895799953
25998,LOF,0.2593505888729868,0.04208508375653311,0.6985643273704801
25999,LOF,0.03773607542408484,0.11460453082289099,0.8476593937530242
26000,LOF,0.14874656705714087,0.017291221882372764,0.8339622110604863
26001,LOF,0.24197754549618114,0.018967837493760752,0.739054617010058
26002,LOF,0.12462555465660624,0.02596319001174021,0.8494112553316535
26003,GOF,0.007385863445059818,0.598882806397482,0.39373133015745815
26004,GOF,0.021430907485273796,0.6244360996703116,0.35413299284441463
26005,LOF,0.00598872632387843,0.46053025312885254,0.533481020547269
26006,GOF,0.11490313928474023,0.49074333475733417,0.3943535259579257
26007,LOF,0.011658583637397872,0.49198204835975545,0.49635936800284663
26008,GOF,0.006463396343024818,0.5771051091864531,0.41643149447052213
26009,GOF,0.01175567134798656,0.6124474413323423,0.37579688731967126
26010,GOF,0.011012542704200469,0.5576890572978723,0.43129839999792713
26011,LOF,0.004240319763910191,0.3929615351541977,0.6027981450818921
26012,GOF,0.00494104572162137,0.5218244318758627,0.4732345224025159
26013,GOF,0.010412682741656968,0.5628947382747782,0.4266925789835649
26014,LOF,0.07314580458520759,0.10442143221572092,0.8224327631990715
26015,LOF,0.36329408920369943,0.04369180869813467,0.5930141020981659
26016,LOF,0.27770183451967634,0.06452586965717137,0.6577722958231523
26017,LOF,0.013011433356915991,0.27100394587467996,0.7159846207684041
26018,LOF,0.02273661862796936,0.09528918831959385,0.8819741930524367
26019,LOF,0.02273447044749723,0.08365859107955746,0.8936069384729453
26020,LOF,0.007680464049032765,0.24222711743208444,0.7500924185188829
26021,LOF,0.07722046374741776,0.11491798052998725,0.807861555722595
26022,LOF,0.03852336089310955,0.05170207068793026,0.9097745684189601
26023,LOF,0.018551248374749457,0.07124395663997908,0.9102047949852715
26024,LOF,0.057378018368237714,0.0906402995706352,0.8519816820611271
26025,LOF,0.10781619240455678,0.12683784937059644,0.7653459582248466
26026,LOF,0.11078611890533885,0.09712470514849003,0.7920891759461712
26027,LOF,0.022781739825539125,0.04390288268653024,0.9333153774879307
26028,LOF,0.09194094449310106,0.16528600293996507,0.7427730525669338
26029,LOF,0.02465138317718244,0.15255785302925856,0.8227907637935591
26030,LOF,0.12666210787388704,0.021685117972957628,0.8516527741531554
26031,LOF,0.01046599311062384,0.13242961870376335,0.8571043881856127
26032,LOF,0.03526242508000313,0.038819968047233276,0.9259176068727636
26033,LOF,0.035018554860290575,0.03983829096011457,0.9251431541795949
26034,LOF,0.016068737249330972,0.10757764914541006,0.8763536136052589
26035,LOF,0.013429266120642184,0.0963101333839527,0.8902606004954052
26036,LOF,0.012364057647389666,0.08366227868054167,0.9039736636720687
26037,LOF,0.011898583126883334,0.08774705559765915,0.9003543612754575
26038,LOF,0.030125583295910283,0.034091183291315635,0.935783233412774
26039,LOF,0.03494253235195416,0.11470135839378282,0.850356109254263
26040,LOF,0.07786554207537728,0.10255775052064244,0.8195767074039803
26041,LOF,0.014797448685011774,0.0834882060839127,0.9017143452310755
26042,LOF,0.014565183405285034,0.08765361711979948,0.8977811994749154
26043,LOF,0.030004911208146575,0.05200997849602773,0.9179851102958257
26044,LOF,0.00937117412777971,0.0378400976671837,0.9527887282050367
26045,LOF,0.07798068764914133,0.11384436952602285,0.8081749428248358
26046,LOF,0.026576513423220382,0.03952739886591371,0.9338960877108659
26047,LOF,0.05584744189547032,0.04034079053902318,0.9038117675655064
26048,LOF,0.07578917317886655,0.017254086790399706,0.9069567400307338
26049,Neutral,0.9392622046379453,0.006828800124214045,0.053908995237840596
26050,Neutral,0.9082778534563396,0.007450933582962109,0.0842712129606983
26051,LOF,0.026722028751669947,0.0640063565507953,0.9092716146975347
26052,LOF,0.032003552338649675,0.056762660333221804,0.9112337873281287
26053,LOF,0.0240804520462387,0.14561765841556154,0.8303018895381997
26054,LOF,0.048740105069868325,0.03719482332325589,0.9140650716068758
26055,LOF,0.07436035911729666,0.03278309896497369,0.8928565419177296
26056,LOF,0.06026857512833771,0.04362877534485878,0.8961026495268036
26057,LOF,0.06334612520565235,0.017915353525602824,0.9187385212687449
26058,LOF,0.06747730236785482,0.014663762984423177,0.917858934647722
26059,LOF,0.20633865915955393,0.034319291115481716,0.7593420497249643
26060,LOF,0.028153603610599598,0.15939399421175252,0.8124524021776478
26061,LOF,0.012956609130120101,0.011982873784014308,0.9750605170858656
26062,LOF,0.006828847186416692,0.01805169852925653,0.9751194542843267
26063,LOF,0.043292186153124655,0.013984428707316142,0.9427233851395593
26064,LOF,0.015685006073470446,0.020008597760894156,0.9643063961656353
26065,LOF,0.0540723847841005,0.01694866511674748,0.928978950099152
26066,LOF,0.040424190335664134,0.013423678019535428,0.9461521316448005
26067,LOF,0.044510431609293966,0.01399906906730661,0.9414904993233995
26068,LOF,0.05572227512691476,0.05001779287909011,0.8942599319939952
26069,LOF,0.2911934787171967,0.03322237653451673,0.6755841447482865
26070,Neutral,0.539759335846221,0.02402247672290602,0.4362181874308729
26071,LOF,0.04673437000704262,0.01598132555431727,0.9372843044386401
26072,LOF,0.008426398107959294,0.023151749761242416,0.9684218521307982
26073,LOF,0.03906658510912293,0.016905608347886115,0.9440278065429909
26074,Neutral,0.8651834258094635,0.013023419355842808,0.12179315483469368
26075,LOF,0.0584721064795551,0.02766295603617159,0.9138649374842733
26076,LOF,0.05132309936230589,0.014393992111648254,0.9342829085260459
26077,LOF,0.15899653448406809,0.00835975047488052,0.8326437150410514
26078,LOF,0.007553264794019188,0.01900352311799542,0.9734432120879853
26079,LOF,0.06539087990653561,0.02658475183947218,0.9080243682539921
26080,LOF,0.06488692566516972,0.0267003672178734,0.908412707116957
26081,LOF,0.03415325510941813,0.011151743783648435,0.9546950011069335
26082,LOF,0.006472635739620132,0.020148552037552645,0.9733788122228272
26083,LOF,0.10612904825337746,0.027792532411307885,0.8660784193353146
26084,LOF,0.11214893306789737,0.02131768024194266,0.8665333866901599
26085,LOF,0.094923980399902,0.01764540468463405,0.8874306149154639
26086,LOF,0.04259321512218394,0.015238888600996054,0.9421678962768198
26087,LOF,0.039585804218171365,0.012781876902717114,0.9476323188791116
26088,LOF,0.0076389522052793405,0.024579422404793366,0.9677816253899274
26089,LOF,0.04477213178391156,0.04300465435951191,0.9122232138565765
26090,LOF,0.045252032236790384,0.03319826004086842,0.9215497077223412
26091,LOF,0.029398495305589214,0.009977194389395256,0.9606243103050156
26092,LOF,0.04972219140369041,0.011053765548601954,0.9392240430477077
26093,LOF,0.08309132242071347,0.007666967107943707,0.909241710471343
26094,LOF,0.034112805172345426,0.010036577192884985,0.9558506176347696
26095,LOF,0.02154081825027482,0.019894945693292636,0.9585642360564325
26096,LOF,0.21438730835448694,0.005366939486805899,0.7802457521587072
26097,LOF,0.007574307977267963,0.0431760095024715,0.9492496825202605
26098,LOF,0.12642684914605015,0.022954653909539064,0.8506184969444107
26099,LOF,0.04077854019835897,0.025558132694036995,0.9336633271076041
26100,LOF,0.04074672734357141,0.025558980336837022,0.9336942923195916
26101,LOF,0.06520072211666736,0.04119130103024844,0.8936079768530842
26102,LOF,0.03451681982612681,0.023154052707841377,0.9423291274660318
26103,Neutral,0.8941723359697156,0.030274308546414528,0.07555335548386974
26104,LOF,0.06092693438466898,0.04975185469561798,0.8893212109197131
26105,LOF,0.26463306540809806,0.11439199069898727,0.6209749438929147
26106,LOF,0.3018928536224317,0.0593156476549497,0.6387914987226188
26107,LOF,0.019674276324240406,0.07363693729392633,0.9066887863818334
26108,LOF,0.2624109311752395,0.04015063109714003,0.6974384377276204
26109,LOF,0.08286610795149915,0.028589070786859894,0.888544821261641
26110,LOF,0.4232397783519776,0.012784041977117118,0.5639761796709053
26111,LOF,0.06070599181786295,0.11500076550066421,0.8242932426814729
26112,LOF,0.05683751373300771,0.011944630290533127,0.9312178559764591
26113,LOF,0.1141174490584497,0.02788864699139968,0.8579939039501506
26114,LOF,0.09353484809665537,0.006628333190346997,0.8998368187129977
26115,LOF,0.016171338240331016,0.04406555498007444,0.9397631067795945
26116,LOF,0.08484064325259014,0.02068972388398286,0.8944696328634271
26117,LOF,0.34310137221440073,0.04286244623873981,0.6140361815468595
26118,LOF,0.04501616178865466,0.020103222777189445,0.9348806154341558
26119,LOF,0.005544088478021944,0.11757069514155039,0.8768852163804276
26120,LOF,0.031104334552358878,0.020343105794856695,0.9485525596527844
26121,LOF,0.0031444063094118327,0.19089175520029075,0.8059638384902975
