feature0,prediction,LoGoFunc_Neutral,LoGoFunc_GOF,LoGoFunc_LOF
25546,Neutral,0.6622700985184019,0.06007986096799319,0.27765004051360487
25547,LOF,0.3222703961700644,0.26714163691681964,0.410587966913116
25548,LOF,0.27979583121914886,0.14286342619939116,0.5773407425814598
25549,LOF,0.19318869599572408,0.17337953213648974,0.6334317718677862
25550,Neutral,0.6058278732303511,0.06329699059141645,0.33087513617823244
25551,Neutral,0.47940488790486147,0.07724085403401822,0.4433542580611205
25552,LOF,0.1035846512450202,0.14599380743304743,0.7504215413219324
25553,LOF,0.4635648887578559,0.0636707505319829,0.4727643607101612
25554,LOF,0.1408081206658497,0.20092061786904372,0.6582712614651066
25555,LOF,0.10156555367487652,0.1257816711089276,0.7726527752161958
25556,LOF,0.16247432873436915,0.16652987891557294,0.6709957923500579
25557,LOF,0.09046903576530686,0.14056542238112424,0.7689655418535689
25558,LOF,0.16126526835567112,0.1788522390867655,0.6598824925575633
25559,Neutral,0.5635877723619491,0.11793200487892774,0.31848022275912313
25560,LOF,0.06754938264156712,0.1323335217909725,0.8001170955674605
25561,LOF,0.15556022159070698,0.15226760351603444,0.6921721748932586
25562,LOF,0.3330798601396622,0.028908960465636423,0.6380111793947014
25563,Neutral,0.5694312308139103,0.07627789637124717,0.3542908728148426
25564,LOF,0.06541778877060359,0.07035379843886587,0.8642284127905305
25565,LOF,0.13579063105816033,0.23704410882221003,0.6271652601196296
25566,LOF,0.036243006057498924,0.40825338834855596,0.5555036055939451
25567,LOF,0.34258362288287597,0.08389875126520445,0.5735176258519196
25568,Neutral,0.7144418253168703,0.07568277965022749,0.2098753950329022
25569,Neutral,0.6859976702561402,0.05102519475234904,0.2629771349915107
25570,LOF,0.08083427535052662,0.27629914606987854,0.6428665785795948
25571,LOF,0.08458732101955825,0.24346087232462393,0.6719518066558178
25572,Neutral,0.38970167411602263,0.2654092492924054,0.34488907659157203
25573,LOF,0.3794877543682669,0.07186865663402062,0.5486435889977124
25574,LOF,0.08052060234191731,0.41878536276930317,0.5006940348887795
25575,LOF,0.10269554149215328,0.0804901204412327,0.816814338066614
25576,LOF,0.37428560267222405,0.030700295080704588,0.5950141022470714
25577,Neutral,0.4958407204620406,0.09589063037142344,0.40826864916653605
25578,Neutral,0.44424608051417813,0.20036439249257296,0.3553895269932488
25579,Neutral,0.44424608051417813,0.20036439249257296,0.3553895269932488
25580,LOF,0.04247637340745332,0.04789793580207834,0.9096256907904684
25581,Neutral,0.7084029017347324,0.052349721247974976,0.2392473770172925
25582,Neutral,0.7084029017347324,0.052349721247974976,0.2392473770172925
25583,LOF,0.058448905356481125,0.05612072931204959,0.8854303653314692
25584,LOF,0.3493690759473745,0.2660918501598437,0.3845390738927818
25585,LOF,0.4006785059570359,0.06502102865388026,0.5343004653890838
25586,LOF,0.06301431348229167,0.09771773016318781,0.8392679563545206
25587,LOF,0.04545400659138708,0.12002445337053341,0.8345215400380795
25588,LOF,0.05552978870896619,0.11818925109232017,0.8262809601987137
25589,Neutral,0.714824812859038,0.16986557300286764,0.11530961413809449
25590,LOF,0.33735441464422955,0.10322912613296452,0.559416459222806
25591,Neutral,0.6838822959435724,0.07053247050937941,0.24558523354704812
25592,LOF,0.03561636152911544,0.1053098641396356,0.8590737743312491
25593,GOF,0.029521680291079808,0.6363399410740518,0.33413837863486845
25594,Neutral,0.7123566276404728,0.04725856557706031,0.24038480678246688
25595,Neutral,0.6859137282138629,0.054882796246976444,0.25920347553916073
25596,Neutral,0.5906837367186193,0.05346225563492526,0.35585400764645553
25597,LOF,0.4103226737582575,0.0347694499101847,0.5549078763315578
25598,Neutral,0.7440889473931519,0.044019054858218054,0.21189199774863016
25599,GOF,0.06800184637862716,0.6444896514703226,0.28750850215105034
25600,GOF,0.04153985832534936,0.6060286806867025,0.35243146098794814
25601,LOF,0.03417181581483103,0.40299401409436564,0.5628341700908034
25602,LOF,0.42967900163144007,0.12837307511398127,0.44194792325457855
25603,LOF,0.06866106001831562,0.2497141660533299,0.6816247739283545
25604,Neutral,0.4795034179719512,0.20755978746275933,0.3129367945652895
25605,LOF,0.02379111289729535,0.3092165639294755,0.6669923231732292
25606,LOF,0.03427979717751786,0.36140765477644665,0.6043125480460355
25607,LOF,0.044398431040846925,0.27150910674411555,0.6840924622150375
25608,LOF,0.2662781990032413,0.11313799699428206,0.6205838040024767
25609,LOF,0.19031415308993152,0.1634247620833228,0.6462610848267457
25610,LOF,0.06677618581428395,0.052245382484903104,0.880978431700813
25611,LOF,0.0738198867199128,0.05622923390448196,0.8699508793756052
25612,Neutral,0.6505509253951325,0.05981501803045223,0.28963405657441543
25613,Neutral,0.6234316232871531,0.05927133818652125,0.3172970385263256
25614,LOF,0.07677436570952378,0.07572064193217438,0.8475049923583019
25615,LOF,0.39889575610495487,0.040014411723394955,0.5610898321716501
25616,LOF,0.0557800237051538,0.14130082105358277,0.8029191552412634
25617,LOF,0.08122061620259849,0.04212670366453152,0.87665268013287
25618,LOF,0.09019822681989366,0.1668239254059007,0.7429778477742056
25619,LOF,0.10519680616912873,0.10235342993281084,0.7924497638980604
25620,LOF,0.04302302688029087,0.11048267275894998,0.8464943003607592
25621,LOF,0.45182696426177105,0.02616070005680714,0.5220123356814218
25622,LOF,0.4408612783044944,0.060915823426118565,0.498222898269387
25623,Neutral,0.5409823341123259,0.10498453642258222,0.35403312946509186
25624,LOF,0.05470311312147827,0.1645539217822968,0.780742965096225
25625,LOF,0.4159368986739708,0.04332899843053237,0.5407341028954968
25626,Neutral,0.6534302094406281,0.04999655869620623,0.29657323186316564
25627,LOF,0.028873222685527725,0.3048692701550575,0.6662575071594149
25628,LOF,0.2957140420022451,0.07267819586690503,0.6316077621308499
25629,Neutral,0.6919918623263485,0.06398170726543201,0.24402643040821959
25630,LOF,0.05998723329519156,0.26975674221906565,0.6702560244857428
25631,Neutral,0.5019483817865982,0.2762560639781501,0.22179555423525166
25632,LOF,0.4129602175268756,0.036693414495489816,0.5503463679776346
25633,LOF,0.3138501691846867,0.3414646535945648,0.3446851772207485
25634,Neutral,0.6967817381092906,0.06863008641677819,0.23458817547393127
25635,LOF,0.06443553964441985,0.0693380260914798,0.8662264342641004
25636,GOF,0.06967394273513923,0.6713116755183576,0.2590143817465032
25637,LOF,0.04012985843828863,0.4110320635775401,0.5488380779841713
25638,GOF,0.023654949616942943,0.7664245212784104,0.20992052910464673
25639,LOF,0.038942807919028266,0.47694959002403947,0.48410760205693226
25640,GOF,0.1384540373737145,0.7073220964364857,0.1542238661897999
25641,LOF,0.05088420828357929,0.3564799988300936,0.5926357928863271
25642,Neutral,0.6179610716167733,0.11860419158311024,0.26343473680011664
25643,LOF,0.3778429085747808,0.02699801330348619,0.5951590781217331
25644,GOF,0.08739828353047793,0.5644432014947754,0.34815851497474676
25645,GOF,0.023865726884046017,0.6534580503140992,0.32267622280185476
25646,LOF,0.029178105088991248,0.3750728137518419,0.5957490811591668
25647,GOF,0.0659741846572693,0.47838346651389335,0.45564234882883725
25648,GOF,0.04033705064129603,0.5977726532472895,0.36189029611141454
25649,GOF,0.03377375788979703,0.5121557461205185,0.4540704959896844
25650,GOF,0.06309358014621254,0.6673939220711999,0.26951249778258757
25651,GOF,0.021982432882264848,0.530635810733075,0.4473817563846601
25652,LOF,0.06267567795376902,0.2444920834653641,0.6928322385808667
25653,GOF,0.07151512489211599,0.4776652499446139,0.4508196251632701
25654,GOF,0.07493886850198718,0.5798672446235844,0.3451938868744283
25655,GOF,0.07082003189085255,0.5916824825899102,0.3374974855192373
25656,GOF,0.02209611987438657,0.5741984625002127,0.40370541762540085
25657,Neutral,0.6730834805852255,0.038321744162768394,0.28859477525200605
25658,GOF,0.05406424476408894,0.4738391761754956,0.47209657906041536
25659,LOF,0.20317727298008104,0.17272239836515724,0.6241003286547616
25660,LOF,0.15589605778862764,0.13230292215273842,0.7118010200586339
25661,LOF,0.10076438068019423,0.08545627122446421,0.8137793480953415
25662,LOF,0.052960905555600166,0.09268007981466299,0.854359014629737
25663,LOF,0.05929449484384944,0.11531668153991147,0.8253888236162391
25664,LOF,0.22859689613053705,0.15316503484538452,0.6182380690240785
25665,Neutral,0.6318482290114463,0.09239676473430634,0.27575500625424737
25666,LOF,0.26766962503895997,0.21116691580867372,0.5211634591523664
25667,LOF,0.04033406107771225,0.09689745729775728,0.8627684816245305
25668,LOF,0.04555115915745444,0.060387259420570286,0.8940615814219752
25669,LOF,0.04046956619587293,0.11260507947033777,0.8469253543337893
25670,LOF,0.4112137443909354,0.08563804974665705,0.5031482058624075
25671,LOF,0.05751037625488972,0.1588622323923116,0.7836273913527987
25672,Neutral,0.6325749650496886,0.07394670224755084,0.29347833270276064
25673,LOF,0.25546959166002464,0.11619539095405185,0.6283350173859236
25674,LOF,0.38799100203747006,0.09630313138928176,0.5157058665732481
25675,LOF,0.33706923824867946,0.07858229880819192,0.5843484629431286
25676,LOF,0.05229264696064772,0.12255894400908465,0.8251484090302675
25677,LOF,0.07996254658858282,0.10477697511909803,0.8152604782923192
25678,Neutral,0.5096254576978184,0.09910262116836895,0.3912719211338127
25679,Neutral,0.5422044919025888,0.11008236051394642,0.3477131475834648
25680,LOF,0.09980953673351924,0.1641465940307286,0.7360438692357522
25681,LOF,0.11605718465471132,0.14698373725991248,0.7369590780853762
25682,LOF,0.06447634313575949,0.12751485984812078,0.8080087970161197
25683,LOF,0.3801679751297654,0.11024219028253947,0.509589834587695
25684,LOF,0.1158156989676595,0.1888928156819633,0.6952914853503772
25685,Neutral,0.5574989690313139,0.05675107505172828,0.3857499559169579
25686,LOF,0.06531465153860298,0.31339231904983045,0.6212930294115666
25687,LOF,0.10381039592550823,0.3732246595670112,0.5229649445074807
25688,LOF,0.02746622212026767,0.2528913017301533,0.719642476149579
25689,LOF,0.02982467448445728,0.22163412110379396,0.7485412044117488
25690,GOF,0.019104875256344335,0.5028623706560581,0.47803275408759766
25691,GOF,0.044511689800879384,0.4854455857350805,0.47004272446404
25692,Neutral,0.5370504489339911,0.08870823020322302,0.37424132086278594
25693,GOF,0.11327142523705323,0.5905090276807847,0.2962195470821621
25694,LOF,0.393760682321893,0.04281178251071986,0.5634275351673871
25695,LOF,0.22546798386155154,0.07249913621317755,0.702032879925271
25696,Neutral,0.550698891313453,0.05688249954235237,0.3924186091441946
25697,Neutral,0.44190097006595314,0.19890029619730767,0.3591987337367391
25698,GOF,0.05097529157228923,0.7270855056564893,0.22193920277122145
25699,GOF,0.047347808118714134,0.6669341292858783,0.2857180625954076
25700,LOF,0.05614335046833266,0.08990260720573143,0.853954042325936
25701,GOF,0.02694773849654525,0.6187094553882669,0.35434280611518787
25702,GOF,0.1345399794921026,0.6537300997542594,0.21172992075363786
25703,LOF,0.4379416061901677,0.11432974866829641,0.44772864514153576
25704,LOF,0.0660251099073279,0.2215491222986489,0.7124257677940232
25705,LOF,0.11664858848487972,0.15812928556200742,0.7252221259531129
25706,GOF,0.036125079096862175,0.6581752335373854,0.30569968736575237
25707,LOF,0.025834558776058426,0.4527717607055167,0.5213936805184248
25708,LOF,0.033457048483562936,0.4475024218275926,0.5190405296888445
25709,LOF,0.07152875972463327,0.10709265360725731,0.8213785866681094
25710,LOF,0.4144151468315387,0.11712735251392689,0.46845750065453456
25711,LOF,0.08778713190127976,0.14186907481182165,0.7703437932868986
25712,Neutral,0.6115877810982037,0.07573239911260224,0.31267981978919424
25713,LOF,0.07187533732886346,0.12685522687358147,0.8012694357975549
25714,LOF,0.05669176714152675,0.2832154336939996,0.6600927991644737
25715,LOF,0.04429188989731457,0.31541828593909205,0.6402898241635935
25716,LOF,0.4563886855582867,0.060283777036616304,0.48332753740509704
25717,Neutral,0.4538799175808592,0.14189767502305767,0.40422240739608306
25718,LOF,0.041816675259483745,0.16824320793096453,0.7899401168095517
25719,LOF,0.08780337786410969,0.14702815910528969,0.7651684630306007
25720,LOF,0.0475536027586575,0.2025331304505955,0.749913266790747
25721,LOF,0.04215108093430024,0.1026393080501735,0.8552096110155262
25722,LOF,0.04648798062465506,0.11026650264799767,0.8432455167273473
25723,LOF,0.08792777335158815,0.1263121737394375,0.7857600529089744
25724,LOF,0.06991145679840806,0.23491616716057284,0.6951723760410191
25725,LOF,0.14863080861404684,0.1118397791738258,0.7395294122121274
25726,LOF,0.055470531860828384,0.17705850627832037,0.7674709618608513
25727,LOF,0.08308544848124752,0.07788404805661221,0.8390305034621403
25728,LOF,0.03860459343232982,0.1894220191470344,0.7719733874206359
25729,LOF,0.048732572142949716,0.14337503944367808,0.8078923884133723
25730,LOF,0.054594270201101705,0.16412008929905494,0.7812856404998433
25731,LOF,0.3009287033701177,0.05811113365094405,0.6409601629789383
25732,LOF,0.05850901082561069,0.07774221482060409,0.8637487743537853
25733,LOF,0.051803114186511165,0.2492989631970071,0.6988979226164818
25734,LOF,0.3637385291251987,0.07568925929036491,0.5605722115844364
25735,LOF,0.054531026078127876,0.0941396229661057,0.8513293509557665
25736,LOF,0.061664318890733594,0.12685289867286195,0.8114827824364045
25737,LOF,0.11549888545543717,0.08829799002505821,0.7962031245195047
25738,LOF,0.08870606358567137,0.14238915506806077,0.7689047813462678
25739,LOF,0.044229596541279254,0.16861600481113698,0.7871543986475836
25740,LOF,0.08189757111753264,0.1260071829023152,0.7920952459801521
25741,LOF,0.08979590620580621,0.1215971735158072,0.7886069202783865
25742,LOF,0.10116244243858019,0.16538997434525288,0.733447583216167
25743,LOF,0.2977377754663938,0.06672854626372608,0.6355336782698802
25744,GOF,0.047669452845414996,0.619634815694633,0.33269573145995196
25745,GOF,0.03280957746074396,0.5809194687358068,0.3862709538034491
25746,GOF,0.06158619666734773,0.5823958339797205,0.3560179693529318
25747,LOF,0.05459938494309595,0.09058319039089092,0.8548174246660132
25748,LOF,0.23584255985820549,0.3162529799878149,0.44790446015397956
25749,GOF,0.03759412201483588,0.640818050715467,0.321587827269697
25750,GOF,0.05202635447763847,0.5396704609092562,0.4083031846131053
25751,LOF,0.05355447385836876,0.19526952588752783,0.7511760002541034
25752,GOF,0.2547821278274274,0.37359819207592415,0.37161968009664853
25753,LOF,0.2891700922102543,0.13201258931612533,0.5788173184736204
25754,GOF,0.040469540084870026,0.7485582254039134,0.21097223451121672
25755,LOF,0.26802013664942187,0.18298113049020304,0.5489987328603751
25756,Neutral,0.6724155837169636,0.06011812691835206,0.2674662893646844
25757,GOF,0.045955690265888104,0.6657872578866996,0.2882570518474123
25758,GOF,0.03154204733950338,0.7528872430818891,0.21557070957860744
25759,GOF,0.018453270710294855,0.6472984778427371,0.3342482514469681
25760,LOF,0.25124703233573126,0.1005919537805083,0.6481610138837605
25761,GOF,0.02062563917359973,0.7559036574447608,0.22347070338163944
25762,Neutral,0.6967817381092906,0.06863008641677819,0.23458817547393127
25763,LOF,0.28675436818470906,0.09084911639862434,0.6223965154166665
25764,GOF,0.22653392121794358,0.39246111709371573,0.3810049616883407
25765,GOF,0.0210713952473236,0.682478552236847,0.29645005251582945
25766,GOF,0.044092015612414825,0.6713222491460932,0.284585735241492
25767,GOF,0.048388191286293396,0.7241495949455357,0.227462213768171
25768,LOF,0.041860954039635724,0.2418198854396488,0.7163191605207154
25769,LOF,0.04861867367576502,0.21312113827227874,0.7382601880519561
25770,Neutral,0.6256926525876679,0.05987381964532101,0.31443352776701106
25771,LOF,0.198041594663126,0.07244579497268598,0.7295126103641881
25772,LOF,0.07303301384321499,0.08828444283104143,0.8386825433257437
25773,LOF,0.4075591564100508,0.08621138034221514,0.506229463247734
25774,Neutral,0.6719437147417467,0.07631486994370243,0.25174141531455074
25775,LOF,0.24779823911237936,0.05141115568967009,0.7007906051979507
25776,LOF,0.03565845400123045,0.11580124479268054,0.8485403012060889
25777,Neutral,0.6433317335407102,0.06389291722007893,0.29277534923921095
25778,LOF,0.07646347886449296,0.14193283372629054,0.7816036874092165
25779,GOF,0.14122829803999426,0.6712453281067803,0.18752637385322554
25780,GOF,0.06186571382356507,0.7677850773626733,0.1703492088137616
25781,GOF,0.15383908347610883,0.6669279184884634,0.1792329980354278
25782,GOF,0.05939109585441256,0.5180360011726787,0.4225729029729087
25783,GOF,0.2790245444571263,0.4505127191423007,0.27046273640057295
25784,GOF,0.14988330616531717,0.716055136405051,0.13406155742963174
25785,GOF,0.0961734745223597,0.7906316243185016,0.11319490115913848
25786,GOF,0.05640511974128589,0.5800011286711867,0.3635937515875274
25787,GOF,0.06481930303503791,0.5271366008703435,0.40804409609461867
25788,LOF,0.07717196575366173,0.102249515120586,0.8205785191257523
25789,GOF,0.053481173970159716,0.7817812374400449,0.1647375885897952
25790,GOF,0.06332323950903371,0.7076640562719723,0.2290127042189941
25791,GOF,0.03397248778083759,0.7075004987911591,0.25852701342800355
25792,GOF,0.033288295711461316,0.7006755810319857,0.26603612325655296
25793,GOF,0.045512848024441666,0.6605324597508593,0.2939546922246991
25794,GOF,0.07441299798444359,0.7750306047666337,0.15055639724892275
25795,GOF,0.12364467513589453,0.6499613043767964,0.22639402048730897
25796,GOF,0.09133482112235794,0.5719462619573847,0.3367189169202573
25797,GOF,0.05441286175153149,0.7004304503229569,0.24515668792551157
25798,GOF,0.10034166559006287,0.7317588631691927,0.16789947124074436
25799,GOF,0.08528946569592043,0.7982146598890952,0.1164958744149843
25800,GOF,0.07805090386159506,0.8185085258763594,0.10344057026204559
25801,GOF,0.07634831022166247,0.7623531664790579,0.16129852329927968
25802,GOF,0.09267871133780331,0.7528689299638865,0.15445235869831023
25803,GOF,0.065463910623062,0.7243897357728862,0.21014635360405176
25804,GOF,0.11586623285234782,0.617888588396872,0.2662451787507802
25805,GOF,0.06593653948443781,0.7408519507362769,0.19321150977928522
25806,GOF,0.06273748467195361,0.7567861042622034,0.18047641106584297
25807,GOF,0.08314475670586303,0.7396386330600928,0.1772166102340441
25808,GOF,0.07286493581475198,0.7752324569198352,0.15190260726541283
25809,GOF,0.10477115510107571,0.5852792457373431,0.30994959916158116
25810,GOF,0.09955032769413444,0.5986481799763551,0.30180149232951037
25811,GOF,0.07215582814643313,0.652681765461234,0.27516240639233286
25812,GOF,0.10074704305334418,0.6611500719085018,0.23810288503815408
25813,GOF,0.06495819436252377,0.6713317863281757,0.26371001930930055
25814,GOF,0.08557600351547465,0.7875154775030443,0.12690851898148095
25815,GOF,0.059929025651969045,0.7625700247943387,0.1775009495536924
25816,GOF,0.04342623931917599,0.8427991892543512,0.11377457142647293
25817,GOF,0.04490181649468675,0.6788472893206896,0.2762508941846238
25818,GOF,0.043989680231178115,0.5476328880038153,0.40837743176500657
25819,GOF,0.0762294883740667,0.6446729853742248,0.2790975262517086
25820,GOF,0.07189089676112209,0.6938996755535903,0.23420942768528766
25821,GOF,0.0743118982565709,0.6829801708280725,0.24270793091535672
25822,GOF,0.12160843116959393,0.6771801442860942,0.20121142454431176
25823,GOF,0.2126729388541591,0.5318365678198989,0.255490493325942
25824,GOF,0.17459179349937023,0.7072641303477619,0.11814407615286775
25825,GOF,0.1663749050279259,0.7152359887973313,0.11838910617474288
25826,GOF,0.17459179349937023,0.7072641303477619,0.11814407615286775
25827,GOF,0.061088646067073565,0.7681468938139774,0.17076446011894908
25828,GOF,0.05878600367945893,0.7485912377726109,0.1926227585479303
25829,LOF,0.42619159640558624,0.04809736230447784,0.5257110412899358
25830,LOF,0.05193137738378856,0.06846188415400938,0.879606738462202
25831,GOF,0.04822092411685006,0.5997175963931513,0.3520614794899987
25832,GOF,0.09162517179616844,0.6374777906567578,0.27089703754707367
25833,GOF,0.0846711867068013,0.6479824340361806,0.267346379257018
25834,GOF,0.08307780952623009,0.6114920156650605,0.3054301748087094
25835,GOF,0.08321863364464441,0.6747634980501704,0.24201786830518507
25836,GOF,0.08258847741698065,0.6566480642833386,0.26076345829968073
25837,GOF,0.11739404225229759,0.6502012755017297,0.23240468224597274
25838,GOF,0.12180034965483841,0.64858990186159,0.2296097484835714
25839,GOF,0.14388319606937117,0.590011115812631,0.26610568811799795
25840,GOF,0.08276080140405002,0.7133729029968137,0.20386629559913635
25841,GOF,0.08329320559858311,0.7097414523769295,0.20696534202448735
25842,GOF,0.043801122900466324,0.7091525718018394,0.2470463052976944
25843,GOF,0.0443614775670568,0.7048091987419052,0.25082932369103794
25844,GOF,0.05497730617789203,0.5885399801600238,0.35648271366208406
25845,GOF,0.059606724161691195,0.6126544314228486,0.3277388444154602
25846,GOF,0.05446215710069359,0.5898318139169378,0.35570602898236847
25847,GOF,0.06957270410412812,0.6949386281792871,0.23548866771658475
25848,GOF,0.061805604420004275,0.7088768925149026,0.22931750306509313
25849,GOF,0.05886526418159535,0.7088072291804699,0.23232750663793494
25850,GOF,0.15389945299709742,0.6165627445339603,0.2295378024689422
25851,GOF,0.17158251184680745,0.5971747041166744,0.23124278403651807
25852,GOF,0.20284755446960231,0.4671559069667149,0.32999653856368283
25853,GOF,0.10948820640232355,0.637921844181615,0.2525899494160615
25854,GOF,0.07307545477408645,0.7600030520171884,0.16692149320872504
25855,GOF,0.09038205926474825,0.6159912667708802,0.2936266739643716
25856,GOF,0.08652247634150885,0.638823060023689,0.27465446363480217
25857,GOF,0.09299133983354495,0.6306104345002145,0.27639822566624067
25858,GOF,0.08063338651082136,0.6214392348194293,0.2979273786697493
25859,GOF,0.07961500668035858,0.6276399383728225,0.2927450549468189
25860,GOF,0.08349948081582981,0.5341731920169256,0.38232732716724466
25861,GOF,0.08196188774599246,0.5685452518620933,0.34949286039191424
25862,GOF,0.05621541273841675,0.769333235394355,0.17445135186722824
25863,GOF,0.07066448731915663,0.7168323222021682,0.21250319047867527
25864,GOF,0.05539107147823799,0.7576853063431521,0.18692362217860978
25865,GOF,0.07443900863774912,0.7953429373201383,0.13021805404211265
25866,GOF,0.06631912304887456,0.8012312650860575,0.13244961186506804
25867,GOF,0.06689769956239244,0.7987369591225277,0.13436534131507988
25868,GOF,0.07003930201223438,0.6431362337933184,0.2868244641944472
25869,GOF,0.047513879391035144,0.6917192958690146,0.26076682473995005
25870,LOF,0.04633847743144629,0.10389125655064724,0.8497702660179065
25871,GOF,0.04034455057713313,0.6497601079637587,0.3098953414591082
25872,GOF,0.0441261927217411,0.5456125449425105,0.41026126233574844
25873,GOF,0.05174317824627478,0.6611709027007163,0.28708591905300884
25874,LOF,0.09556757908079938,0.0393981811951918,0.8650342397240087
25875,GOF,0.09441005100109173,0.5699844795706838,0.3356054694282245
25876,Neutral,0.4631184980851525,0.0839232680782374,0.45295823383661016
25877,GOF,0.06733586058539179,0.7361139307397434,0.19655020867486486
25878,GOF,0.03694864382480956,0.7757024564640431,0.1873488997111472
25879,LOF,0.04621971545441236,0.38760177876796587,0.5661785057776219
25880,LOF,0.08126804832142763,0.08795587270373266,0.8307760789748397
25881,Neutral,0.6950176884155488,0.16952637445872681,0.13545593712572435
25882,LOF,0.23450436389818993,0.1693594284979647,0.5961362076038453
25883,LOF,0.06399965994182737,0.17522053354430492,0.7607798065138677
25884,LOF,0.38459648852560313,0.11234739535567434,0.5030561161187225
25885,LOF,0.4773921906754214,0.016432067493173344,0.5061757418314052
25886,Neutral,0.44424608051417813,0.20036439249257296,0.3553895269932488
25887,GOF,0.19470972692083502,0.6640043113520392,0.14128596172712576
25888,GOF,0.0486534211433699,0.6244603468538636,0.32688623200276634
25889,LOF,0.20870881690651572,0.11022624948131121,0.681064933612173
25890,LOF,0.25063626107465387,0.33663928098217866,0.41272445794316753
25891,LOF,0.2788763257352204,0.22298983272909406,0.49813384153568546
25892,LOF,0.012502215825234295,0.37244578357471103,0.6150520006000547
25893,LOF,0.43113217551623606,0.07842878894714421,0.4904390355366196
25894,LOF,0.4123933388560268,0.037114878733645947,0.5504917824103273
25895,LOF,0.43645898027060614,0.05228959297579623,0.5112514267535977
25896,Neutral,0.6290604052499766,0.05982172291583502,0.31111787183418843
25897,LOF,0.2894553156542736,0.10252914755446284,0.6080155367912635
25898,GOF,0.05076621218876818,0.6567947877689975,0.2924390000422344
25899,LOF,0.2943931353600907,0.21062569866137298,0.4949811659785363
25900,Neutral,0.8166987387517938,0.04593227851472153,0.13736898273348477
25901,LOF,0.08875184724302143,0.0721659747548101,0.8390821780021684
25902,Neutral,0.49140347986049115,0.04515341679445236,0.4634431033450565
25903,LOF,0.27146418294144764,0.13042854763265702,0.5981072694258953
25904,Neutral,0.44424608051417813,0.20036439249257296,0.3553895269932488
25905,LOF,0.074023654799133,0.39427143104942647,0.5317049141514405
25906,LOF,0.3407862858468359,0.09954453309703959,0.5596691810561244
25907,GOF,0.03754494876203465,0.5086827063274074,0.4537723449105579
25908,GOF,0.03746431224576246,0.5312600264428174,0.4312756613114201
25909,GOF,0.06924525172770508,0.47767467510937894,0.45308007316291604
25910,LOF,0.0538660466152039,0.24958287807851645,0.6965510753062797
25911,Neutral,0.6755475977009398,0.07937627094281922,0.245076131356241
25912,LOF,0.4756892542760934,0.038779905730353524,0.4855308399935531
25913,LOF,0.02081146754688392,0.2603601926948236,0.7188283397582924
25914,LOF,0.052734907914966433,0.18361055225440032,0.7636545398306334
25915,GOF,0.08292197100327729,0.7511550842945797,0.16592294470214303
25916,GOF,0.07093739941821524,0.5384879474304595,0.3905746531513254
25917,Neutral,0.7494988059483377,0.06162505689545374,0.1888761371562085
25918,LOF,0.05014868252625397,0.0715000182144622,0.8783512992592838
25919,LOF,0.04508101715334285,0.030651019020124338,0.9242679638265328
25920,LOF,0.3435587661836805,0.29328717058018267,0.36315406323613697
25921,LOF,0.27681775377255313,0.06690771336332792,0.656274532864119
25922,LOF,0.2120090093164808,0.07470868281292016,0.713282307870599
25923,Neutral,0.44424608051417813,0.20036439249257296,0.3553895269932488
25924,LOF,0.2793400707239537,0.22527875161802274,0.4953811776580236
25925,Neutral,0.6323697297583643,0.06579822622907142,0.30183204401256436
25926,Neutral,0.681745346256195,0.0740164130142207,0.24423824072958414
25927,LOF,0.023622659759093143,0.29654730225646364,0.6798300379844432
25928,LOF,0.28779345287582675,0.03409735754240785,0.6781091895817654
25929,Neutral,0.44424608051417813,0.20036439249257296,0.3553895269932488
25930,LOF,0.04388418393024054,0.20872802007758237,0.7473877959921771
25931,LOF,0.4311097774112619,0.08288199410119332,0.4860082284875448
25932,LOF,0.08716001762114829,0.061602161110825435,0.8512378212680263
25933,LOF,0.058394272809479945,0.10035298118061418,0.8412527460099058
25934,LOF,0.09615561032858388,0.0617549663379704,0.8420894233334457
25935,Neutral,0.6719437147417467,0.07631486994370243,0.25174141531455074
25936,LOF,0.10053336997390969,0.04391491589089823,0.855551714135192
25937,LOF,0.3424921466140533,0.11280382221724483,0.5447040311687018
25938,Neutral,0.6810937884946292,0.06052512137918718,0.2583810901261836
25939,LOF,0.0771149287258858,0.06339503426289558,0.8594900370112186
25940,GOF,0.044703369464114955,0.7997361702195568,0.15556046031632834
25941,Neutral,0.5426138818664359,0.05680574142750242,0.4005803767060617
25942,LOF,0.18740670500478798,0.10649115329806196,0.7061021416971501
25943,LOF,0.03657249548380291,0.36480411261979034,0.5986233918964067
25944,LOF,0.0168608017212395,0.2990167997676575,0.6841223985111031
25945,LOF,0.03612338000704306,0.07439103601666862,0.8894855839762884
25946,LOF,0.46488127510729893,0.05480221226272843,0.4803165126299725
25947,Neutral,0.7006815907082369,0.0433607464736841,0.2559576628180789
25948,Neutral,0.4857801110792961,0.17614149941317714,0.3380783895075269
25949,Neutral,0.44881604171578743,0.12343963673647176,0.4277443215477408
25950,GOF,0.033999497685713406,0.8132193403567137,0.15278116195757283
25951,GOF,0.0241883014858278,0.6694419313361485,0.3063697671780238
25952,GOF,0.23187496967837215,0.43175031708118905,0.3363747132404387
25953,LOF,0.0330430500344344,0.4772056532152729,0.48975129675029255
25954,GOF,0.045995400833091775,0.7676891503517675,0.18631544881514053
25955,GOF,0.019104080329986416,0.5420877729334269,0.4388081467365866
25956,GOF,0.043019400809319486,0.5511717603141109,0.4058088388765696
25957,Neutral,0.7156252689274456,0.029388277200165507,0.2549864538723887
25958,LOF,0.0663762446022395,0.12065587151676312,0.8129678838809975
25959,LOF,0.021823653077549212,0.47759990804322916,0.5005764388792217
25960,LOF,0.2049229458426066,0.07515809301789701,0.7199189611394965
25961,LOF,0.05484705798954901,0.19573583447999812,0.7494171075304529
25962,LOF,0.41157627723598883,0.052155720734385805,0.5362680020296254
25963,LOF,0.07037193946943275,0.1946873298117288,0.7349407307188385
25964,LOF,0.09381098516062865,0.14617986052865503,0.7600091543107164
25965,GOF,0.1332784817747721,0.5520312979846173,0.31469022024061066
25966,Neutral,0.44424608051417813,0.20036439249257296,0.3553895269932488
25967,LOF,0.34440348660463854,0.07790157868935153,0.5776949347060099
25968,LOF,0.36732432549007876,0.22606738875781593,0.4066082857521053
25969,Neutral,0.5355025377606315,0.027875063557600367,0.43662239868176805
25970,LOF,0.3977840039053702,0.19773552019676577,0.40448047589786407
25971,LOF,0.13589534397604017,0.12785751351120753,0.7362471425127523
25972,LOF,0.11052540559195588,0.13470507015989694,0.7547695242481472
25973,LOF,0.4140545438301931,0.025260375662854828,0.5606850805069522
25974,GOF,0.08634499921552795,0.5720152406367462,0.34163976014772596
25975,LOF,0.06060224573382011,0.030897680305998366,0.9085000739601816
25976,LOF,0.33352554339923224,0.012999678248012504,0.6534747783527551
25977,Neutral,0.5037493127212324,0.0731357943406034,0.42311489293816434
25978,LOF,0.16076405296594717,0.16128990328363563,0.6779460437504171
25979,LOF,0.09362901488236333,0.16992133946068222,0.7364496456569544
25980,LOF,0.20790728144160822,0.36372280950922464,0.42836990904916716
25981,GOF,0.21741844626604107,0.4423476404708791,0.34023391326307995
25982,LOF,0.1652710956186678,0.3006454030831906,0.5340835012981415
25983,LOF,0.11735343590967771,0.2940855078969452,0.5885610561933771
25984,LOF,0.05448652369661839,0.2433280666755179,0.7021854096278637
25985,Neutral,0.6011678921998974,0.20276830975070723,0.19606379804939536
25986,GOF,0.032346168092705796,0.5849875379962977,0.3826662939109965
25987,LOF,0.3056604019415864,0.14216889323489937,0.5521707048235142
25988,LOF,0.03652733739211873,0.3234866807039255,0.6399859819039557
25989,LOF,0.049324641280428794,0.4192734489091038,0.5314019098104674
25990,LOF,0.05890947875365658,0.42968998693724725,0.511400534309096
25991,GOF,0.11923413138176372,0.5529666279419846,0.32779924067625166
25992,LOF,0.0831034241961045,0.335195500180899,0.5817010756229966
25993,LOF,0.05033688190463327,0.029967621075354483,0.9196954970200122
25994,LOF,0.09315718525898134,0.0350339241017052,0.8718088906393134
25995,LOF,0.05206624894500655,0.041845048039417056,0.9060887030155764
25996,GOF,0.3372374193567949,0.3486229682074234,0.3141396124357817
25997,GOF,0.15366723366456764,0.6114860484857855,0.23484671784964678
25998,LOF,0.2918903376862227,0.17297155132953798,0.5351381109842394
25999,LOF,0.019820417538728166,0.4197018300839848,0.560477752377287
26000,LOF,0.2838439500876578,0.07000120592202269,0.6461548439903196
26001,LOF,0.15800111811323916,0.14118637864716518,0.7008125032395957
26002,LOF,0.3289490258122667,0.03666330661160289,0.6343876675761304
26003,GOF,0.06663717612880606,0.6963299166741196,0.23703290719707443
26004,GOF,0.10596076896882303,0.6848747434104153,0.2091644876207616
26005,GOF,0.02987457738184463,0.8307006757635232,0.13942474685463202
26006,GOF,0.046849039043571315,0.7926382732200921,0.16051268773633656
26007,GOF,0.027164407318659663,0.7635057264562298,0.2093298662251104
26008,GOF,0.08433857976038865,0.7474729516006139,0.16818846863899756
26009,GOF,0.04245196142160525,0.8223591226008728,0.13518891597752186
26010,GOF,0.03533064769572885,0.7863665618001084,0.1783027905041626
26011,GOF,0.03501143002817075,0.6719644651321341,0.2930241048396951
26012,GOF,0.03297319615342949,0.7815043387062732,0.18552246514029727
26013,GOF,0.05584471833480428,0.5649728018613401,0.37918247980385567
26014,LOF,0.478923098781177,0.032857111812430534,0.48821978940639255
26015,LOF,0.29264674323471396,0.1388540859756232,0.5684991707896628
26016,LOF,0.23544160611783907,0.11086327046577125,0.6536951234163897
26017,LOF,0.04085385448506811,0.30356734603039065,0.6555787994845413
26018,LOF,0.036758632765665954,0.3560830810572616,0.6071582861770725
26019,LOF,0.04278776174428817,0.09178954529261807,0.8654226929630938
26020,GOF,0.021629632510303556,0.5263391479291051,0.45203121956059134
26021,LOF,0.19985318500003735,0.21505025008468143,0.5850965649152812
26022,LOF,0.2171173882542037,0.09425924443694156,0.6886233673088547
26023,LOF,0.04517755066758014,0.10584107864980803,0.8489813706826118
26024,LOF,0.08078239825427021,0.1760424437175218,0.7431751580282079
26025,LOF,0.04567323164968651,0.2614085132027657,0.6929182551475478
26026,LOF,0.05049475853878193,0.2777420813693517,0.6717631600918663
26027,LOF,0.07454950694557996,0.10065021748175088,0.8248002755726692
26028,LOF,0.08759129785567918,0.45220218247508664,0.4602065196692343
26029,GOF,0.08047881305047591,0.68443439066042,0.235086796289104
26030,Neutral,0.6511128322074652,0.06749497204692076,0.28139219574561425
26031,GOF,0.026484286662758552,0.6907360209317516,0.28277969240548984
26032,LOF,0.06826249911898623,0.14694983683679683,0.784787664044217
26033,LOF,0.06474327704318322,0.14903930251999212,0.7862174204368246
26034,GOF,0.029968981731985294,0.569780846116438,0.4002501721515769
26035,GOF,0.027006579304600375,0.6522576868900746,0.320735733805325
26036,GOF,0.024618953396744817,0.5847293843917781,0.3906516622114769
26037,GOF,0.030409367580334086,0.523450431039627,0.44614020138003896
26038,LOF,0.04850919826641655,0.1286292028447053,0.8228615988888782
26039,GOF,0.022606653493668465,0.5092228544090525,0.4681704920972791
26040,LOF,0.04967739869392125,0.1343795849454974,0.8159430163605814
26041,GOF,0.0448273925444202,0.5281522129894732,0.42702039446610657
26042,GOF,0.039773654451207605,0.5421664953575077,0.4180598501912847
26043,LOF,0.0286757158279595,0.3058389574841852,0.6654853266878553
26044,LOF,0.209634568869576,0.21420235281136546,0.5761630783190586
26045,GOF,0.028650611644100297,0.7915040444001993,0.17984534395570026
26046,LOF,0.03462778663112354,0.3166920734179116,0.6486801399509649
26047,LOF,0.11888877830469922,0.1708519790409105,0.7102592426543902
26048,Neutral,0.5173773824077457,0.05005370417292748,0.43256891341932696
26049,Neutral,0.6128402326558143,0.14743709399373187,0.23972267335045383
26050,Neutral,0.6691721692026398,0.08777337425151188,0.24305445654584837
26051,LOF,0.056662593178591,0.4249928195239789,0.51834458729743
26052,LOF,0.1137324170099556,0.34408942178633384,0.5421781612037105
26053,Neutral,0.4817522480063917,0.04887972947522108,0.4693680225183871
26054,Neutral,0.6810937884946292,0.06052512137918718,0.2583810901261836
26055,Neutral,0.6810937884946292,0.06052512137918718,0.2583810901261836
26056,Neutral,0.6810937884946292,0.06052512137918718,0.2583810901261836
26057,LOF,0.08365167352111616,0.04853791119584609,0.8678104152830378
26058,LOF,0.08379434484404291,0.04133752708136826,0.8748681280745888
26059,Neutral,0.8333272827443308,0.06028108860414304,0.10639162865152624
26060,GOF,0.050781380556469996,0.5623760457287156,0.38684257371481434
26061,LOF,0.3097924523929025,0.02663921079996973,0.6635683368071277
26062,LOF,0.3593612898011819,0.06646734089949458,0.5741713692993234
26063,LOF,0.0665602073195624,0.03344240681170346,0.8999973858687342
26064,LOF,0.346949060378811,0.020825421046521315,0.6322255185746676
26065,LOF,0.03694665265304099,0.05853745981695983,0.9045158875299992
26066,LOF,0.07773352837114844,0.05500722018354481,0.8672592514453067
26067,LOF,0.07451751235426708,0.11022630393527892,0.815256183710454
26068,Neutral,0.6228317024074859,0.09183183704851432,0.28533646054399986
26069,Neutral,0.6089752898965917,0.08260585213829578,0.3084188579651124
26070,Neutral,0.6089752898965917,0.08260585213829578,0.3084188579651124
26071,LOF,0.056168359899770606,0.06854335684119536,0.875288283259034
26072,LOF,0.3299477535145785,0.039883983951183914,0.6301682625342375
26073,LOF,0.06510986302412973,0.06714930253281859,0.8677408344430517
26074,Neutral,0.8207816713200087,0.05578144162473521,0.12343688705525616
26075,Neutral,0.6225392971304651,0.08268217708073762,0.29477852578879726
26076,LOF,0.05171894541153421,0.10760151962213196,0.8406795349663339
26077,Neutral,0.6434106786264818,0.023898781110753758,0.3326905402627644
26078,LOF,0.3219339402148921,0.03325379394645889,0.6448122658386491
26079,Neutral,0.6705866217649403,0.08597694039067795,0.24343643784438182
26080,Neutral,0.6705866217649403,0.08597694039067795,0.24343643784438182
26081,LOF,0.051122773458075144,0.06542370441303544,0.8834535221288894
26082,LOF,0.35073714445495463,0.08503445545516339,0.564228400089882
26083,LOF,0.04951359609467894,0.17610816956950598,0.7743782343358151
26084,LOF,0.05195769775934329,0.1238800889066281,0.8241622133340287
26085,LOF,0.04634028558457965,0.15826056443209194,0.7953991499833285
26086,LOF,0.047510617551146675,0.13190944679696853,0.8205799356518847
26087,LOF,0.050267956817752125,0.17964981121410273,0.7700822319681451
26088,LOF,0.44345859564854345,0.10023158700764935,0.45630981734380727
26089,Neutral,0.6736312849213169,0.08541490136108382,0.24095381371759939
26090,Neutral,0.6736312849213169,0.08541490136108382,0.24095381371759939
26091,LOF,0.07373848707978474,0.06890495326124813,0.8573565596589671
26092,LOF,0.04662908779362746,0.07741466407385598,0.8759562481325165
26093,LOF,0.04963345233933597,0.06088062947925703,0.889485918181407
26094,LOF,0.074988563294289,0.08935381360978056,0.8356576230959305
26095,LOF,0.2540306626401531,0.10858913959217623,0.6373801977676706
26096,Neutral,0.625895354936931,0.02753962157215784,0.3465650234909112
26097,LOF,0.3045355055521204,0.03223357280691931,0.6632309216409602
26098,Neutral,0.6724155837169636,0.06011812691835206,0.2674662893646844
26099,LOF,0.037139455142953096,0.18667468638746781,0.7761858584695791
26100,LOF,0.037139455142953096,0.18667468638746781,0.7761858584695791
26101,LOF,0.0480168111339893,0.13868522985182094,0.8132979590141897
26102,LOF,0.05205593813111498,0.07989324884335879,0.8680508130255263
26103,Neutral,0.44424608051417813,0.20036439249257296,0.3553895269932488
26104,Neutral,0.7107792103923554,0.09470192714647946,0.19451886246116523
26105,LOF,0.3715938122381873,0.08703291180279644,0.5413732759590163
26106,Neutral,0.46897005342573755,0.19253106487923577,0.3384988816950266
26107,LOF,0.0236458480720759,0.31878517689556823,0.6575689750323558
26108,LOF,0.39201722023662305,0.18561232858931834,0.4223704511740586
26109,Neutral,0.5001368718052567,0.15565485825471073,0.3442082699400327
26110,LOF,0.4712294236247198,0.04134313333321443,0.48742744304206587
26111,LOF,0.05323415918111941,0.20434058787930243,0.7424252529395782
26112,LOF,0.08143282840199496,0.037959778570285395,0.8806073930277196
26113,LOF,0.0636935276093641,0.06952676966629824,0.8667797027243377
26114,LOF,0.3148182654626547,0.15411893232903426,0.531062802208311
26115,GOF,0.03188821319446215,0.5959268111765496,0.37218497562898833
26116,LOF,0.11248236979651523,0.29116375896329294,0.5963538712401918
26117,Neutral,0.44424608051417813,0.20036439249257296,0.3553895269932488
26118,LOF,0.042047232282269496,0.09958681939437766,0.8583659483233528
26119,LOF,0.012288859475321406,0.23936841361592825,0.7483427269087504
26120,LOF,0.07919449788155829,0.05132731441587658,0.8694781877025651
26121,LOF,0.042230461455832945,0.2011128703656668,0.7566566681785002
