feature0,prediction,LoGoFunc_Neutral,LoGoFunc_GOF,LoGoFunc_LOF
25546,Neutral,0.7332622871060347,0.03597292237495616,0.23076479051900922
25547,Neutral,0.5750483063891211,0.08241161437172709,0.34254007923915186
25548,Neutral,0.5515386163938315,0.06210057570232217,0.38636080790384625
25549,Neutral,0.48090678512104656,0.06238522154735742,0.4567079933315959
25550,LOF,0.32258060072247513,0.12522206462391022,0.5521973346536146
25551,LOF,0.27052968534220406,0.13741048790637514,0.5920598267514209
25552,LOF,0.19002212884349282,0.1319490486711551,0.678028822485352
25553,Neutral,0.8146157487167573,0.03893096006640561,0.14645329121683712
25554,LOF,0.22002492323190814,0.12610652614562617,0.6538685506224657
25555,LOF,0.18194682665452,0.10666462217622938,0.7113885511692506
25556,LOF,0.3741612243296664,0.10773732348251808,0.5181014521878154
25557,LOF,0.17649932630651963,0.11559424148330366,0.7079064322101767
25558,LOF,0.21412593995951074,0.1298202631536354,0.6560537968868538
25559,LOF,0.37850334199918784,0.0988474013153689,0.5226492566854432
25560,LOF,0.050166432505430285,0.18609840117517337,0.7637351663193964
25561,LOF,0.0952453355096581,0.20868147562321032,0.6960731888671315
25562,LOF,0.10477587060005808,0.08321054852608514,0.8120135808738567
25563,LOF,0.09469451633016954,0.09185086014186097,0.8134546235279696
25564,LOF,0.17802428704482223,0.1630460688841693,0.6589296440710084
25565,LOF,0.15320946470241736,0.11370552716243013,0.7330850081351524
25566,GOF,0.013914378828613575,0.7293085275766378,0.2567770935947485
25567,LOF,0.01333730458994327,0.16132564433613042,0.8253370510739263
25568,LOF,0.04936338822261536,0.07019985670767169,0.880436755069713
25569,LOF,0.06437507079597335,0.07431695119600504,0.8613079780080216
25570,LOF,0.058784957212830835,0.10145864126925455,0.8397564015179145
25571,LOF,0.055459871692961946,0.09354972532184051,0.8509904029851976
25572,LOF,0.06599281441466064,0.12776646418873402,0.8062407213966054
25573,LOF,0.0269615023390621,0.09921092991069068,0.8738275677502473
25574,LOF,0.014528450116219477,0.17087682984381528,0.8145947200399652
25575,LOF,0.04446378277285284,0.11606097951235689,0.8394752377147903
25576,LOF,0.01791017014038303,0.12263028842995695,0.85945954142966
25577,LOF,0.0132689495537699,0.1353327837176737,0.8513982667285563
25578,LOF,0.2299414682699383,0.09449015299281667,0.6755683787372452
25579,LOF,0.2302075520915841,0.09384578829900249,0.6759466596094134
25580,LOF,0.032100624180122106,0.07930673707048463,0.8885926387493933
25581,LOF,0.05315308940168882,0.07645938054627735,0.870387530052034
25582,LOF,0.0526008184183193,0.07380111675185509,0.8735980648298256
25583,LOF,0.041377395014353655,0.09505062744297581,0.8635719775426705
25584,Neutral,0.46498111678546333,0.11559249695334053,0.41942638626119616
25585,LOF,0.03536378792878097,0.11006260666726336,0.8545736054039555
25586,LOF,0.02948053935470074,0.08934459467050415,0.881174865974795
25587,LOF,0.027998812562887873,0.08223472417810401,0.889766463259008
25588,LOF,0.029858284511976408,0.10257024303497807,0.8675714724530454
25589,Neutral,0.5905571886627253,0.15236310295964484,0.25707970837762983
25590,LOF,0.026741933189210625,0.1314039422133846,0.8418541245974047
25591,LOF,0.11513505108327332,0.06508044864025611,0.8197845002764705
25592,LOF,0.08392063932148396,0.14284448491350518,0.7732348757650108
25593,LOF,0.01956509448279048,0.2886498152252383,0.6917850902919712
25594,LOF,0.03458154117291847,0.24403022595345128,0.7213882328736303
25595,LOF,0.05029684127956187,0.20389808119660544,0.7458050775238327
25596,LOF,0.05473438473832637,0.12171527760159606,0.8235503376600775
25597,LOF,0.04650988036605647,0.09881055110258416,0.8546795685313593
25598,LOF,0.04605565751600228,0.22520995286159612,0.7287343896224016
25599,GOF,0.009224833162516075,0.7903899018144827,0.20038526502300133
25600,GOF,0.012030491181369757,0.5727699962586057,0.41519951256002463
25601,GOF,0.007402041052668593,0.49780368658081264,0.49479427236651863
25602,LOF,0.0218154640908549,0.05009862942622733,0.9280859064829178
25603,LOF,0.05737693436404318,0.03904596630802535,0.9035770993279314
25604,LOF,0.04670211849503896,0.04365030232363351,0.9096475791813274
25605,LOF,0.01062951477777721,0.26744926473294556,0.7219212204892773
25606,LOF,0.09755732763514277,0.43993173367306987,0.46251093869178733
25607,LOF,0.005490362091826673,0.178605441367417,0.8159041965407564
25608,LOF,0.06282265241028703,0.052344324117404785,0.8848330234723082
25609,LOF,0.04580292112975513,0.3449020672937665,0.6092950115764784
25610,LOF,0.03924879911852506,0.03557410681862669,0.9251770940628483
25611,LOF,0.041711243454802586,0.03494248961193094,0.9233462669332666
25612,LOF,0.10732207038730882,0.05672522782683967,0.8359527017858516
25613,LOF,0.08890669678779708,0.05509294634546001,0.8560003568667429
25614,LOF,0.03187380265111469,0.04748697801377159,0.9206392193351137
25615,LOF,0.05188603094738087,0.04401313253693739,0.9041008365156818
25616,LOF,0.0320390034269068,0.04263907413015938,0.9253219224429338
25617,LOF,0.030472407805700773,0.053913207467372486,0.9156143847269268
25618,LOF,0.19090384129126284,0.045793469202112885,0.7633026895066243
25619,LOF,0.028266142443384556,0.04201837695412832,0.9297154806024871
25620,LOF,0.03389189242742975,0.055416060958783396,0.9106920466137868
25621,LOF,0.028774369463636033,0.03880946929213766,0.9324161612442262
25622,LOF,0.032351998841014265,0.05129919670111813,0.9163488044578676
25623,LOF,0.07356719501976645,0.038947796167123745,0.8874850088131098
25624,LOF,0.026726694492367992,0.0517180485748128,0.9215552569328193
25625,LOF,0.03290580476329695,0.056346676623769854,0.9107475186129331
25626,LOF,0.0792290570038434,0.03877389275912176,0.8819970502370349
25627,Neutral,0.5378592096725561,0.15503110255661284,0.307109687770831
25628,LOF,0.17389738477341915,0.07865539118551687,0.747447224041064
25629,LOF,0.07000134372106329,0.13596455717090772,0.7940340991080289
25630,LOF,0.15573027496420522,0.12173003490777343,0.7225396901280213
25631,Neutral,0.5838062688541626,0.1079447716920214,0.308248959453816
25632,LOF,0.0250933733787861,0.07853805033912496,0.896368576282089
25633,LOF,0.21093203051198028,0.08806782542709994,0.7010001440609197
25634,LOF,0.03500179090440089,0.10659166249563691,0.8584065465999623
25635,LOF,0.031732302544903716,0.09114465482742568,0.8771230426276707
25636,GOF,0.0048902059058630746,0.601931857595889,0.39317793649824806
25637,GOF,0.00470942267281342,0.5149360596945235,0.480354517632663
25638,LOF,0.008413215033834165,0.4316559138107609,0.5599308711554049
25639,LOF,0.004449947560549797,0.3874193679906612,0.608130684448789
25640,GOF,0.44766968101679355,0.5102693492596875,0.042060969723518964
25641,LOF,0.006079404664162734,0.3942105476651671,0.5997100476706702
25642,LOF,0.23460516998612366,0.09445793964982704,0.6709368903640494
25643,LOF,0.21098865129945785,0.28565501297317863,0.5033563357273635
25644,LOF,0.018849466414021257,0.4474135071288964,0.5337370264570823
25645,LOF,0.02179883334228752,0.37590330646725134,0.6022978601904612
25646,LOF,0.01657078162564229,0.23588371596619756,0.7475455024081601
25647,LOF,0.018179598388409057,0.19911917963014314,0.7827012219814478
25648,LOF,0.01567423020117299,0.20819731757428261,0.7761284522245444
25649,LOF,0.013212494404770552,0.15947363159912004,0.8273138739961095
25650,LOF,0.030446504872722335,0.427002905364385,0.5425505897628927
25651,LOF,0.010882199607311955,0.20503578324216,0.7840820171505282
25652,LOF,0.017441976055096658,0.2019333845735766,0.7806246393713266
25653,LOF,0.08310935410000381,0.3351124928291527,0.5817781530708435
25654,LOF,0.014874642945923822,0.1608851975177774,0.8242401595362987
25655,LOF,0.1006078396085125,0.24788210007514566,0.6515100603163418
25656,LOF,0.06115564058261089,0.05492214877820307,0.8839222106391861
25657,LOF,0.2570346573637819,0.02436296653798623,0.718602376098232
25658,LOF,0.0338353580486165,0.07257166858088497,0.8935929733704986
25659,LOF,0.24850243431259814,0.04519077210286824,0.7063067935845336
25660,LOF,0.07400912857432718,0.10849035218523836,0.8175005192404344
25661,LOF,0.04765768670437705,0.07678578662734398,0.8755565266682791
25662,LOF,0.02795326336774875,0.04708983663678938,0.9249568999954617
25663,LOF,0.03764811492342692,0.07693502028107661,0.8854168647954964
25664,LOF,0.03483830652312803,0.09792294679835054,0.8672387466785214
25665,LOF,0.04820455977914345,0.04675440289003294,0.9050410373308236
25666,LOF,0.036091938702381775,0.143172226890054,0.8207358344075641
25667,LOF,0.028136355924604735,0.06497073576596117,0.906892908309434
25668,LOF,0.03318597860012039,0.0651454951667059,0.9016685262331736
25669,LOF,0.03867043124775177,0.10094009237233348,0.8603894763799147
25670,LOF,0.1301860369043721,0.07712826025022834,0.7926857028453995
25671,LOF,0.035773151311817394,0.05543308760790364,0.908793761080279
25672,LOF,0.05821087827085526,0.07838724765687662,0.8634018740722681
25673,LOF,0.03890779690162603,0.06627603139067223,0.8948161717077018
25674,LOF,0.029552507440051497,0.07703216103397029,0.8934153315259783
25675,LOF,0.03636505582330584,0.06067668917784819,0.9029582549988459
25676,LOF,0.029206436600856596,0.06926989988543343,0.9015236635137099
25677,LOF,0.054580371349469844,0.06660749042045,0.8788121382300801
25678,LOF,0.22281452587058678,0.053955482067700754,0.7232299920617125
25679,LOF,0.14875442358428292,0.07907266510173395,0.772172911313983
25680,LOF,0.06001729024369872,0.10168810493530879,0.8382946048209925
25681,LOF,0.10730583018138588,0.0934337918741549,0.7992603779444591
25682,LOF,0.038870851952809544,0.07934587952674739,0.8817832685204431
25683,LOF,0.06420138928015161,0.10621192424327357,0.8295866864765747
25684,LOF,0.04613536934235125,0.075677603986309,0.8781870266713399
25685,LOF,0.11642326626425058,0.03648559636193009,0.8470911373738192
25686,LOF,0.031365611418923564,0.08779654848240634,0.8808378400986702
25687,LOF,0.06138939722323495,0.07956350512995954,0.8590470976468054
25688,LOF,0.026171799137619297,0.13582050407069032,0.8380076967916905
25689,LOF,0.01795060292342055,0.07595129076503564,0.9060981063115437
25690,LOF,0.017656223239461994,0.09811007858373036,0.8842336981768077
25691,LOF,0.17192978170950712,0.15659783735254298,0.6714723809379499
25692,LOF,0.2219441848149371,0.017402970501746995,0.7606528446833158
25693,LOF,0.048474183640102524,0.16304077963189534,0.7884850367280022
25694,LOF,0.2587744725547065,0.013203247442443004,0.7280222800028506
25695,LOF,0.18225240423569444,0.01867988329015539,0.7990677124741502
25696,LOF,0.1503426359199484,0.010096024642176626,0.839561339437875
25697,LOF,0.12344584639302758,0.03348601024653108,0.8430681433604412
25698,LOF,0.03143318256265407,0.3219598311836831,0.6466069862536629
25699,LOF,0.09154433641519207,0.09343637289420212,0.8150192906906059
25700,LOF,0.027207583205238965,0.014509023610856167,0.9582833931839049
25701,LOF,0.014932033316985028,0.10069356285753808,0.8843744038254769
25702,GOF,0.02619195391946649,0.7334952794710567,0.24031276660947679
25703,LOF,0.016235707353890468,0.20295019874464532,0.7808140939014643
25704,LOF,0.08212819876592341,0.17697299998671293,0.7408988012473636
25705,LOF,0.06569781640763361,0.295369404878098,0.6389327787142683
25706,GOF,0.028762367690299575,0.606163991419809,0.36507364088989136
25707,GOF,0.024758439572729742,0.5984853309612699,0.3767562294660003
25708,GOF,0.00666396022281484,0.6169441997962104,0.37639183998097464
25709,LOF,0.020171364631782276,0.10725783053736339,0.8725708048308543
25710,LOF,0.006199296841674386,0.22608020654755517,0.7677204966107704
25711,LOF,0.02268707713527345,0.1546161882906777,0.8226967345740489
25712,LOF,0.00707744881003592,0.29926407704975444,0.6936584741402096
25713,LOF,0.019862415810182082,0.1466991145866302,0.8334384696031877
25714,LOF,0.022679270036609345,0.17632970218048735,0.8009910277829033
25715,LOF,0.021333857172525308,0.1656214098369286,0.8130447329905461
25716,LOF,0.010884864541405912,0.15556398027858243,0.8335511551800117
25717,LOF,0.005174056315647994,0.17088875169030662,0.8239371919940455
25718,LOF,0.021993504325811663,0.11377349866918607,0.8642329970050023
25719,LOF,0.03830156291352901,0.13313187896488923,0.8285665581215818
25720,LOF,0.03279644137513655,0.12420174126283828,0.8430018173620251
25721,LOF,0.02402326228354404,0.12418668908427193,0.851790048632184
25722,LOF,0.01689362407184695,0.17109266217077163,0.8120137137573814
25723,LOF,0.025086317127085388,0.11059975256569221,0.8643139303072224
25724,LOF,0.026272359601374563,0.19797976635358966,0.7757478740450358
25725,LOF,0.02234301439061754,0.11290800978491644,0.864748975824466
25726,LOF,0.016283834412056872,0.1447171618001117,0.8389990037878313
25727,LOF,0.023185500188219136,0.13666899566442522,0.8401455041473556
25728,LOF,0.02131647318196953,0.13257226410791853,0.846111262710112
25729,LOF,0.020497871554033403,0.1428689322039536,0.836633196242013
25730,LOF,0.023675789042457023,0.10344490839817888,0.8728793025593641
25731,LOF,0.008562286641924058,0.21986517277776732,0.7715725405803087
25732,LOF,0.019259110788901954,0.12600587846856184,0.8547350107425362
25733,LOF,0.029287097003511064,0.11960893733970455,0.8511039656567844
25734,LOF,0.007009075023493287,0.27171173960594835,0.7212791853705584
25735,LOF,0.02352502235042952,0.10452829135357769,0.8719466862959928
25736,LOF,0.021069822712312176,0.16759023081966404,0.8113399464680238
25737,LOF,0.04304900650580577,0.15045687326686785,0.8064941202273265
25738,LOF,0.021628948990062288,0.1919213510697601,0.7864496999401777
25739,LOF,0.023849233203045137,0.17156056070173364,0.8045902060952212
25740,LOF,0.054268015794978586,0.18487441681543243,0.7608575673895889
25741,LOF,0.029179902340272436,0.15006852348794453,0.8207515741717829
25742,LOF,0.04810137218222853,0.15205443909223915,0.7998441887255323
25743,LOF,0.010478082550217808,0.029191952546464606,0.9603299649033176
25744,LOF,0.14838061531009075,0.3005578096094458,0.5510615750804634
25745,LOF,0.026827779443300677,0.10968035797235019,0.8634918625843492
25746,LOF,0.012730367854976101,0.15949543528918006,0.8277741968558439
25747,LOF,0.03644319477573791,0.02965411134848998,0.9339026938757722
25748,LOF,0.2879606148780175,0.05765194772159387,0.6543874374003887
25749,LOF,0.011316272336367518,0.08835438635457345,0.9003293413090591
25750,LOF,0.015960697146628573,0.08729665600257565,0.8967426468507956
25751,LOF,0.04856848501913983,0.05279139074677462,0.8986401242340856
25752,GOF,0.07618529635262403,0.7260778681469553,0.19773683550042054
25753,LOF,0.006636918165553284,0.3447074011863106,0.6486556806481361
25754,GOF,0.0066205121483801895,0.8656934429579489,0.12768604489367094
25755,LOF,0.006790119171028842,0.39376538344873424,0.5994444973802369
25756,LOF,0.03039078901389268,0.41695854231857815,0.5526506686675291
25757,GOF,0.006215936390455102,0.8683347319554693,0.1254493316540756
25758,GOF,0.007966943871688231,0.8641492626968194,0.1278837934314925
25759,GOF,0.005420325784268643,0.5930620599380311,0.40151761427770016
25760,LOF,0.005563861248610074,0.2928205313669181,0.7016156073844717
25761,GOF,0.05635338933087873,0.8459174028912975,0.09772920777782375
25762,LOF,0.02868309971010731,0.3549007118727578,0.616416188417135
25763,LOF,0.0061445288167466545,0.24963388720951415,0.7442215839737392
25764,GOF,0.05759104440260145,0.6481310300899531,0.2942779255074454
25765,GOF,0.00790320962043082,0.848480393215776,0.14361639716379326
25766,GOF,0.040948724791520764,0.8258457912032312,0.13320548400524793
25767,GOF,0.01296546632376814,0.5448201525107061,0.44221438116552564
25768,LOF,0.04547075222482822,0.06952803837066651,0.8850012094045052
25769,LOF,0.02507287274664805,0.07683125742779265,0.8980958698255593
25770,LOF,0.1408903256810448,0.05610525843473474,0.8030044158842204
25771,LOF,0.01321555440913276,0.05657615004857375,0.9302082955422935
25772,LOF,0.025187188831439174,0.023768490847029394,0.9510443203215315
25773,LOF,0.021941737518357953,0.05126822357174822,0.9267900389098938
25774,LOF,0.029533403467713527,0.08838539922331824,0.8820811973089682
25775,LOF,0.023363666676199362,0.029901558251561385,0.9467347750722392
25776,LOF,0.02608812889785434,0.01981858295325951,0.9540932881488862
25777,LOF,0.15897318493483292,0.0527071623727053,0.7883196526924617
25778,LOF,0.01933171415507567,0.04609041883487272,0.9345778670100516
25779,GOF,0.03847770851839027,0.9019463622063773,0.05957592927523256
25780,GOF,0.07200069723584109,0.8841591660174679,0.04384013674669099
25781,GOF,0.029548879859690923,0.8795606373042557,0.09089048283605343
25782,GOF,0.03197945389020777,0.914153424570734,0.05386712153905824
25783,GOF,0.027311296170404044,0.9290799679350181,0.043608735894577776
25784,GOF,0.08135808580869976,0.8746145052218615,0.04402740896943866
25785,GOF,0.08633481157360762,0.8766311374183704,0.03703405100802209
25786,GOF,0.008535132021936362,0.8848104917192022,0.1066543762588614
25787,GOF,0.17819661059349218,0.773287231245872,0.04851615816063584
25788,LOF,0.01495369086188068,0.18913196608969243,0.7959143430484268
25789,GOF,0.014423456545224466,0.8604241295089136,0.12515241394586205
25790,GOF,0.020506408280632448,0.8945867327634869,0.08490685895588075
25791,GOF,0.020824706027522608,0.7832378062705536,0.19593748770192382
25792,GOF,0.023255923582408074,0.829177192741938,0.14756688367565396
25793,GOF,0.06289030609233046,0.8582011321636349,0.07890856174403464
25794,GOF,0.05333290133608328,0.7752275188885711,0.17143957977534555
25795,GOF,0.04727689200482575,0.753987360977026,0.19873574701814825
25796,GOF,0.09909635880197545,0.8186275776819423,0.08227606351608226
25797,GOF,0.06859866532452671,0.7683290452408802,0.16307228943459304
25798,GOF,0.006495713749273789,0.7656616252753754,0.22784266097535083
25799,GOF,0.0039902107851258976,0.7012802991176972,0.2947294900971769
25800,GOF,0.024617578376793785,0.8343772030117105,0.1410052186114958
25801,GOF,0.01772046426559418,0.8981047228596918,0.08417481287471396
25802,GOF,0.028353759823176863,0.8334372560534086,0.13820898412341456
25803,GOF,0.01877848606167061,0.7282724582357699,0.2529490557025596
25804,GOF,0.02892546406211261,0.790368184384576,0.18070635155331144
25805,GOF,0.022641467672113242,0.8114468673125486,0.1659116650153382
25806,GOF,0.0306042253486939,0.8128245668622173,0.15657120778908892
25807,GOF,0.009685242958529308,0.7783956109592196,0.21191914608225115
25808,GOF,0.018413619943678114,0.785344062198644,0.1962423178576778
25809,GOF,0.010137187716117229,0.7487642296291598,0.2410985826547229
25810,GOF,0.008192627245821153,0.7269503468279609,0.2648570259262181
25811,GOF,0.04844419549989592,0.8722891209096971,0.07926668359040702
25812,GOF,0.032607127767752986,0.7933781092759896,0.17401476295625729
25813,GOF,0.1439238173156914,0.7886257715400712,0.06745041114423742
25814,GOF,0.033473544163264375,0.8146404695491875,0.1518859862875482
25815,GOF,0.06375518638125709,0.8362664361516655,0.09997837746707734
25816,GOF,0.010817050537732619,0.878020267641158,0.11116268182110936
25817,GOF,0.10876472443772003,0.8005872231269004,0.09064805243537949
25818,GOF,0.026231383787216435,0.8099086310520146,0.163859985160769
25819,GOF,0.054923928177930605,0.7589757425010398,0.18610032932102952
25820,GOF,0.036050509386293644,0.7244508022059615,0.23949868840774494
25821,GOF,0.025893092302125366,0.753865568773827,0.22024133892404765
25822,GOF,0.04731664246111745,0.7417268416464639,0.21095651589241876
25823,GOF,0.02418881609126338,0.7372664166239177,0.23854476728481905
25824,GOF,0.024885335766612452,0.7965652809813791,0.1785493832520084
25825,GOF,0.020953793561363086,0.7866078839903735,0.1924383224482634
25826,GOF,0.009024665623474053,0.7412732561971468,0.24970207817937912
25827,GOF,0.015162770259042235,0.7158335725488246,0.26900365719213304
25828,GOF,0.011249470449396866,0.7591737284084088,0.22957680114219434
25829,GOF,0.004238175860871838,0.6992494167298955,0.2965124074092327
25830,GOF,0.035555338384716015,0.4977277356796511,0.46671692593563274
25831,GOF,0.05367293403634774,0.8317732850724281,0.1145537808912241
25832,GOF,0.009845827541670687,0.7677394711720814,0.22241470128624793
25833,GOF,0.032343629603661314,0.832812812422644,0.1348435579736947
25834,GOF,0.010155359577249471,0.7846591202109751,0.20518552021177544
25835,GOF,0.02267495166670242,0.8481733879673014,0.12915166036599623
25836,GOF,0.007290967206330758,0.7752887599902322,0.2174202728034372
25837,GOF,0.009370809109412123,0.7934161966349307,0.19721299425565728
25838,GOF,0.023352890221845626,0.8400146818561245,0.13663242792202984
25839,GOF,0.06273710808352932,0.8184058904900604,0.11885700142641013
25840,GOF,0.0846777235346824,0.8133363263995026,0.10198595006581486
25841,GOF,0.08514549931986938,0.8352457250169807,0.07960877566315001
25842,GOF,0.026831357346667434,0.8846785245304308,0.08849011812290185
25843,GOF,0.0272961001504846,0.8890614372678166,0.0836424625816987
25844,GOF,0.019641365630181477,0.8429083325306882,0.1374503018391303
25845,GOF,0.006584720797962083,0.7653291308140923,0.22808614838794564
25846,GOF,0.0713075655663611,0.8337253849051728,0.09496704952846621
25847,GOF,0.016122570434086284,0.8844578172628925,0.09941961230302127
25848,GOF,0.02409601328610702,0.8509836211557413,0.12492036555815177
25849,GOF,0.0075633461120745,0.8323888304935066,0.1600478233944189
25850,GOF,0.006397623357154569,0.7486343984374745,0.244967978205371
25851,GOF,0.006074128521623698,0.701907270536709,0.2920186009416674
25852,GOF,0.14469107690571895,0.5866299045459488,0.26867901854833215
25853,GOF,0.07736876134246076,0.8169864125415018,0.10564482611603748
25854,GOF,0.005875528475426807,0.7150721337651628,0.27905233775941035
25855,GOF,0.024126303759867955,0.7048430759264236,0.27103062031370845
25856,GOF,0.04385132247851296,0.7784129794496151,0.1777356980718719
25857,GOF,0.023766141221036388,0.7085329601728518,0.2677008986061118
25858,GOF,0.011442652999403542,0.735794095710114,0.25276325129048255
25859,GOF,0.008268767032996466,0.7251702220696878,0.26656101089731554
25860,GOF,0.07348768494492328,0.8069615560399774,0.11955075901509946
25861,GOF,0.10484327919997889,0.8024462804263495,0.09271044037367161
25862,GOF,0.029138594023388094,0.8817095717827975,0.08915183419381437
25863,GOF,0.026447370999168995,0.8727860085088229,0.1007666204920082
25864,GOF,0.06535668854331,0.87949209832735,0.055151213129339995
25865,GOF,0.05854675421614885,0.850371509022262,0.0910817367615892
25866,GOF,0.02928381917808276,0.867146892440988,0.10356928838092916
25867,GOF,0.04738834129014167,0.8638907456994009,0.08872091301045727
25868,GOF,0.06846998862425265,0.8270260627016391,0.10450394867410834
25869,GOF,0.3373709484227136,0.5749581983273704,0.08767085324991593
25870,GOF,0.06106326907536589,0.6072257977901822,0.33171093313445205
25871,GOF,0.011523355323010041,0.8676759548162126,0.12080068986077734
25872,GOF,0.022335517246301374,0.8548041469027833,0.12286033585091531
25873,GOF,0.020696307987705147,0.8918123375768554,0.08749135443543948
25874,LOF,0.0157494058820393,0.20390250317620687,0.780348090941754
25875,LOF,0.031160710260945766,0.06535770715002204,0.9034815825890321
25876,LOF,0.018422256467612405,0.044408056034681745,0.9371696874977058
25877,LOF,0.11519863876506062,0.08992973479814986,0.7948716264367894
25878,LOF,0.0999140011541322,0.14882525900067317,0.7512607398451947
25879,LOF,0.017836779275901344,0.10271196912689472,0.8794512515972039
25880,LOF,0.06635675321626684,0.0164069921131756,0.9172362546705576
25881,Neutral,0.526493778650537,0.09170975217134178,0.38179646917812105
25882,LOF,0.0615490999684307,0.02488747281451642,0.9135634272170529
25883,LOF,0.027624933809462664,0.02961467265173063,0.9427603935388068
25884,LOF,0.01657931720431011,0.04477526920830908,0.9386454135873807
25885,LOF,0.17348786141080774,0.013383378012758455,0.8131287605764339
25886,LOF,0.2739965302187648,0.05655456370392465,0.6694489060773107
25887,LOF,0.11264976002129844,0.10984994057304713,0.7775002994056545
25888,LOF,0.00814823512906675,0.1354892704325686,0.8563624944383647
25889,LOF,0.022335153909861034,0.0397850224554121,0.9378798236347269
25890,LOF,0.186986937120943,0.06601533370090668,0.7469977291781503
25891,LOF,0.10113320940264091,0.026334469642993973,0.8725323209543651
25892,LOF,0.010996390670921034,0.03811670843513204,0.9508869008939469
25893,LOF,0.4098002024749233,0.010260479006726067,0.5799393185183506
25894,LOF,0.4053871038348932,0.007965637169615115,0.5866472589954916
25895,LOF,0.3535340701938754,0.016415970571575872,0.6300499592345487
25896,LOF,0.07131704098765047,0.03325465589002978,0.8954283031223198
25897,LOF,0.14205138015940505,0.011617564013452831,0.8463310558271422
25898,LOF,0.14153976884148003,0.03996845512078018,0.8184917760377397
25899,LOF,0.42120719524104444,0.03297415359322787,0.5458186511657277
25900,LOF,0.44171508051484565,0.01230767473594311,0.5459772447492112
25901,LOF,0.062355080700269995,0.013035126003533367,0.9246097932961966
25902,LOF,0.17113061463433876,0.013073314112764804,0.8157960712528964
25903,LOF,0.3277499962241461,0.02826749026566087,0.6439825135101931
25904,Neutral,0.4990940779829102,0.04840441171413179,0.452501510302958
25905,LOF,0.006493779811636993,0.4204928378887744,0.5730133822995885
25906,LOF,0.008310846260555955,0.07113872075912984,0.9205504329803142
25907,LOF,0.008196678640432853,0.2720160705964426,0.7197872507631247
25908,LOF,0.008320682259971143,0.2726597336461095,0.7190195840939193
25909,LOF,0.0313602968902446,0.10399331665333686,0.8646463864564184
25910,LOF,0.013197482296267524,0.14467618365931117,0.8421263340444214
25911,LOF,0.2266005069849624,0.024818200541158214,0.7485812924738794
25912,LOF,0.1138098051215705,0.016098290429526506,0.870091904448903
25913,LOF,0.02569664664247815,0.029484092483390224,0.9448192608741316
25914,LOF,0.035160850928374884,0.02590780551466486,0.9389313435569603
25915,LOF,0.19489576741296877,0.11307644787361877,0.6920277847134125
25916,LOF,0.023214393713224545,0.05601302023225695,0.9207725860545184
25917,LOF,0.07094848284741005,0.02812288247581081,0.900928634676779
25918,LOF,0.04073699203727895,0.014081727372699476,0.9451812805900216
25919,LOF,0.03399431354704997,0.014201589626620803,0.9518040968263293
25920,LOF,0.36118748426149705,0.25792019113282244,0.38089232460568045
25921,LOF,0.01580247600317081,0.018037288793413354,0.9661602352034159
25922,LOF,0.016641145799767,0.019212097706292897,0.9641467564939401
25923,LOF,0.4443148974156232,0.015317723742653971,0.5403673788417229
25924,LOF,0.02805930291279376,0.0270977802799205,0.9448429168072858
25925,LOF,0.09608356495606554,0.028383152589632744,0.8755332824543016
25926,LOF,0.08021229582011517,0.020639583923319785,0.8991481202565651
25927,LOF,0.022926549342440407,0.050879707157966886,0.9261937434995927
25928,LOF,0.011673807616957405,0.02936677294063406,0.9589594194424085
25929,Neutral,0.5728902596232475,0.014866997099502097,0.41224274327725047
25930,LOF,0.08027196995462546,0.015136986048277535,0.904591043997097
25931,LOF,0.013317301232823731,0.019700275076613195,0.966982423690563
25932,LOF,0.0668717337122225,0.01863034120887371,0.9144979250789038
25933,LOF,0.06979409819005278,0.011156541236455094,0.9190493605734921
25934,LOF,0.06262521528318786,0.009810094407432126,0.9275646903093799
25935,LOF,0.09040248582871763,0.02640213181492908,0.8831953823563533
25936,LOF,0.11346033765864881,0.010559868243673578,0.8759797940976777
25937,LOF,0.021858307678750334,0.016202244371068264,0.9619394479501814
25938,LOF,0.09243477223695308,0.02611140023409411,0.8814538275289527
25939,LOF,0.05394033123504359,0.014146986980189229,0.9319126817847673
25940,LOF,0.00815299515427395,0.452609458069209,0.539237546776517
25941,LOF,0.42168368547441704,0.04436526814112181,0.5339510463844612
25942,LOF,0.010197211971654786,0.05101689304715607,0.9387858949811893
25943,LOF,0.042035933199461924,0.1640740209956906,0.7938900458048475
25944,LOF,0.036271517139559985,0.07501682620950822,0.8887116566509318
25945,LOF,0.1262964748328624,0.028011315252236435,0.8456922099149011
25946,LOF,0.0685478591949442,0.03970703371326244,0.8917451070917933
25947,Neutral,0.49942295062861797,0.08252548125259171,0.41805156811879046
25948,LOF,0.4009477847991819,0.017798839716547152,0.5812533754842709
25949,LOF,0.1564255908559907,0.08995162612485873,0.7536227830191506
25950,GOF,0.08667296664554619,0.5654708308807356,0.3478562024737181
25951,LOF,0.016964671712278234,0.4361172861737513,0.5469180421139704
25952,LOF,0.21834841811331943,0.24540743381888738,0.5362441480677932
25953,LOF,0.00898396961002166,0.27981040244343636,0.7112056279465421
25954,LOF,0.0957760421298648,0.3947736797227363,0.5094502781473988
25955,LOF,0.007310385936422532,0.24701238945920323,0.7456772246043742
25956,LOF,0.018538535054060244,0.3397630056485923,0.6416984592973475
25957,LOF,0.17194304448183292,0.03302767287628071,0.7950292826418863
25958,LOF,0.028965052467926834,0.060296125336556816,0.9107388221955164
25959,GOF,0.006532777159938654,0.7463490778063544,0.24711814503370685
25960,LOF,0.005254078053568074,0.11788761218300202,0.8768583097634299
25961,LOF,0.02665412023270147,0.04911143471828058,0.9242344450490179
25962,LOF,0.044948959690038905,0.08920435658579368,0.8658466837241675
25963,LOF,0.007574335731094213,0.1543711597619946,0.8380545045069111
25964,LOF,0.028462571580057782,0.14651277188316572,0.8250246565367764
25965,LOF,0.24232553236277127,0.1505586807989504,0.6071157868382783
25966,LOF,0.33290091082453066,0.10729982628124451,0.5597992628942249
25967,LOF,0.007062305485835373,0.08054536622249978,0.9123923282916648
25968,LOF,0.039494421087916134,0.2578174731287539,0.70268810578333
25969,LOF,0.16949449245794046,0.06223508397948598,0.7682704235625736
25970,LOF,0.06686161523127769,0.06081030580217725,0.872328078966545
25971,LOF,0.08301697902112551,0.028870867751181913,0.8881121532276925
25972,LOF,0.07196326346633672,0.05268122574997671,0.8753555107836867
25973,LOF,0.061370828425395395,0.011907223093455663,0.926721948481149
25974,LOF,0.04570962948709021,0.04359142488234597,0.9106989456305639
25975,LOF,0.03967278682427582,0.02187276731213829,0.9384544458635858
25976,LOF,0.08550289746641677,0.012972481415743819,0.9015246211178395
25977,LOF,0.25459052178284863,0.05159571839032953,0.6938137598268218
25978,LOF,0.1609324312455386,0.12007576556850008,0.7189918031859613
25979,LOF,0.13652824563399793,0.13803227251858716,0.7254394818474149
25980,LOF,0.21209062089903283,0.19723911709273556,0.5906702620082316
25981,LOF,0.21345392146900197,0.19959781540125407,0.586948263129744
25982,LOF,0.37790567878706094,0.10132560089040371,0.5207687203225353
25983,Neutral,0.4540595035433005,0.10220411997635336,0.44373637648034625
25984,LOF,0.05418887081761167,0.08904594622216586,0.8567651829602225
25985,Neutral,0.5227559454040177,0.11751398922598161,0.3597300653700007
25986,LOF,0.011068588392862448,0.48397200446493294,0.5049594071422046
25987,LOF,0.0371567867719906,0.0959226817235611,0.8669205315044483
25988,LOF,0.048057122450389685,0.13714118292757316,0.8148016946220372
25989,LOF,0.05555376358060957,0.2176327124737246,0.7268135239456658
25990,LOF,0.04719297686870184,0.3176698406987954,0.6351371824325027
25991,LOF,0.024199334504525428,0.46672291691347634,0.5090777485819983
25992,LOF,0.01654697174893119,0.40365649963559397,0.5797965286154748
25993,LOF,0.027851897974567493,0.06427497612151409,0.9078731259039184
25994,LOF,0.023320946542568437,0.06746437221268094,0.9092146812447506
25995,LOF,0.020505568553571458,0.1182109584950502,0.8612834729513783
25996,Neutral,0.4008499905366845,0.36508192541595275,0.23406808404736268
25997,LOF,0.052100936043756686,0.4441214319617829,0.5037776319944605
25998,LOF,0.23069434576687511,0.04278379092123094,0.7265218633118941
25999,LOF,0.038131353265686625,0.11247798021220336,0.84939066652211
26000,LOF,0.11875704835838889,0.01584342033318479,0.8653995313084263
26001,LOF,0.2186299810197494,0.021578668883850606,0.7597913500964
26002,LOF,0.10666014320996592,0.025896975404299267,0.8674428813857348
26003,GOF,0.006010749383787829,0.6430627219532801,0.35092652866293206
26004,GOF,0.011013684210519922,0.6008448586175449,0.38814145717193516
26005,LOF,0.003999220117545706,0.4912935502137819,0.5047072296686724
26006,GOF,0.07665414884062494,0.5459846282368798,0.37736122292249535
26007,GOF,0.007340677832471883,0.5283047351307649,0.4643545870367632
26008,GOF,0.005627722256217176,0.5918103049177463,0.4025619728260365
26009,GOF,0.010047707412976246,0.6349710983201011,0.3549811942669227
26010,GOF,0.007707515949318889,0.5768167654417617,0.4154757186089192
26011,LOF,0.0043927817016350965,0.4086276871493784,0.5869795311489866
26012,GOF,0.004659476452317781,0.5579055255883988,0.4374349979592834
26013,GOF,0.009175805828403013,0.5774219271483597,0.41340226702323735
26014,LOF,0.05792606075024339,0.08111984644047666,0.8609540928092799
26015,LOF,0.3265391498806546,0.024366977502931438,0.649093872616414
26016,LOF,0.2726739409634018,0.03838701706203276,0.6889390419745655
26017,LOF,0.012553791802917281,0.16960518804601915,0.8178410201510635
26018,LOF,0.02589960603796769,0.07373710895178473,0.9003632850102476
26019,LOF,0.02521760425919625,0.06518929142563885,0.9095931043151648
26020,LOF,0.00796976365632894,0.15513562510877785,0.8368946112348933
26021,LOF,0.07847102242217416,0.06647151410453285,0.8550574634732929
26022,LOF,0.038064037816667805,0.03269376955866984,0.9292421926246625
26023,LOF,0.02167337467454448,0.0486168247220346,0.9297098006034209
26024,LOF,0.04733666747775318,0.050366784059287704,0.9022965484629591
26025,LOF,0.127557713976021,0.053816660071513964,0.8186256259524649
26026,LOF,0.12319783422418817,0.03872938824713341,0.8380727775286784
26027,LOF,0.026484137989368224,0.03018647502344563,0.943329386987186
26028,LOF,0.07724952261135117,0.1614737485200014,0.7612767288686475
26029,LOF,0.02045064345361431,0.1458657870245184,0.8336835695218673
26030,LOF,0.12122946000091467,0.025425825309070754,0.8533447146900146
26031,LOF,0.009131522227948014,0.14303601850539413,0.8478324592666578
26032,LOF,0.03274342922217158,0.0463344141307534,0.920922156647075
26033,LOF,0.03724162155702416,0.04354306562146678,0.919215312821509
26034,LOF,0.013061634164113229,0.1090719221347162,0.8778664437011705
26035,LOF,0.00972655809587815,0.10466098588400034,0.8856124560201215
26036,LOF,0.009676046374919048,0.08949901105192591,0.900824942573155
26037,LOF,0.009415946149467317,0.09416836410453638,0.8964156897459963
26038,LOF,0.028649665653843734,0.040941366708924246,0.9304089676372319
26039,LOF,0.029167666566459326,0.12679066342954298,0.8440416700039977
26040,LOF,0.07377974949187097,0.10875234962100354,0.8174679008871255
26041,LOF,0.01198872254738215,0.0948927520431244,0.8931185254094934
26042,LOF,0.011073637555111872,0.09829963915165578,0.8906267232932323
26043,LOF,0.028134455416138987,0.06297452007311545,0.9088910245107455
26044,LOF,0.007538332138224492,0.04580302557406189,0.9466586422877137
26045,LOF,0.06586265642128479,0.13070696983438684,0.8034303737443284
26046,LOF,0.025421321137721845,0.044881527754457966,0.9296971511078203
26047,LOF,0.05242307235174876,0.04594134144989917,0.9016355861983519
26048,LOF,0.07801399037948062,0.0171134368304033,0.9048725727901161
26049,Neutral,0.9380908219442798,0.005866050976521754,0.056043127079198396
26050,Neutral,0.9031530705940516,0.00654740011707987,0.0902995292888684
26051,LOF,0.0257301713661206,0.07038288177171799,0.9038869468621614
26052,LOF,0.027954187606350225,0.0579149709492729,0.9141308414443768
26053,LOF,0.01997188403200327,0.14833268475463893,0.8316954312133579
26054,LOF,0.05362499761031065,0.03703784989721163,0.9093371524924777
26055,LOF,0.08276228985159274,0.03310160946705173,0.8841361006813555
26056,LOF,0.06732947403234675,0.0441654177382337,0.8885051082294195
26057,LOF,0.051175951399973635,0.01990587231378837,0.928918176286238
26058,LOF,0.055544740459298705,0.01588659747941434,0.928568662061287
26059,LOF,0.23722030624667895,0.029174129837801835,0.7336055639155192
26060,LOF,0.01689029014253935,0.15870868434652427,0.8244010255109364
26061,LOF,0.011390000005520954,0.013276632743833268,0.9753333672506458
26062,LOF,0.006232910338035442,0.018530115263317378,0.9752369743986471
26063,LOF,0.038008870463099954,0.015163659866625765,0.9468274696702742
26064,LOF,0.014919240010618708,0.021524568993349473,0.9635561909960318
26065,LOF,0.04683819201869415,0.01990926451985012,0.9332525434614557
26066,LOF,0.03484339394484825,0.014394984059326935,0.9507616219958249
26067,LOF,0.04254013968285852,0.013645662882605587,0.9438141974345359
26068,LOF,0.05118782930909001,0.041505637554269316,0.9073065331366407
26069,LOF,0.25187569610529353,0.025465630602056904,0.7226586732926497
26070,LOF,0.46683481013305095,0.017657071790139246,0.5155081180768099
26071,LOF,0.04263549153043335,0.01650712925556221,0.9408573792140044
26072,LOF,0.00745268386975872,0.020130349204393844,0.9724169669258474
26073,LOF,0.035098904090708816,0.01902946372958728,0.9458716321797038
26074,Neutral,0.8107759374413624,0.012424147066639905,0.17679991549199758
26075,LOF,0.050415962559481456,0.031201277594073238,0.9183827598464454
26076,LOF,0.050915743101255406,0.015204866044409137,0.9338793908543354
26077,LOF,0.15379753278631936,0.00970541764816373,0.8364970495655168
26078,LOF,0.006937897889584975,0.02179406091181968,0.9712680411985953
26079,LOF,0.06239954158235749,0.023552566417494862,0.9140478920001476
26080,LOF,0.06170177594179916,0.023614866127746104,0.9146833579304547
26081,LOF,0.03287285607812028,0.0129916570379305,0.9541354868839492
26082,LOF,0.005186023867481517,0.023028416945615058,0.9717855591869035
26083,LOF,0.09740077073590714,0.026805373182610573,0.8757938560814822
26084,LOF,0.09530278308022981,0.023139733043596646,0.8815574838761735
26085,LOF,0.08623766764378538,0.018917271356435294,0.8948450609997793
26086,LOF,0.03463536174718817,0.019146367716053398,0.9462182705367584
26087,LOF,0.034056820182009395,0.01695584152381832,0.9489873382941723
26088,LOF,0.0068997410828454874,0.032499213881365126,0.9606010450357895
26089,LOF,0.04444166913811455,0.03751202694585411,0.9180463039160313
26090,LOF,0.04485386060234221,0.029913884906629,0.9252322544910287
26091,LOF,0.025271356001318412,0.011774122311208163,0.9629545216874734
26092,LOF,0.045335162872049695,0.012827141552545088,0.9418376955754052
26093,LOF,0.07766042607252932,0.00926594426834444,0.9130736296591262
26094,LOF,0.030405438989875747,0.010918318108511982,0.9586762429016124
26095,LOF,0.020772598517056394,0.022250705503421793,0.9569766959795218
26096,LOF,0.1860626998843687,0.006393252321563272,0.8075440477940681
26097,LOF,0.00718929775136574,0.049957164994807936,0.9428535372538264
26098,LOF,0.10703173155505911,0.022766138194865775,0.8702021302500751
26099,LOF,0.033235527158751756,0.02841109781131489,0.9383533750299333
26100,LOF,0.03321422172474247,0.028411723931519504,0.938374054343738
26101,LOF,0.05664570261633864,0.04535793626378873,0.8979963611198727
26102,LOF,0.030942324736829962,0.025098212826676902,0.9439594624364931
26103,Neutral,0.8913888267885819,0.03047363449829265,0.07813753871312541
26104,LOF,0.05930400823549842,0.04078632102463141,0.8999096707398703
26105,LOF,0.24804925245181803,0.10306704565621706,0.6488837018919649
26106,LOF,0.30932958724974374,0.0565878120318642,0.634082600718392
26107,LOF,0.017046311056377734,0.0723048390729001,0.9106488498707221
26108,LOF,0.24872783170446938,0.041695252008026436,0.7095769162875041
26109,LOF,0.06768830856112715,0.03412101913240335,0.8981906723064694
26110,LOF,0.39258574104877586,0.015166105172451908,0.5922481537787723
26111,LOF,0.06224094768256361,0.12532497018755182,0.8124340821298844
26112,LOF,0.046751696765531356,0.014234088447404569,0.9390142147870641
26113,LOF,0.1085963630509284,0.039695587147657,0.8517080498014146
26114,LOF,0.09095541052483132,0.006311220871360225,0.9027333686038085
26115,LOF,0.017156746312300793,0.041756569068162545,0.9410866846195367
26116,LOF,0.07751405019737238,0.021612327886214828,0.9008736219164127
26117,LOF,0.35062126294095786,0.05257021191865896,0.5968085251403833
26118,LOF,0.056314535234404335,0.025622136083998593,0.918063328681597
26119,LOF,0.005369813154180201,0.11928693581371975,0.8753432510321
26120,LOF,0.0374625393413477,0.02426319300253766,0.9382742676561145
26121,LOF,0.0033203741533396804,0.17580923036552976,0.8208703954811306
