feature0,prediction,LoGoFunc_Neutral,LoGoFunc_GOF,LoGoFunc_LOF
25546,Neutral,0.7739726516102886,0.025889514717963562,0.2001378336717479
25547,Neutral,0.6387535377808998,0.050497136447788034,0.3107493257713122
25548,Neutral,0.6132305198392338,0.04044052743204314,0.3463289527287231
25549,Neutral,0.5197139335001681,0.041157960999869965,0.43912810549996195
25550,LOF,0.3533879441903963,0.10489387932132527,0.5417181764882785
25551,LOF,0.29281154847437674,0.11836499289262917,0.588823458632994
25552,LOF,0.1916579992929531,0.1240251374939259,0.684316863213121
25553,Neutral,0.8249201052981904,0.0324052127603802,0.14267468194142935
25554,LOF,0.2346931259706673,0.1176837963893997,0.647623077639933
25555,LOF,0.18590341924155437,0.09651674718456359,0.7175798335738821
25556,LOF,0.41563111388503304,0.09356149478968566,0.4908073913252813
25557,LOF,0.17738856768019617,0.10754730085266491,0.7150641314671389
25558,LOF,0.2283709772775635,0.12215305302203235,0.6494759697004041
25559,LOF,0.390170954228007,0.05818646656245807,0.551642579209535
25560,LOF,0.05986896242320646,0.1807784994456137,0.7593525381311799
25561,LOF,0.11522314309052122,0.1824353503863798,0.702341506523099
25562,LOF,0.09882618683603389,0.08573234011113308,0.8154414730528331
25563,LOF,0.10961024222678205,0.10170895502323732,0.7886808027499806
25564,LOF,0.14054589108377724,0.1695872178262405,0.6898668910899822
25565,LOF,0.1216046687332117,0.17211854139276558,0.7062767898740226
25566,GOF,0.01384675758148911,0.7209763592703318,0.26517688314817905
25567,LOF,0.012731609144239847,0.12710438575838795,0.8601640050973722
25568,LOF,0.04828371173114268,0.059039969116264863,0.8926763191525924
25569,LOF,0.062923963050301,0.05500797612375568,0.8820680608259434
25570,LOF,0.06072099171393646,0.09006542250656155,0.8492135857795021
25571,LOF,0.05718769703905784,0.08526883345601846,0.8575434695049237
25572,LOF,0.06120903660509313,0.1226425754220534,0.8161483879728535
25573,LOF,0.02674109553867614,0.08161220759482817,0.8916466968664956
25574,LOF,0.017763121000508815,0.13292958542805836,0.8493072935714329
25575,LOF,0.04713908083252145,0.09583968199371982,0.8570212371737587
25576,LOF,0.018508698426946885,0.10808599930109788,0.8734053022719553
25577,LOF,0.01515332349839172,0.13196625355817623,0.8528804229434321
25578,LOF,0.2348405764371553,0.07914532750859922,0.6860140960542455
25579,LOF,0.23681023384956995,0.07838821277273124,0.6848015533776988
25580,LOF,0.034250735330803576,0.07839610457505977,0.8873531600941366
25581,LOF,0.0514796238265098,0.059954916424607624,0.8885654597488826
25582,LOF,0.05108154748823501,0.05813671319897343,0.8907817393127915
25583,LOF,0.043233027288475404,0.08777431754810784,0.8689926551634167
25584,Neutral,0.4689619861689873,0.08109528606990857,0.4499427277611041
25585,LOF,0.037394626591531574,0.09553737987759202,0.8670679935308764
25586,LOF,0.03946711541680453,0.07503742807726757,0.8854954565059279
25587,LOF,0.03513375816563658,0.07106301980413678,0.8938032220302268
25588,LOF,0.03604741078356763,0.09237661113596218,0.8715759780804702
25589,Neutral,0.6109156753878803,0.09678111917642612,0.29230320543569366
25590,LOF,0.030755766698886487,0.12671891429063917,0.8425253190104744
25591,LOF,0.11467131278261322,0.047969171052518786,0.837359516164868
25592,LOF,0.10214241314957706,0.13107091576405652,0.7667866710863663
25593,LOF,0.016657790799810317,0.2381975490954864,0.7451446601047033
25594,LOF,0.03574195955841151,0.18721023658399927,0.7770478038575891
25595,LOF,0.055972948466372234,0.14686318893733033,0.7971638625962973
25596,LOF,0.0592258426702999,0.08983226922616992,0.8509418881035302
25597,LOF,0.06035243488733704,0.07849307175676667,0.8611544933558962
25598,LOF,0.04489937357904469,0.18521078902029306,0.7698898374006623
25599,GOF,0.007069175026060794,0.7067673073685159,0.2861635176054233
25600,GOF,0.0086528992170435,0.5693511607914346,0.421995939991522
25601,LOF,0.006709286034029618,0.4502261386419703,0.5430645753240001
25602,LOF,0.020902717988397185,0.06103895690924172,0.9180583251023611
25603,LOF,0.03529522472229707,0.033207466802427005,0.9314973084752759
25604,LOF,0.04858816823098844,0.06646895130374868,0.8849428804652628
25605,LOF,0.010283628900599704,0.2879444085490013,0.701771962550399
25606,LOF,0.05914797902645478,0.4452369766041501,0.49561504436939513
25607,LOF,0.003990903488394133,0.16490315991812007,0.8311059365934859
25608,LOF,0.06233151874692991,0.05284200219759761,0.8848264790554725
25609,LOF,0.05495160355128182,0.40729313156592595,0.5377552648827922
25610,LOF,0.044741501661129036,0.03824667547478303,0.9170118228640879
25611,LOF,0.06493203860843196,0.03269782448603922,0.9023701369055289
25612,LOF,0.12630704148813923,0.06080419332885626,0.8128887651830045
25613,LOF,0.10594030716924581,0.04983091478974481,0.8442287780410093
25614,LOF,0.04222220307632315,0.042592690329850545,0.9151851065938263
25615,LOF,0.06480743910682711,0.04270824661300386,0.8924843142801689
25616,LOF,0.03964903003568976,0.043963882987547886,0.9163870869767623
25617,LOF,0.04045074006815917,0.04438091648485832,0.9151683434469826
25618,LOF,0.23112267238987105,0.04245056510756145,0.7264267625025675
25619,LOF,0.03802610316677309,0.04410405924126212,0.9178698375919647
25620,LOF,0.04040560392396659,0.050030499538417116,0.9095638965376163
25621,LOF,0.03934876868483238,0.03402930109229904,0.9266219302228685
25622,LOF,0.03273406103594161,0.050350116851262526,0.9169158221127958
25623,LOF,0.06620075329819919,0.03688020265220474,0.8969190440495961
25624,LOF,0.031813518298239786,0.04837839199123011,0.91980808971053
25625,LOF,0.041084028765873554,0.053201498645412765,0.9057144725887136
25626,LOF,0.08742793808784324,0.040013172714254724,0.872558889197902
25627,Neutral,0.5949824542346248,0.09126564039005491,0.3137519053753203
25628,LOF,0.2089381269656272,0.04822081829273622,0.7428410547416365
25629,LOF,0.08652431491089983,0.11906210821792598,0.7944135768711741
25630,LOF,0.20022962810182116,0.08254364448181259,0.7172267274163662
25631,Neutral,0.5981943249467447,0.055017312731813296,0.3467883623214419
25632,LOF,0.02360188833654597,0.08458936822687285,0.8918087434365812
25633,LOF,0.21888512901890403,0.07978712850899895,0.701327742472097
25634,LOF,0.03827277621488643,0.09688121501562413,0.8648460087694894
25635,LOF,0.03270592442036981,0.08807504891613901,0.8792190266634912
25636,GOF,0.006815412072552548,0.7003142239126054,0.29287036401484207
25637,GOF,0.0045140220806076424,0.5703720077885611,0.42511397013083124
25638,LOF,0.009828428462205567,0.4314315673374985,0.5587400042002959
25639,LOF,0.005118403955528185,0.46831389788233807,0.5265676981621338
25640,GOF,0.3886262256885008,0.5720678142878785,0.03930596002362068
25641,LOF,0.005832395462759281,0.35129170396524073,0.6428759005720001
25642,LOF,0.2603772912540733,0.10030590873511488,0.6393168000108118
25643,LOF,0.23532781068190806,0.34766119396976025,0.41701099534833164
25644,GOF,0.027551839247141115,0.6796166717647544,0.2928314889881044
25645,GOF,0.020633038414262533,0.630438332896349,0.34892862868938834
25646,LOF,0.023237193637464064,0.45433522227667583,0.5224275840858601
25647,LOF,0.01904446669341008,0.34202757115807947,0.6389279621485106
25648,LOF,0.014683767621330897,0.39372798294855893,0.5915882494301102
25649,LOF,0.015023414054854684,0.2798486378430308,0.7051279481021144
25650,GOF,0.04400630758668179,0.6589177501720238,0.2970759422412943
25651,LOF,0.01231860339331334,0.3268241120098546,0.660857284596832
25652,LOF,0.023539390348941504,0.3543562570834113,0.6221043525676472
25653,GOF,0.09671107812053006,0.5663970386492846,0.3368918832301854
25654,LOF,0.015329451013887739,0.3967149543150268,0.5879555946710855
25655,GOF,0.14514094679254885,0.5080277032375008,0.3468313499699503
25656,LOF,0.05450998720830032,0.10099649254398865,0.8444935202477111
25657,LOF,0.2809395086799245,0.04027159290941596,0.6787888984106596
25658,LOF,0.03011562171287656,0.18113026405789492,0.7887541142292286
25659,LOF,0.20555262627963325,0.09092760328794168,0.7035197704324251
25660,LOF,0.1003257914732865,0.1022238183220729,0.7974503902046406
25661,LOF,0.0798665471319658,0.07135233636235068,0.8487811165056834
25662,LOF,0.035285919389836294,0.04733475403443385,0.9173793265757298
25663,LOF,0.04053581835677176,0.08387027482581255,0.8755939068174157
25664,LOF,0.03192247114620837,0.14338163078875188,0.8246958980650397
25665,LOF,0.0465679181788031,0.059042097670579205,0.8943899841506178
25666,LOF,0.044265417388281644,0.17740082736355522,0.7783337552481632
25667,LOF,0.03465301557811027,0.06633795034847327,0.8990090340734164
25668,LOF,0.046974003094789635,0.05780074640402605,0.8952252505011843
25669,LOF,0.05341527270704968,0.104651337131382,0.8419333901615683
25670,LOF,0.11990103488098738,0.1040773214964446,0.776021643622568
25671,LOF,0.04258160524521379,0.05520436946033019,0.902214025294456
25672,LOF,0.04558073279305206,0.07370612638016454,0.8807131408267834
25673,LOF,0.036378512133299526,0.07719207745541239,0.886429410411288
25674,LOF,0.026308574430423833,0.08842060568366772,0.8852708198859085
25675,LOF,0.03833584626387838,0.07913501220185686,0.8825291415342648
25676,LOF,0.03345952851785496,0.07080116694440897,0.8957393045377361
25677,LOF,0.08620384325186527,0.05905168948248119,0.8547444672656536
25678,LOF,0.1544296679810556,0.048463723784469566,0.7971066082344749
25679,LOF,0.10544420079237783,0.07247416445197505,0.8220816347556471
25680,LOF,0.08678440528660539,0.08989976651107483,0.8233158282023199
25681,LOF,0.10509865503407803,0.0804869810017843,0.8144143639641376
25682,LOF,0.05221058603545202,0.0722882388211028,0.8755011751434452
25683,LOF,0.07313781581028894,0.1129820423740475,0.8138801418156636
25684,LOF,0.06521029886688703,0.08676064921389343,0.8480290519192195
25685,LOF,0.11283485977893219,0.04985746910888808,0.8373076711121797
25686,LOF,0.035523357294694455,0.1241188599273259,0.8403577827779797
25687,LOF,0.06353957065043109,0.1042930955759837,0.8321673337735851
25688,LOF,0.01891269928428368,0.07935952986706753,0.9017277708486489
25689,LOF,0.016350718238974903,0.04889182415856481,0.9347574576024603
25690,LOF,0.014350732063949859,0.06234844946222213,0.9233008184738279
25691,LOF,0.11554379958490192,0.09161168349943617,0.7928445169156618
25692,LOF,0.18712403394095367,0.013283920629354644,0.7995920454296916
25693,LOF,0.04567636843363007,0.13982359056324722,0.8145000410031228
25694,LOF,0.2646654474044421,0.01314421070421817,0.7221903418913397
25695,LOF,0.20873216163437974,0.01971203593706805,0.7715558024285522
25696,LOF,0.14678460296586004,0.016319805233749162,0.8368955918003909
25697,LOF,0.1280702239338515,0.03832743065851192,0.8336023454076367
25698,LOF,0.021221932951808336,0.32269824968228333,0.6560798173659084
25699,LOF,0.10079411821035196,0.09569127562821939,0.8035146061614287
25700,LOF,0.03537570595853367,0.018018741831761834,0.9466055522097044
25701,LOF,0.01671023215943126,0.10056966771575493,0.8827201001248138
25702,GOF,0.022225194513780428,0.7528387623728147,0.22493604311340487
25703,LOF,0.016983546593637478,0.21675395441758405,0.7662624989887785
25704,LOF,0.09509454447761789,0.2135621701918998,0.6913432853304824
25705,LOF,0.08358473279292979,0.27997437414971066,0.6364408930573595
25706,GOF,0.023060192413142912,0.6618293446198926,0.31511046296696454
25707,GOF,0.028959896821413412,0.6332729072195019,0.33776719595908455
25708,GOF,0.010095526171519808,0.6114229186858728,0.3784815551426073
25709,LOF,0.027861187156681944,0.0955076465562759,0.8766311662870421
25710,LOF,0.005254376981400147,0.2589829011052324,0.7357627219133673
25711,LOF,0.02827998414313323,0.15776618290233763,0.8139538329545292
25712,LOF,0.006998894589298238,0.3097932203605936,0.6832078850501081
25713,LOF,0.02243557213078531,0.13733521608084107,0.8402292117883736
25714,LOF,0.026214938814889763,0.1744306033572915,0.7993544578278187
25715,LOF,0.027466811967271857,0.15159352419918604,0.8209396638335421
25716,LOF,0.008787466175544536,0.18843647893031074,0.8027760548941448
25717,LOF,0.006095543902782117,0.21640518359664712,0.7774992725005707
25718,LOF,0.026695185158250586,0.11842658059269887,0.8548782342490505
25719,LOF,0.03678500694015572,0.13997019064238536,0.8232448024174589
25720,LOF,0.03884382148424258,0.1327942311637533,0.8283619473520042
25721,LOF,0.030552084221451798,0.11393713498826637,0.8555107807902819
25722,LOF,0.020415182909622184,0.16053737610944596,0.819047440980932
25723,LOF,0.02991588508929406,0.12478602298531322,0.8452980919253926
25724,LOF,0.0278536557169105,0.21962221423610553,0.7525241300469839
25725,LOF,0.02967291544869468,0.11253323860413084,0.8577938459471746
25726,LOF,0.02015537229253353,0.16182127741202862,0.8180233502954379
25727,LOF,0.027274606304100467,0.1617948227600172,0.8109305709358824
25728,LOF,0.027127544463863063,0.14568466036271457,0.8271877951734223
25729,LOF,0.025724453073631044,0.17943957636105343,0.7948359705653155
25730,LOF,0.02976156054059838,0.11873471849466367,0.8515037209647378
25731,LOF,0.01032105792733623,0.23541933142737825,0.7542596106452856
25732,LOF,0.023073925308840084,0.12236816324468304,0.8545579114464767
25733,LOF,0.03937025159715977,0.110634751008186,0.8499949973946543
25734,LOF,0.0063360510266582525,0.3312220056884412,0.6624419432849007
25735,LOF,0.025782430119833222,0.10248714310596194,0.8717304267742049
25736,LOF,0.025045352605221935,0.16362588663634062,0.8113287607584375
25737,LOF,0.051835588827373276,0.1543233851122035,0.7938410260604233
25738,LOF,0.025595117716496946,0.18112721076389288,0.7932776715196102
25739,LOF,0.031211578208329375,0.13945987768127086,0.8293285441103997
25740,LOF,0.030623526010674827,0.15917402500584032,0.8102024489834848
25741,LOF,0.03501767347880095,0.1376315696650881,0.8273507568561109
25742,LOF,0.04864132420146507,0.14537288635735535,0.8059857894411795
25743,LOF,0.010820707116572856,0.02289028317297081,0.9662890097104563
25744,LOF,0.21166473358978688,0.23739001430900125,0.5509452521012119
25745,LOF,0.040634077327590896,0.05864047597723256,0.9007254466951765
25746,LOF,0.015312784649040139,0.07523261959607885,0.909454595754881
25747,LOF,0.03696960487970353,0.023558807953077764,0.9394715871672188
25748,LOF,0.26706168175964096,0.040020301633904555,0.6929180166064545
25749,LOF,0.015342297517789125,0.048262279284467684,0.9363954231977432
25750,LOF,0.020867457350324938,0.05030388240888663,0.9288286602407884
25751,LOF,0.038484538810397644,0.0402699588373365,0.921245502352266
25752,GOF,0.07248753838042715,0.7524378137467694,0.1750746478728033
25753,LOF,0.006068192228537454,0.4620512737594182,0.5318805340120444
25754,GOF,0.006729165736464558,0.8928492241556027,0.10042161010793262
25755,GOF,0.00611706062002505,0.5077082448060872,0.48617469457388773
25756,GOF,0.023872915797079026,0.5195025998956099,0.456624484307311
25757,GOF,0.007280893235238069,0.8825118389972743,0.11020726776748777
25758,GOF,0.008026502026352314,0.9088423006208894,0.08313119735275838
25759,GOF,0.0054580023780879516,0.7137360194159633,0.28080597820594877
25760,LOF,0.005549819005537435,0.3841292467604665,0.610320934233996
25761,GOF,0.0435797827573357,0.8680074287513584,0.08841278849130592
25762,LOF,0.027570051878515366,0.4413827834370425,0.5310471646844421
25763,LOF,0.0053472739192934144,0.3413907139357961,0.6532620121449104
25764,GOF,0.045453747690220966,0.7017746555565579,0.25277159675322114
25765,GOF,0.007050335669822564,0.8936683906612062,0.09928127366897135
25766,GOF,0.039729487406762534,0.8576029318760804,0.10266758071715712
25767,GOF,0.021083371562188584,0.5218559415291418,0.45706068690866963
25768,LOF,0.052010703337151555,0.047107811695485155,0.9008814849673634
25769,LOF,0.0371842491954902,0.08075582467342717,0.8820599261310826
25770,LOF,0.19776147803700317,0.07556441971521836,0.7266741022477785
25771,LOF,0.019107178436720523,0.0680104963941057,0.9128823251691737
25772,LOF,0.031042568099101626,0.02828941678040379,0.9406680151204946
25773,LOF,0.02026923178773167,0.0858284414039987,0.8939023268082695
25774,LOF,0.02793337560954658,0.13817098589812019,0.8338956384923332
25775,LOF,0.021805276262846698,0.039009531859800314,0.939185191877353
25776,LOF,0.031652699690536995,0.021814837444044773,0.9465324628654181
25777,LOF,0.3009635680387201,0.09273184148645935,0.6063045904748207
25778,LOF,0.027192799633932344,0.04630267695485611,0.9265045234112116
25779,GOF,0.07721917346736912,0.8488948467825536,0.07388597975007746
25780,GOF,0.10420812324595873,0.8409401926035021,0.05485168415053929
25781,GOF,0.040065694303755124,0.8398219440979872,0.12011236159825776
25782,GOF,0.04808639608553107,0.8745680185004224,0.07734558541404636
25783,GOF,0.041017907719484756,0.9052949402612249,0.05368715201929031
25784,GOF,0.13550476680191928,0.8170974033776145,0.04739782982046616
25785,GOF,0.15807159023860826,0.8027113733954481,0.03921703636594379
25786,GOF,0.013433461913027642,0.8629314088248067,0.12363512926216558
25787,GOF,0.30286135703282585,0.6527394715381796,0.04439917142899457
25788,LOF,0.01923195495211836,0.15213694501848019,0.8286311000294014
25789,GOF,0.023951052359566936,0.8342342630361448,0.14181468460428834
25790,GOF,0.03949062471786077,0.8542519229229762,0.10625745235916294
25791,GOF,0.035597138010812115,0.7081958586079794,0.25620700338120866
25792,GOF,0.04283049319333827,0.7648502824228268,0.1923192243838349
25793,GOF,0.061822074445515,0.7928915352483258,0.14528639030615922
25794,GOF,0.06818931286022446,0.7218794620678048,0.20993122507197065
25795,GOF,0.06182920545783203,0.7014475588431315,0.23672323569903647
25796,GOF,0.14571782789027826,0.767853339873195,0.08642883223652671
25797,GOF,0.10933523813159209,0.70828440671203,0.182380355156378
25798,GOF,0.008774304060986495,0.7678264574411549,0.22339923849785867
25799,GOF,0.005175160774158626,0.6698107670730464,0.32501407215279493
25800,GOF,0.031149489067496466,0.8155331197908998,0.15331739114160364
25801,GOF,0.027344236513238813,0.88170219694603,0.09095356654073125
25802,GOF,0.03292786216698737,0.7659733815974429,0.20109875623556972
25803,GOF,0.024538740343562796,0.6899297790635526,0.2855314805928847
25804,GOF,0.03988141164728254,0.7572179164073928,0.20290067194532468
25805,GOF,0.03725396530859895,0.7746725035041181,0.18807353118728298
25806,GOF,0.05217352731013779,0.7829676303402078,0.1648588423496545
25807,GOF,0.016542700264261318,0.7227797951831326,0.260677504552606
25808,GOF,0.03023030362500731,0.7452673895458743,0.22450230682911843
25809,GOF,0.013115645895759835,0.6787415660665996,0.3081427880376405
25810,GOF,0.011618722965041666,0.6575144029283603,0.33086687410659815
25811,GOF,0.06791890651378045,0.8416101121731931,0.0904709813130263
25812,GOF,0.03495716561180875,0.7460556318740647,0.2189872025141265
25813,GOF,0.1955887713327059,0.7184837374221509,0.08592749124514323
25814,GOF,0.038670758317215254,0.7549099715323317,0.20641927015045292
25815,GOF,0.07552768295346,0.802773306271894,0.12169901077464591
25816,GOF,0.010965729805776415,0.8453518563956182,0.14368241379860536
25817,GOF,0.13477562962691625,0.7471396452481175,0.11808472512496626
25818,GOF,0.03323824572103579,0.7536716868116188,0.2130900674673453
25819,GOF,0.06705349481462103,0.7452923420033278,0.1876541631820513
25820,GOF,0.06697713285405313,0.6941640164690548,0.23885885067689228
25821,GOF,0.04291100732427952,0.7559388358040008,0.20115015687171975
25822,GOF,0.07687983571659597,0.6955072738965579,0.22761289038684623
25823,GOF,0.03322039817197381,0.6793396487618494,0.28743995306617687
25824,GOF,0.035854956453228705,0.7297197002761125,0.23442534327065884
25825,GOF,0.027065723381258483,0.7220091916865264,0.25092508493221516
25826,GOF,0.012336269096087525,0.6720614484000951,0.31560228250381744
25827,GOF,0.0185059174425173,0.685866252892887,0.29562782966459555
25828,GOF,0.014103905214452312,0.7157118835015244,0.27018421128402326
25829,GOF,0.004916441955711081,0.6412693723222692,0.3538141857220198
25830,GOF,0.042743821462069405,0.5041289412541655,0.453127237283765
25831,GOF,0.07034371856142911,0.7903771875871682,0.1392790938514028
25832,GOF,0.012380525256215202,0.7173255338357729,0.2702939409080119
25833,GOF,0.045784333854646815,0.7897750225562574,0.1644406435890956
25834,GOF,0.01264683167249571,0.7394571360369858,0.24789603229051846
25835,GOF,0.03130122840395999,0.806841263298776,0.16185750829726397
25836,GOF,0.009149790284967206,0.7242737819416324,0.2665764277734004
25837,GOF,0.01106641787041102,0.7394891057670941,0.24944447636249484
25838,GOF,0.02839456073436939,0.8047041328172391,0.1669013064483914
25839,GOF,0.07620664004866569,0.7579823824834526,0.16581097746788168
25840,GOF,0.10059079995009976,0.7366039385873774,0.16280526146252278
25841,GOF,0.10093428280235585,0.7746830329203316,0.12438268427731267
25842,GOF,0.036292641780675455,0.8527530975463993,0.11095426067292531
25843,GOF,0.036761242864852994,0.8583708012510406,0.10486795588410645
25844,GOF,0.026717999228776095,0.7868830645699209,0.18639893620130316
25845,GOF,0.00769170638463076,0.6892496215092542,0.3030586721061149
25846,GOF,0.0777565002992921,0.8128101582832523,0.10943334141745573
25847,GOF,0.017473630951925893,0.8639447744419696,0.11858159460610442
25848,GOF,0.029573249008326016,0.8018195580487272,0.16860719294294674
25849,GOF,0.008812495245389086,0.7747238344347082,0.21646367031990274
25850,GOF,0.007879714451927288,0.6985287700390431,0.29359151550902957
25851,GOF,0.007321516442719259,0.6473111879349859,0.34536729562229485
25852,GOF,0.15897968946448138,0.5298552125253303,0.3111650980101882
25853,GOF,0.06973188703561538,0.7720126193012723,0.15825549366311237
25854,GOF,0.00720002746222558,0.6695930776196773,0.32320689491809707
25855,GOF,0.02612140671118881,0.6418111365685849,0.3320674567202263
25856,GOF,0.05572397393605564,0.7186105330294422,0.22566549303450217
25857,GOF,0.026624187418131263,0.649306474954792,0.32406933762707657
25858,GOF,0.010266034726403467,0.5911590308921102,0.39857493438148645
25859,GOF,0.007603729258538182,0.5631672881330297,0.42922898260843206
25860,GOF,0.09257943740750858,0.7454355906971347,0.16198497189535668
25861,GOF,0.10488072988883831,0.7659961004005238,0.12912316971063778
25862,GOF,0.02956793875093929,0.8726532253361632,0.0977788359128976
25863,GOF,0.02829944141895618,0.8577453067184364,0.11395525186260741
25864,GOF,0.06650715047275765,0.8477100003789833,0.08578284914825893
25865,GOF,0.05715720759538747,0.8185411249410104,0.12430166746360204
25866,GOF,0.02891664684022001,0.8268402288382347,0.1442431243215453
25867,GOF,0.04536267329620539,0.8353863386736863,0.11925098803010835
25868,GOF,0.08012772414342068,0.7532678799936967,0.16660439586288264
25869,GOF,0.39571020311794164,0.5030045608206865,0.10128523606137191
25870,GOF,0.08838304529228243,0.524500809698888,0.38711614500882957
25871,GOF,0.010685333476046834,0.8017794451974268,0.18753522132652628
25872,GOF,0.02639057987981596,0.7976924399550002,0.17591698016518387
25873,GOF,0.024908818196687634,0.8602068546256018,0.11488432717771058
25874,LOF,0.019820286779025295,0.18094569013404976,0.7992340230869249
25875,LOF,0.02354712089728838,0.11664880546485744,0.8598040736378543
25876,LOF,0.02005870394611485,0.06862016966114393,0.9113211263927412
25877,LOF,0.09820665904346482,0.21923506586865454,0.6825582750878807
25878,LOF,0.06069456350099622,0.2810145841390614,0.6582908523599426
25879,LOF,0.010346238845257717,0.21280580498888488,0.7768479561658573
25880,LOF,0.061046442294753214,0.023818722699978336,0.9151348350052684
25881,Neutral,0.5426447392422781,0.08334813567587157,0.37400712508185036
25882,LOF,0.0765451724601853,0.024398759016945666,0.899056068522869
25883,LOF,0.030313434727688424,0.02505395452991695,0.9446326107423947
25884,LOF,0.021822726695800952,0.03730239298453017,0.9408748803196689
25885,LOF,0.18671396691292497,0.011572656226183415,0.8017133768608915
25886,LOF,0.25158006063581173,0.05225940521865564,0.6961605341455327
25887,LOF,0.08620788030893906,0.13366849714824233,0.7801236225428185
25888,LOF,0.008816746316354688,0.17946450437860126,0.8117187493050442
25889,LOF,0.029472301492660807,0.03400207352261192,0.9365256249847272
25890,LOF,0.20221068819284352,0.07240149997300871,0.7253878118341478
25891,LOF,0.10038321830926068,0.035574762037861404,0.8640420196528779
25892,LOF,0.008549566079360632,0.029899899498311806,0.9615505344223275
25893,LOF,0.32679631412014193,0.0095941718996571,0.663609513980201
25894,LOF,0.35145267808155517,0.0072016002620270865,0.6413457216564178
25895,LOF,0.27275369292875523,0.012321213313655969,0.7149250937575888
25896,LOF,0.09121593567547769,0.02703257868393659,0.8817514856405856
25897,LOF,0.1357678238790239,0.010683978752094349,0.8535481973688818
25898,LOF,0.12391940510829863,0.027103668545360355,0.8489769263463409
25899,LOF,0.42423012825352435,0.0312517050532404,0.5445181666932352
25900,Neutral,0.659385023401111,0.011854305095094785,0.328760671503794
25901,LOF,0.11484846267909432,0.012102871814449852,0.8730486655064559
25902,LOF,0.11843868728829883,0.01476574008831213,0.8667955726233889
25903,LOF,0.201577807535261,0.026352717606962735,0.7720694748577762
25904,Neutral,0.5739204764503967,0.0401284662820792,0.3859510572675241
25905,LOF,0.007661666027872252,0.3715838651557367,0.6207544688163911
25906,LOF,0.009466783857344032,0.06571952207768453,0.9248136940649714
25907,LOF,0.009088747654335854,0.2359458630689258,0.7549653892767384
25908,LOF,0.009122765019693805,0.2351531375702928,0.7557240974100133
25909,LOF,0.03213626869165405,0.09270833097185456,0.8751554003364913
25910,LOF,0.013278236486254083,0.13806083973162803,0.8486609237821179
25911,LOF,0.18248914722784468,0.023626197406140997,0.7938846553660143
25912,LOF,0.10891153247194388,0.02052742471144144,0.8705610428166147
25913,LOF,0.020293112229769074,0.028806340942603842,0.9509005468276271
25914,LOF,0.04269169871256786,0.030997441124177186,0.9263108601632549
25915,LOF,0.16354271095723583,0.20026252093581728,0.636194768106947
25916,LOF,0.012469903717590285,0.10067497624331816,0.8868551200390915
25917,LOF,0.07178740633386968,0.030284165009832106,0.8979284286562981
25918,LOF,0.03905410708033053,0.01572568798492811,0.9452202049347413
25919,LOF,0.032739596726392824,0.017134986652032818,0.9501254166215743
25920,LOF,0.3149788016597666,0.16270910790900625,0.5223120904312271
25921,LOF,0.023076268119407984,0.017171708142261655,0.9597520237383304
25922,LOF,0.021399299656716303,0.019085895541736203,0.9595148048015475
25923,LOF,0.4682209506565182,0.012179480119337987,0.5195995692241437
25924,LOF,0.030001918666353447,0.017853137604173307,0.9521449437294732
25925,LOF,0.11968136227228818,0.02571596566007641,0.8546026720676354
25926,LOF,0.09949126303376893,0.020255497681073195,0.8802532392851579
25927,LOF,0.029461796448662904,0.03397472690662897,0.9365634766447082
25928,LOF,0.01603816621474134,0.022571600990935442,0.9613902327943231
25929,Neutral,0.5972201231214396,0.01189751049637537,0.39088236638218504
25930,LOF,0.10404560801390594,0.011853995694303154,0.8841003962917909
25931,LOF,0.017970002808748685,0.01463003118351695,0.9673999660077343
25932,LOF,0.10004338047042512,0.013651974549659433,0.8863046449799155
25933,LOF,0.09814698647653852,0.008887291563444562,0.892965721960017
25934,LOF,0.09310744355557364,0.007291486628099424,0.8996010698163268
25935,LOF,0.11822475411528321,0.021656883766305066,0.8601183621184118
25936,LOF,0.10228384865218734,0.008706992638400303,0.8890091587094122
25937,LOF,0.027812956521472,0.014577949903530311,0.9576090935749978
25938,LOF,0.11496052528401479,0.01983579935714779,0.8652036753588374
25939,LOF,0.07396780205129147,0.012538234322480496,0.913493963626228
25940,GOF,0.012397481967836913,0.5499889363539933,0.4376135816781698
25941,LOF,0.46220410969189624,0.05131020947649059,0.48648568083161337
25942,LOF,0.011654092093065982,0.050198464700185665,0.9381474432067485
25943,LOF,0.047288357436926186,0.20980076220748684,0.742910880355587
25944,LOF,0.0554166924740894,0.09678863188096748,0.847794675644943
25945,LOF,0.16260342596699864,0.02837903046506172,0.8090175435679396
25946,LOF,0.08122617056272793,0.04628337510199451,0.8724904543352776
25947,Neutral,0.46763536068435413,0.15768419878993128,0.3746804405257146
25948,LOF,0.3777144038473162,0.012998276051046904,0.609287320101637
25949,LOF,0.13125634341302736,0.06612577890900036,0.8026178776779722
25950,GOF,0.11557901016407107,0.6108425331273872,0.27357845670854164
25951,GOF,0.010692399068356952,0.5080019430468367,0.48130565788480645
25952,LOF,0.15891086713098296,0.29714827057570103,0.543940862293316
25953,LOF,0.007150985519966037,0.3255060183835334,0.6673429960965006
25954,LOF,0.08329000464496682,0.4431998411671909,0.47351015418784226
25955,LOF,0.010204084102065978,0.2617193884072542,0.7280765274906799
25956,LOF,0.010275419313732992,0.37475529529018287,0.6149692853960842
25957,LOF,0.16870860918428848,0.04977914999729896,0.7815122408184125
25958,LOF,0.030579779884060024,0.060237858437341064,0.9091823616785989
25959,GOF,0.006819449551754633,0.7269981338168491,0.26618241663139636
25960,LOF,0.004966817108554779,0.12247406398142728,0.8725591189100178
25961,LOF,0.025576490280204294,0.051606128026915894,0.9228173816928799
25962,LOF,0.0352186147289273,0.09026510346947966,0.874516281801593
25963,LOF,0.008694601747968517,0.13691359504655276,0.8543918032054788
25964,LOF,0.0406719304263617,0.1167092426826947,0.8426188268909436
25965,LOF,0.17223422775995934,0.17410634222020882,0.6536594300198318
25966,LOF,0.3113567788209048,0.10444230302787091,0.5842009181512242
25967,LOF,0.006472266464156326,0.10865376774172929,0.8848739657941145
25968,LOF,0.05107167203429061,0.2536764903886604,0.6952518375770491
25969,LOF,0.1495868122679623,0.06868794714525485,0.7817252405867828
25970,LOF,0.07005154294275112,0.05586049681483682,0.8740879602424121
25971,LOF,0.06562886226451077,0.029963985789698944,0.9044071519457902
25972,LOF,0.07353144415902266,0.04801045318118945,0.8784581026597879
25973,LOF,0.056057776068246336,0.01055319552991865,0.933389028401835
25974,LOF,0.05574468492705967,0.04273745523821513,0.9015178598347253
25975,LOF,0.03411822635852083,0.015392160241752164,0.9504896133997272
25976,LOF,0.09189805596862574,0.012026053709468222,0.8960758903219062
25977,LOF,0.24149351443543737,0.04690083060744629,0.7116056549571164
25978,LOF,0.15466286843130683,0.15964240534451735,0.6856947262241759
25979,LOF,0.12379001136594901,0.1655144105655029,0.7106955780685481
25980,LOF,0.19678861345094614,0.24155249374247711,0.5616588928065767
25981,LOF,0.19759450770600342,0.24424465914628116,0.5581608331477155
25982,LOF,0.34758387670445917,0.12380003613311077,0.52861608716243
25983,Neutral,0.43824598213338084,0.12562103220163998,0.4361329856649791
25984,LOF,0.06727737878452787,0.09036265633675829,0.8423599648787138
25985,LOF,0.42825100309375846,0.13174742874199807,0.44000156816424346
25986,LOF,0.014787351434858646,0.45947528554598355,0.5257373630191579
25987,LOF,0.04202165006691994,0.09806541607637795,0.8599129338567021
25988,LOF,0.06573441164904237,0.1669242489786546,0.767341339372303
25989,LOF,0.0753365179842832,0.1976347324792534,0.7270287495364635
25990,LOF,0.059809645311945825,0.33868621445401276,0.6015041402340414
25991,GOF,0.02453525222580453,0.5475915696956359,0.42787317807855957
25992,LOF,0.012051853665159392,0.4625072435546045,0.525440902780236
25993,LOF,0.018474893019961313,0.06716627058673656,0.9143588363933022
25994,LOF,0.02446045210940082,0.0692565026596959,0.9062830452309033
25995,LOF,0.017208444770556865,0.1189725411234086,0.8638190141060345
25996,GOF,0.2889259488948216,0.4303774400780362,0.28069661102714233
25997,GOF,0.05503459901648619,0.5192732741261676,0.42569212685734625
25998,LOF,0.23995856792794104,0.03847051784904778,0.7215709142230112
25999,LOF,0.02463851953853422,0.33343602834426617,0.6419254521171996
26000,LOF,0.13912072120976432,0.014072116767507782,0.846807162022728
26001,LOF,0.1567992647616212,0.02090470908871531,0.8222960261496636
26002,LOF,0.09084133510959769,0.02188886938428571,0.8872697955061166
26003,GOF,0.006277509625451598,0.5676227607511211,0.42609972962342735
26004,GOF,0.015457686799763538,0.5681280140331373,0.41641429916709916
26005,LOF,0.005252646557496172,0.46533721743392165,0.5294101360085822
26006,GOF,0.10309302077660186,0.48686774227827656,0.41003923694512157
26007,LOF,0.010264486356951057,0.4500042475907533,0.5397312660522956
26008,GOF,0.006812164097697711,0.5533534292541565,0.4398344066481458
26009,GOF,0.011394111410970588,0.6010855515848632,0.38752033700416616
26010,GOF,0.0093469986416127,0.5161338048023634,0.4745191965560239
26011,LOF,0.005805844973027203,0.39300138685685343,0.6011927681701194
26012,GOF,0.005243919832663584,0.5050134280960374,0.4897426520712991
26013,GOF,0.011204044366211008,0.5365495244078534,0.4522464312259356
26014,LOF,0.04240624755247026,0.07479391828745693,0.8827998341600729
26015,LOF,0.4223534480293295,0.021408002904818594,0.5562385490658518
26016,LOF,0.2586182207313537,0.027820470188024124,0.7135613090806221
26017,LOF,0.016732017063536178,0.11509523903641948,0.8681727439000443
26018,LOF,0.03321549686786472,0.06277145469962002,0.9040130484325153
26019,LOF,0.032944457550238095,0.05488178549499787,0.912173756954764
26020,LOF,0.006757000962189637,0.10979389676421682,0.8834491022735936
26021,LOF,0.07767576719029251,0.052546405187173933,0.8697778276225334
26022,LOF,0.04036445096521334,0.025592090387439675,0.9340434586473468
26023,LOF,0.026697279775784663,0.03906078705399476,0.9342419331702206
26024,LOF,0.05139720512513138,0.04100475931675781,0.9075980355581107
26025,LOF,0.12265783713686357,0.04217048401232235,0.8351716788508141
26026,LOF,0.11592014652255452,0.031604686230685824,0.8524751672467596
26027,LOF,0.03265336856456153,0.022594840090526605,0.9447517913449118
26028,LOF,0.06570140080379212,0.18093626278500924,0.7533623364111985
26029,LOF,0.028645053422065515,0.1859025872325615,0.7854523593453729
26030,LOF,0.11776705242178015,0.02486829987803023,0.8573646477001896
26031,LOF,0.012825889093355065,0.171662596171079,0.815511514735566
26032,LOF,0.037986974679438255,0.04622953356602234,0.9157834917545395
26033,LOF,0.039881487030844306,0.0452992061166103,0.9148193068525453
26034,LOF,0.017681091625084046,0.11338724200946797,0.868931666365448
26035,LOF,0.011865250464104802,0.11956441611036497,0.8685703334255302
26036,LOF,0.01104545642722447,0.09773916528023824,0.8912153782925372
26037,LOF,0.011172739112870256,0.10054876020552984,0.8882785006815999
26038,LOF,0.0338863457795785,0.04176293922459685,0.9243507149958248
26039,LOF,0.029982024919731034,0.13416586682472348,0.8358521082555455
26040,LOF,0.08716785672709751,0.12876024174745915,0.7840719015254433
26041,LOF,0.013153719371364772,0.10451712976294802,0.8823291508656873
26042,LOF,0.012231140935161238,0.10723925228969776,0.880529606775141
26043,LOF,0.03520824376768468,0.07087485100010628,0.8939169052322089
26044,LOF,0.007448366971005307,0.05496220392527189,0.9375894291037228
26045,LOF,0.09375645261290594,0.19254913409189117,0.7136944132952028
26046,LOF,0.029742971392615208,0.048581303255078416,0.9216757253523064
26047,LOF,0.06949641319520035,0.04724564866105681,0.8832579381437429
26048,LOF,0.08547681350794044,0.022442571037617987,0.8920806154544416
26049,Neutral,0.9456724432792372,0.006791815276171113,0.04753574144459175
26050,Neutral,0.9110408821497731,0.007477622585544769,0.08148149526468226
26051,LOF,0.028419218449266745,0.3210103717788218,0.6505704097719114
26052,LOF,0.026031746293056896,0.24428677321938752,0.7296814804875555
26053,LOF,0.016896551857328912,0.1907459038685408,0.7923575442741303
26054,LOF,0.05896359329896685,0.045578013118136376,0.8954583935828968
26055,LOF,0.0813036949538183,0.0396233638492741,0.8790729411969076
26056,LOF,0.06675221163523333,0.04718847230858854,0.8860593160561782
26057,LOF,0.06058410731487867,0.027455519576815312,0.911960373108306
26058,LOF,0.06607375358444506,0.022174716920501325,0.9117515294950536
26059,LOF,0.2151588181939323,0.05535790067712213,0.7294832811289454
26060,LOF,0.014332209683068711,0.20801760251869372,0.7776501877982375
26061,LOF,0.011127024502121295,0.015487878870409014,0.9733850966274697
26062,LOF,0.005812310389386022,0.025421981359747544,0.9687657082508665
26063,LOF,0.04973708922987204,0.016788486045220333,0.9334744247249075
26064,LOF,0.014503266348013005,0.02314343530629717,0.9623532983456897
26065,LOF,0.06821050619911992,0.024495769278716963,0.9072937245221632
26066,LOF,0.05144984774195563,0.017506872358080457,0.9310432798999639
26067,LOF,0.05459329492614072,0.014517005329127482,0.9308896997447318
26068,LOF,0.054430920075543406,0.0394460486067962,0.9061230313176605
26069,LOF,0.1897226503413894,0.03332788974887532,0.7769494599097352
26070,LOF,0.39416943743250826,0.02023457540221976,0.5855959871652721
26071,LOF,0.04923797536656882,0.017366519329506568,0.9333955053039246
26072,LOF,0.006965819004575097,0.02840123231084996,0.964632948684575
26073,LOF,0.04598396966782803,0.02231140589713329,0.9317046244350388
26074,Neutral,0.6553104576054236,0.01323463132046006,0.3314549110741164
26075,LOF,0.04602211601965195,0.030272049434716362,0.9237058345456318
26076,LOF,0.04405662111434333,0.01824938308297681,0.9376939958026799
26077,LOF,0.15429377868669378,0.01432184286575435,0.8313843784475519
26078,LOF,0.006002677007499456,0.029055373755296116,0.9649419492372044
26079,LOF,0.058927538320599035,0.031035738695900685,0.9100367229835002
26080,LOF,0.05781080644100634,0.031244523215902143,0.9109446703430916
26081,LOF,0.046572304618315526,0.015420594135444709,0.9380071012462399
26082,LOF,0.006994251412353857,0.026445877349194895,0.9665598712384513
26083,LOF,0.11657721033818831,0.029779348312661366,0.8536434413491502
26084,LOF,0.12611800134372914,0.025777837179452763,0.848104161476818
26085,LOF,0.10536485654969911,0.021630552864617913,0.873004590585683
26086,LOF,0.0399200807518629,0.022400882953149796,0.9376790362949873
26087,LOF,0.042891901748439536,0.022066305123435822,0.9350417931281247
26088,LOF,0.006579560092191602,0.04980205320123568,0.9436183867065727
26089,LOF,0.04363294098773669,0.0389385604263667,0.9174284985858967
26090,LOF,0.04306281770273483,0.03680543195693303,0.9201317503403322
26091,LOF,0.03192423608389155,0.015244329936119221,0.9528314339799893
26092,LOF,0.04656389614962725,0.013383496555088099,0.9400526072952847
26093,LOF,0.06878449673340067,0.009526627922027532,0.9216888753445718
26094,LOF,0.03718103559190372,0.012295257722415773,0.9505237066856805
26095,LOF,0.011683721541273161,0.03222477244223527,0.9560915060164915
26096,LOF,0.22250423788996485,0.007946514129665027,0.7695492479803702
26097,LOF,0.006438864331398819,0.0635045767937251,0.930056558874876
26098,LOF,0.054723960391567655,0.027567219853409878,0.9177088197550225
26099,LOF,0.04309194239167775,0.03408322551278671,0.9228248320955356
26100,LOF,0.04307501476743053,0.03407857649456584,0.9228464087380036
26101,LOF,0.04609135308454621,0.052712778464664344,0.9011958684507896
26102,LOF,0.04074975987534352,0.026064629127732254,0.9331856109969242
26103,Neutral,0.8991012430938286,0.035080273309220186,0.06581848359695115
26104,LOF,0.05236736667909838,0.06250484729247,0.8851277860284316
26105,LOF,0.2515956268047534,0.09915233067047778,0.6492520425247689
26106,LOF,0.25501655713214666,0.0397379126268873,0.705245530240966
26107,LOF,0.015809394356796742,0.05899421466819812,0.9251963909750052
26108,LOF,0.16123046848504702,0.047313625853666406,0.7914559056612867
26109,LOF,0.05669280571437467,0.05101275206731861,0.8922944422183067
26110,LOF,0.42470873720580327,0.010173373773285825,0.565117889020911
26111,LOF,0.06746802675373938,0.06033017849772271,0.8722017947485379
26112,LOF,0.06612587449260769,0.011183145404377254,0.9226909801030151
26113,LOF,0.1017429760705635,0.02977585276337497,0.8684811711660616
26114,LOF,0.09644603079211911,0.007571378039040712,0.8959825911688402
26115,LOF,0.017276467326554933,0.06621168067600326,0.9165118519974419
26116,LOF,0.07711417922967981,0.02443426393188135,0.8984515568384389
26117,LOF,0.3751390826500035,0.03994714426573901,0.5849137730842574
26118,LOF,0.03598383234259328,0.018520817572001656,0.9454953500854051
26119,LOF,0.006018527511889758,0.07176585038405474,0.9222156221040555
26120,LOF,0.03221669560973259,0.015252576379582636,0.9525307280106848
26121,LOF,0.004395013630349136,0.11075792039765439,0.8848470659719965
