feature0,prediction,LoGoFunc_Neutral,LoGoFunc_GOF,LoGoFunc_LOF
25546,Neutral,0.7664216070626232,0.03609193788886492,0.19748645504851176
25547,Neutral,0.6354136478766024,0.07275203429851491,0.29183431782488267
25548,Neutral,0.6350518217891481,0.053962602400776265,0.3109855758100756
25549,Neutral,0.5577770584835656,0.052662042991653175,0.38956089852478115
25550,LOF,0.37816821712996607,0.10294347540010618,0.5188883074699278
25551,LOF,0.2935562335303658,0.11109524737383321,0.5953485190958009
25552,LOF,0.21904826199879301,0.10496848994103289,0.6759832480601742
25553,Neutral,0.8570447000522033,0.025325270198916172,0.1176300297488805
25554,LOF,0.25900419587734574,0.10195687266721928,0.6390389314554349
25555,LOF,0.21338283901489394,0.08971627796293291,0.6969008830221732
25556,Neutral,0.48010611064070663,0.08389611668951226,0.4359977726697811
25557,LOF,0.20454438275277284,0.0920799409381141,0.703375676309113
25558,LOF,0.24476942903338578,0.09826068475788566,0.6569698862087285
25559,LOF,0.36949641497103136,0.10988095797640503,0.5206226270525636
25560,LOF,0.056961830766935916,0.13787636246467314,0.805161806768391
25561,LOF,0.12897492252839046,0.14125276911008444,0.7297723083615251
25562,LOF,0.08938355089763264,0.07824213294042678,0.8323743161619407
25563,LOF,0.1110350462332134,0.07167642973491943,0.8172885240318671
25564,LOF,0.2573557577087464,0.13416985794499664,0.608474384346257
25565,LOF,0.13822232656811098,0.12673131545411462,0.7350463579777744
25566,GOF,0.012595829470360202,0.7756648374149037,0.2117393331147362
25567,LOF,0.022276574926672562,0.1871967190817807,0.7905267059915466
25568,LOF,0.057471839111908604,0.07417151714158148,0.8683566437465099
25569,LOF,0.057557042151616854,0.07590799075276926,0.866534967095614
25570,LOF,0.059053033225163094,0.11507103147865498,0.825875935296182
25571,LOF,0.05369094272267733,0.10871547609605976,0.8375935811812629
25572,LOF,0.07081328358248325,0.12880833293872304,0.8003783834787936
25573,LOF,0.034771628500282634,0.1078481203062666,0.8573802511934508
25574,LOF,0.021121148830618677,0.15781891989755592,0.8210599312718254
25575,LOF,0.045032513284736786,0.1253678591477405,0.8295996275675228
25576,LOF,0.02067249870214821,0.15040467384207878,0.8289228274557731
25577,LOF,0.015611421628518984,0.1286475093846976,0.8557410689867834
25578,LOF,0.29907131271846116,0.09729577427771031,0.6036329130038286
25579,LOF,0.125305178475885,0.11502445942670654,0.7596703620974085
25580,LOF,0.03123184101749717,0.09369279700829485,0.8750753619742079
25581,LOF,0.049755856800916556,0.07438065103544787,0.8758634921636355
25582,LOF,0.04954967073697321,0.07296042654904208,0.8774899027139846
25583,LOF,0.03720693839215736,0.11106057580393333,0.8517324858039093
25584,Neutral,0.49361145284157,0.1250841029555841,0.381304444202846
25585,LOF,0.022267046380324493,0.1440653360705639,0.8336676175491117
25586,LOF,0.028892157671424664,0.08584068571268454,0.8852671566158908
25587,LOF,0.029560149922209525,0.08375907596928257,0.8866807741085079
25588,LOF,0.02958460297599148,0.10067719120352399,0.8697382058204844
25589,Neutral,0.6216571550911887,0.1245265912163305,0.25381625369248084
25590,LOF,0.03527559323179217,0.14161061213395304,0.8231137946342548
25591,LOF,0.09517983997023172,0.06570185683758567,0.8391183031921826
25592,LOF,0.09399779484031415,0.1488401608409148,0.757162044318771
25593,LOF,0.034486131939197244,0.274559861708462,0.6909540063523407
25594,LOF,0.049001581821148554,0.15113663931762333,0.799861778861228
25595,LOF,0.05688276625338164,0.10869751186580741,0.8344197218808109
25596,LOF,0.05411478522103129,0.07493296515143938,0.8709522496275294
25597,LOF,0.03713487996860399,0.07462759035678587,0.8882375296746101
25598,LOF,0.049625455685920965,0.10828256754224021,0.8420919767718388
25599,GOF,0.006531958851239351,0.6191346096498448,0.37433343149891585
25600,GOF,0.012459171458676829,0.6046943001492447,0.3828465283920785
25601,LOF,0.009276507535801413,0.44798229114621874,0.5427412013179799
25602,LOF,0.020053446908456878,0.04081764113344457,0.9391289119580986
25603,LOF,0.07244077834079159,0.01765603111253307,0.9099031905466753
25604,LOF,0.0362750307221949,0.042303561703113696,0.9214214075746913
25605,LOF,0.009860854029247327,0.20735355939830527,0.7827855865724473
25606,LOF,0.09612686629180064,0.3495424557876929,0.5543306779205064
25607,LOF,0.006525761281209808,0.18297473096503555,0.8104995077537547
25608,LOF,0.017994520457969433,0.09455452535603298,0.8874509541859976
25609,LOF,0.05821806274092225,0.4132674115026304,0.5285145257564473
25610,LOF,0.033946992657335105,0.0262886543768773,0.9397643529657875
25611,LOF,0.0417974623372782,0.024477885744210785,0.9337246519185111
25612,LOF,0.09747284391409075,0.037988043963723635,0.8645391121221857
25613,LOF,0.08584449833595385,0.040448660338690594,0.8737068413253556
25614,LOF,0.03320410548261129,0.03416312504887888,0.9326327694685098
25615,LOF,0.03461086569515832,0.04758475375491311,0.9178043805499285
25616,LOF,0.026567343340211564,0.03205293355866752,0.9413797231011208
25617,LOF,0.02725926342623008,0.03522341980357517,0.9375173167701947
25618,LOF,0.13303330832953364,0.029555214212380103,0.8374114774580863
25619,LOF,0.02987660154746491,0.03101358749877587,0.9391098109537592
25620,LOF,0.03426195933564476,0.03768851153667724,0.9280495291276781
25621,LOF,0.02699225100007074,0.031736105667929525,0.9412716433319998
25622,LOF,0.035725386613224726,0.036086042322052904,0.9281885710647223
25623,LOF,0.056496986069917286,0.029173349364397565,0.9143296645656851
25624,LOF,0.026461723519868186,0.038704149703332656,0.9348341267767991
25625,LOF,0.03418391408026722,0.04311884092880811,0.9226972449909245
25626,LOF,0.0772136516786874,0.03224825053112482,0.8905380977901877
25627,Neutral,0.5561383884890136,0.1151005263139442,0.32876108519704217
25628,LOF,0.204061979657386,0.05587912411878563,0.7400588962238284
25629,LOF,0.06099069053358925,0.06441534899126312,0.8745939604751476
25630,LOF,0.17518109496394235,0.08444267964500966,0.7403762253910481
25631,Neutral,0.6115512397254819,0.06036407637804043,0.32808468389647766
25632,LOF,0.014616726890790825,0.11074303130485146,0.8746402418043577
25633,LOF,0.1037544704091325,0.09000502636037466,0.8062405032304928
25634,LOF,0.03409468118879525,0.10822716285025849,0.8576781559609462
25635,LOF,0.03811977335057254,0.08566725022440759,0.8762129764250198
25636,GOF,0.004105353723926274,0.6105114548867474,0.3853831913893263
25637,GOF,0.0035346393652187984,0.6377900126370051,0.3586753479977762
25638,LOF,0.006767870946943246,0.3845384220092643,0.6086937070437926
25639,GOF,0.003986223346015754,0.5089029985015812,0.48711077815240306
25640,GOF,0.4577921764092171,0.4798608568463868,0.062346966744396166
25641,LOF,0.009042909411973688,0.30016974182886946,0.6907873487591569
25642,LOF,0.248863499597079,0.060873480980318556,0.6902630194226025
25643,LOF,0.3167247734078071,0.14755255576656154,0.5357226708256314
25644,GOF,0.015302836411974111,0.5327065505443008,0.4519906130437251
25645,LOF,0.012356977399095255,0.4690706944168034,0.5185723281841014
25646,LOF,0.018193152270241354,0.34187658113267955,0.6399302665970791
25647,LOF,0.01416414183336215,0.29208237700845224,0.6937534811581856
25648,LOF,0.013451198313928535,0.278693006883078,0.7078557948029934
25649,LOF,0.011986789804612293,0.20794398887889265,0.7800692213164949
25650,LOF,0.02045121347463405,0.43903787285836093,0.540510913667005
25651,LOF,0.008297594458414924,0.28446393376993356,0.7072384717716514
25652,LOF,0.01452383927436582,0.25835741375466315,0.727118746970971
25653,LOF,0.048117896518725944,0.35442454160021747,0.5974575618810566
25654,LOF,0.015412281684222972,0.1320933304647626,0.8524943878510145
25655,LOF,0.08392524672349375,0.3807410447783986,0.5353337084981077
25656,LOF,0.10138568899188098,0.07036344939750383,0.8282508616106151
25657,LOF,0.329593946849769,0.03271028652789554,0.6376957666223354
25658,LOF,0.04320217980025362,0.09826843268935448,0.8585293875103919
25659,LOF,0.3625935960752882,0.07587320195028334,0.5615332019744285
25660,LOF,0.059683093876734525,0.09409172566493501,0.8462251804583305
25661,LOF,0.044610902184201336,0.06822692031692516,0.8871621774988736
25662,LOF,0.027679529837597805,0.049071055881333,0.9232494142810692
25663,LOF,0.038782092634905355,0.07658203481011076,0.8846358725549839
25664,LOF,0.046586999394483936,0.09195316105459699,0.8614598395509191
25665,LOF,0.059821586462465666,0.046172446891989294,0.8940059666455451
25666,LOF,0.038151014464960366,0.1297461985155943,0.8321027870194454
25667,LOF,0.0336959021810095,0.05557552471873387,0.9107285731002566
25668,LOF,0.033219930732611806,0.057676860031877865,0.9091032092355104
25669,LOF,0.04079792198676942,0.08409111124550708,0.8751109667677234
25670,LOF,0.08077543679363172,0.09900146608110108,0.8202230971252672
25671,LOF,0.03838902962163031,0.05065714507252602,0.9109538253058436
25672,LOF,0.06079850497114706,0.06431516743752967,0.8748863275913232
25673,LOF,0.04802725723689964,0.07340862306404478,0.8785641196990555
25674,LOF,0.04340677845665609,0.07780260161462003,0.8787906199287239
25675,LOF,0.05428398752171099,0.0646529914649646,0.8810630210133243
25676,LOF,0.03495126176918143,0.06026614994099633,0.9047825882898223
25677,LOF,0.05898235102877435,0.06689173886451841,0.8741259101067071
25678,LOF,0.2935794436239955,0.04107237950828865,0.665348176867716
25679,LOF,0.17187654993481596,0.0793539068368214,0.7487695432283626
25680,LOF,0.05571526563364652,0.10358639238190857,0.8406983419844449
25681,LOF,0.09428995645104914,0.09915213466565566,0.8065579088832951
25682,LOF,0.042687837115067434,0.0867970420608631,0.8705151208240695
25683,LOF,0.10211318382562971,0.09518774935754597,0.8026990668168243
25684,LOF,0.05717467886221159,0.08612575024222255,0.8566995708955659
25685,LOF,0.1135005574817385,0.056445841641871185,0.8300536008763904
25686,LOF,0.038094169756294455,0.1133042453290313,0.8486015849146742
25687,LOF,0.04513843444776967,0.0994984851073565,0.8553630804448737
25688,LOF,0.025450827867961344,0.08645876857738737,0.8880904035546514
25689,LOF,0.02045181513410606,0.0724146776209076,0.9071335072449863
25690,LOF,0.021579784968222118,0.07541152523399319,0.9030086897977848
25691,LOF,0.2129144825399767,0.10709761748367791,0.6799878999763455
25692,LOF,0.29288411118996716,0.009355370227291045,0.6977605185827417
25693,LOF,0.09771572537835298,0.16018633949588246,0.7420979351257645
25694,LOF,0.26518043333282587,0.016356458924418962,0.7184631077427552
25695,LOF,0.1627067333652423,0.02235829158641004,0.8149349750483476
25696,LOF,0.17953040155991662,0.011146659171770624,0.8093229392683128
25697,LOF,0.1425158383220057,0.03466667644848512,0.8228174852295093
25698,LOF,0.03317897170113726,0.4163361379942052,0.5504848903046576
25699,LOF,0.06395483008865763,0.07408926110075695,0.8619559088105854
25700,LOF,0.03273402224669975,0.009453795764158588,0.9578121819891418
25701,LOF,0.01651777303613645,0.0708633508096869,0.9126188761541766
25702,GOF,0.03547906044030958,0.7283677389623963,0.2361532005972942
25703,LOF,0.013764323505956499,0.1907010489161057,0.7955346275779378
25704,LOF,0.09317898290241164,0.16351475089450246,0.7433062662030859
25705,LOF,0.061010327692224274,0.2641146805830789,0.6748749917246968
25706,GOF,0.055579537848616745,0.5849098966478113,0.35951056550357186
25707,GOF,0.02937873749405561,0.4996541331512641,0.4709671293546803
25708,LOF,0.008739847403794661,0.4460220071927804,0.545238145403425
25709,LOF,0.019751010893832636,0.068996452497822,0.9112525366083454
25710,LOF,0.009363799183707918,0.1696736624987993,0.8209625383174929
25711,LOF,0.02091276636647116,0.13321514039463703,0.8458720932388918
25712,LOF,0.010027380516752565,0.23887761231933646,0.7510950071639109
25713,LOF,0.01925729320543466,0.10530345239022947,0.8754392544043359
25714,LOF,0.020340066981547833,0.1477911692684696,0.8318687637499825
25715,LOF,0.019796747578172905,0.124099737414667,0.8561035150071601
25716,LOF,0.011468241941226504,0.12417016441295194,0.8643615936458215
25717,LOF,0.006013441171223955,0.1358814807335789,0.8581050780951972
25718,LOF,0.017605239380114164,0.08781263236727013,0.8945821282526157
25719,LOF,0.03209156715708072,0.09533977325319824,0.8725686595897211
25720,LOF,0.021948030705565957,0.0966706675961606,0.8813813016982734
25721,LOF,0.022465188187665894,0.10154978071726892,0.8759850310950652
25722,LOF,0.016954820550747856,0.13643579186010135,0.8466093875891509
25723,LOF,0.021611116606538465,0.07779909786874009,0.9005897855247215
25724,LOF,0.03531420014056893,0.11377388452214479,0.8509119153372864
25725,LOF,0.021559563812987386,0.07174666087392276,0.9066937753130898
25726,LOF,0.016353923368010538,0.10744957561116784,0.8761965010208216
25727,LOF,0.02003158078936683,0.09438538313648946,0.8855830360741437
25728,LOF,0.0186048635901978,0.11022314053263343,0.8711719958771686
25729,LOF,0.018966588279609113,0.10991549282212834,0.8711179188982625
25730,LOF,0.02021356378757056,0.08692799418876612,0.8928584420236634
25731,LOF,0.011812642061112297,0.16885331994509947,0.8193340379937882
25732,LOF,0.01859804085501371,0.104629211957111,0.8767727471878752
25733,LOF,0.028923828129795128,0.08059094910372806,0.8904852227664769
25734,LOF,0.008162772497967466,0.19614315775816868,0.7956940697438638
25735,LOF,0.022914122876384738,0.07376455338117914,0.9033213237424361
25736,LOF,0.021615558513382104,0.110777261973118,0.8676071795135
25737,LOF,0.04066861230194131,0.09010368090480228,0.8692277067932563
25738,LOF,0.021096521616821146,0.1219543681102188,0.8569491102729601
25739,LOF,0.021250270252320166,0.12577136862197055,0.8529783611257092
25740,LOF,0.050801373917389245,0.1150294574034063,0.8341691686792044
25741,LOF,0.025065349274543514,0.10178945767896598,0.8731451930464905
25742,LOF,0.03685876180422051,0.11844096025963623,0.8447002779361433
25743,LOF,0.011398723297005305,0.04407448269741857,0.9445267940055762
25744,GOF,0.12488242278091269,0.4651658500686524,0.40995172715043504
25745,LOF,0.01915020927360577,0.06939898552597425,0.91145080520042
25746,LOF,0.010294787354823774,0.08609417287538643,0.9036110397697897
25747,LOF,0.03371692136056935,0.038637233836123476,0.9276458448033071
25748,LOF,0.19804437631108945,0.06635859992644726,0.7355970237624633
25749,LOF,0.012328327496783486,0.05618828234806863,0.9314833901551479
25750,LOF,0.01392257623902883,0.08981503224972918,0.8962623915112421
25751,LOF,0.03882694409703222,0.07136470805882822,0.8898083478441395
25752,GOF,0.08576453219627282,0.6532855649793836,0.26094990282434344
25753,LOF,0.0067570085671545465,0.391703980026553,0.6015390114062925
25754,GOF,0.005365947444669159,0.8534672024736405,0.14116685008169033
25755,LOF,0.01076310468107971,0.4556611901143984,0.5335757052045219
25756,LOF,0.045195623959978615,0.4683934197029557,0.4864109563370656
25757,GOF,0.006918625413898706,0.8837086019123357,0.10937277267376556
25758,GOF,0.008567387529051977,0.8617969192180007,0.12963569325294724
25759,GOF,0.005341578274257132,0.575321964338625,0.4193364573871178
25760,LOF,0.006838186761327111,0.33074193890278686,0.6624198743358861
25761,GOF,0.046997020662962796,0.8343576151486111,0.11864536418842622
25762,LOF,0.027851157208012466,0.4028689952633697,0.5692798475286178
25763,LOF,0.009624388173690901,0.27057354157567093,0.7198020702506381
25764,GOF,0.10618797890354856,0.5655403542174101,0.3282716668790413
25765,GOF,0.007941254107564761,0.841217212637536,0.1508415332548993
25766,GOF,0.03093249934965564,0.8207837648969903,0.14828373575335388
25767,LOF,0.017015556185039967,0.4553138686239349,0.5276705751910251
25768,LOF,0.04088715201381643,0.08049150275464888,0.8786213452315347
25769,LOF,0.0224832000607339,0.0747665242725048,0.9027502756667612
25770,LOF,0.14579422058113825,0.0679686044841281,0.7862371749347336
25771,LOF,0.01652118283728573,0.0700070333706055,0.9134717837921088
25772,LOF,0.024015763880117308,0.029777165558711835,0.9462070705611709
25773,LOF,0.014016942866339544,0.07290246629427835,0.9130805908393822
25774,LOF,0.02544519838671092,0.09956218727787819,0.8749926143354108
25775,LOF,0.022477517804821094,0.04324391688313085,0.934278565312048
25776,LOF,0.02557411030037454,0.028325215135576204,0.9461006745640492
25777,LOF,0.16426824200462292,0.06883467529690471,0.7668970826984723
25778,LOF,0.01950069543773286,0.054045282743334686,0.9264540218189324
25779,GOF,0.036067895090757536,0.9013883505656863,0.06254375434355598
25780,GOF,0.06580630635128293,0.8771881026711762,0.05700559097754084
25781,GOF,0.02588405165793562,0.8744802042259859,0.09963574411607846
25782,GOF,0.03276554278365561,0.9035996716197027,0.0636347855966418
25783,GOF,0.01989617663565826,0.7463732182702932,0.23373060509404844
25784,GOF,0.10357755386171379,0.8518558432121894,0.04456660292609685
25785,GOF,0.0757598593640495,0.8899232301590817,0.034316910476868884
25786,GOF,0.005538763737498843,0.8484178786540177,0.14604335760848342
25787,GOF,0.16253336947264352,0.8118681980343391,0.02559843249301724
25788,LOF,0.017043380668831494,0.18152749883066535,0.8014291205005032
25789,GOF,0.019968058872543274,0.8766791762572923,0.10335276487016441
25790,GOF,0.02307561760611156,0.8870915970221999,0.08983278537168861
25791,GOF,0.01669934347622148,0.8426544548481008,0.14064620167567773
25792,GOF,0.02688094526987476,0.8500845869726199,0.12303446775750543
25793,GOF,0.0751719997768492,0.8307989237509836,0.09402907647216714
25794,GOF,0.06075156562706831,0.7751865991108706,0.164061835262061
25795,GOF,0.04316283764793125,0.7682826800662509,0.18855448228581795
25796,GOF,0.0806734602321351,0.8218862382790094,0.09744030148885532
25797,GOF,0.03843166329954697,0.6876579230583146,0.27391041364213836
25798,GOF,0.003239495645237845,0.6703412357065307,0.32641926864823145
25799,GOF,0.002879496646729404,0.5380095724220978,0.4591109309311729
25800,GOF,0.012431309751045847,0.7359459406319111,0.25162274961704306
25801,GOF,0.015497566053798227,0.8770804258963175,0.10742200804988426
25802,GOF,0.021916396789359367,0.8184786167578737,0.15960498645276683
25803,GOF,0.011950028433076661,0.7296364909329981,0.2584134806339254
25804,GOF,0.015390408659836681,0.6229195322707678,0.3616900590693955
25805,GOF,0.025004171606825068,0.7437339678534626,0.2312618605397124
25806,GOF,0.020215439956702188,0.7838047437759719,0.19597981626732588
25807,GOF,0.005733480485778374,0.7322697688023194,0.26199675071190215
25808,GOF,0.014855316873382797,0.7694227820713949,0.21572190105522226
25809,GOF,0.006813478440780068,0.7389712650745485,0.2542152564846716
25810,GOF,0.005873185714637976,0.7467181912027244,0.24740862308263767
25811,GOF,0.04622718519404562,0.8671669187229145,0.08660589608303984
25812,GOF,0.01761486780711201,0.7407535835428529,0.24163154865003494
25813,GOF,0.10835916393904822,0.8103174090286778,0.08132342703227395
25814,GOF,0.02915539486731497,0.8282954210070739,0.1425491841256112
25815,GOF,0.04098224028123261,0.8347920134610127,0.12422574625775464
25816,GOF,0.008679119355602765,0.8684856224875492,0.12283525815684791
25817,GOF,0.1025182480320315,0.7737413655167422,0.12374038645122627
25818,GOF,0.025288141024082042,0.8232400125572473,0.15147184641867076
25819,GOF,0.05868719873782775,0.7941241825174998,0.1471886187446725
25820,GOF,0.03315570339781248,0.8026944134067809,0.16414988319540663
25821,GOF,0.019760802228870944,0.7915053517422074,0.18873384602892168
25822,GOF,0.036696468850010676,0.802448075860069,0.16085545528992015
25823,GOF,0.014668198008258826,0.6687815275686194,0.31655027442312167
25824,GOF,0.024956659747679865,0.7803257505189772,0.1947175897333429
25825,GOF,0.015843269568262427,0.7657081339321293,0.21844859649960827
25826,GOF,0.0056085954549199,0.7170782428757111,0.2773131616693691
25827,GOF,0.008417614758916085,0.7137433506530558,0.27783903458802806
25828,GOF,0.005730948622997316,0.6684585493005474,0.32581050207645534
25829,GOF,0.00308203131927871,0.7385581738482829,0.2583597948324383
25830,GOF,0.038001349715725115,0.5093400085438816,0.4526586417403932
25831,GOF,0.05147888195725885,0.8283420262086342,0.12017909183410695
25832,GOF,0.008668778378861427,0.7959410207954036,0.195390200825735
25833,GOF,0.03309893587024389,0.8427148915769745,0.12418617255278157
25834,GOF,0.008295432958072516,0.8051104000720694,0.18659416696985812
25835,GOF,0.018264062010245434,0.858189375572861,0.12354656241689357
25836,GOF,0.006336687234893928,0.8082890802468643,0.1853742325182417
25837,GOF,0.007349207936473047,0.7222184120548204,0.2704323800087065
25838,GOF,0.021353965843493,0.8677520237828391,0.11089401037366782
25839,GOF,0.041090264172182325,0.8563110182840525,0.102598717543765
25840,GOF,0.05446539914559147,0.8506349408582565,0.09489965999615196
25841,GOF,0.05181533407830654,0.8554636907257112,0.09272097519598227
25842,GOF,0.026621496049209506,0.9055653809944281,0.06781312295636253
25843,GOF,0.027058547956979834,0.9089389109225232,0.06400254112049691
25844,GOF,0.017967601066676612,0.8593971746090401,0.12263522432428334
25845,GOF,0.005974010332420746,0.6750592447169385,0.3189667449506408
25846,GOF,0.04316214525673631,0.8578120996699071,0.09902575507335662
25847,GOF,0.019093472212485998,0.9162827910932851,0.06462373669422879
25848,GOF,0.017359745753485128,0.8766249410427025,0.10601531320381233
25849,GOF,0.004941437052911866,0.7595735002079764,0.2354850627391117
25850,GOF,0.006280443966211509,0.7709688579299557,0.22275069810383266
25851,GOF,0.005383082883616806,0.6558717746733754,0.3387451424430078
25852,GOF,0.11723732456542459,0.6371140531321654,0.24564862230240983
25853,GOF,0.07364442685325763,0.8536905227092377,0.07266505043750456
25854,GOF,0.005652483296339009,0.7082701016365306,0.2860774150671304
25855,GOF,0.016107764483850106,0.6563859256456697,0.3275063098704802
25856,GOF,0.03846978276084226,0.7988171314019266,0.16271308583723113
25857,GOF,0.013745776143031834,0.6426914674687426,0.34356275638822564
25858,GOF,0.007417257508747632,0.6422858508752529,0.3502968916159995
25859,GOF,0.005097371684041633,0.6107408355471964,0.3841617927687619
25860,GOF,0.07343509656833037,0.8324927107483556,0.09407219268331421
25861,GOF,0.08555198711971437,0.8087731844149629,0.10567482846532283
25862,GOF,0.024199573385993,0.8706046932116248,0.10519573340238224
25863,GOF,0.022972800702444264,0.880280061270465,0.0967471380270908
25864,GOF,0.052928564428419804,0.8662205297862134,0.08085090578536672
25865,GOF,0.03568344757938621,0.8275933890752348,0.136723163345379
25866,GOF,0.028802030917096672,0.8671662046078794,0.10403176447502395
25867,GOF,0.035146174385160864,0.8782784861168517,0.08657533949798746
25868,GOF,0.055570602371899466,0.8466899853907545,0.09773941223734606
25869,GOF,0.33767797340055,0.6093626426238397,0.052959383975610314
25870,GOF,0.07538677904835614,0.6995861531700224,0.22502706778162135
25871,GOF,0.011314399916890846,0.8954911153946913,0.09319448468841804
25872,GOF,0.020241786840282362,0.8724052829304018,0.10735293022931597
25873,GOF,0.021105133918652787,0.8941043397034772,0.08479052637786995
25874,LOF,0.018463234466565236,0.20330182223498214,0.7782349432984526
25875,LOF,0.049877240898130074,0.043073165918782526,0.9070495931830874
25876,LOF,0.018518890946490927,0.03683183333512849,0.9446492757183805
25877,LOF,0.12266005139686281,0.08110992061997273,0.7962300279831643
25878,LOF,0.06446165873102663,0.11574757345024228,0.8197907678187312
25879,LOF,0.028968376512220582,0.08405424299237384,0.8869773804954056
25880,LOF,0.062440367336024635,0.011412676399732827,0.9261469562642425
25881,Neutral,0.5509491109201696,0.060607638980928,0.38844325009890246
25882,LOF,0.056612316014612384,0.028543259499523476,0.9148444244858642
25883,LOF,0.03005775050349686,0.024622779184728313,0.9453194703117749
25884,LOF,0.028200296701491948,0.03701175346300277,0.9347879498355053
25885,LOF,0.22356044683978052,0.010672226793157298,0.7657673263670622
25886,LOF,0.1458933904640368,0.054886733281915526,0.7992198762540476
25887,LOF,0.20637950890656978,0.05844487470203338,0.7351756163913967
25888,LOF,0.012639189726857087,0.14102180578529191,0.846339004487851
25889,LOF,0.03383842063400027,0.028794257412507962,0.9373673219534918
25890,LOF,0.1221486686014489,0.11766775713724056,0.7601835742613106
25891,LOF,0.09014936829860948,0.02519005917593027,0.8846605725254603
25892,LOF,0.009557060263300972,0.029144845507892595,0.9612980942288065
25893,LOF,0.39825393164331757,0.008816650908924188,0.5929294174477583
25894,LOF,0.446525952861526,0.005139698982131144,0.5483343481563429
25895,LOF,0.33891070775436466,0.010787399697420725,0.6503018925482147
25896,LOF,0.06741231516068365,0.01567448730818705,0.9169131975311293
25897,LOF,0.1989918090968611,0.009121774589178563,0.7918864163139604
25898,LOF,0.16746320892885525,0.02628287180646893,0.8062539192646758
25899,LOF,0.3462095550731135,0.015523089030831192,0.6382673558960553
25900,LOF,0.4265918425889916,0.007741240105732113,0.5656669173052763
25901,LOF,0.06871976259836188,0.006945332103177135,0.924334905298461
25902,LOF,0.1511071214189143,0.007983589673104818,0.8409092889079809
25903,LOF,0.4071008067339525,0.02240922789145143,0.5704899653745961
25904,LOF,0.4808291657690553,0.02186584278616786,0.4973049914447767
25905,LOF,0.0037410818536174405,0.4702325508824551,0.5260263672639274
25906,LOF,0.008994908659594649,0.12917465390183375,0.8618304374385716
25907,LOF,0.004008930575296041,0.36303629600877974,0.6329547734159242
25908,LOF,0.004281130790813401,0.2653753786996107,0.7303434905095759
25909,LOF,0.022789195186686907,0.1788652234354863,0.7983455813778269
25910,LOF,0.011303056731087035,0.15435203503040298,0.83434490823851
25911,LOF,0.3230992936093563,0.05300000964514865,0.6239006967454951
25912,LOF,0.06554685872819177,0.0680000942050852,0.866453047066723
25913,LOF,0.05089142007771276,0.0778587117978488,0.8712498681244384
25914,LOF,0.03957214251441228,0.04373398025892927,0.9166938772266585
25915,LOF,0.1801865861753463,0.19781047387950176,0.6220029399451519
25916,LOF,0.03495906597483751,0.1342896383631803,0.8307512956619822
25917,LOF,0.07429893842322,0.04160384947369211,0.8840972121030879
25918,LOF,0.052156737552404416,0.030277494899369397,0.9175657675482263
25919,LOF,0.0452882662969438,0.029345280326959506,0.9253664533760968
25920,LOF,0.16056158761230543,0.18389004558026872,0.6555483668074258
25921,LOF,0.017443439722377524,0.045488147036684905,0.9370684132409376
25922,LOF,0.017617089446387568,0.038291095717243956,0.9440918148363684
25923,LOF,0.4505872086720862,0.04064057696908652,0.5087722143588272
25924,LOF,0.02672990354026833,0.061927648284039266,0.9113424481756923
25925,LOF,0.08151913977017937,0.06058333790612967,0.8578975223236909
25926,LOF,0.057365632736695794,0.05638712071605054,0.8862472465472536
25927,LOF,0.025079516700089316,0.07812411757375823,0.8967963657261524
25928,LOF,0.011206171787268184,0.06556939849688657,0.9232244297158453
25929,Neutral,0.531334155309419,0.03899235347430222,0.42967349121627885
25930,LOF,0.0757016832982518,0.03753594447354555,0.8867623722282028
25931,LOF,0.015484807753292406,0.04324911950150495,0.9412660727452026
25932,LOF,0.06377145646593088,0.03393318260177407,0.902295360932295
25933,LOF,0.05427152414000098,0.0240522622098528,0.9216762136501462
25934,LOF,0.0545386774090333,0.022798671043211934,0.9226626515477547
25935,LOF,0.06837272619669882,0.072971122911803,0.8586561508914982
25936,LOF,0.0965204891787389,0.025364279103342977,0.8781152317179183
25937,LOF,0.01534730945546847,0.044784524705023254,0.9398681658395083
25938,LOF,0.06698331060564276,0.07086261928418729,0.8621540701101699
25939,LOF,0.04150607261277215,0.029664983768454122,0.9288289436187738
25940,LOF,0.009813416246393973,0.3589310846163427,0.6312554991372632
25941,Neutral,0.4965685553296497,0.03560058720568306,0.46783085746466724
25942,LOF,0.010002860002057502,0.04766475252968747,0.9423323874682551
25943,LOF,0.04473033315277756,0.17958163549951228,0.7756880313477101
25944,LOF,0.0732286641436516,0.08995455776044411,0.8368167780959043
25945,LOF,0.11629494813535195,0.019308065161818672,0.8643969867028294
25946,LOF,0.06676798727306302,0.039162770574245845,0.8940692421526911
25947,LOF,0.4374619257526071,0.09246067219516117,0.47007740205223175
25948,LOF,0.41634412882260835,0.013640676424551823,0.5700151947528399
25949,LOF,0.12601819221272106,0.06902011064886156,0.8049616971384174
25950,GOF,0.06988995642928143,0.6232696132551263,0.30684043031559227
25951,LOF,0.013156646243740812,0.4248568246243986,0.5619865291318606
25952,LOF,0.29329421928732946,0.25675485936790987,0.44995092134476067
25953,LOF,0.007293261361176296,0.18562935207779765,0.807077386561026
25954,LOF,0.09674152583134618,0.4515168081178366,0.45174166605081717
25955,LOF,0.007601064514059617,0.1495839862396716,0.8428149492462688
25956,LOF,0.01952430422011108,0.2301730872496162,0.7503026085302728
25957,LOF,0.2226427977906076,0.035662292752862285,0.7416949094565302
25958,LOF,0.03293296670107132,0.032951509360218144,0.9341155239387107
25959,GOF,0.01694809383267795,0.5025193223370668,0.4805325838302552
25960,LOF,0.0072607602438297955,0.04990335440340154,0.9428358853527687
25961,LOF,0.03207300132759915,0.031536994395807726,0.936390004276593
25962,LOF,0.03387561445624228,0.062938326208506,0.9031860593352518
25963,LOF,0.004944551382635282,0.1855388911412674,0.8095165574760973
25964,LOF,0.031764126878715424,0.09704940515867969,0.8711864679626049
25965,LOF,0.2554855203045651,0.12210260272123899,0.6224118769741959
25966,Neutral,0.47150058455262156,0.14833860167906826,0.3801608137683102
25967,LOF,0.009871526267717137,0.0838458184007446,0.9062826553315383
25968,LOF,0.04555447832973843,0.22096741949407006,0.7334781021761915
25969,LOF,0.1329476624379835,0.04932632437805436,0.8177260131839622
25970,LOF,0.022040436880173278,0.07940174101097786,0.8985578221088489
25971,LOF,0.08975030507463864,0.027177190703352016,0.8830725042220093
25972,LOF,0.07020842811600805,0.03968473119469937,0.8901068406892925
25973,LOF,0.06712985141867904,0.008308104011857696,0.9245620445694632
25974,LOF,0.054768684068181465,0.03516780119648825,0.9100635147353302
25975,LOF,0.05023379373940877,0.016339229426455968,0.9334269768341352
25976,LOF,0.10541157033961641,0.009178468764280771,0.8854099608961029
25977,LOF,0.19000711757454664,0.08273330504927255,0.7272595773761809
25978,LOF,0.18241000788958395,0.11772005546134809,0.6998699366490679
25979,LOF,0.14379247802957512,0.13267562204296568,0.7235318999274591
25980,LOF,0.25767881101009776,0.17711718785166422,0.565204001138238
25981,LOF,0.25905232303742004,0.1796743290200354,0.5612733479425446
25982,Neutral,0.496706758346012,0.09079358954818006,0.41249965210580786
25983,Neutral,0.5011282335676309,0.10306673228057772,0.39580503415179136
25984,LOF,0.035546329911566726,0.09773724306858209,0.8667164270198512
25985,LOF,0.4047298390228902,0.15171720501427408,0.4435529559628356
25986,LOF,0.011554183628666293,0.4036378521211173,0.5848079642502164
25987,LOF,0.05904448636654554,0.12233352404223105,0.8186219895912235
25988,LOF,0.04062854682355443,0.2006056332948136,0.7587658198816319
25989,LOF,0.03675584284077055,0.22295403408455963,0.7402901230746699
25990,LOF,0.040577526572157366,0.32173489165632163,0.637687581771521
25991,LOF,0.024896621379011302,0.4115212030291157,0.563582175591873
25992,LOF,0.02366576733462385,0.4164831572211764,0.5598510754441998
25993,LOF,0.028034535091082693,0.07500530608349053,0.8969601588254267
25994,LOF,0.022783882253588923,0.0725828425142316,0.9046332752321795
25995,LOF,0.022443556784019693,0.1440784121583547,0.8334780310576257
25996,LOF,0.3262163410758119,0.32317146605505015,0.35061219286913803
25997,LOF,0.0625931343981113,0.37745477383774173,0.559952091764147
25998,LOF,0.22828399669203955,0.0401420250862255,0.7315739782217349
25999,LOF,0.02959163548185773,0.194311689499903,0.7760966750182393
26000,LOF,0.19106318829534472,0.037259548181551555,0.7716772635231036
26001,LOF,0.27135763884595976,0.05192937986686472,0.6767129812871755
26002,LOF,0.13104755596780326,0.05936325321910303,0.8095891908130937
26003,GOF,0.005744763397288952,0.6435218063288846,0.3507334302738263
26004,GOF,0.00832016291481689,0.6978716170534421,0.29380822003174084
26005,GOF,0.004088418405529347,0.5003107430327398,0.49560083856173076
26006,GOF,0.10873018790063582,0.581350119256369,0.3099196928429952
26007,GOF,0.007936455999850895,0.5326426382937538,0.4594209057063952
26008,GOF,0.0061664295221601365,0.6649021626316524,0.32893140784618746
26009,GOF,0.007625026786575068,0.672068423530386,0.3203065496830391
26010,GOF,0.009143584208446458,0.6563917544309165,0.3344646613606371
26011,LOF,0.003583672470257386,0.45700923029929913,0.5394070972304434
26012,GOF,0.0051986062320153355,0.5327807732492963,0.46202062051868836
26013,GOF,0.006827582294288628,0.5965269401160845,0.39664547758962687
26014,LOF,0.06102129664794272,0.1313527097002088,0.8076259936518485
26015,LOF,0.38963322293408625,0.025082397136946252,0.5852843799289674
26016,LOF,0.32870560371464336,0.044681328807550706,0.626613067477806
26017,LOF,0.026427236680888956,0.2344276835576483,0.7391450797614627
26018,LOF,0.02990016009520039,0.05790837430408196,0.9121914656007176
26019,LOF,0.029919503391278347,0.04928848765028805,0.9207920089584336
26020,LOF,0.010715968561092307,0.19821103042729088,0.7910730010116169
26021,LOF,0.08126698562767551,0.0680883466481529,0.8506446677241716
26022,LOF,0.044734297672242004,0.026271245101976072,0.9289944572257819
26023,LOF,0.03269452761316249,0.03101038828407549,0.936295084102762
26024,LOF,0.050506592437501406,0.0737967049618698,0.8756967026006287
26025,LOF,0.06861416180169538,0.08325830444336765,0.848127533754937
26026,LOF,0.130838363025268,0.06453987275857939,0.8046217642161527
26027,LOF,0.027400459463717976,0.02629819964111966,0.9463013408951624
26028,LOF,0.11757768826153997,0.1435886562173134,0.7388336555211467
26029,LOF,0.018799667134235695,0.18539670889733562,0.7958036239684287
26030,LOF,0.16399333162695345,0.020268014021835663,0.8157386543512108
26031,LOF,0.009471849870366441,0.16519043013438423,0.8253377199952492
26032,LOF,0.044162993790910716,0.052858791242421474,0.9029782149666679
26033,LOF,0.07287198523426466,0.04562862022809138,0.8814993945376439
26034,LOF,0.013682804503396713,0.14534783049268313,0.8409693650039202
26035,LOF,0.011442950001102773,0.10703822092744569,0.8815188290714515
26036,LOF,0.011669259666698104,0.12875871756691154,0.8595720227663904
26037,LOF,0.009912141308990714,0.09855271987202606,0.8915351388189832
26038,LOF,0.037951393408310725,0.04504180886413862,0.9170067977275506
26039,LOF,0.02538307341517237,0.12371539816033442,0.8509015284244932
26040,LOF,0.11296494625028869,0.12279654114457644,0.7642385126051349
26041,LOF,0.013368223869485057,0.08792920045327886,0.898702575677236
26042,LOF,0.011721771930914072,0.0958410320310671,0.8924371960380189
26043,LOF,0.03626777979270055,0.06144706837235361,0.9022851518349458
26044,LOF,0.013566608513619488,0.04345888067440604,0.9429745108119745
26045,LOF,0.06735533368157381,0.10829792199942165,0.8243467443190046
26046,LOF,0.031753607732650985,0.04784552400248366,0.9204008682648654
26047,LOF,0.05119152938914938,0.04776643282868433,0.9010420377821663
26048,LOF,0.0857549763522731,0.02335753011964049,0.8908874935280864
26049,Neutral,0.9482828040101285,0.006989524478264927,0.04472767151160647
26050,Neutral,0.9245359178298261,0.007544149554523601,0.06791993261565028
26051,LOF,0.01733226064629448,0.09466307918823345,0.8880046601654721
26052,LOF,0.03404841702673702,0.10851166174035158,0.8574399212329112
26053,LOF,0.030890073361232104,0.15086903986003813,0.8182408867787297
26054,LOF,0.042285920254111126,0.02994457261053395,0.927769507135355
26055,LOF,0.060257564104565835,0.026453636486779907,0.9132887994086543
26056,LOF,0.049765001252035236,0.03272838172942925,0.9175066170185355
26057,LOF,0.05534372168450603,0.01507905586300637,0.9295772224524876
26058,LOF,0.059759064262881294,0.01295718633588151,0.9272837494012371
26059,LOF,0.1926680285708388,0.03189364806470563,0.7754383233644556
26060,LOF,0.016412671563199657,0.19020324194801086,0.7933840864887896
26061,LOF,0.012978295239639085,0.011820522693071116,0.9752011820672898
26062,LOF,0.006951022733718878,0.019682735318229498,0.9733662419480515
26063,LOF,0.03481092920541988,0.01208906747771317,0.953100003316867
26064,LOF,0.011434988596265884,0.02695730016143781,0.9616077112422964
26065,LOF,0.04436243710257907,0.013453731473818712,0.9421838314236023
26066,LOF,0.0438507650828653,0.011255771075654605,0.94489346384148
26067,LOF,0.05157112262339736,0.010620040990638305,0.9378088363859644
26068,LOF,0.05056204425875327,0.052356274678020266,0.8970816810632264
26069,LOF,0.1591560932899359,0.03063667013676948,0.8102072365732945
26070,LOF,0.3321805473736784,0.025387748271404276,0.6424317043549173
26071,LOF,0.042019022818916285,0.012817911919147435,0.9451630652619362
26072,LOF,0.011685462470385377,0.022792245245614382,0.9655222922840001
26073,LOF,0.037432967171276005,0.0143624028355949,0.948204629993129
26074,Neutral,0.9284676790793743,0.009844174530229236,0.061688146390396326
26075,LOF,0.051369237951627685,0.023249122208478953,0.9253816398398934
26076,LOF,0.05392851070959248,0.012363429252320033,0.9337080600380875
26077,LOF,0.1625177089507179,0.007506186172518388,0.8299761048767637
26078,LOF,0.009056306677262987,0.015946789476009596,0.9749969038467274
26079,LOF,0.06325851574470819,0.02511388451501061,0.9116275997402813
26080,LOF,0.06234162824867448,0.02513105189986764,0.9125273198514579
26081,LOF,0.03191480357126403,0.009100808810793358,0.9589843876179426
26082,LOF,0.0074487821977145185,0.015141990459678184,0.9774092273426073
26083,LOF,0.09643123560747091,0.02157855515209477,0.8819902092404344
26084,LOF,0.10268280530373239,0.01678540833375416,0.8805317863625134
26085,LOF,0.09635342738544607,0.014067915109462592,0.8895786575050914
26086,LOF,0.03851511119608279,0.012695772879065008,0.9487891159248523
26087,LOF,0.03520759956895103,0.010495428160253787,0.9542969722707951
26088,LOF,0.009710922737227418,0.021524007554230038,0.9687650697085426
26089,LOF,0.04255392255091082,0.039609540083325574,0.9178365373657636
26090,LOF,0.04332785262986896,0.029771840847683504,0.9269003065224475
26091,LOF,0.03014687595967672,0.008343935865543162,0.9615091881747801
26092,LOF,0.04360228420278025,0.009074386184540296,0.9473233296126795
26093,LOF,0.0768000550428829,0.0066514102514703966,0.9165485347056467
26094,LOF,0.03513151231701905,0.007801141767022104,0.9570673459159589
26095,LOF,0.03917212908843967,0.019153763976069865,0.9416741069354905
26096,LOF,0.21865388411771658,0.0054973199795875565,0.7758487959026958
26097,LOF,0.008668533726429886,0.03392525526263397,0.957406211010936
26098,LOF,0.08346776132717718,0.020626075536159562,0.8959061631366632
26099,LOF,0.04417603394950369,0.01621002521780604,0.9396139408326902
26100,LOF,0.04417590083882761,0.016212989561522718,0.9396111095996497
26101,LOF,0.05682870764004284,0.03063334071999306,0.9125379516399642
26102,LOF,0.03439533538882078,0.01711310580189744,0.9484915588092817
26103,Neutral,0.8764669975348485,0.02800226999723043,0.0955307324679211
26104,LOF,0.05719026711999549,0.04483212748292597,0.8979776053970785
26105,LOF,0.24814064537485486,0.1875112475738604,0.5643481070512847
26106,LOF,0.31177429126403544,0.1367840463215394,0.551441662414425
26107,LOF,0.02281284987703769,0.10361010880601071,0.8735770413169517
26108,LOF,0.2719922340087114,0.059900116384069474,0.6681076496072191
26109,LOF,0.0879552898493422,0.038886590274600924,0.873158119876057
26110,LOF,0.45441777056098565,0.006991720315966952,0.5385905091230474
26111,LOF,0.047895075882331176,0.15638576983195304,0.7957191542857158
26112,LOF,0.052975872250587586,0.008029778764049237,0.9389943489853633
26113,LOF,0.10041460134628998,0.01726032044556225,0.8823250782081478
26114,LOF,0.09467255461628954,0.006404956743309667,0.8989224886404008
26115,LOF,0.015569882178571526,0.045425002776838586,0.9390051150445899
26116,LOF,0.07173229163751246,0.02184185808735841,0.9064258502751291
26117,LOF,0.40325373516255064,0.03995493835897322,0.5567913264784762
26118,LOF,0.04416712087244933,0.016848873308587052,0.9389840058189637
26119,LOF,0.0064338508013041815,0.03033559439406147,0.9632305548046343
26120,LOF,0.03483385069322729,0.015947823399957636,0.9492183259068151
26121,LOF,0.0044349543489360385,0.11989920958890429,0.8756658360621598
