feature0,prediction,LoGoFunc_Neutral,LoGoFunc_GOF,LoGoFunc_LOF
25546,Neutral,0.6673638874778044,0.04423172827181855,0.288404384250377
25547,LOF,0.4207644787247739,0.146264833865693,0.43297068740953315
25548,LOF,0.35675224867187466,0.09127433550852211,0.5519734158196032
25549,LOF,0.27203388171123866,0.11649121752054775,0.6114749007682136
25550,Neutral,0.6180249437888035,0.04708527086752316,0.33488978534367336
25551,Neutral,0.5407321880883507,0.047914309016208016,0.41135350289544137
25552,LOF,0.1764873668930876,0.09664479241656718,0.7268678406903453
25553,Neutral,0.5167251379162695,0.04961781192005524,0.4336570501636754
25554,LOF,0.23456727099568198,0.1308791138841335,0.6345536151201845
25555,LOF,0.1687983831048751,0.09416206421000978,0.7370395526851151
25556,LOF,0.24051015572747228,0.11825743946934697,0.6412324048031807
25557,LOF,0.1649563383564338,0.09745604899266512,0.7375876126509011
25558,LOF,0.2461654126801246,0.11493005198255131,0.6389045353373242
25559,Neutral,0.7644578881863742,0.08554096227455447,0.15000114953907137
25560,LOF,0.05157248330378622,0.10169603109884805,0.8467314855973658
25561,LOF,0.12363346285049494,0.11066211395634146,0.7657044231931637
25562,LOF,0.13503537609984087,0.020678928580418768,0.8442856953197403
25563,LOF,0.17564201954673833,0.04473328066917178,0.7796246997840899
25564,LOF,0.09636938513177891,0.07184180999901345,0.8317888048692076
25565,LOF,0.12409850609212741,0.2857778783616399,0.5901236155462327
25566,GOF,0.03677120499087549,0.6340538442342518,0.3291749507748727
25567,LOF,0.015747078376074974,0.1357028476349723,0.8485500739889527
25568,LOF,0.11323081406157476,0.09659349656167456,0.7901756893767508
25569,Neutral,0.7641436778530283,0.017266677035931818,0.21858964511103987
25570,LOF,0.12246394083765812,0.14832381841556422,0.7292122407467776
25571,LOF,0.12559760507213724,0.09631075047804495,0.7780916444498179
25572,LOF,0.11724447923631832,0.09979297445424085,0.7829625463094407
25573,LOF,0.032651737375607726,0.10587400863978966,0.8614742539846026
25574,LOF,0.007423703369669605,0.30468661131231956,0.6878896853180108
25575,LOF,0.12918539591399836,0.06110620602148318,0.8097083980645184
25576,LOF,0.05620188978109235,0.03421360946453045,0.9095845007543771
25577,LOF,0.03737362759740491,0.06473446932433843,0.8978919030782567
25578,Neutral,0.5530585168794824,0.08121005109331393,0.3657314320272036
25579,Neutral,0.5530585168794824,0.08121005109331393,0.3657314320272036
25580,LOF,0.07541712513397664,0.045788682847999855,0.8787941920180234
25581,LOF,0.1005453175051877,0.13974605910529195,0.7597086233895204
25582,LOF,0.10741344678393008,0.07881457048771673,0.8137719827283532
25583,LOF,0.08253425509273088,0.04368570148688521,0.873780043420384
25584,Neutral,0.5020781181302955,0.07861122103328788,0.4193106608364166
25585,LOF,0.040426748843995164,0.03979763994834891,0.9197756112076559
25586,LOF,0.08871904858151702,0.0936256595600969,0.817655291858386
25587,LOF,0.05968242269311975,0.07472892759833488,0.8655886497085453
25588,LOF,0.0717744934165161,0.09419182340574865,0.8340336831777353
25589,Neutral,0.7038969858498842,0.1286995836533141,0.16740343049680179
25590,LOF,0.051923493131247986,0.08660667232937604,0.861469834539376
25591,LOF,0.23468547007745538,0.04607573447564966,0.7192387954468951
25592,LOF,0.053208930956738135,0.08191657848419234,0.8648744905590695
25593,LOF,0.015113345542192454,0.3457451761449403,0.6391414783128672
25594,LOF,0.1431189119434064,0.11757328448799835,0.7393078035685953
25595,LOF,0.0822924942409158,0.15234422473806633,0.7653632810210179
25596,LOF,0.17615745930235555,0.06974653671351559,0.7540960039841289
25597,LOF,0.17944922249599943,0.03815714473498815,0.7823936327690124
25598,Neutral,0.7782826802249253,0.03544444934475113,0.18627287043032353
25599,LOF,0.01122766909225339,0.17263990308481197,0.8161324278229347
25600,LOF,0.011232732748537014,0.17146662045389946,0.8173006467975634
25601,LOF,0.007810612038203306,0.10108649672955544,0.8911028912322414
25602,LOF,0.11789464896380433,0.12121352820867703,0.7608918228275187
25603,LOF,0.062109245754831385,0.12460136390805987,0.8132893903371088
25604,LOF,0.04001237174140863,0.1586594557495955,0.8013281725089959
25605,LOF,0.01895755180769565,0.36009048642647046,0.6209519617658338
25606,GOF,0.05618392837778021,0.5800677338954152,0.36374833772680454
25607,LOF,0.0035451332630425515,0.22947877799855992,0.7669760887383975
25608,LOF,0.08729300860109365,0.044140641081069396,0.8685663503178369
25609,LOF,0.19475760257537306,0.18439342779324516,0.6208489696313818
25610,LOF,0.05628474212962034,0.15222389757884677,0.7914913602915328
25611,LOF,0.06905995060867531,0.1130573259300225,0.8178827234613023
25612,Neutral,0.7543003761811182,0.1181991397900015,0.12750048402888028
25613,LOF,0.06306392295304315,0.2554669444739843,0.6814691325729725
25614,LOF,0.045402527258902675,0.2069138342005934,0.7476836385405038
25615,LOF,0.06268198507733327,0.1455871282480204,0.7917308866746463
25616,LOF,0.040225181613079974,0.2988204128738102,0.6609544055131097
25617,LOF,0.0676073424539872,0.188561696830496,0.7438309607155168
25618,LOF,0.0582971898639609,0.30200447325243973,0.6396983368835994
25619,LOF,0.0685739712477111,0.16362384118893478,0.7678021875633542
25620,LOF,0.03940397990968714,0.25580205543754797,0.7047939646527649
25621,LOF,0.07119949620142421,0.12808636558329292,0.8007141382152829
25622,LOF,0.04883990068736634,0.1872844715474098,0.7638756277652239
25623,LOF,0.09173233512673298,0.14767828423272628,0.7605893806405407
25624,LOF,0.04016075873633721,0.2845335509852034,0.6753056902784593
25625,LOF,0.05245687610564826,0.15247942443283546,0.7950636994615163
25626,Neutral,0.7689337031093191,0.08263034750679307,0.14843594938388777
25627,Neutral,0.44100695561878267,0.21409486703573488,0.34489817734548245
25628,LOF,0.16258681823910226,0.058496966450560704,0.7789162153103371
25629,Neutral,0.7018416928618733,0.028945644719576086,0.2692126624185507
25630,LOF,0.07969985164859415,0.12129436201919183,0.799005786332214
25631,Neutral,0.4491793280420569,0.18646750779161056,0.36435316416633245
25632,LOF,0.022849918130688852,0.053967718534664796,0.9231823633346463
25633,Neutral,0.37813099394907523,0.32118020541744197,0.30068880063348274
25634,LOF,0.11556686218818378,0.23942368369124423,0.6450094541205721
25635,LOF,0.05335551114207176,0.06782193213929326,0.8788225567186351
25636,GOF,0.004731952264651414,0.6049551430344106,0.39031290470093805
25637,LOF,0.004915473059193464,0.2867046911021971,0.7083798358386094
25638,LOF,0.006010817256798389,0.3513602527002413,0.6426289300429603
25639,LOF,0.005922746332379613,0.23438204480806132,0.7596952088595591
25640,Neutral,0.480705816068902,0.3475433803134468,0.1717508036176512
25641,LOF,0.008233316996513536,0.22227822918794413,0.7694884538155423
25642,LOF,0.32072412059118366,0.08010574633323492,0.5991701330755814
25643,Neutral,0.5860307527412254,0.011315338540332585,0.4026539087184421
25644,LOF,0.011176960056315213,0.4088524783910837,0.5799705615526012
25645,GOF,0.007139528376345898,0.5412652083526757,0.45159526327097843
25646,LOF,0.008902940118659912,0.33980640951242636,0.6512906503689136
25647,LOF,0.009479841523842934,0.33056468768213837,0.6599554707940187
25648,LOF,0.006940191824774493,0.3955637051043499,0.5974961030708755
25649,LOF,0.0058896292709763485,0.2713801708128147,0.722730199916209
25650,GOF,0.02477541439051042,0.5548908359684109,0.42033374964107856
25651,LOF,0.00643726382585793,0.42035108410049105,0.573211652073651
25652,LOF,0.01185751422033476,0.28711572742788116,0.7010267583517841
25653,GOF,0.06964445275180875,0.4667854231327869,0.46357012411540427
25654,LOF,0.008461792699906875,0.4474678399147882,0.5440703673853049
25655,GOF,0.08354903813362433,0.4773276766910988,0.4391232851752768
25656,LOF,0.038224240574009735,0.3701564464727051,0.5916193129532851
25657,LOF,0.34639953263641293,0.04902074589306745,0.6045797214705195
25658,LOF,0.013748797775330534,0.2842403093307909,0.7020108928938785
25659,LOF,0.11424546073235572,0.24586092701393367,0.6398936122537106
25660,LOF,0.12502330443560025,0.11996357086136333,0.7550131247030364
25661,LOF,0.09043530652623594,0.10337152828079486,0.8061931651929691
25662,LOF,0.08455226750840965,0.07962429381590587,0.8358234386756845
25663,LOF,0.08285753458387447,0.11541779051886777,0.8017246748972577
25664,LOF,0.075257554027257,0.14985634318770194,0.774886102785041
25665,LOF,0.10123379487194521,0.15579276274188714,0.7429734423861677
25666,LOF,0.1642735228292277,0.14802941277879172,0.6876970643919806
25667,LOF,0.06163904040914485,0.04104536038006725,0.8973155992107879
25668,LOF,0.08350315633008772,0.04970886884469666,0.8667879748252156
25669,LOF,0.058646370494691236,0.08535208677526857,0.8560015427300401
25670,LOF,0.1128105829615416,0.04340014947903485,0.8437892675594235
25671,LOF,0.08563400862580771,0.10071183130273335,0.8136541600714589
25672,LOF,0.13409181012845836,0.11972186690140493,0.7461863229701367
25673,LOF,0.15686412118317633,0.06873984708856166,0.774396031728262
25674,LOF,0.06706997944635174,0.1052140452297225,0.8277159753239258
25675,LOF,0.16554304084374105,0.04222599040433353,0.7922309687519254
25676,LOF,0.07652898776225238,0.10229361709203397,0.8211773951457135
25677,LOF,0.10707107891545817,0.06698309035274351,0.8259458307317983
25678,Neutral,0.6923134450598815,0.03915664712858128,0.2685299078115373
25679,LOF,0.24348549238068826,0.07229275781239848,0.6842217498069132
25680,LOF,0.11596258670197764,0.15295531242109053,0.7310821008769318
25681,LOF,0.13995528155843284,0.12677472578462137,0.7332699926569459
25682,LOF,0.0795385459202687,0.0834811167665949,0.8369803373131364
25683,LOF,0.2167026642112745,0.06065040840783481,0.7226469273808908
25684,LOF,0.11154704596141675,0.12561616098126302,0.7628367930573202
25685,LOF,0.1923383998327046,0.027288357666366014,0.7803732425009293
25686,LOF,0.024758215277017593,0.19558137122238708,0.7796604135005952
25687,LOF,0.03892833089442498,0.20186737138917762,0.7592042977163973
25688,LOF,0.016821660583864743,0.36281344779444447,0.6203648916216908
25689,LOF,0.010133367797761087,0.2121429461086142,0.7777236860936247
25690,LOF,0.01168078811437805,0.3833987378192441,0.6049204740663778
25691,GOF,0.10911314516876011,0.532536566771904,0.3583502880593359
25692,Neutral,0.784011049286664,0.03927297397742555,0.17671597673591055
25693,GOF,0.02933769420155866,0.5374266104234191,0.43323569537502216
25694,LOF,0.23747239404917483,0.053332207801905236,0.7091953981489199
25695,LOF,0.18531311629109634,0.08045098471520487,0.7342358989936987
25696,Neutral,0.7003993654114092,0.03791796814125867,0.2616826664473321
25697,Neutral,0.820613224591178,0.03415833397855727,0.14522844143026462
25698,LOF,0.012058804941812521,0.4448625647663437,0.5430786302918438
25699,LOF,0.06581118708229663,0.3010783700138496,0.6331104429038538
25700,LOF,0.0815872080382165,0.017614898600373956,0.9007978933614096
25701,LOF,0.007622566111649705,0.4532905087314983,0.539086925156852
25702,GOF,0.025783722405234886,0.6107715192538307,0.3634447583409343
25703,LOF,0.033319285573609754,0.070384664036085,0.8962960503903052
25704,LOF,0.08106417617962783,0.11805613062846186,0.8008796931919104
25705,LOF,0.12731773053622272,0.1980767763263291,0.6746054931374481
25706,GOF,0.018729799300884597,0.7991828754046222,0.18208732529449323
25707,GOF,0.012969626324795753,0.7411265340593974,0.2459038396158069
25708,GOF,0.0067617982643651,0.7903168383515881,0.2029213633840467
25709,LOF,0.07944623722082332,0.12009800885563482,0.8004557539235418
25710,LOF,0.03849547438314818,0.1779076271262225,0.7835968984906293
25711,LOF,0.0805408152268926,0.14009292413000746,0.7793662606431
25712,LOF,0.07719123580222287,0.11596032170323267,0.8068484424945446
25713,LOF,0.06714253040942479,0.12436209084811002,0.8084953787424651
25714,LOF,0.055664568002453466,0.330544637955894,0.6137907940416526
25715,LOF,0.05934868472291009,0.24777514223372005,0.6928761730433699
25716,LOF,0.035273864459947506,0.07421173426224345,0.8905144012778091
25717,LOF,0.024679308559421766,0.06955572937774547,0.9057649620628326
25718,LOF,0.06856451125755596,0.09928253620505877,0.8321529525373853
25719,LOF,0.07176377898749023,0.15180116029037882,0.7764350607221309
25720,LOF,0.06969898204090857,0.21239951394428383,0.7179015040148075
25721,LOF,0.0628606936221883,0.1107020935452951,0.8264372128325166
25722,LOF,0.06580732315089777,0.14531516374644057,0.7888775131026616
25723,LOF,0.0797256475290462,0.16788758637741785,0.7523867660935359
25724,LOF,0.06999034535813625,0.30870817379070215,0.6213014808511617
25725,LOF,0.121968580977191,0.15249258726731998,0.725538831755489
25726,LOF,0.06976178131265223,0.18172595931918237,0.7485122593681655
25727,LOF,0.10472749984026858,0.09893964964425284,0.7963328505154786
25728,LOF,0.06378648801475412,0.24057713966424363,0.6956363723210022
25729,LOF,0.07449425771460973,0.22238599526640812,0.7031197470189822
25730,LOF,0.08569977826527106,0.16863798047812847,0.7456622412566004
25731,LOF,0.04948335470162024,0.08387423018416414,0.8666424151142157
25732,LOF,0.05609469421994132,0.1174789439929093,0.8264263617871493
25733,LOF,0.073029483102318,0.30513517719170075,0.6218353397059813
25734,LOF,0.01999399068087655,0.1616935634910102,0.8183124458281134
25735,LOF,0.0722746012192636,0.13205727990576427,0.7956681188749721
25736,LOF,0.06897276282724121,0.21629004904790416,0.7147371881248545
25737,LOF,0.09535277629706307,0.11249928447028022,0.7921479392326568
25738,LOF,0.08610922936172406,0.18284903071818825,0.7310417399200876
25739,LOF,0.05939855853490788,0.16159575701904175,0.7790056844460503
25740,LOF,0.09485433714585828,0.13975935765183697,0.7653863052023047
25741,LOF,0.08550501467447844,0.1471858222026251,0.7673091631228965
25742,LOF,0.1024150474396619,0.18249138416229702,0.7150935683980411
25743,LOF,0.0224924063789772,0.033143817167643586,0.9443637764533791
25744,GOF,0.11678602277031586,0.46755159342768066,0.41566238380200343
25745,LOF,0.017589980105072837,0.43959622433122464,0.5428137955637026
25746,LOF,0.011091539066832967,0.41656560946597604,0.572342851467191
25747,LOF,0.08196588035096966,0.05403531188566108,0.8639988077633693
25748,LOF,0.32331743416422554,0.18686540951817887,0.4898171563175956
25749,LOF,0.010418871645702798,0.35734518583089075,0.6322359425234065
25750,LOF,0.01252023456021478,0.4603929725469131,0.5270867928928722
25751,LOF,0.05963683866469489,0.17531384999693583,0.7650493113383692
25752,GOF,0.10798443623257639,0.5757422782432418,0.31627328552418194
25753,LOF,0.02465062184537857,0.18217203293879922,0.7931773452158222
25754,GOF,0.010851440701915403,0.8594300231246285,0.12971853617345622
25755,LOF,0.017260695095977902,0.20342429533476852,0.7793150095692535
25756,LOF,0.09528079672660084,0.24664684697490627,0.6580723562984928
25757,GOF,0.008900083830548973,0.7763375410639229,0.21476237510552806
25758,GOF,0.008761731035254555,0.8466870485583968,0.1445512204063486
25759,GOF,0.005822909579311124,0.6393030859537203,0.35487400446696854
25760,LOF,0.014228694636097085,0.10785880535361926,0.8779125000102838
25761,GOF,0.03723865445390159,0.8257971444758629,0.13696420107023544
25762,LOF,0.12757262259882862,0.2157686446053966,0.6566587327957747
25763,LOF,0.0166698797392567,0.09790582812747058,0.8854242921332727
25764,GOF,0.09261014794522467,0.5766062185604206,0.3307836334943548
25765,GOF,0.007753338214476203,0.8342685044037818,0.1579781573817421
25766,GOF,0.023720851212455103,0.7802349512330694,0.19604419755447552
25767,GOF,0.010690136781837653,0.660930387195506,0.3283794760226564
25768,LOF,0.07993049501592533,0.09658253600502326,0.8234869689790515
25769,LOF,0.04833288300876882,0.2899059175621943,0.6617611994290368
25770,Neutral,0.7646387691400657,0.05558084190400479,0.17978038895592954
25771,LOF,0.05965077218753243,0.1130927606129088,0.8272564671995588
25772,LOF,0.07634554659983006,0.20647415883093378,0.7171802945692362
25773,LOF,0.047138945696073555,0.31540881666726106,0.6374522376366655
25774,LOF,0.11766201105148746,0.18572268127454258,0.69661530767397
25775,LOF,0.05053594851672201,0.0966772959475631,0.8527867555357149
25776,LOF,0.04281131952789373,0.17933033411815316,0.777858346353953
25777,LOF,0.23023743843152603,0.13024280523568535,0.6395197563327887
25778,LOF,0.07243785502877949,0.24222582454354247,0.685336320427678
25779,GOF,0.14699856276558104,0.5117717719954779,0.3412296652389412
25780,GOF,0.09941161698929568,0.6766901224637049,0.22389826054699957
25781,GOF,0.06273094680614258,0.6009508612889914,0.33631819190486606
25782,GOF,0.0420814487091618,0.5315658314130153,0.42635271987782286
25783,GOF,0.08766214764874965,0.6015100013351485,0.310827851016102
25784,GOF,0.211950756343999,0.5210373629696653,0.26701188068633563
25785,GOF,0.24151861130359978,0.5891242145569083,0.16935717413949186
25786,LOF,0.01282147247900897,0.372301530342345,0.6148769971786461
25787,Neutral,0.4840829915338852,0.31527423383104075,0.20064277463507416
25788,LOF,0.05951822391986889,0.09774047759835565,0.8427412984817754
25789,GOF,0.039410441912355335,0.663644601248992,0.29694495683865263
25790,GOF,0.05179143657289414,0.5833926508969332,0.36481591253017265
25791,GOF,0.027005139817730527,0.6324198251461391,0.34057503503613024
25792,GOF,0.042812164551827604,0.6621957897637415,0.29499204568443094
25793,GOF,0.07100212752470159,0.4761313969955093,0.452866475479789
25794,LOF,0.07550353791935091,0.39739765249691766,0.5270988095837315
25795,LOF,0.08245815971450692,0.30887434188330587,0.6086674984021873
25796,GOF,0.2495067197285513,0.38621615406624427,0.3642771262052044
25797,LOF,0.08398639418224751,0.3757271413294135,0.540286464488339
25798,GOF,0.008360811418779946,0.6657580361278177,0.3258811524534024
25799,GOF,0.0068287927211644435,0.5969347831986803,0.3962364240801552
25800,GOF,0.041008196769913866,0.7132389402929483,0.2457528629371379
25801,GOF,0.05901719538430914,0.6159636049033913,0.32501919971229953
25802,GOF,0.0623018065536193,0.5770333447942546,0.36066484865212617
25803,LOF,0.04901253933183443,0.40514144053243684,0.5458460201357287
25804,LOF,0.09578509905432374,0.35318348043914555,0.5510314205065308
25805,GOF,0.05639737940360108,0.48719313783808604,0.45640948275831295
25806,GOF,0.067807286664474,0.5037692979705111,0.428423415365015
25807,LOF,0.024945563001613186,0.4617207741689205,0.5133336628294662
25808,GOF,0.058116914327471875,0.5982952411683563,0.34358784450417196
25809,LOF,0.015398254808675477,0.41887537335516745,0.5657263718361571
25810,LOF,0.012510285776461467,0.46124153667966705,0.5262481775438714
25811,GOF,0.09581152077874487,0.5650199897530667,0.33916848946818856
25812,LOF,0.12109490380400993,0.4114828545565146,0.4674222416394756
25813,GOF,0.34017995794128,0.4292389435424315,0.2305810985162886
25814,GOF,0.11589120429297876,0.4768489097590349,0.4072598859479864
25815,GOF,0.11624769388203797,0.48698173580570836,0.39677057031225377
25816,GOF,0.016156573398530886,0.6423574497439543,0.34148597685751486
25817,LOF,0.13125074532620798,0.3578177269561991,0.5109315277175929
25818,GOF,0.07189755142719345,0.5607162889831441,0.3673861595896625
25819,LOF,0.11072870673077981,0.38525215307531835,0.5040191401939018
25820,LOF,0.12173796828201462,0.367237553620011,0.5110244780979745
25821,LOF,0.10132445945523437,0.41664328080831425,0.4820322597364515
25822,LOF,0.18802368835800656,0.3306752037959216,0.48130110784607183
25823,LOF,0.0923626546137153,0.2438936440777129,0.6637437013085717
25824,GOF,0.05030684216011399,0.5818406892021815,0.36785246863770454
25825,GOF,0.0422267768922032,0.5994861074481919,0.358287115659605
25826,LOF,0.011371165577133508,0.3892261866175004,0.5994026478053661
25827,GOF,0.00999297296942463,0.5325423908944519,0.4574646361361235
25828,GOF,0.009200944620676516,0.5201727686921603,0.47062628668716316
25829,LOF,0.007893358033746444,0.25871041763841934,0.7333962243278341
25830,LOF,0.0809663031129323,0.02795582792428673,0.891077868962781
25831,GOF,0.049518574387011606,0.6557638529005965,0.2947175727123921
25832,LOF,0.011082938452708895,0.31703913862330896,0.6718779229239822
25833,GOF,0.07448953398275893,0.4965621793045492,0.4289482867126918
25834,LOF,0.011651701652771566,0.3053104129368001,0.6830378854104283
25835,GOF,0.06172649395459805,0.6587453491047327,0.2795281569406691
25836,LOF,0.01220617176362225,0.46769049278975494,0.5201033354466227
25837,LOF,0.013415906701028237,0.3574773235826957,0.6291067697162761
25838,GOF,0.04695548834368788,0.5574883239605308,0.3955561876957813
25839,LOF,0.11103740843985592,0.4199673204109198,0.46899527114922424
25840,GOF,0.12281930424295383,0.543912191915311,0.3332685038417351
25841,GOF,0.0883183862770752,0.5614685897021013,0.35021302402082344
25842,GOF,0.06212214441322635,0.652240300929264,0.2856375546575096
25843,GOF,0.03021922512647669,0.6944617105926508,0.27531906428087244
25844,GOF,0.04684430642485964,0.5535910641285555,0.39956462944658494
25845,LOF,0.00994994694244105,0.2875146836933053,0.7025353693642536
25846,GOF,0.07995282360570986,0.5518887316216354,0.3681584447726546
25847,GOF,0.0434084538458146,0.658089018453067,0.2985025277011183
25848,GOF,0.035665420901500794,0.6813401884850243,0.2829943906134749
25849,GOF,0.008587971511909915,0.590883431963458,0.40052859652463196
25850,GOF,0.011163858694999172,0.5328679589255155,0.45596818237948544
25851,LOF,0.011544178909675334,0.4591919805226555,0.5292638405676692
25852,GOF,0.2125020570533043,0.4058822152872778,0.381615727659418
25853,GOF,0.10269178511192048,0.4879186986740349,0.4093895162140446
25854,LOF,0.007114335621597096,0.45752476679291504,0.5353608975854879
25855,LOF,0.04681186172143422,0.4483470257206994,0.5048411125578663
25856,GOF,0.09273803018019412,0.5926752904710648,0.314586679348741
25857,GOF,0.055268526610302404,0.49224686094368136,0.4524846124460163
25858,LOF,0.011852902154056651,0.3052342681522407,0.6829128296937027
25859,LOF,0.009264019143390909,0.2983429093541246,0.6923930715024844
25860,LOF,0.1159142409475862,0.3732000375202788,0.5108857215321351
25861,GOF,0.09298982966091814,0.4959094140566477,0.41110075628243414
25862,GOF,0.03421183523001301,0.7110160144000679,0.2547721503699191
25863,GOF,0.04338109187650466,0.5929170579161784,0.3637018502073169
25864,GOF,0.046261702869181645,0.6624472305682765,0.29129106656254183
25865,GOF,0.04541198894718817,0.663431035742541,0.2911569753102708
25866,GOF,0.07241510856310551,0.6951622385154377,0.2324226529214568
25867,GOF,0.3749603162008984,0.5267487647198297,0.09829091907927194
25868,GOF,0.11158998686527768,0.5302512551729832,0.3581587579617392
25869,Neutral,0.4412127667627379,0.38197599188342846,0.17681124135383353
25870,LOF,0.053013967291930156,0.042451652744294285,0.9045343799637755
25871,LOF,0.009289658342540513,0.3505917697896119,0.6401185718678476
25872,LOF,0.04563822123832923,0.3971719683126994,0.5571898104489714
25873,GOF,0.03150942843879918,0.6255232938515535,0.34296727770964736
25874,LOF,0.06973692861915887,0.031614512512967895,0.8986485588678733
25875,LOF,0.018989306179125236,0.4039094024416337,0.5771012913792412
25876,LOF,0.0982977946535813,0.09339579101962825,0.8083064143267905
25877,GOF,0.09530825642404667,0.4880694530908578,0.41662229048509547
25878,GOF,0.06111226949556823,0.6850310163736067,0.25385671413082506
25879,LOF,0.01398059153753114,0.34334584819956093,0.6426735602629079
25880,LOF,0.0800394180748791,0.04849021449538738,0.8714703674297334
25881,GOF,0.354769007423055,0.36953013039500504,0.27570086218194
25882,LOF,0.03262419617221394,0.30327509406395525,0.6641007097638308
25883,LOF,0.043122299394590294,0.1660708626526823,0.7908068379527274
25884,LOF,0.02661501258431848,0.20633987368781884,0.7670451137278627
25885,LOF,0.16746424074506477,0.04395964695551709,0.788576112299418
25886,Neutral,0.4230927116460701,0.18479141425515147,0.3921158740987784
25887,GOF,0.03607106220018938,0.6451563649034925,0.3187725728963183
25888,LOF,0.004995962068440869,0.4492847973169035,0.5457192406146556
25889,LOF,0.08131822277429293,0.10451276375255195,0.8141690134731551
25890,LOF,0.1416689319030896,0.37870258031271764,0.47962848778419276
25891,LOF,0.18325651679516525,0.10561582862385462,0.7111276545809802
25892,LOF,0.005315320949827438,0.16419858522100747,0.8304860938291652
25893,LOF,0.2555651606977221,0.07047475538949396,0.673960083912784
25894,LOF,0.3228546404471234,0.03723780685786899,0.6399075526950075
25895,LOF,0.2373881673396808,0.042437274181372726,0.7201745584789465
25896,LOF,0.11946206630190648,0.11449341169131222,0.7660445220067813
25897,LOF,0.09537699670571059,0.06639907511369707,0.8382239281805922
25898,GOF,0.0643811985096812,0.49273550011099937,0.4428833013793194
25899,LOF,0.35487598595898195,0.14072211928061165,0.5044018947604064
25900,Neutral,0.8848735993974579,0.024650279557558174,0.09047612104498373
25901,LOF,0.0945688167793756,0.038695443086320634,0.8667357401343038
25902,Neutral,0.74767721594167,0.010009140704602177,0.24231364335372796
25903,LOF,0.1042635073837611,0.2027896136874815,0.6929468789287575
25904,Neutral,0.5535191290341265,0.12378914071889385,0.32269173024697956
25905,LOF,0.007537484967306614,0.33488233633109954,0.6575801787015938
25906,LOF,0.027384850144745152,0.03457921161436058,0.9380359382408943
25907,LOF,0.009791381449754407,0.27277528367642295,0.7174333348738225
25908,LOF,0.009540878505733433,0.24093983231690563,0.749519289177361
25909,LOF,0.07825199515879401,0.17148190620858791,0.7502660986326181
25910,LOF,0.022076804851363614,0.17047635347569312,0.8074468416729432
25911,LOF,0.12547735766369517,0.07932972873071538,0.7951929136055895
25912,LOF,0.1727613256042618,0.019101341498682218,0.8081373328970559
25913,LOF,0.01043037777857544,0.06251121485894313,0.9270584073624815
25914,LOF,0.06019552125761955,0.22060308358809216,0.7192013951542883
25915,GOF,0.03550813630748907,0.832163651100697,0.13232821259181393
25916,GOF,0.00919375088083829,0.6753010217172171,0.31550522740194464
25917,Neutral,0.8534360389932216,0.04678492601488568,0.09977903499189267
25918,LOF,0.07573016799683309,0.11241903772522127,0.8118507942779456
25919,LOF,0.07680169616440993,0.08022007895682294,0.8429782248787672
25920,GOF,0.16512331700572477,0.4990825606922925,0.33579412230198274
25921,LOF,0.050834606294544865,0.03528971283878472,0.9138756808666705
25922,LOF,0.039866081948119685,0.03908993805328006,0.9210439799986002
25923,Neutral,0.514175867328506,0.07056450974699753,0.41525962292449653
25924,LOF,0.0681519371618322,0.07619296124802531,0.8556551015901426
25925,Neutral,0.7291411063436017,0.016059966662749448,0.2547989269936487
25926,LOF,0.13760892289947174,0.07804799588703983,0.7843430812134884
25927,LOF,0.014713414821352837,0.06912360253056005,0.916162982648087
25928,LOF,0.02382325630751666,0.041067349039233994,0.9351093946532495
25929,Neutral,0.514175867328506,0.07056450974699753,0.41525962292449653
25930,LOF,0.06567498171607994,0.17272434257589717,0.7616006757080229
25931,LOF,0.02275875590666252,0.05741540028314787,0.9198258438101896
25932,LOF,0.09927647272565893,0.0494931017497115,0.8512304255246297
25933,LOF,0.09651820366583844,0.028857277710479183,0.8746245186236823
25934,LOF,0.10008574667728957,0.0373529430467694,0.8625613102759411
25935,Neutral,0.7510843051866749,0.0209672918514371,0.227948402961888
25936,LOF,0.09535894212794979,0.028471084749039952,0.8761699731230101
25937,LOF,0.02799973917474911,0.07348223804685788,0.898518022778393
25938,Neutral,0.7540974659701538,0.017072726184637742,0.2288298078452084
25939,LOF,0.08302259942830478,0.03881799816003663,0.8781594024116585
25940,GOF,0.006164714414695844,0.6070559021280536,0.3867793834572506
25941,LOF,0.4220713208979539,0.08507191460633097,0.4928567644957151
25942,LOF,0.02885109406584122,0.12163079143025815,0.8495181145039006
25943,GOF,0.02444867637782725,0.6430522389371033,0.33249908468506945
25944,LOF,0.02041809047443005,0.40628282391067233,0.5732990856148976
25945,LOF,0.04943732411385042,0.05424412341608277,0.8963185524700668
25946,LOF,0.09777675422406755,0.07323146576722335,0.8289917800087091
25947,LOF,0.44697891392245825,0.02579038291016472,0.527230703167377
25948,Neutral,0.892571671002305,0.027836494799205087,0.07959183419849
25949,Neutral,0.8187251423509553,0.021037698011414165,0.16023715963763044
25950,GOF,0.06080767741377683,0.7425069564962321,0.19668536608999113
25951,LOF,0.011141435465535435,0.4204797953775572,0.5683787691569074
25952,LOF,0.09336349446824378,0.35091703377505407,0.5557194717567021
25953,LOF,0.007087527602847887,0.41802585756595434,0.5748866148311977
25954,GOF,0.039629145283821325,0.5095075075181098,0.45086334719806875
25955,GOF,0.004402833179985473,0.5888896170514029,0.4067075497686115
25956,GOF,0.010891477707655351,0.6521765613232302,0.33693196096911454
25957,LOF,0.3330096675272303,0.056645041724542745,0.6103452907482269
25958,LOF,0.0372046111459486,0.20298034170243207,0.7598150471516194
25959,GOF,0.0046413198698195225,0.6104221489750387,0.384936531155142
25960,LOF,0.01108869585151618,0.12746441648004478,0.8614468876684391
25961,LOF,0.041403167983733696,0.2042683183932216,0.7543285136230446
25962,Neutral,0.7087627170292495,0.020641228998190465,0.2705960539725599
25963,LOF,0.013390205752432877,0.12241185488468395,0.8641979393628832
25964,LOF,0.07572687747065322,0.11354437491334192,0.8107287476160049
25965,LOF,0.1469006831246821,0.20239567793096383,0.650703638944354
25966,Neutral,0.4076328216259908,0.38108513077137957,0.21128204760262972
25967,LOF,0.021799187266227437,0.12278685925600537,0.855413953477767
25968,LOF,0.1234751175670469,0.4094272900962011,0.4670975923367521
25969,LOF,0.2307295452773637,0.02219870212770184,0.7470717525949345
25970,LOF,0.024434275305312204,0.18971445164973524,0.7858512730449525
25971,LOF,0.1253658842658926,0.13159737154714005,0.7430367441869673
25972,LOF,0.09905762095678816,0.12319984307576244,0.7777425359674494
25973,Neutral,0.5498777156211812,0.010266188726997805,0.43985609565182104
25974,LOF,0.03802981247807957,0.3484434597985541,0.6135267277233662
25975,LOF,0.06579556020522073,0.029955637229155074,0.9042488025656242
25976,LOF,0.08551879731118442,0.017723455633032226,0.8967577470557834
25977,LOF,0.23710298381273956,0.06058653707107489,0.7023104791161855
25978,LOF,0.1320671241946604,0.26635466616018166,0.601578209645158
25979,LOF,0.09902814348650411,0.2437584116440853,0.6572134448694106
25980,LOF,0.13559422609236327,0.4118650161606759,0.45254075774696095
25981,GOF,0.14000464637887455,0.43861484285900676,0.4213805107621187
25982,LOF,0.14093221781244186,0.3314252371022704,0.5276425450852877
25983,LOF,0.11738217373194251,0.33035677401435576,0.5522610522537017
25984,LOF,0.05524292355894411,0.1241019752435611,0.8206551011974949
25985,Neutral,0.42646829866893743,0.29706215160973287,0.27646954972132975
25986,GOF,0.010365618376047079,0.6758753067805534,0.3137590748433995
25987,LOF,0.033296432544129104,0.13991049311609002,0.8267930743397808
25988,LOF,0.05161433018185997,0.1624725672207837,0.7859131025973564
25989,LOF,0.07200856123970516,0.15978149079604204,0.7682099479642527
25990,LOF,0.06829371386110492,0.26733291256206815,0.664373373576827
25991,GOF,0.04323789808656549,0.7271452112717288,0.22961689064170585
25992,LOF,0.015442974512604051,0.4530152063212958,0.5315418191661001
25993,LOF,0.05916471393056277,0.04620714063435305,0.8946281454350842
25994,LOF,0.08303602788900522,0.07367478870767931,0.8432891834033155
25995,LOF,0.05353005037801014,0.07350326267604929,0.8729666869459407
25996,GOF,0.2751551271569832,0.5436734768441069,0.1811713959989099
25997,GOF,0.046807213985170584,0.6685285147531075,0.284664271261722
25998,LOF,0.183406553648883,0.1657470213446874,0.6508464250064295
25999,GOF,0.011631410882632332,0.5503749586600363,0.43799363045733125
26000,LOF,0.18764979901203557,0.012793582078082412,0.799556618909882
26001,LOF,0.11728641327558213,0.032407950486009515,0.8503056362384084
26002,Neutral,0.6674274139435848,0.005776291194271173,0.32679629486214395
26003,GOF,0.007551494370737638,0.5822735600728971,0.4101749455563653
26004,GOF,0.034610262612256054,0.5339316770520999,0.4314580603356441
26005,GOF,0.004606651798522471,0.5254826673785088,0.46991068082296866
26006,GOF,0.1301097582165695,0.6372104513091937,0.2326797904742368
26007,GOF,0.012608414604275437,0.5491187149554232,0.43827287044030133
26008,GOF,0.009937751758927983,0.5373071341277239,0.452755114113348
26009,GOF,0.01974279927682619,0.7346974446904907,0.24555975603268318
26010,GOF,0.008201759632010712,0.6520480747280414,0.3397501656399479
26011,LOF,0.004975162544621115,0.4000902716328904,0.5949345658224884
26012,GOF,0.005146265068179374,0.5875290245065661,0.4073247104252545
26013,LOF,0.005633014721784774,0.467949244295834,0.5264177409823813
26014,Neutral,0.781094358566478,0.010555536918372235,0.20835010451514985
26015,Neutral,0.4669979063981193,0.09703453043721078,0.43596756316467
26016,LOF,0.19924075489768256,0.1486384739216823,0.6521207711806352
26017,LOF,0.02925708490206523,0.3501049983145272,0.6206379167834076
26018,LOF,0.03887038251733015,0.3622020694890168,0.598927547993653
26019,LOF,0.04059436562404498,0.22756679439197117,0.7318388399839838
26020,LOF,0.0068830782246003894,0.21474132063839252,0.7783756011370071
26021,LOF,0.06244940887070616,0.20181738414140557,0.7357332069878882
26022,LOF,0.07997593623165607,0.08200598821364435,0.8380180755546995
26023,LOF,0.03488016228286252,0.16833939925628916,0.7967804384608483
26024,LOF,0.05471420229125846,0.1438591764628484,0.8014266212458931
26025,LOF,0.08043089335726736,0.2582709558719654,0.6612981507707671
26026,LOF,0.06865319531593182,0.24149911123162462,0.6898476934524436
26027,LOF,0.06776479312121608,0.12756400218228764,0.8046712046964963
26028,LOF,0.041764736534772626,0.35406642516637615,0.6041688382988512
26029,LOF,0.0351715246064687,0.4480026445976548,0.5168258307958764
26030,LOF,0.29450738507499297,0.059064036103145756,0.6464285788218613
26031,LOF,0.012570882950260088,0.47022561593710444,0.5172035011126355
26032,LOF,0.08092689306630542,0.06744054404663592,0.8516325628870586
26033,LOF,0.07636798539349642,0.10015755185320147,0.8234744627533022
26034,LOF,0.01757834420135177,0.3049554766849274,0.6774661791137208
26035,LOF,0.013051868900503687,0.3957805391453993,0.591167591954097
26036,LOF,0.011600954053885238,0.2543846910790509,0.7340143548670639
26037,LOF,0.011389628792541353,0.26333219162682625,0.7252781795806323
26038,LOF,0.0542950385552643,0.07034471654266825,0.8753602449020674
26039,LOF,0.042116494024975214,0.29050092268905775,0.667382583285967
26040,LOF,0.04902923783599843,0.13418190257266616,0.8167888595913354
26041,LOF,0.013449956451222642,0.29721801623748484,0.6893320273112925
26042,LOF,0.012112139921482936,0.3161375509224216,0.6717503091560955
26043,LOF,0.04875152534449393,0.1903617502012876,0.7608867244542185
26044,LOF,0.01649667715543357,0.21552973689268115,0.7679735859518853
26045,GOF,0.06421669191151583,0.5789947506031055,0.3567885574853787
26046,LOF,0.04342273707756808,0.21115693726483178,0.7454203256576002
26047,LOF,0.10077995014834658,0.11205855904184334,0.78716149080981
26048,LOF,0.11210053218266834,0.1083142759955598,0.7795851918217719
26049,Neutral,0.8746195527697841,0.04098323706940498,0.08439721016081074
26050,Neutral,0.8607374252612143,0.035857842446126484,0.10340473229265933
26051,GOF,0.009587675754558714,0.6039745846196083,0.38643773962583294
26052,LOF,0.01053620278102567,0.47902229456550804,0.5104415026534662
26053,LOF,0.05941528715635451,0.031694469232271316,0.908890243611374
26054,Neutral,0.7925901727421479,0.03772942311476489,0.16968040414308713
26055,LOF,0.12324428368262902,0.136692687706653,0.7400630286107179
26056,LOF,0.1255138981526525,0.142453254159752,0.7320328476875955
26057,LOF,0.08166099414587553,0.033429924044869684,0.8849090818092549
26058,LOF,0.09982278472652649,0.028272837629262235,0.8719043776442112
26059,Neutral,0.8892658365333992,0.04299757543958934,0.06773658802701128
26060,LOF,0.01701325093267092,0.3512997364491535,0.6316870126181756
26061,LOF,0.039123587343949516,0.02466443549436504,0.9362119771616856
26062,LOF,0.017077224642726704,0.06822733632444093,0.9146954390328325
26063,LOF,0.0628865502804254,0.039638263380040895,0.8974751863395337
26064,LOF,0.03497827669105819,0.033661917233559095,0.9313598060753827
26065,LOF,0.047127460798921106,0.05213201727774234,0.9007405219233365
26066,LOF,0.0800679101209893,0.05073380811034823,0.8691982817686625
26067,LOF,0.09003220200240454,0.050916239005142486,0.859051558992453
26068,Neutral,0.7912839915866662,0.043824781418548814,0.16489122699478517
26069,LOF,0.11145216379268015,0.12917755245184323,0.7593702837554765
26070,LOF,0.15655090139282377,0.11079733171534611,0.7326517668918302
26071,LOF,0.06576572257454132,0.047032827985030064,0.8872014494404286
26072,LOF,0.02191426101554686,0.026478705745565947,0.9516070332388872
26073,LOF,0.08353170847561851,0.031495465759909205,0.8849728257644722
26074,Neutral,0.8778012964748035,0.031274251311613634,0.09092445221358285
26075,LOF,0.103464389305399,0.14921340875128752,0.7473222019433136
26076,LOF,0.08683624479429292,0.07573310797225198,0.8374306472334551
26077,LOF,0.1787089709060409,0.0641063999386761,0.7571846291552831
26078,LOF,0.016760263440347117,0.05040711194786095,0.932832624611792
26079,Neutral,0.8004952261525966,0.04186017133936441,0.15764460250803897
26080,Neutral,0.8004952261525966,0.04186017133936441,0.15764460250803897
26081,LOF,0.06275483224505206,0.03677899302334803,0.9004661747316
26082,LOF,0.0185457872637437,0.06714973386997673,0.9143044788662796
26083,LOF,0.07808195919947138,0.1176473457213433,0.8042706950791854
26084,LOF,0.08038852730019246,0.06576435083882916,0.8538471218609783
26085,LOF,0.06669789608450764,0.057769627725399585,0.8755324761900928
26086,LOF,0.05085127236113013,0.06825289503175422,0.8808958326071157
26087,LOF,0.08792626128955165,0.07047361237314433,0.8416001263373041
26088,LOF,0.017861483645022328,0.11630811926915005,0.8658303970858277
26089,LOF,0.07545061226290743,0.22160527330044222,0.7029441144366504
26090,LOF,0.09183027316656804,0.19704363189290477,0.7111260949405271
26091,LOF,0.061874478441303574,0.055686915318252074,0.8824386062404442
26092,LOF,0.05658551557124406,0.03569505163899036,0.9077194327897655
26093,LOF,0.09172562248836914,0.03010222777092112,0.8781721497407098
26094,LOF,0.07125238674761514,0.05298286623197568,0.8757647470204092
26095,LOF,0.0507458171704351,0.043380184784490745,0.9058739980450743
26096,LOF,0.322997356279512,0.00986605093728954,0.6671365927831985
26097,LOF,0.016495392456039766,0.051598018841029845,0.9319065887029304
26098,Neutral,0.7890539625754116,0.03768986735819308,0.17325617006639527
26099,LOF,0.04869172513247844,0.07831702456304472,0.8729912503044769
26100,LOF,0.04869172513247844,0.07831702456304472,0.8729912503044769
26101,LOF,0.05994759684106137,0.10699997481780575,0.8330524283411329
26102,LOF,0.06459758203484808,0.039633213613294666,0.8957692043518573
26103,Neutral,0.5315576881205398,0.11532889326990009,0.3531134186095601
26104,Neutral,0.8050782415122196,0.045965066003085954,0.14895669248469454
26105,LOF,0.2752776643585678,0.19609860590878833,0.5286237297326438
26106,LOF,0.29591680446707563,0.23297949526294748,0.4711037002699769
26107,LOF,0.007723535518265826,0.36339849578711303,0.6288779686946212
26108,LOF,0.11945567871371013,0.2721059801993992,0.6084383410868908
26109,LOF,0.09760448341331056,0.06246459215820633,0.839930924428483
26110,Neutral,0.7907357424165188,0.08751603863302182,0.1217482189504594
26111,LOF,0.032888652847281846,0.22457210711532957,0.7425392400373886
26112,LOF,0.07165806025282487,0.062418053913854396,0.8659238858333208
26113,LOF,0.05883085546961261,0.08104493951909425,0.860124205011293
26114,LOF,0.1094481849642241,0.0601042809171324,0.8304475341186436
26115,LOF,0.0092078572927839,0.4564875761415875,0.5343045665656286
26116,LOF,0.10846615591917713,0.1500730266817391,0.7414608173990838
26117,Neutral,0.4860961181989986,0.0909065976648945,0.4229972841361069
26118,LOF,0.06445809563108133,0.03680736045087911,0.8987345439180395
26119,LOF,0.00583515669367734,0.10466535460028692,0.8894994887060358
26120,LOF,0.07104184328123463,0.02797582725721113,0.9009823294615543
26121,LOF,0.005230128153669052,0.19333344259353155,0.8014364292527993
26122,LOF,0.004446807255878043,0.22573445992308552,0.7698187328210364
