feature0,prediction,LoGoFunc_Neutral,LoGoFunc_GOF,LoGoFunc_LOF
25546,Neutral,0.7471752346024664,0.03497227060022474,0.21785249479730895
25547,Neutral,0.5884947129178444,0.07135566692919428,0.34014962015296135
25548,Neutral,0.604821402009202,0.0541718037553575,0.34100679423544045
25549,Neutral,0.5204068212004869,0.05380130640074445,0.4257918723987687
25550,LOF,0.364148289513332,0.10989551612817336,0.5259561943584947
25551,LOF,0.28044452214191185,0.12279638272600908,0.5967590951320791
25552,LOF,0.21092296868867524,0.1149466152059107,0.674130416105414
25553,Neutral,0.8562770827485324,0.026193560379922157,0.1175293568715455
25554,LOF,0.24715920331324467,0.1099450125464759,0.6428957841402795
25555,LOF,0.20547098843424227,0.09579774685637975,0.698731264709378
25556,Neutral,0.45527580636237674,0.09757933666270202,0.4471448569749213
25557,LOF,0.1987507068207574,0.10258403689565289,0.6986652562835897
25558,LOF,0.23474743340590415,0.11048800941572613,0.6547645571783698
25559,LOF,0.34748720196342525,0.11956772623906374,0.532945071797511
25560,LOF,0.048069837761874776,0.1175715679679563,0.834358594270169
25561,LOF,0.09786831978814382,0.11551029439138996,0.7866213858204661
25562,LOF,0.07235040532755228,0.0735780315396244,0.8540715631328232
25563,LOF,0.10272674295438206,0.06068059177168913,0.8365926652739288
25564,LOF,0.2532547697749409,0.10716801021265789,0.6395772200124012
25565,LOF,0.14113810802104182,0.14141556170705696,0.7174463302719012
25566,GOF,0.013429429618388977,0.7995445914297077,0.18702597895190318
25567,LOF,0.019370365736355245,0.17999833676173646,0.8006312975019083
25568,LOF,0.055036360998423,0.06346644428530283,0.8814971947162742
25569,LOF,0.061621554241502605,0.06390826846369159,0.8744701772948057
25570,LOF,0.056263108183464486,0.09452774222422053,0.849209149592315
25571,LOF,0.05053003404396375,0.08941948133889858,0.8600504846171376
25572,LOF,0.07653610846549269,0.10992501094006113,0.8135388805944461
25573,LOF,0.04131500640083206,0.08951564379714219,0.8691693498020258
25574,LOF,0.022406559385379672,0.1441452650607276,0.8334481755538926
25575,LOF,0.046100454305528206,0.10847869013228219,0.8454208555621896
25576,LOF,0.021014185387662435,0.12291808545366247,0.856067729158675
25577,LOF,0.018633829550265758,0.10911662611119365,0.8722495443385406
25578,LOF,0.29933359490283906,0.07907666362902079,0.6215897414681401
25579,LOF,0.13212690148656406,0.09510088722552229,0.7727722112879137
25580,LOF,0.030636821388001657,0.07376444856899772,0.8955987300430005
25581,LOF,0.05262755811665089,0.06443378215273424,0.8829386597306148
25582,LOF,0.05248960177487944,0.06330803713577347,0.8842023610893471
25583,LOF,0.038221477107975424,0.08337240461453989,0.8784061182774847
25584,Neutral,0.4881449499148948,0.0957070609918695,0.4161479890932357
25585,LOF,0.021649008870602032,0.11742839566669236,0.8609225954627056
25586,LOF,0.030972192588612057,0.06682613618724213,0.9022016712241459
25587,LOF,0.030567530620507644,0.06148372654248942,0.907948742837003
25588,LOF,0.030400463530475482,0.07444827475560944,0.895151261713915
25589,Neutral,0.625773748185205,0.1155901792146865,0.2586360726001086
25590,LOF,0.038166403964008506,0.11796220036379373,0.8438713956721977
25591,LOF,0.09707289615433874,0.05763301870875298,0.8452940851369082
25592,LOF,0.09885567457665143,0.1228653011863269,0.7782790242370217
25593,LOF,0.03305082219456595,0.2605920506674617,0.7063571271379724
25594,LOF,0.04608579363384012,0.16486124020343204,0.7890529661627279
25595,LOF,0.05888111834290148,0.10579202894451725,0.8353268527125812
25596,LOF,0.053817549324814314,0.08229201262763769,0.8638904380475481
25597,LOF,0.038809213279685256,0.0830364407804592,0.8781543459398556
25598,LOF,0.05176629974606439,0.11313821051190287,0.8350954897420328
25599,GOF,0.006425770236366688,0.6207976562765067,0.3727765734871265
25600,GOF,0.011142505432915837,0.5785763300713171,0.4102811644957669
25601,LOF,0.008786697989778422,0.4468718041249084,0.5443414978853132
25602,LOF,0.020749742191785367,0.04549109859635698,0.9337591592118577
25603,LOF,0.05534604936988554,0.02124968481314904,0.9234042658169654
25604,LOF,0.0297120176213843,0.04878809711943003,0.9214998852591857
25605,LOF,0.009022088999093156,0.2203975574423203,0.7705803535585865
25606,LOF,0.0860286443240414,0.36294933553941877,0.5510220201365399
25607,LOF,0.0066330395215685855,0.18498570328822728,0.808381257190204
25608,LOF,0.015716998789506855,0.09998282467714775,0.8843001765333454
25609,LOF,0.05396242912712224,0.4195612012880316,0.5264763695848461
25610,LOF,0.030996302861965176,0.02771740275302983,0.941286294385005
25611,LOF,0.03718660552327371,0.027371754405272456,0.9354416400714538
25612,LOF,0.09441366140170211,0.04099825173801689,0.8645880868602811
25613,LOF,0.08260837527579262,0.043060608967726365,0.874331015756481
25614,LOF,0.02709025314094009,0.03785158354953885,0.9350581633095211
25615,LOF,0.03427749101302824,0.04789283217969589,0.9178296768072758
25616,LOF,0.02469627802205219,0.03515967744241658,0.9401440445355311
25617,LOF,0.025650056214294246,0.038364462617458885,0.9359854811682469
25618,LOF,0.1252230682439914,0.035475174261262316,0.8393017574947463
25619,LOF,0.02730000077777474,0.033703589757106765,0.9389964094651184
25620,LOF,0.03170366446615383,0.044314305674669846,0.9239820298591763
25621,LOF,0.028650776908209236,0.03320050259774183,0.9381487204940488
25622,LOF,0.03521913558888519,0.03909923940878811,0.9256816250023266
25623,LOF,0.05065774290999801,0.028547396154997313,0.9207948609350046
25624,LOF,0.02564652015889493,0.04315198762479928,0.9312014922163059
25625,LOF,0.03715343947143983,0.04247329101602682,0.9203732695125334
25626,LOF,0.07931976658635138,0.03776618878218044,0.8829140446314683
25627,Neutral,0.5324743457117297,0.10838196362283893,0.35914369066543134
25628,LOF,0.21102520948299322,0.05157306442667805,0.7374017260903287
25629,LOF,0.05501447486147316,0.06410015112811869,0.8808853740104081
25630,LOF,0.18352714326393496,0.07838017737025253,0.7380926793658126
25631,Neutral,0.6099595821982734,0.06111349338919011,0.3289269244125365
25632,LOF,0.012991643011764056,0.10295802539102139,0.8840503315972146
25633,LOF,0.0894378548132383,0.08996840058176032,0.8205937446050015
25634,LOF,0.03053662218395585,0.12087785973759345,0.8485855180784506
25635,LOF,0.03369330519488245,0.08961732352224272,0.8766893712828748
25636,GOF,0.003863900684237538,0.6079220977659372,0.38821400154982527
25637,GOF,0.0035714289915841765,0.6701985586205844,0.32623001238783145
25638,LOF,0.006487140204463809,0.4083757985274517,0.5851370612680844
25639,GOF,0.0036987195514976414,0.5200098959969187,0.47629138445158353
25640,GOF,0.46140579426159517,0.47371630295371836,0.06487790278468636
25641,LOF,0.007924912300450188,0.3691937456930618,0.622881342006488
25642,LOF,0.23642221514234754,0.07646436753025657,0.687113417327396
25643,LOF,0.2873251209622538,0.19401718234771775,0.5186576966900284
25644,GOF,0.014547863708339727,0.5687896065955308,0.4166625296961295
25645,GOF,0.012217075126133525,0.5258104969523576,0.4619724279215088
25646,LOF,0.01570245139826578,0.35468922662402574,0.6296083219777086
25647,LOF,0.01329679873800843,0.29459564623091744,0.6921075550310741
25648,LOF,0.012616298938558791,0.30816356546053597,0.6792201356009052
25649,LOF,0.010678092494084721,0.2228334816313653,0.7664884258745501
25650,LOF,0.023427453314369122,0.47973561963127503,0.4968369270543558
25651,LOF,0.008292609676480794,0.3088990274720103,0.6828083628515089
25652,LOF,0.012401543793098048,0.2842330627776507,0.7033653934292513
25653,LOF,0.048049826168859215,0.3723093453774465,0.5796408284536942
25654,LOF,0.013967612430740446,0.17422253098708387,0.8118098565821757
25655,LOF,0.08162970926106125,0.4219925101991193,0.49637778053981946
25656,LOF,0.1007444774447151,0.07350587624443002,0.8257496463108548
25657,LOF,0.3330644151897622,0.02925092463768775,0.6376846601725501
25658,LOF,0.04405063885997973,0.09827799706411608,0.8576713640759042
25659,LOF,0.3886205372250146,0.06494728308732627,0.5464321796876591
25660,LOF,0.0607628681726138,0.10672787183158773,0.8325092599957985
25661,LOF,0.04499239457903612,0.07718357386665403,0.8778240315543098
25662,LOF,0.02836300175496782,0.05113928453264696,0.9204977137123852
25663,LOF,0.03681887722443131,0.07426384855711601,0.8889172742184527
25664,LOF,0.040085474354996174,0.08787463250282182,0.872039893142182
25665,LOF,0.058903539819600496,0.04934778915689962,0.8917486710234999
25666,LOF,0.039219404762095234,0.1349223518035494,0.8258582434343554
25667,LOF,0.030971499180210256,0.055120072305531204,0.9139084285142585
25668,LOF,0.031180180497156894,0.0613931129795685,0.9074267065232746
25669,LOF,0.03631821144092923,0.08772200325767988,0.875959785301391
25670,LOF,0.07569182309381803,0.09582428579184384,0.8284838911143382
25671,LOF,0.03883024187042844,0.04861820934837375,0.9125515487811978
25672,LOF,0.05984845977003051,0.06949400233065461,0.870657537899315
25673,LOF,0.044456482568372375,0.07665636169278209,0.8788871557388455
25674,LOF,0.04052101423673871,0.07953275658017649,0.8799462291830847
25675,LOF,0.05131351851600228,0.06447916486799264,0.8842073166160052
25676,LOF,0.03268882864436754,0.0608210247519488,0.9064901466036837
25677,LOF,0.060803857090304204,0.07398608133991247,0.8652100615697833
25678,LOF,0.2697287507165977,0.04497997657040503,0.6852912727129973
25679,LOF,0.1830614635249065,0.06990605960849049,0.7470324768666029
25680,LOF,0.056477161624442926,0.10679444392382777,0.8367283944517293
25681,LOF,0.1069187063174967,0.09856756664869136,0.7945137270338118
25682,LOF,0.042859928657111426,0.08670351993998521,0.8704365514029033
25683,LOF,0.10396059476863792,0.09435425664078502,0.801685148590577
25684,LOF,0.05791434581152466,0.08649609574852002,0.8555895584399553
25685,LOF,0.11930939492279542,0.03591705928926338,0.8447735457879412
25686,LOF,0.03382442730190358,0.09851055455979436,0.867665018138302
25687,LOF,0.041018796273764736,0.08124823278866859,0.8777329709375667
25688,LOF,0.02840279571789678,0.07989903481515236,0.8916981694669509
25689,LOF,0.01947958253120866,0.07326650628883724,0.9072539111799542
25690,LOF,0.020210784850830176,0.08522341204093807,0.8945658031082316
25691,LOF,0.23276643386228846,0.11354143416358146,0.6536921319741301
25692,LOF,0.2759745496249086,0.009392576413042352,0.7146328739620491
25693,LOF,0.10551263436275297,0.14662769099619058,0.7478596746410564
25694,LOF,0.23689048570950405,0.016052576443503823,0.7470569378469922
25695,LOF,0.1574762127055322,0.02466138426818833,0.8178624030262795
25696,LOF,0.17599902897287636,0.00936485011531026,0.8146361209118134
25697,LOF,0.14100790946942313,0.026595856900257307,0.8323962336303194
25698,LOF,0.03539183782645653,0.3872560890674261,0.5773520731061175
25699,LOF,0.06255060561877486,0.0864573048855277,0.8509920894956975
25700,LOF,0.03224976983756179,0.009878367486646417,0.9578718626757919
25701,LOF,0.014861927170917487,0.07395070305187917,0.9111873697772034
25702,GOF,0.03862907638690438,0.7506253623700732,0.21074556124302254
25703,LOF,0.014141029849826008,0.2070041782359483,0.7788547919142257
25704,LOF,0.1018288258415033,0.1416106871746913,0.7565604869838053
25705,LOF,0.06183962985274883,0.2272262760554722,0.710934094091779
25706,GOF,0.04867859738317476,0.6032985983764183,0.34802280424040694
25707,GOF,0.027420489951161114,0.5105075700874446,0.4620719399613942
25708,LOF,0.008372439107627751,0.43922481035723043,0.5524027505351419
25709,LOF,0.0183893582308171,0.06846480695401132,0.9131458348151715
25710,LOF,0.009885845389366451,0.18461080068489238,0.8055033539257412
25711,LOF,0.01994193711026743,0.13096008732527797,0.8490979755644545
25712,LOF,0.00951803142835976,0.2503202360598345,0.7401617325118057
25713,LOF,0.018030772466548106,0.11377498654386371,0.8681942409895883
25714,LOF,0.02070401201030996,0.14270385066863553,0.8365921373210544
25715,LOF,0.01864277973291538,0.12569980877410888,0.8556574114929758
25716,LOF,0.009626916078612895,0.14626432071333167,0.8441087632080554
25717,LOF,0.0060868812809416655,0.13938566683938766,0.8545274518796706
25718,LOF,0.017958724109617543,0.07677259022219284,0.9052686856681896
25719,LOF,0.030651185518283212,0.09181604865993774,0.8775327658217791
25720,LOF,0.020862262794808573,0.09374718136268828,0.885390555842503
25721,LOF,0.02238257090815418,0.10463035757093377,0.8729870715209119
25722,LOF,0.01804202851436524,0.1306396000818109,0.8513183714038238
25723,LOF,0.020597688024106775,0.07752733990236264,0.9018749720735306
25724,LOF,0.03683103702508529,0.11068351462331462,0.8524854483516
25725,LOF,0.021380608422696637,0.07181487563433937,0.9068045159429641
25726,LOF,0.015621624420139061,0.10763970403468526,0.8767386715451757
25727,LOF,0.019684901010485426,0.09085732537513072,0.8894577736143839
25728,LOF,0.01775807183677051,0.10977139433821233,0.8724705338250172
25729,LOF,0.018331458639750504,0.10922389554390464,0.8724446458163448
25730,LOF,0.019672994077866886,0.0868875487632138,0.8934394571589193
25731,LOF,0.011284610929473218,0.18057459822579416,0.8081407908447327
25732,LOF,0.018594079091867822,0.09148778465295615,0.889918136255176
25733,LOF,0.02847959847715034,0.07932058282306216,0.8921998186997875
25734,LOF,0.007479264951072335,0.21463233506261736,0.7778883999863102
25735,LOF,0.02306821852688482,0.07534952966996661,0.9015822518031484
25736,LOF,0.0215297587046824,0.11512402355708312,0.8633462177382344
25737,LOF,0.041173833711420985,0.10282425455131682,0.8560019117372623
25738,LOF,0.020015955553189607,0.15398306139219292,0.8260009830546174
25739,LOF,0.02243393993126833,0.1410786819113789,0.8364873781573529
25740,LOF,0.05216764665804868,0.1367997141911101,0.8110326391508412
25741,LOF,0.026423095305481828,0.11578293215891097,0.8577939725356072
25742,LOF,0.03590641294026157,0.1316440834992664,0.8324495035604721
25743,LOF,0.01275678865589155,0.03758955556971377,0.9496536557743946
25744,LOF,0.11448762734181844,0.38383382990050896,0.5016785427576727
25745,LOF,0.01969984656176991,0.06610267233164073,0.9141974811065893
25746,LOF,0.010698513947844806,0.08380582708225141,0.9054956589699038
25747,LOF,0.03599819982613413,0.03516513271828917,0.9288366674555767
25748,LOF,0.19233829628346372,0.06027334826628592,0.7473883554502504
25749,LOF,0.012684955301953547,0.05192756717958721,0.9353874775184592
25750,LOF,0.013759042357631757,0.08580480832140973,0.9004361493209585
25751,LOF,0.03988999241453288,0.07057591979992685,0.8895340877855402
25752,GOF,0.08972397911907312,0.6749124817641983,0.23536353911672872
25753,LOF,0.006702516814884589,0.38985774338535906,0.6034397397997563
25754,GOF,0.00519514671118941,0.8571637816208069,0.1376410716680036
25755,LOF,0.01015576026240641,0.4462149401299651,0.5436292996076285
25756,LOF,0.04640251729717084,0.4661736749868803,0.487423807715949
25757,GOF,0.006760927367715435,0.8792504186201984,0.11398865401208616
25758,GOF,0.007573042572637722,0.8604000213599222,0.1320269360674401
25759,GOF,0.004727722425108491,0.5892395934989826,0.406032684075909
25760,LOF,0.007038204940489039,0.30478311305304795,0.6881786820064629
25761,GOF,0.04287869187666452,0.8506600016077994,0.1064613065155361
25762,LOF,0.027542392612006947,0.3848935847564562,0.5875640226315368
25763,LOF,0.009343748597370615,0.2672141258798649,0.7234421255227645
25764,GOF,0.09957587777576005,0.6059247934045631,0.29449932881967694
25765,GOF,0.007600995876445624,0.8359829506880218,0.15641605343553264
25766,GOF,0.026320084895729654,0.8265493015581208,0.1471306135461495
25767,GOF,0.014781254028134412,0.562060965108483,0.42315778086338246
25768,LOF,0.03549380536220963,0.0889665903691135,0.8755396042686768
25769,LOF,0.02326917502281155,0.07457596421547176,0.9021548607617166
25770,LOF,0.1544784838769223,0.07050290534104063,0.775018610782037
25771,LOF,0.014972046947265328,0.08004204392680454,0.9049859091259301
25772,LOF,0.02417507712938808,0.030296688430846277,0.9455282344397657
25773,LOF,0.016109857071832306,0.06988985975131229,0.9140002831768554
25774,LOF,0.02668541742553403,0.09518187768587157,0.8781327048885944
25775,LOF,0.0215313528251863,0.03985701560759548,0.9386116315672182
25776,LOF,0.026835131097838975,0.0272092115515117,0.9459556573506493
25777,LOF,0.19089764117620092,0.07417951492377092,0.7349228439000282
25778,LOF,0.020326408542229234,0.05565836978414411,0.9240152216736267
25779,GOF,0.036951606253638226,0.9032160024246836,0.05983239132167823
25780,GOF,0.0620557854673622,0.8883406550764981,0.04960355945613972
25781,GOF,0.027104293396927,0.8827234737266113,0.0901722328764617
25782,GOF,0.032972898588230215,0.9119358982814454,0.05509120313032456
25783,GOF,0.01978693934095698,0.7780250160590647,0.2021880445999782
25784,GOF,0.10626323415026546,0.8596310288169436,0.03410573703279092
25785,GOF,0.06611425634931499,0.8980073307767681,0.03587841287391712
25786,GOF,0.005631296271176672,0.8585024197228255,0.13586628400599804
25787,GOF,0.16183303954390074,0.8070679348457047,0.031099025610394487
25788,LOF,0.015954690148278463,0.20511763848837483,0.7789276713633467
25789,GOF,0.01927418839208771,0.869345301876545,0.11138050973136723
25790,GOF,0.022433578175935057,0.8866237396469079,0.09094268217715698
25791,GOF,0.015281644089200026,0.8356140110652662,0.14910434484553378
25792,GOF,0.02506971357930075,0.8498736658486993,0.12505662057200004
25793,GOF,0.07201553141229529,0.852867199428561,0.07511726915914364
25794,GOF,0.057123182278053714,0.7940434493054994,0.1488333684164468
25795,GOF,0.038302083001902944,0.776904879365492,0.1847930376326049
25796,GOF,0.07033612077219738,0.827931552084816,0.10173232714298673
25797,GOF,0.03476395996784693,0.7078186838984769,0.25741735613367606
25798,GOF,0.00308600501948691,0.6764710838765418,0.3204429111039713
25799,GOF,0.0028873137953001143,0.5460475070716739,0.451065179133026
25800,GOF,0.011341387978202222,0.744817984683828,0.24384062733796974
25801,GOF,0.014936382277043683,0.8728383385402056,0.1122252791827506
25802,GOF,0.022408746136090688,0.8242092344171585,0.15338201944675073
25803,GOF,0.011612415904465085,0.7223964170462155,0.26599116704931947
25804,GOF,0.013261854888615126,0.6390925377364506,0.3476456073749344
25805,GOF,0.02393731444910023,0.7307890141358714,0.24527367141502826
25806,GOF,0.019294462062140062,0.7817592029800517,0.19894633495780825
25807,GOF,0.00530064797188209,0.7453357725268113,0.2493635795013067
25808,GOF,0.014489350290239435,0.7667541410591499,0.21875650865061075
25809,GOF,0.006240943934200582,0.7466775676396358,0.2470814884261637
25810,GOF,0.005346335800248832,0.7476486781016903,0.24700498609806076
25811,GOF,0.044550211178499624,0.8806319008900771,0.0748178879314233
25812,GOF,0.015163717906270965,0.7240760119953683,0.2607602700983608
25813,GOF,0.09202143507163997,0.8261248160764428,0.08185374885191718
25814,GOF,0.025123651801842978,0.8124852770227367,0.16239107117542037
25815,GOF,0.03690139979579377,0.846114862104139,0.11698373810006728
25816,GOF,0.007764452658244327,0.8690242008996828,0.12321134644207304
25817,GOF,0.08070935160179671,0.794832003814153,0.12445864458405032
25818,GOF,0.024043376182298664,0.7953876914609932,0.18056893235670818
25819,GOF,0.055982711404497336,0.777014046048535,0.1670032425469678
25820,GOF,0.030139294287228995,0.7690545402032875,0.20080616550948344
25821,GOF,0.017969540886085503,0.7570650519515023,0.2249654071624123
25822,GOF,0.0355623496578259,0.7814449234771595,0.18299272686501447
25823,GOF,0.015568340479738586,0.6595206249125579,0.32491103460770354
25824,GOF,0.025080537608428148,0.7562517830181021,0.21866767937346968
25825,GOF,0.015864289139224278,0.7417331856705396,0.2424025251902361
25826,GOF,0.005560606909839261,0.7205956135466404,0.27384377954352035
25827,GOF,0.008237302833714457,0.7150497745180089,0.2767129226482765
25828,GOF,0.0054469116928436215,0.6750438225239662,0.3195092657831902
25829,GOF,0.002870528971541011,0.7147836077639531,0.28234586326450595
25830,GOF,0.03882286376385197,0.5618589647734429,0.3993181714627052
25831,GOF,0.04894513180698179,0.8416889474580779,0.10936592073494042
25832,GOF,0.008678265084500978,0.8196417762296541,0.17167995868584485
25833,GOF,0.032519773094156906,0.8639786327235583,0.10350159418228477
25834,GOF,0.008463717219913442,0.8303734517704366,0.16116283100964982
25835,GOF,0.018303434607939924,0.8759132505428575,0.10578331484920252
25836,GOF,0.006436597891066003,0.8372968424428897,0.15626655966604439
25837,GOF,0.007198736276919354,0.749387060272372,0.24341420345070866
25838,GOF,0.021007846122276796,0.8871007433689649,0.09189141050875814
25839,GOF,0.04405307833223687,0.8676158016747877,0.0883311199929753
25840,GOF,0.06241348895208722,0.8568827342767431,0.08070377677116972
25841,GOF,0.05842729486159327,0.8630049896977809,0.07856771544062581
25842,GOF,0.026404947782402554,0.9037901607081664,0.06980489150943096
25843,GOF,0.02690825359180482,0.9101896702829669,0.06290207612522804
25844,GOF,0.017878765612428474,0.8647855732957042,0.11733566109186735
25845,GOF,0.005604633080237649,0.6719186050499659,0.3224767618697964
25846,GOF,0.04274571470173316,0.8706100212133667,0.08664426408490011
25847,GOF,0.020027966461946378,0.9220916821195705,0.05788035141848303
25848,GOF,0.016265223029619545,0.8676242743455878,0.1161105026247926
25849,GOF,0.004908188841970744,0.7685572479322387,0.2265345632257907
25850,GOF,0.006325197120088229,0.7743474968152164,0.21932730606469536
25851,GOF,0.005412765969384965,0.6604397501967689,0.334147483833846
25852,GOF,0.13064343276135232,0.6287947321705101,0.24056183506813747
25853,GOF,0.06486199353067555,0.8589997580987526,0.07613824837057186
25854,GOF,0.005627109010190529,0.727510541031105,0.2668623499587045
25855,GOF,0.01548217561816712,0.6779170177727553,0.3066008066090775
25856,GOF,0.03939588655534773,0.8131855719023263,0.14741854154232603
25857,GOF,0.013240900427956077,0.6629607498660087,0.3237983497060352
25858,GOF,0.0077385379569437605,0.6654763100223248,0.3267851520207315
25859,GOF,0.005373773624501535,0.6409102182964318,0.3537160080790667
25860,GOF,0.08002988189487428,0.8294726178576296,0.09049750024749617
25861,GOF,0.07833125685079395,0.8324703986021514,0.08919834454705468
25862,GOF,0.02200188730217531,0.8755617052464658,0.10243640745135886
25863,GOF,0.02169572119689196,0.8845465104890395,0.0937577683140684
25864,GOF,0.05161428458309674,0.8764681491446585,0.07191756627224466
25865,GOF,0.03422523634461742,0.8482248877711721,0.11754987588421034
25866,GOF,0.026108092451786264,0.880253479492148,0.09363842805606584
25867,GOF,0.0348630331720386,0.8903782291863175,0.07475873764164404
25868,GOF,0.05088361711882383,0.8666689418391188,0.08244744104205726
25869,GOF,0.3498460372707293,0.5951681824332969,0.05498578029597379
25870,GOF,0.07249967523458374,0.7085892641639272,0.218911060601489
25871,GOF,0.010332923925289176,0.8974213146180291,0.09224576145668167
25872,GOF,0.020725361395498618,0.8805462429520213,0.09872839565248
25873,GOF,0.0204185320127184,0.898477208276738,0.08110425971054344
25874,LOF,0.017954881432125373,0.22850460131605022,0.7535405172518244
25875,LOF,0.04529012835753672,0.04742586296422833,0.9072840086782349
25876,LOF,0.015685596833400386,0.04116937865236748,0.943145024514232
25877,LOF,0.11846973948582677,0.08688260261093299,0.7946476579032403
25878,LOF,0.06362068712130367,0.11214596713658112,0.8242333457421153
25879,LOF,0.026848960034705386,0.08133741643325276,0.891813623532042
25880,LOF,0.05768263277821974,0.013697163269525801,0.9286202039522544
25881,Neutral,0.5554586649520059,0.06798590399570194,0.37655543105229206
25882,LOF,0.0485415788911527,0.03322289036433513,0.9182355307445121
25883,LOF,0.02741978798962257,0.025708455711153284,0.946871756299224
25884,LOF,0.028751842265785112,0.047962059004508645,0.9232860987297064
25885,LOF,0.21078717595893484,0.012339810018955278,0.77687301402211
25886,LOF,0.1508352022139189,0.0615795229088918,0.7875852748771892
25887,LOF,0.19214054778895545,0.06108544250438267,0.746774009706662
25888,LOF,0.012157712109357104,0.13673664855200385,0.8511056393386391
25889,LOF,0.031363173909246554,0.035529608871451644,0.9331072172193018
25890,LOF,0.12573513301110903,0.11175147338969754,0.7625133935991933
25891,LOF,0.08724607891550223,0.0232778625304454,0.8894760585540523
25892,LOF,0.009160037738353373,0.028252937519390998,0.9625870247422558
25893,LOF,0.4053547051060035,0.007871445064629024,0.5867738498293674
25894,LOF,0.4448750533523731,0.004683652252697027,0.5504412943949298
25895,LOF,0.3353847284269547,0.01102792443398181,0.6535873471390634
25896,LOF,0.06742288024074358,0.015723579557632674,0.9168535402016237
25897,LOF,0.19127302447402328,0.008938063828332139,0.7997889116976445
25898,LOF,0.16654130109940896,0.02404000930701016,0.809418689593581
25899,LOF,0.34778625230731725,0.019334244968150532,0.6328795027245322
25900,LOF,0.4357083699707912,0.007691388167269458,0.5566002418619393
25901,LOF,0.0670215288169625,0.007037271872805203,0.9259411993102323
25902,LOF,0.18033786198150878,0.00893250096609248,0.8107296370523988
25903,LOF,0.39205988165757105,0.022199548978269996,0.585740569364159
25904,LOF,0.4862444143673877,0.02278029333551843,0.49097529229709386
25905,LOF,0.004479192730088565,0.4443985390706732,0.5511222681992382
25906,LOF,0.00994890404114267,0.10300441591749587,0.8870466800413616
25907,LOF,0.00440771856065383,0.34013856627247896,0.6554537151668672
25908,LOF,0.00432914685409728,0.24853131442816614,0.7471395387177365
25909,LOF,0.024907791928468512,0.1556559390283263,0.8194362690432053
25910,LOF,0.010537110646829623,0.13437064386417788,0.8550922454889925
25911,LOF,0.3299986853485223,0.03875414112146276,0.6312471735300149
25912,LOF,0.0625183941526748,0.05828951474943355,0.8791920910978916
25913,LOF,0.04666589277136333,0.06735035394895432,0.8859837532796823
25914,LOF,0.037354507252747395,0.047976915741215105,0.9146685770060375
25915,LOF,0.17883355358345834,0.19102201581011882,0.6301444306064228
25916,LOF,0.030619099759048283,0.13424040495176015,0.8351404952891915
25917,LOF,0.07372108186271081,0.04530090768939523,0.8809780104478939
25918,LOF,0.043078663986924365,0.03189030974053087,0.9250310262725447
25919,LOF,0.036492631196362715,0.029876801933958735,0.9336305668696785
25920,LOF,0.1550005342369874,0.24870760088778807,0.5962918648752245
25921,LOF,0.016891674572572596,0.0396126404610487,0.9434956849663786
25922,LOF,0.01754548727359459,0.035790973702345165,0.9466635390240602
25923,LOF,0.47226132558417855,0.033164731135911826,0.4945739432799096
25924,LOF,0.02506212962046727,0.055916733525358434,0.9190211368541743
25925,LOF,0.08768961148164922,0.04875555844878966,0.8635548300695611
25926,LOF,0.06201337393766786,0.04510594134858938,0.8928806847137428
25927,LOF,0.024734741558473116,0.0718214626904095,0.9034437957511174
25928,LOF,0.010518049074522886,0.06063966641693174,0.9288422845085452
25929,Neutral,0.5510014288844558,0.032343414014092596,0.41665515710145173
25930,LOF,0.0822842258853278,0.03165699129877619,0.8860587828158959
25931,LOF,0.014507589996924097,0.039111712297443965,0.9463806977056319
25932,LOF,0.0696151928432281,0.031090442724680287,0.8992943644320917
25933,LOF,0.06396359663314033,0.02269656797281046,0.9133398353940492
25934,LOF,0.06224629946733844,0.01997389967305512,0.9177798008596065
25935,LOF,0.07466830582177562,0.05865051176549596,0.8666811824127284
25936,LOF,0.1066300207314121,0.021205130105256865,0.8721648491633309
25937,LOF,0.014127376062016143,0.03879740909173568,0.9470752148462482
25938,LOF,0.0734231189643665,0.05584260746783426,0.8707342735677992
25939,LOF,0.0471705430863336,0.026275015918502835,0.9265544409951636
25940,LOF,0.009251907780579051,0.3721985571185856,0.6185495351008353
25941,Neutral,0.4936824554699216,0.03837726897438597,0.4679402755556924
25942,LOF,0.009700403951141388,0.05353173006928995,0.9367678659795686
25943,LOF,0.04576193763671431,0.18889494866569662,0.765343113697589
25944,LOF,0.06462391796587741,0.0873637387561274,0.8480123432779952
25945,LOF,0.12454865873532993,0.022573090334637464,0.8528782509300326
25946,LOF,0.07278727048188133,0.0411978603400263,0.8860148691780924
25947,Neutral,0.4552521329540204,0.11602319055092135,0.4287246764950583
25948,LOF,0.4281312757730496,0.014505906956432219,0.5573628172705182
25949,LOF,0.1589501072359225,0.07066693650717759,0.7703829562568999
25950,GOF,0.073045655399956,0.6380279340125399,0.2889264105875041
25951,LOF,0.012540090337904621,0.4439420811076854,0.54351782855441
25952,LOF,0.2854684087713829,0.2984286866428524,0.41610290458576465
25953,LOF,0.007284397367483612,0.18823473885197256,0.804480863780544
25954,GOF,0.09157295090402673,0.5232294299220072,0.38519761917396605
25955,LOF,0.006447279269911373,0.17478703436349632,0.8187656863665924
25956,LOF,0.017922221060273143,0.25532446342638915,0.7267533155133375
25957,LOF,0.21764390964414215,0.03314857638799561,0.7492075139678623
25958,LOF,0.03397755959942489,0.03940656714611051,0.9266158732544645
25959,GOF,0.014783907296897552,0.5905019691621557,0.3947141235409467
25960,LOF,0.007142647114578693,0.062265744313695554,0.9305916085717258
25961,LOF,0.032878199878892136,0.036268838271969604,0.9308529618491381
25962,LOF,0.042240713206231524,0.06369955637455073,0.8940597304192177
25963,LOF,0.0052363583647210355,0.18769409007037122,0.8070695515649077
25964,LOF,0.028515280718524112,0.12251128374396215,0.8489734355375138
25965,LOF,0.2858478572352662,0.12258131070319019,0.5915708320615436
25966,Neutral,0.4797313921809823,0.1424542589421699,0.3778143488768477
25967,LOF,0.009692784406158454,0.08561706768454508,0.9046901479092964
25968,LOF,0.04503743886086029,0.25994155895523624,0.6950210021839035
25969,LOF,0.13245334656394453,0.05698510813120252,0.8105615453048529
25970,LOF,0.019411955990852183,0.09843760161030093,0.8821504423988468
25971,LOF,0.08541324263171853,0.0294128712234358,0.8851738861448458
25972,LOF,0.07155744844570677,0.047795575564998714,0.8806469759892945
25973,LOF,0.0712681393710883,0.008254705002801501,0.9204771556261102
25974,LOF,0.05032757593946815,0.033392765293569875,0.916279658766962
25975,LOF,0.045067398529441645,0.016142866155230987,0.9387897353153273
25976,LOF,0.09606805746246966,0.00938993977746395,0.8945420027600663
25977,LOF,0.1911770756176705,0.0689082978237614,0.7399146265585682
25978,LOF,0.18105601451030937,0.1260189043163651,0.6929250811733255
25979,LOF,0.1422095437194212,0.13848714314553015,0.7193033131350486
25980,LOF,0.2630643835365183,0.18520158749702365,0.5517340289664581
25981,LOF,0.264704842936568,0.1866907197815088,0.5486044372819233
25982,Neutral,0.48533899960189014,0.09122612043582712,0.4234348799622828
25983,Neutral,0.49132821149095135,0.11336891221629455,0.3953028762927542
25984,LOF,0.03793560412166646,0.09771974745499694,0.8643446484233365
25985,LOF,0.4184367239757987,0.15711716879185264,0.42444610723234866
25986,LOF,0.013318585722014772,0.43122073785472764,0.5554606764232577
25987,LOF,0.06260893087544235,0.0984056670338806,0.8389854020906772
25988,LOF,0.040583305609731724,0.15820072589898343,0.8012159684912848
25989,LOF,0.038243202769315754,0.19575601423931568,0.7660007829913685
25990,LOF,0.04051642037971182,0.290706909483733,0.6687766701365552
25991,LOF,0.02635031451512542,0.42028323342660334,0.5533664520582713
25992,LOF,0.02538556930398075,0.41670522285340494,0.5579092078426143
25993,LOF,0.030210502446024787,0.08431420407309521,0.8854752934808799
25994,LOF,0.023753247374801095,0.08588256078789454,0.8903641918373044
25995,LOF,0.02162940395653409,0.15171952213859485,0.8266510739048711
25996,Neutral,0.33724761375160184,0.3355310279509803,0.32722135829741794
25997,LOF,0.06196814266904589,0.4221015145838197,0.5159303427471343
25998,LOF,0.2346581106137149,0.04532168206075177,0.7200202073255334
25999,LOF,0.023501473787836534,0.19233717421232008,0.7841613519998434
26000,LOF,0.1923555677140292,0.03021331581155957,0.7774311164744111
26001,LOF,0.24185435290864937,0.04057577773874572,0.7175698693526048
26002,LOF,0.13622410130778573,0.048106035867697926,0.8156698628245164
26003,GOF,0.005678699126003031,0.6755451356613491,0.3187761652126479
26004,GOF,0.00897998612258896,0.7125952593671341,0.27842475451027704
26005,GOF,0.004028319391926922,0.5039537326623273,0.4920179479457457
26006,GOF,0.12166058547912918,0.5650056408819774,0.3133337736388935
26007,GOF,0.0074813901311583785,0.5332864809518713,0.4592321289169703
26008,GOF,0.005979901100733081,0.649315304035722,0.34470479486354505
26009,GOF,0.007774903199433075,0.6786769400467226,0.31354815675384423
26010,GOF,0.008978164801656875,0.6460678407797815,0.3449539944185617
26011,LOF,0.0034155132592909947,0.4511379847054888,0.5454465020352202
26012,GOF,0.0051741446538009364,0.5335625291609761,0.4612633261852228
26013,GOF,0.006910934946254551,0.61953448774232,0.3735545773114254
26014,LOF,0.06120867926857541,0.12128673412361105,0.8175045866078136
26015,LOF,0.3557874415086348,0.024301264596592796,0.6199112938947724
26016,LOF,0.32300727918560623,0.04269307428827512,0.6342996465261187
26017,LOF,0.02548493008513873,0.21184870603309194,0.7626663638817694
26018,LOF,0.02653838805381054,0.05580590728850878,0.9176557046576808
26019,LOF,0.026440852891850365,0.048580459177151654,0.924978687930998
26020,LOF,0.01004383543234014,0.20658025221531676,0.7833759123523432
26021,LOF,0.08004256837351678,0.0745946902248132,0.84536274140167
26022,LOF,0.04178827646854527,0.029157242709861007,0.9290544808215937
26023,LOF,0.031200352593705585,0.03694775090491956,0.9318518965013749
26024,LOF,0.04888677840750076,0.07522163853441693,0.8758915830580822
26025,LOF,0.07061275098292388,0.08382304566527263,0.8455642033518035
26026,LOF,0.1252465913898826,0.05756893073061333,0.8171844778795041
26027,LOF,0.025719148439695534,0.028842465451190923,0.9454383861091136
26028,LOF,0.12297220161808041,0.15116438295820595,0.7258634154237136
26029,LOF,0.01947259023983635,0.20637620702276968,0.774151202737394
26030,LOF,0.17345996059806698,0.022477877932219444,0.8040621614697135
26031,LOF,0.009092863856798219,0.17774263990237768,0.8131644962408241
26032,LOF,0.04278978128205156,0.0570863090108935,0.9001239097070549
26033,LOF,0.06661737492526217,0.05019163983640404,0.8831909852383337
26034,LOF,0.011766612300851837,0.16811561377507434,0.8201177739240738
26035,LOF,0.010841224908115872,0.11294599312853132,0.8762127819633528
26036,LOF,0.010491164818527585,0.1322705191225989,0.8572383160588735
26037,LOF,0.009458202066654186,0.10466443695577611,0.8858773609775697
26038,LOF,0.036878445294532915,0.04897914323189799,0.9141424114735691
26039,LOF,0.023866343709182374,0.13443594244869533,0.8416977138421223
26040,LOF,0.1022744978966255,0.1367325846736177,0.7609929174297567
26041,LOF,0.012367787610566222,0.09277413099040617,0.8948580813990277
26042,LOF,0.01101508103014504,0.10099207234811895,0.887992846621736
26043,LOF,0.03630924505615134,0.07132051543724356,0.8923702395066051
26044,LOF,0.014569046900470582,0.04593268599141543,0.939498267108114
26045,LOF,0.06803319607262327,0.12258012068850335,0.8093866832388734
26046,LOF,0.031211631103449607,0.05179366510069204,0.9169947037958583
26047,LOF,0.051031965214541924,0.05199330669757819,0.8969747280878799
26048,LOF,0.09341533187532473,0.023031336379160657,0.8835533317455145
26049,Neutral,0.9454718801266133,0.008320010298357581,0.04620810957502926
26050,Neutral,0.9233626696748513,0.009099644172953308,0.06753768615219558
26051,LOF,0.016756720453694515,0.10323572484641565,0.8800075546998898
26052,LOF,0.030812323291135247,0.12208881433575133,0.8470988623731134
26053,LOF,0.027679118253828187,0.16304382192637393,0.8092770598197978
26054,LOF,0.04539631660151134,0.028234116998353213,0.9263695664001353
26055,LOF,0.06485596857338528,0.025752029887129466,0.9093920015394852
26056,LOF,0.05207178839928327,0.03328704165087454,0.9146411699498422
26057,LOF,0.05671486003787318,0.01463178224289318,0.9286533577192335
26058,LOF,0.06028603778993932,0.012030048051824463,0.9276839141582361
26059,LOF,0.20089489035385769,0.03211334429378417,0.766991765352358
26060,LOF,0.017689353528939564,0.17000449056822436,0.812306155902836
26061,LOF,0.014749793793354827,0.009574303614174204,0.9756759025924711
26062,LOF,0.007307236779356473,0.016247994537047197,0.9764447686835963
26063,LOF,0.04029887274029105,0.010590915865402669,0.9491102113943064
26064,LOF,0.011853181610306634,0.024127396904339987,0.9640194214853534
26065,LOF,0.04772533355287878,0.011644976007720891,0.9406296904394003
26066,LOF,0.04551151549433084,0.010107585070161355,0.9443808994355078
26067,LOF,0.05402476428527554,0.009402334582876705,0.9365729011318479
26068,LOF,0.05406501674693254,0.0456468217313346,0.9002881615217329
26069,LOF,0.1524432147255897,0.02830685332923226,0.819249931945178
26070,LOF,0.32712721506288384,0.022344156241446325,0.6505286286956699
26071,LOF,0.04415297767508351,0.011025001568945807,0.9448220207559707
26072,LOF,0.011539071412418379,0.01877456582043976,0.9696863627671419
26073,LOF,0.04005306967697799,0.014260599304574845,0.945686331018447
26074,Neutral,0.9227231945227427,0.008316422925343413,0.06896038255191389
26075,LOF,0.05373190530092214,0.021933513558128472,0.9243345811409494
26076,LOF,0.058468104814926675,0.011604699919515493,0.9299271952655579
26077,LOF,0.16453533276058535,0.006412690004536513,0.8290519772348781
26078,LOF,0.009021262666633348,0.013746037873642428,0.9772326994597242
26079,LOF,0.06671686486693536,0.023260665124338793,0.9100224700087259
26080,LOF,0.06533331814304923,0.02340073022704638,0.9112659516299044
26081,LOF,0.03484051527389113,0.008457734292073915,0.956701750434035
26082,LOF,0.008472049714102741,0.012436775090714702,0.9790911751951825
26083,LOF,0.10288267561055296,0.020267345647264866,0.8768499787421822
26084,LOF,0.10953342740319957,0.014846335612018709,0.8756202369847816
26085,LOF,0.10554690878454422,0.012492771097721001,0.8819603201177347
26086,LOF,0.040650667366424934,0.01169408821084486,0.9476552444227303
26087,LOF,0.036121246213973036,0.009929612258705459,0.9539491415273216
26088,LOF,0.009337719996998164,0.01854774436415725,0.9721145356388446
26089,LOF,0.04419004855112169,0.03842632100906667,0.9173836304398116
26090,LOF,0.045208309069988975,0.02813296439297425,0.9266587265370367
26091,LOF,0.032024829343404455,0.007353892211471942,0.9606212784451237
26092,LOF,0.047996142644911345,0.00781785753751653,0.9441859998175721
26093,LOF,0.08821779592837993,0.005675309536791856,0.9061068945348282
26094,LOF,0.037139603320641944,0.006957113117932156,0.955903283561426
26095,LOF,0.04297562247453707,0.017083520677050323,0.9399408568484126
26096,LOF,0.23713523336433354,0.0046987856637691556,0.7581659809718974
26097,LOF,0.008744656815750214,0.02938901069894283,0.961866332485307
26098,LOF,0.08062601395324401,0.019486814751027294,0.8998871712957288
26099,LOF,0.046847944228352215,0.015526334062174263,0.9376257217094736
26100,LOF,0.04684695697572208,0.015526006867152333,0.9376270361571255
26101,LOF,0.057704104307358416,0.030191986861952867,0.9121039088306888
26102,LOF,0.03540129297417829,0.01638324057453548,0.9482154664512862
26103,Neutral,0.8772425122185006,0.027830085085113074,0.09492740269638619
26104,LOF,0.059357252663498464,0.042152091271857255,0.8984906560646444
26105,LOF,0.2530032036429355,0.15972657479988697,0.5872702215571775
26106,LOF,0.3327594865778736,0.10526882255964191,0.5619716908624846
26107,LOF,0.02058716507455926,0.08791785768317349,0.8914949772422673
26108,LOF,0.2850251037111068,0.03775107419294565,0.6772238220959476
26109,LOF,0.0886267189268413,0.03838929104217792,0.8729839900309807
26110,LOF,0.46508425358791394,0.007495614295351058,0.5274201321167349
26111,LOF,0.04826604551435893,0.14655811146694342,0.8051758430186976
26112,LOF,0.0581877090382308,0.008413591354924562,0.9333986996068447
26113,LOF,0.10762689139546666,0.021500173957738417,0.8708729346467949
26114,LOF,0.09415337669524343,0.007024669910509377,0.8988219533942472
26115,LOF,0.014564571168649676,0.048479620612574846,0.9369558082187754
26116,LOF,0.0661017179510473,0.01878718071855086,0.9151111013304019
26117,LOF,0.3905976013350168,0.03231270509371897,0.5770896935712643
26118,LOF,0.05010516877725231,0.01473071306567794,0.9351641181570698
26119,LOF,0.006654112476444363,0.03483514762643114,0.9585107398971244
26120,LOF,0.036660408176469005,0.015328604433479505,0.9480109873900514
26121,LOF,0.004567112925561095,0.11533129140169858,0.8801015956727404
