feature0,prediction,LoGoFunc_Neutral,LoGoFunc_GOF,LoGoFunc_LOF
25546,Neutral,0.7567380087466851,0.03214207282271805,0.21111991843059694
25547,Neutral,0.6049419817458279,0.0665123886732365,0.3285456295809356
25548,Neutral,0.622116842148656,0.04905432299431212,0.3288288348570319
25549,Neutral,0.5451993946886623,0.048558033168305044,0.40624257214303267
25550,LOF,0.36972426711685435,0.10471075877294395,0.5255649741102016
25551,LOF,0.2898254035230568,0.11359659319476847,0.5965780032821747
25552,LOF,0.21898713703354106,0.1055349123454588,0.675477950621
25553,Neutral,0.8519480497120593,0.025405003863550647,0.12264694642439015
25554,LOF,0.25412052166511506,0.10233281454253483,0.64354666379235
25555,LOF,0.21303723624768375,0.09164035638105959,0.6953224073712566
25556,Neutral,0.4685050936780177,0.09360833625036655,0.4378865700716158
25557,LOF,0.20482630049715814,0.09352985660813803,0.7016438428947038
25558,LOF,0.2425361507968691,0.1027415085547308,0.6547223406484001
25559,LOF,0.3751857445826506,0.13247051127089934,0.49234374414644994
25560,LOF,0.05285598998739466,0.11162521736743551,0.8355187926451698
25561,LOF,0.11259392422384934,0.10714349756607798,0.7802625782100728
25562,LOF,0.08011936522894275,0.06659531905769119,0.8532853157133662
25563,LOF,0.10631708038715004,0.060904407847621335,0.8327785117652288
25564,LOF,0.24280215586566897,0.10976123925542114,0.6474366048789099
25565,LOF,0.1371349560757122,0.1375507541011748,0.7253142898231131
25566,GOF,0.011483598551518606,0.7661461415229105,0.22237025992557094
25567,LOF,0.020133371157390913,0.16652121711087897,0.8133454117317301
25568,LOF,0.0542247481661608,0.06734669797628683,0.8784285538575524
25569,LOF,0.05831001598925091,0.0668123485224159,0.8748776354883332
25570,LOF,0.05266470064397216,0.10269034304908835,0.8446449563069395
25571,LOF,0.0478366685399775,0.09606656563006219,0.8560967658299603
25572,LOF,0.06507736380155194,0.11992971982246994,0.8149929163759781
25573,LOF,0.03419859941045617,0.09567946091377579,0.870121939675768
25574,LOF,0.022893031868591943,0.14351873804609933,0.8335882300853088
25575,LOF,0.04273724869282815,0.10902172345255147,0.8482410278546204
25576,LOF,0.02072665473374421,0.12836702946380188,0.8509063158024538
25577,LOF,0.017702738453356116,0.1191331478051529,0.863164113741491
25578,LOF,0.2788389787701676,0.0838962475522456,0.6372647736775867
25579,LOF,0.15896170600901188,0.09496944708946527,0.7460688469015228
25580,LOF,0.029805869268208794,0.08121488005134116,0.88897925068045
25581,LOF,0.05087380296622429,0.06876366347074198,0.8803625335630337
25582,LOF,0.05032064273535256,0.0668286051710312,0.8828507520936163
25583,LOF,0.03308208747160166,0.08881706703074707,0.8781008454976512
25584,Neutral,0.4859974199115582,0.0951263184547905,0.4188762616336513
25585,LOF,0.021039494655423742,0.12256554028493577,0.8563949650596405
25586,LOF,0.02854037798365424,0.0762565991209884,0.8952030228953574
25587,LOF,0.028872992312305973,0.0687868374745017,0.9023401702131922
25588,LOF,0.029882357505943855,0.08392597070273011,0.886191671791326
25589,Neutral,0.6191460666243506,0.11425988273732487,0.26659405063832453
25590,LOF,0.0344270002247311,0.13013082235103968,0.8354421774242293
25591,LOF,0.08808881341360424,0.059294180877078786,0.8526170057093171
25592,LOF,0.09370601750853577,0.12598771848544102,0.7803062640060233
25593,LOF,0.03205303061744121,0.24022545045126584,0.727721518931293
25594,LOF,0.047267733375424746,0.17011442558323597,0.7826178410413394
25595,LOF,0.05919499069542708,0.11893757438676027,0.8218674349178127
25596,LOF,0.057602107711098596,0.09984272759549202,0.8425551646934093
25597,LOF,0.04147651611891729,0.09758199209317334,0.8609414917879094
25598,LOF,0.0552904050741179,0.11835541885917883,0.8263541760667034
25599,GOF,0.007477619802827014,0.6064926798808189,0.38602970031635403
25600,GOF,0.012500207501246622,0.5617574480768361,0.4257423444219172
25601,LOF,0.00990778019935055,0.4439831533360551,0.5461090664645945
25602,LOF,0.026619224722407415,0.04652216169323289,0.9268586135843596
25603,LOF,0.05751825892308943,0.022991660006146098,0.9194900810707645
25604,LOF,0.035182545671860375,0.04713977850168911,0.9176776758264504
25605,LOF,0.010572481461651073,0.22119121172922981,0.768236306809119
25606,LOF,0.07898596404552648,0.3605276580616522,0.5604863778928212
25607,LOF,0.006215187477329761,0.18517390024081373,0.8086109122818566
25608,LOF,0.018063555882612263,0.100719399900199,0.8812170442171887
25609,LOF,0.04820861944002184,0.4184522101181617,0.5333391704418164
25610,LOF,0.03188293198872135,0.027765037074325316,0.9403520309369533
25611,LOF,0.03897424062471498,0.025903524923491714,0.9351222344517933
25612,LOF,0.10114068846599161,0.038640721763946125,0.8602185897700622
25613,LOF,0.08523030873544801,0.04043829654474334,0.8743313947198086
25614,LOF,0.026431032297774947,0.035818756695146926,0.9377502110070782
25615,LOF,0.03599983344161821,0.05230924665276928,0.9116909199056126
25616,LOF,0.02473988479731115,0.03470549362027404,0.9405546215824148
25617,LOF,0.02508746714376116,0.038550271238958586,0.9363622616172802
25618,LOF,0.14633009801085697,0.03057963496631695,0.8230902670228262
25619,LOF,0.027402630099542555,0.03364067297370302,0.9389566969267545
25620,LOF,0.03167310015743973,0.03955902223091792,0.9287678776116424
25621,LOF,0.029070554836165136,0.03435555042792115,0.9365738947359136
25622,LOF,0.033780903612487305,0.03881316264437407,0.9274059337431386
25623,LOF,0.053295930513154316,0.027924791492238605,0.918779277994607
25624,LOF,0.024251002993969935,0.04110788346639707,0.934641113539633
25625,LOF,0.03509197400698979,0.0420530303701742,0.9228549956228359
25626,LOF,0.08165555423642108,0.035474655219341636,0.8828697905442373
25627,Neutral,0.5209544070835045,0.1271832558712821,0.3518623370452134
25628,LOF,0.20959240260358714,0.050880955133013384,0.7395266422633996
25629,LOF,0.060176509709580314,0.06029420360466265,0.879529286685757
25630,LOF,0.18982289926608273,0.08126442267608537,0.7289126780578319
25631,Neutral,0.620670997848769,0.059077709796675225,0.3202512923545559
25632,LOF,0.01215972167176447,0.10451820066286462,0.883322077665371
25633,LOF,0.11712942328221368,0.08873823434779118,0.7941323423699951
25634,LOF,0.03193323807061333,0.11626584994799416,0.8518009119813925
25635,LOF,0.035808653942910114,0.08479714433947655,0.8793942017176134
25636,GOF,0.0037960511659894786,0.6190063754009099,0.37719757343310073
25637,GOF,0.0035748733683118347,0.6722079030901238,0.3242172235415644
25638,LOF,0.006883523845389186,0.41164284526145,0.5814736308931608
25639,GOF,0.003594291635069603,0.5547936448928353,0.4416120634720951
25640,GOF,0.4558497786882276,0.47896803458022424,0.06518218673154802
25641,LOF,0.007943224753988207,0.381698839295168,0.6103579359508439
25642,LOF,0.23003987730842207,0.07609323220161157,0.6938668904899664
25643,LOF,0.2672867728050553,0.20227556903629393,0.5304376581586507
25644,GOF,0.015297704634525178,0.5580683980416775,0.4266338973237973
25645,GOF,0.012359515850743213,0.5042855735549906,0.4833549105942662
25646,LOF,0.017879625152250608,0.34818820590460287,0.6339321689431464
25647,LOF,0.014840934177919096,0.2918632800532,0.693295785768881
25648,LOF,0.013544016579566935,0.2980819850760702,0.6883739983443629
25649,LOF,0.011838294165497925,0.22558536268562732,0.7625763431488748
25650,LOF,0.025952206064363433,0.47264758438859444,0.5014002095470421
25651,LOF,0.008798525110540103,0.2874618173262645,0.7037396575631955
25652,LOF,0.013216252702400613,0.26274601299611017,0.7240377343014891
25653,LOF,0.04856945831318183,0.36317020013274554,0.5882603415540727
25654,LOF,0.014728736161632176,0.1632033022312409,0.8220679616071269
25655,LOF,0.07656760809512442,0.41258293350461983,0.5108494584002558
25656,LOF,0.10876544143090007,0.07830321633301615,0.8129313422360838
25657,LOF,0.3054343369612664,0.03533814918645024,0.6592275138522834
25658,LOF,0.0459484915846565,0.09959046569420345,0.85446104272114
25659,LOF,0.36312664534976596,0.0639318382619718,0.5729415163882623
25660,LOF,0.06017226367681899,0.09659758768543288,0.8432301486377481
25661,LOF,0.046768472121808895,0.0709117766295838,0.8823197512486074
25662,LOF,0.026589850766802224,0.05270030258632824,0.9207098466468695
25663,LOF,0.035726654253446594,0.07081476819927647,0.8934585775472769
25664,LOF,0.04403985015140173,0.08542139784613467,0.8705387520024637
25665,LOF,0.055550091796154374,0.04567765729408857,0.8987722509097571
25666,LOF,0.0384528883948503,0.12759678555617135,0.8339503260489785
25667,LOF,0.030685671701059857,0.05108829137843301,0.9182260369205071
25668,LOF,0.030821517149579047,0.05619146484692464,0.9129870180034962
25669,LOF,0.03851397538317189,0.08397775420569835,0.8775082704111298
25670,LOF,0.07029645773020887,0.08811659133978837,0.8415869509300027
25671,LOF,0.035998486014891286,0.047249916588210074,0.9167515973968987
25672,LOF,0.061216390306574484,0.06315014232649631,0.8756334673669293
25673,LOF,0.04342112881869435,0.06660057092288224,0.8899783002584233
25674,LOF,0.038743173552856815,0.06964217359465232,0.8916146528524909
25675,LOF,0.050153151076827836,0.05960487011375448,0.8902419788094177
25676,LOF,0.030419978415601245,0.060260190253946265,0.9093198313304524
25677,LOF,0.06037863284915835,0.06829407932582755,0.871327287825014
25678,LOF,0.2926955860439432,0.035830180619404274,0.6714742333366526
25679,LOF,0.18852060859859032,0.0629999120655172,0.7484794793358924
25680,LOF,0.05649903705664885,0.09979068093918403,0.8437102820041671
25681,LOF,0.10422643620370899,0.09107103020951193,0.8047025335867791
25682,LOF,0.04303171444056057,0.08234132635519219,0.8746269592042473
25683,LOF,0.10440049210552804,0.08660890608239802,0.8089906018120738
25684,LOF,0.05586250450956475,0.0793603900881876,0.8647771054022477
25685,LOF,0.11377094910106493,0.03595281255660051,0.8502762383423345
25686,LOF,0.04448258821503994,0.09645234509217974,0.8590650666927804
25687,LOF,0.04801833030960495,0.08003952905970062,0.8719421406306945
25688,LOF,0.028046994265502133,0.09057522880525573,0.8813777769292422
25689,LOF,0.01879291435044516,0.07663403697241367,0.9045730486771412
25690,LOF,0.02207864131001463,0.09115249371984756,0.8867688649701377
25691,LOF,0.2413638273973925,0.11579577191068058,0.6428404006919268
25692,LOF,0.2919899939515432,0.009815967377886484,0.6981940386705705
25693,LOF,0.09608504868587787,0.14889450379599792,0.7550204475181242
25694,LOF,0.24900674598203248,0.016932153330034047,0.7340611006879334
25695,LOF,0.15855454403164362,0.0236222064566266,0.8178232495117297
25696,LOF,0.1750021426740847,0.009327887023101928,0.8156699703028134
25697,LOF,0.13665102361373058,0.02568984400249841,0.837659132383771
25698,LOF,0.03205780110217003,0.4013320193983994,0.5666101794994305
25699,LOF,0.06785135290587267,0.0888664356361254,0.843282211458002
25700,LOF,0.032003197804040595,0.010486087486034848,0.9575107147099245
25701,LOF,0.015945126611274178,0.07798809740964163,0.9060667759790842
25702,GOF,0.03583001026079592,0.7505377381874931,0.21363225155171106
25703,LOF,0.016770607492897233,0.20110576596957397,0.7821236265375288
25704,LOF,0.09640698331410794,0.14364714478259294,0.7599458719032991
25705,LOF,0.056434125452230685,0.2537295098961189,0.6898363646516503
25706,GOF,0.04796789906194677,0.5917389306290831,0.3602931703089702
25707,GOF,0.026214926099955887,0.506325384034624,0.4674596898654201
25708,LOF,0.008815244447663196,0.453049227670504,0.5381355278818328
25709,LOF,0.019566061650095862,0.06168675532265145,0.9187471830272528
25710,LOF,0.010200483359665186,0.1763611619289241,0.8134383547114108
25711,LOF,0.02103952271319676,0.12881161683340675,0.8501488604533964
25712,LOF,0.010399540511380584,0.2484328107742652,0.7411676487143543
25713,LOF,0.01862934034187169,0.10991235948621865,0.8714583001719097
25714,LOF,0.02027654359178595,0.1459760222272017,0.8337474341810124
25715,LOF,0.0199844225536947,0.11647561060961202,0.8635399668366933
25716,LOF,0.010382148559526943,0.14021580708056183,0.8494020443599113
25717,LOF,0.006296441461330117,0.1340663887773523,0.8596371697613177
25718,LOF,0.018150469466673046,0.0817852973061342,0.9000642332271928
25719,LOF,0.03106002180366939,0.09086378217322372,0.8780761960231068
25720,LOF,0.021843648382797367,0.0912009803411438,0.8869553712760587
25721,LOF,0.023433829445830442,0.099668164429193,0.8768980061249766
25722,LOF,0.018104137396360815,0.1284415665301352,0.853454296073504
25723,LOF,0.02090205546690454,0.07259465145365242,0.9065032930794431
25724,LOF,0.03513363312848423,0.10355455805281004,0.8613118088187058
25725,LOF,0.021997873718992804,0.0633901810934219,0.9146119451875853
25726,LOF,0.016148469030606467,0.10088491312986063,0.8829666178395328
25727,LOF,0.019380647875614138,0.08822467432961346,0.8923946777947723
25728,LOF,0.01822502982288249,0.10774820649339871,0.8740267636837188
25729,LOF,0.01890850945711214,0.1095107646950769,0.8715807258478109
25730,LOF,0.020025114976121687,0.08494737214200515,0.8950275128818732
25731,LOF,0.010380112843366202,0.18291606930940008,0.8067038178472338
25732,LOF,0.019010272163104372,0.09650228070191232,0.8844874471349834
25733,LOF,0.029400321208731966,0.0842183299750498,0.8863813488162182
25734,LOF,0.008057283081343573,0.21298003296367807,0.7789626839549783
25735,LOF,0.022960775333928325,0.07756599498730651,0.8994732296787651
25736,LOF,0.02193454239299863,0.12465017688761064,0.8534152807193907
25737,LOF,0.04023932649140801,0.10094626086564037,0.8588144126429517
25738,LOF,0.019596504461310386,0.14834878741180443,0.8320547081268852
25739,LOF,0.021108355547108937,0.1480865176082856,0.8308051268446055
25740,LOF,0.052193488775346165,0.14103234872101586,0.806774162503638
25741,LOF,0.02543761376725474,0.11399437859204571,0.8605680076406995
25742,LOF,0.03413329495666487,0.1381376493331365,0.8277290557101986
25743,LOF,0.012088856060055882,0.04100039240790648,0.9469107515320376
25744,GOF,0.1651573534591332,0.43102174747434274,0.4038208990665242
25745,LOF,0.021187103165429325,0.07025598529671835,0.9085569115378523
25746,LOF,0.01185455045625314,0.08825126698710907,0.8998941825566378
25747,LOF,0.03509587904931239,0.035893046888110694,0.9290110740625768
25748,LOF,0.22570928666110368,0.05743277967592736,0.716857933662969
25749,LOF,0.013020679485500843,0.057178010580030574,0.9298013099344686
25750,LOF,0.01458673889126915,0.08615528531691424,0.8992579757918167
25751,LOF,0.037374420099783486,0.07146120293102606,0.8911643769691905
25752,GOF,0.09531249945585146,0.696545359027862,0.20814214151628657
25753,LOF,0.007390107426732393,0.37351587852012197,0.6190940140531457
25754,GOF,0.005205079569332584,0.867974600777983,0.12682031965268434
25755,LOF,0.009599609793222759,0.4310632655580666,0.5593371246487107
25756,LOF,0.04635560354756084,0.45841309554006265,0.4952313009123765
25757,GOF,0.006823555201176216,0.8914319527638632,0.10174449203496064
25758,GOF,0.008712984595238704,0.8925214512908272,0.09876556411393421
25759,GOF,0.0051271170204991315,0.6080603837594096,0.38681249922009137
25760,LOF,0.007310576403850584,0.30516376947876483,0.6875256541173845
25761,GOF,0.04631435277451486,0.8569033461116713,0.09678230111381392
25762,LOF,0.026426663224938727,0.38917033831306747,0.5844029984619938
25763,LOF,0.008405941753116892,0.25607208545416477,0.7355219727927184
25764,GOF,0.09033355829509201,0.628604059625855,0.28106238207905304
25765,GOF,0.008039830929128586,0.8626390364882464,0.12932113258262512
25766,GOF,0.03144898336803953,0.8358261625282861,0.13272485410367432
25767,GOF,0.015185965798784075,0.5587961379592795,0.4260178962419364
25768,LOF,0.03695860238745089,0.08113276204459231,0.8819086355679568
25769,LOF,0.023133532713677976,0.07730813376520228,0.8995583335211197
25770,LOF,0.1510539368868222,0.06368678162329833,0.7852592814898796
25771,LOF,0.013978517977621303,0.07549774322842945,0.9105237387939492
25772,LOF,0.022866763565482933,0.02930012858881724,0.9478331078456999
25773,LOF,0.013547831983555738,0.06876806076165637,0.9176841072547878
25774,LOF,0.02498581107774074,0.09687573163050328,0.878138457291756
25775,LOF,0.019209925150727496,0.04087457477215431,0.9399155000771181
25776,LOF,0.024885247653961745,0.02681271303331156,0.9483020393127267
25777,LOF,0.16643957614649826,0.07508665220531649,0.7584737716481853
25778,LOF,0.019833597283406623,0.055866149613286994,0.9243002531033063
25779,GOF,0.038009229145350286,0.9019135084803446,0.06007726237430504
25780,GOF,0.06422039521059186,0.8849563302232797,0.050823274566128444
25781,GOF,0.023921931247840093,0.8797871824123724,0.09629088633978752
25782,GOF,0.029784922475920884,0.910820530729639,0.05939454679444015
25783,GOF,0.020201275693642766,0.7772895086527801,0.20250921565357702
25784,GOF,0.11567338908552395,0.8554974799171498,0.02882913099732627
25785,GOF,0.06657196011033034,0.8952944880261428,0.03813355186352695
25786,GOF,0.005010688002750372,0.8437757799263367,0.15121353207091295
25787,GOF,0.15472669766306824,0.8143392140917577,0.03093408824517405
25788,LOF,0.016114646265166562,0.19370546851523257,0.7901798852196008
25789,GOF,0.018017873264433833,0.8758467761662485,0.1061353505693177
25790,GOF,0.02043307974245556,0.8993199689229524,0.08024695133459193
25791,GOF,0.014376050411135651,0.8402625248684407,0.14536142472042352
25792,GOF,0.023151566791792352,0.8523479601919688,0.1245004730162389
25793,GOF,0.07127131587915467,0.8512957446480394,0.0774329394728059
25794,GOF,0.055059699078335106,0.790704185584871,0.15423611533679388
25795,GOF,0.03688286636128282,0.7901435624985634,0.17297357114015371
25796,GOF,0.07584409376852831,0.8293881246151679,0.09476778161630386
25797,GOF,0.030476231324054272,0.7144178612818065,0.2551059073941392
25798,GOF,0.002803505680829866,0.6604766224736783,0.33671987184549174
25799,GOF,0.0031784715328780746,0.5370657666293231,0.4597557618377988
25800,GOF,0.011503411463932566,0.7302949775941853,0.2582016109418822
25801,GOF,0.016242270468937833,0.8814963859378799,0.10226134359318223
25802,GOF,0.020520113093171,0.8283494186637976,0.15113046824303136
25803,GOF,0.010631072205216988,0.7158047730767367,0.27356415471804624
25804,GOF,0.013944898841062628,0.6438961472782512,0.3421589538806863
25805,GOF,0.020465389997562804,0.7308351973853684,0.24869941261706893
25806,GOF,0.017432891434747837,0.7842195182403898,0.19834759032486235
25807,GOF,0.005407861166540228,0.7485033434135903,0.24608879541986955
25808,GOF,0.014277417705679385,0.7746182117644173,0.21110437052990344
25809,GOF,0.006135441438022454,0.7485047937840787,0.2453597647778987
25810,GOF,0.005191672780184772,0.7576326596590962,0.237175667560719
25811,GOF,0.05044147516411427,0.8828275545477712,0.06673097028811438
25812,GOF,0.016606291926706047,0.7524476311996258,0.2309460768736682
25813,GOF,0.10699128162785794,0.814107988113364,0.07890073025877804
25814,GOF,0.02457347240711138,0.8166066419761067,0.1588198856167818
25815,GOF,0.04039174010587267,0.838307609076463,0.12130065081766439
25816,GOF,0.0070787525396141405,0.8622976828373973,0.13062356462298866
25817,GOF,0.09014099763688696,0.7982773820712324,0.11158162029188072
25818,GOF,0.025852873352306967,0.8126473806489947,0.16149974599869837
25819,GOF,0.059379239621748035,0.78175636441423,0.15886439596402188
25820,GOF,0.03188559561404033,0.7834308180242181,0.18468358636174165
25821,GOF,0.01896034397969693,0.7711487825202499,0.2098908735000532
25822,GOF,0.03804626307084646,0.7931111307428446,0.1688426061863091
25823,GOF,0.014750113981827965,0.6653190450725094,0.31993084094566254
25824,GOF,0.024464269464361154,0.7778010445325557,0.19773468600308308
25825,GOF,0.014829079963436022,0.7570642415317396,0.22810667850482436
25826,GOF,0.00538368405110308,0.7484632048283114,0.24615311112058544
25827,GOF,0.00718296998690698,0.7085625922443521,0.28425443776874093
25828,GOF,0.005325241416902696,0.6871923918905074,0.3074823666925898
25829,GOF,0.0026787073317559823,0.717415009689401,0.2799062829788431
25830,GOF,0.038586370618933906,0.5251283430406756,0.4362852863403906
25831,GOF,0.041711984032396246,0.8459457148928605,0.11234230107474309
25832,GOF,0.008543209123365326,0.8214182331370314,0.17003855773960325
25833,GOF,0.033205896368435454,0.859632503809123,0.10716159982244147
25834,GOF,0.008395463423187923,0.8345687959106638,0.15703574066614823
25835,GOF,0.017754855005891614,0.8651212771857996,0.11712386780830873
25836,GOF,0.006449123496499668,0.8254142995359396,0.1681365769675608
25837,GOF,0.00669372362654552,0.7506971530215543,0.24260912335190024
25838,GOF,0.020042315595000807,0.878931163975289,0.10102652042971007
25839,GOF,0.035977324593042544,0.8728223846395401,0.09120029076741742
25840,GOF,0.05613589297323799,0.8646774376815863,0.07918666934517578
25841,GOF,0.0511287455583978,0.8729756287139365,0.07589562572766576
25842,GOF,0.02308587693584235,0.9066456081357726,0.07026851492838503
25843,GOF,0.024639693861984995,0.9088777560346324,0.06648255010338247
25844,GOF,0.01623855119734751,0.8602090483349353,0.12355240046771725
25845,GOF,0.0054980080361187265,0.6792921054638837,0.3152098864999975
25846,GOF,0.03629671276165059,0.8779591682565655,0.08574411898178387
25847,GOF,0.018156417396319964,0.9166792788038295,0.06516430379985044
25848,GOF,0.01622546655425502,0.8640917169910449,0.11968281645470023
25849,GOF,0.004668912013810807,0.7653916232973556,0.22993946468883367
25850,GOF,0.00602138466145277,0.7763344427366695,0.21764417260187782
25851,GOF,0.00522825616655739,0.6606702836456514,0.3341014601877914
25852,GOF,0.12936474342245957,0.6194216631486541,0.25121359342888633
25853,GOF,0.06826183311173631,0.8595825955660125,0.07215557132225135
25854,GOF,0.0053060921579804994,0.7414314488275326,0.25326245901448696
25855,GOF,0.016453478274809107,0.663365414491297,0.32018110723389387
25856,GOF,0.03791327221751573,0.8021061793403772,0.15998054844210702
25857,GOF,0.015264019730309608,0.6692061732685577,0.31552980700113265
25858,GOF,0.008887957976739504,0.6874228556257201,0.3036891863975404
25859,GOF,0.006111002919838909,0.6643975399611259,0.3294914571190351
25860,GOF,0.07984059331325967,0.8277334385849107,0.09242596810182976
25861,GOF,0.06918115873584114,0.8362049453894196,0.09461389587473934
25862,GOF,0.021317449599635527,0.8771414135940202,0.1015411368063443
25863,GOF,0.02151173037818258,0.8815852083585901,0.09690306126322722
25864,GOF,0.04264342208544696,0.8920261774729561,0.06533040044159687
25865,GOF,0.028312503686822216,0.8585562622740556,0.11313123403912209
25866,GOF,0.02500887136727753,0.8749349233459607,0.1000562052867619
25867,GOF,0.030794514236120524,0.8898235975583776,0.07938188820550197
25868,GOF,0.050833429231109575,0.8591578783680557,0.09000869240083485
25869,GOF,0.3436010552954119,0.5993165738087051,0.057082370895883014
25870,GOF,0.07283884464019162,0.6979542876998726,0.2292068676599359
25871,GOF,0.010577874023651788,0.8902724236441789,0.09914970233216937
25872,GOF,0.019401774464561414,0.8740247030366476,0.10657352249879103
25873,GOF,0.019709386461301152,0.8918067682345716,0.08848384530412728
25874,LOF,0.017791814533168988,0.2014900484421733,0.7807181370246578
25875,LOF,0.05029324079176458,0.050949153200473954,0.8987576060077614
25876,LOF,0.020485703404342862,0.044151090445743314,0.9353632061499138
25877,LOF,0.12449893703670234,0.09028484038045949,0.7852162225828383
25878,LOF,0.07148724048589397,0.1221357077425607,0.8063770517715454
25879,LOF,0.02944483460955042,0.08849534817179995,0.8820598172186497
25880,LOF,0.0574686951820416,0.013752212048867347,0.928779092769091
25881,Neutral,0.5329249117622555,0.07176612889591015,0.3953089593418343
25882,LOF,0.04945728962656476,0.031694034997830155,0.918848675375605
25883,LOF,0.028966454350193172,0.024002373306265274,0.9470311723435415
25884,LOF,0.028361806771574537,0.0446004201140926,0.9270377731143329
25885,LOF,0.19635516253946458,0.013588662016153807,0.7900561754443816
25886,LOF,0.19748105176576483,0.05412549913722801,0.7483934490970072
25887,LOF,0.1883150258894215,0.0639618961717837,0.7477230779387949
25888,LOF,0.01263284438071445,0.1401469973457732,0.8472201582735123
25889,LOF,0.03138980054834385,0.0316543829191207,0.9369558165325356
25890,LOF,0.13036343880605689,0.12811119251558525,0.7415253686783578
25891,LOF,0.0932717484268566,0.023033826980467555,0.8836944245926759
25892,LOF,0.009536821295036564,0.029299096336069492,0.9611640823688941
25893,LOF,0.40992569019051195,0.008105092539334266,0.5819692172701538
25894,LOF,0.4317687574820399,0.005339661172447571,0.5628915813455125
25895,LOF,0.33084957415480104,0.01132555415616422,0.6578248716890348
25896,LOF,0.06680873800326063,0.01696302116685373,0.9162282408298856
25897,LOF,0.18328188115990873,0.008484482316203978,0.8082336365238874
25898,LOF,0.18838354746600028,0.027744179727667066,0.7838722728063325
25899,LOF,0.3959265788184136,0.016899436061374805,0.5871739851202117
25900,LOF,0.4659828755292668,0.008005696288772403,0.5260114281819608
25901,LOF,0.06895569385899153,0.007746206660068624,0.9232980994809398
25902,LOF,0.1834931426530047,0.008302050455311566,0.8082048068916836
25903,LOF,0.39171542958903494,0.021590491220582504,0.5866940791903825
25904,Neutral,0.49600943589208585,0.024156237776351158,0.4798343263315631
25905,LOF,0.004661315634286513,0.4633563606248977,0.5319823237408158
25906,LOF,0.00988875901458699,0.11124824256905792,0.8788629984163551
25907,LOF,0.0046573379429759,0.3480081660672074,0.6473344959898166
25908,LOF,0.0041173167502499865,0.26370325105147857,0.7321794321982714
25909,LOF,0.024708939372075543,0.16383045355007606,0.8114606070778484
25910,LOF,0.010835888629272851,0.13387133546175403,0.8552927759089731
25911,LOF,0.3102387559344785,0.041002445887270034,0.6487587981782514
25912,LOF,0.0681399816822393,0.056888523522622116,0.8749714947951386
25913,LOF,0.04216101990154551,0.07020124458216614,0.8876377355162882
25914,LOF,0.039671799408178846,0.04537543864592557,0.9149527619458957
25915,LOF,0.19094848099444683,0.18354530958886342,0.6255062094166897
25916,LOF,0.03171142721413416,0.12605487920530214,0.8422336935805637
25917,LOF,0.07276939950831904,0.04056309888929267,0.8866675016023883
25918,LOF,0.041880053575155646,0.02822565692699819,0.929894289497846
25919,LOF,0.03772916067982354,0.027486419994395328,0.934784419325781
25920,LOF,0.1886986832644346,0.23110051659777917,0.5802008001377862
25921,LOF,0.016847061987148578,0.03627397643223335,0.946878961580618
25922,LOF,0.02143232176661411,0.03235560447184917,0.9462120737615368
25923,LOF,0.4729524028290687,0.03007295193799026,0.49697464523294094
25924,LOF,0.024998545680403064,0.049518558821110226,0.9254828954984867
25925,LOF,0.08764599957395676,0.044374713232146756,0.8679792871938965
25926,LOF,0.06242807241437509,0.040049540639437976,0.8975223869461869
25927,LOF,0.024380960368346066,0.06383865298857308,0.9117803866430808
25928,LOF,0.010984677770891144,0.053142534078531846,0.935872788150577
25929,Neutral,0.5603362840801743,0.028900408490455515,0.4107633074293702
25930,LOF,0.08798328280391417,0.02803871462721103,0.8839780025688749
25931,LOF,0.014978522198687345,0.036415681918338355,0.9486057958829742
25932,LOF,0.06830325815856282,0.03037932054981893,0.9013174212916183
25933,LOF,0.06573181359393296,0.01919015498182774,0.9150780314242394
25934,LOF,0.059872299046089573,0.01859293700398485,0.9215347639499255
25935,LOF,0.07383358123431422,0.053560613388599264,0.8726058053770865
25936,LOF,0.10515568041900684,0.02051032388008147,0.8743339957009116
25937,LOF,0.01655871884090424,0.035500989959043903,0.947940291200052
25938,LOF,0.07111684158729008,0.051016405385155096,0.8778667530275549
25939,LOF,0.04669181806823039,0.02589683265113782,0.9274113492806318
25940,LOF,0.008474656782740198,0.3990358751354023,0.5924894680818575
25941,Neutral,0.501930788018023,0.03878561731964679,0.45928359466233015
25942,LOF,0.00876422898634503,0.051333896010908445,0.9399018750027466
25943,LOF,0.036796894070611603,0.17856687550780465,0.7846362304215838
25944,LOF,0.059996572165164234,0.08477203819190605,0.8552313896429298
25945,LOF,0.12646192459345093,0.02040748257052749,0.8531305928360216
25946,LOF,0.06926842833416898,0.05096029121517872,0.8797712804506523
25947,Neutral,0.46698404086496115,0.10852494831492367,0.42449101082011526
25948,LOF,0.44367182558851775,0.014086044507579117,0.5422421299039032
25949,LOF,0.1397205907723559,0.07343542071284145,0.7868439885148028
25950,GOF,0.06959535479923747,0.6222335550507818,0.30817109014998073
25951,LOF,0.0144583253849935,0.4391874423768548,0.5463542322381516
25952,LOF,0.2926021468713294,0.29477385408820755,0.412623999040463
25953,LOF,0.0070009127020498035,0.1918821787831201,0.80111690851483
25954,GOF,0.07810556648607782,0.5163750985009692,0.405519335012953
25955,LOF,0.006981298005078633,0.1921819386626314,0.80083676333229
25956,LOF,0.018294635737857147,0.2603658306417033,0.7213395336204396
25957,LOF,0.18629555555061175,0.034176222991179235,0.779528221458209
25958,LOF,0.03394147848313195,0.04446367785290847,0.9215948436639597
25959,GOF,0.020003010704256242,0.6463893648761144,0.33360762441962927
25960,LOF,0.007333440012946297,0.06630669334188526,0.9263598666451685
25961,LOF,0.033564334084632746,0.037367902540614006,0.9290677633747532
25962,LOF,0.035418382710436846,0.06450152961851298,0.9000800876710502
25963,LOF,0.005158341562294242,0.1813745143896144,0.8134671440480914
25964,LOF,0.02639074480315885,0.12298046958895298,0.8506287856078881
25965,LOF,0.27492303195710793,0.11985694315799934,0.6052200248848927
25966,Neutral,0.47870895453770573,0.1478503125217349,0.3734407329405593
25967,LOF,0.009450835053264934,0.0828505963887745,0.9076985685579605
25968,LOF,0.04502877596661223,0.24906346323372067,0.7059077607996671
25969,LOF,0.14724391206575246,0.05195377472430762,0.8008023132099399
25970,LOF,0.022002641638002,0.09310091629773537,0.8848964420642627
25971,LOF,0.08344595081116891,0.030400293539660502,0.8861537556491706
25972,LOF,0.06480197483973894,0.05031389808924743,0.8848841270710137
25973,LOF,0.0666549680798595,0.008770625211792107,0.9245744067083485
25974,LOF,0.05274429943629363,0.03688755498842962,0.9103681455752768
25975,LOF,0.046064459861509824,0.016533959594081275,0.9374015805444089
25976,LOF,0.08763467655211189,0.008910662954162981,0.903454660493725
25977,LOF,0.2172341462018366,0.0709061189879563,0.711859734810207
25978,LOF,0.19667393083516396,0.11815720937943591,0.6851688597854002
25979,LOF,0.15915940758218525,0.1293106097981143,0.7115299826197005
25980,LOF,0.2747824129329051,0.17758848881282088,0.547629098254274
25981,LOF,0.2770242811209217,0.18043137733175363,0.5425443415473246
25982,Neutral,0.4976798685135473,0.08376497266394035,0.41855515882251243
25983,Neutral,0.49534499290798206,0.09475970236743758,0.40989530472458036
25984,LOF,0.03766536456821519,0.09098315824311035,0.8713514771886745
25985,LOF,0.4072378539108905,0.14125872127080283,0.4515034248183067
25986,LOF,0.012648876378600406,0.3971040924608744,0.5902470311605251
25987,LOF,0.05400801929117376,0.09977684127130215,0.8462151394375241
25988,LOF,0.041134763726907636,0.1608771476566922,0.7979880886164002
25989,LOF,0.038851029317712164,0.20211527680954258,0.7590336938727453
25990,LOF,0.040947451179785245,0.3063670621424163,0.6526854866777985
25991,LOF,0.028582911403117795,0.4221010273391935,0.5493160612576886
25992,LOF,0.025942636397050304,0.43616307978327584,0.5378942838196739
25993,LOF,0.029142366134860605,0.0885413064675841,0.8823163273975553
25994,LOF,0.023780032377339173,0.08693873703041581,0.889281230592245
25995,LOF,0.02266327308647833,0.14927530681674606,0.8280614200967756
25996,LOF,0.32609391920640546,0.3256269545933132,0.3482791262002814
25997,LOF,0.06706193775887803,0.4047829066252083,0.5281551556159136
25998,LOF,0.25529979651823154,0.04654100807371288,0.6981591954080555
25999,LOF,0.02450751187087345,0.18715015320130465,0.7883423349278219
26000,LOF,0.18460155607480372,0.03178267646820744,0.7836157674569889
26001,LOF,0.24228555244558456,0.0477412125087336,0.7099732350456818
26002,LOF,0.12507199019435464,0.05174797166707764,0.8231800381385678
26003,GOF,0.005441114434104273,0.643300846336694,0.3512580392292018
26004,GOF,0.008150691997344885,0.7037704027424284,0.2880789052602266
26005,GOF,0.003972259714133919,0.5063758300601916,0.48965191022567445
26006,GOF,0.11409926079599791,0.5620148002369014,0.3238859389671006
26007,GOF,0.007349870567776284,0.5519381245024154,0.4407120049298084
26008,GOF,0.005890762071925222,0.6489423985604992,0.34516683936757553
26009,GOF,0.008325251188134588,0.7084882563750425,0.283186492436823
26010,GOF,0.008691926814994744,0.632609280980649,0.3586987922043563
26011,LOF,0.003344629425705683,0.46441922616668035,0.532236144407614
26012,GOF,0.0051413418904563335,0.5485626093549167,0.4462960487546269
26013,GOF,0.006694645969865913,0.613589380206207,0.379715973823927
26014,LOF,0.0518474929782696,0.12273329597033422,0.8254192110513963
26015,LOF,0.40163905324535343,0.024933341394692398,0.5734276053599543
26016,LOF,0.32210298906907614,0.048477375381716314,0.6294196355492075
26017,LOF,0.022761876672617712,0.2057231285835177,0.7715149947438645
26018,LOF,0.025112329112705827,0.05645065169667197,0.9184370191906222
26019,LOF,0.02530190023426596,0.04822145465237501,0.926476645113359
26020,LOF,0.010349973421922308,0.2022803259790789,0.7873697005989988
26021,LOF,0.07944777724981109,0.07941035931520789,0.8411418634349811
26022,LOF,0.03986346302953342,0.03188597080643556,0.928250566164031
26023,LOF,0.029692801606002732,0.036968442375089845,0.9333387560189075
26024,LOF,0.04517774068875968,0.07980207843441597,0.8750201808768243
26025,LOF,0.06875137359511455,0.07669984098528763,0.8545487854195979
26026,LOF,0.12288031279081003,0.05902148647398134,0.8180982007352087
26027,LOF,0.02431162644143538,0.02893676120664725,0.9467516123519174
26028,LOF,0.14243390229984773,0.13270241901150726,0.7248636786886449
26029,LOF,0.019688670231757105,0.20541299827657553,0.7748983314916674
26030,LOF,0.17688166272104647,0.02158743805677651,0.801530899222177
26031,LOF,0.009537818292368917,0.1706481281349116,0.8198140535727195
26032,LOF,0.041864130018331204,0.059016947881623566,0.8991189221000452
26033,LOF,0.06631546100838014,0.051565934541017745,0.8821186044506022
26034,LOF,0.012979155728807366,0.1650603552151388,0.8219604890560538
26035,LOF,0.011498969873231877,0.11556660723151033,0.8729344228952579
26036,LOF,0.011204242638767415,0.12997894505178853,0.8588168123094441
26037,LOF,0.009860253071719918,0.10188987868018308,0.8882498682480972
26038,LOF,0.03657463126178592,0.050709277115208624,0.9127160916230055
26039,LOF,0.025696719981763524,0.1320539166481852,0.8422493633700513
26040,LOF,0.10203611176357151,0.1321857238131388,0.7657781644232896
26041,LOF,0.012740455062449687,0.09050707326204734,0.8967524716755029
26042,LOF,0.01164395680724047,0.09933774767770827,0.8890182955150512
26043,LOF,0.03579009599070237,0.07253046961738019,0.8916794343919174
26044,LOF,0.015224118911783917,0.04451408069893477,0.9402618003892812
26045,LOF,0.06792242596225496,0.11077333139132656,0.8213042426464185
26046,LOF,0.030941473369654117,0.052832270728506214,0.9162262559018396
26047,LOF,0.049408715160300876,0.054031049704945336,0.8965602351347538
26048,LOF,0.0948256179408358,0.023140383290683495,0.8820339987684807
26049,Neutral,0.9425646809313876,0.007524058332354387,0.04991126073625803
26050,Neutral,0.9139803954057325,0.008222964865511112,0.0777966397287564
26051,LOF,0.016182080243270735,0.1099362721798347,0.8738816475768946
26052,LOF,0.031050755780430102,0.12808302760676135,0.8408662166128085
26053,LOF,0.027607594869738142,0.15925328294627256,0.8131391221839893
26054,LOF,0.04610137993946402,0.024884896431430513,0.9290137236291055
26055,LOF,0.06399860563780072,0.024029703973649584,0.9119716903885497
26056,LOF,0.05213395151494329,0.029814434142005082,0.9180516143430516
26057,LOF,0.06384844920810834,0.015612824145081953,0.9205387266468097
26058,LOF,0.06828038436444431,0.012226747986135933,0.9194928676494198
26059,LOF,0.20123006667496587,0.028898867541727144,0.769871065783307
26060,LOF,0.01764891894516551,0.16851631689509233,0.8138347641597421
26061,LOF,0.0130552238092513,0.00935345508974484,0.9775913211010039
26062,LOF,0.006907912861660706,0.015643898230966083,0.9774481889073732
26063,LOF,0.04070804131534532,0.011155710929337545,0.948136247755317
26064,LOF,0.010207810068278598,0.022438707042295773,0.9673534828894257
26065,LOF,0.04845827636663907,0.012937504054026898,0.938604219579334
26066,LOF,0.04924804123672003,0.01071559410058187,0.9400363646626981
26067,LOF,0.05696389452773014,0.010396960156554742,0.9326391453157151
26068,LOF,0.05492450090141087,0.04450490065592885,0.9005705984426602
26069,LOF,0.15915303510113737,0.02743706387935697,0.8134099010195057
26070,LOF,0.34970876932081235,0.0232512946382949,0.6270399360408928
26071,LOF,0.04667529535532829,0.012420096754627975,0.9409046078900438
26072,LOF,0.01138969012616645,0.0183181567239383,0.9702921531498953
26073,LOF,0.040727809619343414,0.014282654214451757,0.9449895361662048
26074,Neutral,0.9253608783633934,0.008416633810256263,0.0662224878263503
26075,LOF,0.053892880845753506,0.021557414888111533,0.924549704266135
26076,LOF,0.06177281471476244,0.012098788867219386,0.9261283964180181
26077,LOF,0.1617864994843048,0.006842078241104861,0.8313714222745904
26078,LOF,0.00895062065273862,0.013612425134119114,0.9774369542131424
26079,LOF,0.06859150421642526,0.022635627192148417,0.9087728685914264
26080,LOF,0.06695636041195357,0.022801456782387687,0.9102421828056587
26081,LOF,0.03575894822277065,0.009266131574364175,0.9549749202028652
26082,LOF,0.008362473969962363,0.013126969457800819,0.9785105565722367
26083,LOF,0.11094715956408223,0.021104664606566726,0.867948175829351
26084,LOF,0.12010994087611734,0.01625414450411791,0.8636359146197647
26085,LOF,0.11377226176730666,0.013424006782776589,0.8728037314499167
26086,LOF,0.04138822461171877,0.012254856421042426,0.946356918967239
26087,LOF,0.03897036254640985,0.009394838452578786,0.9516347990010114
26088,LOF,0.009195114820462631,0.018867627356193004,0.9719372578233444
26089,LOF,0.044731711565979146,0.0361576007142104,0.9191106877198104
26090,LOF,0.04548381570088682,0.02778217720913237,0.9267340070899808
26091,LOF,0.03415727003075755,0.00707960184670236,0.95876312812254
26092,LOF,0.048799744741428716,0.008294225426851787,0.9429060298317196
26093,LOF,0.08631064728858612,0.005501924972984009,0.9081874277384299
26094,LOF,0.03840173610636427,0.007253241891171633,0.9543450220024642
26095,LOF,0.04104135648084721,0.01640892400331644,0.9425497195158362
26096,LOF,0.20406073523735935,0.004698065007429082,0.7912411997552115
26097,LOF,0.008270969160477556,0.029481486157053618,0.9622475446824688
26098,LOF,0.07984106206765117,0.01819848956099822,0.9019604483713507
26099,LOF,0.04606543708350982,0.016626408630968093,0.9373081542855222
26100,LOF,0.046063363454601415,0.016625660195616926,0.9373109763497816
26101,LOF,0.05930244638981506,0.031299523487777724,0.9093980301224073
26102,LOF,0.03624950571604857,0.01623323013348494,0.9475172641504664
26103,Neutral,0.8797953346534838,0.02697746833949702,0.09322719700701931
26104,LOF,0.06211048227436888,0.04049760361734247,0.8973919141082886
26105,LOF,0.25055148277810385,0.1597103531119329,0.5897381641099632
26106,LOF,0.3180902625200563,0.10103519740730274,0.5808745400726409
26107,LOF,0.024232350699648297,0.08454975322787145,0.8912178960724803
26108,LOF,0.2926585206797544,0.035913587441066125,0.6714278918791794
26109,LOF,0.09001840803781168,0.03632451627232598,0.8736570756898623
26110,LOF,0.46249376152367005,0.00753282522959641,0.5299734132467335
26111,LOF,0.06002478379614618,0.15056817488603283,0.789407041317821
26112,LOF,0.055241213228519395,0.008827994660662858,0.9359307921108178
26113,LOF,0.10327655303022046,0.022740032726555823,0.8739834142432237
26114,LOF,0.09241978808773081,0.007511231803067894,0.9000689801092012
26115,LOF,0.01707744389040452,0.04586810484680638,0.9370544512627891
26116,LOF,0.07013097908161631,0.01916874557309066,0.9107002753452931
26117,LOF,0.38452871719406717,0.03241350600603881,0.583057776799894
26118,LOF,0.04907090311425375,0.015078817045628825,0.9358502798401175
26119,LOF,0.006566823753526108,0.033917372300630445,0.9595158039458435
26120,LOF,0.035388099227650606,0.014261134016077438,0.950350766756272
26121,LOF,0.004515360954950719,0.11685578744785566,0.8786288515971935
