feature0,prediction,LoGoFunc_Neutral,LoGoFunc_GOF,LoGoFunc_LOF
25546,Neutral,0.7386230631265875,0.03364923470434385,0.2277277021690685
25547,Neutral,0.5790413504564708,0.08190964918992279,0.3390490003536064
25548,Neutral,0.5598201756516773,0.0635702710586485,0.37660955328967427
25549,Neutral,0.48194990906332197,0.06385026357992256,0.4541998273567555
25550,LOF,0.3202349825883296,0.11932169380406422,0.5604433236076061
25551,LOF,0.27256401601425934,0.1311086946306827,0.596327289355058
25552,LOF,0.1922551800285373,0.13044043752806186,0.6773043824434009
25553,Neutral,0.8191993608116248,0.032381162730048645,0.14841947645832645
25554,LOF,0.22137021696760306,0.12094163229386565,0.6576881507385314
25555,LOF,0.18199819636139178,0.10524181209294085,0.7127599915456674
25556,LOF,0.3792405917019075,0.10946644339463629,0.5112929649034562
25557,LOF,0.17744305571046698,0.114220304767621,0.708336639521912
25558,LOF,0.2156160879612154,0.12730874643017992,0.6570751656086047
25559,LOF,0.40668684804285704,0.08571228659522123,0.5076008653619217
25560,LOF,0.051635258810276065,0.18667968428326717,0.7616850569064568
25561,LOF,0.10169151586262637,0.22594808941299674,0.6723603947243768
25562,LOF,0.11222431990215344,0.08960398131624067,0.798171698781606
25563,LOF,0.10291173047071903,0.09476878985217996,0.802319479677101
25564,LOF,0.15817865504808232,0.15578333195253732,0.6860380129993804
25565,LOF,0.14348571251368333,0.14557950215799326,0.7109347853283233
25566,GOF,0.015144982153446966,0.7635313132642978,0.2213237045822552
25567,LOF,0.014827947502632999,0.1444547982113922,0.8407172542859749
25568,LOF,0.05290818198133577,0.06752008043575727,0.879571737582907
25569,LOF,0.06410264156174918,0.069510779215951,0.8663865792222999
25570,LOF,0.06943979770616844,0.10245436991159979,0.8281058323822318
25571,LOF,0.06776723385712936,0.09761409353310822,0.8346186726097625
25572,LOF,0.06890515134305432,0.13962103953283497,0.7914738091241108
25573,LOF,0.029698654307467043,0.10074375390840755,0.8695575917841254
25574,LOF,0.01722206629486076,0.16661052134036214,0.8161674123647772
25575,LOF,0.05130684309821291,0.10772680645956362,0.8409663504422235
25576,LOF,0.02106147023613737,0.1254299886438141,0.8535085411200485
25577,LOF,0.015071788024567248,0.1484750316409496,0.8364531803344832
25578,LOF,0.2345135486543395,0.09321223914717315,0.6722742121984874
25579,LOF,0.23639794838572303,0.09212627751955031,0.6714757740947267
25580,LOF,0.03476264443930915,0.08767938852006944,0.8775579670406214
25581,LOF,0.049181588200255665,0.07896900292784366,0.8718494088719005
25582,LOF,0.049189094480415634,0.07599602107404527,0.8748148844455391
25583,LOF,0.04554943297071646,0.10166171677205559,0.8527888502572278
25584,Neutral,0.4623327000529837,0.10382905704530246,0.43383824290171397
25585,LOF,0.0327353469979611,0.11434570550095834,0.8529189475010805
25586,LOF,0.0374201308605747,0.08922161807317111,0.8733582510662542
25587,LOF,0.035623677677474576,0.08206869175964181,0.8823076305628836
25588,LOF,0.039389219145186415,0.10849306435007763,0.852117716504736
25589,Neutral,0.6013890974439208,0.11697501052699803,0.2816358920290812
25590,LOF,0.029432172334692957,0.1441869587255235,0.8263808689397835
25591,LOF,0.09735566472423919,0.06610828881711837,0.8365360464586424
25592,LOF,0.0989180954797871,0.14000024796719507,0.7610816565530178
25593,LOF,0.018987308227450584,0.27257831909215907,0.7084343726803903
25594,LOF,0.02939332546680116,0.2642577610909696,0.7063489134422293
25595,LOF,0.04669849814311058,0.20090980829777857,0.7523916935591108
25596,LOF,0.05888211256976674,0.1341649299241146,0.8069529575061186
25597,LOF,0.05793978569675579,0.09853193794034457,0.8435282763628996
25598,LOF,0.036192423318384556,0.24066637880795946,0.7231411978736559
25599,GOF,0.006609175845976788,0.7870959732910845,0.20629485086293878
25600,GOF,0.008950766680035213,0.5731664813722002,0.4178827519477647
25601,LOF,0.007555867503480999,0.4922257637725739,0.5002183687239451
25602,LOF,0.020778033232115092,0.060192570062461266,0.9190293967054236
25603,LOF,0.03421814493113773,0.04350420958647797,0.9222776454823843
25604,LOF,0.048804856674008655,0.054169190504027805,0.8970259528219636
25605,LOF,0.009625380907907037,0.2322081986232889,0.758166420468804
25606,LOF,0.06561564361335621,0.417054594389362,0.5173297619972819
25607,LOF,0.004983141642741423,0.15326663147097558,0.841750226886283
25608,LOF,0.06114153199947763,0.036990596123869145,0.9018678718766533
25609,LOF,0.05089371383501218,0.3360283931268978,0.61307789303809
25610,LOF,0.04265931002512624,0.035446315275881796,0.921894374698992
25611,LOF,0.04923246846365735,0.03488034477616105,0.9158871867601815
25612,LOF,0.0967947253409453,0.05715717032493154,0.8460481043341233
25613,LOF,0.08314497606710247,0.05390720255803311,0.8629478213748644
25614,LOF,0.034483692043224726,0.04547420582498792,0.9200421021317873
25615,LOF,0.05539784434573023,0.042673165002212764,0.9019289906520571
25616,LOF,0.036674775207997674,0.04377055330301282,0.9195546714889895
25617,LOF,0.0336556558976507,0.048347900500013904,0.9179964436023353
25618,LOF,0.22549502888841294,0.04361903760875759,0.7308859335028295
25619,LOF,0.034373317576841096,0.04039716887839032,0.9252295135447687
25620,LOF,0.03862747048475776,0.053722800155459785,0.9076497293597824
25621,LOF,0.032232022593180414,0.03885463250777795,0.9289133448990416
25622,LOF,0.030166183823146932,0.05345314505813957,0.9163806711187135
25623,LOF,0.06185714614796189,0.04063426926582633,0.8975085845862119
25624,LOF,0.029312687710668642,0.05331846741669148,0.9173688448726398
25625,LOF,0.03487772513337087,0.05867160789659493,0.9064506669700342
25626,LOF,0.07156092235921174,0.040834594847511736,0.8876044827932765
25627,Neutral,0.5722836757530476,0.13733059985224905,0.2903857243947034
25628,LOF,0.18934120332802531,0.07217662294900175,0.738482173722973
25629,LOF,0.06646366272481798,0.13056227163592396,0.802974065639258
25630,LOF,0.18091681118296118,0.12537438139490803,0.6937088074221308
25631,Neutral,0.5991149877408519,0.09867815430439242,0.30220685795475566
25632,LOF,0.021469803227092833,0.08358130688382988,0.8949488898890773
25633,LOF,0.24405955256320752,0.08887321373835927,0.6670672336984332
25634,LOF,0.039245224032407024,0.10151542873927993,0.8592393472283131
25635,LOF,0.04996458833143259,0.09097559471874885,0.8590598169498186
25636,GOF,0.0056892344495812625,0.5323566209316114,0.46195414461880735
25637,LOF,0.005467569511316001,0.48300669595086393,0.51152573453782
25638,LOF,0.008454164185442956,0.3676201111541309,0.6239257246604263
25639,LOF,0.005592396448209625,0.35593380751162373,0.6384737960401666
25640,GOF,0.43201102144057146,0.5265763211001145,0.041412657459314016
25641,LOF,0.007063789003027987,0.388526012762334,0.6044101982346379
25642,LOF,0.2607823770788698,0.07774937167609891,0.6614682512450312
25643,LOF,0.18792717244778506,0.31385646140311063,0.49821636614910425
25644,LOF,0.0322289272359988,0.41537858701169966,0.5523924857523016
25645,LOF,0.024513177812639286,0.3443582426702005,0.6311285795171603
25646,LOF,0.02277826707216191,0.22908448959159416,0.748137243336244
25647,LOF,0.02110090584391056,0.18306573109092383,0.7958333630651656
25648,LOF,0.01794735754672404,0.19570957127474617,0.7863430711785298
25649,LOF,0.01588232094014145,0.14654269335692857,0.8375749857029299
25650,LOF,0.045693746613642915,0.38258335931673504,0.5717228940696221
25651,LOF,0.014682700803470311,0.1791036134425423,0.8062136857539874
25652,LOF,0.019917108042305506,0.18365418132112682,0.7964287106365677
25653,LOF,0.09792483285522731,0.3110646817556667,0.5910104853891059
25654,LOF,0.01619414730844165,0.18180801046847586,0.8019978422230825
25655,LOF,0.11211534317632627,0.24493941766024846,0.6429452391634253
25656,LOF,0.06048750103017181,0.06384770801474363,0.8756647909550845
25657,LOF,0.3020085658219905,0.02896943184319594,0.6690220023348136
25658,LOF,0.037110341706518564,0.07831472187097374,0.8845749364225076
25659,LOF,0.24369071306152149,0.051083994724965845,0.7052252922135127
25660,LOF,0.09248816924970381,0.11067903770805627,0.7968327930422399
25661,LOF,0.07115165118322722,0.08031082094123132,0.8485375278755414
25662,LOF,0.03231453477443858,0.055197732880283554,0.9124877323452778
25663,LOF,0.04141070607490997,0.091156506127003,0.867432787798087
25664,LOF,0.029055834451684828,0.13439359123291128,0.8365505743154038
25665,LOF,0.050221218064977945,0.05532999781032286,0.8944487841246991
25666,LOF,0.03601436604741332,0.20447342206400917,0.7595122118885775
25667,LOF,0.0318077943872775,0.06575333303681506,0.9024388725759074
25668,LOF,0.04102756860123849,0.06352498276995368,0.8954474486288079
25669,LOF,0.04656947324675978,0.1085593061383891,0.8448712206148511
25670,LOF,0.13930431788960235,0.11980406330158373,0.7408916188088139
25671,LOF,0.04028469991346505,0.06416408268563716,0.8955512174008977
25672,LOF,0.050191519370339416,0.09255280898956839,0.8572556716400921
25673,LOF,0.0359214725661308,0.09734478955101611,0.8667337378828531
25674,LOF,0.026812255966001917,0.10775074250033732,0.8654370015336608
25675,LOF,0.03263257526128977,0.09150036810478308,0.875867056633927
25676,LOF,0.032125358305930045,0.08108869970775132,0.8867859419863185
25677,LOF,0.08357378298283301,0.07084151633803501,0.8455847006791319
25678,LOF,0.1379363438719621,0.05983134072283322,0.8022323154052047
25679,LOF,0.1052879361102333,0.09142709196615374,0.8032849719236129
25680,LOF,0.08756100505252028,0.10989624656624494,0.8025427483812347
25681,LOF,0.09605396687857115,0.10437734677950784,0.799568686341921
25682,LOF,0.053050048233139815,0.09192405194758452,0.8550258998192756
25683,LOF,0.07513625571472417,0.1324510241104428,0.7924127201748331
25684,LOF,0.06344141579675508,0.0834291201104867,0.8531294640927581
25685,LOF,0.1284878554401907,0.03880257489026114,0.8327095696695481
25686,LOF,0.03232868114107031,0.08404661624233192,0.8836247026165978
25687,LOF,0.0669874444492165,0.07966697148541804,0.8533455840653654
25688,LOF,0.023518801533577025,0.14825005165425317,0.8282311468121699
25689,LOF,0.01704716754760569,0.08366105708349479,0.8992917753688995
25690,LOF,0.01810671773299531,0.10209275364051751,0.8798005286264872
25691,LOF,0.14433049447133686,0.15688040898196046,0.6987890965467026
25692,LOF,0.18498539032871067,0.023201442376926104,0.7918131672943632
25693,LOF,0.042660755832707696,0.17604410659890538,0.7812951375683869
25694,LOF,0.2874590218279941,0.012861047379816203,0.6996799307921897
25695,LOF,0.2150120971798058,0.01814294081332179,0.7668449620068724
25696,LOF,0.15760143442814342,0.011005455831976018,0.8313931097398806
25697,LOF,0.11216696411616299,0.032123803237954135,0.855709232645883
25698,LOF,0.027119561346223772,0.3395367119331416,0.6333437267206347
25699,LOF,0.0815383915991176,0.07111740574191994,0.8473442026589624
25700,LOF,0.032696749049071015,0.01519861850819429,0.9521046324427347
25701,LOF,0.015083655611312863,0.07548779927404584,0.9094285451146413
25702,GOF,0.0274839392761181,0.7684982851691247,0.20401777555475706
25703,LOF,0.016505210398704156,0.22843153005660016,0.7550632595446958
25704,LOF,0.11425111356353246,0.18238984416522847,0.7033590422712391
25705,LOF,0.0811397108213784,0.2686728107387772,0.6501874784398444
25706,GOF,0.029127776001948817,0.6187971797966598,0.3520750442013914
25707,GOF,0.032913005769835996,0.6324582172173223,0.3346287770128417
25708,GOF,0.007961231518988574,0.5943117871921931,0.39772698128881834
25709,LOF,0.023400170639670946,0.09529610401686907,0.88130372534346
25710,LOF,0.00513168892436715,0.25580439549526446,0.7390639155803684
25711,LOF,0.026970849936035206,0.15000381897787982,0.823025331086085
25712,LOF,0.006383622591712301,0.31005335577337,0.6835630216349177
25713,LOF,0.022998721854466025,0.13557951765062162,0.8414217604949124
25714,LOF,0.025587486457386486,0.17806861953003106,0.7963438940125824
25715,LOF,0.02864042310773534,0.15682456535922368,0.8145350115330411
25716,LOF,0.008423823062358947,0.15723767458133833,0.8343385023563027
25717,LOF,0.005533543634693621,0.17643511971418563,0.8180313366511207
25718,LOF,0.02444456862260026,0.10693021655406479,0.8686252148233351
25719,LOF,0.033756582090524755,0.12547106193807797,0.8407723559713972
25720,LOF,0.032161491191760254,0.11711011055524138,0.8507283982529984
25721,LOF,0.02894102945441336,0.10595013516587314,0.8651088353797135
25722,LOF,0.017819414710196626,0.14806730746009505,0.8341132778297083
25723,LOF,0.027224527885323875,0.0982018992215062,0.87457357289317
25724,LOF,0.026778509217923366,0.19233578665895315,0.7808857041231234
25725,LOF,0.028553226676295267,0.10076260887998527,0.8706841644437194
25726,LOF,0.018243723118625405,0.13140053496532125,0.8503557419160533
25727,LOF,0.023935964099774137,0.13495915752168422,0.8411048783785415
25728,LOF,0.02618359974483248,0.13077273955941895,0.8430436606957485
25729,LOF,0.025895098437023596,0.13885481845820086,0.8352500831047756
25730,LOF,0.028445283921068168,0.10067436133262897,0.8708803547463028
25731,LOF,0.010153906823683388,0.22859733826800177,0.7612487549083149
25732,LOF,0.02235857772170788,0.11369371546606719,0.863947706812225
25733,LOF,0.03617655363963371,0.11683758043465495,0.8469858659257113
25734,LOF,0.005943229484871805,0.30324129600480365,0.6908154745103245
25735,LOF,0.02347532248642461,0.09968236715537564,0.8768423103581998
25736,LOF,0.022462574232441978,0.15879077612740705,0.818746649640151
25737,LOF,0.050630166370623016,0.14863335027724606,0.8007364833521309
25738,LOF,0.023732244731981312,0.1876777886758515,0.7885899665921672
25739,LOF,0.025660189079990743,0.16143220183850227,0.812907609081507
25740,LOF,0.030079248949032838,0.16999781007246623,0.7999229409785009
25741,LOF,0.035392236557988205,0.14775239962617612,0.8168553638158357
25742,LOF,0.04538197511757126,0.1556954035325411,0.7989226213498876
25743,LOF,0.011673098129102043,0.03228124720497431,0.9560456546659236
25744,LOF,0.18947490568578548,0.30100390646721753,0.509521187846997
25745,LOF,0.03415823424680151,0.10093534885674504,0.8649064168964534
25746,LOF,0.015013435456078063,0.14701469734671369,0.8379718671972083
25747,LOF,0.040659673074868986,0.031123111474463287,0.9282172154506676
25748,LOF,0.29023883684122265,0.05847085071249152,0.6512903124462859
25749,LOF,0.012906249636556347,0.0793023250817868,0.9077914252816569
25750,LOF,0.01907975212027211,0.08158299271906441,0.8993372551606634
25751,LOF,0.04076422556756523,0.05316248225051525,0.9060732921819195
25752,GOF,0.07412697333431459,0.7182210222537069,0.20765200441197862
25753,LOF,0.006605694872300025,0.4195489677155153,0.5738453374121847
25754,GOF,0.007174511937327567,0.8820547070993525,0.11077078096331996
25755,LOF,0.0060940227115422,0.42967951405038607,0.5642264632380717
25756,LOF,0.027996894120193204,0.4346561169674885,0.5373469889123181
25757,GOF,0.007591286040134951,0.8710453679008391,0.12136334605902589
25758,GOF,0.00811040222784107,0.8635700808093132,0.1283195169628457
25759,GOF,0.005522139380481461,0.6302736952925262,0.3642041653269923
25760,LOF,0.004940278555089653,0.34645084100892154,0.6486088804359887
25761,GOF,0.04832803562734176,0.8444863262581096,0.10718563811454868
25762,LOF,0.031394893389438745,0.3755544157355216,0.5930506908750397
25763,LOF,0.005789973067083214,0.28580876196598387,0.708401264966933
25764,GOF,0.051013061109649704,0.6211323383439187,0.32785460054643156
25765,GOF,0.007396554974515421,0.8519569620499026,0.14064648297558188
25766,GOF,0.047927217247949475,0.8068172689358686,0.1452555138161819
25767,GOF,0.01655542498417914,0.5581752992213164,0.42526927579450446
25768,LOF,0.05247301704175016,0.06994708716843175,0.8775798957898181
25769,LOF,0.032838262482203354,0.06727108764431033,0.8998906498734863
25770,LOF,0.14104331041960097,0.05665116637398662,0.8023055232064124
25771,LOF,0.016557734273555842,0.049031127240102806,0.9344111384863413
25772,LOF,0.029997380846293414,0.021997931297377593,0.948004687856329
25773,LOF,0.019079403642696294,0.05197275690361108,0.9289478394536925
25774,LOF,0.024240201084336853,0.09117953120873123,0.8845802677069319
25775,LOF,0.021395585885708262,0.033271326575383044,0.9453330875389087
25776,LOF,0.031451819865093975,0.018503903877551176,0.9500442762573548
25777,LOF,0.12935806040549494,0.059906034275165776,0.8107359053193393
25778,LOF,0.025169529668126567,0.04256638381154521,0.9322640865203281
25779,GOF,0.04760339539251028,0.8908162085927475,0.061580396014742335
25780,GOF,0.07286695501723907,0.8798751672666353,0.04725787771612552
25781,GOF,0.02883074606996739,0.8609978546605478,0.11017139926948497
25782,GOF,0.03549014328604078,0.9055014222776832,0.059008434436276014
25783,GOF,0.033420449950746126,0.9174877753347702,0.04909177471448365
25784,GOF,0.08659270926012831,0.8680963337122871,0.0453109570275845
25785,GOF,0.09998246901508526,0.8660076676498883,0.03400986333502633
25786,GOF,0.010083191286368368,0.8833574147004153,0.10655939401321642
25787,GOF,0.2114346124451706,0.744211591921373,0.044353795633456455
25788,LOF,0.01710231644113426,0.17484028119777023,0.8080574023610955
25789,GOF,0.017186288707079292,0.8748257064461745,0.10798800484674624
25790,GOF,0.02915157525019717,0.8835381183005547,0.08731030644924813
25791,GOF,0.0228028258219956,0.7787078894991859,0.19848928467881846
25792,GOF,0.026824527567140544,0.8191834962870876,0.15399197614577187
25793,GOF,0.06600840546740229,0.851170814106541,0.08282078042605674
25794,GOF,0.03528923716185251,0.7724897408382735,0.19222102199987395
25795,GOF,0.053505036267858984,0.7312394445282776,0.21525551920386343
25796,GOF,0.10894947631408135,0.8094082678559016,0.081642255830017
25797,GOF,0.08091342957090149,0.7483678555081563,0.17071871492094212
25798,GOF,0.006787651482216898,0.7709071026480133,0.2223052458697698
25799,GOF,0.0043096605598315916,0.6907292916951262,0.3049610477450423
25800,GOF,0.027292538355646698,0.8395580222156495,0.1331494394287039
25801,GOF,0.02104525553422823,0.9108035642042055,0.06815118026156633
25802,GOF,0.0313119777263995,0.8311722498126045,0.1375157724609959
25803,GOF,0.021770905655566407,0.7344589137242363,0.24377018062019717
25804,GOF,0.03290600476773477,0.7880913507065085,0.17900264452575682
25805,GOF,0.028139188848650302,0.7988523071079757,0.17300850404337403
25806,GOF,0.03825378067653662,0.7956618216431308,0.16608439768033262
25807,GOF,0.012017893697987796,0.7655293173928168,0.22245278890919531
25808,GOF,0.022895245525393997,0.7918144717641648,0.18529028271044118
25809,GOF,0.010824587883777952,0.7169050873406371,0.27227032477558505
25810,GOF,0.00919221052992359,0.7033114686022512,0.28749632086782506
25811,GOF,0.053824665042769955,0.8793412273542269,0.06683410760300298
25812,GOF,0.031109754734896525,0.8130727496649491,0.1558174956001543
25813,GOF,0.144368684839659,0.7908897573371415,0.06474155782319951
25814,GOF,0.02895806168204319,0.8272378636968788,0.14380407462107794
25815,GOF,0.05375134302107894,0.8578149418127946,0.08843371516612646
25816,GOF,0.009603800757299764,0.8618852636971545,0.1285109355455459
25817,GOF,0.1045230007869182,0.7968527750979283,0.09862422411515363
25818,GOF,0.027815389498671086,0.793300702594757,0.1788839079065718
25819,GOF,0.0443398259121831,0.7661294398664525,0.1895307342213644
25820,GOF,0.03912547352969308,0.7070042207392817,0.2538703057310252
25821,GOF,0.0274744382714078,0.7522689714078211,0.22025659032077116
25822,GOF,0.047907329159204357,0.7512666771909663,0.20082599364982934
25823,GOF,0.0287288167896884,0.742566944614765,0.22870423859554667
25824,GOF,0.028179607733415234,0.7966653365308094,0.17515505573577547
25825,GOF,0.022128878779815852,0.7934353207822346,0.18443580043794966
25826,GOF,0.010585900862450526,0.7473521923484763,0.24206190678907322
25827,GOF,0.015052414326943379,0.6869506705434397,0.29799691512961696
25828,GOF,0.011306094321256023,0.7321542407879538,0.2565396648907903
25829,GOF,0.00421595637310539,0.6790340915246424,0.31674995210225204
25830,GOF,0.03835311479136304,0.5294614262207502,0.43218545898788674
25831,GOF,0.06103875937438958,0.8103768541700397,0.12858438645557072
25832,GOF,0.011404365250128461,0.7710339995103557,0.2175616352395159
25833,GOF,0.03823629415394687,0.8255656390541406,0.13619806679191263
25834,GOF,0.011789662055091051,0.7856738349463916,0.20253650299851725
25835,GOF,0.02755388671439907,0.833868807360771,0.13857730592482978
25836,GOF,0.00819071184385638,0.7632471379099263,0.22856215024621734
25837,GOF,0.010797532949319491,0.7817817373327485,0.20742072971793213
25838,GOF,0.02511858238337867,0.8518734435402602,0.12300797407636109
25839,GOF,0.07231350201106915,0.816970559498338,0.11071593849059287
25840,GOF,0.10296080564821253,0.7860463338187601,0.11099286053302743
25841,GOF,0.09964166707671765,0.8168813457194604,0.08347698720382209
25842,GOF,0.033643057984179874,0.8720912030530167,0.0942657389628035
25843,GOF,0.03322962440896581,0.8776874121779252,0.08908296341310894
25844,GOF,0.02319646887586503,0.8401014248131221,0.13670210631101268
25845,GOF,0.007792150090862612,0.7620278031865612,0.2301800467225761
25846,GOF,0.06853370505888817,0.8384503527361741,0.09301594220493783
25847,GOF,0.02178584957075665,0.8792295007953039,0.09898464963393935
25848,GOF,0.02708260439961153,0.8586008323035133,0.11431656329687503
25849,GOF,0.008459081737291117,0.833990241477454,0.1575506767852548
25850,GOF,0.007444772835743497,0.7433224072160404,0.2492328199482162
25851,GOF,0.006826029019042137,0.6961486199455867,0.2970253510353711
25852,GOF,0.14387999020362632,0.5823200162443117,0.27379999355206186
25853,GOF,0.06159976734310994,0.8221826382268156,0.11621759443007446
25854,GOF,0.006683329887661311,0.7120490796355824,0.28126759047675637
25855,GOF,0.02086987568218953,0.7024699122239463,0.2766602120938642
25856,GOF,0.04051121719675931,0.777228609591303,0.1822601732119377
25857,GOF,0.02041350972439993,0.6938621715735592,0.2857243187020409
25858,GOF,0.010906901207205132,0.7015658113051955,0.28752728748759954
25859,GOF,0.008337074215865974,0.6723178203020957,0.3193451054820382
25860,GOF,0.0806661100333683,0.7847358767618514,0.1345980132047803
25861,GOF,0.10698296667289803,0.7957791886354509,0.09723784469165103
25862,GOF,0.027426567197822882,0.8882344367286564,0.0843389960735206
25863,GOF,0.02515541801863262,0.8872545841532062,0.08758999782816133
25864,GOF,0.06679123753555158,0.8725534000496167,0.06065536241483177
25865,GOF,0.053612091876155385,0.8461477790318371,0.1002401290920075
25866,GOF,0.0256437344545785,0.87782256365142,0.09653370189400155
25867,GOF,0.039874588182393846,0.8766104283134212,0.08351498350418496
25868,GOF,0.06939867420222937,0.8198456084323127,0.11075571736545789
25869,GOF,0.36431391391553075,0.5487852741277242,0.08690081195674511
25870,GOF,0.07001342749396257,0.5677991225215084,0.36218744998452906
25871,GOF,0.011870663575856052,0.8591336368524427,0.12899569957170123
25872,GOF,0.024762256709625882,0.8368704475747264,0.13836729571564785
25873,GOF,0.024734605043883653,0.8848223129576681,0.09044308199844824
25874,LOF,0.016712753582108667,0.20075042868153545,0.782536817736356
25875,LOF,0.03945876745729775,0.05479073780286452,0.9057504947398378
25876,LOF,0.0226223419868823,0.04067164892691741,0.9367060090862002
25877,LOF,0.12579035353712523,0.09739310775074313,0.7768165387121317
25878,LOF,0.09605067603621362,0.12342175820532365,0.7805275657584627
25879,LOF,0.01581817073272965,0.09489231429086911,0.8892895149764013
25880,LOF,0.08022063526761766,0.015091168983964799,0.9046881957484174
25881,Neutral,0.5407042427767674,0.09088226340315711,0.3684134938200755
25882,LOF,0.0696815940117102,0.02890083707682769,0.9014175689114622
25883,LOF,0.02892799069391705,0.03047163824788613,0.9406003710581968
25884,LOF,0.019041332098621713,0.04641640416801894,0.9345422637333592
25885,LOF,0.1954183111127681,0.015168072641845682,0.7894136162453863
25886,LOF,0.2590278933258612,0.06302005153217873,0.6779520551419601
25887,LOF,0.12533795890496582,0.11764656827382292,0.7570154728212113
25888,LOF,0.008687554311110963,0.1614367208825286,0.8298757248063605
25889,LOF,0.02702410387048032,0.041165714305551875,0.9318101818239677
25890,LOF,0.18305945430546217,0.0572865952231802,0.7596539504713578
25891,LOF,0.12109514348337808,0.029087601581287502,0.8498172549353344
25892,LOF,0.008720578728122874,0.03425552591764278,0.9570238953542344
25893,LOF,0.40454941110912757,0.010237407515472318,0.5852131813754001
25894,LOF,0.3707258649767267,0.007076995536220835,0.6221971394870525
25895,LOF,0.3313094972750219,0.015083186358402563,0.6536073163665755
25896,LOF,0.06974156246288199,0.03596506836682124,0.8942933691702968
25897,LOF,0.12364521386619225,0.012085633016864843,0.864269153116943
25898,LOF,0.14343737920633487,0.036977532254977866,0.8195850885386873
25899,LOF,0.4129777840710283,0.037001275567802284,0.5500209403611694
25900,LOF,0.49135808457347796,0.009971400484489783,0.49867051494203224
25901,LOF,0.08771741371629266,0.011662709349656467,0.9006198769340509
25902,LOF,0.083482204473179,0.015529278967648455,0.9009885165591727
25903,LOF,0.2750724578474873,0.027550533100170742,0.697377009052342
25904,Neutral,0.49720007239536373,0.04754059160982937,0.4552593359948069
25905,LOF,0.0073944525720366335,0.44644968865976914,0.5461558587681942
25906,LOF,0.009745743132586923,0.08717662503522786,0.9030776318321853
25907,LOF,0.010048656729850326,0.28246193704504063,0.7074894062251089
25908,LOF,0.009624052823111481,0.29878747051969484,0.6915884766571937
25909,LOF,0.03330673972389793,0.11332003560153485,0.8533732246745673
25910,LOF,0.012037208740003462,0.1351617574343545,0.8528010338256421
25911,LOF,0.20120330937885797,0.02632573700461076,0.7724709536165314
25912,LOF,0.09836024091368047,0.020560821589678403,0.881078937496641
25913,LOF,0.02686966582552849,0.03390640901396404,0.9392239251605075
25914,LOF,0.047226670372680676,0.024178099821771354,0.9285952298055479
25915,LOF,0.24956325878652613,0.10467400735710738,0.6457627338563665
25916,LOF,0.027239955057964765,0.060268006005057516,0.9124920389369776
25917,LOF,0.07936580626335828,0.025817598174469818,0.894816595562172
25918,LOF,0.046615416735138804,0.014553771705159573,0.9388308115597017
25919,LOF,0.03828973133281099,0.014861839751982485,0.9468484289152066
25920,LOF,0.34377957813811877,0.24432550101814396,0.41189492084373736
25921,LOF,0.016360280551779037,0.02141912835795999,0.9622205910902609
25922,LOF,0.014364266798123016,0.022974344298558585,0.9626613889033184
25923,LOF,0.4508540866587413,0.016229170514412937,0.5329167428268458
25924,LOF,0.0296389694487006,0.029402863882878827,0.9409581666684206
25925,LOF,0.09688295476421793,0.03200170765302262,0.8711153375827594
25926,LOF,0.08207709916626539,0.021165316461146545,0.896757584372588
25927,LOF,0.02777537618950595,0.05147644974602538,0.9207481740644686
25928,LOF,0.012820661307951628,0.028175140462631067,0.9590041982294173
25929,Neutral,0.5818568835705638,0.015451038517382729,0.40269207791205347
25930,LOF,0.09020438058042353,0.01413441942375229,0.8956611999958242
25931,LOF,0.014499840708095768,0.01785898257069457,0.9676411767212098
25932,LOF,0.08618713444069077,0.017432544046029484,0.8963803215132798
25933,LOF,0.09043587880809999,0.011325620465596703,0.8982385007263032
25934,LOF,0.08153594394453967,0.009682173600776382,0.9087818824546839
25935,LOF,0.09365782308918555,0.02819122664174091,0.8781509502690734
25936,LOF,0.11075319298574235,0.010798735695949179,0.8784480713183084
25937,LOF,0.01975554252793668,0.01667527332791836,0.9635691841441449
25938,LOF,0.09909030516998818,0.025740915801485457,0.8751687790285264
25939,LOF,0.06760015161202011,0.014485396371390163,0.9179144520165897
25940,GOF,0.009770039073760148,0.5466717693187252,0.44355819160751464
25941,LOF,0.45761807471002774,0.0439963629638211,0.49838556232615117
25942,LOF,0.009735962016444721,0.0509919761643599,0.9392720618191954
25943,LOF,0.04344208404195846,0.18367115965253958,0.7728867563055019
25944,LOF,0.040768676035784365,0.09370794622249573,0.86552337774172
25945,LOF,0.16691788909248276,0.027596070485083918,0.8054860404224333
25946,LOF,0.06395085026664937,0.04168536418256395,0.8943637855507868
25947,Neutral,0.47596145211401836,0.12018850240176963,0.40385004548421205
25948,LOF,0.37244431964524816,0.016504982895611576,0.6110506974591402
25949,LOF,0.12706019502728777,0.07829953710521007,0.7946402678675021
25950,GOF,0.1283809374170623,0.5782057331427423,0.29341332944019544
25951,LOF,0.019057450281203488,0.45490785135153106,0.5260346983672655
25952,LOF,0.20848417283372464,0.24819244200495977,0.5433233851613156
25953,LOF,0.009965568956124242,0.34841513541810026,0.6416192956257756
25954,GOF,0.11842068082045479,0.46115010574600956,0.4204292134335356
25955,LOF,0.010887136034551714,0.24796246853446424,0.741150395430984
25956,LOF,0.01344588321562856,0.3503489575224727,0.6362051592618987
25957,LOF,0.14123988917709415,0.043986795596960906,0.8147733152259449
25958,LOF,0.03085424466061514,0.060499638879573346,0.9086461164598114
25959,GOF,0.007582549570142069,0.7687984031174937,0.22361904731236412
25960,LOF,0.004325899377482977,0.13567290538721932,0.8600011952352977
25961,LOF,0.026923470892454258,0.048251355589538344,0.9248251735180075
25962,LOF,0.03274639988582078,0.06780743482810503,0.8994461652860742
25963,LOF,0.008454675964898318,0.12394574927050363,0.8675995747645981
25964,LOF,0.03904612582888875,0.13705669220161132,0.8238971819695
25965,LOF,0.23117100604398233,0.15923110262563958,0.609597891330378
25966,LOF,0.34046729935079884,0.1195186484749092,0.540014052174292
25967,LOF,0.005943918289665001,0.09329334630338798,0.9007627354069471
25968,LOF,0.04259321307610881,0.2488887665602612,0.70851802036363
25969,LOF,0.1440811882305569,0.06201315796801213,0.793905653801431
25970,LOF,0.06884107982047567,0.07938839359113539,0.8517705265883889
25971,LOF,0.0693447295928987,0.03349028984708475,0.8971649805600167
25972,LOF,0.08813654121400755,0.059051433197097436,0.852812025588895
25973,LOF,0.05449873337993786,0.014840267008772138,0.93066099961129
25974,LOF,0.04861158985849591,0.04883456940060099,0.9025538407409032
25975,LOF,0.03633304231500941,0.020370715535071096,0.9432962421499196
25976,LOF,0.08382824091815236,0.01539414829023869,0.9007776107916089
25977,LOF,0.26197544811978174,0.05021363365846983,0.6878109182217484
25978,LOF,0.175429033053819,0.13678401325395415,0.687786953692227
25979,LOF,0.14222293470336822,0.156362652694375,0.7014144126022568
25980,LOF,0.2112296738548833,0.21324763939957825,0.5755226867455384
25981,LOF,0.21243678439689792,0.21582043852551006,0.5717427770775921
25982,LOF,0.3660148800972152,0.12198059768919418,0.5120045222135906
25983,Neutral,0.45226763484778254,0.12753932243226965,0.42019304271994773
25984,LOF,0.06709761646383514,0.09236960571573456,0.8405327778204302
25985,Neutral,0.5001514743394018,0.11851568416367454,0.3813328414969237
25986,LOF,0.012983583407123894,0.45891965537047036,0.5280967612224058
25987,LOF,0.04093949494656814,0.10385397186883716,0.8552065331845946
25988,LOF,0.0637660831260217,0.14284081696466464,0.7933930999093136
25989,LOF,0.07161548129333682,0.19970126440154373,0.7286832543051194
25990,LOF,0.06086633296841724,0.35252009071326196,0.5866135763183209
25991,LOF,0.02747574556438452,0.473358152544793,0.49916610189082256
25992,LOF,0.017975102920530336,0.4296703836910786,0.5523545133883911
25993,LOF,0.02026276387466036,0.054668531111979994,0.9250687050133597
25994,LOF,0.029885636992485743,0.05986449827464771,0.9102498647328665
25995,LOF,0.01920674567382841,0.10863635811071767,0.8721568962154539
25996,GOF,0.3839401765703416,0.3854477052145283,0.23061211821513006
25997,LOF,0.05833217914978891,0.44689279319728453,0.4947750276529265
25998,LOF,0.2347339353195292,0.046114385854864715,0.719151678825606
25999,LOF,0.043211853535317285,0.12861425477106692,0.8281738916936158
26000,LOF,0.1431504135269108,0.015337827395005854,0.8415117590780833
26001,LOF,0.20823554754982754,0.021600128825597437,0.770164323624575
26002,LOF,0.10205396852647569,0.027972033249681415,0.8699739982238428
26003,GOF,0.006020321714300938,0.6346725505045485,0.35930712778115054
26004,GOF,0.011681142146089363,0.590666000119681,0.39765285773422965
26005,LOF,0.004407134554454162,0.4932230353765103,0.5023698300690355
26006,GOF,0.08238539343155965,0.523325047695888,0.3942895588725524
26007,GOF,0.008462153472549165,0.507075997006308,0.48446184952114274
26008,GOF,0.0055584551047812535,0.5690028390177487,0.42543870587747
26009,GOF,0.009906220027004276,0.6080021645923912,0.38209161538060443
26010,GOF,0.008064374945129182,0.5664790560973847,0.4254565689574861
26011,LOF,0.004239183152980891,0.40980427935344266,0.5859565374935765
26012,GOF,0.004944218461908636,0.5525746332092111,0.4424811483288803
26013,GOF,0.009970719431423568,0.5634678434324145,0.42656143713616185
26014,LOF,0.03987107274835722,0.09028030092636319,0.8698486263252795
26015,LOF,0.38355291426882304,0.025922298959105524,0.5905247867720714
26016,LOF,0.30100182135267883,0.03847764652112939,0.6605205321261918
26017,LOF,0.014932282328728034,0.1837760764234266,0.8012916412478454
26018,LOF,0.02784367600380353,0.08153250151165803,0.8906238224845384
26019,LOF,0.027450597318970964,0.07098698693355388,0.9015624157474752
26020,LOF,0.007143395416478712,0.20173549861556406,0.7911211059679573
26021,LOF,0.06637800377524775,0.08649113702913905,0.8471308591956133
26022,LOF,0.03454022571456164,0.03922704546582672,0.9262327288196116
26023,LOF,0.0213496687861683,0.051871507967946734,0.926778823245885
26024,LOF,0.038797717762213815,0.06383725042872863,0.8973650318090576
26025,LOF,0.115579906435307,0.07087443622189397,0.813545657342799
26026,LOF,0.1051209493613075,0.051010713483402484,0.84386833715529
26027,LOF,0.028288588939469363,0.0313758056769948,0.9403356053835358
26028,LOF,0.06557250900498378,0.1666499342949939,0.7677775567000223
26029,LOF,0.02567542017634468,0.15437834232466616,0.8199462374989891
26030,LOF,0.12275720158201174,0.024021098001563518,0.8532217004164246
26031,LOF,0.011959466845952815,0.14296287169204686,0.8450776614620003
26032,LOF,0.03691053433425475,0.04014918630651376,0.9229402793592315
26033,LOF,0.0399469839673504,0.040335618135271555,0.9197173978973782
26034,LOF,0.015743848219277937,0.10751411341061996,0.8767420383701021
26035,LOF,0.010937238484210935,0.10871373443062014,0.8803490270851688
26036,LOF,0.010576849499877233,0.09131883596461354,0.8981043145355091
26037,LOF,0.009808574872819258,0.09685380816654382,0.893337616960637
26038,LOF,0.03139337555696244,0.03522449043950712,0.9333821340035305
26039,LOF,0.027875603522698616,0.13089324460706364,0.8412311518702378
26040,LOF,0.08741309674244477,0.11344480214521972,0.7991421011123355
26041,LOF,0.011316999990623487,0.09529364846067905,0.8933893515486975
26042,LOF,0.010559505752106705,0.10029738582204614,0.8891431084258471
26043,LOF,0.031438062271667865,0.05672113310709871,0.9118408046212334
26044,LOF,0.006856380288670523,0.046840034029949885,0.9463035856813795
26045,LOF,0.06287891446259382,0.14386587743765702,0.7932552080997491
26046,LOF,0.028430082660758395,0.04082640608969634,0.9307435112495452
26047,LOF,0.05983636825172531,0.0409419481890297,0.899221683559245
26048,LOF,0.08010469942420799,0.01613974511433801,0.9037555554614539
26049,Neutral,0.9417571560245811,0.005408598468672899,0.05283424550674612
26050,Neutral,0.9059632281988924,0.006085461726985102,0.08795131007412249
26051,LOF,0.029629149479200898,0.0931742659344048,0.8771965845863943
26052,LOF,0.030953678462354507,0.07253457826530758,0.8965117432723378
26053,LOF,0.019321952979078887,0.15218472231451813,0.8284933247064029
26054,LOF,0.04712872377617443,0.03930330606289927,0.9135679701609264
26055,LOF,0.06693722194221492,0.0347429217859127,0.8983198562718725
26056,LOF,0.055396597843678376,0.044711819203991164,0.8998915829523305
26057,LOF,0.058649108863347565,0.020038560908782227,0.9213123302278703
26058,LOF,0.0636192879216112,0.015888985666105693,0.920491726412283
26059,LOF,0.23893519482161826,0.0319283319095165,0.7291364732688652
26060,LOF,0.016133202070109237,0.19085386691730122,0.7930129310125895
26061,LOF,0.009893116334922654,0.015340977864911063,0.9747659058001663
26062,LOF,0.0053723562984015665,0.02036198216894208,0.9742656615326564
26063,LOF,0.04882143410447666,0.015157662817348282,0.9360209030781751
26064,LOF,0.013522593679968753,0.02117338701508008,0.9653040193049512
26065,LOF,0.06793858089663027,0.01799075572023343,0.9140706633831363
26066,LOF,0.04732149336553912,0.014410650222514794,0.938267856411946
26067,LOF,0.05711348558131476,0.012991231445321754,0.9298952829733635
26068,LOF,0.04934500856714508,0.03897270441711303,0.9116822870157419
26069,LOF,0.20689729010942523,0.028014867183771407,0.7650878427068033
26070,LOF,0.4389197414124843,0.01982925446046451,0.5412510041270512
26071,LOF,0.05271146849118535,0.015483667842103484,0.9318048636667112
26072,LOF,0.0060486554075458564,0.022479154232598587,0.9714721903598555
26073,LOF,0.04226181870688117,0.017085546168459854,0.940652635124659
26074,Neutral,0.7962006924007425,0.013504753229398744,0.1902945543698587
26075,LOF,0.04492177626463343,0.03127897841671182,0.9237992453186548
26076,LOF,0.042546230265868894,0.016048161527913146,0.941405608206218
26077,LOF,0.15512848772447552,0.011629870841499376,0.833241641434025
26078,LOF,0.005876808088600569,0.0261944252445903,0.9679287666668092
26079,LOF,0.055259661582142496,0.026314233415941125,0.9184261050019163
26080,LOF,0.05389364087151205,0.02651714821568797,0.9195892109127999
26081,LOF,0.04288801262746763,0.012163715869304466,0.944948271503228
26082,LOF,0.00594824899192814,0.022502390795616885,0.971549360212455
26083,LOF,0.10566880340198144,0.02595963969562676,0.8683715569023919
26084,LOF,0.12744020950943577,0.02296505904358055,0.8495947314469837
26085,LOF,0.11668564111361357,0.018695787700287025,0.8646185711860994
26086,LOF,0.04205638372611339,0.01823168364277415,0.9397119326311125
26087,LOF,0.04035206801804985,0.015723417459215374,0.9439245145227347
26088,LOF,0.006055269776494885,0.03502223938930323,0.9589224908342019
26089,LOF,0.038557655021456944,0.0371532435794355,0.9242891013991076
26090,LOF,0.03886602205741868,0.03048586819755687,0.9306481097450245
26091,LOF,0.030272122086220796,0.011415877802683726,0.9583120001110954
26092,LOF,0.04482609044473244,0.01300123767772449,0.942172671877543
26093,LOF,0.06040050290232668,0.009008811087382584,0.9305906860102907
26094,LOF,0.03443753492654573,0.010004778773296651,0.9555576863001575
26095,LOF,0.018156385788671316,0.024229427724362533,0.9576141864869661
26096,LOF,0.2326531264392465,0.006543793164793769,0.7608030803959597
26097,LOF,0.005937646560512789,0.06009981341158859,0.9339625400278986
26098,LOF,0.08705789874816298,0.02711617500384523,0.8858259262479918
26099,LOF,0.045489567815130305,0.025763370549969817,0.9287470616349
26100,LOF,0.04547670818948234,0.025763717646543654,0.9287595741639741
26101,LOF,0.04659450042030592,0.04737078716480391,0.9060347124148901
26102,LOF,0.035359364472329784,0.0226101949196187,0.9420304406080515
26103,Neutral,0.900299962700707,0.02922979568583035,0.07047024161346256
26104,LOF,0.051519225109414035,0.04552594281324534,0.9029548320773407
26105,LOF,0.2293435788045746,0.12473327732107409,0.6459231438743512
26106,LOF,0.3366990272681377,0.046875093129820626,0.6164258796020416
26107,LOF,0.021419066720914405,0.0714616743704553,0.9071192589086303
26108,LOF,0.2144127849139202,0.04848990466944231,0.7370973104166375
26109,LOF,0.062039665752248514,0.036905310031261206,0.9010550242164903
26110,LOF,0.40422144369065244,0.01495035792665659,0.5808281983826911
26111,LOF,0.06943756460610492,0.100419382705564,0.8301430526883311
26112,LOF,0.05542701491694957,0.013168328118246577,0.9314046569648039
26113,LOF,0.1215612088829779,0.0352492620329947,0.8431895290840273
26114,LOF,0.09668211070158839,0.006753482281398845,0.8965644070170127
26115,LOF,0.021057996337193442,0.04444700711265967,0.934494996550147
26116,LOF,0.09366822761448036,0.018839543689286028,0.8874922286962336
26117,LOF,0.33811745236624136,0.054414335490272525,0.607468212143486
26118,LOF,0.03348322100499905,0.02508851504029365,0.9414282639547074
26119,LOF,0.005027558920854273,0.12577551475297805,0.8691969263261677
26120,LOF,0.029345207010063715,0.023619396814760985,0.9470353961751754
26121,LOF,0.0038523255336795127,0.16192399429972765,0.8342236801665929
