feature0,prediction,LoGoFunc_Neutral,LoGoFunc_GOF,LoGoFunc_LOF
25546,Neutral,0.6628472485257823,0.05901801293509164,0.2781347385391262
25547,LOF,0.3202210360116741,0.26764158138503696,0.4121373826032888
25548,LOF,0.2777409699355307,0.15186324714366986,0.5703957829207994
25549,LOF,0.19003185948308798,0.18873294034528373,0.6212352001716283
25550,Neutral,0.6035541017689552,0.06252328159074028,0.3339226166403046
25551,Neutral,0.48009583538971273,0.07891904509897091,0.4409851195113163
25552,LOF,0.10654255363079194,0.14631176407448623,0.7471456822947219
25553,LOF,0.46394073636833516,0.06346195491141546,0.4725973087202493
25554,LOF,0.14383400771942578,0.21594766136596272,0.6402183309146116
25555,LOF,0.10500226798016501,0.12661095519306909,0.7683867768267658
25556,LOF,0.16359729695518344,0.17875695106162173,0.6576457519831947
25557,LOF,0.0931412056806075,0.144523158780787,0.7623356355386055
25558,LOF,0.16268285047261483,0.18971391237622184,0.6476032371511633
25559,Neutral,0.5491344631593894,0.15792734524136484,0.2929381915992458
25560,LOF,0.07304568230650405,0.13768513428792897,0.789269183405567
25561,LOF,0.15497076905564794,0.1746440785071828,0.6703851524371692
25562,LOF,0.32073976223046224,0.03572595298962908,0.6435342847799088
25563,Neutral,0.5692722718845875,0.06602280409767926,0.36470492401773325
25564,LOF,0.05345092867910026,0.07731411852925983,0.8692349527916399
25565,LOF,0.13282970175710024,0.253545992047781,0.6136243061951188
25566,GOF,0.03187711498666209,0.5204187374536476,0.4477041475596902
25567,LOF,0.3432853311767766,0.0958608619404597,0.5608538068827638
25568,Neutral,0.7147806111913806,0.07589852599344564,0.2093208628151737
25569,Neutral,0.6841951644998646,0.05085560859551274,0.26494922690462264
25570,LOF,0.07161402637122806,0.20818587911982087,0.7202000945089511
25571,LOF,0.07526339653866523,0.1921042178361286,0.7326323856252062
25572,Neutral,0.4440978914104934,0.1949877351212525,0.36091437346825417
25573,LOF,0.40483241955254795,0.0805629047980792,0.5146046756493728
25574,LOF,0.09635484670402202,0.43553402958693016,0.46811112370904784
25575,LOF,0.09475953454347255,0.05403887110387895,0.8512015943526486
25576,LOF,0.35640334200201684,0.03191049387607669,0.6116861641219064
25577,Neutral,0.44938702749813325,0.104021890061933,0.4465910824399337
25578,Neutral,0.44504217574637894,0.19934421509386008,0.355613609159761
25579,Neutral,0.44504217574637894,0.19934421509386008,0.355613609159761
25580,LOF,0.048450528272125495,0.0650655852019798,0.8864838865258946
25581,Neutral,0.7092677199324949,0.05150876434576458,0.23922351572174044
25582,Neutral,0.7092677199324949,0.05150876434576458,0.23922351572174044
25583,LOF,0.060125845454186706,0.06481392815057849,0.8750602263952348
25584,Neutral,0.35979080244624123,0.29021329291158315,0.3499959046421755
25585,LOF,0.34855367706697493,0.05822619974632985,0.5932201231866953
25586,LOF,0.06417504878616286,0.10242664909756577,0.8333983021162714
25587,LOF,0.05050838186732993,0.13835274131382466,0.8111388768188453
25588,LOF,0.06005221326081287,0.13211292419230178,0.8078348625468853
25589,Neutral,0.6750231302339482,0.1894001168028314,0.13557675296322041
25590,LOF,0.25164053596899,0.1937813991953683,0.5545780648356418
25591,Neutral,0.6819894542884638,0.07084264402278019,0.247167901688756
25592,LOF,0.044908811270131084,0.11974544604594024,0.8353457426839287
25593,GOF,0.028901081815280588,0.7338327342499374,0.23726618393478205
25594,Neutral,0.7131664779169521,0.05214097611886911,0.23469254596417877
25595,Neutral,0.6861819497474241,0.05458748317070946,0.25923056708186654
25596,Neutral,0.6109330270447154,0.05760011272149952,0.3314668602337851
25597,LOF,0.415560514242347,0.044433562658228176,0.5400059230994249
25598,Neutral,0.7433506181987123,0.042989410066699374,0.21365997173458823
25599,GOF,0.06210575981608648,0.6693210091779517,0.2685732310059618
25600,GOF,0.04630447467683239,0.5024652517593788,0.45123027356378875
25601,GOF,0.03449840792146388,0.49034271549422015,0.47515887658431605
25602,LOF,0.4100268865290642,0.12490414534471547,0.46506896812622023
25603,LOF,0.068607159496324,0.2407020053471963,0.6906908351564798
25604,Neutral,0.48134532220796744,0.19034597725341146,0.32830870053862127
25605,LOF,0.018675705702561357,0.3481021494772472,0.6332221448201915
25606,LOF,0.02325258107577914,0.4636034903526393,0.5131439285715815
25607,LOF,0.03611830166688918,0.2965580938390868,0.6673236044940241
25608,LOF,0.24888540396471498,0.24722048530632929,0.5038941107289557
25609,LOF,0.15518268015941558,0.2187561254681545,0.6260611943724299
25610,LOF,0.07339206993167297,0.06425318380373254,0.8623547462645944
25611,LOF,0.07654430239131742,0.09711456689100507,0.8263411307176775
25612,Neutral,0.6519134994798025,0.059190154791725194,0.2888963457284724
25613,Neutral,0.622432694037697,0.05946181183168246,0.3181054941306206
25614,LOF,0.07132982357327443,0.08576131305133178,0.8429088633753938
25615,LOF,0.3580838279737109,0.03514192749523004,0.606774244531059
25616,LOF,0.054466046549404394,0.21843071370044206,0.7271032397501536
25617,LOF,0.08777303275783542,0.055973636902419535,0.8562533303397452
25618,LOF,0.08245437199579726,0.1967407956160734,0.7208048323881294
25619,LOF,0.10985017437472219,0.10344128402409107,0.7867085416011868
25620,LOF,0.0524147698863532,0.11677052022866928,0.8308147098849775
25621,LOF,0.44932837411255816,0.02315785169604788,0.5275137741913939
25622,LOF,0.42903265279877506,0.06990798981334807,0.5010593573878769
25623,Neutral,0.4991028478968356,0.10084132109368138,0.400055831009483
25624,LOF,0.041934659012636495,0.17287279835822383,0.7851925426291397
25625,LOF,0.4177594314973614,0.05632001655127378,0.5259205519513649
25626,Neutral,0.6505204863193553,0.053871608087668076,0.29560790559297667
25627,LOF,0.025289095750255865,0.42751836634093343,0.5471925379088107
25628,LOF,0.29870200910930655,0.1410657669122164,0.560232223978477
25629,Neutral,0.6913438903811454,0.06331897117255267,0.2453371384463018
25630,LOF,0.056681035380094516,0.2375915535441933,0.7057274110757122
25631,Neutral,0.49262150887037925,0.24737409815486125,0.26000439297475963
25632,LOF,0.3785799727911855,0.04593569902391204,0.5754843281849025
25633,GOF,0.26448932971101236,0.41093327166995464,0.3245773986190329
25634,Neutral,0.6974154910895817,0.06828095648143592,0.2343035524289824
25635,LOF,0.05586246073021551,0.10875227120718733,0.8353852680625973
25636,GOF,0.07028140194340013,0.6746596959492616,0.2550589021073383
25637,LOF,0.04998534608014743,0.41928752073907277,0.5307271331807798
25638,GOF,0.022982306294207153,0.7834763610931809,0.19354133261261208
25639,LOF,0.05000935632634733,0.4490658961951518,0.5009247474785009
25640,GOF,0.11622587325389361,0.7789803021665866,0.10479382457951966
25641,LOF,0.04980703117365072,0.3917747041970435,0.5584182646293058
25642,Neutral,0.6230955301217875,0.12635198357528485,0.25055248630292776
25643,LOF,0.35374711749796256,0.03739284718521604,0.6088600353168214
25644,GOF,0.11391955710973636,0.5509100204695342,0.3351704224207293
25645,GOF,0.02493792753377737,0.630523898826012,0.34453817364021055
25646,LOF,0.029594907971632264,0.3765038462745373,0.5939012457538303
25647,GOF,0.061529701155972075,0.5151805420429602,0.4232897568010678
25648,GOF,0.04860760092247317,0.6983306655542469,0.25306173352327993
25649,GOF,0.031912519816370895,0.6739879507367967,0.2940995294468324
25650,GOF,0.07715114346327005,0.6634109632307791,0.25943789330595096
25651,GOF,0.022435872324079054,0.6249133934730092,0.3526507342029118
25652,LOF,0.06795882719276003,0.19686673929142484,0.7351744335158152
25653,LOF,0.06741467072616583,0.4597973431794885,0.47278798609434575
25654,GOF,0.07606341204150964,0.6236006784212375,0.3003359095372529
25655,GOF,0.05345091452695746,0.6991907823008409,0.2473583031722016
25656,GOF,0.026075397849306098,0.5165501810277322,0.45737442112296167
25657,Neutral,0.6472461402545755,0.028166951671099984,0.32458690807432444
25658,GOF,0.04857342182155429,0.5365761595841169,0.4148504185943289
25659,LOF,0.18142736900570733,0.20428506172580327,0.6142875692684894
25660,LOF,0.13383436648832214,0.16689395752723726,0.6992716759844405
25661,LOF,0.09061333434390015,0.07959902092904819,0.8297876447270517
25662,LOF,0.051430740556638925,0.0930303662928661,0.855538893150495
25663,LOF,0.0741414621382925,0.09446244997653143,0.8313960878851759
25664,LOF,0.21984437776070073,0.18917123305313183,0.5909843891861675
25665,Neutral,0.6309865621615808,0.09387454449090843,0.2751388933475109
25666,LOF,0.3411233200826141,0.09165569451039025,0.5672209854069957
25667,LOF,0.042002476844617186,0.08457644081409692,0.8734210823412859
25668,LOF,0.045025095057620285,0.06987678442813897,0.8850981205142406
25669,LOF,0.04194953961222595,0.1278062846677529,0.8302441757200212
25670,LOF,0.4402106671695263,0.07787987095504642,0.4819094618754273
25671,LOF,0.06293354858136502,0.14079753114786314,0.7962689202707718
25672,Neutral,0.6308454025009358,0.07365194302389363,0.2955026544751706
25673,LOF,0.2477513217547397,0.12848389378168423,0.6237647844635761
25674,LOF,0.378742539469555,0.10329889574423726,0.5179585647862077
25675,LOF,0.38148024212725706,0.0759954198187805,0.5425243380539624
25676,LOF,0.05522123826343038,0.10584830481627418,0.8389304569202954
25677,LOF,0.0707189454807425,0.10626485644135013,0.8230161980779074
25678,Neutral,0.5693812812340797,0.09753024744704229,0.333088471318878
25679,Neutral,0.5840167078551204,0.09763113616842088,0.3183521559764589
25680,LOF,0.10295626619280851,0.14777538545204114,0.7492683483551504
25681,LOF,0.10839049688370689,0.1371098669880076,0.7544996361282855
25682,LOF,0.06474363319131772,0.1357305955387743,0.799525771269908
25683,LOF,0.38119510121699257,0.10773755895988532,0.5110673398231221
25684,LOF,0.10178289638819155,0.18539362033457835,0.7128234832772301
25685,Neutral,0.5804222174097476,0.08067506653501036,0.33890271605524186
25686,LOF,0.06819923043607855,0.33076034858429737,0.6010404209796242
25687,LOF,0.10775551538842791,0.3705134211172029,0.5217310634943692
25688,LOF,0.02934461895657115,0.2877693945800204,0.6828859864634085
25689,LOF,0.03309350915218128,0.2781824258530049,0.6887240649948138
25690,GOF,0.017845504605102532,0.49559279371066844,0.4865617016842291
25691,GOF,0.054042592384038246,0.518402774259877,0.4275546333560848
25692,Neutral,0.5356075074422235,0.08954193451157388,0.37485055804620265
25693,GOF,0.10869471554624169,0.6185190297332135,0.2727862547205449
25694,LOF,0.3908771794004841,0.02787572177471106,0.5812470988248047
25695,LOF,0.19271108053306746,0.06903220153727954,0.7382567179296529
25696,Neutral,0.5978354726054589,0.050231306502764625,0.3519332208917764
25697,Neutral,0.49040057303773943,0.18232896555035524,0.3272704614119054
25698,GOF,0.040855511267540556,0.7763588561995063,0.18278563253295302
25699,GOF,0.04934578483149141,0.6180696294536594,0.3325845857148493
25700,LOF,0.05813588568692924,0.10815884937556636,0.8337052649375045
25701,GOF,0.036364374164803,0.5758061578934426,0.3878294679417544
25702,GOF,0.11252278592934707,0.6972994154315694,0.1901777986390834
25703,LOF,0.4482516864650297,0.06799905235318503,0.4837492611817852
25704,LOF,0.05786508241015467,0.2075655725838203,0.7345693450060251
25705,LOF,0.10681357414964571,0.16224645448730907,0.7309399713630452
25706,GOF,0.039147916844493535,0.687681613752793,0.2731704694027135
25707,LOF,0.02443245533146628,0.41595458083036496,0.5596129638381688
25708,LOF,0.03177248127094353,0.46106340826395276,0.5071641104651037
25709,LOF,0.06230954806657479,0.10233713211044161,0.8353533198229836
25710,LOF,0.3989914452879817,0.15927114861070235,0.441737406101316
25711,LOF,0.0866933547744627,0.12863689189907537,0.784669753326462
25712,Neutral,0.6251128054988465,0.07180461387072648,0.3030825806304269
25713,LOF,0.06689501759353818,0.16320845527141797,0.7698965271350439
25714,LOF,0.05625016162912528,0.3284577670585114,0.6152920713123633
25715,LOF,0.04715441449421856,0.276479481502778,0.6763661040030033
25716,LOF,0.41667665787101815,0.0521026378297146,0.5312207042992673
25717,Neutral,0.4581054189615529,0.1597345777012354,0.3821600033372118
25718,LOF,0.04754165639228542,0.1228944692010633,0.8295638744066514
25719,LOF,0.09908947279501105,0.12497587366385081,0.7759346535411381
25720,LOF,0.05590143286046043,0.13249731918617327,0.8116012479533664
25721,LOF,0.04410283493429871,0.0848178666649694,0.8710792984007317
25722,LOF,0.05373849398912628,0.11510331837876983,0.8311581876321038
25723,LOF,0.09222032132256032,0.13541610712551574,0.7723635715519239
25724,LOF,0.06374408599322887,0.18690349654369987,0.7493524174630714
25725,LOF,0.12072219511957688,0.09378200580470604,0.7854957990757171
25726,LOF,0.05178514136393973,0.17589376222847256,0.7723210964075876
25727,LOF,0.09591741208962815,0.07008918655401315,0.8339934013563588
25728,LOF,0.03435993817908134,0.1964882512642401,0.7691518105566786
25729,LOF,0.044603219187090384,0.16562554596186163,0.7897712348510479
25730,LOF,0.03707086699360355,0.20052429345384984,0.7624048395525467
25731,LOF,0.33826882426922944,0.056884535996651206,0.6048466397341193
25732,LOF,0.06398918394681304,0.07403201709982157,0.8619787989533654
25733,LOF,0.03308114777335535,0.36482335997710896,0.6020954922495357
25734,LOF,0.3635616506445434,0.06743757774441217,0.5690007716110445
25735,LOF,0.044685983908537404,0.08964338978749607,0.8656706263039666
25736,LOF,0.052861661464061134,0.15541551615600963,0.7917228223799293
25737,LOF,0.1015026525663225,0.12861927966938302,0.7698780677642943
25738,LOF,0.09320540067912786,0.1815814773431546,0.7252131219777175
25739,LOF,0.04614592110713426,0.17590023751582365,0.777953841377042
25740,LOF,0.07999613052339823,0.1598677348474783,0.7601361346291235
25741,LOF,0.09482200902690649,0.12390714007458005,0.7812708508985133
25742,LOF,0.10635307233769092,0.17493934552838825,0.7187075821339207
25743,LOF,0.29442448871267535,0.09636497766427511,0.6092105336230496
25744,GOF,0.05802598039155174,0.6373087288806875,0.30466529072776083
25745,GOF,0.03107237957419008,0.7136274779648559,0.255300142460954
25746,GOF,0.060753530271841244,0.5812308484812445,0.3580156212469143
25747,LOF,0.050965703716101714,0.10388231335300607,0.8451519829308922
25748,LOF,0.24179134014555875,0.28573022524281755,0.4724784346116237
25749,GOF,0.03696347894367206,0.5833786980542692,0.37965782300205864
25750,GOF,0.05157689642050114,0.532874449029637,0.4155486545498619
25751,LOF,0.05597568444548233,0.2190281940595421,0.7249961214949755
25752,GOF,0.2430127872595333,0.40866513306676194,0.3483220796737048
25753,LOF,0.3087245772105928,0.11416935308364003,0.5771060697057672
25754,GOF,0.038079166435582575,0.7188842817835713,0.243036551780846
25755,LOF,0.25408879354855884,0.1923502072542033,0.5535609991972379
25756,Neutral,0.6736720575660038,0.059253370874421535,0.2670745715595746
25757,GOF,0.04708964076770382,0.6371592183584652,0.31575114087383105
25758,GOF,0.03281523951335052,0.7164042823439856,0.25078047814266397
25759,GOF,0.021758017435786026,0.6523732203983045,0.32586876216590954
25760,LOF,0.2592857820835996,0.10985489571064352,0.6308593222057568
25761,GOF,0.02175413691481915,0.7439787780434616,0.23426708504171914
25762,Neutral,0.6974154910895817,0.06828095648143592,0.2343035524289824
25763,LOF,0.30232013966232235,0.10044250729896528,0.5972373530387123
25764,GOF,0.28544163187859056,0.4050204001187347,0.3095379680026748
25765,GOF,0.025695687912428704,0.6525578431003515,0.3217464689872198
25766,GOF,0.05070034580584854,0.6371864558257698,0.31211319836838153
25767,GOF,0.03740818480147565,0.7542074770136106,0.2083843381849138
25768,LOF,0.043779571391006473,0.276625026856051,0.6795954017529425
25769,LOF,0.0510827253737137,0.22128798431626984,0.7276292903100166
25770,Neutral,0.6257678945257661,0.06017530636554569,0.3140567991086883
25771,LOF,0.2381066556826679,0.09262665486562632,0.6692666894517059
25772,LOF,0.06486012921126515,0.09540292466978104,0.8397369461189538
25773,LOF,0.44209371529038394,0.07678953920180619,0.48111674550780986
25774,Neutral,0.6695511263219868,0.07755015198372664,0.2528987216942867
25775,LOF,0.2645173893352432,0.08239109926110705,0.6530915114036497
25776,LOF,0.04198008676965094,0.10886501938965057,0.8491548938406985
25777,Neutral,0.6432797690518088,0.06367381586780599,0.2930464150803852
25778,LOF,0.07107089341478655,0.1294068563614741,0.7995222502237395
25779,GOF,0.16564145558016052,0.6339825774017498,0.20037596701808966
25780,GOF,0.05521967990719547,0.77729736597412,0.16748295411868433
25781,GOF,0.15360369220566333,0.638767924806022,0.20762838298831485
25782,GOF,0.056700956570399655,0.6128738389484616,0.33042520448113877
25783,GOF,0.2850453441279787,0.5241191236053389,0.19083553226668248
25784,GOF,0.16620824756717512,0.6883200312699731,0.14547172116285187
25785,GOF,0.08187510745752632,0.7789203446439148,0.13920454789855882
25786,GOF,0.05149083465736691,0.6318257153333461,0.3166834500092871
25787,GOF,0.046391989134467036,0.5527872847001368,0.40082072616539616
25788,LOF,0.05265650956243545,0.1300900329191853,0.8172534575183792
25789,GOF,0.050723031422327106,0.7720340869756075,0.17724288160206536
25790,GOF,0.03724352312521154,0.6743828785835811,0.28837359829120734
25791,GOF,0.026144937425399067,0.6884752155003255,0.2853798470742755
25792,GOF,0.026037828121957773,0.6790954236004836,0.29486674827755877
25793,GOF,0.027744758904627166,0.7067188679013441,0.2655363731940286
25794,GOF,0.0671713118798222,0.7399796872049373,0.19284900091524038
25795,GOF,0.10785533893096456,0.5967755537871864,0.295369107281849
25796,GOF,0.08262143031913888,0.6069849547772143,0.3103936149036469
25797,GOF,0.05623692349146364,0.6290696005822926,0.31469347592624386
25798,GOF,0.07953828842601235,0.7171130251242205,0.2033486864497671
25799,GOF,0.09661079191644491,0.7773424849098199,0.126046723173735
25800,GOF,0.0874679302874264,0.805108100512594,0.1074239691999796
25801,GOF,0.08309569920761414,0.7699378403543143,0.14696646043807154
25802,GOF,0.07924520351201264,0.7707877536351752,0.14996704285281212
25803,GOF,0.0403695150895517,0.7251011847306141,0.23452930017983412
25804,GOF,0.07753163358622545,0.6528785064069722,0.2695898600068023
25805,GOF,0.051211096498789035,0.7891878441673194,0.15960105933389174
25806,GOF,0.04933603285693859,0.7992685260717676,0.1513954410712938
25807,GOF,0.06796313617379085,0.739862623593886,0.1921742402323232
25808,GOF,0.06588470609360793,0.812458288835871,0.12165700507052109
25809,GOF,0.06476603759525539,0.7993856380011866,0.13584832440355799
25810,GOF,0.06046310142876472,0.807866845377977,0.1316700531932582
25811,GOF,0.05834848724725584,0.5662803625041374,0.37537115024860684
25812,GOF,0.05316393368478534,0.7197422428580387,0.22709382345717594
25813,GOF,0.050935850835469074,0.7343309568668537,0.21473319229767737
25814,GOF,0.07395433103282083,0.7565162021988223,0.1695294667683568
25815,GOF,0.04108222689546451,0.764422885004334,0.19449488810020157
25816,GOF,0.04054160220822466,0.8423197031889743,0.11713869460280119
25817,GOF,0.03624115109310582,0.6663961081608282,0.29736274074606606
25818,GOF,0.038260503015132424,0.6173796513894595,0.3443598455954079
25819,GOF,0.06633810552653738,0.7374637336224448,0.19619816085101793
25820,GOF,0.07203487077643345,0.7241443474281093,0.20382078179545723
25821,GOF,0.07513578963571604,0.7149891054069435,0.20987510495734035
25822,GOF,0.10348835494427756,0.6878224955115881,0.20868914954413412
25823,GOF,0.146783092259907,0.5513932916892704,0.3018236160508225
25824,GOF,0.10966268590921471,0.7297426920131364,0.16059462207764888
25825,GOF,0.10537113833965699,0.7343947380469411,0.16023412361340186
25826,GOF,0.10966268590921471,0.7297426920131364,0.16059462207764888
25827,GOF,0.055577264983131,0.8131557304942117,0.1312670045226572
25828,GOF,0.053232480047892355,0.7998453992725924,0.1469221206795153
25829,LOF,0.4473040406568509,0.03943430124369494,0.5132616580994541
25830,LOF,0.044008293308394654,0.1350605116907737,0.8209311950008316
25831,GOF,0.033636260865748654,0.6675768390387199,0.2987869000955313
25832,GOF,0.0773501220147019,0.619121596464284,0.3035282815210142
25833,GOF,0.07224438887462331,0.6285152786327461,0.29924033249263055
25834,GOF,0.0697468542382033,0.5937517731298576,0.3365013726319391
25835,GOF,0.0751727986376753,0.6611971973984124,0.2636300039639123
25836,GOF,0.07234048227776263,0.646900001064416,0.28075951665782134
25837,GOF,0.08365606132418825,0.5875522530802206,0.3287916855955911
25838,GOF,0.08514392973125146,0.5839291260502885,0.3309269442184601
25839,GOF,0.11040417126006849,0.5984211258868458,0.2911747028530857
25840,GOF,0.062205635616215636,0.7221943526815732,0.21560001170221116
25841,GOF,0.062079880659114545,0.7182163302778374,0.21970378906304808
25842,GOF,0.041189962355319465,0.7038566555487932,0.25495338209588725
25843,GOF,0.041838038117113174,0.7013676653152301,0.25679429656765684
25844,GOF,0.05137179474694604,0.6283894564243719,0.3202387488286819
25845,GOF,0.05510704917995451,0.6450586130930843,0.2998343377269611
25846,GOF,0.05069841496026554,0.6280890887357365,0.32121249630399795
25847,GOF,0.062083267661956966,0.6443008345507824,0.29361589778726077
25848,GOF,0.050103246127997325,0.7072507985479168,0.24264595532408587
25849,GOF,0.04722763392865443,0.7064635600339378,0.24630880603740782
25850,GOF,0.12049074235880915,0.5973001110354847,0.2822091466057061
25851,GOF,0.13521129511489446,0.5725947184457527,0.2921939864393528
25852,GOF,0.11641610898671416,0.5968992026051677,0.2866846884081181
25853,GOF,0.08202314847120974,0.6577282691831614,0.26024858234562886
25854,GOF,0.060412925485308605,0.7573916584277823,0.18219541608690906
25855,GOF,0.0806271188540611,0.7081921869707605,0.21118069417517843
25856,GOF,0.08016587981816838,0.7154917028650516,0.20434241731678007
25857,GOF,0.08493453470911749,0.7144057850090946,0.20065968028178788
25858,GOF,0.07479602581131359,0.6417733350096072,0.2834306391790791
25859,GOF,0.0742788237919237,0.648178604415792,0.27754257179228436
25860,GOF,0.08040918847653943,0.5644518658995831,0.3551389456238775
25861,GOF,0.06703637055564973,0.5627316524266226,0.3702319770177276
25862,GOF,0.04893784547190712,0.7630257017838875,0.18803645274420533
25863,GOF,0.05243995966641694,0.7294339543389855,0.2181260859945976
25864,GOF,0.05155033547525958,0.7794043043808022,0.16904536014393828
25865,GOF,0.06561901777801252,0.8015703641051408,0.13281061811684655
25866,GOF,0.0591299579424846,0.8074679864493681,0.13340205560814739
25867,GOF,0.05934689879688753,0.8061465510219787,0.13450655018113358
25868,GOF,0.04730144465197682,0.6791488716534715,0.2735496836945518
25869,GOF,0.047001056742045744,0.7217567028657726,0.23124224039218164
25870,LOF,0.04870587877932467,0.16309052443564,0.7882035967850354
25871,GOF,0.033766184453457054,0.6484089634406822,0.31782485210586064
25872,GOF,0.036360129201631806,0.5993153066029716,0.3643245641953966
25873,GOF,0.04701799349714031,0.685772787798091,0.26720921870476866
25874,LOF,0.06505254307002077,0.05585311615575982,0.8790943407742194
25875,GOF,0.09593900791164181,0.5694688828797724,0.33459210920858584
25876,Neutral,0.4820365206511329,0.09134659141638472,0.42661688793248237
25877,GOF,0.07072141804218403,0.6285025252265336,0.3007760567312825
25878,GOF,0.032883929241476005,0.7435555781586187,0.22356049259990515
25879,LOF,0.045125054218036795,0.3704502986160694,0.5844246471658939
25880,LOF,0.0780513679795057,0.07232374572959827,0.849624886290896
25881,Neutral,0.6523787010063751,0.2673568183823954,0.08026448061122948
25882,LOF,0.25708089169318393,0.16409521664271046,0.5788238916641055
25883,LOF,0.06824099397955612,0.12926264513085725,0.8024963608895868
25884,LOF,0.38164143219092855,0.10133568299956672,0.5170228848095046
25885,Neutral,0.5086496895690954,0.015022454022582591,0.47632785640832204
25886,Neutral,0.44504217574637894,0.19934421509386008,0.355613609159761
25887,GOF,0.21900504524762332,0.5644371252337091,0.21655782951866748
25888,GOF,0.06156499257586116,0.5554093555473995,0.3830256518767394
25889,LOF,0.21625392937080443,0.13208378689499548,0.6516622837342002
25890,LOF,0.20047204191273282,0.3518845421422876,0.4476434159449796
25891,LOF,0.2738009358043848,0.2207763792873709,0.5054226849082443
25892,LOF,0.013331386201782914,0.37425375510027165,0.6124148586979454
25893,LOF,0.42353235242365417,0.12249793702139389,0.45396971055495194
25894,LOF,0.3989454996524361,0.0470040331852734,0.5540504671622906
25895,LOF,0.44586496000780945,0.05459627997959073,0.49953876001259984
25896,Neutral,0.627734008732846,0.06004321592662454,0.31222277534052933
25897,LOF,0.2367058042871354,0.07571662204299807,0.6875775736698665
25898,GOF,0.03860923893584523,0.5554966369108715,0.4058941241532833
25899,LOF,0.25358331065576833,0.22570937276224093,0.5207073165819908
25900,Neutral,0.8153744874679341,0.04555130431996334,0.13907420821210262
25901,LOF,0.069384844810968,0.0718271188155568,0.8587880363734752
25902,LOF,0.4289578279304795,0.07378770855492647,0.4972544635145941
25903,LOF,0.2668521672076224,0.13885030169334348,0.5942975310990342
25904,Neutral,0.44504217574637894,0.19934421509386008,0.355613609159761
25905,LOF,0.09097982053414297,0.39833057144476613,0.5106896080210909
25906,LOF,0.36803509536223195,0.07769111931503953,0.5542737853227285
25907,GOF,0.03896947812036119,0.49549499084597637,0.4655355310336626
25908,GOF,0.04654692939780126,0.6007891747517,0.35266389585049873
25909,GOF,0.06544966608748726,0.47975747675855357,0.45479285715395906
25910,LOF,0.046093269338771156,0.3118609582769799,0.6420457723842489
25911,Neutral,0.6763536488084102,0.07861548886783086,0.24503086232375892
25912,Neutral,0.49341075612498975,0.026628258811108668,0.4799609850639015
25913,LOF,0.022675984138994368,0.3143181716792562,0.6630058441817496
25914,LOF,0.04637945649491194,0.25175485964758004,0.701865683857508
25915,GOF,0.09210190013765718,0.7226798861118257,0.18521821375051703
25916,GOF,0.06997720911318829,0.6375307251953316,0.2924920656914802
25917,Neutral,0.7478816931549931,0.06164428261712794,0.1904740242278788
25918,LOF,0.054986966491400766,0.09496143589467548,0.8500515976139238
25919,LOF,0.049177833241145,0.037766097831007886,0.9130560689278472
25920,LOF,0.3222073354145056,0.30281065383569733,0.37498201074979703
25921,LOF,0.25368383865832334,0.04696189824273473,0.6993542630989419
25922,LOF,0.18474908499592527,0.07460701897079261,0.7406438960332822
25923,Neutral,0.44504217574637894,0.19934421509386008,0.355613609159761
25924,LOF,0.23614727854042997,0.22665287551945662,0.5371998459401134
25925,Neutral,0.6287764662386062,0.06491183410904501,0.3063116996523488
25926,Neutral,0.6810522883114805,0.0741459333777384,0.24480177831078115
25927,LOF,0.021092065260743455,0.364033975791206,0.6148739589480506
25928,LOF,0.2407283075778361,0.0370473865316077,0.7222243058905562
25929,Neutral,0.44504217574637894,0.19934421509386008,0.355613609159761
25930,LOF,0.04204760655844642,0.1985427560189306,0.759409637422623
25931,LOF,0.39276283593968264,0.11497210689891463,0.49226505716140273
25932,LOF,0.0713299546516396,0.07730056040741691,0.8513694849409434
25933,LOF,0.0593041379777069,0.08221396626856531,0.8584818957537277
25934,LOF,0.06980928091401506,0.08505664179222427,0.8451340772937607
25935,Neutral,0.6695511263219868,0.07755015198372664,0.2528987216942867
25936,LOF,0.06368961386294268,0.07884070678164286,0.8574696793554144
25937,LOF,0.30256242666107735,0.14865111116438473,0.5487864621745379
25938,Neutral,0.6819069156285996,0.05971694233664951,0.25837614203475084
25939,LOF,0.06407544229375754,0.0802178101405021,0.8557067475657404
25940,GOF,0.042866013661809914,0.7932389418560672,0.16389504448212286
25941,Neutral,0.5152301057053685,0.06722726890014585,0.4175426253944855
25942,LOF,0.20916315866315677,0.12928961594322227,0.661547225393621
25943,LOF,0.03116812021044987,0.3884975188052912,0.580334360984259
25944,LOF,0.019185271148261407,0.3357190748087294,0.6450956540430092
25945,LOF,0.04189920590138511,0.07674154757530192,0.8813592465233129
25946,LOF,0.4417690772709988,0.0603075357517521,0.49792338697724914
25947,Neutral,0.7010162421415831,0.04472975646634699,0.2542540013920699
25948,Neutral,0.5331518082228369,0.20609675916217232,0.26075143261499073
25949,LOF,0.42858743123967896,0.08070050609106737,0.4907120626692536
25950,GOF,0.03613062612521304,0.811482399703963,0.15238697417082386
25951,GOF,0.02560483393453856,0.6628995319314316,0.3114956341340298
25952,GOF,0.236704493131581,0.45807313294141094,0.3052223739270081
25953,LOF,0.035325278444560036,0.4383246797395453,0.5263500418158947
25954,GOF,0.05187538558223004,0.749452131116197,0.19867248330157292
25955,GOF,0.020169903477903546,0.5767605556788726,0.40306954084322394
25956,GOF,0.0401370880176984,0.6345226096490193,0.3253403023332823
25957,Neutral,0.6797583295619383,0.03042000092636763,0.289821669511694
25958,LOF,0.07799675865985613,0.13442575698803036,0.7875774843521134
25959,LOF,0.024089006432204112,0.4017987941665326,0.5741121994012633
25960,LOF,0.232284328740321,0.07122213636309284,0.6964935348965862
25961,LOF,0.0442366127845028,0.228815351147268,0.7269480360682292
25962,LOF,0.362334044732515,0.060844529545991274,0.5768214257214938
25963,LOF,0.05870333049319456,0.3087033267189816,0.6325933427878239
25964,LOF,0.08982583528732642,0.20429874985727614,0.7058754148553974
25965,GOF,0.1258215849025555,0.6229154446472399,0.2512629704502046
25966,Neutral,0.44504217574637894,0.19934421509386008,0.355613609159761
25967,LOF,0.3707417327551306,0.053566615092402035,0.5756916521524672
25968,GOF,0.33515911679273025,0.39368803674751074,0.2711528464597589
25969,Neutral,0.5663413331736907,0.03769063143269078,0.39596803539361847
25970,Neutral,0.44539812281801555,0.14241201867305575,0.4121898585089287
25971,LOF,0.12488106797745616,0.12286868685347518,0.7522502451690687
25972,LOF,0.109383023386097,0.13643549537883629,0.7541814812350667
25973,LOF,0.415386999650425,0.02549062798863671,0.5591223723609382
25974,GOF,0.09656191581831813,0.5457794949997365,0.3576585891819454
25975,LOF,0.06175929568288257,0.026909090544785432,0.9113316137723321
25976,LOF,0.33978051582669505,0.011462611392235861,0.6487568727810691
25977,Neutral,0.49580207540839233,0.06766974628205791,0.4365281783095498
25978,LOF,0.16140616668208552,0.17314001281023528,0.6654538205076792
25979,LOF,0.09724254657679067,0.1665523303346986,0.7362051230885108
25980,LOF,0.20882797953567978,0.35663676929107757,0.4345352511732427
25981,GOF,0.21645404442119467,0.43808073559573857,0.34546521998306684
25982,LOF,0.16697601634001144,0.30773717609619633,0.5252868075637922
25983,LOF,0.12256606536746155,0.29723809003558893,0.5801958445969495
25984,LOF,0.05413381705955041,0.2153042125217888,0.7305619704186608
25985,Neutral,0.5908745691265026,0.26056548553155956,0.14855994534193784
25986,GOF,0.036639897667352095,0.5853479882051549,0.37801211412749297
25987,LOF,0.30686594891623314,0.2441276952787527,0.4490063558050143
25988,LOF,0.038463794338158205,0.2958529192172165,0.6656832864446254
25989,LOF,0.0459808047131388,0.34563294906556746,0.6083862462212938
25990,LOF,0.043321441939035525,0.37015385572982135,0.5865247023311433
25991,GOF,0.11558369970656206,0.5849445494608194,0.2994717508326186
25992,LOF,0.08141646959446494,0.3316446955451107,0.5869388348604244
25993,LOF,0.05794125537572677,0.0323805332006644,0.9096782114236088
25994,LOF,0.09374932914626213,0.039354002607776384,0.8668966682459613
25995,LOF,0.054226787293261934,0.053309401629865354,0.8924638110768727
25996,GOF,0.28367302310406994,0.43134957404671115,0.2849774028492188
25997,GOF,0.16856911978426817,0.5384283400844573,0.29300254013127464
25998,LOF,0.36277231295501794,0.18429206446551602,0.4529356225794662
25999,LOF,0.022403011059460406,0.3761964722392987,0.6014005167012408
26000,LOF,0.2513922973549498,0.09616386455416726,0.6524438380908829
26001,LOF,0.1416996158560229,0.1678685022573322,0.690431881886645
26002,LOF,0.34964727991296746,0.05491293159606613,0.5954397884909663
26003,GOF,0.0670947751636182,0.6859471128386236,0.24695811199775825
26004,GOF,0.09249620275231289,0.726483487124816,0.18102031012287106
26005,GOF,0.035387675063480555,0.8238702445329915,0.14074208040352792
26006,GOF,0.04701130081077245,0.725845646306842,0.22714305288238543
26007,GOF,0.029079659862607597,0.7621374875077125,0.20878285262967997
26008,GOF,0.07526227051487626,0.7865272954747694,0.13821043401035435
26009,GOF,0.041738547947796224,0.8600200656952068,0.09824138635699683
26010,GOF,0.0378910076595427,0.7799436204667459,0.18216537187371132
26011,GOF,0.03871151472592434,0.6646971071293413,0.29659137814473435
26012,GOF,0.04382490364244445,0.7231466055283992,0.2330284908291563
26013,GOF,0.04586554343215581,0.6640341023950772,0.2901003541727669
26014,LOF,0.47082710545543627,0.02356952904134547,0.5056033655032182
26015,LOF,0.29251368622582236,0.1453863251808886,0.562099988593289
26016,LOF,0.22374165976757998,0.13686588448628964,0.6393924557461304
26017,LOF,0.04017216958800925,0.3458303935890945,0.6139974368228963
26018,LOF,0.040871959517252865,0.31552681720264253,0.6436012232801045
26019,LOF,0.04647915646713977,0.11095490639496022,0.8425659371379
26020,LOF,0.02281174915580351,0.4495705920955559,0.5276176587486406
26021,LOF,0.23874861335817668,0.1613072466628946,0.5999441399789288
26022,LOF,0.20637478964900294,0.07880428581036235,0.7148209245406346
26023,LOF,0.050695620922502405,0.11300196223270706,0.8363024168447906
26024,LOF,0.09473635702307258,0.12976762685815535,0.7754960161187722
26025,LOF,0.04166712423565731,0.3017387017171413,0.6565941740472014
26026,LOF,0.04233035372882932,0.3393393947391564,0.6183302515320144
26027,LOF,0.07126246281648325,0.11439984068416874,0.814337696499348
26028,GOF,0.10142314743333364,0.48516370681932974,0.4134131457473366
26029,GOF,0.05955406430118738,0.7110053737401143,0.2294405619586984
26030,Neutral,0.6103317625241945,0.054684691497973024,0.3349835459778326
26031,GOF,0.029973150898807296,0.7079335111118251,0.2620933379893677
26032,LOF,0.06463738281975284,0.16596086951591807,0.7694017476643292
26033,LOF,0.052772678192293136,0.20929195439051712,0.7379353674171898
26034,GOF,0.02835829897647725,0.6179248249045284,0.3537168761189944
26035,GOF,0.02371167322747205,0.7148846623500565,0.26140366442247137
26036,GOF,0.021715233711625755,0.6479403012478591,0.3303444650405152
26037,GOF,0.03030705241409416,0.5489586958809737,0.4207342517049323
26038,LOF,0.047003991127787435,0.15911824607919708,0.7938777627930154
26039,GOF,0.02618994713798267,0.5402452444461171,0.4335648084159002
26040,LOF,0.04115524768100653,0.16703996555131578,0.7918047867676776
26041,GOF,0.03837807741176204,0.6030051803066209,0.35861674228161705
26042,GOF,0.03405476191008108,0.607467134233302,0.3584781038566169
26043,LOF,0.033911411155477786,0.2664282422386927,0.6996603466058295
26044,LOF,0.2639961644277992,0.16569404560088072,0.57030978997132
26045,GOF,0.03468697503582408,0.7298416197683095,0.23547140519586643
26046,LOF,0.038394739646305805,0.3172091130365715,0.6443961473171228
26047,LOF,0.13010184301671343,0.1289806222882606,0.740917534695026
26048,Neutral,0.4824434803470694,0.06207792321228366,0.4554785964406471
26049,Neutral,0.616189310468822,0.14334112718661843,0.24046956234455966
26050,Neutral,0.6669629096091884,0.08851684072474639,0.24452024966606528
26051,LOF,0.04503949139796319,0.426402853800328,0.5285576548017089
26052,LOF,0.07605245646689726,0.4080157435452753,0.5159317999878273
26053,Neutral,0.4748066515332616,0.0540006322064028,0.47119271626033554
26054,Neutral,0.6819069156285996,0.05971694233664951,0.25837614203475084
26055,Neutral,0.6819069156285996,0.05971694233664951,0.25837614203475084
26056,Neutral,0.6819069156285996,0.05971694233664951,0.25837614203475084
26057,LOF,0.09257800413585776,0.05296009176262354,0.8544619041015186
26058,LOF,0.09581661700711519,0.04168456663889767,0.8624988163539873
26059,Neutral,0.8314418925267437,0.05997985868915285,0.10857824878410346
26060,GOF,0.05037045610638833,0.5464701959950566,0.40315934789855506
26061,LOF,0.31318651304874473,0.033833358149189204,0.6529801288020661
26062,LOF,0.39356871163829726,0.09830755125951171,0.508123737102191
26063,LOF,0.07386308797006098,0.040259007014607946,0.885877905015331
26064,LOF,0.3865007363029067,0.020238973706726036,0.5932602899903673
26065,LOF,0.04510101135614053,0.06839476170627083,0.8865042269375886
26066,LOF,0.08153450180374415,0.0730940381205739,0.8453714600756819
26067,LOF,0.0902555558372972,0.11436100727146033,0.7953834368912425
26068,Neutral,0.6223924867670713,0.09334317037070089,0.2842643428622278
26069,Neutral,0.6073089379684466,0.08267757091996082,0.3100134911115925
26070,Neutral,0.6073089379684466,0.08267757091996082,0.3100134911115925
26071,LOF,0.06512367939338376,0.10440678392016928,0.8304695366864471
26072,LOF,0.3392909470192169,0.05610323830197312,0.6046058146788099
26073,LOF,0.0632700008860055,0.07004365553397282,0.8666863435800217
26074,Neutral,0.8187394477455697,0.05595339557493947,0.1253071566794908
26075,Neutral,0.6207484130695767,0.083750303975592,0.29550128295483125
26076,LOF,0.05956161400274011,0.11973803918517983,0.8207003468120802
26077,Neutral,0.6591403190480337,0.023245011250282808,0.3176146697016836
26078,LOF,0.35563296558607,0.044065694781665644,0.6003013396322643
26079,Neutral,0.670962361355733,0.0852404839512427,0.24379715469302446
26080,Neutral,0.670962361355733,0.0852404839512427,0.24379715469302446
26081,LOF,0.05580071355255148,0.05126761558941847,0.89293167085803
26082,LOF,0.361530119816362,0.08368176720039916,0.5547881129832389
26083,LOF,0.03529421541314041,0.26704438559669874,0.6976613989901609
26084,LOF,0.046740618190345265,0.1422900977022318,0.8109692841074229
26085,LOF,0.041001075853803685,0.16962671998977288,0.7893722041564235
26086,LOF,0.04866957573637123,0.16783649695813938,0.7834939273054893
26087,LOF,0.05654335087297274,0.17513588636886745,0.7683207627581597
26088,LOF,0.40358942778727336,0.10301593536111686,0.4933946368516097
26089,Neutral,0.6726089025825492,0.0868053179741681,0.24058577944328274
26090,Neutral,0.6726089025825492,0.0868053179741681,0.24058577944328274
26091,LOF,0.06779256103288168,0.06560565985524144,0.8666017791118769
26092,LOF,0.060681091681672315,0.09054973124859392,0.8487691770697338
26093,LOF,0.053439636019719246,0.06882276217103996,0.8777376018092409
26094,LOF,0.08737130514228025,0.08638289741242451,0.8262457974452952
26095,LOF,0.2632428532398655,0.13178972029906877,0.6049674264610657
26096,Neutral,0.587383668373283,0.020085542659225387,0.3925307889674916
26097,LOF,0.32864447074735403,0.04356894362546758,0.6277865856271784
26098,Neutral,0.6736720575660038,0.059253370874421535,0.2670745715595746
26099,LOF,0.04299065332657704,0.16906051058659965,0.7879488360868233
26100,LOF,0.04299065332657704,0.16906051058659965,0.7879488360868233
26101,LOF,0.044398414731599944,0.21846855723503442,0.7371330280333656
26102,LOF,0.05487227062874177,0.07815271366432971,0.8669750157069286
26103,Neutral,0.44504217574637894,0.19934421509386008,0.355613609159761
26104,Neutral,0.7100174774339197,0.09277492857010056,0.19720759399597965
26105,LOF,0.2821517151572917,0.11139858736154531,0.606449697481163
26106,Neutral,0.43139472044591476,0.2551242277575858,0.3134810517964993
26107,LOF,0.017292152210907467,0.4116556061667872,0.5710522416223053
26108,LOF,0.34264391830300567,0.19746692611559588,0.4598891555813983
26109,Neutral,0.527490709973115,0.20352892893007957,0.2689803610968053
26110,LOF,0.479267984374359,0.039284501300633476,0.48144751432500754
26111,LOF,0.055540736103810086,0.3055477111507911,0.6389115527453988
26112,LOF,0.08240741682025261,0.04637222336949967,0.8712203598102477
26113,LOF,0.06611595378900745,0.05840582619801858,0.875478220012974
26114,LOF,0.335102440063186,0.13272499162457946,0.5321725683122346
26115,GOF,0.029722934341592476,0.569350314685116,0.4009267509732915
26116,LOF,0.10821120815303122,0.27070505403966133,0.6210837378073075
26117,Neutral,0.44504217574637894,0.19934421509386008,0.355613609159761
26118,LOF,0.051314588540026136,0.0921623552729184,0.8565230561870554
26119,LOF,0.013580532045350474,0.28240914969716113,0.7040103182574884
26120,LOF,0.08106038487193541,0.05381096339934979,0.8651286517287149
26121,LOF,0.04295265256037108,0.1571322146782141,0.7999151327614149
26122,LOF,0.018283017059482074,0.2506448446416274,0.7310721382988905
