feature0,prediction,LoGoFunc_Neutral,LoGoFunc_GOF,LoGoFunc_LOF
25546,Neutral,0.7073630290385919,0.03817669714561673,0.2544602738157913
25547,Neutral,0.5562563010854884,0.07695685151485297,0.36678684739965867
25548,Neutral,0.5617502160898045,0.05667593562151049,0.38157384828868496
25549,Neutral,0.4756087465624052,0.05711566623592613,0.4672755872016688
25550,LOF,0.3278407009094606,0.10971352943880071,0.5624457696517386
25551,LOF,0.27994855803666796,0.11833970197388222,0.6017117399894498
25552,LOF,0.2031322536482093,0.11182366428474665,0.6850440820670441
25553,Neutral,0.8295697011828844,0.03250243417468486,0.1379278646424306
25554,LOF,0.23186295510113664,0.10692631083577747,0.661210734063086
25555,LOF,0.19302667925222458,0.09418713043563468,0.7127861903121409
25556,LOF,0.3978490633015989,0.09007705175872624,0.5120738849396749
25557,LOF,0.18861535326504258,0.0980945403915192,0.7132901063434383
25558,LOF,0.2242722498590015,0.10992508856698457,0.6658026615740139
25559,LOF,0.39299817133982745,0.1409886545941867,0.46601317406598575
25560,LOF,0.04611446770214286,0.14815930476267214,0.8057262275351851
25561,LOF,0.10355579595971444,0.1588584749583957,0.7375857290818898
25562,LOF,0.09542381603597752,0.06636619415034863,0.8382099898136739
25563,LOF,0.09514302690357627,0.07671310605295649,0.8281438670434672
25564,LOF,0.18450278729558384,0.15325436142686505,0.6622428512775511
25565,LOF,0.15864720910939067,0.10419045237074526,0.7371623385198641
25566,GOF,0.017929985175399548,0.7344299151785523,0.24764009964604808
25567,LOF,0.013130694674833153,0.15359344893734625,0.8332758563878206
25568,LOF,0.04670313929261861,0.0791953646207367,0.8741014960866448
25569,LOF,0.05556537694975411,0.07174340523525388,0.872691217814992
25570,LOF,0.06225312670382088,0.11295876445970264,0.8247881088364765
25571,LOF,0.05553322854736171,0.10525337454493904,0.8392133969076991
25572,LOF,0.06248147484237212,0.13171398801453355,0.8058045371430943
25573,LOF,0.02373287158534141,0.10111519837640857,0.8751519300382501
25574,LOF,0.013867683593894897,0.16412292568539213,0.8220093907207129
25575,LOF,0.0434443048781127,0.11765647104394727,0.8388992240779402
25576,LOF,0.017268813366790176,0.127053398545181,0.8556777880880289
25577,LOF,0.013240252481751204,0.13661840383372376,0.8501413436845251
25578,LOF,0.24187878029865956,0.09925016203885001,0.6588710576624904
25579,LOF,0.24163663045616973,0.09820496000014232,0.6601584095436879
25580,LOF,0.030080663202377688,0.08982752790690934,0.8800918088907129
25581,LOF,0.05210976885055476,0.07303153165340961,0.8748586994960357
25582,LOF,0.05174620670758079,0.07127046507016618,0.8769833282222531
25583,LOF,0.042859081548310446,0.10171054668088056,0.855430371770809
25584,Neutral,0.47926871407339355,0.09843541487232556,0.4222958710542809
25585,LOF,0.03279434468958171,0.1053837227415622,0.8618219325688561
25586,LOF,0.029037080045665523,0.08728687617525646,0.8836760437790779
25587,LOF,0.027961280628563685,0.08003830561044932,0.892000413760987
25588,LOF,0.029074192737018556,0.10054906829866914,0.8703767389643122
25589,Neutral,0.6257260508901078,0.1257417199413272,0.24853222916856493
25590,LOF,0.026208745415414375,0.13281615602224975,0.8409750985623358
25591,LOF,0.10732348102380328,0.0639690976447175,0.8287074213314791
25592,LOF,0.07939787357766277,0.15302682576081206,0.7675753006615251
25593,LOF,0.020920764849971747,0.2699159579829087,0.7091632771671196
25594,LOF,0.04035240094021964,0.2246420845960108,0.7350055144637695
25595,LOF,0.04594430142130325,0.14460258455154879,0.8094531140271479
25596,LOF,0.05441081465397819,0.08985465765609146,0.8557345276899302
25597,LOF,0.04485480444715095,0.10303807714097302,0.8521071184118761
25598,LOF,0.048220163118900795,0.14701996447645574,0.8047598724046434
25599,GOF,0.010741254721051521,0.7775165225443386,0.21174222273460977
25600,GOF,0.014406532829651748,0.5475466682163818,0.4380467989539665
25601,LOF,0.008139346796887555,0.48500491940860646,0.506855733794506
25602,LOF,0.025276649448302362,0.048285070313842424,0.9264382802378552
25603,LOF,0.053889931300231016,0.03788909006081845,0.9082209786389506
25604,LOF,0.05659491075142084,0.03778267067284984,0.9056224185757293
25605,LOF,0.013420229256017208,0.24412724935897365,0.7424525213850092
25606,LOF,0.09789170376995344,0.4432247384755134,0.45888355775453327
25607,LOF,0.005523749591442853,0.17015165485037004,0.824324595558187
25608,LOF,0.06606162065368733,0.058110563234981726,0.875827816111331
25609,LOF,0.03002202533544353,0.41779117404029575,0.5521868006242607
25610,LOF,0.040828089547046836,0.029522714251709676,0.9296491962012434
25611,LOF,0.043843728410882264,0.02828602013111917,0.9278702514579986
25612,LOF,0.10487164710568554,0.03932965874852653,0.855798694145788
25613,LOF,0.08480038676902188,0.041995918132079285,0.8732036950988987
25614,LOF,0.031128071785709106,0.039058560059796965,0.929813368154494
25615,LOF,0.06530629454532677,0.035832619227418844,0.8988610862272545
25616,LOF,0.032824905304180065,0.03444309321783144,0.9327320014779884
25617,LOF,0.03188331906877923,0.03926037347448561,0.9288563074567352
25618,LOF,0.18863082255192307,0.035334666257717584,0.7760345111903594
25619,LOF,0.030736952206899728,0.03427133130853176,0.9349917164845685
25620,LOF,0.03171156948708916,0.04569814390369438,0.9225902866092164
25621,LOF,0.03136594164056856,0.03201506076617025,0.9366189975932611
25622,LOF,0.036332711052780964,0.03685939974980397,0.9268078891974151
25623,LOF,0.07517135234849553,0.03129262997688255,0.893536017674622
25624,LOF,0.026805467621621986,0.04454110103616969,0.9286534313422083
25625,LOF,0.03865179156368022,0.045850456614220096,0.9154977518220997
25626,LOF,0.09067055035219532,0.03186280489744797,0.8774666447503567
25627,Neutral,0.5585513478617019,0.14207528046582213,0.299373371672476
25628,LOF,0.16430448877257744,0.0782175746690353,0.7574779365583872
25629,LOF,0.07133981954067618,0.10142287674556859,0.8272373037137551
25630,LOF,0.1599758000123206,0.12096281924247736,0.719061380745202
25631,Neutral,0.5828614489471177,0.09456296571189389,0.32257558534098846
25632,LOF,0.02433457063204905,0.07266068759695456,0.9030047417709964
25633,LOF,0.2249355254892707,0.08145474036824726,0.6936097341424821
25634,LOF,0.032550464957302946,0.11062259397081552,0.8568269410718816
25635,LOF,0.03279167452000227,0.09096125761069124,0.8762470678693065
25636,GOF,0.005667782511830041,0.6004478212057955,0.39388439628237426
25637,GOF,0.00524377743652464,0.5589369245154252,0.43581929804805025
25638,LOF,0.010483920991708886,0.46776157411497354,0.5217545048933175
25639,LOF,0.004641403126889555,0.4237237092453939,0.5716348876277165
25640,GOF,0.45680145228254426,0.49238551626569443,0.050813031451761366
25641,LOF,0.007193456998228462,0.3621087276030557,0.6306978153987158
25642,LOF,0.2376273838462971,0.08790082438054665,0.6744717917731562
25643,LOF,0.2217451465681595,0.20852689500547364,0.5697279584263668
25644,GOF,0.017172868469467632,0.5901768300021567,0.3926503015283756
25645,GOF,0.01803670498088261,0.519571994635619,0.46239130038349824
25646,LOF,0.019930461554628274,0.33572738514773315,0.6443421532976386
25647,LOF,0.016240151107954647,0.261395926968064,0.7223639219239815
25648,LOF,0.014996083574119926,0.2688779196309096,0.7161259967949705
25649,LOF,0.01370131547887517,0.21256068436777706,0.7737380001533478
25650,GOF,0.035722624337464044,0.5621196519431002,0.4021577237194357
25651,LOF,0.010517355900299532,0.25574544066724364,0.7337372034324567
25652,LOF,0.018261338828021993,0.2809381498046491,0.7008005113673289
25653,LOF,0.08775190053882082,0.41370582555551483,0.49854227390566447
25654,LOF,0.014797551264139624,0.23822614656453742,0.746976302171323
25655,LOF,0.11845684036303085,0.34497305989479565,0.5365700997421735
25656,LOF,0.060699331323889084,0.04809493528537021,0.8912057333907407
25657,LOF,0.2675706706180366,0.021007183654463184,0.7114221457275003
25658,LOF,0.042392860117190775,0.06372395566954654,0.8938831842132626
25659,LOF,0.2780299812506897,0.041561742537132934,0.6804082762121775
25660,LOF,0.08282697444775151,0.09839185015714133,0.8187811753951071
25661,LOF,0.047955677853073954,0.06948681823510568,0.8825575039118203
25662,LOF,0.027602843630902915,0.042121061555222106,0.930276094813875
25663,LOF,0.037057131335099205,0.06795221744200655,0.8949906512228942
25664,LOF,0.03727057240719196,0.07674538212969884,0.8859840454631092
25665,LOF,0.05364027657200466,0.05014400937158168,0.8962157140564135
25666,LOF,0.038586124640206,0.1485430209498275,0.8128708544099665
25667,LOF,0.028202607945619025,0.05473284002136902,0.917064552033012
25668,LOF,0.034180041439841186,0.0609825369356897,0.9048374216244691
25669,LOF,0.039525911398079476,0.0943463205636074,0.8661277680383132
25670,LOF,0.1552622838942591,0.06480033907963624,0.7799373770261046
25671,LOF,0.03798420768812426,0.04639562350600476,0.915620168805871
25672,LOF,0.05617400245652369,0.07368489199425654,0.8701411055492198
25673,LOF,0.04053083893812956,0.05943171977944191,0.9000374412824286
25674,LOF,0.03037310875100746,0.06999047412053917,0.8996364171284532
25675,LOF,0.04071261793695907,0.05110941249382449,0.9081779695692165
25676,LOF,0.030902372895400227,0.05881058870758297,0.9102870383970167
25677,LOF,0.05757667325473971,0.06048449789820187,0.8819388288470584
25678,LOF,0.2499071726584992,0.04677228524575656,0.7033205420957442
25679,LOF,0.15956044207874284,0.06756084831470702,0.7728787096065503
25680,LOF,0.06519862374032173,0.09277666912020248,0.8420247071394759
25681,LOF,0.10673115608326854,0.08896434565433264,0.8043044982623988
25682,LOF,0.043299841863711434,0.07149979431615086,0.8852003638201378
25683,LOF,0.07623384519091897,0.09471075042284843,0.8290554043862327
25684,LOF,0.04972246747771025,0.07434918066608302,0.8759283518562068
25685,LOF,0.12902269137565067,0.03441491306204726,0.8365623955623022
25686,LOF,0.03563153093742645,0.09176238968596416,0.8726060793766093
25687,LOF,0.06714687190744932,0.07416969072180137,0.8586834373707494
25688,LOF,0.022588143479067412,0.13095581716918853,0.846456039351744
25689,LOF,0.01937295581852936,0.0816097335636833,0.8990173106177873
25690,LOF,0.017669900949384656,0.1055314935266356,0.8767986055239797
25691,LOF,0.15633506565249344,0.1694976860801834,0.6741672482673232
25692,LOF,0.24041215717291867,0.02094889916649345,0.7386389436605879
25693,LOF,0.05745785307719406,0.15732831011111684,0.7852138368116892
25694,LOF,0.2483934820761896,0.011375509663205595,0.7402310082606048
25695,LOF,0.1632256437603919,0.016326289545203092,0.820448066694405
25696,LOF,0.1606735171729715,0.00950008966415165,0.8298263931628769
25697,LOF,0.12871708812718585,0.026433928805993736,0.8448489830668204
25698,LOF,0.029194999266656925,0.30800483947910984,0.6628001612542332
25699,LOF,0.07717055356459844,0.08644046856336371,0.8363889778720378
25700,LOF,0.03176639328240973,0.01389183064092313,0.9543417760766673
25701,LOF,0.011553028967424177,0.08680961373049056,0.9016373573020852
25702,GOF,0.027226224062990235,0.7223128821141332,0.25046089382287645
25703,LOF,0.018619485360852898,0.19492906765611265,0.7864514469830345
25704,LOF,0.0941088720753475,0.17648623218952864,0.7294048957351238
25705,LOF,0.06578212597041881,0.2708940146157081,0.6633238594138732
25706,GOF,0.03890472685016966,0.610532824478466,0.35056244867136443
25707,GOF,0.03301271975308482,0.6630218456053446,0.30396543464157055
25708,GOF,0.007444624494704166,0.6183762796466687,0.37417909585862713
25709,LOF,0.018467371502484235,0.09918129818117183,0.8823513303163439
25710,LOF,0.007861179947063732,0.2086797335461869,0.7834590865067493
25711,LOF,0.021367525288181907,0.15588684067975622,0.8227456340320619
25712,LOF,0.008220587718189945,0.2731634935940867,0.7186159186877233
25713,LOF,0.018517875161868147,0.14011000572423066,0.8413721191139013
25714,LOF,0.02091096804325568,0.19317613339453482,0.7859128985622095
25715,LOF,0.01976980402497243,0.16698715033175726,0.8132430456432704
25716,LOF,0.012895313107315901,0.14597879760911528,0.8411258892835689
25717,LOF,0.006331085542536587,0.15112841439758748,0.8425405000598759
25718,LOF,0.018936076661320918,0.11333944756196644,0.8677244757767126
25719,LOF,0.03697503772920748,0.12102984698060695,0.8419951152901856
25720,LOF,0.02741717684604896,0.1146027280751012,0.8579800950788499
25721,LOF,0.02248637786643362,0.12911904852268444,0.848394573610882
25722,LOF,0.015276003219391024,0.18235016086900982,0.8023738359115992
25723,LOF,0.022353253830131647,0.11597695952711809,0.8616697866427502
25724,LOF,0.024768167522598087,0.18611278639033912,0.7891190460870627
25725,LOF,0.020828539999798616,0.10805624890831188,0.8711152110918895
25726,LOF,0.015317715038504483,0.144159168341114,0.8405231166203815
25727,LOF,0.021671629475102136,0.12715454459328954,0.8511738259316084
25728,LOF,0.020682110278100366,0.1447878467462932,0.8345300429756064
25729,LOF,0.019572735994581803,0.1507606936328791,0.8296665703725391
25730,LOF,0.022307291850626042,0.1132928067800702,0.8643999013693039
25731,LOF,0.011510642455725556,0.20406203584932778,0.7844273216949467
25732,LOF,0.018559705030302544,0.13321067510055631,0.8482296198691411
25733,LOF,0.027209181799949026,0.12773176995274588,0.8450590482473052
25734,LOF,0.006923536055319096,0.25425208953876177,0.7388243744059191
25735,LOF,0.020852089906322615,0.10451288076494096,0.8746350293287364
25736,LOF,0.01906950096403123,0.1695606770228683,0.8113698220131005
25737,LOF,0.038944468379800354,0.14715063248778842,0.8139048991324113
25738,LOF,0.0205875361964243,0.19945470280170058,0.7799577610018752
25739,LOF,0.022820527830227595,0.18194394046699783,0.7952355317027746
25740,LOF,0.049342244643024696,0.19223350576344897,0.7584242495935263
25741,LOF,0.02811589071576062,0.1525996005190689,0.8192845087651703
25742,LOF,0.04694919489525749,0.1551930177338134,0.797857787370929
25743,LOF,0.01241555750483576,0.03000917730607838,0.9575752651890859
25744,LOF,0.16736477011657405,0.31946166058370135,0.5131735692997246
25745,LOF,0.037817286449633385,0.1217564871081554,0.8404262264422112
25746,LOF,0.01325977392971906,0.16679976260982668,0.8199404634604543
25747,LOF,0.032543625104655485,0.03335619494869487,0.9341001799466496
25748,LOF,0.2624137933992486,0.06405711856709279,0.6735290880336587
25749,LOF,0.012775341629194062,0.10098323857857608,0.8862414197922298
25750,LOF,0.016493082176741652,0.1025320961279064,0.880974821695352
25751,LOF,0.045820496162475494,0.057132096130299403,0.897047407707225
25752,GOF,0.09208222469147756,0.684688279628636,0.22322949567988648
25753,LOF,0.007002958282412371,0.3589406113957677,0.6340564303218199
25754,GOF,0.007851924111866119,0.8565587735799357,0.1355893023081982
25755,LOF,0.008365516809837097,0.4086856627348619,0.5829488204553009
25756,LOF,0.04929420366371942,0.4166429060515595,0.5340628902847211
25757,GOF,0.007950720098685282,0.8506476108966321,0.1414016690046825
25758,GOF,0.009425997038475815,0.8777420305477697,0.11283197241375452
25759,GOF,0.005708890815274984,0.5898404611447602,0.40445064803996483
25760,LOF,0.005844659044140904,0.2691527255939394,0.7250026153619198
25761,GOF,0.06091214017560008,0.8535325285681935,0.08555533125620654
25762,LOF,0.028006913461388845,0.3304997272644472,0.6414933592741638
25763,LOF,0.006636025596929074,0.2663172859095672,0.7270466884935037
25764,GOF,0.07411939347826481,0.6460145931926479,0.27986601332908734
25765,GOF,0.008221414643171313,0.8505664958377419,0.14121208951908687
25766,GOF,0.03941204546098462,0.8407553422417441,0.11983261229727127
25767,GOF,0.012478816182210428,0.5263303716233497,0.4611908121944399
25768,LOF,0.03949530963539887,0.062297706234448844,0.8982069841301523
25769,LOF,0.02554150217299433,0.08544942946967264,0.889009068357333
25770,LOF,0.16906072553033202,0.06339261593903864,0.7675466585306293
25771,LOF,0.014321068090232585,0.058820411531911115,0.9268585203778563
25772,LOF,0.02411570742390291,0.027124227574830306,0.9487600650012669
25773,LOF,0.019143961941264165,0.05171094715052561,0.9291450909082101
25774,LOF,0.02992163152477221,0.0915753041538426,0.8785030643213853
25775,LOF,0.022431630148654073,0.034956106814145495,0.9426122630372004
25776,LOF,0.025158326403451906,0.024353066837132866,0.9504886067594152
25777,LOF,0.25593968551082835,0.07030286717005563,0.673757447319116
25778,LOF,0.019925175107312135,0.06019695763296531,0.9198778672597225
25779,GOF,0.03256107614499017,0.9002468533651763,0.06719207048983335
25780,GOF,0.06080940445635359,0.8908144141259228,0.04837618141772361
25781,GOF,0.0284644721531898,0.8833209534420213,0.08821457440478885
25782,GOF,0.02664708596011282,0.9057252820754507,0.06762763196443652
25783,GOF,0.025439462669975176,0.926284496459009,0.04827604087101588
25784,GOF,0.0704588798156076,0.8881180484982095,0.04142307168618287
25785,GOF,0.07315373496814569,0.8921064199558968,0.03473984507595741
25786,GOF,0.009121947301961328,0.8988388230002999,0.09203922969773864
25787,GOF,0.1561974076622929,0.8038708029410656,0.03993178939664151
25788,LOF,0.015221176740939424,0.22801290640246585,0.7567659168565947
25789,GOF,0.014669647219168509,0.8738898477802497,0.11144050500058175
25790,GOF,0.017963187096687996,0.8788774191223345,0.1031593937809775
25791,GOF,0.020545365197592435,0.8137640418864146,0.16569059291599295
25792,GOF,0.02383412892099444,0.8393674059634169,0.13679846511558863
25793,GOF,0.060466915517968754,0.8553376523243974,0.08419543215763389
25794,GOF,0.0470485214047327,0.8147665970901555,0.1381848815051119
25795,GOF,0.04303186444521967,0.7860436318874046,0.17092450366737585
25796,GOF,0.0771967809504326,0.8390646546978943,0.08373856435167316
25797,GOF,0.0645011659474696,0.7816727425865662,0.15382609146596435
25798,GOF,0.005127714199732783,0.8010033053939656,0.19386898040630168
25799,GOF,0.00416997531515707,0.7532766790332018,0.24255334565164105
25800,GOF,0.023517050073733215,0.8473566098793108,0.12912634004695597
25801,GOF,0.01663866214051251,0.8990130994742165,0.08434823838527088
25802,GOF,0.026968235404054623,0.8452389792689743,0.12779278532697097
25803,GOF,0.016812228152228135,0.7430970790486309,0.24009069279914103
25804,GOF,0.025124228958592353,0.7971925901053987,0.1776831809360091
25805,GOF,0.024533324609850252,0.8137183643319312,0.1617483110582185
25806,GOF,0.022251833596913004,0.8163818637206324,0.16136630268245455
25807,GOF,0.007876181948549442,0.7790489162966333,0.2130749017548173
25808,GOF,0.01482066241029931,0.7926250316175952,0.19255430597210538
25809,GOF,0.009115426091355665,0.7766398595538245,0.21424471435481982
25810,GOF,0.00747386381522425,0.7649488479796088,0.22757728820516696
25811,GOF,0.041148225857031116,0.8896396198430724,0.06921215429989652
25812,GOF,0.030000729938841418,0.81184685376021,0.15815241630094845
25813,GOF,0.11026419171066935,0.8154934778333743,0.07424233045595628
25814,GOF,0.02917425989247715,0.8240555232802924,0.1467702168272305
25815,GOF,0.05876259920121854,0.8422438554636285,0.09899354533515305
25816,GOF,0.009969275675964765,0.8675682028673927,0.12246252145664253
25817,GOF,0.09494602437192347,0.8244746479256454,0.0805793277024311
25818,GOF,0.0219593732897635,0.8172657736571465,0.16077485305308994
25819,GOF,0.060099670005190495,0.7842922480851556,0.1556080819096539
25820,GOF,0.03055292733954497,0.7412901308290234,0.22815694183143173
25821,GOF,0.021900648261972987,0.7627628031570051,0.21533654858102197
25822,GOF,0.03848901805593295,0.7693501833751069,0.19216079856896018
25823,GOF,0.02584737062698128,0.7685818537579913,0.20557077561502743
25824,GOF,0.023868212631042336,0.8246197824915138,0.15151200487744385
25825,GOF,0.019429638809478122,0.8088277291935236,0.17174263199699816
25826,GOF,0.00818073011700751,0.7822775224073336,0.20954174747565887
25827,GOF,0.011747143176160458,0.7269141256642728,0.26133873115956674
25828,GOF,0.008996115471829425,0.7577389578369931,0.2332649266911775
25829,GOF,0.004026916974004428,0.7113744686406234,0.28459861438537226
25830,GOF,0.03420165699802949,0.5219804686284875,0.443817874373483
25831,GOF,0.04940549368126058,0.818680062056156,0.13191444426258359
25832,GOF,0.009218353537370166,0.792743439751919,0.1980382067107109
25833,GOF,0.03097735946714473,0.8360765657402547,0.13294607479260048
25834,GOF,0.010126232812428417,0.806172400023366,0.1837013671642056
25835,GOF,0.023534566755917256,0.8574347088107162,0.1190307244333666
25836,GOF,0.006708919814112916,0.7982875504437649,0.19500352974212226
25837,GOF,0.008153588348177762,0.8157160043939414,0.1761304072578807
25838,GOF,0.020004239250247958,0.8627084265217998,0.11728733422795233
25839,GOF,0.04517665041431268,0.8305811159016758,0.1242422336840117
25840,GOF,0.07252492192594462,0.8244469575569993,0.10302812051705611
25841,GOF,0.07159064486921429,0.8345249283711255,0.09388442675966022
25842,GOF,0.026137723141345232,0.8995643314033364,0.0742979454553184
25843,GOF,0.02285662094019786,0.8970177078158251,0.0801256712439771
25844,GOF,0.016869273039229075,0.8600602713833699,0.12307045557740107
25845,GOF,0.006414017329976154,0.7978920933364089,0.19569388933361506
25846,GOF,0.06765849092203796,0.8289835858785601,0.1033579231994018
25847,GOF,0.016271333334470037,0.8960687009189282,0.08765996574660177
25848,GOF,0.019965289797163683,0.8594137245413224,0.12062098566151391
25849,GOF,0.007147953738458905,0.8464505163495576,0.14640152991198352
25850,GOF,0.0062016867841873345,0.7644395549667418,0.2293587582490709
25851,GOF,0.005652722194430747,0.7152996526581896,0.27904762514737963
25852,GOF,0.1336754144453674,0.6115728999297227,0.25475168562490996
25853,GOF,0.061475218786071366,0.8305638697515214,0.10796091146240724
25854,GOF,0.005888338603779874,0.7584186433960689,0.2356930180001513
25855,GOF,0.02528462840858966,0.7492888421629638,0.22542652942844651
25856,GOF,0.04337107261232875,0.8214674250819182,0.13516150230575294
25857,GOF,0.02528227496332077,0.7692923230742345,0.20542540196244494
25858,GOF,0.010994530995721464,0.7698504059971034,0.2191550630071751
25859,GOF,0.008382188247923177,0.7578068728007042,0.23381093895137253
25860,GOF,0.07452664746941258,0.8175686685532563,0.10790468397733127
25861,GOF,0.08401385596759992,0.8247071206522318,0.09127902338016822
25862,GOF,0.021111309299840352,0.9035396998348608,0.07534899086529885
25863,GOF,0.022848912626373005,0.8908957249985027,0.08625536237512435
25864,GOF,0.061916480943005996,0.8900572102923949,0.04802630876459893
25865,GOF,0.044297693285669494,0.8743201537613638,0.08138215295296664
25866,GOF,0.024455364634502246,0.8897475523828124,0.0857970829826853
25867,GOF,0.03776652986816378,0.8844678909769188,0.07776557915491734
25868,GOF,0.0616794973494249,0.8444066943868096,0.09391380826376562
25869,GOF,0.32856125807163633,0.5981695335348408,0.07326920839352283
25870,GOF,0.05895816371603808,0.6336045557698412,0.30743728051412084
25871,GOF,0.010508990441347225,0.8811069611056147,0.10838404845303813
25872,GOF,0.01921300858652961,0.8652912776685212,0.11549571374494938
25873,GOF,0.01987354848115746,0.8987264440726234,0.08140000744621913
25874,LOF,0.014817686985253018,0.25294293379797206,0.732239379216775
25875,LOF,0.031093394924234234,0.05144318691641907,0.9174634181593467
25876,LOF,0.019754958252068473,0.03489832421641214,0.9453467175315194
25877,LOF,0.10253113761626735,0.08245044934962079,0.8150184130341118
25878,LOF,0.07909240588279,0.12736365247119705,0.793543941646013
25879,LOF,0.017246181533679353,0.08528602067355764,0.897467797792763
25880,LOF,0.06271865714499564,0.013886499704520147,0.9233948431504841
25881,Neutral,0.46148767380226197,0.0799009945731764,0.4586113316245617
25882,LOF,0.06480908073122872,0.029115983362010885,0.9060749359067604
25883,LOF,0.0262748661582542,0.03289748879654669,0.9408276450451991
25884,LOF,0.016180642086067405,0.05872343946537596,0.9250959184485567
25885,LOF,0.17005240693261925,0.012820193727761641,0.8171273993396191
25886,LOF,0.25747359479932663,0.06359885599223439,0.678927549208439
25887,LOF,0.11492594119643741,0.09138222962605387,0.7936918291775088
25888,LOF,0.00844699720638512,0.12941625643238494,0.8621367463612298
25889,LOF,0.022959399592299715,0.04200477081017392,0.9350358295975264
25890,LOF,0.16968573221247937,0.07665951999729691,0.7536547477902237
25891,LOF,0.1177072244461502,0.02727292889787479,0.8550198466559751
25892,LOF,0.01047642747980842,0.03470050884046025,0.9548230636797314
25893,LOF,0.403797915890425,0.009421264178011644,0.5867808199315633
25894,LOF,0.41666256123389556,0.006393258469048525,0.576944180297056
25895,LOF,0.37783412139983985,0.011797870111369424,0.6103680084887907
25896,LOF,0.07118591540717717,0.02970726955006932,0.8991068150427534
25897,LOF,0.1661276885041487,0.010197263382580346,0.823675048113271
25898,LOF,0.15274078221917314,0.03603495922991881,0.811224258550908
25899,LOF,0.45056436313788556,0.027392101756388395,0.5220435351057262
25900,Neutral,0.5439946415639539,0.00875063445531501,0.44725472398073096
25901,LOF,0.06762672033044537,0.011429896252449513,0.920943383417105
25902,LOF,0.16537032932828824,0.011669567223727704,0.8229601034479841
25903,LOF,0.3630006284723463,0.02473424164675918,0.6122651298808944
25904,Neutral,0.5537768472702889,0.04001005814422159,0.4062130945854897
25905,LOF,0.006946439124445021,0.4470506415136322,0.5460029193619227
25906,LOF,0.007740802886425432,0.08766796415444186,0.9045912329591327
25907,LOF,0.0074179127984855195,0.28183782290353177,0.7107442642979827
25908,LOF,0.006652081268851868,0.2706432425496084,0.7227046761815398
25909,LOF,0.029017946577226894,0.11544679399614736,0.8555352594266257
25910,LOF,0.012173298107814569,0.14455086565190972,0.8432758362402757
25911,LOF,0.21994432952876827,0.0531947155395339,0.7268609549316978
25912,LOF,0.10005557041242388,0.034833908497578656,0.8651105210899974
25913,LOF,0.025569603755387575,0.0651007774805902,0.9093296187640222
25914,LOF,0.0366961711341073,0.024791210698181458,0.9385126181677114
25915,LOF,0.17959205954038945,0.10330384897289707,0.7171040914867134
25916,LOF,0.02526295355890871,0.05750113012353825,0.917235916317553
25917,LOF,0.0745197743302376,0.024000903296734117,0.9014793223730283
25918,LOF,0.040762842964340004,0.01417600195290902,0.945061155082751
25919,LOF,0.03667495944861836,0.013622667355783992,0.9497023731955977
25920,LOF,0.35541710325634107,0.27626654031780373,0.36831635642585514
25921,LOF,0.014657746270869703,0.03424688605555469,0.9510953676735756
25922,LOF,0.016101337194752652,0.03643659951202308,0.9474620632932244
25923,LOF,0.43613645008545765,0.03166228639178061,0.5322012635227618
25924,LOF,0.025316526002266266,0.048871408625654374,0.9258120653720793
25925,LOF,0.09323744561633497,0.04769216507880673,0.8590703893048584
25926,LOF,0.07104649409454354,0.04026203850932298,0.8886914673961335
25927,LOF,0.02169626649763066,0.07345968277639191,0.9048440507259774
25928,LOF,0.010106026833058956,0.048660927937743646,0.9412330452291974
25929,Neutral,0.5670002704178533,0.030162904509960228,0.4028368250721865
25930,LOF,0.07595202702718762,0.030285168242394852,0.8937628047304176
25931,LOF,0.01352171346969681,0.033317473663586575,0.9531608128667167
25932,LOF,0.07035768481270713,0.03332194170538953,0.8963203734819034
25933,LOF,0.06857338536029103,0.018851864650665757,0.9125747499890433
25934,LOF,0.06113438642135888,0.019286313427448798,0.9195793001511924
25935,LOF,0.08462123264740594,0.05529463069236478,0.8600841366602293
25936,LOF,0.10256620188933911,0.01961216849722144,0.8778216296134395
25937,LOF,0.01917491248987129,0.025690825413576313,0.9551342620965524
25938,LOF,0.0806776852314293,0.04831580485097746,0.8710065099175932
25939,LOF,0.048446741580278986,0.027664056699608804,0.9238892017201121
25940,LOF,0.009390798400768502,0.47036390868066363,0.5202452929185679
25941,Neutral,0.47931734665926434,0.04955288341281922,0.47112976992791633
25942,LOF,0.010634805532564772,0.056839098071840656,0.9325260963955946
25943,LOF,0.044936705372046686,0.17125844097561424,0.7838048536523391
25944,LOF,0.04233915960648702,0.07655511454492188,0.8811057258485911
25945,LOF,0.11836980569409727,0.03277076511887229,0.8488594291870304
25946,LOF,0.06593969579127687,0.045796094830707436,0.8882642093780156
25947,Neutral,0.5473595676808556,0.0795112156818617,0.37312921663728277
25948,LOF,0.40732334613526494,0.016654733302181843,0.5760219205625532
25949,LOF,0.15758712966973673,0.05984792201054654,0.7825649483197166
25950,GOF,0.06896852472434299,0.5190484160512383,0.41198305922441875
25951,LOF,0.014819329591665808,0.4451888061274056,0.5399918642809287
25952,LOF,0.26443314953167985,0.2628933738718128,0.4726734765965073
25953,LOF,0.008432341483552042,0.251524478645438,0.7400431798710099
25954,LOF,0.07644683421213752,0.37412824917575066,0.5494249166121118
25955,LOF,0.00784325662349897,0.22052910361995634,0.7716276397565447
25956,LOF,0.012536497199884401,0.31886467125620754,0.668598831543908
25957,LOF,0.1581644044199909,0.03212668713151976,0.8097089084484894
25958,LOF,0.028770997613266586,0.0644648496239775,0.9067641527627559
25959,GOF,0.006546807548129887,0.7799158706313163,0.21353732182055382
25960,LOF,0.0045979700777396895,0.11091400114686893,0.8844880287753915
25961,LOF,0.027494161257876692,0.05422947390452628,0.9182763648375971
25962,LOF,0.04992161546257061,0.0807475143129198,0.8693308702245095
25963,LOF,0.00692755329866699,0.1513976816367581,0.8416747650645748
25964,LOF,0.027103279023293403,0.15051665699869066,0.8223800639780159
25965,LOF,0.2591107690266286,0.1300990122008689,0.6107902187725025
25966,LOF,0.3723218942557351,0.08552679147734474,0.5421513142669202
25967,LOF,0.008119490854664861,0.06894563692575843,0.9229348722195766
25968,LOF,0.04178604218603251,0.2248500063771956,0.7333639514367719
25969,LOF,0.1940783219882683,0.04434562377270892,0.7615760542390229
25970,LOF,0.06641989812592816,0.06759193423541893,0.8659881676386529
25971,LOF,0.08915130147842465,0.030292191335348894,0.8805565071862266
25972,LOF,0.08351538959377257,0.05599915201342783,0.8604854583927996
25973,LOF,0.06363671831746744,0.010406734380683298,0.9259565473018493
25974,LOF,0.03866592711506487,0.046282723880741033,0.915051349004194
25975,LOF,0.04088735440496479,0.021969210031894643,0.9371434355631406
25976,LOF,0.07613575463202889,0.011474791971398945,0.9123894533965722
25977,LOF,0.24283660899379317,0.0479333588573406,0.7092300321488663
25978,LOF,0.16541914602747232,0.16277421753055824,0.6718066364419694
25979,LOF,0.13672319298380856,0.17906401028203356,0.6842127967341579
25980,LOF,0.2137083148561792,0.23495338153302184,0.5513383036107989
25981,LOF,0.21504307427024993,0.23710639504370104,0.547850530686049
25982,LOF,0.42245056507230316,0.12388655727940719,0.45366287764828966
25983,LOF,0.41359297226207115,0.15496386441979998,0.4314431633181289
25984,LOF,0.05136935649236112,0.08726134567108132,0.8613692978365575
25985,Neutral,0.445168922749734,0.12179547178465304,0.4330356054656128
25986,LOF,0.011392543459032485,0.46084228880439815,0.5277651677365693
25987,LOF,0.05186636134049226,0.08967412743707462,0.8584595112224332
25988,LOF,0.04610567329484536,0.15308998404670818,0.8008043426584465
25989,LOF,0.05094446343659103,0.18677042684834974,0.7622851097150593
25990,LOF,0.045791151908143514,0.3127332010295466,0.6414756470623099
25991,LOF,0.026022210954315856,0.4095325903071636,0.5644451987385205
25992,LOF,0.016098571719585068,0.37569282901788625,0.6082085992625288
25993,LOF,0.029023983664789817,0.053643936985123195,0.917332079350087
25994,LOF,0.024938299987601022,0.05705511661916313,0.9180065833932359
25995,LOF,0.02114681436614464,0.0981058704666046,0.8807473151672507
25996,Neutral,0.4157060986348992,0.33476461944938535,0.24952928191571552
25997,LOF,0.07271435625753139,0.42093217178385334,0.5063534719586154
25998,LOF,0.2551201370200836,0.040180604679896606,0.7046992583000198
25999,LOF,0.03854187330358967,0.10853885166013216,0.8529192750362782
26000,LOF,0.14895195884104626,0.013161093684689226,0.8378869474742645
26001,LOF,0.2500337390369318,0.01682738355967886,0.7331388774033892
26002,LOF,0.12542350140848663,0.022674126026276217,0.851902372565237
26003,GOF,0.00790968667286479,0.6064739450140941,0.38561636831304114
26004,GOF,0.01684943768826269,0.5978566228308825,0.3852939394808549
26005,LOF,0.005285850631854942,0.43239504704022147,0.5623191023279236
26006,GOF,0.09504956787139691,0.4638158117469662,0.44113462038163676
26007,LOF,0.011013276665288136,0.4632634345996225,0.5257232887350894
26008,GOF,0.006035503441251834,0.5442933389447235,0.44967115761402454
26009,GOF,0.011604362985278154,0.6014391929190427,0.3869564440956792
26010,GOF,0.009610496149609273,0.5213183493091532,0.46907115454123766
26011,LOF,0.0042238294286372135,0.3843013315668533,0.6114748390045095
26012,GOF,0.004795399181586213,0.52324425316404,0.47196034765437367
26013,GOF,0.01029699710990613,0.5379476894438113,0.45175531344628256
26014,LOF,0.06209463643709313,0.09145912226189912,0.8464462413010078
26015,LOF,0.37487001155520044,0.046163252992499744,0.5789667354522999
26016,LOF,0.2772045401480134,0.06335499614950903,0.6594404637024776
26017,LOF,0.012301082797549196,0.24252762380806966,0.7451712933943812
26018,LOF,0.02413183554384707,0.11429455157878105,0.861573612877372
26019,LOF,0.023678906260618963,0.10289934896114447,0.8734217447782365
26020,LOF,0.007552195050984237,0.2292283427393981,0.7632194622096177
26021,LOF,0.07145087590581466,0.1033487929343641,0.8252003311598213
26022,LOF,0.035344109945401714,0.05053896964869168,0.9141169204059065
26023,LOF,0.018615502478630575,0.08430429823717739,0.8970801992841921
26024,LOF,0.05088933043307366,0.08543016826730561,0.8636805012996206
26025,LOF,0.11353241461474461,0.1035544258585348,0.7829131595267206
26026,LOF,0.11175813602664497,0.08408194442045082,0.8041599195529041
26027,LOF,0.02401091976922506,0.049710871839917445,0.9262782083908574
26028,LOF,0.08453078461652332,0.1896857354716222,0.7257834799118545
26029,LOF,0.02407345747746045,0.15308933211295866,0.8228372104095809
26030,LOF,0.12887449918168928,0.019421717471591483,0.8517037833467193
26031,LOF,0.010036363841801692,0.13656567915689533,0.8533979570013029
26032,LOF,0.03725574580784794,0.0369544740317771,0.9257897801603749
26033,LOF,0.039982050757324285,0.036445982782196275,0.9235719664604796
26034,LOF,0.015744654544088254,0.11045911075493477,0.873796234700977
26035,LOF,0.012735802775457605,0.10236136413586819,0.8849028330886743
26036,LOF,0.011929801220018835,0.0862232819729981,0.901846916806983
26037,LOF,0.01138683461442652,0.09222975413808422,0.8963834112474893
26038,LOF,0.031573839748629186,0.032692920265926864,0.935733239985444
26039,LOF,0.037037338396025986,0.12013232807652892,0.8428303335274451
26040,LOF,0.08067667652467791,0.10902548861591223,0.8102978348594099
26041,LOF,0.014420722872994897,0.08995983346299159,0.8956194436640135
26042,LOF,0.013829961631768911,0.09656226549300542,0.8896077728752256
26043,LOF,0.03145963448384006,0.05081688310573088,0.917723482410429
26044,LOF,0.009222332882501516,0.03770885066722684,0.9530688164502715
26045,LOF,0.07952480295891426,0.12179403905341457,0.7986811579876711
26046,LOF,0.027807379322825225,0.03743312153178417,0.9347594991453906
26047,LOF,0.05616316100117503,0.03597024824745112,0.9078665907513738
26048,LOF,0.07940780247897983,0.015540790831294438,0.9050514066897257
26049,Neutral,0.9363330250850798,0.005835759915383967,0.05783121499953628
26050,Neutral,0.9044485269573794,0.0062471307723370815,0.08930434227028354
26051,LOF,0.02740060012154945,0.06496623475978056,0.90763316511867
26052,LOF,0.03483742404953054,0.05329876492837772,0.9118638110220918
26053,LOF,0.021764790994172976,0.1432005779552933,0.8350346310505337
26054,LOF,0.04852609783273952,0.03655593219237834,0.9149179699748821
26055,LOF,0.0720097440146544,0.0321439141669202,0.8958463418184255
26056,LOF,0.05838411141586073,0.04026233665477176,0.9013535519293674
26057,LOF,0.05582576787550001,0.021386244678803103,0.9227879874456969
26058,LOF,0.06051547719119609,0.01729505780843392,0.92218946500037
26059,LOF,0.2095832972339162,0.03932591135301542,0.7510907914130683
26060,LOF,0.024233879138967806,0.1533228225753783,0.8224432982856539
26061,LOF,0.011952134411874158,0.013461146777269256,0.9745867188108567
26062,LOF,0.006456640487451371,0.01912884994934224,0.9744145095632063
26063,LOF,0.0391000625697439,0.01516186840286448,0.9457380690273915
26064,LOF,0.013134171217740576,0.02281546144270943,0.96405036733955
26065,LOF,0.046818601067419294,0.02082787087796906,0.9323535280546116
26066,LOF,0.03635665814735529,0.014837743346276787,0.9488055985063678
26067,LOF,0.04125592011626528,0.015014358231323787,0.9437297216524109
26068,LOF,0.05425887434136543,0.050322354098454994,0.8954187715601797
26069,LOF,0.27704716528179124,0.03159743329473511,0.6913554014234737
26070,Neutral,0.525925508183131,0.02194981128824027,0.4521246805286288
26071,LOF,0.04188755313815365,0.018385806837450516,0.9397266400243959
26072,LOF,0.0074064722271465185,0.02451447177354289,0.9680790559993105
26073,LOF,0.035015211546737944,0.019059199996151105,0.9459255884571109
26074,Neutral,0.8503314498140486,0.012808661959876715,0.13685988822607467
26075,LOF,0.0561651227711166,0.027535962764993285,0.91629891446389
26076,LOF,0.04762549110612583,0.015929673861586818,0.9364448350322873
26077,LOF,0.15148859197070033,0.008658818642219372,0.8398525893870803
26078,LOF,0.007048473661680512,0.01869637408961826,0.9742551522487012
26079,LOF,0.06658018392228154,0.02665914600158469,0.9067606700761338
26080,LOF,0.06523543202754738,0.026692153447884212,0.9080724145245683
26081,LOF,0.032841413785589406,0.013182986354650724,0.9539755998597598
26082,LOF,0.005819358326991881,0.021883016950477178,0.9722976247225309
26083,LOF,0.10240061699193251,0.02917384075888151,0.868425542249186
26084,LOF,0.09961385594029804,0.025305558236576552,0.8750805858231253
26085,LOF,0.0881148385648182,0.020719939954133872,0.891165221481048
26086,LOF,0.0342026327736761,0.01812789257814073,0.9476694746481832
26087,LOF,0.03224618497457761,0.014892562297955648,0.9528612527274667
26088,LOF,0.006918648270962572,0.03096152255621469,0.9621198291728228
26089,LOF,0.04358093484223512,0.03979735575865733,0.9166217093991076
26090,LOF,0.043651609156534904,0.03225218142017404,0.9240962094232911
26091,LOF,0.02625875187855007,0.011736250593318814,0.9620049975281312
26092,LOF,0.04199251058890687,0.012124031311184958,0.9458834580999083
26093,LOF,0.0719549604399431,0.008780623215428909,0.9192644163446281
26094,LOF,0.030041836602499643,0.011234314202690136,0.9587238491948102
26095,LOF,0.020182808792075284,0.020802257182406247,0.9590149340255184
26096,LOF,0.2054053744918196,0.005798940051616472,0.788795685456564
26097,LOF,0.007115497121612238,0.05037297903690783,0.9425115238414801
26098,LOF,0.12383133569644554,0.023174553138161292,0.8529941111653933
26099,LOF,0.03638317147564354,0.026244916661070608,0.937371911863286
26100,LOF,0.03638317147564354,0.026244916661070608,0.937371911863286
26101,LOF,0.05563390957920698,0.04502910859230635,0.8993369818284868
26102,LOF,0.030925147762865125,0.024661890008927316,0.9444129622282077
26103,Neutral,0.8891157454828902,0.03215514838332388,0.07872910613378609
26104,LOF,0.060701345771201315,0.04810343504239477,0.8911952191864039
26105,LOF,0.27962802034819534,0.10142621213041461,0.6189457675213902
26106,LOF,0.32127080244977196,0.05657395618449245,0.6221552413657357
26107,LOF,0.020453759303111444,0.07891825029155027,0.9006279904053383
26108,LOF,0.27214774965204747,0.04128314310195073,0.6865691072460017
26109,LOF,0.06971507933809713,0.03623021778053741,0.8940547028813653
26110,LOF,0.41536942021961426,0.013675147354432352,0.5709554324259534
26111,LOF,0.06196793488293994,0.12048206057147796,0.8175500045455821
26112,LOF,0.04733624909835028,0.013074146455350866,0.9395896044462989
26113,LOF,0.09736193369668597,0.03647314762585765,0.8661649186774564
26114,LOF,0.0955427890443199,0.006799929260120957,0.8976572816955593
26115,LOF,0.015537414893657718,0.04661991446531862,0.9378426706410236
26116,LOF,0.07621750229118263,0.0206524080473243,0.9031300896614931
26117,LOF,0.3423551229765179,0.05183081278814505,0.6058140642353372
26118,LOF,0.05264654691275032,0.022072413346028937,0.9252810397412208
26119,LOF,0.005907185832395464,0.1062265237669166,0.8878662904006879
26120,LOF,0.03723175512832628,0.021024557908127857,0.9417436869635459
26121,LOF,0.003397737674235582,0.1606188298099108,0.8359834325158536
