feature0,prediction,LoGoFunc_Neutral,LoGoFunc_GOF,LoGoFunc_LOF
25546,Neutral,0.755630482260033,0.03322750630414131,0.2111420114358256
25547,Neutral,0.5990857985881524,0.07273400559889764,0.32818019581295
25548,Neutral,0.6150959157571384,0.05449446839469616,0.3304096158481655
25549,Neutral,0.5332132940439999,0.05308399280401113,0.4137027131519889
25550,LOF,0.38388558506375975,0.10271274304718707,0.5134016718890532
25551,LOF,0.3015656036878121,0.11294975436043256,0.5854846419517554
25552,LOF,0.2140774386958068,0.10399885838483225,0.681923702919361
25553,Neutral,0.8527821661167924,0.026661545412669536,0.12055628847053816
25554,LOF,0.2436400892952959,0.1025428386111503,0.6538170720935538
25555,LOF,0.1996683915924662,0.09056002808241577,0.709771580325118
25556,LOF,0.45109929826201783,0.0931868454871604,0.4557138562508218
25557,LOF,0.19550839305511855,0.09549154702620381,0.7090000599186775
25558,LOF,0.2328595812226176,0.10377421414003443,0.6633662046373479
25559,LOF,0.35164655728755495,0.1344008800907667,0.5139525626216784
25560,LOF,0.051498643979062106,0.12336316335562367,0.8251381926653142
25561,LOF,0.11946504339559738,0.11513899856595149,0.7653959580384512
25562,LOF,0.08590046070272699,0.07009492116148519,0.8440046181357878
25563,LOF,0.12138800115638075,0.06455470792025654,0.8140572909233628
25564,LOF,0.25271974990153184,0.11168332732845061,0.6355969227700176
25565,LOF,0.14106676693733905,0.13552188104061236,0.7234113520220485
25566,GOF,0.01448692690712257,0.7671983395619577,0.21831473353091962
25567,LOF,0.01768477144696189,0.18000824112682634,0.8023069874262118
25568,LOF,0.048147210188728695,0.06738804436016031,0.8844647454511111
25569,LOF,0.055045721142471075,0.06698226137875946,0.8779720174787695
25570,LOF,0.055534330168832066,0.09827879373844393,0.846186876092724
25571,LOF,0.04728996304945877,0.09358622247912106,0.8591238144714202
25572,LOF,0.06695064083293469,0.11728868412717547,0.8157606750398899
25573,LOF,0.03491983711007057,0.10030630764261388,0.8647738552473155
25574,LOF,0.02083807394599677,0.15127401322220435,0.8278879128317989
25575,LOF,0.04310382927956495,0.10846815897987651,0.8484280117405586
25576,LOF,0.018403311356578956,0.13726905041215476,0.8443276382312662
25577,LOF,0.015758432363445832,0.12468660257704728,0.8595549650595068
25578,LOF,0.2910667520136709,0.08446720743129714,0.624466040555032
25579,LOF,0.15596991292104437,0.09840061015602009,0.7456294769229356
25580,LOF,0.030398608555412966,0.08086333877359737,0.8887380526709896
25581,LOF,0.05027657125252179,0.06820085725512391,0.8815225714923542
25582,LOF,0.04954892696288961,0.06717097361741428,0.8832800994196961
25583,LOF,0.036121474785196936,0.09057910172712139,0.8732994234876816
25584,Neutral,0.47887048005725885,0.10460906261739224,0.4165204573253488
25585,LOF,0.022067033509671635,0.13601156781363924,0.841921398676689
25586,LOF,0.027432642344045497,0.07688697956380852,0.895680378092146
25587,LOF,0.02882691839319684,0.07093185211346133,0.900241229493342
25588,LOF,0.02880647003691388,0.08703287905035022,0.884160650912736
25589,Neutral,0.6362860444730181,0.1326955944478182,0.2310183610791637
25590,LOF,0.03432659810387251,0.13705010723644825,0.8286232946596793
25591,LOF,0.09400316581252376,0.05985076626175871,0.8461460679257174
25592,LOF,0.09384271789709445,0.13076178553662296,0.7753954965662826
25593,LOF,0.03568467979267244,0.25727257924467234,0.7070427409626553
25594,LOF,0.04704793705297454,0.16279948488810733,0.7901525780589183
25595,LOF,0.058674392543605056,0.11039910257511144,0.8309265048812835
25596,LOF,0.04940255633926426,0.09564938956344536,0.8549480540972904
25597,LOF,0.038314364245819583,0.09457025577899215,0.8671153799751883
25598,LOF,0.05112053891871536,0.115480790383962,0.8333986706973227
25599,GOF,0.007688757293193572,0.611414652583825,0.3808965901229814
25600,GOF,0.014119542365929461,0.5797378784066856,0.406142579227385
25601,LOF,0.010313253695839566,0.43660443895081164,0.5530823073533488
25602,LOF,0.031725821957932214,0.043419600078226234,0.9248545779638415
25603,LOF,0.05564366930912186,0.02252546865711195,0.9218308620337663
25604,LOF,0.03506610009054685,0.03999282388032761,0.9249410760291255
25605,LOF,0.010821783079195908,0.19947272494957155,0.7897054919712325
25606,LOF,0.08562388886966361,0.36804334632119023,0.5463327648091462
25607,LOF,0.0062410014693917845,0.18198175453885362,0.8117772439917545
25608,LOF,0.0197059809000807,0.09041108925699885,0.8898829298429205
25609,LOF,0.04282908561274558,0.4501933161835767,0.5069775982036777
25610,LOF,0.03064153624419618,0.031345728859391214,0.9380127348964127
25611,LOF,0.0397299415425179,0.02821897422106926,0.9320510842364128
25612,LOF,0.09706386183291127,0.04588816997598593,0.8570479681911027
25613,LOF,0.08212549188598711,0.04473788450490079,0.8731366236091122
25614,LOF,0.02574551935007381,0.03994031887946648,0.9343141617704598
25615,LOF,0.03377362893205759,0.0520286776384509,0.9141976934294915
25616,LOF,0.024059532491402247,0.03790536539795445,0.9380351021106432
25617,LOF,0.025606255890196567,0.039887656656289405,0.934506087453514
25618,LOF,0.13208067335502108,0.03661853451069359,0.8313007921342853
25619,LOF,0.027532527144487146,0.03719349551149165,0.9352739773440212
25620,LOF,0.03191806875445407,0.04834845704540475,0.9197334742001412
25621,LOF,0.028145025630284932,0.036257494811536325,0.9355974795581788
25622,LOF,0.034208809534802286,0.04228663670524586,0.923504553759952
25623,LOF,0.047593595019394225,0.03236525574708785,0.9200411492335179
25624,LOF,0.02371737050976014,0.04616702944070286,0.9301156000495369
25625,LOF,0.03421823589963755,0.0484071477847672,0.9173746163155954
25626,LOF,0.0783264277693427,0.040941213459634404,0.880732358771023
25627,Neutral,0.538731699638947,0.11228339854710068,0.3489849018139524
25628,LOF,0.21945355249150714,0.0537091605053949,0.7268372870030979
25629,LOF,0.0585137187812512,0.06259961695484792,0.8788866642639008
25630,LOF,0.17960949478944066,0.08574862311117572,0.7346418820993836
25631,Neutral,0.6228507736626007,0.05827160129749771,0.3188776250399016
25632,LOF,0.012805966507941788,0.11915648740517946,0.8680375460868788
25633,LOF,0.11505684924625731,0.09358115629446088,0.7913619944592819
25634,LOF,0.032709570454580464,0.11825770028967766,0.8490327292557419
25635,LOF,0.03431751549697879,0.09228728906671234,0.8733951954363088
25636,GOF,0.00373004845013667,0.6447086689281363,0.3515612826217271
25637,GOF,0.00336694031318763,0.6757572108289516,0.3208758488578608
25638,LOF,0.006950230851708772,0.41889699306047573,0.5741527760878155
25639,GOF,0.003713838952022193,0.5251962452013335,0.4710899158466445
25640,GOF,0.4580771692982972,0.4757284487897602,0.0661943819119425
25641,LOF,0.008476354337005124,0.34700404329836815,0.6445196023646268
25642,LOF,0.24571742837574823,0.07446792619755939,0.6798146454266925
25643,LOF,0.2716105841434734,0.16877099792518035,0.5596184179313463
25644,GOF,0.01257066673940194,0.5470347669862096,0.4403945662743885
25645,GOF,0.009813999707058853,0.505914607046159,0.48427139324678226
25646,LOF,0.016508565740390977,0.37569561421082176,0.6077958200487872
25647,LOF,0.013705811487043579,0.31268281230783657,0.6736113762051198
25648,LOF,0.01191091066778753,0.32024019038009915,0.6678488989521133
25649,LOF,0.010079125196269896,0.23844015513381592,0.7514807196699143
25650,GOF,0.024044632551201452,0.504846089958246,0.47110927749055254
25651,LOF,0.0075848261802509385,0.3239218434042035,0.6684933304155455
25652,LOF,0.01316574109776481,0.29099317764864946,0.6958410812535858
25653,LOF,0.04769126494076467,0.38302727344978676,0.5692814616094486
25654,LOF,0.013492618240455057,0.16390296238661195,0.8226044193729329
25655,LOF,0.06859059293199743,0.43517414337934923,0.49623526368865334
25656,LOF,0.09655365365684333,0.07958648097564608,0.8238598653675105
25657,LOF,0.3162723387304004,0.034416874558504076,0.6493107867110955
25658,LOF,0.04639613530024423,0.09817175137423997,0.8554321133255157
25659,LOF,0.34009050254991935,0.07007061356752184,0.5898388838825589
25660,LOF,0.06623550100141735,0.10470969034527809,0.8290548086533046
25661,LOF,0.04603109087639349,0.07329636426407932,0.8806725448595272
25662,LOF,0.028127878397804992,0.04984139106530408,0.9220307305368909
25663,LOF,0.03918557319787196,0.07096939935650463,0.8898450274456234
25664,LOF,0.043879308532260276,0.08315593574881706,0.8729647557189225
25665,LOF,0.05883600081187517,0.05028038793709285,0.8908836112510321
25666,LOF,0.03809325978398338,0.13248342054301357,0.829423319673003
25667,LOF,0.03168586817542137,0.053824046933442456,0.9144900848911361
25668,LOF,0.03235731645467023,0.0563845279466904,0.9112581555986394
25669,LOF,0.040441959210891006,0.08836944174235466,0.8711885990467543
25670,LOF,0.07265646953116398,0.09857486251616629,0.8287686679526697
25671,LOF,0.04017488952350434,0.049610784524145225,0.9102143259523503
25672,LOF,0.06083582014027666,0.07006316752135865,0.8691010123383647
25673,LOF,0.046032693850496575,0.0742919031849894,0.8796754029645141
25674,LOF,0.04160012736736546,0.07707720333205619,0.8813226693005783
25675,LOF,0.0502992285014398,0.06262157874496259,0.8870791927535976
25676,LOF,0.034641022829593485,0.06062327888467995,0.9047356982857266
25677,LOF,0.06149575715479047,0.06931713762947427,0.8691871052157354
25678,LOF,0.2925383326605941,0.03606457718595029,0.6713970901534557
25679,LOF,0.19563117044528872,0.0634352557803578,0.7409335737743535
25680,LOF,0.0611595469658146,0.09714663385549062,0.8416938191786948
25681,LOF,0.11093865340077415,0.08944230923310739,0.7996190373661184
25682,LOF,0.04576704285888065,0.08021020829751876,0.8740227488436006
25683,LOF,0.1056152246458485,0.08951358275207733,0.8048711926020742
25684,LOF,0.05866257221678922,0.08085362374354185,0.860483804039669
25685,LOF,0.10103908016853462,0.038913531815069485,0.8600473880163959
25686,LOF,0.03977414173187506,0.0950899493120563,0.8651359089560686
25687,LOF,0.04812498213774111,0.08505973350348812,0.8668152843587708
25688,LOF,0.03158164863449755,0.077145273604302,0.8912730777612003
25689,LOF,0.019530017202779543,0.07162251788370928,0.9088474649135112
25690,LOF,0.017430976552639033,0.09211471304626526,0.8904543104010957
25691,LOF,0.22534019734819707,0.13001082658863286,0.6446489760631701
25692,LOF,0.2979209464769697,0.011134457715737246,0.6909445958072931
25693,LOF,0.09974739690563764,0.1386065625126378,0.7616460405817245
25694,LOF,0.23983058289320972,0.014466422149569343,0.745702994957221
25695,LOF,0.14924459789868388,0.02235621409668512,0.828399188004631
25696,LOF,0.15574410445150028,0.011491840409506432,0.8327640551389933
25697,LOF,0.12350938091141578,0.025442490373259317,0.851048128715325
25698,LOF,0.03334064711593862,0.40850747288729444,0.558151879996767
25699,LOF,0.06459072195701865,0.0703892908525248,0.8650199871904566
25700,LOF,0.03126134724624243,0.01124729536902685,0.9574913573847308
25701,LOF,0.015102008039703537,0.06926358976907009,0.9156344021912264
25702,GOF,0.035733904706568564,0.7614909847064611,0.20277511058697034
25703,LOF,0.016692099834442933,0.22761458087097267,0.7556933192945843
25704,LOF,0.10030656711116652,0.15380893250339572,0.7458845003854376
25705,LOF,0.06094762331760481,0.23166054909707623,0.7073918275853189
25706,GOF,0.05547877368088459,0.6130694729833828,0.3314517533357326
25707,GOF,0.02980835486246474,0.544832897853524,0.42535874728401135
25708,LOF,0.008860236612460786,0.4585453583651347,0.5325944050224045
25709,LOF,0.018860903167375116,0.06551469970222834,0.9156243971303967
25710,LOF,0.008925254528645905,0.17512874992314068,0.8159459955482136
25711,LOF,0.020866915099287096,0.11994468997811089,0.8591883949226021
25712,LOF,0.009425508247910858,0.23453680440290675,0.7560376873491823
25713,LOF,0.01829415618947113,0.1041199289470275,0.8775859148635013
25714,LOF,0.020015162732166036,0.140989479014846,0.838995358252988
25715,LOF,0.0188913787027299,0.12179736035103639,0.8593112609462337
25716,LOF,0.009655800173299445,0.1309976036680833,0.8593465961586173
25717,LOF,0.005624041998748087,0.13186966111835838,0.8625062968828935
25718,LOF,0.01755398814459416,0.07423219113174646,0.9082138207236594
25719,LOF,0.03202860530497085,0.0864449829955742,0.881526411699455
25720,LOF,0.021665447078124983,0.08593044873338178,0.8924041041884933
25721,LOF,0.022484996900174074,0.09397092570127138,0.8835440773985546
25722,LOF,0.01749096050524291,0.12471661561649439,0.8577924238782627
25723,LOF,0.020450452095922535,0.07085747622409212,0.9086920716799854
25724,LOF,0.03003601371831521,0.11110913161559748,0.8588548546660874
25725,LOF,0.021858350334495076,0.06580208009410057,0.9123395695714044
25726,LOF,0.015868998426880238,0.09800794840373761,0.8861230531693821
25727,LOF,0.0199364516395172,0.0835340573294313,0.8965294910310514
25728,LOF,0.017823453392289926,0.10329303808348694,0.878883508524223
25729,LOF,0.018280271117984286,0.10591222438363616,0.8758075044983794
25730,LOF,0.019500946822027996,0.0811143634284861,0.8993846897494858
25731,LOF,0.010218781641867928,0.1890267498161823,0.8007544685419498
25732,LOF,0.018600823245766097,0.09327683763307372,0.8881223391211602
25733,LOF,0.02768614975472807,0.08603585820888411,0.8862779920363878
25734,LOF,0.007073866595993651,0.21599404007212325,0.7769320933318831
25735,LOF,0.023174248349297023,0.0745485035931849,0.9022772480575181
25736,LOF,0.02190064022402353,0.10996023334955342,0.868139126426423
25737,LOF,0.04406097050368338,0.09928570064816626,0.8566533288481503
25738,LOF,0.020360634202187342,0.1448633033854676,0.8347760624123449
25739,LOF,0.022239224980686107,0.1434040111702931,0.8343567638490208
25740,LOF,0.04878132613115929,0.13561196110850063,0.81560671276034
25741,LOF,0.02673524459236055,0.10861938345481634,0.864645371952823
25742,LOF,0.035271932958692506,0.12975969448506208,0.8349683725562453
25743,LOF,0.01284825407345222,0.042719224135863695,0.944432521790684
25744,GOF,0.1590265508670976,0.43946640873540327,0.40150704039749907
25745,LOF,0.02324834464064213,0.07499593867602021,0.9017557166833376
25746,LOF,0.012540807145064108,0.09114944254194092,0.8963097503129949
25747,LOF,0.03414660084950818,0.036858039213366334,0.9289953599371255
25748,LOF,0.2344187473512619,0.06211605701459442,0.7034651956341436
25749,LOF,0.015629955484127142,0.05501018320784804,0.9293598613080248
25750,LOF,0.0171036597368133,0.09097231184763431,0.8919240284155525
25751,LOF,0.03819392606635648,0.07199843985397178,0.8898076340796718
25752,GOF,0.08987095069402931,0.704658997737912,0.20547005156805884
25753,LOF,0.007207531781218161,0.37506143323276686,0.6177310349860149
25754,GOF,0.005038093414978359,0.8658338065409134,0.12912810004410838
25755,LOF,0.010346488250107068,0.4302340872473303,0.5594194245025627
25756,LOF,0.04747418068615711,0.4543010704172977,0.49822474889654517
25757,GOF,0.006471567867664265,0.8773623951631796,0.11616603696915621
25758,GOF,0.009793625614385897,0.8867630563443937,0.10344331804122046
25759,GOF,0.004938272854586926,0.5969319106407434,0.3981298165046698
25760,LOF,0.007679153110632008,0.3043172447479741,0.6880036021413939
25761,GOF,0.04563610833146549,0.844492018943381,0.10987187272515352
25762,LOF,0.026475642283447117,0.3915947757254132,0.5819295819911398
25763,LOF,0.008587852072836228,0.2693245934180281,0.7220875545091356
25764,GOF,0.08729072527967177,0.6301309542920038,0.28257832042832454
25765,GOF,0.00840258704260517,0.8638219910206979,0.1277754219366969
25766,GOF,0.030135967464508393,0.807632570612722,0.16223146192276977
25767,GOF,0.015902380478661247,0.5410405357485366,0.44305708377280206
25768,LOF,0.0371242895737655,0.08107349153266503,0.8818022188935695
25769,LOF,0.022363336128869912,0.07731903107750733,0.9003176327936229
25770,LOF,0.14665776520474544,0.07480463084551332,0.7785376039497414
25771,LOF,0.0132666895052154,0.08836443434965106,0.8983688761451335
25772,LOF,0.024309167322142798,0.0298536433308661,0.945837189346991
25773,LOF,0.012801586061333522,0.07073603078606201,0.9164623831526045
25774,LOF,0.02630698921529346,0.09972681906922096,0.8739661917154855
25775,LOF,0.02071545390909422,0.040554618830106595,0.9387299272607991
25776,LOF,0.025824742370246005,0.02776896360668787,0.9464062940230661
25777,LOF,0.172909808868181,0.07669790984491662,0.7503922812869024
25778,LOF,0.018745778933847424,0.05508335300074026,0.9261708680654124
25779,GOF,0.04562632174972189,0.8934657174884599,0.06090796076181817
25780,GOF,0.07702185843209414,0.8763119998232495,0.04666614174465647
25781,GOF,0.02703207280381946,0.8815985265238218,0.0913694006723588
25782,GOF,0.03260768365787596,0.9083095494392668,0.059082766902857305
25783,GOF,0.022314158943874413,0.7841167704330377,0.19356907062308795
25784,GOF,0.1160716324245005,0.8524235527933431,0.03150481478215634
25785,GOF,0.06869820338725818,0.8922073961990619,0.03909440041367986
25786,GOF,0.005586519350126985,0.8466257885052707,0.1477876921446025
25787,GOF,0.16862192046092234,0.7975810452270429,0.03379703431203478
25788,LOF,0.015658743286746633,0.19713792795793594,0.7872033287553174
25789,GOF,0.02114325241680035,0.8741111734876346,0.10474557409556519
25790,GOF,0.02373388627837169,0.8780221629602363,0.09824395076139207
25791,GOF,0.015255216546820344,0.8439861242757847,0.14075865917739508
25792,GOF,0.024586173686875143,0.8528502227003075,0.1225636036128174
25793,GOF,0.08084209210534406,0.8364008386977985,0.08275706919685744
25794,GOF,0.0682664494386591,0.7843085067805899,0.14742504378075097
25795,GOF,0.0390072761256939,0.7947137093288053,0.16627901454550084
25796,GOF,0.08355950999319205,0.8234354478289462,0.0930050421778618
25797,GOF,0.0349611251646366,0.7253328597956733,0.23970601503969013
25798,GOF,0.0031639418008169388,0.6820921851627654,0.31474387303641777
25799,GOF,0.003178735468965892,0.5567046594623747,0.44011660506865935
25800,GOF,0.012523338520581325,0.7673127824615823,0.22016387901783643
25801,GOF,0.0203804559723732,0.893274703204635,0.08634484082299186
25802,GOF,0.025908218602235637,0.8424070241239296,0.13168475727383475
25803,GOF,0.012089389066790515,0.7381570608548637,0.24975355007834582
25804,GOF,0.015016101994864873,0.6642682441960145,0.3207156538091206
25805,GOF,0.02830127438642266,0.7369193779019652,0.23477934771161219
25806,GOF,0.022181346911763506,0.7894847481739325,0.18833390491430393
25807,GOF,0.005774065563806369,0.7541240917029511,0.24010184273324248
25808,GOF,0.016480775328538172,0.7824554896280039,0.2010637350434579
25809,GOF,0.007019092715123434,0.7472250648881573,0.24575584239671916
25810,GOF,0.005973696951447923,0.7550340210152301,0.23899228203332212
25811,GOF,0.04463338301478903,0.8814093796481047,0.0739572373371062
25812,GOF,0.01830304661084617,0.7507142988898539,0.23098265449929992
25813,GOF,0.10184354791712733,0.8068844348692529,0.09127201721361967
25814,GOF,0.02431930537100336,0.8125698250204128,0.16311086960858384
25815,GOF,0.041864158607598845,0.8391790862691154,0.1189567551232857
25816,GOF,0.007360216790418927,0.8676469238742661,0.12499285933531509
25817,GOF,0.0961643393543215,0.8015961722344027,0.10223948841127566
25818,GOF,0.027017690567305287,0.8355363003467268,0.13744600908596796
25819,GOF,0.06718939618399015,0.760505388375419,0.1723052154405908
25820,GOF,0.03501055160640824,0.7730101840459106,0.19197926434768123
25821,GOF,0.02025834446921214,0.7620506152991623,0.21769104023162558
25822,GOF,0.04263789829447909,0.7920752607858238,0.16528684091969703
25823,GOF,0.015127476890700925,0.6880542678671216,0.2968182552421773
25824,GOF,0.02698291532954081,0.7921760981040297,0.18084098656642963
25825,GOF,0.016469290053861267,0.7792514964745927,0.20427921347154615
25826,GOF,0.005396523715327825,0.749632429253494,0.24497104703117809
25827,GOF,0.0070918550130033235,0.7233180988415686,0.2695900461454281
25828,GOF,0.005342337718783382,0.6801655414305245,0.3144921208506921
25829,GOF,0.002941765261852591,0.7302177983047727,0.2668404364333746
25830,GOF,0.04232605987712138,0.5370709611075003,0.42060297901537835
25831,GOF,0.046399769189830485,0.8408119021653602,0.11278832864480931
25832,GOF,0.008978660975631372,0.8217649771766534,0.16925636184771536
25833,GOF,0.03646128575716345,0.8572927112827141,0.10624600296012238
25834,GOF,0.00938483098646548,0.8304634354514148,0.16015173356211976
25835,GOF,0.019419198143543162,0.8574445101710384,0.12313629168541833
25836,GOF,0.007344574438634971,0.8241390008528663,0.16851642470849887
25837,GOF,0.007812231224585846,0.7426548449849212,0.24953292379049313
25838,GOF,0.02505745583993648,0.8789762265133213,0.09596631764674217
25839,GOF,0.04116893812374901,0.8713231412041654,0.08750792067208547
25840,GOF,0.0749741635087869,0.8461262881826955,0.07889954830851757
25841,GOF,0.0673726766242096,0.8595264026342294,0.07310092074156088
25842,GOF,0.027982313087096974,0.8962996168986272,0.0757180700142759
25843,GOF,0.028715423053287465,0.8992767967162524,0.07200778023046013
25844,GOF,0.01878103274635437,0.8555268705813748,0.12569209667227096
25845,GOF,0.006120766980671558,0.665702991301553,0.3281762417177754
25846,GOF,0.04034534284662696,0.8771038503650208,0.08255080678835222
25847,GOF,0.017864566104818024,0.9096721535128682,0.07246328038231357
25848,GOF,0.01690104177844903,0.877394912736222,0.10570404548532908
25849,GOF,0.0051814219989570285,0.7659144178830417,0.22890416011800116
25850,GOF,0.006937956757058614,0.7691076413469777,0.22395440189596372
25851,GOF,0.006032251020703614,0.653778153623782,0.34018959535551424
25852,GOF,0.1290560871168579,0.618011339731813,0.2529325731513291
25853,GOF,0.08218823463382448,0.8353456830729509,0.08246608229322472
25854,GOF,0.0057053344743506415,0.7131336895686676,0.28116097595698175
25855,GOF,0.016863415366241554,0.6802691562249279,0.3028674284088307
25856,GOF,0.04048669514476017,0.8105249135547298,0.14898839130051003
25857,GOF,0.015686871330674774,0.6675312315284894,0.31678189714083577
25858,GOF,0.008403020338502695,0.6653281711632701,0.32626880849822726
25859,GOF,0.00556677707878617,0.6319682428446033,0.36246498007661054
25860,GOF,0.07902093152647272,0.8327881241806683,0.08819094429285909
25861,GOF,0.07495713226257052,0.8373304996390502,0.0877123680983792
25862,GOF,0.022391809133853996,0.8751581208593405,0.10245007000680555
25863,GOF,0.022616312622502344,0.8771394401346578,0.1002442472428399
25864,GOF,0.04450796021643945,0.8861216518272974,0.06937038795626313
25865,GOF,0.031324273516621884,0.860140588873368,0.10853513761001012
25866,GOF,0.027987098590837367,0.8790228289144792,0.09299007249468344
25867,GOF,0.036508887110138284,0.8863697516329965,0.07712136125686518
25868,GOF,0.05644608073679851,0.8493866385330656,0.0941672807301359
25869,GOF,0.34874041850991727,0.5906376436073405,0.06062193788274226
25870,GOF,0.08019269380270926,0.7159612730144599,0.20384603318283076
25871,GOF,0.010867617011590721,0.8942805137532568,0.09485186923515258
25872,GOF,0.022472017755905516,0.8869078543460565,0.09062012789803792
25873,GOF,0.021182401828828624,0.9064595642685024,0.07235803390266903
25874,LOF,0.017642066912755435,0.2220232282136688,0.7603347048735758
25875,LOF,0.05529290057880027,0.04721179857213942,0.8974953008490604
25876,LOF,0.01833842146603822,0.04169660850391914,0.9399649700300426
25877,LOF,0.12168697251337145,0.08350917403326671,0.7948038534533618
25878,LOF,0.07321179263547749,0.11998489109495636,0.8068033162695661
25879,LOF,0.030878071934075636,0.08359086523665074,0.8855310628292737
25880,LOF,0.05368775028560763,0.012600010113802629,0.9337122396005897
25881,Neutral,0.5019194145852841,0.08046197076970406,0.4176186146450119
25882,LOF,0.04866341768647093,0.03763901179408455,0.9136975705194446
25883,LOF,0.028858796717341432,0.023934920412264183,0.9472062828703943
25884,LOF,0.025464415752682733,0.0469879958307832,0.9275475884165342
25885,LOF,0.18632872881960855,0.015451229470624828,0.7982200417097667
25886,LOF,0.17307863622530173,0.05561224843118842,0.7713091153435099
25887,LOF,0.17811933550013864,0.07283576480806951,0.7490448996917919
25888,LOF,0.01177801360694295,0.15001681121947358,0.8382051751735834
25889,LOF,0.029659880452350497,0.03380161907405213,0.9365385004735974
25890,LOF,0.1358453960862018,0.11453178057035515,0.7496228233434431
25891,LOF,0.09402685762505857,0.026301535232694077,0.8796716071422475
25892,LOF,0.00775142114124051,0.030033824296140963,0.9622147545626184
25893,LOF,0.38318194492760055,0.008331668818118504,0.608486386254281
25894,LOF,0.4228765632453509,0.0045065853010679115,0.5726168514535812
25895,LOF,0.32317574040230684,0.010736426836418374,0.6660878327612749
25896,LOF,0.0628140907033824,0.014794687965384917,0.9223912213312326
25897,LOF,0.19036523383482898,0.008080075298872462,0.8015546908662985
25898,LOF,0.17491744974330614,0.023055532188994508,0.8020270180676994
25899,LOF,0.37392557656481423,0.016022661487922883,0.6100517619472627
25900,LOF,0.4395657949008287,0.008072617056839258,0.552361588042332
25901,LOF,0.0673170888370159,0.007245878400517996,0.925437032762466
25902,LOF,0.1811372401982154,0.008788461618075342,0.8100742981837092
25903,LOF,0.40465472547944187,0.0234193953281349,0.5719258791924233
25904,LOF,0.48781956671928545,0.02088178117229663,0.49129865210841794
25905,LOF,0.004913936426325753,0.45134303472687365,0.5437430288468006
25906,LOF,0.008538954677640334,0.10535721688342911,0.8861038284389305
25907,LOF,0.004466663997847181,0.34453750044344794,0.6509958355587049
25908,LOF,0.0047055682145345345,0.25327161633233986,0.7420228154531258
25909,LOF,0.024461419914495703,0.14924232162600792,0.8262962584594963
25910,LOF,0.011773731118469582,0.13709922634589755,0.8511270425356328
25911,LOF,0.30554187456631593,0.04298256274612779,0.6514755626875562
25912,LOF,0.0734123733584207,0.05315728969571159,0.8734303369458678
25913,LOF,0.03920929502248448,0.07161876971846282,0.8891719352590527
25914,LOF,0.038047401465716925,0.04778488930292306,0.9141677092313599
25915,LOF,0.21126336298924042,0.19659121042431735,0.5921454265864423
25916,LOF,0.035727333888346015,0.13768041614775647,0.8265922499638975
25917,LOF,0.07296019352785174,0.04412740017555838,0.8829124062965898
25918,LOF,0.045885496483261644,0.02999307590296112,0.9241214276137771
25919,LOF,0.03833121724522841,0.028931643726600127,0.9327371390281715
25920,LOF,0.17677882616939086,0.27197545159913067,0.5512457222314785
25921,LOF,0.016151436698778388,0.0379922509909904,0.9458563123102312
25922,LOF,0.02064380705490859,0.033805701641202994,0.9455504913038885
25923,Neutral,0.4939249518865974,0.030390776359419225,0.4756842717539833
25924,LOF,0.02530899575593438,0.050409348870033385,0.9242816553740322
25925,LOF,0.0883928691289494,0.047430208395509564,0.8641769224755411
25926,LOF,0.06549303368177627,0.041680497757291386,0.8928264685609323
25927,LOF,0.02562711636031834,0.05909821898244661,0.915274664657235
25928,LOF,0.010607585539685351,0.05388279227581743,0.9355096221844972
25929,Neutral,0.578044081748916,0.02914275300044204,0.39281316525064197
25930,LOF,0.08671920393526637,0.02899311055842615,0.8842876855063074
25931,LOF,0.014758289413006685,0.03722992602468203,0.9480117845623113
25932,LOF,0.0744830889958141,0.029589859675583755,0.8959270513286022
25933,LOF,0.06761376164566783,0.018992562678763838,0.9133936756755684
25934,LOF,0.062353804809777494,0.01836115789156978,0.9192850372986526
25935,LOF,0.07550505287520225,0.056097021382945984,0.8683979257418519
25936,LOF,0.1077312256156654,0.019450761781250207,0.8728180126030843
25937,LOF,0.014691229549826221,0.037526996140664855,0.9477817743095089
25938,LOF,0.07479140015617942,0.050179958450224924,0.8750286413935957
25939,LOF,0.048399518962060926,0.02406580899127808,0.927534672046661
25940,LOF,0.007986489550753388,0.3625563347951134,0.6294571756541333
25941,Neutral,0.48539325374926184,0.040432780141956795,0.47417396610878126
25942,LOF,0.008208110074911483,0.05985633741647086,0.9319355525086177
25943,LOF,0.03926351125975028,0.19261101735513664,0.7681254713851131
25944,LOF,0.06540962607064124,0.0763241913312142,0.8582661825981445
25945,LOF,0.12373401620098187,0.022508912722982263,0.8537570710760358
25946,LOF,0.07617652145831937,0.0374889383261496,0.8863345402155309
25947,Neutral,0.47038098100673226,0.1185677011331854,0.4110513178600824
25948,LOF,0.4511032723182166,0.015626218489077002,0.5332705091927065
25949,LOF,0.135127609450524,0.07424997977946983,0.7906224107700063
25950,GOF,0.06159784758397058,0.5692967426156779,0.3691054098003516
25951,LOF,0.015551908614360396,0.4411416597995376,0.5433064315861019
25952,LOF,0.28647601209240453,0.31038295041776576,0.4031410374898297
25953,LOF,0.007203568771550204,0.19014093017780187,0.802655501050648
25954,GOF,0.08181072988486583,0.5021271669622944,0.41606210315283987
25955,LOF,0.007132783691488195,0.17390273600904171,0.8189644802994701
25956,LOF,0.02044086565565049,0.2354274166464213,0.7441317176979283
25957,LOF,0.20681586754308526,0.025437419316197488,0.7677467131407172
25958,LOF,0.03421655389661062,0.03963096773782701,0.9261524783655622
25959,GOF,0.016195094013396513,0.6510398145544163,0.3327650914321872
25960,LOF,0.0067625847132086,0.06212914547592133,0.93110826981087
25961,LOF,0.03203524384492232,0.034595029521679775,0.9333697266333978
25962,LOF,0.040021393718187345,0.07010587360554046,0.8898727326762722
25963,LOF,0.0053546646172312005,0.1880762358822198,0.806569099500549
25964,LOF,0.027248918482401872,0.12441981255036631,0.8483312689672319
25965,LOF,0.24765395037309326,0.11551052836765528,0.6368355212592514
25966,Neutral,0.46862471741295586,0.13226072315595458,0.39911455943108953
25967,LOF,0.008558298160667844,0.07880449266269117,0.912637209176641
25968,LOF,0.03899911687397115,0.2658875744042136,0.6951133087218152
25969,LOF,0.1270263368666372,0.0599680723165244,0.8130055908168384
25970,LOF,0.02426026057053417,0.09315856672078032,0.8825811727086854
25971,LOF,0.08584040384162413,0.028370863943976168,0.8857887322143998
25972,LOF,0.06857045954227588,0.049737683699653965,0.8816918567580702
25973,LOF,0.06864091658448801,0.008611915708968416,0.9227471677065436
25974,LOF,0.052181853458606105,0.037190855039398625,0.9106272915019954
25975,LOF,0.043172561589384754,0.01754733207810507,0.93928010633251
25976,LOF,0.08841558202209357,0.009033255860179595,0.9025511621177268
25977,LOF,0.20805589896248403,0.07080530135188733,0.7211387996856286
25978,LOF,0.1864889773222047,0.12552244906211096,0.6879885736156842
25979,LOF,0.15618128277057972,0.13407856737630092,0.7097401498531194
25980,LOF,0.27886046269738163,0.17886579202296637,0.542273745279652
25981,LOF,0.2803839592376459,0.1802299015660224,0.5393861391963317
25982,Neutral,0.486547922239164,0.08780765679214914,0.425644420968687
25983,Neutral,0.5009674196680457,0.10361547133368311,0.3954171089982711
25984,LOF,0.040047085054615704,0.09398149259358503,0.8659714223517992
25985,LOF,0.3841263985847664,0.13711283822391057,0.4787607631913231
25986,LOF,0.014830602864932999,0.3999154606164008,0.5852539365186662
25987,LOF,0.05937852332221435,0.09538804214379959,0.8452334345339861
25988,LOF,0.041098175978026126,0.14529663165565254,0.8136051923663213
25989,LOF,0.04022471340167609,0.1929969471372787,0.7667783394610451
25990,LOF,0.04240018870559269,0.27680253778518554,0.6807972735092218
25991,LOF,0.026588894223231577,0.4341254161489716,0.5392856896277969
25992,LOF,0.023501273226492637,0.43254522948966423,0.5439534972838431
25993,LOF,0.02819040733092254,0.08104957234883763,0.8907600203202398
25994,LOF,0.023076196670687527,0.08327933779946485,0.8936444655298476
25995,LOF,0.0213335173970888,0.14113712654215943,0.8375293560607519
25996,GOF,0.3349362242919054,0.3468914440120413,0.3181723316960533
25997,LOF,0.07768325899747264,0.41063424580956226,0.511682495192965
25998,LOF,0.26998593468042076,0.042436447282977734,0.6875776180366014
25999,LOF,0.02341171506628005,0.18836652269174886,0.788221762241971
26000,LOF,0.1895081450133265,0.03289855313174596,0.7775933018549275
26001,LOF,0.24691917794938437,0.04947894840353171,0.7036018736470839
26002,LOF,0.11534590399190608,0.0485527117934091,0.8361013842146848
26003,GOF,0.006060671650114812,0.6586483074964915,0.33529102085339374
26004,GOF,0.009487475812404179,0.6901617391958919,0.300350784991704
26005,GOF,0.004427143448742385,0.5009636767286436,0.494609179822614
26006,GOF,0.1214934698228912,0.5516024205516082,0.32690410962550054
26007,GOF,0.00784520712427841,0.5522144211607928,0.43994037171492895
26008,GOF,0.005955446706439146,0.622097008380708,0.3719475449128527
26009,GOF,0.00836437184104798,0.6630010710986113,0.32863455706034067
26010,GOF,0.007485764335647924,0.6141608607270458,0.3783533749373063
26011,LOF,0.0034617851593915236,0.4523022277685727,0.5442359870720357
26012,GOF,0.0046870425447762595,0.5314002885131788,0.4639126689420449
26013,GOF,0.0060816622040008525,0.6072603457971795,0.3866579919988197
26014,LOF,0.050003527691537285,0.12196875162967648,0.8280277206787863
26015,LOF,0.3741496118405008,0.026419027860208125,0.5994313602992911
26016,LOF,0.3163353937994738,0.043604786475995846,0.6400598197245303
26017,LOF,0.022371442313837565,0.2026096379208461,0.7750189197653163
26018,LOF,0.026799891615048865,0.05897955890525614,0.914220549479695
26019,LOF,0.026399870956501554,0.049709907445571556,0.923890221597927
26020,LOF,0.010127853985705287,0.19791802167170883,0.7919541243425858
26021,LOF,0.08749704095220859,0.07505498420122791,0.8374479748465635
26022,LOF,0.038778093208129485,0.029268680438836115,0.9319532263530345
26023,LOF,0.028708469951035587,0.03598900253466329,0.9353025275143011
26024,LOF,0.04828688222368172,0.07572747239126519,0.8759856453850531
26025,LOF,0.06445120724443258,0.07345146398675644,0.8620973287688111
26026,LOF,0.12125179296832546,0.0611118277053103,0.8176363793263642
26027,LOF,0.02573255191235068,0.027709527780040107,0.9465579203076092
26028,LOF,0.13186679997658848,0.1391563792947364,0.7289768207286751
26029,LOF,0.022375654708651337,0.19610962441830676,0.781514720873042
26030,LOF,0.18103140238382806,0.021445953490252113,0.7975226441259199
26031,LOF,0.01029843474958638,0.17142342241721759,0.818278142833196
26032,LOF,0.045782943225264314,0.05262298211860166,0.9015940746561341
26033,LOF,0.06480766281297619,0.04576351336704765,0.8894288238199762
26034,LOF,0.014696104500583592,0.1544852620429345,0.830818633456482
26035,LOF,0.012455257134160276,0.10108726962930073,0.886457473236539
26036,LOF,0.01186116746607216,0.12322838678990469,0.8649104457440232
26037,LOF,0.010425896164901572,0.09594383511128525,0.8936302687238132
26038,LOF,0.03835496568232746,0.048566568783591495,0.913078465534081
26039,LOF,0.029522078317452117,0.1278166498231856,0.8426612718593622
26040,LOF,0.10690964723019544,0.10978228449965283,0.7833080682701518
26041,LOF,0.013483851284121872,0.08278628823446453,0.9037298604814137
26042,LOF,0.012194904737062568,0.092997203851336,0.8948078914116013
26043,LOF,0.038354278509807896,0.06680932007352022,0.8948364014166719
26044,LOF,0.015295473622925366,0.045774905837757354,0.9389296205393174
26045,LOF,0.0728401345803734,0.10429689788763798,0.8228629675319887
26046,LOF,0.03160274736852151,0.04986278946652617,0.9185344631649524
26047,LOF,0.0556431698528976,0.04981000099329857,0.8945468291538039
26048,LOF,0.09060226546537092,0.02216219731812429,0.8872355372165047
26049,Neutral,0.9466812510726424,0.006659596700849732,0.04665915222650784
26050,Neutral,0.9233113993550174,0.00730782443799422,0.06938077620698838
26051,LOF,0.01741819614291512,0.10957574648808754,0.8730060573689974
26052,LOF,0.03167069998973305,0.1249767169331488,0.8433525830771182
26053,LOF,0.02817808689499778,0.16761670415194943,0.8042052089530528
26054,LOF,0.044509779574542156,0.02919740749680819,0.9262928129286496
26055,LOF,0.07091153057816146,0.024022287030485236,0.9050661823913534
26056,LOF,0.05588086730124238,0.030648987373463752,0.9134701453252939
26057,LOF,0.06033725791313457,0.014641094316420834,0.9250216477704446
26058,LOF,0.06483236916465485,0.011762942576863885,0.9234046882584813
26059,LOF,0.18926403729689317,0.0303877843640117,0.7803481783390951
26060,LOF,0.016552142773293557,0.1650228646151937,0.8184249926115128
26061,LOF,0.01239942312960225,0.009455558835965243,0.9781450180344325
26062,LOF,0.006407635201537966,0.015766536264764756,0.9778258285336973
26063,LOF,0.038293078490298074,0.01156144623857139,0.9501454752711306
26064,LOF,0.008815431424106613,0.023984696559591966,0.9671998720163014
26065,LOF,0.045665869637335654,0.012193695458125023,0.9421404349045392
26066,LOF,0.04433571995256236,0.010959615052709423,0.9447046649947283
26067,LOF,0.05344787137456001,0.010496598433432473,0.9360555301920074
26068,LOF,0.05272393370622012,0.04508100020367576,0.9021950660901042
26069,LOF,0.15740988092937447,0.03021214393912544,0.8123779751315001
26070,LOF,0.34766914998608156,0.02143501556167915,0.6308958344522393
26071,LOF,0.04531872272769612,0.011649914873413459,0.9430313623988903
26072,LOF,0.010524163823310952,0.018870935807367064,0.970604900369322
26073,LOF,0.04068609076340001,0.014406679613660937,0.944907229622939
26074,Neutral,0.9099155992969914,0.008046626458338781,0.08203777424466972
26075,LOF,0.055587649673547665,0.02061288538930484,0.9237994649371475
26076,LOF,0.057168720231280175,0.012596712805683764,0.9302345669630361
26077,LOF,0.16296862074085297,0.006155349433369779,0.8308760298257772
26078,LOF,0.008738009803879837,0.014284902450736174,0.976977087745384
26079,LOF,0.06430477644556479,0.021571096651120638,0.9141241269033147
26080,LOF,0.06320043454301358,0.021595791762689324,0.9152037736942971
26081,LOF,0.033704022036415114,0.009056086669566405,0.9572398912940185
26082,LOF,0.0074417084779414815,0.015283543677255276,0.9772747478448034
26083,LOF,0.09958139240801887,0.02055523998358866,0.8798633676083925
26084,LOF,0.10142630950600448,0.01602877611879599,0.8825449143751994
26085,LOF,0.09626297515074048,0.013624325609691203,0.8901126992395683
26086,LOF,0.03893146197532688,0.013069619462805092,0.9479989185618681
26087,LOF,0.03498380597081026,0.0107025117449853,0.9543136822842044
26088,LOF,0.008626117209692726,0.020459851591849893,0.9709140311984574
26089,LOF,0.043037698155174726,0.03541537808472908,0.9215469237600963
26090,LOF,0.044072280685644276,0.026511322789689852,0.9294163965246659
26091,LOF,0.031603114820185206,0.008165751447353606,0.9602311337324612
26092,LOF,0.04708529208900523,0.00845757008018579,0.944457137830809
26093,LOF,0.08020088071343812,0.005934453025973817,0.9138646662605879
26094,LOF,0.036637891744008166,0.007373722900877075,0.9559883853551147
26095,LOF,0.03987671362372238,0.016168328075503887,0.9439549583007737
26096,LOF,0.20850594149120155,0.004717776229763578,0.786776282279035
26097,LOF,0.00826345991896428,0.03003958865308958,0.9616969514279462
26098,LOF,0.07566337037196827,0.01692281116750415,0.9074138184605275
26099,LOF,0.043362897012633496,0.017312233288328253,0.9393248696990383
26100,LOF,0.04334052351266544,0.017312638180893798,0.9393468383064408
26101,LOF,0.055988127037797555,0.03269807009251692,0.9113138028696854
26102,LOF,0.03558921746797267,0.01741442369742562,0.9469963588346018
26103,Neutral,0.8820811676976473,0.025907695586698528,0.09201113671565414
26104,LOF,0.058260594792224146,0.043317412638429136,0.8984219925693467
26105,LOF,0.23435108353634276,0.17286837494090873,0.5927805415227485
26106,LOF,0.31502226410589096,0.10776036894590861,0.5772173669482004
26107,LOF,0.024093132850239615,0.09439707455747316,0.8815097925922873
26108,LOF,0.30123825853522074,0.043193227779996866,0.6555685136847824
26109,LOF,0.09567566319148542,0.042213394286471494,0.8621109425220431
26110,LOF,0.4852992404676239,0.008189696344415487,0.5065110631879606
26111,LOF,0.05382232230025489,0.14464567522276775,0.8015320024769774
26112,LOF,0.054418230511740356,0.009172984891779328,0.9364087845964804
26113,LOF,0.11107177139583865,0.021880117468429123,0.8670481111357321
26114,LOF,0.09699607364500157,0.007181502907033678,0.8958224234479647
26115,LOF,0.014866737713019355,0.04840422632124729,0.9367290359657333
26116,LOF,0.0729300385508135,0.021721092507206323,0.9053488689419803
26117,LOF,0.3906341726470526,0.029362110834430563,0.5800037165185168
26118,LOF,0.04695618243212678,0.014800852970732458,0.9382429645971406
26119,LOF,0.006517482296343042,0.03317324239034196,0.960309275313315
26120,LOF,0.034780996053257025,0.01450611634296444,0.9507128876037786
26121,LOF,0.004206855988198939,0.11420570956163496,0.8815874344501661
