feature0,prediction,LoGoFunc_Neutral,LoGoFunc_GOF,LoGoFunc_LOF
25546,Neutral,0.6753815627168697,0.05021801821929819,0.27440041906383217
25547,Neutral,0.4674450827999469,0.11247699458025914,0.4200779226197939
25548,Neutral,0.48286761380236837,0.08570195266937701,0.43143043352825455
25549,LOF,0.4203826882078951,0.08250024765082946,0.4971170641412756
25550,LOF,0.3590243582865601,0.13679297467282328,0.5041826670406165
25551,LOF,0.2604408564796711,0.1622529428240139,0.577306200696315
25552,LOF,0.19449268631985525,0.14886494694370817,0.6566423667364365
25553,Neutral,0.8196576732328907,0.03477189846034835,0.145570428306761
25554,LOF,0.22473551148037954,0.14228328931772877,0.6329811992018917
25555,LOF,0.18716104608146128,0.12231541329410145,0.6905235406244372
25556,LOF,0.3919884356378805,0.1274393401387449,0.48057222422337464
25557,LOF,0.18054197823898488,0.1272819806825849,0.6921760410784302
25558,LOF,0.21722804703095533,0.1409344475809722,0.6418375053880725
25559,LOF,0.20135876351625007,0.1577320110579253,0.6409092254258247
25560,LOF,0.07476075437261054,0.13635467326953193,0.7888845723578575
25561,LOF,0.1546991757330893,0.125949003163926,0.7193518211029848
25562,LOF,0.07442080798791702,0.09606834249505786,0.8295108495170251
25563,LOF,0.10361784355002057,0.08902448325868163,0.8073576731912978
25564,LOF,0.21743183372466496,0.16469335253798437,0.6178748137373506
25565,LOF,0.1394898731213128,0.157899713470044,0.7026104134086432
25566,GOF,0.016632778548989983,0.7787176907069516,0.2046495307440583
25567,LOF,0.01715446824008853,0.21605342948733533,0.7667921022725762
25568,LOF,0.049640650382951,0.09966372105427221,0.8506956285627767
25569,LOF,0.04912735000053919,0.09889970782238151,0.8519729421770792
25570,LOF,0.031668086436634095,0.15145221902931752,0.8168796945340484
25571,LOF,0.030328897537461767,0.1461208969694329,0.8235502054931053
25572,LOF,0.03179400287229132,0.16426269388584328,0.8039433032418655
25573,LOF,0.025627810147365898,0.13717186325616718,0.8372003265964669
25574,LOF,0.019039286147943972,0.18767872079317063,0.7932819930588855
25575,LOF,0.025472755103507997,0.15813259822758743,0.8163946466689045
25576,LOF,0.012032332455361512,0.1925772791864365,0.7953903883582021
25577,LOF,0.010056600255828602,0.15839334705815128,0.8315500526860201
25578,LOF,0.25121269619703057,0.13162151131253547,0.6171657924904339
25579,LOF,0.15734630313305042,0.1417702242273729,0.7008834726395766
25580,LOF,0.018677010911522594,0.12116841054091258,0.8601545785475648
25581,LOF,0.041489388462646916,0.09883732071310465,0.8596732908242484
25582,LOF,0.041228941799238195,0.09755773300040096,0.8612133252003609
25583,LOF,0.021739305969915843,0.13750267953037568,0.8407580144997086
25584,Neutral,0.509740195136711,0.1378995274642436,0.35236027739904546
25585,LOF,0.013502718771873968,0.17741491423298736,0.8090823669951386
25586,LOF,0.016970924713282112,0.11446958735630638,0.8685594879304115
25587,LOF,0.01684221941612066,0.10736137052644633,0.8757964100574329
25588,LOF,0.017522651416843085,0.13282147141342704,0.8496558771697299
25589,Neutral,0.5750062595959552,0.15877872272939206,0.2662150176746527
25590,LOF,0.019102494809660236,0.16455722132387565,0.8163402838664641
25591,LOF,0.07273226671329407,0.0852661023460786,0.8420016309406273
25592,LOF,0.04678722180821639,0.18662615859087053,0.7665866196009131
25593,LOF,0.02210179208237662,0.2995144172121615,0.678383790705462
25594,LOF,0.04038019133047964,0.12363765253282478,0.8359821561366956
25595,LOF,0.04559188354986934,0.0931446098218217,0.861263506628309
25596,LOF,0.06317393824923237,0.07524699917117306,0.8615790625795945
25597,LOF,0.03975127623739566,0.0846084933186783,0.875640230443926
25598,LOF,0.037256387704564985,0.11559049341051722,0.8471531188849178
25599,GOF,0.008359051657244347,0.558360252758006,0.43328069558474963
25600,GOF,0.02901957352750675,0.5935259528697194,0.3774544736027739
25601,LOF,0.014840912433374254,0.4071441366690476,0.5780149508975782
25602,LOF,0.014873756792323584,0.05220283015727847,0.9329234130503979
25603,LOF,0.05916004034069038,0.019003442196312052,0.9218365174629976
25604,LOF,0.015609299891592212,0.07426300268422166,0.9101276974241861
25605,LOF,0.008676899743352406,0.18746681460617165,0.803856285650476
25606,LOF,0.11915492525396233,0.35287072065265107,0.5279743540933867
25607,LOF,0.005584350245182681,0.2235396691420667,0.7708759806127506
25608,LOF,0.012724618611168666,0.10377370660636583,0.8835016747824656
25609,LOF,0.07163974628308334,0.41639462028740043,0.5119656334295163
25610,LOF,0.019683899267412885,0.03231349284204121,0.9480026078905459
25611,LOF,0.020971907053185346,0.031875725463714304,0.9471523674831004
25612,LOF,0.06698229829795037,0.04085874184893401,0.8921589598531157
25613,LOF,0.05503336780666688,0.0431188195265652,0.901847812666768
25614,LOF,0.026405283807975435,0.03376776927040781,0.9398269469216168
25615,LOF,0.01921523974082715,0.04461178302083204,0.9361729772383409
25616,LOF,0.06198575429391784,0.032796526121340215,0.9052177195847418
25617,LOF,0.06183296055872679,0.03581090628906153,0.9023561331522117
25618,LOF,0.0782315470360398,0.038332306758876014,0.8834361462050841
25619,LOF,0.018427729618745545,0.037555549645127174,0.9440167207361273
25620,LOF,0.0749562267349898,0.0412409892599166,0.8838027840050936
25621,LOF,0.020313059554059973,0.041696029719377456,0.9379909107265625
25622,LOF,0.025684615115146473,0.04147189245356703,0.9328434924312865
25623,LOF,0.04269981244793601,0.028235986011575363,0.9290642015404886
25624,LOF,0.022437987827756717,0.042994078320063724,0.9345679338521796
25625,LOF,0.02868292411220348,0.05500687931582142,0.9163101965719751
25626,LOF,0.05813486003979738,0.03676870798121198,0.9050964319789906
25627,Neutral,0.5646552104247152,0.1490887061790663,0.28625608339621844
25628,LOF,0.18789906032280845,0.06489058131692511,0.7472103583602665
25629,LOF,0.042196886649791154,0.06661633036410179,0.8911867829861071
25630,LOF,0.14359365103975424,0.10392812635142967,0.752478222608816
25631,Neutral,0.6018350022571195,0.0709769588892128,0.32718803885366776
25632,LOF,0.00882714610342263,0.09506855353721837,0.896104300359359
25633,LOF,0.27778979670529663,0.07096827405767267,0.6512419292370307
25634,LOF,0.030863803002231786,0.12034951848908527,0.848786678508683
25635,LOF,0.03293702627694455,0.07866712970105622,0.8883958440219993
25636,GOF,0.005410146066666183,0.5596687636826511,0.43492109025068276
25637,GOF,0.007266647761173422,0.6117814912404276,0.38095186099839895
25638,LOF,0.011546628098667383,0.29570162995663624,0.6927517419446964
25639,LOF,0.006143624677312305,0.45775167768505437,0.5361046976376334
25640,Neutral,0.4872882178491213,0.41767882377642157,0.095032958374457
25641,LOF,0.011128297117234264,0.3564346530891503,0.6324370497936155
25642,LOF,0.28104888053657756,0.07670203095312424,0.6422490885102983
25643,LOF,0.13306173255760556,0.21283968440781795,0.6540985830345765
25644,GOF,0.010026954439710429,0.5081096522018614,0.48186339335842804
25645,LOF,0.008106255565014603,0.4609142136028849,0.5309795308321005
25646,LOF,0.012200341353781122,0.3309797983302597,0.6568198603159592
25647,LOF,0.01073766954729171,0.2789552369851146,0.7103070934675937
25648,LOF,0.009483634298394503,0.2693106804316485,0.721205685269957
25649,LOF,0.008529970893900065,0.19838916925084873,0.7930808598552512
25650,LOF,0.014254376411978012,0.4220722557033414,0.5636733678846807
25651,LOF,0.0062291017512263085,0.2925557380539478,0.7012151601948258
25652,LOF,0.010420716635010959,0.259416364666831,0.7301629186981581
25653,LOF,0.031044688953463108,0.39943246538886373,0.5695228456576732
25654,LOF,0.011412402949932359,0.16664316066680673,0.821944436383261
25655,LOF,0.05111724437431772,0.43725962931010776,0.5116231263155745
25656,LOF,0.20233792597444447,0.043068981364038646,0.7545930926615169
25657,LOF,0.27657432263090753,0.02626254685808164,0.6971631305110109
25658,LOF,0.07581807157485285,0.07368618943673313,0.850495738988414
25659,LOF,0.3841382886239056,0.06344840738984903,0.5524133039862453
25660,LOF,0.03366177336983909,0.10045626583731077,0.8658819607928502
25661,LOF,0.10505530064653308,0.06665476603041169,0.8282899333230551
25662,LOF,0.02690509604000091,0.047446057072533354,0.9256488468874657
25663,LOF,0.03479397247709925,0.06599510598476631,0.8992109215381344
25664,LOF,0.03702364610841129,0.08159354355787424,0.8813828103337145
25665,LOF,0.05061629609296099,0.0383168408666004,0.9110668630404385
25666,LOF,0.041977632239130695,0.10646020823850083,0.8515621595223685
25667,LOF,0.07444131797042332,0.05415687852370216,0.8714018035058745
25668,LOF,0.028803717788826868,0.054759982429981084,0.9164362997811921
25669,LOF,0.031309296671871524,0.07976937711586381,0.8889213262122647
25670,LOF,0.05469299836144389,0.06408359980005546,0.8812234018385007
25671,LOF,0.09640509384612661,0.04599919082998492,0.8575957153238885
25672,LOF,0.04919158169899399,0.04978474794849002,0.901023670352516
25673,LOF,0.027701840142850643,0.06361702712366515,0.908681132733484
25674,LOF,0.02150757943186921,0.07514432737485731,0.9033480931932735
25675,LOF,0.036118715265235427,0.07342734280706845,0.8904539419276961
25676,LOF,0.021881147374514943,0.06624259401602046,0.9118762586094646
25677,LOF,0.03049257090522888,0.07571877883331557,0.8937886502614555
25678,LOF,0.19139928162380218,0.0536617274708216,0.7549389909053763
25679,LOF,0.15752133554227535,0.06911914542441448,0.7733595190333101
25680,LOF,0.038694941667258176,0.11721949047603998,0.8440855678567019
25681,LOF,0.06491897294997782,0.10980019983414424,0.8252808272158779
25682,LOF,0.11726056572540666,0.07581089072275321,0.8069285435518402
25683,LOF,0.08470678157700585,0.09443981819228357,0.8208534002307106
25684,LOF,0.045970154274203194,0.07893003896981994,0.8750998067559769
25685,LOF,0.0760870947025222,0.06625039795734955,0.8576625073401283
25686,LOF,0.03424220817228286,0.08903456687229834,0.8767232249554189
25687,LOF,0.04893019482902545,0.07503321849465691,0.8760365866763176
25688,LOF,0.045740525700832466,0.051796455809457013,0.9024630184897104
25689,LOF,0.029361622618340893,0.061579848884403876,0.9090585284972552
25690,LOF,0.03834948494345487,0.054113762684560876,0.9075367523719843
25691,LOF,0.2677535624652032,0.0635099206405403,0.6687365168942564
25692,LOF,0.24956547195904152,0.007193226964815823,0.7432413010761426
25693,LOF,0.0949955473441021,0.17827007159169614,0.7267343810642017
25694,LOF,0.25159904581619563,0.012741536367083759,0.7356594178167206
25695,LOF,0.15936977902420965,0.028350209758087403,0.8122800112177029
25696,LOF,0.12478217241324235,0.012541234286103084,0.8626765933006545
25697,LOF,0.08358460595417466,0.0315512298450977,0.8848641642007276
25698,GOF,0.05195451614908097,0.4754677137852419,0.4725777700656771
25699,LOF,0.07787513437839232,0.08280862090770832,0.8393162447138993
25700,LOF,0.0666097573017162,0.009075621212957874,0.9243146214853258
25701,LOF,0.017588793881193863,0.07898520859605299,0.9034259975227532
25702,GOF,0.03289767279641085,0.7157551386940194,0.2513471885095699
25703,LOF,0.009332315469855032,0.1644123615111254,0.8262553230190195
25704,LOF,0.047943597254267015,0.17066079098280362,0.7813956117629294
25705,LOF,0.05941324375329602,0.21472901296222394,0.7258577432844799
25706,GOF,0.03763484037095259,0.5436180460582747,0.4187471135707728
25707,LOF,0.02503216983659824,0.46550176669602794,0.5094660634673739
25708,LOF,0.00856562181245468,0.39237656712940694,0.5990578110581384
25709,LOF,0.061335260161096104,0.054365689643799835,0.8842990501951041
25710,LOF,0.005496906255927422,0.16279202459356756,0.8317110691505051
25711,LOF,0.020140863620812837,0.11039250111062876,0.8694666352685584
25712,LOF,0.007099399751474485,0.17570710752165358,0.8171934927268719
25713,LOF,0.018503050344106136,0.09474220740486339,0.8867547422510305
25714,LOF,0.07224315474346367,0.11412870344385621,0.8136281418126802
25715,LOF,0.013234357060451252,0.12419173472198476,0.862573908217564
25716,LOF,0.006326120153363765,0.10138571149633678,0.8922881683502994
25717,LOF,0.005426279171151931,0.09996187913517547,0.8946118416936726
25718,LOF,0.013745306317238233,0.07688005269591779,0.9093746409868441
25719,LOF,0.022839768094967985,0.0825981335973688,0.8945620983076632
25720,LOF,0.02437351452247826,0.07665848942259168,0.8989679960549302
25721,LOF,0.016413137595850877,0.09554234206437998,0.8880445203397691
25722,LOF,0.013744228332491037,0.12178740815462884,0.8644683635128801
25723,LOF,0.020852727334902857,0.06271229394347468,0.9164349787216225
25724,LOF,0.021716600464633144,0.10039051722727685,0.87789288230809
25725,LOF,0.014116019380752447,0.06986263984121359,0.916021340778034
25726,LOF,0.012187795788422457,0.09913266920696678,0.8886795350046108
25727,LOF,0.015243402884041708,0.08513212414578206,0.8996244729701762
25728,LOF,0.012622327853500969,0.10798528773728484,0.8793923844092143
25729,LOF,0.013137448290159885,0.11421649855315429,0.8726460531566859
25730,LOF,0.01390025176297428,0.09047029887918909,0.8956294493578366
25731,LOF,0.007713581002643628,0.13270212289649053,0.8595842961008657
25732,LOF,0.013839333263265915,0.09373000442842565,0.8924306623083085
25733,LOF,0.018343558450033933,0.07753184757641089,0.9041245939735552
25734,LOF,0.005371970509828158,0.14064357293776222,0.8539844565524096
25735,LOF,0.015948912713616297,0.07737698954240319,0.9066740977439804
25736,LOF,0.015251731297632581,0.11341018643510126,0.8713380822672662
25737,LOF,0.022851426344161662,0.0895859588732665,0.8875626147825719
25738,LOF,0.01524403720800925,0.1262644234037776,0.8584915393882132
25739,LOF,0.023068737370632784,0.10854249233228311,0.8683887702970841
25740,LOF,0.033674686488648305,0.11726498941458077,0.8490603240967709
25741,LOF,0.01834930480452611,0.1025613521354074,0.8790893430600666
25742,LOF,0.11917813809360053,0.09257084784083261,0.788251014065567
25743,LOF,0.015639882790060285,0.039238022529415856,0.9451220946805239
25744,LOF,0.19419561169376146,0.3648261522278981,0.4409782360783405
25745,LOF,0.02479963633033137,0.05291040782367963,0.9222899558459889
25746,LOF,0.01503963817367144,0.06706664162793236,0.9178937201983962
25747,LOF,0.026961372730826296,0.03404027753973984,0.9389983497294339
25748,LOF,0.1429446988640639,0.05832369381079233,0.7987316073251437
25749,LOF,0.015779485626540808,0.0448317981541444,0.9393887162193149
25750,LOF,0.02904258974460793,0.06644317878544163,0.9045142314699505
25751,LOF,0.10880808291130772,0.05809728931577394,0.8330946277729183
25752,GOF,0.11003942062539303,0.6453194107940514,0.2446411685805556
25753,LOF,0.007452528396324651,0.37736263010339305,0.6151848415002822
25754,GOF,0.004971948511126212,0.8617579256282283,0.13327012586064538
25755,LOF,0.010247969076465026,0.4407966816087337,0.5489553493148014
25756,LOF,0.0420415358995249,0.43661094295666714,0.521347521143808
25757,GOF,0.006211996233142517,0.8734578732736712,0.12033013049318637
25758,GOF,0.0063519733769668895,0.8703027078332766,0.12334531878975646
25759,GOF,0.004679840992953597,0.5553108166989442,0.4400093423081021
25760,LOF,0.004406440311653287,0.3052469050024948,0.6903466546858519
25761,GOF,0.03694425831766939,0.8484131452219833,0.11464259646034736
25762,LOF,0.028958834856592522,0.354870604701921,0.6161705604414864
25763,LOF,0.005773709004130084,0.25376233878195875,0.7404639522139111
25764,GOF,0.14907370397641814,0.5301686437699424,0.3207576522536395
25765,GOF,0.011535352562577292,0.8070428070172053,0.18142184042021745
25766,GOF,0.01841193303666168,0.8129890897731628,0.16859897719017564
25767,LOF,0.02095613298673692,0.47617743678699576,0.5028664302262674
25768,LOF,0.08043876271569546,0.06228162419253481,0.8572796130917698
25769,LOF,0.07969965706965551,0.052818285267760466,0.8674820576625841
25770,LOF,0.24355162707584757,0.058500180894272946,0.6979481920298795
25771,LOF,0.012702960667789993,0.06184704857547037,0.9254499907567397
25772,LOF,0.016830224036580393,0.024855866249277672,0.9583139097141419
25773,LOF,0.01021531363434489,0.09545544896346587,0.8943292374021893
25774,LOF,0.025300586416027143,0.06477671596309793,0.9099226976208749
25775,LOF,0.014469678064128267,0.04734830608894353,0.9381820158469282
25776,LOF,0.08117913010685272,0.02013193970179247,0.8986889301913549
25777,LOF,0.27805565912994445,0.04412926208150068,0.677815078788555
25778,LOF,0.06565634868744888,0.03853561385026422,0.8958080374622869
25779,GOF,0.056576239083809564,0.8805607944084496,0.06286296650774079
25780,GOF,0.055939779787261376,0.8597574411426997,0.08430277907003902
25781,GOF,0.024344153558161385,0.8553332522223308,0.12032259421950779
25782,GOF,0.029164617967570066,0.8898076803259937,0.08102770170643629
25783,GOF,0.014015813105304848,0.6978359996937554,0.2881481872009397
25784,GOF,0.12362343117772451,0.8253895594094441,0.050987009412831255
25785,GOF,0.06892257646676755,0.8845355047470594,0.04654191878617313
25786,GOF,0.004896528500637926,0.826181390926561,0.16892208057280117
25787,GOF,0.18334960264097871,0.7816171395899929,0.03503325776902842
25788,LOF,0.04796664303220582,0.14813464482854674,0.8038987121392474
25789,GOF,0.03125448526245089,0.8386161691345341,0.13012934560301512
25790,GOF,0.035911292576217245,0.8688959607469519,0.09519274667683092
25791,GOF,0.026099847591400688,0.8252442323755264,0.14865592003307299
25792,GOF,0.04361548587706861,0.829240361149687,0.12714415297324422
25793,GOF,0.08582569025515442,0.8098872411313226,0.10428706861352294
25794,GOF,0.09044767596541517,0.7256221879369469,0.183930136097638
25795,GOF,0.026163044982104873,0.7692751548221313,0.20456180019576392
25796,GOF,0.12663403753918193,0.7649926920330844,0.10837327042773366
25797,GOF,0.026941975864226038,0.6483984240507265,0.32465960008504746
25798,GOF,0.0030221079348378794,0.5927736946793476,0.40420419738581453
25799,LOF,0.0028607388936389517,0.48357655454322096,0.5135627065631402
25800,GOF,0.009524190753981799,0.661954670073745,0.32852113917227316
25801,GOF,0.02547830036312109,0.8296739235207831,0.14484777611609598
25802,GOF,0.015802163723523204,0.7458407519763035,0.2383570843001733
25803,GOF,0.010107626955165868,0.6527465625572125,0.3371458104876216
25804,GOF,0.010270589872831398,0.5438467794720594,0.4458826306551093
25805,GOF,0.01790552639154823,0.6391135872771291,0.3429808863313228
25806,GOF,0.017020148976322386,0.6800556453781065,0.30292420564557104
25807,GOF,0.004823907205632822,0.6756593545956694,0.3195167381986978
25808,GOF,0.012841063457652685,0.6845587202702074,0.30260021627214
25809,GOF,0.005237225745132953,0.6660513748076067,0.32871139944726036
25810,GOF,0.00457108629761201,0.6812063743897087,0.3142225393126793
25811,GOF,0.07254747310516217,0.8388070714378121,0.08864545545702573
25812,GOF,0.013153569191120889,0.677340138538507,0.309506292270372
25813,GOF,0.09280610132113208,0.7897159866918004,0.11747791198706749
25814,GOF,0.022562100687050158,0.7458842264854904,0.23155367282745964
25815,GOF,0.03598354109494507,0.763940551382148,0.20007590752290685
25816,GOF,0.007970801811420743,0.8141606155526048,0.17786858263597452
25817,GOF,0.06362773155360056,0.7824152717351239,0.15395699671127547
25818,GOF,0.01919566656115614,0.7765507267985668,0.20425360664027697
25819,GOF,0.06499179415962403,0.7672872644948322,0.16772094134554383
25820,GOF,0.028647880570397324,0.7488365557312083,0.2225155636983943
25821,GOF,0.01669740899183273,0.7410857214914182,0.24221686951674923
25822,GOF,0.03206152400720661,0.7738978799218944,0.19404059607089902
25823,GOF,0.011727296219254483,0.6145316542000158,0.37374104958072973
25824,GOF,0.02103710828066237,0.7373772322284835,0.24158565949085423
25825,GOF,0.012041574178715425,0.7194661462065012,0.2684922796147834
25826,GOF,0.005135136744381173,0.6840437718103812,0.31082109144523756
25827,GOF,0.007837450885281408,0.6800065264093531,0.3121560227053656
25828,GOF,0.0047993255808270385,0.6104375253604615,0.3847631490587115
25829,GOF,0.0028960505758078097,0.6692258340614937,0.32787811536269845
25830,LOF,0.029934061207888444,0.418069036959968,0.5519969018321436
25831,GOF,0.0314835768266781,0.8517174245696,0.11679899860372189
25832,GOF,0.0075011804423464465,0.7854849107081983,0.2070139088494552
25833,GOF,0.024750748999246255,0.8251589344759952,0.1500903165247585
25834,GOF,0.007006232805095512,0.7917294137213853,0.20126435347351912
25835,GOF,0.015563469550037156,0.8392783117581912,0.14515821869177176
25836,GOF,0.005894267064030709,0.7909786092801878,0.2031271236557815
25837,GOF,0.006024408976921128,0.7006375288967229,0.293338062126356
25838,GOF,0.01649490611548311,0.8532963132791501,0.13020878060536675
25839,GOF,0.03281918236400023,0.8279704022718888,0.1392104153641109
25840,GOF,0.034163573299752434,0.836124545931525,0.12971188076872264
25841,GOF,0.033131968636630676,0.8540064945047882,0.11286153685858122
25842,GOF,0.020425742159755143,0.8823821676660889,0.09719209017415607
25843,GOF,0.024061993376903488,0.8940159375354277,0.08192206908766886
25844,GOF,0.014700005587034931,0.8165699738370186,0.16873002057594644
25845,GOF,0.0053141821254967326,0.625173604357528,0.3695122135169752
25846,GOF,0.02580778951450966,0.8561079936664692,0.1180842168190212
25847,GOF,0.016057552579608874,0.9017136412358769,0.08222880618451424
25848,GOF,0.015110613232989274,0.8511740088662385,0.1337153779007722
25849,GOF,0.005136182643274006,0.7298623232621149,0.265001494094611
25850,GOF,0.006154679463397876,0.7322521362699915,0.2615931842666106
25851,GOF,0.005544985285687887,0.6152347212108995,0.37922029350341246
25852,GOF,0.15024629211645463,0.5955243140263173,0.254229393857228
25853,GOF,0.06281788940625324,0.8535442192007843,0.08363789139296239
25854,GOF,0.009397639788781565,0.6921816371291369,0.29842072308208145
25855,GOF,0.012723172748319007,0.6257260913188549,0.36155073593282605
25856,GOF,0.03240129432843997,0.7524054495770286,0.21519325609453147
25857,GOF,0.01414255823175323,0.5745321012759037,0.4113253404923431
25858,GOF,0.007719507233578095,0.601594357020663,0.39068613574575894
25859,GOF,0.005367411402991337,0.5835228268427154,0.4111097617542932
25860,GOF,0.06257823949213091,0.8233822403081318,0.11403952019973741
25861,GOF,0.10398514704247225,0.8047004545752304,0.09131439838229724
25862,GOF,0.020068368761625176,0.8513329053269474,0.12859872591142732
25863,GOF,0.017930046967483664,0.8642766582795325,0.11779329475298388
25864,GOF,0.03606973630608239,0.8721863849433266,0.09174387875059108
25865,GOF,0.025438641747823253,0.839711977672275,0.13484938057990173
25866,GOF,0.021267341267320036,0.8470606605917655,0.1316719981409144
25867,GOF,0.02420700239067667,0.8681918582868792,0.10760113932244424
25868,GOF,0.04944257469081998,0.8165459446372515,0.13401148067192845
25869,GOF,0.2925302081339442,0.6290104675996695,0.07845932426638631
25870,GOF,0.18010795617290706,0.5882904914097614,0.23160155241733157
25871,GOF,0.018705152426039897,0.8852872655362365,0.0960075820377236
25872,GOF,0.016194914665110142,0.8585306260783221,0.1252744592565677
25873,GOF,0.01646590699945766,0.8817898247936566,0.1017442682068857
25874,LOF,0.016411851700504704,0.15964121153735028,0.8239469367621449
25875,LOF,0.030152895503603314,0.03718537975808045,0.9326617247383162
25876,LOF,0.014434385753024798,0.03030922384394515,0.9552563904030301
25877,LOF,0.13079249871003779,0.06458324465592408,0.8046242566340381
25878,LOF,0.0538995256634254,0.08712778716427393,0.8589726871723006
25879,LOF,0.021408864231614158,0.07434907710771446,0.9042420586606713
25880,LOF,0.0457924135995017,0.009814446492583348,0.9443931399079148
25881,Neutral,0.5654070812487033,0.07990487845420598,0.35468804029709067
25882,LOF,0.021883640437337495,0.05274173942019266,0.9253746201424699
25883,LOF,0.05231742688546812,0.03224409716230244,0.9154384759522294
25884,LOF,0.011181197512524627,0.06645741951572191,0.9223613829717535
25885,LOF,0.1959448547359889,0.010507456516362725,0.7935476887476484
25886,LOF,0.20285863460807346,0.06525627732467539,0.7318850880672512
25887,LOF,0.15326799193143859,0.0736858915346456,0.773046116533916
25888,LOF,0.012483672771518045,0.1557712832916677,0.8317450439368143
25889,LOF,0.016952724997109602,0.04177974754145311,0.9412675274614372
25890,LOF,0.11445074079611672,0.11124883289511626,0.7743004263087669
25891,LOF,0.048517121428861075,0.059940569952950384,0.8915423086181885
25892,LOF,0.010387475332202465,0.046189962155768344,0.9434225625120292
25893,LOF,0.39498932351128585,0.0136926896682704,0.5913179868204438
25894,LOF,0.43025509936792006,0.008500267249679224,0.5612446333824008
25895,LOF,0.3505305969139384,0.016054748685854672,0.633414654400207
25896,LOF,0.0447126492392536,0.03483107130666408,0.9204562794540824
25897,LOF,0.18619863322398145,0.01342189502775839,0.8003794717482602
25898,LOF,0.2298298283889103,0.04339712742089936,0.7267730441901903
25899,LOF,0.23116205410812649,0.033575422963733406,0.7352625229281401
25900,LOF,0.47213798114955574,0.012584436896033875,0.5152775819544104
25901,LOF,0.04536523524693175,0.01333998225695267,0.9412947824961155
25902,LOF,0.0966899008634714,0.018252231827343028,0.8850578673091857
25903,LOF,0.3507188733026986,0.03452030329703976,0.6147608234002616
25904,Neutral,0.48861431924261556,0.04291983033379477,0.46846585042358974
25905,LOF,0.007265574078978608,0.3919790204172456,0.6007554055037758
25906,LOF,0.008185795920178292,0.10799306101134858,0.8838211430684731
25907,LOF,0.004538551402326148,0.31647369013698856,0.6789877584606853
25908,LOF,0.004119357504027035,0.22295039926911225,0.7729302432268608
25909,LOF,0.01610149720939231,0.15765205965112164,0.826246443139486
25910,LOF,0.017788556207658818,0.1350158993275088,0.8471955444648325
25911,LOF,0.17252861789805557,0.030851634250306702,0.7966197478516378
25912,LOF,0.06990734085308027,0.055631486732578436,0.8744611724143413
25913,LOF,0.06653327872317201,0.05183095504787931,0.8816357662289488
25914,LOF,0.022678139115672995,0.08089512928638831,0.8964267315979386
25915,LOF,0.11805795529145038,0.3264897099268983,0.5554523347816513
25916,LOF,0.018621439562120905,0.20578354769366225,0.7755950127442169
25917,LOF,0.05986975012975496,0.05096003688117458,0.8891702129890704
25918,LOF,0.028333542996800017,0.04387807758983727,0.9277883794133628
25919,LOF,0.023331149690989574,0.044737501607477824,0.9319313487015327
25920,LOF,0.11801563417095948,0.22052662815224638,0.6614577376767942
25921,LOF,0.00959541210641841,0.034995333227450444,0.9554092546661312
25922,LOF,0.012312865168674306,0.028799269259517996,0.9588878655718077
25923,LOF,0.41207241494082597,0.03477790612409083,0.5531496789350832
25924,LOF,0.01696437785983984,0.04073958788504267,0.9422960342551174
25925,LOF,0.07408800252140334,0.04660066607276078,0.8793113314058358
25926,LOF,0.05177293568102735,0.04328935220513437,0.9049377121138383
25927,LOF,0.02253545812919544,0.05890123506824075,0.9185633068025638
25928,LOF,0.007326945815996993,0.04858925882146438,0.9440837953625386
25929,Neutral,0.48621737093983136,0.03266303401885297,0.4811195950413158
25930,LOF,0.09030396188296917,0.02909628840596684,0.8805997497110639
25931,LOF,0.01004898358351391,0.03268316194902582,0.9572678544674603
25932,LOF,0.03727013285596889,0.02651144920729732,0.9362184179367338
25933,LOF,0.04431152306684401,0.01719898887507532,0.9384894880580805
25934,LOF,0.02983162547999249,0.01763263353292976,0.9525357409870778
25935,LOF,0.06949978804154769,0.053984850564730485,0.8765153613937219
25936,LOF,0.042222472469403236,0.020308787816296445,0.9374687397143003
25937,LOF,0.00934696453839252,0.030676382206840266,0.9599766532547671
25938,LOF,0.06846460894813525,0.04935667746160121,0.8821787135902635
25939,LOF,0.03555705504271446,0.022132572670693317,0.9423103722865923
25940,LOF,0.008423374110032458,0.331487127132047,0.6600894987579206
25941,Neutral,0.5498920186652696,0.029053402770671352,0.4210545785640591
25942,LOF,0.005805464654368899,0.047845597005102145,0.946348938340529
25943,LOF,0.03314639063200138,0.1391630393245507,0.8276905700434479
25944,LOF,0.11018994733963587,0.06843732835518575,0.8213727243051785
25945,LOF,0.0584448809955286,0.020438844055669193,0.9211162749488022
25946,LOF,0.07489855495561647,0.048743455888778,0.8763579891556056
25947,Neutral,0.5048223078505382,0.0801497047810657,0.4150279873683962
25948,LOF,0.33010661617155507,0.011609737871561597,0.6582836459568833
25949,LOF,0.08529081040233763,0.0539210514332705,0.8607881381643919
25950,GOF,0.03953340373363748,0.6122401623930778,0.3482264338732847
25951,LOF,0.013565713762145644,0.44140665348434815,0.5450276327535062
25952,LOF,0.24263707805052734,0.30069253028644094,0.45667039166303175
25953,LOF,0.01132537705658241,0.19429940324924133,0.7943752196941762
25954,LOF,0.0453876647932953,0.44786024399108376,0.5067520912156209
25955,LOF,0.009978611613727912,0.13946354080970644,0.8505578475765657
25956,LOF,0.027918082890225838,0.2863320063049341,0.6857499108048402
25957,LOF,0.21038131565491253,0.036783395921396685,0.7528352884236907
25958,LOF,0.054422710796771356,0.030199771591498583,0.91537751761173
25959,GOF,0.01353287775130019,0.5051076763073922,0.48135944594130775
25960,LOF,0.005461738188240996,0.056593221808026395,0.9379450400037327
25961,LOF,0.05280936415400388,0.028774622053508787,0.9184160137924874
25962,LOF,0.03454220395769438,0.09077682578876924,0.8746809702535363
25963,LOF,0.005820095232570042,0.24395387531623242,0.7502260294511975
25964,LOF,0.02976553594199753,0.10074261183246055,0.8694918522255418
25965,LOF,0.317608502359678,0.13934933558751414,0.5430421620528079
25966,Neutral,0.4422268360961052,0.12038554567845121,0.4373876182254436
25967,LOF,0.006259635351236373,0.06915435926535232,0.9245860053834113
25968,LOF,0.046367356291162745,0.21460801672837101,0.7390246269804662
25969,LOF,0.12156023165807187,0.06266839139973915,0.8157713769421889
25970,LOF,0.018033127416435847,0.09856994487107688,0.8833969277124872
25971,LOF,0.07181291479597915,0.0277846371980575,0.9004024480059635
25972,LOF,0.06266308045697316,0.04013907289911113,0.8971978466439158
25973,LOF,0.05514087211605896,0.013818962075561181,0.9310401658083799
25974,LOF,0.04114351722799373,0.04375772234097902,0.9150987604310272
25975,LOF,0.0417117206175072,0.028376795418975632,0.9299114839635171
25976,LOF,0.11859109875203543,0.01248560007363769,0.8689233011743268
25977,LOF,0.2214496821913079,0.05506269317082127,0.7234876246378709
25978,LOF,0.13635588252497266,0.15169893784158556,0.7119451796334418
25979,LOF,0.1261170509426324,0.15964069482747906,0.7142422542298885
25980,LOF,0.2456770272448221,0.16296719574503532,0.5913557770101425
25981,LOF,0.24619693200311002,0.16499432569231262,0.5888087423045774
25982,LOF,0.3786149139793493,0.11791098224898033,0.5034741037716702
25983,LOF,0.38866936156984006,0.1397052338474081,0.471625404582752
25984,LOF,0.037974680713843086,0.07347340328794377,0.8885519159982133
25985,LOF,0.41197835861097304,0.12653980139620938,0.4614818399928176
25986,LOF,0.012189930438724699,0.4345847592779716,0.5532253102833037
25987,LOF,0.04251987728774745,0.12078292131846254,0.8366972013937899
25988,LOF,0.13863726526854006,0.1314260727904847,0.7299366619409752
25989,LOF,0.04088178020054993,0.17181350537701118,0.7873047144224389
25990,LOF,0.04258024349165299,0.2680693998190303,0.6893503566893168
25991,LOF,0.022463894363263695,0.3411952138433926,0.6363408917933437
25992,LOF,0.02624532229800919,0.36016045402978936,0.6135942236722015
25993,LOF,0.02216292366548133,0.08675426280615323,0.8910828135283655
25994,LOF,0.01704896329480202,0.07853632303542155,0.9044147136697765
25995,LOF,0.018355840505775937,0.1676631096483953,0.8139810498458288
25996,LOF,0.2881520883923005,0.29720251433466294,0.4146453972730367
25997,LOF,0.07839559953294506,0.3458802428442693,0.5757241576227856
25998,LOF,0.31146081033989953,0.05409494965980258,0.6344442400002979
25999,LOF,0.0206564497746069,0.23913085445337345,0.7402126957720196
26000,LOF,0.14655395538997215,0.038150596717032796,0.815295447892995
26001,LOF,0.2927772939711313,0.028231385894359747,0.678991320134509
26002,LOF,0.06878045225643128,0.05865306426820943,0.8725664834753594
26003,GOF,0.004129405537843847,0.6341635096082279,0.3617070848539284
26004,GOF,0.006677609106508107,0.7391165594428784,0.25420583145061354
26005,GOF,0.003119004455626007,0.5203439513711318,0.47653704417324233
26006,GOF,0.07535132283515472,0.5949004923065452,0.32974818485830015
26007,GOF,0.006906424949695999,0.610552183516382,0.3825413915339221
26008,GOF,0.005648610180731444,0.7016598130970543,0.29269157672221435
26009,GOF,0.006855754949456637,0.6967103894794047,0.2964338555711387
26010,GOF,0.007603786735160589,0.6923355365659009,0.3000606766989385
26011,LOF,0.003030177138658162,0.4927637602688166,0.5042060625925253
26012,GOF,0.00414325806416426,0.5624106158714742,0.4334461260643615
26013,GOF,0.004839644620640769,0.6226948358034637,0.3724655195758956
26014,LOF,0.040445048883345096,0.12901666294009106,0.8305382881765639
26015,LOF,0.1491209609535261,0.023276147639904307,0.8276028914065696
26016,LOF,0.27684999974938407,0.04084802696984364,0.6823019732807722
26017,LOF,0.02422265783741125,0.20524918736176323,0.7705281548008256
26018,LOF,0.05325213726644168,0.03869271850054748,0.9080551442330109
26019,LOF,0.05227257703890602,0.033109597528426904,0.914617825432667
26020,LOF,0.009574995160485086,0.1888498614225171,0.8015751434169979
26021,LOF,0.06506168287982231,0.06558748323637341,0.8693508338838043
26022,LOF,0.02835141757218544,0.025599423408282775,0.9460491590195319
26023,LOF,0.04428346130104582,0.023143677489483164,0.9325728612094709
26024,LOF,0.043392639845427586,0.06502600822224257,0.8915813519323298
26025,LOF,0.05532750951187774,0.07827198349939367,0.8664005069887285
26026,LOF,0.09092649986005973,0.058312492687874425,0.8507610074520658
26027,LOF,0.04668433051370855,0.01878542167477002,0.9345302478115214
26028,LOF,0.09566836972275099,0.13850992106097454,0.7658217092162745
26029,LOF,0.0233718806530354,0.2156405797710783,0.7609875395758864
26030,LOF,0.14305612964729644,0.0340513869041482,0.8228924834485554
26031,LOF,0.014288614512939932,0.15991788431109524,0.8257935011759648
26032,LOF,0.06899744547500497,0.07158212416718723,0.8594204303578078
26033,LOF,0.0901108598267361,0.06803044779996241,0.8418586923733015
26034,LOF,0.0160669891704609,0.17041300286844732,0.8135200079610917
26035,LOF,0.01447051693758368,0.12490062886517021,0.8606288541972461
26036,LOF,0.016084623124554224,0.15610299112591475,0.8278123857495311
26037,LOF,0.012989363641164587,0.11765975909848428,0.8693508772603511
26038,LOF,0.059001601816235975,0.0650020375473588,0.8759963606364053
26039,LOF,0.0270977284020174,0.15124411887100217,0.8216581527269804
26040,LOF,0.12113808553372778,0.15375606887073043,0.7251058455955418
26041,LOF,0.01561041375474252,0.09936782830964896,0.8850217579356086
26042,LOF,0.014342024446256055,0.10292042586947718,0.8827375496842667
26043,LOF,0.05689309573291612,0.08556810328360039,0.8575388009834836
26044,LOF,0.012182727017226967,0.06595688638138711,0.9218603866013859
26045,LOF,0.05215141133131784,0.11484689235057066,0.8330016963181114
26046,LOF,0.05141359238749514,0.06772970542779787,0.880856702184707
26047,LOF,0.08721976368532032,0.06427062494688034,0.8485096113677992
26048,LOF,0.04452347789979434,0.047592555502132435,0.9078839665980732
26049,Neutral,0.9617007257446233,0.007042320192668186,0.03125695406270867
26050,Neutral,0.948575826072234,0.007589537985381325,0.043834635942384625
26051,LOF,0.013637412305535515,0.15736142648306473,0.8290011612113998
26052,LOF,0.022304095293736486,0.1852369236894059,0.7924589810168575
26053,LOF,0.024563846342544302,0.12818533051359823,0.8472508231438574
26054,LOF,0.0437144130209836,0.02256838895389073,0.9337171980251255
26055,LOF,0.05754177041008519,0.018527842481411524,0.9239303871085033
26056,LOF,0.0501927425546529,0.023286653045170646,0.9265206044001765
26057,LOF,0.03139855925714215,0.013634115182943397,0.9549673255599144
26058,LOF,0.03195160859547212,0.0117604401824863,0.9562879512220416
26059,LOF,0.32174298347880775,0.02133244275175458,0.6569245737694378
26060,LOF,0.011249603092627704,0.195377904317278,0.7933724925900943
26061,LOF,0.005059886510684505,0.01599279483616375,0.9789473186531518
26062,LOF,0.003707269066407912,0.023235654637685253,0.9730570762959069
26063,LOF,0.020720380396766828,0.012711254441935915,0.9665683651612972
26064,LOF,0.005305080591223006,0.031820655395348195,0.9628742640134289
26065,LOF,0.024997659958467002,0.013473284238750691,0.9615290558027824
26066,LOF,0.022614623617356947,0.012369944653810853,0.9650154317288321
26067,LOF,0.028487301557975672,0.010725028063197901,0.9607876703788263
26068,LOF,0.04041959724912832,0.04732603983804118,0.9122543629128305
26069,LOF,0.2871935620631963,0.02408395319410761,0.6887224847426962
26070,LOF,0.4224939058050242,0.019654060048493575,0.5578520341464822
26071,LOF,0.023006119243892807,0.013040821044589897,0.9639530597115173
26072,LOF,0.004626252143883522,0.026827589825908268,0.9685461580302082
26073,LOF,0.02053775321145577,0.01595068401304434,0.9635115627754999
26074,Neutral,0.9188401790969075,0.007512075053242225,0.07364774584985037
26075,LOF,0.039396302620238986,0.0231132078954917,0.9374904894842693
26076,LOF,0.03424150554725835,0.011585505539585126,0.9541729889131566
26077,LOF,0.11658496780961594,0.00913899034267923,0.8742760418477048
26078,LOF,0.004950349871128503,0.017664704485005886,0.9773849456438656
26079,LOF,0.047804403134639795,0.025567429108970564,0.9266281677563896
26080,LOF,0.04674569502478963,0.025587581870272488,0.9276667231049378
26081,LOF,0.0287546907596529,0.009223741538608467,0.9620215677017385
26082,LOF,0.003293362544286845,0.01984177977243363,0.9768648576832795
26083,LOF,0.1138252771498483,0.019793082340579526,0.8663816405095722
26084,LOF,0.04126902788452142,0.015254022482905997,0.9434769496325726
26085,LOF,0.03687997851583082,0.013428673925142545,0.9496913475590266
26086,LOF,0.022473805867039842,0.012577131803750856,0.9649490623292094
26087,LOF,0.02087237743800902,0.011118948312110633,0.9680086742498804
26088,LOF,0.005126352267193053,0.022512920245028083,0.9723607274877788
26089,LOF,0.037547636912827496,0.026271473152341386,0.9361808899348312
26090,LOF,0.038065061288053904,0.02149742637999841,0.9404375123319477
26091,LOF,0.027161352347107676,0.008572591505709283,0.964266056147183
26092,LOF,0.022765291818551643,0.009294029229749572,0.9679406789516989
26093,LOF,0.03752745253817622,0.00745907704312659,0.9550134704186972
26094,LOF,0.030613065095907034,0.007778747469339339,0.9616081874347535
26095,LOF,0.01638624478358094,0.020107107764934438,0.9635066474514847
26096,LOF,0.17710753349956646,0.006397800483890755,0.8164946660165427
26097,LOF,0.004663750541294186,0.03610432627707992,0.9592319231816259
26098,LOF,0.07276033501756085,0.019058239467031633,0.9081814255154076
26099,LOF,0.021540872979098624,0.016290745343262455,0.9621683816776389
26100,LOF,0.021540872979098624,0.016290745343262455,0.9621683816776389
26101,LOF,0.05172324062112526,0.023447878013298312,0.9248288813655763
26102,LOF,0.01990156746800074,0.01716044870042381,0.9629379838315754
26103,Neutral,0.8416773035659177,0.025167348083804504,0.1331553483502779
26104,LOF,0.06561449694751675,0.02900282291982845,0.9053826801326549
26105,LOF,0.24986594051060784,0.1846331050621109,0.5655009544272813
26106,LOF,0.35890425193223113,0.14043738749977924,0.5006583605679895
26107,LOF,0.01892425215726166,0.1155561486025482,0.8655195992401901
26108,LOF,0.33755833870031815,0.047031530542728635,0.6154101307569533
26109,LOF,0.037323286410612375,0.05368688892956726,0.9089898246598204
26110,LOF,0.21505492226397654,0.007876681103231644,0.7770683966327918
26111,LOF,0.0683711088510141,0.08810469885594374,0.8435241922930421
26112,LOF,0.03729517567830731,0.0075775841718201285,0.9551272401498725
26113,LOF,0.06113843646664046,0.016777278117872697,0.9220842854154868
26114,LOF,0.07562803230517275,0.01213183848329523,0.912240129211532
26115,LOF,0.015756310916615588,0.07519204091544841,0.909051648167936
26116,LOF,0.10015769213923734,0.04446965950051367,0.855372648360249
26117,LOF,0.4063808097036079,0.036534650488490514,0.5570845398079016
26118,LOF,0.0332392805715246,0.017804960035433928,0.9489557593930416
26119,LOF,0.005226233644097821,0.0371332147084009,0.9576405516475012
26120,LOF,0.02580820035489754,0.01720490123745143,0.9569868984076509
26121,LOF,0.004571197974654029,0.12672738666721195,0.8687014153581339
