feature0,prediction,LoGoFunc_Neutral,LoGoFunc_GOF,LoGoFunc_LOF
25546,Neutral,0.7321202192353049,0.038440723375341976,0.22943905738935302
25547,Neutral,0.5787749453385738,0.08191685440469479,0.3393082002567315
25548,Neutral,0.5922890259896453,0.05911110854283119,0.3485998654675234
25549,Neutral,0.5061283821611248,0.05991839170133359,0.43395322613754167
25550,LOF,0.36505770320133896,0.11378881286770813,0.5211534839309528
25551,LOF,0.31444358463081956,0.12147942737458188,0.5640769879945986
25552,LOF,0.22106809338846048,0.11095455357852538,0.6679773530330142
25553,Neutral,0.8430212207641066,0.029667855697351635,0.12731092353854181
25554,LOF,0.2528348879831892,0.10927034414263831,0.6378947678741725
25555,LOF,0.20674090264142583,0.0969530256701012,0.696306071688473
25556,LOF,0.41828947144347123,0.09501378741812957,0.4866967411383992
25557,LOF,0.2025328517906364,0.10107339163594037,0.6963937565734233
25558,LOF,0.24113458332297347,0.11055628446842232,0.6483091322086042
25559,LOF,0.38192716925741416,0.14326586143454706,0.4748069693080388
25560,LOF,0.046462127096868686,0.15090121158333467,0.8026366613197966
25561,LOF,0.09610989966168666,0.15654163817846387,0.7473484621598494
25562,LOF,0.10454035205830368,0.05975955339925489,0.8357000945424414
25563,LOF,0.09052643576671446,0.07603267610379502,0.8334408881294905
25564,LOF,0.19225778420093587,0.13665479622389815,0.671087419575166
25565,LOF,0.1569464198470613,0.09404974117683146,0.7490038389761073
25566,GOF,0.01648743913740492,0.7525284941939676,0.2309840666686274
25567,LOF,0.013880648330724818,0.15174850362270711,0.834370848046568
25568,LOF,0.05156874999909074,0.06534301902595639,0.8830882309749529
25569,LOF,0.05927320030934284,0.06355955212953365,0.8771672475611235
25570,LOF,0.06398230510356363,0.09496466818230408,0.8410530267141324
25571,LOF,0.057622185795738544,0.09139634329444662,0.8509814709098148
25572,LOF,0.0659386479872181,0.11873069762872522,0.8153306543840567
25573,LOF,0.026039583249044203,0.08941018899633524,0.8845502277546206
25574,LOF,0.014867437858922293,0.16203793827058185,0.8230946238704958
25575,LOF,0.045210277789871856,0.10716028682763878,0.8476294353824895
25576,LOF,0.017422406952504032,0.11731656816480764,0.8652610248826882
25577,LOF,0.01391805207622123,0.126108563214484,0.8599733847092947
25578,LOF,0.23017609807606612,0.08219645497089004,0.6876274469530439
25579,LOF,0.23032225726634803,0.08106662119016485,0.6886111215434871
25580,LOF,0.030275391704241112,0.0758509632466488,0.8938736450491102
25581,LOF,0.054977690652425144,0.0664331827037233,0.8785891266438515
25582,LOF,0.05491144306039612,0.06462429872351769,0.8804642582160862
25583,LOF,0.04264509403939801,0.09007360800742815,0.8672812979531739
25584,Neutral,0.4830028482406105,0.09467169474207525,0.42232545701731417
25585,LOF,0.03284030074169862,0.11206144945501768,0.8550982498032836
25586,LOF,0.03051882488777386,0.07686726455137019,0.8926139105608559
25587,LOF,0.029810108936083546,0.07011717624520503,0.9000727148187115
25588,LOF,0.03025248530343053,0.08537902722248497,0.8843684874740846
25589,Neutral,0.6109913926397111,0.12371549642411546,0.2652931109361734
25590,LOF,0.028973021303498176,0.1213511231598182,0.8496758555366836
25591,LOF,0.1121725591149658,0.0551679936842785,0.8326594472007558
25592,LOF,0.08711617414405688,0.130305643511732,0.7825781823442111
25593,LOF,0.02145887550006231,0.25054899584840074,0.727992128651537
25594,LOF,0.04265743704437925,0.1965523930697409,0.7607901698858799
25595,LOF,0.0484433457059808,0.13196574585909826,0.819590908434921
25596,LOF,0.05790036996380796,0.06419894500078038,0.8779006850354116
25597,LOF,0.046957733947291885,0.07358948590762723,0.8794527801450808
25598,LOF,0.04549548541375569,0.1284914293364119,0.8260130852498324
25599,GOF,0.010549733961014928,0.7322891770175697,0.2571610890214153
25600,GOF,0.014995472040017596,0.5196224366484697,0.46538209131151265
25601,LOF,0.007894534863537802,0.4396004906418874,0.5525049744945748
25602,LOF,0.026674246699641253,0.04147406401090689,0.9318516892894518
25603,LOF,0.05970698615730941,0.030539522051613047,0.9097534917910775
25604,LOF,0.06020643299205458,0.03633218320678698,0.9034613838011584
25605,LOF,0.015883316362539278,0.23395460744428181,0.750162076193179
25606,GOF,0.11865194342083671,0.445770962185774,0.4355770943933893
25607,LOF,0.006478953731422293,0.1548444742261044,0.8386765720424734
25608,LOF,0.06538452825025479,0.049598978626255265,0.88501649312349
25609,LOF,0.031460502898195346,0.42171757588014697,0.5468219212216577
25610,LOF,0.0408364197644833,0.026499354895719845,0.9326642253397969
25611,LOF,0.041543454442649785,0.024577130322999595,0.9338794152343506
25612,LOF,0.10149575163046444,0.032928605631100755,0.8655756427384349
25613,LOF,0.08344928850692386,0.03388733620427353,0.8826633752888027
25614,LOF,0.029654313684275218,0.03428623866444716,0.9360594476512775
25615,LOF,0.05452032907578018,0.03541446288751567,0.9100652080367041
25616,LOF,0.032597287721083036,0.0328573225028752,0.9345453897760416
25617,LOF,0.030645034091730465,0.03636923045504361,0.9329857354532258
25618,LOF,0.16595424419732976,0.034342500033462196,0.799703255769208
25619,LOF,0.029720497983582374,0.031641372691680936,0.9386381293247366
25620,LOF,0.033204174997289934,0.03965630706971896,0.9271395179329912
25621,LOF,0.031733034915573916,0.030624676781130483,0.9376422883032957
25622,LOF,0.037056466727463065,0.03739332689231865,0.9255502063802182
25623,LOF,0.07810022715068375,0.02708185553617272,0.8948179173131436
25624,LOF,0.02609172211571051,0.042428455139579366,0.9314798227447101
25625,LOF,0.040153157438069347,0.04357603500074546,0.9162708075611853
25626,LOF,0.0876143542352396,0.027745489227970172,0.8846401565367903
25627,Neutral,0.5735033558939256,0.1344147495153386,0.29208189459073564
25628,LOF,0.17049513082804277,0.07036091992085027,0.759143949251107
25629,LOF,0.06951457766923506,0.08186179958363696,0.848623622747128
25630,LOF,0.14834619802506943,0.11464545032999142,0.7370083516449392
25631,Neutral,0.5521052444251429,0.08929844462090936,0.3585963109539479
25632,LOF,0.0218642670907789,0.06267942200666708,0.9154563109025541
25633,LOF,0.2175648551743874,0.07565766543708112,0.7067774793885315
25634,LOF,0.03421781685199467,0.1130893962403261,0.8526927869076792
25635,LOF,0.03343706643151185,0.08524406102966749,0.8813188725388208
25636,GOF,0.00611185645394983,0.5857396474336525,0.40814849611239773
25637,GOF,0.004900401057750393,0.5533493754383726,0.441750223503877
25638,LOF,0.00948564484898991,0.4221383589699367,0.5683759961810734
25639,LOF,0.004644293702521964,0.4115818489884322,0.583773857309046
25640,Neutral,0.4928895739655892,0.4346476176673154,0.07246280836709557
25641,LOF,0.008673316308012458,0.3139194590275555,0.677407224664432
25642,LOF,0.25756690097744933,0.07075327977696497,0.6716798192455858
25643,LOF,0.2522156192761628,0.18340439661698116,0.5643799841068561
25644,GOF,0.01881896570011913,0.5808069381952415,0.40037409610463937
25645,GOF,0.018376121994353473,0.5620715586758835,0.4195523193297629
25646,LOF,0.021783084266264956,0.3779881563464053,0.6002287593873297
25647,LOF,0.01813432312789884,0.29605470194865974,0.6858109749234415
25648,LOF,0.016303099978119285,0.30682945651210936,0.6768674435097713
25649,LOF,0.01478140721254403,0.25866522005441783,0.7265533727330381
25650,GOF,0.035919583860240856,0.6029762913496648,0.36110412479009435
25651,LOF,0.011352895949047074,0.32135494942215814,0.6672921546287948
25652,LOF,0.018633525359667013,0.3278355959910796,0.6535308786492534
25653,LOF,0.0806257826979541,0.43285582840048104,0.48651838890156485
25654,LOF,0.016133639257043038,0.2816292386054127,0.7022371221375442
25655,LOF,0.1333174673681891,0.4211895999607425,0.44549293267106854
25656,LOF,0.06546592357964659,0.07246259332464017,0.8620714830957132
25657,LOF,0.27115931458315595,0.030936369092938162,0.6979043163239059
25658,LOF,0.04600775570927135,0.07626176648339558,0.877730477807333
25659,LOF,0.27195712984932263,0.05383283628050358,0.6742100338701739
25660,LOF,0.08102004355218614,0.09828091663398067,0.8206990398138332
25661,LOF,0.05059067438139687,0.07322470097051294,0.8761846246480902
25662,LOF,0.028647810795336886,0.04572833538826467,0.9256238538163984
25663,LOF,0.03869493581664555,0.07224302063414254,0.889062043549212
25664,LOF,0.03976513915703963,0.08356431000262246,0.8766705508403378
25665,LOF,0.06012209318299716,0.046105703856991906,0.8937722029600108
25666,LOF,0.03909046628997479,0.1369458569561038,0.8239636767539213
25667,LOF,0.029119511604856745,0.05415417667073499,0.9167263117244082
25668,LOF,0.03411893518212216,0.064357984801474,0.9015230800164038
25669,LOF,0.0398642618866088,0.09519110086018345,0.8649446372532077
25670,LOF,0.14890334236417171,0.0599260814693987,0.7911705761664295
25671,LOF,0.03808738361325747,0.049324213191064205,0.9125884031956782
25672,LOF,0.05863841457869808,0.06550854736258346,0.8758530380587185
25673,LOF,0.04505972256243642,0.056225583860290355,0.8987146935772733
25674,LOF,0.03455981815172809,0.06522238980629828,0.9002177920419737
25675,LOF,0.046219223266200336,0.049324153389696326,0.9044566233441033
25676,LOF,0.03159498866505256,0.05986407703351473,0.9085409343014327
25677,LOF,0.06003907294481713,0.06288363257398119,0.8770772944812018
25678,LOF,0.25321223871558884,0.04618704242530049,0.7006007188591107
25679,LOF,0.16123380930641623,0.06337611705942135,0.7753900736341625
25680,LOF,0.06496199403281613,0.09322382169433403,0.8418141842728499
25681,LOF,0.11236647770711354,0.08520957591822127,0.8024239463746653
25682,LOF,0.04562109296491177,0.07133389600584812,0.8830450110292402
25683,LOF,0.07827717425787281,0.0858446776882201,0.835878148053907
25684,LOF,0.052788662387866746,0.0756283548258954,0.8715829827862379
25685,LOF,0.12389086046172457,0.033849369785645594,0.8422597697526298
25686,LOF,0.034493618577144856,0.0855847367685416,0.8799216446543134
25687,LOF,0.056440209511954706,0.08258208200685661,0.8609777084811887
25688,LOF,0.027853243238840763,0.09256189128701145,0.8795848654741478
25689,LOF,0.02072453446568963,0.06325374249998608,0.9160217230343243
25690,LOF,0.01842776335668094,0.08679720526545244,0.8947750313778665
25691,LOF,0.17417550591944655,0.12308892657035592,0.7027355675101975
25692,LOF,0.24933901370682018,0.015229830118950023,0.7354311561742298
25693,LOF,0.05552387208273069,0.14126654063428346,0.8032095872829859
25694,LOF,0.2711775593784447,0.01208374577489067,0.7167386948466647
25695,LOF,0.1713270318049156,0.01705668074194502,0.8116162874531394
25696,LOF,0.16245689605098437,0.010014646394262802,0.8275284575547528
25697,LOF,0.1352199930426078,0.02668570877627629,0.8380942981811159
25698,LOF,0.02944895671734207,0.32293614567446083,0.6476148976081971
25699,LOF,0.0719973775477864,0.07654750795970755,0.851455114492506
25700,LOF,0.02922952832738528,0.011892033594436427,0.9588784380781783
25701,LOF,0.011563579459517333,0.07839046281508992,0.9100459577253928
25702,GOF,0.031567294156763175,0.6970274458801602,0.2714052599630767
25703,LOF,0.018462882254795598,0.18061248998345772,0.8009246277617467
25704,LOF,0.09077098689205407,0.15630301812771788,0.7529259949802282
25705,LOF,0.06685278589275442,0.24307908906663625,0.6900681250406093
25706,GOF,0.038934866839506865,0.559150978499455,0.40191415466103797
25707,GOF,0.03137565896858556,0.5743398371536258,0.39428450387778874
25708,GOF,0.0078017717820151955,0.5357527694538209,0.456445458764164
25709,LOF,0.018402451192763233,0.07734646868435063,0.904251080122886
25710,LOF,0.009010457885257207,0.16436169969427042,0.8266278424204724
25711,LOF,0.021138600366352872,0.12729404572618866,0.8515673539074583
25712,LOF,0.00945260235017895,0.22167089591043965,0.7688765017393814
25713,LOF,0.018510109310937977,0.12021348470124289,0.8612764059878191
25714,LOF,0.02109120707569026,0.1584737783139982,0.8204350146103115
25715,LOF,0.0189079134663662,0.137164899791183,0.8439271867424508
25716,LOF,0.014127409978757837,0.12683614281537903,0.8590364472058633
25717,LOF,0.006571149001666991,0.12269118303205163,0.8707376679662814
25718,LOF,0.018951146031356277,0.09338820531363701,0.8876606486550066
25719,LOF,0.03458235817416344,0.1035245414951012,0.8618931003307353
25720,LOF,0.026688263761612745,0.09495374322678755,0.8783579930115997
25721,LOF,0.022683713101870576,0.10913691148657018,0.8681793754115592
25722,LOF,0.01543244283323717,0.1596706741637789,0.8248968830029839
25723,LOF,0.021886343456183184,0.09418690218515853,0.8839267543586582
25724,LOF,0.025393649236563134,0.16190777380474822,0.8126985769586887
25725,LOF,0.021254313270905108,0.0884091692144337,0.8903365175146611
25726,LOF,0.015552653473743325,0.12621895090042137,0.8582283956258353
25727,LOF,0.02085168527680407,0.11520436794262098,0.863943946780575
25728,LOF,0.020907240459724225,0.11709393561056086,0.8619988239297148
25729,LOF,0.019659692272719943,0.12489013179807247,0.8554501759292076
25730,LOF,0.022247606035519105,0.09069164709775442,0.8870607468667265
25731,LOF,0.01231797240563151,0.16454080845889527,0.8231412191354732
25732,LOF,0.018794436092030332,0.11355491706598557,0.8676506468419841
25733,LOF,0.027645555249461547,0.10622119037120538,0.866133254379333
25734,LOF,0.007608898766171295,0.21076683485448258,0.7816242663793462
25735,LOF,0.021000049917041047,0.0885216769463683,0.8904782731365906
25736,LOF,0.01985395306229721,0.13872213228029495,0.8414239146574078
25737,LOF,0.03757576915527853,0.11972849551136269,0.8426957353333588
25738,LOF,0.020837981095274773,0.1626145497046295,0.8165474692000958
25739,LOF,0.02291896590163414,0.14249485232364584,0.8345861817747201
25740,LOF,0.04963025882096406,0.16091614942941165,0.7894535917496244
25741,LOF,0.02759279631565,0.12867225078321998,0.84373495290113
25742,LOF,0.0450384575680968,0.13331109681461853,0.8216504456172847
25743,LOF,0.01176619468973016,0.026427102313493548,0.9618067029967762
25744,LOF,0.1632607801969249,0.3415015691734044,0.4952376506296707
25745,LOF,0.029548052130188768,0.12322430134083814,0.847227646528973
25746,LOF,0.013327487782689567,0.1727360335972098,0.8139364786201007
25747,LOF,0.031056871429602565,0.029270643288774722,0.9396724852816227
25748,LOF,0.2619970722493593,0.05534023701012604,0.6826626907405147
25749,LOF,0.012545957819111822,0.09731703101096421,0.8901370111699239
25750,LOF,0.01600970309881085,0.10593884729522772,0.8780514496059615
25751,LOF,0.03926747467804327,0.04594917111101156,0.9147833542109451
25752,GOF,0.08924533822784132,0.6859030570254929,0.22485160474666585
25753,LOF,0.007085963295289362,0.3626264692559551,0.6302875674487556
25754,GOF,0.00765257356401608,0.8537927883300019,0.138554638105982
25755,LOF,0.008089713295242796,0.42423331674065423,0.567676969964103
25756,LOF,0.0508484662585815,0.40893433452592015,0.5402171992154983
25757,GOF,0.007962472197251273,0.8491550331558874,0.14288249464686129
25758,GOF,0.008834262450716793,0.8630710073176863,0.12809473023159698
25759,GOF,0.0056917841255550074,0.5639431583753287,0.4303650574991162
25760,LOF,0.005910618617988439,0.294414641249868,0.6996747401321436
25761,GOF,0.053566434948235195,0.8432508422162185,0.1031827228355463
25762,LOF,0.030206584018769796,0.33749045519709875,0.6323029607841314
25763,LOF,0.006612854282330841,0.2623335867779837,0.7310535589396855
25764,GOF,0.07043849202346318,0.6195162660434212,0.31004524193311567
25765,GOF,0.007880604139590913,0.850532505696588,0.14158689016382106
25766,GOF,0.03690091976293633,0.8009280083198989,0.1621710719171647
25767,GOF,0.009694759105185777,0.5471756800392644,0.4431295608555498
25768,LOF,0.035311085097004785,0.08139517196487889,0.8832937429381165
25769,LOF,0.022785172245956175,0.10067207641758905,0.8765427513364549
25770,LOF,0.17346549028493524,0.07138730979402129,0.7551471999210434
25771,LOF,0.016127256493931943,0.07483088551830873,0.9090418579877594
25772,LOF,0.022300816252447665,0.03883060323420203,0.9388685805133504
25773,LOF,0.020755716701128756,0.06772255581372257,0.9115217274851488
25774,LOF,0.029854802143633143,0.10781697332255935,0.8623282245338075
25775,LOF,0.023376087625688505,0.047023207314506744,0.9296007050598049
25776,LOF,0.024235413041846225,0.032705858331295364,0.9430587286268584
25777,LOF,0.2626696571631129,0.0808581268651207,0.6564722159717664
25778,LOF,0.017949158683893837,0.07452471800621359,0.9075261233098925
25779,GOF,0.039864946015456156,0.8883024053874703,0.07183264859707361
25780,GOF,0.06869930512518971,0.8781102850437833,0.05319040983102704
25781,GOF,0.0327966643559116,0.868993586487682,0.09820974915640622
25782,GOF,0.030169301899044196,0.9001420040531085,0.06968869404784743
25783,GOF,0.024975300447943424,0.9238834044095775,0.051141295142479094
25784,GOF,0.08260238492855605,0.8728499906990685,0.04454762437237534
25785,GOF,0.07571585140289341,0.8806680625042115,0.04361608609289492
25786,GOF,0.008872284081454527,0.880662730152999,0.11046498576554652
25787,GOF,0.1575209417379016,0.7949161486635491,0.04756290959854923
25788,LOF,0.015161277672696045,0.18418695110715508,0.800651771220149
25789,GOF,0.016280768884509942,0.862699214797248,0.121020016318242
25790,GOF,0.018468424081808474,0.8775516616958061,0.1039799142223855
25791,GOF,0.02107980395500417,0.8186983778885466,0.16022181815644926
25792,GOF,0.023437019875104482,0.8447707999510446,0.1317921801738508
25793,GOF,0.06136261869755821,0.8428940015023388,0.09574337980010297
25794,GOF,0.0506953643212814,0.7810888806651086,0.16821575501361002
25795,GOF,0.04569818143598358,0.7555062492896745,0.198795569274342
25796,GOF,0.08518965313849505,0.8255306428237672,0.0892797040377378
25797,GOF,0.06810842747136943,0.7709089250325232,0.1609826474961074
25798,GOF,0.005037893380653446,0.7775279535109606,0.2174341531083861
25799,GOF,0.003999985255740618,0.7209168353553201,0.2750831793889392
25800,GOF,0.02202015570564205,0.8407335157425867,0.13724632855177143
25801,GOF,0.016585495678853167,0.8969446338839818,0.08646987043716506
25802,GOF,0.02721944412913319,0.8527393284980653,0.12004122737280135
25803,GOF,0.01824599023354711,0.7440273442821174,0.2377266654843355
25804,GOF,0.02560292335872843,0.7893383085369989,0.18505876810427266
25805,GOF,0.0267326244841584,0.8158137387088241,0.15745363680701743
25806,GOF,0.025752968961551603,0.8135892215444306,0.16065780949401778
25807,GOF,0.00783264502700562,0.7832647390405765,0.20890261593241793
25808,GOF,0.01690371031549005,0.7976224921757191,0.18547379750879098
25809,GOF,0.009232125666428153,0.7686812168635452,0.22208665747002657
25810,GOF,0.007430515594653472,0.7521823117605642,0.2403871726447824
25811,GOF,0.04356585954193411,0.8841900723705265,0.0722440680875394
25812,GOF,0.030165744795509458,0.8154563954457219,0.15437785975876858
25813,GOF,0.11421474885702505,0.8101202018878215,0.07566504925515348
25814,GOF,0.028538278916861008,0.8229854710063488,0.14847625007679022
25815,GOF,0.054235621619953225,0.8405440777121553,0.1052203006678914
25816,GOF,0.009308597897028354,0.8695932529027804,0.12109814920019102
25817,GOF,0.0924231192538749,0.8187873679215877,0.08878951282453756
25818,GOF,0.022245532386068554,0.8240669906452155,0.15368747696871587
25819,GOF,0.060973214132321533,0.7614382188262397,0.17758856704143874
25820,GOF,0.030382468020428505,0.733280567818777,0.23633696416079447
25821,GOF,0.021207438501800915,0.7480413329971893,0.23075122850100968
25822,GOF,0.040236631478465214,0.7564982553745564,0.20326511314697845
25823,GOF,0.024752891390115085,0.7420883807099105,0.2331587278999744
25824,GOF,0.023739408398036035,0.7958571642553346,0.18040342734662945
25825,GOF,0.019592689517088237,0.782862251939356,0.19754505854355578
25826,GOF,0.007714864032202947,0.7405400923751376,0.2517450435926594
25827,GOF,0.012584920075627,0.7100954293273666,0.27731965059700653
25828,GOF,0.009245067380220077,0.7434979264740765,0.24725700614570323
25829,GOF,0.004058436990810468,0.6822495749789386,0.3136919880302509
25830,LOF,0.03224375062349332,0.45608146454957865,0.511674784826928
25831,GOF,0.052161905691666705,0.8033051164873269,0.14453297782100638
25832,GOF,0.008343705280977737,0.7588312904373311,0.23282500428169117
25833,GOF,0.03034452378719389,0.821766425801481,0.14788905041132505
25834,GOF,0.00938759990828236,0.781881529732911,0.20873087035880655
25835,GOF,0.023034149550203623,0.8523581904703399,0.1246076599794565
25836,GOF,0.0063340026245797725,0.7822165255456215,0.21144947182979876
25837,GOF,0.00770485553517486,0.7867296934819524,0.20556545098287277
25838,GOF,0.020682573190371537,0.8477107623832327,0.13160666442639585
25839,GOF,0.04959180571141667,0.816486752636939,0.13392144165164416
25840,GOF,0.0661622011795843,0.8163809815186492,0.1174568173017665
25841,GOF,0.06583079723208501,0.8341062799527468,0.10006292281516828
25842,GOF,0.027392119002495358,0.8932817165887935,0.07932616440871118
25843,GOF,0.023968244684246163,0.8890619676621917,0.0869697876535622
25844,GOF,0.016828694949806332,0.8461114341032939,0.13705987094689964
25845,GOF,0.0063006052023503005,0.775221531237919,0.21847786355973076
25846,GOF,0.06762386853187169,0.8304683962920332,0.10190773517609499
25847,GOF,0.01753022903803096,0.8927805059519437,0.08968926501002546
25848,GOF,0.020171510592087223,0.8480086883116036,0.1318198010963091
25849,GOF,0.007065444884546846,0.8427401486019734,0.15019440651347968
25850,GOF,0.005956745624426797,0.7507751065695556,0.24326814780601766
25851,GOF,0.00564106173263581,0.6990932242921591,0.29526571397520507
25852,GOF,0.13780217748638882,0.5966331652791411,0.26556465723447
25853,GOF,0.06853132832300154,0.8136866818453681,0.11778198983163035
25854,GOF,0.005462172582351272,0.7325313634312715,0.26200646398637734
25855,GOF,0.0231906848393195,0.7099398505726178,0.2668694645880627
25856,GOF,0.04639268208940925,0.7948486904214163,0.15875862748917444
25857,GOF,0.023766113249740397,0.718702833011044,0.25753105373921564
25858,GOF,0.010186544658473259,0.745313605127946,0.24449985021358084
25859,GOF,0.00776113013478625,0.745498479005667,0.24674039085954677
25860,GOF,0.07160116644357313,0.8246536082812354,0.10374522527519156
25861,GOF,0.08358945263071399,0.8181615794282441,0.09824896794104199
25862,GOF,0.021169880244719507,0.8947274470430007,0.08410267271227984
25863,GOF,0.023470428246903964,0.8862647242532006,0.09026484749989536
25864,GOF,0.06304922590403188,0.8867919872092312,0.05015878688673695
25865,GOF,0.04534943370254506,0.8621807228254208,0.09246984347203402
25866,GOF,0.02538663758400365,0.8800387838874701,0.094574578528526
25867,GOF,0.04283983802864778,0.8743221777090721,0.08283798426228021
25868,GOF,0.061387168318688935,0.8338958640728515,0.10471696760845953
25869,GOF,0.3465099342072204,0.5774131903174171,0.07607687547536254
25870,GOF,0.05794133823270912,0.563681442758141,0.37837721900914983
25871,GOF,0.010093121163270654,0.8675474062353259,0.12235947260140345
25872,GOF,0.020294940028655648,0.8563832011781394,0.12332185879320504
25873,GOF,0.01991148470584602,0.8873332048153023,0.09275531047885152
25874,LOF,0.01499496986903396,0.21610167526076232,0.7689033548702037
25875,LOF,0.02767964448349513,0.05149829313474077,0.9208220623817642
25876,LOF,0.019295102405185144,0.030586021532163797,0.9501188760626511
25877,LOF,0.10072386774735248,0.07864354187726955,0.820632590375378
25878,LOF,0.06536923142804178,0.12186975317612991,0.8127610153958282
25879,LOF,0.016111757409942147,0.08980585086117701,0.8940823917288808
25880,LOF,0.059952701323057904,0.012597499512264354,0.9274497991646776
25881,Neutral,0.47132020760495846,0.06731594150353844,0.4613638508915032
25882,LOF,0.06639097767482907,0.025909107787652385,0.9076999145375185
25883,LOF,0.0274180759076821,0.02712538112796843,0.9454565429643493
25884,LOF,0.017530974890503873,0.05491641917624666,0.9275526059332496
25885,LOF,0.18014809095542098,0.013048248593150635,0.8068036604514284
25886,LOF,0.27781851268240587,0.055091052497489926,0.6670904348201042
25887,LOF,0.11737250004767767,0.07072392243712804,0.8119035775151944
25888,LOF,0.008473411851499664,0.11828416999303681,0.8732424181554636
25889,LOF,0.02298805422031358,0.039223904672687396,0.937788041106999
25890,LOF,0.16975121866183732,0.08579232847652574,0.744456452861637
25891,LOF,0.11454625753264164,0.030239457282570874,0.8552142851847875
25892,LOF,0.009978662665853736,0.03586776072466607,0.9541535766094803
25893,LOF,0.3544485478965191,0.009728265823572807,0.6358231862799081
25894,LOF,0.4049307111137812,0.007107757124643362,0.5879615317615755
25895,LOF,0.3595120590181602,0.012757950061222934,0.6277299909206168
25896,LOF,0.06729766512595271,0.026614974056167157,0.9060873608178801
25897,LOF,0.17709125197201414,0.010583016957177314,0.8123257310708086
25898,LOF,0.13570562825828444,0.03827450213768273,0.8260198696040328
25899,LOF,0.4079800471598214,0.02744682750920347,0.5645731253309753
25900,Neutral,0.5028515833132156,0.008003595444402578,0.48914482124238184
25901,LOF,0.06117329217100422,0.010472475611941147,0.9283542322170546
25902,LOF,0.1634796988040132,0.013891649380582178,0.8226286518154047
25903,LOF,0.3623209425028622,0.027635120535599387,0.6100439369615385
25904,Neutral,0.5206233231513122,0.03700319649603316,0.44237348035265467
25905,LOF,0.006636554114798524,0.48957258487122973,0.5037908610139717
25906,LOF,0.0073861678440428746,0.0981494509310641,0.894464381224893
25907,LOF,0.007117516128809616,0.3050592535472503,0.6878232303239401
25908,LOF,0.00617348274569025,0.2815120502971169,0.7123144669571928
25909,LOF,0.027478350583970645,0.1309291487994686,0.8415925006165607
25910,LOF,0.012479864012428883,0.126058024510799,0.861462111476772
25911,LOF,0.22355112773147007,0.0684704155585948,0.7079784567099351
25912,LOF,0.1052494307125517,0.04064059039871721,0.8541099788887312
25913,LOF,0.025800180014300608,0.07060679926805571,0.9035930207176437
25914,LOF,0.037986371112418205,0.032689256849085996,0.9293243720384957
25915,LOF,0.1865295069429736,0.14047990075701527,0.6729905923000111
25916,LOF,0.026572811397024065,0.07367581473721041,0.8997513738657654
25917,LOF,0.07725794193729615,0.02679348353187159,0.8959485745308322
25918,LOF,0.046113408444560036,0.019708073739826238,0.9341785178156137
25919,LOF,0.039276767988393003,0.019243837727484094,0.941479394284123
25920,LOF,0.3338480065679151,0.29599265941323905,0.3701593340188459
25921,LOF,0.015956868582102067,0.04062065707746177,0.9434224743404362
25922,LOF,0.017861537785762306,0.043538694505964766,0.938599767708273
25923,LOF,0.4306237492450544,0.03578714812195666,0.533589102632989
25924,LOF,0.026089879693352722,0.05186483623005725,0.92204528407659
25925,LOF,0.09234134882047434,0.04678264616500984,0.8608760050145159
25926,LOF,0.07029892658374746,0.04327806913470004,0.8864230042815525
25927,LOF,0.021386631946595628,0.07924713394669584,0.8993662341067085
25928,LOF,0.010532314122910892,0.052080616838747484,0.9373870690383417
25929,Neutral,0.566357498894375,0.033941731757094536,0.39970076934853055
25930,LOF,0.07626829661374686,0.03510589050319924,0.8886258128830539
25931,LOF,0.01331521672480544,0.04209112049167519,0.9445936627835194
25932,LOF,0.06303835589791877,0.038313472023808255,0.898648172078273
25933,LOF,0.0632516619421136,0.022056092884254818,0.9146922451736315
25934,LOF,0.05397304839436463,0.02355365729948552,0.9224732943061498
25935,LOF,0.08073823991771796,0.0571605888552942,0.8621011712269878
25936,LOF,0.10138685548861325,0.024370350981720208,0.8742427935296666
25937,LOF,0.019525053827190695,0.030553475193384156,0.9499214709794251
25938,LOF,0.07739926056339293,0.05142588401297411,0.8711748554236329
25939,LOF,0.04713320107103022,0.03122631094582604,0.9216404879831437
25940,LOF,0.010309642770153005,0.4415949195189468,0.5480954377109002
25941,Neutral,0.47625030421139475,0.050853239734127816,0.4728964560544775
25942,LOF,0.010167825095964422,0.06899338323836325,0.9208387916656723
25943,LOF,0.04175113351471591,0.18019697730222844,0.7780518891830557
25944,LOF,0.041775196346516004,0.08683931089203076,0.8713854927614532
25945,LOF,0.1120202883998076,0.03822611865754226,0.8497535929426502
25946,LOF,0.06711650301764249,0.04312637329368938,0.8897571236886682
25947,Neutral,0.5317468403529858,0.07126445283226905,0.39698870681474513
25948,LOF,0.4167935991959615,0.019661210759342948,0.5635451900446956
25949,LOF,0.16627077496576032,0.07715636460701297,0.7565728604272266
25950,GOF,0.06165704873133596,0.5026464179113814,0.4356965333572827
25951,LOF,0.015983232694219973,0.36872687670635246,0.6152898905994275
25952,LOF,0.27074888607876296,0.20650809156284347,0.5227430223583935
25953,LOF,0.008977589157196606,0.22882358973638497,0.7621988211064185
25954,LOF,0.07828173992649771,0.3303619065269658,0.5913563535465365
25955,LOF,0.008110898310795018,0.21756819809064726,0.7743209035985578
25956,LOF,0.014159951062785623,0.3208431538250589,0.6649968951121554
25957,LOF,0.16188618062751886,0.03526578363081557,0.8028480357416656
25958,LOF,0.031436134898594814,0.06524308517574326,0.9033207799256618
25959,GOF,0.007097330441591664,0.7974589769381059,0.1954436926203025
25960,LOF,0.004784182896244776,0.10811708143142636,0.8870987356723289
25961,LOF,0.0299071187636705,0.05103711735006954,0.91905576388626
25962,LOF,0.05120066036982153,0.0806163714940073,0.8681829681361711
25963,LOF,0.0071006964949672045,0.15842575934635084,0.8344735441586819
25964,LOF,0.02565426120381059,0.12072396703284388,0.8536217717633455
25965,LOF,0.2467712521517249,0.12533599068585696,0.6278927571624181
25966,LOF,0.39060971302430514,0.09646545847972457,0.5129248284959702
25967,LOF,0.008148851273945445,0.07438280223065474,0.9174683464953999
25968,LOF,0.04081616312899311,0.20698313357733478,0.7522007032936722
25969,LOF,0.1677672160516528,0.04878603523844443,0.7834467487099028
25970,LOF,0.0629138115900217,0.08591076748037382,0.8511754209296045
25971,LOF,0.08137183507484247,0.038151825238486106,0.8804763396866715
25972,LOF,0.07512786191380515,0.06780863714048475,0.85706350094571
25973,LOF,0.06581108291603774,0.009155430883750624,0.9250334862002116
25974,LOF,0.04003119118107194,0.04008763422711429,0.9198811745918138
25975,LOF,0.04065638099288303,0.01789864184530223,0.9414449771618147
25976,LOF,0.08677008180326858,0.011637375387865728,0.9015925428088657
25977,LOF,0.25083306433150787,0.05891870552259478,0.6902482301458974
25978,LOF,0.1710661020319963,0.1520037732725309,0.6769301246954728
25979,LOF,0.14103005004290803,0.17347397254096528,0.6854959774161267
25980,LOF,0.23205720687644468,0.23642971511659155,0.5315130780069638
25981,LOF,0.23332888377465233,0.2380601765962255,0.5286109396291222
25982,Neutral,0.4449519986647873,0.11693544072481539,0.43811256061039733
25983,Neutral,0.45583505537704005,0.13920046952096962,0.4049644751019903
25984,LOF,0.04086510467721214,0.0956767707067572,0.8634581246160307
25985,LOF,0.4248974366529155,0.1250272628990578,0.45007530044802674
25986,LOF,0.011019942967995053,0.4638485913041988,0.5251314657278061
25987,LOF,0.04410199738345561,0.1038751674657978,0.8520228351507467
25988,LOF,0.0384047071891998,0.1481731437482996,0.8134221490625005
25989,LOF,0.04562207484719212,0.19250174600363823,0.7618761791491697
25990,LOF,0.038248584708284995,0.290299807988538,0.671451607303177
25991,GOF,0.023914392153080333,0.495899857212764,0.48018575063415564
25992,LOF,0.016618386035421373,0.46497195723275325,0.5184096567318254
25993,LOF,0.027154573716422898,0.08739645406411962,0.8854489722194575
25994,LOF,0.023744887896949684,0.09499673547627135,0.8812583766267791
25995,LOF,0.019696096408084864,0.15222568330951522,0.8280782202823999
25996,Neutral,0.4166063085054617,0.37545920584804376,0.20793448564649467
25997,LOF,0.07103834022145322,0.4456077112231901,0.4833539485553566
25998,LOF,0.2612663016057513,0.044048050447905815,0.6946856479463428
25999,LOF,0.03644753584428687,0.11715107556189981,0.8464013885938134
26000,LOF,0.14273507854923848,0.015696924713461374,0.8415679967373001
26001,LOF,0.2571802320343687,0.019123123745946564,0.7236966442196848
26002,LOF,0.12165841846527341,0.026106323445641552,0.852235258089085
26003,GOF,0.007433606690238491,0.6051820672402451,0.38738432606951634
26004,GOF,0.017572429701606558,0.6267885324532435,0.35563903784514994
26005,LOF,0.0054513629666696605,0.4926222457229595,0.5019263913103709
26006,GOF,0.09703171563185743,0.5275301614614037,0.37543812290673884
26007,GOF,0.011423788974107828,0.5008606092461193,0.4877156017797728
26008,GOF,0.005767472005454363,0.5845566340464208,0.4096758939481249
26009,GOF,0.011859022784458226,0.6330583708644743,0.35508260635106764
26010,GOF,0.010587420155413056,0.5735806748530115,0.4158319049915754
26011,LOF,0.004221444449602567,0.4100121393072433,0.5857664162431541
26012,GOF,0.004656126308494074,0.5334085075778429,0.4619353661136631
26013,GOF,0.010271602595062605,0.5520268177653294,0.43770157963960793
26014,LOF,0.07232348914813934,0.10426500960242015,0.8234115012494405
26015,LOF,0.35892358001533575,0.041796860844884806,0.5992795591397795
26016,LOF,0.27381077762028877,0.062264488570171916,0.6639247338095393
26017,LOF,0.012798321759583528,0.26947375142415986,0.7177279268162566
26018,LOF,0.02261832118173252,0.09570088400774765,0.8816807948105198
26019,LOF,0.022352666489264622,0.08534890839630303,0.8922984251144325
26020,LOF,0.007553788727022197,0.24113188531557636,0.7513143259574014
26021,LOF,0.0726106230069412,0.11600368000594581,0.811385696987113
26022,LOF,0.034747428879301906,0.04703835083903248,0.9182142202816657
26023,LOF,0.019394065747964814,0.06938741118955721,0.911218523062478
26024,LOF,0.05105736214630231,0.09031610628920494,0.8586265315644928
26025,LOF,0.10916211154748588,0.11524685285353481,0.7755910355989792
26026,LOF,0.11536001291434718,0.0896392385269614,0.7950007485586914
26027,LOF,0.022503670140686403,0.04222873213130727,0.9352675977280063
26028,LOF,0.09217241740081197,0.19073441468103886,0.7170931679181491
26029,LOF,0.023923181971670225,0.17819294295542132,0.7978838750729084
26030,LOF,0.1247668302458358,0.027802403205172452,0.8474307665489917
26031,LOF,0.009753420612468606,0.15277571390452252,0.8374708654830089
26032,LOF,0.03488871727790247,0.04864976018793466,0.9164615225341629
26033,LOF,0.03811364656433314,0.04911048884281766,0.9127758645928493
26034,LOF,0.01573534595957846,0.12777536686013688,0.8564892871802846
26035,LOF,0.01241818599141645,0.1199508086815372,0.8676310053270463
26036,LOF,0.011836403084233218,0.10527714062297037,0.8828864562927965
26037,LOF,0.010877848699530877,0.10894696423654388,0.8801751870639253
26038,LOF,0.02972998314849584,0.04364396268910373,0.9266260541624005
26039,LOF,0.03695271957987568,0.13830318689859628,0.824744093521528
26040,LOF,0.07678186110140504,0.12226533689780729,0.8009528020007877
26041,LOF,0.014201948714376994,0.10941708111066324,0.8763809701749598
26042,LOF,0.013762956741682979,0.11398799509789716,0.8722490481604199
26043,LOF,0.029003430253449553,0.06556577457242022,0.9054307951741304
26044,LOF,0.009151039688571849,0.050477264076101855,0.9403716962353262
26045,LOF,0.07974198882481799,0.13550061347024037,0.7847573977049417
26046,LOF,0.026607890522608854,0.04892505511968533,0.9244670543577058
26047,LOF,0.0519207694490818,0.04771108751355021,0.900368143037368
26048,LOF,0.08038245414733933,0.021577853011175114,0.8980396928414855
26049,Neutral,0.9395466286451546,0.008123985429375811,0.052329385925469596
26050,Neutral,0.908482933243544,0.00893238684791931,0.08258467990853663
26051,LOF,0.025945902763241022,0.06570733253086547,0.9083467647058935
26052,LOF,0.032494071473112576,0.06053736185366231,0.906968566673225
26053,LOF,0.02410477425146084,0.12702394109983647,0.8488712846487028
26054,LOF,0.04773344517042827,0.03622268681665087,0.9160438680129208
26055,LOF,0.07222850207353772,0.03533616969676066,0.8924353282297017
26056,LOF,0.05978244086481455,0.04241356521789199,0.8978039939172935
26057,LOF,0.06010741407311088,0.019368777924149694,0.9205238080027395
26058,LOF,0.06480539093409159,0.015137083491673224,0.9200575255742353
26059,LOF,0.20760515114794012,0.03636530906159798,0.756029539790462
26060,LOF,0.024940454512922802,0.15534381750293938,0.8197157279841377
26061,LOF,0.012972949226223737,0.011890460090085906,0.9751365906836903
26062,LOF,0.007114873608035151,0.017610434103608873,0.975274692288356
26063,LOF,0.04032496661070551,0.015403942026333686,0.9442710913629608
26064,LOF,0.014687581056315128,0.020543607648004374,0.9647688112956806
26065,LOF,0.05382314415420263,0.019204044212167405,0.92697281163363
26066,LOF,0.042301069585345685,0.015493695297820567,0.9422052351168337
26067,LOF,0.04445254770938951,0.01517868811883692,0.9403687641717736
26068,LOF,0.05644776844232002,0.050490016384027885,0.8930622151736521
26069,LOF,0.2852337288183568,0.034623932939720506,0.6801423382419227
26070,Neutral,0.5412007899088837,0.025668209602108263,0.43313100048900816
26071,LOF,0.045672267686397414,0.017744351380096755,0.9365833809335059
26072,LOF,0.008659786022948255,0.024085797283585637,0.9672544166934661
26073,LOF,0.03770488496427009,0.020398409003998166,0.9418967060317317
26074,Neutral,0.8633000758165073,0.013807989079884451,0.12289193510360816
26075,LOF,0.05801914425627247,0.02867846145336283,0.9133023942903646
26076,LOF,0.053576923193343895,0.01566720982149617,0.93075586698516
26077,LOF,0.16242569143689584,0.0086930846667687,0.8288812238963353
26078,LOF,0.0077275222628556866,0.018997037151356262,0.973275440585788
26079,LOF,0.06517781526641961,0.027184024527687093,0.9076381602058934
26080,LOF,0.06454467905230322,0.027285205170332914,0.908170115777364
26081,LOF,0.033761736352601934,0.012191959833007353,0.9540463038143907
26082,LOF,0.0064816937653209,0.02058238353410902,0.97293592270057
26083,LOF,0.10682837740378706,0.029571758036429273,0.8635998645597837
26084,LOF,0.1175528118437649,0.02201686600488428,0.8604303221513508
26085,LOF,0.10008395881369804,0.018211791775947783,0.8817042494103541
26086,LOF,0.04122463477171367,0.016779922643737,0.9419954425845493
26087,LOF,0.038274268304379896,0.014078979159329036,0.9476467525362909
26088,LOF,0.007815469927807106,0.025076170506750862,0.9671083595654419
26089,LOF,0.04455835157213367,0.043617861958742545,0.9118237864691239
26090,LOF,0.04475792755824698,0.03497432058731341,0.9202677518544395
26091,LOF,0.0286247994433214,0.011493395269450573,0.9598818052872281
26092,LOF,0.046431970611180935,0.012066583988013007,0.9415014454008062
26093,LOF,0.08724560669632594,0.008506526643931924,0.9042478666597421
26094,LOF,0.03371111064544669,0.011214482127711981,0.9550744072268414
26095,LOF,0.02073371377649046,0.020831144448627135,0.9584351417748824
26096,LOF,0.21035813622254299,0.005815864385369932,0.7838259993920871
26097,LOF,0.007920582010793981,0.04053454144732824,0.9515448765418778
26098,LOF,0.12476516020540954,0.0225997154934557,0.8526351243011348
26099,LOF,0.03780493861408761,0.025891386338172784,0.9363036750477396
26100,LOF,0.03780493861408761,0.025891386338172784,0.9363036750477396
26101,LOF,0.06480776538328095,0.04454417476456623,0.8906480598521529
26102,LOF,0.03351948694965732,0.026035582573578728,0.940444930476764
26103,Neutral,0.8907407568809989,0.032600504260426044,0.07665873885857515
26104,LOF,0.05984699172356758,0.050088757636236235,0.8900642506401962
26105,LOF,0.27957728619379,0.11475802453180671,0.6056646892744032
26106,LOF,0.29170773097143393,0.05714517470139485,0.6511470943271712
26107,LOF,0.0210171378915804,0.07421342757370676,0.9047694345347129
26108,LOF,0.2752833839763255,0.03990887072138416,0.6848077453022903
26109,LOF,0.07314703431406452,0.030783151627992136,0.8960698140579434
26110,LOF,0.44370152234619925,0.01178112765879561,0.5445173499950051
26111,LOF,0.05808540508862364,0.11739525361938799,0.8245193412919883
26112,LOF,0.054587993201253626,0.011083063316280804,0.9343289434824655
26113,LOF,0.11244700153322755,0.02717850742133472,0.8603744910454376
26114,LOF,0.09376680842972458,0.006855196368439781,0.8993779952018357
26115,LOF,0.015603629372181248,0.04905802465566915,0.9353383459721497
26116,LOF,0.08147828966518385,0.017710220329289764,0.9008114900055265
26117,LOF,0.34133343088757784,0.04049755366802515,0.618169015444397
26118,LOF,0.046320473063873525,0.019869716709326708,0.9338098102267998
26119,LOF,0.0059588881106091,0.11226379845822032,0.8817773134311706
26120,LOF,0.03285778628399134,0.02046524189263181,0.9466769718233768
26121,LOF,0.0032869330567082498,0.17123983126129175,0.825473235682
