feature0,prediction,LoGoFunc_Neutral,LoGoFunc_GOF,LoGoFunc_LOF
25546,Neutral,0.7372435053395877,0.03716411473718667,0.22559237992322564
25547,Neutral,0.5935790985024259,0.07496849842381835,0.33145240307375584
25548,Neutral,0.5513829075195467,0.053199738474442405,0.39541735400601097
25549,Neutral,0.4772700303988386,0.053294051048596934,0.46943591855256445
25550,LOF,0.33008136699018564,0.10607569736480812,0.5638429356450062
25551,LOF,0.2815852541310573,0.11124685038863777,0.607167895480305
25552,LOF,0.20368942902432607,0.10697228105346923,0.6893382899222048
25553,Neutral,0.8266964890594586,0.032569985038750034,0.1407335259017913
25554,LOF,0.22855092029601567,0.0988721533523966,0.6725769263515877
25555,LOF,0.18858201961809717,0.08616805129741409,0.7252499290844886
25556,LOF,0.3757904202427255,0.0881719692502943,0.5360376105069802
25557,LOF,0.18372645813601715,0.09075528476412405,0.7255182570998588
25558,LOF,0.219571298701566,0.1005049693368245,0.6799237319616095
25559,LOF,0.37135900633197877,0.10696363593590814,0.5216773577321131
25560,LOF,0.05041190906542238,0.15372597806528132,0.7958621128692963
25561,LOF,0.1064567979384724,0.16965895333210082,0.7238842487294267
25562,LOF,0.10928020088266792,0.07051326692396541,0.8202065321933666
25563,LOF,0.10290500323632563,0.07807011037411933,0.819024886389555
25564,LOF,0.18439318774112032,0.15631372535123048,0.6592930869076492
25565,LOF,0.14891689172393352,0.1281304031028314,0.7229527051732351
25566,GOF,0.016573328556629047,0.7329616679269407,0.2504650035164302
25567,LOF,0.013310989454825176,0.16027072232136638,0.8264182882238084
25568,LOF,0.05497808248823126,0.07052403685427508,0.8744978806574936
25569,LOF,0.06561743860197004,0.07507466508051908,0.8593078963175109
25570,LOF,0.059535704019241506,0.11739731697158835,0.8230669790091701
25571,LOF,0.054924397197419914,0.10672128351552693,0.8383543192870532
25572,LOF,0.061492380457002616,0.14242919737316093,0.7960784221698365
25573,LOF,0.026849721865382176,0.10048250264404107,0.8726677754905767
25574,LOF,0.015278312103239527,0.16914157647319955,0.8155801114235609
25575,LOF,0.04403013787392886,0.12684290966746845,0.8291269524586027
25576,LOF,0.018104299364819932,0.13760764850034227,0.8442880521348377
25577,LOF,0.013366101214754181,0.1470142612057718,0.839619637579474
25578,LOF,0.24514884387348718,0.0973674231114996,0.6574837330150132
25579,LOF,0.24573128939485706,0.09653764754316431,0.6577310630619786
25580,LOF,0.030898609611091213,0.09005794815481818,0.8790434422340906
25581,LOF,0.056944670925420965,0.07638276399222775,0.8666725650823514
25582,LOF,0.05675295598051102,0.07388463657311145,0.8693624074463776
25583,LOF,0.046184090747565805,0.10337484701896162,0.8504410622334727
25584,Neutral,0.4750228271889701,0.10561160930535196,0.419365563505678
25585,LOF,0.03196992426119227,0.11371860247739894,0.8543114732614088
25586,LOF,0.030511409323427836,0.0914620808742791,0.878026509802293
25587,LOF,0.029794202477357267,0.08592422761296681,0.884281569909676
25588,LOF,0.03104234037725603,0.1067230606053779,0.862234599017366
25589,Neutral,0.5845064068028959,0.14873593459350246,0.2667576586036016
25590,LOF,0.026388062047812643,0.1364572482448232,0.8371546897073643
25591,LOF,0.11004483320404317,0.06376069524361463,0.8261944715523422
25592,LOF,0.0840182659314972,0.1535892730699314,0.7623924609985714
25593,LOF,0.020703203988328957,0.28719131855175656,0.6921054774599145
25594,LOF,0.03464721958917466,0.21896718552871847,0.7463855948821068
25595,LOF,0.052121241398684785,0.17451886436717495,0.7733598942341404
25596,LOF,0.05917385978099844,0.09530001617460476,0.8455261240443968
25597,LOF,0.04641459508460172,0.10269210358230185,0.8508933013330965
25598,LOF,0.047516859973310274,0.18836086332098265,0.764122276705707
25599,GOF,0.009797288828669348,0.7839654421916611,0.20623726897966957
25600,GOF,0.013348553532013214,0.569194366586685,0.4174570798813018
25601,LOF,0.007458365780730431,0.4948032224615875,0.49773841175768213
25602,LOF,0.024825830444774637,0.05368009476724194,0.9214940747879835
25603,LOF,0.052020565131823945,0.03819031974603979,0.9097891151221363
25604,LOF,0.05330077263111103,0.03718212468363524,0.9095171026852538
25605,LOF,0.013045566576402216,0.2648040332119995,0.7221504002115983
25606,LOF,0.08065384807539495,0.43757715922561824,0.4817689926989867
25607,LOF,0.004899824983108142,0.1836287837390287,0.8114713912778632
25608,LOF,0.059824013645588,0.05158878846022263,0.8885871978941895
25609,LOF,0.035264404779165225,0.4012627168319242,0.5634728783889106
25610,LOF,0.03869481373250551,0.03579976428630545,0.9255054219811891
25611,LOF,0.039779328943013975,0.03190576341375174,0.9283149076432343
25612,LOF,0.10427880286606615,0.0528790706968273,0.8428421264371065
25613,LOF,0.08682073758798076,0.05100499306301155,0.8621742693490076
25614,LOF,0.028291969803426135,0.047546173430264974,0.9241618567663089
25615,LOF,0.046741386108860764,0.04329538963687545,0.9099632242542637
25616,LOF,0.03013015914576913,0.040972178083544294,0.9288976627706865
25617,LOF,0.027566255440754302,0.047312333974422714,0.9251214105848229
25618,LOF,0.17780833274027166,0.045841083461084835,0.7763505837986434
25619,LOF,0.02852233026662618,0.0408972810811741,0.9305803886521996
25620,LOF,0.03211966719152075,0.05376276330378417,0.914117569504695
25621,LOF,0.027126725664579864,0.04108133780913705,0.931791936526283
25622,LOF,0.029572502879863096,0.0528943837578754,0.9175331133622614
25623,LOF,0.06852547048444627,0.037192043355596886,0.8942824861599569
25624,LOF,0.025052396980670015,0.05334025449213225,0.9216073485271977
25625,LOF,0.030244143701022262,0.058198356033277734,0.9115575002657
25626,LOF,0.07411583822642878,0.04377111213874282,0.8821130496348285
25627,Neutral,0.5542044908123449,0.15077650717430893,0.2950190020133463
25628,LOF,0.1711545748182824,0.07802647161740568,0.7508189535643119
25629,LOF,0.06825490941716716,0.12477161506087563,0.8069734755219572
25630,LOF,0.15727190217259196,0.12154329147703298,0.7211848063503751
25631,Neutral,0.5875951489024285,0.10956749443285077,0.30283735666472084
25632,LOF,0.02290785143506539,0.0744519011364865,0.9026402474284481
25633,LOF,0.21384524289054957,0.0855839627237293,0.7005707943857211
25634,LOF,0.03622126224872373,0.10072801116259296,0.8630507265886832
25635,LOF,0.03348237911190163,0.08979560355206333,0.8767220173360349
25636,GOF,0.005477937489049884,0.6000198032341141,0.39450225927683613
25637,GOF,0.004555074257881795,0.5042226223590477,0.49122230338307055
25638,LOF,0.009967471278964142,0.43245645761827906,0.5575760711027568
25639,LOF,0.005022067891978042,0.40485093338684053,0.5901269987211815
25640,GOF,0.4480543087873896,0.5040144600804851,0.04793123113212527
25641,LOF,0.007073400823767302,0.3756222203662551,0.6173043788099777
25642,LOF,0.25519205374318815,0.08402236658896316,0.6607855796678487
25643,LOF,0.25585029836674505,0.27820371950274086,0.4659459821305141
25644,LOF,0.02031239643458483,0.46012235345425306,0.5195652501111622
25645,LOF,0.021949240848058,0.40330938654397347,0.5747413726079685
25646,LOF,0.0215762551749552,0.23892277643867227,0.7395009683863726
25647,LOF,0.01862640344259899,0.2012407416288986,0.7801328549285024
25648,LOF,0.016268528042212124,0.19503138874327047,0.7887000832145173
25649,LOF,0.01462869647996364,0.15718146060398439,0.8281898429160519
25650,LOF,0.042400964117777544,0.4351338262552435,0.5224652096269791
25651,LOF,0.011227435869181793,0.19429970108532907,0.7944728630454891
25652,LOF,0.020017158710844668,0.20386016251203287,0.7761226787771224
25653,LOF,0.08523308578687033,0.3111805724876327,0.603586341725497
25654,LOF,0.014597812310481649,0.16827162676626772,0.8171305609232506
25655,LOF,0.11296017056230351,0.22873860863870435,0.6583012207989921
25656,LOF,0.057703896857954476,0.04975121756954915,0.8925448855724964
25657,LOF,0.2682941169963963,0.023677582525909614,0.7080283004776942
25658,LOF,0.039976743437382646,0.07290436939524751,0.88711888716737
25659,LOF,0.26360440216025705,0.051731589495264595,0.6846640083444783
25660,LOF,0.07523151588249229,0.1124511582439777,0.81231732587353
25661,LOF,0.051538422390256675,0.07528371682065392,0.8731778607890895
25662,LOF,0.027382924124333297,0.04894444616129982,0.9236726297143669
25663,LOF,0.038565257889358356,0.07550160792276397,0.8859331341878777
25664,LOF,0.03194414318839893,0.09565934575181549,0.8723965110597854
25665,LOF,0.04955973108381341,0.05271304007171167,0.897727228844475
25666,LOF,0.034453764028343624,0.1519743036794595,0.8135719322921969
25667,LOF,0.027447626765221125,0.059813178579383675,0.9127391946553951
25668,LOF,0.03490555212010114,0.06266025944009739,0.9024341884398015
25669,LOF,0.04109520835655275,0.10037748674196906,0.8585273049014781
25670,LOF,0.14163409224513415,0.07219567476717811,0.7861702329876876
25671,LOF,0.036600378170967486,0.05365306238626147,0.9097465594427709
25672,LOF,0.05785125065683616,0.08098728933343098,0.8611614600097329
25673,LOF,0.03900634394039763,0.06892814598190622,0.8920655100776963
25674,LOF,0.02963109618107257,0.0788751269178495,0.891493776901078
25675,LOF,0.03643885891041523,0.06501453206555435,0.8985466090240304
25676,LOF,0.028367515389940267,0.06881453800348326,0.9028179466065764
25677,LOF,0.05500693736783059,0.07002622836968528,0.874966834262484
25678,LOF,0.23989925562925424,0.05390185040511631,0.7061988939656294
25679,LOF,0.15669521523640761,0.07387570100123834,0.7694290837623541
25680,LOF,0.06315730417702287,0.10495303951228445,0.8318896563106928
25681,LOF,0.10997695827861413,0.09739472831012026,0.7926283134112656
25682,LOF,0.042002960239310126,0.08261249895607026,0.8753845408046196
25683,LOF,0.07030577626008054,0.10691923316221619,0.8227749905777032
25684,LOF,0.04765223156492992,0.07751052701424521,0.8748372414208249
25685,LOF,0.12929935957735275,0.03326215841187608,0.8374384820107712
25686,LOF,0.03234562561034984,0.08357813714465871,0.8840762372449915
25687,LOF,0.06326426810474281,0.07553075423344507,0.8612049776618121
25688,LOF,0.023283539084198057,0.1250630265532697,0.8516534343625324
25689,LOF,0.020511934555537792,0.07993208536050117,0.8995559800839611
25690,LOF,0.01910531610399605,0.10724757942342776,0.8736471044725762
25691,LOF,0.1732860289886051,0.16529716828206276,0.6614168027293321
25692,LOF,0.24709184858824806,0.017866958565971428,0.7350411928457805
25693,LOF,0.05656268361760892,0.15217311523687282,0.7912642011455182
25694,LOF,0.2631155605968158,0.01466073021191103,0.7222237091912731
25695,LOF,0.18053776956823947,0.018965614594940075,0.8004966158368205
25696,LOF,0.16684635448385765,0.010458810308687977,0.8226948352074543
25697,LOF,0.13476391679014652,0.0308635866088121,0.8343724966010413
25698,LOF,0.030532947852517516,0.334585585740859,0.6348814664066236
25699,LOF,0.06710348138771773,0.09062357229770324,0.842272946314579
25700,LOF,0.028245256387204456,0.015092906736153242,0.9566618368766422
25701,LOF,0.011600066989480679,0.10200529725406421,0.886394635756455
25702,GOF,0.024330704270012545,0.7548281847279009,0.22084111100208648
25703,LOF,0.01576818045318531,0.20463717490356062,0.779594644643254
25704,LOF,0.08324815415420854,0.18625968233677218,0.7304921635090192
25705,LOF,0.06284073035346525,0.28451316546746336,0.6526461041790714
25706,GOF,0.031662476909071195,0.6182380100640928,0.35009951302683595
25707,GOF,0.024435506567932242,0.6370732625631464,0.3384912308689213
25708,GOF,0.005973484852312517,0.6120075211705371,0.38201899397715033
25709,LOF,0.017684388996803815,0.10441806883165329,0.8778975421715428
25710,LOF,0.006132966269576058,0.21390986577587942,0.7799571679545446
25711,LOF,0.019558338046167623,0.1638753152971248,0.8165663466567076
25712,LOF,0.007149566063049784,0.272196059620226,0.7206543743167242
25713,LOF,0.018568823611696914,0.14339587431312797,0.8380353020751751
25714,LOF,0.0198737934705513,0.18367463308798618,0.7964515734414626
25715,LOF,0.01861216396877068,0.1746657072912967,0.8067221287399327
25716,LOF,0.011897389477104024,0.1494497734081259,0.8386528371147701
25717,LOF,0.0048960172839509495,0.15582599739780126,0.8392779853182478
25718,LOF,0.018099557213137236,0.11980885907354671,0.8620915837133161
25719,LOF,0.034696686102281764,0.12532448308740646,0.8399788308103117
25720,LOF,0.027289700999321587,0.11882546974047356,0.8538848292602049
25721,LOF,0.022460768022931513,0.13080773061399653,0.846731501363072
25722,LOF,0.015230237696306033,0.1760752814989171,0.8086944808047769
25723,LOF,0.021081665521915913,0.1148101642362568,0.8641081702418273
25724,LOF,0.025732537774565748,0.18774333458732184,0.7865241276381124
25725,LOF,0.01996971852349685,0.10740058569166344,0.8726296957848396
25726,LOF,0.015110124478811356,0.14913028914136686,0.8357595863798218
25727,LOF,0.020800047810447652,0.13763549674195763,0.8415644554475947
25728,LOF,0.020217391321758982,0.14003507557022632,0.8397475331080148
25729,LOF,0.019367301419288656,0.15235995580257097,0.8282727427781403
25730,LOF,0.021912621564909956,0.1156926677350347,0.8623947107000552
25731,LOF,0.009176592433740556,0.20634334492046189,0.7844800626457975
25732,LOF,0.017692651958756765,0.13648873491185406,0.8458186131293891
25733,LOF,0.028250388223268058,0.12424624802799981,0.8475033637487321
25734,LOF,0.006309290671212841,0.2569337458414081,0.7367569634873791
25735,LOF,0.019936625949507496,0.10634753719408516,0.8737158368564073
25736,LOF,0.0178243447626571,0.1678280257351021,0.8143476295022407
25737,LOF,0.03680206222992872,0.15203385928972812,0.8111640784803432
25738,LOF,0.018519873230152202,0.20369268473149865,0.777787442038349
25739,LOF,0.020609895479287994,0.18723279937637358,0.7921573051443384
25740,LOF,0.04620702358811928,0.1879132921593115,0.7658796842525692
25741,LOF,0.02498108794141602,0.15295556864523058,0.8220633434133533
25742,LOF,0.04136137987517865,0.15905823051530626,0.7995803896095149
25743,LOF,0.010438469836264454,0.029604667699175087,0.9599568624645605
25744,LOF,0.16344203101911495,0.3082419001817555,0.5283160687991295
25745,LOF,0.030483113442120256,0.12267863281253656,0.8468382537453433
25746,LOF,0.013387930196346749,0.17048643399428665,0.8161256358093666
25747,LOF,0.03335075121772089,0.03440431549681743,0.9322449332854617
25748,LOF,0.26358494226769147,0.06191357936760355,0.674501478364705
25749,LOF,0.01163223022889521,0.09892932680239698,0.8894384429687079
25750,LOF,0.01873318718333822,0.10044317654964277,0.880823636267019
25751,LOF,0.047583071187801675,0.05573543407331147,0.8966814947388869
25752,GOF,0.07578940427959872,0.7260317462821025,0.19817884943829864
25753,LOF,0.007049899772836928,0.3431292830334715,0.6498208171936917
25754,GOF,0.00729522309265431,0.8603078896892697,0.13239688721807585
25755,LOF,0.006754225832596409,0.415634347979494,0.5776114261879097
25756,LOF,0.03048818252521887,0.4246568826825727,0.5448549347922085
25757,GOF,0.006670499544130489,0.8630865310709317,0.1302429693849377
25758,GOF,0.009014855785122343,0.87064433610634,0.12034080810853773
25759,GOF,0.006233273980901898,0.6069052757457604,0.3868614502733378
25760,LOF,0.005557968313431263,0.2885000938380348,0.7059419378485339
25761,GOF,0.057674425447498456,0.8514753908676208,0.09085018368488065
25762,LOF,0.03052228622538453,0.3560343664853776,0.613443347289238
25763,LOF,0.006602007636545249,0.2573932337168067,0.7360047586466479
25764,GOF,0.06552221259690884,0.6354319650670489,0.29904582233604227
25765,GOF,0.009125030987859727,0.8574313764652451,0.13344359254689503
25766,GOF,0.03745294962663139,0.8481608644708555,0.11438618590251316
25767,GOF,0.013569798281960576,0.5410394152247847,0.44539078649325475
25768,LOF,0.04151711139368486,0.06294944713665937,0.8955334414696559
25769,LOF,0.025814293713575635,0.06758915608638554,0.9065965502000387
25770,LOF,0.1499451220778751,0.048671488516689294,0.8013833894054356
25771,LOF,0.014482005044467394,0.04142608694201466,0.9440919080135179
25772,LOF,0.025122391627160148,0.022785817969165914,0.952091790403674
25773,LOF,0.020845884398233393,0.04344803542526411,0.9357060801765025
25774,LOF,0.030795316402037143,0.073698316999843,0.8955063665981199
25775,LOF,0.021572591801846768,0.03000364981739103,0.9484237583807621
25776,LOF,0.02563199696428815,0.019463923899353544,0.9549040791363583
25777,LOF,0.17262409932714576,0.05233277871491517,0.775043121957939
25778,LOF,0.020123137558716458,0.04619047884219421,0.9336863835990893
25779,GOF,0.03226793409314986,0.8932895854690907,0.07444248043775942
25780,GOF,0.0623041157550597,0.8856236587248628,0.05207222552007764
25781,GOF,0.030005275467373593,0.8716770438391421,0.09831768069348433
25782,GOF,0.02658636680312362,0.909900260118724,0.06351337307815244
25783,GOF,0.027482585732285538,0.9252601109356562,0.04725730333205829
25784,GOF,0.07712915121181994,0.8779368791105526,0.04493396967762733
25785,GOF,0.0835686248282291,0.879167953399152,0.03726342177261906
25786,GOF,0.008783451174390527,0.8771343998289087,0.11408214899670066
25787,GOF,0.16894016062922868,0.7850477400032261,0.04601209936754531
25788,LOF,0.015404322803664862,0.18422517031944974,0.8003705068768855
25789,GOF,0.016000870535128595,0.853963571531122,0.13003555793374946
25790,GOF,0.018975045757221,0.8817986573751299,0.09922629686764926
25791,GOF,0.02289281548756192,0.8002566129993305,0.17685057151310749
25792,GOF,0.026335299581847816,0.8238379396450571,0.14982676077309506
25793,GOF,0.06833620988946652,0.8468787465658828,0.0847850435446507
25794,GOF,0.05508728267942391,0.7976013140941064,0.14731140322646968
25795,GOF,0.04525355801744293,0.7659551088069279,0.18879133317562938
25796,GOF,0.08575758383945697,0.8270607580993724,0.08718165806117048
25797,GOF,0.07662505577964308,0.7634987473026394,0.1598761969177175
25798,GOF,0.005388914046440715,0.7684635353002057,0.22614755065335354
25799,GOF,0.004242835205205537,0.7206378173866972,0.2751193474080974
25800,GOF,0.025147441468417565,0.8335342265529966,0.1413183319785859
25801,GOF,0.018513931149691486,0.8956034436179161,0.08588262523239229
25802,GOF,0.02910156127099483,0.8270082500962622,0.143890188632743
25803,GOF,0.018589116820203675,0.7215757352294748,0.2598351479503216
25804,GOF,0.029050905746423963,0.7929245274991819,0.17802456675439424
25805,GOF,0.02372016125441194,0.8065253529876695,0.16975448575791877
25806,GOF,0.023967877888900643,0.802521786839615,0.1735103352714845
25807,GOF,0.008482747785714203,0.765976144749865,0.22554110746442083
25808,GOF,0.015786274029714168,0.7688827190365967,0.21533100693368934
25809,GOF,0.011158576455951577,0.7565062682285628,0.2323351553154856
25810,GOF,0.009189930166222457,0.7491701481835352,0.24163992165024234
25811,GOF,0.04632094274272841,0.8732282586897168,0.08045079856755487
25812,GOF,0.029799358446515756,0.8199099639979571,0.1502906775555271
25813,GOF,0.11347403098677679,0.8160058809674983,0.07052008804572497
25814,GOF,0.030467900234720176,0.8236243864174394,0.14590771334784058
25815,GOF,0.06219778001980103,0.83353188487064,0.10427033510955903
25816,GOF,0.010035271584522854,0.8750984821699678,0.11486624624550926
25817,GOF,0.09274250839717513,0.8195731242983223,0.08768436730450259
25818,GOF,0.023834698735859465,0.8153215655358673,0.16084373572827323
25819,GOF,0.05030482000100073,0.7723236439140574,0.17737153608494188
25820,GOF,0.0322789684933604,0.7363543369462275,0.2313666945604121
25821,GOF,0.0242400261327916,0.764601693189799,0.21115828067740947
25822,GOF,0.04431070627889046,0.7657625926013106,0.18992670111979887
25823,GOF,0.027112422608026997,0.7385393605772046,0.2343482168147683
25824,GOF,0.02510795035648758,0.8010527007926349,0.1738393488508776
25825,GOF,0.02135083693011438,0.7984566408552448,0.18019252221464083
25826,GOF,0.008516206006512794,0.7518607097378444,0.23962308425564274
25827,GOF,0.012242932962750629,0.7149542063516539,0.27280286068559545
25828,GOF,0.010038792736998205,0.7520415269398342,0.23791968032316757
25829,GOF,0.004277789942704053,0.7091284565982258,0.2865937534590702
25830,GOF,0.03277315010666789,0.5107666327195438,0.45646021717378826
25831,GOF,0.052337232646943975,0.792783981580059,0.1548787857729969
25832,GOF,0.009605359876989402,0.7705685613992214,0.21982607872378926
25833,GOF,0.034525028701719175,0.8276933933523949,0.13778157794588575
25834,GOF,0.010575101845579212,0.7819713408677009,0.20745355728671988
25835,GOF,0.023906819465692966,0.8531352645577086,0.12295791597659844
25836,GOF,0.0064153158414267135,0.7851848748565882,0.20839980930198512
25837,GOF,0.00808480219938845,0.7900923269871828,0.20182287081342873
25838,GOF,0.020095551264812224,0.8456071320578838,0.13429731667730402
25839,GOF,0.04981842284223231,0.8079628817677987,0.142218695389969
25840,GOF,0.07615207884103115,0.807342132234318,0.11650578892465085
25841,GOF,0.08061701940677445,0.8232066494387715,0.0961763311544538
25842,GOF,0.027430067320328457,0.8904969459027393,0.08207298677693232
25843,GOF,0.02367550907501471,0.8949221247810665,0.08140236614391867
25844,GOF,0.017451494222845754,0.8553793153390502,0.12716919043810396
25845,GOF,0.006383263903369653,0.7674633486639298,0.22615338743270033
25846,GOF,0.07512326102584556,0.8268514664409293,0.09802527253322522
25847,GOF,0.014849478395990627,0.8919570700760732,0.09319345152793625
25848,GOF,0.022710893720874183,0.856648960854383,0.12064014542474279
25849,GOF,0.007543069161136242,0.8384607156531334,0.15399621518573042
25850,GOF,0.006268639541224791,0.7393745550194519,0.25435680543932326
25851,GOF,0.005944395821441389,0.6919426959699926,0.3021129082085661
25852,GOF,0.13903765170928328,0.5679835650053137,0.292978783285403
25853,GOF,0.06770912643480931,0.8189495405950112,0.11334133297017956
25854,GOF,0.005595066413198942,0.7183470198220473,0.2760579137647539
25855,GOF,0.02505354072141707,0.7066174208776582,0.26832903840092465
25856,GOF,0.042841428207669945,0.7748023745525386,0.18235619723979146
25857,GOF,0.024459675998946714,0.7085744026147281,0.26696592138632513
25858,GOF,0.010858225361416415,0.731507966408291,0.2576338082302926
25859,GOF,0.007846687519320704,0.7170553469927272,0.2750979654879521
25860,GOF,0.07763830338982622,0.8028964809954466,0.11946521561472723
25861,GOF,0.09010549603622611,0.8065002679665821,0.1033942359971918
25862,GOF,0.02196458339755739,0.8990675470472506,0.07896786955519206
25863,GOF,0.025042828493396976,0.8902284809675489,0.08472869053905402
25864,GOF,0.07461322096191837,0.875834814290993,0.049551964747088645
25865,GOF,0.04766405482554531,0.8605888260814548,0.09174711909299992
25866,GOF,0.028538165686034726,0.8864876475029982,0.084974186810967
25867,GOF,0.045347916869048294,0.8785852788418287,0.07606680428912296
25868,GOF,0.06321327392747303,0.8246414732824757,0.11214525279005118
25869,GOF,0.3696571055314639,0.5423095680356324,0.08803332643290376
25870,GOF,0.05948054712575822,0.6027118021416764,0.33780765073256536
25871,GOF,0.010698683242834867,0.8612541958919676,0.12804712086519734
25872,GOF,0.020470345440598767,0.8581415759439698,0.12138807861543142
25873,GOF,0.020647756718130853,0.890214604076553,0.08913763920531605
25874,LOF,0.01575360591254469,0.21214297270600072,0.7721034213814547
25875,LOF,0.03418439304017782,0.05417356040944542,0.9116420465503768
25876,LOF,0.01842774354171175,0.04020391877668417,0.9413683376816041
25877,LOF,0.123250808402664,0.08194388145599765,0.7948053101413385
25878,LOF,0.09274659843902715,0.137936828323769,0.7693165732372038
25879,LOF,0.017098056579640607,0.092198098523381,0.8907038448969785
25880,LOF,0.06462317180162302,0.016780740994421284,0.9185960872039558
25881,Neutral,0.4855092392037863,0.07205946491993778,0.4424312958762759
25882,LOF,0.05821231127295225,0.025185195484398373,0.9166024932426494
25883,LOF,0.026821476503081608,0.030631655562671847,0.9425468679342467
25884,LOF,0.014261614114731088,0.05398874187232241,0.9317496440129466
25885,LOF,0.182924666928381,0.012656125683943158,0.8044192073876758
25886,LOF,0.2648883646104648,0.060882766230797886,0.6742288691587374
25887,LOF,0.12648667801857882,0.09107189432442243,0.7824414276569988
25888,LOF,0.00854396785860431,0.12141005185210088,0.8700459802892948
25889,LOF,0.01993579259247964,0.040438993527016694,0.9396252138805037
25890,LOF,0.1924226019047026,0.06800552379673441,0.739571874298563
25891,LOF,0.12606958964710382,0.023198663493049613,0.8507317468598465
25892,LOF,0.010329120279609968,0.036502310798036376,0.9531685689223536
25893,LOF,0.37169182885024005,0.01039804136746823,0.6179101297822917
25894,LOF,0.4009007153324788,0.007601597577448731,0.5914976870900726
25895,LOF,0.3679725898111579,0.014088864508064262,0.6179385456807779
25896,LOF,0.06847146273072445,0.031329219436243796,0.9001993178330319
25897,LOF,0.159635760104541,0.0113628223338344,0.8290014175616247
25898,LOF,0.1358115264858977,0.03999828170107841,0.8241901918130239
25899,LOF,0.42749197875456285,0.03174311158003831,0.5407649096653988
25900,Neutral,0.5016385215422708,0.009486658448990413,0.4888748200087387
25901,LOF,0.06468709411582581,0.013005780702815928,0.9223071251813583
25902,LOF,0.17399111203594542,0.01573667880441913,0.8102722091596355
25903,LOF,0.33149250641898986,0.027748665927042244,0.6407588276539679
25904,Neutral,0.5016180755980711,0.051185712082714746,0.4471962123192141
25905,LOF,0.006248871583374424,0.43452891605764615,0.5592222123589795
25906,LOF,0.007572910266852309,0.07886109724466074,0.9135659924884869
25907,LOF,0.007141395868500495,0.2832667918187566,0.7095918123127429
25908,LOF,0.0065934694250133815,0.2776327870870132,0.7157737434879735
25909,LOF,0.027288628313265558,0.11290084837806329,0.8598105233086711
25910,LOF,0.011725821981458858,0.13896315902080636,0.8493110189977349
25911,LOF,0.20514289994270998,0.02593074835078542,0.7689263517065047
25912,LOF,0.10943485310374691,0.0217249575943903,0.8688401893018628
25913,LOF,0.022061075839670638,0.03210645424590145,0.9458324699144278
25914,LOF,0.03733908560382795,0.029193810315182107,0.9334671040809899
25915,LOF,0.19020032927834146,0.11713090767956137,0.6926687630420971
25916,LOF,0.024633475003421196,0.058918579668962384,0.9164479453276163
25917,LOF,0.07461732069197251,0.02612117898501445,0.899261500323013
25918,LOF,0.04015331267135359,0.01468092561030912,0.9451657617183374
25919,LOF,0.03675774580945911,0.014325858786070619,0.9489163954044704
25920,Neutral,0.37796186511995494,0.25922552238571206,0.36281261249433294
25921,LOF,0.015489012724803668,0.017545997536359995,0.9669649897388364
25922,LOF,0.017927539598721294,0.017601185773635196,0.9644712746276435
25923,LOF,0.45478179500261484,0.014146811653939028,0.5310713933434461
25924,LOF,0.027574263055216403,0.023796806501499946,0.9486289304432837
25925,LOF,0.09689252345672936,0.025535001217363906,0.8775724753259068
25926,LOF,0.07906834474485526,0.02156254970983931,0.8993691055453055
25927,LOF,0.023416948897964376,0.04533906372102935,0.9312439873810063
25928,LOF,0.010999347934319033,0.0282564452756345,0.9607442067900465
25929,Neutral,0.5752658633111093,0.013740372722770414,0.41099376396612036
25930,LOF,0.08455789811453404,0.013888951426864632,0.9015531504586014
25931,LOF,0.013852544864608978,0.017995401593765174,0.9681520535416259
25932,LOF,0.06626875793791634,0.019248412155449344,0.9144828299066342
25933,LOF,0.06386658886540014,0.010430890328867395,0.9257025208057325
25934,LOF,0.05906611522407293,0.008802122780378405,0.9321317619955487
25935,LOF,0.091583648816616,0.028600060292024512,0.8798162908913594
25936,LOF,0.11525900599269011,0.009541402451895694,0.8751995915554143
25937,LOF,0.021707232583141476,0.01479514768988338,0.9634976197269751
25938,LOF,0.09453294190012622,0.025346437521514838,0.8801206205783588
25939,LOF,0.05504404127199173,0.01306533042118267,0.9318906283068256
25940,LOF,0.008449289432409786,0.46794948886764837,0.5236012216999418
25941,LOF,0.4570565046667467,0.045444604478044597,0.49749889085520865
25942,LOF,0.010650457664318592,0.04527451652570601,0.9440750258099754
25943,LOF,0.043060496363451994,0.15534776394915747,0.8015917396873905
25944,LOF,0.039909059902612606,0.0694261767782866,0.8906647633191007
25945,LOF,0.1218828457654324,0.02748274595906266,0.8506344082755048
25946,LOF,0.06989844492970433,0.03671558514141233,0.8933859699288833
25947,Neutral,0.5196286845444316,0.08295047279602925,0.3974208426595392
25948,LOF,0.3910084914089453,0.01741892642586976,0.591572582165185
25949,LOF,0.17968725545062791,0.08114807930833558,0.7391646652410366
25950,GOF,0.0924122960403101,0.5627672217180366,0.3448204822416533
25951,LOF,0.015844097066794828,0.4425619235774501,0.541593979355755
25952,LOF,0.24426368253467087,0.20588029456325366,0.5498560229020754
25953,LOF,0.009331083693051065,0.25674249358214934,0.7339264227247996
25954,LOF,0.09310901927518028,0.3869027117357634,0.5199882689890564
25955,LOF,0.008266145502059643,0.24972208114478067,0.7420117733531597
25956,LOF,0.01605594465052208,0.31697276122507806,0.6669712941243998
25957,LOF,0.17386659776853655,0.030935518986089944,0.7951978832453735
25958,LOF,0.028240710330411,0.05896905330356624,0.9127902363660229
25959,GOF,0.006766282636840571,0.7437779286827516,0.2494557886804078
25960,LOF,0.004971855310276419,0.11266905593226284,0.8823590887574607
25961,LOF,0.02725297014471308,0.0488486265679528,0.9238984032873342
25962,LOF,0.04738817227351304,0.07246266926666858,0.8801491584598184
25963,LOF,0.006732889020587963,0.1467581490549487,0.8465089619244633
25964,LOF,0.026976282833664458,0.14435713474531447,0.8286665824210211
25965,LOF,0.28355777705172647,0.15172867217775363,0.56471355077052
25966,LOF,0.3386915265682214,0.11323015157352893,0.5480783218582497
25967,LOF,0.007383979901606818,0.07746570294407307,0.9151503171543202
25968,LOF,0.042571549604115834,0.23429565830496785,0.7231327920909163
25969,LOF,0.16721975098460978,0.056740234273446474,0.7760400147419437
25970,LOF,0.07584243077886248,0.0713373261215324,0.8528202430996052
25971,LOF,0.0872683692636034,0.031467562275541,0.8812640684608557
25972,LOF,0.07949973662428796,0.06143226464786414,0.859067998727848
25973,LOF,0.0697675326913967,0.010664899072245984,0.9195675682363573
25974,LOF,0.040963576349202876,0.04115483821621571,0.9178815854345814
25975,LOF,0.03950407290444376,0.021617710892804374,0.9388782162027519
25976,LOF,0.08385115129438109,0.01255006507003431,0.9035987836355847
25977,LOF,0.2562319088952028,0.053584201168129404,0.6901838899366678
25978,LOF,0.1587619332772493,0.11564116598513685,0.7255969007376138
25979,LOF,0.1350822830780986,0.13799473069354756,0.7269229862283538
25980,LOF,0.2081345728458245,0.19639245454169735,0.5954729726124782
25981,LOF,0.2096085384178789,0.19955669113907643,0.5908347704430446
25982,LOF,0.4023928408040573,0.08884358169313479,0.5087635775028079
25983,LOF,0.4155360017148993,0.11703059676888004,0.46743340151622076
25984,LOF,0.04907092442074528,0.08761361568387359,0.8633154598953812
25985,Neutral,0.5045673278877009,0.10648617578499277,0.3889464963273064
25986,LOF,0.011518329362617553,0.43968062612438613,0.5488010445129963
25987,LOF,0.03874670341055752,0.09535939265238663,0.8658939039370559
25988,LOF,0.04381296285916905,0.148253753862475,0.807933283278356
25989,LOF,0.05599114048404509,0.2002797640905027,0.7437290954254523
25990,LOF,0.04473553521934188,0.32588399289865094,0.6293804718820072
25991,LOF,0.028289576678280123,0.44782413012130406,0.5238862932004158
25992,LOF,0.019771814559812303,0.3890264171406709,0.5912017682995168
25993,LOF,0.027318389727351924,0.061617411098012706,0.9110641991746353
25994,LOF,0.02199516542044954,0.06708822082936748,0.910916613750183
25995,LOF,0.020196627641621317,0.11637090362678099,0.8634324687315978
25996,Neutral,0.3791056555250911,0.36293684625767214,0.2579574982172368
25997,LOF,0.06302114136635421,0.43465411933784637,0.5023247392957995
25998,LOF,0.2654896197473614,0.04308693778162972,0.6914234424710087
25999,LOF,0.04198572098458663,0.10975143843350108,0.8482628405819123
26000,LOF,0.15445808341531,0.014357009995099965,0.83118490658959
26001,LOF,0.23434671373292532,0.019036513002011046,0.7466167732650636
26002,LOF,0.1284119044367636,0.023816316164488652,0.8477717793987477
26003,GOF,0.006507367236637214,0.6179829841697887,0.37550964859357405
26004,GOF,0.012672243797215849,0.6193303724643259,0.36799738373845825
26005,LOF,0.004641827618172794,0.4620420493230265,0.5333161230588006
26006,GOF,0.07472913022618646,0.5102978330872251,0.41497303668658836
26007,LOF,0.009202212526113224,0.48546839106031425,0.5053293964135724
26008,GOF,0.0049247150378504195,0.5833967533972049,0.41167853156494477
26009,GOF,0.008925272214290089,0.6191646533668571,0.37191007441885293
26010,GOF,0.007566723062300904,0.5650028333366666,0.42743044360103255
26011,LOF,0.0036442466206268696,0.41478719176952883,0.5815685616098443
26012,GOF,0.004124830233547286,0.5521106191112543,0.4437645506551985
26013,GOF,0.008676404563578896,0.5379546406400864,0.45336895479633477
26014,LOF,0.06886293937795931,0.07682973680311841,0.8543073238189223
26015,LOF,0.31870000356635375,0.02387349103021434,0.657426505403432
26016,LOF,0.26134373417285783,0.03431867020879819,0.7043375956183441
26017,LOF,0.012295351098599916,0.14589127028478363,0.8418133786166164
26018,LOF,0.023835749034498747,0.07901464275876549,0.8971496082067358
26019,LOF,0.023932988051372055,0.06679402044096822,0.9092729915076597
26020,LOF,0.007964961507818493,0.15536574506132603,0.8366692934308554
26021,LOF,0.07468124534965728,0.06677119425002831,0.8585475604003144
26022,LOF,0.03960912508643126,0.029398021155621776,0.930992853757947
26023,LOF,0.019584100269650496,0.04893792921590515,0.9314779705144444
26024,LOF,0.05203962626379301,0.056027400940140734,0.8919329727960662
26025,LOF,0.12126072729639348,0.05638731880441647,0.82235195389919
26026,LOF,0.10783720928410356,0.04287195900325345,0.8492908317126431
26027,LOF,0.024664352005601162,0.03109648866333592,0.9442391593310628
26028,LOF,0.07594870002391604,0.17666649213141467,0.7473848078446693
26029,LOF,0.02314799959086257,0.1536881856899819,0.8231638147191556
26030,LOF,0.13265659328918064,0.022084150039560192,0.8452592566712591
26031,LOF,0.010202010228058868,0.1317285714811619,0.8580694182907792
26032,LOF,0.036847098359476506,0.044208195916030056,0.9189447057244934
26033,LOF,0.03986103456218076,0.04065101645401675,0.9194879489838024
26034,LOF,0.0146335936168075,0.10589062411673866,0.8794757822664538
26035,LOF,0.011318924291655983,0.09610548765758899,0.8925755880507551
26036,LOF,0.010862272506210314,0.08158263194510819,0.9075550955486815
26037,LOF,0.010497085934248255,0.08997816928512059,0.8995247447806313
26038,LOF,0.030749913413616492,0.03894010437228046,0.9303099822141031
26039,LOF,0.03158682316470248,0.11563429800011567,0.8527788788351818
26040,LOF,0.08187760904704112,0.11075655276323343,0.8073658381897254
26041,LOF,0.013044218853038705,0.08745969344411679,0.8994960877028444
26042,LOF,0.012045814971049463,0.08993924728620376,0.8980149377427468
26043,LOF,0.030370697974641054,0.06106558130419047,0.9085637207211684
26044,LOF,0.008746398799050755,0.03954307797089888,0.9517105232300503
26045,LOF,0.07729246817842295,0.12037856831920682,0.8023289635023703
26046,LOF,0.02657705609613901,0.0430107997932497,0.9304121441106112
26047,LOF,0.05673762887400336,0.04208719640923501,0.9011751747167616
26048,LOF,0.08328100926259463,0.01742770254755149,0.8992912881898538
26049,Neutral,0.9345629441039277,0.00663814474786868,0.05879891114820353
26050,Neutral,0.8995671472893856,0.007008936787334784,0.09342391592327959
26051,LOF,0.028533090833043145,0.0757583425034161,0.8957085666635408
26052,LOF,0.031384244748872026,0.0609284867545779,0.9076872684965501
26053,LOF,0.021416650049908968,0.14702806713383149,0.8315552828162597
26054,LOF,0.04881365520370197,0.03780333295553716,0.9133830118407608
26055,LOF,0.07386345352468639,0.032888893076367894,0.8932476533989456
26056,LOF,0.061406400586306885,0.042197733779132905,0.8963958656345602
26057,LOF,0.05178139810573359,0.023445376372188888,0.9247732255220775
26058,LOF,0.05636326166894148,0.018209946133879995,0.9254267921971785
26059,LOF,0.2116944833014738,0.04083664983193388,0.7474688668665923
26060,LOF,0.0189618335861356,0.17598607232038435,0.8050520940934801
26061,LOF,0.011533437062912022,0.013549357129033296,0.9749172058080546
26062,LOF,0.0060174398598372425,0.018781435510789635,0.9752011246293731
26063,LOF,0.03608250361244158,0.016771955409857642,0.9471455409777009
26064,LOF,0.012134943915361145,0.024050056255049513,0.9638149998295893
26065,LOF,0.04698274422958115,0.021411786018983168,0.9316054697514358
26066,LOF,0.033257334170437323,0.016088727770726254,0.9506539380588364
26067,LOF,0.03801316705720552,0.014996749287387527,0.9469900836554069
26068,LOF,0.04741978852767883,0.04993174785356442,0.9026484636187567
26069,LOF,0.2397413555141726,0.03272995056575387,0.7275286939200735
26070,LOF,0.4722007795702253,0.023270915351607,0.5045283050781676
26071,LOF,0.03956732828386639,0.01830185134539102,0.9421308203707426
26072,LOF,0.007240521332956285,0.024160387031429174,0.9685990916356145
26073,LOF,0.032720346693880735,0.021037511622655332,0.946242141683464
26074,Neutral,0.8441704151693024,0.012918409349815503,0.14291117548088209
26075,LOF,0.04896486528654541,0.02853061011657138,0.9225045245968833
26076,LOF,0.044410906342950834,0.0169294390521397,0.9386596546049094
26077,LOF,0.15056247887841304,0.00974985316671733,0.8396876679548697
26078,LOF,0.006564280266577095,0.020714141969176432,0.9727215777642465
26079,LOF,0.057624133349569076,0.027527873524346227,0.9148479931260847
26080,LOF,0.057147938835126776,0.02759667556831664,0.9152553855965567
26081,LOF,0.02976560947871233,0.013219365692170559,0.9570150248291172
26082,LOF,0.005702856637137352,0.025101060806082154,0.9691960825567805
26083,LOF,0.1028078144402744,0.030293493314591857,0.8668986922451336
26084,LOF,0.09325079286094372,0.028563062579725233,0.8781861445593312
26085,LOF,0.07952569845067928,0.023523077311890295,0.8969512242374305
26086,LOF,0.03393069468717303,0.02038459559956969,0.9456847097132572
26087,LOF,0.03087769219890174,0.01701616071798485,0.9521061470831134
26088,LOF,0.0068216120554043585,0.035029308292020105,0.9581490796525755
26089,LOF,0.04183490951326069,0.04405562982400579,0.9141094606627336
26090,LOF,0.04209001885126802,0.03507759991633827,0.9228323812323938
26091,LOF,0.024076536591390422,0.01202780748210534,0.9638956559265043
26092,LOF,0.04286768782844471,0.013344967584848865,0.9437873445867064
26093,LOF,0.0726453037103353,0.009238170436943844,0.918116525852721
26094,LOF,0.02852299661415933,0.011337354794579505,0.9601396485912611
26095,LOF,0.019721482474991957,0.022457324815195637,0.9578211927098125
26096,LOF,0.20440056963281628,0.0061757340305120855,0.7894236963366715
26097,LOF,0.006879406282530976,0.049881788190528235,0.9432388055269408
26098,LOF,0.10814443209504486,0.023323961800711314,0.868531606104244
26099,LOF,0.033175459665900714,0.028510512556132236,0.9383140277779671
26100,LOF,0.033175459665900714,0.028510512556132236,0.9383140277779671
26101,LOF,0.054825395337416455,0.04715283091049392,0.8980217737520896
26102,LOF,0.028737689616282553,0.02692540754418292,0.9443369028395346
26103,Neutral,0.8860214016216006,0.033235317358358434,0.08074328102004104
26104,LOF,0.05543878709257096,0.05041064719771209,0.894150565709717
26105,LOF,0.26532917930064603,0.11041352903932884,0.6242572916600252
26106,LOF,0.31936784224999926,0.06597225825915481,0.614659899490846
26107,LOF,0.01975134615654329,0.07160406804179714,0.9086445858016595
26108,LOF,0.262590918911452,0.03976646140078518,0.6976426196877628
26109,LOF,0.07075986899039874,0.035896321013619344,0.8933438099959818
26110,LOF,0.3807482419936724,0.013524783435390573,0.605726974570937
26111,LOF,0.05761611865074008,0.12546373391831195,0.816920147430948
26112,LOF,0.04439679861323171,0.013722905602105146,0.9418802957846633
26113,LOF,0.10287637319045298,0.041131743473285194,0.8559918833362617
26114,LOF,0.09382581825740052,0.006466411078173632,0.8997077706644258
26115,LOF,0.01751032985115541,0.04691068922868906,0.9355789809201556
26116,LOF,0.07852364014949216,0.023355353898754996,0.8981210059517529
26117,LOF,0.3493451186577735,0.04822049690674727,0.6024343844354791
26118,LOF,0.05391894646460936,0.019699962425319673,0.926381091110071
26119,LOF,0.005739260555855652,0.09810043253548172,0.8961603069086627
26120,LOF,0.03630294555236939,0.01993574907312236,0.9437613053745082
26121,LOF,0.0033957395819027006,0.14579927875051785,0.8508049816675795
