feature0,prediction,LoGoFunc_Neutral,LoGoFunc_GOF,LoGoFunc_LOF
25546,Neutral,0.6598518112617578,0.065256825663714,0.2748913630745281
25547,LOF,0.32718619418495787,0.27621734082795063,0.39659646498709156
25548,LOF,0.277887906968888,0.15359174152000268,0.5685203515111094
25549,LOF,0.1926958715671953,0.18650037241287265,0.620803756019932
25550,Neutral,0.6100191395957091,0.06846626294641033,0.32151459745788047
25551,Neutral,0.4748749186193815,0.06566749910474651,0.459457582275872
25552,LOF,0.10513706530398838,0.1536532011590495,0.7412097335369622
25553,Neutral,0.46735163935935176,0.07040488583489087,0.4622434748057575
25554,LOF,0.1406576053486095,0.2238117950446435,0.635530599606747
25555,LOF,0.10477348878836149,0.13660897059213892,0.7586175406194996
25556,LOF,0.16563010926585478,0.17525243112994354,0.6591174596042016
25557,LOF,0.09049385823305661,0.14422337089271792,0.7652827708742255
25558,LOF,0.16460328225642681,0.17230177912342343,0.6630949386201499
25559,Neutral,0.5252171540100585,0.13783098447139122,0.33695186151855033
25560,LOF,0.06050893686635562,0.20987524999578683,0.7296158131378576
25561,LOF,0.09209956788214457,0.22129636316624268,0.6866040689516127
25562,LOF,0.2995284850739995,0.05996537734064094,0.6405061375853596
25563,Neutral,0.5507504213806395,0.045855472649105194,0.4033941059702554
25564,LOF,0.05224604850289132,0.2520893634201106,0.695664588076998
25565,LOF,0.14102808718705476,0.31533198444989957,0.5436399283630456
25566,GOF,0.04053207414659666,0.5242899769525725,0.4351779489008309
25567,LOF,0.3203418679897395,0.08275016568877677,0.5969079663214837
25568,Neutral,0.7038179549236218,0.07302608413672694,0.22315596093965132
25569,Neutral,0.6856485609574064,0.053462919854830426,0.260888519187763
25570,LOF,0.05307622548295594,0.3007880457067603,0.6461357288102837
25571,LOF,0.0591204765378972,0.254108742137103,0.6867707813249998
25572,LOF,0.3358004624387776,0.327436447928496,0.33676308963272633
25573,LOF,0.40354584818635664,0.10392744910085455,0.49252670271278864
25574,GOF,0.07812226523406195,0.5159599524403277,0.4059177823256103
25575,LOF,0.07592471424439672,0.0712722858709074,0.8528029998846958
25576,LOF,0.2961272241902368,0.04746417021361168,0.6564086055961516
25577,LOF,0.40725067629271655,0.0971160199418046,0.49563330376547887
25578,Neutral,0.4419470987800684,0.20277364823807284,0.3552792529818587
25579,Neutral,0.4419470987800684,0.20277364823807284,0.3552792529818587
25580,LOF,0.05006195634834966,0.08583034238373655,0.8641077012679139
25581,Neutral,0.7128845562581178,0.055312131661955075,0.2318033120799271
25582,Neutral,0.7128845562581178,0.055312131661955075,0.2318033120799271
25583,LOF,0.05698425955888269,0.12130058309418838,0.821715157346929
25584,LOF,0.33474884748854394,0.2696393745065769,0.3956117780048791
25585,LOF,0.2866418796535092,0.06973978090577258,0.6436183394407182
25586,LOF,0.06809815746077866,0.12968699293921554,0.8022148496000057
25587,LOF,0.06093833319218543,0.125888937685917,0.8131727291218975
25588,LOF,0.05286849219908066,0.23453369506021865,0.7125978127407007
25589,Neutral,0.6347995790815052,0.20483557855801765,0.16036484236047704
25590,LOF,0.2855973360123664,0.14623726278160767,0.5681654012060259
25591,Neutral,0.6837663301879897,0.07511623953879625,0.24111743027321392
25592,LOF,0.05292153736714097,0.1186958777675801,0.8283825848652788
25593,GOF,0.04463737184533838,0.632152035780481,0.3232105923741806
25594,Neutral,0.7090113149890489,0.047140611578225224,0.243848073432726
25595,Neutral,0.6891387135824151,0.05885288585370342,0.2520084005638816
25596,Neutral,0.5533148924619778,0.11362002650423249,0.3330650810337897
25597,Neutral,0.467357965432045,0.10978138050704202,0.422860654060913
25598,Neutral,0.7453977242639788,0.045657577648127536,0.20894469808789382
25599,GOF,0.06781695268611794,0.6497671469177969,0.28241590039608516
25600,GOF,0.040827477469851395,0.5647362719928459,0.3944362505373027
25601,GOF,0.030105387964349275,0.5105387551272336,0.4593558569084172
25602,LOF,0.42021305943594006,0.05180569675384826,0.5279812438102116
25603,LOF,0.08269597111484642,0.2301215185286452,0.6871825103565083
25604,Neutral,0.48542042928367823,0.14099312259639957,0.37358644811992214
25605,LOF,0.020432962795709053,0.35525820636767885,0.624308830836612
25606,LOF,0.024644019706167367,0.442080926317299,0.5332750539765337
25607,LOF,0.036016047800591075,0.2644551094216559,0.699528842777753
25608,LOF,0.288870314100251,0.22592737577108468,0.48520231012866427
25609,LOF,0.1464015492627243,0.17097927039528113,0.6826191803419946
25610,LOF,0.06908665625462847,0.09245872866324505,0.8384546150821264
25611,LOF,0.04699126142769244,0.21421958308477063,0.7387891554875369
25612,Neutral,0.6580953217451689,0.06641183609170047,0.2754928421631307
25613,Neutral,0.6271866802140272,0.06374082883653638,0.3090724909494364
25614,LOF,0.058099934422571727,0.13981598447111773,0.8020840811063106
25615,LOF,0.3326535503870624,0.09204858915780258,0.5752978604551351
25616,LOF,0.05075552173679732,0.2956942039169499,0.6535502743462528
25617,LOF,0.06253381416338977,0.08945847033261031,0.848007715504
25618,LOF,0.05268922356739146,0.25697585800016415,0.6903349184324443
25619,LOF,0.05610748183975207,0.14314912052064901,0.8007433976395989
25620,LOF,0.056923579371828355,0.19771870467028493,0.7453577159578867
25621,LOF,0.40357398781161935,0.03978036053015405,0.5566456516582265
25622,LOF,0.3826053873619683,0.10914390932715401,0.5082507033108776
25623,Neutral,0.4450972704920902,0.13835404681095578,0.416548682696954
25624,LOF,0.04921909142734431,0.20496347819623056,0.7458174303764251
25625,LOF,0.4061244070050122,0.08386486303622023,0.5100107299587676
25626,Neutral,0.6524018643720606,0.058186941956905186,0.2894111936710342
25627,GOF,0.02657266559595285,0.564659824038424,0.40876751036562314
25628,LOF,0.2969195247792079,0.18222808382220218,0.52085239139859
25629,Neutral,0.691855368218105,0.058297403480353435,0.2498472283015415
25630,LOF,0.05535750714193305,0.28968307647744823,0.6549594163806187
25631,Neutral,0.446518468198529,0.2730802517524232,0.2804012800490479
25632,LOF,0.4019239502414349,0.03759990165680912,0.560476148101756
25633,LOF,0.2732978275503606,0.3533324989271006,0.37336967352253875
25634,Neutral,0.6973894339690534,0.0742368014538307,0.22837376457711592
25635,LOF,0.06521834775387447,0.07848495025274314,0.8562967019933824
25636,GOF,0.07988505810984595,0.6586550133831588,0.26145992850699523
25637,LOF,0.05337968136731351,0.4114757583839379,0.5351445602487487
25638,GOF,0.027865747670340932,0.7089995453902175,0.2631347069394416
25639,LOF,0.051027361976047604,0.3580012643881479,0.5909713736358045
25640,GOF,0.13710959593620092,0.7607957852373266,0.10209461882647242
25641,GOF,0.05670321222431808,0.5881010381481644,0.35519574962751754
25642,Neutral,0.6305963345065144,0.15578074713049242,0.2136229183629932
25643,LOF,0.4057333832147161,0.04256114414663223,0.5517054726386517
25644,GOF,0.0598763626695136,0.6208926438410789,0.3192309934894075
25645,GOF,0.023972915629605573,0.6129626484576743,0.36306443591272
25646,LOF,0.026346258210140402,0.4730151241703854,0.5006386176194743
25647,GOF,0.0433638973885356,0.6411906179902344,0.3154454846212299
25648,GOF,0.045192450201372344,0.779769954376072,0.17503759542255562
25649,GOF,0.03649264430051721,0.6401488190705894,0.32335853662889347
25650,GOF,0.0718233331920276,0.5536667746268888,0.37450989218108355
25651,GOF,0.024624362621946953,0.5449233845533169,0.4304522528247361
25652,LOF,0.03248882572565233,0.40185250620543894,0.5656586680689086
25653,LOF,0.08479366961283201,0.45109864333200966,0.46410768705515826
25654,GOF,0.10166287256757675,0.5901505799593286,0.30818654747309465
25655,GOF,0.046669175415862796,0.7360104263593216,0.21732039822481555
25656,LOF,0.04197560529700247,0.2057300614020407,0.7522943333009569
25657,Neutral,0.6746477885143443,0.03308186396240026,0.2922703475232555
25658,GOF,0.047148832848269276,0.482088066534516,0.47076310061721477
25659,LOF,0.16839007107150056,0.1692071070102751,0.6624028219182244
25660,LOF,0.0961839531495555,0.23849672870315805,0.6653193181472864
25661,LOF,0.08583631894175191,0.0986502170085317,0.8155134640497164
25662,LOF,0.048478747364413266,0.15293157037008814,0.7985896822654985
25663,LOF,0.07908847216171717,0.11004368725143125,0.8108678405868516
25664,LOF,0.25709909489803545,0.12660585676963673,0.6162950483323278
25665,Neutral,0.616070853582685,0.0785484358163489,0.305380710600966
25666,LOF,0.33721129374234965,0.06295425292078605,0.5998344533368642
25667,LOF,0.050082909974394595,0.08162444003410217,0.8682926499915032
25668,LOF,0.050199919541865784,0.09265416479228877,0.8571459156658453
25669,LOF,0.05397973051036394,0.12018118566004944,0.8258390838295866
25670,LOF,0.44123423110106336,0.0852123651585616,0.47355340374037513
25671,LOF,0.05715486593251963,0.24381405411703877,0.6990310799504417
25672,Neutral,0.6297383601591652,0.07995439469872735,0.2903072451421074
25673,LOF,0.24870210467545012,0.14043551947801225,0.6108623758465376
25674,LOF,0.4020170898933086,0.11507465978239445,0.48290825032429696
25675,LOF,0.4017561379425547,0.14814676260813456,0.4500970994493106
25676,LOF,0.04652803625819341,0.1575422859295871,0.7959296778122195
25677,LOF,0.07266368526114059,0.11115094222913177,0.8161853725097277
25678,Neutral,0.5143978662940308,0.09158311756639753,0.39401901613957163
25679,Neutral,0.6054010691383298,0.0934518778011092,0.3011470530605611
25680,LOF,0.10539581017657189,0.18485154932235637,0.7097526405010717
25681,LOF,0.1151835535611378,0.1797152935014884,0.7051011529373737
25682,LOF,0.06890107263160762,0.16695809326448388,0.7641408341039084
25683,LOF,0.4116155932190913,0.13339383792341325,0.45499056885749545
25684,LOF,0.0910299224384174,0.2554472796147388,0.6535227979468439
25685,Neutral,0.48428878141813864,0.15456353078138088,0.36114768780048045
25686,GOF,0.05868255407908383,0.5698073270480104,0.3715101188729058
25687,GOF,0.1061105148656372,0.5133360217348013,0.3805534633995614
25688,LOF,0.027744608211071612,0.426530263531217,0.5457251282577115
25689,LOF,0.03228056178726914,0.3755969153503061,0.5921225228624246
25690,GOF,0.016343587585567556,0.6284462422376439,0.35521017017678846
25691,GOF,0.04816762784048511,0.504707663333221,0.44712470882629374
25692,Neutral,0.4573077674252172,0.12448034221274434,0.41821189036203843
25693,GOF,0.0851474897871197,0.7067986738494961,0.20805383636338418
25694,LOF,0.4189230799992459,0.03151229254368404,0.5495646274570701
25695,LOF,0.22075410288077418,0.09300810944503317,0.6862377876741927
25696,Neutral,0.4388580698272765,0.1343403917546398,0.4268015384180837
25697,Neutral,0.4504270039745312,0.21709536099124066,0.33247763503422806
25698,GOF,0.042793578860811546,0.7629794896219223,0.1942269315172661
25699,GOF,0.04949579952722535,0.6413709953702204,0.30913320510255426
25700,LOF,0.059259773600789024,0.08895491039991905,0.851785315999292
25701,LOF,0.04607872570856109,0.4710557101073476,0.48286556418409116
25702,GOF,0.11746346127973419,0.7259854111871022,0.15655112753316366
25703,LOF,0.4038077811904143,0.03501835320666276,0.5611738656029229
25704,LOF,0.05665511795896899,0.14670575762162902,0.796639124419402
25705,LOF,0.11462221431335998,0.2019597784059439,0.6834180072806961
25706,GOF,0.04463909719572862,0.6063773250004172,0.3489835778038542
25707,LOF,0.02493122368301999,0.40224181474247317,0.5728269615745069
25708,LOF,0.03423968448042579,0.4693763123077727,0.49638400321180143
25709,LOF,0.058246733334623615,0.14544980709969182,0.7963034595656845
25710,Neutral,0.42775660879486416,0.192709382009782,0.3795340091953539
25711,LOF,0.050092016586806835,0.2794733163879273,0.6704346670252659
25712,Neutral,0.6435222360341828,0.0791833989345334,0.2772943650312838
25713,LOF,0.07581621846071461,0.2008230271113911,0.7233607544278942
25714,LOF,0.06053854579925116,0.3451785612132534,0.5942828929874955
25715,LOF,0.0489457403595793,0.3030101960312308,0.6480440636091899
25716,LOF,0.42191825246808407,0.10665518461373812,0.47142656291817786
25717,Neutral,0.5372132449808985,0.1806630454657985,0.282123709553303
25718,LOF,0.059808930494929156,0.1727153467685927,0.767475722736478
25719,LOF,0.05372886646331771,0.24859180513130685,0.6976793284053755
25720,LOF,0.06654427208064163,0.1379772063970206,0.7954785215223377
25721,LOF,0.04425980263247082,0.10000094722896939,0.8557392501385599
25722,LOF,0.061967184633927835,0.11759315850917411,0.8204396568568981
25723,LOF,0.06335419683109135,0.2483345329626556,0.688311270206253
25724,LOF,0.0669700072517336,0.23528243384343164,0.6977475589048348
25725,LOF,0.09201489430926613,0.12638358348856826,0.7816015222021656
25726,LOF,0.0509386818811667,0.14851847268580298,0.8005428454330303
25727,LOF,0.06389581806880369,0.1176961704299018,0.8184080115012945
25728,LOF,0.050361856107397206,0.17338578463556698,0.7762523592570358
25729,LOF,0.051156800029630016,0.16759243203038782,0.7812507679399823
25730,LOF,0.039629758889780015,0.23811836614672505,0.7222518749634949
25731,LOF,0.29572527598803555,0.06955223425972072,0.6347224897522437
25732,LOF,0.0762296911777033,0.07521324511925667,0.8485570637030401
25733,LOF,0.0419440643031341,0.37132086496919603,0.5867350707276698
25734,LOF,0.3283056760063471,0.09421886821505492,0.577475455778598
25735,LOF,0.04281498687028795,0.15389527842497586,0.8032897347047361
25736,LOF,0.04451865713836801,0.25246818904154894,0.7030131538200831
25737,LOF,0.0559863222883855,0.24677458354611057,0.6972390941655039
25738,LOF,0.049933438580614636,0.3135388957628879,0.6365276656564975
25739,LOF,0.047888229314195674,0.29033061851008324,0.6617811521757211
25740,LOF,0.08485764260886641,0.21590107650370643,0.6992412808874271
25741,LOF,0.08489399794204605,0.18956314921312964,0.7255428528448242
25742,LOF,0.09640977100844765,0.28243183457614973,0.6211583944154027
25743,LOF,0.3083281773479498,0.05283234711988029,0.6388394755321698
25744,GOF,0.08061388864070457,0.635634168645233,0.2837519427140624
25745,GOF,0.034768886145623776,0.7431219744076452,0.2221091394467311
25746,GOF,0.04466958476160204,0.7088056938399562,0.2465247213984419
25747,LOF,0.05601267931566735,0.1182890195942318,0.8256983010901008
25748,GOF,0.2595111198318414,0.37963255755568476,0.36085632261247386
25749,GOF,0.03461910874961708,0.6832515472663242,0.2821293439840587
25750,GOF,0.043006543221279815,0.6703680618413781,0.28662539493734224
25751,LOF,0.061459972245019215,0.2599799521614358,0.6785600755935449
25752,LOF,0.2916630800610576,0.3047705090060294,0.4035664109329129
25753,LOF,0.2936104893268625,0.07567242173345566,0.6307170889396818
25754,GOF,0.03260829168365863,0.6996154236128285,0.2677762847035128
25755,LOF,0.2528225445089403,0.18988417278779982,0.5572932827032598
25756,Neutral,0.6752308446408938,0.0655232732970446,0.2592458820620616
25757,GOF,0.047223872872120015,0.6484821299625352,0.30429399716534483
25758,GOF,0.033341885264222146,0.7423303902480195,0.2243277244877583
25759,GOF,0.026465061862948655,0.6037323241911363,0.369802613945915
25760,LOF,0.28128651511895186,0.08243360526468688,0.6362798796163613
25761,GOF,0.02741514029025549,0.6391101052488563,0.3334747544608883
25762,Neutral,0.6973894339690534,0.0742368014538307,0.22837376457711592
25763,LOF,0.31447030292433675,0.07652186707427022,0.609007830001393
25764,GOF,0.26302811409255045,0.4743047559798569,0.26266712992759267
25765,GOF,0.02891367178936983,0.7030104963458426,0.2680758318647875
25766,GOF,0.07770819124600312,0.6365976620923206,0.2856941466616763
25767,GOF,0.03639088859095342,0.7423025130106309,0.22130659839841574
25768,LOF,0.04803887394047864,0.2317007742389757,0.7202603518205457
25769,LOF,0.053242881575897516,0.19696265945788027,0.7497944589662222
25770,Neutral,0.628699764607161,0.06405277328440985,0.3072474621084291
25771,LOF,0.25650651158892607,0.09484457161637819,0.6486489167946957
25772,LOF,0.06455173439983981,0.05501733300709554,0.8804309325930647
25773,LOF,0.43381828823250074,0.07027252759070775,0.49590918417679164
25774,Neutral,0.6712792570010493,0.0820900061801392,0.2466307368188115
25775,LOF,0.28837508183649624,0.06672673119957437,0.6448981869639295
25776,LOF,0.04147120511575231,0.10143364511748904,0.8570951497667586
25777,Neutral,0.6357636140136814,0.05297362344747139,0.3112627625388472
25778,LOF,0.07808730290434425,0.08159990246983923,0.8403127946258167
25779,GOF,0.11960909500530989,0.700303697360413,0.18008720763427705
25780,GOF,0.06351071812090885,0.7656616805963835,0.1708276012827078
25781,GOF,0.06628749896415839,0.7608729286459239,0.17283957238991762
25782,GOF,0.05177491232717755,0.7146216408325203,0.23360344684030207
25783,GOF,0.12274296845028498,0.7157450630299808,0.1615119685197343
25784,GOF,0.16250447463094636,0.703725978377671,0.13376954699138258
25785,GOF,0.08347294170861284,0.7052111330622924,0.21131592522909481
25786,GOF,0.05168560156719543,0.6454962937758942,0.3028181046569103
25787,GOF,0.04806742002939364,0.5270240866847444,0.4249084932858619
25788,LOF,0.060086369132550534,0.14102298448762507,0.7988906463798244
25789,GOF,0.059988662302008215,0.7168163859956393,0.2231949517023523
25790,GOF,0.04917682496224273,0.7234213787835009,0.2274017962542564
25791,GOF,0.027897433191491842,0.6324985684995469,0.33960399830896126
25792,GOF,0.02800237954336344,0.624445097555308,0.3475525229013285
25793,GOF,0.029947072409935698,0.709179595055578,0.26087333253448625
25794,GOF,0.054946847837646695,0.758248073179778,0.18680507898257517
25795,GOF,0.10334275928903636,0.6582475360550308,0.23840970465593264
25796,GOF,0.0668919251597958,0.686814903887381,0.24629317095282321
25797,GOF,0.06012834894975407,0.6673721813201868,0.2724994697300591
25798,GOF,0.06227258428546262,0.7801839390243622,0.15754347669017513
25799,GOF,0.09674296836415616,0.7612389111775392,0.14201812045830467
25800,GOF,0.08719869371148034,0.7837920764219221,0.12900922986659774
25801,GOF,0.073042458653074,0.7551676330166376,0.17178990833028837
25802,GOF,0.09233540693391143,0.7166567775941942,0.19100781547189444
25803,GOF,0.04876176306090451,0.690515015606507,0.2607232213325884
25804,GOF,0.0920109895753686,0.6470219801984,0.2609670302262315
25805,GOF,0.05543483647400953,0.7787570271200441,0.1658081364059465
25806,GOF,0.053246229862455176,0.781282427443771,0.16547134269377384
25807,GOF,0.06973904201015599,0.679186476152143,0.25107448183770087
25808,GOF,0.06238470757181961,0.7712360169527397,0.1663792754754407
25809,GOF,0.06086360546997622,0.7805275826620861,0.15860881186793768
25810,GOF,0.05386240595283814,0.7947441427660865,0.15139345128107531
25811,GOF,0.04926876619112695,0.5508999419270437,0.39983129188182936
25812,GOF,0.035123499289493786,0.7564698439629013,0.20840665674760483
25813,GOF,0.04506980914117383,0.699149252850802,0.2557809380080243
25814,GOF,0.0600160814227424,0.7602803033649765,0.1797036152122811
25815,GOF,0.03560589004222938,0.7351637733364238,0.2292303366213468
25816,GOF,0.0412715672223699,0.7691210376193374,0.1896073951582927
25817,GOF,0.03449578357405694,0.7695564004917315,0.19594781593421162
25818,GOF,0.03199083991343656,0.5141573588025075,0.4538518012840559
25819,GOF,0.039431351320304196,0.6960815927699857,0.26448705590971006
25820,GOF,0.04348884077611211,0.7041811291039913,0.2523300301198964
25821,GOF,0.044419046262194235,0.7050521308608354,0.2505288228769704
25822,GOF,0.06263081195704905,0.6853116213764107,0.2520575666665402
25823,GOF,0.11123333253901785,0.5957051506882534,0.29306151677272885
25824,GOF,0.0662416462903221,0.7415558056789601,0.19220254803071782
25825,GOF,0.06278460576703969,0.7434734899658808,0.1937419042670795
25826,GOF,0.0662416462903221,0.7415558056789601,0.19220254803071782
25827,GOF,0.04865889296340056,0.7864328178213135,0.16490828921528608
25828,GOF,0.04656793113971472,0.7663367403560682,0.1870953285042171
25829,LOF,0.41103741047200903,0.05193222416511191,0.537030365362879
25830,LOF,0.042604517619196036,0.19799187181951494,0.7594036105612889
25831,GOF,0.03853628799518227,0.6565865387835945,0.30487717322122315
25832,GOF,0.06791815835926407,0.6955114393626048,0.23657040227813114
25833,GOF,0.06420576061633551,0.7100346319787827,0.22575960740488185
25834,GOF,0.06254907298503344,0.6674227262184943,0.2700282007964722
25835,GOF,0.069093113420291,0.7009485903844986,0.22995829619521052
25836,GOF,0.06496748947428115,0.6811378510531286,0.25389465947259027
25837,GOF,0.057765155675551016,0.6995444765184056,0.24269036780604342
25838,GOF,0.058443921877488085,0.6908747898003167,0.2506812883221953
25839,GOF,0.0762948455402511,0.6728657712715213,0.2508393831882276
25840,GOF,0.06046883126399349,0.7007260822061971,0.23880508652980945
25841,GOF,0.060857420963534525,0.6893578131866149,0.24978476584985063
25842,GOF,0.046093411043631065,0.7143244380540822,0.23958215090228677
25843,GOF,0.04672176592966517,0.7100753662413326,0.24320286782900216
25844,GOF,0.051884053750399714,0.6623284885279429,0.2857874577216573
25845,GOF,0.05452899085718159,0.6792775732712533,0.2661934358715651
25846,GOF,0.05133153066233233,0.6620063765154353,0.2866620928222323
25847,GOF,0.05924902244858608,0.6331724110142299,0.30757856653718396
25848,GOF,0.048559622740357744,0.7313213303035359,0.22011904695610654
25849,GOF,0.04608652647943898,0.7265410753007826,0.22737239821977845
25850,GOF,0.10973913301358729,0.6448406928640791,0.24542017412233352
25851,GOF,0.12765902356505995,0.6239562278175672,0.24838474861737272
25852,GOF,0.1326041042468991,0.5408826829083494,0.32651321284475154
25853,GOF,0.07134450269970602,0.7008018921984065,0.2278536051018875
25854,GOF,0.06410107209485973,0.7179756344382131,0.21792329346692718
25855,GOF,0.06224409601641767,0.7072169043333002,0.23053899965028227
25856,GOF,0.06487255023496119,0.7026799998267532,0.23244744993828578
25857,GOF,0.06723386529378853,0.7152968890680532,0.21746924563815836
25858,GOF,0.07676580332972775,0.6207906630903021,0.3024435335799702
25859,GOF,0.07524441521162367,0.6269827336064858,0.29777285118189056
25860,GOF,0.07478887541156548,0.5730094254195581,0.3522016991688764
25861,GOF,0.077917159045193,0.6544496638699525,0.2676331770848545
25862,GOF,0.05177469938669315,0.7235594462030638,0.2246658544102431
25863,GOF,0.053876013892405275,0.7117545934270989,0.23436939268049597
25864,GOF,0.05364198192108941,0.7543314410771962,0.19202657700171435
25865,GOF,0.057619346642375155,0.7708810962813023,0.17149955707632256
25866,GOF,0.053689515435790335,0.7751268382378468,0.1711836463263628
25867,GOF,0.05412913151059623,0.7700239803365918,0.17584688815281194
25868,GOF,0.04374210535832191,0.6196118069434676,0.3366460876982105
25869,GOF,0.05271550080861148,0.6660447772015792,0.2812397219898094
25870,LOF,0.05470509905414984,0.17188049499811284,0.7734144059477374
25871,GOF,0.04798964593265052,0.6853851593168334,0.26662519475051605
25872,GOF,0.04226340114907715,0.5356306849264265,0.4221059139244963
25873,GOF,0.054519723093799585,0.620817163640375,0.32466311326582536
25874,LOF,0.07890129267130688,0.0896434943503916,0.8314552129783015
25875,GOF,0.06390391782469144,0.668689263467932,0.26740681870737654
25876,Neutral,0.5051656830044979,0.08681531697699417,0.4080190000185079
25877,GOF,0.10790376510841167,0.5921876071972855,0.2999086276943028
25878,GOF,0.051722414446205206,0.7778678888590557,0.17040969669473918
25879,GOF,0.033004977399299286,0.5086614253501833,0.45833359725051737
25880,LOF,0.08304956536875688,0.11236782248838426,0.8045826121428589
25881,Neutral,0.6420974764237459,0.27207725352733,0.0858252700489242
25882,LOF,0.27813337418472883,0.12231307332655689,0.5995535524887143
25883,LOF,0.06698603356259565,0.128268963672041,0.8047450027653634
25884,LOF,0.39268664787985447,0.10267525388547402,0.5046380982346715
25885,Neutral,0.5328332734111537,0.021198335825397582,0.44596839076344863
25886,Neutral,0.4419470987800684,0.20277364823807284,0.3552792529818587
25887,GOF,0.2591820749368931,0.5776647101552164,0.16315321490789053
25888,GOF,0.06496680380291772,0.5535567436380342,0.38147645255904805
25889,LOF,0.22562984216043355,0.12616651580557806,0.6482036420339884
25890,LOF,0.19866816463131828,0.3179984152923607,0.483333420076321
25891,LOF,0.26137366277505836,0.2535543030499224,0.48507203417501915
25892,LOF,0.011965394574651858,0.40462977829626107,0.583404827129087
25893,Neutral,0.4593368375224245,0.1375932587677106,0.40306990370986484
25894,LOF,0.45387619514691474,0.06498397601433763,0.4811398288387475
25895,LOF,0.4486789618070424,0.04715783645632691,0.5041632017366307
25896,Neutral,0.6334601209836693,0.06469993628606352,0.301839942730267
25897,LOF,0.21325325912461565,0.1274075382514416,0.6593392026239429
25898,GOF,0.04875868148568887,0.6889567098078547,0.2622846087064564
25899,LOF,0.27285867818894444,0.3530289265109428,0.37411239530011287
25900,Neutral,0.8128638729774883,0.049582784225624926,0.13755334279688694
25901,LOF,0.06525050515333354,0.09984844500748212,0.8349010498391843
25902,LOF,0.410234431852946,0.13247209693687362,0.4572934712101805
25903,LOF,0.2284860465701623,0.25068611766678356,0.5208278357630541
25904,Neutral,0.4419470987800684,0.20277364823807284,0.3552792529818587
25905,LOF,0.08522093612585584,0.2817598965509066,0.6330191673232375
25906,LOF,0.38480416697380027,0.06858875523874657,0.5466070777874531
25907,LOF,0.03687448211622112,0.47057479310249756,0.49255072478128126
25908,GOF,0.046290122407781416,0.5755739652627582,0.3781359123294603
25909,LOF,0.07625912967635133,0.41221352326981475,0.511527347053834
25910,LOF,0.02535987375192112,0.43901509761464264,0.5356250286334362
25911,Neutral,0.6818176859919762,0.06556714252557468,0.25261517148244905
25912,LOF,0.47853829229562606,0.03269145871750607,0.48877024898686783
25913,LOF,0.02362080104461616,0.45512731936661005,0.5212518795887738
25914,LOF,0.04793993613424787,0.3051460027928866,0.6469140610728655
25915,GOF,0.09237065522016424,0.7004573837196332,0.20717196106020253
25916,GOF,0.0842285596556759,0.726251960797727,0.18951947954659717
25917,Neutral,0.7507409891201013,0.0558446975715307,0.19341431330836795
25918,LOF,0.05059616822048328,0.16562783400583278,0.7837759977736839
25919,LOF,0.04277126615356672,0.06045311643011042,0.896775617416323
25920,LOF,0.3358298483182213,0.278592856085812,0.38557729559596665
25921,LOF,0.2726167555251395,0.05681107321894394,0.6705721712559166
25922,LOF,0.18993542616211498,0.0615373167531742,0.7485272570847109
25923,Neutral,0.4419470987800684,0.20277364823807284,0.3552792529818587
25924,LOF,0.28519762885237376,0.137251608536886,0.5775507626107402
25925,Neutral,0.6283621545007009,0.07242482687731616,0.2992130186219831
25926,Neutral,0.6800317118397867,0.08176926547887134,0.23819902268134208
25927,LOF,0.0234729699512827,0.4403658071636824,0.5361612228850349
25928,LOF,0.25856987059112374,0.038129535384261795,0.7033005940246144
25929,Neutral,0.4419470987800684,0.20277364823807284,0.3552792529818587
25930,LOF,0.04648965592701864,0.17155886735130665,0.7819514767216748
25931,LOF,0.3977418628742296,0.06794869385227499,0.5343094432734954
25932,LOF,0.07691148465991092,0.0946828610742068,0.8284056542658822
25933,LOF,0.07286961686947643,0.10944846279627507,0.8176819203342486
25934,LOF,0.10096540150734623,0.10228829079672946,0.7967463076959244
25935,Neutral,0.6712792570010493,0.0820900061801392,0.2466307368188115
25936,LOF,0.06715897082079424,0.11152238101754612,0.8213186481616597
25937,LOF,0.3100584155539203,0.1596476765527508,0.5302939078933289
25938,Neutral,0.6818176859919762,0.06556714252557468,0.25261517148244905
25939,LOF,0.05291592794021108,0.1594313220270876,0.7876527500327014
25940,GOF,0.05715151387832466,0.8119596878008825,0.13088879832079292
25941,Neutral,0.5271023939254944,0.1020564138713011,0.3708411922032045
25942,LOF,0.21480335832383063,0.17983237999683313,0.6053642616793362
25943,LOF,0.033180062981270686,0.4742890823517924,0.4925308546669369
25944,LOF,0.02047382288043556,0.43085769066782287,0.5486684864517416
25945,LOF,0.041956981157780536,0.1275764040414017,0.8304666148008177
25946,LOF,0.4359593793831051,0.05149981269986516,0.5125408079170297
25947,Neutral,0.7036422558593773,0.04911743190077216,0.24724031223985055
25948,Neutral,0.5206257636516926,0.09227582996167245,0.3870984063866351
25949,LOF,0.403408433262248,0.06263220516772991,0.533959361570022
25950,GOF,0.0659834958181348,0.7000639251707731,0.2339525790110922
25951,GOF,0.030291880170084606,0.6544690210696105,0.3152390987603048
25952,LOF,0.23960424036676306,0.3496398339307596,0.4107559257024774
25953,LOF,0.04337522733826133,0.34311592283604264,0.6135088498256961
25954,GOF,0.06085252756533673,0.6642372453184036,0.27491022711625973
25955,LOF,0.02408867121820969,0.48394808602767336,0.49196324275411707
25956,GOF,0.04104815560999279,0.6099191819676185,0.3490326624223887
25957,Neutral,0.6721459634715998,0.04955192857681873,0.2783021079515815
25958,LOF,0.08326773243461827,0.15755466426029163,0.7591776033050901
25959,LOF,0.024588773413117857,0.4498577695727189,0.5255534570141632
25960,LOF,0.23238271815195702,0.0855142590699892,0.6821030227780538
25961,LOF,0.04349475644910857,0.2571311252666066,0.6993741182842849
25962,LOF,0.4071340417930749,0.060963674510361894,0.5319022836965633
25963,GOF,0.045220935150623136,0.568267178423207,0.38651188642616985
25964,LOF,0.0743386398277927,0.32932695659835254,0.5963344035738548
25965,GOF,0.12028496457782917,0.6047968987035933,0.27491813671857745
25966,Neutral,0.4419470987800684,0.20277364823807284,0.3552792529818587
25967,LOF,0.33944001475517327,0.06541203836866759,0.5951479468761591
25968,GOF,0.2595004030094604,0.5338049753912255,0.2066946215993142
25969,Neutral,0.6325329631684601,0.05503425168640101,0.3124327851451388
25970,Neutral,0.46251242365353173,0.14036095523581046,0.3971266211106577
25971,LOF,0.11585568476363975,0.19644637537306395,0.6876979398632963
25972,LOF,0.12677409007013773,0.14548176415575273,0.7277441457741095
25973,LOF,0.41835163786246066,0.01967622649929633,0.561972135638243
25974,GOF,0.0931824355081751,0.4860892452706968,0.42072831922112797
25975,LOF,0.07074175762662235,0.03167086702081446,0.8975873753525633
25976,LOF,0.33534294922156693,0.012122138287891875,0.6525349124905412
25977,Neutral,0.5351999983923283,0.0510902194859349,0.4137097821217367
25978,LOF,0.1647161398775523,0.17078302287078004,0.6645008372516678
25979,LOF,0.09629699886291053,0.1654091571790953,0.738293843957994
25980,LOF,0.20626668180612723,0.3765598068994816,0.41717351129439123
25981,GOF,0.21619059551295897,0.4426039755611316,0.3412054289259093
25982,LOF,0.16850280156623773,0.2917873186246989,0.5397098798090634
25983,LOF,0.11620297605934553,0.30389418942886254,0.5799028345117919
25984,LOF,0.06260760848558349,0.09677029886724092,0.8406220926471757
25985,Neutral,0.6037813202541845,0.23355965458988726,0.1626590251559282
25986,GOF,0.032783057711562036,0.5617610928657818,0.4054558494226561
25987,LOF,0.3779164045852865,0.15675427982146223,0.46532931559325125
25988,LOF,0.03939249760725146,0.27396557175105907,0.6866419306416894
25989,LOF,0.05418503628947448,0.22978839085790848,0.716026572852617
25990,LOF,0.05106446687775812,0.318679958079018,0.6302555750432239
25991,GOF,0.09565501039397802,0.5870885356084931,0.3172564539975289
25992,LOF,0.09270650749858536,0.33699900374780806,0.5702944887536066
25993,LOF,0.06385310247083702,0.04688328073192051,0.8892636167972424
25994,LOF,0.09527409167360419,0.047901607880830074,0.8568243004455657
25995,LOF,0.04223218990952182,0.11245205746280128,0.8453157526276769
25996,GOF,0.2808510516935229,0.47567506263246834,0.24347388567400868
25997,GOF,0.13845942304122003,0.5980212478292748,0.26351932912950515
25998,LOF,0.36553108966758896,0.18456329920428738,0.44990561112812355
25999,LOF,0.021707100610685474,0.36942104893766387,0.6088718504516507
26000,LOF,0.27643922116782643,0.07739074667176352,0.6461700321604101
26001,LOF,0.1388487740589232,0.2827021029605893,0.5784491229804876
26002,LOF,0.29640480773330463,0.11270010605576984,0.5908950862109256
26003,GOF,0.060183716344620046,0.6271008477279869,0.312715435927393
26004,GOF,0.10150075164991909,0.7057408606185402,0.19275838773154078
26005,GOF,0.04376448898703,0.8322607655599542,0.12397474545301566
26006,GOF,0.061676554425923964,0.7232978894280752,0.21502555614600097
26007,GOF,0.043199618850041914,0.7565161747139274,0.20028420643603065
26008,GOF,0.08800877198070939,0.7339909216206068,0.1780003063986838
26009,GOF,0.04415886935252317,0.824857133230704,0.13098399741677272
26010,GOF,0.04977029864248879,0.6610034844606091,0.2892262168969023
26011,GOF,0.04816745976682364,0.6981807366104037,0.2536518036227726
26012,GOF,0.047269683597482424,0.7350897836761329,0.2176405327263848
26013,GOF,0.0472415807763976,0.6287334077265739,0.3240250114970285
26014,LOF,0.4611842809346977,0.03267686902293172,0.5061388500423706
26015,LOF,0.27996271492459907,0.16039585624432706,0.5596414288310739
26016,LOF,0.22293920406371612,0.17193553427010747,0.6051252616661764
26017,LOF,0.04905876805578437,0.3495455699557296,0.601395661988486
26018,LOF,0.04264106473016833,0.24954716991801756,0.7078117653518141
26019,LOF,0.0487049902139278,0.10313957787723108,0.848155431908841
26020,GOF,0.02420524748318953,0.4964470986784774,0.47934765383833317
26021,LOF,0.23629728863639632,0.18845743601044898,0.5752452753531546
26022,LOF,0.18486131213522333,0.11679358557157228,0.6983451022932045
26023,LOF,0.0587044339051209,0.08712358116792313,0.854171984926956
26024,LOF,0.08613282545930863,0.18801491526443806,0.7258522592762533
26025,LOF,0.04113357391318181,0.36091927917282546,0.5979471469139928
26026,LOF,0.043873434166561975,0.4618725955846089,0.49425397024882894
26027,LOF,0.07280944406368163,0.11377699709995968,0.8134135588363588
26028,GOF,0.10973596969263283,0.456418401808768,0.43384562849859915
26029,GOF,0.06527174272777013,0.7315848660823581,0.20314339118987162
26030,Neutral,0.624761660659466,0.060993984938160724,0.31424435440237336
26031,GOF,0.03346258270853976,0.6818348382829481,0.2847025790085121
26032,LOF,0.0589930553995848,0.17330323016127813,0.767703714439137
26033,LOF,0.05587822405465388,0.17143685499720354,0.7726849209481427
26034,GOF,0.02712462698057179,0.6568059768856185,0.31606939613380974
26035,GOF,0.02396572458002589,0.7289474637988603,0.24708681162111362
26036,GOF,0.02213352480412243,0.6453186306151644,0.3325478445807131
26037,GOF,0.029864887477526456,0.6412105183533086,0.328924594169165
26038,LOF,0.04413246611774956,0.16147517591416116,0.7943923579680894
26039,GOF,0.02663251980394762,0.5558053443814382,0.4175621358146141
26040,LOF,0.04734329906401004,0.12046812302419137,0.8321885779117986
26041,GOF,0.05548820715447101,0.5345323213223666,0.4099794715231623
26042,GOF,0.049293749612343465,0.5396877149641566,0.4110185354235
26043,LOF,0.03069810857405988,0.2825797129903674,0.6867221784355728
26044,LOF,0.30958125588530844,0.143531589215324,0.5468871548993676
26045,GOF,0.0315580643247612,0.7269752270782415,0.24146670859699734
26046,LOF,0.04186145385489093,0.24048928037082712,0.717649265774282
26047,LOF,0.12576867176668038,0.1335585900828106,0.7406727381505089
26048,Neutral,0.49186933185314785,0.05717840376092566,0.45095226438592656
26049,Neutral,0.6242101573430209,0.1321748831926531,0.24361495946432604
26050,Neutral,0.6712792570010493,0.0820900061801392,0.2466307368188115
26051,GOF,0.03599292221650883,0.5354975151395609,0.42850956264393014
26052,GOF,0.05467433060317238,0.7190473085138829,0.22627836088294473
26053,Neutral,0.4918659557701708,0.05394010833273623,0.45419393589709295
26054,Neutral,0.6818176859919762,0.06556714252557468,0.25261517148244905
26055,Neutral,0.6818176859919762,0.06556714252557468,0.25261517148244905
26056,Neutral,0.6818176859919762,0.06556714252557468,0.25261517148244905
26057,LOF,0.06299220405890418,0.12446674655710045,0.8125410493839953
26058,LOF,0.06987497957479893,0.09794038762807812,0.832184632797123
26059,Neutral,0.8351070486519817,0.05201711958283049,0.11287583176518773
26060,GOF,0.038735361976922296,0.5823878048399009,0.37887683318317666
26061,LOF,0.3320972779796892,0.04466509656996435,0.6232376254503464
26062,Neutral,0.4661768984345333,0.10348687847929346,0.43033622308617325
26063,LOF,0.07884192030554202,0.05962193736402465,0.8615361423304334
26064,LOF,0.380216193309265,0.03956319386503941,0.5802206128256956
26065,LOF,0.04739489498657819,0.10791406224913082,0.844691042764291
26066,LOF,0.0810853841131501,0.10289223845128712,0.8160223774355628
26067,LOF,0.07032515199550232,0.19028881086343294,0.7393860371410648
26068,Neutral,0.6297383601591652,0.07995439469872735,0.2903072451421074
26069,Neutral,0.607316840560393,0.08752951268477593,0.30515364675483103
26070,Neutral,0.607316840560393,0.08752951268477593,0.30515364675483103
26071,LOF,0.06923955493378509,0.1261268448817192,0.8046336001844957
26072,LOF,0.3782678950749414,0.09007019433779237,0.5316619105872662
26073,LOF,0.07684410237859726,0.0929118605179657,0.830244037103437
26074,Neutral,0.8128523378834911,0.06012464303277575,0.12702301908373306
26075,Neutral,0.6211188593977548,0.08838703177759781,0.2904941088246475
26076,LOF,0.056704892834074996,0.17430598153104052,0.7689891256348844
26077,Neutral,0.6695375947976793,0.02795644805242874,0.302505957149892
26078,LOF,0.42462764092336636,0.07529286233524203,0.5000794967413916
26079,Neutral,0.666069167262463,0.09842676765426021,0.23550406508327687
26080,Neutral,0.666069167262463,0.09842676765426021,0.23550406508327687
26081,LOF,0.05812544354557683,0.054581839148881726,0.8872927173055415
26082,LOF,0.3810157108296166,0.11117603251942591,0.5078082566509575
26083,LOF,0.0337195161256299,0.27802416515270967,0.6882563187216604
26084,LOF,0.04286665576768151,0.2058085191065481,0.7513248251257704
26085,LOF,0.047939537588635055,0.17284409545647378,0.7792163669548912
26086,LOF,0.05858704035584817,0.12936843137954387,0.8120445282646078
26087,LOF,0.05105507557133863,0.2209103310133751,0.7280345934152863
26088,LOF,0.42235825568083196,0.11504169500809025,0.4626000493110779
26089,Neutral,0.6655333310615258,0.07888082112761992,0.25558584781085447
26090,Neutral,0.6655333310615258,0.07888082112761992,0.25558584781085447
26091,LOF,0.095698474826069,0.07109523700082297,0.833206288173108
26092,LOF,0.06980367237429355,0.1017306216987381,0.8284657059269683
26093,LOF,0.07099625841333297,0.09370806079427664,0.8352956807923905
26094,LOF,0.08957234021733956,0.09949815227407675,0.8109295075085837
26095,LOF,0.26586559826915235,0.12391348663893058,0.610220915091917
26096,Neutral,0.6112090281498994,0.019410154719619592,0.36938081713048093
26097,LOF,0.35436244862962324,0.0499274285521581,0.5957101228182187
26098,Neutral,0.6752308446408938,0.0655232732970446,0.2592458820620616
26099,LOF,0.041059054929927896,0.2949780476792633,0.6639628973908088
26100,LOF,0.041059054929927896,0.2949780476792633,0.6639628973908088
26101,LOF,0.05342862991970638,0.168848968065695,0.7777224020145986
26102,LOF,0.06191801854559005,0.1173961047975789,0.8206858766568311
26103,Neutral,0.4419470987800684,0.20277364823807284,0.3552792529818587
26104,Neutral,0.7164370128656331,0.08405474849183135,0.19950823864253542
26105,LOF,0.265689865316038,0.1052249208828557,0.6290852138011063
26106,Neutral,0.42426206548480344,0.20259442077069925,0.3731435137444974
26107,GOF,0.017670931135615974,0.5453789492086303,0.43695011965575375
26108,GOF,0.29454731581508015,0.3810330194297833,0.32441966475513656
26109,Neutral,0.5651009098315948,0.1757484322290442,0.2591506579393611
26110,Neutral,0.5119587974608618,0.05094369957322425,0.4370975029659139
26111,LOF,0.051347985817566444,0.24450547806278825,0.7041465361196453
26112,LOF,0.10085762339280548,0.05117036904325288,0.8479720075639416
26113,LOF,0.07726767986222366,0.08565386360074802,0.8370784565370284
26114,LOF,0.29456298550202137,0.1601952330471972,0.5452417814507815
26115,GOF,0.030033477253876374,0.6010210856779468,0.3689454370681769
26116,LOF,0.10633467233454498,0.2860999414951925,0.6075653861702625
26117,Neutral,0.4419470987800684,0.20277364823807284,0.3552792529818587
26118,LOF,0.060549124208501115,0.07021998260565453,0.8692308931858443
26119,LOF,0.013397876614404667,0.4134081897163123,0.573193933669283
26120,LOF,0.10031823966868982,0.08543865633068623,0.8142431040006239
26121,LOF,0.043496574670263854,0.1923884440079408,0.7641149813217953
26122,LOF,0.018545123140369647,0.21516743257555596,0.7662874442840744
