feature0,prediction,LoGoFunc_Neutral,LoGoFunc_GOF,LoGoFunc_LOF
25546,Neutral,0.6748006283198908,0.06607668407057699,0.25912268760953217
25547,Neutral,0.5045089591886605,0.1194970302200896,0.37599401059125
25548,Neutral,0.4998818421089234,0.09129868531093281,0.4088194725801438
25549,LOF,0.4394936700735454,0.08797929621700049,0.47252703370945415
25550,LOF,0.37665371204620013,0.15661850550507822,0.46672778244872176
25551,LOF,0.27727327416770553,0.17980916578435177,0.5429175600479428
25552,LOF,0.20568710516108493,0.16896639495482677,0.6253464998840883
25553,Neutral,0.7923491683511594,0.05389321520280565,0.15375761644603494
25554,LOF,0.2460030653896104,0.1602242715944832,0.5937726630159065
25555,LOF,0.2019202487904079,0.14493548547623386,0.6531442657333583
25556,LOF,0.41684049874778717,0.14106171034486747,0.4420977909073453
25557,LOF,0.1882681033683894,0.15231434471836847,0.6594175519132421
25558,LOF,0.22615958591983565,0.16367271946008702,0.6101676946200773
25559,LOF,0.17694391990211228,0.12815540208918752,0.6949006780087001
25560,LOF,0.06771270819093025,0.14100214631510796,0.7912851454939617
25561,LOF,0.14138711298414444,0.1328975492552829,0.7257153377605726
25562,LOF,0.06851612285327119,0.09276091176034158,0.8387229653863872
25563,LOF,0.09621404960401023,0.08980205551515238,0.8139838948808374
25564,LOF,0.198382089971175,0.1588189990548921,0.6427989109739328
25565,LOF,0.14485472124832932,0.11982070057178544,0.7353245781798853
25566,GOF,0.017874070586020977,0.7829797432763501,0.199146186137629
25567,LOF,0.019332744550676996,0.20082208562501594,0.7798451698243072
25568,LOF,0.05262333482341812,0.08271007187629942,0.8646665933002825
25569,LOF,0.05121831189623194,0.08392943760629275,0.8648522504974754
25570,LOF,0.030489760320991793,0.1166567427050066,0.8528534969740015
25571,LOF,0.030202680090670817,0.11365399077851719,0.856143329130812
25572,LOF,0.034039105815679066,0.1462889507653539,0.8196719434189671
25573,LOF,0.024133501727373562,0.11551900582636303,0.8603474924462635
25574,LOF,0.018223012749163152,0.17574133951006557,0.8060356477407713
25575,LOF,0.023345055304679462,0.12074930156094374,0.8559056431343768
25576,LOF,0.01142527355457999,0.1694708468790419,0.8191038795663782
25577,LOF,0.01078991747346033,0.14130113279191495,0.8479089497346248
25578,LOF,0.25476848001879376,0.1058350356370028,0.6393964843442035
25579,LOF,0.15759917189728762,0.11055195522151207,0.7318488728812004
25580,LOF,0.017777015843450563,0.09290082425100532,0.8893221599055442
25581,LOF,0.03977888882838069,0.08620734448482618,0.8740137666867931
25582,LOF,0.039480655973388484,0.08539074633209383,0.8751285976945177
25583,LOF,0.019962497917051313,0.10292027720871771,0.8771172248742309
25584,Neutral,0.5378077501864674,0.11055462007833929,0.3516376297351933
25585,LOF,0.01214147373143906,0.16150564538561402,0.826352880882947
25586,LOF,0.016574542538319297,0.08562533135918574,0.897800126102495
25587,LOF,0.016539065695717853,0.08102639172429571,0.9024345425799865
25588,LOF,0.01659022313201749,0.09779179961938168,0.8856179772486009
25589,Neutral,0.6084778067995541,0.14683061903023956,0.24469157417020632
25590,LOF,0.018498961245563453,0.13839604807296293,0.8431049906814736
25591,LOF,0.07734234985108239,0.07064239148959911,0.8520152586593185
25592,LOF,0.04551531565966307,0.15361838580484266,0.8008662985354943
25593,LOF,0.024187254097095576,0.2828818430477857,0.6929309028551188
25594,LOF,0.03678091244830496,0.12424756478237393,0.8389715227693211
25595,LOF,0.03818886433712853,0.0831112847553836,0.8786998509074878
25596,LOF,0.05531871926169493,0.07140191584336246,0.8732793648949426
25597,LOF,0.03912423715471575,0.08847985892932375,0.8723959039159606
25598,LOF,0.035985789375147126,0.10962251657712771,0.8543916940477251
25599,GOF,0.0074376357531974,0.5465295242649229,0.44603283998187976
25600,GOF,0.029184921603695475,0.591765460425071,0.37904961797123343
25601,LOF,0.014387833540474081,0.433481777851591,0.552130388607935
25602,LOF,0.012156813692895237,0.05669320709650436,0.9311499792106003
25603,LOF,0.05321826392045351,0.020685822129165345,0.9260959139503812
25604,LOF,0.015120445504071134,0.0726155390227413,0.9122640154731875
25605,LOF,0.008049081920930517,0.22413801493283955,0.76781290314623
25606,LOF,0.10194777121268771,0.3929633607342344,0.505088868053078
25607,LOF,0.004617644676463131,0.24235103803461086,0.7530313172889259
25608,LOF,0.010584230581660548,0.11387461485880707,0.8755411545595323
25609,LOF,0.07441345374156323,0.38908063020005856,0.5365059160583783
25610,LOF,0.018865912096042332,0.031012205756460662,0.9501218821474969
25611,LOF,0.019863235533745912,0.030325652079712294,0.9498111123865419
25612,LOF,0.06489671790481975,0.0439966562109333,0.8911066258842469
25613,LOF,0.057964949878000986,0.04564602093563341,0.8963890291863656
25614,LOF,0.025014668455464392,0.03432542570713002,0.9406599058374057
25615,LOF,0.01897730301637161,0.044105050309361266,0.9369176466742671
25616,LOF,0.05695512918373317,0.032699886663464316,0.9103449841528025
25617,LOF,0.05474830003380756,0.037392857086606,0.9078588428795865
25618,LOF,0.07680893755327056,0.037459196501175164,0.8857318659455543
25619,LOF,0.01785478221027595,0.0380309180645642,0.9441142997251599
25620,LOF,0.06827838438151825,0.04189714288163195,0.8898244727368497
25621,LOF,0.017787945491708926,0.042096375944924054,0.940115678563367
25622,LOF,0.022737027129235074,0.04320316423905304,0.9340598086317119
25623,LOF,0.04153685742534652,0.03450232816031183,0.9239608144143416
25624,LOF,0.021420104964700995,0.043955122694237896,0.9346247723410611
25625,LOF,0.024490420813025503,0.05830004696196026,0.9172095322250142
25626,LOF,0.05220003108974855,0.038518628763301074,0.9092813401469505
25627,Neutral,0.60186125469237,0.1019683423490859,0.29617040295854424
25628,LOF,0.1960287542760085,0.04876823782680054,0.755203007897191
25629,LOF,0.04203538243380292,0.049647591608786755,0.9083170259574104
25630,LOF,0.1486562075826474,0.080566505382575,0.7707772870347775
25631,Neutral,0.605274148443178,0.05367655980466028,0.3410492917521618
25632,LOF,0.007817941085820328,0.08552565731452094,0.9066564015996588
25633,LOF,0.26605662575583255,0.04526586833252024,0.6886775059116472
25634,LOF,0.03015197825299905,0.08955883454967177,0.8802891871973291
25635,LOF,0.033595435344416315,0.05514681655400952,0.9112577481015741
25636,GOF,0.005306458133007258,0.5917996480458423,0.40289389382115043
25637,GOF,0.006682515762845908,0.6159805290787846,0.3773369551583695
25638,LOF,0.01049070907849167,0.3047655249982675,0.6847437659232408
25639,LOF,0.005362287145571901,0.48811177118247484,0.5065259416719533
25640,Neutral,0.4689626275793824,0.4403897434666776,0.09064762895394009
25641,LOF,0.011663515088642709,0.3239992205329149,0.6643372643784425
25642,LOF,0.24377116986350075,0.06298096270160963,0.6932478674348895
25643,LOF,0.12279797899322495,0.16126309440469566,0.7159389266020794
25644,LOF,0.009473724176097207,0.45692901534193847,0.5335972604819643
25645,LOF,0.007599640247326687,0.40949627153057744,0.5829040882220959
25646,LOF,0.012032863731281021,0.30001508391161685,0.6879520523571021
25647,LOF,0.00988224987986451,0.2636729968018846,0.7264447533182509
25648,LOF,0.008613136290130358,0.25077455871635485,0.7406123049935147
25649,LOF,0.007451931987505009,0.20163722675654014,0.7909108412559548
25650,LOF,0.013122064449630794,0.4013133167365502,0.585564618813819
25651,LOF,0.005777812189264871,0.27405859869928856,0.7201635891114465
25652,LOF,0.00984444584220772,0.24626356496569243,0.7438919891920998
25653,LOF,0.027374820143312304,0.3739603245436597,0.5986648553130279
25654,LOF,0.010654834635809834,0.15458059971121163,0.8347645656529785
25655,LOF,0.050381917947411724,0.4179977273119188,0.5316203547406695
25656,LOF,0.18913218325262302,0.04580923278750208,0.7650585839598749
25657,LOF,0.2791199281676122,0.023143980335401396,0.6977360914969863
25658,LOF,0.07180314768138432,0.06874727800046422,0.8594495743181515
25659,LOF,0.3995151762598473,0.06111915967051847,0.5393656640696343
25660,LOF,0.03150210881983903,0.09853893940174556,0.8699589517784154
25661,LOF,0.10051924524709535,0.062465055590749906,0.8370156991621548
25662,LOF,0.02632846200964077,0.0426183101599848,0.9310532278303745
25663,LOF,0.033355415090522415,0.06505387069673275,0.901590714212745
25664,LOF,0.0358571229143891,0.07476480049006587,0.8893780765955449
25665,LOF,0.055550966598223804,0.03648794542676326,0.907961087975013
25666,LOF,0.04126804079432634,0.09232425271173839,0.8664077064939352
25667,LOF,0.07463921236480858,0.04804881462638975,0.8773119730088017
25668,LOF,0.028509402769301324,0.050752716930266645,0.920737880300432
25669,LOF,0.03163469151377438,0.07281817190528228,0.8955471365809433
25670,LOF,0.058997607025412825,0.06279228004156656,0.8782101129330205
25671,LOF,0.08726285541374317,0.0404876190508939,0.872249525535363
25672,LOF,0.05139630407995675,0.05077509973925497,0.8978285961807884
25673,LOF,0.02628212994402349,0.06216588046957686,0.9115519895863996
25674,LOF,0.021929917567433583,0.0737732499730799,0.9042968324594866
25675,LOF,0.03977172178306553,0.07246423603196156,0.8877640421849728
25676,LOF,0.020698693875362176,0.06066912009991915,0.9186321860247186
25677,LOF,0.03170486425469399,0.06817274613506703,0.9001223896102389
25678,LOF,0.18530961812667757,0.06001043868460612,0.7546799431887162
25679,LOF,0.17597413905670456,0.07820637405907985,0.7458194868842155
25680,LOF,0.039231981562435014,0.11639337274878354,0.8443746456887814
25681,LOF,0.0668973742841268,0.10809783868947895,0.8250047870263941
25682,LOF,0.11886036412341522,0.07735073645467029,0.8037888994219144
25683,LOF,0.08336119449968311,0.12189620712390749,0.7947425983764094
25684,LOF,0.04498383276504169,0.07671470022943067,0.8783014670055277
25685,LOF,0.07621778904212304,0.05816722935909727,0.8656149815987797
25686,LOF,0.025170430273820436,0.07977347258336738,0.8950560971428121
25687,LOF,0.04615153527065315,0.06706282576524272,0.8867856389641041
25688,LOF,0.046528397883861476,0.05294647517793159,0.9005251269382069
25689,LOF,0.025191055596948505,0.06456188825997118,0.9102470561430802
25690,LOF,0.032999784661736975,0.04988937019856797,0.9171108451396951
25691,LOF,0.2420838079475448,0.07061453510368844,0.6873016569487668
25692,LOF,0.2628896349288361,0.006738702734245802,0.7303716623369181
25693,LOF,0.08445376231953661,0.23299472858613374,0.6825515090943296
25694,LOF,0.24868387239044434,0.014396381203610715,0.7369197464059449
25695,LOF,0.16670308778131881,0.0238808134135485,0.8094160988051327
25696,LOF,0.10773738467617427,0.013304124389181762,0.878958490934644
25697,LOF,0.07667317417021244,0.022361996963552525,0.9009648288662351
25698,LOF,0.04637165974251462,0.43383191600987614,0.5197964242476093
25699,LOF,0.06534964738535887,0.10479732212824087,0.8298530304864002
25700,LOF,0.06608024046270009,0.009868967561272516,0.9240507919760274
25701,LOF,0.016262594401399377,0.09110458480060067,0.892632820798
25702,GOF,0.03623284838630057,0.6852916852826593,0.27847546633104003
25703,LOF,0.008743300814871003,0.14919607800233992,0.8420606211827891
25704,LOF,0.0535508731910435,0.1336221228429821,0.8128270039659744
25705,LOF,0.06217664784069474,0.24858719694187265,0.6892361552174325
25706,GOF,0.030642822487724614,0.5466483559484733,0.4227088215638022
25707,GOF,0.02185163429321283,0.5010704763250854,0.47707788938170176
25708,LOF,0.007823965758897603,0.416548264886033,0.5756277693550694
25709,LOF,0.055214784918660796,0.06556023522335533,0.8792249798579839
25710,LOF,0.005581273861052587,0.16587059338594878,0.8285481327529987
25711,LOF,0.01998749580939476,0.13114793463479285,0.8488645695558124
25712,LOF,0.007082659805361575,0.19245036954573644,0.8004669706489019
25713,LOF,0.018654456936649414,0.12178186245214796,0.8595636806112027
25714,LOF,0.06864780295599639,0.15052480852214023,0.7808273885218634
25715,LOF,0.013203911478393547,0.15303757331249615,0.8337585152091103
25716,LOF,0.006030084709059474,0.11468473612371961,0.8792851791672209
25717,LOF,0.00562120497914695,0.11395610668039612,0.8804226883404568
25718,LOF,0.01398954408473833,0.10771956743370623,0.8782908884815556
25719,LOF,0.022847325529342752,0.11087134418795352,0.8662813302827037
25720,LOF,0.022571407572602002,0.09573354433069763,0.8816950480967003
25721,LOF,0.01625758698123687,0.12238448161822535,0.8613579314005377
25722,LOF,0.013685161165411467,0.1513441408805979,0.8349706979539907
25723,LOF,0.01970254791037635,0.08097265090039812,0.8993248011892256
25724,LOF,0.02131630882209396,0.11685394307884389,0.8618297480990622
25725,LOF,0.013783396462977354,0.08970438516310507,0.8965122183739175
25726,LOF,0.012181202545639085,0.11035027065171082,0.8774685268026501
25727,LOF,0.014574176611097882,0.09993466770760531,0.8854911556812968
25728,LOF,0.012504082444764027,0.12232777751722618,0.8651681400380099
25729,LOF,0.012828012892098865,0.12484684274381287,0.8623251443640881
25730,LOF,0.013687998531933922,0.10538663525144872,0.8809253662166173
25731,LOF,0.008288524939882231,0.13356614916943635,0.8581453258906815
25732,LOF,0.013329492476011496,0.10265531730778263,0.8840151902162059
25733,LOF,0.01836842988820746,0.08913287727833268,0.89249869283346
25734,LOF,0.0054896050584877015,0.1360277651609293,0.858482629780583
25735,LOF,0.015975951458039355,0.08464875872094021,0.8993752898210204
25736,LOF,0.014283546958646526,0.12628808258649452,0.8594283704548589
25737,LOF,0.02219723301522904,0.0960315369847207,0.8817712300000503
25738,LOF,0.014713415790440307,0.15002836461713692,0.8352582195924229
25739,LOF,0.0217099554636798,0.12657384999827656,0.8517161945380437
25740,LOF,0.03224403968122667,0.13610885235434025,0.8316471079644331
25741,LOF,0.017527521502833085,0.12345081448833414,0.8590216640088327
25742,LOF,0.11185883425717945,0.11465932820121622,0.7734818375416043
25743,LOF,0.016038900704304547,0.029424261928962935,0.9545368373667324
25744,LOF,0.23128719163941386,0.29605026794384726,0.4726625404167388
25745,LOF,0.028662841654890536,0.03722676206466601,0.9341103962804435
25746,LOF,0.01633988599927792,0.04723598835958781,0.9364241256411342
25747,LOF,0.028525996428352848,0.024699836084267953,0.9467741674873793
25748,LOF,0.15117776743971925,0.042495159953172136,0.8063270726071087
25749,LOF,0.01666403373484428,0.0339570170796924,0.9493789491854634
25750,LOF,0.03376917210470753,0.05061478019504302,0.9156160477002495
25751,LOF,0.12089570425614242,0.04936919619297199,0.8297350995508855
25752,GOF,0.10837402019627275,0.6546582381388831,0.2369677416648441
25753,LOF,0.007702415104715142,0.34714131005041976,0.645156274844865
25754,GOF,0.005664717804882442,0.8420720389613078,0.1522632432338098
25755,LOF,0.0090389197794493,0.41660520021185504,0.5743558800086956
25756,LOF,0.03992385201745612,0.4286504404558912,0.5314257075266526
25757,GOF,0.005945281554126302,0.8733955828106944,0.12065913563517919
25758,GOF,0.007131236068155416,0.8590956803466865,0.13377308358515816
25759,GOF,0.004527280308287582,0.5495608845787535,0.44591183511295884
25760,LOF,0.00484123185945168,0.2969148115806319,0.6982439565599164
25761,GOF,0.033796486830658626,0.8361461951658856,0.13005731800345574
25762,LOF,0.031069823038262268,0.3383753626616096,0.630554814300128
25763,LOF,0.0062319658378207875,0.23795812623647886,0.7558099079257004
25764,GOF,0.17506360072003666,0.5297956119455487,0.2951407873344146
25765,GOF,0.01080189026346604,0.786731395149516,0.20246671458701793
25766,GOF,0.017869891607292073,0.8225580578702031,0.1595720505225048
25767,LOF,0.019129766874672022,0.48686625622891827,0.4940039768964098
25768,LOF,0.07639664802656936,0.07486171763547698,0.8487416343379536
25769,LOF,0.08369936625027347,0.0593576120079065,0.85694302174182
25770,LOF,0.2735598408036038,0.0646194272876874,0.6618207319087088
25771,LOF,0.012875582519721509,0.06480062217961179,0.9223237953006667
25772,LOF,0.01679812062725411,0.03040609366272224,0.9527957857100237
25773,LOF,0.011162882176094797,0.11718537507788633,0.8716517427460189
25774,LOF,0.024660886472351668,0.07281846995782514,0.9025206435698232
25775,LOF,0.01546462307541959,0.04799978877098108,0.9365355881535994
25776,LOF,0.08277624424646518,0.02369450870554006,0.8935292470479947
25777,LOF,0.31058536918013774,0.037236795855506724,0.6521778349643557
25778,LOF,0.06948917251019102,0.040222386760524136,0.8902884407292848
25779,GOF,0.06274136614025007,0.8710313133587035,0.06622732050104643
25780,GOF,0.052762569327551974,0.853314781149321,0.09392264952312687
25781,GOF,0.02329125223327512,0.8340703587937586,0.1426383889729663
25782,GOF,0.02813782964566543,0.8810513187070994,0.09081085164723515
25783,GOF,0.012870448812627973,0.6822965287851461,0.3048330224022259
25784,GOF,0.10831877422838906,0.8352910300608839,0.056390195710726905
25785,GOF,0.0682637778343277,0.876634574471544,0.055101647694128286
25786,GOF,0.005526556411812674,0.8176574183265909,0.17681602526159643
25787,GOF,0.2019964193163797,0.7601968434934435,0.0378067371901768
25788,LOF,0.04656775705257793,0.13352271787884495,0.8199095250685771
25789,GOF,0.03303533336539563,0.8208727081159198,0.1460919585186845
25790,GOF,0.03960922995233564,0.8581615851388932,0.10222918490877121
25791,GOF,0.02594888414409937,0.8022628272788244,0.17178828857707634
25792,GOF,0.04240680038069029,0.8077740004002714,0.14981919921903847
25793,GOF,0.09385519409361254,0.772715451240818,0.1334293546655696
25794,GOF,0.08754821448874092,0.6987024137509799,0.2137493717602792
25795,GOF,0.027892443719422046,0.7544749253580321,0.21763263092254584
25796,GOF,0.1301501482373427,0.7567060328653649,0.11314381889729234
25797,GOF,0.03277570129282718,0.5830248553263085,0.38419944338086426
25798,GOF,0.0032998883913732337,0.5581945576450881,0.4385055539635387
25799,LOF,0.0030548150547472894,0.4303131629409917,0.5666320220042611
25800,GOF,0.010985462691284682,0.6281385842045014,0.36087595310421394
25801,GOF,0.02554976205972162,0.796117296830843,0.17833294110943543
25802,GOF,0.017909099166601185,0.7271092774321606,0.25498162340123814
25803,GOF,0.010451749073288153,0.6111373134589001,0.3784109374678119
25804,GOF,0.012196686882701565,0.49998040022844753,0.48782291288885093
25805,GOF,0.02261290670467798,0.6261078304650225,0.35127926283029953
25806,GOF,0.018420503340757323,0.6590934931970017,0.322486003462241
25807,GOF,0.005105560945005015,0.6435144962497937,0.35137994280520135
25808,GOF,0.014237619293707905,0.649819280852859,0.3359430998534331
25809,GOF,0.005877308106986125,0.6374006031067735,0.3567220887862404
25810,GOF,0.005141610511648928,0.6494466904617553,0.34541169902659585
25811,GOF,0.09091903418938205,0.8055955460783304,0.10348541973228761
25812,GOF,0.015334104817692389,0.6459967216426449,0.3386691735396627
25813,GOF,0.10414080192412345,0.7527184950660127,0.1431407030098639
25814,GOF,0.026553907243905325,0.7219940712884497,0.251452021467645
25815,GOF,0.04083217070694055,0.7257431333316535,0.23342469596140594
25816,GOF,0.008943046184286157,0.8107129211410453,0.1803440326746685
25817,GOF,0.07435035120062429,0.7623998696456373,0.1632497791537385
25818,GOF,0.023449428799145498,0.7500147712155025,0.22653579998535178
25819,GOF,0.0679081327150724,0.7434866501054166,0.18860521717951095
25820,GOF,0.030642924832126148,0.720367331522726,0.2489897436451478
25821,GOF,0.017276560723882294,0.7033630468723779,0.2793603924037398
25822,GOF,0.03282905527230615,0.7361405489622289,0.2310303957654649
25823,GOF,0.011852725990167559,0.5551632012428684,0.43298407276696405
25824,GOF,0.02259361271589158,0.7093963246741788,0.2680100626099296
25825,GOF,0.0122763007496831,0.6826714041823488,0.3050522950679682
25826,GOF,0.005136493103827359,0.6337977171678898,0.3610657897282828
25827,GOF,0.007665959346922525,0.6386186604482035,0.3537153802048741
25828,GOF,0.004485017925422843,0.5741122263237578,0.4214027557508194
25829,GOF,0.0028040192090099166,0.632172167556547,0.3650238132344431
25830,LOF,0.029155360944510128,0.39869121267513385,0.572153426380356
25831,GOF,0.036001355232216245,0.8482906698173847,0.11570797495039907
25832,GOF,0.008389676314512647,0.7680653356056063,0.22354498807988096
25833,GOF,0.0277216197587297,0.8118686042775293,0.1604097759637411
25834,GOF,0.0074744804380270135,0.776864342714922,0.21566117684705108
25835,GOF,0.017317320667476967,0.828270601101363,0.1544120782311601
25836,GOF,0.006496705880055084,0.7711406257995072,0.2223626683204379
25837,GOF,0.005739774173150752,0.6735405656202281,0.3207196602066212
25838,GOF,0.019320332945171388,0.8355262167320405,0.14515345032278798
25839,GOF,0.03826402278410468,0.81599896292138,0.14573701429451535
25840,GOF,0.03713445703179812,0.8323409643798646,0.13052457858833738
25841,GOF,0.033493474630195814,0.8459712458174476,0.12053527955235636
25842,GOF,0.024279216169108362,0.8670719043332221,0.10864887949766953
25843,GOF,0.026644765173837737,0.8785425212386039,0.09481271358755847
25844,GOF,0.016035825442579487,0.8002715410525733,0.18369263350484707
25845,GOF,0.005479285812793938,0.5873576572579783,0.4071630569292279
25846,GOF,0.028786018687889835,0.8616341727468639,0.10957980856524639
25847,GOF,0.017121765830751423,0.8916304062523159,0.09124782791693274
25848,GOF,0.015755038311261068,0.8306492864638709,0.153595675224868
25849,GOF,0.00454906251765387,0.7040106916157521,0.291440245866594
25850,GOF,0.007026179051163738,0.7115106220961078,0.28146319885272847
25851,GOF,0.0058907939727108755,0.5891856252118992,0.40492358081539004
25852,GOF,0.1580302024460502,0.5494020099477372,0.2925677876062125
25853,GOF,0.07250551123022095,0.8392659611787973,0.08822852759098192
25854,GOF,0.010454668692131004,0.6620866573277424,0.32745867398012657
25855,GOF,0.013040152040495303,0.5978294625285072,0.3891303854309973
25856,GOF,0.03477996550216723,0.7191942871163376,0.24602574738149507
25857,GOF,0.015509782774073758,0.5616512809996892,0.422838936226237
25858,GOF,0.008629922526130849,0.5680059350299496,0.42336414244391957
25859,GOF,0.005560738114265622,0.5466201311567673,0.4478191307289671
25860,GOF,0.06584893617395142,0.8079600409770019,0.12619102284904665
25861,GOF,0.110507724352046,0.7959796905435021,0.09351258510445176
25862,GOF,0.020636041009652505,0.8538439180545828,0.12552004093576466
25863,GOF,0.01939904053924053,0.8588975991890734,0.12170336027168605
25864,GOF,0.0412827728921444,0.879950186512779,0.0787670405950767
25865,GOF,0.028131099178192443,0.8516855616469292,0.12018333917487838
25866,GOF,0.02069917130685192,0.8405684870755961,0.13873234161755213
25867,GOF,0.023017860348505725,0.8663392099544357,0.11064292969705854
25868,GOF,0.04928925489602905,0.8189155220234039,0.13179522308056693
25869,GOF,0.2943244005319631,0.6116668358854614,0.09400876358257536
25870,GOF,0.18123937336677928,0.547129510425737,0.2716311162074838
25871,GOF,0.022222841689595773,0.8570457781762091,0.12073138013419532
25872,GOF,0.019529536129238058,0.8270219097613001,0.1534485541094618
25873,GOF,0.019635548375700505,0.853687474440703,0.12667697718359652
25874,LOF,0.01532278109437161,0.14914896177606227,0.8355282571295662
25875,LOF,0.031774934220121745,0.03289508978525653,0.9353299759946219
25876,LOF,0.014521537703449394,0.026947086805564655,0.9585313754909859
25877,LOF,0.1194221333421827,0.05771145956403257,0.8228664070937848
25878,LOF,0.05173657251742721,0.07671223087747332,0.8715511966050995
25879,LOF,0.022707835543194235,0.06103054174605318,0.9162616227107526
25880,LOF,0.0442299949022231,0.008824668184711995,0.9469453369130648
25881,Neutral,0.5683483093582025,0.047608506972180276,0.3840431836696173
25882,LOF,0.024507296324873428,0.0336751711272499,0.9418175325478766
25883,LOF,0.06149815706587195,0.020483332429402437,0.9180185105047256
25884,LOF,0.012874138891898902,0.04545324877102052,0.9416726123370807
25885,LOF,0.19285346028187206,0.007888275471707068,0.7992582642464209
25886,LOF,0.20744034445414283,0.03335181218036187,0.7592078433654953
25887,LOF,0.14840002260231713,0.06068121264002195,0.7909187647576609
25888,LOF,0.014180642779376692,0.11092939533122857,0.8748899618893947
25889,LOF,0.01619599325096781,0.030453036957652457,0.9533509697913797
25890,LOF,0.12568218372702045,0.07880655339890805,0.7955112628740716
25891,LOF,0.044317966315711124,0.038859186752265365,0.9168228469320235
25892,LOF,0.010254553302530367,0.04869412481874495,0.9410513218787248
25893,LOF,0.3796534815243133,0.016004172783592722,0.604342345692094
25894,LOF,0.4218909989785276,0.00836586819208778,0.5697431328293845
25895,LOF,0.34842282691680343,0.01747676015065671,0.6341004129325398
25896,LOF,0.04508326236810358,0.0312210236482792,0.9236957139836172
25897,LOF,0.19177499478647528,0.01695505117597969,0.791269954037545
25898,LOF,0.24395909006627564,0.04551099149463479,0.7105299184390895
25899,LOF,0.23123410673425787,0.032919120023876196,0.7358467732418661
25900,LOF,0.4689814649670873,0.015668711680702007,0.5153498233522107
25901,LOF,0.04765893315889782,0.012158249260640646,0.9401828175804616
25902,LOF,0.10270445139113714,0.020453929218640532,0.8768416193902222
25903,LOF,0.3550620251788135,0.039115124573089036,0.6058228502480973
25904,Neutral,0.486649939337695,0.04384381727155331,0.4695062433907517
25905,LOF,0.006846611759804822,0.42323155318843353,0.5699218350517616
25906,LOF,0.007762683378621112,0.12684405006626842,0.8653932665551105
25907,LOF,0.003981980205155623,0.3567994400636752,0.6392185797311691
25908,LOF,0.0036179450134430314,0.25640104897745414,0.7399810060091029
25909,LOF,0.015232921837024283,0.1707410346400968,0.8140260435228789
25910,LOF,0.01571926456673653,0.12299518451035835,0.861285550922905
25911,LOF,0.17906583135487333,0.026840295964331004,0.7940938726807957
25912,LOF,0.06557155719316457,0.044553588928761774,0.8898748538780737
25913,LOF,0.06298002815460751,0.053212535665810246,0.8838074361795822
25914,LOF,0.02166442382599198,0.05039158369870228,0.9279439924753058
25915,LOF,0.12693111933665707,0.2631564937507335,0.6099123869126093
25916,LOF,0.018997665244990785,0.17432552329432027,0.8066768114606889
25917,LOF,0.05673812834544222,0.04429387655478186,0.898967995099776
25918,LOF,0.027404588238333197,0.03038904905007103,0.9422063627115959
25919,LOF,0.022477276866246298,0.030028750422352393,0.9474939727114013
25920,LOF,0.10480709959585714,0.19782139288485287,0.6973715075192899
25921,LOF,0.00915735850275132,0.03536918569910837,0.9554734557981402
25922,LOF,0.011503404190812394,0.028501951395040095,0.9599946444141475
25923,LOF,0.4065490274281672,0.03883790758619561,0.5546130649856372
25924,LOF,0.016341458327388064,0.04477053853786447,0.9388880031347474
25925,LOF,0.07803728710864774,0.048925052147464815,0.8730376607438874
25926,LOF,0.054764588943256476,0.041325983927980474,0.903909427128763
25927,LOF,0.02113523979024772,0.07198379695861629,0.9068809632511361
25928,LOF,0.007374071306611579,0.05319671000621307,0.9394292186871752
25929,Neutral,0.48666952673865144,0.035821791017287864,0.47750868224406073
25930,LOF,0.08194542128372416,0.03272423822032502,0.8853303404959508
25931,LOF,0.009206051811302293,0.035304320857194676,0.9554896273315031
25932,LOF,0.03651419948591176,0.028497591847145745,0.9349882086669425
25933,LOF,0.04234995396639976,0.018954191032256693,0.9386958550013436
25934,LOF,0.029682321426097162,0.020363388635169562,0.9499542899387332
25935,LOF,0.07176473943609661,0.05538480058462223,0.8728504599792811
25936,LOF,0.04277400025157253,0.02283577114737904,0.9343902286010484
25937,LOF,0.008839272479164518,0.03673586182032094,0.9544248657005145
25938,LOF,0.06581116185234237,0.057111719670270865,0.8770771184773868
25939,LOF,0.03554172906986602,0.023656054293333742,0.9408022166368003
25940,LOF,0.009943599163305544,0.29851730431078466,0.6915390965259097
25941,Neutral,0.5322331243930057,0.024595672641374224,0.44317120296562
25942,LOF,0.005018504812655332,0.047757293718075224,0.9472242014692694
25943,LOF,0.032365058978145886,0.1311314507941648,0.8365034902276894
25944,LOF,0.1191987371444012,0.06862626119272014,0.8121750016628786
25945,LOF,0.05879354521228611,0.01864215867016037,0.9225642961175535
25946,LOF,0.07451241602571249,0.05837744620187945,0.867110137772408
25947,Neutral,0.5008349330567341,0.06780876651900275,0.4313563004242631
25948,LOF,0.3365026819947325,0.009769738687835596,0.6537275793174319
25949,LOF,0.09408088142965097,0.05025845641891994,0.855660662151429
25950,GOF,0.05316436310436132,0.5902637237657746,0.35657191312986397
25951,LOF,0.016864518234382078,0.39189269181135644,0.5912427899542615
25952,LOF,0.2819703831117867,0.29114505110079225,0.426884565787421
25953,LOF,0.012035838976998505,0.17713504740408417,0.8108291136189173
25954,LOF,0.051462056823739985,0.44348036971841104,0.5050575734578491
25955,LOF,0.010909544953170019,0.165077652391357,0.8240128026554729
25956,LOF,0.02358331553945229,0.2894701128078799,0.6869465716526678
25957,LOF,0.19801059637739396,0.03264903258603236,0.7693403710365737
25958,LOF,0.05349206849462711,0.03080615345143662,0.9157017780539363
25959,GOF,0.014732585837503948,0.4973364958080662,0.4879309183544298
25960,LOF,0.005952742659307516,0.054099904828437115,0.9399473525122554
25961,LOF,0.0537037565429217,0.029110790230014262,0.917185453227064
25962,LOF,0.033362269353288475,0.07701853714184782,0.8896191935048637
25963,LOF,0.005038074889170713,0.26728104872424224,0.7276808763865871
25964,LOF,0.031214777127350168,0.10529163288330129,0.8634935899893486
25965,LOF,0.3019393512075593,0.14968348774608728,0.5483771610463534
25966,Neutral,0.4575746413921919,0.1338825049887136,0.40854285361909465
25967,LOF,0.005790663131493278,0.06740826302781373,0.926801073840693
25968,LOF,0.05000399842781686,0.2518476465472426,0.6981483550249404
25969,LOF,0.13557594623062985,0.06523754834212964,0.7991865054272406
25970,LOF,0.019882475531059117,0.08772825709446454,0.8923892673744764
25971,LOF,0.06856501399679357,0.02827108381560707,0.9031639021875993
25972,LOF,0.05870615359760603,0.03879402055331954,0.9024998258490745
25973,LOF,0.055515098403747465,0.013369661454508729,0.9311152401417438
25974,LOF,0.04074634136080801,0.04044810140074501,0.9188055572384469
25975,LOF,0.04208499339738813,0.029959438428321633,0.9279555681742903
25976,LOF,0.1035962342615341,0.013929713946729039,0.8824740517917369
25977,LOF,0.19903365740460024,0.0596753873164001,0.7412909552789996
25978,LOF,0.1356312275771656,0.13006411505674548,0.734304657366089
25979,LOF,0.12294293502502111,0.13553390792349265,0.7415231570514862
25980,LOF,0.23294017890088853,0.15888721091446859,0.6081726101846429
25981,LOF,0.23323066891568248,0.1590853525509475,0.60768397853337
25982,LOF,0.37854468062235375,0.10490939723980743,0.5165459221378388
25983,LOF,0.3785489989805385,0.12052989485890936,0.5009211061605521
25984,LOF,0.03599840086243539,0.05263382046578448,0.9113677786717802
25985,LOF,0.3924939385812721,0.11189221694890512,0.4956138444698229
25986,LOF,0.012037589818062173,0.39670640115314265,0.591256009028795
25987,LOF,0.034790368112058476,0.08674924224071782,0.8784603896472236
25988,LOF,0.14006495071991998,0.09192442979753782,0.7680106194825422
25989,LOF,0.04253148838985447,0.12762003820307946,0.8298484734070661
25990,LOF,0.04577838263707275,0.20895326234106432,0.7452683550218631
25991,LOF,0.02291436846067479,0.3594200201496736,0.6176656113896516
25992,LOF,0.02917157492417099,0.3778384191480103,0.5929900059278187
25993,LOF,0.0222426644849231,0.09687331458653022,0.8808840209285466
25994,LOF,0.017747253149699778,0.09449808411919801,0.8877546627311022
25995,LOF,0.018605222513947046,0.1934275758493325,0.7879672016367204
25996,LOF,0.3449622074617736,0.2921522360897744,0.362885556448452
25997,LOF,0.08938514817363206,0.3599243199329134,0.5506905318934546
25998,LOF,0.2953751510504521,0.05228607896478743,0.6523387699847604
25999,LOF,0.018713906536811913,0.24021282138047811,0.7410732720827099
26000,LOF,0.16963563437715298,0.031022007861651494,0.7993423577611956
26001,LOF,0.3216426505584951,0.023434740816394864,0.6549226086251099
26002,LOF,0.06761272204577966,0.04538100960215148,0.8870062683520689
26003,GOF,0.0038634658954410815,0.6340872014034442,0.36204933270111467
26004,GOF,0.006159405498861435,0.7284396298456516,0.26540096465548696
26005,GOF,0.0029493688643509462,0.5195869223599963,0.47746370877565275
26006,GOF,0.08118811957864099,0.6267415097195074,0.29207037070185166
26007,GOF,0.005820334407844063,0.6192110930756228,0.3749685725165331
26008,GOF,0.005581912751851436,0.6809042858175621,0.31351380143058644
26009,GOF,0.006198962032998035,0.697317991749358,0.29648304621764404
26010,GOF,0.006705928691482999,0.716583154490001,0.276710916818516
26011,GOF,0.0027118478427689157,0.519493374232496,0.47779477792473507
26012,GOF,0.0037695873092921535,0.5915008863123583,0.4047295263783496
26013,GOF,0.004684349247336464,0.6520305665041947,0.3432850842484689
26014,LOF,0.03859568738270074,0.09464861686650117,0.8667556957507981
26015,LOF,0.11613939797526297,0.019396510005042628,0.8644640920196943
26016,LOF,0.22992569952185896,0.033895441927370214,0.7361788585507709
26017,LOF,0.02175551195137827,0.17054398850450958,0.807700499544112
26018,LOF,0.049761498511315554,0.035858015674131855,0.9143804858145527
26019,LOF,0.04854773715779797,0.03021628899922172,0.9212359738429803
26020,LOF,0.008864846789788085,0.18784295792630823,0.8032921952839037
26021,LOF,0.06930083021045254,0.06221614467705629,0.8684830251124911
26022,LOF,0.026508536016461862,0.024956138444938814,0.9485353255385994
26023,LOF,0.04272360570411272,0.02389322013691564,0.9333831741589717
26024,LOF,0.0441547835371527,0.060346930972374896,0.8954982854904725
26025,LOF,0.050034354780614174,0.06765241751383358,0.8823132277055522
26026,LOF,0.09821415631071422,0.0487043968414157,0.85308144684787
26027,LOF,0.04447031243956703,0.019144530880140894,0.936385156680292
26028,LOF,0.08095222046121231,0.12253043524936647,0.7965173442894212
26029,LOF,0.025646719923313067,0.2120812698720219,0.7622720102046651
26030,LOF,0.16047495572404966,0.03151470872646411,0.8080103355494862
26031,LOF,0.015099712149342944,0.17608691940458981,0.8088133684460672
26032,LOF,0.06685744378687909,0.07389002766517146,0.8592525285479495
26033,LOF,0.08613010842978866,0.06881660879204508,0.8450532827781663
26034,LOF,0.014292863840933465,0.1975795579729298,0.7881275781861368
26035,LOF,0.013217179603880686,0.14784395070763415,0.8389388696884852
26036,LOF,0.014862974861586392,0.17928203534446327,0.8058549897939503
26037,LOF,0.011585629669335712,0.13018703300213005,0.8582273373285342
26038,LOF,0.056010592119140494,0.06852638049777485,0.8754630273830847
26039,LOF,0.023525208886966048,0.18187197814633774,0.7946028129666962
26040,LOF,0.11223912351825067,0.16776115901439564,0.7199997174673537
26041,LOF,0.0140854559442575,0.11749431662125442,0.868420227434488
26042,LOF,0.012763372230943041,0.12027189610723653,0.8669647316618203
26043,LOF,0.05529938705848151,0.08825971313170321,0.8564408998098153
26044,LOF,0.011474773112561207,0.07170284033359993,0.9168223865538387
26045,LOF,0.05065214077485333,0.13073192643228626,0.8186159327928605
26046,LOF,0.04989134923221428,0.06995224247868836,0.8801564082890972
26047,LOF,0.08145602633124363,0.06808466776295255,0.8504593059058039
26048,LOF,0.04746814000109194,0.04568671886757668,0.9068451411313313
26049,Neutral,0.9643728808728942,0.006797348432860564,0.0288297706942453
26050,Neutral,0.9511915404960951,0.007403238201952139,0.04140522130195277
26051,LOF,0.014294440948659335,0.17231768700769792,0.8133878720436428
26052,LOF,0.021212373680645182,0.2195416242640773,0.7592460020552776
26053,LOF,0.020626111086574764,0.14433708559707384,0.8350368033163514
26054,LOF,0.05373447006748252,0.014950497154146775,0.9313150327783708
26055,LOF,0.06585148260073943,0.015670808708285338,0.9184777086909751
26056,LOF,0.05814703446655725,0.018949409180610135,0.9229035563528325
26057,LOF,0.032574171006570764,0.011408693273905616,0.9560171357195235
26058,LOF,0.033425834625971367,0.010156924911171528,0.956417240462857
26059,LOF,0.3468701181155275,0.018626241159755832,0.6345036407247168
26060,LOF,0.011587792014624908,0.15440315147734604,0.834009056508029
26061,LOF,0.0051020722175224836,0.01334023070703702,0.9815576970754405
26062,LOF,0.0038418135235132756,0.018833163632330143,0.9773250228441567
26063,LOF,0.022618439491315128,0.009831334505691177,0.9675502260029937
26064,LOF,0.006493807787101441,0.024369207139256048,0.9691369850736424
26065,LOF,0.026442335861424648,0.010411194939760624,0.9631464691988147
26066,LOF,0.0247620810324929,0.009597332159250443,0.9656405868082566
26067,LOF,0.03077401137011495,0.008029208615512422,0.9611967800143726
26068,LOF,0.04315827317162249,0.029471868445778836,0.9273698583825988
26069,LOF,0.3397800900908511,0.01644367470761421,0.6437762352015346
26070,LOF,0.4783867899295859,0.012845373806002947,0.5087678362644111
26071,LOF,0.0248833170582283,0.010068898032090897,0.9650477849096808
26072,LOF,0.005451762481316006,0.02260499874042024,0.9719432387782637
26073,LOF,0.022140363817471368,0.012595300855236049,0.9652643353272926
26074,Neutral,0.9199329811252023,0.00572207913644878,0.0743449397383489
26075,LOF,0.04328334159249864,0.014495045920167147,0.9422216124873343
26076,LOF,0.03687625982525939,0.009326598623686448,0.9537971415510542
26077,LOF,0.11579590025445968,0.00812550768390933,0.876078592061631
26078,LOF,0.005497391870619841,0.015036120304213422,0.9794664878251667
26079,LOF,0.06065276340151705,0.016133528291234885,0.9232137083072481
26080,LOF,0.058501070078373164,0.016173899746175,0.9253250301754518
26081,LOF,0.031204857469314357,0.007569928156633996,0.9612252143740516
26082,LOF,0.004501513363311462,0.015739961292032683,0.9797585253446558
26083,LOF,0.1068047838362602,0.015580659216568853,0.8776145569471709
26084,LOF,0.0397117109140447,0.012176448060041168,0.9481118410259143
26085,LOF,0.03538065432680399,0.010883003757722023,0.953736341915474
26086,LOF,0.023448162461664125,0.010033102128878703,0.9665187354094572
26087,LOF,0.021823551924490432,0.008893092677072448,0.9692833553984372
26088,LOF,0.005466230416837973,0.0190587890901153,0.9754749804930467
26089,LOF,0.04172293548670058,0.018728073395742843,0.9395489911175566
26090,LOF,0.04166937401042205,0.015891594951905886,0.9424390310376721
26091,LOF,0.02930337701442219,0.006762968806947266,0.9639336541786305
26092,LOF,0.024987163627209135,0.007534989492806549,0.9674778468799844
26093,LOF,0.041229559072336414,0.00633816624401951,0.9524322746836441
26094,LOF,0.033818048577796474,0.006389861548958991,0.9597920898732446
26095,LOF,0.018332791404600188,0.01756845081519704,0.9640987577802027
26096,LOF,0.1641681473137605,0.0063228632168008175,0.8295089894694386
26097,LOF,0.004693479583632206,0.03773455962459682,0.9575719607917711
26098,LOF,0.08376622914587904,0.015423617226640988,0.9008101536274801
26099,LOF,0.023816304998202302,0.012842680760742848,0.9633410142410549
26100,LOF,0.023669285169712045,0.012844087275871887,0.9634866275544159
26101,LOF,0.054389653470996974,0.018049015544984094,0.9275613309840189
26102,LOF,0.021959605971285056,0.013526203867688814,0.9645141901610262
26103,Neutral,0.8355455350896668,0.018126398680505248,0.14632806622982802
26104,LOF,0.07541940756616623,0.0222662739966539,0.9023143184371799
26105,LOF,0.2553118707252223,0.13733110393104742,0.6073570253437302
26106,LOF,0.36847765310654457,0.12095471756962073,0.5105676293238347
26107,LOF,0.022111209056684265,0.10714093620749697,0.8707478547358187
26108,LOF,0.3333950639043636,0.04110268695524396,0.6255022491403925
26109,LOF,0.03585626463986901,0.07172482659186809,0.8924189087682628
26110,LOF,0.19988760519152993,0.006616896909245126,0.793495497899225
26111,LOF,0.0848223107416701,0.07917889174020291,0.835998797518127
26112,LOF,0.037111651274933356,0.007041243841894679,0.9558471048831719
26113,LOF,0.06289740924296626,0.014956556429291277,0.9221460343277423
26114,LOF,0.07037763291257854,0.011104766103369754,0.9185176009840518
26115,LOF,0.017928198840537913,0.07085415728607257,0.9112176438733894
26116,LOF,0.10000533883430596,0.04371378979374143,0.8562808713719526
26117,LOF,0.3908884145579694,0.04242427090466556,0.566687314537365
26118,LOF,0.03104698773754625,0.020017688663720612,0.9489353235987331
26119,LOF,0.004471217695823384,0.04503355717468205,0.9504952251294946
26120,LOF,0.02539699726911645,0.018998765940605372,0.9556042367902782
26121,LOF,0.003801758649418282,0.1459008048685989,0.8502974364819827
