feature0,prediction,LoGoFunc_Neutral,LoGoFunc_GOF,LoGoFunc_LOF
25546,Neutral,0.647943484257241,0.06974576056951448,0.28231075517324444
25547,LOF,0.435777056322114,0.12626620108676734,0.43795674259111855
25548,Neutral,0.47847428223066796,0.09685751820640262,0.4246681995629295
25549,LOF,0.4111640171443834,0.10234345402825688,0.48649252882735977
25550,LOF,0.32355754575767803,0.16245027094469963,0.5139921832976223
25551,LOF,0.2754677208160167,0.1869226770482268,0.5376096021357565
25552,LOF,0.1934282729055154,0.17148096092741702,0.6350907661670676
25553,Neutral,0.7865363174089447,0.05659354752016462,0.15687013507089062
25554,LOF,0.2304239066291928,0.16867665537276458,0.6008994379980426
25555,LOF,0.1901557422195534,0.1501334379679273,0.6597108198125193
25556,LOF,0.38493233416763695,0.13398424364378114,0.48108342218858197
25557,LOF,0.18450074848820733,0.1575822693245778,0.657916982187215
25558,LOF,0.2291065278034888,0.16447858278585553,0.6064148894106557
25559,LOF,0.17970765408178233,0.1307615917474313,0.6895307541707865
25560,LOF,0.07353631213346251,0.13942961349839883,0.7870340743681388
25561,LOF,0.1472647672873119,0.12859256676561023,0.7241426659470779
25562,LOF,0.06788551677169002,0.08655548609092659,0.8455589971373834
25563,LOF,0.09446495520251398,0.09615465209748489,0.8093803927000012
25564,LOF,0.23822083711704936,0.16337284360090498,0.5984063192820457
25565,LOF,0.16236636351747494,0.13553835410845128,0.7020952823740738
25566,GOF,0.02161964540295144,0.7686842687470048,0.20969608585004387
25567,LOF,0.019886499646530314,0.19302148148158466,0.7870920188718851
25568,LOF,0.06449739465858702,0.08006257048706086,0.8554400348543522
25569,LOF,0.060287336583155535,0.08431280603620525,0.8553998573806392
25570,LOF,0.0317993793083826,0.1132855281842223,0.8549150925073952
25571,LOF,0.030326670824488554,0.10871125176066047,0.860962077414851
25572,LOF,0.032771743942538845,0.13838986503806333,0.8288383910193978
25573,LOF,0.027978356565227135,0.11166895396168082,0.8603526894730921
25574,LOF,0.01738261557701939,0.1738781328263241,0.8087392515966565
25575,LOF,0.025622011216149577,0.1221630926146106,0.8522148961692397
25576,LOF,0.011581065280105142,0.1612759308192929,0.827143003900602
25577,LOF,0.010638226397291482,0.12954927022406237,0.8598125033786461
25578,LOF,0.2875296274692372,0.09234363902834568,0.6201267335024171
25579,LOF,0.1282502302649345,0.0986786916797545,0.7730710780553111
25580,LOF,0.01986246183914909,0.08984206647644866,0.8902954716844023
25581,LOF,0.046090313221901394,0.08090717093859724,0.8730025158395014
25582,LOF,0.04591681782876738,0.0795694990292548,0.8745136831419779
25583,LOF,0.021729974827412405,0.10023649305990748,0.8780335321126801
25584,Neutral,0.5404530374056485,0.10152887408177896,0.3580180885125725
25585,LOF,0.011706284404451966,0.1544367252892576,0.8338569903062905
25586,LOF,0.01919715085888945,0.08372742281225928,0.8970754263288513
25587,LOF,0.018481390218104753,0.07603633043950588,0.9054822793423895
25588,LOF,0.01865525814872819,0.09387573366905146,0.8874690081822203
25589,Neutral,0.6445805962751374,0.13741332945688875,0.21800607426797383
25590,LOF,0.01975970346341275,0.13380718894798005,0.8464331075886072
25591,LOF,0.08483991653680797,0.06672407596642463,0.8484360074967674
25592,LOF,0.05237969352842142,0.1452811962821858,0.8023391101893929
25593,LOF,0.023256853046077507,0.25482912743332414,0.7219140195205983
25594,LOF,0.03606778906222638,0.11036306544925849,0.8535691454885151
25595,LOF,0.035601256373520046,0.08188504676580353,0.8825136968606764
25596,LOF,0.050664048707760846,0.06676478623093735,0.8825711650613018
25597,LOF,0.03276021178823337,0.06869413305860056,0.8985456551531661
25598,LOF,0.031662978864421376,0.09395310859196998,0.8743839125436087
25599,GOF,0.008509862747437397,0.6045378426467114,0.38695229460585107
25600,GOF,0.03052038754836518,0.6597341675175697,0.3097454449340652
25601,LOF,0.012782448605548051,0.4403391463529232,0.5468784050415287
25602,LOF,0.014179031374986455,0.05149736345359085,0.9343236051714228
25603,LOF,0.04732252470144851,0.01985742353929434,0.9328200517592571
25604,LOF,0.016621162821462046,0.06639830495670444,0.9169805322218335
25605,LOF,0.007531247807822943,0.199545482794461,0.792923269397716
25606,LOF,0.09131828870873673,0.3538709928589169,0.5548107184323464
25607,LOF,0.00506208872595039,0.23276518358926818,0.7621727276847814
25608,LOF,0.012375730659180583,0.11116322294336971,0.8764610463974496
25609,LOF,0.09081290809533749,0.3501363029367654,0.5590507889678972
25610,LOF,0.018656643917932234,0.025726702866006704,0.9556166532160612
25611,LOF,0.018218136787817585,0.027664055817277305,0.9541178073949051
25612,LOF,0.05828596165705337,0.03515328706752522,0.9065607512754214
25613,LOF,0.0518723330436633,0.0362201848155192,0.9119074821408175
25614,LOF,0.02633603260319682,0.028339260195969804,0.9453247072008334
25615,LOF,0.01791083364587441,0.03878301895045115,0.9433061474036744
25616,LOF,0.05174719865452049,0.028334255347081456,0.9199185459983981
25617,LOF,0.05128648451149912,0.03356134910721187,0.915152166381289
25618,LOF,0.05714869051708054,0.0350424454600378,0.9078088640228817
25619,LOF,0.017429259779943914,0.030653935651285057,0.951916804568771
25620,LOF,0.06694946898332135,0.03784008675817309,0.8952104442585056
25621,LOF,0.018307551851756098,0.03504409506165595,0.946648353086588
25622,LOF,0.02426560072725979,0.03830780104075233,0.9374265982319879
25623,LOF,0.03672322970111936,0.03227760743103411,0.9309991628678466
25624,LOF,0.021785284895260913,0.03540752139874104,0.9428071937059982
25625,LOF,0.023687223377181994,0.04934508556095398,0.926967691061864
25626,LOF,0.052270898660020146,0.03576803064979309,0.9119610706901868
25627,Neutral,0.5663511254138887,0.10396924815150246,0.32967962643460874
25628,LOF,0.18194206814527442,0.053152828339108935,0.7649051035156166
25629,LOF,0.03994586444002115,0.05625644032880663,0.9037976952311721
25630,LOF,0.1363015667444702,0.08837105570307204,0.7753273775524578
25631,Neutral,0.5887737796091727,0.05774797318163118,0.3534782472091962
25632,LOF,0.0073286937197006245,0.06423793939279779,0.9284333668875017
25633,LOF,0.20600160151589827,0.04544378598838612,0.7485546124957156
25634,LOF,0.028506372447496226,0.09649801179966762,0.8749956157528361
25635,LOF,0.03704223839951853,0.05158639184461413,0.9113713697558674
25636,GOF,0.00528595147517636,0.5892788089283773,0.40543523959644634
25637,GOF,0.007815626959617171,0.6116453199874328,0.3805390530529501
25638,LOF,0.010227598880030353,0.3159350468315368,0.6738373542884329
25639,LOF,0.0052060764937033426,0.453765552406087,0.5410283711002097
25640,GOF,0.4322568365539741,0.47716276101261534,0.09058040243341058
25641,LOF,0.013110553686012136,0.32655870461511793,0.66033074169887
25642,LOF,0.2473540885531452,0.06006139868047175,0.6925845127663831
25643,LOF,0.13276327818652153,0.16159670309300844,0.70564001872047
25644,LOF,0.009548098329103114,0.45233699989330545,0.5381149017775915
25645,LOF,0.007997622415286686,0.425259450221065,0.5667429273636483
25646,LOF,0.013235197884475424,0.31501401645297306,0.6717507856625515
25647,LOF,0.010294045574375224,0.2698869890151196,0.7198189654105052
25648,LOF,0.00977381479004544,0.25654672810811346,0.7336794571018412
25649,LOF,0.007757294187132322,0.19614558814697694,0.7960971176658908
25650,LOF,0.014951364703817893,0.3967406346674836,0.5883080006286985
25651,LOF,0.005818803335204367,0.2690566689065388,0.7251245277582568
25652,LOF,0.009082920106664583,0.25707997896833623,0.7338371009249992
25653,LOF,0.027738075155762355,0.37399062769281743,0.5982712971514201
25654,LOF,0.010478239366948411,0.14942870404005398,0.8400930565929976
25655,LOF,0.04989693029154293,0.3921382632338241,0.557964806474633
25656,LOF,0.18661911576464932,0.04878841500011502,0.7645924692352356
25657,LOF,0.2512129467978069,0.029487623626335377,0.7192994295758577
25658,LOF,0.08108318657437608,0.08142502105216047,0.8374917923734634
25659,LOF,0.3982214590948069,0.0700299307522244,0.5317486101529687
25660,LOF,0.028759982136572656,0.09563071125024104,0.8756093066131864
25661,LOF,0.08980215017338466,0.0636619856859618,0.8465358641406534
25662,LOF,0.03109540909725958,0.04432247961325123,0.9245821112894891
25663,LOF,0.039372723876683065,0.06691055345996377,0.8937167226633532
25664,LOF,0.04403221898932081,0.08067236224374674,0.8752954187669324
25665,LOF,0.05429910394001331,0.034493271321136144,0.9112076247388505
25666,LOF,0.035983426359381655,0.10986538323976877,0.8541511904008495
25667,LOF,0.06381200831734181,0.04970352790659423,0.8864844637760639
25668,LOF,0.03356139412696564,0.052982249064384264,0.9134563568086501
25669,LOF,0.030247697983965028,0.07569414857955843,0.8940581534364765
25670,LOF,0.05320383768729979,0.061400491524710804,0.8853956707879895
25671,LOF,0.08774863205562237,0.043592063851590715,0.868659304092787
25672,LOF,0.05694806759449285,0.045630469521145335,0.8974214628843619
25673,LOF,0.02479394999557889,0.06192062857031443,0.9132854214341067
25674,LOF,0.021591203913588843,0.07342400031235095,0.9049847957740601
25675,LOF,0.03469623579592952,0.065270196482599,0.9000335677214714
25676,LOF,0.01820993376021685,0.057354559786989626,0.9244355064527936
25677,LOF,0.02750039261431383,0.06787503463758048,0.9046245727481056
25678,LOF,0.18187538375544265,0.05606756489488552,0.7620570513496719
25679,LOF,0.17024032323427837,0.08235862430709949,0.7474010524586222
25680,LOF,0.04463189646997728,0.1067472441803001,0.8486208593497225
25681,LOF,0.07091896133714914,0.10379932422566494,0.8252817144371859
25682,LOF,0.13316282011903852,0.076641936337377,0.7901952435435845
25683,LOF,0.07898527500666935,0.11497186854982022,0.8060428564435104
25684,LOF,0.04460658086521277,0.07840044078290488,0.8769929783518824
25685,LOF,0.07733756008183351,0.05665659156828897,0.8660058483498776
25686,LOF,0.026734888856049892,0.07951627633741178,0.8937488348065383
25687,LOF,0.055783320248326114,0.06742274909338801,0.8767939306582858
25688,LOF,0.0484435392396059,0.0636776051602717,0.8878788556001225
25689,LOF,0.027222889727780402,0.07390889632876334,0.8988682139434562
25690,LOF,0.03793161079505202,0.05805701488978403,0.9040113743151639
25691,LOF,0.2532037354274268,0.07721010278237805,0.6695861617901951
25692,LOF,0.27588534535946097,0.007126466306394373,0.7169881883341446
25693,LOF,0.07606677447305604,0.24558147108368386,0.6783517544432601
25694,LOF,0.2347123954235188,0.013561627777398012,0.7517259767990833
25695,LOF,0.14429614667798954,0.023067415209405286,0.8326364381126051
25696,LOF,0.11032200634143514,0.011125487345997307,0.8785525063125675
25697,LOF,0.09380497377561714,0.02295629657297657,0.8832387296514063
25698,LOF,0.05452741878621635,0.4313112355006919,0.5141613457130918
25699,LOF,0.06632760008799189,0.08528994145795124,0.8483824584540569
25700,LOF,0.056595346627212724,0.00984826396038605,0.9335563894124013
25701,LOF,0.01684610321377347,0.07937365331084993,0.9037802434753766
25702,GOF,0.0400112531035018,0.691697310526779,0.26829143636971914
25703,LOF,0.00906828090892258,0.1639009785672147,0.8270307405238627
25704,LOF,0.05849644541747215,0.14078315119609716,0.8007204033864307
25705,LOF,0.06575097436264148,0.25745853427120136,0.6767904913661572
25706,GOF,0.024974867590310753,0.5017764793241356,0.4732486530855536
25707,LOF,0.017789919947792148,0.4746513585316141,0.5075587215205938
25708,LOF,0.007599815092665856,0.44983622747984797,0.5425639574274862
25709,LOF,0.05701254846273315,0.0684040432901009,0.874583408247166
25710,LOF,0.005033996765653278,0.1751273204498454,0.8198386827845013
25711,LOF,0.01700131133540845,0.14355402948482032,0.8394446591797713
25712,LOF,0.006576651383422179,0.2155508438112689,0.777872504805309
25713,LOF,0.017066480696190118,0.13269923596813687,0.850234283335673
25714,LOF,0.06063218312469235,0.15349174121219727,0.7858760756631102
25715,LOF,0.011077942068558364,0.17412450495440204,0.8147975529770397
25716,LOF,0.005578012892301681,0.13142863877249394,0.8629933483352044
25717,LOF,0.005525788085178501,0.11242705694947898,0.8820471549653425
25718,LOF,0.012428782943663941,0.11264560093905567,0.8749256161172804
25719,LOF,0.01772500987618091,0.12412369498962131,0.8581512951341977
25720,LOF,0.01965384044571131,0.11107038571365599,0.8692757738406326
25721,LOF,0.015861513837720782,0.1333427760779469,0.8507957100843323
25722,LOF,0.013952610765392389,0.15837021695662545,0.8276771722779822
25723,LOF,0.019083835973896655,0.09305963585870908,0.8878565281673942
25724,LOF,0.01647552163307592,0.1373354370084421,0.8461890413584819
25725,LOF,0.011366866752590556,0.09960856186619985,0.8890245713812096
25726,LOF,0.013889495879879404,0.1494093983051009,0.8367011058150198
25727,LOF,0.012037198848161438,0.11167357796645117,0.8762892231853874
25728,LOF,0.010376351015470625,0.13582052441748627,0.8538031245670432
25729,LOF,0.01071218610062957,0.13773320434244074,0.8515546095569296
25730,LOF,0.01552251205314565,0.11442828070782968,0.8700492072390248
25731,LOF,0.007279043677411071,0.15738416721386866,0.8353367891087202
25732,LOF,0.015321750415847206,0.10940097416983544,0.8752772754143174
25733,LOF,0.015135911634606054,0.09786029491784534,0.8870037934475486
25734,LOF,0.005171120470134086,0.15000860729728652,0.8448202722325794
25735,LOF,0.013687969207846044,0.09531287571235378,0.8909991550798003
25736,LOF,0.013824956632325842,0.14000294756328815,0.8461720958043859
25737,LOF,0.01837451475818943,0.10919048943254746,0.8724349958092631
25738,LOF,0.013251125602249524,0.16106212894942884,0.8256867454483215
25739,LOF,0.01949635590845391,0.1376302713798939,0.8428733727116522
25740,LOF,0.02902175115713943,0.14906438918207193,0.8219138596607887
25741,LOF,0.015115501826335953,0.12906138011380452,0.8558231180598594
25742,LOF,0.08989727613960108,0.13224493241588475,0.7778577914445142
25743,LOF,0.01362975892982073,0.030346691964282628,0.9560235491058966
25744,LOF,0.2314074136924019,0.29344206948131035,0.47515051682628784
25745,LOF,0.028415692299257528,0.044987029014619595,0.9265972786861228
25746,LOF,0.017125804591793085,0.05548585820345704,0.9273883372047499
25747,LOF,0.027811032852215818,0.024033887863289454,0.9481550792844948
25748,LOF,0.1242061148754037,0.044621106511874356,0.8311727786127219
25749,LOF,0.014390250617880311,0.04027032246962282,0.945339426912497
25750,LOF,0.03429727654373813,0.05984088441499353,0.9058618390412684
25751,LOF,0.10412993782795742,0.0479089470492879,0.8479611151227546
25752,GOF,0.11370114029506077,0.619637464467562,0.26666139523737725
25753,LOF,0.007535605626443413,0.29623897117100073,0.6962254232025559
25754,GOF,0.00465298897962422,0.7942815671807796,0.20106544383959607
25755,LOF,0.008831712251072807,0.382265705105885,0.6089025826430423
25756,LOF,0.041836126291386784,0.38917928350935366,0.5689845901992595
25757,GOF,0.006116514132513855,0.8563857739664873,0.1374977119009989
25758,GOF,0.006915511614884442,0.8578798970700576,0.13520459131505796
25759,GOF,0.004370649640782525,0.5537000760113956,0.4419292743478219
25760,LOF,0.004883302586596058,0.25530989866752407,0.73980679874588
25761,GOF,0.0456443069717659,0.8275462503031463,0.12680944272508768
25762,LOF,0.030067513762860938,0.2965216345525408,0.6734108516845982
25763,LOF,0.005952133325341024,0.2167415628038787,0.7773063038707803
25764,GOF,0.1799266500360215,0.48557020419276936,0.334503145771209
25765,GOF,0.011023352116843303,0.777390780964167,0.21158586691898976
25766,GOF,0.01990237741254621,0.8090334482297165,0.17106417435773727
25767,LOF,0.02099245165552047,0.4825189963305604,0.49648855201391917
25768,LOF,0.0782957029665998,0.07049958395631417,0.851204713077086
25769,LOF,0.0850300722483075,0.05534699132520013,0.8596229364264923
25770,LOF,0.3358344134125569,0.0708573117044518,0.5933082748829913
25771,LOF,0.014861862763700006,0.05406702678271497,0.9310711104535849
25772,LOF,0.021280486160075707,0.027033916339776375,0.9516855975001479
25773,LOF,0.011537134527425729,0.10828344276215456,0.8801794227104197
25774,LOF,0.02393660939343425,0.06680514066197503,0.9092582499445906
25775,LOF,0.015122522009953333,0.04577851918264426,0.9390989588074025
25776,LOF,0.08614960490195553,0.02075244165289988,0.8930979534451446
25777,LOF,0.3073953492393381,0.043079525388954855,0.649525125371707
25778,LOF,0.0718309382276399,0.039697666570319874,0.8884713952020402
25779,GOF,0.06458003384227698,0.8785854629086159,0.056834503249107236
25780,GOF,0.06412745020373387,0.8492819846387389,0.08659056515752711
25781,GOF,0.026626156936784957,0.8461425501911174,0.12723129287209764
25782,GOF,0.031298966251365426,0.8783478420071652,0.09035319174146927
25783,GOF,0.012622261475144171,0.6553110364333545,0.33206670209150135
25784,GOF,0.11434032943712327,0.8268879622112385,0.058771708351638335
25785,GOF,0.07657023346808979,0.869349079227631,0.054080687304279174
25786,GOF,0.006170342670667525,0.7863444652532736,0.2074851920760587
25787,GOF,0.18172799334836057,0.7680592156964388,0.0502127909552007
25788,LOF,0.04706802140636047,0.1198231022832648,0.8331088763103747
25789,GOF,0.03851066023921002,0.7875430057489241,0.17394633401186588
25790,GOF,0.03890664132301712,0.8348452439658033,0.1262481147111795
25791,GOF,0.02981485706074726,0.7614300795998344,0.20875506333941823
25792,GOF,0.046998664132486254,0.7647233286958446,0.18827800717166912
25793,GOF,0.06737075510077525,0.7268378469191609,0.2057913979800639
25794,GOF,0.10878596560035096,0.6895559160426527,0.20165811835699637
25795,GOF,0.028508544765449412,0.7411087287517728,0.2303827264827777
25796,GOF,0.12551822816657981,0.7628059524160216,0.11167581941739864
25797,GOF,0.03646154288385629,0.5750708842836713,0.38846757283247246
25798,GOF,0.0033083122395128335,0.538134340131801,0.4585573476286862
25799,LOF,0.003055626015045273,0.41627253103607875,0.5806718429488761
25800,GOF,0.010631877034595399,0.607489170732854,0.38187895223255064
25801,GOF,0.02987957957534493,0.8246225128018455,0.14549790762280956
25802,GOF,0.019198145495682963,0.7023955979085801,0.278406256595737
25803,GOF,0.010433491094811308,0.5993041564330447,0.390262352472144
25804,LOF,0.012611686728437616,0.47900372749299,0.5083845857785724
25805,GOF,0.021134816321152515,0.6001775459686002,0.3786876377102475
25806,GOF,0.019333630137704214,0.6437424864666554,0.33692388339564033
25807,GOF,0.005250925975734974,0.6330610224442572,0.36168805158000783
25808,GOF,0.015176706722200293,0.6321825068065116,0.3526407864712883
25809,GOF,0.005896191360646439,0.6185316746156493,0.3755721340237044
25810,GOF,0.005044060186431823,0.6307060286757744,0.36424991113779376
25811,GOF,0.09117170964632895,0.8010189627229027,0.10780932763076824
25812,GOF,0.012895142542609796,0.6091214607237292,0.377983396733661
25813,GOF,0.11012001540642896,0.7280233095825467,0.16185667501102435
25814,GOF,0.0287931144602881,0.691309412817348,0.27989747272236387
25815,GOF,0.0408948506775469,0.7011489523781059,0.2579561969443472
25816,GOF,0.007843208680420863,0.74881432369382,0.24334246762575923
25817,GOF,0.07196760020818393,0.7618110055595654,0.1662213942322507
25818,GOF,0.01636207811344354,0.6951142638905983,0.28852365799595814
25819,GOF,0.0692398469071674,0.718690672868669,0.21206948022416364
25820,GOF,0.03270378605050204,0.7037124123609664,0.26358380158853145
25821,GOF,0.01629587472417605,0.6894114916191545,0.29429263365666947
25822,GOF,0.03515660193879096,0.6893049483848247,0.2755384496763843
25823,GOF,0.01176230683305231,0.5363102683800591,0.4519274247868885
25824,GOF,0.02105466962288253,0.6678888477922215,0.3110564825848961
25825,GOF,0.012210978135517839,0.6405975270185011,0.34719149484598105
25826,GOF,0.005084149532981654,0.6103657915572878,0.38455005890973054
25827,GOF,0.00803827918336298,0.6030747276514984,0.3888869931651385
25828,GOF,0.005083085856001603,0.5288371194165633,0.4660797947274351
25829,GOF,0.002754919907317542,0.5865652372849368,0.4106798428077458
25830,LOF,0.03703528852226253,0.37249556766156844,0.5904691438161691
25831,GOF,0.03469571985229295,0.8348671934465027,0.1304370867012044
25832,GOF,0.007803582529132674,0.773778601887402,0.21841781558346535
25833,GOF,0.026176580862572303,0.8104877038982777,0.16333571523914978
25834,GOF,0.008359714904562493,0.7730938282258543,0.2185464568695833
25835,GOF,0.016850755418440475,0.813362302093541,0.1697869424880186
25836,GOF,0.006600030194223245,0.7668722383934993,0.22652773141227758
25837,GOF,0.006581919555900206,0.6624536679273734,0.3309644125167264
25838,GOF,0.020661171266082565,0.8248903888907747,0.15444843984314272
25839,GOF,0.04519171720171634,0.7805496488056743,0.17425863399260944
25840,GOF,0.03879053596321762,0.801450470234441,0.15975899380234135
25841,GOF,0.03772567414141787,0.8204415611164053,0.1418327647421769
25842,GOF,0.025027706523666208,0.8636958632291782,0.11127643024715561
25843,GOF,0.026985887722084018,0.8852458692456003,0.08776824303231569
25844,GOF,0.01713339419350425,0.8067323022286749,0.17613430357782076
25845,GOF,0.005276258498574711,0.576008819094383,0.4187149224070422
25846,GOF,0.027452339820098225,0.8494866320754595,0.12306102810444228
25847,GOF,0.018927218083519694,0.877343666284714,0.10372911563176612
25848,GOF,0.013074626738150567,0.7804784251953351,0.20644694806651448
25849,GOF,0.0041967112211381535,0.6541896762787988,0.34161361250006306
25850,GOF,0.0069580341183285025,0.6851321015186752,0.3079098643629961
25851,GOF,0.0059241827064840154,0.5653348284719268,0.428740988821589
25852,GOF,0.15630631610230264,0.5199263813506478,0.32376730254704955
25853,GOF,0.0635803368456335,0.8299508759869917,0.10646878716737493
25854,GOF,0.00887151956289482,0.6432654406587219,0.3478630397783833
25855,GOF,0.013270784838524698,0.5952651128352159,0.39146410232625933
25856,GOF,0.03807542850152229,0.7135557594167822,0.24836881208169545
25857,GOF,0.012375252888034255,0.5372702062297304,0.4503545408822353
25858,GOF,0.00746740068856163,0.5523109977483013,0.44022160156313717
25859,GOF,0.004863786894118171,0.5246848869271159,0.47045132617876595
25860,GOF,0.06648476965802616,0.7832086093118165,0.15030662103015743
25861,GOF,0.12456394390124316,0.7674411709921687,0.10799488510658815
25862,GOF,0.01855408143463507,0.8330323074164352,0.14841361114892956
25863,GOF,0.017466124205058157,0.8546037192080874,0.12793015658685447
25864,GOF,0.04231405400934987,0.8661633890194894,0.09152255697116057
25865,GOF,0.030378216111193988,0.8319452458319317,0.13767653805687433
25866,GOF,0.02394958788382582,0.8314814809454227,0.14456893117075137
25867,GOF,0.02478134126916647,0.8636963307366594,0.11152232799417404
25868,GOF,0.048555185002098454,0.7947461654091419,0.1566986495887597
25869,GOF,0.29359459386066306,0.5951168447113638,0.1112885614279731
25870,GOF,0.17008534813391318,0.5393779001987201,0.29053675166736675
25871,GOF,0.029890499606626545,0.8409248654527751,0.12918463494059845
25872,GOF,0.01613829217380816,0.7678764059097251,0.2159853019164668
25873,GOF,0.018313687826267102,0.8405749819088071,0.14111133026492578
25874,LOF,0.01687251459316561,0.12916027054051524,0.8539672148663191
25875,LOF,0.024001833891624736,0.03331622182043278,0.9426819442879426
25876,LOF,0.014793310015001563,0.03207827070557841,0.9531284192794202
25877,LOF,0.12255294601894226,0.05768308591544764,0.8197639680656101
25878,LOF,0.05367010548942749,0.07917464858734036,0.8671552459232322
25879,LOF,0.023008907742017866,0.06113179705246282,0.9158592952055193
25880,LOF,0.04166073344149142,0.012767710425844441,0.9455715561326641
25881,Neutral,0.5513598985030642,0.047058794937719875,0.401581306559216
25882,LOF,0.022381770235921316,0.029739502773825904,0.9478787269902527
25883,LOF,0.06687512724622222,0.022301349083368043,0.9108235236704098
25884,LOF,0.010695186807984626,0.040366462104478945,0.9489383510875364
25885,LOF,0.17123454215561706,0.006244511329212386,0.8225209465151705
25886,LOF,0.2810117962734826,0.045986364621912024,0.6730018391046054
25887,LOF,0.13422001872678477,0.05868383769037586,0.8070961435828393
25888,LOF,0.012511802466812879,0.10865766334020549,0.8788305341929816
25889,LOF,0.012878176941646587,0.030298198225187933,0.9568236248331654
25890,LOF,0.11447275496901443,0.08614604872627717,0.7993811963047084
25891,LOF,0.04286729466165081,0.04053227620104811,0.916600429137301
25892,LOF,0.01043462656517346,0.04428329098706701,0.9452820824477595
25893,LOF,0.37293701941097324,0.014482696216900844,0.612580284372126
25894,LOF,0.40877932002643175,0.007464704295375774,0.5837559756781924
25895,LOF,0.3484635121433933,0.015072128594919956,0.6364643592616868
25896,LOF,0.03997281979764654,0.02530365672152351,0.93472352348083
25897,LOF,0.18213050129798009,0.012991787773828794,0.804877710928191
25898,LOF,0.20325874291291535,0.03875165004754869,0.757989607039536
25899,LOF,0.17758890755476267,0.024825595731917498,0.7975854967133198
25900,LOF,0.4470425473130869,0.012267124715120923,0.5406903279717922
25901,LOF,0.045856626912344524,0.011285790180577772,0.9428575829070778
25902,LOF,0.10122628477823173,0.016839360751603586,0.8819343544701647
25903,LOF,0.3652101714464522,0.03272638398012575,0.6020634445734221
25904,LOF,0.3033381726767886,0.039954804996681345,0.6567070223265301
25905,LOF,0.006234221906894963,0.42875418404326565,0.5650115940498394
25906,LOF,0.0081300248764168,0.12156827219384123,0.870301702929742
25907,LOF,0.0038066781755909454,0.38765944266422336,0.6085338791601856
25908,LOF,0.0036403269946460215,0.27772906068687414,0.7186306123184798
25909,LOF,0.012843497559013725,0.15161000285658421,0.8355464995844022
25910,LOF,0.01577285695176118,0.13979409046516905,0.8444330525830699
25911,LOF,0.16815431509263304,0.02387697748643137,0.8079687074209356
25912,LOF,0.07732710103569031,0.03674727491923525,0.8859256240450744
25913,LOF,0.07669846855206763,0.04848567704818097,0.8748158543997513
25914,LOF,0.021576514158453214,0.05605535390765063,0.9223681319338961
25915,LOF,0.15277960409741265,0.2887375108493409,0.5584828850532465
25916,LOF,0.021753821993506752,0.1770000371843629,0.8012461408221304
25917,LOF,0.05577252899024689,0.04297763395720891,0.9012498370525441
25918,LOF,0.02589272379962198,0.03180993085981638,0.9422973453405616
25919,LOF,0.02273890192410332,0.03114502139987655,0.94611607667602
25920,LOF,0.11235394800067058,0.21660836907320757,0.6710376829261219
25921,LOF,0.009497159284552222,0.04020116968104193,0.9503016710344058
25922,LOF,0.0123034203982099,0.03279532384181473,0.9549012557599753
25923,Neutral,0.49745993966165136,0.04398769609934409,0.45855236423900464
25924,LOF,0.015681013331706302,0.04824704995320883,0.9360719367150848
25925,LOF,0.07171680236032292,0.048367281364091436,0.8799159162755856
25926,LOF,0.05467433564181153,0.04120907195013011,0.9041165924080584
25927,LOF,0.018166481700300694,0.06973704783629771,0.9120964704634017
25928,LOF,0.007118274594409154,0.05585168192627584,0.9370300434793151
25929,Neutral,0.6183659779572946,0.047343707913465066,0.3342903141292403
25930,LOF,0.06544767859635381,0.03837385728152079,0.8961784641221255
25931,LOF,0.00897196048818829,0.03818653637693036,0.9528415031348814
25932,LOF,0.030346462804729135,0.03210308713615912,0.9375504500591119
25933,LOF,0.0406238410811077,0.020251031760506726,0.9391251271583857
25934,LOF,0.026725230653143837,0.022582831141832103,0.9506919382050241
25935,LOF,0.06889369892415241,0.05508877829621218,0.8760175227796354
25936,LOF,0.045589489082999535,0.02701842486410099,0.9273920860528994
25937,LOF,0.009800056895649981,0.03752992293511441,0.9526700201692355
25938,LOF,0.0656136561764832,0.06672880500911778,0.867657538814399
25939,LOF,0.037867903708165784,0.026228281023836387,0.9359038152679978
25940,LOF,0.009009410523500062,0.339320940143143,0.6516696493333569
25941,Neutral,0.5272824594132588,0.029593567108590756,0.4431239734781504
25942,LOF,0.004703630566792064,0.042471232474059394,0.9528251369591485
25943,LOF,0.035475145157532126,0.15056813768983734,0.8139567171526305
25944,LOF,0.1265634242330149,0.08790110565056614,0.785535470116419
25945,LOF,0.057017280816508115,0.018301206142337066,0.9246815130411549
25946,LOF,0.07122636717087041,0.060086696223866476,0.8686869366052632
25947,LOF,0.4584624675689404,0.0725972288216805,0.4689403036093791
25948,LOF,0.31800388408018865,0.009359620326175624,0.6726364955936358
25949,LOF,0.08300203370165496,0.05079174838655798,0.866206217911787
25950,GOF,0.04072361659737083,0.583642406651309,0.3756339767513201
25951,LOF,0.01630974988982415,0.4185557973900557,0.5651344527201202
25952,LOF,0.24492649136433997,0.3133277651073581,0.441745743528302
25953,LOF,0.01334539176518554,0.18650499046017696,0.8001496177746374
25954,LOF,0.054882716942788554,0.45538513814085263,0.48973214491635886
25955,LOF,0.009924411854070263,0.17090835898377896,0.8191672291621507
25956,LOF,0.026682770958239017,0.2926379443570164,0.6806792846847446
25957,LOF,0.15774166800404918,0.032633493566774814,0.8096248384291761
25958,LOF,0.05354981845297783,0.0293199972867736,0.9171301842602486
25959,LOF,0.012048495315661887,0.4552834988619848,0.5326680058223533
25960,LOF,0.005845238967156896,0.06081232670605444,0.9333424343267887
25961,LOF,0.04114911809951793,0.02671570137000479,0.9321351805304773
25962,LOF,0.03437799053674059,0.07846924249719153,0.8871527669660679
25963,LOF,0.0049945272709725945,0.25826275894949885,0.7367427137795285
25964,LOF,0.035216315989700854,0.10757942499485025,0.8572042590154489
25965,LOF,0.3377762528816622,0.1413199465682748,0.5209038005500629
25966,Neutral,0.5028956229331619,0.15533958724391175,0.3417647898229263
25967,LOF,0.006564136823158236,0.09684883398688374,0.8965870291899579
25968,LOF,0.04805214827199728,0.2370735233177685,0.7148743284102343
25969,LOF,0.13758979326242712,0.06267649384312758,0.7997337128944454
25970,LOF,0.017222063370275723,0.09502343938579319,0.8877544972439311
25971,LOF,0.06698108327893687,0.02831273623813437,0.9047061804829287
25972,LOF,0.06208236086963604,0.03805857734938489,0.8998590617809791
25973,LOF,0.055207894985979084,0.010467930828278717,0.9343241741857422
25974,LOF,0.033961856500390145,0.03652625681858779,0.9295118866810221
25975,LOF,0.045082067507196816,0.022326276417278447,0.9325916560755247
25976,LOF,0.10383105969979069,0.010897550825441218,0.885271389474768
25977,LOF,0.20785116091112205,0.048686222408388935,0.743462616680489
25978,LOF,0.1387197542271523,0.13730455220623253,0.7239756935666153
25979,LOF,0.12376501538805093,0.1363069645170009,0.7399280200949482
25980,LOF,0.24044426083066064,0.1564713100696578,0.6030844290996815
25981,LOF,0.26802475388990127,0.15422790611461742,0.5777473399954812
25982,LOF,0.3970330044251726,0.11353413594156503,0.4894328596332624
25983,LOF,0.3649767137894086,0.1225630423782954,0.5124602438322959
25984,LOF,0.04182431198495201,0.057978878015876895,0.9001968099991712
25985,LOF,0.38846612175954254,0.11102319762563459,0.5005106806148228
25986,LOF,0.010219645055668202,0.3983177541957614,0.5914626007485704
25987,LOF,0.03519188846048091,0.09196258123883938,0.8728455303006797
25988,LOF,0.16230571021352222,0.0869324802561119,0.7507618095303658
25989,LOF,0.034355678824356355,0.13033917551882834,0.8353051456568152
25990,LOF,0.038039730020483345,0.19848905334890696,0.7634712166306096
25991,LOF,0.021125583901667286,0.35402472568085,0.6248496904174826
25992,LOF,0.021808524536120102,0.3642129702315272,0.6139785052323528
25993,LOF,0.022188335815169834,0.08878135568384846,0.8890303085009816
25994,LOF,0.015273640770792194,0.08000553556642637,0.9047208236627815
25995,LOF,0.020232740398936355,0.17719039058962865,0.8025768690114349
25996,Neutral,0.3820977038719795,0.28764876676494017,0.3302535293630804
25997,LOF,0.08256792049685745,0.36033105883539507,0.5571010206677476
25998,LOF,0.28378191411491505,0.04785442924767865,0.6683636566374064
25999,LOF,0.015962609477189353,0.2344273310569508,0.7496100594658599
26000,LOF,0.15587293537951175,0.028020190614900485,0.8161068740055877
26001,LOF,0.319339743704264,0.026331609867444268,0.6543286464282917
26002,LOF,0.06767976196688322,0.0440078961622305,0.8883123418708864
26003,GOF,0.003858900529847173,0.6079560777050038,0.38818502176514913
26004,GOF,0.006030124064803712,0.6930263499092599,0.3009435260259365
26005,GOF,0.002848673605957722,0.5035242796946784,0.49362704669936375
26006,GOF,0.07566311111351824,0.571645045572561,0.3526918433139207
26007,GOF,0.006362196285713572,0.5718032755564876,0.4218345281577988
26008,GOF,0.0056780180505330135,0.6543769807451975,0.33994500120426957
26009,GOF,0.005744328124364993,0.6674318559661165,0.3268238159095184
26010,GOF,0.0068575829357943405,0.6901713874040345,0.30297102966017125
26011,LOF,0.0025835319649831607,0.48907084094796127,0.5083456270870554
26012,GOF,0.004040661570046562,0.5728479736252817,0.42311136480467176
26013,GOF,0.005170251974102392,0.6351342940079834,0.3596954540179141
26014,LOF,0.04251407725836611,0.11796784559579358,0.8395180771458404
26015,LOF,0.14814366005906002,0.021842050668677445,0.8300142892722626
26016,LOF,0.3132829006682356,0.045838841726393,0.6408782576053714
26017,LOF,0.028872038334026285,0.22120547158045592,0.7499224900855177
26018,LOF,0.07285920787318884,0.04147435897810946,0.8856664331487017
26019,LOF,0.06877162833707097,0.03445886463848253,0.8967695070244465
26020,LOF,0.008052037415715602,0.21295635081344935,0.778991611770835
26021,LOF,0.06549523213300602,0.0810299541934214,0.8534748136735725
26022,LOF,0.025660758498774118,0.0281587531655437,0.9461804883356822
26023,LOF,0.04451583645680518,0.02613425674709328,0.9293499067961016
26024,LOF,0.04132702137256637,0.08200479783031374,0.87666818079712
26025,LOF,0.06019565837441842,0.08287565376757208,0.8569286878580095
26026,LOF,0.13382741111339433,0.06423730726985148,0.8019352816167542
26027,LOF,0.05792822415616529,0.02080855349573746,0.9212632223480972
26028,LOF,0.08481508516436966,0.12159942974713268,0.7935854850884978
26029,LOF,0.025975313642361553,0.20101605739374276,0.7730086289638955
26030,LOF,0.14044211517683342,0.03132711171798343,0.8282307731051832
26031,LOF,0.012847859117934691,0.15285412149863933,0.8342980193834258
26032,LOF,0.07701828394303263,0.06243392965775892,0.8605477863992084
26033,LOF,0.076554578611461,0.05948272637804923,0.8639626950104897
26034,LOF,0.014755706043031948,0.17667311789509973,0.8085711760618685
26035,LOF,0.01295065264318797,0.13808426913898755,0.8489650782178245
26036,LOF,0.016357426431306343,0.17991445818098706,0.8037281153877066
26037,LOF,0.011077002312102317,0.12295810378536724,0.8659648939025305
26038,LOF,0.06630849420434792,0.05827778200520771,0.8754137237904442
26039,LOF,0.02372620400840878,0.16627365421424753,0.8100001417773437
26040,LOF,0.10595443176891271,0.15228034238027618,0.7417652258508112
26041,LOF,0.012887053415258103,0.11118921460471831,0.8759237319800235
26042,LOF,0.011682090675787567,0.11181643619279796,0.8765014731314145
26043,LOF,0.06401372443060149,0.0797149606050539,0.8562713149643445
26044,LOF,0.012028377798525157,0.06937171797572292,0.9185999042257519
26045,LOF,0.04934097245230962,0.1050905238581183,0.845568503689572
26046,LOF,0.05897740195271471,0.06355742049257919,0.8774651775547062
26047,LOF,0.1012963949707536,0.06670365809833256,0.8319999469309138
26048,LOF,0.042629263503368826,0.04141930181260738,0.9159514346840238
26049,Neutral,0.9648856821618134,0.006044394737584135,0.02906992310060261
26050,Neutral,0.9502870168674404,0.007696532541996747,0.04201645059056286
26051,LOF,0.014245531276724366,0.1657264996476762,0.8200279690755994
26052,LOF,0.023172967365549187,0.19926303496398987,0.777563997670461
26053,LOF,0.022371060958525722,0.14315480793096186,0.8344741311105124
26054,LOF,0.04941968664455057,0.015311956614239943,0.9352683567412095
26055,LOF,0.06375256044166307,0.014130893512862836,0.922116546045474
26056,LOF,0.05164670770396762,0.016891199342397797,0.9314620929536345
26057,LOF,0.03256549668089977,0.01024060728072704,0.9571938960383732
26058,LOF,0.03339375784123171,0.00916415180606711,0.9574420903527012
26059,LOF,0.30318033898977786,0.01778081677862792,0.6790388442315942
26060,LOF,0.009868330265309562,0.13208111324375085,0.8580505564909395
26061,LOF,0.004871300258989645,0.012830862081971593,0.9822978376590388
26062,LOF,0.003908684863339208,0.01707679702460799,0.9790145181120528
26063,LOF,0.023077311586407842,0.009280152877774029,0.9676425355358181
26064,LOF,0.006844113377186127,0.019554241306052,0.9736016453167619
26065,LOF,0.023865198027240696,0.010746344219030635,0.9653884577537287
26066,LOF,0.02195212626930135,0.009768745264690964,0.9682791284660077
26067,LOF,0.030305953631384084,0.008262019031425498,0.9614320273371904
26068,LOF,0.04351514491240982,0.025594628742007786,0.9308902263455823
26069,LOF,0.2738151623074712,0.015433953776191285,0.7107508839163375
26070,LOF,0.4479938814476225,0.011223667396638385,0.5407824511557391
26071,LOF,0.02245582372281755,0.009743985759639927,0.9678001905175426
26072,LOF,0.005544013749908014,0.020563048983880037,0.9738929372662118
26073,LOF,0.01956489350070669,0.012200589594719586,0.9682345169045736
26074,Neutral,0.9031631676658728,0.005645199416944263,0.09119163291718298
26075,LOF,0.043506659784719987,0.013779321885618891,0.9427140183296612
26076,LOF,0.039489550419582554,0.008748322540002622,0.9517621270404147
26077,LOF,0.10948477289797134,0.00840458032620953,0.8821106467758191
26078,LOF,0.005690122183422478,0.013664502166701141,0.9806453756498764
26079,LOF,0.05461062250170405,0.014661049048553745,0.9307283284497421
26080,LOF,0.05259229310701465,0.014700404856446912,0.9327073020365385
26081,LOF,0.03145159898433764,0.006775505072703091,0.9617728959429593
26082,LOF,0.004626472149718581,0.01454815641672731,0.9808253714335541
26083,LOF,0.14089086412009338,0.013590694898544073,0.8455184409813625
26084,LOF,0.035164647901775085,0.011617720713827582,0.9532176313843973
26085,LOF,0.032000680710012754,0.01058678459320557,0.9574125346967818
26086,LOF,0.020250675371321216,0.010763509610687182,0.9689858150179916
26087,LOF,0.021670625063600842,0.008895620901915126,0.9694337540344841
26088,LOF,0.005532248837556752,0.021718865736288468,0.9727488854261547
26089,LOF,0.04055746264405424,0.018509269486910954,0.9409332678690349
26090,LOF,0.03936095106391105,0.01505363102799069,0.9455854179080982
26091,LOF,0.028974001299021716,0.006302380897948073,0.9647236178030301
26092,LOF,0.02195985412790097,0.007277996745241409,0.9707621491268577
26093,LOF,0.03926182727185463,0.005728033490339815,0.9550101392378055
26094,LOF,0.030153365950367612,0.006192125710743,0.9636545083388894
26095,LOF,0.016025739935495678,0.016948554064562287,0.967025705999942
26096,LOF,0.16003447465601806,0.005484047499384085,0.8344814778445978
26097,LOF,0.004676564691445447,0.03662943582096522,0.9586939994875893
26098,LOF,0.07007184544663249,0.012506021078130342,0.917422133475237
26099,LOF,0.01944335166668018,0.01231809874135656,0.9682385495919633
26100,LOF,0.022003641282704413,0.011786700085041544,0.966209658632254
26101,LOF,0.04958077965530757,0.017770287185364966,0.9326489331593275
26102,LOF,0.02175785127945167,0.013020814596858003,0.9652213341236903
26103,Neutral,0.8677699787228508,0.017618127149601388,0.11461189412754783
26104,LOF,0.06484119835324298,0.020748668504021905,0.9144101331427351
26105,LOF,0.20228009877404243,0.16261514008711844,0.6351047611388392
26106,LOF,0.31662027185035335,0.12853520783321334,0.5548445203164334
26107,LOF,0.020611929207760137,0.11674776606221651,0.8626403047300234
26108,LOF,0.3461856671607725,0.04432780359676406,0.6094865292424634
26109,LOF,0.03177842379241802,0.06600891180228018,0.9022126644053018
26110,LOF,0.21400876120882795,0.005907791138849215,0.7800834476523228
26111,LOF,0.07728200693291173,0.06564286189656433,0.8570751311705238
26112,LOF,0.034825399866627964,0.006535721683187809,0.9586388784501843
26113,LOF,0.06600475796483411,0.014907104763296191,0.9190881372718697
26114,LOF,0.06240680247402175,0.014419568663394106,0.9231736288625843
26115,LOF,0.014940440572807967,0.08731322860109177,0.8977463308261002
26116,LOF,0.08172477929156184,0.047338720884789395,0.8709364998236486
26117,LOF,0.4188558421005418,0.04249874913801529,0.5386454087614431
26118,LOF,0.03329828518185826,0.020993310222798222,0.9457084045953436
26119,LOF,0.004500615680077113,0.04479066930630231,0.9507087150136204
26120,LOF,0.023537602880404327,0.018103130223808397,0.9583592668957873
26121,LOF,0.004088574938848057,0.1489738269525972,0.8469375981085547
