feature0,prediction,LoGoFunc_Neutral,LoGoFunc_GOF,LoGoFunc_LOF
25546,Neutral,0.753068286228931,0.034809786361965876,0.21212192740910316
25547,Neutral,0.5838951719720007,0.07916668438812097,0.3369381436398783
25548,Neutral,0.6034630713900104,0.05662087422867492,0.3399160543813147
25549,Neutral,0.5186674091938117,0.05477870339378011,0.4265538874124082
25550,LOF,0.3728119988483168,0.1112876482888646,0.5159003528628185
25551,LOF,0.29181808271255333,0.12112502033312808,0.5870568969543186
25552,LOF,0.21337044631507665,0.11365648192950273,0.6729730717554206
25553,Neutral,0.8574131932025277,0.024714671041898582,0.1178721357555737
25554,LOF,0.24392322241072872,0.10892758311744324,0.6471491944718281
25555,LOF,0.2053909275205004,0.09449813510507458,0.700110937374425
25556,Neutral,0.4653287224331603,0.09485159785539715,0.4398196797114427
25557,LOF,0.1989172118560648,0.10038999409465255,0.7006927940492825
25558,LOF,0.2293723046941332,0.10903966957284471,0.6615880257330221
25559,LOF,0.3756462957475085,0.11320211180627344,0.511151592446218
25560,LOF,0.056186586215611824,0.11673624876259281,0.8270771650217953
25561,LOF,0.12604530918886858,0.12384573507463428,0.7501089557364973
25562,LOF,0.08384034619932969,0.06442492044706315,0.8517347333536072
25563,LOF,0.10654813855413522,0.05953611610358406,0.8339157453422807
25564,LOF,0.2701191760953709,0.11064141564093168,0.6192394082636974
25565,LOF,0.14983732960247248,0.1254562989944153,0.7247063714031122
25566,GOF,0.012780817381934888,0.760940602081008,0.2262785805370571
25567,LOF,0.017675422531999264,0.18301453634196055,0.7993100411260403
25568,LOF,0.05336767392282574,0.06834860546016841,0.8782837206170058
25569,LOF,0.0576269085655361,0.06737187288217504,0.8750012185522889
25570,LOF,0.05462619598755327,0.10549146172208984,0.839882342290357
25571,LOF,0.04772795015698739,0.09825197859998828,0.8540200712430243
25572,LOF,0.0628234835698294,0.1249049308096631,0.8122715856205076
25573,LOF,0.03193013521401536,0.09783659792134053,0.8702332668646441
25574,LOF,0.01938607730971866,0.15585907446294447,0.8247548482273369
25575,LOF,0.0419295536490639,0.11022957964770501,0.8478408667032311
25576,LOF,0.01934832600651733,0.13593393974746798,0.8447177342460147
25577,LOF,0.016436872835994678,0.1259892216368183,0.857573905527187
25578,LOF,0.2963046204284155,0.0911159884542624,0.6125793911173222
25579,LOF,0.13035629243077484,0.10954195128034516,0.76010175628888
25580,LOF,0.029373968249111197,0.08493959439240031,0.8856864373584884
25581,LOF,0.04987320494556007,0.07094169405136164,0.8791851010030783
25582,LOF,0.04972182587808652,0.06908532122445155,0.8811928528974619
25583,LOF,0.034586006790343536,0.0960714394931657,0.8693425537164907
25584,Neutral,0.5091674504713107,0.11627918758830252,0.37455336194038674
25585,LOF,0.020324113345818698,0.13796256471878238,0.8417133219353988
25586,LOF,0.02930655519050826,0.07530094498665364,0.8953924998228381
25587,LOF,0.029220203086433926,0.07009261677422333,0.9006871801393428
25588,LOF,0.030322576158285337,0.08284063102685352,0.8868367928148612
25589,Neutral,0.6444889452159585,0.11878264415641847,0.23672841062762298
25590,LOF,0.03539678019790543,0.1324655052856752,0.8321377145164194
25591,LOF,0.09638224006814763,0.06112716638315711,0.8424905935486953
25592,LOF,0.0923841212955159,0.14138361778560182,0.7662322609188823
25593,LOF,0.03398557909691433,0.27367879860186084,0.6923356223012248
25594,LOF,0.046498769150154766,0.14170797388225484,0.8117932569675904
25595,LOF,0.05849047876548348,0.10098597408367514,0.8405235471508413
25596,LOF,0.05142991709178921,0.08329255632229393,0.865277526585917
25597,LOF,0.035463476785496904,0.08162938467147224,0.8829071385430309
25598,LOF,0.0549138361517327,0.10399189400739266,0.8410942698408747
25599,GOF,0.0059190933307989215,0.6184947559283731,0.37558615074082796
25600,GOF,0.011873148415227415,0.6058693596257614,0.3822574919590112
25601,LOF,0.009333294332379486,0.46159894663537915,0.5290677590322415
25602,LOF,0.01733209291982015,0.054443276330370154,0.9282246307498097
25603,LOF,0.05319087513113981,0.02099095749180276,0.9258181673770575
25604,LOF,0.029994463716224655,0.0582216674614165,0.911783868822359
25605,LOF,0.008680728908794486,0.23649980969990692,0.7548194613912985
25606,LOF,0.07308712249003047,0.40792653296896686,0.5189863445410027
25607,LOF,0.005597677195159837,0.1976962419825656,0.7967060808222746
25608,LOF,0.015605539924636211,0.08744417580814051,0.8969502842672233
25609,LOF,0.058226997644947646,0.3968958847258074,0.5448771176292451
25610,LOF,0.02916248386474543,0.026009512204045297,0.9448280039312092
25611,LOF,0.03353852319299784,0.024655434745249206,0.941806042061753
25612,LOF,0.09732648853531768,0.03971670746284357,0.8629568040018387
25613,LOF,0.08354119756416123,0.041582581559488664,0.8748762208763502
25614,LOF,0.024594516010688613,0.03384225387546524,0.9415632301138461
25615,LOF,0.03343190412477923,0.0429307780286663,0.9236373178465545
25616,LOF,0.02375387924276217,0.032331296081878555,0.9439148246753593
25617,LOF,0.02383290346236042,0.03767061792219697,0.9384964786154427
25618,LOF,0.12694648057028776,0.029885528089136474,0.8431679913405759
25619,LOF,0.02556879144351221,0.03187603602856258,0.9425551725279251
25620,LOF,0.029414764473947842,0.03992802018044804,0.9306572153456042
25621,LOF,0.025379102059895384,0.03243333717772253,0.9421875607623821
25622,LOF,0.03443623902328293,0.035393481219861196,0.9301702797568558
25623,LOF,0.04838416724459997,0.02773327811946247,0.9238825546359376
25624,LOF,0.023049320906505216,0.039381740354209896,0.9375689387392848
25625,LOF,0.034456757135648886,0.044096899879588994,0.9214463429847621
25626,LOF,0.07804643500525901,0.034509156758419694,0.8874444082363213
25627,Neutral,0.5421989280381505,0.11213339790909707,0.3456676740527524
25628,LOF,0.1997749261433655,0.05241326913052404,0.7478118047261103
25629,LOF,0.05334340180174632,0.05918334356683902,0.8874732546314146
25630,LOF,0.17556370233095492,0.07843381112147889,0.7460024865475663
25631,Neutral,0.6278940175212849,0.05821890528216404,0.3138870771965511
25632,LOF,0.01258982787307342,0.11368407773010622,0.8737260943968204
25633,LOF,0.09838691617208739,0.08484308781803447,0.8167699960098781
25634,LOF,0.03394745192640468,0.10769185068637523,0.8583606973872201
25635,LOF,0.03713527402264504,0.08060400059792137,0.8822607253794337
25636,GOF,0.003757289483627393,0.6064427959040328,0.3897999146123399
25637,GOF,0.00348513108592582,0.6725809727090027,0.32393389620507146
25638,LOF,0.006008013473454436,0.40074501609933133,0.5932469704272142
25639,GOF,0.0036582636919656407,0.5188187919574723,0.4775229443505621
25640,GOF,0.45526213798924386,0.4770475730030119,0.06769028900774424
25641,LOF,0.007437664859192583,0.3787103381091008,0.6138519970317067
25642,LOF,0.25399592272072147,0.07038376535583474,0.6756203119234437
25643,LOF,0.29541848692867106,0.15799036661172636,0.5465911464596026
25644,GOF,0.015371840619254009,0.5610048995177956,0.4236232598629503
25645,GOF,0.012538319077071777,0.5046755338392023,0.4827861470837259
25646,LOF,0.018059096835013125,0.34579531788189644,0.6361455852830905
25647,LOF,0.013647480064640203,0.2885913012710074,0.6977612186643525
25648,LOF,0.013683845257767205,0.29551524966270915,0.6908009050795236
25649,LOF,0.011690608593872828,0.21209194204434442,0.7762174493617827
25650,LOF,0.02144272184743831,0.4560610587803512,0.5224962193722106
25651,LOF,0.008599971474893107,0.2833401333595299,0.7080598951655771
25652,LOF,0.01427289663255283,0.2715620882332893,0.7141650151341578
25653,LOF,0.050654518469549076,0.3741752837570513,0.5751701977733997
25654,LOF,0.014894994320342397,0.15538796270337069,0.8297170429762868
25655,LOF,0.07555557760264232,0.404448044696579,0.5199963777007787
25656,LOF,0.09369175333508384,0.07318023841414845,0.8331280082507676
25657,LOF,0.33344583110310605,0.032333639900502115,0.6342205289963918
25658,LOF,0.041881780336768426,0.09284030955400428,0.8652779101092273
25659,LOF,0.379689839118432,0.08339524721089644,0.5369149136706716
25660,LOF,0.05892789212831878,0.10072654134738229,0.840345566524299
25661,LOF,0.046171524733487485,0.07506632855575375,0.8787621467107588
25662,LOF,0.02838054904591813,0.0509478072405744,0.9206716437135075
25663,LOF,0.03652980700615564,0.07451367224608477,0.8889565207477597
25664,LOF,0.04385079286965297,0.08601841700756296,0.870130790122784
25665,LOF,0.056887991452002636,0.049167436803591515,0.8939445717444058
25666,LOF,0.0376077085786903,0.13002469477804474,0.832367596643265
25667,LOF,0.03213074856729276,0.055283503230554525,0.9125857482021527
25668,LOF,0.03132141921052697,0.05960305871092721,0.9090755220785458
25669,LOF,0.041618403800482415,0.0892214913212593,0.8691601048782583
25670,LOF,0.07658647517745143,0.08442511696287676,0.8389884078596718
25671,LOF,0.03805569327719722,0.04983743207560937,0.9121068746471935
25672,LOF,0.06200810878558892,0.06878990223235246,0.8692019889820586
25673,LOF,0.04820828746291564,0.07428334906368347,0.877508363473401
25674,LOF,0.04515674614027574,0.07510151840022361,0.8797417354595006
25675,LOF,0.050335375729942074,0.06475406986344456,0.8849105544066135
25676,LOF,0.03352295542373632,0.060135880876930996,0.9063411636993326
25677,LOF,0.06230924858235143,0.06868262510764489,0.8690081263100036
25678,LOF,0.2792292257768621,0.04101415443111745,0.6797566197920205
25679,LOF,0.184003475994388,0.07654852748358337,0.7394479965220286
25680,LOF,0.05610324292131205,0.10137023927387014,0.8425265178048178
25681,LOF,0.10108538459451896,0.09603737732451886,0.8028772380809621
25682,LOF,0.04305349734557447,0.08240596031789377,0.8745405423365318
25683,LOF,0.10563108208514434,0.1017337725422126,0.7926351453726431
25684,LOF,0.05759344320622182,0.08410454830463952,0.8583020084891387
25685,LOF,0.11244287928054833,0.04175145677037606,0.8458056639490756
25686,LOF,0.03412074804722954,0.09779032841147879,0.8680889235412916
25687,LOF,0.04226369957043992,0.07836295676858837,0.8793733436609718
25688,LOF,0.03146565422530655,0.08012921302256383,0.8884051327521296
25689,LOF,0.020931797929687815,0.07141384612897882,0.9076543559413334
25690,LOF,0.02045950785660546,0.07908412544116465,0.9004563667022298
25691,LOF,0.23732357232569884,0.11101407269616274,0.6516623549781383
25692,LOF,0.26259698669940534,0.009234640801352846,0.7281683724992418
25693,LOF,0.0863793996230012,0.14098300559199425,0.7726375947850046
25694,LOF,0.24366571066954298,0.01636902192522728,0.7399652674052298
25695,LOF,0.160576195435085,0.01939226753793181,0.8200315370269833
25696,LOF,0.16426013410786713,0.009986242411366014,0.825753623480767
25697,LOF,0.14445977697562204,0.033293362829832966,0.822246860194545
25698,LOF,0.03695983644476204,0.3911144887848405,0.5719256747703975
25699,LOF,0.06815562173695228,0.09199724826740607,0.8398471299956416
25700,LOF,0.03328877679234123,0.010495528001285932,0.9562156952063727
25701,LOF,0.018256812845403193,0.07780340423116011,0.9039397829234368
25702,GOF,0.03444018652570253,0.7342398404856222,0.2313199729886753
25703,LOF,0.012356611335285324,0.22285163003482766,0.7647917586298871
25704,LOF,0.09502838659020121,0.15294658861642835,0.7520250247933704
25705,LOF,0.05823254995392236,0.24534787314121742,0.6964195769048601
25706,GOF,0.05339301299818447,0.6157281106412291,0.3308788763605864
25707,GOF,0.02804479941147221,0.5394075006132646,0.43254769997526316
25708,LOF,0.0084613504928449,0.4607827118191123,0.5307559376880427
25709,LOF,0.018774703094460183,0.06775710465954887,0.9134681922459909
25710,LOF,0.009989346439038465,0.1750228984167083,0.8149877551442533
25711,LOF,0.020906581369398027,0.12767458980471577,0.8514188288258863
25712,LOF,0.010574454046883966,0.24407597004486645,0.7453495759082496
25713,LOF,0.018419323360024362,0.10567520800688489,0.8759054686330907
25714,LOF,0.020361310911390058,0.14816743943174035,0.8314712496568697
25715,LOF,0.01928908541428961,0.12124392695080256,0.8594669876349077
25716,LOF,0.011168572691921229,0.13005153470289108,0.8587798926051876
25717,LOF,0.006465571095596065,0.13653290197594375,0.8570015269284601
25718,LOF,0.018363751473050346,0.07879867467394586,0.9028375738530038
25719,LOF,0.03238345092248496,0.08686463335007828,0.8807519157274368
25720,LOF,0.022179898188217986,0.08934313853886715,0.8884769632729148
25721,LOF,0.023262877309628203,0.09841584872229224,0.8783212739680796
25722,LOF,0.017893627491926467,0.12546404719962928,0.8566423253084442
25723,LOF,0.02171020733401464,0.07164222677722193,0.9066475658887634
25724,LOF,0.03606590886941056,0.10416821943574191,0.8597658716948475
25725,LOF,0.021985523504348653,0.06890411406404841,0.909110362431603
25726,LOF,0.01606656943866603,0.09872412228446785,0.8852093082768661
25727,LOF,0.01981092482721199,0.08820001221854862,0.8919890629542393
25728,LOF,0.018857613552137758,0.104593573341308,0.8765488131065543
25729,LOF,0.019269932384532548,0.10329311943143628,0.8774369481840311
25730,LOF,0.020185945511882374,0.08671733324045224,0.8930967212476653
25731,LOF,0.01258777751334345,0.1790212583050076,0.808390964181649
25732,LOF,0.018586501309932706,0.09813440019643747,0.8832790984936298
25733,LOF,0.028873952817712982,0.0848199770990353,0.8863060700832518
25734,LOF,0.007973546163756874,0.2210882345141131,0.77093821932213
25735,LOF,0.02334759933366725,0.0780468252215367,0.8986055754447961
25736,LOF,0.02263003004798016,0.11958499526411442,0.8577849746879054
25737,LOF,0.04385432036720906,0.09640941261556518,0.8597362670172258
25738,LOF,0.020743338250478187,0.14452416036931576,0.8347325013802059
25739,LOF,0.021529451677573624,0.14317943428202354,0.8352911140404029
25740,LOF,0.05227152560374763,0.14011040989172185,0.8076180645045304
25741,LOF,0.02600096893806068,0.11921157509167217,0.8547874559702672
25742,LOF,0.036280174178888576,0.1378549028546244,0.8258649229664871
25743,LOF,0.013071916846149898,0.041957775330323,0.9449703078235272
25744,LOF,0.13537744546829109,0.38052772543375163,0.48409482909795726
25745,LOF,0.02321589737452579,0.06937465529334809,0.907409447332126
25746,LOF,0.01169635686646412,0.08837551044391727,0.8999281326896187
25747,LOF,0.03589255687350788,0.03694934389446694,0.9271580992320252
25748,LOF,0.18475259668019087,0.06260702672988797,0.7526403765899212
25749,LOF,0.013896526477843932,0.05508537055973329,0.9310181029624228
25750,LOF,0.01609961757531736,0.08633859229089795,0.8975617901337848
25751,LOF,0.04180656577804956,0.07144117976687073,0.8867522544550797
25752,GOF,0.0889971122567199,0.6559669240022877,0.2550359637409923
25753,LOF,0.0068910446519196865,0.3738059987244967,0.6193029566235836
25754,GOF,0.005143018612502625,0.8650134770488316,0.12984350433866573
25755,LOF,0.011579911567909105,0.4352704875592678,0.553149600872823
25756,LOF,0.048880669687938014,0.46104568080034036,0.4900736495117216
25757,GOF,0.006640829123542751,0.8784511064854186,0.11490806439103884
25758,GOF,0.007702835607550765,0.8625164959231668,0.12978066846928238
25759,GOF,0.004862809273262719,0.5825128108964223,0.412624379830315
25760,LOF,0.0068603653744496885,0.32090142463076843,0.6722382099947818
25761,GOF,0.0479952182698822,0.8434629169272835,0.10854186480283425
25762,LOF,0.02719872477619586,0.3885669360810103,0.584234339142794
25763,LOF,0.008799715085829354,0.25088810471462697,0.7403121801995438
25764,GOF,0.09579019141348641,0.5713744861793048,0.3328353224072088
25765,GOF,0.007622634545930077,0.8480833740801783,0.1442939913738917
25766,GOF,0.02791758943984058,0.8106342654230648,0.16144814513709468
25767,GOF,0.014080004076077226,0.5325362636589409,0.4533837322649819
25768,LOF,0.03832519442311359,0.08183109127703642,0.8798437142998499
25769,LOF,0.023956455584365224,0.08013280097939986,0.895910743436235
25770,LOF,0.14986102448842498,0.06756174046183619,0.7825772350497389
25771,LOF,0.017291188493524963,0.07436793667976495,0.9083408748267101
25772,LOF,0.025360286174502374,0.03215695683234265,0.942482756993155
25773,LOF,0.014734255913524749,0.0765929973750937,0.9086727467113814
25774,LOF,0.02685675314599832,0.09551170316280463,0.8776315436911971
25775,LOF,0.02207854179827756,0.03757190374357539,0.940349554458147
25776,LOF,0.026367367134203602,0.027549273921509628,0.9460833589442867
25777,LOF,0.1834696375344176,0.06940583452367306,0.7471245279419094
25778,LOF,0.020662529557848395,0.05578150560209814,0.9235559648400535
25779,GOF,0.037873354006172096,0.892629727347915,0.06949691864591287
25780,GOF,0.062199669435007245,0.8803517134232063,0.057448617141786444
25781,GOF,0.024447086820901458,0.8735519286331564,0.10200098454594198
25782,GOF,0.03127300622822468,0.9045769665208858,0.0641500272508896
25783,GOF,0.017657502273369832,0.7591101548633357,0.22323234286329455
25784,GOF,0.10083337624878388,0.851399291484832,0.047767332266384334
25785,GOF,0.0667153489460597,0.8915242886743194,0.041760362379620906
25786,GOF,0.005012944066101905,0.8245983754130569,0.17038868052084136
25787,GOF,0.17959052788928212,0.787678549975622,0.03273092213509594
25788,LOF,0.015212436205501882,0.20399821140869814,0.7807893523857999
25789,GOF,0.01926640932834259,0.8573109784302243,0.12342261224143318
25790,GOF,0.02177422406115058,0.8755755023395074,0.10265027359934188
25791,GOF,0.01594163805077749,0.8146826890630907,0.16937567288613173
25792,GOF,0.025342048972077005,0.8292780448691054,0.1453799061588175
25793,GOF,0.08225421507100848,0.8249113026283975,0.09283448230059396
25794,GOF,0.054922392278582775,0.784704825604397,0.16037278211702025
25795,GOF,0.0392042300275229,0.7672614814372916,0.19353428853518556
25796,GOF,0.07279778416130903,0.8208488454738498,0.10635337036484101
25797,GOF,0.03829696997763983,0.6989712118304806,0.2627318181918795
25798,GOF,0.002962924584658899,0.6427162234321975,0.3543208519831436
25799,GOF,0.002933247326303905,0.5345717941503968,0.46249495852329936
25800,GOF,0.011787423481179242,0.7121282913730458,0.27608428514577504
25801,GOF,0.01463521238500399,0.8665884596345531,0.11877632798044298
25802,GOF,0.022380748556129395,0.8145462102655805,0.16307304117829022
25803,GOF,0.011009672373373545,0.7020297641331508,0.28696056349347554
25804,GOF,0.013837769017002816,0.6236006227839385,0.36256160819905886
25805,GOF,0.02179808849887853,0.7092824729893008,0.2689194385118206
25806,GOF,0.019227265863031473,0.7648882236871937,0.215884510449775
25807,GOF,0.005237468382865476,0.714020253574654,0.28074227804248036
25808,GOF,0.0142220126743164,0.7403744776113841,0.24540350971429942
25809,GOF,0.006107652395241524,0.7203331225204095,0.27355922508434893
25810,GOF,0.005419742509605819,0.7302961055822937,0.2642841519081004
25811,GOF,0.043248363453451275,0.8629374034935713,0.09381423305297747
25812,GOF,0.015955399296650425,0.7060701979049411,0.2779744027984085
25813,GOF,0.0994007839824803,0.8030303526674849,0.09756886335003481
25814,GOF,0.024273839025988297,0.8016748758354308,0.17405128513858084
25815,GOF,0.03833952630682585,0.8357258424484332,0.12593463124474105
25816,GOF,0.007463957277884227,0.8598530613192689,0.13268298140284687
25817,GOF,0.08903945699152424,0.7722994734116971,0.13866106959677862
25818,GOF,0.025630602191653345,0.7884953425663911,0.18587405524195558
25819,GOF,0.05878493651308084,0.7835227890923923,0.15769227439452693
25820,GOF,0.03054307087103761,0.7799758547315013,0.189481074397461
25821,GOF,0.019397653670395268,0.7757171773057616,0.20488516902384318
25822,GOF,0.03572337578985187,0.7843898605224331,0.17988676368771506
25823,GOF,0.014218804521540663,0.6514226458678493,0.33435854961061007
25824,GOF,0.024462152796570935,0.7746477044248729,0.20089014277855632
25825,GOF,0.015455951305823242,0.7554291155007314,0.22911493319344528
25826,GOF,0.0054947611837795445,0.7270363685516519,0.2674688702645685
25827,GOF,0.007465839030284185,0.6901221857345686,0.30241197523514723
25828,GOF,0.00550119833072537,0.6596284485275022,0.3348703531417724
25829,GOF,0.0027325608386976766,0.69215132958199,0.30511610957931234
25830,GOF,0.034414516638715156,0.5190331745919226,0.4465523087693623
25831,GOF,0.048042255072316305,0.8423393282112381,0.10961841671644557
25832,GOF,0.008177592968684316,0.7966220922740572,0.1952003147572585
25833,GOF,0.031484845979787617,0.8417135764049234,0.12680157761528904
25834,GOF,0.007929056203930255,0.8051867343713351,0.18688420942473463
25835,GOF,0.017730367376237066,0.8518583908918393,0.1304112417319235
25836,GOF,0.006259817349048721,0.8107536878510476,0.18298649479990384
25837,GOF,0.007006344891052988,0.7188047236306785,0.27418893147826845
25838,GOF,0.021100689005886086,0.8707019568579003,0.10819735413621355
25839,GOF,0.040967150702573646,0.8613429862316195,0.09768986306580689
25840,GOF,0.059247715675840036,0.8496555091649791,0.09109677515918087
25841,GOF,0.053383382795981246,0.8573885534208471,0.08922806378317162
25842,GOF,0.022908843817957665,0.8982958228883645,0.07879533329367781
25843,GOF,0.024429090794157258,0.9067499360059479,0.0688209731998948
25844,GOF,0.016200088459489465,0.8499248343933241,0.13387507714718655
25845,GOF,0.0054331277641349205,0.6570967276368888,0.33747014459897634
25846,GOF,0.040834116961496705,0.8664300019883246,0.09273588105017877
25847,GOF,0.01775968410171495,0.9143879678544145,0.06785234804387057
25848,GOF,0.015477296919580177,0.8596247043739919,0.12489799870642805
25849,GOF,0.004762664400448357,0.7403914087105625,0.25484592688898905
25850,GOF,0.00642232077814877,0.759134996599054,0.23444268262279716
25851,GOF,0.0055784498776029305,0.6410346725431958,0.35338687757920123
25852,GOF,0.11583671893749545,0.641874305915792,0.24228897514671255
25853,GOF,0.07175033239623047,0.8460641776405141,0.08218548996325548
25854,GOF,0.0053231231214898155,0.7024696050286716,0.29220727184983863
25855,GOF,0.015531153663935312,0.6559704148406251,0.32849843149543945
25856,GOF,0.03668055584634949,0.7897984253624988,0.17352101879115167
25857,GOF,0.013098727879801144,0.6502343333696179,0.3366669387505809
25858,GOF,0.007236863352029443,0.6452700874421284,0.34749304920584206
25859,GOF,0.005067720817688493,0.6240455735432556,0.3708867056390559
25860,GOF,0.07569436378325284,0.8311359566619534,0.09316967955479372
25861,GOF,0.07710317944799598,0.8137578322903546,0.10913898826164961
25862,GOF,0.021201521828426752,0.8575685245320869,0.12122995363948631
25863,GOF,0.020132997727399193,0.8718747526325276,0.10799224964007309
25864,GOF,0.045695697318713493,0.8718692669736393,0.08243503570764722
25865,GOF,0.03382345417742477,0.8406167243678734,0.12555982145470196
25866,GOF,0.026180845486618726,0.8604264705771711,0.11339268393621006
25867,GOF,0.03128200836519449,0.8765311786696179,0.09218681296518766
25868,GOF,0.05732438988767529,0.8424135726544983,0.10026203745782639
25869,GOF,0.3145303293104766,0.6202488574404644,0.0652208132490589
25870,GOF,0.06381695899509002,0.6927170845822347,0.2434659564226752
25871,GOF,0.010187047224392322,0.8835203706331196,0.10629258214248793
25872,GOF,0.01988336952599501,0.8664716859144608,0.11364494455954421
25873,GOF,0.01912232911556663,0.8878527022903228,0.09302496859411065
25874,LOF,0.01662262479820338,0.2207512598185093,0.7626261153832873
25875,LOF,0.05037137994575685,0.0484579756236549,0.9011706444305881
25876,LOF,0.01784710249530319,0.04414515524559277,0.938007742259104
25877,LOF,0.12259058882688068,0.08460308858806743,0.7928063225850519
25878,LOF,0.06658159850435816,0.12020203261203123,0.8132163688836106
25879,LOF,0.027705298734123175,0.08822373331430032,0.8840709679515765
25880,LOF,0.05669040699440332,0.013192368654147229,0.9301172243514495
25881,Neutral,0.5507586621677325,0.07259953447058735,0.3766418033616802
25882,LOF,0.057084088222636296,0.03440496029829773,0.9085109514790659
25883,LOF,0.02909330551370528,0.026935560285129504,0.9439711342011652
25884,LOF,0.02856881585052221,0.04703812611754839,0.9243930580319294
25885,LOF,0.20885662277554154,0.012793979992739407,0.7783493972317189
25886,LOF,0.150240557515366,0.06519628728678396,0.78456315519785
25887,LOF,0.19917183479941464,0.06948269156577816,0.7313454736348072
25888,LOF,0.011766544978330688,0.15005945306373597,0.8381740019579335
25889,LOF,0.03364150911602967,0.0338381159956469,0.9325203748883233
25890,LOF,0.12411862965644653,0.11374686398977403,0.7621345063537793
25891,LOF,0.09392589972507763,0.021218012391746262,0.8848560878831762
25892,LOF,0.009209882239103786,0.0306397345861489,0.9601503831747473
25893,LOF,0.41111304850769936,0.008911555529386786,0.5799753959629138
25894,LOF,0.4547811370348696,0.005036005323885945,0.5401828576412444
25895,LOF,0.3451987304470877,0.011192991872103007,0.6436082776808094
25896,LOF,0.0708421114714804,0.01685863838456618,0.9122992501439534
25897,LOF,0.19247060441379346,0.009053731708425767,0.7984756638777808
25898,LOF,0.1755312828607048,0.02695768168004299,0.7975110354592522
25899,LOF,0.3787117360826211,0.018478481976733494,0.6028097819406455
25900,LOF,0.4565454773364239,0.008423226770807653,0.5350312958927685
25901,LOF,0.06934634345391676,0.007907170126678775,0.9227464864194045
25902,LOF,0.17000131144136826,0.008772080750961354,0.8212266078076703
25903,LOF,0.4260116432934358,0.024116674837929498,0.5498716818686347
25904,Neutral,0.508735057579844,0.0225672771079056,0.4686976653122503
25905,LOF,0.0039917854698907585,0.4628676075907313,0.5331406069393779
25906,LOF,0.009104208405395876,0.11192722729145628,0.878968564303148
25907,LOF,0.004297611634541338,0.32818444906872274,0.6675179392967359
25908,LOF,0.004517498321148402,0.24133869974649969,0.7541438019323519
25909,LOF,0.023683226804431575,0.1576437117367455,0.818673061458823
25910,LOF,0.011504539106123495,0.12216239415815429,0.8663330667357222
25911,LOF,0.32215907948735634,0.03576763478123972,0.642073285731404
25912,LOF,0.06643805452790817,0.05465173124015268,0.8789102142319393
25913,LOF,0.04668630256077542,0.06433068258885588,0.8889830148503687
25914,LOF,0.03857050230639618,0.04481852338642176,0.9166109743071821
25915,LOF,0.19383850633165473,0.1965868488084047,0.6095746448599406
25916,LOF,0.03125335197079803,0.1295325213348068,0.8392141266943952
25917,LOF,0.07419184662978616,0.04169830717465923,0.8841098461955547
25918,LOF,0.04280481376421861,0.028148780649355002,0.9290464055864264
25919,LOF,0.03693259169748102,0.0280829976795351,0.9349844106229839
25920,LOF,0.16351378774961584,0.2030669400573131,0.633419272193071
25921,LOF,0.01690738334440636,0.03595604842454664,0.947136568231047
25922,LOF,0.01780947843224276,0.03346572504978933,0.9487247965179679
25923,LOF,0.4573714834006192,0.03693984319662264,0.5056886734027581
25924,LOF,0.02521277002455882,0.055889392489049304,0.9188978374863919
25925,LOF,0.0845887342441776,0.04971011318489368,0.8657011525709288
25926,LOF,0.05945162367928672,0.0504647158197718,0.8900836605009415
25927,LOF,0.024957503296747972,0.06961196864348461,0.9054305280597674
25928,LOF,0.0112053818242563,0.05709265896979969,0.9317019592059439
25929,Neutral,0.5427431624208411,0.03507871994563565,0.4221781176335232
25930,LOF,0.07669354918437886,0.03562005155936712,0.887686399256254
25931,LOF,0.015031263968879192,0.03913811433885075,0.94583062169227
25932,LOF,0.05806379701056385,0.03369340950331659,0.9082427934861196
25933,LOF,0.055853955430339546,0.02133969249549335,0.9228063520741671
25934,LOF,0.050657143672072164,0.021022034530018333,0.9283208217979094
25935,LOF,0.07101066849000841,0.06529928314400674,0.8636900483659848
25936,LOF,0.08777555722031544,0.022598334396130633,0.8896261083835539
25937,LOF,0.013683972117533106,0.03988980688090293,0.9464262210015639
25938,LOF,0.07127602864614113,0.05919049758930057,0.8695334737645584
25939,LOF,0.04299823529567657,0.027217022951058722,0.9297847417532648
25940,LOF,0.009401327642900864,0.3679125306371037,0.6226861417199955
25941,Neutral,0.5087738660095199,0.037538797128002475,0.45368733686247764
25942,LOF,0.009313225493777635,0.05119897009837807,0.9394878044078443
25943,LOF,0.04547872977500181,0.16349700898315092,0.7910242612418473
25944,LOF,0.06673897759024894,0.08074210498140248,0.8525189174283485
25945,LOF,0.12380221071468257,0.020971815739436826,0.8552259735458806
25946,LOF,0.07199030647652205,0.04219167941884266,0.8858180141046353
25947,Neutral,0.45749155897547444,0.11066872133262133,0.4318397196919042
25948,LOF,0.42998244986171347,0.013540600043214671,0.5564769500950719
25949,LOF,0.13789333887501581,0.06726520896229161,0.7948414521626926
25950,GOF,0.0674164533859895,0.6677216503360845,0.26486189627792595
25951,LOF,0.013209691335763642,0.4728790945104444,0.5139112141537919
25952,LOF,0.29722635283362747,0.31755310187899527,0.38522054528737726
25953,LOF,0.007456164809263419,0.1946356805634703,0.7979081546272663
25954,GOF,0.09839244426964189,0.5249913498152103,0.37661620591514783
25955,LOF,0.007091135050924733,0.17162097740689447,0.8212878875421807
25956,LOF,0.018007447330045893,0.24710117209913338,0.7348913805708207
25957,LOF,0.22036523092108964,0.029211714280882612,0.7504230547980278
25958,LOF,0.03354478656403854,0.040656571075165515,0.9257986423607959
25959,GOF,0.014599924485607166,0.561504127031274,0.4238959484831189
25960,LOF,0.0069739019163052125,0.06104327668167367,0.9319828214020212
25961,LOF,0.03280927781798012,0.03893127485853549,0.9282594473234844
25962,LOF,0.037920753619125704,0.06640520091974393,0.8956740454611304
25963,LOF,0.005036242338057005,0.1827682609850508,0.8121954966768923
25964,LOF,0.027434464312343122,0.11849465535023204,0.8540708803374247
25965,LOF,0.27571913231577927,0.12708229492136325,0.5971985727628575
25966,Neutral,0.48108786216538085,0.13152223672988794,0.38738990110473126
25967,LOF,0.009684127225482035,0.0832461256679353,0.9070697471065827
25968,LOF,0.04736371594732545,0.21190196504381623,0.7407343190088584
25969,LOF,0.11507346989282367,0.05410756886805866,0.8308189612391178
25970,LOF,0.021103217349286097,0.0885414223730107,0.8903553602777031
25971,LOF,0.08518517062148477,0.03164235720114687,0.8831724721773684
25972,LOF,0.06674541722071953,0.04949008007657965,0.8837645027027008
25973,LOF,0.07069398787942102,0.009595609551910892,0.9197104025686681
25974,LOF,0.05324559099768654,0.03920418809166999,0.9075502209106435
25975,LOF,0.04883486315949854,0.018380590637885188,0.9327845462026162
25976,LOF,0.10329290138520056,0.010307694570824219,0.8863994040439752
25977,LOF,0.19200868630194562,0.06799443607266017,0.7399968776253942
25978,LOF,0.19191763053443156,0.12434371564494298,0.6837386538206255
25979,LOF,0.1549667120958465,0.1398344368091762,0.7051988510949774
25980,LOF,0.2580735077660126,0.18483066643387752,0.5570958258001099
25981,LOF,0.2592766527403295,0.1873674477733598,0.5533558994863107
25982,Neutral,0.4996202231639309,0.09539120388558345,0.4049885729504855
25983,Neutral,0.48715799309184854,0.12069627776389451,0.392145729144257
25984,LOF,0.0387674762885212,0.10170902997320977,0.859523493738269
25985,LOF,0.42088754931847827,0.14924612097272655,0.4298663297087952
25986,LOF,0.012020371751349367,0.41602485141937984,0.5719547768292708
25987,LOF,0.057372645321953006,0.10420121126352999,0.8384261434145169
25988,LOF,0.04024694899516941,0.15272173983270368,0.807031311172127
25989,LOF,0.038325340477294766,0.18902502224227977,0.7726496372804256
25990,LOF,0.03966540284380965,0.3032062107222122,0.6571283864339782
25991,LOF,0.02716226937267002,0.44944157139489,0.5233961592324401
25992,LOF,0.02536666001276103,0.43719019339135995,0.537443146595879
25993,LOF,0.02738815146203033,0.08344286855240501,0.8891689799855647
25994,LOF,0.02353217595626482,0.08739040784245253,0.8890774162012827
25995,LOF,0.021177758377244168,0.15131145475477992,0.827510786867976
25996,Neutral,0.3632032883862895,0.30108876968414094,0.33570794192956954
25997,LOF,0.06946732669562454,0.369057553027723,0.5614751202766526
25998,LOF,0.2513021802718543,0.04165457440437422,0.7070432453237715
25999,LOF,0.028313871455271967,0.17515054521816703,0.7965355833265609
26000,LOF,0.18506258457899577,0.03284450896191398,0.7820929064590902
26001,LOF,0.25167236789239134,0.04518268817608296,0.7031449439315257
26002,LOF,0.13784495673242048,0.04995406425889473,0.8122009790086848
26003,GOF,0.0053439796975237016,0.6291627420197285,0.36549327828274775
26004,GOF,0.008532351972721243,0.6866877220467466,0.30477992598053233
26005,GOF,0.0038092128799042356,0.4982512066260742,0.49793958049402154
26006,GOF,0.12245276658865822,0.534549434059248,0.34299779935209385
26007,GOF,0.007321095830525714,0.5250023293560022,0.4676765748134721
26008,GOF,0.005967990863112613,0.637284520802926,0.3567474883339614
26009,GOF,0.007256810746739384,0.6499143378795287,0.3428288513737321
26010,GOF,0.008275606528904916,0.6172863744748264,0.3744380189962688
26011,LOF,0.0034099704916040283,0.4478288987414696,0.5487611307669263
26012,GOF,0.005082491371533159,0.5295696822859179,0.46534782634254884
26013,GOF,0.006574077038037047,0.5897496603624921,0.4036762625994709
26014,LOF,0.057048113502954634,0.10934767142156006,0.8336042150754853
26015,LOF,0.36047786180864577,0.02813093754687368,0.6113912006444805
26016,LOF,0.3084972174701931,0.04718316195056882,0.6443196205792381
26017,LOF,0.021926696669504645,0.22237446488541315,0.7556988384450823
26018,LOF,0.028848177214807993,0.06007027693548317,0.9110815458497088
26019,LOF,0.028374118799028424,0.051911172046989994,0.9197147091539817
26020,LOF,0.010615213935670942,0.21680649904445856,0.7725782870198704
26021,LOF,0.08075352415941803,0.08007213039351958,0.8391743454470624
26022,LOF,0.04462767810984187,0.03089038408084875,0.9244819378093093
26023,LOF,0.03405714067496729,0.0380652471092514,0.9278776122157814
26024,LOF,0.052274087203460634,0.07798908573020602,0.8697368270663334
26025,LOF,0.06280529479472699,0.08977366352002766,0.8474210416852453
26026,LOF,0.11363570412826196,0.06890029389693594,0.8174640019748022
26027,LOF,0.028791368606269897,0.029558011607679388,0.9416506197860507
26028,LOF,0.114376513419513,0.13365439012481992,0.7519690964556672
26029,LOF,0.020228979238430932,0.1872000206342647,0.7925710001273044
26030,LOF,0.1675173264466763,0.0233673057887972,0.8091153677645265
26031,LOF,0.010288435385121662,0.16307573076152027,0.826635833853358
26032,LOF,0.04414802129518526,0.05188269406581051,0.9039692846390042
26033,LOF,0.07134683181819698,0.044646065395117444,0.8840071027866855
26034,LOF,0.013696287037943643,0.14298875121989865,0.8433149617421576
26035,LOF,0.011838190734491329,0.10565734088441753,0.8825044683810911
26036,LOF,0.011283377575030491,0.12229429482575073,0.8664223275992188
26037,LOF,0.009804301601185124,0.09808050193511061,0.8921151964637043
26038,LOF,0.03745335905012787,0.04730301843887304,0.9152436225109991
26039,LOF,0.025849963494978916,0.12341221134489912,0.8507378251601219
26040,LOF,0.10635487255862597,0.12058388019857853,0.7730612472427956
26041,LOF,0.013191889600439719,0.08601236670507138,0.900795743694489
26042,LOF,0.011500507300520345,0.09655988687062214,0.8919396058288575
26043,LOF,0.03663000241118074,0.06860336316685035,0.8947666344219689
26044,LOF,0.01488322776597207,0.04690914330333375,0.9382076289306943
26045,LOF,0.07043313171451038,0.10554156187166347,0.8240253064138262
26046,LOF,0.031232875351162866,0.049060748849472216,0.919706375799365
26047,LOF,0.050284037655573544,0.04830474877607628,0.9014112135683502
26048,LOF,0.08714469013559627,0.026288913290573947,0.8865663965738299
26049,Neutral,0.946802660203798,0.006797847829659873,0.046399491966542174
26050,Neutral,0.9240670135795765,0.007530337695030322,0.06840264872539323
26051,LOF,0.017792435337342625,0.0987084824003024,0.883499082262355
26052,LOF,0.034106559081660694,0.11506676746761653,0.8508266734507227
26053,LOF,0.031656146771817474,0.16696030939146322,0.8013835438367194
26054,LOF,0.04512727646216873,0.026750091399839526,0.9281226321379917
26055,LOF,0.06463530170606792,0.023859943413594743,0.9115047548803373
26056,LOF,0.05202020245388127,0.030081995410789632,0.9178978021353292
26057,LOF,0.06176825823600639,0.015128972725933514,0.9231027690380601
26058,LOF,0.06534687037228903,0.012118103374520328,0.9225350262531905
26059,LOF,0.2132282036457147,0.03089059304640228,0.7558812033078831
26060,LOF,0.0180459917123503,0.19635504806616857,0.7855989602214812
26061,LOF,0.013270116449493084,0.010441654989443747,0.9762882285610631
26062,LOF,0.006949491137426287,0.01745714931069709,0.9755933595518765
26063,LOF,0.03996311013957079,0.01065285952326328,0.9493840303371659
26064,LOF,0.010631545358760139,0.023378675580583468,0.9659897790606564
26065,LOF,0.04739605197023885,0.012931085869614877,0.9396728621601463
26066,LOF,0.044438242117220424,0.010256300467491746,0.9453054574152878
26067,LOF,0.05555097138841804,0.009849742381195197,0.9345992862303868
26068,LOF,0.052420089241636485,0.04899313101825168,0.8985867797401119
26069,LOF,0.16718219853492441,0.026631793316476898,0.8061860081485988
26070,LOF,0.34805815718594774,0.021228931563452562,0.6307129112505996
26071,LOF,0.046858276831490686,0.011336033361611597,0.9418056898068978
26072,LOF,0.011259423827885032,0.019110269999686062,0.9696303061724288
26073,LOF,0.041475534377288334,0.01403241028013735,0.9444920553425743
26074,Neutral,0.9233206105353359,0.008539011065547024,0.06814037839911727
26075,LOF,0.05332201558303174,0.021831489290054296,0.924846495126914
26076,LOF,0.05806449113660003,0.012293203450983706,0.9296423054124163
26077,LOF,0.1652456051579999,0.006937893856487526,0.8278165009855125
26078,LOF,0.009276774781541925,0.013951440454664335,0.9767717847637938
26079,LOF,0.06544670571682629,0.025657974981876278,0.9088953193012974
26080,LOF,0.0641110996325528,0.025713209844121027,0.910175690523326
26081,LOF,0.03484161736712411,0.008960617990491328,0.9561977646423847
26082,LOF,0.007271579611457269,0.014785690338991755,0.9779427300495509
26083,LOF,0.11105105769120303,0.02084151950221481,0.8681074228065822
26084,LOF,0.11474369051301837,0.01518656815191341,0.8700697413350682
26085,LOF,0.1073266595851738,0.01288769463173809,0.8797856457830882
26086,LOF,0.04177533583095492,0.012717764802443675,0.9455068993666014
26087,LOF,0.037396781275201706,0.010679160387393605,0.9519240583374047
26088,LOF,0.009538939813771123,0.01797119551920937,0.9724898646670196
26089,LOF,0.043557221149693265,0.03870622352744063,0.9177365553228661
26090,LOF,0.04429287602167921,0.02997496329008976,0.9257321606882312
26091,LOF,0.033388269534949465,0.007772078098815921,0.9588396523662346
26092,LOF,0.04837682612866663,0.00797853608657653,0.9436446377847568
26093,LOF,0.08973433417313122,0.005688345713434239,0.9045773201134345
26094,LOF,0.03790703531987634,0.007415146092384463,0.9546778185877391
26095,LOF,0.03499497476461424,0.018108289082042237,0.9468967361533436
26096,LOF,0.22884084086988013,0.005225329198581612,0.7659338299315382
26097,LOF,0.008542727966202795,0.03127019379207088,0.9601870782417263
26098,LOF,0.079807151712031,0.019375683292707703,0.9008171649952613
26099,LOF,0.04762649945442624,0.01594010176388606,0.9364333987816877
26100,LOF,0.04763212409193127,0.015939615908460512,0.9364282599996081
26101,LOF,0.06149543495445309,0.032216304353731406,0.9062882606918155
26102,LOF,0.03797260565819449,0.0157792125230702,0.9462481818187353
26103,Neutral,0.8752699320902857,0.02712553042234112,0.0976045374873732
26104,LOF,0.05907746335058974,0.042123250315004725,0.8987992863344055
26105,LOF,0.2649550168221381,0.15612119929329132,0.5789237838845706
26106,LOF,0.31759560274285353,0.11306014643620663,0.5693442508209399
26107,LOF,0.02255408276658257,0.0920933867486098,0.8853525304848076
26108,LOF,0.2867913797259726,0.047643827457819164,0.6655647928162083
26109,LOF,0.09983530522967964,0.03575029162753255,0.8644144031427878
26110,LOF,0.45564565729589,0.007318130134385759,0.5370362125697243
26111,LOF,0.053174499694639304,0.14365398316761158,0.8031715171377493
26112,LOF,0.053570928146516324,0.00838338484099938,0.9380456870124843
26113,LOF,0.10650153219199981,0.02107595207678439,0.8724225157312159
26114,LOF,0.09231240351304025,0.00697024587200615,0.9007173506149536
26115,LOF,0.013498273084733383,0.04350101125090313,0.9430007156643636
26116,LOF,0.06925542618268477,0.018249327125863003,0.9124952466914521
26117,LOF,0.4014592698248781,0.03261965301432822,0.5659210771607937
26118,LOF,0.05000791154393446,0.015551450203910883,0.9344406382521546
26119,LOF,0.006488258919279334,0.03148754424715025,0.9620241968335703
26120,LOF,0.03621566353949923,0.014753588513987632,0.9490307479465131
26121,LOF,0.004380956572859957,0.11322942269856555,0.8823896207285745
