feature0,prediction,LoGoFunc_Neutral,LoGoFunc_GOF,LoGoFunc_LOF
25546,Neutral,0.7453278685165643,0.042025965586871515,0.21264616589656415
25547,Neutral,0.5936391634546183,0.09045483695544328,0.31590599958993837
25548,Neutral,0.6323145424910636,0.06489745395809675,0.30278800355083973
25549,Neutral,0.5624267781671575,0.06393063753814227,0.3736425842947002
25550,LOF,0.3565475155424967,0.14553373234696695,0.4979187521105364
25551,LOF,0.2905034515258667,0.1566780942465009,0.5528184542276324
25552,LOF,0.22565853855242593,0.14662368662574696,0.6277177748218272
25553,Neutral,0.8527493169558893,0.03049212846587122,0.11675855457823947
25554,LOF,0.2595647763509469,0.1379148327351347,0.6025203909139184
25555,LOF,0.2193284869222936,0.12027017623698022,0.6604013368407261
25556,Neutral,0.46797761649957237,0.11903029487432754,0.41299208862610004
25557,LOF,0.20484501859439105,0.12526325799355117,0.6698917234120578
25558,LOF,0.24335685668042276,0.13341227990335272,0.6232308634162245
25559,LOF,0.35584140262625663,0.11869620533335723,0.5254623920403861
25560,LOF,0.0693080435582407,0.12639446713462268,0.8042974893071366
25561,LOF,0.1535559353624341,0.12887610530305008,0.7175679593345158
25562,LOF,0.0826922854520574,0.07822590191861264,0.8390818126293299
25563,LOF,0.10566178324178319,0.08900481648831783,0.8053334002698991
25564,LOF,0.1990581763829649,0.15141135423566876,0.6495304693813664
25565,LOF,0.14562131005547857,0.13906899604908793,0.7153096938954334
25566,GOF,0.015694798208723097,0.7924175741645493,0.19188762762672779
25567,LOF,0.018910111938416803,0.21957176283229346,0.7615181252292896
25568,LOF,0.059095534084628504,0.08756441224481272,0.8533400536705589
25569,LOF,0.06240957038964624,0.08488033437086442,0.8527100952394895
25570,LOF,0.030318229649794158,0.13658373899506887,0.833098031355137
25571,LOF,0.027783016576754242,0.1370406731606188,0.835176310262627
25572,LOF,0.05224628150442924,0.14944754728667625,0.7983061712088945
25573,LOF,0.035412209013175586,0.11840916598662864,0.8461786250001959
25574,LOF,0.018979546876168173,0.1906651142877244,0.7903553388361074
25575,LOF,0.02235959291244596,0.14834900199178574,0.8292914050957684
25576,LOF,0.012770017027252598,0.18120090396804225,0.8060290790047052
25577,LOF,0.012497871529223856,0.1453466957929652,0.842155432677811
25578,LOF,0.28697889081488503,0.11413107128801277,0.5988900378971022
25579,LOF,0.1274725135020812,0.1315871801833394,0.7409403063145794
25580,LOF,0.01661541865606861,0.11174466577456739,0.8716399155693639
25581,LOF,0.05425764338803417,0.08766457101223477,0.8580777855997311
25582,LOF,0.05376557500603608,0.08620746011458219,0.8600269648793817
25583,LOF,0.01914803884392724,0.13110332217660395,0.8497486389794688
25584,Neutral,0.5124440800331611,0.1331115003790129,0.3544444195878261
25585,LOF,0.020747721944444488,0.14696130528919393,0.8322909727663615
25586,LOF,0.01512022978294584,0.10775590885539249,0.8771238613616616
25587,LOF,0.015562643832005228,0.1009303264022958,0.8835070297656991
25588,LOF,0.015627576382800087,0.11987547485740062,0.8644969487597993
25589,Neutral,0.5804101134284565,0.1601452361008108,0.25944465047073273
25590,LOF,0.030611026973976333,0.14386083425047066,0.8255281387755529
25591,LOF,0.099866296685836,0.07644455648196795,0.823689146832196
25592,LOF,0.04934759912933082,0.17553392630525733,0.7751184745654119
25593,LOF,0.022566525412738035,0.3067556112172852,0.6706778633699768
25594,LOF,0.04656148228888309,0.12003566080890245,0.8334028569022145
25595,LOF,0.061938469999057236,0.08739058973515833,0.8506709402657845
25596,LOF,0.06137550687095341,0.0737117832577657,0.8649127098712809
25597,LOF,0.042176422772074784,0.07521273300725254,0.8826108442206726
25598,LOF,0.04677378905476229,0.1043044232639755,0.8489217876812621
25599,GOF,0.006684823070713589,0.5823847536582386,0.4109304232710478
25600,GOF,0.02143393443173778,0.5896472251605489,0.38891884040771335
25601,LOF,0.012077263852473442,0.4092006939930064,0.5787220421545202
25602,LOF,0.021029952524570024,0.04898017283958456,0.9299898746358455
25603,LOF,0.05036385520573265,0.017205493183209082,0.9324306516110583
25604,LOF,0.02996131048549621,0.0611070537245026,0.9089316357900011
25605,LOF,0.008625504803620596,0.18783407507958708,0.8035404201167923
25606,LOF,0.12465630355695621,0.33017175622902784,0.5451719402140159
25607,LOF,0.004990167631670323,0.20183011275114532,0.7931797196171844
25608,LOF,0.026062318340531652,0.08253636214877529,0.891401319510693
25609,LOF,0.07052764499256835,0.39800185713136765,0.5314704978760639
25610,LOF,0.018424009916370887,0.025933297076171452,0.9556426930074577
25611,LOF,0.019303410659893137,0.025194834739362845,0.9555017546007439
25612,LOF,0.09172387729941274,0.034840572495132185,0.873435550205455
25613,LOF,0.07666531988041213,0.03559299262926237,0.8877416874903254
25614,LOF,0.02366476678312129,0.027922987268452326,0.9484122459484264
25615,LOF,0.031217618747502354,0.038716540128018326,0.9300658411244793
25616,LOF,0.05531291180971673,0.026328658252089722,0.9183584299381935
25617,LOF,0.05429205993290444,0.029725942963870645,0.9159819971032249
25618,LOF,0.0729403305546262,0.03185546397992611,0.8952042054654478
25619,LOF,0.0160314918935571,0.030477754646462296,0.9534907534599806
25620,LOF,0.07215289311825335,0.034213619421466085,0.8936334874602806
25621,LOF,0.027540631992963784,0.037837954440815974,0.9346214135662203
25622,LOF,0.03419927623384095,0.03314332428758513,0.932657399478574
25623,LOF,0.05603943533378995,0.026780532477869236,0.9171800321883409
25624,LOF,0.019700544270317536,0.03488223564491925,0.9454172200847633
25625,LOF,0.038323356390435666,0.044109556122068905,0.9175670874874955
25626,LOF,0.07286951651065818,0.031167501527730037,0.8959629819616118
25627,Neutral,0.5846252406713335,0.11369409870701454,0.3016806606216519
25628,LOF,0.20612354698392363,0.05175808156934313,0.7421183714467332
25629,LOF,0.06041775196682418,0.058146837655177495,0.8814354103779984
25630,LOF,0.14681591180595485,0.09211509406967645,0.7610689941243687
25631,Neutral,0.6250435817315608,0.05281789207828208,0.3221385261901571
25632,LOF,0.010420431243148998,0.13267111539324555,0.8569084533636055
25633,LOF,0.21581103640063162,0.06968720083271521,0.7145017627666531
25634,LOF,0.034574033970835416,0.10034056664554973,0.8650853993836148
25635,LOF,0.030047054710002675,0.07001372355772785,0.8999392217322695
25636,GOF,0.005633919185370767,0.5656824587601889,0.42868362205444044
25637,GOF,0.006813383689736472,0.5932220142612067,0.3999646020490569
25638,LOF,0.012993715645503636,0.27787793208126393,0.7091283522732325
25639,LOF,0.006353093888875518,0.4513129841257828,0.5423339219853417
25640,GOF,0.4402285978926424,0.47592936028485044,0.08384204182250717
25641,LOF,0.012634559040468842,0.32858915257223803,0.6587762883872932
25642,LOF,0.2669050134191024,0.06388656134157687,0.6692084252393208
25643,LOF,0.21662358979915577,0.23598247831662328,0.5473939318842209
25644,LOF,0.010632471430237933,0.4917876838097324,0.49757984476002964
25645,LOF,0.008697558684074711,0.43954917965622015,0.5517532616597052
25646,LOF,0.014266936548160749,0.3132522088011434,0.6724808546506957
25647,LOF,0.012162325343311128,0.2620300763216983,0.7258075983349906
25648,LOF,0.010874215656853174,0.2505963570981085,0.7385294272450382
25649,LOF,0.009063539254504304,0.17373807932271784,0.8171983814227779
25650,LOF,0.01569898502480321,0.39853084742981987,0.5857701675453769
25651,LOF,0.006423400467652609,0.2719802019296814,0.721596397602666
25652,LOF,0.011234934915416885,0.23416291542892445,0.7546021496556587
25653,LOF,0.037581878954472736,0.37305960614447425,0.589358514901053
25654,LOF,0.012546124966786948,0.14154928799995273,0.8459045870332603
25655,LOF,0.05511094318209968,0.4089506270421066,0.5359384297757936
25656,LOF,0.21368227278507854,0.04675235149286932,0.739565375722052
25657,LOF,0.30333225941591485,0.026772454915125036,0.6698952856689602
25658,LOF,0.07277680540963147,0.07886768392383568,0.8483555106665328
25659,LOF,0.4295963059295878,0.06999562934129142,0.5004080647291208
25660,LOF,0.031034769410261717,0.113408720326668,0.8555565102630703
25661,LOF,0.10976228175617588,0.0683489762111951,0.821888742032629
25662,LOF,0.024438700528208523,0.04857504250895541,0.9269862569628361
25663,LOF,0.03210676220587393,0.06931042849181845,0.8985828093023076
25664,LOF,0.05454337641853186,0.08482353149457568,0.8606330920868924
25665,LOF,0.061404770093599896,0.04224725310656922,0.8963479767998308
25666,LOF,0.06587955884904123,0.10647199027627789,0.8276484508746808
25667,LOF,0.07746282437598653,0.05530046698668022,0.8672367086373333
25668,LOF,0.027435526281527883,0.05738740904210263,0.9151770646763695
25669,LOF,0.030171415390806776,0.08283421860749952,0.8869943660016937
25670,LOF,0.10441307373557471,0.08636055980123213,0.8092263664631931
25671,LOF,0.0965457837156511,0.046998381516981644,0.8564558347673672
25672,LOF,0.06633442118401478,0.05680633141671663,0.8768592473992687
25673,LOF,0.04264321641512824,0.07179424705618406,0.8855625365286878
25674,LOF,0.03542990605890248,0.08869549127903742,0.8758746026620601
25675,LOF,0.06309094438797509,0.0842773502562051,0.8526317053558198
25676,LOF,0.02118740982472228,0.07279146248175597,0.9060211276935217
25677,LOF,0.030734147236792256,0.08236971633153872,0.8868961364316691
25678,LOF,0.21279281446086887,0.04754504229168396,0.7396621432474472
25679,LOF,0.15612381983601376,0.0850589556877853,0.7588172244762009
25680,LOF,0.033354924373811934,0.12150792085510653,0.8451371547710815
25681,LOF,0.05483508840982751,0.11275946549407038,0.8324054460961022
25682,LOF,0.12111918730669191,0.0786157281171759,0.8002650845761322
25683,LOF,0.11797430520861069,0.10686728341724433,0.7751584113741449
25684,LOF,0.043147699308911325,0.08300123513911233,0.8738510655519763
25685,LOF,0.11344658619981145,0.05780786737841243,0.8287455464217761
25686,LOF,0.034516758623622724,0.09551925681268451,0.8699639845636927
25687,LOF,0.039265311049647915,0.08767522973266462,0.8730594592176874
25688,LOF,0.03688974069489842,0.07102393824299615,0.8920863210621055
25689,LOF,0.025109579250110845,0.06976107831612892,0.9051293424337603
25690,LOF,0.02981595007916706,0.0704709383904369,0.899713111530396
25691,LOF,0.2552752680222952,0.09766877688828045,0.6470559550894243
25692,LOF,0.369225817690346,0.008334468797026052,0.622439713512628
25693,LOF,0.09576646410338187,0.18225953927120384,0.7219739966254142
25694,LOF,0.26431695587164944,0.019820247470414408,0.7158627966579361
25695,LOF,0.17412732996344424,0.025148404335914913,0.8007242657006408
25696,LOF,0.1645652395361136,0.012280561813843823,0.8231541986500426
25697,LOF,0.17449446987761888,0.026272922925019152,0.7992326071973619
25698,LOF,0.04716456130863554,0.4565944476180336,0.49624099107333103
25699,LOF,0.06964856629353604,0.08407843510658548,0.8462729985998784
25700,LOF,0.05851286434501853,0.009350425621843551,0.9321367100331379
25701,LOF,0.016334899372783852,0.06998648623570385,0.9136786143915123
25702,GOF,0.024253340591949328,0.7010523283664437,0.2746943310416069
25703,LOF,0.009249142827766475,0.19551870098665217,0.7952321561855813
25704,LOF,0.037894614371240504,0.16289381627235183,0.7992115693564076
25705,LOF,0.049867926465101305,0.23302482003151626,0.7171072535033824
25706,GOF,0.03254012725385834,0.535202637728715,0.4322572350174267
25707,LOF,0.020564283561417103,0.4829834808492578,0.49645223558932516
25708,LOF,0.006875359301538313,0.38453502187976946,0.6085896188186922
25709,LOF,0.05393159738088737,0.05938063764774704,0.8866877649713655
25710,LOF,0.006587521849181606,0.1740397021011414,0.8193727760496771
25711,LOF,0.017001879453294563,0.12210271145759348,0.860895409089112
25712,LOF,0.010364987972744339,0.18913280429758766,0.800502207729668
25713,LOF,0.016002228017422664,0.09805794389570066,0.8859398280868767
25714,LOF,0.0630353715370299,0.11971407414620122,0.8172505543167689
25715,LOF,0.011792890663254556,0.14414078529050728,0.8440663240462382
25716,LOF,0.00741854509669725,0.13505726351068661,0.8575241913926162
25717,LOF,0.007528375821360032,0.10707650483343191,0.8853951193452081
25718,LOF,0.013038121516513365,0.08965510453509114,0.8973067739483955
25719,LOF,0.021125793937192668,0.09744902682672153,0.8814251792360858
25720,LOF,0.021569666077314815,0.08391615505522029,0.8945141788674649
25721,LOF,0.014687165021062331,0.11562231800531932,0.8696905169736183
25722,LOF,0.012363104278563372,0.14412990557297276,0.843506990148464
25723,LOF,0.017804153489017194,0.06879163293174992,0.9134042135792328
25724,LOF,0.023573760825914086,0.10949391009301548,0.8669323290810705
25725,LOF,0.012555086840077652,0.07927640992811105,0.9081685032318113
25726,LOF,0.010552918819976656,0.11465323553912367,0.8747938456408997
25727,LOF,0.013121186662731632,0.09978799540989537,0.887090817927373
25728,LOF,0.011366101405246541,0.11752625842938336,0.87110764016537
25729,LOF,0.011659509254883977,0.12366039678940954,0.8646800939557064
25730,LOF,0.012473732498971752,0.09881244308476156,0.8887138244162667
25731,LOF,0.009790047613959556,0.15757150285456922,0.8326384495314711
25732,LOF,0.012259488123317376,0.10031820005742667,0.8874223118192558
25733,LOF,0.01764013815167198,0.07821755029132878,0.9041423115569993
25734,LOF,0.006102655141626,0.15725266928043624,0.8366446755779378
25735,LOF,0.014599714452682601,0.08732020147348823,0.8980800840738292
25736,LOF,0.013759511952386342,0.13047852570128263,0.855761962346331
25737,LOF,0.02504449875375064,0.1055762554732164,0.8693792457730329
25738,LOF,0.013347445470853305,0.1469045072701585,0.8397480472589882
25739,LOF,0.019295722065091704,0.11357173172588568,0.8671325462090226
25740,LOF,0.028450377750308675,0.1372112500933268,0.8343383721563644
25741,LOF,0.015108571999002663,0.11823492324463919,0.8666565047563582
25742,LOF,0.09845325630789394,0.10746871077216959,0.7940780329199365
25743,LOF,0.02161022100374837,0.04405048377633564,0.934339295219916
25744,LOF,0.19432941240902515,0.4014323638533215,0.4042382237376534
25745,LOF,0.024227163673451596,0.058408595889772215,0.9173642404367762
25746,LOF,0.013293546485610971,0.071045871333299,0.9156605821810899
25747,LOF,0.02302156049610619,0.039979556501238016,0.9369988830026558
25748,LOF,0.13813802369563796,0.07009122316908778,0.7917707531352742
25749,LOF,0.013236518564870087,0.0467663570754453,0.9399971243596846
25750,LOF,0.02849949757751126,0.07249059587745507,0.8990099065450335
25751,LOF,0.09697621366225681,0.0666247438702125,0.8363990424675306
25752,GOF,0.11518119362652086,0.5895647900333228,0.2952540163401563
25753,LOF,0.0083954067751517,0.3919624024287496,0.5996421907960987
25754,GOF,0.004464699620625406,0.8300793445649061,0.1654559558144686
25755,LOF,0.011594442887002579,0.4337084110755452,0.5546971460374521
25756,LOF,0.0540767467590793,0.4267746592849399,0.5191485939559808
25757,GOF,0.005734555475259848,0.8544227413030063,0.1398427032217339
25758,GOF,0.006638494173111989,0.8604453119497834,0.13291619387710463
25759,GOF,0.004312036433306802,0.5449705114457625,0.45071745212093084
25760,LOF,0.005737139406469996,0.2897271306955393,0.7045357298979907
25761,GOF,0.05050752265213774,0.8199734351364822,0.12951904221138
25762,LOF,0.03342062124657299,0.3294045877029633,0.6371747910504637
25763,LOF,0.007115821940491429,0.23256028505073198,0.7603238930087767
25764,GOF,0.12265940456551243,0.5029332323970571,0.37440736303743044
25765,GOF,0.010406526510820632,0.7800458935048048,0.20954757998437454
25766,GOF,0.025695791814186946,0.7913953929164869,0.1829088152693262
25767,LOF,0.023200963812103452,0.48782529149160636,0.48897374469629024
25768,LOF,0.0703345089616954,0.0646451815815413,0.8650203094567633
25769,LOF,0.06935892577569833,0.051371671350578435,0.8792694028737233
25770,LOF,0.15886597489831136,0.06326696562251354,0.777867059479175
25771,LOF,0.01683955487731797,0.08099192606284392,0.9021685190598381
25772,LOF,0.0150528247054699,0.026195690042830982,0.9587514852516992
25773,LOF,0.01780506298277415,0.08114981537084272,0.9010451216463832
25774,LOF,0.03216027095647529,0.07596204671385949,0.8918776823296652
25775,LOF,0.022200033679535804,0.047503644402202734,0.9302963219182614
25776,LOF,0.07450883908627118,0.02022299728220785,0.905268163631521
25777,LOF,0.19350187086178833,0.05483418060836223,0.7516639485298494
25778,LOF,0.06442266693127692,0.04005196959955237,0.8955253634691707
25779,GOF,0.053487947680903064,0.870606471688372,0.075905580630725
25780,GOF,0.05035787511607199,0.8596293974733253,0.09001272741060277
25781,GOF,0.02025455705550464,0.8417955700837978,0.1379498728606977
25782,GOF,0.024355988544353037,0.8894263252880008,0.0862176861676462
25783,GOF,0.013461865306695039,0.722904352686318,0.26363378200698684
25784,GOF,0.12059756660227428,0.8182068990179768,0.06119553437974902
25785,GOF,0.06484987372841564,0.8837024337010368,0.05144769257054763
25786,GOF,0.004318958038153979,0.8130010465188546,0.18267999544299146
25787,GOF,0.1580512806501475,0.8027972545401411,0.03915146480971152
25788,LOF,0.04448331484165278,0.13976415647596982,0.8157525286823774
25789,GOF,0.029598970121985056,0.83742608283297,0.13297494704504495
25790,GOF,0.030635960797316543,0.871896045667216,0.09746799353546758
25791,GOF,0.024179719541705523,0.8148279176701471,0.16099236278814735
25792,GOF,0.04128953401207275,0.8230170532535145,0.1356934127344128
25793,GOF,0.10124765638672828,0.791702602177515,0.10704974143575668
25794,GOF,0.08137122555732058,0.7510997550509756,0.16752901939170373
25795,GOF,0.033263664144050804,0.7655964699949938,0.20113986586095536
25796,GOF,0.11648768398429474,0.7702434354819333,0.11326888053377196
25797,GOF,0.033969905570005315,0.6422956376789437,0.32373445675105095
25798,GOF,0.002687320205674075,0.5807534605451921,0.41655921924913375
25799,LOF,0.0024949940255586693,0.47428909879762793,0.5232159071768134
25800,GOF,0.010653268345117418,0.6568614201558062,0.33248531149907634
25801,GOF,0.023029196056102097,0.828433139626864,0.14853766431703386
25802,GOF,0.015943891534949427,0.7502888691156936,0.23376723934935711
25803,GOF,0.009665510338597564,0.6566026066420886,0.333731883019314
25804,GOF,0.010715835403636062,0.5511178479063675,0.4381663166899964
25805,GOF,0.018160359541962396,0.6611500105791241,0.32068962987891336
25806,GOF,0.015491461034902907,0.7045224134242679,0.2799861255408293
25807,GOF,0.004216049204349252,0.6707098802638838,0.325074070531767
25808,GOF,0.011784567668148963,0.6832835923549224,0.3049318399769287
25809,GOF,0.004645226186383534,0.6700829943104416,0.32527177950317493
25810,GOF,0.004019077550572026,0.6845054906498965,0.3114754317995316
25811,GOF,0.07066090006424537,0.8144208514513418,0.11491824848441279
25812,GOF,0.013858053023874925,0.6849504289080445,0.3011915180680805
25813,GOF,0.09860208687554356,0.7824872160524702,0.11891069707198622
25814,GOF,0.019995093746177976,0.7386454541053824,0.24135945214843965
25815,GOF,0.034591832974338,0.7607141134168947,0.20469405360876733
25816,GOF,0.006413875611103806,0.802594498077996,0.19099162631090033
25817,GOF,0.08293502948737418,0.736044307779223,0.18102066273340284
25818,GOF,0.019755863527389856,0.7614196018185281,0.21882453465408205
25819,GOF,0.059894418567990694,0.7450169484744821,0.1950886329575273
25820,GOF,0.026693157831272546,0.7341815000093151,0.23912534215941222
25821,GOF,0.014853285977971817,0.7295358703355656,0.2556108436864627
25822,GOF,0.03167217195135681,0.7523975361059048,0.21593029194273838
25823,GOF,0.01097575178394562,0.6038911505949177,0.3851330976211367
25824,GOF,0.020128439778744636,0.7257400612302272,0.2541314989910283
25825,GOF,0.011995138783933594,0.6941464055943007,0.2938584556217657
25826,GOF,0.004434799948733797,0.645322717968355,0.35024248208291126
25827,GOF,0.0076529108899705345,0.6548974434501559,0.3374496456598736
25828,GOF,0.005101855922096417,0.5921141318569242,0.40278401222097926
25829,GOF,0.002469061867916722,0.657327628874459,0.3402033092576242
25830,LOF,0.025905123247992313,0.41150321825476877,0.562591658497239
25831,GOF,0.037358942720936664,0.8316835710954017,0.13095748618366154
25832,GOF,0.006541799240868118,0.7657002867895693,0.22775791396956255
25833,GOF,0.024316457122894448,0.8183727579425566,0.15731078493454903
25834,GOF,0.006525533163249493,0.7776146757364687,0.21585979110028172
25835,GOF,0.015340457156926335,0.8269749112856273,0.1576846315574465
25836,GOF,0.005240588937162308,0.775907927424571,0.2188514836382667
25837,GOF,0.0048792839320730575,0.6907549358904838,0.3043657801774433
25838,GOF,0.014501778938754884,0.8506461123975518,0.1348521086636932
25839,GOF,0.03581192389659037,0.8272281010931197,0.1369599750102899
25840,GOF,0.04179546385961882,0.8308070031622337,0.12739753297814754
25841,GOF,0.03845857686666903,0.8433283537018481,0.1182130694314828
25842,GOF,0.019847478103941975,0.8908937872170639,0.08925873467899431
25843,GOF,0.020535415499132133,0.8964741518562733,0.08299043264459455
25844,GOF,0.01312413857709324,0.8249259449341771,0.1619499164887296
25845,GOF,0.004383171660313591,0.6325214928379651,0.36309533550172135
25846,GOF,0.0317439995022318,0.855449774194481,0.11280622630328722
25847,GOF,0.01449798897158631,0.895804729272496,0.08969728175591775
25848,GOF,0.013242125685514397,0.8489735508507931,0.13778432346369246
25849,GOF,0.004245762012002684,0.7184184622056463,0.27733577578235086
25850,GOF,0.0054572185689369885,0.7322605454099064,0.2622822360211566
25851,GOF,0.004808350843296444,0.6160284040601913,0.37916324509651217
25852,GOF,0.14190393446924324,0.5895132609602755,0.26858280457048134
25853,GOF,0.0722297905478384,0.8367480133524614,0.09102219609970016
25854,GOF,0.008177848220625342,0.6849993584026749,0.30682279337669977
25855,GOF,0.013965139180212636,0.6252952381566442,0.36073962266314297
25856,GOF,0.03774697136199663,0.7468663900260197,0.21538663861198365
25857,GOF,0.012073846369594946,0.6072694206092902,0.38065673302111475
25858,GOF,0.006625490071408499,0.5769879073480232,0.4163866025805683
25859,GOF,0.004533574888975574,0.5610155979935705,0.4344508271174539
25860,GOF,0.07380298688004151,0.7874314316540949,0.13876558146586354
25861,GOF,0.13122244312585715,0.7725876743289326,0.09618988254521023
25862,GOF,0.017617832841267573,0.8420160821177901,0.14036608504094245
25863,GOF,0.016796028458698452,0.8478562776131067,0.1353476939281948
25864,GOF,0.04643799887386071,0.8497182391223073,0.103843762003832
25865,GOF,0.03308500293238307,0.8125134500324824,0.15440154703513448
25866,GOF,0.020420137023754874,0.8439625106577705,0.13561735231847466
25867,GOF,0.02691883846207268,0.8630374810223329,0.11004368051559446
25868,GOF,0.049559827807575965,0.8153481320021381,0.135092040190286
25869,GOF,0.31828227592060987,0.5994821980468548,0.08223552603253544
25870,GOF,0.20317823774512908,0.5836083365248974,0.21321342572997357
25871,GOF,0.018093111866021843,0.8742388915238057,0.10766799661017251
25872,GOF,0.016584620606232732,0.8604174680978037,0.1229979112959634
25873,GOF,0.0166844410389456,0.8721874431150576,0.11112811584599681
25874,LOF,0.014977927683294118,0.14806885213117357,0.8369532201855323
25875,LOF,0.034964383143313967,0.039144314273854966,0.925891302582831
25876,LOF,0.01890441669742184,0.03061262635891286,0.9504829569436652
25877,LOF,0.11811850435517246,0.06490263513137466,0.8169788605134528
25878,LOF,0.047879424458079745,0.08955435843435444,0.8625662171075658
25879,LOF,0.02082639396422497,0.07616238271584061,0.9030112233199343
25880,LOF,0.04811648418074404,0.010091629779134434,0.9417918860401215
25881,Neutral,0.5949070334166332,0.07396261310176185,0.33113035348160497
25882,LOF,0.06465711956019984,0.03045474146886619,0.904888138970934
25883,LOF,0.046918493391556244,0.027857938915308033,0.9252235676931357
25884,LOF,0.020251941567643535,0.06540255188860468,0.9143455065437518
25885,LOF,0.23099328915934292,0.015356493238001596,0.7536502176026554
25886,LOF,0.18475652533463835,0.05818573909757646,0.7570577355677852
25887,LOF,0.18133031023921375,0.06882460067114345,0.7498450890896428
25888,LOF,0.011906513657677214,0.16061922719240812,0.8274742591499147
25889,LOF,0.02820862654151392,0.03953149316496615,0.9322598802935199
25890,LOF,0.1156156811136309,0.12041024826294676,0.7639740706234223
25891,LOF,0.07383309394695456,0.033577715833296225,0.8925891902197493
25892,LOF,0.00931566108387916,0.03384827661356254,0.9568360623025582
25893,LOF,0.3731458327534704,0.009016305293248896,0.6178378619532807
25894,LOF,0.4265955770565919,0.0061802426370390256,0.5672241803063692
25895,LOF,0.35894112116012605,0.01069753625231011,0.6303613425875638
25896,LOF,0.05804351745043264,0.02474717017115815,0.9172093123784093
25897,LOF,0.1962453476073285,0.00938973451451671,0.7943649178781547
25898,LOF,0.20672833582313108,0.032504059652834164,0.7607676045240348
25899,LOF,0.23758220054511178,0.02838353957627426,0.734034259878614
25900,LOF,0.4573025647375126,0.008925688463063138,0.5337717467994243
25901,LOF,0.04497116819369236,0.009960861580548677,0.9450679702257591
25902,LOF,0.09526718445026865,0.013976435496467824,0.8907563800532636
25903,LOF,0.3711009135868931,0.023293893421580687,0.6056051929915262
25904,LOF,0.46505701307152236,0.033632188121054736,0.5013107988074229
25905,LOF,0.006668781767659641,0.4259311956095117,0.5674000226228286
25906,LOF,0.012364505658853437,0.10547843326911187,0.8821570610720346
25907,LOF,0.0037396651515203,0.31886865031851713,0.6773916845299626
25908,LOF,0.004008294131839029,0.22166803002891894,0.774323675839242
25909,LOF,0.013478350894678779,0.15504570265590006,0.8314759464494211
25910,LOF,0.016489722882902735,0.11843371590786198,0.8650765612092354
25911,LOF,0.32870108567635054,0.029150954657348346,0.6421479596663011
25912,LOF,0.06572507487078406,0.04656945851520196,0.887705466614014
25913,LOF,0.0690749181391398,0.05146630065581193,0.8794587812050483
25914,LOF,0.021555419580864172,0.06824072017905002,0.9102038602400857
25915,LOF,0.1501780737278977,0.26879280619912654,0.5810291200729757
25916,LOF,0.02188263782843122,0.18304491673300702,0.7950724454385618
25917,LOF,0.07125633879094936,0.04586839105504242,0.8828752701540081
25918,LOF,0.02674097997251713,0.04040181303661361,0.9328572069908693
25919,LOF,0.023226326308960467,0.040028047378245855,0.9367456263127937
25920,LOF,0.1618971618948739,0.16838145192506612,0.6697213861800599
25921,LOF,0.012143254451854399,0.040207131634325315,0.9476496139138204
25922,LOF,0.01432436995515392,0.03241312121893015,0.9532625088259159
25923,LOF,0.48183094077481753,0.03280854947775637,0.4853605097474261
25924,LOF,0.025362256774503888,0.049785990173364165,0.924851753052132
25925,LOF,0.07736392555918113,0.04937426528049225,0.8732618091603266
25926,LOF,0.060870111629759215,0.043508840088081514,0.8956210482821592
25927,LOF,0.018274348459805197,0.06597090914024863,0.9157547423999461
25928,LOF,0.008517216712925723,0.05634282568331828,0.935139957603756
25929,Neutral,0.5658853303265893,0.031521048228265056,0.4025936214451456
25930,LOF,0.09220717415711842,0.029274937363817193,0.8785178884790644
25931,LOF,0.011311993915147383,0.03557770987789104,0.9531102962069615
25932,LOF,0.02883882707024627,0.02954735001051677,0.941613822919237
25933,LOF,0.03581878163663665,0.018393296727573595,0.9457879216357897
25934,LOF,0.024770629504285633,0.018885328439001,0.9563440420567134
25935,LOF,0.07230597672448184,0.052056214382309264,0.875637808893209
25936,LOF,0.03805338520448348,0.02144245767823152,0.940504157117285
25937,LOF,0.011147114438210868,0.041162872627446584,0.9476900129343424
25938,LOF,0.06877186358821093,0.04855150707337552,0.8826766293384136
25939,LOF,0.027424914865033026,0.023713956963545578,0.9488611281714213
25940,LOF,0.009189056159004913,0.3470155629602819,0.6437953808807131
25941,Neutral,0.5128722693798924,0.029535842591135446,0.4575918880289722
25942,LOF,0.006849005866431638,0.049463711789578535,0.9436872823439898
25943,LOF,0.032372652815886596,0.14657582850452852,0.8210515186795848
25944,LOF,0.09901112436494165,0.07072913920369574,0.8302597364313626
25945,LOF,0.05967512800819122,0.020799904090334508,0.9195249679014743
25946,LOF,0.07290046569682689,0.0521668107550313,0.8749327235481419
25947,Neutral,0.46984160770701533,0.08598045597081738,0.44417793632216723
25948,Neutral,0.49942354204731776,0.012811275679533893,0.4877651822731483
25949,LOF,0.08722224010072391,0.06779676971634405,0.8449809901829322
25950,GOF,0.048381311282370505,0.6254344606674357,0.3261842280501938
25951,LOF,0.013052311018499772,0.4155967621409308,0.5713509268405694
25952,LOF,0.25591876536658864,0.30660146956476575,0.43747976506864555
25953,LOF,0.012224914676111013,0.18733658684103607,0.8004384984828529
25954,LOF,0.05837582426777512,0.45399968428289855,0.4876244914493263
25955,LOF,0.010955994674137569,0.1414384987422473,0.8476055065836152
25956,LOF,0.026516936316794252,0.285922528075667,0.6875605356075388
25957,LOF,0.2390889777471546,0.04443688744477413,0.7164741348080712
25958,LOF,0.0439831016269544,0.02974034487880017,0.9262765534942454
25959,LOF,0.01325255551833729,0.4867612520990173,0.49998619238264536
25960,LOF,0.006576060989733369,0.05632436617603254,0.9370995728342341
25961,LOF,0.04244301423614963,0.026121967769439005,0.9314350179944114
25962,LOF,0.030230425805380507,0.0702000638956844,0.8995695102989352
25963,LOF,0.006225741802414501,0.24893225937339944,0.744841998824186
25964,LOF,0.024045824890728578,0.09443547228189231,0.8815187028273792
25965,LOF,0.28792915030599575,0.1231786719911481,0.5888921777028561
25966,Neutral,0.4698292667065852,0.10492852817031628,0.4252422051230984
25967,LOF,0.007042042349498041,0.07550497971543826,0.9174529779350636
25968,LOF,0.04750546055793717,0.17539779321729645,0.7770967462247664
25969,LOF,0.1305838608957788,0.05265362211147737,0.8167625169927438
25970,LOF,0.032915644826849104,0.0658144253896371,0.9012699297835138
25971,LOF,0.06007538379743523,0.02792999543749051,0.9119946207650742
25972,LOF,0.050571596767769504,0.04122591939412252,0.9082024838381079
25973,LOF,0.055900518390864115,0.012987503718340425,0.9311119778907954
25974,LOF,0.048740075332281925,0.03950351718388194,0.9117564074838361
25975,LOF,0.03613938952893819,0.026580436767546938,0.9372801737035149
25976,LOF,0.1156210464835222,0.015099076491841952,0.8692798770246358
25977,LOF,0.20449497028137528,0.08022941649571348,0.7152756132229112
25978,LOF,0.16857231363111627,0.12432373697801448,0.7071039493908692
25979,LOF,0.14305015971082338,0.13729153424579973,0.7196583060433769
25980,LOF,0.257654736577672,0.1731653973566497,0.5691798660656783
25981,LOF,0.25887899929655417,0.1747892176431465,0.5663317830602993
25982,LOF,0.4561107770600262,0.08577023613094795,0.45811898680902574
25983,Neutral,0.4640952178689287,0.10529859219495556,0.43060618993611577
25984,LOF,0.031636975404054676,0.07209032646506745,0.896272698130878
25985,Neutral,0.4492000290752774,0.12199206886010314,0.4288079020646194
25986,LOF,0.011358193850962562,0.4479270477510601,0.5407147583979773
25987,LOF,0.06646861940707924,0.11603025654182644,0.8175011240510943
25988,LOF,0.13474774450856836,0.13263929037518188,0.7326129651162497
25989,LOF,0.03620471908156053,0.1705010254185745,0.793294255499865
25990,LOF,0.036281042605578934,0.2599838474404407,0.7037351099539805
25991,LOF,0.0231840530057166,0.3571785149237517,0.6196374320705317
25992,LOF,0.02434625276923087,0.35450030685144474,0.6211534403793243
25993,LOF,0.019284285982021008,0.08904408338652302,0.8916716306314559
25994,LOF,0.014777188112154576,0.08294586484819998,0.9022769470396453
25995,LOF,0.0151309507878502,0.16382648013444928,0.8210425690777005
25996,LOF,0.336660415199379,0.28028710893254094,0.38305247586808006
25997,LOF,0.06734965025394837,0.3536708283558949,0.5789795213901567
25998,LOF,0.27286987605598306,0.05911784364606223,0.6680122802979547
25999,LOF,0.027453302659996327,0.21422926100181197,0.7583174363381917
26000,LOF,0.18670352408253818,0.04174819301692946,0.7715482829005323
26001,LOF,0.29337656763344355,0.036222179893341776,0.6704012524732147
26002,LOF,0.07370366715249084,0.06799006309589796,0.8583062697516113
26003,GOF,0.003969841580277678,0.6588441887927089,0.3371859696270134
26004,GOF,0.005945935438524083,0.7485921293858001,0.24546193517567583
26005,GOF,0.0027739965731409318,0.5406797783074936,0.45654622511936555
26006,GOF,0.08737091662050347,0.6495160823652261,0.26311300101427054
26007,GOF,0.0053322459696870375,0.6244272600246105,0.3702404940057024
26008,GOF,0.004964860407486334,0.7066062581206947,0.2884288814718191
26009,GOF,0.0058592515437808695,0.7158851623199959,0.2782555861362233
26010,GOF,0.006692615100782836,0.7141022653115503,0.2792051195876668
26011,GOF,0.0027940872326033418,0.5122279962111487,0.4849779165562479
26012,GOF,0.003786331625607364,0.5846321676002149,0.4115815007741778
26013,GOF,0.0054697397988060364,0.6101008795301193,0.38442938067107474
26014,LOF,0.04767364072728853,0.11001825292028151,0.84230810635243
26015,LOF,0.42711971651926695,0.018177117728366155,0.5547031657523669
26016,LOF,0.310655346039335,0.03796104961644563,0.6513836043442194
26017,LOF,0.02726832315916386,0.1987919206936018,0.7739397561472344
26018,LOF,0.04367941408360429,0.03948135519088163,0.9168392307255141
26019,LOF,0.04304168181050143,0.034796114206662364,0.9221622039828361
26020,LOF,0.009387763109254994,0.1950569168034121,0.795555320087333
26021,LOF,0.0750278441545049,0.06747492593182117,0.8574972299136739
26022,LOF,0.03561056377610536,0.026664007990760616,0.937725428233134
26023,LOF,0.04274700295609829,0.024029094584271236,0.9332239024596305
26024,LOF,0.0438222349700548,0.06489577247607282,0.8912819925538724
26025,LOF,0.055523591689065566,0.08085622185830421,0.8636201864526303
26026,LOF,0.10349028558059799,0.05646798878661619,0.8400417256327858
26027,LOF,0.03815114562991564,0.020293734307525027,0.9415551200625594
26028,LOF,0.11346154473622466,0.1322709107750769,0.7542675444886984
26029,LOF,0.02182094953542423,0.23745481570697,0.7407242347576058
26030,LOF,0.17997317384761422,0.0381913451352605,0.7818354810171252
26031,LOF,0.011818374796556933,0.2104715664858645,0.7777100587175786
26032,LOF,0.06406217729312301,0.09311183214577369,0.8428259905611033
26033,LOF,0.09115434856230561,0.08369696936266711,0.8251486820750273
26034,LOF,0.017056470521463158,0.20493070180446507,0.7780128276740719
26035,LOF,0.013588638118965423,0.14003255274964413,0.8463788091313905
26036,LOF,0.014077666595561313,0.18194407796966702,0.8039782554347716
26037,LOF,0.011402647494110131,0.13412131119260262,0.8544760413132872
26038,LOF,0.05400002627564902,0.08590943777661747,0.8600905359477335
26039,LOF,0.02969266639665038,0.17111595882282546,0.7991913747805242
26040,LOF,0.14934962572111316,0.17629218302526267,0.6743581912536242
26041,LOF,0.014547801798905118,0.1111653766067802,0.8742868215943147
26042,LOF,0.013065902444236013,0.11976899394963947,0.8671651036061245
26043,LOF,0.05223928970133083,0.10936614642784424,0.8383945638708249
26044,LOF,0.013386605082642689,0.07238558796182822,0.9142278069555291
26045,LOF,0.07417360618502004,0.12509893037584055,0.8007274634391395
26046,LOF,0.04496487236903959,0.08435562574112788,0.8706795018898326
26047,LOF,0.07035925311812502,0.08438027765284614,0.8452604692290289
26048,LOF,0.06884904624461734,0.04599350661254043,0.8851574471428423
26049,Neutral,0.9482838200027244,0.009627119961968472,0.04208906003530715
26050,Neutral,0.9244699106142955,0.01069698021487874,0.06483310917082587
26051,LOF,0.01341256388942296,0.10969719272548883,0.8768902433850883
26052,LOF,0.024534837840456344,0.13286355502791677,0.8426016071316269
26053,LOF,0.029868296257881333,0.16875785154595507,0.8013738521961635
26054,LOF,0.04221933068783199,0.023400641610136518,0.9343800277020314
26055,LOF,0.0636046696575282,0.021891230230703412,0.9145041001117685
26056,LOF,0.053195597862034524,0.025525961723594552,0.9212784404143709
26057,LOF,0.02643288104831604,0.014797491536895541,0.9587696274147883
26058,LOF,0.027397384203661484,0.012363119441988694,0.9602394963543498
26059,LOF,0.1767355544891657,0.02279083664035289,0.8004736088704815
26060,LOF,0.01139751010056147,0.21453873510343668,0.7740637547960019
26061,LOF,0.007878756662088258,0.01540442947792089,0.9767168138599909
26062,LOF,0.004890838768090627,0.024525535274363446,0.970583625957546
26063,LOF,0.018580142048093856,0.012625374829693038,0.9687944831222132
26064,LOF,0.007831208234119771,0.037357500176378365,0.954811291589502
26065,LOF,0.0211557239227132,0.013588373543915443,0.9652559025333713
26066,LOF,0.020893657156098644,0.012236398053908736,0.9668699447899927
26067,LOF,0.02572220800535205,0.010800600246825836,0.9634771917478222
26068,LOF,0.04845738260075718,0.04533811443698826,0.9062045029622545
26069,LOF,0.14947046244334622,0.028777405111274433,0.8217521324453794
26070,LOF,0.3175739421528253,0.024058023478594898,0.6583680343685798
26071,LOF,0.01984783847430968,0.013293456523080555,0.9668587050026097
26072,LOF,0.006867957430051572,0.028156408334247974,0.9649756342357004
26073,LOF,0.019182238249022168,0.015225860556517503,0.9655919011944603
26074,Neutral,0.9256175025453383,0.008996700251873711,0.06538579720278799
26075,LOF,0.051721015263963846,0.02384857678209416,0.924430407953942
26076,LOF,0.03009936047680188,0.012102970770170331,0.9577976687530277
26077,LOF,0.12192646753604738,0.010610435195432087,0.8674630972685206
26078,LOF,0.006626826191602506,0.01906548781919825,0.9743076859891993
26079,LOF,0.056185296347093086,0.024779984761988734,0.9190347188909183
26080,LOF,0.055517428236793356,0.024794379336974575,0.919688192426232
26081,LOF,0.023119518811743994,0.00880634989392057,0.9680741312943354
26082,LOF,0.004558070863953334,0.02186887663760441,0.9735730524984422
26083,LOF,0.12236049780685208,0.019476744737562682,0.8581627574555852
26084,LOF,0.04543603945075986,0.015726564695567276,0.9388373958536728
26085,LOF,0.04036361433289114,0.013818226773475788,0.945818158893633
26086,LOF,0.020038608094028847,0.012498164093216583,0.9674632278127546
26087,LOF,0.018915166211663153,0.010716067084665803,0.970368766703671
26088,LOF,0.006641674933289289,0.023779311508717926,0.9695790135579927
26089,LOF,0.04277661452410772,0.02767341494068208,0.9295499705352103
26090,LOF,0.04374793057813454,0.022366907093602176,0.9338851623282634
26091,LOF,0.023137745029447432,0.007954014980135564,0.968908239990417
26092,LOF,0.019835404470917944,0.009500792773805637,0.9706638027552764
26093,LOF,0.03718972264558207,0.007365004556532379,0.9554452727978855
26094,LOF,0.02789466337212566,0.007520390621733737,0.9645849460061405
26095,LOF,0.0445350978470063,0.019581395106179827,0.9358835070468139
26096,LOF,0.17961588539643056,0.007049155371185179,0.8133349592323843
26097,LOF,0.005977466039842248,0.03902285188004248,0.9549996820801153
26098,LOF,0.07158879370929534,0.01940478973749715,0.9090064165532076
26099,LOF,0.019083398268137746,0.016823902042202684,0.9640926996896595
26100,LOF,0.019083398268137746,0.016823902042202684,0.9640926996896595
26101,LOF,0.04587045891876161,0.023410815377156835,0.9307187257040815
26102,LOF,0.018802495601192293,0.01706109169319663,0.9641364127056111
26103,Neutral,0.8693465618171856,0.024526916184118133,0.10612652199869621
26104,LOF,0.06258146219963058,0.02819572653813934,0.90922281126223
26105,LOF,0.2296038129537916,0.20116127782917978,0.5692349092170286
26106,LOF,0.3350962893169405,0.14179647989216299,0.5231072307908965
26107,LOF,0.019394758740540686,0.11263750560611568,0.8679677356533436
26108,LOF,0.3285275943096894,0.04717736481021471,0.6242950408800958
26109,LOF,0.06333138489267838,0.05705140935651271,0.8796172057508089
26110,LOF,0.371272482602712,0.006003644548165089,0.6227238728491229
26111,LOF,0.05944478622440227,0.08197397350820776,0.85858124026739
26112,LOF,0.028558813153196482,0.007537696146235727,0.9639034907005678
26113,LOF,0.04858030469195517,0.01564466565371298,0.9357750296543318
26114,LOF,0.08288937345508608,0.010698551715157047,0.9064120748297568
26115,LOF,0.015033312062255279,0.05294022716122174,0.932026460776523
26116,LOF,0.09362967784488264,0.03181738787571011,0.8745529342794072
26117,LOF,0.43216802188963704,0.03590704974926725,0.5319249283610957
26118,LOF,0.026490571416634315,0.01806964281520576,0.9554397857681599
26119,LOF,0.005068326994037264,0.033865180102573327,0.9610664929033893
26120,LOF,0.02321983049539766,0.017365005311799624,0.9594151641928027
