feature0,prediction,LoGoFunc_Neutral,LoGoFunc_GOF,LoGoFunc_LOF
25546,Neutral,0.7904484303865865,0.02775253442368079,0.1817990351897327
25547,Neutral,0.6446906328154811,0.056196387997463765,0.29911297918705515
25548,Neutral,0.6243072020088135,0.04319943532809019,0.3324933626630962
25549,Neutral,0.5388949293361623,0.0443538788340274,0.41675119182981024
25550,LOF,0.3799879259201964,0.10460372153584845,0.5154083525439551
25551,LOF,0.3160059016428365,0.12237387467206008,0.5616202236851034
25552,LOF,0.20074982728511417,0.12324500486683934,0.6760051678480465
25553,Neutral,0.8353712954602197,0.03180921442624036,0.1328194901135399
25554,LOF,0.252195357038428,0.11646491989922682,0.6313397230623452
25555,LOF,0.19582066704230022,0.09386098339769446,0.7103183495600053
25556,LOF,0.42143028894229645,0.09833190767035986,0.4802378033873437
25557,LOF,0.1897144998285804,0.10514870491095167,0.7051367952604679
25558,LOF,0.24611495422570456,0.11903631095682521,0.6348487348174702
25559,LOF,0.38304925311885346,0.05806002370228712,0.5588907231788593
25560,LOF,0.06663990657861935,0.17764038798456594,0.7557197054368148
25561,LOF,0.12062843150926417,0.19455895568377235,0.6848126128069636
25562,LOF,0.1039783722812373,0.09284111062418898,0.8031805170945736
25563,LOF,0.11697295939071425,0.11487148852071016,0.7681555520885757
25564,LOF,0.1405308871571468,0.20702446244203185,0.6524446504008213
25565,LOF,0.12035531834578345,0.18547369195730504,0.6941709896969114
25566,GOF,0.013478028844358331,0.7124616780398123,0.27406029311582936
25567,LOF,0.013052632509814538,0.1304707780163957,0.8564765894737898
25568,LOF,0.050039731436482986,0.05784391610253838,0.8921163524609786
25569,LOF,0.0634924156005836,0.056601885320459115,0.8799056990789572
25570,LOF,0.06628594723836055,0.09289345482994935,0.8408205979316902
25571,LOF,0.06448096559569945,0.08346450752277061,0.8520545268815298
25572,LOF,0.06840895829280698,0.12886838820527674,0.8027226535019164
25573,LOF,0.03156251346581749,0.08018489874637125,0.8882525877878112
25574,LOF,0.019156200579428986,0.13683598543671177,0.8440078139838592
25575,LOF,0.05417807914416834,0.08832536111776346,0.8574965597380682
25576,LOF,0.019581758580554387,0.09996976834780295,0.8804484730716426
25577,LOF,0.015265457570102163,0.12754636215324194,0.857188180276656
25578,LOF,0.24496575242522584,0.07350426424039012,0.6815299833343841
25579,LOF,0.2456915868089435,0.07299781748424834,0.6813105957068081
25580,LOF,0.037573663159371336,0.07841324855284267,0.8840130882877859
25581,LOF,0.051336910923987504,0.05668471036826146,0.8919783787077511
25582,LOF,0.051145863448099724,0.05476269113740185,0.8940914454144985
25583,LOF,0.04712695804169072,0.07711395283831772,0.8757590891199916
25584,LOF,0.4592432133231395,0.06883694989870343,0.471919836778157
25585,LOF,0.0342418423307375,0.09612637728923562,0.869631780380027
25586,LOF,0.04174662731562155,0.0698174531605931,0.8884359195237853
25587,LOF,0.03783787081869705,0.06503358326949782,0.8971285459118051
25588,LOF,0.039851909134145234,0.08754045987732594,0.8726076309885289
25589,Neutral,0.6248904989719029,0.09358526189130363,0.2815242391367935
25590,LOF,0.02981398971831961,0.11775719099341404,0.8524288192882663
25591,LOF,0.12152299103886514,0.04494304219349564,0.8335339667676392
25592,LOF,0.10880110346527529,0.1170986600453105,0.7741002364894142
25593,LOF,0.01918129360700014,0.24437393858978815,0.7364447678032117
25594,LOF,0.03698011050665342,0.17881479416168355,0.784205095331663
25595,LOF,0.05423407160209548,0.1405899715606191,0.8051759568372855
25596,LOF,0.05864425736489017,0.10938203633140994,0.8319737063036998
25597,LOF,0.0652430069036019,0.07989865996573693,0.8548583331306612
25598,LOF,0.04502932879555386,0.1868428424679489,0.7681278287364972
25599,GOF,0.006586100983958659,0.6909943270376003,0.3024195719784411
25600,GOF,0.008056435939969008,0.601672245772653,0.39027131828737804
25601,LOF,0.006510268469715255,0.44812208824503735,0.5453676432852473
25602,LOF,0.02021407069365323,0.0679495347613239,0.911836394545023
25603,LOF,0.03781102917739331,0.029610348293143917,0.9325786225294629
25604,LOF,0.05163867984598187,0.04885894983757955,0.8995023703164385
25605,LOF,0.009818011053543498,0.21260654162603573,0.7775754473204207
25606,LOF,0.06427400188009243,0.4515577932167207,0.48416820490318696
25607,LOF,0.00405162418293653,0.1402351164864018,0.8557132593306617
25608,LOF,0.06505115608766128,0.05900359581989105,0.8759452480924476
25609,LOF,0.06236403573836194,0.36677909218964455,0.5708568720719935
25610,LOF,0.04956868236944932,0.03412321685922844,0.9163081007713222
25611,LOF,0.059389739271599705,0.028438183762766734,0.9121720769656335
25612,LOF,0.11722299151176913,0.05419689309747964,0.8285801153907513
25613,LOF,0.10109897193098721,0.03952230653633929,0.8593787215326735
25614,LOF,0.04176023398458024,0.04208079714362318,0.9161589688717966
25615,LOF,0.06090561749447342,0.042700886091490475,0.896393496414036
25616,LOF,0.041044071853923954,0.041104896980418665,0.9178510311656572
25617,LOF,0.04408508168121819,0.04246133699048742,0.9134535813282944
25618,LOF,0.26077184757199867,0.04084278163469283,0.6983853707933084
25619,LOF,0.03964779715936234,0.03832561307978524,0.9220265897608523
25620,LOF,0.0429672008214389,0.04598421757038833,0.9110485816081727
25621,LOF,0.043165747189810796,0.03411589612185231,0.9227183566883368
25622,LOF,0.034322652630739775,0.0510440585213185,0.9146332888479418
25623,LOF,0.06727395417363682,0.03558627147895439,0.8971397743474089
25624,LOF,0.03401491946721022,0.047954623872733644,0.9180304566600561
25625,LOF,0.043736921953845515,0.05395627387227839,0.9023068041738761
25626,LOF,0.0899063186600776,0.034010551042506235,0.8760831302974161
25627,Neutral,0.5817691695416733,0.09796239454008863,0.32026843591823795
25628,LOF,0.2133388904223129,0.04691520628314585,0.7397459032945413
25629,LOF,0.08831308443103232,0.1240519156566178,0.7876349999123499
25630,LOF,0.205136598435772,0.08438820626068934,0.7104751953035386
25631,Neutral,0.591701836873199,0.05167102631986761,0.3566271368069334
25632,LOF,0.02104650810471288,0.08266416205385207,0.8962893298414351
25633,LOF,0.21640948768874244,0.09602803081820904,0.6875624814930485
25634,LOF,0.03565539755887801,0.09973909573183842,0.8646055067092836
25635,LOF,0.035182879273450395,0.10137345098760864,0.863443669738941
25636,GOF,0.006842742893732521,0.7074711427148432,0.2856861143914242
25637,GOF,0.004845435103030764,0.5603751063829899,0.43477945851397926
25638,LOF,0.008971828404128997,0.4920449842758722,0.4989831873199989
25639,GOF,0.004989669288423416,0.5024186152834935,0.49259171542808305
25640,GOF,0.37924377270575615,0.5790175256174809,0.04173870167676307
25641,LOF,0.006513522353844449,0.31324700659072996,0.6802394710554255
25642,LOF,0.2534611374216563,0.1043182537800296,0.6422206087983141
25643,LOF,0.24937544915634224,0.3062009340408314,0.44442361680282644
25644,GOF,0.027590585337207693,0.6692109686480777,0.3031984460147145
25645,GOF,0.02118451027827636,0.6136833772517716,0.3651321124699521
25646,LOF,0.021686900949006483,0.4482182171307285,0.530094881920265
25647,LOF,0.017727074331991773,0.32951381911157046,0.6527591065564378
25648,LOF,0.014897967124483684,0.3713700411285007,0.6137319917470155
25649,LOF,0.014281053988763314,0.2638897429849243,0.7218292030263125
25650,GOF,0.04358062592774868,0.6278179510777195,0.32860142299453166
25651,LOF,0.012802990326495263,0.28970022782315474,0.69749678185035
25652,LOF,0.019515643632009975,0.39633632495805615,0.5841480314099339
25653,GOF,0.09460172824238447,0.5812174534983872,0.3241808182592284
25654,LOF,0.015443846532792217,0.35903803921110305,0.6255181142561048
25655,GOF,0.12039090004359969,0.5171991101435803,0.3624099898128199
25656,LOF,0.05603508440798521,0.10055010612366158,0.8434148094683532
25657,LOF,0.2931254670000167,0.04588474038936142,0.6609897926106219
25658,LOF,0.029068444694097317,0.18104503483624448,0.7898865204696582
25659,LOF,0.20067644564344625,0.09329081208831468,0.7060327422682391
25660,LOF,0.09848576949387122,0.10545714005897223,0.7960570904471567
25661,LOF,0.08294207242655596,0.07829484617840796,0.838763081395036
25662,LOF,0.034750895544062584,0.05771663354199507,0.9075324709139423
25663,LOF,0.04049175844500416,0.10078902420501519,0.8587192173499808
25664,LOF,0.032309192509367195,0.15960498339975523,0.8080858240908776
25665,LOF,0.04791934835298315,0.06079737499731361,0.8912832766497032
25666,LOF,0.042765893160251325,0.1880404005253835,0.7691937063143652
25667,LOF,0.03567102918869053,0.05875407673126868,0.9055748940800409
25668,LOF,0.04635406671687038,0.060597261238580766,0.8930486720445489
25669,LOF,0.053050486448640875,0.09050840167015795,0.8564411118812013
25670,LOF,0.1226715911108575,0.11489219870851207,0.7624362101806305
25671,LOF,0.04540840631058774,0.05194364020720071,0.9026479534822116
25672,LOF,0.04780724853845828,0.07591619380216544,0.8762765576593764
25673,LOF,0.03727843250864215,0.0864434488161455,0.8762781186752123
25674,LOF,0.026577427200749036,0.10103051749663683,0.8723920553026141
25675,LOF,0.036747589548255896,0.0935053003796232,0.869747110072121
25676,LOF,0.03357572533700605,0.0706817915882689,0.895742483074725
25677,LOF,0.08827333101249811,0.06658578036353656,0.8451408886239653
25678,LOF,0.1631219981206821,0.05518809779629367,0.7816899040830243
25679,LOF,0.10393334705230953,0.08267387936873082,0.8133927735789597
25680,LOF,0.08859421570092209,0.09693819184468891,0.8144675924543889
25681,LOF,0.1066065966763589,0.09058011925190929,0.8028132840717318
25682,LOF,0.05133451181099425,0.07221830795172278,0.876447180237283
25683,LOF,0.0761212081494283,0.1051593299799327,0.818719461870639
25684,LOF,0.06639906240548318,0.07659659153628001,0.8570043460582367
25685,LOF,0.1080995653451178,0.053520612030937754,0.8383798226239444
25686,LOF,0.034209292806774254,0.1219619936577177,0.843828713535508
25687,LOF,0.060565556773849276,0.11668937640704358,0.8227450668191072
25688,LOF,0.019188795995365812,0.07132916235179763,0.9094820416528365
25689,LOF,0.015166377103160749,0.04666514815627925,0.9381684747405601
25690,LOF,0.016505917022208633,0.05434133793946838,0.9291527450383229
25691,LOF,0.1250448627867562,0.0771703407101636,0.7977847965030802
25692,LOF,0.1896845458199526,0.011299750647633937,0.7990157035324136
25693,LOF,0.04694763018513141,0.1616409699553804,0.7914113998594883
25694,LOF,0.2684034956703787,0.012383731292016597,0.7192127730376048
25695,LOF,0.2089938293457023,0.022406475786160396,0.7685996948681372
25696,LOF,0.15904729240649146,0.0180653771450986,0.8228873304484099
25697,LOF,0.12333428613046118,0.03654251229238132,0.8401232015771575
25698,LOF,0.02106142021928149,0.3184605606119152,0.6604780191688033
25699,LOF,0.08859645671527332,0.1024082139818817,0.8089953293028451
25700,LOF,0.03646957438408925,0.018671807400189158,0.9448586182157216
25701,LOF,0.015739927783050472,0.11439508466145525,0.8698649875554944
25702,GOF,0.022931366258171167,0.7632843143077305,0.21378431943409845
25703,LOF,0.017030157853011818,0.24007918111976465,0.7428906610272236
25704,LOF,0.0971285645268913,0.23445566472478838,0.6684157707483203
25705,LOF,0.08680708612432808,0.31791775071104705,0.5952751631646249
25706,GOF,0.020098774288319292,0.6854214075731235,0.2944798181385572
25707,GOF,0.028315733520606585,0.6389373077553381,0.3327469587240553
25708,GOF,0.008893614423371169,0.6010639287702794,0.39004245680634947
25709,LOF,0.026902954694418158,0.09955623658670305,0.8735408087188787
25710,LOF,0.005460058551880249,0.26744833630851644,0.7270916051396032
25711,LOF,0.028909208896897423,0.16590918153739814,0.8051816095657044
25712,LOF,0.006943842755710438,0.33579602858790447,0.6572601286563852
25713,LOF,0.023709381578540557,0.1373001072245748,0.8389905111968847
25714,LOF,0.026205638548162515,0.18289419991563055,0.790900161536207
25715,LOF,0.028896778379152152,0.154384299311751,0.8167189223090969
25716,LOF,0.008561972193072432,0.21539061058366257,0.7760474172232651
25717,LOF,0.006047646150132952,0.21720458201210574,0.7767477718377614
25718,LOF,0.0275824317066801,0.11067510184509356,0.8617424664482264
25719,LOF,0.0339124638599556,0.156654480168551,0.8094330559714933
25720,LOF,0.03589455684105239,0.14434721738484763,0.8197582257741001
25721,LOF,0.03049262517081819,0.12728760190719204,0.8422197729219897
25722,LOF,0.019477004008785014,0.17081727774216424,0.8097057182490507
25723,LOF,0.029031092236596077,0.13641546627014456,0.8345534414932594
25724,LOF,0.027105086329697287,0.23538206181044513,0.7375128518598576
25725,LOF,0.02813136945790363,0.11990198840344495,0.8519666421386514
25726,LOF,0.020731552621607217,0.16166881294243637,0.8175996344359564
25727,LOF,0.027448147041454887,0.1554239585001918,0.8171278944583533
25728,LOF,0.02663013827330081,0.1503373285810237,0.8230325331456754
25729,LOF,0.026607806923669992,0.17167940579020702,0.801712787286123
25730,LOF,0.03149470077539428,0.11539457404154664,0.8531107251830591
25731,LOF,0.009430125335405432,0.24499222199848816,0.7455776526661064
25732,LOF,0.022130263683498783,0.13091957849663322,0.8469501578198679
25733,LOF,0.03751513687679881,0.1354375807622272,0.827047282360974
25734,LOF,0.006680239726186603,0.3572081878419564,0.6361115724318569
25735,LOF,0.02511506044584656,0.10940043714146422,0.8654845024126893
25736,LOF,0.023845908706051782,0.18718485753506187,0.7889692337588864
25737,LOF,0.06132611046058125,0.17076353465280522,0.7679103548866135
25738,LOF,0.02533526135658563,0.21578440364329338,0.758880335000121
25739,LOF,0.031103544270077832,0.1366269413917803,0.8322695143381418
25740,LOF,0.032351953356878876,0.1566978751163364,0.8109501715267848
25741,LOF,0.03636902079308365,0.1486340113637017,0.8149969678432147
25742,LOF,0.0483733241653399,0.15576735113075446,0.7958593247039056
25743,LOF,0.010761885598493393,0.022600022799275536,0.966638091602231
25744,LOF,0.23610493290445275,0.22874246076469426,0.535152606330853
25745,LOF,0.03677886677202038,0.06146439779808991,0.9017567354298898
25746,LOF,0.014830596178601075,0.09053984300300814,0.8946295608183907
25747,LOF,0.03737057100484783,0.024537409340282326,0.9380920196548698
25748,LOF,0.2765372197172385,0.048260974962269845,0.6752018053204917
25749,LOF,0.016274466983159847,0.054971228294986574,0.9287543047218536
25750,LOF,0.02102127941804699,0.05553947754333764,0.9234392430386154
25751,LOF,0.037798376538830336,0.03771399372229373,0.924487629738876
25752,GOF,0.06943736703525635,0.7396473704137859,0.19091526255095764
25753,GOF,0.006962905419531038,0.5093887915344624,0.48364830304600653
25754,GOF,0.0071387798797010295,0.8938057794514426,0.09905544066885659
25755,GOF,0.006606346560195404,0.5204812354990218,0.4729124179407827
25756,GOF,0.023866263364167317,0.508822604839956,0.4673111317958767
25757,GOF,0.007452442739503634,0.8793773325694841,0.11317022469101234
25758,GOF,0.008573800116807152,0.9009455218588655,0.09048067802432731
25759,GOF,0.005929864016067357,0.7046765664783509,0.28939356950558187
25760,LOF,0.005869115756940847,0.39683322627509265,0.5972976579679665
25761,GOF,0.04546374426718606,0.8775719730246889,0.0769642827081251
25762,LOF,0.028057689490207323,0.44418348447916606,0.5277588260306266
25763,LOF,0.005816974938826696,0.3558369448390267,0.6383460802221466
25764,GOF,0.05116438971020105,0.7076563400828185,0.24117927020698052
25765,GOF,0.007442795963486424,0.9008221422222008,0.09173506181431286
25766,GOF,0.0432662598344585,0.8546897728549414,0.10204396731060017
25767,GOF,0.017132210061134055,0.5602925936802337,0.42257519625863227
25768,LOF,0.05096896600328838,0.05625853584444322,0.8927724981522683
25769,LOF,0.040199490379906264,0.06946070955799238,0.8903398000621013
25770,LOF,0.2114644980375951,0.08205307478342344,0.7064824271789815
25771,LOF,0.019721675435623896,0.06112844419991759,0.9191498803644584
25772,LOF,0.03233292467769325,0.02742117356021203,0.9402459017620947
25773,LOF,0.021079444446394553,0.07559424747393689,0.9033263080796686
25774,LOF,0.028577342598289073,0.1389925766057054,0.8324300807960054
25775,LOF,0.022169027831430533,0.04849341435465385,0.9293375578139157
25776,LOF,0.03067999252233762,0.020185952653786428,0.949134054823876
25777,LOF,0.27675350625538475,0.0924603133052149,0.6307861804394003
25778,LOF,0.030105451915562794,0.05055744703554711,0.9193371010488902
25779,GOF,0.07119047320171491,0.8586366018735907,0.07017292492469429
25780,GOF,0.0847809697296624,0.8602136523705418,0.05500537789979575
25781,GOF,0.039267856662514276,0.8420144032004464,0.11871774013703945
25782,GOF,0.04364736620823142,0.8873634235693993,0.06898921022236916
25783,GOF,0.04064496560581288,0.9065924525829714,0.05276258181121573
25784,GOF,0.12993557896212818,0.8228922292278769,0.04717219180999484
25785,GOF,0.15356697214820664,0.8063921061536995,0.040040921698093826
25786,GOF,0.012864255667517735,0.8563589711377694,0.13077677319471287
25787,GOF,0.2712307626837828,0.6782999968463111,0.05046924046990593
25788,LOF,0.01904571362511636,0.16564918097145798,0.8153051054034256
25789,GOF,0.0226145932054456,0.8387231286128118,0.13866227818174265
25790,GOF,0.03398102197534918,0.880991240154467,0.08502773787018386
25791,GOF,0.03520095414645525,0.7090272012876767,0.255771844565868
25792,GOF,0.03981551333223962,0.7586986520588721,0.20148583460888808
25793,GOF,0.05453781307158743,0.8141700166321997,0.13129217029621287
25794,GOF,0.06064102712755192,0.7315553461741704,0.20780362669827768
25795,GOF,0.06594024804593114,0.7304821228719658,0.20357762908210303
25796,GOF,0.13347863971311272,0.7748308585114543,0.09169050177543299
25797,GOF,0.1098651549846356,0.6941787002881559,0.19595614472720857
25798,GOF,0.007871910228751281,0.7838688639658679,0.20825922580538092
25799,GOF,0.00506654179930815,0.6762588046761894,0.3186746535245026
25800,GOF,0.0314179463422778,0.8268977261765194,0.1416843274812028
25801,GOF,0.029247615477955066,0.8917388552720533,0.0790135292499916
25802,GOF,0.0314795657540502,0.7790989043417768,0.1894215299041729
25803,GOF,0.02456276936583163,0.7127888081846229,0.2626484224495455
25804,GOF,0.03961243950341133,0.7707468387001402,0.18964072179644864
25805,GOF,0.036900805434081,0.7998130424297313,0.1632861521361877
25806,GOF,0.04822755910310259,0.8031783357107529,0.14859410518614433
25807,GOF,0.01651793662803428,0.7523726090288204,0.23110945434314537
25808,GOF,0.030719658735602562,0.7693909965214486,0.1998893447429488
25809,GOF,0.013631196985706126,0.7017761420477466,0.2845926609665473
25810,GOF,0.01203226597669945,0.6822063473872255,0.3057613866360749
25811,GOF,0.060808965543464676,0.8535421414492533,0.08564889300728185
25812,GOF,0.03810533786832328,0.7504437846929026,0.21145087743877414
25813,GOF,0.19568645279915706,0.7163564528754698,0.08795709432537327
25814,GOF,0.03725989821169236,0.751774400667014,0.21096570112129368
25815,GOF,0.0691824921811264,0.7973004329604784,0.13351707485839537
25816,GOF,0.011293887480266862,0.8344672607914677,0.1542388517282655
25817,GOF,0.133873408099609,0.7357101505199981,0.13041644138039282
25818,GOF,0.036787366158669475,0.7652887448015131,0.1979238890398175
25819,GOF,0.06354107331234798,0.7357723112886271,0.20068661539902494
25820,GOF,0.06623326160384231,0.7054519788049016,0.228314759591256
25821,GOF,0.0440537072980138,0.7575233941393524,0.19842289856263381
25822,GOF,0.0741322479980214,0.7305799289889305,0.19528782301304817
25823,GOF,0.04142144984902637,0.700903826480144,0.25767472367082955
25824,GOF,0.04032407475502176,0.7394076137038657,0.22026831154111262
25825,GOF,0.032228603347018936,0.7379640650135801,0.22980733163940098
25826,GOF,0.014513642408978357,0.6930375287107804,0.29244882888024126
25827,GOF,0.019736699822773453,0.6686075958000158,0.31165570437721063
25828,GOF,0.014796986748742623,0.7263708895719403,0.258832123679317
25829,GOF,0.005266417931553083,0.6419640974026174,0.35276948466582964
25830,GOF,0.044412294172134006,0.49328094347326024,0.46230676235460577
25831,GOF,0.08816730710203638,0.770780463719507,0.14105222917845658
25832,GOF,0.01272861089945699,0.702081720574717,0.28518966852582617
25833,GOF,0.047216332982499706,0.7848183693001649,0.16796529771733534
25834,GOF,0.012971325148204685,0.7246694724722166,0.26235920237957866
25835,GOF,0.03140104970477981,0.8026269631150179,0.16597198718020217
25836,GOF,0.009245346150210105,0.7195591716609607,0.27119548218882916
25837,GOF,0.009992635861936206,0.7127540227400184,0.2772533413980454
25838,GOF,0.0252177584909551,0.7964499002675789,0.178332341241466
25839,GOF,0.06889733858311806,0.763489041465779,0.16761361995110285
25840,GOF,0.09614459539909619,0.7373507011339523,0.16650470346695165
25841,GOF,0.09351191161639903,0.7730263504533013,0.13346173793029967
25842,GOF,0.03345450357963963,0.8574170477499964,0.10912844867036385
25843,GOF,0.03158191755763707,0.866669653879572,0.10174842856279102
25844,GOF,0.026483346504770657,0.8008165758373799,0.17270007765784934
25845,GOF,0.007755913340040052,0.7024647986060464,0.2897792880539136
25846,GOF,0.08959385003493461,0.8186512734592826,0.09175487650578283
25847,GOF,0.018414832994004877,0.858826876895592,0.12275829011040312
25848,GOF,0.02908243141167945,0.7978796721311695,0.17303789645715104
25849,GOF,0.008466566148741198,0.7588464262063771,0.23268700764488168
25850,GOF,0.00802412751622763,0.6712073002106335,0.320768572273139
25851,GOF,0.007390183786694131,0.6174197035023148,0.3751901127109911
25852,GOF,0.1591907822250757,0.517372965092996,0.32343625268192827
25853,GOF,0.0747410016173471,0.7640399748898495,0.16121902349280337
25854,GOF,0.006679630759087698,0.6879438423158462,0.3053765269250661
25855,GOF,0.023986394351760875,0.6676290430820527,0.30838456256618635
25856,GOF,0.0520055514688211,0.7375242793675617,0.2104701691636173
25857,GOF,0.024548184292869316,0.6691031491119923,0.3063486665951384
25858,GOF,0.010991228484861247,0.6129370798244391,0.3760716916906996
25859,GOF,0.008105759019272886,0.5926909251351976,0.3992033158455295
25860,GOF,0.09775265629671709,0.7430308660656945,0.15921647763758842
25861,GOF,0.13288702103807118,0.7710353721785268,0.09607760678340188
25862,GOF,0.027699122558856516,0.8736618773175393,0.09863900012360417
25863,GOF,0.02487118276476099,0.8638955303916468,0.11123328684359224
25864,GOF,0.06168452728471943,0.8548171510369147,0.08349832167836575
25865,GOF,0.05454104169664075,0.8201963555467453,0.1252626027566141
25866,GOF,0.024812691161970192,0.8339891538935648,0.14119815494446517
25867,GOF,0.03999524166195193,0.8412208869769399,0.11878387136110805
25868,GOF,0.07854847738546997,0.7606831353060143,0.16076838730851592
25869,GOF,0.36077993332478797,0.5413217977286349,0.09789826894657719
25870,GOF,0.07197238934680886,0.5379222688336308,0.39010534181956025
25871,GOF,0.010381345864402192,0.7997687443895969,0.18984990974600102
25872,GOF,0.028015047677272756,0.8088243123954576,0.16316063992726954
25873,GOF,0.024287348439137168,0.8653801625567797,0.11033248900408303
25874,LOF,0.019887905655722536,0.19135864427404747,0.7887534500702301
25875,LOF,0.0231109803827824,0.1185181178034353,0.8583709018137823
25876,LOF,0.02085259254296023,0.05995020919438589,0.9191971982626539
25877,LOF,0.10670787850854174,0.20200040583840556,0.6912917156530527
25878,LOF,0.05925929337865584,0.26170321689546266,0.6790374897258815
25879,LOF,0.011104246020659866,0.17323666922511616,0.8156590847542241
25880,LOF,0.06451978797637518,0.021896507228484317,0.9135837047951405
25881,Neutral,0.5665921756980006,0.08910558136236035,0.34430224293963907
25882,LOF,0.06777543468644213,0.026788815488096477,0.9054357498254614
25883,LOF,0.03128991647190292,0.02676408240408479,0.9419460011240123
25884,LOF,0.020597527197494837,0.04446482185773767,0.9349376509447676
25885,LOF,0.1815556105864658,0.014353056901289633,0.8040913325122446
25886,LOF,0.22838184649782461,0.0585159193701711,0.7131022341320042
25887,LOF,0.08806876199527013,0.14395020964800062,0.7679810283567293
25888,LOF,0.00824353282354589,0.1876112004148891,0.8041452667615651
25889,LOF,0.029048835086387143,0.03757558232198434,0.9333755825916286
25890,LOF,0.18979363116433717,0.0542718783821259,0.7559344904535369
25891,LOF,0.12043345953850569,0.02815939883221807,0.8514071416292762
25892,LOF,0.00886485685575659,0.0342766412321984,0.956858501912045
25893,LOF,0.3153154417343591,0.009882311449687696,0.6748022468159531
25894,LOF,0.3474865059867355,0.00667016241531715,0.6458433315979473
25895,LOF,0.2942506961104784,0.014715453291443234,0.6910338505980783
25896,LOF,0.09029659472666898,0.02879363732001003,0.880909767953321
25897,LOF,0.13028247918786734,0.011037458121905284,0.8586800626902275
25898,LOF,0.13173804122725236,0.02884694657312949,0.8394150121996182
25899,LOF,0.4302891444827579,0.03961790885384985,0.5300929466633922
25900,Neutral,0.6536435591638801,0.013082706430416997,0.3332737344057029
25901,LOF,0.10807938534450323,0.013006379801786889,0.8789142348537099
25902,LOF,0.11247514215718345,0.01467438122371711,0.8728504766190995
25903,LOF,0.18481555198274177,0.028342338883553763,0.7868421091337044
25904,Neutral,0.5582558424784969,0.04366844247924798,0.3980757150422551
25905,LOF,0.007039915554365528,0.4182820701535676,0.5746780142920668
25906,LOF,0.008700091209039177,0.06766096443964809,0.9236389443513127
25907,LOF,0.00864852202532932,0.25540522291163786,0.7359462550630329
25908,LOF,0.008544546793042177,0.25461356546519326,0.7368418877417646
25909,LOF,0.0327928577454676,0.10554084999012096,0.8616662922644115
25910,LOF,0.013048609221375603,0.18073620294763143,0.8062151878309929
25911,LOF,0.18172285025814813,0.025185293112985747,0.7930918566288663
25912,LOF,0.11092269953472673,0.01893820177802902,0.8701390986872444
25913,LOF,0.020560479714282334,0.024767302223175337,0.9546722180625423
25914,LOF,0.043096934338643006,0.028262159113697026,0.9286409065476601
25915,LOF,0.16998194258023824,0.22311907881300147,0.6068989786067602
25916,LOF,0.013516205547636578,0.09835557629053546,0.888128218161828
25917,LOF,0.06988719960135123,0.029527503463445934,0.900585296935203
25918,LOF,0.04121738697145935,0.016409941317953612,0.9423726717105869
25919,LOF,0.035204903439812474,0.016563815929174656,0.9482312806310129
25920,LOF,0.33359780570389225,0.1778071635613063,0.4885950307348014
25921,LOF,0.019749527032345927,0.017972508640170456,0.9622779643274837
25922,LOF,0.01865546514740536,0.020612169909082396,0.9607323649435123
25923,LOF,0.4430487594779362,0.013732320233889518,0.5432189202881743
25924,LOF,0.02904137518477304,0.021242948584241965,0.949715676230985
25925,LOF,0.11347575148570528,0.02981388624644947,0.8567103622678451
25926,LOF,0.09572455256532891,0.02146485653471387,0.8828105908999573
25927,LOF,0.02746228036216132,0.031835227888833945,0.9407024917490048
25928,LOF,0.014386204813421727,0.017771464040279777,0.9678423311462984
25929,Neutral,0.5841411064382295,0.013248688152365046,0.40261020540940534
25930,LOF,0.10414690121884371,0.012780292069566419,0.8830728067115898
25931,LOF,0.01628961543686914,0.014323054870360017,0.9693873296927709
25932,LOF,0.08938488188290487,0.012290746879440383,0.8983243712376546
25933,LOF,0.09960915440571912,0.008349182711480808,0.8920416628828
25934,LOF,0.09258208265949582,0.007770534615148307,0.8996473827253559
25935,LOF,0.11477432918587713,0.023800278949978534,0.8614253918641444
25936,LOF,0.0957993819969539,0.008267724143362205,0.8959328938596838
25937,LOF,0.022911937459148334,0.017697701633805372,0.9593903609070464
25938,LOF,0.11316821948613837,0.021937933553598125,0.8648938469602635
25939,LOF,0.06133974630408594,0.011647587359605726,0.9270126663363084
25940,GOF,0.011011510642134046,0.6046955814236861,0.38429290793417986
25941,Neutral,0.500430111305826,0.04346240350875645,0.45610748518541744
25942,LOF,0.011686790282267667,0.04755180941514182,0.9407614003025905
25943,LOF,0.054751337113886724,0.17203163570365088,0.7732170271824625
25944,LOF,0.054515438072501976,0.10766174662745222,0.8378228153000458
25945,LOF,0.1964523117019428,0.02692119616083272,0.7766264921372245
25946,LOF,0.0789873904552698,0.03902122906180914,0.8819913804829209
25947,Neutral,0.5057025139488931,0.15400542511364024,0.3402920609374666
25948,LOF,0.39442270910943683,0.010700577962104,0.5948767129284592
25949,LOF,0.14785240059753121,0.058164487289381214,0.7939831121130877
25950,GOF,0.0984161091080967,0.6508691704118116,0.2507147204800918
25951,LOF,0.013748907292332704,0.456444871873055,0.5298062208346124
25952,LOF,0.16298737177759173,0.2874310980193649,0.5495815302030433
25953,LOF,0.006965071228043379,0.3295992768515898,0.6634356519203668
25954,GOF,0.06845040718921308,0.48795703277137226,0.4435925600394148
25955,LOF,0.010325995360078947,0.3052611878565008,0.6844128167834203
25956,LOF,0.010388385485999201,0.399787394357595,0.5898242201564058
25957,LOF,0.17174253992747604,0.05177338679218694,0.7764840732803371
25958,LOF,0.03093546234820791,0.05992329578988068,0.9091412418619114
25959,GOF,0.0068634430211401585,0.7420116117718091,0.25112494520705075
25960,LOF,0.005076348125286604,0.12623155536413125,0.8686920965105822
25961,LOF,0.025347539641126737,0.05042937369538748,0.9242230866634858
25962,LOF,0.03219788468279892,0.0950998970499296,0.8727022182672715
25963,LOF,0.010865137299665066,0.15735210641252845,0.8317827562878065
25964,LOF,0.047157451731011164,0.10572658199672899,0.8471159662722597
25965,LOF,0.16033920750549055,0.17662152081133486,0.6630392716831746
25966,LOF,0.3031327516138821,0.10489374734206183,0.591973501044056
25967,LOF,0.005963553665713305,0.10065831586248895,0.8933781304717978
25968,LOF,0.050583002130443123,0.2547925234025214,0.6946244744670356
25969,LOF,0.1333294029141861,0.07315589995885881,0.7935146971269552
25970,LOF,0.061477673411727364,0.06481857739545832,0.8737037491928142
25971,LOF,0.06803577502151315,0.03224711707802499,0.8997171079004618
25972,LOF,0.08154793313416463,0.04083997223991316,0.8776120946259223
25973,LOF,0.056686030300523854,0.011002770930893632,0.9323111987685826
25974,LOF,0.059301547202927636,0.0416683105736651,0.8990301422234074
25975,LOF,0.0317583768480593,0.014918312050136806,0.9533233111018038
25976,LOF,0.09312046742510205,0.012061463994058672,0.8948180685808391
25977,LOF,0.24959095049447091,0.04862145029748929,0.7017875992080398
25978,LOF,0.15373811032616713,0.1440048345728135,0.7022570551010193
25979,LOF,0.12098537685428927,0.15188065056036765,0.7271339725853431
25980,LOF,0.21110536605108796,0.2339998547940288,0.5548947791548833
25981,LOF,0.21150381458134232,0.23724306131198225,0.5512531241066754
25982,LOF,0.3508653491946876,0.11586973864644111,0.5332649121588713
25983,Neutral,0.4461551150011014,0.12220967270823088,0.4316352122906678
25984,LOF,0.0672819426360791,0.09507625593553821,0.8376418014283827
25985,Neutral,0.43979227133815557,0.12906330299366764,0.43114442566817684
25986,LOF,0.014669325792607667,0.43004463761519146,0.5552860365922008
25987,LOF,0.04310778777048094,0.09979856362185248,0.8570936486076666
25988,LOF,0.06335546477996884,0.1738137389935434,0.7628307962264879
25989,LOF,0.07021152686868871,0.26472902554202243,0.6650594475892888
25990,LOF,0.06318386708928152,0.367298350074376,0.5695177828363425
25991,GOF,0.02609135501392544,0.5646787644920847,0.40922988049399
25992,LOF,0.011817935723807994,0.4642629312642293,0.5239191330119627
25993,LOF,0.01852461243257642,0.058688058569292455,0.9227873289981311
25994,LOF,0.022784865342907863,0.06768249220342155,0.9095326424536706
25995,LOF,0.016483383847061186,0.13410649137558786,0.8494101247773509
25996,GOF,0.3273057420298466,0.4337375954817898,0.23895666248836353
25997,GOF,0.05877643343794645,0.5526885190792011,0.38853504748285245
25998,LOF,0.23852116710271765,0.03517946364036772,0.7262993692569146
25999,LOF,0.02534290860358944,0.3171291200931063,0.6575279713033042
26000,LOF,0.14986794014837465,0.016247056345947204,0.8338850035056782
26001,LOF,0.16394390591792973,0.01826793437421962,0.8177881597078507
26002,LOF,0.09168009308972218,0.023743150036595734,0.8845767568736821
26003,GOF,0.006836045994167006,0.5937129339918603,0.3994510200139726
26004,GOF,0.017374410627950854,0.6050402963004022,0.37758529307164684
26005,LOF,0.005033328961011769,0.49089037221387005,0.5040762988251181
26006,GOF,0.09576531312752753,0.5078098915514404,0.39642479532103214
26007,LOF,0.009411890137460402,0.47627746486482303,0.5143106449977165
26008,GOF,0.006884126390098222,0.5638587750366264,0.42925709857327543
26009,GOF,0.012051566656725403,0.6081465793269323,0.3798018540163422
26010,GOF,0.009382638960507774,0.553414343217603,0.43720301782188925
26011,LOF,0.006131793497606419,0.4034453722361369,0.5904228342662566
26012,GOF,0.005146602070880021,0.5161795648479524,0.47867383308116773
26013,GOF,0.012946118471588159,0.5453452345540492,0.4417086469743628
26014,LOF,0.03824041598320866,0.07870576729286678,0.8830538167239245
26015,LOF,0.39585622829424444,0.021956690814515782,0.5821870808912398
26016,LOF,0.26352237675311135,0.02986303444458312,0.7066145888023055
26017,LOF,0.01806007602539616,0.11965397968057481,0.862285944294029
26018,LOF,0.03530653554137163,0.05892533976064848,0.90576812469798
26019,LOF,0.03484971009908517,0.0491798146283925,0.9159704752725223
26020,LOF,0.007357681085906712,0.10706667979753233,0.885575639116561
26021,LOF,0.07562100925743971,0.05329652235400444,0.8710824683885559
26022,LOF,0.04017049059840486,0.023140196963796635,0.9366893124377986
26023,LOF,0.025644723530096305,0.03526980314284993,0.9390854733270537
26024,LOF,0.05150363700090405,0.04102364671405915,0.9074727162850369
26025,LOF,0.138703645415111,0.03718647803751786,0.8241098765473711
26026,LOF,0.13042789466417912,0.028082770772803044,0.8414893345630179
26027,LOF,0.033312647932031925,0.020818942430761524,0.9458684096372065
26028,LOF,0.07173109161622863,0.16946482408210622,0.7588040843016651
26029,LOF,0.02843558658783652,0.1880455736623832,0.7835188397497802
26030,LOF,0.11934453900874237,0.02767361445837851,0.8529818465328791
26031,LOF,0.012340296578079784,0.1685099017782399,0.8191498016436803
26032,LOF,0.0381707940190769,0.04898156812022256,0.9128476378607006
26033,LOF,0.040459030361496354,0.0502498410622853,0.9092911285762184
26034,LOF,0.017230291933559266,0.11538559384511284,0.8673841142213278
26035,LOF,0.011310254798028427,0.12366477811590594,0.8650249670860657
26036,LOF,0.010512372910749407,0.09895159678507617,0.8905360303041745
26037,LOF,0.010524947449468785,0.10368392410454945,0.8857911284459818
26038,LOF,0.032598957409311964,0.0440531753129374,0.9233478672777506
26039,LOF,0.02796792002428613,0.13827545812559033,0.8337566218501234
26040,LOF,0.08394474865527601,0.1327920607808736,0.7832631905638504
26041,LOF,0.012395623827167338,0.10758806716928179,0.8800163090035509
26042,LOF,0.011386934509046617,0.11370284124461925,0.8749102242463341
26043,LOF,0.03364885257839352,0.07263516184712501,0.8937159855744815
26044,LOF,0.007072239898454456,0.05990339356840982,0.9330243665331358
26045,LOF,0.08932563619451916,0.21582907630250558,0.6948452875029754
26046,LOF,0.029830368918490724,0.04825947380836537,0.921910157273144
26047,LOF,0.06793352411480973,0.04873535504012548,0.8833311208450648
26048,LOF,0.09116994632609629,0.023095021982779722,0.885735031691124
26049,Neutral,0.9462410730240725,0.007014945682173817,0.0467439812937537
26050,Neutral,0.9094147813109406,0.0078122130738080345,0.08277300561525155
26051,LOF,0.02751686490861012,0.3721238086109501,0.6003593264804397
26052,LOF,0.02958608815607546,0.31519313508552105,0.6552207767584035
26053,LOF,0.018399793056166507,0.18061204022484012,0.8009881667189933
26054,LOF,0.05876081143524926,0.04608996086119836,0.8951492277035524
26055,LOF,0.08288288532750425,0.0386379968297105,0.8784791178427853
26056,LOF,0.06837107099257134,0.045212600677929274,0.8864163283294995
26057,LOF,0.07138266281715878,0.027550645336869687,0.9010666918459717
26058,LOF,0.07817515007035344,0.022492100123460066,0.8993327498061865
26059,LOF,0.2228101696311749,0.055705245614414256,0.7214845847544109
26060,LOF,0.014335980968019978,0.23822530758539662,0.7474387114465835
26061,LOF,0.011103827815916931,0.01764224237513611,0.971253929808947
26062,LOF,0.005635938807311097,0.02935345652681458,0.9650106046658744
26063,LOF,0.05034439798025776,0.01616805927857602,0.9334875427411663
26064,LOF,0.015108592338917957,0.023667019447412042,0.9612243882136701
26065,LOF,0.06857627060968549,0.0287829601975296,0.902640769192785
26066,LOF,0.06068337595967674,0.018260901493123968,0.9210557225471993
26067,LOF,0.059245844611921394,0.015000626393715386,0.9257535289943633
26068,LOF,0.05770382192887444,0.03704625899997689,0.9052499190711488
26069,LOF,0.1781047528823003,0.031440473296730206,0.7904547738209695
26070,LOF,0.3807811952797679,0.018518123784690668,0.6007006809355414
26071,LOF,0.05026580546463038,0.019597471535716837,0.9301367229996528
26072,LOF,0.0069733203254679355,0.023111906973291716,0.9699147727012403
26073,LOF,0.04722377297788903,0.01747770560112869,0.9352985214209824
26074,Neutral,0.6687658161145773,0.012678852981675539,0.3185553309037471
26075,LOF,0.046079009259125274,0.02866082300547215,0.9252601677354026
26076,LOF,0.04420734212864485,0.0241025053474991,0.9316901525238561
26077,LOF,0.16539268744411229,0.015039036068340944,0.8195682764875468
26078,LOF,0.005935100398489515,0.04033388738888372,0.9537310122126267
26079,LOF,0.06365016909563648,0.02969806165886599,0.9066517692454975
26080,LOF,0.06277412949081651,0.029837576730879594,0.9073882937783039
26081,LOF,0.04627096355392093,0.01647838848506416,0.9372506479610149
26082,LOF,0.006538722187518094,0.025505182319717275,0.9679560954927645
26083,LOF,0.11611903730779218,0.030002904174579806,0.853878058517628
26084,LOF,0.13799492328234242,0.027350200573444103,0.8346548761442135
26085,LOF,0.12672302373747502,0.023468715733817674,0.8498082605287073
26086,LOF,0.040858343690600124,0.02507225771421414,0.9340693985951858
26087,LOF,0.04218796068225131,0.02135912533816326,0.9364529139795854
26088,LOF,0.006966533113620153,0.04922982417285668,0.9438036427135232
26089,LOF,0.0432328299429041,0.039637346686603965,0.9171298233704919
26090,LOF,0.04286366314104338,0.036654949270627506,0.9204813875883292
26091,LOF,0.032501949696904245,0.016733153861323184,0.9507648964417725
26092,LOF,0.044338247172098444,0.013835638610548744,0.9418261142173527
26093,LOF,0.06189095902555981,0.00963389075809354,0.9284751502163465
26094,LOF,0.03916757465854641,0.013126017930150493,0.9477064074113032
26095,LOF,0.011513897068742972,0.030462824142112342,0.9580232787891446
26096,LOF,0.2670578104027277,0.006433574551580916,0.7265086150456913
26097,LOF,0.006330459381633281,0.06312591064288345,0.9305436299754832
26098,LOF,0.05668701029337706,0.02634539795345189,0.9169675917531711
26099,LOF,0.04896848257107456,0.03270655423130008,0.9183249631976252
26100,LOF,0.048931387534252566,0.032707829952252854,0.9183607825134945
26101,LOF,0.04787150012339292,0.05367867120987083,0.8984498286667363
26102,LOF,0.03895479530816541,0.023136923499192125,0.9379082811926426
26103,Neutral,0.8976216334742309,0.03492316880203632,0.06745519772373278
26104,LOF,0.05574006372533641,0.05878398045735027,0.8854759558173133
26105,LOF,0.27137627398203823,0.07700498144805266,0.6516187445699091
26106,LOF,0.25906362880651906,0.031335865246128726,0.7096005059473521
26107,LOF,0.015272092426036643,0.0694827461089566,0.9152451614650067
26108,LOF,0.16993882699801222,0.050368847689860274,0.7796923253121274
26109,LOF,0.05232633743064887,0.05978299334798369,0.8878906692213675
26110,LOF,0.43565104208921146,0.012325985384893053,0.5520229725258955
26111,LOF,0.08001787054053577,0.07487686238341056,0.8451052670760536
26112,LOF,0.06845373346606155,0.013184366472847297,0.9183619000610912
26113,LOF,0.1149386769539591,0.03176463138276011,0.8532966916632809
26114,LOF,0.09440131022400305,0.008375207048709851,0.897223482727287
26115,LOF,0.01900931500620259,0.06993422397855929,0.9110564610152381
26116,LOF,0.08241799364183738,0.02671909475101059,0.890862911607152
26117,LOF,0.3596467053975475,0.0369411712792228,0.6034121233232297
26118,LOF,0.0387664904589625,0.01715648102849759,0.9440770285125398
26119,LOF,0.005843079747063717,0.08195371526034166,0.9122032049925947
26120,LOF,0.03277767951594605,0.013742702734989117,0.9534796177490649
26121,LOF,0.00453077034286271,0.10917135401818184,0.8862978756389555
26122,LOF,0.005357974523702608,0.0914602874188101,0.9031817380574872
