feature0,prediction,LoGoFunc_Neutral,LoGoFunc_GOF,LoGoFunc_LOF
25546,Neutral,0.7858551335816212,0.0254893364596536,0.18865552995872528
25547,Neutral,0.641500662800642,0.054601088040404464,0.3038982491589535
25548,Neutral,0.6248071684566298,0.04200403898666469,0.3331887925567056
25549,Neutral,0.5368406282040393,0.04323903876509828,0.4199203330308624
25550,LOF,0.3625553757804225,0.09504614985323546,0.542398474366342
25551,LOF,0.3015267067620294,0.10555312057151,0.5929201726664606
25552,LOF,0.1940296501835951,0.11594100475909237,0.6900293450573125
25553,Neutral,0.8358912504074767,0.030286825012653156,0.13382192457987013
25554,LOF,0.2425344695970342,0.10651807626234693,0.6509474541406188
25555,LOF,0.18983593094064047,0.09134673478667615,0.7188173342726834
25556,LOF,0.4286590957018904,0.09525912965994277,0.4760817746381668
25557,LOF,0.18259360596331875,0.10128207811830353,0.7161243159183778
25558,LOF,0.2387927566182936,0.11050581800834038,0.6507014253733661
25559,LOF,0.3814806185454365,0.05418063310498497,0.5643387483495784
25560,LOF,0.06547858924237263,0.20150098819834678,0.7330204225592806
25561,LOF,0.11659223854591046,0.2185444723981238,0.6648632890559658
25562,LOF,0.10394442318187742,0.10512661609080036,0.7909289607273222
25563,LOF,0.10867647922911688,0.11268457555283877,0.7786389452180444
25564,LOF,0.137983641367415,0.20912830465985058,0.6528880539727343
25565,LOF,0.12290186474493434,0.18094177385695864,0.6961563613981071
25566,GOF,0.013965228977083162,0.7065031603681613,0.2795316106547556
25567,LOF,0.013441600077384763,0.12715811008060435,0.8594002898420108
25568,LOF,0.04871961451005714,0.055851546762076036,0.8954288387278668
25569,LOF,0.06178450168058518,0.05463036627286947,0.8835851320465453
25570,LOF,0.06516596286485399,0.09786118546648238,0.8369728516686636
25571,LOF,0.06374175129311764,0.08213290017323649,0.854125348533646
25572,LOF,0.06712064145992723,0.12626271080162757,0.8066166477384452
25573,LOF,0.029758692142661167,0.08018594345937555,0.8900553643979632
25574,LOF,0.017861931781487348,0.1368802507129738,0.8452578175055389
25575,LOF,0.053592087598844346,0.09034222450334656,0.856065687897809
25576,LOF,0.019361646223476903,0.09674307040436766,0.8838952833721555
25577,LOF,0.015367458281256005,0.13554743221620358,0.8490851095025403
25578,LOF,0.2424190531328474,0.07502697833202687,0.6825539685351258
25579,LOF,0.24453380119650217,0.07452549885395665,0.6809406999495411
25580,LOF,0.036093344455320156,0.07548958462367758,0.8884170709210023
25581,LOF,0.050452296950750083,0.05733660539900181,0.8922110976502481
25582,LOF,0.05043994667978977,0.05429975249348672,0.8952603008267234
25583,LOF,0.04553304484531369,0.07728981002176188,0.8771771451329244
25584,Neutral,0.48760736309093905,0.06920612180745893,0.44318651510160206
25585,LOF,0.03505245781937576,0.09407214739741641,0.8708753947832079
25586,LOF,0.04193624663447613,0.06807336657677587,0.889990386788748
25587,LOF,0.03817373360038285,0.06271984402195027,0.8991064223776668
25588,LOF,0.03888610597681276,0.08153040306385519,0.8795834909593321
25589,Neutral,0.6232778118949127,0.08624851643416678,0.2904736716709205
25590,LOF,0.029489474198481653,0.11460685633122931,0.855903669470289
25591,LOF,0.11757404790673269,0.04238267959259689,0.8400432725006706
25592,LOF,0.1086970202488394,0.1137375260208749,0.7775654537302856
25593,LOF,0.01816066477327493,0.22560374294123062,0.7562355922854944
25594,LOF,0.03820913729069071,0.15731672774028121,0.8044741349690281
25595,LOF,0.05678268124167926,0.132398071318583,0.8108192474397378
25596,LOF,0.06430403570477192,0.09193829767842272,0.8437576666168054
25597,LOF,0.0636833824456386,0.06435709773203126,0.8719595198223301
25598,LOF,0.047728286201717804,0.16515694785294066,0.7871147659453415
25599,GOF,0.007068364834259552,0.7152391108174451,0.27769252434829533
25600,GOF,0.008218883742255502,0.5875783490568957,0.4042027672008488
25601,LOF,0.006684227120003628,0.4550932597413956,0.5382225131386007
25602,LOF,0.018565139571454142,0.06900575562491211,0.9124291048036336
25603,LOF,0.03803022880180912,0.0290627638288712,0.9329070073693198
25604,LOF,0.04747419946548041,0.05149093826801944,0.9010348622665002
25605,LOF,0.009906163098608282,0.22726179748686903,0.7628320394145227
25606,GOF,0.06376583699561125,0.4729219766145886,0.46331218638980004
25607,LOF,0.004203361303777372,0.14530670425762432,0.8504899344385983
25608,LOF,0.06016119700802763,0.05574100137139857,0.8840978016205739
25609,LOF,0.06270966693725187,0.3684701188558809,0.5688202142068672
25610,LOF,0.052118330120155834,0.03752295322598777,0.9103587166538564
25611,LOF,0.059549297922745215,0.029648605548948603,0.9108020965283062
25612,LOF,0.13600034722486612,0.05439241220233265,0.8096072405728012
25613,LOF,0.10927756259448397,0.0417046788089777,0.8490177585965383
25614,LOF,0.0434323627640057,0.04362396209075735,0.9129436751452369
25615,LOF,0.05908670752000575,0.04144668338317326,0.899466609096821
25616,LOF,0.04329741429880711,0.043728711476711576,0.9129738742244812
25617,LOF,0.04696404903442,0.043685928559256175,0.9093500224063238
25618,LOF,0.28673366783559945,0.04527749457311677,0.6679888375912837
25619,LOF,0.03968720930968963,0.037121441900298834,0.9231913487900116
25620,LOF,0.04372211173536704,0.05134303207470197,0.9049348561899311
25621,LOF,0.04308058821615572,0.03233964375767438,0.9245797680261698
25622,LOF,0.03476024492015528,0.05142632553736896,0.9138134295424758
25623,LOF,0.07028302541793398,0.03729137853907153,0.8924255960429945
25624,LOF,0.03243542761244297,0.05062881003810117,0.9169357623494558
25625,LOF,0.041065143118093145,0.058467676506393104,0.9004671803755138
25626,LOF,0.09456577500129124,0.03601369017002723,0.8694205348286815
25627,Neutral,0.5812605806819464,0.09169272712338283,0.32704669219467064
25628,LOF,0.21488977060002484,0.04684096829858338,0.7382692611013917
25629,LOF,0.0899043773727372,0.12471316587818279,0.78538245674908
25630,LOF,0.20376675789817633,0.08640927081665964,0.7098239712851641
25631,Neutral,0.6094402364127173,0.052145987825716424,0.33841377576156634
25632,LOF,0.02269905720336477,0.09130836517641848,0.8859925776202169
25633,LOF,0.22746380922164702,0.10101696205804099,0.671519228720312
25634,LOF,0.03636588851780558,0.1011095352360178,0.8625245762461766
25635,LOF,0.03539326782114091,0.10951092312549351,0.8550958090533656
25636,GOF,0.006527557621550493,0.7127997980060832,0.2806726443723662
25637,GOF,0.004606119259608995,0.5759221879790616,0.4194716927613294
25638,GOF,0.009124667703517053,0.5150339895725732,0.4758413427239097
25639,GOF,0.004685884920984691,0.4996602016593256,0.4956539134196896
25640,GOF,0.3686883799562213,0.5819960550679358,0.0493155649758429
25641,LOF,0.006543245469245607,0.3358044620282074,0.6576522925025471
25642,LOF,0.262659227273953,0.11265517165659701,0.6246856010694499
25643,LOF,0.2579964793563417,0.2981782084425105,0.4438253122011478
25644,GOF,0.028389891371059916,0.6424156147267676,0.3291944939021725
25645,GOF,0.021521648583768916,0.608880039971565,0.36959831144466604
25646,LOF,0.021935770603865118,0.43786087216700154,0.5402033572291333
25647,LOF,0.016992172204112078,0.31773697728754796,0.66527085050834
25648,LOF,0.015104135829816057,0.3680779457911561,0.6168179183790278
25649,LOF,0.014866567125427381,0.2529881192669476,0.7321453136076251
25650,GOF,0.04371511018348535,0.5886868437611954,0.3675980460553193
25651,LOF,0.012385907419836813,0.29016069248116516,0.697453400098998
25652,LOF,0.021389453245104467,0.3967680365100027,0.5818425102448928
25653,GOF,0.10176426999446207,0.5793634284373331,0.3188723015682049
25654,LOF,0.014620801035172184,0.38498896310569386,0.600390235859134
25655,GOF,0.135124354879695,0.5204779315057128,0.34439771361459215
25656,LOF,0.05357995306270179,0.09677777196032519,0.8496422749769731
25657,LOF,0.29546675222016455,0.04545199049253644,0.6590812572872989
25658,LOF,0.03204570797865365,0.21134936032522395,0.7566049316961224
25659,LOF,0.1973328543933345,0.10127759016572438,0.7013895554409411
25660,LOF,0.10754637449231313,0.10485706034192613,0.7875965651657607
25661,LOF,0.0887292919976495,0.07137064999883512,0.8399000580035153
25662,LOF,0.03547027462320536,0.05556373593881119,0.9089659894379836
25663,LOF,0.03937336678470866,0.1017955354535695,0.858831097761722
25664,LOF,0.03526019178279736,0.15891121993594703,0.8058285882812556
25665,LOF,0.04896712772792525,0.06298511077628735,0.8880477614957875
25666,LOF,0.04350686649648518,0.17963406498376228,0.7768590685197525
25667,LOF,0.036594982167794964,0.05781767357567696,0.9055873442565281
25668,LOF,0.053404472918499604,0.05568975767347779,0.8909057694080225
25669,LOF,0.06195825799987647,0.08609175338548587,0.8519499886146376
25670,LOF,0.12873819282576657,0.11293326450405712,0.7583285426701762
25671,LOF,0.04430670606942054,0.051387812491319594,0.9043054814392598
25672,LOF,0.04942548814322097,0.07555340993969047,0.8750211019170885
25673,LOF,0.03746251248045592,0.08441520561254204,0.878122281907002
25674,LOF,0.026526713568667683,0.10178839758000974,0.8716848888513224
25675,LOF,0.03690746578498764,0.0921668546821757,0.8709256795328366
25676,LOF,0.033031392751877435,0.07098350407711786,0.8959851031710047
25677,LOF,0.09629387219081295,0.061676822446131915,0.8420293053630551
25678,LOF,0.1666528994243957,0.05480773632445901,0.7785393642511452
25679,LOF,0.11463359445247934,0.08017561190686492,0.8051907936406557
25680,LOF,0.0907164014029416,0.1004840644983359,0.8087995340987225
25681,LOF,0.10787594183750306,0.09147187144394964,0.8006521867185473
25682,LOF,0.05502939602322356,0.06822562173580021,0.8767449822409763
25683,LOF,0.07953754475915759,0.10827307646871452,0.8121893787721279
25684,LOF,0.06889952113982448,0.07466043280799525,0.8564400460521802
25685,LOF,0.10472753165216457,0.05527058819748149,0.8400018801503539
25686,LOF,0.03296837563250146,0.12066380917558467,0.8463678151919138
25687,LOF,0.05578009966214107,0.11203414979139259,0.8321857505464664
25688,LOF,0.018513342116690173,0.07233383319604283,0.909152824687267
25689,LOF,0.017281215645774502,0.04555204017039379,0.9371667441838316
25690,LOF,0.015486117835204453,0.048306106703979654,0.9362077754608159
25691,LOF,0.11136778710341438,0.06830163367297298,0.8203305792236126
25692,LOF,0.18636566026588727,0.010998501224180682,0.802635838509932
25693,LOF,0.04359954617207353,0.15762394679942757,0.798776507028499
25694,LOF,0.2776934723985898,0.012051496357106825,0.7102550312443033
25695,LOF,0.20901466644830394,0.021002797150372635,0.7699825364013234
25696,LOF,0.15774153565399665,0.016786761626568038,0.8254717027194354
25697,LOF,0.13366446400847573,0.040447984229827885,0.8258875517616964
25698,LOF,0.01903646058028279,0.31346720983611454,0.6674963295836027
25699,LOF,0.09159484204723913,0.09570414243795285,0.812701015514808
25700,LOF,0.033991889588064664,0.018044504145886004,0.9479636062660494
25701,LOF,0.015747690287870136,0.11744049750622351,0.8668118122059063
25702,GOF,0.020617905223909137,0.7673364234283373,0.2120456713477534
25703,LOF,0.01779344078601426,0.23776264605449812,0.7444439131594878
25704,LOF,0.10300605151927861,0.24282050585367504,0.6541734426270464
25705,LOF,0.07850371201684735,0.3292486165823322,0.5922476714008206
25706,GOF,0.02011507358832763,0.6921591059320373,0.28772582047963513
25707,GOF,0.028744941473563896,0.6197389593465616,0.3515160991798745
25708,GOF,0.009134816154060914,0.6170264274205638,0.37383875642537534
25709,LOF,0.025783342311507657,0.10539317861480504,0.8688234790736873
25710,LOF,0.005448508011528823,0.26382146855857536,0.7307300234298958
25711,LOF,0.02645667202079928,0.17851007338670877,0.795033254592492
25712,LOF,0.006808437400631133,0.33570572174638597,0.657485840852983
25713,LOF,0.022596289661622738,0.1451328906467609,0.8322708196916162
25714,LOF,0.02491115018763735,0.18664605728759934,0.7884427925247633
25715,LOF,0.027962377092011614,0.1759632263040965,0.7960743966038919
25716,LOF,0.008034888099196866,0.23817290794594712,0.753792203954856
25717,LOF,0.00577911446658529,0.23828725144054497,0.7559336340928697
25718,LOF,0.025170973222922593,0.11228480923209258,0.8625442175449849
25719,LOF,0.03405839239326324,0.16296240972190548,0.8029791978848312
25720,LOF,0.03560724316344537,0.14425317769587961,0.8201395791406749
25721,LOF,0.02921580227865818,0.13400255630037933,0.8367816414209626
25722,LOF,0.01790879746011048,0.1776158725376687,0.8044753300022208
25723,LOF,0.028198978074339742,0.1441515509717348,0.8276494709539255
25724,LOF,0.026851713413772006,0.25106188794409295,0.722086398642135
25725,LOF,0.028090833206956017,0.1192507646600384,0.8526584021330057
25726,LOF,0.019128930489766677,0.16418319710931173,0.8166878724009216
25727,LOF,0.024860588614117555,0.1725831453657724,0.80255626602011
25728,LOF,0.025598378554513673,0.16272712869337722,0.8116744927521091
25729,LOF,0.024829465043225866,0.19128060601267993,0.7838899289440943
25730,LOF,0.029526203267861505,0.12222516319995438,0.8482486335321842
25731,LOF,0.010006496037753068,0.2680177246156279,0.721975779346619
25732,LOF,0.019983780411314083,0.143971151067557,0.8360450685211289
25733,LOF,0.038496830322126946,0.1442460450477493,0.8172571246301239
25734,LOF,0.0062467214301627555,0.37134076973010544,0.6224125088397319
25735,LOF,0.02406947784563008,0.11917457744493194,0.856755944709438
25736,LOF,0.022195745201261524,0.20197229566539424,0.7758319591333444
25737,LOF,0.05725651487459537,0.17748676046423537,0.7652567246611693
25738,LOF,0.023803952753096037,0.2213955235686444,0.7548005236782596
25739,LOF,0.028723273996020603,0.1417614706808767,0.8295152553231028
25740,LOF,0.03112681454072899,0.17927911211747735,0.7895940733417937
25741,LOF,0.035045341709531934,0.1590521394184402,0.8059025188720279
25742,LOF,0.051859773583407945,0.16490051160401517,0.783239714812577
25743,LOF,0.011844151469348333,0.023207797902374826,0.9649480506282768
25744,LOF,0.2119403534146578,0.20884501893226126,0.579214627653081
25745,LOF,0.03782478646956392,0.06131812611954095,0.900857087410895
25746,LOF,0.015519889110082338,0.08620415162800954,0.8982759592619082
25747,LOF,0.03641176227150261,0.02574297887731135,0.9378452588511861
25748,LOF,0.2705956105145402,0.04816641183505749,0.6812379776504023
25749,LOF,0.01652077724371223,0.054363356061855654,0.929115866694432
25750,LOF,0.023085720127988926,0.057074981386704395,0.9198392984853068
25751,LOF,0.03952267326549034,0.035843426109513896,0.9246339006249958
25752,GOF,0.0758296602168345,0.730038036948675,0.1941323028344905
25753,GOF,0.006366916720742638,0.5077800714407521,0.48585301183850527
25754,GOF,0.00680480194229207,0.8884580568315436,0.10473714122616432
25755,GOF,0.00626084087966149,0.5174215890226727,0.47631757009766573
25756,GOF,0.024828246785284343,0.5017455148213938,0.47342623839332193
25757,GOF,0.0071854278323668815,0.8754421901276735,0.11737238203995967
25758,GOF,0.008069352939241936,0.905636710175254,0.08629393688550402
25759,GOF,0.0055447196434462945,0.7019759118784585,0.2924793684780952
25760,LOF,0.005662436171977702,0.38644508528086335,0.6078924785471589
25761,GOF,0.04259270305346597,0.8807178173148889,0.07668947963164513
25762,LOF,0.028578166184377668,0.437724992639995,0.5336968411756274
25763,LOF,0.005763368900907669,0.3597182793314647,0.6345183517676276
25764,GOF,0.05539235928498015,0.7015796605691983,0.24302798014582164
25765,GOF,0.007411295934105463,0.8890540692943354,0.10353463477155903
25766,GOF,0.04247838948852203,0.871497499599686,0.08602411091179193
25767,GOF,0.017380341587541197,0.539875434892813,0.4427442235196459
25768,LOF,0.046983609653560854,0.05915684700380026,0.893859543342639
25769,LOF,0.03851074078404446,0.07362107828990419,0.8878681809260515
25770,LOF,0.19709450208639906,0.08946284499734126,0.7134426529162597
25771,LOF,0.020101255466506863,0.06847959826548623,0.9114191462680069
25772,LOF,0.033367370859446,0.029741037423004296,0.9368915917175498
25773,LOF,0.021006975914721178,0.07683792156151227,0.9021551025237665
25774,LOF,0.028085069139404596,0.1475634602639578,0.8243514705966376
25775,LOF,0.020432696316089804,0.04716644131304005,0.9324008623708702
25776,LOF,0.029859391048086145,0.02138522915474104,0.9487553797971727
25777,LOF,0.28313040869127354,0.0945775059897246,0.6222920853190018
25778,LOF,0.028633259216933032,0.057292360483000716,0.9140743803000663
25779,GOF,0.07136898767323473,0.8580586461475539,0.07057236617921135
25780,GOF,0.08815153674969238,0.8524741513081207,0.05937431194218706
25781,GOF,0.038770315625902864,0.8358688363037011,0.1253608480703961
25782,GOF,0.048265238243899056,0.8802695898039304,0.07146517195217049
25783,GOF,0.03990815258757115,0.9018819117844091,0.05820993562801982
25784,GOF,0.13554479309204062,0.8178673741606384,0.04658783274732112
25785,GOF,0.14485970974184925,0.8173781242233064,0.037762166034844405
25786,GOF,0.011972208820537018,0.8473339781185985,0.14069381306086448
25787,GOF,0.27070049516253947,0.6808152566783557,0.048484248159104786
25788,LOF,0.018900252284615292,0.17019527965713482,0.8109044680582498
25789,GOF,0.02330484296544012,0.8361496745529257,0.1405454824816342
25790,GOF,0.0335524214840012,0.8746632629489298,0.09178431556706894
25791,GOF,0.03643940208348472,0.6925784083936405,0.27098218952287484
25792,GOF,0.04175131291009467,0.7441609321275332,0.214087754962372
25793,GOF,0.053983160491926,0.805410356319408,0.14060648318866606
25794,GOF,0.07379736988919121,0.7097540341935731,0.2164485959172357
25795,GOF,0.0679534191900308,0.7282345470791368,0.20381203373083226
25796,GOF,0.13145931779967632,0.7742786728709592,0.09426200932936452
25797,GOF,0.10984116755144904,0.7008003011927643,0.18935853125578653
25798,GOF,0.008427044231084887,0.777770626763545,0.21380232900537002
25799,GOF,0.005522618751643936,0.6612983127773174,0.33317906847103873
25800,GOF,0.035255082327609426,0.817601472336954,0.1471434453354365
25801,GOF,0.02955382442340293,0.887483244249076,0.0829629313275212
25802,GOF,0.03423737696511886,0.7689166448268125,0.19684597820806846
25803,GOF,0.024786470810990408,0.6956956828805347,0.27951784630847487
25804,GOF,0.03989561199508354,0.7531713417491938,0.20693304625572273
25805,GOF,0.03585303671046897,0.7828197608441646,0.18132720244536646
25806,GOF,0.04579113698360308,0.7941360900203045,0.1600727729960924
25807,GOF,0.0171369823052877,0.736194594457295,0.24666842323741728
25808,GOF,0.032420422295463276,0.7488035513234392,0.21877602638109736
25809,GOF,0.013647431038535567,0.6721508963736559,0.3142016725878086
25810,GOF,0.012391598150798775,0.6645981239949466,0.32301027785425485
25811,GOF,0.06148630338660231,0.8613573756272611,0.07715632098613656
25812,GOF,0.038669069543175866,0.7433847344912805,0.21794619596554357
25813,GOF,0.1955275933977889,0.7134538918524147,0.09101851474979641
25814,GOF,0.037334192564708955,0.7360922518938535,0.22657355554143757
25815,GOF,0.07337527665111478,0.786085930936417,0.14053879241246833
25816,GOF,0.011342884332728015,0.8370141715754209,0.1516429440918512
25817,GOF,0.12977653194956587,0.7456020641579404,0.12462140389249371
25818,GOF,0.03521516134954725,0.7633573412181424,0.20142749743231037
25819,GOF,0.06931943729433963,0.7546236179577577,0.17605694474790276
25820,GOF,0.07101179668160329,0.7082720965954259,0.22071610672297073
25821,GOF,0.04628076672472183,0.7530695448095017,0.2006496884657766
25822,GOF,0.0827654016892096,0.7322493743817379,0.18498522392905262
25823,GOF,0.03951673084700362,0.6953554890781679,0.26512778007482846
25824,GOF,0.04043793194093019,0.7442148813453021,0.21534718671376782
25825,GOF,0.031120065286429025,0.7337452359813758,0.23513469873219534
25826,GOF,0.014187479977552599,0.7021774937804535,0.2836350262419939
25827,GOF,0.019949359033377547,0.6743604240525922,0.30569021691403025
25828,GOF,0.014582890309614585,0.7169235074593517,0.2684936022310336
25829,GOF,0.005306439850144477,0.6331886836912238,0.3615048764586317
25830,GOF,0.04223238600301824,0.5098775629709218,0.4478900510260599
25831,GOF,0.0805533453051935,0.7921628564728287,0.12728379822197786
25832,GOF,0.012666905795087642,0.7011072200819037,0.28622587412300854
25833,GOF,0.04401505275748311,0.773922828722047,0.18206211852046986
25834,GOF,0.012928295090393328,0.716313680336679,0.27075802457292764
25835,GOF,0.029143365756071817,0.7899139214521094,0.18094271279181876
25836,GOF,0.008977487491324501,0.7062615291943349,0.2847609833143407
25837,GOF,0.009886289986553762,0.7120008890291648,0.27811282098428153
25838,GOF,0.02398043051816636,0.7943786073382791,0.1816409621435546
25839,GOF,0.06340178315886599,0.7587496663100348,0.17784855053109908
25840,GOF,0.09569195038576005,0.7444354333068576,0.15987261630738234
25841,GOF,0.08902276412769618,0.7779587191185161,0.13301851675378773
25842,GOF,0.032807262909227454,0.8511599563981506,0.11603278069262193
25843,GOF,0.03192902975618803,0.8587996934331087,0.10927127681070312
25844,GOF,0.026167875107037306,0.7894977624791167,0.18433436241384596
25845,GOF,0.007859137875153705,0.6835637426812592,0.30857711944358723
25846,GOF,0.08650306618496932,0.8207603856265546,0.09273654818847597
25847,GOF,0.019113038551402693,0.8529665199212618,0.12792044152733545
25848,GOF,0.029566359471377143,0.7908078059199555,0.17962583460866732
25849,GOF,0.00883970581878757,0.7499817391201681,0.24117855506104427
25850,GOF,0.007798072222403592,0.6695569546932617,0.32264497308433465
25851,GOF,0.007212706996147024,0.6165783442479627,0.3762089487558904
25852,GOF,0.15914978973672497,0.5463083926027196,0.2945418176605554
25853,GOF,0.07340665948734401,0.7513258546306171,0.1752674858820388
25854,GOF,0.007007137025310437,0.6829888713765766,0.3100039915981129
25855,GOF,0.023689411092142704,0.6483922953731405,0.3279182935347168
25856,GOF,0.04799318453690388,0.7269450591813966,0.22506175628169944
25857,GOF,0.02392174474934036,0.6394856147174908,0.33659264053316884
25858,GOF,0.010857668675261598,0.6103642021129511,0.37877812921178744
25859,GOF,0.008210733315944779,0.5875663611738187,0.40422290551023665
25860,GOF,0.10471741539818354,0.7409479919307719,0.15433459267104466
25861,GOF,0.12319382544000297,0.7776469916561889,0.09915918290380804
25862,GOF,0.026558203438577392,0.8733301798121597,0.10011161674926293
25863,GOF,0.023334292458231924,0.8539396705900524,0.12272603695171559
25864,GOF,0.06004383948216743,0.8486271901499736,0.09132897036785907
25865,GOF,0.05465462415735473,0.830921132733122,0.11442424310952327
25866,GOF,0.02506103100923659,0.8249734772564546,0.14996549173430881
25867,GOF,0.04369677202741542,0.8318834319004815,0.12441979607210303
25868,GOF,0.0797630462241701,0.7614596323489019,0.15877732142692794
25869,GOF,0.3800438199746281,0.5181446252771317,0.1018115547482403
25870,GOF,0.0718499091710573,0.5074932552969497,0.4206568355319932
25871,GOF,0.010347386265320706,0.7947957998337507,0.19485681390092857
25872,GOF,0.025726008683494717,0.7960049961087509,0.17826899520775455
25873,GOF,0.02402330558930744,0.8639970324436271,0.11197966196706546
25874,LOF,0.018834927354681067,0.18496771096633363,0.7961973616789854
25875,LOF,0.022707983761901307,0.11186681273393943,0.8654252035041593
25876,LOF,0.02029428165561091,0.061926874217342026,0.9177788441270471
25877,LOF,0.10254832627559879,0.20468867947125244,0.6927629942531488
25878,LOF,0.06220140895139997,0.2653212405418599,0.6724773505067401
25879,LOF,0.01133535880566571,0.17426630588814546,0.8143983353061888
25880,LOF,0.06214175958105277,0.020943953077162764,0.9169142873417846
25881,Neutral,0.552203398078301,0.09091863506994803,0.35687796685175105
25882,LOF,0.064336781382646,0.02387018195862455,0.9117930366587295
25883,LOF,0.02968679744907948,0.025162233147214143,0.9451509694037065
25884,LOF,0.02008251873532534,0.03913051223738503,0.9407869690272896
25885,LOF,0.1749683440194074,0.01388462995803222,0.8111470260225604
25886,LOF,0.24422106005847533,0.05410515488760702,0.7016737850539176
25887,LOF,0.09136050821286934,0.13908997845346785,0.7695495133336627
25888,LOF,0.008221978464832783,0.18221394905433003,0.8095640724808372
25889,LOF,0.027133593774998337,0.03382475591268913,0.9390416503123127
25890,LOF,0.18983397465761312,0.05716889633086282,0.7529971290115242
25891,LOF,0.10801855094463815,0.035560184751609894,0.856421264303752
25892,LOF,0.00878525704131613,0.036393195747579085,0.9548215472111047
25893,LOF,0.3237813064856998,0.012053224301796856,0.6641654692125034
25894,LOF,0.35392677419811197,0.007893365914796965,0.638179859887091
25895,LOF,0.2977185680771514,0.01580586981547973,0.6864755621073688
25896,LOF,0.09227598271972512,0.03151186546785061,0.8762121518124243
25897,LOF,0.1361866187593979,0.012594817698678755,0.8512185635419234
25898,LOF,0.12860057943429368,0.03081646909064289,0.8405829514750633
25899,LOF,0.42965788052087456,0.03761856456913077,0.5327235549099947
25900,Neutral,0.6553963224808566,0.013085443359271316,0.3315182341598722
25901,LOF,0.10736159963264154,0.013593321131592674,0.8790450792357658
25902,LOF,0.10157936234636498,0.017158551312736563,0.8812620863408984
25903,LOF,0.19228800760451792,0.03499275770725227,0.7727192346882299
25904,Neutral,0.5535268279713289,0.04337224627555873,0.40310092575311235
25905,LOF,0.0069515015761396634,0.4247360200732981,0.5683124783505622
25906,LOF,0.009124050594028116,0.0672619996134365,0.9236139497925355
25907,LOF,0.008385310578600789,0.26387922409613096,0.7277354653252683
25908,LOF,0.008036488064349765,0.2576355360178388,0.7343279759178115
25909,LOF,0.02975112788610605,0.09874393321546002,0.871504938898434
25910,LOF,0.012645405454599521,0.1873764099119599,0.7999781846334406
25911,LOF,0.18503668191586467,0.02789886112752634,0.787064456956609
25912,LOF,0.1100374653479844,0.02012231990397645,0.8698402147480391
25913,LOF,0.020882788782414553,0.02816564265929257,0.9509515685582928
25914,LOF,0.03991531937984061,0.026880201163638175,0.9332044794565212
25915,LOF,0.17494788388243274,0.2144084144884429,0.6106437016291244
25916,LOF,0.012534031269452857,0.10149948789950056,0.8859664808310466
25917,LOF,0.06850788097034764,0.027894767015507235,0.9035973520141451
25918,LOF,0.039858462794199224,0.01598997728882169,0.9441515599169792
25919,LOF,0.03315826852481571,0.01788646214558516,0.9489552693295991
25920,LOF,0.32184900172165,0.19557073452384652,0.4825802637545034
25921,LOF,0.01926245359669387,0.01690423396115445,0.9638333124421518
25922,LOF,0.018967026496088654,0.018850325418025345,0.962182648085886
25923,LOF,0.4434155800317864,0.01197404835912935,0.5446103716090842
25924,LOF,0.027553924275169745,0.019058060272039132,0.9533880154527911
25925,LOF,0.11220776921962604,0.02708588677181551,0.8607063440085584
25926,LOF,0.09762755112063688,0.01942590753217739,0.8829465413471856
25927,LOF,0.03046998412075268,0.027711476677796408,0.9418185392014509
25928,LOF,0.015517378371904788,0.015660113689488237,0.968822507938607
25929,Neutral,0.5822803546858866,0.011633463404379422,0.406086181909734
25930,LOF,0.10694549626560244,0.01084052424197928,0.8822139794924183
25931,LOF,0.01635972871804799,0.013684779875381631,0.9699554914065703
25932,LOF,0.09268444195190909,0.012287707670151974,0.8950278503779389
25933,LOF,0.09227300139826476,0.00829832975273955,0.8994286688489956
25934,LOF,0.09180275525239487,0.007601717451659986,0.9005955272959452
25935,LOF,0.11110843036499976,0.021900562218196352,0.8669910074168039
25936,LOF,0.09585357009428827,0.00786489145884994,0.8962815384468618
25937,LOF,0.02364656558416075,0.015097492352637737,0.9612559420632015
25938,LOF,0.10971749441107241,0.019735742915947818,0.8705467626729797
25939,LOF,0.06189158684648899,0.010947619412492162,0.9271607937410188
25940,GOF,0.010520926975746046,0.6341048812905283,0.3553741917337256
25941,Neutral,0.5172884686671662,0.0416573811778911,0.44105415015494265
25942,LOF,0.012932316405249845,0.04434924957853048,0.9427184340162197
25943,LOF,0.06311693910411706,0.19195191578791984,0.7449311451079631
25944,LOF,0.052785370140822185,0.10195807605132925,0.8452565538078485
25945,LOF,0.20663088915792735,0.02478305312462289,0.7685860577174498
25946,LOF,0.08032933207677766,0.04216159714256053,0.8775090707806618
25947,Neutral,0.4964618435758565,0.151983310342981,0.3515548460811625
25948,LOF,0.37044703290994646,0.01185167298015239,0.6177012941099012
25949,LOF,0.13625986658202385,0.06687573385578986,0.7968643995621864
25950,GOF,0.0936475954900141,0.6513990642369629,0.25495334027302297
25951,LOF,0.014456955201829444,0.44013752243676163,0.5454055223614089
25952,LOF,0.15576559330513282,0.2938526034206363,0.5503818032742308
25953,LOF,0.0073315395258177,0.31181195043016374,0.6808565100440185
25954,LOF,0.06769546896100717,0.4627019297310631,0.4696026013079297
25955,LOF,0.010440794275368145,0.31023804500940233,0.6793211607152294
25956,LOF,0.011772629968245603,0.4122279141422754,0.575999455889479
25957,LOF,0.16275472618155792,0.05041550276188236,0.7868297710565596
25958,LOF,0.03055529320858615,0.06325066594195503,0.9061940408494589
25959,GOF,0.006839773192338735,0.7408047020658826,0.25235552474177864
25960,LOF,0.005177828198463337,0.12526386767991946,0.8695583041216172
25961,LOF,0.026287133109838923,0.050716599517614376,0.9229962673725467
25962,LOF,0.032247200587622336,0.1033500895131335,0.8644027098992442
25963,LOF,0.01012311001609687,0.16206727520502395,0.8278096147788792
25964,LOF,0.04879401837322296,0.10585440080433556,0.8453515808224416
25965,LOF,0.15864667676504737,0.183163777270399,0.6581895459645537
25966,LOF,0.32546272956089345,0.0992965060470093,0.5752407643920973
25967,LOF,0.006689426404324308,0.09844624122695335,0.8948643323687224
25968,LOF,0.049672733234047084,0.24301508454286094,0.707312182223092
25969,LOF,0.1386759718099393,0.0743820193016038,0.7869420088884568
25970,LOF,0.05908737624097372,0.06717986466850548,0.8737327590905208
25971,LOF,0.07332521777592681,0.03641664467604965,0.8902581375480235
25972,LOF,0.08117650879571332,0.04395819150605328,0.8748652996982335
25973,LOF,0.0566474291225876,0.011732599948599591,0.9316199709288129
25974,LOF,0.058810620695271765,0.04308431015107418,0.8981050691536541
25975,LOF,0.031794283678603555,0.014872923957157995,0.9533327923642384
25976,LOF,0.09751441117247742,0.012120461531488618,0.890365127296034
25977,LOF,0.2358124650889694,0.05181275181472737,0.7123747830963033
25978,LOF,0.15521796611357322,0.1573184840938158,0.687463549792611
25979,LOF,0.12194298448861712,0.16363166562759038,0.7144253498837926
25980,LOF,0.20743041863526726,0.2528340098641748,0.5397355715005578
25981,LOF,0.20908892472784033,0.2572604362913006,0.5336506389808592
25982,LOF,0.35465057998137434,0.12113027904041153,0.5242191409782142
25983,Neutral,0.45928981868176316,0.12782075384024305,0.4128894274779937
25984,LOF,0.06354187065475304,0.07642289907778418,0.8600352302674628
25985,LOF,0.42766002536707765,0.12604619886695,0.4462937757659724
25986,LOF,0.014221175656620543,0.39690959111472157,0.5888692332286579
25987,LOF,0.0402396283524406,0.09084425627396331,0.8689161153735961
25988,LOF,0.06296757650101366,0.13458329354374235,0.802449129955244
25989,LOF,0.07650041479412925,0.2181460058397939,0.7053535793660769
25990,LOF,0.06572614240278361,0.3225197288222726,0.6117541287749438
25991,GOF,0.023618962180917094,0.5639512993938497,0.41242973842523317
25992,LOF,0.011857133599745032,0.45804580874116335,0.5300970576590917
25993,LOF,0.019117498915390257,0.06308511605725219,0.9177973850273575
25994,LOF,0.023130712933443025,0.07894683791236284,0.8979224491541942
25995,LOF,0.017141937726948605,0.1296664637341933,0.8531915985388582
25996,GOF,0.31062018805180597,0.4210602498332203,0.2683195621149737
25997,GOF,0.05391197358952114,0.5579437992822127,0.38814422712826613
25998,LOF,0.22410125025276453,0.03507995250293223,0.7408187972443033
25999,LOF,0.026936103757308715,0.31222730839066326,0.660836587852028
26000,LOF,0.15147102147878727,0.015093015903136215,0.8334359626180765
26001,LOF,0.16026117940639267,0.019544330259422583,0.8201944903341847
26002,LOF,0.08921613105863647,0.022657860089767716,0.8881260088515959
26003,GOF,0.0066955017796545575,0.5816435811750261,0.41166091704531926
26004,GOF,0.018030654772800195,0.5808916818925179,0.4010776633346819
26005,LOF,0.005252325210061011,0.47157432350478246,0.5231733512851565
26006,GOF,0.1008165990988754,0.4901150198356166,0.40906838106550797
26007,LOF,0.01070908773256597,0.4873134114767296,0.5019775007907044
26008,GOF,0.007094484905990556,0.558922404813914,0.4339831102800954
26009,GOF,0.0126659706085104,0.5820896775913417,0.4052443518001479
26010,GOF,0.010570291237117108,0.5331114277091111,0.45631828105377165
26011,LOF,0.006302213158052703,0.40339067668487194,0.5903071101570754
26012,GOF,0.005517428787821359,0.5072455846188507,0.48723698659332787
26013,GOF,0.013029880478397345,0.5235601875525542,0.4634099319690485
26014,LOF,0.04023127533785485,0.08452143869718182,0.8752472859649633
26015,LOF,0.42249592168739986,0.02425475317012187,0.5532493251424783
26016,LOF,0.27677125098771505,0.030374096313821368,0.6928546526984636
26017,LOF,0.018255969077297818,0.1268585044553503,0.8548855264673519
26018,LOF,0.03523099037907792,0.06071736083313033,0.9040516487877918
26019,LOF,0.03454278938040505,0.05128411598741185,0.914173094632183
26020,LOF,0.0070713317910053525,0.12381287682487606,0.8691157913841187
26021,LOF,0.0803175511085813,0.05919213977422235,0.8604903091171964
26022,LOF,0.04174788696542769,0.026223223017760998,0.9320288900168112
26023,LOF,0.025309840342679635,0.03864472512078465,0.9360454345365357
26024,LOF,0.054809167280076926,0.04246434034911684,0.9027264923708063
26025,LOF,0.13903599242821932,0.03844349362179814,0.8225205139499826
26026,LOF,0.12061430329717501,0.03113833355616505,0.8482473631466598
26027,LOF,0.03361394065383598,0.022288910653631422,0.9440971486925326
26028,LOF,0.07340553318114937,0.16992445104079812,0.7566700157780525
26029,LOF,0.030024888794152178,0.19974854173934728,0.7702265694665006
26030,LOF,0.11833355004038035,0.027108802375855633,0.8545576475837641
26031,LOF,0.012859378091552168,0.18545066821882367,0.8016899536896241
26032,LOF,0.03712606608861901,0.050653269391597124,0.9122206645197839
26033,LOF,0.038101908080671605,0.054326268539768185,0.9075718233795601
26034,LOF,0.017839796639078524,0.12310560244545829,0.8590546009154633
26035,LOF,0.011775031147575521,0.1259438041100431,0.8622811647423814
26036,LOF,0.010860711348696322,0.0990142041662688,0.8901250844850348
26037,LOF,0.010848699778228992,0.10475474205383231,0.8843965581679387
26038,LOF,0.032866004348734046,0.043423261807648036,0.9237107338436179
26039,LOF,0.029353904573142915,0.13750787747525253,0.8331382179516045
26040,LOF,0.08765764766618304,0.13865497891981346,0.7736873734140035
26041,LOF,0.012964338497720579,0.10882861512082191,0.8782070463814576
26042,LOF,0.012032919587018057,0.11592613490161233,0.8720409455113697
26043,LOF,0.03383072743367005,0.08006685133244575,0.8861024212338842
26044,LOF,0.007099859154053428,0.06531393922712403,0.9275862016188224
26045,LOF,0.09237378883470124,0.20906808294021503,0.6985581282250838
26046,LOF,0.02933639099895234,0.05286211336580988,0.9178014956352377
26047,LOF,0.06626979189828289,0.051023619044602245,0.8827065890571149
26048,LOF,0.09252064539601458,0.02208892145246888,0.8853904331515164
26049,Neutral,0.9431379969971272,0.0069336828152904905,0.04992832018758225
26050,Neutral,0.9100944484555712,0.008074365047508511,0.08183118649692041
26051,LOF,0.028108952266401133,0.3531638813491185,0.6187271663844803
26052,LOF,0.03068026638059236,0.3027182011516259,0.6666015324677818
26053,LOF,0.018852874813661113,0.17054013336239035,0.8106069918239485
26054,LOF,0.0580415858034539,0.04579476771660052,0.8961636464799455
26055,LOF,0.08415334851127222,0.037529737531596614,0.8783169139571312
26056,LOF,0.06844013712871351,0.04402483130036701,0.8875350315709195
26057,LOF,0.06703581423279834,0.028249865584647118,0.9047143201825545
26058,LOF,0.07382535699384,0.023238858613275973,0.9029357843928839
26059,LOF,0.21299771290514077,0.0585602493147899,0.7284420377800693
26060,LOF,0.015818629036853212,0.20957762485467418,0.7746037461084726
26061,LOF,0.01087624507657656,0.017498005340211332,0.971625749583212
26062,LOF,0.0058843248359160185,0.029356763905765065,0.9647589112583189
26063,LOF,0.04870273860225908,0.017159224791577506,0.9341380366061633
26064,LOF,0.01401657925593522,0.02368837301272812,0.9622950477313366
26065,LOF,0.06690014188672494,0.029319980537303208,0.9037798775759718
26066,LOF,0.05796638502128934,0.01946153343403366,0.922572081544677
26067,LOF,0.05419587849852786,0.016415125405541197,0.9293889960959311
26068,LOF,0.05728446620823077,0.03684600317286807,0.9058695306189011
26069,LOF,0.1853842358796241,0.030751314568523428,0.7838644495518524
26070,LOF,0.3915666424715111,0.018551449628860447,0.5898819078996285
26071,LOF,0.048348621200411564,0.021474292696021958,0.9301770861035664
26072,LOF,0.006701716023027192,0.021835111076518917,0.9714631729004539
26073,LOF,0.045640011098131636,0.01790745631584532,0.9364525325860231
26074,Neutral,0.6702131392150208,0.01282470698856261,0.31696215379641657
26075,LOF,0.046478427410204345,0.027744116045369503,0.9257774565444262
26076,LOF,0.04419946321469193,0.02011433586796108,0.9356862009173469
26077,LOF,0.1524548998668314,0.01624926377067336,0.8312958363624954
26078,LOF,0.0061592718887583005,0.03978566680963626,0.9540550613016054
26079,LOF,0.061261715941118323,0.02957840701006904,0.9091598770488126
26080,LOF,0.05981289849568891,0.02966604792638142,0.9105210535779297
26081,LOF,0.04648456435219207,0.017166262462993718,0.9363491731848141
26082,LOF,0.0064795413876663505,0.023826082913153985,0.9696943756991796
26083,LOF,0.11787260332354893,0.02781476534338308,0.854312631333068
26084,LOF,0.13858171907694486,0.02733269994464367,0.8340855809784115
26085,LOF,0.11567823395053337,0.023707635170359433,0.8606141308791071
26086,LOF,0.04164418358833588,0.02623757621330334,0.9321182401983608
26087,LOF,0.042902167169221135,0.02052121311542164,0.9365766197153572
26088,LOF,0.006964398513168416,0.047824096443322514,0.945211505043509
26089,LOF,0.04311116693246603,0.03797983506359057,0.9189089980039434
26090,LOF,0.042950496861826004,0.03501703905872414,0.9220324640794498
26091,LOF,0.03141696896349359,0.015791611942149352,0.9527914190943572
26092,LOF,0.042934611585924834,0.01456921360705015,0.9424961748070251
26093,LOF,0.0638214314926707,0.01030357062809625,0.9258749978792331
26094,LOF,0.03915208009944666,0.013302856980543417,0.9475450629200101
26095,LOF,0.010871868842429175,0.029882876164163956,0.9592452549934068
26096,LOF,0.24779063480691704,0.00717393445086804,0.7450354307422149
26097,LOF,0.006495259281654073,0.06474566982332215,0.9287590708950237
26098,LOF,0.0545646977550796,0.02673854860323739,0.918696753641683
26099,LOF,0.04860793117652053,0.03415760657533768,0.9172344622481418
26100,LOF,0.04860793117652053,0.03415760657533768,0.9172344622481418
26101,LOF,0.04969767313547701,0.0598483259052591,0.890454000959264
26102,LOF,0.04018215888170038,0.026055009384788688,0.933762831733511
26103,Neutral,0.8955224905536492,0.03608153387573119,0.0683959755706196
26104,LOF,0.05277574754251832,0.05978209254296424,0.8874421599145175
26105,LOF,0.26925602197064996,0.07961963825022553,0.6511243397791244
26106,LOF,0.26837272413073904,0.03715950548442028,0.6944677703848406
26107,LOF,0.015612626976146692,0.0715511302096384,0.9128362428142149
26108,LOF,0.17207614352285086,0.05444026819814761,0.7734835882790014
26109,LOF,0.05191102190373408,0.062016709323334675,0.8860722687729312
26110,LOF,0.4282878135004505,0.011711640844115844,0.5600005456554336
26111,LOF,0.076391783453356,0.0731832248686818,0.8504249916779621
26112,LOF,0.06900459839321472,0.012800122732954387,0.9181952788738309
26113,LOF,0.12510488956237795,0.028604845256051226,0.8462902651815708
26114,LOF,0.09273943640876316,0.008505205114240615,0.8987553584769962
26115,LOF,0.019051266472272226,0.07076862478941659,0.9101801087383111
26116,LOF,0.08350855717703952,0.025325524270840966,0.8911659185521196
26117,LOF,0.36987765953266327,0.03412789175676201,0.5959944487105746
26118,LOF,0.03842893966141637,0.018050662256144243,0.9435203980824394
26119,LOF,0.0058823507301981786,0.08600624125675392,0.9081114080130479
26120,LOF,0.032975880206749096,0.014158249740397947,0.9528658700528528
26121,LOF,0.00435630809341231,0.11123219207326311,0.8844114998333246
