feature0,prediction,LoGoFunc_Neutral,LoGoFunc_GOF,LoGoFunc_LOF
25546,Neutral,0.6334751209133435,0.052275975480426166,0.3142489036062304
25547,LOF,0.3431933497493847,0.23772778501881742,0.41907886523179794
25548,LOF,0.30252729518504456,0.1247807039915131,0.5726920008234423
25549,LOF,0.21706468429461065,0.14934654490898633,0.6335887707964031
25550,Neutral,0.5681475506797475,0.05696226513162795,0.37489018418862446
25551,Neutral,0.49648018481045625,0.052236305319844,0.4512835098696998
25552,LOF,0.13913605211765465,0.12994339977654706,0.7309205481057982
25553,LOF,0.43726329613215204,0.0514238466593868,0.5113128572084611
25554,LOF,0.18530362122259159,0.1678954912026709,0.6468008875747375
25555,LOF,0.1365413466176639,0.11559516375984942,0.7478634896224867
25556,LOF,0.19478051274038477,0.14531145981107527,0.65990802744854
25557,LOF,0.130239102945546,0.1250775521370649,0.7446833449173892
25558,LOF,0.19595540508272716,0.15015991314931307,0.6538846817679597
25559,Neutral,0.7582759516992063,0.0858660309501155,0.15585801735067817
25560,LOF,0.051673287223730255,0.14368075491030827,0.8046459578659614
25561,LOF,0.12600691307691042,0.17992727963391103,0.6940658072891784
25562,LOF,0.18747198980471683,0.05001824728680618,0.7625097629084769
25563,LOF,0.2260361858937324,0.1286740709157668,0.6452897431905008
25564,LOF,0.07394538128072935,0.06383519950655205,0.8622194192127186
25565,LOF,0.09735768362430519,0.2984205766098082,0.6042217397658867
25566,GOF,0.04001865003376785,0.5709140803362801,0.389067269629952
25567,LOF,0.022522809250694432,0.0936162733468606,0.8838609174024449
25568,LOF,0.10719864685252051,0.19239465780372855,0.700406695343751
25569,Neutral,0.7380703946528545,0.04010326668284679,0.22182633866429863
25570,LOF,0.08823102644931662,0.26636734515848787,0.6454016283921955
25571,LOF,0.08999725650918908,0.21015100185622235,0.6998517416345886
25572,LOF,0.1007692162318925,0.3241388426926464,0.5750919410754611
25573,LOF,0.026644476184289646,0.228207994431221,0.7451475293844894
25574,LOF,0.009334604355943,0.354288164716301,0.636377230927756
25575,LOF,0.12808452637787202,0.06913096193741579,0.8027845116847122
25576,LOF,0.035051552717685903,0.04447518221683192,0.9204732650654821
25577,LOF,0.022060939410351116,0.17031235617917,0.8076267044104789
25578,Neutral,0.42908713116937275,0.20466576874725315,0.36624710008337413
25579,Neutral,0.42908713116937275,0.20466576874725315,0.36624710008337413
25580,LOF,0.07171883394043327,0.03740442199703506,0.8908767440625317
25581,LOF,0.1044716326862329,0.1481521296917493,0.7473762376220178
25582,LOF,0.10458542435779758,0.1366967062824679,0.7587178693597345
25583,LOF,0.07082643306701136,0.05559080338425393,0.8735827635487348
25584,Neutral,0.49962126122305744,0.11289462032047533,0.38748411845646713
25585,LOF,0.024807826917899792,0.08194986569787574,0.8932423073842245
25586,LOF,0.08963366831743261,0.08379141226943504,0.8265749194131323
25587,LOF,0.062284277523439166,0.10936488751980449,0.8283508349567564
25588,LOF,0.07220933663708161,0.10615400953734568,0.8216366538255727
25589,Neutral,0.666991221610633,0.18922331813556975,0.14378546025379735
25590,LOF,0.04373433929034577,0.16763167688576938,0.7886339838238849
25591,LOF,0.19923518835557139,0.10297050868477854,0.6977943029596502
25592,LOF,0.04519160535990059,0.08483435488601661,0.8699740397540828
25593,GOF,0.014090753449087222,0.6346475000909083,0.3512617464600044
25594,LOF,0.13814028487087568,0.1253317979799349,0.7365279171491893
25595,LOF,0.11259847507498513,0.15653414230544405,0.7308673826195707
25596,LOF,0.26239576493715405,0.05157202505066341,0.6860322100121826
25597,LOF,0.24174870899352915,0.033878480256761184,0.7243728107497096
25598,Neutral,0.7638705493541045,0.03574887459548375,0.20038057605041174
25599,GOF,0.010682865242641152,0.6149320324753422,0.37438510228201655
25600,GOF,0.010480233535640504,0.6160427223168073,0.3734770441475522
25601,LOF,0.007504925183728651,0.27281986739347747,0.719675207422794
25602,LOF,0.07880581825833398,0.295933983761967,0.625260197979699
25603,LOF,0.055055187149585044,0.19190446711923598,0.753040345731179
25604,LOF,0.03440231324960243,0.2858774337028457,0.6797202530475519
25605,LOF,0.026738929942056015,0.3847344367045263,0.5885266333534177
25606,GOF,0.06469248552177204,0.5733751329170613,0.3619323815611667
25607,LOF,0.0048468816923845,0.18278740722819972,0.8123657110794157
25608,LOF,0.05439381379084111,0.1295759980514521,0.8160301881577068
25609,LOF,0.16840503325123962,0.18553169715935713,0.6460632695894032
25610,LOF,0.07081184141816448,0.05180715327963239,0.8773810053022032
25611,LOF,0.08606082021684341,0.04975130683220221,0.8641878729509543
25612,Neutral,0.7334422782357296,0.042622710601822406,0.22393501116244807
25613,LOF,0.09443768658889386,0.14709896335029474,0.7584633500608113
25614,LOF,0.08744651825396943,0.05608157019352404,0.8564719115525066
25615,LOF,0.0796697498745048,0.07906513827309382,0.8412651118524014
25616,LOF,0.05983763297235077,0.1359353446617353,0.8042270223659138
25617,LOF,0.08465150001154775,0.03694557484469582,0.8784029251437565
25618,LOF,0.07688250714217637,0.1628271132299974,0.7602903796278262
25619,LOF,0.09461539627034171,0.1080399973920286,0.7973446063376297
25620,LOF,0.06129992531912095,0.08202242010843858,0.8566776545724405
25621,LOF,0.06897078792763854,0.06073777084510937,0.8702914412272521
25622,LOF,0.05922379870035398,0.12963726546921966,0.8111389358304264
25623,LOF,0.16042327102162798,0.0952418821080789,0.7443348468702932
25624,LOF,0.061346937664382706,0.153550518964407,0.7851025433712102
25625,LOF,0.0619824490479087,0.10722814897178656,0.8307894019803047
25626,Neutral,0.7307100253064762,0.03494335193929576,0.234346622754228
25627,GOF,0.2800355246837374,0.513019335748868,0.20694513956739463
25628,LOF,0.12815412084344088,0.08628851516254887,0.7855573639940102
25629,Neutral,0.7394635647380653,0.05151957897147319,0.2090168562904614
25630,LOF,0.07849316113743071,0.3381388529273311,0.5833679859352382
25631,GOF,0.35470388389666474,0.389613436865834,0.25568267923750115
25632,LOF,0.016111545771409424,0.07306327282648728,0.9108251814021032
25633,LOF,0.30014347318446155,0.3363451100931937,0.3635114167223447
25634,LOF,0.10273699811624916,0.1655984991238453,0.7316645027599056
25635,LOF,0.04953563405302561,0.07041805078474887,0.8800463151622254
25636,GOF,0.00721473928004782,0.5448232291890002,0.44796203153095193
25637,LOF,0.006595439067916956,0.21854012919706597,0.774864431735017
25638,GOF,0.0066090549110482425,0.5337520218675036,0.4596389232214482
25639,LOF,0.008647918695648718,0.2902997664059874,0.7010523148983637
25640,Neutral,0.48479326120209687,0.37365317782561336,0.1415535609722897
25641,LOF,0.009262421548056954,0.27599311143373545,0.7147444670182077
25642,LOF,0.28417420132657467,0.13395608751824026,0.5818697111551849
25643,Neutral,0.5345027420146938,0.013546888112263811,0.4519503698730424
25644,GOF,0.014332314456280198,0.5817292440396447,0.4039384415040752
25645,GOF,0.007230551470457107,0.6122604260496826,0.38050902247986035
25646,GOF,0.01086495252155279,0.5238676615222047,0.46526738595624256
25647,LOF,0.009882060626974415,0.43859643342541893,0.5515215059476066
25648,LOF,0.007681505595259167,0.3545933407437154,0.6377251536610254
25649,LOF,0.00838382341326588,0.30310321744096297,0.6885129591457712
25650,GOF,0.020716917899772702,0.7223088052574282,0.25697427684279917
25651,GOF,0.006854743490135677,0.6526578938789638,0.3404873626309005
25652,LOF,0.01758345565311901,0.28027771297945603,0.702138831367425
25653,GOF,0.07203551370914514,0.5526813440076929,0.375283142283162
25654,GOF,0.00876659718480622,0.49603958139764,0.49519382141755386
25655,GOF,0.08034103568738801,0.6854541610586354,0.23420480325397655
25656,GOF,0.032825837243855724,0.5538018666723658,0.41337229608377857
25657,LOF,0.3997429011138376,0.07367191847043916,0.5265851804157232
25658,LOF,0.011390548113256908,0.3924094396802573,0.5962000122064857
25659,LOF,0.13143956499024997,0.2105085820106155,0.6580518529991346
25660,LOF,0.11582463268259545,0.13873105776819677,0.7454443095492078
25661,LOF,0.09371926387070952,0.09049907329721348,0.815781662832077
25662,LOF,0.07179769432922482,0.09478952106309214,0.833412784607683
25663,LOF,0.07019625760449379,0.08887726939649457,0.8409264729990117
25664,LOF,0.05661825504493991,0.20201560556712678,0.7413661393879333
25665,LOF,0.08815949262752956,0.19699517797701335,0.7148453293954571
25666,LOF,0.1326572908083561,0.24402064019307773,0.6233220689985662
25667,LOF,0.05334033491555509,0.07720705553683879,0.8694526095476062
25668,LOF,0.07798593649851819,0.043614844564371445,0.8783992189371104
25669,LOF,0.050160915082231125,0.09729369564260934,0.8525453892751595
25670,LOF,0.13659626918769593,0.06330700020044973,0.8000967306118544
25671,LOF,0.07188714883685483,0.16058269647062748,0.7675301546925178
25672,LOF,0.1284594002771987,0.1617412582617898,0.7097993414610114
25673,LOF,0.1583758214029599,0.19425308212042752,0.6473710964766125
25674,LOF,0.06634961893888873,0.1633215522900722,0.7703288287710391
25675,LOF,0.13502123904162716,0.11955793672365002,0.7454208242347228
25676,LOF,0.06346798376945044,0.09307053159484459,0.843461484635705
25677,LOF,0.08317240576336014,0.10247744789156893,0.8143501463450711
25678,Neutral,0.675329586758819,0.06333347656088965,0.26133693668029134
25679,LOF,0.3469285559731507,0.0773197643215918,0.5757516797052575
25680,LOF,0.10357185672964099,0.16572129345029565,0.7307068498200634
25681,LOF,0.11792076313727866,0.1408783070983559,0.7412009297643655
25682,LOF,0.07036059347189581,0.11684601313710763,0.8127933933909965
25683,LOF,0.2602003471890683,0.06050147809067962,0.6792981747202521
25684,LOF,0.10253306189771964,0.16997005609979557,0.7274968820024849
25685,LOF,0.14801434874880523,0.08472004625350721,0.7672656049976876
25686,LOF,0.011265147903172902,0.293720028989727,0.6950148231071002
25687,LOF,0.018851641819532427,0.43136032749813813,0.5497880306823295
25688,LOF,0.025301221512241585,0.33019901234290155,0.6444997661448569
25689,LOF,0.011761206745272932,0.2087254643713694,0.7795133288833577
25690,GOF,0.013960954794952811,0.5428840200201638,0.4431550251848834
25691,GOF,0.1155585530252705,0.4907671364467933,0.3936743105279362
25692,Neutral,0.8007983006508422,0.04370073708413156,0.15550096226502613
25693,GOF,0.03628281417221068,0.5585949419385285,0.40512224388926077
25694,LOF,0.45739945577194535,0.03648256977078124,0.5061179744572735
25695,LOF,0.38826854223004126,0.03015081917414864,0.5815806385958101
25696,Neutral,0.7297380237991099,0.02845757415115544,0.24180440204973458
25697,Neutral,0.7978361205071679,0.07791624910141268,0.12424763039141946
25698,GOF,0.015290943651019783,0.716431939622479,0.26827711672650123
25699,GOF,0.03530335231151951,0.6836213842936796,0.28107526339480093
25700,LOF,0.0647950780775126,0.06959537178778862,0.8656095501346988
25701,GOF,0.0066867398827121245,0.5776594018210454,0.4156538582962425
25702,GOF,0.03631268073852914,0.7238065274133505,0.23988079184812033
25703,LOF,0.021910733110257402,0.15574059772469687,0.8223486691650458
25704,LOF,0.07461292467932266,0.21223883407378197,0.7131482412468952
25705,LOF,0.10448931436983637,0.15946399192840868,0.7360466937017548
25706,GOF,0.018683830685647943,0.6988936377249251,0.28242253158942704
25707,GOF,0.01576303182856945,0.5112412248232125,0.472995743348218
25708,GOF,0.00725007907981785,0.5445105094184303,0.4482394115017519
25709,LOF,0.07645805898702683,0.1011590269598339,0.8223829140531393
25710,LOF,0.01636241272665005,0.2092013053873701,0.7744362818859799
25711,LOF,0.07906870993544136,0.1291624435617141,0.7917688465028446
25712,LOF,0.03785012260452168,0.13641001415450268,0.8257398632409757
25713,LOF,0.05985460695862652,0.1392588111607691,0.8008865818806044
25714,LOF,0.054095573101616626,0.304552570976287,0.6413518559220964
25715,LOF,0.05569612471329625,0.2797425691634351,0.6645613061232686
25716,LOF,0.016626855202327956,0.1030166267261416,0.8803565180715305
25717,LOF,0.01410794488866024,0.1292557534837769,0.856636301627563
25718,LOF,0.05877458697428156,0.13851278204955197,0.8027126309761664
25719,LOF,0.06817507971333794,0.14369020951500883,0.7881347107716531
25720,LOF,0.0641198848741424,0.17134698427913164,0.764533130846726
25721,LOF,0.05306793654364178,0.10756115183967183,0.8393709116166864
25722,LOF,0.051527245885827175,0.1254797367023962,0.8229930174117767
25723,LOF,0.07402281923909311,0.12443633807022042,0.8015408426906865
25724,LOF,0.056393304006898695,0.27971293185093815,0.6638937641421631
25725,LOF,0.13128528430118713,0.11727755999532075,0.751437155703492
25726,LOF,0.055679581627959274,0.20790902575340356,0.7364113926186372
25727,LOF,0.09604964630087057,0.0747371913454638,0.8292131623536657
25728,LOF,0.05300774157434079,0.21239390653525628,0.7345983518904029
25729,LOF,0.05972709945660481,0.16502512954450513,0.7752477709988902
25730,LOF,0.07311037238361653,0.18178956762168733,0.7451000599946962
25731,LOF,0.02338698595095818,0.06945755514736116,0.9071554589016806
25732,LOF,0.05722829335971869,0.06271279759838722,0.8800589090418941
25733,LOF,0.08041799654838641,0.2350864597936952,0.6844955436579184
25734,LOF,0.013517534869909024,0.15373502484839285,0.8327474402816982
25735,LOF,0.07324817352316969,0.08223466565796321,0.8445171608188671
25736,LOF,0.06776892859887622,0.12142978523644392,0.8108012861646798
25737,LOF,0.09245817547056347,0.0929190067322438,0.8146228177971927
25738,LOF,0.08405014600743038,0.15662221392971518,0.7593276400628544
25739,LOF,0.05664212996948257,0.14079818470744007,0.8025596853230773
25740,LOF,0.0906664870034908,0.14021279836999923,0.7691207146265099
25741,LOF,0.08157369697047533,0.12411496470382745,0.7943113383256972
25742,LOF,0.08428648735798475,0.16858244786308774,0.7471310647789274
25743,LOF,0.012073899359007203,0.09043398121340981,0.8974921194275829
25744,GOF,0.045788778873241086,0.6981640218981822,0.2560471992285767
25745,GOF,0.01000042828942639,0.6485284891733896,0.341471082537184
25746,GOF,0.007090532405688449,0.6388970235065262,0.35401244408778526
25747,LOF,0.06392135128834377,0.0737664326892356,0.8623122160224206
25748,LOF,0.2542926956032569,0.296315771588303,0.4493915328084402
25749,GOF,0.006795143719214536,0.5771507615042193,0.4160540947765662
25750,GOF,0.007981807483272462,0.5479856713429165,0.44403252117381087
25751,LOF,0.06660016723265648,0.20178228659371,0.7316175461736335
25752,GOF,0.10696817824760413,0.5221439985789401,0.37088782317345564
25753,LOF,0.012977482676510693,0.19123183864155407,0.7957906786819353
25754,GOF,0.01058119524368166,0.7910855449847058,0.19833325977161245
25755,LOF,0.0123890777908467,0.17079045184798788,0.8168204703611655
25756,LOF,0.09725843735639184,0.16756531903355376,0.7351762436100543
25757,GOF,0.010440978353271499,0.7049988530324135,0.2845601686143151
25758,GOF,0.008963719353974232,0.8152057393421019,0.17583054130392384
25759,GOF,0.005582658424278547,0.570249856241918,0.42416748533380333
25760,LOF,0.00958324052851362,0.09304690714703082,0.8973698523244555
25761,GOF,0.03623256198304487,0.811787486859446,0.15197995115750906
25762,LOF,0.1184725360179358,0.16568215548528087,0.7158453084967833
25763,LOF,0.010913333015731828,0.0913544233458105,0.8977322436384577
25764,GOF,0.08709475168571708,0.47759773728221944,0.4353075110320634
25765,GOF,0.006558008253287088,0.7209846141957904,0.2724573775509225
25766,GOF,0.023309162982578117,0.7410328929758137,0.23565794404160822
25767,GOF,0.010392254107414328,0.7484060728512602,0.24120167304132556
25768,LOF,0.04510256737682201,0.25537297190618913,0.6995244607169888
25769,LOF,0.051228250986053554,0.20296212777480951,0.745809621239137
25770,Neutral,0.7242444111663141,0.04069490315601158,0.23506068567767432
25771,LOF,0.060954152070413305,0.13248115638073665,0.8065646915488501
25772,LOF,0.0856889313213289,0.09137006558730143,0.8229410030913697
25773,LOF,0.04029826215289973,0.26083641781152594,0.6988653200355742
25774,LOF,0.09346538785055745,0.17469355779905368,0.7318410543503888
25775,LOF,0.04651069175659083,0.09486762575308628,0.858621682490323
25776,LOF,0.04954310589432757,0.10772699374515829,0.8427299003605142
25777,LOF,0.1866394714377122,0.08702928324184828,0.7263312453204396
25778,LOF,0.0658140069194922,0.122570801985415,0.8116151910950928
25779,GOF,0.10587943748922092,0.5487129138828927,0.34540764862788653
25780,GOF,0.07356423549271258,0.7568631104639413,0.1695726540433462
25781,GOF,0.06135869372506435,0.6452997421504364,0.29334156412449924
25782,GOF,0.04028110378179415,0.5277120151267269,0.43200688109147894
25783,GOF,0.10344189669840717,0.6424478745375816,0.25411022876401124
25784,GOF,0.17082212319802298,0.6710109982484261,0.15816687855355094
25785,GOF,0.19028529646680784,0.6653276805565075,0.14438702297668476
25786,GOF,0.01483928291035608,0.6490089660209776,0.33615175106866635
25787,Neutral,0.44797002140920344,0.35862279322424956,0.193407185366547
25788,LOF,0.057314209037959314,0.10540020291569234,0.8372855880463483
25789,GOF,0.03149638716808105,0.7839702776820047,0.18453333514991435
25790,GOF,0.04012245555907084,0.7313960890612478,0.22848145537968143
25791,GOF,0.032978912248068155,0.7946003078883274,0.1724207798636044
25792,GOF,0.04536434077676209,0.7679791827312656,0.18665647649197223
25793,GOF,0.05653781023665612,0.5596498246281505,0.38381236513519346
25794,GOF,0.039008232428000715,0.7607817480955427,0.20021001947645656
25795,GOF,0.0809784967039246,0.5184082660984819,0.4006132371975935
25796,GOF,0.16784902371659152,0.459651920626809,0.3724990556565994
25797,GOF,0.07134715201258858,0.5114959111527303,0.4171569368346812
25798,GOF,0.01161505321858169,0.7384667334321082,0.24991821334931
25799,GOF,0.007268928168048177,0.7451463594867171,0.2475847123452347
25800,GOF,0.03684684328471259,0.8439732414911102,0.11917991522417724
25801,GOF,0.046325233014340286,0.7836568457606711,0.17001792122498854
25802,GOF,0.05471069853614031,0.8031797791370144,0.14210952232684537
25803,GOF,0.03226628960175613,0.6558223592405418,0.31191135115770213
25804,GOF,0.0841411174391685,0.676535370964077,0.23932351159675455
25805,GOF,0.04341977555827893,0.7405207594136809,0.2160594650280401
25806,GOF,0.05300267297934696,0.7656694766389106,0.18132785038174234
25807,GOF,0.022984630964023284,0.709403618659167,0.26761175037680984
25808,GOF,0.04417755180690161,0.7709370297548489,0.18488541843824943
25809,GOF,0.014632591257514288,0.5714490531352145,0.4139183556072711
25810,GOF,0.012856356746400413,0.6334461446460157,0.353697498607584
25811,GOF,0.06615852122784009,0.7255188494000719,0.20832262937208787
25812,GOF,0.07884526193303967,0.6948682273119011,0.22628651075505923
25813,GOF,0.23520246324664312,0.5415648092916966,0.2232327274616603
25814,GOF,0.08162697028262984,0.7784637485488131,0.13990928116855722
25815,GOF,0.05912846483482303,0.7632008299001728,0.17767070526500411
25816,GOF,0.01567664918587431,0.8124037305550073,0.17191962025911833
25817,GOF,0.09628776320852,0.664434030495829,0.23927820629565086
25818,GOF,0.08771657616964437,0.5611773921857086,0.35110603164464704
25819,GOF,0.06724369689260329,0.5944219840663294,0.3383343190410674
25820,GOF,0.07932860706816369,0.6560030334998461,0.26466835943199
25821,GOF,0.06535731206651042,0.6632170461026792,0.2714256418308104
25822,GOF,0.12299526550710997,0.6259262550414157,0.2510784794514742
25823,GOF,0.0849223712098616,0.5536218491102146,0.3614557796799238
25824,GOF,0.03774173601575501,0.7923649586439346,0.1698933053403104
25825,GOF,0.0289636177705025,0.8580622686968837,0.11297411353261391
25826,GOF,0.012995418863354972,0.6824809649577582,0.3045236161788868
25827,GOF,0.011119810698518258,0.7936227478043809,0.19525744149710098
25828,GOF,0.009983901793473996,0.7232688445233061,0.26674725368322
25829,LOF,0.01140040388966684,0.10811922364280886,0.8804803724675243
25830,LOF,0.06054458933269302,0.05378894180430346,0.8856664688630035
25831,GOF,0.039688551227851435,0.759858934034964,0.20045251473718464
25832,GOF,0.015607494569162777,0.5301553380370185,0.45423716739381875
25833,GOF,0.06490522621048511,0.7607853994027872,0.17430937438672772
25834,GOF,0.014639027214370062,0.5077178747190421,0.4776430980665878
25835,GOF,0.05470264136618484,0.8063057012275631,0.13899165740625213
25836,GOF,0.015394449342347509,0.6191759913327732,0.3654295593248793
25837,GOF,0.013239176823615757,0.6820710589268756,0.3046897642495086
25838,GOF,0.036956597935824946,0.7934240383608698,0.16961936370330508
25839,GOF,0.07628419925880682,0.7033893790306304,0.22032642171056288
25840,GOF,0.11076480209402936,0.7733017971737658,0.11593340073220486
25841,GOF,0.09971178401208577,0.7101176747256565,0.19017054126225771
25842,GOF,0.06618047567142991,0.7922135564930187,0.14160596783555127
25843,GOF,0.0317599274602476,0.7753850630486044,0.19285500949114792
25844,GOF,0.03534981748704861,0.7713042720323918,0.1933459104805596
25845,GOF,0.010997684451230064,0.5806347248242306,0.4083675907245394
25846,GOF,0.08408212880459645,0.7212136031675467,0.1947042680278568
25847,GOF,0.05144687468139468,0.793949647804342,0.15460347751426332
25848,GOF,0.034098328587979884,0.7602061408325232,0.20569553057949685
25849,GOF,0.008636644982802442,0.7265305042451213,0.2648328507720761
25850,GOF,0.013494370574875209,0.6683529037619423,0.3181527256631824
25851,GOF,0.01273950366088284,0.629914143187934,0.3573463531511831
25852,GOF,0.19766161680052835,0.41225185453459895,0.3900865286648727
25853,GOF,0.07687866927971003,0.6455170289027756,0.2776043018175142
25854,GOF,0.0077259648448845825,0.6788808591413924,0.3133931760137231
25855,GOF,0.04254002635488328,0.5912432354236477,0.36621673822146916
25856,GOF,0.0751578476693347,0.7192026143054249,0.20563953802524038
25857,GOF,0.04576449819479142,0.6473475943011406,0.3068879075040679
25858,GOF,0.014137032046104385,0.5612499250516279,0.4246130429022678
25859,GOF,0.010983135481296093,0.5311027087723169,0.457914155746387
25860,GOF,0.10589748628775678,0.6603791052505069,0.2337234084617363
25861,GOF,0.05923123250153338,0.6325118783562493,0.3082568891422172
25862,GOF,0.03261521062865328,0.8473918914440225,0.11999289792732419
25863,GOF,0.03898077637173499,0.7338209518694784,0.22719827175878665
25864,GOF,0.03717937567296955,0.8395857121733382,0.12323491215369214
25865,GOF,0.03968607155011293,0.8329819895216146,0.12733193892827246
25866,GOF,0.05449812073053874,0.8866303029970354,0.05887157627242574
25867,GOF,0.42058479743523874,0.5496665874136547,0.029748615151106644
25868,GOF,0.09613503957729984,0.6943915852911577,0.20947337513154232
25869,GOF,0.28059609682736447,0.6096985357593072,0.10970536741332833
25870,LOF,0.042392055232989646,0.09701121084758299,0.8605967339194274
25871,GOF,0.007713457536238139,0.643476981678089,0.3488095607856729
25872,LOF,0.03496682170106579,0.43742763829707926,0.527605540001855
25873,GOF,0.025944138805178315,0.7758097679517617,0.19824609324306003
25874,LOF,0.06933451429917076,0.04080824241022507,0.8898572432906041
25875,GOF,0.013836629730142233,0.6301272718908221,0.3560360983790356
25876,LOF,0.041772233669788286,0.13176117537848311,0.8264665909517286
25877,GOF,0.04298744440191903,0.6883100913208295,0.2687024642772514
25878,GOF,0.03676624606423264,0.8640351931211372,0.09919856081463026
25879,LOF,0.012901059750468256,0.3772182360331516,0.6098807042163802
25880,LOF,0.08013693594838893,0.07140433975765999,0.8484587242939511
25881,Neutral,0.5755310749320917,0.2106402729565738,0.21382865211133448
25882,LOF,0.04207680793877126,0.3120502300982183,0.6458729619630104
25883,LOF,0.05563227895241097,0.1978976227757921,0.7464700982717969
25884,LOF,0.03089193504214577,0.2336141043849806,0.7354939605728736
25885,Neutral,0.49204959077554955,0.02416579703667982,0.4837846121877708
25886,Neutral,0.42908713116937275,0.20466576874725315,0.36624710008337413
25887,GOF,0.055087567982813654,0.725578182931562,0.21933424908562438
25888,LOF,0.010374079636840342,0.3327857278223006,0.6568401925408591
25889,LOF,0.09302656032669496,0.22825579504405408,0.6787176446292509
25890,LOF,0.13102227779241224,0.42249203972914806,0.4464856824784397
25891,LOF,0.2320536445780745,0.14720089276637957,0.6207454626555459
25892,LOF,0.004421879146872332,0.32642993495688044,0.6691481858962474
25893,LOF,0.219834869151506,0.11814273862098063,0.6620223922275135
25894,LOF,0.26976810153527575,0.037178539739220536,0.6930533587255037
25895,LOF,0.2350968661614517,0.06960579699727523,0.695297336841273
25896,LOF,0.09378014145579809,0.15992105449668476,0.7462988040475171
25897,LOF,0.0951684020260624,0.1162473093570613,0.7885842886168762
25898,GOF,0.04555626486160519,0.6647994577815729,0.28964427735682186
25899,LOF,0.28241334345072094,0.20118791975025063,0.5163987367990285
25900,Neutral,0.8474384789885453,0.036797835818113564,0.11576368519334117
25901,LOF,0.08528446632618394,0.06143253307115021,0.8532830006026659
25902,Neutral,0.8146846213990045,0.017326121626874733,0.16798925697412087
25903,LOF,0.12810182092021116,0.2203083444564339,0.651589834623355
25904,Neutral,0.42908713116937275,0.20466576874725315,0.36624710008337413
25905,LOF,0.00633832785025347,0.32421086519949094,0.6694508069502556
25906,LOF,0.010018075248616556,0.10144651524316678,0.8885354095082167
25907,LOF,0.007241836063876793,0.4704765354260012,0.5222816285101219
25908,LOF,0.007047809547203394,0.4240399754796456,0.5689122149731509
25909,LOF,0.057829103446110246,0.4678757360370322,0.4742951605168576
25910,LOF,0.012451954917011981,0.22670552661070772,0.7608425184722803
25911,LOF,0.09897699679738534,0.21387392726753876,0.6871490759350759
25912,LOF,0.1673869965051998,0.09096944551464327,0.7416435579801569
25913,LOF,0.007904812564492148,0.19740425987270127,0.7946909275628066
25914,LOF,0.0625757347133134,0.18451954807796644,0.7529047172087202
25915,GOF,0.04397923249059873,0.7697062559457375,0.1863145115636637
25916,LOF,0.01003130275820946,0.4927443740942437,0.4972243231475469
25917,Neutral,0.7847224516232731,0.04812594322434259,0.16715160515238417
25918,LOF,0.07407562871279016,0.06514550265442798,0.8607788686327817
25919,LOF,0.06519202255342457,0.028037530971501325,0.906770446475074
25920,LOF,0.2400616777242719,0.3367189044803785,0.42321941779534955
25921,LOF,0.023594892955945267,0.07933264923937748,0.8970724578046771
25922,LOF,0.016673550580239605,0.07795103574421439,0.905375413675546
25923,Neutral,0.42908713116937275,0.20466576874725315,0.36624710008337413
25924,LOF,0.030580512240820305,0.21582806653610281,0.7535914212230769
25925,Neutral,0.7395703992804041,0.041565691824052405,0.21886390889554336
25926,LOF,0.09955757789101605,0.2174567470691219,0.6829856750398621
25927,LOF,0.00886813906764155,0.23935816067499405,0.7517737002573645
25928,LOF,0.012354489204220888,0.051016400442574245,0.936629110353205
25929,Neutral,0.42908713116937275,0.20466576874725315,0.36624710008337413
25930,LOF,0.044552604575105154,0.23355668210120287,0.721890713323692
25931,LOF,0.010435297784692502,0.09031081721885102,0.8992538849964565
25932,LOF,0.07508966845504966,0.06314744235490898,0.8617628891900414
25933,LOF,0.07533530170437926,0.10416603258395356,0.8204986657116672
25934,LOF,0.08783245196807371,0.052905654047914544,0.8592618939840119
25935,Neutral,0.7300077605562898,0.0598682793827097,0.21012396006100048
25936,LOF,0.0797801341421153,0.045024265353494096,0.8751956005043905
25937,LOF,0.012128723848089296,0.15784054697099117,0.8300307291809196
25938,Neutral,0.7561420679895574,0.0424118058468516,0.20144612616359095
25939,LOF,0.05978547045408071,0.06471539316746902,0.8754991363784502
25940,GOF,0.008031625483636999,0.5185669129165228,0.47340146159984026
25941,LOF,0.4255525405781327,0.05087327306354291,0.5235741863583245
25942,LOF,0.017557336374086307,0.15700211552064625,0.8254405481052675
25943,LOF,0.028199665405785897,0.41540151345077453,0.5563988211434396
25944,LOF,0.023788135915123427,0.41355425742600793,0.5626576066588687
25945,LOF,0.04427757321098073,0.062249848050171315,0.893472578738848
25946,LOF,0.07838946257565857,0.1702146108960032,0.7513959265283381
25947,LOF,0.4565289358266195,0.04968778544955397,0.49378327872382644
25948,Neutral,0.8197943044431787,0.08799309497603433,0.09221260058078709
25949,Neutral,0.764495489140663,0.04827876357150355,0.18722574728783342
25950,GOF,0.057404774803975184,0.8175367542872705,0.12505847090875424
25951,GOF,0.008989374212298205,0.7185996574445442,0.2724109683431575
25952,LOF,0.11822590782804931,0.35966387980013825,0.5221102123718124
25953,GOF,0.009607029596496409,0.5141436209139378,0.47624934948956577
25954,GOF,0.05402504501503865,0.7252963829856875,0.22067857199927376
25955,GOF,0.005402760570758811,0.5587150766664918,0.43588216276274944
25956,GOF,0.009702065696614998,0.5135900608618922,0.4767078734414928
25957,LOF,0.4618845414044905,0.062451855612810026,0.4756636029826994
25958,LOF,0.06031458002551383,0.11870079984887195,0.8209846201256142
25959,LOF,0.008683227505816227,0.42286844629570414,0.5684483261984796
25960,LOF,0.010372437404621033,0.08027552395997818,0.9093520386354007
25961,LOF,0.05303529028491882,0.19173789850333242,0.7552268112117487
25962,Neutral,0.784657886937005,0.023436961259227042,0.1919051518037679
25963,LOF,0.011819265740519152,0.1320450676324087,0.8561356666270722
25964,LOF,0.08823107206862689,0.16334574378751895,0.7484231841438541
25965,LOF,0.14539331909066425,0.41564648296622686,0.4389601979431089
25966,Neutral,0.42908713116937275,0.20466576874725315,0.36624710008337413
25967,LOF,0.013160352558318293,0.10947236532651171,0.8773672821151699
25968,LOF,0.11579126196341365,0.33686727135815,0.5473414666784363
25969,LOF,0.26630828908742143,0.057170330797771986,0.6765213801148067
25970,LOF,0.02013428275024145,0.19006119739859892,0.7898045198511596
25971,LOF,0.10994797187915226,0.15220130513388366,0.737850722986964
25972,LOF,0.09690268866346609,0.1684123986071902,0.7346849127293438
25973,Neutral,0.5311255323864206,0.01217137500041082,0.45670309261316866
25974,LOF,0.06905473150664493,0.2795168272747236,0.6514284412186314
25975,LOF,0.053234326504926835,0.030121826400755614,0.9166438470943176
25976,LOF,0.0967726512845455,0.025165612661675885,0.8780617360537786
25977,LOF,0.3905905695549448,0.1322144842101473,0.4771949462349079
25978,LOF,0.19508054517534615,0.14232127138794012,0.6625981834367137
25979,LOF,0.12799843412721146,0.16069186544024056,0.711309700432548
25980,LOF,0.2046926161603918,0.3756198107666231,0.41968757307298504
25981,GOF,0.21306798111952774,0.4509173100018686,0.3360147088786036
25982,LOF,0.19788191166865834,0.27941277903028233,0.5227053093010593
25983,LOF,0.16004612014075706,0.26190545993325515,0.5780484199259878
25984,LOF,0.048249996013994934,0.25545541821288875,0.6962945857731163
25985,Neutral,0.3809044746347055,0.34637908872191764,0.2727164366433769
25986,GOF,0.015780473132506922,0.6308182109751997,0.3534013158922932
25987,LOF,0.02492539694426759,0.2630019383293651,0.7120726647263673
25988,LOF,0.042638527281019196,0.3176949494092549,0.6396665233097258
25989,LOF,0.058195922311684696,0.3698212578967636,0.5719828197915517
25990,LOF,0.06745796267803042,0.4084865850166875,0.524055452305282
25991,GOF,0.04892982758835809,0.7430495139733843,0.20802065843825784
25992,LOF,0.018166636702139204,0.3523276621531178,0.629505701144743
25993,LOF,0.05920276258753435,0.03143503477601885,0.9093622026364467
25994,LOF,0.0810967279524419,0.032107198766027335,0.8867960732815308
25995,LOF,0.05491787422996456,0.03416589579894807,0.9109162299710875
25996,GOF,0.19163225256171407,0.4602991347340156,0.3480686127042702
25997,GOF,0.05008750471985679,0.5941769782563405,0.35573551702380274
25998,LOF,0.17298378255729924,0.22461549319637442,0.6024007242463264
25999,GOF,0.020195017412387647,0.5052020326700433,0.4746029499175691
26000,LOF,0.2706575972915638,0.08012836133897318,0.649214041369463
26001,LOF,0.09354062850604797,0.13873702653329034,0.7677223449606617
26002,Neutral,0.6800326365902891,0.016093338347501034,0.30387402506220984
26003,GOF,0.007981370470267944,0.7594693573818193,0.23254927214791274
26004,GOF,0.02976959863746747,0.7746473630068256,0.195583038355707
26005,GOF,0.004766841898268418,0.7374949245917913,0.2577382335099403
26006,GOF,0.0823516957698965,0.7640156734918615,0.153632630738242
26007,GOF,0.013815634879910924,0.7274364904177051,0.2587478747023841
26008,GOF,0.012365352118942567,0.7501108877679454,0.23752376011311202
26009,GOF,0.022517673702359867,0.8765036547412407,0.10097867155639939
26010,GOF,0.008733978960703513,0.7951408827840138,0.19612513825528263
26011,GOF,0.005385551969414641,0.5093100476475331,0.4853044003830523
26012,GOF,0.006410819644142154,0.8132747167551089,0.18031446360074907
26013,LOF,0.0068934794171232865,0.43662768190067175,0.556478838682205
26014,Neutral,0.7673806602686393,0.015809767831823997,0.21680957189953673
26015,Neutral,0.5319113442121963,0.07569343161901579,0.39239522416878786
26016,LOF,0.31780781817937953,0.11589267506946938,0.566299506751151
26017,LOF,0.04398173627603131,0.393918202972965,0.5621000607510037
26018,LOF,0.04651709021444078,0.2830435467271022,0.670439363058457
26019,LOF,0.05262892902474297,0.10837783444846179,0.8389932365267954
26020,LOF,0.006581700569018288,0.29296807066302516,0.7004502287679566
26021,LOF,0.06638889387013176,0.1535848211184976,0.7800262850113707
26022,LOF,0.0776296237174662,0.09029746259069896,0.8320729136918349
26023,LOF,0.03957983205865031,0.10342943845544088,0.8569907294859088
26024,LOF,0.05021870666623315,0.16337409458724955,0.7864071987465174
26025,LOF,0.13487760239579877,0.3203007919485014,0.5448216056556998
26026,LOF,0.09067611123262194,0.2086228839483903,0.7007010048189879
26027,LOF,0.07469915810746539,0.0958741479296681,0.8294266939628666
26028,GOF,0.0431708944233433,0.5088177255322124,0.44801138004444435
26029,GOF,0.02033395077656773,0.6746276534002971,0.30503839582313524
26030,LOF,0.37904298541514586,0.06416791218427091,0.5567891024005831
26031,GOF,0.005480366014396278,0.6178679422401084,0.37665169174549534
26032,LOF,0.06478671597311818,0.12710480557200812,0.8081084784548737
26033,LOF,0.06397317179429307,0.16328148386063868,0.7727453443450683
26034,GOF,0.007620582378228074,0.5568715755839563,0.43550784203781573
26035,GOF,0.006488548590379418,0.5804440749656266,0.41306737644399394
26036,LOF,0.006368026611994646,0.28570724818340965,0.7079247252045956
26037,LOF,0.006320579602018575,0.3569860147805214,0.6366934056174601
26038,LOF,0.054412447375827185,0.09675421044973986,0.848833342174433
26039,GOF,0.02070418502319595,0.5845349789097655,0.39476083606703866
26040,LOF,0.05054602067518326,0.1154085870337603,0.8340453922910565
26041,LOF,0.009053861190436493,0.33821152352369177,0.6527346152858717
26042,LOF,0.008279946958375804,0.36636143648644837,0.6253586165551758
26043,LOF,0.04384744982714598,0.2508604563557812,0.7052920938170728
26044,LOF,0.008321987251024418,0.2708372563506727,0.7208407563983029
26045,GOF,0.0290653574748525,0.8432338628621776,0.12770077966296994
26046,LOF,0.03654216169532099,0.2693711602286013,0.6940866780760776
26047,LOF,0.10295139107989085,0.154636427465226,0.7424121814548831
26048,LOF,0.08747053052060302,0.10767166250911799,0.8048578069702791
26049,Neutral,0.8677648962428743,0.073629867473574,0.05860523628355176
26050,Neutral,0.8629168939440488,0.06020984876983787,0.07687325728611327
26051,LOF,0.011359996533542083,0.4585841965911705,0.5300558068752873
26052,LOF,0.014159564775841293,0.28224825252084595,0.7035921827033127
26053,LOF,0.024583049743834583,0.09125327752692868,0.8841636727292367
26054,Neutral,0.7561420679895574,0.0424118058468516,0.20144612616359095
26055,LOF,0.09869438021895643,0.16749849240417644,0.7338071273768672
26056,LOF,0.09918643285504225,0.18622135586244537,0.7145922112825124
26057,LOF,0.0872098537084464,0.03867935863330599,0.8741107876582476
26058,LOF,0.0918237901363683,0.037469218907994165,0.8707069909556376
26059,Neutral,0.8682823045858844,0.04733164690516765,0.08438604850894807
26060,LOF,0.033740368183272425,0.2942974757160289,0.6719621561006988
26061,LOF,0.019677193868953797,0.03249152755778604,0.9478312785732602
26062,LOF,0.01116559447775668,0.07211026678736786,0.9167241387348756
26063,LOF,0.06770524985270904,0.02926923041223936,0.9030255197350515
26064,LOF,0.01787742356839174,0.04563263771258967,0.9364899387190185
26065,LOF,0.04845637719637477,0.050650707153364845,0.9008929156502603
26066,LOF,0.08701836022084579,0.04978744140092222,0.8631941983782321
26067,LOF,0.08830082051109456,0.09115364339870541,0.8205455360902
26068,Neutral,0.7546255844031063,0.05407398767280746,0.1913004279240862
26069,LOF,0.09207809779218426,0.17157878365099002,0.7363431185568258
26070,LOF,0.11919489403264419,0.17229646219815917,0.7085086437691965
26071,LOF,0.06489205350623455,0.05313912291741876,0.8819688235763468
26072,LOF,0.014782773721007333,0.04148447701480338,0.9437327492641893
26073,LOF,0.07486029346911541,0.06423597289619624,0.8609037336346883
26074,Neutral,0.8542524793922048,0.0440789822732436,0.10166853833455172
26075,LOF,0.12177510321030936,0.18103354954103942,0.6971913472486512
26076,LOF,0.07492209352644752,0.08342893088005213,0.8416489755935004
26077,LOF,0.2721628243837791,0.057238944531696256,0.6705982310845247
26078,LOF,0.011242983328743602,0.06044694074618722,0.9283100759250692
26079,Neutral,0.7590152475229144,0.055956182319897116,0.18502857015718863
26080,Neutral,0.7590152475229144,0.055956182319897116,0.18502857015718863
26081,LOF,0.06334724800044814,0.048714538107261854,0.88793821389229
26082,LOF,0.012484652287165353,0.14455896513423136,0.8429563825786033
26083,LOF,0.05565002123559883,0.17685479058071685,0.7674951881836842
26084,LOF,0.0712402703421704,0.13820970000348667,0.790550029654343
26085,LOF,0.06052329273497411,0.17109793327731845,0.7683787739877075
26086,LOF,0.045765009672626616,0.14840670698507508,0.8058282833422984
26087,LOF,0.0604442394388941,0.1396174525837168,0.7999383079773891
26088,LOF,0.01308164963104709,0.15722435236990331,0.8296939979990496
26089,LOF,0.09505834073669024,0.18947248236068062,0.7154691769026291
26090,LOF,0.10857784423323938,0.20379044506983462,0.6876317106969261
26091,LOF,0.07062401472848735,0.06482173899945083,0.8645542462720619
26092,LOF,0.05896802105881067,0.05377229149393264,0.8872596874472567
26093,LOF,0.06781290771807676,0.04801217091222436,0.884174921369699
26094,LOF,0.07198551873512443,0.08248004613097278,0.8455344351339029
26095,LOF,0.028362885546833496,0.10018419395505426,0.8714529204981123
26096,LOF,0.4400193190724189,0.023500770983958672,0.5364799099436225
26097,LOF,0.01249286505983445,0.05662021258542725,0.9308869223547384
26098,Neutral,0.7489072527951762,0.0423429646929799,0.20874978251184403
26099,LOF,0.04531862450282499,0.17594705625457124,0.7787343192426037
26100,LOF,0.04531862450282499,0.17594705625457124,0.7787343192426037
26101,LOF,0.05228042224760238,0.13510061838849857,0.8126189593638989
26102,LOF,0.0629275336684794,0.08479441771867642,0.8522780486128442
26103,Neutral,0.42908713116937275,0.20466576874725315,0.36624710008337413
26104,Neutral,0.76034801163087,0.07068659382328135,0.1689653945458487
26105,LOF,0.3159692208239835,0.08634854134608046,0.597682237829936
26106,LOF,0.2942142633364115,0.21032233281352214,0.4954634038500663
26107,LOF,0.009412761811689001,0.3794023476809589,0.6111848905073521
26108,LOF,0.15897657440367155,0.24601523559621408,0.5950081900001144
26109,LOF,0.0577144204458691,0.25748937581378867,0.6847962037403422
26110,Neutral,0.7455804488515977,0.02636543748156238,0.2280541136668399
26111,LOF,0.02427051018599154,0.2315510369637158,0.7441784528502927
26112,LOF,0.08567962797477215,0.041291018536372626,0.8730293534888554
26113,LOF,0.05852572265857351,0.06204266505517695,0.8794316122862496
26114,LOF,0.12231311355081188,0.19088941907956877,0.6867974673696193
26115,GOF,0.009714184148137983,0.6353067378711776,0.35497907798068457
26116,LOF,0.0979582434705991,0.29129075001819293,0.610751006511208
26117,Neutral,0.42908713116937275,0.20466576874725315,0.36624710008337413
26118,LOF,0.058614222557373315,0.0740659372290062,0.8673198402136204
26119,LOF,0.006325793023041171,0.137964327075537,0.8557098799014218
26120,LOF,0.06857498328006434,0.047109075612113124,0.8843159411078225
26121,LOF,0.007035187487008668,0.17251332271972578,0.8204514897932655
26122,LOF,0.005225288098940152,0.2792585528755137,0.7155161590255461
