feature0,prediction,LoGoFunc_Neutral,LoGoFunc_GOF,LoGoFunc_LOF
25546,Neutral,0.7525867110991055,0.0317395361409798,0.2156737527599148
25547,Neutral,0.5864145626555873,0.07316893794350676,0.3404164994009059
25548,Neutral,0.623703430353138,0.05694605758104639,0.3193505120658156
25549,Neutral,0.5306993770380551,0.05554025623205716,0.41376036672988775
25550,LOF,0.3689280926676865,0.1029512405657027,0.5281206667666107
25551,LOF,0.2912303833530983,0.10993579297332012,0.5988338236735816
25552,LOF,0.21527885511715997,0.10706779986558017,0.6776533450172599
25553,Neutral,0.8565321272197658,0.024201792361262096,0.11926608041897219
25554,LOF,0.2455002190664532,0.1023592900562713,0.6521404908772754
25555,LOF,0.2054974100480935,0.09111727276951688,0.7033853171823896
25556,LOF,0.4431527455565714,0.09115409580003102,0.46569315864339755
25557,LOF,0.1973359738844697,0.09554527775301992,0.7071187483625103
25558,LOF,0.23321906918594,0.10288110025077175,0.6638998305632883
25559,LOF,0.37660741376825313,0.1184052339759118,0.504987352255835
25560,LOF,0.05425632140026376,0.11710994718808786,0.8286337314116484
25561,LOF,0.11459118037545785,0.1125377742553699,0.7728710453691723
25562,LOF,0.08126538299751264,0.06887088967203349,0.8498637273304538
25563,LOF,0.10901720244111902,0.06648649452137413,0.8244963030375068
25564,LOF,0.2549261092439572,0.10507911026331707,0.6399947804927257
25565,LOF,0.1400712201382903,0.1357776146302362,0.7241511652314735
25566,GOF,0.013997867009262052,0.7990422834643125,0.18695984952642555
25567,LOF,0.020117548459788363,0.179542616480848,0.8003398350593636
25568,LOF,0.04897167749908436,0.06945235839202112,0.8815759641088945
25569,LOF,0.05740449521042248,0.07207746541770221,0.8705180393718753
25570,LOF,0.05586511277355688,0.10607248881245719,0.838062398413986
25571,LOF,0.050236458411405296,0.09813437076807865,0.8516291708205159
25572,LOF,0.06752053068039038,0.12423254093217721,0.8082469283874325
25573,LOF,0.03507859694642496,0.10066534312911173,0.8642560599244633
25574,LOF,0.021863930212609968,0.15715505401500734,0.8209810157723827
25575,LOF,0.04373586067046885,0.1126156690413391,0.8436484702881921
25576,LOF,0.018799740800229187,0.13180048399191624,0.8493997752078546
25577,LOF,0.01689160600669726,0.1295751389012316,0.8535332550920711
25578,LOF,0.2952479745591885,0.08622060850802593,0.6185314169327856
25579,LOF,0.15776677278094303,0.1001938943472271,0.7420393328718299
25580,LOF,0.029494273482634704,0.08264941860859157,0.8878563079087738
25581,LOF,0.049941238981105016,0.07264700445069162,0.8774117565682034
25582,LOF,0.04950972773611694,0.0713671974282818,0.8791230748356014
25583,LOF,0.03611114210632289,0.09794315996475464,0.8659456979289225
25584,Neutral,0.48649292643618997,0.11015854286234845,0.40334853070146165
25585,LOF,0.02199987617914985,0.129676701505542,0.8483234223153081
25586,LOF,0.02814278636815622,0.07426351829573603,0.8975936953361078
25587,LOF,0.028424034917291053,0.06972448996626811,0.9018514751164408
25588,LOF,0.029711485031307557,0.08791759994207402,0.8823709150266186
25589,Neutral,0.6271653782817957,0.12486315117509127,0.24797147054311303
25590,LOF,0.033841620589975946,0.13543728220728,0.8307210972027441
25591,LOF,0.09186510790254207,0.06453639594934178,0.8435984961481161
25592,LOF,0.088299208329904,0.13466822063680706,0.777032571033289
25593,LOF,0.03707624352883448,0.2638104238356964,0.699113332635469
25594,LOF,0.044976298297046836,0.1736840302033454,0.7813396714996077
25595,LOF,0.05794007331739445,0.1194811351932079,0.8225787914893976
25596,LOF,0.05175316326645694,0.09149405924121785,0.8567527774923251
25597,LOF,0.037724497568935665,0.09066343060654188,0.8716120718245224
25598,LOF,0.052580006580162354,0.11659110204637839,0.8308288913734593
25599,GOF,0.008275057523042185,0.6152667139177753,0.3764582285591825
25600,GOF,0.014945294754820477,0.593790955004934,0.39126375024024557
25601,LOF,0.010477661744369482,0.4387484896756472,0.5507738485799833
25602,LOF,0.02710612892493681,0.04982893813582316,0.9230649329392401
25603,LOF,0.05440947767649353,0.024265146758251876,0.9213253755652546
25604,LOF,0.034314827552266794,0.0537081619514943,0.911977010496239
25605,LOF,0.009618737520170494,0.2286024397014124,0.7617788227784171
25606,LOF,0.07967163757505727,0.3891149262441227,0.5312134361808201
25607,LOF,0.006489934599617352,0.19068114266969968,0.802828922730683
25608,LOF,0.016972446107426643,0.10292069000898697,0.8801068638835864
25609,LOF,0.04944525096586164,0.44305562371435503,0.5074991253197834
25610,LOF,0.031607918642396315,0.028303090509299113,0.9400889908483046
25611,LOF,0.03865548213036291,0.026277363081379488,0.9350671547882576
25612,LOF,0.10066616645867771,0.044165142219255146,0.8551686913220673
25613,LOF,0.08039764897077144,0.0460935698733306,0.8735087811558979
25614,LOF,0.026497543450219353,0.03532438199561279,0.9381780745541679
25615,LOF,0.03565055552104949,0.049777397499308255,0.9145720469796423
25616,LOF,0.025069344645072173,0.03748085594126843,0.9374497994136594
25617,LOF,0.025336870744743348,0.041892369569738956,0.9327707596855177
25618,LOF,0.13860027369147523,0.033255310929431535,0.8281444153790932
25619,LOF,0.027060590669225452,0.035521150200326826,0.9374182591304477
25620,LOF,0.032371616128262094,0.043955261764987826,0.92367312210675
25621,LOF,0.028444121532929235,0.030750505310557737,0.9408053731565131
25622,LOF,0.032749874052668326,0.03783794516065568,0.9294121807866761
25623,LOF,0.047749452236559554,0.03191201111137994,0.9203385366520604
25624,LOF,0.023931188587169853,0.044294826128995914,0.9317739852838343
25625,LOF,0.03480022961131239,0.04884960208130702,0.9163501683073807
25626,LOF,0.07631618333354452,0.04164997034888361,0.882033846317572
25627,Neutral,0.5341275388419198,0.11231977806868085,0.35355268308939936
25628,LOF,0.20536914965685274,0.05230079649948604,0.7423300538436612
25629,LOF,0.062241322372879895,0.06748144530436741,0.8702772323227527
25630,LOF,0.18871688408982168,0.07992928612538404,0.7313538297847942
25631,Neutral,0.6033546697109797,0.05709068396384825,0.3395546463251719
25632,LOF,0.011925318495763977,0.10417451219034296,0.883900169313893
25633,LOF,0.11110421066123763,0.08356760920625439,0.8053281801325081
25634,LOF,0.03225862488433676,0.11206207515025303,0.8556792999654103
25635,LOF,0.03427566043884053,0.08133784677300276,0.8843864927881567
25636,GOF,0.004000069815975502,0.6325771074867159,0.3634228226973086
25637,GOF,0.003818842071376132,0.6628754346756496,0.3333057232529742
25638,LOF,0.006838894664445992,0.3960495675968445,0.5971115377387095
25639,GOF,0.0037875767116863656,0.5152616783690727,0.48095074491924095
25640,GOF,0.45933999618260046,0.47703390669492945,0.0636260971224701
25641,LOF,0.00725474575743901,0.3544464428250923,0.6382988114174688
25642,LOF,0.2169275808134928,0.08518236070682254,0.6978900584796847
25643,LOF,0.25833793644039454,0.18974535810691567,0.5519167054526898
25644,GOF,0.014253790056684987,0.5580546479696665,0.4276915619736485
25645,LOF,0.011719391084051256,0.4859669118123593,0.5023136971035894
25646,LOF,0.017723946519091035,0.35915957194918213,0.6231164815317269
25647,LOF,0.013723935975025893,0.3017871637360623,0.6844889002889117
25648,LOF,0.013144975821039703,0.31530604363243464,0.6715489805465256
25649,LOF,0.011145351656786312,0.22899598883193026,0.7598586595112835
25650,GOF,0.026213312743437654,0.49649003183552004,0.4772966554210424
25651,LOF,0.008530710825661241,0.30363707177274774,0.6878322174015911
25652,LOF,0.013043631031733815,0.2844715396351521,0.7024848293331141
25653,LOF,0.050106772295025685,0.3832193557319376,0.5666738719730368
25654,LOF,0.015096833404043077,0.1675784094979989,0.8173247570979582
25655,LOF,0.07786276633790262,0.43247307180200945,0.489664161860088
25656,LOF,0.10814070710137319,0.07363234986317853,0.8182269430354483
25657,LOF,0.329076584561116,0.031039301404221436,0.6398841140346626
25658,LOF,0.05322896801448303,0.08594665073853942,0.8608243812469776
25659,LOF,0.3557464103966517,0.06198441964312735,0.5822691699602209
25660,LOF,0.06922381125656508,0.09771152883732036,0.8330646599061146
25661,LOF,0.047043066827628294,0.0751331990229986,0.8778237341493732
25662,LOF,0.027171158780528906,0.04871721078337783,0.9241116304360933
25663,LOF,0.03531675843327177,0.07341669409693698,0.8912665474697913
25664,LOF,0.04387748989976659,0.0824699517547843,0.8736525583454491
25665,LOF,0.0563981236585181,0.04789176257113795,0.895710113770344
25666,LOF,0.03723296415304855,0.12129947736179668,0.8414675584851548
25667,LOF,0.03215945531661536,0.055438696367734984,0.9124018483156497
25668,LOF,0.03081167293499949,0.057582510066167915,0.9116058169988326
25669,LOF,0.040790474994444784,0.08225770938465372,0.8769518156209015
25670,LOF,0.07221395310998718,0.09237969421674466,0.8354063526732682
25671,LOF,0.040564026556100016,0.046898925397517756,0.9125370480463824
25672,LOF,0.0596364917679352,0.07058625622793221,0.8697772520041326
25673,LOF,0.04320314047694528,0.07076315294849037,0.8860337065745644
25674,LOF,0.03987882307296569,0.07330260862632289,0.8868185683007115
25675,LOF,0.05024365857438887,0.06102791212868541,0.8887284292969257
25676,LOF,0.03297479562359991,0.060562020036788546,0.9064631843396116
25677,LOF,0.06308703524942703,0.07002733068304784,0.8668856340675251
25678,LOF,0.28152694332063355,0.03678619659980261,0.6816868600795638
25679,LOF,0.19659110065536153,0.06444971926259059,0.7389591800820479
25680,LOF,0.05994909533573213,0.10093877767932476,0.8391121269849432
25681,LOF,0.10922475492210726,0.09390818774755594,0.7968670573303368
25682,LOF,0.045047804197957765,0.0821260541937877,0.8728261416082546
25683,LOF,0.11038322706805537,0.07963822317859863,0.809978549753346
25684,LOF,0.05692664740492738,0.08196624175054468,0.8611071108445278
25685,LOF,0.10860257519406437,0.03517897021912125,0.8562184545868142
25686,LOF,0.03653505946093178,0.09065043432387518,0.8728145062151931
25687,LOF,0.04858555760360711,0.07805092347059805,0.8733635189257949
25688,LOF,0.02888343679500202,0.08076304994290724,0.8903535132620907
25689,LOF,0.01987362850231484,0.06929916887942418,0.9108272026182609
25690,LOF,0.021428921192665595,0.08243355557034567,0.8961375232369887
25691,LOF,0.2167241729247827,0.11789699748245283,0.6653788295927644
25692,LOF,0.3200227300975381,0.009032080366373953,0.670945189536088
25693,LOF,0.09746435949911172,0.14662658895999917,0.755909051540889
25694,LOF,0.23577519748288417,0.018218831974000208,0.7460059705431157
25695,LOF,0.1577713295593506,0.022303937570734428,0.8199247328699149
25696,LOF,0.15425376403753438,0.009584254966187485,0.8361619809962781
25697,LOF,0.12953796814426022,0.02940980990832074,0.8410522219474191
25698,LOF,0.036554726432354405,0.3770949555083241,0.5863503180593215
25699,LOF,0.06289661355655306,0.08454777237390276,0.8525556140695442
25700,LOF,0.032308815571468544,0.010628900630993874,0.9570622837975374
25701,LOF,0.014989983018782061,0.06973128756444119,0.9152787294167768
25702,GOF,0.034946714166323306,0.7614931289451456,0.20356015688853107
25703,LOF,0.015309351899919471,0.2037629170284334,0.7809277310716471
25704,LOF,0.10231697223805543,0.15119939159980322,0.7464836361621412
25705,LOF,0.05759750524095801,0.25129475851355987,0.691107736245482
25706,GOF,0.05131975009707517,0.626913858871668,0.3217663910312568
25707,GOF,0.030105147822890095,0.554068076734909,0.41582677544220087
25708,LOF,0.008930620939464791,0.4782331081952153,0.5128362708653199
25709,LOF,0.018461092770609172,0.06474956674693766,0.9167893404824531
25710,LOF,0.009704966431681276,0.16983158752103636,0.8204634460472823
25711,LOF,0.020592215024408875,0.13003087900819899,0.849376905967392
25712,LOF,0.009284697164875889,0.23370908100029444,0.7570062218348297
25713,LOF,0.0177216917739414,0.1131321018214496,0.8691462064046089
25714,LOF,0.01988511184450139,0.15144916557696592,0.8286657225785328
25715,LOF,0.018601069423961166,0.12119575897519447,0.8602031716008444
25716,LOF,0.009866547055612176,0.13688251028676512,0.8532509426576227
25717,LOF,0.006236812543720103,0.13419564884941662,0.8595675386068632
25718,LOF,0.017490845950478454,0.07536986736641149,0.9071392866831102
25719,LOF,0.03234428442276211,0.08510569260028811,0.8825500229769498
25720,LOF,0.02167409484033912,0.09104572386769234,0.8872801812919684
25721,LOF,0.022202053474066195,0.09619790827074085,0.881600038255193
25722,LOF,0.01719235907088998,0.1262760329157547,0.8565316080133553
25723,LOF,0.021543525287133186,0.06736655675924404,0.9110899179536228
25724,LOF,0.03306903710217328,0.10682228167480125,0.8601086812230255
25725,LOF,0.021269600072521964,0.06440818242853591,0.914322217498942
25726,LOF,0.015379139354268198,0.10146306290652571,0.883157797739206
25727,LOF,0.020345280576342443,0.08940615723094843,0.890248562192709
25728,LOF,0.017679408924074505,0.1030706694058066,0.8792499216701188
25729,LOF,0.018364283625992215,0.10489365852840699,0.8767420578456008
25730,LOF,0.01930278719546184,0.08263045006434233,0.8980667627401958
25731,LOF,0.010407069400737106,0.1916016943680361,0.7979912362312268
25732,LOF,0.017782832442822874,0.09515395596595436,0.8870632115912228
25733,LOF,0.028178277433464353,0.08592483133650519,0.8858968912300303
25734,LOF,0.007378782086041273,0.21905046809113138,0.7735707498228273
25735,LOF,0.023727467627932625,0.07650939774315002,0.8997631346289174
25736,LOF,0.02202920829299692,0.1271433667786446,0.8508274249283585
25737,LOF,0.043622142844128804,0.09155040832872181,0.8648274488271493
25738,LOF,0.020088516770142506,0.15152715152266277,0.8283843317071947
25739,LOF,0.021429649551049555,0.14047423155829164,0.8380961188906588
25740,LOF,0.05204511398030597,0.14273801664143684,0.8052168693782572
25741,LOF,0.026814143763195783,0.12051465078665509,0.8526712054501492
25742,LOF,0.03671496055674514,0.13730600523047823,0.8259790342127765
25743,LOF,0.013462432071030114,0.04174369338695393,0.944793874542016
25744,LOF,0.1535759169230405,0.4213808394242366,0.42504324365272295
25745,LOF,0.022519993029658222,0.07002969042904265,0.907450316541299
25746,LOF,0.011847610303577547,0.08992743763044168,0.8982249520659807
25747,LOF,0.034682084587766136,0.03492597683726648,0.9303919385749674
25748,LOF,0.21381944838644548,0.055037076247615675,0.7311434753659388
25749,LOF,0.014193206012032469,0.052070441459993656,0.9337363525279738
25750,LOF,0.01568024797922448,0.08208357751610963,0.9022361745046659
25751,LOF,0.03735168302196779,0.070570149931771,0.8920781670462612
25752,GOF,0.08776218097506612,0.6961474027650698,0.21609041625986405
25753,LOF,0.007939665839988525,0.3806072113899218,0.6114531227700896
25754,GOF,0.005297944619706682,0.870748913650327,0.12395314172996626
25755,LOF,0.010832127114918327,0.45021976577389555,0.5389481071111861
25756,LOF,0.04882534260520294,0.4740741064119728,0.47710055098282417
25757,GOF,0.006959106854341572,0.8751341775696632,0.11790671557599526
25758,GOF,0.00944215223561743,0.8825987576424313,0.10795909012195104
25759,GOF,0.005072752201582195,0.5883386356413102,0.40658861215710773
25760,LOF,0.008092777491954958,0.3145074964502542,0.6773997260577909
25761,GOF,0.04695689162828319,0.8443238923391984,0.10871921603251833
25762,LOF,0.027257021312536944,0.40748796864137127,0.5652550100460918
25763,LOF,0.009623691267389642,0.2680409705317067,0.7223353382009036
25764,GOF,0.10578557607651047,0.6192273491553444,0.2749870747681451
25765,GOF,0.007895291788601641,0.8584731867433159,0.1336315214680824
25766,GOF,0.030703370975231768,0.8085815043152753,0.16071512470949303
25767,GOF,0.015048410142448652,0.5542889820003446,0.4306626078572067
25768,LOF,0.036899130938487804,0.08507241434737209,0.87802845471414
25769,LOF,0.022485972238587497,0.07555304933418006,0.9019609784272324
25770,LOF,0.1450079576582235,0.07067219418295158,0.7843198481588248
25771,LOF,0.015010983528533122,0.0792706289101514,0.9057183875613154
25772,LOF,0.024224017969159933,0.030559999133850966,0.945215982896989
25773,LOF,0.01410251048779514,0.06960829608204805,0.9162891934301568
25774,LOF,0.026204022635236083,0.10292733907066313,0.8708686382941008
25775,LOF,0.020764070537847856,0.04085390298222615,0.9383820264799261
25776,LOF,0.026225378747548538,0.026953401712981724,0.9468212195394696
25777,LOF,0.1819922857387699,0.07670680229011347,0.7413009119711167
25778,LOF,0.02000275091208324,0.054715703209208336,0.9252815458787084
25779,GOF,0.04439533279566924,0.9000110676047165,0.055593599599614456
25780,GOF,0.07061078360112479,0.8839237214201004,0.04546549497877479
25781,GOF,0.02616607323715603,0.8860572436389035,0.08777668312394046
25782,GOF,0.03299097899688025,0.9023324435325001,0.06467657747061964
25783,GOF,0.019827832194986298,0.7867672971068113,0.19340487069820256
25784,GOF,0.11298015279825459,0.8576189129578737,0.029400934243871683
25785,GOF,0.06668738115652591,0.8923995321903211,0.040913086653153116
25786,GOF,0.00563678788354267,0.8410218656732237,0.1533413464432336
25787,GOF,0.17846473363887988,0.7911229142992267,0.030412352061893515
25788,LOF,0.0152064551266719,0.21033866557436964,0.7744548792989584
25789,GOF,0.01872133312775571,0.874041389458387,0.10723727741385722
25790,GOF,0.021592687959848186,0.8852863603130203,0.0931209517271316
25791,GOF,0.015556882774052061,0.8378019661496786,0.1466411510762694
25792,GOF,0.024360445244960185,0.8473622600114441,0.12827729474359587
25793,GOF,0.08645026875151547,0.8378957665513296,0.07565396469715507
25794,GOF,0.07354205684978515,0.7604776219458662,0.16598032120434858
25795,GOF,0.04051587704801508,0.7922322161858467,0.16725190676613827
25796,GOF,0.0833191191059285,0.8241186694436741,0.09256221145039753
25797,GOF,0.03421281500486424,0.7396374673451198,0.22614971765001593
25798,GOF,0.002892992778985947,0.6796384188934663,0.3174685883275477
25799,GOF,0.0032470902156442453,0.5658908330004496,0.4308620767839061
25800,GOF,0.013080192024419275,0.770652500201138,0.21626730777444275
25801,GOF,0.017665395314693303,0.8877892320410381,0.09454537264426853
25802,GOF,0.02368807979185443,0.8303955474878826,0.14591637272026314
25803,GOF,0.012592264173706355,0.7300011390581057,0.257406596768188
25804,GOF,0.014559070904744183,0.6502557587174213,0.3351851703778345
25805,GOF,0.025739556630151168,0.7295574518038925,0.2447029915659563
25806,GOF,0.021798916987930853,0.7868001292454064,0.19140095376666272
25807,GOF,0.0053988774822010125,0.7574393985627953,0.23716172395500365
25808,GOF,0.014612205735535122,0.7723044649985557,0.21308332926590925
25809,GOF,0.006322009968130608,0.753254058770619,0.24042393126125047
25810,GOF,0.005292165101378296,0.7525696625566055,0.24213817234201626
25811,GOF,0.04770764746241211,0.8767911722236706,0.07550118031391735
25812,GOF,0.017681379829678583,0.762805302023309,0.21951331814701225
25813,GOF,0.10134400690464265,0.811177686580571,0.08747830651478641
25814,GOF,0.024848122423564867,0.8042140653082583,0.1709378122681769
25815,GOF,0.04098170506642766,0.8399746312412711,0.11904366369230109
25816,GOF,0.00775199998294323,0.861500531673076,0.13074746834398063
25817,GOF,0.10024553312243592,0.8013926656032799,0.0983618012742841
25818,GOF,0.026084900519594566,0.8289630185971428,0.14495208088326247
25819,GOF,0.06836402693336407,0.7803264367681992,0.15130953629843677
25820,GOF,0.03375231016837695,0.7775329750235705,0.18871471480805246
25821,GOF,0.019684428296369946,0.7701324624314235,0.2101831092722066
25822,GOF,0.03820844273262921,0.7952841515391154,0.1665074057282554
25823,GOF,0.015204949405514973,0.6723774016215486,0.3124176489729365
25824,GOF,0.029134470949882967,0.779013362020025,0.19185216703009192
25825,GOF,0.01719787206168738,0.7640292214897105,0.21877290644860192
25826,GOF,0.005749681666578575,0.7363251403055276,0.2579251780278938
25827,GOF,0.007569344197415536,0.7126008588943867,0.2798297969081978
25828,GOF,0.005527191472640251,0.6834979158950919,0.310974892632268
25829,GOF,0.002898680592504418,0.7251283464065797,0.2719729730009159
25830,GOF,0.03757569235803989,0.5435386935257263,0.4188856141162337
25831,GOF,0.046559987553864514,0.8359714485212065,0.11746856392492892
25832,GOF,0.009066280553584058,0.8131203490191024,0.17781337042731357
25833,GOF,0.03705729248466664,0.855020834417529,0.10792187309780439
25834,GOF,0.008795155823828078,0.8278245903610982,0.1633802538150735
25835,GOF,0.01813940945273308,0.8634044879195877,0.11845610262767914
25836,GOF,0.006766194836851713,0.830743417182894,0.16249038798025423
25837,GOF,0.007173851751552455,0.7358461583887469,0.2569799898597005
25838,GOF,0.024099553223138614,0.8767436325739678,0.09915681420289352
25839,GOF,0.041735928866081795,0.8635811907193275,0.09468288041459065
25840,GOF,0.07020814785018227,0.8455967024869095,0.08419514966290825
25841,GOF,0.0640374846526814,0.86043436272147,0.07552815262584862
25842,GOF,0.024572162172540223,0.900115566090754,0.07531227173670589
25843,GOF,0.026791496425780614,0.9053310490598768,0.06787745451434264
25844,GOF,0.0180924607923079,0.8646428626960351,0.11726467651165705
25845,GOF,0.005939418379349002,0.6789237875699335,0.31513679405071743
25846,GOF,0.04036876388301305,0.8750211314881452,0.0846101046288417
25847,GOF,0.02008437159520101,0.9113488624842986,0.06856676592050032
25848,GOF,0.01713175176831811,0.8756156794259701,0.10725256880571189
25849,GOF,0.004961939372832036,0.7703802380117026,0.2246578226154655
25850,GOF,0.006368414699666436,0.7761250669317898,0.2175065183685437
25851,GOF,0.0056884589899055685,0.6647432981510817,0.3295682428590127
25852,GOF,0.1297604752453129,0.6309767013832296,0.23926282337145746
25853,GOF,0.07704181121078096,0.8428869840111589,0.08007120477806019
25854,GOF,0.0053062777178376165,0.7165872199279322,0.2781065023542302
25855,GOF,0.01662064866662983,0.6608965488953892,0.322482802437981
25856,GOF,0.04308165544497285,0.8018169630993331,0.15510138145569408
25857,GOF,0.014859389601326104,0.6517832468667077,0.3333573635319662
25858,GOF,0.008919427962622765,0.6689076202014481,0.3221729518359292
25859,GOF,0.006113342097751693,0.6325463700365255,0.36134028786572286
25860,GOF,0.08605601697086777,0.8188980664262332,0.09504591660289896
25861,GOF,0.08400744871399053,0.8292381520727073,0.08675439921330211
25862,GOF,0.02328101457650508,0.875058754788713,0.10166023063478205
25863,GOF,0.022946418835817318,0.8864008129691971,0.09065276819498551
25864,GOF,0.04541408298779254,0.8905003302151278,0.06408558679707986
25865,GOF,0.032947922228114275,0.8604832625215411,0.10656881525034473
25866,GOF,0.030022918154859156,0.8734557524039662,0.09652132944117472
25867,GOF,0.03719042084504265,0.8881505181048176,0.07465906105013989
25868,GOF,0.06039784080375105,0.8544712679454375,0.0851308912508114
25869,GOF,0.3561585234314907,0.5891524852414243,0.05468899132708497
25870,GOF,0.07182139571225198,0.7054805496416351,0.2226980546461129
25871,GOF,0.011344358810538118,0.8998414139970392,0.08881422719242257
25872,GOF,0.022407012551116656,0.8854860483113107,0.09210693913757259
25873,GOF,0.02291560337701244,0.904436757759283,0.07264763886370451
25874,LOF,0.016591841520424696,0.23500627983170821,0.7484018786478671
25875,LOF,0.047570012513863856,0.049702263828628086,0.9027277236575081
25876,LOF,0.01945689079328962,0.042701979080432086,0.9378411301262783
25877,LOF,0.13224614551336344,0.09609071735990003,0.7716631371267366
25878,LOF,0.07377531421056534,0.12961370847778636,0.7966109773116483
25879,LOF,0.030500580911994448,0.08699159088624249,0.8825078282017631
25880,LOF,0.05608096909242424,0.012855443015261793,0.9310635878923139
25881,Neutral,0.5075083653471403,0.07169514306706741,0.42079649158579235
25882,LOF,0.04938755916355027,0.03417920738232192,0.9164332334541277
25883,LOF,0.027218089950143756,0.025908192349442888,0.9468737177004134
25884,LOF,0.02716804582178487,0.049584460411504314,0.9232474937667109
25885,LOF,0.19814817691384567,0.013709478325134942,0.7881423447610194
25886,LOF,0.17596409626980017,0.058474620037454295,0.7655612836927455
25887,LOF,0.19383390876109394,0.06477607865544997,0.741390012583456
25888,LOF,0.012643167833568201,0.14802730836814054,0.8393295237982912
25889,LOF,0.03144592185556566,0.03616831326815488,0.9323857648762796
25890,LOF,0.1332882717258617,0.12879204642581246,0.7379196818483259
25891,LOF,0.09034589715108358,0.02513640447958295,0.8845176983693334
25892,LOF,0.00875581085587324,0.031727726121176233,0.9595164630229505
25893,LOF,0.4024069921127476,0.007893510904213346,0.589699496983039
25894,LOF,0.42305189725448666,0.004851813327687248,0.5720962894178261
25895,LOF,0.3178377233829343,0.011226734032210136,0.6709355425848557
25896,LOF,0.06232356486260927,0.015842375988478253,0.9218340591489125
25897,LOF,0.1876000764526131,0.007991421067890313,0.8044085024794967
25898,LOF,0.1743508350627811,0.023776812230400117,0.8018723527068188
25899,LOF,0.3866939120696213,0.015117012433892185,0.5981890754964865
25900,LOF,0.42776017410290745,0.008406584458256382,0.5638332414388362
25901,LOF,0.06451402718945455,0.0076007310361893374,0.9278852417743562
25902,LOF,0.17325197734262976,0.008744684553556226,0.818003338103814
25903,LOF,0.41162211088099654,0.022084671303489428,0.5662932178155141
25904,Neutral,0.49131725774856944,0.021519616083919776,0.4871631261675108
25905,LOF,0.004631083413254232,0.45228799562349875,0.5430809209632471
25906,LOF,0.01003269237470815,0.10837525218580621,0.8815920554394857
25907,LOF,0.004667031966983347,0.33892084405304584,0.6564121239799708
25908,LOF,0.004737309831259168,0.2698865707810389,0.725376119387702
25909,LOF,0.02617035537390988,0.1545202413749777,0.8193094032511123
25910,LOF,0.01145000812672618,0.12206663998884172,0.866483351884432
25911,LOF,0.31446810544122283,0.037692909476059945,0.6478389850827173
25912,LOF,0.06549319298890321,0.054641170620544736,0.879865636390552
25913,LOF,0.04138937045862513,0.07057091611330436,0.8880397134280704
25914,LOF,0.03778097474450238,0.04467419232688898,0.9175448329286086
25915,LOF,0.20287293979523888,0.20132207340268674,0.5958049868020744
25916,LOF,0.032582699186975796,0.13046797026901252,0.8369493305440118
25917,LOF,0.07356128459954905,0.03896403999512282,0.8874746754053281
25918,LOF,0.048239403963327585,0.02790754306937357,0.9238530529672989
25919,LOF,0.03947030631133408,0.027452859642975887,0.9330768340456901
25920,LOF,0.18007880493237777,0.22844285817727875,0.5914783368903435
25921,LOF,0.016824497454168346,0.035177075286958646,0.9479984272588731
25922,LOF,0.021594997856817837,0.032177629499528806,0.9462273726436533
25923,LOF,0.48390550671296545,0.028277803167068273,0.48781669011996626
25924,LOF,0.023267603418205267,0.04862029973880956,0.9281120968429851
25925,LOF,0.08146477656844929,0.04146876755729679,0.8770664558742539
25926,LOF,0.06185100416576497,0.03845364017353251,0.8996953556607025
25927,LOF,0.026151693365153633,0.06773158751261354,0.9061167191222329
25928,LOF,0.010457011310191677,0.05323528584406424,0.936307702845744
25929,Neutral,0.5683938000173638,0.02712657078992917,0.40447962919270697
25930,LOF,0.08542644477653066,0.028289244764526336,0.886284310458943
25931,LOF,0.01467227317177919,0.0352675615015411,0.9500601653266798
25932,LOF,0.07508538303224324,0.02772632374090735,0.8971882932268495
25933,LOF,0.06477486317672482,0.0181114024674535,0.9171137343558217
25934,LOF,0.06175522312732632,0.01765225754768082,0.9205925193249929
25935,LOF,0.07090201745062066,0.05249721281439422,0.8766007697349851
25936,LOF,0.1014202209606893,0.01917501070949059,0.8794047683298202
25937,LOF,0.014830784687577939,0.037606457605013764,0.9475627577074083
25938,LOF,0.06926615233574526,0.04665539652050844,0.8840784511437463
25939,LOF,0.04705443895353255,0.023393478502770647,0.9295520825436968
25940,LOF,0.00844602844999366,0.36034202992245074,0.6312119416275556
25941,Neutral,0.49478803101829294,0.03895478647141504,0.4662571825102919
25942,LOF,0.00836765898490911,0.051784604009739596,0.9398477370053514
25943,LOF,0.039015061310695515,0.18074695391640588,0.7802379847728985
25944,LOF,0.06261923379937309,0.07749039913620598,0.859890367064421
25945,LOF,0.11452786821723243,0.020332797807323378,0.8651393339754442
25946,LOF,0.07130012186477558,0.04638990813198394,0.8823099700032405
25947,Neutral,0.47785801301521236,0.10505317231838679,0.41708881466640085
25948,LOF,0.4544826671106177,0.014491856083399377,0.5310254768059829
25949,LOF,0.1453522705509202,0.07609026033646862,0.7785574691126111
25950,GOF,0.06842115841596198,0.5856058321515069,0.3459730094325312
25951,LOF,0.013493729227714111,0.4532074070400029,0.533298863732283
25952,LOF,0.29040689714572865,0.31478936423610865,0.3948037386181627
25953,LOF,0.006684679743726966,0.19696987537013905,0.796345444886134
25954,GOF,0.09174751649186928,0.5019338410456494,0.40631864246248134
25955,LOF,0.006088094727078197,0.17533573101632371,0.8185761742565981
25956,LOF,0.018992880708426002,0.24367324490805187,0.7373338743835222
25957,LOF,0.1856568988711469,0.03446507218211825,0.7798780289467349
25958,LOF,0.033058074217112425,0.04256314880258657,0.9243787769803009
25959,GOF,0.016283121472784618,0.6498205273133714,0.3338963512138439
25960,LOF,0.0064321792163814446,0.06811409260256776,0.9254537281810508
25961,LOF,0.031328576922618354,0.03840443985524066,0.930266983222141
25962,LOF,0.043032332315441756,0.06510562523118747,0.8918620424533709
25963,LOF,0.005092538396349844,0.20084404757742286,0.7940634140262273
25964,LOF,0.02745819942308579,0.12312330679469595,0.8494184937822181
25965,LOF,0.26278470778110896,0.11273598639192824,0.6244793058269629
25966,Neutral,0.4801595229499097,0.14007867180456046,0.37976180524552977
25967,LOF,0.009332544619758333,0.08553761665096536,0.9051298387292763
25968,LOF,0.04595890375226072,0.2470859815413221,0.7069551147064171
25969,LOF,0.14977214536684438,0.05534134735963936,0.7948865072735163
25970,LOF,0.022883978023727297,0.08674315083334588,0.890372871142927
25971,LOF,0.08262302733193708,0.028000632916705098,0.8893763397513578
25972,LOF,0.0629581561107089,0.04622944957864688,0.8908123943106442
25973,LOF,0.06405698884863639,0.008775843398094894,0.9271671677532688
25974,LOF,0.051327497669598425,0.03850038417833204,0.9101721181520696
25975,LOF,0.041716366935554305,0.018082998715155195,0.9402006343492905
25976,LOF,0.0894795964638953,0.00964347197356174,0.900876931562543
25977,LOF,0.1929109998904568,0.07109707160519953,0.7359919285043437
25978,LOF,0.19349932138066941,0.12433793346054575,0.6821627451587848
25979,LOF,0.16203906228394047,0.13741206584061633,0.7005488718754431
25980,LOF,0.26484503814875593,0.19070366501325348,0.5444512968379905
25981,LOF,0.2669929201782714,0.1928680589696758,0.5401390208520528
25982,Neutral,0.5019846641022819,0.0925181787299286,0.4054971571677894
25983,Neutral,0.5069834770737535,0.10869702964204934,0.3843194932841972
25984,LOF,0.041452195865261304,0.09326270538739959,0.865285098747339
25985,LOF,0.4065429359146516,0.13518081492670786,0.4582762491586406
25986,LOF,0.013357179864495809,0.39939413111851924,0.5872486890169849
25987,LOF,0.059859761385584256,0.09748254088610878,0.8426576977283071
25988,LOF,0.04190138233295135,0.1544073120634801,0.8036913056035686
25989,LOF,0.03916846642781663,0.19431102954840326,0.7665205040237801
25990,LOF,0.04151215436442719,0.2930217313079292,0.6654661143276437
25991,LOF,0.029000245228700473,0.4335588181258345,0.537440936645465
25992,LOF,0.028509148494555565,0.43178434049257336,0.5397065110128711
25993,LOF,0.028335076952899295,0.07238187191085431,0.8992830511362464
25994,LOF,0.02372005148691858,0.0775935895607938,0.8986863589522877
25995,LOF,0.022904185460669933,0.13444416041293283,0.8426516541263973
25996,Neutral,0.35133493391621773,0.3218778853120442,0.3267871807717382
25997,LOF,0.07546689752487815,0.4030118737533417,0.5215212287217802
25998,LOF,0.24981733358744884,0.04890073242989533,0.7012819339826558
25999,LOF,0.022450159018959442,0.18965427201872456,0.787895568962316
26000,LOF,0.18147738528654508,0.028676535474528857,0.789846079238926
26001,LOF,0.26264658544977204,0.044506579694942386,0.6928468348552855
26002,LOF,0.12060419288181444,0.04968628145786524,0.8297095256603204
26003,GOF,0.005580350518031316,0.6507332127895411,0.34368643669242754
26004,GOF,0.008492952560320437,0.700460822492349,0.2910462249473306
26005,GOF,0.004347503183950496,0.5016408751909487,0.4940116216251009
26006,GOF,0.12634151698892507,0.5579656464799823,0.31569283653109265
26007,GOF,0.008744267115163904,0.5309089715695854,0.46034676131525065
26008,GOF,0.005563846459080142,0.6127888114876642,0.38164734205325584
26009,GOF,0.008110522135491622,0.6575998026451996,0.3342896752193089
26010,GOF,0.007687335948697886,0.6048157296008065,0.3874969344504956
26011,LOF,0.003425647032995875,0.46213436369689254,0.5344399892701115
26012,GOF,0.00530325844113745,0.5127493648747602,0.4819473766841023
26013,GOF,0.006195820439918354,0.5826089218877902,0.4111952576722915
26014,LOF,0.051603121400659396,0.12328474071949012,0.8251121378798504
26015,LOF,0.3999479348645857,0.03360543132332133,0.566446633812093
26016,LOF,0.3085167196886149,0.05250109982571466,0.6389821804856705
26017,LOF,0.022501975822456752,0.24474801321795026,0.7327500109595931
26018,LOF,0.025237711206993255,0.0747714770647574,0.8999908117282495
26019,LOF,0.025018564813540874,0.06313030862848766,0.9118511265579714
26020,LOF,0.01048360685923043,0.22322617721675161,0.7662902159240179
26021,LOF,0.07950920399295087,0.0797244587257607,0.8407663372812885
26022,LOF,0.04155120033329732,0.039454509004744155,0.9189942906619585
26023,LOF,0.028816910980999144,0.04684345430507516,0.9243396347139258
26024,LOF,0.0485608285992011,0.08355459775209538,0.8678845736487036
26025,LOF,0.06922329391802437,0.09078191536471052,0.839994790717265
26026,LOF,0.13185008712386054,0.0708216703646808,0.7973282425114587
26027,LOF,0.02462272990348063,0.03757576345035131,0.937801506646168
26028,LOF,0.13179697933842704,0.16094586341643924,0.7072571572451338
26029,LOF,0.021628205542445322,0.222187402606795,0.7561843918507596
26030,LOF,0.18277305090728127,0.027079074676632533,0.7901478744160861
26031,LOF,0.009901617754533657,0.18797037775076988,0.8021280044946965
26032,LOF,0.044620463266635706,0.06320405758223642,0.8921754791511279
26033,LOF,0.0664351350592502,0.05552600607912997,0.8780388588616199
26034,LOF,0.013046766947711235,0.18011579064959182,0.806837442402697
26035,LOF,0.011528549973526241,0.1279728512670066,0.8604985987594672
26036,LOF,0.010886945814544033,0.1425169600307458,0.8465960941547102
26037,LOF,0.009798269830180348,0.11903689710879709,0.8711648330610224
26038,LOF,0.0371212623399069,0.05669497443986293,0.9061837632202302
26039,LOF,0.027550855656498476,0.15256438215839307,0.8198847621851084
26040,LOF,0.10491342029304679,0.13632679829280106,0.7587597814141521
26041,LOF,0.012447989852659914,0.10066775651970773,0.8868842536276322
26042,LOF,0.01138216802941433,0.11506012347551628,0.8735577084950693
26043,LOF,0.037362277258878626,0.07629063710277814,0.8863470856383433
26044,LOF,0.014114676504955122,0.055391196580944685,0.9304941269141003
26045,LOF,0.07490904987585836,0.1244614783060963,0.8006294718180453
26046,LOF,0.03138142976249737,0.058227492080477304,0.9103910781570254
26047,LOF,0.05372273832495703,0.05738501003606607,0.888892251638977
26048,LOF,0.10567513512701601,0.02725909631142089,0.8670657685615631
26049,Neutral,0.9452135649957335,0.008660370753791445,0.04612606425047498
26050,Neutral,0.9199460488036793,0.009848547702359019,0.07020540349396162
26051,LOF,0.018119963588095835,0.10276675947218265,0.8791132769397214
26052,LOF,0.03490710474767207,0.10846422710412708,0.8566286681482008
26053,LOF,0.029332297750326905,0.1710027864371899,0.7996649158124833
26054,LOF,0.04596520769233984,0.02744681203519723,0.926587980272463
26055,LOF,0.06838037563755758,0.02229504062931318,0.9093245837331292
26056,LOF,0.0557175040466594,0.02909712559719946,0.9151853703561412
26057,LOF,0.05931382792212745,0.013750563693786733,0.9269356083840858
26058,LOF,0.06333552609043724,0.010912681972065446,0.9257517919374973
26059,LOF,0.1880494332005285,0.027288375420815133,0.7846621913786563
26060,LOF,0.01623557180038266,0.1543133340979423,0.8294510941016751
26061,LOF,0.013175222968854653,0.00886987605839993,0.9779549009727455
26062,LOF,0.006903208431863524,0.014994903418987989,0.9781018881491483
26063,LOF,0.04001027573595277,0.009528423896654183,0.9504613003673931
26064,LOF,0.009845032950714991,0.021701942229483847,0.9684530248198012
26065,LOF,0.04665807720309519,0.010676019635382256,0.9426659031615224
26066,LOF,0.0483682425529935,0.009192752098602437,0.9424390053484041
26067,LOF,0.057936358080595524,0.008938341085793326,0.9331253008336112
26068,LOF,0.05188959431464472,0.046492675812534606,0.9016177298728207
26069,LOF,0.15194255794254885,0.02982150075626195,0.8182359413011892
26070,LOF,0.3406250439650855,0.024159033436284318,0.6352159225986302
26071,LOF,0.04535176220105943,0.010102624607338136,0.9445456131916025
26072,LOF,0.010789111050362789,0.01750028892167116,0.971710600027966
26073,LOF,0.04146690380511078,0.012003237007093414,0.9465298591877959
26074,Neutral,0.9204807421260204,0.008275677565945917,0.07124358030803363
26075,LOF,0.055117129737888716,0.02200013279980866,0.9228827374623026
26076,LOF,0.0551277161561544,0.010500241114725712,0.9343720427291198
26077,LOF,0.16877786287239194,0.00612928933971294,0.8250928477878952
26078,LOF,0.009016680356105622,0.01342988210507442,0.97755343753882
26079,LOF,0.06381714748924294,0.021455971800078806,0.9147268807106783
26080,LOF,0.06262383492562769,0.021512634960473852,0.9158635301138984
26081,LOF,0.034086296643283547,0.007694052825724998,0.9582196505309915
26082,LOF,0.008118700127168123,0.012852667025516965,0.979028632847315
26083,LOF,0.1121179719057227,0.019101158036227656,0.8687808700580496
26084,LOF,0.11611850896768497,0.01421144948958362,0.8696700415427314
26085,LOF,0.10616688285138305,0.011982432958934754,0.8818506841896823
26086,LOF,0.03950983238963644,0.011049036606239968,0.9494411310041236
26087,LOF,0.03661153364469503,0.00894882304078349,0.9544396433145216
26088,LOF,0.00888136666248013,0.01946428952778506,0.9716543438097349
26089,LOF,0.04317345886792246,0.033896036080160355,0.9229305050519171
26090,LOF,0.04421536096340989,0.026586401902335285,0.9291982371342548
26091,LOF,0.032223664137342685,0.006564413976675653,0.9612119218859817
26092,LOF,0.04713508850970875,0.007245897766949656,0.9456190137233416
26093,LOF,0.08668101561870427,0.004925110693198121,0.9083938736880977
26094,LOF,0.03812421944667213,0.0066760741229397146,0.9551997064303882
26095,LOF,0.039700472858845925,0.01586882814130677,0.9444306989998472
26096,LOF,0.22366916758525818,0.004555629425281441,0.7717752029894603
26097,LOF,0.008518981254982213,0.02864956267070873,0.9628314560743091
26098,LOF,0.07407874204951558,0.017837466137784214,0.9080837918127003
26099,LOF,0.04526108777853984,0.01472757708609807,0.9400113351353621
26100,LOF,0.045237784365663024,0.014727337885262249,0.9400348777490747
26101,LOF,0.058688920928747404,0.027522091263677457,0.9137889878075752
26102,LOF,0.03701748829307991,0.014162266944412095,0.9488202447625079
26103,Neutral,0.882114676114501,0.024647243196898695,0.09323808068860027
26104,LOF,0.05970163988003727,0.04040567143661067,0.899892688683352
26105,LOF,0.23149848728564823,0.18376932868377432,0.5847321840305774
26106,LOF,0.3249779490818389,0.10530896171516972,0.5697130892029914
26107,LOF,0.024121379461523464,0.0927130360477733,0.8831655844907033
26108,LOF,0.3104767792133919,0.04204049763721736,0.6474827231493908
26109,LOF,0.08735626920312163,0.03778187203592936,0.874861858760949
26110,LOF,0.47696009701509456,0.007009052001646324,0.5160308509832592
26111,LOF,0.055290366420500586,0.14411888048504082,0.8005907530944586
26112,LOF,0.049368185056991656,0.00863631460416172,0.9419955003388466
26113,LOF,0.10094830777127427,0.02187766637515545,0.8771740258535702
26114,LOF,0.09289124644003667,0.007409332871493115,0.8996994206884702
26115,LOF,0.01584380236228977,0.04775244948205099,0.9364037481556592
26116,LOF,0.07252416963520257,0.018672398403920532,0.908803431960877
26117,LOF,0.39099592918444903,0.031674731720969906,0.5773293390945812
26118,LOF,0.04958283263719986,0.01481889051627911,0.935598276846521
26119,LOF,0.006232169254544728,0.03155760014172144,0.9622102306037338
26120,LOF,0.034769643703014504,0.014946348709258124,0.9502840075877275
26121,LOF,0.0042245901803761145,0.10551606352435387,0.89025934629527
