feature0,prediction,LoGoFunc_Neutral,LoGoFunc_GOF,LoGoFunc_LOF
25546,Neutral,0.6242349543393196,0.14312791423107527,0.2326371314296052
25547,Neutral,0.4629581348318559,0.2736087567746594,0.26343310839348477
25548,Neutral,0.4353772626909486,0.22050036300698642,0.3441223743020649
25549,Neutral,0.41605463293729056,0.22374736340211834,0.3601980036605911
25550,LOF,0.3266884424595327,0.3000981031308421,0.3732134544096252
25551,LOF,0.26941915237265246,0.28173439149092633,0.4488464561364212
25552,LOF,0.1469402322152485,0.2709951185639894,0.5820646492207621
25553,Neutral,0.8212224712420259,0.06040406756381199,0.11837346119416214
25554,LOF,0.1836134641581872,0.2715343039973818,0.544852231844431
25555,LOF,0.1466577529377509,0.23454331847956303,0.6187989285826861
25556,Neutral,0.5040126533942897,0.17518483926153183,0.3208025073441785
25557,LOF,0.14704799062926674,0.2541473275858344,0.5988046817848989
25558,LOF,0.18109820119513212,0.3074861273595044,0.5114156714453635
25559,Neutral,0.4976941270739639,0.017684941241920122,0.4846209316841162
25560,LOF,0.03775594745260747,0.21031840073827215,0.7519256518091203
25561,LOF,0.09069520243473873,0.2761082895207388,0.6331965080445225
25562,LOF,0.11216015536148542,0.06060171989301299,0.8272381247455015
25563,LOF,0.11392261232401736,0.11624142021113343,0.7698359674648491
25564,LOF,0.06990290839694951,0.14722617157191997,0.7828709200311306
25565,LOF,0.1440361724382645,0.23113547579999077,0.6248283517617448
25566,GOF,0.020707812524025673,0.6898098628154044,0.28948232466056995
25567,LOF,0.012436101359199479,0.14433132742398863,0.8432325712168119
25568,LOF,0.04666794781010055,0.060475785501979386,0.8928562666879201
25569,LOF,0.05100522803244074,0.058362943096887956,0.8906318288706714
25570,LOF,0.04630907282251547,0.07509327422529628,0.8785976529521882
25571,LOF,0.05342511244523042,0.0696255810507005,0.8769493065040692
25572,LOF,0.038659562069576665,0.08212891215496744,0.8792115257754559
25573,LOF,0.020585100950294075,0.07993403933716679,0.8994808597125391
25574,LOF,0.009481668949359279,0.23350929252101202,0.7570090385296286
25575,LOF,0.045084344641249656,0.05518103930313674,0.8997346160556137
25576,LOF,0.012868565478402403,0.06281865214485681,0.9243127823767407
25577,LOF,0.008204560517352175,0.055960451763312324,0.9358349877193355
25578,LOF,0.2699068114037012,0.07100813857700539,0.6590850500192934
25579,LOF,0.2712221751573536,0.07000450757112664,0.6587733172715198
25580,LOF,0.027936243940587968,0.05195169467105905,0.920112061388353
25581,LOF,0.0443230099473458,0.06923916096497902,0.8864378290876752
25582,LOF,0.043795610357361216,0.06268842953517233,0.8935159601074664
25583,LOF,0.029705162812055427,0.05657687298221023,0.9137179642057343
25584,Neutral,0.5213259565887537,0.09989311236251142,0.3787809310487348
25585,LOF,0.025906231380921806,0.07276833724995227,0.9013254313691259
25586,LOF,0.02899417460472051,0.04943039163618196,0.9215754337590977
25587,LOF,0.024813617056405227,0.043424531075899477,0.9317618518676952
25588,LOF,0.023330604639819123,0.053648869656735286,0.9230205257034455
25589,Neutral,0.6505339332819912,0.1273788477069914,0.22208721901101755
25590,LOF,0.020936554543778737,0.10378449533199136,0.8752789501242298
25591,LOF,0.09377302239536141,0.05073117082052569,0.855495806784113
25592,LOF,0.0827042962176875,0.08772449530220552,0.8295712084801069
25593,LOF,0.011150467783405135,0.48090296546082295,0.5079465667557719
25594,LOF,0.0389999830339534,0.07297261125407635,0.8880274057119703
25595,LOF,0.0642651339944733,0.05663306630671986,0.8791017996988069
25596,LOF,0.09301785020279255,0.044188640855840115,0.8627935089413674
25597,LOF,0.07856754609517126,0.014674243234814187,0.9067582106700146
25598,LOF,0.051584548362702966,0.06926817262589331,0.8791472790114037
25599,LOF,0.00871961427496326,0.4895280019711125,0.5017523837539243
25600,LOF,0.009544151960028401,0.36749115405512633,0.6229646939848453
25601,LOF,0.006449928184042755,0.2142454056347802,0.779304666181177
25602,LOF,0.019623884923579124,0.07040954508644101,0.9099665699899798
25603,LOF,0.03777232501053417,0.07895178237646697,0.8832758926129989
25604,LOF,0.04160562451775682,0.07076738031733684,0.8876269951649064
25605,LOF,0.012741453678847658,0.2038325757131876,0.7834259706079648
25606,GOF,0.06691469062628512,0.5157637311085659,0.417321578265149
25607,LOF,0.003612206449319682,0.11268044664411594,0.8837073469065644
25608,LOF,0.05946603605285562,0.026150409262076155,0.9143835546850682
25609,LOF,0.085764079085666,0.2145210970920338,0.6997148238223001
25610,LOF,0.047232243627188614,0.01831924834230622,0.9344485080305052
25611,LOF,0.05989414252234677,0.011247718407690288,0.928858139069963
25612,LOF,0.117236338137975,0.02522668292565276,0.8575369789363724
25613,LOF,0.09555287704921372,0.02791478390644117,0.8765323390443451
25614,LOF,0.04159689303290304,0.03086295027695099,0.927540156690146
25615,LOF,0.08101746615620703,0.03323655247103612,0.8857459813727567
25616,LOF,0.034211944060038114,0.037938099234492,0.9278499567054698
25617,LOF,0.050623246488150676,0.021610704708019457,0.92776604880383
25618,LOF,0.2326195578277514,0.032627203808293384,0.7347532383639552
25619,LOF,0.04279240071764844,0.030442690062403535,0.9267649092199479
25620,LOF,0.03800109230574953,0.04310360901871331,0.9188952986755371
25621,LOF,0.04324011191085553,0.019789349812240797,0.9369705382769036
25622,LOF,0.028442144174025887,0.052787007219207385,0.9187708486067667
25623,LOF,0.04923900510017092,0.034816383194257436,0.9159446117055715
25624,LOF,0.03688088164512517,0.03839570907193973,0.9247234092829351
25625,LOF,0.04329448417577686,0.03996955179691785,0.9167359640273053
25626,LOF,0.07569982222424021,0.024689979326170654,0.8996101984495891
25627,Neutral,0.4981691346574551,0.12807393136868533,0.37375693397385945
25628,LOF,0.17991582921358767,0.056255371803999324,0.7638287989824131
25629,LOF,0.04545243119575429,0.09214854603208564,0.8623990227721601
25630,LOF,0.18429643706453752,0.08093865532027975,0.7347649076151828
25631,Neutral,0.5804411694261533,0.08491879104827818,0.3346400395255686
25632,LOF,0.015705572898825532,0.18105942647423884,0.8032350006269355
25633,LOF,0.2164423926680425,0.32273463997910334,0.4608229673528542
25634,LOF,0.0351474154387212,0.23821205511111299,0.7266405294501658
25635,LOF,0.04361970463718449,0.195508724150544,0.7608715712122714
25636,GOF,0.005176788028460955,0.5720428432051706,0.42278036876636826
25637,LOF,0.004604862324433262,0.36279246669755205,0.6326026709780147
25638,LOF,0.006238222909082436,0.3874211061786408,0.6063406709122768
25639,LOF,0.004912222944993069,0.291465736297904,0.7036220407571029
25640,GOF,0.31955036672877984,0.6221741882680402,0.05827544500318004
25641,LOF,0.007244574514787723,0.1818028114071988,0.8109526140780136
25642,LOF,0.2294663632707825,0.06869540576479045,0.701838230964427
25643,LOF,0.2583066014722185,0.08066564908132853,0.661027749446453
25644,GOF,0.012324782701542416,0.5088464652637686,0.478828752034689
25645,GOF,0.00966274027241943,0.6025847468485053,0.38775251287907536
25646,LOF,0.010474659584486382,0.3291051164109911,0.6604202240045224
25647,LOF,0.009224583683167663,0.2553512967962851,0.7354241195205473
25648,LOF,0.0066172571753391725,0.33045251132792525,0.6629302314967356
25649,LOF,0.007138544147023468,0.19103536778763813,0.8018260880653384
25650,GOF,0.022856762207834048,0.4991278354334201,0.4780154023587458
25651,LOF,0.006540675837083955,0.219554455523219,0.773904868639697
25652,LOF,0.011071493303950974,0.3460898489213951,0.6428386577746539
25653,GOF,0.035899263372808375,0.4959016194321197,0.46819911719507196
25654,LOF,0.007124181488649695,0.3632741991627304,0.6296016193486198
25655,GOF,0.07594383124085567,0.47984314551711793,0.4442130232420264
25656,LOF,0.09278094040633808,0.03132900880922073,0.8758900507844413
25657,LOF,0.2721392889549208,0.014085045346979363,0.7137756656980998
25658,LOF,0.028444081957555767,0.07617743123903056,0.8953784868034138
25659,LOF,0.24780143019361492,0.08673276300773183,0.6654658067986532
25660,LOF,0.10780271864183241,0.07268815965490275,0.819509121703265
25661,LOF,0.06307062842427422,0.0619111231923475,0.8750182483833782
25662,LOF,0.04412951392959987,0.05518449939504098,0.9006859866753592
25663,LOF,0.044242203078080924,0.08536182752755085,0.8703959693943683
25664,LOF,0.027174942016607685,0.1806515171470628,0.7921735408363296
25665,LOF,0.043893420521180726,0.059449099205569164,0.89665748027325
25666,LOF,0.03796618963481645,0.16949928316490692,0.7925345272002766
25667,LOF,0.04245119104660897,0.03290811199324004,0.9246406969601509
25668,LOF,0.04701132503644862,0.04780786173192004,0.9051808132316314
25669,LOF,0.038040945505395135,0.0726426876055954,0.8893163668890094
25670,LOF,0.07300729277792736,0.0949776315052636,0.8320150757168091
25671,LOF,0.05304650021410914,0.04105616628570218,0.9058973335001886
25672,LOF,0.050730073306339676,0.06157827044679232,0.8876916562468681
25673,LOF,0.037487617757021495,0.0690986516719102,0.8934137305710683
25674,LOF,0.026958775861796003,0.1006602151321249,0.8723810090060791
25675,LOF,0.032809853998691504,0.0447786822784212,0.9224114637228873
25676,LOF,0.038903862074431875,0.061708018190442,0.8993881197351262
25677,LOF,0.07688577328995069,0.045195101531200016,0.8779191251788493
25678,LOF,0.16302951780649555,0.05980461406265969,0.7771658681308448
25679,LOF,0.10594460589064991,0.09783685532545944,0.7962185387838907
25680,LOF,0.1190391568801182,0.07950830150094329,0.8014525416189385
25681,LOF,0.12218514070915149,0.07727740166348751,0.8005374576273611
25682,LOF,0.04444572708916235,0.042676612032486426,0.9128776608783513
25683,LOF,0.07709055107847883,0.07534193501298023,0.847567513908541
25684,LOF,0.06600832574885594,0.05096517175682939,0.8830265024943147
25685,LOF,0.12430805629975851,0.03891829172457817,0.8367736519756632
25686,LOF,0.02888770182775675,0.08493035831744389,0.8861819398547994
25687,LOF,0.04502912473178956,0.11279958224453206,0.8421712930236783
25688,LOF,0.023104506734768528,0.1610901175025621,0.8158053757626694
25689,LOF,0.013819462518983175,0.09122635725543812,0.8949541802255786
25690,LOF,0.01792964983093331,0.11864409383942694,0.8634262563296397
25691,LOF,0.15419567352870944,0.1849955638676656,0.660808762603625
25692,LOF,0.34474423135386884,0.01417477627509392,0.6410809923710371
25693,GOF,0.028293513844123822,0.48710856196880487,0.48459792418707137
25694,LOF,0.24174116486075228,0.00930019019334652,0.7489586449459011
25695,LOF,0.1812403487152539,0.013276244799922812,0.8054834064848233
25696,LOF,0.07703243813100764,0.014285415615253332,0.9086821462537391
25697,LOF,0.08012491414027562,0.00980735105530824,0.910067734804416
25698,LOF,0.01624489305241632,0.21547596848666395,0.7682791384609198
25699,LOF,0.06914608432097662,0.2955938475347916,0.6352600681442317
25700,LOF,0.049774814882623974,0.02182697754930712,0.9283982075680688
25701,LOF,0.010023020339489734,0.3259192555243107,0.6640577241361996
25702,GOF,0.03283708580699935,0.5593416951900891,0.40782121900291146
25703,LOF,0.016509953053144996,0.05928311775404386,0.9242069291928112
25704,LOF,0.06608422911561446,0.04695070428342126,0.8869650666009643
25705,LOF,0.09876369545457053,0.1586466921176194,0.7425896124278102
25706,GOF,0.0191850950113768,0.6394397961596612,0.34137510882896205
25707,GOF,0.026378614390896858,0.5410451059774373,0.4325762796316659
25708,GOF,0.008367331448166596,0.5860917340643407,0.4055409344874928
25709,LOF,0.04942020273596562,0.0624423605690364,0.8881374366949979
25710,LOF,0.007409830051169401,0.1466660759391218,0.8459240940097088
25711,LOF,0.05073572858489117,0.09749392590655613,0.8517703455085527
25712,LOF,0.010572633201428084,0.19233021213010415,0.7970971546684678
25713,LOF,0.041639145483792814,0.09507385180287078,0.8632870027133364
25714,LOF,0.0379137461183127,0.1724135842474784,0.7896726696342089
25715,LOF,0.04358000085515623,0.10776271400585859,0.8486572851389853
25716,LOF,0.005970678734923696,0.07729637692993356,0.9167329443351427
25717,LOF,0.0063963048580108995,0.08277229852462417,0.9108313966173649
25718,LOF,0.03757602343223425,0.06686419374721098,0.8955597828205547
25719,LOF,0.04318078034394021,0.11298482336890853,0.8438343962871512
25720,LOF,0.03488420716417235,0.11567183416535658,0.8494439586704711
25721,LOF,0.03701246681972862,0.11146750696294191,0.8515200262173296
25722,LOF,0.03231172323557978,0.12977105438599884,0.8379172223784214
25723,LOF,0.05553229073651094,0.11155093733986853,0.8329167719236206
25724,LOF,0.06352060880193422,0.28089795957561586,0.6555814316224499
25725,LOF,0.05516975322293447,0.09820721859780046,0.8466230281792652
25726,LOF,0.03785013547973973,0.10165070677902305,0.8604991577412371
25727,LOF,0.046676368101974744,0.08507509083600086,0.8682485410620245
25728,LOF,0.0449598458814567,0.11584658262527554,0.8391935714932678
25729,LOF,0.05118758121059913,0.11636150813191717,0.8324509106574837
25730,LOF,0.06248024467758388,0.0860546857691937,0.8514650695532224
25731,LOF,0.008451932404811324,0.0893407881807916,0.9022072794143972
25732,LOF,0.029681700979432627,0.054319721985148416,0.9159985770354191
25733,LOF,0.03914013778506197,0.08082513488091005,0.880034727334028
25734,LOF,0.0060190836125328375,0.27476100119964153,0.7192199151878256
25735,LOF,0.033451479106190674,0.08023435024666385,0.8863141706471455
25736,LOF,0.030558206429422387,0.1552525857436185,0.8141892078269591
25737,LOF,0.059880595965979215,0.0867042682119521,0.8534151358220687
25738,LOF,0.044992846215630315,0.18447452169727613,0.7705326320870934
25739,LOF,0.03445723468970703,0.13142186128749966,0.8341209040227933
25740,LOF,0.06677326227140871,0.10761997925429524,0.825606758474296
25741,LOF,0.06107339469418587,0.10321038315526875,0.8357162221505454
25742,LOF,0.06603366497222356,0.11275165362109688,0.8212146814066795
25743,LOF,0.01161122167591423,0.016820489985349508,0.9715682883387362
25744,LOF,0.13699856808846406,0.13709161562588695,0.725909816285649
25745,LOF,0.02911009872545297,0.056485493823446226,0.9144044074511007
25746,LOF,0.013724124641533539,0.0895187142502412,0.8967571611082253
25747,LOF,0.048834573071991794,0.02537857634263382,0.9257868505853745
25748,LOF,0.3081914006933536,0.07739541231203317,0.6144131869946133
25749,LOF,0.019400000753982963,0.053824364594321515,0.9267756346516955
25750,LOF,0.019027682982567275,0.06702022490695474,0.9139520921104781
25751,LOF,0.04083870121392334,0.07393129967265481,0.8852299991134218
25752,GOF,0.10024911910297815,0.5546912415883217,0.3450596393087002
25753,LOF,0.007926003701371757,0.3601188513619787,0.6319551449366495
25754,GOF,0.010185785253148368,0.8956222227215486,0.09419199202530305
25755,LOF,0.00867839856863133,0.38862236498818314,0.6026992364431855
25756,LOF,0.024570287112948733,0.4075764941220632,0.567853218764988
25757,GOF,0.01016462091200038,0.8531337366444144,0.13670164244358524
25758,GOF,0.01117196131038765,0.885834041854734,0.10299399683487837
25759,GOF,0.0076277431107805655,0.6910307782235666,0.3013414786656529
25760,LOF,0.007239655068789353,0.2718601873225635,0.7209001576086471
25761,GOF,0.0589879364172861,0.8786221596007873,0.062389903981926516
25762,LOF,0.025536442418416946,0.37573978559400056,0.5987237719875824
25763,LOF,0.006715557431265155,0.26579129974419136,0.7274931428245436
25764,GOF,0.08234894901246347,0.6552475004856053,0.2624035505019312
25765,GOF,0.011707618941040495,0.9084485455287369,0.07984383553022248
25766,GOF,0.03228708907652534,0.8443296664723412,0.12338324445113338
25767,GOF,0.012584031589193743,0.5344023460494326,0.4530136223613737
25768,LOF,0.054638776236770964,0.07023239005089163,0.8751288337123374
25769,LOF,0.03315198684774954,0.10444494473585789,0.8624030684163927
25770,LOF,0.1643533826526167,0.15951115966664883,0.6761354576807346
25771,LOF,0.022632308404754414,0.08042755246978511,0.8969401391254604
25772,LOF,0.05179517328650975,0.057313207203819716,0.8908916195096704
25773,LOF,0.018137772491384905,0.12185313932046878,0.8600090881881463
25774,LOF,0.02641709214240637,0.25311695927546113,0.7204659485821325
25775,LOF,0.022220117347596654,0.05346321332401808,0.9243166693283853
25776,LOF,0.03848596848154077,0.03542681903415564,0.9260872124843036
25777,LOF,0.20820772692560635,0.1759003115903292,0.6158919614840644
25778,LOF,0.029679651342916117,0.09352762530597955,0.8767927233511044
25779,GOF,0.06083015442788915,0.7597872893261592,0.17938255624595154
25780,GOF,0.0721104128389915,0.7781951276986857,0.1496944594623228
25781,GOF,0.03239368073248769,0.7541599657917673,0.21344635347574512
25782,GOF,0.031787062868065485,0.8310004466260096,0.13721249050592493
25783,GOF,0.06292228267375805,0.8265455227080748,0.11053219461816727
25784,GOF,0.11545487693035725,0.7728413573725592,0.11170376569708368
25785,GOF,0.1509660323170938,0.7674445948099564,0.08158937287294978
25786,GOF,0.014642430468356407,0.6772837109607589,0.30807385857088465
25787,GOF,0.32716649560889616,0.5739473114172516,0.09888619297385216
25788,LOF,0.02367849885899452,0.07108499198490628,0.9052365091560993
25789,GOF,0.019326853484946477,0.7373958688212292,0.2432772776938243
25790,GOF,0.033313291161589924,0.7137494339654599,0.25293727487295026
25791,GOF,0.03289106871754374,0.4911469130415932,0.475962018240863
25792,GOF,0.040915875583727064,0.592221568066993,0.36686255634928
25793,GOF,0.06904823961058254,0.6563697960951272,0.27458196429429027
25794,GOF,0.06017938263727431,0.4720055435462818,0.46781507381644394
25795,GOF,0.06530037021661209,0.5360184050210887,0.39868122476229934
25796,GOF,0.1798355457880278,0.5609476285893298,0.2592168256226424
25797,GOF,0.08492006184526417,0.4933243192307051,0.4217556189240308
25798,GOF,0.007838594649790996,0.7390750150751493,0.25308639027505986
25799,GOF,0.005547558008713095,0.6598226124171802,0.3346298295741068
25800,GOF,0.02480641896922652,0.8144434129292252,0.16075016810154846
25801,GOF,0.026795714176206797,0.793170506733082,0.1800337790907113
25802,GOF,0.028182380205128747,0.6914014010787851,0.280416218716086
25803,GOF,0.02593031422838801,0.6004701688604873,0.37359951691112464
25804,GOF,0.0456371046794132,0.5775706761629529,0.3767922191576339
25805,GOF,0.032148516301373845,0.6764767577121732,0.29137472598645286
25806,GOF,0.044088703300663515,0.6847713971856447,0.27113989951369183
25807,GOF,0.018354566996383714,0.5521179530710768,0.4295274799325394
25808,GOF,0.031410831305142994,0.6906703666936691,0.27791880200118785
25809,GOF,0.017162654108320845,0.575447594232371,0.40738975165930813
25810,GOF,0.014651300189365557,0.5744047702859468,0.4109439295246876
25811,GOF,0.08701155840512248,0.7849504000766753,0.1280380415182023
25812,GOF,0.04994373087299717,0.553831567903046,0.39622470122395687
25813,GOF,0.25617255332505295,0.5740289428182911,0.1697985038566559
25814,GOF,0.04378232207097857,0.6215054828764135,0.33471219505260796
25815,GOF,0.06746816177774534,0.7188109709264661,0.21372086729578854
25816,GOF,0.01038723079473876,0.7520905804986703,0.23752218870659103
25817,GOF,0.12665099830786983,0.5972554867587262,0.2760935149334039
25818,GOF,0.03163463990824343,0.7395729097493411,0.22879245034241547
25819,GOF,0.0578321841486879,0.6653063557166035,0.27686146013470875
25820,GOF,0.06000341373962781,0.5927212722630505,0.34727531399732176
25821,GOF,0.04175653606020205,0.6500601688452283,0.30818329509456965
25822,GOF,0.07988494671160574,0.6044682167794418,0.3156468365089523
25823,GOF,0.04247113709909033,0.5736658828602919,0.3838629800406178
25824,GOF,0.033262753323448614,0.6825100434319988,0.28422720324455264
25825,GOF,0.023707549337529804,0.6893058433737724,0.2869866072886977
25826,GOF,0.011026678111186601,0.5859786100448551,0.40299471184395835
25827,GOF,0.020101008926518536,0.6356393682541475,0.34425962281933403
25828,GOF,0.012820973535126937,0.6568804787175684,0.33029854774730477
25829,LOF,0.00533415011190091,0.46820184438443074,0.5264640055036685
25830,LOF,0.07832378490427212,0.23880028190251243,0.6828759331932155
25831,GOF,0.08144879630567452,0.7540679495131046,0.16448325418122078
25832,GOF,0.010830439229449203,0.6791058114719729,0.31006374929857783
25833,GOF,0.03319112450126385,0.7773863887042157,0.18942248679452048
25834,GOF,0.01101246301058943,0.7017807175526034,0.28720681943680726
25835,GOF,0.031082322589253697,0.8157027989444243,0.15321487846632198
25836,GOF,0.008875397226954542,0.7288078654430219,0.2623167373300235
25837,GOF,0.012870024215082274,0.7005681510801951,0.2865618247047226
25838,GOF,0.024315787439947136,0.7835128231630655,0.1921713893969874
25839,GOF,0.0712837267552338,0.6989627004905725,0.2297535727541938
25840,GOF,0.10758294329654124,0.6643012717818725,0.22811578492158624
25841,GOF,0.08608026226263753,0.7334462790262366,0.18047345871112586
25842,GOF,0.030428287081383548,0.8180099514400725,0.15156176147854386
25843,GOF,0.027700466704483277,0.8214322245409067,0.15086730875461019
25844,GOF,0.02569903602250881,0.7434776043077514,0.23082335966973969
25845,GOF,0.009930368174115392,0.5952135643436796,0.39485606748220514
25846,GOF,0.07774389125511134,0.7863976967565874,0.1358584119883013
25847,GOF,0.02193102371077534,0.7982308859441809,0.17983809034504397
25848,GOF,0.02446608634957195,0.755076991966326,0.220456921684102
25849,GOF,0.008488582716958404,0.7141837004394169,0.2773277168436248
25850,GOF,0.009554073975611489,0.5907445288978762,0.39970139712651226
25851,GOF,0.008572083965474542,0.5213331564502263,0.47009475958429925
25852,LOF,0.19004033430542405,0.4012121791734198,0.40874748652115617
25853,GOF,0.06400248318367374,0.5984166002887151,0.337580916527611
25854,GOF,0.008292335128162636,0.5711816197086363,0.4205260451632011
25855,GOF,0.02660637296089282,0.49557789765215643,0.4778157293869507
25856,GOF,0.05451124338856786,0.6450644003380812,0.30042435627335096
25857,GOF,0.02680753935908749,0.489328910066,0.4838635505749126
25858,LOF,0.00947002547230627,0.48212524854186223,0.5084047259858315
25859,LOF,0.007207083477352131,0.45864797844442107,0.5341449380782267
25860,GOF,0.08233855012391471,0.5174486178603693,0.40021283201571606
25861,GOF,0.10158301403897374,0.7228947702267516,0.17552221573427457
25862,GOF,0.021603862587029676,0.843096060256512,0.13530007715645836
25863,GOF,0.020702226838485906,0.7997378318555547,0.17955994130595926
25864,GOF,0.030551907694042046,0.8464326379842951,0.12301545432166291
25865,GOF,0.034017139364467104,0.8064953646135206,0.15948749602201237
25866,GOF,0.020823031446883414,0.792448024000232,0.18672894455288455
25867,GOF,0.0422343013492675,0.8124713493567507,0.14529434929398183
25868,GOF,0.08137438183970466,0.6404096987771588,0.2782159193831365
25869,GOF,0.3331617187251059,0.45772351846811743,0.20911476280677666
25870,LOF,0.09013488037639211,0.2996765825576268,0.6101885370659811
25871,GOF,0.010789327657292742,0.5618709405086035,0.4273397318341036
25872,GOF,0.028875459993979256,0.6207033018840562,0.35042123812196446
25873,GOF,0.02481060131847269,0.6888244690875542,0.2863649295939731
25874,LOF,0.03126297918941485,0.07362378015287378,0.8951132406577114
25875,LOF,0.02082501742876444,0.168502536813639,0.8106724457575966
25876,LOF,0.02170852475367662,0.0831403166523919,0.8951511585939315
25877,LOF,0.07527974507059132,0.2850140021453047,0.639706252784104
25878,LOF,0.04880193790205663,0.3774698631180048,0.5737281989799385
25879,LOF,0.009934039667668473,0.19167513143916326,0.7983908288931683
25880,LOF,0.04117325760913186,0.023178920497924558,0.9356478218929435
25881,Neutral,0.5048316766914895,0.24468085677888288,0.2504874665296276
25882,LOF,0.04054730572425386,0.11026887789383186,0.8491838163819143
25883,LOF,0.026059026423193573,0.12528489332950052,0.848656080247306
25884,LOF,0.01340395777345503,0.11313515620372726,0.8734608860228177
25885,LOF,0.13544403085875234,0.027728866298951257,0.8368271028422963
25886,LOF,0.19357142330560384,0.22185732895813712,0.5845712477362591
25887,LOF,0.050024519135014246,0.4441016045869107,0.505873876278075
25888,LOF,0.005375933734653475,0.4006716983445107,0.5939523679208358
25889,LOF,0.021871130711909284,0.08735962179407862,0.890769247494012
25890,LOF,0.18173526576611387,0.2767174293885451,0.5415473048453411
25891,LOF,0.10488374055898762,0.09176004385310083,0.8033562155879116
25892,LOF,0.006624993733980716,0.039024324652202874,0.9543506816138163
25893,LOF,0.24570142684744106,0.014486010419662805,0.7398125627328961
25894,LOF,0.3039984666195007,0.008013665934304698,0.6879878674461946
25895,LOF,0.2681131296588326,0.011216699568311624,0.7206701707728558
25896,LOF,0.061386487011742985,0.03672505256096087,0.9018884604272962
25897,LOF,0.09424832577538259,0.017754118888024598,0.8879975553365929
25898,LOF,0.08732669797355888,0.04054673656170373,0.8721265654647374
25899,LOF,0.36643340141884756,0.04525310561504161,0.5883134929661108
25900,Neutral,0.7202774022959579,0.019809779849671045,0.259912817854371
25901,LOF,0.06022641556083192,0.012914953998947322,0.9268586304402208
25902,LOF,0.07527318900534573,0.008401070352256687,0.9163257406423977
25903,LOF,0.12678512960660054,0.03626571695397203,0.8369491534394274
25904,LOF,0.42805466841583517,0.08914196764784456,0.48280336393632034
25905,LOF,0.013947426940795427,0.2589595191075824,0.7270930539516222
25906,LOF,0.009427836691438414,0.017443238728754713,0.9731289245798069
25907,LOF,0.009234218344525704,0.13653809280789697,0.8542276888475773
25908,LOF,0.009831674729515788,0.1374270064031241,0.85274131886736
25909,LOF,0.05219871167727222,0.05232442530667917,0.8954768630160487
25910,LOF,0.01403748628019976,0.10537170602517625,0.880590807694624
25911,LOF,0.22012382291610785,0.07972857093001988,0.7001476061538722
25912,LOF,0.12612652144003964,0.026945515976637722,0.8469279625833226
25913,LOF,0.014698411443011301,0.0795331566088595,0.9057684319481292
25914,LOF,0.04582018403866292,0.03484663318944116,0.9193331827718958
25915,GOF,0.2257606745789953,0.424677293840648,0.3495620315803568
25916,LOF,0.018471819982913456,0.2121188511765149,0.7694093288405718
25917,LOF,0.0772760025806638,0.03472754073924737,0.8879964566800888
25918,LOF,0.04981164082786482,0.021214508137519142,0.928973851034616
25919,LOF,0.04630559004471854,0.020748759559299033,0.9329456503959824
25920,LOF,0.28434463230007634,0.3190317229256533,0.3966236447742703
25921,LOF,0.02259377150250397,0.02940285979980757,0.9480033686976884
25922,LOF,0.01917720145853218,0.024633158816255267,0.9561896397252125
25923,LOF,0.4517303867834186,0.015816466180242704,0.5324531470363387
25924,LOF,0.027476204400615288,0.023418804825554678,0.94910499077383
25925,LOF,0.12950758516184005,0.029372214608085697,0.8411202002300743
25926,LOF,0.10507668730976864,0.02814635637091212,0.8667769563193192
25927,LOF,0.022956926013243464,0.05532107703962156,0.9217219969471349
25928,LOF,0.01532240368738156,0.01459735985409169,0.9700802364585268
25929,Neutral,0.5764564530782254,0.0155531576013924,0.4079903893203822
25930,LOF,0.06214350316057539,0.018515638134925287,0.9193408587044993
25931,LOF,0.015760720719213524,0.019104556702934664,0.9651347225778519
25932,LOF,0.09073680191537725,0.011241537125224995,0.8980216609593978
25933,LOF,0.0868709237574316,0.007680310499523805,0.9054487657430446
25934,LOF,0.07821056238465694,0.009360100035630389,0.9124293375797127
25935,LOF,0.12040626004524012,0.028573286378709102,0.8510204535760508
25936,LOF,0.09294987092853764,0.008259680349389604,0.8987904487220727
25937,LOF,0.017039400072399492,0.01823899051953175,0.9647216094080687
25938,LOF,0.12918333827013306,0.027020882727500594,0.8437957790023665
25939,LOF,0.06029647335488482,0.010480341353426698,0.9292231852916886
25940,LOF,0.0077322953408742005,0.4027203636152188,0.589547341043907
25941,Neutral,0.5128460095981967,0.16243621437333408,0.3247177760284693
25942,LOF,0.008241276915324992,0.23120749509691246,0.7605512279877626
25943,GOF,0.026519082424577758,0.6472688540574443,0.3262120635179779
25944,GOF,0.026537750360493124,0.5018910050993105,0.47157124454019644
25945,LOF,0.11214288010263149,0.1463190527173922,0.7415380671799763
25946,LOF,0.09435515760496183,0.08233857808846609,0.8233062643065722
25947,Neutral,0.4919904670109439,0.12321466733171087,0.3847948656573451
25948,Neutral,0.5040081756333565,0.013074132987456848,0.48291769137918655
25949,LOF,0.11146075516777697,0.030189604154609393,0.8583496406776137
25950,GOF,0.044450773679364855,0.8251890131308647,0.1303602131897705
25951,GOF,0.016921021700618304,0.5798579291006118,0.4032210491987697
25952,LOF,0.1073301823119376,0.4006600653309629,0.4920097523570996
25953,GOF,0.007627443883750793,0.5150121245206156,0.47736043159563357
25954,GOF,0.031238552294563682,0.6360364873742805,0.3327249603311558
25955,GOF,0.005926185346250567,0.6069544694706929,0.38711934518305663
25956,LOF,0.010129078791422132,0.3818717605059742,0.6079991607026037
25957,LOF,0.25120855354599303,0.03403159023534479,0.7147598562186621
25958,LOF,0.027042595315382664,0.09156883843384454,0.8813885662507729
25959,GOF,0.006146608062840722,0.6464752240058491,0.3473781679313102
25960,LOF,0.004862576351436906,0.16492286047777177,0.8302145631707913
25961,LOF,0.026435234107588156,0.0939109642831672,0.8796538016092447
25962,LOF,0.04822006109924794,0.05558431847490184,0.8961956204258502
25963,LOF,0.009412699634705047,0.2002311159781763,0.7903561843871185
25964,LOF,0.04920670516004881,0.12698310090362552,0.8238101939363257
25965,LOF,0.15406806371072404,0.21014482603705056,0.6357871102522253
25966,LOF,0.322519427787604,0.32908389627563017,0.3483966759367659
25967,LOF,0.007306565721108654,0.07478371938142404,0.9179097148974673
25968,LOF,0.06932340220642164,0.309107708240772,0.6215688895528063
25969,LOF,0.14417214396335817,0.06308732146818985,0.792740534568452
25970,LOF,0.04176603659507803,0.249216134159339,0.709017829245583
25971,LOF,0.06568822975762603,0.09101404666050711,0.8432977235818668
25972,LOF,0.06672583256807635,0.12213064514471417,0.8111435222872094
25973,LOF,0.09200133397834555,0.006598804419048651,0.9013998616026058
25974,LOF,0.103496185909061,0.048011228237749864,0.8484925858531891
25975,LOF,0.04094854536363569,0.009323811264198196,0.9497276433721662
25976,LOF,0.09654112294889691,0.006460888212190407,0.8969979888389127
25977,LOF,0.195339458033527,0.10801147607278215,0.6966490658936908
25978,LOF,0.13102189148308138,0.10986875539711892,0.7591093531197998
25979,LOF,0.10310378883425848,0.10789039716548911,0.7890058140002524
25980,LOF,0.15053564271093034,0.2469620588130103,0.6025022984760594
25981,LOF,0.15170589030473006,0.2530338524844322,0.5952602572108376
25982,LOF,0.23313428365226294,0.10420448786676396,0.6626612284809731
25983,Neutral,0.4506490118555206,0.10724624485756744,0.44210474328691196
25984,LOF,0.03441478621455601,0.1986589496440624,0.7669262641413817
25985,Neutral,0.4362795479283308,0.17504201995099225,0.38867843212067693
25986,GOF,0.008737866093840809,0.5303272364974813,0.46093489740867793
25987,LOF,0.019191969493606593,0.12431211424206745,0.8564959162643259
25988,LOF,0.02856582416736357,0.3368134329624321,0.6346207428702044
25989,LOF,0.03071567301630108,0.269201225181199,0.7000831018025
25990,LOF,0.03579127221858871,0.35382890872316247,0.6103798190582489
25991,GOF,0.03480987173251444,0.6449157824108648,0.32027434585662073
25992,LOF,0.010809970349889364,0.376396000271262,0.6127940293788486
25993,LOF,0.03255972594522776,0.0751467251663365,0.8922935488884357
25994,LOF,0.03341923528413767,0.09400518026656705,0.8725755844492953
25995,LOF,0.021149505655455272,0.16708015565392273,0.811770338690622
25996,GOF,0.2641396641504851,0.5823667081404496,0.15349362770906527
25997,GOF,0.05612327002840054,0.6883497483503477,0.25552698162125176
25998,LOF,0.2690057328759885,0.04206333743498768,0.6889309296890238
25999,LOF,0.025070416699560782,0.46101398415903916,0.5139155991414001
26000,LOF,0.12355599771852796,0.01769525947535235,0.8587487428061197
26001,LOF,0.12728216704371909,0.028058219416495743,0.8446596135397851
26002,LOF,0.08334718864073276,0.016434030100466374,0.900218781258801
26003,GOF,0.008886482295135632,0.49679134090014787,0.49432217680471663
26004,LOF,0.02151878132102562,0.469865627230881,0.5086155914480933
26005,LOF,0.006589440716394716,0.4286649618296851,0.5647455974539202
26006,GOF,0.15656227117664057,0.4278566285865566,0.4155811002368029
26007,LOF,0.01272626081326818,0.4677814093287213,0.5194923298580105
26008,LOF,0.008563186148260774,0.4623163843667736,0.5291204294849656
26009,GOF,0.017710768441533294,0.5609604378903279,0.4213287936681388
26010,LOF,0.010853982754502176,0.4924780010283601,0.49666801621713763
26011,LOF,0.008010373915316902,0.4039230793944029,0.5880665466902801
26012,LOF,0.008023030301115112,0.40703891779742724,0.5849380519014576
26013,LOF,0.013163354558918712,0.4213852827439117,0.5654513626971696
26014,LOF,0.05558036864966759,0.0870162764432004,0.8574033549071322
26015,LOF,0.41344890538259543,0.04996834483185987,0.5365827497855447
26016,LOF,0.24267955993683404,0.1422772955135885,0.6150431445495774
26017,LOF,0.015980234008537902,0.44529812715721623,0.538721638834246
26018,LOF,0.02036346351927258,0.16759104852857082,0.8120454879521567
26019,LOF,0.019952610900864722,0.13117609195688107,0.8488712971422542
26020,LOF,0.006975646461798694,0.3568037014236752,0.6362206521145262
26021,LOF,0.08355172975604637,0.25749418922532835,0.6589540810186253
26022,LOF,0.05227750389517495,0.058181905266501174,0.8895405908383239
26023,LOF,0.03121629204398422,0.10957198591451597,0.8592117220414999
26024,LOF,0.04887122354935416,0.1683624031767796,0.7827663732738661
26025,LOF,0.10363161829882256,0.19880407621626334,0.6975643054849142
26026,LOF,0.09154315975496718,0.16797767364869662,0.7404791665963361
26027,LOF,0.03020589234735794,0.06687157248350159,0.9029225351691406
26028,LOF,0.07137517183388904,0.180748804001419,0.747876024164692
26029,LOF,0.0413483548229078,0.08171689044464671,0.8769347547324455
26030,LOF,0.1755938970551993,0.008504867536630602,0.8159012354081701
26031,LOF,0.021504209882443327,0.10365107257145542,0.8748447175461013
26032,LOF,0.03034085271325097,0.020578430255143804,0.9490807170316051
26033,LOF,0.04960834722170476,0.033782244464869875,0.9166094083134253
26034,LOF,0.030135339483197486,0.062409038439444446,0.9074556220773581
26035,LOF,0.01855299846687077,0.07450683683957848,0.9069401646935508
26036,LOF,0.016924549242945897,0.06057211703125849,0.9225033337257956
26037,LOF,0.015919828652978994,0.05762558955413641,0.9264545817928846
26038,LOF,0.02496180217681552,0.020651269788859932,0.9543869280343246
26039,LOF,0.036198499842484945,0.09057954014510147,0.8732219600124135
26040,LOF,0.07155539769500412,0.12856170465525676,0.7998828976497391
26041,LOF,0.018491593178720418,0.07363897986268675,0.907869426958593
26042,LOF,0.017458101003409613,0.07676616146610978,0.9057757375304806
26043,LOF,0.024268859234051036,0.046153789640475694,0.9295773511254732
26044,LOF,0.010285293138069326,0.04162650388629487,0.9480882029756358
26045,LOF,0.08680409816045087,0.16310339886553316,0.750092502974016
26046,LOF,0.023740474753423994,0.051342068545524595,0.9249174567010513
26047,LOF,0.06056457289990238,0.03712643850464068,0.9023089885954569
26048,LOF,0.0683525957127432,0.029434539911271144,0.9022128643759856
26049,Neutral,0.911879540593205,0.006253632276790171,0.08186682713000484
26050,Neutral,0.8343215787397942,0.007639908479035074,0.1580385127811707
26051,GOF,0.027991883651873148,0.5038126770873835,0.4681954392607433
26052,LOF,0.030128678134599584,0.3665224837890102,0.6033488380763902
26053,LOF,0.033335011555940174,0.05841670548699358,0.9082482829570662
26054,LOF,0.057510002148277575,0.06864412925013905,0.8738458686015833
26055,LOF,0.062196674942665495,0.07018904649167092,0.8676142785656635
26056,LOF,0.05878102824948057,0.07696181139908295,0.8642571603514364
26057,LOF,0.052150951575835595,0.020770219349679236,0.927078829074485
26058,LOF,0.05980504209542881,0.01627170946704484,0.9239232484375264
26059,LOF,0.28457451815265794,0.12037790022157423,0.5950475816257679
26060,LOF,0.01464303185485286,0.3082779059109911,0.6770790622341561
26061,LOF,0.012458143332843901,0.013643202665613727,0.9738986540015424
26062,LOF,0.005825208803188511,0.03038487798463418,0.9637899132121773
26063,LOF,0.047643794622756704,0.01883950250650663,0.9335167028707367
26064,LOF,0.009129120120264048,0.017043051538999807,0.9738278283407361
26065,LOF,0.04323977619812172,0.02688464115331816,0.9298755826485602
26066,LOF,0.04294360133963834,0.01694671604191576,0.9401096826184459
26067,LOF,0.04962278499306846,0.01965029324773493,0.9307269217591966
26068,LOF,0.05386711005497832,0.05916115833234056,0.8869717316126811
26069,LOF,0.18230286311600047,0.03934762724048774,0.7783495096435117
26070,LOF,0.4172539928689424,0.024370597146585765,0.5583754099844719
26071,LOF,0.04694710442091781,0.020391252677135485,0.9326616429019466
26072,LOF,0.008918889015532777,0.020112141322134104,0.970968969662333
26073,LOF,0.04740684027109511,0.01649813060592072,0.9360950291229841
26074,Neutral,0.7541149509660986,0.01910773784337552,0.2267773111905258
26075,LOF,0.04387980842007789,0.03274899402252108,0.923371197557401
26076,LOF,0.05690051403009646,0.028832622418987628,0.9142668635509159
26077,LOF,0.16452624358295898,0.02543979020586023,0.8100339662111807
26078,LOF,0.0069553379383651805,0.02593304494586639,0.9671116171157684
26079,LOF,0.06296924305318706,0.03458164881853202,0.9024491081282809
26080,LOF,0.06121082767078016,0.034433015992267856,0.9043561563369521
26081,LOF,0.04826069805702298,0.018962406279278348,0.9327768956636986
26082,LOF,0.007433662862723518,0.029555524964520217,0.9630108121727563
26083,LOF,0.04264319472626294,0.04986027056466996,0.9074965347090671
26084,LOF,0.051143861069628135,0.02805378139030752,0.9208023575400643
26085,LOF,0.04628171929791912,0.024231967894809643,0.9294863128072712
26086,LOF,0.03426162400801062,0.026727098660501616,0.9390112773314879
26087,LOF,0.0438770502020209,0.030527155400430776,0.9255957943975485
26088,LOF,0.00793400084234948,0.0602779090445545,0.931788090113096
26089,LOF,0.03901675822251008,0.06948280146643623,0.8915004403110538
26090,LOF,0.03863873030458209,0.053929994887986436,0.9074312748074314
26091,LOF,0.047423909367257565,0.023836631156068693,0.9287394594766737
26092,LOF,0.05518683179139507,0.01869707216841248,0.9261160960401924
26093,LOF,0.07347518650781339,0.014389246964767104,0.9121355665274195
26094,LOF,0.04110875738641084,0.020598441204639932,0.9382928014089493
26095,LOF,0.013022268944521556,0.033541272145968824,0.9534364589095097
26096,LOF,0.2934990589644889,0.005122511108747639,0.7013784299267635
26097,LOF,0.007557211127033543,0.05165255080526855,0.9407902380676979
26098,LOF,0.06255272156700725,0.03385172068504563,0.9035955577479472
26099,LOF,0.04444518804704822,0.07305260552145723,0.8825022064314945
26100,LOF,0.04444518804704822,0.07305260552145723,0.8825022064314945
26101,LOF,0.03679739096898264,0.06922241970597583,0.8939801893250415
26102,LOF,0.04552765389439826,0.02661855117555614,0.9278537949300456
26103,Neutral,0.8672204892460514,0.047696111063209194,0.0850833996907394
26104,LOF,0.05287952343134313,0.1142080646571905,0.8329124119114664
26105,LOF,0.28562444866779496,0.2192050900147851,0.49517046131741993
26106,LOF,0.28843113756565497,0.17004748394030847,0.5415213784940365
26107,LOF,0.011064659702849965,0.1428839423028904,0.8460513979942595
26108,LOF,0.1358019946343363,0.17055679759650408,0.6936412077691597
26109,LOF,0.044812100332036815,0.035402406096372886,0.9197854935715902
26110,Neutral,0.5426062847145733,0.03205412454708255,0.42533959073834415
26111,LOF,0.056409149712735966,0.21389240161835232,0.7296984486689116
26112,LOF,0.06313008152673608,0.034616575417468244,0.9022533430557957
26113,LOF,0.06860839971527309,0.06575814227566854,0.8656334580090582
26114,LOF,0.09257771664546602,0.026076147726702834,0.8813461356278313
26115,LOF,0.01631102641261147,0.19429167074967094,0.7893973028377175
26116,LOF,0.053664371754114544,0.049257894724397164,0.8970777335214883
26117,LOF,0.26853283519413057,0.06579789523053446,0.665669269575335
26118,LOF,0.0437497425380678,0.022520431260221387,0.9337298262017107
26119,LOF,0.005525862617413575,0.09708785787246182,0.8973862795101245
26120,LOF,0.03354730425589318,0.02479316358761349,0.9416595321564933
26121,LOF,0.004788210209525623,0.10831343592149849,0.8868983538689759
26122,LOF,0.005203083982330764,0.1057519568608632,0.889044959156806
