feature0,prediction,LoGoFunc_Neutral,LoGoFunc_GOF,LoGoFunc_LOF
25546,Neutral,0.7588061252175096,0.027169647616755145,0.21402422716573535
25547,Neutral,0.6076401045264689,0.05593190698052984,0.33642798849300126
25548,Neutral,0.5890023089411548,0.04045383802141675,0.3705438530374284
25549,Neutral,0.5170220858064767,0.04191709822983694,0.44106081596368646
25550,LOF,0.3620884881610897,0.10036487528925182,0.5375466365496585
25551,LOF,0.3062273347900564,0.10988192091479052,0.5838907442951531
25552,LOF,0.1956912261857578,0.1155843994431459,0.6887243743710963
25553,Neutral,0.8256327982981988,0.030587725845246962,0.14377947585655415
25554,LOF,0.238766371442844,0.11124952575779276,0.6499841027993631
25555,LOF,0.19083855266782868,0.08974471344331261,0.7194167338888587
25556,LOF,0.41434633854882436,0.09156727874877617,0.49408638270239946
25557,LOF,0.18385065352131008,0.10162234858581123,0.7145269978928788
25558,LOF,0.23673671395334256,0.11110511984428283,0.6521581662023745
25559,LOF,0.373906324354195,0.05748836194237348,0.5686053137034316
25560,LOF,0.05931450788539966,0.19451339312246158,0.7461720989921387
25561,LOF,0.11322571674265429,0.21720932212127758,0.6695649611360681
25562,LOF,0.10309681386289243,0.09316905096965636,0.8037341351674513
25563,LOF,0.10725170339954189,0.1012787115691208,0.7914695850313374
25564,LOF,0.16181866357094013,0.1659169654722468,0.6722643709568131
25565,LOF,0.12847193430864626,0.16723201220704006,0.7042960534843138
25566,GOF,0.014238895458441524,0.7338512618282375,0.25190984271332106
25567,LOF,0.013375843674051946,0.13313633202742228,0.8534878242985257
25568,LOF,0.05525509207263259,0.06057942239298465,0.8841654855343829
25569,LOF,0.06650887099428003,0.057534788523988224,0.8759563404817318
25570,LOF,0.06916242134074821,0.09870106058403395,0.8321365180752179
25571,LOF,0.062266610556071106,0.09518394623191984,0.8425494432120091
25572,LOF,0.07269907873613593,0.13247569729710737,0.7948252239667568
25573,LOF,0.029431189474319698,0.08974772638213074,0.8808210841435496
25574,LOF,0.019788736398059413,0.14781534324548165,0.8323959203564589
25575,LOF,0.0510073414830705,0.111733771332274,0.8372588871846555
25576,LOF,0.02226075785430487,0.1200660064548565,0.8576732356908386
25577,LOF,0.016865444148980925,0.13846547889845917,0.8446690769525599
25578,LOF,0.22817425328791371,0.0851589249658827,0.6866668217462035
25579,LOF,0.23092128329242978,0.083874769050195,0.6852039476573752
25580,LOF,0.03446491291264532,0.08954575206229697,0.8759893350250576
25581,LOF,0.05461070983031745,0.06327791838052739,0.8821113717891552
25582,LOF,0.05430995389156311,0.060952485447206425,0.8847375606612304
25583,LOF,0.04055836373208077,0.10044617238385599,0.8589954638840632
25584,LOF,0.44725075989074453,0.087036511393066,0.4657127287161894
25585,LOF,0.03624518849453819,0.10460825167819748,0.8591465598272644
25586,LOF,0.038368984529046614,0.08401259386809114,0.8776184216028623
25587,LOF,0.035851826501003194,0.07973317436066744,0.8844149991383294
25588,LOF,0.03455983966643356,0.10158237931153832,0.8638577810220281
25589,Neutral,0.6007960311667557,0.10421906084917369,0.29498490798407057
25590,LOF,0.029455860363807852,0.1278349387945622,0.8427092008416298
25591,LOF,0.12551313252203264,0.049117587957370236,0.8253692795205971
25592,LOF,0.10448016841483504,0.139038007210658,0.7564818243745071
25593,LOF,0.016939629065124685,0.2434048776038529,0.7396554933310224
25594,LOF,0.038715441111894816,0.1720599070556805,0.7892246518324247
25595,LOF,0.06226866218804006,0.12175952366523532,0.8159718141467246
25596,LOF,0.05933971852454897,0.09911156364673977,0.8415487178287113
25597,LOF,0.06001954337037363,0.06795166839297384,0.8720287882366525
25598,LOF,0.04916009109788717,0.1680205187120443,0.7828193901900685
25599,GOF,0.0075047738520083755,0.7520771650649138,0.2404180610830778
25600,GOF,0.009467438500808934,0.5308230856610493,0.4597094758381417
25601,LOF,0.007332432440107516,0.4418774122223248,0.5507901553375677
25602,LOF,0.025013432571458452,0.04873633452723079,0.9262502329013107
25603,LOF,0.03392228168844456,0.036754391222855974,0.9293233270886996
25604,LOF,0.04126899437455468,0.056074912714631726,0.9026560929108136
25605,LOF,0.011276731029359298,0.2624418180680966,0.7262814509025441
25606,LOF,0.06233801000147794,0.457320119021013,0.4803418709775091
25607,LOF,0.004258111036388767,0.14821338290017383,0.8475285060634375
25608,LOF,0.06638515144226394,0.059262098136272125,0.8743527504214639
25609,LOF,0.05570753782214359,0.38549888743434335,0.558793574743513
25610,LOF,0.050677396888879817,0.0344124048489873,0.9149101982621328
25611,LOF,0.05413184774939622,0.03255707913734474,0.9133110731132591
25612,LOF,0.12382264621523076,0.05659740050414009,0.8195799532806292
25613,LOF,0.10397891155738084,0.04598315142353684,0.8500379370190823
25614,LOF,0.03916626123147996,0.04414267541033316,0.9166910633581868
25615,LOF,0.05983567105872903,0.040990595865726356,0.8991737330755447
25616,LOF,0.04006072817212781,0.04364914777237247,0.9162901240554998
25617,LOF,0.039382402450957706,0.051613522564506735,0.9090040749845355
25618,LOF,0.2363067143347,0.041362961976011026,0.722330323689289
25619,LOF,0.03943215450553124,0.03737429168612873,0.92319355380834
25620,LOF,0.04109241995220544,0.0503384561420693,0.9085691239057253
25621,LOF,0.03656611691024428,0.03397754317129818,0.9294563399184576
25622,LOF,0.03265007610630189,0.05067359532123416,0.916676328572464
25623,LOF,0.06103480546650523,0.036822130209266175,0.9021430643242285
25624,LOF,0.032575605796325374,0.05214406103334648,0.9152803331703281
25625,LOF,0.03967791486768367,0.05870537435966972,0.9016167107726467
25626,LOF,0.08938137974838452,0.037138637760079134,0.8734799824915362
25627,Neutral,0.5787137854021028,0.09303042256943211,0.32825579202846505
25628,LOF,0.2011469080936979,0.04935115734686553,0.7495019345594366
25629,LOF,0.08966923772418417,0.12194348948960063,0.7883872727862151
25630,LOF,0.21847451159203907,0.08264791294067363,0.6988775754672873
25631,Neutral,0.6131866595804886,0.06288866808432095,0.32392467233519046
25632,LOF,0.022701384705222025,0.07576335264325883,0.9015352626515192
25633,LOF,0.21782680915217706,0.09293530360248431,0.6892378872453386
25634,LOF,0.037563268194856565,0.11055624448193097,0.8518804873232125
25635,LOF,0.035297518384918,0.08498076030313809,0.8797217213119438
25636,GOF,0.006660319814302292,0.6692209434380026,0.32411873674769515
25637,GOF,0.0049848112556743025,0.5381263128880533,0.4568888758562723
25638,LOF,0.009637635510557059,0.4209255144603652,0.5694368500290778
25639,LOF,0.00502847156895202,0.4552164694392152,0.5397550589918328
25640,GOF,0.3743943384209952,0.5862869922920569,0.03931866928694797
25641,LOF,0.006240759171928639,0.3392090167498826,0.6545502240781887
25642,LOF,0.25688631608834217,0.09407643726449573,0.6490372466471621
25643,LOF,0.18917624033612562,0.3341308687660953,0.476692890897779
25644,GOF,0.028004930968268074,0.6717146531776991,0.30028041585403287
25645,GOF,0.019850499305227868,0.6150720877017072,0.365077412993065
25646,LOF,0.025208317485124334,0.4459598207174672,0.5288318617974085
25647,LOF,0.018987404342966117,0.30332125295170803,0.6776913427053258
25648,LOF,0.015344660496505912,0.3600228346946638,0.6246325048088303
25649,LOF,0.014207583920962046,0.2663045796273098,0.7194878364517281
25650,GOF,0.04451443212519387,0.6543014703962496,0.3011840974785565
25651,LOF,0.012991603814026738,0.30532267975084854,0.6816857164351247
25652,LOF,0.021308114201640117,0.32126802551199746,0.6574238602863623
25653,GOF,0.07934370071650788,0.5468036772224478,0.3738526220610442
25654,LOF,0.014911544542532266,0.3481235848392931,0.6369648706181745
25655,GOF,0.11988727134561135,0.503991879081513,0.3761208495728757
25656,LOF,0.05586889611831568,0.09515992984572144,0.8489711740359628
25657,LOF,0.2935655777721862,0.03809677712082524,0.6683376451069885
25658,LOF,0.030359161281999007,0.17188951801732594,0.7977513207006751
25659,LOF,0.20448889621408842,0.09075148478620583,0.7047596189997057
25660,LOF,0.10283867292734365,0.08807723323183578,0.8090840938408205
25661,LOF,0.08139917198177246,0.06668178471433686,0.8519190433038906
25662,LOF,0.03626998500683507,0.04496709840919815,0.9187629165839667
25663,LOF,0.045756124551618114,0.08231795114415612,0.8719259243042259
25664,LOF,0.03165212035844306,0.14825294402104042,0.8200949356205165
25665,LOF,0.05520834995747551,0.05902289420874143,0.8857687558337831
25666,LOF,0.040035486095583724,0.1855549926339837,0.7744095212704325
25667,LOF,0.036139538817937376,0.06383658823363277,0.9000238729484299
25668,LOF,0.04576378312303093,0.05954187959081299,0.894694337286156
25669,LOF,0.05020769431908076,0.10640690004692195,0.8433854056339973
25670,LOF,0.13325939074041354,0.10609236398084627,0.7606482452787402
25671,LOF,0.04481726753721507,0.05462246072179581,0.9005602717409892
25672,LOF,0.054599100948189275,0.07551841993892527,0.8698824791128855
25673,LOF,0.0386535207733722,0.08057954463403622,0.8807669345925916
25674,LOF,0.03039015108599517,0.09113164069529534,0.8784782082187096
25675,LOF,0.03781098116775142,0.08778057264225013,0.8744084461899985
25676,LOF,0.03582065774968362,0.0662053548114008,0.8979739874389157
25677,LOF,0.08982946277007109,0.05538791944191193,0.854782617788017
25678,LOF,0.1681389393854421,0.04860560281923566,0.7832554577953222
25679,LOF,0.10983939005030065,0.08079552728909391,0.8093650826606054
25680,LOF,0.09497348090178917,0.08720773299115053,0.8178187861070604
25681,LOF,0.11219120942624937,0.08204681888648896,0.8057619716872616
25682,LOF,0.05460969962920093,0.07268177254407465,0.8727085278267244
25683,LOF,0.07384196372691959,0.11580849945850621,0.8103495368145742
25684,LOF,0.06558296040124074,0.07616752290947328,0.858249516689286
25685,LOF,0.10721067797881274,0.05857642417570675,0.8342128978454804
25686,LOF,0.032898640501949114,0.12974642963994623,0.8373549298581047
25687,LOF,0.05777828540190372,0.10943384192768339,0.832787872670413
25688,LOF,0.018412242276054865,0.08364752010499277,0.8979402376189524
25689,LOF,0.014878424498864933,0.04957247485776929,0.9355491006433657
25690,LOF,0.015497020630423632,0.05881108420442944,0.9256918951651468
25691,LOF,0.11490052371235095,0.08780936636035373,0.7972901099272953
25692,LOF,0.1687228048857382,0.01134645107634893,0.8199307440379128
25693,LOF,0.042661662464857614,0.15352145820384186,0.8038168793313005
25694,LOF,0.2865471849808479,0.01497805293344689,0.6984747620857052
25695,LOF,0.21807336719403847,0.021205155910304318,0.7607214768956572
25696,LOF,0.14186801114394973,0.017150875779039978,0.8409811130770103
25697,LOF,0.12414650976460181,0.03673901923742974,0.8391144709979683
25698,LOF,0.025238939701754313,0.27785503486478275,0.6969060254334629
25699,LOF,0.09489545389473053,0.09293875079098893,0.8121657953142806
25700,LOF,0.03829343832364043,0.017379403891712556,0.9443271577846472
25701,LOF,0.01749532807855172,0.09123839877658323,0.8912662731448651
25702,GOF,0.022980828823745306,0.7431728535127522,0.23384631766350247
25703,LOF,0.014920839500759994,0.2270149291934977,0.7580642313057423
25704,LOF,0.09244878307987801,0.2084687008691584,0.6990825160509635
25705,LOF,0.09475546007003532,0.2932932064531719,0.6119513334767928
25706,GOF,0.02391465176151635,0.6627424945971719,0.31334285364131176
25707,GOF,0.02889059609888227,0.6487426297770721,0.3223667741240455
25708,GOF,0.009396325592469622,0.6136580391106012,0.37694563529692904
25709,LOF,0.027638152704868024,0.09885541945099814,0.8735064278441339
25710,LOF,0.005428002713824419,0.2653984449383686,0.729173552347807
25711,LOF,0.031038338828294848,0.16268816941417305,0.8062734917575322
25712,LOF,0.007420873857527988,0.32661700312938324,0.6659621230130889
25713,LOF,0.025318484407491855,0.15012965206063222,0.8245518635318759
25714,LOF,0.028630786656924766,0.19868683536435428,0.772682377978721
25715,LOF,0.031517350001351245,0.1618143113632535,0.8066683386353952
25716,LOF,0.00831204479989592,0.19651578618104398,0.7951721690190601
25717,LOF,0.006424039930440075,0.19560819923707162,0.7979677608324883
25718,LOF,0.027228361899871673,0.12637142045956945,0.8464002176405587
25719,LOF,0.03781286863210694,0.13892463370275757,0.8232624976651355
25720,LOF,0.038841053780162935,0.12962182587501908,0.831537120344818
25721,LOF,0.032560336328518305,0.12367370589998232,0.8437659577714993
25722,LOF,0.02067028604512868,0.16461860366475337,0.8147111102901179
25723,LOF,0.03165311517470606,0.11402933688481452,0.8543175479404794
25724,LOF,0.03141672991702819,0.19969879089322873,0.7688844791897431
25725,LOF,0.03217081727275989,0.11228576122988874,0.8555434214973513
25726,LOF,0.019592519933052267,0.15869772374640914,0.8217097563205386
25727,LOF,0.026373353751929448,0.1622074683879126,0.8114191778601579
25728,LOF,0.027973198670335698,0.14238097515432546,0.8296458261753389
25729,LOF,0.026706679609182576,0.16537043715786182,0.8079228832329556
25730,LOF,0.03084133045312209,0.11536611668048756,0.8537925528663904
25731,LOF,0.011264161676704855,0.25525270227799834,0.7334831360452967
25732,LOF,0.023235458555307273,0.1312769818521203,0.8454875595925724
25733,LOF,0.0384156762524451,0.12861156593831347,0.8329727578092415
25734,LOF,0.007154238940168481,0.32480257821321956,0.668043182846612
25735,LOF,0.028987062076452914,0.10293712811230572,0.8680758098112413
25736,LOF,0.026691402143145575,0.17498527900947883,0.7983233188473755
25737,LOF,0.062434886295304436,0.16190966464239276,0.7756554490623028
25738,LOF,0.026338054540708096,0.2005909777592346,0.7730709677000572
25739,LOF,0.033344560964583755,0.1610920526646407,0.8055633863707755
25740,LOF,0.034384204701101116,0.175628306847604,0.7899874884512949
25741,LOF,0.04193890531775233,0.1531673402171487,0.804893754465099
25742,LOF,0.05263707461554249,0.1509190899528246,0.7964438354316329
25743,LOF,0.011437241796629947,0.022086287710628337,0.9664764704927418
25744,LOF,0.21739195820740836,0.25679830473216364,0.5258097370604279
25745,LOF,0.048117606349782786,0.06160067242067294,0.8902817212295443
25746,LOF,0.01786030416283534,0.08534675642067553,0.8967929394164891
25747,LOF,0.04110636681837364,0.025204040818737276,0.9336895923628892
25748,LOF,0.2819532294487567,0.041652738348760675,0.6763940322024826
25749,LOF,0.01659442062795906,0.04895569875211925,0.9344498806199217
25750,LOF,0.024097921000718576,0.05259899350608301,0.9233030854931985
25751,LOF,0.03879107398998796,0.03985415076256243,0.9213547752474497
25752,GOF,0.0746858141817536,0.7306935940018803,0.19462059181636615
25753,LOF,0.006048467232063001,0.4021446257958082,0.5918069069721288
25754,GOF,0.007102472086721704,0.8923438727795199,0.10055365513375832
25755,LOF,0.0063304446687305034,0.44688675120151855,0.5467828041297509
25756,LOF,0.025439106005277427,0.454519157062482,0.5200417369322404
25757,GOF,0.007505874080157007,0.8717057918177212,0.12078833410212185
25758,GOF,0.008386166529370779,0.877648603726115,0.11396522974451419
25759,GOF,0.0056102152247364005,0.669007081773377,0.3253827030018866
25760,LOF,0.005724685678044543,0.34748616662748694,0.6467891476944685
25761,GOF,0.04368847077124435,0.8531778016598432,0.1031337275689124
25762,LOF,0.028926483535390558,0.3965478546978273,0.5745256617667821
25763,LOF,0.006176282069302644,0.29459646212283025,0.699227255807867
25764,GOF,0.05284505681794418,0.661688017279674,0.28546692590238176
25765,GOF,0.008384757648347157,0.887084990960107,0.10453025139154588
25766,GOF,0.04952196499363665,0.8148107468432161,0.1356672881631473
25767,GOF,0.02018790313694081,0.5142506854586192,0.46556141140444
25768,LOF,0.05903840497658899,0.05324101340969598,0.887720581613715
25769,LOF,0.03413975252697754,0.08079601364894633,0.8850642338240761
25770,LOF,0.2194227797715191,0.07005750026084455,0.7105197199676363
25771,LOF,0.019051425886538687,0.06832676083304534,0.9126218132804159
25772,LOF,0.03539894031189357,0.026675773043494683,0.9379252866446117
25773,LOF,0.020709372764702763,0.06963474755205092,0.9096558796832462
25774,LOF,0.03216336760627775,0.10157652719525449,0.8662601051984677
25775,LOF,0.021065748709617953,0.03782571756564492,0.9411085337247371
25776,LOF,0.03536837671952962,0.022026207963258656,0.9426054153172116
25777,LOF,0.3170905583890823,0.06794569201936579,0.6149637495915519
25778,LOF,0.028509706965286544,0.04819829634442584,0.9232919966902877
25779,GOF,0.08960346661577841,0.8393531217378757,0.07104341164634596
25780,GOF,0.11070895016709964,0.8296168586850233,0.05967419114787698
25781,GOF,0.042974615611151686,0.8309556815422376,0.1260697028466107
25782,GOF,0.04918018352270499,0.8788874005702764,0.07193241590701854
25783,GOF,0.0483167051217984,0.8998381091738463,0.05184518570435538
25784,GOF,0.13218581332104276,0.8179527908864377,0.049861395792519504
25785,GOF,0.13928919307725382,0.8134682718243031,0.047242535098443054
25786,GOF,0.01272694035664466,0.8521022177626654,0.13517084188069003
25787,GOF,0.2784844927225844,0.6714983930062585,0.0500171142711571
25788,LOF,0.01845468947867932,0.14508281736696063,0.8364624931543599
25789,GOF,0.02363057452796435,0.819828005224228,0.15654142024780757
25790,GOF,0.03609661675319252,0.8466118622962869,0.11729152095052048
25791,GOF,0.03275649654140296,0.732651632240091,0.23459187121850622
25792,GOF,0.03799254130674246,0.7731109738489895,0.18889648484426783
25793,GOF,0.05650159568396879,0.7979659023625936,0.14553250195343762
25794,GOF,0.06525623396105454,0.7108854873474321,0.22385827869151348
25795,GOF,0.06647765217678897,0.7009776226571883,0.2325447251660227
25796,GOF,0.15914869537347767,0.7481303537556885,0.09272095087083387
25797,GOF,0.1289025929742303,0.6876117774203683,0.18348562960540138
25798,GOF,0.008543171539934826,0.732164998114101,0.25929183034596426
25799,GOF,0.005024563507806024,0.6245126154358547,0.37046282105633926
25800,GOF,0.03176679321431646,0.7940661826116358,0.17416702417404764
25801,GOF,0.028175765004653384,0.8818439007216774,0.08998033427366918
25802,GOF,0.03815833280679065,0.7468623988887717,0.2149792683044376
25803,GOF,0.027008708462684012,0.6696240583148845,0.30336723322243164
25804,GOF,0.042216424696671424,0.7228329871474468,0.23495058815588168
25805,GOF,0.03910627092525699,0.7475480689925645,0.21334566008217862
25806,GOF,0.05185264606087041,0.7555492970521934,0.1925980568869361
25807,GOF,0.016031827464829725,0.7140801877123758,0.26988798482279447
25808,GOF,0.03147406573796902,0.728309410291144,0.24021652397088702
25809,GOF,0.01481968507604635,0.6843565013094182,0.3008238136145355
25810,GOF,0.013018941075632907,0.6632182294067657,0.3237628295176013
25811,GOF,0.07114116483836383,0.832260388910259,0.09659844625137723
25812,GOF,0.03229657105281629,0.738128805699004,0.22957462324817976
25813,GOF,0.17508210714955702,0.7342676442616943,0.09065024858874866
25814,GOF,0.03388120420193159,0.7635836528338535,0.20253514296421493
25815,GOF,0.07066557969929334,0.7968553125373717,0.13247910776333496
25816,GOF,0.010773375661939947,0.846790599810927,0.142436024527133
25817,GOF,0.13199652931616793,0.763024481335734,0.10497898934809813
25818,GOF,0.03712038615225092,0.7463038085749352,0.21657580527281398
25819,GOF,0.0637442629741983,0.7214283575635321,0.21482737946226965
25820,GOF,0.06241103284647084,0.6854244129068149,0.2521645542467142
25821,GOF,0.041047070837674046,0.7386878972646601,0.22026503189766594
25822,GOF,0.08348097963951925,0.6819753434663237,0.23454367689415698
25823,GOF,0.03735730657671486,0.6332091577730503,0.3294335356502348
25824,GOF,0.04109768272755327,0.7059714220313544,0.25293089524109236
25825,GOF,0.03234813370672443,0.6909920497787887,0.27665981651448684
25826,GOF,0.015723985681648824,0.640732897580411,0.34354311673794025
25827,GOF,0.019459036454860433,0.6292839016537457,0.3512570618913939
25828,GOF,0.014414583431898671,0.6561201209688285,0.3294652955992726
25829,GOF,0.005060192454450626,0.6070273559145586,0.3879124516309908
25830,LOF,0.04306941975901684,0.47217838478073426,0.4847521954602487
25831,GOF,0.07073800048433204,0.7681517942834861,0.16111020523218175
25832,GOF,0.012113398780390632,0.6908247245626308,0.29706187665697864
25833,GOF,0.04326410485170638,0.7627023833828454,0.1940335117654482
25834,GOF,0.012213328629043597,0.7012279619089067,0.28655870946204975
25835,GOF,0.029149577115330217,0.7614742828575293,0.20937614002714042
25836,GOF,0.008583209604225926,0.6730974687601966,0.3183193216355775
25837,GOF,0.011049571814218687,0.6855210771181943,0.30342935106758695
25838,GOF,0.027951143554222457,0.7708337740549274,0.20121508239085006
25839,GOF,0.09128810056173814,0.7258181958641629,0.18289370357409898
25840,GOF,0.12173469308623194,0.7008246022631353,0.17744070465063283
25841,GOF,0.11771107362601006,0.7390380792909192,0.1432508470830706
25842,GOF,0.03612295911572236,0.8341241918713402,0.1297528490129375
25843,GOF,0.03731218241703081,0.8394112882971246,0.12327652928584451
25844,GOF,0.025173204683139088,0.7620270820372214,0.2127997132796396
25845,GOF,0.007299024881065767,0.6533975365522489,0.33930343856668543
25846,GOF,0.07856990297209113,0.7911613669020661,0.13026873012584275
25847,GOF,0.01806758424367974,0.8304129671934799,0.15151944856284033
25848,GOF,0.030034873208230513,0.779882772875021,0.1900823539167485
25849,GOF,0.00892096790082044,0.7449329024430462,0.24614612965613333
25850,GOF,0.008504511501948295,0.6764846707060609,0.3150108177919907
25851,GOF,0.008073895419205147,0.6226000728980937,0.3693260316827011
25852,GOF,0.1702716673779211,0.5281500396969312,0.3015782929251477
25853,GOF,0.07575936356216345,0.7627474922882995,0.16149314414953722
25854,GOF,0.007291908274528502,0.6477119666661453,0.3449961250593263
25855,GOF,0.02621473571906072,0.6287138598364551,0.3450714044444841
25856,GOF,0.05621137688134751,0.6893319165652224,0.25445670655343
25857,GOF,0.026678239843804425,0.6278498667856576,0.345471893370538
25858,GOF,0.011858357041016605,0.5901360877895804,0.3980055551694031
25859,GOF,0.008482302197094078,0.5581847147613036,0.43333298304160234
25860,GOF,0.10165521968766884,0.7344177804121118,0.16392699990021933
25861,GOF,0.11694777334722643,0.7394939522013757,0.14355827445139782
25862,GOF,0.028133623703448626,0.8532268742939675,0.11863950200258393
25863,GOF,0.024995868706720978,0.839103484457951,0.13590064683532802
25864,GOF,0.0676917548761824,0.8355384145844998,0.09676983053931759
25865,GOF,0.061007976601333315,0.7885286615922181,0.15046336180644865
25866,GOF,0.02938171842862888,0.7976257023895439,0.17299257918182717
25867,GOF,0.04770518260088821,0.8063895365970725,0.14590528080203935
25868,GOF,0.08727554583420787,0.7253431743749871,0.18738127979080504
25869,GOF,0.41547541345077066,0.4643679694179384,0.12015661713129093
25870,GOF,0.08231476897306744,0.4892108638597608,0.4284743671671718
25871,GOF,0.010661678462989902,0.7691577364722797,0.22018058506473037
25872,GOF,0.02680407615249378,0.7776480424278893,0.1955478814196169
25873,GOF,0.025311524142636252,0.8430361773743437,0.1316522984830201
25874,LOF,0.019427504371905754,0.16564916600421017,0.8149233296238841
25875,LOF,0.024661976110490817,0.10451959406260103,0.8708184298269082
25876,LOF,0.019612802434173595,0.07428812452209013,0.9060990730437363
25877,LOF,0.09271669754825855,0.20165897778150493,0.7056243246702365
25878,LOF,0.06726841040507814,0.23998218278265335,0.6927494068122685
25879,LOF,0.01081053820650201,0.1941554566299646,0.7950340051635334
25880,LOF,0.06279069067760498,0.02314336442646852,0.9140659448959265
25881,Neutral,0.5489293104024291,0.08901510015807178,0.3620555894394992
25882,LOF,0.07414591374082775,0.02596766710200898,0.8998864191571633
25883,LOF,0.033166146291255624,0.02550522070292006,0.9413286330058244
25884,LOF,0.020842533040446604,0.03774206209210055,0.9414154048674529
25885,LOF,0.19220683605241953,0.01201285654708555,0.795780307400495
25886,LOF,0.25608804005806246,0.0513229494732537,0.6925890104686838
25887,LOF,0.09042189874458016,0.11350834561375675,0.796069755641663
25888,LOF,0.009110539324499255,0.15517596668793462,0.8357134939875662
25889,LOF,0.028337699529251574,0.03406049684561778,0.9376018036251307
25890,LOF,0.18891094157612495,0.07512162905485459,0.7359674293690204
25891,LOF,0.10668494640119677,0.036610342809887404,0.8567047107889159
25892,LOF,0.009026906493287383,0.028673302219379682,0.962299791287333
25893,LOF,0.31593071275453183,0.009184138331684275,0.6748851489137839
25894,LOF,0.32210229534396717,0.007787005887952137,0.6701106987680806
25895,LOF,0.26995104349837074,0.014296778910974417,0.7157521775906549
25896,LOF,0.0860060335769902,0.028428288450983035,0.8855656779720268
25897,LOF,0.1206486158326769,0.01169705353191547,0.8676543306354076
25898,LOF,0.1208878274324919,0.028503798206396327,0.8506083743611118
25899,LOF,0.413968306213319,0.033498398862283285,0.5525332949243977
25900,Neutral,0.6543733124382769,0.012579667303302717,0.33304702025842037
25901,LOF,0.11210542390956207,0.01342389419267185,0.8744706818977661
25902,LOF,0.11227261467255935,0.014030078805552426,0.8736973065218883
25903,LOF,0.18749511172538763,0.026866591959752727,0.7856382963148597
25904,Neutral,0.5438462692463497,0.04211858001072935,0.4140351507429209
25905,LOF,0.007588191691072125,0.39329350498054105,0.5991183033283869
25906,LOF,0.009813503378313023,0.07145432443643493,0.9187321721852519
25907,LOF,0.009087856522666374,0.23858193668822486,0.7523302067891088
25908,LOF,0.009121508778025169,0.22749156822618305,0.7633869229957918
25909,LOF,0.03267486368760647,0.09552924534630819,0.8717958909660855
25910,LOF,0.01318409454151415,0.145140065368594,0.8416758400898918
25911,LOF,0.18326342803558487,0.026519316310461956,0.7902172556539531
25912,LOF,0.11242458737200144,0.021161944117245993,0.8664134685107526
25913,LOF,0.01927592144253518,0.02987963808352825,0.9508444404739366
25914,LOF,0.043847295134344634,0.02892290620975541,0.9272297986559
25915,LOF,0.14843546019923823,0.18757842663117005,0.6639861131695917
25916,LOF,0.012715398070281396,0.09821237602841262,0.889072225901306
25917,LOF,0.0787914305716594,0.03252453042748195,0.8886840390008587
25918,LOF,0.041931007545826224,0.016229812006236653,0.9418391804479372
25919,LOF,0.03582860853809526,0.017586823534789724,0.946584567927115
25920,LOF,0.3583299998623739,0.16388685678146617,0.47778314335615996
25921,LOF,0.022166947155588,0.01837372032952786,0.9594593325148841
25922,LOF,0.019702861211851788,0.019757533521200223,0.9605396052669479
25923,LOF,0.4567052455958802,0.012639293647867563,0.5306554607562521
25924,LOF,0.02953783512689027,0.018502790706889448,0.9519593741662202
25925,LOF,0.1178109984488007,0.02758038104632866,0.8546086205048706
25926,LOF,0.10019708022082957,0.021581211038566504,0.8782217087406039
25927,LOF,0.028664897280775915,0.03863082465139738,0.9327042780678266
25928,LOF,0.015580460244438115,0.024493179336437635,0.9599263604191243
25929,Neutral,0.5980037417556429,0.012419244310272711,0.38957701393408445
25930,LOF,0.09880259904243403,0.012949770985594551,0.8882476299719715
25931,LOF,0.01773253266574158,0.016474556069155905,0.9657929112651026
25932,LOF,0.09089503302403895,0.01451715971225279,0.8945878072637083
25933,LOF,0.09656321255692263,0.008577397294385789,0.8948593901486915
25934,LOF,0.0954568692651193,0.007875023371321066,0.8966681073635596
25935,LOF,0.12431057105743708,0.02169830719947808,0.8539911217430849
25936,LOF,0.10608251482119534,0.00855134798636696,0.8853661371924377
25937,LOF,0.02418790092872652,0.013789024518805369,0.962023074552468
25938,LOF,0.12327091345492151,0.019192595918864623,0.8575364906262138
25939,LOF,0.07220695218510129,0.012168457920166402,0.9156245898947323
25940,GOF,0.011699897428089797,0.5411569509836068,0.4471431515883035
25941,Neutral,0.4919295411801454,0.04072315903003889,0.4673472997898158
25942,LOF,0.011529326662191202,0.047581176616619626,0.9408894967211892
25943,LOF,0.05727072632647652,0.17708699168781117,0.7656422819857124
25944,LOF,0.056992849501747905,0.09361463725654617,0.8493925132417058
25945,LOF,0.16541895389704886,0.030842016650020426,0.8037390294529306
25946,LOF,0.08303779497723236,0.04284409780542507,0.8741181072173425
25947,Neutral,0.4862484815782016,0.13354482759248792,0.38020669082931047
25948,LOF,0.38659068620716264,0.012897894256425194,0.6005114195364122
25949,LOF,0.14492500327091834,0.06611487757376276,0.7889601191553189
25950,GOF,0.11679049785054565,0.5662482822205369,0.31696121992891757
25951,LOF,0.011203601294083225,0.4458208709959406,0.5429755277099761
25952,LOF,0.1785863486668444,0.2291115444142203,0.5923021069189353
25953,LOF,0.008311887519077564,0.2855159607021367,0.7061721517787858
25954,LOF,0.07622132526834716,0.4235831357239687,0.5001955390076841
25955,LOF,0.011249985778502105,0.24699182474516343,0.7417581894763345
25956,LOF,0.012075063081081413,0.34469244043216585,0.6432324964867528
25957,LOF,0.16332157269764022,0.05128265365161612,0.7853957736507436
25958,LOF,0.03228444883102907,0.06286600833822968,0.9048495428307414
25959,GOF,0.00647958446769481,0.7283774467826734,0.26514296874963184
25960,LOF,0.0050103125095473594,0.11822813977121924,0.8767615477192334
25961,LOF,0.02844167320336556,0.05167167925225469,0.9198866475443798
25962,LOF,0.0349177689096588,0.08675108646936557,0.8783311446209755
25963,LOF,0.009286273144731516,0.1285549282996192,0.8621587985556494
25964,LOF,0.04130957629270383,0.10816951022839914,0.850520913478897
25965,LOF,0.1989167252934203,0.15597331847709292,0.6451099562294867
25966,LOF,0.31758443455338203,0.10200512323088773,0.5804104422157302
25967,LOF,0.006717305371145755,0.08385839139612175,0.9094243032327326
25968,LOF,0.05054977292033754,0.282698584660146,0.6667516424195163
25969,LOF,0.14166788269366684,0.0635587924625512,0.7947733248437819
25970,LOF,0.06265650341547022,0.05956183563654002,0.8777816609479897
25971,LOF,0.07239252341648618,0.031007104940689912,0.8966003716428238
25972,LOF,0.08225779957178897,0.050577082356314466,0.8671651180718967
25973,LOF,0.059762755061082196,0.00894495567892311,0.9312922892599946
25974,LOF,0.05325891326089362,0.04805880028994586,0.8986822864491604
25975,LOF,0.03879536997790332,0.014531283756835885,0.9466733462652607
25976,LOF,0.0925369190186824,0.010335092219983973,0.8971279887613336
25977,LOF,0.2554096861772764,0.045768139748175944,0.6988221740745477
25978,LOF,0.15259363227402256,0.15730248921058268,0.6901038785153948
25979,LOF,0.1230623999861841,0.16622713284749893,0.7107104671663169
25980,LOF,0.19029228363752404,0.25145202384930454,0.5582556925131715
25981,LOF,0.19059184462177908,0.25361612757943347,0.5557920277987874
25982,LOF,0.3470107703708455,0.11775518777838638,0.5352340418507682
25983,Neutral,0.44176102350062885,0.12012280547499933,0.43811617102437195
25984,LOF,0.06866105246358976,0.09193673866198503,0.8394022088744252
25985,Neutral,0.49135046277450106,0.11285434222538526,0.3957951950001137
25986,LOF,0.01485272811771229,0.4408066188198346,0.5443406530624532
25987,LOF,0.04293227069438304,0.10562686888931615,0.8514408604163008
25988,LOF,0.07502134130397915,0.14649438171864015,0.7784842769773808
25989,LOF,0.07575535217018815,0.2412127486441238,0.6830318991856881
25990,LOF,0.062101949191462995,0.3642579799448279,0.573640070863709
25991,GOF,0.023742996985382972,0.5539911412304079,0.42226586178420905
25992,LOF,0.012215764787662125,0.44074247960177204,0.5470417556105659
25993,LOF,0.018458291063480157,0.07078202576257299,0.910759683173947
25994,LOF,0.030081325646559513,0.06953563351515288,0.9003830408382877
25995,LOF,0.018102294410091965,0.1301097235172911,0.851787982072617
25996,GOF,0.324687767153313,0.42909522943582357,0.24621700341086333
25997,GOF,0.05919872489027487,0.5094392375851308,0.4313620375245944
25998,LOF,0.24906537817490965,0.03820771863775024,0.7127269031873401
25999,LOF,0.024144891315100787,0.3355744879775002,0.6402806207073989
26000,LOF,0.14419633512855998,0.01496891771781694,0.840834747153623
26001,LOF,0.16252931412271393,0.023230783936600285,0.8142399019406857
26002,LOF,0.09057520032842035,0.02345999259071802,0.8859648070808617
26003,GOF,0.006814138035581263,0.5857738201747112,0.4074120417897076
26004,GOF,0.017159912162279127,0.5661180673128626,0.41672202052485824
26005,LOF,0.005522139808338886,0.45124377678511574,0.5432340834065453
26006,GOF,0.11668769116774556,0.4769524916844681,0.40635981714778635
26007,LOF,0.010759612783592214,0.4888339916541417,0.5004063955622662
26008,GOF,0.007377453515265635,0.5440839286011419,0.4485386178835926
26009,GOF,0.011645788580507714,0.5796490996899385,0.4087051117295538
26010,GOF,0.009907305681565854,0.538530170446223,0.45156252387221113
26011,LOF,0.005602204464657173,0.39954251685156567,0.5948552786837772
26012,GOF,0.005830177415299811,0.4981415766124296,0.4960282459722706
26013,GOF,0.011848463461482887,0.532816752398762,0.45533478413975514
26014,LOF,0.04278230951148471,0.08289006570253123,0.874327624785984
26015,LOF,0.3878273473046795,0.022660702034011826,0.5895119506613087
26016,LOF,0.2568882215105448,0.029534829640223144,0.713576948849232
26017,LOF,0.017385834743217404,0.1285312863149396,0.854082878941843
26018,LOF,0.03293508789194841,0.0595944203599478,0.9074704917481038
26019,LOF,0.03210923623265882,0.05214783417633725,0.915742929591004
26020,LOF,0.006782452815511541,0.12253437885454388,0.8706831683299445
26021,LOF,0.07127414681975917,0.05702700956813519,0.8716988436121056
26022,LOF,0.037883315209442416,0.022795255472846842,0.9393214293177108
26023,LOF,0.026440223942285814,0.03452182892537287,0.9390379471323412
26024,LOF,0.048095655846790875,0.04701497503428625,0.9048893691189228
26025,LOF,0.1288942940582519,0.04163245389139832,0.8294732520503497
26026,LOF,0.1193331028215367,0.03340849165920354,0.8472584055192598
26027,LOF,0.03343408905808,0.022552956858730686,0.9440129540831892
26028,LOF,0.06252944935713056,0.1764008476372332,0.7610697030056363
26029,LOF,0.02818009165419975,0.1965046596558547,0.7753152486899455
26030,LOF,0.11448442450090172,0.02433012774913315,0.8611854477499652
26031,LOF,0.012723914742770917,0.18175757478749477,0.8055185104697343
26032,LOF,0.03719694405704048,0.05127443225543746,0.911528623687522
26033,LOF,0.040008624014059704,0.04603563243511196,0.9139557435508284
26034,LOF,0.017406511095024654,0.12255449433695392,0.8600389945680214
26035,LOF,0.011821876910799164,0.12679687924376037,0.8613812438454405
26036,LOF,0.011082760442685581,0.09978900541109158,0.8891282341462228
26037,LOF,0.010795920796784635,0.11507918491149083,0.8741248942917245
26038,LOF,0.03176210744033936,0.043937283167958974,0.9243006093917018
26039,LOF,0.029360149644069918,0.14264734445120825,0.827992505904722
26040,LOF,0.0816704827849511,0.13874331713167265,0.7795862000833762
26041,LOF,0.012918952643954347,0.10615639398131281,0.8809246533747328
26042,LOF,0.012085070494272836,0.11320692261928524,0.874708006886442
26043,LOF,0.03125125661019614,0.06993034230270746,0.8988184010870964
26044,LOF,0.007423949467541868,0.054889015490027455,0.9376870350424308
26045,LOF,0.08151889197229487,0.21511060731585435,0.7033705007118508
26046,LOF,0.028445614306770613,0.0446893165680436,0.9268650691251858
26047,LOF,0.06296014514411251,0.0468856726915245,0.8901541821643629
26048,LOF,0.07758621363140404,0.02095473153402103,0.9014590548345749
26049,Neutral,0.9423526101812557,0.006620271686704049,0.05102711813204019
26050,Neutral,0.9076929891793276,0.007390838635876981,0.08491617218479545
26051,LOF,0.02688073333709985,0.29797525899784444,0.6751440076650558
26052,LOF,0.030756342850904853,0.24199787376958126,0.727245783379514
26053,LOF,0.017575708862233825,0.2086029904739097,0.7738213006638565
26054,LOF,0.05608385954378622,0.045312387206640235,0.8986037532495735
26055,LOF,0.07961840480137435,0.045939248625982664,0.8744423465726431
26056,LOF,0.0646480310895768,0.058703382180569155,0.8766485867298541
26057,LOF,0.061584420724643825,0.028823068693382393,0.9095925105819739
26058,LOF,0.0695946573683564,0.023541102861183064,0.9068642397704606
26059,LOF,0.20514853702813632,0.07349511557998259,0.7213563473918811
26060,LOF,0.016027535791197187,0.21221268169870244,0.7717597825101002
26061,LOF,0.010384388284732638,0.018709500801880115,0.9709061109133873
26062,LOF,0.0057540520858888064,0.02613952622583454,0.9681064216882768
26063,LOF,0.048645041253779595,0.019309157327106162,0.9320458014191142
26064,LOF,0.012111492216683504,0.026990053293428806,0.9608984544898878
26065,LOF,0.06413990056202788,0.02640992658772565,0.9094501728502464
26066,LOF,0.04953867484890616,0.02131163165684912,0.9291496934942448
26067,LOF,0.05756962168114423,0.017199097210931363,0.9252312811079244
26068,LOF,0.05391840248930605,0.03855836863195883,0.907523228878735
26069,LOF,0.18232639331538952,0.03908282521467756,0.7785907814699329
26070,LOF,0.3815292748171278,0.023421037065852638,0.5950496881170195
26071,LOF,0.05106031094621969,0.020278625943070283,0.9286610631107102
26072,LOF,0.006553207682414223,0.031921988782766184,0.9615248035348196
26073,LOF,0.04471359639874206,0.02555042678033514,0.9297359768209228
26074,Neutral,0.6725107757824984,0.014635213871924936,0.3128540103455765
26075,LOF,0.04741249848087685,0.029598581444576052,0.922988920074547
26076,LOF,0.04693181525529947,0.019367138134220807,0.9337010466104797
26077,LOF,0.17208105450499014,0.014426128321378176,0.8134928171736316
26078,LOF,0.006617794013469882,0.030934214379159046,0.9624479916073712
26079,LOF,0.05850871114176957,0.030805696987014516,0.910685591871216
26080,LOF,0.05732492664031629,0.03100744101553247,0.9116676323441512
26081,LOF,0.0446860567382881,0.016570221356629968,0.938743721905082
26082,LOF,0.006447501636087464,0.027946219239026213,0.9656062791248864
26083,LOF,0.10822011460046921,0.03337113945230732,0.8584087459472235
26084,LOF,0.12201559578057587,0.02742507503638415,0.8505593291830401
26085,LOF,0.11196175483690897,0.022346108272519392,0.8656921368905716
26086,LOF,0.04481425709673844,0.021976403289552564,0.9332093396137091
26087,LOF,0.04367237880172977,0.022195582599464247,0.9341320385988059
26088,LOF,0.006522586111721117,0.05235078725057472,0.9411266266377042
26089,LOF,0.042311950286128906,0.05013167000708683,0.9075563797067843
26090,LOF,0.04319551633718718,0.03735685068340475,0.9194476329794081
26091,LOF,0.0326697768530718,0.016394006473505744,0.9509362166734224
26092,LOF,0.04864943877107671,0.01585919412041897,0.9354913671085042
26093,LOF,0.06728273083462087,0.011450481906381343,0.9212667872589977
26094,LOF,0.03784646531391357,0.014323850232487818,0.9478296844535985
26095,LOF,0.011388736002291696,0.036381833637546365,0.9522294303601619
26096,LOF,0.22191545897453901,0.008432583197179716,0.7696519578282812
26097,LOF,0.006389015592748034,0.06254787836163957,0.9310631060456124
26098,LOF,0.05309461768279849,0.02779368003773954,0.919111702279462
26099,LOF,0.044202190670132556,0.036047129015300924,0.9197506803145664
26100,LOF,0.044202190670132556,0.036047129015300924,0.9197506803145664
26101,LOF,0.04579898447065171,0.05340169604409992,0.9007993194852483
26102,LOF,0.04010171382143589,0.029580073298645742,0.9303182128799183
26103,Neutral,0.8940756625094585,0.03893055392359871,0.06699378356694283
26104,LOF,0.05463882898126676,0.052714770809588946,0.8926464002091442
26105,LOF,0.24282023635172947,0.10807223700776868,0.649107526640502
26106,LOF,0.2646445480679519,0.04317025086634273,0.6921852010657055
26107,LOF,0.015749176685457576,0.061990076631512875,0.9222607466830295
26108,LOF,0.16601344786548733,0.05108247638553867,0.7829040757489739
26109,LOF,0.05516873632094898,0.053148749237056474,0.8916825144419944
26110,LOF,0.39315712037505673,0.011750739854984003,0.5950921397699592
26111,LOF,0.04980745495733283,0.06483102270050056,0.8853615223421667
26112,LOF,0.06313073743787537,0.010857699250547286,0.9260115633115773
26113,LOF,0.11144929190946655,0.030364225515674522,0.858186482574859
26114,LOF,0.09352620101323998,0.008106523552119625,0.8983672754346405
26115,LOF,0.017481705981331506,0.07064218121732607,0.9118761128013424
26116,LOF,0.07790174387199605,0.024848103854088182,0.8972501522739158
26117,LOF,0.368073961657922,0.03860111615444167,0.5933249221876364
26118,LOF,0.04131870562121499,0.018113443472853433,0.9405678509059316
26119,LOF,0.00612099812858928,0.07518985035353128,0.9186891515178794
26120,LOF,0.03480699962333739,0.017905145570933798,0.9472878548057289
26121,LOF,0.004754923120337742,0.110045577672524,0.8851994992071383
