feature0,prediction,LoGoFunc_Neutral,LoGoFunc_GOF,LoGoFunc_LOF
25546,Neutral,0.751986816657683,0.04077548951219152,0.20723769383012544
25547,Neutral,0.6020012510701811,0.08505294906576284,0.312945799864056
25548,Neutral,0.6250212766456917,0.06514394147752069,0.30983478187678754
25549,Neutral,0.5554286825592454,0.06461831564407035,0.3799530017966841
25550,LOF,0.37277546740676526,0.14310981008039358,0.48411472251284127
25551,LOF,0.3031376104220173,0.1476707555096971,0.5491916340682855
25552,LOF,0.22333360830749543,0.13886379177370373,0.6378025999188008
25553,Neutral,0.8606019937217985,0.027895775277109066,0.11150223100109241
25554,LOF,0.24905231229641686,0.13305054890105109,0.617897138802532
25555,LOF,0.21065214311634262,0.11901458207934351,0.6703332748043139
25556,Neutral,0.47710108342509244,0.10975228628396719,0.41314663029094034
25557,LOF,0.2024648853208067,0.12074081491705109,0.6767942997621421
25558,LOF,0.23934085845690084,0.1311188506454135,0.6295402908976856
25559,LOF,0.35123997990032596,0.12698367571892313,0.5217763443807509
25560,LOF,0.06597773033955379,0.13600252847485242,0.7980197411855938
25561,LOF,0.14849173624433637,0.11759012134336258,0.733918142412301
25562,LOF,0.08676353522991186,0.07904478363036821,0.8341916811397199
25563,LOF,0.09704142618956672,0.09554027011286906,0.8074183036975642
25564,LOF,0.19004092323329433,0.15032323283826446,0.6596358439284412
25565,LOF,0.13169235839472324,0.15236093301351508,0.7159467085917616
25566,GOF,0.0161933565247751,0.7803721275183613,0.20343451595686357
25567,LOF,0.01781022111676002,0.23327549538503106,0.7489142834982089
25568,LOF,0.05202093700488981,0.09587411101227261,0.8521049519828374
25569,LOF,0.05347520192087307,0.0959947698651578,0.8505300282139691
25570,LOF,0.03189944808214875,0.14138520085620343,0.8267153510616477
25571,LOF,0.030679064904817286,0.13570681857747846,0.8336141165177042
25572,LOF,0.05000235857771747,0.15370237131376438,0.7962952701085182
25573,LOF,0.0308697229689451,0.12962468314255662,0.8395055938884983
25574,LOF,0.01922189635353337,0.20134245009971655,0.77943565354675
25575,LOF,0.024199826111097885,0.14798539123163,0.8278147826572722
25576,LOF,0.015208179047688616,0.1710441151835191,0.8137477057687923
25577,LOF,0.011550338873413887,0.15864245325638854,0.8298072078701976
25578,LOF,0.26990249827766033,0.11974532937658185,0.6103521723457579
25579,LOF,0.11975755165025298,0.13706521107528685,0.7431772372744602
25580,LOF,0.017955781458144315,0.1176725730338021,0.8643716455080536
25581,LOF,0.048325364121431964,0.09674747971420111,0.854927156164367
25582,LOF,0.048013069930758004,0.09532411600141345,0.8566628140678285
25583,LOF,0.019108853483982165,0.13256268543665656,0.8483284610793613
25584,Neutral,0.4919752080843178,0.1433276636827917,0.3646971282328906
25585,LOF,0.0168842592638345,0.1610843495007398,0.8220313912354256
25586,LOF,0.01547952885742578,0.10694098280106322,0.8775794883415109
25587,LOF,0.016064966257268304,0.1007856500355775,0.8831493837071542
25588,LOF,0.016195226838173905,0.1204843219220293,0.8633204512397967
25589,Neutral,0.5880806663080442,0.16432227421372195,0.24759705947823382
25590,LOF,0.029229912810648732,0.15599117068107668,0.8147789165082746
25591,LOF,0.09229149452758041,0.08420563269835192,0.8235028727740678
25592,LOF,0.049664712246730885,0.18248490826585828,0.7678503794874108
25593,LOF,0.02208476998331286,0.31692042019184713,0.66099480982484
25594,LOF,0.045238193995898776,0.13128577163794183,0.8234760343661593
25595,LOF,0.059655464602723286,0.10794769301531085,0.8323968423819659
25596,LOF,0.06936806152431572,0.07200808385873596,0.8586238546169485
25597,LOF,0.04587812428122069,0.0760282331166764,0.8780936426021029
25598,LOF,0.04496050456395518,0.12207726976771259,0.8329622256683322
25599,GOF,0.006787537956880772,0.5685647240564247,0.42464773798669453
25600,GOF,0.023204464972070016,0.6020015873415729,0.37479394768635704
25601,LOF,0.013061600604632835,0.40710567736815323,0.5798327220272139
25602,LOF,0.03051943130705019,0.03689851218360003,0.9325820565093498
25603,LOF,0.0500197906798427,0.017463903146615358,0.932516306173542
25604,LOF,0.027752447193243792,0.0572742708815074,0.9149732819252488
25605,LOF,0.008265840235739888,0.23055814938341923,0.7611760103808409
25606,LOF,0.10629147567868688,0.35837742135473744,0.5353311029665756
25607,LOF,0.005083029573757637,0.2100991580176114,0.784817812408631
25608,LOF,0.022016385259663096,0.08704206966978063,0.8909415450705562
25609,LOF,0.07992165589584471,0.39461759446099093,0.5254607496431644
25610,LOF,0.01870789098962911,0.025550206903692457,0.9557419021066784
25611,LOF,0.02106605438671138,0.025280094600664105,0.9536538510126245
25612,LOF,0.09446092806297571,0.03551014415770107,0.8700289277793232
25613,LOF,0.08271732716271311,0.03489517579335803,0.8823874970439289
25614,LOF,0.023482209814789226,0.028288242725343214,0.9482295474598674
25615,LOF,0.029437549766488356,0.04182953167280448,0.9287329185607072
25616,LOF,0.055054672852476165,0.027493990395740582,0.9174513367517833
25617,LOF,0.056877243241719944,0.031063770393602322,0.9120589863646776
25618,LOF,0.0763455721763787,0.032456753114791716,0.8911976747088296
25619,LOF,0.017238308529691753,0.030782026308213008,0.9519796651620952
25620,LOF,0.066171523177858,0.03477072756170702,0.899057749260435
25621,LOF,0.033074186344240225,0.032944493276629905,0.9339813203791297
25622,LOF,0.04329214002693027,0.02824766812060606,0.9284601918524636
25623,LOF,0.06307150116546027,0.02438578377709243,0.9125427150574472
25624,LOF,0.0199054890450389,0.035452211285546924,0.9446422996694143
25625,LOF,0.045427128603817826,0.04033322679966237,0.9142396445965199
25626,LOF,0.07203636014800602,0.03132170931567592,0.8966419305363181
25627,Neutral,0.5751482408820764,0.1257871642197746,0.29906459489814896
25628,LOF,0.20948326028675143,0.056256160460088044,0.7342605792531606
25629,LOF,0.056900091786274545,0.060605571792288385,0.8824943364214372
25630,LOF,0.1556296386439238,0.09490116040483208,0.7494692009512441
25631,Neutral,0.6234179252210339,0.05704376099750505,0.3195383137814611
25632,LOF,0.009790094619678327,0.12318724375184038,0.8670226616284812
25633,LOF,0.20667083864558153,0.07833676437822469,0.7149923969761937
25634,LOF,0.031571333922414214,0.1148393210912169,0.853589344986369
25635,LOF,0.02875265077790203,0.07829439083903977,0.8929529583830582
25636,GOF,0.006453823913932182,0.6167262517363037,0.3768199243497642
25637,GOF,0.007176337651267287,0.6121269572198903,0.38069670512884246
25638,LOF,0.01298985020891377,0.28518326222208,0.7018268875690064
25639,LOF,0.006488199978412909,0.453169328656115,0.5403424713654721
25640,GOF,0.4525129553824004,0.457637382821654,0.08984966179594564
25641,LOF,0.014312475011022863,0.2994418719061168,0.6862456530828602
25642,LOF,0.2689590805280998,0.05472952520528139,0.6763113942666188
25643,LOF,0.2076969394657611,0.2269943188931293,0.5653087416411097
25644,LOF,0.011008794851471765,0.492992167207825,0.4959990379407033
25645,LOF,0.008927060938401978,0.44308913459275534,0.5479838044688427
25646,LOF,0.013872671771556742,0.30649841558908064,0.6796289126393626
25647,LOF,0.01122836270784882,0.25926076296131434,0.7295108743308368
25648,LOF,0.010855447588161959,0.2519708481367913,0.7371737042750467
25649,LOF,0.009396247260428666,0.175986657089382,0.8146170956501894
25650,LOF,0.016513167152134297,0.3943530917303733,0.5891337411174924
25651,LOF,0.006690197995049453,0.2662093312257291,0.7271004707792214
25652,LOF,0.010582903189874497,0.24612342107398077,0.7432936757361447
25653,LOF,0.0388183872573783,0.3714675719635171,0.5897140407791046
25654,LOF,0.012446197156251072,0.13971948986418767,0.8478343129795614
25655,LOF,0.05867982366414594,0.41463783466376325,0.5266823416720909
25656,LOF,0.2007656567867001,0.049468947792349206,0.7497653954209507
25657,LOF,0.3440236839958622,0.02380582285186425,0.6321704931522736
25658,LOF,0.08188446954139858,0.07860975723703748,0.839505773221564
25659,LOF,0.399487732013909,0.07110038552012417,0.5294118824659668
25660,LOF,0.032349321341214404,0.0986197819915648,0.8690308966672208
25661,LOF,0.11096485416881274,0.0612187704245575,0.8278163754066297
25662,LOF,0.024690667687833134,0.04557824478256687,0.9297310875296
25663,LOF,0.030663781447188447,0.06563491759799787,0.9037013009548136
25664,LOF,0.060397863724649226,0.07967762321616531,0.8599245130591854
25665,LOF,0.05980607425716619,0.03829987370427703,0.9018940520385569
25666,LOF,0.05921834001319121,0.10003712718352624,0.8407445328032825
25667,LOF,0.07552597873166564,0.05035671297900553,0.8741173082893288
25668,LOF,0.02595216572646594,0.05499117831031291,0.9190566559632213
25669,LOF,0.02971623941931242,0.07735290423631272,0.8929308563443749
25670,LOF,0.09905468919676573,0.08015060655261189,0.8207947042506223
25671,LOF,0.09947655716953373,0.04327127483208683,0.8572521679983796
25672,LOF,0.06180060658994914,0.051324919316232544,0.8868744740938184
25673,LOF,0.043964344177116615,0.05985018969336415,0.8961854661295193
25674,LOF,0.038686563121417016,0.061906294444197235,0.8994071424343857
25675,LOF,0.06744283938864454,0.06089049021566785,0.8716666703956876
25676,LOF,0.021538039013556196,0.06266684338663844,0.9157951175998053
25677,LOF,0.03170719249270607,0.07194401452094691,0.8963487929863471
25678,LOF,0.20588300907135096,0.042661940535952445,0.7514550503926967
25679,LOF,0.16863463057397252,0.06886744336253996,0.7624979260634874
25680,LOF,0.03368280762799699,0.1092223136323792,0.8570948787396238
25681,LOF,0.05521901248286347,0.10319256593448384,0.8415884215826527
25682,LOF,0.12013858778058473,0.07463608648871875,0.8052253257306966
25683,LOF,0.13207823050828635,0.09150773639409915,0.7764140330976144
25684,LOF,0.0448249254187155,0.07924626197760014,0.8759288126036844
25685,LOF,0.13530839554481416,0.04491763976778627,0.8197739646873995
25686,LOF,0.040168881865004315,0.09966665270242064,0.8601644654325751
25687,LOF,0.03910662014174559,0.08420188585039376,0.8766914940078607
25688,LOF,0.03624217496998362,0.08101793353635516,0.8827398914936613
25689,LOF,0.02481972443756274,0.0741810379390895,0.9009992376233477
25690,LOF,0.025923430480980066,0.08154646108162832,0.8925301084373917
25691,LOF,0.24796464771053237,0.09857994483198258,0.6534554074574851
25692,LOF,0.3379173755408463,0.009522976403977021,0.6525596480551766
25693,LOF,0.08762612029822679,0.20755780879899302,0.7048160709027802
25694,LOF,0.26834624858518047,0.01671374834824078,0.7149400030665788
25695,LOF,0.18371803476802204,0.01913564053480337,0.7971463246971746
25696,LOF,0.1574328446590592,0.01161802039286194,0.8309491349480789
25697,LOF,0.17442577230258724,0.025690066763958387,0.7998841609334544
25698,LOF,0.04295701193157838,0.47155861967653223,0.48548436839188946
25699,LOF,0.08333417162207338,0.08910714316023463,0.8275586852176919
25700,LOF,0.06440611698313524,0.008651232536863703,0.926942650480001
25701,LOF,0.015960243997108468,0.08692025482693619,0.8971195011759554
25702,GOF,0.02988711730491364,0.6880061406366349,0.2821067420584515
25703,LOF,0.010252505915148896,0.17584937911007287,0.8138981149747782
25704,LOF,0.044839638253324425,0.16634119708631234,0.7888191646603632
25705,LOF,0.04724533221850957,0.23630582332549468,0.7164488444559958
25706,GOF,0.03859485029330926,0.5603831954821158,0.4010219542245749
25707,LOF,0.021751348675521073,0.487644854777029,0.4906037965474499
25708,LOF,0.006850525636088307,0.40240743181504623,0.5907420425488654
25709,LOF,0.05230111753001944,0.06278543394626934,0.8849134485237112
25710,LOF,0.006794427975224289,0.1654130118315704,0.8277925601932055
25711,LOF,0.017156648190395647,0.11010170036757722,0.8727416514420272
25712,LOF,0.009297780135441204,0.20165327439322878,0.7890489454713301
25713,LOF,0.016019355016894294,0.09573628284198087,0.8882443621411249
25714,LOF,0.061876746995623164,0.12272066430336201,0.8154025887010148
25715,LOF,0.012243328844492777,0.13259103337106262,0.8551656377844447
25716,LOF,0.008164020919441763,0.10321503746044261,0.8886209416201156
25717,LOF,0.006123719823429358,0.11590352357420595,0.8779727566023646
25718,LOF,0.013153180882574115,0.08762482549404785,0.899221993623378
25719,LOF,0.021282771512939797,0.09627625583737041,0.8824409726496898
25720,LOF,0.020525700886063862,0.08948013414435414,0.8899941649695821
25721,LOF,0.014986240915956454,0.11017509554511479,0.8748386635389287
25722,LOF,0.012353382481425566,0.14471700364213577,0.8429296138764387
25723,LOF,0.01755834107865746,0.07450396472682291,0.9079376941945195
25724,LOF,0.02132526342614327,0.10953021212780549,0.8691445244460513
25725,LOF,0.012801933737775568,0.08242187488620357,0.9047761913760208
25726,LOF,0.01071293408887872,0.10888474394597442,0.8804023219651469
25727,LOF,0.013650543103717107,0.0960519089405813,0.8902975479557015
25728,LOF,0.011418039177416522,0.11518619032011532,0.8733957705024683
25729,LOF,0.01194424332851829,0.12051490547023731,0.8675408512012444
25730,LOF,0.012625628224091285,0.09713066678789378,0.8902437049880149
25731,LOF,0.010958081725216534,0.13468430755709182,0.8543576107176916
25732,LOF,0.012180782667161811,0.10194730312508037,0.8858719142077579
25733,LOF,0.017140178168715426,0.0841811629569353,0.8986786588743493
25734,LOF,0.006210312651527561,0.16523486111432964,0.8285548262341427
25735,LOF,0.01435433570390511,0.08268405595939901,0.9029616083366958
25736,LOF,0.013776339710099145,0.12239671492619002,0.8638269453637109
25737,LOF,0.02483519707975904,0.09262567994943006,0.8825391229708109
25738,LOF,0.013470999954360428,0.144039228950775,0.8424897710948646
25739,LOF,0.01854520829452009,0.12346806414347307,0.8579867275620069
25740,LOF,0.0291534377451416,0.12999699005261772,0.8408495722022407
25741,LOF,0.01497596812950999,0.10900758398303963,0.8760164478874504
25742,LOF,0.09981863856648562,0.10098249415248331,0.799198867281031
25743,LOF,0.017003799552838303,0.04497206584895254,0.9380241345982092
25744,GOF,0.19179419738496056,0.426937871331856,0.3812679312831834
25745,LOF,0.02456593710550353,0.0619620715165445,0.913471991377952
25746,LOF,0.014170419554190376,0.07262754443262208,0.9132020360131876
25747,LOF,0.023426099727474545,0.04314699024014311,0.9334269100323823
25748,LOF,0.1403296979101502,0.07041806389843576,0.7892522381914141
25749,LOF,0.015137435710211594,0.048596999901544174,0.9362655643882443
25750,LOF,0.02896104589721857,0.07337743167520451,0.897661522427577
25751,LOF,0.09454142495856424,0.06928233595124289,0.8361762390901929
25752,GOF,0.08775842766331128,0.6498889267406602,0.2623526455960286
25753,LOF,0.009573503884517104,0.4047484921764102,0.5856780039390728
25754,GOF,0.004389349933423864,0.8436886715697886,0.1519219784967876
25755,LOF,0.01437208954336375,0.4415836280417354,0.5440442824149008
25756,LOF,0.04911962883984226,0.4114599584393625,0.5394204127207952
25757,GOF,0.0054146182401783784,0.867687106581721,0.12689827517810068
25758,GOF,0.006314819907054762,0.8662540995974629,0.1274310804954824
25759,GOF,0.004205746323844619,0.5583973261391737,0.4373969275369817
25760,LOF,0.006133540090865582,0.3116873192415513,0.6821791406675831
25761,GOF,0.041795624659056306,0.8376374542212233,0.12056692111972042
25762,LOF,0.02968717951810053,0.33821909770180564,0.6320937227800938
25763,LOF,0.007139095088359692,0.24859668979444394,0.7442642151171964
25764,GOF,0.10001859076598206,0.5552151789827683,0.34476623025124975
25765,GOF,0.010438262819967594,0.8220341802116112,0.16752755696842114
25766,GOF,0.02470161641202285,0.8125442929672683,0.16275409062070886
25767,LOF,0.0254080490024462,0.484080305975351,0.4905116450222027
25768,LOF,0.08529396103899625,0.06258341213081468,0.8521226268301891
25769,LOF,0.06697395294001801,0.06602374067690613,0.8670023063830758
25770,LOF,0.15956075914258963,0.06645466389431669,0.7739845769630938
25771,LOF,0.019986651594760884,0.07108580848880283,0.9089275399164363
25772,LOF,0.014457390204547234,0.03152073310915133,0.9540218766863013
25773,LOF,0.018390457160344605,0.0793343740769866,0.9022751687626689
25774,LOF,0.025874828165671767,0.09041709516648663,0.8837080766678417
25775,LOF,0.027202175370763203,0.04250555845966595,0.9302922661695708
25776,LOF,0.0795262443601348,0.024579191784390147,0.8958945638554751
25777,LOF,0.14536013619341184,0.06465261246519513,0.7899872513413929
25778,LOF,0.058194465298098734,0.04641514201005362,0.8953903926918476
25779,GOF,0.04983144962796791,0.8879297883760642,0.06223876199596772
25780,GOF,0.04714644092648416,0.8805893124615795,0.07226424661193641
25781,GOF,0.020850298766712034,0.859260412383328,0.11988928884996
25782,GOF,0.02577399966987164,0.8961063010336237,0.07811969929650478
25783,GOF,0.013105426571902569,0.7024797362303307,0.28441483719776667
25784,GOF,0.1438764012830301,0.8091129712077896,0.04701062750918036
25785,GOF,0.051902514937623156,0.907313199499059,0.04078428556331773
25786,GOF,0.004348405520446297,0.821102613979216,0.17454898050033774
25787,GOF,0.14055539338078626,0.825707225618698,0.03373738100051575
25788,LOF,0.04732807415249444,0.15643601810902671,0.7962359077384789
25789,GOF,0.029762192618050725,0.8653859527479463,0.10485185463400289
25790,GOF,0.0349385794500988,0.8803299616847361,0.08473145886516519
25791,GOF,0.026063309865434814,0.8332323313007391,0.14070435883382607
25792,GOF,0.04337707436876204,0.8398605103886236,0.11676241524261434
25793,GOF,0.09634804228899575,0.8151264906023041,0.08852546710870017
25794,GOF,0.08198282397752196,0.765758848095419,0.15225832792705915
25795,GOF,0.036791397860299474,0.7532764480395776,0.2099321541001228
25796,GOF,0.10854729542330453,0.7821332796517991,0.10931942492489631
25797,GOF,0.03265042871331104,0.6501759378479376,0.3171736334387514
25798,GOF,0.0026075325778904227,0.5954385434284543,0.40195392399365537
25799,LOF,0.002568468336308105,0.4818099330603663,0.5156215986033256
25800,GOF,0.010407437752405675,0.6838704912883151,0.3057220709592792
25801,GOF,0.021637898019046423,0.851680996485909,0.12668110549504458
25802,GOF,0.015278551125328351,0.764003578500838,0.2207178703738337
25803,GOF,0.0091189858938761,0.6700816960181971,0.32079931808792667
25804,GOF,0.010386457376636264,0.5549766784620567,0.434636864161307
25805,GOF,0.016454479908069218,0.6723796598221176,0.3111658602698132
25806,GOF,0.014505084088837963,0.7121648776794839,0.2733300382316781
25807,GOF,0.0044333236342575764,0.6724850982661444,0.3230815780995979
25808,GOF,0.011550722015589534,0.7099664877388037,0.2784827902456068
25809,GOF,0.0050558225597156815,0.676457614121863,0.3184865633184214
25810,GOF,0.004256320242408952,0.6832576406767212,0.31248603908086986
25811,GOF,0.06824532641419948,0.8320357076972514,0.0997189658885491
25812,GOF,0.0133205047476643,0.6760511689685228,0.3106283262838128
25813,GOF,0.08292669150151194,0.7992884980575887,0.11778481044089936
25814,GOF,0.019852116653948065,0.7775595019144728,0.20258838143157917
25815,GOF,0.03173234652230859,0.7956825191942285,0.17258513428346295
25816,GOF,0.006606946436197974,0.8167825086433445,0.1766105449204575
25817,GOF,0.08458819844708147,0.7601431806379356,0.15526862091498295
25818,GOF,0.01753162631022639,0.7795820429531237,0.2028863307366499
25819,GOF,0.04713481390345436,0.7682977315611403,0.1845674545354052
25820,GOF,0.024360123154370777,0.7582219393427919,0.21741793750283733
25821,GOF,0.014135760413165253,0.7413646988926268,0.24449954069420785
25822,GOF,0.027079987716343117,0.7698060958698743,0.2031139164137826
25823,GOF,0.011393105766242615,0.6197292510164063,0.368877643217351
25824,GOF,0.020153842200836575,0.742664949436734,0.2371812083624294
25825,GOF,0.012588861831685299,0.7178395331315464,0.2695716050367684
25826,GOF,0.0047680906228586084,0.677925838162915,0.3173060712142264
25827,GOF,0.00772270271033742,0.6689428733316627,0.323334423958
25828,GOF,0.005050155402850004,0.610119723256221,0.38483012134092914
25829,GOF,0.0024515822055990923,0.6658472007902327,0.3317012170041681
25830,LOF,0.02572916689106782,0.47318071545726564,0.5010901176516666
25831,GOF,0.04059800433897408,0.8361718267359421,0.12323016892508375
25832,GOF,0.0067476878195558004,0.7938889704254654,0.1993633417549787
25833,GOF,0.023982704944402286,0.8466722968385287,0.12934499821706902
25834,GOF,0.006690653070701339,0.8054891702034211,0.18782017672587747
25835,GOF,0.01419692741344283,0.8529740257924427,0.13282904679411425
25836,GOF,0.004991843721056918,0.7995558649099342,0.19545229136900885
25837,GOF,0.004852310305358917,0.7046608668331774,0.29048682286146366
25838,GOF,0.013937808888308397,0.8709146109255554,0.11514758018613609
25839,GOF,0.029832739280037796,0.8597650249715643,0.11040223574839798
25840,GOF,0.04336175639307603,0.850996240905161,0.10564200270176291
25841,GOF,0.03992379661332591,0.8633880614447781,0.09668814194189602
25842,GOF,0.019110781335789195,0.9043090486711265,0.0765801699930845
25843,GOF,0.019987890849061343,0.9123266250105075,0.06768548414043117
25844,GOF,0.012455614045311465,0.8414957880887652,0.14604859786592328
25845,GOF,0.004487447880761691,0.6410389732856304,0.35447357883360786
25846,GOF,0.03407020396633064,0.8629053141718672,0.1030244818618022
25847,GOF,0.014641690975391676,0.9050604994028566,0.0802978096217518
25848,GOF,0.01315991711947702,0.862862600843427,0.12397748203709599
25849,GOF,0.004199134107649724,0.7256749985121068,0.2701258673802434
25850,GOF,0.005110821203068125,0.7406371796048029,0.254251999192129
25851,GOF,0.004481378246089038,0.6284886538525253,0.3670299679013857
25852,GOF,0.12821151597654934,0.5989655710111781,0.2728229130122726
25853,GOF,0.06706803247448162,0.8539893998125782,0.07894256771294011
25854,GOF,0.008225492377296586,0.696763961322425,0.29501054630027834
25855,GOF,0.011507970846649767,0.626361094341393,0.36213093481195724
25856,GOF,0.03035689491914781,0.7645429796009849,0.20510012547986722
25857,GOF,0.010082417896321473,0.6063192772754521,0.3835983048282265
25858,GOF,0.006197047478223086,0.6118834853907024,0.38191946713107455
25859,GOF,0.004477868107970653,0.5818162854210069,0.4137058464710225
25860,GOF,0.06149429186213047,0.8212527557348643,0.11725295240300522
25861,GOF,0.10900963402619877,0.7887195844091609,0.10227078156464035
25862,GOF,0.01724368473838499,0.8694541854809374,0.11330212978067747
25863,GOF,0.016344365836001875,0.8773439335496382,0.10631170061435981
25864,GOF,0.04262061417249638,0.8676346036554234,0.08974478217208028
25865,GOF,0.030012370739276577,0.8376994213957163,0.1322882078650072
25866,GOF,0.019071145426412146,0.8674119988309633,0.1135168557426245
25867,GOF,0.027207028941521653,0.8849856867001108,0.08780728435836752
25868,GOF,0.0442807828685668,0.8428463040345153,0.1128729130969179
25869,GOF,0.32027080267808705,0.6059890219435552,0.07374017537835774
25870,GOF,0.19210288379987192,0.628680542180286,0.17921657401984206
25871,GOF,0.01915916805517182,0.896731521220158,0.08410931072467026
25872,GOF,0.015424569645408701,0.8746958983154532,0.1098795320391381
25873,GOF,0.015535909184853033,0.8896122759430061,0.09485181487214098
25874,LOF,0.014864828710268204,0.15723519077697148,0.8278999805127603
25875,LOF,0.03711566113159936,0.044745889651476835,0.9181384492169237
25876,LOF,0.023021064499468048,0.031014558994280378,0.9459643765062516
25877,LOF,0.1254482437659262,0.08445723397040174,0.790094522263672
25878,LOF,0.05415430672724121,0.11839678692115527,0.8274489063516035
25879,LOF,0.02188163493071151,0.09391709243090825,0.8842012726383802
25880,LOF,0.047436551319813614,0.01045024374543024,0.9421132049347561
25881,Neutral,0.5531266784876991,0.06563833259952671,0.3812349889127742
25882,LOF,0.049479080144201,0.03145037083957571,0.9190705490162233
25883,LOF,0.044556165683857306,0.022730510260990863,0.9327133240551518
25884,LOF,0.027483571769504667,0.04419222363283719,0.9283242045976582
25885,LOF,0.2091176626199999,0.013156265291979384,0.7777260720880208
25886,LOF,0.16976837469446995,0.051177768082708845,0.7790538572228212
25887,LOF,0.18057469020193914,0.05500730014889197,0.764418009649169
25888,LOF,0.013324108107483494,0.12232155771797551,0.864354334174541
25889,LOF,0.037420915977428484,0.027346183651913582,0.9352329003706579
25890,LOF,0.11508712887394006,0.108491223745022,0.7764216473810379
25891,LOF,0.09305065034269877,0.02191723654959824,0.885032113107703
25892,LOF,0.009525793663597099,0.032315804275119576,0.9581584020612832
25893,LOF,0.37254256936780245,0.008061014074752607,0.6193964165574449
25894,LOF,0.4426161611803778,0.005032738195335594,0.5523511006242867
25895,LOF,0.3746542051304433,0.00967441802305127,0.6156713768465055
25896,LOF,0.06168155740414657,0.0225746923936871,0.9157437502021663
25897,LOF,0.19135637941224626,0.008388743299297787,0.8002548772884559
25898,LOF,0.21721922037980979,0.024740447796392576,0.7580403318237976
25899,LOF,0.22094458488594443,0.02342430730125655,0.7556311078127991
25900,LOF,0.46696951064613396,0.007999929328047004,0.5250305600258189
25901,LOF,0.044195825780944956,0.00821700124458534,0.9475871729744696
25902,LOF,0.10507055917657673,0.012219335755180335,0.882710105068243
25903,LOF,0.3797625556227246,0.0209573919720392,0.5992800524052363
25904,LOF,0.45462948461097696,0.028380491368461762,0.5169900240205613
25905,LOF,0.006629390594590677,0.4344167969255001,0.5589538124799093
25906,LOF,0.011722474384599555,0.1094246823080426,0.8788528433073578
25907,LOF,0.0035619202895722287,0.3411210489296834,0.6553170307807443
25908,LOF,0.003595706724394128,0.255830749260701,0.7405735440149049
25909,LOF,0.013231555169494867,0.16336755987962123,0.8234008849508839
25910,LOF,0.016688971297535486,0.1028766907372138,0.8804343379652507
25911,LOF,0.32569204778173827,0.03385368511261133,0.6404542671056505
25912,LOF,0.06791821336534412,0.05504875654360515,0.8770330300910507
25913,LOF,0.06083826366726167,0.06028185881188668,0.8788798775208516
25914,LOF,0.020382766970598203,0.06601412047822973,0.913603112551172
25915,LOF,0.11471295761409012,0.28378391878913506,0.6015031235967748
25916,LOF,0.02083086424820627,0.19815298725952749,0.7810161484922662
25917,LOF,0.06695960158548292,0.050414410930697214,0.8826259874838199
25918,LOF,0.027019790720326342,0.03703804103299217,0.9359421682466814
25919,LOF,0.022792906818331963,0.039455043206182594,0.9377520499754856
25920,LOF,0.13545489004802502,0.21263397558048527,0.6519111343714897
25921,LOF,0.01294136134304856,0.049062395305742815,0.9379962433512086
25922,LOF,0.01586012528269517,0.040649910008326615,0.9434899647089782
25923,LOF,0.433879458099626,0.04366465417492452,0.5224558877254495
25924,LOF,0.018125392389381777,0.06771596464942162,0.9141586429611968
25925,LOF,0.07508648556600081,0.06388951453545219,0.861023999898547
25926,LOF,0.055136859671213456,0.05567339031546456,0.889189750013322
25927,LOF,0.017855995279577326,0.07905577564751513,0.9030882290729074
25928,LOF,0.0084461248650361,0.06765998873416408,0.9238938864007998
25929,Neutral,0.5163956589537336,0.04211913546757215,0.4414852055786942
25930,LOF,0.08066876890098106,0.04033001395542264,0.8790012171435964
25931,LOF,0.010109535384314486,0.043266993802891916,0.9466234708127936
25932,LOF,0.028573295026093792,0.03488213323514845,0.9365445717387577
25933,LOF,0.03627140104244862,0.022419933865523448,0.941308665092028
25934,LOF,0.023994281621730045,0.02459599136980599,0.951409727008464
25935,LOF,0.06472284817312147,0.07149932232321668,0.8637778295036619
25936,LOF,0.03863227665959013,0.02840648097509174,0.932961242365318
25937,LOF,0.01129475984624571,0.04098857606637764,0.9477166640873766
25938,LOF,0.06325930957301529,0.0665984588920784,0.8701422315349064
25939,LOF,0.026488939601441733,0.030627528977028175,0.9428835314215301
25940,LOF,0.009431913830735501,0.3606390260938637,0.6299290600754007
25941,Neutral,0.5481373387804213,0.033829609845567654,0.41803305137401103
25942,LOF,0.007671254880664453,0.045979501143055865,0.9463492439762798
25943,LOF,0.030078795437839635,0.17434647294369296,0.7955747316184674
25944,LOF,0.10350874357532952,0.08988645819985827,0.8066047982248121
25945,LOF,0.060265813661161405,0.021669730151066546,0.918064456187772
25946,LOF,0.08813936031199396,0.04532483265076148,0.8665358070372445
25947,Neutral,0.4837617055167039,0.10546289498204413,0.41077539950125186
25948,LOF,0.4863705143784877,0.012515682152688005,0.5011138034688243
25949,LOF,0.08442547646300964,0.06957635547982229,0.845998168057168
25950,GOF,0.05666322395668629,0.6586760620098783,0.2846607140334353
25951,LOF,0.011736632886087643,0.4246086988786237,0.5636546682352886
25952,LOF,0.2692720071347554,0.2950772660436652,0.4356507268215794
25953,LOF,0.011668811599295528,0.189103502790909,0.7992276856097955
25954,GOF,0.054764952708793765,0.4805012611765025,0.46473378611470373
25955,LOF,0.010528088913203655,0.1483043863138441,0.8411675247729523
25956,LOF,0.02457234772195064,0.24931760020151247,0.7261100520765369
25957,LOF,0.2707823502898283,0.031925049099956616,0.697292600610215
25958,LOF,0.04544819291945963,0.03094467770200205,0.9236071293785384
25959,GOF,0.012945284751953237,0.5260329186427514,0.46102179660529546
25960,LOF,0.0074943461877824665,0.04703618476777333,0.9454694690444442
25961,LOF,0.04454714677778957,0.027791323927188492,0.927661529295022
25962,LOF,0.03247828428071042,0.06515961961295548,0.9023620961063341
25963,LOF,0.006264285922571282,0.21390508472966357,0.7798306293477651
25964,LOF,0.02514726472358236,0.09177210118112626,0.8830806340952914
25965,LOF,0.26559508386828734,0.13211073705884213,0.6022941790728706
25966,Neutral,0.4785807297679367,0.11808396867125615,0.4033353015608071
25967,LOF,0.008062741464056736,0.06468614650613555,0.9272511120298077
25968,LOF,0.05045308363040097,0.18967054941464068,0.7598763669549584
25969,LOF,0.13153554692616626,0.04449703297277389,0.8239674201010598
25970,LOF,0.02399351222718336,0.07713197152248591,0.8988745162503308
25971,LOF,0.057686652387467646,0.02800423575110735,0.914309111861425
25972,LOF,0.04839706786873166,0.04115763530822011,0.9104452968230482
25973,LOF,0.05305250917829821,0.012401570411339113,0.9345459204103627
25974,LOF,0.047631052295105725,0.03611009561811194,0.9162588520867824
25975,LOF,0.030487565970455956,0.023975440803870925,0.9455369932256731
25976,LOF,0.11947587183185862,0.011671243179904738,0.8688528849882367
25977,LOF,0.23081004602151403,0.08612036136910027,0.6830695926093857
25978,LOF,0.17522215381416542,0.11416292851416723,0.7106149176716673
25979,LOF,0.1460523866121011,0.12486838706102808,0.7290792263268708
25980,LOF,0.260287677278513,0.1698398332455785,0.5698724894759085
25981,LOF,0.2611238185991017,0.17110165024955076,0.5677745311513476
25982,LOF,0.45031630176861476,0.07763234958858926,0.4720513486427959
25983,Neutral,0.47432077105712467,0.1022214972557191,0.42345773168715634
25984,LOF,0.0350228490043083,0.07648429527233112,0.8884928557233607
25985,Neutral,0.4356794086223077,0.1307719987779605,0.4335485925997318
25986,LOF,0.012238020321964504,0.4198415083954708,0.5679204712825647
25987,LOF,0.0842188268004644,0.10947461795581752,0.8063065552437181
25988,LOF,0.14039870447662994,0.15039577719943734,0.7092055183239326
25989,LOF,0.038047441451652064,0.1880636765472364,0.7738888820011116
25990,LOF,0.03984267144565897,0.2931802741513024,0.6669770544030387
25991,LOF,0.025360104803521633,0.38038052391889615,0.5942593712775822
25992,LOF,0.02385290632121548,0.341258622562645,0.6348884711161396
25993,LOF,0.020863214808704008,0.09336711897754495,0.885769666213751
25994,LOF,0.015381711450752518,0.09068141614055843,0.893936872408689
25995,LOF,0.015794009108249435,0.17549151174535826,0.8087144791463923
25996,LOF,0.3478875870434873,0.26887572145219346,0.38323669150431916
25997,LOF,0.06936978948517673,0.3330357747577492,0.597594435757074
25998,LOF,0.29818449303435635,0.04682316307799284,0.6549923438876507
25999,LOF,0.024783275326716623,0.22259509994955923,0.7526216247237241
26000,LOF,0.21628702214535783,0.036614949676428456,0.7470980281782137
26001,LOF,0.275719286240013,0.03419968828258539,0.6900810254774017
26002,LOF,0.07783483010269276,0.05782402778838693,0.8643411421089203
26003,GOF,0.003996476636412876,0.6237593245153816,0.3722441988482055
26004,GOF,0.005729586479748531,0.7153382311004998,0.2789321824197517
26005,GOF,0.003095772971641937,0.5294575595368451,0.46744666749151287
26006,GOF,0.0774215931413902,0.6170199585541909,0.30555844830441875
26007,GOF,0.005656168465766654,0.6089225971648052,0.3854212343694282
26008,GOF,0.004938303984774611,0.654759927640125,0.3403017683751003
26009,GOF,0.0062635167564605515,0.6831067256630959,0.31062975758044353
26010,GOF,0.006880242187627585,0.6971006096635715,0.29601914814880087
26011,GOF,0.002850510058049701,0.5135127608626835,0.48363672907926686
26012,GOF,0.004091525631824535,0.5717617920456407,0.4241466823225347
26013,GOF,0.005505727373637832,0.6215564850916755,0.3729377875346867
26014,LOF,0.04418926157257408,0.11274979775395183,0.843060940673474
26015,LOF,0.4444914124841233,0.018507426000308212,0.5370011615155684
26016,LOF,0.318652219616439,0.03368584242434151,0.6476619379592196
26017,LOF,0.026649651574761322,0.1926553192182671,0.7806950292069716
26018,LOF,0.04479286181828247,0.03895715984483626,0.9162499783368814
26019,LOF,0.044391649461380536,0.03422976522621358,0.9213785853124059
26020,LOF,0.01066057435039325,0.18065766219979362,0.808681763449813
26021,LOF,0.07930223856923731,0.06070639891555505,0.8599913625152076
26022,LOF,0.04079739537417623,0.02120289771693174,0.9379997069088919
26023,LOF,0.040612298315631214,0.021747128754656314,0.9376405729297125
26024,LOF,0.048520507505954324,0.058512574416384286,0.8929669180776614
26025,LOF,0.059570879394302105,0.06887240623414095,0.8715567143715569
26026,LOF,0.11197846846338945,0.05085007692935786,0.8371714546072527
26027,LOF,0.03882805204736432,0.017409225114306887,0.9437627228383287
26028,LOF,0.12356582339132853,0.13742441849398443,0.739009758114687
26029,LOF,0.02360061707522606,0.20221349771293612,0.7741858852118378
26030,LOF,0.17630609086409546,0.0343838289955753,0.7893100801403292
26031,LOF,0.013098651376173292,0.17866149419910365,0.808239854424723
26032,LOF,0.060134312490924983,0.07816725988104359,0.8616984276280314
26033,LOF,0.08189846937886691,0.07167133733567904,0.8464301932854541
26034,LOF,0.01702468355666597,0.16444988283862677,0.8185254336047073
26035,LOF,0.013824885641755021,0.12393021514898178,0.8622448992092632
26036,LOF,0.014803563749207913,0.147652406621517,0.8375440296292752
26037,LOF,0.012005509419060256,0.12005655760120848,0.8679379329797312
26038,LOF,0.05181666161036691,0.07359959342023255,0.8745837449694005
26039,LOF,0.03195829481336128,0.15450981750543716,0.8135318876812017
26040,LOF,0.1462611584596221,0.15818474676779815,0.6955540947725797
26041,LOF,0.014758118198909369,0.10295897999434463,0.882282901806746
26042,LOF,0.013460600195959516,0.11028166688311804,0.8762577329209225
26043,LOF,0.05110602159178252,0.09514551306967331,0.8537484653385441
26044,LOF,0.015212385705878061,0.06284986369221375,0.9219377506019082
26045,LOF,0.07904617754544731,0.12673473165338472,0.794219090801168
26046,LOF,0.0442542818537946,0.07686798261696759,0.8788777355292378
26047,LOF,0.06953222710651011,0.07198996243036122,0.8584778104631287
26048,LOF,0.08391391116031303,0.0323842285443285,0.8837018602953586
26049,Neutral,0.9490579694608531,0.008524106543003672,0.0424179239961432
26050,Neutral,0.9310641787217239,0.009596918933259724,0.05933890234501634
26051,LOF,0.013297503131357403,0.09425808098016623,0.8924444158884762
26052,LOF,0.021142970980788874,0.1068164982191025,0.8720405308001086
26053,LOF,0.04388791535056294,0.13814557111161224,0.8179665135378248
26054,LOF,0.04851023014935207,0.023096056249445836,0.928393713601202
26055,LOF,0.06980125309591585,0.020849810461603564,0.9093489364424805
26056,LOF,0.05846090923561049,0.02641468962829485,0.9151244011360946
26057,LOF,0.030159026759449002,0.014035399794391112,0.9558055734461599
26058,LOF,0.031610581112388694,0.011500582567580225,0.9568888363200311
26059,LOF,0.20474578970009658,0.02327072497650844,0.7719834853233949
26060,LOF,0.01097997981049909,0.19544999433397148,0.7935700258555295
26061,LOF,0.008497241786189286,0.012465330811772314,0.9790374274020385
26062,LOF,0.0050542110920503425,0.021395139396354807,0.9735506495115949
26063,LOF,0.020120861169548043,0.011666335467285526,0.9682128033631664
26064,LOF,0.008350732817601013,0.029141427042451318,0.9625078401399477
26065,LOF,0.023639078921449494,0.013730774972590157,0.9626301461059604
26066,LOF,0.022437603448829942,0.01136340144514044,0.9661989951060297
26067,LOF,0.02837295926936781,0.009984336689854299,0.9616427040407779
26068,LOF,0.05345839491692479,0.04994439683892462,0.8965972082441507
26069,LOF,0.15719115091896732,0.028221122472687845,0.8145877266083449
26070,LOF,0.3468829853069683,0.023665643748098177,0.6294513709449335
26071,LOF,0.022070617644250813,0.01258057924052943,0.9653488031152198
26072,LOF,0.0076686020691789,0.02434823585445823,0.9679831620763629
26073,LOF,0.020508897866373523,0.015657839414239726,0.9638332627193869
26074,Neutral,0.9265880492105909,0.009277598867809721,0.06413435192159933
26075,LOF,0.05476228394412045,0.024405973643494314,0.9208317424123852
26076,LOF,0.03291786695854143,0.012062248352244098,0.9550198846892145
26077,LOF,0.13141611984017904,0.008651799512674852,0.8599320806471461
26078,LOF,0.007498438957724532,0.015004108033667059,0.9774974530086085
26079,LOF,0.06182919915559884,0.024848485724606784,0.9133223151197943
26080,LOF,0.06082223697561418,0.024889092782491413,0.9142886702418944
26081,LOF,0.024229038995091795,0.008598736007701805,0.9671722249972065
26082,LOF,0.00527154285839749,0.017168353078139527,0.977560104063463
26083,LOF,0.12549224652770077,0.018527622025577607,0.8559801314467217
26084,LOF,0.04484857872232359,0.015805186815847843,0.9393462344618286
26085,LOF,0.040666502407027016,0.013439412805728952,0.9458940847872439
26086,LOF,0.021982770612055582,0.012625726314295236,0.9653915030736493
26087,LOF,0.019902323923035703,0.01101412762845119,0.9690835484485132
26088,LOF,0.007582717747291536,0.019323110213777767,0.9730941720389308
26089,LOF,0.046037868423215285,0.029710440666546482,0.9242516909102383
26090,LOF,0.04667382454865027,0.023238757039052527,0.9300874184122973
26091,LOF,0.02489105681358427,0.007183434244775864,0.96792550894164
26092,LOF,0.021724642247185344,0.0090530105829227,0.9692223471698921
26093,LOF,0.04047052321292497,0.00681131214830326,0.9527181646387718
26094,LOF,0.030076597230630837,0.0068320469781375645,0.9630913557912315
26095,LOF,0.03348317759441073,0.01618631036466907,0.9503305120409202
26096,LOF,0.2199266814641791,0.0052202697910520785,0.7748530487447689
26097,LOF,0.0065403731750006645,0.03150787174628649,0.9619517550787128
26098,LOF,0.07940486650643741,0.01854632705901966,0.902048806434543
26099,LOF,0.02123883611973788,0.01582399677910948,0.9629371671011525
26100,LOF,0.021237356749128293,0.015822894573902513,0.9629397486769692
26101,LOF,0.04969280540886041,0.023094729751618342,0.9272124648395214
26102,LOF,0.01975469755928339,0.016086008899462524,0.9641592935412541
26103,Neutral,0.8777767031231147,0.02342961065450402,0.09879368622238126
26104,LOF,0.06438288545294497,0.031011878251790793,0.9046052362952641
26105,LOF,0.24582056937119592,0.17851563519301145,0.5756637954357926
26106,LOF,0.3418768063775464,0.12452544720153104,0.5335977464209225
26107,LOF,0.021015751089205992,0.11061015066581767,0.8683740982449764
26108,LOF,0.3261976328987298,0.04828951252077082,0.6255128545804993
26109,LOF,0.06195234840955775,0.04953326635640561,0.8885143852340366
26110,LOF,0.3772139627566931,0.005833125035508542,0.6169529122077984
26111,LOF,0.06409046720594248,0.12048265824428075,0.8154268745497768
26112,LOF,0.03088291842199705,0.007366977272436006,0.961750104305567
26113,LOF,0.04752340893888083,0.015026184527015238,0.9374504065341039
26114,LOF,0.09661333806971512,0.009484345511561023,0.8939023164187239
26115,LOF,0.013834350291850565,0.06715812900317956,0.9190075207049698
26116,LOF,0.09119548943446164,0.034618685620571736,0.8741858249449665
26117,LOF,0.43193887259707864,0.029755092726051875,0.5383060346768694
26118,LOF,0.029537699278206132,0.0165678289695809,0.9538944717522129
26119,LOF,0.0053414185278738745,0.03724391050396561,0.9574146709681605
26120,LOF,0.024024379670467156,0.015155375837606434,0.9608202444919263
26121,LOF,0.0046595006964847635,0.12037756827384653,0.8749629310296687
