feature0,prediction,LoGoFunc_Neutral,LoGoFunc_GOF,LoGoFunc_LOF
25546,Neutral,0.7489909496336702,0.033709397849179444,0.21729965251715044
25547,Neutral,0.5932503589418346,0.07162061463999665,0.3351290264181686
25548,Neutral,0.6077753349534116,0.05076157715911685,0.3414630878874716
25549,Neutral,0.522707994933311,0.05081695401937655,0.4264750510473124
25550,LOF,0.37255278382570783,0.08860087516179585,0.5388463410124964
25551,LOF,0.324280298074778,0.09916988170839548,0.5765498202168265
25552,LOF,0.2344697879366254,0.09485968009963511,0.6706705319637394
25553,Neutral,0.8456035092312794,0.026398084833791264,0.12799840593492948
25554,LOF,0.2653776934092387,0.09152771399809265,0.6430945925926687
25555,LOF,0.2203151343529765,0.08209779428375473,0.6975870713632688
25556,LOF,0.416244666366329,0.0799370051692762,0.5038183284643949
25557,LOF,0.21483049713384422,0.08405760941243838,0.7011118934537174
25558,LOF,0.2556823801579183,0.09276349790148433,0.6515541219405974
25559,LOF,0.36087622802825137,0.16628426647711697,0.4728395054946316
25560,LOF,0.04510203035332506,0.1666157983060436,0.7882821713406314
25561,LOF,0.107251870284015,0.16953665670874182,0.7232114730072431
25562,LOF,0.09848303998989794,0.05419966961618571,0.8473172903939165
25563,LOF,0.09158305744210764,0.08207673876588047,0.8263402037920118
25564,LOF,0.19227559869091745,0.13437939636423116,0.6733450049448514
25565,LOF,0.1417371088613767,0.0955274573649195,0.7627354337737038
25566,GOF,0.019810643118700573,0.7812243973420783,0.19896495953922125
25567,LOF,0.016385798158265394,0.15792107518424656,0.8256931266574881
25568,LOF,0.05548098757833822,0.06243136109080691,0.8820876513308549
25569,LOF,0.06457512713662333,0.05980622702811271,0.8756186458352639
25570,LOF,0.06304488287943139,0.10460117311599218,0.8323539440045764
25571,LOF,0.0576075763510383,0.09583169053085677,0.8465607331181049
25572,LOF,0.06822767153935731,0.12515109439953573,0.806621234061107
25573,LOF,0.03552473814733264,0.08915294926217256,0.8753223125904948
25574,LOF,0.021236458453440053,0.14090150115881367,0.8378620403877463
25575,LOF,0.04738718711445374,0.10657863253102753,0.8460341803545187
25576,LOF,0.018451555858962396,0.12077867712546637,0.8607697670155713
25577,LOF,0.01424173985361124,0.13086494167255802,0.8548933184738308
25578,LOF,0.25468088031261726,0.08044417226976247,0.6648749474176202
25579,LOF,0.2558503714226134,0.07963252997524574,0.6645170986021409
25580,LOF,0.030831332307354724,0.07686932212691194,0.8922993455657334
25581,LOF,0.056556793725337416,0.06277293411303532,0.8806702721616273
25582,LOF,0.05612570842863322,0.06064264592722888,0.8832316456441378
25583,LOF,0.04217454350840598,0.08508355665913744,0.8727418998324566
25584,Neutral,0.5063318382492774,0.1006847540570002,0.3929834076937223
25585,LOF,0.03456434757742117,0.11239086078672282,0.853044791635856
25586,LOF,0.03029836337606553,0.07496640670594529,0.8947352299179893
25587,LOF,0.029099098600787236,0.07259257089056127,0.8983083305086514
25588,LOF,0.030055235573466937,0.09084319708709405,0.8791015673394391
25589,Neutral,0.6401004023216693,0.11629894438179185,0.2436006532965388
25590,LOF,0.029605608621113742,0.12064640154042755,0.8497479898384587
25591,LOF,0.11433010422124294,0.054642411376426274,0.8310274844023309
25592,LOF,0.08577238209537434,0.12624892546710426,0.7879786924375214
25593,LOF,0.026519661237716836,0.2500318128380507,0.7234485259242325
25594,LOF,0.04370276727807285,0.20975918315320344,0.7465380495687237
25595,LOF,0.05005485615725358,0.1604081174133051,0.7895370264294413
25596,LOF,0.05637783366748316,0.0744346064518217,0.8691875598806952
25597,LOF,0.04717959799866546,0.07742490573975412,0.8753954962615803
25598,LOF,0.0474398586440733,0.14627110062379065,0.806289040732136
25599,GOF,0.007742714978180237,0.6874952603306189,0.30476202469120084
25600,GOF,0.020040865307590278,0.6323207839237343,0.34763835076867544
25601,LOF,0.006202881456509299,0.4563001995857928,0.5374969189576979
25602,LOF,0.02779678106737389,0.04341276784255784,0.9287904510900682
25603,LOF,0.06177828432932017,0.02792704555290003,0.9102946701177799
25604,LOF,0.06335729670382205,0.02670046068270275,0.9099422426134751
25605,LOF,0.017054762436734008,0.18338195391507067,0.7995632836481954
25606,LOF,0.11181220867354187,0.4177346799737583,0.47045311135269996
25607,LOF,0.0062813909388389,0.17984207809352148,0.8138765309676396
25608,LOF,0.058143535116891645,0.046307485026019245,0.8955489798570891
25609,LOF,0.039172735783231064,0.42164198418913645,0.5391852800276324
25610,LOF,0.03673564708166967,0.025230776308542407,0.9380335766097878
25611,LOF,0.03927680065944812,0.023576665762360716,0.9371465335781912
25612,LOF,0.09849782768649258,0.035081475006928375,0.866420697306579
25613,LOF,0.081553395245464,0.03653607499298103,0.8819105297615548
25614,LOF,0.028518692793373417,0.03331148812407809,0.9381698190825485
25615,LOF,0.051184224257846314,0.030400142845137115,0.9184156328970164
25616,LOF,0.03129750621618675,0.030487090730728035,0.9382154030530852
25617,LOF,0.030289419050161675,0.03410320655469059,0.9356073743951476
25618,LOF,0.1632595277867809,0.029029111309539533,0.8077113609036795
25619,LOF,0.028254494651701427,0.031242937953305596,0.9405025673949929
25620,LOF,0.03286367301918441,0.0397880827268537,0.9273482442539619
25621,LOF,0.031703777451356906,0.027257081368042915,0.9410391411806002
25622,LOF,0.03564884110910436,0.03280264059242628,0.9315485182984694
25623,LOF,0.06951705715574516,0.026635293041115563,0.9038476498031391
25624,LOF,0.025750910238431002,0.03608352740448807,0.9381655623570809
25625,LOF,0.03768148571661686,0.03900909624701723,0.9233094180363659
25626,LOF,0.08699833702757102,0.03131947081997505,0.8816821921524538
25627,Neutral,0.5319068068944907,0.13859540471006684,0.3294977883954426
25628,LOF,0.17908200245031256,0.06558598987209027,0.7553320076775971
25629,LOF,0.071512866287508,0.0743699852299524,0.8541171484825396
25630,LOF,0.1524199138524407,0.0973369012823182,0.7502431848652411
25631,Neutral,0.5281035605165152,0.08035222723707067,0.39154421224641417
25632,LOF,0.02230972487284239,0.06479887906299736,0.9128913960641603
25633,LOF,0.22894627033592013,0.06417224414579682,0.706881485518283
25634,LOF,0.032740795825123556,0.10173538455566257,0.8655238196192139
25635,LOF,0.037093584883053615,0.07241308159485392,0.8904933335220925
25636,GOF,0.005141568760833087,0.6753990995549124,0.3194593316842545
25637,GOF,0.006760765967804283,0.6419952313163995,0.3512440027157963
25638,LOF,0.009239932304742801,0.379600005086913,0.6111600626083441
25639,GOF,0.005651695835678952,0.505813213584162,0.48853509058015904
25640,Neutral,0.49910833393014437,0.42214572614584944,0.07874593992400619
25641,LOF,0.009171449938605719,0.3656604875711209,0.6251680624902733
25642,LOF,0.2967932687947593,0.06821736136174994,0.6349893698434907
25643,LOF,0.2331749426850824,0.15860727482452916,0.6082177824903884
25644,GOF,0.01362909037132571,0.5550954976731589,0.4312754119555154
25645,GOF,0.012485588125124625,0.5238145604866522,0.46369985138822317
25646,LOF,0.016263528424869122,0.3575636134288136,0.6261728581463174
25647,LOF,0.013818917291625432,0.28869974020831646,0.697481342500058
25648,LOF,0.01296830485283707,0.3176329275038034,0.6693987676433596
25649,LOF,0.01095967349812672,0.22138580461278645,0.7676545218890869
25650,LOF,0.025627609368172686,0.478875978870754,0.49549641176107323
25651,LOF,0.009101577457750377,0.29707447521374697,0.6938239473285026
25652,LOF,0.016173581768469645,0.2701993413621599,0.7136270768693705
25653,LOF,0.05345523970461909,0.3749626064832048,0.571582153812176
25654,LOF,0.014177477690498529,0.15223544813200934,0.8335870741774921
25655,LOF,0.10407687227688964,0.4327097194575443,0.463213408265566
25656,LOF,0.06306330466504413,0.0745395420637028,0.862397153271253
25657,LOF,0.266893932859135,0.0341073548694839,0.698998712271381
25658,LOF,0.03797907477851737,0.09917164987863503,0.8628492753428477
25659,LOF,0.2646011832634645,0.06702253355695591,0.6683762831795795
25660,LOF,0.07603048700948403,0.09749788561610206,0.8264716273744139
25661,LOF,0.051458681466021006,0.07075850576560613,0.8777828127683729
25662,LOF,0.029127453591337154,0.04530721561536678,0.9255653307932961
25663,LOF,0.039914489731445936,0.06698395324072967,0.8931015570278243
25664,LOF,0.0422116299398555,0.07770562725427627,0.8800827428058682
25665,LOF,0.05694864982530223,0.04934588966355687,0.8937054605111409
25666,LOF,0.04082656879987235,0.1256100507127469,0.8335633804873808
25667,LOF,0.029592337495143856,0.054247055033364994,0.9161606074714912
25668,LOF,0.03658656347682775,0.06035309661229774,0.9030603399108744
25669,LOF,0.039934602295117604,0.08833727845417047,0.8717281192507119
25670,LOF,0.1492450463605341,0.06591434813444924,0.7848406055050167
25671,LOF,0.03986530064852799,0.04855878808069644,0.9115759112707756
25672,LOF,0.05638102640115789,0.06800663451748466,0.8756123390813574
25673,LOF,0.04143277114159454,0.06084503661879631,0.8977221922396093
25674,LOF,0.031614918135945275,0.06925056815470083,0.8991345137093539
25675,LOF,0.04434896313012307,0.05791203377424584,0.8977390030956311
25676,LOF,0.03339743713399378,0.05867217348820842,0.9079303893777978
25677,LOF,0.061649717651219536,0.0660780363648638,0.8722722459839167
25678,LOF,0.2698408440767665,0.05211331566803322,0.6780458402552002
25679,LOF,0.180967176260702,0.0609997141165458,0.7580331096227522
25680,LOF,0.06767088428208323,0.09248182257364569,0.839847293144271
25681,LOF,0.11795719315376091,0.08557099728817583,0.7964718095580633
25682,LOF,0.04570643537813649,0.07698507243647117,0.8773084921853923
25683,LOF,0.09053808026234075,0.09103199347330197,0.8184299262643573
25684,LOF,0.05266719101181013,0.0758266132404385,0.8715061957477515
25685,LOF,0.13288635219981207,0.03477861578778703,0.832335032012401
25686,LOF,0.03402587970944693,0.09065796185311294,0.8753161584374402
25687,LOF,0.053156092377412194,0.07858465269247694,0.868259254930111
25688,LOF,0.024790716163943523,0.10168790266325722,0.8735213811727992
25689,LOF,0.017643439135154374,0.07722567927789094,0.9051308815869548
25690,LOF,0.020073828975541202,0.08303567734484037,0.8968904936796185
25691,LOF,0.15152505964665264,0.12501246957007475,0.7234624707832727
25692,LOF,0.2717154156665313,0.015809566356630625,0.7124750179768381
25693,LOF,0.041905219490344356,0.1425917812488592,0.8155029992607964
25694,LOF,0.2586644760707099,0.012554028352693465,0.7287814955765967
25695,LOF,0.16535669018494206,0.018258329651483468,0.8163849801635745
25696,LOF,0.15487761536908656,0.011102449206571222,0.8340199354243422
25697,LOF,0.12358695256803673,0.026460409911536226,0.8499526375204269
25698,LOF,0.025387492522186632,0.3693766477409046,0.6052358597369089
25699,LOF,0.06169754739417362,0.056181859173681965,0.8821205934321444
25700,LOF,0.03358571501762269,0.009418994366167922,0.9569952906162094
25701,LOF,0.013939749103098243,0.06964996304419399,0.9164102878527078
25702,GOF,0.03668095678403533,0.7342008274767846,0.22911821573918004
25703,LOF,0.018063900099947797,0.17663887150652713,0.8052972283935251
25704,LOF,0.08248761298570355,0.16074769291203048,0.756764694102266
25705,LOF,0.06795691304010838,0.22583959346954866,0.706203493490343
25706,GOF,0.04100758182361265,0.6137271462201429,0.3452652719562444
25707,GOF,0.027702617148356676,0.5114247443648646,0.46087263848677873
25708,LOF,0.006596241287071702,0.46541837603348163,0.5279853826794467
25709,LOF,0.018443032055877013,0.06856331538689134,0.9129936525572317
25710,LOF,0.008128292675683695,0.15630996477283873,0.8355617425514775
25711,LOF,0.021471577470444928,0.12363241354453429,0.8548960089850207
25712,LOF,0.008884445978762444,0.212439731348093,0.7786758226731445
25713,LOF,0.0190351120070281,0.10768099991870596,0.873283888074266
25714,LOF,0.02097021211076001,0.1446103431000413,0.8344194447891986
25715,LOF,0.020379109241828484,0.12000909306765288,0.8596117976905187
25716,LOF,0.014907934824119444,0.12185882723144201,0.8632332379444386
25717,LOF,0.006387921192534455,0.10776394795369544,0.8858481308537701
25718,LOF,0.02021100279152244,0.07828246464953784,0.9015065325589398
25719,LOF,0.03412233765116053,0.09337337858855671,0.8725042837602828
25720,LOF,0.026851893294033494,0.08362547437273982,0.8895226323332266
25721,LOF,0.02495997426692009,0.09365564596881444,0.8813843797642654
25722,LOF,0.016744410327440635,0.1300563530225868,0.8531992366499725
25723,LOF,0.022128578234975455,0.0797908947157849,0.8980805270492397
25724,LOF,0.02651931069847172,0.12702306668901042,0.8464576226125179
25725,LOF,0.02125032070200614,0.07293644338180673,0.9058132359161871
25726,LOF,0.016023204590330645,0.10519289082020837,0.878783904589461
25727,LOF,0.02128286373777984,0.08912052335772037,0.8895966129044998
25728,LOF,0.021110920417982397,0.10284091486881485,0.8760481647132028
25729,LOF,0.0199720016215494,0.10799379354805336,0.8720342048303972
25730,LOF,0.022060706867869758,0.08654936627725143,0.8913899268548788
25731,LOF,0.011485898644287878,0.16686405578871036,0.8216500455670017
25732,LOF,0.01920334119287929,0.09418667236603652,0.8866099864410842
25733,LOF,0.0285028516116878,0.09049618490948143,0.8810009634788308
25734,LOF,0.007849265031619304,0.19240413827195038,0.7997465966964303
25735,LOF,0.02291999000223228,0.07537824096530307,0.9017017690324647
25736,LOF,0.021275589208253544,0.12310837434455418,0.8556160364471923
25737,LOF,0.03865180699090357,0.10727370769217402,0.8540744853169224
25738,LOF,0.020643716746937324,0.14671561883744408,0.8326406644156186
25739,LOF,0.023347348110551547,0.13853145335450673,0.8381211985349417
25740,LOF,0.049126573965086705,0.14419352666079888,0.8066798993741144
25741,LOF,0.027745330749183623,0.12177701951817878,0.8504776497326375
25742,LOF,0.04433832216372317,0.13210157176651854,0.8235601060697584
25743,LOF,0.012597334673901133,0.029641748910016204,0.9577609164160825
25744,GOF,0.2392162118880982,0.39950026301455965,0.3612835250973422
25745,LOF,0.03095880783418542,0.0547554782052815,0.914285713960533
25746,LOF,0.013950377489840524,0.07567608580529753,0.9103735367048619
25747,LOF,0.030266654168595863,0.032953088397336905,0.9367802574340672
25748,LOF,0.27278638874785216,0.055926749328178496,0.6712868619239694
25749,LOF,0.013509983306765595,0.05276725571449216,0.9337227609787422
25750,LOF,0.016228896571836016,0.08136963899977186,0.9024014644283921
25751,LOF,0.038360491574340426,0.05664038285799657,0.904999125567663
25752,GOF,0.08494191560886179,0.6815442776498983,0.23351380674124003
25753,LOF,0.007096903279268997,0.39053986434871873,0.6023632323720123
25754,GOF,0.006882914230200659,0.862706379056689,0.13041070671311042
25755,LOF,0.007722109590000332,0.4509255819541382,0.5413523084558616
25756,LOF,0.05040381061105444,0.45541423270042264,0.49418195668852294
25757,GOF,0.007142682019182172,0.8715926311607126,0.12126468682010523
25758,GOF,0.009309227278992529,0.8925355872899525,0.09815518543105488
25759,GOF,0.005501882176346372,0.5872406452022785,0.40725747262137524
25760,LOF,0.006055321990052256,0.31002070794886416,0.6839239700610836
25761,GOF,0.06824803690904872,0.8510637814264412,0.08068818166451006
25762,LOF,0.03017539215632459,0.39069159989940383,0.5791330079442716
25763,LOF,0.006881729729319673,0.27826966391837643,0.7148486063523039
25764,GOF,0.06836916525040553,0.6573359971043999,0.27429483764519463
25765,GOF,0.008696384882436289,0.8526047261425829,0.1386988889749809
25766,GOF,0.04064973537977922,0.8218741185140956,0.13747614610612527
25767,GOF,0.010494568566129398,0.5278523768694734,0.46165305456439715
25768,LOF,0.035128428973059914,0.07788934483784349,0.8869822261890966
25769,LOF,0.023542551339979675,0.09290885483396036,0.8835485938260599
25770,LOF,0.1734725329359414,0.06959852124350749,0.7569289458205511
25771,LOF,0.01592371946396615,0.06945733320772839,0.9146189473283054
25772,LOF,0.023402254528088733,0.036961200976918594,0.9396365444949928
25773,LOF,0.02035911793581941,0.06576728892021157,0.913873593143969
25774,LOF,0.02885709235031108,0.10538483298942736,0.8657580746602614
25775,LOF,0.02320351031557764,0.044242555852608084,0.9325539338318142
25776,LOF,0.02611329114169342,0.033028163466787816,0.9408585453915187
25777,LOF,0.2467896513720155,0.08214361181041155,0.6710667368175729
25778,LOF,0.01865499132942801,0.06378028010678813,0.9175647285637839
25779,GOF,0.03126711307102799,0.8848140450290118,0.08391884189995998
25780,GOF,0.0737372951390368,0.8722839722900971,0.053978732570866196
25781,GOF,0.032764438849856393,0.8751324139498752,0.09210314720026852
25782,GOF,0.02898984553085845,0.9019951937800895,0.06901496068905195
25783,GOF,0.020038358160081312,0.7896621026080951,0.19029953923182363
25784,GOF,0.07834889090878884,0.8794211742399929,0.04222993485121817
25785,GOF,0.05937131162975637,0.8943461732322032,0.046282515138040395
25786,GOF,0.008411356124969224,0.8503778996086245,0.14121074426640617
25787,GOF,0.15959166874482816,0.7984003212291181,0.04200801002605366
25788,LOF,0.014978397273819031,0.2104206795059672,0.7746009232202138
25789,GOF,0.014102338967381533,0.8446608167831314,0.14123684424948701
25790,GOF,0.016763881882626026,0.865991286359229,0.117244831758145
25791,GOF,0.01570749294708221,0.8128458924913246,0.17144661456159319
25792,GOF,0.020336701827554933,0.8209986938507043,0.15866460432174073
25793,GOF,0.0534314600658001,0.8296948914025117,0.11687364853168827
25794,GOF,0.044720449433290684,0.7388125668839611,0.21646698368274814
25795,GOF,0.045397180824940854,0.7681276519907068,0.18647516718435236
25796,GOF,0.07970362296374653,0.823154225893468,0.09714215114278563
25797,GOF,0.0434000422089118,0.7011712907560245,0.2554286670350637
25798,GOF,0.003153312309631545,0.6744608139003818,0.32238587378998657
25799,GOF,0.002863586235290327,0.5552305632153871,0.4419058505493225
25800,GOF,0.01684565112897009,0.7638850419590593,0.21926930691197072
25801,GOF,0.014431037271820537,0.8655907475250846,0.11997821520309492
25802,GOF,0.02121096838103336,0.8236784771477205,0.15511055447124625
25803,GOF,0.013504480185610337,0.71158447133797,0.2749110484764197
25804,GOF,0.016727081070072394,0.6445593634530477,0.33871355547688
25805,GOF,0.0261892500378578,0.72357554843566,0.25023520152648226
25806,GOF,0.02185629849732459,0.7930742263078672,0.18506947519480813
25807,GOF,0.006241194748120774,0.7667221087332553,0.22703669651862385
25808,GOF,0.014289441591775672,0.7538422343477501,0.23186832406047414
25809,GOF,0.0076135631574847755,0.7549314608049809,0.23745497603753435
25810,GOF,0.0061463207246162796,0.7477408514605025,0.24611282781488128
25811,GOF,0.03601730010728915,0.8763598737467037,0.08762282614600737
25812,GOF,0.01852682138026958,0.7457848147592028,0.23568836386052766
25813,GOF,0.1048214250902793,0.7947837357911135,0.10039483911860723
25814,GOF,0.023437902818999018,0.7866764744066082,0.18988562277439278
25815,GOF,0.04115695870874217,0.8220735860424825,0.13676945524877543
25816,GOF,0.008312054195224124,0.8660304391127245,0.12565750669205145
25817,GOF,0.10401983842850085,0.8089461464878528,0.08703401508364643
25818,GOF,0.020021650944091994,0.8066640377181667,0.17331431133774122
25819,GOF,0.05006685204955786,0.7468315319097684,0.20310161604067375
25820,GOF,0.024537177458020067,0.7552481040607782,0.2202147184812018
25821,GOF,0.01659210879154819,0.7556020778600331,0.22780581334841868
25822,GOF,0.029750080089847798,0.7561277006362763,0.21412221927387598
25823,GOF,0.018946144523228525,0.6819120729968072,0.2991417824799644
25824,GOF,0.017058736534925106,0.7484817538214144,0.23445950964366044
25825,GOF,0.013889240049939976,0.7407279238064066,0.2453828361436535
25826,GOF,0.006173580658634117,0.7454555927399731,0.2483708266013928
25827,GOF,0.010427445148696925,0.7208684587599384,0.26870409609136453
25828,GOF,0.007795100125240001,0.6743795752151777,0.31782532465958235
25829,GOF,0.0034017767300010917,0.7168910547529941,0.2797071685170047
25830,GOF,0.030087855131658237,0.5442747556580074,0.42563738921033434
25831,GOF,0.057520936898042246,0.8147386612816869,0.12774040182027097
25832,GOF,0.008735652220753422,0.7990147661512218,0.19224958162802472
25833,GOF,0.030932232321992072,0.8380569072965302,0.13101086038147766
25834,GOF,0.008406755663590936,0.8034190646155366,0.1881741797208724
25835,GOF,0.020480139654361424,0.8493273435881612,0.13019251675747745
25836,GOF,0.006047013766161556,0.7878048067529911,0.20614817948084732
25837,GOF,0.006881242158837358,0.6940421363028527,0.29907662153830994
25838,GOF,0.020541887323004594,0.8471905483634864,0.13226756431350914
25839,GOF,0.04151957683570726,0.8218333927442327,0.13664703042006004
25840,GOF,0.08220899328449571,0.8039596861082663,0.11383132060723795
25841,GOF,0.07854887179931244,0.8257010264952659,0.09575010170542182
25842,GOF,0.02161343741801101,0.8712636660780914,0.10712289650389757
25843,GOF,0.021306902209701488,0.8798245246024582,0.09886857318784026
25844,GOF,0.012874678185177306,0.8113046022928829,0.17582071952193992
25845,GOF,0.00463043422989089,0.621816086812468,0.3735534789576412
25846,GOF,0.06364254821926517,0.8444228871300777,0.09193456465065714
25847,GOF,0.013470699957296392,0.8951975828143365,0.09133171722836726
25848,GOF,0.015906945522950865,0.8361984153825438,0.14789463909450526
25849,GOF,0.005373296142047085,0.7408249981598223,0.25380170569813054
25850,GOF,0.005112180749887636,0.7474694523373387,0.24741836691277358
25851,GOF,0.004746123226779043,0.6406970210486067,0.35455685572461426
25852,GOF,0.11902661376263257,0.5932295264415076,0.28774385979585976
25853,GOF,0.06262187890522267,0.828589322151679,0.10878879894309834
25854,GOF,0.004137368442802832,0.6949276463062186,0.3009349852509786
25855,GOF,0.015149666284438618,0.6485326820517671,0.3363176516637943
25856,GOF,0.03161716542154954,0.7715404722918616,0.19684236228658894
25857,GOF,0.01759078495500347,0.6272122169854285,0.3551969980595679
25858,GOF,0.006981271958368007,0.6504660441609171,0.3425526838807148
25859,GOF,0.005743297019334155,0.6489257637228357,0.34533093925783004
25860,GOF,0.07754354199594832,0.8162916882987479,0.1061647697053038
25861,GOF,0.0739180311261308,0.8215228718168742,0.10455909705699491
25862,GOF,0.015423398200384807,0.8617422237629364,0.12283437803667875
25863,GOF,0.016775194809564947,0.8561257790649867,0.12709902612544846
25864,GOF,0.0505555561836561,0.8647138015450735,0.0847306422712705
25865,GOF,0.03474511408115907,0.8334043043679871,0.13185058155085388
25866,GOF,0.021384911255664392,0.8628548026877276,0.11576028605660794
25867,GOF,0.03303588756171755,0.8761333981222147,0.09083071431606776
25868,GOF,0.05452594482604041,0.8299778983228911,0.11549615685106858
25869,GOF,0.34169374045319034,0.5882322184333286,0.07007404111348105
25870,GOF,0.0518898345011824,0.6763271572554961,0.2717830082433215
25871,GOF,0.009600090850455259,0.8823447891317768,0.10805512001776793
25872,GOF,0.018766892890295733,0.8699094140378801,0.1113236930718242
25873,GOF,0.01736726527356368,0.885266205437221,0.09736652928921534
25874,LOF,0.01444930684737266,0.2462703936158562,0.7392802995367712
25875,LOF,0.04144702526127397,0.05168577358664889,0.9068672011520772
25876,LOF,0.021160142520404365,0.03293374133566629,0.9459061161439294
25877,LOF,0.12492671819600482,0.08265191290767479,0.7924213688963204
25878,LOF,0.0886472208980673,0.12991155218357742,0.7814412269183554
25879,LOF,0.026040252969209417,0.10379298769191306,0.8701667593388775
25880,LOF,0.06025282096657349,0.012766849313441518,0.926980329719985
25881,Neutral,0.5336957151308486,0.06878680433506425,0.39751748053408725
25882,LOF,0.06203904942866943,0.020815477257310675,0.9171454733140199
25883,LOF,0.02606730216202284,0.02618379663465246,0.9477489012033247
25884,LOF,0.016211996547479016,0.047133771551632134,0.9366542319008888
25885,LOF,0.1790960618659771,0.010766575948524955,0.810137362185498
25886,LOF,0.2766330545892506,0.05372474978715664,0.6696421956235928
25887,LOF,0.16714239317891577,0.0693538557909714,0.7635037510301129
25888,LOF,0.010098426143671943,0.12984484354634582,0.8600567303099822
25889,LOF,0.02304736325931455,0.03497796015550162,0.9419746765851839
25890,LOF,0.16564075388401267,0.10453465695037346,0.7298245891656139
25891,LOF,0.11450736921228324,0.02466290919962258,0.8608297215880941
25892,LOF,0.009367180546365267,0.03557373837772702,0.9550590810759076
25893,LOF,0.3465148427785047,0.010050281383248498,0.6434348758382468
25894,LOF,0.38418605347273727,0.006322147255617297,0.6094917992716454
25895,LOF,0.31265982652549595,0.014969474732291854,0.6723706987422121
25896,LOF,0.07251713035911134,0.022668007768819637,0.9048148618720689
25897,LOF,0.1940633119069169,0.009045592449975076,0.796891095643108
25898,LOF,0.15538036615864523,0.03518275108794254,0.8094368827534123
25899,LOF,0.4267627869472271,0.023157184708636352,0.5500800283441365
25900,Neutral,0.5066489673383618,0.0076300694419577835,0.48572096321968034
25901,LOF,0.06415665030588484,0.009716784383326352,0.9261265653107889
25902,LOF,0.17174432437445072,0.01063173729152589,0.8176239383340235
25903,LOF,0.39594822763797816,0.025447751159776724,0.5786040212022451
25904,Neutral,0.5103182570970685,0.03159881576638217,0.45808292713654936
25905,GOF,0.006216417890789113,0.5011935541544653,0.49259002795474566
25906,LOF,0.007421525566039247,0.1048024607341514,0.8877760136998094
25907,LOF,0.005406892077906105,0.36274638532534326,0.6318467225967507
25908,LOF,0.005068054922245962,0.26397964643655536,0.7309522986411987
25909,LOF,0.028929392089236467,0.15044282379519186,0.8206277841155717
25910,LOF,0.011173252582028831,0.13523767095349032,0.8535890764644809
25911,LOF,0.225184141760575,0.05378639920669634,0.7210294590327287
25912,LOF,0.09994456268190686,0.03777169685751527,0.8622837404605779
25913,LOF,0.022007046173478928,0.06825598469897388,0.9097369691275472
25914,LOF,0.03735926191619065,0.03885894267408941,0.9237817954097199
25915,LOF,0.2047744979636703,0.14346326207050095,0.6517622399658287
25916,LOF,0.03168320066320013,0.10133330721763467,0.8669834921191651
25917,LOF,0.07390554164076846,0.03261975888553359,0.893474699473698
25918,LOF,0.045651664513324745,0.023033776391942748,0.9313145590947326
25919,LOF,0.04069422267155304,0.021545688280018325,0.9377600890484286
25920,LOF,0.35118552457110613,0.21392380512885692,0.434890670300037
25921,LOF,0.014814021029429124,0.037483776832205,0.9477022021383659
25922,LOF,0.01656917649514686,0.03914930278327622,0.9442815207215769
25923,LOF,0.42174100989273633,0.034647371022417675,0.543611619084846
25924,LOF,0.0232186781817608,0.05723265109754642,0.9195486707206928
25925,LOF,0.07972244861034354,0.05001888667181377,0.8702586647178426
25926,LOF,0.06283703488317725,0.04526140374594623,0.8919015613708765
25927,LOF,0.020718884621085655,0.0686747521236062,0.9106063632553081
25928,LOF,0.00966134184785173,0.05696177794294043,0.933376880209208
25929,Neutral,0.5540255351719292,0.032263613045884064,0.4137108517821867
25930,LOF,0.0680557546571936,0.03385070606334304,0.8980935392794633
25931,LOF,0.011647359646110154,0.043593305383888385,0.9447593349700014
25932,LOF,0.05651616858759047,0.03866610875172778,0.9048177226606817
25933,LOF,0.05928259953288531,0.021907073122025975,0.9188103273450887
25934,LOF,0.05305959415283426,0.020182403956006362,0.9267580018911593
25935,LOF,0.07366773803620696,0.06031714505514538,0.8660151169086475
25936,LOF,0.09315276267681695,0.022338930165053617,0.8845083071581293
25937,LOF,0.01873817398182243,0.0274704025183216,0.953791423499856
25938,LOF,0.07433436381521535,0.050824682328470934,0.8748409538563138
25939,LOF,0.04328398489680981,0.028547203340557645,0.9281688117626326
25940,LOF,0.008803793862824396,0.38121799392978495,0.6099782122073906
25941,Neutral,0.4825219891967146,0.049921921598989394,0.46755608920429603
25942,LOF,0.009993615617411642,0.06041418047270529,0.929592203909883
25943,LOF,0.054363751297382766,0.23128842765586707,0.7143478210467502
25944,LOF,0.058890522377523104,0.10270244912582115,0.8384070284966557
25945,LOF,0.1158462394379695,0.03545313096393769,0.8487006295980929
25946,LOF,0.057757628047927424,0.04254266628794806,0.8996997056641245
25947,LOF,0.4450375409870956,0.10444064564002456,0.4505218133728799
25948,LOF,0.3946966686088106,0.019280321936748734,0.5860230094544406
25949,LOF,0.1374167564806887,0.07679254559841393,0.7857906979208973
25950,GOF,0.056551500530768156,0.5854110763843345,0.3580374230848972
25951,LOF,0.013750895397742458,0.4412064235993168,0.5450426810029407
25952,LOF,0.2130585789925813,0.3040296205013381,0.48291180050608074
25953,LOF,0.009325417201087585,0.18202147448870606,0.8086531083102064
25954,GOF,0.0693136854210347,0.47988771977495326,0.45079859480401213
25955,LOF,0.007115870414112244,0.1447946485630163,0.8480894810228714
25956,LOF,0.012491417695297574,0.2690395933691889,0.7184689889355135
25957,LOF,0.16198812510092025,0.029091088560819198,0.8089207863382605
25958,LOF,0.03079895262219068,0.06605530867248471,0.9031457387053247
25959,GOF,0.011149217795403045,0.697169697385049,0.29168108481954785
25960,LOF,0.005476612407238328,0.11237962021390012,0.8821437673788616
25961,LOF,0.02913945468878231,0.053580749842672346,0.9172797954685452
25962,LOF,0.04991865602704649,0.07011795995815849,0.8799633840147949
25963,LOF,0.005888047977869053,0.16271327400369234,0.8313986780184387
25964,LOF,0.02731538538473027,0.10529639186613808,0.8673882227491317
25965,LOF,0.247279186103604,0.11548473127748615,0.6372360826189098
25966,LOF,0.3782640215212202,0.11974719813882823,0.5019887803399515
25967,LOF,0.008963917216053238,0.07018654523664732,0.9208495375472994
25968,LOF,0.04929529712246249,0.26047575692592306,0.6902289459516145
25969,LOF,0.17390325068998475,0.052293353354805214,0.77380339595521
25970,LOF,0.061336589843456205,0.08025173815298332,0.8584116720035604
25971,LOF,0.07659328877931396,0.03634890543618681,0.8870578057844992
25972,LOF,0.06742986892812447,0.06506402523980978,0.8675061058320659
25973,LOF,0.062379458093582266,0.010806369498367233,0.9268141724080504
25974,LOF,0.046889502477017043,0.04313497441106378,0.9099755231119192
25975,LOF,0.03908568704980865,0.019180143261602986,0.9417341696885883
25976,LOF,0.08267026658140204,0.011080563457510977,0.906249169961087
25977,LOF,0.25586160080290493,0.05953118922816794,0.6846072099689271
25978,LOF,0.1641927159979616,0.12405785340196658,0.7117494306000718
25979,LOF,0.14125186027869416,0.14622637355479723,0.7125217661665086
25980,LOF,0.2289186612712379,0.18581525271303262,0.5852660860157295
25981,LOF,0.23052094387525937,0.1882285618026856,0.581250494322055
25982,LOF,0.421591881159687,0.10077996283395917,0.4776281560063538
25983,LOF,0.43046271185478135,0.12731680041260876,0.44222048773261
25984,LOF,0.04070271797795104,0.09895916136544539,0.8603381206566035
25985,LOF,0.347636937811627,0.1637781675200976,0.4885848946682754
25986,LOF,0.009880148876455433,0.4410956975335145,0.54902415359003
25987,LOF,0.04055089945455826,0.10273864045630292,0.8567104600891388
25988,LOF,0.04111928595140364,0.158536089894498,0.8003446241540983
25989,LOF,0.042156277716182744,0.1841801841837161,0.7736635381001011
25990,LOF,0.03607334346533944,0.3201739643499121,0.6437526921847485
25991,GOF,0.02015392526285769,0.4936540596097198,0.48619201512742266
25992,GOF,0.01777723445251485,0.5006012934753599,0.4816214720721253
25993,LOF,0.027764101987697958,0.0800850020599851,0.892150895952317
25994,LOF,0.021780979461964417,0.07322085328929788,0.9049981672487376
25995,LOF,0.020438109242006113,0.1304295051487157,0.8491323856092782
25996,GOF,0.3450090731785268,0.39200758075930453,0.2629833460621687
25997,LOF,0.0547398487485451,0.4483885659516284,0.49687158529982645
25998,LOF,0.2680379550963598,0.05322525106516698,0.6787367938384732
25999,LOF,0.04084810532377686,0.16592811476653926,0.7932237799096838
26000,LOF,0.14043831523280267,0.018935699245652252,0.8406259855215451
26001,LOF,0.27514845099386315,0.026777085921228627,0.6980744630849083
26002,LOF,0.10065388787714385,0.03389562673963863,0.8654504853832174
26003,GOF,0.006994549105623104,0.6692390551246988,0.3237663957696781
26004,GOF,0.01768873034296466,0.7005539294503831,0.2817573402066522
26005,LOF,0.005313703221164704,0.4849680776505078,0.5097182191283274
26006,GOF,0.14198467454271255,0.5562829425669296,0.30173238289035786
26007,GOF,0.012567809761800941,0.5549982176812562,0.4324339725569428
26008,GOF,0.00663598102002425,0.5799481568362133,0.4134158621437625
26009,GOF,0.01060026052496817,0.6565222236991697,0.3328775157758622
26010,GOF,0.009783376455432369,0.6252589522883928,0.3649576712561748
26011,LOF,0.004050183180858391,0.44828868130014504,0.5476611355189964
26012,GOF,0.004512468324739525,0.502318899395839,0.49316863227942154
26013,GOF,0.00898538331555917,0.593555853703251,0.3974587629811898
26014,LOF,0.06905758169526287,0.1130858684694518,0.8178565498352852
26015,LOF,0.3704879985072339,0.03309729354608157,0.5964147079466845
26016,LOF,0.2952594320658788,0.046972344620336066,0.6577682233137851
26017,LOF,0.015607923868215494,0.25740850032998697,0.7269835758017975
26018,LOF,0.0228819171370416,0.07328621176562815,0.9038318710973303
26019,LOF,0.02259593618960653,0.06349005081894903,0.9139140129914445
26020,LOF,0.007298835573485767,0.25472548182894633,0.737975682597568
26021,LOF,0.09852998889798406,0.09187463500359984,0.809595376098416
26022,LOF,0.03366958269398304,0.03366040111678076,0.9326700161892362
26023,LOF,0.020782679662642457,0.0504408690378385,0.9287764512995191
26024,LOF,0.05052737821594306,0.07153777941968514,0.8779348423643718
26025,LOF,0.08784210105514409,0.07709950069015792,0.835058398254698
26026,LOF,0.11858901124151504,0.06632691105106404,0.815084077707421
26027,LOF,0.025345066323169903,0.03079707084961618,0.9438578628272138
26028,LOF,0.08649495174448163,0.17072335975305858,0.7427816885024597
26029,LOF,0.025865582719330843,0.22018043581779653,0.7539539814628726
26030,LOF,0.14530202840815276,0.02743979624465419,0.827258175347193
26031,LOF,0.010646526807042242,0.17729806898022346,0.8120554042127343
26032,LOF,0.03451600411742889,0.046556281993603364,0.9189277138889678
26033,LOF,0.04104447681232007,0.046236259566918694,0.9127192636207612
26034,LOF,0.015406756585734323,0.15739149936063612,0.8272017440536296
26035,LOF,0.012600907676167845,0.10751063417520772,0.8798884581486244
26036,LOF,0.012990616241931131,0.12478625145945357,0.8622231322986152
26037,LOF,0.010626297498872166,0.09952646399212536,0.8898472385090025
26038,LOF,0.030361670908787115,0.04169385187866822,0.9279444772125447
26039,LOF,0.034363314881327524,0.13562055395394487,0.8300161311647276
26040,LOF,0.06683864154633164,0.12636969799927988,0.8067916604543884
26041,LOF,0.014188148996475278,0.08745750914910343,0.8983543418544212
26042,LOF,0.013404127623570246,0.10129590773221395,0.8852999646442158
26043,LOF,0.02964758159666721,0.06395991986847012,0.9063924985348626
26044,LOF,0.010767478643677211,0.047329874650568184,0.9419026467057546
26045,LOF,0.06943369460868035,0.10601756866257768,0.824548736728742
26046,LOF,0.027069397235946594,0.04729961957945655,0.9256309831845969
26047,LOF,0.052208333480543635,0.047815090986806405,0.8999765755326499
26048,LOF,0.09465397192979443,0.019935623809546225,0.8854104042606593
26049,Neutral,0.9452695716167565,0.008739862549720166,0.04599056583352322
26050,Neutral,0.9173441580378938,0.009106096180357591,0.07354974578174853
26051,LOF,0.02362874133978774,0.10546731142466044,0.8709039472355519
26052,LOF,0.04128411425486093,0.1218309115231595,0.8368849742219795
26053,LOF,0.02314288445439863,0.13752199477310478,0.8393351207724966
26054,LOF,0.04877472627431722,0.03412724662427688,0.9170980271014059
26055,LOF,0.07416070620625471,0.03099330030266575,0.8948459934910795
26056,LOF,0.060706405059816226,0.03734188375316414,0.9019517111870197
26057,LOF,0.055589261899551184,0.01745707991049946,0.9269536581899492
26058,LOF,0.05861300288162128,0.014409631924478083,0.9269773651939006
26059,LOF,0.21157124442040548,0.03543512527772277,0.7529936303018717
26060,LOF,0.021741180243041003,0.180005188738483,0.7982536310184759
26061,LOF,0.012719561915671624,0.010590436381515545,0.9766900017028127
26062,LOF,0.0071451682851070885,0.016557098405064453,0.9762977333098285
26063,LOF,0.04185039341691566,0.013543843713014947,0.9446057628700695
26064,LOF,0.016262333011563736,0.01976976566978882,0.9639679013186475
26065,LOF,0.04970554445348537,0.01666004256885319,0.9336344129776615
26066,LOF,0.04126085046516364,0.013826715431918877,0.9449124341029175
26067,LOF,0.04732556015073277,0.013413808426330576,0.9392606314229367
26068,LOF,0.05723191712767609,0.048604032540557715,0.894164050331766
26069,LOF,0.30767244710965264,0.03276222605251189,0.6595653268378354
26070,Neutral,0.5466869308692276,0.024007127771510466,0.429305941359262
26071,LOF,0.04506328629303811,0.014536339031191068,0.9404003746757709
26072,LOF,0.009541703633674197,0.01969871866229656,0.9707595777040292
26073,LOF,0.038175724622917,0.016381449148195205,0.9454428262288878
26074,Neutral,0.8680239108059371,0.012282743921173787,0.11969334527288908
26075,LOF,0.05650332450416731,0.026753402545263014,0.9167432729505697
26076,LOF,0.05237765374037585,0.013259520043971717,0.9343628262156525
26077,LOF,0.16681513341592666,0.0073457903914617905,0.8258390761926115
26078,LOF,0.008290645789644554,0.016761736592390046,0.9749476176179654
26079,LOF,0.06525774006156285,0.025531824902319814,0.9092104350361173
26080,LOF,0.06462188097717358,0.025637678345631826,0.9097404406771945
26081,LOF,0.0354117471311345,0.01141872279274553,0.95316953007612
26082,LOF,0.00652469290851067,0.017905530745314313,0.975569776346175
26083,LOF,0.1000683255544097,0.025445766686534057,0.8744859077590562
26084,LOF,0.09654306059487802,0.018347239961885392,0.8851096994432365
26085,LOF,0.08481838264708357,0.015781359460535216,0.8994002578923812
26086,LOF,0.039347673557929855,0.01486068368549973,0.9457916427565703
26087,LOF,0.036120790342492444,0.013040024760433888,0.9508391848970736
26088,LOF,0.0076205282873445515,0.023004295139699295,0.9693751765729561
26089,LOF,0.04412147239976469,0.04096648737651809,0.9149120402237172
26090,LOF,0.044358411856496305,0.03187416805292571,0.9237674200905781
26091,LOF,0.029779804443760046,0.01030813588020393,0.959912059676036
26092,LOF,0.047217212321578564,0.010396211269075993,0.9423865764093455
26093,LOF,0.08058340575490866,0.007691952496647082,0.9117246417484444
26094,LOF,0.03465153156670588,0.009620180232270528,0.9557282882010236
26095,LOF,0.02975648229765191,0.023210967371914155,0.9470325503304339
26096,LOF,0.21195661097323384,0.005669929169635315,0.7823734598571308
26097,LOF,0.00809412130884823,0.03731999651183348,0.9545858821793183
26098,LOF,0.13005929922457285,0.02232139950872998,0.847619301266697
26099,LOF,0.038939609741243136,0.023166796573958048,0.9378935936847989
26100,LOF,0.03893608589640071,0.023164700091811326,0.937899214011788
26101,LOF,0.06312288711511345,0.03778434478935441,0.8990927680955322
26102,LOF,0.03430993771816603,0.021223534490951258,0.9444665277908828
26103,Neutral,0.8938989417650322,0.02957232308520412,0.07652873514976385
26104,LOF,0.058673147942119426,0.04383611874877776,0.8974907333091029
26105,LOF,0.25845193265141403,0.12874233130256263,0.6128057360460234
26106,LOF,0.29703236793126975,0.06862590568604524,0.6343417263826852
26107,LOF,0.02214342659133005,0.0935188523248449,0.8843377210838251
26108,LOF,0.23133405692011896,0.04192610532206871,0.7267398377578124
26109,LOF,0.07165896579722919,0.025973056212262292,0.9023679779905084
26110,LOF,0.42882495187807645,0.012232851559428989,0.5589421965624946
26111,LOF,0.05792518316460615,0.13680868161458898,0.8052661352208048
26112,LOF,0.053182117509361984,0.01083227165827141,0.9359856108323666
26113,LOF,0.11304131001223212,0.026123858155510177,0.8608348318322577
26114,LOF,0.08860099331837003,0.009346290983132392,0.9020527156984975
26115,LOF,0.02117768064510996,0.0677285071369574,0.9110938122179327
26116,LOF,0.0713986927666996,0.02822582167569893,0.9003754855576014
26117,LOF,0.3536830983479943,0.046955748466635264,0.5993611531853705
26118,LOF,0.049780954288069904,0.020168823010789646,0.9300502227011405
26119,LOF,0.006453948859616524,0.0412391184162138,0.9523069327241697
26120,LOF,0.03405098724691192,0.01909270601286446,0.9468563067402236
26121,LOF,0.0035299644529760564,0.14487001669900545,0.8516000188480184
