feature0,prediction,LoGoFunc_Neutral,LoGoFunc_GOF,LoGoFunc_LOF
25546,Neutral,0.6543703355754917,0.03624758801337864,0.3093820764111297
25547,Neutral,0.5509406706347404,0.09016464023171192,0.3588946891335477
25548,Neutral,0.5098405161059277,0.05985496953211061,0.43030451436196154
25549,Neutral,0.48231820744153964,0.06337225783653234,0.45430953472192803
25550,LOF,0.3862121411521229,0.06247895317517803,0.5513089056726991
25551,LOF,0.3008484649404051,0.06467440424112633,0.6344771308184685
25552,LOF,0.19943989119699376,0.07631659045935689,0.7242435183436494
25553,Neutral,0.8095480037352759,0.021561324558435326,0.16889067170628877
25554,LOF,0.22840817863027,0.07992294260986828,0.6916688787598618
25555,LOF,0.18901443509971377,0.0711813307651823,0.739804234135104
25556,Neutral,0.5369816554117081,0.05650049895495915,0.4065178456333329
25557,LOF,0.19753403695543767,0.07588750220429827,0.726578460840264
25558,LOF,0.2455571943024794,0.07937731383852298,0.6750654918589976
25559,Neutral,0.5845067544559851,0.03610187963587412,0.3793913659081409
25560,LOF,0.036182914461969785,0.1791270209426857,0.7846900645953445
25561,LOF,0.10737691377053435,0.1941818216603818,0.6984412645690837
25562,LOF,0.12999593544806354,0.055791793363502144,0.8142122711884343
25563,LOF,0.1301242035762802,0.07737073335709213,0.7925050630666276
25564,LOF,0.06071178293400528,0.09830274209317293,0.8409854749728217
25565,LOF,0.1146625153290301,0.3043726810146795,0.5809648036562904
25566,GOF,0.029942320103942238,0.6124617320641981,0.35759594783185983
25567,LOF,0.01460125302631883,0.07308432362796352,0.9123144233457176
25568,LOF,0.08992744958701301,0.04303611509498044,0.8670364353180064
25569,LOF,0.16728490599749343,0.024551330311748103,0.8081637636907586
25570,LOF,0.08834453783435671,0.06661278457080885,0.8450426775948343
25571,LOF,0.10300869213321091,0.048215625033406706,0.8487756828333823
25572,LOF,0.05170219536836268,0.05662243867971386,0.8916753659519235
25573,LOF,0.027635053681982664,0.05598456039951532,0.9163803859185021
25574,LOF,0.01453217821542531,0.15216316080424894,0.8333046609803257
25575,LOF,0.08802330663206599,0.027416566085278333,0.8845601272826558
25576,LOF,0.022312220291382284,0.02255721931009378,0.955130560398524
25577,LOF,0.013810041560758164,0.02754774233879056,0.9586422161004513
25578,LOF,0.3880296938893121,0.07272128065421209,0.5392490254564758
25579,LOF,0.32230688703252774,0.06562817847757506,0.6120649344898972
25580,LOF,0.054896286450012,0.017768221190504106,0.927335492359484
25581,LOF,0.07178927924900012,0.07159296339255092,0.8566177573584489
25582,LOF,0.0710939174509823,0.05114002090269219,0.8777660616463255
25583,LOF,0.0637926415057203,0.01655640234739111,0.9196509561468886
25584,Neutral,0.5288956062063892,0.02853787222171844,0.44256652157189236
25585,LOF,0.03493459030330323,0.028260086439451583,0.9368053232572452
25586,LOF,0.05608596489896145,0.029612453565622615,0.9143015815354159
25587,LOF,0.04388987391352742,0.02316725321681321,0.9329428728696594
25588,LOF,0.0501919438717412,0.035324967501582004,0.9144830886266768
25589,Neutral,0.7645100128231985,0.05972599697738712,0.17576399019941438
25590,LOF,0.026916271172747235,0.06695774933834737,0.9061259794889054
25591,LOF,0.10873088251485444,0.030562339103922878,0.8607067783812227
25592,LOF,0.22342680879116975,0.06335660770256439,0.7132165835062658
25593,LOF,0.018444748068230727,0.2809242737330831,0.7006309781986862
25594,LOF,0.050684383401501124,0.12408146268784516,0.8252341539106538
25595,LOF,0.09879555661558218,0.19656418265364747,0.7046402607307704
25596,LOF,0.09441131613109685,0.08514501737122579,0.8204436664976773
25597,LOF,0.08686156456763866,0.053218378827222086,0.8599200566051391
25598,LOF,0.12538882714355193,0.13571761361199478,0.7388935592444532
25599,LOF,0.013554956049386493,0.22383889983419714,0.7626061441164165
25600,LOF,0.021248533622577684,0.29179779892986507,0.6869536674475573
25601,LOF,0.00998436100722581,0.16372154820936344,0.8262940907834108
25602,LOF,0.026175306699268455,0.08170839642201161,0.8921162968787198
25603,LOF,0.0428398118714304,0.08973856376969337,0.8674216243588763
25604,LOF,0.03512585052573458,0.16584915872909672,0.7990249907451686
25605,LOF,0.01322992135653008,0.340741586257334,0.6460284923861359
25606,LOF,0.09113036013262622,0.3908394423277338,0.5180301975396401
25607,LOF,0.0032960568997753626,0.1676958251583767,0.829008117941848
25608,LOF,0.05940869521221832,0.036001178522461895,0.9045901262653199
25609,LOF,0.09421163272758072,0.15981179284302216,0.745976574429397
25610,LOF,0.0401987036524276,0.0977598893208028,0.8620414070267697
25611,LOF,0.06232982214997218,0.06529131966344348,0.8723788581865843
25612,LOF,0.18520343175828322,0.06599550538878562,0.748801062852931
25613,LOF,0.08581536426161145,0.09599343207192423,0.8181912036664644
25614,LOF,0.03172206700319936,0.1254391318665226,0.842838801130278
25615,LOF,0.05537304934481564,0.13038661007244484,0.8142403405827394
25616,LOF,0.023774810986183517,0.163885419321567,0.8123397696922494
25617,LOF,0.04766596137745831,0.11446667059606795,0.8378673680264737
25618,LOF,0.1202671988659038,0.3049888948792507,0.5747439062548455
25619,LOF,0.04087461793924912,0.10692641633808793,0.852198965722663
25620,LOF,0.03520327394946149,0.13787646332355435,0.8269202627269842
25621,LOF,0.028795211104233488,0.08082865252665147,0.890376136369115
25622,LOF,0.0229015885611869,0.11112719484039622,0.8659712165984168
25623,LOF,0.0435147932270599,0.11848280549961114,0.838002401273329
25624,LOF,0.03227544261380497,0.16555614491352105,0.802168412472674
25625,LOF,0.03153036642732124,0.09869258572582433,0.8697770478468543
25626,LOF,0.0915669081285965,0.06746602094430897,0.8409670709270946
25627,Neutral,0.45385777141679845,0.16188982830277443,0.38425240028042706
25628,LOF,0.18149703332239794,0.041417978959590915,0.7770849877180112
25629,LOF,0.08601492854296658,0.064016965335,0.8499681061220333
25630,LOF,0.1453364045076483,0.0578121344613036,0.796851461031048
25631,Neutral,0.5260124338165879,0.09681718688088368,0.3771703793025285
25632,LOF,0.014756990288260736,0.07798824346364833,0.907254766248091
25633,LOF,0.31198784041436656,0.2865747285497064,0.401437431035927
25634,LOF,0.047144736206144455,0.12381954133746162,0.8290357224563939
25635,LOF,0.03901237900525336,0.07620217149404537,0.8847854495007013
25636,GOF,0.005410064746594393,0.5717328008470685,0.4228571344063371
25637,LOF,0.005326515724896187,0.30328996472493996,0.6913835195501637
25638,LOF,0.006456108414741542,0.35385016155628457,0.6396937300289739
25639,LOF,0.0054823636368115485,0.25420760132682313,0.7403100350363653
25640,Neutral,0.530621125583953,0.3612571623303897,0.10812171208565723
25641,LOF,0.008789248586754738,0.15972279432036152,0.8314879570928837
25642,LOF,0.22752471120421047,0.035384899450317475,0.737090389345472
25643,LOF,0.2433365921556488,0.017091076892934178,0.7395723309514171
25644,LOF,0.010378329580466817,0.32845355881965144,0.6611681115998818
25645,LOF,0.008111159274081892,0.4148141997582225,0.5770746409676956
25646,LOF,0.010491594505113194,0.29461029421386314,0.6948981112810236
25647,LOF,0.010409082628359516,0.26191904917107023,0.7276718682005703
25648,LOF,0.007432208099468108,0.3103124564728516,0.6822553354276804
25649,LOF,0.008338668575648116,0.16194247831464056,0.8297188531097114
25650,LOF,0.023953177722630135,0.37905368344498586,0.596993138832384
25651,LOF,0.006475048479845549,0.23405277565617208,0.7594721758639824
25652,LOF,0.011595616180550921,0.3174678979383199,0.6709364858811291
25653,GOF,0.05160758395438398,0.4872548426028538,0.4611375734427622
25654,LOF,0.007078915756284678,0.410919034649113,0.5820020495946023
25655,GOF,0.07430018404042156,0.5437573365939061,0.38194247936567227
25656,LOF,0.07499716176276164,0.36747957083760796,0.5575232673996304
25657,LOF,0.2742578368632727,0.045991701513048135,0.6797504616236792
25658,LOF,0.021685223320034176,0.2882648344230983,0.6900499422568676
25659,LOF,0.1823239710719919,0.20131515309299605,0.616360875835012
25660,LOF,0.1034208774022023,0.10886173203255713,0.7877173905652406
25661,LOF,0.06951784500749897,0.08132378857080798,0.8491583664216931
25662,LOF,0.051547365481519086,0.06583598670109878,0.882616647817382
25663,LOF,0.04930133087638464,0.10080830675412716,0.8498903623694881
25664,LOF,0.028784693549373373,0.13226470514369512,0.8389506013069316
25665,LOF,0.04797809470786566,0.09347677537063111,0.8585451299215032
25666,LOF,0.037863313666578705,0.18580728438215266,0.7763294019512685
25667,LOF,0.047493065001061395,0.027738875750730627,0.924768059248208
25668,LOF,0.04565381085138965,0.047285184704626886,0.9070610044439834
25669,LOF,0.035697170591758885,0.09730114588001194,0.8670016835282293
25670,LOF,0.06764871254219958,0.08262617372346129,0.849725113734339
25671,LOF,0.06594463053054399,0.057025262263478205,0.8770301072059778
25672,LOF,0.06573164263008868,0.054207503769129986,0.8800608536007812
25673,LOF,0.04096773105463849,0.06423143570492243,0.894800833240439
25674,LOF,0.026728224538794716,0.0998876364754843,0.873384138985721
25675,LOF,0.0373983114192034,0.04074895900869493,0.9218527295721016
25676,LOF,0.04433307547898898,0.09611977955536423,0.8595471449656468
25677,LOF,0.07226824267387377,0.05884364221714609,0.8688881151089801
25678,LOF,0.17524907643062804,0.09229989375211234,0.7324510298172595
25679,LOF,0.11615548602358101,0.11604991669190108,0.767794597284518
25680,LOF,0.11322972343025033,0.13041522914470732,0.7563550474250422
25681,LOF,0.12767839663966107,0.12276956288627429,0.7495520404740645
25682,LOF,0.055729169399879486,0.08330312860436725,0.8609677019957532
25683,LOF,0.08067923866788078,0.1041786464739263,0.815142114858193
25684,LOF,0.08175293492974935,0.10936255690508691,0.8088845081651638
25685,LOF,0.09842638440458197,0.04551377712236751,0.8560598384730504
25686,LOF,0.021749270906472853,0.22817451152900056,0.7500762175645266
25687,LOF,0.03409692132468089,0.18898919830191038,0.7769138803734087
25688,LOF,0.01381063271816817,0.407684292258457,0.5785050750233748
25689,LOF,0.00920140759706919,0.26091439727262933,0.7298841951303014
25690,GOF,0.010628648192235102,0.49898658917188804,0.49038476263587694
25691,GOF,0.06313458759671585,0.6797282929062931,0.25713711949699103
25692,LOF,0.3004332286087207,0.03454946744569821,0.6650173039455811
25693,LOF,0.039223568476272654,0.41795621561802015,0.5428202159057072
25694,LOF,0.23663063512925922,0.03642276156457693,0.7269466033061639
25695,LOF,0.1679343474579848,0.05557908781580122,0.7764865647262139
25696,LOF,0.06847342876433646,0.05999379778239505,0.8715327734532684
25697,LOF,0.06685825225301065,0.04051127089972573,0.8926304768472635
25698,GOF,0.01627018721180792,0.4979367625586342,0.4857930502295578
25699,LOF,0.07082994542725256,0.23123147180923045,0.697938582763517
25700,LOF,0.0659019929538253,0.024597549319679456,0.9095004577264951
25701,LOF,0.012054500553275305,0.2593721296334957,0.728573369813229
25702,GOF,0.02361936613078983,0.49511751867522147,0.4812631151939887
25703,LOF,0.01596977887195132,0.0927107302738944,0.8913194908541542
25704,LOF,0.06537196444264769,0.10236305270819397,0.8322649828491583
25705,LOF,0.11250722431565424,0.2212465683523819,0.6662462073319638
25706,GOF,0.020402149857908298,0.6745689596941641,0.30502889044792764
25707,GOF,0.02089758732854499,0.6140826701878919,0.3650197424835632
25708,GOF,0.007334686117641533,0.615580847229683,0.3770844666526755
25709,LOF,0.04778691455066334,0.10750155480525754,0.8447115306440791
25710,LOF,0.007382110972870997,0.23120805454528556,0.7614098344818434
25711,LOF,0.04643203721536456,0.13785633392801047,0.815711628856625
25712,LOF,0.012505139830202867,0.19472102120334842,0.7927738389664488
25713,LOF,0.04365759651618405,0.12944993188928453,0.8268924715945315
25714,LOF,0.036214265891578265,0.3163129215780977,0.647472812530324
25715,LOF,0.036394163132275635,0.19373812545778124,0.7698677114099431
25716,LOF,0.007312819701287731,0.08585047018995463,0.9068367101087577
25717,LOF,0.007334719273970069,0.05624556900165249,0.9364197117243775
25718,LOF,0.04779957006606294,0.057203145584519596,0.8949972843494175
25719,LOF,0.039042055602804875,0.1420700294502262,0.818887914946969
25720,LOF,0.04039687874100738,0.19811480335728968,0.7614883179017029
25721,LOF,0.04603788564998404,0.0844141521775732,0.8695479621724428
25722,LOF,0.039348802917145216,0.1202857605626101,0.8403654365202448
25723,LOF,0.05203128403005286,0.1718734248502539,0.7760952911196932
25724,LOF,0.06502177579627459,0.4304037859167483,0.5045744382869771
25725,LOF,0.06567135824357975,0.14646332211920346,0.7878653196372168
25726,LOF,0.04156261009947985,0.14446971846676251,0.8139676714337576
25727,LOF,0.06035699066997693,0.10247801048741456,0.8371649988426084
25728,LOF,0.03720495790497083,0.22278522079307764,0.7400098213019515
25729,LOF,0.042580489041974263,0.2142501569711689,0.7431693539868568
25730,LOF,0.053921037426732994,0.14461386673233642,0.8014650958409305
25731,LOF,0.010418698606028468,0.10275863748598286,0.8868226639079887
25732,LOF,0.03431628291619001,0.08728532155575092,0.8783983955280591
25733,LOF,0.04478135915339863,0.2107129065813212,0.7445057342652802
25734,LOF,0.006999889221243543,0.20847855662454207,0.7845215541542143
25735,LOF,0.040900472100877425,0.09597228676632173,0.8631272411328008
25736,LOF,0.040373230826119676,0.1625412771551021,0.7970854920187782
25737,LOF,0.06335975594573354,0.10757301719137506,0.8290672268628915
25738,LOF,0.059465856187964405,0.2150312462653092,0.7255028975467263
25739,LOF,0.040096158457305624,0.16136698540685923,0.798536856135835
25740,LOF,0.06238682850696095,0.17371141076693933,0.7639017607260997
25741,LOF,0.0567810933127713,0.17001314057721903,0.7732057661100097
25742,LOF,0.06218012844985078,0.1905489383901576,0.7472709331599917
25743,LOF,0.010853495994210574,0.023721743581324284,0.9654247604244651
25744,LOF,0.10529979515620853,0.2344097860331346,0.6602904188106569
25745,LOF,0.020765693293794362,0.2322191226140118,0.7470151840921938
25746,LOF,0.011660885464106707,0.21918000615820463,0.7691591083776886
25747,LOF,0.04172014792161651,0.05674389170818788,0.9015359603701957
25748,LOF,0.20975108616151067,0.244591969448845,0.5456569443896443
25749,LOF,0.015312371222922463,0.22457859301218372,0.7601090357648939
25750,LOF,0.014305245991605861,0.2657825769474438,0.7199121770609503
25751,LOF,0.028967562497571774,0.21011779165209263,0.7609146458503356
25752,GOF,0.10733915485120406,0.6263459967593796,0.26631484838941627
25753,LOF,0.007836087427982932,0.21311238473767,0.7790515278343471
25754,GOF,0.010872044396884016,0.8908434333661909,0.09828452223692521
25755,LOF,0.008610808292030538,0.25308563319447075,0.7383035585134986
25756,LOF,0.030257222825817182,0.4388892699163379,0.5308535072578449
25757,GOF,0.01040785876153389,0.82893643923344,0.16065570200502632
25758,GOF,0.012142911534902247,0.8650738955944556,0.1227831928706422
25759,GOF,0.007067753120433742,0.7420894768134912,0.250842770066075
25760,LOF,0.006564795849462194,0.17677362995052107,0.8166615742000166
25761,GOF,0.06608957215493683,0.8601401895218295,0.07377023832323377
25762,LOF,0.030799534781026313,0.4225793416100747,0.546621123608899
25763,LOF,0.007229513795693133,0.13303402517630686,0.859736461028
25764,GOF,0.10286315638914521,0.6430496382868408,0.2540872053240139
25765,GOF,0.011667208345369889,0.8924146549420079,0.09591813671262221
25766,GOF,0.03682927416578937,0.8047081666600012,0.15846255917420943
25767,GOF,0.007912558935605404,0.6577694677443395,0.334317973320055
25768,LOF,0.04862427426326486,0.0682877184497885,0.8830880072869466
25769,LOF,0.03331582626169685,0.1999350080559915,0.7667491656823117
25770,Neutral,0.4818846458229607,0.1746828155308976,0.34343253864614176
25771,LOF,0.021675760135237046,0.11943700708518695,0.8588872327795759
25772,LOF,0.05043924809836407,0.15634557176430894,0.793215180137327
25773,LOF,0.016669185631051218,0.29324701153014815,0.6900838028388007
25774,LOF,0.03018963832572442,0.3390757652347721,0.6307345964395035
25775,LOF,0.020129118347510112,0.10018196332813296,0.8796889183243569
25776,LOF,0.03149169806045575,0.16141516928567565,0.8070931326538686
25777,LOF,0.08414775298459085,0.23344641140518507,0.682405835610224
25778,LOF,0.03787828091130171,0.17520543483199585,0.7869162842567023
25779,GOF,0.10562792393561561,0.5262756888082533,0.3680963872561311
25780,GOF,0.12486925004264328,0.5640411901734873,0.31108955978386943
25781,GOF,0.055254230604111096,0.5571000606439859,0.38764570875190313
25782,GOF,0.05023382912963156,0.629288407102089,0.3204777637682794
25783,GOF,0.09235834113443493,0.5701994292496347,0.3374422296159304
25784,GOF,0.21067261390350514,0.5889609864581044,0.20036639963839048
25785,GOF,0.3179991403728542,0.46070748959655006,0.22129337003059568
25786,LOF,0.01800888584401163,0.2865653011404006,0.6954258130155878
25787,Neutral,0.5001560489258996,0.2969402670220461,0.20290368405205428
25788,LOF,0.03995258475556938,0.051007888575360975,0.9090395266690697
25789,GOF,0.03448181488307749,0.6489912442777976,0.3165269408391248
25790,GOF,0.05990292161801484,0.4841788362223006,0.4559182421596846
25791,LOF,0.04687183977007311,0.41423699285666593,0.538891167373261
25792,LOF,0.05786751773461015,0.44703996103988936,0.4950925212255005
25793,GOF,0.1056914994425667,0.46004738658999295,0.4342611139674405
25794,LOF,0.09507323244494258,0.2487101594421325,0.6562166081129249
25795,LOF,0.10781054674105878,0.336793183823004,0.5553962694359372
25796,LOF,0.26045755450212726,0.222091742108429,0.5174507033894438
25797,LOF,0.09035585450940001,0.3233505915354182,0.5862935539551819
25798,GOF,0.01132310802690894,0.6186954743361891,0.369981417636902
25799,LOF,0.008326884794430299,0.462301739519568,0.5293713756860018
25800,GOF,0.0468404714697012,0.7229159303436117,0.23024359818668716
25801,GOF,0.042629790130061636,0.5338546557705536,0.4235155540993848
25802,GOF,0.05800690717988159,0.5036225897968238,0.43837050302329467
25803,LOF,0.03936934121976648,0.3491775057678496,0.6114531530123839
25804,LOF,0.07993658727013314,0.28164068823732186,0.6384227244925449
25805,GOF,0.056101803478182125,0.47625844703287573,0.4676397494889422
25806,LOF,0.07714075475657307,0.4612287133257154,0.4616305319177115
25807,LOF,0.027442009986106054,0.42866951063573994,0.5438884793781541
25808,GOF,0.057439628792789944,0.5048611058314759,0.4376992653757341
25809,LOF,0.021296426628671022,0.3980922712704165,0.5806113021009125
25810,LOF,0.01840152701330436,0.4327086218216021,0.5488898511650935
25811,GOF,0.1314775902005657,0.6492295959384242,0.21929281386101004
25812,LOF,0.08007177616521477,0.3517690219188039,0.5681592019159815
25813,Neutral,0.3968633450592574,0.32553752352213633,0.27759913141860626
25814,LOF,0.0665706670719293,0.44942954533399404,0.4839997875940767
25815,GOF,0.11947508689891835,0.5519809007704577,0.32854401233062397
25816,GOF,0.016447019512413997,0.5485792663700717,0.43497371411751423
25817,LOF,0.2175565235724612,0.37496682995965835,0.4074766464678805
25818,GOF,0.05464350108753396,0.5432043365980638,0.40215216231440226
25819,LOF,0.100746302922314,0.3204601186413486,0.5787935784363374
25820,LOF,0.1045277582041514,0.31977439141665986,0.5756978503791886
25821,LOF,0.07319737282948123,0.3625669173129642,0.5642357098575547
25822,LOF,0.15463968616355958,0.26573030808491166,0.5796300057515288
25823,LOF,0.08005615979308003,0.23505455316888874,0.6848892870380311
25824,GOF,0.05993793990468014,0.5245930740121141,0.4154689860832057
25825,GOF,0.04087797010792004,0.5500341669681182,0.40908786292396165
25826,LOF,0.016072678166183338,0.38853042921525704,0.5953968926185597
25827,GOF,0.036037022862524026,0.5126981240449594,0.45126485309251657
25828,LOF,0.021220210959247057,0.47733287824818893,0.5014469107925641
25829,LOF,0.008581531499120854,0.2523414141851207,0.7390770543157584
25830,LOF,0.14269198236469716,0.09925598597317296,0.7580520316621299
25831,GOF,0.12739691024893807,0.673455404794359,0.1991476849567029
25832,LOF,0.01543940994266518,0.376660268530954,0.6079003215263808
25833,GOF,0.05804564413431357,0.49905567532808714,0.44289868053759945
25834,LOF,0.015522908131644465,0.380858468828128,0.6036186230402275
25835,GOF,0.05493465116181944,0.6278335776093815,0.3172317712287989
25836,LOF,0.012653631363230012,0.4695231601594086,0.5178232084773614
25837,LOF,0.02072609914093713,0.33254468621876976,0.6467292146402931
25838,GOF,0.048516697479118125,0.5143921533524445,0.4370911491684374
25839,GOF,0.15559394004615493,0.44538938517343746,0.3990166747804076
25840,GOF,0.16370595302087204,0.566328956419873,0.269965090559255
25841,GOF,0.12744757628777417,0.6475788768183521,0.22497354689387372
25842,GOF,0.050997380947455,0.6297863284340618,0.3192162906184833
25843,GOF,0.04576679214448727,0.6179779988775047,0.3362552089780081
25844,GOF,0.04191680096428121,0.5118635582323133,0.44621964080340554
25845,LOF,0.011825656345045588,0.2927366149800668,0.6954377286748875
25846,GOF,0.13664510937380253,0.6278319602715717,0.2355229303546257
25847,GOF,0.03921658170750149,0.581095268522404,0.3796881497700945
25848,GOF,0.04317413122160858,0.5886815589440892,0.3681443098343021
25849,GOF,0.01135659014651482,0.5040119561862673,0.4846314536672178
25850,LOF,0.016182474459605866,0.43135222747660046,0.5524652980637936
25851,LOF,0.014608944905257252,0.3352906105169089,0.6501004445778339
25852,LOF,0.24367195427149252,0.3292882572116092,0.42703978851689817
25853,LOF,0.10175295886529408,0.4313618331663439,0.46688520796836197
25854,LOF,0.011968992979410172,0.37007157341576374,0.6179594336048261
25855,LOF,0.04102665297526349,0.4261455904440056,0.5328277565807309
25856,GOF,0.0874777440398917,0.5937633941769448,0.31875886178316354
25857,LOF,0.04413260351603039,0.38896929698859284,0.5668980994953768
25858,LOF,0.014114391618836966,0.2861026964133164,0.6997829119678467
25859,LOF,0.009763968510175984,0.27549626033699853,0.7147397711528255
25860,LOF,0.13626686020511383,0.3675036358488123,0.49622950394607385
25861,GOF,0.16752469851839247,0.560141785479697,0.2723335160019107
25862,GOF,0.030665045570527346,0.6971187910277789,0.27221616340169386
25863,GOF,0.03207956826602991,0.6334094316097828,0.3345110001241873
25864,GOF,0.04557773227403567,0.7597985526554957,0.19462371507046872
25865,GOF,0.051338441504099094,0.7672897914906683,0.1813717670052326
25866,GOF,0.03426032902460933,0.659058243476808,0.3066814274985828
25867,GOF,0.06110429870381805,0.69489071543982,0.24400498585636207
25868,GOF,0.13496902842194597,0.47118179449412634,0.3938491770839277
25869,Neutral,0.4803565748648534,0.3060165053616694,0.2136269197734772
25870,LOF,0.19324782117919617,0.21845024986146686,0.588301928959337
25871,LOF,0.017358905760087015,0.2947526219421086,0.6878884722978045
25872,LOF,0.046069744502841,0.29403319307767684,0.6598970624194822
25873,LOF,0.042132295218615425,0.43711032898003865,0.5207573758013458
25874,LOF,0.05859789784745323,0.021228085368176965,0.9201740167843698
25875,LOF,0.016885762646168236,0.42231337146545533,0.5608008658883765
25876,LOF,0.018629643825891908,0.12207015882970891,0.8593001973443991
25877,GOF,0.07167995856063282,0.5214983303699814,0.4068217110693858
25878,GOF,0.041085418500943084,0.733767772665982,0.22514680883307478
25879,LOF,0.009876654148188483,0.3466520777988963,0.6434712680529153
25880,LOF,0.05182726239277533,0.053065570501327396,0.8951071671058973
25881,Neutral,0.42160958412988014,0.34544001242018463,0.23295040344993528
25882,LOF,0.03541394184488065,0.25862715818731585,0.7059588999678035
25883,LOF,0.02952344955954514,0.09950255151908613,0.8709739989213688
25884,LOF,0.014265653853003433,0.13223867328371047,0.8534956728632861
25885,LOF,0.16782077783591737,0.03697543733752019,0.7952037848265625
25886,LOF,0.13768617690102544,0.14263317388028607,0.7196806492186884
25887,GOF,0.04362540729100693,0.57334409434114,0.38303049836785324
25888,LOF,0.006076360127789751,0.37908771796337126,0.614835921908839
25889,LOF,0.026599025644582972,0.08307107971541616,0.8903298946400009
25890,LOF,0.16624898167500682,0.2684855736557478,0.5652654446692453
25891,LOF,0.13258251521715117,0.06788271736701898,0.7995347674158299
25892,LOF,0.005821725227834522,0.16295958285892118,0.8312186919132443
25893,LOF,0.26878387017302335,0.06500162039003947,0.6662145094369372
25894,LOF,0.2972536085535625,0.033677484325010054,0.6690689071214275
25895,LOF,0.244659840874403,0.051572284008836095,0.7037678751167609
25896,LOF,0.05877219531412426,0.09407740432491629,0.8471504003609595
25897,LOF,0.09925465377797232,0.0587178917279481,0.8420274544940797
25898,LOF,0.06239552502521737,0.44432580651325343,0.4932786684615292
25899,LOF,0.24543706238501792,0.1579953441409828,0.5965675934739993
25900,Neutral,0.9225949218867733,0.017526604584360686,0.05987847352886607
25901,LOF,0.05629520799541753,0.030784096799099676,0.9129206952054828
25902,LOF,0.0823861512919306,0.018103664090631764,0.8995101846174376
25903,LOF,0.11973201159319101,0.14090627865214045,0.7393617097546685
25904,LOF,0.36720403027974946,0.2277248149853034,0.40507115473494704
25905,LOF,0.010576971106012143,0.3795577950298905,0.6098652338640973
25906,LOF,0.010219613490607416,0.053753076456107024,0.9360273100532855
25907,LOF,0.008468391883365331,0.2777410859652373,0.7137905221513974
25908,LOF,0.00957338954674208,0.2761796156990972,0.7142469947541608
25909,LOF,0.03701694093926477,0.2132289014840314,0.7497541575767039
25910,LOF,0.015753746874791967,0.16975496547819216,0.8144912876470158
25911,LOF,0.1144468876986872,0.10307605391159232,0.7824770583897205
25912,LOF,0.14354985544470508,0.023081808677607084,0.8333683358776878
25913,LOF,0.014706615378116045,0.0830291477608298,0.9022642368610543
25914,LOF,0.036741192332797434,0.19484540772396292,0.7684133999432398
25915,GOF,0.07011424331785208,0.8272405361047815,0.10264522057736634
25916,GOF,0.015867984404951737,0.7269360228065458,0.25719599278850247
25917,LOF,0.10493372669975205,0.09836013368258201,0.796706139617666
25918,LOF,0.04189104759720428,0.14139903259111508,0.8167099198116807
25919,LOF,0.0439278950478272,0.09591071475808233,0.8601613901940904
25920,GOF,0.29139883598875305,0.3726662904479103,0.33593487356333673
25921,LOF,0.020592846395011053,0.03659022976788057,0.9428169238371084
25922,LOF,0.01692746416003874,0.03226959707271162,0.9508029387672496
25923,LOF,0.37411798310748984,0.05214846131767553,0.5737335555748346
25924,LOF,0.023552617952757378,0.04784858628015654,0.928598795767086
25925,LOF,0.20355126335512247,0.02899237478076906,0.7674563618641084
25926,LOF,0.1207852088965361,0.07564552124470655,0.8035692698587573
25927,LOF,0.018571357944613964,0.09367056351484772,0.8877580785405383
25928,LOF,0.014028444060472284,0.024766861919279567,0.9612046940202482
25929,Neutral,0.5688695125956784,0.05289468863277997,0.3782357987715416
25930,LOF,0.038496953697878755,0.06430151458817342,0.8972015317139479
25931,LOF,0.015330260753232745,0.03452469840684574,0.9501450408399215
25932,LOF,0.071681067999592,0.037598031002062826,0.8907209009983451
25933,LOF,0.06619204676667546,0.020103077254964363,0.9137048759783603
25934,LOF,0.06374500328955421,0.02484719674811212,0.9114077999623337
25935,LOF,0.21270250569507856,0.035826757369371444,0.7514707369355501
25936,LOF,0.06194056431502341,0.024887823498233437,0.9131716121867431
25937,LOF,0.01603718297762839,0.04547089459670019,0.9384919224256715
25938,LOF,0.20837759121922853,0.031246125002858786,0.7603762837779127
25939,LOF,0.04835097956380786,0.024795563565586196,0.926853456870606
25940,GOF,0.006002244340403944,0.5728105061473765,0.42118724951221953
25941,LOF,0.4424217231220238,0.0766379014089926,0.4809403754689837
25942,LOF,0.011230609994360034,0.13303945222034566,0.8557299377852944
25943,GOF,0.023531225776965238,0.6110317254459229,0.36543704877711175
25944,LOF,0.018606467823429215,0.4339453095404494,0.5474482226361214
25945,LOF,0.08379321776336741,0.07523519640373337,0.8409715858328992
25946,LOF,0.09112602001372755,0.07711530777458547,0.831758672211687
25947,LOF,0.4485356486896728,0.02959399707399489,0.5218703542363323
25948,Neutral,0.5696867519004313,0.017962132315707743,0.4123511157838609
25949,LOF,0.11098681572760441,0.04147827774274134,0.8475349065296541
25950,GOF,0.04379389396870395,0.7539221545257743,0.20228395150552184
25951,LOF,0.012406248754745785,0.3440049027208242,0.64358884852443
25952,LOF,0.08847395446222095,0.2916071702999659,0.6199188752378132
25953,LOF,0.006120511467715853,0.4774908136607,0.5163886748715841
25954,GOF,0.024040199964491093,0.5483795337307514,0.4275802663047573
25955,GOF,0.005339556356891746,0.5101587588815844,0.48450168476152394
25956,GOF,0.009084349910226119,0.6725591583612436,0.31835649172853037
25957,LOF,0.252889981322894,0.0714819649766639,0.6756280537004421
25958,LOF,0.024269938438136997,0.1946535766799928,0.7810764848818703
25959,GOF,0.00634038982579676,0.5662007259166619,0.4274588842575414
25960,LOF,0.005400747073243823,0.12273394646383312,0.871865306462923
25961,LOF,0.02227115857429339,0.18307631375860828,0.7946525276670983
25962,LOF,0.051154749746718485,0.06842627911561809,0.8804189711376634
25963,LOF,0.010520237343350829,0.1437227876657888,0.8457569749908603
25964,LOF,0.053283298828587324,0.10739821810576185,0.8393184830656508
25965,LOF,0.19556292075122306,0.19690610900699979,0.6075309702417772
25966,LOF,0.275600951206179,0.22884113347051507,0.4955579153233059
25967,LOF,0.0077359295913072956,0.04078910030476078,0.951474970103932
25968,LOF,0.09098440134668224,0.3084456096635939,0.6005699889897238
25969,LOF,0.1680533729055714,0.023326963403864982,0.8086196636905636
25970,LOF,0.023423262684741007,0.1644914780148665,0.8120852593003924
25971,LOF,0.07931143174407312,0.1284834909167136,0.7922050773392133
25972,LOF,0.0670558004286241,0.11954412475093466,0.8134000748204413
25973,LOF,0.11052782299980007,0.01114422276955228,0.8783279542306476
25974,LOF,0.08093032228474385,0.2487447062396967,0.6703249714755595
25975,LOF,0.04893973399262304,0.025394797209271694,0.9256654687981052
25976,LOF,0.07087298497624754,0.018323614094439628,0.9108034009293129
25977,LOF,0.18442395913741305,0.09740209526511377,0.7181739455974732
25978,LOF,0.13068103137616519,0.14323947682204907,0.7260794918017858
25979,LOF,0.10678099349938672,0.15998588914799694,0.7332331173526163
25980,LOF,0.12497439481587855,0.40518011558592176,0.4698454895981997
25981,LOF,0.1281315465823763,0.4285684054687505,0.4433000479488732
25982,LOF,0.2391071310276747,0.19932261881278798,0.5615702501595373
25983,Neutral,0.4514923142177341,0.22148203775935532,0.3270256480229106
25984,LOF,0.03665049331771102,0.08536041271802726,0.8779890939642617
25985,Neutral,0.4857010910810046,0.19045905570931623,0.3238398532096791
25986,GOF,0.009795303317021255,0.6245307961799036,0.3656739005030752
25987,LOF,0.015820410164525456,0.11133974375710579,0.8728398460783688
25988,LOF,0.03528312314443748,0.11873971711306085,0.8459771597425018
25989,LOF,0.04496798004277364,0.12687454039142612,0.8281574795658003
25990,LOF,0.04983969487404554,0.22791031160205635,0.7222499935238982
25991,GOF,0.04964576015688028,0.6619905675803833,0.28836367226273635
25992,LOF,0.01688660301056135,0.4302219873051773,0.5528914096842613
25993,LOF,0.05016146629559709,0.026435478124788258,0.9234030555796147
25994,LOF,0.04800724184235407,0.05730169172413842,0.8946910664335076
25995,LOF,0.03685512730454364,0.05969764367116039,0.9034472290242961
25996,Neutral,0.36278183997720354,0.3291522941048307,0.30806586591796575
25997,GOF,0.08100607757558256,0.5068532992687982,0.41214062315561917
25998,LOF,0.1705507976143381,0.14243635333149143,0.6870128490541705
25999,GOF,0.016182530886214762,0.6068509051877229,0.3769665639260624
26000,LOF,0.13854209550879848,0.010505247065133514,0.8509526574260681
26001,LOF,0.13847555812986687,0.027813455355466123,0.833710986514667
26002,LOF,0.09836113558605432,0.010107538916750895,0.8915313254971947
26003,GOF,0.010560713989177694,0.5902788117412476,0.3991604742695746
26004,LOF,0.028650410811861926,0.4193093575010085,0.5520402316871297
26005,GOF,0.006963500824101825,0.5273659944594868,0.4656705047164112
26006,GOF,0.2058483328603882,0.5582324352952995,0.23591923184431238
26007,GOF,0.01509749818206488,0.5972177960795516,0.38768470573838354
26008,LOF,0.011193878034421277,0.4318144091408572,0.5569917128247215
26009,GOF,0.025913598467619557,0.6576725263964928,0.31641387513588776
26010,GOF,0.011667587554376047,0.6207523169889828,0.367580095456641
26011,LOF,0.007714549877617192,0.40798115620385045,0.5843042939185323
26012,GOF,0.009688389645474861,0.524364412586864,0.46594719776766125
26013,LOF,0.016654621810730012,0.4677077795298466,0.5156375986594234
26014,LOF,0.08126805458123,0.014692678389244934,0.9040392670295251
26015,LOF,0.4072356530713544,0.17390014388675853,0.418864203041887
26016,LOF,0.24039001205280697,0.2987310378705004,0.46087895007669266
26017,GOF,0.015542580486611958,0.6378592453678642,0.34659817414552396
26018,LOF,0.019747003226477874,0.35873170771684626,0.6215212890566758
26019,LOF,0.02013910597663969,0.26554383035743284,0.7143170636659275
26020,LOF,0.007679808443146381,0.406669111563604,0.5856510799932496
26021,LOF,0.0930675089990692,0.32236479764225023,0.5845676933586805
26022,LOF,0.06184053775224182,0.11588049645579246,0.8222789657919657
26023,LOF,0.040374807666765065,0.25814511394795314,0.7014800783852818
26024,LOF,0.05288598029777588,0.21702448766344085,0.7300895320387834
26025,LOF,0.1197875446884369,0.35740995901045775,0.5228024963011053
26026,LOF,0.12023267430480594,0.3058438299750553,0.5739234957201387
26027,LOF,0.03417358883214872,0.16665302114254543,0.7991733900253059
26028,LOF,0.05557313650744126,0.2797266399769408,0.6647002235156179
26029,LOF,0.030242144305295753,0.22603490441562887,0.7437229512790753
26030,LOF,0.1940801697948428,0.03518772822462919,0.770732101980528
26031,LOF,0.016858907709187906,0.21376787488009744,0.7693732174107147
26032,LOF,0.032049884551986575,0.0671772563431513,0.9007728591048622
26033,LOF,0.0487253290217689,0.1630312737742386,0.7882433972039925
26034,LOF,0.01818519707859628,0.15142540927636963,0.8303893936450341
26035,LOF,0.013427554192191214,0.17610067291784207,0.8104717728899667
26036,LOF,0.013583650733626981,0.14074269177182566,0.8456736574945474
26037,LOF,0.012211191929684282,0.11819434336553634,0.8695944647047793
26038,LOF,0.02464153516270986,0.0690179301961588,0.9063405346411313
26039,LOF,0.02735214172113877,0.15516488283657748,0.8174829754422838
26040,LOF,0.04897891356437279,0.28264148092177815,0.668379605513849
26041,LOF,0.014518883958915466,0.15730543653164605,0.8281756795094385
26042,LOF,0.01298293093485333,0.15811711452743674,0.8288999545377099
26043,LOF,0.02450655457377237,0.16516865281456383,0.8103247926116639
26044,LOF,0.009376665781911094,0.15786038461151766,0.8327629496065713
26045,LOF,0.07751936588396457,0.3447364744004758,0.5777441597155596
26046,LOF,0.024302268199296807,0.17680970621571201,0.7988880255849912
26047,LOF,0.06763079082976138,0.10002020037352773,0.8323490087967108
26048,LOF,0.07730686329257493,0.11719806537870914,0.8054950713287159
26049,Neutral,0.8895411118911557,0.01929437035157102,0.09116451775727336
26050,Neutral,0.7995806360066882,0.02135256715312022,0.17906679684019156
26051,GOF,0.014806304064991452,0.6788157882222744,0.3063779077127341
26052,GOF,0.015545697865997335,0.6450639001382986,0.339390401995704
26053,LOF,0.029813354104636213,0.020275427061176438,0.9499112188341873
26054,LOF,0.0953334308778397,0.11188261152640479,0.7927839575957555
26055,LOF,0.10166526757446662,0.12336927627274143,0.774965456152792
26056,LOF,0.09149757298226484,0.13838915109205843,0.7701132759256767
26057,LOF,0.053059864060666886,0.038519565860972986,0.9084205700783602
26058,LOF,0.060792219874075334,0.03085371879097416,0.9083540613349506
26059,Neutral,0.6454164861228676,0.11542842684365352,0.2391550870334787
26060,LOF,0.015184036620050058,0.3320697955592005,0.6527461678207496
26061,LOF,0.010009557555372077,0.02578353617023863,0.9642069062743893
26062,LOF,0.006089109221620973,0.05001341925528106,0.9438974715230979
26063,LOF,0.04981517120910023,0.035329703691708604,0.9148551250991912
26064,LOF,0.009917514542099808,0.03597100294615753,0.9541114825117427
26065,LOF,0.0395924193532032,0.04778301885418649,0.9126245617926104
26066,LOF,0.048891873603168115,0.03518372119833484,0.9159244051984969
26067,LOF,0.06244101234206393,0.048059075383075266,0.8894999122748607
26068,LOF,0.09685031656020217,0.07723014396018467,0.825919539479613
26069,LOF,0.08224171741504392,0.07029840071827974,0.8474598818666763
26070,LOF,0.24766643576200778,0.042059167136588714,0.7102743971014036
26071,LOF,0.0562201341894422,0.03841133111182757,0.9053685346987301
26072,LOF,0.007940804206339058,0.03188406531953246,0.9601751304741285
26073,LOF,0.04223611976596132,0.031736963656672945,0.9260269165773658
26074,Neutral,0.8425859064199767,0.023084672420577518,0.13432942115944588
26075,LOF,0.051290046117915176,0.08289292814506863,0.8658170257370162
26076,LOF,0.05213691746291086,0.06615180341049383,0.8817112791265953
26077,LOF,0.16270525743818146,0.07653594028379855,0.7607588022780201
26078,LOF,0.006488651201620268,0.061579269617649555,0.9319320791807302
26079,LOF,0.11594725560223608,0.05282339490968314,0.8312293494880808
26080,LOF,0.11594725560223608,0.05282339490968314,0.8312293494880808
26081,LOF,0.05374118956272968,0.030762560352010564,0.9154962500852597
26082,LOF,0.0065525944648723074,0.08761363570781137,0.9058337698273163
26083,LOF,0.03813108159440271,0.09794739794862863,0.8639215204569686
26084,LOF,0.04901422501504709,0.048162753137180915,0.902823021847772
26085,LOF,0.0442921346236512,0.04219326501072759,0.9135146003656213
26086,LOF,0.03710292179643507,0.05604223763935264,0.9068548405642123
26087,LOF,0.05073511668124961,0.05906660039838692,0.8901982829203635
26088,LOF,0.008754340096324517,0.1103185752611229,0.8809270846425525
26089,LOF,0.03867739872454903,0.1664214767033928,0.7949011245720582
26090,LOF,0.040978101584336186,0.13518272356399974,0.8238391748516641
26091,LOF,0.047154165429157485,0.0494332804145083,0.9034125541563344
26092,LOF,0.05622372302831913,0.02784487376785583,0.9159314032038252
26093,LOF,0.07515484765200452,0.02450267377885615,0.9003424785691393
26094,LOF,0.043887186660625896,0.04119835971343309,0.9149144536259409
26095,LOF,0.009894107444764126,0.04561175172928078,0.9444941408259552
26096,LOF,0.292338541568785,0.010616150877548046,0.697045307553667
26097,LOF,0.0079524870088074,0.04125159863521139,0.9507959143559812
26098,LOF,0.1101426260131266,0.04467208195069404,0.8451852920361793
26099,LOF,0.033313342666890795,0.06638364383523589,0.9003030134978732
26100,LOF,0.033313342666890795,0.06638364383523589,0.9003030134978732
26101,LOF,0.031188558464592137,0.09831936772225461,0.8704920738131532
26102,LOF,0.045173337169953476,0.03861773939274001,0.9162089234373064
26103,Neutral,0.7996419195066473,0.06897391304171434,0.13138416745163833
26104,LOF,0.10418732946267303,0.13112957938174802,0.764683091155579
26105,LOF,0.2361813774798694,0.2324932005421846,0.531325421977946
26106,LOF,0.3211860442508648,0.19399117808110575,0.48482277766802945
26107,LOF,0.008836532284687091,0.2916951923234392,0.6994682753918736
26108,LOF,0.13772199599010632,0.25209000699139283,0.6101879970185008
26109,LOF,0.03032998001100137,0.10987570329479354,0.8597943166942051
26110,LOF,0.44830500907956544,0.06490051367818622,0.48679447724224817
26111,LOF,0.045285028515582554,0.41366993394276913,0.5410450375416483
26112,LOF,0.04911878791363409,0.03996883697222101,0.9109123751141448
26113,LOF,0.04051659719667239,0.08219235044848967,0.877291052354838
26114,LOF,0.08930136370488864,0.057121037236494004,0.8535775990586174
26115,LOF,0.009925182049395714,0.35896494470829166,0.6311098732423126
26116,LOF,0.06744609814177317,0.12282827449717237,0.8097256273610545
26117,LOF,0.1787693396611936,0.07695071636657622,0.7442799439722302
26118,LOF,0.03943574163042787,0.026036457331174906,0.9345278010383973
26119,LOF,0.005615557183564355,0.10088371902175662,0.893500723794679
26120,LOF,0.04420103112969615,0.02803707221965493,0.927761896650649
26121,LOF,0.004343618323366677,0.209197209592969,0.7864591720836643
26122,LOF,0.00403498988839477,0.20271893741587,0.7932460726957352
26123,LOF,0.004923127385432518,0.19062444578694746,0.8044524268276201
