feature0,prediction,LoGoFunc_Neutral,LoGoFunc_GOF,LoGoFunc_LOF
25546,Neutral,0.7320864652103921,0.03056397603680658,0.23734955875280123
25547,Neutral,0.5824909430237338,0.06747788782689601,0.35003116914937016
25548,Neutral,0.5830971142396647,0.04887431154585591,0.3680285742144795
25549,Neutral,0.5018062212758557,0.048114894872335,0.4500788838518093
25550,LOF,0.3602364150199511,0.09387362088944574,0.5458899640906032
25551,LOF,0.31039654696805785,0.10007866738790534,0.5895247856440368
25552,LOF,0.22497585075120477,0.0954885670483,0.6795355822004954
25553,Neutral,0.8436784649924353,0.025080479948021605,0.13124105505954312
25554,LOF,0.2565634943110821,0.0883626105551131,0.6550738951338049
25555,LOF,0.20921535076096,0.07919895379288744,0.7115856954461526
25556,LOF,0.4068165015093796,0.07877724522702143,0.514406253263599
25557,LOF,0.2037966624973629,0.08233736390267256,0.7138659735999644
25558,LOF,0.24538823159698447,0.09070835344838882,0.6639034149546266
25559,LOF,0.3602571268025304,0.1669637706398849,0.4727791025575847
25560,LOF,0.04359037035362504,0.15642351839812516,0.7999861112482499
25561,LOF,0.0889582138415059,0.16011197952765024,0.750929806630844
25562,LOF,0.10250570165923553,0.0513535149837916,0.8461407833569728
25563,LOF,0.09188646123802148,0.0749733050082587,0.8331402337537198
25564,LOF,0.20094818845797766,0.11465508392171159,0.6843967276203108
25565,LOF,0.15497718945056563,0.09816542416406425,0.7468573863853701
25566,GOF,0.0182597412730913,0.7604543105160573,0.22128594821085132
25567,LOF,0.013031653095744732,0.1463509653617677,0.8406173815424874
25568,LOF,0.05112450692941319,0.06151691349629469,0.8873585795742921
25569,LOF,0.06022074125525148,0.058698467757784874,0.8810807909869637
25570,LOF,0.06436725361829768,0.09982715185638762,0.8358055945253147
25571,LOF,0.06062445610633836,0.0931671744439204,0.8462083694497413
25572,LOF,0.06815579810054515,0.11919778269000386,0.812646419209451
25573,LOF,0.02648006834108868,0.08244006823946845,0.8910798634194429
25574,LOF,0.016290522690354546,0.15481692397600902,0.8288925533336365
25575,LOF,0.04706762435634387,0.10706810897262922,0.8458642666710269
25576,LOF,0.018912300351553005,0.10800764665733517,0.8730800529911119
25577,LOF,0.015022490464660209,0.1225973198041812,0.8623801897311586
25578,LOF,0.25407848735578914,0.0788069614354096,0.6671145512088013
25579,LOF,0.2545006517494762,0.07763882991107067,0.667860518339453
25580,LOF,0.0349841547324198,0.07389384002963825,0.8911220052379419
25581,LOF,0.053864754862870415,0.06031635620438926,0.8858188889327404
25582,LOF,0.05336987096953391,0.058349406112874584,0.8882807229175915
25583,LOF,0.04632387076571729,0.08434773816461404,0.8693283910696687
25584,Neutral,0.45750719655326183,0.10843062431127647,0.43406217913546163
25585,LOF,0.03702675141586918,0.10525463441866932,0.8577186141654616
25586,LOF,0.03199127962456445,0.07139061995752047,0.896618100417915
25587,LOF,0.030664672232761633,0.06628010293706776,0.9030552248301706
25588,LOF,0.03273896158783473,0.07842853448509188,0.8888325039270735
25589,Neutral,0.6283593359205227,0.12372489611135366,0.24791576796812362
25590,LOF,0.03034617394691419,0.11503372495654944,0.8546201010965364
25591,LOF,0.11116482638921717,0.05213023337942195,0.8367049402313609
25592,LOF,0.08941096303497727,0.12393461488537053,0.7866544220796522
25593,LOF,0.019961530670099842,0.23862936546025684,0.7414091038696434
25594,LOF,0.043662953594860304,0.21171564795953723,0.7446213984456026
25595,LOF,0.04884811896366984,0.15543901629096699,0.7957128647453632
25596,LOF,0.0558500800706434,0.07467183493337848,0.8694780849959782
25597,LOF,0.04777933792586549,0.0919736510965489,0.8602470109775855
25598,LOF,0.048038421475348106,0.14667123281522865,0.8052903457094233
25599,GOF,0.008993629641110973,0.7681609050918167,0.22284546526707227
25600,GOF,0.013832757313502333,0.5760587709531736,0.4101084717333242
25601,LOF,0.007101131471525275,0.474747477940339,0.5181513905881358
25602,LOF,0.025409978657776465,0.0370283556039183,0.9375616657383051
25603,LOF,0.06125240923911892,0.0272420133726376,0.9115055773882433
25604,LOF,0.06594509769482715,0.027494351441894653,0.9065605508632782
25605,LOF,0.015637233171024188,0.2228306947680508,0.7615320720609249
25606,LOF,0.11859336544519734,0.42006112208052654,0.4613455124742761
25607,LOF,0.006624594933666943,0.13692694783721598,0.8564484572291171
25608,LOF,0.06582740488953309,0.050620704763884986,0.8835518903465819
25609,LOF,0.03786563607686716,0.398565952162856,0.5635684117602768
25610,LOF,0.03712121301349094,0.02501322046583545,0.9378655665206735
25611,LOF,0.03938660455028897,0.0223290876557326,0.9382843077939783
25612,LOF,0.102297592025016,0.03171593552524265,0.8659864724497414
25613,LOF,0.08233273824300127,0.030589760274301367,0.8870775014826975
25614,LOF,0.029478963812137483,0.03341931728617189,0.9371017189016907
25615,LOF,0.054187558046570626,0.03042320111154719,0.9153892408418821
25616,LOF,0.03160477392333421,0.030618430271010952,0.9377767958056548
25617,LOF,0.029656601461432657,0.03379357320821786,0.9365498253303495
25618,LOF,0.15960033565244103,0.028297329042960746,0.8121023353045983
25619,LOF,0.02884045001347018,0.02731000111265517,0.9438495488738746
25620,LOF,0.033954701506026794,0.03672719952408274,0.9293180989698904
25621,LOF,0.030166017150280406,0.028900309165880426,0.9409336736838392
25622,LOF,0.034641501749353334,0.03277131814739683,0.9325871801032498
25623,LOF,0.07606462894969443,0.025046342463036882,0.8988890285872687
25624,LOF,0.02671438717741574,0.03596625080167418,0.9373193620209102
25625,LOF,0.03678821784738023,0.04068016752092261,0.9225316146316973
25626,LOF,0.08780242873203392,0.026547614921530106,0.8856499563464358
25627,Neutral,0.5559734609849243,0.13114425463137047,0.3128822843837052
25628,LOF,0.15925480908232084,0.06886211938756098,0.7718830715301181
25629,LOF,0.07435513026134291,0.07906172342969225,0.8465831463089649
25630,LOF,0.15186779181043694,0.10722142813539966,0.7409107800541634
25631,Neutral,0.5457159485628043,0.08734529284211416,0.36693875859508157
25632,LOF,0.02475765426541433,0.06152471015038038,0.9137176355842054
25633,LOF,0.2190060215670984,0.07687959938964914,0.7041143790432525
25634,LOF,0.03478546837172862,0.1111592576587328,0.8540552739695386
25635,LOF,0.039742833729737234,0.07190024877855775,0.8883569174917051
25636,GOF,0.005297749421294902,0.6252066577454608,0.3694955928332441
25637,GOF,0.005036838666846736,0.5795674226884323,0.415395738644721
25638,LOF,0.009806577033496439,0.45966536724007706,0.5305280557264266
25639,LOF,0.005001420461753556,0.4220002974893334,0.5729982820489131
25640,Neutral,0.5282766999658681,0.39518867931479434,0.07653462071933757
25641,LOF,0.00811792030850052,0.33136192258081215,0.6605201571106873
25642,LOF,0.2642793634793973,0.06634957872725086,0.6693710577933518
25643,LOF,0.2581295042086103,0.16806815372706738,0.5738023420643223
25644,GOF,0.015749396109583466,0.6300231051697139,0.3542274987207026
25645,GOF,0.014982337000673878,0.5948372688627059,0.39018039413662015
25646,LOF,0.01987206712871873,0.39575003012431337,0.5843779027469679
25647,LOF,0.01646583527042102,0.3062250300981009,0.677309134631478
25648,LOF,0.014677227543171491,0.3249593990928206,0.6603633733640079
25649,LOF,0.012798845182606829,0.2688710422369147,0.7183301125804784
25650,GOF,0.03368201001280663,0.6163025763941682,0.3500154135930252
25651,LOF,0.0109156788111418,0.3370130910669197,0.6520712301219385
25652,LOF,0.018464374233498483,0.3246996429616404,0.6568359828048611
25653,LOF,0.07498320915922117,0.44213254400638424,0.4828842468343945
25654,LOF,0.015634389929744055,0.2716374031268376,0.7127282069434184
25655,LOF,0.11461228134486319,0.4360975087568239,0.4492902098983128
25656,LOF,0.05716667342620271,0.07559909146427059,0.8672342351095266
25657,LOF,0.27670936751880715,0.03207959804524501,0.6912110344359478
25658,LOF,0.04206803857329863,0.08700628873660697,0.8709256726900944
25659,LOF,0.2620591741692725,0.05926820358343624,0.6786726222472913
25660,LOF,0.0790514146600052,0.09498672168921933,0.8259618636507755
25661,LOF,0.04825542224961671,0.07125454741089263,0.8804900303394907
25662,LOF,0.029182435350276426,0.04222104860567279,0.9285965160440508
25663,LOF,0.03999417703069716,0.0703958950216832,0.8896099279476196
25664,LOF,0.0376790872051135,0.08343487613397545,0.878886036660911
25665,LOF,0.05674057744114916,0.04444488724984186,0.8988145353090091
25666,LOF,0.038922256112151186,0.12288825969314635,0.8381894841947025
25667,LOF,0.028853767825923835,0.0514879409028233,0.919658291271253
25668,LOF,0.034308742366651254,0.05883392375752105,0.9068573338758278
25669,LOF,0.03985902353221798,0.09218439886546115,0.8679565776023208
25670,LOF,0.1653430825737866,0.056369678101704,0.7782872393245094
25671,LOF,0.037990460438098284,0.04737185432475755,0.9146376852371442
25672,LOF,0.056729488031120136,0.06530740841684697,0.8779631035520329
25673,LOF,0.042307273604461446,0.05348544874853342,0.9042072776470051
25674,LOF,0.03170802742277843,0.06435595694208952,0.9039360156351322
25675,LOF,0.043853151599403346,0.048077607878177886,0.9080692405224189
25676,LOF,0.03271801324230173,0.05614849726623198,0.9111334894914663
25677,LOF,0.05913317146589834,0.0632131168648151,0.8776537116692866
25678,LOF,0.24153116247069925,0.04713830261094537,0.7113305349183553
25679,LOF,0.15433213300902834,0.06445952555765344,0.7812083414333183
25680,LOF,0.06136209376815393,0.09090786383936393,0.8477300423924821
25681,LOF,0.11017980537044664,0.08544820536543309,0.8043719892641203
25682,LOF,0.044636784787680114,0.07195924879970074,0.8834039664126192
25683,LOF,0.07520088049502775,0.0839062641730341,0.8408928553319381
25684,LOF,0.052079097822325435,0.07171313015417503,0.8762077720234995
25685,LOF,0.1230167368385448,0.034966730291853085,0.8420165328696021
25686,LOF,0.034881760913966345,0.08688844142148973,0.8782297976645439
25687,LOF,0.060372188553935134,0.0787629716085834,0.8608648398374814
25688,LOF,0.025505294349631596,0.10237560505542008,0.8721191005949483
25689,LOF,0.017352966146151297,0.0674386021896449,0.9152084316642038
25690,LOF,0.01782867772397168,0.07817983451428552,0.9039914877617428
25691,LOF,0.15583156475943571,0.1352355440374456,0.7089328912031188
25692,LOF,0.23322074357584266,0.016273908170046154,0.7505053482541111
25693,LOF,0.05557318333824152,0.13860986546002693,0.8058169512017315
25694,LOF,0.2774526600889255,0.01333055370894388,0.7092167862021305
25695,LOF,0.17199670742286655,0.019730000397782742,0.8082732921793507
25696,LOF,0.18332812159197065,0.01040677637635145,0.8062651020316779
25697,LOF,0.13272974607995372,0.02865993581785589,0.8386103181021904
25698,LOF,0.03168251623986748,0.34832775679120137,0.6199897269689312
25699,LOF,0.08091546709397439,0.06010106406783402,0.8589834688381915
25700,LOF,0.03374869665190491,0.009762872601785776,0.9564884307463093
25701,LOF,0.011698506938322258,0.0592557816181242,0.9290457114435534
25702,GOF,0.03337016846660902,0.7003820576542756,0.26624777387911547
25703,LOF,0.020312185015835888,0.15833186117776496,0.8213559538063991
25704,LOF,0.08434245819236391,0.15780972919122851,0.7578478126164074
25705,LOF,0.06869498753868081,0.23811197606226286,0.6931930363990564
25706,GOF,0.04146595816936059,0.6063300391240775,0.3522040027065619
25707,GOF,0.031657878924248754,0.6053475579343783,0.362994563141373
25708,GOF,0.007643134150293662,0.5480007867307354,0.44435607911897096
25709,LOF,0.01874454343286774,0.07759610266318721,0.903659353903945
25710,LOF,0.008078102519062234,0.1752267506201978,0.81669514686074
25711,LOF,0.021084342651627133,0.12699091988494932,0.8519247374634237
25712,LOF,0.008625623513213164,0.2314733817294845,0.7599009947573023
25713,LOF,0.019536701523226018,0.10620950536031978,0.8742537931164542
25714,LOF,0.021279332980857994,0.16131639871031364,0.8174042683088283
25715,LOF,0.01995841248315049,0.1352554736916426,0.844786113825207
25716,LOF,0.014025609940302258,0.1281105291152035,0.8578638609444942
25717,LOF,0.006369701768789573,0.13269180889282292,0.8609384893383875
25718,LOF,0.01964703294132703,0.08965940798011217,0.8906935590785608
25719,LOF,0.034577818900896895,0.1060219870390742,0.859400194060029
25720,LOF,0.027769289391260166,0.09614460712076549,0.8760861034879744
25721,LOF,0.02306852526804656,0.10516711803258237,0.871764356699371
25722,LOF,0.016227745437635884,0.1534403674665249,0.8303318870958393
25723,LOF,0.021603997274234288,0.09426048660179152,0.8841355161239741
25724,LOF,0.02344300122826949,0.15596386164347525,0.8205931371282552
25725,LOF,0.020809038186678754,0.08423355376802796,0.8949574080452932
25726,LOF,0.01635362167714437,0.12131681423900034,0.8623295640838554
25727,LOF,0.02186439847328626,0.11162834617014265,0.8665072553565711
25728,LOF,0.02023006333339678,0.12008181149903405,0.8596881251675691
25729,LOF,0.0193300399960227,0.12789920969761456,0.8527707503063626
25730,LOF,0.02178982938162646,0.09178574546819918,0.8864244251501744
25731,LOF,0.011066194402571422,0.18218902300411255,0.8067447825933161
25732,LOF,0.018875470232222746,0.11540976806334935,0.8657147617044278
25733,LOF,0.027928723196784463,0.10797472690588304,0.8640965498973325
25734,LOF,0.007457771848461307,0.2322666461344632,0.7602755820170756
25735,LOF,0.021630801421637195,0.09186914338596379,0.886500055192399
25736,LOF,0.019407424451381165,0.1454064206797848,0.8351861548688341
25737,LOF,0.03753875801047827,0.12293831948751037,0.8395229225020113
25738,LOF,0.020921510990615046,0.16287305066839,0.8162054383409949
25739,LOF,0.023140251258494633,0.14723723510441283,0.8296225136370925
25740,LOF,0.04993913773200213,0.1521688755643195,0.7978919867036784
25741,LOF,0.02683435797688764,0.12150074598936128,0.8516648960337511
25742,LOF,0.046150177135910464,0.12833688781761413,0.8255129350464755
25743,LOF,0.01175968412920126,0.03432327881904818,0.9539170370517505
25744,LOF,0.15837507860475483,0.37274877370490256,0.4688761476903426
25745,LOF,0.0321222008824751,0.12884446698170682,0.839033332135818
25746,LOF,0.014185667226631555,0.1697333616915221,0.8160809710818464
25747,LOF,0.03091554423476926,0.03657860455353586,0.9325058512116948
25748,LOF,0.25640387015525556,0.06324790153514447,0.6803482283096
25749,LOF,0.012672217708702152,0.10728816540644877,0.8800396168848491
25750,LOF,0.0166048812710756,0.1059150864165039,0.8774800323124206
25751,LOF,0.03788814340228192,0.062234514123410696,0.8998773424743073
25752,GOF,0.09499577053869122,0.697130385037801,0.20787384442350773
25753,LOF,0.007151443865161072,0.38893763582186297,0.6039109203129759
25754,GOF,0.007746685604942424,0.8668233680506701,0.1254299463443874
25755,LOF,0.00818089701404831,0.43398871647054815,0.5578303865154035
25756,LOF,0.04986575227173922,0.42234191799262555,0.5277923297356353
25757,GOF,0.008295356370487644,0.8664838302557099,0.12522081337380228
25758,GOF,0.009514841025224501,0.8665428905763005,0.12394226839847496
25759,GOF,0.005743496968670208,0.5925257744996074,0.4017307285317223
25760,LOF,0.006248466832862578,0.3052018068359162,0.6885497263312212
25761,GOF,0.059469143296874784,0.8535622414358974,0.08696861526722774
25762,LOF,0.02799083409127827,0.3566990035171464,0.6153101623915753
25763,LOF,0.007168105752673378,0.28444633193530827,0.7083855623120183
25764,GOF,0.0715954673710041,0.6179192453122285,0.31048528731676744
25765,GOF,0.008793921930510398,0.8623424214834681,0.1288636565860216
25766,GOF,0.041375492185657996,0.8109867083868089,0.14763779942753316
25767,GOF,0.010777547890458839,0.5373208661495515,0.4519015859599895
25768,LOF,0.0388636516698002,0.0806840758959169,0.8804522724342829
25769,LOF,0.023869498197368267,0.0952649103850172,0.8808655914176146
25770,LOF,0.17198124153563016,0.08174536371493353,0.7462733947494363
25771,LOF,0.01464501700263408,0.08027464408612578,0.9050803389112402
25772,LOF,0.023183105055597623,0.03964957850764664,0.9371673164367557
25773,LOF,0.020172615200658113,0.07615320590603625,0.9036741788933056
25774,LOF,0.02909933487425288,0.10982328024950731,0.8610773848762399
25775,LOF,0.023288349851341785,0.04614222008393562,0.9305694300647226
25776,LOF,0.025239642962392582,0.035015789187643934,0.9397445678499634
25777,LOF,0.252909931502388,0.08677216413696409,0.6603179043606479
25778,LOF,0.01871584116960231,0.07653258483788838,0.9047515739925093
25779,GOF,0.03573479080476186,0.8944329108636705,0.06983229833156768
25780,GOF,0.06818064822450419,0.8846473106161902,0.04717204115930558
25781,GOF,0.033487659496438726,0.8805493044028991,0.08596303610066204
25782,GOF,0.030795983934673636,0.9095247220018988,0.05967929406342761
25783,GOF,0.02622090405649527,0.9240051973565825,0.04977389858692217
25784,GOF,0.07823411157350704,0.8781720808553212,0.04359380757117177
25785,GOF,0.07115566092934317,0.8916242950395488,0.03722004403110802
25786,GOF,0.008410299227330366,0.9008191337163209,0.09077056705634859
25787,GOF,0.16593411606640412,0.7930257280872219,0.041040155846373834
25788,LOF,0.01519225527862335,0.19275281102235076,0.7920549336990258
25789,GOF,0.01845756711399927,0.8708704227912458,0.11067201009475504
25790,GOF,0.018077202683670298,0.8882722883464634,0.09365050896986625
25791,GOF,0.019072368564632982,0.827821720570171,0.153105910865196
25792,GOF,0.022384310608444483,0.8492839217707189,0.12833176762083667
25793,GOF,0.05690171680365055,0.8565348625681893,0.08656342062816008
25794,GOF,0.05127895811311635,0.7984273521752431,0.15029368971164053
25795,GOF,0.0429688321539398,0.7611468614764382,0.19588430636962198
25796,GOF,0.08620379325905977,0.8321267449115066,0.08166946182943355
25797,GOF,0.06258568481556452,0.7752631416622437,0.1621511735221917
25798,GOF,0.004413790227278699,0.7850276474870624,0.21055856228565883
25799,GOF,0.0037104063548030444,0.7185357228954575,0.27775387074973945
25800,GOF,0.02182476704987285,0.8287059967862123,0.14946923616391494
25801,GOF,0.015157902519205992,0.8971434606221007,0.08769863685869334
25802,GOF,0.02585398300259626,0.8494947783192929,0.12465123867811083
25803,GOF,0.018342946209373476,0.7429756780718626,0.238681375718764
25804,GOF,0.024022116016273357,0.7883393983649108,0.18763848561881585
25805,GOF,0.027391318898499797,0.8274374384706775,0.1451712426308227
25806,GOF,0.023918087992493495,0.8291905016616274,0.14689141034587905
25807,GOF,0.007158020173522726,0.7780423175138713,0.21479966231260592
25808,GOF,0.016599834222781513,0.7986170412079401,0.18478312456927842
25809,GOF,0.008028904480147326,0.7777214818310277,0.21424961368882486
25810,GOF,0.006653334288581697,0.7572550004417754,0.2360916652696428
25811,GOF,0.04242369740172879,0.8803258145468482,0.07725048805142298
25812,GOF,0.02517301810044726,0.8111498727452101,0.1636771091543427
25813,GOF,0.11819255988299025,0.8058249123268474,0.07598252779016247
25814,GOF,0.02502929554451177,0.8158076186087171,0.15916308584677122
25815,GOF,0.04680480742671452,0.8436741474021214,0.10952104517116394
25816,GOF,0.008339167149916723,0.8620377714037871,0.12962306144629615
25817,GOF,0.09217433264626104,0.8201943518123909,0.08763131554134825
25818,GOF,0.02077721727154703,0.813595171066028,0.16562761166242493
25819,GOF,0.066253157081565,0.7949155691417578,0.13883127377667726
25820,GOF,0.026868848748626214,0.7740569750697407,0.19907417618163295
25821,GOF,0.01993875516531103,0.7820522140626633,0.19800903077202553
25822,GOF,0.033516073942307024,0.7755563901043349,0.19092753595335807
25823,GOF,0.02339229603929707,0.7542264257649877,0.22238127819571538
25824,GOF,0.02142416926872285,0.8128223377054979,0.16575349302577919
25825,GOF,0.01804088410005126,0.8003331305307287,0.18162598536922003
25826,GOF,0.0068592303147278245,0.7554117885358567,0.23772898114941543
25827,GOF,0.012098520197593797,0.7313581191093892,0.25654336069301714
25828,GOF,0.008926502040601957,0.7577775374288662,0.2332959605305318
25829,GOF,0.003836900163929141,0.7072770892708752,0.2888860105651957
25830,GOF,0.03408690817494447,0.4859674096037253,0.47994568222133016
25831,GOF,0.0526140969671112,0.8198999684558113,0.12748593457707755
25832,GOF,0.007648944793911243,0.7711394512976455,0.22121160390844316
25833,GOF,0.02991283928463172,0.8253662677930896,0.14472089292227877
25834,GOF,0.008737297710180229,0.7861688702912234,0.2050938319985964
25835,GOF,0.022404222477454848,0.8560908350057448,0.12150494251680043
25836,GOF,0.005796420509429617,0.7903974930238303,0.20380608646674
25837,GOF,0.007785212973841143,0.7983639332512916,0.19385085377486724
25838,GOF,0.019639291515090734,0.8570020416009181,0.1233586668839912
25839,GOF,0.0497530008859077,0.8187052661416996,0.1315417329723928
25840,GOF,0.07157649905346515,0.8230576750516618,0.10536582589487306
25841,GOF,0.07238213262183193,0.8334730147776364,0.09414485260053182
25842,GOF,0.02826154167027731,0.8911254894358509,0.0806129688938717
25843,GOF,0.023051079867422573,0.8908392380265584,0.08610968210601916
25844,GOF,0.015395852043735345,0.8488088051895072,0.13579534276675742
25845,GOF,0.00581230665354749,0.7804765446511905,0.2137111486952621
25846,GOF,0.06417330286160561,0.8366099560910106,0.09921674104738372
25847,GOF,0.016688945992823747,0.8921849806623148,0.09112607334486167
25848,GOF,0.0179617439139279,0.8471628987981766,0.13487535728789546
25849,GOF,0.006530030105424146,0.8387398479007129,0.15473012199386288
25850,GOF,0.005172181412938282,0.7571689898378651,0.23765882874919653
25851,GOF,0.004817089090862151,0.7086631256855843,0.2865197852235534
25852,GOF,0.13828352917140124,0.6173488136277904,0.24436765720080844
25853,GOF,0.06546815024954636,0.8245055746575545,0.11002627509289907
25854,GOF,0.005179223541595794,0.7433780025474065,0.2514427739109977
25855,GOF,0.02103103893011448,0.7051587948969252,0.27381016617296033
25856,GOF,0.04088619254340182,0.8011853972576186,0.1579284101989797
25857,GOF,0.024057776598669728,0.733701325902516,0.24224089749881425
25858,GOF,0.008869011406907724,0.7674087475606872,0.2237222410324051
25859,GOF,0.0071292652278431125,0.7694287495327021,0.22344198523945477
25860,GOF,0.07805435141664958,0.8227532846758,0.09919236390755036
25861,GOF,0.08943149746919585,0.8201308346365124,0.09043766789429183
25862,GOF,0.01952457234486555,0.8969804373746735,0.08349499028046092
25863,GOF,0.02157854038451944,0.8810913537637153,0.09733010585176538
25864,GOF,0.056834066212969415,0.8909096785160211,0.0522562552710093
25865,GOF,0.04107513772026148,0.8578574351633987,0.10106742711633968
25866,GOF,0.024406544942933796,0.8791473675511834,0.09644608750588292
25867,GOF,0.041311526709449056,0.8740712742816342,0.08461719900891675
25868,GOF,0.06104443814508542,0.8331663575737491,0.10578920428116535
25869,GOF,0.3444786484954552,0.5848580541182711,0.07066329738627372
25870,GOF,0.060664983418757416,0.6028445077433819,0.3364905088378605
25871,GOF,0.010416624152055388,0.8746722603775073,0.11491111547043724
25872,GOF,0.018763706505664467,0.8611665522535634,0.12006974124077206
25873,GOF,0.018269170415895992,0.8864630060721849,0.09526782351191919
25874,LOF,0.015168597733470554,0.22260359620119324,0.7622278060653362
25875,LOF,0.03159971670877082,0.051132438416280145,0.917267844874949
25876,LOF,0.018919891160774836,0.03377859406497041,0.9473015147742547
25877,LOF,0.11208241288385289,0.08501695809172698,0.80290062902442
25878,LOF,0.07175130431336278,0.1298583574117804,0.7983903382748568
25879,LOF,0.016999057839459705,0.08912890720354077,0.8938720349569994
25880,LOF,0.06074685579271119,0.014221335151405187,0.9250318090558836
25881,LOF,0.45717962950830937,0.061530779906987444,0.4812895905847031
25882,LOF,0.06490892531047554,0.02374712949506835,0.911343945194456
25883,LOF,0.028009046831914186,0.027034123923055126,0.9449568292450307
25884,LOF,0.016117053136299856,0.05088734648041513,0.932995600383285
25885,LOF,0.1838605794388369,0.012030211293791665,0.8041092092673714
25886,LOF,0.2727356970836953,0.05356475820405178,0.6736995447122529
25887,LOF,0.11804577521436142,0.07627665529607931,0.8056775694895593
25888,LOF,0.00844414097582021,0.11975388337823938,0.8718019756459404
25889,LOF,0.02327495170378014,0.03626049722340433,0.9404645510728156
25890,LOF,0.1684763134570224,0.08202228724478236,0.7495013992981953
25891,LOF,0.12639410055178935,0.02849474249074372,0.845111156957467
25892,LOF,0.010038034920934564,0.03316736070460357,0.9567946043744617
25893,LOF,0.3721889431297796,0.009046929541912203,0.6187641273283082
25894,LOF,0.4066504549427857,0.006553015707834804,0.5867965293493795
25895,LOF,0.35962601271870015,0.012301295333300101,0.6280726919479998
25896,LOF,0.06758764004061658,0.022133937568862193,0.9102784223905211
25897,LOF,0.160203524120832,0.009376685219312458,0.8304197906598555
25898,LOF,0.13150814840505562,0.03450882350183336,0.833983028093111
25899,LOF,0.4371343251181278,0.025754458552116853,0.5371112163297553
25900,Neutral,0.5122060804609164,0.007243933948505739,0.4805499855905779
25901,LOF,0.05999564639761762,0.009892309914784458,0.9301120436875978
25902,LOF,0.17216798892590163,0.010935062151324466,0.8168969489227739
25903,LOF,0.37049569168033347,0.023498176879440637,0.6060061314402257
25904,Neutral,0.5145653780631967,0.03309919957637368,0.45233542236042956
25905,GOF,0.006328737406463157,0.5211321469670073,0.4725391156265296
25906,LOF,0.007644426126625133,0.10956768416953515,0.8827878897038397
25907,LOF,0.006702436344201109,0.3479996514154508,0.645297912240348
25908,LOF,0.0060020356064521534,0.33140053617301923,0.6625974282205286
25909,LOF,0.024606911301192504,0.16868845826270035,0.8067046304361073
25910,LOF,0.01248293431561215,0.14395214893628513,0.8435649167481027
25911,LOF,0.21567466354955314,0.05790145198572957,0.7264238844647173
25912,LOF,0.10997482486702759,0.03294801928335678,0.8570771558496156
25913,LOF,0.02797851595616669,0.04972934950127972,0.9222921345425535
25914,LOF,0.03502793702671284,0.0333048217071287,0.9316672412661584
25915,LOF,0.17542716257817811,0.1608129477387734,0.6637598896830486
25916,LOF,0.027952429984367175,0.09088973434074624,0.8811578356748867
25917,LOF,0.07270908753503978,0.03164916736710978,0.8956417450978504
25918,LOF,0.04214050358348076,0.023163530990593442,0.9346959654259257
25919,LOF,0.03642818402631345,0.022430328281362114,0.9411414876923245
25920,LOF,0.34688030933056374,0.28902035500914014,0.36409933566029606
25921,LOF,0.015751982033747218,0.03643661326431652,0.9478114047019363
25922,LOF,0.017726932988252238,0.038197019736446,0.9440760472753017
25923,LOF,0.425638575988042,0.03230403058163947,0.5420573934303186
25924,LOF,0.02504770194157914,0.049590857558253494,0.9253614405001673
25925,LOF,0.08555056048849749,0.048424675931768836,0.8660247635797338
25926,LOF,0.06821715415105901,0.04292307351256581,0.8888597723363751
25927,LOF,0.017905534218620678,0.07444700894945927,0.90764745683192
25928,LOF,0.010567371659121944,0.04999964395735462,0.9394329843835235
25929,Neutral,0.5571280739504197,0.030801400927094453,0.4120705251224858
25930,LOF,0.07595186927172064,0.03173800560578038,0.892310125122499
25931,LOF,0.014578684003928337,0.03726225246860667,0.948159063527465
25932,LOF,0.06143361956869001,0.033281070776165975,0.9052853096551441
25933,LOF,0.06256270834126496,0.018570155237294824,0.9188671364214402
25934,LOF,0.05515852715945379,0.019850626554885793,0.9249908462856604
25935,LOF,0.08059543242941278,0.05813380731251983,0.8612707602580675
25936,LOF,0.09675407825282806,0.020219107070764266,0.8830268146764078
25937,LOF,0.021454962838442324,0.027719485398243354,0.9508255517633143
25938,LOF,0.07535121595964427,0.0517833509458297,0.872865433094526
25939,LOF,0.04632104756614703,0.02813960893972829,0.9255393434941247
25940,LOF,0.008980404951566563,0.4646833862386811,0.5263362088097524
25941,LOF,0.46231703738256663,0.04656633695996916,0.4911166256574642
25942,LOF,0.009727396494409478,0.06310364169300303,0.9271689618125875
25943,LOF,0.05054283911747213,0.18383135796271421,0.7656258029198136
25944,LOF,0.04228798730873384,0.08072796809335481,0.8769840445979113
25945,LOF,0.11432918931183078,0.03720393365461766,0.8484668770335516
25946,LOF,0.0667740547682346,0.04194720602607338,0.8912787392056921
25947,Neutral,0.5512990471714847,0.09884019704154917,0.349860755786966
25948,LOF,0.38331223112095963,0.01824824866270825,0.5984395202163321
25949,LOF,0.1604509317609613,0.07252995302078202,0.7670191152182567
25950,GOF,0.060318778465497325,0.48576614339847657,0.45391507813602616
25951,LOF,0.015125869305244543,0.38502216777388565,0.5998519629208698
25952,LOF,0.23572979119367543,0.24394202765303769,0.5203281811532869
25953,LOF,0.007668999777376462,0.24197361577588386,0.7503573844467396
25954,LOF,0.06261630457171316,0.3520136123648504,0.5853700830634364
25955,LOF,0.006502619245753947,0.23602188100137017,0.757475499752876
25956,LOF,0.013899887568648635,0.3216428388053122,0.6644572736260391
25957,LOF,0.1608720604818087,0.033369912919977145,0.8057580265982142
25958,LOF,0.03101061871045273,0.0707194574665759,0.8982699238229713
25959,GOF,0.00710205059997732,0.8025669533556871,0.1903309960443356
25960,LOF,0.00474313363026348,0.12301792225405121,0.8722389441156854
25961,LOF,0.029695599681756113,0.05387564159353615,0.9164287587247077
25962,LOF,0.053630739408738366,0.07231989846389993,0.8740493621273618
25963,LOF,0.006309191773833869,0.1613921896896073,0.8322986185365588
25964,LOF,0.027909850638737424,0.11400727774117723,0.8580828716200853
25965,LOF,0.2498526876004204,0.12262355541696307,0.6275237569826165
25966,LOF,0.38796613871496144,0.11645197520775286,0.4955818860772856
25967,LOF,0.008018797782330594,0.08554134686321242,0.906439855354457
25968,LOF,0.04045304990145844,0.24380944202148472,0.7157375080770568
25969,LOF,0.1658741953465017,0.05427117094878025,0.7798546337047181
25970,LOF,0.06485047941029708,0.07381673990235664,0.8613327806873463
25971,LOF,0.08015670718450682,0.03448130651639549,0.8853619862990978
25972,LOF,0.0703976706733951,0.05662692073098454,0.8729754085956204
25973,LOF,0.06835762587732261,0.01140146121684952,0.9202409129058279
25974,LOF,0.037625907611572564,0.045558840478629466,0.916815251909798
25975,LOF,0.03951067496465753,0.020838224228495978,0.9396511008068464
25976,LOF,0.0873633032938923,0.011943190041383646,0.900693506664724
25977,LOF,0.2480275538871984,0.06649076771040786,0.6854816784023937
25978,LOF,0.16618374605332753,0.12155804244551818,0.7122582115011543
25979,LOF,0.13892038975037752,0.13584971438681867,0.7252298958628038
25980,LOF,0.22766346568028165,0.18097846588833139,0.591358068431387
25981,LOF,0.2287895789931483,0.18358543478040937,0.5876249862264423
25982,LOF,0.4109179484315281,0.0993257950170949,0.4897562565513771
25983,LOF,0.41778553361016585,0.12308379017173261,0.45913067621810155
25984,LOF,0.04266620962806476,0.10541264129620942,0.8519211490757258
25985,LOF,0.43323018101843713,0.11809171317252096,0.448678105809042
25986,LOF,0.01225234282013065,0.45237577233805376,0.5353718848418155
25987,LOF,0.041360647085582174,0.10918099011829195,0.8494583627961259
25988,LOF,0.0409645383431614,0.17473141777148368,0.784304043885355
25989,LOF,0.044295041161544764,0.20107755658702006,0.7546274022514351
25990,LOF,0.03957883741285682,0.28867183146088243,0.6717493311262608
25991,LOF,0.0209889046573968,0.4748937487395113,0.504117346603092
25992,LOF,0.014586990475704279,0.44834883923186747,0.5370641702924281
25993,LOF,0.02963741013440789,0.08690987099309178,0.8834527188725002
25994,LOF,0.024316071988968995,0.08964080926977279,0.8860431187412581
25995,LOF,0.019925778693972336,0.14810027269317264,0.8319739486128551
25996,Neutral,0.3879750032934006,0.367112409351217,0.24491258735538243
25997,LOF,0.06557447096633223,0.43648690773606036,0.49793862129760746
25998,LOF,0.27252578294535473,0.051286998530206865,0.6761872185244385
25999,LOF,0.03699699308909851,0.13626216371956212,0.8267408431913393
26000,LOF,0.14454625531712617,0.020048557527632845,0.835405187155241
26001,LOF,0.24103979700347822,0.024914182477729984,0.7340460205187918
26002,LOF,0.1237250629349935,0.03013327388925025,0.8461416631757561
26003,GOF,0.00722135642349825,0.6456269565632783,0.34715168701322346
26004,GOF,0.017218521729353328,0.6752002040950905,0.30758127417555614
26005,LOF,0.0053803581345704295,0.49166706279163974,0.5029525790737899
26006,GOF,0.1153675225306922,0.5599697115501656,0.32466276591914217
26007,GOF,0.011013942327698532,0.5228935648010132,0.4660924928712882
26008,GOF,0.005854350824171882,0.6301172166988315,0.36402843247699657
26009,GOF,0.013103771644549735,0.6600924592815904,0.3268037690738597
26010,GOF,0.010139940139422574,0.601733858575741,0.3881262012848364
26011,LOF,0.004039629208345768,0.4421972679461552,0.5537631028454989
26012,GOF,0.004604842413230373,0.5702531870617894,0.4251419705249803
26013,GOF,0.010277073794070671,0.5829236782408822,0.40679924796504713
26014,LOF,0.0742835548623888,0.12981508015245463,0.7959013649851565
26015,LOF,0.36952893800375486,0.04196376365301067,0.5885072983432345
26016,LOF,0.2823930203303496,0.055571423733370894,0.6620355559362795
26017,LOF,0.014945314325880253,0.23431994075069826,0.7507347449234216
26018,LOF,0.023924059686933424,0.07973070887650889,0.8963452314365578
26019,LOF,0.02356123361191398,0.07237637956679796,0.904062386821288
26020,LOF,0.007704318678825381,0.2211506859791646,0.77114499534201
26021,LOF,0.07616332763252924,0.10418276771952692,0.8196539046479437
26022,LOF,0.03938317053610593,0.04326638923600891,0.9173504402278851
26023,LOF,0.01845533627074255,0.057451407764707405,0.9240932559645499
26024,LOF,0.05399347459720832,0.08242400240969844,0.8635825229930932
26025,LOF,0.11705598778948909,0.0940035943848658,0.7889404178256452
26026,LOF,0.11960826230387261,0.07312926138610058,0.8072624763100269
26027,LOF,0.023849577362772333,0.03684430871793474,0.9393061139192929
26028,LOF,0.08786152113403506,0.18041701274670183,0.7317214661192631
26029,LOF,0.02458381300834357,0.19160393659140446,0.7838122504002519
26030,LOF,0.12888199461583041,0.027839723215954626,0.8432782821682149
26031,LOF,0.010487427322509698,0.16111060979727465,0.8284019628802157
26032,LOF,0.036160019703805064,0.04595930676780203,0.9178806735283929
26033,LOF,0.033927617553644436,0.046826880228111406,0.9192455022182442
26034,LOF,0.01665895891502557,0.1299367533789792,0.8534042877059952
26035,LOF,0.013110494266462946,0.12350602455446326,0.8633834811790738
26036,LOF,0.011840612873010968,0.10363823335078358,0.8845211537762054
26037,LOF,0.011228104134587193,0.11400934750594625,0.8747625483594667
26038,LOF,0.030160629223001424,0.040776801714246365,0.9290625690627522
26039,LOF,0.04001102769400368,0.14275313560958228,0.817235836696414
26040,LOF,0.07810184001139661,0.12742755893340518,0.7944706010551982
26041,LOF,0.01449670580852723,0.10885938245860884,0.8766439117328638
26042,LOF,0.01392022803075803,0.11295089748926594,0.8731288744799759
26043,LOF,0.029724113805165757,0.06050267308172902,0.9097732131131053
26044,LOF,0.009343691411247223,0.049161136260441524,0.9414951723283113
26045,LOF,0.08376997940857096,0.14053480211827213,0.775695218473157
26046,LOF,0.02618717788353506,0.04560234572925885,0.928210476387206
26047,LOF,0.05110518048172673,0.04550697511925493,0.9033878443990183
26048,LOF,0.08444694324907905,0.019554369097487253,0.8959986876534337
26049,Neutral,0.9421460327225979,0.007886608641167915,0.04996735863623419
26050,Neutral,0.9109906387020242,0.008523666767295218,0.08048569453068061
26051,LOF,0.027100098687352484,0.0863953561247238,0.8865045451879237
26052,LOF,0.03093056789052309,0.07845561018382424,0.8906138219256527
26053,LOF,0.021804285483258534,0.14118616044469423,0.8370095540720471
26054,LOF,0.04692656856427188,0.032965504461192084,0.920107926974536
26055,LOF,0.07136645481819132,0.030381049148058763,0.8982524960337499
26056,LOF,0.059456800627675575,0.03809785542868177,0.9024453439436426
26057,LOF,0.06016304560567873,0.01722116755738299,0.9226157868369382
26058,LOF,0.06487475306737985,0.013595546365100804,0.9215297005675193
26059,LOF,0.20439302101673607,0.033611686598807984,0.761995292384456
26060,LOF,0.027392793355630655,0.14407050290645199,0.8285367037379174
26061,LOF,0.01228139678584554,0.010631734330157946,0.9770868688839965
26062,LOF,0.006921992995669794,0.01659389212377461,0.9764841148805556
26063,LOF,0.042521657975724936,0.014514753498678295,0.9429635885255967
26064,LOF,0.016164199020963468,0.01904820179516384,0.9647875991838728
26065,LOF,0.05025074786108222,0.017001411039092165,0.9327478410998257
26066,LOF,0.040649106190511354,0.014095479863922547,0.9452554139455661
26067,LOF,0.04616500437774558,0.0140395541808221,0.9397954414414323
26068,LOF,0.0550661997877038,0.04641736539880712,0.8985164348134891
26069,LOF,0.28664405833948947,0.030777174403312284,0.6825787672571982
26070,Neutral,0.5343088297069899,0.022021360983296333,0.4436698093097137
26071,LOF,0.046263168075329215,0.016214587802440297,0.9375222441222304
26072,LOF,0.008687205883236768,0.020845408071464913,0.9704673860452983
26073,LOF,0.03762593894671314,0.017178451300158538,0.9451956097531284
26074,Neutral,0.8739443595998319,0.011640402836230428,0.11441523756393772
26075,LOF,0.057607440667875535,0.02493564922013112,0.9174569101119933
26076,LOF,0.052434941186773644,0.014400076200064883,0.9331649826131615
26077,LOF,0.17137334491642592,0.008282167493691968,0.8203444875898821
26078,LOF,0.0076562382695127325,0.017242299747216763,0.9751014619832705
26079,LOF,0.06540908059892378,0.0238466183906492,0.9107443010104271
26080,LOF,0.06452312200667185,0.023879600150269097,0.911597277843059
26081,LOF,0.03516866109140089,0.011146652801851488,0.9536846861067476
26082,LOF,0.0061886967407267495,0.018843086566280854,0.9749682166929923
26083,LOF,0.10524163567400044,0.027303535180812386,0.8674548291451871
26084,LOF,0.11222305489712779,0.02056056974841119,0.8672163753544609
26085,LOF,0.0970693958775461,0.01628181392486066,0.8866487901975932
26086,LOF,0.039575129042647324,0.015695788936673366,0.9447290820206794
26087,LOF,0.03666796626528076,0.012890390368596275,0.9504416433661229
26088,LOF,0.007479585422583688,0.02413242814294683,0.9683879864344694
26089,LOF,0.04494399104352854,0.03862219771804904,0.9164338112384225
26090,LOF,0.04534787340032536,0.03009071196817553,0.9245614146314992
26091,LOF,0.029715955862439355,0.010269629758495465,0.9600144143790651
26092,LOF,0.047753639648050066,0.011412444987390325,0.9408339153645596
26093,LOF,0.08649226228812598,0.007739615120980462,0.9057681225908936
26094,LOF,0.03482176788018527,0.010395889343094775,0.9547823427767199
26095,LOF,0.020796076666272555,0.0194452915978125,0.959758631735915
26096,LOF,0.20851155596230658,0.005452449750760341,0.7860359942869329
26097,LOF,0.00795900882760473,0.03993713020125548,0.9521038609711399
26098,LOF,0.12113776591895159,0.02071715181976134,0.858145082261287
26099,LOF,0.039350049831076477,0.024499753266365498,0.9361501969025581
26100,LOF,0.03934980597551069,0.02450579852337584,0.9361443955011135
26101,LOF,0.06320780346094823,0.04354958087428335,0.8932426156647684
26102,LOF,0.03413377558205844,0.023258435845144664,0.9426077885727969
26103,Neutral,0.8967586520049068,0.029932298731070485,0.07330904926402276
26104,LOF,0.06111884252091674,0.043385385467438545,0.8954957720116448
26105,LOF,0.2776398711291943,0.11540546449551335,0.6069546643752923
26106,LOF,0.31464201452695156,0.05801118593074873,0.6273467995422995
26107,LOF,0.02034863159403771,0.06874185211109254,0.9109095162948697
26108,LOF,0.27117033410977415,0.0401303278201194,0.6886993380701064
26109,LOF,0.07566152689350375,0.029981968508875467,0.8943565045976207
26110,LOF,0.4240092737120593,0.012151442184401276,0.5638392841035393
26111,LOF,0.06650988155360876,0.11042584365392535,0.8230642747924659
26112,LOF,0.06086403968214101,0.011339043941024573,0.9277969163768345
26113,LOF,0.11484694922781431,0.027043109266705414,0.8581099415054804
26114,LOF,0.09178072504258576,0.009347110766213243,0.898872164191201
26115,LOF,0.01585557468370967,0.06335556521876802,0.9207888600975223
26116,LOF,0.07895190978684431,0.02628068505905442,0.8947674051541012
26117,LOF,0.33742109207913806,0.04617496449446033,0.6164039434264016
26118,LOF,0.0487331875891841,0.02240845768914179,0.928858354721674
26119,LOF,0.006033091924539895,0.1162075728035079,0.8777593352719522
26120,LOF,0.03304309263782437,0.020645546145463295,0.9463113612167123
26121,LOF,0.003360919368983599,0.17245170022579703,0.8241873804052194
