feature0,prediction,LoGoFunc_Neutral,LoGoFunc_GOF,LoGoFunc_LOF
25546,Neutral,0.6715838434568057,0.06862584842453143,0.25979030811866277
25547,Neutral,0.5018503436860504,0.1318375235515091,0.3663121327624405
25548,Neutral,0.5021108150713394,0.10215268885227588,0.39573649607638484
25549,LOF,0.4465005830524739,0.0984368942285099,0.4550625227190162
25550,LOF,0.3690697700262516,0.1533805436403543,0.4775496863333942
25551,LOF,0.2708044727230755,0.1736560854450901,0.5555394418318343
25552,LOF,0.203082272246543,0.16024326039522793,0.6366744673582292
25553,Neutral,0.7878064105856131,0.049422101243379674,0.16277148817100723
25554,LOF,0.23416638634951573,0.15596484059171684,0.6098687730587674
25555,LOF,0.1966882537481389,0.13519000049225918,0.6681217457596019
25556,LOF,0.39785756366511765,0.1394041825856596,0.4627382537492229
25557,LOF,0.1833152290896606,0.14395637006503303,0.6727284008453065
25558,LOF,0.2191452856872202,0.15979718453401798,0.6210575297787618
25559,LOF,0.19039117791082977,0.15383330413669644,0.6557755179524738
25560,LOF,0.0702023358331025,0.1440793655715925,0.785718298595305
25561,LOF,0.14383171500634054,0.13127245429262405,0.7248958307010354
25562,LOF,0.0697579155133887,0.09428246090154217,0.8359596235850693
25563,LOF,0.0952287531935043,0.08976290320802664,0.8150083435984691
25564,LOF,0.2007044720113302,0.16648350048919858,0.6328120274994713
25565,LOF,0.13953823011958888,0.14230180701588774,0.7181599628645234
25566,GOF,0.01681906304432785,0.7828655617122332,0.20031537524343893
25567,LOF,0.01922610101295592,0.1925338937631925,0.7882400052238516
25568,LOF,0.05183438686013829,0.0875598487609545,0.8606057643789073
25569,LOF,0.05371321449463657,0.09606532958877516,0.8502214559165884
25570,LOF,0.029846031091718277,0.12900661020567233,0.8411473587026095
25571,LOF,0.029720361639587915,0.12649710937232053,0.8437825289880916
25572,LOF,0.03448240289306923,0.15868919336688275,0.806828403740048
25573,LOF,0.026826755088467057,0.12034174273526234,0.8528315021762707
25574,LOF,0.01995922646158538,0.18058392343974486,0.7994568500986697
25575,LOF,0.023953382109719607,0.1408715004543918,0.8351751174358885
25576,LOF,0.011493469685250775,0.1842480965966881,0.8042584337180612
25577,LOF,0.010788786158032552,0.14484928095498692,0.8443619328869805
25578,LOF,0.2546473809327046,0.11593692638472614,0.6294156926825692
25579,LOF,0.15091635222879266,0.12597058510558623,0.723113062665621
25580,LOF,0.0180834493500975,0.1038206920641951,0.8780958585857074
25581,LOF,0.04132355820786998,0.09399192014207867,0.8646845216500513
25582,LOF,0.041249876241047714,0.09231931981296727,0.8664308039459849
25583,LOF,0.021052725820713877,0.11110373128350844,0.8678435428957776
25584,Neutral,0.51135579483565,0.12755455326349618,0.36108965190085385
25585,LOF,0.011102414786364147,0.17141645581731194,0.8174811293963239
25586,LOF,0.01644023017702166,0.09705426448661836,0.88650550533636
25587,LOF,0.016730088189793057,0.09099061527867826,0.8922792965315287
25588,LOF,0.017392472628491747,0.10449661584655186,0.8781109115249565
25589,Neutral,0.6088316441325026,0.14247913542046248,0.2486892204470351
25590,LOF,0.01915349555605169,0.13648547190602814,0.8443610325379202
25591,LOF,0.07698784040293824,0.07806809984048572,0.844944059756576
25592,LOF,0.0448046630417206,0.165833634598726,0.7893617023595533
25593,LOF,0.02523162209172392,0.26610446105812247,0.7086639168501536
25594,LOF,0.03912074365524895,0.11149675263516891,0.8493825037095821
25595,LOF,0.04758131639832655,0.0743299405121779,0.8780887430894956
25596,LOF,0.05487524440506134,0.05966853553589347,0.8854562200590451
25597,LOF,0.03967121958943079,0.0751670851465947,0.8851616952639745
25598,LOF,0.03565786143302221,0.09678832884281181,0.867553809724166
25599,GOF,0.0077931900910474935,0.5738638722064673,0.4183429377024851
25600,GOF,0.026830291187074966,0.6035984638882326,0.3695712449246924
25601,LOF,0.014011222518312043,0.42641021269734336,0.5595785647843445
25602,LOF,0.013502640507563604,0.056006601870861324,0.9304907576215751
25603,LOF,0.058733415415935214,0.020488951735412854,0.920777632848652
25604,LOF,0.014816244313366358,0.07553627359673516,0.9096474820898984
25605,LOF,0.007601387516535605,0.21460940087347238,0.7777892116099919
25606,LOF,0.1010353529427329,0.3754694740238622,0.5234951730334049
25607,LOF,0.0047538975725247715,0.23065185913011002,0.7645942432973651
25608,LOF,0.01162656367913205,0.10212146041246123,0.8862519759084067
25609,LOF,0.07380577915631609,0.3932647856701474,0.5329294351735365
25610,LOF,0.019923504966540648,0.02769461543486287,0.9523818795985965
25611,LOF,0.01974717152280599,0.02819544871958958,0.9520573797576044
25612,LOF,0.07252712639371572,0.04013734568874127,0.887335527917543
25613,LOF,0.06165636853451205,0.042227552521029464,0.8961160789444585
25614,LOF,0.02600783812030683,0.03237969985861829,0.941612462021075
25615,LOF,0.018833362926079608,0.043541335590072436,0.9376253014838479
25616,LOF,0.06144892429411064,0.02996253477761326,0.908588540928276
25617,LOF,0.057333762223088856,0.034189262394681494,0.9084769753822297
25618,LOF,0.07568111657978059,0.03639618968095494,0.8879226937392645
25619,LOF,0.018520336622015483,0.035682470594737774,0.9457971927832467
25620,LOF,0.0730781218699585,0.03780542655049056,0.8891164515795509
25621,LOF,0.019089097885927737,0.03834836858147228,0.9425625335326
25622,LOF,0.022719480363994866,0.04162808022750195,0.9356524394085032
25623,LOF,0.040030037956226595,0.02795916718902765,0.9320107948547457
25624,LOF,0.022127224132698006,0.04090600500239576,0.9369667708649063
25625,LOF,0.025297733752849157,0.05058784094837138,0.9241144252987794
25626,LOF,0.053925029072136164,0.03775313671562035,0.9083218342122434
25627,Neutral,0.5677768794557325,0.12293244630126995,0.3092906742429975
25628,LOF,0.19774099923411959,0.05403496210680014,0.7482240386590803
25629,LOF,0.04211179063229169,0.05141041975491363,0.9064777896127948
25630,LOF,0.13723236996930283,0.08853724778223405,0.7742303822484632
25631,Neutral,0.6121579500665284,0.05975646988791924,0.3280855800455524
25632,LOF,0.007798423862214233,0.07912952329540847,0.9130720528423774
25633,LOF,0.26881217586208495,0.05585154474481908,0.6753362793930959
25634,LOF,0.028739211548166905,0.103233398519085,0.8680273899327481
25635,LOF,0.03215817324433342,0.06253661850133882,0.9053052082543277
25636,GOF,0.005170695900303452,0.5825970075790241,0.41223229652067245
25637,GOF,0.006717463902274706,0.6164715256970398,0.3768110104006855
25638,LOF,0.01019967291299915,0.29502174981794266,0.6947785772690582
25639,LOF,0.00542032415398831,0.4644608364149814,0.5301188394310302
25640,Neutral,0.46114794535076314,0.44333339065208355,0.09551866399715328
25641,LOF,0.011409510262306199,0.30687840562706,0.6817120841106338
25642,LOF,0.24137642828916747,0.07152845726384437,0.6870951144469882
25643,LOF,0.12868721187062915,0.17080894376376007,0.7005038443656109
25644,LOF,0.009717238894264409,0.46926853232932164,0.5210142287764139
25645,LOF,0.008252168501276188,0.42728618798687057,0.5644616435118532
25646,LOF,0.013441117509902917,0.3233444927058165,0.6632143897842805
25647,LOF,0.010293033662538378,0.2558879572068815,0.7338190091305801
25648,LOF,0.008949453619954986,0.25179882613385735,0.7392517202461877
25649,LOF,0.007696912308144599,0.1940159164564148,0.7982871712354406
25650,LOF,0.01357402462893264,0.39367959733084584,0.5927463780402215
25651,LOF,0.005930821718411771,0.26595500831407415,0.7281141699675141
25652,LOF,0.010335620338813764,0.2408985933713886,0.7487657862897976
25653,LOF,0.028490030579189994,0.36342076528971184,0.6080892041310982
25654,LOF,0.01047346129265715,0.13785952912889973,0.8516670095784431
25655,LOF,0.04719880005396277,0.3919490835920576,0.5608521163539797
25656,LOF,0.17144587615388376,0.0369952989281259,0.7915588249179903
25657,LOF,0.25595783768265773,0.02332834200470373,0.7207138203126385
25658,LOF,0.07655600355672212,0.06145377993699766,0.8619902165062803
25659,LOF,0.38400108294786217,0.05699982778007744,0.5589990892720604
25660,LOF,0.03199958182342724,0.10269712947896834,0.8653032886976044
25661,LOF,0.10440606605238217,0.06342700289863251,0.8321669310489853
25662,LOF,0.026313997648977214,0.045147425373405436,0.9285385769776172
25663,LOF,0.03468591437599735,0.06560657136493088,0.8997075142590719
25664,LOF,0.03663629066524221,0.07627845260657347,0.8870852567281844
25665,LOF,0.0536639973965177,0.03592767793439599,0.9104083246690864
25666,LOF,0.0416493722754587,0.09680501354731487,0.8615456141772265
25667,LOF,0.07514455518357442,0.05264862520399505,0.8722068196124305
25668,LOF,0.02843442605681969,0.055202264103581575,0.9163633098395987
25669,LOF,0.030959973689653027,0.07939924087874903,0.889640785431598
25670,LOF,0.05648357515890818,0.06799332721299478,0.8755230976280969
25671,LOF,0.08829010930229876,0.043825044311185286,0.8678848463865159
25672,LOF,0.053181118819654226,0.04669939696161164,0.9001194842187341
25673,LOF,0.02884919412165781,0.05951776267723879,0.9116330432011034
25674,LOF,0.022427344433042413,0.07170077093536668,0.905871884631591
25675,LOF,0.0356987512467913,0.0703100168531624,0.8939912319000464
25676,LOF,0.02014395373476522,0.06397902321926223,0.9158770230459725
25677,LOF,0.03085929911533731,0.0740778821984029,0.8950628186862598
25678,LOF,0.19666259317470178,0.05940031499638692,0.7439370918289112
25679,LOF,0.17226341185088684,0.07272102119385299,0.7550155669552602
25680,LOF,0.039638806826037626,0.11516342193639599,0.8451977712375663
25681,LOF,0.06399716192500275,0.10944034846045628,0.826562489614541
25682,LOF,0.12042602792049359,0.07785444631660665,0.8017195257628997
25683,LOF,0.07526458269403526,0.10505094056254403,0.8196844767434207
25684,LOF,0.04689836042379625,0.07860699450766653,0.8744946450685372
25685,LOF,0.0771246692916067,0.0625999095609131,0.8602754211474801
25686,LOF,0.027688470440519797,0.08650956177604133,0.8858019677834388
25687,LOF,0.04545873673860425,0.0679314439775452,0.8866098192838505
25688,LOF,0.043950433507455956,0.04701676676914661,0.9090327997233975
25689,LOF,0.026885899194409948,0.05444239945403753,0.9186717013515524
25690,LOF,0.034535444368432686,0.04670232851612933,0.918762227115438
25691,LOF,0.2622220407533488,0.05225030892722813,0.6855276503194231
25692,LOF,0.2639122883649027,0.006322235931607402,0.7297654757034899
25693,LOF,0.08085463608629564,0.23446297538387398,0.6846823885298303
25694,LOF,0.25848818263051504,0.011479333155428956,0.730032484214056
25695,LOF,0.16019759026201222,0.023524697421542055,0.8162777123164457
25696,LOF,0.11584061363548788,0.011544676509712153,0.8726147098548
25697,LOF,0.08113670262720526,0.027004977876185856,0.891858319496609
25698,LOF,0.05166953087227746,0.4724481579587698,0.47588231116895274
25699,LOF,0.06256863877174797,0.09471749005657597,0.8427138711716761
25700,LOF,0.06663285236535563,0.009699659854668653,0.9236674877799759
25701,LOF,0.0165438512861696,0.07952871643428805,0.9039274322795423
25702,GOF,0.03088395763548827,0.7111124224266605,0.25800361993785126
25703,LOF,0.008370760686997979,0.16720174072304736,0.8244274985899547
25704,LOF,0.04518907051625489,0.15854823554753808,0.796262693936207
25705,LOF,0.0644276803446549,0.22804488593900946,0.7075274337163355
25706,GOF,0.03395958999518126,0.5414202909728464,0.4246201190319723
25707,GOF,0.025038014698073686,0.5036224412358347,0.47133954406609174
25708,LOF,0.007898179779383847,0.4190185893138257,0.5730832309067904
25709,LOF,0.059306818833278416,0.05723028147631573,0.8834628996904058
25710,LOF,0.005877482954481072,0.15478875675651485,0.8393337602890041
25711,LOF,0.020861848543897665,0.11565441490691522,0.8634837365491871
25712,LOF,0.007813975837866347,0.16927507217516774,0.822910951986966
25713,LOF,0.019468653013389108,0.10064158509060665,0.8798897618960041
25714,LOF,0.07225805321665398,0.11837997983721443,0.8093619669461316
25715,LOF,0.014161553059128272,0.1325869836653686,0.853251463275503
25716,LOF,0.006700195463661798,0.10436774437996228,0.888932060156376
25717,LOF,0.006012642517327587,0.09483317915804552,0.899154178324627
25718,LOF,0.014763912730974162,0.08029685908368195,0.9049392281853439
25719,LOF,0.024570581566309545,0.08646510985574987,0.8889643085779406
25720,LOF,0.025445820411189507,0.07875333584135816,0.8958008437474523
25721,LOF,0.01661014289308415,0.1062524132752621,0.8771374438316538
25722,LOF,0.01446520061859306,0.1324591388220766,0.8530756605593304
25723,LOF,0.021047491656335182,0.06607468309979105,0.9128778252438737
25724,LOF,0.020507749313174922,0.10373904566427936,0.8757532050225457
25725,LOF,0.01436118182245381,0.07376070736339913,0.911878110814147
25726,LOF,0.012709366394691382,0.10185360469543424,0.8854370289098743
25727,LOF,0.015279418293920646,0.0829051962722927,0.9018153854337866
25728,LOF,0.013651834997700991,0.10714521159413667,0.8792029534081622
25729,LOF,0.01406393556622873,0.11100488235737044,0.874931182076401
25730,LOF,0.01470042123086766,0.09448967529047295,0.8908099034786594
25731,LOF,0.008447364742701996,0.13240078150947046,0.8591518537478275
25732,LOF,0.01379223973249766,0.09596907915065991,0.8902386811168425
25733,LOF,0.019646871993241666,0.07791708546881279,0.9024360425379456
25734,LOF,0.005786410749744335,0.13411857702919427,0.8600950122210613
25735,LOF,0.01570533607827491,0.07960671543589277,0.9046879484858323
25736,LOF,0.014842634059381155,0.12205199485545531,0.8631053710851635
25737,LOF,0.02333967030296122,0.09506437234155435,0.8815959573554846
25738,LOF,0.015424451134036442,0.13344893790834822,0.8511266109576153
25739,LOF,0.02363788305359434,0.10725586018462537,0.8691062567617804
25740,LOF,0.032328715283529916,0.12437408574323108,0.843297198973239
25741,LOF,0.01878482228436642,0.1068421835555618,0.8743729941600719
25742,LOF,0.11933842601592139,0.09820389789381546,0.7824576760902632
25743,LOF,0.017938019646156614,0.03384804666856548,0.9482139336852778
25744,LOF,0.2288330392315781,0.3104429189029635,0.4607240418654584
25745,LOF,0.0270732555178461,0.044935646084908146,0.9279910983972457
25746,LOF,0.01600903853090033,0.05802124868814132,0.9259697127809583
25747,LOF,0.02785186262181162,0.03136591117460912,0.9407822262035792
25748,LOF,0.1448097784197078,0.050878733897298155,0.804311487682994
25749,LOF,0.017024734066317552,0.042002958134366684,0.9409723077993157
25750,LOF,0.034741250380503255,0.060819685069053185,0.9044390645504435
25751,LOF,0.11586522745183216,0.05771121899058182,0.826423553557586
25752,GOF,0.11276133455225272,0.6284141540793016,0.2588245113684458
25753,LOF,0.008648978156602084,0.3456881932462918,0.6456628285971062
25754,GOF,0.005298875893425525,0.8349183389855054,0.1597827851210691
25755,LOF,0.01024027909785635,0.4108852284952565,0.5788744924068872
25756,LOF,0.041099410830338155,0.4078579058277756,0.5510426833418862
25757,GOF,0.005351375770054281,0.867470973476428,0.12717765075351772
25758,GOF,0.006564452508518306,0.8626584718349836,0.13077707565649796
25759,GOF,0.004475837912837161,0.5516373227640144,0.44388683932314843
25760,LOF,0.004422244801895432,0.29377162056893363,0.701806134629171
25761,GOF,0.03305429889577451,0.8534089356716088,0.11353676543261672
25762,LOF,0.028088936132650247,0.32945274415304077,0.642458319714309
25763,LOF,0.006660355977248091,0.23390206603217434,0.7594375779905775
25764,GOF,0.15993503229370334,0.5118779318259286,0.32818703588036807
25765,GOF,0.011794574283243027,0.7853461900373832,0.20285923567937372
25766,GOF,0.016228367247368567,0.8163497888444528,0.1674218439081786
25767,GOF,0.020652728613386517,0.5076428278464289,0.47170444354018465
25768,LOF,0.08204239792962024,0.06626438801852948,0.8516932140518503
25769,LOF,0.07948487746893243,0.04995322390790611,0.8705618986231614
25770,LOF,0.2624412299771197,0.05565623527323935,0.6819025347496409
25771,LOF,0.01265007037111875,0.05388099087731516,0.9334689387515661
25772,LOF,0.01613305308962099,0.02279547096357099,0.961071475946808
25773,LOF,0.010202621790870076,0.09848385145816452,0.8913135267509653
25774,LOF,0.024090262328089352,0.06311636982777877,0.912793367844132
25775,LOF,0.015726314030528682,0.040983489048333356,0.943290196921138
25776,LOF,0.07776717584716597,0.018095093218295635,0.9041377309345383
25777,LOF,0.28931421220436515,0.035821032309446055,0.6748647554861888
25778,LOF,0.07074508505675842,0.03533867686437719,0.8939162380788643
25779,GOF,0.05355970853522343,0.8737700132794628,0.07267027818531373
25780,GOF,0.05545903609135937,0.8475336586842945,0.09700730522434615
25781,GOF,0.0231023917107942,0.8256542566864136,0.15124335160279226
25782,GOF,0.029199909638699277,0.8723867658127328,0.09841332454856797
25783,GOF,0.01254636458250396,0.6698477886678856,0.3176058467496104
25784,GOF,0.1049760484549069,0.8325420568577498,0.062481894687343165
25785,GOF,0.07808125044961893,0.8576546379269444,0.06426411162343654
25786,GOF,0.0055909569272142275,0.7814808818136233,0.21292816125916253
25787,GOF,0.19157309511027312,0.7652726694713597,0.043154235418367076
25788,LOF,0.04658908603072555,0.12485668502722902,0.8285542289420454
25789,GOF,0.03456067672554327,0.8116138474257738,0.1538254758486829
25790,GOF,0.03862615792104888,0.8487821639369837,0.11259167814196736
25791,GOF,0.027041553333510954,0.7673092136676477,0.20564923299884136
25792,GOF,0.04384998659367848,0.7747183303044237,0.18143168310189783
25793,GOF,0.09685853923014986,0.775783637318083,0.12735782345176724
25794,GOF,0.08038499219454348,0.6703646503657047,0.24925035743975166
25795,GOF,0.02399305579709537,0.7341501083556911,0.24185683584721354
25796,GOF,0.12345301272558788,0.7504421051137921,0.1261048821606201
25797,GOF,0.028056868609245913,0.5797865041046658,0.39215662728608836
25798,GOF,0.0031476079479734955,0.5458436503749234,0.4510087416771031
25799,LOF,0.002792816130992857,0.43873656851874854,0.5584706153502587
25800,GOF,0.009267742847826173,0.6127470229094506,0.37798523424272323
25801,GOF,0.027362509563015038,0.7853477905608858,0.18728969987609917
25802,GOF,0.016798373576755402,0.7019494641262043,0.28125216229704025
25803,GOF,0.009856859910031972,0.6260998435100402,0.36404329657992784
25804,GOF,0.010937100777067688,0.5149950420172756,0.47406785720565675
25805,GOF,0.020974193256679412,0.606990443896804,0.37203536284651645
25806,GOF,0.018421753453740766,0.6430157670507315,0.33856247949552765
25807,GOF,0.00529630823124449,0.6362744278296382,0.35842926393911745
25808,GOF,0.015040560103339509,0.6362510217853696,0.3487084181112909
25809,GOF,0.005858288274100136,0.6157696422605854,0.3783720694653145
25810,GOF,0.00511156255148169,0.6290702559961528,0.3658181814523655
25811,GOF,0.08108953526218816,0.8039736375782366,0.11493682715957533
25812,GOF,0.013656136740334649,0.6347542142338085,0.3515896490258568
25813,GOF,0.0980049591011504,0.749155922453858,0.15283911844499157
25814,GOF,0.025526663379739307,0.6840609950356503,0.29041234158461043
25815,GOF,0.03654713209334805,0.7204778771407768,0.24297499076587514
25816,GOF,0.008349914147690504,0.7959270436488297,0.19572304220347977
25817,GOF,0.062306340664526574,0.7522701380777623,0.1854235212577111
25818,GOF,0.01995051320524409,0.7366711171440792,0.24337836965067677
25819,GOF,0.06601652360211344,0.7242286312103305,0.20975484518755602
25820,GOF,0.02949717005057098,0.7103095834961752,0.26019324645325387
25821,GOF,0.016578008555366102,0.6936020875661393,0.2898199038784946
25822,GOF,0.03206677294013567,0.7182230548600177,0.2497101721998467
25823,GOF,0.010947060015457106,0.5504770136878571,0.4385759262966859
25824,GOF,0.020741903208031053,0.6791665617181315,0.30009153507383757
25825,GOF,0.01090462575264019,0.660535815117013,0.32855955913034685
25826,GOF,0.004965273145120215,0.6191448765775052,0.37588985027737465
25827,GOF,0.007743843941233484,0.6211649206437753,0.3710912354149912
25828,GOF,0.004770514328691829,0.5537493818182957,0.44148010385301256
25829,GOF,0.0027695352105622244,0.6300203222250368,0.36721014256440104
25830,LOF,0.02991944688613039,0.37002513633790907,0.6000554167759605
25831,GOF,0.03380592533166786,0.8328152868680226,0.13337878780030946
25832,GOF,0.00799503651881088,0.7529781857915933,0.23902677768959574
25833,GOF,0.026005145366298325,0.799087398435694,0.1749074561980078
25834,GOF,0.007512000968449163,0.760908910577736,0.23157908845381478
25835,GOF,0.01608719491398135,0.8123254340117539,0.17158737107426472
25836,GOF,0.006456161476914354,0.7652275921381124,0.22831624638497325
25837,GOF,0.006107963982816323,0.6386184639817365,0.3552735720354471
25838,GOF,0.017907407841674515,0.8152579272634652,0.1668346648948603
25839,GOF,0.03688834302483111,0.8027981056071276,0.16031355136804135
25840,GOF,0.036042847067786384,0.8120702784510375,0.151886874481176
25841,GOF,0.03303144247657557,0.8327132179454935,0.13425533957793082
25842,GOF,0.02364764552258363,0.8617186116872342,0.11463374279018232
25843,GOF,0.025730775774953855,0.8781268927848677,0.09614233144017852
25844,GOF,0.01517993981090131,0.7811869997113958,0.20363306047770285
25845,GOF,0.00526822656458354,0.5744558482691945,0.420275925166222
25846,GOF,0.02613768953415809,0.8509235450481651,0.12293876541767673
25847,GOF,0.016672116894036942,0.8845881238056807,0.09873975930028228
25848,GOF,0.01479137990235507,0.8175383128244418,0.16767030727320323
25849,GOF,0.004809050493721781,0.6856413551305388,0.30954959437573953
25850,GOF,0.006373527498809025,0.6929258031486004,0.3007006693525905
25851,GOF,0.005568152507821039,0.5711632767976769,0.423268570694502
25852,GOF,0.14755469560421008,0.5428585322066364,0.3095867721891535
25853,GOF,0.06446159170687295,0.8331400580604759,0.10239835023265105
25854,GOF,0.010048805445336527,0.6417070878108966,0.348244106743767
25855,GOF,0.013060424042674846,0.5795491865997643,0.4073903893575609
25856,GOF,0.036181095692182516,0.7065520123305047,0.25726689197731284
25857,GOF,0.015896933612861628,0.5275473593044735,0.456555707082665
25858,GOF,0.008382479163739643,0.5467841334368629,0.44483338739939743
25859,GOF,0.005389083474814919,0.530185980899934,0.4644249356252511
25860,GOF,0.06730310491022792,0.7811268517579739,0.15157004333179802
25861,GOF,0.10686611128685461,0.7881063284285421,0.10502756028460329
25862,GOF,0.021787190149353278,0.8288165963768941,0.14939621347375254
25863,GOF,0.01980211259897525,0.8453500682015365,0.1348478191994883
25864,GOF,0.03786833791560844,0.8706975466999645,0.09143411538442706
25865,GOF,0.02558619113457419,0.8339230317068992,0.14049077715852684
25866,GOF,0.020622973843486415,0.82227339771582,0.1571036284406936
25867,GOF,0.02347048931878752,0.85530606359786,0.12122344708335242
25868,GOF,0.04782501376821511,0.8031926548176209,0.14898233141416398
25869,GOF,0.2868780821139075,0.6145696933757843,0.09855222451030825
25870,GOF,0.18996653283803697,0.519640888549016,0.2903925786129469
25871,GOF,0.02336600729930286,0.8400842933503918,0.13654969935030525
25872,GOF,0.020034917402654413,0.8214339548037984,0.1585311277935472
25873,GOF,0.01896529447164385,0.8456523356714309,0.13538236985692528
25874,LOF,0.016220355506696843,0.14275474625558865,0.8410248982377145
25875,LOF,0.03198252110138538,0.03687284671164696,0.9311446321869676
25876,LOF,0.015504154411611645,0.02832739006084955,0.9561684555275387
25877,LOF,0.12647916623571348,0.0625671683418432,0.8109536654224433
25878,LOF,0.05139317530218511,0.08189358212879777,0.866713242569017
25879,LOF,0.022297099857232487,0.06722907983818326,0.9104738203045843
25880,LOF,0.045583734699698,0.008957268307058853,0.9454589969932431
25881,Neutral,0.5593193529843568,0.07195061639632809,0.3687300306193152
25882,LOF,0.021188447401893715,0.05255426291414624,0.9262572896839601
25883,LOF,0.052606260461822124,0.030704202741825774,0.9166895367963521
25884,LOF,0.011772315766961437,0.06549332862259843,0.9227343556104401
25885,LOF,0.19433645663263172,0.009862900178843543,0.7958006431885247
25886,LOF,0.19959461251460273,0.06049648938193736,0.7399088981034598
25887,LOF,0.13515281659523876,0.08121193596598301,0.7836352474387782
25888,LOF,0.013106599785559359,0.15675463616004387,0.8301387640543968
25889,LOF,0.015936629175167527,0.044342584624917684,0.9397207861999148
25890,LOF,0.11750346740402509,0.09141862522420446,0.7910779073717705
25891,LOF,0.04725856419507215,0.04077205221351669,0.9119693835914112
25892,LOF,0.011016186395183937,0.05313426438904478,0.9358495492157712
25893,LOF,0.3862685600327649,0.01494828000440939,0.5987831599628257
25894,LOF,0.4289667063715454,0.00759917766888221,0.5634341159595724
25895,LOF,0.36759493795886156,0.014639400460687168,0.6177656615804512
25896,LOF,0.04976698116076015,0.031751578264721414,0.9184814405745184
25897,LOF,0.19717277290058496,0.014559266580074812,0.7882679605193402
25898,LOF,0.2298171730242008,0.04517012883645012,0.7250126981393491
25899,LOF,0.22565645626535438,0.03510003989773081,0.7392435038369147
25900,LOF,0.4798447158360182,0.013413084347227981,0.5067421998167538
25901,LOF,0.04957874636170961,0.012200161554065857,0.9382210920842244
25902,LOF,0.09787435444171418,0.02157731532356311,0.8805483302347228
25903,LOF,0.3487390808629474,0.038175871049905566,0.6130850480871471
25904,Neutral,0.4958264100907713,0.0434555767635984,0.4607180131456303
25905,LOF,0.006734323511635773,0.4140020479471655,0.5792636285411987
25906,LOF,0.007603253136908762,0.11443170880596494,0.8779650380571263
25907,LOF,0.004131795131275657,0.3653448011590264,0.630523403709698
25908,LOF,0.00376427959190908,0.26498471012480246,0.7312510102832884
25909,LOF,0.016075042797824835,0.15667958596312925,0.8272453712390458
25910,LOF,0.014896744987953391,0.12983977391433602,0.8552634810977106
25911,LOF,0.17277547963159723,0.024672639188954387,0.8025518811794484
25912,LOF,0.06632101450866681,0.042192924793776704,0.8914860606975564
25913,LOF,0.058744549764311135,0.047305486146163554,0.8939499640895254
25914,LOF,0.022647854571361002,0.06373792558819999,0.913614219840439
25915,LOF,0.12202570137144796,0.26772364165864404,0.610250656969908
25916,LOF,0.020718327980985593,0.19428687202662293,0.7849947999923915
25917,LOF,0.05703132654202898,0.0481578870534792,0.8948107864044919
25918,LOF,0.027503675008801104,0.038944620075068506,0.9335517049161305
25919,LOF,0.022039909081913563,0.036146512349484745,0.9418135785686018
25920,LOF,0.11094786125402675,0.2503454777049146,0.6387066610410587
25921,LOF,0.010423592468391378,0.03239751721509922,0.9571788903165094
25922,LOF,0.013039929958917227,0.025215538919462356,0.9617445311216204
25923,LOF,0.4176360415282031,0.033270958019807714,0.5490930004519892
25924,LOF,0.019026401013200862,0.041345009452314,0.9396285895344852
25925,LOF,0.07980970612510355,0.04409183984131017,0.8760984540335863
25926,LOF,0.05568429820714629,0.03740985702574936,0.9069058447671043
25927,LOF,0.0223894104580546,0.05786948166495534,0.9197411078769901
25928,LOF,0.008109746696026043,0.049313190158014365,0.9425770631459597
25929,Neutral,0.493140411566289,0.031121755756148017,0.4757378326775629
25930,LOF,0.08697561902077568,0.028749597036171727,0.8842747839430527
25931,LOF,0.01022203423271518,0.031382918503155985,0.9583950472641287
25932,LOF,0.03699391253120684,0.02467022770553365,0.9383358597632595
25933,LOF,0.04312457691507619,0.016137249234073274,0.9407381738508505
25934,LOF,0.029210796019219033,0.016960099842877507,0.9538291041379036
25935,LOF,0.07429011359496698,0.05014940844648319,0.87556047795855
25936,LOF,0.041564381584223604,0.017978114721740154,0.9404575036940362
25937,LOF,0.010110729212622661,0.034118469352414936,0.9557708014349624
25938,LOF,0.0657523970876445,0.056391194708328644,0.8778564082040269
25939,LOF,0.034739214462525876,0.020216653928467863,0.9450441316090062
25940,LOF,0.008861689867949487,0.3614055469882157,0.6297327631438348
25941,Neutral,0.5339228763226679,0.026223271521692675,0.43985385215563944
25942,LOF,0.004976540270323348,0.04324701631261397,0.9517764434170626
25943,LOF,0.030552520616498192,0.13869302845714043,0.8307544509263614
25944,LOF,0.10800605185863002,0.06976072779507828,0.8222332203462918
25945,LOF,0.05728042441285996,0.018850472692534394,0.9238691028946057
25946,LOF,0.06988836266032973,0.053619802803584686,0.8764918345360856
25947,Neutral,0.5071065916373495,0.0812661075116239,0.41162730085102656
25948,LOF,0.3256605711590339,0.011165058985331239,0.6631743698556349
25949,LOF,0.09123203624711365,0.06288328136499849,0.8458846823878879
25950,GOF,0.052737259840038866,0.5608440984078762,0.38641864175208485
25951,LOF,0.01606129865299102,0.382131604462797,0.6018070968842121
25952,LOF,0.295090682826988,0.23457487215602313,0.4703344450169889
25953,LOF,0.012744887059223902,0.1714443155634914,0.8158107973772846
25954,LOF,0.05052694281648996,0.40518548534967974,0.5442875718338303
25955,LOF,0.011017840298675302,0.13753863794310142,0.8514435217582234
25956,LOF,0.02282721588455347,0.3177928022644713,0.6593799818509753
25957,LOF,0.20397382022263486,0.034167574190067496,0.7618586055872977
25958,LOF,0.05145038353302865,0.03141052776634269,0.9171390887006288
25959,GOF,0.012757604915087173,0.5111259850425709,0.47611641004234184
25960,LOF,0.0062138342512647994,0.05684947285699765,0.9369366928917376
25961,LOF,0.051125989324357045,0.029219082884159798,0.9196549277914833
25962,LOF,0.03349896148006933,0.0911925383716853,0.8753085001482455
25963,LOF,0.00550428595282228,0.25482034657032465,0.739675367476853
25964,LOF,0.02852456373932945,0.10926273779886911,0.8622126984618014
25965,LOF,0.31065343380407184,0.15101289391754688,0.5383336722783812
25966,Neutral,0.44533742070124177,0.1742378035170824,0.3804247757816757
25967,LOF,0.00654108759180415,0.08306601802970383,0.9103928943784919
25968,LOF,0.043802087836405414,0.2813419131757365,0.6748559989878581
25969,LOF,0.12543786000958693,0.08317050408224014,0.791391635908173
25970,LOF,0.019358883456230727,0.09576176614093838,0.8848793504028309
25971,LOF,0.06794891414246773,0.02594353340140474,0.9061075524561276
25972,LOF,0.05903260591694387,0.03750994444174287,0.9034574496413134
25973,LOF,0.05502903308918499,0.012812877419723073,0.9321580894910919
25974,LOF,0.04311462371947819,0.043056605858276566,0.9138287704222452
25975,LOF,0.04153334482202288,0.02828861260764956,0.9301780425703275
25976,LOF,0.11261366090628265,0.013807237240664802,0.8735791018530527
25977,LOF,0.20512462037194734,0.0595869726637861,0.7352884069642667
25978,LOF,0.13567365089089903,0.12815648499999432,0.7361698641091067
25979,LOF,0.12379927166391703,0.12953539102605524,0.7466653373100276
25980,LOF,0.22918366523484204,0.15176069689862595,0.6190556378665321
25981,LOF,0.22987463803991956,0.15282476836623654,0.6173005935938439
25982,LOF,0.38648909168403833,0.09751153805055507,0.5159993702654067
25983,LOF,0.3854868715602693,0.11373596014967483,0.5007771682900559
25984,LOF,0.03370868659865665,0.0736510932682168,0.8926402201331266
25985,LOF,0.3923838061361148,0.13072545582980066,0.47689073803408455
25986,LOF,0.01076847072999792,0.4454086103198507,0.5438229189501513
25987,LOF,0.03690633670606505,0.12416032346819972,0.8389333398257353
25988,LOF,0.12774159526923695,0.1357195051614157,0.7365388995693473
25989,LOF,0.04318380664848327,0.1760839429139125,0.7807322504376042
25990,LOF,0.04079893533150111,0.24684126987148194,0.7123597947970169
25991,LOF,0.021485410222846803,0.36089662751600726,0.6176179622611458
25992,LOF,0.026990946101486207,0.3510700007202568,0.621939053178257
25993,LOF,0.02192437948786399,0.08047533652416597,0.8976002839879701
25994,LOF,0.0166922591893382,0.07597487162901162,0.9073328691816502
25995,LOF,0.017933711765409463,0.15567636225318804,0.8263899259814025
25996,LOF,0.2987240948585309,0.28387360964005065,0.4174022955014185
25997,LOF,0.08874145250335085,0.30603095613010084,0.6052275913665484
25998,LOF,0.29444868507438726,0.057414914084257904,0.6481364008413548
25999,LOF,0.019129830912439298,0.24104384245681623,0.7398263266307445
26000,LOF,0.15836662415672012,0.03132209740831029,0.8103112784349695
26001,LOF,0.3013959474897603,0.02424545882410169,0.674358593686138
26002,LOF,0.07398739701010498,0.04742275958651082,0.8785898434033842
26003,GOF,0.0039465418035739665,0.6485406985607146,0.34751275963571154
26004,GOF,0.006408900081615752,0.7508734041919628,0.2427176957264213
26005,GOF,0.0029920868634563933,0.5280966576227153,0.4689112555138284
26006,GOF,0.07668215030178127,0.6508459548510701,0.2724718948471487
26007,GOF,0.005862087028034569,0.6029136094563605,0.39122430351560494
26008,GOF,0.00569989434231734,0.6929200324854473,0.3013800731722354
26009,GOF,0.0060503759094194835,0.6829000065503118,0.3110496175402688
26010,GOF,0.006499363291683869,0.6969058931507932,0.2965947435575229
26011,GOF,0.002604728069068513,0.5035684637571232,0.4938268081738083
26012,GOF,0.003694775146562467,0.585278077635734,0.41102714721770345
26013,GOF,0.004682380914138163,0.6349821103206454,0.3603355087652163
26014,LOF,0.04148151123785575,0.09532235138644013,0.863196137375704
26015,LOF,0.13371260454179426,0.020272842288413404,0.8460145531697923
26016,LOF,0.25594079018715243,0.040157962367983885,0.7039012474448637
26017,LOF,0.021916187721623306,0.18708088758565783,0.7910029246927189
26018,LOF,0.0527327349717117,0.03885926741623589,0.9084079976120524
26019,LOF,0.05231025388912351,0.03331597640318984,0.9143737697076867
26020,LOF,0.00869737640896405,0.19875943416782293,0.792543189423213
26021,LOF,0.07122087605897166,0.07208487017853484,0.8566942537624934
26022,LOF,0.02954508267843091,0.026705148051344343,0.9437497692702248
26023,LOF,0.04152996541567973,0.023612530845284696,0.9348575037390355
26024,LOF,0.0452903293523606,0.06993018207757519,0.8847794885700642
26025,LOF,0.05352463321653447,0.07381836191656525,0.8726570048669002
26026,LOF,0.10332058218998495,0.05093535021315618,0.8457440675968588
26027,LOF,0.04511713830711614,0.019028566767076528,0.9358542949258073
26028,LOF,0.08146031138560315,0.1415680143231364,0.7769716742912606
26029,LOF,0.030106694652064357,0.20378412416812305,0.7661091811798125
26030,LOF,0.15686974667235376,0.03141780816087145,0.8117124451667748
26031,LOF,0.01537868329210614,0.15824679612574316,0.8263745205821507
26032,LOF,0.0636259135199137,0.08305456337050113,0.8533195231095853
26033,LOF,0.07679128923609237,0.07236219620477526,0.8508465145591323
26034,LOF,0.014166587888196181,0.18289712217784065,0.8029362899339632
26035,LOF,0.013140892001808506,0.13114097758751184,0.8557181304106796
26036,LOF,0.014424994263926827,0.1668006802923984,0.8187743254436749
26037,LOF,0.01167462526531061,0.11159944484573775,0.8767259298889516
26038,LOF,0.053528846288204104,0.0736290048495894,0.8728421488622066
26039,LOF,0.0242187034871703,0.16209058710029348,0.8136907094125362
26040,LOF,0.10419426628974211,0.14924298401166555,0.7465627496985924
26041,LOF,0.013685904052681183,0.10083474734882063,0.8854793485984982
26042,LOF,0.012546633528267848,0.1015636958182259,0.8858896706535062
26043,LOF,0.05271330984866424,0.0934832295554159,0.8538034605959198
26044,LOF,0.01178737912917321,0.06797299466981016,0.9202396262010166
26045,LOF,0.05115925861012257,0.11616063190419808,0.8326801094856794
26046,LOF,0.04749906880470413,0.07423592450116644,0.8782650066941294
26047,LOF,0.08128608581609989,0.07040335068019785,0.8483105635037023
26048,LOF,0.04723546488640141,0.04534566653672864,0.9074188685768699
26049,Neutral,0.9624792235310772,0.0069730922396791075,0.03054768422924365
26050,Neutral,0.9490299445641717,0.007519631430431434,0.04345042400539686
26051,LOF,0.01402744614122316,0.16214359560627553,0.8238289582525015
26052,LOF,0.02087827364428876,0.2042125373388613,0.7749091890168499
26053,LOF,0.020786775239018982,0.13225588005374955,0.8469573447072316
26054,LOF,0.049261602003183615,0.02186975764701981,0.9288686403497965
26055,LOF,0.0572512653623687,0.021958984601415543,0.9207897500362158
26056,LOF,0.05065320484391495,0.02677462547606349,0.9225721696800214
26057,LOF,0.03070916943886619,0.015248003729687959,0.9540428268314458
26058,LOF,0.031918131933510396,0.013023695525281303,0.9550581725412082
26059,LOF,0.3181931065180489,0.02557340854265269,0.6562334849392983
26060,LOF,0.010779057769358382,0.19133407644123854,0.7978868657894032
26061,LOF,0.005232868286034238,0.01611811907068374,0.978649012643282
26062,LOF,0.004016711337018364,0.02353469707451837,0.9724485915884634
26063,LOF,0.02166079837232962,0.013757902425023763,0.9645812992026467
26064,LOF,0.006424000612847439,0.029319484902706958,0.9642565144844456
26065,LOF,0.024566623409024147,0.013812530288448787,0.961620846302527
26066,LOF,0.023697492073748678,0.013310076974234282,0.962992430952017
26067,LOF,0.028023199031370218,0.01115952048251463,0.9608172804861153
26068,LOF,0.04162460687894447,0.04566107859100957,0.9127143145300459
26069,LOF,0.3115462574532544,0.0294358245231873,0.6590179180235582
26070,LOF,0.4614002277670057,0.02079485578772269,0.5178049164452716
26071,LOF,0.02302867626855564,0.013033735416907364,0.9639375883145369
26072,LOF,0.005607176524062938,0.02744793554186502,0.9669448879340721
26073,LOF,0.020848047838449155,0.017067747142721384,0.9620842050188295
26074,Neutral,0.925682726884736,0.008053930892614164,0.06626334222264986
26075,LOF,0.042903503612636965,0.02027958053489928,0.9368169158524638
26076,LOF,0.03395130405876299,0.012550796478527297,0.9534978994627097
26077,LOF,0.11409024092024012,0.010183244242374058,0.8757265148373858
26078,LOF,0.005535488340975544,0.017731082418752164,0.9767334292402724
26079,LOF,0.05501223395012509,0.023159354079364796,0.92182841197051
26080,LOF,0.052006446074584524,0.023229441881239876,0.9247641120441755
26081,LOF,0.028729622569003868,0.009481202060104376,0.9617891753708917
26082,LOF,0.004515297480327038,0.020620450528661564,0.9748642519910113
26083,LOF,0.11100236651449025,0.02264120712776279,0.8663564263577469
26084,LOF,0.04046570889506859,0.016427053808592804,0.9431072372963385
26085,LOF,0.03552927828037052,0.01459366510828966,0.9498770566113399
26086,LOF,0.022708455323634007,0.013696340894914436,0.9635952037814516
26087,LOF,0.02141103199989432,0.011739564652618195,0.9668494033474876
26088,LOF,0.005741117129477972,0.024563901353805134,0.9696949815167168
26089,LOF,0.03752518066602027,0.028616296305785705,0.9338585230281939
26090,LOF,0.037551873685597245,0.02274315044794827,0.9397049758664545
26091,LOF,0.027981546808021153,0.008436216727600622,0.9635822364643783
26092,LOF,0.022790451668025888,0.009865590543613217,0.9673439577883609
26093,LOF,0.039353142671270956,0.007818150429104886,0.9528287068996242
26094,LOF,0.03147883821426088,0.007508157308805775,0.9610130044769333
26095,LOF,0.02042350057344973,0.02243210203372948,0.9571443973928209
26096,LOF,0.17266398161521432,0.008316598733720638,0.819019419651065
26097,LOF,0.004804030898623699,0.0432346237849426,0.9519613453164337
26098,LOF,0.07642341904666525,0.02181726368777644,0.9017593172655582
26099,LOF,0.021629100399736364,0.01705911850998914,0.9613117810902745
26100,LOF,0.021629100399736364,0.01705911850998914,0.9613117810902745
26101,LOF,0.05220767933237341,0.0258247259473521,0.9219675947202746
26102,LOF,0.021141393092716367,0.018155686811144243,0.9607029200961393
26103,Neutral,0.8367790294847084,0.027482033371787347,0.13573893714350427
26104,LOF,0.06340078494069973,0.029962588218996156,0.9066366268403041
26105,LOF,0.22760840891059225,0.17937055871354818,0.5930210323758596
26106,LOF,0.35363038300620164,0.14000142526995343,0.506368191723845
26107,LOF,0.01962270045693141,0.12144179769382903,0.8589355018492396
26108,LOF,0.3403454417327831,0.045705916803593614,0.6139486414636233
26109,LOF,0.031307969563767774,0.06396931169570871,0.9047227187405236
26110,LOF,0.20330339290491178,0.007441229272333395,0.7892553778227549
26111,LOF,0.06641689015302045,0.08676751929052058,0.846815590556459
26112,LOF,0.0360111812459136,0.008086414376738087,0.9559024043773483
26113,LOF,0.0615163086719733,0.01809940341565671,0.92038428791237
26114,LOF,0.07556250788890734,0.011842829812175628,0.912594662298917
26115,LOF,0.015855326314340387,0.0758814175720272,0.9082632561136326
26116,LOF,0.10336888275153351,0.04995249077896083,0.8466786264695056
26117,LOF,0.3967977089756952,0.03583895599424625,0.5673633350300586
26118,LOF,0.032878675160807495,0.01734877893917472,0.9497725459000178
26119,LOF,0.004725745281297729,0.041354469188287404,0.9539197855304148
26120,LOF,0.02710220930999486,0.01603356935856234,0.9568642213314428
26121,LOF,0.004199866641922118,0.13421862158101083,0.861581511777067
