feature0,prediction,LoGoFunc_Neutral,LoGoFunc_GOF,LoGoFunc_LOF
25546,Neutral,0.7233032592998089,0.035890781583434395,0.24080595911675667
25547,Neutral,0.5673298068784098,0.07504908033411678,0.3576211127874733
25548,Neutral,0.5736152659929762,0.05422878122623812,0.37215595278078567
25549,Neutral,0.4937735935271885,0.05448230599180283,0.45174410048100855
25550,LOF,0.3581004396610742,0.10097101816179246,0.5409285421771334
25551,LOF,0.30492336725099245,0.11092084664658047,0.584155786102427
25552,LOF,0.22235312483804398,0.10178039515915827,0.6758664800027978
25553,Neutral,0.8281312513475249,0.029748538405375245,0.14212021024709998
25554,LOF,0.25103286850933426,0.09740167044621033,0.6515654610444553
25555,LOF,0.20779021031582395,0.08449595520704146,0.7077138344771345
25556,LOF,0.4088969566609068,0.08629535409168461,0.5048076892474086
25557,LOF,0.20261488324848434,0.08775328869472956,0.7096318280567862
25558,LOF,0.23825260819840016,0.09757853369755552,0.6641688581040442
25559,LOF,0.3937905393149354,0.15923929330632644,0.44697016737873807
25560,LOF,0.047862863235545505,0.17077594870449903,0.7813611880599555
25561,LOF,0.10246051269506887,0.18922178846538693,0.7083176988395442
25562,LOF,0.10231248202872022,0.069748414490315,0.8279391034809649
25563,LOF,0.089374913406223,0.07972173940180041,0.8309033471919767
25564,LOF,0.20665373100379497,0.14820240823400815,0.6451438607621969
25565,LOF,0.16778945815351262,0.12961981990499918,0.7025907219414882
25566,GOF,0.017532981242771715,0.746631538011843,0.2358354807453852
25567,LOF,0.012609215991482316,0.15207670288029906,0.8353140811282186
25568,LOF,0.047870125647666975,0.0770572219158339,0.8750726524364992
25569,LOF,0.05746170647961708,0.07078283502060531,0.8717554584997776
25570,LOF,0.060911853908745275,0.11568640985934439,0.8234017362319104
25571,LOF,0.056398268187972375,0.10669910304401282,0.8369026287680148
25572,LOF,0.06268882497818795,0.1363577767853628,0.8009533982364493
25573,LOF,0.02367616207202215,0.09907628397192772,0.8772475539560501
25574,LOF,0.014524805599356134,0.1580556202946358,0.8274195741060081
25575,LOF,0.04548379865796089,0.12218679182470928,0.8323294095173298
25576,LOF,0.016611330316994567,0.12176046077242614,0.8616282089105792
25577,LOF,0.013062724210798755,0.13903412338995963,0.8479031523992415
25578,LOF,0.2424997857604188,0.09749373235165705,0.6600064818879241
25579,LOF,0.24353490516328388,0.09661231903994279,0.6598527757967734
25580,LOF,0.030235909242839663,0.08790243131920099,0.8818616594379594
25581,LOF,0.05037095245604743,0.07251116171920603,0.8771178858247465
25582,LOF,0.05009936393801515,0.07031684357800955,0.8795837924839752
25583,LOF,0.041632899755309025,0.10041724308926832,0.8579498571554227
25584,Neutral,0.4788535949868671,0.1041057759172992,0.4170406290958337
25585,LOF,0.030803868078137533,0.10685863875030446,0.8623374931715581
25586,LOF,0.03029944140099635,0.08655239436240475,0.8831481642365989
25587,LOF,0.02945947022711521,0.08059358285740797,0.8899469469154769
25588,LOF,0.03037979027564754,0.10326983127447308,0.8663503784498793
25589,Neutral,0.6015193478656526,0.13139437379617203,0.26708627833817533
25590,LOF,0.02753967986344273,0.1384339686327045,0.8340263515038526
25591,LOF,0.11071163785832082,0.06266127555326868,0.8266270865884104
25592,LOF,0.08534117430995444,0.15053875206640716,0.7641200736236384
25593,LOF,0.019586636951390124,0.2588601777068937,0.7215531853417162
25594,LOF,0.04120549505404469,0.21521168545961775,0.7435828194863375
25595,LOF,0.045925697373840814,0.15801140445724618,0.796062898168913
25596,LOF,0.05767863907819128,0.08297484966310902,0.8593465112586998
25597,LOF,0.046116517891988534,0.09919954227921333,0.8546839398287982
25598,LOF,0.04650855160641962,0.14982652549094383,0.8036649229026365
25599,GOF,0.009284924244769377,0.7556736466951922,0.23504142906003844
25600,GOF,0.015051941368509798,0.5316800133188403,0.4532680453126498
25601,LOF,0.00758299353005996,0.46186693299135356,0.5305500734785864
25602,LOF,0.0239248697000112,0.052879790477054,0.9231953398229348
25603,LOF,0.053158595302557676,0.03991263969166329,0.906928765005779
25604,LOF,0.05695767065154714,0.04346950488467208,0.8995728244637807
25605,LOF,0.013285128252516848,0.2557622665041546,0.7309526052433285
25606,LOF,0.09363240954501419,0.429261862504185,0.4771057279508007
25607,LOF,0.005369048762447185,0.18494101522508472,0.8096899360124681
25608,LOF,0.053906401987015524,0.05967286365146128,0.8864207343615231
25609,LOF,0.0359799605740442,0.4138003184885501,0.5502197209374057
25610,LOF,0.03947371386086874,0.030312646735043254,0.9302136394040881
25611,LOF,0.04168214397372355,0.028559339315138283,0.9297585167111382
25612,LOF,0.10588142540300521,0.03855395975081169,0.8555646148461831
25613,LOF,0.08505357471267941,0.03906293302255644,0.8758834922647643
25614,LOF,0.02997229985167265,0.03980564322630265,0.9302220569220248
25615,LOF,0.05709661933143653,0.0352309894098265,0.9076723912587369
25616,LOF,0.030890158488941194,0.037256264237807195,0.9318535772732517
25617,LOF,0.029581067137184395,0.041972862189696654,0.9284460706731188
25618,LOF,0.17378183984942652,0.03614007122479984,0.7900780889257736
25619,LOF,0.028708719195562626,0.033969492135433814,0.9373217886690036
25620,LOF,0.03169570690486222,0.046976452540520804,0.921327840554617
25621,LOF,0.033051315936568126,0.033534748224233406,0.9334139358391985
25622,LOF,0.03738312818206321,0.0382809602158683,0.9243359116020685
25623,LOF,0.07667664282159013,0.03098160802615897,0.892341749152251
25624,LOF,0.026825567718862485,0.04698694065707505,0.9261874916240624
25625,LOF,0.03882179015451078,0.047509283756555276,0.9136689260889339
25626,LOF,0.08575111647402353,0.03450601386571361,0.8797428696602628
25627,Neutral,0.5626797652141412,0.1443961539825698,0.2929240808032889
25628,LOF,0.18859830364453511,0.07844381262498815,0.7329578837304768
25629,LOF,0.07036012086087422,0.10822506416186524,0.8214148149772605
25630,LOF,0.17316265399735828,0.13227212371038405,0.6945652222922577
25631,Neutral,0.5881605858009678,0.11195569928100822,0.29988371491802396
25632,LOF,0.021233116439242146,0.05925000861643022,0.9195168749443277
25633,LOF,0.22683146217354097,0.07396199287252357,0.6992065449539354
25634,LOF,0.03140218305747012,0.10361255324745311,0.8649852636950768
25635,LOF,0.033459941579237214,0.08260475737287837,0.8839353010478844
25636,GOF,0.005947658781794036,0.5845299661780268,0.4095223750401791
25637,GOF,0.0046653547247109935,0.5145625159339134,0.4807721293413756
25638,LOF,0.0103301073281554,0.44123192848648046,0.5484379641853641
25639,LOF,0.005071751943729437,0.4332301621652575,0.561698085891013
25640,GOF,0.4554211596797361,0.48878285255432985,0.05579598776593411
25641,LOF,0.0063956329841019215,0.33460421426128484,0.6590001527546132
25642,LOF,0.22012132155391836,0.08505411021146737,0.6948245682346142
25643,LOF,0.2129438159998237,0.21438878510418988,0.5726673988959864
25644,GOF,0.020651735300094228,0.5686857848887779,0.4106624798111279
25645,GOF,0.01946996712212234,0.5159710818309655,0.4645589510469121
25646,LOF,0.020567529837762125,0.32327042682526685,0.656162043336971
25647,LOF,0.018898221665811257,0.24126635135440563,0.7398354269797831
25648,LOF,0.01588323197606759,0.24871166633905228,0.73540510168488
25649,LOF,0.013922760881749088,0.2123131373690981,0.7737641017491528
25650,GOF,0.03586664686845265,0.5508006992773194,0.41333265385422785
25651,LOF,0.01078026987877374,0.2426331180300424,0.7465866120911838
25652,LOF,0.018557571664967763,0.26014415887010406,0.7212982694649281
25653,LOF,0.0851085199528148,0.40379774913957167,0.5110937309076136
25654,LOF,0.01523980920161524,0.2108952010246808,0.773864989773704
25655,LOF,0.11663493236070431,0.3094084035288678,0.573956664110428
25656,LOF,0.05617413330864442,0.054339807477193566,0.8894860592141621
25657,LOF,0.26566145483229686,0.023497820769978885,0.7108407243977243
25658,LOF,0.04106772300949665,0.07095257233611134,0.887979704654392
25659,LOF,0.2704801896010618,0.04099831809502272,0.6885214923039155
25660,LOF,0.07920906451762737,0.10080671929645185,0.8199842161859209
25661,LOF,0.05037797345682972,0.06810050787674755,0.8815215186664227
25662,LOF,0.028767292601400016,0.04496441870534763,0.9262682886932523
25663,LOF,0.03643130988568094,0.06874090944666346,0.8948277806676556
25664,LOF,0.0390872685407287,0.08313754890141914,0.8777751825578523
25665,LOF,0.05327920544134473,0.05153149401396849,0.8951893005446868
25666,LOF,0.03937683744972195,0.14017985381068676,0.8204433087395913
25667,LOF,0.02909285304514348,0.055615155005529604,0.9152919919493269
25668,LOF,0.03499511417822127,0.06285297920202468,0.9021519066197542
25669,LOF,0.03949836948059901,0.09808987863006241,0.8624117518893385
25670,LOF,0.137739731898268,0.06981293079885112,0.7924473373028809
25671,LOF,0.03675386230036637,0.047865849108148076,0.9153802885914855
25672,LOF,0.05233893925292871,0.07262219498759441,0.8750388657594769
25673,LOF,0.04250818369465458,0.061689829834307215,0.8958019864710381
25674,LOF,0.032855587600347416,0.07259792154863105,0.8945464908510214
25675,LOF,0.04100863255625146,0.05249167418464867,0.9064996932591
25676,LOF,0.03136768807805613,0.06015089854143096,0.908481413380513
25677,LOF,0.06120197301800266,0.06558728697299548,0.8732107400090019
25678,LOF,0.26121629507938715,0.04858801856365575,0.6901956863569572
25679,LOF,0.1685022118598296,0.06751509138094262,0.7639826967592279
25680,LOF,0.06372624401846251,0.09215321257383544,0.8441205434077022
25681,LOF,0.11027594733561243,0.08436209383365353,0.8053619588307341
25682,LOF,0.04545892535759832,0.07345209994254455,0.8810889746998571
25683,LOF,0.07552879010167836,0.09220395784492316,0.8322672520533985
25684,LOF,0.05504395695186407,0.06883051699044528,0.8761255260576906
25685,LOF,0.12432793712840652,0.03010575212014178,0.8455663107514517
25686,LOF,0.029477438135043187,0.07703095203624495,0.8934916098287118
25687,LOF,0.05828338462446245,0.0685850152334669,0.8731316001420706
25688,LOF,0.025114108591636753,0.1273997146258596,0.8474861767825037
25689,LOF,0.019276228573310364,0.07776714865011894,0.9029566227765706
25690,LOF,0.016333834917072045,0.10873696080638492,0.8749292042765431
25691,LOF,0.19144341427172393,0.16565517217184164,0.6429014135564344
25692,LOF,0.2619530203782752,0.020604602956727246,0.7174423766649974
25693,LOF,0.05163090440800729,0.1565590809786397,0.791810014613353
25694,LOF,0.2732127002489125,0.010597440131537635,0.7161898596195498
25695,LOF,0.18694320993974362,0.016218228573573943,0.7968385614866824
25696,LOF,0.15974516419021934,0.009236979516852291,0.8310178562929283
25697,LOF,0.12972326049178942,0.0270663340157348,0.8432104054924757
25698,LOF,0.02968402886475667,0.31917627783009794,0.6511396933051454
25699,LOF,0.07905646123484011,0.08895574688818006,0.8319877918769798
25700,LOF,0.028177711160736224,0.012883343414188207,0.9589389454250755
25701,LOF,0.011410238939107356,0.08793885369660773,0.900650907364285
25702,GOF,0.02778510268816928,0.7155784144069356,0.25663648290489505
25703,LOF,0.021212328175252104,0.1928895901729796,0.7858980816517683
25704,LOF,0.09249688147527882,0.18000891104288297,0.7274942074818382
25705,LOF,0.06856674341443451,0.2996911955488725,0.6317420610366931
25706,GOF,0.03461215060675359,0.6173225469194847,0.3480653024737616
25707,GOF,0.028681025254559324,0.6281236299166322,0.3431953448288085
25708,GOF,0.006504299574026935,0.6174242879171833,0.3760714125087897
25709,LOF,0.01827169767367801,0.10948060944126414,0.8722476928850579
25710,LOF,0.00871880266812561,0.21803049580775385,0.7732507015241205
25711,LOF,0.02013992248390893,0.17326683902425197,0.8065932384918392
25712,LOF,0.008769384849481044,0.2790783044219826,0.7121523107285364
25713,LOF,0.018494591454567857,0.15286113116836006,0.8286442773770721
25714,LOF,0.020261173460565655,0.20259171442523477,0.7771471121141995
25715,LOF,0.019033264947455084,0.1848589013517482,0.7961078337007967
25716,LOF,0.0142027561355914,0.14690039422268988,0.8388968496417187
25717,LOF,0.006553639473819012,0.14828694725879613,0.845159413267385
25718,LOF,0.01925245341450599,0.1135076436825777,0.8672399029029162
25719,LOF,0.03496874463856295,0.13640693388382225,0.8286243214776149
25720,LOF,0.026977511762004237,0.1260753727303115,0.8469471155076843
25721,LOF,0.021996087957704483,0.14104169855849727,0.8369622134837983
25722,LOF,0.014815027170000597,0.1950240649020887,0.7901609079279107
25723,LOF,0.021996870540737675,0.1216925898500892,0.8563105396091731
25724,LOF,0.023992394021549623,0.2029245201216524,0.773083085856798
25725,LOF,0.020538790052888316,0.1101445446394655,0.8693166653076462
25726,LOF,0.015153957716748314,0.1579527308853595,0.8268933113978922
25727,LOF,0.02124958847260651,0.14556087112419974,0.8331895404031938
25728,LOF,0.020250748846866937,0.15332225557106258,0.8264269955820704
25729,LOF,0.019175284995694077,0.16715279241382827,0.8136719225904776
25730,LOF,0.022339900062885224,0.12059033999568668,0.8570697599414282
25731,LOF,0.011764755362653354,0.21679203753986945,0.7714432070974772
25732,LOF,0.019164232048967167,0.14434088020225358,0.8364948877487792
25733,LOF,0.026991586986355304,0.1358958898763359,0.8371125231373088
25734,LOF,0.007118570783236117,0.2597742625207821,0.7331071666959817
25735,LOF,0.020470950118794136,0.11174358306097532,0.8677854668202305
25736,LOF,0.018757506495377104,0.166776247010355,0.8144662464942679
25737,LOF,0.03878871267581903,0.15797343028831806,0.8032378570358628
25738,LOF,0.019568382623279583,0.2095894553871145,0.7708421619896059
25739,LOF,0.021868112535303748,0.19363012403357865,0.7845017634311175
25740,LOF,0.04993916363456009,0.1991008160083648,0.7509600203570751
25741,LOF,0.02916803938306673,0.16220993634397962,0.8086220242729537
25742,LOF,0.047882652224153374,0.16770515437816325,0.7844121933976834
25743,LOF,0.012968503013827714,0.030578681438585026,0.9564528155475872
25744,LOF,0.1750261790419006,0.3130063394545223,0.5119674815035772
25745,LOF,0.03648657724914448,0.11825704458013828,0.8452563781707172
25746,LOF,0.015199292551208443,0.1741862679756771,0.8106144394731145
25747,LOF,0.03243043013502183,0.03135975028292835,0.9362098195820499
25748,LOF,0.26984559996755086,0.05963358053036267,0.6705208195020864
25749,LOF,0.013357671763073219,0.09686998390761364,0.8897723443293131
25750,LOF,0.01850271633099717,0.0996159613952539,0.8818813222737489
25751,LOF,0.04675448168866628,0.05441492803517985,0.898830590276154
25752,GOF,0.09446841852150824,0.6994864344927223,0.20604514698576942
25753,LOF,0.0072340223074782006,0.3621425433386245,0.6306234343538972
25754,GOF,0.006874462371389254,0.8503643331901115,0.14276120443849916
25755,LOF,0.008310137299936298,0.39481410648307036,0.5968757562169934
25756,LOF,0.04901365736117379,0.40039848780393056,0.5505878548348957
25757,GOF,0.007921419521974964,0.8458390736610747,0.14623950681695025
25758,GOF,0.00921353141779923,0.8644640072791719,0.12632246130302882
25759,GOF,0.005775127838873376,0.5831003285056663,0.41112454365546036
25760,LOF,0.005974299391952496,0.2699800958955684,0.7240456047124791
25761,GOF,0.053038315304075656,0.8465162579853461,0.10044542671057809
25762,LOF,0.02818889999604329,0.3246169351485297,0.647194164855427
25763,LOF,0.0068249652523708505,0.2498357383263895,0.7433392964212396
25764,GOF,0.06922594822107113,0.6216655119555649,0.30910853982336395
25765,GOF,0.009298669743864387,0.8612897336083822,0.12941159664775334
25766,GOF,0.03716454262137709,0.823524493242182,0.1393109641364408
25767,GOF,0.013740035322854751,0.5548823943755401,0.4313775703016052
25768,LOF,0.041071788009896006,0.06200712891055474,0.8969210830795492
25769,LOF,0.025733328375684945,0.07834624726693956,0.8959204243573754
25770,LOF,0.17023496334916555,0.059323331367421836,0.7704417052834126
25771,LOF,0.016356109495462703,0.056120065930456556,0.9275238245740807
25772,LOF,0.02643307502547403,0.028272274276396718,0.9452946506981292
25773,LOF,0.01955355328847802,0.052105030825282346,0.9283414158862395
25774,LOF,0.029063544818292382,0.08909800615936916,0.8818384490223385
25775,LOF,0.02440843037070599,0.03367823638379784,0.9419133332454961
25776,LOF,0.027403323313551546,0.024545982392431713,0.9480506942940168
25777,LOF,0.23824744562379932,0.06481746992362272,0.6969350844525779
25778,LOF,0.019666511905089206,0.05754204722767184,0.922791440867239
25779,GOF,0.03284141851053622,0.8942811244284967,0.07287745706096718
25780,GOF,0.06371456944572465,0.8856839107939911,0.05060151976028428
25781,GOF,0.030601424718249375,0.8796244383569937,0.089774136924757
25782,GOF,0.027899212716779503,0.9104473132366426,0.061653474046577866
25783,GOF,0.029905071340474366,0.9217717269536588,0.048323201705866806
25784,GOF,0.08327115391171286,0.8729302375591204,0.04379860852916678
25785,GOF,0.08120124705432001,0.8783758221201053,0.04042293082557476
25786,GOF,0.008806846580087532,0.8834167869176879,0.10777636650222457
25787,GOF,0.17371990427453846,0.7808595533868657,0.04542054233859574
25788,LOF,0.015354269947465998,0.20933251008358691,0.7753132199689471
25789,GOF,0.01549179283858911,0.8763675995627471,0.10814060759866378
25790,GOF,0.019731694707132836,0.8910583219449838,0.08920998334788337
25791,GOF,0.01984410908995637,0.812019790770525,0.16813610013951855
25792,GOF,0.02351493444468223,0.8383476290658022,0.13813743648951557
25793,GOF,0.06226252824450705,0.855681356201797,0.08205611555369599
25794,GOF,0.05739364009678146,0.7966851326021153,0.14592122730110327
25795,GOF,0.04256685577827076,0.7751765920192454,0.18225655220248402
25796,GOF,0.07286098093756643,0.8402347582141791,0.08690426084825456
25797,GOF,0.06346588197700181,0.783646022488704,0.1528880955342942
25798,GOF,0.004956771479060676,0.7868706878177281,0.2081725407032114
25799,GOF,0.004155694627204709,0.7451598251819155,0.25068448019087997
25800,GOF,0.023629074987673346,0.8570017396921535,0.11936918532017322
25801,GOF,0.01691410392000859,0.9061859320183712,0.07689996406162025
25802,GOF,0.02527198327366145,0.839798270694161,0.13492974603217753
25803,GOF,0.018785393179320903,0.7378343654210365,0.24338024139964257
25804,GOF,0.026957807238887525,0.7949124722412073,0.1781297205199051
25805,GOF,0.02236767234832495,0.8139380732599413,0.1636942543917338
25806,GOF,0.023982137679867108,0.8085856865573312,0.16743217576280164
25807,GOF,0.009095508659171065,0.7855020993710825,0.20540239196974647
25808,GOF,0.014984747195168905,0.7990479430533735,0.18596730975145767
25809,GOF,0.010851784761727207,0.7891273830088097,0.20002083222946315
25810,GOF,0.00886288774244436,0.7785745333741156,0.2125625788834399
25811,GOF,0.042676893162046106,0.8870589284628086,0.0702641783751452
25812,GOF,0.030783227567769418,0.8299665277367129,0.13925024469551764
25813,GOF,0.11824183460042664,0.8154766317396738,0.06628153365989964
25814,GOF,0.029647041286367356,0.8341586874938686,0.13619427121976416
25815,GOF,0.05935817173009625,0.84850532479051,0.09213650347939366
25816,GOF,0.009631081766359503,0.8666515895111535,0.12371732872248693
25817,GOF,0.0868106989768711,0.8238660845036894,0.08932321651943952
25818,GOF,0.02365532048865838,0.8280878721507036,0.1482568073606381
25819,GOF,0.05284072595373796,0.778882310664937,0.16827696338132495
25820,GOF,0.03194171251863459,0.7505964096072996,0.21746187787406582
25821,GOF,0.02250139181185741,0.7784637635957834,0.19903484459235926
25822,GOF,0.04540636703128532,0.7682528757444136,0.18634075722430118
25823,GOF,0.02544812461553099,0.758027734867117,0.2165241405173519
25824,GOF,0.023825895573444954,0.8071642879211794,0.1690098165053756
25825,GOF,0.020032161431092658,0.8014549149093176,0.17851292365958968
25826,GOF,0.008110603971507051,0.7584830797641853,0.23340631626430772
25827,GOF,0.011350573757999447,0.7190104615490531,0.2696389646929474
25828,GOF,0.009109244088016872,0.7616253748254224,0.22926538108656064
25829,GOF,0.004251864213131324,0.7146030074780635,0.2811451283088052
25830,GOF,0.034294413188401755,0.5204199141370719,0.44528567267452634
25831,GOF,0.05158283548462697,0.8226255569690631,0.12579160754630997
25832,GOF,0.008798983881859264,0.7847873008322531,0.2064137152858875
25833,GOF,0.032107492848489266,0.834566264273616,0.13332624287789477
25834,GOF,0.010002476684028955,0.8006674924355025,0.18933003088046857
25835,GOF,0.02344511693451466,0.8616827680181189,0.1148721150473664
25836,GOF,0.006515083582939474,0.7991198204571099,0.1943650959599505
25837,GOF,0.00833687495359917,0.8135726225516651,0.17809050249473568
25838,GOF,0.020983885000590213,0.8592052637339567,0.11981085126545306
25839,GOF,0.043894619826736855,0.8329242938344855,0.12318108633877747
25840,GOF,0.06634611199481096,0.8300256901605635,0.10362819784462553
25841,GOF,0.06951384581771627,0.8425812014583641,0.08790495272391954
25842,GOF,0.02583619301162932,0.8953485993525269,0.07881520763584399
25843,GOF,0.023285267171874655,0.8949295737589807,0.08178515906914463
25844,GOF,0.01617778739512731,0.8622807290839097,0.12154148352096299
25845,GOF,0.006245067998945678,0.7933533913992219,0.20040154060183255
25846,GOF,0.06224039557835626,0.8477712036441752,0.08998840077746852
25847,GOF,0.01515470667708824,0.8974427595162344,0.08740253380667741
25848,GOF,0.02046823912256653,0.8639601119020941,0.11557164897533925
25849,GOF,0.006720346243180611,0.8505560902619664,0.14272356349485307
25850,GOF,0.006218847090799509,0.7774072052239857,0.2163739476852148
25851,GOF,0.005855050625151588,0.734054977006159,0.26008997236868936
25852,GOF,0.14362643177650058,0.5940285179199283,0.2623450503035712
25853,GOF,0.07110202784540273,0.8246892902830631,0.10420868187153408
25854,GOF,0.005821182594408395,0.7558409719258143,0.23833784547977732
25855,GOF,0.025619612984737555,0.7493409486671664,0.2250394383480959
25856,GOF,0.046345011020934544,0.802613000922776,0.15104198805628952
25857,GOF,0.026864923024002025,0.751448662457199,0.2216864145187989
25858,GOF,0.009601451690688718,0.7612191688653688,0.22917937944394245
25859,GOF,0.007330710624502568,0.749715563573901,0.24295372580159638
25860,GOF,0.07066798945994592,0.8194639634836425,0.10986804705641148
25861,GOF,0.08205782849885938,0.8256348809758304,0.0923072905253101
25862,GOF,0.021137437567241096,0.891584299371123,0.08727826306163593
25863,GOF,0.023000088841913388,0.8862627395143324,0.09073717164375425
25864,GOF,0.05895381870971617,0.8888907889718904,0.05215539231839361
25865,GOF,0.0458687193016637,0.8669535695798091,0.08717771111852725
25866,GOF,0.02657743002994786,0.8852902696772661,0.08813230029278599
25867,GOF,0.04216976580650096,0.8770018383293161,0.08082839586418303
25868,GOF,0.059176849794294946,0.8354453762919224,0.10537777391378288
25869,GOF,0.32953959423946905,0.5893949209199402,0.08106548484059074
25870,GOF,0.05694080743357254,0.625546789206099,0.3175124033603284
25871,GOF,0.0098223643126786,0.8772892841542766,0.1128883515330446
25872,GOF,0.018913254737762616,0.8694845061508215,0.11160223911141601
25873,GOF,0.01935203085742817,0.8961409339506862,0.0845070351918857
25874,LOF,0.014725569291732743,0.2439336440934333,0.741340786614834
25875,LOF,0.034170566759076516,0.0593651025605717,0.9064643306803518
25876,LOF,0.019522432615600778,0.04024494732418671,0.9402326200602126
25877,LOF,0.1268572095288084,0.0926110597064972,0.7805317307646944
25878,LOF,0.09349102133017842,0.1465180766722053,0.7599909019976162
25879,LOF,0.017211105134788244,0.09760347552989641,0.8851854193353154
25880,LOF,0.061905297192970894,0.017225579794145837,0.9208691230128833
25881,Neutral,0.5038181478601158,0.08494788762539542,0.41123396451448874
25882,LOF,0.05794720586682316,0.029228929859082813,0.912823864274094
25883,LOF,0.026036121519389808,0.03484639586591638,0.9391174826146939
25884,LOF,0.016452537839140635,0.06373680653699837,0.9198106556238609
25885,LOF,0.17509861100283544,0.013536186821096021,0.8113652021760684
25886,LOF,0.2705955603421367,0.0704914782760036,0.6589129613818597
25887,LOF,0.11331397230143017,0.10459579484910861,0.7820902328494612
25888,LOF,0.008834866939381677,0.14052348908283563,0.8506416439777827
25889,LOF,0.02287170572969122,0.04625357172306842,0.9308747225472404
25890,LOF,0.20476736862138742,0.07674328088644436,0.7184893504921682
25891,LOF,0.1341275586172085,0.028092749881448033,0.8377796915013435
25892,LOF,0.010681493785829317,0.032658961285513946,0.9566595449286567
25893,LOF,0.35905048503516285,0.009011862561848596,0.6319376524029886
25894,LOF,0.3889198909166591,0.006798601491416201,0.6042815075919248
25895,LOF,0.34702722793177393,0.01282657633135077,0.6401461957368753
25896,LOF,0.07162213533818203,0.024554435075449636,0.9038234295863683
25897,LOF,0.16245280496257836,0.009666739257738591,0.827880455779683
25898,LOF,0.1396292670800404,0.03578710263601677,0.8245836302839429
25899,LOF,0.42268645478604955,0.02780712499681073,0.5495064202171398
25900,Neutral,0.5211149398231265,0.008104886950107556,0.4707801732267661
25901,LOF,0.06511984875744017,0.010770671213136662,0.9241094800294232
25902,LOF,0.17838935638017114,0.011993487995720458,0.8096171556241084
25903,LOF,0.33528042837443506,0.02486108054599512,0.6398584910795698
25904,Neutral,0.5325489622788705,0.03570337584720702,0.43174766187392244
25905,LOF,0.006832561561328026,0.4394876459018997,0.5536797925367724
25906,LOF,0.008051836045606402,0.07438063283339438,0.9175675311209993
25907,LOF,0.00681316172990532,0.28458017581875933,0.7086066624513353
25908,LOF,0.00671741945437926,0.27278168174722317,0.7205008987983976
25909,LOF,0.029625441684869955,0.10684792858531215,0.863526629729818
25910,LOF,0.011905883907130262,0.1449701053107987,0.8431240107820711
25911,LOF,0.20757508817208123,0.0643503045703166,0.7280746072576022
25912,LOF,0.10595605510667744,0.040409478329710556,0.853634466563612
25913,LOF,0.025216428516993107,0.06596500822580562,0.9088185632572013
25914,LOF,0.0382661392846123,0.025200158796169037,0.9365337019192188
25915,LOF,0.20686456131343042,0.09611499980611782,0.6970204388804517
25916,LOF,0.027121692353623435,0.055155153755587105,0.9177231538907895
25917,LOF,0.07199744470819981,0.020726451441984015,0.9072761038498162
25918,LOF,0.04006338665630088,0.014074900289490388,0.9458617130542087
25919,LOF,0.03549877740974264,0.013068051169909107,0.9514331714203483
25920,LOF,0.35068929117773445,0.259418392269772,0.3898923165524936
25921,LOF,0.015742542147410943,0.037223868084978,0.9470335897676111
25922,LOF,0.018371738711157316,0.03819570145410516,0.9434325598347375
25923,LOF,0.43385731163432023,0.029748008067166886,0.5363946802985129
25924,LOF,0.025424920325331044,0.048674497279593776,0.9259005823950751
25925,LOF,0.09278982448526006,0.04117150579686244,0.8660386697178775
25926,LOF,0.07187962899226949,0.04097988653554624,0.8871404844721842
25927,LOF,0.022212035734436177,0.07871380762226379,0.8990741566433
25928,LOF,0.010756528636319897,0.05225735378794532,0.9369861175757348
25929,Neutral,0.5596389266787203,0.028538931784304965,0.41182214153697466
25930,LOF,0.0765778105952116,0.030014215288252395,0.893407974116536
25931,LOF,0.014053500412398603,0.036551549232794155,0.9493949503548073
25932,LOF,0.06500321049354989,0.03535834535883158,0.8996384441476186
25933,LOF,0.06290330417700757,0.019031549804359105,0.9180651460186334
25934,LOF,0.057643287950181234,0.019355117530637754,0.923001594519181
25935,LOF,0.08555220899804888,0.05187117232198603,0.862576618679965
25936,LOF,0.1046892623946853,0.020905492821551,0.8744052447837638
25937,LOF,0.018804857857816236,0.030272919411557634,0.9509222227306262
25938,LOF,0.08064003729532145,0.043779205717967506,0.875580756986711
25939,LOF,0.048513107137200175,0.027087193208562548,0.9243996996542373
25940,LOF,0.009140981225187793,0.474141462187377,0.5167175565874352
25941,LOF,0.4736340633834593,0.04812061878480827,0.47824531783173246
25942,LOF,0.010348129640002009,0.054299766095422516,0.9353521042645755
25943,LOF,0.04348571315791376,0.16313126530643376,0.7933830215356524
25944,LOF,0.039806776522805815,0.07225682925883467,0.8879363942183596
25945,LOF,0.12080962597134619,0.03147560815722002,0.8477147658714338
25946,LOF,0.06690054227779063,0.044667403284105615,0.8884320544381037
25947,Neutral,0.5090228243780659,0.08617642257416741,0.40480075304776664
25948,LOF,0.39925506356940066,0.01752493897216732,0.583219997458432
25949,LOF,0.17049712078797102,0.0670257541529555,0.7624771250590735
25950,GOF,0.08528204084909193,0.5167278167352489,0.397990142415659
25951,LOF,0.015251067199538856,0.4129951074496636,0.5717538253507974
25952,LOF,0.23410540119322795,0.21860848544264105,0.5472861133641309
25953,LOF,0.009303361032337025,0.23976851808774804,0.7509281208799149
25954,LOF,0.08369432206285621,0.3620313514943469,0.554274326442797
25955,LOF,0.008209075788557741,0.21909112842434394,0.7726997957870982
25956,LOF,0.01548062813085752,0.31159302111018483,0.6729263507589577
25957,LOF,0.16927268436900336,0.03589072138954507,0.7948365942414517
25958,LOF,0.0298269185236129,0.06521639371804527,0.9049566877583418
25959,GOF,0.00697473917450925,0.7810964421713308,0.21192881865416005
25960,LOF,0.004830023292646448,0.10592423143619076,0.8892457452711628
25961,LOF,0.026564717149459714,0.05048083068865341,0.9229544521618869
25962,LOF,0.04930512088040735,0.08293623951267617,0.8677586396069166
25963,LOF,0.006764032598194534,0.15782015325793425,0.8354158141438712
25964,LOF,0.026662004447777162,0.13982824035879635,0.8335097551934265
25965,LOF,0.27392983348271094,0.16223633837573737,0.5638338281415518
25966,LOF,0.36654275999611624,0.09226203750812312,0.5411952024957606
25967,LOF,0.007824086160595095,0.07099049690641171,0.9211854169329933
25968,LOF,0.04625419222373493,0.21165486322669377,0.7420909445495714
25969,LOF,0.18364880343981557,0.04584095601447615,0.7705102405457082
25970,LOF,0.06726923035332764,0.06586158520463677,0.8668691844420356
25971,LOF,0.08262298281273914,0.02901874809109579,0.8883582690961651
25972,LOF,0.0809266099024925,0.05902869860616547,0.860044691491342
25973,LOF,0.06367173325615308,0.010522860045328182,0.9258054066985189
25974,LOF,0.03825801421940077,0.04138671363221724,0.9203552721483821
25975,LOF,0.03974695502596304,0.02085795360085785,0.939395091373179
25976,LOF,0.08410722900588491,0.011551664751489898,0.9043411062426252
25977,LOF,0.25306528905583087,0.04722492296087783,0.6997097879832913
25978,LOF,0.1653470052436356,0.16056748289467243,0.6740855118616919
25979,LOF,0.13822526461274415,0.17913391360148861,0.6826408217857672
25980,LOF,0.2113924178519332,0.23994335695010763,0.5486642251979592
25981,LOF,0.21257853518712377,0.24168817022760594,0.5457332945852703
25982,LOF,0.42253118943923795,0.13130968109587313,0.446159129464889
25983,Neutral,0.44391212054899276,0.15752547925112292,0.3985624001998843
25984,LOF,0.04912200146794621,0.09558006106889494,0.8552979374631587
25985,Neutral,0.4891272566902678,0.11114747804735267,0.39972526526237945
25986,LOF,0.012004963879784957,0.478788310915839,0.5092067252043762
25987,LOF,0.04564901933962874,0.10118349690233973,0.8531674837580316
25988,LOF,0.045057448446952066,0.15799659779058114,0.7969459537624668
25989,LOF,0.05209634019168841,0.20514444860201173,0.7427592112062998
25990,LOF,0.04503930164204596,0.31510240455917576,0.6398582937987783
25991,LOF,0.025210329489230746,0.39738300490511064,0.5774066656056586
25992,LOF,0.01775715931737897,0.37781852338177374,0.6044243173008472
25993,LOF,0.02789114259744916,0.05538007204878685,0.9167287853537639
25994,LOF,0.02442008799504501,0.05741451978160457,0.9181653922233505
25995,LOF,0.019870245693560183,0.1109351964376864,0.8691945578687534
25996,Neutral,0.3915962548534134,0.35233804603054136,0.25606569911604526
25997,LOF,0.0659241069116334,0.4273035259975832,0.5067723670907834
25998,LOF,0.2667090433811582,0.03660540735431527,0.6966855492645265
25999,LOF,0.04113032463199313,0.11371746075069868,0.8451522146173082
26000,LOF,0.1501517484884966,0.012446592776446696,0.8374016587350567
26001,LOF,0.2544306080520234,0.01545748397865538,0.7301119079693212
26002,LOF,0.12850230333149565,0.02034992638984366,0.8511477702786606
26003,GOF,0.007301781581540487,0.5905101008169158,0.40218811760154377
26004,GOF,0.013149414753298836,0.5725342078383627,0.4143163774083384
26005,LOF,0.005120616377914959,0.4324431517062678,0.5624362319158173
26006,LOF,0.09105697004895887,0.44807741322768163,0.46086561672335946
26007,LOF,0.009575980669740056,0.4600727464563965,0.5303512728738634
26008,GOF,0.00581476520647499,0.5538290826404139,0.440356152153111
26009,GOF,0.011185344882492149,0.5932539853414225,0.39556066977608534
26010,GOF,0.008200315199298569,0.5092430775491625,0.48255660725153887
26011,LOF,0.004437220325858952,0.38349776691708015,0.612065012757061
26012,GOF,0.0049693635180796105,0.5314060193527301,0.4636246171291903
26013,GOF,0.009029843032463564,0.5192368758789604,0.47173328108857604
26014,LOF,0.06200169660939534,0.09370376845990913,0.8442945349306955
26015,LOF,0.40195762718755695,0.05236249773732976,0.5456798750751133
26016,LOF,0.27047620566834846,0.06316747778941025,0.6663563165422414
26017,LOF,0.011064305364276687,0.2412213782959943,0.7477143163397291
26018,LOF,0.023949242566917356,0.12213703183455528,0.8539137255985273
26019,LOF,0.023734149480026195,0.11339487206467047,0.8628709784553034
26020,LOF,0.007853888534177124,0.27245863887678634,0.7196874725890365
26021,LOF,0.07344276730368834,0.12003644782896013,0.8065207848673515
26022,LOF,0.035555680826532356,0.05710013178707104,0.9073441873863967
26023,LOF,0.01840070891999032,0.08718843794359764,0.894410853136412
26024,LOF,0.048879597888305155,0.09353549941560863,0.8575849026960862
26025,LOF,0.10129589510654899,0.10886165369906928,0.7898424511943817
26026,LOF,0.09415156127537788,0.07900030552888915,0.826848133195733
26027,LOF,0.024377445755404965,0.05311329801142724,0.9225092562331678
26028,LOF,0.08576666663363453,0.17313273298218823,0.7411006003841772
26029,LOF,0.027956819277112993,0.1525944084545014,0.8194487722683855
26030,LOF,0.1336389458951484,0.021938865904079785,0.8444221882007719
26031,LOF,0.0116959888863914,0.1277667324062813,0.8605372787073272
26032,LOF,0.03808578741864276,0.03763515689122181,0.9242790556901355
26033,LOF,0.03883285711882787,0.039241088133718564,0.9219260547474536
26034,LOF,0.01682961718655253,0.10481042139148895,0.8783599614219586
26035,LOF,0.013389886279930421,0.09398723980630111,0.8926228739137685
26036,LOF,0.012757569921963818,0.07900672174518333,0.9082357083328529
26037,LOF,0.012926748245034831,0.08592514641040085,0.9011481053445642
26038,LOF,0.031319399133991364,0.03284245567666234,0.9358381451893464
26039,LOF,0.03818195763403504,0.11505614158555198,0.846761900780413
26040,LOF,0.08423439290885389,0.11013455790417624,0.8056310491869698
26041,LOF,0.0162008292328778,0.0811372719334297,0.9026618988336924
26042,LOF,0.0139947759679983,0.08676327480820582,0.899241949223796
26043,LOF,0.03143842433408238,0.051107447092595785,0.9174541285733218
26044,LOF,0.010410241002437533,0.037308053261208944,0.9522817057363535
26045,LOF,0.08945460079152676,0.11245448132697061,0.7980909178815025
26046,LOF,0.02760902092721273,0.03768967250123596,0.9347013065715514
26047,LOF,0.05450730016594119,0.03717061538908631,0.9083220844449724
26048,LOF,0.08108188490979393,0.01676257276679147,0.9021555423234147
26049,Neutral,0.94227465513005,0.006127644316384445,0.05159770055356566
26050,Neutral,0.9059426958113218,0.006446690906271757,0.08761061328240646
26051,LOF,0.028524989246707093,0.06170453695193762,0.9097704738013552
26052,LOF,0.030452633723318218,0.05438451221086538,0.9151628540658163
26053,LOF,0.020750027195830325,0.14264555013445493,0.8366044226697148
26054,LOF,0.0479787893525931,0.03646988452819678,0.9155513261192101
26055,LOF,0.06951011455294406,0.03307162766714756,0.8974182577799084
26056,LOF,0.05757129480803693,0.04298324601138711,0.899445459180576
26057,LOF,0.05297679868152862,0.02146682437884236,0.925556376939629
26058,LOF,0.056855388605379746,0.016964568361042875,0.9261800430335774
26059,LOF,0.19565449987489925,0.03814276493331719,0.7662027351917836
26060,LOF,0.02047812095655631,0.1592223595592112,0.8202995194842324
26061,LOF,0.012337869757034834,0.013373887356451505,0.9742882428865137
26062,LOF,0.006440365478912687,0.01883502478506966,0.9747246097360177
26063,LOF,0.03964064118721195,0.016448716065901127,0.943910642746887
26064,LOF,0.01291527081165789,0.02332584551753849,0.9637588836708038
26065,LOF,0.04925559170231913,0.02186871958440205,0.9288756887132789
26066,LOF,0.036293437524425536,0.015719480961135655,0.9479870815144389
26067,LOF,0.04121517871745904,0.01604129645996079,0.9427435248225802
26068,LOF,0.05478607178686635,0.04982345111757332,0.8953904770955603
26069,LOF,0.2844230019286312,0.0334915886570905,0.6820854094142783
26070,Neutral,0.5316176855975147,0.023413901668802934,0.4449684127336824
26071,LOF,0.04144562489231495,0.01848887014723949,0.9400655049604456
26072,LOF,0.00823561449684104,0.024074179706034596,0.9676902057971244
26073,LOF,0.033963569688312815,0.020214402031873482,0.9458220282798137
26074,Neutral,0.8616864000248932,0.013496375328630485,0.12481722464647642
26075,LOF,0.056372192932764145,0.029373497690860725,0.9142543093763751
26076,LOF,0.047026017040610456,0.017112258396787906,0.9358617245626015
26077,LOF,0.14535622685920874,0.009515388954438935,0.8451283841863524
26078,LOF,0.007233282787416475,0.020367321019396912,0.9723993961931866
26079,LOF,0.06600687085293028,0.027699643943650234,0.9062934852034195
26080,LOF,0.06517435340560575,0.027808049559540055,0.9070175970348542
26081,LOF,0.031165183456931367,0.013734398467222377,0.9551004180758461
26082,LOF,0.005563561965039975,0.023323630238764735,0.9711128077961952
26083,LOF,0.1028285088630726,0.030032600208766996,0.8671388909281604
26084,LOF,0.09752598925163203,0.026588078342549795,0.8758859324058181
26085,LOF,0.08605577124406295,0.02121906479491215,0.8927251639610249
26086,LOF,0.03494433035476484,0.019174827991856665,0.9458808416533786
26087,LOF,0.033252105047973796,0.015369492599797268,0.951378402352229
26088,LOF,0.0071490060383357715,0.02959294875750536,0.9632580452041589
26089,LOF,0.043525852537239736,0.0456478769496627,0.9108262705130976
26090,LOF,0.043656232298741535,0.03572738278851611,0.9206163849127424
26091,LOF,0.02612804194612381,0.012213956223145628,0.9616580018307307
26092,LOF,0.044469966592430285,0.013166868316291649,0.942363165091278
26093,LOF,0.07975966614099843,0.008898294194070224,0.9113420396649313
26094,LOF,0.030178760762057884,0.011904703426059773,0.9579165358118824
26095,LOF,0.020981105448410257,0.021992819425084954,0.9570260751265048
26096,LOF,0.19415142850807515,0.006075535467514394,0.7997730360244104
26097,LOF,0.007477808096483233,0.048382883627650225,0.9441393082758666
26098,LOF,0.11955648522879166,0.023280730443756694,0.8571627843274516
26099,LOF,0.03760636613494566,0.030599589194366505,0.9317940446706879
26100,LOF,0.03756326561567629,0.03059797729927969,0.931838757085044
26101,LOF,0.055672340857004135,0.04633012654101654,0.8979975326019792
26102,LOF,0.030465226840036823,0.025746191297817928,0.9437885818621453
26103,Neutral,0.8834183208994241,0.03210058359566178,0.08448109550491403
26104,LOF,0.061495115624990465,0.04860169667351161,0.8899031877014978
26105,LOF,0.2761693191239391,0.11172527404861016,0.6121054068274506
26106,LOF,0.3106012993488808,0.05943863600173678,0.6299600646493825
26107,LOF,0.01839125837001053,0.07542367885862272,0.9061850627713667
26108,LOF,0.2593415989708067,0.03656141499808512,0.7040969860311083
26109,LOF,0.07840745476784484,0.03173867172781247,0.8898538735043426
26110,LOF,0.41978114031360303,0.0160002243615558,0.5642186353248413
26111,LOF,0.06057619097157092,0.13321726507207662,0.8062065439563524
26112,LOF,0.05051831533077536,0.014566528556140441,0.9349151561130842
26113,LOF,0.10342900282736066,0.03955838334232723,0.8570126138303121
26114,LOF,0.09743687924005237,0.0078591558840002,0.8947039648759475
26115,LOF,0.01608894448446117,0.050670828916563715,0.9332402265989751
26116,LOF,0.08146742450945274,0.02408554903757092,0.8944470264529764
26117,LOF,0.3380147723422196,0.0481158514783796,0.6138693761794007
26118,LOF,0.04875737305429097,0.021813467693995132,0.929429159251714
26119,LOF,0.005672145728435501,0.11060404982758461,0.8837238044439798
26120,LOF,0.03370499755415032,0.02062883432938344,0.9456661681164663
26121,LOF,0.0032796472964776876,0.16336203998470397,0.8333583127188183
