feature0,prediction,LoGoFunc_Neutral,LoGoFunc_GOF,LoGoFunc_LOF
25546,Neutral,0.6502891442638911,0.06774861427002593,0.28196224146608284
25547,Neutral,0.5702857880960595,0.11669806353184599,0.31301614837209457
25548,Neutral,0.5437511694164322,0.08412602449214106,0.37212280609142667
25549,Neutral,0.5063521787649773,0.08457554663899465,0.4090722745960281
25550,LOF,0.37973268262827703,0.15673287211252018,0.46353444525920273
25551,LOF,0.3123682903757692,0.14937267645187194,0.5382590331723589
25552,LOF,0.18566446885054083,0.15921750169180313,0.6551180294576561
25553,Neutral,0.8178098125159707,0.04135761789085512,0.14083256959317408
25554,LOF,0.2250832944213678,0.15794342056560806,0.6169732850130242
25555,LOF,0.183848241162462,0.14321198454644,0.6729397742910981
25556,Neutral,0.5340958692215337,0.10410201109540099,0.36180211968306514
25557,LOF,0.1797033744300481,0.14616979614824158,0.6741268294217103
25558,LOF,0.23194499932938936,0.1670467888627821,0.6010082118078285
25559,Neutral,0.49160021098035783,0.021250475491233177,0.487149313528409
25560,LOF,0.037131051778598094,0.23242826867922822,0.7304406795421737
25561,LOF,0.09101799753045305,0.2811073059739142,0.6278746964956328
25562,LOF,0.1152076039577396,0.08400950785372331,0.8007828881885372
25563,LOF,0.1152276957351881,0.10033869411978061,0.7844336101450312
25564,LOF,0.07729632064120373,0.1290841144458762,0.7936195649129201
25565,LOF,0.1257128387429432,0.25545349193580025,0.6188336693212565
25566,GOF,0.018618280385127153,0.6859621650065694,0.2954195546083034
25567,LOF,0.010430217982803,0.22014047654443303,0.7694293054727639
25568,LOF,0.043677379970654365,0.09994690053733526,0.8563757194920103
25569,LOF,0.06040834594061688,0.09885977157422711,0.840731882485156
25570,LOF,0.056010722563339096,0.1491449414327002,0.7948443360039605
25571,LOF,0.06489965115668142,0.14530705671100425,0.7897932921323143
25572,LOF,0.058646739309144706,0.15466271571160592,0.7866905449792494
25573,LOF,0.03218450044677583,0.11373981509241848,0.8540756844608057
25574,LOF,0.01480402419771919,0.2529926782922498,0.7322032975100311
25575,LOF,0.05407738548859903,0.13748811630702176,0.8084344982043793
25576,LOF,0.017734389455737805,0.14324739589854804,0.8390182146457141
25577,LOF,0.012649670324237427,0.13840601168010225,0.8489443179956603
25578,LOF,0.2555485780238523,0.11468062438467101,0.6297707975914767
25579,LOF,0.25717655410623147,0.11344765638004686,0.6293757895137216
25580,LOF,0.03258654399048421,0.13101319350495302,0.8364002625045629
25581,LOF,0.047779898818818445,0.10517471735740662,0.847045383823775
25582,LOF,0.047528571789242156,0.09846579660833635,0.8540056316024215
25583,LOF,0.03369909410110964,0.1356686171597992,0.8306322887390912
25584,Neutral,0.4848868553583042,0.12914654563597,0.38596659900572583
25585,LOF,0.02184348234537903,0.12315868123637291,0.8549978364182481
25586,LOF,0.03201215880817469,0.10413192762871654,0.8638559135631088
25587,LOF,0.02763673103819663,0.0973274380606805,0.8750358309011228
25588,LOF,0.026382722308775836,0.12684586739962225,0.846771410291602
25589,Neutral,0.5973424548934917,0.1693219542914439,0.23333559081506444
25590,LOF,0.023942923695745088,0.16870248452150158,0.8073545917827534
25591,LOF,0.10748140150172801,0.07200277344223896,0.820515825056033
25592,LOF,0.08153984247771505,0.18721896773352975,0.7312411897887551
25593,GOF,0.010759467117229176,0.600420299263367,0.38882023361940393
25594,LOF,0.033031283740021004,0.12430733424034984,0.842661382019629
25595,LOF,0.0568349033384628,0.08862973426424615,0.854535362397291
25596,LOF,0.08178925590222239,0.057497766073536544,0.8607129780242411
25597,LOF,0.06854645963658518,0.019546835285677074,0.9119067050777379
25598,LOF,0.04657403849980321,0.11894085217237374,0.834485109327823
25599,LOF,0.007974253397441448,0.4767419101103998,0.5152838364921588
25600,LOF,0.009991183477026745,0.37975867139735897,0.6102501451256143
25601,LOF,0.008455253563316579,0.2243542247169383,0.767190521719745
25602,LOF,0.01722448903600002,0.04748829464458167,0.9352872163194182
25603,LOF,0.046286004966535226,0.04485716110064205,0.9088568339328227
25604,LOF,0.03982860142661851,0.0664112693902969,0.8937601291830846
25605,LOF,0.011342781454356856,0.23129403659269868,0.7573631819529444
25606,GOF,0.04801162390883602,0.5620449024797597,0.38994347361140436
25607,LOF,0.0033991024672899747,0.12555408494732961,0.8710468125853805
25608,LOF,0.059824028536333104,0.047072957698332016,0.893103013765335
25609,LOF,0.06628076596999669,0.27837085115302546,0.6553483828769778
25610,LOF,0.04375121939056823,0.01994636859521963,0.9363024120142122
25611,LOF,0.06011983395294821,0.013362545235064962,0.9265176208119869
25612,LOF,0.11828505771299831,0.03533350517839763,0.8463814371086041
25613,LOF,0.09701144403742276,0.029543617906616006,0.8734449380559612
25614,LOF,0.044026900745653706,0.028971284322227592,0.9270018149321186
25615,LOF,0.08698744309738742,0.033162189669525804,0.8798503672330867
25616,LOF,0.03584329065488352,0.03676803292225858,0.9273886764228578
25617,LOF,0.05212457696363253,0.02530113783078337,0.922574285205584
25618,LOF,0.2424521885999717,0.029111578083644375,0.7284362333163839
25619,LOF,0.04459862718304166,0.032511940746395566,0.9228894320705628
25620,LOF,0.038343795874751764,0.04356020475749882,0.9180959993677494
25621,LOF,0.04314646827596428,0.02943798141220541,0.9274155503118303
25622,LOF,0.03183517381397638,0.0521740675943378,0.9159907585916859
25623,LOF,0.05224069267756133,0.03761527530627271,0.910144032016166
25624,LOF,0.0370793573103964,0.03719363354518528,0.9257270091444183
25625,LOF,0.04771489253350713,0.04492634672560636,0.9073587607408866
25626,LOF,0.07807024841669258,0.028169132943344857,0.8937606186399625
25627,Neutral,0.5722417481180729,0.14381403262041206,0.2839442192615149
25628,LOF,0.18650019284199304,0.07700957527517689,0.7364902318828301
25629,LOF,0.05720912064872257,0.10228603625294608,0.8405048430983314
25630,LOF,0.19078400537146262,0.10047819100343354,0.7087378036251039
25631,Neutral,0.6047492177220039,0.09388853735538955,0.3013622449226067
25632,LOF,0.016997747493012666,0.15146189951725572,0.8315403529897316
25633,LOF,0.20115352253053617,0.2271909435460525,0.5716555339234113
25634,LOF,0.03434591304147464,0.20725393017127428,0.758400156787251
25635,LOF,0.03358834407019477,0.16465139281778282,0.8017602631120225
25636,GOF,0.004584338908770135,0.5736263668886158,0.42178929420261413
25637,LOF,0.003695734822068866,0.425290354427459,0.5710139107504723
25638,LOF,0.004878900838376823,0.4169135289458765,0.5782075702157468
25639,LOF,0.004100994431067547,0.3356072310821797,0.6602917744867528
25640,GOF,0.313735027271486,0.6332634674523783,0.0530015052761357
25641,LOF,0.006344414359635103,0.2112172869294017,0.7824382987109633
25642,LOF,0.22887843226594906,0.0632439027596657,0.7078776649743853
25643,LOF,0.2468190448275308,0.08332741339788718,0.6698535417745819
25644,GOF,0.01387075514494176,0.5722124376002796,0.41391680725477853
25645,GOF,0.010766715180177779,0.5991651599705601,0.3900681248492621
25646,LOF,0.011386951444799088,0.3667022065895237,0.6219108419656771
25647,LOF,0.010701184195785585,0.2800458351178115,0.709252980686403
25648,LOF,0.007467245214559574,0.3424975332442092,0.6500352215412312
25649,LOF,0.008419673858881463,0.18434161144131656,0.807238714699802
25650,GOF,0.026786739941440093,0.5066295964998756,0.4665836635586843
25651,LOF,0.007359478475597377,0.20991418207508672,0.7827263394493159
25652,LOF,0.012985080092017272,0.33945606210657187,0.6475588578014109
25653,GOF,0.05771995626803264,0.5123234596435646,0.4299565840884027
25654,LOF,0.008824790954634185,0.3721001388085556,0.6190750702368102
25655,GOF,0.12660683310401935,0.48045893545543683,0.39293423144054374
25656,LOF,0.08090805351127275,0.07017489487187893,0.8489170516168483
25657,LOF,0.25065844202469995,0.03086132637976155,0.7184802315955385
25658,LOF,0.03163241447930976,0.11467238760393225,0.853695197916758
25659,LOF,0.2334593569399978,0.07871066745392792,0.6878299756060742
25660,LOF,0.10476908155061977,0.07386684029594622,0.821364078153434
25661,LOF,0.06220654405186124,0.06756205100655023,0.8702314049415885
25662,LOF,0.041333073383774316,0.06110046967103418,0.8975664569451914
25663,LOF,0.0456886819933328,0.10445150310863056,0.8498598148980366
25664,LOF,0.02865512291730999,0.2241419904340229,0.7472028866486672
25665,LOF,0.0435075556099789,0.054360250539367376,0.9021321938506538
25666,LOF,0.040614502750481445,0.2149886881057944,0.7443968091437241
25667,LOF,0.04520661704364444,0.039751225879969335,0.9150421570763863
25668,LOF,0.04775193512144846,0.05251530700116149,0.89973275787739
25669,LOF,0.0397655935575078,0.07487963000010331,0.885354776442389
25670,LOF,0.07679900289574114,0.11086890863526301,0.8123320884689958
25671,LOF,0.05584607679460262,0.04927257538082131,0.8948813478245761
25672,LOF,0.05072453499412078,0.05780530749878286,0.8914701575070964
25673,LOF,0.03784118585135962,0.09770701638920382,0.8644517977594365
25674,LOF,0.027923004667738036,0.11479722115951539,0.8572797741727466
25675,LOF,0.03309706947114561,0.07347756209463968,0.8934253684342147
25676,LOF,0.03963100934378026,0.06275572449147361,0.8976132661647461
25677,LOF,0.07473407992581715,0.052642143672818616,0.8726237764013643
25678,LOF,0.1920178819248641,0.049863538885549445,0.7581185791895864
25679,LOF,0.10528174899477706,0.07217427924024944,0.8225439717649734
25680,LOF,0.10403206237477235,0.0815063154278274,0.8144616221974003
25681,LOF,0.10409227293066974,0.0779728767787748,0.8179348502905555
25682,LOF,0.047281543603514505,0.05095383803379013,0.9017646183626953
25683,LOF,0.07859485884615021,0.087254571946393,0.8341505692074569
25684,LOF,0.057623263959616304,0.06308743540243224,0.8792893006379514
25685,LOF,0.12116181073129237,0.045959934925567845,0.8328782543431397
25686,LOF,0.026672582791772682,0.10087141916932676,0.8724559980389006
25687,LOF,0.04413531227883615,0.12007040314833684,0.8357942845728271
25688,LOF,0.0217811558004752,0.12277707201799026,0.8554417721815345
25689,LOF,0.01237946497384386,0.06854595464049915,0.919074580385657
25690,LOF,0.016318888389799422,0.06611515737545086,0.9175659542347497
25691,LOF,0.1298347211971528,0.09813871518736933,0.7720265636154778
25692,LOF,0.28558609047111305,0.014087584933671456,0.7003263245952155
25693,GOF,0.02982900662195479,0.4976752004163642,0.47249579296168104
25694,LOF,0.2413155339519832,0.01100034824138015,0.7476841178066366
25695,LOF,0.1700014786115858,0.017517603898266114,0.8124809174901482
25696,LOF,0.07602156077312627,0.019491550854424174,0.9044868883724495
25697,LOF,0.07704898439975592,0.014571966094493592,0.9083790495057505
25698,LOF,0.017004822807138265,0.2598030465577816,0.7231921306350801
25699,LOF,0.07007467822687395,0.3560651460179882,0.5738601757551378
25700,LOF,0.045631063211218716,0.02566338177997401,0.9287055550088074
25701,LOF,0.01044245610609231,0.2727441545281705,0.7168133893657372
25702,GOF,0.03724682652149165,0.6179744753235479,0.34477869815496054
25703,LOF,0.015148485025045524,0.07098781418462423,0.9138637007903302
25704,LOF,0.06461096271893614,0.04594237153400943,0.8894466657470543
25705,LOF,0.06983613171545909,0.18353226331482364,0.7466316049697173
25706,GOF,0.02064729979207389,0.6518744094413809,0.3274782907665452
25707,GOF,0.025541698649068103,0.5561049037677941,0.4183533975831379
25708,GOF,0.0068679599163110425,0.5412600224370907,0.4518720176465983
25709,LOF,0.039897934214163384,0.06944763700653828,0.8906544287792983
25710,LOF,0.007274109916245512,0.14026615734569467,0.8524597327380599
25711,LOF,0.04103419414003025,0.12090045779443337,0.8380653480655363
25712,LOF,0.010248928159169614,0.19851900158641245,0.791232070254418
25713,LOF,0.03152859601552048,0.1127586406313538,0.8557127633531257
25714,LOF,0.03174690458682522,0.1695372177273917,0.7987158776857831
25715,LOF,0.035977804913471044,0.12248739110093461,0.8415348039855944
25716,LOF,0.006013111540839805,0.11920427778419757,0.8747826106749627
25717,LOF,0.006216730584691401,0.1253646028106782,0.8684186666046304
25718,LOF,0.03218561945003527,0.06993471356781061,0.8978796669821542
25719,LOF,0.0355595319853285,0.12125554010798124,0.8431849279066903
25720,LOF,0.03029361404041634,0.13530631495542494,0.8344000710041587
25721,LOF,0.03475336139263679,0.11757296835177372,0.8476736702555895
25722,LOF,0.026448778748068044,0.13066012264796037,0.8428910986039716
25723,LOF,0.040512648854116894,0.13057415616108622,0.8289131949847969
25724,LOF,0.05353233209121537,0.2726843502977259,0.6737833176110587
25725,LOF,0.0488865841540763,0.09707628856624907,0.8540371272796747
25726,LOF,0.03136798408021409,0.10947480041682783,0.859157215502958
25727,LOF,0.04177620871327406,0.08441189020619819,0.8738119010805276
25728,LOF,0.03605145138162546,0.12408762009240276,0.8398609285259718
25729,LOF,0.04073147022246446,0.12336323275785961,0.8359052970196759
25730,LOF,0.04520296930833043,0.09192179453965045,0.862875236152019
25731,LOF,0.008088748816305408,0.10849365968210917,0.8834175915015854
25732,LOF,0.02629804417475618,0.05948193186512435,0.9142200239601194
25733,LOF,0.03241116086583463,0.07369075698361932,0.8938980821505461
25734,LOF,0.005859697271871418,0.28692089953060274,0.707219403197526
25735,LOF,0.028266250900115426,0.08027179864190778,0.8914619504579767
25736,LOF,0.02677405764807731,0.14636444884451302,0.8268614935074097
25737,LOF,0.049531042575281126,0.10550005142260943,0.8449689060021095
25738,LOF,0.03759105878141413,0.18494159096874307,0.7774673502498428
25739,LOF,0.029380045200269468,0.14834271059889917,0.8222772442008314
25740,LOF,0.049917889654782645,0.1386191421931109,0.8114629681521065
25741,LOF,0.0490360704178839,0.11008624285851203,0.8408776867236041
25742,LOF,0.05260013151812271,0.13258719653612394,0.8148126719457534
25743,LOF,0.012811096768270434,0.017846427825930933,0.9693424754057987
25744,LOF,0.21128076090450326,0.1764616287508645,0.6122576103446322
25745,LOF,0.03239799420474005,0.06532654234463925,0.9022754634506207
25746,LOF,0.015214520495258566,0.09639005314507727,0.8883954263596642
25747,LOF,0.05935339050312275,0.023925552164731204,0.9167210573321461
25748,LOF,0.34028699860167033,0.06201612087236637,0.5976968805259634
25749,LOF,0.020332318364353758,0.055595115228445825,0.9240725664072005
25750,LOF,0.019302647489914598,0.059534586461282846,0.9211627660488025
25751,LOF,0.04550736740926794,0.05988634917672169,0.8946062834140103
25752,GOF,0.08888403238246528,0.5719061534013826,0.339209814216152
25753,LOF,0.006781485049063233,0.3483949326485704,0.6448235823023665
25754,GOF,0.008964491075046222,0.8700120437387682,0.1210234651861855
25755,LOF,0.007194556584514725,0.37921893991843175,0.6135865034970535
25756,LOF,0.021327265438290825,0.4269469580775097,0.5517257764841995
25757,GOF,0.008651956352128728,0.8438580342110726,0.14749000943679866
25758,GOF,0.008380236872473915,0.8895046946681633,0.1021150684593628
25759,GOF,0.006971803227507436,0.6648203916296059,0.3282078051428867
25760,LOF,0.0062397591916595,0.2817715626724303,0.7119886781359102
25761,GOF,0.04841987308184438,0.8836119445483572,0.06796818236979844
25762,LOF,0.024334079850621942,0.3401025130634035,0.6355634070859746
25763,LOF,0.00623997628306493,0.28820382253166893,0.7055562011852662
25764,GOF,0.06961555202334738,0.6932962045087924,0.23708824346786028
25765,GOF,0.009303306446887141,0.9048020539973187,0.08589463955579398
25766,GOF,0.026363370936055175,0.8412443156640872,0.13239231339985766
25767,LOF,0.011354594734817768,0.4801402265904523,0.50850517867473
25768,LOF,0.06293961217003184,0.038853329174699615,0.8982070586552685
25769,LOF,0.029061733266153425,0.10816921293553891,0.8627690537983076
25770,LOF,0.12497046017550523,0.19958065757116988,0.6754488822533248
25771,LOF,0.020808089982243264,0.08665263042172594,0.8925392795960307
25772,LOF,0.039284258187080597,0.0630054110974267,0.8977103307154928
25773,LOF,0.015281335186489107,0.11534825647817515,0.8693704083353357
25774,LOF,0.02167805843140872,0.2803060888138425,0.6980158527547488
25775,LOF,0.019614009764074455,0.04962835848355447,0.930757631752371
25776,LOF,0.03231267821206371,0.04030404712789929,0.927383274660037
25777,LOF,0.2692427200841497,0.17962056981080857,0.5511367101050417
25778,LOF,0.027709266669320415,0.10351687324526772,0.8687738600854118
25779,GOF,0.05803521369250655,0.8308971214505988,0.11106766485689462
25780,GOF,0.07136944580215467,0.8332175215949075,0.0954130326029378
25781,GOF,0.03173863633952659,0.8105290287784053,0.15773233488206814
25782,GOF,0.03039547121591171,0.8701188435328399,0.09948568525124835
25783,GOF,0.05541878152664567,0.873000760077708,0.07158045839564646
25784,GOF,0.08927389981606582,0.8394759367768234,0.07125016340711084
25785,GOF,0.1441243073108025,0.7978903665331855,0.057985326156012026
25786,GOF,0.012827574639055784,0.7113160281804602,0.2758563971804841
25787,GOF,0.3116636563977176,0.6083476930258603,0.07998865057642215
25788,LOF,0.02251716265984173,0.1115581279603853,0.865924709379773
25789,GOF,0.01979595326591084,0.8310378599013167,0.1491661868327725
25790,GOF,0.02821040843163308,0.8042399613915789,0.16754963017678814
25791,GOF,0.025777130473786648,0.6179313535794217,0.35629151594679165
25792,GOF,0.032451425884896606,0.6984176399568239,0.2691309341582794
25793,GOF,0.057145047413210664,0.7549885839004877,0.1878663686863016
25794,GOF,0.05041716191769114,0.6266402101875903,0.32294262789471856
25795,GOF,0.05363543013912308,0.6508409470002021,0.2955236228606748
25796,GOF,0.15866366763520734,0.6612471184111054,0.18008921395368727
25797,GOF,0.07913712058321969,0.617118600068984,0.3037442793477963
25798,GOF,0.007632980968484037,0.767842134981736,0.22452488404977988
25799,GOF,0.00509670030640024,0.666489875349737,0.3284134243438628
25800,GOF,0.02542783133550319,0.8383215738565366,0.13625059480796015
25801,GOF,0.02696005055454221,0.8184751318037865,0.15456481764167118
25802,GOF,0.028803133361103322,0.7395608621343371,0.23163600450455948
25803,GOF,0.023978111006234495,0.671322203178728,0.3046996858150375
25804,GOF,0.0396486304831878,0.6807628659414028,0.2795885035754094
25805,GOF,0.028443173868951146,0.7298182513990638,0.2417385747319852
25806,GOF,0.038208535552085816,0.7441798784778825,0.21761158597003175
25807,GOF,0.015344393538653777,0.6648202649710024,0.31983534149034387
25808,GOF,0.029297970909499354,0.7363650730433113,0.23433695604718918
25809,GOF,0.014127025664149397,0.6617401448493649,0.32413282948648564
25810,GOF,0.012650059598540594,0.6680555561202778,0.31929438428118156
25811,GOF,0.07783781574994754,0.8286425642827009,0.09351961996735163
25812,GOF,0.03885602346740975,0.7201331444897572,0.24101083204283313
25813,GOF,0.19428349591790972,0.6813796603831312,0.12433684369895905
25814,GOF,0.0347891785241592,0.7271551206119995,0.2380557008638413
25815,GOF,0.05923860129296191,0.7961995454541483,0.14456185325288992
25816,GOF,0.009230415241769091,0.8278862496967049,0.1628833350615262
25817,GOF,0.10513943200185479,0.7238935763552875,0.17096699164285753
25818,GOF,0.026762330457792294,0.7709171568869059,0.20232051265530202
25819,GOF,0.050862651834370935,0.7006799882693961,0.248457359896233
25820,GOF,0.049320459804516936,0.625454635674212,0.325224904521271
25821,GOF,0.03308043188557895,0.6834344642693314,0.2834851038450896
25822,GOF,0.06805053210357552,0.6740942172388685,0.2578552506575559
25823,GOF,0.0337503987657068,0.6593250847312029,0.3069245165030903
25824,GOF,0.024172052047432453,0.7309445727008352,0.24488337525173223
25825,GOF,0.018650326569634047,0.7253591602289188,0.25599051320144717
25826,GOF,0.008841090127487294,0.6426117421806586,0.34854716769185407
25827,GOF,0.018058985977311055,0.6638182239345649,0.3181227900881242
25828,GOF,0.01117623997835064,0.6855902250026478,0.3032335350190015
25829,GOF,0.004547780286793554,0.5566067761749962,0.4388454435382102
25830,LOF,0.06650226954443174,0.4156141151387743,0.5178836153167939
25831,GOF,0.07345201946624466,0.7819666309494213,0.1445813495843341
25832,GOF,0.008620033853892978,0.6885017794147656,0.3028781867313414
25833,GOF,0.027412929116660167,0.7890448572155013,0.18354221366783846
25834,GOF,0.008844620545643387,0.7162684261342419,0.2748869533201148
25835,GOF,0.027269509669071747,0.826554945977502,0.14617554435342625
25836,GOF,0.007823729923740221,0.7407369800065791,0.25143929006968074
25837,GOF,0.01060349590902862,0.7350383357752894,0.25435816831568203
25838,GOF,0.022534807208471976,0.8065559302851452,0.17090926250638286
25839,GOF,0.062312603384634575,0.7596591339572539,0.17802826265811145
25840,GOF,0.09209570008348529,0.7114300903963507,0.19647420952016406
25841,GOF,0.07664173135200074,0.7708885318139233,0.15246973683407603
25842,GOF,0.02521930105401405,0.8516972308301711,0.1230834681158148
25843,GOF,0.022847100158776848,0.8561947076693878,0.12095819217183541
25844,GOF,0.02067362092946469,0.7969883999213621,0.18233797914917332
25845,GOF,0.007445906517352075,0.6783923631098048,0.3141617303728432
25846,GOF,0.06598411780820515,0.8375601079121939,0.09645577427960085
25847,GOF,0.017770482743808002,0.8200195058156731,0.1622100114405189
25848,GOF,0.020412980286012322,0.7731949364471231,0.2063920832668645
25849,GOF,0.007196474162730024,0.7441301080723385,0.24867341776493146
25850,GOF,0.008037397185339242,0.6508527434475966,0.3411098593670641
25851,GOF,0.006985257509716169,0.5790087977990642,0.41400594469121965
25852,GOF,0.1557493598197783,0.4505233381231474,0.3937273020570743
25853,GOF,0.06594879232416677,0.7581121583670662,0.17593904930876686
25854,GOF,0.007158392262828215,0.6466597578895902,0.34618184984758155
25855,GOF,0.024336776556390185,0.5618227473800382,0.4138404760635716
25856,GOF,0.05127321668465473,0.6980289224673247,0.2506978608480205
25857,GOF,0.02388970820877601,0.5489261366643979,0.4271841551268261
25858,GOF,0.008013895610013663,0.5481727013316102,0.44381340305837613
25859,GOF,0.006012359640982989,0.5256395648338132,0.4683480755252037
25860,GOF,0.07474269115200759,0.6537806340312042,0.27147667481678817
25861,GOF,0.10463894983089335,0.7769110746630592,0.11844997550604745
25862,GOF,0.02271347066922777,0.8826355771904928,0.09465095214027926
25863,GOF,0.020091745436399168,0.8557872360380238,0.12412101852557707
25864,GOF,0.030931502362882418,0.881376821395854,0.08769167624126353
25865,GOF,0.03713971258552434,0.8584858188011939,0.10437446861328172
25866,GOF,0.020738255655084928,0.8389696040437523,0.14029214030116277
25867,GOF,0.04501416099873345,0.8417715304380308,0.11321430856323574
25868,GOF,0.07277900288112413,0.7513979969559088,0.17582300016296698
25869,GOF,0.31866267590085207,0.5497508877042211,0.13158643639492684
25870,LOF,0.06989574286171679,0.45407580972857003,0.4760284474097132
25871,GOF,0.01028767427769017,0.6830123062196644,0.3067000195026455
25872,GOF,0.025177823603605442,0.7056853290448574,0.26913684735153715
25873,GOF,0.021491366536991702,0.7842269618237602,0.19428167163924817
25874,LOF,0.030110644270712694,0.11037724541749569,0.8595121103117915
25875,LOF,0.0213463651753537,0.17842241751162619,0.8002312173130202
25876,LOF,0.02355804812846556,0.06862787506596574,0.9078140768055688
25877,LOF,0.07720121251014177,0.2768217646713747,0.6459770228184836
25878,LOF,0.05029215580010041,0.3504014365646888,0.5993064076352107
25879,LOF,0.009155428624361988,0.21842007721451265,0.7724244941611254
25880,LOF,0.04685297226219902,0.021220906355964034,0.931926121381837
25881,Neutral,0.440896759896019,0.3875771158763291,0.1715261242276518
25882,LOF,0.035357208591954355,0.11670614690909747,0.8479366444989481
25883,LOF,0.030459956532340456,0.11125606480140543,0.8582839786662542
25884,LOF,0.013060820601010947,0.16238201897104915,0.8245571604279398
25885,LOF,0.1346869952181533,0.04732641920575449,0.8179865855760923
25886,LOF,0.22615389114385434,0.27870474058036737,0.4951413682757782
25887,GOF,0.04028215157643347,0.5674759957486001,0.3922418526749665
25888,LOF,0.00479725169221257,0.44109347923885567,0.5541092690689318
25889,LOF,0.02085253868364614,0.13269729443550227,0.8464501668808516
25890,LOF,0.18727883901699208,0.28843243940549546,0.5242887215775124
25891,LOF,0.09175225976425366,0.11853478628870849,0.7897129539470379
25892,LOF,0.00692722923502898,0.032712833357274804,0.9603599374076963
25893,LOF,0.2617526752780354,0.011997894144162042,0.7262494305778024
25894,LOF,0.3210905675109544,0.00844174066683282,0.6704676918222129
25895,LOF,0.28079903499569037,0.01625215996024637,0.7029488050440632
25896,LOF,0.07229159451521883,0.04023684012383113,0.8874715653609501
25897,LOF,0.09686424491821809,0.01582373777487633,0.8873120173069056
25898,LOF,0.09780456125616041,0.04513322181117354,0.8570622169326659
25899,LOF,0.3975115963587728,0.04409952533453019,0.558388878306697
25900,Neutral,0.752050239817102,0.010067701199334646,0.2378820589835633
25901,LOF,0.06267379027064185,0.01195214755006157,0.9253740621792966
25902,LOF,0.08514151724012173,0.008861624778972526,0.9059968579809057
25903,LOF,0.15368063423762232,0.03875902353915671,0.807560342223221
25904,Neutral,0.46865201950659185,0.09369560596295412,0.43765237453045397
25905,LOF,0.00981742859732154,0.29091688816721234,0.6992656832354661
25906,LOF,0.008205039969940674,0.02865009748958252,0.9631448625404767
25907,LOF,0.008385977818916616,0.20226077479461835,0.7893532473864651
25908,LOF,0.008757197919692877,0.17417175310372923,0.8170710489765779
25909,LOF,0.040108263002048936,0.07922916217288956,0.8806625748250615
25910,LOF,0.012974182023417455,0.09290382740338866,0.8941219905731939
25911,LOF,0.17236405467764934,0.0851678711053947,0.742468074216956
25912,LOF,0.1450135177783231,0.022306045866647937,0.832680436355029
25913,LOF,0.012642935879469451,0.08078507366362189,0.9065719904569087
25914,LOF,0.04845210004686007,0.028134689539068343,0.9234132104140717
25915,LOF,0.18796778439660392,0.3847370604422459,0.4272951551611501
25916,LOF,0.015244225188694309,0.1966031327569827,0.788152642054323
25917,LOF,0.07105609946591263,0.031013020746592623,0.8979308797874949
25918,LOF,0.04899837355204515,0.01792443345959795,0.9330771929883568
25919,LOF,0.0428816339800579,0.017406563300148423,0.9397118027197938
25920,LOF,0.3022360004752298,0.33037555555061193,0.3673884439741582
25921,LOF,0.025248126499053437,0.03004161862800817,0.9447102548729384
25922,LOF,0.022743822313199824,0.02615873131172943,0.9510974463750709
25923,LOF,0.45778778823513133,0.023570693524242625,0.5186415182406261
25924,LOF,0.03199742942268244,0.02655205497850752,0.94145051559881
25925,LOF,0.12896243826206133,0.04700374062259484,0.8240338211153438
25926,LOF,0.1022931053724923,0.035680794918605985,0.8620260997089016
25927,LOF,0.027303756165595272,0.05731723782887947,0.9153790060055254
25928,LOF,0.01651372031519781,0.016307517637939556,0.9671787620468626
25929,Neutral,0.5924973798410577,0.02352688385027398,0.3839757363086684
25930,LOF,0.06246165821868563,0.022063605169607214,0.9154747366117072
25931,LOF,0.01587008534371454,0.018338189883812212,0.9657917247724732
25932,LOF,0.08944481688517752,0.012764974185127646,0.8977902089296947
25933,LOF,0.09020787411029778,0.009615837811786175,0.900176288077916
25934,LOF,0.08583495784193955,0.01187278286120009,0.9022922592968603
25935,LOF,0.12021867580242496,0.035136213209012085,0.844645110988563
25936,LOF,0.08711105931095235,0.01029304280094745,0.9025958978881002
25937,LOF,0.018631346201328187,0.020045930082156282,0.9613227237165156
25938,LOF,0.1209855773218507,0.03142042268969293,0.8475939999884563
25939,LOF,0.06149319074470616,0.012714634529960203,0.9257921747253337
25940,LOF,0.008496844379858,0.49546786439317053,0.4960352912269716
25941,Neutral,0.4981019923428277,0.15010447965398668,0.3517935280031857
25942,LOF,0.00906499581144012,0.19243303970878373,0.7985019644797761
25943,GOF,0.0325270529552024,0.531573250277926,0.43589969676687157
25944,LOF,0.03289802768942142,0.47706297549523,0.4900389968153485
25945,LOF,0.115677455131752,0.11214079382280003,0.772181751045448
25946,LOF,0.09318821498784383,0.06219061754133961,0.8446211674708166
25947,Neutral,0.4598929444449686,0.18176650595739127,0.3583405495976401
25948,Neutral,0.5025252207138774,0.019271853655361736,0.4782029256307609
25949,LOF,0.10886665521568434,0.06018160955678902,0.8309517352275265
25950,GOF,0.039396785649544214,0.7647728177278912,0.19583039662256463
25951,GOF,0.01359077727145929,0.5426514287633512,0.4437577939651895
25952,LOF,0.0998354809223769,0.42758902106390007,0.472575498013723
25953,LOF,0.007337212868081088,0.42972751293792044,0.5629352741939984
25954,GOF,0.03688514529942754,0.6223989370107047,0.3407159176898677
25955,LOF,0.005849995973015663,0.3728770244011813,0.6212729796258031
25956,LOF,0.011072519544010936,0.24162905989453223,0.7472984205614568
25957,LOF,0.2362416183351622,0.019577013220535233,0.7441813684443026
25958,LOF,0.02856798445924316,0.058972305720470894,0.9124597098202859
25959,GOF,0.0054912071799248195,0.6114382631173494,0.38307052970272587
25960,LOF,0.005637712890796724,0.0971858144716567,0.8971764726375466
25961,LOF,0.02802024456274098,0.06117047459854289,0.9108092808387162
25962,LOF,0.04329998080222545,0.14031468846278303,0.8163853307349915
25963,LOF,0.00992718325166174,0.3100635420624305,0.6800092746859078
25964,LOF,0.05241686070262784,0.11037717151463866,0.8372059677827336
25965,LOF,0.15238183031882432,0.24102952674931222,0.6065886429318634
25966,LOF,0.33916031710832034,0.23235123965064255,0.428488443241037
25967,LOF,0.008142994980004018,0.05490698654965253,0.9369500184703435
25968,LOF,0.07008980008686838,0.23805823253935207,0.6918519673737795
25969,LOF,0.12780842999867664,0.03174520100373431,0.840446368997589
25970,LOF,0.04329650655478193,0.18620587404579064,0.7704976193994274
25971,LOF,0.06573940199497343,0.07103513652129764,0.8632254614837289
25972,LOF,0.0645278534561614,0.08410659375696047,0.8513655527868782
25973,LOF,0.092638081681161,0.006969076049336183,0.9003928422695029
25974,LOF,0.08193998311853458,0.0563448222594891,0.8617151946219763
25975,LOF,0.036314255103003845,0.010264255138701222,0.953421489758295
25976,LOF,0.08698184564801988,0.006391292543850611,0.9066268618081296
25977,LOF,0.2058963252787249,0.0850804962423779,0.7090231784788973
25978,LOF,0.1520116814377004,0.15842293451432232,0.6895653840479773
25979,LOF,0.1175899375588061,0.16279452726973465,0.7196155351714593
25980,LOF,0.18018237383779204,0.28452827360410804,0.5352893525581
25981,LOF,0.18322423807388213,0.29147351196851223,0.5253022499576055
25982,LOF,0.26768807474612794,0.1507440002796563,0.5815679249742157
25983,Neutral,0.4611604445679165,0.15064119544118865,0.3881983599908949
25984,LOF,0.04154542171826152,0.23815482854578376,0.7202997497359547
25985,Neutral,0.4094214225959538,0.2701718424405716,0.3204067349634747
25986,GOF,0.009447165908837325,0.5497794224572481,0.4407734116339146
25987,LOF,0.022925685633867064,0.12826529051535912,0.8488090238507738
25988,LOF,0.034339345162433685,0.32941009014042244,0.6362505646971438
25989,LOF,0.037028690777541666,0.31060601629735296,0.6523652929251054
25990,LOF,0.04343441064294163,0.41126821633735927,0.545297373019699
25991,GOF,0.04455174213471188,0.5613021234121944,0.39414613445309366
25992,LOF,0.015877577016907615,0.34904519903208236,0.63507722395101
25993,LOF,0.03527163355853555,0.07867170685036284,0.8860566595911017
25994,LOF,0.034340023740036196,0.08502665217865682,0.880633324081307
25995,LOF,0.022167850795460766,0.15769519452801609,0.8201369546765231
25996,GOF,0.39752530929013846,0.44926096255087217,0.15321372815898923
25997,GOF,0.08481416637266553,0.6601195747022526,0.2550662589250819
25998,LOF,0.2536854543242884,0.039880301354670494,0.7064342443210411
25999,LOF,0.024643768601256062,0.41338245500313875,0.5619737763956051
26000,LOF,0.14434277130232293,0.017498010096123843,0.8381592186015533
26001,LOF,0.14518302080906126,0.039484143681037316,0.8153328355099013
26002,LOF,0.10445609278886217,0.028619043906737168,0.8669248633044008
26003,GOF,0.00720395473195754,0.61153203349434,0.38126401177370245
26004,GOF,0.016566668857727847,0.5632639735719359,0.42016935757033635
26005,LOF,0.006215499518834257,0.48995473042375015,0.5038297700574157
26006,GOF,0.10460172861275502,0.5283442343266692,0.3670540370605757
26007,GOF,0.009235732672489283,0.5396135881801029,0.45115067914740786
26008,GOF,0.0066285180651800175,0.5639713937936695,0.42940008814115055
26009,GOF,0.013143607569801877,0.5837499731572954,0.4031064192729027
26010,GOF,0.009039501751113241,0.5634222428075533,0.4275382554413335
26011,LOF,0.0065375500679434664,0.4898664104060935,0.5035960395259631
26012,GOF,0.00610968202898685,0.5523766608297798,0.44151365714123336
26013,LOF,0.011195277194974089,0.4657994649742487,0.5230052578307772
26014,LOF,0.057228099319671905,0.08428708924625625,0.858484811434072
26015,LOF,0.368337805209618,0.058648152823664465,0.5730140419667175
26016,LOF,0.24871547045898465,0.1341644595590105,0.617120069982005
26017,LOF,0.016080728927209555,0.42732218355224155,0.5565970875205488
26018,LOF,0.01980113068959233,0.16416976659199514,0.8160291027184126
26019,LOF,0.020137782300798553,0.13199876098773053,0.847863456711471
26020,LOF,0.006541403964435443,0.3824053698179829,0.6110532262175816
26021,LOF,0.07783302536273022,0.2530415474242121,0.6691254272130577
26022,LOF,0.0491383863016309,0.06735395581059535,0.8835076578877739
26023,LOF,0.029797877314277375,0.12160864607393002,0.8485934766117926
26024,LOF,0.04436902330740835,0.1765479375363047,0.7790830391562871
26025,LOF,0.13171490452228093,0.14813793365778513,0.720147161819934
26026,LOF,0.13327074320181884,0.10150525971500036,0.7652239970831808
26027,LOF,0.02885304248151428,0.0743881007360706,0.8967588567824151
26028,LOF,0.06850592220464144,0.22926238988666575,0.7022316879086927
26029,LOF,0.03945794684606252,0.12245421140942,0.8380878417445176
26030,LOF,0.1399916753827492,0.009372896428902742,0.850635428188348
26031,LOF,0.018997896521097495,0.11907364183843329,0.8619284616404692
26032,LOF,0.02917408459147469,0.018281018804850658,0.9525448966036746
26033,LOF,0.04512872445519674,0.033272356713676926,0.9215989188311263
26034,LOF,0.02589908150308451,0.07421288884158496,0.8998880296553304
26035,LOF,0.015736606726950434,0.0884495244265469,0.8958138688465026
26036,LOF,0.014852189030490683,0.07192002002299139,0.9132277909465178
26037,LOF,0.013687657933535964,0.07193528894389514,0.9143770531225688
26038,LOF,0.02344580038870069,0.017900707154168166,0.958653492457131
26039,LOF,0.036341900388667275,0.10709658887740729,0.8565615107339254
26040,LOF,0.07340070635886368,0.14976052115637917,0.7768387724847571
26041,LOF,0.0170729681388357,0.08704978797522461,0.8958772438859398
26042,LOF,0.015520423594615857,0.09527908716528995,0.8892004892400943
26043,LOF,0.023664892235163482,0.04071981146945316,0.9356152962953833
26044,LOF,0.008967696982302919,0.039669246669108274,0.9513630563485888
26045,LOF,0.09355526742884321,0.21691735182560304,0.6895273807455538
26046,LOF,0.023348948497843906,0.0466736696124301,0.9299773818897261
26047,LOF,0.056714601664808795,0.03755772934987847,0.9057276689853129
26048,LOF,0.08476008814301471,0.021620616313806806,0.8936192955431785
26049,Neutral,0.927562690539575,0.0061028128817671575,0.06633449657865788
26050,Neutral,0.877415877483683,0.00750634032000356,0.11507778219631333
26051,LOF,0.034031710754757374,0.28710950012521824,0.6788587891200245
26052,LOF,0.03682508076004085,0.1919241566214834,0.7712507626184758
26053,LOF,0.03811517176107824,0.07854096068903092,0.8833438675498909
26054,LOF,0.0488187084034152,0.08851768725513262,0.8626636043414522
26055,LOF,0.05320994477115675,0.07730848233107347,0.8694815728977698
26056,LOF,0.049362165288815374,0.08064115749563795,0.8699966772155466
26057,LOF,0.052400383225556374,0.0191137097459656,0.9284859070284781
26058,LOF,0.0612951009082241,0.016176816393027565,0.9225280826987483
26059,LOF,0.2246220971549156,0.11295942578998212,0.6624184770551024
26060,LOF,0.018049610921698756,0.2529351696960171,0.7290152193822842
26061,LOF,0.013029330981650551,0.012723615633588625,0.9742470533847607
26062,LOF,0.006088013031529566,0.024308221197027233,0.9696037657714431
26063,LOF,0.05195817888298153,0.0162057794535563,0.9318360416634621
26064,LOF,0.009615846244296126,0.016175163608037786,0.9742089901476662
26065,LOF,0.04330748657847021,0.022518185602827877,0.9341743278187019
26066,LOF,0.04613025623806971,0.015615106311761051,0.9382546374501691
26067,LOF,0.05207628494639736,0.01767311643815039,0.9302505986154522
26068,LOF,0.047572970861786495,0.05649769564207736,0.8959293334961362
26069,LOF,0.15797457604507092,0.04970959136805969,0.7923158325868694
26070,LOF,0.3787291136295646,0.03164996219628083,0.5896209241741546
26071,LOF,0.04644488903230172,0.019631446321463346,0.9339236646462349
26072,LOF,0.008742036551403596,0.021329003041279337,0.9699289604073171
26073,LOF,0.047768285786276565,0.01360817714542411,0.9386235370682994
26074,Neutral,0.704410119850571,0.026159524999400746,0.2694303551500283
26075,LOF,0.03591588369241079,0.044190670390371056,0.9198934459172182
26076,LOF,0.05522400795770611,0.024429141853227365,0.9203468501890666
26077,LOF,0.1459916122476284,0.02422157159901033,0.8297868161533613
26078,LOF,0.006803327414747164,0.026973990673370165,0.9662226819118825
26079,LOF,0.0520399685417542,0.04490000333745837,0.9030600281207875
26080,LOF,0.05112822702233505,0.045315547082983035,0.903556225894682
26081,LOF,0.0484170366413678,0.017758548841512237,0.93382441451712
26082,LOF,0.007230576696116173,0.02535981232847168,0.9674096109754121
26083,LOF,0.040639624394822785,0.04196400722815171,0.9173963683770255
26084,LOF,0.05621097963910973,0.020812994265350826,0.9229760260955394
26085,LOF,0.0499312262322202,0.018518216325954937,0.9315505574418249
26086,LOF,0.03549638858682191,0.02277103315531625,0.9417325782578618
26087,LOF,0.04161801456379201,0.02308604079287997,0.935295944643328
26088,LOF,0.008051815642615897,0.04471673995707973,0.9472314444003043
26089,LOF,0.033012576317593266,0.06218014005919178,0.9048072836232148
26090,LOF,0.032217069589002785,0.051397576820564006,0.9163853535904332
26091,LOF,0.04588583442368899,0.01712453030911962,0.9369896352671915
26092,LOF,0.062103440777327504,0.016144920122791544,0.921751639099881
26093,LOF,0.07468337995232888,0.01189509527891236,0.9134215247687587
26094,LOF,0.04079546574924463,0.017749652584007524,0.941454881666748
26095,LOF,0.012713882041233271,0.03402550758385963,0.9532606103749072
26096,LOF,0.28144403552284614,0.006196442388714404,0.7123595220884394
26097,LOF,0.007399993620665171,0.06011355687790178,0.932486449501433
26098,LOF,0.05449827783177585,0.04732849317456067,0.8981732289936634
26099,LOF,0.04477163258600186,0.054242510551276775,0.9009858568627214
26100,LOF,0.04477163258600186,0.054242510551276775,0.9009858568627214
26101,LOF,0.040161448346414434,0.057271487292323474,0.9025670643612621
26102,LOF,0.0464998084876774,0.024548868983778113,0.9289513225285445
26103,Neutral,0.8590891519387551,0.056099308580065614,0.08481153948117928
26104,LOF,0.04146840493835324,0.11869381422479856,0.8398377808368482
26105,LOF,0.23760052960450545,0.24913727565398772,0.5132621947415068
26106,LOF,0.266128904796808,0.15217471943491986,0.581696375768272
26107,LOF,0.009530077525271559,0.22441540720064365,0.7660545152740849
26108,LOF,0.14076347703013997,0.19875954407228993,0.6604769788975701
26109,LOF,0.04746614691036655,0.031149824765618107,0.9213840283240152
26110,Neutral,0.5424306211171976,0.03618087296417771,0.42138850591862465
26111,LOF,0.044730499230961736,0.19788685229014866,0.7573826484788896
26112,LOF,0.05740440580916349,0.03634006987751902,0.9062555243133175
26113,LOF,0.06537094158790052,0.05883576581046499,0.8757932926016345
26114,LOF,0.10197020237776243,0.026513417537586036,0.8715163800846516
26115,LOF,0.01978140633527732,0.19409363263158616,0.7861249610331364
26116,LOF,0.06775668198447941,0.08616251804951233,0.8460807999660082
26117,LOF,0.291513136605108,0.06846770665922172,0.6400191567356702
26118,LOF,0.03920582718260106,0.02497444618318315,0.9358197266342159
26119,LOF,0.005106481571751685,0.10602410232159118,0.8888694161066572
26120,LOF,0.032991161722335544,0.025891931643857034,0.9411169066338074
26121,LOF,0.004169349142674828,0.12873597633217804,0.8670946745251472
26122,LOF,0.004633755885264346,0.11258652583185372,0.8827797182828818
