feature0,prediction,LoGoFunc_Neutral,LoGoFunc_GOF,LoGoFunc_LOF
25546,Neutral,0.6739094485609076,0.07126717718529643,0.254823374253796
25547,Neutral,0.5088858733009645,0.12507984183885681,0.36603428486017875
25548,Neutral,0.517076841784926,0.0979649340530932,0.3849582241619809
25549,Neutral,0.4673440002107918,0.09461871296302962,0.43803728682617854
25550,LOF,0.36639115193682703,0.1650838985673085,0.4685249494958644
25551,LOF,0.2608703682488087,0.18926653462994805,0.5498630971212433
25552,LOF,0.2010550205706936,0.16962885356187543,0.629316125867431
25553,Neutral,0.8057788365666083,0.054620320537488866,0.13960084289590283
25554,LOF,0.2288892461222913,0.17044349530087982,0.6006672585768289
25555,LOF,0.18929270700823558,0.14696221739081844,0.6637450756009461
25556,LOF,0.42084694322360144,0.15191217383027217,0.42724088294612644
25557,LOF,0.17923434975731176,0.1505855029921582,0.67018014725053
25558,LOF,0.21599716831508484,0.16534003247136253,0.6186627992135526
25559,LOF,0.18514996047753732,0.151882580179542,0.6629674593429207
25560,LOF,0.07756848375568239,0.13699244228933646,0.7854390739549811
25561,LOF,0.16017265882030465,0.120872864493987,0.7189544766857083
25562,LOF,0.07299676297936655,0.09660926977658507,0.8303939672440485
25563,LOF,0.10602542543403844,0.08410731692615347,0.809867257639808
25564,LOF,0.2251345816439125,0.1445864514339058,0.6302789669221817
25565,LOF,0.13854116870855784,0.13795765267028462,0.7235011786211575
25566,GOF,0.018740883560763314,0.7670201788819522,0.21423893755728443
25567,LOF,0.01733041929009244,0.20511870985407435,0.7775508708558333
25568,LOF,0.051379441601340545,0.0864572409648756,0.8621633174337839
25569,LOF,0.05206977588734783,0.08457190309773073,0.8633583210149215
25570,LOF,0.029747876382250345,0.1219969524640066,0.848255171153743
25571,LOF,0.027698832147661265,0.11650770336975037,0.8557934644825883
25572,LOF,0.032820856027128475,0.14490286684494347,0.822276277127928
25573,LOF,0.026567214145183666,0.11632861338563533,0.8571041724691809
25574,LOF,0.01956387419131672,0.1855777782500776,0.7948583475586057
25575,LOF,0.02377504697655574,0.13302096465639526,0.843203988367049
25576,LOF,0.012649592162477763,0.17611807219368245,0.8112323356438398
25577,LOF,0.010359417433009754,0.14386816374368067,0.8457724188233097
25578,LOF,0.2708771310632687,0.1062304415818232,0.6228924273549081
25579,LOF,0.16450011653344165,0.11531742323942602,0.7201824602271322
25580,LOF,0.017210003267255882,0.09726212282358783,0.8855278739091562
25581,LOF,0.04040954511829186,0.09103204403538688,0.8685584108463212
25582,LOF,0.04024771392119718,0.08991320671549459,0.8698390793633082
25583,LOF,0.020368211946273303,0.10856248030401691,0.8710693077497097
25584,Neutral,0.5164290490407896,0.12671552979995515,0.3568554211592552
25585,LOF,0.012978511858711808,0.16068043756680647,0.8263410505744817
25586,LOF,0.016028089824292897,0.08753565741729351,0.8964362527584135
25587,LOF,0.016106912854370346,0.08164108155990023,0.9022520055857294
25588,LOF,0.01633118475287315,0.10061819694702807,0.8830506183000988
25589,Neutral,0.5770751689607174,0.14910244119035065,0.27382238984893204
25590,LOF,0.018485024298452776,0.1351879980669313,0.8463269776346158
25591,LOF,0.07367898219629652,0.07336506312316587,0.8529559546805375
25592,LOF,0.0427933087082113,0.15594824846625557,0.8012584428255332
25593,LOF,0.021539124723127412,0.29489139776012724,0.6835694775167452
25594,LOF,0.035958747686438204,0.1150894219373199,0.8489518303762419
25595,LOF,0.04261925061034769,0.07851408023943718,0.8788666691502152
25596,LOF,0.05890907254810781,0.06447012454073782,0.8766208029111544
25597,LOF,0.0388513798958487,0.07919623131462201,0.8819523887895292
25598,LOF,0.033820351991013374,0.09778706049181314,0.8683925875171735
25599,GOF,0.007811365105972809,0.5645968079052582,0.4275918269887688
25600,GOF,0.029746530450523823,0.614501676639191,0.35575179291028514
25601,LOF,0.015470863431933194,0.4353490833755394,0.5491800531925274
25602,LOF,0.01462438754075012,0.05411244025954732,0.9312631721997026
25603,LOF,0.05346074886312295,0.019430207604087823,0.9271090435327892
25604,LOF,0.014628159390160066,0.08454047428818079,0.9008313663216593
25605,LOF,0.007599698648296385,0.21749413754126062,0.7749061638104431
25606,LOF,0.11772375329202157,0.36043412609729614,0.5218421206106822
25607,LOF,0.005575960042189413,0.2267441255001269,0.7676799144576837
25608,LOF,0.011816260965765471,0.10490027841380245,0.883283460620432
25609,LOF,0.06906795254516207,0.3827877035288008,0.5481443439260371
25610,LOF,0.019927913491500273,0.02869593767632158,0.9513761488321781
25611,LOF,0.020151507242526484,0.02930591483356842,0.9505425779239052
25612,LOF,0.06650516765581622,0.03948031176314701,0.8940145205810368
25613,LOF,0.05573747731354249,0.04412611812716988,0.9001364045592877
25614,LOF,0.025766455897692334,0.03378807608835734,0.9404454680139503
25615,LOF,0.018070389122385205,0.044658211333780735,0.937271399543834
25616,LOF,0.05921976678524114,0.030683211791007234,0.9100970214237516
25617,LOF,0.05671379280072849,0.03586147434584849,0.9074247328534231
25618,LOF,0.07265365624834791,0.03708922721776101,0.8902571165338911
25619,LOF,0.017894801803284573,0.03496623941245605,0.9471389587842594
25620,LOF,0.06977909962369715,0.04107381402679203,0.8891470863495108
25621,LOF,0.018133616219769607,0.04541277956338211,0.9364536042168483
25622,LOF,0.02207405973291075,0.04538962999975605,0.9325363102673332
25623,LOF,0.039311042344726745,0.03164006245523398,0.9290488952000393
25624,LOF,0.022148884346097467,0.0429927854414194,0.9348583302124831
25625,LOF,0.025935432279244008,0.05986115152787795,0.9142034161928781
25626,LOF,0.05362509614627698,0.03756873537279994,0.908806168480923
25627,Neutral,0.5864242652999718,0.10801976489909648,0.3055559698009317
25628,LOF,0.21048583234014318,0.05353211688482602,0.7359820507750308
25629,LOF,0.04432174867307459,0.05203967223981064,0.9036385790871148
25630,LOF,0.14387582675926228,0.0846731639523531,0.7714510092883847
25631,Neutral,0.6103030168195145,0.054460675717567845,0.33523630746291777
25632,LOF,0.008412833652957648,0.07712657317830235,0.91446059316874
25633,LOF,0.26964695847146836,0.05647033487895907,0.6738827066495726
25634,LOF,0.030571248637505512,0.11197604353228412,0.8574527078302103
25635,LOF,0.03300934083218093,0.06056832203135708,0.906422337136462
25636,GOF,0.005270584018591969,0.5882468796393984,0.4064825363420096
25637,GOF,0.006760818627321342,0.6056067692686313,0.38763241210404725
25638,LOF,0.01055986593376709,0.29225763087091156,0.6971825031953214
25639,LOF,0.005536493989337541,0.46953743190704267,0.5249260741036198
25640,Neutral,0.46191462729163085,0.44879644692027715,0.08928892578809208
25641,LOF,0.012916056057671486,0.30568922385135644,0.6813947200909721
25642,LOF,0.2594675493909878,0.06998383367823947,0.6705486169307726
25643,LOF,0.13530333928217614,0.1777468964848967,0.6869497642329272
25644,GOF,0.01041640146167825,0.4998699207290315,0.4897136778092903
25645,LOF,0.008044050303990337,0.43938165421756376,0.5525742954784458
25646,LOF,0.011786966255189931,0.3207998472965662,0.6674131864482439
25647,LOF,0.010935484678186874,0.27577693992192104,0.7132875753998921
25648,LOF,0.009331065080599802,0.26850897763537973,0.7221599572840204
25649,LOF,0.008228932107851887,0.19933407213320914,0.7924369957589389
25650,LOF,0.013736639596156074,0.4203573675208304,0.5659059928830135
25651,LOF,0.005996990123332528,0.29818718194700505,0.6958158279296625
25652,LOF,0.010588386065304557,0.24919019422583302,0.7402214197088623
25653,LOF,0.03114825013609544,0.39099476937434136,0.5778569804895632
25654,LOF,0.011736326350559989,0.15149832372429595,0.8367653499251441
25655,LOF,0.0487131291027311,0.4083869637613846,0.5428999071358843
25656,LOF,0.175747210858161,0.039699725073314165,0.7845530640685248
25657,LOF,0.24912977328604305,0.02534045353446639,0.7255297731794905
25658,LOF,0.06950034500085321,0.06364561719013712,0.8668540378090096
25659,LOF,0.3771300623086203,0.06148678188851852,0.5613831558028612
25660,LOF,0.03601571322841686,0.09758374954995438,0.8664005372216288
25661,LOF,0.10052034179266664,0.06877756662539689,0.8307020915819364
25662,LOF,0.02577234782665698,0.04526900164672737,0.9289586505266155
25663,LOF,0.03368696848774714,0.06484667009385026,0.9014663614184026
25664,LOF,0.0366537400282577,0.07373810255579034,0.8896081574159519
25665,LOF,0.05051772708783225,0.03795762951117435,0.9115246434009935
25666,LOF,0.04012139135844963,0.10371299845790369,0.8561656101836467
25667,LOF,0.07055417268754059,0.04975360855635761,0.8796922187561017
25668,LOF,0.02764901522650866,0.05339543085196205,0.9189555539215292
25669,LOF,0.029199593582948383,0.07924044495472671,0.891559961462325
25670,LOF,0.06153639012307027,0.06394179970145292,0.8745218101754769
25671,LOF,0.08974859442350719,0.04136121834036531,0.8688901872361275
25672,LOF,0.049654460314135236,0.04785050508098672,0.9024950346048781
25673,LOF,0.03021294935655495,0.05724512969113132,0.9125419209523138
25674,LOF,0.023908285457903064,0.06939457481945244,0.9066971397226445
25675,LOF,0.03664103698617206,0.06998518995737159,0.8933737730564564
25676,LOF,0.021904793971012023,0.06251678501792864,0.9155784210110592
25677,LOF,0.030357852319733657,0.07478970560185472,0.8948524420784116
25678,LOF,0.20088741680298,0.054568153432237004,0.7445444297647831
25679,LOF,0.14970347435312958,0.07734156119263591,0.7729549644542345
25680,LOF,0.03855476858531771,0.11798798700127713,0.8434572444134051
25681,LOF,0.06287133010799698,0.10705562260069956,0.8300730472913036
25682,LOF,0.11125956217961208,0.07440320094150829,0.8143372368788795
25683,LOF,0.08883700509451571,0.10827641486740101,0.8028865800380833
25684,LOF,0.043648658715463806,0.07911741936108371,0.8772339219234525
25685,LOF,0.07595936689084423,0.06903133530187217,0.8550092978072836
25686,LOF,0.03230588060596506,0.08882677720500881,0.8788673421890262
25687,LOF,0.04647103363489953,0.07239820667798469,0.8811307596871157
25688,LOF,0.04531447411885845,0.05656047220140679,0.8981250536797347
25689,LOF,0.028771822266927375,0.0574304781369788,0.9137976995960939
25690,LOF,0.030723805757157618,0.050137768719639014,0.9191384255232032
25691,LOF,0.25596510645304954,0.06385514784072943,0.680179745706221
25692,LOF,0.26656671950103844,0.0057126123902333644,0.7277206681087283
25693,LOF,0.0825613809293541,0.2421627519588264,0.6752758671118196
25694,LOF,0.25450369411151547,0.01401219277518731,0.7314841131132972
25695,LOF,0.16702203821174322,0.025486729597797055,0.8074912321904597
25696,LOF,0.10960785882487323,0.01167608951277752,0.8787160516623493
25697,LOF,0.08316741726524744,0.028526306348727846,0.8883062763860248
25698,LOF,0.05184069661774332,0.4696861018959688,0.4784732014862879
25699,LOF,0.06959212465538736,0.08656837197377862,0.843839503370834
25700,LOF,0.06901475741477965,0.008475658950553383,0.922509583634667
25701,LOF,0.017005127939386723,0.08135369394860498,0.9016411781120083
25702,GOF,0.02951370499794678,0.7037068238784419,0.2667794711236115
25703,LOF,0.008680875229546876,0.1666443839592206,0.8246747408112325
25704,LOF,0.04622893436493646,0.15892718762715807,0.7948438780079056
25705,LOF,0.06181708062492896,0.22638569030130676,0.7117972290737642
25706,GOF,0.04155519753252977,0.5256906250402134,0.4327541774272569
25707,GOF,0.02566096588122425,0.48928837844682366,0.48505065567195205
25708,LOF,0.00832234891770613,0.40063224280973225,0.5910454082725616
25709,LOF,0.05858981990828389,0.061389597126423535,0.8800205829652926
25710,LOF,0.005537203410106789,0.16014760285457513,0.8343151937353182
25711,LOF,0.020676866077531362,0.12129492962800095,0.8580282042944678
25712,LOF,0.007760234623177643,0.1688094830027716,0.8234302823740508
25713,LOF,0.01897006869258766,0.10876048313399352,0.8722694481734189
25714,LOF,0.07087812506357648,0.13539095229534578,0.7937309226410778
25715,LOF,0.013828721772316267,0.13942687896265815,0.8467443992650255
25716,LOF,0.006860400710375656,0.0985770640883183,0.8945625352013061
25717,LOF,0.005934985535303886,0.09899770848270663,0.8950673059819895
25718,LOF,0.014824232979965395,0.09033167316016227,0.8948440938598724
25719,LOF,0.024127504412213112,0.09726280100262043,0.8786096945851665
25720,LOF,0.024059702401491703,0.08841171357183625,0.887528584026672
25721,LOF,0.01691317447770285,0.11613390600188779,0.8669529195204093
25722,LOF,0.014264198789927735,0.13551093974986891,0.8502248614602034
25723,LOF,0.020679004852465245,0.0732890110779791,0.9060319840695558
25724,LOF,0.021673279146642545,0.10736147234187823,0.8709652485114792
25725,LOF,0.01424071459086109,0.07965430051087558,0.9061049848982634
25726,LOF,0.012623852331063182,0.1069196158732317,0.8804565317957052
25727,LOF,0.015179408021742115,0.09054973793844054,0.8942708540398173
25728,LOF,0.012963826363297043,0.11865665373152144,0.8683795199051816
25729,LOF,0.013583182991051473,0.11859842830727489,0.8678183887016736
25730,LOF,0.014190811926396962,0.09748287754862629,0.8883263105249767
25731,LOF,0.007646312389076864,0.13715639197738805,0.855197295633535
25732,LOF,0.014047298448905919,0.1017370499800254,0.8842156515710686
25733,LOF,0.019124454753483094,0.09071570529323861,0.8901598399532783
25734,LOF,0.005556232843182857,0.1301509547983969,0.8642928123584204
25735,LOF,0.016214244326684182,0.08260092705873624,0.9011848286145796
25736,LOF,0.015213386990705758,0.12430568623013041,0.8604809267791639
25737,LOF,0.02410347789240676,0.09827562434609696,0.8776208977614962
25738,LOF,0.015415393291266198,0.14502698964285743,0.8395576170658763
25739,LOF,0.023667056825968976,0.11922264964128458,0.8571102935327464
25740,LOF,0.034520340657037324,0.1322507676189432,0.8332288917240195
25741,LOF,0.019302523421633522,0.11482852330211799,0.8658689532762485
25742,LOF,0.11548011772538158,0.10757713029432883,0.7769427519802895
25743,LOF,0.015695071506656572,0.03535047878097697,0.9489544497123664
25744,LOF,0.23008968662231022,0.3288192595174578,0.441091053860232
25745,LOF,0.02447434443912396,0.04528145231219412,0.9302442032486818
25746,LOF,0.015436909875286658,0.05159838960773761,0.9329647005169758
25747,LOF,0.027183149724325145,0.030698213618283874,0.9421186366573909
25748,LOF,0.14720380988298418,0.04948430646225302,0.8033118836547628
25749,LOF,0.015116189826444372,0.040592335558281116,0.9442914746152745
25750,LOF,0.029417603349754913,0.05422865118070284,0.9163537454695422
25751,LOF,0.11047613455279112,0.05836442411193405,0.8311594413352748
25752,GOF,0.11377950565517107,0.6355688487857297,0.2506516455590992
25753,LOF,0.007490766872225393,0.3618541296806061,0.6306551034471685
25754,GOF,0.004790847871501331,0.8454724915425138,0.1497366605859848
25755,LOF,0.009385175559338366,0.44966069112705803,0.5409541333136035
25756,LOF,0.04286709789785413,0.42728761264286386,0.529845289459282
25757,GOF,0.005692422697351732,0.8782614497716819,0.11604612753096642
25758,GOF,0.006535068055622401,0.8689226045985929,0.12454232734578449
25759,GOF,0.004405374128694265,0.5645778520454715,0.43101677382583425
25760,LOF,0.004405856494528375,0.3240381683261303,0.6715559751793413
25761,GOF,0.034328993922144405,0.8466521503410874,0.11901885573676803
25762,LOF,0.027900088760318464,0.34634288281360276,0.6257570284260788
25763,LOF,0.005569829334605932,0.2690228597861807,0.7254073108792134
25764,GOF,0.12112986211881434,0.5640041771674817,0.31486596071370376
25765,GOF,0.009908407931137685,0.7979192072907361,0.19217238477812623
25766,GOF,0.016057032948022198,0.8162557984222804,0.16768716862969743
25767,LOF,0.021939902333199778,0.4704233689202271,0.5076367287465731
25768,LOF,0.07779355540011608,0.07092198381420689,0.8512844607856771
25769,LOF,0.08125458226357551,0.05292319225840094,0.8658222254780235
25770,LOF,0.24079230463196294,0.05980306259755093,0.699404632770486
25771,LOF,0.011472890894293307,0.06184169419627525,0.9266854149094313
25772,LOF,0.017148080537775855,0.02463558480049507,0.9582163346617291
25773,LOF,0.010157459071784194,0.10985987387467908,0.8799826670535367
25774,LOF,0.023970585168292636,0.06932284778648684,0.9067065670452205
25775,LOF,0.014184308008232699,0.04493104434156671,0.9408846476502006
25776,LOF,0.08250327623036516,0.01909111075715275,0.8984056130124821
25777,LOF,0.2710059000936043,0.03720833458980915,0.6917857653165865
25778,LOF,0.07220929010241901,0.037639382049465445,0.8901513278481155
25779,GOF,0.055724129221427436,0.8678640746599497,0.07641179611862278
25780,GOF,0.05331133546868593,0.8587637603245367,0.08792490420677722
25781,GOF,0.02220932587753974,0.8442251127375561,0.13356556138490433
25782,GOF,0.027960800467017433,0.8882958366805429,0.08374336285243954
25783,GOF,0.012628853324460634,0.6678669793171814,0.319504167358358
25784,GOF,0.1117632475622112,0.8316384057153434,0.0565983467224454
25785,GOF,0.06873768558656472,0.8747541620532522,0.05650815236018322
25786,GOF,0.004915312740497631,0.8061718609884485,0.188912826271054
25787,GOF,0.1799933025308749,0.776317519925637,0.04368917754348799
25788,LOF,0.04389438812859237,0.12593491286584033,0.8301706990055673
25789,GOF,0.030604605794135792,0.8187618686943078,0.1506335255115564
25790,GOF,0.03611698475993851,0.8550373477904,0.10884566744966137
25791,GOF,0.02590978339081586,0.7837771023590285,0.1903131142501556
25792,GOF,0.04295295091714531,0.7947336663559154,0.16231338272693932
25793,GOF,0.09360398113820698,0.7877408983321204,0.11865512052967284
25794,GOF,0.09987762552230563,0.6826077104950444,0.21751466398264982
25795,GOF,0.026862895541021035,0.7450676159443401,0.22806948851463904
25796,GOF,0.11715127760011704,0.7564880642883652,0.1263606581115178
25797,GOF,0.03014314472859729,0.5939378094670799,0.37591904580432295
25798,GOF,0.0032226941857732548,0.5489174185536074,0.4478598872606194
25799,LOF,0.0029453329756094163,0.4288245013597726,0.5682301656646179
25800,GOF,0.009644326801371377,0.6327708792164982,0.3575847939821304
25801,GOF,0.026379072421670608,0.799536404477181,0.1740845231011485
25802,GOF,0.01692914700449185,0.7241303788500386,0.2589404741454695
25803,GOF,0.009495695559790332,0.6205624281462346,0.36994187629397496
25804,GOF,0.01073542374948578,0.5034637193218546,0.48580085692865965
25805,GOF,0.019335958280528788,0.6094125036054805,0.3712515381139907
25806,GOF,0.018518890653629758,0.6468057165961967,0.3346753927501736
25807,GOF,0.004895161577934824,0.6385818123511084,0.35652302607095676
25808,GOF,0.013090586152710009,0.6454460115324514,0.3414634023148385
25809,GOF,0.0056680116651641145,0.6283543128073866,0.36597767552744936
25810,GOF,0.004946173944777046,0.6449207673735364,0.35013305868168654
25811,GOF,0.08176865825678574,0.8130833393054034,0.10514800243781078
25812,GOF,0.013253265061840016,0.6429698493395897,0.3437768855985702
25813,GOF,0.09416292168700464,0.7623339000863608,0.14350317822663458
25814,GOF,0.025132972797962887,0.712460688165427,0.26240633903661026
25815,GOF,0.03616885105372548,0.7360173735968273,0.22781377534944705
25816,GOF,0.007637772835457176,0.8008254479716455,0.19153677919289747
25817,GOF,0.06291652727273649,0.7591420076427664,0.17794146508449726
25818,GOF,0.02118738174595488,0.760603428711385,0.21820918954266028
25819,GOF,0.06339950747863016,0.7449600420369255,0.19164045048444447
25820,GOF,0.030615239818359247,0.7204108580622614,0.24897390211937934
25821,GOF,0.01707590659735095,0.7070048245287865,0.2759192688738626
25822,GOF,0.03383907796161358,0.7302202813779338,0.2359406406604526
25823,GOF,0.011537396818393678,0.567079036662335,0.4213835665192712
25824,GOF,0.020016006270428897,0.7043094917475669,0.2756745019820042
25825,GOF,0.012080006940855774,0.6845596916449882,0.30336030141415604
25826,GOF,0.005075381898824357,0.647676364944303,0.3472482531568727
25827,GOF,0.007354548207882076,0.6439755318903317,0.34866991990178636
25828,GOF,0.004934283736490782,0.5758838122421953,0.41918190402131394
25829,GOF,0.0028649872299052457,0.6365232103143844,0.36061180245571034
25830,LOF,0.03029186576259266,0.3835422472876043,0.5861658869498031
25831,GOF,0.032851582873729517,0.8385349845915498,0.12861343253472063
25832,GOF,0.007612972253931194,0.7610788403073997,0.23130818743866904
25833,GOF,0.026343023179409095,0.7980305111436609,0.17562646567693013
25834,GOF,0.007232259343397309,0.7654173403687228,0.2273504002878799
25835,GOF,0.017720022176515474,0.8145746197567432,0.16770535806674125
25836,GOF,0.006122449571006945,0.7637193551300634,0.2301581952989297
25837,GOF,0.005992450066380332,0.6507166055927494,0.34329094434087043
25838,GOF,0.017926264918138746,0.8262102431195846,0.15586349196227664
25839,GOF,0.03534945376843551,0.805179750048801,0.15947079618276336
25840,GOF,0.03525981732136294,0.8130651207061198,0.15167506197251715
25841,GOF,0.0340642251211365,0.8387852644189748,0.12715051045988887
25842,GOF,0.021926822721545662,0.8597961913190271,0.11827698595942734
25843,GOF,0.02485197034725616,0.8736179305898575,0.10153009906288649
25844,GOF,0.015042200334285081,0.7809929324788518,0.2039648671868631
25845,GOF,0.005331273765765731,0.555163841996317,0.43950488423791734
25846,GOF,0.024839080532053973,0.8528180001862238,0.12234291928172225
25847,GOF,0.0167850769227403,0.8858457717561876,0.09736915132107198
25848,GOF,0.014311521631312645,0.8309464799588064,0.15474199840988087
25849,GOF,0.004856689853235456,0.7056101610372875,0.2895331491094772
25850,GOF,0.006183999735195825,0.6999239062800335,0.29389209398477073
25851,GOF,0.005587124166433344,0.5698065005561309,0.4246063752774357
25852,GOF,0.15408268708071837,0.5501455676216649,0.29577174529761685
25853,GOF,0.07068346871225004,0.8318559940642748,0.0974605372234752
25854,GOF,0.009758306236591796,0.6521863687773705,0.33805532498603774
25855,GOF,0.014350278860593453,0.6047465660359698,0.38090315510343664
25856,GOF,0.03690373385357112,0.7265780934945396,0.2365181726518892
25857,GOF,0.015977506988315415,0.5522049654865397,0.43181752752514485
25858,GOF,0.007776337313046462,0.5761183882574856,0.41610527442946793
25859,GOF,0.005460033753943198,0.5537324633819904,0.4408075028640663
25860,GOF,0.06782758871884823,0.8025585858440047,0.1296138254371471
25861,GOF,0.11074982968126082,0.7961699872856421,0.09308018303309705
25862,GOF,0.019877593546903962,0.8329492065543818,0.1471731998987142
25863,GOF,0.017768319688965938,0.8434716850959004,0.13875999521513352
25864,GOF,0.03535152316309091,0.8701590036661216,0.09448947317078737
25865,GOF,0.025629511741642103,0.8468800613741533,0.1274904268842046
25866,GOF,0.021963257844904178,0.8351864479789214,0.14285029417617462
25867,GOF,0.022860877084525784,0.8594773695925545,0.11766175332291964
25868,GOF,0.04933014561863787,0.8002962636844222,0.15037359069694006
25869,GOF,0.31555246392395236,0.5952022705889268,0.08924526548712085
25870,GOF,0.1743179535562152,0.5459418983610473,0.27974014808273756
25871,GOF,0.01999915621631718,0.853152662421506,0.12684818136217682
25872,GOF,0.018548809465371192,0.8236786233913593,0.1577725671432694
25873,GOF,0.018437035912197544,0.8514880073785261,0.13007495670927638
25874,LOF,0.01589876817093439,0.14161897182016034,0.8424822600089054
25875,LOF,0.0345242553917575,0.03268454806313145,0.9327911965451111
25876,LOF,0.015264555366387121,0.026889701748161843,0.957845742885451
25877,LOF,0.13285733647517559,0.0575634637064878,0.8095791998183366
25878,LOF,0.054109691750546245,0.0781979356597528,0.867692372589701
25879,LOF,0.024561502205608748,0.058347399230212406,0.9170910985641788
25880,LOF,0.04761468087084823,0.00873804438221854,0.9436472747469332
25881,Neutral,0.5848099400916127,0.0717011055614312,0.34348895434695614
25882,LOF,0.0218448799976425,0.04700598861648309,0.9311491313858743
25883,LOF,0.0521800503411008,0.02828310305652545,0.9195368466023738
25884,LOF,0.011243312650596924,0.06596412732268192,0.922792560026721
25885,LOF,0.20085323258971735,0.009646414764080279,0.7895003526462023
25886,LOF,0.2117467985004713,0.059804803719671895,0.7284483977798568
25887,LOF,0.152793172904496,0.07607763949633416,0.7711291875991698
25888,LOF,0.01373679714739543,0.15477784019494545,0.831485362657659
25889,LOF,0.014910122705581194,0.04236581770098491,0.9427240595934339
25890,LOF,0.11590825940662206,0.08540377057258833,0.7986879700207895
25891,LOF,0.05123422098855125,0.03943980086664069,0.9093259781448081
25892,LOF,0.010466458637790825,0.05591391214877593,0.9336196292134331
25893,LOF,0.38356468955663825,0.016623924564883198,0.5998113858784786
25894,LOF,0.41830382460014603,0.007949652374482388,0.5737465230253717
25895,LOF,0.3426085490512856,0.01619682644250446,0.6411946245062098
25896,LOF,0.042277683437823774,0.03140151620088109,0.9263208003612952
25897,LOF,0.18209466263908147,0.015487531817453302,0.8024178055434653
25898,LOF,0.22086126572508613,0.04682615158995365,0.7323125826849601
25899,LOF,0.23437919311276906,0.031092650945080166,0.7345281559421508
25900,LOF,0.4536301350844762,0.012396693487471779,0.5339731714280521
25901,LOF,0.04983339666671394,0.012231637767466096,0.9379349655658199
25902,LOF,0.10435714792980177,0.020590393859799758,0.8750524582103985
25903,LOF,0.32116031766977676,0.042061606669186014,0.6367780756610372
25904,Neutral,0.48271710038190335,0.0408005802523375,0.47648231936575913
25905,LOF,0.007553691431509715,0.42294628695923026,0.56950002160926
25906,LOF,0.007921722733692366,0.12509369672654008,0.8669845805397676
25907,LOF,0.004282512496098281,0.35433329498277855,0.6413841925211232
25908,LOF,0.00413277552998033,0.25773909483113955,0.7381281296388801
25909,LOF,0.015127354059766894,0.15791414468860154,0.8269585012516316
25910,LOF,0.016285440553547473,0.1261895876420325,0.8575249718044201
25911,LOF,0.16116685294282126,0.028852199574479827,0.8099809474826989
25912,LOF,0.07021083660735616,0.0428662481311557,0.8869229152614881
25913,LOF,0.06540403571171517,0.05241567354013232,0.8821802907481525
25914,LOF,0.02343152876622536,0.05659742882537374,0.9199710424084009
25915,LOF,0.13766055280566772,0.2390589939438744,0.6232804532504579
25916,LOF,0.02234226760746371,0.16934156364032493,0.8083161687522115
25917,LOF,0.06338196745882839,0.04157375881145396,0.8950442737297177
25918,LOF,0.027038833718660428,0.03531130561151916,0.9376498606698203
25919,LOF,0.023111358767947527,0.03413632692984083,0.9427523143022117
25920,LOF,0.10836629767583694,0.20331935612974258,0.6883143461944206
25921,LOF,0.009766051989419846,0.03958431841678301,0.9506496295937972
25922,LOF,0.012380133194097982,0.029194858427578744,0.9584250083783233
25923,LOF,0.41423948169485547,0.03968811365738436,0.5460724046477601
25924,LOF,0.017890274639391444,0.04732261737302276,0.9347871079875858
25925,LOF,0.07341663670181425,0.047334372471335415,0.8792489908268503
25926,LOF,0.051394143446331184,0.04534877385252119,0.9032570827011477
25927,LOF,0.021128037265230958,0.06782541327321966,0.9110465494615495
25928,LOF,0.007861092391009041,0.05433330554342583,0.9378056020655651
25929,Neutral,0.48535618628907706,0.037507386434197904,0.4771364272767251
25930,LOF,0.08673182380908523,0.03572981376912358,0.8775383624217912
25931,LOF,0.010202704889005772,0.035702233891872985,0.9540950612191214
25932,LOF,0.03632258907650229,0.03181302800320423,0.9318643829202935
25933,LOF,0.04397955455341352,0.019221796598487714,0.9367986488480987
25934,LOF,0.02800523552211528,0.020561653358174673,0.9514331111197102
25935,LOF,0.06856430670413009,0.057752191668944075,0.8736835016269258
25936,LOF,0.042642907522921866,0.021562871343896443,0.9357942211331818
25937,LOF,0.009999263915312383,0.03699228435177097,0.9530084517329167
25938,LOF,0.06661399805734794,0.06210158156195816,0.8712844203806939
25939,LOF,0.03563985639940796,0.02309925976978561,0.9412608838308064
25940,LOF,0.00782175119385603,0.3599194221876371,0.6322588266185069
25941,Neutral,0.5352513868188111,0.02874891539944668,0.43599969778174225
25942,LOF,0.005568621417642809,0.041203139782884916,0.9532282387994722
25943,LOF,0.03606448411679401,0.1416884126860412,0.8222471031971648
25944,LOF,0.11838107235540109,0.07429289597543248,0.8073260316691665
25945,LOF,0.060961847913524714,0.020414513816801056,0.9186236382696742
25946,LOF,0.06711683023003408,0.057131967559620994,0.8757512022103449
25947,Neutral,0.490884806873826,0.08188576446666002,0.42722942865951397
25948,LOF,0.35647026252664327,0.00903824700928179,0.6344914904640749
25949,LOF,0.10193113938143125,0.05460463158724177,0.8434642290313269
25950,GOF,0.053943133181557676,0.5609938550350851,0.38506301178335717
25951,LOF,0.01535388325484494,0.3993271326486965,0.5853189840964587
25952,LOF,0.26055038577076156,0.2579358146687039,0.4815137995605344
25953,LOF,0.011135546921468838,0.17573218688514708,0.8131322661933841
25954,LOF,0.04371757633023097,0.43532310577009103,0.520959317899678
25955,LOF,0.010338664998283873,0.1360111863109489,0.8536501486907673
25956,LOF,0.025232718754780975,0.3075884564319599,0.6671788248132591
25957,LOF,0.20213577325266813,0.03526414282007466,0.7626000839272572
25958,LOF,0.0536192695747905,0.03084586578672126,0.9155348646384882
25959,LOF,0.014061259757663026,0.4886580928483168,0.4972806473940203
25960,LOF,0.005413151863036251,0.052665089037549795,0.9419217590994139
25961,LOF,0.05256868882663499,0.028235345317565715,0.9191959658557993
25962,LOF,0.03420479539243394,0.08354223877153867,0.8822529658360274
25963,LOF,0.005835452843708295,0.2632138160278624,0.7309507311284292
25964,LOF,0.0281556167206359,0.10377262606002802,0.8680717572193362
25965,LOF,0.3096877383510497,0.1380947735639457,0.5522174880850047
25966,Neutral,0.4357794032357692,0.16685282540173038,0.3973677713625003
25967,LOF,0.006255500750993726,0.0869903648490882,0.9067541343999181
25968,LOF,0.04261756046850186,0.28769702343330306,0.6696854160981951
25969,LOF,0.12239825603112256,0.07945218882030884,0.7981495551485686
25970,LOF,0.0195310065463547,0.08691320143458955,0.8935557920190558
25971,LOF,0.07070656342606847,0.030539359427082975,0.8987540771468486
25972,LOF,0.05706519262262324,0.040749410676713484,0.9021853967006633
25973,LOF,0.0597891521743119,0.013446633299504665,0.9267642145261834
25974,LOF,0.04081500180953474,0.044511119056027566,0.9146738791344378
25975,LOF,0.04163382985110139,0.02983726980545309,0.9285289003434456
25976,LOF,0.11828300250794899,0.014047432857627233,0.8676695646344238
25977,LOF,0.20046935779788755,0.057273652857731915,0.7422569893443804
25978,LOF,0.1355769873651321,0.12235302663697385,0.7420699859978941
25979,LOF,0.11759597470797407,0.1398430895778596,0.7425609357141663
25980,LOF,0.22881475692423833,0.14549832339072996,0.6256869196850318
25981,LOF,0.2289932618244322,0.1466534598887914,0.6243532782867764
25982,LOF,0.37599074450646586,0.100627339017677,0.5233819164758571
25983,LOF,0.3726968363930704,0.11416878887296401,0.5131343747339656
25984,LOF,0.035846076487731374,0.06853858558510477,0.8956153379271639
25985,LOF,0.40222007719065866,0.12886865200223055,0.46891127080711076
25986,LOF,0.011903397104513248,0.45041929301083766,0.537677309884649
25987,LOF,0.03613181935859258,0.11687674484749495,0.8469914357939125
25988,LOF,0.1393357833640447,0.1386098894883193,0.722054327147636
25989,LOF,0.042399599147659804,0.16889492559695368,0.7887054752553866
25990,LOF,0.04297917555545082,0.26486308110175305,0.6921577433427961
25991,LOF,0.021343091408092995,0.37745418135148195,0.6012027272404251
25992,LOF,0.027810503167968355,0.3712867431199984,0.6009027537120333
25993,LOF,0.02185627076440713,0.08685347334816444,0.8912902558874285
25994,LOF,0.01721258276855009,0.07846067083111295,0.9043267464003368
25995,LOF,0.018297804502049802,0.16589390199418438,0.8158082935037658
25996,LOF,0.3228594652256089,0.2710008578419944,0.4061396769323968
25997,LOF,0.09262092341801594,0.32208619562434476,0.5852928809576393
25998,LOF,0.29781087320456723,0.0610167552965936,0.6411723714988393
25999,LOF,0.02122667918440802,0.21616505967230823,0.7626082611432837
26000,LOF,0.15818371616205934,0.03361920045184054,0.8081970833861002
26001,LOF,0.3015802034097636,0.023085171226776603,0.6753346253634598
26002,LOF,0.07672906985539939,0.04627138240932081,0.8769995477352799
26003,GOF,0.003780139082085102,0.6457552264954264,0.35046463442248843
26004,GOF,0.0060634480047196525,0.7252946208963553,0.26864193109892504
26005,GOF,0.0030473346437791993,0.5375735051365109,0.45937916021970987
26006,GOF,0.07862849465386003,0.6552691771339116,0.2661023282122284
26007,GOF,0.00638292745251205,0.5987078429291615,0.39490922961832636
26008,GOF,0.005205266398936672,0.6900187633587442,0.3047759702423191
26009,GOF,0.00582060230729763,0.6792714919701828,0.31490790572251953
26010,GOF,0.006583848161047616,0.7026542532279706,0.29076189861098173
26011,GOF,0.0028832794309319506,0.5053403263714666,0.49177639419760144
26012,GOF,0.003951130188210233,0.5958578808880984,0.40019098892369126
26013,GOF,0.0046727943632719066,0.6477220163041422,0.3476051893325859
26014,LOF,0.03834594957333993,0.09861383904028503,0.863040211386375
26015,LOF,0.13387300617276787,0.017030109180534013,0.8490968846466981
26016,LOF,0.2863939625445583,0.03397463660097331,0.6796314008544684
26017,LOF,0.02320705889541014,0.18744914891168052,0.7893437921929093
26018,LOF,0.05177404207671928,0.039093054519444094,0.9091329034038367
26019,LOF,0.05126891962558878,0.03451086909202592,0.9142202112823853
26020,LOF,0.00904116734613032,0.19300468076896243,0.7979541518849071
26021,LOF,0.06708658476308667,0.06614347002109155,0.8667699452158217
26022,LOF,0.029045384599785718,0.025344134987272407,0.9456104804129418
26023,LOF,0.04148488724088171,0.024183028963220686,0.9343320837958976
26024,LOF,0.04543230453189477,0.06483514008542751,0.8897325553826777
26025,LOF,0.052946361329830355,0.07653183177813552,0.8705218068920342
26026,LOF,0.08199920202238822,0.05788180728221377,0.860118990695398
26027,LOF,0.044797070592126766,0.01971218076629046,0.9354907486415828
26028,LOF,0.09028636444086888,0.1334758498771034,0.7762377856820277
26029,LOF,0.02200562420140245,0.21889666774761785,0.7590977080509798
26030,LOF,0.1554353519467636,0.03032402250628387,0.8142406255469526
26031,LOF,0.013270581110391692,0.15822955941096847,0.8284998594786398
26032,LOF,0.06888048960909952,0.06492898362848146,0.866190526762419
26033,LOF,0.08666156148667628,0.06025932737665804,0.8530791111366657
26034,LOF,0.01564879255318004,0.18521561091684693,0.799135596529973
26035,LOF,0.014424143969856805,0.13877306303583395,0.8468027929943093
26036,LOF,0.014967693838346582,0.1650263563831725,0.8200059497784808
26037,LOF,0.013003145260841103,0.11980780259068495,0.8671890521484741
26038,LOF,0.05801018137601505,0.059324363877250846,0.8826654547467342
26039,LOF,0.027076383999257023,0.16281615127695384,0.8101074647237891
26040,LOF,0.1174507342696246,0.1416913295839461,0.7408579361464294
26041,LOF,0.0151950079996348,0.09735756913087035,0.8874474228694949
26042,LOF,0.013679103221692227,0.10437184414521476,0.881949052633093
26043,LOF,0.057047905784754604,0.0759169762544139,0.8670351179608315
26044,LOF,0.011063997217328193,0.06594221486937131,0.9229937879133006
26045,LOF,0.047040655764050955,0.11728703280528593,0.835672311430663
26046,LOF,0.050490397049559245,0.05986552878183819,0.8896440741686027
26047,LOF,0.08539331692114435,0.05863407343774652,0.8559726096411091
26048,LOF,0.04124624517720168,0.04136586400942774,0.9173878908133706
26049,Neutral,0.9624109855535483,0.0062553026456749535,0.031333711800776626
26050,Neutral,0.9471018666032835,0.0067634820148148155,0.046134651381901814
26051,LOF,0.012455510923664512,0.15626298647155792,0.8312815026047775
26052,LOF,0.019296291473867105,0.20309584260434874,0.7776078659217841
26053,LOF,0.024239435770357316,0.12779500607610908,0.8479655581535336
26054,LOF,0.04526447875605884,0.019560796080968383,0.9351747251629728
26055,LOF,0.05667061052150309,0.01918949932227461,0.9241398901562222
26056,LOF,0.04812696609229055,0.02433928215368938,0.92753375175402
26057,LOF,0.029731525152943042,0.013843990864268352,0.9564244839827886
26058,LOF,0.030641678383297847,0.012046330410645489,0.9573119912060567
26059,LOF,0.31465811977223307,0.02150271119505953,0.6638391690327073
26060,LOF,0.010175241264151263,0.1887664168011503,0.8010583419346985
26061,LOF,0.004993782299739071,0.015047518226254655,0.9799586994740063
26062,LOF,0.0036527448179257873,0.02208497113670223,0.974262284045372
26063,LOF,0.021209933357562834,0.012631774940381766,0.9661582917020554
26064,LOF,0.005712159393420458,0.025823330245413036,0.9684645103611665
26065,LOF,0.02442188442386686,0.012733408142121693,0.9628447074340115
26066,LOF,0.022610765079172018,0.012370715398091628,0.9650185195227363
26067,LOF,0.026634526431925768,0.011213399550066571,0.9621520740180077
26068,LOF,0.041382671725840064,0.040615526411195826,0.9180018018629641
26069,LOF,0.2687070751067594,0.024044773501677896,0.7072481513915627
26070,LOF,0.4269617531664114,0.019486446000107894,0.5535518008334807
26071,LOF,0.023044064133436543,0.012924105879059025,0.9640318299875045
26072,LOF,0.005477858918882479,0.026211810373814086,0.9683103307073033
26073,LOF,0.020910297074081752,0.016159235634092273,0.962930467291826
26074,Neutral,0.9185684941969431,0.007202462859309119,0.07422904294374787
26075,LOF,0.03735394579628842,0.019340551881641053,0.9433055023220706
26076,LOF,0.03296422942459694,0.011816601319298452,0.9552191692561046
26077,LOF,0.11791984259789083,0.0089690653763253,0.8731110920257839
26078,LOF,0.005470374086141483,0.017021233222158712,0.9775083926916998
26079,LOF,0.052071830787902576,0.02079760637236894,0.9271305628397285
26080,LOF,0.050122879030669004,0.020852012584877684,0.9290251083844534
26081,LOF,0.027608388269828543,0.00912038148368988,0.9632712302464815
26082,LOF,0.0038848712120238362,0.018527481255280222,0.977587647532696
26083,LOF,0.10743569184475958,0.02038268428050827,0.8721816238747322
26084,LOF,0.03993459336422476,0.015864881904921586,0.9442005247308536
26085,LOF,0.035939865333151626,0.014111507478427876,0.9499486271884207
26086,LOF,0.02189098458147331,0.013130308600565159,0.9649787068179614
26087,LOF,0.020747111610331735,0.01144159535842885,0.9678112930312395
26088,LOF,0.005548128171961726,0.022669619900051237,0.9717822519279871
26089,LOF,0.0370972380661513,0.02653454508115636,0.9363682168526923
26090,LOF,0.03778178838521953,0.02189504153289464,0.9403231700818858
26091,LOF,0.027354555662371546,0.007834581253924404,0.9648108630837041
26092,LOF,0.022170961456246984,0.009522147030336665,0.9683068915134163
26093,LOF,0.03863722930299752,0.007143517982776295,0.9542192527142261
26094,LOF,0.031180801305946845,0.00733465350389366,0.9614845451901595
26095,LOF,0.01707506526999163,0.019495275398499264,0.9634296593315091
26096,LOF,0.1651510742394204,0.007318163112784965,0.8275307626477947
26097,LOF,0.0044748228142572925,0.03859058235639784,0.9569345948293448
26098,LOF,0.06899963631239182,0.019377905608075917,0.9116224580795323
26099,LOF,0.021555224540556864,0.015655826717948997,0.9627889487414941
26100,LOF,0.02155504569063773,0.01565569681703623,0.9627892574923259
26101,LOF,0.04987621737945543,0.022106662791888134,0.9280171198286563
26102,LOF,0.02066719333064133,0.01613137356197801,0.9632014331073807
26103,Neutral,0.83451547769426,0.02418120347978084,0.14130331882595912
26104,LOF,0.06104887412987111,0.02658345889695329,0.9123676669731756
26105,LOF,0.23796661325990076,0.1610937487806393,0.6009396379594598
26106,LOF,0.36204001914575884,0.14180163112208952,0.4961583497321517
26107,LOF,0.01844332249903433,0.12325484089784985,0.8583018366031158
26108,LOF,0.34376383765775526,0.044526413338882576,0.6117097490033621
26109,LOF,0.045728660471999104,0.06205837920437319,0.8922129603236277
26110,LOF,0.21642272466103132,0.006660452975957799,0.7769168223630109
26111,LOF,0.06900534689691543,0.07863083761231188,0.8523638154907727
26112,LOF,0.034583328271188395,0.0077362581367813096,0.9576804135920303
26113,LOF,0.05753377313174815,0.017186260133029405,0.9252799667352224
26114,LOF,0.07664886971629903,0.010640527062739973,0.9127106032209611
26115,LOF,0.016874593139030957,0.06757187515485877,0.9155535317061103
26116,LOF,0.10012089785945681,0.04186074233528003,0.8580183598052632
26117,LOF,0.4086545799879663,0.0333497068274036,0.55799571318463
26118,LOF,0.03226295094334225,0.017674078702807346,0.9500629703538505
26119,LOF,0.004849414619210903,0.04279024192077528,0.9523603434600137
26120,LOF,0.025067528858602733,0.016914709204105552,0.9580177619372917
