feature0,prediction,LoGoFunc_Neutral,LoGoFunc_GOF,LoGoFunc_LOF
25546,Neutral,0.6087054533196137,0.16068268062210372,0.23061186605828257
25547,Neutral,0.43120841429472245,0.31784590335586854,0.250945682349409
25548,Neutral,0.411326073051128,0.25330695672283154,0.3353669702260404
25549,Neutral,0.37873937990717604,0.2633112465303024,0.3579493735625216
25550,LOF,0.28865461175524604,0.31121535736691086,0.40013003087784316
25551,LOF,0.20753447191941946,0.29755850589898697,0.4949070221815936
25552,LOF,0.12519917741275197,0.280519246757424,0.594281575829824
25553,Neutral,0.8159117433122884,0.06548649202508451,0.11860176466262702
25554,LOF,0.15412529557931245,0.2844465764542861,0.5614281279664014
25555,LOF,0.12726177464174535,0.2496639897854628,0.6230742355727918
25556,Neutral,0.48574924933284236,0.20673668112829394,0.30751406953886373
25557,LOF,0.1310322655684856,0.2668910266080181,0.6020767078234962
25558,LOF,0.15825818903872252,0.3243039116455797,0.5174378993156977
25559,Neutral,0.5109641295162354,0.01904494028216238,0.4699909302016022
25560,LOF,0.03954556956688591,0.24699658071701275,0.7134578497161014
25561,LOF,0.09938614443126163,0.29603768744389364,0.6045761681248447
25562,LOF,0.13092366437733463,0.05352754986883109,0.8155487857538343
25563,LOF,0.1284810993412247,0.09507613038694221,0.7764427702718331
25564,LOF,0.07264245227946604,0.20469076387288568,0.7226667838476483
25565,LOF,0.12167791378647679,0.2224808473009172,0.655841238912606
25566,GOF,0.018900586111928915,0.6183526665057794,0.3627467473822917
25567,LOF,0.01070272381612661,0.09636974737187465,0.8929275288119988
25568,LOF,0.05412231314660312,0.040779466270905056,0.9050982205824918
25569,LOF,0.10159092839879005,0.03224990616795947,0.8661591654332504
25570,LOF,0.05479491084490121,0.03203963199410973,0.9131654571609891
25571,LOF,0.06528473635392813,0.028532350912948673,0.9061829127331231
25572,LOF,0.04164022310113066,0.03856985437721642,0.9197899225216529
25573,LOF,0.021595833309887316,0.047395409980328436,0.9310087567097842
25574,LOF,0.009723996598661654,0.20587628204780065,0.7843997213535377
25575,LOF,0.050382353611805514,0.02356203880340977,0.9260556075847848
25576,LOF,0.01583361683180007,0.022467207677021254,0.9616991754911787
25577,LOF,0.009115580367016526,0.025419408701829634,0.9654650109311538
25578,LOF,0.2314426278917123,0.05086619425430636,0.7176911778539813
25579,LOF,0.19180969958980282,0.0500890852015949,0.7581012152086023
25580,LOF,0.029265737409391777,0.020229034932979464,0.9505052276576288
25581,LOF,0.04724178280378689,0.05781071553141156,0.8949475016648015
25582,LOF,0.04738139298596461,0.047504262755657195,0.9051143442583782
25583,LOF,0.03180766867385762,0.023545395927081714,0.9446469353990607
25584,Neutral,0.5052460475686567,0.07283072804075985,0.42192322439058355
25585,LOF,0.027936165971330924,0.03555277977979769,0.9365110542488713
25586,LOF,0.03143103881650109,0.018522989536881862,0.9500459716466171
25587,LOF,0.02597486852161338,0.01627724209642915,0.9577478893819574
25588,LOF,0.02521046370832814,0.02109990004209354,0.9536896362495784
25589,Neutral,0.6602271619618146,0.07353966327220858,0.2662331747659768
25590,LOF,0.021347760088890156,0.062045697352532396,0.9166065425585775
25591,LOF,0.06844563827482043,0.044641311467777015,0.8869130502574026
25592,LOF,0.09940537651701567,0.03882875911309699,0.8617658643698873
25593,LOF,0.010755955422155941,0.38112149234082143,0.6081225522370227
25594,LOF,0.05416539085797836,0.05897644249632749,0.8868581666456941
25595,LOF,0.10709981970982493,0.0826248722677728,0.8102753080224022
25596,LOF,0.09196966613460564,0.049440092005361896,0.8585902418600325
25597,LOF,0.07939191729716774,0.015177531789782706,0.9054305509130495
25598,LOF,0.1416340994997069,0.06377308212525053,0.7945928183750425
25599,GOF,0.009190254927365481,0.6300992167560402,0.3607105283165944
25600,GOF,0.010578600755662396,0.5396558399345738,0.4497655593097638
25601,LOF,0.006718287928533223,0.2970606593162913,0.6962210527551754
25602,LOF,0.020421739062239225,0.07479659764785666,0.9047816632899041
25603,LOF,0.03900284819793285,0.06347342846676444,0.8975237233353027
25604,LOF,0.03912572641083576,0.06542434913567724,0.895449924453487
25605,LOF,0.013837366726487412,0.18551795819833075,0.8006446750751819
25606,LOF,0.0649623681050227,0.45232513066058677,0.48271250123439047
25607,LOF,0.0034104727464868622,0.13435706180189302,0.8622324654516202
25608,LOF,0.0687567831107232,0.02276559671863943,0.9084776201706373
25609,LOF,0.08412175101835953,0.1739356703719263,0.7419425786097142
25610,LOF,0.04222794186972849,0.017364228172485667,0.9404078299577859
25611,LOF,0.054788797674426216,0.010956670374492663,0.9342545319510811
25612,LOF,0.2972202999494967,0.013562281308345506,0.6892174187421578
25613,LOF,0.14548601112304937,0.024166561477726126,0.8303474273992246
25614,LOF,0.03885663833794045,0.0333199266935753,0.9278234349684842
25615,LOF,0.07755565067855448,0.02708126159661779,0.8953630877248276
25616,LOF,0.0308651163591586,0.042978918842359,0.9261559647984825
25617,LOF,0.04430120475512243,0.027923806450000203,0.9277749887948773
25618,LOF,0.21185385970767442,0.03806078473915853,0.750085355553167
25619,LOF,0.04084361754579833,0.027127643725887402,0.9320287387283144
25620,LOF,0.03689820411258535,0.04329527043623608,0.9198065254511785
25621,LOF,0.039128333771538557,0.020105430068092237,0.9407662361603691
25622,LOF,0.02934942616037361,0.03942681521868757,0.9312237586209389
25623,LOF,0.04993975188596388,0.024819017853452835,0.9252412302605834
25624,LOF,0.03261221734024349,0.04361571760862916,0.9237720650511272
25625,LOF,0.04417764637452514,0.04005287489511663,0.9157694787303583
25626,LOF,0.163458597182885,0.01696237947146668,0.8195790233456484
25627,Neutral,0.4932889378925934,0.07664874010351658,0.43006232200389005
25628,LOF,0.18169364970296462,0.03644406755817594,0.7818622827388595
25629,LOF,0.08653036982487561,0.06357416481020062,0.8498954653649238
25630,LOF,0.18691663290764926,0.04627735485619645,0.7668060122361543
25631,Neutral,0.5705574855025889,0.04141086901734921,0.38803164548006197
25632,LOF,0.015925954593658403,0.17096500007120782,0.8131090453351337
25633,GOF,0.20599447995546222,0.406403392424623,0.38760212761991475
25634,LOF,0.03933078399284427,0.2610357502153539,0.6996334657918017
25635,LOF,0.034386518632410074,0.22167855587075525,0.7439349254968348
25636,LOF,0.0055182814611911485,0.4088533527935231,0.5856283657452858
25637,LOF,0.004359640932705501,0.2518977337368459,0.7437426253304487
25638,LOF,0.006114911616659128,0.2539926291914818,0.7398924591918591
25639,LOF,0.004660228503671759,0.21214404673019835,0.78319572476613
25640,GOF,0.36770905287851907,0.5735348993634763,0.0587560477580047
25641,LOF,0.007351029736940478,0.1855083889601976,0.8071405813028619
25642,LOF,0.21983692892938006,0.06828357803919927,0.7118794930314207
25643,LOF,0.24788691013574365,0.09464350371930502,0.6574695861449514
25644,GOF,0.012313612001588363,0.5190876024451399,0.4685987855532716
25645,GOF,0.009570909273428673,0.5961061773919917,0.3943229133345796
25646,LOF,0.01078999766994933,0.3621092012389453,0.6271008010911054
25647,LOF,0.010248153641018812,0.29600740750555854,0.6937444388534226
25648,LOF,0.007222458387609842,0.36546400080250513,0.627313540809885
25649,LOF,0.007245624773664733,0.23718556131422716,0.7555688139121081
25650,GOF,0.024670377925939502,0.5120104397780777,0.46331918229598285
25651,LOF,0.006892570450694819,0.23832879149453762,0.7547786380547675
25652,LOF,0.011849730083527193,0.34791759821178286,0.6402326717046899
25653,GOF,0.041347418973552985,0.49166888849998164,0.46698369252646543
25654,LOF,0.008119228832562797,0.3763246579324085,0.6155561132350287
25655,GOF,0.0881062038621092,0.5138939572659408,0.3979998388719501
25656,LOF,0.09817656210031557,0.03143772363708261,0.8703857142626018
25657,LOF,0.2601364473148227,0.018109056875052237,0.721754495810125
25658,LOF,0.029962701122335417,0.07670718183133761,0.8933301170463269
25659,LOF,0.2669127327739534,0.07426113366688232,0.6588261335591642
25660,LOF,0.10890550622000995,0.07749100596113702,0.8136034878188529
25661,LOF,0.06297240295055982,0.06488163599750361,0.8721459610519365
25662,LOF,0.04213572743006099,0.0567736408678492,0.9010906317020898
25663,LOF,0.04436769719318359,0.08745997222531324,0.868172330581503
25664,LOF,0.026712099298550705,0.19728749512910937,0.7760004055723398
25665,LOF,0.0448843635295908,0.07377233492194468,0.8813433015484646
25666,LOF,0.03501291451920685,0.23079981169415228,0.734187273786641
25667,LOF,0.03691696583310176,0.04026403541018697,0.9228189987567113
25668,LOF,0.04121386586280884,0.05466882115071265,0.9041173129864786
25669,LOF,0.03290113071662187,0.09744445012318227,0.8696544191601959
25670,LOF,0.06469884372265776,0.09591402891938682,0.8393871273579554
25671,LOF,0.05637035874416501,0.03321846936108002,0.910411171894755
25672,LOF,0.059254218166688015,0.057654400666592984,0.883091381166719
25673,LOF,0.0358832483672196,0.10660619740267993,0.8575105542301005
25674,LOF,0.024801237698685575,0.14270828444156966,0.8324904778597448
25675,LOF,0.03178671730375946,0.04815541241792236,0.9200578702783182
25676,LOF,0.04195950323370855,0.05266217559765021,0.9053783211686411
25677,LOF,0.07556652832443946,0.04549991603443525,0.8789335556411254
25678,LOF,0.16680568053943665,0.06143469343107403,0.7717596260294893
25679,LOF,0.09774479421778151,0.09998822015474214,0.8022669856274764
25680,LOF,0.10673946405147898,0.09315574181885392,0.8001047941296672
25681,LOF,0.11361150856889797,0.09192060413936627,0.7944678872917359
25682,LOF,0.045991630783292554,0.038472248299784725,0.9155361209169226
25683,LOF,0.06955112979906958,0.06520232170222195,0.8652465484987084
25684,LOF,0.06216893512000747,0.05477056418933148,0.8830605006906611
25685,LOF,0.12106569514417742,0.02944194403066735,0.8494923608251552
25686,LOF,0.02685119542548961,0.09549476077702652,0.8776540437974838
25687,LOF,0.04048082760979087,0.08574422455688213,0.873774947833327
25688,LOF,0.029208462806501023,0.11918549951027324,0.8516060376832257
25689,LOF,0.01578649937849768,0.06920358101941904,0.9150099196020833
25690,LOF,0.022289580013564056,0.1057234558927428,0.8719869640936931
25691,LOF,0.15837828007175958,0.1674644787005194,0.674157241227721
25692,LOF,0.3607905730590623,0.013509667983794958,0.6256997589571428
25693,LOF,0.031400097965982074,0.4057749624870108,0.5628249395470071
25694,LOF,0.25332511003631997,0.011075625670332758,0.7355992642933472
25695,LOF,0.19773342797734342,0.014717152792872024,0.7875494192297846
25696,LOF,0.08568596573476732,0.015889154934613743,0.898424879330619
25697,LOF,0.08541557720340426,0.014620400297556183,0.8999640224990395
25698,LOF,0.017254448069868065,0.26184738483317965,0.7208981670969523
25699,LOF,0.06322372536252847,0.36249561738659736,0.5742806572508741
25700,LOF,0.046935239816803434,0.026441246486976603,0.92662351369622
25701,LOF,0.00968844323709898,0.3504754690070333,0.6398360877558678
25702,GOF,0.02934063751151807,0.49996148756496694,0.470697874923515
25703,LOF,0.016902239585392793,0.07136732129548468,0.9117304391191225
25704,LOF,0.06198775826643597,0.06197305216336981,0.8760391895701943
25705,LOF,0.11744100102742357,0.1727929403142333,0.7097660586583431
25706,GOF,0.020263965035540107,0.6161203584875666,0.3636156764768933
25707,GOF,0.02813817450000484,0.48611881266725465,0.4857430128327404
25708,GOF,0.007967199136034227,0.5517147873396125,0.4403180135243533
25709,LOF,0.05557483951525315,0.06608045857640059,0.8783447019083463
25710,LOF,0.008097914510043236,0.14535124718325507,0.8465508383067017
25711,LOF,0.06125092659827574,0.09506090114999209,0.8436881722517322
25712,LOF,0.01260192008134438,0.17612573614676852,0.8112723437718871
25713,LOF,0.05309249556516034,0.09474734425516855,0.8521601601796711
25714,LOF,0.04274902269837823,0.18737620191457047,0.7698747753870513
25715,LOF,0.04515795555012738,0.12455071357428409,0.8302913308755885
25716,LOF,0.006775110104001415,0.06860045418179402,0.9246244357142046
25717,LOF,0.006500821351039719,0.05480436289093481,0.9386948157580254
25718,LOF,0.045317279290649166,0.04920666058398389,0.905476060125367
25719,LOF,0.05152138464040755,0.10909093036179714,0.8393876849977953
25720,LOF,0.046555103094310574,0.11392426165337981,0.8395206352523097
25721,LOF,0.04742293139777867,0.09437582065552999,0.8582012479466913
25722,LOF,0.039899363676092606,0.1059760725827662,0.8541245637411412
25723,LOF,0.06248593772803196,0.10525000673742334,0.8322640555345446
25724,LOF,0.07195644717984072,0.26772672516483054,0.6603168276553287
25725,LOF,0.06377991753736423,0.09119665423623886,0.8450234282263969
25726,LOF,0.05465567706611105,0.08477398606170138,0.8605703368721875
25727,LOF,0.06908102892671612,0.07310803958946614,0.8578109314838178
25728,LOF,0.04577780179459731,0.12598557408794872,0.8282366241174539
25729,LOF,0.05437607114029409,0.13003982578273224,0.8155841030769738
25730,LOF,0.0701884699815656,0.09092860835921225,0.8388829216592222
25731,LOF,0.01052152228570083,0.09001023200661673,0.8994682457076825
25732,LOF,0.028643049550771956,0.06847306514214319,0.902883885307085
25733,LOF,0.042057507647900644,0.08472321546728515,0.8732192768848142
25734,LOF,0.006660979959227965,0.23461830644467324,0.7587207135960988
25735,LOF,0.03870033529203042,0.08232435316134773,0.8789753115466219
25736,LOF,0.03884009028225668,0.16157203077183602,0.7995878789459072
25737,LOF,0.07326676151011706,0.08526161570210568,0.8414716227877772
25738,LOF,0.05702447296338778,0.17277227338418275,0.7702032536524295
25739,LOF,0.040557111693726104,0.12321804736426407,0.8362248409420098
25740,LOF,0.07630576174311496,0.11495188210290862,0.8087423561539765
25741,LOF,0.06582605065853828,0.12320200706794197,0.8109719422735198
25742,LOF,0.07230158331262321,0.11568400982635682,0.81201440686102
25743,LOF,0.014182346848608304,0.01651242594753999,0.9693052272038516
25744,LOF,0.1368665615705897,0.11725184411308633,0.7458815943163241
25745,LOF,0.029084092030434446,0.04181248453480077,0.9291034234347648
25746,LOF,0.01610647421441466,0.06635703784725737,0.9175364879383281
25747,LOF,0.054302534351660145,0.021556921057629054,0.9241405445907107
25748,LOF,0.2686495296328655,0.06771079472509112,0.6636396756420434
25749,LOF,0.018112695450198724,0.049904085148292004,0.9319832194015093
25750,LOF,0.018338833093290804,0.05801723089665432,0.9236439360100549
25751,LOF,0.04243563432798351,0.07767897611697498,0.8798853895550416
25752,GOF,0.08379817138134217,0.6340797860454381,0.2821220425732197
25753,LOF,0.007973024059648013,0.4103298721380855,0.5816971038022664
25754,GOF,0.00965526827174439,0.9131181812620659,0.07722655046618983
25755,LOF,0.009208154221342456,0.42350656744267645,0.5672852783359811
25756,LOF,0.027914622498165825,0.48173688306445317,0.49034849443738093
25757,GOF,0.00973236293897741,0.869518334508058,0.12074930255296458
25758,GOF,0.01114493407259267,0.9124505490024961,0.07640451692491126
25759,GOF,0.007101601582719735,0.757023603360971,0.23587479505630937
25760,LOF,0.007117517948357149,0.34830209953462377,0.644580382517019
25761,GOF,0.05624577654984723,0.8932798382962159,0.05047438515393684
25762,LOF,0.027946483492150887,0.44519078954825253,0.5268627269595966
25763,LOF,0.006863172703541606,0.30792913833988805,0.6852076889565702
25764,GOF,0.07619351553084801,0.7361260003040546,0.1876804841650973
25765,GOF,0.0121698164346714,0.9225831598517182,0.06524702371361027
25766,GOF,0.033067625816560156,0.8657202250535118,0.10121214912992814
25767,GOF,0.011433503789848861,0.6318437284297025,0.3567227677804487
25768,LOF,0.057108305430140435,0.052329158227010335,0.8905625363428492
25769,LOF,0.02976004415726578,0.15820762824967716,0.8120323275930571
25770,Neutral,0.5069698546451334,0.16768503665315884,0.32534510870170763
25771,LOF,0.022941815044188914,0.07691758993271795,0.9001405950230932
25772,LOF,0.04300454365514033,0.0831843925922762,0.8738110637525833
25773,LOF,0.020123340548525832,0.14121442399193532,0.8386622354595389
25774,LOF,0.029208084157986914,0.3258306588576095,0.6449612569844037
25775,LOF,0.023695999690766786,0.04836107712194151,0.9279429231872918
25776,LOF,0.03231523936540743,0.04962007961106652,0.918064681023526
25777,LOF,0.08059146966403437,0.2462183504843055,0.6731901798516602
25778,LOF,0.03195573149396323,0.11635649628843255,0.8516877722176042
25779,GOF,0.05808116187474544,0.7447839040255421,0.19713493409971256
25780,GOF,0.07077848553283511,0.7790152205275518,0.1502062939396131
25781,GOF,0.02788666065515202,0.7132715018743483,0.2588418374704996
25782,GOF,0.031851831295091525,0.7828594812429083,0.1852886874620002
25783,GOF,0.06112528223215055,0.8076127444378024,0.13126197333004713
25784,GOF,0.12940183172963343,0.7472510287487416,0.12334713952162485
25785,GOF,0.17735780492715128,0.7290126602121543,0.09362953486069432
25786,GOF,0.013587701834228891,0.6802279166240446,0.30618438154172667
25787,GOF,0.33570424560227613,0.5729884690329983,0.0913072853647254
25788,LOF,0.024537956177978257,0.08043416430909808,0.8950278795129236
25789,GOF,0.01957648106215839,0.7433028512739562,0.23712066766388548
25790,GOF,0.03528499756715852,0.7219793920661077,0.24273561036673363
25791,GOF,0.027821994398789802,0.5743143204983543,0.39786368510285597
25792,GOF,0.033646957414009214,0.6514352811286209,0.31491776145737
25793,GOF,0.06723408211713498,0.7171925976122012,0.21557332027066384
25794,GOF,0.0564620885993485,0.4847161637047124,0.4588217476959392
25795,GOF,0.06517273600347497,0.5425967707612124,0.3922304932353127
25796,GOF,0.17412007211795638,0.532194518956375,0.29368540892566863
25797,GOF,0.051932742056301065,0.5297798780802984,0.4182873798634007
25798,GOF,0.007820148687929632,0.7822836961359837,0.2098961551760866
25799,GOF,0.005328521022511574,0.689687553455627,0.30498392552186143
25800,GOF,0.02477973479645644,0.8290588346239577,0.1461614305795858
25801,GOF,0.026682801754849036,0.7643827058905127,0.20893449235463826
25802,GOF,0.027948754306544477,0.7180672715379829,0.25398397415547264
25803,GOF,0.024289742991915036,0.6308050610844994,0.3449051959235856
25804,GOF,0.043479577152294016,0.6284744143381861,0.32804600850951987
25805,GOF,0.031070272901745206,0.706383841253202,0.26254588584505284
25806,GOF,0.0428779044817166,0.714137516540578,0.24298457897770534
25807,GOF,0.020535213807401427,0.616277092135389,0.36318769405720974
25808,GOF,0.03277168534112356,0.727748336807679,0.23947997785119743
25809,GOF,0.018391432437699643,0.6381131206357087,0.3434954469265917
25810,GOF,0.014901766355447108,0.643810137263351,0.3412880963812019
25811,GOF,0.0859914715600974,0.7668589049335227,0.14714962350637997
25812,GOF,0.04495392128396404,0.5901092735422233,0.3649368051738125
25813,GOF,0.2603399005284889,0.5816353428438593,0.1580247566276518
25814,GOF,0.04192795741965027,0.6242427075824993,0.3338293349978504
25815,GOF,0.0665857338691816,0.7080549189112929,0.22535934721952536
25816,GOF,0.009238961465753379,0.7302584379547429,0.26050260057950364
25817,GOF,0.13354952035844306,0.5609577980954672,0.30549268154608983
25818,GOF,0.030033598044703964,0.7274123448687028,0.24255405708659328
25819,GOF,0.05528288228719603,0.6289858248416638,0.3157312928711403
25820,GOF,0.0578431971748305,0.5378767528662195,0.40428004995895
25821,GOF,0.038806297822478374,0.5891032027155396,0.37209049946198197
25822,GOF,0.0749868004632589,0.5760037064617336,0.34900949307500756
25823,GOF,0.04656895835426327,0.5618765964575297,0.39155444518820703
25824,GOF,0.03378646624795547,0.6724603132027699,0.2937532205492745
25825,GOF,0.023210607566357743,0.6840808759529623,0.29270851648067986
25826,GOF,0.011708054570526174,0.6258966752362727,0.36239527019320117
25827,GOF,0.021284808836308677,0.6640978064799885,0.31461738468370287
25828,GOF,0.01340700203319656,0.6963956596848699,0.2901973382819335
25829,GOF,0.0049505408360629105,0.5159965254045519,0.4790529337593851
25830,LOF,0.07108460452729737,0.23385028214277828,0.6950651133299244
25831,GOF,0.07770710910373349,0.7710337047891483,0.15125918610711805
25832,GOF,0.010555593421006211,0.737530662643169,0.2519137439358247
25833,GOF,0.030504293757151222,0.7993862810856789,0.1701094251571699
25834,GOF,0.010715494223220419,0.7551399658398134,0.2341445399369663
25835,GOF,0.029328926348475653,0.8410142319690412,0.12965684168248318
25836,GOF,0.00844405403574071,0.7907397415566009,0.20081620440765832
25837,GOF,0.011854907165485451,0.7427808162523156,0.2453642765821989
25838,GOF,0.02279226622946409,0.7887305693688527,0.18847716440168322
25839,GOF,0.06572273051037503,0.7243180271785545,0.20995924231107035
25840,GOF,0.08904733013876963,0.7228404060041209,0.18811226385710944
25841,GOF,0.0776536353411384,0.7698776704664865,0.15246869419237508
25842,GOF,0.027134679333954193,0.8393626907009655,0.13350262996508042
25843,GOF,0.0253157335597606,0.8328280057192721,0.14185626072096744
25844,GOF,0.02153187727387962,0.775224415649432,0.2032437070766883
25845,GOF,0.009118155725629028,0.6786986602493232,0.31218318402504786
25846,GOF,0.0751781656904116,0.8087288088057208,0.11609302550386752
25847,GOF,0.019384769188544898,0.8282276166268353,0.1523876141846198
25848,GOF,0.021144414106071114,0.7875357546529241,0.1913198312410048
25849,GOF,0.007824714871468188,0.7689767605278799,0.22319852460065198
25850,GOF,0.00891997924085086,0.6420544871938723,0.3490255335652769
25851,GOF,0.007944711257661859,0.5813172780239443,0.4107380107183939
25852,GOF,0.18912919675066098,0.42642341898496067,0.3844473842643783
25853,GOF,0.06186291347883114,0.582893427655042,0.3552436588661268
25854,GOF,0.008689790855521972,0.6726416581319975,0.3186685510124806
25855,GOF,0.023793055962560334,0.5320886694864536,0.444118274550986
25856,GOF,0.051234400636116666,0.6969270955432881,0.25183850382059514
25857,GOF,0.024498421758967277,0.5141866192578326,0.46131495898319996
25858,GOF,0.00837914290982315,0.5406190423540778,0.45100181473609907
25859,GOF,0.006448453902212018,0.525935173503008,0.46761637259478
25860,GOF,0.0754061980839469,0.5569661892514638,0.36762761266458927
25861,GOF,0.11016800069806602,0.7069276477243006,0.1829043515776334
25862,GOF,0.020753112189284093,0.8472482586731874,0.13199862913752838
25863,GOF,0.01916802309776335,0.7960757684117269,0.18475620849050972
25864,GOF,0.03075825024913235,0.8539396014325136,0.11530214831835393
25865,GOF,0.034641192223767464,0.820158702723789,0.14520010505244335
25866,GOF,0.01776179479817844,0.8220175281859412,0.1602206770158804
25867,GOF,0.035040241408476586,0.8452367431341365,0.11972301545738696
25868,GOF,0.06677324662941175,0.696965166336515,0.23626158703407327
25869,GOF,0.3253992299527117,0.49275139948513874,0.1818493705621497
25870,LOF,0.08257782862302121,0.3089611943586004,0.6084609770183784
25871,GOF,0.011369578723543043,0.5682238675224146,0.42040655375404234
25872,GOF,0.025144379495431014,0.6304875003452629,0.344368120159306
25873,GOF,0.020047368863000868,0.7291284491856479,0.25082418195135125
25874,LOF,0.03578218348972339,0.06907009591837057,0.8951477205919062
25875,LOF,0.02082825553727223,0.1610950236129848,0.8180767208497429
25876,LOF,0.02311195620490179,0.09033972885902662,0.8865483149360716
25877,LOF,0.08544947799583101,0.2761389991620389,0.63841152284213
25878,LOF,0.051530484508048716,0.3836331388412547,0.5648363766506965
25879,LOF,0.011368396789860317,0.1807640480112921,0.8078675551988476
25880,LOF,0.046558151481428826,0.025294898056654212,0.928146950461917
25881,Neutral,0.4605925671780718,0.28968621330754085,0.24972121951438725
25882,LOF,0.03898214322974821,0.14757082506620436,0.8134470317040474
25883,LOF,0.027670905182245048,0.1502558184798718,0.8220732763378831
25884,LOF,0.01322813242944296,0.14174693872432326,0.8450249288462337
25885,LOF,0.14185651800812876,0.028533299461767428,0.8296101825301038
25886,LOF,0.12446769480585175,0.21627929763648485,0.6592530075576634
25887,GOF,0.04824520814375986,0.4880883391003146,0.4636664527559254
25888,LOF,0.0056339946205345255,0.4207134336625217,0.5736525717169437
25889,LOF,0.022995525978299645,0.09598860038261284,0.8810158736390876
25890,LOF,0.15238911334735528,0.28027762729676114,0.5673332593558835
25891,LOF,0.10068816114963852,0.07031695441728827,0.8289948844330732
25892,LOF,0.007268815476483616,0.042145675956574515,0.9505855085669418
25893,LOF,0.25786827879028035,0.015158654572394578,0.7269730666373251
25894,LOF,0.29826433953295234,0.009947200297838854,0.6917884601692087
25895,LOF,0.26235522113402177,0.014221460324961533,0.7234233185410166
25896,LOF,0.0799225457445532,0.032555412141848046,0.8875220421135988
25897,LOF,0.10253550252081294,0.0236459403726956,0.8738185571064914
25898,LOF,0.08265126279922749,0.04638792649234197,0.8709608107084305
25899,LOF,0.3671799923675942,0.05079778436619536,0.5820222232662104
25900,Neutral,0.9351909902195664,0.006673036347694017,0.0581359734327395
25901,LOF,0.07362515525796792,0.015667964022907915,0.9107068807191241
25902,LOF,0.07720514178646702,0.009934418381219449,0.9128604398323135
25903,LOF,0.15516978914056387,0.040500455048826864,0.8043297558106093
25904,Neutral,0.4698094450329308,0.08456908027435311,0.4456214746927162
25905,LOF,0.01207920342213582,0.26529383765279096,0.7226269589250732
25906,LOF,0.01063509368623862,0.024667497920924198,0.9646974083928372
25907,LOF,0.009498577703130501,0.13864982856972213,0.8518515937271474
25908,LOF,0.010084564490885562,0.16416039637689125,0.8257550391322231
25909,LOF,0.05260960456868678,0.08104469013528265,0.8663457052960305
25910,LOF,0.014338122908186379,0.1319765016821651,0.8536853754096485
25911,LOF,0.12043017409932588,0.06665496527922503,0.8129148606214491
25912,LOF,0.12444307099434394,0.01681191350019883,0.8587450155054571
25913,LOF,0.014870392621187504,0.06030586840754772,0.9248237389712648
25914,LOF,0.04805380218518161,0.035540008329378786,0.9164061894854396
25915,LOF,0.22095140865128832,0.38641446540209673,0.39263412594661484
25916,LOF,0.019700856315703733,0.17912501427976318,0.801174129404533
25917,LOF,0.17029799014115016,0.02581119490809763,0.8038908149507522
25918,LOF,0.04752844418357343,0.022985207502214607,0.9294863483142121
25919,LOF,0.04799580842930667,0.018705941457500663,0.9332982501131927
25920,LOF,0.35549310827588854,0.27067056521338995,0.3738363265107216
25921,LOF,0.022437001261766704,0.0418474481806758,0.9357155505575575
25922,LOF,0.020819736441901108,0.03410697736983972,0.9450732861882591
25923,LOF,0.4207385211335278,0.027616783384633328,0.5516446954818388
25924,LOF,0.027568493520005084,0.03611107622640227,0.9363204302535927
25925,LOF,0.2578529270665517,0.021922929581582946,0.7202241433518654
25926,LOF,0.13830298114016554,0.05200677791984448,0.8096902409399899
25927,LOF,0.02314917638243969,0.07528017521773495,0.9015706483998254
25928,LOF,0.015638198362506323,0.022677902105956996,0.9616838995315368
25929,Neutral,0.5888904461459736,0.027914391951577987,0.3831951619024484
25930,LOF,0.06460168756987304,0.029644310483556258,0.9057540019465706
25931,LOF,0.01659741004622497,0.02668497322789701,0.956717616725878
25932,LOF,0.09799439994236342,0.015335940846059996,0.8866696592115766
25933,LOF,0.08483447796679418,0.011415065639938313,0.9037504563932676
25934,LOF,0.0787544749548267,0.014136952287251588,0.9071085727579217
25935,LOF,0.25170770680571103,0.023948420384892404,0.7243438728093965
25936,LOF,0.08477726343259563,0.011686675351819198,0.903536061215585
25937,LOF,0.019446966136612703,0.025785047951244075,0.9547679859121432
25938,LOF,0.25667082049904655,0.02009260607039757,0.7232365734305559
25939,LOF,0.06511709583371635,0.013544240685518693,0.9213386634807649
25940,LOF,0.007989150965293899,0.430486173171116,0.5615246758635901
25941,Neutral,0.5090954040656644,0.1668361319061892,0.3240684640281463
25942,LOF,0.009785235013153672,0.19597380180534743,0.7942409631814988
25943,GOF,0.025901781368185817,0.6405856997375406,0.3335125188942735
25944,LOF,0.0203012131571454,0.42461104782611386,0.5550877390167407
25945,LOF,0.09679716553111574,0.19625080821816368,0.7069520262507206
25946,LOF,0.09535727467559584,0.11867888102043739,0.7859638443039667
25947,Neutral,0.46336850740986385,0.08850031841729893,0.44813117417283715
25948,Neutral,0.49837720219237047,0.008858077543810657,0.4927647202638189
25949,LOF,0.13322557893015127,0.022716774507649747,0.8440576465621988
25950,GOF,0.04665143262152687,0.8177444888889837,0.13560407848948963
25951,GOF,0.012271609514109296,0.6578485870122458,0.3298798034736449
25952,GOF,0.08537606751016576,0.5602283423388413,0.3543955901509929
25953,LOF,0.00555236709366946,0.47403320587207565,0.5204144270342549
25954,GOF,0.02222239114537145,0.5681301730385935,0.40964743581603513
25955,GOF,0.004212095010414431,0.5443143824304971,0.4514735225590885
25956,LOF,0.010440545965326864,0.4016377195558868,0.5879217344787864
25957,LOF,0.2382739727356623,0.045735842592619154,0.7159901846717185
25958,LOF,0.025994245979885432,0.15308229140282578,0.8209234626172889
25959,GOF,0.006314919835227473,0.6691778884295874,0.3245071917351851
25960,LOF,0.004948479140712388,0.18937365118231927,0.8056778696769683
25961,LOF,0.026559033020069144,0.12709974692363732,0.8463412200562935
25962,LOF,0.04477074818220018,0.08782203362953223,0.8674072181882676
25963,LOF,0.010935178324140024,0.1877711911842786,0.8012936304915813
25964,LOF,0.04735783305019315,0.16336602029291666,0.78927614665689
25965,LOF,0.16089960177548956,0.17651016584066953,0.6625902323838408
25966,LOF,0.23194902384382465,0.34985323663612505,0.41819773952005035
25967,LOF,0.007259741245422608,0.07519531429582375,0.9175449444587536
25968,LOF,0.0801841576379616,0.25942739074069454,0.6603884516213439
25969,LOF,0.1359143175527291,0.04354467325395012,0.8205410091933207
25970,LOF,0.026383787312647417,0.23772317938278242,0.7358930333045702
25971,LOF,0.07538928193127048,0.10485505462703155,0.8197556634416979
25972,LOF,0.07470026680843643,0.14703218795195533,0.7782675452396082
25973,LOF,0.09964607229803336,0.006716421086377556,0.893637506615589
25974,LOF,0.14260914808980177,0.04655835117351774,0.8108325007366806
25975,LOF,0.04377002469204001,0.010284266816858215,0.9459457084911017
25976,LOF,0.10351243149996206,0.006061653941006524,0.8904259145590313
25977,LOF,0.18214398895303915,0.10369205730500367,0.7141639537419571
25978,LOF,0.11935527501620187,0.12484249609987935,0.7558022288839188
25979,LOF,0.0958935387533999,0.12928337184475575,0.7748230894018443
25980,LOF,0.1480266070161542,0.32873397659225473,0.5232394163915911
25981,LOF,0.14902561353265018,0.3454534767363692,0.5055209097309806
25982,LOF,0.23926882441549663,0.14836835543724217,0.6123628201472612
25983,Neutral,0.4906025623309468,0.13362111788349254,0.3757763197855606
25984,LOF,0.0364739123947728,0.12476484953763922,0.8387612380675881
25985,Neutral,0.4678873544579671,0.24411374446607764,0.28799890107595527
25986,GOF,0.008663048816504749,0.5971488284045748,0.39418812277892035
25987,LOF,0.015837711467652636,0.15382610314406941,0.8303361853882779
25988,LOF,0.03347145993506929,0.21327983929509264,0.7532487007698381
25989,LOF,0.0350279367634705,0.16849537491011646,0.796476688326413
25990,LOF,0.04002190570775728,0.26534385936346083,0.694634234928782
25991,GOF,0.029130147729056706,0.6580180490156821,0.31285180325526124
25992,LOF,0.009681647180581912,0.42487843982407886,0.5654399129953392
25993,LOF,0.02907059112189788,0.0883276979796333,0.8826017108984688
25994,LOF,0.032294268703117336,0.11857109936597734,0.8491346319309053
25995,LOF,0.01885235903598186,0.18963537411475295,0.7915122668492652
25996,GOF,0.2508035365089332,0.5734390013040294,0.17575746218703753
25997,GOF,0.05189535121468617,0.6919608096234208,0.25614383916189315
25998,LOF,0.27157240370430075,0.039567213883700894,0.6888603824119983
25999,LOF,0.027591810219269302,0.44179058638521224,0.5306176033955184
26000,LOF,0.1211602877403803,0.01765840788004195,0.8611813043795778
26001,LOF,0.13016074625260046,0.03329992369171808,0.8365393300556814
26002,LOF,0.08635756212944945,0.01815688716380799,0.8954855507067425
26003,LOF,0.007805582154869144,0.48228602915456553,0.5099083886905652
26004,GOF,0.0174349210100358,0.5339192001017455,0.4486458788882187
26005,LOF,0.005833901240804484,0.47054861153880206,0.5236174872203935
26006,GOF,0.1508446713657856,0.44985424366498256,0.3993010849692319
26007,GOF,0.010172703253722762,0.5032548413436636,0.48657245540261357
26008,LOF,0.006984985916324663,0.45946632136783394,0.5335486927158413
26009,GOF,0.013544846509059525,0.5556153740507049,0.43083977944023544
26010,GOF,0.009885299188351937,0.5404162921823222,0.4496984086293258
26011,LOF,0.006812533738461989,0.37405723115540446,0.6191302351061335
26012,LOF,0.007213965235360111,0.38155691723513246,0.6112291175295075
26013,LOF,0.012278104852910404,0.4593758866880559,0.5283460084590338
26014,LOF,0.06826275594781266,0.06386530426964478,0.8678719397825426
26015,LOF,0.38446311611975065,0.051609185994908775,0.5639276978853405
26016,LOF,0.23764615079393572,0.14989098499708836,0.6124628642089759
26017,LOF,0.015039356615937399,0.44335247233505237,0.5416081710490103
26018,LOF,0.02077091821813681,0.17100592508481915,0.808223156697044
26019,LOF,0.02083060895519881,0.13547684933083737,0.8436925417139638
26020,LOF,0.006700145421808945,0.348206086505215,0.645093768072976
26021,LOF,0.07602189020132387,0.24693152517251024,0.677046584626166
26022,LOF,0.051941322254366415,0.056604851185033306,0.8914538265606002
26023,LOF,0.031665393786459065,0.11703321691419938,0.8513013892993416
26024,LOF,0.045718240135160015,0.15933793758974985,0.7949438222750901
26025,LOF,0.10700344071677398,0.21231071435197,0.680685844931256
26026,LOF,0.10792223878941913,0.17133208810149334,0.7207456731090874
26027,LOF,0.03269251790648055,0.06925648701304031,0.8980509950804793
26028,LOF,0.056827248196193864,0.21260429432643893,0.7305684574773672
26029,LOF,0.03963551497251919,0.07728728846687512,0.8830771965606057
26030,LOF,0.17345924577311606,0.009604705442334575,0.8169360487845494
26031,LOF,0.024061059590510053,0.08350850286906832,0.8924304375404217
26032,LOF,0.03285170318711916,0.020542949403751908,0.9466053474091289
26033,LOF,0.04951798243112189,0.037389229565355904,0.9130927880035221
26034,LOF,0.028167217428155963,0.05909469568681742,0.9127380868850266
26035,LOF,0.016728732161131646,0.06973938190080826,0.91353188593806
26036,LOF,0.015919799996209724,0.06031243828646092,0.9237677617173294
26037,LOF,0.01548822910630203,0.05534917853697161,0.9291625923567264
26038,LOF,0.026023928410157035,0.021985641198050163,0.9519904303917929
26039,LOF,0.03573834066289232,0.07315929042172403,0.8911023689153835
26040,LOF,0.06788493378812574,0.11357601439110145,0.8185390518207729
26041,LOF,0.0179681757602921,0.07248470587613581,0.9095471183635722
26042,LOF,0.0173182992433686,0.0730924671306053,0.9095892336260261
26043,LOF,0.025506347573323533,0.04605226151152711,0.9284413909151494
26044,LOF,0.00949372348479753,0.04961023123364323,0.9408960452815591
26045,LOF,0.10102422685828585,0.1321389190355769,0.7668368541061373
26046,LOF,0.025014655439415768,0.054030640311804726,0.9209547042487795
26047,LOF,0.06334130333098126,0.038449071182973554,0.8982096254860451
26048,LOF,0.07567162408530143,0.029263702644897718,0.8950646732698008
26049,Neutral,0.9095709676063248,0.0058264668098406015,0.08460256558383467
26050,Neutral,0.8363329456941666,0.007048656185543115,0.15661839812029027
26051,LOF,0.03224637731742575,0.4545727148941398,0.5131809077884345
26052,LOF,0.028536837778354383,0.36813637380463804,0.6033267884170076
26053,LOF,0.04254585194858336,0.05081543997441614,0.9066387080770005
26054,LOF,0.12679421287604323,0.0802434088681158,0.7929623782558409
26055,LOF,0.12334616242277242,0.09070988704005785,0.7859439505371697
26056,LOF,0.10986214179074327,0.10008331538254768,0.790054542826709
26057,LOF,0.05183626785420436,0.027729071561877917,0.9204346605839178
26058,LOF,0.06375340634182536,0.020597671793217903,0.9156489218649568
26059,Neutral,0.7123022073555572,0.06937759729814864,0.21832019534629413
26060,LOF,0.01722118820528799,0.29961258732989077,0.6831662244648212
26061,LOF,0.01354308874575898,0.015993953639230132,0.9704629576150109
26062,LOF,0.006033121514800855,0.041068165857633454,0.9528987126275656
26063,LOF,0.050598096019243755,0.02324670283556148,0.9261552011451948
26064,LOF,0.011008660044057613,0.02161132299357457,0.9673800169623678
26065,LOF,0.04475712010623611,0.03524100417089911,0.9200018757228647
26066,LOF,0.04958836750247843,0.020985576458425532,0.9294260560390961
26067,LOF,0.05593017239156179,0.024326558746973762,0.9197432688614645
26068,LOF,0.12064945510414377,0.04333653942267554,0.8360140054731806
26069,LOF,0.10340342820884275,0.04335670762715246,0.8532398641640047
26070,LOF,0.2948898371541022,0.028912447881908637,0.6761977149639892
26071,LOF,0.045350424363587584,0.026157774629505585,0.9284918010069069
26072,LOF,0.008957502930825338,0.025069498449810806,0.9659729986193639
26073,LOF,0.04972509825184058,0.019268040422112012,0.9310068613260475
26074,Neutral,0.8731941515980106,0.01722208551079462,0.10958376289119473
26075,LOF,0.05933944041245588,0.04586621098649385,0.8947943486010503
26076,LOF,0.05725637702423108,0.0455941314170952,0.8971494915586737
26077,LOF,0.15235207433930686,0.032158645245860436,0.8154892804148326
26078,LOF,0.007404492441524619,0.03292316767080731,0.959672339887668
26079,LOF,0.14131645145821284,0.03065272863550502,0.8280308199062821
26080,LOF,0.14131645145821284,0.03065272863550502,0.8280308199062821
26081,LOF,0.05364744761119975,0.024554584827681962,0.9217979675611182
26082,LOF,0.0075114446938782395,0.03872652434603381,0.9537620309600878
26083,LOF,0.04834276999770048,0.06212562193240865,0.889531608069891
26084,LOF,0.052397722183820404,0.035313880635628535,0.9122883971805511
26085,LOF,0.04883850383379261,0.02973014445543067,0.9214313517107767
26086,LOF,0.038185929077978284,0.033097520492293905,0.9287165504297279
26087,LOF,0.05072118575490328,0.03089977024584942,0.9183790439992473
26088,LOF,0.009006320705584188,0.0705146442785966,0.9204790350158192
26089,LOF,0.044853582015643025,0.10397003646137366,0.8511763815229832
26090,LOF,0.048478803976625275,0.08159656513644235,0.8699246308869324
26091,LOF,0.052117007030389,0.028858951313067784,0.9190240416565432
26092,LOF,0.05467404421199506,0.022640687608351095,0.9226852681796539
26093,LOF,0.07812320478065078,0.015547395753100143,0.906329399466249
26094,LOF,0.04553168038653253,0.021467222416725936,0.9330010971967416
26095,LOF,0.011433438717452256,0.03918534047515756,0.9493812208073903
26096,LOF,0.3029135706329186,0.006036095008997106,0.6910503343580843
26097,LOF,0.00816167642119743,0.05235610830022,0.9394822152785824
26098,LOF,0.1351768497576008,0.029035302532558416,0.8357878477098407
26099,LOF,0.04552676758676048,0.09972243953909815,0.8547507928741412
26100,LOF,0.04552676758676048,0.09972243953909815,0.8547507928741412
26101,LOF,0.03703439149893264,0.08311193463966123,0.8798536738614062
26102,LOF,0.043987382357693366,0.034406794253739006,0.9216058233885677
26103,Neutral,0.8504468626687206,0.048215948389491926,0.10133718894178739
26104,LOF,0.1360731202959473,0.0962106094607342,0.7677162702433185
26105,LOF,0.2759248601901033,0.24086937988766713,0.4832057599222296
26106,LOF,0.30366928956079897,0.2197645666173713,0.4765661438218298
26107,LOF,0.00948624494556506,0.1407762443191912,0.8497375107352437
26108,LOF,0.12597113302137766,0.2190655495553988,0.6549633174232234
26109,LOF,0.048161162811235815,0.034438580164346325,0.917400257024418
26110,Neutral,0.5390045457952669,0.04231340100256121,0.41868205320217194
26111,LOF,0.05370372597090799,0.2725971569617818,0.6736991170673102
26112,LOF,0.06489200299398958,0.03697640385360945,0.898131593152401
26113,LOF,0.060902971317044814,0.07734332620767385,0.8617537024752814
26114,LOF,0.09443389636226956,0.02619061994899405,0.8793754836887363
26115,LOF,0.016107277697208773,0.16481469956919229,0.819078022733599
26116,LOF,0.06029072635050961,0.05636025050739537,0.883349023142095
26117,LOF,0.21873725873163194,0.09038430721903554,0.6908784340493326
26118,LOF,0.041474961548988776,0.02587864136824422,0.932646397082767
26119,LOF,0.005956531148507589,0.11194091046789757,0.8821025583835949
26120,LOF,0.03979454443550394,0.02824236061595163,0.9319630949485443
26121,LOF,0.004741506686752941,0.12396565355117094,0.8712928397620762
