feature0,prediction,LoGoFunc_Neutral,LoGoFunc_GOF,LoGoFunc_LOF
25546,Neutral,0.7690261787036836,0.027475432583506296,0.20349838871280998
25547,Neutral,0.6204358455572329,0.05943958815920512,0.32012456628356206
25548,Neutral,0.6073623420556372,0.040343039263981556,0.3522946186803812
25549,Neutral,0.5206092830637725,0.04133376176133603,0.4380569551748914
25550,LOF,0.38262869392922244,0.09115184209073554,0.526219463980042
25551,LOF,0.31366177642720683,0.10455639545958864,0.5817818281132044
25552,LOF,0.20024678780891622,0.10560883223303648,0.6941443799580473
25553,Neutral,0.8309589585316348,0.02795456669830134,0.1410864747700637
25554,LOF,0.24505467069565737,0.1041314083203085,0.6508139209840341
25555,LOF,0.1960735387105795,0.08328789806183125,0.7206385632275893
25556,LOF,0.42344255723011454,0.08296297109143161,0.4935944716784538
25557,LOF,0.18784847646300162,0.09174529098528128,0.7204062325517171
25558,LOF,0.24129400662195652,0.10615425781207093,0.6525517355659726
25559,LOF,0.36909760650755974,0.0678605099933796,0.5630418834990607
25560,LOF,0.05964565939531758,0.19094003872286155,0.7494143018818209
25561,LOF,0.11889379156123174,0.20651526271914958,0.6745909457196188
25562,LOF,0.10157492620836946,0.08147296412283972,0.8169521096687908
25563,LOF,0.10851109496097251,0.10165027721920908,0.7898386278198184
25564,LOF,0.1603204775110723,0.1762961873103458,0.663383335178582
25565,LOF,0.1294410170049892,0.15975548795689604,0.7108034950381148
25566,GOF,0.01481585500907821,0.747196651154687,0.23798749383623485
25567,LOF,0.013581632317689324,0.12505570078911438,0.8613626668931963
25568,LOF,0.05742365729941022,0.055275674409162284,0.8873006682914275
25569,LOF,0.06746672049604013,0.05559345173312947,0.8769398277708303
25570,LOF,0.06718912973834401,0.09652994546510196,0.8362809247965539
25571,LOF,0.06232824766094912,0.09129817900264645,0.8463735733364045
25572,LOF,0.0697607101296874,0.13138656674153226,0.7988527231287803
25573,LOF,0.0314179604473077,0.08521980042401635,0.8833622391286758
25574,LOF,0.020353980931092207,0.14073037896149806,0.8389156401074097
25575,LOF,0.049571913795210615,0.10347975248812942,0.84694833371666
25576,LOF,0.021170038575072207,0.11479808306612727,0.8640318783588005
25577,LOF,0.015711199154231532,0.13224060499776147,0.852048195848007
25578,LOF,0.2289680216262901,0.08271493246889819,0.6883170459048117
25579,LOF,0.2310654645656486,0.08218895113955799,0.6867455842947933
25580,LOF,0.03571715640729785,0.08085055605286812,0.883432287539834
25581,LOF,0.056119930333392604,0.06045291348278292,0.8834271561838244
25582,LOF,0.056044294742535014,0.05748532821441589,0.8864703770430491
25583,LOF,0.04486344351245024,0.09349955165651633,0.8616370048310333
25584,LOF,0.4325067658108017,0.08704550273055402,0.4804477314586443
25585,LOF,0.0329850078683287,0.09826119414794768,0.8687537979837237
25586,LOF,0.039137298994115194,0.07731566673693721,0.8835470342689477
25587,LOF,0.037153090380089404,0.07388936918834847,0.8889575404315622
25588,LOF,0.035341479876726284,0.10443601313079214,0.8602225069924817
25589,Neutral,0.5818653222695557,0.1012309825207585,0.31690369520968575
25590,LOF,0.030568138450061,0.12152260685446757,0.8479092546954714
25591,LOF,0.12378552191035724,0.04740993188408751,0.8288045462055553
25592,LOF,0.10041799921154655,0.13804806877804568,0.7615339320104079
25593,LOF,0.01765314814895413,0.24764376812761563,0.7347030837234303
25594,LOF,0.03819415701474005,0.1707157998757942,0.7910900431094657
25595,LOF,0.059049596078218636,0.11285001998369452,0.8281003839380868
25596,LOF,0.06009498177966581,0.09020611434330511,0.8496989038770292
25597,LOF,0.06312760743010125,0.06229328292817179,0.8745791096417269
25598,LOF,0.04828618177963111,0.161144076804238,0.7905697414161309
25599,GOF,0.0072285525261723705,0.7612916612790025,0.23147978619482495
25600,GOF,0.009906142117414094,0.5542197686580805,0.4358740892245053
25601,LOF,0.007564021913256866,0.4445720383852175,0.5478639397015257
25602,LOF,0.02464688853469375,0.048811472406527875,0.9265416390587784
25603,LOF,0.033651693307104595,0.03719713204998119,0.9291511746429142
25604,LOF,0.04641807110830159,0.059239408563339487,0.8943425203283589
25605,LOF,0.011075825915505337,0.2662323416241228,0.7226918324603719
25606,LOF,0.06346693341596353,0.4636507272452554,0.47288233933878104
25607,LOF,0.004296201956001533,0.15545660698116529,0.8402471910628332
25608,LOF,0.06760202600782506,0.05258175001316652,0.8798162239790085
25609,LOF,0.05872390492289008,0.38907066104349697,0.552205434033613
25610,LOF,0.05240840158056881,0.03282691014795218,0.9147646882714789
25611,LOF,0.056299630678747284,0.03196787802721422,0.9117324912940385
25612,LOF,0.12305754256575765,0.056222369142249984,0.8207200882919924
25613,LOF,0.10195212046785679,0.042707637198357566,0.8553402423337857
25614,LOF,0.040210497667930306,0.039607568964873746,0.920181933367196
25615,LOF,0.061244476669246074,0.03422039019301172,0.9045351331377423
25616,LOF,0.04221255482979378,0.03914689032984785,0.9186405548403582
25617,LOF,0.03810274775412091,0.0470867835940009,0.9148104686518782
25618,LOF,0.23001792854991016,0.03860867810333153,0.7313733933467582
25619,LOF,0.03966154111236091,0.03374237159067623,0.9265960872969627
25620,LOF,0.04133458706706513,0.04383853510505506,0.91482687782788
25621,LOF,0.03779301179105334,0.0317621385487006,0.930444849660246
25622,LOF,0.034545339273090336,0.04577511259113765,0.919679548135772
25623,LOF,0.06916396170212864,0.035049327452264155,0.8957867108456071
25624,LOF,0.034068163581493255,0.047908866330956604,0.9180229700875502
25625,LOF,0.04304737663453836,0.05000599969092188,0.9069466236745397
25626,LOF,0.09673890755273282,0.03366181507296547,0.8695992773743016
25627,Neutral,0.5956486954003021,0.09083343578167856,0.31351786881801935
25628,LOF,0.20671620719107692,0.049560605567778,0.7437231872411451
25629,LOF,0.09432947086065677,0.12364989056997011,0.7820206385693731
25630,LOF,0.21094023423841765,0.09422416982892609,0.6948355959326562
25631,Neutral,0.6154571650260484,0.06376623732806377,0.32077659764588784
25632,LOF,0.023406555871365167,0.07806942199329746,0.8985240221353373
25633,LOF,0.21684589875083563,0.09487188907282872,0.6882822121763357
25634,LOF,0.039172549642728836,0.11229593450359941,0.8485315158536718
25635,LOF,0.035117660864980894,0.09545505483553433,0.8694272842994847
25636,GOF,0.006785548244135126,0.6664139700500759,0.32680048170578896
25637,GOF,0.005456473878107642,0.5450731256451348,0.4494704004767576
25638,LOF,0.010040889393345756,0.4472512491875923,0.542707861419062
25639,LOF,0.005121767267166077,0.4259679806475147,0.5689102520853193
25640,GOF,0.3664703170754085,0.5939629034958065,0.039566779428785046
25641,LOF,0.006086464548821029,0.3576229310019392,0.6362906044492398
25642,LOF,0.24710591851894775,0.08079423938996864,0.6720998420910836
25643,LOF,0.1870835784299161,0.32207971884765846,0.49083670272242547
25644,GOF,0.028181507924730856,0.6634263055215829,0.30839218655368633
25645,GOF,0.020222785854579595,0.6184779644974063,0.361299249648014
25646,LOF,0.026420041677117975,0.4605503023606064,0.5130296559622757
25647,LOF,0.019147019963334493,0.3084950148674744,0.672357965169191
25648,LOF,0.01527421657855518,0.3671858667646861,0.6175399166567588
25649,LOF,0.014855115092773735,0.28744435740150076,0.6977005275057254
25650,GOF,0.0461681790978244,0.6623082277806467,0.29152359312152876
25651,LOF,0.012967488643193434,0.3245771936255981,0.6624553177312084
25652,LOF,0.022834159230791292,0.34062588053594955,0.6365399602332592
25653,GOF,0.08645121940372218,0.5682649569715067,0.34528382362477106
25654,LOF,0.015707889386151343,0.35498062446635814,0.6293114861474906
25655,GOF,0.11172576814070055,0.5070399728610594,0.3812342589982401
25656,LOF,0.05396675079601992,0.10038378596500402,0.845649463238976
25657,LOF,0.2973617682706995,0.03560718371244555,0.6670310480168549
25658,LOF,0.03069970660378493,0.14581096453042222,0.8234893288657928
25659,LOF,0.20803051790671967,0.07885359010223858,0.7131158919910418
25660,LOF,0.10251559960922711,0.0953146425325932,0.8021697578581797
25661,LOF,0.07952595268711597,0.061619363902578786,0.8588546834103054
25662,LOF,0.0346865357002619,0.04638334504169115,0.918930119258047
25663,LOF,0.04416897601734638,0.07880570784091388,0.8770253161417396
25664,LOF,0.03270644938915922,0.1213030424205141,0.8459905081903266
25665,LOF,0.05615270690851995,0.05510265361024884,0.8887446394812313
25666,LOF,0.0433016021354621,0.1962747731281618,0.760423624736376
25667,LOF,0.034023284114819245,0.06018501582429451,0.9057917000608862
25668,LOF,0.04360925534216138,0.0559439675614144,0.9004467770964241
25669,LOF,0.051586210551852744,0.09309846068610543,0.8553153287620417
25670,LOF,0.1424210640261857,0.08912642046450896,0.7684525155093054
25671,LOF,0.04467447778879127,0.052154509115004556,0.9031710130962041
25672,LOF,0.05415313980690033,0.07950396181506858,0.866342898378031
25673,LOF,0.03982736442098203,0.08259536766987835,0.8775772679091396
25674,LOF,0.030109375567474124,0.09546642986062452,0.8744241945719013
25675,LOF,0.03753558173473747,0.08330357586395151,0.8791608424013111
25676,LOF,0.03583091803883588,0.06650762629845103,0.897661455662713
25677,LOF,0.08724451258371109,0.054477562089544365,0.8582779253267445
25678,LOF,0.1613148250059405,0.04763830635114204,0.7910468686429175
25679,LOF,0.10676980066989933,0.07950370419917384,0.8137264951309269
25680,LOF,0.09139092830880331,0.08941940727658465,0.819189664414612
25681,LOF,0.10573610824099693,0.082196627654437,0.8120672641045662
25682,LOF,0.05548689380182346,0.06549230815434717,0.8790207980438294
25683,LOF,0.07681121379818961,0.10774510085252936,0.815443685349281
25684,LOF,0.06535136335499575,0.06563001643413109,0.8690186202108732
25685,LOF,0.10264176985738797,0.052855158813068556,0.8445030713295435
25686,LOF,0.03730408789155978,0.1310126907083875,0.8316832214000527
25687,LOF,0.058670332447446,0.1103393207286274,0.8309903468239266
25688,LOF,0.018253413730647598,0.09069911642683488,0.8910474698425175
25689,LOF,0.01569443192885323,0.055602481807015235,0.9287030862641317
25690,LOF,0.015928390074175458,0.0634668111525156,0.9206047987733088
25691,LOF,0.11106847608757882,0.10029561368992922,0.788635910222492
25692,LOF,0.17073598168014936,0.013131092856000188,0.8161329254638505
25693,LOF,0.046493418099353,0.14725100218612308,0.806255579714524
25694,LOF,0.2836625545334565,0.01438376042617259,0.7019536850403709
25695,LOF,0.21253027064065694,0.022324354501526266,0.7651453748578168
25696,LOF,0.15593051894516888,0.01992762617939969,0.8241418548754315
25697,LOF,0.12193655385100839,0.04159788234810121,0.8364655638008904
25698,LOF,0.022684068482813857,0.28723923454977285,0.6900766969674133
25699,LOF,0.08877856465372219,0.09028847771990488,0.820932957626373
25700,LOF,0.03521372413537304,0.0179659673962371,0.9468203084683899
25701,LOF,0.018024662474195506,0.08783035752063371,0.8941449800051708
25702,GOF,0.0217542229056359,0.7397917575495428,0.2384540195448212
25703,LOF,0.014874703293378476,0.2257038390789175,0.759421457627704
25704,LOF,0.09256373394979568,0.1916957333160691,0.7157405327341352
25705,LOF,0.08311713103814225,0.28756265098237105,0.6293202179794867
25706,GOF,0.02145077012429877,0.6191692148492217,0.35938001502647954
25707,GOF,0.02419617469883351,0.5981819898083606,0.3776218354928058
25708,GOF,0.009150082812969125,0.5846675353351427,0.40618238185188815
25709,LOF,0.02622267592773184,0.09648944601366505,0.8772878780586031
25710,LOF,0.0055017932339817095,0.2559994307220529,0.7384987760439654
25711,LOF,0.02923971940592202,0.14238950926887048,0.8283707713252075
25712,LOF,0.007458507778721499,0.32084466887619156,0.6716968233450871
25713,LOF,0.024944510853475283,0.13504676000190305,0.8400087291446217
25714,LOF,0.028892848148982478,0.1714801716383393,0.7996269802126782
25715,LOF,0.03094795788048605,0.1501205308896622,0.8189315112298516
25716,LOF,0.008739840822990206,0.18413251834749725,0.8071276408295125
25717,LOF,0.006084841768629417,0.18853259077652823,0.8053825674548424
25718,LOF,0.02675293162928771,0.1137148770258841,0.8595321913448281
25719,LOF,0.0378662266016772,0.12435370684029157,0.8377800665580312
25720,LOF,0.03718788937367674,0.1259821191687371,0.8368299914575862
25721,LOF,0.03079257682280201,0.117755639158826,0.851451784018372
25722,LOF,0.02041827045523554,0.16003832029081716,0.8195434092539473
25723,LOF,0.030562009347710587,0.10507898181418845,0.864359008838101
25724,LOF,0.030060964540168524,0.19731909736446593,0.7726199380953656
25725,LOF,0.030593079988162672,0.10315254294926264,0.8662543770625747
25726,LOF,0.019988192831026767,0.14614234020020195,0.8338694669687712
25727,LOF,0.026406483508284395,0.13750286311895776,0.8360906533727578
25728,LOF,0.029254287007074123,0.12549146086595375,0.8452542521269721
25729,LOF,0.027765118281470033,0.1439324537264425,0.8283024279920874
25730,LOF,0.03168883969406699,0.09992372162373978,0.8683874386821931
25731,LOF,0.010858587699494694,0.22780194020907324,0.761339472091432
25732,LOF,0.024602045971532215,0.1231740380053162,0.8522239160231516
25733,LOF,0.04130724308611035,0.1200402387118249,0.8386525182020648
25734,LOF,0.006640153719987478,0.32224351421251296,0.6711163320674995
25735,LOF,0.02801985376485441,0.09895957478008692,0.8730205714550587
25736,LOF,0.026702920531901795,0.16409873914863993,0.8091983403194583
25737,LOF,0.05487457013130438,0.15230450804089485,0.7928209218278008
25738,LOF,0.026413697503938877,0.1882649270057544,0.7853213754903068
25739,LOF,0.03185522496863802,0.14686987687794764,0.8212748981534144
25740,LOF,0.033751689865368625,0.1624731090825988,0.8037752010520326
25741,LOF,0.04007611219991779,0.14732056292037304,0.8126033248797092
25742,LOF,0.05012288042118695,0.15136122666616747,0.7985158929126456
25743,LOF,0.011820841631397655,0.023054668021966464,0.9651244903466358
25744,LOF,0.2282233229169072,0.26640726408261955,0.5053694130004733
25745,LOF,0.045245138826768706,0.07228721731888793,0.8824676438543434
25746,LOF,0.016830432590671848,0.10057641806063393,0.8825931493486943
25747,LOF,0.03676228822063149,0.024871577730169427,0.9383661340491991
25748,LOF,0.2862457760674309,0.045235078959557196,0.6685191449730119
25749,LOF,0.016441016352301267,0.055574101392064694,0.9279848822556339
25750,LOF,0.02417559229240273,0.05532035361840258,0.9205040540891947
25751,LOF,0.04117559956318116,0.04253916365503293,0.9162852367817859
25752,GOF,0.07338438996060569,0.7293704583986511,0.19724515164074322
25753,LOF,0.007035523092750538,0.40801732698040444,0.584947149926845
25754,GOF,0.007591944781273351,0.8828855595574354,0.10952249566129137
25755,LOF,0.006679164045686866,0.45305032339715784,0.5402705125571553
25756,LOF,0.027681077200384915,0.4690875166452508,0.5032314061543643
25757,GOF,0.007994092249602977,0.8739878825666532,0.11801802518374381
25758,GOF,0.008908942566371956,0.8720795110925659,0.11901154634106216
25759,GOF,0.005591423783977259,0.6657521793859225,0.32865639683010045
25760,LOF,0.006182432216859958,0.36868064668578854,0.6251369210973515
25761,GOF,0.04386094211258438,0.858966655848853,0.09717240203856276
25762,LOF,0.03155591817037753,0.41364019513835437,0.5548038866912681
25763,LOF,0.0064541508313926636,0.3093120437316339,0.6842338054369734
25764,GOF,0.05306680919554787,0.6568271177228233,0.29010607308162883
25765,GOF,0.008082335983079444,0.8909072563387549,0.10101040767816558
25766,GOF,0.04734839462846169,0.8268722916738459,0.12577931369769238
25767,GOF,0.020098725349197995,0.5047170072221892,0.4751842674286128
25768,LOF,0.055254218808160956,0.051348866872937195,0.8933969143189019
25769,LOF,0.03524840823112063,0.08307437645956996,0.8816772153093094
25770,LOF,0.1986895567147133,0.07528087367390936,0.7260295696113773
25771,LOF,0.019127083560659675,0.06255486292744908,0.9183180535118912
25772,LOF,0.032733812200565,0.02658894284267365,0.9406772449567613
25773,LOF,0.023164542101362814,0.07615173964750142,0.9006837182511357
25774,LOF,0.030557518983633434,0.10190201382810954,0.8675404671882571
25775,LOF,0.023079247159673823,0.036827296746475044,0.9400934560938512
25776,LOF,0.03372861547741406,0.022755486328066867,0.9435158981945191
25777,LOF,0.30374955579407953,0.05906809095060656,0.637182353255314
25778,LOF,0.027327239381514313,0.049350487928629415,0.9233222726898562
25779,GOF,0.08260972307989235,0.8429503719180507,0.074439905002057
25780,GOF,0.11017678740085649,0.8237200249962513,0.0661031876028923
25781,GOF,0.040929329559819046,0.8187876592016061,0.1402830112385748
25782,GOF,0.0501483988339746,0.8738145054045802,0.07603709576144513
25783,GOF,0.042347897519011704,0.9000389800305827,0.05761312245040554
25784,GOF,0.13471537794123034,0.8099569100542917,0.05532771200447798
25785,GOF,0.1505854768032641,0.801510428231335,0.047904094965401114
25786,GOF,0.014709004203790736,0.8497647029121551,0.13552629288405407
25787,GOF,0.2958890361251655,0.6575469346720485,0.04656402920278616
25788,LOF,0.019757033918345695,0.14612216505636236,0.8341208010252918
25789,GOF,0.024532339573659186,0.8155759415889013,0.1598917188374393
25790,GOF,0.0357817266154439,0.8361237476917022,0.12809452569285384
25791,GOF,0.0332359900243598,0.7057790285897584,0.2609849813858819
25792,GOF,0.03803225198769468,0.748630293376466,0.2133374546358394
25793,GOF,0.058072477119590335,0.7911090572555297,0.15081846562487983
25794,GOF,0.0590537260895919,0.6905578373499712,0.25038843656043686
25795,GOF,0.06152111147607349,0.6934540528957737,0.245024835628153
25796,GOF,0.16058812449653934,0.7332563078551099,0.10615556764835078
25797,GOF,0.11049819695056225,0.6850019712949114,0.20449983175452652
25798,GOF,0.008634930488281949,0.7217485277931611,0.26961654171855703
25799,GOF,0.00489639953100547,0.6152231556147103,0.3798804448542843
25800,GOF,0.029996459709086723,0.7884824781084735,0.18152106218243969
25801,GOF,0.027524390253683133,0.8679379372409208,0.1045376725053959
25802,GOF,0.0363526198129349,0.7330087639902497,0.23063861619681544
25803,GOF,0.026869580100499647,0.6680442860739675,0.3050861338255329
25804,GOF,0.04160381082718718,0.7232694012102274,0.23512678796258546
25805,GOF,0.0400189967649755,0.7331271461858996,0.2268538570491249
25806,GOF,0.05340128245641055,0.7455213625369218,0.2010773550066675
25807,GOF,0.016463413193634615,0.6860199384912913,0.2975166483150741
25808,GOF,0.031113628022030767,0.7163868818014486,0.25249949017652057
25809,GOF,0.01567476501954067,0.6574146374815281,0.32691059749893125
25810,GOF,0.0132973166690649,0.6449697432583442,0.34173294007259086
25811,GOF,0.06894170432654868,0.8469967766749694,0.08406151899848192
25812,GOF,0.033073578459969055,0.732132995547632,0.23479342599239894
25813,GOF,0.19682892907109267,0.708207466146398,0.09496360478250943
25814,GOF,0.03719365632051131,0.7438493095642829,0.2189570341152058
25815,GOF,0.07363214729717543,0.794477145541913,0.13189070716091156
25816,GOF,0.010950854134494098,0.8420566623695032,0.14699248349600263
25817,GOF,0.13303183983748143,0.7543126104553675,0.11265554970715112
25818,GOF,0.03504177599941821,0.7527501317621242,0.21220809223845752
25819,GOF,0.06440930792824104,0.705113092170211,0.23047759990154787
25820,GOF,0.05634848001303715,0.6669092357536747,0.2767422842332881
25821,GOF,0.03876689814369646,0.7227174202722219,0.23851568158408154
25822,GOF,0.07993876629006871,0.6814161902055653,0.2386450435043659
25823,GOF,0.03632179654198711,0.6363805562939642,0.3272976471640487
25824,GOF,0.03899440364567435,0.7035148769303213,0.25749071942400426
25825,GOF,0.03156350759478816,0.6936383519623469,0.27479814044286494
25826,GOF,0.015464423046462452,0.6401045890360757,0.344430987917462
25827,GOF,0.018031379476771584,0.6329063446921296,0.3490622758310988
25828,GOF,0.014214702948669378,0.6735443706379209,0.31224092641340967
25829,GOF,0.005063335114237847,0.5953374111552416,0.3995992537305204
25830,GOF,0.04727419018478437,0.4910409277053388,0.46168488210987685
25831,GOF,0.07331774945033864,0.7696023889766267,0.15707986157303472
25832,GOF,0.012569761199577718,0.6854451391591909,0.3019850996412313
25833,GOF,0.04424414143695324,0.7617423463009572,0.19401351226208968
25834,GOF,0.012988765657191455,0.6994478186263171,0.2875634157164914
25835,GOF,0.029430700512317474,0.7634248477322804,0.20714445175540222
25836,GOF,0.008381105429701507,0.6683574837467718,0.3232614108235267
25837,GOF,0.011517242767866432,0.6898835987299827,0.29859915850215074
25838,GOF,0.02973650910842843,0.7821351190743361,0.1881283718172355
25839,GOF,0.08884114385017267,0.7340998451207782,0.17705901102904922
25840,GOF,0.11946372538764559,0.7088903772647515,0.17164589734760308
25841,GOF,0.11439124304186711,0.754371323205839,0.13123743375229394
25842,GOF,0.03723998476582767,0.8375020377850237,0.12525797744914866
25843,GOF,0.03712219189867753,0.8430152059259058,0.11986260217541667
25844,GOF,0.02557916635296802,0.7653565570269846,0.2090642766200475
25845,GOF,0.007856687441790989,0.6492502445568513,0.34289306800135777
25846,GOF,0.07814344992550243,0.7985346217962134,0.12332192827828431
25847,GOF,0.01772743568855065,0.8417806812237288,0.14049188308772054
25848,GOF,0.03041340604570801,0.7886668585370733,0.18091973541721873
25849,GOF,0.009558101003034792,0.7567811900307092,0.23366070896625596
25850,GOF,0.008675333754206097,0.6741734427375683,0.3171512235082255
25851,GOF,0.008179541838395267,0.6217914566615451,0.3700290015000597
25852,GOF,0.17145249786544906,0.5289775242921259,0.299569977842425
25853,GOF,0.0809317962979401,0.7497567013300667,0.1693115023719931
25854,GOF,0.007387221883633107,0.6364822787206683,0.35613049939569846
25855,GOF,0.025814055918599796,0.655876566727198,0.3183093773542023
25856,GOF,0.051015612707309546,0.726472331121417,0.2225120561712735
25857,GOF,0.02489894967538998,0.6518480254069338,0.3232530249176762
25858,GOF,0.011519604047470407,0.5914475780666052,0.3970328178859244
25859,GOF,0.00837005999291712,0.5603400516847535,0.43128988832232923
25860,GOF,0.0934501778645316,0.727731114959331,0.1788187071761374
25861,GOF,0.11919498273896074,0.7444069494735123,0.13639806778752694
25862,GOF,0.027305651824919945,0.8529467278771665,0.11974762029791344
25863,GOF,0.024701751699493277,0.8382704762507258,0.1370277720497808
25864,GOF,0.06628587879432565,0.8318323068120859,0.10188181439358844
25865,GOF,0.05639228292779127,0.7907476450787826,0.152860071993426
25866,GOF,0.030772499445843825,0.8144516899900186,0.15477581056413753
25867,GOF,0.048241194820870324,0.8172129763462318,0.13454582883289795
25868,GOF,0.0851450527653314,0.7305367089779402,0.18431823825672847
25869,GOF,0.43114555163231216,0.45099238771957,0.11786206064811784
25870,GOF,0.07907224178763245,0.5030875991145528,0.41784015909781475
25871,GOF,0.011555220421379889,0.7731999270500576,0.21524485252856249
25872,GOF,0.02600101668287604,0.7752198936106748,0.19877908970644925
25873,GOF,0.02524421766858837,0.8435854674177138,0.13117031491369788
25874,LOF,0.019891934097041816,0.17122973106956632,0.8088783348333918
25875,LOF,0.024034548949212,0.10793118395046843,0.8680342671003195
25876,LOF,0.020835270439081004,0.06839095131549978,0.9107737782454192
25877,LOF,0.0910611725525447,0.22042846101299576,0.6885103664344595
25878,LOF,0.06121904342877502,0.2582767524941033,0.6805042040771218
25879,LOF,0.011190585961010876,0.19844534395681593,0.7903640700821732
25880,LOF,0.07015549924810358,0.020704552233826997,0.9091399485180693
25881,Neutral,0.5527722735564262,0.09540582298636917,0.3518219034572047
25882,LOF,0.07423955842093109,0.027449942571726157,0.8983104990073428
25883,LOF,0.03192166577927176,0.028135698157149964,0.9399426360635783
25884,LOF,0.0219748917836564,0.037384517534188685,0.940640590682155
25885,LOF,0.20515851460769755,0.012159886464548068,0.7826815989277544
25886,LOF,0.26804703007890907,0.05219109802147933,0.6797618718996117
25887,LOF,0.0843210785521327,0.12191468897075872,0.7937642324771086
25888,LOF,0.008986166172727952,0.1654609346787576,0.8255528991485145
25889,LOF,0.0301062590351432,0.03412431845507836,0.9357694225097783
25890,LOF,0.19551098906430772,0.06345962753409741,0.7410293834015947
25891,LOF,0.1063427973083876,0.028800465179431172,0.8648567375121813
25892,LOF,0.008802771668917802,0.027737842719603993,0.9634593856114783
25893,LOF,0.31319011187673007,0.009471381194965763,0.6773385069283041
25894,LOF,0.3186426051349121,0.007439065582916708,0.6739183292821712
25895,LOF,0.27001161842199217,0.013437890751608856,0.716550490826399
25896,LOF,0.08881619199188648,0.02988626786817244,0.8812975401399411
25897,LOF,0.12609212202449532,0.011584783591315317,0.8623230943841893
25898,LOF,0.12431495304890361,0.029527632385817685,0.8461574145652787
25899,LOF,0.41127241666112624,0.035385622790146225,0.5533419605487275
25900,Neutral,0.6504338686657245,0.012868842008054498,0.336697289326221
25901,LOF,0.11058858244136016,0.013613669422945252,0.8757977481356946
25902,LOF,0.10764201269454478,0.015013882380614105,0.8773441049248412
25903,LOF,0.17966515644070233,0.025607027829157074,0.7947278157301406
25904,Neutral,0.5433106849051476,0.04308350420669245,0.41360581088816006
25905,LOF,0.006978442282398734,0.399564528472717,0.5934570292448842
25906,LOF,0.009720882245698538,0.06893234875045852,0.9213467690038429
25907,LOF,0.008587715414403584,0.22635087808468962,0.7650614065009068
25908,LOF,0.008739142258276631,0.23543462177148536,0.7558262359702381
25909,LOF,0.03109812199411838,0.08953706225366055,0.8793648157522211
25910,LOF,0.013347965426741396,0.15808277460645295,0.8285692599668056
25911,LOF,0.18536694582633031,0.024514913147339137,0.7901181410263305
25912,LOF,0.10605670304841337,0.019942692022089405,0.8740006049294973
25913,LOF,0.020352776738090158,0.029327440261071345,0.9503197830008384
25914,LOF,0.041395106064565895,0.02723474187257116,0.9313701520628629
25915,LOF,0.13827430857149242,0.19762708287832892,0.6640986085501787
25916,LOF,0.013452088926862038,0.10653832182937764,0.8800095892437604
25917,LOF,0.07996447222356451,0.03132905260670285,0.8887064751697327
25918,LOF,0.03833316849504657,0.016127211294679696,0.9455396202102736
25919,LOF,0.03307496763909773,0.015919403928667652,0.9510056284322347
25920,LOF,0.32836964511701194,0.18540108164193486,0.4862292732410532
25921,LOF,0.020521183966284592,0.01970685944221355,0.9597719565915019
25922,LOF,0.018605988671477638,0.020968049801759595,0.9604259615267629
25923,LOF,0.4487079389099945,0.012711232092073895,0.5385808289979316
25924,LOF,0.027916866835380652,0.02083706543383648,0.9512460677307828
25925,LOF,0.11312288802347599,0.029054744172739337,0.8578223678037847
25926,LOF,0.09435918037807028,0.020213171881482306,0.8854276477404475
25927,LOF,0.0277964938287076,0.0423902003474831,0.9298133058238094
25928,LOF,0.015200069478063198,0.024792664349108255,0.9600072661728286
25929,Neutral,0.5937435241670329,0.01244682118666824,0.39380965464629886
25930,LOF,0.10641369660529965,0.012382990546362129,0.8812033128483382
25931,LOF,0.017461311726145887,0.018050542908585175,0.9644881453652688
25932,LOF,0.09357640238247314,0.016263598620536775,0.89015999899699
25933,LOF,0.09824874687942702,0.00888833392551319,0.8928629191950598
25934,LOF,0.09913397729426267,0.00810497135875453,0.8927610513469829
25935,LOF,0.11489808116769533,0.021728797236310802,0.8633731215959938
25936,LOF,0.11329473121336871,0.008942159127202651,0.8777631096594286
25937,LOF,0.025323882434271847,0.015545664654721401,0.9591304529110068
25938,LOF,0.11557943748857262,0.019356349568742937,0.8650642129426845
25939,LOF,0.07313480750913398,0.013315904929808591,0.9135492875610575
25940,GOF,0.012860348320982628,0.5146276623958661,0.47251198928315136
25941,Neutral,0.4929882853161496,0.03757109739068009,0.4694406172931704
25942,LOF,0.011790140178707238,0.049843216394899935,0.9383666434263928
25943,LOF,0.057736766225491815,0.1950256622074542,0.747237571567054
25944,LOF,0.05914527765527621,0.10211514749045111,0.8387395748542728
25945,LOF,0.17340140576964172,0.030277840943043872,0.7963207532873144
25946,LOF,0.07862345345442749,0.04016036300722279,0.8812161835383497
25947,Neutral,0.46826534561954775,0.12834238801087325,0.403392266369579
25948,LOF,0.3833658753801394,0.013602675527871822,0.6030314490919888
25949,LOF,0.1475715588571238,0.0726236655757025,0.7798047755671736
25950,GOF,0.10891301647678854,0.5736370065791729,0.3174499769440385
25951,LOF,0.011818974195001485,0.45786781951843325,0.5303132062865652
25952,LOF,0.18095086009995487,0.24252889657305496,0.5765202433269903
25953,LOF,0.008052383341005553,0.28766054988726947,0.7042870667717249
25954,LOF,0.08142029469784468,0.45814290714444683,0.4604367981577084
25955,LOF,0.010810362207268002,0.24346008404670597,0.745729553746026
25956,LOF,0.01108241569250769,0.3542027814277725,0.6347148028797198
25957,LOF,0.16251109494369037,0.04899082142647203,0.7884980836298376
25958,LOF,0.032245202176653644,0.06335299852293819,0.9044017993004082
25959,GOF,0.006342518197081959,0.7465837209120004,0.24707376089091776
25960,LOF,0.005058522916309504,0.13601458063846728,0.8589268964452231
25961,LOF,0.029249681026431225,0.05010001642746574,0.9206503025461029
25962,LOF,0.03629168533826808,0.08745014173064732,0.8762581729310847
25963,LOF,0.009239935843476144,0.12995727057259343,0.8608027935839303
25964,LOF,0.04228383824038976,0.12574291675533206,0.8319732450042783
25965,LOF,0.1767275572292729,0.1509977782486455,0.6722746645220816
25966,LOF,0.31114638472603834,0.10178627615225709,0.5870673391217045
25967,LOF,0.006915391578386519,0.08293900562425469,0.9101456027973589
25968,LOF,0.05067690635017872,0.28942336634802773,0.6598997273017937
25969,LOF,0.14166244088922675,0.06905344287898499,0.7892841162317882
25970,LOF,0.061742267112828514,0.055180378270648596,0.8830773546165228
25971,LOF,0.07205236574336245,0.032942440319678544,0.895005193936959
25972,LOF,0.0881757301718675,0.058411823246309315,0.8534124465818231
25973,LOF,0.054952022480005615,0.009615181297566746,0.9354327962224277
25974,LOF,0.05932498380038691,0.04311639683373682,0.8975586193658762
25975,LOF,0.037285935319433194,0.015758632307226565,0.9469554323733402
25976,LOF,0.08839581275305264,0.0108174089408427,0.9007867783061048
25977,LOF,0.23548344524946785,0.04788416342139386,0.7166323913291384
25978,LOF,0.15061175435310306,0.15994529202270444,0.6894429536241925
25979,LOF,0.11675049153102468,0.16458989114474676,0.7186596173242286
25980,LOF,0.1893007584161121,0.25957252250311724,0.5511267190807707
25981,LOF,0.19093477393818642,0.26378157149373843,0.5452836545680751
25982,LOF,0.34550693745063027,0.12679163255170875,0.527701429997661
25983,LOF,0.4321694946863027,0.13077004202143366,0.43706046329226367
25984,LOF,0.06811307001682028,0.08181734883276852,0.8500695811504112
25985,Neutral,0.48892458005516104,0.12232511309112236,0.3887503068537165
25986,LOF,0.014563160057611024,0.4331874886899388,0.5522493512524502
25987,LOF,0.04265195577165241,0.09885079766909712,0.8584972465592504
25988,LOF,0.06669312850271807,0.1468135948021785,0.7864932766951035
25989,LOF,0.06970871518035225,0.2438325632723257,0.6864587215473221
25990,LOF,0.054470849954469325,0.37207871778011586,0.5734504322654149
25991,GOF,0.025615044072428202,0.5374563352126446,0.4369286207149272
25992,LOF,0.012106172358629172,0.4281049036532764,0.5597889239880944
25993,LOF,0.019742659964173515,0.05863886743264694,0.9216184726031795
25994,LOF,0.031048234975517508,0.05878403447723983,0.9101677305472426
25995,LOF,0.01887195335919027,0.11368686914258787,0.8674411774982218
25996,GOF,0.3296196576866383,0.4009971963908891,0.2693831459224726
25997,GOF,0.06018713631995605,0.47682252338291314,0.46299034029713065
25998,LOF,0.25620034505246814,0.036051955464282165,0.7077476994832497
25999,LOF,0.024063322117070993,0.354783099319647,0.621153578563282
26000,LOF,0.15382269575956528,0.011687319546512018,0.8344899846939227
26001,LOF,0.15880754896956967,0.022138334599746227,0.8190541164306842
26002,LOF,0.08708099418852287,0.02243749380344193,0.8904815120080353
26003,GOF,0.0066733986686814675,0.5735923177018339,0.41973428362948445
26004,GOF,0.016700241460709746,0.5425839002824286,0.44071585825686166
26005,LOF,0.005934773731704019,0.4471304172061915,0.5469348090621045
26006,GOF,0.13354930766881348,0.44646417129422733,0.41998652103695927
26007,LOF,0.012269333129910496,0.45930072784983794,0.5284299390202516
26008,GOF,0.007734276077770156,0.5501669443711511,0.4420987795510787
26009,GOF,0.01233693678129159,0.5799427979325668,0.4077202652861417
26010,GOF,0.009929975223832994,0.5441599106827063,0.4459101140934607
26011,LOF,0.0057141842886092075,0.36491025491062523,0.6293755608007656
26012,LOF,0.005732934307434115,0.49386890158945473,0.5003981641031112
26013,GOF,0.011333918723619784,0.5317188017698428,0.45694727950653746
26014,LOF,0.04172595416014533,0.08019303762333169,0.878081008216523
26015,LOF,0.38160566988391215,0.02629725967663406,0.5920970704394538
26016,LOF,0.2629572918387739,0.026890147097226317,0.7101525610639997
26017,LOF,0.016569015116042404,0.11680572861425058,0.866625256269707
26018,LOF,0.031927323030365974,0.054000614136346,0.914072062833288
26019,LOF,0.03174166476556345,0.04932162232139289,0.9189367129130437
26020,LOF,0.006596204945792428,0.11478972569712488,0.8786140693570827
26021,LOF,0.07276849760608792,0.05341368537631671,0.8738178170175953
26022,LOF,0.03587070228107124,0.023121133225077875,0.9410081644938509
26023,LOF,0.02559338910449321,0.036759042324124726,0.9376475685713821
26024,LOF,0.04758352626142713,0.041576874233093634,0.9108395995054793
26025,LOF,0.12201036663820446,0.040116254332813385,0.8378733790289822
26026,LOF,0.11379593258073527,0.031408730555570905,0.8547953368636937
26027,LOF,0.032502533978462124,0.023632195288056584,0.9438652707334813
26028,LOF,0.059885334015512,0.16303727926145722,0.7770773867230307
26029,LOF,0.028591517827367106,0.19415743933932295,0.7772510428333098
26030,LOF,0.1069723011890911,0.023282878869994653,0.8697448199409142
26031,LOF,0.012236201088111812,0.17880164660997208,0.808962152301916
26032,LOF,0.03609662058958778,0.05655248253289765,0.9073508968775146
26033,LOF,0.038742301070757025,0.053102280954206146,0.9081554179750367
26034,LOF,0.018790105652479034,0.1174919399138154,0.8637179544337056
26035,LOF,0.011512752847195107,0.13004177449891716,0.8584454726538878
26036,LOF,0.010982495616994471,0.10388733566988143,0.885130168713124
26037,LOF,0.010836713959634097,0.11835187438885737,0.8708114116515085
26038,LOF,0.03050964331215034,0.049353990056337484,0.9201363666315122
26039,LOF,0.029155110578153585,0.15151149651894327,0.8193333929029031
26040,LOF,0.08072731965291086,0.14671963930359497,0.7725530410434941
26041,LOF,0.01275591649030098,0.10887111247709563,0.8783729710326034
26042,LOF,0.011779694479003872,0.1173488224412392,0.8708714830797569
26043,LOF,0.030659162796012572,0.07915173137684296,0.8901891058271445
26044,LOF,0.006756185396185708,0.05825924273590816,0.9349845718679061
26045,LOF,0.09205032981913847,0.21104290961322983,0.6969067605676317
26046,LOF,0.027528550972673215,0.048922226364329,0.9235492226629977
26047,LOF,0.05976171206267555,0.05044014927951636,0.889798138657808
26048,LOF,0.08987814325886215,0.022227606765054073,0.8878942499760838
26049,Neutral,0.9435910767629304,0.0068213764892674856,0.049587546747802025
26050,Neutral,0.906582012238611,0.007682402997929604,0.08573558476345944
26051,LOF,0.028296150576094792,0.3024249034378634,0.6692789459860419
26052,LOF,0.030023759815664516,0.22810656538878943,0.7418696747955461
26053,LOF,0.01714485877104935,0.1977155774812744,0.7851395637476762
26054,LOF,0.05829917016833542,0.0442612217840673,0.8974396080475973
26055,LOF,0.08450056060976457,0.044590595552531975,0.8709088438377035
26056,LOF,0.06837685984501345,0.05667092188704857,0.874952218267938
26057,LOF,0.06013060218788541,0.028884281334045636,0.9109851164780689
26058,LOF,0.06424523298494496,0.022981214686212115,0.9127735523288429
26059,LOF,0.22400932176929936,0.06486925979266225,0.7111214184380384
26060,LOF,0.01482807555838471,0.22297515074464222,0.7621967736969731
26061,LOF,0.010890879654108473,0.017250188344775676,0.971858932001116
26062,LOF,0.005894096174825183,0.025501679691816683,0.968604224133358
26063,LOF,0.045843862806463,0.018127858644315237,0.9360282785492219
26064,LOF,0.013705170408533054,0.028022249116629858,0.9582725804748372
26065,LOF,0.05757874579350316,0.02624992024748161,0.9161713339590152
26066,LOF,0.04815137119917436,0.019833454305059214,0.9320151744957664
26067,LOF,0.05393038116610844,0.016636527188750378,0.9294330916451412
26068,LOF,0.05762672952342777,0.039212307989600396,0.903160962486972
26069,LOF,0.18037463862689024,0.03863074325681805,0.7809946181162917
26070,LOF,0.3820440001528513,0.02287095707095652,0.5950850427761922
26071,LOF,0.047531640050924716,0.018960417042661954,0.9335079429064134
26072,LOF,0.0069537441419926715,0.0326331577853733,0.960413098072634
26073,LOF,0.043186825674154924,0.024050446903863616,0.9327627274219814
26074,Neutral,0.6765302585182761,0.015334344263621647,0.30813539721810224
26075,LOF,0.04738122342136589,0.029874414445435427,0.9227443621331985
26076,LOF,0.046096480493135854,0.01813984439770435,0.9357636751091598
26077,LOF,0.16098464545042024,0.013935024984936885,0.8250803295646428
26078,LOF,0.00665730029692175,0.030662935173592098,0.9626797645294862
26079,LOF,0.06590965153635416,0.030228920242610483,0.9038614282210354
26080,LOF,0.06529202863311126,0.03024977345922211,0.9044581979076667
26081,LOF,0.03964118621441189,0.01640038455123733,0.9439584292343508
26082,LOF,0.006683684907236519,0.028708490603571057,0.9646078244891924
26083,LOF,0.10949571562449142,0.031302651144432564,0.859201633231076
26084,LOF,0.12272599052192502,0.029903422529635727,0.8473705869484393
26085,LOF,0.11321424847050034,0.022878489454328535,0.8639072620751712
26086,LOF,0.04361293372887791,0.02159951675118922,0.9347875495199328
26087,LOF,0.043038431605764406,0.020547415128882637,0.9364141532653529
26088,LOF,0.007037720673316281,0.04820977091122222,0.9447525084154615
26089,LOF,0.043956119542845944,0.049411477998451865,0.9066324024587022
26090,LOF,0.04486172521120049,0.037163100116432826,0.9179751746723667
26091,LOF,0.03157560246722813,0.01506719564891681,0.953357201883855
26092,LOF,0.04527252474065309,0.015940648856810413,0.9387868264025365
26093,LOF,0.06758620556176156,0.01153840102911181,0.9208753934091266
26094,LOF,0.0375598191501849,0.013220769145572226,0.949219411704243
26095,LOF,0.01160380651740102,0.035863215962085186,0.9525329775205139
26096,LOF,0.2286555395019127,0.007253870201981983,0.7640905902961053
26097,LOF,0.006674647913596716,0.06160529414518678,0.9317200579412165
26098,LOF,0.0546016970735317,0.02792903606398686,0.9174692668624814
26099,LOF,0.046773693995259796,0.03572613332199137,0.9175001726827487
26100,LOF,0.046773693995259796,0.03572613332199137,0.9175001726827487
26101,LOF,0.046826170568940347,0.052655874982748305,0.9005179544483113
26102,LOF,0.03981729077520906,0.030046612315134492,0.9301360969096564
26103,Neutral,0.8974078006851277,0.03592099102090364,0.06667120829396876
26104,LOF,0.059924250313290406,0.05390231663706462,0.8861734330496449
26105,LOF,0.23431707604397295,0.11443643508704182,0.6512464888689852
26106,LOF,0.2784428613756312,0.03914328556352975,0.682413853060839
26107,LOF,0.017619920494426945,0.053679840837350126,0.9287002386682229
26108,LOF,0.16374476817213804,0.04775525785977476,0.7884999739680871
26109,LOF,0.05869239347035012,0.0498461893087687,0.8914614172208812
26110,LOF,0.4049484321233639,0.012133169306781507,0.5829183985698545
26111,LOF,0.06210862144057019,0.06099147141698213,0.8768999071424476
26112,LOF,0.06497419126428428,0.0104683504746255,0.9245574582610901
26113,LOF,0.11194921528469667,0.027414262649403786,0.8606365220658996
26114,LOF,0.09176696216404115,0.007929576735259857,0.900303461100699
26115,LOF,0.017744363878653774,0.06324160305734638,0.9190140330639999
26116,LOF,0.08302809669059229,0.02293140033814533,0.8940405029712624
26117,LOF,0.3755912195260408,0.03657982953980361,0.5878289509341555
26118,LOF,0.03957631886800396,0.016964437218922233,0.9434592439130738
26119,LOF,0.006352873504770079,0.07421289805114518,0.9194342284440846
26120,LOF,0.03407337985243641,0.016074674002267777,0.9498519461452958
26121,LOF,0.004749309621829149,0.11349219348823167,0.8817584968899392
