feature0,prediction,LoGoFunc_Neutral,LoGoFunc_GOF,LoGoFunc_LOF
25546,Neutral,0.7813912369763475,0.024659150452230414,0.19394961257142213
25547,Neutral,0.6327919916222824,0.052112664842406654,0.31509534353531093
25548,Neutral,0.6150700638084403,0.04144939937583786,0.3434805368157218
25549,Neutral,0.5322699345883039,0.04200597974997506,0.4257240856617212
25550,LOF,0.34665975877075017,0.09503274971970628,0.5583074915095435
25551,LOF,0.2916015881899758,0.1100520835248699,0.5983463282851543
25552,LOF,0.19262896548384909,0.11175458415758724,0.6956164503585637
25553,Neutral,0.8332024132331752,0.030097891449200546,0.1366996953176243
25554,LOF,0.2390919217334737,0.10399229084184115,0.6569157874246851
25555,LOF,0.19027887937358753,0.08476040974542506,0.7249607108809875
25556,LOF,0.4205382459425214,0.08385998493638334,0.4956017691210952
25557,LOF,0.18389820440577162,0.0965330518372005,0.7195687437570278
25558,LOF,0.23738251297414628,0.10820040619938036,0.6544170808264734
25559,LOF,0.4076924722986474,0.05886550928949686,0.5334420184118557
25560,LOF,0.06257739831968458,0.19824701976043363,0.7391755819198818
25561,LOF,0.11174835772974503,0.21268031991276815,0.6755713223574868
25562,LOF,0.10811007609499565,0.09697040435797541,0.7949195195470289
25563,LOF,0.11261308262095314,0.11018840354129393,0.777198513837753
25564,LOF,0.17016926637402421,0.19879712218471504,0.6310336114412608
25565,LOF,0.1219052354726692,0.17120466567608245,0.7068900988512484
25566,GOF,0.014373240094910396,0.7170412071090726,0.268585552796017
25567,LOF,0.012945818580845678,0.12332103257823515,0.8637331488409192
25568,LOF,0.048945815987994246,0.056887373562984844,0.8941668104490208
25569,LOF,0.06021429441452962,0.05566348665238583,0.8841222189330846
25570,LOF,0.06586969505958835,0.09385706786188745,0.8402732370785243
25571,LOF,0.061906918275366256,0.08432861089916992,0.8537644708254638
25572,LOF,0.06379534615266001,0.12777223673834023,0.8084324171089997
25573,LOF,0.029418435567505626,0.08137491344597121,0.8892066509865232
25574,LOF,0.01772963723452079,0.13997196525990477,0.8422983975055743
25575,LOF,0.05240688586031077,0.0962594715842165,0.8513336425554728
25576,LOF,0.01955520670312212,0.10822756822386057,0.8722172250730174
25577,LOF,0.01514736010162465,0.1326065281398818,0.8522461117584934
25578,LOF,0.22927281563918714,0.07675200375306836,0.6939751806077444
25579,LOF,0.23081555348260174,0.07600986268338492,0.6931745838340134
25580,LOF,0.03716147581207389,0.07872433235254621,0.8841141918353799
25581,LOF,0.04966074221219141,0.059482887407002936,0.8908563703808056
25582,LOF,0.04948504264115559,0.05627161684620385,0.8942433405126406
25583,LOF,0.04241236175066169,0.08723057362705729,0.8703570646222809
25584,Neutral,0.4630853997052293,0.07718533756224717,0.4597292627325236
25585,LOF,0.03925015572080666,0.0991228035104609,0.8616270407687324
25586,LOF,0.0427240958164206,0.07530487355154775,0.8819710306320317
25587,LOF,0.03893563630768392,0.07365491259400564,0.8874094510983104
25588,LOF,0.038383529760028935,0.08899638873783705,0.872620081502134
25589,Neutral,0.6164000826002085,0.09461166795583141,0.28898824944396007
25590,LOF,0.03092715050516606,0.12265419839690882,0.8464186510979251
25591,LOF,0.11446109047983964,0.045663892750946754,0.8398750167692136
25592,LOF,0.1038436560439369,0.12818082107592016,0.7679755228801429
25593,LOF,0.016613509867416637,0.25533678358428386,0.7280497065482995
25594,LOF,0.038307619684418086,0.18489806936910994,0.776794310946472
25595,LOF,0.05926759746270483,0.1593285749602618,0.7814038275770334
25596,LOF,0.0575744451898122,0.09996984180864707,0.8424557130015408
25597,LOF,0.06005524970227782,0.07520289912531455,0.8647418511724075
25598,LOF,0.04832293905908239,0.19218426776542938,0.7594927931754882
25599,GOF,0.006772224586034305,0.7050564270904988,0.2881713483234669
25600,GOF,0.008446462253605118,0.5651597681780417,0.4263937695683532
25601,LOF,0.00608138637291335,0.44361322222058547,0.5503053914065011
25602,LOF,0.019248438869491537,0.06120465091195865,0.9195469102185497
25603,LOF,0.036597523318271125,0.02901119931623902,0.9343912773654898
25604,LOF,0.05019587310922067,0.06668119501884928,0.88312293187193
25605,LOF,0.00945742265986349,0.2851107696268451,0.7054318077132914
25606,GOF,0.05713134052782328,0.5031867894910993,0.43968186998107733
25607,LOF,0.00399208053056029,0.1515064179604419,0.8445015015089978
25608,LOF,0.07155773760200415,0.05263752250240215,0.8758047398955936
25609,LOF,0.061807343063837346,0.38609265250929636,0.5521000044268664
25610,LOF,0.046040968578947086,0.03378319505420218,0.9201758363668507
25611,LOF,0.06060156161382558,0.028123394789535173,0.9112750435966391
25612,LOF,0.12820482428956917,0.05201898894984279,0.8197761867605879
25613,LOF,0.1073599648386855,0.04010551820738907,0.8525345169539256
25614,LOF,0.042635167967790426,0.038235677320499865,0.9191291547117098
25615,LOF,0.06375856170091856,0.03874391309305929,0.8974975252060222
25616,LOF,0.039524310686242126,0.0394458581227075,0.9210298311910503
25617,LOF,0.04396983873823106,0.04007078669603549,0.9159593745657335
25618,LOF,0.25064906102757006,0.03710970374983735,0.7122412352225926
25619,LOF,0.04085809104234804,0.03599205638566035,0.9231498525719917
25620,LOF,0.04467933432776513,0.04532059419549029,0.9100000714767446
25621,LOF,0.03717294406408725,0.03157615166707269,0.93125090426884
25622,LOF,0.031635506062832386,0.04914363155920691,0.9192208623779606
25623,LOF,0.05960854074982868,0.032363191276593914,0.9080282679735774
25624,LOF,0.03246166960170418,0.04554621513578939,0.9219921152625065
25625,LOF,0.03783684062615042,0.04886740844615112,0.9132957509276984
25626,LOF,0.09043262671952845,0.03300615088072482,0.8765612223997468
25627,Neutral,0.5846960045348428,0.09181566495266039,0.3234883305124967
25628,LOF,0.22231004777562324,0.04482747561741528,0.7328624766069615
25629,LOF,0.09130111230773491,0.11912325514394706,0.789575632548318
25630,LOF,0.21919976692310142,0.07938403640771204,0.7014161966691865
25631,Neutral,0.6149823432817029,0.057326490259079745,0.32769116645921753
25632,LOF,0.022285425284161886,0.08003708757857797,0.8976774871372601
25633,LOF,0.22869161694365886,0.08575096460535864,0.6855574184509825
25634,LOF,0.03846559547211431,0.09857680366220017,0.8629576008656854
25635,LOF,0.033372765928104536,0.08265825709671798,0.8839689769751775
25636,GOF,0.0066845157773185145,0.6848752658423611,0.30844021838032026
25637,GOF,0.004462067723162371,0.5587066951743651,0.4368312371024725
25638,LOF,0.009302790228987065,0.4324619430824916,0.5582352666885213
25639,LOF,0.004808629724385367,0.48410215547205554,0.5110892148035592
25640,GOF,0.36618775057436004,0.5902352017594248,0.04357704766621519
25641,LOF,0.006411272402578856,0.3341188526006636,0.6594698749967576
25642,LOF,0.2787211493171992,0.09462358157283768,0.6266552691099632
25643,LOF,0.20586695240737105,0.31309181066107433,0.48104123693155454
25644,GOF,0.030003926651474985,0.6573466346535197,0.3126494386950053
25645,GOF,0.02133143219209773,0.6282941217519619,0.35037444605594054
25646,LOF,0.023163991029938387,0.4477335726927919,0.5291024362772696
25647,LOF,0.017865836780929942,0.3326105265315571,0.649523636687513
25648,LOF,0.015219907927223565,0.39129925065493404,0.5934808414178424
25649,LOF,0.0146286864994748,0.2901598115857003,0.6952115019148248
25650,GOF,0.040136145210473935,0.6741629472436169,0.2857009075459092
25651,LOF,0.012707018728363802,0.325641014010545,0.6616519672610911
25652,LOF,0.01982962635077729,0.37771929928392706,0.6024510743652957
25653,GOF,0.08886587272032093,0.5979403219310192,0.3131938053486598
25654,LOF,0.015209122161756225,0.41592297650160376,0.56886790133664
25655,GOF,0.12278022508513284,0.527531621136221,0.34968815377864615
25656,LOF,0.05408607187492742,0.09181899305622655,0.8540949350688462
25657,LOF,0.2770820573233235,0.041334620267229845,0.6815833224094466
25658,LOF,0.029567965551705638,0.18859478350142925,0.7818372509468652
25659,LOF,0.2124103589417634,0.08968154315838087,0.6979080978998558
25660,LOF,0.10548394537830512,0.10169413415919351,0.7928219204625014
25661,LOF,0.08948630849794302,0.07187078435948618,0.8386429071425707
25662,LOF,0.0364172900379644,0.05035304398625383,0.9132296659757818
25663,LOF,0.0429748609112231,0.0883887586444228,0.8686363804443542
25664,LOF,0.029325662427985167,0.14381303033120807,0.8268613072408068
25665,LOF,0.048192970049380425,0.05573076354536543,0.8960762664052541
25666,LOF,0.04266303244318706,0.1673804114340977,0.7899565561227152
25667,LOF,0.037872387148521335,0.05548634801774746,0.9066412648337312
25668,LOF,0.04806810411637734,0.05414268337063102,0.8977892125129916
25669,LOF,0.057945827753288125,0.09273500668031659,0.8493191655663953
25670,LOF,0.13347364456005628,0.11159475219075703,0.7549316032491867
25671,LOF,0.046909116777534295,0.05735339646032987,0.8957374867621357
25672,LOF,0.0476350231709346,0.07310740468780097,0.8792575721412643
25673,LOF,0.036189738132999805,0.07894752545151211,0.8848627364154881
25674,LOF,0.026944234556511452,0.0941726998454274,0.8788830655980613
25675,LOF,0.03477521982539003,0.08072661699720274,0.8844981631774073
25676,LOF,0.0360393206988117,0.07036637581222369,0.8935943034889645
25677,LOF,0.0912222711787505,0.06032848864624373,0.8484492401750057
25678,LOF,0.15723793906964348,0.05206213896599345,0.7906999219643631
25679,LOF,0.0991987781461893,0.07168690326428945,0.8291143185895212
25680,LOF,0.08721428085792589,0.09311682684407105,0.8196688922980031
25681,LOF,0.10855739531264053,0.08513354166554074,0.8063090630218187
25682,LOF,0.05599163798486514,0.06702296712389227,0.8769853948912426
25683,LOF,0.0699840182622804,0.10371611212895838,0.8262998696087612
25684,LOF,0.0660509279705234,0.07462155950429615,0.8593275125251804
25685,LOF,0.10940437246331843,0.048420084495706325,0.8421755430409752
25686,LOF,0.03808528247005505,0.10543987090168565,0.8564748466282592
25687,LOF,0.05965913381410304,0.10107932961534392,0.839261536570553
25688,LOF,0.01842548232296384,0.07443205933032591,0.9071424583467103
25689,LOF,0.015116392358996608,0.045382031840349085,0.9395015758006543
25690,LOF,0.015984696146983408,0.052756537701631,0.9312587661513855
25691,LOF,0.12025882766549884,0.07372416976210563,0.8060170025723955
25692,LOF,0.18363146197596078,0.011330992247595253,0.8050375457764438
25693,LOF,0.04960259616205811,0.15649703560016376,0.7939003682377781
25694,LOF,0.28123183325756934,0.010097247010419036,0.7086709197320116
25695,LOF,0.21616273709261263,0.01783428703942431,0.7660029758679631
25696,LOF,0.15346106137982524,0.014883477833342158,0.8316554607868327
25697,LOF,0.11003820919896996,0.03715846425110743,0.8528033265499226
25698,LOF,0.021057608614175126,0.301391664054447,0.6775507273313779
25699,LOF,0.09396576330544783,0.10290455416736309,0.8031296825271891
25700,LOF,0.03564868808652094,0.01751937657816591,0.9468319353353132
25701,LOF,0.016496405325465292,0.1143236810845896,0.8691799135899452
25702,GOF,0.02317238387173726,0.75422963754894,0.22259797857932279
25703,LOF,0.018653479910648186,0.20137595401980524,0.7799705660695465
25704,LOF,0.10272157933178243,0.20258335545079284,0.6946950652174247
25705,LOF,0.0914611519475916,0.287698449333045,0.6208403987193634
25706,GOF,0.021374028431515105,0.6729436213088126,0.3056823502596725
25707,GOF,0.03073392988197825,0.6602882238880781,0.3089778462299436
25708,GOF,0.00935605229863832,0.6174744062588307,0.373169541442531
25709,LOF,0.027307951090395594,0.0906203609024742,0.8820716880071302
25710,LOF,0.005177197328672384,0.2593667619502385,0.735456040721089
25711,LOF,0.029224284415405227,0.15772566649713093,0.8130500490874639
25712,LOF,0.006865320873018077,0.3119759870852545,0.6811586920417275
25713,LOF,0.02483400292360483,0.13185051351510785,0.8433154835612874
25714,LOF,0.026826777348993733,0.1819341685815508,0.7912390540694555
25715,LOF,0.02905613487299099,0.14804814649612655,0.8228957186308825
25716,LOF,0.008410072689670704,0.2015680011731949,0.7900219261371343
25717,LOF,0.00561000376056732,0.21577377291330654,0.7786162233261262
25718,LOF,0.028079508251385936,0.10106821201783374,0.8708522797307804
25719,LOF,0.03416023309645407,0.1483179761413244,0.8175217907622215
25720,LOF,0.03807360352140366,0.12884727373375982,0.8330791227448365
25721,LOF,0.030851830709149274,0.12252360183904236,0.8466245674518085
25722,LOF,0.020138384587135932,0.16531996971561708,0.8145416456972471
25723,LOF,0.02912224897634495,0.1262130129832972,0.8446647380403579
25724,LOF,0.028098844070725864,0.21512282944634148,0.7567783264829326
25725,LOF,0.028818103499290548,0.11205844953757839,0.8591234469631311
25726,LOF,0.020880391344605103,0.14284766958762285,0.8362719390677721
25727,LOF,0.027472474132375427,0.1505259937351173,0.8220015321325073
25728,LOF,0.026258534523520397,0.14442268925545002,0.8293187762210296
25729,LOF,0.026118430663498445,0.16806480860285525,0.8058167607336464
25730,LOF,0.030504800274223625,0.11662919339145371,0.8528660063343226
25731,LOF,0.009972463626051108,0.24509987324481233,0.7449276631291366
25732,LOF,0.022616980385956734,0.12994985743284515,0.8474331621811982
25733,LOF,0.037708102601170634,0.11788384787644167,0.8444080495223877
25734,LOF,0.006108689600307287,0.3519238152293129,0.6419674951703798
25735,LOF,0.025679772124557992,0.10618347115542759,0.8681367567200144
25736,LOF,0.025135459620937325,0.17135688825277265,0.8035076521262902
25737,LOF,0.0546340792221544,0.1686137426282035,0.776752178149642
25738,LOF,0.025887472858200315,0.19544337295068975,0.7786691541911098
25739,LOF,0.03517891152037254,0.1284414096291121,0.8363796788505153
25740,LOF,0.03253365490563932,0.14987785233014422,0.8175884927642164
25741,LOF,0.03850902057950613,0.13770649007684924,0.8237844893436446
25742,LOF,0.05019181868284883,0.14334722200859096,0.8064609593085603
25743,LOF,0.011359905154977482,0.02120743525240536,0.9674326595926172
25744,LOF,0.21527929788102868,0.28087914687878845,0.5038415552401828
25745,LOF,0.03793653676395738,0.06104384856434128,0.9010196146717012
25746,LOF,0.015670452539577013,0.07683751825764568,0.9074920292027773
25747,LOF,0.037622349078650655,0.021512447847428038,0.9408652030739213
25748,LOF,0.2762974078133324,0.0446106508459301,0.6790919413407376
25749,LOF,0.0162179537756703,0.05100361399878376,0.9327784322255459
25750,LOF,0.021457457896031498,0.048641005634270214,0.9299015364696983
25751,LOF,0.039452900501452046,0.03644879376456823,0.9240983057339798
25752,GOF,0.07489259088882777,0.729042866808573,0.19606454230259934
25753,LOF,0.0062651740820934745,0.4670209566699318,0.5267138692479747
25754,GOF,0.006770738512545468,0.8895977739077716,0.10363148757968291
25755,LOF,0.006190470332107037,0.4917307530584429,0.5020787766094501
25756,GOF,0.024643174960269115,0.508855716904871,0.4665011081348599
25757,GOF,0.007118043002827229,0.8736221774675791,0.11925977952959382
25758,GOF,0.008200401264573231,0.904050289835173,0.08774930890025373
25759,GOF,0.005618266079661112,0.6932044218138762,0.30117731210646265
25760,LOF,0.005361784807313668,0.3862576382928163,0.60838057689987
25761,GOF,0.04637586417303243,0.8787598265068226,0.07486430932014493
25762,LOF,0.028059726403979485,0.4631531313038393,0.5087871422921812
25763,LOF,0.00543921279382047,0.34188506449133105,0.6526757227148485
25764,GOF,0.0546662690891288,0.7104361930604838,0.23489753785038744
25765,GOF,0.007644677765774955,0.8917066317178516,0.10064869051637325
25766,GOF,0.03928545963884408,0.8589776918144323,0.10173684854672373
25767,GOF,0.021182845858071342,0.5213919970885401,0.45742515705338865
25768,LOF,0.050897522174582537,0.04822546211872171,0.9008770157066958
25769,LOF,0.03992667155512126,0.07255559274065108,0.8875177357042277
25770,LOF,0.21240016707382015,0.08157709808751568,0.7060227348386642
25771,LOF,0.01778780815676615,0.08050897526876484,0.901703216574469
25772,LOF,0.032958328171648836,0.028478770062136304,0.9385629017662149
25773,LOF,0.019106223681952382,0.08131299279058384,0.8995807835274638
25774,LOF,0.02835313347283538,0.14035062297538306,0.8312962435517816
25775,LOF,0.02054099025707082,0.0466169694646205,0.9328420402783086
25776,LOF,0.030652499469609743,0.022479799306241145,0.9468677012241491
25777,LOF,0.3138193930017644,0.101255198572032,0.5849254084262036
25778,LOF,0.02826786573877789,0.05374281564580186,0.9179893186154202
25779,GOF,0.07622999590738659,0.8437979646119453,0.07997203948066811
25780,GOF,0.09072871595651177,0.8476544826592999,0.061616801384188354
25781,GOF,0.03778120511596582,0.8358689255627,0.1263498693213341
25782,GOF,0.04813823532293002,0.8736554848906255,0.07820627978644458
25783,GOF,0.04067061853490667,0.8987652375348879,0.060564143930205365
25784,GOF,0.14001622777972822,0.8091090844305626,0.0508746877897092
25785,GOF,0.14264819019366795,0.8160449510033324,0.0413068588029997
25786,GOF,0.012841832080693477,0.8568396216452397,0.1303185462740667
25787,GOF,0.28542534790849894,0.6670040452307232,0.047570606860777936
25788,LOF,0.01864543335950442,0.1610152252097812,0.8203393414307143
25789,GOF,0.021903172799440117,0.8253874335129018,0.1527093936876581
25790,GOF,0.03724780355189859,0.8603011114201302,0.10245108502797107
25791,GOF,0.033798407294912305,0.709609817740058,0.2565917749650298
25792,GOF,0.04073255230059564,0.7550124456689777,0.20425500203042665
25793,GOF,0.05649186888888145,0.7838206651439661,0.1596874659671525
25794,GOF,0.07040298810257459,0.7260773695843081,0.20351964231311725
25795,GOF,0.06693747281091018,0.7025357893080924,0.2305267378809975
25796,GOF,0.14167894038450304,0.7678334012841529,0.09048765833134392
25797,GOF,0.11884826903325116,0.6839311364598651,0.19722059450688367
25798,GOF,0.008306005464143323,0.7565644551950741,0.23512953934078246
25799,GOF,0.005212907061478113,0.6540652458729289,0.340721847065593
25800,GOF,0.031902292134569764,0.8119314460668363,0.15616626179859383
25801,GOF,0.028576804376964277,0.8837384565776644,0.08768473904537126
25802,GOF,0.03358126026115316,0.7591995385600078,0.20721920117883919
25803,GOF,0.02425764735422208,0.6854914084106739,0.2902509442351041
25804,GOF,0.039483290022699694,0.7494606909964496,0.21105601898085058
25805,GOF,0.03788460967612405,0.770418006301747,0.19169738402212894
25806,GOF,0.05191551347633427,0.7767128020312095,0.17137168449245616
25807,GOF,0.017203339695995547,0.7152348704289888,0.26756178987501567
25808,GOF,0.030076950612100726,0.7300563598234261,0.23986668956447305
25809,GOF,0.01401063435070012,0.6703394025943752,0.31564996305492476
25810,GOF,0.011973954223632129,0.6559007112917483,0.33212533448461967
25811,GOF,0.06498703382881525,0.8430615268936403,0.09195143927754452
25812,GOF,0.03732380675121644,0.7436533199098859,0.21902287333889758
25813,GOF,0.1870458186349128,0.7194435896843725,0.09351059168071459
25814,GOF,0.03738488331070782,0.7396152427083729,0.22299987398091928
25815,GOF,0.07411923356792131,0.7872132079310985,0.13866755850098023
25816,GOF,0.010655592713082708,0.8303340841205031,0.15901032316641406
25817,GOF,0.13796700418549798,0.7321686682737031,0.1298643275407989
25818,GOF,0.03313715928542057,0.7365661814354911,0.23029665927908824
25819,GOF,0.06034454685772067,0.7419505006558944,0.19770495248638492
25820,GOF,0.06213726085502419,0.698489489124272,0.23937325002070367
25821,GOF,0.04081999665005976,0.7516824497423813,0.20749755360755892
25822,GOF,0.0766405987385814,0.6971098235547756,0.2262495777066431
25823,GOF,0.03402162242953003,0.673012255041828,0.2929661225286419
25824,GOF,0.034058300829807577,0.7264342009152682,0.23950749825492412
25825,GOF,0.02774679284550243,0.7153243106029166,0.25692889655158097
25826,GOF,0.013592876633231141,0.6688982066511948,0.31750891671557396
25827,GOF,0.0215521136492553,0.6749760576776282,0.30347182867311645
25828,GOF,0.015962712469028084,0.7091233423574921,0.2749139451734799
25829,GOF,0.005131398779131908,0.6268349074315419,0.3680336937893262
25830,GOF,0.04103586427058317,0.514543159873009,0.4444209758564078
25831,GOF,0.07797045746237298,0.7924051006582369,0.12962444187938996
25832,GOF,0.013224827027957155,0.7033896414389289,0.28338553153311397
25833,GOF,0.04435128526168586,0.772669379602759,0.18297933513555512
25834,GOF,0.01349517009342672,0.7226044815679747,0.2639003483385984
25835,GOF,0.030574263406645298,0.787289664088266,0.18213607250508873
25836,GOF,0.00927584410179978,0.7171470266912348,0.2735771292069656
25837,GOF,0.011129532011420029,0.7256706724509959,0.26319979553758405
25838,GOF,0.02708419014662594,0.7956004933369832,0.1773153165163909
25839,GOF,0.08450696717485795,0.7376406186198833,0.17785241420525885
25840,GOF,0.10820872625293033,0.7190794352272729,0.17271183851979666
25841,GOF,0.10290001592771263,0.7593655600915874,0.13773442398069996
25842,GOF,0.03471756129537044,0.8459673452681276,0.119315093436502
25843,GOF,0.03347617627418107,0.8529713867637397,0.11355243696207927
25844,GOF,0.025490660390706795,0.7756010912043229,0.19890824840497046
25845,GOF,0.00810521733048436,0.6726937600303478,0.31920102263916794
25846,GOF,0.08687956678246331,0.807227589081722,0.10589284413581486
25847,GOF,0.020367330960392255,0.8440663737926561,0.13556629524695163
25848,GOF,0.028444475286542106,0.7943475514661825,0.17720797324727536
25849,GOF,0.00897970406238178,0.7550820389653202,0.235938256972298
25850,GOF,0.008162677240057774,0.6658982039666216,0.3259391187933207
25851,GOF,0.007550496844777109,0.6172519011278371,0.37519760202738567
25852,GOF,0.15945594072671557,0.5294700300095904,0.31107402926369404
25853,GOF,0.07569931064857796,0.7584158641261313,0.16588482522529074
25854,GOF,0.0074759308942804956,0.6717572002232073,0.32076686888251227
25855,GOF,0.026476982628473544,0.6703009993242535,0.3032220180472731
25856,GOF,0.05527552790755111,0.7297406681924606,0.2149838038999883
25857,GOF,0.026530031905689568,0.665354017191259,0.30811595090305155
25858,GOF,0.011077516420831351,0.6004698267753901,0.38845265680377866
25859,GOF,0.00804762133727248,0.5703889371023686,0.4215634415603588
25860,GOF,0.09972381034966642,0.7353491505731715,0.16492703907716208
25861,GOF,0.1129940126018797,0.7631407750877888,0.12386521231033155
25862,GOF,0.026942221042054397,0.8676139476432225,0.10544383131472307
25863,GOF,0.025142668503868787,0.8485098597058652,0.1263474717902659
25864,GOF,0.06781122253187634,0.8409110592950686,0.09127771817305497
25865,GOF,0.056497054597153366,0.8185984314763933,0.12490451392645341
25866,GOF,0.02706668639991335,0.8246410261068924,0.14829228749319434
25867,GOF,0.0465302177546837,0.8248780359851505,0.1285917462601658
25868,GOF,0.08158453691661842,0.7365357989269722,0.18187966415640938
25869,GOF,0.4006276982223204,0.4920397255616467,0.10733257621603282
25870,GOF,0.0752208750613158,0.5166529253933786,0.4081261995453056
25871,GOF,0.011011062624758027,0.7850926867421725,0.20389625063306968
25872,GOF,0.026278789094436403,0.7935407554485956,0.18018045545696804
25873,GOF,0.02419682995036918,0.8495973021180148,0.1262058679316159
25874,LOF,0.018477421635793672,0.19396366308621682,0.7875589152779895
25875,LOF,0.02433126259995006,0.11195645127704962,0.8637122861230002
25876,LOF,0.02136292514977903,0.06316410549648988,0.9154729693537311
25877,LOF,0.107638675130053,0.21975663278346172,0.6726046920864852
25878,LOF,0.06750594111946036,0.2639798612140605,0.6685141976664791
25879,LOF,0.010447911161782245,0.19462022480883756,0.7949318640293803
25880,LOF,0.05866852375924625,0.022609843238426085,0.9187216330023277
25881,Neutral,0.570950908058661,0.08744895158213835,0.34160014035920067
25882,LOF,0.07906624375890176,0.025094180220294297,0.895839576020804
25883,LOF,0.03210820466400675,0.0278876545377764,0.9400041407982168
25884,LOF,0.021442537644987613,0.0402442787388485,0.9383131836161639
25885,LOF,0.18753092583581696,0.012943924726235628,0.7995251494379475
25886,LOF,0.2513521801299006,0.05458039668393806,0.6940674231861614
25887,LOF,0.08770599899764953,0.15129222742873522,0.7610017735736152
25888,LOF,0.008849559976571853,0.17785956296995903,0.813290877053469
25889,LOF,0.028276493554650835,0.03361840424127597,0.9381051022040732
25890,LOF,0.1900899328969551,0.07899470516152059,0.7309153619415243
25891,LOF,0.10344758692136793,0.03294338601870019,0.8636090270599318
25892,LOF,0.008369265072685404,0.02863496612558775,0.9629957688017269
25893,LOF,0.30920788889199907,0.010456217705796378,0.6803358934022046
25894,LOF,0.34570699833499774,0.00701660455274008,0.6472763971122621
25895,LOF,0.28246999257601485,0.013441097685224994,0.7040889097387601
25896,LOF,0.09486663767147926,0.024778618896396477,0.8803547434321243
25897,LOF,0.12496241164123661,0.010153557300451475,0.8648840310583119
25898,LOF,0.12724737566367889,0.02720551700534112,0.8455471073309799
25899,LOF,0.4241771747854863,0.034848653893998556,0.5409741713205151
25900,Neutral,0.6568711149464048,0.013111928751885235,0.33001695630170985
25901,LOF,0.1010881821859293,0.012451140454558517,0.8864606773595122
25902,LOF,0.106674059074773,0.013229435788763138,0.8800965051364639
25903,LOF,0.19923833419313772,0.02601976699156164,0.7747418988153006
25904,Neutral,0.5683859769905164,0.04007606709669827,0.39153795591278523
25905,LOF,0.008179588387457287,0.37658454653850604,0.6152358650740366
25906,LOF,0.008492072613503859,0.06609765806223253,0.9254102693242636
25907,LOF,0.008821110061628137,0.24565552869515542,0.7455233612432164
25908,LOF,0.00857992025523127,0.2468866236605726,0.7445334560841962
25909,LOF,0.03323485367502526,0.09604812513196231,0.8707170211930123
25910,LOF,0.012781180263406815,0.14602441862821205,0.8411944011083811
25911,LOF,0.18441093283196133,0.02546440398116732,0.7901246631868714
25912,LOF,0.115072191474398,0.01939622586177352,0.8655315826638285
25913,LOF,0.020442515135628333,0.030912017316574503,0.9486454675477972
25914,LOF,0.04243866616024808,0.028335224455044387,0.9292261093847075
25915,LOF,0.1540437623170803,0.21294067405596254,0.6330155636269572
25916,LOF,0.01296091489820516,0.09611555314240569,0.8909235319593891
25917,LOF,0.06935171463263586,0.03254306088074048,0.8981052244866236
25918,LOF,0.039417757889494566,0.015737457814181087,0.9448447842963243
25919,LOF,0.033881043475950536,0.016218376961513157,0.9499005795625363
25920,LOF,0.35625434698754826,0.14911435645251944,0.4946312965599323
25921,LOF,0.019062055971788863,0.017848441341124743,0.9630895026870863
25922,LOF,0.01808388167045327,0.019399048766925327,0.9625170695626213
25923,LOF,0.44986254007252074,0.012165147058882652,0.5379723128685966
25924,LOF,0.02848122557395933,0.021005130997852693,0.950513643428188
25925,LOF,0.11237044913792861,0.026854188264691003,0.8607753625973803
25926,LOF,0.09423109972655239,0.019801087179113445,0.8859678130943341
25927,LOF,0.026991023931476232,0.03662337508896969,0.936385600979554
25928,LOF,0.014012753178859763,0.018856306302742355,0.967130940518398
25929,Neutral,0.5896173699971382,0.011756872473446403,0.39862575752941537
25930,LOF,0.10188902417562988,0.011891944605801076,0.8862190312185689
25931,LOF,0.015888994248460193,0.014175486781051419,0.9699355189704885
25932,LOF,0.09482049529895262,0.011124594008699197,0.8940549106923481
25933,LOF,0.1076115091070801,0.008475766981377173,0.8839127239115427
25934,LOF,0.10202629284831102,0.007525012516655873,0.8904486946350332
25935,LOF,0.11035760766786684,0.02092115975263304,0.8687212325795002
25936,LOF,0.10833892553137003,0.00759861204575492,0.8840624624228751
25937,LOF,0.024168632292247534,0.017256572153192037,0.9585747955545605
25938,LOF,0.10937639533587776,0.019521792274804554,0.8711018123893177
25939,LOF,0.0723027152843164,0.011655521736279982,0.9160417629794037
25940,GOF,0.010816332451694468,0.5448880363058436,0.4442956312424619
25941,Neutral,0.48144271715921827,0.05175204317577702,0.46680523966500476
25942,LOF,0.011350252902551315,0.05091213902521547,0.9377376080722332
25943,LOF,0.04839307304258423,0.19766873858865353,0.7539381883687623
25944,LOF,0.05829739852900584,0.10226924729917435,0.8394333541718199
25945,LOF,0.18887680225456696,0.027288723385851137,0.783834474359582
25946,LOF,0.07955812027839548,0.04778359044501621,0.8726582892765883
25947,Neutral,0.4915083056621437,0.1585974495704754,0.34989424476738085
25948,LOF,0.3879342575027118,0.01173644646562037,0.6003292960316678
25949,LOF,0.1290594525188205,0.0699990374456006,0.8009415100355789
25950,GOF,0.10800568769436686,0.6565816415003133,0.23541267080531988
25951,LOF,0.015386241100345529,0.4340548186134136,0.5505589402862409
25952,LOF,0.1478522004446357,0.31513857824711616,0.5370092213082481
25953,LOF,0.007331003354872367,0.31648548604718585,0.6761835105979418
25954,LOF,0.06773246594746087,0.4654448344086945,0.4668226996438446
25955,LOF,0.010278958458301119,0.26941447154755693,0.720306569994142
25956,LOF,0.01031799043334966,0.3853271962350738,0.6043548133315767
25957,LOF,0.17393990793544578,0.048808358377959986,0.7772517336865942
25958,LOF,0.031500207876474506,0.0672271013044932,0.9012726908190323
25959,GOF,0.006694367780079509,0.7242808580249795,0.269024774194941
25960,LOF,0.0048411638931740875,0.1297271925337694,0.8654316435730566
25961,LOF,0.026900690678917056,0.054359360981681565,0.9187399483394014
25962,LOF,0.03544020895379591,0.08144743050955602,0.883112360536648
25963,LOF,0.008887711164417684,0.132144279217124,0.8589680096184584
25964,LOF,0.04566523887458451,0.10698088353821562,0.8473538775871998
25965,LOF,0.16112260368172843,0.16922115751156636,0.6696562388067052
25966,LOF,0.30450177243436205,0.10660252300855794,0.58889570455708
25967,LOF,0.005798080343520927,0.09835433316480946,0.8958475864916697
25968,LOF,0.05038156113711946,0.26445837980968273,0.6851600590531978
25969,LOF,0.14232534350385442,0.0774948152263733,0.7801798412697722
25970,LOF,0.07052099369078486,0.06082666565857001,0.8686523406506451
25971,LOF,0.07002601480784515,0.026086943457982337,0.9038870417341726
25972,LOF,0.08378226949839893,0.03865650915329709,0.877561221348304
25973,LOF,0.05794802863814511,0.010936413242864845,0.9311155581189902
25974,LOF,0.059835872057246664,0.04605448377769218,0.8941096441650612
25975,LOF,0.033215562631527314,0.014269825866288907,0.9525146115021839
25976,LOF,0.09158616720369098,0.012105571334324194,0.8963082614619848
25977,LOF,0.22894461993327328,0.060508749503064764,0.7105466305636619
25978,LOF,0.1542447632827898,0.15460687264626038,0.6911483640709499
25979,LOF,0.12322943789522138,0.16408090023807115,0.7126896618667075
25980,LOF,0.19613848268350492,0.2490793973831622,0.5547821199333329
25981,LOF,0.19714777081494567,0.25196528903366405,0.5508869401513903
25982,LOF,0.3632073440124524,0.11941693981199489,0.5173757161755527
25983,Neutral,0.4633326865869843,0.11648343127153638,0.4201838821414792
25984,LOF,0.07089481217873349,0.09640075151792023,0.8327044363033462
25985,Neutral,0.44866778987478834,0.1419898565254261,0.4093423535997855
25986,LOF,0.01511151541004016,0.41921591656314205,0.5656725680268178
25987,LOF,0.0426713713400567,0.10114382949100867,0.8561847991689346
25988,LOF,0.06924072982093996,0.1732588390360284,0.7575004311430318
25989,LOF,0.0775387278389272,0.20896120492532325,0.7135000672357495
25990,LOF,0.06477198298783594,0.32894524196727803,0.6062827750448861
25991,GOF,0.02710902888752845,0.5501114057691364,0.42277956534333505
25992,LOF,0.011665841481418407,0.4511212279685931,0.5372129305499885
25993,LOF,0.019373163897424685,0.06250189269104413,0.9181249434115313
25994,LOF,0.02274162860086508,0.07694372891855703,0.9003146424805779
25995,LOF,0.01716549646643331,0.13398610354328647,0.8488483999902803
25996,GOF,0.3340479284963021,0.4157305383120829,0.250221533191615
25997,GOF,0.0629138739067739,0.509117002211534,0.42796912388169206
25998,LOF,0.24963608285208372,0.04107926733043863,0.7092846498174776
25999,LOF,0.02465278947023405,0.32346123178315384,0.651885978746612
26000,LOF,0.16382929117040157,0.012284247596928194,0.8238864612326704
26001,LOF,0.15702811028579927,0.020973139331389386,0.8219987503828113
26002,LOF,0.08576722403148794,0.023030614609436152,0.8912021613590758
26003,GOF,0.00671550319956626,0.5710216631298943,0.42226283367053946
26004,GOF,0.018015020412487134,0.5675739577672477,0.41441102182026507
26005,LOF,0.004626936023438072,0.4653904977101903,0.5299825662663716
26006,GOF,0.09142253510172972,0.48561953596711793,0.42295792893115225
26007,LOF,0.00977692598595369,0.46080618365647297,0.5294168903575734
26008,GOF,0.007073482753090516,0.5365155135884092,0.45641100365850024
26009,GOF,0.012596917190057183,0.5976350825093049,0.38976800030063796
26010,GOF,0.009649811207681262,0.5560788145679642,0.4342713742243546
26011,LOF,0.005775127624227075,0.3938975582371556,0.6003273141386174
26012,LOF,0.005505091051852691,0.49289511514400586,0.5015997938041414
26013,GOF,0.012268609183277395,0.5332863225401507,0.4544450682765718
26014,LOF,0.04268712542270033,0.07491629165342387,0.8823965829238758
26015,LOF,0.43221993080845195,0.02046694067573673,0.5473131285158113
26016,LOF,0.2690859480823255,0.02939374529584727,0.7015203066218272
26017,LOF,0.017007307678185344,0.1256845503579044,0.8573081419639101
26018,LOF,0.0342990690726368,0.057273622813771394,0.9084273081135918
26019,LOF,0.03395722418682816,0.04965375335580718,0.9163890224573648
26020,LOF,0.006841609699487648,0.11872587486683912,0.8744325154336733
26021,LOF,0.07557267513651814,0.05667236149719269,0.8677549633662892
26022,LOF,0.03894561125216451,0.023652416813989042,0.9374019719338466
26023,LOF,0.02538112526435439,0.03750585880804818,0.9371130159275973
26024,LOF,0.05038832379454047,0.04203196475130151,0.9075797114541581
26025,LOF,0.12491365111563807,0.04236838527451595,0.8327179636098461
26026,LOF,0.11597934301667516,0.03254492503311702,0.8514757319502078
26027,LOF,0.03357380648064976,0.022202981099525593,0.9442232124198245
26028,LOF,0.06878298755381947,0.17966621866530885,0.7515507937808716
26029,LOF,0.02982518742591431,0.17727461391631258,0.7929001986577732
26030,LOF,0.11308254187583654,0.025566349499416958,0.8613511086247464
26031,LOF,0.013674548938013835,0.16041634932024884,0.8259091017417374
26032,LOF,0.036172219771639494,0.048885165828961914,0.9149426143993987
26033,LOF,0.03746220091681961,0.04581697210014878,0.9167208269830316
26034,LOF,0.018018577175827548,0.10711970621822546,0.874861716605947
26035,LOF,0.011752105627099827,0.11121969117875356,0.8770282031941466
26036,LOF,0.010914211975028428,0.09147160502004886,0.8976141830049228
26037,LOF,0.010873544761443242,0.09645865225855388,0.8926678029800029
26038,LOF,0.03110276686580338,0.04224078278114723,0.9266564503530494
26039,LOF,0.031006525364495413,0.12322331132593453,0.8457701633095701
26040,LOF,0.07718958061235938,0.1359870592152059,0.7868233601724347
26041,LOF,0.01315760024241577,0.09768271736415511,0.8891596823934291
26042,LOF,0.012154770099669166,0.1019295911454603,0.8859156387548706
26043,LOF,0.03321321707971447,0.07519867482851059,0.8915881080917749
26044,LOF,0.007277502029714168,0.05483152130740675,0.937890976662879
26045,LOF,0.10008912674391678,0.18860516552079218,0.7113057077352911
26046,LOF,0.028421348424575735,0.04949164213973859,0.9220870094356856
26047,LOF,0.06579827724004038,0.050378971334396984,0.8838227514255628
26048,LOF,0.09200606906044792,0.022520709230420995,0.8854732217091311
26049,Neutral,0.9422555127438508,0.007294423420466451,0.05045006383568288
26050,Neutral,0.9053966268395958,0.007975173220922728,0.08662819993948133
26051,LOF,0.0310428737462242,0.31164627874301126,0.6573108475107646
26052,LOF,0.02931804150926794,0.2591507665905004,0.7115311919002316
26053,LOF,0.01714284674023467,0.19587820424910965,0.7869789490106557
26054,LOF,0.0559582129343764,0.04791449526204579,0.8961272918035778
26055,LOF,0.07730439917216546,0.04312103795907644,0.8795745628687581
26056,LOF,0.06380540146777854,0.050810215739451735,0.8853843827927698
26057,LOF,0.06547091939966554,0.02718454745038807,0.9073445331499465
26058,LOF,0.07155371399930088,0.022190727814592928,0.9062555581861063
26059,LOF,0.20598209122979225,0.06122603964985983,0.7327918691203478
26060,LOF,0.015353916722930069,0.21163442414577122,0.7730116591312987
26061,LOF,0.010586860007843625,0.016159092229021347,0.973254047763135
26062,LOF,0.005661338982964679,0.025562257898103093,0.9687764031189321
26063,LOF,0.05225457532685009,0.016508578322345376,0.9312368463508045
26064,LOF,0.014349068396247373,0.023190736801773148,0.9624601948019795
26065,LOF,0.07007991518569025,0.024272359847139435,0.9056477249671704
26066,LOF,0.05418828929146145,0.01772719184380884,0.9280845188647296
26067,LOF,0.055759248048918506,0.015193819065977112,0.9290469328851044
26068,LOF,0.053181984398444675,0.03864348970150654,0.9081745259000488
26069,LOF,0.18585376446893323,0.03403172004763494,0.7801145154834319
26070,LOF,0.3804414140632993,0.02096303037479212,0.5985955555619086
26071,LOF,0.05205913664927197,0.018982681887834432,0.9289581814628936
26072,LOF,0.006435458697618595,0.02353052439164588,0.9700340169107357
26073,LOF,0.04920416579890961,0.017826842587978342,0.9329689916131121
26074,Neutral,0.6633248466540766,0.014238381641532565,0.32243677170439083
26075,LOF,0.04357643562819086,0.03172920809462318,0.9246943562771859
26076,LOF,0.04473247488394361,0.02299675919711309,0.9322707659189433
26077,LOF,0.15266350726438824,0.015413698996302948,0.8319227937393089
26078,LOF,0.005777773663283954,0.03454345044905124,0.9596787758876648
26079,LOF,0.057761497501303466,0.03055858017062726,0.9116799223280693
26080,LOF,0.05646742762009868,0.0306763947728362,0.9128561776070652
26081,LOF,0.045693309357766165,0.01660929133577961,0.9376973993064541
26082,LOF,0.0065941098450425254,0.02786663616893817,0.9655392539860194
26083,LOF,0.10500900364193967,0.031111142529481366,0.8638798538285789
26084,LOF,0.11640514403933483,0.02592404689219267,0.8576708090684726
26085,LOF,0.10477890441150109,0.021797408561267315,0.8734236870272316
26086,LOF,0.04031246992730164,0.024782951862383423,0.9349045782103148
26087,LOF,0.042923484773505424,0.023590104227850208,0.9334864109986444
26088,LOF,0.006400961226640263,0.05926764391619395,0.9343313948571658
26089,LOF,0.04190902992048924,0.0436185702739372,0.9144723998055735
26090,LOF,0.04121724695275711,0.04028203106319046,0.9185007219840524
26091,LOF,0.03200147331031472,0.016186872026943445,0.951811654662742
26092,LOF,0.04486317051351268,0.014331220779891957,0.9408056087065955
26093,LOF,0.061215635090872064,0.009469797689932584,0.9293145672191954
26094,LOF,0.03708513732800498,0.012596081156296832,0.950318781515698
26095,LOF,0.010896669146044978,0.03411530692976971,0.9549880239241852
26096,LOF,0.24515733950504726,0.007387291636826738,0.7474553688581259
26097,LOF,0.006125599830130343,0.07048561282936827,0.9233887873405014
26098,LOF,0.05385389193717295,0.027332157441933146,0.9188139506208939
26099,LOF,0.04598560938943129,0.032403343399512195,0.9216110472110565
26100,LOF,0.04596431630726288,0.03240296952075817,0.921632714171979
26101,LOF,0.046865175067826344,0.05494420738520935,0.8981906175469644
26102,LOF,0.04015140336361163,0.023827986539596488,0.9360206100967918
26103,Neutral,0.8965262129708284,0.03730474853507129,0.06616903849410034
26104,LOF,0.05165059193205671,0.06369306164124253,0.8846563464267008
26105,LOF,0.2503252714138758,0.09511756552170919,0.654557163064415
26106,LOF,0.2560319842690601,0.0356424545226374,0.7083255612083026
26107,LOF,0.016282324809551475,0.06264452452788673,0.9210731506625618
26108,LOF,0.15602605760855923,0.05256852210700349,0.7914054202844373
26109,LOF,0.05354315712895793,0.04640718407362035,0.9000496587974218
26110,LOF,0.41725361959952784,0.011752495354160987,0.5709938850463111
26111,LOF,0.06774448187183016,0.06183013967538738,0.8704253784527825
26112,LOF,0.06540007683393413,0.013069949304754186,0.9215299738613116
26113,LOF,0.11137867550774326,0.03150862826099145,0.8571126962312653
26114,LOF,0.09697345399987299,0.008069039537108889,0.8949575064630182
26115,LOF,0.01811300775208661,0.06810103594872279,0.9137859562991907
26116,LOF,0.08217263177836605,0.02530492690350913,0.8925224413181247
26117,LOF,0.3594952069750603,0.04184319772667088,0.5986615952982688
26118,LOF,0.03788736694750144,0.01805305874557495,0.9440595743069236
26119,LOF,0.006024557927561755,0.08155562843326576,0.9124198136391725
26120,LOF,0.03414339934991537,0.013742270075443382,0.9521143305746412
26121,LOF,0.004057724004350126,0.10183129235755936,0.8941109836380905
