feature0,prediction,LoGoFunc_Neutral,LoGoFunc_GOF,LoGoFunc_LOF
25546,Neutral,0.7622264375234373,0.03953589612049019,0.19823766635607257
25547,Neutral,0.6073464145388312,0.07663247045514461,0.31602111500602426
25548,Neutral,0.6396976804480052,0.058736896040702695,0.301565423511292
25549,Neutral,0.5554449673340789,0.05854785592966374,0.38600717673625745
25550,LOF,0.3632223251239647,0.12501186661684502,0.5117658082591903
25551,LOF,0.2857761072866164,0.13516427860120364,0.5790596141121799
25552,LOF,0.2118869496430204,0.1293644893078944,0.6587485610490852
25553,Neutral,0.860364155642206,0.02865969435862452,0.11097614999916945
25554,LOF,0.24332933098726878,0.11993869194910417,0.636731977063627
25555,LOF,0.20381206989926906,0.10601535043989296,0.690172579660838
25556,Neutral,0.4626185077964213,0.10793847199773178,0.4294430202058469
25557,LOF,0.19630635872617558,0.11331122572563644,0.690382415548188
25558,LOF,0.23136556043313708,0.120105673837163,0.6485287657297
25559,LOF,0.32997891046488503,0.1279032265803059,0.5421178629548091
25560,LOF,0.06510952847750485,0.14592108382193902,0.7889693877005561
25561,LOF,0.14893277680189584,0.13235262328620134,0.7187145999119029
25562,LOF,0.08206291283815058,0.07758371194093448,0.8403533752209149
25563,LOF,0.09777621469478416,0.09907560659534309,0.8031481787098727
25564,LOF,0.1932117183507503,0.15040979891802858,0.6563784827312212
25565,LOF,0.12956825624908713,0.13181126799347753,0.7386204757574353
25566,GOF,0.018959782577296483,0.7501786508678142,0.2308615665548893
25567,LOF,0.01670355593550122,0.22132752970867084,0.761968914355828
25568,LOF,0.05559164271010616,0.08750983512649121,0.8568985221634028
25569,LOF,0.05699378078372857,0.08570656217592232,0.8572996570403492
25570,LOF,0.031430029915737505,0.13576273961667892,0.8328072304675836
25571,LOF,0.029352710702528456,0.1275375412499967,0.843109748047475
25572,LOF,0.04914357928999065,0.14790852756559203,0.8029478931444174
25573,LOF,0.03301120557047448,0.1224965098112285,0.8444922846182971
25574,LOF,0.01816534165998198,0.19083622068367898,0.7909984376563391
25575,LOF,0.024036140559336366,0.14308665659759248,0.8328772028430711
25576,LOF,0.01423926915767,0.1613234407018646,0.8244372901404654
25577,LOF,0.01204072035811628,0.1414463585385868,0.846512921103297
25578,LOF,0.28339203677248637,0.11258928752888576,0.6040186756986279
25579,LOF,0.1304098419541613,0.13082093483303958,0.7387692232127991
25580,LOF,0.017865552498500394,0.1086898522911851,0.8734445952103144
25581,LOF,0.05049914414417847,0.08955735666364757,0.859943499192174
25582,LOF,0.05052008677699675,0.08749139923505228,0.8619885139879511
25583,LOF,0.01975808975683367,0.12534624007037007,0.8548956701727963
25584,Neutral,0.48326932279549495,0.14297052998239915,0.37376014722210593
25585,LOF,0.018272745968908644,0.1854402439309103,0.7962870101001811
25586,LOF,0.016242342947658063,0.1054515422566393,0.8783061147957026
25587,LOF,0.01645113731401919,0.0981086419093102,0.8854402207766705
25588,LOF,0.01672572753899021,0.11671968601415066,0.8665545864468592
25589,Neutral,0.5947563563172865,0.15495415739421828,0.2502894862884953
25590,LOF,0.028342697488351918,0.15484407889190102,0.8168132236197471
25591,LOF,0.09123564312689972,0.08032610550984219,0.8284382513632581
25592,LOF,0.048871587873485514,0.1733473145786231,0.7777810975478914
25593,LOF,0.022656416920872547,0.3121957618401892,0.6651478212389381
25594,LOF,0.04436398442711224,0.17017282995656774,0.7854631856163199
25595,LOF,0.05464002725786111,0.12627054918964326,0.8190894235524957
25596,LOF,0.06608818564227223,0.08372339716941123,0.8501884171883165
25597,LOF,0.04106783027916586,0.08933858716094166,0.8695935825598925
25598,LOF,0.047854778171605904,0.13016151009284288,0.8219837117355513
25599,GOF,0.0061481442795994256,0.6219492832045168,0.37190257251588366
25600,GOF,0.0205462045753472,0.6671467142848791,0.3123070811397738
25601,LOF,0.01212691368109764,0.465404711790935,0.5224683745279673
25602,LOF,0.033114562987780635,0.03903225584852501,0.9278531811636944
25603,LOF,0.05247546132431908,0.015758496856946715,0.9317660418187341
25604,LOF,0.0315650144661192,0.05161138427448457,0.9168236012593961
25605,LOF,0.008257346819216225,0.19445087278671666,0.797291780394067
25606,LOF,0.1076781699096128,0.33769360106815904,0.5546282290222281
25607,LOF,0.0049665829703208104,0.18770930544931408,0.8073241115803651
25608,LOF,0.021326802521216447,0.09206807430030103,0.8866051231784826
25609,LOF,0.07329007674973409,0.4011192775576458,0.52559064569262
25610,LOF,0.019526923316290128,0.023917692801544228,0.9565553838821657
25611,LOF,0.021861285764223345,0.0216411500920593,0.9564975641437174
25612,LOF,0.08784361917462344,0.032407617577146317,0.8797487632482303
25613,LOF,0.07677383422880428,0.03269682574278444,0.8905293400284112
25614,LOF,0.023606739222389067,0.02585722423292829,0.9505360365446825
25615,LOF,0.030093050366237387,0.03823048436980253,0.9316764652639601
25616,LOF,0.056634782818439824,0.025912305123584518,0.9174529120579755
25617,LOF,0.059511401557018534,0.027728376651004322,0.9127602217919771
25618,LOF,0.07707557870099964,0.029503766853326913,0.8934206544456735
25619,LOF,0.01733734201230856,0.029869429577351857,0.9527932284103395
25620,LOF,0.07280193714948412,0.031647626421338115,0.8955504364291778
25621,LOF,0.03293873213549586,0.028737500208598363,0.9383237676559059
25622,LOF,0.04509512304882253,0.028264568826589738,0.9266403081245876
25623,LOF,0.06387219414579427,0.02262977694896483,0.9134980289052409
25624,LOF,0.020621207875249216,0.03205261743480367,0.9473261746899472
25625,LOF,0.045234510972867535,0.034567029960421033,0.9201984590667115
25626,LOF,0.06844401192203915,0.02927011093679093,0.9022858771411699
25627,Neutral,0.5552322786151196,0.1249450040014667,0.3198227173834138
25628,LOF,0.2038463823181192,0.05379323265000257,0.7423603850318782
25629,LOF,0.05512413774095314,0.06332457040076646,0.8815512918582804
25630,LOF,0.1528810459174336,0.09548327170193566,0.7516356823806307
25631,Neutral,0.6198375611231339,0.0568763861484598,0.32328605272840616
25632,LOF,0.010647680340571368,0.11345971687363347,0.8758926027857953
25633,LOF,0.2015329071513505,0.07579552745392146,0.7226715653947281
25634,LOF,0.03261721008625824,0.10918778302925579,0.858195006884486
25635,LOF,0.028114437734829814,0.07564217248151518,0.896243389783655
25636,GOF,0.006042729706525992,0.6184045341903763,0.37555273610309764
25637,GOF,0.005985737098318091,0.6767628830399989,0.31725137986168306
25638,LOF,0.01107012752288439,0.3585633382445766,0.6303665342325391
25639,GOF,0.005512868096298293,0.5521600216907723,0.44232711021292936
25640,GOF,0.45261056624758167,0.4609449246540091,0.08644450909840927
25641,LOF,0.014527237012697045,0.29759663445349954,0.6878761285338033
25642,LOF,0.2888053983183794,0.06059493956300141,0.6505996621186192
25643,LOF,0.19177713938318708,0.20501787360604626,0.6032049870107667
25644,GOF,0.011314738741132074,0.5271295053154634,0.4615557559434046
25645,LOF,0.009042305897893592,0.4635848155853634,0.5273728785167431
25646,LOF,0.014442512062011775,0.3186604981873408,0.6668969897506474
25647,LOF,0.011704135419250358,0.28462933593099743,0.7036665286497521
25648,LOF,0.011195395338801819,0.2755425620893671,0.7132620425718311
25649,LOF,0.008950431448998241,0.18916506824009835,0.8018845003109034
25650,LOF,0.01638777073892031,0.41208777870532853,0.5715244505557511
25651,LOF,0.006489780816442567,0.2801028755342547,0.7134073436493027
25652,LOF,0.010922632984678415,0.2521021696360714,0.7369751973792501
25653,LOF,0.037104990255628495,0.37601441781393774,0.5868805919304338
25654,LOF,0.011697806388003568,0.1634359460840529,0.8248662475279436
25655,LOF,0.057741822552023446,0.41545503893197183,0.5268031385160047
25656,LOF,0.2050406177504238,0.04872062229944202,0.7462387599501342
25657,LOF,0.35620265552766,0.02287349931771911,0.6209238451546208
25658,LOF,0.07271723157812504,0.08027552767065185,0.847007240751223
25659,LOF,0.40515378376239075,0.06709454115465996,0.5277516750829493
25660,LOF,0.03175842855166905,0.09618668973021356,0.8720548817181174
25661,LOF,0.10541819870869183,0.06347253030766326,0.831109270983645
25662,LOF,0.02316417397573,0.04682529575263985,0.9300105302716303
25663,LOF,0.03145839112013902,0.06922518654250429,0.8993164223373568
25664,LOF,0.057339355293496395,0.08673355665906513,0.8559270880474383
25665,LOF,0.056581549767779286,0.04355029807328493,0.8998681521589358
25666,LOF,0.0526830236877584,0.11825962454953028,0.8290573517627113
25667,LOF,0.07454010757714562,0.04949882455685301,0.8759610678660014
25668,LOF,0.02660535293494352,0.05304144115735269,0.9203532059077038
25669,LOF,0.029840467306411173,0.07810793157915205,0.8920516011144368
25670,LOF,0.09628321646515002,0.08884955502965891,0.8148672285051911
25671,LOF,0.09522385822125579,0.04332741372712045,0.8614487280516238
25672,LOF,0.06363159567041085,0.059538287009864826,0.8768301173197244
25673,LOF,0.04410166712587791,0.07166391025869977,0.8842344226154223
25674,LOF,0.04064883154490557,0.07281592751947936,0.886535240935615
25675,LOF,0.06815800937679008,0.06068780674670631,0.8711541838765036
25676,LOF,0.02107645188963469,0.06562847601002025,0.913295072100345
25677,LOF,0.03024536321732902,0.07180349941567934,0.8979511373669917
25678,LOF,0.2051639282159271,0.042791169873183627,0.7520449019108892
25679,LOF,0.154812562578515,0.06686011611954952,0.7783273213019354
25680,LOF,0.03156721565945736,0.110298278347202,0.8581345059933406
25681,LOF,0.053142073932880556,0.1018134737048178,0.8450444523623015
25682,LOF,0.11618207729993775,0.0720242785972969,0.8117936441027654
25683,LOF,0.12880152084855748,0.09271701255637604,0.7784814665950665
25684,LOF,0.044927071567588794,0.07680485059794503,0.8782680778344661
25685,LOF,0.1363402621293882,0.048833148623071004,0.8148265892475407
25686,LOF,0.03513833964305323,0.0977592090877752,0.8671024512691716
25687,LOF,0.03774958081711999,0.08822649478048764,0.8740239244023923
25688,LOF,0.03750530372631836,0.09170592254248197,0.8707887737311997
25689,LOF,0.026668088895414124,0.0829410962745574,0.8903908148300286
25690,LOF,0.028666810363593215,0.07913420943879548,0.8921989801976112
25691,LOF,0.2567835740848217,0.1018129503831558,0.6414034755320225
25692,LOF,0.3545736548017282,0.008517331551420511,0.6369090136468514
25693,LOF,0.09420728286053616,0.18440657275639766,0.7213861443830663
25694,LOF,0.25691331801604145,0.01667673546582726,0.7264099465181313
25695,LOF,0.17682866953411078,0.020940624783752856,0.8022307056821363
25696,LOF,0.143964742244689,0.010232507490872718,0.8458027502644384
25697,LOF,0.16069670061862107,0.023397686268345094,0.8159056131130339
25698,LOF,0.044773456608999486,0.43426467894394033,0.5209618644470602
25699,LOF,0.07242795019806614,0.09124457320995737,0.8363274765919764
25700,LOF,0.06287927913937942,0.009789056007972991,0.9273316648526475
25701,LOF,0.015532972129559001,0.08192322586958979,0.902543802000851
25702,GOF,0.027444101358913633,0.728887833160411,0.24366806548067538
25703,LOF,0.009425611797122656,0.2163649693152291,0.7742094188876483
25704,LOF,0.04190925956029922,0.17569838367845458,0.7823923567612462
25705,LOF,0.04619086134016438,0.21782832931383567,0.7359808093460001
25706,GOF,0.038963922021901444,0.6037964029737465,0.35723967500435205
25707,GOF,0.019626218399765336,0.5082093969434274,0.4721643846568073
25708,LOF,0.006673439595605732,0.4114057775720263,0.5819207828323679
25709,LOF,0.0506628849561975,0.05642227096334442,0.8929148440804581
25710,LOF,0.006644561243652219,0.17894789148941018,0.8144075472669375
25711,LOF,0.01771439412797739,0.1042742759859132,0.8780113298861093
25712,LOF,0.010040943475957525,0.21442184225381272,0.7755372142702297
25713,LOF,0.016712045086278153,0.0867174964303439,0.896570458483378
25714,LOF,0.06075027848668983,0.1143603511261704,0.8248893703871398
25715,LOF,0.012501344335106307,0.11479250940640634,0.8727061462584874
25716,LOF,0.007823290172276634,0.13672021496950915,0.8554564948582142
25717,LOF,0.006098999949082725,0.13079551424445,0.8631054858064673
25718,LOF,0.013084050550106977,0.08296441376737053,0.9039515356825224
25719,LOF,0.021013707520005635,0.09197570453378452,0.8870105879462099
25720,LOF,0.020295292998129807,0.0798138677274651,0.899890839274405
25721,LOF,0.015180754812493364,0.10497521696074325,0.8798440282267633
25722,LOF,0.012243851803590274,0.12838334659066875,0.8593728016057409
25723,LOF,0.017828981845786417,0.06665271054437714,0.9155183076098364
25724,LOF,0.021621448104125904,0.10584969640659478,0.8725288554892794
25725,LOF,0.013131953296023496,0.07308251475791844,0.913785531946058
25726,LOF,0.010762829825171067,0.09976237532401448,0.8894747948508145
25727,LOF,0.013538115216245976,0.08712152404297036,0.8993403607407837
25728,LOF,0.011683116138834144,0.11365212552362806,0.8746647583375377
25729,LOF,0.012295717569693485,0.11378252571908022,0.8739217567112263
25730,LOF,0.012765329480841178,0.09300147613525503,0.8942331943839037
25731,LOF,0.010349091978574693,0.1724496058476071,0.8172013021738181
25732,LOF,0.012075725145562027,0.09555538874548847,0.8923688861089496
25733,LOF,0.018048946824496842,0.08356638579373549,0.8983846673817677
25734,LOF,0.005878423782298611,0.20256263274053193,0.7915589434771695
25735,LOF,0.014559087169062616,0.07708331427292167,0.9083575985580157
25736,LOF,0.013246761958624316,0.11557866321244514,0.8711745748289305
25737,LOF,0.024536453719832353,0.08916594652396187,0.8862975997562058
25738,LOF,0.013966145241496848,0.1351028917678243,0.8509309629906789
25739,LOF,0.018823250255053835,0.11123532672678138,0.8699414230181648
25740,LOF,0.031651834889355135,0.12730827798032396,0.8410398871303209
25741,LOF,0.015253705712447054,0.10411417119969273,0.8806321230878603
25742,LOF,0.09463036675930847,0.10155993468613209,0.8038096985545595
25743,LOF,0.01602504216086163,0.05094078875634899,0.9330341690827894
25744,GOF,0.20418466357965476,0.4354285598087757,0.3603867766115696
25745,LOF,0.022554342540529067,0.07266632196676391,0.9047793354927071
25746,LOF,0.011615878605769188,0.0876118808381131,0.9007722405561177
25747,LOF,0.022847394675575578,0.03809832274664333,0.9390542825777812
25748,LOF,0.13942784160306404,0.06259335439319995,0.7979788040037361
25749,LOF,0.010879218562917832,0.06103274211355959,0.9280880393235226
25750,LOF,0.02594038850768817,0.08217199054367025,0.8918876209486416
25751,LOF,0.09455291613452486,0.0628663708862542,0.8425807129792209
25752,GOF,0.0859014423270074,0.6381544742556616,0.2759440834173311
25753,LOF,0.00968318401530278,0.3605084841916156,0.6298083317930816
25754,GOF,0.00435011019948798,0.834368989995072,0.16128089980544
25755,LOF,0.012449455267694942,0.41053795667608933,0.5770125880562158
25756,LOF,0.04860570359915918,0.40478668337573354,0.5466076130251073
25757,GOF,0.005652940241569988,0.8436808006004075,0.15066625915802262
25758,GOF,0.006721713096583478,0.8373169168574897,0.15596137004592678
25759,GOF,0.00432134367763748,0.5668271080581584,0.42885154826420413
25760,LOF,0.006545943817700583,0.2854118538453908,0.7080422023369086
25761,GOF,0.04414621913980796,0.8373234721193255,0.1185303087408667
25762,LOF,0.03108000697223274,0.34808498318342074,0.6208350098443465
25763,LOF,0.007120066101504474,0.23972440224726646,0.7531555316512291
25764,GOF,0.10313731250984279,0.5344979537902185,0.36236473369993866
25765,GOF,0.010494724455015102,0.8266860477592761,0.16281922778570862
25766,GOF,0.024621507666964876,0.8028601325891863,0.1725183597438487
25767,LOF,0.023927383823991174,0.45754817414729,0.5185244420287188
25768,LOF,0.07971797044553318,0.06350821994166586,0.8567738096128008
25769,LOF,0.07132042253053819,0.06335696984027973,0.8653226076291821
25770,LOF,0.14517520966355094,0.0618133003560728,0.7930114899803763
25771,LOF,0.020120196278041222,0.06464070470523373,0.9152390990167251
25772,LOF,0.014674544049861658,0.028012266358972623,0.9573131895911657
25773,LOF,0.017570651526478725,0.07005369667084999,0.9123756518026713
25774,LOF,0.02699266717330936,0.08453892651708309,0.8884684063096074
25775,LOF,0.027439275084901484,0.03852315220038703,0.9340375727147116
25776,LOF,0.08236729515629043,0.022071578100526193,0.8955611267431834
25777,LOF,0.17662565390893126,0.0660198993632548,0.7573544467278139
25778,LOF,0.06151777224180706,0.04425340830579674,0.8942288194523962
25779,GOF,0.05317938940608732,0.8835383834326579,0.06328222716125495
25780,GOF,0.052795389401070265,0.884825762389165,0.06237884820976489
25781,GOF,0.023308768474949764,0.8687138073287611,0.10797742419628902
25782,GOF,0.02542339887542098,0.8971517020040624,0.07742489912051669
25783,GOF,0.013972047052598633,0.7335065287718062,0.25252142417559514
25784,GOF,0.13263819290836218,0.8208184909292091,0.046543316162428655
25785,GOF,0.056397803292357884,0.8982081254821366,0.04539407122550565
25786,GOF,0.0044776716818749306,0.8127559002768994,0.18276642804122567
25787,GOF,0.14106030227072783,0.8254510006863282,0.03348869704294405
25788,LOF,0.045348486434145595,0.14365345633655396,0.8109980572293004
25789,GOF,0.030764199277242204,0.8600384816067712,0.10919731911598665
25790,GOF,0.034677043327226195,0.8831158438408,0.08220711283197381
25791,GOF,0.026870312711292886,0.8376547576202018,0.13547492966850527
25792,GOF,0.04057287753982771,0.8452819783302158,0.11414514412995644
25793,GOF,0.09805976315742776,0.8119314027738299,0.09000883406874247
25794,GOF,0.09831238965683149,0.7520647151132626,0.1496228952299059
25795,GOF,0.03813241091972088,0.7651163692220019,0.1967512198582772
25796,GOF,0.09981816973917856,0.7913321278108814,0.10884970244994004
25797,GOF,0.03196438653399373,0.6715809872510853,0.29645462621492097
25798,GOF,0.002689161701799042,0.6240310555933369,0.37327978270486406
25799,LOF,0.0026596070285494493,0.48749995455834216,0.5098404384131083
25800,GOF,0.01090786606061483,0.6962556172447658,0.29283651669461924
25801,GOF,0.022382812583757048,0.8653436080767487,0.11227357933949433
25802,GOF,0.017040941339790994,0.8016993355947031,0.18125972306550597
25803,GOF,0.009951496553037635,0.6829026941624531,0.30714580928450924
25804,GOF,0.010950026825918373,0.569034569559375,0.4200154036147066
25805,GOF,0.019297200643995087,0.6889379939995225,0.29176480535648236
25806,GOF,0.01614219178668719,0.7292079561142175,0.2546498520990954
25807,GOF,0.004992186166444261,0.7096281955118879,0.28537961832166786
25808,GOF,0.012894550131804726,0.728632760180734,0.2584726896874613
25809,GOF,0.005199251646170019,0.7051298041088255,0.28967094424500456
25810,GOF,0.004678654640251737,0.7039035316363825,0.29141781372336567
25811,GOF,0.06267012793450809,0.840259541576904,0.09707033048858808
25812,GOF,0.014623846623470509,0.6940366929999398,0.29133946037658986
25813,GOF,0.09143195711137937,0.8055197627020314,0.10304828018658924
25814,GOF,0.021872940878018107,0.7996006356520323,0.1785264234699497
25815,GOF,0.03221982210518456,0.8125403164395317,0.15523986145528387
25816,GOF,0.0065238145661835984,0.8302943182412429,0.1631818671925734
25817,GOF,0.09160698843150256,0.7462868858041442,0.1621061257643533
25818,GOF,0.020293594614786904,0.7910031071886299,0.18870329819658313
25819,GOF,0.05947908272032084,0.7642243972871371,0.17629651999254206
25820,GOF,0.028224712411738264,0.756587704294724,0.21518758329353774
25821,GOF,0.015910666788441274,0.7507513937788765,0.23333793943268227
25822,GOF,0.031086067266094284,0.7729057103639171,0.19600822236998872
25823,GOF,0.012161931148712127,0.6218291496384104,0.36600891921287754
25824,GOF,0.020808984146270366,0.7695998326493056,0.20959118320442396
25825,GOF,0.013233647682695327,0.7449931808431569,0.24177317147414784
25826,GOF,0.004949660952823835,0.7007344475390449,0.29431589150813137
25827,GOF,0.007969451592837228,0.6760242467855615,0.3160063016216012
25828,GOF,0.005363596219569376,0.6325716082810806,0.3620647954993499
25829,GOF,0.0025897076847812253,0.6892515666446146,0.3081587256706041
25830,LOF,0.02535146278780389,0.463910878048362,0.5107376591638341
25831,GOF,0.04352314746080402,0.8180544370977949,0.1384224154414011
25832,GOF,0.006893594279913831,0.782081465758834,0.21102493996125224
25833,GOF,0.0257897389385012,0.8383500991244341,0.13586016193706468
25834,GOF,0.006830943845082508,0.800903483457587,0.19226557269733047
25835,GOF,0.013776438806460544,0.8488286344275123,0.13739492676602713
25836,GOF,0.005263779624454925,0.791410804106341,0.20332541626920408
25837,GOF,0.005060978549108103,0.6963635528995917,0.2985754685513003
25838,GOF,0.014458087761204394,0.859372822618129,0.1261690896206666
25839,GOF,0.029888370957786077,0.8534245321158247,0.11668709692638919
25840,GOF,0.05088548235120475,0.8371161169025148,0.11199840074628055
25841,GOF,0.046589484901228176,0.8473767042229582,0.10603381087581347
25842,GOF,0.02062886275424038,0.9008910013182985,0.07848013592746104
25843,GOF,0.020394350414681326,0.9058419844044008,0.0737636651809178
25844,GOF,0.013554503660934206,0.8418800166131712,0.14456547972589448
25845,GOF,0.004830397991892692,0.6198994203459586,0.3752701816621488
25846,GOF,0.033606043022638483,0.8508817676835991,0.11551218929376245
25847,GOF,0.015804517670797165,0.9122246075156288,0.07197087481357402
25848,GOF,0.013704422138511878,0.861870450580359,0.12442512728112907
25849,GOF,0.004414967855638744,0.7340456185159613,0.26153941362840005
25850,GOF,0.005465617982029765,0.7467342755078994,0.24780010651007098
25851,GOF,0.004715094551712679,0.6219215172006213,0.3733633882476661
25852,GOF,0.13855509378615322,0.6021336986663153,0.25931120754753156
25853,GOF,0.0687233276806395,0.851886380011798,0.0793902923075626
25854,GOF,0.008416348902534294,0.7042969108104365,0.2872867402870293
25855,GOF,0.012998090201627724,0.6430242765029303,0.343977633295442
25856,GOF,0.031472654529345445,0.7797617726380482,0.1887655728326064
25857,GOF,0.010744705781479978,0.622306304532288,0.366948989686232
25858,GOF,0.006262682721761757,0.603187172185717,0.39055014509252106
25859,GOF,0.0046840226995951174,0.5762955705198508,0.41902040678055413
25860,GOF,0.06633324990172441,0.8258176151394157,0.10784913495885994
25861,GOF,0.11090750943798953,0.7926504356381434,0.09644205492386694
25862,GOF,0.017714119764876166,0.868343109902557,0.11394277033256692
25863,GOF,0.017282108000430705,0.881601258598541,0.10111663340102847
25864,GOF,0.04531045932163965,0.869240900684981,0.08544863999337939
25865,GOF,0.032130224447657306,0.8299252706692561,0.13794450488308652
25866,GOF,0.022003272645409154,0.8606773902326937,0.1173193371218971
25867,GOF,0.029135172480905747,0.8749618187606043,0.09590300875849
25868,GOF,0.044101543898559414,0.8446689920281222,0.11122946407331837
25869,GOF,0.33020415426593636,0.6021139867106722,0.0676818590233916
25870,GOF,0.21126936571936614,0.6221105508711342,0.16662008340949963
25871,GOF,0.019712782590429773,0.8944739089198733,0.08581330848969697
25872,GOF,0.01628305660502185,0.8698412567146528,0.11387568668032542
25873,GOF,0.016274932750014546,0.8964757577631588,0.08724930948682658
25874,LOF,0.0148817121615786,0.1524511982606424,0.8326670895777789
25875,LOF,0.040286626050094844,0.04588206769410639,0.9138313062557988
25876,LOF,0.022150303068862464,0.027996273790459027,0.9498534231406784
25877,LOF,0.13608879804104593,0.08133153861563461,0.7825796633433195
25878,LOF,0.05298477987450243,0.11247437066152274,0.8345408494639749
25879,LOF,0.022238954570141276,0.0891206702878431,0.8886403751420158
25880,LOF,0.048366428150093954,0.009865856168836895,0.9417677156810692
25881,Neutral,0.5338233654471861,0.05628654174501214,0.40989009280780175
25882,LOF,0.051285391493302517,0.027374086768826068,0.9213405217378713
25883,LOF,0.043007672873536164,0.019496747294895155,0.9374955798315687
25884,LOF,0.02658420363489328,0.03965565774185371,0.933760138623253
25885,LOF,0.21640937171599056,0.011385021623133484,0.7722056066608759
25886,LOF,0.1679323588148457,0.04322767273881988,0.7888399684463344
25887,LOF,0.16832155622114175,0.0633299477284222,0.7683484960504361
25888,LOF,0.011665624111071679,0.1405113223641415,0.8478230535247869
25889,LOF,0.031140472773414616,0.028915277249867467,0.939944249976718
25890,LOF,0.1256916631226684,0.09937367251544617,0.7749346643618854
25891,LOF,0.09690718464891351,0.017555197633404605,0.8855376177176818
25892,LOF,0.009326011985131923,0.032570320854672034,0.958103667160196
25893,LOF,0.361763307657308,0.008485643145442633,0.6297510491972494
25894,LOF,0.43325260820925154,0.004929825772164378,0.561817566018584
25895,LOF,0.3600022374575991,0.01001054449903057,0.6299872180433703
25896,LOF,0.060009334254754944,0.022942547803419647,0.9170481179418254
25897,LOF,0.20649455200583583,0.008312225077016275,0.7851932229171479
25898,LOF,0.21538541988355656,0.026252202667760804,0.7583623774486827
25899,LOF,0.2230400560153738,0.02381217177777417,0.753147772206852
25900,LOF,0.4173603883815461,0.0079996316144308,0.574639980004023
25901,LOF,0.04170274620242462,0.009073645891649258,0.9492236079059262
25902,LOF,0.09852005004668199,0.01157031310681588,0.8899096368465022
25903,LOF,0.37113921621704554,0.02138468078506044,0.607476102997894
25904,LOF,0.44494612144413914,0.032319309006735755,0.5227345695491251
25905,LOF,0.0058670725269995535,0.4930396975129231,0.5010932299600773
25906,LOF,0.0113769836982779,0.119080104930183,0.869542911371539
25907,LOF,0.003560945001237199,0.3689003418169627,0.6275387131818001
25908,LOF,0.003554652684856731,0.2770328817282781,0.7194124655868652
25909,LOF,0.013136943046582387,0.1592232839959433,0.8276397729574743
25910,LOF,0.017746522250505884,0.10901241582845404,0.87324106192104
25911,LOF,0.3317155754986821,0.03531502475856784,0.6329693997427501
25912,LOF,0.0704343657509212,0.05269192862599881,0.8768737056230799
25913,LOF,0.06555983738948849,0.06167474852003546,0.872765414090476
25914,LOF,0.020716597833681582,0.06509017233667115,0.9141932298296472
25915,LOF,0.11593115433855943,0.29939814641192347,0.5846706992495171
25916,LOF,0.020656854346454978,0.20213001727923444,0.7772131283743106
25917,LOF,0.0635003075079146,0.04965327291818424,0.8868464195739011
25918,LOF,0.025077555233929877,0.03615858237603461,0.9387638623900354
25919,LOF,0.022057158185431483,0.03799071258730903,0.9399521292272595
25920,LOF,0.1437468234076932,0.17537929990888865,0.680873876683418
25921,LOF,0.01249240719844822,0.045214155215017586,0.9422934375865342
25922,LOF,0.015456320230090045,0.038148377825077996,0.9463953019448319
25923,LOF,0.4419271797512133,0.04252799752368678,0.5155448227250999
25924,LOF,0.017548848917451024,0.058892657592863606,0.9235584934896852
25925,LOF,0.07443195682101092,0.05654661008244795,0.8690214330965411
25926,LOF,0.0554350644659879,0.05315695709829935,0.8914079784357128
25927,LOF,0.016820169989820305,0.08713487487834884,0.8960449551318309
25928,LOF,0.008228897984748133,0.06286497019761898,0.9289061318176329
25929,Neutral,0.525085340835337,0.040767900676528065,0.43414675848813494
25930,LOF,0.08342984609521965,0.038202105163966125,0.8783680487408143
25931,LOF,0.010063974058795866,0.04203567925760657,0.9479003466835977
25932,LOF,0.030151683582292366,0.036320827708143565,0.9335274887095641
25933,LOF,0.0388544348025846,0.02229806812771454,0.9388474970697007
25934,LOF,0.025807906527691264,0.02457259225630785,0.9496195012160009
25935,LOF,0.06458935867343851,0.0658540422316532,0.8695565990949082
25936,LOF,0.04045141520083314,0.027646900639681726,0.9319016841594852
25937,LOF,0.011125154669044842,0.04374545533565205,0.945129389995303
25938,LOF,0.06285437232040987,0.06047173387294818,0.876673893806642
25939,LOF,0.02834394412793201,0.02898205695595136,0.9426739989161166
25940,LOF,0.009302005485206377,0.3294599144739518,0.6612380800408417
25941,Neutral,0.5515595936931493,0.035904214285158165,0.41253619202169245
25942,LOF,0.007020659573088755,0.052700971280934567,0.9402783691459767
25943,LOF,0.03203653527973924,0.19883222160204186,0.7691312431182189
25944,LOF,0.0871948830772675,0.0962807208965516,0.8165243960261809
25945,LOF,0.05877906554718504,0.022831448624707006,0.918389485828108
25946,LOF,0.09304982671693927,0.03958476858869721,0.8673654046943634
25947,Neutral,0.4929948669253491,0.10543023039692029,0.40157490267773055
25948,LOF,0.4816707556696738,0.014777857844893038,0.5035513864854332
25949,LOF,0.0901971602256804,0.06553847881441674,0.8442643609599029
25950,GOF,0.06626407327252243,0.6307518852939152,0.3029840414335624
25951,LOF,0.010644023164670238,0.4038895369240781,0.5854664399112516
25952,LOF,0.2610267991211221,0.26513024795458007,0.4738429529242979
25953,LOF,0.011480556162137326,0.1567308312715402,0.8317886125663225
25954,LOF,0.05080796784127539,0.45525524721795213,0.4939367849407725
25955,LOF,0.01214241984261446,0.125524956536666,0.8623326236207195
25956,LOF,0.025367006438749517,0.25376778927538685,0.7208652042858635
25957,LOF,0.25602752536759343,0.03000586538402463,0.713966609248382
25958,LOF,0.04253822838036885,0.034607956559240254,0.9228538150603909
25959,GOF,0.014365019191482567,0.5090900261377127,0.47654495467080477
25960,LOF,0.006521552839071503,0.059974654859995966,0.9335037923009326
25961,LOF,0.04145369080089303,0.030535462984298916,0.928010846214808
25962,LOF,0.032262780896219395,0.0658208588537387,0.901916360250042
25963,LOF,0.006303454087555264,0.21492274661255195,0.7787737992998928
25964,LOF,0.022647731082370098,0.09875763359484462,0.8785946353227853
25965,LOF,0.2757160209499463,0.1221323642855499,0.6021516147645037
25966,Neutral,0.4867076360905404,0.11029770737812179,0.4029946565313378
25967,LOF,0.008143818087835604,0.0672085967384404,0.9246475851737239
25968,LOF,0.050112436622722675,0.2051769300613493,0.7447106333159281
25969,LOF,0.14267426015944085,0.045470057795687024,0.8118556820448722
25970,LOF,0.02583130256979483,0.07081131467203422,0.9033573827581709
25971,LOF,0.05950892922428998,0.025793422825382467,0.9146976479503276
25972,LOF,0.0478168448851771,0.03603908042987995,0.916144074684943
25973,LOF,0.051345623729131186,0.012636435314639234,0.9360179409562296
25974,LOF,0.05593824739450752,0.04082959019867495,0.9032321624068175
25975,LOF,0.030997802989495442,0.025744230870311503,0.943257966140193
25976,LOF,0.1288690410187523,0.011835293058022991,0.8592956659232246
25977,LOF,0.20522894525880572,0.08433593811653185,0.7104351166246624
25978,LOF,0.17132980783675034,0.1218230222138874,0.7068471699493623
25979,LOF,0.1385396663916545,0.14156079333039118,0.7198995402779543
25980,LOF,0.25456824809272627,0.1762629338718217,0.569168818035452
25981,LOF,0.2556482920550539,0.1779939982361882,0.5663577097087579
25982,Neutral,0.46611545204153054,0.09015082014565969,0.4437337278128099
25983,Neutral,0.4961983851297483,0.11190333754734255,0.39189827732290916
25984,LOF,0.03901835235852599,0.06759227077198636,0.8933893768694877
25985,Neutral,0.45540274406887843,0.11671353383034942,0.4278837221007721
25986,LOF,0.014725921754849441,0.41387276255248007,0.5714013156926706
25987,LOF,0.08717443434466604,0.0956395334628502,0.8171860321924839
25988,LOF,0.1500218751496739,0.1280103812652014,0.7219677435851247
25989,LOF,0.03954898225733696,0.17082255276542108,0.7896284649772419
25990,LOF,0.040048292149373645,0.2687091110195444,0.6912425968310819
25991,LOF,0.03085691132090779,0.3940887163541525,0.5750543723249396
25992,LOF,0.029814442930352805,0.368258332884638,0.6019272241850092
25993,LOF,0.02067006470464681,0.09383964373584318,0.88549029155951
25994,LOF,0.015592747778279646,0.08588050539713553,0.8985267468245849
25995,LOF,0.016243119782146778,0.17710779247310968,0.8066490877447435
25996,Neutral,0.38827809674175273,0.2921372746796455,0.31958462857860176
25997,LOF,0.07950398704996689,0.37023498675820415,0.5502610261918288
25998,LOF,0.282320228728256,0.04625086398857821,0.6714289072831658
25999,LOF,0.027392564165646532,0.21748950593925057,0.7551179298951028
26000,LOF,0.21998299356981332,0.03825687610002598,0.7417601303301606
26001,LOF,0.27645383770970433,0.04335159396944184,0.6801945683208538
26002,LOF,0.07238004635037794,0.06590275622866702,0.861717197420955
26003,GOF,0.003784662460935913,0.6095108470705835,0.38670449046848065
26004,GOF,0.006500060381595893,0.6797581953216927,0.3137417442967114
26005,GOF,0.0028630317810513237,0.5025821764842564,0.49455479173469236
26006,GOF,0.07735761103924872,0.6085937072049493,0.3140486817558018
26007,GOF,0.005113311022015695,0.5439657847035506,0.4509209042744337
26008,GOF,0.004695783390590713,0.6303125930215188,0.3649916235878905
26009,GOF,0.005822720208853346,0.6582328725208261,0.33594440727032043
26010,GOF,0.006484137521541782,0.6346225734346206,0.35889328904383755
26011,LOF,0.0027110271223874517,0.4694505348011426,0.5278384380764699
26012,GOF,0.003750664415772629,0.5297109521052951,0.46653838347893234
26013,GOF,0.005227478208769748,0.5950129256336877,0.39975959615754253
26014,LOF,0.04836100490637229,0.11090030578305937,0.8407386893105684
26015,LOF,0.4166285056510212,0.01813368021598395,0.5652378141329948
26016,LOF,0.32364208233884617,0.03541470894903349,0.6409432087121203
26017,LOF,0.03253762762407103,0.177878001723769,0.7895843706521599
26018,LOF,0.04701451965004786,0.033148774018903066,0.9198367063310492
26019,LOF,0.04645281091136107,0.02983868567989416,0.9237085034087448
26020,LOF,0.010567550530032728,0.16268368013153067,0.8267487693384367
26021,LOF,0.07678814805351926,0.05763909644482706,0.8655727555016536
26022,LOF,0.04066838648114104,0.017993409728987008,0.9413382037898719
26023,LOF,0.04217380425560144,0.020953432500802407,0.9368727632435961
26024,LOF,0.0471387952873116,0.05732432818160498,0.8955368765310835
26025,LOF,0.06925572870690076,0.0631110247064842,0.867633246586615
26026,LOF,0.12051067474041423,0.05105250864842405,0.8284368166111618
26027,LOF,0.039329987642030294,0.017789713866093092,0.9428802984918766
26028,LOF,0.11087277972973622,0.14116177940874658,0.7479654408615173
26029,LOF,0.020635959122719004,0.2034033650148687,0.7759606758624122
26030,LOF,0.15908986894380378,0.03058192163784616,0.8103282094183499
26031,LOF,0.010193723128861848,0.18800444679548048,0.8018018300756576
26032,LOF,0.058544829003101,0.08254392559618051,0.8589112454007185
26033,LOF,0.08353792027532028,0.0708022091487845,0.8456598705758951
26034,LOF,0.015100465162742074,0.17188329290026622,0.8130162419369917
26035,LOF,0.012697067910078122,0.12470296109992544,0.8625999709899964
26036,LOF,0.013289134299003386,0.15244879356030236,0.8342620721406943
26037,LOF,0.010799057765206036,0.11499630496129686,0.8742046372734971
26038,LOF,0.05039092114347595,0.07304538798140849,0.8765636908751155
26039,LOF,0.03004653239953899,0.1534361924932342,0.8165172751072268
26040,LOF,0.13844788755881932,0.16288699598386347,0.6986651164573172
26041,LOF,0.014018843468562157,0.10342710649543287,0.8825540500360051
26042,LOF,0.012386195213462273,0.11422012399795224,0.8733936807885856
26043,LOF,0.048850383592466656,0.09392964281053255,0.8572199735970008
26044,LOF,0.01333359784273114,0.06342819000614536,0.9232382121511236
26045,LOF,0.075269802490542,0.11645913197564386,0.8082710655338141
26046,LOF,0.04330011344748114,0.07459142197608294,0.882108464576436
26047,LOF,0.06615625525347617,0.07394073713970821,0.8599030076068156
26048,LOF,0.07935910448323882,0.03071395449331802,0.8899269410234432
26049,Neutral,0.9499730002947618,0.00844417594612768,0.04158282375911069
26050,Neutral,0.9275115854737944,0.009476880480535998,0.06301153404566953
26051,LOF,0.015684512735512076,0.08785946430703459,0.8964560229574534
26052,LOF,0.023855188128271598,0.10328041780457,0.8728643940671583
26053,LOF,0.04884640863581878,0.13496214187884428,0.816191449485337
26054,LOF,0.044216431195603395,0.028025537458387567,0.9277580313460091
26055,LOF,0.06146205545018492,0.027074717404875784,0.9114632271449392
26056,LOF,0.05059763321313829,0.0334133205927614,0.9159890461941004
26057,LOF,0.03046501701943532,0.015238248587294256,0.9542967343932703
26058,LOF,0.031176191419314055,0.012415919100710146,0.9564078894799758
26059,LOF,0.20053172107819633,0.029811633560519624,0.7696566453612841
26060,LOF,0.01191683213081653,0.19321331647949025,0.7948698513896932
26061,LOF,0.008928937520767156,0.011907478574916041,0.9791635839043169
26062,LOF,0.00541071945000872,0.02055703580026187,0.9740322447497294
26063,LOF,0.019639177965222052,0.012712713725602913,0.9676481083091749
26064,LOF,0.008085343091137412,0.028535312515193163,0.9633793443936693
26065,LOF,0.022947803206552406,0.014055859858930961,0.9629963369345167
26066,LOF,0.02279640939368563,0.011671572150119325,0.9655320184561951
26067,LOF,0.029870491554705513,0.011017416141220484,0.9591120923040739
26068,LOF,0.05455915558208345,0.04519211956880768,0.9002487248491089
26069,LOF,0.1604549561133149,0.02707887912773448,0.8124661647589506
26070,LOF,0.3396127342446241,0.022191214470510697,0.6381960512848651
26071,LOF,0.021607113036749094,0.013080790993899779,0.9653120959693511
26072,LOF,0.007940304756891767,0.022764401223359654,0.9692952940197487
26073,LOF,0.020635672925388347,0.01575803094580284,0.9636062961288088
26074,Neutral,0.9255213613512115,0.008547631621773497,0.06593100702701488
26075,LOF,0.054987234198154634,0.02416099308072771,0.9208517727211177
26076,LOF,0.031717197399724735,0.01252936708643596,0.9557534355138393
26077,LOF,0.14217185360600815,0.00817457530756618,0.8496535710864256
26078,LOF,0.008062564304183823,0.015361497939053375,0.9765759377567629
26079,LOF,0.06633964705057024,0.025318149125936065,0.9083422038234936
26080,LOF,0.06537724975815955,0.02534240725315598,0.9092803429886845
26081,LOF,0.025617737003629605,0.009064008673304291,0.9653182543230661
26082,LOF,0.005312323902783496,0.01756438078991629,0.9771232953073001
26083,LOF,0.12934094254264292,0.020343032907068053,0.850316024550289
26084,LOF,0.04528768924746128,0.016251251834707905,0.9384610589178308
26085,LOF,0.0415296438301041,0.01420270233290043,0.9442676538369955
26086,LOF,0.021294374770797358,0.013384939483150756,0.9653206857460519
26087,LOF,0.020256232308425975,0.010980136094990418,0.9687636315965836
26088,LOF,0.007411117163116648,0.02100907363677139,0.9715798092001121
26089,LOF,0.043347313370823363,0.0340802828919487,0.922572403737228
26090,LOF,0.044117455200470446,0.027904388126662138,0.9279781566728674
26091,LOF,0.025609150296651045,0.007776397245030759,0.9666144524583182
26092,LOF,0.021437297929309363,0.009194247770819793,0.9693684542998707
26093,LOF,0.04051222434648993,0.006954980882635717,0.9525327947708744
26094,LOF,0.03060973158859682,0.006971555287762068,0.9624187131236411
26095,LOF,0.03543236508940499,0.01952686073247821,0.9450407741781168
26096,LOF,0.22078138907926126,0.005464977532705377,0.7737536333880334
26097,LOF,0.0065321665643988435,0.035687540213037806,0.9577802932225632
26098,LOF,0.0826186669661691,0.020831997749910378,0.8965493352839204
26099,LOF,0.021544017040869615,0.016034350205586807,0.9624216327535436
26100,LOF,0.021544017040869615,0.016034350205586807,0.9624216327535436
26101,LOF,0.048955490247917795,0.025122347981747062,0.9259221617703352
26102,LOF,0.020258565764720234,0.017089318533117927,0.9626521157021618
26103,Neutral,0.8807555171599759,0.0261465851801111,0.09309789765991305
26104,LOF,0.06013136770347083,0.04009382150944093,0.8997748107870882
26105,LOF,0.2477833674122611,0.16632727367311467,0.5858893589146242
26106,LOF,0.3460309882099627,0.12637205207699265,0.5275969597130447
26107,LOF,0.020167242734277002,0.0959995845007946,0.8838331727649283
26108,LOF,0.3262490359323188,0.05025891311535824,0.6234920509523229
26109,LOF,0.07137090892510796,0.04487118307158286,0.8837579080033091
26110,LOF,0.3762065754094851,0.007296557109787547,0.6164968674807274
26111,LOF,0.06208745282338475,0.12085651526048402,0.8170560319161313
26112,LOF,0.03034703948566176,0.007597935766486037,0.9620550247478522
26113,LOF,0.0491151418263963,0.017126744552666995,0.9337581136209366
26114,LOF,0.09267621971506877,0.00895642340575608,0.898367356879175
26115,LOF,0.014026981793068364,0.05853999622602848,0.9274330219809032
26116,LOF,0.08613518519924615,0.029119872678911595,0.8847449421218422
26117,LOF,0.4197790622668871,0.029713052254273467,0.5505078854788393
26118,LOF,0.027227659088626795,0.01610332013080377,0.9566690207805695
26119,LOF,0.005477942172341764,0.038860453493550474,0.9556616043341079
26120,LOF,0.023368825795470644,0.014972601758989772,0.9616585724455395
26121,LOF,0.00490044668956748,0.11333060587027378,0.8817689474401588
