feature0,prediction,LoGoFunc_Neutral,LoGoFunc_GOF,LoGoFunc_LOF
25546,Neutral,0.7465210882023469,0.03601147013760589,0.21746744166004714
25547,Neutral,0.5910971143464245,0.07825436840349886,0.3306485172500767
25548,Neutral,0.5717656718201384,0.06039396226936633,0.3678403659104953
25549,Neutral,0.4888200024077186,0.06117652030370946,0.450003477288572
25550,LOF,0.333461735039429,0.11736895196175245,0.5491693129988185
25551,LOF,0.2859857056481863,0.12987725617282764,0.5841370381789861
25552,LOF,0.20495216955095844,0.12624359428706486,0.6688042361619766
25553,Neutral,0.8198552344842976,0.03925692644713552,0.14088783906856678
25554,LOF,0.22575756523864549,0.11522718835464021,0.6590152464067143
25555,LOF,0.1873542843493069,0.09807384184064097,0.7145718738100522
25556,LOF,0.37751233547175456,0.10022620718729794,0.5222614573409475
25557,LOF,0.18351910450549214,0.10525951366611999,0.711221381828388
25558,LOF,0.21804623148621835,0.11939548408108917,0.6625582844326925
25559,LOF,0.4139305002018764,0.08711004139334742,0.4989594584047763
25560,LOF,0.04851109235998296,0.17565702962863514,0.7758318780113819
25561,LOF,0.09672553153919816,0.21322610625297878,0.6900483622078231
25562,LOF,0.10295388738941048,0.07757826648654449,0.819467846124045
25563,LOF,0.09745603924616546,0.09540956293451422,0.8071343978193203
25564,LOF,0.18313575545733848,0.15474930755101562,0.6621149369916459
25565,LOF,0.16096194997798274,0.11787261525019248,0.7211654347718247
25566,GOF,0.01483154773881138,0.7357677407406773,0.24940071152051127
25567,LOF,0.011925221690314515,0.1556070326571001,0.8324677456525855
25568,LOF,0.051537671378782575,0.06942087681824956,0.8790414518029679
25569,LOF,0.06457067381535575,0.0748848145169948,0.8605445116676494
25570,LOF,0.05357160229724163,0.11138856137657348,0.8350398363261848
25571,LOF,0.049284680569564726,0.10054742810991112,0.8501678913205242
25572,LOF,0.06330576792618771,0.13420411285811054,0.8024901192157017
25573,LOF,0.02721730998823955,0.1028674723806082,0.8699152176311523
25574,LOF,0.015231928658843156,0.179432525524798,0.8053355458163588
25575,LOF,0.04005095072073514,0.11580477642571042,0.8441442728535544
25576,LOF,0.01786167238172097,0.11934400040222048,0.8627943272160586
25577,LOF,0.013363130479313333,0.13927215748690835,0.8473647120337783
25578,LOF,0.2270771518785336,0.09507711458465103,0.6778457335368153
25579,LOF,0.2279134775703024,0.09456775514494399,0.6775187672847536
25580,LOF,0.029034721562312266,0.08552942731719777,0.8854358511204901
25581,LOF,0.05590955687479638,0.0760371615373364,0.8680532815878671
25582,LOF,0.05557461852562988,0.07339857711239096,0.8710268043619791
25583,LOF,0.04080719740223032,0.10041684570693057,0.8587759568908391
25584,Neutral,0.4741931721499404,0.10916154301283305,0.4166452848372267
25585,LOF,0.03503749212332273,0.1079120235019534,0.8570504843747239
25586,LOF,0.030034090029421805,0.09269184984300904,0.8772740601275693
25587,LOF,0.0282787132323896,0.08661016953383818,0.8851111172337721
25588,LOF,0.030019413844302633,0.10512718805589231,0.864853398099805
25589,Neutral,0.5894489941459968,0.14402691635719744,0.2665240894968057
25590,LOF,0.02676834160702786,0.13340844263516394,0.8398232157578082
25591,LOF,0.11209907294873098,0.06491019766653858,0.8229907293847305
25592,LOF,0.08147583706117655,0.1452662812202586,0.7732578817185649
25593,LOF,0.019945357829580616,0.28595450472041417,0.6941001374500052
25594,LOF,0.03625539844579547,0.22820409865432062,0.7355405028998839
25595,LOF,0.050472521977536294,0.1947062046318154,0.7548212733906482
25596,LOF,0.05583335561410751,0.11336739125595684,0.8307992531299355
25597,LOF,0.04945799612791337,0.11069334086832307,0.8398486630037635
25598,LOF,0.04590949697484513,0.2192558751295632,0.7348346278955916
25599,GOF,0.008935135264335632,0.776661681725072,0.21440318301059227
25600,GOF,0.011368967011327114,0.5590019346152744,0.42962909837339863
25601,LOF,0.007264567292065653,0.49018045320887876,0.5025549794990556
25602,LOF,0.022963058956301744,0.05325256894645757,0.9237843720972406
25603,LOF,0.05530655324998047,0.040998273902631534,0.903695172847388
25604,LOF,0.04998051083303182,0.047718200028708045,0.90230128913826
25605,LOF,0.01159699894769957,0.2573197106665248,0.7310832903857757
25606,GOF,0.10487648518843891,0.4531787389093189,0.44194477590224224
25607,LOF,0.0062377456243465496,0.16793561313102331,0.8258266412446301
25608,LOF,0.07003539410357994,0.051537928123952303,0.8784266777724676
25609,LOF,0.044680647849085015,0.3493200144083624,0.6059993377425525
25610,LOF,0.036539241154509114,0.03441954567531727,0.9290412131701736
25611,LOF,0.04053172360182287,0.032014629157540345,0.9274536472406368
25612,LOF,0.1062656633142205,0.054124731157739296,0.8396096055280402
25613,LOF,0.09059092579939258,0.0500023245329615,0.8594067496676459
25614,LOF,0.03008043924851945,0.04594805012891962,0.9239715106225609
25615,LOF,0.050248822161719824,0.03943519334398764,0.9103159844942926
25616,LOF,0.03114612996693583,0.039644108161630436,0.9292097618714337
25617,LOF,0.028382293654435235,0.04561089847415799,0.9260068078714068
25618,LOF,0.17947534380564253,0.045560713676845485,0.774963942517512
25619,LOF,0.02711082818117003,0.03944019217213116,0.9334489796466989
25620,LOF,0.033600636565096355,0.0492865105302295,0.9171128529046743
25621,LOF,0.02767695604711778,0.03627398336208872,0.9360490605907934
25622,LOF,0.03363471485607743,0.05102585599117514,0.9153394291527475
25623,LOF,0.07494414959899144,0.037246006893944084,0.8878098435070644
25624,LOF,0.026345385075318122,0.050298912579781356,0.9233557023449006
25625,LOF,0.032827711963261196,0.0513187461407796,0.9158535418959592
25626,LOF,0.07663624124593704,0.03733717415567195,0.886026584598391
25627,Neutral,0.5429982824623795,0.16712529670789583,0.2898764208297247
25628,LOF,0.16906864092389753,0.07253586531024167,0.7583954937658609
25629,LOF,0.0679364378140939,0.13735743900007266,0.7947061231858334
25630,LOF,0.15689588221708106,0.134550034824079,0.7085540829588399
25631,Neutral,0.5744375439475088,0.11004448131372713,0.31551797473876403
25632,LOF,0.026509740634807186,0.07081843613560693,0.9026718232295858
25633,LOF,0.22983094585756444,0.08540723552088197,0.6847618186215535
25634,LOF,0.03479878197616235,0.10168022922878543,0.8635209887950522
25635,LOF,0.03233204518315481,0.08229495610558417,0.8853729987112611
25636,GOF,0.004780312342342907,0.5658145485996582,0.4294051390579989
25637,GOF,0.005225428057375013,0.522936987243585,0.4718375846990401
25638,LOF,0.008348586249983114,0.4313968942891045,0.5602545194609123
25639,LOF,0.0045631945335708685,0.4070027317055668,0.5884340737608624
25640,GOF,0.45716315318992706,0.4973649829237268,0.045471863886346095
25641,LOF,0.005973325161565303,0.40396530139873366,0.5900613734397011
25642,LOF,0.2396417914988675,0.09319495207936619,0.6671632564217663
25643,LOF,0.21372362898278222,0.28941275114531345,0.4968636198719042
25644,LOF,0.021402280295336362,0.4624411972283798,0.5161565224762837
25645,LOF,0.026271279897527092,0.3925121350414513,0.5812165850610216
25646,LOF,0.018838970433163002,0.2480181469558192,0.7331428826110178
25647,LOF,0.018921018160667904,0.19736975114416241,0.7837092306951697
25648,LOF,0.015598976230716132,0.22022610535611484,0.764174918413169
25649,LOF,0.014694712663434,0.1564916774041111,0.8288136099324549
25650,LOF,0.03503555409624669,0.44196556541657533,0.5229988804871779
25651,LOF,0.011571037755807298,0.2061415146840202,0.7822874475601725
25652,LOF,0.01974184477500462,0.1922316883330483,0.7880264668919471
25653,LOF,0.08716192172415338,0.3440745351995491,0.5687635430762975
25654,LOF,0.015225878127533064,0.1747735602581784,0.8100005616142886
25655,LOF,0.11229157235143308,0.24810442313648162,0.6396040045120853
25656,LOF,0.0569876284280009,0.058329474153420685,0.8846828974185784
25657,LOF,0.26158561756393933,0.027887777185484235,0.7105266052505764
25658,LOF,0.035227303546638555,0.07285555906898628,0.8919171373843753
25659,LOF,0.24546440396760977,0.05051123433251465,0.7040243616998757
25660,LOF,0.07145162021153743,0.10786622748465838,0.8206821523038043
25661,LOF,0.04911297836214594,0.0767418828078737,0.8741451388299804
25662,LOF,0.028227514516606062,0.0473258529551082,0.9244466325282857
25663,LOF,0.03742977063250104,0.07494734330269907,0.8876228860647999
25664,LOF,0.03321843757555425,0.10577444402448097,0.8610071183999649
25665,LOF,0.050595400450779836,0.047365569101678724,0.9020390304475414
25666,LOF,0.03270534045145196,0.16175541976170452,0.8055392397868435
25667,LOF,0.02740530786659325,0.06141560689103546,0.9111790852423712
25668,LOF,0.03472176254763194,0.062044778231386426,0.9032334592209815
25669,LOF,0.04170759324121337,0.10102820478733915,0.8572642019714474
25670,LOF,0.1516964670476165,0.08182164394871874,0.7664818890036647
25671,LOF,0.035271770902062044,0.05476045481813882,0.9099677742797991
25672,LOF,0.06201305645747059,0.07875542945591343,0.859231514086616
25673,LOF,0.04046421114849659,0.07047030545223493,0.8890654833992685
25674,LOF,0.030818153370089578,0.08263942512804816,0.8865424215018622
25675,LOF,0.03828935678047219,0.06575291732105307,0.8959577258984747
25676,LOF,0.028879108726431485,0.0706373766774206,0.9004835145961478
25677,LOF,0.057608463450543865,0.06763015352841761,0.8747613830210386
25678,LOF,0.2342812658316767,0.05120743836078746,0.7145112958075358
25679,LOF,0.150983994209359,0.07554690991801484,0.7734690958726261
25680,LOF,0.06168439763213129,0.10097764083375539,0.8373379615341133
25681,LOF,0.10808779766719191,0.0942122214055792,0.7976999809272288
25682,LOF,0.04070572198911252,0.08211508280124151,0.8771791952096459
25683,LOF,0.06701915764965717,0.11550036034913698,0.8174804820012059
25684,LOF,0.050646447162274295,0.07697823317152055,0.8723753196662051
25685,LOF,0.1157608170714802,0.036704192400454874,0.8475349905280649
25686,LOF,0.03095560702362645,0.0888865613152247,0.8801578316611489
25687,LOF,0.05710669954806887,0.07807736996832827,0.8648159304836028
25688,LOF,0.024844003193234293,0.13181891040936275,0.843337086397403
25689,LOF,0.017328934395938102,0.07440823285620492,0.9082628327478569
25690,LOF,0.017868049332342033,0.09496588185436003,0.8871660688132978
25691,LOF,0.17648062633282366,0.14963461065527953,0.6738847630118968
25692,LOF,0.2094734543295499,0.01915200243869321,0.7713745432317569
25693,LOF,0.04821546962701148,0.16433669256142094,0.7874478378115676
25694,LOF,0.255571936812467,0.012502962416947436,0.7319251007705856
25695,LOF,0.1750623790682696,0.017800808505713663,0.8071368124260168
25696,LOF,0.16759267000374828,0.008754208490620885,0.8236531215056309
25697,LOF,0.12559208188519028,0.030973246408782736,0.8434346717060269
25698,LOF,0.02753141280383164,0.33357175922504617,0.6388968279711222
25699,LOF,0.07948700195780065,0.09990744106199591,0.8206055569802035
25700,LOF,0.03014772211375851,0.015619729858690217,0.9542325480275513
25701,LOF,0.015401558653561786,0.09728739572144185,0.8873110456249963
25702,GOF,0.02953924803632024,0.7361921152895724,0.2342686366741072
25703,LOF,0.016514867373323236,0.20111589880860256,0.7823692338180742
25704,LOF,0.08834401115519218,0.1761144919174255,0.7355414969273822
25705,LOF,0.06450950693535495,0.2843115329232273,0.6511789601414179
25706,GOF,0.030583825598223462,0.5766609943902865,0.39275518001148996
25707,GOF,0.026225312343603983,0.5873019852838531,0.3864727023725429
25708,GOF,0.006357536947149663,0.5854566043650096,0.40818585868784063
25709,LOF,0.01917534167022906,0.09892106499517266,0.8819035933345982
25710,LOF,0.006315996634147766,0.22422644924061733,0.7694575541252349
25711,LOF,0.021556644020389926,0.1478424698588785,0.8306008861207316
25712,LOF,0.006835880171510528,0.29172747029767876,0.7014366495308108
25713,LOF,0.019691537640943512,0.1385525279786083,0.8417559343804482
25714,LOF,0.021792730296273575,0.1808370311537879,0.7973702385499384
25715,LOF,0.02087819083240452,0.16225305744524776,0.8168687517223476
25716,LOF,0.010481739747298604,0.135499169851547,0.8540190904011543
25717,LOF,0.005276071341619093,0.15568625255979243,0.8390376760985884
25718,LOF,0.02125992353594712,0.10426417807705408,0.8744758983869988
25719,LOF,0.03683775160983756,0.12395321704481888,0.8392090313453434
25720,LOF,0.02987365634851673,0.11703216940548983,0.8530941742459934
25721,LOF,0.025026900781508394,0.12059032644988804,0.8543827727686036
25722,LOF,0.016715982803696745,0.16443777973555998,0.8188462374607433
25723,LOF,0.0233272889355386,0.10553020841381552,0.8711425026506459
25724,LOF,0.02635597015519251,0.1852795711910983,0.7883644586537092
25725,LOF,0.02185467316120901,0.10421010512239265,0.8739352217163984
25726,LOF,0.016153859466643456,0.13580304456969855,0.8480430959636579
25727,LOF,0.02178865157502138,0.12742509266771393,0.8507862557572646
25728,LOF,0.02120518526020959,0.13171718174263783,0.8470776329971526
25729,LOF,0.019704539142341146,0.1428762681113246,0.8374191927463344
25730,LOF,0.023424189531947186,0.09970198850903933,0.8768738219590134
25731,LOF,0.008354914947340274,0.2118961020873605,0.7797489829652992
25732,LOF,0.019652132873299158,0.12462804620295533,0.8557198209237455
25733,LOF,0.02953063454232604,0.12156612788534049,0.8489032375723334
25734,LOF,0.006663346751439305,0.24803601052186175,0.7453006427266989
25735,LOF,0.02190667688236188,0.09925116806415199,0.8788421550534862
25736,LOF,0.02023763515663643,0.15691110510208786,0.8228512597412757
25737,LOF,0.03781509410210308,0.14880060641110923,0.8133842994867878
25738,LOF,0.020884746757995384,0.18402484409729655,0.7950904091447081
25739,LOF,0.02351990464433777,0.16422343590466734,0.8122566594509949
25740,LOF,0.05125847047283392,0.18390720767489052,0.7648343218522756
25741,LOF,0.028168708320984337,0.1460575599668918,0.8257737317121239
25742,LOF,0.045378411573439616,0.1509140104100691,0.8037075780164912
25743,LOF,0.010738607042437521,0.02929785004069307,0.9599635429168694
25744,LOF,0.15536148482206283,0.3045740796878938,0.5400644354900433
25745,LOF,0.029199298548465803,0.11943788722721851,0.8513628142243158
25746,LOF,0.01266188914797541,0.16296716745997628,0.8243709433920483
25747,LOF,0.03376800880942409,0.028934643676734716,0.9372973475138412
25748,LOF,0.27195627322593363,0.05305641836708887,0.6749873084069776
25749,LOF,0.0116089351881472,0.09709491752343705,0.8912961472884158
25750,LOF,0.016395927888844218,0.09536104927770857,0.8882430228334472
25751,LOF,0.046931232461880135,0.052336015500243686,0.9007327520378762
25752,GOF,0.07217303060646563,0.7210491108828229,0.20677785851071143
25753,LOF,0.0066670943347386605,0.349351632854186,0.6439812728110754
25754,GOF,0.007281525614557342,0.8640190391729045,0.12869943521253813
25755,LOF,0.0071772900865236305,0.39251728016512566,0.6003054297483507
25756,LOF,0.029826665449242937,0.42121625469772134,0.5489570798530358
25757,GOF,0.006298268390595393,0.8589351595310296,0.13476657207837492
25758,GOF,0.0075668122010107315,0.8641652038661796,0.12826798393280978
25759,GOF,0.005234691027942538,0.5983045437913442,0.39646076518071327
25760,LOF,0.0056689209105550715,0.29061730368628613,0.7037137754031588
25761,GOF,0.05253195835188611,0.8483425322530795,0.09912550939503435
25762,LOF,0.02767775933529375,0.35137032098714877,0.6209519196775575
25763,LOF,0.00624033645839536,0.24846499729240845,0.7452946662491962
25764,GOF,0.056116254807654684,0.6298264533505581,0.31405729184178705
25765,GOF,0.00787688481159778,0.8492711462609818,0.14285196892742033
25766,GOF,0.03980707314176934,0.8193507148238,0.14084221203443067
25767,GOF,0.014596186464530694,0.560747788799158,0.4246560247363112
25768,LOF,0.04818324509814193,0.06232512648981764,0.8894916284120403
25769,LOF,0.025498035799821288,0.07015072155554332,0.9043512426446353
25770,LOF,0.14560187506146327,0.05534089506767789,0.7990572298708588
25771,LOF,0.013540870367224369,0.05209096034442363,0.934368169288352
25772,LOF,0.026830941811371405,0.022455603211108052,0.9507134549775207
25773,LOF,0.02465512997161237,0.04649677772368793,0.9288480923046998
25774,LOF,0.029288449956438246,0.08658489769119952,0.8841266523523623
25775,LOF,0.02268990651510109,0.03192854944007147,0.9453815440448274
25776,LOF,0.027128308139407552,0.019997547918691554,0.952874143941901
25777,LOF,0.16905851469079103,0.053991297766439315,0.7769501875427697
25778,LOF,0.019972932810417166,0.044724920299848446,0.9353021468897345
25779,GOF,0.03426699851522003,0.9058408852118288,0.05989211627295105
25780,GOF,0.07050209160574808,0.8857385747303941,0.04375933366385785
25781,GOF,0.03044028800457012,0.8782773350170406,0.09128237697838942
25782,GOF,0.032619780368639696,0.9138779821174496,0.05350223751391073
25783,GOF,0.027933413567439398,0.9285775501596194,0.04348903627294122
25784,GOF,0.07561873099403262,0.8814174812609322,0.04296378774503524
25785,GOF,0.0880702841832279,0.8751459541467937,0.036783761669978224
25786,GOF,0.007900000774824797,0.9007337138217745,0.09136628540340079
25787,GOF,0.1857571928125178,0.7711571580163645,0.04308564917111764
25788,LOF,0.016088986030185586,0.17557778588113362,0.8083332280886808
25789,GOF,0.014696949505949948,0.8602078863426407,0.1250951641514094
25790,GOF,0.021280439984611425,0.893187928093961,0.0855316319214276
25791,GOF,0.02193080549076095,0.7877865929117585,0.1902826015974805
25792,GOF,0.02477546151886781,0.8332625521035025,0.14196198637762972
25793,GOF,0.05791409072786028,0.8690490091154436,0.07303690015669603
25794,GOF,0.05473933053113373,0.7898704630012918,0.15539020646757448
25795,GOF,0.04476870019693798,0.7492543830911363,0.2059769167119257
25796,GOF,0.09141932223029678,0.8328193682915784,0.07576130947812468
25797,GOF,0.06934883872299526,0.7556223924532864,0.1750287688237182
25798,GOF,0.00647689533782636,0.7872858311929843,0.20623727346918927
25799,GOF,0.0038427311445361437,0.7309820852426312,0.2651751836128326
25800,GOF,0.02357748271160017,0.8514410654440372,0.12498145184436267
25801,GOF,0.01697023697569621,0.9024160555843239,0.08061370743997988
25802,GOF,0.026779796729708698,0.8403473245724082,0.13287287869788325
25803,GOF,0.018542485451494933,0.7441827661058645,0.2372747484426405
25804,GOF,0.026967702454495302,0.7909124835979805,0.1821198139475243
25805,GOF,0.021885306240492827,0.8121674831333278,0.1659472106261794
25806,GOF,0.028327329726802204,0.8145825649591103,0.1570901053140876
25807,GOF,0.00935969604167052,0.7721930588046546,0.21844724515367483
25808,GOF,0.017051204424009238,0.7853566890942416,0.19759210648174907
25809,GOF,0.009469489479198661,0.7603004798848498,0.2302300306359515
25810,GOF,0.007636803051424539,0.7397430976807133,0.2526200992678622
25811,GOF,0.05040429938588218,0.8753136006254171,0.07428209998870072
25812,GOF,0.032105799757339355,0.8144416880734796,0.15345251216918118
25813,GOF,0.12417760674942505,0.8060827746026147,0.06973961864796013
25814,GOF,0.029214894332356602,0.8286774756479773,0.14210763001966611
25815,GOF,0.06444660730622684,0.8385972617068167,0.09695613098695632
25816,GOF,0.009916120245025521,0.8731797759390585,0.11690410381591591
25817,GOF,0.10682533678565752,0.7889210761674791,0.10425358704686342
25818,GOF,0.02303926173373288,0.8126179597763165,0.16434277848995077
25819,GOF,0.0546745610135375,0.7667132181799804,0.178612220806482
25820,GOF,0.035135236040358245,0.7259588325264217,0.2389059314332201
25821,GOF,0.025431203820183112,0.7614597007625307,0.21310909541728626
25822,GOF,0.04175555055973642,0.7580362805092291,0.2002081689310345
25823,GOF,0.02481617099220279,0.7486365478344102,0.22654728117338702
25824,GOF,0.023282611957376936,0.8071449870428358,0.1695724009997875
25825,GOF,0.019337490511314993,0.7990232328193884,0.18163927666929658
25826,GOF,0.009301372774931572,0.7592349198815995,0.23146370734346897
25827,GOF,0.014105421481940461,0.6961267047661734,0.289767873751886
25828,GOF,0.010690035660443228,0.7528962166264459,0.23641374771311088
25829,GOF,0.003974999369058462,0.7020161751496935,0.29400882548124807
25830,GOF,0.03883789808272366,0.48909264877768255,0.47206945313959375
25831,GOF,0.054377401633808845,0.8226622728015779,0.12296032556461321
25832,GOF,0.009426478785191242,0.7877058958895145,0.20286762532529437
25833,GOF,0.030604499275904643,0.8377799192015536,0.1316155815225417
25834,GOF,0.009670863985070681,0.794919756375415,0.19540937963951444
25835,GOF,0.02269004517218042,0.8511580401238475,0.126151914703972
25836,GOF,0.007277601188444397,0.7899931191055254,0.20272927970603016
25837,GOF,0.008616263236835871,0.8014283916444108,0.18995534511875328
25838,GOF,0.021518034373216872,0.8482840990160775,0.1301978666107056
25839,GOF,0.05657378512519557,0.822660181505558,0.12076603336924645
25840,GOF,0.08297498533622442,0.8073800618926285,0.10964495277114704
25841,GOF,0.08193346574526215,0.8319429159247403,0.08612361832999756
25842,GOF,0.025217651017018505,0.8926902271957968,0.08209212178718474
25843,GOF,0.024401671113164682,0.8956625163479868,0.07993581253884854
25844,GOF,0.01836418437623713,0.8555381276774535,0.12609768794630943
25845,GOF,0.006272336646963896,0.7723381716176204,0.22138949173541572
25846,GOF,0.0722950940043574,0.8306034030043997,0.09710150299124286
25847,GOF,0.016054314295582173,0.8949765744302812,0.08896911127413674
25848,GOF,0.02262141821782699,0.8531499985055965,0.12422858327657668
25849,GOF,0.007040163702838802,0.8386022358320916,0.1543576004650695
25850,GOF,0.006146717173179716,0.7680636128866967,0.22578966994012356
25851,GOF,0.005765257246754294,0.7181972145050178,0.2760375282482278
25852,GOF,0.14936775264530386,0.5631621721024648,0.2874700752522314
25853,GOF,0.07459109375087965,0.8252105132336305,0.10019839301548984
25854,GOF,0.005802226271176935,0.7445564862045305,0.24964128752429254
25855,GOF,0.02384373682911849,0.7164989296873099,0.25965733348357156
25856,GOF,0.04577623165492899,0.7907122523007118,0.16351151604435926
25857,GOF,0.02434569773931294,0.7226116428539755,0.2530426594067115
25858,GOF,0.01185473127107218,0.7500630345706083,0.23808223415831947
25859,GOF,0.008543655459387931,0.7356578831507443,0.25579846138986767
25860,GOF,0.07214042948779625,0.8130495840520869,0.11480998646011695
25861,GOF,0.09882277479919373,0.8016429416785054,0.09953428352230097
25862,GOF,0.029916202685986413,0.8931876403713896,0.0768961569426238
25863,GOF,0.026752175455536188,0.8889335662951234,0.0843142582493406
25864,GOF,0.06871615589079118,0.8812780734193385,0.05000577068987038
25865,GOF,0.05606949634375845,0.850449184703762,0.09348131895247959
25866,GOF,0.027870057664427052,0.8838656888971371,0.08826425343843594
25867,GOF,0.047414841705552026,0.8766155430306227,0.07596961526382529
25868,GOF,0.06741773916893362,0.8312026999977207,0.10137956083334566
25869,GOF,0.33995879147530844,0.5735598118911087,0.08648139663358276
25870,GOF,0.0666149299672995,0.5812518433032022,0.3521332267294981
25871,GOF,0.012059244946090402,0.8826540281505331,0.10528672690337652
25872,GOF,0.020684855009044753,0.8703558412066547,0.10895930378430065
25873,GOF,0.019742071013918762,0.8944064552728797,0.08585147371320169
25874,LOF,0.016505754299593323,0.20319422614016733,0.7803000195602393
25875,LOF,0.0327773040435271,0.062305659540317915,0.904917036416155
25876,LOF,0.017684898087290967,0.046280845121387915,0.9360342567913211
25877,LOF,0.11334013553172852,0.08446066003866014,0.8021992044296113
25878,LOF,0.0944818956140444,0.13933070722022642,0.7661873971657293
25879,LOF,0.01700566706667323,0.10219942718781953,0.8807949057455073
25880,LOF,0.069089850276008,0.016862164196338646,0.9140479855276534
25881,Neutral,0.5524397831733439,0.08086565862831238,0.3666945581983438
25882,LOF,0.06749197028063746,0.026985835136528233,0.9055221945828344
25883,LOF,0.02762427049662414,0.029158353174141532,0.9432173763292344
25884,LOF,0.016635577085229298,0.04713545257216839,0.9362289703426023
25885,LOF,0.1726929782432322,0.01285501072580165,0.8144520110309662
25886,LOF,0.26276077692787037,0.0600179970088439,0.6772212260632858
25887,LOF,0.12002188591958753,0.10085094117263664,0.7791271729077758
25888,LOF,0.008942592396992749,0.13360578503232076,0.8574516225706865
25889,LOF,0.0227624217835015,0.04068460390600549,0.936552974310493
25890,LOF,0.18974846735329667,0.0649314001972008,0.7453201324495025
25891,LOF,0.12137230909636654,0.030001661350549515,0.8486260295530839
25892,LOF,0.011173180503520907,0.03605521218321153,0.9527716073132675
25893,LOF,0.4120983756372649,0.009183087318660467,0.5787185370440746
25894,LOF,0.40348457304868846,0.006813300357296734,0.5897021265940148
25895,LOF,0.35359886686437814,0.014487248486104446,0.6319138846495175
25896,LOF,0.07609444703901193,0.030160433023259707,0.8937451199377283
25897,LOF,0.13462257334756625,0.011212570345139233,0.8541648563072946
25898,LOF,0.1568510219696626,0.038257817471032046,0.8048911605593052
25899,LOF,0.42917878345549154,0.03280146942121249,0.5380197471232959
25900,LOF,0.47504544107905394,0.01093706298154294,0.5140174959394032
25901,LOF,0.0650672422031763,0.012577652341964729,0.922355105454859
25902,LOF,0.19704867994285705,0.01235372991416248,0.7905975901429804
25903,LOF,0.32326347188994203,0.025673128100478164,0.6510634000095799
25904,Neutral,0.5105944961832432,0.04830414969086403,0.44110135412589274
25905,LOF,0.006027837880865919,0.4109024710024634,0.5830696911166707
25906,LOF,0.007775202892529866,0.07539697609744833,0.9168278210100217
25907,LOF,0.008206296006063183,0.25997139388182805,0.7318223101121089
25908,LOF,0.008097976658970427,0.26722010740716257,0.7246819159338669
25909,LOF,0.02843765952466158,0.10000591552029307,0.8715564249550454
25910,LOF,0.013185578195886758,0.15700225737344561,0.8298121644306676
25911,LOF,0.21620097078279216,0.023970102029822065,0.7598289271873858
25912,LOF,0.1098831345887942,0.019767509498661042,0.8703493559125447
25913,LOF,0.024782795138395042,0.028405772166471662,0.9468114326951333
25914,LOF,0.036061443138923725,0.024902533165741255,0.9390360236953351
25915,LOF,0.19172928344635543,0.1110434411363659,0.6972272754172787
25916,LOF,0.023046245929884232,0.058726930105402295,0.9182268239647133
25917,LOF,0.07309998204390732,0.026714630351025455,0.9001853876050672
25918,LOF,0.04016253933452977,0.013472160121890979,0.9463653005435791
25919,LOF,0.0344699422103738,0.013342938348610504,0.9521871194410158
25920,Neutral,0.37871353511716926,0.2673554744140225,0.35393099046880816
25921,LOF,0.015213536489020938,0.020200712194782,0.9645857513161971
25922,LOF,0.01683051728266564,0.021762985731855478,0.9614064969854789
25923,LOF,0.45033410313341476,0.016412659368101035,0.5332532374984842
25924,LOF,0.026096997815543446,0.026785372443266387,0.9471176297411902
25925,LOF,0.09644120852767453,0.02921833015876512,0.8743404613135604
25926,LOF,0.0835585628051722,0.021383995476709126,0.8950574417181186
25927,LOF,0.022655913476322998,0.05527536243272352,0.9220687240909535
25928,LOF,0.0109673405538985,0.03007155098298297,0.9589611084631184
25929,Neutral,0.578373336920243,0.015846921692199773,0.40577974138755724
25930,LOF,0.08168065256398124,0.014869677658959073,0.9034496697770596
25931,LOF,0.013155205921609639,0.019199133717825924,0.9676456603605644
25932,LOF,0.06498173479906709,0.018627515335533893,0.916390749865399
25933,LOF,0.06462173171274502,0.011085781805760276,0.9242924864814946
25934,LOF,0.06303292715054375,0.009330644270185,0.9276364285792712
25935,LOF,0.09126106873284658,0.028056761362221252,0.8806821699049322
25936,LOF,0.11098184441539784,0.010999022515404426,0.8780191330691978
25937,LOF,0.022051348384027482,0.015705200293847685,0.9622434513221249
25938,LOF,0.09435969027981878,0.027700736516980795,0.8779395732032005
25939,LOF,0.054900725181722704,0.014614475608783291,0.930484799209494
25940,LOF,0.008294404643381492,0.45327195232585316,0.5384336430307654
25941,LOF,0.42681711368150027,0.04102621494130593,0.5321566713771939
25942,LOF,0.010267904059249088,0.047455345584536526,0.9422767503562144
25943,LOF,0.03686599848591426,0.15794787703533794,0.8051861244787477
25944,LOF,0.04039531289132257,0.068881199038433,0.8907234880702444
25945,LOF,0.13280795983340105,0.02435652656182085,0.842835513604778
25946,LOF,0.0725694208642835,0.03621938997567952,0.891211189160037
25947,Neutral,0.505700323463788,0.09527362421910046,0.39902605231711163
25948,LOF,0.4082260751691951,0.019234359942439244,0.5725395648883657
25949,LOF,0.17596396816009044,0.08496457180231616,0.7390714600375935
25950,GOF,0.09465939927741049,0.564120113519784,0.3412204872028056
25951,LOF,0.01792855313690572,0.43239865407608835,0.549672792787006
25952,LOF,0.23818496915365586,0.22310501688050666,0.5387100139658375
25953,LOF,0.009422785226072844,0.28946821547770585,0.7011089992962214
25954,LOF,0.09991816656194248,0.37007776320783853,0.530004070230219
25955,LOF,0.0070837668646237155,0.2582859856179261,0.7346302475174502
25956,LOF,0.019746207170099568,0.3250547489474667,0.6551990438824336
25957,LOF,0.1806436519996432,0.03426890545427243,0.7850874425460844
25958,LOF,0.02868167216291627,0.06001483817114972,0.9113034896659341
25959,GOF,0.005953222450570778,0.72905484654398,0.26499193100544916
25960,LOF,0.004943881607050566,0.12273109389738106,0.8723250244955684
25961,LOF,0.02743861871408316,0.04805996113397319,0.9245014201519436
25962,LOF,0.04593488659369668,0.08085151242366691,0.8732136009826363
25963,LOF,0.006633858181742366,0.1527100793620094,0.8406560624562482
25964,LOF,0.027135694328979117,0.15537670421423452,0.8174876014567865
25965,LOF,0.24426373978240734,0.14264635455303853,0.6130899056645541
25966,LOF,0.33168535530806537,0.11946198613976351,0.5488526585521711
25967,LOF,0.007619672529708932,0.07995075214346413,0.912429575326827
25968,LOF,0.04036803143774034,0.2530643757941404,0.7065675927681194
25969,LOF,0.16821146037875134,0.05540821311596375,0.7763803265052849
25970,LOF,0.06632857124324835,0.07113740078994978,0.8625340279668019
25971,LOF,0.07562460932086557,0.030663242663464076,0.8937121480156704
25972,LOF,0.07207127735435571,0.058885248339699596,0.8690434743059446
25973,LOF,0.07061493947315872,0.011227354933960878,0.9181577055928805
25974,LOF,0.04151525722821,0.04397335675137599,0.9145113860204139
25975,LOF,0.04023109544092515,0.020393002088511983,0.9393759024705628
25976,LOF,0.07859960134943167,0.01118444117673775,0.9102159574738307
25977,LOF,0.26766290663622105,0.04699277893204652,0.6853443144317325
25978,LOF,0.1689077367166361,0.12303858428366139,0.7080536789997025
25979,LOF,0.1382826099710705,0.1412324714635463,0.7204849185653832
25980,LOF,0.21639853774194634,0.19522170209898174,0.5883797601590719
25981,LOF,0.21723133995961325,0.1977417451956941,0.5850269148446926
25982,LOF,0.3816337210985033,0.10603593016629718,0.5123303487351996
25983,Neutral,0.45987962787916015,0.11082653401506631,0.42929383810577365
25984,LOF,0.05347989478833453,0.0902899705994415,0.856230134612224
25985,Neutral,0.5135800772970872,0.1242028899504618,0.36221703275245093
25986,GOF,0.01040536388599034,0.49608217231435137,0.49351246379965824
25987,LOF,0.03578498950755548,0.10399402166085633,0.8602209888315883
25988,LOF,0.04567977948804617,0.14559592958027973,0.8087242909316741
25989,LOF,0.05722298366868631,0.21451015735788773,0.728266858973426
25990,LOF,0.047111720739758486,0.3158732532084708,0.6370150260517708
25991,LOF,0.02366540628592708,0.45924578911591124,0.5170888045981618
25992,LOF,0.016883253082603293,0.40033314671635944,0.5827836002010371
25993,LOF,0.028268912727928863,0.05709797369884352,0.9146331135732276
25994,LOF,0.02408232815126326,0.06189490454688015,0.9140227673018565
25995,LOF,0.021218583706816646,0.10628406699374116,0.8724973492994422
25996,Neutral,0.39503440049600147,0.3633481039241198,0.24161749557987874
25997,LOF,0.05569743958016008,0.45852304264330096,0.485779517776539
25998,LOF,0.2390658123206982,0.04230858720948654,0.7186256004698153
25999,LOF,0.03653951000337111,0.11360758632577077,0.8498529036708582
26000,LOF,0.12241195068912623,0.016625175532190038,0.8609628737786837
26001,LOF,0.2184058933423932,0.017642698300540997,0.7639514083570658
26002,LOF,0.11620722721062328,0.02751243789049105,0.8562803348988857
26003,GOF,0.005899852980132722,0.6484606974867854,0.34563944953308195
26004,GOF,0.009558371379698451,0.616896133201866,0.3735454954184356
26005,GOF,0.003843089885721735,0.5045771762760364,0.49157973383824205
26006,GOF,0.06803518103874762,0.5464449962320854,0.3855198227291669
26007,GOF,0.007606269674484165,0.5259745333311591,0.46641919699435674
26008,GOF,0.005555098132943732,0.5838181211619594,0.4106267807050969
26009,GOF,0.010815847817185312,0.6442640961627685,0.3449200560200463
26010,GOF,0.007385886110082015,0.5802799436875752,0.41233417020234286
26011,LOF,0.004289752199698489,0.4178122279740372,0.5778980198262642
26012,GOF,0.004564419767091199,0.5492743219763163,0.4461612582565925
26013,GOF,0.00907582194366712,0.5670249344523435,0.4238992436039894
26014,LOF,0.06445778345115961,0.07577882363586558,0.8597633929129748
26015,LOF,0.3461542191603935,0.022043972280138498,0.631801808559468
26016,LOF,0.25572760778973136,0.03647475998611659,0.7077976322241522
26017,LOF,0.011386421994559054,0.16579136750297072,0.8228222105024702
26018,LOF,0.025613468550284815,0.07288560251067866,0.9015009289390365
26019,LOF,0.024790909423707787,0.06523549180045461,0.9099735987758376
26020,LOF,0.007469220156930309,0.15491036395961078,0.8376204158834589
26021,LOF,0.07878784049448098,0.06622672228566313,0.854985437219856
26022,LOF,0.03885458638505831,0.03034809471313153,0.9307973189018103
26023,LOF,0.02010366145875022,0.04961833379420298,0.9302780047470468
26024,LOF,0.04762686752610858,0.04828268432815307,0.9040904481457384
26025,LOF,0.12209294789797653,0.056837580274947355,0.8210694718270761
26026,LOF,0.10038742971295758,0.04221539371612574,0.8573971765709165
26027,LOF,0.02447502318288762,0.02761334502819803,0.9479116317889142
26028,LOF,0.07698706895653926,0.1608489406468697,0.7621639903965911
26029,LOF,0.021267597058782173,0.15940637924475265,0.8193260236964652
26030,LOF,0.11932280664894394,0.023328614041681378,0.8573485793093746
26031,LOF,0.009177265058038784,0.14851146999862805,0.8423112649433332
26032,LOF,0.03300114323147634,0.04429191129115797,0.9227069454773656
26033,LOF,0.03755181566343961,0.04277085566853794,0.9196773286680224
26034,LOF,0.012575156581087044,0.11293969034975687,0.8744851530691562
26035,LOF,0.009919873175957035,0.11070688284967317,0.8793732439743699
26036,LOF,0.009636108638613056,0.09218177542958929,0.8981821159317976
26037,LOF,0.009310720430919005,0.09692390605492433,0.8937653735141566
26038,LOF,0.02882570357310082,0.038526523004090533,0.9326477734228086
26039,LOF,0.028126377667265685,0.12919252769529171,0.8426810946374426
26040,LOF,0.07643306684326366,0.11419932550772943,0.809367607649007
26041,LOF,0.011512064757538241,0.0948694851365026,0.8936184501059592
26042,LOF,0.010599615724635664,0.09979026581000176,0.8896101184653624
26043,LOF,0.029135717301706738,0.06112062493334723,0.9097436577649461
26044,LOF,0.00792838883799979,0.04512096292045031,0.94695064824155
26045,LOF,0.06988122570943157,0.14037670550658624,0.7897420687839821
26046,LOF,0.025560370046819453,0.04176377026495575,0.9326758596882248
26047,LOF,0.04995631887845097,0.04459782269041515,0.9054458584311339
26048,LOF,0.08586471440718715,0.016729348038962418,0.8974059375538503
26049,Neutral,0.9418673788745712,0.0055223344493059955,0.05261028667612274
26050,Neutral,0.9068859653914717,0.006278085666915803,0.08683594894161253
26051,LOF,0.026964794912291874,0.07092176825138004,0.9021134368363282
26052,LOF,0.02986218547294587,0.05645759170358425,0.9136802228234698
26053,LOF,0.019776896318775737,0.1427825755727138,0.8374405281085106
26054,LOF,0.051955247266033955,0.038757620486907625,0.9092871322470584
26055,LOF,0.08116066952435112,0.0341440377335957,0.884695292742053
26056,LOF,0.06786877984167737,0.044427931359350976,0.8877032887989716
26057,LOF,0.05112819161254998,0.020459269435184852,0.9284125389522652
26058,LOF,0.05468790962952833,0.01589420383980525,0.9294178865306665
26059,LOF,0.24198132670148478,0.032659661396494226,0.725359011902021
26060,LOF,0.016450327532567855,0.164495901608945,0.8190537708584872
26061,LOF,0.011031784644979113,0.014034498236656211,0.9749337171183647
26062,LOF,0.005833995714128456,0.020415121995173008,0.9737508822906985
26063,LOF,0.03981120029586412,0.01549717834661267,0.9446916213575232
26064,LOF,0.014945459285455967,0.020690426717900688,0.9643641139966433
26065,LOF,0.04630893477942332,0.02093214709792378,0.9327589181226529
26066,LOF,0.03590954895746492,0.014266695342435182,0.9498237557000999
26067,LOF,0.04148661230410562,0.01482048512947982,0.9436929025664146
26068,LOF,0.050786217709312596,0.04413635053547511,0.9050774317552123
26069,LOF,0.24665703063664063,0.027511331531530354,0.725831637831829
26070,LOF,0.4806435492840377,0.01884542825585635,0.5005110224601059
26071,LOF,0.04427291781803321,0.017195262088194864,0.938531820093772
26072,LOF,0.0072199110337567455,0.02269977389645978,0.9700803150697834
26073,LOF,0.035076075983670664,0.02036238668220653,0.9445615373341228
26074,Neutral,0.8060487096819241,0.012894464999990208,0.18105682531808578
26075,LOF,0.05088395350973352,0.031071850330157812,0.9180441961601086
26076,LOF,0.04857290238761599,0.015363530409649825,0.9360635672027342
26077,LOF,0.1425831597229426,0.01070729978615768,0.8467095404908997
26078,LOF,0.0063728826531942295,0.02143785540726976,0.9721892619395361
26079,LOF,0.06037045720125062,0.025813753359098794,0.9138157894396506
26080,LOF,0.059888622813210814,0.02581104755344242,0.9143003296333467
26081,LOF,0.032432038584060775,0.013560880944278679,0.9540070804716605
26082,LOF,0.005246089869371282,0.023798381102746097,0.9709555290278826
26083,LOF,0.09154072815177869,0.028070934800324566,0.8803883370478968
26084,LOF,0.09590820199133658,0.02629488433121669,0.8777969136774466
26085,LOF,0.0855369901268054,0.0210869725807414,0.8933760372924531
26086,LOF,0.03470788868069264,0.018752446338463288,0.946539664980844
26087,LOF,0.03384980931228747,0.015623179566083428,0.9505270111216291
26088,LOF,0.0067934442432338515,0.03132393296926488,0.9618826227875014
26089,LOF,0.04384497597506925,0.03729528567848466,0.9188597383464461
26090,LOF,0.044297641610481234,0.030665202348806268,0.9250371560407126
26091,LOF,0.025738604034614535,0.01201164756785816,0.9622497483975274
26092,LOF,0.04520378416831744,0.01311512671793039,0.9416810891137521
26093,LOF,0.07824546753016452,0.009264381895591383,0.9124901505742441
26094,LOF,0.029631348099480637,0.010892913755853304,0.959475738144666
26095,LOF,0.02074431372267027,0.022087993181168122,0.9571676930961616
26096,LOF,0.19376932957250242,0.0063343652507433365,0.7998963051767543
26097,LOF,0.006683615461027329,0.05560171122885334,0.9377146733101193
26098,LOF,0.10660858036899677,0.024517373901659645,0.8688740457293436
26099,LOF,0.03529345493138337,0.02672900927157718,0.9379775357970395
26100,LOF,0.03526180538333661,0.026728403213607133,0.9380097914030563
26101,LOF,0.05823584153909313,0.04590360337810465,0.8958605550828023
26102,LOF,0.031492370000275514,0.025151613080337375,0.9433560169193872
26103,Neutral,0.8912585678947235,0.032825531468565095,0.07591590063671151
26104,LOF,0.05801657445731453,0.04477308343274654,0.8972103421099389
26105,LOF,0.23344208415041254,0.10229872773506635,0.6642591881145211
26106,LOF,0.323361199518807,0.05279489885014876,0.6238439016310443
26107,LOF,0.016233786537481268,0.07358064066361159,0.9101855727989071
26108,LOF,0.2391960612211335,0.042298475026639866,0.7185054637522267
26109,LOF,0.06923171123690036,0.038668951504891066,0.8920993372582087
26110,LOF,0.3869465102330662,0.015170637528750369,0.5978828522381834
26111,LOF,0.053840548115682216,0.13161494443431931,0.8145445074499984
26112,LOF,0.047275099751393206,0.013732286187245387,0.9389926140613614
26113,LOF,0.10305861849217243,0.04110799815809426,0.8558333833497332
26114,LOF,0.09289096906077267,0.005852320267602998,0.9012567106716244
26115,LOF,0.018075735505973484,0.037791877245301794,0.9441323872487246
26116,LOF,0.07833201069614021,0.01910179543309047,0.9025661938707692
26117,LOF,0.3425574841426771,0.05343326766767575,0.6040092481896472
26118,LOF,0.05694968912477974,0.02236491274498447,0.9206853981302358
26119,LOF,0.005822388624640554,0.10329050321891396,0.8908871081564456
26120,LOF,0.03917719672356653,0.021298646655889018,0.9395241566205443
