feature0,prediction,LoGoFunc_Neutral,LoGoFunc_GOF,LoGoFunc_LOF
25546,Neutral,0.6474043198547745,0.07903996759046449,0.2735557125547611
25547,Neutral,0.5458273620059334,0.14274345239842956,0.3114291855956371
25548,Neutral,0.501972594912227,0.10679159973408976,0.39123580535368313
25549,Neutral,0.4740681857799721,0.10683976454117886,0.41909204967884905
25550,LOF,0.38261203900221075,0.17611398259352212,0.44127397840426713
25551,LOF,0.31469253861889945,0.16424434879115457,0.521063112589946
25552,LOF,0.18333874415399554,0.17230150597899507,0.6443597498670095
25553,Neutral,0.8189067556730016,0.04548642605547051,0.13560681827152796
25554,LOF,0.2222973852440948,0.17034843823946894,0.6073541765164363
25555,LOF,0.1798153350683943,0.15692423434724453,0.6632604305843612
25556,Neutral,0.5122346041529203,0.12568116567462306,0.3620842301724567
25557,LOF,0.16986530185048496,0.16268565676057678,0.6674490413889382
25558,LOF,0.2199478980114741,0.1829929266555397,0.5970591753329861
25559,LOF,0.48190087646274604,0.025991877427155634,0.4921072461100982
25560,LOF,0.04243706916244157,0.24484689361698211,0.7127160372205764
25561,LOF,0.08762080970589853,0.29675391636866605,0.6156252739254354
25562,LOF,0.11928156870504869,0.12450836626901506,0.7562100650259362
25563,LOF,0.11751721111163237,0.11586118121712631,0.7666216076712412
25564,LOF,0.08050291954958788,0.17262183125599792,0.7468752491944143
25565,LOF,0.14171060147181047,0.24671134299141062,0.6115780555367789
25566,GOF,0.0222109091159238,0.657528885883001,0.32026020500107516
25567,LOF,0.010823051291658682,0.2145823811279671,0.7745945675803744
25568,LOF,0.04279890651578596,0.10620737955422542,0.8509937139299887
25569,LOF,0.058303634084644604,0.10553372040618395,0.8361626455091714
25570,LOF,0.06066929308804394,0.1614295353801772,0.7779011715317788
25571,LOF,0.06512557812940764,0.15413597165603884,0.7807384502145535
25572,LOF,0.05974624891114537,0.16158446363865514,0.7786692874501996
25573,LOF,0.028907980802585678,0.12586766753032141,0.845224351667093
25574,LOF,0.014621240969792405,0.26371631639280196,0.7216624426374055
25575,LOF,0.056675999854408535,0.13483477238998595,0.8084892277556056
25576,LOF,0.0186810524288242,0.15669995411973897,0.8246189934514367
25577,LOF,0.013318302596305552,0.1567462948727956,0.8299354025308989
25578,LOF,0.25574366276037996,0.13629938932590524,0.6079569479137148
25579,LOF,0.2563124873943174,0.13490570740426464,0.6087818052014179
25580,LOF,0.037099665359778704,0.14311508669434933,0.8197852479458719
25581,LOF,0.04833966267469568,0.10951468181204772,0.8421456555132566
25582,LOF,0.04748803250688424,0.10540060179506401,0.8471113656980518
25583,LOF,0.03522191526726921,0.15164414824750175,0.813133936485229
25584,Neutral,0.4926367776782917,0.1327765594876239,0.3745866628340845
25585,LOF,0.02957389933203314,0.13879948852761778,0.831626612140349
25586,LOF,0.03431972881385839,0.10540625183079684,0.8602740193553448
25587,LOF,0.030898902162851835,0.09395687766420178,0.8751442201729465
25588,LOF,0.03205980850680543,0.12818342667980734,0.8397567648133873
25589,Neutral,0.5926038884920979,0.18398494849886535,0.22341116300903674
25590,LOF,0.024807895248821616,0.1854197109008364,0.789772393850342
25591,LOF,0.10159163103971307,0.08037283248846475,0.8180355364718221
25592,LOF,0.0942773319840169,0.21007756720509843,0.6956451008108846
25593,GOF,0.010887831247830656,0.5973338412836647,0.39177832746850455
25594,LOF,0.02904160183244029,0.1599858646688913,0.8109725334986684
25595,LOF,0.057915892567971444,0.11530553780314017,0.8267785696288884
25596,LOF,0.08364890534983617,0.07030036904826018,0.8460507256019036
25597,LOF,0.07482541556250456,0.026053206081564473,0.899121378355931
25598,LOF,0.040880269591810646,0.16545852847318163,0.7936612019350077
25599,LOF,0.008046070367942644,0.4775602735309491,0.5143936561011083
25600,LOF,0.010611856711138226,0.37620896487941013,0.6131791784094516
25601,LOF,0.008761967406088724,0.250777973322989,0.7404600592709223
25602,LOF,0.014054226877809797,0.05765427704850632,0.928291496073684
25603,LOF,0.04445586123646121,0.03932181862427569,0.9162223201392632
25604,LOF,0.0318622102822811,0.05920914702803424,0.9089286426896847
25605,LOF,0.01154872882949704,0.23594979941611702,0.752501471754386
25606,GOF,0.04558039529445083,0.5356514360361535,0.4187681686693955
25607,LOF,0.003596537948933989,0.11739116928529776,0.8790122927657682
25608,LOF,0.04580123833253376,0.04662197680875046,0.9075767848587158
25609,LOF,0.08008891142985054,0.2922343692730933,0.6276767192970562
25610,LOF,0.05025439906828465,0.022132388357913105,0.9276132125738022
25611,LOF,0.07043440685903105,0.015628891522614503,0.9139367016183545
25612,LOF,0.11831590780959472,0.04586315889687794,0.8358209332935274
25613,LOF,0.09934112678781647,0.03812768188852832,0.8625311913236551
25614,LOF,0.04213112769529201,0.030519562579563713,0.9273493097251443
25615,LOF,0.07580337078679068,0.041689584013021794,0.8825070452001874
25616,LOF,0.035222164969962284,0.039802125739434,0.9249757092906038
25617,LOF,0.0601272917821964,0.030216697347361956,0.9096560108704416
25618,LOF,0.25604431417461604,0.031223225674634338,0.7127324601507496
25619,LOF,0.042807569141957706,0.03406198962610552,0.9231304412319369
25620,LOF,0.0437408400888286,0.0474110897403824,0.908848070170789
25621,LOF,0.04451653942911527,0.03219004332242442,0.9232934172484603
25622,LOF,0.03241534139552441,0.0475341829103528,0.9200504756941227
25623,LOF,0.05728187475481987,0.03507102356082211,0.907647101684358
25624,LOF,0.036932280593475066,0.03703095328470765,0.9260367661218173
25625,LOF,0.04118629219544181,0.04908039023311004,0.9097333175714483
25626,LOF,0.07544368587121124,0.03453624392210008,0.8900200702066887
25627,Neutral,0.5805696141675186,0.15331398395124263,0.26611640188123875
25628,LOF,0.21541399003219994,0.08227173120905316,0.7023142787587469
25629,LOF,0.06669975190016682,0.1355920149331744,0.7977082331666587
25630,LOF,0.18458317189034185,0.11095123898378846,0.7044655891258698
25631,Neutral,0.5886995931790866,0.09919892458191414,0.3121014822389993
25632,LOF,0.01898628431557668,0.13981341691162927,0.841200298772794
25633,LOF,0.2150014678145781,0.17878220265917172,0.6062163295262502
25634,LOF,0.034163761733066574,0.18152849019711662,0.7843077480698167
25635,LOF,0.035124426886740466,0.12996775339798675,0.8349078197152727
25636,GOF,0.004584089801785988,0.559183260777429,0.43623264942078505
25637,LOF,0.0038602762577100613,0.41902402157044694,0.5771157021718429
25638,LOF,0.007099532502724125,0.3868757732148265,0.6060246942824494
25639,LOF,0.004479580280220042,0.321025200949413,0.674495218770367
25640,GOF,0.336760782167681,0.6002410728347513,0.0629981449975678
25641,LOF,0.006016760430198346,0.26302988871348587,0.7309533508563157
25642,LOF,0.2799163879282787,0.07192917187167085,0.6481544402000505
25643,LOF,0.24575321638355133,0.12503841342472402,0.6292083701917246
25644,GOF,0.016589962787044808,0.6079065557957741,0.375503481417181
25645,GOF,0.013911532864196935,0.5858806632226314,0.4002078039131716
25646,LOF,0.01338432537270209,0.366750101759724,0.619865572867574
25647,LOF,0.013227298363164781,0.29509323049397923,0.6916794711428559
25648,LOF,0.00907288100031322,0.368618585018705,0.6223085339809817
25649,LOF,0.009971585313691763,0.1767036896158877,0.8133247250704206
25650,GOF,0.03024874778929628,0.5109449700943649,0.45880628211633884
25651,LOF,0.007590254267712301,0.2316790850670242,0.7607306606652634
25652,LOF,0.013057429507815972,0.3478097748433475,0.6391327956488364
25653,GOF,0.054245295100726315,0.5302593944573802,0.4154953104418935
25654,LOF,0.009625492926844562,0.3915542398077667,0.5988202672653887
25655,GOF,0.10337056288550854,0.5119978284097676,0.38463160870472374
25656,LOF,0.09044683437208427,0.08449605332787223,0.8250571123000435
25657,LOF,0.2846649238915122,0.032273402293421294,0.6830616738150664
25658,LOF,0.03513275508891743,0.1455607852184504,0.8193064596926323
25659,LOF,0.2252545603898057,0.08385915597805328,0.6908862836321411
25660,LOF,0.10205645874206107,0.07002152341729696,0.8279220178406419
25661,LOF,0.07652293808097775,0.06544790088640443,0.8580291610326178
25662,LOF,0.04302126215455904,0.05709132754139544,0.8998874103040455
25663,LOF,0.04742375661353814,0.10758690677286101,0.8449893366136008
25664,LOF,0.030748824250123992,0.20999275177472043,0.7592584239751555
25665,LOF,0.0402314271700364,0.05439342965192757,0.905375143178036
25666,LOF,0.04112084821969476,0.21863700460881447,0.7402421471714908
25667,LOF,0.04292939388553307,0.047737793767419434,0.9093328123470474
25668,LOF,0.06364075484646255,0.052311918559771756,0.8840473265937656
25669,LOF,0.058646381356720435,0.07378832524240264,0.867565293400877
25670,LOF,0.07592232156013796,0.12117106499776188,0.8029066134421001
25671,LOF,0.056353229356499376,0.044016953342985006,0.8996298173005156
25672,LOF,0.04413938785477431,0.05928689168027766,0.8965737204649481
25673,LOF,0.03698858821283844,0.1004592332581673,0.8625521785289941
25674,LOF,0.02639751405735009,0.11839094763136675,0.8552115383112832
25675,LOF,0.03369225614974985,0.07949156929937708,0.8868161745508731
25676,LOF,0.0399667710787151,0.06016931330778004,0.8998639156135049
25677,LOF,0.1101546185554584,0.05101090307275298,0.8388344783717886
25678,LOF,0.21957377455072366,0.047897059706634396,0.7325291657426418
25679,LOF,0.13096478939871675,0.07180278255028721,0.797232428050996
25680,LOF,0.10235919796797747,0.08356785164492689,0.8140729503870956
25681,LOF,0.11315917972418649,0.07732126730674034,0.8095195529690732
25682,LOF,0.0555153303375243,0.045004243978496186,0.8994804256839795
25683,LOF,0.08730858325243251,0.09264602804600301,0.8200453887015645
25684,LOF,0.07889189436757296,0.05665724620288232,0.8644508594295448
25685,LOF,0.12462787819033762,0.06496231968136881,0.8104098021282936
25686,LOF,0.02445285802562443,0.10815897399199709,0.8673881679823785
25687,LOF,0.04690122434969101,0.11122550217519986,0.8418732734751092
25688,LOF,0.019030583639899346,0.13525306091277442,0.8457163554473262
25689,LOF,0.011835156519504493,0.07823072897795179,0.9099341145025438
25690,LOF,0.01766760080617825,0.0798722167279449,0.9024601824658769
25691,LOF,0.12245526952310225,0.13213443949056822,0.7454102909863296
25692,LOF,0.26105189695365105,0.01662928487888367,0.7223188181674653
25693,GOF,0.027665795890158593,0.48836049013943916,0.48397371397040223
25694,LOF,0.25513660950539574,0.010340707340565344,0.734522683154039
25695,LOF,0.18077154671636428,0.022347356153670433,0.7968810971299654
25696,LOF,0.08056451640329367,0.017949559272327588,0.9014859243243787
25697,LOF,0.06494851708044369,0.017394053021925624,0.9176574298976307
25698,LOF,0.01641988628526874,0.304924507758459,0.6786556059562723
25699,LOF,0.08542965704834674,0.3359222570483525,0.5786480859033007
25700,LOF,0.04616073075308284,0.026174706919982083,0.9276645623269352
25701,LOF,0.010377115385708804,0.29887041038444206,0.6907524742298491
25702,GOF,0.034388477244373765,0.5833930401447945,0.38221848261083174
25703,LOF,0.01831049123281111,0.0794006393093602,0.9022888694578287
25704,LOF,0.08550993640627826,0.046734276148129195,0.8677557874455925
25705,LOF,0.06814992221530339,0.18929595892777382,0.7425541188569228
25706,GOF,0.020824790483936644,0.6049901443512165,0.3741850651648469
25707,GOF,0.03447242341811933,0.49844915965399955,0.46707841692788105
25708,LOF,0.00868367008686889,0.48558519749599033,0.5057311324171407
25709,LOF,0.0366984459783416,0.07008832441996592,0.8932132296016926
25710,LOF,0.0064231325865888285,0.1290981958164711,0.8644786715969401
25711,LOF,0.03855999743283163,0.11732808780167095,0.8441119147654975
25712,LOF,0.009193410545817052,0.19259579975485336,0.7982107896993296
25713,LOF,0.034327877488325276,0.12309849934214696,0.8425736231695277
25714,LOF,0.03012267544704459,0.15330659997284357,0.8165707245801118
25715,LOF,0.03922147638979627,0.12756097397326957,0.8332175496369342
25716,LOF,0.006948545024350802,0.10393793555725546,0.8891135194183938
25717,LOF,0.006545139933338016,0.11107183613178356,0.8823830239348784
25718,LOF,0.03406266941646539,0.08534270432828017,0.8805946262552545
25719,LOF,0.03322728444356609,0.11654988853286571,0.8502228270235682
25720,LOF,0.030172626800943188,0.13741628282222146,0.8324110903768354
25721,LOF,0.035204230563780546,0.10954665007887139,0.8552491193573482
25722,LOF,0.02172539453582418,0.13797350028713623,0.8403011051770397
25723,LOF,0.03778998588130376,0.1161521589267223,0.8460578551919741
25724,LOF,0.05980124182575622,0.26154911883987864,0.6786496393343653
25725,LOF,0.04501466357420653,0.09037634925126954,0.864608987174524
25726,LOF,0.025329977378611843,0.11757394253939091,0.8570960800819972
25727,LOF,0.0384956127781813,0.09853599251534427,0.8629683947064745
25728,LOF,0.035512202940448004,0.11862986630364365,0.8458579307559083
25729,LOF,0.038337841551392256,0.12236529009082898,0.8392968683577788
25730,LOF,0.04428644014435031,0.08065225815444249,0.8750613017012072
25731,LOF,0.011602376373451581,0.09207234951772261,0.8963252741088258
25732,LOF,0.0253387764754213,0.05982179823179289,0.914839425292786
25733,LOF,0.041865602653303316,0.07734715510245714,0.8807872422442397
25734,LOF,0.006945496483296455,0.2592157301045143,0.7338387734121893
25735,LOF,0.03360511834002026,0.08200738369067462,0.8843874979693052
25736,LOF,0.02928476451724507,0.14143946910210922,0.8292757663806456
25737,LOF,0.046684061642065545,0.10129198535209821,0.8520239530058362
25738,LOF,0.032539317247976526,0.1838481236790488,0.7836125590729747
25739,LOF,0.031834682444350275,0.12441782003826186,0.8437474975173879
25740,LOF,0.04404428078835588,0.1276327999343274,0.8283229192773167
25741,LOF,0.047023087042108266,0.11506767462480745,0.8379092383330844
25742,LOF,0.05326547034391366,0.13054333984688804,0.8161911898091984
25743,LOF,0.01470408656879842,0.0172870827702203,0.9680088306609812
25744,LOF,0.23974715662650015,0.15437576612578957,0.6058770772477103
25745,LOF,0.04769308157254784,0.07042158423502017,0.8818853341924321
25746,LOF,0.018054721913153597,0.09972031569538505,0.8822249623914614
25747,LOF,0.0540733133325857,0.02514010620584278,0.9207865804615716
25748,LOF,0.31144165993202294,0.06580834563064956,0.6227499944373275
25749,LOF,0.018991116834675335,0.05501051091465775,0.9259983722506668
25750,LOF,0.026049965189913194,0.060868020206876185,0.9130820146032107
25751,LOF,0.049772710740993924,0.04935347333398699,0.900873815925019
25752,GOF,0.07394606733491386,0.6346118389449364,0.29144209372014973
25753,LOF,0.0071611574066805855,0.3498121630118969,0.6430266795814226
25754,GOF,0.008225674369206626,0.8677544047934932,0.12401992083730012
25755,LOF,0.0077128632262889185,0.3715006091749856,0.6207865275987254
25756,LOF,0.02135192381689607,0.4123577537390995,0.5662903224440045
25757,GOF,0.008508895168311085,0.8433935068503413,0.14809759798134753
25758,GOF,0.009284491298294813,0.9002224433113679,0.09049306539033718
25759,GOF,0.0060272527728015045,0.6622710961018646,0.33170165112533373
25760,LOF,0.00518738662238442,0.2765906570830348,0.7182219562945807
25761,GOF,0.0483508487526975,0.8855749190322556,0.066074232215047
25762,LOF,0.02345588600013148,0.3483234856473672,0.6282206283525013
25763,LOF,0.005449982547940447,0.272940383720996,0.7216096337310636
25764,GOF,0.07304767575855259,0.6716531658790494,0.2552991583623979
25765,GOF,0.009472968954511116,0.8971242201798441,0.0934028108656449
25766,GOF,0.027841440146792195,0.8511425068931694,0.1210160529600382
25767,LOF,0.015216458472374308,0.4716649827543028,0.5131185587733229
25768,LOF,0.06592572924554577,0.033381643418738116,0.9006926273357162
25769,LOF,0.02440357317221183,0.11656830869880669,0.8590281181289814
25770,LOF,0.13035897780944178,0.20822529243045684,0.6614157297601014
25771,LOF,0.0178838854853547,0.12503275131340727,0.857083363201238
25772,LOF,0.03658307986375363,0.05586761356676454,0.9075493065694819
25773,LOF,0.014031251616738844,0.12032529182923617,0.8656434565540251
25774,LOF,0.019973053316262205,0.30879418487096055,0.6712327618127772
25775,LOF,0.017759408067981725,0.055051627793102485,0.9271889641389158
25776,LOF,0.03553758221978014,0.03661906425682178,0.9278433535233982
25777,LOF,0.2421701943848498,0.19337514328712624,0.564454662328024
25778,LOF,0.023262376368190518,0.1385518018874196,0.8381858217443898
25779,GOF,0.057018395481694066,0.8294831625736795,0.11349844194462642
25780,GOF,0.07356224080946369,0.8265259634849463,0.09991179570558999
25781,GOF,0.034264633101166474,0.7862510846788358,0.17948428221999776
25782,GOF,0.03998161604839844,0.8446847538243868,0.11533363012721484
25783,GOF,0.04928645113377331,0.8533259562461887,0.09738759262003793
25784,GOF,0.10116466843780657,0.8172028901338533,0.08163244142834024
25785,GOF,0.14650627702381558,0.799634609043455,0.053859113932729505
25786,GOF,0.012977467932743318,0.7200054659046917,0.267017066162565
25787,GOF,0.31688540083843153,0.6102096180750589,0.07290498108650954
25788,LOF,0.021268438294011555,0.11455953763131956,0.8641720240746689
25789,GOF,0.019790523834266934,0.8404321058571903,0.13977737030854273
25790,GOF,0.02962665247087622,0.8293831855638232,0.14099016196530056
25791,GOF,0.031000248132698915,0.6051023415031589,0.3638974103641422
25792,GOF,0.041075555943730795,0.6827260898774954,0.27619835417877386
25793,GOF,0.056824369531047435,0.7623708742477087,0.1808047562212438
25794,GOF,0.06126578728588873,0.5957971038613032,0.3429371088528082
25795,GOF,0.05593238505264195,0.6416816489329253,0.30238596601443274
25796,GOF,0.17058896414269886,0.6604235657430808,0.16898747011422044
25797,GOF,0.0890133256683721,0.627601993945836,0.28338468038579184
25798,GOF,0.0078930288521825,0.7644660224805331,0.22764094866728432
25799,GOF,0.0051704140995042286,0.6682381876906655,0.3265913982098302
25800,GOF,0.026135599906191947,0.8337123912864617,0.14015200880734643
25801,GOF,0.02514854289893896,0.8156607299554902,0.15919072714557087
25802,GOF,0.030753760901983854,0.7327714776300039,0.23647476146801227
25803,GOF,0.024699610646498355,0.6852172190380269,0.29008317031547476
25804,GOF,0.03882281022657939,0.6953404899264766,0.26583669984694397
25805,GOF,0.03280440261653864,0.7407814927621358,0.2264141046213256
25806,GOF,0.04422988905904375,0.7541697991594971,0.20160031178145918
25807,GOF,0.01743184114846516,0.665185449954891,0.31738270889664383
25808,GOF,0.03109520325631035,0.7445057327454846,0.22439906399820503
25809,GOF,0.01602426483944856,0.6416573635801787,0.34231837158037276
25810,GOF,0.014369234358074003,0.6463289816019406,0.3393017840399853
25811,GOF,0.08307510303836951,0.8179917073422156,0.09893318961941482
25812,GOF,0.04427914345146853,0.7326237663150951,0.22309709023343632
25813,GOF,0.2259948728321539,0.6655447749305032,0.10846035223734284
25814,GOF,0.0379928197556006,0.7125444375969212,0.24946274264747825
25815,GOF,0.08073350361599947,0.7645818660911788,0.15468463029282162
25816,GOF,0.012691888235845245,0.8265049497858172,0.16080316197833747
25817,GOF,0.1322938392765141,0.6965165741498436,0.17118958657364228
25818,GOF,0.0312316961037601,0.7525850716263587,0.21618323226988131
25819,GOF,0.06023128331285897,0.6851352593133012,0.2546334573738399
25820,GOF,0.06294053221746969,0.6387152747189915,0.2983441930635388
25821,GOF,0.04187529462977413,0.6891941977762222,0.2689305075940037
25822,GOF,0.073561286189841,0.6524080263699942,0.2740306874401648
25823,GOF,0.034331118814461964,0.6506515925849617,0.3150172886005764
25824,GOF,0.033541331996646585,0.7257062946480548,0.24075237335529853
25825,GOF,0.024627331447572127,0.7214794598729883,0.2538932086794395
25826,GOF,0.01258760843021853,0.6615660929236253,0.3258462986461563
25827,GOF,0.018776721119800114,0.6763083525349134,0.30491492634528655
25828,GOF,0.012229745158637338,0.68248969636716,0.3052805584742028
25829,GOF,0.0048736770864171814,0.5883223674481993,0.4068039554653836
25830,LOF,0.05999114347376849,0.4035758027818168,0.5364330537444146
25831,GOF,0.0755262852987221,0.7809146446006573,0.14355907010062052
25832,GOF,0.009655270023477427,0.697272957888807,0.29307177208771557
25833,GOF,0.029365972579693367,0.7944986304180044,0.17613539700230216
25834,GOF,0.010016009661360062,0.72204693392406,0.26793705641458
25835,GOF,0.027752113132162227,0.8238634957443701,0.14838439112346766
25836,GOF,0.00793789686346918,0.721654612522672,0.2704074906138589
25837,GOF,0.01252297710315483,0.748173883280059,0.23930313961678623
25838,GOF,0.023446045713356456,0.8101351684677032,0.16641878581894023
25839,GOF,0.06218256644275672,0.7456932662723252,0.19212416728491807
25840,GOF,0.10444874414323253,0.7265096732311889,0.16904158262557864
25841,GOF,0.08579809036038166,0.7880431941067811,0.1261587155328372
25842,GOF,0.025845280695378947,0.8551741009148984,0.11898061838972264
25843,GOF,0.02374156050121465,0.861609285901799,0.11464915359698637
25844,GOF,0.02338233089134007,0.8127878479731523,0.16382982113550754
25845,GOF,0.007925492917328726,0.693732085340765,0.29834242174190617
25846,GOF,0.07334341715327114,0.8413089293567647,0.08534765348996408
25847,GOF,0.017909063027869543,0.8330914123375308,0.14899952463459962
25848,GOF,0.01782318549351476,0.7884819901501433,0.19369482435634194
25849,GOF,0.006735356999457116,0.7575741123538927,0.23569053064665021
25850,GOF,0.007832955241677259,0.6534001186003281,0.33876692615799464
25851,GOF,0.007101567637865076,0.5919093486628598,0.4009890836992751
25852,GOF,0.14957556033745903,0.46562039051846915,0.3848040491440719
25853,GOF,0.06829597662546495,0.7423014777002873,0.18940254567424775
25854,GOF,0.00699210053267043,0.656044423643514,0.3369634758238156
25855,GOF,0.02701475754450097,0.5434437890488949,0.42954145340660416
25856,GOF,0.05582455682282966,0.6499594100233869,0.2942160331537835
25857,GOF,0.027847066369400753,0.5336391697639152,0.438513763866684
25858,GOF,0.010395348877829214,0.5428953315951203,0.44670931952705056
25859,GOF,0.00736965968424149,0.518163268287788,0.47446707202797056
25860,GOF,0.10870116428786705,0.6546905604989672,0.2366082752131657
25861,GOF,0.10363385802857585,0.7565101436720846,0.1398559982993397
25862,GOF,0.023471629992217025,0.8768575469324827,0.09967082307530026
25863,GOF,0.02111215830517777,0.8451634933816796,0.13372434831314264
25864,GOF,0.03630777854997055,0.8775819848587426,0.08611023659128679
25865,GOF,0.03674676700086482,0.868762963864199,0.09449026913493601
25866,GOF,0.019561837563512464,0.8520902302870739,0.1283479321494138
25867,GOF,0.044837243066562144,0.8522501630946617,0.10291259383877606
25868,GOF,0.08567640707999048,0.7395844601946402,0.17473913272536937
25869,GOF,0.3570770549152743,0.5158321501489036,0.1270907949358222
25870,LOF,0.07365563432483242,0.44523202478424406,0.4811123408909235
25871,GOF,0.010362444285802743,0.7208310281307247,0.2688065275834725
25872,GOF,0.022217116917952785,0.7074460589303405,0.2703368241517067
25873,GOF,0.021422313713826822,0.8046667183699672,0.17391096791620617
25874,LOF,0.029278478256600193,0.1376280273219975,0.8330934944214023
25875,LOF,0.018908502038646153,0.17309549867008409,0.8079959992912699
25876,LOF,0.025784893606089487,0.07559108846490784,0.8986240179290027
25877,LOF,0.08370078622987807,0.28462917340033145,0.6316700403697905
25878,LOF,0.04581284231869096,0.3714976376755228,0.5826895200057862
25879,LOF,0.008955945895349126,0.23485535217758538,0.7561887019270654
25880,LOF,0.049465077534082455,0.02527167174888339,0.9252632507170342
25881,GOF,0.4087843464583912,0.417605940549849,0.17360971299175967
25882,LOF,0.03484735170157974,0.1197022400277258,0.8454504082706945
25883,LOF,0.02737926796719945,0.10282876856118724,0.8697919634716134
25884,LOF,0.01257811960684801,0.16210876587258607,0.8253131145205659
25885,LOF,0.13789733594281756,0.045641037800500585,0.8164616262566818
25886,LOF,0.22942172576304154,0.25490707949350616,0.5156711947434522
25887,GOF,0.03973810355595104,0.5497634743008754,0.4104984221431736
25888,LOF,0.004674352362757929,0.451595739553126,0.543729908084116
25889,LOF,0.01915273905267202,0.13201833114999764,0.8488289297973304
25890,LOF,0.2010048164049462,0.29417911926929297,0.5048160643257609
25891,LOF,0.09422712845424132,0.10439193882441974,0.8013809327213389
25892,LOF,0.0076230306915645325,0.04151952185502144,0.9508574474534139
25893,LOF,0.28358757643911303,0.013137485385854821,0.7032749381750322
25894,LOF,0.31705357031259457,0.009067051765860795,0.6738793779215446
25895,LOF,0.27222856588727334,0.02129038019394175,0.7064810539187849
25896,LOF,0.08987979440010598,0.04813488541038539,0.8619853201895087
25897,LOF,0.10860877815737736,0.019000177222891722,0.8723910446197309
25898,LOF,0.11863180235974279,0.04484151719276751,0.8365266804474897
25899,LOF,0.41905654425159,0.046748708110468655,0.5341947476379414
25900,Neutral,0.7546356235654433,0.01530840777205012,0.23005596866250635
25901,LOF,0.06842881457019445,0.014499290971767838,0.9170718944580377
25902,LOF,0.07911575134674108,0.012481356203741488,0.9084028924495174
25903,LOF,0.16294549064754837,0.046158039486619576,0.7908964698658321
25904,Neutral,0.493532048655262,0.11010979433311453,0.39635815701162347
25905,LOF,0.008956020209394087,0.33800358119066476,0.6530403985999412
25906,LOF,0.008536948678757279,0.04235983365906664,0.9491032176621762
25907,LOF,0.007737235918133417,0.24270399648790444,0.7495587675939621
25908,LOF,0.00790042899377373,0.2104778709642781,0.7816217000419482
25909,LOF,0.03979200834131513,0.07289575361549953,0.8873122380431853
25910,LOF,0.01657605723988961,0.10202023511320074,0.8814037076469097
25911,LOF,0.1587722547853487,0.09222833604412306,0.7489994091705282
25912,LOF,0.13022048765105415,0.02555649561114745,0.8442230167377984
25913,LOF,0.012978543773905076,0.0915300191337104,0.8954914370923844
25914,LOF,0.04065245380139469,0.027504133663344633,0.9318434125352607
25915,GOF,0.17713172056413184,0.4175529718602851,0.405315307575583
25916,LOF,0.01381936388007551,0.1864331579465084,0.7997474781734162
25917,LOF,0.06955614730570205,0.035683303658733075,0.8947605490355649
25918,LOF,0.049290330407973496,0.01835440472130945,0.9323552648707171
25919,LOF,0.040507922062831034,0.01907763989701226,0.9404144380401568
25920,LOF,0.32311726231765625,0.3381980124549304,0.33868472522741333
25921,LOF,0.022429597682280016,0.028276257828429217,0.9492941444892908
25922,LOF,0.02196108949488485,0.025626192871641775,0.9524127176334733
25923,LOF,0.4455983742757149,0.016601432029956523,0.5378001936943285
25924,LOF,0.03258431313246454,0.02459039484880737,0.9428252920187281
25925,LOF,0.12906645429303118,0.03727250539624347,0.8336610403107253
25926,LOF,0.0946448931729383,0.02703642531989592,0.8783186815071659
25927,LOF,0.02912123465741153,0.04772615650025998,0.9231526088423285
25928,LOF,0.01670768040942567,0.014541701663604722,0.9687506179269697
25929,Neutral,0.5781407381785032,0.016442384017731442,0.40541687780376534
25930,LOF,0.06435605044114731,0.01568400971625816,0.9199599398425946
25931,LOF,0.015927762131991582,0.017760990524047164,0.9663112473439613
25932,LOF,0.07661186806921398,0.012660565188185884,0.9107275667426001
25933,LOF,0.09424304449799278,0.008000886113483052,0.8977560693885241
25934,LOF,0.08189195417244574,0.009315457230104313,0.90879258859745
25935,LOF,0.11578692228677895,0.027926046657393254,0.8562870310558277
25936,LOF,0.09484454113239407,0.008786483158570287,0.8963689757090356
25937,LOF,0.017053552877208306,0.015489516411137683,0.9674569307116541
25938,LOF,0.11704068790443722,0.024691862851173238,0.8582674492443896
25939,LOF,0.06374431336715168,0.014838397022087545,0.9214172896107607
25940,GOF,0.008771670922134149,0.498529307988914,0.49269902108895175
25941,Neutral,0.4985312193377269,0.13146166651860128,0.3700071141436717
25942,LOF,0.008007850000728161,0.18263700064716776,0.8093551493521041
25943,GOF,0.029159484249256063,0.5706258001037608,0.40021471564698297
25944,LOF,0.031246726254343025,0.4714068670398464,0.4973464067058105
25945,LOF,0.12473637791826113,0.11056299786431702,0.7647006242174219
25946,LOF,0.09205031591897672,0.05688560638240042,0.8510640776986229
25947,Neutral,0.4992856358218669,0.18888059945359234,0.31183376472454066
25948,Neutral,0.4990416410345271,0.019987558445395747,0.48097080052007724
25949,LOF,0.09562337170612943,0.057762590986908426,0.846614037306962
25950,GOF,0.04430680056945357,0.74405385067439,0.21163934875615645
25951,GOF,0.013462023855223038,0.545109631798867,0.44142834434591
25952,LOF,0.11491852490310292,0.40375377624933234,0.48132769884756477
25953,LOF,0.007022108838485697,0.3970140926898866,0.5959637984716277
25954,GOF,0.04632520021719978,0.5856933539522294,0.3679814458305707
25955,LOF,0.007642690032546296,0.36891971203375656,0.6234375979336971
25956,LOF,0.010290307456841598,0.25256981914885634,0.737139873394302
25957,LOF,0.21746137284573872,0.022094836262479444,0.7604437908917818
25958,LOF,0.026604360731311668,0.05776780893374878,0.9156278303349396
25959,GOF,0.005037713441719261,0.6299179120422143,0.3650443745160666
25960,LOF,0.00490536050620255,0.11710967075708568,0.8779849687367117
25961,LOF,0.026116878207598216,0.06239195546075871,0.911491166331643
25962,LOF,0.04124893607468238,0.13073958555382106,0.8280114783714966
25963,LOF,0.009445235219907212,0.2935254422806465,0.6970293224994464
25964,LOF,0.047755005942857816,0.11752738041089818,0.834717613646244
25965,LOF,0.13889343581163843,0.21798767917568915,0.6431188850126724
25966,LOF,0.3505482413470259,0.17779003158883847,0.4716617270641357
25967,LOF,0.008834344574987349,0.05504705234182977,0.936118603083183
25968,LOF,0.05352809118115087,0.2646318428067091,0.68184006601214
25969,LOF,0.12886139816685066,0.04554823227683484,0.8255903695563144
25970,LOF,0.04483396525729607,0.17466083801605703,0.7805051967266469
25971,LOF,0.06472636348744794,0.08198499243476146,0.8532886440777906
25972,LOF,0.06302166909580209,0.10639510972289921,0.8305832211812986
25973,LOF,0.09574777076739488,0.008833938455409987,0.8954182907771951
25974,LOF,0.07237985630016616,0.057158771916711974,0.8704613717831218
25975,LOF,0.03245383674365697,0.012716334200036206,0.9548298290563068
25976,LOF,0.10169591591043081,0.010631039706545962,0.8876730443830231
25977,LOF,0.21090073117618685,0.0752700942025028,0.7138291746213103
25978,LOF,0.154994586769029,0.11278631627555151,0.7322190969554194
25979,LOF,0.12004728958995287,0.11832806687299875,0.7616246435370484
25980,LOF,0.1746143654855962,0.2282255731135116,0.5971600614008923
25981,LOF,0.1771192102288204,0.23686440021271035,0.5860163895584692
25982,LOF,0.26101460482790895,0.11787149163033386,0.6211139035417571
25983,Neutral,0.44502343020650437,0.12587082562602503,0.42910574416747055
25984,LOF,0.051512636116194915,0.2032816472465151,0.74520571663729
25985,Neutral,0.4335800246174733,0.24974286977184007,0.31667710561068646
25986,GOF,0.009104721642757652,0.5470376772397542,0.44385760111748807
25987,LOF,0.026889241119267517,0.12280508495926114,0.8503056739214714
25988,LOF,0.036025433204774714,0.29166059511082876,0.6723139716843964
25989,LOF,0.04104502884543154,0.3150999970630759,0.6438549740914925
25990,LOF,0.04013243774848902,0.4358855605948074,0.5239820016567036
25991,GOF,0.0348314324891096,0.6321407874532671,0.3330277800576233
25992,LOF,0.015108592046306256,0.3849264477214796,0.5999649602322141
25993,LOF,0.026406789692814438,0.11140206039754481,0.8621911499096407
25994,LOF,0.032637699451728265,0.1205188612199995,0.8468434393282723
25995,LOF,0.01857732521618007,0.21730159421772663,0.7641210805660932
25996,GOF,0.3806798897682623,0.4956220936255068,0.12369801660623089
25997,GOF,0.06923239585467893,0.6961986222639802,0.23456898188134084
25998,LOF,0.2495725170222928,0.043787242249653704,0.7066402407280535
25999,LOF,0.026760339115068286,0.40489987901965674,0.568339781865275
26000,LOF,0.15424845942035678,0.018887721036066698,0.8268638195435766
26001,LOF,0.13792321372679628,0.03537670429626752,0.8267000819769362
26002,LOF,0.10598384534648543,0.02782718118685535,0.8661889734666591
26003,GOF,0.00695043077947991,0.5790776891772871,0.41397188004323304
26004,GOF,0.016500319602916858,0.5596557843171444,0.42384389607993883
26005,LOF,0.005492707129262711,0.4905771063955018,0.5039301864752355
26006,GOF,0.08719934743711961,0.5753436657384834,0.33745698682439695
26007,GOF,0.008654490973024643,0.5327130219632966,0.4586324870636787
26008,GOF,0.006837555983134368,0.5896342910897169,0.40352815292714883
26009,GOF,0.012736281908507124,0.6199537695848009,0.36730994850669196
26010,GOF,0.010811947307412462,0.5168681533175763,0.4723198993750112
26011,LOF,0.006200661460899685,0.42661928490599343,0.5671800536331069
26012,GOF,0.00593877611909445,0.5336002502539445,0.46046097362696103
26013,LOF,0.012796984821011877,0.4781825323942153,0.5090204827847729
26014,LOF,0.05636692407089699,0.0809139729882235,0.8627191029408795
26015,LOF,0.3710269200431817,0.06616693573833417,0.5628061442184841
26016,LOF,0.2461020460854641,0.1671251240743353,0.5867728298402006
26017,LOF,0.014643940785278878,0.46707696632672663,0.5182790928879945
26018,LOF,0.018937059647079483,0.19249482165970302,0.7885681186932175
26019,LOF,0.019002008240971775,0.1572557423032308,0.8237422494557974
26020,LOF,0.006078190672804101,0.4183611216710564,0.5755606876561395
26021,LOF,0.0694054312973343,0.28525186376687806,0.6453427049357876
26022,LOF,0.04433255217206309,0.09131755906634512,0.8643498887615918
26023,LOF,0.03012143157470777,0.16014433607104733,0.8097342323542448
26024,LOF,0.04388694174470084,0.1996761362378666,0.7564369220174326
26025,LOF,0.1474856006178367,0.16269626582794508,0.6898181335542182
26026,LOF,0.13879871405457173,0.11918032916283973,0.7420209567825886
26027,LOF,0.029394765600792773,0.09624405262657168,0.8743611817726354
26028,LOF,0.0663445158596104,0.23785848061145434,0.6957970035289353
26029,LOF,0.038750021082204905,0.11915422044404364,0.8420957584737514
26030,LOF,0.14764983011417504,0.008913004020848365,0.8434371658649766
26031,LOF,0.018488725432727664,0.12361533820407117,0.857895936363201
26032,LOF,0.027432554530322308,0.017650214897630117,0.9549172305720475
26033,LOF,0.047637648388862475,0.037008401227968106,0.9153539503831694
26034,LOF,0.02721567120724164,0.0729271699542464,0.899857158838512
26035,LOF,0.014634265599315717,0.09195461916847465,0.8934111152322096
26036,LOF,0.01413222249102069,0.0764075061041754,0.9094602714048039
26037,LOF,0.013376585120546515,0.06995408769599003,0.9166693271834634
26038,LOF,0.023922336556199946,0.01771041601759405,0.9583672474262059
26039,LOF,0.03740504057461147,0.10707750946946994,0.8555174499559186
26040,LOF,0.06911865726725047,0.1549961255865644,0.7758852171461852
26041,LOF,0.016416293417313498,0.08908637183549921,0.8944973347471873
26042,LOF,0.015162724301049956,0.09482886873854753,0.8900084069604024
26043,LOF,0.02413297621877417,0.03748551500922729,0.9383815087719984
26044,LOF,0.009347768396684646,0.03634404737558208,0.9543081842277332
26045,LOF,0.10126473562528246,0.21614631544505805,0.6825889489296595
26046,LOF,0.023486817200674786,0.04044449985662482,0.9360686829427004
26047,LOF,0.05429563971707241,0.03335776697479298,0.9123465933081346
26048,LOF,0.08394418756699061,0.02341986059822592,0.8926359518347834
26049,Neutral,0.929328300270642,0.005911017919691865,0.06476068180966627
26050,Neutral,0.8791344993500703,0.00727359796340338,0.11359190268652646
26051,LOF,0.03220202136775477,0.27532972939749367,0.6924682492347516
26052,LOF,0.03504438823109399,0.1940048299043392,0.7709507818645668
26053,LOF,0.029539382213432514,0.06774367161731865,0.9027169461692488
26054,LOF,0.04921985437877135,0.0924276668326408,0.8583524787885879
26055,LOF,0.05028825437232381,0.08025960232054793,0.8694521433071282
26056,LOF,0.04826140083606692,0.08450242133375103,0.867236177830182
26057,LOF,0.043158522381905026,0.018811866706044775,0.9380296109120502
26058,LOF,0.0474944326492172,0.01566548571196868,0.936840081638814
26059,LOF,0.23411588943359585,0.11960438498986206,0.6462797255765421
26060,LOF,0.01938948973154506,0.24570502705425012,0.7349054832142048
26061,LOF,0.012375162956344414,0.01448295838993936,0.9731418786537162
26062,LOF,0.006489414031773862,0.021825360640095787,0.9716852253281304
26063,LOF,0.03890096205797754,0.016805185445033597,0.9442938524969887
26064,LOF,0.009047765700264759,0.016522000368645384,0.9744302339310899
26065,LOF,0.045586632022071014,0.022148207926948774,0.9322651600509803
26066,LOF,0.04016469511486742,0.0154679070973571,0.9443673977877755
26067,LOF,0.04662645929518493,0.015621072869499188,0.9377524678353159
26068,LOF,0.04533086014965145,0.059885185355283914,0.8947839544950646
26069,LOF,0.1488232685221522,0.05339029161695869,0.797786439860889
26070,LOF,0.36406562612264315,0.03338400596608086,0.602550367911276
26071,LOF,0.04219659601218161,0.020356737565371798,0.9374466664224466
26072,LOF,0.0071527866124302415,0.026845725467752317,0.9660014879198174
26073,LOF,0.04459955271167968,0.01609847388624781,0.9393019734020726
26074,Neutral,0.6937855532714001,0.02669858602297518,0.2795158607056247
26075,LOF,0.03376863005600463,0.04458503546186577,0.9216463344821296
26076,LOF,0.04991576444397443,0.022023909100984226,0.9280603264550413
26077,LOF,0.1773035502760807,0.02076263821842295,0.8019338115054965
26078,LOF,0.006905700980988312,0.028123772853700584,0.964970526165311
26079,LOF,0.04956592432586676,0.045464605944288826,0.9049694697298444
26080,LOF,0.04807128159058681,0.0457436383954214,0.9061850800139918
26081,LOF,0.043017401332065365,0.016079202509502368,0.9409033961584323
26082,LOF,0.007815194477332978,0.022789551686892243,0.9693952538357749
26083,LOF,0.04139710404211215,0.044257875784404425,0.9143450201734835
26084,LOF,0.05734044933282787,0.021561425286121795,0.9210981253810503
26085,LOF,0.05169399178452023,0.019243641272331528,0.9290623669431483
26086,LOF,0.03371234334736537,0.026162862811085978,0.9401247938415486
26087,LOF,0.04271574051034289,0.02169514527267405,0.9355891142169831
26088,LOF,0.007282257808630979,0.04571872622822076,0.9469990159631483
26089,LOF,0.031041832271010917,0.06369410714111282,0.9052640605878762
26090,LOF,0.0306330077637039,0.05470572673797224,0.9146612654983238
26091,LOF,0.03641153909050925,0.018232698415175413,0.9453557624943153
26092,LOF,0.04418644487740842,0.015846619506154513,0.9399669356164372
26093,LOF,0.06825303922531696,0.011105130304443914,0.9206418304702392
26094,LOF,0.04085163660698075,0.016630368748250895,0.9425179946447684
26095,LOF,0.01186474061451031,0.03476971367206651,0.9533655457134232
26096,LOF,0.30346231343380736,0.005671305945736001,0.6908663806204566
26097,LOF,0.007036417740998142,0.06504031253275082,0.9279232697262509
26098,LOF,0.05456235011804327,0.0456491072631441,0.8997885426188126
26099,LOF,0.04318796502011145,0.052312395414473925,0.9044996395654147
26100,LOF,0.04318796502011145,0.052312395414473925,0.9044996395654147
26101,LOF,0.04393667560167971,0.06864229736910085,0.8874210270292195
26102,LOF,0.037701453023304805,0.02641806597208574,0.9358804810046094
26103,Neutral,0.8597795024107573,0.05438155306801991,0.0858389445212228
26104,LOF,0.03900370317252155,0.1233475219621856,0.837648774865293
26105,LOF,0.20230275849351848,0.2797381757748198,0.5179590657316618
26106,LOF,0.24592722979965964,0.1800663354991122,0.5740064347012281
26107,LOF,0.013519530088176189,0.20188555501536315,0.7845949148964606
26108,LOF,0.15003389063494327,0.21786752190376377,0.632098587461293
26109,LOF,0.05306914248497742,0.030104008431591844,0.9168268490834307
26110,Neutral,0.5297976828003429,0.029718465230434442,0.44048385196922274
26111,LOF,0.0533202933336182,0.21416954783342415,0.7325101588329578
26112,LOF,0.06262496687511016,0.028766282509219046,0.9086087506156708
26113,LOF,0.05844277792111452,0.050347927194466194,0.8912092948844191
26114,LOF,0.10395331375997377,0.02206073128988634,0.87398595495014
26115,LOF,0.01954481375169113,0.16249342544442322,0.8179617608038856
26116,LOF,0.06214673955510712,0.061666165849319214,0.8761870945955736
26117,LOF,0.29104606765127766,0.06487489041882559,0.6440790419298967
26118,LOF,0.03875535613679056,0.025780819344618587,0.935463824518591
26119,LOF,0.005527292225907723,0.09801890667516357,0.8964538010989287
26120,LOF,0.02903964461029033,0.023162046418100758,0.947798308971609
26121,LOF,0.0038093815300231267,0.12334403302391181,0.8728465854460651
26122,LOF,0.004554435148482214,0.09858885701952137,0.8968567078319964
