feature0,prediction,LoGoFunc_Neutral,LoGoFunc_GOF,LoGoFunc_LOF
25546,Neutral,0.6653536691772554,0.04189313696560869,0.29275319385713594
25547,Neutral,0.5592877087344891,0.07576592613711905,0.36494636512839185
25548,Neutral,0.5252738701415893,0.055566473049752714,0.41915965680865797
25549,Neutral,0.48512606328113744,0.0554700696058954,0.45940386711296716
25550,LOF,0.37955701813950443,0.11830714864787113,0.5021358332126244
25551,LOF,0.3094009835249191,0.11671263343432751,0.5738863830407533
25552,LOF,0.18321197175198334,0.12650087156537268,0.6902871566826441
25553,Neutral,0.8272883432500541,0.030973592800861035,0.14173806394908486
25554,LOF,0.2227332248714374,0.12343962470868719,0.6538271504198754
25555,LOF,0.17817125312083817,0.11531847064301028,0.7065102762361515
25556,Neutral,0.5283844293830895,0.07685462355967888,0.3947609470572315
25557,LOF,0.17091293576948752,0.11928420926650159,0.7098028549640109
25558,LOF,0.21822717835452016,0.12916930413574776,0.6526035175097321
25559,LOF,0.36547992382921596,0.07299586976454055,0.5615242064062436
25560,LOF,0.04735889679219526,0.2244200811050345,0.7282210221027702
25561,LOF,0.08942952121891844,0.25734313451005797,0.6532273442710237
25562,LOF,0.10827026890358901,0.11511503573003713,0.7766146953663738
25563,LOF,0.10299764288638366,0.13108376929511195,0.7659185878185043
25564,LOF,0.1240722167955008,0.2652970479837417,0.6106307352207574
25565,LOF,0.1278029773288219,0.22065138721310526,0.6515456354580729
25566,GOF,0.015263104476884988,0.7468602110951711,0.23787668442794396
25567,LOF,0.012771328638855118,0.12361568576536912,0.8636129855957758
25568,LOF,0.05223299076185143,0.06691260069647234,0.8808544085416762
25569,LOF,0.06366323660573654,0.06599958145122911,0.8703371819430344
25570,LOF,0.06497297330619654,0.09510987688503766,0.8399171498087659
25571,LOF,0.06398913475333777,0.08519622887111561,0.8508146363755467
25572,LOF,0.06669884540695212,0.13461331779659141,0.7986878367964564
25573,LOF,0.030176367696512118,0.08251364332951003,0.8873099889739778
25574,LOF,0.019044243305106064,0.1380620102734812,0.8428937464214128
25575,LOF,0.055329353707021287,0.08818578943439748,0.8564848568585812
25576,LOF,0.020089460265697745,0.1042660861709741,0.8756444535633282
25577,LOF,0.014635311942860104,0.1415084352926646,0.8438562527644752
25578,LOF,0.25225538384440777,0.07772579502453844,0.6700188211310538
25579,LOF,0.25417678542129474,0.07722944271642643,0.6685937718622788
25580,LOF,0.03748433352688996,0.08422119325279033,0.8782944732203197
25581,LOF,0.054192039176915105,0.06783924634705292,0.8779687144760321
25582,LOF,0.05403751040993727,0.06526180754704348,0.8807006820430193
25583,LOF,0.045316528849028724,0.08419228884311021,0.8704911823078612
25584,Neutral,0.46283099654389653,0.07965220011816317,0.45751680333794026
25585,LOF,0.03460704468747041,0.10235298167145634,0.8630399736410733
25586,LOF,0.04270458390564498,0.06983274600239149,0.8874626700919636
25587,LOF,0.03668891373373946,0.06409308781479407,0.8992179984514665
25588,LOF,0.03858912097370739,0.08629889650502184,0.8751119825212709
25589,Neutral,0.5865064573299689,0.08659942159800005,0.32689412107203103
25590,LOF,0.03049504409439412,0.11995779892353065,0.8495471569820752
25591,LOF,0.11921720513626491,0.053120128494472216,0.8276626663692629
25592,LOF,0.12086754231926362,0.11118549735327309,0.7679469603274632
25593,LOF,0.01725942975858139,0.2137786048769095,0.7689619653645091
25594,LOF,0.03729543984415727,0.131369421260011,0.8313351388958317
25595,LOF,0.07011433424659858,0.09364094740944683,0.8362447183439546
25596,LOF,0.07874794836563902,0.07837803233279068,0.8428740193015704
25597,LOF,0.07392507033891343,0.04296229027474363,0.8831126393863429
25598,LOF,0.049405825371285156,0.13076640386044308,0.8198277707682717
25599,GOF,0.006682242553801448,0.6698936158968188,0.32342414154937976
25600,GOF,0.007533157145566195,0.5643259901327969,0.4281408527216369
25601,LOF,0.006684080242601659,0.4327173121559193,0.5605986076014791
25602,LOF,0.016157619720654735,0.06822330586980126,0.915619074409544
25603,LOF,0.04093086331033032,0.03349871430378558,0.925570422385884
25604,LOF,0.038997292802042074,0.06874010368801511,0.8922626035099429
25605,LOF,0.011086275589144157,0.21980479635265313,0.7691089280582026
25606,GOF,0.057281845584671365,0.5343393139454123,0.40837884046991624
25607,LOF,0.003779358797242617,0.14552820056099078,0.8506924406417666
25608,LOF,0.04782302019477429,0.04285941997815623,0.9093175598270694
25609,LOF,0.054948253567468505,0.28425760354816954,0.6607941428843619
25610,LOF,0.04904317182096559,0.04078755579239567,0.9101692723866388
25611,LOF,0.05584804353237756,0.03451230899179288,0.9096396474758296
25612,LOF,0.12352981060758869,0.07538196380527418,0.8010882255871371
25613,LOF,0.10491394447234813,0.06606914888528415,0.8290169066423677
25614,LOF,0.040489741969831024,0.04836435226258083,0.911145905767588
25615,LOF,0.08757338578767822,0.05605701576216593,0.8563695984501557
25616,LOF,0.04039996062076959,0.05400539624716488,0.9055946431320655
25617,LOF,0.041579054366831195,0.056337834901186795,0.9020831107319821
25618,LOF,0.26488014789566966,0.05252620035484017,0.6825936517494902
25619,LOF,0.04155707953430969,0.04648418557611805,0.9119587348895722
25620,LOF,0.03934433605381464,0.05546254522758111,0.9051931187186042
25621,LOF,0.04240291705242931,0.04595035203938546,0.9116467309081852
25622,LOF,0.03361231381490667,0.06870786319059038,0.8976798229945029
25623,LOF,0.057296030614899324,0.053226591880359844,0.8894773775047409
25624,LOF,0.03332266345859799,0.05989853784354343,0.9067787986978586
25625,LOF,0.04141386273132395,0.0731927581955772,0.8853933790730988
25626,LOF,0.078573807364203,0.057262449355248275,0.8641637432805488
25627,Neutral,0.5531786307889963,0.09922571091038072,0.34759565830062306
25628,LOF,0.2114823649741309,0.04772353311157802,0.7407941019142911
25629,LOF,0.0834677489629629,0.12292048108032427,0.7936117699567129
25630,LOF,0.19490073879905992,0.07941574258365204,0.725683518617288
25631,Neutral,0.5902586847784831,0.05276353898444348,0.3569777762370734
25632,LOF,0.020845954777022207,0.09494809926365784,0.88420594595932
25633,LOF,0.21406356180396463,0.1151235970733295,0.6708128411227059
25634,LOF,0.036295046260058056,0.11412893619128807,0.8495760175486539
25635,LOF,0.03587099696355463,0.09783367649343899,0.8662953265430063
25636,GOF,0.005808539855300523,0.6623400974308513,0.33185136271384824
25637,GOF,0.004101354699088588,0.5387762891260309,0.4571223561748805
25638,LOF,0.007861905731325128,0.47713535598543305,0.5150027382832418
25639,LOF,0.004658788110554033,0.45164703299545045,0.5436941788939954
25640,GOF,0.41319937877081164,0.5262124638336906,0.06058815739549777
25641,LOF,0.005418388267729393,0.3720298403671966,0.622551771365074
25642,LOF,0.24990343276159727,0.12476847739173859,0.6253280898466641
25643,LOF,0.26586453703918156,0.27409678515048114,0.46003867781033736
25644,GOF,0.013609199761462359,0.7167061766085705,0.26968462362996726
25645,GOF,0.010612545370732054,0.6485255371531446,0.3408619174761234
25646,LOF,0.011313483431264745,0.45290732748251916,0.5357791890862161
25647,LOF,0.01012040119935194,0.3367619530806692,0.6531176457199788
25648,LOF,0.007830886127638385,0.40335379500681195,0.5888153188655497
25649,LOF,0.008185952916595988,0.27324855113137153,0.7185654959520325
25650,GOF,0.023877937425084216,0.638330434443325,0.33779162813159086
25651,LOF,0.006157065816135169,0.3142760807770827,0.6795668534067821
25652,LOF,0.01074416185873583,0.41524715823771413,0.5740086799035502
25653,GOF,0.04419858368089927,0.6012906114891686,0.3545108048299321
25654,LOF,0.008372431148619245,0.38643809063077883,0.605189478220602
25655,GOF,0.062273743869725305,0.5715684630923362,0.3661577930379385
25656,LOF,0.05668082292436188,0.0926904885666023,0.850628688509036
25657,LOF,0.29263901526704056,0.04517116495226806,0.6621898197806912
25658,LOF,0.030683753265652834,0.16474755933953614,0.8045686873948109
25659,LOF,0.21972021310583933,0.08143838439680011,0.6988414024973606
25660,LOF,0.09998996924540969,0.11332002479421728,0.7866900059603731
25661,LOF,0.07923863251057688,0.075049279314576,0.8457120881748471
25662,LOF,0.03965530516842213,0.06655897178993993,0.8937857230416381
25663,LOF,0.04502693540592287,0.11577316870670899,0.8391998958873681
25664,LOF,0.02991693187644756,0.1451293906264199,0.8249536774971324
25665,LOF,0.04287625305939766,0.07209458512221528,0.8850291618183871
25666,LOF,0.045702803195630824,0.17823749128677216,0.776059705517597
25667,LOF,0.03815274842340564,0.06408577963979012,0.8977614719368043
25668,LOF,0.05273117399650229,0.06604495135044809,0.8812238746530496
25669,LOF,0.0504480590185727,0.10340682136148036,0.8461451196199469
25670,LOF,0.08012592232412113,0.09375384628346908,0.8261202313924096
25671,LOF,0.04610605858566468,0.05549740185271074,0.8983965395616246
25672,LOF,0.048492389044936336,0.08377318453870908,0.8677344264163546
25673,LOF,0.0385156361294739,0.08295318428649458,0.8785311795840316
25674,LOF,0.02647398940316375,0.09947395296300039,0.8740520576338359
25675,LOF,0.03564811099393534,0.08016513196825455,0.8841867570378101
25676,LOF,0.037527535738906846,0.07480566669925612,0.887666797561837
25677,LOF,0.08107490346474694,0.06505414683832199,0.8538709496969311
25678,LOF,0.1409675434244651,0.055438944957972185,0.8035935116175627
25679,LOF,0.12593236152648196,0.06474370865510332,0.8093239298184148
25680,LOF,0.08783263521146584,0.10025331084745842,0.8119140539410757
25681,LOF,0.1020318127063051,0.0939136743888871,0.8040545129048079
25682,LOF,0.053211554425314875,0.06679120254450945,0.8799972430301758
25683,LOF,0.08226793888661038,0.08575745628409441,0.8319746048292952
25684,LOF,0.06183971495341572,0.07305231169652196,0.8651079733500624
25685,LOF,0.14281421506764438,0.04827279648086478,0.808912988451491
25686,LOF,0.031912440403027084,0.10155020718486359,0.8665373524121093
25687,LOF,0.06610053690054415,0.09425432685022699,0.839645136249229
25688,LOF,0.01693164551771239,0.06963366289387748,0.9134346915884101
25689,LOF,0.015925623453192636,0.05140556216844013,0.9326688143783672
25690,LOF,0.01594422598727371,0.05195998203416369,0.9320957919785627
25691,LOF,0.09956445795628968,0.07989720320070706,0.8205383388430032
25692,LOF,0.17398069900439142,0.014680795468913514,0.8113385055266951
25693,LOF,0.03565283058777158,0.26578452472233155,0.6985626446898969
25694,LOF,0.23497255702540887,0.014483964324330162,0.7505434786502609
25695,LOF,0.17966010114284892,0.03098732543559009,0.7893525734215611
25696,LOF,0.07133629585483765,0.02678866953808111,0.9018750346070813
25697,LOF,0.15959774016795483,0.03909583521239269,0.8013064246196524
25698,LOF,0.01586651582144738,0.40437978668500474,0.5797536974935479
25699,LOF,0.09832190902776522,0.09745000762698688,0.8042280833452479
25700,LOF,0.0345211569116586,0.017997645386884382,0.9474811977014571
25701,LOF,0.01573945687227983,0.1209474731486337,0.8633130699790864
25702,GOF,0.022445769261891263,0.7964474379902163,0.18110679274789246
25703,LOF,0.014426644472267687,0.31916344107275946,0.6664099144549729
25704,LOF,0.08321944865126811,0.25414637011642294,0.662634181232309
25705,LOF,0.07866902117657945,0.29463866731897626,0.6266923115044444
25706,GOF,0.0170669807543919,0.658218403331806,0.3247146159138021
25707,GOF,0.023646142238041564,0.5553182127718157,0.4210356449901427
25708,GOF,0.007065522293247947,0.5489661996257895,0.4439682780809625
25709,LOF,0.028482035765523668,0.09016513196561839,0.881352832268858
25710,LOF,0.0060565059007365975,0.1838231040919577,0.8101203900073056
25711,LOF,0.02750751955855378,0.1583221246551322,0.814170355786314
25712,LOF,0.008315290054628213,0.24797773179108093,0.7437069781542908
25713,LOF,0.02829954405743437,0.13679968054463265,0.8349007753979331
25714,LOF,0.025809543844410258,0.18205712497270113,0.7921333311828885
25715,LOF,0.03155583189667926,0.15377046046046283,0.814673707642858
25716,LOF,0.006077438130655528,0.1935197875187228,0.8004027743506217
25717,LOF,0.005946308171207192,0.17574046742934626,0.8183132243994465
25718,LOF,0.027940171883901677,0.1079999097580873,0.8640599183580109
25719,LOF,0.03836296575379742,0.1608525543282731,0.8007844799179294
25720,LOF,0.040332644242953485,0.14295660670962598,0.8167107490474205
25721,LOF,0.02760415080327037,0.12560406971791102,0.8467917794788186
25722,LOF,0.019846958407808143,0.17655364792491965,0.8035993936672722
25723,LOF,0.030702788157288895,0.1425678100373139,0.8267294018053971
25724,LOF,0.028384884653285567,0.26327476009281076,0.7083403552539036
25725,LOF,0.030989395888960013,0.12157590455794323,0.8474346995530968
25726,LOF,0.021685993817930516,0.16367315726366674,0.8146408489184028
25727,LOF,0.028901184964647934,0.15213014931278407,0.8189686657225679
25728,LOF,0.027501969809407358,0.15775181139958114,0.8147462187910115
25729,LOF,0.026752358597724433,0.17387619052222675,0.7993714508800489
25730,LOF,0.03230878821886763,0.11056295463199041,0.857128257149142
25731,LOF,0.009660614301565324,0.171239580445007,0.8190998052534276
25732,LOF,0.021975485354515073,0.12700239071435682,0.8510221239311281
25733,LOF,0.037379720153565665,0.12034396316810281,0.8422763166783315
25734,LOF,0.006621021118079631,0.3039300829857959,0.6894488958961245
25735,LOF,0.027234489341328695,0.10248651459161881,0.8702789960670526
25736,LOF,0.02456403370760892,0.19310902871188476,0.7823269375805063
25737,LOF,0.06230235690942117,0.15859031067705687,0.779107332413522
25738,LOF,0.02535727488219923,0.20753130689561095,0.7671114182221898
25739,LOF,0.028406386007734177,0.1334441127152317,0.8381495012770341
25740,LOF,0.034359637431806866,0.15988820554266597,0.8057521570255272
25741,LOF,0.040283941349985475,0.13808228589238492,0.8216337727576295
25742,LOF,0.053122176494759636,0.1485161313326877,0.7983616921725526
25743,LOF,0.011718460719932324,0.020656620356239438,0.9676249189238283
25744,LOF,0.19635711297733494,0.1668501434477885,0.6367927435748765
25745,LOF,0.033942239226142513,0.05253817138461694,0.9135195893892406
25746,LOF,0.013893066872145384,0.07180136354900864,0.9143055695788459
25747,LOF,0.042775298426854326,0.02397430646402476,0.9332503951091209
25748,LOF,0.29750868117052426,0.04215053876187683,0.6603407800675989
25749,LOF,0.015880716263151247,0.04888263259645768,0.9352366511403911
25750,LOF,0.020205828462773148,0.05340328784875311,0.9263908836884737
25751,LOF,0.04141889410945526,0.03258471244058782,0.9259963934499569
25752,GOF,0.077299964345559,0.7317892289701708,0.19091080668427016
25753,GOF,0.007947923958081585,0.5008945232354195,0.49115755280649886
25754,GOF,0.007549887642945449,0.911829909731377,0.08062020262567757
25755,LOF,0.0073561502997385834,0.4908750350527151,0.5017688146475463
25756,GOF,0.023384645767252812,0.5166608095152699,0.4599545447174772
25757,GOF,0.008231370755230524,0.8880358720080715,0.10373275723669802
25758,GOF,0.008280676964134018,0.9053419807973067,0.08637734223855935
25759,GOF,0.005627239509088082,0.715371417702805,0.2790013427881069
25760,LOF,0.006506542868044311,0.3775136066553198,0.615979850476636
25761,GOF,0.04452367758419578,0.8686906889456683,0.08678563347013599
25762,LOF,0.025606649075264953,0.4449963885274041,0.5293969623973309
25763,LOF,0.006500201586999516,0.35722984199763747,0.636269956415363
25764,GOF,0.06124428530279687,0.7310184148981752,0.20773729979902794
25765,GOF,0.008435190346087513,0.903592734331597,0.08797207532231552
25766,GOF,0.02646610088141702,0.850233138837943,0.12330076028063998
25767,GOF,0.018213173339136947,0.5165663682010774,0.46522045845978566
25768,LOF,0.05675101681834742,0.04939659255746196,0.8938523906241906
25769,LOF,0.038744300234820485,0.07691590358639225,0.8843397961787872
25770,LOF,0.14028869685088885,0.09935004419274654,0.7603612589563646
25771,LOF,0.019520125462949123,0.08485149151468671,0.8956283830223641
25772,LOF,0.031844172968225865,0.03137219321977636,0.9367836338119978
25773,LOF,0.015154345760473606,0.07742606843189315,0.9074195858076332
25774,LOF,0.02825641784844454,0.13837824360568585,0.8333653385458696
25775,LOF,0.019223209980562178,0.04834679989246807,0.9324299901269697
25776,LOF,0.030326460615850964,0.02110274595164157,0.9485707934325075
25777,LOF,0.3112355184629931,0.0704112220323398,0.6183532595046671
25778,LOF,0.027644435189575,0.06287647463857719,0.9094790901718477
25779,GOF,0.06107584454948464,0.8707494311560957,0.06817472429441958
25780,GOF,0.07440363969864731,0.8648166112697683,0.06077974903158436
25781,GOF,0.031580762386397176,0.8331830454012152,0.1352361922123876
25782,GOF,0.03740121876582367,0.8922031999036059,0.07039558133057035
25783,GOF,0.03731587291611293,0.9061430265526187,0.0565411005312685
25784,GOF,0.13019250515110933,0.8216546308580918,0.04815286399079898
25785,GOF,0.11872266872725931,0.8423560172681488,0.03892131400459207
25786,GOF,0.009982070221820785,0.857856362519758,0.13216156725842124
25787,GOF,0.2614273295014788,0.6860715967467028,0.05250107375181835
25788,LOF,0.017107208731255256,0.20710986772549259,0.7757829235432522
25789,GOF,0.019151353057709455,0.8363978263014566,0.14445082064083378
25790,GOF,0.0310691893045048,0.8815849467992074,0.08734586389628766
25791,GOF,0.027705215209817457,0.7627687287238745,0.20952605606630806
25792,GOF,0.03327346482212214,0.8039780441119344,0.1627484910659434
25793,GOF,0.04336795686650876,0.8112646267782807,0.14536741635521067
25794,GOF,0.04577959847910904,0.7320616049816253,0.22215879653926573
25795,GOF,0.05386038421325268,0.7430677811234628,0.20307183466328438
25796,GOF,0.1382219899645448,0.7760938635597396,0.08568414647571569
25797,GOF,0.0677970424455832,0.7164818953934832,0.21572106216093376
25798,GOF,0.006815600148135077,0.7797530400842433,0.21343135976762165
25799,GOF,0.004863070704969987,0.6899461072546246,0.30519082204040554
25800,GOF,0.027867331730695426,0.8387602195331462,0.1333724487361583
25801,GOF,0.027191008802708104,0.8917780102763201,0.08103098092097169
25802,GOF,0.029522248631313208,0.7965622500583339,0.17391550131035285
25803,GOF,0.021413119694732734,0.7108485872964301,0.2677382930088371
25804,GOF,0.034634968745212685,0.7748701926964657,0.1904948385583215
25805,GOF,0.03109818432673324,0.8073616119384338,0.161540203734833
25806,GOF,0.04081034067497035,0.810456626790557,0.1487330325344726
25807,GOF,0.01587299680872936,0.7576590247834327,0.22646797840783797
25808,GOF,0.025889335465494653,0.7817802274723367,0.19233043706216862
25809,GOF,0.013195896368595122,0.7199849745046311,0.2668191291267739
25810,GOF,0.011542377854869314,0.7135040151204673,0.27495360702466337
25811,GOF,0.07187003130440965,0.856126402282044,0.07200356641354635
25812,GOF,0.03255318456664398,0.7706785252736934,0.19676829015966266
25813,GOF,0.18104310585516306,0.7439019751640721,0.07505491898076495
25814,GOF,0.03008160665625878,0.7688450721597497,0.20107332118399132
25815,GOF,0.06218616330605757,0.8101545507200928,0.12765928597384976
25816,GOF,0.009428484198136303,0.8531513554729718,0.1374201603288919
25817,GOF,0.1159550179257227,0.7558580651385043,0.1281869169357731
25818,GOF,0.03003504079840599,0.7885733812201895,0.18139157798140448
25819,GOF,0.05297016931431998,0.767602843391206,0.17942698729447396
25820,GOF,0.05436617516419289,0.7462824704442582,0.19935135439154886
25821,GOF,0.039101629431854024,0.7828258548558357,0.17807251571231025
25822,GOF,0.06141423978003359,0.7644622735909706,0.1741234866289958
25823,GOF,0.031163028715979018,0.7208829009881755,0.24795407029584535
25824,GOF,0.03163977276582694,0.7763782370122904,0.19198199022188278
25825,GOF,0.024620813276239734,0.773831158624809,0.20154802809895134
25826,GOF,0.011581132494846083,0.7353699606052075,0.25304890689994647
25827,GOF,0.01671921100815446,0.7181425756166824,0.2651382133751631
25828,GOF,0.010389708164664538,0.7575706554948802,0.2320396363404552
25829,GOF,0.004351863692820333,0.6715329221579276,0.3241152141492522
25830,GOF,0.0424921822815314,0.5483025197608846,0.409205297957584
25831,GOF,0.0699658537984928,0.8007518886405515,0.12928225756095577
25832,GOF,0.010311874887103138,0.7418024637603013,0.24788566135259543
25833,GOF,0.036773103199695484,0.8057178925878324,0.15750900421247213
25834,GOF,0.010454529867852447,0.7571464234899218,0.23239904664222572
25835,GOF,0.025602771567309147,0.8247553342072008,0.14964189422548999
25836,GOF,0.007195046158540995,0.75515015149909,0.23765480234236908
25837,GOF,0.00872845334299063,0.7672312039419319,0.22404034271507733
25838,GOF,0.020105911274176665,0.8286007264320069,0.15129336229381657
25839,GOF,0.04543255698967876,0.7914208378366444,0.1631466051736768
25840,GOF,0.08298313180074314,0.7651912754607378,0.15182559273851906
25841,GOF,0.0751950910303538,0.8024255814935765,0.12237932747606982
25842,GOF,0.027912035880800424,0.873343043726203,0.09874492039299668
25843,GOF,0.026925260362793323,0.874501277189894,0.09857346244731256
25844,GOF,0.02076274611371032,0.815307570254128,0.16392968363216165
25845,GOF,0.006855740083715782,0.7279959920146903,0.26514826790159396
25846,GOF,0.07042246034267037,0.8405511899240878,0.08902634973324178
25847,GOF,0.015219301123461815,0.8715401198503703,0.1132405790261679
25848,GOF,0.02230325290052222,0.8153749082772406,0.16232183882223733
25849,GOF,0.006963905322746567,0.7840410677053498,0.20899502697190372
25850,GOF,0.006477999757900389,0.6990904406727012,0.29443155956939826
25851,GOF,0.005935721016921742,0.6466641881733195,0.3474000908097587
25852,GOF,0.13656854051178113,0.5956926628212754,0.26773879666694345
25853,GOF,0.0615734370104387,0.7909760278162287,0.14745053517333248
25854,GOF,0.0062031381142483724,0.7162596231260018,0.2775372387597499
25855,GOF,0.02333840901658152,0.646843900641007,0.32981769034241143
25856,GOF,0.04634113575425894,0.7356012839338113,0.21805758031192973
25857,GOF,0.022476030392672295,0.6406408664927041,0.33688310311462355
25858,GOF,0.00892095542232476,0.621154669471933,0.36992437510574233
25859,GOF,0.006740226844297209,0.5963270608321805,0.3969327123235224
25860,GOF,0.08840430408488606,0.7481666107814036,0.16342908513371043
25861,GOF,0.12074658177330613,0.7926833461679905,0.0865700720587033
25862,GOF,0.024486223537104872,0.8908629781893268,0.0846507982735683
25863,GOF,0.021261292165677292,0.865790494639024,0.11294821319529874
25864,GOF,0.03861093862486184,0.8704367507719178,0.09095231060322044
25865,GOF,0.0369765800631818,0.8479099483282194,0.11511347160859885
25866,GOF,0.01985308620440827,0.8542880385896096,0.12585887520598207
25867,GOF,0.04447619524532599,0.853787636941794,0.10173616781287986
25868,GOF,0.06537093585059528,0.793006937613081,0.1416221265363235
25869,GOF,0.3029525950148945,0.5949205319131322,0.10212687307197331
25870,GOF,0.06116650516293662,0.5788575880675929,0.35997590676947044
25871,GOF,0.008702457875487396,0.8113017231674915,0.17999581895702113
25872,GOF,0.022998684842675567,0.7961000905587785,0.18090122459854585
25873,GOF,0.020374658828843276,0.874267952567784,0.10535738860337272
25874,LOF,0.017791215834189928,0.21146942560699025,0.7707393585588198
25875,LOF,0.023656753742786082,0.12043153353196631,0.8559117127252475
25876,LOF,0.025524698554390636,0.06337003824136575,0.9111052632042436
25877,LOF,0.11194672106767377,0.20895480299889752,0.6790984759334288
25878,LOF,0.06701794538198368,0.2988448270049945,0.6341372276130218
25879,LOF,0.012085908353959613,0.178051674908674,0.8098624167373664
25880,LOF,0.07412301597779908,0.021631565321330048,0.9042454187008708
25881,Neutral,0.5553836465476159,0.11278326769369451,0.3318330857586896
25882,LOF,0.05208789497329333,0.029448422664221173,0.9184636823624855
25883,LOF,0.02964406323589293,0.02579044875565433,0.9445654880084526
25884,LOF,0.018472407617005172,0.03779901780380642,0.9437285745791884
25885,LOF,0.15601093997756693,0.015530671001466172,0.8284583890209669
25886,LOF,0.2613273999269429,0.05072586321638162,0.6879467368566754
25887,LOF,0.08216558713548933,0.17291699742697586,0.7449174154375349
25888,LOF,0.007761484838263579,0.1974982388563109,0.7947402763054254
25889,LOF,0.0269851807351461,0.03221613856525939,0.9407986806995945
25890,LOF,0.17422679184389006,0.06815115769453749,0.7576220504615724
25891,LOF,0.1010538731225734,0.04361124647910052,0.8553348803983261
25892,LOF,0.008831232867891533,0.03257571781006564,0.9585930493220428
25893,LOF,0.30307437217248445,0.01072839154328279,0.6861972362842327
25894,LOF,0.35448918539867535,0.007160126332758424,0.6383506882685662
25895,LOF,0.28111684578322976,0.013966857505450155,0.7049162967113201
25896,LOF,0.097034298791573,0.026088639262954464,0.8768770619454724
25897,LOF,0.13015545761836453,0.01112097402931616,0.8587235683523193
25898,LOF,0.14232404980167693,0.026564009831796034,0.8311119403665271
25899,LOF,0.4153223494435651,0.03148993081689461,0.5531877197395403
25900,Neutral,0.6914004735597009,0.011794585093610567,0.29680494134668867
25901,LOF,0.0974604733953708,0.01463749743139751,0.8879020291732316
25902,LOF,0.09973651438046455,0.013906435667984995,0.8863570499515505
25903,LOF,0.18841996845255024,0.028766379725120476,0.7828136518223293
25904,Neutral,0.5448571188179628,0.0496074691301459,0.40553541205189114
25905,LOF,0.006948344562839478,0.4105748179523569,0.5824768374848036
25906,LOF,0.008870911540047169,0.06695276172794186,0.924176326732011
25907,LOF,0.008397672281761272,0.27201366054391035,0.7195886671743283
25908,LOF,0.007853212641293347,0.25966131865688874,0.732485468701818
25909,LOF,0.03246643007025242,0.09906102635089864,0.868472543578849
25910,LOF,0.015623177297576164,0.10702184121771383,0.87735498148471
25911,LOF,0.1862691288096712,0.02271437766209581,0.7910164935282329
25912,LOF,0.1381549520968235,0.021411420806708763,0.8404336270964677
25913,LOF,0.019350945669870338,0.02706562610689744,0.9535834282232323
25914,LOF,0.05354390371982769,0.022576494864226474,0.9238796014159459
25915,LOF,0.24124900507174837,0.224723598741677,0.5340273961865746
25916,LOF,0.014350100588843855,0.1023433701737793,0.883306529237377
25917,LOF,0.07302538561940324,0.028474903198019635,0.8984997111825772
25918,LOF,0.04498656269691188,0.01443673443643153,0.9405767028666566
25919,LOF,0.03592101167169821,0.015936680796547083,0.9481423075317547
25920,LOF,0.29955958732836874,0.21496995576076172,0.4854704569108695
25921,LOF,0.020237846876572325,0.017248999943212117,0.9625131531802156
25922,LOF,0.020442010959359387,0.01889625191156102,0.9606617371290795
25923,LOF,0.46467189611408394,0.01145734467918994,0.5238707592067261
25924,LOF,0.028485469471644747,0.016254062887503716,0.9552604676408516
25925,LOF,0.11526041497786786,0.02430649956508417,0.8604330854570479
25926,LOF,0.09676845038230428,0.017637986030541588,0.8855935635871541
25927,LOF,0.03057351079970019,0.02245825886050127,0.9469682303397986
25928,LOF,0.014888212585682648,0.011435207660688016,0.9736765797536293
25929,Neutral,0.593638983423286,0.011305178004680784,0.3950558385720332
25930,LOF,0.11268900122758169,0.011915857308430524,0.8753951414639877
25931,LOF,0.01592028980634505,0.011051299616499317,0.9730284105771556
25932,LOF,0.10085646934006366,0.011027069420067231,0.8881164612398692
25933,LOF,0.09935355997922751,0.008849780726883447,0.8917966592938891
25934,LOF,0.1034113749442579,0.007664822096995062,0.8889238029587471
25935,LOF,0.111167583284978,0.020096949530240795,0.8687354671847812
25936,LOF,0.10455382101988542,0.00766324585582989,0.8877829331242847
25937,LOF,0.01692953502120798,0.015699787028399217,0.9673706779503928
25938,LOF,0.11041912518084901,0.01931248072328354,0.8702683940958674
25939,LOF,0.06770123815642345,0.011850736875291099,0.9204480249682855
25940,GOF,0.008669530614659193,0.5825620921104345,0.40876837727490634
25941,LOF,0.4760734911378489,0.03680888126650328,0.4871176275956477
25942,LOF,0.011834971085808528,0.059065076729008986,0.9290999521851824
25943,LOF,0.05516277501169746,0.1909571825751764,0.7538800424131261
25944,LOF,0.044614008178307574,0.10682528164737559,0.8485607101743169
25945,LOF,0.19620662086284185,0.03035313426895875,0.7734402448681993
25946,LOF,0.08953939111262184,0.04002621028637345,0.8704343986010047
25947,Neutral,0.4875798171786936,0.1318962206548987,0.38052396216640766
25948,LOF,0.32693642130318745,0.022314325218442958,0.6507492534783695
25949,LOF,0.12936628276963608,0.08571713877469733,0.7849165784556665
25950,GOF,0.089316480989815,0.6084212739270632,0.3022622450831218
25951,LOF,0.01656346765738601,0.45537524421204606,0.528061288130568
25952,LOF,0.14695390622019908,0.27940165541362555,0.5736444383661754
25953,LOF,0.007566424282529039,0.30147277209322376,0.6909608036242473
25954,GOF,0.05718677388151632,0.4805616848674393,0.4622515412510445
25955,LOF,0.008915225678520142,0.3032989417118342,0.6877858326096457
25956,LOF,0.010295073358609684,0.3789501714974492,0.6107547551439411
25957,LOF,0.1746709542630627,0.03805960381499634,0.787269441921941
25958,LOF,0.028754825639782645,0.061595186599227046,0.9096499877609903
25959,GOF,0.006663342610743921,0.7123189842831342,0.28101767310612175
25960,LOF,0.005492498694633152,0.09328482856559414,0.9012226727397726
25961,LOF,0.02443815699251384,0.05240468776158619,0.9231571552459
25962,LOF,0.031593599935762044,0.092348293668157,0.876058106396081
25963,LOF,0.01115859164541979,0.1485417220319987,0.8402996863225816
25964,LOF,0.04924980867695204,0.09351178561274126,0.8572384057103066
25965,LOF,0.16857318011512992,0.1684080676535732,0.6630187522312968
25966,LOF,0.34235742132045316,0.09313362769356213,0.5645089509859847
25967,LOF,0.00728444589662643,0.09300936367396467,0.8997061904294089
25968,LOF,0.04881854365939981,0.30389004652741775,0.6472914098131825
25969,LOF,0.12498336263777031,0.09837829658934993,0.7766383407728797
25970,LOF,0.05386214493841517,0.06487463217851729,0.8812632228830676
25971,LOF,0.06502835385313316,0.026456038829828242,0.9085156073170385
25972,LOF,0.07599058421193312,0.034000712772846,0.890008703015221
25973,LOF,0.07618554810981953,0.010058866901486007,0.9137555849886945
25974,LOF,0.06663406993483682,0.04143670542170143,0.8919292246434617
25975,LOF,0.035057331839095145,0.012165628052068118,0.9527770401088367
25976,LOF,0.08970858269452761,0.013532289812902573,0.8967591274925698
25977,LOF,0.23301576904403154,0.06428737207142877,0.7026968588845397
25978,LOF,0.17349319448383324,0.1377681780565252,0.6887386274596414
25979,LOF,0.12815400301516783,0.1373741687871429,0.7344718281976892
25980,LOF,0.21005059035564091,0.2351616057759725,0.5547878038683867
25981,LOF,0.210839930290805,0.23799600513331787,0.5511640645758772
25982,LOF,0.3008424426300142,0.11982985853478612,0.5793276988351997
25983,Neutral,0.4835031944153793,0.10769266703212677,0.40880413855249403
25984,LOF,0.05974833496023437,0.07208778256420861,0.868163882475557
25985,Neutral,0.4627741055778421,0.13193408973306228,0.4052918046890957
25986,LOF,0.0121467377898486,0.407954742914327,0.5798985192958245
25987,LOF,0.032037591178044035,0.07595286888186607,0.8920095399400898
25988,LOF,0.06273255141708374,0.11528587113409008,0.8219815774488262
25989,LOF,0.06938518312190911,0.2139687002659539,0.716646116612137
25990,LOF,0.06344857700419347,0.3450638890744095,0.5914875339213971
25991,LOF,0.02619388633679636,0.4830461359249563,0.4907599777382473
25992,LOF,0.01317264200260945,0.4019437833344847,0.584883574662906
25993,LOF,0.021807431612273356,0.05239046517025196,0.9258021032174747
25994,LOF,0.02846054075522091,0.06211555492867281,0.9094239043161063
25995,LOF,0.01939787966872175,0.09791822630237115,0.8826838940289071
25996,GOF,0.37344877176167196,0.37995331890748957,0.24659790933083844
25997,GOF,0.06627562682953687,0.5391977235043024,0.39452664966616074
25998,LOF,0.22927844876896883,0.034731900868515714,0.7359896503625155
25999,LOF,0.02634758794933585,0.28393402736540785,0.6897183846852563
26000,LOF,0.12835044770536042,0.015021903539533088,0.8566276487551064
26001,LOF,0.14464767002171708,0.020350799556196234,0.8350015304220867
26002,LOF,0.09184274988770022,0.02043408060000726,0.8877231695122926
26003,GOF,0.006857239461653853,0.5359739071699555,0.4571688533683907
26004,GOF,0.018127564583685363,0.557445725756957,0.4244267096593576
26005,LOF,0.005882368663943731,0.4554641476559842,0.538653483680072
26006,GOF,0.10155230233431191,0.49060059745991136,0.4078471002057768
26007,GOF,0.010220604827856765,0.4993424893347654,0.4904369058373778
26008,GOF,0.007197014657471703,0.5517379632497884,0.4410650220927399
26009,GOF,0.012769917154560096,0.5830451894079338,0.40418489343750613
26010,GOF,0.010660221224933835,0.5105849506244085,0.47875482815065773
26011,LOF,0.006084635304010896,0.3728566234314692,0.6210587412645199
26012,LOF,0.005717358050724857,0.47465294983610457,0.5196296921131706
26013,LOF,0.011066674422392713,0.44002298215630753,0.5489103434212997
26014,LOF,0.040164122582922346,0.07887461359779142,0.8809612638192863
26015,LOF,0.3271678777916772,0.023663306952790116,0.6491688152555326
26016,LOF,0.27278549151446707,0.02798698611878028,0.6992275223667527
26017,LOF,0.0193560077753798,0.10756693441665595,0.8730770578079643
26018,LOF,0.034197099176630004,0.05717257720287611,0.908630323620494
26019,LOF,0.03383406859794284,0.047503731628459216,0.918662199773598
26020,LOF,0.007653650012973941,0.09755183276014517,0.8947945172268807
26021,LOF,0.08403954386915415,0.04996948485054046,0.8659909712803054
26022,LOF,0.04333978340177461,0.017738237022863597,0.9389219795753618
26023,LOF,0.024632560303653787,0.03082730924986326,0.9445401304464829
26024,LOF,0.05529511416850557,0.03566468636260964,0.9090401994688847
26025,LOF,0.14279097831544832,0.03915341323324447,0.8180556084513073
26026,LOF,0.13304876595082596,0.03162742469013756,0.8353238093590365
26027,LOF,0.03458046534268832,0.018657682140467223,0.9467618525168445
26028,LOF,0.08047816609673057,0.19678334971534836,0.7227384841879211
26029,LOF,0.034814796678877595,0.19863836643483088,0.7665468368862914
26030,LOF,0.12042495881052062,0.024326600398253486,0.855248440791226
26031,LOF,0.015429094892063568,0.21506807413221546,0.769502830975721
26032,LOF,0.03802780132511175,0.07502880964682714,0.8869433890280611
26033,LOF,0.03420010025962414,0.08529477730861579,0.88050512243176
26034,LOF,0.02154385371797717,0.13135194954159862,0.8471041967404241
26035,LOF,0.012759563800302081,0.15669441966705683,0.830546016532641
26036,LOF,0.011756441866337057,0.11994693553527881,0.868296622598384
26037,LOF,0.011902563953027039,0.12623819766758454,0.8618592383793884
26038,LOF,0.030005365835859762,0.06837187075198883,0.9016227634121514
26039,LOF,0.03503054965121719,0.17575937603026587,0.789210074318517
26040,LOF,0.0818271424592032,0.2041754657038085,0.7139973918369884
26041,LOF,0.013922711477240205,0.12742769367268372,0.858649594850076
26042,LOF,0.012680210121251817,0.13718897181057485,0.8501308180681734
26043,LOF,0.03144628910949274,0.12752488299688955,0.8410288278936177
26044,LOF,0.007607025989631048,0.059691055366729154,0.9327019186436398
26045,LOF,0.089904856832533,0.2777775679974763,0.6323175751699907
26046,LOF,0.02679493579547109,0.08574373033147158,0.8874613338730574
26047,LOF,0.06718850334297753,0.07563453929937705,0.8571769573576454
26048,LOF,0.07910807770898834,0.02847424821137167,0.8924176740796399
26049,Neutral,0.9428421830815296,0.007846041307415926,0.04931177561105451
26050,Neutral,0.9013928495000116,0.009556930097526308,0.08905022040246204
26051,LOF,0.030724403508384384,0.30502838615759376,0.6642472103340218
26052,LOF,0.033616181332941794,0.2476593338220296,0.7187244848450286
26053,LOF,0.019588786582234004,0.2062735547272908,0.7741376586904752
26054,LOF,0.05764740817993111,0.04978735957746027,0.8925652322426086
26055,LOF,0.0727733142022981,0.04966012157923763,0.8775665642184642
26056,LOF,0.0689430401071749,0.05119911039788875,0.8798578494949364
26057,LOF,0.0696284471951493,0.024882350103495064,0.9054892027013557
26058,LOF,0.07815147681036187,0.01943238385789575,0.9024161393317424
26059,LOF,0.2596190984087883,0.07077301033625791,0.6696078912549539
26060,LOF,0.01762186516184749,0.2091079690856667,0.7732701657524859
26061,LOF,0.013395008818440744,0.014166751254644968,0.9724382399269142
26062,LOF,0.006103188674519478,0.027257062151479296,0.9666397491740013
26063,LOF,0.04854561588028131,0.01445584936121838,0.9369985347585003
26064,LOF,0.009104703533099903,0.021034966366072643,0.9698603301008274
26065,LOF,0.06876456525349696,0.02375286934046808,0.907482565406035
26066,LOF,0.06056775266597219,0.01623305840993966,0.923199188924088
26067,LOF,0.057203376504136136,0.014170326069648952,0.928626297426215
26068,LOF,0.055136387892191434,0.0427227322379221,0.9021408798698864
26069,LOF,0.1991980869077538,0.030239415968681037,0.7705624971235651
26070,LOF,0.45283911625334744,0.019154076381519797,0.5280068073651327
26071,LOF,0.04836207072927135,0.01815538380884713,0.9334825454618816
26072,LOF,0.008260851457204668,0.019923675598191814,0.9718154729446035
26073,LOF,0.04555145919931015,0.013937351473235065,0.9405111893274547
26074,Neutral,0.6880314354658164,0.0165161151742774,0.29545244935990633
26075,LOF,0.04349263069947569,0.028104412863157822,0.9284029564373665
26076,LOF,0.04569602001332715,0.017914965724529535,0.9363890142621434
26077,LOF,0.17754737573639665,0.01576707052549268,0.8066855537381106
26078,LOF,0.006919912477032185,0.034437698366971636,0.9586423891559961
26079,LOF,0.05908693447874918,0.029383245678376392,0.9115298198428743
26080,LOF,0.057801514542201685,0.029382665889390265,0.9128158195684081
26081,LOF,0.04655617396405071,0.01586092004937176,0.9375829059865775
26082,LOF,0.0070965415311772615,0.02322726222972664,0.9696761962390962
26083,LOF,0.11802394744676283,0.025444729334910838,0.8565313232183264
26084,LOF,0.14818115959734252,0.02346713552962044,0.828351704873037
26085,LOF,0.12780979949120927,0.01941172648714128,0.8527784740216495
26086,LOF,0.039996551265383797,0.02236406457227627,0.93763938416234
26087,LOF,0.044620445387987206,0.018712266079068705,0.936667288532944
26088,LOF,0.007508484425892512,0.046853314457437095,0.9456382011166704
26089,LOF,0.04021446938486952,0.037992936368894316,0.9217925942462362
26090,LOF,0.039661760186516605,0.03493785718387271,0.9254003826296107
26091,LOF,0.032329689597017264,0.014431580506341883,0.9532387298966408
26092,LOF,0.04136875112472337,0.012934247948011441,0.9456970009272653
26093,LOF,0.0681324984799867,0.008448869122015023,0.9234186323979984
26094,LOF,0.0398570456109906,0.010910890650449714,0.9492320637385596
26095,LOF,0.014071500611711847,0.023950013648441158,0.961978485739847
26096,LOF,0.28567589943848387,0.005489176817589498,0.7088349237439265
26097,LOF,0.0071863334907327535,0.05810319771707448,0.9347104687921929
26098,LOF,0.05666242514456191,0.029991505186746918,0.9133460696686911
26099,LOF,0.05169610472620989,0.03164175348340869,0.9166621417903813
26100,LOF,0.0516365161467751,0.03164161340377055,0.9167218704494544
26101,LOF,0.050088723647424116,0.05057036912992932,0.8993409072226466
26102,LOF,0.03974351930509165,0.019444329186469867,0.9408121515084383
26103,Neutral,0.8999198627424693,0.03180615353892665,0.06827398371860394
26104,LOF,0.05196571008993851,0.07562259020535354,0.872411699704708
26105,LOF,0.23526606861126997,0.08029058010281695,0.684443351285913
26106,LOF,0.26638883862601115,0.03540975057641195,0.6982014107975769
26107,LOF,0.016649315257718934,0.06159537317091148,0.9217553115713696
26108,LOF,0.16347097882550457,0.06551564061358241,0.7710133805609131
26109,LOF,0.055017839136533624,0.058608585547126495,0.8863735753163399
26110,LOF,0.39162275008594505,0.013596444065974577,0.5947808058480805
26111,LOF,0.05626460999514534,0.08501387117068522,0.8587215188341695
26112,LOF,0.07679362705768773,0.014548699013834581,0.9086576739284777
26113,LOF,0.12541769893683624,0.031713812411629086,0.8428684886515346
26114,LOF,0.0978144659910664,0.01038523850005724,0.8918002955088763
26115,LOF,0.020842885628893332,0.06323820984117903,0.9159189045299276
26116,LOF,0.07704886669452525,0.02325215224689449,0.8996989810585804
26117,LOF,0.3856919829596163,0.032174606531135505,0.5821334105092482
26118,LOF,0.040037599948446904,0.020329964790265945,0.9396324352612871
26119,LOF,0.0061796023301920015,0.08056125457621773,0.9132591430935901
26120,LOF,0.03181300542665987,0.01520237719398653,0.9529846173793535
26121,LOF,0.004460963972887419,0.10125481995660075,0.8942842160705119
