feature0,prediction,LoGoFunc_Neutral,LoGoFunc_GOF,LoGoFunc_LOF
25546,Neutral,0.7736268614953884,0.026943741635231323,0.19942939686938047
25547,Neutral,0.6386334133639839,0.05844653958882105,0.3029200470471951
25548,Neutral,0.6224393303125741,0.046800524100534695,0.33076014558689115
25549,Neutral,0.5291555754348553,0.047500832624127465,0.4233435919410173
25550,LOF,0.34122100979601033,0.10295985218579033,0.5558191380181994
25551,LOF,0.2853082548739683,0.1177352832027158,0.5969564619233158
25552,LOF,0.18388127630245904,0.11856671366474386,0.6975520100327972
25553,Neutral,0.8291182734896494,0.03243209189292397,0.13844963461742676
25554,LOF,0.23226539511612476,0.11091078498133401,0.6568238199025411
25555,LOF,0.1865419565899529,0.090241766912923,0.723216276497124
25556,LOF,0.4252806764710747,0.09249649138908429,0.4822228321398409
25557,LOF,0.17958734467859294,0.10188033403667181,0.7185323212847352
25558,LOF,0.2272508816269466,0.11450680170376594,0.6582423166692875
25559,LOF,0.3952501589798838,0.05720793543573541,0.5475419055843808
25560,LOF,0.06384177711506259,0.18337638001954054,0.7527818428653968
25561,LOF,0.11541966952902742,0.19673579895130863,0.687844531519664
25562,LOF,0.1116704398255607,0.09192346574770749,0.7964060944267319
25563,LOF,0.11614129134182796,0.10621299781712674,0.7776457108410453
25564,LOF,0.15591006923614467,0.1940926274254895,0.6499973033383657
25565,LOF,0.11843914612432913,0.1905987986623586,0.6909620552133123
25566,GOF,0.014372337613820615,0.7038439953597095,0.28178366702646984
25567,LOF,0.012344747293429393,0.12820950639561798,0.8594457463109526
25568,LOF,0.04868628297905622,0.05643207213299452,0.8948816448879492
25569,LOF,0.06053895140266232,0.05469409214737035,0.8847669564499673
25570,LOF,0.0634910194829515,0.10597018725778941,0.8305387932592591
25571,LOF,0.06121408286437172,0.09062910859712715,0.8481568085385012
25572,LOF,0.0669366064009656,0.1346596885401704,0.7984037050588639
25573,LOF,0.03037255531435948,0.0841038516074838,0.8855235930781568
25574,LOF,0.01699402444177446,0.13832882853326128,0.8446771470249642
25575,LOF,0.05342190584773223,0.09750579733146454,0.8490722968208032
25576,LOF,0.01847381989137052,0.10458928613115241,0.876936893977477
25577,LOF,0.015309130468492142,0.13365204543615963,0.8510388240953483
25578,LOF,0.2411524479870094,0.0789143127684356,0.679933239244555
25579,LOF,0.24362077765014048,0.07825421400692338,0.6781250083429362
25580,LOF,0.03748186473400865,0.08424552503843188,0.8782726102275594
25581,LOF,0.05133509706715481,0.05887754456571865,0.8897873583671266
25582,LOF,0.05111779056464968,0.05535762064582575,0.8935245887895247
25583,LOF,0.04428724111401162,0.081552510533203,0.8741602483527854
25584,Neutral,0.47717881212435487,0.07059163226949156,0.4522295556061536
25585,LOF,0.03651850811057163,0.09655085656247372,0.8669306353269547
25586,LOF,0.03890547427166583,0.07020638153333426,0.8908881441949998
25587,LOF,0.03482893938932832,0.06905200316006052,0.8961190574506112
25588,LOF,0.038543036758976836,0.08984328845678044,0.8716136747842427
25589,Neutral,0.6187354803665701,0.08744665406729868,0.2938178655661312
25590,LOF,0.032134396937976685,0.1188937574455729,0.8489718456164503
25591,LOF,0.11652630656424896,0.04488323498968079,0.8385904584460704
25592,LOF,0.11251158986328563,0.12830275412168562,0.7591856560150289
25593,LOF,0.018051946525168165,0.24646136676089883,0.7354866867139329
25594,LOF,0.036519984232097694,0.17869150427927022,0.7847885114886322
25595,LOF,0.05522756361973825,0.14470744810485572,0.8000649882754061
25596,LOF,0.06220739876673358,0.09468571224605338,0.8431068889872131
25597,LOF,0.06257346873946085,0.08891954816308582,0.8485069830974533
25598,LOF,0.044776212610245406,0.1826820461624747,0.7725417412272799
25599,GOF,0.007110972300823986,0.7149431670444004,0.27794586065477556
25600,GOF,0.008518215082889918,0.5764866240328933,0.41499516088421673
25601,LOF,0.006178512398381712,0.46053394812641574,0.5332875394752026
25602,LOF,0.019179533954657494,0.07881370412114783,0.9020067619241946
25603,LOF,0.03700295136234586,0.03136419610881327,0.9316328525288408
25604,LOF,0.052554374752933196,0.054556869622593034,0.8928887556244738
25605,LOF,0.009646935331639269,0.26856195357852997,0.7217911110898307
25606,GOF,0.06513603644061745,0.48003336753192544,0.4548305960274571
25607,LOF,0.004072540414188959,0.15654838931401266,0.8393790702717984
25608,LOF,0.07038402514859658,0.049365965488079956,0.8802500093633234
25609,LOF,0.06327470767183305,0.34458929046666786,0.5921360018614991
25610,LOF,0.05074269794221226,0.034387236083798844,0.9148700659739889
25611,LOF,0.06372246670962439,0.028026620956296447,0.9082509123340791
25612,LOF,0.12668106237252366,0.05160731747513018,0.8217116201523461
25613,LOF,0.10506964302055419,0.0399056036178782,0.8550247533615676
25614,LOF,0.04298069146739933,0.0387303497382436,0.918288958794357
25615,LOF,0.06415055279741837,0.03690700580101622,0.8989424414015655
25616,LOF,0.0422437012773679,0.03961794492535948,0.9181383537972725
25617,LOF,0.045849229052752516,0.042168396207682854,0.9119823747395647
25618,LOF,0.2609788838339572,0.03933093005962019,0.6996901861064228
25619,LOF,0.04105654923987068,0.03659553229883238,0.9223479184612969
25620,LOF,0.04891677517470312,0.04584531920747241,0.9052379056178245
25621,LOF,0.043191965645013514,0.030510222152218575,0.926297812202768
25622,LOF,0.034734285646064116,0.047664914208183855,0.9176008001457521
25623,LOF,0.07099686006309394,0.0328473269104175,0.8961558130264885
25624,LOF,0.0354091585666868,0.04507401224634818,0.9195168291869651
25625,LOF,0.04378426063683572,0.05008422919718439,0.9061315101659798
25626,LOF,0.0953360214885312,0.03259973651561299,0.8720642419958557
25627,Neutral,0.5865925419142367,0.1027257950850016,0.3106816630007616
25628,LOF,0.22649143700345017,0.04798165797574213,0.7255269050208077
25629,LOF,0.08748998628037723,0.13006811927213188,0.782441894447491
25630,LOF,0.20549495192642486,0.09029775290730559,0.7042072951662695
25631,Neutral,0.6309052858278466,0.057673820380497384,0.31142089379165605
25632,LOF,0.02201948314646143,0.08659411882861098,0.8913863980249276
25633,LOF,0.22265808414763427,0.10020094042717823,0.6771409754251875
25634,LOF,0.03585545013408642,0.10402547251431872,0.8601190773515948
25635,LOF,0.03596116899990652,0.10172930746168576,0.8623095235384076
25636,GOF,0.006535256416220712,0.6705559713602576,0.3229087722235217
25637,GOF,0.00484523761123875,0.5558600224408682,0.43929473994789314
25638,LOF,0.009006551355043831,0.4653468045791032,0.5256466440658529
25639,LOF,0.004993124250799072,0.4775956643185659,0.517411211430635
25640,GOF,0.39271400416292096,0.5643218128924349,0.04296418294464412
25641,LOF,0.0058398569749405875,0.3684710082655136,0.6256891347595457
25642,LOF,0.25050180594985166,0.10950060429881911,0.6399975897513291
25643,LOF,0.21861739935025026,0.34317197567115115,0.43821062497859853
25644,GOF,0.03095543440499209,0.6737018195689133,0.2953427460260945
25645,GOF,0.021407189718980358,0.607059084289782,0.37153372599123774
25646,LOF,0.0238272827968758,0.45035753144253826,0.525815185760586
25647,LOF,0.016559154285951123,0.3354803257069074,0.6479605200071414
25648,LOF,0.014334839667575284,0.375773715294498,0.6098914450379268
25649,LOF,0.01521648653003251,0.24995609836843566,0.7348274151015318
25650,GOF,0.04729982696326833,0.6381448445507988,0.3145553284859328
25651,LOF,0.012695989364582268,0.3009291694440631,0.6863748411913546
25652,LOF,0.02138066238590303,0.3934177424778873,0.5852015951362096
25653,GOF,0.10088682539809171,0.5840045635761375,0.3151086110257709
25654,LOF,0.014950798655095835,0.3711028440980285,0.6139463572468757
25655,GOF,0.1510853066742054,0.5068617421326775,0.34205295119311707
25656,LOF,0.05609943224775564,0.10879926742392451,0.8351013003283199
25657,LOF,0.2905863674628002,0.043345573239709,0.6660680592974908
25658,LOF,0.030931721912117602,0.2047745032444441,0.7642937748434384
25659,LOF,0.20880549158335351,0.09973692479411397,0.6914575836225325
25660,LOF,0.09817914544250567,0.10382067982212634,0.7980001747353681
25661,LOF,0.08334082234372354,0.07868111003176888,0.8379780676245077
25662,LOF,0.03829429466562228,0.04935329810483377,0.9123524072295439
25663,LOF,0.04485514496665586,0.09128637737931491,0.8638584776540292
25664,LOF,0.033828161206472876,0.14659382210533858,0.8195780166881884
25665,LOF,0.04839157810899422,0.061784866276392944,0.8898235556146128
25666,LOF,0.0461507280713826,0.17834094350403457,0.7755083284245828
25667,LOF,0.03696282665141961,0.05281278153570965,0.9102243918128706
25668,LOF,0.05004541035555483,0.05589534618228843,0.8940592434621567
25669,LOF,0.05565588279525084,0.08731866986093458,0.8570254473438145
25670,LOF,0.13535835215473208,0.10687763136371312,0.7577640164815548
25671,LOF,0.04582548871940576,0.04703752443963656,0.9071369868409576
25672,LOF,0.0479693424260144,0.07691109093517143,0.8751195666388142
25673,LOF,0.03759105525015651,0.08403243510780391,0.8783765096420396
25674,LOF,0.027402061905197107,0.09687280016321308,0.8757251379315898
25675,LOF,0.03750187858940875,0.08675406182281331,0.8757440595877779
25676,LOF,0.03522756161284658,0.06769239530749903,0.8970800430796544
25677,LOF,0.08552832340322827,0.06406245766016695,0.8504092189366047
25678,LOF,0.16181197439901493,0.05581177310153687,0.7823762524994482
25679,LOF,0.10457908803989664,0.08058219929612914,0.8148387126639742
25680,LOF,0.09341800072845842,0.09744310914090325,0.8091388901306384
25681,LOF,0.10913338794510202,0.08777411545434112,0.8030924966005567
25682,LOF,0.0550741148518137,0.07113384872062095,0.8737920364275652
25683,LOF,0.07933152921363636,0.10133520289449983,0.8193332678918638
25684,LOF,0.07186524472869524,0.07381565113328761,0.8543191041380171
25685,LOF,0.1135749496127586,0.05437566151262582,0.8320493888746155
25686,LOF,0.03277261627634952,0.12049292077538001,0.8467344629482706
25687,LOF,0.056933953204310696,0.10771324286530559,0.8353528039303837
25688,LOF,0.01949833407498808,0.07264399838455751,0.9078576675404544
25689,LOF,0.015027777337064731,0.0471284153871061,0.9378438072758292
25690,LOF,0.015650706427501226,0.055971312613471165,0.9283779809590277
25691,LOF,0.1452943213545282,0.07759921406302066,0.7771064645824513
25692,LOF,0.1953500219126168,0.012248555130905394,0.7924014229564778
25693,LOF,0.04707379755842741,0.1549320293865314,0.7979941730550412
25694,LOF,0.27962221253793984,0.011351203284864268,0.7090265841771959
25695,LOF,0.21515221846120847,0.021606721511406385,0.7632410600273851
25696,LOF,0.15270306622224702,0.01743637197784923,0.8298605617999038
25697,LOF,0.1199782714251703,0.04383415239503313,0.8361875761797967
25698,LOF,0.02153268970511161,0.3440676251948837,0.6343996851000047
25699,LOF,0.09393988948781817,0.09184563992653451,0.8142144705856472
25700,LOF,0.03395783170171346,0.01908665696569457,0.946955511332592
25701,LOF,0.01641344183921787,0.10915254516340119,0.8744340129973809
25702,GOF,0.022400345916878287,0.7610457590895335,0.21655389499358824
25703,LOF,0.01613415663058033,0.2227524400448433,0.7611134033245764
25704,LOF,0.09916374552127237,0.20915151900928228,0.6916847354694454
25705,LOF,0.09354864883653265,0.2932352109428737,0.6132161402205937
25706,GOF,0.02195077556893138,0.6567753720103229,0.32127385242074574
25707,GOF,0.03189641486260657,0.6243047706278844,0.34379881450950917
25708,GOF,0.009636805432299576,0.609152768439803,0.3812104261278973
25709,LOF,0.028430077438673,0.08738558977586387,0.8841843327854632
25710,LOF,0.0056884867712873695,0.2576167752554248,0.7366947379732879
25711,LOF,0.029526024511261777,0.14352426220312414,0.8269497132856142
25712,LOF,0.006904167540177636,0.3117142902118888,0.6813815422479336
25713,LOF,0.025484978914038243,0.12491332434327813,0.8496016967426836
25714,LOF,0.027594106106909662,0.17544288738616892,0.7969630065069213
25715,LOF,0.02952806036647271,0.14281533232368795,0.8276566073098394
25716,LOF,0.008413304680164388,0.21404330791553458,0.7775433874043011
25717,LOF,0.0062228114956137896,0.22200721437244184,0.7717699741319444
25718,LOF,0.026480633231150137,0.10016360765239021,0.8733557591164597
25719,LOF,0.03504204280091597,0.13526947422690663,0.8296884829721773
25720,LOF,0.036789319529685414,0.1291400952380258,0.8340705852322889
25721,LOF,0.030889385290439657,0.11338078403340414,0.8557298306761563
25722,LOF,0.020748260618976423,0.15474840695818956,0.8245033324228339
25723,LOF,0.029729911953202962,0.11814855719434098,0.8521215308524561
25724,LOF,0.02944172946152295,0.20085759197575026,0.7697006785627267
25725,LOF,0.02966295273699495,0.1064073320679199,0.8639297151950851
25726,LOF,0.02153601890532713,0.14399156281154887,0.8344724182831239
25727,LOF,0.02808628863774056,0.13808786527794847,0.8338258460843111
25728,LOF,0.02819167233477717,0.13316330090992406,0.8386450267552988
25729,LOF,0.02797995555575959,0.15464787941110245,0.8173721650331379
25730,LOF,0.03240483195407911,0.1073642910349814,0.8602308770109395
25731,LOF,0.010199530642972772,0.2381439217359036,0.7516565476211237
25732,LOF,0.02422268546227922,0.12237464555751966,0.853402668980201
25733,LOF,0.03816712401291012,0.11456737820465948,0.8472654977824304
25734,LOF,0.006497195322398104,0.34335839046070016,0.6501444142169018
25735,LOF,0.02599952736777585,0.0987231837889667,0.8752772888432575
25736,LOF,0.0245903818474654,0.15647640499197538,0.8189332131605593
25737,LOF,0.06092372666219643,0.16363601451254114,0.7754402588252626
25738,LOF,0.025289756157160368,0.19582216655059276,0.778888077292247
25739,LOF,0.031300188470656354,0.1314207818251695,0.8372790297041741
25740,LOF,0.034006113168495916,0.15387441008710362,0.8121194767444005
25741,LOF,0.03862913633601011,0.13946271296789522,0.8219081506960947
25742,LOF,0.053259109926365775,0.14993050951218223,0.796810380561452
25743,LOF,0.010984005486828619,0.02351836825865958,0.9654976262545117
25744,LOF,0.2364300320945982,0.22187013109147602,0.5416998368139259
25745,LOF,0.03817563168978261,0.060676910319923984,0.9011474579902934
25746,LOF,0.015359143459015963,0.08067644213997144,0.9039644144010126
25747,LOF,0.035831490495267425,0.027480759024273438,0.9366877504804593
25748,LOF,0.2725895455012677,0.05179388608278068,0.6756165684159516
25749,LOF,0.016572999869748285,0.056005245511530376,0.9274217546187213
25750,LOF,0.02250461484310417,0.05538618406652997,0.9221092010903659
25751,LOF,0.03956763367830371,0.04031644782414896,0.9201159184975474
25752,GOF,0.07656968395076516,0.7265101480262462,0.19692016802298865
25753,LOF,0.00665727716942053,0.49264498872486695,0.5006977341057125
25754,GOF,0.0074237565918770215,0.8943083672747778,0.09826787613334503
25755,GOF,0.0065288182139618175,0.5076925496067611,0.48577863217927697
25756,GOF,0.02430787234000837,0.5094171587839783,0.46627496887601333
25757,GOF,0.007515716571783507,0.8783545719517699,0.1141297114764466
25758,GOF,0.008097718038355848,0.8981313642404642,0.09377091772117978
25759,GOF,0.005845686706055759,0.6958273052823012,0.29832700801164314
25760,LOF,0.00568912846498651,0.40600400218180405,0.5883068693532094
25761,GOF,0.047492423510075404,0.8674506894321995,0.08505688705772509
25762,LOF,0.027812778547808177,0.4490772418455974,0.5231099796065946
25763,LOF,0.005690014736184633,0.36565802012399096,0.6286519651398245
25764,GOF,0.05492496137594633,0.7064478723900152,0.23862716623403854
25765,GOF,0.007662339502123536,0.902669321744412,0.08966833875346442
25766,GOF,0.04621237307949804,0.8471781567942348,0.10660947012626716
25767,GOF,0.02164049230757856,0.5610053063327696,0.41735420135965184
25768,LOF,0.05109433624065347,0.046422341570979166,0.9024833221883672
25769,LOF,0.040646554686368505,0.07417285010216317,0.8851805952114683
25770,LOF,0.20189759382776393,0.08926781936623614,0.708834586806
25771,LOF,0.018823822108859897,0.06993965463082294,0.9112365232603172
25772,LOF,0.03347863228200507,0.02935999077975275,0.9371613769382421
25773,LOF,0.021110804137695185,0.07739570539023947,0.9014934904720653
25774,LOF,0.027730021733606138,0.1493722366251812,0.8228977416412127
25775,LOF,0.02073796117309848,0.050538613836259606,0.9287234249906419
25776,LOF,0.0303293298954715,0.021038011398157606,0.9486326587063708
25777,LOF,0.2811350696050303,0.09718882271689826,0.6216761076780715
25778,LOF,0.028704081515463643,0.05528825185441711,0.9160076666301193
25779,GOF,0.08624848867706442,0.8391312027741477,0.07462030854878786
25780,GOF,0.10883044451660517,0.830078206859901,0.06109134862349381
25781,GOF,0.045386825715759416,0.8247040541289126,0.12990912015532793
25782,GOF,0.053387841859132514,0.8701579598380687,0.07645419830279883
25783,GOF,0.04141569636459685,0.9029084813636371,0.05567582227176608
25784,GOF,0.14294756723814597,0.8093047848387024,0.047747647923151525
25785,GOF,0.1679162776471336,0.789577042829104,0.0425066795237624
25786,GOF,0.013473740080042344,0.8472291409402555,0.13929711897970212
25787,GOF,0.3012874626248093,0.64358184163433,0.055130695740860776
25788,LOF,0.019095101470007432,0.16221304042169946,0.8186918581082931
25789,GOF,0.025078588755654527,0.8200192978328117,0.15490211341153381
25790,GOF,0.035514508350204074,0.8634940324704155,0.10099145917938049
25791,GOF,0.04046938287495805,0.6724625064214922,0.2870681107035498
25792,GOF,0.04845454535950236,0.7189066069503179,0.23263884769017967
25793,GOF,0.05435835574479821,0.8101768250773019,0.1354648191778997
25794,GOF,0.06811972913360036,0.6965582710393635,0.23532199982703614
25795,GOF,0.06374760591088098,0.7045312559950839,0.23172113809403516
25796,GOF,0.15915449590780895,0.7402078514428105,0.10063765264938052
25797,GOF,0.10545057444493085,0.6856895689926004,0.20885985656246867
25798,GOF,0.008517893420913367,0.7556773107206453,0.23580479585844139
25799,GOF,0.005174219503596511,0.6413236979702194,0.35350208252618404
25800,GOF,0.030954684538124194,0.7938597946948233,0.17518552076705254
25801,GOF,0.029390515847249103,0.8745375456947677,0.09607193845798309
25802,GOF,0.034211822249532134,0.7435404199106584,0.22224775783980927
25803,GOF,0.024838144925905265,0.6809019899391734,0.29425986513492125
25804,GOF,0.042469404268660554,0.7332439300863911,0.22428666564494848
25805,GOF,0.040221208920254756,0.7629935254939775,0.19678526558576778
25806,GOF,0.05443016590726714,0.7665776903245292,0.17899214376820363
25807,GOF,0.018235743084218818,0.7318859052649375,0.24987835165084363
25808,GOF,0.03105974760036115,0.738970686907258,0.2299695654923809
25809,GOF,0.01398968496033243,0.6729974140525238,0.31301290098714374
25810,GOF,0.012000113434680434,0.6621688636784735,0.325831022886846
25811,GOF,0.06604622455513945,0.8386958332155134,0.09525794222934712
25812,GOF,0.03731722418232967,0.7184264112609775,0.24425636455669278
25813,GOF,0.19801056956975188,0.7029224965800719,0.09906693385017637
25814,GOF,0.037783228561554374,0.7256516856574133,0.23656508578103227
25815,GOF,0.07493202125041751,0.768884740018337,0.1561832387312456
25816,GOF,0.011001510560709112,0.8319788748583646,0.15701961458092614
25817,GOF,0.13078742915952551,0.7251443398943199,0.14406823094615462
25818,GOF,0.03379551712143734,0.74045252535755,0.22575195752101274
25819,GOF,0.0657329401336358,0.7087802319370631,0.22548682792930116
25820,GOF,0.07021289891340067,0.6716982570191777,0.25808884406742155
25821,GOF,0.045052308247978436,0.7273811490116473,0.22756654274037422
25822,GOF,0.08571162941351512,0.6682229465130236,0.24606542407346127
25823,GOF,0.03742167375108302,0.6440995037392976,0.31847882250961934
25824,GOF,0.03959810449691638,0.7007605103740093,0.2596413851290743
25825,GOF,0.029158712944993847,0.6959387793486647,0.2749025077063415
25826,GOF,0.013569286811084498,0.651073511825524,0.33535720136339137
25827,GOF,0.018842758907698882,0.6419525789476784,0.33920466214462264
25828,GOF,0.01546849365568088,0.6887070215911474,0.2958244847531717
25829,GOF,0.0051252503845392264,0.6077396084274324,0.38713514118802844
25830,GOF,0.0423615515936,0.48587920914394167,0.4717592392624582
25831,GOF,0.07065446480654976,0.7782978921026679,0.15104764309078222
25832,GOF,0.013003809067168722,0.672639863952906,0.3143563269799253
25833,GOF,0.05044413471515963,0.7501720374434969,0.19938382784134343
25834,GOF,0.01356625674691408,0.6899537010806713,0.29648004217241464
25835,GOF,0.030455569776925488,0.7708595744663156,0.19868485575675876
25836,GOF,0.009092800630065994,0.6784293341304796,0.3124778652394545
25837,GOF,0.010768345739405766,0.7012342534561176,0.28799740080447667
25838,GOF,0.026938456704762664,0.7735972789399669,0.19946426435527048
25839,GOF,0.07225345195509995,0.7515342934128073,0.17621225463209267
25840,GOF,0.1068084631332389,0.7176421330569015,0.1755494038098595
25841,GOF,0.10749235978869301,0.7529457617093298,0.13956187850197727
25842,GOF,0.034678621583405574,0.8419593758586268,0.12336200255796767
25843,GOF,0.036423945690128724,0.8466240735909062,0.11695198071896518
25844,GOF,0.02582623497022119,0.7617823620285625,0.21239140300121617
25845,GOF,0.007778004102795888,0.6572306079212484,0.33499138797595557
25846,GOF,0.07852231294986976,0.8066016879278092,0.11487599912232105
25847,GOF,0.018468201430980446,0.8422755741474054,0.13925622442161423
25848,GOF,0.029871019829129604,0.7784381803117474,0.19169079985912296
25849,GOF,0.008693433562820143,0.72801946953293,0.2632870969042499
25850,GOF,0.00803034974247606,0.6329729248889469,0.3589967253685771
25851,GOF,0.007613555062615334,0.5782623730574146,0.4141240718799701
25852,GOF,0.16296153637690156,0.49474989638508043,0.34228856723801804
25853,GOF,0.07292443023943776,0.7287541837344221,0.19832138602614016
25854,GOF,0.0072093764175319396,0.6605338846909482,0.3322567388915197
25855,GOF,0.0262536904097918,0.6368819491735176,0.3368643604166905
25856,GOF,0.0561952001028729,0.7009119071175498,0.24289289277957732
25857,GOF,0.02681080149257699,0.6386192509161184,0.33456994759130465
25858,GOF,0.010930749448523326,0.5939783199662878,0.3950909305851889
25859,GOF,0.007926128026485105,0.5686536343291763,0.42342023764433856
25860,GOF,0.11247057431443226,0.7140150371697317,0.17351438851583603
25861,GOF,0.1234435779020622,0.7591998549492823,0.1173565671486554
25862,GOF,0.028427031628139716,0.8602166349647122,0.1113563334071479
25863,GOF,0.025175502174960764,0.8428193549144745,0.13200514291056462
25864,GOF,0.06594775419536647,0.8376912163004034,0.09636102950423005
25865,GOF,0.05445248689032136,0.811507594417144,0.13403991869253457
25866,GOF,0.0262461495281154,0.8164877675053185,0.157266082966566
25867,GOF,0.04295570000935928,0.823034658561047,0.13400964142959387
25868,GOF,0.07676930473522922,0.7203645125663581,0.20286618269841264
25869,GOF,0.3935844467275124,0.489115403525099,0.11730014974738856
25870,GOF,0.07194953397066514,0.5075608197977023,0.42048964623163265
25871,GOF,0.011135088738704627,0.7878374007468021,0.2010275105144933
25872,GOF,0.028351204255421033,0.7856535135708009,0.1859952821737779
25873,GOF,0.027495953624246335,0.8561928596399079,0.11631118673584581
25874,LOF,0.01894120842878998,0.19176407236502271,0.7892947192061874
25875,LOF,0.02371175805376684,0.11733444520015765,0.8589537967460754
25876,LOF,0.021146481082727545,0.058239149811009874,0.9206143691062625
25877,LOF,0.10487169286355272,0.1944463390809002,0.700681968055547
25878,LOF,0.061916996408725056,0.25309863433497054,0.6849843692563045
25879,LOF,0.011315147947442202,0.18439722930905988,0.804287622743498
25880,LOF,0.061555089800761735,0.020104470701104063,0.9183404394981343
25881,Neutral,0.5736094673665025,0.08442872080428235,0.3419618118292152
25882,LOF,0.07643178543818444,0.022775134696404,0.9007930798654116
25883,LOF,0.033575932757997924,0.0273789859929467,0.9390450812490554
25884,LOF,0.022444773530458432,0.039705326511825345,0.9378498999577163
25885,LOF,0.18651125566449586,0.012440287437834357,0.8010484568976698
25886,LOF,0.24884446202110924,0.05702332411473734,0.6941322138641535
25887,LOF,0.09586243909567232,0.13165467282631965,0.772482888078008
25888,LOF,0.00908857078740985,0.17356908820282754,0.8173423410097627
25889,LOF,0.030467310908913334,0.03489930888910945,0.9346333802019772
25890,LOF,0.1937267361928272,0.05562787744575824,0.7506453863614146
25891,LOF,0.11567696517559688,0.03171236701034374,0.8526106678140595
25892,LOF,0.008729527718919746,0.03313426527395498,0.9581362070071252
25893,LOF,0.32795939315520256,0.009897390506292372,0.6621432163385051
25894,LOF,0.3493921722808307,0.006293507322599065,0.6443143203965702
25895,LOF,0.2918849081311922,0.014073948054577417,0.6940411438142304
25896,LOF,0.08905116276813524,0.027269270141948864,0.8836795670899158
25897,LOF,0.13293667993281152,0.010191019862631752,0.8568723002045566
25898,LOF,0.13457640850951433,0.029066271270822803,0.8363573202196629
25899,LOF,0.4117253854993419,0.03588425138290544,0.5523903631177526
25900,Neutral,0.6695993527842701,0.01284110360945571,0.31755954360627425
25901,LOF,0.110091390268899,0.012084361987723294,0.8778242477433776
25902,LOF,0.09947796850431244,0.014566204551252834,0.8859558269444348
25903,LOF,0.20356639476672067,0.02725195711293905,0.7691816481203403
25904,Neutral,0.5513805201171406,0.04315290501880738,0.4054665748640521
25905,LOF,0.008271266335508499,0.40835662578152915,0.5833721078829623
25906,LOF,0.00859782595012086,0.0672593480197363,0.9241428260301429
25907,LOF,0.008845287621454144,0.26087555386157973,0.730279158516966
25908,LOF,0.009096849961210803,0.26415910388532077,0.7267440461534684
25909,LOF,0.034808973450456616,0.10580080058828072,0.8593902259612626
25910,LOF,0.012660212051270235,0.1587841637243047,0.8285556242244251
25911,LOF,0.18832772541612944,0.02651525909273698,0.7851570154911336
25912,LOF,0.11134501009137866,0.022847086047296256,0.8658079038613251
25913,LOF,0.02114990349941325,0.030025474482341583,0.9488246220182452
25914,LOF,0.042444749048037037,0.026871975058866526,0.9306832758930965
25915,LOF,0.1775497601417158,0.20409047047677648,0.6183597693815078
25916,LOF,0.012370037299702251,0.10328468444425389,0.8843452782560438
25917,LOF,0.06982455854883025,0.029459289829491652,0.900716151621678
25918,LOF,0.04268885605389808,0.016441138508807587,0.9408700054372943
25919,LOF,0.034236906316532485,0.017806366034162687,0.9479567276493049
25920,LOF,0.33520977149082243,0.15238553988041895,0.5124046886287587
25921,LOF,0.018216878448667907,0.015999427296236816,0.9657836942550952
25922,LOF,0.018241704305105695,0.018079760119147695,0.9636785355757466
25923,LOF,0.44806548391647416,0.012336941284445936,0.5395975747990799
25924,LOF,0.028227030377793064,0.017855513777958566,0.9539174558442485
25925,LOF,0.11433318345882287,0.02675805927500262,0.8589087572661744
25926,LOF,0.09642893273420501,0.019607646878301115,0.8839634203874939
25927,LOF,0.027849696233351397,0.027789088789613687,0.9443612149770348
25928,LOF,0.015045736273566887,0.015957918040102062,0.9689963456863311
25929,Neutral,0.5941074478390918,0.011888379000656098,0.39400417316025216
25930,LOF,0.10546188347535672,0.011683462377904578,0.8828546541467386
25931,LOF,0.016540362095058877,0.01228314833255245,0.9711764895723886
25932,LOF,0.09226601965857903,0.010869384099252363,0.8968645962421686
25933,LOF,0.10399135248867199,0.007578038172521675,0.8884306093388062
25934,LOF,0.0981868182240835,0.007058480507665219,0.8947547012682513
25935,LOF,0.11492647942079419,0.021419967431263728,0.863653553147942
25936,LOF,0.09965560776342793,0.006798646470641841,0.8935457457659304
25937,LOF,0.023252313352617883,0.01446284432413925,0.9622848423232429
25938,LOF,0.1130518423415693,0.019695714760294164,0.8672524428981365
25939,LOF,0.06384479133654344,0.010608776579783206,0.9255464320836734
25940,GOF,0.011284247963070322,0.5795090640267554,0.4092066880101742
25941,Neutral,0.5058246288016128,0.04420481289520708,0.44997055830318017
25942,LOF,0.012073193826386773,0.044812861554586414,0.9431139446190268
25943,LOF,0.048801410650182016,0.17347655939649034,0.7777220299533277
25944,LOF,0.060538766992611674,0.10032443647349426,0.839136796533894
25945,LOF,0.201019118598349,0.027540583055184246,0.7714402983464668
25946,LOF,0.07365132637760974,0.03511811362582451,0.8912305599965658
25947,Neutral,0.5046051256932456,0.14167600274278513,0.3537188715639693
25948,LOF,0.3820859708008207,0.011327442730875222,0.6065865864683042
25949,LOF,0.13869790136698879,0.05929617400071978,0.8020059246322914
25950,GOF,0.09803901240505525,0.6683710108109112,0.23358997678403345
25951,LOF,0.012433825791241231,0.4567426341213756,0.5308235400873831
25952,LOF,0.16468804658856687,0.2716240057592202,0.563687947652213
25953,LOF,0.007240403405664317,0.3224310331469505,0.6703285634473852
25954,GOF,0.06532778817953645,0.46819669785883306,0.4664755139616306
25955,LOF,0.01000130464740571,0.3030665032151002,0.6869321921374941
25956,LOF,0.009608893396291132,0.37832196775531723,0.6120691388483915
25957,LOF,0.1630787826373685,0.04427691357736129,0.7926443037852702
25958,LOF,0.03133434399790561,0.05826105408619462,0.9104046019158999
25959,GOF,0.0073160652774090385,0.7294733666864052,0.2632105680361858
25960,LOF,0.005123588972092671,0.12415208241739006,0.8707243286105173
25961,LOF,0.02731413946496171,0.0478249956079362,0.9248608649271021
25962,LOF,0.032597413772239826,0.097376682447204,0.8700259037805562
25963,LOF,0.009139415335633243,0.14925800449296744,0.8416025801713992
25964,LOF,0.04123108684644874,0.11633905108687445,0.8424298620666768
25965,LOF,0.17135170550078,0.17126430004396276,0.6573839944552572
25966,LOF,0.31312106176740306,0.10873270212526558,0.5781462361073314
25967,LOF,0.005866906118550323,0.11598444749208528,0.8781486463893644
25968,LOF,0.049290546580166114,0.26526303084664854,0.6854464225731853
25969,LOF,0.155817201053782,0.06564292569147306,0.778539873254745
25970,LOF,0.060975531596615964,0.0695059608751389,0.8695185075282452
25971,LOF,0.06653608597611024,0.03339747597037944,0.9000664380535103
25972,LOF,0.07982916883632889,0.04030264017107912,0.8798681909925918
25973,LOF,0.057537661774804724,0.01137900928981732,0.931083328935378
25974,LOF,0.058094773569286134,0.041432062053862066,0.9004731643768518
25975,LOF,0.03377489409950435,0.015658157901002334,0.9505669479994934
25976,LOF,0.09049555088939168,0.01218704547629112,0.8973174036343172
25977,LOF,0.24601777142394365,0.05025172987793196,0.7037304986981244
25978,LOF,0.15302244493648862,0.15282703569220019,0.6941505193713112
25979,LOF,0.12092083086502613,0.16328304737795404,0.7157961217570198
25980,LOF,0.20332774618477023,0.2336829004850281,0.5629893533302016
25981,LOF,0.20482837227225478,0.23614815188395955,0.5590234758437856
25982,LOF,0.36187983779417926,0.12249952441882041,0.5156206377870004
25983,Neutral,0.45475874719313003,0.13062876561293735,0.4146124871939327
25984,LOF,0.07097319968112129,0.09470800174215482,0.8343187985767239
25985,Neutral,0.4401728142726518,0.12651619366791425,0.4333109920594341
25986,LOF,0.015133636016391044,0.40905623565502947,0.5758101283285795
25987,LOF,0.045395932347556435,0.09650318095858189,0.8581008866938616
25988,LOF,0.06749788122623161,0.17522324711046175,0.7572788716633065
25989,LOF,0.07537582514345685,0.22904213396514223,0.6955820408914009
25990,LOF,0.06295601699716279,0.34642362523348463,0.5906203577693525
25991,GOF,0.025292123284811646,0.5432317873762244,0.43147608933896403
25992,LOF,0.01169172089008948,0.44435655482317604,0.5439517242867344
25993,LOF,0.019255471933035173,0.05732644917991032,0.9234180788870545
25994,LOF,0.023666146419416553,0.0713694590969598,0.9049643944836236
25995,LOF,0.018296695279314032,0.12789830321431367,0.8538050015063722
25996,GOF,0.3119182164657372,0.43778901007955157,0.2502927734547113
25997,GOF,0.05508058695983025,0.537617140223052,0.4073022728171178
25998,LOF,0.2430453990004569,0.03702626471267993,0.7199283362868631
25999,LOF,0.025785871261854082,0.32235127388112356,0.6518628548570224
26000,LOF,0.14807397219727395,0.014543635613820464,0.8373823921889056
26001,LOF,0.15292710545698082,0.019524334239228853,0.8275485603037903
26002,LOF,0.08741624910513665,0.02317867760042691,0.8894050732944364
26003,GOF,0.00675291256235297,0.55803403265542,0.43521305478222705
26004,GOF,0.017201572026556457,0.5710817886110665,0.4117166393623769
26005,LOF,0.005594200419785295,0.4543984088991739,0.5400073906810409
26006,GOF,0.10587575053133093,0.4749387102492721,0.419185539219397
26007,LOF,0.010477810267228185,0.45331949341501765,0.5362026963177542
26008,GOF,0.0072470275278775165,0.5321616544014321,0.46059131807069037
26009,GOF,0.012424071272934456,0.585947631706907,0.40162829702015856
26010,GOF,0.009981174909854434,0.5239060325395725,0.4661127925505731
26011,LOF,0.0066882937872931696,0.40214044724687587,0.591171258965831
26012,GOF,0.005529970806114978,0.5058888449639264,0.48858118422995866
26013,GOF,0.012887610991402634,0.524808936967399,0.4623034520411984
26014,LOF,0.03893572381951913,0.07834619067060324,0.8827180855098777
26015,LOF,0.4211915083832443,0.020601743047540946,0.5582067485692147
26016,LOF,0.28091103526355715,0.02763253075082075,0.6914564339856221
26017,LOF,0.01816867463700975,0.12020593232968586,0.8616253930333044
26018,LOF,0.03551460339506413,0.05977303696132594,0.9047123596436099
26019,LOF,0.03520838617399433,0.0521084930208896,0.912683120805116
26020,LOF,0.007237387152374096,0.12099813267154916,0.8717644801760768
26021,LOF,0.08227183946366054,0.050138935407826365,0.8675892251285131
26022,LOF,0.040421665925683005,0.023310778527361412,0.9362675555469555
26023,LOF,0.025437201004031726,0.03716331420476827,0.9373994847912
26024,LOF,0.05366897691540189,0.03887150999614415,0.9074595130884541
26025,LOF,0.13760044417810396,0.03867263898722319,0.8237269168346729
26026,LOF,0.13089569072481075,0.030294305842806447,0.8388100034323829
26027,LOF,0.03409926993118457,0.022331442675346945,0.9435692873934685
26028,LOF,0.06823122852088714,0.17147290202931983,0.760295869449793
26029,LOF,0.027818178173399252,0.1958442699809035,0.7763375518456973
26030,LOF,0.1134377473526435,0.026825474658573822,0.8597367779887827
26031,LOF,0.01216685714867161,0.16938033038811656,0.8184528124632119
26032,LOF,0.03380817516765544,0.0486626182882661,0.9175292065440785
26033,LOF,0.03760746074881014,0.050104762138527374,0.9122877771126625
26034,LOF,0.017584606753615752,0.1102804126624507,0.8721349805839337
26035,LOF,0.010869392384863948,0.11514280282238168,0.8739878047927544
26036,LOF,0.01008388495975785,0.09119016567110219,0.89872594936914
26037,LOF,0.010379996159261407,0.09687072337930003,0.8927492804614385
26038,LOF,0.02993405555749848,0.04271192884249853,0.927354015600003
26039,LOF,0.02875998586816767,0.13395526405381633,0.8372847500780161
26040,LOF,0.07942896399592077,0.1322467794747034,0.7883242565293759
26041,LOF,0.012132479567827594,0.10194491832523964,0.8859226021069327
26042,LOF,0.01124697067561476,0.10904077824266398,0.8797122510817212
26043,LOF,0.03120996840521337,0.07710951568697158,0.8916805159078152
26044,LOF,0.007068289853388494,0.056388995559818425,0.9365427145867932
26045,LOF,0.09095085256449663,0.21115752090084802,0.6978916265346553
26046,LOF,0.026991970575208368,0.05309801537389054,0.919910014050901
26047,LOF,0.06260137123382618,0.05268240787629957,0.8847162208898743
26048,LOF,0.0886243587085326,0.022522456708599727,0.8888531845828678
26049,Neutral,0.944381668425033,0.006867765689998757,0.04875056588496834
26050,Neutral,0.9100679324116082,0.007488504812526561,0.08244356277586523
26051,LOF,0.02606854731889068,0.3198408495085509,0.6540906031725585
26052,LOF,0.025068878902746537,0.2862275772823367,0.6887035438149167
26053,LOF,0.01685766293710851,0.18180003768578434,0.8013422993771071
26054,LOF,0.058196976685595904,0.05370227628279729,0.8881007470316068
26055,LOF,0.08347672160967964,0.043695303103952185,0.8728279752863681
26056,LOF,0.06907298840078843,0.05295593413217816,0.8779710774670335
26057,LOF,0.06910989935851909,0.03059191610327084,0.9002981845382101
26058,LOF,0.07579643960970422,0.02475380659744294,0.8994497537928529
26059,LOF,0.2103282260015067,0.06347995008062292,0.7261918239178704
26060,LOF,0.01432560681214253,0.24870223590687346,0.736972157280984
26061,LOF,0.011159517125741748,0.01990489336846587,0.9689355895057925
26062,LOF,0.005729332695274975,0.03175251097586139,0.9625181563288636
26063,LOF,0.048859637376211976,0.018201665821681864,0.9329386968021062
26064,LOF,0.013415949317659093,0.027638802677632336,0.9589452480047087
26065,LOF,0.06682766440467433,0.029608283303666702,0.903564052291659
26066,LOF,0.055747242215377725,0.019663359123791156,0.9245893986608311
26067,LOF,0.05477763337775296,0.018107888140375745,0.9271144784818712
26068,LOF,0.05669561429686621,0.043781297330531495,0.8995230883726022
26069,LOF,0.1785807915262721,0.03710187850636074,0.7843173299673671
26070,LOF,0.3882844952737521,0.02044776341951022,0.5912677413067378
26071,LOF,0.050976599334610406,0.022587055448015227,0.9264363452173745
26072,LOF,0.0069569702506496935,0.027309620337607966,0.9657334094117423
26073,LOF,0.04625006157497656,0.020625227086971617,0.9331247113380519
26074,Neutral,0.668730179069414,0.014579015530855685,0.3166908053997303
26075,LOF,0.045750868383388855,0.0329805449240944,0.9212685866925168
26076,LOF,0.046014524917995785,0.02754418374252203,0.9264412913394822
26077,LOF,0.15258222740558716,0.0187755888882119,0.8286421837062009
26078,LOF,0.005677910512322839,0.04814603993215768,0.9461760495555196
26079,LOF,0.062043447418399976,0.03406418148301315,0.9038923710985868
26080,LOF,0.061109036002542985,0.03426803675254554,0.9046229272449114
26081,LOF,0.04700193239488028,0.01763750925189276,0.9353605583532268
26082,LOF,0.0064508953870547475,0.030145140760402603,0.9634039638525427
26083,LOF,0.11239835213950224,0.03241390554388421,0.8551877423166135
26084,LOF,0.13778427346907074,0.02824576358924816,0.833969962941681
26085,LOF,0.12765559775297824,0.02367756686742069,0.848666835379601
26086,LOF,0.03975297398479903,0.026979467478422545,0.9332675585367786
26087,LOF,0.04172930494503582,0.02227199709127877,0.9359986979636854
26088,LOF,0.006585088016651945,0.05796823397129701,0.935446678012051
26089,LOF,0.042815425394403875,0.046584403250798975,0.9106001713547971
26090,LOF,0.042563117075830006,0.04281951636474938,0.9146173665594206
26091,LOF,0.0329252733791644,0.01666589677106483,0.9504088298497708
26092,LOF,0.044685142330883616,0.015221067153602563,0.9400937905155138
26093,LOF,0.05659338717282626,0.010362006070886335,0.9330446067562873
26094,LOF,0.038558472546669414,0.01297193511025334,0.9484695923430774
26095,LOF,0.011287763377198421,0.03672591274489345,0.951986323877908
26096,LOF,0.2484400171543763,0.007419484617863714,0.7441404982277599
26097,LOF,0.005959131403506504,0.08188051296647636,0.9121603556300172
26098,LOF,0.055482774632346084,0.030764219225416403,0.9137530061422374
26099,LOF,0.048248458736053865,0.03364736172907387,0.9181041795348723
26100,LOF,0.048248458736053865,0.03364736172907387,0.9181041795348723
26101,LOF,0.044699104209377206,0.06271961890147097,0.8925812768891518
26102,LOF,0.03899637148080579,0.026351860582727548,0.9346517679364666
26103,Neutral,0.8955669361930403,0.03989814604024589,0.0645349177667138
26104,LOF,0.051990011223228,0.07096809390016565,0.8770418948766064
26105,LOF,0.26936888863158626,0.07901063751912095,0.6516204738492928
26106,LOF,0.2625751752881308,0.028221861467964224,0.7092029632439051
26107,LOF,0.015285706510873404,0.06729416220941534,0.9174201312797112
26108,LOF,0.16024109483028237,0.04957508168078172,0.7901838234889359
26109,LOF,0.05585174305373684,0.058664212874155665,0.8854840440721076
26110,LOF,0.4202730117786736,0.011557514070837485,0.5681694741504889
26111,LOF,0.06841411937919846,0.06768961786616573,0.8638962627546357
26112,LOF,0.07082273149849654,0.01140704220079471,0.9177702263007087
26113,LOF,0.10710112291904576,0.02922899521459929,0.863669881866355
26114,LOF,0.09420914242993007,0.008148312237142782,0.8976425453329271
26115,LOF,0.019255019942322968,0.0693046805667884,0.9114402994908886
26116,LOF,0.08080404255379617,0.024987202717330983,0.8942087547288728
26117,LOF,0.3601704215865719,0.04095791455673174,0.5988716638566963
26118,LOF,0.03679388529288575,0.019703206364960642,0.9435029083421536
26119,LOF,0.005915760296514133,0.08120829145984203,0.9128759482436438
26120,LOF,0.03328520969496758,0.013977087037562862,0.9527377032674696
26121,LOF,0.004391827267280581,0.10189600865126858,0.8937121640814508
