feature0,prediction,LoGoFunc_Neutral,LoGoFunc_GOF,LoGoFunc_LOF
25546,Neutral,0.6666391514377314,0.06130484285909766,0.2720560057031709
25547,Neutral,0.4928683883732701,0.11570293778107935,0.3914286738456506
25548,Neutral,0.49304164580041515,0.09159990037100926,0.41535845382857556
25549,LOF,0.4289556872009812,0.09040659597153056,0.48063771682748835
25550,LOF,0.3562553597232649,0.15383997322009352,0.48990466705664154
25551,LOF,0.2604210983916586,0.17455518876880136,0.56502371283954
25552,LOF,0.19929611338441697,0.16490423835471632,0.6357996482608668
25553,Neutral,0.7801551986898962,0.05207653031120225,0.16776827099890151
25554,LOF,0.2304270794022437,0.15615572105477654,0.6134171995429798
25555,LOF,0.19254652036964615,0.1411092918139861,0.6663441878163677
25556,LOF,0.3895766278128391,0.14661872258489742,0.46380464960226364
25557,LOF,0.17938651598878702,0.15080136148975726,0.6698121225214558
25558,LOF,0.21797141513619214,0.16186386964807636,0.6201647152157316
25559,LOF,0.19964756783549695,0.1240429075534572,0.6763095246110458
25560,LOF,0.07492442602477503,0.14616331729262755,0.7789122566825973
25561,LOF,0.14331845021103862,0.14670332411281273,0.7099782256761485
25562,LOF,0.06642783182027044,0.09790680023750549,0.835665367942224
25563,LOF,0.09451045375666799,0.09058445137199092,0.814905094871341
25564,LOF,0.1969261041653034,0.18255118120935573,0.6205227146253409
25565,LOF,0.14152122197524883,0.1394731561286404,0.7190056218961108
25566,GOF,0.018924283448158684,0.7958911849970485,0.18518453155479286
25567,LOF,0.021324197646046986,0.20509482631613943,0.7735809760378136
25568,LOF,0.05252843687054486,0.08821509972892763,0.8592564634005274
25569,LOF,0.051879534483023605,0.08800025235103855,0.860120213165938
25570,LOF,0.031304128885943916,0.12082194131570943,0.8478739297983467
25571,LOF,0.02974069661509448,0.12004510052922025,0.8502142028556853
25572,LOF,0.035104161624055316,0.1541364516590838,0.810759386716861
25573,LOF,0.024251220530541854,0.11823964338506673,0.8575091360843915
25574,LOF,0.017595936459032856,0.1791316313974897,0.8032724321434774
25575,LOF,0.024130448008275407,0.12447377816293384,0.8513957738287907
25576,LOF,0.012407456087879873,0.17330102204369446,0.8142915218684257
25577,LOF,0.010846885904913256,0.1400052644734301,0.8491478496216566
25578,LOF,0.26495813804465346,0.10551255833662809,0.6295293036187185
25579,LOF,0.162990666241192,0.11187551800166705,0.725133815757141
25580,LOF,0.018189677940078183,0.09735290300902207,0.8844574190508998
25581,LOF,0.040490313544612085,0.0889427843816141,0.8705669020737737
25582,LOF,0.04045662541608484,0.08770127831115675,0.8718420962727583
25583,LOF,0.020704237165941834,0.10550584420503895,0.8737899186290191
25584,Neutral,0.5324967795263232,0.12037582120152128,0.34712739927215547
25585,LOF,0.012000429710744913,0.16289538777836274,0.8251041825108922
25586,LOF,0.01625017253469601,0.08660589355439462,0.8971439339109094
25587,LOF,0.01649929275860386,0.08199155299553422,0.901509154245862
25588,LOF,0.01692691805348396,0.09927819922691107,0.883794882719605
25589,Neutral,0.6051711376446062,0.14275343526310877,0.2520754270922851
25590,LOF,0.018639321854259976,0.13622538473834794,0.8451352934073921
25591,LOF,0.08106152507639154,0.07215255718022758,0.846785917743381
25592,LOF,0.04663953722763664,0.14805589118523171,0.8053045715871318
25593,LOF,0.022543375506994975,0.2640754994028005,0.7133811250902045
25594,LOF,0.0374328926610191,0.11247199072967402,0.8500951166093068
25595,LOF,0.041557817906807126,0.07787218032918496,0.880570001764008
25596,LOF,0.05576551616060317,0.06721001938815975,0.877024464451237
25597,LOF,0.03945027219046084,0.07642446654063142,0.8841252612689078
25598,LOF,0.03573626339562975,0.09652065904652458,0.8677430775578456
25599,GOF,0.007547733760635785,0.5655428626084612,0.426909403630903
25600,GOF,0.02520796810612351,0.5988497467271807,0.3759422851666958
25601,LOF,0.015258208128770033,0.439867010262366,0.5448747816088639
25602,LOF,0.011296749921718753,0.05198626958060815,0.936716980497673
25603,LOF,0.050626561412476304,0.01917150406057104,0.9302019345269527
25604,LOF,0.014705985242769273,0.0703720732906369,0.9149219414665938
25605,LOF,0.008144627960949273,0.20898489472080198,0.7828704773182489
25606,LOF,0.09110169788901093,0.3804960415083765,0.5284022606026125
25607,LOF,0.004806494487482611,0.23668915293084608,0.7585043525816713
25608,LOF,0.011324684658532399,0.10267384797727125,0.8860014673641963
25609,LOF,0.07048895073992775,0.37509932691205566,0.5544117223480166
25610,LOF,0.01882586843596639,0.024917535283419792,0.9562565962806138
25611,LOF,0.019644852326339494,0.025045884975159683,0.9553092626985009
25612,LOF,0.06727131000053897,0.036302976087302354,0.8964257139121588
25613,LOF,0.06110956244496818,0.036706400048848814,0.9021840375061829
25614,LOF,0.02500675685728638,0.029887524210937877,0.9451057189317759
25615,LOF,0.019722616637071283,0.03975405707736581,0.940523326285563
25616,LOF,0.05846022047147966,0.027002586267523377,0.914537193260997
25617,LOF,0.057825252434718255,0.03100730450107541,0.9111674430642064
25618,LOF,0.07309799334466704,0.03236927559053477,0.8945327310647981
25619,LOF,0.017942359578518814,0.03012461098878747,0.9519330294326936
25620,LOF,0.07183080323465293,0.03566762331438197,0.892501573450965
25621,LOF,0.018350180376787255,0.036200415920975504,0.9454494037022373
25622,LOF,0.023352636638465072,0.04133417462368358,0.9353131887378514
25623,LOF,0.04224179446842653,0.03137282999946024,0.9263853755321132
25624,LOF,0.020735933578422662,0.035992368340524265,0.943271698081053
25625,LOF,0.024442399048560035,0.049904145229029445,0.9256534557224105
25626,LOF,0.0544360925074148,0.03456846806098568,0.9109954394315994
25627,Neutral,0.609973048376028,0.10658402327564949,0.2834429283483225
25628,LOF,0.19411270241225356,0.05117873833174837,0.7547085592559981
25629,LOF,0.03976607850815333,0.0537911461249752,0.9064427753668715
25630,LOF,0.14288727454163447,0.08751629646338303,0.7695964289949825
25631,Neutral,0.6293421722718072,0.05786760642427466,0.3127902213039182
25632,LOF,0.007911255548765275,0.07367259908102432,0.9184161453702103
25633,LOF,0.2804740146620544,0.04321243725842223,0.6763135480795235
25634,LOF,0.030661222178925356,0.09614404977731988,0.8731947280437548
25635,LOF,0.03412265654194007,0.052122288489332154,0.9137550549687278
25636,GOF,0.0054962307264634904,0.5969714894984197,0.39753227977511685
25637,GOF,0.007354030773082839,0.6233076793700921,0.36933828985682504
25638,LOF,0.011765477155344607,0.2952730908229952,0.6929614320216603
25639,LOF,0.005387309414798405,0.4759475864324146,0.5186651041527871
25640,Neutral,0.4787712632786492,0.43125425536247547,0.08997448135887534
25641,LOF,0.011644236644394429,0.32044666665227917,0.6679090967033264
25642,LOF,0.2487322080021909,0.06097146778093543,0.6902963242168737
25643,LOF,0.1261253496238023,0.16544519922344192,0.7084294511527557
25644,LOF,0.010568778104794622,0.4602630800582519,0.5291681418369534
25645,LOF,0.007853991577828626,0.43354657930793666,0.5585994291142348
25646,LOF,0.013226403898094865,0.3004586353239391,0.686314960777966
25647,LOF,0.010394899244758074,0.25812371252597677,0.7314813882292651
25648,LOF,0.00936966376353635,0.25700774266134496,0.7336225935751186
25649,LOF,0.007767735185916198,0.20048107996023773,0.7917511848538461
25650,LOF,0.01392016112529419,0.4123846842834072,0.5736951545912985
25651,LOF,0.006252572758360298,0.28035164815233443,0.7133957790893053
25652,LOF,0.009940721737836136,0.2501223214907766,0.7399369567713873
25653,LOF,0.029093869453291038,0.3828081280023205,0.5880980025443884
25654,LOF,0.01050432903446918,0.16658554751426521,0.8229101234512656
25655,LOF,0.05018642010156383,0.4087335163157554,0.5410800635826808
25656,LOF,0.17632985600123474,0.046282984330396355,0.7773871596683689
25657,LOF,0.2612663701776686,0.02480538403144708,0.7139282457908842
25658,LOF,0.06529901588646604,0.07423708647045274,0.8604638976430812
25659,LOF,0.3774180367211671,0.06480896725636144,0.5577729960224714
25660,LOF,0.03279295636679044,0.09673195173527674,0.8704750918979328
25661,LOF,0.10200417812352087,0.06325423341477247,0.8347415884617067
25662,LOF,0.026166316595089438,0.04570291369078433,0.9281307697141263
25663,LOF,0.0340983877769651,0.06509280199893827,0.9008088102240965
25664,LOF,0.038376583341703845,0.07672244640287683,0.8849009702554194
25665,LOF,0.05557854294114709,0.037107458490860126,0.9073139985679929
25666,LOF,0.038744088414126764,0.10265095431556594,0.8586049572703073
25667,LOF,0.07553428929036599,0.04781435272994855,0.8766513579796854
25668,LOF,0.027548142678179146,0.050461099251073796,0.9219907580707472
25669,LOF,0.028980484381130225,0.07259549825549302,0.8984240173633767
25670,LOF,0.05955315120346369,0.06403765137268264,0.8764091974238538
25671,LOF,0.09180239876952864,0.04195818068278304,0.8662394205476882
25672,LOF,0.053199967640180146,0.04941346206972341,0.8973865702900964
25673,LOF,0.028445387895621167,0.06139632719738447,0.9101582849069944
25674,LOF,0.022478257545485446,0.07742464546361733,0.9000970969908972
25675,LOF,0.04042889040636705,0.07111731239332439,0.8884537972003087
25676,LOF,0.020687435574553683,0.059812697643314865,0.9194998667821315
25677,LOF,0.02899720148079735,0.06864109770540637,0.9023617008137963
25678,LOF,0.19257842228767072,0.0531436428681836,0.7542779348441456
25679,LOF,0.18048793330466262,0.07431347889124866,0.7451985878040887
25680,LOF,0.036934165452246336,0.11300737625498344,0.8500584582927702
25681,LOF,0.062285317443722954,0.10618852745884207,0.831526155097435
25682,LOF,0.11804731007562824,0.07703227126387474,0.8049204186604971
25683,LOF,0.08748067423521019,0.10778608690697697,0.8047332388578129
25684,LOF,0.04565884381092136,0.07599295966854554,0.8783481965205332
25685,LOF,0.08056979233158124,0.06496155011249807,0.8544686575559208
25686,LOF,0.027967176926655297,0.09141049229737354,0.8806223307759712
25687,LOF,0.04401971709625808,0.07067490390842321,0.8853053789953188
25688,LOF,0.04122358202289339,0.041651005261960736,0.9171254127151459
25689,LOF,0.02470225319661536,0.05060470041196931,0.9246930463914153
25690,LOF,0.02839639970394325,0.04219353233378389,0.9294100679622729
25691,LOF,0.21408066312852456,0.060830285392228386,0.7250890514792471
25692,LOF,0.26569125099766344,0.0057546070502140145,0.7285541419521225
25693,LOF,0.08290924290413242,0.24650415356088246,0.6705866035349851
25694,LOF,0.2513759710593962,0.015280320310060552,0.7333437086305433
25695,LOF,0.16961837515835806,0.025511774058695532,0.8048698507829465
25696,LOF,0.11445013971193431,0.012511606965505663,0.8730382533225599
25697,LOF,0.07555548826335408,0.019757979867178914,0.9046865318694669
25698,LOF,0.04660249877133192,0.4312064062286215,0.5221910950000467
25699,LOF,0.07181843347660628,0.09248314685195827,0.8356984196714353
25700,LOF,0.06689290822541463,0.008615460553119627,0.9244916312214657
25701,LOF,0.01670702510948388,0.08111390119357173,0.9021790736969444
25702,GOF,0.03147011216820614,0.699457960012065,0.26907192781972894
25703,LOF,0.008333397844644526,0.16648861805591256,0.825177984099443
25704,LOF,0.04805425887618096,0.14029685234297937,0.8116488887808397
25705,LOF,0.0594607208791519,0.2494886752209227,0.6910506038999253
25706,GOF,0.03176920083301518,0.566788249342339,0.4014425498246458
25707,GOF,0.023209799867817724,0.5106818525030533,0.46610834762912895
25708,LOF,0.007716902778097132,0.40455684874914616,0.5877262484727568
25709,LOF,0.059576692976950577,0.0673351380431084,0.873088168979941
25710,LOF,0.005316286800963071,0.15647039682126648,0.8382133163777705
25711,LOF,0.020117281849440814,0.12928727039214075,0.8505954477584184
25712,LOF,0.0071179041916445,0.17749064775912915,0.8153914480492263
25713,LOF,0.018670216390145423,0.11789015832527516,0.8634396252845794
25714,LOF,0.07136695674590288,0.1453609556725964,0.7832720875815008
25715,LOF,0.01351955543195484,0.15604022122545738,0.8304402233425878
25716,LOF,0.006186099806640821,0.11166828666750116,0.882145613525858
25717,LOF,0.0057795934800996245,0.10524689944355754,0.8889735070763428
25718,LOF,0.014482615075648856,0.10268846185304525,0.8828289230713059
25719,LOF,0.023263970784103485,0.1075395654159479,0.8691964637999485
25720,LOF,0.023849646409914747,0.09469874106381367,0.8814516125262715
25721,LOF,0.01688287731073459,0.11922460933023744,0.8638925133590281
25722,LOF,0.01390002633954847,0.14394894494341426,0.8421510287170373
25723,LOF,0.020273683343561926,0.08107366968525122,0.8986526469711869
25724,LOF,0.020977719049531444,0.11689766639790064,0.862124614552568
25725,LOF,0.01389586787154001,0.0880423515918399,0.89806178053662
25726,LOF,0.012164593252991072,0.11169590719546768,0.8761394995515414
25727,LOF,0.015089371007466996,0.10032862104249499,0.8845820079500379
25728,LOF,0.01279463504197694,0.12155742304938809,0.865647941908635
25729,LOF,0.01323648790242885,0.12511398323420203,0.8616495288633692
25730,LOF,0.014018256199860378,0.10676641382980796,0.8792153299703317
25731,LOF,0.008718491651433813,0.12939127986294433,0.8618902284856218
25732,LOF,0.013725407059988159,0.09967522566799461,0.8865993672720173
25733,LOF,0.01889796328946158,0.08490891981836622,0.8961931168921722
25734,LOF,0.0055809656464231435,0.13061229057544171,0.8638067437781352
25735,LOF,0.01716565867979107,0.08521003313855485,0.8976243081816541
25736,LOF,0.01493540324034484,0.13273100722788114,0.852333589531774
25737,LOF,0.024126001900356474,0.09915052630173098,0.8767234717979127
25738,LOF,0.014776265930618718,0.14827982957614258,0.8369439044932387
25739,LOF,0.021859981081577103,0.12314741843316587,0.8549926004852569
25740,LOF,0.0311923771931209,0.13390184641107777,0.8349057763958013
25741,LOF,0.01755072071926963,0.12042106132722422,0.8620282179535061
25742,LOF,0.11810646095082807,0.1101089785108107,0.7717845605383612
25743,LOF,0.01554964490627128,0.029811620482023547,0.9546387346117051
25744,LOF,0.22036479929319328,0.28155739822116216,0.4980778024856445
25745,LOF,0.024513423092340343,0.0473681822687611,0.9281183946388986
25746,LOF,0.014966049871054774,0.058759600585785825,0.9262743495431595
25747,LOF,0.027851647092407884,0.024767224546323952,0.9473811283612683
25748,LOF,0.145819631482799,0.039119158428851046,0.81506121008835
25749,LOF,0.015874260974028026,0.047452697997582005,0.93667304102839
25750,LOF,0.03245402899214463,0.05615498296264712,0.9113909880452082
25751,LOF,0.11196222454250113,0.04532855912232826,0.8427092163351706
25752,GOF,0.10857801841289409,0.6310772108646087,0.26034477072249723
25753,LOF,0.008028880742289229,0.3472807896324372,0.6446903296252736
25754,GOF,0.005603875099559174,0.8419776037355295,0.15241852116491122
25755,LOF,0.009553134056676387,0.4135360159053484,0.5769108500379753
25756,LOF,0.03889394539937607,0.4154202625954538,0.5456857920051702
25757,GOF,0.005952967076147846,0.8648167437560174,0.1292302891678349
25758,GOF,0.006740454134899309,0.8662163048133841,0.12704324105171663
25759,GOF,0.004511842264835289,0.5500690395638228,0.44541911817134194
25760,LOF,0.0045336480329204445,0.2896241678385184,0.7058421841285611
25761,GOF,0.035813661560703924,0.8329214630499117,0.13126487538938436
25762,LOF,0.029957736610124006,0.3178257776752591,0.6522164857146168
25763,LOF,0.00651603623826059,0.23318871889035003,0.7602952448713893
25764,GOF,0.164653494795402,0.522158528457815,0.31318797674678295
25765,GOF,0.011553110771411025,0.7852426580884652,0.20320423114012368
25766,GOF,0.01600255763786604,0.8215638275927237,0.1624336147694103
25767,LOF,0.02085612776339172,0.4835426544970165,0.49560121773959176
25768,LOF,0.07604724585061848,0.07724737878144501,0.8467053753679364
25769,LOF,0.08258503769573185,0.05479630856237709,0.8626186537418911
25770,LOF,0.2659168533831849,0.06969589792417516,0.66438724869264
25771,LOF,0.013500186578952165,0.06316556428014838,0.9233342491408995
25772,LOF,0.017734860803753364,0.029291069416432284,0.9529740697798144
25773,LOF,0.01119735016334872,0.11065754470393524,0.878145105132716
25774,LOF,0.024245056289440507,0.0746484423481567,0.9011065013624029
25775,LOF,0.016592795618764356,0.04457765983824041,0.9388295445429952
25776,LOF,0.0900361920288708,0.023370730955896535,0.8865930770152326
25777,LOF,0.3060363678623472,0.03931440424449634,0.6546492278931564
25778,LOF,0.07305863294000921,0.0419240362244436,0.8850173308355471
25779,GOF,0.06191610599449336,0.8683584158827693,0.06972547812273731
25780,GOF,0.05407470246355774,0.8458247844478448,0.10010051308859735
25781,GOF,0.02301712397433132,0.8299697070813118,0.1470131689443569
25782,GOF,0.027518430563899993,0.8695658027997294,0.10291576663637052
25783,GOF,0.013800705764468854,0.6778633003783667,0.3083359938571646
25784,GOF,0.11082596537026743,0.8211459048092133,0.0680281298205193
25785,GOF,0.06788148749700333,0.8757940629275978,0.05632444957539894
25786,GOF,0.005550850374660296,0.8090189106283251,0.1854302389970146
25787,GOF,0.1938064865918998,0.7643531556050992,0.04184035780300112
25788,LOF,0.049124289294512374,0.11467440217470129,0.8362013085307863
25789,GOF,0.03884025736946196,0.8102057333636882,0.15095400926684988
25790,GOF,0.042799254026753775,0.8501392243585641,0.10706152161468216
25791,GOF,0.027449686760127184,0.79348239729311,0.17906791594676288
25792,GOF,0.044162186252428175,0.8002723911524917,0.15556542259508013
25793,GOF,0.09197620515277516,0.777091719483683,0.13093207536354176
25794,GOF,0.0968115609709121,0.674577523105439,0.22861091592364896
25795,GOF,0.02766279130089025,0.7622556795182294,0.21008152918088036
25796,GOF,0.12704430167182162,0.7491506192994497,0.1238050790287287
25797,GOF,0.030633746202624844,0.5839177985020724,0.3854484552953028
25798,GOF,0.0033721738311431244,0.5461525418469284,0.4504752843219284
25799,LOF,0.0031019038490618244,0.4228244266126493,0.5740736695382889
25800,GOF,0.010572601392593355,0.6135568419533152,0.3758705566540915
25801,GOF,0.02837372199322939,0.8127991240228726,0.15882715398389807
25802,GOF,0.01797196358540628,0.7180097878198837,0.26401824859470996
25803,GOF,0.011105946652912126,0.6226698583555402,0.3662241949915477
25804,GOF,0.012632180266234624,0.5103852182229827,0.47698260151078264
25805,GOF,0.02205371179634118,0.6142648097428347,0.36368147846082416
25806,GOF,0.017599887570275183,0.6451257853495875,0.3372743270801372
25807,GOF,0.005095911763116502,0.6361534633130256,0.3587506249238579
25808,GOF,0.01479680225106947,0.6431545874723915,0.34204861027653893
25809,GOF,0.0057823741902331745,0.6197571321544291,0.3744604936553377
25810,GOF,0.005200678823565993,0.6328399760907988,0.3619593450856353
25811,GOF,0.08671941966562367,0.8106313407622756,0.10264923957210066
25812,GOF,0.015146824836149625,0.6305063685581012,0.35434680660574924
25813,GOF,0.09801931495743511,0.7579197633953767,0.14406092164718803
25814,GOF,0.027977178377883202,0.694611597915765,0.2774112237063518
25815,GOF,0.043507504270040256,0.7222768683992079,0.234215627330752
25816,GOF,0.008609480569157881,0.8078611698208192,0.18352934961002307
25817,GOF,0.0698892883795837,0.7465293937619222,0.18358131785849427
25818,GOF,0.022119138550253336,0.7174904245681808,0.26039043688156593
25819,GOF,0.06308210667081726,0.7380023700249237,0.19891552330425893
25820,GOF,0.031724214395099676,0.7167331455399281,0.2515426400649724
25821,GOF,0.017777867942437985,0.7012189289148136,0.28100320314274846
25822,GOF,0.03513080903812054,0.7263298342982767,0.23853935666360268
25823,GOF,0.012443965306472614,0.5531849886616722,0.4343710460318552
25824,GOF,0.022538664657887782,0.696654143219756,0.2808071921223562
25825,GOF,0.013172989130495867,0.6787034490411273,0.30812356182837686
25826,GOF,0.005147599583921367,0.6243778619153323,0.3704745385007463
25827,GOF,0.007492937939360419,0.6280122117958483,0.36449485026479134
25828,GOF,0.004675137803511371,0.5548700569501058,0.440454805246383
25829,GOF,0.0028209700314777947,0.6158579508645468,0.38132107910397534
25830,LOF,0.03161435972431583,0.3573657747647457,0.6110198655109385
25831,GOF,0.037880020987952685,0.8409181583154232,0.12120182069662422
25832,GOF,0.008066948557575305,0.7577353712609795,0.2341976801814451
25833,GOF,0.026729810942596216,0.8045431408758458,0.16872704818155787
25834,GOF,0.0075376172276706375,0.7624973809610002,0.2299650018113292
25835,GOF,0.0172678705926135,0.8177797334257252,0.16495239598166128
25836,GOF,0.006367515592071547,0.7622565263785416,0.23137595802938685
25837,GOF,0.006128964967229621,0.6502534376938002,0.3436175973389702
25838,GOF,0.020247413616184803,0.8243470578662426,0.1554055285175726
25839,GOF,0.03718067765929573,0.8053422558699092,0.1574770664707952
25840,GOF,0.03564317772246052,0.8171925471161648,0.14716427516137473
25841,GOF,0.03258717224672246,0.8447589315738946,0.12265389617938288
25842,GOF,0.02365970388610495,0.8577145617915447,0.11862573432235053
25843,GOF,0.025809391566414135,0.8773527861613832,0.09683782227220265
25844,GOF,0.017413452547543975,0.7892064423558278,0.19338010509662815
25845,GOF,0.005669685985288075,0.5816112734864024,0.41271904052830966
25846,GOF,0.028608111022898126,0.8470130037640172,0.12437888521308456
25847,GOF,0.016836562776206324,0.8817494295381686,0.10141400768562503
25848,GOF,0.015865333692695282,0.8221283973183641,0.1620062689889406
25849,GOF,0.004713305927056338,0.684797394644523,0.3104892994284207
25850,GOF,0.006731378103186472,0.6916599350371351,0.3016086868596783
25851,GOF,0.00577146778126768,0.567128244945735,0.42710028727299726
25852,GOF,0.15488612498999355,0.5543176305199908,0.2907962444900156
25853,GOF,0.06424316675390153,0.8372547121065608,0.09850212113953769
25854,GOF,0.010622316148304263,0.6600771486938233,0.3293005351578724
25855,GOF,0.014034304089510815,0.5748844876962295,0.41108120821425975
25856,GOF,0.03681156860771501,0.6846506823027466,0.27853774908953843
25857,GOF,0.016223169350811292,0.5316839283424453,0.4520929023067435
25858,GOF,0.009058082986952489,0.5301449537543907,0.46079696325865677
25859,GOF,0.0056325317947866745,0.511981399968399,0.48238606823681435
25860,GOF,0.07186032260870301,0.775276703073998,0.15286297431729898
25861,GOF,0.10357504627881645,0.8047415511254024,0.09168340259578116
25862,GOF,0.022545721622108803,0.8323595922351544,0.14509468614273674
25863,GOF,0.02101398840571681,0.8458031425931264,0.13318286900115678
25864,GOF,0.040876373704953825,0.863375209751616,0.0957484165434301
25865,GOF,0.02849808423954101,0.8198849881559245,0.15161692760453457
25866,GOF,0.023383869619790134,0.82149990065918,0.15511622972102979
25867,GOF,0.025464108122209242,0.8480895726193888,0.12644631925840188
25868,GOF,0.05383600316278862,0.7966905248523656,0.14947347198484584
25869,GOF,0.31427144621924646,0.5888711242853202,0.09685742949543327
25870,GOF,0.1987398057664699,0.49971806620019565,0.3015421280333346
25871,GOF,0.021939647710107636,0.8530396831778496,0.12502066911204276
25872,GOF,0.020290859474141075,0.8235000625429799,0.15620907798287906
25873,GOF,0.020212379559805628,0.849336565200399,0.13045105523979522
25874,LOF,0.016510965819902655,0.13234033526394287,0.8511486989161544
25875,LOF,0.032866167399743865,0.03695251562791472,0.9301813169723414
25876,LOF,0.013131750739701981,0.028117139737604144,0.9587511095226939
25877,LOF,0.12795888768488228,0.06348354942776592,0.8085575628873517
25878,LOF,0.05505478712162842,0.08316161350162457,0.8617835993767471
25879,LOF,0.02309358321782962,0.06788273045754914,0.9090236863246213
25880,LOF,0.04578166476634261,0.00863301127210507,0.9455853239615523
25881,Neutral,0.5669280558230879,0.05175339933454544,0.38131854484236666
25882,LOF,0.024436095754361734,0.03229641762247562,0.9432674866231626
25883,LOF,0.06303023029239428,0.018155129670210424,0.9188146400373953
25884,LOF,0.01358541195727402,0.03957494864295532,0.9468396393997706
25885,LOF,0.20640419457225914,0.006556124043589467,0.7870396813841514
25886,LOF,0.21476470757502333,0.02858603998912487,0.7566492524358518
25887,LOF,0.14493531090659822,0.057176186959145565,0.7978885021342561
25888,LOF,0.013609039009334824,0.1115186081231448,0.8748723528675204
25889,LOF,0.018089098241633125,0.026738323563409466,0.9551725781949574
25890,LOF,0.11410455510515352,0.08301227649609699,0.8028831683987495
25891,LOF,0.04690348696460936,0.03998086635651326,0.9131156466788773
25892,LOF,0.00969347432423305,0.054259107828923216,0.9360474178468438
25893,LOF,0.3927028845346129,0.01612738684329648,0.5911697286220906
25894,LOF,0.4284604187306095,0.007629173867455013,0.5639104074019354
25895,LOF,0.3461346334476743,0.01883447313673024,0.6350308934155955
25896,LOF,0.04373677876891793,0.0313194177082022,0.9249438035228799
25897,LOF,0.19561667829110957,0.016175493966290252,0.7882078277426001
25898,LOF,0.2149916744337319,0.043622673306019766,0.7413856522602483
25899,LOF,0.2460060132568282,0.032656628971354046,0.7213373577718178
25900,LOF,0.45112425604821016,0.014129649277976716,0.5347460946738131
25901,LOF,0.04830883981901589,0.012849876739279576,0.9388412834417045
25902,LOF,0.08896639801901352,0.021614529521142102,0.8894190724598444
25903,LOF,0.34333677799103934,0.04377029362869628,0.6128929283802644
25904,Neutral,0.48477772991230506,0.04325941570100259,0.4719628543866923
25905,LOF,0.006950478614490706,0.43547424441099153,0.5575752769745178
25906,LOF,0.007803296293933435,0.12754850010772179,0.8646482035983448
25907,LOF,0.003982272294158478,0.38259591987433683,0.6134218078315047
25908,LOF,0.0038292401559942165,0.2643738373547804,0.7317969224892253
25909,LOF,0.015112034899542163,0.16924592846434808,0.8156420366361098
25910,LOF,0.015726073887956774,0.1324726847346438,0.8518012413773993
25911,LOF,0.18339716928407554,0.025228451518750257,0.7913743791971741
25912,LOF,0.07131889584497707,0.05016215981520738,0.8785189443398155
25913,LOF,0.05798005047093092,0.0499320642263296,0.8920878853027395
25914,LOF,0.02129631312402214,0.05477063760912266,0.9239330492668553
25915,LOF,0.11042322738114259,0.25863099281625296,0.6309457798026046
25916,LOF,0.019908655430842866,0.1967257627975704,0.7833655817715868
25917,LOF,0.055596328869134355,0.04446540283518207,0.8999382682956836
25918,LOF,0.02621298144733104,0.03531090112846638,0.9384761174242027
25919,LOF,0.02263180873980611,0.03274096403525662,0.9446272272249373
25920,LOF,0.10221388202434295,0.206092742858866,0.691693375116791
25921,LOF,0.009252707643232362,0.031464025017171666,0.9592832673395959
25922,LOF,0.011922451549823743,0.025806597244888606,0.9622709512052877
25923,LOF,0.4146386019468845,0.03441177199507359,0.5509496260580419
25924,LOF,0.01670530052062654,0.03923327462910253,0.9440614248502708
25925,LOF,0.07726456920001687,0.04331047173547417,0.8794249590645089
25926,LOF,0.055111738743340966,0.03754650605440217,0.9073417552022569
25927,LOF,0.02106367788579982,0.06801001181670605,0.9109263102974943
25928,LOF,0.007122843229454875,0.04796149196966906,0.9449156648008761
25929,Neutral,0.4857604331288988,0.03242914211123722,0.4818104247598641
25930,LOF,0.08059328675603881,0.029561451904817026,0.8898452613391441
25931,LOF,0.00921133739703932,0.03233531138108659,0.958453351221874
25932,LOF,0.03512989207972766,0.02641147722824572,0.9384586306920266
25933,LOF,0.04104954015041286,0.016527416419426004,0.9424230434301613
25934,LOF,0.02747567678404333,0.01805336406643255,0.9544709591495241
25935,LOF,0.07312447328637184,0.05043657967757902,0.8764389470360492
25936,LOF,0.041601574541743444,0.020161246067105374,0.9382371793911513
25937,LOF,0.008494102836557956,0.03635844102948446,0.9551474561339576
25938,LOF,0.06474231086880354,0.05554151107026745,0.8797161780609289
25939,LOF,0.033582120732503086,0.0219786082143317,0.9444392710531652
25940,LOF,0.0097475198191414,0.3202288659607242,0.6700236142201345
25941,Neutral,0.5252806155471483,0.022466144637898956,0.4522532398149527
25942,LOF,0.0050984880293902125,0.04095281182035426,0.9539487001502555
25943,LOF,0.03269903756896111,0.12914663234648496,0.838154330084554
25944,LOF,0.11880896600677496,0.07264814016522583,0.8085428938279993
25945,LOF,0.057381228175801914,0.017417825763830715,0.9252009460603674
25946,LOF,0.07004947766299434,0.05571597113748896,0.8742345511995168
25947,Neutral,0.5049721693424968,0.07365656096918705,0.4213712696883161
25948,LOF,0.3381897260542991,0.009074600773756556,0.6527356731719445
25949,LOF,0.09287470163618712,0.04296539885567381,0.8641598995081391
25950,GOF,0.05078438233663203,0.6081080861695264,0.3411075314938416
25951,LOF,0.016921331662841724,0.3853735265565793,0.5977051417805791
25952,LOF,0.2789162030889998,0.30386414211701746,0.4172196547939827
25953,LOF,0.012408909283926975,0.16288362434214831,0.8247074663739247
25954,LOF,0.05113185571947709,0.4423226393203866,0.5065455049601363
25955,LOF,0.010854565271612129,0.15439834207133413,0.8347470926570537
25956,LOF,0.025087047064646303,0.28851540150689786,0.6863975514284558
25957,LOF,0.2151292236193344,0.03802908935257372,0.7468416870280918
25958,LOF,0.05456902556295479,0.03137992464840101,0.9140510497886443
25959,GOF,0.01564644898092557,0.534083508143333,0.45027004287574124
25960,LOF,0.006212456982701782,0.0539050502265638,0.9398824927907345
25961,LOF,0.05571678534743667,0.027550462041207383,0.916732752611356
25962,LOF,0.030870118062501138,0.08733882574993333,0.8817910561875655
25963,LOF,0.005018905008282612,0.27458513879728064,0.7203959561944367
25964,LOF,0.028839984048153078,0.10012976426802181,0.8710302516838251
25965,LOF,0.30644880365919375,0.14636254513822347,0.5471886512025828
25966,Neutral,0.46811520575561777,0.13255793547342606,0.39932685877095625
25967,LOF,0.006072665273481206,0.07568275655062456,0.9182445781758943
25968,LOF,0.04686590997124778,0.25803235665455154,0.6951017333742007
25969,LOF,0.13279915366591927,0.06582002269401821,0.8013808236400626
25970,LOF,0.017647734413147462,0.08717986930023598,0.8951723962866166
25971,LOF,0.06821698276908705,0.027799299753598877,0.9039837174773142
25972,LOF,0.05608051274910025,0.040292837835129124,0.9036266494157705
25973,LOF,0.05441666970651032,0.012751825940760313,0.9328315043527293
25974,LOF,0.03739906880594441,0.044086788708542386,0.9185141424855131
25975,LOF,0.04045308675042947,0.02875705180223294,0.9307898614473377
25976,LOF,0.10534186025307196,0.014160406146970918,0.8804977335999571
25977,LOF,0.20066902892916097,0.05808109690108882,0.7412498741697503
25978,LOF,0.12746397920882463,0.1356854206665434,0.7368506001246319
25979,LOF,0.11560716945124544,0.1389581884167082,0.7454346421320464
25980,LOF,0.2331595460104569,0.1619389595120953,0.6049014944774478
25981,LOF,0.23370392052824224,0.16276922668028582,0.6035268527914719
25982,LOF,0.3584066104637946,0.11627517470919269,0.5253182148270127
25983,LOF,0.3592160753769174,0.1261056339383975,0.5146782906846851
25984,LOF,0.035088534070485115,0.05408651249981405,0.9108249534297009
25985,LOF,0.40283675001701796,0.10486306784353558,0.4923001821394466
25986,LOF,0.011867840936905707,0.3987470136164264,0.589385145446668
25987,LOF,0.03536444439868445,0.09158275481015314,0.8730528007911624
25988,LOF,0.14053036786955478,0.09344427431565652,0.7660253578147888
25989,LOF,0.04289089136797428,0.1290817221558011,0.8280273864762245
25990,LOF,0.04279189731717431,0.21318172508253164,0.744026377600294
25991,LOF,0.021601529206728413,0.37124251468030706,0.6071559561129645
25992,LOF,0.025914156428747757,0.3547526737833741,0.6193331697878781
25993,LOF,0.020504736653856128,0.09678032925174752,0.8827149340943964
25994,LOF,0.016497211538896665,0.08945888127328498,0.8940439071878182
25995,LOF,0.01735475609893861,0.1985032921694509,0.7841419517316105
25996,LOF,0.3207093643416968,0.29412663612102374,0.38516399953727937
25997,LOF,0.09047464089975636,0.35326444482735964,0.5562609142728839
25998,LOF,0.2840252579788128,0.054587866300352395,0.6613868757208349
25999,LOF,0.018215025875618313,0.27705851284579397,0.7047264612785877
26000,LOF,0.15232453393100484,0.02965042757656663,0.8180250384924286
26001,LOF,0.3079232439399649,0.022636877446756534,0.6694398786132785
26002,LOF,0.065005275230593,0.046389919879385094,0.8886048048900218
26003,GOF,0.003779855564278828,0.6312639169028494,0.36495622753287166
26004,GOF,0.005541723207904176,0.73289958788246,0.2615586889096359
26005,GOF,0.0029151041818448282,0.5164999158470227,0.4805849799711325
26006,GOF,0.07666016717120264,0.6399609843844728,0.28337884844432454
26007,GOF,0.006153888181857825,0.6149175341997111,0.3789285776184311
26008,GOF,0.00549528059392625,0.6883540211261361,0.3061506982799378
26009,GOF,0.006133694354064806,0.6905997383074854,0.30326656733844987
26010,GOF,0.006654118389920217,0.6992409605753916,0.29410492103468816
26011,GOF,0.00269797238809993,0.5032696534250316,0.4940323741868685
26012,GOF,0.0037223609802480816,0.5856332766605421,0.4106443623592098
26013,GOF,0.004913901467382656,0.6499791732389171,0.34510692529370035
26014,LOF,0.03581116669742605,0.09958738564958931,0.8646014476529847
26015,LOF,0.1316223096826417,0.019350347342194003,0.8490273429751642
26016,LOF,0.2494485790815528,0.03450591109542248,0.7160455098230247
26017,LOF,0.021859319313941465,0.1778257959732613,0.8003148847127973
26018,LOF,0.052477004908944,0.03352261873896482,0.9140003763520913
26019,LOF,0.05110869626266727,0.028437546224935314,0.9204537575123973
26020,LOF,0.008593380203791946,0.19731964617727588,0.7940869736189321
26021,LOF,0.06954115400554879,0.06099394055639,0.8694649054380613
26022,LOF,0.02609667206541409,0.021986658284134288,0.9519166696504515
26023,LOF,0.041734877241041204,0.021419019011582392,0.9368461037473764
26024,LOF,0.04274486311159996,0.06438598415645594,0.892869152731944
26025,LOF,0.04751238480257736,0.06610179107256664,0.886385824124856
26026,LOF,0.0897007468259777,0.04707844559586109,0.8632208075781611
26027,LOF,0.04458025842725915,0.017146334085693826,0.938273407487047
26028,LOF,0.08615528544300467,0.12572371430914747,0.7881210002478479
26029,LOF,0.02683345063279303,0.2027723127473486,0.7703942366198583
26030,LOF,0.1570328339922625,0.03152534175946244,0.811441824248275
26031,LOF,0.01535217579183182,0.16071800091646557,0.8239298232917027
26032,LOF,0.06760904682916122,0.07694059883533463,0.8554503543355042
26033,LOF,0.08687567478272061,0.06978285317653969,0.8433414720407396
26034,LOF,0.014210970686900264,0.18603244854509873,0.799756580768001
26035,LOF,0.013957040496126576,0.13247739724048377,0.8535655622633898
26036,LOF,0.014602990978833616,0.16406146878851274,0.8213355402326536
26037,LOF,0.012307600984166417,0.11682582778150057,0.870866571234333
26038,LOF,0.0571391077548561,0.07016917140267821,0.8726917208424656
26039,LOF,0.025361264636462058,0.16769507196381495,0.806943663399723
26040,LOF,0.1284144675618114,0.15774739721769956,0.713838135220489
26041,LOF,0.013920455167759454,0.10333370316388284,0.8827458416683576
26042,LOF,0.012487248668200751,0.10638545275000792,0.8811272985817912
26043,LOF,0.055701828995974284,0.0885094468369809,0.8557887241670448
26044,LOF,0.010905759888536917,0.0711012464322634,0.9179929936791996
26045,LOF,0.05274787521905388,0.1188373075560864,0.8284148172248597
26046,LOF,0.05086539613228166,0.0700167494588479,0.8791178544088705
26047,LOF,0.08350344080857006,0.07058044699045525,0.8459161122009747
26048,LOF,0.047554432554057904,0.044783127913823044,0.907662439532119
26049,Neutral,0.9618776944436606,0.006813691509112757,0.0313086140472267
26050,Neutral,0.9490599598366319,0.007226305695730378,0.04371373446763768
26051,LOF,0.013403712838418833,0.17660057580245359,0.8099957113591276
26052,LOF,0.02018216577492745,0.2163450830320804,0.7634727511929921
26053,LOF,0.020095804723727066,0.16829052827951102,0.8116136669967619
26054,LOF,0.051675752569298176,0.015058716007600243,0.9332655314231015
26055,LOF,0.06103970224595769,0.015676284630867003,0.9232840131231753
26056,LOF,0.053922084736069416,0.019166040007710494,0.9269118752562201
26057,LOF,0.0326119622282578,0.012159301990679616,0.9552287357810626
26058,LOF,0.033551577135966196,0.010591174362001573,0.9558572485020322
26059,LOF,0.3541199550368607,0.019770129330941726,0.6261099156321975
26060,LOF,0.012445487163413451,0.15694063163203056,0.830613881204556
26061,LOF,0.005184046313547709,0.013822874892645604,0.9809930787938066
26062,LOF,0.004078513671150345,0.0192893133572234,0.9766321729716263
26063,LOF,0.02262104083128263,0.010449918478399338,0.9669290406903179
26064,LOF,0.007184146944305719,0.025212247009349056,0.9676036060463452
26065,LOF,0.02623313584428427,0.010896874495996281,0.9628699896597195
26066,LOF,0.025998726255085897,0.010042108367639016,0.9639591653772751
26067,LOF,0.02937232146706556,0.009073847540218455,0.961553830992716
26068,LOF,0.043780489372718334,0.030957263894585377,0.9252622467326963
26069,LOF,0.3255288555782337,0.018539268393083636,0.6559318760286825
26070,LOF,0.4552362718198857,0.013679553101075723,0.5310841750790386
26071,LOF,0.02400892071703658,0.010768310434977708,0.9652227688479859
26072,LOF,0.005885404444560783,0.024320722347833182,0.969793873207606
26073,LOF,0.022981869267278975,0.01327482347458829,0.9637433072581327
26074,Neutral,0.9226994239565708,0.006165934905907108,0.07113464113752219
26075,LOF,0.04343509239764381,0.015831177902821483,0.9407337296995346
26076,LOF,0.037045583589721126,0.009671076130798371,0.9532833402794806
26077,LOF,0.12279735082548722,0.009265676305702122,0.8679369728688107
26078,LOF,0.005841551406214545,0.014501639652040361,0.9796568089417451
26079,LOF,0.05790588065254455,0.017509123838110114,0.9245849955093453
26080,LOF,0.055435808600079135,0.01755284220377127,0.9270113491961496
26081,LOF,0.0295465555885181,0.008016698048116557,0.9624367463633654
26082,LOF,0.004478456215655074,0.016767822223147284,0.9787537215611976
26083,LOF,0.10797263610092163,0.01633337151677288,0.8756939923823055
26084,LOF,0.04376364852572696,0.0135472568113516,0.9426890946629214
26085,LOF,0.03814801370281043,0.012293180099574127,0.9495588061976156
26086,LOF,0.023390566429224623,0.010832264761021936,0.9657771688097535
26087,LOF,0.02189389118848827,0.009546733141379405,0.9685593756701323
26088,LOF,0.0055290660941191725,0.021786088934275697,0.9726848449716051
26089,LOF,0.04123294382250979,0.0195298317184963,0.9392372244589939
26090,LOF,0.04122437700047654,0.01665596507376254,0.9421196579257609
26091,LOF,0.02907708112585502,0.007212474092018505,0.9637104447821265
26092,LOF,0.023616189128393972,0.008067490414408844,0.9683163204571972
26093,LOF,0.041263253778013695,0.00632972903257288,0.9524070171894133
26094,LOF,0.033825176033079905,0.006627086172211057,0.959547737794709
26095,LOF,0.01906982740589255,0.01858791947662214,0.9623422531174853
26096,LOF,0.18199606434047327,0.006405870961208492,0.8115980646983182
26097,LOF,0.004803448480430246,0.037822588201617525,0.9573739633179523
26098,LOF,0.07599707785634487,0.017205844314546356,0.9067970778291089
26099,LOF,0.023232319768377443,0.013809189508621268,0.9629584907230012
26100,LOF,0.023122487206301234,0.013810750961880815,0.9630667618318179
26101,LOF,0.05642733671583502,0.019149059689456377,0.9244236035947087
26102,LOF,0.0218467365839326,0.0145576293509449,0.9635956340651225
26103,Neutral,0.8360950472958696,0.018698359530129657,0.14520659317400095
26104,LOF,0.07139474609833121,0.022645614212741916,0.905959639688927
26105,LOF,0.22335116174557434,0.16367928158588177,0.6129695566685438
26106,LOF,0.34555961786024864,0.1193166703749248,0.5351237117648265
26107,LOF,0.02157386990209133,0.11278534528318104,0.8656407848147276
26108,LOF,0.3330370998336472,0.04081443700857338,0.6261484631577795
26109,LOF,0.035247374358096654,0.07337473483498565,0.8913778908069178
26110,LOF,0.21813723453291947,0.006144045181882963,0.7757187202851975
26111,LOF,0.0748644379558267,0.06636199399712733,0.8587735680470461
26112,LOF,0.034881748032015214,0.006333218573075833,0.9587850333949088
26113,LOF,0.06193437996104694,0.013448508822744601,0.9246171112162084
26114,LOF,0.06949129162633866,0.012926596915784445,0.9175821114578769
26115,LOF,0.015987345908404626,0.07687306219938563,0.9071395918922097
26116,LOF,0.09987164685824461,0.039197484813302104,0.8609308683284533
26117,LOF,0.39546839764616015,0.0399344318178977,0.564597170535942
26118,LOF,0.030078166585744623,0.02019410837431038,0.9497277250399451
26119,LOF,0.004510320974422465,0.05417596542352813,0.9413137136020494
26120,LOF,0.025806516441880825,0.018557716706666103,0.9556357668514531
26121,LOF,0.0040057538238611,0.14095668812740336,0.8550375580487355
