feature0,prediction,LoGoFunc_Neutral,LoGoFunc_GOF,LoGoFunc_LOF
25546,Neutral,0.6208732901516587,0.12257109563433168,0.25655561421400963
25547,Neutral,0.4682534341045995,0.24426815552495576,0.2874784103704447
25548,Neutral,0.4443459563644957,0.19252288757704877,0.3631311560584554
25549,Neutral,0.4179108413130166,0.19752066837587096,0.38456849031111245
25550,LOF,0.3262076967960125,0.26714380662367815,0.4066484965803094
25551,LOF,0.25833104772222465,0.25867879066880745,0.48299016160896796
25552,LOF,0.1493500268893334,0.24749209506447328,0.6031578780461934
25553,Neutral,0.8130515528582455,0.05921469695240477,0.12773375018934982
25554,LOF,0.18472952359929135,0.24708139554484196,0.5681890808558667
25555,LOF,0.14978280956776774,0.22093935006968493,0.6292778403625474
25556,Neutral,0.503204660646398,0.15929976073305516,0.33749557862054697
25557,LOF,0.15083547646697584,0.23364822100084895,0.6155163025321752
25558,LOF,0.1865072397577162,0.27773877129604696,0.5357539889462368
25559,LOF,0.4877895033048205,0.01716531752293645,0.49504517917224306
25560,LOF,0.03595424004786911,0.23184137280700598,0.7322043871451249
25561,LOF,0.09764559803265584,0.2785452684884066,0.6238091334789376
25562,LOF,0.12512517836386536,0.05544250414320856,0.8194323174929261
25563,LOF,0.10354422548933075,0.11966878904406487,0.7767869854666043
25564,LOF,0.0790168911092753,0.1354598777049481,0.7855232311857766
25565,LOF,0.1448759698671661,0.2037207275592678,0.6514033025735662
25566,GOF,0.020769013227102163,0.7011196375391644,0.2781113492337335
25567,LOF,0.011229147206467782,0.16054645363164324,0.828224399161889
25568,LOF,0.04475687119735149,0.06620949842895447,0.889033630373694
25569,LOF,0.04741459881551885,0.06170352550787311,0.890881875676608
25570,LOF,0.043882910454835854,0.0812058439472777,0.8749112455978865
25571,LOF,0.04934482479499677,0.0766931508692378,0.8739620243357654
25572,LOF,0.03596838631138934,0.08950836724136656,0.8745232464472441
25573,LOF,0.019534582104577793,0.08308742586699447,0.8973779920284277
25574,LOF,0.009074716928005766,0.2484188276745307,0.7425064553974635
25575,LOF,0.044871737680514036,0.0645661166461643,0.8905621456733216
25576,LOF,0.012603007186389167,0.06921530735675652,0.9181816854568544
25577,LOF,0.007967905201142643,0.06392056940012124,0.9281115253987361
25578,LOF,0.2569322897671656,0.07733656158530364,0.6657311486475309
25579,LOF,0.2586165587647948,0.07640314735175754,0.6649802938834477
25580,LOF,0.027081538134354058,0.05889593307671247,0.9140225287889334
25581,LOF,0.04252736492971897,0.07399500915050346,0.8834776259197776
25582,LOF,0.04227919196417837,0.06786526053771227,0.8898555474981094
25583,LOF,0.027461107041082365,0.0593773085043335,0.9131615844545841
25584,Neutral,0.5148005142834776,0.09908223754834798,0.3861172481681744
25585,LOF,0.02187878435385084,0.07208232472015279,0.9060388909259964
25586,LOF,0.026543920846552504,0.05329026281054002,0.9201658163429075
25587,LOF,0.023260655356877897,0.0467960779554616,0.9299432666876605
25588,LOF,0.02222242610546159,0.05845072964068544,0.919326844253853
25589,Neutral,0.6607005636687725,0.12479567071511342,0.21450376561611406
25590,LOF,0.02059594277846473,0.10778189445446763,0.8716221627670676
25591,LOF,0.09344632800165054,0.05293861122907755,0.8536150607692718
25592,LOF,0.07491992823033822,0.0892446706007774,0.8358354011688843
25593,LOF,0.010391928385210782,0.45676336190422434,0.5328447097105649
25594,LOF,0.0383843875920659,0.08592298226326989,0.8756926301446643
25595,LOF,0.06587997700534433,0.07181097904894809,0.8623090439457076
25596,LOF,0.11032278093723717,0.04546558855139221,0.8442116305113705
25597,LOF,0.08438680275425832,0.015565299867017742,0.9000478973787238
25598,LOF,0.051278052400911274,0.08810632355138025,0.8606156240477085
25599,LOF,0.008235935424742899,0.4827282854728062,0.5090357791024509
25600,LOF,0.009851055773270724,0.3725551965586221,0.617593747668107
25601,LOF,0.006758623703217301,0.19616399317398486,0.7970773831227977
25602,LOF,0.019318150086289905,0.06668768583472579,0.9139941640789844
25603,LOF,0.03770370070021134,0.07899315632276918,0.8833031429770195
25604,LOF,0.039866491534069924,0.06476524358441607,0.8953682648815141
25605,LOF,0.011692052291934115,0.1927952837936286,0.7955126639144373
25606,GOF,0.06704688332760056,0.5047100631256064,0.4282430535467931
25607,LOF,0.0034457896687877703,0.10709564057666071,0.8894585697545514
25608,LOF,0.051775204448664784,0.0234814617403236,0.9247433338110116
25609,LOF,0.08464165197526839,0.20203972469637127,0.7133186233283604
25610,LOF,0.041345134571645015,0.01951717544312763,0.9391376899852274
25611,LOF,0.055012808545784414,0.011906652892566368,0.9330805385616492
25612,LOF,0.12265142034353126,0.026064029098579397,0.8512845505578894
25613,LOF,0.09929959281701058,0.030755793880183683,0.8699446133028058
25614,LOF,0.038217587152780765,0.0313717886856288,0.9304106241615905
25615,LOF,0.08776563490996016,0.03207408716736964,0.8801602779226702
25616,LOF,0.031991358552240876,0.040065104006407296,0.9279435374413519
25617,LOF,0.0499902778422454,0.021268169146313465,0.9287415530114411
25618,LOF,0.22687933637303942,0.03695424565448762,0.7361664179724731
25619,LOF,0.03965807996509012,0.032828336305955615,0.9275135837289543
25620,LOF,0.03527520343778012,0.04861106446335308,0.9161137320988667
25621,LOF,0.045807431823277706,0.017084020536005263,0.937108547640717
25622,LOF,0.030271400902267827,0.051822759517946106,0.917905839579786
25623,LOF,0.05059265267272218,0.03390852002659064,0.9154988273006873
25624,LOF,0.03539738771366522,0.03920825405831138,0.9253943582280234
25625,LOF,0.04706021405900629,0.042518176841374995,0.9104216090996187
25626,LOF,0.07761431893616874,0.027684467178500188,0.8947012138853312
25627,Neutral,0.5003938116024601,0.10232269021243887,0.39728349818510106
25628,LOF,0.19163803019269118,0.05284985183796022,0.7555121179693486
25629,LOF,0.055076247048543234,0.08162225052735465,0.8633015024241021
25630,LOF,0.18439412528183943,0.06835564625905084,0.7472502284591097
25631,Neutral,0.6054645883958202,0.06655656493166073,0.32797884667251903
25632,LOF,0.013493184082917031,0.18054565230466202,0.805961163612421
25633,LOF,0.20744085365062984,0.3223907628722858,0.4701683834770844
25634,LOF,0.03417473179991089,0.24099619937983352,0.7248290688202557
25635,LOF,0.03512429211494775,0.20018447408732998,0.7646912337977224
25636,GOF,0.005413497348811483,0.5661928015933474,0.4283937010578412
25637,LOF,0.004665337847212925,0.36353125601895936,0.6318034061338278
25638,LOF,0.006051024238919951,0.3799557620667682,0.6139932136943118
25639,LOF,0.005002565033357999,0.2917896447856986,0.7032077901809435
25640,GOF,0.32831379589457804,0.6039402061396694,0.06774599796575265
25641,LOF,0.007268735043526769,0.1887533905058112,0.803977874450662
25642,LOF,0.2101635555535974,0.07878287362499288,0.7110535708214097
25643,LOF,0.2467447144592111,0.07805382355357499,0.675201461987214
25644,GOF,0.01154338287319663,0.5114851343050802,0.4769714828217232
25645,GOF,0.008507022897177113,0.6030860303538526,0.38840694674897025
25646,LOF,0.009581940664661262,0.3443528579815889,0.6460652013537498
25647,LOF,0.008421205765940718,0.2863634681835733,0.7052153260504861
25648,LOF,0.005909771561426887,0.3569076639250731,0.6371825645134999
25649,LOF,0.0066586390186720405,0.19081108791987286,0.8025302730614552
25650,GOF,0.01915071420860128,0.5007697289443377,0.48007955684706105
25651,LOF,0.005791269028181244,0.2239586024880661,0.7702501284837526
25652,LOF,0.009386677571512684,0.36998803177865014,0.6206252906498373
25653,GOF,0.03403329860170571,0.5146193532657533,0.45134734813254096
25654,LOF,0.006632332076905248,0.375643634622299,0.6177240333007958
25655,GOF,0.06735854914092863,0.5159888217530849,0.4166526291059865
25656,LOF,0.08703615326782504,0.02936747644312983,0.8835963702890451
25657,LOF,0.27357978597072863,0.018572420405962214,0.7078477936233092
25658,LOF,0.0274068314562722,0.06712766793324074,0.9054655006104871
25659,LOF,0.24759052313492327,0.07841947753564751,0.6739899993294292
25660,LOF,0.10964680423340427,0.06972103279143792,0.820632162975158
25661,LOF,0.06259819346779343,0.06749451034529659,0.8699072961869101
25662,LOF,0.04069444657577829,0.05621200782484857,0.903093545599373
25663,LOF,0.04272321629120331,0.10141932058288541,0.8558574631259113
25664,LOF,0.026737681173047565,0.19210374919176393,0.7811585696351885
25665,LOF,0.04421616710748531,0.06183512289604886,0.8939487099964659
25666,LOF,0.03939578182738493,0.18398915812978134,0.7766150600428336
25667,LOF,0.04174703980607858,0.03300047433137076,0.9252524858625506
25668,LOF,0.04580515073436601,0.04934392681887683,0.9048509224467571
25669,LOF,0.03552616012821076,0.07336522815814121,0.891108611713648
25670,LOF,0.0697179870861852,0.10203935077475952,0.8282426621390553
25671,LOF,0.057135275166666694,0.04024588902861238,0.902618835804721
25672,LOF,0.052011653139299306,0.06169694206885757,0.8862914047918431
25673,LOF,0.03973830559153349,0.0649423808424388,0.8953193135660277
25674,LOF,0.02731564103292025,0.09844429333322814,0.8742400656338516
25675,LOF,0.032883103933958276,0.04123961984381604,0.9258772762222257
25676,LOF,0.04143139865005805,0.06137938635293932,0.8971892149970027
25677,LOF,0.07922653098156918,0.04687288149861953,0.8739005875198111
25678,LOF,0.15467589392129444,0.05926922393473794,0.7860548821439677
25679,LOF,0.10609803811663714,0.09881671377180488,0.795085248111558
25680,LOF,0.11413090438575464,0.08421898362091326,0.801650111993332
25681,LOF,0.12128684544733906,0.08228962149243745,0.7964235330602235
25682,LOF,0.044458896026869976,0.03926920688501027,0.9162718970881196
25683,LOF,0.07609338555149635,0.06919078319758312,0.8547158312509207
25684,LOF,0.06436200167998098,0.05048651780199953,0.8851514805180194
25685,LOF,0.12234100518867627,0.0422844546517911,0.8353745401595327
25686,LOF,0.028135400187988855,0.0836684782152338,0.8881961215967774
25687,LOF,0.04304707810100869,0.10699515308128543,0.849957768817706
25688,LOF,0.02392701395165744,0.1482043858936444,0.8278686001546982
25689,LOF,0.013705319149511057,0.08669059872902536,0.8996040821214636
25690,LOF,0.020544449687526018,0.09776679850743816,0.8816887518050358
25691,LOF,0.15168187573004846,0.15188584471022262,0.696432279559729
25692,LOF,0.3423788847019432,0.015877015847197366,0.6417440994508595
25693,LOF,0.02727479705500554,0.4689213992922069,0.5038038036527875
25694,LOF,0.2536072309583034,0.014480759418207596,0.731912009623489
25695,LOF,0.19351912004190913,0.021511657947687814,0.7849692220104031
25696,LOF,0.08149176328763154,0.01863040963306617,0.8998778270793024
25697,LOF,0.07472077200625306,0.010683911082589677,0.9145953169111573
25698,LOF,0.015947322653661784,0.20226950447774444,0.7817831728685938
25699,LOF,0.08303497040832686,0.3163753595624708,0.6005896700292023
25700,LOF,0.05567393390654233,0.019323839729172208,0.9250022263642855
25701,LOF,0.010901013962597903,0.322924616887363,0.6661743691500391
25702,GOF,0.03419892001200248,0.5861737154859713,0.3796273645020262
25703,LOF,0.016940998817471853,0.05666706252540424,0.9263919386571239
25704,LOF,0.070741335969436,0.04732545210823727,0.8819332119223269
25705,LOF,0.10311241349421735,0.16573417269696797,0.7311534138088147
25706,GOF,0.020669963705312,0.6366242461831293,0.3427057901115587
25707,GOF,0.025958476399775554,0.5338631981071753,0.4401783254930491
25708,GOF,0.00833012470260348,0.6000054826478299,0.39166439264956654
25709,LOF,0.04971411379296359,0.061518068462537344,0.888767817744499
25710,LOF,0.0074177563439041935,0.14552029346015014,0.8470619501959457
25711,LOF,0.04810811945181444,0.09809608383128181,0.8537957967169036
25712,LOF,0.01038935340029159,0.19586617388881722,0.7937444727108912
25713,LOF,0.04143968614998689,0.09491619355024068,0.8636441202997724
25714,LOF,0.03580429719206194,0.17730069502907464,0.7868950077788635
25715,LOF,0.045293809701588854,0.10633657039704598,0.8483696199013653
25716,LOF,0.0064063191301596345,0.08195866681655521,0.9116350140532852
25717,LOF,0.0065649131027138066,0.08675243991956737,0.9066826469777188
25718,LOF,0.03945310633570095,0.0720682542517123,0.8884786394125866
25719,LOF,0.040836843744300126,0.11746870943976696,0.841694446815933
25720,LOF,0.037150062329118515,0.11430972047326676,0.8485402171976147
25721,LOF,0.040339482833643144,0.11047646641445066,0.8491840507519063
25722,LOF,0.03207309119264825,0.13717335468228278,0.830753554125069
25723,LOF,0.052674974244304916,0.11692997889617508,0.83039504685952
25724,LOF,0.06536401511157633,0.2840002779285265,0.6506357069598973
25725,LOF,0.06188649339352462,0.0958722823226937,0.8422412242837818
25726,LOF,0.03813265660175844,0.10229526083276783,0.8595720825654737
25727,LOF,0.048757972906569184,0.08403985927391301,0.8672021678195179
25728,LOF,0.04486946859578673,0.118368048022463,0.8367624833817504
25729,LOF,0.04950267837468969,0.12044542718806348,0.8300518944372468
25730,LOF,0.0572755536692257,0.08168121034116171,0.8610432359896126
25731,LOF,0.00903170471271559,0.08774104876289116,0.9032272465243932
25732,LOF,0.03038446081102843,0.053377430406762856,0.9162381087822087
25733,LOF,0.03873580926426273,0.08525059672454548,0.8760135940111917
25734,LOF,0.006014637564454376,0.2874694213731771,0.7065159410623685
25735,LOF,0.03612001053595285,0.08680895938488313,0.877071030079164
25736,LOF,0.034087385206039614,0.15738166053053476,0.8085309542634257
25737,LOF,0.06205492977449759,0.08657947777376881,0.8513655924517336
25738,LOF,0.04477713593806065,0.1772273859071159,0.7779954781548235
25739,LOF,0.03472145475106033,0.13081045509807543,0.8344680901508643
25740,LOF,0.06684702678349137,0.10781822441479809,0.8253347488017105
25741,LOF,0.06342240782522694,0.10261866767867595,0.8339589244960971
25742,LOF,0.06746479537847898,0.11005343631112732,0.8224817683103938
25743,LOF,0.011964542566454857,0.014832266546066038,0.9732031908874792
25744,LOF,0.16414033409883685,0.14608238436202825,0.6897772815391349
25745,LOF,0.03300068312940076,0.06195082046560887,0.9050484964049903
25746,LOF,0.015565247279864951,0.08710785776289748,0.8973268949572376
25747,LOF,0.05689365473130802,0.029364572094679246,0.9137417731740128
25748,LOF,0.3092827958204086,0.07657150125869702,0.6141457029208944
25749,LOF,0.019531748092153297,0.05771952628144886,0.9227487256263979
25750,LOF,0.020681373384694376,0.07072717453653697,0.9085914520787688
25751,LOF,0.04253443537490887,0.07207339546387206,0.885392169161219
25752,GOF,0.09849152436988955,0.5334905317313661,0.36801794389874437
25753,LOF,0.0069115162177652385,0.3338685844150828,0.659219899367152
25754,GOF,0.00968689524465044,0.8931059431646186,0.09720716159073114
25755,LOF,0.008190301440452694,0.3594668938336658,0.6323428047258814
25756,LOF,0.023702417187286023,0.4016886203548144,0.5746089624578996
25757,GOF,0.009017555952720155,0.851232651037828,0.13974979300945187
25758,GOF,0.009750201068536041,0.8881911426328177,0.10205865629864622
25759,GOF,0.007125585373124092,0.6604964763484749,0.33237793827840106
25760,LOF,0.006420232169593504,0.2508936731536953,0.7426860946767111
25761,GOF,0.0572824339570933,0.8705931084416346,0.07212445760127204
25762,LOF,0.02381156709871808,0.36784676549246714,0.6083416674088148
25763,LOF,0.006247510006853078,0.2505318932877545,0.7432205967053924
25764,GOF,0.07987310672401826,0.6551783805463303,0.2649485127296514
25765,GOF,0.010601155198403224,0.9035196049937639,0.08587923980783302
25766,GOF,0.03228385203754824,0.8275062244338346,0.1402099235286172
25767,GOF,0.01190256883838055,0.5593666711743688,0.4287307599872507
25768,LOF,0.05685929588873411,0.06318662366963221,0.8799540804416337
25769,LOF,0.033733949677896155,0.0989104218948981,0.8673556284272057
25770,LOF,0.1536065727731807,0.16507923090273938,0.68131419632408
25771,LOF,0.025179196859854144,0.07736182337668039,0.8974589797634654
25772,LOF,0.054308762062949476,0.05354514721211718,0.8921460907249334
25773,LOF,0.019164282865986954,0.12337746204249347,0.8574582550915196
25774,LOF,0.0267660871822768,0.255789580398435,0.7174443324192882
25775,LOF,0.02480107429849907,0.051095373551077385,0.9241035521504236
25776,LOF,0.03985654637265151,0.034681847463970024,0.9254616061633785
25777,LOF,0.21243547240539598,0.16899347014054247,0.6185710574540615
25778,LOF,0.032426446221911716,0.09915751900300823,0.8684160347750801
25779,GOF,0.06277123502917879,0.772508843998653,0.16471992097216828
25780,GOF,0.074835414827293,0.7939240542471605,0.13124053092554647
25781,GOF,0.03266511667000027,0.7560052231911162,0.21132966013888346
25782,GOF,0.03172032610852222,0.8351208257284107,0.13315884816306692
25783,GOF,0.07276048911090012,0.8243876762189469,0.10285183467015296
25784,GOF,0.11228323189642614,0.7732177473845633,0.11449902071901066
25785,GOF,0.153671059539977,0.766054277485779,0.08027466297424382
25786,GOF,0.0161560177883323,0.658035498449707,0.32580848376196064
25787,GOF,0.34579429314121934,0.5659861428048972,0.08821956405388352
25788,LOF,0.022606979248502638,0.07057767297869158,0.9068153477728058
25789,GOF,0.01836023917820161,0.7463227302836469,0.2353170305381514
25790,GOF,0.033898747534535145,0.7400244012322686,0.22607685123319615
25791,GOF,0.034245922313744744,0.533817267455333,0.43193681023092223
25792,GOF,0.04271591928032202,0.6273090785883284,0.32997500213134956
25793,GOF,0.06399471301379138,0.6584583100946103,0.2775469768915983
25794,GOF,0.06368485658832397,0.4825919202927079,0.453723223118968
25795,GOF,0.06249568600609972,0.5689833789854284,0.36852093500847194
25796,GOF,0.1787964114567508,0.5585827906891934,0.2626207978540558
25797,GOF,0.08119766379161655,0.5145822236331572,0.4042201125752263
25798,GOF,0.007765303307265018,0.7649427320561595,0.22729196463657567
25799,GOF,0.0053838925569127056,0.6656188324659218,0.3289972749771655
25800,GOF,0.02411216270901813,0.8176766716985912,0.15821116559239082
25801,GOF,0.027154180797895132,0.777004549111629,0.1958412700904759
25802,GOF,0.02851916914153271,0.7041097189779933,0.2673711118804739
25803,GOF,0.024680835074455874,0.6202016184454793,0.35511754648006505
25804,GOF,0.0422753142539859,0.6132712281391676,0.34445345760684654
25805,GOF,0.0289057449160921,0.6827304065694887,0.2883638485144191
25806,GOF,0.038454614771708376,0.691888127475592,0.26965725775269955
25807,GOF,0.017316922855368882,0.5552227150599411,0.42746036208468996
25808,GOF,0.029540756255052373,0.6924415053562096,0.27801773838873794
25809,GOF,0.015579511177997114,0.5972561288204191,0.3871643600015838
25810,GOF,0.013504021612176724,0.6010467770461524,0.3854492013416708
25811,GOF,0.08451028661702195,0.7761067604612617,0.13938295292171632
25812,GOF,0.046689585986547495,0.5898235654569431,0.36348684855650937
25813,GOF,0.2650780052336355,0.5612712955413752,0.1736506992249892
25814,GOF,0.0432500814456893,0.6096726554334273,0.34707726312088344
25815,GOF,0.06662976701824257,0.7035957234356924,0.22977450954606507
25816,GOF,0.010311951443071987,0.7587253248776005,0.2309627236793276
25817,GOF,0.12406131573391985,0.58304229476407,0.29289638950201013
25818,GOF,0.0303558929699176,0.7373151849943401,0.23232892203574218
25819,GOF,0.05362201913250944,0.662058938580688,0.2843190422868025
25820,GOF,0.05835627896705522,0.5789254041158534,0.3627183169170914
25821,GOF,0.041775256011206234,0.6267567792801915,0.33146796470860235
25822,GOF,0.08368615286143745,0.6143028494334973,0.30201099770506523
25823,GOF,0.04233019545137222,0.5971622118740503,0.36050759267457744
25824,GOF,0.030789885239049217,0.6930199319527035,0.27619018280824736
25825,GOF,0.022022114471024076,0.6947036687342182,0.2832742167947576
25826,GOF,0.011072309589173133,0.5981735803643701,0.3907541100464567
25827,GOF,0.020066068788150183,0.641569060113859,0.3383648710979909
25828,GOF,0.012714174253390723,0.6636688106376442,0.3236170151089651
25829,LOF,0.005054536289232597,0.48124456887911315,0.5137008948316543
25830,LOF,0.0709851048522982,0.256916591045432,0.6720983041022697
25831,GOF,0.0821768701519451,0.7590656159211779,0.15875751392687712
25832,GOF,0.010315175934416498,0.7039223404056544,0.285762483659929
25833,GOF,0.030982123044215038,0.7914942400931398,0.17752363686264522
25834,GOF,0.010543590255668627,0.7228836037698055,0.266572805974526
25835,GOF,0.029700172205920763,0.8199518367512854,0.15034799104279392
25836,GOF,0.008667859264668025,0.730174406227656,0.261157734507676
25837,GOF,0.013917447030066069,0.7137190496700696,0.2723635032998642
25838,GOF,0.025784266347093684,0.7917049652602728,0.18251076839263344
25839,GOF,0.07799526825952695,0.7135208634775131,0.2084838682629598
25840,GOF,0.10191574919332602,0.6897625269191935,0.20832172388748055
25841,GOF,0.08560409482182854,0.7484567947256696,0.16593911045250173
25842,GOF,0.02831902282184029,0.8412372518272655,0.13044372535089435
25843,GOF,0.026387293518052836,0.841999441382479,0.13161326509946816
25844,GOF,0.023341884816523877,0.7756513554609669,0.20100675972250914
25845,GOF,0.009113041058565413,0.6322037551586993,0.35868320378273527
25846,GOF,0.07776238838003822,0.8048973140434343,0.1173402975765275
25847,GOF,0.02049837626626755,0.8238142837866497,0.15568733994708264
25848,GOF,0.022358103818726143,0.789209416477929,0.18843247970334487
25849,GOF,0.00810486973495753,0.7574781944470906,0.23441693581795187
25850,GOF,0.008960901102998166,0.6131855173061588,0.37785358159084304
25851,GOF,0.008059866590505447,0.5439221067787587,0.44801802663073587
25852,GOF,0.17009761852751004,0.4304240126495541,0.39947836882293586
25853,GOF,0.06597740495789414,0.6248682204840375,0.3091543745580683
25854,GOF,0.008364276200813705,0.6070098869256348,0.3846258368735515
25855,GOF,0.026360735518912833,0.5029648086635706,0.47067445581751655
25856,GOF,0.051305906293623714,0.6680430876103475,0.2806510060960289
25857,GOF,0.026823177825635626,0.4941438711176194,0.4790329510567449
25858,GOF,0.009321992857468799,0.49844817366966,0.4922298334728713
25859,LOF,0.006785813039814521,0.47556157275402455,0.5176526142061609
25860,GOF,0.07602127016116694,0.5525633320477907,0.37141539779104227
25861,GOF,0.10663441464116909,0.7355302420056247,0.15783534335320634
25862,GOF,0.021709763936406473,0.8496206450763262,0.12866959098726738
25863,GOF,0.01945467539925483,0.8067402030004964,0.1738051216002488
25864,GOF,0.033104874976787275,0.8504548189434521,0.11644030607976068
25865,GOF,0.03673785155659581,0.8269048003460263,0.13635734809737773
25866,GOF,0.02017191563044424,0.8064814955587027,0.17334658881085305
25867,GOF,0.046277553181603495,0.822098613902067,0.1316238329163296
25868,GOF,0.07264041501265321,0.6755333052732931,0.2518262797140536
25869,GOF,0.3147728993734832,0.4901712629530871,0.19505583767342977
25870,LOF,0.0769034629972102,0.29891983309743064,0.6241767039053592
25871,GOF,0.01129568679524639,0.5902269789065321,0.3984773342982215
25872,GOF,0.028470423268564006,0.6417992954344048,0.32973028129703114
25873,GOF,0.02260479808559933,0.7049147422181177,0.272480459696283
25874,LOF,0.03074768481444562,0.0733785998271263,0.8958737153584281
25875,LOF,0.022497074312357843,0.17216348993092345,0.8053394357567187
25876,LOF,0.02146791073330047,0.07666178743580056,0.9018703018308991
25877,LOF,0.08109002478343624,0.3223602899304176,0.5965496852861463
25878,LOF,0.05066184325700343,0.41406591019704214,0.5352722465459544
25879,LOF,0.010169736368753887,0.19895863724429438,0.7908716263869517
25880,LOF,0.04484465692946764,0.02360992336974863,0.9315454197007836
25881,Neutral,0.49746710565275365,0.2612933981241071,0.2412394962231393
25882,LOF,0.03896577452598561,0.10082786427700888,0.8602063611970056
25883,LOF,0.025105373314445165,0.12396250881889485,0.85093211786666
25884,LOF,0.013684257779634704,0.10211882636081965,0.8841969158595457
25885,LOF,0.13423300130563653,0.027705966378245645,0.8380610323161178
25886,LOF,0.1963651807375849,0.22503644869052217,0.578598370571893
25887,LOF,0.0522063114608259,0.4556401090083744,0.49215357953079963
25888,LOF,0.0056386162436937145,0.4039872058170593,0.5903741779392471
25889,LOF,0.023117851791520476,0.07658926954447344,0.900292878664006
25890,LOF,0.18462866845531692,0.28138436404155653,0.5339869675031266
25891,LOF,0.10661001355948894,0.08665935895883979,0.8067306274816713
25892,LOF,0.0065492691502978834,0.04312762666636346,0.9503231041833387
25893,LOF,0.2511709503098683,0.014705694886045997,0.7341233548040856
25894,LOF,0.3067587707270346,0.00891250396601114,0.6843287253069543
25895,LOF,0.26387580256941773,0.012928811803605254,0.723195385626977
25896,LOF,0.0613571933974769,0.04099622374328366,0.8976465828592394
25897,LOF,0.09056122526864063,0.018355956970598396,0.891082817760761
25898,LOF,0.0875428775105095,0.042817108301260516,0.86964001418823
25899,LOF,0.3776878252769953,0.04399167428746915,0.5783205004355356
25900,Neutral,0.7431791824787003,0.019529527759362876,0.23729128976193675
25901,LOF,0.05557393429052066,0.013362439991963397,0.9310636257175159
25902,LOF,0.07070119129176912,0.00874609104493705,0.9205527176632939
25903,LOF,0.1311904167467675,0.03662671052814015,0.8321828727250924
25904,LOF,0.4458667607792938,0.10116434335921137,0.4529688958614949
25905,LOF,0.012816596585853372,0.24121883666603927,0.7459645667481073
25906,LOF,0.009238087427884432,0.01587843521338317,0.9748834773587324
25907,LOF,0.008675421170198943,0.11894820195236544,0.8723763768774356
25908,LOF,0.00947829280827182,0.1292146366473763,0.8613070705443518
25909,LOF,0.05000005261045295,0.050016228836821386,0.8999837185527256
25910,LOF,0.013531357619605076,0.10110694238167402,0.8853616999987209
25911,LOF,0.2279471791944454,0.07530643514574346,0.6967463856598111
25912,LOF,0.14688369467537934,0.027062004267028577,0.826054301057592
25913,LOF,0.015669329857767006,0.08307383819641188,0.9012568319458212
25914,LOF,0.046117438646525614,0.034812594083070886,0.9190699672704035
25915,LOF,0.2115682916264968,0.39089787916118385,0.3975338292123194
25916,LOF,0.019112864551586343,0.1878819131784888,0.7930052222699249
25917,LOF,0.07319716530675785,0.03526125623099141,0.8915415784622507
25918,LOF,0.05219505444353375,0.02177575703762948,0.9260291885188368
25919,LOF,0.04758584438468177,0.019804347911017317,0.9326098077043009
25920,LOF,0.2888009537119857,0.3061075612974853,0.40509148499052905
25921,LOF,0.021318643006233887,0.02943733484726032,0.9492440221465058
25922,LOF,0.01877592015564768,0.02333984042275873,0.9578842394215935
25923,LOF,0.4648490927958661,0.018500836436070527,0.5166500707680634
25924,LOF,0.026346055133683762,0.0270091711352016,0.9466447737311148
25925,LOF,0.11439142865501156,0.034031549236882515,0.8515770221081058
25926,LOF,0.10155481494398907,0.03487851325789589,0.8635666717981151
25927,LOF,0.022162107365631997,0.05672292333013945,0.9211149693042284
25928,LOF,0.014599532238269505,0.01632300777466347,0.969077459987067
25929,Neutral,0.5883076081501584,0.018342803133378625,0.393349588716463
25930,LOF,0.06449278138293836,0.019871638848310117,0.9156355797687517
25931,LOF,0.014761657637944387,0.020430736154509063,0.9648076062075467
25932,LOF,0.09254701829921892,0.012249998933584179,0.895202982767197
25933,LOF,0.08885004696162493,0.008285758534132636,0.9028641945042425
25934,LOF,0.08546668187192537,0.009781090706029557,0.9047522274220451
25935,LOF,0.11229634494109848,0.03374885465175026,0.8539548004071512
25936,LOF,0.08799800334005524,0.00821006680195637,0.9037919298579885
25937,LOF,0.01636727360475151,0.019533039225106706,0.9640996871701418
25938,LOF,0.11533811217905335,0.030296290897523042,0.8543655969234237
25939,LOF,0.06457281529742781,0.010350236256801282,0.9250769484457708
25940,LOF,0.008274304905495005,0.388668625773353,0.6030570693211519
25941,Neutral,0.5228517033486133,0.17159893936340984,0.30554935728797683
25942,LOF,0.008324026289738072,0.2298080990458951,0.7618678746643668
25943,GOF,0.026236681501537778,0.6534286549053878,0.32033466359307444
25944,GOF,0.028343429035043468,0.49237790571288464,0.4792786652520718
25945,LOF,0.10974967841758272,0.15113107292321792,0.7391192486591994
25946,LOF,0.09106689620849558,0.07389809560519077,0.8350350081863137
25947,Neutral,0.5038245581710183,0.11813862302818372,0.378036818800798
25948,LOF,0.48215275501550964,0.012980564772295108,0.5048666802121952
25949,LOF,0.11259890071342457,0.029009901262188182,0.8583911980243872
25950,GOF,0.045231698048921666,0.8247428862247976,0.13002541572628076
25951,GOF,0.017160354319607003,0.5835310026663211,0.3993086430140718
25952,LOF,0.09645595940705598,0.4013821668041714,0.5021618737887726
25953,GOF,0.007438577921501762,0.535002346352329,0.4575590757261693
25954,GOF,0.033219345700773395,0.6400848918752291,0.32669576242399745
25955,GOF,0.005546866727995688,0.5953695450729088,0.39908358819909545
25956,LOF,0.009817187588484988,0.41944383254501233,0.5707389798665027
25957,LOF,0.25583205156119015,0.03250080879846959,0.7116671396403402
25958,LOF,0.02661609093086019,0.08538020644745835,0.8880037026216814
25959,GOF,0.006275622453932773,0.6458349435260177,0.3478894340200495
25960,LOF,0.004964614504023336,0.1594026195248253,0.8356327659711514
25961,LOF,0.026218237087414418,0.08896820172380299,0.8848135611887826
25962,LOF,0.04922447793227991,0.06489811159217852,0.8858774104755415
25963,LOF,0.009894894792410342,0.19474842491262526,0.7953566802949645
25964,LOF,0.05072944164233251,0.13364642491179538,0.8156241334458721
25965,LOF,0.15546900765696858,0.20848577497778617,0.6360452173652452
25966,LOF,0.33119806443010213,0.30072264006745847,0.36807929550243934
25967,LOF,0.007447924766197853,0.0658936617700118,0.9266584134637902
25968,LOF,0.06868969792990413,0.30256451791885314,0.6287457841512427
25969,LOF,0.14008847888838405,0.05854838017021351,0.8013631409414025
25970,LOF,0.03806044966647482,0.25768621547551884,0.7042533348580062
25971,LOF,0.07000918299694238,0.08598107884258704,0.8440097381604706
25972,LOF,0.06656238489081709,0.12091521292577799,0.812522402183405
25973,LOF,0.09130692905903762,0.0072677138891441544,0.9014253570518181
25974,LOF,0.10629013806735095,0.05451626903966526,0.8391935928929838
25975,LOF,0.04000489290901552,0.01002037352413869,0.9499747335668458
25976,LOF,0.0926847703959867,0.006812870933250127,0.9005023586707631
25977,LOF,0.20836034650221688,0.1127513705508704,0.6788882829469126
25978,LOF,0.1684346172078272,0.10459952924109572,0.7269658535510771
25979,LOF,0.13527424527272533,0.10308279304327728,0.7616429616839975
25980,LOF,0.19801613015146072,0.2292305572143089,0.5727533126342303
25981,LOF,0.20122319497400012,0.2424319678843276,0.5563448371416723
25982,LOF,0.2912527828316187,0.09867655155394711,0.6100706656144342
25983,Neutral,0.5099554752132038,0.10317922522447155,0.38686529956232457
25984,LOF,0.03608443198161338,0.19044111755104748,0.7734744504673391
25985,Neutral,0.4282269625135733,0.183333619079929,0.38843941840649765
25986,GOF,0.00865474080496395,0.5381248294487057,0.4532204297463303
25987,LOF,0.020344095982711925,0.11206087658408986,0.8675950274331982
25988,LOF,0.0295033868951331,0.2994241442199154,0.6710724688849514
25989,LOF,0.031943499027801046,0.2675379267132604,0.7005185742589387
25990,LOF,0.03758711798950267,0.33796406346894753,0.6244488185415498
25991,GOF,0.03462964755586091,0.6179457252418786,0.3474246272022606
25992,LOF,0.011213068861188497,0.39395717241139255,0.5948297587274188
25993,LOF,0.031664458070150774,0.0657642118060708,0.9025713301237784
25994,LOF,0.03323053486791103,0.08394779442526586,0.8828216707068232
25995,LOF,0.022304147183780917,0.15303372777600666,0.8246621250402125
25996,GOF,0.278023906986108,0.5705615512093519,0.15141454180454
25997,GOF,0.057835112298261895,0.6821621467499571,0.2600027409517811
25998,LOF,0.2608882529668501,0.039567742054473096,0.6995440049786769
25999,LOF,0.02693725087940586,0.4839405042339862,0.48912224488660777
26000,LOF,0.11082386196626509,0.01817752424620994,0.870998613787525
26001,LOF,0.11831566279437912,0.03087358764995456,0.8508107495556663
26002,LOF,0.0722843792241603,0.018995942327379042,0.9087196784484607
26003,GOF,0.00906745329608185,0.5283726388304009,0.4625599078735173
26004,GOF,0.024207008316912616,0.5201286661326893,0.4556643255503981
26005,LOF,0.007065771485062407,0.4705704378729813,0.5223637906419563
26006,GOF,0.15528098061235726,0.4636512192398716,0.38106780014777103
26007,GOF,0.012165084819286045,0.502943563448033,0.48489135173268094
26008,LOF,0.008452711175690198,0.4859020115012806,0.5056452773230293
26009,GOF,0.01729750384679191,0.5593924414858533,0.4233100546673548
26010,GOF,0.012342733065728638,0.5286209087430805,0.4590363581911909
26011,LOF,0.007821174515695467,0.39995562331798545,0.5922232021663192
26012,LOF,0.0076540480852982,0.41704088083036356,0.5753050710843383
26013,LOF,0.013375014378042263,0.4315986026205286,0.555026383001429
26014,LOF,0.05219423301701981,0.08509898679905774,0.8627067801839226
26015,LOF,0.4468012214624478,0.053469555471142176,0.49972922306640993
26016,LOF,0.2671565478335871,0.15743332667212429,0.5754101254942885
26017,LOF,0.016883939426003743,0.46176362575618723,0.521352434817809
26018,LOF,0.02027007217016135,0.20275549162845685,0.7769744362013817
26019,LOF,0.020431463247761013,0.16039378011929736,0.8191747566329417
26020,LOF,0.006684149117123589,0.36709575332855937,0.6262200975543172
26021,LOF,0.07945074842822791,0.28515892205235754,0.6353903295194145
26022,LOF,0.05018723255518154,0.06540890151806011,0.8844038659267585
26023,LOF,0.03212050076977679,0.12496932568233556,0.8429101735478877
26024,LOF,0.04674244721935148,0.18476252897285264,0.7684950238077959
26025,LOF,0.10488370463118804,0.21599572764596622,0.6791205677228458
26026,LOF,0.1084760590308627,0.17873510172538987,0.7127888392437475
26027,LOF,0.031042670304157763,0.07482181856730187,0.8941355111285405
26028,LOF,0.06877145076392485,0.18379763091877124,0.7474309183173039
26029,LOF,0.040009905318217485,0.1054704336924039,0.8545196609893786
26030,LOF,0.1726384864204056,0.008394469417756761,0.8189670441618375
26031,LOF,0.023577042665940143,0.12452542491679816,0.8518975324172617
26032,LOF,0.02971027052125045,0.0213221327634298,0.9489675967153198
26033,LOF,0.046685170391027764,0.03858264074306875,0.9147321888659035
26034,LOF,0.02953564168050093,0.0767695971911562,0.8936947611283429
26035,LOF,0.018027344256884115,0.0865551896839598,0.895417466059156
26036,LOF,0.01683335242804753,0.06962328672380552,0.913543360848147
26037,LOF,0.015793226641978547,0.06791345824666586,0.9162933151113556
26038,LOF,0.02438060648486126,0.02128848348642598,0.9543309100287128
26039,LOF,0.03807761102489796,0.11088638423279247,0.8510360047423094
26040,LOF,0.07006832678660198,0.14102811768934256,0.7889035555240554
26041,LOF,0.019201399202304063,0.08804796681287085,0.892750633984825
26042,LOF,0.01825542549874054,0.09179561551274847,0.889948958988511
26043,LOF,0.023807756994542784,0.053156133918820916,0.9230361090866364
26044,LOF,0.009407330527189603,0.04659262307516097,0.9440000463976496
26045,LOF,0.09228104941717225,0.2055713946920196,0.7021475558908081
26046,LOF,0.023162785171880057,0.05670361102669578,0.9201336038014243
26047,LOF,0.05818634399504488,0.04059117139939485,0.9012224846055603
26048,LOF,0.07305337133672837,0.029450220035498062,0.8974964086277737
26049,Neutral,0.9254700437049366,0.006523084920037236,0.06800687137502631
26050,Neutral,0.8596884454475997,0.008285803596710625,0.13202575095568977
26051,LOF,0.028438197202347273,0.4536335187600806,0.5179282840375721
26052,LOF,0.03182590644863629,0.3261400529968448,0.642034040554519
26053,LOF,0.040429689828544516,0.05700116836452592,0.9025691418069296
26054,LOF,0.05356653463809765,0.06785787496624647,0.8785755903956558
26055,LOF,0.06423373498345357,0.0670819010460329,0.8686843639705136
26056,LOF,0.059994781281220495,0.07219604073503438,0.8678091779837451
26057,LOF,0.053243718856011535,0.02100591620363221,0.9257503649403562
26058,LOF,0.05947852453572026,0.016509432735766657,0.9240120427285131
26059,LOF,0.26974067777779315,0.12326368292079369,0.6069956393014131
26060,LOF,0.014405073594990268,0.31711684170842963,0.6684780846965801
26061,LOF,0.011993565547135489,0.012770994706686705,0.9752354397461779
26062,LOF,0.005658066118074367,0.032045726697229285,0.9622962071846963
26063,LOF,0.04981250715776054,0.01927397099875664,0.9309135218434829
26064,LOF,0.009132554415949163,0.016440168919081004,0.9744272766649699
26065,LOF,0.04345220678922666,0.027225702396513327,0.92932209081426
26066,LOF,0.04473976291110546,0.017518675364634695,0.9377415617242598
26067,LOF,0.054085455059684456,0.020830458158137635,0.9250840867821778
26068,LOF,0.05143405429563226,0.057847970494784046,0.8907179752095836
26069,LOF,0.1804141937223358,0.03766274132578369,0.7819230649518806
26070,LOF,0.4108010294024875,0.022579720539178803,0.5666192500583337
26071,LOF,0.04753260306676952,0.0201917741017371,0.9322756228314933
26072,LOF,0.00913221824331902,0.0199352638824821,0.9709325178741989
26073,LOF,0.04827037328110859,0.01587319495423013,0.9358564317646614
26074,Neutral,0.7528412634267325,0.01798447069047556,0.22917426588279183
26075,LOF,0.04394872326382381,0.03206805378428304,0.9239832229518932
26076,LOF,0.05686495768146201,0.03265176995728844,0.9104832723612495
26077,LOF,0.1713736347617587,0.02529684999449489,0.8033295152437464
26078,LOF,0.00692147754039031,0.026533656423908914,0.9665448660357007
26079,LOF,0.05973316488606498,0.03461856914688525,0.9056482659670497
26080,LOF,0.05826059570701551,0.034563002037804776,0.9071764022551797
26081,LOF,0.048386785606371815,0.01909444907160688,0.9325187653220214
26082,LOF,0.007053378152484814,0.032571563732577684,0.9603750581149375
26083,LOF,0.04421015602026426,0.05168808043151979,0.9041017635482159
26084,LOF,0.05043756133571608,0.02783106417633614,0.9217313744879478
26085,LOF,0.04498175239428065,0.023358903237189303,0.93165934436853
26086,LOF,0.03604832446571299,0.02585121895524703,0.93810045657904
26087,LOF,0.04117564492051632,0.03013339233336826,0.9286909627461154
26088,LOF,0.0076632345089001465,0.06108719305321939,0.9312495724378804
26089,LOF,0.03814083253590758,0.06654121886230828,0.895317948601784
26090,LOF,0.038016263046883145,0.05065798787226904,0.9113257490808478
26091,LOF,0.048150730343054914,0.023711257336900066,0.928138012320045
26092,LOF,0.05475978676751847,0.017861125230338858,0.9273790880021426
26093,LOF,0.07040023449695876,0.013611779964628562,0.9159879855384128
26094,LOF,0.039558365723532066,0.020414333031617434,0.9400273012448505
26095,LOF,0.011709187714762335,0.030728459442728027,0.9575623528425098
26096,LOF,0.3008538165230961,0.004740099093716846,0.6944060843831871
26097,LOF,0.007383047789259068,0.050225975773823046,0.9423909764369179
26098,LOF,0.059448606457006344,0.03402475334917066,0.906526640193823
26099,LOF,0.0425925784140245,0.0719910443602758,0.8854163772256997
26100,LOF,0.0425925784140245,0.0719910443602758,0.8854163772256997
26101,LOF,0.03600467277995752,0.06813600519128479,0.8958593220287577
26102,LOF,0.04607381887570916,0.028489220051697486,0.9254369610725933
26103,Neutral,0.8607640564603444,0.04845252089972092,0.09078342263993465
26104,LOF,0.04994471257019308,0.11290509028893633,0.8371501971408707
26105,LOF,0.25282706170206265,0.20979311325826427,0.5373798250396731
26106,LOF,0.3147523568684767,0.1501043658648884,0.5351432772666349
26107,LOF,0.010272449033807822,0.15375699481561197,0.8359705561505802
26108,LOF,0.13914882946291485,0.17600743319358134,0.6848437373435039
26109,LOF,0.051877001850529736,0.03506976152223779,0.9130532366272325
26110,Neutral,0.5083525694276375,0.025403972735459843,0.4662434578369025
26111,LOF,0.059955417146513625,0.1858502279265024,0.7541943549269841
26112,LOF,0.060459161664675215,0.031004162886144458,0.9085366754491804
26113,LOF,0.06493172527663402,0.05232358810684707,0.8827446866165188
26114,LOF,0.09420958781701895,0.03416630031614681,0.8716241118668343
26115,LOF,0.017135865224974983,0.25928810198024715,0.7235760327947779
26116,LOF,0.06118819420524894,0.07268772697877898,0.8661240788159722
26117,LOF,0.26312096900422616,0.06835401930137971,0.6685250116943942
26118,LOF,0.041757351595359087,0.02261141807326019,0.9356312303313808
26119,LOF,0.005705541631983754,0.10058769160679142,0.8937067667612248
26120,LOF,0.034850313622274906,0.026223835290633345,0.9389258510870917
26121,LOF,0.004578557691401105,0.111883623893701,0.883537818414898
26122,LOF,0.004834732266431924,0.11106456737683372,0.8841007003567344
