feature0,prediction,LoGoFunc_Neutral,LoGoFunc_GOF,LoGoFunc_LOF
25546,Neutral,0.6575442794753726,0.0566020150365674,0.28585370548806005
25547,Neutral,0.47288240427451284,0.1124589204212723,0.4146586753042147
25548,Neutral,0.4807960443729307,0.08313167962194713,0.43607227600512205
25549,LOF,0.4204647734098183,0.07937541706684553,0.5001598095233362
25550,LOF,0.34856270807674034,0.15013695993458792,0.5013003319886717
25551,LOF,0.2517636546970111,0.16874949828411814,0.5794868470188708
25552,LOF,0.18632101420903807,0.15910528525108095,0.654573700539881
25553,Neutral,0.806257466557074,0.039151561788727154,0.15459097165419888
25554,LOF,0.21809946717174827,0.15179364831738956,0.6301068845108622
25555,LOF,0.18388408138384463,0.13297850128037939,0.6831374173357759
25556,LOF,0.3858375192242591,0.1311139896325641,0.4830484911431768
25557,LOF,0.17495076738141518,0.13876678486134747,0.6862824477572372
25558,LOF,0.21087799979726546,0.14709493711746957,0.6420270630852649
25559,LOF,0.1822822714774461,0.15609928649794325,0.6616184420246107
25560,LOF,0.07547660458035904,0.13440456746950388,0.7901188279501371
25561,LOF,0.16040389315211512,0.11985922315388584,0.719736883693999
25562,LOF,0.07507655670247668,0.09330493425572658,0.8316185090417967
25563,LOF,0.1016987762107156,0.08487261951248869,0.8134286042767956
25564,LOF,0.20708007011843124,0.15606216334763945,0.6368577665339294
25565,LOF,0.1418693424119043,0.14748999509744637,0.7106406624906493
25566,GOF,0.017356053636107843,0.7722259298977826,0.21041801646610958
25567,LOF,0.019345258369413688,0.2183917953690844,0.7622629462615019
25568,LOF,0.05005946743179798,0.09527682240661074,0.8546637101615914
25569,LOF,0.04898602594407474,0.09271335693119785,0.8583006171247274
25570,LOF,0.029635574823176643,0.14216354989298707,0.8282008752838363
25571,LOF,0.027679285907670038,0.1401490768494468,0.8321716372428831
25572,LOF,0.0315127286087932,0.15617898549466638,0.8123082858965405
25573,LOF,0.026311969433478105,0.13281430945511602,0.8408737211114059
25574,LOF,0.019732956493883742,0.18921655966282652,0.7910504838432897
25575,LOF,0.02287365761857417,0.15276211954890287,0.824364222832523
25576,LOF,0.011977413760389681,0.18557093327613713,0.8024516529634732
25577,LOF,0.009754173754378483,0.152720864687059,0.8375249615585625
25578,LOF,0.25399811168348835,0.13225148518942215,0.6137504031270896
25579,LOF,0.15034571720273857,0.14102942539540053,0.7086248574018609
25580,LOF,0.016646642846008933,0.11384227564761838,0.8695110815063727
25581,LOF,0.04165215601885426,0.09886369213043554,0.8594841518507103
25582,LOF,0.04104754575010754,0.09749971522232835,0.8614527390275641
25583,LOF,0.019332049842065713,0.1295145287861731,0.8511534213717611
25584,Neutral,0.5198131937567446,0.133043424187856,0.34714338205539946
25585,LOF,0.013163156051065484,0.1643145904005831,0.8225222535483515
25586,LOF,0.015306396342438095,0.10717223050644255,0.8775213731511193
25587,LOF,0.015418227099836116,0.10211722438470833,0.8824645485154554
25588,LOF,0.015803016930866366,0.11725422294782155,0.866942760121312
25589,Neutral,0.569550862346625,0.15525682843855065,0.27519230921482446
25590,LOF,0.01765562550066259,0.149466418142578,0.8328779563567595
25591,LOF,0.07895314637848119,0.08211325433227797,0.8389335992892408
25592,LOF,0.0408593231511808,0.17895786658191798,0.7801828102669012
25593,LOF,0.02269503343750081,0.30237903007399386,0.6749259364885053
25594,LOF,0.03718556701651655,0.11658561205527776,0.8462288209282057
25595,LOF,0.0437057033493025,0.08659675584523309,0.8696975408054645
25596,LOF,0.0632999874862682,0.06675229752179565,0.8699477149919361
25597,LOF,0.03963875893412786,0.07927504180988171,0.8810861992559905
25598,LOF,0.035930686845015,0.1044330504799214,0.8596362626750637
25599,GOF,0.008089505284965236,0.5594758378021223,0.43243465691291255
25600,GOF,0.027786140380385776,0.5947369219170997,0.3774769377025145
25601,LOF,0.015956251685798818,0.398116779307263,0.5859269690069382
25602,LOF,0.015718224671171028,0.05350267411734829,0.9307791012114806
25603,LOF,0.0548306540382499,0.019449278666403655,0.9257200672953465
25604,LOF,0.015301311168390383,0.07187347599548655,0.9128252128361231
25605,LOF,0.008105373320198292,0.2086895172768851,0.7832051094029167
25606,LOF,0.11747973229933195,0.344327883154672,0.538192384545996
25607,LOF,0.005434266876183389,0.22055214137731666,0.7740135917465001
25608,LOF,0.010993258441172412,0.10850339214504912,0.8805033494137786
25609,LOF,0.06727848562170986,0.4184515064041533,0.5142700079741368
25610,LOF,0.01981507010262116,0.029070044535260586,0.9511148853621182
25611,LOF,0.02044116489990505,0.029236293686252593,0.9503225414138423
25612,LOF,0.06291383459816048,0.04016129522469716,0.8969248701771424
25613,LOF,0.051138418813571174,0.04312890062975011,0.9057326805566788
25614,LOF,0.025883592407631006,0.03338015476032658,0.9407362528320424
25615,LOF,0.017998543786828275,0.04569335715193721,0.9363080990612346
25616,LOF,0.06233488018974804,0.030177606026951506,0.9074875137833005
25617,LOF,0.06104905371285894,0.034617568890733724,0.9043333773964074
25618,LOF,0.07147024981900237,0.03938430358812374,0.8891454465928739
25619,LOF,0.018507537902970123,0.03635975193986715,0.9451327101571626
25620,LOF,0.07419559604604839,0.039473220349860894,0.8863311836040908
25621,LOF,0.019370698381976477,0.04216824159690074,0.9384610600211227
25622,LOF,0.02390486053889868,0.03924217272724046,0.936852966733861
25623,LOF,0.042935459073029515,0.02901273428424616,0.9280518066427242
25624,LOF,0.021686868018631924,0.04139638101008516,0.9369167509712828
25625,LOF,0.02696425977188279,0.05103154871643538,0.9220041915116818
25626,LOF,0.05920033112498208,0.035616014008919554,0.9051836548660984
25627,Neutral,0.5842658548187534,0.1363474698575959,0.2793866753236508
25628,LOF,0.1978674711180975,0.0635192487183069,0.7386132801635956
25629,LOF,0.04339106007081739,0.062438041800305225,0.8941708981288773
25630,LOF,0.13764948824619933,0.10431277684897144,0.7580377349048292
25631,Neutral,0.6132816345762248,0.07026640607318693,0.3164519593505883
25632,LOF,0.008238650783211243,0.08346054547716449,0.9083008037396243
25633,LOF,0.2754447506720465,0.06137670061350135,0.663178548714452
25634,LOF,0.030835106060548928,0.11564452801407794,0.8535203659253732
25635,LOF,0.030818165510881398,0.06948506858834635,0.8996967659007722
25636,GOF,0.005686793972095943,0.5570001169850751,0.43731308904282895
25637,GOF,0.007648107181822143,0.5739092590562352,0.4184426337619427
25638,LOF,0.01139657672341826,0.27394058497572765,0.7146628383008541
25639,LOF,0.006342525579512367,0.44751260317311853,0.5461448712473692
25640,Neutral,0.4588904975968318,0.4497440706809119,0.09136543172225642
25641,LOF,0.013131613846582894,0.3183236850418026,0.6685447011116146
25642,LOF,0.2363623043379726,0.07016627837645402,0.6934714172855734
25643,LOF,0.13801042880678452,0.19762967740716175,0.6643598937860536
25644,GOF,0.009674098103060347,0.5085941763007688,0.48173172559617095
25645,LOF,0.008026306925965218,0.4427681028732036,0.5492055902008312
25646,LOF,0.011784639245635673,0.32324467483377034,0.664970685920594
25647,LOF,0.010824061903821068,0.28914101859885233,0.7000349194973267
25648,LOF,0.009410593632188994,0.2737249533717185,0.7168644529960926
25649,LOF,0.008035688580385178,0.21505085794934306,0.7769134534702717
25650,LOF,0.013803911229381028,0.44976843444656905,0.53642765432405
25651,LOF,0.00595498498756787,0.2998310899705856,0.6942139250418465
25652,LOF,0.00966415727417777,0.2852065716621998,0.7051292710636224
25653,LOF,0.029013729536196804,0.4257893026093388,0.5451969678544644
25654,LOF,0.010897930555322104,0.1824384495118465,0.8066636199328314
25655,LOF,0.0512235974294808,0.46265616551309646,0.4861202370574228
25656,LOF,0.18988331511411716,0.04121862842430262,0.7688980564615802
25657,LOF,0.27503779231992453,0.026667446876252457,0.6982947608038229
25658,LOF,0.07626964292790157,0.06872874503507556,0.8550016120370227
25659,LOF,0.38396354473079786,0.06226240516661027,0.5537740501025918
25660,LOF,0.03220411461592388,0.10144213470494204,0.8663537506791341
25661,LOF,0.10297538050979252,0.06501291947853821,0.8320117000116692
25662,LOF,0.025685907714547332,0.04764155314314176,0.926672539142311
25663,LOF,0.03313283358342325,0.06646447423504322,0.9004026921815335
25664,LOF,0.03885213599843689,0.08169340264569647,0.8794544613558665
25665,LOF,0.04960720839250981,0.03828620088698968,0.9121065907205005
25666,LOF,0.044073217974607094,0.10452344373779744,0.8514033382875954
25667,LOF,0.07588695693023846,0.05212600750851343,0.871987035561248
25668,LOF,0.0275168718071051,0.056775925586622804,0.9157072026062721
25669,LOF,0.03040736409030059,0.08086236955995754,0.888730266349742
25670,LOF,0.053403806532505343,0.06407570640463112,0.8825204870628635
25671,LOF,0.0950534677831092,0.04687907362752903,0.8580674585893617
25672,LOF,0.049736634417803884,0.05005227993101363,0.9002110856511826
25673,LOF,0.02816640755357649,0.06364695042471037,0.9081866420217132
25674,LOF,0.02154028590196158,0.07745315554574554,0.9010065585522928
25675,LOF,0.0360028212367085,0.07742549696636794,0.8865716817969237
25676,LOF,0.020694600881119532,0.06788512345003153,0.911420275668849
25677,LOF,0.029885866086773388,0.07740327779156593,0.8927108561216607
25678,LOF,0.17933799859496244,0.0505849763394159,0.7700770250656217
25679,LOF,0.15315645288615667,0.07030158411862522,0.776541962995218
25680,LOF,0.03789056470830116,0.12047495047430634,0.8416344848173926
25681,LOF,0.06367376819300662,0.10835854821370382,0.8279676835932895
25682,LOF,0.10862907545072037,0.07996546199058872,0.811405462558691
25683,LOF,0.0843777139575508,0.10587841555450919,0.8097438704879399
25684,LOF,0.04212431220670424,0.08335850781306918,0.8745171799802266
25685,LOF,0.07312315875306098,0.0711534082336567,0.8557234330132822
25686,LOF,0.03577637566080576,0.09401543697712181,0.8702081873620724
25687,LOF,0.04559901973487794,0.08173512663423634,0.8726658536308857
25688,LOF,0.047404201885544756,0.05220764731480403,0.9003881507996512
25689,LOF,0.030659582337201598,0.06330663892262288,0.9060337787401754
25690,LOF,0.03451303587043999,0.05606950266171861,0.9094174614678414
25691,LOF,0.2730701221939368,0.06963994613438185,0.6572899316716813
25692,LOF,0.25444205859111646,0.007511710728741524,0.7380462306801421
25693,LOF,0.08646197250397311,0.19206524049666152,0.7214727869993655
25694,LOF,0.24424785546679115,0.013779670441694356,0.7419724740915146
25695,LOF,0.16071781042481617,0.029003759524200833,0.810278430050983
25696,LOF,0.11396737829395892,0.012821757817764401,0.8732108638882767
25697,LOF,0.09076651505638496,0.029106016716912552,0.8801274682267025
25698,GOF,0.04871677762695468,0.4921710212489236,0.4591122011241218
25699,LOF,0.06469606121818296,0.10032748446687127,0.8349764543149458
25700,LOF,0.06546014847213558,0.009694761777696154,0.9248450897501683
25701,LOF,0.017163911214502253,0.08776212941369828,0.8950739593717995
25702,GOF,0.03260326436146874,0.7056708245419968,0.26172591109653454
25703,LOF,0.008925798277721362,0.1881004474465867,0.802973754275692
25704,LOF,0.04618544794314495,0.16279731332063488,0.7910172387362202
25705,LOF,0.062191445929928445,0.22060587753440117,0.7172026765356704
25706,GOF,0.041823309032664666,0.5244458380291065,0.43373085293822883
25707,LOF,0.022891367927989455,0.47681537218691655,0.500293259885094
25708,LOF,0.008157706436935037,0.39064234502428874,0.6011999485387762
25709,LOF,0.057929236776736975,0.06150917190303069,0.8805615913202323
25710,LOF,0.00515363044483295,0.16067720827938425,0.8341691612757828
25711,LOF,0.019837255884997376,0.11468026897536014,0.8654824751396424
25712,LOF,0.006778252396928582,0.18025327611500336,0.8129684714880682
25713,LOF,0.017980204111941834,0.09818722398713606,0.8838325719009221
25714,LOF,0.07110972015952058,0.12212383077017874,0.8067664490703006
25715,LOF,0.013360797350652463,0.12613275982872726,0.8605064428206204
25716,LOF,0.005808787122320183,0.10784800683875388,0.8863432060389259
25717,LOF,0.004875871233832756,0.09897652963009188,0.8961475991360754
25718,LOF,0.013939013320696076,0.08166206586864051,0.9043989208106635
25719,LOF,0.023430792783216026,0.08508468695002712,0.8914845202667568
25720,LOF,0.023447784121082605,0.07663464431055546,0.8999175715683619
25721,LOF,0.01620238252359601,0.10683785689409776,0.8769597605823063
25722,LOF,0.013654067392670121,0.12994865700135652,0.8563972756059733
25723,LOF,0.01982374982022146,0.06472505451754534,0.9154511956622332
25724,LOF,0.021270913344555466,0.09935460491836565,0.8793744817370789
25725,LOF,0.013846991345315848,0.07144989574725136,0.9147031129074328
25726,LOF,0.011787470620080433,0.1013324297551949,0.8868800996247247
25727,LOF,0.01453123004820202,0.08305847752873818,0.9024102924230598
25728,LOF,0.012705185393810919,0.1069331343856176,0.8803616802205715
25729,LOF,0.013202868944981865,0.11121171840855346,0.8755854126464647
25730,LOF,0.013937361548802596,0.09285670952754657,0.8932059289236508
25731,LOF,0.007384137339620817,0.13858603379336043,0.8540298288670188
25732,LOF,0.013698391267087275,0.09555949586240084,0.8907421128705119
25733,LOF,0.018597311903363424,0.07607280240364314,0.9053298856929934
25734,LOF,0.0049765276961563415,0.13835409050439082,0.8566693817994527
25735,LOF,0.01616590580544227,0.07984973197813817,0.9039843622164196
25736,LOF,0.015148143721463822,0.11514586023956652,0.8697059960389697
25737,LOF,0.023370410401392146,0.08363901777763967,0.8929905718209682
25738,LOF,0.01503229779556915,0.13485994767497522,0.8501077545294555
25739,LOF,0.022599447531646194,0.11270898390840442,0.8646915685599493
25740,LOF,0.0332024640939041,0.12907071196474312,0.8377268239413528
25741,LOF,0.018025874034308574,0.1069961439665163,0.8749779819991751
25742,LOF,0.11674264221917532,0.09726636881245035,0.7859909889683744
25743,LOF,0.015949406470107154,0.04158742258193673,0.9424631709479561
25744,LOF,0.2169647263346307,0.34517019351995754,0.43786508014541164
25745,LOF,0.027774155015425562,0.052748533703468284,0.9194773112811062
25746,LOF,0.016123233895759495,0.0643801007636837,0.9194966653405567
25747,LOF,0.028029466647837203,0.037188269061992435,0.9347822642901704
25748,LOF,0.14890881805341397,0.063826849768582,0.787264332178004
25749,LOF,0.016465595852005833,0.04603568087978927,0.9374987232682049
25750,LOF,0.029446652741666694,0.07107766555234005,0.8994756817059932
25751,LOF,0.11163131608867795,0.06302685856609347,0.8253418253452287
25752,GOF,0.10246624681733857,0.649666398896617,0.2478673542860443
25753,LOF,0.007749555083829466,0.3780426625083413,0.6142077824078291
25754,GOF,0.004803452068602178,0.8446289384214711,0.15056760950992662
25755,LOF,0.009437403126956847,0.4318596449444573,0.5587029519285859
25756,LOF,0.04222218173170699,0.4392940240460957,0.5184837942221974
25757,GOF,0.005613823229967634,0.8587851742589693,0.13560100251106313
25758,GOF,0.006231327172176422,0.8584693718388617,0.13529930098896167
25759,GOF,0.00450563754962304,0.5609601745967444,0.4345341878536326
25760,LOF,0.004503346052616113,0.2922551348848628,0.7032415190625211
25761,GOF,0.03682332131307555,0.8334317937925187,0.12974488489440578
25762,LOF,0.02754855539516309,0.3396526357572423,0.6327988088475945
25763,LOF,0.005876713913133073,0.24084416782961385,0.7532791182572531
25764,GOF,0.13488656235861818,0.5245827797939208,0.34053065784746106
25765,GOF,0.010789396703748429,0.7864452647153265,0.20276533858092505
25766,GOF,0.017198257035286938,0.791282006897603,0.19151973606711012
25767,LOF,0.027390494845613008,0.47832767384766306,0.49428183130672393
25768,LOF,0.0822978637982724,0.06499163623828291,0.8527104999634447
25769,LOF,0.07479074792434244,0.04891890420574768,0.8762903478699099
25770,LOF,0.2631369788023528,0.059489832113502554,0.6773731890841446
25771,LOF,0.012055498724744125,0.0565934895440379,0.9313510117312179
25772,LOF,0.015688724923769267,0.025408488749115925,0.9589027863271148
25773,LOF,0.010488635821251525,0.0966503859798243,0.8928609781989243
25774,LOF,0.02471398907988451,0.06571779377363675,0.9095682171464787
25775,LOF,0.013621924130991083,0.04248222416509737,0.9438958517039114
25776,LOF,0.07947593914880713,0.02041387083772167,0.9001101900134713
25777,LOF,0.26911391861553363,0.04198097716059563,0.6889051042238706
25778,LOF,0.06376750182053069,0.038675379402805535,0.8975571187766639
25779,GOF,0.05292165097797664,0.8778533325016875,0.06922501652033579
25780,GOF,0.053820268907475315,0.8492469102250705,0.09693282086745413
25781,GOF,0.023507896918257425,0.8401016232406441,0.1363904798410986
25782,GOF,0.026310319236669932,0.8760358614118788,0.09765381935145113
25783,GOF,0.012481225168507276,0.6738545088533857,0.31366426597810704
25784,GOF,0.11864877593471458,0.825246683719384,0.056104540345901316
25785,GOF,0.06475769728846428,0.880557456122953,0.0546848465885829
25786,GOF,0.0048025152134130375,0.820107803768044,0.17508968101854291
25787,GOF,0.2007809262024773,0.7597376614995711,0.039481412297951705
25788,LOF,0.04576977866805731,0.13584145420319843,0.8183887671287443
25789,GOF,0.03225390608152174,0.8189162626075568,0.14882983131092142
25790,GOF,0.033714404566127905,0.8694326720485479,0.0968529233853243
25791,GOF,0.026120929767178957,0.8116893944949445,0.16218967573787657
25792,GOF,0.03993389092923121,0.8186973525513376,0.14136875651943118
25793,GOF,0.08084125420652687,0.8127252199817274,0.10643352581174566
25794,GOF,0.08919905498608996,0.7203953126139517,0.19040563239995836
25795,GOF,0.02607886402305054,0.7437086657783902,0.23021247019855917
25796,GOF,0.12308321670459585,0.7580486945736061,0.1188680887217981
25797,GOF,0.02805829407820523,0.6102403950071229,0.36170131091467184
25798,GOF,0.002930480095723468,0.5728567171476712,0.42421280275660544
25799,LOF,0.0026325760711541826,0.45810857680861716,0.5392588471202288
25800,GOF,0.008971758554286955,0.6314938830821939,0.3595343583635191
25801,GOF,0.025844919263824342,0.8254900746529013,0.14866500608327443
25802,GOF,0.01532287763674588,0.7311098850132601,0.25356723734999403
25803,GOF,0.009188170835049428,0.6367967102873957,0.35401511887755494
25804,GOF,0.010005122964538789,0.5363303607188679,0.4536645163165932
25805,GOF,0.019003492451260828,0.6361871200327108,0.3448093875160283
25806,GOF,0.015546737091102197,0.6675754196603517,0.31687784324854595
25807,GOF,0.004693651329701714,0.6661501753152833,0.3291561733550149
25808,GOF,0.013199318126311404,0.6630359768457839,0.3237647050279048
25809,GOF,0.00508682592763294,0.6428477923557107,0.35206538171665624
25810,GOF,0.00448340717323903,0.6583325748563247,0.33718401797043634
25811,GOF,0.07555556682223317,0.8176245823575672,0.10681985082019967
25812,GOF,0.012427530424178984,0.6563095168948553,0.3312629526809658
25813,GOF,0.09697691308635648,0.7641208556109228,0.1389022313027206
25814,GOF,0.02226955739898322,0.719985640612047,0.2577448019889698
25815,GOF,0.036646724684409826,0.7430328353294108,0.2203204399861795
25816,GOF,0.007318718414140805,0.8107541146488026,0.18192716693705657
25817,GOF,0.07064128139039476,0.7667652754623006,0.16259344314730473
25818,GOF,0.019185434357183107,0.7484967533580762,0.23231781228474085
25819,GOF,0.06602491814714932,0.7303623440463834,0.2036127378064672
25820,GOF,0.028156073048606386,0.7320655203074832,0.23977840664391023
25821,GOF,0.015313993372158774,0.7158703335116892,0.26881567311615207
25822,GOF,0.031241078154361026,0.7401817649795315,0.22857715686610747
25823,GOF,0.010668302964669373,0.5924819147682048,0.3968497822671258
25824,GOF,0.019642874881593185,0.714413175639072,0.2659439494793347
25825,GOF,0.011288870023040933,0.6911483033341752,0.29756282664278405
25826,GOF,0.005052478478163047,0.6572401234217516,0.33770739810008543
25827,GOF,0.007673637062323875,0.6535218493451082,0.33880451359256797
25828,GOF,0.004998644347630872,0.5900850207310053,0.4049163349213638
25829,GOF,0.0027330758724555307,0.6515470226186441,0.34571990150890036
25830,LOF,0.028978891548838794,0.3997382820067289,0.5712828264444324
25831,GOF,0.033372273722860765,0.8305270669698083,0.13610065930733092
25832,GOF,0.0075197420754112496,0.7716480652416788,0.22083219268290988
25833,GOF,0.024035198862879626,0.8199590080205378,0.15600579311658272
25834,GOF,0.007396680810801094,0.7787660756574205,0.21383724353177838
25835,GOF,0.016554061025396406,0.8212510629501806,0.16219487602442303
25836,GOF,0.006186548436308649,0.7838073177066871,0.21000613385700428
25837,GOF,0.005817276167380128,0.6804965390460705,0.3136861847865493
25838,GOF,0.016695492010359032,0.8379757998827816,0.14532870810685944
25839,GOF,0.03564371022400179,0.8092216534017882,0.15513463637420988
25840,GOF,0.03660020455619324,0.8215789769046962,0.14182081853911058
25841,GOF,0.034094346003292586,0.8452185370522775,0.12068711694443002
25842,GOF,0.021710718835733472,0.8774335987266659,0.10085568243760064
25843,GOF,0.02378902497089828,0.88838407830438,0.08782689672472163
25844,GOF,0.014710558939608362,0.8032270272697579,0.18206241379063373
25845,GOF,0.005309922073955983,0.6048811432414529,0.3898089346845911
25846,GOF,0.02590861165144923,0.8500199466658401,0.12407144168271056
25847,GOF,0.015407899439664008,0.8949367803904503,0.08965532016988563
25848,GOF,0.012837367284077484,0.8430595419563105,0.14410309075961197
25849,GOF,0.004678020454858268,0.7197134022450896,0.2756085773000523
25850,GOF,0.006148960186981383,0.726528235086776,0.26732280472624254
25851,GOF,0.005048557307257017,0.5976346628703353,0.39731677982240776
25852,GOF,0.14882438763412897,0.5740581514341173,0.27711746093175377
25853,GOF,0.06623179766655851,0.8332676255949829,0.10050057673845847
25854,GOF,0.009185987557096459,0.6614717518191604,0.329342260623743
25855,GOF,0.01093099936701082,0.5956808231619403,0.393388177471049
25856,GOF,0.03253148031580232,0.7152578937023041,0.2522106259818936
25857,GOF,0.013343997338798909,0.5566011061933636,0.4300548964678375
25858,GOF,0.0075324917278519555,0.5761472925078903,0.4163202157642578
25859,GOF,0.0052519091502355635,0.5559716183847028,0.4387764724650618
25860,GOF,0.0682288499372725,0.7969369974557763,0.13483415260695122
25861,GOF,0.11314518347136965,0.782748972585336,0.10410584394329435
25862,GOF,0.018848555949799676,0.8335000545412671,0.14765138950893328
25863,GOF,0.01679926369082019,0.8494657497918288,0.13373498651735102
25864,GOF,0.03484498391866572,0.8678581775013531,0.09729683857998125
25865,GOF,0.024645787326135513,0.834317017026326,0.14103719564753833
25866,GOF,0.01992903982185263,0.8316578616480594,0.14841309853008797
25867,GOF,0.022704783416439958,0.8601195347436495,0.11717568183991052
25868,GOF,0.044623175295852566,0.803467557202795,0.15190926750135256
25869,GOF,0.323010243636719,0.5864032270431516,0.09058652932012935
25870,GOF,0.18411952403749213,0.5772397841246807,0.23864069183782727
25871,GOF,0.020793938283095795,0.8699601352431949,0.10924592647370934
25872,GOF,0.018529047616066052,0.846106183351475,0.1353647690324588
25873,GOF,0.017557692007044476,0.8654677159224966,0.11697459207045892
25874,LOF,0.01567334195406723,0.14423117959014736,0.8400954784557854
25875,LOF,0.03381999017692853,0.03858620113503543,0.9275938086880361
25876,LOF,0.013860020757421817,0.03244551659586278,0.9536944626467153
25877,LOF,0.1290177160564724,0.0586634911126646,0.812318792830863
25878,LOF,0.05303306088068274,0.0856169478043687,0.8613499913149486
25879,LOF,0.023945575056001648,0.07452329471552,0.9015311302284783
25880,LOF,0.04460722359135796,0.010317952906124719,0.9450748235025174
25881,Neutral,0.5611295828699411,0.08118165889436048,0.3576887582356984
25882,LOF,0.02128080408649141,0.05161668612408337,0.9271025097894252
25883,LOF,0.05367364163901756,0.029282634222482066,0.9170437241385004
25884,LOF,0.011857555243468152,0.06488112932572779,0.9232613154308041
25885,LOF,0.19272184730947378,0.009932570127401005,0.7973455825631253
25886,LOF,0.20296740097993698,0.060871323194277946,0.7361612758257852
25887,LOF,0.14572645694711775,0.07203127989791494,0.7822422631549674
25888,LOF,0.013007735898495007,0.146809912838376,0.840182351263129
25889,LOF,0.01792338352336459,0.04166812753954742,0.940408488937088
25890,LOF,0.11691849536893516,0.10777337609063997,0.7753081285404249
25891,LOF,0.04745538119628932,0.05392827812417755,0.8986163406795331
25892,LOF,0.010164275015996756,0.05131497769372414,0.9385207472902791
25893,LOF,0.3663962612038525,0.013714900112441484,0.619888838683706
25894,LOF,0.42949232230168644,0.008929618820121908,0.5615780588781917
25895,LOF,0.3442694864749618,0.017322111080999677,0.6384084024440385
25896,LOF,0.042494016559187435,0.033639119403810376,0.9238668640370021
25897,LOF,0.1819102836223128,0.0146209870372631,0.8034687293404241
25898,LOF,0.21770975860470076,0.04762399911158411,0.7346662422837151
25899,LOF,0.2453800834775501,0.03499008602099374,0.7196298305014561
25900,LOF,0.431953418958388,0.013246178048851575,0.5548004029927603
25901,LOF,0.04609861262805281,0.01392002234706187,0.9399813650248854
25902,LOF,0.1022694253187516,0.020620155664228382,0.8771104190170201
25903,LOF,0.34712523618040597,0.0368335942221027,0.6160411695974913
25904,Neutral,0.4838974364171046,0.047059688987512394,0.4690428745953831
25905,LOF,0.0076206571169233185,0.3846106471644764,0.6077686957186004
25906,LOF,0.00852718725704486,0.09749239783768535,0.8939804149052699
25907,LOF,0.004447564811762901,0.3171392713519942,0.6784131638362428
25908,LOF,0.004161106965942935,0.2114707988705058,0.7843680941635512
25909,LOF,0.015784340442841875,0.14155567529561902,0.8426599842615391
25910,LOF,0.016991962901412402,0.1418873891460226,0.841120647952565
25911,LOF,0.17348003097350542,0.02923396001213888,0.7972860090143558
25912,LOF,0.06920837917905134,0.05681508685172403,0.8739765339692247
25913,LOF,0.06132519432217418,0.05653650007843734,0.8821383055993886
25914,LOF,0.02231228927075572,0.07572094098238524,0.9019667697468591
25915,LOF,0.12874875767250746,0.29916464028991585,0.5720866020375767
25916,LOF,0.0208804425099504,0.2191929802430599,0.7599265772469899
25917,LOF,0.057333468842315397,0.05233493284680511,0.8903315983108795
25918,LOF,0.02778495991359143,0.0441018035701083,0.9281132365163003
25919,LOF,0.022875289927068224,0.0438319160414319,0.9332927940314999
25920,LOF,0.10652686592334984,0.23777835569656527,0.6556947783800848
25921,LOF,0.009560288179932198,0.039772082762153445,0.9506676290579144
25922,LOF,0.011953653180894114,0.028121449748106982,0.9599248970709989
25923,LOF,0.4113824524645088,0.03724474617454473,0.5513728013609465
25924,LOF,0.016760620951496424,0.04326842777537983,0.9399709512731238
25925,LOF,0.06868188978296937,0.04748117233442081,0.8838369378826098
25926,LOF,0.047266374348151556,0.047343491879715434,0.905390133772133
25927,LOF,0.021426148548499287,0.06128980538980774,0.9172840460616929
25928,LOF,0.007057336208373482,0.04892368857817397,0.9440189752134525
25929,Neutral,0.48636135588193674,0.0346789509077377,0.47895969321032544
25930,LOF,0.08607724239709406,0.02908136573969599,0.8848413918632101
25931,LOF,0.009932856530073076,0.03312502459565267,0.9569421188742742
25932,LOF,0.03663493622746908,0.02748916453426693,0.9358758992382641
25933,LOF,0.04316949245767479,0.01754533803025928,0.9392851695120659
25934,LOF,0.028549988548861326,0.017861183303969155,0.9535888281471694
25935,LOF,0.06932106258777355,0.05136541654122597,0.8793135208710005
25936,LOF,0.042763900775386963,0.021689708424764514,0.9355463907998485
25937,LOF,0.009786920563310335,0.031366684463362625,0.9588463949733269
25938,LOF,0.06649243253826241,0.05115161234149463,0.882355955120243
25939,LOF,0.034111295551275136,0.02215191728834257,0.9437367871603822
25940,LOF,0.008534366149409358,0.34547095185302973,0.6459946819975608
25941,Neutral,0.5216694951423975,0.027822319552191586,0.450508185305411
25942,LOF,0.0056066945459738084,0.04362891127770972,0.9507643941763165
25943,LOF,0.03602649621583836,0.15087558621997074,0.8130979175641909
25944,LOF,0.12423400586669164,0.07340685063793191,0.8023591434953764
25945,LOF,0.058929273201412974,0.019745160765240133,0.9213255660333469
25946,LOF,0.07110123860952645,0.04771998599226859,0.881178775398205
25947,Neutral,0.5102593806016211,0.07752025924332874,0.41222036015505015
25948,LOF,0.33560124634943456,0.011545339527497566,0.6528534141230679
25949,LOF,0.08869063801637644,0.05680489354755834,0.8545044684360651
25950,GOF,0.037725519539569,0.6142249829205724,0.34804949753985875
25951,LOF,0.014043647024413797,0.40077259522528963,0.5851837577502966
25952,LOF,0.25469627579067083,0.2841846761750036,0.4611190480343256
25953,LOF,0.012093708831686511,0.17359452156839372,0.8143117695999198
25954,LOF,0.0481438133312842,0.41895336106720177,0.532902825601514
25955,LOF,0.010848688744431456,0.1292582138243232,0.8598930974312453
25956,LOF,0.026691135649645748,0.2772528619793786,0.6960560023709756
25957,LOF,0.21289772290703712,0.04145967706351953,0.7456426000294434
25958,LOF,0.051820741164493235,0.034716009742162456,0.9134632490933444
25959,GOF,0.012993468329029983,0.49609307369245303,0.4909134579785169
25960,LOF,0.005344598252175555,0.05650349171923038,0.938151910028594
25961,LOF,0.05133494532545907,0.030836304001971772,0.9178287506725691
25962,LOF,0.029832605064847865,0.08144636551466419,0.888721029420488
25963,LOF,0.005964097366867629,0.26364404056481566,0.7303918620683167
25964,LOF,0.029631157766975526,0.10055932345207184,0.8698095187809526
25965,LOF,0.3065422072632728,0.14068212823986656,0.5527756644968607
25966,LOF,0.4349331548843408,0.1280681584900877,0.43699868662557145
25967,LOF,0.006198958302987953,0.07110609171134125,0.9226949499856708
25968,LOF,0.043692194779064816,0.21806357734966322,0.7382442278712719
25969,LOF,0.12689423871480493,0.06317788404097226,0.8099278772442228
25970,LOF,0.019908399302341537,0.09064973576362134,0.8894418649340372
25971,LOF,0.0668085109488564,0.02840331646632139,0.9047881725848224
25972,LOF,0.058314465336518594,0.04318931443952969,0.8984962202239516
25973,LOF,0.05578630481427709,0.013680973105689298,0.9305327220800336
25974,LOF,0.04618639978564782,0.037818974987677105,0.915994625226675
25975,LOF,0.043224734055868824,0.026244453170142543,0.9305308127739886
25976,LOF,0.11106697942469032,0.012911596980552317,0.8760214235947574
25977,LOF,0.20845457110604743,0.05801621518856152,0.733529213705391
25978,LOF,0.14576023395403856,0.1456581702194851,0.7085815958264764
25979,LOF,0.12764970564680655,0.15477299396956604,0.7175773003836273
25980,LOF,0.2443321902733771,0.167980878145891,0.5876869315807319
25981,LOF,0.2444710227348701,0.16835447729753544,0.5871744999675944
25982,LOF,0.40415053789477173,0.1020810650057193,0.49376839709950904
25983,LOF,0.3974489237647146,0.12695037487358343,0.47560070136170207
25984,LOF,0.03494962614626785,0.07167935296033673,0.8933710208933954
25985,LOF,0.4237961527807492,0.12325479209922731,0.4529490551200233
25986,LOF,0.01188882686717506,0.43594919331725235,0.5521619798155727
25987,LOF,0.04198167408938112,0.12095124424699558,0.8370670816636233
25988,LOF,0.1335492448363199,0.1321498777173074,0.7343008774463726
25989,LOF,0.0384702787170875,0.17278312266598653,0.788746598616926
25990,LOF,0.03833441497116321,0.2653721171229707,0.696293467905866
25991,LOF,0.021003575679803942,0.32808734023809966,0.6509090840820964
25992,LOF,0.028191915180931417,0.35575634677457557,0.616051738044493
25993,LOF,0.021157087583111196,0.08511176976010815,0.8937311426567806
25994,LOF,0.016034161978676523,0.08411300566653271,0.8998528323547907
25995,LOF,0.018028563918699617,0.15214444659427961,0.8298269894870207
25996,LOF,0.3123985710997996,0.2812757980917303,0.4063256308084701
25997,LOF,0.07919895738874067,0.32518579767448424,0.5956152449367751
25998,LOF,0.31520913916608106,0.05040566746955566,0.6343851933643633
25999,LOF,0.019966684787165734,0.23840305396190226,0.741630261250932
26000,LOF,0.14895503062656562,0.03816013893728793,0.8128848304361463
26001,LOF,0.29860298433562527,0.030275371834649036,0.6711216438297257
26002,LOF,0.06795847640938203,0.06391659662286767,0.8681249269677503
26003,GOF,0.0037631514097392752,0.6376869985849107,0.35854985000534995
26004,GOF,0.005944868582737052,0.7300959524348,0.26395917898246296
26005,GOF,0.0029110284360061673,0.524688403115056,0.47240056844893774
26006,GOF,0.0764230082650822,0.6186248169876114,0.30495217474730646
26007,GOF,0.005669959323495773,0.6153653034435357,0.37896473723296853
26008,GOF,0.005045587431682962,0.7003501663113695,0.2946042462569476
26009,GOF,0.005538067657031349,0.7014737926154622,0.29298813972750654
26010,GOF,0.006293788528337888,0.6939243197873048,0.2997818916843573
26011,GOF,0.0025208554656154544,0.5027699590675793,0.4947091854668053
26012,GOF,0.0036325625060226237,0.5734667216741325,0.42290071581984484
26013,GOF,0.0045588751072786786,0.6485453873236977,0.34689573756902364
26014,LOF,0.036254547034033184,0.11920315235546461,0.8445423006105023
26015,LOF,0.14615117875719166,0.01959128015446249,0.8342575410883458
26016,LOF,0.2666578457373635,0.037554987830851164,0.6957871664317853
26017,LOF,0.023429433187403138,0.19442519328193744,0.7821453735306595
26018,LOF,0.051282775575457774,0.04012315680023644,0.9085940676243057
26019,LOF,0.05061371350164197,0.03421314148531498,0.9151731450130429
26020,LOF,0.009035006151405076,0.20338768799817328,0.7875773058504216
26021,LOF,0.06760638551895505,0.07705589392025344,0.8553377205607915
26022,LOF,0.027510060764350707,0.027889322460975582,0.9446006167746738
26023,LOF,0.04076995299752984,0.022947005128647883,0.9362830418738223
26024,LOF,0.042361750431652204,0.06875373589575061,0.8888845136725972
26025,LOF,0.04935770670540195,0.07724224580252162,0.8734000474920764
26026,LOF,0.08446245276597907,0.05531360288388489,0.8602239443501359
26027,LOF,0.04540088096603888,0.018788912671312982,0.9358102063626481
26028,LOF,0.09433207800604428,0.1373601096592147,0.768307812334741
26029,LOF,0.02274516217430476,0.21830553923167392,0.7589492985940214
26030,LOF,0.1467220650784324,0.032547994555272734,0.8207299403662948
26031,LOF,0.013665229705423488,0.15817060469088914,0.8281641656036873
26032,LOF,0.06563595708632382,0.06565861592325169,0.8687054269904245
26033,LOF,0.0800915690189857,0.05923572301965986,0.8606727079613545
26034,LOF,0.015732773663866707,0.1732214691661734,0.8110457571699599
26035,LOF,0.01452724485164628,0.1267544770459946,0.8587182781023592
26036,LOF,0.015927343813457017,0.15936006179835385,0.8247125943881891
26037,LOF,0.01314329580923183,0.10809617280491879,0.8787605313858494
26038,LOF,0.05407752128156833,0.05966059072990966,0.8862618879885221
26039,LOF,0.025548832613758125,0.15597770999227492,0.8184734573939669
26040,LOF,0.1076214051715368,0.14002100998288947,0.7523575848455737
26041,LOF,0.016102883246087423,0.09496673362983675,0.8889303831240757
26042,LOF,0.014566060916566186,0.09841094826298488,0.887022990820449
26043,LOF,0.05334373192496855,0.07750900419456488,0.8691472638804665
26044,LOF,0.01134578284473638,0.06531720187311191,0.9233370152821518
26045,LOF,0.04854525974153089,0.1129991087737469,0.8384556314847222
26046,LOF,0.047680039958342336,0.06107586382441868,0.8912440962172391
26047,LOF,0.08000895991922083,0.06061504526416698,0.8593759948166122
26048,LOF,0.04369433828899614,0.04976609059844787,0.906539571112556
26049,Neutral,0.9640949712804442,0.0072827715310128304,0.028622257188543047
26050,Neutral,0.950562104890739,0.007814935745566196,0.04162295936369499
26051,LOF,0.01352391960414064,0.13353063359283326,0.8529454468030261
26052,LOF,0.022109757371909726,0.16993661941126798,0.8079536232168223
26053,LOF,0.022605046091175675,0.13075276974028902,0.8466421841685353
26054,LOF,0.04373915526301118,0.020366981313977166,0.9358938634230115
26055,LOF,0.058027940492415615,0.018708274102215938,0.9232637854053686
26056,LOF,0.05019093214646236,0.022925383463587926,0.9268836843899497
26057,LOF,0.030334507244156043,0.015215126673040166,0.9544503660828038
26058,LOF,0.031236405947166576,0.01287208165202619,0.9558915124008072
26059,LOF,0.3245451156756353,0.023895463484395692,0.6515594208399691
26060,LOF,0.011067140568761976,0.19381520995489251,0.7951176494763456
26061,LOF,0.004969396582313981,0.017416760926399374,0.9776138424912866
26062,LOF,0.0036729837284299894,0.025345004822774953,0.970982011448795
26063,LOF,0.020518244298265587,0.012591126062006247,0.9668906296397282
26064,LOF,0.005797447605435672,0.03228256086407834,0.9619199915304859
26065,LOF,0.02385535115419367,0.01392937572364604,0.9622152731221603
26066,LOF,0.022996829201468453,0.011893308605321585,0.9651098621932099
26067,LOF,0.027085809333674767,0.010576517894270216,0.962337672772055
26068,LOF,0.0425126324963447,0.044793395658791,0.9126939718448642
26069,LOF,0.2669006745128178,0.02547276452694983,0.7076265609602324
26070,LOF,0.41570694224663723,0.019202923307728353,0.5650901344456344
26071,LOF,0.022707811336321094,0.01289467935484445,0.9643975093088344
26072,LOF,0.005347633993917043,0.029359975925278576,0.9652923900808043
26073,LOF,0.021374670753737435,0.016927541551466405,0.9616977876947961
26074,Neutral,0.9186242542147833,0.007432170741293453,0.07394357504392336
26075,LOF,0.0377755832140815,0.021598788648913476,0.9406256281370051
26076,LOF,0.034757006269702656,0.01199458617121217,0.9532484075590852
26077,LOF,0.11696971183392298,0.00990483283587391,0.8731254553302031
26078,LOF,0.005401199083744732,0.019639064783501914,0.9749597361327534
26079,LOF,0.04883073299385481,0.024272680935459867,0.9268965860706853
26080,LOF,0.04704810473555006,0.02436747351476886,0.9285844217496811
26081,LOF,0.02730011993892711,0.009195117589236215,0.9635047624718367
26082,LOF,0.004073125633336666,0.022515240861145057,0.9734116335055182
26083,LOF,0.10819218853470372,0.020199476902375467,0.8716083345629208
26084,LOF,0.04021703050484026,0.015734405475840887,0.9440485640193189
26085,LOF,0.03583931653652405,0.013896471292716057,0.95026421217076
26086,LOF,0.021735138688938536,0.013638289518032863,0.9646265717930287
26087,LOF,0.020776950143094365,0.011220731520267965,0.9680023183366376
26088,LOF,0.005775107232802057,0.02487608741084817,0.9693488053563498
26089,LOF,0.03774477538280294,0.02667090798260662,0.9355843166345905
26090,LOF,0.038070593683946885,0.02160815110050446,0.9403212552155488
26091,LOF,0.026337972793232172,0.008447750278619456,0.9652142769281483
26092,LOF,0.02244238058468011,0.009232817885109487,0.9683248015302104
26093,LOF,0.03840033055747157,0.00761064554460877,0.9539890238979197
26094,LOF,0.03116331203640602,0.007880706440315794,0.9609559815232782
26095,LOF,0.019089425482878723,0.020726769542443266,0.9601838049746779
26096,LOF,0.18329014499400728,0.00686485304605558,0.809845001959937
26097,LOF,0.004730561875580752,0.03652021902390216,0.958749219100517
26098,LOF,0.0744173532980648,0.016802355949334317,0.9087802907526009
26099,LOF,0.021441520831385553,0.016867574946257922,0.9616909042223566
26100,LOF,0.021441520831385553,0.016867574946257922,0.9616909042223566
26101,LOF,0.05085794534781466,0.02414820906022065,0.9249938455919646
26102,LOF,0.020002056090748652,0.01732332041898201,0.9626746234902692
26103,Neutral,0.8354233192772433,0.025254880456975406,0.13932180026578145
26104,LOF,0.0641666266162394,0.026094701273799512,0.9097386721099611
26105,LOF,0.22967537307688568,0.18092931097206252,0.5893953159510519
26106,LOF,0.34101064456078467,0.14031418813250685,0.5186751673067085
26107,LOF,0.02112583382917526,0.11906380072573647,0.8598103654450883
26108,LOF,0.3109531117036602,0.05024595320255291,0.6388009350937869
26109,LOF,0.03656248797457099,0.0635457067345592,0.8998918052908698
26110,LOF,0.20151027629351967,0.007997776859171577,0.7904919468473087
26111,LOF,0.06806902483060809,0.086943767066926,0.8449872081024659
26112,LOF,0.03361176451521823,0.0076535413904057084,0.958734694094376
26113,LOF,0.0602373474255752,0.016684264127456515,0.9230783884469682
26114,LOF,0.07776534868809322,0.009739525928390714,0.9124951253835161
26115,LOF,0.017211759364349485,0.06049710871450826,0.9222911319211422
26116,LOF,0.10423421961456246,0.03966569206595026,0.8561000883194871
26117,LOF,0.4066198270263589,0.03546520348663347,0.5579149694870077
26118,LOF,0.0309135257394414,0.017153027756042206,0.9519334465045163
26119,LOF,0.004840173554526996,0.04016683632400097,0.954992990121472
26120,LOF,0.02448538953040999,0.017480176044731056,0.958034434424859
