feature0,prediction,LoGoFunc_Neutral,LoGoFunc_GOF,LoGoFunc_LOF
25546,Neutral,0.6409317199800811,0.06249852104472701,0.2965697589751919
25547,Neutral,0.4669035533573075,0.11274069681840214,0.4203557498242903
25548,Neutral,0.4805064059845312,0.08706948833488426,0.43242410568058465
25549,LOF,0.41649370726442614,0.0888963061798395,0.4946099865557343
25550,LOF,0.3412427982559389,0.15532111089141412,0.503436090852647
25551,LOF,0.2874391745961644,0.17587444748204198,0.5366863779217936
25552,LOF,0.20327144633499156,0.16090649869159146,0.635822054973417
25553,Neutral,0.790362183304057,0.05420129041157157,0.1554365262843714
25554,LOF,0.23601174440511513,0.15745429107575612,0.6065339645191287
25555,LOF,0.19702091580829867,0.1344565243094459,0.6685225598822554
25556,LOF,0.40243205678178945,0.12527800716694154,0.4722899360512691
25557,LOF,0.1835232804922282,0.14489318907569407,0.6715835304320777
25558,LOF,0.233884081959503,0.15445252880179158,0.6116633892387053
25559,LOF,0.1824462195522225,0.11811881797589492,0.6994349624718825
25560,LOF,0.07442132660820056,0.1565199692608038,0.7690587041309958
25561,LOF,0.13917292392130412,0.1454865475178075,0.7153405285608885
25562,LOF,0.0673661090735382,0.09114103005546027,0.8414928608710015
25563,LOF,0.0951400223264448,0.09257718628760628,0.812282791385949
25564,LOF,0.22693884927834523,0.15945565387344046,0.6136054968482143
25565,LOF,0.14930449465472515,0.14264818447244224,0.7080473208728325
25566,GOF,0.018993538858581526,0.7613242038585993,0.21968225728281915
25567,LOF,0.022006875684452313,0.17423183482911697,0.8037612894864308
25568,LOF,0.06396214694918075,0.07361331352716816,0.862424539523651
25569,LOF,0.058831184594998864,0.07528196862442904,0.8658868467805722
25570,LOF,0.03264416088857006,0.10719396366300657,0.8601618754484233
25571,LOF,0.03195014649247136,0.10531250354358083,0.8627373499639479
25572,LOF,0.037102707149109564,0.14038390575479598,0.8225133870960945
25573,LOF,0.02896650510884552,0.10450882406507446,0.86652467082608
25574,LOF,0.018784324887939602,0.15621314097183978,0.8250025341402205
25575,LOF,0.025186308924965685,0.1125673912546424,0.8622462998203919
25576,LOF,0.013156728893472917,0.16754412997739093,0.8192991411291362
25577,LOF,0.012424198042427169,0.13405406440055978,0.853521737557013
25578,LOF,0.2933211765027786,0.08190479446224729,0.624774029034974
25579,LOF,0.12494056848061225,0.0896898966011917,0.785369534918196
25580,LOF,0.019095259971197667,0.07996765265377122,0.9009370873750312
25581,LOF,0.048609064158848886,0.07193604261788127,0.8794548932232699
25582,LOF,0.0484971833772663,0.0709247419760683,0.8805780746466654
25583,LOF,0.021248083502484912,0.09235578369807532,0.8863961327994397
25584,Neutral,0.5174744195501341,0.10071539985442067,0.38181018059544525
25585,LOF,0.0126573520796026,0.15011664244099832,0.8372260054793992
25586,LOF,0.018854336707946114,0.07484270950401632,0.9063029537880375
25587,LOF,0.01771740883351807,0.06823788154911573,0.9140447096173662
25588,LOF,0.018157027577870948,0.08490773820211388,0.8969352342200152
25589,Neutral,0.637820957849674,0.13208511616304827,0.23009392598727782
25590,LOF,0.020921846224523692,0.12793615251974075,0.8511420012557356
25591,LOF,0.08117772468904888,0.06071677161600376,0.8581055036949474
25592,LOF,0.05120830597776598,0.12908647542994364,0.8197052185922904
25593,LOF,0.02309327535339891,0.2357132846732165,0.7411934399733845
25594,LOF,0.0379495036153855,0.1134861149465028,0.8485643814381117
25595,LOF,0.040132156256285086,0.08795881735820758,0.8719090263855074
25596,LOF,0.05189271930983782,0.07050457050261204,0.8776027101875502
25597,LOF,0.03599816138320092,0.07364965003745523,0.890352188579344
25598,LOF,0.0346349916612876,0.09600152406392565,0.8693634842747868
25599,GOF,0.008061433751138734,0.5745590118012518,0.4173795544476095
25600,GOF,0.031399467963238024,0.6482056129420584,0.3203949190947036
25601,LOF,0.011602898311555936,0.4405618962224094,0.5478352054660348
25602,LOF,0.014451078750581742,0.05159169369514513,0.9339572275542731
25603,LOF,0.046354680873447233,0.01957628684189903,0.9340690322846537
25604,LOF,0.016117072066008684,0.0705363253555914,0.9133466025783998
25605,LOF,0.0074342902841422484,0.20828727701970123,0.7842784326961566
25606,LOF,0.0791207848464271,0.35867287822097127,0.5622063369326016
25607,LOF,0.004681633984938066,0.23784855221353934,0.7574698138015226
25608,LOF,0.012187720929565698,0.1114836006703145,0.8763286784001197
25609,LOF,0.07196507912635423,0.3535761047216427,0.5744588161520031
25610,LOF,0.019521676899278764,0.02492908493998924,0.955549238160732
25611,LOF,0.018943803825924393,0.02838506453485637,0.9526711316392192
25612,LOF,0.06394478096919326,0.03937535148415688,0.8966798675466497
25613,LOF,0.05617154499648802,0.04127021197037176,0.9025582430331403
25614,LOF,0.025964827923299058,0.02996897028099796,0.9440662017957029
25615,LOF,0.01693893597428342,0.037662345153020686,0.945398718872696
25616,LOF,0.05636788316681178,0.029623595873071607,0.9140085209601165
25617,LOF,0.05155108613996296,0.033712100251327586,0.9147368136087095
25618,LOF,0.06767924747409901,0.03469936182841781,0.8976213906974831
25619,LOF,0.01845684016682647,0.031688068064882585,0.9498550917682909
25620,LOF,0.06977011336960211,0.04046006398236297,0.889769822648035
25621,LOF,0.018849114184752436,0.03773839859280306,0.9434124872224445
25622,LOF,0.02288333040775181,0.04091599163608699,0.9362006779561612
25623,LOF,0.037256506088019475,0.03424446958844149,0.928499024323539
25624,LOF,0.02259784471313266,0.037637787038848076,0.9397643682480191
25625,LOF,0.025114496017745992,0.050648389574686786,0.9242371144075672
25626,LOF,0.055923142719356896,0.04094894062868131,0.9031279166519619
25627,Neutral,0.5908344499222803,0.10745724375014291,0.30170830632757684
25628,LOF,0.20254098971074702,0.05799753663046852,0.7394614736587846
25629,LOF,0.040151209440943386,0.060454660612389986,0.8993941299466667
25630,LOF,0.14859638082656926,0.09920548232912488,0.7521981368443058
25631,Neutral,0.6147454436112229,0.06646031440039125,0.31879424198838585
25632,LOF,0.008122994498687473,0.060932840598263684,0.9309441649030489
25633,LOF,0.2014413636318226,0.04316427527897065,0.7553943610892067
25634,LOF,0.029426859751918416,0.09147079210527655,0.8791023481428051
25635,LOF,0.03561174317459783,0.04548546131947127,0.9189027955059309
25636,GOF,0.005520250524161649,0.6083115207096718,0.38616822876616663
25637,GOF,0.007525833199626504,0.597737699503339,0.39473646729703454
25638,LOF,0.011363866938326026,0.30576717309624696,0.6828689599654271
25639,LOF,0.005185396522706916,0.4322821853491758,0.5625324181281173
25640,Neutral,0.4678265919768129,0.42959572822726666,0.10257767979592058
25641,LOF,0.01374266759184037,0.32062850217707195,0.6656288302310877
25642,LOF,0.24253987020056889,0.0631992632362707,0.6942608665631603
25643,LOF,0.12641906275196083,0.17136719719728777,0.7022137400507514
25644,LOF,0.00864142915163404,0.4354108671721161,0.5559477036762499
25645,LOF,0.007388225543720473,0.4058346580969181,0.5867771163593614
25646,LOF,0.013580205479260758,0.31137689084576337,0.675042903674976
25647,LOF,0.009428068410734168,0.25690317797111184,0.733668753618154
25648,LOF,0.009029200025391653,0.23825123476809829,0.7527195652065101
25649,LOF,0.0076347155374217,0.19488496213693107,0.7974803223256471
25650,LOF,0.013531716657913381,0.3955918236143588,0.5908764597277277
25651,LOF,0.005728893136887738,0.26124714932651805,0.7330239575365942
25652,LOF,0.010188337180081636,0.2419400084568659,0.7478716543630525
25653,LOF,0.026332011007355237,0.3723088871751165,0.6013591018175284
25654,LOF,0.009553891259831635,0.1496225705628651,0.8408235381773034
25655,LOF,0.04646613873049234,0.37881249456186367,0.574721366707644
25656,LOF,0.1858041538870185,0.050025856786562725,0.7641699893264187
25657,LOF,0.2658129470401943,0.02851236052924281,0.7056746924305629
25658,LOF,0.07560618123596818,0.07709054664676443,0.8473032721172674
25659,LOF,0.45584325778031914,0.06721077320120741,0.4769459690184733
25660,LOF,0.028274923858789856,0.10289458810726021,0.86883048803395
25661,LOF,0.09291380760304756,0.07236788528168277,0.8347183071152696
25662,LOF,0.02949988854891537,0.047565975105110445,0.9229341363459741
25663,LOF,0.036964651573633225,0.06805998910230647,0.8949753593240604
25664,LOF,0.04698237822698783,0.09031905743424676,0.8626985643387654
25665,LOF,0.05064272869422642,0.03748357169489469,0.9118736996108788
25666,LOF,0.034290591713043155,0.12495318739363773,0.840756220893319
25667,LOF,0.0638309682425072,0.05292682448746577,0.8832422072700269
25668,LOF,0.03199048911317856,0.05741804323992514,0.9105914676468962
25669,LOF,0.029943245996635996,0.07660684004283899,0.893449913960525
25670,LOF,0.06037332792755054,0.06533866518655322,0.8742880068858961
25671,LOF,0.09656685140277421,0.04453842890959568,0.8588947196876302
25672,LOF,0.053613222018349053,0.047087242325893314,0.8992995356557576
25673,LOF,0.022594015668668543,0.06699220460556919,0.9104137797257622
25674,LOF,0.020767132715104136,0.07966378672134673,0.8995690805635492
25675,LOF,0.032122681777942565,0.07495902700966536,0.8929182912123921
25676,LOF,0.018539241463773594,0.062309124126275095,0.9191516344099513
25677,LOF,0.02730868278182076,0.07368009961169877,0.8990112176064806
25678,LOF,0.19837222668986712,0.062477888093755346,0.7391498852163775
25679,LOF,0.153583255424338,0.0862775150442356,0.7601392295314264
25680,LOF,0.0421396555915022,0.11176576835345159,0.8460945760550462
25681,LOF,0.06683104621727004,0.10858823692382658,0.8245807168589033
25682,LOF,0.13950616656065676,0.08815475905975778,0.7723390743795854
25683,LOF,0.07500324992719429,0.12181457870822249,0.8031821713645833
25684,LOF,0.04325994600610647,0.08587164447248433,0.8708684095214091
25685,LOF,0.07816108561914484,0.05578370424318154,0.8660552101376736
25686,LOF,0.027930478738072258,0.08077045178720105,0.8912990694747267
25687,LOF,0.04993111881707166,0.06616638257965109,0.8839024986032773
25688,LOF,0.050811809738123735,0.05576464987830157,0.8934235403835746
25689,LOF,0.02622935405534088,0.07075439669963692,0.9030162492450223
25690,LOF,0.03605579073808574,0.05643229232995357,0.9075119169319608
25691,LOF,0.242631713451783,0.07536401191358372,0.6820042746346333
25692,LOF,0.26385353153592667,0.007139909601403611,0.7290065588626697
25693,LOF,0.06623535919414267,0.23957767731576185,0.6941869634900955
25694,LOF,0.22767794345462594,0.01470795474734236,0.7576141017980318
25695,LOF,0.14020331444745673,0.02352492192641127,0.8362717636261321
25696,LOF,0.10735136127367684,0.013247983134650669,0.8794006555916725
25697,LOF,0.09446684867852773,0.023781975628245106,0.8817511756932273
25698,LOF,0.05900718573002228,0.431375224981144,0.5096175892888337
25699,LOF,0.06484496213558746,0.09273255058808746,0.8424224872763251
25700,LOF,0.058542832209766735,0.010214530918303946,0.9312426368719293
25701,LOF,0.015395125549824201,0.07782868697429125,0.9067761874758845
25702,GOF,0.03872268272280625,0.6862811019400005,0.2749962153371933
25703,LOF,0.008991660456603384,0.1696818898708305,0.8213264496725661
25704,LOF,0.05041591240985393,0.1497764384300837,0.7998076491600624
25705,LOF,0.06929866103677008,0.2697545276619093,0.6609468113013206
25706,GOF,0.024672417978728337,0.5178616745952193,0.45746590742605237
25707,LOF,0.01880553530964552,0.46202446447305784,0.5191700002172966
25708,LOF,0.007921730652599898,0.4339792500916826,0.5580990192557175
25709,LOF,0.059348862943039996,0.06847434897031379,0.8721767880866461
25710,LOF,0.004943580174519306,0.18514522516033338,0.8099111946651473
25711,LOF,0.016997965556794892,0.15550570869202263,0.8274963257511825
25712,LOF,0.006513403069650402,0.24486097922587324,0.7486256177044763
25713,LOF,0.018344467537259303,0.13172307714684273,0.849932455315898
25714,LOF,0.061046120346835715,0.1615297754845431,0.7774241041686212
25715,LOF,0.011285722774068504,0.18113484671850485,0.8075794305074266
25716,LOF,0.005929054788967334,0.143753825226125,0.8503171199849077
25717,LOF,0.005549912794423081,0.11147345831213659,0.8829766288934403
25718,LOF,0.012234695018873776,0.11286025867887622,0.87490504630225
25719,LOF,0.01924226688812126,0.12317233755122821,0.8575853955606505
25720,LOF,0.020366943002885194,0.11482358620800567,0.8648094707891092
25721,LOF,0.01637998047297142,0.1325557249765716,0.851064294550457
25722,LOF,0.014256499432771366,0.1627176885562229,0.8230258120110058
25723,LOF,0.019435575837545002,0.09315433140845326,0.8874100927540018
25724,LOF,0.018523186762445826,0.1354433915360946,0.8460334217014597
25725,LOF,0.012032001847470502,0.09862242092043114,0.8893455772320983
25726,LOF,0.01402246803766683,0.14972763349533624,0.8362498984669968
25727,LOF,0.012679838168833139,0.10833332648854216,0.8789868353426247
25728,LOF,0.010869245087274167,0.1396155399964737,0.8495152149162523
25729,LOF,0.011301021700786307,0.1389704816623233,0.8497284966368905
25730,LOF,0.015566252036634308,0.11721127387841898,0.8672224740849468
25731,LOF,0.007470325946976991,0.16286985628160813,0.829659817771415
25732,LOF,0.015420179282106245,0.10692223771191861,0.8776575830059751
25733,LOF,0.016273496369081614,0.09316007495568657,0.890566428675232
25734,LOF,0.005257328339747871,0.15590989772488922,0.8388327739353629
25735,LOF,0.014214039430135807,0.09203079615742595,0.8937551644124382
25736,LOF,0.014436646904283326,0.12994346417022867,0.8556198889254881
25737,LOF,0.019358696871728438,0.1100527293654563,0.8705885737628153
25738,LOF,0.012975933175026974,0.16124433546200684,0.8257797313629662
25739,LOF,0.01969513561514546,0.1403083176619937,0.8399965467228608
25740,LOF,0.030563673396154744,0.14330137499031265,0.8261349516135326
25741,LOF,0.015044124970005419,0.1293877123479598,0.8555681626820347
25742,LOF,0.10190913977024993,0.12965519818007457,0.7684356620496756
25743,LOF,0.014122263557090212,0.028349455289948897,0.957528281152961
25744,LOF,0.2355217210800794,0.30544309842305234,0.4590351804968682
25745,LOF,0.027449303660076953,0.03600387280883628,0.9365468235310868
25746,LOF,0.01622829305452005,0.04279707173029761,0.9409746352151824
25747,LOF,0.025639248667800697,0.02310322165136595,0.9512575296808334
25748,LOF,0.11641499328909187,0.039481556048163204,0.8441034506627448
25749,LOF,0.014784618309072465,0.03423764242342172,0.9509777392675058
25750,LOF,0.0321347835756864,0.04837238906102056,0.9194928273632931
25751,LOF,0.10679013659577025,0.04687675452030627,0.8463331088839235
25752,GOF,0.12377157585265204,0.5986164274792037,0.2776119966681441
25753,LOF,0.007183098303194632,0.309367230461745,0.6834496712350603
25754,GOF,0.0047783498598629095,0.7894670378916431,0.20575461224849395
25755,LOF,0.008624567433779992,0.398753718544306,0.592621714021914
25756,LOF,0.041770266802924595,0.4149170440496481,0.5433126891474274
25757,GOF,0.0054576630474162365,0.8512416254201696,0.1433007115324141
25758,GOF,0.006757658735888611,0.8452186931381583,0.14802364812595295
25759,GOF,0.004228239277976936,0.5460793683510009,0.4496923923710222
25760,LOF,0.004754918438505429,0.2745035942868895,0.7207414872746051
25761,GOF,0.04483108058014878,0.8056374060280961,0.14953151339175505
25762,LOF,0.03016112773948243,0.3136376333239904,0.6562012389365272
25763,LOF,0.005742767164593262,0.21709914958102736,0.7771580832543794
25764,GOF,0.1645562082007996,0.5008467418810223,0.3345970499181782
25765,GOF,0.012175942658052535,0.7718915283106086,0.21593252903133883
25766,GOF,0.01824746967559814,0.8089697775099166,0.1727827528144853
25767,GOF,0.01886910288338857,0.5045874917356766,0.47654340538093476
25768,LOF,0.07826339670561844,0.08044913992329458,0.841287463371087
25769,LOF,0.08858262964347838,0.05010255066378451,0.861314819692737
25770,LOF,0.323316807408135,0.06529737804224651,0.6113858145496185
25771,LOF,0.014617314454376171,0.051021332719070014,0.9343613528265539
25772,LOF,0.019779374099158205,0.023916935687739508,0.9563036902131024
25773,LOF,0.011921720315081048,0.10772897817974181,0.8803493015051772
25774,LOF,0.024650022653506815,0.06636390565566012,0.9089860716908331
25775,LOF,0.015633095633362393,0.04036927050324098,0.9439976338633967
25776,LOF,0.08616101646651174,0.018724169431513494,0.8951148141019747
25777,LOF,0.2945275354727328,0.040991409618666805,0.6644810549086004
25778,LOF,0.07371043601519392,0.03698285052453147,0.8893067134602747
25779,GOF,0.06813770174668952,0.8740482828582156,0.05781401539509479
25780,GOF,0.05883836252054282,0.8482969755617893,0.09286466191766794
25781,GOF,0.026532394864546373,0.8423307080383345,0.1311368970971191
25782,GOF,0.032376878494671905,0.870079825366047,0.0975432961392811
25783,GOF,0.011801044280904227,0.6535364554131855,0.33466250030591016
25784,GOF,0.12088966854005963,0.8229084134104233,0.05620191804951698
25785,GOF,0.06868786275690954,0.8753209080112887,0.05599122923180176
25786,GOF,0.005639758228152842,0.7779531338929895,0.21640710787885767
25787,GOF,0.19066064545372452,0.7601957583903408,0.049143596155934735
25788,LOF,0.04425675281348992,0.11181401403505016,0.84392923315146
25789,GOF,0.03820273398056838,0.7827866438193137,0.179010622200118
25790,GOF,0.04043732487008823,0.8310101234536923,0.12855255167621954
25791,GOF,0.030175840976456623,0.7616312365721886,0.2081929224513549
25792,GOF,0.04788419712439081,0.7655951119770726,0.18652069089853646
25793,GOF,0.07597361716472029,0.7122045040015862,0.21182187883369358
25794,GOF,0.10508247228244842,0.684296278620345,0.21062124909720661
25795,GOF,0.026396951003185235,0.7623749210965521,0.2112281279002626
25796,GOF,0.13737984598009387,0.742408510667638,0.12021164335226825
25797,GOF,0.03480410309468443,0.5892043591420911,0.3759915377632244
25798,GOF,0.0031826527139616223,0.523410101248592,0.4734072460374463
25799,LOF,0.003106000170021749,0.4084511494232234,0.5884428504067548
25800,GOF,0.011145150744944751,0.6101872693893845,0.3786675798656707
25801,GOF,0.03067119247957462,0.815818789339572,0.15351001818085344
25802,GOF,0.018865080234184487,0.6905529121998154,0.2905820075660001
25803,GOF,0.009968341613574704,0.5800705598866326,0.4099610984997928
25804,LOF,0.012458820309613651,0.4677976266718718,0.5197435530185146
25805,GOF,0.021590247203215247,0.5912164504483122,0.3871933023484725
25806,GOF,0.018099780646768197,0.6059532373685101,0.3759469819847218
25807,GOF,0.005624643887793566,0.6385607918614108,0.3558145642507956
25808,GOF,0.014394518844383817,0.6193627706129448,0.36624271054267143
25809,GOF,0.006466456985007941,0.5986619560997376,0.3948715869152545
25810,GOF,0.00529960699648208,0.6169103086911486,0.37779008431236927
25811,GOF,0.10306358032274827,0.7831592966302624,0.11377712304698928
25812,GOF,0.012769299262430808,0.6103390070685435,0.37689169366902564
25813,GOF,0.10844390539652485,0.72730157664786,0.1642545179556151
25814,GOF,0.028719234009321106,0.6961788117104143,0.2751019542802647
25815,GOF,0.04250457424032006,0.7066654721449179,0.25082995361476196
25816,GOF,0.007607009357450061,0.7460854412365597,0.24630754940599014
25817,GOF,0.06938127292788507,0.7595419619235444,0.17107676514857068
25818,GOF,0.018522648934398516,0.6930260664905165,0.2884512845750849
25819,GOF,0.07378082212383069,0.7308438354534573,0.19537534242271196
25820,GOF,0.03371036164040417,0.7147401403071408,0.25154949805245497
25821,GOF,0.016130269553720225,0.6943890826848471,0.28948064776143273
25822,GOF,0.03720661562123023,0.695653109994305,0.2671402743844648
25823,GOF,0.012032669533022195,0.5367356228960737,0.45123170757090414
25824,GOF,0.02085738264225215,0.6517617889065765,0.32738082845117134
25825,GOF,0.012523794857656817,0.6322260999631488,0.3552501051791945
25826,GOF,0.004785761525735732,0.5983610556667799,0.3968531828074842
25827,GOF,0.008723425583742556,0.6052236791944722,0.38605289522178526
25828,GOF,0.00526803467269109,0.5219606133958048,0.4727713519315041
25829,GOF,0.0026971617333603486,0.5781925579496917,0.4191102803169479
25830,LOF,0.03570096671059646,0.34564515391251116,0.6186538793768923
25831,GOF,0.03317539770420581,0.835275370178799,0.131549232116995
25832,GOF,0.007311088812528909,0.7479442123339657,0.2447446988535054
25833,GOF,0.02776784535966194,0.7979644476804059,0.1742677069599322
25834,GOF,0.008025334450594428,0.7605320527835752,0.23144261276583042
25835,GOF,0.01672609730459318,0.8121075057132362,0.17116639698217062
25836,GOF,0.00666538927404168,0.7497307764213893,0.24360383430456906
25837,GOF,0.006578410040062844,0.6517940106020448,0.3416275793578925
25838,GOF,0.020564500275223736,0.832698803222328,0.14673669650244822
25839,GOF,0.0514718416556192,0.796477817957238,0.15205034038714266
25840,GOF,0.04086540029636533,0.8215274803715868,0.13760711933204767
25841,GOF,0.039863989732849395,0.8314480360136428,0.12868797425350773
25842,GOF,0.024929933406259583,0.8579685702494568,0.11710149634428377
25843,GOF,0.026433383336949265,0.8769165968075348,0.09665001985551598
25844,GOF,0.01693059746606701,0.7931694144407108,0.18989998809322214
25845,GOF,0.005139358310359667,0.5627398947544053,0.43212074693523506
25846,GOF,0.026885158082103757,0.8515184320714041,0.12159640984649207
25847,GOF,0.017739910139751177,0.8750333378575008,0.10722675200274794
25848,GOF,0.013672170649910874,0.7659445269856628,0.22038330236442624
25849,GOF,0.004311657395798976,0.6436408358785779,0.3520475067256231
25850,GOF,0.006668929385506385,0.6894580056951266,0.303873064919367
25851,GOF,0.006007174606277463,0.5552602432691057,0.43873258212461685
25852,GOF,0.16731465249233077,0.5095422997632483,0.323143047744421
25853,GOF,0.06619002145534164,0.8242412670829341,0.10956871146172426
25854,GOF,0.009081638137819767,0.6287738513384326,0.36214451052374774
25855,GOF,0.013462300481003994,0.577975121839487,0.4085625776795091
25856,GOF,0.03544123165694364,0.7059767104081072,0.25858205793494915
25857,GOF,0.01328544586109655,0.5326667274487744,0.4540478266901291
25858,GOF,0.007239741830526855,0.515813539111172,0.47694671905830116
25859,GOF,0.0052267966051859635,0.504115466320811,0.4906577370740031
25860,GOF,0.07075396803695645,0.7762302793754573,0.15301575258758623
25861,GOF,0.11604746836949859,0.791293876876583,0.09265865475391839
25862,GOF,0.019136354249164964,0.8346698332373633,0.14619381251347177
25863,GOF,0.018629771554619073,0.8433283996362168,0.13804182880916405
25864,GOF,0.0404027605196069,0.8780516077914113,0.08154563168898168
25865,GOF,0.02985349052644211,0.8445736146389135,0.12557289483464437
25866,GOF,0.022941517516838508,0.8173135783945867,0.15974490408857486
25867,GOF,0.024660337229694115,0.8586734804605979,0.11666618230970806
25868,GOF,0.04845266255912975,0.7831563937040183,0.16839094373685196
25869,GOF,0.33258530946056253,0.5736561432315114,0.09375854730792603
25870,GOF,0.17654134655974665,0.5203157811900441,0.3031428722502092
25871,GOF,0.02768789366556039,0.8388264394813839,0.13348566685305566
25872,GOF,0.016669389333138055,0.7565732959794893,0.22675731468737256
25873,GOF,0.017637022955608563,0.8368688537137686,0.1454941233306229
25874,LOF,0.0159908707938787,0.12308470780186932,0.860924421404252
25875,LOF,0.022543734279809265,0.03562014959528238,0.9418361161249083
25876,LOF,0.014578623571605817,0.031496076455820365,0.9539252999725737
25877,LOF,0.12062706361434407,0.05763034164710763,0.8217425947385483
25878,LOF,0.04742514208095977,0.08008230136644781,0.8724925565525924
25879,LOF,0.02020493226424508,0.062087978634611615,0.9177070891011433
25880,LOF,0.042110613458599094,0.01165283348607348,0.9462365530553274
25881,Neutral,0.5178875725247284,0.05477686791914661,0.427335559556125
25882,LOF,0.021490822690113577,0.03245348936307321,0.9460556879468133
25883,LOF,0.06643885806697881,0.022994200688301707,0.9105669412447195
25884,LOF,0.01139921034114736,0.03896720058763837,0.9496335890712143
25885,LOF,0.15861191280539028,0.0071240509065528135,0.8342640362880569
25886,LOF,0.27335991743525256,0.04769904530961514,0.6789410372551324
25887,LOF,0.1440985176453011,0.05886868287338431,0.7970327994813147
25888,LOF,0.012408929629549714,0.11851791565516143,0.8690731547152889
25889,LOF,0.013712669645604449,0.029820257138583058,0.9564670732158125
25890,LOF,0.10509943040998966,0.08238421067582397,0.8125163589141864
25891,LOF,0.04449664827462757,0.04063550646748633,0.9148678452578861
25892,LOF,0.010083454515806651,0.05007282873753497,0.9398437167466585
25893,LOF,0.37985511649030856,0.01548562743504416,0.6046592560746472
25894,LOF,0.41218229309077065,0.0077188612647044194,0.580098845644525
25895,LOF,0.33413258497828396,0.016916225379255953,0.6489511896424601
25896,LOF,0.0401445419290454,0.029369964946570504,0.930485493124384
25897,LOF,0.18614196090313442,0.014777937798162109,0.7990801012987035
25898,LOF,0.19917091248162286,0.041149959912090694,0.7596791276062865
25899,LOF,0.17007098930661,0.0293864174447134,0.8005425932486767
25900,LOF,0.47725110435909085,0.012663838120004788,0.5100850575209044
25901,LOF,0.04630642767604421,0.011994750087762285,0.9416988222361934
25902,LOF,0.09947585623334135,0.020561047775999892,0.8799630959906588
25903,LOF,0.3804680780317132,0.03928138129969879,0.580250540668588
25904,LOF,0.3003858335956057,0.04841075305362023,0.651203413350774
25905,LOF,0.006094766730503718,0.4424228446387224,0.5514823886307739
25906,LOF,0.00929111173099095,0.12793314002055461,0.8627757482484545
25907,LOF,0.004015142413730898,0.38738747549297853,0.6085973820932905
25908,LOF,0.0038763286105349686,0.272448139954515,0.7236755314349501
25909,LOF,0.013215271114815703,0.1525849195728746,0.8341998093123097
25910,LOF,0.015307576040437202,0.15462719177697076,0.830065232182592
25911,LOF,0.1846390294263247,0.027439603779407233,0.787921366794268
25912,LOF,0.07840936670545323,0.04358831632652868,0.8780023169680181
25913,LOF,0.0757489694400588,0.047110204980458655,0.8771408255794826
25914,LOF,0.019297218943735792,0.06429445577105604,0.9164083252852081
25915,LOF,0.15559421740266033,0.2965615796703284,0.5478442029270113
25916,LOF,0.019070205152937152,0.20919591909634366,0.7717338757507193
25917,LOF,0.053253355378171004,0.0427597372856674,0.9039869073361616
25918,LOF,0.025000187592164245,0.03600840634750828,0.9389914060603275
25919,LOF,0.02116288869465856,0.035575016174641386,0.9432620951306999
25920,LOF,0.11137472541705763,0.23008197613632234,0.6585432984466201
25921,LOF,0.010259414848860806,0.0382977847553775,0.9514428003957617
25922,LOF,0.012955717000515834,0.03017770676533632,0.9568665762341478
25923,Neutral,0.5299220363532279,0.039927331628040304,0.43015063201873166
25924,LOF,0.01679556016522085,0.044044839169090376,0.9391596006656888
25925,LOF,0.08151705231130264,0.047112220275337305,0.87137072741336
25926,LOF,0.058600860930351814,0.041978969298245954,0.8994201697714024
25927,LOF,0.019590497434797943,0.06499356640274542,0.9154159361624566
25928,LOF,0.007512961593970232,0.05383852787707356,0.9386485105289563
25929,Neutral,0.6428647393614048,0.04186934657003246,0.3152659140685628
25930,LOF,0.07079098275951837,0.034889376464017685,0.894319640776464
25931,LOF,0.009596826095856133,0.03672825222981546,0.9536749216743284
25932,LOF,0.03242128710250501,0.028161273975590914,0.9394174389219041
25933,LOF,0.03984471421589724,0.018632699076240804,0.9415225867078619
25934,LOF,0.028087781351422356,0.01953393701152483,0.9523782816370528
25935,LOF,0.07434729812935385,0.055466384833545775,0.8701863170371005
25936,LOF,0.04739142338021462,0.023813543974716418,0.9287950326450689
25937,LOF,0.009730910182260974,0.04091067435789166,0.9493584154598473
25938,LOF,0.07116766455222291,0.06309973861527848,0.8657325968324986
25939,LOF,0.03838759974496687,0.024780842863747272,0.9368315573912858
25940,LOF,0.009374770109301279,0.32673690249095,0.6638883273997488
25941,Neutral,0.5310863457484302,0.03187828037728671,0.4370353738742832
25942,LOF,0.0048452192330555545,0.03953307448793077,0.9556217062790135
25943,LOF,0.036996579718536246,0.14014778860674112,0.8228556316747225
25944,LOF,0.11845217757549222,0.07979501087501147,0.8017528115494964
25945,LOF,0.05570869907717673,0.017443546011081786,0.9268477549117415
25946,LOF,0.0740204906398938,0.06090404598632802,0.8650754633737782
25947,LOF,0.4342076975679189,0.07561868754157479,0.49017361489050626
25948,LOF,0.3125680700015794,0.008868540376726543,0.678563389621694
25949,LOF,0.08402286148774832,0.04833680016033977,0.867640338351912
25950,GOF,0.0397960160474277,0.5971289440413997,0.36307503991117257
25951,LOF,0.01460083584984133,0.43986187530330406,0.5455372888468546
25952,LOF,0.26309322585985123,0.3220243190828978,0.41488245505725085
25953,LOF,0.01378376591120525,0.20577799588592902,0.7804382382028657
25954,LOF,0.05302697903151138,0.46114294198854605,0.48583007897994257
25955,LOF,0.01050198950223741,0.19067646285026263,0.7988215476474999
25956,LOF,0.02582369998869651,0.29394301128454686,0.6802332887267567
25957,LOF,0.1453600238238375,0.03324168991368148,0.8213982862624809
25958,LOF,0.051601296650874394,0.024165263527387806,0.9242334398217378
25959,LOF,0.013463037355319642,0.4328110484445048,0.5537259142001755
25960,LOF,0.0057728590198148225,0.046780398022139694,0.9474467429580454
25961,LOF,0.040823477100527535,0.022711225368672563,0.9364652975307999
25962,LOF,0.03128628773739319,0.08042841167305984,0.888285300589547
25963,LOF,0.005675410328577449,0.23248866802492582,0.7618359216464967
25964,LOF,0.03645049490317283,0.09785603273918451,0.8656934723576427
25965,LOF,0.336884560004525,0.13457062110342283,0.5285448188920521
25966,Neutral,0.5140492674132962,0.15290232840428045,0.3330484041824235
25967,LOF,0.006672211252857539,0.09604694840451171,0.8972808403426308
25968,LOF,0.052936963819739176,0.21938427514171407,0.7276787610385468
25969,LOF,0.12735292329376652,0.05879385914332103,0.8138532175629124
25970,LOF,0.018460997040075238,0.09799589467952607,0.8835431082803987
25971,LOF,0.06537754959028434,0.02987211476914572,0.90475033564057
25972,LOF,0.06360003712030941,0.04186520756621052,0.89453475531348
25973,LOF,0.053286112444649904,0.010748700279702303,0.9359651872756478
25974,LOF,0.03523843483702814,0.03654549116404193,0.9282160739989299
25975,LOF,0.04272803490380544,0.022183561273024104,0.9350884038231704
25976,LOF,0.10375293387038619,0.011219628959499012,0.8850274371701148
25977,LOF,0.19170783081801754,0.047736356640244115,0.7605558125417384
25978,LOF,0.14039108521188987,0.1421473468714041,0.717461567916706
25979,LOF,0.12891008095447284,0.1437513204032783,0.7273385986422488
25980,LOF,0.23095545683787688,0.15388605253933574,0.6151584906227874
25981,LOF,0.25568970228298105,0.15169829397786455,0.5926120037391543
25982,LOF,0.40769675796424254,0.11444523429765838,0.47785800773809917
25983,LOF,0.39163966494664204,0.12158901249116867,0.48677132256218947
25984,LOF,0.04320246197507135,0.06722968416466144,0.8895678538602672
25985,LOF,0.4189398540029454,0.11577402543257079,0.46528612056448376
25986,LOF,0.011082186246366565,0.4222942119103503,0.5666236018432831
25987,LOF,0.032323568350982226,0.09833400134568973,0.8693424303033281
25988,LOF,0.16675785490871275,0.09827480108104429,0.734967344010243
25989,LOF,0.03879285957079764,0.13941812989823915,0.8217890105309631
25990,LOF,0.041880764049709404,0.20852464079205424,0.7495945951582363
25991,LOF,0.017568641409272338,0.3428497533035594,0.6395816052871683
25992,LOF,0.020100358105858855,0.34452778759780167,0.6353718542963395
25993,LOF,0.02071316129501993,0.09452367466099801,0.8847631640439821
25994,LOF,0.014995352075911135,0.08441545809987325,0.9005891898242157
25995,LOF,0.01900962405040742,0.17380855326470185,0.8071818226848908
25996,LOF,0.33653238796235946,0.26410531664578135,0.39936229539185925
25997,LOF,0.07298122556296091,0.3149024953162107,0.6121162791208284
25998,LOF,0.28046812456695885,0.04560723171985978,0.6739246437131814
25999,LOF,0.01731316179199169,0.2216742661463128,0.7610125720616955
26000,LOF,0.1624702540976333,0.029401529182582826,0.8081282167197839
26001,LOF,0.31359974116267786,0.024022372339623326,0.6623778864976988
26002,LOF,0.06769656343877227,0.04411726041437176,0.8881861761468559
26003,GOF,0.003890872632846983,0.6157877899878579,0.380321337379295
26004,GOF,0.006663758425791222,0.7001753060915649,0.29316093548264377
26005,LOF,0.0029093766257387963,0.49530760867441664,0.5017830146998445
26006,GOF,0.07591314176104166,0.5820997213171477,0.34198713692181065
26007,GOF,0.0062731597931753895,0.5572119936911732,0.4365148465156513
26008,GOF,0.005164937239731417,0.6405303532143275,0.3543047095459412
26009,GOF,0.00612222899237066,0.6558085981221089,0.3380691728855205
26010,GOF,0.007437672612157889,0.6823937790650381,0.31016854832280405
26011,LOF,0.0026170415227153537,0.4864237328253923,0.5109592256518923
26012,GOF,0.0038702866050597403,0.549623087921629,0.4465066254733112
26013,GOF,0.005021599609220325,0.6329205129120714,0.3620578874787083
26014,LOF,0.042449939949942256,0.10389230654103297,0.8536577535090248
26015,LOF,0.14174552036802499,0.023876319139473155,0.8343781604925019
26016,LOF,0.2918254013120871,0.04907414691549639,0.6591004517724165
26017,LOF,0.024462351275215358,0.21945987845375856,0.7560777702710261
26018,LOF,0.07096888201849044,0.044988554817012624,0.884042563164497
26019,LOF,0.06830454807773184,0.03693598733351163,0.8947594645887565
26020,LOF,0.00814096967616121,0.22590557194225386,0.7659534583815849
26021,LOF,0.06429156464715481,0.08050348644185108,0.8552049489109941
26022,LOF,0.02587000947136766,0.03048311813001759,0.9436468723986148
26023,LOF,0.04462072586066855,0.026769793866500993,0.9286094802728305
26024,LOF,0.043689517785068126,0.08760011992060249,0.8687103622943294
26025,LOF,0.06140763505316307,0.084180571850569,0.8544117930962679
26026,LOF,0.12165517847292749,0.06344520311905673,0.8148996184080158
26027,LOF,0.056964430180902144,0.02090159355864183,0.9221339762604561
26028,LOF,0.0867646492983777,0.12160111294552135,0.7916342377561009
26029,LOF,0.026807454468738674,0.2023142477326471,0.7708782977986143
26030,LOF,0.14249797895700517,0.032848241311345255,0.8246537797316495
26031,LOF,0.013810581536046576,0.152525288956403,0.8336641295075504
26032,LOF,0.08272203963418544,0.06718857901434355,0.8500893813514709
26033,LOF,0.08609838528210753,0.0607916562152537,0.8531099585026388
26034,LOF,0.015131200536000528,0.16735698717410977,0.8175118122898898
26035,LOF,0.012954093344927222,0.13400497373098125,0.8530409329240916
26036,LOF,0.01649036652148456,0.17554176073076566,0.8079678727477498
26037,LOF,0.010863658241792295,0.11619464643955911,0.8729416953186486
26038,LOF,0.06879548781302305,0.060497304322592954,0.870707207864384
26039,LOF,0.02537945702985785,0.15873310786211325,0.815887435108029
26040,LOF,0.10857295624682363,0.1531651069175241,0.7382619368356522
26041,LOF,0.012842735325020012,0.10376756051936205,0.8833897041556179
26042,LOF,0.011308706059282353,0.10554917981430757,0.8831421141264101
26043,LOF,0.0680025403623908,0.08177016595804411,0.8502272936795651
26044,LOF,0.013395064175239871,0.06756937730860829,0.9190355585161518
26045,LOF,0.05043383945995526,0.10417370269099385,0.8453924578490509
26046,LOF,0.0606544330836822,0.06273369381359029,0.8766118731027274
26047,LOF,0.10520042471172451,0.06628692146002632,0.8285126538282492
26048,LOF,0.04250884988278659,0.044219513034898975,0.9132716370823145
26049,Neutral,0.9688929469543428,0.005928105140950004,0.025178947904707195
26050,Neutral,0.9567082291758985,0.007754957573591381,0.03553681325051024
26051,LOF,0.01452711899929721,0.17923921218131195,0.806233668819391
26052,LOF,0.020572811268301527,0.21537592877831377,0.7640512599533846
26053,LOF,0.02529806144054629,0.15421028369582593,0.8204916548636277
26054,LOF,0.048676600315831015,0.015769264219412965,0.935554135464756
26055,LOF,0.062167730655300145,0.01366504857034996,0.9241672207743499
26056,LOF,0.05171970123676435,0.016929997629700277,0.9313503011335355
26057,LOF,0.03104006596980693,0.009989976667812194,0.958969957362381
26058,LOF,0.03178561479932084,0.009115986496458775,0.9590983987042204
26059,LOF,0.2830265893418463,0.01659284293682681,0.7003805677213268
26060,LOF,0.008675042444464041,0.13790940346469568,0.8534155540908402
26061,LOF,0.005046194328085398,0.012753685331685749,0.9822001203402287
26062,LOF,0.003985056781282723,0.016534860998879554,0.9794800822198376
26063,LOF,0.02152151139789622,0.009152360877546848,0.9693261277245568
26064,LOF,0.0071356963159960735,0.018585147210813495,0.9742791564731904
26065,LOF,0.023285098606235084,0.010052834715081444,0.9666620666786835
26066,LOF,0.0216503214082778,0.009435375241464743,0.9689143033502574
26067,LOF,0.028696452537031486,0.007573689209331689,0.9637298582536369
26068,LOF,0.043732650489604306,0.026802829307059326,0.9294645202033363
26069,LOF,0.2618620533886172,0.016781743039952782,0.7213562035714302
26070,LOF,0.3956772313746415,0.011720481642387693,0.5926022869829708
26071,LOF,0.021322416533322418,0.009559888256017642,0.9691176952106598
26072,LOF,0.005549162286131684,0.02040049900342957,0.9740503387104388
26073,LOF,0.019123667900624586,0.012471263549368245,0.9684050685500072
26074,Neutral,0.9059003731820169,0.0057860558615036,0.08831357095647946
26075,LOF,0.043094416365604904,0.014333750608435551,0.9425718330259596
26076,LOF,0.03822466434984635,0.00812655277056554,0.9536487828795882
26077,LOF,0.11476851794363944,0.007464375781935405,0.8777671062744252
26078,LOF,0.005372587880930442,0.012231813776841648,0.9823955983422279
26079,LOF,0.05517896443642601,0.015774357718162466,0.9290466778454115
26080,LOF,0.053970513167157064,0.01579339855786471,0.9302360882749783
26081,LOF,0.029561927188059722,0.0068564189699411035,0.9635816538419991
26082,LOF,0.004509416608969681,0.014357494304193166,0.9811330890868373
26083,LOF,0.14190754593722846,0.013277550340613103,0.8448149037221584
26084,LOF,0.037007899549630664,0.011161953802024994,0.9518301466483443
26085,LOF,0.03272605708791262,0.010037219980262621,0.9572367229318247
26086,LOF,0.020190091613642526,0.009448624166312347,0.9703612842200452
26087,LOF,0.02110303395262904,0.008030878417674402,0.9708660876296965
26088,LOF,0.0053587165539469295,0.01926847244327969,0.9753728110027733
26089,LOF,0.03939716525392577,0.0203283640435197,0.9402744707025544
26090,LOF,0.03870514304416069,0.016452160393516883,0.9448426965623226
26091,LOF,0.028454318115741343,0.006103151036797129,0.9654425308474616
26092,LOF,0.02076219819068851,0.007303884285493163,0.9719339175238184
26093,LOF,0.03692202952224854,0.005637964619639966,0.9574400058581116
26094,LOF,0.028224445752353486,0.0060800888237656095,0.965695465423881
26095,LOF,0.014027083117442569,0.015897101512046586,0.9700758153705109
26096,LOF,0.1575620726105922,0.005567152587910499,0.8368707748014972
26097,LOF,0.004761409244322218,0.03216832881530796,0.9630702619403699
26098,LOF,0.07023651761181886,0.012564057419467258,0.9171994249687139
26099,LOF,0.01898981805265268,0.012034748149482492,0.9689754337978649
26100,LOF,0.021226524971215414,0.011691746238160713,0.9670817287906238
26101,LOF,0.04835250830647591,0.017811455187060246,0.9338360365064639
26102,LOF,0.02056910088369242,0.012253845120515972,0.9671770539957915
26103,Neutral,0.8654538647374376,0.01792363681002109,0.11662249845254134
26104,LOF,0.06674660316226769,0.022157191091129257,0.9110962057466031
26105,LOF,0.20932613972788047,0.16133372634196771,0.6293401339301519
26106,LOF,0.3435618791270736,0.11681429822875522,0.5396238226441713
26107,LOF,0.021246634487774817,0.1095430397459002,0.869210325766325
26108,LOF,0.37421038981600624,0.04214511113928826,0.5836444990447054
26109,LOF,0.03025859138187218,0.07714645706191293,0.8925949515562148
26110,LOF,0.21256185319846463,0.006976411996478129,0.7804617348050572
26111,LOF,0.08524322917474669,0.07830569942574936,0.836451071399504
26112,LOF,0.03367998464254891,0.007182381638822303,0.9591376337186287
26113,LOF,0.06187528742458478,0.01498390329266926,0.9231408092827459
26114,LOF,0.07111460051213256,0.01521625713786045,0.913669142350007
26115,LOF,0.015315041675510723,0.08027848340978128,0.9044064749147082
26116,LOF,0.08648314248599913,0.04915146399156085,0.86436539352244
26117,LOF,0.4200918111155149,0.04051332981450016,0.539394859069985
26118,LOF,0.032567088167380485,0.02056419771955313,0.9468687141130663
26119,LOF,0.004504207665382036,0.04994446187997791,0.9455513304546401
26120,LOF,0.024285295246691267,0.01745045210296076,0.9582642526503481
26121,LOF,0.004053942694716361,0.16229851690689207,0.8336475403983916
