feature0,prediction,LoGoFunc_Neutral,LoGoFunc_GOF,LoGoFunc_LOF
25546,Neutral,0.7214139612258611,0.0405993918837665,0.23798664689037236
25547,Neutral,0.5630553115399183,0.08501363969278876,0.3519310487672929
25548,Neutral,0.5762733400587324,0.06104066605188723,0.3626859938893804
25549,Neutral,0.4864739385357567,0.06174138836498501,0.45178467309925835
25550,LOF,0.3470706065516036,0.12566865686639295,0.5272607365820035
25551,LOF,0.2963838478380883,0.13352670822740628,0.5700894439345054
25552,LOF,0.21005845094103284,0.12723251865506613,0.6627090304039011
25553,Neutral,0.8379292116628513,0.032274435481503626,0.12979635285564503
25554,LOF,0.24067418237244623,0.1216446532091532,0.6376811644184006
25555,LOF,0.19896415391912523,0.10982316299346238,0.6912126830874123
25556,LOF,0.4159081737356516,0.09988305287649321,0.4842087733878551
25557,LOF,0.19564574788860079,0.1125509712683715,0.6918032808430278
25558,LOF,0.23356538431189502,0.12293886352691344,0.6434957521611915
25559,LOF,0.37206717857183125,0.13053426190159728,0.4973985595265713
25560,LOF,0.04713668205871954,0.16269813467843436,0.790165183262846
25561,LOF,0.0973665926765614,0.1652320673713749,0.7374013399520637
25562,LOF,0.09916067127318734,0.06671639133171497,0.8341229373950977
25563,LOF,0.09141607161902887,0.08501671788596592,0.8235672104950053
25564,LOF,0.17662962290093248,0.13885726572294566,0.6845131113761219
25565,LOF,0.1518833792217871,0.09901845443565148,0.7490981663425613
25566,GOF,0.01777751538957509,0.7216290345546157,0.2605934500558092
25567,LOF,0.013958186722987128,0.15704621817585385,0.828995595101159
25568,LOF,0.052640400823040404,0.061384605301478164,0.8859749938754814
25569,LOF,0.061538537827173403,0.057327550914110244,0.8811339112587162
25570,LOF,0.05934715691775118,0.09542673213423696,0.8452261109480119
25571,LOF,0.05523008722976953,0.0872286325160021,0.8575412802542284
25572,LOF,0.06293757852726002,0.11203001435675074,0.8250324071159892
25573,LOF,0.02678643971474431,0.07907918575287257,0.894134374532383
25574,LOF,0.015299965648722859,0.15201234616072082,0.8326876881905563
25575,LOF,0.0450930284935729,0.10227694589059402,0.8526300256158331
25576,LOF,0.018166809593130367,0.10743054475652239,0.8744026456503472
25577,LOF,0.014599917488446953,0.11523100309270615,0.8701690794188468
25578,LOF,0.24904965503640308,0.07618341877051954,0.6747669261930774
25579,LOF,0.24943878154635557,0.07562032841660685,0.6749408900370377
25580,LOF,0.03205431330403302,0.07172608795455872,0.8962195987414083
25581,LOF,0.05351798564143786,0.061524109962766145,0.884957904395796
25582,LOF,0.053366405689310996,0.05905935173992369,0.8875742425707652
25583,LOF,0.042747956227505345,0.08493150103070057,0.8723205427417942
25584,Neutral,0.47139545900202673,0.09269055310952704,0.43591398788844626
25585,LOF,0.037402977963422054,0.10360025393993547,0.8589967680966424
25586,LOF,0.031176870379369753,0.07093687526714894,0.8978862543534814
25587,LOF,0.030461803311980926,0.06602029582326438,0.9035179008647546
25588,LOF,0.03182896262019981,0.07968725483440911,0.8884837825453911
25589,Neutral,0.6233836529654017,0.1136169214765374,0.26299942555806083
25590,LOF,0.027794964131441294,0.11224892750166102,0.8599561083668977
25591,LOF,0.10736281834387064,0.051882908351343175,0.8407542733047861
25592,LOF,0.08972934842607724,0.12166732183339367,0.788603329740529
25593,LOF,0.022142238934881143,0.24605143773552762,0.7318063233295912
25594,LOF,0.04395330186982041,0.18971704782965498,0.7663296503005246
25595,LOF,0.05213656245996002,0.12253099533983865,0.8253324422002013
25596,LOF,0.05396743764749489,0.05866883714982067,0.8873637252026845
25597,LOF,0.04472863183046891,0.07241734136722272,0.8828540268023083
25598,LOF,0.0483973450126369,0.11963460801577465,0.8319680469715885
25599,GOF,0.00984858537879351,0.7224959121684922,0.26765550245271424
25600,GOF,0.014615967306500803,0.5068587868509897,0.47852524584250944
25601,LOF,0.007658074916776654,0.4442525637539942,0.5480893613292291
25602,LOF,0.029968443590751976,0.04736370070439164,0.9226678557048564
25603,LOF,0.05752072889020795,0.03346281087702984,0.9090164602327621
25604,LOF,0.06413165799701341,0.036296338577039004,0.8995720034259476
25605,LOF,0.015436416606009423,0.23954614875370103,0.7450174346402896
25606,GOF,0.11606025158352565,0.46708160126574727,0.41685814715072705
25607,LOF,0.006328239617968076,0.1590402242978966,0.8346315360841353
25608,LOF,0.07472283098209119,0.053693093907900925,0.8715840751100079
25609,LOF,0.03745763676761928,0.41701398645624904,0.5455283767761316
25610,LOF,0.03947773945297707,0.02663610035995129,0.9338861601870717
25611,LOF,0.042716260101288706,0.025412661929204793,0.9318710779695064
25612,LOF,0.1005315204692857,0.035120487525985046,0.8643479920047292
25613,LOF,0.08728212078668542,0.03277901222045761,0.879938866992857
25614,LOF,0.029917862556465953,0.03538627159909497,0.9346958658444391
25615,LOF,0.055406073545627134,0.03266567414753818,0.9119282523068346
25616,LOF,0.031483515001509116,0.03264412078701745,0.9358723642114735
25617,LOF,0.03078429966259105,0.03519972103162124,0.9340159793057876
25618,LOF,0.17861065513264207,0.030759365343219488,0.7906299795241385
25619,LOF,0.030626956687120847,0.030446810879121693,0.9389262324337575
25620,LOF,0.033783750487837334,0.04058907339392214,0.9256271761182405
25621,LOF,0.03036030775112932,0.029216322424152744,0.9404233698247179
25622,LOF,0.03529270343886999,0.035451995999540686,0.9292553005615893
25623,LOF,0.076901334603101,0.02801863778520203,0.895080027611697
25624,LOF,0.027125902485648664,0.03854169819079947,0.9343323993235518
25625,LOF,0.03796058336615702,0.039663612125868726,0.9223758045079743
25626,LOF,0.08980678544847466,0.028008760637942404,0.8821844539135829
25627,Neutral,0.5554644723059319,0.1315132122747505,0.31302231541931763
25628,LOF,0.156611907646862,0.06564836788566503,0.777739724467473
25629,LOF,0.06791244661526387,0.0816000334289673,0.8504875199557689
25630,LOF,0.15947761643127825,0.10581996289072448,0.7347024206779972
25631,Neutral,0.57087866771744,0.07923168086157092,0.349889651420989
25632,LOF,0.02504154502193333,0.06627678334028203,0.9086816716377847
25633,LOF,0.1997055857171284,0.08724168502262376,0.7130527292602478
25634,LOF,0.03237191669241527,0.11550329643391873,0.852124786873666
25635,LOF,0.035744284449181006,0.09225223531345175,0.8720034802373672
25636,GOF,0.0053998179782875355,0.5997712298238603,0.39482895219785213
25637,GOF,0.005108551546847571,0.5631476491742076,0.43174379927894485
25638,LOF,0.009190117085671334,0.4438463431082153,0.5469635398061133
25639,LOF,0.00461937902121307,0.41301468232508304,0.5823659386537038
25640,Neutral,0.5008897559912695,0.4312179861097874,0.06789225789894299
25641,LOF,0.008353391648997108,0.3377956965574888,0.6538509117935141
25642,LOF,0.2530022251158328,0.073666716308318,0.6733310585758493
25643,LOF,0.26447853817814765,0.2007758620008706,0.5347455998209818
25644,GOF,0.018007210402074942,0.57607553727654,0.4059172523213851
25645,GOF,0.01715307977535069,0.5683279259578989,0.41451899426675026
25646,LOF,0.021057024681094792,0.36280996774222607,0.6161330075766791
25647,LOF,0.016957704387597063,0.2758405495470496,0.7072017460653534
25648,LOF,0.01536946114349416,0.2964774502488416,0.6881530886076642
25649,LOF,0.013043795512983685,0.24327714149463914,0.7436790629923771
25650,GOF,0.03474437604341116,0.5916499307534,0.37360569320318887
25651,LOF,0.011296304365344586,0.30586190072219105,0.6828417949124643
25652,LOF,0.018319012540248574,0.3030616131045103,0.6786193743552411
25653,LOF,0.07144159197717122,0.4126242349424646,0.5159341730803642
25654,LOF,0.015549205488976434,0.2598593850353128,0.7245914094757108
25655,LOF,0.13053130513901834,0.41785991775466574,0.45160877710631586
25656,LOF,0.06053431487278813,0.07629780928176644,0.8631678758454455
25657,LOF,0.27623904348236133,0.028853263390880773,0.6949076931267579
25658,LOF,0.040424261384443216,0.08632510003856216,0.8732506385769946
25659,LOF,0.2653760912445374,0.05799150158357771,0.676632407171885
25660,LOF,0.07765721340282256,0.10926843492663171,0.8130743516705456
25661,LOF,0.052264646358050594,0.07408892280489589,0.8736464308370535
25662,LOF,0.029025535359738806,0.051042812586023355,0.9199316520542379
25663,LOF,0.03877726921056199,0.07576208662246485,0.885460644166973
25664,LOF,0.03822222705426164,0.08566515318985381,0.8761126197558845
25665,LOF,0.05722422627182721,0.046081463797962,0.8966943099302107
25666,LOF,0.037508191708843626,0.14384928109557468,0.8186425271955817
25667,LOF,0.029407584723513902,0.05892894470547961,0.9116634705710066
25668,LOF,0.035823711513144986,0.06692043533118552,0.8972558531556696
25669,LOF,0.04120468272426932,0.10291202655254132,0.8558832907231894
25670,LOF,0.16270899237146458,0.06340992358877415,0.7738810840397613
25671,LOF,0.03698691106207537,0.05466625072251733,0.9083468382154073
25672,LOF,0.058059430353546194,0.07096766968869649,0.8709728999577574
25673,LOF,0.040990929668137735,0.06299038985277523,0.896018680479087
25674,LOF,0.03202921994912658,0.07224350496616973,0.8957272750847037
25675,LOF,0.04219282814316276,0.0567805521357155,0.9010266197211216
25676,LOF,0.030151085812180057,0.06866427407805213,0.9011846401097677
25677,LOF,0.05844498465614834,0.06795277471906117,0.8736022406247905
25678,LOF,0.2450653745753502,0.0486751969215183,0.7062594285031315
25679,LOF,0.16261747058546924,0.06519686890157357,0.7721856605129571
25680,LOF,0.06408444765438846,0.09937067027639318,0.8365448820692184
25681,LOF,0.11195902382719553,0.09196149987379644,0.796079476299008
25682,LOF,0.04411922190967483,0.07808636512714155,0.8777944129631836
25683,LOF,0.07254879214681532,0.09722013491156578,0.830231072941619
25684,LOF,0.05324532715455169,0.07726565376971954,0.8694890190757288
25685,LOF,0.1294164028278938,0.037185754935670425,0.8333978422364359
25686,LOF,0.03621723760498686,0.0962460508816276,0.8675367115133856
25687,LOF,0.062056080454762665,0.08635646572960283,0.8515874538156346
25688,LOF,0.026925766431535287,0.10420004125715815,0.8688741923113066
25689,LOF,0.022162960328077252,0.06856472118184519,0.9092723184900776
25690,LOF,0.02163535137698547,0.08303967315238898,0.8953249754706255
25691,LOF,0.17601532301433,0.1318724533278623,0.6921122236578077
25692,LOF,0.23648463292470664,0.01536986003299526,0.7481455070422981
25693,LOF,0.05469590255467913,0.13410773027023112,0.8111963671750897
25694,LOF,0.2638815455004403,0.013919046908133096,0.7221994075914266
25695,LOF,0.17583107031469855,0.01895726892780901,0.8052116607574924
25696,LOF,0.18591819919841288,0.010400945703784237,0.803680855097803
25697,LOF,0.14735158461621817,0.02915380396971004,0.8234946114140718
25698,LOF,0.031465435794050665,0.3356456486015008,0.6328889156044485
25699,LOF,0.07209423753789064,0.08098424171058961,0.8469215207515197
25700,LOF,0.033800428352270075,0.012833145316656433,0.9533664263310734
25701,LOF,0.011943732334070525,0.08063291313163307,0.9074233545342966
25702,GOF,0.03324485413945336,0.7041758966885221,0.2625792491720245
25703,LOF,0.01983611321067713,0.1814259953088153,0.7987378914805077
25704,LOF,0.08399240847946782,0.16667967026847894,0.7493279212520533
25705,LOF,0.06522747871359466,0.23682739130292052,0.6979451299834847
25706,GOF,0.040705297767219734,0.5907979876384799,0.36849671459430033
25707,GOF,0.036058742248028304,0.6059670290979386,0.3579742286540331
25708,GOF,0.008286688896446596,0.5649153234691259,0.4267979876344275
25709,LOF,0.018033593085842698,0.07298937872179678,0.9089770281923605
25710,LOF,0.008129828715476971,0.15987504589327,0.8319951253912531
25711,LOF,0.0202717251337123,0.12957945751427458,0.8501488173520131
25712,LOF,0.008539257279568247,0.2187353704421032,0.7727253722783286
25713,LOF,0.01822824273244114,0.11292043692718792,0.8688513203403708
25714,LOF,0.020979829029515968,0.1582163311513446,0.8208038398191395
25715,LOF,0.018999821276585376,0.13762554030397858,0.8433746384194362
25716,LOF,0.015257036417392596,0.11621155226290768,0.8685314113196997
25717,LOF,0.006710355432770692,0.11523721604253966,0.8780524285246897
25718,LOF,0.019492920593280203,0.08651392147925473,0.893993157927465
25719,LOF,0.03415513961268105,0.10074035065539372,0.8651045097319253
25720,LOF,0.026789432444450804,0.09024666766496454,0.8829638998905847
25721,LOF,0.022753154772245557,0.10111848413022989,0.8761283610975245
25722,LOF,0.015386751139531887,0.14481921002418083,0.8397940388362872
25723,LOF,0.02107895764212767,0.0885200309564963,0.8904010114013761
25724,LOF,0.02162491798344553,0.15791362087167432,0.8204614611448802
25725,LOF,0.019955436487266533,0.08468035439729858,0.8953642091154349
25726,LOF,0.015029817531127589,0.1124083159875686,0.8725618664813038
25727,LOF,0.020747391052135945,0.09905897870735265,0.8801936302405114
25728,LOF,0.01963138902625702,0.10986732498508646,0.8705012859886565
25729,LOF,0.0188718572100937,0.12268380607385092,0.8584443367160554
25730,LOF,0.021061204221076105,0.08518747153782474,0.8937513242410993
25731,LOF,0.01205361675835318,0.17119552449262274,0.8167508587490242
25732,LOF,0.018204170934277217,0.11051495506071168,0.8712808740050111
25733,LOF,0.026103435586026878,0.1040164281593254,0.8698801362546477
25734,LOF,0.007348108104252393,0.20952514911514103,0.7831267427806066
25735,LOF,0.020952431969840115,0.08516233446593768,0.8938852335642222
25736,LOF,0.01946769394650514,0.13413005201934455,0.8464022540341504
25737,LOF,0.03897837326251496,0.12142719084845947,0.8395944358890256
25738,LOF,0.02025700067014646,0.16099166036848048,0.818751338961373
25739,LOF,0.022281631361636366,0.13403021288064862,0.8436881557577149
25740,LOF,0.044376059271249484,0.15478907721219617,0.8008348635165544
25741,LOF,0.026592033173903865,0.1223068161387817,0.8511011506873144
25742,LOF,0.04236579053155103,0.1346756420148115,0.8229585674536375
25743,LOF,0.012342502669222091,0.02667278522353619,0.9609847121072418
25744,LOF,0.19021055275315915,0.3092913707628523,0.5004980764839886
25745,LOF,0.03607698481998317,0.10921593235457949,0.8547070828254373
25746,LOF,0.015160479408203878,0.15663670929197485,0.8282028112998213
25747,LOF,0.031651805050258594,0.026987618507435654,0.9413605764423056
25748,LOF,0.2551317318301758,0.04692653933665608,0.6979417288331681
25749,LOF,0.014175696829357735,0.094395862523885,0.8914284406467573
25750,LOF,0.018225665330954578,0.09522834818474685,0.8865459864842986
25751,LOF,0.041493021365267606,0.04518870092502376,0.9133182777097086
25752,GOF,0.0920489552916726,0.6910022785698791,0.2169487661384483
25753,LOF,0.006902892197019736,0.3907742897029135,0.6023228181000668
25754,GOF,0.0074732011190878,0.8605643583785922,0.13196244050232
25755,LOF,0.00751292502677639,0.434023894940172,0.5584631800330516
25756,LOF,0.04916753907225133,0.4282557459491585,0.5225767149785902
25757,GOF,0.007685436307495906,0.8583142443306311,0.13400031936187287
25758,GOF,0.009415677587528837,0.8741645157996515,0.11641980661281975
25759,GOF,0.005644211552738752,0.5703491266941025,0.42400666175315876
25760,LOF,0.005783634565615321,0.3088482980546504,0.6853680673797342
25761,GOF,0.05495222544052423,0.8423116353946851,0.10273613916479057
25762,LOF,0.027801106997188265,0.34586904204967994,0.6263298509531319
25763,LOF,0.006674416795910601,0.28889964321975153,0.7044259399843379
25764,GOF,0.07244732580916081,0.6328555469118452,0.29469712727899394
25765,GOF,0.008383458995104563,0.8589778673383008,0.13263867366659457
25766,GOF,0.038423313855341756,0.8203914321074494,0.14118525403720905
25767,GOF,0.010875256196943371,0.5425758036384359,0.44654894016462066
25768,LOF,0.034248929757835084,0.07218654697768692,0.8935645232644779
25769,LOF,0.023176283610993772,0.09690354749507905,0.8799201688939271
25770,LOF,0.16119094044954832,0.0710253980863688,0.767783661464083
25771,LOF,0.014951023541576009,0.07269479886441013,0.9123541775940139
25772,LOF,0.022269643614063174,0.037060832588765906,0.940669523797171
25773,LOF,0.021101028927055808,0.07189245944973785,0.9070065116232063
25774,LOF,0.02957039231532232,0.10556315786438582,0.8648664498202919
25775,LOF,0.02385254590760784,0.044542138439721934,0.9316053156526701
25776,LOF,0.024218614575693496,0.03188646725620854,0.9438949181680979
25777,LOF,0.2588582051111672,0.07875007314209595,0.6623917217467369
25778,LOF,0.01773882260404989,0.0750952624426817,0.9071659149532685
25779,GOF,0.035902675970970105,0.8847987914184962,0.07929853261053371
25780,GOF,0.06260243175687637,0.878626836580954,0.05877073166216974
25781,GOF,0.03204320395878067,0.8711452394641945,0.09681155657702485
25782,GOF,0.028978478547101276,0.9074434843991183,0.06357803705378046
25783,GOF,0.02560891054111928,0.9161203188214652,0.058270770637415585
25784,GOF,0.07918419532464972,0.8748510054107816,0.04596479926456853
25785,GOF,0.07281299120235538,0.8848068604581872,0.042380148339457274
25786,GOF,0.008369525203982504,0.8715225629801975,0.12010791181581996
25787,GOF,0.1646278545239372,0.7853922958945655,0.049979849581497406
25788,LOF,0.014997555954464115,0.174893971840826,0.8101084722047098
25789,GOF,0.017754054110268546,0.8433962176656,0.13884972822413144
25790,GOF,0.01862599582870725,0.8655406914399688,0.11583331273132409
25791,GOF,0.019528432132602712,0.7988297781310183,0.181641789736379
25792,GOF,0.022511646189600675,0.8147031663708119,0.16278518743958764
25793,GOF,0.06354929267088895,0.8376609547538665,0.09878975257524457
25794,GOF,0.04453332351954384,0.7901729675554972,0.16529370892495893
25795,GOF,0.04137846381681659,0.7721420937761025,0.18647944240708092
25796,GOF,0.09042765152939568,0.8135550412745216,0.09601730719608277
25797,GOF,0.06293093405063739,0.7562406654171556,0.18082840053220708
25798,GOF,0.004722764606753361,0.7491088173693919,0.2461684180238546
25799,GOF,0.003920105811938525,0.7010755063747034,0.2950043878133582
25800,GOF,0.021282599802662342,0.8192749382491428,0.1594424619481948
25801,GOF,0.016866619781094487,0.8807302962821572,0.10240308393674831
25802,GOF,0.027235801424868155,0.8414293633144087,0.13133483526072323
25803,GOF,0.01928608209190052,0.7206247633263172,0.2600891545817823
25804,GOF,0.024894682675222306,0.7709720374000189,0.20413327992475883
25805,GOF,0.0307360193647151,0.7957697575320268,0.17349422310325815
25806,GOF,0.02694032124819367,0.7853193758275384,0.18774030292426794
25807,GOF,0.00788268457233761,0.740440193214786,0.2516771222128763
25808,GOF,0.01768689406110823,0.7619084752168156,0.22040463072207628
25809,GOF,0.008987317316734614,0.7452801786638893,0.24573250401937619
25810,GOF,0.007196859563479249,0.7298835210129133,0.2629196194236075
25811,GOF,0.037920752765907194,0.878621404741947,0.08345784249214583
25812,GOF,0.028202889144706065,0.7925568394220991,0.17924027143319482
25813,GOF,0.10946262893648767,0.8050805277736084,0.08545684328990405
25814,GOF,0.027247368469709835,0.7944299135260957,0.17832271800419464
25815,GOF,0.0555334343998537,0.8224708829663975,0.12199568263374883
25816,GOF,0.00894072064161593,0.8517056357498776,0.13935364360850652
25817,GOF,0.09102182507812195,0.8187231660600944,0.09025500886178373
25818,GOF,0.021688206701744924,0.809581627440055,0.1687301658582001
25819,GOF,0.062236715144835184,0.776582942808904,0.16118034204626083
25820,GOF,0.028587695873440715,0.739161887482557,0.23225041664400237
25821,GOF,0.020832069225189105,0.7501293796601749,0.22903855111463595
25822,GOF,0.03537760207813953,0.7552288307503854,0.20939356717147498
25823,GOF,0.025640289972030585,0.7234417944480847,0.25091791557988485
25824,GOF,0.024292094755328165,0.7858775222545045,0.1898303829901674
25825,GOF,0.020197330903641033,0.7791973680269104,0.20060530106944846
25826,GOF,0.008201257803806535,0.7186176231189844,0.27318111907720927
25827,GOF,0.012371170911350416,0.710556796957266,0.27707203213138365
25828,GOF,0.00926448407515575,0.7343296223095803,0.25640589361526384
25829,GOF,0.003954866376855438,0.6778773611643176,0.31816777245882705
25830,LOF,0.03311255878991699,0.4573949114422295,0.5094925297678535
25831,GOF,0.04860225014898135,0.8113350228554213,0.14006272699559727
25832,GOF,0.00807211192961214,0.7464642324611556,0.24546365560923217
25833,GOF,0.02949772251074304,0.8163414844989306,0.15416079299032648
25834,GOF,0.009292368850124806,0.7678703469806082,0.22283728416926707
25835,GOF,0.022067418292546225,0.8420204094540291,0.13591217225342475
25836,GOF,0.006127967802588277,0.761590082967808,0.23228194922960393
25837,GOF,0.007525816792591324,0.7567428894706856,0.2357312937367232
25838,GOF,0.019405577915698146,0.8310414767100575,0.14955294537424427
25839,GOF,0.04292378024870245,0.8036386824757547,0.15343753727554305
25840,GOF,0.07086778229730786,0.8113387106434119,0.11779350705928034
25841,GOF,0.0740636682894781,0.8201247172151596,0.1058116144953623
25842,GOF,0.028216075942666785,0.8830345273761523,0.0887493966811809
25843,GOF,0.024353333595952355,0.8790724944590972,0.09657417194495048
25844,GOF,0.015933402182450013,0.8343769907139948,0.1496896071035552
25845,GOF,0.005916325025913823,0.7573705042367543,0.23671317073733175
25846,GOF,0.06252603309835361,0.8188307607105235,0.11864320619112285
25847,GOF,0.01803625409539329,0.8861076064772925,0.09585613942731405
25848,GOF,0.017953386491304436,0.8423151825273409,0.13973143098135457
25849,GOF,0.00642621492181441,0.8275275719754173,0.16604621310276835
25850,GOF,0.005716978483702093,0.7185136994278767,0.27576932208842125
25851,GOF,0.005298217201376732,0.6768631058382162,0.31783867696040713
25852,GOF,0.14229908268466943,0.5856227113298109,0.2720782059855196
25853,GOF,0.06645604045096809,0.8120871080709049,0.12145685147812706
25854,GOF,0.005334805579745815,0.7174312815007362,0.27723391291951793
25855,GOF,0.02340342295050877,0.6843996076679251,0.29219696938156625
25856,GOF,0.04371285762455243,0.7812819446007278,0.17500519777471982
25857,GOF,0.023035932599395507,0.704765942587691,0.27219812481291356
25858,GOF,0.00969394915470217,0.7238492821558395,0.2664567686894583
25859,GOF,0.007488485661612268,0.7270494516396813,0.2654620626987066
25860,GOF,0.07247167206838273,0.8127526435063125,0.11477568442530478
25861,GOF,0.07586222416207407,0.8292071956624298,0.09493058017549608
25862,GOF,0.019210453479729727,0.8866756220839213,0.09411392443634892
25863,GOF,0.020746849765160506,0.8781250646086349,0.1011280856262045
25864,GOF,0.057060996850534354,0.8898411623495526,0.053097840799912914
25865,GOF,0.04131348443932481,0.8610974029898064,0.09758911257086879
25866,GOF,0.023421997955759503,0.8712967991342098,0.10528120291003064
25867,GOF,0.046179559789441944,0.8602607073279231,0.09355973288263494
25868,GOF,0.05761597237454308,0.8197364788263652,0.12264754879909184
25869,GOF,0.3410598241325191,0.5804298438310458,0.07851033203643498
25870,GOF,0.058115596272049846,0.5525035228643211,0.389380880863629
25871,GOF,0.0095592618560701,0.8537138267606528,0.13672691138327717
25872,GOF,0.018670054727207307,0.8488372608444325,0.13249268442836015
25873,GOF,0.018634773515661254,0.8797812100336486,0.10158401645069011
25874,LOF,0.015409646811593743,0.19806086811923715,0.786529485069169
25875,LOF,0.030993959355447166,0.04774573112261981,0.9212603095219332
25876,LOF,0.02085882758173985,0.029667661574212932,0.9494735108440472
25877,LOF,0.10840606544226962,0.07817453378841643,0.813419400769314
25878,LOF,0.07583593569916733,0.11921099551418253,0.8049530687866502
25879,LOF,0.017558214789536883,0.07768144107223428,0.9047603441382288
25880,LOF,0.06257912735493465,0.012220559596265083,0.9252003130488003
25881,LOF,0.45528432749891523,0.0784773308938995,0.4662383416071853
25882,LOF,0.06393177818473252,0.03004651376304886,0.9060217080522186
25883,LOF,0.027502536977891227,0.03500593373696988,0.9374915292851389
25884,LOF,0.016428917899856545,0.06489616361922343,0.9186749184809201
25885,LOF,0.18110032566676038,0.014931245519441425,0.8039684288137982
25886,LOF,0.2729162449639531,0.07265455610469752,0.6544291989313493
25887,LOF,0.11539322611984454,0.08337672932017154,0.8012300445599839
25888,LOF,0.008664448270170827,0.13169635939371716,0.8596391923361119
25889,LOF,0.022472986462587122,0.04919028420643294,0.92833672933098
25890,LOF,0.15911941596913537,0.0893770428486386,0.751503541182226
25891,LOF,0.10825395359234499,0.03319855072002749,0.8585474956876276
25892,LOF,0.01014966291763765,0.03657338064683722,0.9532769564355251
25893,LOF,0.3762032142584643,0.010736786682996532,0.6130599990585393
25894,LOF,0.40393517767091225,0.007922212100675159,0.5881426102284125
25895,LOF,0.3612345662691902,0.014196852289016654,0.6245685814417932
25896,LOF,0.06694683138582856,0.030676665016824176,0.9023765035973472
25897,LOF,0.15782008636218134,0.01109053643590371,0.8310893772019149
25898,LOF,0.12774423286959027,0.03881834844940684,0.8334374186810029
25899,LOF,0.40076800336124074,0.031226666010338158,0.5680053306284211
25900,Neutral,0.49807208252491303,0.009020754531250287,0.49290716294383663
25901,LOF,0.05958993416131655,0.01199811800417848,0.928411947834505
25902,LOF,0.16256624678395926,0.013744156634625174,0.8236895965814155
25903,LOF,0.36320352040182075,0.029816355254935804,0.6069801243432434
25904,Neutral,0.5015171632361605,0.04288812436878183,0.4555947123950578
25905,LOF,0.006958085894614602,0.4834186091384651,0.5096233049669202
25906,LOF,0.007947256660240345,0.09626700539589739,0.8957857379438622
25907,LOF,0.007318009727467706,0.3052896219575633,0.687392368314969
25908,LOF,0.006517875749749061,0.28245966579825577,0.7110224584519952
25909,LOF,0.028520148237563946,0.13999498199183588,0.8314848697706002
25910,LOF,0.012207481045049321,0.1353906904866461,0.8524018284683046
25911,LOF,0.23861207211252353,0.06781885778876605,0.6935690700987104
25912,LOF,0.1099449152670359,0.040775965233068374,0.8492791194998958
25913,LOF,0.02810545835364663,0.07474192441480178,0.8971526172315516
25914,LOF,0.03837424492578359,0.03497604675061201,0.9266497083236044
25915,LOF,0.17774009284709172,0.15566602041722102,0.6665938867356873
25916,LOF,0.026076317772007956,0.07932012205714506,0.894603560170847
25917,LOF,0.07310587326292928,0.029380553800288606,0.8975135729367822
25918,LOF,0.04471541181103047,0.020971850801661033,0.9343127373873085
25919,LOF,0.03857361346195268,0.019567044997511145,0.9418593415405362
25920,LOF,0.34332403649577664,0.3038446853603741,0.35283127814384935
25921,LOF,0.014531382418006009,0.04224978000228759,0.9432188375797063
25922,LOF,0.017184617321971577,0.045914548835350344,0.9369008338426781
25923,LOF,0.4300857222423805,0.03544055621209567,0.5344737215455238
25924,LOF,0.025042171170553944,0.052550653107145726,0.9224071757223004
25925,LOF,0.09007892786866213,0.05035670837671379,0.859564363754624
25926,LOF,0.07198110764399934,0.04252481139493296,0.8854940809610676
25927,LOF,0.02049404398136865,0.0787116706937084,0.9007942853249229
25928,LOF,0.010284571872774078,0.05128285978623691,0.9384325683409891
25929,Neutral,0.5577272268867215,0.03362783874511545,0.408644934368163
25930,LOF,0.08370203808176105,0.03505903728526827,0.8812389246329707
25931,LOF,0.013516826084739102,0.039228105793714094,0.9472550681215468
25932,LOF,0.06452594413041603,0.03728203532977105,0.898192020539813
25933,LOF,0.06291392217228978,0.021197259612673547,0.9158888182150366
25934,LOF,0.056845718209481366,0.0215478549283829,0.9216064268621358
25935,LOF,0.08250649671475126,0.0609939891117194,0.8564995141735293
25936,LOF,0.10691423297530209,0.021784339967891232,0.8713014270568066
25937,LOF,0.020107648213765497,0.026796225837703105,0.9530961259485313
25938,LOF,0.07841154435705594,0.05300673450518576,0.8685817211377583
25939,LOF,0.04730970516045122,0.03219321216365625,0.9204970826758925
25940,LOF,0.010054340930193069,0.4219866564790667,0.5679590025907403
25941,Neutral,0.4817754231514595,0.05730215544046022,0.4609224214080803
25942,LOF,0.010715816515169585,0.06835825558490101,0.9209259278999294
25943,LOF,0.04649957217555592,0.1893914012636379,0.7641090265608061
25944,LOF,0.04216280270391901,0.0925764844803629,0.8652607128157181
25945,LOF,0.1194493600369129,0.03909204908934457,0.8414585908737425
25946,LOF,0.06557169649460345,0.049102177268076044,0.8853261262373204
25947,Neutral,0.5315848328181496,0.06489218204513499,0.4035229851367155
25948,LOF,0.4181390826737637,0.018308393170725162,0.5635525241555112
25949,LOF,0.1580953709714364,0.08234699014255885,0.7595576388860048
25950,LOF,0.07033506444199022,0.4572372366139221,0.47242769894408754
25951,LOF,0.015230637161671182,0.3633437069897384,0.6214256558485903
25952,LOF,0.2556098650133603,0.18018531791769618,0.5642048170689434
25953,LOF,0.00889591853087509,0.21626867096318111,0.7748354105059437
25954,LOF,0.07960815107575837,0.2926032951622395,0.627788553762002
25955,LOF,0.007444318712663149,0.21592729020165838,0.7766283910856784
25956,LOF,0.014365225331170848,0.3092288714053256,0.6764059032635035
25957,LOF,0.17043685581617501,0.033123460811322045,0.796439683372503
25958,LOF,0.032478847110847524,0.0619244183500097,0.9055967345391428
25959,GOF,0.0076114683201891934,0.798538685262872,0.19384984641693875
25960,LOF,0.005175947439584136,0.10367690765001669,0.8911471449103993
25961,LOF,0.03212691625872455,0.05130108921448684,0.9165719945267887
25962,LOF,0.05242244420560267,0.08009448702567956,0.8674830687687178
25963,LOF,0.007479463599070071,0.15684002565210142,0.8356805107488285
25964,LOF,0.025566824615390223,0.13696695612653081,0.8374662192580791
25965,LOF,0.2583532442001167,0.12528994634101664,0.6163568094588666
25966,LOF,0.39465995855716524,0.1009024536712104,0.5044375877716244
25967,LOF,0.008294278135324944,0.06945025064443451,0.9222554712202404
25968,LOF,0.043150612127326286,0.22808739531212968,0.7287619925605441
25969,LOF,0.17334694767388126,0.053429121362972155,0.7732239309631465
25970,LOF,0.06825850689286882,0.07284882749474715,0.858892665612384
25971,LOF,0.08027070786721069,0.03902088949019077,0.8807084026425985
25972,LOF,0.07651501668091547,0.06283970116651205,0.8606452821525724
25973,LOF,0.06957663588381757,0.009931213869277387,0.920492150246905
25974,LOF,0.03918982829232756,0.04005762119672963,0.9207525505109428
25975,LOF,0.040444109871555854,0.018310798121804885,0.9412450920066393
25976,LOF,0.07874815344400286,0.01129792933938211,0.909953917216615
25977,LOF,0.2561975592572765,0.05770706704936818,0.6860953736933554
25978,LOF,0.17248356457659772,0.1369563588653654,0.6905600765580369
25979,LOF,0.14475444556553455,0.15247071209867466,0.7027748423357908
25980,LOF,0.23339976013348585,0.215126935706571,0.5514733041599432
25981,LOF,0.23466239542665845,0.21782678902533356,0.547510815548008
25982,LOF,0.4411920066946016,0.10104669576716685,0.45776129753823136
25983,Neutral,0.451297331018022,0.1198386601034529,0.428864008878525
25984,LOF,0.0406514173814344,0.08538658722188619,0.8739619953966793
25985,LOF,0.41718681582433625,0.13071205055164278,0.45210113362402093
25986,LOF,0.012536307918056511,0.4677608428247318,0.5197028492572117
25987,LOF,0.042788462388987085,0.10444506666460614,0.8527664709464069
25988,LOF,0.0387160036316302,0.13832558846795134,0.8229584079004185
25989,LOF,0.044050839972042344,0.17751758096686268,0.7784315790610951
25990,LOF,0.04052824062780103,0.2733685052426115,0.6861032541295875
25991,LOF,0.022315016304210848,0.47465121097223073,0.5030337727235584
25992,LOF,0.015706667901939194,0.45076548313202874,0.5335278489660321
25993,LOF,0.026855165055382373,0.078658771704577,0.8944860632400408
25994,LOF,0.024322113415624836,0.0853814123652982,0.890296474219077
25995,LOF,0.019951743065254404,0.147688555110717,0.8323597018240286
25996,Neutral,0.4171880540833678,0.36759429152263207,0.21521765439400026
25997,LOF,0.07417647093180348,0.4382999709801664,0.48752355808803005
25998,LOF,0.26755159921286087,0.042125313486582446,0.6903230873005567
25999,LOF,0.037933896904899726,0.10454067475810837,0.8575254283369919
26000,LOF,0.14179856350957162,0.014936340701730826,0.8432650957886975
26001,LOF,0.23796233188122765,0.016392884528167274,0.745644783590605
26002,LOF,0.12417815270553853,0.023385894858194558,0.852435952436267
26003,GOF,0.007255664477347906,0.6315283940377503,0.3612159414849018
26004,GOF,0.01831788439712389,0.6424715853122214,0.33921053029065473
26005,LOF,0.005278529379141886,0.47477481356769563,0.5199466570531625
26006,GOF,0.10713931715707395,0.5294209723492895,0.3634397104936365
26007,GOF,0.010417702191215024,0.49889071856872585,0.4906915792400591
26008,GOF,0.006049031013534113,0.5880568237536169,0.40589414523284906
26009,GOF,0.011968278866280754,0.6307567638149703,0.35727495731874914
26010,GOF,0.01009994145197418,0.5881632364320151,0.40173682211601075
26011,LOF,0.0041173311706299565,0.39583436912879877,0.6000482997005713
26012,GOF,0.004728195719168796,0.5156623763510333,0.4796094279297979
26013,GOF,0.009424002137336084,0.5539270487517849,0.4366489491108791
26014,LOF,0.06429998888590428,0.11886391311931425,0.8168360979947814
26015,LOF,0.3928115273703355,0.048928008389251966,0.5582604642404125
26016,LOF,0.29544146055422005,0.06145796884427254,0.6431005706015074
26017,LOF,0.013492506988592204,0.27750794406237805,0.7089995489490297
26018,LOF,0.023810810915439212,0.09950457893653698,0.8766846101480238
26019,LOF,0.023812010656901667,0.08774527432548855,0.8884427150176099
26020,LOF,0.00751173620782883,0.24830211295951032,0.7441861508326608
26021,LOF,0.06952321566285696,0.11840885179336605,0.8120679325437771
26022,LOF,0.035836267113350494,0.049519469658641964,0.9146442632280076
26023,LOF,0.01819128426858683,0.07013288781834941,0.9116758279130637
26024,LOF,0.05215376438773638,0.09273056704379373,0.85511566856847
26025,LOF,0.11079277181595468,0.10674297812425906,0.7824642500597863
26026,LOF,0.11039487424033155,0.08869037654586995,0.8009147492137985
26027,LOF,0.02393416977924561,0.041395878966955214,0.9346699512537993
26028,LOF,0.0834411021656363,0.18135596308707377,0.7352029347472899
26029,LOF,0.023799522371685283,0.17151593599206236,0.8046845416362522
26030,LOF,0.1316747852489159,0.023650675194292103,0.844674539556792
26031,LOF,0.010190973301531235,0.13912606512424971,0.850682961574219
26032,LOF,0.037737568785824176,0.041605508024882554,0.9206569231892933
26033,LOF,0.037219316402642096,0.04505630183145603,0.917724381765902
26034,LOF,0.015877300331143332,0.11297173120037024,0.8711509684684864
26035,LOF,0.012936612996459712,0.10526861616943066,0.8817947708341096
26036,LOF,0.011758972190297801,0.09089045983489276,0.8973505679748095
26037,LOF,0.011264625526677848,0.09824983911960683,0.8904855353537153
26038,LOF,0.031590231098145134,0.03749039047147765,0.9309193784303773
26039,LOF,0.03878582166392386,0.1229555152898459,0.8382586630462302
26040,LOF,0.08318346454554673,0.10197976877146067,0.8148367666829925
26041,LOF,0.01487729714270214,0.09815057029341102,0.8869721325638869
26042,LOF,0.014324414716388041,0.10411959085696641,0.8815559944266457
26043,LOF,0.031082760129920783,0.059227316452883406,0.9096899234171958
26044,LOF,0.009684446349566679,0.041931711473359515,0.9483838421770737
26045,LOF,0.0837093707966829,0.12613889056654867,0.7901517386367685
26046,LOF,0.027817279365122464,0.046732655054725666,0.9254500655801519
26047,LOF,0.054700418705219106,0.04621669396489698,0.899082887329884
26048,LOF,0.08484911736448185,0.017843854645750723,0.8973070279897674
26049,Neutral,0.9426934383993547,0.006361276110917738,0.05094528548972755
26050,Neutral,0.9098728703719959,0.006806937041164211,0.08332019258683997
26051,LOF,0.025533095196843856,0.05771539184332474,0.9167515129598315
26052,LOF,0.031295494325931185,0.053223727681150336,0.9154807779929184
26053,LOF,0.023613043544502957,0.12372333094328153,0.8526636255122155
26054,LOF,0.047688864104021365,0.03994112875925946,0.9123700071367192
26055,LOF,0.07291239230538592,0.036407006317723506,0.8906806013768905
26056,LOF,0.060953994046404086,0.045909249896718574,0.8931367560568774
26057,LOF,0.06046541814180729,0.0219266734636891,0.9176079083945036
26058,LOF,0.06417939537294991,0.01743536529302054,0.9183852393340296
26059,LOF,0.2027632844879937,0.038848460412673494,0.7583882550993328
26060,LOF,0.024573834542661852,0.17521023257974497,0.8002159328775932
26061,LOF,0.012482803540563067,0.013016202260194114,0.9745009941992427
26062,LOF,0.0068519258387206485,0.020812798615926942,0.9723352755453524
26063,LOF,0.04237460610363976,0.01701175294047071,0.9406136409558895
26064,LOF,0.015513092514852368,0.021063565497304017,0.9634233419878436
26065,LOF,0.056499625803622174,0.019992162614196826,0.9235082115821809
26066,LOF,0.042384830403392755,0.016873206863577288,0.94074196273303
26067,LOF,0.0452401209482536,0.016947194775832966,0.9378126842759135
26068,LOF,0.05412466721934203,0.05443609071743226,0.8914392420632258
26069,LOF,0.29428684889637996,0.03767250070008155,0.6680406504035384
26070,Neutral,0.5295652495386443,0.027470594110906865,0.44296415635044883
26071,LOF,0.04679445269544987,0.01916915187282915,0.9340363954317209
26072,LOF,0.008344164929688041,0.025694178856708636,0.9659616562136034
26073,LOF,0.03876292167854208,0.021287955650900192,0.9399491226705576
26074,Neutral,0.866756727016476,0.01518683797980894,0.11805643500371497
26075,LOF,0.056945428462639044,0.029902981482544857,0.913151590054816
26076,LOF,0.056446989870888954,0.01656433504535779,0.9269886750837534
26077,LOF,0.15308727932331112,0.009400732175871604,0.8375119885008173
26078,LOF,0.007608925130798849,0.020138543828417236,0.9722525310407839
26079,LOF,0.06484329815482776,0.029238879622662757,0.9059178222225095
26080,LOF,0.06404583299019284,0.02929679658031507,0.906657370429492
26081,LOF,0.03588006913684306,0.01426120682016615,0.9498587240429909
26082,LOF,0.00637861288271026,0.024077075488615672,0.9695443116286742
26083,LOF,0.11470716798897997,0.03235321392168219,0.8529396180893377
26084,LOF,0.11491076276768848,0.024264923047379473,0.8608243141849321
26085,LOF,0.0973394047665496,0.020551068334441598,0.8821095268990087
26086,LOF,0.04272251224969675,0.0185464777915612,0.938731009958742
26087,LOF,0.0381078855339713,0.015282447701616917,0.9466096667644118
26088,LOF,0.007471043868288357,0.02872141478347821,0.9638075413482334
26089,LOF,0.04402440625691788,0.04337542390139698,0.9126001698416852
26090,LOF,0.04410741902173617,0.03532790877820117,0.9205646722000627
26091,LOF,0.03009160086923923,0.012020692743723839,0.957887706387037
26092,LOF,0.04684591778675761,0.013748330418994497,0.9394057517942479
26093,LOF,0.08414890031977901,0.009422750629952693,0.9064283490502683
26094,LOF,0.0350518686928891,0.012365112957819452,0.9525830183492915
26095,LOF,0.020530881504601202,0.022835834813719553,0.9566332836816793
26096,LOF,0.20281925628235195,0.00624818107996446,0.7909325626376835
26097,LOF,0.007496788411806,0.04983530483758564,0.9426679067506083
26098,LOF,0.12065321408320252,0.025048046224613558,0.854298739692184
26099,LOF,0.04158171908993449,0.03056679786243017,0.9278514830476353
26100,LOF,0.04158171908993449,0.03056679786243017,0.9278514830476353
26101,LOF,0.06813760829861068,0.048479263412796576,0.8833831282885928
26102,LOF,0.03380259213003663,0.026952592380594706,0.9392448154893687
26103,Neutral,0.88738113621989,0.03444730588885716,0.07817155789125281
26104,LOF,0.05926336152686886,0.054128560983450466,0.8866080774896807
26105,LOF,0.2599165043356919,0.11225712051218745,0.6278263751521206
26106,LOF,0.2914274317147645,0.057762697582629446,0.6508098707026061
26107,LOF,0.020591902383030224,0.06892268063974108,0.9104854169772286
26108,LOF,0.2563992014189975,0.03973171571107234,0.7038690828699301
26109,LOF,0.07007249520489954,0.036464419620271825,0.8934630851748286
26110,LOF,0.4326310582275554,0.012248433766396371,0.5551205080060483
26111,LOF,0.06457322466324161,0.11648214057995285,0.8189446347568056
26112,LOF,0.05203618216565311,0.012687902764889392,0.9352759150694575
26113,LOF,0.10666535040685786,0.03090034102128675,0.8624343085718554
26114,LOF,0.0927243298084751,0.007138637162989569,0.9001370330285353
26115,LOF,0.01514821987668298,0.052055316121278575,0.9327964640020384
26116,LOF,0.07913884624006903,0.021836342904158847,0.8990248108557722
26117,LOF,0.3570898039560897,0.040617051110778915,0.6022931449331315
26118,LOF,0.04606325192569773,0.020699694756607972,0.9332370533176942
26119,LOF,0.006097078741042498,0.1130140336020605,0.8808888876568971
26120,LOF,0.03572878288243511,0.02054887594192477,0.9437223411756401
26121,LOF,0.0034295000728153543,0.17660424741817415,0.8199662525090106
