feature0,prediction,LoGoFunc_Neutral,LoGoFunc_GOF,LoGoFunc_LOF
25546,Neutral,0.7260373072089693,0.03883711363025474,0.23512557916077603
25547,Neutral,0.5852819414082708,0.0769691933880442,0.337748865203685
25548,Neutral,0.5846635159044679,0.05718061816318856,0.3581558659323435
25549,Neutral,0.5138369693614336,0.057522083021434765,0.4286409476171316
25550,LOF,0.36448767533505794,0.10662630779691036,0.5288860168680316
25551,LOF,0.32082571524101794,0.11355948836788207,0.5656147963911
25552,LOF,0.2262723895885451,0.10929877984194766,0.6644288305695072
25553,Neutral,0.8384834926896502,0.028585970618957297,0.13293053669139263
25554,LOF,0.2612857304580745,0.1061539968533446,0.6325602726885808
25555,LOF,0.2169947715066487,0.09479060834297878,0.6882146201503725
25556,LOF,0.43576311652797933,0.08805582877647639,0.4761810546955443
25557,LOF,0.2105200882049229,0.0985062084950676,0.6909737033000095
25558,LOF,0.25176641974957764,0.10805833169343866,0.6401752485569837
25559,LOF,0.3572739946181717,0.142251282355761,0.5004747230260672
25560,LOF,0.047668454250526626,0.16018907174142952,0.7921424740080438
25561,LOF,0.09584724075552631,0.1681041052414395,0.7360486540030342
25562,LOF,0.09745689367511685,0.07068943954089041,0.8318536667839928
25563,LOF,0.08984284214932761,0.08410618058313,0.8260509772675424
25564,LOF,0.17982370286421104,0.14883571465013345,0.6713405824856554
25565,LOF,0.15534251930910228,0.09971385072496537,0.7449436299659323
25566,GOF,0.016604638011970627,0.7329393173249646,0.2504560446630647
25567,LOF,0.01365258615967809,0.15564605980646085,0.8307013540338611
25568,LOF,0.051316438382650834,0.07090123107361088,0.8777823305437383
25569,LOF,0.061955925225434326,0.060428507243513195,0.8776155675310524
25570,LOF,0.06353586974483798,0.09974372330164995,0.836720406953512
25571,LOF,0.05681916650640887,0.09448532653818324,0.8486955069554079
25572,LOF,0.06911968401650252,0.12424940591999027,0.8066309100635073
25573,LOF,0.027052013338112142,0.08790319777728527,0.8850447888846027
25574,LOF,0.015170505772343629,0.16467248344995192,0.8201570107777044
25575,LOF,0.04461505172112563,0.1100147740212789,0.8453701742575954
25576,LOF,0.019415670429976686,0.11544473965895985,0.8651395899110634
25577,LOF,0.01608788566070951,0.13387149132779097,0.8500406230114996
25578,LOF,0.24260466044268053,0.08172503387840754,0.6756703056789118
25579,LOF,0.243504969380587,0.08103513060025894,0.675459900019154
25580,LOF,0.03230797860698499,0.07593816071121358,0.8917538606818014
25581,LOF,0.05577463415740719,0.06440681091262677,0.879818554929966
25582,LOF,0.05552547476087334,0.06274860133467235,0.8817259239044544
25583,LOF,0.04213763790251175,0.08876313134627865,0.8690992307512095
25584,Neutral,0.4850996218074639,0.0979650199849017,0.41693535820763444
25585,LOF,0.04038171703477127,0.10433075469289017,0.8552875282723386
25586,LOF,0.03120030669093787,0.07563221180588066,0.8931674815031815
25587,LOF,0.030096448637247194,0.07133219333635811,0.8985713580263947
25588,LOF,0.03071942503358767,0.08823499274369725,0.8810455822227151
25589,Neutral,0.6240073643698771,0.12122973979322506,0.2547628958368978
25590,LOF,0.030795564172231015,0.12458969498385543,0.8446147408439134
25591,LOF,0.11396632694494106,0.05655955848545085,0.8294741145696082
25592,LOF,0.08585536743845643,0.1378759611572397,0.7762686714043039
25593,LOF,0.02088910610473327,0.25702972603108354,0.7220811678641832
25594,LOF,0.043821771960852074,0.1766457830434616,0.7795324449956864
25595,LOF,0.04979230151672777,0.12367310630197692,0.8265345921812952
25596,LOF,0.0541586183311907,0.05798442495291132,0.8878569567158979
25597,LOF,0.04749494393167232,0.07920090936435585,0.8733041467039718
25598,LOF,0.04745090411298913,0.12390504919364786,0.8286440466933631
25599,GOF,0.010030331187303078,0.737326379560143,0.2526432892525539
25600,GOF,0.013955926709163404,0.5156457103029187,0.470398362987918
25601,LOF,0.006902529909437632,0.45239555552801325,0.5407019145625492
25602,LOF,0.03222842418794556,0.041756907135199986,0.9260146686768546
25603,LOF,0.05773988992376991,0.02801054213325643,0.9142495679429736
25604,LOF,0.06381158140560857,0.03141066726538527,0.9047777513290061
25605,LOF,0.015625092723675477,0.23246427760767685,0.7519106296686476
25606,LOF,0.11967982495001461,0.4100551841366503,0.4702649909133351
25607,LOF,0.006661917554103439,0.14359270327676887,0.8497453791691276
25608,LOF,0.0656790034973,0.051620746711769416,0.8827002497909306
25609,LOF,0.034738560395401206,0.41993519010276276,0.545326249501836
25610,LOF,0.041435207767538854,0.02686490877079289,0.9316998834616683
25611,LOF,0.04263660852174575,0.024214632118827416,0.9331487593594268
25612,LOF,0.10798295703617593,0.0332902207391738,0.8587268222246502
25613,LOF,0.0843148747208435,0.03310513610107738,0.882579989178079
25614,LOF,0.03049865372615106,0.03345266163736515,0.9360486846364838
25615,LOF,0.056814453095760706,0.034287514985903066,0.9088980319183363
25616,LOF,0.03445387940973697,0.029694969416095084,0.935851151174168
25617,LOF,0.030536032350552977,0.03465907162359914,0.9348048960258479
25618,LOF,0.1915602833724005,0.03136230668076899,0.7770774099468305
25619,LOF,0.029947444695870858,0.029566532954696967,0.9404860223494322
25620,LOF,0.03558267915241105,0.038111367117055324,0.9263059537305335
25621,LOF,0.033354704109684746,0.028117101909659235,0.938528193980656
25622,LOF,0.03793536654692229,0.033202273127476124,0.9288623603256015
25623,LOF,0.07461652677942218,0.029400211951364216,0.8959832612692136
25624,LOF,0.028519454620545864,0.039053511141149216,0.9324270342383049
25625,LOF,0.03824144114960939,0.04133368237493371,0.920424876475457
25626,LOF,0.08960039407325206,0.02710415770177538,0.8832954482249725
25627,Neutral,0.5775299506027207,0.12315752005369338,0.29931252934358593
25628,LOF,0.15545184231765466,0.06965317658503398,0.7748949810973113
25629,LOF,0.07201267900787593,0.0762579750971376,0.8517293458949865
25630,LOF,0.14932701115682076,0.10634471055088124,0.7443282782922981
25631,Neutral,0.5521528114329546,0.08794627813219802,0.35990091043484745
25632,LOF,0.02336940721723246,0.06547050215565803,0.9111600906271096
25633,LOF,0.21419630547746493,0.08238187363277095,0.7034218208897641
25634,LOF,0.03312065466002728,0.11137809985576391,0.8555012454842088
25635,LOF,0.035417300967355465,0.08654031220035936,0.8780423868322852
25636,GOF,0.005691940037129228,0.6092049982635277,0.3851030616993431
25637,GOF,0.004927331746038376,0.59257155769902,0.4025011105549416
25638,LOF,0.009837322622258155,0.4804512463359359,0.509711431041806
25639,LOF,0.004497515593674804,0.4360589994914393,0.5594434849148859
25640,Neutral,0.5036942744368497,0.425976413344858,0.07032931221829233
25641,LOF,0.008909603302919969,0.3047692784135212,0.6863211182835589
25642,LOF,0.26400617744691957,0.07172731858025216,0.6642665039728283
25643,LOF,0.2589851838604188,0.199933200114229,0.5410816160253522
25644,GOF,0.017010672653149893,0.6153456689216611,0.3676436584251889
25645,GOF,0.018841938553484993,0.588482977405225,0.39267508404129
25646,LOF,0.020816968605575616,0.3818322666788724,0.597350764715552
25647,LOF,0.015986476654631376,0.2836602686691914,0.7003532546761772
25648,LOF,0.014716974312123519,0.29663916561944226,0.6886438600684341
25649,LOF,0.013472963948770999,0.24516442466387273,0.7413626113873563
25650,GOF,0.03535234464692551,0.599962437397177,0.36468521795589737
25651,LOF,0.010985188040834577,0.318782131438133,0.6702326805210325
25652,LOF,0.017275811739190107,0.3215208412966475,0.6612033469641625
25653,LOF,0.07616363614862061,0.4204037324322629,0.5034326314191164
25654,LOF,0.015025979475372021,0.2738237029419914,0.7111503175826365
25655,LOF,0.11446271258344888,0.41600069557765895,0.4695365918388921
25656,LOF,0.058158277813400744,0.0825637782371818,0.8592779439494174
25657,LOF,0.2780286265201734,0.03220611801753043,0.6897652554622962
25658,LOF,0.046017069183864355,0.08512940310961728,0.8688535277065184
25659,LOF,0.2872424639679273,0.055524696283196645,0.6572328397488761
25660,LOF,0.07600807058710679,0.10127441816828747,0.8227175112446058
25661,LOF,0.048284407214030454,0.07610348571893884,0.8756121070670307
25662,LOF,0.02860581776080639,0.04877980007130982,0.9226143821678837
25663,LOF,0.03920783946752283,0.07174368752594312,0.889048473006534
25664,LOF,0.04405248219801597,0.08293735365918059,0.8730101641428034
25665,LOF,0.05816351753884677,0.04879583748028364,0.8930406449808694
25666,LOF,0.04085913326980387,0.134838512511003,0.8243023542191931
25667,LOF,0.029588985358198937,0.057935162156127006,0.9124758524856741
25668,LOF,0.03425909797305929,0.06681942210919639,0.8989214799177443
25669,LOF,0.04040901203584889,0.09475866261899239,0.8648323253451589
25670,LOF,0.16707916179549645,0.05874239020833121,0.7741784479961724
25671,LOF,0.037434443952324925,0.05168982001944827,0.9108757360282268
25672,LOF,0.05826920329368989,0.06843080610099578,0.8732999906053144
25673,LOF,0.043548984587830956,0.05835138771408047,0.8980996276980886
25674,LOF,0.034037039408921,0.06722955092207208,0.8987334096690069
25675,LOF,0.043369497191751386,0.05535543188576566,0.9012750709224829
25676,LOF,0.030244422661667873,0.06504469978738174,0.9047108775509504
25677,LOF,0.05613326734345776,0.06716767972060132,0.876699052935941
25678,LOF,0.24704515237179378,0.04603361853343113,0.7069212290947751
25679,LOF,0.15650245256152234,0.06474024017656282,0.7787573072619148
25680,LOF,0.06234652110203771,0.09458537965028262,0.8430680992476796
25681,LOF,0.10387043051813928,0.09031851851263525,0.8058110509692255
25682,LOF,0.044431281559473894,0.07992881422321454,0.8756399042173116
25683,LOF,0.07404108924125444,0.09410321992259288,0.8318556908361526
25684,LOF,0.05241259197488561,0.07650680737474434,0.87108060065037
25685,LOF,0.11664635236304154,0.03750965958806996,0.8458439880488886
25686,LOF,0.034362949485136934,0.09515255122740268,0.8704844992874604
25687,LOF,0.05671721256100924,0.08725426228826917,0.8560285251507217
25688,LOF,0.025895720248380945,0.09878287692404779,0.8753214028275713
25689,LOF,0.02056816045154146,0.06487058145268097,0.9145612580957776
25690,LOF,0.020654985559645293,0.08080186178986368,0.8985431526504911
25691,LOF,0.17508465909103846,0.12147864078553454,0.7034367001234271
25692,LOF,0.2395520194699209,0.018066590018801013,0.742381390511278
25693,LOF,0.05235929921989567,0.1377816468134814,0.8098590539666229
25694,LOF,0.2508841885707412,0.011741701006273348,0.7373741104229854
25695,LOF,0.16436218829409108,0.018254011062021108,0.8173838006438879
25696,LOF,0.16422040957165562,0.008974354064808156,0.8268052363635361
25697,LOF,0.13329427463383417,0.028636638471774927,0.838069086894391
25698,LOF,0.03171839595674558,0.3506411255862681,0.6176404784569863
25699,LOF,0.08101480070540684,0.07306675412226644,0.8459184451723267
25700,LOF,0.03104921517892974,0.011446152119556182,0.9575046327015142
25701,LOF,0.011265815386494814,0.07066791278250875,0.9180662718309964
25702,GOF,0.03287576978136612,0.7132249490019191,0.25389928121671473
25703,LOF,0.019227811659733744,0.18020044333429458,0.8005717450059717
25704,LOF,0.07776474971862768,0.1580347156106928,0.7642005346706796
25705,LOF,0.06353939720530784,0.22313913758619683,0.7133214652084954
25706,GOF,0.038018182189663886,0.569357120885422,0.392624696924914
25707,GOF,0.03078220597219786,0.5988701125764472,0.37034768145135494
25708,GOF,0.0074324412639342205,0.5365366645837304,0.4560308941523352
25709,LOF,0.017794003550846822,0.07291211519298092,0.9092938812561722
25710,LOF,0.008463632313004,0.15717996568540749,0.8343564020015884
25711,LOF,0.020802248939245767,0.11741462854475303,0.8617831225160012
25712,LOF,0.009372016627265315,0.2101939131828237,0.7804340701899111
25713,LOF,0.01801025536238138,0.11375198172419296,0.8682377629134257
25714,LOF,0.020786655034676353,0.14784009564752112,0.8313732493178027
25715,LOF,0.01922123154730838,0.13436803338046902,0.8464107350722228
25716,LOF,0.014130489299669327,0.11140807305377873,0.8744614376465519
25717,LOF,0.00658604898913557,0.1236922699114106,0.8697216810994538
25718,LOF,0.01986793095404671,0.08908958719165652,0.8910424818542968
25719,LOF,0.03439755622982286,0.09836004475752638,0.8672423990126508
25720,LOF,0.026015829975088983,0.0894113212339339,0.8845728487909772
25721,LOF,0.023644552869440352,0.0976333177170439,0.8787221294135158
25722,LOF,0.016083803868231536,0.13645392088906705,0.8474622752427013
25723,LOF,0.02183688576405817,0.0877066150566364,0.8904564991793055
25724,LOF,0.024485330726917703,0.15276613732139807,0.8227485319516842
25725,LOF,0.020562347816476582,0.08517500556735888,0.8942626466161645
25726,LOF,0.01559418050008072,0.11260104637820985,0.8718047731217095
25727,LOF,0.020928568089411344,0.10339285081033228,0.8756785811002563
25728,LOF,0.01992256881593624,0.10721465463188501,0.8728627765521787
25729,LOF,0.019059264977408542,0.11532660303096923,0.8656141319916222
25730,LOF,0.02155338494577482,0.08527469254172644,0.8931719225124987
25731,LOF,0.011395178973493781,0.171091892020738,0.8175129290057683
25732,LOF,0.017635083438478225,0.10600124215231979,0.8763636744092019
25733,LOF,0.02648724206021419,0.10162412703826876,0.871888630901517
25734,LOF,0.007597899269446176,0.20748513251906653,0.7849169682114874
25735,LOF,0.02019515585050421,0.08383395953503052,0.8959708846144652
25736,LOF,0.019174808258952222,0.13374001744347688,0.8470851742975709
25737,LOF,0.03680889562284931,0.11650908077515841,0.8466820236019922
25738,LOF,0.020613138546782473,0.14574783674433212,0.8336390247088853
25739,LOF,0.023021325393716645,0.1316669081322696,0.8453117664740138
25740,LOF,0.05013551901055529,0.1485143784751416,0.8013501025143032
25741,LOF,0.026624320741467842,0.11753291151107029,0.8558427677474618
25742,LOF,0.04523777618605764,0.12236799007062094,0.8323942337433214
25743,LOF,0.012856472796003144,0.029269989658470122,0.9578735375455267
25744,LOF,0.14997588810340998,0.33418043751025456,0.5158436743863355
25745,LOF,0.030078382859353398,0.11802230974602422,0.8518993073946224
25746,LOF,0.013543824746084735,0.16054410824969945,0.8259120670042158
25747,LOF,0.030467760402077045,0.032013387927907845,0.937518851670015
25748,LOF,0.24778938461747643,0.058374429786460826,0.6938361855960627
25749,LOF,0.012656988101195999,0.09954000411609708,0.8878030077827069
25750,LOF,0.01591788933432435,0.09929872448258534,0.8847833861830903
25751,LOF,0.0408631677605478,0.04822603290258308,0.910910799336869
25752,GOF,0.096702678818599,0.6825135002611187,0.22078382092028237
25753,LOF,0.007157604546057231,0.3876730222688512,0.6051693731850916
25754,GOF,0.007614882535548866,0.8574484146522229,0.13493670281222833
25755,LOF,0.008297394492023859,0.4385866272414217,0.5531159782665545
25756,LOF,0.04815581237708554,0.4418013390951483,0.5100428485277662
25757,GOF,0.007480366850537585,0.8602113810361146,0.13230825211334785
25758,GOF,0.009206434590796286,0.8685934773026676,0.12220008810653624
25759,GOF,0.005817647451866036,0.6020698649730178,0.39211248757511613
25760,LOF,0.00560724917269469,0.2969655002346602,0.6974272505926452
25761,GOF,0.05645433235844638,0.8431100543050439,0.10043561333650969
25762,LOF,0.029187440789501147,0.35844506742853754,0.6123674917819613
25763,LOF,0.006580358654817914,0.27913496761393075,0.7142846737312514
25764,GOF,0.0745667532330665,0.6474399017299624,0.2779933450369711
25765,GOF,0.008331917084146287,0.8557275201691793,0.13594056274667432
25766,GOF,0.03564516011453626,0.8108059042298366,0.1535489356556271
25767,GOF,0.01073572968262847,0.5602578555900305,0.42900641472734097
25768,LOF,0.03706347764059212,0.08414267074621473,0.8787938516131931
25769,LOF,0.02290311204337674,0.10889559764973827,0.8682012903068849
25770,LOF,0.17676960245249826,0.08123183345031557,0.7419985640971862
25771,LOF,0.0156473291687714,0.08717127764372853,0.8971813931875001
25772,LOF,0.02231504483730882,0.041604796966163086,0.936080158196528
25773,LOF,0.02268064503123099,0.07621587017192272,0.9011034847968462
25774,LOF,0.030380683708738573,0.11980637553723913,0.8498129407540224
25775,LOF,0.02382841866524872,0.048573241625675376,0.9275983397090759
25776,LOF,0.024386105916888282,0.036918779008520836,0.9386951150745908
25777,LOF,0.2583163235530373,0.09150884326190367,0.6501748331850591
25778,LOF,0.018165083572505385,0.07949047909925049,0.9023444373282441
25779,GOF,0.03549147647320034,0.8907161909067685,0.07379233262003121
25780,GOF,0.0642724136251548,0.8844968050118026,0.051230781363042543
25781,GOF,0.03248318195366305,0.881918065820835,0.08559875222550195
25782,GOF,0.02810307068149604,0.9114501517039997,0.06044677761450426
25783,GOF,0.02635450836051626,0.9163288051791273,0.05731668646035649
25784,GOF,0.07759432581677166,0.8793850067441442,0.04302066743908404
25785,GOF,0.07626328207815028,0.8815004307627824,0.042236287159067167
25786,GOF,0.008085940803309004,0.8787991185986854,0.11311494059800555
25787,GOF,0.1634655302363702,0.7890541983199706,0.047480271443659225
25788,LOF,0.014913766212347242,0.18137688222234613,0.8037093515653067
25789,GOF,0.01563503598491543,0.8722836843372346,0.11208127967785014
25790,GOF,0.01824977414324201,0.8794479990844748,0.10230222677228319
25791,GOF,0.018455378711650493,0.8064670543268331,0.1750775669615165
25792,GOF,0.021996982723851064,0.8344493960509966,0.14355362122515236
25793,GOF,0.06244983904041116,0.849206615822752,0.08834354513683682
25794,GOF,0.051752799443660825,0.7871728561350831,0.16107434442125607
25795,GOF,0.04311228674927172,0.7873215658345976,0.16956614741613066
25796,GOF,0.08281482869773187,0.8208571285203144,0.09632804278195364
25797,GOF,0.0655153887455442,0.779331088566048,0.15515352268840787
25798,GOF,0.0044495355045204256,0.7744036691878218,0.22114679530765793
25799,GOF,0.0036660789308516502,0.7235886717797821,0.2727452492893662
25800,GOF,0.021609257769204113,0.8320788219611917,0.14631192026960427
25801,GOF,0.016612456223504143,0.8923646772581331,0.09102286651836285
25802,GOF,0.026832172794984527,0.845794619154844,0.12737320805017152
25803,GOF,0.016916948531393444,0.7321233360823577,0.25095971538624895
25804,GOF,0.02503127604135438,0.7769140090413282,0.1980547149173174
25805,GOF,0.026363243994724662,0.8074890906807617,0.16614766532451375
25806,GOF,0.02540376162778285,0.8090979743155846,0.16549826405663257
25807,GOF,0.007502859316560263,0.7563351376778787,0.23616200300556106
25808,GOF,0.015813629879491132,0.7917485615079374,0.19243780861257156
25809,GOF,0.008988015391655606,0.7435026124872032,0.24750937212114119
25810,GOF,0.0071872721729422245,0.735520101642588,0.2572926261844698
25811,GOF,0.04242195411985391,0.8797623083750472,0.07781573750509874
25812,GOF,0.0279735953214154,0.8002126142367447,0.17181379044183986
25813,GOF,0.11636289013552999,0.8028661018254266,0.08077100803904354
25814,GOF,0.027154934807651923,0.8084382104395834,0.16440685475276456
25815,GOF,0.05722293012238913,0.8405747221742869,0.10220234770332405
25816,GOF,0.00927261498732057,0.8662893668683386,0.12443801814434093
25817,GOF,0.08919845122939195,0.8241853245206835,0.08661622424992467
25818,GOF,0.021558505193903076,0.8267627968783393,0.1516786979277577
25819,GOF,0.06118879605627212,0.7809251091593997,0.15788609478432805
25820,GOF,0.030028346559328394,0.7431676055981825,0.22680404784248911
25821,GOF,0.020283136388880133,0.7606435164930893,0.21907334711803064
25822,GOF,0.03845584803876732,0.7543227924122746,0.20722135954895807
25823,GOF,0.022468301965176768,0.7454349406306159,0.23209675740420738
25824,GOF,0.020932921602924197,0.8045842269884728,0.17448285140860292
25825,GOF,0.01774441637851384,0.7899121331154152,0.1923434505060709
25826,GOF,0.00705714374444137,0.7386081375307577,0.254334718724801
25827,GOF,0.012107492267166016,0.7182463214274111,0.26964618630542275
25828,GOF,0.008809194465029738,0.7489651383476503,0.24222566718732005
25829,GOF,0.0036623604731000174,0.6910739565589574,0.30526368296794265
25830,LOF,0.03593480980511569,0.46075013000997356,0.5033150601849108
25831,GOF,0.0489816454483083,0.8176173481592481,0.1334010063924435
25832,GOF,0.008055680006921011,0.7571453377252277,0.23479898226785134
25833,GOF,0.029033042326722897,0.8198374187775801,0.15112953889569714
25834,GOF,0.00905437176162615,0.7743193621372132,0.21662626610116067
25835,GOF,0.022361501796971706,0.8461346540151794,0.13150384418784875
25836,GOF,0.006363350724611141,0.7702524473658872,0.22338420190950167
25837,GOF,0.007279382866416069,0.7729614936816731,0.219759123451911
25838,GOF,0.019015814521886224,0.8393157188008858,0.14166846667722785
25839,GOF,0.041580386933188294,0.8282923220823561,0.1301272909844556
25840,GOF,0.06711208815646671,0.8168300533494763,0.11605785849405692
25841,GOF,0.06773667083914273,0.8328060290181124,0.09945730014274487
25842,GOF,0.02703561882545036,0.8886202046568811,0.08434417651766851
25843,GOF,0.023040164496062245,0.8869081870375705,0.0900516484663674
25844,GOF,0.016708461517761695,0.8496004267451654,0.13369111173707265
25845,GOF,0.005797135382965333,0.7734034835704863,0.22079938104654834
25846,GOF,0.07212958866680604,0.8310659044242361,0.09680450690895794
25847,GOF,0.017374505344172744,0.8885842602026058,0.0940412344532214
25848,GOF,0.018468618058517242,0.8423858469932841,0.1391455349481987
25849,GOF,0.00648647219231376,0.8357578061739134,0.15775572163377272
25850,GOF,0.005408184472747503,0.726366268263336,0.26822554726391656
25851,GOF,0.005010157798287715,0.6794447667343521,0.3155450754673602
25852,GOF,0.13195577100985112,0.6065176004198951,0.2615266285702537
25853,GOF,0.06675371019447474,0.8157935711299639,0.1174527186755613
25854,GOF,0.0049496631885155955,0.7230259286543584,0.2720244081571261
25855,GOF,0.02277828766652869,0.7082697644743298,0.26895194785914156
25856,GOF,0.04605895259766048,0.8045090911273722,0.14943195627496725
25857,GOF,0.023823549603484803,0.7383783139285428,0.23779813646797246
25858,GOF,0.009755648675159023,0.7441701533465611,0.24607419797827992
25859,GOF,0.007454439056500428,0.7453641904188415,0.2471813705246581
25860,GOF,0.07365997486148858,0.8101822249169041,0.1161578002216072
25861,GOF,0.07633705996836,0.8297180150004322,0.09394492503120777
25862,GOF,0.01911140944525247,0.8834354268879778,0.09745316366676968
25863,GOF,0.020830695369802685,0.866982092715534,0.11218721191466326
25864,GOF,0.06145418760997802,0.8831713272045428,0.055374485185479216
25865,GOF,0.04197715248164769,0.85948193367742,0.09854091384093237
25866,GOF,0.023406299834068608,0.876329814071404,0.10026388609452748
25867,GOF,0.0373999535067776,0.8734399130996847,0.08916013339353776
25868,GOF,0.06302231209196528,0.8303269542363039,0.10665073367173082
25869,GOF,0.3434572958185627,0.5829521343641985,0.0735905698172388
25870,GOF,0.06350021735201385,0.580228115820216,0.35627166682777006
25871,GOF,0.009135477115399556,0.8686008397276525,0.122263683156948
25872,GOF,0.018143808977610722,0.8495375679595629,0.13231862306282635
25873,GOF,0.018004263439367486,0.876908658052527,0.10508707850810557
25874,LOF,0.01571339647443694,0.20636281696779213,0.777923786557771
25875,LOF,0.02807653305922542,0.05170011969437331,0.9202233472464013
25876,LOF,0.017850003435585057,0.03040234662327645,0.9517476499411386
25877,LOF,0.0912619650933865,0.07976842389142236,0.8289696110151912
25878,LOF,0.06840666806136436,0.11920080279939431,0.8123925291392413
25879,LOF,0.014898715096085246,0.08311987265048093,0.9019814122534338
25880,LOF,0.05868097452262358,0.011863035737090868,0.9294559897402854
25881,LOF,0.4550126274151068,0.07680065219491312,0.4681867203899802
25882,LOF,0.07129371483146155,0.02501607259642284,0.9036902125721156
25883,LOF,0.02792598312254375,0.028085007276265613,0.9439890096011906
25884,LOF,0.018207300987600893,0.05630661248373445,0.9254860865286647
25885,LOF,0.17491300283006522,0.01201358653255014,0.8130734106373847
25886,LOF,0.2650851048087457,0.05725876106573404,0.6776561341255203
25887,LOF,0.12391567142447067,0.08264940089727871,0.7934349276782506
25888,LOF,0.008716512916173126,0.1347850842188596,0.8564984028649674
25889,LOF,0.0243613886018976,0.03759092533030047,0.938047686067802
25890,LOF,0.15778874498561743,0.09692398485602442,0.7452872701583583
25891,LOF,0.1208053067484701,0.030969959380583854,0.8482247338709461
25892,LOF,0.009593679476980681,0.029054192353116137,0.9613521281699032
25893,LOF,0.3675688102316782,0.008912686441959684,0.623518503326362
25894,LOF,0.4173439999051045,0.006872467200320552,0.5757835328945751
25895,LOF,0.3523243859043974,0.012458475979191188,0.6352171381164115
25896,LOF,0.06947970914862858,0.022696258552677748,0.9078240322986937
25897,LOF,0.16291233511608305,0.008964078179241143,0.8281235867046758
25898,LOF,0.13599262593736597,0.032067096688170205,0.8319402773744639
25899,LOF,0.41586199026881143,0.02647046353482845,0.5576675461963602
25900,Neutral,0.5102096749745685,0.008348743106605298,0.4814415819188262
25901,LOF,0.05943357512039323,0.010357542150679981,0.9302088827289268
25902,LOF,0.18074724084553107,0.011366831823079213,0.8078859273313899
25903,LOF,0.3603114551722175,0.02381335793349961,0.6158751868942829
25904,Neutral,0.5289036449206574,0.034140318769378994,0.4369560363099636
25905,LOF,0.006671597700632908,0.4776168890449583,0.5157115132544088
25906,LOF,0.007485174131346541,0.0898363296100713,0.9026784962585821
25907,LOF,0.0069853480129249,0.2902394167938833,0.7027752351931917
25908,LOF,0.006109997367850151,0.28179934053350153,0.7120906620986482
25909,LOF,0.0269510585450302,0.12422201080901805,0.8488269306459517
25910,LOF,0.012467231389842756,0.1306781326476102,0.8568546359625472
25911,LOF,0.22870637760956275,0.07196052003394683,0.6993331023564905
25912,LOF,0.11096534728348308,0.04512807680792515,0.8439065759085917
25913,LOF,0.028568606622940265,0.07119496736575902,0.9002364260113007
25914,LOF,0.03793400223230532,0.033461377389185476,0.9286046203785092
25915,LOF,0.1824517503011841,0.13863624408969785,0.678912005609118
25916,LOF,0.026573519301491908,0.07644505952560092,0.8969814211729071
25917,LOF,0.07412325501018029,0.027095289152810925,0.8987814558370089
25918,LOF,0.043867187074746954,0.02043275238798313,0.93570006053727
25919,LOF,0.04040025348849023,0.019404067826031997,0.9401956786854777
25920,Neutral,0.35000072888983763,0.3034911128221467,0.3465081582880156
25921,LOF,0.014757715475753297,0.043195707134869366,0.9420465773893774
25922,LOF,0.017552712771563093,0.04408412612532109,0.9383631611031158
25923,LOF,0.42237102611675154,0.039438516012187244,0.5381904578710612
25924,LOF,0.025046210140426482,0.05831243851008977,0.9166413513494837
25925,LOF,0.08854791597270918,0.054570738615915916,0.856881345411375
25926,LOF,0.06722112152783857,0.050048742183593245,0.8827301362885682
25927,LOF,0.0192175408617972,0.08685734755577218,0.8939251115824305
25928,LOF,0.010212593921173848,0.05617040879749618,0.93361699728133
25929,Neutral,0.5558638056829018,0.03757299408126539,0.40656320023583287
25930,LOF,0.07210146315143275,0.039911736752248746,0.8879868000963185
25931,LOF,0.01362114423730882,0.04243668124413804,0.9439421745185531
25932,LOF,0.056416172910426325,0.04224641066549482,0.9013374164240789
25933,LOF,0.05615968516766547,0.02507085461247145,0.9187694602198632
25934,LOF,0.051258180563220325,0.02392357420710541,0.9248182452296742
25935,LOF,0.07965153138177809,0.06711280096490382,0.8532356676533182
25936,LOF,0.09868773978325968,0.024985643848356855,0.8763266163683835
25937,LOF,0.022108135323981818,0.03347227285853708,0.9444195918174811
25938,LOF,0.07547577720365124,0.05726721920236554,0.8672570035939832
25939,LOF,0.04360655477409244,0.03270992509969035,0.9236835201262171
25940,LOF,0.009540263511652679,0.43265509439201244,0.5578046420963348
25941,LOF,0.45563471234260017,0.05214932634998553,0.49221596130741446
25942,LOF,0.010630803216625708,0.06539610998437007,0.9239730867990043
25943,LOF,0.038734568639614636,0.1638236666040388,0.7974417647563464
25944,LOF,0.03979530428609436,0.08634363194380776,0.8738610637700978
25945,LOF,0.11808660778150047,0.04096833515314913,0.8409450570653504
25946,LOF,0.06882059454375848,0.04219182926040548,0.888987576195836
25947,Neutral,0.5426002038649189,0.06586722511360542,0.39153257102147565
25948,LOF,0.40527220880538756,0.020991947872714085,0.5737358433218983
25949,LOF,0.16528763931586202,0.08205984421139292,0.752652516472745
25950,GOF,0.06260268997820397,0.47607220108348713,0.4613251089383089
25951,LOF,0.01654457256186102,0.376196225909231,0.6072592015289079
25952,LOF,0.257340357295227,0.1887485076134495,0.5539111350913235
25953,LOF,0.008338956890246706,0.21911776730399238,0.7725432758057609
25954,LOF,0.07326895232865137,0.3321723256245073,0.5945587220468412
25955,LOF,0.007123006048878749,0.2225428952384388,0.7703340987126825
25956,LOF,0.013217330079962883,0.3224328097846343,0.6643498601354028
25957,LOF,0.16721837910465115,0.035264435504672335,0.7975171853906765
25958,LOF,0.03198235542577515,0.06143861424668,0.9065790303275449
25959,GOF,0.007205406755544382,0.7895816517167218,0.20321294152773375
25960,LOF,0.005068674654385011,0.10977439165521038,0.8851569336904047
25961,LOF,0.030681857283616915,0.04821286462377384,0.9211052780926092
25962,LOF,0.05653507312870333,0.07434955201488291,0.8691153748564138
25963,LOF,0.007325417465040411,0.13678512885941527,0.8558894536755443
25964,LOF,0.02677770913876882,0.12477483469959853,0.8484474561616326
25965,LOF,0.23773678892514016,0.12415059859041282,0.6381126124844471
25966,LOF,0.38282903292932197,0.09587602351297857,0.5212949435576995
25967,LOF,0.008214403850287391,0.07383483057565586,0.9179507655740567
25968,LOF,0.039318382267331274,0.21816404817004886,0.7425175695626198
25969,LOF,0.1630460052502089,0.05431963055121168,0.7826343641985793
25970,LOF,0.07095557508489073,0.07337695623673263,0.8556674686783767
25971,LOF,0.0825382148020462,0.034769471283529946,0.8826923139144238
25972,LOF,0.07308180337978142,0.06016996505525284,0.8667482315649657
25973,LOF,0.0710934441837637,0.009582836690645314,0.9193237191255911
25974,LOF,0.042576086748592264,0.03653066372560368,0.920893249525804
25975,LOF,0.042917889503607226,0.017724860426819592,0.9393572500695732
25976,LOF,0.08689494979395677,0.011014542504284169,0.9020905077017591
25977,LOF,0.2533376563948678,0.06089462866745031,0.6857677149376818
25978,LOF,0.18667658366265327,0.13654108628496667,0.6767823300523801
25979,LOF,0.154942120342295,0.1504011066982581,0.6946567729594469
25980,LOF,0.2378112017275165,0.2054491684093148,0.5567396298631686
25981,LOF,0.23962899668115364,0.20704640682822176,0.5533245964906246
25982,LOF,0.44679995988701887,0.10146884973731252,0.4517311903756687
25983,Neutral,0.4602047194340168,0.11912017476811958,0.4206751057978636
25984,LOF,0.04380175370654664,0.09473760762343003,0.8614606386700233
25985,LOF,0.41791234176908343,0.1341226891198571,0.44796496911105954
25986,LOF,0.0108517804563418,0.47126941754684337,0.5178788019968149
25987,LOF,0.043002719793147626,0.10752249590701712,0.8494747842998351
25988,LOF,0.038931957788443085,0.14277404691859102,0.8182939952929659
25989,LOF,0.041689988099014814,0.18568353745489982,0.7726264744460853
25990,LOF,0.039176440642796684,0.27931475426766744,0.6815088050895359
25991,GOF,0.02263292216887017,0.489334086674486,0.48803299115664384
25992,LOF,0.020666486919694086,0.45505049728725533,0.5242830157930505
25993,LOF,0.028753383140293798,0.09125781996789034,0.8799887968918157
25994,LOF,0.024250849877048574,0.0998795471033055,0.875869603019646
25995,LOF,0.02091617128984639,0.17053086335492224,0.8085529653552315
25996,Neutral,0.37522066336169513,0.3682938906772995,0.2564854459610053
25997,LOF,0.07111641550863752,0.437598232165728,0.4912853523256346
25998,LOF,0.2568501255778994,0.04626956149141528,0.6968803129306853
25999,LOF,0.0400742721432983,0.1078593337207929,0.8520663941359088
26000,LOF,0.15416308331090858,0.01421114104186002,0.8316257756472314
26001,LOF,0.2426362920864455,0.01777023576292788,0.7395934721506267
26002,LOF,0.1299468884507809,0.02209302517226187,0.8479600863769573
26003,GOF,0.007469338431749524,0.6161775849565638,0.37635307661168654
26004,GOF,0.016922300013971568,0.6354834244005536,0.34759427558547473
26005,LOF,0.005536602587615786,0.4600445828998868,0.5344188145124974
26006,GOF,0.10688715856752055,0.5106987060560256,0.38241413537645375
26007,GOF,0.011511511783816515,0.4975443223493724,0.4909441658668111
26008,GOF,0.006305008929881217,0.575616509424955,0.41807848164516376
26009,GOF,0.012504801071538263,0.6082488453362651,0.37924635359219677
26010,GOF,0.009872987793088327,0.561083647144558,0.4290433650623536
26011,LOF,0.004210692494870354,0.40114590609743384,0.5946434014076959
26012,GOF,0.005023505704387902,0.5305675520011907,0.4644089422944214
26013,GOF,0.010484585374552194,0.5497860181152783,0.4397293965101695
26014,LOF,0.07033569123559685,0.11720830407637418,0.812456004688029
26015,LOF,0.37202017389454944,0.04185158804257889,0.5861282380628716
26016,LOF,0.2742258593069832,0.0649730008319572,0.6608011398610597
26017,LOF,0.013370878737052335,0.25127694815602125,0.7353521731069265
26018,LOF,0.0236023330422378,0.08391221206190637,0.8924854548958557
26019,LOF,0.0232508048266525,0.07518137671525463,0.9015678184580928
26020,LOF,0.007943825068239485,0.23159055483834037,0.7604656200934201
26021,LOF,0.07786339809442182,0.12003906173868878,0.8020975401668894
26022,LOF,0.03778472608990385,0.04187364004010892,0.9203416338699872
26023,LOF,0.01882708268404479,0.06176606537475125,0.9194068519412041
26024,LOF,0.052742664555680885,0.08758105075611429,0.8596762846882048
26025,LOF,0.1052996652936415,0.11145472508061086,0.7832456096257475
26026,LOF,0.11209533246749873,0.08901777168683322,0.7988868958456682
26027,LOF,0.02344854549000815,0.03687090280789098,0.9396805517021009
26028,LOF,0.08571068694701947,0.17920699522578576,0.7350823178271948
26029,LOF,0.023714824011134627,0.1733081796719782,0.8029769963168872
26030,LOF,0.1321464581198414,0.02640829155934413,0.8414452503208145
26031,LOF,0.01063604705434755,0.14515676400323854,0.8442071889424139
26032,LOF,0.033917684916859765,0.049942752076381935,0.9161395630067583
26033,LOF,0.034793149109863676,0.0530033357193019,0.9122035151708345
26034,LOF,0.01541901572313662,0.12044839054376985,0.8641325937330935
26035,LOF,0.013520216128943031,0.11273011449266654,0.8737496693783905
26036,LOF,0.01230161470721199,0.09529398289183807,0.8924044024009499
26037,LOF,0.011370063313822842,0.1030984249926333,0.8855315116935438
26038,LOF,0.029083310346879207,0.0463978850630366,0.9245188045900841
26039,LOF,0.038277668270163705,0.12951134601056288,0.8322109857192734
26040,LOF,0.07541412769693119,0.11893597754611834,0.8056498947569505
26041,LOF,0.014147797711963492,0.0990359916853415,0.8868162106026951
26042,LOF,0.014304659412295884,0.10596373731334757,0.8797316032743566
26043,LOF,0.029192166624282943,0.06622854343311974,0.9045792899425973
26044,LOF,0.009626503758354018,0.05089326929298552,0.9394802269486604
26045,LOF,0.08093646738855323,0.13148211274412738,0.7875814198673194
26046,LOF,0.02654545248416881,0.05001992037050912,0.923434627145322
26047,LOF,0.05094585397090112,0.04952358809946174,0.8995305579296372
26048,LOF,0.0789416286313516,0.020921539326501478,0.9001368320421469
26049,Neutral,0.9413254599606807,0.008098085735455713,0.05057645430386367
26050,Neutral,0.9093568568980323,0.008795376651212383,0.08184776645075521
26051,LOF,0.025022212941756508,0.06086879574500587,0.9141089913132375
26052,LOF,0.03187241162044716,0.05470030335710717,0.9134272850224455
26053,LOF,0.024621279825861948,0.13387001241295812,0.8415087077611798
26054,LOF,0.04705643525068661,0.034339943465079,0.9186036212842343
26055,LOF,0.07424394184843369,0.03168901490166147,0.8940670432499048
26056,LOF,0.06071787721376341,0.040244108821305594,0.899038013964931
26057,LOF,0.05557064781573152,0.018669090449553883,0.9257602617347146
26058,LOF,0.059058592276297096,0.014680989529398598,0.9262604181943043
26059,LOF,0.2069627533507911,0.03364996039656328,0.7593872862526456
26060,LOF,0.02369249441778364,0.17350843082829967,0.8027990747539167
26061,LOF,0.012683786211031169,0.010816763629224652,0.9764994501597443
26062,LOF,0.007013178890888319,0.018126168862311064,0.9748606522468005
26063,LOF,0.04164805044298712,0.014351515210799073,0.9440004343462138
26064,LOF,0.015805164655113037,0.01875334792935175,0.9654414874155351
26065,LOF,0.05230309407328857,0.01712753988311872,0.9305693660435927
26066,LOF,0.04035098166282316,0.014056885984450842,0.9455921323527261
26067,LOF,0.046206726725429116,0.013882378403614918,0.9399108948709559
26068,LOF,0.05555040325476706,0.046311561937507045,0.8981380348077259
26069,LOF,0.2929843972884189,0.031434934920999746,0.6755806677905813
26070,Neutral,0.5476728781128473,0.02121579213070178,0.4311113297564509
26071,LOF,0.04881888320987677,0.016689691766161138,0.934491425023962
26072,LOF,0.008849845189374029,0.021449449351553074,0.9697007054590728
26073,LOF,0.039842403075562444,0.017280154716701464,0.9428774422077361
26074,Neutral,0.8629526456151249,0.011946446985156551,0.12510090739971863
26075,LOF,0.057687810877761043,0.025752646776397263,0.9165595423458418
26076,LOF,0.05656749270057062,0.013397697775512616,0.9300348095239168
26077,LOF,0.15355231893341892,0.008424326351045439,0.8380233547155356
26078,LOF,0.007689970672137478,0.01747028109747169,0.9748397482303909
26079,LOF,0.06600260083206295,0.024746951283911592,0.9092504478840254
26080,LOF,0.06554134626201669,0.02484142994481477,0.9096172237931685
26081,LOF,0.035666985417240844,0.011636855789981283,0.9526961587927779
26082,LOF,0.006057811896427373,0.019546822473247905,0.9743953656303247
26083,LOF,0.10432935453214023,0.02681222560539418,0.8688584198624655
26084,LOF,0.11426779950178775,0.02185060732653378,0.8638815931716785
26085,LOF,0.10047666261092901,0.017906683057168173,0.8816166543319028
26086,LOF,0.040178493128778456,0.015140235042362013,0.9446812718288596
26087,LOF,0.03899518686426706,0.012598884947131411,0.9484059281886015
26088,LOF,0.00749305223426716,0.025176143920768505,0.9673308038449643
26089,LOF,0.04470624551698722,0.03873113403943675,0.916562620443576
26090,LOF,0.045221515952126715,0.030963182893640005,0.9238153011542333
26091,LOF,0.029562357088475055,0.010161642585063177,0.9602760003264618
26092,LOF,0.04956139666341571,0.011500155188708578,0.9389384481478756
26093,LOF,0.09338203808239755,0.007601543600009216,0.8990164183175932
26094,LOF,0.03533639021343913,0.010074744658627437,0.9545888651279335
26095,LOF,0.02060341097492636,0.019161157320146553,0.9602354317049272
26096,LOF,0.20998190173932804,0.005465794820499325,0.7845523034401726
26097,LOF,0.007845291402504976,0.040157337036369166,0.951997371561126
26098,LOF,0.12151286320138675,0.021464995624952646,0.8570221411736605
26099,LOF,0.039977701488761536,0.02484530854726409,0.9351769899639744
26100,LOF,0.03994091610169422,0.024846260550455197,0.9352128233478505
26101,LOF,0.07019159301202695,0.04058936718976374,0.8892190397982094
26102,LOF,0.033872276805061566,0.02317152893375809,0.9429561942611803
26103,Neutral,0.8962005348429745,0.029491873732827065,0.07430759142419835
26104,LOF,0.06052273706837691,0.04609359582763535,0.8933836671039876
26105,LOF,0.2804641977557661,0.12049829911374897,0.599037503130485
26106,LOF,0.30893902341249196,0.06148618676049325,0.6295747898270148
26107,LOF,0.01981257580897231,0.07423177537982574,0.905955648811202
26108,LOF,0.27041240432780733,0.0409164257305494,0.6886711699416433
26109,LOF,0.07817259765296164,0.03043025492306033,0.8913971474239781
26110,LOF,0.42180720729717186,0.011289952588346815,0.5669028401144814
26111,LOF,0.06653943647288131,0.10970638132368227,0.8237541822034365
26112,LOF,0.0602265875063244,0.010327523512820642,0.9294458889808549
26113,LOF,0.1284095151028026,0.023788087056176938,0.8478023978410204
26114,LOF,0.09149421558829259,0.007227714356847635,0.9012780700548597
26115,LOF,0.015107939794344988,0.05288209968799666,0.9320099605176583
26116,LOF,0.08074639544518716,0.020673744731430507,0.8985798598233823
26117,LOF,0.34046773510237455,0.044497519575459735,0.6150347453221657
26118,LOF,0.04803204618840681,0.0232642682438821,0.9287036855677112
26119,LOF,0.005822367253635607,0.11337962305554805,0.8807980096908162
26120,LOF,0.03468966723519041,0.021729452822265703,0.9435808799425438
26121,LOF,0.0031701537280165973,0.1754205136480286,0.8214093326239548
