feature0,prediction,LoGoFunc_Neutral,LoGoFunc_GOF,LoGoFunc_LOF
25546,Neutral,0.6435626173145008,0.03711646540012731,0.31932091728537193
25547,Neutral,0.5493054261316207,0.0948416728718857,0.3558529009964936
25548,Neutral,0.511977098753368,0.060616513801245546,0.4274063874453864
25549,Neutral,0.4888933825077119,0.06445630071531809,0.4466503167769698
25550,LOF,0.3849537206391092,0.05620610331045417,0.5588401760504366
25551,LOF,0.30301416460511355,0.05810320712433834,0.6388826282705482
25552,LOF,0.2032667056053808,0.07123552632474911,0.7254977680698702
25553,Neutral,0.8108196764758407,0.020035844549367725,0.16914447897479148
25554,LOF,0.22670382186131446,0.07289633058338536,0.7003998475553003
25555,LOF,0.19047912002847223,0.06431224391830881,0.7452086360532191
25556,Neutral,0.538860944667947,0.05437369593865042,0.40676535939340264
25557,LOF,0.1976900170848315,0.07363065028749367,0.7286793326276747
25558,LOF,0.24086237705159827,0.07848369077967826,0.6806539321687234
25559,Neutral,0.5526671490686281,0.038458894302901996,0.4088739566284698
25560,LOF,0.034050265739600225,0.19045618923270646,0.7754935450276933
25561,LOF,0.1058584539076169,0.20583316053136372,0.6883083855610193
25562,LOF,0.11837689372836288,0.05591668688786966,0.8257064193837674
25563,LOF,0.13545042661932266,0.07927070891314923,0.785278864467528
25564,LOF,0.0646057661308016,0.09856468622467433,0.8368295476445241
25565,LOF,0.1126741667899707,0.29895995046908497,0.5883658827409444
25566,GOF,0.031098739296126214,0.5913196532195678,0.377581607484306
25567,LOF,0.016711627456638022,0.06267531637472032,0.9206130561686416
25568,LOF,0.09242750621651358,0.038862703696632764,0.8687097900868537
25569,LOF,0.15923679357406972,0.026064999546202897,0.8146982068797274
25570,LOF,0.08823265678393771,0.06924105681167751,0.8425262864043848
25571,LOF,0.10314983995062438,0.04910379253465444,0.8477463675147211
25572,LOF,0.054176755392159166,0.05590592400253977,0.889917320605301
25573,LOF,0.02815312182630852,0.057467752022718845,0.9143791261509726
25574,LOF,0.014441910534580337,0.15675734620391216,0.8288007432615075
25575,LOF,0.09700832263725022,0.03128989579376605,0.8717017815689838
25576,LOF,0.023320307718242877,0.02386436296797667,0.9528153293137805
25577,LOF,0.013609679190765975,0.030165958575543113,0.956224362233691
25578,LOF,0.3890282985531918,0.07608541135599414,0.534886290090814
25579,LOF,0.31309614107372624,0.07019910827957578,0.6167047506466979
25580,LOF,0.05877057304677953,0.01668949028466567,0.9245399366685548
25581,LOF,0.07403610636386006,0.0658055435161599,0.8601583501199801
25582,LOF,0.07243296992657505,0.047733011192577536,0.8798340188808474
25583,LOF,0.06428495116469715,0.017351222128718802,0.9183638267065841
25584,Neutral,0.521087985617286,0.028761577167731013,0.45015043721498293
25585,LOF,0.036392967844402824,0.026815364498405825,0.9367916676571915
25586,LOF,0.05809461855618396,0.034734418419756344,0.9071709630240598
25587,LOF,0.04520081179434083,0.02519345885812586,0.9296057293475333
25588,LOF,0.05102907983930262,0.03445139819384112,0.9145195219668563
25589,Neutral,0.7597825594210191,0.061451437803661524,0.1787660027753192
25590,LOF,0.028147511681762213,0.0687781813498913,0.9030743069683466
25591,LOF,0.11102499561142895,0.029059612269395182,0.8599153921191759
25592,LOF,0.2463012230736676,0.07222298675255776,0.6814757901737746
25593,LOF,0.019357718069161717,0.27188650755850136,0.708755774372337
25594,LOF,0.05164699238234603,0.13208231449462024,0.8162706931230337
25595,LOF,0.10502748711638828,0.19810169155514443,0.6968708213284672
25596,LOF,0.10207735191580733,0.09323993299819121,0.8046827150860014
25597,LOF,0.09235055234070322,0.06683575372521365,0.8408136939340831
25598,LOF,0.1284307426239923,0.14487446252216135,0.7266947948538465
25599,LOF,0.01626723462727016,0.2164594324934308,0.7672733328792991
25600,LOF,0.017957310917450866,0.2505080394090726,0.7315346496734765
25601,LOF,0.01031650250562872,0.14632517056726985,0.8433583269271016
25602,LOF,0.02404507075255074,0.07900196707657522,0.8969529621708741
25603,LOF,0.04279750301658732,0.09568897485014509,0.8615135221332676
25604,LOF,0.0361613276777188,0.18828520842456553,0.7755534638977157
25605,LOF,0.013638623806431433,0.34918062763382196,0.6371807485597465
25606,LOF,0.08514450785475672,0.4092854356979664,0.5055700564472768
25607,LOF,0.003392794028602415,0.16448260309370205,0.8321246028776955
25608,LOF,0.05965133250183265,0.04309878982873397,0.8972498776694334
25609,LOF,0.09985281453763531,0.15775424570601088,0.7423929397563539
25610,LOF,0.04413325759357098,0.10123818748233634,0.8546285549240927
25611,LOF,0.06206014089969313,0.07619487556668081,0.8617449835336259
25612,LOF,0.19136716177882734,0.058940307406648726,0.7496925308145239
25613,LOF,0.09041348212362489,0.08632963428461689,0.8232568835917582
25614,LOF,0.035160409516479724,0.1356835294238532,0.8291560610596671
25615,LOF,0.05950938177131526,0.11836352951268582,0.8221270887159989
25616,LOF,0.02471879307632811,0.1485959881660003,0.8266852187576715
25617,LOF,0.05125846869760326,0.11036293366204837,0.8383785976403483
25618,LOF,0.12556512029254568,0.38017068899335743,0.4942641907140969
25619,LOF,0.04455494604439759,0.11057707420167397,0.8448679797539284
25620,LOF,0.036660831451276236,0.1303070348075848,0.833032133741139
25621,LOF,0.029747226365847115,0.08496470126614579,0.8852880723680072
25622,LOF,0.022053795782567935,0.1193568729656907,0.8585893312517414
25623,LOF,0.045587583420413295,0.1369753863083827,0.8174370302712041
25624,LOF,0.03438532410383861,0.17170211874314695,0.7939125571530143
25625,LOF,0.031128383767255886,0.10340312437347719,0.865468491859267
25626,LOF,0.09253183644358402,0.06592428799485239,0.8415438755615635
25627,Neutral,0.4465203105392188,0.14570125519792498,0.4077784342628562
25628,LOF,0.17561718577399862,0.043385351037783175,0.780997463188218
25629,LOF,0.09003449522791347,0.058972596065207473,0.8509929087068789
25630,LOF,0.1535896164197288,0.05738104301997681,0.7890293405602945
25631,Neutral,0.5294398729217478,0.0976262509562345,0.37293387612201767
25632,LOF,0.015009264051350052,0.08406880579933079,0.9009219301493192
25633,LOF,0.3019775008898824,0.269225666159358,0.42879683295075965
25634,LOF,0.04847610435819072,0.1095771395895077,0.8419467560523015
25635,LOF,0.041219265536679824,0.0833478899234799,0.8754328445398403
25636,GOF,0.00479876844575459,0.5656486873591052,0.4295525441951401
25637,LOF,0.005003678647778059,0.2924138072366178,0.7025825141156041
25638,LOF,0.006608590054833247,0.35003264787963057,0.6433587620655362
25639,LOF,0.005713151406014251,0.25971829282908243,0.7345685557649033
25640,Neutral,0.5369494126963417,0.3561590872584945,0.106891500045164
25641,LOF,0.008913546909347083,0.1388586177050782,0.8522278353855747
25642,LOF,0.22953609923690815,0.036363340579659405,0.7341005601834325
25643,LOF,0.2600025475992842,0.018390592390241652,0.7216068600104741
25644,LOF,0.01095195974001233,0.2843734518175666,0.704674588442421
25645,LOF,0.008506609046487463,0.3917282152525467,0.5997651757009659
25646,LOF,0.010766500034616579,0.27159499716486535,0.717638502800518
25647,LOF,0.010316279980882652,0.23957313757456994,0.7501105824445474
25648,LOF,0.0076158538735681385,0.2867501713979543,0.7056339747284777
25649,LOF,0.008433272364021829,0.16362951696247408,0.8279372106735041
25650,LOF,0.024501268129687163,0.3578383042827272,0.6176604275875855
25651,LOF,0.0070112520423243375,0.21327859960000095,0.7797101483576747
25652,LOF,0.01403422670367326,0.29512741287548855,0.6908383604208382
25653,LOF,0.05988858952746029,0.46677612460125695,0.4733352858712826
25654,LOF,0.0080349351452097,0.38112587523462665,0.6108391896201637
25655,GOF,0.07822743271863,0.4751481420556498,0.4466244252257202
25656,LOF,0.07249568297699069,0.3811940786539696,0.5463102383690398
25657,LOF,0.26557305745651183,0.04378075515273892,0.6906461873907493
25658,LOF,0.021690965368825144,0.2887417923282067,0.6895672423029681
25659,LOF,0.18872177395022238,0.2085016503249101,0.6027765757248675
25660,LOF,0.10850220694260007,0.11331028831955152,0.7781875047378484
25661,LOF,0.07547077071647453,0.08503554377551714,0.8394936855080083
25662,LOF,0.05103966993812511,0.07369726689717242,0.8752630631647024
25663,LOF,0.051532698636902775,0.09344767000144241,0.8550196313616548
25664,LOF,0.027889093153664075,0.13887826891546345,0.8332326379308724
25665,LOF,0.047774397436104794,0.08764651948661044,0.8645790830772847
25666,LOF,0.0366349491228444,0.19172162476601246,0.7716434261111431
25667,LOF,0.04641146457917979,0.031144120672496244,0.922444414748324
25668,LOF,0.04693999500236023,0.05113252784206203,0.9019274771555779
25669,LOF,0.03603332589401694,0.10472214029391445,0.8592445338120686
25670,LOF,0.06964422963075523,0.08295434615764931,0.8474014242115954
25671,LOF,0.06448322237310684,0.06832069309582953,0.8671960845310636
25672,LOF,0.06555316850291565,0.05080746730242612,0.8836393641946582
25673,LOF,0.03781620267024117,0.06953068900598489,0.892653108323774
25674,LOF,0.02514325001513256,0.10270621098412881,0.8721505390007386
25675,LOF,0.035457590988934896,0.04479448064582644,0.9197479283652387
25676,LOF,0.044583461139993286,0.10013604691103353,0.8552804919489732
25677,LOF,0.0775473768717195,0.06568714417661761,0.8567654789516628
25678,LOF,0.17801351415331443,0.0848309264505072,0.7371555593961784
25679,LOF,0.1414834732105418,0.11087970329374051,0.7476368234957177
25680,LOF,0.10887978179453217,0.14402921266666846,0.7470910055387995
25681,LOF,0.125849139235437,0.13460304211348742,0.7395478186510757
25682,LOF,0.058219305742599356,0.08271173173317754,0.859068962524223
25683,LOF,0.08616369093646618,0.09870706319051367,0.8151292458730202
25684,LOF,0.08492519547049916,0.12311065844933242,0.7919641460801685
25685,LOF,0.09626302569017399,0.0438807991857053,0.8598561751241208
25686,LOF,0.023433419310798877,0.22021505158282667,0.7563515291063745
25687,LOF,0.036475781902637,0.22259121096666523,0.7409330071306978
25688,LOF,0.014020036253956657,0.4069992817744488,0.5789806819715945
25689,LOF,0.009008490900585864,0.24888511714037095,0.7421063919590432
25690,GOF,0.011300662832810088,0.5028402808309135,0.48585905633627635
25691,GOF,0.06578710655604852,0.6785229822205939,0.2556899112233575
25692,LOF,0.2829484300282217,0.04271736612099633,0.6743342038507819
25693,LOF,0.04074364865163869,0.3904578163095133,0.5687985350388479
25694,LOF,0.23208012292013258,0.03365705732623265,0.7342628197536347
25695,LOF,0.17269816861405551,0.05373567303532995,0.7735661583506146
25696,LOF,0.06876370786940036,0.06304137746751988,0.8681949146630797
25697,LOF,0.06306480396780098,0.04031642775710843,0.8966187682750907
25698,GOF,0.016495821882703342,0.5142582288397053,0.4692459492775913
25699,LOF,0.07283380006970701,0.2364516245327399,0.6907145753975531
25700,LOF,0.06953615401504823,0.024149228305467917,0.906314617679484
25701,LOF,0.010839868094807812,0.27420864380195714,0.714951488103235
25702,LOF,0.02764309508788358,0.47853782972318437,0.4938190751889322
25703,LOF,0.016666159500017447,0.09950482056835924,0.8838290199316234
25704,LOF,0.06236956513328842,0.11055644763170974,0.8270739872350019
25705,LOF,0.11059417465181871,0.22337436591088577,0.6660314594372955
25706,GOF,0.01809464366840862,0.7634376040529209,0.2184677522786706
25707,GOF,0.01773115567909593,0.7214041685614156,0.26086467575948835
25708,GOF,0.006343221294702232,0.7202892294331873,0.27336754927211054
25709,LOF,0.04817028022555611,0.12518524353535707,0.8266444762390869
25710,LOF,0.006977047096103413,0.2611587877965005,0.7318641651073962
25711,LOF,0.0477556360354021,0.1349154357738555,0.8173289281907424
25712,LOF,0.01187389859779575,0.22181733284104926,0.7663087685611549
25713,LOF,0.04268567580396581,0.13208078266290577,0.8252335415331283
25714,LOF,0.035114711119507265,0.3207358272486315,0.6441494616318613
25715,LOF,0.03823215828068212,0.1977250500605436,0.7640427916587743
25716,LOF,0.006962424665393044,0.1066027400342574,0.8864348353003496
25717,LOF,0.006580758711124439,0.0711122268997481,0.9223070143891274
25718,LOF,0.04888436469308382,0.07063856724203947,0.8804770680648767
25719,LOF,0.04074238643532347,0.15382938071786523,0.8054282328468114
25720,LOF,0.04014943593045343,0.193082439394343,0.7667681246752036
25721,LOF,0.04688131033447773,0.09952563377339395,0.8535930558921282
25722,LOF,0.040073805829162236,0.13779791130222682,0.822128282868611
25723,LOF,0.05686978828794814,0.1875958475009809,0.7555343642110709
25724,GOF,0.06191151813025721,0.4762419216303949,0.4618465602393479
25725,LOF,0.06998006915427987,0.15371495500891644,0.7763049758368037
25726,LOF,0.043022775458462184,0.1501129216346269,0.8068643029069109
25727,LOF,0.06297341488615464,0.11065034189109142,0.826376243222754
25728,LOF,0.037337266557927774,0.2253410645689125,0.7373216688731598
25729,LOF,0.04438089779813701,0.21702565455073505,0.7385934476511279
25730,LOF,0.05608718658270839,0.15569065744405558,0.788222155973236
25731,LOF,0.00958877544582503,0.13714959407160188,0.853261630482573
25732,LOF,0.03423506118767447,0.10316925920466832,0.8625956796076573
25733,LOF,0.041590278254012784,0.2717848511557796,0.6866248705902076
25734,LOF,0.006482126642477614,0.2286686721994169,0.7648492011581055
25735,LOF,0.04068420474125288,0.13084078081187372,0.8284750144468734
25736,LOF,0.03866911004558524,0.2011281147590851,0.7602027751953296
25737,LOF,0.06501294424466955,0.12946312155042086,0.8055239342049095
25738,LOF,0.06170887557068442,0.225329989874419,0.7129611345548966
25739,LOF,0.03997151680499059,0.18004879343531194,0.7799796897596974
25740,LOF,0.06434234438271184,0.17637668168418866,0.7592809739330995
25741,LOF,0.05904738413720062,0.17628935889745456,0.7646632569653449
25742,LOF,0.06761521453546762,0.19826252267936229,0.73412226278517
25743,LOF,0.01048763309525914,0.024116473606432116,0.9653958932983087
25744,LOF,0.11125661669949559,0.25372907253413846,0.6350143107663658
25745,LOF,0.020855504414056057,0.27415558392559325,0.7049889116603507
25746,LOF,0.011476441976628376,0.26616164275809057,0.7223619152652809
25747,LOF,0.04191242414472816,0.05710858130713263,0.9009789945481391
25748,LOF,0.2102458058223035,0.2407668551687245,0.548987339008972
25749,LOF,0.011906084811090989,0.3124086210074483,0.6756852941814607
25750,LOF,0.011249608315814329,0.3678507430924298,0.6208996485917558
25751,LOF,0.028996209774427413,0.20146877705272148,0.7695350131728511
25752,GOF,0.10712245291876445,0.6321284494376568,0.26074909764357873
25753,LOF,0.007302577531181395,0.2734719304117416,0.719225492057077
25754,GOF,0.011220178584785212,0.8930536708049056,0.09572615061030931
25755,LOF,0.008308821681183031,0.26893344110436823,0.7227577372144488
25756,LOF,0.0298568343799241,0.441646138162105,0.5284970274579708
25757,GOF,0.009715179984324017,0.8222610179852441,0.16802380203043182
25758,GOF,0.012332564831292657,0.8625193150239903,0.1251481201447171
25759,GOF,0.007076699947292768,0.7458605509344675,0.2470627491182397
25760,LOF,0.006467934896672109,0.18828009677891638,0.8052519683244116
25761,GOF,0.06289975120465796,0.853018850721899,0.08408139807344309
25762,LOF,0.03042338862696704,0.4214204590891157,0.5481561522839172
25763,LOF,0.007007876099027409,0.15800887527964025,0.8349832486213323
25764,GOF,0.10581807844700768,0.6528525737731423,0.2413293477798501
25765,GOF,0.011907308257336845,0.8904486785735725,0.09764401316909073
25766,GOF,0.03758490596730615,0.8193259282486399,0.1430891657840539
25767,GOF,0.007565476595606132,0.653178814957875,0.339255708446519
25768,LOF,0.04980461765873969,0.06966617095284955,0.8805292113884108
25769,LOF,0.031141678492157564,0.23228050632710331,0.7365778151807391
25770,Neutral,0.4976038926940563,0.17482722367032094,0.3275688836356227
25771,LOF,0.020246058795729546,0.14064489684195047,0.8391090443623199
25772,LOF,0.05075185581059985,0.17768415933827544,0.7715639848511247
25773,LOF,0.015740284096014075,0.3137948168235623,0.6704648990804236
25774,LOF,0.031186046606037868,0.34327419586932606,0.6255397575246361
25775,LOF,0.020648220666948304,0.11406829398342351,0.8652834853496283
25776,LOF,0.03084562985143578,0.18162949276530369,0.7875248773832605
25777,LOF,0.08405410344455679,0.24788273567097488,0.6680631608844684
25778,LOF,0.03886721144420263,0.22020362700734247,0.7409291615484548
25779,GOF,0.11671106861051853,0.5268180959260925,0.356470835463389
25780,GOF,0.11180722311601515,0.5232527487484354,0.3649400281355495
25781,GOF,0.057455825870013945,0.5043735204092826,0.4381706537207034
25782,GOF,0.05099981880869353,0.589578193435754,0.3594219877555524
25783,GOF,0.09157671335955227,0.5756698735824431,0.33275341305800443
25784,GOF,0.21281997763822444,0.5370784213541853,0.2501016010075902
25785,GOF,0.3313857811734475,0.4450711065668072,0.22354311225974532
25786,LOF,0.01850735774124592,0.27688490648766745,0.7046077357710867
25787,Neutral,0.5242150519049983,0.2764495772392469,0.19933537085575476
25788,LOF,0.04011830970508288,0.056976577587427704,0.9029051127074895
25789,GOF,0.03517371126167071,0.5799235386704178,0.3849027500679116
25790,LOF,0.0682393568006537,0.46111444866244694,0.4706461945368995
25791,LOF,0.0469860673659442,0.35323399561274293,0.5997799370213129
25792,LOF,0.05340806382929178,0.3989282767705234,0.5476636594001849
25793,LOF,0.1078793606154134,0.4271713007146954,0.4649493386698911
25794,LOF,0.10108160815392479,0.22988556853523687,0.6690328233108385
25795,LOF,0.1104209346963726,0.275968144176702,0.6136109211269255
25796,LOF,0.27466606083599726,0.21344182343463744,0.5118921157293653
25797,LOF,0.0944268536592846,0.2984790935141139,0.6070940528266016
25798,GOF,0.011911801924068148,0.6134503474743467,0.3746378506015853
25799,LOF,0.008466666504570244,0.4531721929818533,0.5383611405135764
25800,GOF,0.049861873073113606,0.7165044645992712,0.23363366232761498
25801,GOF,0.04462193789248619,0.5103967798620755,0.4449812822454383
25802,GOF,0.06307778225026618,0.49104544073641204,0.4458767770133219
25803,LOF,0.043113590532300954,0.3363959211632904,0.6204904883044087
25804,LOF,0.0812956198559515,0.27599211268896423,0.6427122674550843
25805,LOF,0.06070959810826236,0.464903058289621,0.4743873436021168
25806,LOF,0.08411102424821125,0.45157341740699475,0.464315558344794
25807,LOF,0.025733173246272705,0.3960876820803743,0.578179144673353
25808,GOF,0.06205331044813941,0.4915627739470571,0.44638391560480345
25809,LOF,0.02442291978197254,0.3770783076391208,0.5984987725789066
25810,LOF,0.021373317260742652,0.39817540205445795,0.5804512806847993
25811,GOF,0.1543063883147174,0.6201190606046258,0.22557455108065674
25812,LOF,0.08500990233981717,0.3410289920030794,0.5739611056571035
25813,Neutral,0.394180989106543,0.31081705174063073,0.2950019591528263
25814,LOF,0.0741769154915657,0.42072558527445486,0.5050974992339795
25815,GOF,0.13804727102330824,0.5143045744834125,0.34764815449327924
25816,GOF,0.016500763631164112,0.5561177982964465,0.4273814380723894
25817,LOF,0.22242151752735542,0.36272323387550887,0.41485524859713574
25818,GOF,0.050290128189274544,0.5076491117429174,0.4420607600678081
25819,LOF,0.10089502080194833,0.28789089451771854,0.6112140846803331
25820,LOF,0.10568722798431882,0.29631527971475624,0.5979974923009249
25821,LOF,0.07462670879450847,0.34153373227118294,0.5838395589343086
25822,LOF,0.15707600825694737,0.24666039696987058,0.596263594773182
25823,LOF,0.07276690540179034,0.23114800619881307,0.6960850883993966
25824,GOF,0.06358008640593572,0.49326755100591174,0.44315236258815244
25825,GOF,0.04162702451402853,0.5121603353150421,0.44621264017092926
25826,LOF,0.016257865359011293,0.3733805243545999,0.6103616102863888
25827,GOF,0.03713251017991251,0.4994531011293354,0.46341438869075213
25828,LOF,0.023145590030742267,0.45384349879674807,0.5230109111725096
25829,LOF,0.008295073919494017,0.2210783997596603,0.7706265263208457
25830,LOF,0.1509242749913301,0.04252512341176848,0.8065506015969013
25831,GOF,0.13399205402058104,0.6380270348202788,0.22798091115914024
25832,LOF,0.01736922386224181,0.3341437131312018,0.6484870630065565
25833,LOF,0.06729125180356642,0.4514128591858698,0.4812958890105639
25834,LOF,0.01696780460040489,0.3375633827311101,0.6454688126684851
25835,GOF,0.06473867326355268,0.6056521456377101,0.32960918109873727
25836,LOF,0.013633053712923891,0.4502830291059891,0.536083917181087
25837,LOF,0.021825015161599612,0.30120019663948316,0.6769747881989172
25838,GOF,0.0538409679079728,0.48057421088172,0.4655848212103073
25839,LOF,0.16208673450698868,0.36937408223469376,0.46853918325831756
25840,GOF,0.18863917819382398,0.5235605325395629,0.2878002892666131
25841,GOF,0.1470747294863939,0.6056289237876099,0.24729634672599632
25842,GOF,0.05442407162588371,0.6096938162003952,0.3358821121737211
25843,GOF,0.052999602703170674,0.5861180321554242,0.3608823651414052
25844,LOF,0.04566574464160624,0.46972942076102414,0.4846048345973697
25845,LOF,0.012604807647796082,0.262253434549611,0.7251417578025929
25846,GOF,0.1464606837497411,0.604594559436921,0.24894475681333794
25847,GOF,0.04196719152109452,0.5547705660116122,0.4032622424672933
25848,GOF,0.047632350274728646,0.5589804315807265,0.39338721814454475
25849,LOF,0.012244756152998143,0.48695901424883786,0.5007962295981639
25850,LOF,0.014932079511767546,0.3929759352007913,0.5920919852874411
25851,LOF,0.015064557533837791,0.3140611945062787,0.6708742479598836
25852,LOF,0.2420634409530183,0.300169821567039,0.45776673747994284
25853,LOF,0.10258902227875016,0.38225180701513384,0.5151591707061159
25854,LOF,0.013034652693180921,0.34484388716947423,0.6421214601373448
25855,LOF,0.046832292779344906,0.4124806544611672,0.5406870527594879
25856,GOF,0.10053302795996215,0.5708765394607083,0.32859043257932957
25857,LOF,0.048362836654274426,0.36930531000293076,0.5823318533427948
25858,LOF,0.014801155442559104,0.2655108033306426,0.7196880412267983
25859,LOF,0.01022446045097657,0.2623654256464658,0.7274101139025575
25860,LOF,0.14457023045934625,0.32185316942047465,0.5335766001201792
25861,GOF,0.17816715927713908,0.5379435852482141,0.28388925547464683
25862,GOF,0.03318866329594016,0.7010272108985461,0.26578412580551375
25863,GOF,0.03242932185340575,0.6118391436381406,0.35573153450845363
25864,GOF,0.04543279573893535,0.7601127444533476,0.19445445980771708
25865,GOF,0.05216592105549912,0.7597620138916622,0.18807206505283874
25866,GOF,0.036284456574196954,0.6601807026092258,0.30353484081657733
25867,GOF,0.06833674739600677,0.6904825658815933,0.24118068672239992
25868,GOF,0.14532331259414807,0.4488890267933628,0.40578766061248905
25869,Neutral,0.5191789931896597,0.2671224770730329,0.21369852973730744
25870,LOF,0.19340095106966623,0.07962122456719618,0.7269778243631375
25871,LOF,0.016260729308524537,0.263866396147817,0.7198728745436586
25872,LOF,0.049912247219041424,0.3000483933556619,0.6500393594252966
25873,LOF,0.03876917138466949,0.42934424586684455,0.531886582748486
25874,LOF,0.054724107754735234,0.02301509815353694,0.9222607940917279
25875,LOF,0.017744316069932327,0.3713610624354897,0.610894621494578
25876,LOF,0.017746450872338445,0.1427073475544708,0.8395462015731907
25877,GOF,0.07917078059701116,0.5083684936069776,0.4124607257960113
25878,GOF,0.048542540812623235,0.721300593202647,0.2301568659847297
25879,LOF,0.010676817499830151,0.32907566266911337,0.6602475198310565
25880,LOF,0.050906926905878766,0.06104656347818317,0.888046509615938
25881,Neutral,0.42775493171221357,0.3647506476532484,0.20749442063453813
25882,LOF,0.038163689290126424,0.27591326455057796,0.6859230461592957
25883,LOF,0.03092519676331734,0.10005570651906322,0.8690190967176195
25884,LOF,0.013212509303501851,0.14809581545660758,0.8386916752398905
25885,LOF,0.16272514551249478,0.03649879652508662,0.8007760579624186
25886,LOF,0.12631847687874573,0.15240654310679547,0.7212749800144588
25887,GOF,0.0471417634299902,0.5857462423696008,0.3671119942004089
25888,LOF,0.006305677114068594,0.3988179305674554,0.5948763923184761
25889,LOF,0.02448996152598484,0.08768555947210514,0.88782447900191
25890,LOF,0.17170242257251248,0.2814042868131895,0.546893290614298
25891,LOF,0.11738528558686175,0.0737773364905123,0.8088373779226259
25892,LOF,0.006056386538953152,0.1571804026298266,0.8367632108312202
25893,LOF,0.2648568663716733,0.06870262755682009,0.6664405060715066
25894,LOF,0.29981768282532983,0.03442564174917267,0.6657566754254975
25895,LOF,0.24779346926300996,0.055132187718417124,0.697074343018573
25896,LOF,0.060350336081369214,0.09196391640357042,0.8476857475150604
25897,LOF,0.09788848125002321,0.06542039946675518,0.8366911192832217
25898,LOF,0.06345991248360075,0.44345075577426196,0.49308933174213726
25899,LOF,0.24528977790316875,0.18328330362905268,0.5714269184677786
25900,Neutral,0.9270626552741321,0.01683547588328691,0.05610186884258087
25901,LOF,0.0599213231852766,0.03597984730952661,0.9040988295051968
25902,LOF,0.08610500303243708,0.01964303333860313,0.8942519636289598
25903,LOF,0.1281468945786576,0.13336900549663286,0.7384840999247095
25904,LOF,0.36584225803980275,0.22082681229020745,0.41333092966998985
25905,LOF,0.01078034886318947,0.36352026143614274,0.6256993897006677
25906,LOF,0.010450438832119074,0.058990850283331765,0.9305587108845492
25907,LOF,0.008542804851139356,0.27534565773954783,0.7161115374093129
25908,LOF,0.0102344022332799,0.28579950371008195,0.7039660940566381
25909,LOF,0.036718730079923545,0.2054716180049434,0.7578096519151332
25910,LOF,0.01738143059873166,0.1427928451518911,0.8398257242493772
25911,LOF,0.11570858659911039,0.09962072302353178,0.7846706903773578
25912,LOF,0.13287131915159764,0.027462703411713998,0.8396659774366884
25913,LOF,0.015348072593623193,0.08088366937896271,0.9037682580274141
25914,LOF,0.03675306582668997,0.18589518582402423,0.7773517483492859
25915,GOF,0.07511352282217487,0.8322414356114589,0.09264504156636609
25916,GOF,0.01571098214056222,0.6810322663293152,0.30325675153012244
25917,LOF,0.10320510180388068,0.09671365831649287,0.8000812398796265
25918,LOF,0.040962311934201856,0.1289274400155524,0.8301102480502458
25919,LOF,0.04280900283903153,0.09186134010851192,0.8653296570524567
25920,GOF,0.22333653438539733,0.5088169515619552,0.2678465140526474
25921,LOF,0.02122374376984096,0.03491808307693581,0.9438581731532232
25922,LOF,0.01690740123192664,0.03322165174410895,0.9498709470239644
25923,LOF,0.37172861329052187,0.0535442418356444,0.5747271448738338
25924,LOF,0.023686010477678838,0.04587541893067253,0.9304385705916486
25925,LOF,0.20753946659155018,0.02870907795152139,0.7637514554569284
25926,LOF,0.12094981941393303,0.07335487467518104,0.8056953059108859
25927,LOF,0.018608437098757865,0.08808511400789594,0.8933064488933461
25928,LOF,0.014021997978780822,0.024618459087418908,0.9613595429338002
25929,Neutral,0.5631942450882664,0.05383936363645095,0.38296639127528265
25930,LOF,0.03824734532539694,0.06026668147250034,0.9014859732021027
25931,LOF,0.015123762076503868,0.03299161826849646,0.9518846196549996
25932,LOF,0.07175409255639627,0.032644978008156446,0.8956009294354472
25933,LOF,0.06491488060663211,0.018507599603538417,0.9165775197898295
25934,LOF,0.06551218195225385,0.023591217867882694,0.9108966001798635
25935,LOF,0.2118274112983027,0.03515704407484307,0.7530155446268543
25936,LOF,0.060563671515481574,0.023465806212443836,0.9159705222720745
25937,LOF,0.016396527879171726,0.050709886888315674,0.9328935852325126
25938,LOF,0.21278997195269403,0.030035985698332504,0.7571740423489735
25939,LOF,0.04713679934100186,0.02512410584655613,0.927739094812442
25940,GOF,0.005785934122597412,0.5868749851940988,0.4073390806833038
25941,LOF,0.42280670738715764,0.07080266053109045,0.506390632081752
25942,LOF,0.011019067854498249,0.14017963053473992,0.8488013016107618
25943,GOF,0.02289274226206054,0.5939362346701069,0.38317102306783263
25944,LOF,0.019373465072143922,0.3934381389046725,0.5871883960231836
25945,LOF,0.08056346363624853,0.11956986820461152,0.79986666815914
25946,LOF,0.09536067110238525,0.08561145837551075,0.819027870522104
25947,LOF,0.45974498763876015,0.028881639138462537,0.5113733732227773
25948,Neutral,0.5354301531549962,0.015533443432523112,0.4490364034124805
25949,LOF,0.10940625389467347,0.036231842400537714,0.8543619037047887
25950,GOF,0.04641640409475708,0.761123584045285,0.19246001185995787
25951,LOF,0.012775006880229398,0.354718855305792,0.6325061378139787
25952,LOF,0.0848245572719719,0.30462196513827894,0.6105534775897492
25953,GOF,0.005912756307243145,0.4985343044510933,0.49555293924166344
25954,GOF,0.024254481594758313,0.5590427706310348,0.4167027477742069
25955,LOF,0.0057339779145100574,0.4946248552444352,0.49964116684105464
25956,GOF,0.009440670766914067,0.6800545265142478,0.3105048027188381
25957,LOF,0.2526888479485511,0.08420948461023565,0.6631016674412131
25958,LOF,0.023888508899547706,0.2028272892911734,0.7732842018092788
25959,GOF,0.006118066570171532,0.5852162943588137,0.4086656390710147
25960,LOF,0.0053208528313553015,0.12446724856314946,0.8702118986054952
25961,LOF,0.022036173063953005,0.17763987474825133,0.8003239521877956
25962,LOF,0.05326100167316811,0.07367276295478639,0.8730662353720454
25963,LOF,0.010243808704995451,0.14722705377115006,0.8425291375238546
25964,LOF,0.05404680656944327,0.12215699221997708,0.8237962012105796
25965,LOF,0.1863605545714765,0.1942091077914648,0.6194303376370587
25966,LOF,0.27034545257003106,0.2430162139068063,0.4866383335231627
25967,LOF,0.006941078364466743,0.0471155355534848,0.9459433860820485
25968,LOF,0.09351907293149368,0.33284890844967596,0.5736320186188303
25969,LOF,0.16845703730376205,0.02907690697969123,0.8024660557165467
25970,LOF,0.02576916315616667,0.1715511970617478,0.8026796397820856
25971,LOF,0.08179048391216953,0.14337388984453991,0.7748356262432905
25972,LOF,0.06685678684019802,0.11863465297154441,0.8145085601882577
25973,LOF,0.10542417812748696,0.011559410888013663,0.8830164109844993
25974,LOF,0.08306306886030215,0.2665178943284549,0.6504190368112429
25975,LOF,0.04801768222620748,0.025316206525177635,0.9266661112486149
25976,LOF,0.0778192408284667,0.017212498419815623,0.9049682607517175
25977,LOF,0.172414074567,0.08071140583293347,0.7468745196000666
25978,LOF,0.13194502968691046,0.13131103287783524,0.7367439374352542
25979,LOF,0.11000384930487464,0.14970578822119932,0.740290362473926
25980,LOF,0.12285845457479011,0.3979897181299852,0.4791518272952247
25981,LOF,0.12549996561174176,0.4187949505399542,0.4557050838483041
25982,LOF,0.2358394970622745,0.19221312966962092,0.5719473732681046
25983,Neutral,0.4330651128694524,0.2103813346352187,0.35655355249532894
25984,LOF,0.03813549315798244,0.10426195471159617,0.8576025521304212
25985,Neutral,0.49541458819871187,0.20420808653709996,0.3003773252641881
25986,GOF,0.00949197751190032,0.6380855701559297,0.35242245233217
25987,LOF,0.015195335318838002,0.13127397055826626,0.8535306941228957
25988,LOF,0.03360055043815442,0.1361109880405273,0.8302884615213183
25989,LOF,0.04666707087736035,0.13934311037922628,0.8139898187434135
25990,LOF,0.04939894572459756,0.23533046866690718,0.7152705856084952
25991,GOF,0.0449940994996659,0.6202657223411313,0.3347401781592029
25992,LOF,0.01666705272427165,0.41033907997296315,0.5729938673027651
25993,LOF,0.047909775995515255,0.031161874093330617,0.9209283499111541
25994,LOF,0.04804383251798679,0.0722187207082844,0.8797374467737289
25995,LOF,0.0359867129622097,0.06187279589069827,0.9021404911470922
25996,Neutral,0.36149665532479397,0.33868098910244004,0.29982235557276593
25997,GOF,0.07785482927756501,0.5371909518784832,0.3849542188439517
25998,LOF,0.18289328413871422,0.13441007972941427,0.6826966361318715
25999,GOF,0.015616297598491011,0.608787621841643,0.3755960805598659
26000,LOF,0.1368953119955167,0.011519006335162577,0.8515856816693207
26001,LOF,0.1337506648933411,0.027755065473573308,0.8384942696330856
26002,LOF,0.0997114210211021,0.01095960766212759,0.8893289713167704
26003,GOF,0.010945321147184018,0.584469952652568,0.4045847262002481
26004,LOF,0.025895936556018823,0.428703629574323,0.5454004338696582
26005,GOF,0.0074507374756289345,0.5185207175232983,0.4740285450010728
26006,GOF,0.20360434048116202,0.5433087764402533,0.2530868830785846
26007,GOF,0.016271782609899924,0.5880001257571434,0.39572809163295675
26008,LOF,0.01128704489644512,0.42292015167749275,0.5657928034260622
26009,GOF,0.02406092985745364,0.6351031801807367,0.3408358899618096
26010,GOF,0.010844642663590906,0.5881700931993732,0.4009852641370359
26011,LOF,0.007999081840906546,0.39441874326519055,0.5975821748939029
26012,GOF,0.009442591510838934,0.5133965109124227,0.47716089757673846
26013,LOF,0.018528719697430935,0.4418532781843853,0.5396180021181838
26014,LOF,0.08302660838590817,0.014396631742081663,0.9025767598720101
26015,LOF,0.36005821766297197,0.1879688481927666,0.4519729341442615
26016,LOF,0.22695726683009973,0.3034060111008383,0.469636722069062
26017,GOF,0.014154506217231697,0.617011695675773,0.3688337981069954
26018,LOF,0.020737068942859378,0.3697811883215804,0.6094817427355602
26019,LOF,0.020456651837861353,0.28355623062567437,0.6959871175364644
26020,LOF,0.007568147305618258,0.37374607579832275,0.6186857768960591
26021,LOF,0.08387259093351303,0.31340290333924337,0.6027245057272436
26022,LOF,0.0610417801194178,0.1369252345276102,0.8020329853529721
26023,LOF,0.038194893660273906,0.31272347008956025,0.6490816362501658
26024,LOF,0.052357465702541066,0.22964376810211462,0.7179987661953443
26025,LOF,0.13039600617107577,0.3132710699218947,0.5563329239070295
26026,LOF,0.12165176605339698,0.26965274793505944,0.6086954860115437
26027,LOF,0.033167565409810466,0.171248040035689,0.7955843945545005
26028,LOF,0.05552701044047672,0.2593711678608003,0.6851018216987231
26029,LOF,0.02352119357149874,0.29968713275396325,0.676791673674538
26030,LOF,0.1926959365600047,0.03079818012100492,0.7765058833189904
26031,LOF,0.01348257505300121,0.30764643754416493,0.6788709874028339
26032,LOF,0.03078541021876906,0.06897534400179602,0.9002392457794349
26033,LOF,0.04867186743583849,0.1762510750169198,0.7750770575472418
26034,LOF,0.013450529526362928,0.2016538315615193,0.7848956389121178
26035,LOF,0.011173712298368246,0.25780223565451765,0.7310240520471141
26036,LOF,0.010989268991076396,0.16321783715042915,0.8257928938584944
26037,LOF,0.010232835867836878,0.1672878087536518,0.8224793553785112
26038,LOF,0.024003637182605942,0.07439007694936399,0.9016062858680302
26039,LOF,0.02355488412173119,0.23273759672991184,0.743707519148357
26040,LOF,0.053818611897594085,0.18977127540402164,0.7564101126983843
26041,LOF,0.012562838535138064,0.20112622491254784,0.786310936552314
26042,LOF,0.011152301307621177,0.20558557360489077,0.7832621250874882
26043,LOF,0.024692111943058766,0.16458667754944842,0.8107212105074928
26044,LOF,0.007596405948191874,0.14907744031848677,0.8433261537333214
26045,GOF,0.06204084099579376,0.47311290428857933,0.4648462547156268
26046,LOF,0.02484802494543109,0.17119228462795352,0.8039596904266153
26047,LOF,0.0667457844142599,0.10168590800946299,0.8315683075762772
26048,LOF,0.07614285333265652,0.11638975510339095,0.8074673915639524
26049,Neutral,0.8936326720220785,0.021216004890877993,0.08515132308704347
26050,Neutral,0.8053297793829471,0.023382116460936346,0.17128810415611653
26051,GOF,0.01579555384167612,0.6619293961130476,0.32227505004527635
26052,GOF,0.016108037524214195,0.6219003216750651,0.3619916408007208
26053,LOF,0.025708703732293565,0.02238130172524801,0.9519099945424584
26054,LOF,0.0962950077073511,0.11047802810287158,0.7932269641897773
26055,LOF,0.09463921702108581,0.11789289293636368,0.7874678900425505
26056,LOF,0.08772718547365574,0.13281644315814534,0.779456371368199
26057,LOF,0.054657473105841604,0.04051572187552431,0.9048268050186342
26058,LOF,0.06191667982018151,0.032127226278198785,0.9059560939016197
26059,Neutral,0.6536260034426229,0.10572501280900506,0.24064898374837201
26060,LOF,0.013586556380653227,0.32835249927297633,0.6580609443463704
26061,LOF,0.009565060324889523,0.03015904668688072,0.9602758929882298
26062,LOF,0.005623686535225919,0.05592167433705743,0.9384546391277166
26063,LOF,0.04973492113933888,0.0382354411556523,0.9120296377050088
26064,LOF,0.009661450057531261,0.040160083352610405,0.9501784665898583
26065,LOF,0.03784190281910558,0.053767245324417144,0.9083908518564772
26066,LOF,0.04891643599774487,0.04130015182674533,0.9097834121755098
26067,LOF,0.060919435753436564,0.052415136082619336,0.8866654281639441
26068,LOF,0.09697600846437783,0.07685212832806908,0.8261718632075532
26069,LOF,0.08364316605245432,0.06704281185628004,0.8493140220912656
26070,LOF,0.2507542856244354,0.04248988087593203,0.7067558334996327
26071,LOF,0.05296822207730957,0.04628878591966809,0.9007429920030223
26072,LOF,0.0074119947365353335,0.03159811014939042,0.9609898951140743
26073,LOF,0.04337433142016924,0.03318631881297502,0.9234393497668557
26074,Neutral,0.8439913997136874,0.02364697602012338,0.1323616242661892
26075,LOF,0.05161966800614604,0.07623814113126866,0.8721421908625854
26076,LOF,0.05220715883081555,0.060812189766194256,0.8869806514029902
26077,LOF,0.16480459522146304,0.07503399658435454,0.7601614081941824
26078,LOF,0.006359907625568922,0.06174579996056065,0.9318942924138703
26079,LOF,0.11521403292253046,0.04997508761885251,0.8348108794586171
26080,LOF,0.11521403292253046,0.04997508761885251,0.8348108794586171
26081,LOF,0.05379498336881238,0.033268430700426274,0.9129365859307614
26082,LOF,0.00644790623354378,0.09687577755503088,0.8966763162114254
26083,LOF,0.03724338242677204,0.11165886000596614,0.8510977575672619
26084,LOF,0.04776614486644074,0.05317956806272486,0.8990542870708343
26085,LOF,0.043541453602278984,0.04262084451891883,0.9138377018788022
26086,LOF,0.03889014478827789,0.062248690010506307,0.8988611652012158
26087,LOF,0.05126696433970346,0.06090418485447507,0.8878288508058214
26088,LOF,0.008146481992455401,0.12500940920813475,0.8668441087994099
26089,LOF,0.039050452921428495,0.16027614437326812,0.8006734027053034
26090,LOF,0.04126152718200507,0.12727904809279073,0.8314594247252042
26091,LOF,0.04641250171143573,0.0534981419549765,0.9000893563335879
26092,LOF,0.05306241400065555,0.0327904929688486,0.9141470930304958
26093,LOF,0.0719520313864877,0.02647783338938035,0.9015701352241321
26094,LOF,0.04570019402809028,0.043177122622477394,0.9111226833494324
26095,LOF,0.009063984765402683,0.05106604609685697,0.9398699691377405
26096,LOF,0.2953486495575668,0.010824633794128584,0.6938267166483045
26097,LOF,0.007607203257753434,0.0446401540828798,0.9477526426593668
26098,LOF,0.11049338704152448,0.04309849655759128,0.8464081164008842
26099,LOF,0.03262208330339906,0.07251154186284915,0.8948663748337518
26100,LOF,0.03262208330339906,0.07251154186284915,0.8948663748337518
26101,LOF,0.031152300812173975,0.10125619693234778,0.8675915022554783
26102,LOF,0.04561355102019862,0.043694804725041655,0.9106916442547597
26103,Neutral,0.8057238529492138,0.07102251458292175,0.12325363246786449
26104,LOF,0.10451185802491159,0.1311303142575003,0.7643578277175881
26105,LOF,0.21847337057620844,0.2272819504254875,0.554244678998304
26106,LOF,0.3110417178095657,0.21105152400336982,0.47790675818706446
26107,LOF,0.008602555849780674,0.3152597912261171,0.6761376529241023
26108,LOF,0.13903289583755454,0.2688270463658517,0.5921400577965937
26109,LOF,0.027150197320551343,0.12019995495964078,0.8526498477198078
26110,LOF,0.42787335917110403,0.0651999675575999,0.506926673271296
26111,LOF,0.04818397507235012,0.3729128830013525,0.5789031419262973
26112,LOF,0.04905749437207404,0.044362214110929755,0.9065802915169962
26113,LOF,0.03958909110289991,0.07801475371712994,0.88239615517997
26114,LOF,0.09231850972478538,0.05977179853244299,0.8479096917427716
26115,LOF,0.010135107961362166,0.34967781473763976,0.6401870773009981
26116,LOF,0.06302637519460501,0.12289415979656382,0.8140794650088311
26117,LOF,0.17055707503655024,0.07947405210496677,0.749968872858483
26118,LOF,0.03996974325199446,0.028123488438695065,0.9319067683093104
26119,LOF,0.005828598008292714,0.10184294400269316,0.8923284579890141
26120,LOF,0.04125293128640606,0.027793902539345248,0.9309531661742487
26121,LOF,0.004493255007776723,0.20305820202005045,0.7924485429721729
26122,LOF,0.004330413494015075,0.20621551932102541,0.7894540671849596
26123,LOF,0.004985721081614538,0.18946823334572982,0.8055460455726555
