feature0,prediction,LoGoFunc_Neutral,LoGoFunc_GOF,LoGoFunc_LOF
25546,Neutral,0.7419338115552319,0.03565216222594494,0.22241402621882306
25547,Neutral,0.5845873358838817,0.07454944511056091,0.3408632190055574
25548,Neutral,0.5980189562513175,0.05491486792946566,0.3470661758192169
25549,Neutral,0.5076219127687989,0.054959899704732286,0.43741818752646877
25550,LOF,0.3600958834578914,0.1142648581252098,0.5256392584168988
25551,LOF,0.30304198483434475,0.1253993261652149,0.5715586890004404
25552,LOF,0.21627589623755453,0.11442644179316319,0.6692976619692823
25553,Neutral,0.8475019869709502,0.03014177568753129,0.12235623734151856
25554,LOF,0.2502672149217072,0.11258877787345072,0.6371440072048421
25555,LOF,0.20264601819339526,0.0971145288436808,0.7002394529629239
25556,LOF,0.43183526842080183,0.09502434344957796,0.4731403881296202
25557,LOF,0.20265368331106529,0.09989647361135788,0.6974498430775768
25558,LOF,0.24716737778285863,0.1134330130536242,0.6393996091635171
25559,LOF,0.3753246954723225,0.15354365346613444,0.471131651061543
25560,LOF,0.04672145429923358,0.16219955670488928,0.7910789889958771
25561,LOF,0.10300648305488279,0.165326925846777,0.7316665910983401
25562,LOF,0.09909118352541708,0.07156701208979974,0.8293418043847831
25563,LOF,0.0943658684107788,0.08321848126410906,0.8224156503251121
25564,LOF,0.1883220233278105,0.1432643743689673,0.6684136023032222
25565,LOF,0.15790168830061974,0.09198044423977024,0.7501178674596101
25566,GOF,0.016057194897642554,0.7118362614868121,0.27210654361554526
25567,LOF,0.01310456483284372,0.14904968539366686,0.8378457497734895
25568,LOF,0.05067630828397427,0.06709314409457458,0.8822305476214511
25569,LOF,0.059333646092841794,0.06184497391811262,0.8788213799890456
25570,LOF,0.05952293577496065,0.09726894976589605,0.8432081144591433
25571,LOF,0.053675964659722665,0.0912818285955582,0.8550422067447191
25572,LOF,0.06784593904265263,0.11490789114216747,0.8172461698151798
25573,LOF,0.024913884135495105,0.08341692208515356,0.8916691937793513
25574,LOF,0.015412314238854415,0.1531612126890442,0.8314264730721015
25575,LOF,0.04318703730434863,0.10563401349847097,0.8511789491971804
25576,LOF,0.019035661188022985,0.10968767845989233,0.8712766603520848
25577,LOF,0.014887935319521164,0.11616056808535627,0.8689514965951226
25578,LOF,0.24079742536986054,0.08143612252113684,0.6777664521090025
25579,LOF,0.24126056573254454,0.08097509791090841,0.6777643363565471
25580,LOF,0.030440109702872732,0.0740078402920275,0.8955520500050997
25581,LOF,0.052911852215360766,0.06435568884657483,0.8827324589380643
25582,LOF,0.052513488123170124,0.06274690256964453,0.8847396093071852
25583,LOF,0.04050466166449204,0.08539130574845924,0.8741040325870487
25584,Neutral,0.48320439414593813,0.09305847019485675,0.42373713565920523
25585,LOF,0.034877821233823464,0.10193358281346943,0.8631885959527071
25586,LOF,0.030085017218775573,0.07210849450550526,0.8978064882757193
25587,LOF,0.028553506599612394,0.06771707259727545,0.9037294208031122
25588,LOF,0.03071429567342851,0.08398141833259436,0.8853042859939771
25589,Neutral,0.6289594058665003,0.11417524508899812,0.2568653490445015
25590,LOF,0.03067397291443411,0.11499892533593543,0.8543271017496304
25591,LOF,0.1055371941744674,0.05419562263930505,0.8402671831862276
25592,LOF,0.08382516591933994,0.1286738245124981,0.787501009568162
25593,LOF,0.023046714728203,0.2523996369339501,0.7245536483378469
25594,LOF,0.04336869096939234,0.1811381332890808,0.7754931757415269
25595,LOF,0.050417288958375786,0.1250324456766554,0.8245502653649689
25596,LOF,0.05056714231488795,0.059581457208960534,0.8898514004761516
25597,LOF,0.044485160834528366,0.08432610008139442,0.8711887390840772
25598,LOF,0.04766214483746196,0.12078338487494782,0.8315544702875902
25599,GOF,0.00994070971071956,0.7244206800511873,0.2656386102380931
25600,GOF,0.013963693430267637,0.5228518789993242,0.4631844275704083
25601,LOF,0.007723662810041595,0.4415471237611642,0.5507292134287942
25602,LOF,0.02516282058426946,0.05038683319539725,0.9244503462203332
25603,LOF,0.0519540950858254,0.03315724673450332,0.9148886581796712
25604,LOF,0.05393834606998354,0.038304598417526446,0.9077570555124901
25605,LOF,0.01359224845525465,0.2515050670716807,0.7349026844730646
25606,LOF,0.10709015677959188,0.4419818587958394,0.45092798442456883
25607,LOF,0.005629866710864679,0.1652097093485468,0.8291604239405885
25608,LOF,0.06570247698114451,0.055138486600384,0.8791590364184715
25609,LOF,0.03837315605837301,0.42874755595095815,0.5328792879906687
25610,LOF,0.039973066620765614,0.028337133766639103,0.9316897996125952
25611,LOF,0.042367769030935844,0.025100653010750533,0.9325315779583135
25612,LOF,0.10520291146127862,0.03341770945909808,0.8613793790796234
25613,LOF,0.08291614104194871,0.03300898571352937,0.8840748732445219
25614,LOF,0.029402792778502728,0.03694954197224921,0.9336476652492481
25615,LOF,0.05597011521929105,0.03331981689000049,0.9107100678907085
25616,LOF,0.030839438556865703,0.03132331954948033,0.937837241893654
25617,LOF,0.029781330628284725,0.035120979797530726,0.9350976895741845
25618,LOF,0.16893698660528939,0.034380978992700616,0.7966820344020099
25619,LOF,0.028555237880885688,0.03049818282103572,0.9409465792980786
25620,LOF,0.032306236898390406,0.040777521137624256,0.9269162419639853
25621,LOF,0.032294545882515464,0.03159449716320331,0.9361109569542811
25622,LOF,0.035502250417441816,0.036844507081070094,0.9276532425014882
25623,LOF,0.07351612356209516,0.030085202101160904,0.896398674336744
25624,LOF,0.026406351584274138,0.042155313570274154,0.9314383348454517
25625,LOF,0.037669132173436384,0.044680981542366036,0.9176498862841975
25626,LOF,0.08627451384191145,0.02789747597453758,0.8858280101835511
25627,Neutral,0.5592148422601526,0.13106334924446622,0.3097218084953812
25628,LOF,0.1644713449785204,0.06612434946051221,0.7694043055609674
25629,LOF,0.07455035459387956,0.08536351090161257,0.8400861345045079
25630,LOF,0.15704339717437255,0.10543706114917174,0.7375195416764557
25631,Neutral,0.5700514988173676,0.0836373219951007,0.3463111791875317
25632,LOF,0.025230545553957207,0.06446204955229674,0.9103074048937461
25633,LOF,0.21747262841796283,0.08121853102879058,0.7013088405532466
25634,LOF,0.03331122728954799,0.12412865976856713,0.8425601129418848
25635,LOF,0.03665959754899966,0.08320410518835308,0.8801362972626472
25636,GOF,0.005481888133021727,0.5856242230487402,0.4088938888182382
25637,GOF,0.004994622959431986,0.5472301206432321,0.44777525639733595
25638,LOF,0.009756320987800063,0.44939966221834493,0.5408440167938551
25639,LOF,0.004681041089475702,0.41385286560004997,0.5814660933104744
25640,Neutral,0.4981367795681708,0.43012700392005576,0.07173621651177356
25641,LOF,0.007883991202416502,0.34875306963840813,0.6433629391591753
25642,LOF,0.25082970297655954,0.07970293447791395,0.6694673625455265
25643,LOF,0.2154291778701153,0.2283469817851862,0.5562238403446985
25644,GOF,0.016011879937473536,0.5854609503681231,0.39852716969440344
25645,GOF,0.016439071159912177,0.575928209786967,0.40763271905312065
25646,LOF,0.019785869579308026,0.4129797095305773,0.5672344208901147
25647,LOF,0.016941003953421387,0.3147453000951809,0.6683136959513977
25648,LOF,0.014985668205490623,0.32062768363968425,0.6643866481548252
25649,LOF,0.013660703770510428,0.26211178985278805,0.7242275063767016
25650,GOF,0.03476864152432874,0.5931803208891776,0.3720510375864936
25651,LOF,0.010337001019784915,0.3325697975628198,0.6570932014173952
25652,LOF,0.018835960491954806,0.3244636709683117,0.6567003685397336
25653,LOF,0.07098751096233641,0.42930249823434297,0.4997099908033207
25654,LOF,0.015535755988091605,0.28702848725079255,0.6974357567611159
25655,LOF,0.11343249327667175,0.4242154905948536,0.4623520161284747
25656,LOF,0.06477629836504713,0.07281217656026613,0.8624115250746869
25657,LOF,0.25503607914733845,0.03142560806453882,0.7135383127881227
25658,LOF,0.049202276475903445,0.07223575346569616,0.8785619700584004
25659,LOF,0.2887881304638707,0.05119044457589676,0.6600214249602325
25660,LOF,0.0737245984121343,0.10461884058605693,0.8216565610018087
25661,LOF,0.04926240654321429,0.079203711013164,0.8715338824436216
25662,LOF,0.029672440075687485,0.046801869989708256,0.9235256899346043
25663,LOF,0.038240145489243885,0.07675973951781837,0.8850001149929377
25664,LOF,0.03909101927002281,0.08859475144132731,0.87231422928865
25665,LOF,0.05251805311422175,0.04897879477248254,0.8985031521132957
25666,LOF,0.040388263613569314,0.14390838065589995,0.8157033557305308
25667,LOF,0.029929906281069937,0.058362172780349345,0.9117079209385808
25668,LOF,0.03510472038080557,0.06648738481477522,0.8984078948044193
25669,LOF,0.04101385539894072,0.10028181549678344,0.8587043291042759
25670,LOF,0.15845301183665766,0.06361280257358962,0.7779341855897528
25671,LOF,0.04012855941899095,0.049411300032033506,0.9104601405489755
25672,LOF,0.056915978624513336,0.07025923907105472,0.8728247823044318
25673,LOF,0.04173058437057914,0.06770337479284912,0.8905660408365716
25674,LOF,0.03209248766423141,0.0772312717786574,0.8906762405571113
25675,LOF,0.040782436316979136,0.05687035100512134,0.9023472126778996
25676,LOF,0.030885919647951253,0.06211823305433986,0.9069958472977089
25677,LOF,0.060547672972492805,0.06900403846305135,0.8704482885644559
25678,LOF,0.2607052276752399,0.05004139098824934,0.6892533813365107
25679,LOF,0.1533565266625284,0.07326139786330303,0.7733820754741685
25680,LOF,0.06448876093063254,0.1027777027312529,0.8327335363381146
25681,LOF,0.11207763709909409,0.09560740405795634,0.7923149588429497
25682,LOF,0.04421114627359056,0.07945108157748532,0.8763377721489242
25683,LOF,0.07562283510402934,0.0983065352667019,0.8260706296292688
25684,LOF,0.053719233854583874,0.07803946900041167,0.8682412971450044
25685,LOF,0.11799988013530796,0.034451846003474174,0.8475482738612179
25686,LOF,0.036955009917975144,0.09285578368585962,0.8701892063961653
25687,LOF,0.06067027417360672,0.08082680108831514,0.8585029247380781
25688,LOF,0.02866049938380994,0.10040737090117952,0.8709321297150106
25689,LOF,0.020646485181881696,0.06630284893322413,0.9130506658848941
25690,LOF,0.021160949064798172,0.0832476582681148,0.895591392667087
25691,LOF,0.15556624764598345,0.13463179097864164,0.7098019613753749
25692,LOF,0.2364097784332451,0.017453132491836054,0.7461370890749187
25693,LOF,0.05910801916528913,0.12557342016581713,0.8153185606688937
25694,LOF,0.2716173866045655,0.01301444919278292,0.7153681642026516
25695,LOF,0.18110549500932047,0.01941146837663737,0.7994830366140422
25696,LOF,0.15831142458958525,0.011219301441915441,0.8304692739684993
25697,LOF,0.13430265914008163,0.0364499240221148,0.8292474168378036
25698,LOF,0.027538554726482187,0.32354750334323157,0.6489139419302862
25699,LOF,0.07192577149332216,0.0755796997204941,0.8524945287861837
25700,LOF,0.031152991927342305,0.012455176190307359,0.9563918318823503
25701,LOF,0.012009581435423446,0.07332111029408803,0.9146693082704885
25702,GOF,0.03397455476179112,0.7138104505453717,0.2522149946928372
25703,LOF,0.019734328198417007,0.18167062343864238,0.7985950483629406
25704,LOF,0.0866809467152538,0.16279511061862695,0.7505239426661192
25705,LOF,0.06994485029666311,0.23443871821296303,0.6956164314903739
25706,GOF,0.03800611593831828,0.6064557966072014,0.35553808745448034
25707,GOF,0.034330351802136054,0.609156243628785,0.3565134045690791
25708,GOF,0.007258996078306519,0.5665318776148152,0.42620912630687824
25709,LOF,0.01854780324699661,0.07962711174960689,0.9018250850033965
25710,LOF,0.008406058679836938,0.17110745099942437,0.8204864903207387
25711,LOF,0.021036814655244398,0.12696749085817235,0.8519956944865833
25712,LOF,0.00937810103625632,0.2255412805188852,0.7650806184448585
25713,LOF,0.019323256087526348,0.11529805811900704,0.8653786857934667
25714,LOF,0.021261329777569154,0.1592508745226911,0.8194877956997398
25715,LOF,0.019937875716443385,0.1437754257982194,0.8362866984853372
25716,LOF,0.014045585287976066,0.12133297220824438,0.8646214425037796
25717,LOF,0.006492569765512811,0.11715038109892818,0.8763570491355589
25718,LOF,0.0188724804676865,0.0861358590322913,0.8949916605000222
25719,LOF,0.035286962145828125,0.10138578012978884,0.863327257724383
25720,LOF,0.026776651968957215,0.09153058699003021,0.8816927610410126
25721,LOF,0.024109596280575643,0.10299212684264279,0.8728982768767816
25722,LOF,0.01604175805490076,0.14145106122211015,0.842507180722989
25723,LOF,0.0220123455919319,0.08825903076221021,0.8897286236458578
25724,LOF,0.026766165352846982,0.14891608264543196,0.8243177520017211
25725,LOF,0.02088360471290052,0.08643229544676291,0.8926840998403366
25726,LOF,0.01613196811374582,0.11587562099627101,0.8679924108899831
25727,LOF,0.02130043895623167,0.10584456599271598,0.8728549950510522
25728,LOF,0.02037905519508731,0.11155097990902137,0.8680699648958913
25729,LOF,0.019469642255738186,0.12125182123007842,0.8592785365141833
25730,LOF,0.02184948512020557,0.0887092680492778,0.8894412468305166
25731,LOF,0.01157568662533282,0.17271217699342165,0.8157121363812455
25732,LOF,0.018796419344655188,0.11498591933166787,0.866217661323677
25733,LOF,0.027217749012850127,0.1023240051333345,0.8704582458538154
25734,LOF,0.007251583512871004,0.22030775493387317,0.7724406615532559
25735,LOF,0.021530168414768926,0.08689419413455375,0.8915756374506772
25736,LOF,0.01951939137348384,0.1381939704838191,0.842286638142697
25737,LOF,0.03689034837913879,0.11985531266788815,0.8432543389529731
25738,LOF,0.02157659062322158,0.16128907357210653,0.8171343358046719
25739,LOF,0.023332879119433905,0.14184405332667865,0.8348230675538875
25740,LOF,0.0519818492393062,0.15181556858973413,0.7962025821709596
25741,LOF,0.02827723026624919,0.1310970112765386,0.8406257584572122
25742,LOF,0.04745657012295937,0.1334875611193553,0.8190558687576853
25743,LOF,0.013647985695955187,0.026208178971557364,0.9601438353324875
25744,LOF,0.19514376231339534,0.30828523591509643,0.4965710017715082
25745,LOF,0.03273302307508172,0.1045147933311546,0.8627521835937636
25746,LOF,0.014235321978207965,0.15204079010411484,0.8337238879176773
25747,LOF,0.032985856001554646,0.028914098693995863,0.9381000453044496
25748,LOF,0.2800699242370204,0.04713541425574046,0.6727946615072392
25749,LOF,0.012845856475843045,0.09357095892417533,0.8935831845999817
25750,LOF,0.017232241060794393,0.09468667412924824,0.8880810848099574
25751,LOF,0.04449480347018112,0.04299824919755594,0.9125069473322629
25752,GOF,0.0971483012383756,0.6795445275136203,0.22330717124800412
25753,LOF,0.006954232958844927,0.38630503974112557,0.6067407273000295
25754,GOF,0.007153866324735621,0.8640157666807685,0.12883036699449577
25755,LOF,0.008124507191452707,0.4387690118152363,0.553106480993311
25756,LOF,0.048311675241780566,0.43202290636889795,0.5196654183893215
25757,GOF,0.007430115758953441,0.8585502800867022,0.1340196041543445
25758,GOF,0.0086554119837348,0.860787493080163,0.1305570949361023
25759,GOF,0.005486609844778445,0.5607625387278354,0.43375085142738623
25760,LOF,0.00570376968943796,0.3069546899604725,0.6873415403500895
25761,GOF,0.05525690003660316,0.8553899053811062,0.08935319458229071
25762,LOF,0.02845837304989623,0.3617327643418573,0.6098088626082464
25763,LOF,0.00641544899350343,0.28372707657919793,0.7098574744272987
25764,GOF,0.0688859950034286,0.6467464885673622,0.28436751642920927
25765,GOF,0.008223762560990477,0.8449526933554727,0.1468235440835369
25766,GOF,0.040667298035053666,0.8313652177358389,0.12796748422910742
25767,GOF,0.01201637945424621,0.550221270036638,0.4377623505091158
25768,LOF,0.03998230032324107,0.06638342102436201,0.8936342786523969
25769,LOF,0.025251573036407904,0.10324199595521043,0.8715064310083818
25770,LOF,0.1794965867332763,0.07519646387509223,0.7453069493916316
25771,LOF,0.015779822083266243,0.08702093445723547,0.8971992434594983
25772,LOF,0.024439889594563672,0.0431986944220982,0.9323614159833381
25773,LOF,0.01996000455240605,0.07879029208439514,0.9012497033631989
25774,LOF,0.029822972073106753,0.1102892824175399,0.8598877455093533
25775,LOF,0.024185500291015002,0.05117135407996022,0.9246431456290248
25776,LOF,0.02639236549222029,0.038008074230752684,0.9355995602770271
25777,LOF,0.24775734565682755,0.08863050020613736,0.6636121541370352
25778,LOF,0.01926578151320872,0.0857204374389783,0.895013781047813
25779,GOF,0.03921677635038876,0.8780297377479882,0.08275348590162311
25780,GOF,0.06824488701477471,0.8754763217270732,0.05627879125815209
25781,GOF,0.0352652902580828,0.8679597166479688,0.09677499309394845
25782,GOF,0.035520227791292824,0.8994978893236522,0.0649818828850549
25783,GOF,0.02466752637021339,0.9157193250977825,0.05961314853200386
25784,GOF,0.09119601224734668,0.8590514761677815,0.04975251158487171
25785,GOF,0.07152122551608533,0.8835103072039331,0.04496846727998158
25786,GOF,0.009110464049353888,0.8737242301341639,0.11716530581648206
25787,GOF,0.1844880801955772,0.7632518342672362,0.052260085537186536
25788,LOF,0.01613382864165247,0.18931709471192298,0.7945490766464245
25789,GOF,0.019122235165234928,0.8657677270983538,0.11511003773641122
25790,GOF,0.022127961709243422,0.8683916805768264,0.10948035771393015
25791,GOF,0.0200862117192449,0.8242845460361377,0.15562924224461744
25792,GOF,0.024103038047444375,0.8458745460223459,0.13002241593020977
25793,GOF,0.07326445121850796,0.8318013028439469,0.09493424593754507
25794,GOF,0.05067419057181321,0.7986929302540767,0.15063287917411025
25795,GOF,0.04480273190204868,0.7598003642735173,0.19539690382443411
25796,GOF,0.09055829755744602,0.8160844446568474,0.09335725778570675
25797,GOF,0.06533822593356148,0.770895995224162,0.16376577884227658
25798,GOF,0.004738356093090984,0.7813094376689774,0.21395220623793149
25799,GOF,0.0038047540338835115,0.7181849655213758,0.2780102804447407
25800,GOF,0.021919714699393848,0.8258172845356064,0.15226300076499974
25801,GOF,0.016525152856093166,0.8914079446244234,0.09206690251948324
25802,GOF,0.026692004160994418,0.8437173554154158,0.12959064042358975
25803,GOF,0.020517921945185005,0.728493859055443,0.2509882189993722
25804,GOF,0.026422512380092848,0.7784421419113092,0.19513534570859795
25805,GOF,0.03273760138247187,0.8070906712232964,0.16017172739423183
25806,GOF,0.029115947616410547,0.8049449005165142,0.16593915186707534
25807,GOF,0.007965837037169386,0.7668225121919359,0.22521165077089483
25808,GOF,0.017937601039687726,0.7926351853460867,0.18942721361422563
25809,GOF,0.009415840975292349,0.7573027642457303,0.23328139477897736
25810,GOF,0.007870927795319728,0.7495151852295826,0.2426138869750975
25811,GOF,0.044872968002237085,0.8777297107753165,0.07739732122244646
25812,GOF,0.028441363426617218,0.821991122501926,0.14956751407145696
25813,GOF,0.1185619627017757,0.8069106987936623,0.074527338504562
25814,GOF,0.028063767855908972,0.8270037687651198,0.14493246337897117
25815,GOF,0.06198448960016918,0.8312027167754202,0.10681279362441062
25816,GOF,0.009619159150362336,0.8667131603192222,0.12366768053041556
25817,GOF,0.09522551232059587,0.8156176839840116,0.08915680369539258
25818,GOF,0.021777153699736217,0.8193409185329786,0.15888192776728524
25819,GOF,0.07187345495059957,0.7704487807759852,0.15767776427341523
25820,GOF,0.030117781822395228,0.7353828104027142,0.23449940777489048
25821,GOF,0.020247119317576227,0.7428461674867554,0.23690671319566842
25822,GOF,0.04010578520167187,0.7497594198530841,0.21013479494524406
25823,GOF,0.02423972154046717,0.7392268048856498,0.23653347357388307
25824,GOF,0.02469540992828296,0.8075534744851881,0.16775111558652886
25825,GOF,0.019555079048074128,0.792772664570551,0.18767225638137489
25826,GOF,0.007643566056497885,0.7532434145835081,0.23911301935999418
25827,GOF,0.012372835114001151,0.7164347385311,0.2711924263548989
25828,GOF,0.008676071404427492,0.7527289487838782,0.2385949798116943
25829,GOF,0.003944619213780885,0.7051423976558361,0.2909129831303831
25830,GOF,0.03633220285722972,0.4945840592059075,0.4690837379368628
25831,GOF,0.04873824642255383,0.8097731960069265,0.14148855757051979
25832,GOF,0.008379354394720234,0.7721660540625193,0.21945459154276054
25833,GOF,0.0329900361415024,0.8246977050966358,0.14231225876186182
25834,GOF,0.009784018728045159,0.7886605925408012,0.20155538873115375
25835,GOF,0.022981627222029236,0.8392585377946783,0.13775983498329245
25836,GOF,0.006548328857508648,0.7693685468420945,0.22408312430039679
25837,GOF,0.008034591449352603,0.7819653672143405,0.21000004133630681
25838,GOF,0.02252762575619352,0.837962433930463,0.13950994031334354
25839,GOF,0.04340792566196821,0.817742952984973,0.13884912135305863
25840,GOF,0.06380584027221141,0.8193625401394861,0.11683161958830253
25841,GOF,0.06835816861907448,0.8289864857391779,0.10265534564174769
25842,GOF,0.03212133023634125,0.8852421482471932,0.08263652151646554
25843,GOF,0.028657189010735818,0.8832870335437523,0.08805577744551185
25844,GOF,0.016458254583012623,0.8473609400644478,0.13618080535253946
25845,GOF,0.006344522600165867,0.7804195544199182,0.21323592297991598
25846,GOF,0.06649001901290666,0.8272341164488461,0.10627586453824711
25847,GOF,0.019976086276682993,0.8931678118512296,0.08685610187208755
25848,GOF,0.019165435745391944,0.8513958031791417,0.12943876107546637
25849,GOF,0.0068019264399295865,0.8448487010158124,0.14834937254425806
25850,GOF,0.005989900670528654,0.7431525416120208,0.2508575577174505
25851,GOF,0.005493912330626299,0.6946568222373022,0.2998492654320715
25852,GOF,0.1428868342432932,0.5843023962824649,0.2728107694742419
25853,GOF,0.07820686859093898,0.8056470795556907,0.11614605185337029
25854,GOF,0.005745529899119297,0.7311282198733213,0.26312625022755926
25855,GOF,0.021805729031698008,0.7031521132568752,0.27504215771142687
25856,GOF,0.04402977323934773,0.7914104498992655,0.16455977686138684
25857,GOF,0.02335917389684158,0.7220190490893863,0.25462177701377214
25858,GOF,0.009977650968894317,0.7624826335039313,0.22753971552717436
25859,GOF,0.007596172298445849,0.7586817115958665,0.23372211610568772
25860,GOF,0.0855849586170999,0.8082161447299949,0.10619889665290513
25861,GOF,0.076571982181014,0.8278336557780422,0.0955943620409438
25862,GOF,0.02078358671884398,0.8928944863343821,0.08632192694677399
25863,GOF,0.021942198467164224,0.8760909908152836,0.10196681071755205
25864,GOF,0.05875275737518916,0.8870390352825135,0.054208207342297275
25865,GOF,0.04088858699548211,0.8565843734531303,0.10252703955138755
25866,GOF,0.026311107573051436,0.8816024686476001,0.09208642377934857
25867,GOF,0.04680909379683038,0.8720366860018077,0.08115422020136186
25868,GOF,0.060926690558861636,0.8310213337452582,0.10805197569588018
25869,GOF,0.3628392507061762,0.5600789455426697,0.07708180375115421
25870,GOF,0.05806160608670353,0.5941349347818498,0.34780345913144667
25871,GOF,0.009653410700454064,0.8664280726203514,0.12391851667919436
25872,GOF,0.01873258328604282,0.8460779164647741,0.13518950024918297
25873,GOF,0.019216371875615035,0.8817491104823946,0.09903451764199045
25874,LOF,0.016953295196739146,0.20939294613566942,0.7736537586675915
25875,LOF,0.03016848450029106,0.054197314853121965,0.915634200646587
25876,LOF,0.02089281715342897,0.03061819650192216,0.9484889863446488
25877,LOF,0.11224671422340182,0.07986858032027204,0.8078847054563261
25878,LOF,0.07684609039862997,0.12782414939874662,0.7953297602026234
25879,LOF,0.01755269185346925,0.0881043225955991,0.8943429855509317
25880,LOF,0.062416200136156445,0.012359110398747436,0.9252246894650962
25881,Neutral,0.47041134863484046,0.07880984096699686,0.45077881039816253
25882,LOF,0.06675613679545715,0.02811766196917321,0.9051262012353697
25883,LOF,0.027524100736029716,0.0373813232995264,0.9350945759644438
25884,LOF,0.016953909444184085,0.06704098505196182,0.9160051055038542
25885,LOF,0.19539685779448848,0.012652192642878658,0.7919509495626329
25886,LOF,0.27124285480200644,0.07716175648835552,0.6515953887096381
25887,LOF,0.1202019112078049,0.08342225730082492,0.7963758314913703
25888,LOF,0.009319904501317536,0.13249314329337417,0.8581869522053083
25889,LOF,0.02267138615869564,0.04870408135294154,0.9286245324883629
25890,LOF,0.17657536781232377,0.08752491085519752,0.7358997213324787
25891,LOF,0.12997121172777898,0.02885759511712533,0.8411711931550956
25892,LOF,0.009846491895823348,0.03382714693515316,0.9563263611690235
25893,LOF,0.3818262324340225,0.009169121470034451,0.6090046460959431
25894,LOF,0.42257502614715226,0.006840414577383675,0.5705845592754641
25895,LOF,0.3720082367160042,0.012441484660152907,0.6155502786238429
25896,LOF,0.0735659959512414,0.027290585487886165,0.8991434185608724
25897,LOF,0.16966761484591075,0.010170907593500424,0.8201614775605888
25898,LOF,0.142482494435292,0.03742196297067918,0.8200955425940287
25899,LOF,0.45527661334737585,0.029307570447860188,0.515415816204764
25900,Neutral,0.5103514577811669,0.009111418052286768,0.4805371241665462
25901,LOF,0.0685263556759305,0.012156413967717022,0.9193172303563524
25902,LOF,0.19781761462677386,0.01297686239812268,0.7892055229751035
25903,LOF,0.35747247310912283,0.02598368717742091,0.6165438397134563
25904,Neutral,0.5583551369172309,0.041277453077895855,0.40036741000487325
25905,LOF,0.0070016753490977045,0.4906388162310271,0.5023595084198751
25906,LOF,0.00808948262482013,0.10183147373450697,0.8900790436406728
25907,LOF,0.0071805039327842045,0.32428137916977257,0.6685381168974431
25908,LOF,0.006584969730354994,0.29846654895949226,0.6949484813101529
25909,LOF,0.02784022769703204,0.140088467914622,0.832071304388346
25910,LOF,0.012220639133594814,0.14173115307409334,0.8460482077923117
25911,LOF,0.2174818812272966,0.07092262651043893,0.7115954922622645
25912,LOF,0.10193180604963309,0.040650882677197575,0.8574173112731693
25913,LOF,0.029271523423229286,0.07524140257452488,0.8954870740022459
25914,LOF,0.03573888732298036,0.032479982675668616,0.931781130001351
25915,LOF,0.18427361904512607,0.14071245909871388,0.67501392185616
25916,LOF,0.027189717658326097,0.07259247751914112,0.9002178048225327
25917,LOF,0.07246868800616081,0.02721429738493998,0.9003170146088992
25918,LOF,0.03807676500231069,0.01882509676825919,0.9430981382294301
25919,LOF,0.035100280485140675,0.017990401541873792,0.9469093179729856
25920,LOF,0.3713569815501295,0.2267763617951635,0.401866656654707
25921,LOF,0.01639538883047285,0.03969864826177862,0.9439059629077485
25922,LOF,0.019289110745828206,0.04240851521415575,0.938302374040016
25923,LOF,0.4488808521865908,0.03378878127487673,0.5173303665385324
25924,LOF,0.028309742959655385,0.05462005323047676,0.9170702038098679
25925,LOF,0.08791928046356776,0.04781461327133277,0.8642661062650994
25926,LOF,0.07124916019878329,0.04142384348720419,0.8873269963140125
25927,LOF,0.023033214757732668,0.08970168220152183,0.8872651030407456
25928,LOF,0.011187089120952544,0.053889611294384444,0.934923299584663
25929,Neutral,0.5811916770606935,0.03175132250619779,0.3870570004331087
25930,LOF,0.08120369918064776,0.03607435192604413,0.8827219488933081
25931,LOF,0.014529753503556942,0.04270555734175061,0.9427646891546925
25932,LOF,0.06485599485849555,0.038386611585293176,0.8967573935562113
25933,LOF,0.0686489247849496,0.021502472835347036,0.9098486023797034
25934,LOF,0.06126406909328004,0.021827344558183172,0.9169085863485368
25935,LOF,0.08186751534457229,0.056881605626185085,0.8612508790292426
25936,LOF,0.10564893148060973,0.022676709558155005,0.8716743589612352
25937,LOF,0.021070533027431348,0.029239811528312214,0.9496896554442564
25938,LOF,0.07862062795118913,0.05034341964905319,0.8710359523997577
25939,LOF,0.049376466191923964,0.030759503010015746,0.9198640307980603
25940,LOF,0.008448825492470051,0.4614750959417562,0.5300760785657738
25941,Neutral,0.4810929290016078,0.05207545189036678,0.46683161910802545
25942,LOF,0.010852301875134637,0.05937766031864038,0.9297700378062249
25943,LOF,0.05347012885664669,0.1943733995047057,0.7521564716386476
25944,LOF,0.045570866737015804,0.08945837361810316,0.864970759644881
25945,LOF,0.12383310869851386,0.03653503856941829,0.8396318527320679
25946,LOF,0.06934221743305774,0.045640568414619956,0.8850172141523223
25947,Neutral,0.5353720776147627,0.06711519417667591,0.39751272820856143
25948,LOF,0.40590940970473344,0.022145435665991003,0.5719451546292755
25949,LOF,0.18632065931809286,0.08080888771731173,0.7328704529645954
25950,GOF,0.05385415626353514,0.5152523864068137,0.43089345732965106
25951,LOF,0.01474975368435134,0.3969937062878563,0.5882565400277925
25952,LOF,0.2535183440076143,0.21491383167185724,0.5315678243205284
25953,LOF,0.008644631188832465,0.2325665550741294,0.7587888137370381
25954,LOF,0.07100618293317953,0.3343778165429845,0.5946160005238359
25955,LOF,0.007073765980475078,0.22897385140977056,0.7639523826097543
25956,LOF,0.015239082053962934,0.31542174608103,0.6693391718650071
25957,LOF,0.15658173920237645,0.030845075519362976,0.8125731852782606
25958,LOF,0.029184242721125485,0.06942951662035562,0.9013862406585189
25959,GOF,0.006998523731247095,0.7928363755622104,0.20016510070654234
25960,LOF,0.004781538190969681,0.11677165608401675,0.8784468057250135
25961,LOF,0.02740660775539244,0.05504389412231776,0.9175494981222899
25962,LOF,0.04889653529446129,0.08858797324606052,0.8625154914594781
25963,LOF,0.006714496617046633,0.16181304899411555,0.8314724543888378
25964,LOF,0.026366886615476943,0.13003719788795373,0.8435959154965693
25965,LOF,0.24450974096109238,0.1270033616205849,0.6284868974183228
25966,LOF,0.3922736750572181,0.0931590420179645,0.5145672829248173
25967,LOF,0.008062719285153976,0.06927745976070282,0.9226598209541432
25968,LOF,0.042376221138761654,0.22668373715176457,0.7309400417094738
25969,LOF,0.18584011204083536,0.04887062154176719,0.7652892664173974
25970,LOF,0.07447952892161286,0.07378971083926221,0.851730760239125
25971,LOF,0.08068726336174754,0.03587566248064259,0.88343707415761
25972,LOF,0.08051516955241804,0.06228114269686439,0.8572036877507175
25973,LOF,0.06972781955218188,0.01017511590324982,0.9200970645445684
25974,LOF,0.03618595876924501,0.04113683254955546,0.9226772086811995
25975,LOF,0.04107100708660702,0.019777009207069807,0.9391519837063232
25976,LOF,0.07931788191695388,0.011840481455883758,0.9088416366271623
25977,LOF,0.2401904726214332,0.050534744415372694,0.709274782963194
25978,LOF,0.16788504707486077,0.13422946053407112,0.6978854923910681
25979,LOF,0.1401556995561827,0.15120904122915688,0.7086352592146603
25980,LOF,0.21865353966571782,0.2018771408144376,0.5794693195198446
25981,LOF,0.219425049645456,0.20434238266843108,0.5762325676861129
25982,LOF,0.41256914958252594,0.10752245080871503,0.47990839960875903
25983,LOF,0.42394924187563343,0.12652288486332444,0.4495278732610421
25984,LOF,0.050232531810602915,0.0912966450626747,0.8584708231267224
25985,LOF,0.4176744570736951,0.12201246508493324,0.4603130778413716
25986,LOF,0.013387677149212704,0.4784018783537847,0.5082104444970026
25987,LOF,0.04668594930588775,0.0984036710801319,0.8549103796139803
25988,LOF,0.04889555696549071,0.14143383832472128,0.8096706047097881
25989,LOF,0.0538130371474392,0.1879803990958388,0.758206563756722
25990,LOF,0.0461461180198557,0.2997912537994226,0.6540626281807216
25991,LOF,0.02462319675506692,0.4652364262851282,0.5101403769598049
25992,LOF,0.01764719116797244,0.4416957124629391,0.5406570963690885
25993,LOF,0.028122318689156003,0.07715830863539073,0.8947193726754532
25994,LOF,0.023997529688632998,0.08053558084714085,0.895466889464226
25995,LOF,0.020785553877831462,0.14731194717312524,0.8319024989490432
25996,Neutral,0.40096714643026504,0.35617739215185207,0.24285546141788297
25997,LOF,0.06485653228270041,0.4374987314744848,0.49764473624281474
25998,LOF,0.2643380862593116,0.03742999232776994,0.6982319214129183
25999,LOF,0.03531580156265372,0.1124936426580054,0.8521905557793408
26000,LOF,0.14342349669745066,0.016083715195469098,0.8404927881070803
26001,LOF,0.24749395517756176,0.017955704226336966,0.7345503405961012
26002,LOF,0.13049380603934368,0.026375947032225063,0.8431302469284312
26003,GOF,0.006725658172979305,0.6350121107486362,0.3582622310783846
26004,GOF,0.016862962762088308,0.661525247014199,0.3216117902237126
26005,LOF,0.004925950608792425,0.48718941247327524,0.5078846369179323
26006,GOF,0.09736636838483843,0.5417852890536607,0.3608483425615008
26007,GOF,0.010174025596309992,0.5150473394747901,0.4747786349289
26008,GOF,0.005490178862419305,0.607549289724916,0.38696053141266473
26009,GOF,0.011886995857344441,0.6346655333758203,0.3534474707668351
26010,GOF,0.010110893415758293,0.5840064059712743,0.40588270061296733
26011,LOF,0.004011581017548131,0.43740068226842344,0.5585877367140285
26012,GOF,0.004530301752714753,0.5682582185287894,0.4272114797184958
26013,GOF,0.009694769632168029,0.5706287358289902,0.4196764945388418
26014,LOF,0.06412899329605266,0.11989185376847274,0.8159791529354745
26015,LOF,0.34835934568442434,0.04192427280568233,0.6097163815098933
26016,LOF,0.2800719512829255,0.06308713698789914,0.6568409117291755
26017,LOF,0.012622354139854117,0.2827525137009999,0.704625132159146
26018,LOF,0.02416914183284081,0.10220252091656896,0.8736283372505902
26019,LOF,0.02390832201131406,0.09011341325516103,0.8859782647335249
26020,LOF,0.007774247281997706,0.24835506904044705,0.7438706836775552
26021,LOF,0.07344244816093229,0.11845625117809797,0.8081013006609696
26022,LOF,0.035631243666717737,0.04988774099849945,0.9144810153347828
26023,LOF,0.020011995283311008,0.0736932180566683,0.9062947866600207
26024,LOF,0.052081971460091775,0.09433265983895829,0.8535853687009499
26025,LOF,0.11137180695584122,0.10356233307571669,0.785065859968442
26026,LOF,0.11199414575792807,0.09242821132898439,0.7955776429130874
26027,LOF,0.024211195074312054,0.04529422943004551,0.9304945754956423
26028,LOF,0.08732471692129619,0.1735256111363303,0.7391496719423735
26029,LOF,0.02512344486624582,0.16812499691150523,0.806751558222249
26030,LOF,0.128252990060968,0.023689653766690556,0.8480573561723413
26031,LOF,0.01002547936447467,0.13445661297876435,0.8555179076567611
26032,LOF,0.039067401554902376,0.042663451028946635,0.9182691474161511
26033,LOF,0.03997944898669489,0.043676175016092986,0.9163443759972122
26034,LOF,0.015648886123251264,0.11641551840954939,0.8679355954671992
26035,LOF,0.013249326673272535,0.10379593178377694,0.8829547415429505
26036,LOF,0.012559092563361969,0.08694337025697912,0.9004975371796589
26037,LOF,0.011550477773280868,0.09521034322602093,0.8932391790006983
26038,LOF,0.032225923911262305,0.038205329802735284,0.9295687462860025
26039,LOF,0.03447964783509865,0.11914597425371858,0.8463743779111828
26040,LOF,0.0792505801880769,0.11871610965037219,0.802033310161551
26041,LOF,0.01416124768148619,0.09117715183961152,0.8946616004789023
26042,LOF,0.013813633118432249,0.09795468758136122,0.8882316793002065
26043,LOF,0.03200718389975974,0.05839436147322987,0.9095984546270105
26044,LOF,0.009528339332665427,0.04296060454641706,0.9475110561209176
26045,LOF,0.07149315503546529,0.12087379909747857,0.8076330458670561
26046,LOF,0.027993106816671495,0.04414972684064586,0.9278571663426826
26047,LOF,0.05587197272520331,0.04443675075973334,0.8996912765150634
26048,LOF,0.08797331416054578,0.01762293849277364,0.8944037473466806
26049,Neutral,0.9394310606530595,0.006900037766281763,0.053668901580658686
26050,Neutral,0.9037803271428851,0.007505280832827021,0.0887143920242878
26051,LOF,0.02377021130012644,0.07027029897585414,0.9059594897240194
26052,LOF,0.031867345780142296,0.06156910379933019,0.9065635504205276
26053,LOF,0.022522545449941155,0.1350598795004864,0.8424175750495725
26054,LOF,0.047609264247164954,0.037827503407217446,0.9145632323456176
26055,LOF,0.07507965117456988,0.03599778057864316,0.888922568246787
26056,LOF,0.06007417186179118,0.046007462035892815,0.8939183661023161
26057,LOF,0.05324122418882154,0.020024790221365614,0.9267339855898129
26058,LOF,0.057481887314058476,0.015964924331855302,0.9265531883540863
26059,LOF,0.21598810564475243,0.03753752494557506,0.7464743694096726
26060,LOF,0.02648261572988645,0.1694188629876214,0.804098521282492
26061,LOF,0.01185955720529821,0.011872084083710736,0.9762683587109909
26062,LOF,0.006313658998067687,0.019648067216111214,0.9740382737858211
26063,LOF,0.03632668220340562,0.015179126095695303,0.9484941917008991
26064,LOF,0.014624611669119289,0.01942043827743379,0.9659549500534469
26065,LOF,0.04665558022556165,0.01935096425457038,0.933993455519868
26066,LOF,0.036137667034570664,0.014419492782227558,0.9494428401832019
26067,LOF,0.03940688777171979,0.014972693678358242,0.945620418549922
26068,LOF,0.05471484662850473,0.04851671197714315,0.8967684413943521
26069,LOF,0.27649863732480945,0.03395958254814787,0.6895417801270427
26070,Neutral,0.5264496435353604,0.02248514654012245,0.45106520992451715
26071,LOF,0.04166636003607771,0.017990061258131115,0.9403435787057912
26072,LOF,0.007875130998059258,0.023547490694932165,0.9685773783070086
26073,LOF,0.03438592017730455,0.01813942786489814,0.9474746519577973
26074,Neutral,0.8557114793721153,0.012683370460860618,0.13160515016702412
26075,LOF,0.05737279510130076,0.028724418699315333,0.9139027861993839
26076,LOF,0.04668413767735992,0.015835276943131762,0.9374805853795083
26077,LOF,0.15402780243487904,0.008482071057463023,0.8374901265076579
26078,LOF,0.00718185933488049,0.019878054871466603,0.972940085793653
26079,LOF,0.06678048258021949,0.02646658494136288,0.9067529324784177
26080,LOF,0.06622474401020037,0.026667839075590408,0.9071074169142093
26081,LOF,0.030634700078291187,0.01255372340681668,0.9568115765148922
26082,LOF,0.005789044927801406,0.02110112008210304,0.9731098349900954
26083,LOF,0.09710710030420669,0.028870127571753897,0.8740227721240394
26084,LOF,0.09369570852226168,0.023823581425296992,0.8824807100524413
26085,LOF,0.08285004467408753,0.01937339953585238,0.89777655579006
26086,LOF,0.03552967424905732,0.017033123823699745,0.947437201927243
26087,LOF,0.03350657753956067,0.014035548417235059,0.9524578740432043
26088,LOF,0.007151777600943645,0.02643714360875709,0.9664110787902992
26089,LOF,0.04351260524594184,0.042470459430496835,0.9140169353235614
26090,LOF,0.04368431613367543,0.03398164154698416,0.9223340423193405
26091,LOF,0.02573494164682652,0.011071766983462393,0.9631932913697112
26092,LOF,0.04154061390190952,0.01242906237668153,0.9460303237214088
26093,LOF,0.0744157060908769,0.008548750254822405,0.9170355436543006
26094,LOF,0.02921563875876156,0.011093821130899085,0.9596905401103394
26095,LOF,0.0218024041508569,0.020665267401272974,0.9575323284478701
26096,LOF,0.19198540220092314,0.005662813404870597,0.8023517843942063
26097,LOF,0.007260011442197703,0.0427044810820501,0.9500355074757523
26098,LOF,0.12585168237446515,0.023336310541398647,0.8508120070841362
26099,LOF,0.0337588462480328,0.027387685495064096,0.9388534682569031
26100,LOF,0.0337588462480328,0.027387685495064096,0.9388534682569031
26101,LOF,0.05373330564698199,0.04338148122434432,0.9028852131286738
26102,LOF,0.029705846587841304,0.024023709154007224,0.9462704442581514
26103,Neutral,0.8908955882039596,0.03065521916671042,0.07844919262932987
26104,LOF,0.060690478583971,0.051194105711230294,0.8881154157047987
26105,LOF,0.283270023906588,0.1062583089681021,0.6104716671253099
26106,LOF,0.32129882739328847,0.06118863907722984,0.6175125335294817
26107,LOF,0.02023704315782133,0.07983185432543498,0.8999311025167437
26108,LOF,0.28532530286979396,0.038646232231832396,0.6760284648983735
26109,LOF,0.07449101142778225,0.03274518238359613,0.8927638061886216
26110,LOF,0.3926172700758137,0.013931793383100527,0.5934509365410858
26111,LOF,0.0571865086472645,0.12644557472952253,0.8163679166232131
26112,LOF,0.047091071971015176,0.01295882464076451,0.9399501033882204
26113,LOF,0.10025741835891454,0.02891785593131756,0.8708247257097679
26114,LOF,0.08817179593376284,0.007095307817635543,0.9047328962486016
26115,LOF,0.014357972763091842,0.049822718079877544,0.9358193091570307
26116,LOF,0.07681740434964969,0.021790330854057783,0.9013922647962925
26117,LOF,0.33392211695214685,0.0454688678466142,0.6206090152012389
26118,LOF,0.047331379354913466,0.020648734143460346,0.9320198865016261
26119,LOF,0.005657213335605971,0.10299558029565613,0.8913472063687379
26120,LOF,0.033917599365955176,0.02008376766016773,0.9459986329738772
26121,LOF,0.0032820433166872876,0.1591880461407101,0.8375299105426025
