feature0,prediction,LoGoFunc_Neutral,LoGoFunc_GOF,LoGoFunc_LOF
25546,Neutral,0.6117825838196012,0.15689754223846195,0.23131987394193693
25547,Neutral,0.4483042410529219,0.30060952817254155,0.25108623077453657
25548,Neutral,0.433880932162383,0.2426519505395825,0.3234671172980345
25549,Neutral,0.4064882442054059,0.2546376612528132,0.33887409454178086
25550,LOF,0.3023843832932853,0.29283576801031874,0.40477984869639605
25551,LOF,0.2221805395974394,0.277382590407188,0.5004368699953726
25552,LOF,0.13069567950938085,0.27113597095667336,0.5981683495339457
25553,Neutral,0.8127859033507793,0.06504782095388735,0.12216627569533345
25554,LOF,0.1600985326848132,0.28076129125912697,0.5591401760560599
25555,LOF,0.1312615397244391,0.24353342341604098,0.6252050368595199
25556,Neutral,0.4928354549963738,0.19990292864239864,0.30726161636122745
25557,LOF,0.13673812145166436,0.2603534154980513,0.6029084630502842
25558,LOF,0.16401272042395307,0.3134391904847994,0.5225480890912475
25559,Neutral,0.5305532476819604,0.01943199961812769,0.45001475269991187
25560,LOF,0.04019107291627754,0.25219271875109817,0.7076162083326242
25561,LOF,0.10467016582516628,0.2972891499645505,0.5980406842102831
25562,LOF,0.13113214003576185,0.05751770831182882,0.8113501516524094
25563,LOF,0.12726641334811942,0.08843254522937209,0.7843010414225084
25564,LOF,0.08035207103369742,0.18526010530071144,0.7343878236655912
25565,LOF,0.12325768753233872,0.21849505893530846,0.6582472535323528
25566,GOF,0.02045904987036279,0.5917371772004656,0.38780377292917173
25567,LOF,0.011326105949072235,0.09699801971808682,0.891675874332841
25568,LOF,0.0579458666329622,0.038791648756073986,0.9032624846109638
25569,LOF,0.10424272650275976,0.031239648959342038,0.8645176245378982
25570,LOF,0.05366858403738179,0.031604154048121356,0.9147272619144969
25571,LOF,0.06555870184119653,0.029020658867325255,0.9054206392914782
25572,LOF,0.0376725838834592,0.04059225554990926,0.9217351605666315
25573,LOF,0.02067211363782477,0.047712176898540334,0.9316157094636349
25574,LOF,0.009980528723761935,0.19900008443188485,0.7910193868443532
25575,LOF,0.05201239765310588,0.023507171552166004,0.9244804307947281
25576,LOF,0.014534023418738341,0.022458245439376433,0.9630077311418851
25577,LOF,0.008540140474832356,0.025845364739621502,0.9656144947855462
25578,LOF,0.24034781218997373,0.0499038420242757,0.7097483457857505
25579,LOF,0.2043931674656571,0.04844489456516173,0.7471619379691812
25580,LOF,0.030409470138901072,0.0199113673166092,0.9496791625444898
25581,LOF,0.04966534576587137,0.05557840615876277,0.8947562480753658
25582,LOF,0.05026355122095494,0.045397593138471685,0.9043388556405735
25583,LOF,0.032912390778634254,0.022831637242936943,0.9442559719784289
25584,Neutral,0.5108639103359749,0.07605463352041612,0.413081456143609
25585,LOF,0.024204485533341893,0.03635284611516087,0.9394426683514971
25586,LOF,0.03224406448269345,0.01897747474272885,0.9487784607745776
25587,LOF,0.025256237861614402,0.016267523939734976,0.9584762381986505
25588,LOF,0.025138618841112317,0.02125008880183156,0.9536112923570561
25589,Neutral,0.6645693026014841,0.07576819664633663,0.25966250075217917
25590,LOF,0.020596648234675802,0.06333279632871885,0.9160705554366054
25591,LOF,0.07213830424424915,0.04369508934368526,0.8841666064120656
25592,LOF,0.09924588575233903,0.03824359523103031,0.8625105190166307
25593,LOF,0.010808489748567084,0.38121468644687334,0.6079768238045596
25594,LOF,0.05523420711419191,0.0635643042201976,0.8812014886656104
25595,LOF,0.10905126376954488,0.08865812317644613,0.8022906130540091
25596,LOF,0.09808801223558268,0.04770980673723489,0.8542021810271825
25597,LOF,0.08177092971184534,0.015692768517397107,0.9025363017707575
25598,LOF,0.1392164546469124,0.06999656333436906,0.7907869820187186
25599,GOF,0.009608817583568269,0.6201294684017137,0.37026171401471797
25600,GOF,0.011081123015907048,0.5447332268381799,0.444185650145913
25601,LOF,0.006671678830175004,0.2962490389273611,0.697079282242464
25602,LOF,0.02106290918886423,0.07287790109969251,0.9060591897114433
25603,LOF,0.03878217476200006,0.0623380404846179,0.8988797847533819
25604,LOF,0.03894209868990544,0.07083166828505195,0.8902262330250426
25605,LOF,0.013941183795698522,0.18922618820444662,0.7968326279998549
25606,LOF,0.06547397918914871,0.4559736715761256,0.4785523492347257
25607,LOF,0.003518589487584046,0.1407825984297291,0.8556988120826869
25608,LOF,0.06100565035073257,0.023964410895991627,0.9150299387532759
25609,LOF,0.08624690174123895,0.18033312654998304,0.733419971708778
25610,LOF,0.045005224602843535,0.017929816540381473,0.9370649588567751
25611,LOF,0.05671600584546046,0.011249685320701707,0.9320343088338378
25612,LOF,0.2933004711548747,0.015005548307382004,0.6916939805377434
25613,LOF,0.14465843790383826,0.026671153057671867,0.8286704090384899
25614,LOF,0.0388505798696439,0.03459022890899447,0.9265591912213617
25615,LOF,0.07585013552165268,0.027871828276318966,0.8962780362020283
25616,LOF,0.03164807925054063,0.04327273038515774,0.9250791903643015
25617,LOF,0.04385835780116054,0.028701063852267398,0.9274405783465721
25618,LOF,0.24129318845061587,0.04076909911308199,0.7179377124363021
25619,LOF,0.042741784402541026,0.02836353818374317,0.9288946774137157
25620,LOF,0.03864374850678895,0.045693275909792476,0.9156629755834186
25621,LOF,0.03837771647287681,0.019288461924878493,0.9423338216022448
25622,LOF,0.028796222761366248,0.04374165061506533,0.9274621266235684
25623,LOF,0.04903085790971475,0.026729559402547193,0.924239582687738
25624,LOF,0.033315295608925266,0.043454409726467566,0.9232302946646072
25625,LOF,0.041153685691336095,0.041848787307027194,0.9169975270016367
25626,LOF,0.156723779743472,0.018937951346241086,0.8243382689102869
25627,Neutral,0.47381662739459124,0.08662225778592446,0.4395611148194842
25628,LOF,0.1608055904337712,0.03796736337568517,0.8012270461905435
25629,LOF,0.0827355688279431,0.0666043083299107,0.8506601228421462
25630,LOF,0.16386469824819255,0.049576931762706083,0.7865583699891014
25631,Neutral,0.5755414078258521,0.042491117072876866,0.3819674751012711
25632,LOF,0.014803639908009507,0.18407828746441277,0.8011180726275777
25633,LOF,0.20522549449338592,0.39451532708248305,0.40025917842413095
25634,LOF,0.04365896358844932,0.25862846328548605,0.6977125731260646
25635,LOF,0.03503997898683652,0.22255878598014403,0.7424012350330195
25636,LOF,0.005310155486457909,0.41348368028330473,0.5812061642302374
25637,LOF,0.004423601467527647,0.25323285296207687,0.7423435455703955
25638,LOF,0.006152933390166158,0.26155296813862455,0.7322940984712093
25639,LOF,0.00485242516064838,0.20896031731452447,0.7861872575248272
25640,GOF,0.3532705967747072,0.5798532794313653,0.06687612379392749
25641,LOF,0.007824521340946007,0.17587028689148268,0.8163051917675713
25642,LOF,0.2142445203928486,0.06721409822602714,0.7185413813811243
25643,LOF,0.24930143320877762,0.09981808012334462,0.6508804866678778
25644,GOF,0.012825488124210445,0.5179872969792676,0.46918721489652193
25645,GOF,0.009631164694352885,0.6023007730281672,0.3880680622774799
25646,LOF,0.010544689380321508,0.3655846004531232,0.6238707101665553
25647,LOF,0.010151822632136917,0.29385068821431964,0.6959974891535435
25648,LOF,0.007206901343469995,0.35526462795862496,0.637528470697905
25649,LOF,0.007554068667381018,0.23419478729447057,0.7582511440381483
25650,GOF,0.026321255204308575,0.5196579052468812,0.45402083954881023
25651,LOF,0.00677504619574657,0.22968969159465316,0.7635352622096002
25652,LOF,0.01230622767943863,0.3461655163684527,0.6415282559521087
25653,GOF,0.03869334045329716,0.4815454968328019,0.479761162713901
25654,LOF,0.008278889073839592,0.3682560736794554,0.623465037246705
25655,GOF,0.08913776727725149,0.5162452853435116,0.394616947379237
25656,LOF,0.09351388811838902,0.032503431402369665,0.8739826804792412
25657,LOF,0.26092852636218355,0.018091486763900495,0.720979986873916
25658,LOF,0.029212261659813638,0.08165230504048407,0.8891354332997022
25659,LOF,0.2483753697170941,0.08430333933424076,0.6673212909486652
25660,LOF,0.1076376038634944,0.07785723724634895,0.8145051588901567
25661,LOF,0.06368723703011339,0.06346106673788064,0.872851696232006
25662,LOF,0.04002475022800495,0.049944768073187235,0.9100304816988077
25663,LOF,0.04472271176185064,0.08900826785561952,0.8662690203825298
25664,LOF,0.02552069974394149,0.19161466183631773,0.7828646384197407
25665,LOF,0.04664809926631828,0.07393952906332718,0.8794123716703545
25666,LOF,0.033130303947724114,0.23203021420095854,0.7348394818513174
25667,LOF,0.03599060095538821,0.03725087302648226,0.9267585260181295
25668,LOF,0.04174708419051732,0.055115061802056504,0.9031378540074262
25669,LOF,0.03172010984068415,0.09511004908970391,0.873169841069612
25670,LOF,0.06600947996046551,0.09731474952213738,0.8366757705173972
25671,LOF,0.0572239061605651,0.030468362427724542,0.9123077314117103
25672,LOF,0.06042936414022274,0.057538759481461595,0.8820318763783156
25673,LOF,0.03536711835465428,0.10035512044976201,0.8642777611955836
25674,LOF,0.023931187108060737,0.13496438378192618,0.841104429110013
25675,LOF,0.03135956139652009,0.04842010722968597,0.920220331373794
25676,LOF,0.0405674126326052,0.05100865939690608,0.9084239279704887
25677,LOF,0.06995099474913723,0.04633501025790657,0.8837139949929562
25678,LOF,0.14971028145354065,0.0638412732908819,0.7864484452555774
25679,LOF,0.09862749983109989,0.09552360671129251,0.8058488934576076
25680,LOF,0.10697949184135776,0.09266203414464315,0.8003584740139991
25681,LOF,0.10986431968471777,0.09333217027503386,0.7968035100402483
25682,LOF,0.044343374850594294,0.03767027825099128,0.9179863468984145
25683,LOF,0.06725820208552218,0.06576391046825827,0.8669778874462195
25684,LOF,0.06006629316915941,0.054783566569414584,0.885150140261426
25685,LOF,0.11245231997238452,0.03305044807234776,0.8544972319552677
25686,LOF,0.03159995872478784,0.09802258033202171,0.8703774609431905
25687,LOF,0.04684566966586589,0.0923592730550685,0.8607950572790656
25688,LOF,0.02686476189732503,0.11941148248789209,0.853723755614783
25689,LOF,0.015927141426378764,0.07194830843887494,0.9121245501347462
25690,LOF,0.02079587887764231,0.1067909944130774,0.8724131267092803
25691,LOF,0.15492781756670876,0.17010276772876118,0.6749694147045301
25692,LOF,0.3642526203010926,0.013576171554692625,0.6221712081442147
25693,LOF,0.030832030877055196,0.4051790142224873,0.5639889549004574
25694,LOF,0.2534375962396791,0.011265506306710525,0.7352968974536104
25695,LOF,0.19062806826269849,0.01545857999780733,0.7939133517394942
25696,LOF,0.07697299567231537,0.015605285145166629,0.9074217191825179
25697,LOF,0.08012557466078843,0.013781607427550713,0.9060928179116607
25698,LOF,0.017898536796254777,0.25534656087148716,0.726754902332258
25699,LOF,0.05626049527287935,0.3762598166157322,0.5674796881113885
25700,LOF,0.04482407443072999,0.027153561913663887,0.9280223636556061
25701,LOF,0.009408423961192127,0.3368073743691652,0.6537842016696426
25702,GOF,0.03176224141780192,0.49927238542015984,0.4689653731620381
25703,LOF,0.016427417131352328,0.06666750023468479,0.9169050826339629
25704,LOF,0.06160822061464336,0.061351124363210656,0.8770406550221459
25705,LOF,0.11649168247756465,0.1723342200218409,0.7111740975005945
25706,GOF,0.021425183513074358,0.6110681113144598,0.3675067051724658
25707,LOF,0.029270269099487045,0.47342002903775193,0.4973097018627609
25708,GOF,0.009040758732315076,0.5678634921173797,0.42309574915030523
25709,LOF,0.053842054016850625,0.07061752650125287,0.8755404194818965
25710,LOF,0.00772822016021548,0.14606186126348442,0.8462099185763001
25711,LOF,0.060568436556459514,0.1005681128497785,0.8388634505937619
25712,LOF,0.011237585155387139,0.1797643035368808,0.8089981113077321
25713,LOF,0.05126164024851646,0.10000624218559044,0.8487321175658932
25714,LOF,0.04347650165547298,0.1906539241464151,0.765869574198112
25715,LOF,0.046105565012546396,0.1289441785237786,0.8249502564636749
25716,LOF,0.006256612678681556,0.06893824163666061,0.9248051456846579
25717,LOF,0.0063916324073594434,0.0582505729381187,0.9353577946545217
25718,LOF,0.04241222217314274,0.05263758172788789,0.9049501960989694
25719,LOF,0.052147931938667284,0.1092970105286428,0.8385550575326898
25720,LOF,0.04879020309373972,0.11688197537780144,0.8343278215284589
25721,LOF,0.04577993820362757,0.09757597483682502,0.8566440869595473
25722,LOF,0.03868488811121047,0.11275255331480916,0.8485625585739804
25723,LOF,0.06578889135885282,0.10847280672074233,0.8257383019204049
25724,LOF,0.07575961693577991,0.2638057171447299,0.6604346659194903
25725,LOF,0.061391562112932466,0.09626465279823007,0.8423437850888374
25726,LOF,0.05837754024738073,0.08772958536303853,0.8538928743895807
25727,LOF,0.07121271054262138,0.07341334918286228,0.8553739402745163
25728,LOF,0.048218364195281305,0.13005585380622386,0.8217257819984948
25729,LOF,0.05583571788567964,0.13551919274090432,0.8086450893734161
25730,LOF,0.06924878820607148,0.09645361539910345,0.8342975963948251
25731,LOF,0.010088811503202285,0.08813198930687405,0.9017791991899236
25732,LOF,0.02773228509709661,0.06855631243635738,0.9037114024665459
25733,LOF,0.03958857695330539,0.09010585448647697,0.8703055685602177
25734,LOF,0.006511692927896632,0.23360094774352894,0.7598873593285744
25735,LOF,0.036196431715752625,0.08547665419341474,0.8783269140908325
25736,LOF,0.03781201294633989,0.16145010245814045,0.8007378845955198
25737,LOF,0.07000784129146786,0.08552768117105501,0.8444644775374772
25738,LOF,0.05647130009311612,0.17317950581688837,0.7703491940899956
25739,LOF,0.041118095855693024,0.1287703583955757,0.8301115457487314
25740,LOF,0.0736017527552908,0.1207275769549401,0.8056706702897692
25741,LOF,0.06579398126613129,0.12469975115322215,0.8095062675806466
25742,LOF,0.07471956784353637,0.11802455578568848,0.8072558763707751
25743,LOF,0.01426280290556277,0.015784016070047768,0.9699531810243894
25744,LOF,0.1527769179409034,0.1139880594483615,0.7332350226107351
25745,LOF,0.032431694401049246,0.043438999375535386,0.9241293062234153
25746,LOF,0.016831360103011443,0.06334166882156424,0.9198269710754243
25747,LOF,0.05491998081297001,0.02099149558653942,0.9240885236004907
25748,LOF,0.2727040455250452,0.0677585080482737,0.6595374464266811
25749,LOF,0.01933018876370609,0.049343245943214785,0.9313265652930791
25750,LOF,0.01925836824107235,0.05511265902199758,0.92562897273693
25751,LOF,0.04368804266990086,0.07435303588756308,0.8819589214425361
25752,GOF,0.08370209063998704,0.6419681926691793,0.2743297166908336
25753,LOF,0.007324502849829292,0.41304605496430635,0.5796294421858643
25754,GOF,0.009404770212905962,0.9103375881087784,0.08025764167831576
25755,LOF,0.007925485176633771,0.4191067823556067,0.5729677324677596
25756,LOF,0.027498347424771055,0.4778564007201738,0.49464525185505515
25757,GOF,0.009493080683033145,0.8737161285078522,0.11679079080911473
25758,GOF,0.010814186405772499,0.9088956931312137,0.08029012046301388
25759,GOF,0.007276199166413573,0.7652551782227057,0.2274686226108807
25760,LOF,0.006518062822053243,0.35136128250038867,0.6421206546775581
25761,GOF,0.05405442937368906,0.8962236768727662,0.04972189375354462
25762,LOF,0.027825054202732874,0.44078598382178286,0.5313889619754844
25763,LOF,0.006126984035052592,0.30720729520256707,0.6866657207623803
25764,GOF,0.07272705999945606,0.748333450595832,0.17893948940471177
25765,GOF,0.011591593481339835,0.9214410798510307,0.06696732666762947
25766,GOF,0.03388616205800848,0.877019311187964,0.08909452675402758
25767,GOF,0.011805901001454809,0.6268093825453996,0.3613847164531456
25768,LOF,0.0556155882972882,0.05380906866768133,0.8905753430350304
25769,LOF,0.03246118727416455,0.14603571978705654,0.8215030929387789
25770,Neutral,0.513670572478837,0.16501986922130282,0.32130955829986013
25771,LOF,0.022894598289891318,0.07238535427737638,0.9047200474327322
25772,LOF,0.0436741620309716,0.07774703800635104,0.8785787999626774
25773,LOF,0.01935691840073647,0.13398524625307923,0.8466578353461842
25774,LOF,0.02991644099550979,0.32986324523111216,0.6402203137733781
25775,LOF,0.022807749800451253,0.04903977709994887,0.9281524730995998
25776,LOF,0.03249223796484667,0.04797957166023603,0.9195281903749174
25777,LOF,0.08252147939957523,0.25303742635875043,0.6644410942416743
25778,LOF,0.03172632467444153,0.10979390852286264,0.8584797668026959
25779,GOF,0.0568987577222278,0.7459953573565334,0.19710588492123868
25780,GOF,0.0707438916233259,0.7728049776561137,0.15645113072056055
25781,GOF,0.027663354503007918,0.6950399818273162,0.277296663669676
25782,GOF,0.03179654708502129,0.7820925784297805,0.18611087448519817
25783,GOF,0.06663412665138566,0.807669114504124,0.1256967588444903
25784,GOF,0.1326416579577078,0.7566356298103927,0.11072271223189961
25785,GOF,0.1684670660940076,0.7327370449368814,0.09879588896911094
25786,GOF,0.012618364468505734,0.6832329760571945,0.3041486594742997
25787,GOF,0.32962557544240806,0.5800684434841762,0.09030598107341574
25788,LOF,0.023726836658170967,0.07720362853302248,0.8990695348088065
25789,GOF,0.020567284722967413,0.7428178728017222,0.23661484247531053
25790,GOF,0.036095331330427326,0.7149488702177292,0.24895579845184346
25791,GOF,0.026722704631851227,0.5809556271493407,0.39232166821880804
25792,GOF,0.033138348821582966,0.6681801398001197,0.29868151137829724
25793,GOF,0.06552009664489797,0.7232924771704364,0.21118742618466563
25794,GOF,0.059893325672130966,0.4807548935393211,0.4593517807885479
25795,GOF,0.06568868615080585,0.5650554881758008,0.3692558256733935
25796,GOF,0.1753515215743126,0.5109754741789829,0.3136730042467044
25797,GOF,0.05078940875525276,0.5240071430456421,0.42520344819910527
25798,GOF,0.00772152724449388,0.7726178824405485,0.2196605903149576
25799,GOF,0.005460527686741407,0.6850945893602345,0.30944488295302425
25800,GOF,0.025524053364221387,0.8160792698181478,0.15839667681763087
25801,GOF,0.02568775794635296,0.7537863824626824,0.2205258595909646
25802,GOF,0.02720791570632353,0.7064928897492248,0.2662991945444517
25803,GOF,0.023369859303161235,0.6236095810580248,0.3530205596388139
25804,GOF,0.040972428666620056,0.6221572798858808,0.3368702914474992
25805,GOF,0.02949384012424905,0.6937859368776619,0.2767202229980891
25806,GOF,0.04203580636628974,0.6975016108132912,0.26046258282041895
25807,GOF,0.01867525676023257,0.6016336831211929,0.3796910601185745
25808,GOF,0.030667221035199355,0.7206947055497577,0.248638073415043
25809,GOF,0.01777883264166047,0.6266593107373589,0.35556185662098055
25810,GOF,0.014759827194130028,0.634552026144994,0.35068814666087594
25811,GOF,0.08047835555600494,0.7832160782837804,0.13630556616021472
25812,GOF,0.04151284813450811,0.5778353126179105,0.3806518392475814
25813,GOF,0.2495316274667212,0.5879791011948867,0.16248927133839217
25814,GOF,0.0401770479911096,0.6372403298350282,0.32258262217386224
25815,GOF,0.06434349474984803,0.7109528594128794,0.22470364583727256
25816,GOF,0.009081255266462715,0.7424379433711426,0.24848080136239475
25817,GOF,0.12733400575962978,0.5695085777327257,0.3031574165076445
25818,GOF,0.029436997262439365,0.7296933872785644,0.2408696154589962
25819,GOF,0.0493971767367054,0.6428176638223322,0.3077851594409625
25820,GOF,0.05186456932145566,0.5568765603022399,0.3912588703763045
25821,GOF,0.0350596649286806,0.6085910073227164,0.356349327748603
25822,GOF,0.0760524610223763,0.6020945371875727,0.321853001790051
25823,GOF,0.04137305764558639,0.5667131905873083,0.3919137517671053
25824,GOF,0.03061689420892193,0.6781560989009191,0.29122700689015896
25825,GOF,0.020647076724394853,0.6945590778409056,0.28479384543469943
25826,GOF,0.010997835378841712,0.6094764317977688,0.3795257328233894
25827,GOF,0.01941648567819972,0.6734959804497251,0.30708753387207505
25828,GOF,0.012614907376820273,0.7024028538915668,0.284982238731613
25829,GOF,0.004681767225978904,0.5169719266903451,0.47834630608367606
25830,LOF,0.06830380532388677,0.23692525747307897,0.6947709372030343
25831,GOF,0.07703814447430404,0.7594550413707042,0.16350681415499171
25832,GOF,0.010028322050061846,0.7174972396646047,0.2724744382853336
25833,GOF,0.02904594956976401,0.7972434822185239,0.17371056821171207
25834,GOF,0.010341817779916636,0.7371779837688934,0.2524801984511898
25835,GOF,0.029633818072840015,0.839687924709654,0.13067825721750584
25836,GOF,0.008014080456779562,0.7812079360704453,0.2107779834727753
25837,GOF,0.012047759687494747,0.7318154559374243,0.2561367843750809
25838,GOF,0.022995886919469584,0.7942327232735926,0.18277138980693786
25839,GOF,0.06630353730740035,0.7184737549723527,0.21522270772024704
25840,GOF,0.08378614014382782,0.7265647193968212,0.189649140459351
25841,GOF,0.07485916651027436,0.7731747915185774,0.15196604197114813
25842,GOF,0.027710205639859882,0.8369031978759853,0.13538659648415483
25843,GOF,0.026510368697057522,0.8326525176895085,0.14083711361343385
25844,GOF,0.02166487368628782,0.7793409754119852,0.19899415090172703
25845,GOF,0.008932794867942944,0.6644474274782857,0.32661977765377137
25846,GOF,0.07236402939722078,0.8090752652753287,0.11856070532745049
25847,GOF,0.020632186348580744,0.8324155935412478,0.14695222011017128
25848,GOF,0.020771110470004284,0.7964252897713988,0.18280359975859686
25849,GOF,0.007730958477007573,0.7732203577180564,0.219048683804936
25850,GOF,0.008401150076127954,0.6218939577587095,0.3697048921651627
25851,GOF,0.0074808877565468454,0.5581926222857706,0.4343264899576826
25852,GOF,0.17578431947055465,0.4126936926730724,0.411521987856373
25853,GOF,0.06489763475359492,0.5850972378259383,0.3500051274204669
25854,GOF,0.008153907376462547,0.6635645507130291,0.3282815419105083
25855,GOF,0.023820999859929356,0.5369369971183324,0.43924200302173827
25856,GOF,0.051545786105277776,0.697780683308828,0.2506735305858941
25857,GOF,0.024659312551156706,0.5244476450076789,0.45089304244116435
25858,GOF,0.008299323474383781,0.5327918928761408,0.45890878364947535
25859,GOF,0.006428525695359677,0.5180137499212311,0.4755577243834094
25860,GOF,0.07898292122508399,0.5531728092531302,0.3678442695217858
25861,GOF,0.10997029371703564,0.7212595923806822,0.1687701139022823
25862,GOF,0.019550076195301334,0.8518673971764612,0.12858252662823738
25863,GOF,0.017887737854069437,0.8061140780678203,0.1759981840781102
25864,GOF,0.029803791488187105,0.8535770147275789,0.11661919378423419
25865,GOF,0.03135560869063055,0.8281682055801679,0.14047618572920162
25866,GOF,0.017538861201320623,0.8203229028315823,0.16213823596709723
25867,GOF,0.03478732356713998,0.8445653609799633,0.12064731545289677
25868,GOF,0.06840059589044219,0.696706663409997,0.23489274069956081
25869,GOF,0.3187687753638007,0.4905451422614855,0.1906860823747138
25870,LOF,0.07917268871334145,0.30835509329369953,0.612472217992959
25871,GOF,0.010938976722931641,0.5653437064867327,0.42371731679033553
25872,GOF,0.025850292434126815,0.6357965131792056,0.33835319438666767
25873,GOF,0.019819764747247722,0.7321829299998606,0.24799730525289185
25874,LOF,0.03480093530272806,0.06387636565492097,0.9013226990423511
25875,LOF,0.02177986187335634,0.15668142577877203,0.8215387123478717
25876,LOF,0.0223411725306357,0.09309572679741564,0.8845631006719488
25877,LOF,0.08556002360762793,0.2756053021157734,0.6388346742765988
25878,LOF,0.05339443983408084,0.3801500147242215,0.5664555454416976
25879,LOF,0.011246994491375487,0.1806607843052964,0.8080922212033282
25880,LOF,0.04767339638500193,0.024013449094259225,0.9283131545207389
25881,Neutral,0.46362679106474813,0.2954650898298722,0.24090811910537974
25882,LOF,0.036963755520704654,0.15453378477524507,0.8085024597040503
25883,LOF,0.027261531812510006,0.14561910465014025,0.8271193635373497
25884,LOF,0.013032049791338537,0.14213132620550203,0.8448366240031594
25885,LOF,0.14079107895319598,0.03081113965594201,0.8283977813908621
25886,LOF,0.12277376896691777,0.2062982553117921,0.67092797572129
25887,GOF,0.04754595850823957,0.4898321209181273,0.4626219205736331
25888,LOF,0.005566397726865856,0.42852340425624164,0.5659101980168925
25889,LOF,0.022633606281120298,0.09662816255111366,0.8807382311677662
25890,LOF,0.15299308221970298,0.2714411620574787,0.5755657557228184
25891,LOF,0.10277659683449354,0.0688162735439383,0.8284071296215682
25892,LOF,0.00715465811637289,0.04323852732122218,0.949606814562405
25893,LOF,0.24396356743986167,0.015543072999108377,0.74049335956103
25894,LOF,0.306099375350067,0.009574495139884967,0.6843261295100481
25895,LOF,0.254169904293031,0.01343984604121273,0.7323902496657563
25896,LOF,0.0861605178804683,0.03269707161154965,0.881142410507982
25897,LOF,0.10568002464337987,0.021561158224198157,0.8727588171324219
25898,LOF,0.08106561468672849,0.04783190191455749,0.871102483398714
25899,LOF,0.35650105678895777,0.05157275845727958,0.5919261847537627
25900,Neutral,0.9352624421687904,0.006765893212190122,0.057971664619019404
25901,LOF,0.06881600349301464,0.016168797520637233,0.9150151989863481
25902,LOF,0.07801839721764385,0.00947545356155924,0.9125061492207969
25903,LOF,0.15223701520202484,0.03825404280651253,0.8095089419914626
25904,Neutral,0.4631938788810842,0.08768797289691813,0.44911814822199764
25905,LOF,0.01254039310259379,0.25224082588017294,0.7352187810172333
25906,LOF,0.010045116598057643,0.021756462267771143,0.9681984211341712
25907,LOF,0.009701816223205591,0.13299614749237038,0.857302036284424
25908,LOF,0.010014857000313378,0.1558589316505193,0.8341262113491674
25909,LOF,0.057129716070085046,0.07104480022430894,0.871825483705606
25910,LOF,0.014680113302491575,0.13008367165917178,0.8552362150383366
25911,LOF,0.11899601179637688,0.06931280716627365,0.8116911810373495
25912,LOF,0.12497829377252123,0.018911134321661586,0.8561105719058172
25913,LOF,0.014368945211302166,0.06525831074103737,0.9203727440476603
25914,LOF,0.047637054968893186,0.0366747151969423,0.9156882298341646
25915,LOF,0.2189492143381674,0.3884407693564943,0.3926100163053383
25916,LOF,0.018411717918358786,0.16495791995784145,0.8166303621237998
25917,LOF,0.16075935192264182,0.025574709895505688,0.8136659381818525
25918,LOF,0.04864743938620462,0.022194147270224986,0.9291584133435704
25919,LOF,0.04811806297847956,0.01764800579761977,0.9342339312239005
25920,LOF,0.3501792954861033,0.281409479882423,0.36841122463147374
25921,LOF,0.02196543319966728,0.038532999199885135,0.9395015676004476
25922,LOF,0.020162956041620703,0.028318743814629982,0.9515183001437493
25923,LOF,0.41619324091504156,0.0257655988101153,0.5580411602748431
25924,LOF,0.025345956135024612,0.0337939378828622,0.9408601059821132
25925,LOF,0.253221153719037,0.02213415858910055,0.7246446876918626
25926,LOF,0.14617544639336744,0.05021791874963234,0.8036066348570002
25927,LOF,0.02253812885375311,0.07477303915004672,0.9026888319962001
25928,LOF,0.014665216689162378,0.019908750969833376,0.9654260323410042
25929,Neutral,0.5868411921785118,0.026010320538379744,0.38714848728310847
25930,LOF,0.06722060474216475,0.026456839568374507,0.9063225556894607
25931,LOF,0.014904933213370265,0.024349015645256697,0.960746051141373
25932,LOF,0.1045536027264193,0.01416514005683174,0.881281257216749
25933,LOF,0.08972579147498397,0.01040980758921058,0.8998644009358053
25934,LOF,0.08330481486881407,0.012487180743734507,0.9042080043874513
25935,LOF,0.2519372815463707,0.023883309479358916,0.7241794089742704
25936,LOF,0.09078572645691622,0.010981484416376775,0.8982327891267069
25937,LOF,0.018380817021817923,0.02409320857174722,0.9575259744064348
25938,LOF,0.25669129564822585,0.019771517593012714,0.7235371867587614
25939,LOF,0.06670056717257301,0.012059079605014206,0.9212403532224128
25940,LOF,0.008421159168885696,0.44455083340149953,0.5470280074296147
25941,Neutral,0.4919738611463743,0.16347101231046796,0.34455512654315773
25942,LOF,0.009443985939593195,0.19378200655350142,0.7967740075069053
25943,GOF,0.024961889577220484,0.6430353499490534,0.33200276047372607
25944,LOF,0.019024197119837934,0.42035012184894655,0.5606256810312155
25945,LOF,0.09521151018041517,0.17546733105690426,0.7293211587626807
25946,LOF,0.08712667766719918,0.12066234325445335,0.7922109790783474
25947,Neutral,0.48337150311507854,0.08430974729287145,0.4323187495920501
25948,Neutral,0.5051084845353471,0.00968655588449817,0.4852049595801548
25949,LOF,0.12732627745126615,0.02356207544234599,0.8491116471063879
25950,GOF,0.0513008781086714,0.8058053350056659,0.14289378688566273
25951,GOF,0.013254195031092353,0.6365781944463093,0.3501676105225984
25952,GOF,0.07702449393199262,0.5526923795494725,0.37028312651853484
25953,LOF,0.00609574763686716,0.4666953117784784,0.5272089405846544
25954,GOF,0.023513556810993215,0.5349786980157681,0.4415077451732387
25955,GOF,0.0042837832819395015,0.5367381607437205,0.45897805597434005
25956,LOF,0.01083826519079621,0.41803997805258497,0.5711217567566188
25957,LOF,0.24882162603783436,0.04396441725913347,0.7072139567030321
25958,LOF,0.02535480203039251,0.1658818843274527,0.8087633136421548
25959,GOF,0.006561531630203834,0.6756407305070452,0.31779773786275095
25960,LOF,0.004712695407858737,0.19199842604147782,0.8032888785506633
25961,LOF,0.02484275215942815,0.13016575529802682,0.844991492542545
25962,LOF,0.04295713233012489,0.0854781631038601,0.871564704566015
25963,LOF,0.011941099082598477,0.1891469670473583,0.7989119338700432
25964,LOF,0.04842415004407029,0.1588874965268254,0.7926883534291044
25965,LOF,0.16771812554615148,0.1788535290139003,0.6534283454399482
25966,LOF,0.2195652298409653,0.35889531284324777,0.42153945731578696
25967,LOF,0.006971783719912145,0.07529341657527149,0.9177347997048164
25968,LOF,0.07920098482393587,0.2548412036896106,0.6659578114864536
25969,LOF,0.14295635512271468,0.0404543511694236,0.8165892937078617
25970,LOF,0.02281643330813438,0.2452961582144371,0.7318874084774285
25971,LOF,0.07441010651748096,0.10347049436160201,0.822119399120917
25972,LOF,0.0743934090664913,0.1585043208520539,0.7671022700814547
25973,LOF,0.09957148717269464,0.006221232908971932,0.8942072799183334
25974,LOF,0.14179153360082364,0.044549838716113184,0.8136586276830632
25975,LOF,0.043801650965804136,0.009362529482236644,0.9468358195519592
25976,LOF,0.10227059743095904,0.006256607924551087,0.8914727946444899
25977,LOF,0.1860746725305156,0.10535420032866327,0.7085711271408212
25978,LOF,0.11913337692460386,0.1393451707143071,0.7415214523610889
25979,LOF,0.09494100905423064,0.14021699971397558,0.7648419912317937
25980,LOF,0.1445260181430088,0.34341038245039435,0.5120635994065968
25981,LOF,0.14637802531173374,0.3639917621703888,0.48963021251787747
25982,LOF,0.2531282592298404,0.15348754412367552,0.5933841966464841
25983,Neutral,0.4815974605496094,0.1407866234858281,0.37761591596456245
25984,LOF,0.03826952357533285,0.12325792033721995,0.8384725560874472
25985,Neutral,0.4599972828272003,0.23804042254429147,0.30196229462850827
25986,GOF,0.009221651758365517,0.5860655694373874,0.4047127788042472
25987,LOF,0.015104365090751913,0.15831692182313714,0.8265787130861109
25988,LOF,0.034548624158958964,0.20142185528836123,0.7640295205526798
25989,LOF,0.0368587251744404,0.15824284358528062,0.804898431240279
25990,LOF,0.04127892385790961,0.25087241827601686,0.7078486578660734
25991,GOF,0.030178689861528062,0.6641215849363945,0.30569972520207744
25992,LOF,0.00996916368746972,0.42352471623613586,0.5665061200763944
25993,LOF,0.029801370038106456,0.08077212616686523,0.8894265037950284
25994,LOF,0.0344095801769231,0.10662495893165799,0.8589654608914189
25995,LOF,0.01974345849019064,0.17917828461974747,0.8010782568900618
25996,GOF,0.24164578069595458,0.5940556419357284,0.16429857736831696
25997,GOF,0.056057133729213955,0.69906609671794,0.2448767695528462
25998,LOF,0.28076577203293296,0.03791491915868886,0.6813193088083782
25999,LOF,0.028311432471737227,0.4401637536240126,0.5315248139042501
26000,LOF,0.11946767735071016,0.019056613029226167,0.8614757096200637
26001,LOF,0.1317941263739898,0.03648231011790828,0.831723563508102
26002,LOF,0.08129349401282485,0.019367890568908547,0.8993386154182667
26003,GOF,0.007817855810650016,0.49832051567243396,0.4938616285169159
26004,GOF,0.018237114299327773,0.5319439046313936,0.44981898106927853
26005,LOF,0.0061176068321723304,0.4591036392920782,0.5347787538757495
26006,GOF,0.14240450994627024,0.46133235073938467,0.39626313931434504
26007,GOF,0.010710702772123827,0.5033192541975343,0.48597004303034186
26008,LOF,0.007685294345017831,0.45374453150942984,0.5385701741455523
26009,GOF,0.015164571209139109,0.551767581656384,0.43306784713447694
26010,GOF,0.00988804994473961,0.5474086120705731,0.44270333798468725
26011,LOF,0.006944017516876045,0.36848274915246787,0.6245732333306561
26012,LOF,0.007459056394626717,0.37153766602790883,0.6210032775774645
26013,LOF,0.012283080650257905,0.46162227382222154,0.5260946455275206
26014,LOF,0.0673364288002964,0.06534206060115207,0.8673215105985514
26015,LOF,0.3552274005264495,0.05724616736019324,0.5875264321133572
26016,LOF,0.22176413825864102,0.15708809323765419,0.6211477685037048
26017,LOF,0.013732509620359701,0.4286510849024252,0.5576164054772151
26018,LOF,0.020878473922321457,0.16951601967911173,0.8096055063985669
26019,LOF,0.02077223540972776,0.13606724193098227,0.84316052265929
26020,LOF,0.006716230303074097,0.35414880399934756,0.6391349656975782
26021,LOF,0.08106078061439065,0.24095489628201822,0.6779843231035911
26022,LOF,0.054587725784714165,0.06266931220383133,0.8827429620114545
26023,LOF,0.03306335436941802,0.11487971949030602,0.8520569261402761
26024,LOF,0.04457149854063537,0.16307413900406942,0.7923543624552953
26025,LOF,0.09768242900085022,0.22041837660777613,0.6818991943913736
26026,LOF,0.09604433504331707,0.1709321040710445,0.7330235608856386
26027,LOF,0.03023759080799523,0.07452076659416955,0.8952416425978353
26028,LOF,0.05575793732090286,0.21220113061239557,0.7320409320667016
26029,LOF,0.041551392462170086,0.08126035334666123,0.8771882541911686
26030,LOF,0.17954594218226508,0.0099163515456202,0.8105377062721146
26031,LOF,0.02511385157404518,0.08374045759628919,0.8911456908296657
26032,LOF,0.03207401556398337,0.02205473716593913,0.9458712472700774
26033,LOF,0.048999183151355936,0.03747674397789814,0.9135240728707459
26034,LOF,0.030433881208067667,0.06296771821689212,0.9065984005750403
26035,LOF,0.01807969864676929,0.0751127701588991,0.9068075311943317
26036,LOF,0.017122418338091992,0.06270343719662258,0.9201741444652854
26037,LOF,0.01641505449526453,0.057710679637135213,0.9258742658676001
26038,LOF,0.026153330198102717,0.022121063043188664,0.9517256067587087
26039,LOF,0.03618085817766493,0.07828955207730738,0.8855295897450276
26040,LOF,0.06711143680433419,0.12117773240266909,0.8117108307929967
26041,LOF,0.019497994867513784,0.07325587295871501,0.9072461321737713
26042,LOF,0.01892026127263612,0.07417573839082335,0.9069040003365406
26043,LOF,0.026109499645538728,0.044187189135602684,0.9297033112188585
26044,LOF,0.009908940399323541,0.0493067833465813,0.9407842762540952
26045,LOF,0.1030448037872608,0.12612581055148708,0.770829385661252
26046,LOF,0.025313193599167238,0.05261906895732088,0.922067737443512
26047,LOF,0.061919510022222686,0.03975237059581543,0.8983281193819618
26048,LOF,0.07541548924949602,0.02920243224063599,0.895382078509868
26049,Neutral,0.9093492479001122,0.006081042197468104,0.08456970990241984
26050,Neutral,0.8319522738728937,0.007150519151308918,0.16089720697579737
26051,GOF,0.02973522979073125,0.48576781566049826,0.48449695454877045
26052,LOF,0.02760184644991022,0.3995242489157334,0.5728739046343564
26053,LOF,0.04095433640951382,0.055647238019144646,0.9033984255713415
26054,LOF,0.12424789988583936,0.07898842026621593,0.7967636798479447
26055,LOF,0.12801564407945812,0.08964175575934681,0.7823426001611951
26056,LOF,0.11573922906943737,0.09906081780010073,0.7851999531304619
26057,LOF,0.05056592791006533,0.027313667257017983,0.9221204048329167
26058,LOF,0.0573441858422495,0.02053368786431823,0.9221221262934322
26059,Neutral,0.7199246419237906,0.06931306606396019,0.21076229201224933
26060,LOF,0.015501335777021626,0.3086662314555286,0.6758324327674499
26061,LOF,0.012285006205791616,0.01685335070224209,0.9708616430919662
26062,LOF,0.005774549196273167,0.038328267159142185,0.9558971836445848
26063,LOF,0.049129276177599684,0.021867361413085828,0.9290033624093144
26064,LOF,0.010320062140551521,0.021701955153635412,0.9679779827058131
26065,LOF,0.04264625634458228,0.033363771274085775,0.9239899723813318
26066,LOF,0.04551839269936813,0.02137138067267801,0.9331102266279538
26067,LOF,0.056564309102374234,0.023438001954916195,0.9199976889427096
26068,LOF,0.11770303486159817,0.045016596264625355,0.8372803688737765
26069,LOF,0.10506829199336798,0.04558712851682108,0.849344579489811
26070,LOF,0.2871173273977271,0.029270447078051803,0.6836122255242212
26071,LOF,0.044820626146653664,0.02473961497706766,0.9304397588762787
26072,LOF,0.00870064555615785,0.023228418410183478,0.9680709360336587
26073,LOF,0.047174435180884926,0.019142314443616144,0.9336832503754988
26074,Neutral,0.8737981841490448,0.01729567109756648,0.1089061447533887
26075,LOF,0.0596773844817859,0.04442801471129842,0.8958946008069156
26076,LOF,0.0572606214951125,0.045166998609198074,0.8975723798956895
26077,LOF,0.16127432683000545,0.031932030285088606,0.806793642884906
26078,LOF,0.007414344002405437,0.03317044217142775,0.9594152138261668
26079,LOF,0.1404161916743744,0.030893410166011957,0.8286903981596135
26080,LOF,0.1404161916743744,0.030893410166011957,0.8286903981596135
26081,LOF,0.053404016922019466,0.023562994890731777,0.9230329881872487
26082,LOF,0.007410334604574457,0.037165990611625975,0.9554236747837996
26083,LOF,0.04865664083009556,0.06393338077161528,0.8874099783982893
26084,LOF,0.048952967287914845,0.03385064060578667,0.9171963921062984
26085,LOF,0.04431152165191037,0.0286971234598565,0.926991354888233
26086,LOF,0.0365912456969956,0.033488764967026095,0.9299199893359783
26087,LOF,0.04830176521666718,0.0311267386141429,0.9205714961691899
26088,LOF,0.008364781649008715,0.0723936788473206,0.9192415395036706
26089,LOF,0.04541913713752638,0.10922651403932461,0.8453543488231491
26090,LOF,0.04892172863069354,0.08028005869923954,0.8707982126700671
26091,LOF,0.05071972629597753,0.030628159768363975,0.9186521139356585
26092,LOF,0.05529990037476949,0.022669818880912403,0.9220302807443181
26093,LOF,0.07624768545726306,0.015738023274799645,0.9080142912679374
26094,LOF,0.048258236429929734,0.019993028756027164,0.9317487348140431
26095,LOF,0.010909967614393296,0.038009630682003054,0.9510804017036036
26096,LOF,0.3057198908797204,0.005721651644832946,0.6885584574754466
26097,LOF,0.007664234142262994,0.05184011880935835,0.9404956470483787
26098,LOF,0.13638182314027852,0.029117251007743403,0.8345009258519781
26099,LOF,0.04532524880363586,0.09523787939746309,0.8594368717989012
26100,LOF,0.04532524880363586,0.09523787939746309,0.8594368717989012
26101,LOF,0.03731692960767341,0.08536575509234023,0.8773173152999862
26102,LOF,0.04314604795019338,0.03463214088199107,0.9222218111678154
26103,Neutral,0.8499995556409634,0.04699910970415349,0.10300133465488309
26104,LOF,0.13306522005931656,0.0940294963715065,0.7729052835691769
26105,LOF,0.2696088950323036,0.23739378321451146,0.49299732175318484
26106,LOF,0.2850177648195462,0.22388251423544445,0.4910997209450093
26107,LOF,0.009709808609414672,0.14547003072339207,0.8448201606671933
26108,LOF,0.12229617930063326,0.2205099723131073,0.6571938483862595
26109,LOF,0.04673546039025174,0.032595532907693486,0.9206690067020549
26110,Neutral,0.5357317150501532,0.04316512113318677,0.42110316381666013
26111,LOF,0.054159720866706645,0.2752423568287442,0.6705979223045491
26112,LOF,0.07011591004453069,0.03903207938882302,0.8908520105666462
26113,LOF,0.06636758637240789,0.0747102114442841,0.8589222021833081
26114,LOF,0.09128375132364429,0.027137668857585305,0.8815785798187704
26115,LOF,0.01530351215659075,0.17320131072738962,0.8114951771160196
26116,LOF,0.056793872266062806,0.057646423019547456,0.8855597047143897
26117,LOF,0.2130833236193834,0.08578605592577826,0.7011306204548384
26118,LOF,0.04473517476342612,0.0240739156190151,0.9311909096175588
26119,LOF,0.006179591709058938,0.10669157267673361,0.8871288356142074
26120,LOF,0.041789526964320395,0.028553138579362192,0.9296573344563175
26121,LOF,0.004721961505828821,0.13037191603027323,0.8649061224638979
