feature0,prediction,LoGoFunc_Neutral,LoGoFunc_GOF,LoGoFunc_LOF
25546,Neutral,0.6769246032132157,0.037980174846816775,0.28509522193996767
25547,Neutral,0.572211255942072,0.08251190252568345,0.34527684153224447
25548,Neutral,0.5290507540720258,0.05941048958465981,0.4115387563433144
25549,Neutral,0.4987141479198464,0.05880534764329285,0.44248050443686077
25550,LOF,0.4210258474625067,0.09613184070597468,0.4828423118315187
25551,LOF,0.34983296256420116,0.0941063561533597,0.5560606812824391
25552,LOF,0.20553920365581402,0.10919162806019797,0.685269168283988
25553,Neutral,0.8315526591392439,0.02760339027495826,0.14084395058579785
25554,LOF,0.2571432020051134,0.10348537850938525,0.6393714194855014
25555,LOF,0.19749692854637207,0.09991780022391368,0.7025852712297141
25556,Neutral,0.5411900468617455,0.07457421533171148,0.384235737806543
25557,LOF,0.1973601293886835,0.10148974513541771,0.7011501254758987
25558,LOF,0.26195977239765733,0.108086387176167,0.6299538404261756
25559,LOF,0.3841804738554841,0.07553747066932386,0.5402820554751921
25560,LOF,0.06546083152980663,0.18843536938876757,0.7461037990814259
25561,LOF,0.11193378316634006,0.21210180411706558,0.6759644127165942
25562,LOF,0.13022267207248636,0.10109078775796583,0.7686865401695478
25563,LOF,0.12834167209185152,0.10527609373641554,0.7663822341717329
25564,LOF,0.15030197201453538,0.2229882937505419,0.6267097342349227
25565,LOF,0.11891363819505033,0.18850671252917586,0.6925796492757739
25566,GOF,0.01530506606432507,0.7538872634625832,0.23080767047309175
25567,LOF,0.01387358718284113,0.11598722716742793,0.8701391856497309
25568,LOF,0.05521468468465029,0.061436052046605266,0.8833492632687445
25569,LOF,0.06581240414482563,0.05970015330807112,0.8744874425471033
25570,LOF,0.062117475079868395,0.09402971429493898,0.8438528106251926
25571,LOF,0.06216077523253457,0.08233462762117953,0.8555045971462859
25572,LOF,0.06547821723390759,0.11527840389252836,0.8192433788735641
25573,LOF,0.030279535280363777,0.07413548707754553,0.8955849776420907
25574,LOF,0.017235596799723196,0.1302361608628401,0.8525282423374367
25575,LOF,0.05218779027087223,0.08702687292951426,0.8607853367996136
25576,LOF,0.01882416402640591,0.08465945322321194,0.8965163827503821
25577,LOF,0.01363420962006259,0.12580868965675984,0.8605571007231776
25578,LOF,0.27339858544188617,0.07634046858029048,0.6502609459778235
25579,LOF,0.27577983778360815,0.07585076828240003,0.648369393933992
25580,LOF,0.037041351786449926,0.08261742383947408,0.880341224374076
25581,LOF,0.054793152008010236,0.06550551639676952,0.8797013315952201
25582,LOF,0.05456693243364919,0.061373110951052835,0.884059956615298
25583,LOF,0.04577357423733774,0.08206579985880103,0.8721606259038612
25584,Neutral,0.4872925964978002,0.07731077203317752,0.43539663146902224
25585,LOF,0.03154563865675253,0.08751253752397167,0.8809418238192758
25586,LOF,0.04066812521633063,0.06844636669884334,0.890885508084826
25587,LOF,0.03697928479220974,0.0642461330039038,0.8987745822038865
25588,LOF,0.03897966199362492,0.08483624299807997,0.8761840950082952
25589,Neutral,0.6039035870135617,0.09186960740299527,0.3042268055834429
25590,LOF,0.029124813259436118,0.10116516647072309,0.8697100202698408
25591,LOF,0.12347627872974086,0.05006617291967381,0.8264575483505854
25592,LOF,0.1132879486672158,0.10945786879740205,0.7772541825353821
25593,LOF,0.016436808294477002,0.19691663902750361,0.7866465526780193
25594,LOF,0.03682983618857632,0.17385078061012607,0.7893193832012976
25595,LOF,0.06969010251248431,0.13107056161217756,0.7992393358753382
25596,LOF,0.08096898922668046,0.100057741527852,0.8189732692454675
25597,LOF,0.07245584448617652,0.05912923033020395,0.8684149251836194
25598,LOF,0.04937871916175535,0.16960603179075584,0.7810152490474888
25599,GOF,0.00721150921634753,0.6733403899297884,0.31944810085386416
25600,GOF,0.008717908759329918,0.5821899044100555,0.40909218683061455
25601,LOF,0.00740898278203701,0.4250752751373055,0.5675157420806575
25602,LOF,0.01398118737330905,0.09342379570265244,0.8925950169240385
25603,LOF,0.03826661389564121,0.04126694935004042,0.9204664367543184
25604,LOF,0.03329309927606926,0.08731596910489206,0.8793909316190386
25605,LOF,0.009622440328090965,0.2846366035475911,0.7057409561243179
25606,GOF,0.05105437147915886,0.5809989251618761,0.36794670335896495
25607,LOF,0.0034109465963453,0.19580613925146786,0.8007829141521868
25608,LOF,0.050808198844119135,0.04731026566488801,0.9018815354909928
25609,LOF,0.05795291452849143,0.2977475860391467,0.6442994994323619
25610,LOF,0.048908927977656246,0.03854564523220634,0.9125454267901374
25611,LOF,0.06008440279437113,0.030747586015328197,0.9091680111903007
25612,LOF,0.1187801424415542,0.06378827143963339,0.8174315861188123
25613,LOF,0.10449757984792891,0.05434000496163768,0.8411624151904334
25614,LOF,0.03869135417550929,0.04700733110382375,0.914301314720667
25615,LOF,0.07888078788700094,0.04084781251267797,0.880271399600321
25616,LOF,0.03928361715939573,0.053979110980716435,0.9067372718598878
25617,LOF,0.04174336430963045,0.053038507859093226,0.9052181278312763
25618,LOF,0.27746658145499387,0.05006902645309651,0.6724643920919097
25619,LOF,0.04055337470423115,0.043988100810146674,0.9154585244856223
25620,LOF,0.03857675507450348,0.05182487126397814,0.9095983736615184
25621,LOF,0.041518742993733926,0.03591261108994668,0.9225686459163193
25622,LOF,0.03485287989413125,0.0528953618239813,0.9122517582818875
25623,LOF,0.05730472605059618,0.04459865232649203,0.8980966216229119
25624,LOF,0.03332116838235892,0.057784134326495776,0.9088946972911452
25625,LOF,0.040970247742410155,0.055309371324002155,0.9037203809335878
25626,LOF,0.08047898019365281,0.04257614146347629,0.8769448783428709
25627,Neutral,0.5764831062270126,0.11104368972631208,0.31247320404667533
25628,LOF,0.21873967228207084,0.05646773988012945,0.7247925878377998
25629,LOF,0.09078031424006741,0.12924989312292673,0.7799697926370058
25630,LOF,0.19697082506133445,0.09531284459434561,0.70771633034432
25631,Neutral,0.6121359831207827,0.05683849817196318,0.3310255187072542
25632,LOF,0.0202643685626772,0.10135479828149108,0.8783808331558317
25633,LOF,0.21261358565584818,0.10350116092943053,0.6838852534147213
25634,LOF,0.035596542580137065,0.10844571919344168,0.8559577382264213
25635,LOF,0.03509581243686269,0.08827134525096844,0.8766328423121689
25636,GOF,0.00615670106889241,0.6884326111762448,0.3054106877548628
25637,GOF,0.004466887561766193,0.561345706197761,0.43418740624047275
25638,GOF,0.008327484414985051,0.5124274368153503,0.4792450787696646
25639,LOF,0.0047086532242324956,0.4739503014761563,0.5213410452996112
25640,GOF,0.4529440913929456,0.48603750382031996,0.061018404786734454
25641,LOF,0.005335554042688027,0.3714780455399302,0.6231864004173818
25642,LOF,0.2507435489913051,0.13567714556672866,0.6135793054419661
25643,LOF,0.2680821141006317,0.27568267967769083,0.45623520622167735
25644,GOF,0.026640060182308894,0.6668619621574998,0.30649797766019127
25645,GOF,0.022265002195180954,0.5700335445127928,0.40770145329202623
25646,LOF,0.02091091867672479,0.40660860456969933,0.5724804767535758
25647,LOF,0.016484755690325686,0.29462523187483103,0.6888900124348434
25648,LOF,0.013978240005056226,0.35762276271990023,0.6283989972750434
25649,LOF,0.014398176003111001,0.24369514008687507,0.741906683910014
25650,GOF,0.04200403531187899,0.5329652401398333,0.4250307245482877
25651,LOF,0.011219977243166143,0.27276687956906415,0.7160131431877698
25652,LOF,0.01952631935371614,0.3784896919115058,0.601983988734778
25653,GOF,0.08478208285085206,0.5271137704146138,0.3881041467345342
25654,LOF,0.014083767774643494,0.3532796692626148,0.6326365629627417
25655,GOF,0.11650870329187998,0.500418780361055,0.3830725163470649
25656,LOF,0.05465156007260651,0.1065614064676755,0.838787033459718
25657,LOF,0.30318342404524795,0.04655984585475142,0.6502567301000006
25658,LOF,0.033169995537727655,0.21385882271721235,0.7529711817450601
25659,LOF,0.19026681810680443,0.10363749228686005,0.7060956896063355
25660,LOF,0.09517367768002628,0.11145018647095663,0.793376135849017
25661,LOF,0.07664113290835174,0.07685408666366772,0.8465047804279806
25662,LOF,0.03720615654287108,0.06827840052932035,0.8945154429278085
25663,LOF,0.04167161579297772,0.11880235348383418,0.8395260307231881
25664,LOF,0.030916659615738827,0.14713367512392522,0.8219496652603359
25665,LOF,0.044286564688476485,0.07475254674506872,0.8809608885664548
25666,LOF,0.04232083692784854,0.1708653374560686,0.7868138256160829
25667,LOF,0.03694988036412682,0.06216304059290718,0.9008870790429659
25668,LOF,0.0492711927338609,0.06547585317804552,0.8852529540880936
25669,LOF,0.0508106747465359,0.09918506252484387,0.8500042627286202
25670,LOF,0.07807240146190432,0.10718519567524101,0.8147424028628546
25671,LOF,0.04470650044558232,0.05664557666473871,0.898647922889679
25672,LOF,0.050971178995228544,0.08513000395240132,0.8638988170523701
25673,LOF,0.03681351987234842,0.08747977428470201,0.8757067058429496
25674,LOF,0.02592325490597646,0.10438092080666383,0.8696958242873597
25675,LOF,0.03427763837294714,0.08571298087506403,0.8800093807519888
25676,LOF,0.0337086173679333,0.07550143554890194,0.8907899470831648
25677,LOF,0.08038199671763852,0.06667796220302809,0.8529400410793333
25678,LOF,0.14654923919680074,0.04859424287650771,0.8048565179266916
25679,LOF,0.12414586672103994,0.06091401079836628,0.8149401224805938
25680,LOF,0.08500393063486826,0.09908427278735,0.8159117965777818
25681,LOF,0.10155160822056158,0.09434922283462557,0.8040991689448128
25682,LOF,0.05056691228900532,0.06276057691033829,0.8866725108006563
25683,LOF,0.08038150372958724,0.08491820284589204,0.8347002934245208
25684,LOF,0.062124421417896876,0.06944182725546134,0.8684337513266418
25685,LOF,0.12954513247357788,0.05849594544697611,0.811958922079446
25686,LOF,0.031004519015868388,0.1134657715242943,0.8555297094598373
25687,LOF,0.06241235518132054,0.1050702141430895,0.83251743067559
25688,LOF,0.020012439780722077,0.06082516368646958,0.9191623965328084
25689,LOF,0.017894885749379242,0.04337811062901043,0.9387270036216103
25690,LOF,0.017026536310181882,0.048457092505178746,0.9345163711846395
25691,LOF,0.11601521864512788,0.06562439147007708,0.8183603898847951
25692,LOF,0.20419354033627832,0.011208795779600822,0.7845976638841208
25693,LOF,0.03872214272977117,0.24563190521340528,0.7156459520568236
25694,LOF,0.23377899636763905,0.01430857875303653,0.7519124248793243
25695,LOF,0.17508857963312402,0.028727102858239643,0.7961843175086363
25696,LOF,0.06758078588956593,0.024571868813711286,0.9078473452967228
25697,LOF,0.14755708840093693,0.04757653739210797,0.8048663742069551
25698,LOF,0.014623226381308455,0.4460240888464602,0.5393526847722313
25699,LOF,0.10733699753261354,0.10533864380974751,0.7873243586576391
25700,LOF,0.03357532728628273,0.018367798501230468,0.9480568742124869
25701,LOF,0.0161734429047678,0.12182272635997556,0.8620038307352567
25702,GOF,0.022028036653422955,0.7843199927872656,0.19365197055931144
25703,LOF,0.012493095261168765,0.3002815534627357,0.6872253512760955
25704,LOF,0.09023878482465213,0.24452387848210155,0.6652373366932464
25705,LOF,0.08514454841529899,0.2676737520744392,0.6471816995102617
25706,GOF,0.017848376884340603,0.6570389758575108,0.3251126472581487
25707,GOF,0.028523661372898204,0.5561454375889616,0.4153309010381403
25708,GOF,0.008039389499375924,0.5486330890330157,0.44332752146760834
25709,LOF,0.028079178340838305,0.08345411084450728,0.8884667108146544
25710,LOF,0.006072267409486002,0.1774750296690257,0.8164527029214883
25711,LOF,0.02736710657500117,0.1481443443231924,0.8244885491018064
25712,LOF,0.00826653735612313,0.25239390039685233,0.7393395622470246
25713,LOF,0.027854165869540138,0.12297520732222449,0.8491706268082353
25714,LOF,0.025328030702812605,0.168702324215103,0.8059696450820844
25715,LOF,0.03230595458201486,0.13946663450387736,0.8282274109141079
25716,LOF,0.005949718032683821,0.20212372711666862,0.7919265548506474
25717,LOF,0.00611686965150086,0.16893763542195098,0.8249454949265481
25718,LOF,0.027446892960983963,0.09380282347529,0.8787502835637261
25719,LOF,0.03549993423968339,0.1533491413615873,0.8111509243987293
25720,LOF,0.03895140652856519,0.12593434897882888,0.835114244492606
25721,LOF,0.02614719271338372,0.11528281078521892,0.8585699965013974
25722,LOF,0.018898400633970414,0.16859772730179995,0.8125038720642297
25723,LOF,0.03004712925075842,0.13308500491094805,0.8368678658382934
25724,LOF,0.02960444016140523,0.24981665139288145,0.7205789084457134
25725,LOF,0.031947388910729166,0.1113164855317702,0.8567361255575007
25726,LOF,0.021189383788705916,0.15232010036938937,0.8264905158419047
25727,LOF,0.028517952184470723,0.14511314827781063,0.8263688995377186
25728,LOF,0.025590176093208867,0.14502488638420993,0.8293849375225811
25729,LOF,0.02582909492460502,0.160211953834101,0.813958951241294
25730,LOF,0.03080326038006166,0.10309856488754725,0.8660981747323911
25731,LOF,0.009938914087272559,0.1669646783282845,0.823096407584443
25732,LOF,0.022326301537207202,0.11410593948963568,0.8635677589731571
25733,LOF,0.03447408764099428,0.11318981267203998,0.8523360996869657
25734,LOF,0.006612819110345385,0.29283998934285166,0.700547191546803
25735,LOF,0.024576729522012647,0.10142669815414086,0.8739965723238465
25736,LOF,0.022732727660932206,0.176405692766055,0.8008615795730128
25737,LOF,0.05808920920036742,0.15918242272661082,0.7827283680730217
25738,LOF,0.02530848375753527,0.199461854854301,0.7752296613881638
25739,LOF,0.02816498183162526,0.12119873424447782,0.8506362839238969
25740,LOF,0.0331362589757845,0.14988214745346887,0.8169815935707466
25741,LOF,0.039166971814838504,0.1343265133475209,0.8265065148376406
25742,LOF,0.04963085761917208,0.14331882281360275,0.8070503195672253
25743,LOF,0.01091797351420746,0.023741700386734094,0.9653403260990584
25744,LOF,0.21581725695908383,0.20184496865115795,0.5823377743897582
25745,LOF,0.03657488605834201,0.060899772325294844,0.9025253416163631
25746,LOF,0.013963590419565209,0.08792065781903723,0.8981157517613976
25747,LOF,0.038688781864722285,0.024787405800691286,0.9365238123345865
25748,LOF,0.28730327545488943,0.04563092920932456,0.667065795335786
25749,LOF,0.0159170492868271,0.056494832459028886,0.9275881182541441
25750,LOF,0.020614180213341902,0.06527631820427685,0.9141095015823812
25751,LOF,0.03958683284518,0.03958885872883545,0.9208243084259846
25752,GOF,0.06183827705390812,0.7351108774912863,0.20305084545480565
25753,GOF,0.006687563688063268,0.5159175108539462,0.47739492545799056
25754,GOF,0.006860272845941621,0.9100161894716954,0.08312353768236308
25755,LOF,0.006281874366735037,0.4831287841715118,0.510589341461753
25756,GOF,0.020878015800835602,0.5248694406829871,0.45425254351617733
25757,GOF,0.007680307063574068,0.8921807011678519,0.1001389917685742
25758,GOF,0.008604167583977954,0.9102609965403167,0.08113483587570533
25759,GOF,0.005562560251687735,0.7141592799856488,0.2802781597626635
25760,LOF,0.0056917317388842014,0.38798411282666184,0.6063241554344541
25761,GOF,0.041732243177979716,0.8763265298923899,0.08194122692963056
25762,LOF,0.0243442114637519,0.45452246107874783,0.5211333274575003
25763,LOF,0.005770965379427888,0.3524411715282972,0.641787863092275
25764,GOF,0.05282765047540481,0.732784953683043,0.21438739584155225
25765,GOF,0.008227872245345186,0.8992452228171838,0.09252690493747096
25766,GOF,0.0240406741693538,0.8697694096785649,0.10618991615208129
25767,GOF,0.01849660217948962,0.5792983338966264,0.402205063923884
25768,LOF,0.054299202864128024,0.053795074134024644,0.8919057230018475
25769,LOF,0.04131212477483929,0.07393136979788167,0.8847565054272791
25770,LOF,0.14761386430186224,0.10211806456760256,0.7502680711305352
25771,LOF,0.01906180661252698,0.08015725532824866,0.9007809380592244
25772,LOF,0.03233036318699433,0.03154885674027983,0.9361207800727258
25773,LOF,0.014568482024148378,0.08014334613211761,0.905288171843734
25774,LOF,0.02741173692845468,0.157345424674786,0.8152428383967593
25775,LOF,0.01875379034254233,0.04596178982633733,0.9352844198311203
25776,LOF,0.030246844194693995,0.021531892517625845,0.9482212632876801
25777,LOF,0.3089181585177009,0.09015132808885638,0.6009305133934427
25778,LOF,0.02753396255231426,0.06781709960133504,0.9046489378463507
25779,GOF,0.061929833282598816,0.8557706363273426,0.08229953039005843
25780,GOF,0.0776877881837056,0.8495937772901692,0.07271843452612523
25781,GOF,0.03394829591278387,0.8083118046031444,0.15773989948407158
25782,GOF,0.041205808772027314,0.8794866542184084,0.07930753700956433
25783,GOF,0.03597788404973803,0.9017886755078784,0.062233440442383534
25784,GOF,0.12227705323914842,0.82701461379391,0.050708332966941695
25785,GOF,0.12831112344930576,0.8275505280938159,0.044138348456878244
25786,GOF,0.01056276073663747,0.8272251280307873,0.1622121112325752
25787,GOF,0.2789831939983525,0.6588603691852809,0.062156436816366685
25788,LOF,0.01765069653477028,0.1818143940676151,0.8005349093976145
25789,GOF,0.022139184275111717,0.8179905212373976,0.15987029448749054
25790,GOF,0.032143975233540116,0.8667942926849522,0.10106173208150772
25791,GOF,0.029199757991419717,0.6983671044357567,0.2724331375728236
25792,GOF,0.03539623537542196,0.767007274433958,0.19759649019062017
25793,GOF,0.04706466408895399,0.7950347765159459,0.15790055939510012
25794,GOF,0.052527066837656226,0.693713171556007,0.2537597616063368
25795,GOF,0.060062310190866476,0.7153486093334991,0.22458908047563458
25796,GOF,0.1420381313760838,0.753921197330701,0.10404067129321533
25797,GOF,0.07394820249031858,0.6841131652112894,0.24193863229839205
25798,GOF,0.007507028861823025,0.750224017046744,0.24226895409143281
25799,GOF,0.004816765291786254,0.6383044444169783,0.3568787902912355
25800,GOF,0.028914083149136585,0.808473635726433,0.1626122811244304
25801,GOF,0.027660109706275877,0.8730169116861611,0.09932297860756303
25802,GOF,0.03129316436910941,0.7492704129772698,0.21943642265362076
25803,GOF,0.021906909150082858,0.6776519949708909,0.3004410958790264
25804,GOF,0.037105924218378446,0.7447249978272086,0.21816907795441293
25805,GOF,0.034588903511001384,0.786630464916662,0.17878063157233665
25806,GOF,0.04585441770101802,0.7948861294624682,0.1592594528365138
25807,GOF,0.01591621820876874,0.7207195791772942,0.263364202613937
25808,GOF,0.02743430123274102,0.7462366504414808,0.22632904832577827
25809,GOF,0.01302197696277982,0.6645706030126652,0.3224074200245549
25810,GOF,0.011228435597891334,0.6539322290600796,0.33483933534202903
25811,GOF,0.07872942495534174,0.8363400224461189,0.08493055259853932
25812,GOF,0.033451416721449204,0.7274666302705619,0.23908195300798887
25813,GOF,0.20591375926270195,0.7014551346209136,0.0926311061163845
25814,GOF,0.031299631633905006,0.7400259149512063,0.2286744534148887
25815,GOF,0.059354437069148426,0.7833060749037102,0.1573394880271414
25816,GOF,0.009561836264485563,0.8383812977457413,0.15205686598977303
25817,GOF,0.12271802958778195,0.7427088936289775,0.13457307678324054
25818,GOF,0.030260031069722478,0.7454601535134564,0.2242798154168212
25819,GOF,0.05417420683826875,0.7407062678852212,0.2051195252765099
25820,GOF,0.05537894700281522,0.6955766175051783,0.24904443549200653
25821,GOF,0.03858811762262509,0.7399824755052797,0.22142940687209528
25822,GOF,0.06556607568754448,0.7282020156078373,0.20623190870461816
25823,GOF,0.03335033626865451,0.6794938072105307,0.2871558565208149
25824,GOF,0.033476874473261066,0.7299889206762266,0.23653420485051235
25825,GOF,0.026506864027675946,0.7258341874077282,0.24765894856459597
25826,GOF,0.012778103952345814,0.6824820197606979,0.30473987628695637
25827,GOF,0.019389869574507956,0.6813019231487896,0.29930820727670254
25828,GOF,0.011794356079792068,0.7147770282668934,0.27342861565331444
25829,GOF,0.004619089772753569,0.627539673914018,0.36784123631322835
25830,GOF,0.04107562437848299,0.510242618913059,0.44868175670845806
25831,GOF,0.07933267892602396,0.7866515451712353,0.1340157759027407
25832,GOF,0.011003851213609469,0.7050942240367534,0.28390192474963705
25833,GOF,0.04071761677780565,0.7843224756402887,0.17495990758190572
25834,GOF,0.011337666564908148,0.7276644374561816,0.2609978959789103
25835,GOF,0.027912576770507604,0.7975909502178866,0.17449647301160576
25836,GOF,0.007522716030088593,0.714092074938141,0.27838520903177033
25837,GOF,0.009446103967072399,0.7077795987402004,0.28277429729272724
25838,GOF,0.02254737446888098,0.7880491492967148,0.18940347623440434
25839,GOF,0.04979285510839176,0.7670400147743105,0.1831671301172977
25840,GOF,0.0916535338117175,0.7465026002686926,0.16184386591958977
25841,GOF,0.08127964519335276,0.7919829765675518,0.12673737823909545
25842,GOF,0.03130986973720855,0.8509889083990936,0.11770122186369786
25843,GOF,0.029369494200532295,0.8576348111506011,0.11299569464886661
25844,GOF,0.022184236005806966,0.773432944558097,0.204382819436096
25845,GOF,0.00709874662857177,0.6611787604493256,0.3317224929221027
25846,GOF,0.0801178072943369,0.8186428078527448,0.10123938485291842
25847,GOF,0.016978686168770022,0.8408076440426229,0.1422136697886072
25848,GOF,0.0248171028247192,0.7760736093028664,0.19910928787241436
25849,GOF,0.0073252441955633275,0.7299884762838164,0.26268627952062024
25850,GOF,0.006814262064705924,0.647170661291792,0.3460150766435021
25851,GOF,0.006295553791630372,0.5926692813758178,0.4010351648325518
25852,GOF,0.13349626217911018,0.5488275332731398,0.3176762045477499
25853,GOF,0.06162270099445171,0.7610426153799095,0.17733468362563873
25854,GOF,0.006305559787543505,0.664654135053568,0.3290403051588885
25855,GOF,0.02446643428219491,0.5926706833022871,0.38286288241551797
25856,GOF,0.04421732418221242,0.6869997750208848,0.2687829007969027
25857,GOF,0.02442006809919553,0.6008020215630568,0.3747779103377476
25858,GOF,0.009586976459225495,0.567227582182486,0.42318544135828834
25859,GOF,0.007014689926687376,0.5489304839678811,0.44405482610543145
25860,GOF,0.09418675033514992,0.7136069303519038,0.1922063193129463
25861,GOF,0.12351942412548512,0.7835776289194801,0.09290294695503476
25862,GOF,0.025630433569053507,0.8714078741459057,0.10296169228504062
25863,GOF,0.022901195092002617,0.8464318570761323,0.13066694783186494
25864,GOF,0.04213941412746363,0.8716778268919096,0.08618275898062683
25865,GOF,0.04231511605108646,0.8426971031562573,0.1149877807926563
25866,GOF,0.022159781129513844,0.8354163666488114,0.1424238522216748
25867,GOF,0.05061984542868387,0.8346903284215611,0.11468982614975493
25868,GOF,0.06879315759670865,0.7566966260145629,0.17451021638872838
25869,GOF,0.33715974983999353,0.5490116909903865,0.11382855916961993
25870,GOF,0.06285676332698238,0.558034807248563,0.3791084294244546
25871,GOF,0.009333713052590016,0.7673902725708286,0.22327601437658148
25872,GOF,0.02458016452270508,0.7624016781625594,0.21301815731473556
25873,GOF,0.023252282786366353,0.8481589158974296,0.12858880131620395
25874,LOF,0.017800002665039154,0.18528293270730287,0.7969170646276581
25875,LOF,0.024105564759365948,0.12220299377319221,0.8536914414674418
25876,LOF,0.02274293737968398,0.06154177752430777,0.9157152850960082
25877,LOF,0.09470993146929593,0.21396066354989296,0.691329404980811
25878,LOF,0.06163643844495476,0.3052963905743027,0.6330671709807425
25879,LOF,0.011089934603382248,0.18433119036331286,0.8045788750333049
25880,LOF,0.06040795476256094,0.022337176696359675,0.9172548685410793
25881,Neutral,0.5635911639811367,0.11609311756483082,0.32031571845403256
25882,LOF,0.04837399677191388,0.03207461760391424,0.9195513856241718
25883,LOF,0.02932290095855134,0.026531037247245773,0.9441460617942029
25884,LOF,0.017526134727339153,0.03947478894963185,0.9429990763230289
25885,LOF,0.1564993451303081,0.015441377223626158,0.8280592776460658
25886,LOF,0.2627316566640873,0.0496573214777912,0.6876110218581215
25887,LOF,0.08257549271080017,0.18216296321318864,0.7352615440760112
25888,LOF,0.008033968278898324,0.20076699025915803,0.7911990414619438
25889,LOF,0.025471655589890937,0.034353232778288514,0.9401751116318207
25890,LOF,0.17656943746669593,0.05885009475188743,0.7645804677814166
25891,LOF,0.10681975539861072,0.04057394911534629,0.852606295486043
25892,LOF,0.008503667207084417,0.03254822059094196,0.9589481122019737
25893,LOF,0.28308232633332026,0.012066279711814955,0.7048513939548648
25894,LOF,0.34201464484669153,0.007672446434326282,0.6503129087189823
25895,LOF,0.2824415033346405,0.014628760406026207,0.7029297362593333
25896,LOF,0.09150026791782764,0.029371800321270895,0.8791279317609015
25897,LOF,0.12297409869002729,0.012607782330393953,0.8644181189795787
25898,LOF,0.12982602938602933,0.027522282469981424,0.8426516881439893
25899,LOF,0.417998061974894,0.03166894549319118,0.5503329925319148
25900,Neutral,0.7013369420731258,0.01176263719743005,0.28690042072944427
25901,LOF,0.10320334230815573,0.01370438971823977,0.8830922679736045
25902,LOF,0.11217130820742974,0.015098727364600599,0.8727299644279696
25903,LOF,0.16524575224375987,0.03222120220289485,0.8025330455533453
25904,Neutral,0.5588106972250241,0.04559833037282604,0.3955909724021498
25905,LOF,0.00705950389101176,0.38794599518604667,0.6049945009229415
25906,LOF,0.008940931174937135,0.06301047449996583,0.9280485943250971
25907,LOF,0.008119076650990983,0.2508016435287484,0.7410792798202606
25908,LOF,0.007890311762142955,0.23666931946448425,0.7554403687733727
25909,LOF,0.03496792120650116,0.08208264341294852,0.8829494353805503
25910,LOF,0.014371484823465027,0.12428288160581918,0.8613456335707158
25911,LOF,0.18510068587011774,0.019257751920311903,0.7956415622095703
25912,LOF,0.13298619428659084,0.01919834098578558,0.8478154647276236
25913,LOF,0.01627519647437148,0.025840460533326778,0.9578843429923017
25914,LOF,0.04479344525137364,0.028260039334876728,0.9269465154137496
25915,LOF,0.19337607214026675,0.21801182349746828,0.588612104362265
25916,LOF,0.013142715501247751,0.11268656734600911,0.8741707171527432
25917,LOF,0.06323094889130834,0.03130688259743311,0.9054621685112585
25918,LOF,0.03877614566279587,0.017267815324120007,0.9439560390130841
25919,LOF,0.03261056657752693,0.018992811040185673,0.9483966223822875
25920,LOF,0.3309295199484511,0.18356412534372668,0.4855063547078223
25921,LOF,0.020336450340509918,0.017213096292935014,0.9624504533665551
25922,LOF,0.021017526221961735,0.018081835187872968,0.9609006385901653
25923,LOF,0.4760024121841773,0.011276285961601308,0.5127213018542214
25924,LOF,0.03012563804147436,0.01784454384908959,0.952029818109436
25925,LOF,0.12182741412751714,0.025423507623612587,0.8527490782488703
25926,LOF,0.10278173000285734,0.020123666889409378,0.8770946031077332
25927,LOF,0.030582949894522354,0.02336793255904429,0.9460491175464333
25928,LOF,0.015010739230676275,0.01289858315669873,0.9720906776126249
25929,Neutral,0.595117000158254,0.011108308081921094,0.39377469175982494
25930,LOF,0.10280992555043528,0.012309508357673206,0.8848805660918914
25931,LOF,0.01600883990245581,0.011220165814671243,0.972770994282873
25932,LOF,0.09384442498994268,0.01133772621228272,0.8948178487977746
25933,LOF,0.0952100086380098,0.00859023774312685,0.8961997536188633
25934,LOF,0.096926673286262,0.007993087413792212,0.8950802392999457
25935,LOF,0.11945254890150366,0.022260247699488957,0.8582872033990074
25936,LOF,0.09838470458869819,0.007658115030283656,0.8939571803810182
25937,LOF,0.017248375255890073,0.017232929011978877,0.9655186957321311
25938,LOF,0.11563929154243754,0.020572313780693526,0.8637883946768689
25939,LOF,0.062320418063477476,0.011118398856481587,0.9265611830800409
25940,GOF,0.009015618724571949,0.6021775600430166,0.38880682123241145
25941,Neutral,0.5164844498255355,0.03755113552436174,0.44596441465010284
25942,LOF,0.012520647809754409,0.056413079938100276,0.9310662722521453
25943,LOF,0.07229166721585699,0.18631950567172884,0.7413888271124142
25944,LOF,0.058038948955517984,0.10207064124215337,0.8398904098023287
25945,LOF,0.19940025389906896,0.026550393127853848,0.7740493529730772
25946,LOF,0.08101127558907092,0.04026203149380411,0.878726692917125
25947,Neutral,0.47774536343800694,0.1483628711461965,0.37389176541579666
25948,LOF,0.3570725066314285,0.01666557063769437,0.6262619227308771
25949,LOF,0.14438721076777136,0.06767443680449783,0.7879383524277308
25950,GOF,0.09082809714383021,0.6399304616191948,0.269241441236975
25951,LOF,0.01493297338614166,0.46760084768762744,0.5174661789262308
25952,LOF,0.15450501556422996,0.2750350479707898,0.5704599364649802
25953,LOF,0.007985343522431344,0.31536887074132824,0.6766457857362405
25954,GOF,0.07229032761375628,0.48202854925919164,0.445681123127052
25955,LOF,0.00873964353707354,0.3285773520090153,0.6626830044539113
25956,LOF,0.010117143563468602,0.37857576529429027,0.6113070911422411
25957,LOF,0.1739688533417583,0.0456661136796666,0.7803650329785751
25958,LOF,0.030421741778871976,0.06076340747385055,0.9088148507472775
25959,GOF,0.006611961010532239,0.7150237951208944,0.27836424386857334
25960,LOF,0.005237888464167307,0.10187556577640206,0.8928865457594306
25961,LOF,0.023737757964424875,0.052366206504178205,0.9238960355313969
25962,LOF,0.02981522428608123,0.09537680598543674,0.8748079697284821
25963,LOF,0.011698958956319672,0.15393606852841643,0.8343649725152639
25964,LOF,0.04563135667018181,0.0965116709151943,0.8578569724146239
25965,LOF,0.17753417125573973,0.16812424038175372,0.6543415883625066
25966,LOF,0.3147002352751929,0.10049457365829026,0.5848051910665168
25967,LOF,0.0064455077296417815,0.10076819263830122,0.8927862996320569
25968,LOF,0.045776511148663046,0.3397356854589034,0.6144878033924336
25969,LOF,0.13087618147085653,0.11747448481611805,0.7516493337130254
25970,LOF,0.05938461559462973,0.07506979863936106,0.8655455857660093
25971,LOF,0.06419534930081393,0.02779810432617519,0.9080065463730109
25972,LOF,0.07375786292714177,0.03340678297256925,0.892835354100289
25973,LOF,0.07263819163510242,0.012147514602905215,0.9152142937619923
25974,LOF,0.06341180431624399,0.04877728855963337,0.8878109071241227
25975,LOF,0.030993679988113587,0.015013961461659451,0.953992358550227
25976,LOF,0.09124734857447833,0.01563560261399642,0.8931170488115252
25977,LOF,0.21638783806370454,0.04870888723054122,0.7349032747057542
25978,LOF,0.1629242789074458,0.12263159654348411,0.7144441245490701
25979,LOF,0.12365257099215904,0.12567356383408385,0.7506738651737571
25980,LOF,0.20919639417936572,0.24374673805750596,0.5470568677631283
25981,LOF,0.20958239623307828,0.24734995001798704,0.5430676537489347
25982,LOF,0.2744825556668139,0.11571866671302526,0.6097987776201609
25983,Neutral,0.45151982355123876,0.10907158640943108,0.4394085900393301
25984,LOF,0.05358916144810269,0.07436025410944264,0.8720505844424546
25985,Neutral,0.44675141414319824,0.14969193123533667,0.4035566546214651
25986,LOF,0.011599718087936518,0.4317510143090704,0.5566492676029929
25987,LOF,0.03129537017635474,0.09002909768576986,0.8786755321378754
25988,LOF,0.059957063837695605,0.1291120841672089,0.8109308519950954
25989,LOF,0.07047348332005017,0.2105507414842362,0.7189757751957137
25990,LOF,0.06538245877014649,0.33813407391630385,0.5964834673135495
25991,GOF,0.0233549580341523,0.543809540910603,0.43283550105524465
25992,LOF,0.01032481779375023,0.4549345526275632,0.5347406295786866
25993,LOF,0.01893154945145078,0.060098855211349736,0.9209695953371996
25994,LOF,0.02403591763432665,0.07425174980199946,0.9017123325636739
25995,LOF,0.01676857575742775,0.10986220058024875,0.8733692236623236
25996,GOF,0.31931260630641733,0.41585676229272034,0.2648306314008622
25997,GOF,0.05033125652066035,0.5553177166928277,0.39435102678651185
25998,LOF,0.23748827321425905,0.037107760434977155,0.7254039663507638
25999,LOF,0.02590362278395812,0.2919244282461056,0.6821719489699363
26000,LOF,0.1398583325285053,0.014366439201502147,0.8457752282699926
26001,LOF,0.14394084548104638,0.018554096108146994,0.8375050584108066
26002,LOF,0.11113972705323892,0.01916041233440177,0.8696998606123594
26003,GOF,0.006129032145967984,0.5486392563030181,0.445231711551014
26004,GOF,0.015896846487152182,0.5868846136910033,0.39721853982184446
26005,LOF,0.005473986779451193,0.49450606835552474,0.5000199448650241
26006,GOF,0.09318986280809592,0.5083743319669362,0.3984358052249679
26007,GOF,0.009267987551952928,0.5197969128103666,0.47093509963768054
26008,GOF,0.006861279022816521,0.5726548283367036,0.4204838926404799
26009,GOF,0.012179985280139595,0.6264992732840355,0.36132074143582477
26010,GOF,0.010096514865372434,0.5580708900261587,0.43183259510846883
26011,LOF,0.005700204881497513,0.4156132671381993,0.5786865279803032
26012,GOF,0.005323055151512543,0.5074523394405336,0.48722460540795387
26013,LOF,0.010399930312754083,0.47498842746662756,0.5146116422206184
26014,LOF,0.03904966116565523,0.08516506598533932,0.8757852728490053
26015,LOF,0.349887918833048,0.020856842383229733,0.6292552387837222
26016,LOF,0.2896423271051976,0.02726298313260704,0.6830946897621952
26017,LOF,0.020831390014354415,0.10792601421614774,0.8712425957694978
26018,LOF,0.032033829916391025,0.056898496437263184,0.9110676736463457
26019,LOF,0.031797508047133605,0.04928209377087603,0.9189203981819903
26020,LOF,0.007728743681550002,0.10780570491903955,0.8844655513994104
26021,LOF,0.08296302557238558,0.052349823809175335,0.864687150618439
26022,LOF,0.04284270824203122,0.019362014225118008,0.9377952775328507
26023,LOF,0.024787087185464615,0.03344785430825195,0.9417650585062834
26024,LOF,0.05387077845449822,0.03837003203968436,0.9077591895058175
26025,LOF,0.1537425422674167,0.0412281721405837,0.8050292855919996
26026,LOF,0.1459194551237182,0.03349121286578383,0.8205893320104979
26027,LOF,0.032145063020116965,0.0197878780932317,0.9480670588866513
26028,LOF,0.07970216200153868,0.2107787178609631,0.7095191201374982
26029,LOF,0.030546724815474453,0.21243088416613204,0.7570223910183935
26030,LOF,0.12352092238657496,0.02734714885392194,0.8491319287595032
26031,LOF,0.014237027454820656,0.21120264888768006,0.7745603236574992
26032,LOF,0.03660609413515503,0.05446262458215787,0.9089312812826871
26033,LOF,0.03698389077309593,0.059373072401379776,0.9036430368255244
26034,LOF,0.01906258910573708,0.1407941638323085,0.8401432470619543
26035,LOF,0.012323644535285104,0.16046097031167364,0.8272153851530414
26036,LOF,0.011499273077991702,0.1273073018857515,0.8611934250362568
26037,LOF,0.011379985665231516,0.13725232942715526,0.8513676849076132
26038,LOF,0.03090778884878394,0.04981459935348383,0.9192776117977322
26039,LOF,0.032589665340074424,0.1853138442668689,0.7820964903930567
26040,LOF,0.08856537944873498,0.16791769500456788,0.7435169255466971
26041,LOF,0.013679952333087012,0.13648602654110678,0.8498340211258062
26042,LOF,0.01261168305678025,0.1424549123423317,0.8449334046008882
26043,LOF,0.03257667102856377,0.08944688682277008,0.8779764421486661
26044,LOF,0.007812106699135464,0.06966425605356315,0.9225236372473015
26045,LOF,0.07778528063303174,0.2766549864943023,0.6455597328726659
26046,LOF,0.02827878745049598,0.06300957376216682,0.9087116387873372
26047,LOF,0.06272794803343956,0.05652716057771939,0.8807448913888412
26048,LOF,0.08286437058272557,0.03489314419588366,0.8822424852213908
26049,Neutral,0.9413672792112812,0.008569067696856447,0.05006365309186246
26050,Neutral,0.8981072317693461,0.010350337820491308,0.09154243041016244
26051,LOF,0.024384890628212207,0.3486849554677977,0.6269301539039901
26052,LOF,0.029647022203489703,0.28683113685639877,0.6835218409401115
26053,LOF,0.016621727835433954,0.19161756785045445,0.7917607043141116
26054,LOF,0.052173201963049615,0.04401537547740186,0.9038114225595485
26055,LOF,0.0677413179749381,0.0441737970693224,0.8880848849557396
26056,LOF,0.06321752732309072,0.04664670611684625,0.8901357665600631
26057,LOF,0.06764551724066103,0.027856928131001678,0.9044975546283373
26058,LOF,0.0746389433616857,0.021616658726138854,0.9037443979121753
26059,LOF,0.24013544048448077,0.057768205551254184,0.7020963539642651
26060,LOF,0.01760601450682002,0.2160059037661655,0.7663880817270144
26061,LOF,0.012213655037835733,0.01498097073624459,0.9728053742259197
26062,LOF,0.005649296417638645,0.02436117828255297,0.9699895252998084
26063,LOF,0.04918855305574783,0.017080305581594544,0.9337311413626577
26064,LOF,0.00856711777117984,0.019739074644421453,0.9716938075843986
26065,LOF,0.06894440312032818,0.026282393544235744,0.904773203335436
26066,LOF,0.05950568897242933,0.01750826241350765,0.9229860486140631
26067,LOF,0.0546701144631115,0.016369307716731687,0.9289605778201567
26068,LOF,0.052425666916284114,0.03771620373448119,0.9098581293492347
26069,LOF,0.19674729982028832,0.0294891421837136,0.773763557995998
26070,LOF,0.4266114822054436,0.018224439728486513,0.5551640780660698
26071,LOF,0.050255943573890884,0.01967559425157468,0.9300684621745344
26072,LOF,0.007556778102796143,0.01986080420368465,0.9725824176935192
26073,LOF,0.04675928539107106,0.01620044439219688,0.9370402702167321
26074,Neutral,0.6635230380439608,0.01562633202507084,0.3208506299309684
26075,LOF,0.04227680313556202,0.02775537983667229,0.9299678170277657
26076,LOF,0.045872308394755264,0.019713107083348138,0.9344145845218965
26077,LOF,0.16830171764561958,0.015896264909711785,0.8158020174446686
26078,LOF,0.006519171591345105,0.033945171296291904,0.959535657112363
26079,LOF,0.05559156610707759,0.026703115231174444,0.917705318661748
26080,LOF,0.0546125835954974,0.0267413264022984,0.9186460900022042
26081,LOF,0.0475155164348907,0.01687998833938246,0.9356044952257268
26082,LOF,0.006467796979747893,0.021738406319562493,0.9717937967006897
26083,LOF,0.10847688839691658,0.0300114587408133,0.8615116528622702
26084,LOF,0.13616897271252595,0.026538945782279333,0.8372920815051946
26085,LOF,0.12191647137197653,0.022076936733590027,0.8560065918944334
26086,LOF,0.04011212557326553,0.02449334290335482,0.9353945315233796
26087,LOF,0.04505611929922116,0.02068694456697406,0.9342569361338049
26088,LOF,0.006927154113067878,0.04276406137298044,0.9503087845139516
26089,LOF,0.03852220778496451,0.03891642448049046,0.9225613677345451
26090,LOF,0.037865208689921305,0.03480276616871437,0.9273320251413644
26091,LOF,0.031612879222495345,0.01699980940314519,0.9513873113743594
26092,LOF,0.041429476187396126,0.0141667437669555,0.9444037800456484
26093,LOF,0.06323846311917347,0.009441698690244645,0.927319838190582
26094,LOF,0.03902913388803186,0.012195573165660603,0.9487752929463076
26095,LOF,0.012086695576939222,0.024691454239592254,0.9632218501834686
26096,LOF,0.26863606513726357,0.005382820285806692,0.7259811145769298
26097,LOF,0.0066962747033424705,0.050301391797502565,0.9430023334991551
26098,LOF,0.055893222780440524,0.025180594250961412,0.918926182968598
26099,LOF,0.05225857035301268,0.03477623234536736,0.9129651973016201
26100,LOF,0.05229173812338574,0.03477325093597743,0.9129350109406369
26101,LOF,0.04581881440590089,0.05271537250181782,0.9014658130922814
26102,LOF,0.04201096807976741,0.022347757592864913,0.9356412743273678
26103,Neutral,0.8967906284556258,0.03565699609028448,0.06755237545408971
26104,LOF,0.049244948407660916,0.058944663575775755,0.8918103880165634
26105,LOF,0.2593397238011627,0.07204809365595365,0.6686121825428836
26106,LOF,0.2763177867825659,0.0321542993518847,0.6915279138655493
26107,LOF,0.01585348628794919,0.06380265382977966,0.9203438598822712
26108,LOF,0.17005967337109434,0.06260264388569471,0.7673376827432109
26109,LOF,0.04709023453684037,0.06314953799131391,0.8897602274718458
26110,LOF,0.3951435607178858,0.012363462758675696,0.5924929765234385
26111,LOF,0.06833760329779016,0.07894858007178905,0.8527138166304207
26112,LOF,0.07010565225551689,0.011784964683158984,0.9181093830613241
26113,LOF,0.11581578718844329,0.026479048901286655,0.85770516391027
26114,LOF,0.09976952060763826,0.0123141168058995,0.8879163625864622
26115,LOF,0.021581636705911345,0.07041729511437808,0.9080010681797106
26116,LOF,0.08177254157724356,0.024683165813678493,0.893544292609078
26117,LOF,0.3874499667542794,0.03490144599818343,0.5776485872475372
26118,LOF,0.03973580284803603,0.020531854290896958,0.939732342861067
26119,LOF,0.006352172695303463,0.08322783171811712,0.9104199955865795
26120,LOF,0.03205564004749149,0.015602398429657126,0.9523419615228513
26121,LOF,0.0044564970978852965,0.1095500591569892,0.8859934437451255
