feature0,prediction,LoGoFunc_Neutral,LoGoFunc_GOF,LoGoFunc_LOF
25546,Neutral,0.6179523556783484,0.11987671506581828,0.26217092925583335
25547,Neutral,0.47162905423816237,0.23569414904789734,0.2926767967139403
25548,Neutral,0.44212669005262883,0.1849759304375508,0.3728973795098204
25549,Neutral,0.4155796314109625,0.18691266599012063,0.3975077025989169
25550,LOF,0.33309552135213816,0.24519618511129,0.42170829353657174
25551,LOF,0.28643166317488744,0.22100008431197088,0.4925682525131415
25552,LOF,0.165757023927343,0.22998001420607808,0.6042629618665789
25553,Neutral,0.801049190148743,0.055190526827471866,0.14376028302378532
25554,LOF,0.20436951660655114,0.2246857017162106,0.5709447816772383
25555,LOF,0.16541851562066004,0.20016258395688996,0.63441890042245
25556,Neutral,0.4972250280177765,0.14875907399600768,0.3540158979862158
25557,LOF,0.162128202606928,0.21018260513980255,0.6276891922532696
25558,LOF,0.20083115053633865,0.24758602881490432,0.551582820648757
25559,Neutral,0.49616702574335303,0.01882921502436019,0.48500375923228667
25560,LOF,0.03860039420282433,0.204954603941283,0.7564450018558926
25561,LOF,0.09757303998722341,0.2601095109449979,0.6423174490677787
25562,LOF,0.12456421747947778,0.0536130014485538,0.8218227810719685
25563,LOF,0.10840587705500127,0.10716836859663237,0.7844257543483664
25564,LOF,0.08020730207016437,0.12251528668795734,0.7972774112418783
25565,LOF,0.13955233681816093,0.24476233083792484,0.6156853323439142
25566,GOF,0.01959042780681164,0.6917203592912925,0.28868921290189586
25567,LOF,0.010614451922656379,0.18040957660232246,0.8089759714750211
25568,LOF,0.04545518639405018,0.07029644202342566,0.8842483715825242
25569,LOF,0.0624410464909756,0.06178671581649825,0.8757722376925262
25570,LOF,0.04535271442832966,0.07709953082940743,0.877547754742263
25571,LOF,0.050996068002690215,0.07187326736537211,0.8771306646319376
25572,LOF,0.050482155402200565,0.08671021768731517,0.8628076269104843
25573,LOF,0.02790946269385577,0.09169509412529582,0.8803954431808483
25574,LOF,0.014006885956351555,0.23253206392094225,0.7534610501227061
25575,LOF,0.045239977410702396,0.061134316874308474,0.8936257057149891
25576,LOF,0.016363882278027764,0.07009541957002685,0.9135406981519453
25577,LOF,0.011806362338716727,0.06050504088608218,0.9276885967752011
25578,LOF,0.27054021356182467,0.07458088138052055,0.6548789050576548
25579,LOF,0.2703367966394301,0.07419918554495689,0.6554640178156131
25580,LOF,0.02734836078887984,0.05902553345808554,0.9136261057530347
25581,LOF,0.04258659460559154,0.08340032486255801,0.8740130805318505
25582,LOF,0.041964698813698006,0.07547917780787217,0.8825561233784297
25583,LOF,0.02860198232478111,0.060834869770689345,0.9105631479045295
25584,Neutral,0.5179333128894948,0.10570813821760028,0.3763585488929049
25585,LOF,0.021368594990468972,0.07805119091792914,0.9005802140916019
25586,LOF,0.027240725309287905,0.05168996912829278,0.9210693055624194
25587,LOF,0.023804800033536636,0.04640570117668208,0.9297894987897813
25588,LOF,0.02284045801369202,0.060873212260756,0.916286329725552
25589,Neutral,0.648742894476834,0.12588054772406998,0.22537655779909616
25590,LOF,0.02339467286816551,0.10709643779645944,0.869508889335375
25591,LOF,0.09801762834085653,0.050758973031597,0.8512233986275466
25592,LOF,0.07416121721757978,0.09098710925517045,0.8348516735272498
25593,LOF,0.011541237906726032,0.4787663936428611,0.5096923684504129
25594,LOF,0.037550887351724675,0.08770173409853627,0.8747473785497392
25595,LOF,0.0617664651675224,0.06803089788785206,0.8702026369446255
25596,LOF,0.10856257143925135,0.04903010160900565,0.8424073269517429
25597,LOF,0.0901152697672283,0.016290158770514176,0.8935945714622574
25598,LOF,0.05122812457281218,0.07962898833635877,0.8691428870908291
25599,LOF,0.008490032206394944,0.477456337624923,0.514053630168682
25600,LOF,0.010203380750173241,0.36480748047895895,0.6249891387708677
25601,LOF,0.007742270515778229,0.1862731882850693,0.8059845411991525
25602,LOF,0.0231234610226748,0.06018881222143892,0.9166877267558864
25603,LOF,0.0418503957740523,0.06564216785096501,0.8925074363749828
25604,LOF,0.0394042482137858,0.060398391365208734,0.9001973604210055
25605,LOF,0.01237414419760973,0.19227695206769108,0.7953489037346992
25606,GOF,0.06599290160850185,0.4897595415704489,0.44424755682104927
25607,LOF,0.003626564346510235,0.10283625695027646,0.8935371787032134
25608,LOF,0.049248334243458466,0.026430389214414304,0.9243212765421274
25609,LOF,0.081334718229617,0.23906714198018034,0.6795981397902027
25610,LOF,0.044369052234172764,0.018010975503883784,0.9376199722619436
25611,LOF,0.05877555839648011,0.01105836267360564,0.9301660789299142
25612,LOF,0.11594609325611639,0.028217782526822298,0.8558361242170615
25613,LOF,0.09370296110609562,0.03138047831282456,0.8749165605810798
25614,LOF,0.04067975956586682,0.03161036600818275,0.9277098744259504
25615,LOF,0.08031466958173603,0.03296142625518567,0.8867239041630782
25616,LOF,0.03161761848837148,0.037882607975650746,0.9304997735359778
25617,LOF,0.04809392887372697,0.023140737969492554,0.9287653331567806
25618,LOF,0.2394162747160283,0.03224512477150422,0.7283386005124675
25619,LOF,0.04266199734425817,0.029253217207003947,0.928084785448738
25620,LOF,0.03567671334436923,0.04472366127340994,0.9195996253822207
25621,LOF,0.04125870573325719,0.01919981794794503,0.9395414763187977
25622,LOF,0.029071697103491348,0.05399430188371536,0.9169340010127932
25623,LOF,0.05057522053657224,0.03493919293378776,0.91448558652964
25624,LOF,0.03425233170585308,0.03927398745124551,0.9264736808429014
25625,LOF,0.048047091705765294,0.046420074356338485,0.9055328339378963
25626,LOF,0.07810622082021895,0.026732989982225907,0.8951607891975552
25627,Neutral,0.5159890072828358,0.11696649336804675,0.36704449934911737
25628,LOF,0.18115019503418106,0.06107940412103013,0.7577704008447887
25629,LOF,0.0540110141952181,0.08456871991656223,0.8614202658882196
25630,LOF,0.190637593463,0.07818526769986184,0.7311771388371381
25631,Neutral,0.5971385478757546,0.0735321778518019,0.3293292742724435
25632,LOF,0.01366035518063258,0.16300015938033885,0.8233394854390286
25633,LOF,0.2246966295813707,0.29570258296994345,0.47960078744868595
25634,LOF,0.03343898844637048,0.23474164655589871,0.7318193649977308
25635,LOF,0.04074858545261691,0.17708247328911128,0.7821689412582717
25636,GOF,0.0056390366029843795,0.5814695259660477,0.4128914374309679
25637,LOF,0.004659382901053757,0.3860602694611881,0.6092803476377582
25638,LOF,0.005986072343289252,0.3774053152393939,0.6166086124173168
25639,LOF,0.0049531992042728765,0.3018406379225095,0.6932061628732177
25640,GOF,0.3074482026676625,0.6274070734918958,0.0651447238404417
25641,LOF,0.007346429605115531,0.17626890305812787,0.8163846673367566
25642,LOF,0.22894545715250586,0.07373385725562148,0.6973206855918727
25643,LOF,0.24765866510761442,0.07148615963162244,0.6808551752607631
25644,GOF,0.01142736065189196,0.5144345334760659,0.47413810587204225
25645,GOF,0.008059348286245048,0.5875991548442537,0.40434149686950127
25646,LOF,0.009539793442352855,0.3460989867678662,0.6443612197897809
25647,LOF,0.00929986844106107,0.283545845944824,0.7071542856141149
25648,LOF,0.005950085807510927,0.36204764830926117,0.6320022658832279
25649,LOF,0.007000752193786177,0.19075093067939772,0.8022483171268162
25650,LOF,0.01912792315298079,0.47777721099319687,0.5030948658538223
25651,LOF,0.006291109660174905,0.2231989677154768,0.7705099226243484
25652,LOF,0.010172757702974782,0.3622809678381881,0.6275462744588371
25653,GOF,0.035361917662778644,0.5041340650428926,0.46050401729432877
25654,LOF,0.007006660822332567,0.37582892589550554,0.6171644132821618
25655,GOF,0.0676351069135395,0.48501718163437785,0.4473477114520827
25656,LOF,0.08945856244332331,0.02979260343315089,0.8807488341235257
25657,LOF,0.2716196825468925,0.01976367755565055,0.7086166398974569
25658,LOF,0.027873932529303754,0.07071608739978225,0.901409980070914
25659,LOF,0.2444038887452054,0.08501856975493893,0.6705775414998557
25660,LOF,0.1043901821400293,0.07236475682250933,0.8232450610374613
25661,LOF,0.06295397149357701,0.06325169886136153,0.8737943296450614
25662,LOF,0.04173862589078624,0.05430691953526697,0.9039544545739467
25663,LOF,0.04143461766759586,0.09898887850730843,0.8595765038250958
25664,LOF,0.026367323711134354,0.216182686526538,0.7574499897623276
25665,LOF,0.042592076444181434,0.05685832858384032,0.9005495949719782
25666,LOF,0.038261289026029044,0.19136986740571166,0.7703688435682592
25667,LOF,0.0408421344580593,0.03348184603588386,0.9256760195060569
25668,LOF,0.04346489647725748,0.049791985811374506,0.906743117711368
25669,LOF,0.036494660988807215,0.08019440916508899,0.8833109298461037
25670,LOF,0.06660620901958716,0.10200825036318818,0.8313855406172246
25671,LOF,0.05577341365365065,0.042629367754961976,0.9015972185913873
25672,LOF,0.05074024848839257,0.06116604809975444,0.8880937034118529
25673,LOF,0.039613243902666684,0.06665786396407604,0.8937288921332573
25674,LOF,0.02665263844207084,0.09949409897400083,0.8738532625839284
25675,LOF,0.03207123167823457,0.044031833680266495,0.9238969346414989
25676,LOF,0.03969320093780998,0.06083539811292324,0.8994714009492667
25677,LOF,0.07653067265630209,0.04727746700133605,0.876191860342362
25678,LOF,0.1548228361586507,0.05956366591774966,0.7856134979235996
25679,LOF,0.11146436724396322,0.09446827591172932,0.7940673568443075
25680,LOF,0.10640283297487795,0.08749715452345398,0.8061000125016682
25681,LOF,0.11265870855116188,0.08654368321180683,0.8007976082370313
25682,LOF,0.043813160007217765,0.042376548185060904,0.9138102918077213
25683,LOF,0.08009091931933514,0.07053162618224805,0.8493774544984168
25684,LOF,0.05664005443417337,0.05391483277909214,0.8894451127867345
25685,LOF,0.11120073459671004,0.04609219449802858,0.8427070709052614
25686,LOF,0.028940381421646063,0.09944633178489211,0.871613286793462
25687,LOF,0.04388359956355504,0.12603332876108064,0.8300830716753642
25688,LOF,0.02471891759495397,0.127723572044199,0.847557510360847
25689,LOF,0.016033286920437755,0.07418474591513616,0.9097819671644262
25690,LOF,0.019907586720404814,0.08933156586911302,0.8907608474104822
25691,LOF,0.14878371225071452,0.13284345941529574,0.7183728283339897
25692,LOF,0.3471704299660517,0.016210471067147382,0.6366190989668009
25693,LOF,0.028840404004039675,0.4675592182012787,0.5036003777946816
25694,LOF,0.255156954055266,0.01473819477204517,0.7301048511726889
25695,LOF,0.1940178078736768,0.020824510631057818,0.7851576814952654
25696,LOF,0.08053267209435867,0.018107595703931025,0.9013597322017104
25697,LOF,0.07631105897952176,0.010308547924616279,0.9133803930958618
25698,LOF,0.016920913058776868,0.20434005250570994,0.7787390344355132
25699,LOF,0.07997222699023675,0.31206526812667174,0.6079625048830914
25700,LOF,0.051475988053156216,0.02083442174801507,0.9276895901988287
25701,LOF,0.011886881906462497,0.34641589365089354,0.6416972244426439
25702,GOF,0.03181810193688056,0.5623761221386556,0.4058057759244638
25703,LOF,0.016490825530176046,0.06042837247850198,0.923080801991322
25704,LOF,0.06482765656847497,0.04875027927439986,0.8864220641571251
25705,LOF,0.09051702874984109,0.16099644346609693,0.748486527784062
25706,GOF,0.02322725616940177,0.6579685026222466,0.31880424120835155
25707,GOF,0.030257223614979886,0.5537106486249467,0.4160321277600734
25708,GOF,0.009495953790196356,0.5930533499608626,0.39745069624894125
25709,LOF,0.0497679783546869,0.0663428499395163,0.8838891717057967
25710,LOF,0.007735438961737331,0.14134688834489154,0.850917672693371
25711,LOF,0.04725468245939812,0.0994984980123434,0.8532468195282585
25712,LOF,0.010087581648950005,0.1869601189788733,0.8029522993721767
25713,LOF,0.036895223483435984,0.09836735998462173,0.8647374165319422
25714,LOF,0.03392488143487705,0.18420454248656046,0.7818705760785625
25715,LOF,0.042368632707276935,0.10796144986386678,0.8496699174288562
25716,LOF,0.006172895048509244,0.08436926206014134,0.9094578428913493
25717,LOF,0.006637893004325399,0.09815320245910036,0.8952089045365743
25718,LOF,0.03657238434052321,0.07543437900606377,0.887993236653413
25719,LOF,0.038384939170079305,0.11694438905547926,0.8446706717744414
25720,LOF,0.035080097825741216,0.11489534404998929,0.8500245581242695
25721,LOF,0.03848964385651399,0.10577761232549196,0.8557327438179941
25722,LOF,0.029442866276164305,0.12897652598782333,0.8415806077360123
25723,LOF,0.0517646042076085,0.11437782499522464,0.8338575707971668
25724,LOF,0.06780518648451465,0.2793381640037703,0.6528566495117151
25725,LOF,0.05874686804743639,0.09582463994576775,0.8454284920067959
25726,LOF,0.03496120504444664,0.10167451403468798,0.8633642809208653
25727,LOF,0.046507768668982964,0.08432704556154717,0.8691651857694699
25728,LOF,0.04166355578332755,0.1234575009558808,0.8348789432607917
25729,LOF,0.04532273354143677,0.12508865700413327,0.8295886094544299
25730,LOF,0.053303469481527616,0.09087022656086637,0.855826303957606
25731,LOF,0.00881845784981187,0.09414187665530532,0.8970396654948827
25732,LOF,0.029593913466403485,0.05564963838005528,0.9147564481535412
25733,LOF,0.037109897791681834,0.08588286325106811,0.8770072389572501
25734,LOF,0.006332430516450961,0.29059404895047686,0.7030735205330721
25735,LOF,0.033731640851912444,0.08860319731944792,0.8776651618286396
25736,LOF,0.031003228317353783,0.16881393560517816,0.8001828360774681
25737,LOF,0.059129026093539386,0.08918971285474325,0.8516812610517174
25738,LOF,0.042175968518735764,0.17742003232028047,0.7804039991609838
25739,LOF,0.03290591990526724,0.13537833553529494,0.831715744559438
25740,LOF,0.06158894693280369,0.1164844242384727,0.8219266288287237
25741,LOF,0.058649855799885846,0.1074202447102484,0.8339298994898658
25742,LOF,0.06001434120273599,0.11579606490552691,0.8241895938917371
25743,LOF,0.012842878440482354,0.01339749636469166,0.973759625194826
25744,LOF,0.14638379181375166,0.12604143170952053,0.7275747764767279
25745,LOF,0.03063666552663254,0.05562515975012097,0.9137381747232465
25746,LOF,0.014603350510896253,0.0846765239355649,0.9007201255535388
25747,LOF,0.055586364465255264,0.02588935447260866,0.918524281062136
25748,LOF,0.31651831913000417,0.06604634009500591,0.61743534077499
25749,LOF,0.019587796243965443,0.05563640369662745,0.9247758000594071
25750,LOF,0.020630800603330782,0.06722926854000454,0.9121399308566646
25751,LOF,0.045180382505244164,0.057502448213970346,0.8973171692807855
25752,GOF,0.10114688529502458,0.546916897248941,0.35193621745603454
25753,LOF,0.007377372182581977,0.36228520598664526,0.6303374218307728
25754,GOF,0.009604485711306138,0.8918544434691827,0.09854107081951106
25755,LOF,0.008127453912651246,0.34107542757217696,0.6507971185151717
25756,LOF,0.023974027890844126,0.386494005236388,0.5895319668727679
25757,GOF,0.008949720628220104,0.8574727697750609,0.13357750959671882
25758,GOF,0.010218796607713883,0.8878609431188813,0.10192026027340484
25759,GOF,0.007234757481170985,0.6802626056618308,0.3125026368569983
25760,LOF,0.0067580479783759355,0.2553378699729884,0.7379040820486356
25761,GOF,0.053806289033832624,0.8816658201462138,0.0645278908199536
25762,LOF,0.02430919120165769,0.3559988024281175,0.6196920063702247
25763,LOF,0.006094591948063407,0.2642046877806786,0.729700720271258
25764,GOF,0.07469437149960145,0.6605035707760413,0.2648020577243572
25765,GOF,0.010101973627097442,0.9074081060125874,0.08248992036031516
25766,GOF,0.03188313039399328,0.856810438847381,0.11130643075862584
25767,GOF,0.01127409620281737,0.5626863796372259,0.4260395241599567
25768,LOF,0.05123727317521618,0.07998379448707423,0.8687789323377096
25769,LOF,0.03153718789147593,0.10734472752968446,0.8611180845788396
25770,LOF,0.16053260866137414,0.15416052694089583,0.68530686439773
25771,LOF,0.023367670485134228,0.08226328117703888,0.8943690483378268
25772,LOF,0.05000858052050499,0.057223929868779784,0.8927674896107152
25773,LOF,0.019414573962529463,0.1179922601641755,0.862593165873295
25774,LOF,0.025767842017711696,0.24963042126859747,0.7246017367136909
25775,LOF,0.023179767551079113,0.0520372061393077,0.9247830263096132
25776,LOF,0.03869109877330351,0.03753298073635418,0.9237759204903423
25777,LOF,0.20885531653320505,0.17391852117007361,0.6172261622967213
25778,LOF,0.030287920484798322,0.09803487942229633,0.8716772000929054
25779,GOF,0.06129908071698309,0.7723925659384527,0.16630835334456406
25780,GOF,0.07398764690845668,0.7936476807216699,0.13236467236987337
25781,GOF,0.029613191271301284,0.7501113609788627,0.22027544774983598
25782,GOF,0.03231688034805126,0.8279139012552129,0.13976921839673584
25783,GOF,0.06625106027187168,0.8242655031242547,0.10948343660387358
25784,GOF,0.11236231511941065,0.7781862866304078,0.10945139825018158
25785,GOF,0.15346505232263008,0.7710082312662092,0.07552671641116075
25786,GOF,0.015094163949383477,0.6743109412414359,0.3105948948091807
25787,GOF,0.3334052979350618,0.5772186479661375,0.08937605409880069
25788,LOF,0.02202102537930084,0.07269947081147818,0.905279503809221
25789,GOF,0.019484686274429362,0.7722838046470433,0.20823150907852733
25790,GOF,0.030711986026405447,0.7342131003869888,0.23507491358660582
25791,GOF,0.03215810919687597,0.5269412699646986,0.44090062083842546
25792,GOF,0.03767089564835074,0.6275618063370029,0.3347672980146464
25793,GOF,0.059457810773621576,0.6719176930869787,0.26862449613939976
25794,GOF,0.05469755161116686,0.4937892380595204,0.4515132103293127
25795,GOF,0.06283845623260396,0.5535523945131208,0.38360914925427536
25796,GOF,0.17882135416916506,0.5892024349746996,0.23197621085613532
25797,GOF,0.08363126481389552,0.5040812837414665,0.412287451444638
25798,GOF,0.008131125539119325,0.7610235192714815,0.23084535518939917
25799,GOF,0.005515460241855296,0.6393585978312912,0.3551259419268534
25800,GOF,0.024933083730011504,0.812520415976385,0.1625465002936034
25801,GOF,0.02593543830794212,0.7845146637347034,0.1895498979573545
25802,GOF,0.02714642922041934,0.7079906171605298,0.2648629536190508
25803,GOF,0.02461202726122984,0.6087326536495326,0.36665531908923765
25804,GOF,0.043781796756407185,0.6003985669613693,0.3558196362822235
25805,GOF,0.0304327866953413,0.6849878802354737,0.2845793330691849
25806,GOF,0.03954471860671211,0.6942338919782728,0.26622138941501505
25807,GOF,0.017740382529935338,0.5486132187535128,0.433646398716552
25808,GOF,0.028408637090552042,0.6882936411287333,0.28329772178071466
25809,GOF,0.014992773540474711,0.5749417981620051,0.4100654282975201
25810,GOF,0.012810578334820506,0.5838760740857939,0.4033133475793856
25811,GOF,0.07815553096618426,0.7708261420007916,0.15101832703302415
25812,GOF,0.04519699305746187,0.5926002490290592,0.362202757913479
25813,GOF,0.25128976826220756,0.5800191600593071,0.16869107167848532
25814,GOF,0.039445144906715926,0.6327575408693707,0.3277973142239132
25815,GOF,0.06444078280746758,0.7193007212039294,0.21625849598860292
25816,GOF,0.009405026105860982,0.7756818032675393,0.2149131706265997
25817,GOF,0.12104180391217056,0.6195788027004274,0.2593793933874021
25818,GOF,0.029793392385983084,0.7470343748982335,0.22317223271578346
25819,GOF,0.05238280515056334,0.6776141091124639,0.2700030857369728
25820,GOF,0.05565620173448711,0.5833664266812123,0.36097737158430065
25821,GOF,0.04010317641889558,0.6327657423866961,0.32713108119440837
25822,GOF,0.07169985767128391,0.6080578741418858,0.32024226818683027
25823,GOF,0.03751568736449221,0.6133293028394099,0.34915500979609787
25824,GOF,0.028578367174709695,0.7098334116977052,0.2615882211275852
25825,GOF,0.02098347344360056,0.713686920937414,0.26532960561898533
25826,GOF,0.010741640656813633,0.6046965398673616,0.38456181947582485
25827,GOF,0.018189484771618847,0.6383061565409555,0.3435043586874256
25828,GOF,0.012224114489073304,0.6574518662755954,0.3303240192353312
25829,LOF,0.005080441594206166,0.48772743512067135,0.5071921232851224
25830,LOF,0.075488170345463,0.26182193495025957,0.6626898947042774
25831,GOF,0.07798457605318972,0.7649218568364238,0.1570935671103864
25832,GOF,0.010671894508406497,0.6956363401997746,0.29369176529181884
25833,GOF,0.03219412091748891,0.8007525542779538,0.16705332480455723
25834,GOF,0.010952093907966665,0.7201974115490118,0.26885049454302157
25835,GOF,0.029818053862655212,0.8290748991270808,0.14110704701026405
25836,GOF,0.008566480927318175,0.7323834089341155,0.25905011013856644
25837,GOF,0.013285530844136022,0.7090902647353505,0.2776242044205134
25838,GOF,0.024953682080929275,0.7907413691574793,0.18430494876159148
25839,GOF,0.06837769970101117,0.7288603622238787,0.20276193807511006
25840,GOF,0.09995034917038151,0.6852137280852967,0.21483592274432167
25841,GOF,0.0881060079907229,0.7525028785099914,0.15939111349928556
25842,GOF,0.028004095391183682,0.8431905913645451,0.1288053132442713
25843,GOF,0.026159840528141062,0.8389776957062016,0.13486246376565725
25844,GOF,0.02357388242666724,0.7734269575792336,0.20299915999409895
25845,GOF,0.009099424622938852,0.6212245108617303,0.3696760645153309
25846,GOF,0.07492004256304874,0.8068303447539343,0.11824961268301687
25847,GOF,0.019922046539199607,0.8267994042551932,0.15327854920560716
25848,GOF,0.021929549855038064,0.7868764954316415,0.19119395471332037
25849,GOF,0.008070778533196153,0.7484835700933392,0.2434456513734646
25850,GOF,0.00887661526210763,0.5976860944435578,0.39343729029433455
25851,GOF,0.008004753815507835,0.5326994573169579,0.45929578886753425
25852,GOF,0.1811185858595963,0.4096421759737648,0.40923923816663893
25853,GOF,0.06415861123518032,0.6211129464329239,0.31472844233189573
25854,GOF,0.00802552123978898,0.5995167151670248,0.3924577635931864
25855,GOF,0.027078701651236072,0.49482373976174887,0.478097558587015
25856,GOF,0.05687675559633416,0.6577602697832738,0.28536297462039206
25857,LOF,0.02703380711676296,0.48332000405070524,0.4896461888325318
25858,LOF,0.009626880344661273,0.48068630283310404,0.5096868168222346
25859,LOF,0.0069758439521476765,0.4533998358981313,0.539624320149721
25860,GOF,0.08011262001241758,0.5649055033561781,0.35498187663140435
25861,GOF,0.10640254155323127,0.7304403896567145,0.1631570687900543
25862,GOF,0.02157421299669645,0.8522172429154857,0.1262085440878177
25863,GOF,0.019510125965620097,0.8105815534849033,0.16990832054947647
25864,GOF,0.03206828681480353,0.8462459653578972,0.12168574782729925
25865,GOF,0.03609873272126614,0.815137568514191,0.14876369876454296
25866,GOF,0.02068085890781107,0.80366189667635,0.17565724441583896
25867,GOF,0.045376905932915226,0.8187992474866312,0.1358238465804536
25868,GOF,0.06818797188607041,0.6739492817617926,0.257862746352137
25869,GOF,0.32761421601878743,0.4702130232617452,0.20217276071946738
25870,LOF,0.07917850134991156,0.30101825274232846,0.61980324590776
25871,GOF,0.011198689759810289,0.6018341626408096,0.38696714759938006
25872,GOF,0.02656450256122784,0.626867211026266,0.34656828641250625
25873,GOF,0.02157655980617073,0.7042277580224849,0.2741956821713442
25874,LOF,0.03055050527035233,0.0782065175910076,0.8912429771386401
25875,LOF,0.023797926464454527,0.17118945947040362,0.8050126140651419
25876,LOF,0.021419685771327808,0.07248869178436843,0.9060916224443037
25877,LOF,0.07127647356362846,0.34306140433390997,0.5856621221024616
25878,LOF,0.04871744112148069,0.4067248902108406,0.5445576686676789
25879,LOF,0.009761766145297491,0.212278359469785,0.7779598743849175
25880,LOF,0.042252645643011774,0.02473889569532449,0.9330084586616636
25881,Neutral,0.5038856019525954,0.2550866185683303,0.2410277794790743
25882,LOF,0.03645981048275885,0.10986257948778488,0.8536776100294562
25883,LOF,0.02550673306306732,0.11951814660778823,0.8549751203291445
25884,LOF,0.013005127773763121,0.10465616609857933,0.8823387061276575
25885,LOF,0.13446957364234194,0.030236586290074505,0.8352938400675834
25886,LOF,0.19159277228183397,0.23392777105023288,0.5744794566679331
25887,LOF,0.05177935228493221,0.451346638727333,0.4968740089877348
25888,LOF,0.005012151668760916,0.39270033032757073,0.6022875180036684
25889,LOF,0.022150703383928962,0.0778057100931982,0.9000435865228729
25890,LOF,0.17523110441099263,0.3107016996404245,0.5140671959485829
25891,LOF,0.10256491145257257,0.10635400577966475,0.7910810827677628
25892,LOF,0.006787786435238241,0.04211983713065839,0.9510923764341033
25893,LOF,0.2550141118292485,0.01530139020741783,0.7296844979633337
25894,LOF,0.2989672312922659,0.009155718943780129,0.691877049763954
25895,LOF,0.2738582936636416,0.012448675917808526,0.7136930304185498
25896,LOF,0.058248758490103886,0.04527589815925603,0.89647534335064
25897,LOF,0.09893870454702931,0.019171761439481922,0.8818895340134887
25898,LOF,0.08605563647209104,0.04368541467356594,0.870258948854343
25899,LOF,0.3557678647032434,0.048130541715775126,0.5961015935809815
25900,Neutral,0.7337940441244635,0.021210334012985502,0.2449956218625509
25901,LOF,0.05554410777192153,0.013747648038874632,0.9307082441892038
25902,LOF,0.07910490982789715,0.008914647177326535,0.9119804429947763
25903,LOF,0.13594752438323357,0.038713674739093845,0.8253388008776726
25904,LOF,0.4496920803927276,0.09977681445701855,0.4505311051502538
25905,LOF,0.012958197294210898,0.25351934819585104,0.733522454509938
25906,LOF,0.009675392174033097,0.019472693228587343,0.9708519145973796
25907,LOF,0.008934843960102225,0.13721176844257038,0.8538533875973274
25908,LOF,0.009948705586668303,0.1472882691859172,0.8427630252274144
25909,LOF,0.04815391219410892,0.0621356959169435,0.8897103918889476
25910,LOF,0.014388778695868864,0.10378892352084386,0.8818222977832872
25911,LOF,0.22277255157825537,0.06860680467785944,0.7086206437438852
25912,LOF,0.1379379886624381,0.022965888646947413,0.8390961226906145
25913,LOF,0.015029426199914124,0.06950659410041025,0.9154639796996756
25914,LOF,0.04725922199548606,0.034937084493353816,0.9178036935111601
25915,GOF,0.21482258746086183,0.41043794248963106,0.3747394700495071
25916,LOF,0.01864415683241901,0.21094932253650894,0.7704065206310721
25917,LOF,0.07904289428086039,0.032714113339954734,0.8882429923791849
25918,LOF,0.04922378229050301,0.02153203446889919,0.9292441832405978
25919,LOF,0.045176085756803555,0.020398106922615886,0.9344258073205806
25920,LOF,0.2746111124912488,0.3420095598318629,0.3833793276768883
25921,LOF,0.021571130649076564,0.027913432598933,0.9505154367519904
25922,LOF,0.019419817245747074,0.024122003466493885,0.9564581792877591
25923,LOF,0.46381258766815847,0.017832533911047246,0.5183548784207943
25924,LOF,0.0265782633659151,0.02946791589329584,0.943953820740789
25925,LOF,0.12049953645648698,0.034741801747350504,0.8447586617961625
25926,LOF,0.10058214064376482,0.032342274099303674,0.8670755852569314
25927,LOF,0.022691865228188356,0.0639996213431829,0.9133085134286287
25928,LOF,0.014881191463269203,0.018104986213613644,0.9670138223231171
25929,Neutral,0.5960573334795919,0.0177233001338673,0.3862193663865409
25930,LOF,0.06526464785994149,0.02185542348981904,0.9128799286502395
25931,LOF,0.01561810435156402,0.02105571038276537,0.9633261852656706
25932,LOF,0.08769857079853006,0.011908961846142973,0.900392467355327
25933,LOF,0.08576741430298067,0.008310195991685906,0.9059223897053335
25934,LOF,0.07830284907811333,0.010048609220402599,0.911648541701484
25935,LOF,0.11641143081783044,0.03483640150207395,0.8487521676800955
25936,LOF,0.08526753729073289,0.00878114326096545,0.9059513194483018
25937,LOF,0.01715652082543483,0.021557177854535505,0.9612863013200297
25938,LOF,0.12088576480048403,0.031220370641042057,0.8478938645584739
25939,LOF,0.06056107476478807,0.010859633565982576,0.9285792916692294
25940,LOF,0.008180560186162911,0.3858174241731671,0.60600201564067
25941,Neutral,0.5091351982554174,0.17641199864408236,0.3144528031005002
25942,LOF,0.007778973429246255,0.24987115071459842,0.7423498758561554
25943,GOF,0.025778438734038414,0.6831641466586016,0.29105741460736
25944,GOF,0.025753955992307176,0.5249568227392574,0.44928922126843535
25945,LOF,0.10274923924730506,0.17616005420737427,0.7210907065453207
25946,LOF,0.09199746043935449,0.08266613015392492,0.8253364094067206
25947,Neutral,0.4896435123716733,0.12460947254691465,0.38574701508141196
25948,Neutral,0.5098641404695181,0.012554870910104966,0.47758098862037685
25949,LOF,0.11423763387887884,0.028217395204486767,0.8575449709166344
25950,GOF,0.04353656487689597,0.8230957482054688,0.13336768691763523
25951,GOF,0.015509995074241315,0.6407644772156814,0.3437255277100773
25952,LOF,0.10005169648718984,0.40340978575510705,0.4965385177577032
25953,GOF,0.007080168370797869,0.5715648972028177,0.42135493442638455
25954,GOF,0.02748221663052458,0.6586004559900644,0.31391732737941097
25955,GOF,0.006490408860879739,0.5760223687834077,0.41748722235571256
25956,LOF,0.009878429638041076,0.39727618757878974,0.5928453827831692
25957,LOF,0.25811995141436017,0.03326200930721169,0.708618039278428
25958,LOF,0.02828066626237493,0.07378809415312237,0.8979312395845026
25959,GOF,0.005857578235858603,0.6336552679321205,0.36048715383202096
25960,LOF,0.004894489846948068,0.16340787282628183,0.83169763732677
25961,LOF,0.02764970565099793,0.08032302447433937,0.8920272698746626
25962,LOF,0.04481083709415402,0.07154784782785316,0.8836413150779929
25963,LOF,0.009684810590437838,0.20626876911662118,0.784046420292941
25964,LOF,0.04518759864470654,0.15653885944227378,0.7982735419130196
25965,LOF,0.15752780800195418,0.2217103261692795,0.6207618658287664
25966,LOF,0.3350728072464911,0.3180407529149151,0.3468864398385938
25967,LOF,0.007637675121648481,0.0725769875606588,0.9197853373176927
25968,LOF,0.073052707670056,0.2800020194517137,0.6469452728782303
25969,LOF,0.14949920971703093,0.05138140108588354,0.7991193891970856
25970,LOF,0.03738102385699508,0.25215305679001154,0.7104659193529934
25971,LOF,0.06898841347657017,0.0855863485467057,0.8454252379767241
25972,LOF,0.06619320732606607,0.11834421678416499,0.815462575889769
25973,LOF,0.08556994099750803,0.0066686780693862285,0.9077613809331058
25974,LOF,0.0912129555619777,0.05100585519010261,0.8577811892479197
25975,LOF,0.04113188139122102,0.009231057711391093,0.9496370608973879
25976,LOF,0.1007683759903846,0.006253211324536201,0.8929784126850792
25977,LOF,0.2151204018441499,0.09759755411381521,0.6872820440420349
25978,LOF,0.15858518145188946,0.10942393675587785,0.7319908817922328
25979,LOF,0.12452959612360584,0.11050764161912308,0.7649627622572711
25980,LOF,0.18427582270038054,0.23063120236342297,0.5850929749361964
25981,LOF,0.18751896162797263,0.23767519605706372,0.5748058423149637
25982,LOF,0.2738016202596701,0.09775674985522076,0.6284416298851091
25983,Neutral,0.48567264534678634,0.10089174085814771,0.4134356137950661
25984,LOF,0.04103037583375118,0.13078828134723378,0.8281813428190151
25985,LOF,0.4238107544352378,0.1485953873960578,0.42759385816870443
25986,GOF,0.00933335171500409,0.505823243348198,0.48484340493679806
25987,LOF,0.021743981049571096,0.0896169493666501,0.8886390695837788
25988,LOF,0.031917744257465776,0.21848024897211957,0.7496020067704147
25989,LOF,0.034387077999662306,0.20225762362903169,0.7633552983713061
25990,LOF,0.04210440856727541,0.31194647546613635,0.6459491159665882
25991,GOF,0.03677372691064564,0.6015285611244865,0.3616977119648679
25992,LOF,0.01105913419512736,0.3707587426282025,0.6181821231766701
25993,LOF,0.031101670732737195,0.06289040787097509,0.9060079213962877
25994,LOF,0.0341797602731298,0.08002327808903711,0.8857969616378331
25995,LOF,0.021112599662976874,0.1556823796108895,0.8232050207261336
25996,GOF,0.287523421254968,0.5556947989966947,0.15678177974833718
25997,GOF,0.05703734825151651,0.6922302433720774,0.2507324083764062
25998,LOF,0.2680237629994387,0.04315035426539497,0.6888258827351663
25999,GOF,0.027057523607364915,0.48649962327291196,0.48644285311972313
26000,LOF,0.12299845953825744,0.01592714906716325,0.8610743913945793
26001,LOF,0.1205535268153379,0.02988179944564189,0.8495646737390201
26002,LOF,0.07200949888880052,0.01631298444129087,0.9116775166699086
26003,GOF,0.008934492135517025,0.505360619777287,0.485704888087196
26004,GOF,0.023244196611737676,0.502338197593436,0.47441760579482645
26005,LOF,0.006978634698934602,0.45991592469908354,0.5331054406019818
26006,GOF,0.16487508145156066,0.4446832792516919,0.3904416392967473
26007,GOF,0.012138477495251257,0.5020387034710545,0.48582281903369423
26008,GOF,0.00867935230763038,0.5019466362965822,0.48937401139578734
26009,GOF,0.0168667670449339,0.5778370846660729,0.4052961482889932
26010,GOF,0.012425663773643607,0.5446205612155217,0.44295377501083466
26011,LOF,0.007633498617527364,0.4143213417843013,0.5780451595981714
26012,LOF,0.007368479691783836,0.4245559873557409,0.5680755329524754
26013,LOF,0.014077477192860142,0.43301309635179025,0.5529094264553496
26014,LOF,0.054861962271827505,0.06607956523320574,0.8790584724949668
26015,LOF,0.4367817723321032,0.06380440640182553,0.4994138212660713
26016,LOF,0.23854664025160008,0.17619272186686932,0.5852606378815307
26017,GOF,0.015495654514596575,0.49727767614602736,0.4872266693393762
26018,LOF,0.018952273650608996,0.22244118203372237,0.7586065443156687
26019,LOF,0.019090311365668373,0.17373596717440934,0.8071737214599223
26020,LOF,0.006094300355181017,0.39223068276272205,0.6016750168820969
26021,LOF,0.07544692951163717,0.279818833189268,0.6447342372990948
26022,LOF,0.04564326554522176,0.07373003367339473,0.8806267007813835
26023,LOF,0.031216474843659556,0.14027488006579658,0.8285086450905438
26024,LOF,0.04051084275125386,0.19458471252985315,0.764904444718893
26025,LOF,0.10209842546468714,0.21424368289162118,0.6836578916436917
26026,LOF,0.11096485296803198,0.18552079365514215,0.703514353376826
26027,LOF,0.030062908318673018,0.07850507611365265,0.8914320155676744
26028,LOF,0.07042394175538128,0.17786240637814593,0.7517136518664728
26029,LOF,0.03916467807509198,0.10625477102120096,0.8545805509037071
26030,LOF,0.17488874059031964,0.009452314090679705,0.8156589453190006
26031,LOF,0.020920565437412986,0.12916545985706596,0.849913974705521
26032,LOF,0.03180511448249643,0.021128330011882048,0.9470665555056215
26033,LOF,0.051702117939983167,0.041611291740139264,0.9066865903198776
26034,LOF,0.028831373678392242,0.07835170975352929,0.8928169165680784
26035,LOF,0.01680594460329929,0.08633541679039201,0.8968586386063087
26036,LOF,0.016174338756108003,0.0730990890146195,0.9107265722292724
26037,LOF,0.014642795345762852,0.06994834761038045,0.9154088570438567
26038,LOF,0.025871305443546704,0.021724413812323828,0.9524042807441295
26039,LOF,0.03300410070688272,0.11136524790811489,0.8556306513850024
26040,LOF,0.07308196927859807,0.14582823704041184,0.7810897936809901
26041,LOF,0.018167994742897844,0.08992095661795954,0.8919110486391426
26042,LOF,0.017192100672422335,0.09384838976552451,0.8889595095620533
26043,LOF,0.025573255534508257,0.05434965742863307,0.9200770870368588
26044,LOF,0.009383588535803525,0.053027483613916605,0.9375889278502798
26045,LOF,0.08279425378438257,0.22082245515198554,0.696383291063632
26046,LOF,0.02443854801335327,0.061177020713650915,0.9143844312729957
26047,LOF,0.0627777285178391,0.04147354416856406,0.8957487273135969
26048,LOF,0.07828483088973331,0.030119046021089918,0.8915961230891768
26049,Neutral,0.9169020753773243,0.007126853962238856,0.07597107066043678
26050,Neutral,0.8491438025388368,0.009281809277166975,0.14157438818399629
26051,LOF,0.026862284293507496,0.43518801496695336,0.5379497007395391
26052,LOF,0.02986920259920085,0.3161493816948541,0.653981415705945
26053,LOF,0.03977425603408995,0.04992973249029608,0.9102960114756139
26054,LOF,0.055630606989757615,0.06836238162907464,0.8760070113811677
26055,LOF,0.06343152434973787,0.06920707598729209,0.8673613996629701
26056,LOF,0.059120717286821306,0.07419445262993742,0.8666848300832413
26057,LOF,0.05817953536654613,0.018448150035694805,0.9233723145977591
26058,LOF,0.0690849300129932,0.014494284491788396,0.9164207854952185
26059,LOF,0.27717341026605974,0.12238979151272576,0.6004367982212145
26060,LOF,0.013738138014928276,0.29829844687185714,0.6879634151132146
26061,LOF,0.013981517377074384,0.011039537229640756,0.9749789453932849
26062,LOF,0.006285774359532648,0.0284837917345597,0.9652304339059076
26063,LOF,0.057127662819480916,0.01611989279880689,0.9267524443817122
26064,LOF,0.009943049991022202,0.014264239549739936,0.9757927104592379
26065,LOF,0.04789947375457807,0.022559147640832722,0.9295413786045892
26066,LOF,0.05211531651074046,0.014846593751967794,0.9330380897372917
26067,LOF,0.060421905639721676,0.01685066042340051,0.9227274339368778
26068,LOF,0.05157870712604793,0.06514686057455514,0.883274432299397
26069,LOF,0.17099057208405613,0.04020674434197999,0.7888026835739639
26070,LOF,0.4122343165257594,0.02484250191126349,0.562923181562977
26071,LOF,0.051797401586676076,0.01650111588773696,0.9317014825255869
26072,LOF,0.009202863277533956,0.017344109995683175,0.9734530267267828
26073,LOF,0.05566163419859129,0.013108040699096025,0.9312303251023127
26074,Neutral,0.7444844951477316,0.01917855301217795,0.23633695184009026
26075,LOF,0.04253771618023736,0.0325084866927303,0.9249537971270323
26076,LOF,0.06246336937062985,0.02320051648708299,0.9143361141422871
26077,LOF,0.172872006038468,0.02164440346732039,0.8054835904942115
26078,LOF,0.007442004922211733,0.02177214440878326,0.970785850669005
26079,LOF,0.06084319647321924,0.036221286936623076,0.9029355165901578
26080,LOF,0.05946007602389127,0.03611563405780807,0.9044242899183006
26081,LOF,0.05634208644060712,0.01652827140580808,0.927129642153585
26082,LOF,0.008161236315756212,0.02519529245602551,0.9666434712282183
26083,LOF,0.04732643219616594,0.04249412255843675,0.9101794452453973
26084,LOF,0.05883225806071289,0.02000526140317832,0.9211624805361088
26085,LOF,0.05482116325645031,0.017907285189360432,0.9272715515541893
26086,LOF,0.04195077417501476,0.020289714149118766,0.9377595116758664
26087,LOF,0.049492933645612074,0.02168059996985471,0.9288264663845333
26088,LOF,0.008532562401328608,0.048050162038404454,0.943417275560267
26089,LOF,0.037341068356172534,0.06582811299659298,0.8968308186472345
26090,LOF,0.03719188805654496,0.050695349883304715,0.9121127620601504
26091,LOF,0.05331694928033027,0.018713133010842813,0.9279699177088269
26092,LOF,0.06310656969304697,0.014825201384261105,0.9220682289226919
26093,LOF,0.08005244355484317,0.010984968379038824,0.908962588066118
26094,LOF,0.04502300098626204,0.016668573215915104,0.9383084257978229
26095,LOF,0.012332349359361762,0.030885970714594032,0.9567816799260442
26096,LOF,0.3039704688263705,0.004225326001727227,0.6918042051719022
26097,LOF,0.00784443995171653,0.044757865316448854,0.9473976947318345
26098,LOF,0.06017068424317231,0.03547782395596266,0.904351491800865
26099,LOF,0.0471007383171431,0.05503544252489463,0.8978638191579622
26100,LOF,0.0471007383171431,0.05503544252489463,0.8978638191579622
26101,LOF,0.03953296598919314,0.053974864190081955,0.9064921698207249
26102,LOF,0.05238875474665753,0.02327182779806734,0.9243394174552753
26103,Neutral,0.8603194041383502,0.045704448605097286,0.0939761472565524
26104,LOF,0.051258189334875595,0.1171439415372718,0.8315978691278526
26105,LOF,0.25317339152686325,0.22052603310421368,0.526300575368923
26106,LOF,0.3006345390463999,0.1502956091277332,0.5490698518258669
26107,LOF,0.01005629948591977,0.1516862978050665,0.8382574027090137
26108,LOF,0.12679872441103668,0.18527251392035257,0.6879287616686107
26109,LOF,0.04879422168017311,0.03488950163309349,0.9163162766867334
26110,Neutral,0.5165219916783147,0.030483569493061673,0.4529944388286235
26111,LOF,0.05938453445561119,0.2263307601492553,0.7142847053951334
26112,LOF,0.0590770922325041,0.03762936229483587,0.9032935454726599
26113,LOF,0.06214410148680858,0.0705189665408019,0.8673369319723894
26114,LOF,0.09336506127343126,0.03377392517492012,0.8728610135516486
26115,LOF,0.01612322927520908,0.2617399628172163,0.7221368079075747
26116,LOF,0.057600953800227374,0.07039668027592924,0.8720023659238434
26117,LOF,0.27499100093625994,0.06293369551215726,0.6620753035515828
26118,LOF,0.039080983134188514,0.024826717883002693,0.9360922989828089
26119,LOF,0.00581250729702778,0.10391478939700437,0.8902727033059679
26120,LOF,0.0322966157939966,0.0290284650536047,0.9386749191523988
26121,LOF,0.004634684561800155,0.11698967842932508,0.8783756370088748
26122,LOF,0.005013403085164918,0.11675921660733302,0.878227380307502
