feature0,prediction,LoGoFunc_Neutral,LoGoFunc_GOF,LoGoFunc_LOF
25546,Neutral,0.6740290726790381,0.06606210039477786,0.25990882692618406
25547,Neutral,0.5551537491858831,0.14545342766988062,0.29939282314423626
25548,Neutral,0.5071480812089955,0.11126122810334264,0.38159069068766194
25549,Neutral,0.4823780471546522,0.11152955986587455,0.4060923929794732
25550,LOF,0.37701597771010364,0.22258920381015146,0.4003948184797449
25551,LOF,0.3158958897187445,0.2047484127549135,0.4793556975263421
25552,LOF,0.18343377518360043,0.19431368151974468,0.6222525432966549
25553,Neutral,0.8119543807834574,0.04693556630622349,0.141110052910319
25554,LOF,0.2230313496987387,0.18126002407941763,0.5957086262218436
25555,LOF,0.17873802933244545,0.16212354267707368,0.6591384279904808
25556,Neutral,0.5149764230898293,0.12023647551404928,0.36478710139612136
25557,LOF,0.17266363858458977,0.16772850257244534,0.6596078588429649
25558,LOF,0.21824036545996744,0.20099625375412716,0.5807633807859054
25559,LOF,0.47028354376148074,0.025045932959322916,0.5046705232791964
25560,LOF,0.040516352754298476,0.2294055078711928,0.7300781393745087
25561,LOF,0.09871096392724919,0.2832935931811703,0.6179954428915805
25562,LOF,0.12862316413964267,0.07014065418378404,0.8012361816765733
25563,LOF,0.11607040668551953,0.10909542872423304,0.7748341645902475
25564,LOF,0.0886660330586542,0.14113875386653663,0.7701952130748091
25565,LOF,0.13635144056843715,0.2177835276229095,0.6458650318086534
25566,GOF,0.018451294705392342,0.7311422955185901,0.2504064097760176
25567,LOF,0.009865557603512987,0.18026179301523043,0.8098726493812565
25568,LOF,0.04081132091043976,0.06424157887893402,0.8949471002106262
25569,LOF,0.05392038134252121,0.05898006865715188,0.8870995500003269
25570,LOF,0.042051358428403594,0.08036828841979592,0.8775803531518006
25571,LOF,0.047567292275303145,0.07809388650264523,0.8743388212220515
25572,LOF,0.04470626833719223,0.0911880811602498,0.8641056505025579
25573,LOF,0.023314277008008873,0.0744373288107882,0.9022483941812028
25574,LOF,0.012017352519592435,0.21502168921210293,0.7729609582683047
25575,LOF,0.03938393139644696,0.06800022482616613,0.8926158437773869
25576,LOF,0.014085736899548895,0.07653185743580346,0.9093824056646476
25577,LOF,0.009589610947926942,0.07203776427959026,0.9183726247724828
25578,LOF,0.2461859987211143,0.07558593913994274,0.6782280621389429
25579,LOF,0.24700176455337977,0.07452397500022041,0.6784742604463998
25580,LOF,0.024094520617464896,0.06701771026720385,0.9088877691153312
25581,LOF,0.04337282693380586,0.07350186104062059,0.8831253120255735
25582,LOF,0.04317307102690452,0.0670044928876103,0.8898224360854852
25583,LOF,0.025856357150418004,0.06614845219367743,0.9079951906559045
25584,Neutral,0.48883827956440884,0.09829568414771274,0.4128660362878785
25585,LOF,0.019616576537271543,0.08805414993840815,0.8923292735243202
25586,LOF,0.025127058020652508,0.05534427249026507,0.9195286694890825
25587,LOF,0.02166593394940549,0.048409372861086854,0.9299246931895075
25588,LOF,0.02088802017288347,0.060636268270163024,0.9184757115569535
25589,Neutral,0.6353981157626377,0.11612863429949616,0.2484732499378661
25590,LOF,0.02091043236772173,0.11075596946069732,0.868333598171581
25591,LOF,0.10970819910287546,0.04729508917301138,0.8429967117241132
25592,LOF,0.07381529935311429,0.09450104014332822,0.8316836605035575
25593,LOF,0.010055529742277695,0.4828451194483097,0.5070993508094126
25594,LOF,0.03782794073935367,0.09488980414601776,0.8672822551146286
25595,LOF,0.0632657401150454,0.06538956853374985,0.8713446913512047
25596,LOF,0.1007784150418642,0.04516592474673646,0.8540556602113993
25597,LOF,0.0783636185191027,0.016472314079195322,0.905164067401702
25598,LOF,0.048288258604270884,0.10228409373521523,0.8494276476605139
25599,GOF,0.008321859841107303,0.5033978889396566,0.488280251219236
25600,LOF,0.009688619455844785,0.43640016989967023,0.553911210644485
25601,LOF,0.007582603096933287,0.22582789150975133,0.7665895053933154
25602,LOF,0.022460233977517098,0.06376368505485107,0.9137760809676319
25603,LOF,0.04039606370462119,0.06939264639190651,0.8902112899034723
25604,LOF,0.03636665751864708,0.09435655554187308,0.8692767869394799
25605,LOF,0.010920441986438401,0.2552777425133784,0.7338018155001832
25606,GOF,0.06172864319291031,0.588183494592929,0.35008786221416066
25607,LOF,0.003422086942991572,0.12877808206167918,0.8677998309953293
25608,LOF,0.05326318349000462,0.03360780984985711,0.9131290066601382
25609,LOF,0.08251411703697599,0.2552454718529603,0.6622404111100638
25610,LOF,0.0449586417334701,0.019049339978871864,0.9359920182876581
25611,LOF,0.058992162171317246,0.013128845854840846,0.9278789919738419
25612,LOF,0.11901359940046777,0.028142268643162358,0.8528441319563698
25613,LOF,0.09762431878510093,0.02954475549709305,0.8728309257178061
25614,LOF,0.04546519082128335,0.029837755970008345,0.9246970532087082
25615,LOF,0.08120011526469274,0.03800240059607787,0.8807974841392293
25616,LOF,0.0353719345799925,0.04041091031408747,0.9242171551059202
25617,LOF,0.05618408976184341,0.02447320260774756,0.9193427076304089
25618,LOF,0.25228365176815126,0.031243907301221136,0.7164724409306277
25619,LOF,0.04375316309840507,0.0313010299797981,0.9249458069217967
25620,LOF,0.03822788795589525,0.04810491576836284,0.9136671962757419
25621,LOF,0.04513337211853008,0.02556790742388485,0.9292987204575851
25622,LOF,0.031973975567888724,0.057021296952269165,0.9110047274798422
25623,LOF,0.04825100062682172,0.040916133612522415,0.9108328657606558
25624,LOF,0.037304216657854834,0.03995252544406715,0.9227432578980781
25625,LOF,0.05090489500474039,0.04632046875363546,0.9027746362416242
25626,LOF,0.07766980148156241,0.02568822179607564,0.8966419767223619
25627,Neutral,0.5121901840682471,0.13492098267278915,0.35288883325896375
25628,LOF,0.18820798048090034,0.06991101507907307,0.7418810044400266
25629,LOF,0.04909531656559703,0.10996976265888543,0.8409349207755176
25630,LOF,0.19675928791180586,0.09366840683362898,0.7095723052545652
25631,Neutral,0.6281041615108529,0.07974005068633655,0.2921557878028106
25632,LOF,0.015852402601312324,0.18513312176789987,0.7990144756307879
25633,LOF,0.2153300699720522,0.28356796764791214,0.5011019623800357
25634,LOF,0.034481802022676616,0.25594111718824303,0.7095770807890803
25635,LOF,0.04156842239222662,0.1776259253058374,0.780805652301936
25636,GOF,0.005408430516638093,0.6219987631989121,0.37259280628444985
25637,LOF,0.004625940576244534,0.4203886894388798,0.5749853699848756
25638,LOF,0.00603968990651553,0.4127629429643544,0.5811973671291301
25639,LOF,0.004773862417903683,0.33476204039188606,0.6604640971902103
25640,GOF,0.3122894864553262,0.633112250613602,0.05459826293107179
25641,LOF,0.007116910569603654,0.18710607109320387,0.8057770183371925
25642,LOF,0.20820918192003987,0.06727263330720139,0.7245181847727586
25643,LOF,0.22632135475575352,0.07290829624837787,0.7007703489958687
25644,GOF,0.012788535494938434,0.5512151661301664,0.43599629837489506
25645,GOF,0.008317550728477587,0.630846352590567,0.3608360966809555
25646,LOF,0.009790069963674238,0.36364232327451224,0.6265676067618134
25647,LOF,0.009646932132848125,0.2974925920175173,0.6928604758496345
25648,LOF,0.0064162602876534835,0.37926078604539476,0.6143229536669517
25649,LOF,0.007458701612509127,0.2083174118618612,0.7842238865256298
25650,GOF,0.023144197756732602,0.5210408002362821,0.45581500200698544
25651,LOF,0.006930460721653022,0.2267185265794561,0.7663510126988909
25652,LOF,0.010975826797529037,0.34885901380196765,0.6401651594005034
25653,GOF,0.045030458121654515,0.4961601834839877,0.45880935839435766
25654,LOF,0.007921334237037305,0.3734870373652971,0.6185916283976656
25655,GOF,0.07976971488946821,0.5364892145722194,0.3837410705383123
25656,LOF,0.09567623540946181,0.044512508174352095,0.8598112564161862
25657,LOF,0.27302031387913267,0.02583942404466533,0.7011402620762021
25658,LOF,0.034350071663380416,0.08999766449989678,0.8756522638367229
25659,LOF,0.25535141051451116,0.07774766268251415,0.6669009268029746
25660,LOF,0.10711325424486888,0.06329096778431138,0.8295957779708198
25661,LOF,0.06369338491075914,0.05783457805608838,0.8784720370331524
25662,LOF,0.03965429445646807,0.05690086523465263,0.9034448403088794
25663,LOF,0.04164886195705215,0.09776636910312393,0.8605847689398239
25664,LOF,0.026962593072252777,0.21854306029355897,0.7544943466341882
25665,LOF,0.04227070276093414,0.06002799992203346,0.8977012973170324
25666,LOF,0.037306998055084556,0.2097557108780502,0.7529372910668651
25667,LOF,0.04104054903425526,0.03254777302499674,0.926411677940748
25668,LOF,0.04374523166771446,0.04707006102150695,0.9091847073107786
25669,LOF,0.034825956030171544,0.0747359923402775,0.8904380516295509
25670,LOF,0.06499470250424864,0.09626866098458885,0.8387366365111625
25671,LOF,0.052112700560781974,0.039487438933911156,0.9083998605053069
25672,LOF,0.04703335907457111,0.05631943813369004,0.8966472027917389
25673,LOF,0.03636488380237958,0.072629149944827,0.8910059662527935
25674,LOF,0.024832139394575202,0.09810541188646199,0.8770624487189628
25675,LOF,0.031038984281671563,0.04775520487940942,0.921205810838919
25676,LOF,0.038123782273093564,0.056746004086552046,0.9051302136403544
25677,LOF,0.07260547648496886,0.04423842368464762,0.8831560998303836
25678,LOF,0.17116580709657114,0.04552981052978432,0.7833043823736444
25679,LOF,0.10770396300925845,0.07199447407465848,0.820301562916083
25680,LOF,0.1102311325864253,0.07518038773844757,0.814588479675127
25681,LOF,0.11562282069094017,0.07419375605694074,0.810183423252119
25682,LOF,0.04531551773682263,0.03976457422460618,0.9149199080385712
25683,LOF,0.0743465485877014,0.0758058023428405,0.8498476490694582
25684,LOF,0.060356330911651504,0.050789232081503995,0.8888544370068445
25685,LOF,0.10805873871955332,0.051989184309741227,0.8399520769707054
25686,LOF,0.02521831339050553,0.10690991828454936,0.8678717683249452
25687,LOF,0.03864585903681538,0.11899509917158184,0.8423590417916027
25688,LOF,0.022319637729649372,0.11729227564665672,0.860388086623694
25689,LOF,0.013245503905320847,0.06381969993100771,0.9229347961636714
25690,LOF,0.018538625140743052,0.08007929687626168,0.9013820779829953
25691,LOF,0.13380925463975754,0.11972854050711439,0.7464622048531281
25692,LOF,0.31080807779786657,0.012952236413683527,0.6762396857884498
25693,LOF,0.028344291257438453,0.44537918533061543,0.5262765234119461
25694,LOF,0.24742550518163745,0.011813041787188169,0.7407614530311745
25695,LOF,0.19384437923253942,0.017211531955210732,0.7889440888122499
25696,LOF,0.07868093870603252,0.017431188361512768,0.9038878729324547
25697,LOF,0.06618916990168268,0.014077049863837668,0.9197337802344797
25698,LOF,0.015849139524286706,0.21660344323079722,0.767547417244916
25699,LOF,0.07692392112455526,0.34540817419380926,0.5776679046816355
25700,LOF,0.045270509139335995,0.02298623227508724,0.9317432585855768
25701,LOF,0.010633051390452326,0.36030011853944494,0.6290668300701027
25702,GOF,0.03041000271647868,0.5542517132020578,0.4153382840814635
25703,LOF,0.015202269728747936,0.0646002321639919,0.9201974981072603
25704,LOF,0.0677750825629373,0.04696793113361561,0.8852569863034471
25705,LOF,0.08841406627832206,0.1578959583247891,0.7536899753968889
25706,GOF,0.021750310359941887,0.6126931155849316,0.36555657405512665
25707,GOF,0.02767171504315242,0.5180942338026451,0.4542340511542025
25708,GOF,0.00830334280935693,0.5360952620888666,0.4556013951017764
25709,LOF,0.04798013554353794,0.0613422659063966,0.8906775985500655
25710,LOF,0.007331528074919089,0.14487206013056134,0.8477964117945195
25711,LOF,0.046025035131020325,0.09765780385534122,0.8563171610136384
25712,LOF,0.009929194645035134,0.2166222612302367,0.7734485441247282
25713,LOF,0.03557141872115455,0.10086766561268522,0.8635609156661601
25714,LOF,0.03538019821202073,0.16104795868443234,0.803571843103547
25715,LOF,0.04225038346756921,0.10346951807495526,0.8542800984574754
25716,LOF,0.006177999738903463,0.10169388598835935,0.8921281142727372
25717,LOF,0.00638027376659535,0.1065661434674428,0.8870535827659619
25718,LOF,0.038008595337238396,0.07171386442683092,0.8902775402359308
25719,LOF,0.039346625727140205,0.10881568628913038,0.8518376879837295
25720,LOF,0.0343672120254824,0.10885926231281949,0.8567735256616982
25721,LOF,0.03619520148099803,0.11427778797602507,0.849527010542977
25722,LOF,0.029665964304894918,0.12524200932353952,0.8450920263715657
25723,LOF,0.047919101234397556,0.10748523636858984,0.8445956623970126
25724,LOF,0.06778296891628156,0.2552137358376108,0.6770032952461077
25725,LOF,0.05350025911722245,0.09384165347132642,0.8526580874114511
25726,LOF,0.0354455787845468,0.10108043978590799,0.8634739814295453
25727,LOF,0.047327910738914916,0.08043515428139633,0.8722369349796888
25728,LOF,0.04109148024376238,0.1106797913817487,0.8482287283744888
25729,LOF,0.04594466453413085,0.11085629921710392,0.8431990362487651
25730,LOF,0.052094399844440815,0.0810666381777436,0.8668389619778156
25731,LOF,0.008680646524374312,0.10310583201367089,0.8882135214619548
25732,LOF,0.02831293769081417,0.05586301693766879,0.9158240453715172
25733,LOF,0.0359683761753786,0.07571431049972517,0.8883173133248963
25734,LOF,0.006247466653950324,0.3010196330735133,0.6927329002725363
25735,LOF,0.033322445663660424,0.08080543494799117,0.8858721193883485
25736,LOF,0.03115865265630354,0.15048356147643321,0.8183577858672633
25737,LOF,0.05742821208061109,0.08670933733061043,0.8558624505887786
25738,LOF,0.04548121481793698,0.16938084122060715,0.7851379439614559
25739,LOF,0.03385002749525193,0.1267065561293784,0.8394434163753697
25740,LOF,0.06430605727632074,0.11505438215685682,0.8206395605668225
25741,LOF,0.06097819676671584,0.10103516215211768,0.8379866410811665
25742,LOF,0.06479191765350764,0.11569122553516088,0.8195168568113314
25743,LOF,0.012901230556853827,0.017329317463333414,0.9697694519798128
25744,LOF,0.15442774277627463,0.13515852211627405,0.7104137351074513
25745,LOF,0.030793961441730803,0.06726160221143467,0.9019444363468345
25746,LOF,0.014384719184038337,0.09305891701302381,0.8925563638029379
25747,LOF,0.057722115741420714,0.02701911297869784,0.9152587712798814
25748,LOF,0.3271323098915124,0.07288124580661864,0.5999864443018689
25749,LOF,0.02053298504600674,0.06510169914773739,0.9143653158062558
25750,LOF,0.02038716142208449,0.07320056910919692,0.9064122694687187
25751,LOF,0.04480838024750795,0.06422452737674006,0.890967092375752
25752,GOF,0.09215111431058229,0.5301020250346973,0.37774686065472046
25753,LOF,0.006865800001125532,0.3320003019772496,0.6611338980216249
25754,GOF,0.009593978605028938,0.8643735265615231,0.12603249483344794
25755,LOF,0.008317182257299697,0.3324049817878932,0.6592778359548072
25756,LOF,0.021331468240512505,0.3533497922931748,0.6253187394663127
25757,GOF,0.008235953170685427,0.8206666643754527,0.17109738245386194
25758,GOF,0.009696900829386545,0.8640330666503556,0.1262700325202579
25759,GOF,0.0067114203748774946,0.6228207661672144,0.3704678134579081
25760,LOF,0.006511433852296374,0.23765279512830606,0.7558357710193976
25761,GOF,0.04919088650045507,0.8702722490088762,0.0805368644906688
25762,LOF,0.02316419416872013,0.3168334959540751,0.6600023098772048
25763,LOF,0.006196167170403264,0.26436207357606606,0.7294417592535308
25764,GOF,0.06949981142600878,0.6597196883640947,0.27078050020989664
25765,GOF,0.009697172728395513,0.9039482654886127,0.08635456178299164
25766,GOF,0.028055456802907913,0.8458560932001457,0.1260884499969464
25767,GOF,0.012358383265075601,0.5671609507267912,0.42048066600813333
25768,LOF,0.05102179273469833,0.08304295307078931,0.8659352541945123
25769,LOF,0.03261399721435586,0.10780966402747594,0.8595763387581682
25770,LOF,0.14236356339833153,0.17049787200959132,0.6871385645920771
25771,LOF,0.02445400702878086,0.09372408055209398,0.8818219124191251
25772,LOF,0.047658236131947855,0.058932272947878644,0.8934094909201736
25773,LOF,0.01787777592170831,0.12251395280884012,0.8596082712694515
25774,LOF,0.025773808476194156,0.24289721222836333,0.7313289792954425
25775,LOF,0.023549192990074398,0.0551918240819731,0.9212589829279525
25776,LOF,0.038345179898080464,0.0371340086381728,0.9245208114637468
25777,LOF,0.29339060524185395,0.12394753529846869,0.5826618594596773
25778,LOF,0.03344647329606598,0.09321432177815328,0.8733392049257807
25779,GOF,0.06381772123092323,0.7816809276048604,0.15450135116421626
25780,GOF,0.07899354164064566,0.8106526830064354,0.11035377535291895
25781,GOF,0.03689678358224371,0.7943321145584176,0.1687711018593387
25782,GOF,0.03795085149882983,0.8518078483881378,0.11024130011303239
25783,GOF,0.07544666719387733,0.8342966348616677,0.09025669794445498
25784,GOF,0.12307703106546912,0.7914279361609802,0.08549503277355065
25785,GOF,0.16288070926431847,0.7600476249837904,0.07707166575189105
25786,GOF,0.015581649029394448,0.6888188036699796,0.29559954730062593
25787,GOF,0.3442888841714082,0.5679320516036133,0.08777906422497853
25788,LOF,0.02640075066343788,0.07338858872577135,0.9002106606107907
25789,GOF,0.021507820895741568,0.7804973163870336,0.19799486271722497
25790,GOF,0.0344512572534395,0.7452189398829694,0.22032980286359108
25791,GOF,0.032518139748631755,0.5536465989545124,0.4138352612968558
25792,GOF,0.0399163241096039,0.6496664230333317,0.31041725285706445
25793,GOF,0.06841977707921622,0.7019169624022384,0.22966326051854544
25794,GOF,0.06250637140650905,0.5557123404400038,0.38178128815348716
25795,GOF,0.06435307541958515,0.5982331023867155,0.33741382219369936
25796,GOF,0.1752415290264551,0.580962801795689,0.24379566917785572
25797,GOF,0.08314899705696041,0.5485903079935042,0.3682606949495354
25798,GOF,0.008449959845846722,0.7795588654058612,0.21199117474829207
25799,GOF,0.005906807002294551,0.692352426691206,0.30174076630649954
25800,GOF,0.026040061892463044,0.8254059763243333,0.1485539617832038
25801,GOF,0.0285384381496805,0.7916115495071403,0.17985001234317924
25802,GOF,0.02989620160728534,0.6930476638979298,0.2770561344947849
25803,GOF,0.026498239111551795,0.6293993591577471,0.34410240173070095
25804,GOF,0.04344997950932034,0.6335885356212267,0.3229614848694528
25805,GOF,0.031427848987352576,0.6708353133736619,0.29773683763898545
25806,GOF,0.04109226525370462,0.6899859764573242,0.2689217582889712
25807,GOF,0.018724377240786606,0.5949020428890053,0.38637357987020815
25808,GOF,0.0333815545582444,0.6858413860393525,0.280777059402403
25809,GOF,0.016253542454081164,0.6258261527862414,0.35792030475967745
25810,GOF,0.013906850121507571,0.6214504082651663,0.364642741613326
25811,GOF,0.08872668195607923,0.7947104630719503,0.11656285497197046
25812,GOF,0.05041283369614491,0.6391414258036714,0.3104457405001837
25813,GOF,0.26089399571635197,0.5775605290520537,0.16154547523159432
25814,GOF,0.04542705412498431,0.6482610809345163,0.3063118649404994
25815,GOF,0.07280313136180547,0.7508155823675575,0.17638128627063693
25816,GOF,0.010522966286703215,0.7839967052410525,0.20548032847224432
25817,GOF,0.1343200594786864,0.6235625003079192,0.24211744021339437
25818,GOF,0.030537356554097235,0.757001396913296,0.21246124653260673
25819,GOF,0.05288217148877764,0.6753200367555263,0.27179779175569596
25820,GOF,0.05611872916201062,0.5835891574518921,0.3602921133860973
25821,GOF,0.03943480051971709,0.6476865556572522,0.31287864382303066
25822,GOF,0.07506840376867789,0.6188562185228086,0.3060753777085135
25823,GOF,0.03624338431758484,0.6169732779855309,0.34678333769688435
25824,GOF,0.029939714285643165,0.7006113869855094,0.26944889872884753
25825,GOF,0.021920154332431885,0.6947311958515785,0.28334864981598956
25826,GOF,0.010802166261732037,0.6053359024574059,0.38386193128086216
25827,GOF,0.020216271473189083,0.6627153993305889,0.31706832919622197
25828,GOF,0.012463486853939066,0.6789085993687755,0.30862791377728543
25829,GOF,0.005318863598307954,0.5308355785905056,0.4638455578111866
25830,LOF,0.08144615226813859,0.2998809516878088,0.6186728960440525
25831,GOF,0.0781271028404953,0.7581594660781001,0.1637134310814045
25832,GOF,0.010708665849472703,0.6898981630702379,0.2993931710802894
25833,GOF,0.0324379803686571,0.7812559858393023,0.18630603379204067
25834,GOF,0.011031667447376658,0.7113730646055141,0.27759526794710926
25835,GOF,0.029975686114684513,0.8201751406667646,0.149849173218551
25836,GOF,0.009068236563034463,0.7384380959419352,0.25249366749503044
25837,GOF,0.013889298921959666,0.7181097226306085,0.2680009784474321
25838,GOF,0.025627841034377447,0.7862198951418274,0.18815226382379496
25839,GOF,0.06804983818116109,0.7078129749175517,0.22413718690128726
25840,GOF,0.09843108172941899,0.6717184095947164,0.22985050867586454
25841,GOF,0.0857348720183487,0.7418026561896066,0.17246247179204469
25842,GOF,0.028166493556645508,0.8274032803194271,0.14443022612392742
25843,GOF,0.027645558097632462,0.8282970492307633,0.14405739267160433
25844,GOF,0.02360456229019745,0.7600891583255138,0.21630627938428884
25845,GOF,0.008955269852514698,0.6377903796737654,0.3532543504737199
25846,GOF,0.07248357973837771,0.7985604961460172,0.12895592411560503
25847,GOF,0.019820241778405766,0.819519736592689,0.16066002162890533
25848,GOF,0.02305726281788015,0.7726055462594494,0.20433719092267044
25849,GOF,0.008556179440037767,0.7509600635760346,0.2404837569839276
25850,GOF,0.009102482072932369,0.6379202139598955,0.3529773039671721
25851,GOF,0.008094528388859353,0.5738001174728227,0.4181053541383179
25852,GOF,0.1697028499101599,0.4159249400808763,0.4143722100089638
25853,GOF,0.06917012205354339,0.6796657060500896,0.2511641718963671
25854,GOF,0.008627465930246915,0.6544260383487441,0.336946495721009
25855,GOF,0.02734235803157525,0.5019989351619291,0.4706587068064957
25856,GOF,0.055817559004170535,0.6606354800921774,0.28354696090365195
25857,GOF,0.028366894689776198,0.5121894638937909,0.4594436414164328
25858,GOF,0.009594956832655335,0.5013816471976714,0.48902339596967315
25859,LOF,0.007235265165823246,0.4804727872659055,0.5122919475682713
25860,GOF,0.08020565467984338,0.5792519390893069,0.3405424062308497
25861,GOF,0.11135474977806338,0.7445422738447701,0.1441029763771666
25862,GOF,0.023230262212016205,0.8671054604333155,0.10966427735466817
25863,GOF,0.02102723828505017,0.8362159036831269,0.1427568580318228
25864,GOF,0.03208775505032648,0.8620891869987896,0.10582305795088405
25865,GOF,0.039474210042629784,0.8332721291175336,0.12725366083983666
25866,GOF,0.02248645150799993,0.8229566323952338,0.15455691609676642
25867,GOF,0.049978836208952895,0.8269353087846589,0.12308585500638819
25868,GOF,0.08004986059623903,0.6933867173514886,0.22656342205227237
25869,GOF,0.3378551319391136,0.4745789172888771,0.18756595077200922
25870,LOF,0.09437833659750396,0.3445562761606007,0.5610653872418954
25871,GOF,0.012261328782885345,0.6060632266943924,0.38167544452272234
25872,GOF,0.02988215982503245,0.6429906366725833,0.3271272035023843
25873,GOF,0.024913600731628554,0.7258194851381127,0.24926691413025875
25874,LOF,0.03316654758987138,0.07861376197749707,0.8882196904326316
25875,LOF,0.026608482466514937,0.17353262964753177,0.7998588878859533
25876,LOF,0.02236130257556253,0.08408419004573761,0.8935545073786999
25877,LOF,0.08457326036764994,0.3546677132439421,0.5607590263884079
25878,LOF,0.05153741823472201,0.4239242477360414,0.5245383340292366
25879,LOF,0.010302311724487905,0.23518544290907833,0.7545122453664338
25880,LOF,0.04712858204949333,0.026324304192590135,0.9265471137579165
25881,Neutral,0.4879550573937669,0.26307055615547337,0.24897438645075962
25882,LOF,0.03352297817862578,0.11151204277713377,0.8549649790442405
25883,LOF,0.025406744871170506,0.11837145305006622,0.8562218020787633
25884,LOF,0.012537729260852712,0.12140012507033807,0.8660621456688092
25885,LOF,0.13199115966802635,0.02816303313382789,0.8398458071981457
25886,LOF,0.19379052512308653,0.21456248099094427,0.5916469938859692
25887,LOF,0.04948999623040921,0.45613982768741385,0.4943701760821769
25888,LOF,0.0051209494341102725,0.3989669499448762,0.5959121006210135
25889,LOF,0.02152534894587904,0.10963194822745496,0.868842702826666
25890,LOF,0.19319543608281065,0.30181096073337166,0.5049936031838177
25891,LOF,0.09633651928321635,0.12277618716963282,0.7808872935471509
25892,LOF,0.006802359687130017,0.047040319307830446,0.9461573210050396
25893,LOF,0.24819315315712884,0.018980114814173225,0.732826732028698
25894,LOF,0.2941575497410993,0.010463626291106753,0.695378823967794
25895,LOF,0.2673874697588931,0.014949650261039454,0.7176628799800675
25896,LOF,0.07776186534067468,0.03911596500608821,0.8831221696532372
25897,LOF,0.09520771856186244,0.023763655276715662,0.8810286261614219
25898,LOF,0.08089355990401813,0.05532754473625839,0.8637788953597235
25899,LOF,0.39012572616562385,0.048474111709833,0.5614001621245432
25900,Neutral,0.7583040120918798,0.013677649703919945,0.22801833820420014
25901,LOF,0.06087015616888963,0.014750665316881153,0.9243791785142292
25902,LOF,0.07905577674599813,0.011041254387854785,0.9099029688661471
25903,LOF,0.1379716581504866,0.04824963893860994,0.8137787029109035
25904,Neutral,0.47712094119946685,0.10543127280778405,0.4174477859927492
25905,LOF,0.010731382386898206,0.2837775059659179,0.7054911116471839
25906,LOF,0.008920466133098617,0.02141351356520866,0.9696660203016927
25907,LOF,0.007923775811977953,0.16831304650079393,0.8237631776872282
25908,LOF,0.008601203957572887,0.16867024964014124,0.8227285464022859
25909,LOF,0.04294631399159823,0.06494197780559584,0.8921117082028059
25910,LOF,0.013668154552717754,0.11436669209806757,0.8719651533492148
25911,LOF,0.1793841352503794,0.1008422361991186,0.719773628550502
25912,LOF,0.12997481081735837,0.02799995951818178,0.8420252296644598
25913,LOF,0.014578197307569013,0.0918093289645703,0.8936124737278607
25914,LOF,0.047671742847090456,0.0329417961500439,0.9193864610028657
25915,GOF,0.21007667226818483,0.41826496033924293,0.3716583673925723
25916,LOF,0.016788971720360694,0.2003809510906259,0.7828300771890133
25917,LOF,0.06943726806521201,0.03394276285500735,0.8966199690797807
25918,LOF,0.049035157292454945,0.024329428814851718,0.9266354138926933
25919,LOF,0.04454298236240066,0.022007410359773067,0.9334496072778263
25920,LOF,0.2297847426206001,0.31747327654437524,0.4527419808350247
25921,LOF,0.024367145381912432,0.03908035148906111,0.9365525031290264
25922,LOF,0.022002692362858362,0.03314688058538869,0.944850427051753
25923,LOF,0.4628393391573846,0.02057587524237627,0.516584785600239
25924,LOF,0.030477176884805564,0.03105909181958925,0.9384637312956052
25925,LOF,0.12778512559634403,0.041791930317588606,0.8304229440860674
25926,LOF,0.11191865971348484,0.03391558542426947,0.8541657548622458
25927,LOF,0.027031727283705495,0.07293520890222917,0.9000330638140652
25928,LOF,0.01714199329228802,0.02119759534581121,0.9616604113619007
25929,Neutral,0.5968733474392632,0.020310579520988813,0.3828160730397479
25930,LOF,0.0734596011132976,0.024104337783786827,0.9024360611029155
25931,LOF,0.017042186613861844,0.024175391961157873,0.9587824214249802
25932,LOF,0.09394876578547869,0.015314212599303366,0.8907370216152181
25933,LOF,0.09438680015767617,0.011162375773967836,0.8944508240683559
25934,LOF,0.09210694662558294,0.01278210636025698,0.8951109470141602
25935,LOF,0.12346415549046337,0.03461133512230371,0.841924509387233
25936,LOF,0.09320933981759687,0.011774227690469307,0.895016432491934
25937,LOF,0.01910830457680867,0.024255805851137072,0.9566358895720541
25938,LOF,0.12646922753871884,0.03345522784310206,0.8400755446181791
25939,LOF,0.07093764353593092,0.014378400699687415,0.9146839557643816
25940,LOF,0.008470963460523461,0.3865909493051831,0.6049380872342934
25941,Neutral,0.5015601277688427,0.18695767518588546,0.31148219704527175
25942,LOF,0.008308587110144528,0.23444073142649466,0.7572506814633609
25943,GOF,0.025692585298901977,0.6732870305347717,0.3010203841663263
25944,GOF,0.027168446910850796,0.5467977331949981,0.426033819894151
25945,LOF,0.11038180445152497,0.16130673044409083,0.7283114651043842
25946,LOF,0.10012543634270961,0.0782921966939418,0.8215823669633486
25947,Neutral,0.4990258352485107,0.1192033669405499,0.3817707978109393
25948,Neutral,0.5043030361925849,0.018312139715246943,0.47738482409216815
25949,LOF,0.11126857328453726,0.04243440790243645,0.8462970188130263
25950,GOF,0.0374332156550566,0.843305287990635,0.11926149635430826
25951,GOF,0.01548255363063042,0.5961994315858212,0.38831801478354844
25952,LOF,0.10370021541018538,0.4230471894335259,0.47325259515628876
25953,GOF,0.007172678928630326,0.586014166130499,0.4068131549408708
25954,GOF,0.028686427338586357,0.6809826177477182,0.2903309549136954
25955,GOF,0.006143687042266642,0.5372140021715202,0.4566423107862132
25956,LOF,0.009567145504619389,0.4125016770743012,0.5779311774210795
25957,LOF,0.24850173436763862,0.03564822027763577,0.7158500453547256
25958,LOF,0.02868938500738444,0.07602065255210372,0.8952899624405118
25959,GOF,0.0061996073749826484,0.6323279021390967,0.3614724904859208
25960,LOF,0.005051906514086684,0.14441375280833446,0.8505343406775788
25961,LOF,0.028470859132393722,0.07858618217633027,0.8929429586912759
25962,LOF,0.04883998598838947,0.08148768023752419,0.8696723337740863
25963,LOF,0.010026094878647158,0.2262499358702405,0.7637239692511124
25964,LOF,0.047663881960858474,0.13942948481277573,0.8129066332263659
25965,LOF,0.14546334245919296,0.1924984805701513,0.6620381769706557
25966,LOF,0.3360878096693991,0.2313786652984418,0.4325335250321592
25967,LOF,0.007981852008788695,0.07825448855135865,0.9137636594398527
25968,LOF,0.07350916432428714,0.24209914791317116,0.6843916877625417
25969,LOF,0.15056802482173567,0.044617732080375005,0.8048142430978893
25970,LOF,0.03767217747324312,0.29115338667148455,0.6711744358552724
25971,LOF,0.06907956394876631,0.08789678364932342,0.8430236524019102
25972,LOF,0.06627711950035424,0.1151289993221575,0.8185938811774882
25973,LOF,0.09017025380248056,0.00832183128572417,0.9015079149117954
25974,LOF,0.08267441416244653,0.061034153139596994,0.8562914326979565
25975,LOF,0.038548721576760966,0.010287136489146214,0.9511641419340927
25976,LOF,0.09742652574635502,0.00805222676151581,0.8945212474921291
25977,LOF,0.20861774451232748,0.08706088062727718,0.7043213748603954
25978,LOF,0.15645675289199468,0.1220766547045936,0.7214665924034117
25979,LOF,0.1246468537002836,0.12622215317690078,0.7491309931228156
25980,LOF,0.1896758801915264,0.21489595305855605,0.5954281667499175
25981,LOF,0.19240547527472357,0.22190725225922395,0.5856872724660525
25982,LOF,0.2669902153785269,0.11658943523526774,0.6164203493862054
25983,Neutral,0.44323202267519846,0.12321345799357347,0.43355451933122807
25984,LOF,0.040743357341453415,0.13516604365536983,0.8240905990031767
25985,LOF,0.4236177011022055,0.14531095161318733,0.43107134728460705
25986,GOF,0.009164178355396485,0.4993418485055365,0.49149397313906695
25987,LOF,0.02157657537643155,0.08528761290733759,0.8931358117162309
25988,LOF,0.03296287032128761,0.22080490464792824,0.7462322250307841
25989,LOF,0.033885289891773314,0.2125208203603377,0.753593889747889
25990,LOF,0.04024936847177506,0.31237697267944736,0.6473736588487775
25991,GOF,0.03641105130928865,0.6370081124951459,0.32658083619556555
25992,LOF,0.01401104676843331,0.3748171339270837,0.6111718193044829
25993,LOF,0.032635941411048246,0.07600411605804717,0.8913599425309047
25994,LOF,0.03323875860857386,0.09468974662798096,0.8720714947634453
25995,LOF,0.019959663082505182,0.18179589403193586,0.798244442885559
25996,GOF,0.298154185732413,0.5629126905039005,0.1389331237636865
25997,GOF,0.06223915796931133,0.673871864839255,0.26388897719143356
25998,LOF,0.24193256256050286,0.03994633041504277,0.7181211070244543
25999,LOF,0.025964978010950417,0.4459605685469457,0.5280744534421039
26000,LOF,0.13094573577314877,0.01899200732923185,0.8500622568976194
26001,LOF,0.1340910612760184,0.03511111649883891,0.8307978222251428
26002,LOF,0.0744440120559092,0.020764995106308047,0.9047909928377829
26003,GOF,0.007967250640228572,0.6046371755181837,0.3873955738415877
26004,GOF,0.020964220906194025,0.626552630937788,0.3524831481560178
26005,GOF,0.006549155181992267,0.5312857240433756,0.46216512077463207
26006,GOF,0.14909057056747052,0.5420977575069089,0.3088116719256206
26007,GOF,0.011409784933591436,0.5920275805522299,0.3965626345141786
26008,GOF,0.00765424241117009,0.5848884827220355,0.4074572748667944
26009,GOF,0.015667279132403303,0.6467153348900389,0.337617385977558
26010,GOF,0.010993064355868132,0.6020342727172788,0.38697266292685306
26011,LOF,0.007257270778354608,0.4791543256238557,0.5135884035977897
26012,LOF,0.006922455173720637,0.49394568524564997,0.4991318595806295
26013,GOF,0.012458986394209575,0.4976715741770042,0.48986943942878636
26014,LOF,0.05820086765760519,0.07404297657559893,0.867756155766796
26015,LOF,0.3772676270332106,0.05398982265462629,0.5687425503121633
26016,LOF,0.2848849962290573,0.131485318046727,0.5836296857242157
26017,LOF,0.017347472994217905,0.44505144667143837,0.5376010803343436
26018,LOF,0.020855048699572262,0.15710464862830265,0.822040302672125
26019,LOF,0.02037918405838082,0.1296077217901523,0.8500130941514668
26020,LOF,0.007191516661044294,0.3915920445715589,0.6012164387673968
26021,LOF,0.09524937027946759,0.2617882850446428,0.6429623446758896
26022,LOF,0.054337990365514996,0.06418088446852938,0.8814811251659557
26023,LOF,0.033395282089472414,0.10932571267172816,0.8572790052387994
26024,LOF,0.049706411696146986,0.1728041819055173,0.7774894063983356
26025,LOF,0.13966919625305144,0.16868474571635309,0.6916460580305954
26026,LOF,0.15412142931840914,0.13137359340352137,0.7145049772780695
26027,LOF,0.03110773836946703,0.07385259549288177,0.8950396661376511
26028,LOF,0.0792965808153655,0.21770013471453864,0.7030032844700959
26029,LOF,0.03936301003243138,0.11034513673150842,0.8502918532360602
26030,LOF,0.16781328831648204,0.008693941598021355,0.8234927700854966
26031,LOF,0.018811507245747646,0.1211802975713578,0.8600081951828945
26032,LOF,0.03006594880342008,0.019519959650154226,0.9504140915464258
26033,LOF,0.04990762959177529,0.03256783791812834,0.9175245324900965
26034,LOF,0.028165534924319984,0.07483858638619262,0.8969958786894874
26035,LOF,0.015857777397647155,0.08926084232857537,0.8948813802737775
26036,LOF,0.015399755876513984,0.07122496643122139,0.9133752776922647
26037,LOF,0.014309245824194471,0.06840785566477156,0.917282898511034
26038,LOF,0.02541005498518225,0.019438713392935587,0.9551512316218822
26039,LOF,0.033397070706918615,0.10328548658759151,0.8633174427054898
26040,LOF,0.06907078370220389,0.12448834571853006,0.8064408705792662
26041,LOF,0.017600709550518193,0.08216406722077392,0.9002352232287079
26042,LOF,0.01664757065187706,0.08697800190891988,0.896374427439203
26043,LOF,0.024664241432760046,0.043500361797644174,0.9318353967695958
26044,LOF,0.009594801583351279,0.04160047873537692,0.9488047196812718
26045,LOF,0.08222009550031215,0.19232612593789358,0.7254537785617943
26046,LOF,0.023944120716758426,0.04798701736649387,0.9280688619167476
26047,LOF,0.05771520321823285,0.03482286323162854,0.9074619335501385
26048,LOF,0.08329087438583356,0.021939690803634778,0.8947694348105316
26049,Neutral,0.9195158560288127,0.005161161963555366,0.07532298200763182
26050,Neutral,0.8590226042402358,0.006149257120438461,0.13482813863932583
26051,LOF,0.03277545772634639,0.3688716069159689,0.5983529353576847
26052,LOF,0.03244735907869164,0.2611078583397591,0.7064447825815493
26053,LOF,0.03938769498693441,0.06561433288992244,0.8949979721231431
26054,LOF,0.04831683041851958,0.08199406900851397,0.8696891005729664
26055,LOF,0.05416178850188959,0.0848349024410612,0.8610033090570491
26056,LOF,0.05140671633238466,0.0903355169770608,0.8582577666905546
26057,LOF,0.060921283635214395,0.019847592279244146,0.9192311240855414
26058,LOF,0.07101467531147942,0.01623662038948645,0.9127487042990341
26059,LOF,0.235860819269493,0.1288832914350866,0.6352558892954203
26060,LOF,0.015241689774567437,0.2839386610720565,0.7008196491533761
26061,LOF,0.013263496425239997,0.013629677363352013,0.9731068262114079
26062,LOF,0.006126186262226999,0.027579795679398566,0.9662940180583746
26063,LOF,0.05606935030453866,0.016392000518047806,0.9275386491774135
26064,LOF,0.009410600799661682,0.01698060972896288,0.9736087894713754
26065,LOF,0.04744658841395983,0.02267480222147545,0.9298786093645647
26066,LOF,0.0525604290676205,0.015052670418597985,0.9323869005137815
26067,LOF,0.06065567826383368,0.017576994762633833,0.9217673269735324
26068,LOF,0.04620007785355606,0.06795771663170015,0.8858422055147437
26069,LOF,0.15893670478845792,0.05753440205422575,0.7835288931573164
26070,LOF,0.3817643798985126,0.03676088560879195,0.5814747344926955
26071,LOF,0.04948999055280199,0.017644958015329816,0.9328650514318682
26072,LOF,0.00993298977260235,0.022990074335420167,0.9670769358919774
26073,LOF,0.052835792810977666,0.013412401157763659,0.9337518060312587
26074,Neutral,0.7319905206209105,0.028769612019387405,0.23923986735970215
26075,LOF,0.0383121808556535,0.045031405307770125,0.9166564138365763
26076,LOF,0.06209092916168312,0.0261305663287148,0.9117785045096021
26077,LOF,0.1700250223338516,0.025329940912353948,0.8046450367537944
26078,LOF,0.007517091253356282,0.02640331452735601,0.9660795942192877
26079,LOF,0.052792299631520774,0.04719102412925154,0.9000166762392277
26080,LOF,0.05205114195843783,0.04716218972205426,0.9007866683195079
26081,LOF,0.05200444631831975,0.017273104162136784,0.9307224495195435
26082,LOF,0.007778121928073406,0.026397429097210406,0.9658244489747162
26083,LOF,0.04739396200856231,0.04346805743443537,0.9091379805570023
26084,LOF,0.061077157046028493,0.020496842195211896,0.9184260007587597
26085,LOF,0.055208719971473315,0.01806001987769088,0.9267312601508358
26086,LOF,0.04003655551540835,0.020661599193725535,0.9393018452908661
26087,LOF,0.04757570875204108,0.023364860658267237,0.9290594305896916
26088,LOF,0.008199130624812197,0.05500320836231982,0.9367976610128679
26089,LOF,0.034359554861334275,0.07742019480547414,0.8882202503331916
26090,LOF,0.0338726861659286,0.05899677508847697,0.9071305387455945
26091,LOF,0.05298819274998316,0.01850767711780092,0.9285041301322159
26092,LOF,0.05864546430178677,0.016326496040927587,0.9250280396572856
26093,LOF,0.07842250416254772,0.011962162512092206,0.9096153333253602
26094,LOF,0.04556339373376833,0.017047505508056737,0.9373891007581749
26095,LOF,0.011761584637846522,0.03761401158066028,0.9506244037814932
26096,LOF,0.3043988071149264,0.0052916217331278985,0.6903095711519457
26097,LOF,0.007971719029000797,0.05077056755104211,0.9412577134199571
26098,LOF,0.05627931700359984,0.035990804547865365,0.9077298784485349
26099,LOF,0.050263241097214084,0.05109648180767331,0.8986402770951126
26100,LOF,0.050263241097214084,0.05109648180767331,0.8986402770951126
26101,LOF,0.04021245516462082,0.054259906788424614,0.9055276380469546
26102,LOF,0.05333945561902544,0.025283251324726343,0.9213772930562482
26103,Neutral,0.8620953998394462,0.0505038849543721,0.08740071520618158
26104,LOF,0.044158485841414005,0.12097448567946316,0.8348670284791229
26105,LOF,0.24555243041471891,0.2502613880149069,0.5041861815703742
26106,LOF,0.3211805170525802,0.16467315424072587,0.5141463287066939
26107,LOF,0.010369703715701456,0.17404835153120735,0.8155819447530911
26108,LOF,0.13870573963087368,0.19791319381528216,0.6633810665538442
26109,LOF,0.05765753949282424,0.03300749807161007,0.9093349624355658
26110,Neutral,0.5358606856946799,0.04233361107757917,0.42180570322774086
26111,LOF,0.051748744735052074,0.2533714439937541,0.6948798112711938
26112,LOF,0.056957611946069485,0.04544897578834031,0.8975934122655902
26113,LOF,0.06216484500561635,0.07695898796611622,0.8608761670282674
26114,LOF,0.10260476694918985,0.02880205790368058,0.8685931751471295
26115,LOF,0.019526349449454274,0.22029185278616506,0.7601817977643808
26116,LOF,0.06771613251331818,0.06974740141190733,0.8625364660747744
26117,LOF,0.2625530134571916,0.06209907422516599,0.6753479123176424
26118,LOF,0.03817624077195032,0.023683069135186783,0.9381406900928629
26119,LOF,0.005636681611530697,0.11540264319463867,0.8789606751938306
26120,LOF,0.032249673946159005,0.029093359586390904,0.9386569664674501
26121,LOF,0.004546683644344712,0.11943068543821721,0.8760226309174381
