feature0,prediction,LoGoFunc_Neutral,LoGoFunc_GOF,LoGoFunc_LOF
25546,Neutral,0.7265761523926392,0.03365683321255971,0.2397670143948011
25547,Neutral,0.5861721326568711,0.06475074691078261,0.34907712043234634
25548,Neutral,0.5716046787218978,0.04808942606272002,0.3803058952153821
25549,Neutral,0.5035680505493912,0.04729120087853699,0.44914074857207176
25550,LOF,0.36333709427082733,0.0930801482447329,0.5435827574844397
25551,LOF,0.3065121453462694,0.10525155329852286,0.5882363013552077
25552,LOF,0.22569145737803714,0.09696653112344288,0.67734201149852
25553,Neutral,0.8342353670785816,0.02602347830168022,0.13974115461973807
25554,LOF,0.2510034426460019,0.09339179271534077,0.6556047646386575
25555,LOF,0.2131730651094635,0.0826193599026632,0.7042075749878732
25556,LOF,0.43191524056166714,0.08259617955121587,0.485488579887117
25557,LOF,0.2063077831373931,0.08816784717131868,0.7055243696912882
25558,LOF,0.24215868738599255,0.0955948451034074,0.6622464675106001
25559,LOF,0.3562773456344603,0.1834205032404222,0.4603021511251175
25560,LOF,0.05816861918421291,0.14118263059209735,0.8006487502236896
25561,LOF,0.12385920762186026,0.14427247580915378,0.731868316568986
25562,LOF,0.13675126593620918,0.04593318783998937,0.8173155462238014
25563,LOF,0.10664459914474013,0.07024626940165662,0.8231091314536031
25564,LOF,0.24223558796141467,0.11603754669809263,0.6417268653404927
25565,LOF,0.14623870672320657,0.10296410543564317,0.7507971878411502
25566,GOF,0.016574178974870964,0.7743728680887118,0.20905295293641735
25567,LOF,0.016350676907439327,0.15606871783053625,0.8275806052620244
25568,LOF,0.05257758989605184,0.060782767647694635,0.8866396424562535
25569,LOF,0.06377197950531417,0.056384906199031415,0.8798431142956544
25570,LOF,0.06485476704391953,0.09917772060331063,0.8359675123527699
25571,LOF,0.05827381703648214,0.0892103588718944,0.8525158240916235
25572,LOF,0.06538312076416114,0.1151865638879713,0.8194303153478676
25573,LOF,0.03672066901768755,0.08726728757905682,0.8760120434032556
25574,LOF,0.0224849249665924,0.12973345600971134,0.8477816190236963
25575,LOF,0.04610909926359423,0.10593753172877837,0.8479533690076273
25576,LOF,0.018333343386099984,0.1131520311243098,0.8685146254895901
25577,LOF,0.016488002492758825,0.12310876150135906,0.8604032360058821
25578,LOF,0.2518389721455097,0.07727807210813617,0.670882955746354
25579,LOF,0.25261345551469316,0.07640873675133904,0.6709778077339679
25580,LOF,0.03138378559169001,0.0767415302016951,0.8918746842066149
25581,LOF,0.05439401344701118,0.06032512123962565,0.8852808653133631
25582,LOF,0.054040908990758856,0.05716000780743159,0.8887990832018094
25583,LOF,0.042052747336076404,0.08475617635124541,0.8731910763126782
25584,Neutral,0.4700563115198111,0.10479943810007558,0.4251442503801134
25585,LOF,0.030616203383424218,0.11569152350384626,0.8536922731127295
25586,LOF,0.029844532688644867,0.06792290299089405,0.9022325643204612
25587,LOF,0.0300379237519518,0.06626775249299235,0.9036943237550559
25588,LOF,0.03211603183656233,0.08100548002565983,0.8868784881377779
25589,Neutral,0.5920602166050153,0.11624868818486592,0.2916910952101187
25590,LOF,0.03161583989682593,0.12098500954198829,0.8473991505611858
25591,LOF,0.11475628351342354,0.05102597614450551,0.834217740342071
25592,LOF,0.08535362373946402,0.1227710427238126,0.7918753335367233
25593,LOF,0.028299237799488387,0.22304899511597176,0.7486517670845397
25594,LOF,0.044228132538727115,0.23496249692076024,0.7208093705405125
25595,LOF,0.0512615177812972,0.16864686179660546,0.7800916204220973
25596,LOF,0.046518480602201574,0.11454939125970896,0.8389321281380895
25597,LOF,0.04098031801446654,0.1190575166397633,0.8399621653457701
25598,LOF,0.048669887896471135,0.16555809829614496,0.7857720138073839
25599,GOF,0.007378291698124581,0.6758346276604397,0.3167870806414359
25600,GOF,0.020411824926006752,0.6403073470040144,0.33928082806997895
25601,LOF,0.00592390505549951,0.4472850321605812,0.5467910627839193
25602,LOF,0.02632528572214794,0.04578974923854585,0.9278849650393063
25603,LOF,0.060010774945306954,0.028011139127392233,0.9119780859273008
25604,LOF,0.045889358806059787,0.0328713435281779,0.9212392976657623
25605,LOF,0.01531258363229422,0.18256740163566157,0.8021200147320443
25606,LOF,0.11168752866152809,0.41341260451806944,0.4748998668204026
25607,LOF,0.006339746478048089,0.17315302474708058,0.8205072287748714
25608,LOF,0.029886860044681694,0.0575169553949037,0.9125961845604146
25609,LOF,0.037861343193349196,0.4370321926078184,0.5251064641988324
25610,LOF,0.03768653533798747,0.02568810897416321,0.9366253556878494
25611,LOF,0.04130418062473104,0.024804902163404346,0.9338909172118646
25612,LOF,0.09856241811416215,0.0356897869139415,0.8657477949718962
25613,LOF,0.08086067247701026,0.03690809836213149,0.8822312291608584
25614,LOF,0.030625290293006115,0.03422281123808483,0.935151898468909
25615,LOF,0.03776089448361188,0.04577967363940355,0.9164594318769845
25616,LOF,0.03090145773826912,0.033614609747633604,0.9354839325140973
25617,LOF,0.029201397065071924,0.037406153213010294,0.9333924497219178
25618,LOF,0.15659829856283836,0.029134650566169238,0.8142670508709925
25619,LOF,0.027240132051273017,0.031536028658661175,0.9412238392900659
25620,LOF,0.03426308704514391,0.041635797125462934,0.9241011158293931
25621,LOF,0.02757405863110808,0.032878698879164586,0.9395472424897272
25622,LOF,0.028886636329299144,0.03856714436438633,0.9325462193063145
25623,LOF,0.05182962537430372,0.03525867493502056,0.9129116996906758
25624,LOF,0.026762370908337725,0.03630209952344346,0.9369355295682188
25625,LOF,0.029710994740256357,0.044513594692644265,0.9257754105670993
25626,LOF,0.08479609829484909,0.032004421320327096,0.8831994803848238
25627,Neutral,0.5246235464190505,0.1455001516382124,0.32987630194273715
25628,LOF,0.20461800022700527,0.06860630893396649,0.7267756908390282
25629,LOF,0.06491125979322329,0.0670028453520368,0.8680858948547399
25630,LOF,0.16578297056303848,0.10644024848170604,0.7277767809552554
25631,Neutral,0.5538304335744944,0.08547957152900088,0.36068999489650483
25632,LOF,0.018811629036621435,0.07772548723153606,0.9034628837318424
25633,LOF,0.20586943756828524,0.06224365114538938,0.7318869112863253
25634,LOF,0.032194131977360624,0.08990694685095017,0.8778989211716892
25635,LOF,0.0356627082780287,0.06320210570115821,0.901135186020813
25636,GOF,0.004487979217736939,0.6799805550789975,0.31553146570326573
25637,GOF,0.005302310356326046,0.6637458401911218,0.3309518494525522
25638,LOF,0.007798190217971714,0.43559824938640845,0.5566035603956199
25639,GOF,0.004693590895252107,0.535540088347504,0.4597663207572439
25640,GOF,0.4533278751049308,0.4747033480257646,0.07196877686930482
25641,LOF,0.009435069186862046,0.3560482286940722,0.6345167021190657
25642,LOF,0.308106972267077,0.06466291130965658,0.6272301164232664
25643,LOF,0.28606380514919266,0.14482946726512042,0.5691067275856869
25644,GOF,0.016122574064284682,0.5540917622449887,0.42978566369072674
25645,LOF,0.01374771156288931,0.49036784856401516,0.49588443987309555
25646,LOF,0.019903996541624183,0.35254610740019005,0.6275498960581858
25647,LOF,0.01651009039341851,0.27927400251773177,0.7042159070888498
25648,LOF,0.014721461693508565,0.2998747757835113,0.6854037625229801
25649,LOF,0.011649211676610951,0.23377996392577763,0.7545708243976115
25650,LOF,0.02800105845277365,0.46944930079374037,0.5025496407534861
25651,LOF,0.010680636684659957,0.2750255929579663,0.7142937703573737
25652,LOF,0.019791182651811883,0.25598649255894657,0.7242223247892415
25653,LOF,0.06343863872151137,0.36128462955285856,0.5752767317256301
25654,LOF,0.018206048049873993,0.15845913019719352,0.8233348217529325
25655,LOF,0.0931956046328667,0.4154315321031014,0.49137286326403196
25656,LOF,0.06852739140477614,0.08595481913646776,0.8455177894587562
25657,LOF,0.27720166568961135,0.04063377129978452,0.682164563010604
25658,LOF,0.04035074580976995,0.09182953324914371,0.8678197209410864
25659,LOF,0.285369221322136,0.07354752368312407,0.6410832549947401
25660,LOF,0.07416389569605474,0.09715940243949113,0.8286767018644542
25661,LOF,0.05017566551430002,0.06930878757942813,0.880515546906272
25662,LOF,0.029715785653606323,0.04258329765063134,0.9277009166957623
25663,LOF,0.0399150773329506,0.06642280489501495,0.8936621177720344
25664,LOF,0.033223135220724447,0.09054477962169555,0.8762320851575801
25665,LOF,0.05882326229370799,0.042039395351273115,0.899137342355019
25666,LOF,0.03296311961972105,0.13676842298439218,0.8302684573958867
25667,LOF,0.030640095652377155,0.05133335191429013,0.9180265524333328
25668,LOF,0.035046698289203884,0.05597587969722801,0.908977422013568
25669,LOF,0.041911390194164365,0.08406455534195081,0.8740240544638849
25670,LOF,0.08246446517212262,0.08637051960004584,0.8311650152278315
25671,LOF,0.041196151153172586,0.04674509696835953,0.9120587518784679
25672,LOF,0.05762308362039122,0.05884586767544931,0.8835310487041595
25673,LOF,0.03480398646138745,0.06928175852690287,0.8959142550117097
25674,LOF,0.02766717857518548,0.07554870653148704,0.8967841148933274
25675,LOF,0.036082084966253196,0.051727593220786905,0.9121903218129599
25676,LOF,0.03279309881732492,0.058340575907953676,0.9088663252747213
25677,LOF,0.06268303871902856,0.06423812978464673,0.8730788314963247
25678,LOF,0.26431706692544876,0.04046866644173678,0.6952142666328145
25679,LOF,0.17367383470063494,0.08057400484654817,0.7457521604528169
25680,LOF,0.06381898590725199,0.09577023661043038,0.8404107774823175
25681,LOF,0.10874624562440884,0.08746538398764382,0.8037883703879473
25682,LOF,0.04606310383214734,0.07536158721637246,0.8785753089514803
25683,LOF,0.08842531426062422,0.08608030335042326,0.8254943823889526
25684,LOF,0.05403777567731755,0.0755264890281451,0.8704357352945373
25685,LOF,0.09378469876532596,0.04474634226552039,0.8614689589691535
25686,LOF,0.033831239682926346,0.08990439862764843,0.8762643616894251
25687,LOF,0.05491028620250814,0.07323502592046044,0.8718546878770315
25688,LOF,0.021499557589346702,0.08976723645716933,0.888733205953484
25689,LOF,0.019031490854750026,0.07349073554572255,0.9074777735995274
25690,LOF,0.01952025723013306,0.07905779709058358,0.9014219456792834
25691,LOF,0.18639272007032712,0.13391977186411877,0.6796875080655542
25692,LOF,0.2726416349453732,0.012506542230170633,0.7148518228244561
25693,LOF,0.050542859185469066,0.13941518996059662,0.8100419508539343
25694,LOF,0.23079104151456664,0.013256915515270617,0.7559520429701628
25695,LOF,0.14709860567809818,0.01875254667819791,0.834148847643704
25696,LOF,0.16039975915253996,0.01032373018670453,0.8292765106607555
25697,LOF,0.15023319112306363,0.021164278938498617,0.8286025299384377
25698,LOF,0.023863207792613236,0.3770919955437776,0.5990447966636091
25699,LOF,0.05037067299711357,0.05282854314041877,0.8968007838624676
25700,LOF,0.03123366447937688,0.008961479941745794,0.9598048555788774
25701,LOF,0.012157670519167317,0.07183557270979968,0.916006756771033
25702,GOF,0.03294334477577669,0.7465154074217295,0.22054124780249376
25703,LOF,0.016608316468466895,0.18639725053079348,0.7969944330007397
25704,LOF,0.09040745875846361,0.15090295439388512,0.7586895868476512
25705,LOF,0.07093156361235255,0.2221646684617269,0.7069037679259206
25706,GOF,0.04384665911577101,0.6270399610749579,0.3291133798092712
25707,GOF,0.028787497877619816,0.5415476268388328,0.42966487528354724
25708,LOF,0.006813155383630469,0.47658674328039946,0.51660010133597
25709,LOF,0.01853833081045283,0.06427574842695499,0.9171859207625922
25710,LOF,0.008295321620146356,0.16105015905460057,0.8306545193252529
25711,LOF,0.020528177155233876,0.11797740896217394,0.8614944138825922
25712,LOF,0.008776508946469083,0.2174289585198788,0.7737945325336522
25713,LOF,0.01859460497404291,0.10353837287845528,0.8778670221475018
25714,LOF,0.021343398790977745,0.13265210772408903,0.8460044934849331
25715,LOF,0.020120363345724684,0.1203913128138746,0.8594883238404007
25716,LOF,0.011967452608217893,0.1475102460076076,0.8405223013841744
25717,LOF,0.0057215867038669915,0.1449132364348172,0.8493651768613159
25718,LOF,0.019825029154896555,0.08296749342083269,0.8972074774242709
25719,LOF,0.03427249740078401,0.08761994197224628,0.8781075606269696
25720,LOF,0.02586298353610853,0.08718261486761923,0.8869544015962723
25721,LOF,0.023944977244725964,0.09003535553719604,0.8860196672180779
25722,LOF,0.016894253385722438,0.11661249257088788,0.8664932540433897
25723,LOF,0.02121598030216761,0.07265626737313721,0.9061277523246951
25724,LOF,0.028726579425433486,0.11904242324476999,0.8522309973297966
25725,LOF,0.02079073392447991,0.06295113841625566,0.9162581276592644
25726,LOF,0.01576620839625057,0.10075645993239081,0.8834773316713587
25727,LOF,0.02065473110128971,0.08567381905161492,0.8936714498470953
25728,LOF,0.020169321450825926,0.09746113855225205,0.8823695399969219
25729,LOF,0.01953708213427913,0.10587026435017743,0.8745926535155434
25730,LOF,0.02216590225895798,0.07892163965602074,0.8989124580850212
25731,LOF,0.00954013645917477,0.19804451005019863,0.7924153534906266
25732,LOF,0.019426943185633677,0.09742639065320426,0.883146666161162
25733,LOF,0.027257541734930033,0.08676617235832515,0.8859762859067449
25734,LOF,0.007004715889659105,0.22633919356203447,0.7666560905483064
25735,LOF,0.021643714193973,0.07335876365560333,0.9049975221504236
25736,LOF,0.020540575227864837,0.12675023501558155,0.8527091897565536
25737,LOF,0.04100464901869471,0.10512968520855161,0.8538656657727537
25738,LOF,0.020431579800806645,0.142836276244415,0.8367321439547784
25739,LOF,0.024073876659802106,0.13515499095664724,0.8407711323835506
25740,LOF,0.04669835817501502,0.13946359062874275,0.8138380511962423
25741,LOF,0.027068982470630457,0.11395876082666949,0.8589722567027
25742,LOF,0.04401539983241252,0.12361311779736703,0.8323714823702204
25743,LOF,0.011538360696105731,0.035731151858625666,0.9527304874452686
25744,GOF,0.18426373493102763,0.4570718543035693,0.35866441076540295
25745,LOF,0.026955968671100197,0.07826330411003146,0.8947807272188684
25746,LOF,0.012436355389704034,0.10936499177109743,0.8781986528391985
25747,LOF,0.02985369294189152,0.03826348289509469,0.9318828241630138
25748,LOF,0.25982804804163495,0.060009091920376574,0.6801628600379885
25749,LOF,0.014495545642771675,0.06425692526377362,0.9212475290934548
25750,LOF,0.016087699443126047,0.09047198449689967,0.8934403160599742
25751,LOF,0.03946144574296917,0.06436623886324234,0.8961723153937886
25752,GOF,0.08910167718763863,0.6794362611751953,0.23146206163716604
25753,LOF,0.007270509317326948,0.38909686619854783,0.6036326244841251
25754,GOF,0.006568088948299043,0.8694071274273595,0.12402478362434137
25755,LOF,0.008307730731076284,0.45723574330501476,0.5344565259639089
25756,LOF,0.0468947614046763,0.4379917509042198,0.5151134876911039
25757,GOF,0.007668558041775004,0.8799471047177777,0.11238433724044727
25758,GOF,0.009557738631863596,0.8730692358007052,0.11737302556743112
25759,GOF,0.005726520589395578,0.6014270551300768,0.3928464242805276
25760,LOF,0.0063421879766324425,0.3025205931476994,0.6911372188756681
25761,GOF,0.06470276785100983,0.8568145365137981,0.07848269563519211
25762,LOF,0.02802275832841828,0.36556257543955756,0.6064146662320242
25763,LOF,0.00726167636068755,0.2766848041936185,0.7160535194456938
25764,GOF,0.0737578182156706,0.6558728408853308,0.27036934089899844
25765,GOF,0.00803402336172058,0.8521123425811069,0.13985363405717263
25766,GOF,0.04151494530458003,0.814600860035033,0.143884194660387
25767,GOF,0.008967208483825406,0.5287570869651093,0.4622757045510655
25768,LOF,0.03843527717020393,0.07628619281239081,0.8852785300174052
25769,LOF,0.02451050838176587,0.0814604710705861,0.8940290205476481
25770,LOF,0.16243011765900042,0.06993733629926055,0.7676325460417391
25771,LOF,0.013206375515250966,0.07326641728987654,0.9135272071948725
25772,LOF,0.023075358179575147,0.031732414542200243,0.9451922272782245
25773,LOF,0.015045025403623246,0.08283323219799675,0.90212174239838
25774,LOF,0.028773923755696852,0.09643795675096264,0.8747881194933405
25775,LOF,0.01843397321082079,0.04306708691189936,0.9384989398772798
25776,LOF,0.02636504494267856,0.028396840676504765,0.9452381143808167
25777,LOF,0.2496922298202278,0.07204904306032182,0.6782587271194503
25778,LOF,0.019028652859781777,0.05980045164755217,0.9211708954926661
25779,GOF,0.031773482330616984,0.899052406050255,0.069174111619128
25780,GOF,0.07694733921427849,0.871942372864938,0.0511102879207833
25781,GOF,0.03401294057597808,0.881444967537022,0.08454209188700007
25782,GOF,0.02865686972148293,0.9081534878542807,0.06318964242423634
25783,GOF,0.020183570781963225,0.8083265166795357,0.17148991253850107
25784,GOF,0.07819643309201792,0.885590506275591,0.03621306063239112
25785,GOF,0.05515544814967867,0.9028756761738801,0.04196887567644123
25786,GOF,0.0074310249693665675,0.8501128630757174,0.14245611195491603
25787,GOF,0.16293899050746158,0.8013201869858291,0.03574082250670924
25788,LOF,0.01512099915384989,0.22285199877827822,0.7620270020678719
25789,GOF,0.01617668647670441,0.8744338901740035,0.10938942334929216
25790,GOF,0.015485740229871732,0.8685519371074564,0.11596232266267203
25791,GOF,0.01660401962436418,0.8470906697043565,0.1363053106712793
25792,GOF,0.01937081562342164,0.8533093853534249,0.1273197990231535
25793,GOF,0.053929502526506794,0.8351206883347171,0.11094980913877613
25794,GOF,0.04509559422323785,0.7710220149110011,0.18388239086576103
25795,GOF,0.04631284666740743,0.7585856634205871,0.19510148991200554
25796,GOF,0.07507211790711207,0.8291635161509348,0.09576436594195306
25797,GOF,0.043835146563548755,0.7264821536828787,0.22968269975357242
25798,GOF,0.0030286756249190937,0.6883318522643271,0.30863947211075365
25799,GOF,0.0029163222773535115,0.5994087095461704,0.397674968176476
25800,GOF,0.01674770568254094,0.7912911609983897,0.19196113331906928
25801,GOF,0.013140809701894452,0.8792029203091644,0.10765626998894111
25802,GOF,0.01979619893781376,0.8408197264001138,0.13938407466207248
25803,GOF,0.013922369707205931,0.7462511586630584,0.23982647162973572
25804,GOF,0.015796235100835884,0.6840194364334782,0.300184328465686
25805,GOF,0.023822914056347108,0.7454822074962475,0.23069487844740552
25806,GOF,0.01784879497291727,0.8027110257693749,0.1794401792577078
25807,GOF,0.005766825145386964,0.770092733336453,0.2241404415181599
25808,GOF,0.015151588927395125,0.7860243154940452,0.19882409557855965
25809,GOF,0.006965706237636752,0.7663665452624473,0.2266677484999158
25810,GOF,0.005912807749339973,0.7633026450452105,0.23078454720544955
25811,GOF,0.0331402015221839,0.8881584528879233,0.0787013455898928
25812,GOF,0.016496267237019153,0.7792730706227424,0.2042306621402386
25813,GOF,0.09171460110756674,0.8180585329837041,0.09022686590872912
25814,GOF,0.02194693520047415,0.8137698220562793,0.16428324274324652
25815,GOF,0.033881888432529116,0.8418353055149159,0.12428280605255497
25816,GOF,0.007170134690574278,0.8686354252053798,0.12419444010404582
25817,GOF,0.09597155816836864,0.8206462457534108,0.08338219607822038
25818,GOF,0.01964557380182999,0.8426340957770978,0.13772033042107223
25819,GOF,0.04811716202293487,0.7735362030962581,0.17834663488080682
25820,GOF,0.02350007770271975,0.7961304272736685,0.18036949502361171
25821,GOF,0.015783862021969873,0.7870472463080666,0.19716889166996357
25822,GOF,0.029873236809920503,0.7969123148810635,0.17321444830901597
25823,GOF,0.01781486526163245,0.7175574454869874,0.26462768925138014
25824,GOF,0.016314183559574567,0.7902220715898223,0.1934637448506032
25825,GOF,0.014167974947413004,0.7870715266876096,0.19876049836497744
25826,GOF,0.00574111379015762,0.7621456543740446,0.2321132318357978
25827,GOF,0.009709818974177272,0.7289950198604945,0.2612951611653283
25828,GOF,0.007065346455090246,0.699464045175758,0.2934706083691517
25829,GOF,0.0031514173681270433,0.7271774835809781,0.2696710990508948
25830,GOF,0.030862961724906757,0.5583275595819865,0.4108094786931067
25831,GOF,0.05743079939262391,0.8234687645186318,0.11910043608874425
25832,GOF,0.008610108712774796,0.815891678238466,0.1754982130487592
25833,GOF,0.030775791080562415,0.8637027635340438,0.10552144538539365
25834,GOF,0.008182162764557147,0.8249668581486997,0.16685097908674312
25835,GOF,0.018808243828695677,0.8794811843431974,0.10171057182810697
25836,GOF,0.005841651424741431,0.8242717247779929,0.1698866237972657
25837,GOF,0.006073639455976209,0.7305225831636438,0.2634037773803801
25838,GOF,0.017797019873269922,0.8707017534113773,0.11150122671535274
25839,GOF,0.03834705652742595,0.8464191154851597,0.11523382798741447
25840,GOF,0.08656074855835534,0.8144509297836316,0.09898832165801294
25841,GOF,0.08260255806000245,0.8291425071048674,0.08825493483513007
25842,GOF,0.021715507016444004,0.897705972127407,0.08057852085614901
25843,GOF,0.02316128458912631,0.9005904688339987,0.07624824657687483
25844,GOF,0.012071061148654968,0.8557518174313293,0.1321771214200158
25845,GOF,0.004372246246460476,0.6862556675961874,0.309372086157352
25846,GOF,0.058509609556883245,0.8509831269891961,0.09050726345392075
25847,GOF,0.013670092564340848,0.9108736866748125,0.0754562207608467
25848,GOF,0.014220916581923053,0.8677160491197932,0.11806303429828381
25849,GOF,0.005306370894791246,0.7798092354252718,0.214884393679937
25850,GOF,0.005002808784524476,0.7726516522543148,0.22234553896116074
25851,GOF,0.004509612103953635,0.6724851186548895,0.32300526924115686
25852,GOF,0.1331125258112818,0.5930120954673443,0.27387537872137374
25853,GOF,0.06236706153680638,0.8531775929950852,0.08445534546810841
25854,GOF,0.004077167449771748,0.7286201406560252,0.26730269189420297
25855,GOF,0.01510756462553524,0.6802763986616529,0.3046160367128118
25856,GOF,0.027874328957736432,0.8033623400830552,0.1687633309592083
25857,GOF,0.01624992485872352,0.6792621780953431,0.30448789704593343
25858,GOF,0.006153356313423065,0.6749547436793765,0.3188919000072006
25859,GOF,0.005026182344049163,0.6749248307744155,0.3200489868815354
25860,GOF,0.0695034507826942,0.8392436450565013,0.09125290416080466
25861,GOF,0.07868431237325861,0.8231982439424176,0.09811744368432379
25862,GOF,0.01488990282463552,0.8920820735719079,0.09302802360345647
25863,GOF,0.017048038844837486,0.8891304158285435,0.09382154532661904
25864,GOF,0.044936655992395484,0.8896218080689392,0.06544153593866527
25865,GOF,0.03546872829913826,0.8626257545619604,0.10190551713890138
25866,GOF,0.019297242875737683,0.8858552742007728,0.09484748292348942
25867,GOF,0.03286792571951322,0.8902918479002722,0.07684022638021462
25868,GOF,0.04737952817601985,0.8553260649238423,0.09729440690013773
25869,GOF,0.32475514374979625,0.6134682025387312,0.061776653711472534
25870,GOF,0.0538661178002989,0.6860285539884328,0.2601053282112682
25871,GOF,0.00856829167989516,0.8979830271602961,0.09344868115980853
25872,GOF,0.017562678807371633,0.8903434996297517,0.0920938215628765
25873,GOF,0.018185452508703483,0.9036477768272331,0.07816677066406348
25874,LOF,0.015268371942191527,0.26897199950808337,0.7157596285497251
25875,LOF,0.04065511711150514,0.046836845281934804,0.9125080376065601
25876,LOF,0.018084651134866236,0.03376181923916197,0.9481535296259719
25877,LOF,0.12773370643116339,0.08543670781093707,0.7868295857578995
25878,LOF,0.0740255161170424,0.12613832191182758,0.79983616197113
25879,LOF,0.02715430501241993,0.08848093417046186,0.8843647608171181
25880,LOF,0.05807083703003707,0.012761866381374205,0.9291672965885889
25881,Neutral,0.5059598473740025,0.07029522315080422,0.4237449294751933
25882,LOF,0.06165690976985969,0.026953617717234472,0.9113894725129059
25883,LOF,0.028279897308910673,0.02698697093976742,0.944733131751322
25884,LOF,0.02002888205281838,0.04514126810994775,0.9348298498372338
25885,LOF,0.21363872744425141,0.014627487492771223,0.7717337850629773
25886,LOF,0.2745159179803745,0.052978659391831016,0.6725054226277944
25887,LOF,0.1534646045850983,0.07752967575910222,0.7690057196557994
25888,LOF,0.00964908275812462,0.13991512384291044,0.8504357933989649
25889,LOF,0.023886595067000426,0.03598767865701187,0.9401257262759877
25890,LOF,0.16587990680582088,0.10396185146209035,0.7301582417320888
25891,LOF,0.11421656223837107,0.02795861558385313,0.8578248221777757
25892,LOF,0.008665495017852349,0.03535190196218318,0.9559826030199645
25893,LOF,0.33734901309951293,0.010943077462837942,0.6517079094376491
25894,LOF,0.40174321602865737,0.00580468012640808,0.5924521038449345
25895,LOF,0.35339793855043033,0.013776755717813597,0.632825305731756
25896,LOF,0.0674808985614965,0.022637449968381566,0.9098816514701219
25897,LOF,0.17042393411678167,0.009587172150339622,0.8199888937328788
25898,LOF,0.14235971120005786,0.034596907550348076,0.8230433812495941
25899,LOF,0.4325318800409346,0.022126041568809297,0.5453420783902561
25900,Neutral,0.5035504075290013,0.009154052289445234,0.4872955401815535
25901,LOF,0.05885234910164664,0.00992126733521266,0.9312263835631407
25902,LOF,0.16237582706160342,0.01123949007077639,0.8263846828676202
25903,LOF,0.3610533657344584,0.02477221267217558,0.6141744215933661
25904,Neutral,0.5088387003253884,0.03504829225087656,0.4561130074237351
25905,GOF,0.005636778757040723,0.5014987978061531,0.4928644234368062
25906,LOF,0.00793329703134016,0.11334994657802182,0.8787167563906381
25907,LOF,0.004632494407959601,0.37967823904504855,0.6156892665469919
25908,LOF,0.0046883909610882435,0.29803391651718947,0.6972776925217222
25909,LOF,0.02501812822673871,0.1610216752360636,0.8139601965371976
25910,LOF,0.012301535154401345,0.15784484550089484,0.8298536193447039
25911,LOF,0.26605840652950985,0.057016738815661674,0.6769248546548285
25912,LOF,0.09191081770505885,0.05284811894726744,0.8552410633476737
25913,LOF,0.02541545797319233,0.07521832529367987,0.8993662167331278
25914,LOF,0.0326229331151572,0.0398063287910235,0.9275707380938193
25915,LOF,0.2098220411510121,0.18031614467828946,0.6098618141706984
25916,LOF,0.029143735592434963,0.10844864878929292,0.8624076156182722
25917,LOF,0.07051457408110473,0.03317056752279875,0.8963148583960965
25918,LOF,0.039954375814661956,0.026413094121855732,0.9336325300634822
25919,LOF,0.033047785024182826,0.025191630714155644,0.9417605842616615
25920,LOF,0.3388902255096172,0.21092850023779983,0.4501812742525828
25921,LOF,0.014949494822778832,0.0354659645735024,0.9495845406037187
25922,LOF,0.017000439712221066,0.03411164631404368,0.9488879139737353
25923,LOF,0.4193546931250849,0.032495444704431393,0.5481498621704838
25924,LOF,0.02150013963314635,0.0542461803108801,0.9242536800559734
25925,LOF,0.07794277718960455,0.042974669545544644,0.8790825532648507
25926,LOF,0.06310824528245462,0.04097376771320032,0.8959179870043451
25927,LOF,0.020016067459792897,0.07068819171268241,0.9092957408275246
25928,LOF,0.00929830552676488,0.05338193921322181,0.9373197552600133
25929,Neutral,0.545880435452351,0.030623387028706848,0.42349617751894214
25930,LOF,0.07452733130852432,0.030817396376692355,0.8946552723147833
25931,LOF,0.012863609620191462,0.036907879622466784,0.9502285107573417
25932,LOF,0.0586534419923841,0.03304439033162306,0.9083021676759928
25933,LOF,0.06215766548531714,0.01998070082202681,0.917861633692656
25934,LOF,0.05280466746300587,0.0184640821028458,0.9287312504341483
25935,LOF,0.07240299984768657,0.052970624446980315,0.8746263757053331
25936,LOF,0.094016698645978,0.019201686947011118,0.886781614407011
25937,LOF,0.014214729885576545,0.04566349570121762,0.9401217744132059
25938,LOF,0.07103300625408433,0.04890029684062226,0.8800666969052935
25939,LOF,0.043376877435088765,0.026078785247383395,0.930544337317528
25940,LOF,0.009248599247678438,0.3686927284896092,0.6220586722627124
25941,Neutral,0.5437023942502994,0.05482229469412897,0.4014753110555717
25942,LOF,0.009909073201524973,0.059998289994939044,0.9300926368035359
25943,LOF,0.0565789028010253,0.22604060074114724,0.7173804964578274
25944,LOF,0.05345413796352716,0.10447669642807063,0.8420691656084023
25945,LOF,0.11768836154984379,0.03138626772345176,0.8509253707267045
25946,LOF,0.0713491250753129,0.035717994426261925,0.8929328804984252
25947,Neutral,0.470086271547041,0.1235806393868863,0.40633308906607274
25948,LOF,0.3901417810235264,0.021295789296267607,0.588562429680206
25949,LOF,0.141341715223449,0.08958348483892452,0.7690747999376264
25950,GOF,0.06360348074237344,0.5677776199033798,0.36861889935424663
25951,LOF,0.01363059500097532,0.428055055047104,0.5583143499519206
25952,LOF,0.2637406023203579,0.26969454118079184,0.4665648564988504
25953,LOF,0.00815384858993275,0.194835659240529,0.7970104921695383
25954,GOF,0.06497431274808604,0.47511662312986824,0.4599090641220458
25955,LOF,0.0065107871802248946,0.19167170907650094,0.8018175037432742
25956,LOF,0.016955048775457976,0.23418545917922412,0.7488594920453178
25957,LOF,0.15897115238993964,0.0322385044867184,0.808790343123342
25958,LOF,0.03227515085333188,0.061644986967116386,0.9060798621795516
25959,GOF,0.01130614962348764,0.7065183497137101,0.28217550066280234
25960,LOF,0.005615615988938678,0.09396405768771164,0.9004203263233497
25961,LOF,0.031149555853838606,0.05010376662342753,0.9187466775227339
25962,LOF,0.050553757934456454,0.059184712416603114,0.8902615296489405
25963,LOF,0.005200184327029628,0.16034973467494856,0.8344500809980218
25964,LOF,0.027092702393296662,0.10858165727784941,0.864325640328854
25965,LOF,0.2645882703723818,0.11804447321524493,0.6173672564123732
25966,LOF,0.39798623715964065,0.12826071436909492,0.47375304847126437
25967,LOF,0.008067602205328471,0.08358654347646902,0.9083458543182025
25968,LOF,0.04005321145861546,0.26598411636270297,0.6939626721786816
25969,LOF,0.13650947260879495,0.061036251363947205,0.8024542760272578
25970,LOF,0.05624287941491668,0.10208437162768749,0.8416727489573959
25971,LOF,0.0811422765559121,0.0376745593915219,0.881183164052566
25972,LOF,0.07289259040903084,0.06263074715019062,0.8644766624407786
25973,LOF,0.06577631749383535,0.008902853179226658,0.9253208293269379
25974,LOF,0.04899432495778639,0.04321720090151019,0.9077884741407034
25975,LOF,0.03932094050525161,0.018812768337283847,0.9418662911574646
25976,LOF,0.09795906866143568,0.010509553988839763,0.8915313773497247
25977,LOF,0.230442321952149,0.06687798341491225,0.7026796946329387
25978,LOF,0.18384357678567187,0.10705648748560465,0.7090999357287234
25979,LOF,0.15797197893784787,0.12782793702839304,0.7142000840337591
25980,LOF,0.2471813474046393,0.18408560961084253,0.5687330429845182
25981,LOF,0.24864717410157605,0.18549806117193576,0.5658547647264882
25982,LOF,0.45286051992644527,0.08150196151596963,0.4656375185575852
25983,LOF,0.44797789177794306,0.10256720661733838,0.4494549016047186
25984,LOF,0.04162272563247721,0.09631584361655604,0.8620614307509669
25985,LOF,0.34160364616456007,0.15161402070525937,0.5067823331301806
25986,LOF,0.010299925186806478,0.4132548688961643,0.5764452059170292
25987,LOF,0.04783537462451137,0.10005927139520336,0.8521053539802852
25988,LOF,0.039051242341786196,0.1564192731344248,0.8045294845237889
25989,LOF,0.04286472234011501,0.19246180331068263,0.7646734743492024
25990,LOF,0.035921896350553664,0.3214633899859564,0.6426147136634899
25991,LOF,0.02018826724036445,0.44879826157570407,0.5310134711839315
25992,LOF,0.01799753880366728,0.4525150775896822,0.5294873836066506
25993,LOF,0.029658860410424634,0.06887227475358845,0.9014688648359869
25994,LOF,0.024880701348941752,0.06736313802260818,0.9077561606284501
25995,LOF,0.022109603847210547,0.11857750280396522,0.8593128933488242
25996,GOF,0.3213492477346157,0.3535588681282631,0.32509188413712126
25997,LOF,0.046614387802391376,0.39557811002034216,0.5578075021772665
25998,LOF,0.291203746938849,0.04607440426454739,0.6627218487966037
25999,LOF,0.0358097122693422,0.16199811688506496,0.8021921708455928
26000,LOF,0.16129669435236024,0.02567898394577687,0.8130243217018629
26001,LOF,0.2854201732914984,0.03210530154333507,0.6824745251651666
26002,LOF,0.11903971665903824,0.037987592599696016,0.8429726907412658
26003,GOF,0.007415072822251316,0.6386874054236724,0.3538975217540763
26004,GOF,0.014575994648209998,0.6881269805369695,0.2972970248148204
26005,LOF,0.005103884408544928,0.4738256097646778,0.5210705058267773
26006,GOF,0.12903372658236784,0.5535087813059693,0.317457492111663
26007,GOF,0.011109783182486321,0.541551311576673,0.44733890524084075
26008,GOF,0.006698756746901162,0.6008842742816847,0.3924169689714143
26009,GOF,0.01077536153663612,0.6695273359352998,0.31969730252806405
26010,GOF,0.008965957065112124,0.6134896623471119,0.37754438058777595
26011,LOF,0.004125832119650455,0.4380729413504596,0.55780122652989
26012,GOF,0.00456859880000292,0.5028887089858644,0.4925426922141328
26013,GOF,0.009520303053707449,0.5388450003984404,0.4516346965478522
26014,LOF,0.07184789850524813,0.10514520994672828,0.8230068915480235
26015,LOF,0.3667417122065842,0.047773643849871206,0.5854846439435446
26016,LOF,0.30354589985832925,0.06007183878273423,0.6363822613589366
26017,LOF,0.015703843036530583,0.2681653230725232,0.7161308338909462
26018,LOF,0.024077191624310636,0.08535695784000379,0.8905658505356856
26019,LOF,0.024135181874839283,0.07154282224550136,0.9043219958796594
26020,LOF,0.0077301833429342095,0.2575514769269663,0.7347183397300995
26021,LOF,0.08832880798203603,0.09977153276270573,0.8118996592552583
26022,LOF,0.03242136990022357,0.04240826281763698,0.9251703672821394
26023,LOF,0.020782064433865183,0.056878469148914534,0.9223394664172202
26024,LOF,0.05075886550354763,0.08184954265302397,0.8673915918434284
26025,LOF,0.07492493544551146,0.10081973916034902,0.8242553253941395
26026,LOF,0.1084612507131777,0.08110803577307597,0.8104307135137463
26027,LOF,0.025772594646115077,0.03727545787485846,0.9369519474790264
26028,LOF,0.09580429740158161,0.15001140731130214,0.7541842952871163
26029,LOF,0.027483075452801493,0.2092190764118766,0.7632978481353219
26030,LOF,0.1516353541869597,0.03024073357610243,0.8181239122369379
26031,LOF,0.01106797399462632,0.16679591625930185,0.8221361097460718
26032,LOF,0.043681790196712894,0.0625986719029163,0.8937195379003708
26033,LOF,0.0488605648367403,0.05880553674709143,0.8923338984161684
26034,LOF,0.01591452487047751,0.17669054598984213,0.8073949291396804
26035,LOF,0.01211748486295079,0.11659497836483898,0.8712875367722102
26036,LOF,0.013150807308547369,0.13816872452077977,0.8486804681706728
26037,LOF,0.010414967917420827,0.10779568789043206,0.881789344192147
26038,LOF,0.03746417724613895,0.05474739396957894,0.9077884287842822
26039,LOF,0.03410879146265751,0.1547525662546892,0.8111386422826532
26040,LOF,0.08601149862676168,0.1350535096740507,0.7789349916991876
26041,LOF,0.01340640576307294,0.0972555038800897,0.8893380903568373
26042,LOF,0.0123328322344357,0.10979175419228313,0.8778754135732812
26043,LOF,0.03720102475531487,0.08367277130212511,0.8791262039425599
26044,LOF,0.01181102840647908,0.06225016345182294,0.925938808141698
26045,LOF,0.07175740646890562,0.12460176019298892,0.8036408333381054
26046,LOF,0.03231044086697391,0.06389726313392607,0.9037922959990999
26047,LOF,0.060985662988695,0.06358937703123733,0.8754249599800678
26048,LOF,0.0738169041940135,0.027995208747382497,0.898187887058604
26049,Neutral,0.9443370611981441,0.00897457315052881,0.046688365651327106
26050,Neutral,0.9158611174575696,0.0097694912125333,0.07436939132989728
26051,LOF,0.023488599953428647,0.09999350229923806,0.8765178977473332
26052,LOF,0.03998560719585209,0.11706674356421339,0.8429476492399345
26053,LOF,0.02156751109253732,0.14560387783532164,0.832828611072141
26054,LOF,0.04685069612662505,0.03427764620891034,0.9188716576644645
26055,LOF,0.07424680637714226,0.03256330056007968,0.8931898930627781
26056,LOF,0.05891714125523767,0.03991899375252768,0.9011638649922347
26057,LOF,0.054458403909193154,0.018670744888216902,0.9268708512025899
26058,LOF,0.058900235934465174,0.014770522661519262,0.9263292414040156
26059,LOF,0.22511254764603816,0.03741039270418653,0.7374770596497752
26060,LOF,0.020135799826910616,0.17048263515665862,0.8093815650164308
26061,LOF,0.00964540886416317,0.011652861141445965,0.978701729994391
26062,LOF,0.006109527084166992,0.018076202368154885,0.9758142705476782
26063,LOF,0.03994767711838137,0.013082189591457917,0.9469701332901607
26064,LOF,0.010113131174913451,0.026990182392964475,0.962896686432122
26065,LOF,0.04823653180664641,0.016006161129841292,0.9357573070635123
26066,LOF,0.04039450873887548,0.013471800486393692,0.946133690774731
26067,LOF,0.04299361610880521,0.012377161971030805,0.9446292219201641
26068,LOF,0.05431614522850271,0.0507206291684413,0.894963225603056
26069,LOF,0.30241322289948086,0.032907072994779345,0.6646797041057398
26070,Neutral,0.5594825994624554,0.022934692187714493,0.4175827083498302
26071,LOF,0.04538372512868491,0.013991081764718673,0.9406251931065964
26072,LOF,0.008319310414529416,0.02245016390867894,0.9692305256767916
26073,LOF,0.037437417965175,0.015487924062717016,0.947074657972108
26074,Neutral,0.8760675221486244,0.011470904879124435,0.11246157297225104
26075,LOF,0.05630723016682975,0.02600834361619312,0.9176844262169771
26076,LOF,0.05549453076720479,0.012525385210358292,0.931980084022437
26077,LOF,0.14464694952319765,0.00818918349009628,0.8471638669867062
26078,LOF,0.006791826857713738,0.0207661824425272,0.972441990699759
26079,LOF,0.06569372816673132,0.02523956607677346,0.9090667057564952
26080,LOF,0.06487432678781528,0.025254549860627973,0.9098711233515568
26081,LOF,0.03528165009005337,0.010850600102746277,0.9538677498072005
26082,LOF,0.0061219253397352,0.020297859211151913,0.973580215449113
26083,LOF,0.10840058822159812,0.025072072370092312,0.8665273394083095
26084,LOF,0.10678453578309449,0.01768128148546976,0.8755341827314358
26085,LOF,0.09506184370835102,0.015045321639174039,0.8898928346524749
26086,LOF,0.038942275355194594,0.013911249309832376,0.947146475334973
26087,LOF,0.037650381251853174,0.011832688962895887,0.950516929785251
26088,LOF,0.007370232792463624,0.026455295311463133,0.9661744718960732
26089,LOF,0.043068389482943975,0.04176038440228523,0.9151712261147709
26090,LOF,0.04349540649165426,0.03144951300175064,0.925055080506595
26091,LOF,0.02997600206967855,0.009572989051805524,0.9604510088785159
26092,LOF,0.044816233289289104,0.009991019261898527,0.9451927474488123
26093,LOF,0.08091632723551068,0.007173077073192514,0.9119105956912968
26094,LOF,0.033780298070723684,0.009086830187527921,0.9571328717417483
26095,LOF,0.02659539612066971,0.020010674806148505,0.9533939290731819
26096,LOF,0.19052855917132147,0.006267685759009053,0.8032037550696695
26097,LOF,0.00710831693837423,0.04134010300874128,0.9515515800528845
26098,LOF,0.13053882483656132,0.022401785839020947,0.8470593893244178
26099,LOF,0.04154319831030305,0.021897233960506062,0.9365595677291909
26100,LOF,0.04154319831030305,0.021897233960506062,0.9365595677291909
26101,LOF,0.06407392418322888,0.035926284333608546,0.8999997914831627
26102,LOF,0.03255554504359402,0.01925042132858099,0.948194033627825
26103,Neutral,0.8894795009396566,0.0325728917160788,0.07794760734426462
26104,LOF,0.05855450799534096,0.046255532932476924,0.8951899590721821
26105,LOF,0.24548747881396282,0.14052817826403805,0.6139843429219991
26106,LOF,0.3019215238541177,0.07700857313308923,0.6210699030127931
26107,LOF,0.02201339722927355,0.08156347823180612,0.8964231245389203
26108,LOF,0.22502394468651868,0.03910376144062888,0.7358722938728525
26109,LOF,0.08422510674688792,0.03412156292249676,0.8816533303306152
26110,LOF,0.4206214939422203,0.010390807387689396,0.5689876986700902
26111,LOF,0.057640440487390324,0.13710006963557966,0.8052594898770301
26112,LOF,0.0540650432817773,0.010455409258995426,0.9354795474592272
26113,LOF,0.10994264628887646,0.024020437077045136,0.8660369166340784
26114,LOF,0.08584670076178887,0.013062908051908661,0.9010903911863025
26115,LOF,0.018663051649740938,0.0618455101378375,0.9194914382124215
26116,LOF,0.07387359894546812,0.027736011738315927,0.898390389316216
26117,LOF,0.34024137147908196,0.043919217696160806,0.6158394108247572
26118,LOF,0.050057370458869814,0.020129917680479645,0.9298127118606505
26119,LOF,0.006608358868919666,0.04486146841825382,0.9485301727128265
26120,LOF,0.034870998786351845,0.019132116727530655,0.9459968844861175
26121,LOF,0.003841722105972121,0.13275961907222886,0.863398658821799
