feature0,prediction,LoGoFunc_Neutral,LoGoFunc_GOF,LoGoFunc_LOF
25546,Neutral,0.7544192525021501,0.04080732926132952,0.20477341823652034
25547,Neutral,0.6020584714462964,0.08433846607275784,0.31360306248094566
25548,Neutral,0.6353588976629474,0.06385124377285702,0.3007898585641956
25549,Neutral,0.5523995627613804,0.06413770763237481,0.3834627296062448
25550,LOF,0.3385127043436237,0.14159612702510593,0.5198911686312704
25551,LOF,0.2745960365556706,0.15221540681914908,0.5731885566251803
25552,LOF,0.2077675329679084,0.14196230759744316,0.6502701594346484
25553,Neutral,0.8532577324024144,0.03220226271660538,0.11454000488098039
25554,LOF,0.24426760275063,0.13528680838011256,0.6204455888692575
25555,LOF,0.20254497850465472,0.12135126603864323,0.6761037554567021
25556,Neutral,0.44935380898243954,0.11642550400469136,0.4342206870128691
25557,LOF,0.19298081928593877,0.12718274561583287,0.6798364350982283
25558,LOF,0.23030340815114886,0.13506932972182314,0.634627262127028
25559,LOF,0.36674772295643066,0.11884721455737829,0.514405062486191
25560,LOF,0.05002473590869354,0.15074159551926486,0.7992336685720416
25561,LOF,0.11603205835970698,0.135739485677888,0.7482284559624051
25562,LOF,0.08705494574904411,0.08552907282037711,0.8274159814305788
25563,LOF,0.10382999467713504,0.09762915786601231,0.7985408474568526
25564,LOF,0.24110854005010096,0.1592650773366248,0.5996263826132743
25565,LOF,0.13841440655147366,0.13080908241403352,0.7307765110344928
25566,GOF,0.013311742907478146,0.7535008175861152,0.23318743950640664
25567,LOF,0.01952799253871084,0.217238154465769,0.7632338529955202
25568,LOF,0.05270941076672109,0.07833036260854814,0.8689602266247308
25569,LOF,0.05361729712358642,0.08064151510545685,0.8657411877709568
25570,LOF,0.05687621420868514,0.11988983544260683,0.8232339503487082
25571,LOF,0.04916049582210067,0.11459875178443177,0.8362407523934676
25572,LOF,0.058617547808545695,0.13219499060100856,0.8091874615904457
25573,LOF,0.030486196227422314,0.11008259181680037,0.8594312119557773
25574,LOF,0.019294326508868996,0.16931310313579276,0.8113925703553382
25575,LOF,0.041650011875492,0.13290406008738576,0.8254459280371222
25576,LOF,0.018123039912727897,0.1444415365197995,0.8374354235674727
25577,LOF,0.014890167259490123,0.13268956250620348,0.8524202702343063
25578,LOF,0.2893923667443851,0.10181000659287703,0.6087976266627378
25579,LOF,0.1216913254570261,0.12047954708964946,0.7578291274533244
25580,LOF,0.029176801549705984,0.09757904619232016,0.8732441522579739
25581,LOF,0.04870811630692753,0.08059504009386732,0.8706968435992052
25582,LOF,0.04849778906149933,0.07994192711315028,0.8715602838253504
25583,LOF,0.0354889553292394,0.11363439384233257,0.850876650828428
25584,Neutral,0.46629453408139787,0.13253669330831308,0.4011687726102891
25585,LOF,0.021556117259651494,0.15096742607666358,0.827476456663685
25586,LOF,0.028183829236295945,0.08964103060355841,0.8821751401601458
25587,LOF,0.029198949172794714,0.08476142844662066,0.8860396223805848
25588,LOF,0.027841161972298106,0.10142444426389093,0.870734393763811
25589,Neutral,0.6194089856518711,0.13175994290378437,0.24883107144434458
25590,LOF,0.03148365230412796,0.14712037353941282,0.8213959741564593
25591,LOF,0.08983168295010059,0.07179439785322966,0.8383739191966698
25592,LOF,0.08951366340840189,0.15499531621223445,0.7554910203793638
25593,LOF,0.03159088180225885,0.29832842315154195,0.6700806950461993
25594,LOF,0.047733128583400494,0.15719537740776587,0.7950714940088337
25595,LOF,0.05954269401207362,0.1137743368196377,0.8266829691682887
25596,LOF,0.052539196248509626,0.08011384543307407,0.8673469583184162
25597,LOF,0.0351287196721283,0.08689097239244781,0.8779803079354239
25598,LOF,0.055451517219231784,0.11333689321740958,0.8312115895633586
25599,GOF,0.006986659974584947,0.6342188565803031,0.35879448344511206
25600,GOF,0.012137414581626215,0.6245175291593137,0.36334505625906016
25601,LOF,0.00951861697908917,0.44928498499066066,0.5411963980302502
25602,LOF,0.018098343592722704,0.03944666547463578,0.9424549909326416
25603,LOF,0.06206820819717608,0.01685604664351057,0.9210757451593135
25604,LOF,0.03554952440966563,0.047012067932358244,0.9174384076579762
25605,LOF,0.009662240093272743,0.20016588170059943,0.7901718782061279
25606,LOF,0.10031657537896192,0.34341419506956794,0.5562692295514702
25607,LOF,0.006287803744616251,0.18526673980230388,0.80844545645308
25608,LOF,0.016614520689659906,0.09627961259226697,0.8871058667180731
25609,LOF,0.05779278719800402,0.406362449929303,0.535844762872693
25610,LOF,0.03298935766980692,0.02290843857793136,0.9441022037522617
25611,LOF,0.04104256999832704,0.022356705028587474,0.9366007249730854
25612,LOF,0.09616653854472489,0.03163569934684946,0.8721977621084257
25613,LOF,0.08278194859271332,0.032272048365398896,0.8849460030418878
25614,LOF,0.03482107125907252,0.029626836168304367,0.9355520925726231
25615,LOF,0.03449363252945442,0.0437268996638381,0.9217794678067075
25616,LOF,0.02757743304092521,0.02936508522020075,0.9430574817388739
25617,LOF,0.026464190754256017,0.03174285394343371,0.9417929553023103
25618,LOF,0.14441283652891654,0.02783895107117354,0.82774821239991
25619,LOF,0.029839229016966704,0.027570348522743714,0.9425904224602895
25620,LOF,0.0333745592437201,0.03729092791337811,0.9293345128429017
25621,LOF,0.026015475725524276,0.03176441086973732,0.9422201134047384
25622,LOF,0.03389681504868362,0.03497031126643753,0.9311328736848787
25623,LOF,0.05511921180222918,0.027921850841070215,0.9169589373567005
25624,LOF,0.026161975196471933,0.036033225803643175,0.9378047989998848
25625,LOF,0.03555029715829357,0.04242843777609236,0.922021265065614
25626,LOF,0.07611712298871082,0.029093130155002974,0.8947897468562861
25627,Neutral,0.5582297191123529,0.11772289547841222,0.324047385409235
25628,LOF,0.20482630657067957,0.052497679774243064,0.7426760136550774
25629,LOF,0.05789642149568006,0.053655345543883085,0.8884482329604368
25630,LOF,0.18309618681588868,0.07984242840471953,0.7370613847793918
25631,Neutral,0.6246056137155106,0.05606059848108092,0.3193337878034086
25632,LOF,0.013610389227050691,0.1225695593789641,0.8638200513939851
25633,LOF,0.09857518380722474,0.08193350239307752,0.8194913137996976
25634,LOF,0.03351307296723033,0.10839101253055139,0.8580959145022182
25635,LOF,0.035771082912142885,0.08281169811594033,0.8814172189719168
25636,GOF,0.00405349521590857,0.6141645431383411,0.3817819616457504
25637,GOF,0.0038376631900683454,0.6464619316928265,0.3497004051171051
25638,LOF,0.0068419016503838345,0.3401917774015238,0.6529663209480924
25639,GOF,0.0038395026293243074,0.5049390772466412,0.4912214201240344
25640,GOF,0.45771450011337267,0.46682037472751925,0.07546512515910815
25641,LOF,0.008899403736456575,0.30427069475126384,0.6868299015122795
25642,LOF,0.25858700292852177,0.058988278497956216,0.6824247185735219
25643,LOF,0.2805717956115788,0.16168336670923328,0.5577448376791878
25644,GOF,0.016625113543758865,0.5519815970729477,0.43139328938329347
25645,LOF,0.012573545035850118,0.48898638068285827,0.49844007428129156
25646,LOF,0.018362223290990663,0.3438430504970839,0.6377947262119253
25647,LOF,0.014271960858199153,0.29310806166301884,0.6926199774787819
25648,LOF,0.013193066042708753,0.286284391831547,0.7005225421257443
25649,LOF,0.012293525856105565,0.20744100778926133,0.7802654663546331
25650,LOF,0.024313234926339456,0.4352605663944646,0.540426198679196
25651,LOF,0.008901622643775111,0.28176485833706777,0.7093335190191571
25652,LOF,0.014161990044186617,0.26267170687279623,0.7231663030830172
25653,LOF,0.0496931126076023,0.38267240346275533,0.5676344839296423
25654,LOF,0.015018600888528718,0.14776406523380528,0.8372173338776661
25655,LOF,0.08185542764869087,0.3978463929268065,0.5202981794245026
25656,LOF,0.09720754516701824,0.06573997548904842,0.8370524793439333
25657,LOF,0.31647039567912005,0.03207835179054163,0.6514512525303383
25658,LOF,0.0456947632466834,0.0796680539025391,0.8746371828507775
25659,LOF,0.37108478294357555,0.07218253899305428,0.5567326780633701
25660,LOF,0.06865420761251388,0.08980519612021488,0.8415405962672713
25661,LOF,0.04625935462734565,0.06976530932337685,0.8839753360492775
25662,LOF,0.028643456640590106,0.04715652488497828,0.9242000184744317
25663,LOF,0.03862196387054756,0.0665637928722258,0.8948142432572267
25664,LOF,0.04434918135543827,0.07973407094335112,0.8759167477012106
25665,LOF,0.05693935008708171,0.040226337669755856,0.9028343122431625
25666,LOF,0.03958044439197613,0.11324274424226384,0.8471768113657601
25667,LOF,0.03245065594059706,0.049616299969354356,0.9179330440900485
25668,LOF,0.03453031557785152,0.053392335373316925,0.9120773490488315
25669,LOF,0.04104194605369559,0.07670415755538909,0.8822538963909153
25670,LOF,0.08389420650887332,0.08762834680500045,0.8284774466861262
25671,LOF,0.04263572320590219,0.04842989863133135,0.9089343781627666
25672,LOF,0.059495126441211334,0.055325303964064126,0.8851795695947245
25673,LOF,0.04620955389669784,0.06792221194207823,0.885868234161224
25674,LOF,0.042559574651795495,0.07019324442838727,0.8872471809198174
25675,LOF,0.04961637285798174,0.06084669100210844,0.8895369361399099
25676,LOF,0.03536333854759358,0.061374115414296215,0.9032625460381101
25677,LOF,0.06489247649449152,0.06139869634110044,0.8737088271644081
25678,LOF,0.28622428213959183,0.035410868675193795,0.6783648491852143
25679,LOF,0.1751028946980273,0.06994085718973968,0.7549562481122329
25680,LOF,0.06244083971999903,0.09719371443816183,0.8403654458418391
25681,LOF,0.10576795697221165,0.09190395697213628,0.802328086055652
25682,LOF,0.04499663716079114,0.08215909342803168,0.8728442694111771
25683,LOF,0.10269387650118982,0.08827269456092479,0.8090334289378853
25684,LOF,0.058823861861190284,0.08628393417061252,0.8548922039681973
25685,LOF,0.1130924570114827,0.05634611752543276,0.8305614254630846
25686,LOF,0.03882637901178116,0.10616333926749627,0.8550102817207226
25687,LOF,0.043741005944217676,0.09252646356203925,0.863732530493743
25688,LOF,0.029953701768831987,0.07339695170687573,0.8966493465242924
25689,LOF,0.018120909614769653,0.0737713197041106,0.9081077706811197
25690,LOF,0.019652373320670064,0.07848791949418311,0.9018597071851469
25691,LOF,0.23295613759250824,0.10641610064684207,0.6606277617606496
25692,LOF,0.2830515669978751,0.008368503126389006,0.7085799298757359
25693,LOF,0.10464272210132966,0.1635833457033054,0.731773932195365
25694,LOF,0.2598036844278871,0.017898492887681704,0.7222978226844312
25695,LOF,0.17011188264354402,0.02367785572543729,0.8062102616310187
25696,LOF,0.18160817210339336,0.013544243526504478,0.8048475843701022
25697,LOF,0.14540593583495043,0.033116985449803,0.8214770787152466
25698,LOF,0.03933744977085261,0.4405198212938296,0.5201427289353178
25699,LOF,0.06762636495120257,0.07547786742156136,0.856895767627236
25700,LOF,0.031275894582532174,0.009795880290617355,0.9589282251268505
25701,LOF,0.017921074204110442,0.06914018369058952,0.9129387421053001
25702,GOF,0.04165674238125741,0.7423835144090598,0.2159597432096828
25703,LOF,0.01369735145830958,0.18378755055032822,0.8025150979913621
25704,LOF,0.09250522679982218,0.1404082781310115,0.7670864950691664
25705,LOF,0.056335590621862046,0.26453096627055106,0.6791334431075868
25706,GOF,0.06246973084677098,0.5764292524438902,0.3611010167093389
25707,LOF,0.03423194900403365,0.4771326528091543,0.48863539818681195
25708,LOF,0.009855235673283693,0.42825087327144773,0.5618938910552685
25709,LOF,0.019216006958371723,0.06690777570162419,0.913876217340004
25710,LOF,0.009107183944987034,0.17585024741248642,0.8150425686425264
25711,LOF,0.020285131232174763,0.12395618490467993,0.8557586838631454
25712,LOF,0.01020482031559475,0.22896557204977291,0.7608296076346324
25713,LOF,0.01751700596101956,0.10571152966392983,0.8767714643750506
25714,LOF,0.019909149906043488,0.1425984725216664,0.83749237757229
25715,LOF,0.0197082048850951,0.12050478642290337,0.8597870086920015
25716,LOF,0.01144696424160324,0.11697097056110864,0.8715820651972881
25717,LOF,0.006486335057188477,0.13631491723073433,0.8571987477120773
25718,LOF,0.017525836219390946,0.08465214918848261,0.8978220145921263
25719,LOF,0.033808626009552326,0.08589528633197119,0.8802960876584766
25720,LOF,0.02307352628660198,0.09557126116602731,0.8813552125473707
25721,LOF,0.023905705395395126,0.09772311872082705,0.8783711758837779
25722,LOF,0.01804525189268228,0.13355423374459516,0.8484005143627226
25723,LOF,0.021249969100408935,0.07197557439096941,0.9067744565086218
25724,LOF,0.03607242261229819,0.10107249082434804,0.8628550865633537
25725,LOF,0.02196235254664001,0.06983316931680328,0.9082044781365566
25726,LOF,0.015824952032605887,0.10672010685572175,0.8774549411116723
25727,LOF,0.019711912224828945,0.08888426554866122,0.8914038222265098
25728,LOF,0.017806574535052116,0.10572610742429797,0.8764673180406498
25729,LOF,0.018314706138402654,0.10449600736814527,0.8771892864934521
25730,LOF,0.019355326595194303,0.08520170371578321,0.8954429696890224
25731,LOF,0.012743596916794131,0.16508372653118267,0.8221726765520231
25732,LOF,0.01798624838477389,0.09781132033314867,0.8842024312820773
25733,LOF,0.02940710776568058,0.07543997190747667,0.8951529203268427
25734,LOF,0.007960538544654526,0.18816952386008742,0.8038699375952579
25735,LOF,0.02234460939231696,0.07230147908034629,0.9053539115273367
25736,LOF,0.02105640286625589,0.10522059656777336,0.8737230005659707
25737,LOF,0.03987347564414175,0.08564092305714162,0.8744856012987166
25738,LOF,0.019650614737350577,0.12736828793808425,0.8529810973245652
25739,LOF,0.021518269785757507,0.12194191092320449,0.856539819291038
25740,LOF,0.05117672130048876,0.11854767968855824,0.830275599010953
25741,LOF,0.02471551023884277,0.09802344463921626,0.8772610451219409
25742,LOF,0.03636866423103395,0.11321204516501622,0.8504192906039499
25743,LOF,0.010682791613122604,0.059550833527102436,0.9297663748597749
25744,GOF,0.11855286783804703,0.5078744857822997,0.3735726463796534
25745,LOF,0.020665649149922142,0.08359816098718366,0.8957361898628943
25746,LOF,0.010695849556847443,0.10300591289254903,0.8862982375506034
25747,LOF,0.0339514107273676,0.045008359300372794,0.9210402299722595
25748,LOF,0.19194658353677577,0.0836557735122691,0.7243976429509552
25749,LOF,0.013893596186076029,0.07150611421340479,0.9146002896005191
25750,LOF,0.01628402810643131,0.09430187542028047,0.8894140964732883
25751,LOF,0.03555077854079679,0.09509017439568684,0.8693590470635163
25752,GOF,0.09072869790508872,0.6591168342644208,0.25015446783049033
25753,LOF,0.00779054334989889,0.36050022511902297,0.6317092315310782
25754,GOF,0.005664447701952374,0.8539883494322665,0.14034720286578115
25755,LOF,0.01097252416571829,0.41477997173268305,0.5742475041015986
25756,LOF,0.04867045462508662,0.43084089683308263,0.5204886485418309
25757,GOF,0.007152987024062816,0.871275894484012,0.12157111849192527
25758,GOF,0.008558107055032719,0.8469380656968297,0.14450382724813746
25759,GOF,0.0051125412069478226,0.5493249361421939,0.4455625226508582
25760,LOF,0.007329324267172677,0.29925456864029654,0.6934161070925309
25761,GOF,0.047178031555277285,0.8322278249496169,0.12059414349510585
25762,LOF,0.029916052548962836,0.3533906857467915,0.6166932617042457
25763,LOF,0.010157108469168345,0.23629173386218033,0.7535511576686513
25764,GOF,0.10776936813076685,0.5636072327478775,0.32862339912135563
25765,GOF,0.0077042028894492845,0.8397887297477128,0.15250706736283787
25766,GOF,0.0310217320360109,0.8351694607941611,0.13380880716982801
25767,LOF,0.018833737635378454,0.4568470819203332,0.5243191804442884
25768,LOF,0.04136282022344576,0.07044736061925576,0.8881898191572984
25769,LOF,0.023016187467774077,0.08043144403002282,0.8965523685022032
25770,LOF,0.14847964897745922,0.06413013028444012,0.7873902207381007
25771,LOF,0.016094420999043298,0.07235046794528778,0.9115551110556689
25772,LOF,0.02298348746418559,0.02916104550605751,0.9478554670297569
25773,LOF,0.013513427777341918,0.08417381120714844,0.9023127610155097
25774,LOF,0.02558751111933323,0.10089891375662464,0.8735135751240422
25775,LOF,0.02111906142688786,0.041999011801318764,0.9368819267717935
25776,LOF,0.024564776928927747,0.02748137622349905,0.9479538468475733
25777,LOF,0.17822149035704804,0.07414660686342245,0.7476319027795296
25778,LOF,0.018436877277137834,0.05591422390791843,0.9256488988149438
25779,GOF,0.04126647492446573,0.8966967889402598,0.06203673613527451
25780,GOF,0.07008254052196351,0.872075308741844,0.05784215073619254
25781,GOF,0.027955408367512268,0.8752953782277254,0.09674921340476243
25782,GOF,0.033823086703697186,0.9057046518160847,0.06047226148021813
25783,GOF,0.021533608114992036,0.7602157852279525,0.21825060665705534
25784,GOF,0.11777819425031544,0.841285279229929,0.04093652651975549
25785,GOF,0.06734111621189269,0.8954199005843921,0.03723898320371526
25786,GOF,0.005677636719920189,0.853321659909812,0.14100070337026774
25787,GOF,0.1628283852164779,0.809300273814705,0.02787134096881712
25788,LOF,0.016409254742997613,0.17314854151380896,0.8104422037431934
25789,GOF,0.019325924375466097,0.8622893847210797,0.11838469090345416
25790,GOF,0.02425673979392847,0.8849001927973152,0.09084306740875632
25791,GOF,0.017659881219442633,0.8411237722960045,0.1412163464845527
25792,GOF,0.02833715162311385,0.8482674247166697,0.12339542366021637
25793,GOF,0.08623046131641196,0.8226358727987133,0.09113366588487487
25794,GOF,0.06260288712953961,0.7703985642970328,0.16699854857342764
25795,GOF,0.045460860146295905,0.764933977027157,0.18960516282654702
25796,GOF,0.08016502120605339,0.812252566008015,0.10758241278593166
25797,GOF,0.04223168680009273,0.6801146493560869,0.2776536638438204
25798,GOF,0.0035237004307198854,0.6513465103910537,0.34512978917822645
25799,GOF,0.003311778236006219,0.5244152999983552,0.47227292176563856
25800,GOF,0.014783718510649253,0.7288985616726938,0.2563177198166569
25801,GOF,0.015866015373753505,0.8722367504000659,0.1118972342261806
25802,GOF,0.024045384554808903,0.8035900154148669,0.17236460003032428
25803,GOF,0.011940160031564206,0.7125837955134782,0.2754760444549578
25804,GOF,0.014154302869165206,0.5970500046756438,0.388795692455191
25805,GOF,0.026428701241421722,0.7140418499151824,0.25952944884339585
25806,GOF,0.022174387464306722,0.7586146757040367,0.21921093683165654
25807,GOF,0.00601555802793068,0.7247475983942032,0.26923684357786615
25808,GOF,0.01581626693710496,0.7606441895735593,0.2235395434893357
25809,GOF,0.0066778585253392305,0.7375697795621664,0.25575236191249434
25810,GOF,0.005786979231739259,0.7464641648095626,0.24774885595869825
25811,GOF,0.05360089052866515,0.8533496232515085,0.09304948621982628
25812,GOF,0.01898634494806082,0.7169290925068637,0.26408456254507545
25813,GOF,0.1103483621442346,0.7962186961421209,0.09343294171364439
25814,GOF,0.02785920013942093,0.8061245655237785,0.1660162343368006
25815,GOF,0.043635199163825536,0.818735646756508,0.13762915407966642
25816,GOF,0.009137108712070107,0.8632006942187336,0.12766219706919615
25817,GOF,0.10806548376505253,0.7555057081209455,0.13642880811400185
25818,GOF,0.026246132449942058,0.7997867458593773,0.17396712169068063
25819,GOF,0.06833191443955434,0.7728237306561745,0.15884435490427132
25820,GOF,0.03329180118010825,0.7687518907145108,0.1979563081053808
25821,GOF,0.01916777067475791,0.7600900103503528,0.22074221897488933
25822,GOF,0.04007497427037891,0.7807900586558352,0.179134967073786
25823,GOF,0.015510146211162994,0.6491486748167945,0.3353411789720424
25824,GOF,0.027921989104818884,0.7739306731379313,0.1981473377572499
25825,GOF,0.017345156249510715,0.760051294861766,0.22260354888872327
25826,GOF,0.0062447227253800966,0.7307805500662772,0.2629747272083426
25827,GOF,0.009466143839287117,0.702887872912128,0.2876459832485849
25828,GOF,0.006452611632464678,0.6526410445454027,0.3409063438221327
25829,GOF,0.0031695841019548673,0.7156208200888359,0.2812095958092092
25830,GOF,0.041449231899083505,0.4881402688569911,0.4704104992439253
25831,GOF,0.05408956500593457,0.823310020521347,0.1226004144727184
25832,GOF,0.00872384284879623,0.8031966342101846,0.1880795229410192
25833,GOF,0.03324953572265248,0.8429863204655919,0.12376414381175556
25834,GOF,0.008603451016534456,0.8102699207597973,0.18112662822366812
25835,GOF,0.018677392575317277,0.8568084878297604,0.12451411959492244
25836,GOF,0.007005836657463855,0.8108236520602067,0.18217051128232947
25837,GOF,0.007562786017189367,0.7251515046956791,0.26728570928713147
25838,GOF,0.020943530793152216,0.8630235847287506,0.11603288447809702
25839,GOF,0.04026141441947692,0.8526637909650728,0.10707479461545019
25840,GOF,0.06376454175674182,0.8277791461861104,0.10845631205714783
25841,GOF,0.05738770961633489,0.8425252102225784,0.10008708016108658
25842,GOF,0.027989640862852647,0.901055897084797,0.07095446205235041
25843,GOF,0.028968944149385133,0.9052982909824481,0.06573276486816665
25844,GOF,0.019763077354596495,0.846206707745998,0.13403021489940536
25845,GOF,0.00627959855360587,0.6520149661797155,0.3417054352666787
25846,GOF,0.04965708657009087,0.8450008929543039,0.10534202047560526
25847,GOF,0.01947800413814017,0.9116067695555266,0.06891522630633319
25848,GOF,0.01813394050155786,0.8707734279922861,0.11109263150615618
25849,GOF,0.005440016782655741,0.7634868054069983,0.23107317781034595
25850,GOF,0.006701160043802364,0.7761345239511014,0.21716431600509623
25851,GOF,0.005992919969471905,0.6552168721005057,0.3387902079300224
25852,GOF,0.13864339553136612,0.6250014412480306,0.23635516322060338
25853,GOF,0.07439547637982716,0.8530686985813604,0.07253582503881252
25854,GOF,0.006118867788243303,0.7051594728123226,0.28872165939943406
25855,GOF,0.015144851075590824,0.6668174552241082,0.31803769370030105
25856,GOF,0.03731916082977271,0.7832566061993345,0.17942423297089283
25857,GOF,0.013179751390014647,0.6383970528822962,0.3484231957276891
25858,GOF,0.008848007281908729,0.6289381732895604,0.3622138194285309
25859,GOF,0.006396489496576051,0.6057698894214125,0.3878336210820115
25860,GOF,0.08359004102484278,0.8092498464737949,0.10716011250136229
25861,GOF,0.09078888858858873,0.8151866834915579,0.09402442791985346
25862,GOF,0.022825557421436795,0.870336852722116,0.10683758985644726
25863,GOF,0.02314416483587242,0.8788162356004147,0.09803959956371297
25864,GOF,0.05427161333316206,0.8647147061825546,0.08101368048428335
25865,GOF,0.03795454034232196,0.8303419645151835,0.13170349514249455
25866,GOF,0.029308879476633135,0.8555094688453023,0.11518165167806445
25867,GOF,0.03331915304583381,0.8698259253271583,0.09685492162700791
25868,GOF,0.05962511323861255,0.8272168521219078,0.11315803463947964
25869,GOF,0.35691584702489015,0.5843894026163355,0.05869475035877438
25870,GOF,0.07168362783985298,0.6968855396406668,0.23143083251948027
25871,GOF,0.012342332565612514,0.8934121950765722,0.09424547235781522
25872,GOF,0.021989219772683713,0.8730647577703404,0.10494602245697603
25873,GOF,0.02100873622282272,0.8860710524219646,0.09292021135521276
25874,LOF,0.017639348310076654,0.19760708493815884,0.7847535667517646
25875,LOF,0.0505807588522204,0.04266850545690686,0.9067507356908727
25876,LOF,0.01791713656910272,0.035233912676603786,0.9468489507542934
25877,LOF,0.12822405926923738,0.07996422405105616,0.7918117166797064
25878,LOF,0.06856842958454484,0.11791680167797486,0.8135147687374803
25879,LOF,0.029009972653900016,0.07950938158155417,0.8914806457645458
25880,LOF,0.05769692286990787,0.012343991353057304,0.9299590857770348
25881,Neutral,0.5510880658979151,0.05810584355742166,0.3908060905446632
25882,LOF,0.06458048268078082,0.024361897464134266,0.9110576198550849
25883,LOF,0.030893364544242023,0.022105499074822423,0.9470011363809356
25884,LOF,0.02697137850029529,0.03544472429811378,0.937583897201591
25885,LOF,0.23018602541052752,0.009713936712956547,0.7601000378765158
25886,LOF,0.15023368833926634,0.049395549537390594,0.800370762123343
25887,LOF,0.20242596703337293,0.05206815118642385,0.7455058817802033
25888,LOF,0.012208667227265026,0.1367374236113201,0.8510539091614148
25889,LOF,0.0331483246750386,0.025693125702873784,0.9411585496220877
25890,LOF,0.1279921621027781,0.11303183778175731,0.7589760001154645
25891,LOF,0.09860995868616308,0.0218276082627261,0.8795624330511109
25892,LOF,0.009060887622641811,0.029341266649128044,0.9615978457282301
25893,LOF,0.413189767013033,0.007578588351757143,0.5792316446352098
25894,LOF,0.45559929826889917,0.004366244720873593,0.5400344570102273
25895,LOF,0.3476268865224326,0.00994541833199177,0.6424276951455756
25896,LOF,0.06728115225372587,0.013070000017275488,0.9196488477289987
25897,LOF,0.1908250087490667,0.007913300370715602,0.8012616908802178
25898,LOF,0.168589529854709,0.025410134689896644,0.8060003354553943
25899,LOF,0.33350758295961697,0.014417726833640137,0.6520746902067429
25900,LOF,0.4427435275738039,0.006776347030675527,0.5504801253955206
25901,LOF,0.06411695813375295,0.00637406927786674,0.9295089725883803
25902,LOF,0.17399488228616025,0.007668678873502235,0.8183364388403375
25903,LOF,0.420241976488514,0.022827332214698015,0.556930691296788
25904,LOF,0.46308387360939285,0.019463611770428862,0.5174525146201783
25905,LOF,0.0041623961875008764,0.485496663891496,0.510340939921003
25906,LOF,0.009450380737668984,0.11850993275372725,0.8720396865086038
25907,LOF,0.004306440089459056,0.3654470141337629,0.6302465457767782
25908,LOF,0.004767294375476132,0.2749640649688991,0.7202686406556248
25909,LOF,0.022950599609200106,0.16562172613403447,0.8114276742567654
25910,LOF,0.011802475903995887,0.12423708554380929,0.8639604385521948
25911,LOF,0.3209278507862419,0.05594184929669262,0.6231302999170655
25912,LOF,0.06494758146401419,0.06385400498378388,0.8711984135522018
25913,LOF,0.04784694635251811,0.08339740774732911,0.8687556459001526
25914,LOF,0.04190756655933111,0.04502667808637583,0.9130657553542931
25915,LOF,0.1862234580839685,0.20112982872063642,0.612646713195395
25916,LOF,0.03205479371645537,0.13536987759332494,0.8325753286902198
25917,LOF,0.07899369259297723,0.03741449316179056,0.8835918142452323
25918,LOF,0.04912233116436525,0.02753772724463492,0.9233399415909997
25919,LOF,0.044606687759801276,0.027763281238000728,0.927630031002198
25920,LOF,0.14684255492770912,0.17851059443562764,0.6746468506366633
25921,LOF,0.016345909726627278,0.039518614117250606,0.944135476156122
25922,LOF,0.016938282111003254,0.034521661193876924,0.9485400566951198
25923,LOF,0.45295455737028445,0.03632242616868887,0.5107230164610267
25924,LOF,0.02464203051207695,0.05231031606850115,0.923047653419422
25925,LOF,0.0784436720318531,0.04889480662983139,0.8726615213383155
25926,LOF,0.056522765751775665,0.046724690495031335,0.896752543753193
25927,LOF,0.023389814367426855,0.06567447146568754,0.9109357141668856
25928,LOF,0.01057078257198083,0.05232698393246752,0.9371022334955517
25929,Neutral,0.5430950725476625,0.034615515673431775,0.4222894117789056
25930,LOF,0.06626011957959604,0.034799245337970706,0.8989406350824333
25931,LOF,0.014405104521605377,0.03388768359083801,0.9517072118875565
25932,LOF,0.05976262780549626,0.03025968103009061,0.9099776911644132
25933,LOF,0.05695198691527854,0.02026087840611133,0.9227871346786102
25934,LOF,0.05318564745538493,0.019895295667612358,0.9269190568770028
25935,LOF,0.06878573737056042,0.05771318545618508,0.8735010771732545
25936,LOF,0.09390309715271625,0.022546128897165597,0.8835507739501182
25937,LOF,0.014526749084209511,0.038369154172485626,0.9471040967433048
25938,LOF,0.06726616695035408,0.05385348329437311,0.8788803497552727
25939,LOF,0.039869541885648084,0.02663330245926767,0.9334971556550843
25940,LOF,0.00980161432377698,0.35935733440083817,0.6308410512753848
25941,Neutral,0.5079101356015797,0.038586992775938446,0.4535028716224819
25942,LOF,0.008996166833725843,0.045008191012969365,0.9459956421533047
25943,LOF,0.046091863527648415,0.19608068509654628,0.7578274513758053
25944,LOF,0.060225993444256866,0.09771440796469309,0.8420595985910501
25945,LOF,0.11306780031838858,0.019335882084186382,0.8675963175974252
25946,LOF,0.07660591988182039,0.03436281327070799,0.8890312668474717
25947,LOF,0.45079570748050646,0.09146209644624545,0.4577421960732481
25948,LOF,0.4221605520457987,0.013411627286387442,0.5644278206678138
25949,LOF,0.1361404262471511,0.06613283365242018,0.7977267401004288
25950,GOF,0.06967160572275616,0.6273426930839492,0.3029857011932946
25951,LOF,0.01128577923561263,0.41403133755181676,0.5746828832125705
25952,LOF,0.2909880223257142,0.2378261247645971,0.4711858529096888
25953,LOF,0.00793600767372378,0.1823402958576086,0.8097236964686677
25954,GOF,0.08495502256251072,0.4613110997597212,0.4537338776777682
25955,LOF,0.007029807271839586,0.15133430477801707,0.8416358879501433
25956,LOF,0.021033563304800315,0.23535915428286755,0.7436072824123322
25957,LOF,0.23723502339462638,0.034361946655333576,0.7284030299500399
25958,LOF,0.03084702025837021,0.03627111275872507,0.9328818669829048
25959,GOF,0.014999316731871399,0.4977966781046408,0.4872040051634878
25960,LOF,0.006852332525864794,0.05610686602130819,0.9370408014528271
25961,LOF,0.02912244809479102,0.03265241200262844,0.9382251399025805
25962,LOF,0.03643618184775492,0.06199293184174614,0.901570886310499
25963,LOF,0.00497875410599982,0.20681309352207766,0.7882081523719225
25964,LOF,0.03123308319755255,0.09556754474994371,0.8731993720525036
25965,LOF,0.29279705318677635,0.10731507977039535,0.5998878670428284
25966,Neutral,0.45223174447047315,0.16371244510164745,0.3840558104278794
25967,LOF,0.009994289005787119,0.08400284953045052,0.9060028614637624
25968,LOF,0.0447510312956042,0.22449519235115745,0.7307537763532383
25969,LOF,0.11816602342993983,0.045641136925037344,0.8361928396450229
25970,LOF,0.02172745327483056,0.07746722499539317,0.9008053217297761
25971,LOF,0.08672563206136814,0.025903517557326887,0.887370850381305
25972,LOF,0.06344387364282433,0.039120804354315045,0.8974353220028606
25973,LOF,0.07091989119790594,0.007804479432053211,0.9212756293700409
25974,LOF,0.05706595698945086,0.033899540140867795,0.9090345028696813
25975,LOF,0.04546755390845169,0.01569160440685212,0.9388408416846961
25976,LOF,0.10829948182234535,0.009131436486942356,0.8825690816907124
25977,LOF,0.19146433140134714,0.07403666900098706,0.7344989995976658
25978,LOF,0.19095957725971296,0.10717232388278734,0.7018680988574997
25979,LOF,0.14769122608006713,0.12269712227133975,0.7296116516485931
25980,LOF,0.25664085772930617,0.15883408326202844,0.5845250590086654
25981,LOF,0.2582440297142327,0.16027584216772708,0.5814801281180403
25982,Neutral,0.48409662156718697,0.08074281767304275,0.4351605607597704
25983,Neutral,0.49478003017098626,0.09855922158350176,0.4066607482455119
25984,LOF,0.03753947857003046,0.09550884198817118,0.8669516794417983
25985,Neutral,0.43769456626600983,0.15113582795044195,0.41116960578354816
25986,LOF,0.013002569738397293,0.41354723534904764,0.5734501949125551
25987,LOF,0.05608619111592322,0.12876812467997334,0.8151456842041034
25988,LOF,0.042821112262079616,0.19124522190371976,0.7659336658342006
25989,LOF,0.03653896818054484,0.22364729459929655,0.7398137372201586
25990,LOF,0.03865806308601399,0.3295019608036449,0.6318399761103412
25991,LOF,0.02986593335270411,0.45985368304761753,0.5102803835996783
25992,LOF,0.028612805331733465,0.43864121553110796,0.5327459791371586
25993,LOF,0.028477726799249745,0.07907843948717054,0.8924438337135797
25994,LOF,0.021829708456360373,0.0782862354753255,0.8998840560683141
25995,LOF,0.02126316575183188,0.1523012174724054,0.8264356167757627
25996,Neutral,0.36355020953954215,0.3312299065902807,0.3052198838701771
25997,LOF,0.06643154651079959,0.4143381261799837,0.5192303273092167
25998,LOF,0.2475712167831537,0.04741294883277138,0.7050158343840749
25999,LOF,0.028106572954305954,0.22546088121533878,0.7464325458303552
26000,LOF,0.18535949844684246,0.031067686155649456,0.783572815397508
26001,LOF,0.2396958523050697,0.0431760755949907,0.7171280720999396
26002,LOF,0.11610764033729444,0.05058499999593677,0.8333073596667688
26003,GOF,0.006143991432618015,0.6298415631607308,0.3640144454066511
26004,GOF,0.008563922375904715,0.6882833239535948,0.3031527536705005
26005,LOF,0.00421074067632855,0.49313372451151166,0.5026555348121599
26006,GOF,0.11313038137587465,0.5707935594057614,0.31607605921836396
26007,GOF,0.0084596609524464,0.5529876552988652,0.4385526837486884
26008,GOF,0.006141553590290806,0.6572760735789459,0.3365823728307632
26009,GOF,0.00827520235678219,0.6815763179975272,0.31014847964569064
26010,GOF,0.009162807846667806,0.6528181461188899,0.3380190460344423
26011,LOF,0.0037490038869882184,0.4553371236844784,0.5409138724285334
26012,GOF,0.00548063374248652,0.5300341098593837,0.4644852563981299
26013,GOF,0.00741672995522907,0.5806575216863801,0.41192574835839085
26014,LOF,0.06189628190052744,0.11440639656003729,0.8236973215394354
26015,LOF,0.4017958688528179,0.024575309291977984,0.5736288218552041
26016,LOF,0.32977014470221655,0.04638741320496186,0.6238424420928216
26017,LOF,0.02677244842795569,0.21754565679322768,0.7556818947788166
26018,LOF,0.029887132871431205,0.06203383080775406,0.9080790363208147
26019,LOF,0.02942014500071233,0.055833514797868015,0.9147463402014198
26020,LOF,0.011002385005949154,0.19670317204676943,0.7922944429472814
26021,LOF,0.08435321393329737,0.07554295618784647,0.8401038298788561
26022,LOF,0.04435400461989392,0.030390894131376328,0.9252551012487298
26023,LOF,0.03250948280740063,0.03566843017423242,0.9318220870183669
26024,LOF,0.05188020804464379,0.07225020182698268,0.8758695901283735
26025,LOF,0.06524287816516831,0.09090219571534834,0.8438549261194833
26026,LOF,0.12046878517738056,0.0740588625077833,0.805472352314836
26027,LOF,0.02641004814116794,0.02882991053055028,0.9447600413282818
26028,LOF,0.11325639004852013,0.14380411254626824,0.7429394974052117
26029,LOF,0.018330087657425758,0.1954009738108817,0.7862689385316924
26030,LOF,0.17324928343726906,0.022363021225420325,0.8043876953373106
26031,LOF,0.009554759163770089,0.1645991636439146,0.8258460771923153
26032,LOF,0.04482727311917972,0.0493475812453291,0.9058251456354911
26033,LOF,0.07635362321942285,0.04502796501558715,0.8786184117649899
26034,LOF,0.013474841540054431,0.14374007860731988,0.8427850798526256
26035,LOF,0.011478159226473751,0.11085756410914295,0.8776642766643833
26036,LOF,0.011460836476629634,0.12719027664302787,0.8613488868803425
26037,LOF,0.009823148390765568,0.10141734812745502,0.8887595034817793
26038,LOF,0.03760334236986595,0.04505127190146364,0.9173453857286705
26039,LOF,0.025091566263150435,0.12585472505585746,0.8490537086809921
26040,LOF,0.11461993595043905,0.11960597523902003,0.7657740888105409
26041,LOF,0.012626050779412838,0.08847648842130719,0.8988974607992799
26042,LOF,0.0112206286284508,0.09705882486121552,0.8917205465103337
26043,LOF,0.0368474740263834,0.06082836681644447,0.9023241591571722
26044,LOF,0.01404087632715315,0.04485377476654316,0.9411053489063036
26045,LOF,0.07036997021263923,0.10521552879129528,0.8244145009960655
26046,LOF,0.03208077094132615,0.046204815111557634,0.9217144139471162
26047,LOF,0.054072920767286835,0.04745760406118001,0.8984694751715333
26048,LOF,0.08703248951695909,0.02266095526372451,0.8903065552193163
26049,Neutral,0.9505430616317821,0.006775617734319047,0.04268132063389876
26050,Neutral,0.9268651274502392,0.007418186881547612,0.06571668566821327
26051,LOF,0.016049981075400503,0.08642706294917533,0.8975229559754242
26052,LOF,0.03142906749901242,0.11034320933937533,0.8582277231616122
26053,LOF,0.03469979916713377,0.15419060610942506,0.8111095947234411
26054,LOF,0.041961100266063076,0.031201314737361388,0.9268375849965756
26055,LOF,0.06048919644445225,0.026847378064430587,0.9126634254911171
26056,LOF,0.049656932548367665,0.033553607249584394,0.916789460202048
26057,LOF,0.056280616978249265,0.015429856847479379,0.9282895261742713
26058,LOF,0.05872523442359457,0.012659884935578814,0.9286148806408266
26059,LOF,0.19733875481178223,0.03065266781377925,0.7720085773744386
26060,LOF,0.016319746908147442,0.21331697763929958,0.770363275452553
26061,LOF,0.012357403894710276,0.01139155884635677,0.9762510372589329
26062,LOF,0.006856527643446119,0.020317505131630807,0.9728259672249232
26063,LOF,0.03544544957658535,0.012100940039620027,0.9524536103837947
26064,LOF,0.011087796337220006,0.025615868471168386,0.9632963351916115
26065,LOF,0.04711270707023216,0.013075485902263448,0.9398118070275044
26066,LOF,0.04415363465366665,0.011169059982500904,0.9446773053638324
26067,LOF,0.05614362563030289,0.010554145798396627,0.9333022285713004
26068,LOF,0.04955545791243038,0.047388345561689735,0.9030561965258799
26069,LOF,0.1489797463624194,0.03057119531775554,0.8204490583198251
26070,LOF,0.3231945090317842,0.023769232992268918,0.6530362579759469
26071,LOF,0.046217987078303144,0.013319192866659961,0.940462820055037
26072,LOF,0.011552555062748496,0.02042670037413012,0.9680207445631214
26073,LOF,0.038488471486388176,0.014765119815726481,0.9467464086978853
26074,Neutral,0.924157016570263,0.009575247789065057,0.06626773564067195
26075,LOF,0.05043765246397375,0.02425615877930514,0.925306188756721
26076,LOF,0.05351080503911445,0.012610191547495367,0.9338790034133901
26077,LOF,0.17532169859013944,0.007329928999828999,0.8173483724100316
26078,LOF,0.008956447899225116,0.016882613046714103,0.9741609390540609
26079,LOF,0.061756337111872464,0.02662832460878508,0.9116153382793425
26080,LOF,0.06060819471224723,0.026675562033091356,0.9127162432546615
26081,LOF,0.03137636902009953,0.009355939729663565,0.9592676912502369
26082,LOF,0.007372992937944845,0.016291895187305425,0.9763351118747498
26083,LOF,0.09216136810625694,0.021728840850334843,0.8861097910434083
26084,LOF,0.1055086680744434,0.016026826683891545,0.8784645052416651
26085,LOF,0.09473942849633338,0.014046900269746573,0.8912136712339201
26086,LOF,0.03847706829159219,0.012899576873540805,0.9486233548348671
26087,LOF,0.03518744410145927,0.010808980505599574,0.9540035753929412
26088,LOF,0.009370351334984145,0.021429488479332834,0.969200160185683
26089,LOF,0.04202452431137656,0.03832687501872541,0.919648600669898
26090,LOF,0.04281729662675868,0.030228100458973006,0.9269546029142683
26091,LOF,0.029951438676417714,0.00823180340115684,0.9618167579224254
26092,LOF,0.042560363554952456,0.008824228265805171,0.9486154081792424
26093,LOF,0.07865850266321157,0.006272693606913681,0.9150688037298749
26094,LOF,0.034359357013934076,0.007884316870667943,0.957756326115398
26095,LOF,0.03671178316288647,0.019515223539658195,0.9437729932974553
26096,LOF,0.23249467760097517,0.005555827565190172,0.7619494948338347
26097,LOF,0.009038973044970752,0.036137869488288815,0.9548231574667405
26098,LOF,0.07586032636965033,0.02167613825318824,0.9024635353771615
26099,LOF,0.04047795046902075,0.01675258174476545,0.9427694677862137
26100,LOF,0.04047747439103396,0.016752384710693857,0.9427701408982722
26101,LOF,0.05653972438413122,0.030875863716046108,0.9125844118998228
26102,LOF,0.031615653421118974,0.016278523183483058,0.9521058233953978
26103,Neutral,0.8753060357835154,0.02876906789437836,0.09592489632210621
26104,LOF,0.057899731188648516,0.041587717329242144,0.9005125514821093
26105,LOF,0.23101913378411018,0.2107415316060401,0.5582393346098496
26106,LOF,0.3054251612130464,0.1335844528701063,0.5609903859168474
26107,LOF,0.021606932081381456,0.10404036162804024,0.8743527062905783
26108,LOF,0.27416229825480876,0.05150163086404953,0.6743360708811417
26109,LOF,0.10053193504396132,0.039342721780824486,0.8601253431752143
26110,LOF,0.4772726346524634,0.007358496934759771,0.5153688684127768
26111,LOF,0.051753969023414,0.153988199281786,0.7942578316947999
26112,LOF,0.0535610898794676,0.008421457109191805,0.9380174530113405
26113,LOF,0.1065813585115518,0.018513431236950515,0.8749052102514976
26114,LOF,0.08982464594453538,0.007785126098363155,0.9023902279571014
26115,LOF,0.013176816972804156,0.05112498283077571,0.9356982001964201
26116,LOF,0.06653610867311754,0.029168570395177902,0.9042953209317045
26117,LOF,0.3938758220249333,0.037931417811957566,0.5681927601631092
26118,LOF,0.04825406915261812,0.017053991518828217,0.9346919393285535
26119,LOF,0.006304970725403053,0.0363594318892716,0.9573355973853255
26120,LOF,0.038555027039125986,0.01619656080384221,0.9452484121570317
