feature0,prediction,LoGoFunc_Neutral,LoGoFunc_GOF,LoGoFunc_LOF
25546,Neutral,0.6636920960455917,0.06798676890103812,0.2683211350533702
25547,Neutral,0.5646491136720129,0.1268244269793758,0.30852645934861134
25548,Neutral,0.5203201926557705,0.09111448434613348,0.3885653229980961
25549,Neutral,0.4870198424835966,0.09082106185081375,0.4221590956655898
25550,LOF,0.38718685546156917,0.16303417229640285,0.449778972242028
25551,LOF,0.3246351812787853,0.1522661603817151,0.5230986583394995
25552,LOF,0.1849390432547361,0.1690952126642867,0.6459657440809772
25553,Neutral,0.8200976803460044,0.03929145256054038,0.1406108670934553
25554,LOF,0.22621592350210412,0.1643525611907925,0.6094315153071033
25555,LOF,0.18263456657328395,0.1527673951080426,0.6645980383186735
25556,Neutral,0.5237287253424001,0.10805374418096582,0.36821753047663397
25557,LOF,0.17904939021363178,0.15717944854787466,0.6637711612384936
25558,LOF,0.23116308243828249,0.17528595560861715,0.5935509619531004
25559,Neutral,0.4961735375604411,0.023209137386258454,0.48061732505330046
25560,LOF,0.04318879857520266,0.20045490632819762,0.7563562950965997
25561,LOF,0.09540306167258747,0.23839479945178635,0.6662021388756262
25562,LOF,0.11199488493140679,0.07959620290066352,0.8084089121679295
25563,LOF,0.11248890261140794,0.09545538945694579,0.7920557079316464
25564,LOF,0.08337707914528641,0.12945471530200864,0.7871682055527048
25565,LOF,0.13419256518102268,0.26874449065923045,0.5970629441597469
25566,GOF,0.01655046298223612,0.6912874837012517,0.2921620533165122
25567,LOF,0.011009260553097141,0.2066680808161934,0.7823226586307095
25568,LOF,0.04598797146183974,0.09051593913786231,0.863496089400298
25569,LOF,0.05969023706209874,0.09233303674464714,0.847976726193254
25570,LOF,0.057898478078749795,0.15242033616550182,0.7896811857557483
25571,LOF,0.0681909365338893,0.14773924853772094,0.7840698149283897
25572,LOF,0.05972909749262027,0.1557875487742021,0.7844833537331776
25573,LOF,0.030881881824921967,0.10963691275228776,0.8594812054227903
25574,LOF,0.015003259722878278,0.24436718639387053,0.7406295538832512
25575,LOF,0.05600938206801706,0.13104261537415043,0.8129480025578325
25576,LOF,0.017968116900746997,0.1430267451917268,0.8390051379075262
25577,LOF,0.012838154708857257,0.14718660449626617,0.8399752407948765
25578,LOF,0.25623675623246306,0.10953951924650521,0.6342237245210318
25579,LOF,0.2579549939291781,0.10836297505114285,0.6336820310196791
25580,LOF,0.035019183819141056,0.13063820023315004,0.834342615947709
25581,LOF,0.04860144156867634,0.09796603259027456,0.8534325258410492
25582,LOF,0.047946914336258126,0.09366065154064569,0.8583924341230963
25583,LOF,0.032361250163277844,0.15168834016627908,0.815950409670443
25584,Neutral,0.4808839963631493,0.13065197506950801,0.38846402856734275
25585,LOF,0.029855794840279,0.1313358713828786,0.8388083337768423
25586,LOF,0.03229797348507438,0.10807559687502892,0.8596264296398967
25587,LOF,0.02754951265830074,0.09728668587010937,0.8751638014715899
25588,LOF,0.026417958462251406,0.1267428989715556,0.846839142566193
25589,Neutral,0.5941156943224085,0.167794304579946,0.2380900010976455
25590,LOF,0.023518610545311076,0.17787641207472557,0.7986049773799634
25591,LOF,0.10211564986036205,0.07049535510930272,0.8273889950303353
25592,LOF,0.08852210320911863,0.18708815749572288,0.7243897392951585
25593,GOF,0.01022194074123479,0.5793155061846312,0.41046255307413404
25594,LOF,0.03344608397997256,0.12225283945033338,0.844301076569694
25595,LOF,0.06227766271389115,0.08936752097200094,0.8483548163141079
25596,LOF,0.08803093086178254,0.05908528241165839,0.8528837867265591
25597,LOF,0.06806974453925468,0.020487292490569707,0.9114429629701757
25598,LOF,0.04785533142305819,0.1148598193300464,0.8372848492468954
25599,LOF,0.008097914624509093,0.4720444772463928,0.5198576081290981
25600,LOF,0.010457186006668302,0.37638389801015315,0.6131589159831786
25601,LOF,0.007995089973319136,0.22864484223789122,0.7633600677887897
25602,LOF,0.01718127619560094,0.05571440823566635,0.9271043155687327
25603,LOF,0.0404372471391671,0.04494130416502452,0.9146214486958085
25604,LOF,0.03798901591926055,0.06453951334194644,0.8974714707387931
25605,LOF,0.013003854364922173,0.23889759791129883,0.748098547723779
25606,GOF,0.050846615376991575,0.5398711336439906,0.4092822509790178
25607,LOF,0.0034647188752840773,0.1251544554275017,0.8713808256972143
25608,LOF,0.05884406441619538,0.03998779133960215,0.9011681442442026
25609,LOF,0.06838555449974995,0.29439239437208314,0.637222051128167
25610,LOF,0.042390032844380456,0.019488207615818032,0.9381217595398016
25611,LOF,0.06051242522993508,0.012585513046669064,0.926902061723396
25612,LOF,0.12115889444442646,0.033018274222752095,0.8458228313328215
25613,LOF,0.09833770668403492,0.028872371488509487,0.8727899218274556
25614,LOF,0.04468315664859562,0.02818048984923073,0.9271363535021736
25615,LOF,0.08562520431149588,0.035242427351401096,0.8791323683371032
25616,LOF,0.03541698237267577,0.03513579437601005,0.9294472232513141
25617,LOF,0.05346847102035388,0.022150873638780526,0.9243806553408657
25618,LOF,0.24686175951680078,0.02889522513843311,0.7242430153447661
25619,LOF,0.04370700807233262,0.030523065880662545,0.9257699260470048
25620,LOF,0.037850420474627985,0.03920468851654355,0.9229448910088285
25621,LOF,0.0422207105856435,0.028512998279802373,0.9292662911345542
25622,LOF,0.031027569073716767,0.05108199295915687,0.9178904379671264
25623,LOF,0.0523302439809515,0.03676394636315757,0.910905809655891
25624,LOF,0.03642134068470743,0.03241329618154382,0.9311653631337488
25625,LOF,0.05055222259770407,0.042698298750133964,0.9067494786521619
25626,LOF,0.07860737366783632,0.025282559697925467,0.8961100666342383
25627,Neutral,0.555431675225182,0.13980249157167715,0.3047658332031409
25628,LOF,0.20637683103372742,0.07622605968365713,0.7173971092826155
25629,LOF,0.057527342897214104,0.10290419507954911,0.8395684620232368
25630,LOF,0.19582361927323852,0.09988561787496489,0.7042907628517965
25631,Neutral,0.5924507078557029,0.09218815202365063,0.3153611401206465
25632,LOF,0.0174490319093743,0.1513124690528101,0.8312384990378155
25633,LOF,0.20668700114260116,0.22680480051088395,0.5665081983465149
25634,LOF,0.03378896176026398,0.20536360903763481,0.7608474292021012
25635,LOF,0.03440043778752008,0.17075106530783923,0.7948484969046407
25636,GOF,0.004521245407098878,0.5515547462227164,0.44392400837018475
25637,LOF,0.0036372502609367005,0.42415560132930147,0.5722071484097618
25638,LOF,0.0071712329401501735,0.38269913315102305,0.6101296339088267
25639,LOF,0.004714424642354715,0.3085356774919299,0.6867498978657154
25640,GOF,0.302000559404588,0.6446136467031555,0.05338579389225653
25641,LOF,0.006822514916522951,0.21075599932987268,0.7824214857536044
25642,LOF,0.2594272759338303,0.05923129092220423,0.6813414331439654
25643,LOF,0.2644620872576005,0.08249956331710658,0.6530383494252929
25644,GOF,0.017434763546609937,0.5541530991506404,0.4284121373027497
25645,GOF,0.010285914046589077,0.6009050026696586,0.3888090832837524
25646,LOF,0.01202560739214576,0.37792421728923586,0.6100501753186185
25647,LOF,0.011837620872246194,0.3103333769679575,0.6778290021597964
25648,LOF,0.0072314834900177784,0.3516143520332381,0.6411541644767442
25649,LOF,0.00820129635050576,0.18476243182464347,0.8070362718248508
25650,GOF,0.0274717515102348,0.5339206383850655,0.4386076101046998
25651,LOF,0.0069869455711021435,0.21197532815675074,0.7810377262721472
25652,LOF,0.014647809808350386,0.32848849651292494,0.6568636936787247
25653,GOF,0.06158383944614816,0.48470204097024483,0.453714119583607
25654,LOF,0.008001243210815384,0.36598676788547535,0.6260119889037092
25655,GOF,0.1229185419687943,0.48337536124752595,0.3937060967836797
25656,LOF,0.07650283611713647,0.05970982293832122,0.8637873409445422
25657,LOF,0.25153909974059635,0.026981041851593304,0.7214798584078104
25658,LOF,0.030365099887209323,0.10847780120359642,0.8611570989091943
25659,LOF,0.23857949744511875,0.08424936920923926,0.677171133345642
25660,LOF,0.1034081537124502,0.06911315147208422,0.8274786948154655
25661,LOF,0.06205978758777378,0.06375085518001902,0.8741893572322073
25662,LOF,0.03881471785164496,0.05842215986114287,0.9027631222872121
25663,LOF,0.04261984633693089,0.116744755458747,0.8406353982043222
25664,LOF,0.026891886942681232,0.2286200418354324,0.7444880712218863
25665,LOF,0.04305426960579338,0.05434449036647522,0.9026012400277313
25666,LOF,0.040937584272642,0.21431356931425793,0.7447488464131
25667,LOF,0.0417646612140113,0.045078444284971125,0.9131568945010177
25668,LOF,0.0497779504622974,0.049865754536312486,0.90035629500139
25669,LOF,0.03965201475278328,0.07580395189046082,0.884544033356756
25670,LOF,0.07275838247515705,0.10924152941551288,0.8180000881093301
25671,LOF,0.053326304150602445,0.044552849286863344,0.9021208465625341
25672,LOF,0.04918265516589245,0.055384614340685416,0.8954327304934221
25673,LOF,0.03675466636571956,0.09090278358612168,0.8723425500481587
25674,LOF,0.027266633238263213,0.10383301637467582,0.8689003503870609
25675,LOF,0.03287399634977454,0.06478083119968761,0.9023451724505379
25676,LOF,0.03836334396202318,0.0604748465110317,0.901161809526945
25677,LOF,0.06952345656040751,0.04968891690084041,0.8807876265387521
25678,LOF,0.18580393519133456,0.049884625574569894,0.7643114392340956
25679,LOF,0.10222350971461175,0.07398062065029049,0.8237958696350979
25680,LOF,0.1086742945490072,0.08367094232708715,0.8076547631239057
25681,LOF,0.11444201917679112,0.07766085492862407,0.8078971258945848
25682,LOF,0.04531614838362851,0.04860276739644359,0.9060810842199278
25683,LOF,0.07965113521529384,0.08642897669702086,0.8339198880876852
25684,LOF,0.05495636732920416,0.0582431290718952,0.8868005035989006
25685,LOF,0.12113341084878534,0.05602252299269932,0.8228440661585154
25686,LOF,0.027409427240138912,0.09498564164831716,0.8776049311115439
25687,LOF,0.04791495687919559,0.10896848237908725,0.8431165607417171
25688,LOF,0.021462379949598202,0.12196987625158676,0.8565677437988151
25689,LOF,0.012524289399310789,0.07201981164025903,0.9154558989604302
25690,LOF,0.018131162889022275,0.07257027657287671,0.9092985605381011
25691,LOF,0.14595389550164728,0.10644732037806756,0.7475987841202852
25692,LOF,0.29246624252351716,0.013258979364663267,0.6942747781118196
25693,GOF,0.028424234446456927,0.510930722218228,0.460645043335315
25694,LOF,0.24197809795827285,0.010073405929020209,0.7479484961127069
25695,LOF,0.17613868444773745,0.015900614285981014,0.8079607012662816
25696,LOF,0.07879430540789022,0.017309542229018756,0.903896152363091
25697,LOF,0.06862202279224701,0.01572338018505651,0.9156545970226965
25698,LOF,0.01597913281259379,0.27677404131962563,0.7072468258677805
25699,LOF,0.07889744107924158,0.3368666115836786,0.5842359473370798
25700,LOF,0.045368982251219395,0.02546754342207916,0.9291634743267013
25701,LOF,0.009790342200007827,0.2794044445919289,0.7108052132080632
25702,GOF,0.034753317769057435,0.6121754050503896,0.35307127718055287
25703,LOF,0.016202241677751413,0.06412818830849606,0.9196695700137525
25704,LOF,0.06312309876904228,0.03895348580946343,0.8979234154214943
25705,LOF,0.08413544947248737,0.1804612821539786,0.7354032683735341
25706,GOF,0.02167515622270624,0.6405625565908947,0.3377622871863991
25707,GOF,0.028193178422696995,0.5814527478800603,0.3903540736972427
25708,GOF,0.007364387650227718,0.5329969874380602,0.4596386249117121
25709,LOF,0.03904091080214834,0.06495550876325736,0.8960035804345943
25710,LOF,0.007094324623702644,0.13741861065324662,0.8554870647230508
25711,LOF,0.04083992623755832,0.1167299998284567,0.842430073933985
25712,LOF,0.010079371314251212,0.20063087603871915,0.7892897526470297
25713,LOF,0.03381369795399998,0.11443708497819668,0.8517492170678033
25714,LOF,0.031845110185402814,0.17130791007734616,0.7968469797372512
25715,LOF,0.037592513319486216,0.12590539448168112,0.8365020921988326
25716,LOF,0.006075301061565618,0.11707919138827148,0.8768455075501629
25717,LOF,0.006613908881292385,0.11246923433077288,0.8809168567879346
25718,LOF,0.030830280646600004,0.0821402564300528,0.8870294629233472
25719,LOF,0.03581081511803375,0.11920416520089645,0.8449850196810698
25720,LOF,0.0317292110064097,0.13212690038283292,0.8361438886107575
25721,LOF,0.034321528962011745,0.11215109226885059,0.8535273787691376
25722,LOF,0.02752358157983197,0.1375439381797297,0.8349324802404383
25723,LOF,0.04058616022242448,0.12718513473956689,0.8322287050380086
25724,LOF,0.05647873288541366,0.25144128899011686,0.6920799781244694
25725,LOF,0.04807287748339307,0.09438308820531408,0.8575440343112929
25726,LOF,0.031487697092882454,0.10760655813203322,0.8609057447750843
25727,LOF,0.04074569230813979,0.08527457348254383,0.8739797342093164
25728,LOF,0.034378539126318775,0.12037213244910404,0.8452493284245772
25729,LOF,0.03977509670499314,0.121669349217646,0.8385555540773609
25730,LOF,0.04765966911251956,0.08982110209334478,0.8625192287941358
25731,LOF,0.008175350061067559,0.09157956712296957,0.9002450828159629
25732,LOF,0.025205147018194676,0.05327916050386357,0.9215156924779417
25733,LOF,0.030587342480912324,0.07596148919738452,0.8934511683217032
25734,LOF,0.005865819641111716,0.2989160792239427,0.6952181011349456
25735,LOF,0.029125445596403395,0.07710620830134454,0.893768346102252
25736,LOF,0.02762107435602869,0.13896413306287328,0.8334147925810981
25737,LOF,0.04875752056009184,0.09638262130383117,0.854859858136077
25738,LOF,0.03422356565056566,0.2017038615396867,0.7640725728097476
25739,LOF,0.03117508340183203,0.14319213453464502,0.825632782063523
25740,LOF,0.05076484702695598,0.14055462666845256,0.8086805263045914
25741,LOF,0.05367198404594311,0.11737907003213537,0.8289489459219215
25742,LOF,0.056111537458946134,0.1334783065925544,0.8104101559484994
25743,LOF,0.013154732006456959,0.019117856755495412,0.9677274112380475
25744,LOF,0.22829093134074005,0.16904265767891044,0.6026664109803496
25745,LOF,0.03148109882550546,0.0669441699779281,0.9015747311965664
25746,LOF,0.014654315864346632,0.10016305476580055,0.8851826293698528
25747,LOF,0.0583175624208808,0.02487632063854053,0.9168061169405787
25748,LOF,0.3365050798768032,0.06427369485309416,0.5992212252701027
25749,LOF,0.019631915484818897,0.05167711487471504,0.9286909696404662
25750,LOF,0.019371752952333086,0.057824307272976695,0.9228039397746902
25751,LOF,0.04856090638548794,0.06017011612981537,0.8912689774846968
25752,GOF,0.08278939073830195,0.6068275320056193,0.3103830772560788
25753,LOF,0.00669637459013301,0.36423777876092067,0.6290658466489463
25754,GOF,0.008001185805031917,0.8719375764535489,0.12006123774141922
25755,LOF,0.00797436161736194,0.364918348170555,0.627107290212083
25756,LOF,0.020761760028876183,0.42555012840339523,0.5536881115677286
25757,GOF,0.00767923865066603,0.8446866860279499,0.14763407532138384
25758,GOF,0.008069081840660044,0.8936465150892695,0.09828440307007034
25759,GOF,0.005715306773831943,0.6825787353591308,0.31170595786703725
25760,LOF,0.006086517719091693,0.2697069723036317,0.7242065099772766
25761,GOF,0.05076312923796814,0.8798074449516415,0.0694294258103903
25762,LOF,0.023784991260904314,0.3495451754616691,0.6266698332774265
25763,LOF,0.005564349114222324,0.29620302869933857,0.6982326221864391
25764,GOF,0.06472548400790859,0.6978610631898561,0.2374134528022353
25765,GOF,0.009272661818785968,0.8968574193479778,0.09386991883323627
25766,GOF,0.027487390865164506,0.8567491672447077,0.1157634418901278
25767,LOF,0.013984466837188476,0.4717291511224078,0.5142863820404038
25768,LOF,0.06295850156063088,0.03747531693307045,0.8995661815062986
25769,LOF,0.0289091135492183,0.09899788575612312,0.8720930006946586
25770,LOF,0.123536861000477,0.20312059819792772,0.6733425408015952
25771,LOF,0.019014466714279504,0.11661677006542377,0.8643687632202967
25772,LOF,0.038950384620640904,0.06152463903608691,0.8995249763432721
25773,LOF,0.0151324813058162,0.12672129782790514,0.8581462208662787
25774,LOF,0.02133389934913386,0.2985456186390344,0.6801204820118317
25775,LOF,0.01816542479905302,0.058840030681205024,0.922994544519742
25776,LOF,0.031465074628367035,0.04113867854862888,0.9273962468230041
25777,LOF,0.241404741368165,0.20228263710596944,0.5563126215258656
25778,LOF,0.025453939667363642,0.12365300961303853,0.8508930507195979
25779,GOF,0.054541747386201454,0.838827807803061,0.1066304448107376
25780,GOF,0.07131135832142951,0.837341702900831,0.0913469387777394
25781,GOF,0.0360215474608051,0.8059480602312108,0.1580303923079842
25782,GOF,0.03350141242111423,0.8581962125886844,0.10830237499020128
25783,GOF,0.05114238096778066,0.8764153394109957,0.0724422796212236
25784,GOF,0.09405044028728539,0.836374886296666,0.06957467341604848
25785,GOF,0.14405139766842848,0.8005011911635728,0.05544741116799869
25786,GOF,0.013290135172567278,0.7252750369728614,0.2614348278545714
25787,GOF,0.3160642147494017,0.6128033614097111,0.0711324238408872
25788,LOF,0.022159518478586493,0.11396441323124441,0.863876068290169
25789,GOF,0.01919450636913023,0.8284814761553074,0.15232401747556246
25790,GOF,0.029139442011605673,0.8043067437328159,0.16655381425557844
25791,GOF,0.027880927888228074,0.6163858897178224,0.3557331823939494
25792,GOF,0.0352085470363986,0.6928657924319555,0.27192566053164596
25793,GOF,0.057259551197760473,0.771027587451396,0.17171286135084352
25794,GOF,0.05553107797337894,0.633125694833027,0.311343227193594
25795,GOF,0.0593947337701443,0.6668324125847639,0.27377285364509174
25796,GOF,0.15508306341391442,0.6839782942930235,0.16093864229306204
25797,GOF,0.07547571545277607,0.6122713757702435,0.3122529087769806
25798,GOF,0.007264418407956287,0.7730601867458154,0.21967539484622836
25799,GOF,0.004970779919389389,0.6831651462833528,0.31186407379725783
25800,GOF,0.02380740610265761,0.829096539013461,0.14709605488388136
25801,GOF,0.02558509551933182,0.823283236009564,0.15113166847110412
25802,GOF,0.025450826390161593,0.7408085814702471,0.23374059213959128
25803,GOF,0.024308567784011838,0.679569989728317,0.296121442487671
25804,GOF,0.036994916593821155,0.6938905526905901,0.26911453071558883
25805,GOF,0.028441966474823166,0.7421058171077557,0.22945221641742103
25806,GOF,0.03681004387191595,0.7557604640862184,0.20742949204186567
25807,GOF,0.01681814366223912,0.6696844064521741,0.3134974498855869
25808,GOF,0.02943239100927595,0.741427074056037,0.22914053493468697
25809,GOF,0.01567134383657535,0.6756134795263374,0.3087151766370872
25810,GOF,0.014148241946284858,0.6710761987642235,0.31477555928949175
25811,GOF,0.08148622846744837,0.8325826271196228,0.08593114441292876
25812,GOF,0.03788088034396169,0.7213728410589532,0.2407462785970851
25813,GOF,0.19453005772255438,0.6870636962279895,0.11840624604945606
25814,GOF,0.03305046121215261,0.7302030056626432,0.2367465331252042
25815,GOF,0.06427165493513219,0.7873717900007543,0.14835655506411344
25816,GOF,0.009341083210155973,0.8321778785924173,0.15848103819742676
25817,GOF,0.11108485807780119,0.7219425699620623,0.16697257196013646
25818,GOF,0.02999150020866219,0.7743079401446762,0.19570055964666144
25819,GOF,0.05177987484196043,0.7163716397761389,0.2318484853819006
25820,GOF,0.05109320826111593,0.6497766408863554,0.29913015085252864
25821,GOF,0.034723187154575924,0.6983365467499695,0.26694026609545457
25822,GOF,0.06834201199193753,0.6870261208948126,0.24463186711324983
25823,GOF,0.03262666139528505,0.6667840842164083,0.3005892543883067
25824,GOF,0.02493405363428394,0.7328582376471924,0.2422077087185238
25825,GOF,0.018973549368565656,0.7269083781723719,0.25411807245906237
25826,GOF,0.00922162181995663,0.650911231229028,0.3398671469510153
25827,GOF,0.019074778889102348,0.6806184725983914,0.3003067485125063
25828,GOF,0.011968884411467316,0.6828956189088088,0.30513549667972373
25829,GOF,0.004469767405799767,0.5535645300296054,0.44196570256459494
25830,LOF,0.06600509438365869,0.4279147477322818,0.5060801578840596
25831,GOF,0.07759706730702495,0.7919186831802639,0.13048424951271115
25832,GOF,0.009193342790529664,0.7130827470620458,0.27772391014742465
25833,GOF,0.028130918035165545,0.7977559513912525,0.17411313057358194
25834,GOF,0.009440094897507165,0.7389319886704582,0.25162791643203464
25835,GOF,0.027580485025812666,0.829454774115991,0.14296474085819638
25836,GOF,0.008033702347942819,0.7458714803108325,0.2460948173412247
25837,GOF,0.010694804537377988,0.7576071596221554,0.23169803584046647
25838,GOF,0.021407850110360692,0.8141198920989321,0.1644722577907073
25839,GOF,0.06309706787421691,0.7733948767732411,0.1635080553525418
25840,GOF,0.09105957443995953,0.7318205755771943,0.1771198499828463
25841,GOF,0.07572591674059921,0.7918784120808625,0.13239567117853826
25842,GOF,0.025116480233029353,0.8625465866227281,0.11233693314424263
25843,GOF,0.022764892344958165,0.8663578223109091,0.11087728534413283
25844,GOF,0.020147407802341685,0.8148534702715566,0.16499912192610167
25845,GOF,0.007008233221054059,0.7120295809656485,0.2809621858132975
25846,GOF,0.06394274146604151,0.8551923308815469,0.08086492765241145
25847,GOF,0.016544531454233066,0.8465146379427547,0.13694083060301218
25848,GOF,0.01911504934489262,0.7982905039146401,0.18259444674046735
25849,GOF,0.006852077525373212,0.771834307514178,0.22131361496044868
25850,GOF,0.007835665205786274,0.6864580207800467,0.30570631401416704
25851,GOF,0.006784711101725294,0.6252731871103164,0.3679421017879583
25852,GOF,0.14730185855566702,0.5050069543098039,0.3476911871345292
25853,GOF,0.06796876943413468,0.7452522750139513,0.18677895555191398
25854,GOF,0.007086308420565131,0.6684188447819425,0.32449484679749235
25855,GOF,0.02381478919620741,0.5763279321043216,0.3998572786994709
25856,GOF,0.05035766089301959,0.7166834458052141,0.2329588933017662
25857,GOF,0.02398611119794586,0.5661010058500048,0.4099128829520492
25858,GOF,0.008404128970537982,0.5634125349659915,0.4281833360634705
25859,GOF,0.005946420013667393,0.5377656374695988,0.4562879425167337
25860,GOF,0.08354678546073734,0.6457511891979857,0.270702025341277
25861,GOF,0.10305597938923312,0.7755839459362629,0.12136007467450399
25862,GOF,0.02188598541992719,0.8699073933527635,0.1082066212273093
25863,GOF,0.02037586953335202,0.842672707431598,0.13695142303505006
25864,GOF,0.03202070516360137,0.8794337488291445,0.08854554600725409
25865,GOF,0.03698158477381788,0.8617764099494286,0.10124200527675341
25866,GOF,0.019478045569137837,0.8451274943032338,0.13539446012762837
25867,GOF,0.04048373914687481,0.8512137914614446,0.1083024693916805
25868,GOF,0.0700739529598012,0.7567125355081814,0.17321351153201733
25869,GOF,0.31624459373005515,0.5456855443018499,0.13806986196809484
25870,GOF,0.0788842926724862,0.46987680704388096,0.4512389002836329
25871,GOF,0.010940994292876847,0.6965886890929376,0.2924703166141856
25872,GOF,0.0253449961620657,0.7065496301298229,0.2681053737081116
25873,GOF,0.022695127840848064,0.7935577346915316,0.18374713746762028
25874,LOF,0.028252082353747487,0.13281666482004997,0.8389312528262025
25875,LOF,0.020605157471423014,0.16659907433755472,0.8127957681910222
25876,LOF,0.022839236269473547,0.07054541604307119,0.9066153476874553
25877,LOF,0.07813580304939942,0.2804655399108371,0.6413986570397635
25878,LOF,0.0465654014466805,0.35611326129047033,0.5973213372628492
25879,LOF,0.00924343352932493,0.21942011698541075,0.7713364494852644
25880,LOF,0.047763023417152835,0.022512769206736984,0.9297242073761103
25881,Neutral,0.4186575683214189,0.4150978903872219,0.16624454129135927
25882,LOF,0.038464251543192864,0.12560772327948613,0.8359280251773209
25883,LOF,0.0288311237163091,0.12540610097350194,0.8457627753101891
25884,LOF,0.011767067232042482,0.1755254393906796,0.812707493377278
25885,LOF,0.13511779191404646,0.05019745210008321,0.8146847559858703
25886,LOF,0.22045898793911797,0.28822878311683686,0.49131222894404525
25887,GOF,0.03876455913616912,0.558195712324045,0.40303972853978587
25888,LOF,0.004941659315225659,0.4477473544914909,0.5473109861932834
25889,LOF,0.020228091728300725,0.14645303354047043,0.8333188747312288
25890,LOF,0.2196216333039097,0.2504550198029434,0.5299233468931469
25891,LOF,0.10007988181378114,0.10848103282926515,0.7914390853569536
25892,LOF,0.00649427645623131,0.031163752731812905,0.9623419708119557
25893,LOF,0.24933306004196198,0.01097685396743719,0.7396900859906007
25894,LOF,0.3025634832355275,0.007592456687143986,0.6898440600773285
25895,LOF,0.28697062624526826,0.014636959977570932,0.6983924137771608
25896,LOF,0.07199055656706208,0.039571237955389096,0.8884382054775487
25897,LOF,0.08914140527770995,0.01682884062579634,0.8940297540964938
25898,LOF,0.10420267483137978,0.03982130711687522,0.855976018051745
25899,LOF,0.3767664494336491,0.043592068213871266,0.5796414823524797
25900,Neutral,0.745256790053161,0.01216154694184615,0.24258166300499284
25901,LOF,0.05888019753372808,0.011409944746087293,0.9297098577201846
25902,LOF,0.07683322612338687,0.009043119589785186,0.914123654286828
25903,LOF,0.14010292171436464,0.03838780451207305,0.8215092737735622
25904,Neutral,0.4630939965255003,0.10329223426790822,0.4336137692065914
25905,LOF,0.009317062317883009,0.3134305804610718,0.6772523572210453
25906,LOF,0.008345032469794284,0.031008177646440503,0.9606467898837652
25907,LOF,0.008013887804907189,0.2206980058665668,0.7712881063285261
25908,LOF,0.008288838310838584,0.19502223844915503,0.7966889232400065
25909,LOF,0.04114030089148527,0.07422527262265749,0.8846344264858572
25910,LOF,0.012784231322080524,0.09637706976078218,0.8908386989171373
25911,LOF,0.16823744876917343,0.0901102139649111,0.7416523372659155
25912,LOF,0.1352575135014868,0.023518627042878364,0.8412238594556348
25913,LOF,0.012232612467784672,0.09067632379773784,0.8970910637344774
25914,LOF,0.0450380143646683,0.02685649878298365,0.9281054868523481
25915,LOF,0.20302235760810744,0.38811721192241144,0.4088604304694812
25916,LOF,0.014390806321677935,0.1980331959009796,0.7875759977773424
25917,LOF,0.07186121570519272,0.03088540296350498,0.8972533813313024
25918,LOF,0.04931060624328222,0.016743753982195207,0.9339456397745226
25919,LOF,0.04488666618437086,0.016118779952441428,0.9389945538631876
25920,LOF,0.32886079607158974,0.30438882664117856,0.36675037728723175
25921,LOF,0.02591111284003679,0.03637534126877505,0.9377135458911882
25922,LOF,0.022946148503979115,0.030881625737554753,0.9461722257584662
25923,LOF,0.45827855402941686,0.022774426047263235,0.5189470199233199
25924,LOF,0.02996200213880987,0.03307916344061975,0.9369588344205703
25925,LOF,0.12867114134949387,0.04651733864002003,0.8248115200104862
25926,LOF,0.10601935938543655,0.03314371791362972,0.8608369227009338
25927,LOF,0.025144167439084323,0.062426176073770816,0.9124296564871449
25928,LOF,0.01673740600944758,0.01891486723630322,0.9643477267542491
25929,Neutral,0.5838664533127673,0.02261422034176309,0.39351932634546966
25930,LOF,0.06539302676705622,0.022747512929822213,0.9118594603031216
25931,LOF,0.016337885544407772,0.020857676567127524,0.9628044378884647
25932,LOF,0.09046713731214662,0.015195525962601824,0.8943373367252516
25933,LOF,0.0942308485407158,0.011457205948468755,0.8943119455108155
25934,LOF,0.09019026553495257,0.012611679231526928,0.8971980552335206
25935,LOF,0.12289306188295682,0.03289622830134867,0.8442107098156945
25936,LOF,0.0897031559494877,0.01215197183151298,0.8981448722189994
25937,LOF,0.018869011862281074,0.022177050878858413,0.9589539372588606
25938,LOF,0.1251163456343275,0.030242956620514568,0.8446406977451579
25939,LOF,0.06293156768435636,0.014299419755583586,0.9227690125600599
25940,LOF,0.010134020791983622,0.4649463693770108,0.5249196098310056
25941,Neutral,0.4963347182729414,0.14187453461173263,0.36179074711532583
25942,LOF,0.009458927224564654,0.17130779308895167,0.8192332796864836
25943,GOF,0.032401863840711025,0.5090454739029607,0.4585526622563282
25944,LOF,0.03679990894292691,0.46034332994925165,0.5028567611078215
25945,LOF,0.12572656527851875,0.10622269843700316,0.7680507362844782
25946,LOF,0.0913926470170262,0.06485540439462101,0.8437519485883527
25947,Neutral,0.46978670024767677,0.18546472857458654,0.3447485711777366
25948,Neutral,0.5214617126099186,0.019438152471959375,0.459100134918122
25949,LOF,0.09824504483563203,0.05601585952880005,0.845739095635568
25950,GOF,0.03767928765546281,0.7656884614115752,0.1966322509329621
25951,GOF,0.01411825267108855,0.5722627773734082,0.4136189699555032
25952,LOF,0.1046669870757413,0.4207374594418269,0.47459555348243165
25953,LOF,0.0070452862994360025,0.4221451728772769,0.5708095408232872
25954,GOF,0.037784239761167,0.6224226907185805,0.3397930695202525
25955,LOF,0.006610826890461337,0.36215600175641033,0.6312331713531283
25956,LOF,0.009730339645893692,0.25036045530424517,0.7399092050498612
25957,LOF,0.2375238434196294,0.021054838837329858,0.7414213177430408
25958,LOF,0.0286082308511215,0.060137302732930296,0.9112544664159483
25959,GOF,0.004882937008137418,0.6146880802905637,0.380428982701299
25960,LOF,0.005358662849892764,0.11099360566872286,0.8836477314813843
25961,LOF,0.027163361128963507,0.062465933759325555,0.9103707051117109
25962,LOF,0.042763724661535184,0.13137469667175267,0.8258615786667122
25963,LOF,0.009127618183035735,0.30155785076299446,0.6893145310539698
25964,LOF,0.047775386850740405,0.10510266283089988,0.8471219503183597
25965,LOF,0.1535191236576115,0.21802489714069775,0.6284559792016908
25966,LOF,0.32955665050900734,0.24493817993765063,0.42550516955334194
25967,LOF,0.008182190398956993,0.055448253206705364,0.9363695563943376
25968,LOF,0.0652359567094322,0.24833143484342457,0.6864326084471432
25969,LOF,0.13385049374705213,0.03215082562975944,0.8339986806231885
25970,LOF,0.04464009568818127,0.18659950353199622,0.7687604007798226
25971,LOF,0.06933226407092917,0.07765499908638852,0.8530127368426822
25972,LOF,0.06512704814334525,0.09779967762909371,0.8370732742275611
25973,LOF,0.08301513097045185,0.006958845043409876,0.9100260239861384
25974,LOF,0.07477909292858347,0.054790983680073305,0.8704299233913432
25975,LOF,0.033363873084148586,0.012124237105640537,0.954511889810211
25976,LOF,0.08993249448505852,0.006542307087607574,0.903525198427334
25977,LOF,0.20275011084865371,0.0819863081985107,0.7152635809528356
25978,LOF,0.1546995566043279,0.14617188228709566,0.6991285611085764
25979,LOF,0.12088911108026103,0.14752073657336218,0.7315901523463768
25980,LOF,0.18093640683010134,0.28139525607253135,0.5376683370973674
25981,LOF,0.18413029710815695,0.2873168766332965,0.5285528262585465
25982,LOF,0.26079972922433425,0.13375739193446853,0.6054428788411973
25983,Neutral,0.4602169228265133,0.13517361145370949,0.40460946571977724
25984,LOF,0.04335625803531496,0.23232527889009102,0.724318463074594
25985,Neutral,0.409838563323776,0.2531583693777614,0.33700306729846263
25986,GOF,0.009121361702616931,0.5388388197627777,0.4520398185346054
25987,LOF,0.025513196165747373,0.12372258791677629,0.8507642159174763
25988,LOF,0.03407024423918047,0.3058333648287766,0.660096390932043
25989,LOF,0.036903246619292625,0.29295016980781324,0.6701465835728941
25990,LOF,0.04109458416656391,0.4460610023136614,0.5128444135197746
25991,GOF,0.039318115445167647,0.5850121912667288,0.3756696932881036
25992,LOF,0.016418577202119495,0.35372274601848264,0.6298586767793978
25993,LOF,0.03024779512057478,0.09628698536573421,0.873465219513691
25994,LOF,0.03269311579460484,0.10142263692349363,0.8658842472819015
25995,LOF,0.01979997674776854,0.17863234671439993,0.8015676765378316
25996,GOF,0.4028311053718752,0.44286842434278617,0.15430047028533866
25997,GOF,0.0807374712471279,0.6822693340623969,0.23699319469047536
25998,LOF,0.24447431700665,0.04041014813271436,0.7151155348606357
25999,LOF,0.024931704711444583,0.4180803859486621,0.5569879093398934
26000,LOF,0.1386379890995795,0.01943201383196009,0.8419299970684605
26001,LOF,0.147561516580807,0.036299569226862276,0.8161389141923308
26002,LOF,0.10238775720197517,0.02853043871137138,0.8690818040866535
26003,GOF,0.0068449856683035345,0.6137110014828128,0.3794440128488837
26004,GOF,0.016000509573270594,0.583319479278724,0.4006800111480054
26005,GOF,0.005521145604767193,0.5066072896739342,0.48787156472129867
26006,GOF,0.0948569858783199,0.5431264717805163,0.3620165423411637
26007,GOF,0.00923585479904739,0.5557608475712983,0.4350032976296543
26008,GOF,0.006226241939188174,0.5791156344840019,0.41465812357680987
26009,GOF,0.012609451927963363,0.5952898403197355,0.39210070775230105
26010,GOF,0.009164042897207653,0.5712274660750027,0.4196084910277895
26011,LOF,0.00626280906883188,0.4714280233699349,0.5223091675612332
26012,GOF,0.006198934410574344,0.5592296826194358,0.4345713829699897
26013,LOF,0.011191010199221679,0.4881536241252769,0.5006553656755014
26014,LOF,0.05501954416951342,0.07741597378378766,0.8675644820466989
26015,LOF,0.3587144366899038,0.06301602988548395,0.5782695334246122
26016,LOF,0.23527317769254447,0.15844550768890364,0.6062813146185518
26017,LOF,0.013706926032843226,0.44771329774005736,0.5385797762270994
26018,LOF,0.019330368079561663,0.16469239304890482,0.8159772388715335
26019,LOF,0.01939144413534736,0.1356264360125461,0.8449821198521067
26020,LOF,0.006190307753699046,0.4121955418328317,0.5816141504134693
26021,LOF,0.07715180058919623,0.2918150058246665,0.6310331935861372
26022,LOF,0.04868022265782431,0.08041212261261567,0.8709076547295601
26023,LOF,0.028732144279863838,0.12153340771024118,0.849734448009895
26024,LOF,0.04309427719811787,0.20659853747138882,0.7503071853304933
26025,LOF,0.1347037718489691,0.14011044858694935,0.7251857795640816
26026,LOF,0.1292452540884988,0.10086105675362057,0.7698936891578807
26027,LOF,0.028170331221082496,0.07680413798237415,0.8950255307965433
26028,LOF,0.06427506132899581,0.253974691929674,0.6817502467413302
26029,LOF,0.046566844077625645,0.1198277549810088,0.8336054009413656
26030,LOF,0.15223201744341894,0.00938627775161167,0.8383817048049694
26031,LOF,0.019925506952628597,0.12581253628066472,0.8542619567667067
26032,LOF,0.029429434399620823,0.01942786259693382,0.9511427030034453
26033,LOF,0.043191086432199974,0.03794508881638913,0.9188638247514109
26034,LOF,0.027521109386712518,0.07809853617610164,0.894380354437186
26035,LOF,0.014837916809759284,0.09470311722765408,0.8904589659625867
26036,LOF,0.014595261877709088,0.07525382409426425,0.9101509140280266
26037,LOF,0.013342105632905233,0.07885857858848347,0.9077993157786114
26038,LOF,0.02353766125410325,0.018624539563463098,0.9578377991824337
26039,LOF,0.033371478626342634,0.11781663722016625,0.8488118841534912
26040,LOF,0.06885594648010891,0.17117513412574484,0.7599689193941461
26041,LOF,0.01637243163053539,0.08945094046597023,0.8941766279034944
26042,LOF,0.014539684629903914,0.10071835559674039,0.8847419597733558
26043,LOF,0.02366277605878692,0.04153003020478008,0.934807193736433
26044,LOF,0.009149115385188903,0.0413298962065273,0.9495209884082838
26045,LOF,0.08577620709109589,0.2336855019448513,0.6805382909640528
26046,LOF,0.023233111882591934,0.04708189027398079,0.9296849978434273
26047,LOF,0.060217970792447964,0.03645463169112817,0.9033273975164239
26048,LOF,0.08162006793568587,0.022169023050620483,0.8962109090136937
26049,Neutral,0.9279050548154439,0.005921426444791392,0.06617351873976471
26050,Neutral,0.8781535742638166,0.007257666710240875,0.11458875902594264
26051,LOF,0.029204598127545296,0.28984155330829664,0.6809538485641581
26052,LOF,0.029876327470878095,0.19760436822899308,0.7725193043001288
26053,LOF,0.03590498687933684,0.0672191718234665,0.8968758412971967
26054,LOF,0.048934422239583754,0.08833886112730942,0.8627267166331067
26055,LOF,0.055573304379449566,0.0761597524331214,0.868266943187429
26056,LOF,0.051434795450902286,0.08100078433218438,0.8675644202169134
26057,LOF,0.056523382216782464,0.016927100569828032,0.9265495172133894
26058,LOF,0.06525698409184456,0.013627244460193338,0.9211157714479621
26059,LOF,0.23738724365244232,0.11457978733550864,0.648032969012049
26060,LOF,0.01696995376087816,0.2430986421437159,0.7399314040954059
26061,LOF,0.011876845580324388,0.014876703838279293,0.9732464505813964
26062,LOF,0.006174285426109684,0.023524831603562113,0.9703008829703281
26063,LOF,0.052934804484552574,0.016013074311338724,0.9310521212041086
26064,LOF,0.010206559891365386,0.015163197067633104,0.9746302430410015
26065,LOF,0.04478107970266379,0.021748306670706805,0.9334706136266294
26066,LOF,0.04868266237062294,0.015348241666945516,0.9359690959624315
26067,LOF,0.05191928911826575,0.01622189249991111,0.9318588183818232
26068,LOF,0.046237717570939176,0.061013940578023756,0.8927483418510371
26069,LOF,0.1569760429006502,0.05352158434573426,0.7895023727536155
26070,LOF,0.3844437573530709,0.033155451836018694,0.5824007908109105
26071,LOF,0.04837156135789224,0.01842999501003295,0.9331984436320747
26072,LOF,0.008279846634745904,0.02769045142122046,0.9640297019440336
26073,LOF,0.04561169885752109,0.016828098792510935,0.9375602023499681
26074,Neutral,0.6931542959792679,0.026759971899548013,0.280085732121184
26075,LOF,0.0367076033065156,0.044333334241791936,0.9189590624516925
26076,LOF,0.056390081423714475,0.02246318203029007,0.9211467365459954
26077,LOF,0.15619222633953436,0.022196207174000237,0.8216115664864655
26078,LOF,0.006877252158228034,0.02652131623315531,0.9666014316086166
26079,LOF,0.051721033718762896,0.04517433390003172,0.9031046323812053
26080,LOF,0.05076781311466994,0.045432928157296326,0.9037992587280338
26081,LOF,0.049928968291529104,0.01624505122765771,0.9338259804808131
26082,LOF,0.007180204659845844,0.022827608034240894,0.9699921873059132
26083,LOF,0.04000730372254503,0.045302096481257395,0.9146905997961975
26084,LOF,0.056373289380538066,0.021042723883244678,0.9225839867362173
26085,LOF,0.04962076570305673,0.01862139965502707,0.9317578346419163
26086,LOF,0.03668840510637186,0.02495734586196554,0.9383542490316625
26087,LOF,0.0432328689496645,0.021372969954926695,0.9353941610954088
26088,LOF,0.008551972436482501,0.04408323645031717,0.9473647911132003
26089,LOF,0.0334528906572023,0.06509930504245315,0.9014478043003445
26090,LOF,0.033053953953254195,0.05306055956578824,0.9138854864809576
26091,LOF,0.04444015603363746,0.01659117037895377,0.9389686735874088
26092,LOF,0.05958877585662067,0.014698114107618431,0.9257131100357608
26093,LOF,0.0704909894567129,0.011441643041090096,0.9180673675021971
26094,LOF,0.03945624070208499,0.017947436682586575,0.9425963226153286
26095,LOF,0.011582882376113508,0.03550080218432789,0.9529163154395586
26096,LOF,0.2929112191627337,0.0056822118176340815,0.7014065690196323
26097,LOF,0.008158865794660361,0.061590472683711234,0.9302506615216284
26098,LOF,0.05449186764263359,0.04596055368809192,0.8995475786692745
26099,LOF,0.04564444971380899,0.051007309435416974,0.9033482408507741
26100,LOF,0.04564444971380899,0.051007309435416974,0.9033482408507741
26101,LOF,0.041585796086874925,0.0554401894693029,0.9029740144438221
26102,LOF,0.04640806623700309,0.025283550022919304,0.9283083837400775
26103,Neutral,0.85957897404594,0.05794504342751013,0.08247598252654986
26104,LOF,0.04241653790794131,0.11582770494300686,0.8417557571490519
26105,LOF,0.23745573440689097,0.2706710258835691,0.49187323970954
26106,LOF,0.2478284792585906,0.17801592064651992,0.5741556000948894
26107,LOF,0.013364376474771998,0.20322324624717192,0.783412377278056
26108,LOF,0.13835934422517973,0.18493627792441228,0.676704377850408
26109,LOF,0.05059560020605628,0.029473899711326315,0.9199305000826175
26110,Neutral,0.5532440907421244,0.034881047327339904,0.41187486193053563
26111,LOF,0.04612427033771078,0.19564572387061394,0.7582300057916752
26112,LOF,0.061917112588533656,0.03669295152891362,0.9013899358825528
26113,LOF,0.07337090943447643,0.06001830411613436,0.8666107864493892
26114,LOF,0.10331326947194272,0.02706382391989102,0.8696229066081663
26115,LOF,0.01862658531638005,0.18666132990301942,0.7947120847806005
26116,LOF,0.06897996009248765,0.07892890196031285,0.8520911379471995
26117,LOF,0.28447758598733114,0.06820307338261157,0.6473193406300574
26118,LOF,0.03625808294901096,0.02697032906338648,0.9367715879876025
26119,LOF,0.005294325549232017,0.09127153129645812,0.9034341431543098
26120,LOF,0.030409843786158908,0.0261338346071752,0.9434563216066658
26121,LOF,0.0039297524703340156,0.13083699054612474,0.8652332569835414
26122,LOF,0.004587074630762355,0.10801982602765593,0.8873930993415817
