feature0,prediction,LoGoFunc_Neutral,LoGoFunc_GOF,LoGoFunc_LOF
25546,Neutral,0.6691419757811982,0.05380642048785691,0.27705160373094495
25547,Neutral,0.46709867025228696,0.1160141528759426,0.4168871768717704
25548,Neutral,0.4705374709216956,0.0865452248832085,0.4429173041950959
25549,LOF,0.4168056257433091,0.0860524480498974,0.49714192620679354
25550,LOF,0.3573607198249842,0.1517170333941446,0.4909222467808713
25551,LOF,0.25038990086027085,0.177292993702283,0.5723171054374462
25552,LOF,0.19158409016431896,0.16739612249339886,0.6410197873422822
25553,Neutral,0.802542711182997,0.03812319346490216,0.15933409535210086
25554,LOF,0.22038536289770166,0.15572103248522318,0.6238936046170752
25555,LOF,0.18504882962868882,0.1346031839210524,0.6803479864502587
25556,LOF,0.38094329551937334,0.13635791470014585,0.48269878978048086
25557,LOF,0.17606496021805712,0.13775281545344292,0.6861822243285
25558,LOF,0.20969967765476974,0.15000936448713426,0.640290957858096
25559,LOF,0.18790355791760827,0.1628686591177042,0.6492277829646875
25560,LOF,0.07546481306130043,0.1397455549871051,0.7847896319515945
25561,LOF,0.15183749115157166,0.13168599029133354,0.7164765185570949
25562,LOF,0.07108708681323284,0.09842897104387147,0.8304839421428958
25563,LOF,0.10461952756062388,0.08942995761436723,0.8059505148250089
25564,LOF,0.22203206366808634,0.16282620094982736,0.6151417353820863
25565,LOF,0.14174140207411084,0.16239177383657888,0.6958668240893102
25566,GOF,0.017218228598582307,0.773452716378177,0.20932905502324065
25567,LOF,0.02013596805602383,0.20694956289721114,0.772914469046765
25568,LOF,0.05153409125196478,0.09564413124109694,0.8528217775069383
25569,LOF,0.04918134340221139,0.0938578020884087,0.8569608545093799
25570,LOF,0.029373102301349572,0.14427497420744043,0.82635192349121
25571,LOF,0.028600771603259835,0.13888480086917032,0.8325144275275698
25572,LOF,0.033206181833438146,0.15986041394342865,0.8069334042231332
25573,LOF,0.023823016657597076,0.13290474843723737,0.8432722349051657
25574,LOF,0.01754036755380417,0.19485560173246488,0.787604030713731
25575,LOF,0.023961199557169396,0.15225528338189986,0.8237835170609308
25576,LOF,0.011775048521347505,0.19143632648128256,0.79678862499737
25577,LOF,0.009843999860476358,0.15886110337318782,0.8312948967663358
25578,LOF,0.260107726502888,0.12986771591193413,0.6100245575851778
25579,LOF,0.15126293712282907,0.1414129017710913,0.7073241611060797
25580,LOF,0.017482207089501933,0.11680730490240031,0.8657104880080977
25581,LOF,0.04096123755729253,0.097831665333083,0.8612070971096245
25582,LOF,0.04096921827450624,0.09660155850903947,0.8624292232164543
25583,LOF,0.019900773530150878,0.13551356212824367,0.8445856643416054
25584,Neutral,0.5150347639927584,0.14258262959621507,0.3423826064110265
25585,LOF,0.01306616175220035,0.17108556297407296,0.8158482752737267
25586,LOF,0.0156184437549517,0.11169597687409989,0.8726855793709484
25587,LOF,0.015716596698092593,0.10345994362750517,0.8808234596744022
25588,LOF,0.016024806802775994,0.12247709063576812,0.8614981025614559
25589,Neutral,0.5667047556758248,0.17333709239866207,0.2599581519255132
25590,LOF,0.017701617506630574,0.1585517924518469,0.8237465900415224
25591,LOF,0.07485623229127851,0.08478819068532198,0.8403555770233995
25592,LOF,0.04166018963001527,0.18649507859838046,0.7718447317716043
25593,LOF,0.020586857859559844,0.31465354865681644,0.6647595934836237
25594,LOF,0.038392842823168384,0.12032720611069583,0.8412799510661357
25595,LOF,0.041681458615591055,0.09290055678424065,0.8654179846001683
25596,LOF,0.06291009305705593,0.07079130030671375,0.8662986066362304
25597,LOF,0.041424083977624704,0.08307706112012407,0.8754988549022513
25598,LOF,0.03369495239911588,0.11246630846229431,0.8538387391385898
25599,GOF,0.008463598853273172,0.5628086633564179,0.42872773779030887
25600,GOF,0.03077262949143693,0.5803544748720332,0.3888728956365298
25601,LOF,0.017060964684290303,0.39742682778856625,0.5855122075271435
25602,LOF,0.014625526573950024,0.051600736185226315,0.9337737372408237
25603,LOF,0.055325313539791254,0.01956292224317333,0.9251117642170354
25604,LOF,0.015203136277475904,0.0740278443688797,0.9107690193536444
25605,LOF,0.008800465592121547,0.19776756218446595,0.7934319722234124
25606,LOF,0.12194548330559467,0.3679056093872408,0.5101489073071644
25607,LOF,0.005511167951599422,0.2292598255398467,0.7652290065085539
25608,LOF,0.012232990087820379,0.10133140969815743,0.8864356002140221
25609,LOF,0.06749739763925948,0.39641207663571665,0.5360905257250239
25610,LOF,0.019596122031852566,0.030940608397826294,0.949463269570321
25611,LOF,0.020669709696593916,0.031066589455817868,0.9482637008475882
25612,LOF,0.06573213534065463,0.04417058995651505,0.8900972747028303
25613,LOF,0.053383059677055165,0.0442763596096864,0.9023405807132584
25614,LOF,0.02531793842586299,0.036529544470286515,0.9381525171038505
25615,LOF,0.018278400005862436,0.045155505200501246,0.9365660947936364
25616,LOF,0.062253449233374315,0.03286086353346366,0.904885687233162
25617,LOF,0.05924261516384579,0.03783335281105159,0.9029240320251026
25618,LOF,0.07605932291113675,0.04045744470879954,0.8834832323800638
25619,LOF,0.018877416365286812,0.037637397131503623,0.9434851865032097
25620,LOF,0.07046382514018508,0.04214337394202587,0.8873928009177892
25621,LOF,0.017997445573910923,0.04492734289670133,0.9370752115293878
25622,LOF,0.02311706248007533,0.043032135518769346,0.9338508020011553
25623,LOF,0.040975054696078074,0.03317079291277279,0.9258541523911492
25624,LOF,0.021872635695378145,0.04629747630624311,0.9318298879983787
25625,LOF,0.027249249396598268,0.056958605124267564,0.9157921454791342
25626,LOF,0.057266607956200664,0.03828809453453888,0.9044452975092604
25627,Neutral,0.5813362658098625,0.12908256964845885,0.28958116454167865
25628,LOF,0.1875437981687225,0.0659347090387062,0.7465214927925713
25629,LOF,0.04552891712517784,0.06362405447247016,0.890847028402352
25630,LOF,0.1386727529048767,0.10283671409655841,0.7584905329985648
25631,Neutral,0.6104356250790546,0.07035251569511004,0.31921185922583545
25632,LOF,0.007609571748734107,0.08950909928121568,0.9028813289700502
25633,LOF,0.2572481605585549,0.06781277442741973,0.6749390650140253
25634,LOF,0.0306790612340557,0.11561286406897417,0.8537080746969702
25635,LOF,0.03093442152004424,0.07646796226545029,0.8925976162145054
25636,GOF,0.005633994301015217,0.5740343895063208,0.42033161619266396
25637,GOF,0.007548015823016111,0.5908725822264492,0.40157940195053476
25638,LOF,0.01183967777553179,0.2802888363729471,0.707871485851521
25639,LOF,0.0063835299573045895,0.4543840221499274,0.5392324478927679
25640,Neutral,0.4684981430282144,0.4471535945161465,0.08434826245563903
25641,LOF,0.01303044649189701,0.3173691839905634,0.6696003695175397
25642,LOF,0.2598416329244174,0.07347362990531253,0.6666847371702701
25643,LOF,0.13374065856496573,0.19671115588410534,0.6695481855509289
25644,GOF,0.0108348196797144,0.5249720956547197,0.46419308466556597
25645,LOF,0.008498564320132174,0.46459659845919427,0.5269048372206736
25646,LOF,0.013761320088021198,0.33686100352089327,0.6493776763910856
25647,LOF,0.011399330406752662,0.29293642198661946,0.6956642476066279
25648,LOF,0.01048563120147918,0.2702262912902078,0.7192880775083129
25649,LOF,0.008675337821903965,0.20676760717745937,0.7845570550006368
25650,LOF,0.014885459580592515,0.4325564803768185,0.552558060042589
25651,LOF,0.006500510326778063,0.2984006234385329,0.695098866234689
25652,LOF,0.010813342169218549,0.26869516938688975,0.7204914884438917
25653,LOF,0.031289875471838965,0.409960850212623,0.558749274315538
25654,LOF,0.012298747822832605,0.17071787117582699,0.8169833810013405
25655,LOF,0.05891486800621056,0.4277977599671674,0.513287372026622
25656,LOF,0.19445348257747,0.04000182348873435,0.7655446939337958
25657,LOF,0.27851217405874523,0.024554605935407404,0.6969332200058473
25658,LOF,0.07840213088767725,0.07383020730268365,0.847767661809639
25659,LOF,0.39860450446500584,0.0660382622507281,0.5353572332842661
25660,LOF,0.03240046647788862,0.10521350101095474,0.8623860325111566
25661,LOF,0.10628510118909071,0.06183363988783217,0.8318812589230771
25662,LOF,0.025930540755880856,0.046072209557913295,0.9279972496862058
25663,LOF,0.03454910422711068,0.0639917769098646,0.9014591188630248
25664,LOF,0.038012330346985895,0.07391168848337262,0.8880759811696416
25665,LOF,0.04876116251184673,0.03978783097950484,0.9114510065086484
25666,LOF,0.04124316501770608,0.09616930883265487,0.8625875261496391
25667,LOF,0.07688356704484031,0.04970801270877093,0.8734084202463888
25668,LOF,0.02827380937674522,0.05399835646836104,0.9177278341548938
25669,LOF,0.030803558593598047,0.0714808533414747,0.8977155880649272
25670,LOF,0.05820101296659887,0.06300810008496154,0.8787908869484398
25671,LOF,0.0911254461956246,0.043901004687712755,0.8649735491166627
25672,LOF,0.04730896305632032,0.05069943194788677,0.9019916049957929
25673,LOF,0.02659840494685048,0.06112312142429935,0.9122784736288502
25674,LOF,0.020851349725252773,0.07632705352156478,0.9028215967531824
25675,LOF,0.03250536416121646,0.07590886430514424,0.8915857715336393
25676,LOF,0.020491402289096267,0.06632289321714019,0.9131857044937636
25677,LOF,0.029702882142133877,0.07448485199411554,0.8958122658637505
25678,LOF,0.18616861194978232,0.04871974141485427,0.7651116466353634
25679,LOF,0.15905984423600794,0.07063758799396797,0.770302567770024
25680,LOF,0.03912650553282766,0.11088020214582378,0.8499932923213486
25681,LOF,0.0640197239167064,0.1029664097889836,0.8330138662943101
25682,LOF,0.1148246251633,0.07194393143960168,0.8132314433970984
25683,LOF,0.08424882351285326,0.09507135028216485,0.8206798262049819
25684,LOF,0.042357988437348906,0.07560110331727544,0.8820409082453756
25685,LOF,0.07666358873150378,0.07088892195236805,0.8524474893161282
25686,LOF,0.030889253884170458,0.09660329468795914,0.8725074514278705
25687,LOF,0.04375577726721909,0.08299889692698952,0.8732453258057913
25688,LOF,0.047298565902082285,0.05414418008618373,0.8985572540117339
25689,LOF,0.028568853033021313,0.06297363206654716,0.9084575149004315
25690,LOF,0.03509944835380339,0.05009910909315659,0.91480144255304
25691,LOF,0.26042281119627003,0.06558954668211808,0.6739876421216119
25692,LOF,0.24627202863957792,0.007561303276259609,0.7461666680841624
25693,LOF,0.09626643115399038,0.19728052856125958,0.7064530402847501
25694,LOF,0.2474459746276925,0.01496071155325637,0.7375933138190511
25695,LOF,0.15831001196345995,0.03062339006839135,0.8110665979681487
25696,LOF,0.11096881502004852,0.013818055876757373,0.8752131291031942
25697,LOF,0.08898471722899731,0.027786310665996388,0.8832289721050063
25698,GOF,0.043115389193026,0.4957828323020956,0.4611017785048783
25699,LOF,0.06981261249025413,0.08501975721613787,0.8451676302936081
25700,LOF,0.068549044461044,0.009244186082043707,0.9222067694569124
25701,LOF,0.016887236026079673,0.07531715295205109,0.9077956110218691
25702,GOF,0.03208392409066491,0.7043349887956115,0.26358108711372363
25703,LOF,0.008473662279209447,0.1731113198821573,0.8184150178386332
25704,LOF,0.04635350553792384,0.15866212317678283,0.7949843712852934
25705,LOF,0.06401385827115781,0.22100198029637486,0.7149841614324673
25706,GOF,0.03874555924587142,0.528665077366916,0.4325893633872126
25707,LOF,0.02547518636172465,0.45990062694332373,0.5146241866949516
25708,LOF,0.008754701175256546,0.386159008994887,0.6050862898298566
25709,LOF,0.05889495556169633,0.06163093591945504,0.8794741085188486
25710,LOF,0.005250797942276376,0.16256820522799093,0.8321809968297327
25711,LOF,0.02016998605688467,0.11986729991033217,0.8599627140327831
25712,LOF,0.007366583519495086,0.18968422257502418,0.8029491939054807
25713,LOF,0.018761065637634335,0.1004178121154676,0.880821122246898
25714,LOF,0.0707790475219631,0.1231065290115293,0.8061144234665075
25715,LOF,0.01340482026930091,0.12987958826867962,0.8567155914620194
25716,LOF,0.005767408240657318,0.1145135267970267,0.879719064962316
25717,LOF,0.005266500501799484,0.10669070830102288,0.8880427911971776
25718,LOF,0.013994543526827573,0.08272722557813744,0.9032782308950349
25719,LOF,0.02411644914361515,0.08842053181319916,0.8874630190431857
25720,LOF,0.024130885752002593,0.08221424434084866,0.8936548699071488
25721,LOF,0.016766785418188313,0.10827726049043808,0.8749559540913736
25722,LOF,0.014014968592276281,0.1316950437139105,0.8542899876938131
25723,LOF,0.020153049573279,0.07069833033013818,0.9091486200965828
25724,LOF,0.022141572163811546,0.10046971855590957,0.8773887092802789
25725,LOF,0.014149663520916822,0.07254304289203947,0.9133072935870438
25726,LOF,0.012475357352609302,0.10783229337062789,0.8796923492767629
25727,LOF,0.015324498795356703,0.09014188338098031,0.894533617823663
25728,LOF,0.012639058686458272,0.11778653441913634,0.8695744068944053
25729,LOF,0.013267892149923882,0.12352327060088854,0.8632088372491875
25730,LOF,0.013638768143686386,0.10471539640295223,0.8816458354533614
25731,LOF,0.007333241239834571,0.14981067413056293,0.8428560846296025
25732,LOF,0.01385296233600705,0.10088746523544759,0.8852595724285454
25733,LOF,0.018982819883098457,0.08146048991440244,0.8995566902024991
25734,LOF,0.005283734550300396,0.1418325174592924,0.8528837479904072
25735,LOF,0.016405506178567085,0.08239949754912691,0.9011949962723059
25736,LOF,0.015372870786332907,0.11898655849996716,0.8656405707136998
25737,LOF,0.02345782898946276,0.091745947225133,0.8847962237854042
25738,LOF,0.015251158129353,0.13505730519494535,0.8496915366757017
25739,LOF,0.022671562672799267,0.12024024540953836,0.8570881919176625
25740,LOF,0.03123488213946623,0.1329417126128497,0.8358234052476841
25741,LOF,0.018116088662915548,0.11208432344227601,0.8697995878948084
25742,LOF,0.11004938891669139,0.10582826235187659,0.784122348731432
25743,LOF,0.01630084130534781,0.03956104733019267,0.9441381113644595
25744,LOF,0.2153524784636491,0.37723569456833167,0.4074118269680192
25745,LOF,0.026420224597033422,0.05248239869457437,0.9210973767083923
25746,LOF,0.016044915301011473,0.06607924378223125,0.9178758409167573
25747,LOF,0.027291795859875533,0.03239216123905852,0.940316042901066
25748,LOF,0.15713264316160588,0.055374777342001434,0.7874925794963926
25749,LOF,0.01596336927361028,0.04496826929990691,0.9390683614264829
25750,LOF,0.0322009549690614,0.062031871682190494,0.9057671733487481
25751,LOF,0.11007115997381474,0.06076326426011722,0.8291655757660681
25752,GOF,0.10584788612552515,0.6368296803665717,0.25732243350790307
25753,LOF,0.007396249583964582,0.3939270437354259,0.5986767066806095
25754,GOF,0.005108469583010198,0.8620344667078302,0.13285706370915942
25755,LOF,0.010240339125557904,0.44399113199229573,0.5457685288821463
25756,LOF,0.04785563060281865,0.4513984449001626,0.5007459244970187
25757,GOF,0.006306905621009663,0.8651887167420924,0.12850437763689795
25758,GOF,0.006260331970697834,0.8582212911436452,0.1355183768856569
25759,GOF,0.0048881355693007325,0.5458637231389308,0.44924814129176843
25760,LOF,0.004843269722410484,0.31417089973009527,0.6809858305474943
25761,GOF,0.03970291388188509,0.8468841273290774,0.11341295878903765
25762,LOF,0.030632137766858518,0.3583938403491943,0.6109740218839472
25763,LOF,0.0061437341283198795,0.25058150759012743,0.7432747582815528
25764,GOF,0.15459893206132339,0.5266510292199155,0.3187500387187611
25765,GOF,0.011397266147087673,0.7956803391029195,0.1929223947499929
25766,GOF,0.01744982458205251,0.7865504241768356,0.19599975124111188
25767,LOF,0.02092579578671761,0.4827206989598039,0.49635350525347843
25768,LOF,0.08010838660730556,0.06381727536037128,0.8560743380323231
25769,LOF,0.07533017102827862,0.05232396039664946,0.8723458685750719
25770,LOF,0.24955496203179256,0.06098753044463637,0.689457507523571
25771,LOF,0.012330300284992221,0.06024893495055039,0.9274207647644575
25772,LOF,0.01657284226986231,0.024702032402657666,0.9587251253274799
25773,LOF,0.01008230118391719,0.09467201323370977,0.895245685582373
25774,LOF,0.024943593069671685,0.06807508892482303,0.9069813180055053
25775,LOF,0.01402254315037082,0.041048680037473396,0.9449287768121558
25776,LOF,0.08042106623526352,0.019943077186802913,0.8996358565779335
25777,LOF,0.2793334721757467,0.04585479657045777,0.6748117312537956
25778,LOF,0.06808844665327016,0.03632663431615476,0.895584919030575
25779,GOF,0.060630021486578305,0.8676081717274375,0.07176180678598416
25780,GOF,0.05514234480558205,0.8601920820577004,0.08466557313671756
25781,GOF,0.02328520533447095,0.8492058843004049,0.12750891036512418
25782,GOF,0.027619401912528197,0.8838042863978557,0.08857631168961595
25783,GOF,0.013034700616935508,0.6695792195749737,0.31738607980809075
25784,GOF,0.11738617222471948,0.8216791147512936,0.06093471302398686
25785,GOF,0.06312355182059225,0.8829101327354597,0.053966315443948115
25786,GOF,0.004854374130623286,0.8158578081324641,0.17928781773691257
25787,GOF,0.18919757781171959,0.7717685865115953,0.03903383567668523
25788,LOF,0.044612363156805133,0.14136994746068368,0.8140176893825111
25789,GOF,0.03416060646122287,0.824562699809565,0.1412766937292121
25790,GOF,0.036411082380779565,0.8651098176247364,0.09847909999448402
25791,GOF,0.02568287765489011,0.8221316657485354,0.15218545659657456
25792,GOF,0.04173641322088047,0.8264931292634954,0.13177045751562422
25793,GOF,0.09121386016333169,0.8064454277324569,0.1023407121042116
25794,GOF,0.09366208999712604,0.7236037858850358,0.1827341241178381
25795,GOF,0.02415400170475882,0.7649515008857702,0.2108944974094709
25796,GOF,0.1306515021945694,0.7590021259258972,0.11034637187953326
25797,GOF,0.03010091584338283,0.6254404107383966,0.34445867341822045
25798,GOF,0.0028624717743409144,0.5812834426189584,0.4158540856067008
25799,LOF,0.0026933151565199636,0.4684319492228053,0.5288747356206748
25800,GOF,0.00905296621769319,0.6508364797087703,0.3401105540735364
25801,GOF,0.02586410816297266,0.8285069874634774,0.14562890437354994
25802,GOF,0.017126337063283564,0.7606902561201316,0.22218340681658472
25803,GOF,0.009806893549934439,0.6653592518908894,0.3248338545591762
25804,GOF,0.010390066130596594,0.5473990717195641,0.44221086214983923
25805,GOF,0.01849316795155873,0.6453772549810328,0.3361295770674083
25806,GOF,0.01627439858905268,0.6961377384238637,0.2875878629870836
25807,GOF,0.004702638758860846,0.6730306589070221,0.3222667023341169
25808,GOF,0.012526859918029615,0.6797597010749035,0.3077134390070669
25809,GOF,0.005217203952716287,0.6650125266425962,0.32977026940468757
25810,GOF,0.004489272378304064,0.6754220533275557,0.32008867429414034
25811,GOF,0.06913798421085977,0.83439752882945,0.09646448695969037
25812,GOF,0.012414893846477348,0.6860804710371108,0.30150463511641185
25813,GOF,0.09129587275468232,0.7794978348200478,0.12920629242526993
25814,GOF,0.023387206886088505,0.7382773933466854,0.23833539976722604
25815,GOF,0.03698571414762684,0.7635184125688915,0.19949587328348156
25816,GOF,0.0071374497740194515,0.8307204638492582,0.16214208637672234
25817,GOF,0.0646065972779514,0.7769763729859679,0.15841702973608077
25818,GOF,0.01997383459071942,0.782773030009794,0.19725313539948655
25819,GOF,0.06397266758773916,0.7596328975394231,0.17639443487283774
25820,GOF,0.0295238811652931,0.748890987379117,0.22158513145559
25821,GOF,0.01648212761383252,0.7439817585439527,0.23953611384221474
25822,GOF,0.0317122916819484,0.7604986091239252,0.2077890991941265
25823,GOF,0.011341859391051541,0.6003254533724813,0.3883326872364673
25824,GOF,0.02048575143676072,0.7421608526049359,0.23735339595830326
25825,GOF,0.011929633561942135,0.7198473294980551,0.26822303694000277
25826,GOF,0.004921051557741346,0.6731125645685309,0.3219663838737278
25827,GOF,0.007573358110279056,0.6674635232117815,0.3249631186779394
25828,GOF,0.004640048838745233,0.6059085090894567,0.3894514420717981
25829,GOF,0.002811827942484226,0.6787338093216463,0.3184543627358695
25830,LOF,0.02974793024814762,0.40616857731595835,0.564083492435894
25831,GOF,0.031033403127319403,0.8463408158156185,0.12262578105706204
25832,GOF,0.007522192165768922,0.7819844742056193,0.21049333362861178
25833,GOF,0.02527973548003169,0.8224838396072218,0.15223642491274658
25834,GOF,0.007469742184749002,0.7931390693588177,0.1993911884564334
25835,GOF,0.016754039133354836,0.8409727127261624,0.14227324814048278
25836,GOF,0.005962783640376169,0.8009437715062703,0.19309344485335364
25837,GOF,0.00591730669809211,0.6922877326030589,0.30179496069884904
25838,GOF,0.01718304310423474,0.8545977903297608,0.12821916656600443
25839,GOF,0.03253587308525104,0.826103908283725,0.14136021863102372
25840,GOF,0.03521242665434297,0.8282802687861024,0.1365073045595547
25841,GOF,0.03236322480128345,0.8442984343059542,0.12333834089276235
25842,GOF,0.021133116533651873,0.8752733838667835,0.10359349959956446
25843,GOF,0.023975500946588558,0.8886167899839051,0.08740770906950623
25844,GOF,0.014412511557543861,0.8077248193586016,0.17786266908385456
25845,GOF,0.004972716962053992,0.6116701312463835,0.38335715179156266
25846,GOF,0.023825857039138736,0.8564297789633798,0.1197443639974815
25847,GOF,0.015416118980080752,0.8985834983521913,0.08600038266772807
25848,GOF,0.013562794670495355,0.8470199504001568,0.13941725492934778
25849,GOF,0.004591111451081711,0.7253888930134456,0.27001999553547285
25850,GOF,0.005938299966304608,0.7252117007966621,0.26884999923703334
25851,GOF,0.005148129996240334,0.6060443617715648,0.38880750823219484
25852,GOF,0.13452515530746142,0.5982192485883994,0.26725559610413924
25853,GOF,0.06643388193577367,0.8479285156236026,0.08563760244062373
25854,GOF,0.009194893941381737,0.6844957024754559,0.30630940358316233
25855,GOF,0.011032771274469113,0.6253980606184715,0.3635691681070594
25856,GOF,0.03252746237448178,0.7474540749536889,0.2200184626718292
25857,GOF,0.013344329114318055,0.5874990102473202,0.3991566606383618
25858,GOF,0.007300358254152246,0.5984548648765852,0.3942447768692625
25859,GOF,0.005057332969294404,0.5738943603650779,0.42104830666562754
25860,GOF,0.0670209825186292,0.81576620433886,0.11721281314251086
25861,GOF,0.10185759918605435,0.805665900007316,0.09247650080662974
25862,GOF,0.018387268614597232,0.8503557435963186,0.13125698778908412
25863,GOF,0.016764663774177253,0.8610003895574916,0.12223494666833115
25864,GOF,0.03406731051175616,0.8698027106742932,0.09612997881395076
25865,GOF,0.023422609849811312,0.8341947534057625,0.14238263674442617
25866,GOF,0.02064882226960451,0.8404464525689221,0.13890472516147337
25867,GOF,0.02444086085519705,0.8643470450371591,0.1112120941076438
25868,GOF,0.044787679715388606,0.8150359664139609,0.14017635387065047
25869,GOF,0.31372613112087927,0.6048004180195568,0.08147345085956398
25870,GOF,0.17319498958649246,0.5837228570858636,0.243082153327644
25871,GOF,0.02034802700974271,0.8856282256704593,0.09402374731979787
25872,GOF,0.016465273703659546,0.8642117714119496,0.11932295488439078
25873,GOF,0.016576534903490224,0.8825257741051699,0.1008976909913399
25874,LOF,0.01617647079786879,0.15664506330057718,0.8271784659015541
25875,LOF,0.03046310334575996,0.03870811578850072,0.9308287808657393
25876,LOF,0.014343116511972707,0.03032556513839624,0.955331318349631
25877,LOF,0.11699376487645254,0.06506573155034594,0.8179405035732016
25878,LOF,0.05148396334461623,0.0898648061210189,0.8586512305343649
25879,LOF,0.02154623580227184,0.07438439886776277,0.9040693653299653
25880,LOF,0.0448539923197698,0.00910050290677586,0.9460455047734544
25881,Neutral,0.559963337010408,0.07581674530175825,0.36421991768783385
25882,LOF,0.021777833083058352,0.0478065701080186,0.930415596808923
25883,LOF,0.05189568180996796,0.028427972593974494,0.9196763455960575
25884,LOF,0.010806069127304625,0.060124403870066075,0.9290695270026292
25885,LOF,0.1879632618516517,0.010603888127943025,0.8014328500204053
25886,LOF,0.2013774411596807,0.05819448977313332,0.740428069067186
25887,LOF,0.15702349399449347,0.07311539240858946,0.769861113596917
25888,LOF,0.011901070623066713,0.15027395774651825,0.837824971630415
25889,LOF,0.015938499421464487,0.03950715260949123,0.9445543479690443
25890,LOF,0.11844701817809787,0.10871197338957495,0.7728410084323273
25891,LOF,0.050877321660690825,0.05585229064338708,0.8932703876959222
25892,LOF,0.010822379926834734,0.04585773888549481,0.9433198811876705
25893,LOF,0.370017859495162,0.014516177557142474,0.6154659629476954
25894,LOF,0.4361825027470942,0.008659669088139336,0.5551578281647666
25895,LOF,0.368582941157506,0.016466552059967377,0.6149505067825267
25896,LOF,0.04464717417685855,0.03416945229457024,0.9211833735285712
25897,LOF,0.1859330956927604,0.014396128547038319,0.7996707757602013
25898,LOF,0.21854919143269427,0.0428329954919732,0.7386178130753325
25899,LOF,0.24861661638995955,0.03541071092522326,0.7159726726848172
25900,LOF,0.4603951745548923,0.012470763663820723,0.5271340617812871
25901,LOF,0.04917269360756045,0.014797558920729677,0.9360297474717099
25902,LOF,0.10015028105323616,0.02107274102355758,0.8787769779232062
25903,LOF,0.3509929509160767,0.035081453164026215,0.6139255959198971
25904,Neutral,0.4898691993240639,0.04488647405809733,0.4652443266178387
25905,LOF,0.007440162872291004,0.40368321393508394,0.5888766231926251
25906,LOF,0.007801582928346479,0.10586949320617,0.8863289238654836
25907,LOF,0.0042680898964868085,0.3304289041694762,0.6653030059340369
25908,LOF,0.00422189243776918,0.21147763783982143,0.7843004697224094
25909,LOF,0.01712650982497736,0.13991027768566658,0.842963212489356
25910,LOF,0.01720376358471291,0.14154071547570068,0.8412555209395863
25911,LOF,0.1819347568402426,0.02654230496548513,0.7915229381942723
25912,LOF,0.07099973375269544,0.05238122665984758,0.876619039587457
25913,LOF,0.06352866746469335,0.0542894121241938,0.8821819204111129
25914,LOF,0.02240262788929685,0.06844481801013347,0.9091525541005698
25915,LOF,0.12286469007915,0.3049505686783655,0.5721847412424844
25916,LOF,0.019798008761502086,0.19770481742499568,0.7824971738135024
25917,LOF,0.05814779766110104,0.050382666184026544,0.8914695361548725
25918,LOF,0.027841257199763852,0.04078367499921136,0.9313750678010247
25919,LOF,0.02360621107262867,0.03980525435895819,0.9365885345684131
25920,LOF,0.11630310817937276,0.22294840731049217,0.660748484510135
25921,LOF,0.009324753824784936,0.035114321347496764,0.9555609248277184
25922,LOF,0.011807435985799265,0.02792566457979301,0.9602668994344078
25923,LOF,0.4029117210484968,0.03682811896179971,0.5602601599897035
25924,LOF,0.0164853477793417,0.04140590746994351,0.9421087447507148
25925,LOF,0.07036882320310482,0.0501153361633231,0.8795158406335721
25926,LOF,0.04949286710726477,0.04756393909809918,0.9029431937946362
25927,LOF,0.021553251987191414,0.0580900728360226,0.9203566751767861
25928,LOF,0.007069980721722675,0.04639924199638464,0.9465307772818927
25929,LOF,0.47105703699867585,0.03473855985651183,0.4942044031448125
25930,LOF,0.08249469811531229,0.029795561327862832,0.8877097405568248
25931,LOF,0.00943419508978421,0.03243477819336679,0.9581310267168491
25932,LOF,0.03436641183715843,0.026015827043235074,0.9396177611196065
25933,LOF,0.04193521003665483,0.017730393201786418,0.9403343967615588
25934,LOF,0.028871811798326773,0.018269965336935406,0.9528582228647379
25935,LOF,0.06874311409253624,0.05370883182896858,0.8775480540784951
25936,LOF,0.04101536929315949,0.020575644860168402,0.9384089858466721
25937,LOF,0.008929450678516915,0.03179326992267812,0.9592772793988049
25938,LOF,0.06633679370922689,0.05114444337036761,0.8825187629204054
25939,LOF,0.033621215213267545,0.02214151909994828,0.9442372656867841
25940,LOF,0.008530529647271556,0.35571619304367363,0.6357532773090548
25941,Neutral,0.5479302854513253,0.027631243073684145,0.4244384714749905
25942,LOF,0.0055347558154734515,0.04307870985147625,0.9513865343330503
25943,LOF,0.03534638002441061,0.14029994264402082,0.8243536773315686
25944,LOF,0.12250089465309488,0.0682298718104211,0.8092692335364841
25945,LOF,0.06079896559969882,0.019076102294497223,0.9201249321058039
25946,LOF,0.07118636827400587,0.044615986611974474,0.8841976451140198
25947,Neutral,0.5077931890465264,0.08676221821602284,0.40544459273745087
25948,LOF,0.33813266328796393,0.010528404826874473,0.6513389318851616
25949,LOF,0.09009397779027917,0.05906463838024512,0.8508413838294757
25950,GOF,0.04591616439799432,0.6025017767501338,0.3515820588518718
25951,LOF,0.012510157118853454,0.4256679441879089,0.5618218986932376
25952,LOF,0.24006586462748306,0.2917005130069745,0.46823362236554245
25953,LOF,0.011902178014444638,0.19513923948450282,0.7929585825010527
25954,LOF,0.048242577374131686,0.42570474890798354,0.5260526737178847
25955,LOF,0.010930440756961646,0.1385333414123086,0.8505362178307297
25956,LOF,0.028844165841243306,0.28715095241065386,0.6840048817481028
25957,LOF,0.20949332693240702,0.03953925184490084,0.7509674212226921
25958,LOF,0.051180421163587786,0.033372288228577275,0.9154472906078348
25959,GOF,0.014321828943446056,0.4958410494412252,0.48983712161532866
25960,LOF,0.005085869183688491,0.0586869599461726,0.9362271708701388
25961,LOF,0.04935852334395827,0.03012440917033378,0.9205170674857078
25962,LOF,0.03324716417141057,0.08274054345382867,0.8840122923747608
25963,LOF,0.006185144836049842,0.2590522413187085,0.7347626138452417
25964,LOF,0.02853238454610554,0.1017945253472859,0.8696730901066085
25965,LOF,0.30060539488772525,0.13347715850900232,0.5659174466032724
25966,LOF,0.4103548052316988,0.1213747562697892,0.468270438498512
25967,LOF,0.005806763420336233,0.06902300390107133,0.9251702326785924
25968,LOF,0.04644438635681101,0.22226376170359213,0.7312918519395969
25969,LOF,0.126655101653602,0.05867321843070869,0.8146716799156893
25970,LOF,0.019156299337242125,0.08820600697216326,0.8926376936905945
25971,LOF,0.06310166020714032,0.03086489350413463,0.906033446288725
25972,LOF,0.05464181466403849,0.04026056638074254,0.9050976189552189
25973,LOF,0.0595781249548269,0.012799101670538876,0.9276227733746343
25974,LOF,0.041337447335461165,0.03974678434743974,0.9189157683170991
25975,LOF,0.04375656124341627,0.02544583150522812,0.9307976072513556
25976,LOF,0.1129205930700191,0.013292368533789642,0.8737870383961913
25977,LOF,0.2144024231607077,0.05551717731016368,0.7300803995291286
25978,LOF,0.13048663974373603,0.1613779882023944,0.7081353720538696
25979,LOF,0.118467486918828,0.16842368898450705,0.7131088240966649
25980,LOF,0.23056938073701658,0.17034550598819875,0.5990851132747846
25981,LOF,0.23083295785340704,0.17155130814093097,0.597615734005662
25982,LOF,0.3673009918817873,0.12161927375033418,0.5110797343678786
25983,LOF,0.3738322688728162,0.14463695653540784,0.4815307745917759
25984,LOF,0.03531572560282642,0.07302064028827111,0.8916636341089024
25985,LOF,0.399020415556126,0.13023256704847785,0.47074701739539626
25986,LOF,0.01192291053952825,0.45166680340581733,0.5364102860546544
25987,LOF,0.038967990067934485,0.12669628256857227,0.8343357273634934
25988,LOF,0.13111419564718782,0.1304509033187626,0.7384349010340495
25989,LOF,0.03892583627671935,0.17470521987929719,0.7863689438439835
25990,LOF,0.03904264278588807,0.26571333190074004,0.6952440253133719
25991,LOF,0.02272265801102312,0.33360084726638256,0.6436764947225944
25992,LOF,0.02609967302154817,0.3453345016408847,0.6285658253375671
25993,LOF,0.02158576659463405,0.08853617813836086,0.8898780552670051
25994,LOF,0.016806964118691026,0.08345261113016095,0.8997404247511481
25995,LOF,0.017594058144128014,0.15692138924583113,0.8254845526100408
25996,LOF,0.3325108026396964,0.30655249241189375,0.36093670494840974
25997,LOF,0.07731214286060273,0.3392370904199172,0.58345076671948
25998,LOF,0.3345269257671414,0.05648350554139684,0.6089895686914618
25999,LOF,0.021298094073658427,0.246848764774667,0.7318531411516747
26000,LOF,0.1488638385335853,0.036301858688307015,0.8148343027781078
26001,LOF,0.31188890531653457,0.03007159198518219,0.6580395026982833
26002,LOF,0.07273913402950417,0.06128107923874343,0.8659797867317525
26003,GOF,0.003840230466430783,0.6312600484002964,0.3648997211332728
26004,GOF,0.006115373828375295,0.724589311359722,0.2692953148119026
26005,GOF,0.0030567845258570475,0.5262411299528184,0.47070208552132475
26006,GOF,0.0793174170229002,0.6135652096526558,0.30711737332444405
26007,GOF,0.006426053684168566,0.5904022990584572,0.4031716472573742
26008,GOF,0.0048863146133315055,0.6681897015911087,0.32692398379555987
26009,GOF,0.00619667201761765,0.6975750314263223,0.2962282965560602
26010,GOF,0.006894866419081527,0.6965756871813772,0.29652944639954126
26011,LOF,0.0028876837264000853,0.4841082558285359,0.5130040604450641
26012,GOF,0.0038757097195492875,0.5593870733648172,0.43673721691563344
26013,GOF,0.004333452573703806,0.6069977310320197,0.3886688163942765
26014,LOF,0.03824625261135458,0.11650076691585384,0.8452529804727916
26015,LOF,0.1469072422508865,0.021986173691897235,0.8311065840572163
26016,LOF,0.2643935443734722,0.03845967883282851,0.6971467767936993
26017,LOF,0.023389534203440764,0.20093512335445918,0.7756753424421
26018,LOF,0.05107170130357913,0.037695797816640876,0.9112325008797799
26019,LOF,0.05012839096568481,0.033589767163137337,0.9162818418711778
26020,LOF,0.009036915533921537,0.19211525432457377,0.7988478301415047
26021,LOF,0.06508509251356018,0.06949880453105999,0.8654161029553799
26022,LOF,0.02843646339442209,0.024232227584607326,0.9473313090209705
26023,LOF,0.040977105123939234,0.022548515360586167,0.9364743795154746
26024,LOF,0.04300883552239467,0.06451398492484535,0.89247717955276
26025,LOF,0.051256532563217376,0.0743665017560096,0.874376965680773
26026,LOF,0.08486780249168306,0.05700897467269513,0.8581232228356219
26027,LOF,0.043452125640138235,0.018753709900649493,0.9377941644592124
26028,LOF,0.09346384349953919,0.13220614283602666,0.7743300136644341
26029,LOF,0.02331492294642466,0.23222401879123958,0.7444610582623358
26030,LOF,0.15364792568127666,0.03491881303373937,0.8114332612849839
26031,LOF,0.013980114868011729,0.16970844000173058,0.8163114451302577
26032,LOF,0.06585813959349067,0.08481955755420699,0.8493223028523024
26033,LOF,0.08231562173418196,0.07405591594835466,0.8436284623174634
26034,LOF,0.016846725080809057,0.17552953466865426,0.8076237402505367
26035,LOF,0.014915986126191343,0.12836441335572185,0.8567196005180867
26036,LOF,0.016723435621996796,0.15917166272352565,0.8241049016544775
26037,LOF,0.013540383880553843,0.11307528134783146,0.8733843347716148
26038,LOF,0.05486805809010028,0.07521911191141507,0.8699128299984846
26039,LOF,0.02818638362339569,0.16108226293611988,0.8107313534404844
26040,LOF,0.10992874415293105,0.152122474857741,0.7379487809893279
26041,LOF,0.01663363677166306,0.09407945385204602,0.889286909376291
26042,LOF,0.01464744015746542,0.09938286824227772,0.885969691600257
26043,LOF,0.05393474188958836,0.09423290004991945,0.8518323580604922
26044,LOF,0.012067859161013056,0.07447895622370984,0.9134531846152771
26045,LOF,0.05184945826153958,0.11443504771606872,0.8337154940223918
26046,LOF,0.047824187298824115,0.07529464802319787,0.876881164677978
26047,LOF,0.07860281169488235,0.07508237895233681,0.8463148093527808
26048,LOF,0.04503759286494854,0.051248865816772064,0.9037135413182793
26049,Neutral,0.9639650157996725,0.007421141949307676,0.0286138422510199
26050,Neutral,0.9523799730499442,0.00812821917551859,0.03949180777453726
26051,LOF,0.013662789445675855,0.1376783250714899,0.8486588854828343
26052,LOF,0.020435263833055214,0.17277777205405612,0.8067869641128886
26053,LOF,0.02237070452451453,0.13773777278346866,0.8398915226920168
26054,LOF,0.04143648537737457,0.021764089861720556,0.9367994247609048
26055,LOF,0.05607203060660591,0.01761871705218988,0.9263092523412043
26056,LOF,0.04704443863052749,0.021823971092279175,0.9311315902771934
26057,LOF,0.0293507685067748,0.015007860408738206,0.955641371084487
26058,LOF,0.030498524096556304,0.012621268025721086,0.9568802078777225
26059,LOF,0.31159832633173296,0.02061944611057893,0.667782227557688
26060,LOF,0.011433114885629798,0.18724383571932438,0.8013230493950458
26061,LOF,0.0050163466339384665,0.016379111714378763,0.9786045416516829
26062,LOF,0.0037049962581015986,0.023998214787155605,0.9722967889547427
26063,LOF,0.021171040407658697,0.012793815740440497,0.9660351438519008
26064,LOF,0.005029170983449339,0.03601387809359683,0.9589569509229539
26065,LOF,0.023553102420297633,0.013727818087261819,0.9627190794924406
26066,LOF,0.022957648271414423,0.012476061358966237,0.9645662903696195
26067,LOF,0.027317528758951857,0.01070444606563092,0.9619780251754171
26068,LOF,0.03878533911785264,0.04830926880180283,0.9129053920803446
26069,LOF,0.28125636542802473,0.023692599491830155,0.6950510350801451
26070,LOF,0.43231589185095654,0.01885940420355065,0.5488247039454928
26071,LOF,0.022355951214712764,0.013516522627029348,0.9641275261582579
26072,LOF,0.004663917673482096,0.028394357848861802,0.966941724477656
26073,LOF,0.020585573405751175,0.015760400063587733,0.963654026530661
26074,Neutral,0.9143785858903443,0.007410275477389643,0.07821113863226613
26075,LOF,0.03819546486981308,0.022086233661728332,0.9397183014684586
26076,LOF,0.033711178678703976,0.011960714947933817,0.9543281063733623
26077,LOF,0.11946893090201915,0.010271000262353353,0.8702600688356276
26078,LOF,0.004926996944640981,0.017513511147353493,0.9775594919080055
26079,LOF,0.04766294824368899,0.0246317207606877,0.9277053309956232
26080,LOF,0.04608853166858203,0.024673013817492834,0.9292384545139252
26081,LOF,0.02760632915919037,0.009685132931868385,0.9627085379089413
26082,LOF,0.003287819677651521,0.020658793532118823,0.9760533867902296
26083,LOF,0.10896400899789241,0.019721911362720793,0.8713140796393868
26084,LOF,0.039193380171195724,0.016390581795304202,0.9444160380335002
26085,LOF,0.03488559437395941,0.01451821833569617,0.9505961872903443
26086,LOF,0.021334223943311702,0.01323158906763016,0.965434186989058
26087,LOF,0.020132040150823885,0.011134333514559327,0.9687336263346169
26088,LOF,0.005058198710996092,0.02236448193787431,0.9725773193511297
26089,LOF,0.03626795383635733,0.025558251134976704,0.9381737950286659
26090,LOF,0.03681324008727055,0.020965549452006668,0.9422212104607227
26091,LOF,0.026662428164196433,0.008354975753895192,0.9649825960819083
26092,LOF,0.0219605134829683,0.00981394662086524,0.9682255398961666
26093,LOF,0.039613361551930536,0.007473375856700133,0.9529132625913692
26094,LOF,0.031812090211386077,0.0076289242389356166,0.9605589855496783
26095,LOF,0.01645161792463665,0.020226032756851066,0.9633223493185122
26096,LOF,0.17085967066682017,0.006808559179949029,0.8223317701532308
26097,LOF,0.004752955012473238,0.03662365482633595,0.9586233901611908
26098,LOF,0.07571497178312131,0.018491144811949935,0.9057938834049288
26099,LOF,0.0213139854009627,0.017198938984571928,0.9614870756144653
26100,LOF,0.0213139854009627,0.017198938984571928,0.9614870756144653
26101,LOF,0.051967008018568316,0.02425876656906036,0.9237742254123714
26102,LOF,0.019847482064294847,0.016605905586807683,0.9635466123488975
26103,Neutral,0.8323850039562767,0.024637061335526348,0.14297793470819692
26104,LOF,0.05914967812724083,0.027848589988756906,0.9130017318840024
26105,LOF,0.22445647743230734,0.19698646539131717,0.5785570571763755
26106,LOF,0.33713556366565145,0.13889872469460413,0.5239657116397444
26107,LOF,0.01851661882539213,0.11375381536594294,0.8677295658086649
26108,LOF,0.3322668942063116,0.048226030231316996,0.6195070755623714
26109,LOF,0.03972731936716346,0.0635223656770983,0.8967503149557382
26110,LOF,0.20909216011661688,0.007892373769888557,0.7830154661134946
26111,LOF,0.06633556858678626,0.09416898330652632,0.8394954481066873
26112,LOF,0.034250359459567586,0.00788574461968234,0.95786389592075
26113,LOF,0.060853834002006835,0.016563246167888148,0.922582919830105
26114,LOF,0.08572165873538741,0.012419773465619696,0.9018585677989929
26115,LOF,0.020154156586316984,0.07064771758421359,0.9091981258294694
26116,LOF,0.10718379949222272,0.04178210524183414,0.8510340952659432
26117,LOF,0.40749818693207046,0.03415450082958276,0.5583473122383468
26118,LOF,0.030958860351638192,0.017731844583535362,0.9513092950648264
26119,LOF,0.005383467579914953,0.03517320721265744,0.9594433252074275
26120,LOF,0.025444959805340398,0.016795043490966752,0.9577599967036928
26121,LOF,0.004443231552343323,0.12645432220540487,0.8691024462422519
