feature0,prediction,LoGoFunc_Neutral,LoGoFunc_GOF,LoGoFunc_LOF
25546,Neutral,0.687667743074663,0.06593505718572719,0.24639719973960977
25547,Neutral,0.5071430349614702,0.12320046652255498,0.3696564985159748
25548,Neutral,0.5049599346995728,0.0963773995361769,0.39866266576425025
25549,LOF,0.4379138978721299,0.0953885565819619,0.4666975455459082
25550,LOF,0.35441486987390114,0.15073493538876426,0.49485019473733455
25551,LOF,0.2613722297294366,0.17370432613796447,0.564923444132599
25552,LOF,0.19569949904574666,0.1623997609349952,0.6419007400192582
25553,Neutral,0.7966838078537036,0.05324949541098361,0.15006669673531273
25554,LOF,0.2258601894713525,0.1595925802785093,0.6145472302501382
25555,LOF,0.19088834714233818,0.13562323692147227,0.6734884159361895
25556,LOF,0.39590539855479745,0.14297278772416872,0.4611218137210338
25557,LOF,0.18093429753024742,0.14516374507331234,0.6739019573964403
25558,LOF,0.21828451581467076,0.1630591787439375,0.6186563054413917
25559,LOF,0.19086055399862084,0.14915060709417474,0.6599888389072044
25560,LOF,0.07534748243679515,0.1350471420804948,0.78960537548271
25561,LOF,0.15386980299662167,0.1256874812253254,0.7204427157780529
25562,LOF,0.07050162842109742,0.0851416038826753,0.8443567676962274
25563,LOF,0.09781319893890766,0.0847116817690194,0.8174751192920728
25564,LOF,0.22323962086481416,0.15122386515641986,0.625536513978766
25565,LOF,0.13771812493877986,0.13434583850656773,0.7279360365546526
25566,GOF,0.017713017116054473,0.7860203940798557,0.1962665888040898
25567,LOF,0.016765823966532263,0.21324513545525686,0.7699890405782109
25568,LOF,0.052755639136042955,0.08170562447991879,0.8655387363840383
25569,LOF,0.05317131563381631,0.0857295742000397,0.861099110166144
25570,LOF,0.030567391094031553,0.11631806842213949,0.853114540483829
25571,LOF,0.029880118722064242,0.1136314160751826,0.8564884652027532
25572,LOF,0.0328486251900094,0.14456304366176315,0.8225883311482275
25573,LOF,0.023623838447053756,0.1197593288135601,0.8566168327393862
25574,LOF,0.01775052328479596,0.1949977265130611,0.787251750202143
25575,LOF,0.023723593997986764,0.12090186895754092,0.8553745370444722
25576,LOF,0.011193071361482227,0.1646969595906664,0.8241099690478515
25577,LOF,0.010257548694693993,0.1364168868285889,0.853325564476717
25578,LOF,0.2702524838038878,0.1053454844141983,0.6244020317819138
25579,LOF,0.1555524497087292,0.11382182623025028,0.7306257240610204
25580,LOF,0.01822720416170738,0.0935165209497103,0.8882562748885823
25581,LOF,0.040710153712764346,0.0909353174455197,0.8683545288417159
25582,LOF,0.04050639764923807,0.09022061168573048,0.8692729906650314
25583,LOF,0.02043936232020091,0.10356919586792733,0.8759914418118718
25584,Neutral,0.518050268083757,0.11674759029137936,0.3652021416248637
25585,LOF,0.012436599019357298,0.16032013038495954,0.8272432705956831
25586,LOF,0.016435569155071002,0.08747543189512576,0.8960889989498033
25587,LOF,0.01682764605789966,0.08311491340026138,0.900057440541839
25588,LOF,0.017331646204665315,0.09556734789778996,0.8871010058975447
25589,Neutral,0.5945463230316578,0.15310629457741082,0.2523473823909314
25590,LOF,0.01834544593200692,0.13572998942180017,0.8459245646461929
25591,LOF,0.07821295838239112,0.06972894096620351,0.8520581006514054
25592,LOF,0.04626786022490716,0.1484311618815341,0.8053009778935588
25593,LOF,0.02352794133762804,0.2930963063452699,0.683375752317102
25594,LOF,0.038771855464050146,0.10761254716570526,0.8536155973702446
25595,LOF,0.04117248733530372,0.0738665309949329,0.8849609816697633
25596,LOF,0.0537386658209269,0.0646639296158923,0.8815974045631807
25597,LOF,0.037926614065974036,0.07841526084225019,0.8836581250917759
25598,LOF,0.03621610081650093,0.08665779023451739,0.8771261089489818
25599,GOF,0.0075079776928132546,0.5535857379400165,0.4389062843671703
25600,GOF,0.025446057584403485,0.5959836843344324,0.37857025808116407
25601,LOF,0.013778113197629525,0.44397969649996016,0.5422421903024103
25602,LOF,0.013037500363142628,0.057938828922796726,0.9290236707140607
25603,LOF,0.059181766667045464,0.020371175811187053,0.9204470575217675
25604,LOF,0.01500275793805535,0.08085933689446724,0.9041379051674775
25605,LOF,0.007893464118535245,0.22265850265263987,0.7694480332288248
25606,LOF,0.10892961787009404,0.38228963083671996,0.508780751293186
25607,LOF,0.004828334676804178,0.23666891811791924,0.7585027472052766
25608,LOF,0.01218935291526372,0.10309620899784983,0.8847144380868864
25609,LOF,0.07111402590186136,0.376078836855874,0.5528071372422647
25610,LOF,0.01993586343843055,0.029422239839488187,0.9506418967220813
25611,LOF,0.020605245053457594,0.029076699623423536,0.9503180553231189
25612,LOF,0.06894082996843055,0.039846434334779246,0.8912127356967903
25613,LOF,0.06134794277533866,0.04227586431580863,0.8963761929088527
25614,LOF,0.02545549320314681,0.0335410494006546,0.9410034573961985
25615,LOF,0.0187187524325653,0.04549114115670607,0.9357901064107286
25616,LOF,0.060506299784592585,0.030470741128474154,0.9090229590869332
25617,LOF,0.05797495023961815,0.03419580574174452,0.9078292440186373
25618,LOF,0.07354511929592591,0.038197716336781526,0.8882571643672926
25619,LOF,0.01868756342100444,0.035258277079825755,0.9460541594991699
25620,LOF,0.0696471254409168,0.038888819346578,0.8914640552125053
25621,LOF,0.019175449482914,0.040436379985660596,0.9403881705314253
25622,LOF,0.02386395474716581,0.04392565123737421,0.93221039401546
25623,LOF,0.04123796703010264,0.030456599915666103,0.9283054330542312
25624,LOF,0.02182774586552206,0.04123544829029299,0.936936805844185
25625,LOF,0.025854844084199538,0.05182165305370246,0.9223235028620981
25626,LOF,0.054741654950504,0.03803044006587801,0.9072279049836179
25627,Neutral,0.6028090373151469,0.09881085357003135,0.29838010911482166
25628,LOF,0.2081696088575977,0.0503836914414801,0.7414466997009223
25629,LOF,0.039931418576172766,0.052486826932670726,0.9075817544911565
25630,LOF,0.14077623652046903,0.08604408331670846,0.7731796801628226
25631,Neutral,0.6226291988568831,0.059082745673860335,0.31828805546925665
25632,LOF,0.00794944693387053,0.07646296267954461,0.9155875903865849
25633,LOF,0.2618145442844402,0.05193634401836501,0.6862491116971948
25634,LOF,0.027626997281242995,0.10609172064354863,0.8662812820752084
25635,LOF,0.03337189133170644,0.05937480964651276,0.9072532990217808
25636,GOF,0.005811870641855884,0.5998793057271438,0.39430882363100034
25637,GOF,0.007268400586996763,0.6197604931475504,0.3729711062654527
25638,LOF,0.01193883329308341,0.2980613771348516,0.689999789572065
25639,LOF,0.005617702575912466,0.4766574273174547,0.5177248701066328
25640,GOF,0.4505241130478358,0.4533235839307466,0.0961523030214175
25641,LOF,0.012051502701098622,0.3212900018548426,0.6666584954440589
25642,LOF,0.2599693709298405,0.06472918825981597,0.6753014408103435
25643,LOF,0.1363716578841344,0.15632715835673863,0.707301183759127
25644,LOF,0.009617970158316327,0.45929230185017705,0.5310897279915067
25645,LOF,0.007706746393545872,0.423176096449918,0.5691171571565362
25646,LOF,0.012597200707283415,0.30509589944023346,0.682306899852483
25647,LOF,0.01084852972696343,0.25244578233870124,0.7367056879343352
25648,LOF,0.008851621149717603,0.24785853801268937,0.7432898408375931
25649,LOF,0.007778809162790962,0.19643665947563854,0.7957845313615703
25650,LOF,0.013140997048026848,0.38280923340717254,0.6040497695448006
25651,LOF,0.005793252165767427,0.2611821493584761,0.7330245984757564
25652,LOF,0.00940732124322244,0.24768913291508887,0.7429035458416887
25653,LOF,0.02841511609088787,0.3563139973904893,0.6152708865186228
25654,LOF,0.010255861301749089,0.13217282953189768,0.8575713091663533
25655,LOF,0.047781514687403,0.405364994744679,0.546853490567918
25656,LOF,0.16998264733646226,0.046043494910935824,0.7839738577526019
25657,LOF,0.25034542388615766,0.02673171108125087,0.7229228650325915
25658,LOF,0.07026139934414867,0.06682237716939518,0.8629162234864561
25659,LOF,0.3818576769519917,0.05856028326485993,0.5595820397831485
25660,LOF,0.032324875495209134,0.09897635885142347,0.8686987656533673
25661,LOF,0.09956830676467959,0.06461349897016419,0.8358181942651562
25662,LOF,0.025616363066735686,0.043018428265901784,0.9313652086673626
25663,LOF,0.033003989562541095,0.06833205871594962,0.8986639517215093
25664,LOF,0.03777046287391939,0.07523354279145104,0.8869959943346295
25665,LOF,0.05122275970088476,0.03637807479796163,0.9123991655011536
25666,LOF,0.04002942784022838,0.09561213966941538,0.8643584324903563
25667,LOF,0.0722083017652281,0.050611433106699646,0.8771802651280722
25668,LOF,0.027017494022340584,0.05309453056419026,0.9198879754134691
25669,LOF,0.028923425084035483,0.08106889463462237,0.8900076802813423
25670,LOF,0.06088525036765015,0.06496508013113618,0.8741496695012136
25671,LOF,0.08621770009384741,0.04174920334680391,0.8720330965593487
25672,LOF,0.052091962237492614,0.049398281026944206,0.8985097567355631
25673,LOF,0.027186264529233874,0.06249631815304492,0.9103174173177212
25674,LOF,0.021081749345071198,0.07365734802112524,0.9052609026338035
25675,LOF,0.036767509251637076,0.071196149449005,0.8920363412993578
25676,LOF,0.02071046566614252,0.05977606982498635,0.9195134645088712
25677,LOF,0.03162725231609149,0.07496914332550887,0.8934036043583997
25678,LOF,0.20046990932689715,0.059102196806874015,0.7404278938662288
25679,LOF,0.17170575618393882,0.07747351627287746,0.7508207275431837
25680,LOF,0.03746038793980978,0.11657693873747918,0.845962673322711
25681,LOF,0.0604887815643407,0.1125607587204894,0.82695045971517
25682,LOF,0.11923314309745688,0.07895646686054165,0.8018103900420015
25683,LOF,0.07903593931119701,0.11889379863896311,0.8020702620498399
25684,LOF,0.04423668594300274,0.081944290771306,0.8738190232856913
25685,LOF,0.07529755836899858,0.062431161820274236,0.8622712798107272
25686,LOF,0.028073686719639692,0.08956921177727782,0.8823571015030824
25687,LOF,0.04647804563924295,0.0772878340777362,0.876234120283021
25688,LOF,0.047389780793730685,0.04402426231268995,0.9085859568935793
25689,LOF,0.024710622562193536,0.05317463104054879,0.9221147463972578
25690,LOF,0.029386963736030523,0.042839071900484256,0.9277739643634851
25691,LOF,0.22390235940794684,0.06450631151528727,0.7115913290767658
25692,LOF,0.27925952653839187,0.006655723596812564,0.7140847498647955
25693,LOF,0.07780403587054696,0.2501240256130017,0.6720719385164513
25694,LOF,0.24566391400164128,0.01306105008488917,0.7412750359134695
25695,LOF,0.1627449946431837,0.025713746844041676,0.8115412585127746
25696,LOF,0.11463211167111573,0.011671296385228546,0.8736965919436558
25697,LOF,0.08134010613650883,0.0262471044552153,0.8924127894082758
25698,LOF,0.048814562836870135,0.4495816264755126,0.5016038106876173
25699,LOF,0.07368108533253896,0.09870786446698875,0.8276110502004723
25700,LOF,0.06702566949505054,0.009406704532591034,0.9235676259723583
25701,LOF,0.016018108354439387,0.08451630821511598,0.8994655834304447
25702,GOF,0.030631896139204272,0.708821114161053,0.2605469896997426
25703,LOF,0.008231659856487168,0.180051239085647,0.8117171010578658
25704,LOF,0.045628408073707494,0.16349098763683823,0.7908806042894544
25705,LOF,0.05953334521578997,0.22776563465435015,0.7127010201298598
25706,GOF,0.03190571817574956,0.5270099208547779,0.44108436096947257
25707,GOF,0.025086974693640237,0.49011144778610094,0.4848015775202588
25708,LOF,0.008097388396081918,0.39811867006444907,0.593783941539469
25709,LOF,0.06010231697000217,0.05295939714638925,0.8869382858836087
25710,LOF,0.0056192420928389735,0.14615318441794364,0.8482275734892174
25711,LOF,0.02077356664116404,0.11130879737056673,0.8679176359882692
25712,LOF,0.007492951701568771,0.1721126703424987,0.8203943779559325
25713,LOF,0.01911271734032352,0.0971711760375533,0.8837161066221232
25714,LOF,0.07211155762161255,0.1301832267418683,0.7977052156365191
25715,LOF,0.013870918874716347,0.1376278021887769,0.8485012789365068
25716,LOF,0.00658301573167772,0.11161936399013501,0.8817976202781872
25717,LOF,0.005838799974218203,0.09863501615750316,0.8955261838682786
25718,LOF,0.014701243322111006,0.08781421560351674,0.8974845410743723
25719,LOF,0.02355776381371797,0.09035350505218148,0.8860887311341006
25720,LOF,0.024579297208140814,0.07717412729521422,0.8982465754966451
25721,LOF,0.01668557763915518,0.11402133722356816,0.8692930851372768
25722,LOF,0.014401054650512134,0.14311448858016348,0.8424844567693244
25723,LOF,0.020572518610564874,0.06797990552164541,0.9114475758677897
25724,LOF,0.022330114137243836,0.10162385466699236,0.8760460311957637
25725,LOF,0.014403744188359931,0.07553980334130721,0.9100564524703327
25726,LOF,0.012411596972262568,0.09721083507884315,0.8903775679488943
25727,LOF,0.015347227098933101,0.08417639962333787,0.9004763732777291
25728,LOF,0.013153815093333354,0.10769132682771858,0.879154858078948
25729,LOF,0.013551773259655434,0.11042130961969288,0.8760269171206517
25730,LOF,0.014148804599063366,0.09379429891384454,0.8920568964870922
25731,LOF,0.008400946266819122,0.12999143056292456,0.8616076231702563
25732,LOF,0.013924052067630659,0.08860853273301597,0.8974674151993535
25733,LOF,0.019481238056846883,0.07815297476848847,0.9023657871746646
25734,LOF,0.005831545193356059,0.1299244863423467,0.8642439684642973
25735,LOF,0.016145342065275337,0.07731188974884506,0.9065427681858796
25736,LOF,0.01519170541450379,0.12279395521895148,0.8620143393665446
25737,LOF,0.024366528788869975,0.08615565076358297,0.8894778204475471
25738,LOF,0.015409894862208375,0.1323246390536724,0.8522654660841192
25739,LOF,0.022992798573934263,0.11378834271204508,0.8632188587140206
25740,LOF,0.03288909171461837,0.1273077226229483,0.8398031856624334
25741,LOF,0.01767375530226724,0.11221201250191588,0.8701142321958169
25742,LOF,0.11052549030763259,0.10397744503908235,0.7854970646532851
25743,LOF,0.01466533637670304,0.03849766831022933,0.9468369953130676
25744,LOF,0.1894038556732921,0.34036453093887165,0.4702316133878362
25745,LOF,0.026848611754811923,0.048071001684372595,0.9250803865608156
25746,LOF,0.015118882928477335,0.06288119721109804,0.9219999198604247
25747,LOF,0.028435653446357383,0.03191230296777382,0.9396520435858687
25748,LOF,0.1431081254332579,0.05488063240066507,0.802011242166077
25749,LOF,0.016555027789143514,0.045738745801168795,0.9377062264096877
25750,LOF,0.03348751188371082,0.062162432815003735,0.9043500553012853
25751,LOF,0.10915321359423837,0.059300698580251957,0.8315460878255098
25752,GOF,0.1259312863883559,0.6319792982045912,0.2420894154070529
25753,LOF,0.007914871052060705,0.3479960656888772,0.6440890632590621
25754,GOF,0.005073496004642475,0.8484910684495142,0.14643543554584343
25755,LOF,0.009478273332485927,0.42434685834851704,0.566174868318997
25756,LOF,0.040476660959355,0.43214575008326866,0.5273775889573763
25757,GOF,0.005741466618053646,0.8742107835316637,0.12004774985028277
25758,GOF,0.00680912116215842,0.8678579330754999,0.12533294576234172
25759,GOF,0.004515107519638229,0.5543828024046056,0.44110209007575607
25760,LOF,0.00456265852421334,0.31017201845402986,0.6852653230217569
25761,GOF,0.03354956495304768,0.8380998235770086,0.1283506114699437
25762,LOF,0.03132047849075515,0.3421993183876199,0.626480203121625
25763,LOF,0.006252234662747416,0.2438330676734722,0.7499146976637803
25764,GOF,0.17440301572510655,0.5263557421262152,0.29924124214867825
25765,GOF,0.010881297357998237,0.7925450491720559,0.1965736534699459
25766,GOF,0.015819223483725737,0.8318881529367605,0.1522926235795137
25767,GOF,0.019945194719613653,0.5107288207498212,0.4693259845305652
25768,LOF,0.07966674586537055,0.07197953563750793,0.8483537184971215
25769,LOF,0.07916127308370682,0.051321106645262037,0.8695176202710311
25770,LOF,0.23968205316939725,0.06041289954565955,0.6999050472849432
25771,LOF,0.013445657759741046,0.06052246205460086,0.9260318801856582
25772,LOF,0.016635655007457194,0.02565730469358872,0.9577070402989541
25773,LOF,0.010847561493101975,0.11266823630522708,0.8764842022016709
25774,LOF,0.022632662462955675,0.0684779377342614,0.9088893998027828
25775,LOF,0.015609144485297587,0.043395882344868825,0.9409949731698335
25776,LOF,0.08425019715110997,0.018689199095707418,0.8970606037531826
25777,LOF,0.2831919612601935,0.03435226484305298,0.6824557738967535
25778,LOF,0.07041950006582928,0.034240896347527756,0.895339603586643
25779,GOF,0.060652342966617166,0.8707206114944983,0.06862704553888459
25780,GOF,0.05136205439460641,0.8514345277396633,0.09720341786573024
25781,GOF,0.02323350291650816,0.835717586260787,0.14104891082270476
25782,GOF,0.026758442967911227,0.8765763625299251,0.09666519450216361
25783,GOF,0.013671443301471017,0.6743560353601868,0.3119725213383421
25784,GOF,0.10319727173347298,0.8392773873428825,0.057525340923644544
25785,GOF,0.07630543337145243,0.8693735629147963,0.0543210037137513
25786,GOF,0.005466144081547978,0.8080762954763805,0.18645756044207154
25787,GOF,0.20718437020861832,0.7539460782066344,0.03886955158474735
25788,LOF,0.047440203336469,0.12050541929972677,0.8320543773638042
25789,GOF,0.03658702491337869,0.8010562307748199,0.1623567443118014
25790,GOF,0.037976434778419645,0.8487537498683174,0.11326981535326296
25791,GOF,0.02480039698394147,0.778908645459761,0.19629095755629763
25792,GOF,0.04221421960839318,0.7901554769940374,0.16763030339756937
25793,GOF,0.09928712137860554,0.7667414887526753,0.133971389868719
25794,GOF,0.1072957753359808,0.6398775977471604,0.2528266269168588
25795,GOF,0.029232714218135312,0.7291117642395252,0.24165552154233963
25796,GOF,0.1381058982788694,0.7400786808308025,0.12181542089032805
25797,GOF,0.03150718746775507,0.5666438363461824,0.40184897618606263
25798,GOF,0.0033156039840864554,0.5405506273289197,0.4561337686869939
25799,LOF,0.003062019604195975,0.41403543104845497,0.5829025493473492
25800,GOF,0.010661345828026724,0.6141434849425352,0.375195169229438
25801,GOF,0.02567987650869751,0.797656364852686,0.17666375863861658
25802,GOF,0.01745511512224096,0.71651090500934,0.26603397986841915
25803,GOF,0.010037099395647378,0.6099946212149961,0.37996827938935646
25804,LOF,0.01139455077670725,0.4930386291815271,0.4955668200417656
25805,GOF,0.020746898840743776,0.5794910776905621,0.3997620234686942
25806,GOF,0.018029519095081374,0.6210750731857324,0.36089540771918627
25807,GOF,0.005302860016968245,0.6211839547260457,0.37351318525698607
25808,GOF,0.014021529249480412,0.6199477387789838,0.36603073197153585
25809,GOF,0.006030150851604051,0.6112251612209295,0.3827446879274666
25810,GOF,0.005260467233466541,0.6179786758671932,0.3767608568993402
25811,GOF,0.08643963160200774,0.8017977439204941,0.11176262447749824
25812,GOF,0.015753050876771934,0.6282393284611485,0.3560076206620795
25813,GOF,0.1064264265404176,0.7398774658554866,0.15369610760409563
25814,GOF,0.02899818608758836,0.6989861935690267,0.2720156203433849
25815,GOF,0.04663174343672149,0.7140154346597832,0.2393528219034953
25816,GOF,0.008656562801259824,0.7989179172679624,0.19242551993077783
25817,GOF,0.07603811025031616,0.7519454898964829,0.17201639985320108
25818,GOF,0.022852741438957127,0.7356119438005655,0.2415353147604774
25819,GOF,0.06814271736058591,0.7315303133427938,0.2003269692966202
25820,GOF,0.030862590812240666,0.7079995022141407,0.2611379069736186
25821,GOF,0.016958746588784993,0.7007999894518291,0.2822412639593858
25822,GOF,0.03339063475653327,0.7182287869299933,0.24838057831347343
25823,GOF,0.011563652363316966,0.5574865616461102,0.4309497859905729
25824,GOF,0.021857001223804032,0.6881771134121929,0.2899658853640031
25825,GOF,0.012172115164933259,0.668752626421211,0.3190752584138558
25826,GOF,0.005007899304483802,0.6116115742873705,0.3833805264081458
25827,GOF,0.007418184167341756,0.6132178144956284,0.3793640013370298
25828,GOF,0.004655520571107081,0.5494581108679379,0.445886368560955
25829,GOF,0.0028804850103724745,0.6193809233751665,0.3777385916144612
25830,LOF,0.03097962390617552,0.37487507215561394,0.5941453039382105
25831,GOF,0.035709642937238016,0.8310596191279365,0.13323073793482546
25832,GOF,0.007723660275582428,0.7480193237734006,0.24425701595101698
25833,GOF,0.024666438520377625,0.7982170620933445,0.17711649938627785
25834,GOF,0.0071146952850488126,0.7583495463590567,0.23453575835589444
25835,GOF,0.01742389625729704,0.8128697712687898,0.16970633247391304
25836,GOF,0.0065451578013866075,0.7485961416034371,0.24485870059517625
25837,GOF,0.0057823781771187506,0.659804314266233,0.33441330755664833
25838,GOF,0.01909229273828057,0.8332709673696241,0.14763673989209528
25839,GOF,0.039907412164600545,0.7889733327878191,0.17111925504758035
25840,GOF,0.04169978718558874,0.8184547021449547,0.13984551066945655
25841,GOF,0.03586885683964309,0.8405755298224127,0.12355561333794421
25842,GOF,0.02411113433938104,0.868614277118492,0.10727458854212694
25843,GOF,0.025395310153258153,0.88641442023594,0.0881902696108019
25844,GOF,0.016481415909100225,0.7919137586075222,0.19160482548337754
25845,GOF,0.005774991586278455,0.5892201955155042,0.40500481289821727
25846,GOF,0.029269314384250178,0.8416443908106427,0.12908629480510703
25847,GOF,0.01877818900690855,0.8876561653566577,0.09356564563643387
25848,GOF,0.015950408692914936,0.8312107022787741,0.1528388890283109
25849,GOF,0.004797461398224949,0.7026905000305743,0.29251203857120084
25850,GOF,0.007060477114907324,0.6970696708330326,0.29586985205206007
25851,GOF,0.0060003671328817355,0.5738559311840516,0.42014370168306664
25852,GOF,0.154037396124577,0.5253508421109093,0.3206117617645137
25853,GOF,0.07073393769627935,0.8264348002354659,0.1028312620682546
25854,GOF,0.010381423609621427,0.6539126431678284,0.33570593322255016
25855,GOF,0.01302079543413926,0.5918524092181351,0.3951267953477257
25856,GOF,0.036030645191112765,0.7128058712703936,0.2511634835384935
25857,GOF,0.014718827652326402,0.5499990452629705,0.4352821270847031
25858,GOF,0.008826665774723701,0.5578014133692202,0.4333719208560561
25859,GOF,0.005561709990646759,0.5323623633260032,0.46207592668334996
25860,GOF,0.06594996016465215,0.7880029486422346,0.14604709119311318
25861,GOF,0.09882503331514243,0.8006530375655494,0.1005219291193083
25862,GOF,0.021520146515647553,0.8400265302397895,0.138453323244563
25863,GOF,0.0195843665921666,0.8438812809424163,0.13653435246541717
25864,GOF,0.03880887448572696,0.8631377743929803,0.09805335112129271
25865,GOF,0.029069446065175156,0.8209421378984759,0.14998841603634888
25866,GOF,0.02171213101018031,0.8238940313184826,0.15439383767133708
25867,GOF,0.023400256142787786,0.8519314461680202,0.12466829768919202
25868,GOF,0.048584333781893106,0.8049663549255001,0.14644931129260672
25869,GOF,0.3077707593153237,0.5989610556446517,0.09326818504002442
25870,GOF,0.19600252751246316,0.5129366727635939,0.29106079972394294
25871,GOF,0.022340723440449715,0.8438998933017986,0.1337593832577516
25872,GOF,0.019316988094734866,0.8271074494407115,0.15357556246455373
25873,GOF,0.01874013674454444,0.8407906414106061,0.14046922184484936
25874,LOF,0.01649921494512056,0.12689952846806057,0.856601256586819
25875,LOF,0.03301390418566542,0.03683378016750275,0.9301523156468318
25876,LOF,0.014625965628989365,0.02824060811122267,0.9571334262597879
25877,LOF,0.1255646999878612,0.06137415642558904,0.8130611435865498
25878,LOF,0.052654703816705305,0.08373664981470356,0.8636086463685911
25879,LOF,0.021788641083167914,0.06555220696218293,0.9126591519546491
25880,LOF,0.04556871078206796,0.009109174700488522,0.9453221145174435
25881,Neutral,0.5638804230773398,0.0714553693951396,0.3646642075275206
25882,LOF,0.023225326453339724,0.048260983668686426,0.9285136898779738
25883,LOF,0.055004443042014614,0.030938890470520283,0.9140566664874651
25884,LOF,0.011872850404719443,0.06342345974479473,0.9247036898504859
25885,LOF,0.1900072477034392,0.01037884669919598,0.7996139055973648
25886,LOF,0.18498326755033687,0.05951658218461624,0.7555001502650469
25887,LOF,0.1449506590398946,0.07615110045199253,0.778898240508113
25888,LOF,0.013752737097936986,0.14449681331269285,0.8417504495893702
25889,LOF,0.014679623818426397,0.044929578385850134,0.9403907977957234
25890,LOF,0.11733220166589904,0.09412779595056564,0.7885400023835353
25891,LOF,0.04554605316931307,0.043456460022608646,0.9109974868080783
25892,LOF,0.010495772004648013,0.04820035975029678,0.9413038682450553
25893,LOF,0.39423222873702324,0.014423101895062376,0.5913446693679143
25894,LOF,0.44097885193173736,0.00746017883972252,0.55156096922854
25895,LOF,0.36003925115914076,0.016612420740498172,0.623348328100361
25896,LOF,0.04700049132311043,0.030027730233655934,0.9229717784432336
25897,LOF,0.19685282963957873,0.014134259299244858,0.7890129110611764
25898,LOF,0.21503058405663114,0.04092208000596412,0.7440473359374047
25899,LOF,0.23139739641872697,0.03172725413926004,0.7368753494420129
25900,LOF,0.4735108232712787,0.013648758344837251,0.5128404183838841
25901,LOF,0.050608630113395926,0.012040975575394519,0.9373503943112096
25902,LOF,0.09788498075287218,0.020909936759386513,0.8812050824877413
25903,LOF,0.34144148733386165,0.04268010282682027,0.6158784098393181
25904,LOF,0.479285091782055,0.04002169158121029,0.48069321663673464
25905,LOF,0.0075408663261020865,0.39142741210066545,0.6010317215732325
25906,LOF,0.007480279791885278,0.12216312832810727,0.8703565918800074
25907,LOF,0.004084357249503319,0.3487653654122859,0.6471502773382107
25908,LOF,0.003887166901419558,0.24884303852589587,0.7472697945726846
25909,LOF,0.015814978477386953,0.15959767233336736,0.8245873491892456
25910,LOF,0.015414886544750124,0.12248676592064707,0.8620983475346028
25911,LOF,0.18394545253165362,0.024063373834995166,0.7919911736333513
25912,LOF,0.06579027783197909,0.04487984204754,0.8893298801204809
25913,LOF,0.06246053972313083,0.05060490650888879,0.8869345537679804
25914,LOF,0.022301986098919944,0.06452982219952225,0.9131681917015578
25915,LOF,0.11797330892282289,0.29330395160363715,0.5887227394735399
25916,LOF,0.01885014881479218,0.19738585732292485,0.7837639938622831
25917,LOF,0.05630461823965425,0.04884529547092041,0.8948500862894254
25918,LOF,0.02648325724883509,0.036317278673083334,0.9371994640780816
25919,LOF,0.0228814044329599,0.034407081802228644,0.9427115137648115
25920,LOF,0.11377111952799054,0.21364427240653433,0.6725846080654752
25921,LOF,0.00998819659925206,0.03287629196429698,0.957135511436451
25922,LOF,0.012430715886022162,0.02606210254876628,0.9615071815652115
25923,LOF,0.42008454416737995,0.03453564705613815,0.545379808776482
25924,LOF,0.017620455985148827,0.03941213216984328,0.942967411845008
25925,LOF,0.07658635317912078,0.04228291108806,0.8811307357328192
25926,LOF,0.05275050050466347,0.036675466169382644,0.9105740333259538
25927,LOF,0.021484682294372767,0.05843963414882506,0.9200756835568021
25928,LOF,0.007613936249310034,0.04637786367148263,0.9460082000792074
25929,Neutral,0.49260922346228925,0.03226919626952503,0.47512158026818574
25930,LOF,0.08530072580174203,0.028713818672645976,0.8859854555256119
25931,LOF,0.009578184349158707,0.031187218044220748,0.9592345976066204
25932,LOF,0.03547302704330494,0.02641061853229118,0.9381163544244039
25933,LOF,0.04155866632114504,0.016003665186015658,0.9424376684928394
25934,LOF,0.028341583955210276,0.017219838504080605,0.9544385775407092
25935,LOF,0.0678786411356557,0.05162317516947055,0.8804981836948739
25936,LOF,0.04143053134512171,0.018265374396804486,0.9403040942580738
25937,LOF,0.00978525243288279,0.034130008192377964,0.9560847393747391
25938,LOF,0.061800091957582355,0.05646332450074584,0.8817365835416717
25939,LOF,0.034229473210799645,0.019881518839695096,0.9458890079495053
25940,LOF,0.00996159579074715,0.3570550828453415,0.6329833213639113
25941,Neutral,0.522021690906251,0.02692045533516093,0.4510578537585881
25942,LOF,0.005081503958172386,0.04368167856223693,0.9512368174795907
25943,LOF,0.03009773005031233,0.1373599044381997,0.832542365511488
25944,LOF,0.10789462620609064,0.07017679172318197,0.8219285820707274
25945,LOF,0.05595091245675176,0.020225661150840478,0.9238234263924079
25946,LOF,0.07134566816741009,0.06633550722872388,0.8623188246038661
25947,Neutral,0.5174707535021805,0.08004684528038322,0.4024824012174363
25948,LOF,0.34977427197443234,0.010663876773959483,0.6395618512516081
25949,LOF,0.10774038429061693,0.06047941677442628,0.8317801989349568
25950,GOF,0.050649185627100406,0.5856015390663792,0.3637492753065204
25951,LOF,0.01592953940588898,0.39445308556787007,0.589617375026241
25952,LOF,0.2857342833951059,0.27137134085677517,0.44289437574811885
25953,LOF,0.013358513220691417,0.169321302574876,0.8173201842044325
25954,LOF,0.05316556737329571,0.4276427671411016,0.5191916654856027
25955,LOF,0.011453801231894543,0.15070250174639455,0.8378436970217109
25956,LOF,0.024987360464091068,0.3006309174768496,0.6743817220590593
25957,LOF,0.2024933260656586,0.0359628552348829,0.7615438186994584
25958,LOF,0.05051740428103898,0.029831246855981364,0.9196513488629796
25959,GOF,0.0146855452583216,0.5117341137984774,0.47358034094320084
25960,LOF,0.006095475401224212,0.05257407421362151,0.9413304503851542
25961,LOF,0.05084008964989486,0.027648415133685513,0.9215114952164196
25962,LOF,0.030912021074677828,0.08639382163147051,0.8826941572938517
25963,LOF,0.004961834696808788,0.2787995951958535,0.7162385701073377
25964,LOF,0.03162047427495889,0.10473003719517222,0.8636494885298689
25965,LOF,0.3281028613039667,0.12609111013233976,0.5458060285636935
25966,Neutral,0.44439093563269566,0.18450303960666242,0.371106024760642
25967,LOF,0.005911634889032605,0.08524700553028845,0.908841359580679
25968,LOF,0.04312704448116296,0.29723096160083257,0.6596419939180046
25969,LOF,0.12477095682264046,0.08104431393128737,0.7941847292460722
25970,LOF,0.02001769355979289,0.08718849455295463,0.8927938118872524
25971,LOF,0.06701069182327679,0.029436471186483154,0.90355283699024
25972,LOF,0.055758073440596606,0.03894135160951872,0.9053005749498846
25973,LOF,0.055627256936888386,0.01171516368599499,0.9326575793771167
25974,LOF,0.036849787214571744,0.039678375376684234,0.923471837408744
25975,LOF,0.041310149446195446,0.027198837561627373,0.9314910129921772
25976,LOF,0.10535124178028948,0.01482770667061943,0.8798210515490911
25977,LOF,0.2138003519471166,0.05249726480727413,0.7337023832456092
25978,LOF,0.1228486706073069,0.11880344317649394,0.7583478862161991
25979,LOF,0.11382882932776046,0.11722032634449131,0.7689508443277483
25980,LOF,0.2314189053077312,0.1404236519654012,0.6281574427268676
25981,LOF,0.23156161382061857,0.14127687590801138,0.6271615102713701
25982,LOF,0.3531717618600295,0.0940272023786091,0.5528010357613614
25983,LOF,0.3592712004376051,0.11037211786604408,0.5303566816963509
25984,LOF,0.03465520175086177,0.070591657737329,0.8947531405118093
25985,LOF,0.39581932362739314,0.13472122245526602,0.4694594539173409
25986,LOF,0.011605441826790741,0.4566058326127669,0.5317887255604423
25987,LOF,0.037635754256156714,0.10512821513574107,0.8572360306081022
25988,LOF,0.129798791926654,0.1228819842415363,0.7473192238318097
25989,LOF,0.04068286709912683,0.1746465810608993,0.7846705518399739
25990,LOF,0.04051339302556475,0.26948392853478215,0.6900026784396531
25991,LOF,0.02168064014514374,0.36014507971363946,0.6181742801412167
25992,LOF,0.026263700324664734,0.35564469749678906,0.6180916021785461
25993,LOF,0.020835253653026187,0.0873467332679782,0.8918180130789956
25994,LOF,0.016382715014908775,0.08221631591106836,0.9014009690740228
25995,LOF,0.018160210463027043,0.17178317922935232,0.8100566103076206
25996,LOF,0.3260296456693741,0.27915192465080846,0.39481842967981745
25997,LOF,0.08662501194283763,0.3494955335430414,0.563879454514121
25998,LOF,0.3001684415424448,0.05337468418290175,0.6464568742746535
25999,LOF,0.017362145512244093,0.26215811344435636,0.7204797410433996
26000,LOF,0.16718711250138432,0.03366852525922928,0.7991443622393865
26001,LOF,0.29338972918287487,0.02655043942271413,0.680059831394411
26002,LOF,0.07336520954801162,0.044491808703949164,0.8821429817480392
26003,GOF,0.0035708779970703972,0.6088371223117528,0.38759199969117675
26004,GOF,0.00616535311782237,0.7199611691060094,0.2738734777761684
26005,GOF,0.0030346214625629592,0.5183324402125269,0.4786329383249102
26006,GOF,0.08034680756688332,0.6427178880525012,0.2769353043806153
26007,GOF,0.005874759439512563,0.595631096155225,0.39849414440526243
26008,GOF,0.005510051496550344,0.6653109852074817,0.3291789632959679
26009,GOF,0.006253161682810521,0.67931041113828,0.31443642717890957
26010,GOF,0.006670604894961009,0.6917912355342895,0.30153815957074953
26011,GOF,0.002683855316389908,0.5097738272115282,0.4875423174720819
26012,GOF,0.0038727379611550347,0.5949689138568853,0.40115834818195967
26013,GOF,0.004995274099973931,0.64538668871429,0.34961803718573614
26014,LOF,0.0367472333803247,0.09812401437633159,0.8651287522433436
26015,LOF,0.14151964899620562,0.019137711001549193,0.8393426400022452
26016,LOF,0.263377376508264,0.03570332100167474,0.7009193024900613
26017,LOF,0.021939895245521347,0.19330764455499183,0.7847524601994867
26018,LOF,0.051637943694272964,0.03728400770191311,0.9110780486038138
26019,LOF,0.050339384273708467,0.03242023217242599,0.9172403835538655
26020,LOF,0.00882718901865674,0.2254687228518654,0.7657040881294779
26021,LOF,0.06877945861149647,0.0697450165900845,0.8614755247984192
26022,LOF,0.026233031304914025,0.026076599773988206,0.9476903689210978
26023,LOF,0.04014344770416087,0.02340091314009626,0.9364556391557429
26024,LOF,0.043163205897155464,0.06912175929808786,0.8877150348047567
26025,LOF,0.05327185287318121,0.07641547512703215,0.8703126719997866
26026,LOF,0.09783234542107326,0.054815597928075,0.8473520566508518
26027,LOF,0.04560764467198647,0.01954015479371765,0.9348522005342959
26028,LOF,0.08499642954049197,0.1350236740978483,0.7799798963616597
26029,LOF,0.025231363684635362,0.20445092819497182,0.7703177081203928
26030,LOF,0.15826605820622416,0.029637354947499462,0.8120965868462763
26031,LOF,0.01565884429189676,0.16688672479776093,0.8174544309103422
26032,LOF,0.06688120986199014,0.07541766617062692,0.8577011239673829
26033,LOF,0.07751386143378573,0.06584068297131154,0.8566454555949027
26034,LOF,0.01356513735408397,0.1930777726983059,0.7933570899476101
26035,LOF,0.014041031189631696,0.1365725375988236,0.8493864312115447
26036,LOF,0.01475187826899995,0.1708936594373116,0.8143544622936884
26037,LOF,0.012343154542367224,0.12171136460149432,0.8659454808561384
26038,LOF,0.056787539582130515,0.06963164760057393,0.8735808128172955
26039,LOF,0.025540912351344196,0.1813800249119854,0.7930790627366704
26040,LOF,0.11484183296040394,0.1578077677395376,0.7273503993000585
26041,LOF,0.01433421890459378,0.10571415966559329,0.879951621429813
26042,LOF,0.013075303386096635,0.11224778452893176,0.8746769120849717
26043,LOF,0.055646853846323126,0.08992243004847382,0.854430716105203
26044,LOF,0.011555035479556226,0.07536456313544428,0.9130804013849995
26045,LOF,0.05615867443965702,0.1237707223612842,0.8200706031990588
26046,LOF,0.050100340129817365,0.07136659441044185,0.8785330654597409
26047,LOF,0.084094529413529,0.07033932401469008,0.845566146571781
26048,LOF,0.046635938228142625,0.05013756281829169,0.9032264989535657
26049,Neutral,0.9642469575678695,0.006637200151501072,0.02911584228062943
26050,Neutral,0.9495272193218136,0.0069766926396213624,0.04349608803856489
26051,LOF,0.014095636192938105,0.1734502792476909,0.8124540845593711
26052,LOF,0.02092151553266911,0.2205900257523719,0.758488458714959
26053,LOF,0.02106712987413606,0.12068631812601131,0.8582465519998526
26054,LOF,0.05023212752541066,0.019358928211805643,0.9304089442627836
26055,LOF,0.058294217022293246,0.020055991400335225,0.9216497915773715
26056,LOF,0.05108955756141119,0.025540599921225073,0.9233698425173636
26057,LOF,0.030065682771927588,0.014762219233477335,0.955172097994595
26058,LOF,0.03118466606942892,0.012814622544759641,0.9560007113858114
26059,LOF,0.318969228658408,0.023366207044409715,0.6576645642971822
26060,LOF,0.01154500299385598,0.16599893907628768,0.8224560579298564
26061,LOF,0.004948609526898223,0.015556928649067218,0.9794944618240347
26062,LOF,0.0037729711707536685,0.023107320299836698,0.9731197085294095
26063,LOF,0.021731536378748324,0.012751972912738628,0.9655164907085132
26064,LOF,0.006324560361087967,0.029096999795559787,0.9645784398433523
26065,LOF,0.024964795312666675,0.012597058412055565,0.9624381462752778
26066,LOF,0.023522129037237986,0.012639298196023436,0.9638385727667386
26067,LOF,0.0283165799410538,0.010339421264119705,0.9613439987948265
26068,LOF,0.04165419824765197,0.038816382362656,0.919529419389692
26069,LOF,0.29791222226332037,0.02241653204804461,0.6796712456886351
26070,LOF,0.4669373653238445,0.017920272289413727,0.5151423623867417
26071,LOF,0.023176944116735525,0.012424105205270987,0.9643989506779935
26072,LOF,0.005419757274582682,0.025908335802397802,0.9686719069230195
26073,LOF,0.021407242082083087,0.016308267225151305,0.9622844906927656
26074,Neutral,0.9248513416950312,0.007097310425062996,0.06805134787990569
26075,LOF,0.03945055266685768,0.018158654395414895,0.9423907929377274
26076,LOF,0.03380129579227644,0.01189475977831129,0.9543039444294121
26077,LOF,0.1111109897972747,0.009349119222696056,0.8795398909800293
26078,LOF,0.005159874153747477,0.017303811913956867,0.9775363139322957
26079,LOF,0.05428810688333002,0.020422071070406746,0.9252898220462633
26080,LOF,0.05303109285781144,0.020449215521007907,0.9265196916211806
26081,LOF,0.028936278428922442,0.008663953921936694,0.9623997676491409
26082,LOF,0.004291802380454489,0.017675294748412052,0.9780329028711333
26083,LOF,0.10464516201858737,0.020212271459685235,0.8751425665217274
26084,LOF,0.04257550758791855,0.015801311751099445,0.9416231806609819
26085,LOF,0.037233975103278534,0.014046043847417148,0.9487199810493043
26086,LOF,0.02268608825376253,0.013283161620127115,0.9640307501261103
26087,LOF,0.02126949280671031,0.011782413431075531,0.9669480937622141
26088,LOF,0.005451013508046641,0.023313724907731127,0.9712352615842221
26089,LOF,0.03793373695214626,0.025866824964145867,0.9361994380837078
26090,LOF,0.03777443514810696,0.021016790898550002,0.941208773953343
26091,LOF,0.02747664053521001,0.007953096442038527,0.9645702630227514
26092,LOF,0.022752794211489447,0.009190624609225076,0.9680565811792855
26093,LOF,0.038077304114088606,0.0075569792695548525,0.9543657166163565
26094,LOF,0.030998979702070915,0.007400367155985181,0.9616006531419439
26095,LOF,0.018696679976735502,0.021897385975322196,0.9594059340479424
26096,LOF,0.1667188166072736,0.0070379008384781686,0.8262432825542482
26097,LOF,0.004435721628881259,0.04138677792366656,0.9541775004474522
26098,LOF,0.07645930710982143,0.01924139449904159,0.904299298391137
26099,LOF,0.021478331235134922,0.016294554316725423,0.9622271144481397
26100,LOF,0.021414192644343237,0.016295151025141643,0.9622906563305151
26101,LOF,0.05074121181347858,0.02308913298244843,0.926169655204073
26102,LOF,0.02018289575061095,0.017048239688933736,0.9627688645604554
26103,Neutral,0.8375434919445705,0.025338555197312245,0.13711795285811734
26104,LOF,0.0711277971707345,0.028518874439885832,0.9003533283893798
26105,LOF,0.22458996502681716,0.1895749519750806,0.5858350829981023
26106,LOF,0.360938223517491,0.15453361548020839,0.48452816100230056
26107,LOF,0.02010367218296054,0.125502775924677,0.8543935518923624
26108,LOF,0.3259800153561003,0.047289047529578666,0.626730937114321
26109,LOF,0.039005472040759825,0.06730383507918561,0.8936906928800546
26110,LOF,0.21270518051949347,0.007180539666354735,0.7801142798141517
26111,LOF,0.08264186549958696,0.07642436023760693,0.8409337742628061
26112,LOF,0.037158089923701884,0.007714905389903139,0.9551270046863949
26113,LOF,0.06538209704130822,0.01754555194971649,0.9170723510089753
26114,LOF,0.0705475977160519,0.012614570592913535,0.9168378316910347
26115,LOF,0.015605697826986502,0.07313330388097329,0.9112609982920402
26116,LOF,0.09754228695176699,0.04530408071355095,0.857153632334682
26117,LOF,0.39366839416467736,0.03514321878291143,0.5711883870524113
26118,LOF,0.03157672315839248,0.01696138120431665,0.9514618956372908
26119,LOF,0.004743378004492849,0.04139091440036582,0.9538657075951414
26120,LOF,0.02680978452188707,0.016308635014426823,0.9568815804636861
26121,LOF,0.004022032933910674,0.13374661697135007,0.8622313500947392
