feature0,prediction,LoGoFunc_Neutral,LoGoFunc_GOF,LoGoFunc_LOF
25546,Neutral,0.7283885444518773,0.03869857361374479,0.23291288193437787
25547,Neutral,0.5793617020913745,0.07831390658499271,0.34232439132363285
25548,Neutral,0.5843272438742045,0.054617224333872755,0.36105553179192273
25549,Neutral,0.5012612459060021,0.05591599408358489,0.442822760010413
25550,LOF,0.3528617936777131,0.11784251560115329,0.5292956907211336
25551,LOF,0.29545953720346324,0.12532720500745617,0.5792132577890806
25552,LOF,0.21228953072990783,0.11753296012774783,0.6701775091423443
25553,Neutral,0.8365624655169492,0.030331373071648904,0.1331061614114019
25554,LOF,0.24248947815882896,0.11427335107992702,0.6432371707612441
25555,LOF,0.19753481326701963,0.10314351950280266,0.6993216672301776
25556,LOF,0.4141107572813334,0.09374741429411725,0.4921418284245494
25557,LOF,0.19537339283281696,0.10674493310703695,0.697881674060146
25558,LOF,0.237948594079585,0.11673260336922207,0.645318802551193
25559,LOF,0.3669950114352628,0.13154758585167559,0.5014574027130616
25560,LOF,0.04969478960699806,0.16237074763542705,0.7879344627575748
25561,LOF,0.10325497497846048,0.16723106139282704,0.7295139636287126
25562,LOF,0.10550562151644075,0.06560916849663388,0.8288852099869253
25563,LOF,0.09842575846784243,0.08421090719089383,0.8173633343412637
25564,LOF,0.19279376743880064,0.14054025461605124,0.6666659779451481
25565,LOF,0.15251051299959142,0.10212010043644765,0.7453693865639608
25566,GOF,0.017555194755194885,0.6934957561557713,0.2889490490890339
25567,LOF,0.012872572841579284,0.14053354198531118,0.8465938851731095
25568,LOF,0.04999296457000407,0.0650992919468513,0.8849077434831446
25569,LOF,0.060222213442058685,0.05869904304874047,0.8810787435092008
25570,LOF,0.0612401308649204,0.08786590705707792,0.8508939620780017
25571,LOF,0.056558972434136066,0.08711676236664719,0.8563242651992168
25572,LOF,0.06906622718316802,0.1091668945684675,0.8217668782483645
25573,LOF,0.025921275133044507,0.08154392368680213,0.8925348011801533
25574,LOF,0.014531383188189048,0.14936645008872765,0.8361021667230834
25575,LOF,0.045846281323221535,0.09924177572238194,0.8549119429543965
25576,LOF,0.018552308881155583,0.10318256791009378,0.8782651232087506
25577,LOF,0.014365472250591808,0.1128998999744997,0.8727346277749085
25578,LOF,0.24271443546754468,0.0758368560979665,0.6814487084344888
25579,LOF,0.2436381494536614,0.07466110536347996,0.6817007451828587
25580,LOF,0.029509341044857963,0.07102892980341706,0.8994617291517251
25581,LOF,0.05370112831602531,0.06317953927139047,0.8831193324125842
25582,LOF,0.05337426843049801,0.06194501313976684,0.8846807184297352
25583,LOF,0.04131316727091433,0.08330363691246334,0.8753831958166223
25584,Neutral,0.4695766242111866,0.08833369555898758,0.44208968022982587
25585,LOF,0.030897051367091838,0.09149876669661391,0.8776041819362942
25586,LOF,0.03085236850639463,0.06637483144167872,0.9027728000519266
25587,LOF,0.029795663589896246,0.06177623881242428,0.9084280975976795
25588,LOF,0.03025232321770048,0.0807754329042652,0.8889722438780343
25589,Neutral,0.6248924278279575,0.11098971939823696,0.2641178527738056
25590,LOF,0.029403410042899723,0.10712006799451988,0.8634765219625804
25591,LOF,0.11215855173232389,0.05191724686939028,0.8359242013982858
25592,LOF,0.08686672277255157,0.11523374580303343,0.797899531424415
25593,LOF,0.022309980715505953,0.23534578465104916,0.7423442346334449
25594,LOF,0.04213318526634161,0.197103020952619,0.7607637937810393
25595,LOF,0.04572444621636415,0.13689562421160748,0.8173799295720284
25596,LOF,0.057334722330061934,0.06747335016441859,0.8751919275055193
25597,LOF,0.05033565945312835,0.0804437430096774,0.8692205975371942
25598,LOF,0.044799313494873864,0.13105783289036455,0.8241428536147616
25599,GOF,0.009898147521969908,0.7393628975602874,0.2507389549177427
25600,GOF,0.015177653029515526,0.5548710453590141,0.42995130161147044
25601,LOF,0.007512255626433207,0.4700116500502764,0.5224760943232903
25602,LOF,0.02908643374013806,0.04942181963004582,0.9214917466298161
25603,LOF,0.057126813931555886,0.032095951388678955,0.910777234679765
25604,LOF,0.060903103706954065,0.03688193132746211,0.9022149649655838
25605,LOF,0.014790351063636877,0.24131460399094284,0.7438950449454202
25606,GOF,0.11900004981446498,0.4437592898651672,0.43724066032036785
25607,LOF,0.00606888887112356,0.15513278472539452,0.838798326403482
25608,LOF,0.06940154096604002,0.05843074130465277,0.8721677177293072
25609,LOF,0.034138921989338045,0.4324521388888948,0.5334089391217672
25610,LOF,0.03821804065783192,0.027989983740388545,0.9337919756017796
25611,LOF,0.04187496678229949,0.025018447349985762,0.9331065858677148
25612,LOF,0.10256038284304769,0.03506301389275109,0.8623766032642013
25613,LOF,0.08217729965371737,0.03690907124050485,0.8809136291057779
25614,LOF,0.02957078865818848,0.03696960997125441,0.9334596013705571
25615,LOF,0.056535693037050486,0.03328055504767277,0.9101837519152767
25616,LOF,0.031052787339451313,0.03400610332254631,0.9349411093380025
25617,LOF,0.03031709469507908,0.03621458272072432,0.9334683225841965
25618,LOF,0.16538981107769532,0.03417472758677749,0.8004354613355272
25619,LOF,0.029607555994230924,0.030968606319811236,0.9394238376859579
25620,LOF,0.031609652375381735,0.04441398035444441,0.9239763672701738
25621,LOF,0.03223501750474331,0.03076163822450103,0.9370033442707557
25622,LOF,0.03707961663566525,0.03794767793789225,0.9249727054264424
25623,LOF,0.07262880214256424,0.02941824641710921,0.8979529514403266
25624,LOF,0.026721015178957568,0.03903358622700988,0.9342453985940327
25625,LOF,0.03907486233138268,0.04133577794225004,0.9195893597263672
25626,LOF,0.08707346160830132,0.02975283381789438,0.8831737045738043
25627,Neutral,0.5504546931157198,0.13610274585744636,0.31344256102683377
25628,LOF,0.16428757513452952,0.07113923173941815,0.7645731931260524
25629,LOF,0.07196052825644533,0.08486528530295881,0.8431741864405957
25630,LOF,0.15169597061982476,0.1167747405811973,0.7315292887989778
25631,Neutral,0.5626315094176311,0.08726741153520993,0.3501010790471591
25632,LOF,0.02228006297520776,0.06888348740113384,0.9088364496236583
25633,LOF,0.22012364390953715,0.0809743402355207,0.6989020158549423
25634,LOF,0.034100174584961555,0.11650453377992269,0.8493952916351157
25635,LOF,0.035782622989466877,0.08994881836509314,0.87426855864544
25636,GOF,0.005222751397686292,0.5991963344447583,0.39558091415755553
25637,GOF,0.005088026667181006,0.5582303786991899,0.4366815946336291
25638,LOF,0.008980711385509127,0.4464756946329058,0.544543593981585
25639,LOF,0.0044654865730244095,0.41462065643393536,0.5809138569930401
25640,Neutral,0.47257495113313525,0.45455228290047367,0.07287276596639107
25641,LOF,0.00856094741101049,0.33681795586643193,0.6546210967225576
25642,LOF,0.25234101186695707,0.07517878582835133,0.6724802023046916
25643,LOF,0.24009236692456298,0.19681312166214351,0.5630945114132936
25644,GOF,0.01744488319506688,0.6021660526919812,0.38038906411295187
25645,GOF,0.01764547256438544,0.5906915047379652,0.3916630226976494
25646,LOF,0.01973544668228148,0.3954413304993081,0.5848232228184104
25647,LOF,0.01686560540699517,0.3121297083397495,0.6710046862532554
25648,LOF,0.015560570297852868,0.32585717359759414,0.658582256104553
25649,LOF,0.013573043764615352,0.26969149419402455,0.71673546204136
25650,GOF,0.03474376335261865,0.5999711094628283,0.3652851271845531
25651,LOF,0.010280020163623785,0.3395598206813036,0.6501601591550726
25652,LOF,0.017929826222537252,0.3303771004779245,0.6516930732995382
25653,LOF,0.0711421926655292,0.42857550179625004,0.5002823055382207
25654,LOF,0.014815239725114558,0.28245971322553737,0.7027250470493481
25655,LOF,0.12352685308360566,0.4197254314028425,0.4567477155135518
25656,LOF,0.0639435584046617,0.07562621598185502,0.8604302256134834
25657,LOF,0.2799620565608068,0.03409369216176145,0.6859442512774317
25658,LOF,0.04705701649079124,0.08422484872196409,0.8687181347872447
25659,LOF,0.2622712792222403,0.056273727113765847,0.6814549936639938
25660,LOF,0.0786526336885686,0.10978646945953639,0.811560896851895
25661,LOF,0.04933644107677571,0.07640384633731861,0.8742597125859057
25662,LOF,0.027923988267115733,0.046852667699927866,0.9252233440329564
25663,LOF,0.038686822950456716,0.07958112345270775,0.8817320535968355
25664,LOF,0.040755078217271465,0.08918261712982212,0.8700623046529063
25665,LOF,0.05827008808483175,0.05101825550103507,0.8907116564141332
25666,LOF,0.040732714451385814,0.15156716201668863,0.8077001235319256
25667,LOF,0.02905732784193828,0.05824765187888552,0.9126950202791762
25668,LOF,0.034526571464382,0.06603891886851658,0.8994345096671014
25669,LOF,0.039787073449878134,0.10515456043499735,0.8550583661151245
25670,LOF,0.14781896936824912,0.0723136350305137,0.7798673956012371
25671,LOF,0.037898105068244835,0.05259229004980079,0.9095096048819543
25672,LOF,0.05914638218075652,0.07681559314081596,0.8640380246784275
25673,LOF,0.04363270229942882,0.06488104779068153,0.8914862499098897
25674,LOF,0.03349167176279932,0.07721151667693105,0.8892968115602697
25675,LOF,0.044402804746637006,0.057761862289540375,0.8978353329638226
25676,LOF,0.031499726241499555,0.06574265901998665,0.9027576147385138
25677,LOF,0.05713590830160288,0.06598477339172161,0.8768793183066755
25678,LOF,0.23917482122715505,0.0483989235573245,0.7124262552155205
25679,LOF,0.16135020862181385,0.06662597838020395,0.7720238129979822
25680,LOF,0.06272682964088716,0.10175276975524378,0.8355204006038691
25681,LOF,0.10086952530433306,0.09528997464721352,0.8038405000484534
25682,LOF,0.0437533044884761,0.08262931057928374,0.8736173849322402
25683,LOF,0.0782761620133864,0.10041762224151353,0.8213062157451001
25684,LOF,0.04948905146087509,0.07948207929742516,0.8710288692416999
25685,LOF,0.11793403758632909,0.036367931017818995,0.8456980313958519
25686,LOF,0.033187624567247415,0.09438321945981769,0.872429155972935
25687,LOF,0.05690509568167108,0.08453345854043898,0.85856144577789
25688,LOF,0.02889675505304141,0.10596041110498794,0.8651428338419707
25689,LOF,0.023332916221101025,0.0733754221709511,0.9032916616079478
25690,LOF,0.019114849512435965,0.09200511718038312,0.8888800333071809
25691,LOF,0.1698749259684675,0.13582651720050054,0.6942985568310319
25692,LOF,0.25181323187150956,0.01725036177887841,0.730936406349612
25693,LOF,0.05966136569351928,0.1356388963278417,0.804699737978639
25694,LOF,0.2654754280508772,0.013660059547747891,0.7208645124013748
25695,LOF,0.1799845809852449,0.0190212136982137,0.8009942053165414
25696,LOF,0.16207996666199287,0.011201809591851583,0.8267182237461556
25697,LOF,0.13475416566296067,0.028794109100042466,0.8364517252369968
25698,LOF,0.027946071267507512,0.3462269136333301,0.6258270150991624
25699,LOF,0.07198154541595429,0.09001349921899841,0.8380049553650473
25700,LOF,0.03005478871638605,0.012524063592126428,0.9574211476914875
25701,LOF,0.011308730043983445,0.08234873524972985,0.9063425347062868
25702,GOF,0.028775460850319786,0.7087008678564373,0.26252367129324294
25703,LOF,0.01861824051722404,0.18672752276867483,0.7946542367141012
25704,LOF,0.08503544388231991,0.1629938088368025,0.7519707472808775
25705,LOF,0.06330611531572447,0.23508920872823807,0.7016046759560376
25706,GOF,0.03724729163422299,0.5804958962031961,0.38225681216258106
25707,GOF,0.03334691031241998,0.5961296360489753,0.37052345363860467
25708,GOF,0.008188529429194829,0.5691944120889727,0.4226170584818325
25709,LOF,0.018492715496503793,0.0749534744961742,0.906553810007322
25710,LOF,0.008756625987313587,0.15412233566116487,0.8371210383515215
25711,LOF,0.021211805550287226,0.1295052071710764,0.8492829872786364
25712,LOF,0.009465788527927291,0.2221759003766653,0.7683583110954075
25713,LOF,0.018339472924409184,0.11198592158623437,0.8696746054893564
25714,LOF,0.021069631907004137,0.1580062570628103,0.8209241110301856
25715,LOF,0.019221695120302522,0.1479920581274761,0.8327862467522212
25716,LOF,0.015201563983544908,0.11644785664879975,0.8683505793676554
25717,LOF,0.007222492734253733,0.11557473554065098,0.8772027717250952
25718,LOF,0.01952762900415742,0.09017635516186136,0.8902960158339812
25719,LOF,0.03458287361127611,0.10225569153631246,0.8631614348524114
25720,LOF,0.026468292580690746,0.09073605132864779,0.8827956560906616
25721,LOF,0.022555471850376724,0.10062315097683665,0.8768213771727866
25722,LOF,0.01564576402607219,0.14285247027798087,0.8415017656959469
25723,LOF,0.022356237381922228,0.08945051687778342,0.8881932457402945
25724,LOF,0.02509710254872793,0.16266128420115836,0.8122416132501137
25725,LOF,0.020727878589444377,0.08322307858874524,0.8960490428218103
25726,LOF,0.01540100220541697,0.11640832438265819,0.8681906734119249
25727,LOF,0.02168471772994369,0.099997781055026,0.8783175012150303
25728,LOF,0.01990613104993363,0.11424939501401386,0.8658444739360526
25729,LOF,0.019520814122739975,0.12401674695030898,0.8564624389269511
25730,LOF,0.021803774447534757,0.08962976370250783,0.8885664618499575
25731,LOF,0.012470780597599667,0.16544114381508304,0.8220880755873172
25732,LOF,0.01859871215411812,0.11066052868800544,0.8707407591578763
25733,LOF,0.026639035358710657,0.1069774874595769,0.8663834771817125
25734,LOF,0.008342329069830443,0.20082629185433842,0.7908313790758311
25735,LOF,0.021277526099289287,0.08138267089101675,0.8973398030096938
25736,LOF,0.019720658119814473,0.13623091025725254,0.844048431622933
25737,LOF,0.03680841784150184,0.12167892485062104,0.841512657307877
25738,LOF,0.021170702413379507,0.1611801794652514,0.8176491181213691
25739,LOF,0.023337307338592784,0.14245467705403464,0.8342080156073726
25740,LOF,0.050338572262994936,0.1592965048282948,0.7903649229087102
25741,LOF,0.028149822195668164,0.12378029987256386,0.8480698779317679
25742,LOF,0.04421851902885537,0.13267497220846008,0.8231065087626847
25743,LOF,0.012973897399157755,0.02798481475885668,0.9590412878419855
25744,LOF,0.19342709586396742,0.29716721743325014,0.5094056867027824
25745,LOF,0.0347133709953085,0.10821577281049252,0.857070856194199
25746,LOF,0.0134114332740926,0.15186152822474266,0.8347270385011647
25747,LOF,0.030090098676761205,0.029404494978368646,0.9405054063448701
25748,LOF,0.2512995444758549,0.05078491435371015,0.697915541170435
25749,LOF,0.013026342767733819,0.09718926340126019,0.8897843938310059
25750,LOF,0.0173102900143019,0.096316270142274,0.8863734398434242
25751,LOF,0.0425710373111647,0.04598453006861024,0.9114444326202251
25752,GOF,0.08606730515981767,0.6902428435304964,0.2236898513096861
25753,LOF,0.007374276945640626,0.39632852187172857,0.5962972011826307
25754,GOF,0.00754083860548037,0.8631310050095135,0.12932815638500625
25755,LOF,0.00782990634820604,0.4434450673937832,0.5487250262580108
25756,LOF,0.047052295061631735,0.4428847520029731,0.5100629529353952
25757,GOF,0.007492358880277757,0.8689432826814264,0.12356435843829582
25758,GOF,0.0091378153086612,0.8727540478616013,0.11810813682973756
25759,GOF,0.0058340986239553295,0.5834326221743527,0.410733279201692
25760,LOF,0.006073606793102105,0.3087455694268947,0.6851808237800032
25761,GOF,0.05242859676163627,0.8556341580828237,0.09193724515553994
25762,LOF,0.028231283965122294,0.3613597095704105,0.6104090064644672
25763,LOF,0.006686952929534271,0.2876780549467176,0.7056349921237481
25764,GOF,0.06441135996705988,0.6351336939955621,0.30045494603737805
25765,GOF,0.007846531304921125,0.8547558311917064,0.13739763750337253
25766,GOF,0.041034077549979786,0.8078238645096413,0.15114205794037897
25767,GOF,0.01051269585389323,0.5643511459574648,0.4251361581886419
25768,LOF,0.034961683692203094,0.07023983503520799,0.894798481272589
25769,LOF,0.024140438715731866,0.09392980755501557,0.8819297537292526
25770,LOF,0.17091267313544375,0.0744837911447673,0.754603535719789
25771,LOF,0.01736408165246833,0.07170669774891728,0.9109292205986144
25772,LOF,0.02282407752234456,0.036672509205257144,0.9405034132723984
25773,LOF,0.020588663957493557,0.06913648159189156,0.910274854450615
25774,LOF,0.03011748689464569,0.11065667928032073,0.8592258338250336
25775,LOF,0.025086186492567608,0.04338824379523902,0.9315255697121935
25776,LOF,0.025270344083883723,0.03284430300074522,0.941885352915371
25777,LOF,0.25106458414578436,0.08378142911811295,0.6651539867361027
25778,LOF,0.01930846119427105,0.07431112476558675,0.9063804140401421
25779,GOF,0.03830214184527486,0.8844813063787905,0.0772165517759347
25780,GOF,0.06519083679077532,0.8817913316464636,0.05301783156276096
25781,GOF,0.034667824219818434,0.8705818113699149,0.09475036441026657
25782,GOF,0.03433337930505435,0.8985042077535459,0.06716241294139978
25783,GOF,0.026175939352353576,0.9167575475546529,0.057066513092993466
25784,GOF,0.09238853742480865,0.8621381063344448,0.04547335624074658
25785,GOF,0.08291555467392997,0.8720430582173826,0.04504138710868738
25786,GOF,0.009439585111938783,0.8738023914123405,0.11675802347572077
25787,GOF,0.17032573806024645,0.7813688123226616,0.048305449617091864
25788,LOF,0.015758883679650768,0.18315885457000083,0.8010822617503485
25789,GOF,0.018409831520483134,0.8606040999613984,0.12098606851811848
25790,GOF,0.02101750196184146,0.8754541454788567,0.10352835255930179
25791,GOF,0.021063792504199083,0.8135644198892898,0.16537178760651108
25792,GOF,0.02346620150831381,0.8440185275416796,0.1325152709500067
25793,GOF,0.07165881387560749,0.8352673378389681,0.09307384828542431
25794,GOF,0.04738888613830054,0.7947845344694642,0.15782657939223532
25795,GOF,0.043836764645712095,0.7866745177659227,0.1694887175883651
25796,GOF,0.09124403279567057,0.8204423577929815,0.08831360941134792
25797,GOF,0.06162852462002927,0.7667536087158037,0.17161786666416703
25798,GOF,0.004680330016085797,0.7669831246820376,0.22833654530187666
25799,GOF,0.0038986598988119204,0.7080045698815537,0.28809677021963437
25800,GOF,0.021058693061192662,0.8289149608191637,0.1500263461196435
25801,GOF,0.015706002169289614,0.8815666115356485,0.10272738629506184
25802,GOF,0.024830975380280337,0.8393555544751955,0.13581347014452408
25803,GOF,0.017979637342038127,0.7289950961181538,0.25302526653980795
25804,GOF,0.022975143009721814,0.7753815005574698,0.20164335643280834
25805,GOF,0.026516435473862225,0.80665467000644,0.16682889451969773
25806,GOF,0.026241773042177,0.8070809075657547,0.1666773193920683
25807,GOF,0.007531100443295747,0.7510117419043829,0.24145715765232142
25808,GOF,0.017239779487360576,0.7813362252866699,0.20142399522596952
25809,GOF,0.009155910004343333,0.76563480327966,0.22520928671599652
25810,GOF,0.00744597555906504,0.7451999065628192,0.24735411787811568
25811,GOF,0.04343221144721325,0.8762997522235335,0.0802680363292532
25812,GOF,0.029454819227649726,0.8009891408097668,0.1695560399625834
25813,GOF,0.1207233659048574,0.8059015737350488,0.07337506036009382
25814,GOF,0.02814745836531628,0.8150955650037911,0.15675697663089272
25815,GOF,0.052538429583185525,0.8466232719068052,0.10083829851000914
25816,GOF,0.009349076420318823,0.8630511839134066,0.12759973966627455
25817,GOF,0.08925747807903675,0.8304907850813161,0.08025173683964712
25818,GOF,0.02087950671050877,0.8073499886871622,0.171770504602329
25819,GOF,0.062309399424977624,0.7668538284290694,0.17083677214595294
25820,GOF,0.028493839654383155,0.7282921874396086,0.24321397290600838
25821,GOF,0.020354741703632898,0.746180019649682,0.2334652386466851
25822,GOF,0.03720520993909798,0.7552718050203002,0.20752298504060188
25823,GOF,0.023482538351570215,0.7369908629168199,0.23952659873160978
25824,GOF,0.024774438512136673,0.7938983775647491,0.18132718392311406
25825,GOF,0.019551664713508037,0.7771297408406065,0.20331859444588546
25826,GOF,0.0075405919212323735,0.7308069632917332,0.26165244478703437
25827,GOF,0.011606757181179084,0.7214874247388186,0.26690581808000247
25828,GOF,0.008731823129348906,0.7469514285919776,0.2443167482786734
25829,GOF,0.003899167514363331,0.6890536343344399,0.30704719815119674
25830,GOF,0.034105974007212506,0.49236152407725653,0.47353250191553103
25831,GOF,0.04831494676322113,0.802549088218905,0.1491359650178737
25832,GOF,0.008191344924687156,0.745054624233504,0.24675403084180889
25833,GOF,0.03203064050913268,0.8092080206190578,0.15876133887180943
25834,GOF,0.009406731906625141,0.7702585784695982,0.22033468962377664
25835,GOF,0.02163465519708694,0.8394182039643032,0.13894714083860976
25836,GOF,0.0062495749014647725,0.7627966958046117,0.23095372929392344
25837,GOF,0.007710036834382307,0.7677793863507726,0.22451057681484513
25838,GOF,0.02087779330283951,0.8310108195871363,0.14811138711002425
25839,GOF,0.04135011296913714,0.8144026482964076,0.1442472387344553
25840,GOF,0.0631105425373422,0.8099820220613037,0.12690743540135413
25841,GOF,0.06102871698222188,0.827274430049801,0.11169685296797717
25842,GOF,0.028178481057867563,0.8897693844804208,0.08205213446171158
25843,GOF,0.026021074738024445,0.8842168167565931,0.08976210850538231
25844,GOF,0.016778797105913443,0.838601793180027,0.14461940971405945
25845,GOF,0.006251433480936548,0.7731534333515862,0.22059513316747725
25846,GOF,0.06165294797760178,0.8309569750051985,0.10739007701719985
25847,GOF,0.01675881128275515,0.8928322163307746,0.09040897238647014
25848,GOF,0.020218747360847646,0.8345271375898647,0.14525411504928762
25849,GOF,0.0068896253720430465,0.8326355001837679,0.16047487444418912
25850,GOF,0.006008778291175809,0.7175006967212375,0.2764905249875867
25851,GOF,0.0056799067661630915,0.6737027378842771,0.3206173553495599
25852,GOF,0.13435973641527127,0.6102198751950348,0.255420388389694
25853,GOF,0.06688749569940573,0.8166242869926303,0.11648821730796377
25854,GOF,0.005539405770046141,0.7131392470157161,0.2813213472142378
25855,GOF,0.023136704548415706,0.7044382415989999,0.2724250538525844
25856,GOF,0.04531931788547012,0.8013094268616716,0.15337125525285822
25857,GOF,0.025016595975977492,0.7317978807616455,0.243185523262377
25858,GOF,0.010522235451203335,0.7513267696687055,0.23815099488009123
25859,GOF,0.0078563964633307,0.7509361813518415,0.2412074221848278
25860,GOF,0.07736286223438815,0.8174894230900187,0.10514771467559314
25861,GOF,0.07910461267994769,0.8221364475464029,0.09875893977364926
25862,GOF,0.02176261412243318,0.8903869619395087,0.08785042393805816
25863,GOF,0.02248762231889937,0.8745803046821944,0.10293207299890622
25864,GOF,0.06232608312297725,0.885775753102498,0.051898163774524844
25865,GOF,0.04297248283853785,0.8578098517914,0.09921766537006217
25866,GOF,0.024929604569073595,0.8775652666122271,0.09750512881869942
25867,GOF,0.04416013690504341,0.8708332027819556,0.08500666031300103
25868,GOF,0.057370516815125526,0.8364152707059062,0.10621421247896833
25869,GOF,0.3322541776916547,0.5958898699112202,0.07185595239712504
25870,GOF,0.05775826484326818,0.6012289110295536,0.3410128241271783
25871,GOF,0.010412477844436198,0.8715314497782064,0.11805607237735738
25872,GOF,0.019155925789013185,0.8501497664923511,0.13069430771863566
25873,GOF,0.019805124242733476,0.8805037136573486,0.09969116209991803
25874,LOF,0.015553081992615883,0.2177431505450487,0.7667037674623355
25875,LOF,0.03126409589776193,0.04966380804993518,0.919072096052303
25876,LOF,0.019902391011726882,0.028526484128997633,0.9515711248592754
25877,LOF,0.11343033115997618,0.06921049383698387,0.8173591750030399
25878,LOF,0.07248712175580664,0.10935575846873093,0.8181571197754623
25879,LOF,0.01723173802390533,0.07546401672583242,0.9073042452502623
25880,LOF,0.06151019185778455,0.01173090642909342,0.926758901713122
25881,Neutral,0.47078611060849057,0.07957122193989252,0.4496426674516169
25882,LOF,0.0611645337802217,0.03165742787173957,0.9071780383480388
25883,LOF,0.027469722467666133,0.03751645061917564,0.9350138269131582
25884,LOF,0.017834024221004812,0.06749598950675409,0.914669986272241
25885,LOF,0.1829833888145722,0.014498258215450343,0.8025183529699774
25886,LOF,0.2676899497210678,0.07450990238588551,0.6578001478930466
25887,LOF,0.11777359256832452,0.08516149872712991,0.7970649087045455
25888,LOF,0.00828846467337721,0.135843768507586,0.8558677668190369
25889,LOF,0.023378500675422582,0.05115274476131918,0.9254687545632583
25890,LOF,0.15860035991205393,0.09246896609816344,0.7489306739897826
25891,LOF,0.11727322918720265,0.030665212418773062,0.8520615583940243
25892,LOF,0.009650383444422298,0.03297413134319329,0.9573754852123844
25893,LOF,0.3743085417117644,0.009500598225561555,0.6161908600626741
25894,LOF,0.41158709244859193,0.007134677303738164,0.5812782302476699
25895,LOF,0.3691647395378853,0.013000551662859157,0.6178347087992556
25896,LOF,0.06851658200015598,0.03082623882427271,0.9006571791755714
25897,LOF,0.15610224653718302,0.009846728926248835,0.8340510245365681
25898,LOF,0.13621965585530635,0.036949150779741556,0.8268311933649521
25899,LOF,0.41852842845613386,0.030511973387029417,0.5509595981568367
25900,Neutral,0.5037061114763228,0.008078845400979289,0.488215043122698
25901,LOF,0.0633927302933294,0.011259613479810127,0.9253476562268604
25902,LOF,0.1695806694181878,0.012919137958161091,0.817500192623651
25903,LOF,0.3670731167930592,0.0267779606582582,0.6061489225486825
25904,Neutral,0.5220063824808817,0.04215010623476579,0.4358435112843525
25905,LOF,0.007240575123064734,0.47952230363374776,0.5132371212431874
25906,LOF,0.00802241883785942,0.09296659773337171,0.899010983428769
25907,LOF,0.006816754603684411,0.30432728135000425,0.6888559640463113
25908,LOF,0.006317763426255159,0.28232638709053753,0.7113558494832072
25909,LOF,0.027454821552774584,0.13531823963276976,0.8372269388144555
25910,LOF,0.012050460184983139,0.14762803672089506,0.8403215030941218
25911,LOF,0.23717329511332755,0.0784983993635437,0.6843283055231288
25912,LOF,0.10926440300042779,0.0394319199409802,0.8513036770585921
25913,LOF,0.026869071162450655,0.07270854779766862,0.9004223810398807
25914,LOF,0.041165016800094746,0.028709106397908874,0.9301258768019963
25915,LOF,0.19431380063382067,0.13972449790329086,0.6659617014628885
25916,LOF,0.026020196841114833,0.07194809498820415,0.902031708170681
25917,LOF,0.0757939083921369,0.027224087420704177,0.896982004187159
25918,LOF,0.04403324522340452,0.01846588602815874,0.9375008687484367
25919,LOF,0.03837865989813539,0.01808074632038523,0.9435405937814794
25920,LOF,0.3558803205546611,0.2710437521292403,0.3730759273160987
25921,LOF,0.015575490374781733,0.03960719725427263,0.9448173123709457
25922,LOF,0.018090133380393045,0.0404978161321717,0.9414120504874354
25923,LOF,0.4407105707138299,0.035959406064029205,0.5233300232221408
25924,LOF,0.02584323377744651,0.054970352557206746,0.9191864136653468
25925,LOF,0.09291202209283239,0.05108212939148691,0.8560058485156806
25926,LOF,0.07128602189105197,0.0447855745402326,0.8839284035687155
25927,LOF,0.020926215569320512,0.09170580930914857,0.887367975121531
25928,LOF,0.010657471756976417,0.056109198305972906,0.9332333299370508
25929,Neutral,0.5797973186975404,0.03447114906251298,0.3857315322399468
25930,LOF,0.0782152051369843,0.034842164487535694,0.88694263037548
25931,LOF,0.013516136018838287,0.04003578372762402,0.9464480802535375
25932,LOF,0.05921137795727653,0.03805090112046286,0.9027377209222606
25933,LOF,0.062084297311594344,0.022466359160474122,0.9154493435279315
25934,LOF,0.05684501019162219,0.021935718032735765,0.921219271775642
25935,LOF,0.08348221258370196,0.061183438119566995,0.855334349296731
25936,LOF,0.11175458152933895,0.022744544792129714,0.8655008736785313
25937,LOF,0.019317647892785988,0.03169659551961536,0.9489857565875987
25938,LOF,0.07930668944935773,0.05177294156308902,0.8689203689875532
25939,LOF,0.04490914512966938,0.030732062629352668,0.924358792240978
25940,LOF,0.010828966897088415,0.461723039578547,0.5274479935243647
25941,Neutral,0.47772887015249904,0.05523466594851279,0.4670364638989882
25942,LOF,0.010951181472451076,0.06143895450312823,0.9276098640244208
25943,LOF,0.04573093888834238,0.18981204747706426,0.7644570136345933
25944,LOF,0.04109873298700397,0.08395334084184905,0.874947926171147
25945,LOF,0.11783533321879766,0.037161392229097624,0.8450032745521047
25946,LOF,0.06862301284494376,0.04501477114519456,0.8863622160098618
25947,Neutral,0.5364931584093027,0.06755609438399225,0.39595074720670503
25948,LOF,0.4085053750800528,0.020690625155808114,0.5708039997641391
25949,LOF,0.16579872334094656,0.07830191509759282,0.7558993615614605
25950,GOF,0.05557144612148398,0.48968150382792086,0.4547470500505952
25951,LOF,0.01379558301751733,0.40050345887412936,0.5857009581083533
25952,LOF,0.24933666528277573,0.1993838907619681,0.5512794439552562
25953,LOF,0.008434209384231735,0.20970161509024718,0.781864175525521
25954,LOF,0.07741221185835494,0.30753973609303936,0.6150480520486058
25955,LOF,0.00721957578492737,0.2126938489528121,0.7800865752622604
25956,LOF,0.013438474715801499,0.30813860270107585,0.6784229225831226
25957,LOF,0.1732210186201162,0.032107055195081786,0.7946719261848019
25958,LOF,0.03373266271499829,0.06324742707099099,0.9030199102140106
25959,GOF,0.007242178194445873,0.80652015137901,0.18623767042654404
25960,LOF,0.00504198763165733,0.11310912980716434,0.8818488825611783
25961,LOF,0.03155927006192399,0.04892029425558281,0.9195204356824932
25962,LOF,0.04802035944410799,0.09020445100989802,0.861775189545994
25963,LOF,0.007104485087425076,0.16770341617336784,0.8251920987392071
25964,LOF,0.025992666380292323,0.13100609340374753,0.8430012402159602
25965,LOF,0.24994588723549038,0.13114198626250784,0.6189121265020018
25966,LOF,0.3810001198567799,0.0991517450057263,0.5198481351374938
25967,LOF,0.00831241197286687,0.06764336197707495,0.9240442260500582
25968,LOF,0.040813455114756536,0.21466581656411546,0.7445207283211279
25969,LOF,0.17146554034956848,0.04943227848148165,0.7791021811689499
25970,LOF,0.06849419175350342,0.08381840120346734,0.8476874070430293
25971,LOF,0.08495545684919831,0.03487536557104272,0.8801691775797589
25972,LOF,0.08347934584461321,0.06204378223362394,0.8544768719217629
25973,LOF,0.06795464783525319,0.010872550667439699,0.9211728014973072
25974,LOF,0.03834365754125403,0.03936965957807362,0.9222866828806723
25975,LOF,0.044341859376144446,0.019352651794316177,0.9363054888295395
25976,LOF,0.08651245705606024,0.011583105927128662,0.901904437016811
25977,LOF,0.2566621127756841,0.05798892767045476,0.6853489595538612
25978,LOF,0.17530478965830013,0.12530766839171265,0.6993875419499872
25979,LOF,0.14150658001137345,0.14506666184029432,0.7134267581483322
25980,LOF,0.23761354944587262,0.2042279824055793,0.5581584681485481
25981,LOF,0.23894541209893033,0.20580829483520996,0.5552462930658597
25982,LOF,0.43799060483410135,0.0944379694275995,0.4675714257382992
25983,Neutral,0.4487406432781811,0.11645187709512235,0.4348074796266966
25984,LOF,0.04112446884884599,0.08432481732473664,0.8745507138264174
25985,LOF,0.4260575639038471,0.11826161129481678,0.4556808248013361
25986,LOF,0.012963543820199966,0.46053831501869485,0.5264981411611052
25987,LOF,0.047481193556653825,0.09587681200454248,0.8566419944388036
25988,LOF,0.04050536293589535,0.13572646432856755,0.823768172735537
25989,LOF,0.04646478108272461,0.17383121974178894,0.7797039991754865
25990,LOF,0.03984785593973873,0.26261267494518814,0.6975394691150731
25991,LOF,0.02374693292492527,0.4796883023437253,0.4965647647313493
25992,LOF,0.016426823907106824,0.44490512385470055,0.5386680522381926
25993,LOF,0.028339733819668905,0.07223816397768838,0.8994221022026427
25994,LOF,0.02373280293197966,0.0785937351443375,0.8976734619236828
25995,LOF,0.019905306271856726,0.12740257171112995,0.8526921220170133
25996,Neutral,0.3795459829212338,0.3697665303849558,0.25068748669381036
25997,LOF,0.0669680684615942,0.43822394225721883,0.49480798928118697
25998,LOF,0.26961219738356057,0.03675381023155498,0.6936339923848844
25999,LOF,0.03600650717020723,0.12677503726992218,0.8372184555598706
26000,LOF,0.14460275421239904,0.016279727038992546,0.8391175187486084
26001,LOF,0.25190597791822705,0.019194296973014124,0.7288997251087588
26002,LOF,0.11822601774027175,0.026635406910182412,0.8551385753495457
26003,GOF,0.007797289572092789,0.6533035215880563,0.3388991888398508
26004,GOF,0.01659977890814777,0.6532785938459205,0.3301216272459318
26005,LOF,0.005566892315975734,0.4933180552968917,0.5011150523871326
26006,GOF,0.10188876933766662,0.5548964555926725,0.3432147750696608
26007,GOF,0.011061668611698959,0.5311224264790786,0.45781590490922247
26008,GOF,0.005972315249653163,0.6066239181415881,0.3874037666087587
26009,GOF,0.01207563250086055,0.6321189832925804,0.3558053842065591
26010,GOF,0.010178422628869784,0.612904534127818,0.3769170432433122
26011,LOF,0.004284980061990573,0.4399361313022492,0.5557788886357603
26012,GOF,0.004644407055929786,0.5679748206384767,0.42738077230559346
26013,GOF,0.009229139090688454,0.5661989521086463,0.42457190880066525
26014,LOF,0.06822682421879085,0.12108071823679749,0.8106924575444118
26015,LOF,0.36472841038465353,0.043139329429234596,0.5921322601861119
26016,LOF,0.28095962052466433,0.059679385479339715,0.659360993995996
26017,LOF,0.012851031293632794,0.25454738778620783,0.7326015809201594
26018,LOF,0.024387171420966254,0.08767595983780627,0.8879368687412275
26019,LOF,0.023874229633775463,0.0792508160369295,0.8968749543292951
26020,LOF,0.007378028036969021,0.23613751824172904,0.7564844537213019
26021,LOF,0.07316615411985518,0.10875627192478897,0.818077573955356
26022,LOF,0.03593677182353127,0.04538137963615835,0.9186818485403104
26023,LOF,0.01960573469895456,0.06235959393117576,0.9180346713698696
26024,LOF,0.052154351486221766,0.08588379506236049,0.8619618534514177
26025,LOF,0.11475900544256569,0.10349508140173619,0.7817459131556981
26026,LOF,0.11232042252649964,0.08369331892268378,0.8039862585508165
26027,LOF,0.023261618909526563,0.039678547297602604,0.9370598337928708
26028,LOF,0.08895638239444814,0.19187906782923955,0.7191645497763124
26029,LOF,0.022319611085546393,0.17436872181071245,0.8033116671037411
26030,LOF,0.13037002998854363,0.023478287314162294,0.8461516826972941
26031,LOF,0.010198538111726257,0.14088413261656407,0.8489173292717097
26032,LOF,0.03780761289641683,0.045351603438245694,0.9168407836653375
26033,LOF,0.03846126320766945,0.04876783073665158,0.912770906055679
26034,LOF,0.01594232672240835,0.1163561005233435,0.8677015727542482
26035,LOF,0.012582200928940477,0.10951273729421877,0.8779050617768407
26036,LOF,0.011813401957737342,0.09505817250538806,0.8931284255368745
26037,LOF,0.010774448151411343,0.10188762502639283,0.8873379268221958
26038,LOF,0.03087466831990528,0.03871338055842413,0.9304119511216706
26039,LOF,0.034093839109788054,0.13178345601058788,0.8341227048796239
26040,LOF,0.08162189924426352,0.11721866902125867,0.8011594317344779
26041,LOF,0.013761057481440776,0.09785911582872955,0.8883798266898297
26042,LOF,0.013611321992081865,0.10338768994455516,0.8830009880633629
26043,LOF,0.030812151415872808,0.05984431711444003,0.9093435314696872
26044,LOF,0.009122416640090978,0.045819994505032345,0.9450575888548767
26045,LOF,0.07513833614998659,0.13665242815454087,0.7882092356954725
26046,LOF,0.027962257777228737,0.04631463596584277,0.9257231062569286
26047,LOF,0.05514683350452421,0.04745579230862223,0.8973973741868535
26048,LOF,0.08284680319229924,0.01956396238019521,0.8975892344275056
26049,Neutral,0.9370726734185821,0.007428073157295371,0.05549925342412253
26050,Neutral,0.9042998336330855,0.007786319440459392,0.08791384692645501
26051,LOF,0.025399665872621487,0.057217543113793574,0.917382791013585
26052,LOF,0.03105777837035265,0.053573425757096275,0.9153687958725509
26053,LOF,0.023179061138874926,0.11850857198313462,0.8583123668779905
26054,LOF,0.04917546928528065,0.03629308655599991,0.9145314441587196
26055,LOF,0.07414502353167986,0.03386704317663098,0.8919879332916892
26056,LOF,0.06149304638916332,0.04199413498398378,0.896512818626853
26057,LOF,0.06307919385586483,0.019806731292480645,0.9171140748516546
26058,LOF,0.06720469847490115,0.015467196708308211,0.9173281048167907
26059,LOF,0.20572731608841058,0.03874422502689965,0.7555284588846898
26060,LOF,0.025996919800737917,0.16540327544984412,0.808599804749418
26061,LOF,0.013137167168487911,0.012034427152067763,0.9748284056794444
26062,LOF,0.007018727467544513,0.018499894065327177,0.9744813784671285
26063,LOF,0.0443844468201853,0.015481044001944111,0.9401345091778707
26064,LOF,0.015314373235015314,0.019154532281581704,0.9655310944834029
26065,LOF,0.058078933729094354,0.019139148430573388,0.9227819178403323
26066,LOF,0.04250350544080314,0.01526701216727408,0.9422294823919228
26067,LOF,0.04824520031631021,0.015288926342594251,0.9364658733410954
26068,LOF,0.055739320057673354,0.04769292242617066,0.8965677575161559
26069,LOF,0.2964959886306423,0.033266947802411864,0.6702370635669459
26070,Neutral,0.5447564904660739,0.02262246698814487,0.43262104254578126
26071,LOF,0.05103078555088396,0.017007872517509508,0.9319613419316066
26072,LOF,0.008898226292135181,0.022897255102697016,0.9682045186051679
26073,LOF,0.040452198862469986,0.01853104321955675,0.9410167579179733
26074,Neutral,0.8558651273396062,0.012488022663913778,0.13164684999648024
26075,LOF,0.05806044550159556,0.02640891722922011,0.9155306372691843
26076,LOF,0.05352275179439082,0.016032196494722144,0.930445051710887
26077,LOF,0.1614178626929747,0.008469518399677575,0.8301126189073477
26078,LOF,0.007919275162663815,0.018585651238784865,0.9734950735985513
26079,LOF,0.06720424619640981,0.026073841855842928,0.9067219119477473
26080,LOF,0.06625167765401217,0.026051935736181222,0.9076963866098066
26081,LOF,0.035495121339013724,0.01275627467555751,0.9517486039854287
26082,LOF,0.006489182649537188,0.021630731285605942,0.971880086064857
26083,LOF,0.11066175071383047,0.029225738934645897,0.8601125103515236
26084,LOF,0.1167456023510956,0.022130095069329576,0.8611243025795748
26085,LOF,0.10230253067405913,0.01804843874920633,0.8796490305767346
26086,LOF,0.04377573466557662,0.016615657429197274,0.9396086079052262
26087,LOF,0.03711785287612038,0.013962877117927427,0.9489192700059522
26088,LOF,0.007689527655800639,0.025041249970421703,0.9672692223737777
26089,LOF,0.04489096717651304,0.04043784991272843,0.9146711829107586
26090,LOF,0.045436613221635246,0.03186636236854059,0.922697024409824
26091,LOF,0.02896502776124879,0.01167204405260842,0.9593629281861429
26092,LOF,0.04933031804649644,0.012128616549740732,0.9385410654037627
26093,LOF,0.08519383193068525,0.008828600378133091,0.9059775676911817
26094,LOF,0.03551139062448981,0.01104501461538722,0.9534435947601231
26095,LOF,0.021293843897044112,0.021126275799617403,0.9575798803033384
26096,LOF,0.21038353503727453,0.0056660802795494205,0.7839503846831761
26097,LOF,0.008031892609999655,0.043039727943706495,0.9489283794462937
26098,LOF,0.12188180037884769,0.02320158981694305,0.8549166098042094
26099,LOF,0.04185026677783404,0.02647473733897401,0.931674995883192
26100,LOF,0.04185026677783404,0.02647473733897401,0.931674995883192
26101,LOF,0.0634388590418393,0.045061104314503705,0.891500036643657
26102,LOF,0.03451163311167577,0.025794432896904394,0.9396939339914198
26103,Neutral,0.8915866616595348,0.03163030230809487,0.07678303603237037
26104,LOF,0.06210558192219721,0.04729087867164424,0.8906035394061586
26105,LOF,0.2615884428163148,0.11754459326696841,0.6208669639167167
26106,LOF,0.3125325998697959,0.06069044048715595,0.626776959643048
26107,LOF,0.02043341670365914,0.07732273843731964,0.9022438448590212
26108,LOF,0.2591350050173604,0.041108058782713425,0.6997569361999263
26109,LOF,0.07829869766123976,0.03168635807230382,0.8900149442664564
26110,LOF,0.44780740657040013,0.01210382793418207,0.5400887654954178
26111,LOF,0.07117309384653936,0.11270771609012512,0.8161191900633354
26112,LOF,0.05992453674378282,0.012011320942669363,0.9280641423135477
26113,LOF,0.11894482811679573,0.027287491892295183,0.8537676799909091
26114,LOF,0.10331747037095441,0.005775947739133775,0.8909065818899119
26115,LOF,0.015802089607073327,0.04539524515168097,0.9388026652412457
26116,LOF,0.0824298672183203,0.019319100984204637,0.898251031797475
26117,LOF,0.3440200028918976,0.042728349691473266,0.6132516474166292
26118,LOF,0.048887583234590914,0.02081617313269603,0.9302962436327131
26119,LOF,0.005862775666688152,0.10272411919726733,0.8914131051360444
26120,LOF,0.03363196737519052,0.0199115072067963,0.9464565254180131
26121,LOF,0.003232005951513459,0.15937401297500778,0.8373939810734788
