feature0,prediction,LoGoFunc_Neutral,LoGoFunc_GOF,LoGoFunc_LOF
25546,Neutral,0.7543150303012179,0.039116876151334246,0.2065680935474478
25547,Neutral,0.5975365813074773,0.0892947355394946,0.3131686831530279
25548,Neutral,0.6275933310293026,0.06858937600820517,0.3038172929624922
25549,Neutral,0.5624303762943706,0.06878893670035902,0.3687806870052702
25550,LOF,0.37988042161387087,0.1422700008446863,0.4778495775414428
25551,LOF,0.3044622321760594,0.15210883953050996,0.5434289282934306
25552,LOF,0.23036576804490458,0.14342658768653171,0.6262076442685637
25553,Neutral,0.8570317270333584,0.029610498720372563,0.11335777424626899
25554,LOF,0.2646838217107855,0.13386574938804618,0.6014504289011683
25555,LOF,0.22168192524309743,0.11772692837973558,0.660591146377167
25556,Neutral,0.4744301509504654,0.11265452454841186,0.4129153245011227
25557,LOF,0.20921902730451508,0.12154044709106909,0.6692405256044159
25558,LOF,0.24602928568454618,0.1308666982355127,0.623104016079941
25559,LOF,0.34382944334059967,0.14483119527231786,0.5113393613870825
25560,LOF,0.07129287815418371,0.1376158933103435,0.7910912285354728
25561,LOF,0.16068196391086567,0.12492778546684528,0.7143902506222891
25562,LOF,0.09344790612206355,0.0708465940439246,0.8357054998340118
25563,LOF,0.10414963957608257,0.08519975220520057,0.8106506082187169
25564,LOF,0.19308648841621456,0.146833870947536,0.6600796406362495
25565,LOF,0.13345087056019136,0.1340277034996044,0.7325214259402042
25566,GOF,0.01725462155550627,0.7628146920389283,0.21993068640556557
25567,LOF,0.018455297167859763,0.234764165546436,0.7467805372857043
25568,LOF,0.05367314490177388,0.09594809669473886,0.8503787584034873
25569,LOF,0.05724986214139012,0.09335093923269502,0.849399198625915
25570,LOF,0.031019792653847432,0.14570783345614283,0.8232723738900097
25571,LOF,0.028895769101358642,0.13637544895896844,0.8347287819396729
25572,LOF,0.04669369556085037,0.16073903776677673,0.792567266672373
25573,LOF,0.03168661507537378,0.13039702156382146,0.8379163633608048
25574,LOF,0.019347939380020746,0.1968801588562382,0.783771901763741
25575,LOF,0.023230262429760853,0.1497060243726938,0.8270637131975453
25576,LOF,0.014603830353773774,0.17391484461429543,0.8114813250319307
25577,LOF,0.012528527927516823,0.16012783382792858,0.8273436382445546
25578,LOF,0.27435473808976946,0.1173395603021684,0.6083057016080622
25579,LOF,0.11892793497216247,0.13551814191924308,0.7455539231085945
25580,LOF,0.016868523136583394,0.11517584796313683,0.8679556289002798
25581,LOF,0.04846920696634548,0.09748846220638883,0.8540423308272657
25582,LOF,0.04790810024543404,0.09613110979709408,0.8559607899574718
25583,LOF,0.018653743968454126,0.1335145165374504,0.8478317394940954
25584,Neutral,0.48849620366449614,0.14339360933526007,0.36811018700024384
25585,LOF,0.01890243679281384,0.1701861287298719,0.8109114344773143
25586,LOF,0.016141457933797676,0.1059167266191797,0.8779418154470227
25587,LOF,0.016526239777399917,0.0993515752236633,0.8841221849989368
25588,LOF,0.0163130042190777,0.11852180053161984,0.8651651952493025
25589,Neutral,0.5896248960746119,0.14759260282558573,0.2627825010998024
25590,LOF,0.030556851069821197,0.16161852978505348,0.8078246191451254
25591,LOF,0.08914914641081785,0.08530682291073344,0.8255440306784487
25592,LOF,0.05060655289065679,0.17930423453532837,0.7700892125740149
25593,LOF,0.022757307038661703,0.30692034453727685,0.6703223484240615
25594,LOF,0.045705492478272235,0.1340681442150773,0.8202263633066506
25595,LOF,0.058099700895523916,0.09720472246831498,0.8446955766361611
25596,LOF,0.06745704467617306,0.07529929880325179,0.8572436565205752
25597,LOF,0.04400586853822366,0.07869904082640589,0.8772950906353704
25598,LOF,0.04626467357080641,0.12426394725517956,0.829471379174014
25599,GOF,0.006313262946199691,0.5559075410168228,0.4377791960369775
25600,GOF,0.021870732249690036,0.5949204567132407,0.38320881103706933
25601,LOF,0.014846044753123918,0.439103681293659,0.5460502739532171
25602,LOF,0.028416414006501255,0.03778897599890749,0.9337946099945913
25603,LOF,0.051639302596104004,0.016896919784403733,0.9314637776194922
25604,LOF,0.03040070636377927,0.05090657835635351,0.9186927152798672
25605,LOF,0.008804491993009082,0.1999466299364961,0.7912488780704948
25606,LOF,0.11729521473913507,0.3650684860338512,0.5176362992270137
25607,LOF,0.005415219856747762,0.2029668822186054,0.7916178979246468
25608,LOF,0.02224099286606584,0.0769225242666103,0.9008364828673239
25609,LOF,0.07483611882218028,0.4133916823682533,0.5117721988095664
25610,LOF,0.017852939887866175,0.024364610046382962,0.9577824500657509
25611,LOF,0.020593475320169988,0.024069434283939713,0.9553370903958903
25612,LOF,0.09183250916916742,0.03548401184130404,0.8726834789895286
25613,LOF,0.07897621912124157,0.037094093289939366,0.8839296875888191
25614,LOF,0.023236715593221203,0.027058834163773793,0.9497044502430051
25615,LOF,0.029852348889682717,0.04153343287221595,0.9286142182381014
25616,LOF,0.05503541581945874,0.0268449660996601,0.9181196180808813
25617,LOF,0.05640333363648059,0.031073434179234086,0.9125232321842852
25618,LOF,0.07605891599327468,0.03273366396090215,0.8912074200458231
25619,LOF,0.016816464151913763,0.02925042652267874,0.9539331093254074
25620,LOF,0.06849282500439086,0.0334117045872436,0.8980954704083656
25621,LOF,0.03312704508696386,0.03012292417849958,0.9367500307345364
25622,LOF,0.045078920676483496,0.027875063080306968,0.9270460162432095
25623,LOF,0.060947814028337446,0.025151606651006155,0.9139005793206564
25624,LOF,0.020209301835511752,0.033621983948807124,0.9461687142156812
25625,LOF,0.04586543906869861,0.04028692867121742,0.913847632260084
25626,LOF,0.06913767180081251,0.032546829845350046,0.8983154983538375
25627,Neutral,0.5458721764870909,0.11801461808278868,0.3361132054301205
25628,LOF,0.20513677587593454,0.047202968650465506,0.7476602554735999
25629,LOF,0.05821223271541738,0.055552041505090126,0.8862357257794924
25630,LOF,0.15406080165687755,0.08527355806644694,0.7606656402766756
25631,Neutral,0.610679425026036,0.04903853898607852,0.3402820359878856
25632,LOF,0.009573533830336066,0.12009500268906464,0.8703314634805992
25633,LOF,0.2057856173720079,0.06962957671224021,0.7245848059157519
25634,LOF,0.03148928764173768,0.11344357996639819,0.8550671323918642
25635,LOF,0.028755367942457536,0.07776154314656944,0.893483088910973
25636,GOF,0.005861066515689123,0.5909478239063047,0.40319110957800613
25637,GOF,0.007147043563052957,0.598020797614472,0.394832158822475
25638,LOF,0.012795218692694071,0.2878094637873825,0.6993953175199233
25639,LOF,0.006170914506384594,0.4778403459033064,0.5159887395903091
25640,GOF,0.4353525331665357,0.47760505628151395,0.08704241055195032
25641,LOF,0.013207578215031232,0.30676535237984387,0.6800270694051249
25642,LOF,0.27749381194372474,0.06657518822904634,0.6559309998272289
25643,LOF,0.1992026457239818,0.23281321219528184,0.5679841420807363
25644,GOF,0.011140858474655081,0.5322320702470442,0.4566270712783009
25645,LOF,0.008900797397588558,0.48664443812833913,0.5044547644740723
25646,LOF,0.014053646890056679,0.3254954444560962,0.6604509086538471
25647,LOF,0.011771968486141513,0.2706508614297069,0.7175771700841517
25648,LOF,0.011267739507605942,0.26896109292722054,0.7197711675651736
25649,LOF,0.009076689885544395,0.1877598228437943,0.8031634872706613
25650,LOF,0.016483836674651975,0.4090467465344891,0.5744694167908589
25651,LOF,0.006938741979507764,0.2704302234649226,0.7226310345555697
25652,LOF,0.011157010945312419,0.2516138341041746,0.737229154950513
25653,LOF,0.04192326606912412,0.3769175028955528,0.5811592310353231
25654,LOF,0.011768226205825986,0.1687352871757724,0.8194964866184016
25655,LOF,0.0650918852430097,0.409974305903918,0.5249338088530724
25656,LOF,0.20590985406684634,0.051785682861886305,0.7423044630712674
25657,LOF,0.35359633156195663,0.022807016926410253,0.6235966515116331
25658,LOF,0.073535836064645,0.07219097688533464,0.8542731870500204
25659,LOF,0.40867683574769337,0.06645630346704291,0.5248668607852637
25660,LOF,0.03337955904354149,0.09715812901015859,0.8694623119463
25661,LOF,0.10438269491866958,0.06338773081553718,0.8322295742657934
25662,LOF,0.02464971960736572,0.04683888795672326,0.928511392435911
25663,LOF,0.03316315799651296,0.06727688780082312,0.899559954202664
25664,LOF,0.06167172918005017,0.07111578512141903,0.8672124856985307
25665,LOF,0.05749031520131619,0.037795896016473124,0.9047137887822106
25666,LOF,0.060633412349614994,0.10327208237532808,0.836094505275057
25667,LOF,0.07356042558380255,0.0494000313895024,0.8770395430266951
25668,LOF,0.02647239849753058,0.054262100290614595,0.9192655012118548
25669,LOF,0.028983037890878114,0.07888248692073331,0.8921344751883886
25670,LOF,0.09583085455104477,0.08069363332098824,0.823475512127967
25671,LOF,0.09213537605688357,0.04410865929811581,0.8637559646450006
25672,LOF,0.0631042366574844,0.05090620401946412,0.8859895593230516
25673,LOF,0.04664732815540062,0.05959663634384843,0.8937560355007509
25674,LOF,0.0410244498492263,0.062197857273575345,0.8967776928771983
25675,LOF,0.06842687677815654,0.06015319379754225,0.8714199294243012
25676,LOF,0.02061215853089985,0.06249985150732153,0.9168879899617786
25677,LOF,0.030307335778383248,0.07147117407297116,0.8982214901486455
25678,LOF,0.19108826296872627,0.04474029596321834,0.7641714410680553
25679,LOF,0.16265880627780563,0.07016741695213657,0.7671737767700577
25680,LOF,0.03209319189197446,0.106886520171523,0.8610202879365024
25681,LOF,0.051202840669921076,0.1010492616845806,0.8477478976454983
25682,LOF,0.11046005878455788,0.07402416684829985,0.8155157743671424
25683,LOF,0.135264306999831,0.09421387523095885,0.7705218177692101
25684,LOF,0.044542073291356184,0.07914223074577566,0.8763156959628682
25685,LOF,0.1348629196861656,0.04771950828990157,0.8174175720239328
25686,LOF,0.03464041149512972,0.0994684259410136,0.8658911625638567
25687,LOF,0.03800411707506561,0.088476225585153,0.8735196573397813
25688,LOF,0.034956081749549686,0.08346970944114092,0.8815742088093095
25689,LOF,0.02459129107098901,0.08133973158677228,0.8940689773422386
25690,LOF,0.026903257077999336,0.07924453799528794,0.8938522049267127
25691,LOF,0.24186779586518825,0.09745068590640597,0.6606815182284057
25692,LOF,0.35242771130224626,0.008774271356253532,0.6387980173415001
25693,LOF,0.08535099051605385,0.19680656168195598,0.7178424478019902
25694,LOF,0.2596432394689851,0.016481039829852388,0.7238757207011625
25695,LOF,0.1699784844721868,0.020800851886756077,0.809220663641057
25696,LOF,0.14963358066369917,0.011658234150545038,0.8387081851857557
25697,LOF,0.1628515750286944,0.02599487042434074,0.8111535545469648
25698,LOF,0.048509813037272795,0.4441930866351083,0.5072971003276189
25699,LOF,0.09156613532718397,0.08945527487931645,0.8189785897934997
25700,LOF,0.060479023497110984,0.009385918013229235,0.9301350584896597
25701,LOF,0.01669977307494549,0.08076073075927824,0.9025394961657763
25702,GOF,0.02816539193950054,0.7000996963655907,0.2717349116949088
25703,LOF,0.01056887414086273,0.16887186783934782,0.8205592580197895
25704,LOF,0.04052112090613877,0.16012127902817716,0.7993576000656841
25705,LOF,0.04999148215424,0.22084514735754854,0.7291633704882114
25706,GOF,0.04820117085271781,0.5793615239770183,0.37243730517026397
25707,LOF,0.024611201029721513,0.46739184094144925,0.5079969580288292
25708,LOF,0.008101529182020888,0.3988162793501278,0.5930821914678513
25709,LOF,0.05315651771915268,0.05601596104700016,0.8908275212338471
25710,LOF,0.007271898104988527,0.15941529164789564,0.8333128102471159
25711,LOF,0.01907242962695754,0.1033428968610951,0.8775846735119474
25712,LOF,0.009995810350453773,0.18257585543807564,0.8074283342114706
25713,LOF,0.01722481338868133,0.08731899212982204,0.8954561944814967
25714,LOF,0.06280714648079445,0.11627590912522791,0.8209169443939776
25715,LOF,0.013102549341779408,0.1163522670923781,0.8705451835658425
25716,LOF,0.008743371751574015,0.09641251413193036,0.8948441141164956
25717,LOF,0.006615775933700669,0.10606133447115154,0.8873228895951478
25718,LOF,0.014202235550119785,0.08060693404838397,0.9051908304014963
25719,LOF,0.021363959890701417,0.0844735091508729,0.8941625309584256
25720,LOF,0.02208017870185601,0.07805616442130164,0.8998636568768424
25721,LOF,0.015222546059138926,0.10205276799277653,0.8827246859480846
25722,LOF,0.01315704035524719,0.12537370602704845,0.8614692536177043
25723,LOF,0.019123545218793326,0.062233052682897666,0.918643402098309
25724,LOF,0.023623741548344106,0.09422433404282338,0.8821519244088326
25725,LOF,0.01353389415838663,0.07047325811347918,0.9159928477281343
25726,LOF,0.011472407092312606,0.09794834460815408,0.8905792482995333
25727,LOF,0.014312245266766358,0.08400288320595334,0.9016848715272804
25728,LOF,0.012214742429801688,0.10644994016479052,0.8813353174054077
25729,LOF,0.012699224117834865,0.10961109943227836,0.8776896764498867
25730,LOF,0.01340169077108961,0.08958883539304584,0.8970094738358646
25731,LOF,0.012950918124126744,0.1286431244279976,0.8584059574478756
25732,LOF,0.013242770091534519,0.09154958027732187,0.8952076496311437
25733,LOF,0.018335848402404317,0.07506736953860549,0.9065967820589901
25734,LOF,0.006981856354575638,0.14723150719173253,0.8457866364536919
25735,LOF,0.015841439095346816,0.07478447829144347,0.9093740826132096
25736,LOF,0.014971544651447595,0.11026652373569934,0.8747619316128531
25737,LOF,0.026434784407503038,0.08853985669360133,0.8850253588988957
25738,LOF,0.014549091846471638,0.1342071154210419,0.8512437927324864
25739,LOF,0.02045659245123378,0.11069090069935639,0.8688525068494097
25740,LOF,0.031192768925915607,0.12485311533277524,0.8439541157413092
25741,LOF,0.01578981869758786,0.09826114485742207,0.88594903644499
25742,LOF,0.09932994050080457,0.09320320731811846,0.8074668521810769
25743,LOF,0.014934393237108892,0.04717767793758947,0.9378879288253016
25744,GOF,0.18418659170706445,0.44565632034943253,0.37015708794350305
25745,LOF,0.024593037911526134,0.07017827253626707,0.9052286895522068
25746,LOF,0.013374162829815838,0.08472923723929061,0.9018965999308934
25747,LOF,0.023675464789383153,0.041539016790507054,0.9347855184201097
25748,LOF,0.13790042495442026,0.0701541648769673,0.7919454101686124
25749,LOF,0.012594111589289251,0.05706034811481216,0.9303455402958987
25750,LOF,0.028144738442262198,0.08320524578142209,0.8886500157763156
25751,LOF,0.09619387218937274,0.07235623379169208,0.8314498940189352
25752,GOF,0.09354816511508744,0.6461454881688421,0.2603063467160705
25753,LOF,0.009794717372638897,0.3933470830612405,0.5968581995661205
25754,GOF,0.004792525052258043,0.8472700148881172,0.14793746005962483
25755,LOF,0.013411761799084886,0.4196083874638458,0.5669798507370692
25756,LOF,0.050307311471522884,0.4225749739732501,0.5271177145552269
25757,GOF,0.0057453320738537084,0.867335945510309,0.1269187224158373
25758,GOF,0.00711765793739299,0.8552253870119554,0.1376569550506517
25759,GOF,0.004661887477719148,0.5672490576722732,0.4280890548500077
25760,LOF,0.006614552784109761,0.3054911103441006,0.6878943368717897
25761,GOF,0.047356594119585586,0.8310817764323762,0.12156162944803811
25762,LOF,0.03038507121228811,0.35007008543056023,0.6195448433571517
25763,LOF,0.007563271585769269,0.23890682984119807,0.7535298985730327
25764,GOF,0.11631272288616246,0.5561081961320815,0.3275790809817559
25765,GOF,0.011082956404299724,0.7981934988915449,0.19072354470415534
25766,GOF,0.026161001636938425,0.8013109477475806,0.172528050615481
25767,LOF,0.0258111491860793,0.45510410584201877,0.5190847449719019
25768,LOF,0.07725580114914773,0.06101833417798461,0.8617258646728676
25769,LOF,0.07058617473411355,0.060965500649524745,0.8684483246163617
25770,LOF,0.1446178972731541,0.06566719572420353,0.7897149070026425
25771,LOF,0.01929583755250321,0.06673785491065237,0.9139663075368445
25772,LOF,0.01481650509762533,0.02808716797227725,0.9570963269300974
25773,LOF,0.01650945442376601,0.08044805579770078,0.9030424897785331
25774,LOF,0.026630194701770308,0.0852116555849389,0.8881581497132908
25775,LOF,0.026065782116748586,0.03831623712522547,0.9356179807580259
25776,LOF,0.07797302939282451,0.0223864542964585,0.899640516310717
25777,LOF,0.15213366171135284,0.06595702832491139,0.7819093099637358
25778,LOF,0.06313239004233365,0.04272705184327176,0.8941405581143946
25779,GOF,0.05434697099047198,0.8825162664826554,0.06313676252687275
25780,GOF,0.052070655946721986,0.8826591546288326,0.06527018942444532
25781,GOF,0.021765445974634222,0.8672877520730506,0.11094680195231528
25782,GOF,0.024788897777806865,0.8948051861798626,0.08040591604233065
25783,GOF,0.014707708080172686,0.7258697948992914,0.2594224970205358
25784,GOF,0.13157103233772285,0.8237300009959801,0.044698966666296976
25785,GOF,0.0623928901691138,0.8916679348223836,0.04593917500850272
25786,GOF,0.0044692187498925305,0.8155422526792734,0.179988528570834
25787,GOF,0.13832146304333867,0.829490232079459,0.032188304877202235
25788,LOF,0.0436674799679799,0.15108648604543265,0.8052460339865875
25789,GOF,0.0301025174788501,0.8600672669263864,0.10983021559476348
25790,GOF,0.03499222813916783,0.873686438804643,0.09132133305618904
25791,GOF,0.02723805755484562,0.8312859965740484,0.14147594587110593
25792,GOF,0.04266340205895622,0.836641396321837,0.1206952016192067
25793,GOF,0.09301336076689554,0.8044690608028621,0.10251757843024233
25794,GOF,0.09444383722942663,0.7430973331847164,0.1624588295858569
25795,GOF,0.03821646852728267,0.7274379219623007,0.23434560951041672
25796,GOF,0.10912513161170397,0.7802936841211032,0.1105811842671927
25797,GOF,0.03447624396953307,0.6492228219602896,0.31630093407017734
25798,GOF,0.002681240015681565,0.6157689385321897,0.3815498214521288
25799,LOF,0.0027303435299058714,0.4911748024734186,0.5060948539966754
25800,GOF,0.010852571628220195,0.6780013417191418,0.31114608665263804
25801,GOF,0.023745142691405253,0.857239752309249,0.11901510499934582
25802,GOF,0.017401438058332327,0.7904626975861347,0.19213586435553284
25803,GOF,0.009500600863897072,0.6798000425584199,0.31069935657768305
25804,GOF,0.011381845049453953,0.5816217282887859,0.40699642666176017
25805,GOF,0.019301366394186795,0.7073175731854587,0.27338106042035437
25806,GOF,0.0155268884643139,0.7377528624633046,0.24672024907238158
25807,GOF,0.0048192430558883686,0.7015704983720025,0.2936102585721091
25808,GOF,0.013382546137191252,0.7317335640315006,0.2548838898313081
25809,GOF,0.0052443780207848045,0.7221823719257204,0.2725732500534947
25810,GOF,0.004381818221421994,0.7319614931332157,0.2636566886453624
25811,GOF,0.059971009790936176,0.8454020127965467,0.09462697741251712
25812,GOF,0.014619371660740163,0.693408026660054,0.2919726016792059
25813,GOF,0.09038642212372666,0.8078746845584343,0.10173889331783915
25814,GOF,0.021266166340385223,0.8040363558743883,0.17469747778522657
25815,GOF,0.031923505805301663,0.8018381874270586,0.1662383067676397
25816,GOF,0.006706826158005517,0.8460857577626962,0.14720741607929824
25817,GOF,0.0931599340722141,0.7568777422245949,0.14996232370319085
25818,GOF,0.01892542475268745,0.771033362192463,0.21004121305484957
25819,GOF,0.05411023004947053,0.7540843086842886,0.19180546126624093
25820,GOF,0.026489296761639303,0.7519042905531885,0.22160641268517217
25821,GOF,0.015700876703067433,0.7342846686443361,0.25001445465259636
25822,GOF,0.030399247193374668,0.752887625763336,0.2167131270432894
25823,GOF,0.012093291749060396,0.602624414303332,0.38528229394760755
25824,GOF,0.020508241884333634,0.7259379108996435,0.2535538472160228
25825,GOF,0.01317961094889652,0.7067783850824659,0.2800420039686376
25826,GOF,0.005038870017726041,0.6799032853344947,0.3150578446477793
25827,GOF,0.0077407513291426885,0.6657351444220966,0.32652410424876066
25828,GOF,0.005262877249038438,0.6114094189712944,0.383327703779667
25829,GOF,0.002509804465799046,0.6662784827430369,0.3312117127911641
25830,LOF,0.0253305649926916,0.45918842552070543,0.5154810094866029
25831,GOF,0.045482664526692085,0.8266362640282935,0.12788107144501448
25832,GOF,0.006549672340370612,0.7845085612042355,0.208941766455394
25833,GOF,0.023028409188878118,0.8333922738054265,0.1435793170056953
25834,GOF,0.006383441817513904,0.7916290862106166,0.20198747197186956
25835,GOF,0.013910960601246332,0.8452514909251152,0.1408375484736385
25836,GOF,0.004985075271917757,0.7880428672592156,0.20697205746886668
25837,GOF,0.004996972519721812,0.6938117906875998,0.30119123679267834
25838,GOF,0.013905596478565657,0.859396213953567,0.12669818956786716
25839,GOF,0.02751564508738459,0.8578247815815114,0.11465957333110408
25840,GOF,0.04818735525390907,0.8338360033251172,0.11797664142097371
25841,GOF,0.04499731250837042,0.8383384532004943,0.11666423429113523
25842,GOF,0.01880127123244498,0.8942754142123119,0.086923314555243
25843,GOF,0.017741168540865968,0.9007281910034415,0.08153064045569251
25844,GOF,0.013087693842843424,0.8270662283553625,0.1598460778017939
25845,GOF,0.004407117329647022,0.6275394651467119,0.3680534175236411
25846,GOF,0.0361929612433759,0.8455782925697648,0.11822874618685934
25847,GOF,0.013792421717538915,0.9096313563221827,0.07657622196027829
25848,GOF,0.012989255423357786,0.8555924389312533,0.131418305645389
25849,GOF,0.0040311638607532525,0.7209134644123932,0.27505537172685357
25850,GOF,0.005008702457714646,0.7313384404033002,0.2636528571389851
25851,GOF,0.004401258159786838,0.6206243076425113,0.37497443419770193
25852,GOF,0.12255866691144567,0.5819862272241815,0.2954551058643728
25853,GOF,0.06349034883801095,0.8495780570547129,0.08693159410727615
25854,GOF,0.008607612909802038,0.7040300016483808,0.2873623854418171
25855,GOF,0.012367011726443455,0.6373096264394654,0.35032336183409124
25856,GOF,0.030884457687339884,0.7663363547884546,0.20277918752420557
25857,GOF,0.010235323920443516,0.6127132216288234,0.37705145445073307
25858,GOF,0.006275692631315081,0.6021899616543862,0.39153434571429857
25859,GOF,0.004703573291676675,0.5762728544622661,0.4190235722460573
25860,GOF,0.05662967772668431,0.8250540044059644,0.11831631786735118
25861,GOF,0.11254401335150066,0.7901844760291057,0.09727151061939358
25862,GOF,0.017965157961320467,0.8623532810356053,0.1196815610030742
25863,GOF,0.016875474278651596,0.8700742544789699,0.11305027124237857
25864,GOF,0.041800227220673405,0.8619292725892382,0.09627050019008836
25865,GOF,0.03040099435378164,0.8265529211835715,0.14304608446264688
25866,GOF,0.020448322485456916,0.8528448873121764,0.1267067902023667
25867,GOF,0.025370818820211815,0.8739294369195721,0.10069974426021605
25868,GOF,0.04189846484780143,0.838606671529188,0.1194948636230106
25869,GOF,0.325787526848604,0.6053838462645698,0.06882862688682621
25870,GOF,0.18970522413371435,0.6339228360814692,0.17637193978481647
25871,GOF,0.019205941911658808,0.8910259370983752,0.08976812098996616
25872,GOF,0.015674728161904357,0.8600416650801445,0.12428360675795128
25873,GOF,0.015259073155765343,0.8839477385929463,0.1007931882512883
25874,LOF,0.015268606575457814,0.15280546911783932,0.8319259243067029
25875,LOF,0.04089457423585325,0.04659168101008805,0.9125137447540587
25876,LOF,0.022014708280483224,0.03222121401170583,0.945764077707811
25877,LOF,0.11803287883698582,0.08588931723765292,0.7960778039253611
25878,LOF,0.05419475195455175,0.11950635383975496,0.8262988942056934
25879,LOF,0.022572657512616275,0.09057444494445539,0.8868528975429283
25880,LOF,0.046923379760373654,0.010171153179527952,0.9429054670600984
25881,Neutral,0.550256156519898,0.06804812162313573,0.38169572185696626
25882,LOF,0.05665175574180132,0.030452384301513664,0.912895859956685
25883,LOF,0.04383931484423266,0.023173192221912792,0.9329874929338545
25884,LOF,0.025904783056257263,0.04304962934729872,0.931045587596444
25885,LOF,0.20748784447403437,0.013176748866710173,0.7793354066592555
25886,LOF,0.17306239521889363,0.05084818451325644,0.7760894202678499
25887,LOF,0.17405581699853295,0.06038679990023016,0.7655573831012369
25888,LOF,0.013620624469804518,0.12657742993106383,0.8598019455991316
25889,LOF,0.03558227610853661,0.027294905348661656,0.9371228185428018
25890,LOF,0.11543004692992762,0.1073121408876163,0.7772578121824562
25891,LOF,0.08622394916873495,0.020117572801120323,0.8936584780301449
25892,LOF,0.009413256433432226,0.031070207061886106,0.9595165365046817
25893,LOF,0.3703928986235011,0.00855588591693908,0.6210512154595598
25894,LOF,0.44174202826557507,0.0050751232962934255,0.5531828484381314
25895,LOF,0.365220726396488,0.010908943076564075,0.6238703305269478
25896,LOF,0.060114198743326526,0.024196554043220325,0.9156892472134531
25897,LOF,0.18885272733144576,0.008443357238106717,0.8027039154304474
25898,LOF,0.2118649209456637,0.02807519998477355,0.7600598790695627
25899,LOF,0.22890168835254884,0.02357152378038394,0.7475267878670672
25900,LOF,0.4493727672421245,0.008813062023483188,0.5418141707343923
25901,LOF,0.04154852560588969,0.008902330765340498,0.9495491436287697
25902,LOF,0.09965808768826158,0.012989143250106796,0.8873527690616316
25903,LOF,0.3749937939045167,0.022887040762407596,0.6021191653330756
25904,LOF,0.4490764483266571,0.03108635758949501,0.519837194083848
25905,LOF,0.005806970047928389,0.4655691149101063,0.5286239150419654
25906,LOF,0.011141142386516485,0.11563393494419036,0.8732249226692931
25907,LOF,0.003394720113079443,0.37114756934876786,0.6254577105381527
25908,LOF,0.003715102906109505,0.2729610207625702,0.7233238763313203
25909,LOF,0.01300409346431972,0.1630785187270462,0.823917387808634
25910,LOF,0.018354871678838546,0.10990087930039548,0.8717442490207659
25911,LOF,0.3396882355900873,0.03324242042477885,0.6270693439851338
25912,LOF,0.06631974983948383,0.050297319343966605,0.8833829308165496
25913,LOF,0.05796669616799288,0.05751284820389698,0.8845204556281101
25914,LOF,0.020885165962456664,0.06507295246808185,0.9140418815694615
25915,LOF,0.10512548350211952,0.27649357129935764,0.6183809451985228
25916,LOF,0.019158926493604875,0.18498261686346232,0.7958584566429328
25917,LOF,0.066854162951587,0.04950427465991102,0.8836415623885019
25918,LOF,0.02595901139711895,0.03801651725492148,0.9360244713479596
25919,LOF,0.02235323295878862,0.0380307877088026,0.9396159793324087
25920,LOF,0.14041932005640578,0.17875966458762027,0.6808210153559741
25921,LOF,0.012114358157794575,0.040778995547968634,0.9471066462942368
25922,LOF,0.015859050745107586,0.03355986566479902,0.9505810835900934
25923,LOF,0.433172960588154,0.040071690560811,0.5267553488510349
25924,LOF,0.01721755709637327,0.05853854610199024,0.9242438968016365
25925,LOF,0.07390435023901695,0.05634339320758728,0.8697522565533958
25926,LOF,0.0567191762094539,0.049436169788766623,0.8938446540017794
25927,LOF,0.0177235935827185,0.0793662182299628,0.9029101881873187
25928,LOF,0.008351391054277311,0.057649610692808016,0.9339989982529147
25929,Neutral,0.5172487165657841,0.03801194872541785,0.4447393347087981
25930,LOF,0.0796617536125971,0.03598755825649223,0.8843506881309107
25931,LOF,0.00992776971173693,0.0378470303439017,0.9522251999443613
25932,LOF,0.02960837493570047,0.03218717226739445,0.9382044527969051
25933,LOF,0.039471791378246655,0.019993814421498668,0.9405343942002546
25934,LOF,0.025770454542316298,0.022453893374238802,0.951775652083445
25935,LOF,0.06810598570840835,0.06308422752654862,0.8688097867650431
25936,LOF,0.038488126299052364,0.024672851453625366,0.9368390222473223
25937,LOF,0.01105922637911374,0.04017130741674222,0.948769466204144
25938,LOF,0.06385622747073441,0.06111842095219154,0.8750253515770741
25939,LOF,0.029588045453664117,0.027507322635287306,0.9429046319110487
25940,LOF,0.009702646022793034,0.37186726378563423,0.6184300901915728
25941,Neutral,0.566518045223618,0.03666242796300266,0.3968195268133792
25942,LOF,0.007564934348252004,0.04590036906922023,0.9465346965825278
25943,LOF,0.03417861703619222,0.162580058521629,0.8032413244421788
25944,LOF,0.09937155583871224,0.07999171072026995,0.820636733441018
25945,LOF,0.06232188938495013,0.021773847755959603,0.9159042628590902
25946,LOF,0.08541316819243716,0.045931306838516456,0.8686555249690463
25947,Neutral,0.4822829656020681,0.11027070591001571,0.4074463284879162
25948,Neutral,0.49477337570044533,0.013469966300684694,0.49175665799887
25949,LOF,0.08734222384065764,0.06651258264770389,0.8461451935116384
25950,GOF,0.06157876306682804,0.6526383110937699,0.285782925839402
25951,LOF,0.010934636822039505,0.43089810790429256,0.558167255273668
25952,LOF,0.2718134857030616,0.29892041053151164,0.42926610376542684
25953,LOF,0.0128987122264823,0.1886322621891142,0.7984690255844036
25954,GOF,0.049964043532492106,0.4945777168611169,0.455458239606391
25955,LOF,0.010614826240467185,0.12658466027355447,0.8628005134859784
25956,LOF,0.024720020100380474,0.2522930540768113,0.7229869258228082
25957,LOF,0.26612710821448243,0.030355706624566672,0.7035171851609509
25958,LOF,0.043499936078430355,0.032222530356876715,0.9242775335646929
25959,LOF,0.012503214038369922,0.48484123644282323,0.5026555495188069
25960,LOF,0.0073870148008004415,0.04401179836769492,0.9486011868315046
25961,LOF,0.04216526166758105,0.028145139815470968,0.9296895985169481
25962,LOF,0.030873382817153162,0.0699269794199522,0.8991996377628946
25963,LOF,0.006582374486595486,0.21227637111398578,0.7811412543994187
25964,LOF,0.02409138198192376,0.09325142966186763,0.8826571883562087
25965,LOF,0.2572080739050164,0.13240470556345996,0.6103872205315236
25966,Neutral,0.4778447335596376,0.11075001115931468,0.41140525528104777
25967,LOF,0.007804466667218967,0.05969905661884727,0.9324964767139337
25968,LOF,0.04714872411628995,0.19670123290883446,0.7561500429748756
25969,LOF,0.13003363681570138,0.04637712738647718,0.8235892357978214
25970,LOF,0.025180215724262333,0.08288341890029788,0.8919363653754399
25971,LOF,0.05690826399384404,0.027489484263494176,0.9156022517426617
25972,LOF,0.04840308803892576,0.037687027667126415,0.9139098842939477
25973,LOF,0.04891910231375088,0.012344708480306988,0.9387361892059422
25974,LOF,0.05004230446533994,0.03901607603723976,0.9109416194974203
25975,LOF,0.031803977778273644,0.0250614548885749,0.9431345673331515
25976,LOF,0.13000730304295025,0.011165557459190758,0.858827139497859
25977,LOF,0.22219302923118664,0.07760789690579588,0.7001990738630174
25978,LOF,0.16504625773166062,0.12418861356274524,0.7107651287055942
25979,LOF,0.1377243967451303,0.13475083544260685,0.7275247678122629
25980,LOF,0.24461007435713017,0.17152489414730832,0.5838650314955615
25981,LOF,0.24505657687699228,0.173305777007171,0.5816376461158367
25982,LOF,0.4481998027588308,0.08535195986112845,0.46644823738004076
25983,Neutral,0.4562922058425506,0.10620583390013962,0.43750196025730975
25984,LOF,0.035079257537114446,0.07566807056385462,0.8892526718990308
25985,LOF,0.4277931505578111,0.1243164915785948,0.44789035786359416
25986,LOF,0.014019866134960087,0.3920117708201323,0.5939683630449076
25987,LOF,0.09729246805411874,0.0978104744890398,0.8048970574568415
25988,LOF,0.15382214790276225,0.1313559576665374,0.7148218944307003
25989,LOF,0.04183401778403216,0.1883656514019715,0.7698003308139963
25990,LOF,0.03990703890941271,0.27525908646071473,0.6848338746298727
25991,LOF,0.02527244499407788,0.3780867539565043,0.5966408010494179
25992,LOF,0.02589568916920391,0.364695871933151,0.609408438897645
25993,LOF,0.020567886495395288,0.08408707349266241,0.8953450400119422
25994,LOF,0.016317814501789818,0.07804314285906104,0.9056390426391492
25995,LOF,0.01630327551472514,0.16779606955699886,0.8159006549282759
25996,Neutral,0.35948269906798075,0.2959891559437932,0.3445281449882261
25997,LOF,0.0702182604742909,0.3780972601824596,0.5516844793432495
25998,LOF,0.2766103174949805,0.05180905296008547,0.671580629544934
25999,LOF,0.025498445641115086,0.22170773832848675,0.7527938160303981
26000,LOF,0.2234455796482896,0.03639652856976976,0.7401578917819407
26001,LOF,0.2669676412482287,0.038034963707998526,0.6949973950437728
26002,LOF,0.08002283271273952,0.06169846610573091,0.8582787011815296
26003,GOF,0.004162345814217556,0.6495223037547545,0.3463153504310279
26004,GOF,0.005737620098371344,0.7100081359387451,0.2842542439628835
26005,GOF,0.003034072952393959,0.5317149444365398,0.4652509826110663
26006,GOF,0.07405918663633658,0.6259485665767225,0.299992246786941
26007,GOF,0.005652881029571933,0.5637687610598343,0.43057835791059373
26008,GOF,0.0050854124967376485,0.6637167020383434,0.33119788546491896
26009,GOF,0.006120850787516362,0.6853391211715102,0.30854002804097347
26010,GOF,0.006543196622160855,0.6775906354626151,0.315866167915224
26011,LOF,0.002633282444832909,0.4926937905019381,0.504672927053229
26012,GOF,0.0037785866318287608,0.5437865183351356,0.4524348950330358
26013,GOF,0.005627450444207928,0.6102812975955948,0.3840912519601973
26014,LOF,0.04627510860549769,0.11569557838907986,0.8380293130054224
26015,LOF,0.46360163805222343,0.019647897790655813,0.5167504641571208
26016,LOF,0.310417919992002,0.039178893634962506,0.6504031863730355
26017,LOF,0.028561780807248582,0.20055562164082247,0.7708825975519289
26018,LOF,0.04609246082630779,0.03521427658422844,0.9186932625894638
26019,LOF,0.045214937750800314,0.03219757509826268,0.922587487150937
26020,LOF,0.010523277580880359,0.18254832728523163,0.8069283951338879
26021,LOF,0.07437936135289651,0.06711004357497286,0.8585105950721306
26022,LOF,0.03953516872537505,0.020861603726661033,0.9396032275479639
26023,LOF,0.04368920882956155,0.022818232378209544,0.9334925587922289
26024,LOF,0.04447102183380418,0.06414071650075434,0.8913882616654415
26025,LOF,0.07032997287641751,0.07368910958297452,0.8559809175406079
26026,LOF,0.12349018148644061,0.0563642775513756,0.8201455409621837
26027,LOF,0.04000287180158284,0.018386181449421793,0.9416109467489954
26028,LOF,0.11114458194996739,0.13801239195048676,0.7508430260995458
26029,LOF,0.020054315828610274,0.2256515249152515,0.7542941592561382
26030,LOF,0.1817423607738303,0.03279030250798659,0.7854673367181831
26031,LOF,0.010407655396862484,0.18876204751077494,0.8008302970923625
26032,LOF,0.05870432757912894,0.07626046689579342,0.8650352055250775
26033,LOF,0.08577520444159792,0.06731577149597728,0.8469090240624247
26034,LOF,0.014648741926747236,0.17046316177660698,0.8148880962966457
26035,LOF,0.012638299240131441,0.12512113932693306,0.8622405614329355
26036,LOF,0.012893069959982299,0.15122557496930633,0.8358813550707114
26037,LOF,0.01073752474171544,0.11771851961681988,0.8715439556414647
26038,LOF,0.05003227201256987,0.0691721857311,0.88079554225633
26039,LOF,0.028802627585739544,0.14471614514788303,0.8264812272663775
26040,LOF,0.13316170592071697,0.16138004046437335,0.7054582536149098
26041,LOF,0.013269281155736272,0.10003170764147239,0.8866990112027914
26042,LOF,0.012015556880842024,0.10893073974625313,0.8790537033729048
26043,LOF,0.04881734912436353,0.09154515564126169,0.8596374952343747
26044,LOF,0.014678393452889007,0.06234266502051076,0.9229789415266003
26045,LOF,0.07724478317794749,0.11307421214205594,0.8096810046799966
26046,LOF,0.04329754631063572,0.07099632985328022,0.885706123836084
26047,LOF,0.06653599836095203,0.0708072970495971,0.8626567045894509
26048,LOF,0.09138306007619144,0.03168663915872739,0.8769303007650812
26049,Neutral,0.947305393879506,0.008878497102459906,0.04381610901803425
26050,Neutral,0.927454398660822,0.009842314347764133,0.06270328699141384
26051,LOF,0.014045936544247553,0.09696397223367595,0.8889900912220765
26052,LOF,0.022879530538698324,0.10267085242476016,0.8744496170365414
26053,LOF,0.03790611234038232,0.13142092636343902,0.8306729612961786
26054,LOF,0.04750078496668668,0.02261815743124272,0.9298810576020706
26055,LOF,0.06745271771576473,0.0216768998465239,0.9108703824377115
26056,LOF,0.05549188630866454,0.026355965998457086,0.9181521476928785
26057,LOF,0.029233721186276894,0.014581169730231805,0.9561851090834914
26058,LOF,0.03046330329316973,0.011878282006734013,0.9576584147000963
26059,LOF,0.20661185989981806,0.022398881453701967,0.77098925864648
26060,LOF,0.011195044397124609,0.1998715608097238,0.7889333947931516
26061,LOF,0.008720556939550726,0.01265261991104734,0.9786268231494019
26062,LOF,0.005126763308606555,0.020443452956422147,0.9744297837349712
26063,LOF,0.019409812400835117,0.01266963195647066,0.9679205556426943
26064,LOF,0.007792710399809519,0.030490048325339317,0.9617172412748513
26065,LOF,0.022462780132475654,0.01316926052142086,0.9643679593461034
26066,LOF,0.022488878683177276,0.01233331821003912,0.9651778031067837
26067,LOF,0.02787705606869791,0.00997869030147732,0.9621442536298248
26068,LOF,0.05048738030613924,0.04857277874473908,0.9009398409491217
26069,LOF,0.15269945606330754,0.029402597381859127,0.8178979465548334
26070,LOF,0.3395546653330052,0.022976626107131234,0.6374687085598636
26071,LOF,0.021179861716696526,0.012049641920985538,0.9667704963623179
26072,LOF,0.0077584839042603455,0.022087122078166984,0.9701543940175726
26073,LOF,0.01978959750809693,0.015244832178462297,0.9649655703134408
26074,Neutral,0.9234955573039421,0.009239722179321976,0.0672647205167358
26075,LOF,0.05073369621185931,0.02531136092944371,0.9239549428586971
26076,LOF,0.03213321477597122,0.01193092794634476,0.955935857277684
26077,LOF,0.1304087461589508,0.007367819363092151,0.862223434477957
26078,LOF,0.007759950812073118,0.014922031442361539,0.9773180177455654
26079,LOF,0.06106675913829035,0.02531363488793434,0.9136196059737752
26080,LOF,0.060062575798232834,0.025346164728582775,0.9145912594731845
26081,LOF,0.025257914800131034,0.008694347986974533,0.9660477372128944
26082,LOF,0.005439893280388437,0.018542637344817123,0.9760174693747944
26083,LOF,0.11674856894927156,0.020469024275100882,0.8627824067756276
26084,LOF,0.04463272561993088,0.015811079055970748,0.9395561953240984
26085,LOF,0.040828833633807717,0.01372693409712097,0.9454442322690713
26086,LOF,0.020748469570050578,0.012954680216994979,0.9662968502129543
26087,LOF,0.020507556183202366,0.011216262697132058,0.9682761811196656
26088,LOF,0.007822968588643089,0.01813857588417236,0.9740384555271845
26089,LOF,0.04674807954780493,0.02850855386653938,0.9247433665856557
26090,LOF,0.04765657551462623,0.02311747277770518,0.9292259517076686
26091,LOF,0.02480998797305312,0.00796930244265386,0.9672207095842931
26092,LOF,0.021302117048301813,0.00894423725562593,0.9697536456960721
26093,LOF,0.03977548344882101,0.0068906668323637475,0.9533338497188152
26094,LOF,0.03073624405578882,0.00678328366380914,0.962480472280402
26095,LOF,0.036583317497823044,0.017588313232242855,0.9458283692699342
26096,LOF,0.2435844586965103,0.0046572481137032926,0.7517582931897864
26097,LOF,0.006474175699458857,0.030782413103379456,0.9627434111971616
26098,LOF,0.08562117777484875,0.02009305320679173,0.8942857690183595
26099,LOF,0.019979835934942368,0.01605331979566424,0.9639668442693933
26100,LOF,0.019979835934942368,0.01605331979566424,0.9639668442693933
26101,LOF,0.047810035590670125,0.024421412444133216,0.9277685519651966
26102,LOF,0.01947289587644713,0.017504094852373205,0.9630230092711797
26103,Neutral,0.8754263001301884,0.025275568138785884,0.09929813173102578
26104,LOF,0.06347180203418519,0.029097887554486206,0.9074303104113285
26105,LOF,0.2480149108789923,0.196264485188153,0.5557206039328548
26106,LOF,0.32178082442555,0.13094661940114644,0.5472725561733036
26107,LOF,0.019585040944848607,0.09863318799655674,0.8817817710585947
26108,LOF,0.3155886358118384,0.04748485529559867,0.636926508892563
26109,LOF,0.07063434986122549,0.04529928387551043,0.8840663662632641
26110,LOF,0.3691187898948651,0.005573112874190457,0.6253080972309444
26111,LOF,0.06541880415327475,0.10029346663050097,0.8342877292162243
26112,LOF,0.03099202253962605,0.00713603353357679,0.9618719439267972
26113,LOF,0.05656421459711827,0.015164913484189748,0.928270871918692
26114,LOF,0.08672321375910313,0.009781167302467092,0.9034956189384299
26115,LOF,0.01297728746794612,0.06186788601385922,0.9251548265181946
26116,LOF,0.07993126188651402,0.036062077632649896,0.8840066604808361
26117,LOF,0.43302760895708514,0.028277968702824865,0.5386944223400899
26118,LOF,0.02787485185728965,0.015254877661096051,0.9568702704816143
26119,LOF,0.005316514306785771,0.03559682952967369,0.9590866561635406
26120,LOF,0.023101603797511968,0.015115379150741468,0.9617830170517465
26121,LOF,0.005143338209680125,0.12527982894989603,0.8695768328404239
