feature0,prediction,LoGoFunc_Neutral,LoGoFunc_GOF,LoGoFunc_LOF
25546,Neutral,0.637360050049967,0.06309684816114877,0.2995431017888842
25547,LOF,0.4279273368262947,0.1141821968182821,0.4578904663554231
25548,Neutral,0.4779664835284721,0.08572154604036748,0.43631197043116055
25549,LOF,0.4145359848211779,0.08745859047482388,0.4980054247039981
25550,LOF,0.3375397346706335,0.1509865727051648,0.5114736926242016
25551,LOF,0.2857361158710675,0.1755248004743362,0.5387390836545963
25552,LOF,0.1985930589594631,0.1619754951143291,0.6394314459262077
25553,Neutral,0.7906376293970456,0.051996424294142383,0.15736594630881207
25554,LOF,0.23216776665147995,0.15494377750441518,0.6128884558441049
25555,LOF,0.1923438476621894,0.137019791016857,0.6706363613209536
25556,LOF,0.40992897621980956,0.12221654645873598,0.4678544773214545
25557,LOF,0.18026910933653548,0.14476108754701747,0.674969803116447
25558,LOF,0.22889486937108386,0.1517557659736891,0.619349364655227
25559,LOF,0.1891872627888373,0.1372628817418381,0.6735498554693246
25560,LOF,0.06810426669777353,0.1624764545804619,0.7694192787217646
25561,LOF,0.1370357004818546,0.1561180108579167,0.7068462886602287
25562,LOF,0.06107042812805539,0.09516275066579964,0.8437668212061449
25563,LOF,0.08948616312481121,0.0956175702302914,0.8148962666448974
25564,LOF,0.2150596565131602,0.1811914290318484,0.6037489144549913
25565,LOF,0.14990554512990836,0.1120224425312575,0.7380720123388341
25566,GOF,0.01996980705366878,0.7695629426655634,0.21046725028076782
25567,LOF,0.019307665366989468,0.1845170694606034,0.7961752651724072
25568,LOF,0.05654284313227231,0.08718922895142053,0.8562679279163072
25569,LOF,0.05576416639599472,0.08910373893211677,0.8551320946718886
25570,LOF,0.02978245551018803,0.1266719230543209,0.8435456214354912
25571,LOF,0.02973692132514238,0.12532337606493552,0.8449397026099221
25572,LOF,0.031795278628405026,0.15329234607106845,0.8149123753005265
25573,LOF,0.02573074659825323,0.12166913803628192,0.8526001153654649
25574,LOF,0.01930125371539368,0.1735400074923237,0.8071587387922826
25575,LOF,0.023766700834632254,0.1339623504874573,0.8422709486779104
25576,LOF,0.011327514297224865,0.17727140442554234,0.8114010812772329
25577,LOF,0.010190332442126377,0.14770942250604455,0.8421002450518291
25578,LOF,0.2759759678075394,0.11073452063914757,0.613289511553313
25579,LOF,0.11066887784649214,0.11664434564507586,0.7726867765084321
25580,LOF,0.017812676269611166,0.10056567497697794,0.8816216487534109
25581,LOF,0.04319771310068019,0.08469768643191665,0.8721046004674031
25582,LOF,0.04290093299585367,0.08351531157321435,0.8735837554309319
25583,LOF,0.01928965182998588,0.11104201964719342,0.8696683285228208
25584,Neutral,0.5514621750684523,0.11198713365101948,0.33655069128052817
25585,LOF,0.011105797178879415,0.1764194141349633,0.8124747886861572
25586,LOF,0.016339311844437952,0.09374637194176265,0.8899143162137995
25587,LOF,0.015562783901370421,0.08659089011132172,0.897846325987308
25588,LOF,0.0165213677811224,0.10309243923323418,0.8803861929856434
25589,Neutral,0.6212618832283824,0.14474653632689044,0.2339915804447271
25590,LOF,0.017012196664175243,0.1466854073909271,0.8363023959448977
25591,LOF,0.07362483919581378,0.07333355583688825,0.853041604967298
25592,LOF,0.04450331549198752,0.1589447716199998,0.7965519128880126
25593,LOF,0.022001347654812507,0.25522916048140853,0.7227694918637788
25594,LOF,0.037674973765817105,0.10468210207309823,0.8576429241610847
25595,LOF,0.039218489862684794,0.07986056041679783,0.8809209497205173
25596,LOF,0.047369126427384375,0.06600537573182406,0.8866254978407916
25597,LOF,0.034489408473576545,0.07246498773334113,0.8930456037930824
25598,LOF,0.03553403678611019,0.08878354150776166,0.8756824217061282
25599,GOF,0.00865225376414485,0.5923880815260563,0.3989596647097988
25600,GOF,0.028937467995402397,0.6477849261423788,0.32327760586221876
25601,LOF,0.012706705222601878,0.4105271133647896,0.5767661814126085
25602,LOF,0.011625380078537029,0.05742031667284153,0.9309543032486215
25603,LOF,0.0507248219308626,0.02133965179554468,0.9279355262735928
25604,LOF,0.01432823296656571,0.0673201939419395,0.9183515730914948
25605,LOF,0.006952889250467942,0.22955778348902586,0.7634893272605062
25606,LOF,0.07755538187100296,0.3711071414972719,0.5513374766317252
25607,LOF,0.004877663704941829,0.2386217763050269,0.7565005599900314
25608,LOF,0.011218438912638726,0.11401856600108229,0.874762995086279
25609,LOF,0.0703688153154346,0.37557427229457685,0.5540569123899886
25610,LOF,0.01830680200758002,0.027333478651366913,0.9543597193410531
25611,LOF,0.017417742147832548,0.028689629491309657,0.9538926283608578
25612,LOF,0.05933521062997933,0.03604730492292494,0.9046174844470957
25613,LOF,0.054524255463115616,0.03736830084077067,0.9081074436961137
25614,LOF,0.025146798701419858,0.02945179290443984,0.9454014083941403
25615,LOF,0.017375413925911066,0.03930837517040506,0.943316210903684
25616,LOF,0.04924346923106411,0.03145090593546379,0.9193056248334722
25617,LOF,0.0476972235229589,0.03316932627128051,0.9191334502057606
25618,LOF,0.05782159317978079,0.03594412130870241,0.9062342855115169
25619,LOF,0.017968477437702052,0.031054010829088468,0.9509775117332095
25620,LOF,0.06922457618165068,0.04017291634896414,0.8906025074693852
25621,LOF,0.01739873181028386,0.03841036948364745,0.9441908987060688
25622,LOF,0.021264226515397125,0.0415647121160669,0.937171061368536
25623,LOF,0.033798265528182894,0.034123281209837965,0.9320784532619791
25624,LOF,0.021047428636908123,0.04009586842462122,0.9388567029384707
25625,LOF,0.0228185718590998,0.05608520190760283,0.9210962262332975
25626,LOF,0.05211545829144954,0.039538818417074045,0.9083457232914763
25627,Neutral,0.5817658160687503,0.09712645989552661,0.32110772403572296
25628,LOF,0.18689798343792954,0.053942509267623576,0.7591595072944468
25629,LOF,0.03706706120297719,0.057195325850060284,0.9057376129469625
25630,LOF,0.1387596842510563,0.08506195252991537,0.7761783632190283
25631,Neutral,0.5877447047169552,0.06020485109465858,0.3520504441883861
25632,LOF,0.007879669367637612,0.07259143013610021,0.9195289004962622
25633,LOF,0.21644839550545683,0.046949702887270586,0.7366019016072727
25634,LOF,0.029674494611762758,0.1010196338441042,0.869305871544133
25635,LOF,0.03807746645789039,0.05210143009462363,0.9098211034474859
25636,GOF,0.005141634485393913,0.6064466839462577,0.3884116815683483
25637,GOF,0.007546823677630851,0.6019625507391575,0.3904906255832116
25638,LOF,0.009216486467250819,0.30432827924821454,0.6864552342845346
25639,LOF,0.005136463691614438,0.4742158297161149,0.5206477065922707
25640,Neutral,0.4540565488207371,0.4509531037947707,0.0949903473844923
25641,LOF,0.013918616341955098,0.3156166632647787,0.6704647203932662
25642,LOF,0.2628576133385447,0.060265258239565925,0.6768771284218894
25643,LOF,0.13618171390484834,0.16631899612052395,0.6974992899746276
25644,LOF,0.009310272258412619,0.4626931379819128,0.5279965897596746
25645,LOF,0.007314834307900182,0.43325605360042646,0.5594291120916733
25646,LOF,0.013184359627137715,0.3323328256604504,0.6544828147124118
25647,LOF,0.01023233460679018,0.2733158843887882,0.7164517810044216
25648,LOF,0.009204504659101673,0.26833164638230683,0.7224638489585914
25649,LOF,0.0074483145011929935,0.21290798071547548,0.7796437047833316
25650,LOF,0.014044471840381125,0.40833778622226286,0.577617741937356
25651,LOF,0.005869920019792472,0.27642722180804113,0.7177028581721663
25652,LOF,0.009504405127045791,0.2649205634460471,0.7255750314269072
25653,LOF,0.025306934669542428,0.38867806483092165,0.5860150004995358
25654,LOF,0.010359145163761204,0.15968955239404545,0.8299513024421933
25655,LOF,0.04686997414529849,0.4277429126820295,0.5253871131726721
25656,LOF,0.18573928575394927,0.041067415965325864,0.7731932982807248
25657,LOF,0.24520664821238952,0.024115744847020414,0.7306776069405901
25658,LOF,0.0772774686986473,0.062215622939300226,0.8605069083620526
25659,LOF,0.3988467640086405,0.05632248097035086,0.5448307550210085
25660,LOF,0.03014468046267157,0.0906986905461296,0.8791566289911988
25661,LOF,0.08719811035444815,0.06361952210692116,0.8491823675386307
25662,LOF,0.030826399081626227,0.04370517344576627,0.9254684274726075
25663,LOF,0.039447678089136615,0.0626945516943703,0.8978577702164932
25664,LOF,0.04478358216459164,0.07972983361483282,0.8754865842205755
25665,LOF,0.05348561372073107,0.03282724427571764,0.9136871420035514
25666,LOF,0.03496027933323225,0.10153579346190164,0.863503927204866
25667,LOF,0.062193108261019696,0.04619612485408458,0.8916107668848956
25668,LOF,0.03507181897876975,0.05112905786666075,0.9137991231545696
25669,LOF,0.032148460177979225,0.07275287720031762,0.8950986626217031
25670,LOF,0.058006237134366145,0.06518200722611907,0.8768117556395149
25671,LOF,0.08589462792070224,0.04199328665798902,0.8721120854213088
25672,LOF,0.05639675370950255,0.04165391282400988,0.9019493334664876
25673,LOF,0.025149880419258416,0.05819387593882961,0.916656243641912
25674,LOF,0.0216404444120376,0.06759345181558667,0.9107661037723757
25675,LOF,0.033326469142547055,0.063559656273397,0.903113874584056
25676,LOF,0.018813313758214368,0.059259904427741886,0.9219267818140437
25677,LOF,0.029093193275798093,0.06723403365154479,0.9036727730726571
25678,LOF,0.20066282897815527,0.05732556859607593,0.7420116024257688
25679,LOF,0.16198690474945793,0.08162414341196915,0.756388951838573
25680,LOF,0.04131949981143239,0.1127507617266259,0.8459297384619416
25681,LOF,0.06780187319225058,0.1046508184095997,0.8275473083981497
25682,LOF,0.13432876443558944,0.07857196642713175,0.7870992691372787
25683,LOF,0.08081136585013145,0.11279647339147753,0.8063921607583909
25684,LOF,0.043206986872971975,0.07635620607141061,0.8804368070556174
25685,LOF,0.07041455092905598,0.05798121826994553,0.8716042308009985
25686,LOF,0.02478644717938207,0.08406815036575366,0.8911454024548642
25687,LOF,0.0462277207077553,0.06772626760832312,0.8860460116839215
25688,LOF,0.045764224101445504,0.0475649960752797,0.9066707798232747
25689,LOF,0.025563452164753833,0.05915130409811367,0.9152852437371325
25690,LOF,0.03548625052031533,0.04727582508487814,0.9172379243948064
25691,LOF,0.2194957861694937,0.0656109580562216,0.7148932557742846
25692,LOF,0.2828982095482396,0.006155841765325622,0.7109459486864348
25693,LOF,0.09073678087229589,0.23710425447070818,0.672158964656996
25694,LOF,0.24342872454676837,0.013697047445995782,0.7428742280072358
25695,LOF,0.15146565050790775,0.0237752544907735,0.8247590950013187
25696,LOF,0.1357612812884214,0.013203242355354923,0.8510354763562237
25697,LOF,0.09786646125095773,0.02448318438206047,0.8776503543669819
25698,LOF,0.05259448362249591,0.4640301791369748,0.4833753372405294
25699,LOF,0.06591123416228858,0.09532898468354149,0.8387597811541699
25700,LOF,0.055829772606895985,0.010831361170994164,0.9333388662221099
25701,LOF,0.017839478498217903,0.08829980669334934,0.8938607148084328
25702,GOF,0.03478346670780373,0.7017984075510432,0.26341812574115314
25703,LOF,0.008263247279301755,0.16556821166328325,0.8261685410574149
25704,LOF,0.05604386962811465,0.14336305326609447,0.8005930771057909
25705,LOF,0.0659369293313257,0.23687971237424943,0.6971833582944249
25706,LOF,0.024097340298198534,0.4875496517299374,0.4883530079718641
25707,LOF,0.017339059359424234,0.46268086288582017,0.5199800777547556
25708,LOF,0.008021320557398428,0.4401394300659357,0.5518392493766658
25709,LOF,0.05698440618366082,0.06886659319591698,0.8741490006204222
25710,LOF,0.005185005927558777,0.17658328864358486,0.8182317054288564
25711,LOF,0.01748495393646053,0.13451516132501626,0.8479998847385232
25712,LOF,0.006648359658783487,0.19768233307689956,0.795669307264317
25713,LOF,0.01879742075727209,0.11855515157624642,0.8626474276664815
25714,LOF,0.05793262379756645,0.14706947280351318,0.7949979033989203
25715,LOF,0.011924283873892749,0.17401747107612195,0.8140582450499853
25716,LOF,0.006263626884850034,0.11630908942919095,0.877427283685959
25717,LOF,0.005660568087904245,0.10545784894884984,0.8888815829632458
25718,LOF,0.012814123714256323,0.11174441569210548,0.8754414605936383
25719,LOF,0.019879189087287853,0.12134745385294796,0.8587733570597642
25720,LOF,0.021097487401576305,0.10631832535236561,0.872584187246058
25721,LOF,0.0161599009849615,0.12915522954291286,0.8546848694721256
25722,LOF,0.01445803632930323,0.15792830119993115,0.8276136624707655
25723,LOF,0.019669709420111786,0.08115765439166164,0.8991726361882265
25724,LOF,0.018715582931011165,0.13412683681322618,0.8471575802557626
25725,LOF,0.012297911975591954,0.0983493400271147,0.8893527479972932
25726,LOF,0.015018082114333042,0.14476495824809282,0.8402169596375741
25727,LOF,0.013106291774607709,0.10423673515525983,0.8826569730701325
25728,LOF,0.011596901680176172,0.13457356547782823,0.8538295328419956
25729,LOF,0.012161703309970977,0.13609439760814368,0.8517438990818854
25730,LOF,0.017033324311474692,0.10762512204276486,0.8753415536457604
25731,LOF,0.0077671577785946785,0.13872586252153438,0.853506979699871
25732,LOF,0.016981293453158686,0.10223600816140342,0.8807826983854379
25733,LOF,0.016448045647334347,0.09322550634446217,0.8903264480082035
25734,LOF,0.005625459463654897,0.144235861498868,0.8501386790374771
25735,LOF,0.014692529695465145,0.09492214089531044,0.8903853294092243
25736,LOF,0.014929288090948333,0.12980994514874974,0.855260766760302
25737,LOF,0.020948902183952102,0.10238198133670563,0.8766691164793422
25738,LOF,0.013693507936074982,0.14923480440758852,0.8370716876563365
25739,LOF,0.019912996788939596,0.13169076577269373,0.8483962374383667
25740,LOF,0.031732568899207336,0.13776247763986765,0.8305049534609249
25741,LOF,0.015349772371618275,0.11897769595000421,0.8656725316783774
25742,LOF,0.09027290490081698,0.12443836032078281,0.7852887347784002
25743,LOF,0.014142191285919661,0.032180549741988966,0.9536772589720914
25744,LOF,0.22973325586780402,0.27681534578102734,0.4934513983511686
25745,LOF,0.029413632847078788,0.04153851281465301,0.9290478543382682
25746,LOF,0.017863859747446906,0.047961622471717105,0.9341745177808359
25747,LOF,0.02751398293266113,0.024433155513683375,0.9480528615536554
25748,LOF,0.12247965980935809,0.04188530008642271,0.8356350401042192
25749,LOF,0.015063311103941126,0.036742208120518496,0.9481944807755404
25750,LOF,0.03462145979364994,0.061408167844159804,0.9039703723621902
25751,LOF,0.10797438492597378,0.04564889683223645,0.8463767182417897
25752,GOF,0.11267782724489929,0.6375486585541721,0.2497735142009285
25753,LOF,0.0072458507181362075,0.3181714142217409,0.6745827350601229
25754,GOF,0.004834015467924803,0.7851461860196934,0.2100197985123818
25755,LOF,0.009374688119356066,0.40235179087763234,0.5882735210030116
25756,LOF,0.04166663150979247,0.41446899994027997,0.5438643685499275
25757,GOF,0.005505849321509205,0.860918057940647,0.13357609273784393
25758,GOF,0.006913952667144191,0.862229519542532,0.1308565277903237
25759,GOF,0.004589220176142183,0.5531136475547176,0.44229713226914025
25760,LOF,0.004924375538972795,0.28133668271080586,0.7137389417502213
25761,GOF,0.04398357971483433,0.8169874487901257,0.13902897149503976
25762,LOF,0.029614194815034096,0.3169910971138194,0.6533947080711464
25763,LOF,0.006103402050754994,0.22547905188453207,0.768417546064713
25764,GOF,0.1642918092724079,0.5254307856792888,0.31027740504830315
25765,GOF,0.011431276963051759,0.786976542023145,0.20159218101380325
25766,GOF,0.018084993012949968,0.8072553650074816,0.17465964197956843
25767,GOF,0.018297962254502847,0.4943491078301365,0.48735292991536067
25768,LOF,0.07443765767964934,0.07845898829964486,0.8471033540207058
25769,LOF,0.08446198606596778,0.05860792780982455,0.8569300861242076
25770,LOF,0.3095072452571599,0.06359142272778304,0.626901332015057
25771,LOF,0.014232607310629409,0.06120415397512529,0.9245632387142453
25772,LOF,0.02102841901270086,0.030869786148977785,0.9481017948383214
25773,LOF,0.011562687087468312,0.11572369478955861,0.8727136181229731
25774,LOF,0.02544890882595026,0.06605367623630753,0.9084974149377423
25775,LOF,0.015131592018404832,0.05244205748923437,0.9324263504923608
25776,LOF,0.08577202684328503,0.023756144177032822,0.8904718289796821
25777,LOF,0.29378843122455317,0.04455945299827458,0.6616521157771723
25778,LOF,0.07264793964191131,0.04419518805728009,0.8831568723008085
25779,GOF,0.05750333627473122,0.8780617759523286,0.0644348877729401
25780,GOF,0.05984789945457142,0.8614022856974669,0.07874981484796158
25781,GOF,0.024865853741231455,0.8659424215056435,0.10919172475312508
25782,GOF,0.02853250357103374,0.8889272619831283,0.08254023444583787
25783,GOF,0.01146649360644553,0.6541519192257556,0.33438158716779876
25784,GOF,0.11040848310285231,0.8370275323617162,0.05256398453543146
25785,GOF,0.07553632140034192,0.8724280254761599,0.05203565312349818
25786,GOF,0.005979329371712344,0.8119812357467501,0.18203943488153762
25787,GOF,0.18374362288174523,0.7720701964712844,0.044186180646970406
25788,LOF,0.04420308795983076,0.1202812059850025,0.8355157060551668
25789,GOF,0.03674581146129936,0.8250771402255419,0.13817704831315855
25790,GOF,0.038549461367629684,0.8529923887746548,0.10845814985771554
25791,GOF,0.027948037921441213,0.8000387925387452,0.17201316953981372
25792,GOF,0.044047475386792524,0.809362794207284,0.14658973040592344
25793,GOF,0.07403311092243799,0.7601354586183782,0.16583143045918392
25794,GOF,0.1168811164650676,0.6966628876720217,0.18645599586291076
25795,GOF,0.026224488736533207,0.7638567447759227,0.20991876648754398
25796,GOF,0.1210164054168521,0.7645820269491677,0.11440156763398018
25797,GOF,0.033354136255349984,0.6097544480522505,0.35689141569239957
25798,GOF,0.0033262699002882708,0.5547668979966544,0.4419068321030575
25799,LOF,0.0029226839720870377,0.42668430373438393,0.570393012293529
25800,GOF,0.010089634868478107,0.6295199945227207,0.36039037060880125
25801,GOF,0.027540016800135087,0.8119049814494219,0.16055500175044296
25802,GOF,0.017603649015835457,0.7309065039394124,0.2514898470447522
25803,GOF,0.010278221572534165,0.6126332937136345,0.3770884847138313
25804,LOF,0.012344454550016372,0.48591253181685184,0.5017430136331318
25805,GOF,0.02012833798125876,0.6147563609434077,0.3651153010753335
25806,GOF,0.019368316755952266,0.6617314365441944,0.31890024669985345
25807,GOF,0.005786066401072029,0.6595277776320172,0.33468615596691065
25808,GOF,0.015098357220459525,0.6670197157590544,0.3178819270204861
25809,GOF,0.006387437496969795,0.6514076659955231,0.3422048965075071
25810,GOF,0.0051944810844292335,0.6631817984738287,0.3316237204417421
25811,GOF,0.08122075873462661,0.8131273493975789,0.10565189186779463
25812,GOF,0.013362524888325471,0.6405330935773641,0.3461043815343105
25813,GOF,0.09647488557540992,0.7379153027872031,0.16560981163738697
25814,GOF,0.027832919709440684,0.7218714190610199,0.2502956612295393
25815,GOF,0.042683378091390535,0.7234324138697373,0.2338842080388721
25816,GOF,0.00784197814780594,0.7741850023282247,0.2179730195239693
25817,GOF,0.07040154962552722,0.7623958241475721,0.16720262622690055
25818,GOF,0.017874583192176396,0.7059779780854972,0.27614743872232633
25819,GOF,0.06594758175117825,0.7437411293449071,0.19031128890391466
25820,GOF,0.0333259592983889,0.7440320924405313,0.22264194826107983
25821,GOF,0.0167232441326688,0.733581539079983,0.24969521678734818
25822,GOF,0.034595905326893134,0.7248702744294179,0.24053382024368894
25823,GOF,0.011782968245795255,0.5609181523755746,0.4272988793786301
25824,GOF,0.022717964255365982,0.6889574619637235,0.2883245737809105
25825,GOF,0.011946823529311777,0.6669455710425204,0.3211076054281678
25826,GOF,0.005085893094521761,0.6406512730307057,0.35426283387477264
25827,GOF,0.007679385286065978,0.6439545268330831,0.34836608788085094
25828,GOF,0.004900702657238453,0.5550610804362714,0.44003821690649003
25829,GOF,0.0028562793806640716,0.6220175535946381,0.3751261670246979
25830,LOF,0.037948216589646845,0.37222869959743954,0.5898230838129137
25831,GOF,0.032104417377431374,0.8260280426062518,0.14186754001631688
25832,GOF,0.007812254179434686,0.7703336492569631,0.2218540965636023
25833,GOF,0.026234410533061473,0.8093731340511346,0.1643924554158038
25834,GOF,0.00795810350735851,0.7687773370133177,0.2232645594793236
25835,GOF,0.01656161908216114,0.8241819352578493,0.15925644565998956
25836,GOF,0.0068328066107552436,0.7709611860783847,0.22220600731086002
25837,GOF,0.005960669574344836,0.6599708655472687,0.33406846487838643
25838,GOF,0.019418207164876328,0.8366888181452533,0.14389297468987042
25839,GOF,0.04476693291136698,0.7931071162272779,0.1621259508613551
25840,GOF,0.036251677390441106,0.8128071371048173,0.15094118550474148
25841,GOF,0.033138215973066855,0.8311227879154446,0.13573899611148849
25842,GOF,0.023603863246331458,0.8637120368699669,0.11268409988370154
25843,GOF,0.025356129125379653,0.8804031149141263,0.09424075596049405
25844,GOF,0.016019526983591877,0.7960087272289006,0.1879717457875076
25845,GOF,0.00496973339764856,0.5631738454225286,0.4318564211798229
25846,GOF,0.02706965318418547,0.8483778944222399,0.12455245239357468
25847,GOF,0.018061273314822646,0.8810801530741885,0.10085857361098882
25848,GOF,0.013195785330947968,0.7884804822292654,0.19832373243978665
25849,GOF,0.0044338111482343685,0.6799830627363771,0.3155831261153886
25850,GOF,0.007388650441081106,0.7184021943818909,0.2742091551770279
25851,GOF,0.006380671337687018,0.5829996619938725,0.4106196666684405
25852,GOF,0.15302797185640588,0.5589880258202806,0.2879840023233136
25853,GOF,0.06521452045242572,0.8404664945750026,0.09431898497257164
25854,GOF,0.009555340869708585,0.6590008198485389,0.33144383928175253
25855,GOF,0.013307323883340928,0.6019659834927872,0.38472669262387194
25856,GOF,0.036631084663691055,0.7252121880285816,0.23815672730772752
25857,GOF,0.013382106012197496,0.5534575991949747,0.4331602947928278
25858,GOF,0.007963679122632511,0.5735222646284549,0.4185140562489126
25859,GOF,0.0053397403270866286,0.5487473421428162,0.44591291753009715
25860,GOF,0.07306087873877612,0.8024132387293643,0.12452588253185962
25861,GOF,0.10812469538121851,0.7971046843715484,0.09477062024723319
25862,GOF,0.01772474606379671,0.8459476185102071,0.13632763542599624
25863,GOF,0.017709777534972878,0.8643944974620666,0.11789572500296054
25864,GOF,0.0396659942752871,0.8872493523686585,0.07308465335605425
25865,GOF,0.032032350151528784,0.8509712218721909,0.11699642797628042
25866,GOF,0.02418073052332125,0.8463009097989025,0.12951835967777628
25867,GOF,0.024881406269813253,0.872109326360126,0.10300926737006072
25868,GOF,0.0469764600163878,0.8183418082840896,0.13468173169952263
25869,GOF,0.30123680944795755,0.6030715791729047,0.0956916113791377
25870,GOF,0.186452032523308,0.5331754087845422,0.2803725586921499
25871,GOF,0.026566155977582665,0.8627695376995551,0.11066430632286219
25872,GOF,0.016028153646147607,0.7916164194941502,0.19235542685970217
25873,GOF,0.01791664683760961,0.8739292632162753,0.10815408994611513
25874,LOF,0.01686264737446519,0.1311372140555147,0.8520001385700201
25875,LOF,0.02517927862978381,0.03319589222778467,0.9416248291424315
25876,LOF,0.014275849614626211,0.03048834478973401,0.9552358055956397
25877,LOF,0.11312163507999311,0.06224294557171316,0.8246354193482938
25878,LOF,0.04726063690242273,0.08301341782854627,0.869725945269031
25879,LOF,0.022229820002356387,0.06483587074574948,0.9129343092518941
25880,LOF,0.04053927110813587,0.010747702890660436,0.9487130260012037
25881,Neutral,0.5889009064616063,0.04544303798726415,0.36565605555112946
25882,LOF,0.02246860740619519,0.03102448270762412,0.9465069098861808
25883,LOF,0.07626929689992414,0.023832070937004467,0.8998986321630714
25884,LOF,0.011877022803939655,0.04201878549579108,0.9461041917002692
25885,LOF,0.18972707057061103,0.006889712759792804,0.8033832166695962
25886,LOF,0.32142337171863017,0.043292606311537175,0.6352840219698326
25887,LOF,0.16338005040801376,0.06009793900576525,0.7765220105862211
25888,LOF,0.013840523357360465,0.10811831165474543,0.8780411649878942
25889,LOF,0.013938600608747392,0.03136029732551307,0.9547011020657395
25890,LOF,0.10689545721391588,0.07729599249373034,0.8158085502923538
25891,LOF,0.042460292039376624,0.03917665255908991,0.9183630554015334
25892,LOF,0.011448650529120983,0.047538618011055675,0.9410127314598232
25893,LOF,0.40756447455203976,0.015403658122462149,0.577031867325498
25894,LOF,0.4252913999134415,0.007859367668785651,0.5668492324177729
25895,LOF,0.36719442918424894,0.016372370049816395,0.6164332007659347
25896,LOF,0.04370540523501107,0.028801834777692294,0.9274927599872965
25897,LOF,0.19239551078551695,0.014002982769491228,0.7936015064449919
25898,LOF,0.20615521928142871,0.03785453014072773,0.7559902505778435
25899,LOF,0.18187225162703308,0.03346927403644051,0.7846584743365265
25900,LOF,0.4816826410574603,0.011180247249610574,0.5071371116929292
25901,LOF,0.04535973288076957,0.012258424036432706,0.9423818430827978
25902,LOF,0.10008977116777396,0.0195161869016589,0.8803940419305673
25903,LOF,0.3800819742798379,0.034628730407121014,0.585289295313041
25904,LOF,0.31115478646601463,0.04837660290120523,0.6404686106327802
25905,LOF,0.006987531203106945,0.41683962952842474,0.5761728392684683
25906,LOF,0.00933297574776087,0.12439885234444163,0.8662681719077975
25907,LOF,0.004155079411798698,0.3712155757770964,0.624629344811105
25908,LOF,0.003764104487876511,0.25761096573829223,0.7386249297738313
25909,LOF,0.013730288623942264,0.16505089136535947,0.8212188200106982
25910,LOF,0.017572731895172913,0.13498376513016147,0.8474435029746655
25911,LOF,0.16269480548875562,0.028228170309702087,0.8090770242015423
25912,LOF,0.06735598922019709,0.040400430040138366,0.8922435807396645
25913,LOF,0.08159745996244196,0.05002060911845742,0.8683819309191005
25914,LOF,0.020990577422373924,0.05624684953424186,0.9227625730433843
25915,LOF,0.14607508750564227,0.27411678093148417,0.5798081315628735
25916,LOF,0.021627277390234796,0.1632967691822309,0.8150759534275342
25917,LOF,0.055495154411133556,0.04302996994138898,0.9014748756474774
25918,LOF,0.02671205687005892,0.03504453895616504,0.938243404173776
25919,LOF,0.022957814188358426,0.033356740067830015,0.9436854457438116
25920,LOF,0.10345975230346488,0.23103663970715288,0.6655036079893824
25921,LOF,0.009925179739450058,0.03552718945797798,0.954547630802572
25922,LOF,0.012698531770635294,0.02796050653356504,0.9593409616957997
25923,LOF,0.46335857950564296,0.03677475445440155,0.4998666660399555
25924,LOF,0.016110817514549736,0.04134110458771702,0.9425480778977332
25925,LOF,0.07241432279620262,0.040606571244777456,0.88697910595902
25926,LOF,0.056280196212281274,0.03518342859695434,0.9085363751907645
25927,LOF,0.02060080940366539,0.06027037992821037,0.9191288106681241
25928,LOF,0.007760624281966425,0.04986174653007827,0.9423776291879554
25929,Neutral,0.5830775652167146,0.03962650370490304,0.37729593107838233
25930,LOF,0.06417244411313587,0.03198382863948218,0.903843727247382
25931,LOF,0.008979993792176486,0.03320754464400733,0.9578124615638162
25932,LOF,0.032865413091580455,0.025426018838347768,0.9417085680700717
25933,LOF,0.041185663169198396,0.018277663643557387,0.9405366731872442
25934,LOF,0.028384082638942734,0.018843238583976126,0.9527726787770812
25935,LOF,0.0666051695922711,0.04510495324806696,0.888289877159662
25936,LOF,0.046968027706169334,0.022992157955236285,0.9300398143385943
25937,LOF,0.00990865798289226,0.03636363405866017,0.9537277079584476
25938,LOF,0.06529646296419153,0.052799288538502506,0.8819042484973059
25939,LOF,0.038853777120266865,0.02152213241230748,0.9396240904674257
25940,LOF,0.010309129714766408,0.33426258566455386,0.6554282846206797
25941,Neutral,0.5092618508103299,0.02831909217565641,0.46241905701401365
25942,LOF,0.005036435305982282,0.03870608833146333,0.9562574763625543
25943,LOF,0.034674472698706445,0.12315813681550113,0.8421673904857925
25944,LOF,0.10923216373376611,0.070664645087832,0.820103191178402
25945,LOF,0.05629560316705203,0.01778586161752328,0.9259185352154247
25946,LOF,0.06769153756582931,0.06073066609215789,0.8715777963420128
25947,LOF,0.46233421943558684,0.07130194223287448,0.46636383833153866
25948,LOF,0.3500050520681778,0.009459384136289228,0.640535563795533
25949,LOF,0.09669792906590727,0.055277352785558814,0.8480247181485339
25950,GOF,0.03768627872999787,0.5509380857172956,0.4113756355527065
25951,LOF,0.015432994273520085,0.3908692561220879,0.5936977496043919
25952,LOF,0.27618892737123085,0.2721796574969565,0.45163141513181265
25953,LOF,0.012902883546744752,0.16704219324976544,0.8200549232034897
25954,LOF,0.0519708079112757,0.42563799121431445,0.5223912008744099
25955,LOF,0.00956858751464596,0.15269470746896335,0.8377367050163907
25956,LOF,0.029359561871622426,0.2733355056149583,0.6973049325134194
25957,LOF,0.17661510990261453,0.03615231528923187,0.7872325748081536
25958,LOF,0.051125549416617226,0.030537523704048598,0.9183369268793342
25959,GOF,0.012152823466310143,0.49981550390731494,0.4880316726263749
25960,LOF,0.006442297565625551,0.062178798058271395,0.931378904376103
25961,LOF,0.04059211105007918,0.02817286397115196,0.9312350249787689
25962,LOF,0.03387563540551488,0.08419532286624261,0.8819290417282425
25963,LOF,0.005493294228186328,0.24045974721698726,0.7540469585548264
25964,LOF,0.032927059770713925,0.10540836510970299,0.8616645751195832
25965,LOF,0.3456709809160438,0.13932008658372852,0.5150089325002277
25966,Neutral,0.4816628229230142,0.1249338677225786,0.39340330935440715
25967,LOF,0.005959555524668678,0.06705953456872561,0.9269809099066056
25968,LOF,0.04913251136328751,0.2816334945990528,0.6692339940376597
25969,LOF,0.11732581912193335,0.07330461543272812,0.8093695654453386
25970,LOF,0.01639711439462744,0.0961976716331033,0.8874052139722692
25971,LOF,0.06540993174417507,0.028261095196304525,0.9063289730595204
25972,LOF,0.06510086124225317,0.03893706109711891,0.895962077660628
25973,LOF,0.05514092219664138,0.013034926576188455,0.9318241512271701
25974,LOF,0.03372530298409459,0.04301219053964218,0.9232625064762633
25975,LOF,0.04396743730221146,0.02733330109602822,0.9286992616017603
25976,LOF,0.10044483657836824,0.014479677966884702,0.885075485454747
25977,LOF,0.1969707784319973,0.05560561131272611,0.7474236102552766
25978,LOF,0.12952734797540474,0.11990194737714342,0.7505707046474517
25979,LOF,0.1160990419814179,0.12056744852827501,0.7633335094903071
25980,LOF,0.22996784729716155,0.14919682005646495,0.6208353326463735
25981,LOF,0.2554834920060229,0.14576720136300755,0.5987493066309695
25982,LOF,0.4033239800801301,0.10307472733193825,0.49360129258793173
25983,LOF,0.3864333148005905,0.11484826268260631,0.49871842251680304
25984,LOF,0.044404281454290866,0.056155804740320676,0.8994399138053885
25985,LOF,0.42275639904177315,0.11191751958152212,0.46532608137670484
25986,LOF,0.010912395157526074,0.37012820041403705,0.618959404428437
25987,LOF,0.03156212264026044,0.08890528246513857,0.8795325948946009
25988,LOF,0.17221002422470136,0.09129604031949948,0.7364939354557992
25989,LOF,0.03766438994939763,0.1341420052041714,0.828193604846431
25990,LOF,0.040004998894810434,0.21625038765917817,0.7437446134460114
25991,LOF,0.01914118950169844,0.3774679107469486,0.6033908997513528
25992,LOF,0.02270649894428828,0.3707753149469847,0.606518186108727
25993,LOF,0.020360498247293194,0.0949628162379183,0.8846766855147885
25994,LOF,0.015410777060096168,0.08676299114987417,0.8978262317900296
25995,LOF,0.019367720207804903,0.19425993181712725,0.7863723479750679
25996,LOF,0.3268691766436599,0.2920798816031425,0.38105094175319754
25997,LOF,0.08047540606493622,0.3484694989752488,0.5710550949598149
25998,LOF,0.307953198989668,0.05057506243274978,0.6414717385775822
25999,LOF,0.016029030515504004,0.25507159341590374,0.7288993760685922
26000,LOF,0.15466518588746037,0.03539648720451879,0.8099383269080208
26001,LOF,0.3179365645967518,0.02798195181504918,0.654081483588199
26002,LOF,0.0678695503830177,0.058485214298498185,0.8736452353184841
26003,GOF,0.003937362664290157,0.6249330317741109,0.3711296055615991
26004,GOF,0.006422339495766307,0.7124695345858234,0.2811081259184102
26005,GOF,0.003052501449953345,0.5046562373019117,0.49229126124813494
26006,GOF,0.08114052707679954,0.6156704106691809,0.3031890622540196
26007,GOF,0.006702397480081129,0.587439364464139,0.40585823805577986
26008,GOF,0.005869799607449324,0.6682064058139157,0.3259237945786351
26009,GOF,0.006436524015698307,0.6735685100595757,0.31999496592472604
26010,GOF,0.0072347376449313095,0.7237296912183311,0.2690355711367375
26011,GOF,0.002619319958544436,0.5032787441912108,0.4941019358502448
26012,GOF,0.003999759071253791,0.5825053596763151,0.41349488125243106
26013,GOF,0.005334722597394787,0.6617958948861901,0.3328693825164151
26014,LOF,0.04099609041796214,0.09926243927649618,0.8597414703055416
26015,LOF,0.13433935212591885,0.017872626116129095,0.8477880217579521
26016,LOF,0.2560222028118829,0.0361829373822028,0.7077948598059142
26017,LOF,0.022712349756344157,0.1720075312597361,0.8052801189839198
26018,LOF,0.06205727572757696,0.03801233089478969,0.8999303933776335
26019,LOF,0.05925712203587186,0.030810586698534398,0.9099322912655938
26020,LOF,0.007802908132845764,0.1830011902886876,0.8091959015784665
26021,LOF,0.06161570585166097,0.06240089604055607,0.8759833981077829
26022,LOF,0.02538999718784968,0.023789868425445938,0.9508201343867044
26023,LOF,0.03863513462081307,0.022483676823251357,0.9388811885559356
26024,LOF,0.04084263981374268,0.06362128781199276,0.8955360723742646
26025,LOF,0.05666346808117064,0.06788426841662609,0.8754522635022033
26026,LOF,0.11476518769747933,0.05408098633383885,0.8311538259686819
26027,LOF,0.050308713042327355,0.01752135998870359,0.932169926968969
26028,LOF,0.08155653938088613,0.11012771148199604,0.8083157491371178
26029,LOF,0.027483559467500192,0.2029740557774123,0.7695423847550876
26030,LOF,0.14842555258081372,0.02968819291125009,0.8218862545079362
26031,LOF,0.013976679747192645,0.15843738069827554,0.8275859395545317
26032,LOF,0.079953944671065,0.0669883370898683,0.8530577182390668
26033,LOF,0.07990844000250778,0.06386877436055141,0.8562227856369408
26034,LOF,0.01525295608247916,0.17398832191690042,0.8107587220006204
26035,LOF,0.013681677406431536,0.1351059243640269,0.8512123982295415
26036,LOF,0.017059609442107295,0.17545736003601312,0.8074830305218795
26037,LOF,0.011300610599629494,0.11575418135471659,0.8729452080456538
26038,LOF,0.0692299189014166,0.06275928737338718,0.8680107937251963
26039,LOF,0.02395111645785593,0.15735362914924403,0.8186952543929
26040,LOF,0.11229801626538358,0.14869983428725744,0.739002149447359
26041,LOF,0.013264725326014566,0.10034202798143017,0.8863932466925551
26042,LOF,0.012520252216670602,0.10379934966995963,0.8836803981133698
26043,LOF,0.06758608682344301,0.07989303013783547,0.8525208830387215
26044,LOF,0.013921954705257027,0.06699994737173526,0.9190780979230078
26045,LOF,0.05262758771188411,0.10325742456360854,0.8441149877245072
26046,LOF,0.061842328157031404,0.06296153821990395,0.8751961336230647
26047,LOF,0.10514008300530807,0.0659677403992072,0.8288921765954848
26048,LOF,0.04335368433878302,0.04255720629443626,0.9140891093667808
26049,Neutral,0.9649046013831509,0.006184950391214306,0.028910448225634752
26050,Neutral,0.9526481887546869,0.007839808517417253,0.0395120027278959
26051,LOF,0.014786422614783187,0.17312989406983853,0.8120836833153783
26052,LOF,0.02350347436497081,0.21328783650493285,0.7632086891300962
26053,LOF,0.022436807039869378,0.1571233920528962,0.8204398009072345
26054,LOF,0.05007372379671963,0.01590042109346399,0.9340258551098164
26055,LOF,0.06010766759068545,0.014964954584028817,0.9249273778252858
26056,LOF,0.05204958848855328,0.017532497716253446,0.9304179137951933
26057,LOF,0.03463062912082984,0.012377182629092704,0.9529921882500774
26058,LOF,0.03523034425169248,0.011054267667505033,0.9537153880808026
26059,LOF,0.2942686464050487,0.017985418651147073,0.6877459349438041
26060,LOF,0.010625550476758984,0.1482207853413554,0.8411536641818856
26061,LOF,0.005090661104613924,0.015024268791456364,0.9798850701039297
26062,LOF,0.004203558694302177,0.02017712065276238,0.9756193206529353
26063,LOF,0.02265375974879566,0.01022056619284693,0.9671256740583575
26064,LOF,0.007198662901579862,0.023420083597329687,0.9693812535010905
26065,LOF,0.024085534065693706,0.01223108013512484,0.9636833857991814
26066,LOF,0.022989548998620272,0.010984953269326617,0.966025497732053
26067,LOF,0.029593995211178833,0.008889652035090621,0.9615163527537306
26068,LOF,0.04416821788218532,0.02793608836252574,0.9278956937552889
26069,LOF,0.270116486234129,0.018139072109864655,0.7117444416560064
26070,LOF,0.4413752906176439,0.012119083066930686,0.5465056263154255
26071,LOF,0.021753284826670233,0.011480576675605666,0.9667661384977242
26072,LOF,0.0057362665323777455,0.02515198105040666,0.9691117524172155
26073,LOF,0.019441328259915475,0.014222769390585852,0.9663359023494986
26074,Neutral,0.9152504223351768,0.006099259910956882,0.07865031775386629
26075,LOF,0.04215652715360655,0.014992373913902351,0.9428510989324911
26076,LOF,0.03972204831472291,0.009577572306452769,0.9507003793788242
26077,LOF,0.11288182680982005,0.010161213020266234,0.8769569601699136
26078,LOF,0.005700701911893332,0.01589744158559123,0.9784018565025153
26079,LOF,0.05499007489860144,0.016188102762605464,0.9288218223387931
26080,LOF,0.05322313298136999,0.016263713969361885,0.9305131530492682
26081,LOF,0.030048004364840425,0.007925106552109868,0.9620268890830498
26082,LOF,0.004646792564052525,0.01820254837391973,0.9771506590620278
26083,LOF,0.1343487086481355,0.01589824736227131,0.8497530439895933
26084,LOF,0.03631938267861001,0.014405512782278418,0.9492751045391117
26085,LOF,0.03208195196416713,0.013184500466130004,0.9547335475697029
26086,LOF,0.020266243256300207,0.012431697536982676,0.9673020592067172
26087,LOF,0.021876443595186937,0.009589549202523471,0.9685340072022897
26088,LOF,0.005506041375374131,0.025699163303983308,0.9687947953206426
26089,LOF,0.04125035410804095,0.02087227415701726,0.9378773717349418
26090,LOF,0.040273625838646875,0.0165980634701334,0.9431283106912197
26091,LOF,0.02938882902566362,0.0071698941820774785,0.963441276792259
26092,LOF,0.021542412141123804,0.008722794183129975,0.9697347936757462
26093,LOF,0.04015857411697841,0.006430127614670041,0.9534112982683516
26094,LOF,0.030166007518012187,0.007109064903495814,0.9627249275784919
26095,LOF,0.015787071820893443,0.018515157740490083,0.9656977704386164
26096,LOF,0.1623083594309226,0.006774350931157477,0.8309172896379199
26097,LOF,0.00483512917089518,0.04281346470592309,0.9523514061231817
26098,LOF,0.07074027888021994,0.013367809097001476,0.9158919120227786
26099,LOF,0.020352360275710225,0.0136573456223863,0.9659902941019035
26100,LOF,0.02252055871452662,0.013052980262944899,0.9644264610225286
26101,LOF,0.04737329039039743,0.020991110950756987,0.9316355986588456
26102,LOF,0.02139063555628811,0.013583000243534815,0.9650263642001772
26103,Neutral,0.8746875828894671,0.020029744932566484,0.1052826721779663
26104,LOF,0.06601732450631768,0.02055273112323842,0.9134299443704439
26105,LOF,0.20632039299634097,0.1540451609599236,0.6396344460437354
26106,LOF,0.3408712343966196,0.11946478347095228,0.539663982132428
26107,LOF,0.02042144142569052,0.09967060690105264,0.8799079516732569
26108,LOF,0.3450730779917539,0.03804727699328206,0.616879645014964
26109,LOF,0.03253561851096496,0.06525161581144356,0.9022127656775916
26110,LOF,0.22031687364830857,0.006938797106675768,0.7727443292450157
26111,LOF,0.08269014885893677,0.07654299428312711,0.8407668568579362
26112,LOF,0.03411206139207313,0.00640299414448512,0.9594849444634418
26113,LOF,0.05922041050362287,0.01452368764002676,0.9262559018563503
26114,LOF,0.07122376653003173,0.013432702287204815,0.9153435311827635
26115,LOF,0.015801218507854518,0.07500035286218965,0.9091984286299558
26116,LOF,0.07765684116207744,0.04586763645629457,0.876475522381628
26117,LOF,0.41904142878407463,0.04250472263816761,0.5384538485777578
26118,LOF,0.03716375884667763,0.022895768552845006,0.9399404726004773
26119,LOF,0.004533869232311138,0.04836687713078938,0.9470992536368994
26120,LOF,0.02565890760259566,0.018798507469809676,0.9555425849275947
26121,LOF,0.004127023222974906,0.1408411169487955,0.8550318598282296
