feature0,prediction,LoGoFunc_Neutral,LoGoFunc_GOF,LoGoFunc_LOF
25546,Neutral,0.7300805292258097,0.03873788764886106,0.23118158312532938
25547,Neutral,0.5892365085999047,0.08393493173622217,0.3268285596638731
25548,Neutral,0.5902250106328497,0.05851025691609139,0.35126473245105894
25549,Neutral,0.5142610347231013,0.059113293817490656,0.42662567145940816
25550,LOF,0.35179704341673773,0.11166784730488223,0.53653510927838
25551,LOF,0.29971044317481454,0.11613082721094825,0.5841587296142371
25552,LOF,0.21749087668562314,0.11204839220679685,0.67046073110758
25553,Neutral,0.8313444154633644,0.030192893207228497,0.13846269132940722
25554,LOF,0.24700646007470398,0.10640839719009224,0.6465851427352038
25555,LOF,0.2029169259456853,0.09800642220681938,0.6990766518474952
25556,LOF,0.41735929220156753,0.0926089725886449,0.4900317352097877
25557,LOF,0.19787838763342191,0.10030636869486818,0.7018152436717099
25558,LOF,0.2394616025073208,0.10889977511425801,0.6516386223784212
25559,LOF,0.37583388751556573,0.14308403526560556,0.48108207721882856
25560,LOF,0.04701791036154139,0.16855720593741874,0.7844248837010399
25561,LOF,0.10637073272109661,0.1706190504691353,0.7230102168097681
25562,LOF,0.10450834515173375,0.06839150856652218,0.8271001462817441
25563,LOF,0.0916686781305193,0.08052096216995738,0.8278103596995234
25564,LOF,0.20592858445556342,0.14337649381892387,0.6506949217255128
25565,LOF,0.14924460299638095,0.0995109165797548,0.7512444804238642
25566,GOF,0.017212049843938242,0.7361999992912628,0.2465879508647991
25567,LOF,0.014049687029258802,0.14190917253677782,0.8440411404339635
25568,LOF,0.052780517484715725,0.059629567578075984,0.8875899149372083
25569,LOF,0.05965510346390043,0.05498664322693329,0.8853582533091663
25570,LOF,0.06146005687216801,0.08442297601962498,0.8541169671082071
25571,LOF,0.05851249913233787,0.07933277479234231,0.8621547260753198
25572,LOF,0.07050911285646172,0.10640897617245884,0.8230819109710795
25573,LOF,0.02684277051502341,0.07546038326013792,0.8976968462248386
25574,LOF,0.016272898938143668,0.14075147497673743,0.8429756260851189
25575,LOF,0.04522272679536906,0.09427482055674813,0.8605024526478829
25576,LOF,0.018441733319562385,0.09991205052237405,0.8816462161580636
25577,LOF,0.01515702539104785,0.11188465452782098,0.8729583200811312
25578,LOF,0.24561632586334667,0.07459639890039887,0.6797872752362545
25579,LOF,0.2463121217190953,0.07401928527827907,0.6796685930026257
25580,LOF,0.030456606014452308,0.06579816833368256,0.9037452256518651
25581,LOF,0.05397346974899049,0.056301268657228176,0.8897252615937813
25582,LOF,0.05383551742007368,0.054505075656571055,0.8916594069233553
25583,LOF,0.04155052682048274,0.07754337192508652,0.8809061012544307
25584,Neutral,0.47321689003495804,0.08755405725522863,0.4392290527098133
25585,LOF,0.03423153746137875,0.09615465892988988,0.8696138036087314
25586,LOF,0.029550345114249556,0.06811116471458442,0.902338490171166
25587,LOF,0.029071756122038293,0.061128145718184014,0.9098000981597777
25588,LOF,0.03045461986119292,0.07231249927492266,0.8972328808638844
25589,Neutral,0.608846618025079,0.12167418400956888,0.26947919796535214
25590,LOF,0.03167401031241924,0.10765414849291914,0.8606718411946616
25591,LOF,0.11064097274608078,0.05011840895711479,0.8392406182968044
25592,LOF,0.0835396293316422,0.11629645520641142,0.8001639154619463
25593,LOF,0.021004884087683844,0.23022093516659148,0.7487741807457248
25594,LOF,0.04601936569521245,0.18002905263962993,0.7739515816651577
25595,LOF,0.048408568401823594,0.12904930109630322,0.8225421305018732
25596,LOF,0.05897958182432081,0.06437482898779805,0.8766455891878812
25597,LOF,0.04866381745613059,0.07202428741565671,0.8793118951282127
25598,LOF,0.04805262412512718,0.12454124299102293,0.8274061328838499
25599,GOF,0.010448835010553572,0.7407314477464915,0.248819717242955
25600,GOF,0.013977090401094938,0.5319112892085971,0.454111620390308
25601,LOF,0.007454750109509723,0.45492866940226195,0.5376165804882284
25602,LOF,0.03146363632434489,0.0434079911977627,0.9251283724778925
25603,LOF,0.06949260037139918,0.030134463600838674,0.900372936027762
25604,LOF,0.06727932991077995,0.031365860007225334,0.9013548100819948
25605,LOF,0.015346157917719587,0.23204841600725165,0.7526054260750288
25606,LOF,0.11605034349682318,0.440730556996731,0.44321909950644595
25607,LOF,0.006240963910602554,0.15943302908786797,0.8343260070015295
25608,LOF,0.06908519433769698,0.0461467512253982,0.8847680544369049
25609,LOF,0.038284415476526695,0.41382709077179314,0.5478884937516803
25610,LOF,0.038403844291587746,0.02738588511107207,0.9342102705973403
25611,LOF,0.039439469884589684,0.0251523209020752,0.9354082092133351
25612,LOF,0.09859589982560671,0.034740262311185564,0.8666638378632078
25613,LOF,0.08136173274979779,0.03421980552968551,0.8844184617205166
25614,LOF,0.027917411001258857,0.03787961869157384,0.9342029703071674
25615,LOF,0.04867293651770798,0.034797579155341346,0.9165294843269507
25616,LOF,0.0307461967214536,0.033010302820121636,0.9362435004584247
25617,LOF,0.027987542512785436,0.03622673934905458,0.93578571813816
25618,LOF,0.17967048847170106,0.035142606982282935,0.785186904546016
25619,LOF,0.027598238578120642,0.031875111211792255,0.9405266502100871
25620,LOF,0.03187569766314808,0.04370395269351498,0.9244203496433369
25621,LOF,0.031187748096379888,0.03056272218228443,0.9382495297213356
25622,LOF,0.03522745465806384,0.03572314532807795,0.9290494000138582
25623,LOF,0.07495190146344216,0.02929001705128514,0.8957580814852727
25624,LOF,0.02598611462354446,0.03997569594784104,0.9340381894286144
25625,LOF,0.037085503609744074,0.043610926870298036,0.9193035695199578
25626,LOF,0.08374641704046756,0.030781505772552425,0.88547207718698
25627,Neutral,0.564381069722278,0.1274130616716982,0.3082058686060239
25628,LOF,0.1648893665093141,0.06840829158031496,0.7667023419103709
25629,LOF,0.07182190709343395,0.08030934565235397,0.8478687472542121
25630,LOF,0.14432636643736937,0.1151215396875545,0.7405520938750761
25631,Neutral,0.5450860105808154,0.08671416365351735,0.3681998257656672
25632,LOF,0.022422538043593485,0.06302910721449104,0.9145483547419154
25633,LOF,0.20050905727564844,0.07769807322534453,0.721792869499007
25634,LOF,0.033253387487583976,0.10997638120137418,0.8567702313110418
25635,LOF,0.03239623275485909,0.07932849499792748,0.8882752722472136
25636,GOF,0.0051821089497666355,0.610014473624607,0.38480341742562635
25637,GOF,0.0050396342535990665,0.5664986311274337,0.4284617346189672
25638,LOF,0.009343417008390966,0.44956299158632884,0.5410935914052801
25639,LOF,0.0046304402411425655,0.41053738488342145,0.584832174875436
25640,Neutral,0.4906505308769504,0.43101684693016434,0.07833262219288525
25641,LOF,0.008489065661301691,0.3344096421311931,0.6571012922075052
25642,LOF,0.25849440475567875,0.07342395646694005,0.6680816387773812
25643,LOF,0.25724404289883396,0.20564560523048048,0.5371103518706856
25644,GOF,0.018267826821067156,0.622398788825129,0.3593333843538039
25645,GOF,0.01754449175970092,0.5872840277860644,0.3951714804542347
25646,LOF,0.02057788795625834,0.38430757173478086,0.5951145403089608
25647,LOF,0.018946653389785916,0.2979533380139796,0.6831000085962345
25648,LOF,0.016265081084422445,0.31414657968836607,0.6695883392272115
25649,LOF,0.014946238632301115,0.2565777445699435,0.7284760167977554
25650,GOF,0.03549307281845886,0.6050444722433803,0.35946245493816076
25651,LOF,0.0114280304097849,0.33251446220763486,0.6560575073825803
25652,LOF,0.019278284504619776,0.324331577738512,0.6563901377568682
25653,LOF,0.08361154896461519,0.41681382135838957,0.4995746296769954
25654,LOF,0.01611233744312841,0.27107048941655326,0.7128171731403183
25655,GOF,0.11321091739693963,0.44659643193726545,0.44019265066579494
25656,LOF,0.06065716974211015,0.07664403380437476,0.8626987964535151
25657,LOF,0.28220083865255596,0.03275788407699315,0.6850412772704508
25658,LOF,0.04777807881752386,0.07954126699929129,0.8726806541831849
25659,LOF,0.2818339453897447,0.05197787627033117,0.666188178339924
25660,LOF,0.07893499499634932,0.09800834194363187,0.8230566630600188
25661,LOF,0.048670279667383416,0.07473374515744323,0.8765959751751733
25662,LOF,0.028443723271110687,0.04580989221388865,0.9257463845150006
25663,LOF,0.03768249919645976,0.07338395911316554,0.8889335416903748
25664,LOF,0.042430149947871455,0.08298817502119506,0.8745816750309335
25665,LOF,0.05830772496303638,0.04579877651434316,0.8958934985226206
25666,LOF,0.04105841730109164,0.1417162474994563,0.8172253351994521
25667,LOF,0.02895768652828998,0.056917341158241486,0.9141249723134686
25668,LOF,0.033876938900918745,0.0670041931084856,0.8991188679905956
25669,LOF,0.03863496446451021,0.10004843274126837,0.8613166027942213
25670,LOF,0.15564188600415738,0.06746736729056532,0.7768907467052772
25671,LOF,0.03801016934195871,0.049916810760181854,0.9120730198978594
25672,LOF,0.05774834674578482,0.06915067014543692,0.8731009831087783
25673,LOF,0.04398379933632234,0.05820390630017005,0.8978122943635077
25674,LOF,0.03331727052058776,0.06795984152398,0.8987228879554322
25675,LOF,0.04354588506068158,0.05136443134528351,0.9050896835940349
25676,LOF,0.031529240900714496,0.06155568094813208,0.9069150781511534
25677,LOF,0.05725831231039261,0.0655273739149788,0.8772143137746286
25678,LOF,0.2485313911559368,0.04862387082054905,0.7028447380235141
25679,LOF,0.15521218902307768,0.06423730095997582,0.7805505100169465
25680,LOF,0.06207792386543561,0.09741236296458343,0.8405097131699809
25681,LOF,0.1056894469993174,0.08729038024794823,0.8070201727527344
25682,LOF,0.04335181337581478,0.07633973644225728,0.8803084501819279
25683,LOF,0.07937713347191021,0.09475153190627858,0.8258713346218113
25684,LOF,0.05003045679836289,0.07965739453078167,0.8703121486708555
25685,LOF,0.11417217740595878,0.037329402565467795,0.8484984200285733
25686,LOF,0.036578053434247616,0.09053337007955801,0.8728885764861943
25687,LOF,0.05775876019878964,0.08719794692040322,0.8550432928808072
25688,LOF,0.025332777242855344,0.10281728296695529,0.8718499397901894
25689,LOF,0.021471432840192217,0.06730874308299642,0.9112198240768113
25690,LOF,0.01805497604973357,0.08184202001818013,0.9001030039320863
25691,LOF,0.16515387104344206,0.13130556190313075,0.7035405670534273
25692,LOF,0.2468604234618026,0.017022233803012068,0.7361173427351854
25693,LOF,0.057244224761892275,0.13102810229920372,0.811727672938904
25694,LOF,0.27081233892563034,0.012909723616093518,0.7162779374582762
25695,LOF,0.17704347336289067,0.01908026663465283,0.8038762600024566
25696,LOF,0.1741728786091284,0.009567591588884025,0.8162595298019877
25697,LOF,0.1377315219439349,0.029785024146041134,0.8324834539100239
25698,LOF,0.030070798199162193,0.3259256196963217,0.644003582104516
25699,LOF,0.07945169361930869,0.07156581373352815,0.8489824926471631
25700,LOF,0.03305181492760544,0.011109729500590452,0.9558384555718042
25701,LOF,0.012979680377876075,0.07467349858900785,0.9123468210331162
25702,GOF,0.03281079088037011,0.6890704331790909,0.278118775940539
25703,LOF,0.018409813797434386,0.19804335905988962,0.7835468271426759
25704,LOF,0.07565196409073965,0.16940503065091148,0.7549430052583488
25705,LOF,0.06977318127870212,0.24704947132889232,0.6831773473924055
25706,GOF,0.039582151461976633,0.5884349248807974,0.37198292365722596
25707,GOF,0.03292957063717214,0.6066622205075328,0.36040820885529495
25708,GOF,0.008519530320708032,0.5590329233683567,0.4324475463109353
25709,LOF,0.01966850245744106,0.0802549303695814,0.9000765671729776
25710,LOF,0.008885674096287564,0.16367348733813084,0.8274408385655815
25711,LOF,0.02143758693895833,0.13667248330794776,0.8418899297530941
25712,LOF,0.009662414532164374,0.22965161887469646,0.7606859665931393
25713,LOF,0.018921145754501583,0.12057873753600871,0.8605001167094898
25714,LOF,0.02171774277492514,0.16876776394835025,0.8095144932767245
25715,LOF,0.0202267595079258,0.1492533856129865,0.8305198548790877
25716,LOF,0.014279088806724734,0.11660516449968843,0.8691157466935868
25717,LOF,0.006949209862899848,0.12038466011913657,0.8726661300179637
25718,LOF,0.019759363381743524,0.09914330072394094,0.8810973358943155
25719,LOF,0.03421263865186955,0.10953660251850618,0.8562507588296242
25720,LOF,0.026478282044574253,0.10059154022902,0.8729301777264058
25721,LOF,0.02390300776833983,0.11503982463753742,0.8610571675941227
25722,LOF,0.01608598195832748,0.15668862592486255,0.82722539211681
25723,LOF,0.02199720833176968,0.10113889269658148,0.8768638989716487
25724,LOF,0.026232420035100904,0.1706303397672115,0.8031372401976875
25725,LOF,0.021459617681227037,0.09078740538214518,0.8877529769366278
25726,LOF,0.015609521570032002,0.125984306536332,0.858406171893636
25727,LOF,0.02179614409227342,0.11340691129013046,0.8647969446175962
25728,LOF,0.02104232301134675,0.12111830041684092,0.8578393765718123
25729,LOF,0.02037358740255448,0.1331015882159833,0.8465248243814623
25730,LOF,0.023202455495426454,0.09210371960705487,0.8846938248975187
25731,LOF,0.011825490920181538,0.17176236730047006,0.8164121417793484
25732,LOF,0.01976760319359765,0.11811961643095097,0.8621127803754514
25733,LOF,0.028273219035590477,0.1103741866699567,0.8613525942944529
25734,LOF,0.007670777012543233,0.21336613705919732,0.7789630859282594
25735,LOF,0.022441608360954286,0.0899168930331224,0.8876414986059232
25736,LOF,0.02020937298008808,0.15439444283285625,0.8253961841870556
25737,LOF,0.03953080976335971,0.1232092368835119,0.8372599533531283
25738,LOF,0.020924515304397928,0.17250806104889974,0.8065674236467023
25739,LOF,0.022771630882126543,0.15277052929044765,0.8244578398274258
25740,LOF,0.047133371027986176,0.16451929984156943,0.7883473291304445
25741,LOF,0.029212410681250415,0.13246298917971935,0.8383246001390303
25742,LOF,0.04712148796423367,0.14014265033955492,0.8127358616962115
25743,LOF,0.013935144565130194,0.02759896763769715,0.9584658877971727
25744,LOF,0.19296040528130143,0.30897194135700634,0.4980676533616922
25745,LOF,0.0341034125269792,0.10933793901683272,0.8565586484561881
25746,LOF,0.014769005579372527,0.15340732168326354,0.831823672737364
25747,LOF,0.030166142104837094,0.031550967599009744,0.9382828902961532
25748,LOF,0.2650999085652972,0.055105634974249154,0.6797944564604537
25749,LOF,0.012963309764330404,0.09305877136394483,0.8939779188717247
25750,LOF,0.017778815369992214,0.09659946211547007,0.8856217225145377
25751,LOF,0.04187183184058845,0.05013470808255649,0.907993460076855
25752,GOF,0.08843388081520959,0.6836167942851024,0.22794932489968806
25753,LOF,0.007448842950894467,0.380351003820684,0.6122001532284216
25754,GOF,0.0077016769167372046,0.8646128344095323,0.12768548867373045
25755,LOF,0.008665965376113157,0.4295378697487749,0.561796164875112
25756,LOF,0.04680492709486992,0.4348833301100176,0.5183117427951125
25757,GOF,0.007390255427864616,0.8617882384378561,0.13082150613427926
25758,GOF,0.008692881875454452,0.8706088861001913,0.12069823202435422
25759,GOF,0.005330663198460758,0.5822649200661433,0.41240441673539596
25760,LOF,0.006040194412472312,0.300294762396009,0.6936650431915187
25761,GOF,0.05420197379782357,0.8467707142860932,0.09902731191608331
25762,LOF,0.027621892474997658,0.3523322832801571,0.6200458242448452
25763,LOF,0.007053402836260483,0.2728894260196779,0.7200571711440618
25764,GOF,0.06707431760531155,0.6251977027297502,0.30772797966493837
25765,GOF,0.007922663778070478,0.8583275773317779,0.13374975889015164
25766,GOF,0.039049738679318824,0.8109898562678282,0.14996040505285294
25767,GOF,0.009991399329347768,0.5485985520705353,0.441410048600117
25768,LOF,0.03574540054995772,0.06689779383570062,0.8973568056143417
25769,LOF,0.024307254665047753,0.09398179689376898,0.8817109484411834
25770,LOF,0.17215670410746794,0.07099695830639563,0.7568463375861365
25771,LOF,0.0158820869078816,0.07415141706601262,0.9099664960261057
25772,LOF,0.02474246342350064,0.0376592132039679,0.9375983233725315
25773,LOF,0.02040687213287586,0.06746401621139254,0.9121291116557316
25774,LOF,0.030639039849657917,0.10225628222555588,0.8671046779247862
25775,LOF,0.02532397096389257,0.0442586479006565,0.9304173811354509
25776,LOF,0.0265856995966793,0.03319626446950059,0.94021803593382
25777,LOF,0.2595946065779231,0.07917999749398859,0.6612253959280884
25778,LOF,0.019596428494256253,0.07631893918915857,0.9040846323165852
25779,GOF,0.03992257588154634,0.8817039730628754,0.07837345105557825
25780,GOF,0.06950450118126775,0.881097308840858,0.0493981899778742
25781,GOF,0.0345075987106169,0.8745155272697058,0.09097687401967715
25782,GOF,0.03376891278841825,0.9034482333778655,0.06278285383371636
25783,GOF,0.026209427967191227,0.9190216176425653,0.0547689543902434
25784,GOF,0.08198826915582763,0.874183180635779,0.04382855020839326
25785,GOF,0.07902555812627858,0.8802785801243634,0.040695861749357874
25786,GOF,0.00927190036280894,0.8734967336003867,0.11723136603680451
25787,GOF,0.18616983063191528,0.7678681594615151,0.045962009906569616
25788,LOF,0.015045120530215679,0.18761603636756535,0.797338843102219
25789,GOF,0.019262632328338206,0.8579828907402914,0.12275447693137032
25790,GOF,0.02023004615321863,0.869200287927406,0.1105696659193754
25791,GOF,0.019893064252591786,0.8038229191551847,0.1762840165922236
25792,GOF,0.024393835596379077,0.8302684909610677,0.1453376734425533
25793,GOF,0.06869852938892504,0.8372014901953286,0.09409998041574633
25794,GOF,0.05340615089571285,0.7757334337304596,0.17086041537382748
25795,GOF,0.04586578738372017,0.7648507195976311,0.18928349301864886
25796,GOF,0.0978607457082724,0.8204388056559864,0.08170044863574127
25797,GOF,0.06768324125878766,0.7654595044877729,0.16685725425343934
25798,GOF,0.00490502711515534,0.7699420674630765,0.22515290542176822
25799,GOF,0.003884980821479676,0.7179729193717561,0.27814209980676424
25800,GOF,0.022777145312087604,0.8258765031179249,0.1513463515699874
25801,GOF,0.016045242721678118,0.8865811068667183,0.09737365041160365
25802,GOF,0.0263140987601,0.8356524102309115,0.1380334910089885
25803,GOF,0.02006737635576132,0.7313533627769015,0.24857926086733723
25804,GOF,0.025850066553747227,0.7663651005995014,0.20778483284675145
25805,GOF,0.03271405406771533,0.8121528877810554,0.15513305815122921
25806,GOF,0.030474049523869434,0.8118733801576045,0.1576525703185263
25807,GOF,0.00739957694618588,0.7524559882555755,0.24014443479823866
25808,GOF,0.01806496002685951,0.7833984796120735,0.19853656036106698
25809,GOF,0.009523508529402409,0.7639559014635328,0.2265205900070649
25810,GOF,0.00773840537729357,0.7512690392569171,0.24099255536578926
25811,GOF,0.04359203584849603,0.8833553489540126,0.07305261519749143
25812,GOF,0.029230236279213985,0.7884223453701,0.18234741835068605
25813,GOF,0.12628630406467412,0.7960914094926406,0.07762228644268544
25814,GOF,0.030302636999528624,0.8073864949448901,0.16231086805558115
25815,GOF,0.06001966439233602,0.8292684369336426,0.11071189867402141
25816,GOF,0.009368889954694419,0.8507358924377415,0.13989521760756407
25817,GOF,0.09389579441596722,0.8129458767590786,0.0931583288249542
25818,GOF,0.02067441498814117,0.8001309801225317,0.17919460488932726
25819,GOF,0.06962608924556443,0.765445759893896,0.16492815086053964
25820,GOF,0.02916703696720862,0.7174098456794239,0.25342311735336753
25821,GOF,0.020316319722655758,0.7299490074584469,0.2497346728188973
25822,GOF,0.03986284087765179,0.7372684257976729,0.2228687333246752
25823,GOF,0.022782968099670436,0.7096141615410793,0.2676028703592504
25824,GOF,0.02219586272658763,0.7760848807678716,0.20171925650554068
25825,GOF,0.01777921242186644,0.7614783704882109,0.2207424170899227
25826,GOF,0.0074911673181622665,0.7171986933116478,0.27531013937018994
25827,GOF,0.012113052070716227,0.7008315649781061,0.28705538295117766
25828,GOF,0.009688358696217985,0.7265197277495713,0.2637919135542108
25829,GOF,0.004012774365507373,0.6883194040721967,0.3076678215622959
25830,LOF,0.03622155651049755,0.43061042137922956,0.5331680221102729
25831,GOF,0.05296923703520607,0.8006734523065178,0.14635731065827626
25832,GOF,0.008381779313162625,0.7379253088269577,0.2536929118598795
25833,GOF,0.030833692246359668,0.8037011371999682,0.16546517055367213
25834,GOF,0.009475963736123715,0.7574667762024646,0.23305726006141164
25835,GOF,0.023858830798607285,0.8338969416257527,0.1422442275756401
25836,GOF,0.0064275182233586095,0.7589154548925237,0.2346570268841176
25837,GOF,0.008298566775993763,0.7691527671652632,0.22254866605874316
25838,GOF,0.023172956089497633,0.832853585035232,0.1439734588752704
25839,GOF,0.04786375725947569,0.8120873567849896,0.14004888595553477
25840,GOF,0.06953669067377259,0.8038564645173092,0.12660684480891835
25841,GOF,0.0701253883051235,0.8237234047662318,0.10615120692864465
25842,GOF,0.03141502855311916,0.8832873353881606,0.0852976360587203
25843,GOF,0.028690588146643242,0.8822838351136841,0.08902557673967268
25844,GOF,0.016434037832964085,0.8352811213470342,0.14828484082000162
25845,GOF,0.0065160115509611625,0.7588930184110643,0.23459097003797458
25846,GOF,0.06323888470247145,0.823972060261278,0.11278905503625059
25847,GOF,0.019787785211034033,0.8829279962908478,0.09728421849811814
25848,GOF,0.017903235610080472,0.8279457728362334,0.15415099155368608
25849,GOF,0.006750615065973692,0.8146035442107721,0.17864584072325415
25850,GOF,0.005695247782908224,0.7154151636472672,0.2788895885698246
25851,GOF,0.005425968983667623,0.6722919492751288,0.32228208174120354
25852,GOF,0.14414549026932297,0.5745620619121711,0.2812924478185059
25853,GOF,0.0829837261829378,0.8030768587991377,0.11393941501792448
25854,GOF,0.005524988262168763,0.721108960475792,0.2733660512620392
25855,GOF,0.022377963864773948,0.6829197122108681,0.29470232392435797
25856,GOF,0.047034311094843836,0.7762560437066214,0.1767096451985347
25857,GOF,0.023472156779217632,0.7027430266283446,0.27378481659243775
25858,GOF,0.010039612111885345,0.7318780822479065,0.25808230564020823
25859,GOF,0.007645584492363927,0.7297200526855243,0.2626343628221117
25860,GOF,0.08175379069887914,0.8018900243699322,0.11635618493118868
25861,GOF,0.08456337279932108,0.8185641946437361,0.09687243255694272
25862,GOF,0.020656789818094535,0.875488117764655,0.10385509241725058
25863,GOF,0.02327632089204167,0.8713779828655226,0.10534569624243567
25864,GOF,0.06391061940638748,0.8798195013908762,0.05626987920273629
25865,GOF,0.04245186186919647,0.8541526173441191,0.10339552078668454
25866,GOF,0.024577321318413753,0.8659109589081805,0.10951171977340593
25867,GOF,0.04235863179287845,0.867373259869183,0.09026810833793862
25868,GOF,0.0610497320452144,0.8076486289566855,0.13130163899810016
25869,GOF,0.34919270331051155,0.5728514227318823,0.0779558739576062
25870,GOF,0.06356783773263175,0.5504549809295869,0.38597718133778125
25871,GOF,0.011055921120526604,0.8532635843355965,0.1356804945438769
25872,GOF,0.01872528095915414,0.8332878279690411,0.14798689107180465
25873,GOF,0.0188447309983998,0.8701867891186166,0.11096847988298343
25874,LOF,0.014752089599855932,0.21526647643679162,0.7699814339633524
25875,LOF,0.03196806496524023,0.05374201939858274,0.9142899156361771
25876,LOF,0.01949204997485596,0.032751316778742205,0.9477566332464018
25877,LOF,0.11008408539081901,0.07943132193429726,0.8104845926748837
25878,LOF,0.0814896205488252,0.1268416997907722,0.7916686796604027
25879,LOF,0.017688766319823756,0.08814166005005493,0.8941695736301213
25880,LOF,0.06131354544646676,0.012536149572259313,0.9261503049812739
25881,Neutral,0.468904311391702,0.07553552446929782,0.45556016413900013
25882,LOF,0.06297957035669766,0.027744188830001886,0.9092762408133004
25883,LOF,0.029311232682345232,0.03422909005626423,0.9364596772613906
25884,LOF,0.0178330993287393,0.06535049104307407,0.9168164096281868
25885,LOF,0.1927036086095435,0.012979188454489391,0.7943172029359672
25886,LOF,0.2719078225253484,0.07351257115607256,0.654579606318579
25887,LOF,0.11621759753973136,0.08745059859031952,0.7963318038699491
25888,LOF,0.00846065666466322,0.13404957799353656,0.8574897653418002
25889,LOF,0.0246037212172401,0.046337879844329785,0.9290583989384302
25890,LOF,0.1747338862009009,0.08757654571076061,0.7376895680883385
25891,LOF,0.12555472803290837,0.028595436303029322,0.8458498356640624
25892,LOF,0.010590694192331288,0.03311545779741733,0.9562938480102515
25893,LOF,0.3787490182515898,0.009372684756601433,0.6118782969918087
25894,LOF,0.4137126192577683,0.006904834401295701,0.5793825463409359
25895,LOF,0.35858881638773715,0.012562130149905629,0.6288490534623572
25896,LOF,0.06994096904840172,0.025696618424346722,0.9043624125272515
25897,LOF,0.1757309174665265,0.009648708873398967,0.8146203736600746
25898,LOF,0.1427147111577435,0.03543990043492306,0.8218453884073335
25899,LOF,0.4347937154980349,0.029877845058585775,0.5353284394433793
25900,Neutral,0.5211963496065571,0.007897576841159434,0.4709060735522835
25901,LOF,0.06721425809483234,0.011379678712260316,0.9214060631929073
25902,LOF,0.18833360743982722,0.012931741766227378,0.7987346507939453
25903,LOF,0.3845697582559715,0.02599893520568281,0.5894313065383457
25904,Neutral,0.5324635377074456,0.03622408518779908,0.4313123771047554
25905,LOF,0.0065466149996081845,0.46782796030022034,0.5256254247001716
25906,LOF,0.007554386849187404,0.09320828211737175,0.8992373310334407
25907,LOF,0.006624185865705089,0.306436603687061,0.6869392104472339
25908,LOF,0.006461910453635871,0.27184812558633475,0.7216899639600294
25909,LOF,0.025606209789155645,0.13632743355901653,0.8380663566518278
25910,LOF,0.012248074727007532,0.13575837379235156,0.8519935514806408
25911,LOF,0.21898375730407665,0.07815187253488891,0.7028643701610344
25912,LOF,0.10178838324641862,0.046543599489364755,0.8516680172642166
25913,LOF,0.026856757653975414,0.08244998166366568,0.8906932606823589
25914,LOF,0.03686854032343152,0.03458540243058207,0.9285460572459865
25915,LOF,0.18164721558795213,0.1440110806127914,0.6743417037992564
25916,LOF,0.026235993834701016,0.07538073850164931,0.8983832676636496
25917,LOF,0.07185010981692562,0.02902699669464414,0.8991228934884302
25918,LOF,0.04217588730264764,0.020630141111803328,0.937193971585549
25919,LOF,0.03747536840046535,0.0207544507511063,0.9417701808484285
25920,LOF,0.30932744693104763,0.32620707254939135,0.36446548051956107
25921,LOF,0.015606189635357289,0.03864232078677249,0.9457514895778703
25922,LOF,0.018189309909170098,0.04103856329886445,0.9407721267919653
25923,LOF,0.4359850961474648,0.03335655175762477,0.5306583520949105
25924,LOF,0.027498329542946953,0.05109310683975471,0.9214085636172984
25925,LOF,0.09217382433453913,0.04492249174634268,0.8629036839191181
25926,LOF,0.0731797418483655,0.04190730915062257,0.884912949001012
25927,LOF,0.020757992945855154,0.08188697952433936,0.8973550275298054
25928,LOF,0.011444577805917233,0.05317903640762786,0.935376385786455
25929,Neutral,0.5709571040477088,0.031281364435681476,0.39776153151660976
25930,LOF,0.07969267166680001,0.03315036881527815,0.8871569595179218
25931,LOF,0.014764166072856105,0.03934047048554388,0.9458953634416
25932,LOF,0.06018009326067232,0.036396630953237065,0.9034232757860906
25933,LOF,0.06045724465470463,0.022082337622904347,0.9174604177223911
25934,LOF,0.05549430062146994,0.022118308425164997,0.9223873909533651
25935,LOF,0.08190942627791231,0.0554151431899715,0.8626754305321161
25936,LOF,0.10280596284828689,0.022694677772931313,0.8744993593787818
25937,LOF,0.02027176100396369,0.028820261775786594,0.9509079772202498
25938,LOF,0.07605572009706082,0.04753923588611093,0.8764050440168283
25939,LOF,0.04559364557411615,0.03063834215656237,0.9237680122693215
25940,LOF,0.009885525507472863,0.41600299483831876,0.5741114796542084
25941,Neutral,0.4780431978629363,0.05286933953165305,0.4690874626054106
25942,LOF,0.010488120662208767,0.06318510377470611,0.9263267755630851
25943,LOF,0.040082047099201254,0.20121397328445434,0.7587039796163444
25944,LOF,0.03824784607395628,0.09437344892448028,0.8673787050015634
25945,LOF,0.11854570122562666,0.03797365861986876,0.8434806401545045
25946,LOF,0.0672771935264419,0.04428861932343199,0.8884341871501261
25947,Neutral,0.545429654521769,0.06812608402410203,0.3864442614541291
25948,LOF,0.41100301327687344,0.022100053826169166,0.5668969328969574
25949,LOF,0.1773872286811406,0.08213320065384039,0.740479570665019
25950,GOF,0.0609257773190747,0.49576385714170285,0.4433103655392225
25951,LOF,0.014381595346792288,0.38011446401244436,0.6055039406407634
25952,LOF,0.25353437495504744,0.20693661098982696,0.5395290140551257
25953,LOF,0.008357306744975541,0.2216530335998927,0.7699896596551319
25954,LOF,0.07665223819218861,0.31693298000588027,0.6064147818019312
25955,LOF,0.007707795155372712,0.2227267877524744,0.7695654170921529
25956,LOF,0.013126474480382733,0.31902196395733456,0.6678515615622826
25957,LOF,0.1708286258585563,0.033916138529313265,0.7952552356121304
25958,LOF,0.03339007255811766,0.07283278674406723,0.8937771406978151
25959,GOF,0.007175544698193336,0.798928717539823,0.1938957377619837
25960,LOF,0.005209898409839178,0.1218340052616674,0.8729560963284935
25961,LOF,0.03318201206310263,0.05594927014672317,0.9108687177901743
25962,LOF,0.05415047783365884,0.08179264226282404,0.8640568799035171
25963,LOF,0.007292159246706776,0.1441376523259078,0.8485701884273855
25964,LOF,0.02572639778168224,0.1231991675428563,0.8510744346754614
25965,LOF,0.2287461155518352,0.1251767231189415,0.6460771613292233
25966,LOF,0.3919110217601991,0.0910784943347446,0.5170104839050563
25967,LOF,0.008702396668517007,0.0638628238972458,0.9274347794342372
25968,LOF,0.04188468639296393,0.22115903469802006,0.7369562789090159
25969,LOF,0.16195192922045545,0.051597747152603866,0.7864503236269408
25970,LOF,0.06718013617829108,0.08412332762234231,0.8486965361993666
25971,LOF,0.0751565402249682,0.034361059867848445,0.8904823999071834
25972,LOF,0.07223541831275491,0.06143709683132084,0.8663274848559243
25973,LOF,0.06418070352927767,0.010573315728012804,0.9252459807427096
25974,LOF,0.040961719663309325,0.039324738597602306,0.9197135417390884
25975,LOF,0.04274786396883489,0.01969207986690814,0.9375600561642571
25976,LOF,0.08999751426140391,0.011277067736202366,0.8987254180023938
25977,LOF,0.24472341406511408,0.056419910905224274,0.6988566750296616
25978,LOF,0.1732765865248009,0.1351226374459992,0.6916007760291999
25979,LOF,0.1427998255500361,0.1519785525113006,0.7052216219386633
25980,LOF,0.22544873624886652,0.21131773133878398,0.5632335324123494
25981,LOF,0.22641312678521172,0.21221686556898653,0.5613700076458018
25982,LOF,0.44293316954014056,0.10079072138243608,0.4562761090774235
25983,Neutral,0.44617689586444587,0.12372617862841569,0.4300969255071385
25984,LOF,0.03966766912357823,0.0905112621258525,0.8698210687505693
25985,LOF,0.41594578909658264,0.13286184856704097,0.4511923623363764
25986,LOF,0.011629570370893917,0.458096769719058,0.5302736599100482
25987,LOF,0.04308994277381597,0.10017404919615674,0.8567360080300273
25988,LOF,0.03767560462444876,0.15325273152191438,0.8090716638536369
25989,LOF,0.04361266029513339,0.1909394433794985,0.7654478963253681
25990,LOF,0.037763510983870784,0.29381296797606526,0.668423521040064
25991,GOF,0.020447646234741945,0.517038745690268,0.4625136080749901
25992,LOF,0.01771829500265746,0.47843463304766587,0.5038470719496766
25993,LOF,0.027757477950923735,0.08986491369182496,0.8823776083572512
25994,LOF,0.023801953749944583,0.09736961667728025,0.8788284295727753
25995,LOF,0.019224826591469495,0.15700062074682775,0.8237745526617027
25996,GOF,0.3656575085696903,0.38082157367493374,0.253520917755376
25997,LOF,0.06949535373435256,0.44701290015643924,0.48349174610920814
25998,LOF,0.25837389900963564,0.045189552976218905,0.6964365480141455
25999,LOF,0.039000908952010284,0.11579557779305871,0.8452035132549309
26000,LOF,0.14812722030943293,0.016762882270506377,0.8351098974200607
26001,LOF,0.24078005057490276,0.021426442478668373,0.737793506946429
26002,LOF,0.12084696792297359,0.02768261297717292,0.8514704190998535
26003,GOF,0.007267800279641931,0.606508606227757,0.38622359349260094
26004,GOF,0.01680601498459242,0.6344060890498127,0.348787895965595
26005,LOF,0.005293814879588721,0.4800329442657405,0.5146732408546708
26006,GOF,0.10977102052240154,0.5287329840198884,0.36149599545770994
26007,GOF,0.010356821786557412,0.5042847205525872,0.4853584576608553
26008,GOF,0.00618884147151336,0.5864977778864979,0.40731338064198863
26009,GOF,0.012257188745489835,0.6154995889854084,0.37224322226910184
26010,GOF,0.009835057410293342,0.5796984754974716,0.41046646709223505
26011,LOF,0.004222709954814647,0.3950277700275711,0.6007495200176143
26012,GOF,0.004766511750502224,0.526469215693104,0.46876427255639386
26013,GOF,0.009978426338296549,0.5464431440073965,0.4435784296543069
26014,LOF,0.06853784874726018,0.11410226094156939,0.8173598903111705
26015,LOF,0.35499021323424834,0.03608969954762709,0.6089200872181246
26016,LOF,0.2819088256245097,0.05610715986342786,0.6619840145120623
26017,LOF,0.013806071251963562,0.2463135190114398,0.7398804097365966
26018,LOF,0.024160989377187518,0.0871277471819557,0.8887112634408567
26019,LOF,0.02370422648296338,0.07826554030085085,0.8980302332161858
26020,LOF,0.00786750655608501,0.23575616384816933,0.7563763295957456
26021,LOF,0.07042826357423555,0.1134909458791505,0.816080790546614
26022,LOF,0.037196741019340875,0.04243928537432668,0.9203639736063325
26023,LOF,0.01991721399554458,0.06414551165249333,0.915937274351962
26024,LOF,0.0533638641535255,0.08630052955831068,0.8603356062881637
26025,LOF,0.11116675229194799,0.1091660283245986,0.7796672193834534
26026,LOF,0.11258392319180932,0.08407677082875134,0.8033393059794394
26027,LOF,0.02388750591782891,0.037678244316942264,0.9384342497652289
26028,LOF,0.09365530436763686,0.17516016790754838,0.7311845277248147
26029,LOF,0.023338471837537622,0.16982968938714343,0.8068318387753188
26030,LOF,0.13599949057310853,0.024974367363159587,0.8390261420637319
26031,LOF,0.010355880000063841,0.13986410920905287,0.8497800107908833
26032,LOF,0.03778171179179257,0.04226836265796265,0.9199499255502448
26033,LOF,0.039572626562024905,0.04507887403007732,0.9153484994078978
26034,LOF,0.016784207288889415,0.11862612237027485,0.8645896703408358
26035,LOF,0.01391802543927108,0.10716595675944482,0.8789160178012841
26036,LOF,0.013070034047638974,0.09390993821257185,0.8930200277397892
26037,LOF,0.011769991158438565,0.10423408119551568,0.8839959276460457
26038,LOF,0.03163781996548557,0.03791314306605221,0.9304490369684622
26039,LOF,0.03741748008577746,0.1296276492618707,0.8329548706523517
26040,LOF,0.07864936852250946,0.09393010669754819,0.8274205247799423
26041,LOF,0.015170047166305453,0.09701201849046864,0.8878179343432259
26042,LOF,0.014680268916705113,0.10362991898477251,0.8816898120985223
26043,LOF,0.03182280174472334,0.0561606401255584,0.9120165581297182
26044,LOF,0.009576130751627332,0.04393759634070592,0.9464862729076667
26045,LOF,0.0801128093219418,0.13874243376651194,0.7811447569115462
26046,LOF,0.028826314818465152,0.044292372283286315,0.9268813128982486
26047,LOF,0.05942404971346413,0.044465226747646844,0.8961107235388891
26048,LOF,0.08083985807614334,0.018731433416745498,0.9004287085071111
26049,Neutral,0.9409424678517525,0.00689025751328908,0.052167274634958426
26050,Neutral,0.9072772658253452,0.007382864362221456,0.08533986981243338
26051,LOF,0.025180437936466658,0.06516528477350429,0.909654277290029
26052,LOF,0.03059452571490418,0.05861594184220643,0.9107895324428895
26053,LOF,0.025612542623142574,0.13403153125044825,0.8403559261264092
26054,LOF,0.04783566411147069,0.03872449797358652,0.9134398379149429
26055,LOF,0.07447332149518612,0.03419640574390663,0.8913302727609073
26056,LOF,0.0625599669377064,0.04361326572304205,0.8938267673392515
26057,LOF,0.060813599387978666,0.021894223599953456,0.9172921770120679
26058,LOF,0.06479000159203895,0.01677550338837435,0.9184344950195866
26059,LOF,0.210462519411483,0.03827030717841527,0.7512671734101017
26060,LOF,0.027991483714326054,0.1584818778717898,0.8135266384138842
26061,LOF,0.01328134558683775,0.0115310685707167,0.9751875858424455
26062,LOF,0.007462329086603999,0.017698465141906043,0.9748392057714899
26063,LOF,0.04394151286507578,0.01634100935909355,0.9397174777758307
26064,LOF,0.015475670140637571,0.021320165030035226,0.9632041648293272
26065,LOF,0.059840081432145684,0.01967945504451377,0.9204804635233406
26066,LOF,0.0446013188951234,0.015468549281758563,0.9399301318231181
26067,LOF,0.047136435103557084,0.016096402970387693,0.9367671619260551
26068,LOF,0.052563738319521054,0.05418345244813289,0.8932528092323461
26069,LOF,0.28107598462532607,0.0344234599508671,0.6845005554238068
26070,Neutral,0.5378972062434185,0.024474987565350066,0.4376278061912315
26071,LOF,0.04924105000115476,0.018828871399132068,0.9319300785997131
26072,LOF,0.008855918814161921,0.024748076398059333,0.9663960047877788
26073,LOF,0.040868731484071566,0.01891063431418727,0.9402206342017412
26074,Neutral,0.8611757521540531,0.012925349148580241,0.12589889869736665
26075,LOF,0.057307425286274284,0.02762693846257139,0.9150656362511543
26076,LOF,0.05946173971351612,0.01648608339198224,0.9240521768945016
26077,LOF,0.1678762208076103,0.008573200589805739,0.823550578602584
26078,LOF,0.00800403885376442,0.019518874306693645,0.9724770868395419
26079,LOF,0.06517212316395515,0.028391174666928955,0.9064367021691159
26080,LOF,0.06460460172519347,0.028438915214343732,0.9069564830604628
26081,LOF,0.036964339316397074,0.01290391427445312,0.9501317464091498
26082,LOF,0.006606582766195166,0.022703849534392535,0.9706895676994123
26083,LOF,0.11873175217045262,0.030613330430090915,0.8506549173994564
26084,LOF,0.12481209372254211,0.023818838275147202,0.8513690680023107
26085,LOF,0.10852766189696869,0.01915336449420918,0.8723189736088222
26086,LOF,0.04372698061440607,0.01746143198843258,0.9388115873971613
26087,LOF,0.04054656269772324,0.014680467410303226,0.9447729698919735
26088,LOF,0.0075011159828801315,0.027250848809331117,0.9652480352077888
26089,LOF,0.04390979345358888,0.04642674749981343,0.9096634590465977
26090,LOF,0.044653805407846775,0.03587960198793443,0.9194665926042187
26091,LOF,0.03128045840663688,0.011563959296977087,0.9571555822963861
26092,LOF,0.04951578975921976,0.012712879527292822,0.9377713307134874
26093,LOF,0.09954847450415251,0.008470039120880046,0.8919814863749674
26094,LOF,0.03447955066240536,0.011546494514999976,0.9539739548225946
26095,LOF,0.021165006204693037,0.021055389267700488,0.9577796045276066
26096,LOF,0.2134062777345242,0.005428332608837223,0.7811653896566386
26097,LOF,0.00804787232821903,0.044706177751481765,0.9472459499202991
26098,LOF,0.123279740708506,0.023650687024616344,0.8530695722668777
26099,LOF,0.041648578967930124,0.029238581389027088,0.9291128396430428
26100,LOF,0.041648578967930124,0.029238581389027088,0.9291128396430428
26101,LOF,0.0682783706997201,0.05007869783948194,0.881642931460798
26102,LOF,0.03622373455815105,0.026387849514722353,0.9373884159271266
26103,Neutral,0.8898018438896611,0.03379153169857271,0.07640662441176607
26104,LOF,0.059576000696075174,0.055466672817131094,0.8849573264867937
26105,LOF,0.263430750860922,0.11867625819525528,0.6178929909438228
26106,LOF,0.30195389145552887,0.059411559002514755,0.6386345495419563
26107,LOF,0.019794587521368884,0.06999969709037365,0.9102057153882576
26108,LOF,0.26237718797898657,0.042510752874684206,0.6951120591463292
26109,LOF,0.08213188586611343,0.029662861846730813,0.8882052522871557
26110,LOF,0.43871695412250605,0.013145684983850851,0.5481373608936431
26111,LOF,0.06435773670492106,0.12100418109632306,0.8146380821987559
26112,LOF,0.05242723987085419,0.012394799886537692,0.935177960242608
26113,LOF,0.107984188197289,0.029397366626780882,0.86261844517593
26114,LOF,0.09458053614176568,0.006618288330634288,0.8988011755276
26115,LOF,0.0145596389388158,0.04609380693232862,0.9393465541288556
26116,LOF,0.08411083163055146,0.01995399550218469,0.8959351728672638
26117,LOF,0.33944986356452067,0.041003757262940234,0.6195463791725391
26118,LOF,0.04801022461059444,0.019814501974414093,0.9321752734149914
26119,LOF,0.005872025962338773,0.10804798106006924,0.8860799929775921
26120,LOF,0.03470385915795528,0.01990674607492975,0.9453893947671149
26121,LOF,0.003350663396935745,0.16499925475935695,0.8316500818437074
