feature0,prediction,LoGoFunc_Neutral,LoGoFunc_GOF,LoGoFunc_LOF
25546,Neutral,0.6440167372978348,0.14922022041880187,0.2067630422833634
25547,Neutral,0.4547680567327295,0.30360212932437497,0.24162981394289565
25548,Neutral,0.4350248589452207,0.24980247553139595,0.3151726655233833
25549,Neutral,0.39924241766951857,0.2658980661986205,0.33485951613186093
25550,LOF,0.31957394674277,0.31826532046813,0.3621607327890999
25551,LOF,0.2588931278354672,0.3035950333767882,0.4375118387877447
25552,LOF,0.14136941151316812,0.2786966780853953,0.5799339104014366
25553,Neutral,0.8251703556495367,0.06265684034596654,0.1121728040044967
25554,LOF,0.1768002315023141,0.29269625811471794,0.530503510382968
25555,LOF,0.1408978185627084,0.25253612465437514,0.6065660567829164
25556,Neutral,0.49393084803207793,0.20914780315218368,0.29692134881573845
25557,LOF,0.14287408673790966,0.2676526557672364,0.5894732574948539
25558,LOF,0.18153374170778877,0.32225846122228785,0.4962077970699234
25559,LOF,0.48747299929789106,0.019986307072366833,0.4925406936297419
25560,LOF,0.03908173782167538,0.24611657718983537,0.7148016849884893
25561,LOF,0.10526078693121971,0.2973091802490166,0.5974300328197637
25562,LOF,0.12699442896782792,0.06431908213974843,0.8086864888924237
25563,LOF,0.12304271881843755,0.10129565162263962,0.7756616295589229
25564,LOF,0.07860520775511647,0.18685488954034743,0.7345399027045362
25565,LOF,0.12527731816118423,0.22749120697651654,0.6472314748622993
25566,GOF,0.019274663124408915,0.6155296334532302,0.36519570342236096
25567,LOF,0.011437216945258575,0.10130320802735893,0.8872595750273825
25568,LOF,0.049737070460422084,0.03617350119717806,0.9140894283423998
25569,LOF,0.059876023232044856,0.036852598447178524,0.9032713783207766
25570,LOF,0.0557923292355193,0.03209682541545138,0.9121108453490293
25571,LOF,0.06357530052486018,0.02812596274144155,0.9082987367336983
25572,LOF,0.04163592084901672,0.03624212429653544,0.9221219548544479
25573,LOF,0.019408941021440477,0.04683510493549098,0.9337559540430687
25574,LOF,0.008985035900596216,0.20793167943445123,0.7830832846649525
25575,LOF,0.05037715925522435,0.024107715414973897,0.9255151253298017
25576,LOF,0.013502584465720542,0.021746954582411018,0.9647504609518686
25577,LOF,0.008784232450797014,0.024822284492154317,0.9663934830570485
25578,LOF,0.31852817025985664,0.04587100645043025,0.635600823289713
25579,LOF,0.3206840542003552,0.04525147048862114,0.6340644753110237
25580,LOF,0.03088437519313275,0.02090726953102823,0.948208355275839
25581,LOF,0.0459450749088057,0.052697347349844686,0.9013575777413496
25582,LOF,0.04604790241536097,0.04343515790024012,0.9105169396843988
25583,LOF,0.03325850103999735,0.024664717814120572,0.9420767811458822
25584,Neutral,0.49413592924693706,0.07427996511445724,0.43158410563860566
25585,LOF,0.024404831017395306,0.036059898119151265,0.9395352708634535
25586,LOF,0.030718779657810388,0.019179519794325493,0.950101700547864
25587,LOF,0.025413435338105136,0.017031570809491137,0.9575549938524037
25588,LOF,0.024833073450677267,0.02199449926324527,0.9531724272860775
25589,Neutral,0.6498976104093365,0.07939320227205791,0.2707091873186056
25590,LOF,0.020861971667662405,0.06133184059588544,0.9178061877364522
25591,LOF,0.07212880580380537,0.042299059312652314,0.8855721348835424
25592,LOF,0.09399377895015856,0.040391404574644435,0.8656148164751971
25593,LOF,0.010475309766389348,0.3959616174473972,0.5935630727862136
25594,LOF,0.045599076620880225,0.057467520679246036,0.8969334026998739
25595,LOF,0.07258095736312721,0.08220069440805332,0.8452183482288195
25596,LOF,0.09667522294858893,0.046983959834088734,0.8563408172173224
25597,LOF,0.07918612337527749,0.015843453608939285,0.9049704230157831
25598,LOF,0.06329289147261175,0.07154773215269161,0.8651593763746968
25599,GOF,0.009268643847695723,0.6122580355061832,0.3784733206461211
25600,GOF,0.011110953186365988,0.5199885344630032,0.46890051235063085
25601,LOF,0.006784700067014136,0.29366903366724934,0.6995462662657365
25602,LOF,0.020035187178512593,0.08012930572939769,0.8998355070920897
25603,LOF,0.03747806258383353,0.06773331470910364,0.8947886227070628
25604,LOF,0.037522182931025834,0.07063719438455102,0.8918406226844232
25605,LOF,0.012709973212697248,0.19112411000323454,0.7961659167840682
25606,LOF,0.0621929598944874,0.4594495981831172,0.4783574419223954
25607,LOF,0.0033511340120389783,0.14267816602079358,0.8539706999671675
25608,LOF,0.06554204112410428,0.023406447825383796,0.9110515110505119
25609,LOF,0.09227143691255188,0.18135643300698753,0.7263721300804606
25610,LOF,0.04191502378906102,0.018011817386287706,0.9400731588246514
25611,LOF,0.05434950346993125,0.010772315560503683,0.934878180969565
25612,LOF,0.1285360142042731,0.01834258475131593,0.853121401044411
25613,LOF,0.09648478535029377,0.023958261017215,0.8795569536324911
25614,LOF,0.03711795379585068,0.03072302783371894,0.9321590183704305
25615,LOF,0.07556325430750256,0.027227605771931698,0.8972091399205656
25616,LOF,0.030651686178404736,0.04236622529546482,0.9269820885261305
25617,LOF,0.04348598378011567,0.026911304101662016,0.9296027121182223
25618,LOF,0.21459787388002896,0.03864150678765292,0.7467606193323181
25619,LOF,0.0408649350522538,0.02756203716796323,0.9315730277797829
25620,LOF,0.03705925031175596,0.043795916316136926,0.9191448333721071
25621,LOF,0.038016780501556505,0.018818217801132846,0.9431650016973105
25622,LOF,0.02863369242045969,0.03979933093234187,0.9315669766471985
25623,LOF,0.04745327771991288,0.02613486394887849,0.9264118583312085
25624,LOF,0.03355378660219456,0.044167486270473406,0.9222787271273319
25625,LOF,0.041862963949715226,0.03992522952991756,0.9182118065203673
25626,LOF,0.08096147393708163,0.0223369574041183,0.8967015686588001
25627,Neutral,0.4904158560461625,0.0879530796402093,0.42163106431362823
25628,LOF,0.17272118069460085,0.032786517191351804,0.7944923021140473
25629,LOF,0.050854436723447694,0.07469641115055999,0.8744491521259924
25630,LOF,0.1731560597193637,0.044151449528291496,0.7826924907523448
25631,Neutral,0.5784648424211866,0.041214907291660385,0.38032025028715305
25632,LOF,0.015043940256112227,0.1800324337169466,0.8049236260269411
25633,LOF,0.18832660848159216,0.39106954005596756,0.4206038514624403
25634,LOF,0.03442337139312007,0.2444957029797639,0.7210809256271161
25635,LOF,0.0353902423980685,0.21442156737899626,0.7501881902229353
25636,LOF,0.00517705036781032,0.42101304256116867,0.573809907071021
25637,LOF,0.0045115127766221,0.2607519046970061,0.7347365825263719
25638,LOF,0.005943168883046546,0.2618726748902122,0.7321841562267413
25639,LOF,0.004816370311592238,0.212737291599256,0.7824463380891516
25640,GOF,0.344249820667063,0.588513438990549,0.067236740342388
25641,LOF,0.007510260345190032,0.1837004993425429,0.8087892403122672
25642,LOF,0.20862553515830898,0.06790486088463484,0.7234696039570562
25643,LOF,0.25284183870736376,0.10584785304546787,0.6413103082471684
25644,GOF,0.012475584650038968,0.49812938304661963,0.48939503230334147
25645,GOF,0.009680418189975564,0.5931208413611208,0.39719874044890363
25646,LOF,0.01074486903940455,0.3755830297855245,0.613672101175071
25647,LOF,0.00994174414333424,0.29564913742366744,0.6944091184329984
25648,LOF,0.0071407476404585215,0.35561170924589375,0.6372475431136477
25649,LOF,0.007277510186777756,0.21850937903439113,0.7742131107788313
25650,GOF,0.02700129017298349,0.5104904024540166,0.46250830737299997
25651,LOF,0.00689178758719456,0.23705553209233002,0.7560526803204755
25652,LOF,0.012358502935610074,0.33837419047421957,0.6492673065901704
25653,GOF,0.04336676605414767,0.48400274165602636,0.4726304922898259
25654,LOF,0.00804376432025545,0.3721147237861821,0.6198415118935625
25655,GOF,0.09355693795062668,0.4994763124559138,0.40696674959345946
25656,LOF,0.09177546680329082,0.03321897518538304,0.8750055580113261
25657,LOF,0.2727572603656754,0.020301475552020748,0.7069412640823038
25658,LOF,0.029844427482967346,0.07482621337906847,0.8953293591379642
25659,LOF,0.2605902343069994,0.08151395144100151,0.6578958142519992
25660,LOF,0.10579542740942321,0.07945426624691511,0.8147503063436616
25661,LOF,0.05971534119997487,0.060831019068115624,0.8794536397319096
25662,LOF,0.039490908247466455,0.05743383078635615,0.9030752609661773
25663,LOF,0.04512937335267131,0.08863986398812598,0.8662307626592028
25664,LOF,0.025483783956950463,0.1960006787674724,0.7785155372755771
25665,LOF,0.038828762727093936,0.07188568460248271,0.8892855526704234
25666,LOF,0.03325288836269461,0.22625512931843922,0.7404919823188661
25667,LOF,0.037247434494964544,0.03968083157491022,0.9230717339301252
25668,LOF,0.03924234699343067,0.05620427185144168,0.9045533811551276
25669,LOF,0.032602593334179704,0.09725571817834981,0.8701416884874705
25670,LOF,0.07064238395355417,0.10975263938776336,0.8196049766586825
25671,LOF,0.05496818750775454,0.03422114065443292,0.9108106718378126
25672,LOF,0.047512453193122084,0.05728309891029639,0.8952044478965816
25673,LOF,0.03317499065597806,0.09499513036435593,0.871829878979666
25674,LOF,0.023607716716649758,0.13174423348026562,0.8446480498030846
25675,LOF,0.03143754141021746,0.04680033600704184,0.9217621225827407
25676,LOF,0.040368249836746105,0.05457958134033714,0.9050521688229168
25677,LOF,0.07051562822149474,0.04669370137498352,0.8827906704035218
25678,LOF,0.15951133354273841,0.06374634922954282,0.7767423172277188
25679,LOF,0.0994504291824288,0.10304165927658843,0.7975079115409828
25680,LOF,0.10894961580421024,0.09658496295527828,0.7944654212405116
25681,LOF,0.11145567975715043,0.0951918140472693,0.7933525061955802
25682,LOF,0.0430898994829744,0.039935982969658446,0.9169741175473672
25683,LOF,0.07581914839001926,0.06611711370142204,0.8580637379085586
25684,LOF,0.057643905138013596,0.055321082711884885,0.8870350121501014
25685,LOF,0.12143017408048182,0.030912508555003045,0.8476573173645151
25686,LOF,0.029911644530019963,0.09301119260648733,0.8770771628634928
25687,LOF,0.04845496708428499,0.08922032721849703,0.862324705697218
25688,LOF,0.027441235783308638,0.11338540954353343,0.8591733546731579
25689,LOF,0.015251627776020724,0.06815357174499903,0.9165948004789803
25690,LOF,0.02029359563389794,0.10006793763761285,0.8796384667284893
25691,LOF,0.1627686828994189,0.1539938677594652,0.683237449341116
25692,LOF,0.34272743664930105,0.013151635908015059,0.6441209274426838
25693,LOF,0.03151147484574712,0.41212369553578254,0.5563648296184703
25694,LOF,0.2538544196677509,0.010915562486237743,0.7352300178460113
25695,LOF,0.19962080794554152,0.013887833238559017,0.7864913588158995
25696,LOF,0.08178094029552481,0.016428968998955528,0.9017900907055196
25697,LOF,0.09185962496753382,0.015561745156109266,0.8925786298763568
25698,LOF,0.01736351245919823,0.25747954718311944,0.7251569403576823
25699,LOF,0.06383579448259993,0.3876523265251746,0.5485118789922254
25700,LOF,0.04670533700659853,0.029665861387549983,0.9236288016058515
25701,LOF,0.00954432786536596,0.359552685285672,0.6309029868489622
25702,GOF,0.032014884646668414,0.48660305984728675,0.4813820555060449
25703,LOF,0.014341930305310712,0.06770735285846982,0.9179507168362195
25704,LOF,0.059832737697863826,0.06120263824578217,0.878964624056354
25705,LOF,0.12213840199838025,0.17198770538004998,0.7058738926215697
25706,GOF,0.022300183160037457,0.6195417405964702,0.3581580762434925
25707,LOF,0.028354660939910053,0.4809811505203363,0.4906641885397537
25708,GOF,0.008699424503473836,0.5731044266731176,0.4181961488234087
25709,LOF,0.0564943127841028,0.06684254529031645,0.8766631419255808
25710,LOF,0.00766410273830597,0.14043292867214235,0.8519029685895516
25711,LOF,0.06190317205190161,0.0949997613688603,0.8430970665792381
25712,LOF,0.01169128542487554,0.18130525976705258,0.8070034548080718
25713,LOF,0.05314994726484199,0.0973785091267392,0.8494715436084187
25714,LOF,0.042797731305129504,0.18842051213605854,0.7687817565588119
25715,LOF,0.04642847817531877,0.12115370063477846,0.8324178211899028
25716,LOF,0.006204632357991386,0.06539614565526629,0.9283992219867423
25717,LOF,0.006446441396150559,0.05593116933684618,0.9376223892670033
25718,LOF,0.045215125962882866,0.05082038717452371,0.9039644868625935
25719,LOF,0.052668438976848156,0.10627973588607194,0.8410518251370799
25720,LOF,0.04852749842972427,0.1140213792127257,0.83745112235755
25721,LOF,0.04674657172297744,0.09932815838417014,0.8539252698928524
25722,LOF,0.03984620291324295,0.10999156979889645,0.8501622272878606
25723,LOF,0.06936298076194346,0.10480700318102715,0.8258300160570294
25724,LOF,0.07078654174478716,0.2655428946767141,0.6636705635784987
25725,LOF,0.06833712460473718,0.09534846798675191,0.8363144074085109
25726,LOF,0.05907766934733978,0.0859279976009097,0.8549943330517505
25727,LOF,0.0745113922425248,0.07111563109978503,0.8543729766576903
25728,LOF,0.04945544512250048,0.12477191239990175,0.8257726424775979
25729,LOF,0.0555969954174386,0.12931889561825982,0.8150841089643016
25730,LOF,0.06905869681954639,0.09327478489714343,0.8376665182833102
25731,LOF,0.009188165555477204,0.08827528794487734,0.9025365464996453
25732,LOF,0.02691087681803685,0.06913961104760769,0.9039495121343554
25733,LOF,0.04080959421991622,0.08388239754542755,0.8753080082346563
25734,LOF,0.006283476524689205,0.2332561214957399,0.7604604019795709
25735,LOF,0.03712345923469612,0.08142597488317739,0.8814505658821266
25736,LOF,0.03818908882538639,0.15443255047734314,0.8073783606972705
25737,LOF,0.07151272654359785,0.08180445207188701,0.8466828213845152
25738,LOF,0.060138151540817274,0.17735053910893195,0.7625113093502509
25739,LOF,0.042459902049139846,0.12506623726080365,0.8324738606900565
25740,LOF,0.07127947901953001,0.11674707668466433,0.8119734442958055
25741,LOF,0.06459070377904895,0.12349980043869627,0.8119094957822548
25742,LOF,0.0737368896955988,0.11638657362396251,0.8098765366804387
25743,LOF,0.015155810475566947,0.015833080531889053,0.9690111089925441
25744,LOF,0.14685481436687564,0.11837398433789634,0.7347712012952281
25745,LOF,0.029708918581324257,0.04202215088921764,0.9282689305294581
25746,LOF,0.015282394105131122,0.06675457375746079,0.917963032137408
25747,LOF,0.05596416903648617,0.019964571295496496,0.9240712596680173
25748,LOF,0.32781399115338794,0.06339051140824148,0.6087954974383705
25749,LOF,0.018521473390579454,0.04927394801855352,0.932204578590867
25750,LOF,0.0183978240908055,0.056092147606773564,0.9255100283024209
25751,LOF,0.043035790918738194,0.07688198449264387,0.880082224588618
25752,GOF,0.09232570089056426,0.6281706735675227,0.27950362554191316
25753,LOF,0.007457590889505663,0.39651023374985334,0.596032175360641
25754,GOF,0.009389740901555156,0.9113298551270116,0.07928040397143335
25755,LOF,0.008189674205897208,0.4339659118623163,0.5578444139317864
25756,LOF,0.02377921224063806,0.4779505105783923,0.4982702771809696
25757,GOF,0.009174684583875636,0.8771651988412342,0.11366011657489006
25758,GOF,0.010901634704150705,0.9109273935565433,0.07817097173930602
25759,GOF,0.006964245369990687,0.7555968535728862,0.23743890105712304
25760,LOF,0.006617091036387356,0.34503599724136813,0.6483469117222445
25761,GOF,0.048887495777672305,0.9012655612826632,0.04984694293966447
25762,LOF,0.024296830598029125,0.43796965728306414,0.5377335121189067
25763,LOF,0.006483414837894633,0.3003036777680654,0.69321290739404
25764,GOF,0.07882137876933112,0.7461400496735086,0.17503857155716024
25765,GOF,0.010727419620140614,0.9259963923157039,0.06327618806415561
25766,GOF,0.031174406339296398,0.8594126488352863,0.10941294482541723
25767,GOF,0.01222424813387059,0.631236905171101,0.3565388466950284
25768,LOF,0.05567690731262286,0.0541547621260223,0.8901683305613549
25769,LOF,0.03016409117675416,0.14575491064336205,0.8240809981798838
25770,LOF,0.1971496399539173,0.15807091067881515,0.6447794493672675
25771,LOF,0.022491157244716002,0.07256786602622742,0.9049409767290566
25772,LOF,0.04378964993575912,0.07917300926814035,0.8770373407961005
25773,LOF,0.017910932095579486,0.13435036605042708,0.8477387018539934
25774,LOF,0.024475440113134187,0.30534401620010715,0.6701805436867587
25775,LOF,0.02246361898923856,0.04984753812026755,0.9276888428904939
25776,LOF,0.032242880301934854,0.04948180638973328,0.9182753133083319
25777,LOF,0.16851342180847417,0.27750732971132164,0.5539792484802042
25778,LOF,0.03079729958684158,0.11416567619280872,0.8550370242203497
25779,GOF,0.06272052769670836,0.7397813539152828,0.19749811838800896
25780,GOF,0.06970020803450873,0.7684492714296917,0.16185052053579962
25781,GOF,0.0298121705283307,0.7128563256671963,0.25733150380447295
25782,GOF,0.031951129025038286,0.785034018966358,0.18301485200860373
25783,GOF,0.0659552200013089,0.7956520609618842,0.13839271903680683
25784,GOF,0.128517476254074,0.7546318129067623,0.11685071083916361
25785,GOF,0.1649898757047847,0.734495321993576,0.10051480230163924
25786,GOF,0.013977133619398766,0.6809748255138924,0.3050480408667087
25787,GOF,0.32944421520755013,0.5749615561630768,0.09559422862937308
25788,LOF,0.02354507539211718,0.0774165290902007,0.8990383955176822
25789,GOF,0.018840131745141875,0.7372116488194232,0.24394821943543485
25790,GOF,0.03272686445341383,0.7154180545022422,0.25185508104434406
25791,GOF,0.028405267155777243,0.5637651350798741,0.4078295977643486
25792,GOF,0.03428634097535563,0.6433502460972835,0.32236341292736076
25793,GOF,0.05809568912037418,0.6749616534042109,0.26694265747541496
25794,LOF,0.0676896617313164,0.4593066707340809,0.4730036675346027
25795,GOF,0.05901336349928377,0.5464510440526889,0.39453559244802744
25796,GOF,0.18056105343711915,0.4975094048310758,0.3219295417318051
25797,GOF,0.07676697317855587,0.49143181766501814,0.43180120915642606
25798,GOF,0.007358147945882969,0.7504128368717512,0.24222901518236578
25799,GOF,0.005305996519012646,0.6841409773454478,0.31055302613553953
25800,GOF,0.02450343240852163,0.8179041899139844,0.1575923776774941
25801,GOF,0.027191378350534607,0.7559357378594144,0.21687288379005104
25802,GOF,0.030095766599099842,0.703980221718295,0.26592401168260515
25803,GOF,0.024155601635451336,0.636525361607767,0.33931903675678177
25804,GOF,0.04254577000371846,0.6220896880345044,0.3353645419617772
25805,GOF,0.03036949096539539,0.6983946368328197,0.27123587220178486
25806,GOF,0.042046576102992755,0.7043706401883428,0.2535827837086643
25807,GOF,0.018644231603388236,0.603714636851718,0.37764113154489387
25808,GOF,0.032970427988370694,0.7207820758122752,0.24624749619935413
25809,GOF,0.016332908711328847,0.6197452824697166,0.3639218088189545
25810,GOF,0.01381849398354157,0.6226827239005279,0.36349878211593045
25811,GOF,0.07804093887540815,0.8002606725884628,0.12169838853612906
25812,GOF,0.042356211930128805,0.5866421270925543,0.37100166097731696
25813,GOF,0.2446063416898669,0.5889219522229547,0.1664717060871784
25814,GOF,0.042430551181075984,0.6315858841232191,0.32598356469570483
25815,GOF,0.06390861822960771,0.704955409633838,0.2311359721365544
25816,GOF,0.010307620921537202,0.7388021019119964,0.2508902771664665
25817,GOF,0.11630072511886563,0.5744454964305368,0.3092537784505975
25818,GOF,0.03162437653894069,0.725370130347817,0.24300549311324232
25819,GOF,0.05206809258268971,0.6298135546191919,0.3181183527981185
25820,GOF,0.05422094084028369,0.5500454558484533,0.39573360331126295
25821,GOF,0.039876111743756756,0.6015560550126823,0.35856783324356095
25822,GOF,0.07954863439159852,0.585565571288207,0.33488579432019444
25823,GOF,0.044135442178667675,0.5783255523461194,0.37753900547521296
25824,GOF,0.03179948746144522,0.685567737917454,0.2826327746211009
25825,GOF,0.022173420674741085,0.705668380343281,0.2721581989819779
25826,GOF,0.010961299458266188,0.6181488048303738,0.37088989571136005
25827,GOF,0.018002755839051022,0.674921528682699,0.30707571547825
25828,GOF,0.012468297875787132,0.6971855366292092,0.2903461654950037
25829,GOF,0.004986658170235361,0.5228257862301515,0.472187555599613
25830,LOF,0.06336772660317604,0.25447452385687586,0.6821577495399481
25831,GOF,0.0710264588343198,0.7752762840306139,0.1536972571350663
25832,GOF,0.009704189941652001,0.7032028401082566,0.28709296995009137
25833,GOF,0.030005876504963384,0.7898314109798522,0.18016271251518431
25834,GOF,0.010012220554944587,0.7287097721109461,0.26127800733410933
25835,GOF,0.029101100027090203,0.8388726778120176,0.1320262221608922
25836,GOF,0.008116971564266053,0.7811142228414767,0.21076880559425726
25837,GOF,0.01190979409676207,0.7395187336160246,0.24857147228721335
25838,GOF,0.022542287323526238,0.7978570260893769,0.17960068658709694
25839,GOF,0.06875221420715352,0.7205778332299275,0.21066995256291904
25840,GOF,0.0837140136260166,0.7287624675918041,0.1875235187821794
25841,GOF,0.07170802796432392,0.7720374018709143,0.1562545701647617
25842,GOF,0.02827406238101387,0.840503480115962,0.13122245750302422
25843,GOF,0.026202226326586392,0.8322641730407571,0.14153360063265658
25844,GOF,0.021562971517710163,0.7843240388855967,0.19411298959669313
25845,GOF,0.00866532899659799,0.6676574031820273,0.32367726782137474
25846,GOF,0.06980679913138066,0.81287140858733,0.11732179228128925
25847,GOF,0.020774916008695916,0.8274858721912571,0.15173921180004676
25848,GOF,0.02133488411780571,0.7877594750791063,0.19090564080308792
25849,GOF,0.007885777436358741,0.7731964555342716,0.2189177670293696
25850,GOF,0.008383744079748609,0.6214534895362962,0.3701627663839552
25851,GOF,0.007555738866886839,0.5591433868326051,0.433300874300508
25852,GOF,0.168859687936113,0.4300142323806716,0.4011260796832154
25853,GOF,0.0613108639906467,0.5606807729475659,0.37800836306178753
25854,GOF,0.007753417910190165,0.6665019525867796,0.32574462950303035
25855,GOF,0.022655157491556433,0.5361678225652499,0.4411770199431937
25856,GOF,0.048730613991105114,0.6871213872637105,0.26414799874518446
25857,GOF,0.023570661594118372,0.5224481459767506,0.45398119242913093
25858,GOF,0.008173613586839094,0.5239535767467115,0.46787280966644945
25859,GOF,0.006168229991881499,0.5102334959551619,0.4835982740529565
25860,GOF,0.07609435906554594,0.5436921116726838,0.38021352926177027
25861,GOF,0.10539937372242485,0.7128641055789844,0.18173652069859061
25862,GOF,0.01959519797154752,0.8474540100002155,0.13295079202823704
25863,GOF,0.01881330651088367,0.8093214634316438,0.1718652300574726
25864,GOF,0.0298068475866029,0.8572107724490519,0.11298237996434536
25865,GOF,0.030918325029554532,0.8350545047099459,0.13402717026049962
25866,GOF,0.018563443937260317,0.8298152000246782,0.15162135603806143
25867,GOF,0.043564228703900296,0.8419269305711237,0.11450884072497589
25868,GOF,0.06746363162418298,0.6922139937487476,0.24032237462706946
25869,GOF,0.31950761655286025,0.48738932491782283,0.193103058529317
25870,LOF,0.07060581368786237,0.33418455265305863,0.595209633659079
25871,GOF,0.011318422186967759,0.5298060890987576,0.45887548871427475
25872,GOF,0.02582301041020272,0.6490017799728858,0.32517520961691154
25873,GOF,0.020122954341536988,0.7384620268098485,0.24141501884861447
25874,LOF,0.03493897198599681,0.0652539409896703,0.8998070870243329
25875,LOF,0.020779543312425354,0.162781656699397,0.8164387999881776
25876,LOF,0.021282633498408733,0.09908768750374025,0.879629678997851
25877,LOF,0.07912416777135181,0.28679287493427347,0.6340829572943747
25878,LOF,0.0505795963113129,0.3764765926143363,0.5729438110743509
25879,LOF,0.010101924920486947,0.19313129126183967,0.7967667838176735
25880,LOF,0.045604646900762776,0.024650982314785137,0.9297443707844522
25881,Neutral,0.4776300902433584,0.28758271705045757,0.2347871927061842
25882,LOF,0.03433327101966881,0.15162733883258941,0.8140393901477418
25883,LOF,0.02919944424597328,0.146869942666607,0.8239306130874197
25884,LOF,0.013261827949486882,0.14179353996322597,0.8449446320872871
25885,LOF,0.13174087457911968,0.031679573551985585,0.8365795518688948
25886,LOF,0.20785081395160512,0.21504806896141923,0.5771011170869756
25887,GOF,0.04842927452065352,0.4962538297289622,0.45531689575038437
25888,LOF,0.005098802098933078,0.41977705175658164,0.5751241461444851
25889,LOF,0.02321620803757991,0.09631341736291821,0.8804703745995018
25890,LOF,0.14517874185797092,0.2824767901689768,0.5723444679730523
25891,LOF,0.09893983752211034,0.07492851754560417,0.8261316449322854
25892,LOF,0.007000923283991218,0.04034749953264601,0.9526515771833628
25893,LOF,0.2390858319297844,0.01644911635816875,0.7444650517120469
25894,LOF,0.3050615379621278,0.010434674152309944,0.6845037878855621
25895,LOF,0.2598580470177118,0.013631654696389908,0.7265102982858983
25896,LOF,0.07201082766585022,0.03284724823193977,0.89514192410221
25897,LOF,0.09864773809812025,0.02432043495286148,0.8770318269490182
25898,LOF,0.08531500046204055,0.045939045334292036,0.8687459542036674
25899,LOF,0.37115147260837833,0.04919650544871741,0.5796520219429043
25900,Neutral,0.7977791675853279,0.009985800167391003,0.19223503224728114
25901,LOF,0.06696565605352167,0.016631677005951025,0.9164026669405273
25902,LOF,0.08078842718445733,0.010251819971966822,0.9089597528435759
25903,LOF,0.14114165942507642,0.04208589899461188,0.8167724415803118
25904,LOF,0.4544083507998894,0.08198963575266485,0.46360201344744567
25905,LOF,0.013446786114326717,0.2644974753803545,0.7220557385053189
25906,LOF,0.009184760891895825,0.022642430008064412,0.9681728091000397
25907,LOF,0.009716996828094753,0.1391986324062151,0.8510843707656902
25908,LOF,0.010387064727930894,0.16207406107349856,0.8275388741985706
25909,LOF,0.05477238790973331,0.07310760572217478,0.8721200063680918
25910,LOF,0.01348889981966354,0.13838642144784977,0.8481246787324866
25911,LOF,0.19562883806204714,0.06277371589656074,0.7415974460413921
25912,LOF,0.1265051567553514,0.016960691478985754,0.8565341517656628
25913,LOF,0.01381605373636541,0.06328429197256094,0.9228996542910736
25914,LOF,0.04643526711814881,0.036527414774927984,0.9170373181069232
25915,GOF,0.21905014270372997,0.41961928674029625,0.36133057055597384
25916,LOF,0.019332099659756616,0.17532662553755404,0.8053412748026894
25917,LOF,0.08593273932353596,0.028917636120729808,0.8851496245557341
25918,LOF,0.05140392624325001,0.023209460008643767,0.9253866137481062
25919,LOF,0.05197723002629338,0.01869073998407001,0.9293320299896367
25920,LOF,0.35737034836473086,0.2621841908188055,0.3804454608164637
25921,LOF,0.02273758790135227,0.03875303655488652,0.9385093755437611
25922,LOF,0.020427201926585533,0.02951766462851514,0.9500551334448992
25923,LOF,0.46108558880840256,0.023353767060199225,0.5155606441313981
25924,LOF,0.028573443630388124,0.034279056649890546,0.9371474997197214
25925,LOF,0.1397262302065049,0.02849232413340999,0.8317814456600852
25926,LOF,0.11654071125977501,0.04550631148170466,0.8379529772585202
25927,LOF,0.024936985197205965,0.06834366802646674,0.9067193467763273
25928,LOF,0.015549665922381013,0.020885229676490206,0.9635651044011289
25929,Neutral,0.5896317362350826,0.023452135060720292,0.38691612870419706
25930,LOF,0.06541430557364239,0.029913114186188014,0.9046725802401695
25931,LOF,0.015738967086502798,0.024738522700470812,0.9595225102130263
25932,LOF,0.10614016087768152,0.015513719441055854,0.8783461196812625
25933,LOF,0.08734148547450883,0.011121497084987367,0.9015370174405039
25934,LOF,0.08283729535111112,0.01371698354611183,0.9034457211027771
25935,LOF,0.13837390537844252,0.032188938187633395,0.829437156433924
25936,LOF,0.09099534585618371,0.011667689618979984,0.8973369645248364
25937,LOF,0.01752199898406827,0.02557445912734286,0.9569035418885888
25938,LOF,0.14363053915063614,0.02652303774160967,0.8298464231077541
25939,LOF,0.0691162379449831,0.013569674664891795,0.9173140873901252
25940,LOF,0.008205228990932413,0.4453596147412126,0.546435156267855
25941,Neutral,0.5001224746795859,0.17171879120739966,0.32815873411301455
25942,LOF,0.008821285094215993,0.17967657685541297,0.8115021380503711
25943,GOF,0.023361142313405026,0.6436694587584396,0.33296939892815547
25944,LOF,0.022614521535503397,0.43770080891592245,0.5396846695485741
25945,LOF,0.09161811936983273,0.17834336070560755,0.7300385199245597
25946,LOF,0.09535772293055303,0.11493541882367198,0.7897068582457749
25947,Neutral,0.49933072668959627,0.08893944054598196,0.4117298327644218
25948,LOF,0.46984149621527166,0.010034441443612768,0.5201240623411156
25949,LOF,0.12364666265881141,0.026757622803627246,0.8495957145375614
25950,GOF,0.04755375790038462,0.8068896188344543,0.14555662326516103
25951,GOF,0.012239015597064463,0.6583302856204386,0.3294306987824969
25952,GOF,0.07518057990450437,0.552592014933877,0.3722274051616186
25953,LOF,0.005431370960490466,0.47591270746359776,0.5186559215759117
25954,GOF,0.022701812527448725,0.5561908350319809,0.4211073524405704
25955,GOF,0.004064925020149904,0.5409741725383538,0.4549609024414963
25956,LOF,0.010644582153589918,0.42523563973110773,0.5641197781153023
25957,LOF,0.25094022719088777,0.05361703236032961,0.6954427404487826
25958,LOF,0.024878475388100636,0.16561520261021467,0.8095063220016847
25959,GOF,0.0061375206354155115,0.6806849181413175,0.31317756122326684
25960,LOF,0.004896668176671879,0.18260412188118466,0.8124992099421434
25961,LOF,0.025353513219312337,0.1332418894227398,0.8414045973579479
25962,LOF,0.04454941659797279,0.08776773832221187,0.8676828450798154
25963,LOF,0.010884467130873635,0.19514816570753926,0.7939673671615872
25964,LOF,0.04810250831554213,0.16188301831364948,0.7900144733708083
25965,LOF,0.17214049746420754,0.17779429614602293,0.6500652063897695
25966,LOF,0.31371287447538176,0.32661996056374804,0.3596671649608702
25967,LOF,0.007464481141292681,0.07026588358786343,0.9222696352708439
25968,LOF,0.07099352699711814,0.2675103574899297,0.6614961155129523
25969,LOF,0.14494758020630585,0.04250464601437387,0.8125477737793202
25970,LOF,0.04090484091765844,0.24971160084704475,0.7093835582352969
25971,LOF,0.07165630762842633,0.10556455978134205,0.8227791325902317
25972,LOF,0.07337266099762865,0.15579633661578599,0.7708310023865853
25973,LOF,0.10257483010857163,0.006423560850676028,0.8910016090407523
25974,LOF,0.11690920732910473,0.0478853050342719,0.8352054876366234
25975,LOF,0.042616737734134,0.010142021031258037,0.947241241234608
25976,LOF,0.09971409862611534,0.0059860355353095794,0.894299865838575
25977,LOF,0.1857434136734807,0.10203907178039263,0.7122175145461267
25978,LOF,0.1322469158608974,0.13553598182278617,0.7322171023163163
25979,LOF,0.10192922927560517,0.1331536249447666,0.7649171457796282
25980,LOF,0.1437594558576807,0.34338755848319413,0.5128529856591251
25981,LOF,0.1449980616616073,0.36053324993440655,0.4944686884039861
25982,LOF,0.2379057984263114,0.15095345930796922,0.6111407422657194
25983,Neutral,0.46633770593501395,0.13103648288174438,0.4026258111832416
25984,LOF,0.037047720246827356,0.12340349056719917,0.8395487891859734
25985,Neutral,0.4830244051994592,0.2324565705821436,0.28451902421839725
25986,GOF,0.0088739325994679,0.6158641916055403,0.3752618757949917
25987,LOF,0.01547584475480242,0.15020107001379027,0.8343230852314072
25988,LOF,0.033758681045333444,0.21131797740662298,0.7549233415480436
25989,LOF,0.03721967394748382,0.16487718853955097,0.7979031375129652
25990,LOF,0.04098504361148754,0.2588652497418154,0.7001497066466972
25991,GOF,0.02830267942360639,0.6814114583532643,0.2902858622231293
25992,LOF,0.009562694505673165,0.45022224624506735,0.5402150592492595
25993,LOF,0.027168316109993436,0.08559298168220202,0.8872387022078044
25994,LOF,0.03082531440808934,0.11570995380217974,0.8534647317897308
25995,LOF,0.018734470133920177,0.17953600733048497,0.8017295225355948
25996,GOF,0.2602942767731925,0.5642718274873754,0.17543389573943213
25997,GOF,0.051978574423859496,0.679827249839416,0.26819417573672455
25998,LOF,0.2867864351194245,0.041192518239142877,0.6720210466414327
25999,LOF,0.028150048544597694,0.46198284057960715,0.5098671108757953
26000,LOF,0.1265013071207995,0.018466480126848248,0.8550322127523523
26001,LOF,0.1263095132666844,0.030174742983047717,0.8435157437502678
26002,LOF,0.08550896079236472,0.018507763536709586,0.8959832756709256
26003,LOF,0.008169840547564486,0.48042778341576803,0.5114023760366675
26004,GOF,0.01913642471003967,0.5138304965914964,0.4670330786984639
26005,LOF,0.006226454444543471,0.45158227610621854,0.542191269449238
26006,GOF,0.14892066595485484,0.46063311389541217,0.39044622014973296
26007,LOF,0.010861084005290785,0.487106468499256,0.5020324474954532
26008,LOF,0.007758052298983315,0.4352121334807306,0.557029814220286
26009,GOF,0.015958801578872223,0.5340120114749052,0.4500291869462226
26010,GOF,0.01005599744700085,0.5143189948294997,0.4756250077234994
26011,LOF,0.007194518574366116,0.3512349325423413,0.6415705488832927
26012,LOF,0.007298943015993502,0.3636911224628008,0.6290099345212059
26013,LOF,0.012288727217155718,0.4451025784719995,0.5426086943108447
26014,LOF,0.06630719346569021,0.06695479767744196,0.8667380088568679
26015,LOF,0.3875350504715315,0.05490591622381318,0.5575590333046554
26016,LOF,0.23871551032064198,0.14134759501304264,0.6199368946663154
26017,LOF,0.016893343343083563,0.4213134012403449,0.5617932554165715
26018,LOF,0.021060479462168994,0.1821282283011569,0.796811292236674
26019,LOF,0.02138015426513136,0.14336556262112923,0.8352542831137394
26020,LOF,0.00734965079297712,0.3383085722207735,0.6543417769862493
26021,LOF,0.08582630036851795,0.22514984184753592,0.689023857783946
26022,LOF,0.05372757698976325,0.05798133241126732,0.8882910905989695
26023,LOF,0.03271569753317893,0.1149728985665622,0.8523114039002588
26024,LOF,0.04803352244903282,0.15899797785318948,0.7929684996977776
26025,LOF,0.10133751942980898,0.21248984020641032,0.6861726403637807
26026,LOF,0.09386877627444125,0.17425842317848123,0.7318728005470775
26027,LOF,0.03137373641880913,0.07610933862908353,0.8925169249521074
26028,LOF,0.05730888141593792,0.20953155256560818,0.7331595660184539
26029,LOF,0.045716898432089224,0.07573322419778555,0.8785498773701252
26030,LOF,0.17574264435269313,0.009332775645680842,0.814924580001626
26031,LOF,0.024817184653560653,0.08491893724070755,0.8902638781057318
26032,LOF,0.03202568113243028,0.020771825011477528,0.9472024938560922
26033,LOF,0.05058477752305874,0.03421335453936696,0.9152018679375743
26034,LOF,0.03340755982436172,0.058025646269134326,0.9085667939065041
26035,LOF,0.018988709109090826,0.07021681311360894,0.9107944777773002
26036,LOF,0.01808869336249841,0.05771359096621254,0.9241977156712889
26037,LOF,0.016980945904069112,0.0554556612902139,0.927563392805717
26038,LOF,0.02562581899652937,0.021719156314566293,0.9526550246889044
26039,LOF,0.041597213270162095,0.07438487539540341,0.8840179113344345
26040,LOF,0.07067534340607916,0.11960569997284201,0.8097189566210787
26041,LOF,0.020420009097780283,0.06707074352325638,0.9125092473789634
26042,LOF,0.01912757892729417,0.06907342912892077,0.9117989919437851
26043,LOF,0.024434283577307078,0.04503929774249973,0.9305264186801931
26044,LOF,0.009945389531923124,0.04633994157902751,0.9437146688890494
26045,LOF,0.0935986000611901,0.12658808046485412,0.7798133194739558
26046,LOF,0.023591586238479685,0.053049676732344946,0.9233587370291755
26047,LOF,0.061752995945300045,0.03936963630948298,0.8988773677452171
26048,LOF,0.07026699000754089,0.02922817083181402,0.900504839160645
26049,Neutral,0.9134638691678372,0.005858444285678196,0.0806776865464845
26050,Neutral,0.8373203799835032,0.0070541477665022915,0.15562547224999454
26051,GOF,0.032933372059610104,0.48506054954744937,0.4820060783929406
26052,LOF,0.02936587562757119,0.38359430090081814,0.5870398234716108
26053,LOF,0.03852019759801035,0.05856876371639676,0.902911038685593
26054,LOF,0.05958191170817225,0.08246201307878236,0.8579560752130454
26055,LOF,0.07471564071409743,0.08490589417632806,0.8403784651095746
26056,LOF,0.06923120920976361,0.09375151114066403,0.8370172796495724
26057,LOF,0.05036669956255615,0.02693102854151511,0.9227022718959287
26058,LOF,0.05742883170464851,0.02079381463759393,0.9217773536577576
26059,LOF,0.3013416858139492,0.08878234032104367,0.6098759738650071
26060,LOF,0.013628607892726848,0.30271108039921396,0.6836603117080592
26061,LOF,0.011600282854021272,0.016371301952644943,0.9720284151933338
26062,LOF,0.00554516809098946,0.038209351841138495,0.956245480067872
26063,LOF,0.049763255084305874,0.022514042644558117,0.9277227022711361
26064,LOF,0.008753167677758644,0.020936967661520315,0.9703098646607211
26065,LOF,0.043239019553126416,0.03322282989234737,0.9235381505545263
26066,LOF,0.046098931907035255,0.020837225865156846,0.9330638422278079
26067,LOF,0.05403039987683589,0.023647588244122737,0.9223220118790413
26068,LOF,0.057006113093879304,0.04616855453248802,0.8968253323736327
26069,LOF,0.1372837687341466,0.04392297627527896,0.8187932549905744
26070,LOF,0.34856446965698673,0.028142318441781684,0.6232932119012315
26071,LOF,0.04703541771373868,0.02548560612069732,0.927478976165564
26072,LOF,0.007935507548191651,0.0231491857011719,0.9689153067506364
26073,LOF,0.045954098719969826,0.01902675957488105,0.9350191417051491
26074,Neutral,0.708155616284305,0.018618410814436714,0.2732259729012582
26075,LOF,0.04466879245031258,0.04334497303799935,0.911986234511688
26076,LOF,0.058038313823145525,0.04567971659996232,0.8962819695768922
26077,LOF,0.1594578156020953,0.03221646827526542,0.8083257161226394
26078,LOF,0.0075191164750254376,0.02932855759391777,0.9631523259310568
26079,LOF,0.06648717277397698,0.03352593261568048,0.8999868946103424
26080,LOF,0.06531854209808599,0.03348141580517028,0.9012000420967436
26081,LOF,0.05158611008618871,0.02389653578515759,0.9245173541286538
26082,LOF,0.007388998192916862,0.03791362682972914,0.954697374977354
26083,LOF,0.047173270726649744,0.06320216647579965,0.8896245627975505
26084,LOF,0.050446401294997396,0.03598453569880251,0.9135690630062001
26085,LOF,0.046431513177996264,0.030307224647960734,0.923261262174043
26086,LOF,0.03713553506366023,0.033425573846810795,0.929438891089529
26087,LOF,0.04755660223466877,0.0315881412358767,0.9208552565294545
26088,LOF,0.00856159431185961,0.06769340379470241,0.9237450018934381
26089,LOF,0.038205550279660605,0.09983201401411756,0.8619624357062219
26090,LOF,0.03806825767466379,0.079126665049876,0.8828050772754602
26091,LOF,0.05054080179307257,0.029405677001667192,0.9200535212052603
26092,LOF,0.05618524053060818,0.02269276566135544,0.9211219938080364
26093,LOF,0.08157163111550132,0.015048524350359856,0.9033798445341388
26094,LOF,0.047376387146863416,0.02105343164013062,0.931570181213006
26095,LOF,0.012061475332304481,0.038092619714560995,0.9498459049531345
26096,LOF,0.30587671772841246,0.006138507773594504,0.687984774497993
26097,LOF,0.007892956164598348,0.05204572604416615,0.9400613177912355
26098,LOF,0.06769981593259763,0.032291021109904394,0.900009162957498
26099,LOF,0.04956111126989175,0.098023831149743,0.8524150575803652
26100,LOF,0.04956111126989175,0.098023831149743,0.8524150575803652
26101,LOF,0.037482190044469635,0.0862237830643604,0.87629402689117
26102,LOF,0.04484046491975054,0.03425878154921694,0.9209007535310324
26103,Neutral,0.8374503807258554,0.050044822430556794,0.11250479684358779
26104,LOF,0.05681342082407272,0.10022225603201732,0.8429643231439099
26105,LOF,0.2577752606326414,0.24440178283670752,0.49782295653065106
26106,LOF,0.279696511163297,0.23453193029589697,0.485771558540806
26107,LOF,0.009331149439823204,0.14029700904139042,0.8503718415187864
26108,LOF,0.12342811349152122,0.23442344712534577,0.6421484393831329
26109,LOF,0.043365007298168744,0.035026818089721606,0.9216081746121098
26110,Neutral,0.5269109204723267,0.0397133050303614,0.433375774497312
26111,LOF,0.0668014781688204,0.24204900812649194,0.6911495137046877
26112,LOF,0.06535003688884783,0.0402710108433126,0.8943789522678396
26113,LOF,0.0579126322294803,0.07413086675943502,0.8679565010110847
26114,LOF,0.09658326590007041,0.02645078213277732,0.8769659519671522
26115,LOF,0.01683883231175296,0.16543381374778182,0.8177273539404651
26116,LOF,0.05906783347595514,0.05772701481370341,0.8832051517103415
26117,LOF,0.2707488336846643,0.08458968017119796,0.6446614861441378
26118,LOF,0.04579378682815166,0.02541316463291817,0.9287930485389302
26119,LOF,0.005813587599193997,0.11066994223347865,0.8835164701673273
26120,LOF,0.04085674282478559,0.02764672325911403,0.9314965339161004
26121,LOF,0.004589547474417789,0.12976953065110391,0.8656409218744783
