feature0,prediction,LoGoFunc_Neutral,LoGoFunc_GOF,LoGoFunc_LOF
25546,Neutral,0.7524742030383365,0.04363841101699931,0.20388738594466418
25547,Neutral,0.6001100036284582,0.09316653038010975,0.3067234659914321
25548,Neutral,0.6325903729472155,0.06547287916623964,0.30193674788654484
25549,Neutral,0.5497283916177397,0.06491085812437583,0.3853607502578844
25550,LOF,0.38078087331033594,0.12806524616578585,0.49115388052387804
25551,LOF,0.2985344178022028,0.14249407615268012,0.5589715060451171
25552,LOF,0.2214875843197852,0.13175878104104932,0.6467536346391654
25553,Neutral,0.8569421969409249,0.03072606299592223,0.11233174006315277
25554,LOF,0.24997867513809427,0.12764092619310993,0.6223803986687958
25555,LOF,0.21333686839739466,0.10758279338575741,0.6790803382168479
25556,Neutral,0.46279881425359454,0.11253896355528792,0.4246622221911176
25557,LOF,0.20160877947654673,0.11877192608767845,0.6796192944357748
25558,LOF,0.23914033663655254,0.12778633636880773,0.6330733269946398
25559,LOF,0.3581667200188757,0.11764117731517293,0.5241921026659514
25560,LOF,0.06811728958228692,0.13626904719750746,0.7956136632202055
25561,LOF,0.14481855913616004,0.12323757807102842,0.7319438627928115
25562,LOF,0.08463908253629447,0.07152781176498288,0.8438331056987227
25563,LOF,0.10233559663807193,0.08743684475535181,0.8102275586065762
25564,LOF,0.19420045963152716,0.15247900421660648,0.6533205361518664
25565,LOF,0.14143977817273393,0.15407743699267376,0.7044827848345923
25566,GOF,0.016513606283454364,0.8193482403837918,0.16413815333275383
25567,LOF,0.018191521038779,0.2259161171461272,0.7558923618150938
25568,LOF,0.057468557575016996,0.09218358539498667,0.8503478570299963
25569,LOF,0.06299804012446715,0.08835139111252008,0.8486505687630127
25570,LOF,0.03177179685450992,0.14149791695843175,0.8267302861870583
25571,LOF,0.028838257973192914,0.13935762650115227,0.8318041155256548
25572,LOF,0.05345833996927255,0.15394048108990127,0.7926011789408262
25573,LOF,0.03955959815410704,0.12885659605063743,0.8315838057952556
25574,LOF,0.019781568252045353,0.1988959152262606,0.7813225165216939
25575,LOF,0.024338555828593365,0.15295803152981802,0.8227034126415885
25576,LOF,0.014379839279994828,0.18138557204086697,0.8042345886791383
25577,LOF,0.013199593770673248,0.1515059323921183,0.8352944738372085
25578,LOF,0.28639040388315196,0.11442687186748504,0.5991827242493629
25579,LOF,0.1345932031769389,0.13219505703494197,0.733211739788119
25580,LOF,0.01791840378772443,0.11503729406807674,0.8670443021441988
25581,LOF,0.05217925023864181,0.0911764661079847,0.8566442836533735
25582,LOF,0.05194537677537539,0.08985635029573723,0.8581982729288874
25583,LOF,0.019477321562642133,0.13544794908039756,0.8450747293569603
25584,Neutral,0.5081378597939716,0.14678914738592796,0.34507299282010045
25585,LOF,0.018925135283408626,0.1557654199180295,0.8253094447985619
25586,LOF,0.01595681746414378,0.11077033043261886,0.8732728521032375
25587,LOF,0.016028261019133117,0.10277961935178584,0.881192119629081
25588,LOF,0.015828222619372608,0.11890577845882368,0.8652659989218038
25589,Neutral,0.5741692824540378,0.16380631356985398,0.26202440397610827
25590,LOF,0.030947288722874063,0.15890992360885167,0.8101427876682743
25591,LOF,0.09581641728222164,0.07754339316197899,0.8266401895557993
25592,LOF,0.04907306453351936,0.1777335456703622,0.7731933897961184
25593,LOF,0.022154609154465967,0.29804978283307554,0.6797956080124584
25594,LOF,0.04972705330722851,0.1103405818329247,0.8399323648598467
25595,LOF,0.06526556657913112,0.08339012333574984,0.8513443100851191
25596,LOF,0.06190578878429711,0.06668794218496922,0.8714062690307337
25597,LOF,0.04332255945564574,0.07007903776873156,0.8865984027756227
25598,LOF,0.05314375117964467,0.09654606898030216,0.8503101798400532
25599,GOF,0.00657640283002703,0.5418591797192558,0.4515644174507172
25600,GOF,0.023161310589085434,0.5733182359221969,0.40352045348871773
25601,LOF,0.013839827607338746,0.3891882695326035,0.5969719028600577
25602,LOF,0.019560923364035157,0.04343382405804187,0.9370052525779229
25603,LOF,0.05185051460568637,0.01697958316609229,0.9311699022282214
25604,LOF,0.026968317002164437,0.06311216421878495,0.9099195187790506
25605,LOF,0.009000634358982344,0.192334982076007,0.7986643835650106
25606,LOF,0.1266435021408343,0.3242185066807294,0.5491379911784362
25607,LOF,0.005212667190485,0.2079947875731897,0.7867925452363254
25608,LOF,0.02674059376266952,0.08535635051978507,0.8879030557175454
25609,LOF,0.06831544407182025,0.41499654446788026,0.5166880114602994
25610,LOF,0.01914951575651027,0.025906279228936475,0.9549442050145532
25611,LOF,0.020785784543216876,0.024830809357159606,0.9543834060996235
25612,LOF,0.10258406568139383,0.03792183339354727,0.8594941009250588
25613,LOF,0.082822870657076,0.038264682468907116,0.8789124468740169
25614,LOF,0.024641896587205288,0.027705403426753407,0.9476526999860414
25615,LOF,0.03266316268331781,0.0428701909771015,0.9244666463395808
25616,LOF,0.057171883013862335,0.026381360409613565,0.9164467565765242
25617,LOF,0.05965837486363464,0.02882563915294308,0.9115159859834224
25618,LOF,0.07655800424575276,0.03222665548288446,0.8912153402713628
25619,LOF,0.016600686034825327,0.03129713083416207,0.9521021831310126
25620,LOF,0.07030696813235639,0.03555680597566611,0.8941362258919774
25621,LOF,0.02524200344719172,0.03939916822587969,0.9353588283269285
25622,LOF,0.03430026461378106,0.033681724834408164,0.9320180105518107
25623,LOF,0.05564372902228365,0.026986855627450505,0.9173694153502658
25624,LOF,0.02023400338553101,0.03414684516605051,0.9456191514484183
25625,LOF,0.037513018871939904,0.04527603916968968,0.9172109419583704
25626,LOF,0.07554671250777967,0.031503848253413624,0.8929494392388068
25627,Neutral,0.5931733116713533,0.12246744816956211,0.2843592401590846
25628,LOF,0.20494377138198475,0.0534403361860005,0.7416158924320148
25629,LOF,0.059790056858672586,0.06207814470592661,0.8781317984354009
25630,LOF,0.15459962716430573,0.09152929435221999,0.7538710784834742
25631,Neutral,0.6264016781806625,0.055069668512083156,0.3185286533072545
25632,LOF,0.01065227203251649,0.12171421904769736,0.8676335089197861
25633,LOF,0.2149513538157997,0.07143327243677454,0.7136153737474258
25634,LOF,0.0343838947488447,0.1063345470021216,0.8592815582490336
25635,LOF,0.030490086376670878,0.07307904934430526,0.8964308642790239
25636,GOF,0.00606303147177588,0.5879053729920827,0.4060315955361415
25637,GOF,0.006570773105962504,0.5818376242307878,0.4115916026632497
25638,LOF,0.012137520406870873,0.2644412915141872,0.723421188078942
25639,LOF,0.005835233022823106,0.4411021413095551,0.5530626256676218
25640,Neutral,0.45761322191236087,0.45061109554843,0.0917756825392091
25641,LOF,0.012935986225878673,0.35978679559779103,0.6272772181763303
25642,LOF,0.28980493251000095,0.06591961313729094,0.644275454352708
25643,LOF,0.21254523998699865,0.21504674948597158,0.5724080105270297
25644,LOF,0.010263676721445745,0.47931984175917614,0.5104164815193782
25645,LOF,0.008429612843968783,0.45077810228469856,0.5407922848713327
25646,LOF,0.013995063252617764,0.2959789504637102,0.6900259862836721
25647,LOF,0.010979831279993095,0.25362626351911227,0.7353939052008946
25648,LOF,0.010195491808422276,0.24983900732069936,0.7399655008708783
25649,LOF,0.00850889683450662,0.17149396911082154,0.8199971340546718
25650,LOF,0.015023826840693637,0.3863043372663099,0.5986718358929966
25651,LOF,0.006260413966364843,0.27126927428994246,0.7224703117436927
25652,LOF,0.010413993703564686,0.23690555313674236,0.752680453159693
25653,LOF,0.0367677923713586,0.3697780360198341,0.5934541716088073
25654,LOF,0.011714098471118616,0.14490474659210886,0.8433811549367725
25655,LOF,0.05774326097520709,0.390865777680394,0.5513909613443989
25656,LOF,0.21272677258014064,0.05037272665601997,0.7369005007638394
25657,LOF,0.3159975178435101,0.031815829542423506,0.6521866526140665
25658,LOF,0.0762040818994358,0.07811089409389814,0.845685024006666
25659,LOF,0.4344136814122883,0.07220591449192684,0.49338040409578476
25660,LOF,0.03278656470037591,0.10256252320078817,0.8646509120988359
25661,LOF,0.11236234138285278,0.061058673573498375,0.8265789850436488
25662,LOF,0.02421200624144253,0.0446133251360168,0.9311746686225407
25663,LOF,0.032552033773547075,0.06282450810332521,0.9046234581231278
25664,LOF,0.05395220861160023,0.0778445573268423,0.8682032340615574
25665,LOF,0.06599444004841025,0.03700785032643958,0.8969977096251501
25666,LOF,0.06533139828612257,0.09927498923200835,0.835393612481869
25667,LOF,0.07553778071846956,0.04849499294114704,0.8759672263403835
25668,LOF,0.028051127167159667,0.05119058286078733,0.9207582899720529
25669,LOF,0.030213237348606776,0.07620041715508644,0.8935863454963068
25670,LOF,0.10230250017490854,0.07819626213415773,0.8195012376909337
25671,LOF,0.0979596803489823,0.042963844693927514,0.8590764749570903
25672,LOF,0.06480258919283949,0.050904063250268215,0.8842933475568924
25673,LOF,0.04338271314732845,0.06499880738417604,0.8916184794684956
25674,LOF,0.03518469577731528,0.0760893000151928,0.8887260042074919
25675,LOF,0.0635706079655666,0.07454126958185268,0.8618881224525806
25676,LOF,0.020759505436845745,0.06708191238976628,0.9121585821733879
25677,LOF,0.03109754245383811,0.07176356096304971,0.8971388965831121
25678,LOF,0.22420736256130816,0.04072920510623962,0.7350634323324522
25679,LOF,0.1571094764826693,0.07916359312032775,0.763726930397003
25680,LOF,0.03348575835927247,0.11033665788031394,0.8561775837604135
25681,LOF,0.05348715124202951,0.10318403899598311,0.8433288097619873
25682,LOF,0.11573039941499402,0.07455154644184685,0.8097180541431591
25683,LOF,0.11374596804739769,0.10079252454169015,0.7854615074109123
25684,LOF,0.042113103650503456,0.07432475231512793,0.8835621440343686
25685,LOF,0.12252068093301306,0.05052133619865063,0.8269579828683362
25686,LOF,0.03888189996129541,0.08916682567951964,0.871951274359185
25687,LOF,0.04168938680104022,0.0759112491420438,0.8823993640569161
25688,LOF,0.035505430772767396,0.0777601648658595,0.8867344043613732
25689,LOF,0.025362972595752674,0.07461285118962685,0.9000241762146205
25690,LOF,0.02593517620327289,0.07445435435468335,0.8996104694420437
25691,LOF,0.236814553403977,0.09802201779692393,0.6651634287990991
25692,LOF,0.3446061345695089,0.009353383387295194,0.6460404820431959
25693,LOF,0.09691684160628641,0.18764973020256137,0.7154334281911523
25694,LOF,0.25374638571551666,0.020331347224476718,0.7259222670600066
25695,LOF,0.17240692748283387,0.02505372660531698,0.8025393459118492
25696,LOF,0.16168095160715948,0.013604176119505363,0.8247148722733352
25697,LOF,0.17667298402666715,0.027645780986036494,0.7956812349872963
25698,LOF,0.05065955124047436,0.4320355844924581,0.5173048642670675
25699,LOF,0.0671103627541128,0.0939454052405002,0.8389442320053869
25700,LOF,0.05785103573308293,0.009462648194621665,0.9326863160722954
25701,LOF,0.014446962035828211,0.08317176990854104,0.9023812680556307
25702,GOF,0.026294427473158462,0.704215624841946,0.26948994768489554
25703,LOF,0.009334394403642138,0.19584126195613796,0.7948243436402199
25704,LOF,0.041070082758713884,0.16555903537332178,0.7933708818679643
25705,LOF,0.0484966883261086,0.22618328532888068,0.7253200263450108
25706,GOF,0.03672755404637319,0.5130004257227317,0.4502720202308951
25707,LOF,0.02043171829366993,0.47085608417539354,0.5087121975309365
25708,LOF,0.007329302201914506,0.38881366884580915,0.6038570289522763
25709,LOF,0.05186162748796623,0.052378760732664176,0.8957596117793696
25710,LOF,0.0067468894446434296,0.16123825430915725,0.8320148562461993
25711,LOF,0.017618224898246562,0.10302409724948108,0.8793576778522723
25712,LOF,0.010849958100336128,0.17004215666973754,0.8191078852299264
25713,LOF,0.01652530721265216,0.08921270204443314,0.8942619907429148
25714,LOF,0.062071958155533874,0.10796784716192184,0.8299601946825442
25715,LOF,0.012418369862714372,0.12210901127342108,0.8654726188638646
25716,LOF,0.007162055818867248,0.12044413932726214,0.8723938048538706
25717,LOF,0.007152848909565954,0.10032646175066909,0.8925206893397649
25718,LOF,0.012875197116937267,0.07378906070967893,0.9133357421733838
25719,LOF,0.021434454357578226,0.08005109611504449,0.8985144495273772
25720,LOF,0.022038223281888415,0.07405986560673064,0.903901911111381
25721,LOF,0.015494816851109214,0.09415112371717133,0.8903540594317195
25722,LOF,0.012908731258907846,0.12202099881922572,0.8650702699218665
25723,LOF,0.01819146809657982,0.06313088898063966,0.9186776429227805
25724,LOF,0.024470309431737534,0.09032108529047367,0.8852086052777888
25725,LOF,0.013008193438461485,0.0692578747526697,0.9177339318088688
25726,LOF,0.011055332143004543,0.09643186539030117,0.8925128024666943
25727,LOF,0.01400555582245452,0.08066313306031209,0.9053313111172335
25728,LOF,0.011621848487273385,0.10323543572511225,0.8851427157876143
25729,LOF,0.012065182780918093,0.10817481676256388,0.8797600004565179
25730,LOF,0.012684194572667777,0.08725865348505696,0.9000571519422752
25731,LOF,0.010028177552005307,0.15003886654889798,0.8399329558990968
25732,LOF,0.012859098255841781,0.09010234970809063,0.8970385520360676
25733,LOF,0.017606496685886524,0.07342568279489478,0.9089678205192188
25734,LOF,0.0063076580058907756,0.14445364355855697,0.8492386984355522
25735,LOF,0.01492138300254366,0.06759024133607343,0.9174883756613829
25736,LOF,0.014373087891474132,0.10939640575988484,0.8762305063486411
25737,LOF,0.02701541415712684,0.08424778853786918,0.888736797305004
25738,LOF,0.013736167059499605,0.13025560118235852,0.856008231758142
25739,LOF,0.019591899601049862,0.10057639935809885,0.8798317010408512
25740,LOF,0.030152178339051948,0.12189567149980725,0.8479521501611408
25741,LOF,0.015113078271521087,0.10257509644266567,0.8823118252858132
25742,LOF,0.09756812914824897,0.09772069089503309,0.8047111799567179
25743,LOF,0.01958494995941081,0.04478603130864303,0.9356290187319461
25744,GOF,0.1925655096066819,0.4155177982677478,0.3919166921255703
25745,LOF,0.02399353427304998,0.0640338494379428,0.9119726162890073
25746,LOF,0.012874835524580085,0.08203174641304115,0.9050934180623788
25747,LOF,0.02363027072577568,0.04109683277534208,0.9352728964988823
25748,LOF,0.13945521956389711,0.07317436344411368,0.7873704169919893
25749,LOF,0.01330058487023052,0.05580570478330065,0.9308937103464688
25750,LOF,0.02567044646883776,0.08222410171106209,0.8921054518201001
25751,LOF,0.08600214361814723,0.07380673518727444,0.8401911211945783
25752,GOF,0.10156368678144007,0.6287391269454476,0.2696971862731123
25753,LOF,0.008005235932132097,0.38107601574879946,0.6109187483190684
25754,GOF,0.0045081876636446335,0.8507469409632282,0.14474487137312717
25755,LOF,0.011936865093196523,0.41299754052989684,0.5750655943769066
25756,LOF,0.05115972366948695,0.42404318372029914,0.5247970926102139
25757,GOF,0.006138443312506349,0.862995129805275,0.13086642688221847
25758,GOF,0.0063160299074718484,0.8578749290041453,0.13580904108838288
25759,GOF,0.0042382453239273215,0.5393287177049343,0.45643303697113835
25760,LOF,0.005740584957732112,0.2919152265157944,0.7023441885264735
25761,GOF,0.04781221023997555,0.8255901109671487,0.12659767879287565
25762,LOF,0.030002642498307735,0.33362464701971023,0.636372710481982
25763,LOF,0.006819627467496047,0.24273182535033885,0.7504485471821651
25764,GOF,0.12525335978498983,0.520618403005356,0.3541282372096541
25765,GOF,0.01075059280336016,0.8148567625029018,0.17439264469373805
25766,GOF,0.024252685547355657,0.8100561255141588,0.1656911889384854
25767,GOF,0.022599987799270985,0.500913722038417,0.4764862901623121
25768,LOF,0.06937613602276506,0.059005536196633936,0.8716183277806011
25769,LOF,0.0711876468242545,0.051984949519328714,0.8768274036564168
25770,LOF,0.17210573343575658,0.059673331883924735,0.7682209346803187
25771,LOF,0.017426230750576255,0.07155998627758142,0.9110137829718422
25772,LOF,0.01457562716124001,0.02367922344077775,0.9617451493979823
25773,LOF,0.018350233196968657,0.07659803988533566,0.9050517269176958
25774,LOF,0.032315429514433454,0.07650332314700745,0.8911812473385591
25775,LOF,0.023142464420673064,0.04169622663492174,0.9351613089444051
25776,LOF,0.07681412956463385,0.019566432248852777,0.9036194381865135
25777,LOF,0.19291320838047543,0.05281606055350399,0.7542707310660205
25778,LOF,0.06303889423677604,0.038337269295750265,0.8986238364674737
25779,GOF,0.06261065031958434,0.8591660060707431,0.07822334360967267
25780,GOF,0.05438898198412205,0.860853609092362,0.08475740892351594
25781,GOF,0.02423798847595258,0.8474829188909591,0.12827909263308834
25782,GOF,0.02626669268967346,0.8884274758476989,0.08530583146262746
25783,GOF,0.014942377681044023,0.711716367058515,0.2733412552604409
25784,GOF,0.12921786615628833,0.8145885326522723,0.056193601191439436
25785,GOF,0.06674400598970251,0.8833708481624049,0.049885145847892665
25786,GOF,0.004866190413449453,0.8186718938092978,0.17646191577725268
25787,GOF,0.16486139559491367,0.7984619208259929,0.036676683579093615
25788,LOF,0.04577982026562448,0.1367669805600412,0.8174531991743343
25789,GOF,0.03090688086578284,0.8406473193946228,0.12844579973959425
25790,GOF,0.03655259121713206,0.8627965279507828,0.10065088083208508
25791,GOF,0.026181281424059562,0.8111804393335018,0.16263827924243868
25792,GOF,0.04211123383103714,0.8150091829076178,0.14287958326134512
25793,GOF,0.10985298755773949,0.7780251638748997,0.11212184856736068
25794,GOF,0.08936185047366917,0.7330927130506018,0.17754543647572907
25795,GOF,0.03388362028562817,0.7446938987284867,0.22142248098588513
25796,GOF,0.13039590798991485,0.7584555215308372,0.1111485704792479
25797,GOF,0.03519136732333698,0.6106347028996348,0.3541739297770282
25798,GOF,0.0028233554925814913,0.584473416847052,0.4127032276603665
25799,LOF,0.002649162587814215,0.4589628708868689,0.5383879665253168
25800,GOF,0.011937732672073929,0.6604719653958808,0.3275903019320453
25801,GOF,0.025844400836481686,0.8353620634132052,0.13879353575031314
25802,GOF,0.01662512186708467,0.7645024872494861,0.21887239088342936
25803,GOF,0.009989427014025394,0.6588405351524136,0.3311700378335611
25804,GOF,0.011124067402761069,0.5464684933714324,0.4424074392258065
25805,GOF,0.02084307846014384,0.6587720211233551,0.3203849004165011
25806,GOF,0.015690622896500153,0.6935111170673035,0.2907982600361963
25807,GOF,0.00455092975542982,0.6655486543390939,0.3299004159054763
25808,GOF,0.013304712129439494,0.679610436162704,0.3070848517078564
25809,GOF,0.005134772304011751,0.6778649543086481,0.31700027338734
25810,GOF,0.004525336199732943,0.6786074703554207,0.3168671934448463
25811,GOF,0.07630255079222886,0.8213580168354916,0.10233943237227959
25812,GOF,0.01407669568566752,0.6632421426377544,0.3226811616765782
25813,GOF,0.10458112818463766,0.778968480936517,0.11645039087884526
25814,GOF,0.023764795810268028,0.7681221795316955,0.20811302465803647
25815,GOF,0.042541151829020525,0.7567913448357292,0.20066750333525024
25816,GOF,0.0071989682206452885,0.822950739646498,0.16985029213285682
25817,GOF,0.08978388728797942,0.7560514128551722,0.15416469985684825
25818,GOF,0.02121551215684964,0.769150923821138,0.20963356402201247
25819,GOF,0.06259884810339594,0.761404907200961,0.17599624469564312
25820,GOF,0.029043295637579406,0.7549671781923201,0.2159895261701006
25821,GOF,0.016717143590711123,0.7514723690472817,0.23181048736200704
25822,GOF,0.034366705320534076,0.7636751308405373,0.2019581638389286
25823,GOF,0.012340550697899523,0.6016592336847428,0.3860002156173577
25824,GOF,0.019646177403202177,0.7211980730939546,0.2591557495028432
25825,GOF,0.012472667391079521,0.695352674574475,0.29217465803444537
25826,GOF,0.004788803225616458,0.6561934896221518,0.33901770715223184
25827,GOF,0.008024588495599286,0.6687370153883219,0.3232383961160787
25828,GOF,0.005326099933238459,0.5886828171449375,0.40599108292182406
25829,GOF,0.002583793728625418,0.6646396308379291,0.3327765754334456
25830,LOF,0.02647083983657733,0.43295294025260234,0.5405762199108203
25831,GOF,0.038838801774263076,0.8315126528254713,0.1296485454002655
25832,GOF,0.0067857503581123324,0.7731408514144258,0.22007339822746175
25833,GOF,0.026004093484422695,0.823318351393134,0.15067755512244327
25834,GOF,0.0068461187347952646,0.7832333460845909,0.20992053518061388
25835,GOF,0.01671704844422569,0.8380382044261022,0.14524474712967217
25836,GOF,0.005597869070861904,0.7849649201456048,0.20943721078353325
25837,GOF,0.005611143114483218,0.6860425991611779,0.3083462577243389
25838,GOF,0.01565663117144094,0.8516376729097163,0.13270569591884265
25839,GOF,0.03617522689023521,0.8284848170537172,0.1353399560560476
25840,GOF,0.046321102746586955,0.8262620697290962,0.12741682752431682
25841,GOF,0.0417490176582242,0.8338328343206207,0.12441814802115522
25842,GOF,0.02191554368349403,0.8895512837601379,0.08853317255636821
25843,GOF,0.02020408487862232,0.8978363805136201,0.08195953460775768
25844,GOF,0.014889633476255788,0.8243944101764705,0.1607159563472736
25845,GOF,0.004827118916979309,0.6125211309855547,0.38265175009746605
25846,GOF,0.03386380395906504,0.8540031413439984,0.11213305469693663
25847,GOF,0.015850986407946594,0.9028079742393634,0.0813410393526901
25848,GOF,0.015588973535031754,0.8502268217426134,0.13418420472235476
25849,GOF,0.00468544919598524,0.727348062929988,0.2679664878740267
25850,GOF,0.005684501968451081,0.7316573851799095,0.26265811285163937
25851,GOF,0.005138610548658232,0.6075629198151394,0.38729846963620235
25852,GOF,0.13899942644664703,0.5894675114930366,0.27153306206031635
25853,GOF,0.06810483575124103,0.8480271245791182,0.08386803966964089
25854,GOF,0.008774545553443166,0.7049445721958425,0.28628088225071435
25855,GOF,0.014376027769522232,0.6119782124657873,0.37364575976469044
25856,GOF,0.039388289534381,0.7377453955635018,0.22286631490211717
25857,GOF,0.012979365040370254,0.5918180376462086,0.3952025973134213
25858,GOF,0.006858322929890003,0.5975873915588017,0.3955542855113083
25859,GOF,0.004819370694675861,0.5711980365317447,0.42398259277357947
25860,GOF,0.07794106168430191,0.7906950814538494,0.13136385686184876
25861,GOF,0.13473901288120688,0.7578798089337611,0.1073811781850321
25862,GOF,0.019165358204607953,0.8503954480140401,0.1304391937813521
25863,GOF,0.018578400727316466,0.8637982491917163,0.11762335008096719
25864,GOF,0.04871010890776757,0.8577157727628556,0.09357411832937686
25865,GOF,0.03543114589793313,0.8205880805299064,0.14398077357216046
25866,GOF,0.02358300908767066,0.8494122891699228,0.1270047017424065
25867,GOF,0.030394563063196184,0.8671780435557347,0.10242739338106907
25868,GOF,0.0501415998140505,0.8227597667912852,0.1270986333946644
25869,GOF,0.3312021138080293,0.5936543354293834,0.07514355076258739
25870,GOF,0.20143833478293932,0.5963533726306982,0.20220829258636253
25871,GOF,0.02015581086868812,0.8765974029194189,0.10324678621189295
25872,GOF,0.017679422379597062,0.8643013137678359,0.11801926385256696
25873,GOF,0.01660051505063584,0.8744955301546443,0.10890395479471984
25874,LOF,0.015407863527773341,0.15473511562961065,0.829857020842616
25875,LOF,0.03937412295865544,0.04575705676287381,0.9148688202784708
25876,LOF,0.01744829807521454,0.03477551980274859,0.947776182122037
25877,LOF,0.11742313927833155,0.07308548922931257,0.809491371492356
25878,LOF,0.05459195753140257,0.10852797031710133,0.8368800721514961
25879,LOF,0.021147208256856405,0.08753931077909266,0.8913134809640509
25880,LOF,0.04539172126386808,0.010390027619870124,0.9442182511162617
25881,Neutral,0.5662194830335151,0.08171747329407217,0.35206304367241265
25882,LOF,0.0625048440973362,0.0313903531956598,0.9061048027070039
25883,LOF,0.04542923527765084,0.024332462964614776,0.9302383017577344
25884,LOF,0.020767697093183733,0.060696783270541066,0.9185355196362751
25885,LOF,0.22590767221348967,0.014047581951824812,0.7600447458346855
25886,LOF,0.18184734828697272,0.05563607015271513,0.7625165815603122
25887,LOF,0.17687039906617416,0.06229733383257282,0.7608322671012531
25888,LOF,0.012190513469856907,0.14468890063795697,0.8431205858921862
25889,LOF,0.029374842625339657,0.036056140847539345,0.934569016527121
25890,LOF,0.11431768527030807,0.1206333636076863,0.7650489511220057
25891,LOF,0.0761775840363171,0.03258074521742145,0.8912416707462616
25892,LOF,0.009769100434872056,0.036057049431263075,0.9541738501338649
25893,LOF,0.36809398388807374,0.009652704491844497,0.6222533116200818
25894,LOF,0.4236959399218112,0.006398606755836738,0.5699054533223521
25895,LOF,0.3594565953295879,0.012298549585424957,0.6282448550849872
25896,LOF,0.05834070699170185,0.026554877033081566,0.9151044159752165
25897,LOF,0.20002755072586656,0.010308675742508289,0.7896637735316252
25898,LOF,0.21252633527700754,0.03364396516539491,0.7538296995575976
25899,LOF,0.2345704603502825,0.026072216829418633,0.7393573228202989
25900,LOF,0.4672307832997385,0.009749816558094142,0.5230194001421674
25901,LOF,0.041992508082764585,0.009768018774914962,0.9482394731423205
25902,LOF,0.10165799116930217,0.014168955756149683,0.8841730530745481
25903,LOF,0.37172627024402083,0.0266848403454242,0.6015888894105549
25904,LOF,0.4573302703060952,0.032344761563780265,0.5103249681301245
25905,LOF,0.006884729924878822,0.4320983493951008,0.5610169206800205
25906,LOF,0.010908035929793437,0.1036216018463018,0.8854703622239048
25907,LOF,0.0036648032840327733,0.32514094062113524,0.671194256094832
25908,LOF,0.0037495356248075096,0.22825648990790187,0.7679939744672906
25909,LOF,0.0143458638697135,0.15190634727632338,0.8337477888539631
25910,LOF,0.016851309946426904,0.11210121095544323,0.8710474790981297
25911,LOF,0.3440044647281723,0.031025359977110402,0.6249701752947173
25912,LOF,0.06627672367956267,0.04513841266109517,0.8885848636593422
25913,LOF,0.06090013793544353,0.05010601315658236,0.8889938489079742
25914,LOF,0.021592677322345454,0.06932292833920241,0.909084394338452
25915,LOF,0.12349928774832761,0.28032405062129795,0.5961766616303745
25916,LOF,0.020311321519146504,0.206230919516174,0.7734577589646796
25917,LOF,0.0694454190703842,0.048583571313659035,0.8819710096159566
25918,LOF,0.02801939607987393,0.03932997786372366,0.9326506260564024
25919,LOF,0.023116722079419116,0.039557482469517236,0.9373257954510638
25920,LOF,0.1569066865885468,0.1785462549396851,0.6645470584717681
25921,LOF,0.01110717004519959,0.04459428010545138,0.944298549849349
25922,LOF,0.013469638581224824,0.03536753927691506,0.95116282214186
25923,LOF,0.45872802074890034,0.0385761601339865,0.5026958191171131
25924,LOF,0.022389390507663153,0.05386790024602969,0.9237427092463072
25925,LOF,0.08136418261215712,0.0553754563815021,0.8632603610063407
25926,LOF,0.06446427235611299,0.049366900570148024,0.886168827073739
25927,LOF,0.017078021098200766,0.0703832291718214,0.9125387497299777
25928,LOF,0.007770728877224593,0.05879344052590209,0.9334358305968734
25929,Neutral,0.5406514399251905,0.03688520982706523,0.42246335024774423
25930,LOF,0.09202741095805665,0.03295082714480907,0.8750217618971343
25931,LOF,0.011054503007662175,0.038695750551852454,0.9502497464404853
25932,LOF,0.02982133081571981,0.030097216069869637,0.9400814531144105
25933,LOF,0.03702946006783382,0.019383284086703523,0.9435872558454627
25934,LOF,0.025869680336945915,0.02092459431498109,0.953205725348073
25935,LOF,0.07580292973587774,0.06105763440606133,0.8631394358580611
25936,LOF,0.037241127306672006,0.022868363207980958,0.9398905094853471
25937,LOF,0.010821318868695447,0.04106284436666975,0.9481158367646347
25938,LOF,0.07119138081111462,0.055959992110747724,0.8728486270781376
25939,LOF,0.028245322007317376,0.02497882775014886,0.9467758502425337
25940,LOF,0.009382237770162397,0.34210795796621246,0.6485098042636253
25941,Neutral,0.526797213439757,0.031752701120110444,0.44145008544013253
25942,LOF,0.007015563431190657,0.045483418361954665,0.9475010182068546
25943,LOF,0.03275957142249924,0.1408523848639811,0.8263880437135197
25944,LOF,0.10930093410745644,0.0696679557982755,0.821031110094268
25945,LOF,0.05735802520948157,0.018549378734936627,0.9240925960555818
25946,LOF,0.07102953383346385,0.054760843684680545,0.8742096224818555
25947,Neutral,0.47561726224248974,0.09157623668254451,0.43280650107496577
25948,Neutral,0.5173159313960893,0.013080447674971768,0.4696036209289389
25949,LOF,0.09916701914131748,0.06574851606382737,0.8350844647948551
25950,GOF,0.05765670605659167,0.6137997794560635,0.3285435144873449
25951,LOF,0.01110423531044344,0.42004640298495804,0.5688493617045984
25952,LOF,0.25197256974445864,0.29144771308182804,0.4565797171737133
25953,LOF,0.012160578717176214,0.1824297897329193,0.8054096315499045
25954,LOF,0.050803412701732574,0.45967028989356556,0.4895262974047018
25955,LOF,0.011172900676241082,0.12605432340753703,0.8627727759162218
25956,LOF,0.025858951615389585,0.28380087148316974,0.6903401769014407
25957,LOF,0.24918855597546677,0.04077453321260964,0.7100369108119235
25958,LOF,0.040780210566398196,0.027727843236176188,0.9314919461974256
25959,LOF,0.012877504047934198,0.46019220601087046,0.5269302899411953
25960,LOF,0.006447862966173576,0.04978787834343526,0.9437642586903912
25961,LOF,0.038822272962767586,0.02693504844597895,0.9342426785912534
25962,LOF,0.03290392090626074,0.07666368360724858,0.8904323954864907
25963,LOF,0.006225059450886478,0.23924434971864297,0.7545305908304705
25964,LOF,0.024243457411326157,0.11142107887153484,0.864335463717139
25965,LOF,0.2662360855785983,0.13606215634578228,0.5977017580756193
25966,Neutral,0.4959507830211516,0.11181794221286626,0.3922312747659822
25967,LOF,0.007281863304566094,0.0728768572973404,0.9198412793980935
25968,LOF,0.04922338146427228,0.16801867236998663,0.782757946165741
25969,LOF,0.12460675216542513,0.05128048077574329,0.8241127670588315
25970,LOF,0.03293526531657709,0.06254509586394774,0.9045196388194752
25971,LOF,0.0599126746965326,0.026748330415849397,0.913338994887618
25972,LOF,0.04815559345114081,0.03984076244848547,0.9120036441003737
25973,LOF,0.05463034455107603,0.012459701507184999,0.9329099539417389
25974,LOF,0.04781118779170193,0.03745332663251008,0.914735485575788
25975,LOF,0.03480979359733715,0.025798257677461755,0.9393919487252012
25976,LOF,0.11109744925554713,0.01539284284466005,0.8735097078997929
25977,LOF,0.1993539677687481,0.08031924012322714,0.7203267921080247
25978,LOF,0.17205550438495346,0.11387382988788794,0.7140706657271585
25979,LOF,0.14853402967160384,0.1191411199366697,0.7323248503917265
25980,LOF,0.27333109309606757,0.14622965135447125,0.5804392555494612
25981,LOF,0.2741168158713029,0.14755498480861848,0.5783281993200786
25982,LOF,0.45809960090256896,0.07261807452765143,0.4692823245697796
25983,Neutral,0.48968196105315914,0.09527948283469266,0.41503855611214807
25984,LOF,0.03085604504883821,0.06781601922627048,0.9013279357248913
25985,LOF,0.42882267205996377,0.12358475382495843,0.4475925741150778
25986,LOF,0.012306397041652348,0.4215590363239982,0.5661345666343495
25987,LOF,0.06609060144667397,0.11335189663767556,0.8205575019156505
25988,LOF,0.12958293745398278,0.1252616586629701,0.745155403883047
25989,LOF,0.035319953831798534,0.16636697621610386,0.7983130699520976
25990,LOF,0.036533980973347105,0.2656972906121536,0.6977687284144993
25991,LOF,0.026604413875720104,0.36887252662646575,0.604523059497814
25992,LOF,0.03207817033842143,0.34674625920463215,0.6211755704569464
25993,LOF,0.018912234281422684,0.08090179755434465,0.9001859681642326
25994,LOF,0.013954529256615845,0.08073174901187041,0.9053137217315137
25995,LOF,0.015405272200903954,0.15286663797742464,0.8317280898216715
25996,LOF,0.353746925941345,0.2905579994356435,0.3556950746230115
25997,LOF,0.07334856196977574,0.36209287785381233,0.5645585601764118
25998,LOF,0.2602025619232626,0.0566179743445255,0.683179463732212
25999,LOF,0.026069268831457066,0.2122648041408985,0.7616659270276445
26000,LOF,0.17675945276688962,0.04422305285936681,0.7790174943737436
26001,LOF,0.2929986059526145,0.03454003306642415,0.6724613609809613
26002,LOF,0.08035493196265953,0.06500779454163111,0.8546372734957093
26003,GOF,0.003959522442932552,0.6514880049105335,0.3445524726465339
26004,GOF,0.005398819947685699,0.7177638857620833,0.27683729429023096
26005,GOF,0.0027014871235854364,0.52404939487719,0.47324911799922453
26006,GOF,0.07301188832500585,0.6304709423934487,0.2965171692815455
26007,GOF,0.005290340893876758,0.6014575856932152,0.393252073412908
26008,GOF,0.004857768284986795,0.6764738238320874,0.3186684078829259
26009,GOF,0.0059328177348709835,0.6963840692548409,0.2976831130102882
26010,GOF,0.00637373846338462,0.6739351833656446,0.3196910781709707
26011,GOF,0.0027077593275664498,0.5043795693938306,0.492912671278603
26012,GOF,0.003987243101406866,0.5651779472861593,0.4308348096124338
26013,GOF,0.005979562012681531,0.606084682070265,0.3879357559170535
26014,LOF,0.04967851412471309,0.10078292119062555,0.8495385646846614
26015,LOF,0.4574171410109424,0.017500123352620942,0.5250827356364366
26016,LOF,0.32190009834064776,0.03615585162243317,0.6419440500369191
26017,LOF,0.03061991257671917,0.20175073878266475,0.7676293486406162
26018,LOF,0.047868677003851154,0.03591542439499892,0.9162158986011498
26019,LOF,0.0476351218781863,0.031188491576780306,0.9211763865450334
26020,LOF,0.01021450973537229,0.1728371410846986,0.8169483491799291
26021,LOF,0.07517654769416086,0.06484000304863735,0.8599834492572018
26022,LOF,0.03364543518333892,0.0234469538871371,0.942907610929524
26023,LOF,0.047574354812062715,0.02284287845635181,0.9295827667315855
26024,LOF,0.045187329538191615,0.06335359568396187,0.8914590747778465
26025,LOF,0.056808655002017476,0.07998078002625823,0.8632105649717242
26026,LOF,0.10717411472440902,0.05561721650311176,0.8372086687724792
26027,LOF,0.0414009349532564,0.01857922425641683,0.9400198407903266
26028,LOF,0.1164591278880221,0.13576480343493166,0.7477760686770464
26029,LOF,0.02404367241103639,0.20642268172143982,0.7695336458675237
26030,LOF,0.18699850648698998,0.030826865856744497,0.7821746276562656
26031,LOF,0.012501321789206913,0.17571671880476522,0.8117819594060279
26032,LOF,0.05931040865640292,0.07834015393380915,0.8623494374097879
26033,LOF,0.09106105363782502,0.06696119479124381,0.8419777515709312
26034,LOF,0.0161609055737198,0.1660422643116928,0.8177968301145874
26035,LOF,0.013085271754245167,0.11725474269768026,0.8696599855480746
26036,LOF,0.013832478757038542,0.14575328991021336,0.8404142313327482
26037,LOF,0.011267339034535648,0.1163826635462125,0.8723499974192518
26038,LOF,0.05016632956823707,0.06778824362390522,0.8820454268078577
26039,LOF,0.030122932792326806,0.14976969901326218,0.8201073681944111
26040,LOF,0.13823206164268206,0.1582948752996506,0.7034730630576673
26041,LOF,0.014399855370111748,0.09911656342785224,0.8864835812020361
26042,LOF,0.012985061700239062,0.1064085468987511,0.8806063914010098
26043,LOF,0.04838596440043384,0.09023290620912253,0.8613811293904436
26044,LOF,0.014779668334297192,0.06227463786921579,0.922945693796487
26045,LOF,0.07683891522593743,0.11230855065443658,0.810852534119626
26046,LOF,0.04282616962786345,0.07261522144871414,0.8845586089234224
26047,LOF,0.06674918984621014,0.06958030339764648,0.8636705067561433
26048,LOF,0.07234715529806662,0.037292515751143,0.8903603289507904
26049,Neutral,0.9460015514671561,0.008231102761724809,0.045767345771119114
26050,Neutral,0.9192113762749795,0.009158159896636976,0.07163046382838362
26051,LOF,0.013759966059972211,0.10832394919035057,0.8779160847496773
26052,LOF,0.020894002958352306,0.12142674808521445,0.8576792489564332
26053,LOF,0.03083062465136196,0.14715605645625363,0.8220133188923845
26054,LOF,0.0418848757939242,0.022583635224257624,0.9355314889818183
26055,LOF,0.06305863056709919,0.021407626473727955,0.9155337429591729
26056,LOF,0.052227266057056444,0.025413170727308736,0.9223595632156347
26057,LOF,0.028664670323470243,0.014009252832349375,0.9573260768441803
26058,LOF,0.02979793143353052,0.012023630368235628,0.9581784381982338
26059,LOF,0.19736602699813424,0.022133832398753862,0.7805001406031119
26060,LOF,0.01091844677067046,0.21593445969875408,0.7731470935305754
26061,LOF,0.007470331773558706,0.014007746177098532,0.9785219220493427
26062,LOF,0.004637758530142963,0.02218678912311197,0.9731754523467451
26063,LOF,0.019179298039346523,0.01119292722118379,0.9696277747394697
26064,LOF,0.007502791229630681,0.03216315294525041,0.9603340558251189
26065,LOF,0.022018546959923835,0.012664129844659264,0.965317323195417
26066,LOF,0.021626914110484972,0.011284411353840963,0.967088674535674
26067,LOF,0.026309312931525962,0.009827723575058511,0.9638629634934156
26068,LOF,0.04703355986811924,0.04935484698406687,0.9036115931478139
26069,LOF,0.15122235414587223,0.028966888425919768,0.819810757428208
26070,LOF,0.32131647213765807,0.02380730937243407,0.6548762184899077
26071,LOF,0.020511538856743644,0.012787215000077207,0.9667012461431792
26072,LOF,0.006534217860507201,0.02722497468417488,0.9662408074553179
26073,LOF,0.01935077713544932,0.01449867488654633,0.9661505479780043
26074,Neutral,0.9200501654584884,0.008726461672160403,0.07122337286935114
26075,LOF,0.050067967657889914,0.022833025274647555,0.9270990070674625
26076,LOF,0.030218732955348014,0.01151607367683913,0.9582651933678129
26077,LOF,0.11964081942760739,0.009942024749117718,0.870417155823275
26078,LOF,0.006346304031538446,0.018972838082706348,0.9746808578857552
26079,LOF,0.055349009761986395,0.025057912539928912,0.9195930776980846
26080,LOF,0.05466952896976045,0.025086155940138855,0.9202443150901007
26081,LOF,0.02346855712406694,0.008188712758582472,0.9683427301173506
26082,LOF,0.004302368609432479,0.020902610564896614,0.9747950208256709
26083,LOF,0.11626051101327048,0.019547787692292866,0.8641917012944366
26084,LOF,0.04383569210989282,0.01495624737557813,0.9412080605145291
26085,LOF,0.0394032531056721,0.01298451630308303,0.9476122305912449
26086,LOF,0.02048590610697668,0.012098371715746627,0.9674157221772767
26087,LOF,0.019381572513220813,0.010657788641290083,0.969960638845489
26088,LOF,0.0064807032896535945,0.02219080412539636,0.9713284925849501
26089,LOF,0.041480647110653295,0.027606153102627307,0.9309131997867194
26090,LOF,0.04258475196719643,0.022120034687536656,0.9352952133452668
26091,LOF,0.022922266055015527,0.007218277470195978,0.9698594564747884
26092,LOF,0.02009364543969878,0.008659706677000386,0.9712466478833007
26093,LOF,0.03617700404126424,0.0065572247249300435,0.9572657712338056
26094,LOF,0.028886210369133077,0.006765443798830833,0.9643483458320362
26095,LOF,0.04276736660755078,0.017402777382914774,0.9398298560095344
26096,LOF,0.1756550746213858,0.006283923548530471,0.8180610018300838
26097,LOF,0.005585156634508523,0.03567323287669098,0.9587416104888004
26098,LOF,0.07290615908117834,0.019641415060489532,0.9074524258583321
26099,LOF,0.01898378785792077,0.016640063777544636,0.9643761483645346
26100,LOF,0.01898378785792077,0.016640063777544636,0.9643761483645346
26101,LOF,0.04369206579156739,0.023721708383293502,0.9325862258251392
26102,LOF,0.01834637653300549,0.016153970569873645,0.9654996528971208
26103,Neutral,0.8738789023608882,0.025816171860382382,0.10030492577872949
26104,LOF,0.0641022588737346,0.02962789355426992,0.9062698475719955
26105,LOF,0.23170392203524218,0.19753199681252662,0.5707640811522312
26106,LOF,0.35612941529041375,0.14663847381967385,0.49723211088991226
26107,LOF,0.02115150856563395,0.11463048123623479,0.8642180101981313
26108,LOF,0.3382380340695878,0.05319917038263051,0.6085627955477817
26109,LOF,0.056951665743640495,0.05704658391107208,0.8860017503452875
26110,LOF,0.38190842494782784,0.005985186478037914,0.6121063885741342
26111,LOF,0.0638708791471476,0.11263660448558085,0.8234925163672715
26112,LOF,0.029392128293600314,0.007831123231660724,0.9627767484747389
26113,LOF,0.054282099290398685,0.01729417685835158,0.9284237238512497
26114,LOF,0.08014076825419592,0.011840488156371858,0.9080187435894322
26115,LOF,0.014450219052497573,0.059744745962841954,0.9258050349846605
26116,LOF,0.08934231370390845,0.033836469457073075,0.8768212168390186
26117,LOF,0.43192098044068233,0.033648591364812276,0.5344304281945055
26118,LOF,0.02828710690504539,0.016401215673162762,0.9553116774217918
26119,LOF,0.004792920008004676,0.03318610569512325,0.9620209742968721
26120,LOF,0.023218070618754864,0.016084461281417883,0.9606974680998273
