feature0,prediction,LoGoFunc_Neutral,LoGoFunc_GOF,LoGoFunc_LOF
25546,Neutral,0.6365989913924177,0.0682165885282749,0.29518442007930723
25547,Neutral,0.4832069457791644,0.12333096930173981,0.3934620849190958
25548,Neutral,0.49240411849164223,0.09838862062908411,0.4092072608792736
25549,LOF,0.41892467409965056,0.09840350319730395,0.48267182270304554
25550,LOF,0.3578066054031044,0.1362052856721404,0.5059881089247552
25551,LOF,0.28925025263260223,0.15400116331454838,0.5567485840528494
25552,LOF,0.22105721628892508,0.15032200344326432,0.6286207802678105
25553,Neutral,0.7859163122591566,0.054737913871499747,0.15934577386934376
25554,LOF,0.2796174741655885,0.14007794267135948,0.580304583163052
25555,LOF,0.22195110136985827,0.13103595568944187,0.6470129429406999
25556,LOF,0.43440468818076233,0.11555751818080243,0.45003779363843527
25557,LOF,0.20859802590616938,0.13961529386037097,0.6517866802334596
25558,LOF,0.27421788804740416,0.13857858395190703,0.5872035280006888
25559,LOF,0.17442686212834366,0.15570465135681108,0.6698684865148453
25560,LOF,0.0654232634531774,0.13957613351191261,0.79500060303491
25561,LOF,0.12526354861390582,0.1276820417511977,0.7470544096348963
25562,LOF,0.057245027303845675,0.08856097685600825,0.8541939958401461
25563,LOF,0.08833673799882132,0.08429880355439753,0.8273644584467812
25564,LOF,0.2177101535990073,0.1706066837788065,0.6116831626221862
25565,LOF,0.1853750919995294,0.11226710624753929,0.7023578017529313
25566,GOF,0.020866722095819194,0.7459571829475174,0.23317609495666344
25567,LOF,0.023533206825800054,0.13823495017651274,0.8382318429976873
25568,LOF,0.05891462479553933,0.07525400298749974,0.8658313722169609
25569,LOF,0.06061113329424151,0.07558871791515698,0.8638001487906015
25570,LOF,0.03250708043199376,0.11309776352694495,0.8543951560410613
25571,LOF,0.03183233060284447,0.10739139102993643,0.8607762783672191
25572,LOF,0.03511532474375419,0.13048839212053226,0.8343962831357136
25573,LOF,0.02593257144063277,0.10106951575101349,0.8729979128083538
25574,LOF,0.017119264976527163,0.18818999599325031,0.7946907390302226
25575,LOF,0.026085952358829295,0.11634210112697081,0.8575719465142
25576,LOF,0.013329588800748816,0.15268086831296496,0.8339895428862862
25577,LOF,0.012187126090327797,0.130033951015672,0.8577789228940003
25578,LOF,0.2761048097915097,0.08678802646138506,0.6371071637471052
25579,LOF,0.12250350422760369,0.09329255036327695,0.7842039454091194
25580,LOF,0.019423217940557323,0.0863092199898398,0.8942675620696029
25581,LOF,0.047833081583957195,0.0734727814159581,0.8786941370000847
25582,LOF,0.047288808072481266,0.07242785439024328,0.8802833375372754
25583,LOF,0.0204868200829433,0.09065778461106329,0.8888553953059933
25584,Neutral,0.5174212593927254,0.11643844589002462,0.3661402947172499
25585,LOF,0.013016138818380952,0.13183261554120024,0.8551512456404189
25586,LOF,0.019197164289197197,0.07646635084150297,0.9043364848692999
25587,LOF,0.017902173562342343,0.06640451972925483,0.9156933067084029
25588,LOF,0.01836660288371591,0.08364701401173785,0.8979863831045463
25589,Neutral,0.6424717459510384,0.13886967442821213,0.2186585796207495
25590,LOF,0.019878725780659093,0.12820991034448495,0.851911363874856
25591,LOF,0.07994094952950848,0.06571103457288746,0.854348015897604
25592,LOF,0.05321739678008954,0.1356862015323626,0.8110964016875479
25593,LOF,0.02115013647552531,0.2761816203492255,0.7026682431752491
25594,LOF,0.03708798014157434,0.11455969783006452,0.8483523220283611
25595,LOF,0.036414003267247336,0.08258610892158931,0.8809998878111635
25596,LOF,0.05395370923341705,0.062407172915297175,0.8836391178512857
25597,LOF,0.0351986596302876,0.07412485116457608,0.8906764892051364
25598,LOF,0.03560184050647292,0.09250953267833831,0.8718886268151887
25599,GOF,0.008563815531868364,0.5410414667901033,0.45039471767802836
25600,GOF,0.022854494879220925,0.6213309194394415,0.3558145856813375
25601,LOF,0.01261590146220592,0.4118088218585681,0.575575276679226
25602,LOF,0.011296620578292987,0.048838701868134854,0.9398646775535721
25603,LOF,0.04425027133807928,0.018595964788819065,0.9371537638731017
25604,LOF,0.016616530292310593,0.05337874975686868,0.9300047199508207
25605,LOF,0.01093734579693988,0.16139583012959452,0.8276668240734656
25606,LOF,0.11756149898497538,0.2662473515106876,0.6161911495043371
25607,LOF,0.006673638702480634,0.1623625152191093,0.8309638460784101
25608,LOF,0.011947115895534382,0.10063006652300766,0.8874228175814579
25609,LOF,0.08300376527241193,0.373795979150208,0.54320025557738
25610,LOF,0.018629148081169784,0.02312870907087163,0.9582421428479587
25611,LOF,0.017502457373111527,0.025034733085018714,0.9574628095418697
25612,LOF,0.059831434345002606,0.034155371143060366,0.906013194511937
25613,LOF,0.05315835519517466,0.035641719098118266,0.911199925706707
25614,LOF,0.02569941133800693,0.028761960249925878,0.9455386284120673
25615,LOF,0.01596789873385908,0.04347062145000447,0.9405614798161364
25616,LOF,0.04996724270167893,0.027742809619399407,0.9222899476789216
25617,LOF,0.047252785766613015,0.029903241883135083,0.9228439723502518
25618,LOF,0.056247512655622806,0.03128960936318714,0.9124628779811901
25619,LOF,0.018138817185992414,0.027697921582995166,0.9541632612310124
25620,LOF,0.0662126567442622,0.03820255997211136,0.8955847832836265
25621,LOF,0.01723784654787548,0.03290982877490245,0.9498523246772221
25622,LOF,0.021692002977863743,0.03891737042427533,0.9393906265978609
25623,LOF,0.036586835885855915,0.03603980784251325,0.9273733562716308
25624,LOF,0.02165833269986704,0.035368369399618266,0.9429732979005147
25625,LOF,0.02164555212278214,0.04662509308394968,0.9317293547932681
25626,LOF,0.05410759071298157,0.03021189268362716,0.9156805166033912
25627,Neutral,0.6126431269578708,0.08232331441275802,0.30503355862937126
25628,LOF,0.18163758906450925,0.05122729029235424,0.7671351206431365
25629,LOF,0.03752175111026348,0.05827335383695101,0.9042048950527855
25630,LOF,0.13408286010512888,0.09361342608044548,0.7723037138144256
25631,Neutral,0.6035706596110557,0.05928777618170107,0.33714156420724334
25632,LOF,0.00749337570913012,0.07073272952247672,0.9217738947683932
25633,LOF,0.21363875247160863,0.04539410468343593,0.7409671428449554
25634,LOF,0.029173162347161084,0.08673821737363681,0.8840886202792021
25635,LOF,0.03732600772780781,0.05041461655364777,0.9122593757185443
25636,GOF,0.00531526713645239,0.5390416645878179,0.4556430682757298
25637,GOF,0.007275492396869606,0.5718218522095073,0.42090265539362304
25638,LOF,0.00924094005392493,0.27618388865477633,0.7145751712912988
25639,LOF,0.005637471079364069,0.4246257117237708,0.5697368171968652
25640,Neutral,0.499875475299218,0.4068434942850697,0.09328103041571223
25641,LOF,0.009449702412342628,0.4624510555513699,0.5280992420362874
25642,LOF,0.212619922301891,0.09219610926335113,0.6951839684347578
25643,LOF,0.13091146792712807,0.1350115485140258,0.7340769835588461
25644,LOF,0.007724958374760694,0.46710310714921577,0.5251719344760235
25645,LOF,0.006434746239034391,0.42673677396247567,0.5668284797984899
25646,LOF,0.010217884855057658,0.35646912660888014,0.6333129885360621
25647,LOF,0.008800042491925683,0.294363623581074,0.6968363339270004
25648,LOF,0.007988663577162755,0.28044013660596306,0.7115711998168742
25649,LOF,0.00669792281077132,0.23636916787770854,0.7569329093115201
25650,LOF,0.01112835607305827,0.4238826642788092,0.5649889796481324
25651,LOF,0.005076175218783219,0.29786288020804264,0.6970609445731741
25652,LOF,0.008260490107365183,0.2865625992722324,0.7051769106204023
25653,LOF,0.01978217078444687,0.40832921361263486,0.5718886156029183
25654,LOF,0.008762169233053872,0.2082531461460586,0.7829846846208875
25655,LOF,0.03232444077205809,0.4223893179275729,0.5452862413003691
25656,LOF,0.19549580930194557,0.04830712151052544,0.756197069187529
25657,LOF,0.27476630833582366,0.023876146572436426,0.70135754509174
25658,LOF,0.09125256391081504,0.07748284504228004,0.8312645910469049
25659,LOF,0.46333542468542255,0.06479186295028179,0.4718727123642957
25660,LOF,0.029253434429139708,0.09301006854878184,0.8777364970220785
25661,LOF,0.09184941818021537,0.06459417482752157,0.843556406992263
25662,LOF,0.03157217645994773,0.04140795089685538,0.927019872643197
25663,LOF,0.040487725890438614,0.059378195619269054,0.9001340784902923
25664,LOF,0.04917565603473156,0.07033247871377779,0.8804918652514907
25665,LOF,0.055148389934267676,0.0307783919115602,0.9140732181541722
25666,LOF,0.03727204414373475,0.0874961020095631,0.8752318538467021
25667,LOF,0.06432856075717945,0.0469214901410796,0.8887499491017409
25668,LOF,0.034582800680153354,0.04885556640088192,0.9165616329189646
25669,LOF,0.03187625412827685,0.06963140394521625,0.898492341926507
25670,LOF,0.06152596120764028,0.06425056227933372,0.874223476513026
25671,LOF,0.09162888105491843,0.040221505462547505,0.868149613482534
25672,LOF,0.05829932751439317,0.03994829171967397,0.9017523807659329
25673,LOF,0.02545423502022373,0.050213183185220264,0.9243325817945559
25674,LOF,0.021705315543545985,0.06317436465014044,0.9151203198063136
25675,LOF,0.035581250479465885,0.05695665377231969,0.9074620957482143
25676,LOF,0.018289278482919155,0.05771275241531312,0.9239979691017678
25677,LOF,0.027507551632334485,0.06897979267138082,0.9035126556962847
25678,LOF,0.2016914706614812,0.055762786393274456,0.7425457429452444
25679,LOF,0.16488312831653648,0.083039097170737,0.7520777745127265
25680,LOF,0.04273566247955086,0.10508697564292897,0.8521773618775201
25681,LOF,0.06353577800631402,0.10002898300990347,0.8364352389837826
25682,LOF,0.1378078465771273,0.07261518291851324,0.7895769705043594
25683,LOF,0.08597256611376569,0.11638245473786986,0.7976449791483645
25684,LOF,0.044806260019923695,0.07035958110440314,0.8848341588756732
25685,LOF,0.08615874290319815,0.04215230267179678,0.8716889544250052
25686,LOF,0.02608552375245797,0.07734644732298265,0.8965680289245593
25687,LOF,0.053610477141276154,0.06181060763613244,0.8845789152225915
25688,LOF,0.0504768137125197,0.058397319751952045,0.8911258665355282
25689,LOF,0.030280870158662005,0.06608629103973133,0.9036328388016066
25690,LOF,0.039028838943696846,0.052066947561758246,0.908904213494545
25691,LOF,0.2544115275883107,0.06641678025538972,0.6791716921562996
25692,LOF,0.25701470357237843,0.008528156330167824,0.7344571400974538
25693,LOF,0.058273241543259406,0.3060037530788134,0.6357230053779271
25694,LOF,0.22443587666460565,0.015989205186341386,0.7595749181490529
25695,LOF,0.1354342503767705,0.022289973912149368,0.8422757757110801
25696,LOF,0.1057610025735431,0.015071668176328502,0.8791673292501284
25697,LOF,0.09408214509297722,0.01938658639111928,0.8865312685159036
25698,LOF,0.06619959537369505,0.383687989874376,0.550112414751929
25699,LOF,0.05685678346249428,0.10188830290880277,0.8412549136287029
25700,LOF,0.05281600297853929,0.012182060418283881,0.9350019366031768
25701,LOF,0.016077462768976564,0.11506596310292014,0.8688565741281032
25702,GOF,0.039132216708920975,0.6764064910317918,0.2844612922592872
25703,LOF,0.008760384777836706,0.17070679347188258,0.8205328217502807
25704,LOF,0.05807161341242591,0.12897668975304408,0.8129516968345301
25705,LOF,0.0691801728737621,0.2513990410326618,0.679420786093576
25706,LOF,0.030042675599557794,0.4577741502095264,0.5121831741909159
25707,LOF,0.018667464587646867,0.3728580411606372,0.6084744942517158
25708,LOF,0.007912859282562752,0.3506043028900856,0.6414828378273517
25709,LOF,0.057918318049978115,0.06826961289696745,0.8738120690530545
25710,LOF,0.005666198316348908,0.1631873009082091,0.8311465007754419
25711,LOF,0.0193412757827621,0.13800535460785954,0.8426533696093784
25712,LOF,0.007743934588826813,0.21112492003774955,0.7811311453734237
25713,LOF,0.020300065452734127,0.11776356429870453,0.8619363702485614
25714,LOF,0.06335778142763579,0.15717270031421865,0.7794695182581455
25715,LOF,0.012241911660393892,0.16156689046466471,0.8261911978749413
25716,LOF,0.006292792077979448,0.15473690543301713,0.8389703024890035
25717,LOF,0.006640531012161431,0.09587714488663687,0.8974823241012017
25718,LOF,0.013284031764722218,0.11560349105436493,0.8711124771809129
25719,LOF,0.02034975660269883,0.13057934794624443,0.8490708954510567
25720,LOF,0.021310573899217224,0.1089970368552431,0.8696923892455397
25721,LOF,0.016807483422692806,0.13418076093925496,0.8490117556380522
25722,LOF,0.015212410580435381,0.1548909917545081,0.8298965976650566
25723,LOF,0.021758843846559774,0.08725988143293135,0.8909812747205088
25724,LOF,0.018728680198489903,0.14442324048543284,0.8368480793160773
25725,LOF,0.012701425551242833,0.10034966601946906,0.8869489084292882
25726,LOF,0.015567539586998967,0.1346163616136289,0.8498160987993721
25727,LOF,0.013514963916519528,0.10105163603552182,0.8854334000479587
25728,LOF,0.011691943930118975,0.13711770977336915,0.8511903462965119
25729,LOF,0.012085606097212407,0.14348167078716506,0.8444327231156225
25730,LOF,0.017483839314223672,0.11261709314796495,0.8698990675378113
25731,LOF,0.008459914941597441,0.15832761332244158,0.8332124717359609
25732,LOF,0.016580717766653156,0.10358937257537226,0.8798299096579747
25733,LOF,0.016251346227086735,0.09825494225272513,0.8854937115201881
25734,LOF,0.005761087343027778,0.15056747047557667,0.8436714421813957
25735,LOF,0.014458143844335926,0.09374578596509849,0.8917960701905655
25736,LOF,0.014960979256317753,0.13301728510261454,0.8520217356410678
25737,LOF,0.020892891631992035,0.106032507664716,0.8730746007032919
25738,LOF,0.01434315632328306,0.15040980611360058,0.8352470375631164
25739,LOF,0.02102907024871825,0.13214129275715333,0.8468296369941284
25740,LOF,0.03234513900399419,0.1370465534788398,0.830608307517166
25741,LOF,0.016061959730598423,0.12490356064681055,0.859034479622591
25742,LOF,0.0963715059734925,0.13036888951142622,0.7732596045150812
25743,LOF,0.016663480587956622,0.03192886130878271,0.9514076581032608
25744,LOF,0.20109628643776714,0.38115598157050407,0.41774773199172877
25745,LOF,0.024889637386906523,0.05402488965615251,0.921085472956941
25746,LOF,0.01664187806304846,0.0674656261049462,0.9158924958320053
25747,LOF,0.02831744340155161,0.028249344557718593,0.9434332120407298
25748,LOF,0.12996186202383175,0.04749380333406849,0.8225443346420999
25749,LOF,0.014356460005515732,0.058128097759996604,0.9275154422344877
25750,LOF,0.030740117224903916,0.06908799648477862,0.9001718862903175
25751,LOF,0.11670582407708106,0.054067351327753,0.829226824595166
25752,GOF,0.11561475291745593,0.6005578435988378,0.28382740348370633
25753,LOF,0.008945514344520674,0.26068025706464804,0.7303742285908313
25754,GOF,0.004676401383624025,0.7894184770817758,0.2059051215346002
25755,LOF,0.009807529532364566,0.37402981863784635,0.616162651829789
25756,LOF,0.04870689140527564,0.3708036375874343,0.5804894710072901
25757,GOF,0.005618548810644691,0.8401666730240289,0.15421477816532633
25758,GOF,0.007374358115303084,0.8429278072167147,0.14969783466798234
25759,GOF,0.004384147922693183,0.5400905872765696,0.4555252648007373
25760,LOF,0.0055144441468707875,0.2321195770461917,0.7623659788069375
25761,GOF,0.03757698565167394,0.8217582144884045,0.1406647998599215
25762,LOF,0.03513362798984025,0.2702680244486336,0.6945983475615262
25763,LOF,0.007009427640774181,0.18078875196777275,0.812201820391453
25764,GOF,0.1927992836759622,0.5196161716994883,0.2875845446245496
25765,GOF,0.01084565625352712,0.7860715002396833,0.20308284350678948
25766,GOF,0.016501689961660727,0.8183548533415977,0.16514345669674144
25767,GOF,0.02172993774006035,0.552519661848649,0.4257504004112907
25768,LOF,0.07680745383883156,0.10243834058042664,0.8207542055807419
25769,LOF,0.08614752078823924,0.04869418335278044,0.8651582958589803
25770,LOF,0.32299726923487515,0.05901203093787868,0.6179906998272461
25771,LOF,0.014223226296371828,0.05050110648797967,0.9352756672156484
25772,LOF,0.019753289416721453,0.023634383874757112,0.9566123267085215
25773,LOF,0.012511911261492143,0.09133577527057782,0.8961523134679299
25774,LOF,0.028063300189249744,0.05978606600066708,0.9121506338100832
25775,LOF,0.015971917431099724,0.04248624338770497,0.9415418391811953
25776,LOF,0.0833563553486233,0.019672881912175207,0.8969707627392016
25777,LOF,0.30554076747097075,0.03317698280209579,0.6612822497269335
25778,LOF,0.06992728008459159,0.0372238904250979,0.8928488294903104
25779,GOF,0.08164940994902986,0.8509889523054075,0.06736163774556261
25780,GOF,0.0702182488600175,0.8299814364437507,0.09980031469623195
25781,GOF,0.02670930489947833,0.8377372777119922,0.13555341738852944
25782,GOF,0.03765650186913378,0.8621343847665736,0.10020911336429275
25783,GOF,0.014219370260760759,0.6548081067736014,0.33097252296563784
25784,GOF,0.13719126804422777,0.7979009676441642,0.0649077643116081
25785,GOF,0.08688674647081449,0.8536721230888388,0.059441130440346726
25786,GOF,0.006081474536111203,0.7840148578920918,0.2099036675717969
25787,GOF,0.2271554476196217,0.7166560129764237,0.056188539403954726
25788,LOF,0.049673397641630916,0.10633487829651558,0.8439917240618535
25789,GOF,0.034577947551846636,0.7830761897656965,0.18234586268245698
25790,GOF,0.04013295060925306,0.8220387140960975,0.13782833529464927
25791,GOF,0.027787870218684115,0.7455550046574646,0.22665712512385136
25792,GOF,0.052462602851210155,0.7357223436969714,0.21181505345181842
25793,GOF,0.07147822447524008,0.6901216750905463,0.2384001004342136
25794,GOF,0.09690119828977607,0.6675542904226309,0.235544511287593
25795,GOF,0.024847112625097062,0.7537851728544843,0.22136771452041842
25796,GOF,0.13722317852052743,0.745863942109612,0.11691287936986061
25797,GOF,0.03029239193710375,0.569769881256991,0.3999377268059053
25798,GOF,0.0034224343501627866,0.5217441248263358,0.47483344082350143
25799,LOF,0.0031248667384307428,0.41776459661471516,0.5791105366468541
25800,GOF,0.011113568959897832,0.6039504498669652,0.3849359811731369
25801,GOF,0.0397878462796324,0.7860929364044459,0.17411921731592173
25802,GOF,0.018101099511575815,0.6954134736365299,0.2864854268518944
25803,GOF,0.010480808824048166,0.579589677172147,0.40992951400380473
25804,LOF,0.011473894800917329,0.46795880214122243,0.5205673030578603
25805,GOF,0.02090553312369729,0.5810282610311238,0.39806620584517877
25806,GOF,0.018420684304073065,0.604028730646643,0.37755058504928385
25807,GOF,0.00598706228822962,0.6189487783561985,0.37506415935557197
25808,GOF,0.015293647179010671,0.6366760077073567,0.3480303451136326
25809,GOF,0.006449700117458885,0.5843051556070812,0.40924514427546005
25810,GOF,0.0054163597816252644,0.6088676339977118,0.38571600622066304
25811,GOF,0.10720524831618408,0.7623131112599363,0.1304816404238796
25812,GOF,0.01395003482044892,0.5961877967237855,0.38986216845576543
25813,GOF,0.14129461596427106,0.6865749793298149,0.172130404705914
25814,GOF,0.03138905678961825,0.6816190521019518,0.2869918911084298
25815,GOF,0.04100699678086879,0.6867162576366347,0.2722767455824964
25816,GOF,0.0077924455323856966,0.7421735662083051,0.25003398825930917
25817,GOF,0.05286766727761528,0.769611875818977,0.1775204569034077
25818,GOF,0.019434833078498023,0.681285158592477,0.299280008329025
25819,GOF,0.07056778736271724,0.701469507601146,0.22796270503613678
25820,GOF,0.03689091862256803,0.6752502319764926,0.2878588494009395
25821,GOF,0.017713202043196066,0.6713163617323107,0.3109704362244932
25822,GOF,0.036440780555223214,0.6835176217453667,0.28004159769941017
25823,GOF,0.011891983175301286,0.5231752973336523,0.4649327194910464
25824,GOF,0.020858735927240427,0.6247505258206417,0.3543907382521179
25825,GOF,0.012676371890963272,0.6085928189323366,0.37873080917669993
25826,GOF,0.0049375851363332775,0.5909213762758188,0.40414103858784794
25827,GOF,0.007299853806344072,0.6175265258816384,0.37517362031201745
25828,GOF,0.005008404913503989,0.5436205589705357,0.45137103611596024
25829,GOF,0.0028554673535515396,0.576178974827848,0.42096555781860057
25830,LOF,0.04404004686240095,0.2842097513097515,0.6717502018278476
25831,GOF,0.046531767906610726,0.806709114349125,0.14675911774426414
25832,GOF,0.009192539085847742,0.7439580614871468,0.24684939942700543
25833,GOF,0.03542210130896013,0.7689678812623159,0.1956100174287239
25834,GOF,0.009529891831689147,0.7432628750796683,0.24720723308864273
25835,GOF,0.020003286591216293,0.7914022008946777,0.18859451251410594
25836,GOF,0.007739638685791542,0.7278503092551994,0.26441005205900897
25837,GOF,0.007568728251122622,0.6481524613140457,0.34427881043483155
25838,GOF,0.025154826875569046,0.8073676415400213,0.16747753158440956
25839,GOF,0.06122981614847279,0.7731173568486909,0.16565282700283632
25840,GOF,0.05106916724063331,0.7830605849540881,0.1658702478052786
25841,GOF,0.04746300431644738,0.8012762557508942,0.15126073993265846
25842,GOF,0.0316595604308807,0.832002830682623,0.13633760888649626
25843,GOF,0.032950020322122714,0.8498505135272677,0.11719946615060958
25844,GOF,0.02184424195123602,0.7681283775533096,0.21002738049545439
25845,GOF,0.006006675132180889,0.572328762253465,0.42166456261435425
25846,GOF,0.03554598023901397,0.8302814306565395,0.13417258910444654
25847,GOF,0.02162870255361909,0.8674336074173113,0.11093769002906946
25848,GOF,0.013471123063606509,0.7637007480934188,0.22282812884297473
25849,GOF,0.004533343691450061,0.6622925532063392,0.3331741031022108
25850,GOF,0.006723180106662716,0.6850997426953904,0.30817707719794674
25851,GOF,0.006025394785550578,0.5672210787342913,0.4267535264801582
25852,GOF,0.16233103420391626,0.5134055786052086,0.32426338719087516
25853,GOF,0.07005860581781514,0.8111064153683157,0.11883497881386912
25854,GOF,0.008987933820472352,0.6166588112538252,0.37435325492570243
25855,GOF,0.01409707952719504,0.580450850356949,0.405452070115856
25856,GOF,0.048854239056037425,0.6786704262287652,0.2724753347151974
25857,GOF,0.014294541262755887,0.5412934402500892,0.44441201848715495
25858,GOF,0.008394960164826167,0.5235817187959142,0.46802332103925964
25859,GOF,0.005569700938596208,0.5090709540618792,0.48535934499952454
25860,GOF,0.0889134809191876,0.7452875701474962,0.165798948933316
25861,GOF,0.13216567985208272,0.7562481422327003,0.111586177915217
25862,GOF,0.022179082633962028,0.8111979973359601,0.166622920030078
25863,GOF,0.022284534388553365,0.8254592562630978,0.15225620934834896
25864,GOF,0.04980902394868812,0.8524036069540755,0.09778736909723641
25865,GOF,0.027043111776558406,0.835073332602014,0.13788355562142754
25866,GOF,0.025284333389240486,0.8055553270824092,0.16916033952835025
25867,GOF,0.030883836582446297,0.837333111300581,0.1317830521169728
25868,GOF,0.06697910930778349,0.7600976281481421,0.1729232625440743
25869,GOF,0.33483851642696927,0.544590325746601,0.12057115782642967
25870,GOF,0.20437412751683315,0.47110999420487754,0.3245158782782892
25871,GOF,0.03425175030094317,0.8105080923448371,0.15524015735421973
25872,GOF,0.020314791266492122,0.735333017235945,0.2443521914975627
25873,GOF,0.0257361532357846,0.7854687823264335,0.18879506443778188
25874,LOF,0.017509274336935183,0.11628379883313912,0.8662069268299257
25875,LOF,0.02555286935662811,0.04616031347670744,0.9282868171666644
25876,LOF,0.0148693378883853,0.03197923033108788,0.9531514317805269
25877,LOF,0.1396164879270273,0.06961181666784232,0.7907716954051304
25878,LOF,0.05312256132687619,0.10082938977612513,0.8460480488969987
25879,LOF,0.020862536699113105,0.08253785290409871,0.8965996103967881
25880,LOF,0.044927874625455666,0.01137108647383693,0.9437010389007074
25881,Neutral,0.5586770950627341,0.03516106141730291,0.40616184351996304
25882,LOF,0.018017441418551515,0.028946609949907866,0.9530359486315406
25883,LOF,0.062349616063306426,0.023614001845177174,0.9140363820915164
25884,LOF,0.00901621243055773,0.042805261300599466,0.9481785262688428
25885,LOF,0.16306482253325666,0.00620645889013435,0.830728718576609
25886,LOF,0.2618813496047808,0.048043700714265995,0.6900749496809532
25887,LOF,0.16498478113836756,0.04474825310875903,0.7902669657528734
25888,LOF,0.013782828790464953,0.09549301915788536,0.8907241520516497
25889,LOF,0.010899147675765263,0.03220115814170457,0.9568996941825303
25890,LOF,0.1421131331454045,0.0770443573902908,0.7808425094643047
25891,LOF,0.04101962864475163,0.0423087655735663,0.9166716057816822
25892,LOF,0.015055024677294493,0.036845365946312374,0.9480996093763931
25893,LOF,0.3936725233004788,0.01326768989750462,0.5930597868020165
25894,LOF,0.4268073417209779,0.0065914696787560045,0.5666011886002661
25895,LOF,0.3737686551145935,0.013964628873866132,0.6122667160115405
25896,LOF,0.041325174256748795,0.028838688639312056,0.9298361371039392
25897,LOF,0.22139631219726175,0.013704279079371155,0.7648994087233671
25898,LOF,0.2547778773612979,0.033214555077189095,0.7120075675615131
25899,LOF,0.17178240803222838,0.03099561104755125,0.7972219809202203
25900,LOF,0.4644497591596228,0.014962020909713358,0.5205882199306638
25901,LOF,0.04738558170092203,0.013096955679779683,0.9395174626192984
25902,LOF,0.10999126541446909,0.015361782172583641,0.8746469524129473
25903,LOF,0.419295177308845,0.031821077272110775,0.5488837454190443
25904,LOF,0.30391891298872636,0.046995287526591975,0.6490857994846817
25905,LOF,0.006005054860704527,0.4672850033152002,0.5267099418240954
25906,LOF,0.010268389666826706,0.09489069063599999,0.8948409196971732
25907,LOF,0.004197000249703038,0.40563531742610015,0.5901676823241968
25908,LOF,0.003512623376961026,0.30056177499064196,0.6959256016323969
25909,LOF,0.014279239732037846,0.1347130661658154,0.8510076941021468
25910,LOF,0.016292813283772304,0.15316003225945385,0.8305471544567739
25911,LOF,0.1700029629102915,0.025880144957320196,0.8041168921323882
25912,LOF,0.07327128830175514,0.034047488941881594,0.8926812227563633
25913,LOF,0.07431852922614131,0.038718836020603595,0.8869626347532551
25914,LOF,0.021760517994722194,0.049505721017083074,0.9287337609881947
25915,LOF,0.14685925140190362,0.3410940664372394,0.5120466821608569
25916,LOF,0.018526037358290455,0.21512389019203346,0.766350072449676
25917,LOF,0.05517652418849696,0.036780563539688595,0.9080429122718144
25918,LOF,0.02570112097647718,0.028975730500261213,0.9453231485232615
25919,LOF,0.021846454442426805,0.028254967513779247,0.949898578043794
25920,LOF,0.06670616220504182,0.4243231412156476,0.5089706965793106
25921,LOF,0.010351974148850904,0.03988466275260291,0.9497633630985461
25922,LOF,0.013621183600162925,0.03130029059700721,0.9550785258028298
25923,Neutral,0.49980221609574704,0.04227533730516413,0.4579224465990888
25924,LOF,0.0176092349337734,0.040009544701254875,0.9423812203649717
25925,LOF,0.07908601999336214,0.04572368779383496,0.875190292212803
25926,LOF,0.05770551175086768,0.04034413446695284,0.9019503537821796
25927,LOF,0.0157847223363375,0.15263674420173637,0.8315785334619261
25928,LOF,0.007798732023876402,0.049890155243072734,0.9423111127330509
25929,Neutral,0.6141997220571092,0.04392533354863445,0.34187494439425636
25930,LOF,0.0685778509411492,0.03642251833101392,0.894999630727837
25931,LOF,0.010766963318078016,0.03449694977677087,0.9547360869051511
25932,LOF,0.030653955362336578,0.028617598836435245,0.9407284458012282
25933,LOF,0.04084060964453384,0.0191486198673165,0.9400107704881497
25934,LOF,0.027132196728351068,0.020801173595398265,0.9520666296762507
25935,LOF,0.06964241539578361,0.05331602861023585,0.8770415559939805
25936,LOF,0.04721646443026939,0.023441215980928822,0.9293423195888018
25937,LOF,0.010237277398310547,0.039417830897156024,0.9503448917045333
25938,LOF,0.06814355500296992,0.05814973099966651,0.8737067139973635
25939,LOF,0.03826730803783962,0.023404364687791026,0.9383283272743693
25940,LOF,0.006542921355710256,0.3598023215444667,0.6336547570998231
25941,Neutral,0.5424643046635537,0.05578190882670166,0.40175378650974464
25942,LOF,0.004697405389091553,0.040982491884623815,0.9543201027262848
25943,LOF,0.030988554131625337,0.13749369998313485,0.8315177458852399
25944,LOF,0.0945458402439723,0.0888224447683929,0.8166317149876349
25945,LOF,0.05677629077022324,0.02000454345732811,0.9232191657724486
25946,LOF,0.062540179352867,0.06599357981251226,0.8714662408346208
25947,Neutral,0.4801201943109927,0.0816084528041526,0.4382713528848548
25948,LOF,0.29340350815711164,0.011660236417750717,0.6949362554251376
25949,LOF,0.09538894186355452,0.045437723276762085,0.8591733348596833
25950,GOF,0.04652899753191243,0.4920470163898358,0.4614239860782518
25951,LOF,0.02357320391248688,0.36587212994234974,0.6105546661451634
25952,LOF,0.26942806802790514,0.2569602113099972,0.47361172066209756
25953,LOF,0.0171517516562888,0.15076087509954353,0.8320873732441677
25954,LOF,0.08478654568084511,0.38459375579302113,0.5306196985261338
25955,LOF,0.011675006826859445,0.1211785329024573,0.8671464602706833
25956,LOF,0.027712331042405773,0.2411517773794857,0.7311358915781085
25957,LOF,0.14684790472264408,0.02516101728936731,0.8279910779879885
25958,LOF,0.05097068567044079,0.03645213084010264,0.9125771834894566
25959,LOF,0.012019341613334985,0.4465310495597827,0.5414496088268823
25960,LOF,0.006379611525984546,0.06580917580622352,0.9278112126677919
25961,LOF,0.04117049057367506,0.03180574695400152,0.9270237624723233
25962,LOF,0.03574358064307216,0.05530566290784338,0.9089507564490845
25963,LOF,0.005343323027258182,0.29858464097412507,0.6960720359986168
25964,LOF,0.03277714137521413,0.09942511288907711,0.8677977457357088
25965,LOF,0.3721142774103853,0.10851840833762287,0.5193673142519918
25966,Neutral,0.5069520937645977,0.16974300715769072,0.32330489907771165
25967,LOF,0.0073925056515680345,0.10378012504456491,0.888827369303867
25968,LOF,0.04405448505997104,0.3200813854897023,0.6358641294503267
25969,LOF,0.13014903621423018,0.05054042552808906,0.8193105382576807
25970,LOF,0.017979385790835332,0.06563928722995685,0.9163813269792077
25971,LOF,0.07030431255182219,0.028864387802713165,0.9008312996454647
25972,LOF,0.06449618188336752,0.04087725090022374,0.8946265672164088
25973,LOF,0.05443485467546955,0.009682714260770156,0.9358824310637602
25974,LOF,0.034410112107334,0.03032464212759422,0.9352652457650719
25975,LOF,0.043742546099286815,0.02190626691921937,0.9343511869814937
25976,LOF,0.09369718097679851,0.009787153344760997,0.8965156656784405
25977,LOF,0.1979927624861776,0.06333622890615632,0.7386710086076661
25978,LOF,0.16213811551017754,0.11627381431220088,0.7215880701776215
25979,LOF,0.14007910632976098,0.11114235549900665,0.7487785381712324
25980,LOF,0.23755011233661671,0.1474208657411792,0.6150290219222041
25981,LOF,0.2666228152554315,0.14562410657961108,0.5877530781649575
25982,LOF,0.41713213647451547,0.09325570621257458,0.4896121573129099
25983,LOF,0.4055946477438369,0.10032888908579082,0.4940764631703724
25984,LOF,0.038353498797605856,0.06795256987283227,0.8936939313295618
25985,LOF,0.3534749892065949,0.17671146314846714,0.469813547644938
25986,LOF,0.009042688336844238,0.4328668259456762,0.5580904857174797
25987,LOF,0.03290020927253395,0.10184751781933787,0.8652522729081282
25988,LOF,0.15106115898734337,0.10259067448873112,0.7463481665239254
25989,LOF,0.036350507414003225,0.13950508234683182,0.824144410239165
25990,LOF,0.03553753400384457,0.20579794214646224,0.7586645238496933
25991,LOF,0.014671477562039853,0.353611614408148,0.6317169080298122
25992,LOF,0.021745157573809997,0.3393927912528012,0.6388620511733889
25993,LOF,0.022911628307980273,0.08646320057332678,0.8906251711186929
25994,LOF,0.016117399159131043,0.08147494230993609,0.9024076585309329
25995,LOF,0.020976028241667957,0.17384608752448305,0.8051778842338491
25996,LOF,0.3099659361853497,0.3354063450447059,0.3546277187699443
25997,LOF,0.0634856094256422,0.3749337580268287,0.5615806325475291
25998,LOF,0.3201778009339921,0.04198196784466631,0.6378402312213416
25999,LOF,0.01628922390451304,0.2512467287214748,0.7324640473740122
26000,LOF,0.1419287329671499,0.02357686900662026,0.8344943980262298
26001,LOF,0.3070261423151088,0.02121471494112504,0.6717591427437661
26002,LOF,0.07304151579034047,0.03690156122225992,0.8900569229873996
26003,GOF,0.003956346642607014,0.5923740681122737,0.4036695852451192
26004,GOF,0.0053309562473967806,0.6798426959605897,0.31482634779201357
26005,LOF,0.002812383835744722,0.47209665000549245,0.5250909661587628
26006,GOF,0.08503738149345097,0.544137602123228,0.37082501638332105
26007,GOF,0.005584391517091355,0.5395754303613818,0.45484017812152694
26008,GOF,0.005131659056212704,0.6328450407013481,0.36202330024243917
26009,GOF,0.005678399361606779,0.6688230822011166,0.32549851843727656
26010,GOF,0.006444441309796832,0.6744136848982869,0.3191418737919162
26011,LOF,0.002591005630665047,0.4730526164678049,0.5243563779015301
26012,GOF,0.0037694233096780038,0.5590600789903502,0.43717049769997185
26013,GOF,0.00472378230561515,0.6333093558911584,0.36196686180322646
26014,LOF,0.05350235069112273,0.08731449976730851,0.8591831495415688
26015,LOF,0.13861540083550578,0.02419534702344397,0.8371892521410502
26016,LOF,0.3024145445945737,0.03339041693516941,0.664195038470257
26017,LOF,0.0222920028174425,0.1939846186685146,0.783723378514043
26018,LOF,0.07418904087926603,0.04709734752901719,0.8787136115917168
26019,LOF,0.07040715803201168,0.038633194205307066,0.8909596477626812
26020,LOF,0.008910234511741727,0.19690957341957468,0.7941801920686836
26021,LOF,0.0656201712891272,0.0635126316665908,0.870867197044282
26022,LOF,0.02672345534966297,0.027320367048220284,0.9459561776021167
26023,LOF,0.04772987295913903,0.029342730912286247,0.9229273961285748
26024,LOF,0.0411127790697475,0.0668377389595259,0.8920494819707266
26025,LOF,0.06346274530508465,0.1314294087107497,0.8051078459841656
26026,LOF,0.13298445320830912,0.05332249308181726,0.8136930537098735
26027,LOF,0.05548775715078062,0.023065465410446285,0.9214467774387731
26028,LOF,0.09771334267946451,0.10723221671570482,0.7950544406048307
26029,LOF,0.026863393467566672,0.18583401090214702,0.7873025956302863
26030,LOF,0.16679270690982595,0.023250194228904293,0.8099570988612697
26031,LOF,0.014112308569912316,0.14852670625918196,0.8373609851709056
26032,LOF,0.09014416947503448,0.06982239424770165,0.8400334362772639
26033,LOF,0.09573137146849381,0.06628969105571793,0.8379789374757882
26034,LOF,0.014741455911762442,0.15277471597869974,0.8324838281095378
26035,LOF,0.013044797723025987,0.12627148825111412,0.8606837140258599
26036,LOF,0.015481134618023697,0.16128407462018307,0.8232347907617932
26037,LOF,0.010886574152450298,0.11403105896208567,0.875082366885464
26038,LOF,0.07566535806888643,0.06265298147315275,0.8616816604579608
26039,LOF,0.022957745519507723,0.15115992250900168,0.8258823319714905
26040,LOF,0.12937972088118935,0.1367181560995554,0.7339021230192553
26041,LOF,0.01297684159521152,0.1010903138072282,0.8859328445975604
26042,LOF,0.011818766583242843,0.10151794892707446,0.8866632844896828
26043,LOF,0.07572688470111374,0.08292280009381951,0.8413503152050666
26044,LOF,0.015121044474479626,0.05614960917237691,0.9287293463531434
26045,LOF,0.04992446570207332,0.10519596203456567,0.844879572263361
26046,LOF,0.06603057045299121,0.06584445669097064,0.8681249728560381
26047,LOF,0.1115180415838055,0.07026668930626427,0.8182152691099303
26048,LOF,0.051054238481393205,0.03945504680951018,0.9094907147090966
26049,Neutral,0.9699379304500785,0.006404083381345106,0.02365798616857638
26050,Neutral,0.9571276729684116,0.008241721976073414,0.03463060505551514
26051,LOF,0.014115972428061486,0.23191344205801462,0.7539705855139239
26052,LOF,0.01889972326105364,0.29639648275228736,0.6847037939866589
26053,LOF,0.023273573964621187,0.1365188803124055,0.8402075457229733
26054,LOF,0.045653007552666706,0.0163631664689749,0.9379838259783584
26055,LOF,0.06316887380311471,0.01613199377833202,0.9206991324185532
26056,LOF,0.051469794587239666,0.018328035867301872,0.9302021695454584
26057,LOF,0.03094736198866855,0.011647845678513586,0.9574047923328178
26058,LOF,0.03165058026129337,0.010568120145519706,0.9577812995931869
26059,LOF,0.2837968031790119,0.02185568406253979,0.6943475127584484
26060,LOF,0.0067322346316185215,0.25811907480922214,0.7351486905591594
26061,LOF,0.005260909777340747,0.012066930582897794,0.9826721596397614
26062,LOF,0.004282678697770715,0.016648437760627376,0.9790688835416019
26063,LOF,0.020936082542649483,0.009906720395978839,0.9691571970613717
26064,LOF,0.006709734683103476,0.023750762486153144,0.9695395028307433
26065,LOF,0.02256983250474801,0.01154417078735178,0.9658859967079001
26066,LOF,0.02087464540326536,0.01069976753038913,0.9684255870663454
26067,LOF,0.027625658663582776,0.009328755138662702,0.9630455861977546
26068,LOF,0.04353176420443655,0.02732674768864431,0.9291414881069192
26069,LOF,0.2649809305762055,0.01741852580001104,0.7176005436237834
26070,LOF,0.4347210177716665,0.013237994366075773,0.5520409878622577
26071,LOF,0.020670215102999014,0.011240180085551821,0.9680896048114491
26072,LOF,0.005691660197459063,0.019967870200935746,0.9743404696016051
26073,LOF,0.018376327099680095,0.01294441613058052,0.9686792567697394
26074,Neutral,0.9015061839475439,0.005828752353566682,0.09266506369888941
26075,LOF,0.04500628334169719,0.013383069242953044,0.9416106474153498
26076,LOF,0.03729354428189053,0.010044311149572242,0.9526621445685373
26077,LOF,0.12164583669618574,0.006500673852906726,0.8718534894509076
26078,LOF,0.005951980332578712,0.012700956512726748,0.9813470631546946
26079,LOF,0.05509421660241501,0.01667055507644974,0.9282352283211353
26080,LOF,0.053497625407489834,0.016715388485761526,0.9297869861067486
26081,LOF,0.029679100038891865,0.00794453920769145,0.9623763607534167
26082,LOF,0.004754431353350412,0.01503529769837021,0.9802102709482794
26083,LOF,0.13731786197732188,0.016246479430924544,0.8464356585917536
26084,LOF,0.034961304373254815,0.01347982935395307,0.9515588662727921
26085,LOF,0.0312600896983597,0.0121362800028797,0.9566036302987605
26086,LOF,0.018766355839098994,0.011316118387343562,0.9699175257735575
26087,LOF,0.020349460462120664,0.008926275162208803,0.9707242643756705
26088,LOF,0.0055494018712981446,0.023191448594683323,0.9712591495340186
26089,LOF,0.039347700826902504,0.020569887487569462,0.9400824116855281
26090,LOF,0.039237075753252915,0.01733504251980742,0.9434278817269396
26091,LOF,0.028144090389310542,0.007495404805051479,0.964360504805638
26092,LOF,0.019959570633619705,0.00857016367696447,0.971470265689416
26093,LOF,0.034955646383819684,0.006787774532693364,0.9582565790834869
26094,LOF,0.028155179981811097,0.007193392192832452,0.9646514278253564
26095,LOF,0.013982081283898887,0.0185077636897413,0.9675101550263598
26096,LOF,0.1468117263862336,0.005642942796472144,0.8475453308172943
26097,LOF,0.005173805533940974,0.033295099398028105,0.961531095068031
26098,LOF,0.06908249265521939,0.013115459807898676,0.9178020475368819
26099,LOF,0.01773829818988604,0.01466885004764397,0.96759285176247
26100,LOF,0.019965632416778168,0.014196264922767154,0.9658381026604547
26101,LOF,0.046764463642677626,0.021177109757144708,0.9320584266001777
26102,LOF,0.019536227844957166,0.014056199475766652,0.9664075726792762
26103,Neutral,0.8676508108785783,0.01985546207664375,0.11249372704477788
26104,LOF,0.06318497453873133,0.02378550950731102,0.9130295159539575
26105,LOF,0.18940960813310298,0.15686656301679588,0.6537238288501012
26106,LOF,0.36238993799460895,0.09503037580696906,0.542579686198422
26107,LOF,0.025142277335698848,0.1079629924493547,0.8668947302149466
26108,LOF,0.37533226762705557,0.03497988961451915,0.5896878427584253
26109,LOF,0.031062951737014177,0.06583332567463682,0.903103722588349
26110,LOF,0.18222925527484943,0.008402870288710233,0.8093678744364403
26111,LOF,0.09021690958020132,0.07448314572296677,0.835299944696832
26112,LOF,0.03180728274039868,0.008317620080804982,0.9598750971787963
26113,LOF,0.058537591166843164,0.016532968477469483,0.9249294403556874
26114,LOF,0.06090786225815751,0.015576274817855269,0.9235158629239874
26115,LOF,0.01764848000906467,0.08586507724581803,0.8964864427451174
26116,LOF,0.08363270290986181,0.05041816979857746,0.8659491272915608
26117,LOF,0.43078490947818593,0.052907223351176536,0.5163078671706375
26118,LOF,0.03511925344704984,0.027369114841763322,0.9375116317111869
26119,LOF,0.005652697120146134,0.05000901984274899,0.944338283037105
26120,LOF,0.02449229862142501,0.021060526914845838,0.9544471744637291
26121,LOF,0.005659822304688028,0.13632468392371713,0.8580154937715948
