feature0,prediction,LoGoFunc_Neutral,LoGoFunc_GOF,LoGoFunc_LOF
25546,Neutral,0.6763031478129822,0.06792810514921487,0.25576874703780295
25547,Neutral,0.4967291168977325,0.12528916737409856,0.37798171572816897
25548,Neutral,0.4882249290920706,0.09387021644778765,0.41790485446014175
25549,LOF,0.43288607360486053,0.09069211526715805,0.4764218111279813
25550,LOF,0.3611957506752422,0.1574260298312851,0.4813782194934727
25551,LOF,0.26370519995945313,0.17998052044752025,0.5563142795930266
25552,LOF,0.20001326797189473,0.1629804196317189,0.6370063123963864
25553,Neutral,0.7968671643620316,0.05265307950900981,0.1504797561289585
25554,LOF,0.2321123399262041,0.1590263642869259,0.60886129578687
25555,LOF,0.19289567513345435,0.13873570977643446,0.6683686150901111
25556,LOF,0.39466507387431016,0.145449054852141,0.45988587127354885
25557,LOF,0.18187517642475148,0.1433255784864598,0.6747992450887886
25558,LOF,0.22431780414756236,0.15345017126706534,0.6222320245853723
25559,LOF,0.1784149698888538,0.16075883146062894,0.6608261986505172
25560,LOF,0.08015393608005253,0.14247791312875552,0.7773681507911919
25561,LOF,0.1601543496137849,0.11736647571745572,0.7224791746687594
25562,LOF,0.07301824095781505,0.08878951180606053,0.8381922472361245
25563,LOF,0.10618748912496452,0.08684317860392546,0.80696933227111
25564,LOF,0.21878956910090253,0.16359445946359868,0.6176159714354987
25565,LOF,0.14715313659160906,0.14465842675801632,0.7081884366503746
25566,GOF,0.01972144493230244,0.7640325268131806,0.21624602825451703
25567,LOF,0.01874644433424602,0.21484813278061438,0.7664054228851397
25568,LOF,0.05233237622055691,0.09826360126702156,0.8494040225124214
25569,LOF,0.05526724821414414,0.09814104617506145,0.8465917056107943
25570,LOF,0.03044115623457738,0.1350835993064188,0.8344752444590038
25571,LOF,0.029270868255498402,0.1327537129509044,0.8379754187935972
25572,LOF,0.03263470042318122,0.1661883946455604,0.8011769049312583
25573,LOF,0.02549567161115094,0.13260603165216636,0.8418982967366828
25574,LOF,0.019045155770180545,0.190160565779536,0.7907942784502835
25575,LOF,0.02418088958991742,0.1477426737117306,0.828076436698352
25576,LOF,0.011680181583865565,0.18813495480742598,0.8001848636087084
25577,LOF,0.009867161451561739,0.16170450634934008,0.8284283321990982
25578,LOF,0.2689717556796867,0.12163682159645564,0.6093914227238577
25579,LOF,0.1664625851015053,0.13108293338913474,0.70245448150936
25580,LOF,0.01855583684403226,0.11094250220070062,0.8705016609552672
25581,LOF,0.04479671044567342,0.09698509725258052,0.8582181923017461
25582,LOF,0.04463241417186794,0.09535905271142137,0.8600085331167108
25583,LOF,0.0203334346582007,0.12666828275389877,0.8529982825879004
25584,Neutral,0.5042392610642874,0.1449670606470695,0.3507936782886431
25585,LOF,0.012030347726791357,0.18243926159289914,0.8055303906803094
25586,LOF,0.01613661852199846,0.10007578971292284,0.8837875917650787
25587,LOF,0.016423642257090223,0.09311365602508553,0.8904627017178242
25588,LOF,0.016369050731289584,0.11246433376908581,0.8711666154996246
25589,Neutral,0.5851775071341961,0.1553084422446917,0.25951405062111216
25590,LOF,0.018804148896823608,0.15134211240141718,0.8298537387017593
25591,LOF,0.07970690748705477,0.08061007728345564,0.8396830152294896
25592,LOF,0.04397448991650931,0.17242320907498945,0.7836023010085013
25593,LOF,0.021964449164816564,0.28186379359285885,0.6961717572423246
25594,LOF,0.03657219179501615,0.11130848686186746,0.8521193213431164
25595,LOF,0.03996030236231807,0.07685364795383053,0.8831860496838514
25596,LOF,0.057464118027867064,0.07322795445414675,0.8693079275179861
25597,LOF,0.0401600038103041,0.08472608368401767,0.8751139125056783
25598,LOF,0.034611698186389636,0.10199351995077913,0.8633947818628313
25599,GOF,0.0076474593740405205,0.5470688959966659,0.4452836446292937
25600,GOF,0.0263937391691985,0.6076059026289193,0.3660003582018822
25601,LOF,0.015112678427035042,0.42769608871867204,0.557191232854293
25602,LOF,0.012610357134865992,0.053400511542310326,0.9339891313228236
25603,LOF,0.05679612446391433,0.021261059422278517,0.9219428161138071
25604,LOF,0.015444842055601229,0.08021199042589258,0.9043431675185061
25605,LOF,0.008408601430200698,0.21695406562131092,0.7746373329484885
25606,LOF,0.11686047869917468,0.35288699396926904,0.5302525273315563
25607,LOF,0.0055039986917234185,0.22582373748266665,0.7686722638256099
25608,LOF,0.011327074303163338,0.09778483269851734,0.8908880929983193
25609,LOF,0.07286566443474879,0.38427508197366833,0.5428592535915829
25610,LOF,0.019594026375595566,0.026952858288622216,0.9534531153357821
25611,LOF,0.020160977184890756,0.027372571871184442,0.9524664509439248
25612,LOF,0.06635060770076591,0.03896242596106524,0.8946869663381688
25613,LOF,0.055608577452292154,0.04194344330764224,0.9024479792400656
25614,LOF,0.02554884724482959,0.03098450930351937,0.943466643451651
25615,LOF,0.01868048690344337,0.039940098091475924,0.9413794150050806
25616,LOF,0.056776511444092466,0.029106306578073046,0.9141171819778345
25617,LOF,0.05808019746948721,0.032140167290211144,0.9097796352403016
25618,LOF,0.07414097050983168,0.03488751633641565,0.8909715131537527
25619,LOF,0.017931446131651936,0.03431984469419363,0.9477487091741544
25620,LOF,0.0720638700405521,0.04075358106761803,0.8871825488918299
25621,LOF,0.017889338638801558,0.03798494720583747,0.944125714155361
25622,LOF,0.022792526551381434,0.04123787654470973,0.9359695969039088
25623,LOF,0.041309908722180363,0.03251077962726097,0.9261793116505587
25624,LOF,0.021500624364322582,0.04011674160931269,0.9383826340263648
25625,LOF,0.02636218300697421,0.05115772103353636,0.9224800959594893
25626,LOF,0.05650355341678832,0.03552314356624577,0.9079733030169659
25627,Neutral,0.5696858997711529,0.13845699590321991,0.2918571043256271
25628,LOF,0.18968754370046137,0.06311160018819449,0.7472008561113441
25629,LOF,0.04438559277881841,0.06307850406641936,0.8925359031547623
25630,LOF,0.14065975850102094,0.10249319797545313,0.756847043523526
25631,Neutral,0.6086816057296881,0.0683754201730469,0.3229429740972651
25632,LOF,0.007399562231720835,0.09390064489387498,0.8986997928744043
25633,LOF,0.26795682956334754,0.06916493513281335,0.6628782353038389
25634,LOF,0.028533111587167426,0.12729900718724305,0.8441678812255896
25635,LOF,0.03162630268894815,0.07315622668817141,0.8952174706228804
25636,GOF,0.005568096150709772,0.6068579783363814,0.3875739255129088
25637,GOF,0.00696821596444375,0.6229740491334141,0.37005773490214205
25638,LOF,0.010699791091090781,0.308174835863706,0.6811253730452033
25639,LOF,0.005531951177853342,0.4758019424283074,0.5186661063938391
25640,Neutral,0.5017383492367674,0.4047329223880251,0.0935287283752075
25641,LOF,0.013405231193911873,0.3251535091592561,0.6614412596468321
25642,LOF,0.25469192063253715,0.0767741749008118,0.6685339044666511
25643,LOF,0.1346967866477799,0.18274488336709252,0.6825583299851277
25644,GOF,0.010741373289690633,0.5348962501141018,0.45436237659620754
25645,LOF,0.007845062240983464,0.484567687644788,0.5075872501142284
25646,LOF,0.011753553254519402,0.3604999247533994,0.6277465219920811
25647,LOF,0.010504253267948292,0.301307152066931,0.6881885946651206
25648,LOF,0.009384132827818522,0.2855204823552727,0.7050953848169087
25649,LOF,0.008314908053615587,0.2131880838960054,0.778497008050379
25650,LOF,0.013254297438841758,0.4583901013418889,0.5283556012192694
25651,LOF,0.005854032630384084,0.321514900211946,0.67263106715767
25652,LOF,0.010213914162582993,0.26540416797481287,0.7243819178626042
25653,LOF,0.031284491815303975,0.4152848539466575,0.5534306542380386
25654,LOF,0.011964607332274882,0.16250192178495307,0.8255334708827721
25655,LOF,0.05062622437467235,0.4295276883309279,0.5198460872943997
25656,LOF,0.18060288258705004,0.04596354894283964,0.7734335684701102
25657,LOF,0.2696167060517193,0.029261516862925857,0.7011217770853548
25658,LOF,0.07080070704098092,0.07379153304306134,0.8554077599159576
25659,LOF,0.3782737790566267,0.06908216849609315,0.5526440524472801
25660,LOF,0.033003367648309544,0.09724115207103637,0.869755480280654
25661,LOF,0.10184698568029997,0.06261150347999579,0.8355415108397043
25662,LOF,0.026099669482314687,0.043431424077477195,0.9304689064402081
25663,LOF,0.034377559851395824,0.05985131320317895,0.9057711269454252
25664,LOF,0.0368452332099492,0.07620945985757789,0.8869453069324729
25665,LOF,0.04873781611724492,0.03726599955603909,0.913996184326716
25666,LOF,0.03724121787566598,0.09732671210030946,0.8654320700240247
25667,LOF,0.07383199030730278,0.04935153246754484,0.8768164772251523
25668,LOF,0.0277751672486835,0.05213237535209941,0.9200924573992172
25669,LOF,0.0300693064295007,0.07662638577165573,0.8933043077988436
25670,LOF,0.05888723228105977,0.06271855900170825,0.8783942087172318
25671,LOF,0.08970279828100002,0.041600541699652514,0.8686966600193474
25672,LOF,0.04973163473208952,0.049287376905988146,0.9009809883619223
25673,LOF,0.025144730039114962,0.060447861179661326,0.9144074087812238
25674,LOF,0.02015234666658854,0.07142347783430644,0.9084241754991051
25675,LOF,0.03298775876423519,0.0704687309927188,0.8965435102430459
25676,LOF,0.020394392055559995,0.06315301377557485,0.9164525941688653
25677,LOF,0.029870848321315407,0.07278106487344341,0.8973480868052413
25678,LOF,0.18351865894367675,0.05435984312880061,0.7621214979275226
25679,LOF,0.16402459090437885,0.07401485270649892,0.7619605563891222
25680,LOF,0.040208978202708724,0.10971833337300331,0.8500726884242878
25681,LOF,0.06687596909579904,0.10087465155606123,0.8322493793481397
25682,LOF,0.12187373988658602,0.07160845391819246,0.8065178061952216
25683,LOF,0.09145463087577724,0.10652365949821917,0.8020217096260035
25684,LOF,0.046890016247558224,0.07489574477534806,0.8782142389770937
25685,LOF,0.07947447311012915,0.06630599055587363,0.8542195363339972
25686,LOF,0.02962587572985257,0.08615931300994474,0.8842148112602026
25687,LOF,0.04393286607546429,0.07094389623827871,0.8851232376862571
25688,LOF,0.046893540962675076,0.045062184069165144,0.9080442749681598
25689,LOF,0.030731146159724287,0.05454038958039818,0.9147284642598775
25690,LOF,0.03509325729575443,0.043048631533818306,0.9218581111704273
25691,LOF,0.2823241154718275,0.047267789932965806,0.6704080945952067
25692,LOF,0.24840173531947335,0.005843644368444786,0.7457546203120818
25693,LOF,0.0902491304675248,0.23805152886584546,0.6716993406666297
25694,LOF,0.24617881972324052,0.014479020856751554,0.739342159420008
25695,LOF,0.16244217310118197,0.023940921826535594,0.8136169050722826
25696,LOF,0.11406384838834877,0.013594573918038536,0.8723415776936126
25697,LOF,0.09584912223816557,0.031110606682548194,0.8730402710792863
25698,LOF,0.0443533821027572,0.4624735745530507,0.49317304334419204
25699,LOF,0.07015346175405865,0.09512073719107608,0.8347258010548653
25700,LOF,0.06393850942394648,0.008921749113357334,0.9271397414626963
25701,LOF,0.018567678287884637,0.07949504559490717,0.9019372761172082
25702,GOF,0.027776721692955652,0.6907124588445863,0.28151081946245804
25703,LOF,0.00849618020961316,0.17665602749727247,0.8148477922931144
25704,LOF,0.04808341929993271,0.1633884807490572,0.78852809995101
25705,LOF,0.06397758184572129,0.2237369044017912,0.7122855137524874
25706,GOF,0.03810906726333527,0.5200090689304505,0.4418818638062142
25707,LOF,0.024891552603266073,0.46792384808618676,0.5071845993105472
25708,LOF,0.00869064682446331,0.39264797564168,0.5986613775338566
25709,LOF,0.061247157411301746,0.05359329110097864,0.8851595514877195
25710,LOF,0.005637829203191168,0.15856043445850032,0.8358017363383086
25711,LOF,0.02129111104817967,0.11107860219116981,0.8676302867606505
25712,LOF,0.007335148828197247,0.1818818645817375,0.8107829865900652
25713,LOF,0.019010843791846473,0.09824228030875065,0.8827468758994029
25714,LOF,0.0733709291230577,0.12383615746692259,0.8027929134100198
25715,LOF,0.013218769071105878,0.13012632955403444,0.8566549013748597
25716,LOF,0.006412736627689055,0.10214326110123853,0.8914440022710723
25717,LOF,0.005833676576875805,0.08625184262720975,0.9079144807959144
25718,LOF,0.013815003396868588,0.07732078059559942,0.908864216007532
25719,LOF,0.02377599963500233,0.08687859716894744,0.8893454031960503
25720,LOF,0.02470316618275948,0.0749805648307261,0.9003162689865144
25721,LOF,0.016567707294660287,0.10285404801213027,0.8805782446932096
25722,LOF,0.01382532290166731,0.12602126673711578,0.8601534103612171
25723,LOF,0.020874051546512236,0.06648555683024003,0.9126403916232476
25724,LOF,0.02094078957819001,0.10592058441067834,0.8731386260111316
25725,LOF,0.013744405957507142,0.07661083083263878,0.9096447632098541
25726,LOF,0.01221417113092669,0.09920734573782956,0.8885784831312437
25727,LOF,0.015338971590348511,0.08382104380690152,0.90083998460275
25728,LOF,0.012841495504944895,0.10664734334034491,0.8805111611547102
25729,LOF,0.013363768147019084,0.10950707020419255,0.8771291616487884
25730,LOF,0.014107098389212902,0.09641092269237596,0.8894819789184112
25731,LOF,0.007667263713215508,0.13256166253713775,0.8597710737496468
25732,LOF,0.014014921290240798,0.08700232631799493,0.8989827523917644
25733,LOF,0.01901089567637156,0.07571948534062796,0.9052696189830004
25734,LOF,0.00519927680816701,0.14339419423880853,0.8514065289530245
25735,LOF,0.016001431516871147,0.07593885309618255,0.9080597153869463
25736,LOF,0.015065182451240234,0.11509285508508234,0.8698419624636774
25737,LOF,0.02357290002887333,0.09104341393556196,0.8853836860355647
25738,LOF,0.01525597451356487,0.13714095326087752,0.8476030722255576
25739,LOF,0.022945595801951445,0.10808836619792829,0.8689660380001202
25740,LOF,0.034026164497144906,0.1289215178897859,0.8370523176130691
25741,LOF,0.018107784200746293,0.1113094349246075,0.8705827808746462
25742,LOF,0.12319384385395718,0.09882997882230424,0.7779761773237386
25743,LOF,0.01592484504566337,0.03493312137230086,0.9491420335820359
25744,LOF,0.22827501038263823,0.36393086275197983,0.407794126865382
25745,LOF,0.027967597451905003,0.05681818817896024,0.9152142143691346
25746,LOF,0.017255835418335325,0.06971601508767826,0.9130281494939864
25747,LOF,0.02731420980150579,0.03335691805646695,0.9393288721420272
25748,LOF,0.14329745409194158,0.059331251425096244,0.7973712944829622
25749,LOF,0.016120426033413116,0.04643660918621461,0.9374429647803721
25750,LOF,0.03170916232267472,0.0705414449845019,0.8977493926928234
25751,LOF,0.1165550633082713,0.05473952070951677,0.8287054159822118
25752,GOF,0.11426557473493212,0.6277934073520144,0.25794101791305346
25753,LOF,0.007347409940016588,0.351649255745864,0.6410033343141195
25754,GOF,0.0049678744480954745,0.8481949636809416,0.14683716187096293
25755,LOF,0.009048836791040675,0.4157940072045608,0.5751571560043985
25756,LOF,0.04184871595015338,0.42540303907945964,0.532748244970387
25757,GOF,0.006120639883977132,0.8747310238713641,0.11914833624465873
25758,GOF,0.006251903443899391,0.8703859644541027,0.1233621321019979
25759,GOF,0.004290113088688686,0.5590985632585931,0.4366113236527182
25760,LOF,0.0043142308744408345,0.3191725167833579,0.6765132523422014
25761,GOF,0.03706048626662521,0.848436233374197,0.11450328035917764
25762,LOF,0.029645856085966923,0.3407688330051853,0.6295853109088478
25763,LOF,0.0055245442588166575,0.2592786126667255,0.7351968430744578
25764,GOF,0.13299621344799717,0.554228048893285,0.31277573765871786
25765,GOF,0.010853963871093145,0.800816480242727,0.18832955588617967
25766,GOF,0.018196861536417013,0.8094974966379576,0.17230564182562527
25767,GOF,0.020215873981661664,0.49319565374441926,0.48658847227391916
25768,LOF,0.07847434643657082,0.06939604111813552,0.8521296124452937
25769,LOF,0.07990235492414688,0.04831539745279546,0.8717822476230577
25770,LOF,0.23033049324337412,0.05775137417498441,0.7119181325816414
25771,LOF,0.010920979204595137,0.05904716471268462,0.9300318560827203
25772,LOF,0.016345446464155183,0.02438339923197042,0.9592711543038744
25773,LOF,0.008899486929357539,0.10589968325497734,0.8852008298156652
25774,LOF,0.02316173847044099,0.0663005774075356,0.9105376841220234
25775,LOF,0.012925436728387333,0.04434169927488528,0.9427328639967274
25776,LOF,0.08577350449650083,0.01832200521072183,0.8959044902927774
25777,LOF,0.27508494591146165,0.03953595589582832,0.6853790981927099
25778,LOF,0.06774208404490625,0.03311142875136897,0.8991464872037248
25779,GOF,0.05342139101605237,0.8853806349417639,0.06119797404218378
25780,GOF,0.05017425197237306,0.8578297377262303,0.09199601030139656
25781,GOF,0.022908772237467106,0.8455562513938604,0.13153497636867256
25782,GOF,0.025919910082805066,0.883756737919798,0.09032335199739693
25783,GOF,0.013096943816450738,0.6759335492875023,0.31096950689604697
25784,GOF,0.1041407954481408,0.8404100730620416,0.055449131489817574
25785,GOF,0.06699553900742465,0.8828559126372892,0.05014854835528605
25786,GOF,0.004519380712415905,0.8254524219491374,0.17002819733844662
25787,GOF,0.1728696104480379,0.7890044948057965,0.03812589474616563
25788,LOF,0.04442715049937911,0.12647963085343117,0.8290932186471898
25789,GOF,0.031714227270396314,0.8350546346971893,0.13323113803241443
25790,GOF,0.03816771166224186,0.8661470038369423,0.09568528450081573
25791,GOF,0.026969955330163976,0.8103601422634965,0.16266990240633933
25792,GOF,0.046312464173496916,0.8183828562918265,0.13530467953467656
25793,GOF,0.08644597810053922,0.8017735382155854,0.1117804836838754
25794,GOF,0.1085579252172518,0.6972279879564016,0.19421408682634655
25795,GOF,0.024422038628723126,0.756950508661347,0.21862745270992978
25796,GOF,0.12250168395184224,0.7716397663168671,0.10585854973129057
25797,GOF,0.02712589752835579,0.6163957003259288,0.3564784021457154
25798,GOF,0.002946567795652114,0.5634260159668087,0.4336274162375391
25799,LOF,0.002676997320803373,0.47031776974339934,0.5270052329357973
25800,GOF,0.008839290407701416,0.6476660065256097,0.34349470306668883
25801,GOF,0.026082756760023598,0.8243933741820585,0.14952386905791806
25802,GOF,0.015583460679310764,0.7366997021730379,0.24771683714765133
25803,GOF,0.009168177741387784,0.6406467949268154,0.35018502733179685
25804,GOF,0.010294850012508357,0.5347365552054699,0.45496859478202173
25805,GOF,0.018039004066131133,0.6264458145492275,0.35551518138464133
25806,GOF,0.015542096272547804,0.6730589283905243,0.3113989753369279
25807,GOF,0.004488138085701029,0.6677151138865675,0.32779674802773145
25808,GOF,0.012461484882449565,0.6638880405322285,0.323650474585322
25809,GOF,0.0051630126786101835,0.6435375864725693,0.35129940084882044
25810,GOF,0.00435589082412693,0.6529986496273797,0.34264545954849346
25811,GOF,0.08322208438005581,0.8322520442578045,0.08452587136213947
25812,GOF,0.012207048318217293,0.6644893602207999,0.3233035914609829
25813,GOF,0.09560545915417568,0.777605496014575,0.12678904483124923
25814,GOF,0.023640449434353956,0.7394381995656631,0.23692135099998285
25815,GOF,0.03509719196788917,0.7693181662152957,0.19558464181681515
25816,GOF,0.007365955860001611,0.827844733622922,0.16478931051707643
25817,GOF,0.06103619343693361,0.7868236178481673,0.1521401887148991
25818,GOF,0.021521247649262176,0.7659842077988309,0.21249454455190672
25819,GOF,0.06279137172039628,0.7566529514429301,0.1805556768366736
25820,GOF,0.027691110952182855,0.747463698970318,0.22484519007749917
25821,GOF,0.016993845730375323,0.7313131554919815,0.2516929987776432
25822,GOF,0.03317576331106722,0.7593764656192109,0.20744777106972176
25823,GOF,0.011521650119401471,0.5898341179941969,0.39864423188640163
25824,GOF,0.020052752454461465,0.7214913872348764,0.2584558603106621
25825,GOF,0.011700536527614044,0.6936577385127026,0.2946417249596833
25826,GOF,0.004713216835536208,0.6502852545501523,0.3450015286143114
25827,GOF,0.00732039206541174,0.6465487264922778,0.34613088144231047
25828,GOF,0.004687276379747864,0.5929129091088688,0.40239981451138324
25829,GOF,0.002768168586231799,0.6520690730428303,0.34516275837093785
25830,LOF,0.028911839794388515,0.38254255865873016,0.5885456015468813
25831,GOF,0.030918786256144894,0.8468168653622717,0.12226434838158348
25832,GOF,0.007167141789556369,0.7619073983899646,0.23092545982047902
25833,GOF,0.024491966775533315,0.8068078996898215,0.16870013353464522
25834,GOF,0.006947792484869686,0.7650407618808777,0.2280114456342526
25835,GOF,0.016625193903134515,0.8241005811002206,0.15927422499664495
25836,GOF,0.005632487256694714,0.7725657836442519,0.22180172909905338
25837,GOF,0.005989711904690692,0.6764492854327098,0.3175610026625995
25838,GOF,0.016549864606288683,0.8358705985976699,0.14757953679604138
25839,GOF,0.03310053451670833,0.8216306732290756,0.145268792254216
25840,GOF,0.03175488984753888,0.827769959119712,0.14047515103274907
25841,GOF,0.02839586980048463,0.8494818634520321,0.12212226674748343
25842,GOF,0.02350641805493797,0.8747494893601215,0.10174409258494041
25843,GOF,0.02433774429849236,0.8862683936773132,0.08939386202419425
25844,GOF,0.014997514147372618,0.8077556204293275,0.17724686542329995
25845,GOF,0.005326306848723617,0.5919320416197849,0.40274165153149155
25846,GOF,0.02394359243472696,0.8510889064534617,0.12496750111181135
25847,GOF,0.016488890949118658,0.8945003714517934,0.08901073759908801
25848,GOF,0.014229895972328967,0.8458256799792411,0.13994442404842997
25849,GOF,0.00464072247029049,0.7140398456952074,0.28131943183450214
25850,GOF,0.006281560997651176,0.7088860118217667,0.28483242718058205
25851,GOF,0.005553969609487342,0.5840213759071243,0.4104246544833884
25852,GOF,0.15084780742718096,0.5740069954991709,0.27514519707364815
25853,GOF,0.06514826273051108,0.8498860971886921,0.08496564008079675
25854,GOF,0.009699522078177593,0.682293355537311,0.30800712238451144
25855,GOF,0.012369876944154815,0.5996704128598572,0.38795971019598785
25856,GOF,0.03284718459766825,0.7427069093924688,0.22444590600986297
25857,GOF,0.015257671537500241,0.5726002768132263,0.4121420516492735
25858,GOF,0.007902165507295023,0.5830033433803795,0.4090944911123255
25859,GOF,0.005239922286782076,0.555520306977998,0.4392397707352198
25860,GOF,0.06168869264931019,0.8132311993022578,0.12508010804843195
25861,GOF,0.10168120750042062,0.814338962635908,0.08397982986367136
25862,GOF,0.020799491123049334,0.8565330327016153,0.12266747617533533
25863,GOF,0.017896387676443682,0.8649631309047363,0.11714048141881998
25864,GOF,0.03913533193409147,0.8762929146531644,0.0845717534127441
25865,GOF,0.025986127802594818,0.8456473362770047,0.1283665359204005
25866,GOF,0.02229512316314146,0.8498690630030444,0.1278358138338142
25867,GOF,0.023406833272905443,0.8688155285207307,0.10777763820636373
25868,GOF,0.04582863394326339,0.8269207511636271,0.1272506148931094
25869,GOF,0.2944217250570185,0.6218126347154299,0.0837656402275516
25870,GOF,0.18212301696449867,0.552431437608384,0.2654455454271173
25871,GOF,0.020600822235224324,0.8759817665574556,0.10341741120732015
25872,GOF,0.017381166268696114,0.843364353171615,0.13925448055968878
25873,GOF,0.017585202211542555,0.8681854269653517,0.11422937082310577
25874,LOF,0.015616261363320831,0.14177426103838592,0.8426094775982933
25875,LOF,0.03153435623534199,0.040244281494427624,0.9282213622702303
25876,LOF,0.014578703185327321,0.030784821179788455,0.9546364756348843
25877,LOF,0.1266472984656356,0.0666689854815719,0.8066837160527925
25878,LOF,0.052630957286958345,0.09421964371957302,0.8531493989934686
25879,LOF,0.02250949465173575,0.07381044002827629,0.903680065319988
25880,LOF,0.04435275225869136,0.009123160809211427,0.9465240869320971
25881,Neutral,0.5923364863682188,0.06298290862841241,0.34468060500336883
25882,LOF,0.022391245213877784,0.04696093089593019,0.9306478238901921
25883,LOF,0.0553538087820649,0.02814466786304522,0.9165015233548899
25884,LOF,0.011160324578336565,0.061914070476911456,0.926925604944752
25885,LOF,0.20497025665970933,0.009320153411382507,0.7857095899289082
25886,LOF,0.21292733582202827,0.05589417529544722,0.7311784888825245
25887,LOF,0.15936307047839945,0.07124056024183127,0.7693963692797692
25888,LOF,0.013918913362578387,0.14556645619745706,0.8405146304399645
25889,LOF,0.01529950918380263,0.04252305728074712,0.9421774335354502
25890,LOF,0.118369444762196,0.09157669032654553,0.7900538649112585
25891,LOF,0.05168330541867525,0.04102545120198887,0.9072912433793359
25892,LOF,0.010015627741687943,0.055974303202974016,0.934010069055338
25893,LOF,0.3728654022008513,0.017370057283371133,0.6097645405157776
25894,LOF,0.42626564315059556,0.008919189430547838,0.5648151674188565
25895,LOF,0.34091497474516846,0.016519763564067463,0.6425652616907641
25896,LOF,0.04218792229167312,0.034895150408921466,0.9229169272994054
25897,LOF,0.17661801228842694,0.01785531441660343,0.8055266732949696
25898,LOF,0.22314829606026557,0.047577514162347914,0.7292741897773865
25899,LOF,0.22943340155331726,0.03455385236271803,0.7360127460839647
25900,LOF,0.4597149285301639,0.015070408078966462,0.5252146633908696
25901,LOF,0.04756463198309393,0.012261211914873036,0.9401741561020331
25902,LOF,0.0982571210196102,0.022509537339344306,0.8792333416410455
25903,LOF,0.3358858567067901,0.04424213930801447,0.6198720039851955
25904,Neutral,0.49849955044917643,0.047035485922900785,0.4544649636279229
25905,LOF,0.0071455944354002566,0.40561010584490137,0.5872442997196984
25906,LOF,0.0077986121846002135,0.12112680761678557,0.8710745801986142
25907,LOF,0.004051311871518672,0.3779782824555674,0.6179704056729138
25908,LOF,0.004217125058349942,0.2590038932913524,0.7367789816502976
25909,LOF,0.015937827100476927,0.1455002607619137,0.8385619121376093
25910,LOF,0.017979025620813924,0.13906521193700752,0.8429557624421785
25911,LOF,0.1778743299242869,0.028846527498264076,0.793279142577449
25912,LOF,0.06717532644054543,0.047155389743423884,0.8856692838160306
25913,LOF,0.06227171868868566,0.051612769332898246,0.8861155119784161
25914,LOF,0.02222046142092234,0.07570449353787358,0.9020750450412041
25915,LOF,0.11615703796594476,0.26071592991820025,0.6231270321158551
25916,LOF,0.019549736018818657,0.1950980045784938,0.7853522594026875
25917,LOF,0.06100343292389822,0.05362479494405085,0.885371772132051
25918,LOF,0.026892543496182565,0.04467602403815141,0.9284314324656661
25919,LOF,0.022611125224391744,0.04416089211499351,0.9332279826606148
25920,LOF,0.11139615953527789,0.23780436072014693,0.6507994797445752
25921,LOF,0.009430685260103712,0.031961317423314206,0.9586079973165821
25922,LOF,0.012211255991771442,0.02533861659979769,0.9624501274084308
25923,LOF,0.42058178390139117,0.032212427425843966,0.5472057886727649
25924,LOF,0.016400987274838432,0.03903914471567157,0.9445598680094901
25925,LOF,0.07635675847272057,0.0374317437747817,0.8862114977524976
25926,LOF,0.053800145516434944,0.03589653551711948,0.9103033189664456
25927,LOF,0.0220582567565616,0.05531263205067278,0.9226291111927657
25928,LOF,0.007601711869952572,0.047255221201332,0.9451430669287154
25929,Neutral,0.4998912791021989,0.03006517523943912,0.47004354565836215
25930,LOF,0.08395858106794803,0.02703927939883483,0.8890021395332172
25931,LOF,0.009396645120468833,0.032500712198726536,0.9581026426808047
25932,LOF,0.03443656487983985,0.024959468013220618,0.9406039671069395
25933,LOF,0.04271119302892187,0.01599370835490685,0.9412950986161713
25934,LOF,0.02765788242545621,0.016834736751726517,0.9555073808228173
25935,LOF,0.07144101152951998,0.04558771495639571,0.8829712735140842
25936,LOF,0.04175301894712828,0.018390745276021133,0.9398562357768506
25937,LOF,0.009287326220900624,0.03684670805331685,0.9538659657257825
25938,LOF,0.06866670723748584,0.05217810573760608,0.8791551870249081
25939,LOF,0.033979828720634604,0.02020302139937066,0.9458171498799948
25940,LOF,0.008360335040012372,0.365430112221882,0.6262095527381055
25941,Neutral,0.5284016932818446,0.025110237040369063,0.4464880696777863
25942,LOF,0.00496649920112448,0.044326867734958995,0.9507066330639165
25943,LOF,0.03291784211597835,0.13399030962329794,0.8330918482607236
25944,LOF,0.12223044468787017,0.06220209880597713,0.8155674565061527
25945,LOF,0.057558526930040564,0.019613484990640567,0.922827988079319
25946,LOF,0.0761178679696693,0.06199729338884299,0.8618848386414877
25947,Neutral,0.49148581538046937,0.08300002642933445,0.425514158190196
25948,LOF,0.3391704255493849,0.009278796551310326,0.6515507778993047
25949,LOF,0.08580611461033427,0.05278606271537707,0.8614078226742887
25950,GOF,0.05214683875064927,0.6095276406829782,0.3383255205663726
25951,LOF,0.013705330295180335,0.4137202459104203,0.5725744237943993
25952,LOF,0.24310459648646152,0.2878132378962231,0.46908216561731536
25953,LOF,0.011713478390019615,0.17951891580519683,0.8087676058047835
25954,LOF,0.04561961113984878,0.44046440308120943,0.5139159857789417
25955,LOF,0.009698100073094202,0.14592742407762338,0.8443744758492823
25956,LOF,0.025329325089084715,0.2956931996882488,0.6789774752226665
25957,LOF,0.21039473383735838,0.033708681102044655,0.7558965850605969
25958,LOF,0.05208641362822866,0.02999946994950331,0.9179141164222681
25959,GOF,0.013885683961654845,0.49783327278127903,0.48828104325706617
25960,LOF,0.0051307070572844,0.05475711196902437,0.9401121809736913
25961,LOF,0.05104389997998882,0.028360637780017947,0.9205954622399932
25962,LOF,0.036069110993224365,0.08204026137090527,0.8818906276358703
25963,LOF,0.005408430309720139,0.25268821499134525,0.7419033546989345
25964,LOF,0.030368898900756957,0.09510705840922104,0.874524042690022
25965,LOF,0.28903042952979163,0.13831610522435872,0.5726534652458496
25966,LOF,0.4188401815907519,0.13477846994913859,0.4463813484601094
25967,LOF,0.005738933133941691,0.06596033554296217,0.9283007313230962
25968,LOF,0.046525771130099335,0.25186224919765027,0.7016119796722504
25969,LOF,0.11913112962652231,0.07606320710555958,0.8048056632679181
25970,LOF,0.017437232393180426,0.08828286802938365,0.8942798995774359
25971,LOF,0.07369480776870121,0.027849579727156574,0.8984556125041423
25972,LOF,0.059140418158874365,0.03801195032025505,0.9028476315208707
25973,LOF,0.05846892497288789,0.012038368890213605,0.9294927061368984
25974,LOF,0.04109345144248453,0.03854491131583721,0.9203616372416782
25975,LOF,0.04373275985986304,0.024220870318337775,0.9320463698217991
25976,LOF,0.11463909729690132,0.013108182419743751,0.8722527202833549
25977,LOF,0.20440470679717196,0.06376067915430957,0.7318346140485184
25978,LOF,0.13462731723320837,0.15549023253355043,0.7098824502332413
25979,LOF,0.11581401575695129,0.16734842871936043,0.7168375555236883
25980,LOF,0.23107018911738375,0.17602024562794422,0.5929095652546721
25981,LOF,0.23135265513427164,0.17674124798105384,0.5919060968846745
25982,LOF,0.370354846214435,0.1117633930049651,0.5178817607805999
25983,LOF,0.3650367767445832,0.13521491184101128,0.49974831141440557
25984,LOF,0.034505139139584196,0.07052420521432655,0.8949706556460892
25985,LOF,0.415994360721932,0.12883276239256675,0.45517287688550123
25986,LOF,0.011209075986218182,0.4519906836121539,0.536800240401628
25987,LOF,0.041641088023800905,0.11956761415946722,0.8387912978167319
25988,LOF,0.12571115474801994,0.12207913707967351,0.7522097081723066
25989,LOF,0.04016518576686129,0.16324991258666313,0.7965849016464757
25990,LOF,0.03908678280073242,0.2515176385541813,0.7093955786450862
25991,LOF,0.02329428436643965,0.37864380879552173,0.5980619068380387
25992,LOF,0.025150538027505734,0.37055441548568097,0.6042950464868133
25993,LOF,0.02279920998549397,0.08634792108032598,0.89085286893418
25994,LOF,0.016873208008327097,0.07922819551743379,0.9038985964742392
25995,LOF,0.017724850618919572,0.17033658352773023,0.8119385658533502
25996,LOF,0.3171051190386531,0.2811779675802552,0.40171691338109156
25997,LOF,0.08477757853226961,0.3344115757313046,0.5808108457364257
25998,LOF,0.328555196666057,0.0507949292676612,0.6206498740662818
25999,LOF,0.020191583639497628,0.2412046806339715,0.7386037357265308
26000,LOF,0.133933335398921,0.03971540178812336,0.8263512628129556
26001,LOF,0.2919734156313664,0.03125911073806242,0.6767674736305712
26002,LOF,0.062086402826782655,0.061842434002448106,0.8760711631707693
26003,GOF,0.003624501695529565,0.6236708477156311,0.37270465058883934
26004,GOF,0.0058121147164287516,0.7205005306368654,0.2736873546467059
26005,GOF,0.002991204674545878,0.5147894889907533,0.48221930633470084
26006,GOF,0.08014513772823176,0.6071776088033864,0.3126772534683819
26007,GOF,0.005787691283061022,0.5801401528120421,0.41407215590489693
26008,GOF,0.004904338002454657,0.6559401458755426,0.3391555161220028
26009,GOF,0.005441690411537789,0.6608583177256409,0.3336999918628214
26010,GOF,0.005983522653968391,0.6824007436606908,0.3116157336853407
26011,LOF,0.0026168114205987318,0.4919490472124644,0.505434141366937
26012,GOF,0.0036088565081625105,0.5525111116794839,0.44388003181235364
26013,GOF,0.004376834388055756,0.6106701654856086,0.38495300012633565
26014,LOF,0.038842995209592716,0.1052861767031023,0.855870828087305
26015,LOF,0.13242755021611488,0.0219258693716249,0.8456465804122603
26016,LOF,0.26711718762591674,0.03668079064958654,0.6962020217244966
26017,LOF,0.023034140772112098,0.19121404664275893,0.785751812585129
26018,LOF,0.05388957848076398,0.04063676880314617,0.9054736527160898
26019,LOF,0.05352808709385841,0.03412283181889273,0.9123490810872488
26020,LOF,0.008947259337322136,0.19906074564910736,0.7919919950135704
26021,LOF,0.06668008540141965,0.07295271396499585,0.8603672006335844
26022,LOF,0.027491238086607712,0.030200890092914056,0.9423078718204783
26023,LOF,0.04426295857235631,0.024902496698461004,0.9308345447291827
26024,LOF,0.0417860118933164,0.06527059186385786,0.8929433962428257
26025,LOF,0.04830956741703942,0.07843838348816354,0.8732520490947971
26026,LOF,0.08084712855460077,0.05849165722582527,0.860661214219574
26027,LOF,0.04593863634845298,0.02039931026446657,0.9336620533870804
26028,LOF,0.08765805316024129,0.13603779819399298,0.7763041486457657
26029,LOF,0.021881847191960725,0.22533110149179614,0.7527870513162431
26030,LOF,0.15582535570271921,0.03465667890421074,0.8095179653930701
26031,LOF,0.013291927683112431,0.17194482974843353,0.814763242568454
26032,LOF,0.06498950090053067,0.07116396631093624,0.8638465327885332
26033,LOF,0.08997812827546771,0.06496865678759127,0.845053214936941
26034,LOF,0.01521144344525578,0.1834784285768439,0.8013101279779004
26035,LOF,0.01405625475912019,0.13355433153119523,0.8523894137096846
26036,LOF,0.014742183978185022,0.16549836938133217,0.8197594466404827
26037,LOF,0.012496326702213628,0.12164746514824601,0.8658562081495402
26038,LOF,0.055552037368566454,0.06436276420743765,0.880085198423996
26039,LOF,0.026214148607167677,0.1673745355631855,0.8064113158296468
26040,LOF,0.11975635620371809,0.14211956841479823,0.7381240753814836
26041,LOF,0.014885735383793747,0.10293995774102692,0.8821743068751793
26042,LOF,0.013649546637500886,0.10860513196222488,0.8777453214002742
26043,LOF,0.05510835238207609,0.08386856416377582,0.861023083454148
26044,LOF,0.010994427107953189,0.06832886457243016,0.9206767083196167
26045,LOF,0.049428236346573784,0.12644845298275964,0.8241233106706665
26046,LOF,0.049151775729439844,0.0638887989037914,0.8869594253667689
26047,LOF,0.08356514673684313,0.061463933815538406,0.8549709194476185
26048,LOF,0.04378672557225373,0.0414020177033822,0.914811256724364
26049,Neutral,0.9638090569119084,0.006911415168460786,0.02927952791963068
26050,Neutral,0.9505986596934942,0.007350937777565222,0.04205040252894061
26051,LOF,0.013801886549943791,0.13881026746097372,0.8473878459890825
26052,LOF,0.020166547585763993,0.17393868695687126,0.8058947654573648
26053,LOF,0.02043057244770725,0.14212699446213492,0.8374424330901579
26054,LOF,0.04315146826666417,0.021019756975739184,0.9358287747575967
26055,LOF,0.05760950570728659,0.01816453997969496,0.9242259543130185
26056,LOF,0.04881659458611098,0.0226177620726887,0.9285656433412003
26057,LOF,0.032274323516230344,0.014199093702434735,0.953526582781335
26058,LOF,0.03310472486407839,0.012499492585434846,0.9543957825504868
26059,LOF,0.32186941217941895,0.02113930024956535,0.6569912875710157
26060,LOF,0.010201887216226807,0.18457396713796814,0.8052241456458051
26061,LOF,0.004849248621942142,0.015554470553307722,0.9795962808247503
26062,LOF,0.003694534673047156,0.02206210114615274,0.9742433641808
26063,LOF,0.021856878004711828,0.012296069473632525,0.9658470525216557
26064,LOF,0.005518347474069135,0.02860101004560507,0.9658806424803258
26065,LOF,0.024809755237498995,0.012112773247598442,0.9630774715149025
26066,LOF,0.023530792614681804,0.011796385137662398,0.9646728222476557
26067,LOF,0.028162682147352777,0.010059223798459324,0.9617780940541878
26068,LOF,0.04203846792811363,0.03906156405838606,0.9188999680135004
26069,LOF,0.27600726266482645,0.02214255409379067,0.7018501832413828
26070,LOF,0.43672844628866553,0.017984392034234575,0.5452871616770998
26071,LOF,0.023864115173934893,0.012310910413622237,0.9638249744124427
26072,LOF,0.004947142613058445,0.028423551000985727,0.9666293063859559
26073,LOF,0.021607821570531226,0.016465269673616226,0.9619269087558525
26074,Neutral,0.9211500410384758,0.007284640975477733,0.0715653179860464
26075,LOF,0.03728486424667189,0.020132832203160728,0.9425823035501673
26076,LOF,0.03485962066191361,0.011613492948956115,0.9535268863891303
26077,LOF,0.11839761644930703,0.009431367074195496,0.8721710164764975
26078,LOF,0.005139383992564629,0.01651504084840881,0.9783455751590265
26079,LOF,0.050436457616229564,0.02154553199081242,0.928018010392958
26080,LOF,0.04871488130276133,0.02158774705355402,0.9296973716436846
26081,LOF,0.029012925788714023,0.008977973682033936,0.9620091005292521
26082,LOF,0.0038459115171074563,0.019907894472026115,0.9762461940108664
26083,LOF,0.11036369705799517,0.018946406598425204,0.8706898963435795
26084,LOF,0.03966327567678388,0.014526901339782511,0.9458098229834336
26085,LOF,0.03567501801882682,0.012802756115945358,0.9515222258652279
26086,LOF,0.023058115598515193,0.012629433754511555,0.9643124506469732
26087,LOF,0.021435504231937293,0.011281196584721554,0.9672832991833411
26088,LOF,0.005512553648274248,0.023120266796807683,0.971367179554918
26089,LOF,0.03746866488454623,0.02340634522116958,0.9391249898942841
26090,LOF,0.037910513910592636,0.019689022331496112,0.9424004637579112
26091,LOF,0.028391741658009288,0.007872535734554391,0.9637357226074363
26092,LOF,0.022889570982623758,0.008938529211882134,0.9681718998054941
26093,LOF,0.041523275557998354,0.007362237251264117,0.9511144871907374
26094,LOF,0.03356601588350337,0.007387374994029549,0.959046609122467
26095,LOF,0.015113255904762854,0.0187346337794918,0.9661521103157454
26096,LOF,0.17792885971649067,0.006973171093575087,0.8150979691899342
26097,LOF,0.004406105021233936,0.04167869903811691,0.9539151959406491
26098,LOF,0.07104034724819155,0.018788467480355477,0.9101711852714529
26099,LOF,0.021724753224461713,0.01633557600216289,0.9619396707733754
26100,LOF,0.021724753224461713,0.01633557600216289,0.9619396707733754
26101,LOF,0.0531140739636553,0.02232244762408919,0.9245634784122555
26102,LOF,0.020165939500084794,0.016507710766187775,0.9633263497337275
26103,Neutral,0.8367768872287622,0.024634651929216073,0.1385884608420217
26104,LOF,0.06150298016273542,0.025965839479112726,0.9125311803581518
26105,LOF,0.24055481744772375,0.17516071038124972,0.5842844721710265
26106,LOF,0.3369228919091548,0.13411430519631698,0.5289628028945282
26107,LOF,0.018560666924502582,0.11761407374205447,0.8638252593334429
26108,LOF,0.3232934413316525,0.04690381321890709,0.6298027454494404
26109,LOF,0.03519370264869872,0.06630826262768143,0.8984980347236199
26110,LOF,0.19750482804834046,0.007245601932229348,0.7952495700194302
26111,LOF,0.07076095259390686,0.08133625511612398,0.8479027922899691
26112,LOF,0.03687400145924167,0.008037970503758757,0.9550880280369997
26113,LOF,0.0612871849600976,0.0169817078951237,0.9217311071447786
26114,LOF,0.08382325732675601,0.011189257787800798,0.9049874848854431
26115,LOF,0.016973199432452513,0.07339612364383027,0.9096306769237171
26116,LOF,0.10251397607809963,0.042226215223281925,0.8552598086986184
26117,LOF,0.4039801851442353,0.036977871409827584,0.5590419434459372
26118,LOF,0.03077677320385474,0.016529934084314538,0.9526932927118308
26119,LOF,0.005006684544273917,0.03733954864343181,0.9576537668122943
26120,LOF,0.025349484479653343,0.015529290602519744,0.9591212249178268
