feature0,prediction,LoGoFunc_Neutral,LoGoFunc_GOF,LoGoFunc_LOF
25546,Neutral,0.6856483818711151,0.04220645291020921,0.27214516521867566
25547,Neutral,0.5815956761902077,0.10333154608341562,0.31507277772637665
25548,Neutral,0.5394807723680319,0.06984322276521812,0.39067600486675
25549,Neutral,0.5051263216876765,0.07853866550869468,0.4163350128036289
25550,Neutral,0.6430512097158096,0.033124655320684114,0.3238241349635063
25551,Neutral,0.666962355384611,0.03477228490490751,0.2982653597104815
25552,LOF,0.35495231709542285,0.06556265563627764,0.5794850272682995
25553,Neutral,0.5562024049577673,0.030968131247111813,0.41282946379512087
25554,LOF,0.40018934788260296,0.07005199602982887,0.5297586560875682
25555,LOF,0.31068707195372697,0.06286642603178164,0.6264465020144914
25556,LOF,0.40691374170930367,0.06489697731841185,0.5281892809722845
25557,LOF,0.30587678158897186,0.07320556552884379,0.6209176528821844
25558,LOF,0.39695577896002643,0.07556111610002027,0.5274831049399534
25559,LOF,0.24926409559560075,0.061076643206258684,0.6896592611981406
25560,LOF,0.0358581804914101,0.22154977792082753,0.7425920415877624
25561,LOF,0.10807337728274179,0.22271415727418728,0.6692124654430709
25562,LOF,0.0935169167690708,0.05659008836907052,0.8498929948618587
25563,LOF,0.14596394159915593,0.08332370615054148,0.7707123522503027
25564,LOF,0.05926579429409159,0.11271667002959687,0.8280175356763116
25565,LOF,0.13553600110447492,0.30010901750370894,0.5643549813918161
25566,GOF,0.0329138873300101,0.5640667058964183,0.40301940677357156
25567,LOF,0.019087045279178136,0.07218411968421873,0.9087288350366031
25568,LOF,0.10625247029872886,0.0564036293845059,0.8373439003167652
25569,LOF,0.27594854426427157,0.011511089494848263,0.7125403662408801
25570,LOF,0.08839336139059642,0.10146913138754454,0.8101375072218591
25571,LOF,0.10326117065900724,0.0663627152414278,0.8303761140995649
25572,LOF,0.07861663140158158,0.09319345366805158,0.8281899149303668
25573,LOF,0.036353856474997025,0.06588471169017995,0.897761431834823
25574,LOF,0.013647776341135662,0.18216328624542044,0.8041889374134439
25575,LOF,0.08897089973577121,0.03657517611150934,0.8744539241527194
25576,LOF,0.024869827676564493,0.030149223560777528,0.9449809487626579
25577,LOF,0.019251454997312796,0.04526304305172104,0.9354855019509662
25578,LOF,0.3117720271844403,0.09825372018588542,0.5899742526296743
25579,LOF,0.10621773000973408,0.09691302372253816,0.7968692462677277
25580,LOF,0.0532586267250607,0.024268253651063266,0.9224731196238761
25581,LOF,0.09814044445119416,0.06528520816528571,0.8365743473835201
25582,LOF,0.09814869176868532,0.040904870001254805,0.8609464382300599
25583,LOF,0.06381679550747574,0.024123599454956252,0.9120596050375679
25584,Neutral,0.5143894728152695,0.0457273020824959,0.4398832251022346
25585,LOF,0.019769088738788142,0.036000940499445,0.944229970761767
25586,LOF,0.05497868936036889,0.043585562476288614,0.9014357481633425
25587,LOF,0.04184103220353913,0.03420912558796526,0.9239498422084956
25588,LOF,0.05025432525704347,0.04679357052530114,0.9029521042176555
25589,Neutral,0.7488229952211555,0.07935569261524912,0.17182131216359536
25590,LOF,0.0357939524798772,0.09147494255465688,0.8727311049654659
25591,LOF,0.12437223321830189,0.034813428108066556,0.8408143386736315
25592,LOF,0.2158607909367279,0.1205145265935878,0.6636246824696843
25593,LOF,0.020267630702877352,0.3680141925075382,0.6117181767895845
25594,LOF,0.06796495085526114,0.12908610125485517,0.8029489478898837
25595,LOF,0.05353761251418716,0.2465705562731721,0.6998918312126406
25596,LOF,0.11766985014594547,0.07925315170206186,0.8030769981519927
25597,LOF,0.0996638499187172,0.06538304540164136,0.8349531046796415
25598,LOF,0.16377177619204755,0.10238234385602904,0.7338458799519234
25599,LOF,0.015109249921763792,0.26671523776113315,0.7181755123171031
25600,LOF,0.016369408762669752,0.2714430115371575,0.7121875797001728
25601,LOF,0.010398640548894746,0.17389946513187762,0.8157018943192276
25602,LOF,0.040880860046509496,0.08089683294419303,0.8782223070092974
25603,LOF,0.0446613785232973,0.09865077363530347,0.8566878478413992
25604,LOF,0.028369498467880633,0.12871039929000813,0.8429201022421111
25605,LOF,0.013108420152812321,0.3406091162987645,0.6462824635484231
25606,GOF,0.08685836311503482,0.4701145515701151,0.4430270853148499
25607,LOF,0.003271071420839563,0.1806954702528156,0.8160334583263449
25608,LOF,0.025859808361554902,0.056729422325765236,0.9174107693126798
25609,LOF,0.12028198285818868,0.1543581387778428,0.7253598783639684
25610,LOF,0.038050318508566515,0.0946361927720891,0.8673134887193443
25611,LOF,0.0559423699212789,0.08219945032066354,0.8618581797580577
25612,LOF,0.1456528938164643,0.03914291572380519,0.8152041904597306
25613,LOF,0.051830342851209375,0.09265504737598063,0.8555146097728101
25614,LOF,0.03142165599294566,0.1357923194936481,0.8327860245134061
25615,LOF,0.037357764639317566,0.08459054456208297,0.8780516907985996
25616,LOF,0.02394829397232388,0.1546460981487603,0.8214056078789158
25617,LOF,0.04553366288660389,0.11275538398394855,0.8417109531294474
25618,LOF,0.1016818730425749,0.4201951546386313,0.47812297231879386
25619,LOF,0.04225420489348699,0.09634671459043034,0.8613990805160827
25620,LOF,0.03268640468163472,0.12591880444779374,0.8413947908705716
25621,LOF,0.04240488794514903,0.08518722782233189,0.8724078842325191
25622,LOF,0.03319039604443162,0.12516257604970787,0.8416470279058605
25623,LOF,0.051475928646409916,0.10216561518650649,0.8463584561670836
25624,LOF,0.028034396799530962,0.1814525217356586,0.7905130814648104
25625,LOF,0.03427060571615774,0.10950679652215478,0.8562225977616874
25626,LOF,0.14161915068295033,0.04645771540056769,0.811923133916482
25627,Neutral,0.46222224819507995,0.14587248001044342,0.3919052717944765
25628,LOF,0.15924034697602643,0.03810869245304572,0.8026509605709278
25629,LOF,0.19115782662078382,0.025493403641956562,0.7833487697372595
25630,LOF,0.10104775060032616,0.06360604337639324,0.8353462060232807
25631,Neutral,0.5141719666804325,0.11529058381463592,0.3705374495049316
25632,LOF,0.011880344066439251,0.06455119206818766,0.9235684638653731
25633,LOF,0.3135033892755672,0.22245665967031988,0.4640399510541129
25634,LOF,0.08779691658128334,0.0934507729527676,0.8187523104659491
25635,LOF,0.04300260968851627,0.06669362946671184,0.8903037608447719
25636,GOF,0.004752604757818389,0.5494352678742574,0.44581212736792414
25637,LOF,0.005250310615782369,0.28996205623272653,0.7047876331514912
25638,LOF,0.006719879099430313,0.33565313411010494,0.6576269867904646
25639,LOF,0.005845793765470356,0.25922195875158804,0.7349322474829416
25640,Neutral,0.5796998248905301,0.3066333332267079,0.11366684188276215
25641,LOF,0.010505950632564797,0.1079238000486621,0.881570249318773
25642,LOF,0.25433224152566086,0.03287954525240238,0.7127882132219369
25643,LOF,0.38803210611612793,0.01496262976466135,0.5970052641192107
25644,LOF,0.013058313474020979,0.3388816389534854,0.6480600475724937
25645,LOF,0.011177341956205629,0.42532043928360125,0.5635022187601931
25646,LOF,0.010836468053220388,0.30334079439596234,0.6858227375508172
25647,LOF,0.012255306371873978,0.2791018848335486,0.7086428087945774
25648,LOF,0.009130094048333781,0.34284169175717216,0.648028214194494
25649,LOF,0.00874020349104198,0.20059819103713133,0.7906616054718267
25650,LOF,0.03685173690384676,0.4553324831935885,0.5078157799025648
25651,LOF,0.008258340750937029,0.24646340228360603,0.745278256965457
25652,LOF,0.014371072701657934,0.32534192084892344,0.6602870064494187
25653,GOF,0.07247161948656902,0.5639966877707555,0.3635316927426754
25654,LOF,0.010299847576366483,0.4664364600416438,0.5232636923819897
25655,GOF,0.08298315121994038,0.5256602870391851,0.39135656174087463
25656,LOF,0.06318310554638461,0.3313900634793642,0.6054268309742512
25657,LOF,0.24962425839267605,0.03609127557796059,0.7142844660293634
25658,LOF,0.020971162212801837,0.29936311176019126,0.6796657260270069
25659,LOF,0.1319309833277313,0.22505078584564056,0.6430182308266281
25660,LOF,0.1024672559402291,0.11018093817951465,0.7873518058802563
25661,LOF,0.0762858407205346,0.07958592710730186,0.8441282321721636
25662,LOF,0.051972816228161516,0.07207238883701127,0.8759547949348272
25663,LOF,0.048470356569935875,0.0916483364487976,0.8598813069812664
25664,LOF,0.03827810930553788,0.1706433738105307,0.7910785168839314
25665,LOF,0.07797009859729326,0.1062417986796338,0.8157881027230729
25666,LOF,0.06184629022343624,0.19539777447274473,0.7427559353038189
25667,LOF,0.04382104997662871,0.03290278602574548,0.9232761639976259
25668,LOF,0.04747870098316987,0.05216627861849048,0.9003550203983396
25669,LOF,0.03836418202925398,0.10700113550716085,0.8546346824635851
25670,LOF,0.05696611888255782,0.07583971049534197,0.8671941706221002
25671,LOF,0.06385307528993162,0.06924816178065013,0.8668987629294183
25672,LOF,0.08309498258921415,0.06027323709330538,0.8566317803174804
25673,LOF,0.061939730636009646,0.07703394593351125,0.8610263234304791
25674,LOF,0.03569897216765641,0.11892755361932979,0.8453734742130139
25675,LOF,0.06365709799776718,0.04754837538857825,0.8887945266136545
25676,LOF,0.04618637597357603,0.09806205038607449,0.8557515736403495
25677,LOF,0.07419853622908568,0.06011369631953169,0.8656877674513827
25678,LOF,0.3036828281706697,0.060893798581256486,0.6354233732480737
25679,LOF,0.1631888719252974,0.10125355899313404,0.7355575690815687
25680,LOF,0.10432121799156925,0.1419622529446964,0.7537165290637343
25681,LOF,0.11746188295033098,0.131589966363886,0.7509481506857829
25682,LOF,0.05846214432222012,0.08504949078412231,0.8564883648936575
25683,LOF,0.12866757145069332,0.08727057138542672,0.78406185716388
25684,LOF,0.09065157562790108,0.1207689193695674,0.7885795050025314
25685,LOF,0.10524290204894447,0.06443997496348464,0.8303171229875709
25686,LOF,0.024197331476622428,0.23035071215607544,0.7454519563673022
25687,LOF,0.03880816781315618,0.2242930397189887,0.7368987924678551
25688,LOF,0.014866121208597392,0.4070968962049482,0.5780369825864544
25689,LOF,0.010464248026469274,0.23152252748146177,0.758013224492069
25690,LOF,0.010568059235792095,0.4864861399131293,0.5029458008510785
25691,GOF,0.059221829836256124,0.6978437320978271,0.24293443806591686
25692,LOF,0.11853430733898149,0.0397527751776163,0.8417129174834022
25693,LOF,0.030129722154769504,0.41848417136112775,0.5513861064841027
25694,LOF,0.2035053015095299,0.05003421954464941,0.7464604789458208
25695,LOF,0.15540474239280613,0.07964043435860642,0.7649548232485875
25696,LOF,0.15470387492817206,0.06856160955569925,0.7767345155161287
25697,LOF,0.15858249358719964,0.02585154629267389,0.8155659601201265
25698,LOF,0.011795392842712358,0.4600078866950293,0.5281967204622584
25699,LOF,0.06045589019831983,0.379308706884174,0.5602354029175061
25700,LOF,0.05082921891895789,0.02953159549509399,0.919639185585948
25701,GOF,0.010619316236186133,0.5024890892394045,0.4868915945244093
25702,GOF,0.026024632643502674,0.5017279099909505,0.4722474573655468
25703,LOF,0.018876319416638074,0.0804924492273628,0.9006312313559991
25704,LOF,0.0684755057394702,0.11228022118804735,0.8192442730724824
25705,LOF,0.09789200397901822,0.21683594875069073,0.685272047270291
25706,GOF,0.019442098697878368,0.7351322956031839,0.24542560569893765
25707,GOF,0.01747478842743969,0.6609670767163858,0.32155813485617457
25708,GOF,0.008067538161813681,0.6967914841867685,0.2951409776514179
25709,LOF,0.046823374965081606,0.12228412898147276,0.8308924960534457
25710,LOF,0.010902876306817034,0.22893851513433766,0.7601586085588453
25711,LOF,0.04719006511722904,0.13366445758234954,0.8191454773004213
25712,LOF,0.019778904459124277,0.15549363946487865,0.824727456075997
25713,LOF,0.04183653834451742,0.13935618031381033,0.8188072813416724
25714,LOF,0.037552600657878014,0.31579796830052065,0.6466494310416013
25715,LOF,0.03669916601086003,0.1984829573048946,0.7648178766842453
25716,LOF,0.010663569756984329,0.10814823568380014,0.8811881945592156
25717,LOF,0.009620443332598044,0.08462579194176623,0.9057537647256357
25718,LOF,0.045031354383330086,0.07569276483661859,0.8792758807800515
25719,LOF,0.043998560429577505,0.14583761674882562,0.8101638228215968
25720,LOF,0.03807250449286118,0.18435874264534416,0.7775687528617946
25721,LOF,0.04367180141412289,0.0978163645406513,0.8585118340452259
25722,LOF,0.0379219641479855,0.13315014214487778,0.8289278937071367
25723,LOF,0.051637486130675626,0.1759240845447637,0.7724384293245607
25724,GOF,0.06274467951256421,0.48625069162407636,0.4510046288633594
25725,LOF,0.06807860056195533,0.14732879455377662,0.7845926048842681
25726,LOF,0.040801057392817607,0.14799684129668847,0.811202101310494
25727,LOF,0.06449611922380315,0.10314477355942554,0.8323591072167714
25728,LOF,0.0351765203744772,0.23378480254166312,0.7310386770838596
25729,LOF,0.03997664603319102,0.21874720979574597,0.741276144171063
25730,LOF,0.05130029619509975,0.16264525326083823,0.786054450544062
25731,LOF,0.012821771678287915,0.12541574993633417,0.8617624783853779
25732,LOF,0.032133255364233566,0.10635996025978828,0.8615067843759782
25733,LOF,0.04139247557431373,0.2801874622481808,0.6784200621775055
25734,LOF,0.008414032489713431,0.22345855592823985,0.7681274115820467
25735,LOF,0.037969153762341154,0.1331881376174114,0.8288427086202474
25736,LOF,0.03679053678878544,0.20028833624873718,0.7629211269624773
25737,LOF,0.05935879266707177,0.127134497444194,0.8135067098887343
25738,LOF,0.05507259887607294,0.2358274753961237,0.7090999257278034
25739,LOF,0.03786589025524856,0.18816004891637125,0.7739740608283803
25740,LOF,0.06070396093071528,0.17583018518042423,0.7634658538888605
25741,LOF,0.0602839384197052,0.16096297205032561,0.778753089529969
25742,LOF,0.06502309483932385,0.18901959934119308,0.7459573058194832
25743,LOF,0.014697565195411683,0.025800789704446936,0.9595016451001414
25744,LOF,0.0905711895847493,0.28477257798603245,0.6246562324292183
25745,LOF,0.023376963583668246,0.3018401908327542,0.6747828455835776
25746,LOF,0.01333273577353826,0.28935111622149545,0.6973161480049662
25747,LOF,0.04438680366216122,0.056801898348545446,0.8988112979892934
25748,LOF,0.08656648713161014,0.2963634466326843,0.6170700662357055
25749,LOF,0.011491737112776701,0.33352590207760835,0.6549823608096149
25750,LOF,0.012699529084607284,0.4031009048155228,0.5841995660998699
25751,LOF,0.028591057163305376,0.20934692675556874,0.7620620160811259
25752,GOF,0.10795943383349141,0.6402659869211622,0.25177457924534635
25753,LOF,0.011936368741150234,0.27590250811228945,0.7121611231465603
25754,GOF,0.011972180533416516,0.8988455853566931,0.08918223410989025
25755,LOF,0.009873123084657029,0.27802438291234643,0.7121024940029966
25756,LOF,0.04359366009702964,0.39915175015117826,0.5572545897517921
25757,GOF,0.010310854758408664,0.8259478509494914,0.16374129429210002
25758,GOF,0.01231728924247639,0.8643286820941426,0.12335402866338092
25759,GOF,0.00650173535111039,0.7734997609838179,0.21999850366507176
25760,LOF,0.00791060048275098,0.18991458188835636,0.8021748176288928
25761,GOF,0.04063843583787025,0.8433190498897031,0.11604251427242668
25762,LOF,0.04956676993415944,0.3741306445537654,0.5763025855120751
25763,LOF,0.009546578651874929,0.16248291051850783,0.8279705108296171
25764,GOF,0.08190453240109064,0.690628394020578,0.22746707357833137
25765,GOF,0.010306357288159373,0.8733435828856677,0.11635005982617298
25766,GOF,0.03337358762052549,0.8162943604613885,0.15033205191808607
25767,GOF,0.008120885549826946,0.6446392985872603,0.34723981586291286
25768,LOF,0.0511420278828646,0.07389411953324249,0.874963852583893
25769,LOF,0.03045865571908107,0.22624379745954232,0.7432975468213766
25770,Neutral,0.7299487761669065,0.11710025071120052,0.15295097312189299
25771,LOF,0.029840214702981642,0.13950864452777742,0.830651140769241
25772,LOF,0.04795057506077668,0.17046903222631335,0.7815803927129099
25773,LOF,0.022345599477065978,0.32039285846380006,0.6572615420591339
25774,LOF,0.04363953042797469,0.335878852458388,0.6204816171136374
25775,LOF,0.027500582187275517,0.1277925807828033,0.8447068370299211
25776,LOF,0.028729861137417694,0.19682191393296408,0.7744482249296182
25777,LOF,0.27995825756129933,0.19878928808998284,0.5212524543487179
25778,LOF,0.03906521353549525,0.1952702185602948,0.76566456790421
25779,GOF,0.11047327490748017,0.6492743186595828,0.2402524064329371
25780,GOF,0.10549586970938038,0.6788506012390626,0.21565352905155705
25781,GOF,0.053645041883483215,0.5735173414935553,0.37283761662296155
25782,GOF,0.04184810869655395,0.6476155786999531,0.3105363126034929
25783,GOF,0.09694056098839772,0.7130525007064736,0.1900069383051285
25784,GOF,0.17466726597028442,0.6470283413014524,0.17830439272826332
25785,GOF,0.32095648160397827,0.5689306203848069,0.11011289801121484
25786,LOF,0.020734311566239116,0.3662095744219284,0.6130561140118325
25787,Neutral,0.5259103933517675,0.3363717224395797,0.13771788420865272
25788,LOF,0.04109874105946909,0.06928807753528352,0.8896131814052475
25789,GOF,0.037208595307887074,0.7176832842326333,0.24510812045947963
25790,GOF,0.0551944545499141,0.5127632516882988,0.43204229376178704
25791,LOF,0.04385416530890837,0.456672473734177,0.4994733609569147
25792,GOF,0.05197267545271598,0.4939628580798986,0.4540644664673854
25793,GOF,0.08004555585455136,0.47709169875041735,0.4428627453950313
25794,LOF,0.07518801085204566,0.3368098681085316,0.5880021210394228
25795,LOF,0.04293912518309791,0.2103422477869608,0.7467186270299413
25796,LOF,0.3270439843093909,0.30252986135321613,0.37042615433739307
25797,LOF,0.09746945223854678,0.308607721100078,0.5939228266613752
25798,GOF,0.012596240428515293,0.6943443599628317,0.29305939960865296
25799,GOF,0.009920982502846539,0.5571611897118639,0.4329178277852896
25800,GOF,0.041854287658414195,0.7773641506011576,0.18078156174042817
25801,GOF,0.04887992169538804,0.6298882923539783,0.3212317859506337
25802,GOF,0.05984863046592294,0.6324548525088062,0.30769651702527084
25803,LOF,0.04473365890109022,0.4480231739845623,0.5072431671143474
25804,LOF,0.10163886103426621,0.34595783283592046,0.5524033061298134
25805,GOF,0.06313401401305045,0.560631424960542,0.3762345610264075
25806,GOF,0.07682869501233547,0.5733248573647934,0.3498464476228712
25807,LOF,0.02830947083512098,0.46151586771285574,0.5101746614520233
25808,GOF,0.06661477939190426,0.640516066723293,0.2928691538848026
25809,LOF,0.018760036560591796,0.4420054833461245,0.5392344800932837
25810,LOF,0.01609039295141408,0.4672601258463327,0.5166494812022533
25811,GOF,0.12860263791383728,0.5611414443217675,0.3102559177643952
25812,LOF,0.10005513396764484,0.43784736633679605,0.4620974996955591
25813,GOF,0.34642948031697796,0.4312872616378601,0.22228325804516186
25814,GOF,0.07337971827245073,0.5086514452229863,0.4179688365045629
25815,GOF,0.11925133717590788,0.5701096509041861,0.3106390119199061
25816,GOF,0.01797126923712066,0.6774572639550109,0.3045714668078685
25817,LOF,0.12131374990590643,0.4028249780366844,0.4758612720574092
25818,GOF,0.05451293201934699,0.5721039774699438,0.3733830905107093
25819,LOF,0.11075696700461554,0.4065844155229752,0.48265861747240923
25820,LOF,0.10288208712720603,0.40610692710273755,0.4910109857700565
25821,LOF,0.07664453365469896,0.44094028371504285,0.4824151826302581
25822,LOF,0.1600465842479318,0.3336946563123135,0.5062587594397546
25823,LOF,0.08751965461871522,0.26357756460801274,0.6489027807732721
25824,GOF,0.05451430584436635,0.5859869143218459,0.3594987798337878
25825,GOF,0.03823037879602942,0.6161444331227773,0.3456251880811933
25826,LOF,0.01449724476418355,0.44010460689793035,0.5453981483378861
25827,GOF,0.01477829300930589,0.5131804867885369,0.47204122020215716
25828,GOF,0.014324693133945778,0.5014698631627698,0.4842054437032845
25829,LOF,0.010025078071456058,0.29020653182072176,0.6997683901078221
25830,LOF,0.14433754737020857,0.044832014442827466,0.810830438186964
25831,GOF,0.05756319518715993,0.6832525070170823,0.2591842977957579
25832,LOF,0.015846060320639704,0.4227004515672642,0.561453488112096
25833,GOF,0.0662464952688817,0.5857284406671631,0.34802506406395517
25834,LOF,0.016441877576139328,0.42236597905535994,0.5611921433685008
25835,GOF,0.05455589958359944,0.7083395618417122,0.23710453857468825
25836,GOF,0.014739082266343012,0.5695749196499472,0.4156859980837098
25837,LOF,0.025748015707750642,0.42792236718757165,0.5463296171046778
25838,GOF,0.055019930184012404,0.6397240480600406,0.305256021755947
25839,GOF,0.12843367989815538,0.5004957615126594,0.37107055858918525
25840,GOF,0.12807940976522245,0.552833276540746,0.31908731369403154
25841,GOF,0.11082025592157088,0.6036700304571235,0.28550971362130567
25842,GOF,0.05797879672515454,0.7252288993394703,0.21679230393537502
25843,GOF,0.0439881759687673,0.7442922107573495,0.2117196132738831
25844,GOF,0.04891511183781932,0.5898795099958902,0.3612053781662905
25845,LOF,0.014310250526943447,0.33079836408460295,0.6548913853884536
25846,GOF,0.068795602199082,0.5764757115187733,0.35472868628214466
25847,GOF,0.04865738852443649,0.6724840019319726,0.2788586095435908
25848,GOF,0.047275224702648236,0.7412095802520318,0.21151519504532001
25849,GOF,0.011977767451236505,0.6304689526649252,0.3575532798838384
25850,GOF,0.016886533180463816,0.5014174355996208,0.48169603121991533
25851,LOF,0.017551298035836493,0.41833793658575646,0.564110765378407
25852,LOF,0.25345444770349373,0.3362148339437247,0.4103307183527817
25853,GOF,0.08308795758554828,0.475271694754796,0.4416403476596557
25854,LOF,0.011804274341994546,0.42406707353440215,0.5641286521236032
25855,LOF,0.03687577585640641,0.4691547111998555,0.4939695129437382
25856,GOF,0.08291786254786646,0.6463642302978987,0.27071790715423477
25857,LOF,0.038368957469566964,0.38172673478013935,0.5799043077502937
25858,LOF,0.01550448050519709,0.34008048062141444,0.6444150388733885
25859,LOF,0.010662200053068102,0.32657590812515463,0.6627618918217771
25860,LOF,0.11646093034020348,0.3898628468635953,0.49367622279620116
25861,GOF,0.10832812006672499,0.5495289083758257,0.3421429715574493
25862,GOF,0.0320328126072479,0.8022734183606208,0.16569376903213137
25863,GOF,0.032935883575736666,0.7283570856907018,0.23870703073356148
25864,GOF,0.04095925003008752,0.7728049756291255,0.18623577434078686
25865,GOF,0.03390097264137822,0.7771764479381661,0.18892257942045562
25866,GOF,0.03938114075037785,0.7716689184828777,0.18894994076674446
25867,GOF,0.10550016173958311,0.7577759592872004,0.13672387897321642
25868,GOF,0.12861564108359644,0.5367509889836349,0.3346333699327687
25869,Neutral,0.4827089111354073,0.3601304813168154,0.1571606075477773
25870,LOF,0.20213156502751417,0.09919648929704848,0.6986719456754373
25871,LOF,0.01674633643984858,0.3333404759719364,0.6499131875882149
25872,LOF,0.04708625455182913,0.40433339568275395,0.5485803497654169
25873,GOF,0.033620727255656464,0.5802990262158207,0.38608024652852296
25874,LOF,0.05620929604295284,0.023860627096194728,0.9199300768608525
25875,LOF,0.022082203924800283,0.37337310888742004,0.6045446871877797
25876,LOF,0.028760013749872734,0.10992603976764462,0.8613139464824826
25877,GOF,0.06265147839412004,0.5588689277317144,0.3784795938741655
25878,GOF,0.048054322284056025,0.731691788984621,0.22025388873132304
25879,LOF,0.011837208962783053,0.3513620659870537,0.6368007250501632
25880,LOF,0.04580031158523435,0.06276221370019837,0.8914374747145672
25881,Neutral,0.41960302344205747,0.4110961198621835,0.16930085669575903
25882,LOF,0.025534702979861802,0.24666643418552878,0.7277988628346095
25883,LOF,0.029263549343672448,0.1064817350818535,0.8642547155744741
25884,LOF,0.02176475869539234,0.15994650809440003,0.8182887332102076
25885,LOF,0.16366886642656903,0.03181412148257376,0.8045170120908572
25886,LOF,0.05472033057458267,0.17278883931246908,0.7724908301129483
25887,GOF,0.04239935476227978,0.5897256289405975,0.3678750162971227
25888,LOF,0.0044440550483863745,0.4392125037392655,0.556343441212348
25889,LOF,0.03981200697275202,0.0937486980493838,0.8664392949778642
25890,LOF,0.17655709865274824,0.3096471662795134,0.5137957350677383
25891,LOF,0.12270582264503746,0.07649358819297285,0.8008005891619897
25892,LOF,0.0063496704657747555,0.15677387934208953,0.8368764501921357
25893,LOF,0.28161990158765254,0.05772973184798822,0.6606503665643593
25894,LOF,0.31755495278838414,0.02781563049720424,0.6546294167144117
25895,LOF,0.2185565803090041,0.04043926392101161,0.7410041557699842
25896,LOF,0.09164057829048275,0.06947702184362768,0.8388823998658896
25897,LOF,0.09131934254791453,0.054995436631114586,0.853685220820971
25898,LOF,0.06554382099731168,0.46710926134430497,0.4673469176583835
25899,LOF,0.23070326984527606,0.21778467335069518,0.5515120568040288
25900,Neutral,0.8572144733813915,0.04125934826544866,0.10152617835315983
25901,LOF,0.0748273387408232,0.03162624329399137,0.8935464179651853
25902,LOF,0.17898665649545742,0.011817898558306852,0.8091954449462356
25903,LOF,0.12810840378127308,0.1414232453205284,0.7304683508981985
25904,LOF,0.3922315645878938,0.20499905989141487,0.40276937552069136
25905,LOF,0.010163047229331125,0.39185497186209584,0.5979819809085731
25906,LOF,0.015282942859354864,0.055638178721271435,0.9290788784193736
25907,LOF,0.008367007653692967,0.29339062470694366,0.6982423676393634
25908,LOF,0.010260785202619959,0.2908697681438726,0.6988694466535075
25909,LOF,0.03531168825021034,0.1971741231091935,0.7675141886405963
25910,LOF,0.018912014529514534,0.1410734773236914,0.840014508146794
25911,LOF,0.09229985890178916,0.12838358477560213,0.7793165563226087
25912,LOF,0.11060869400234966,0.03587077794967339,0.853520528047977
25913,LOF,0.014205346034052872,0.09747443244244658,0.8883202215235005
25914,LOF,0.03878523279241225,0.17802648018602768,0.78318828702156
25915,GOF,0.06273601039430628,0.8263051823803128,0.11095880722538091
25916,GOF,0.01757752364865486,0.6456053061212382,0.3368171702301068
25917,LOF,0.21295800928822764,0.06695274532429836,0.7200892453874739
25918,LOF,0.04324262691623185,0.127741608103335,0.8290157649804332
25919,LOF,0.04377269998990469,0.09928695741456921,0.8569403425955262
25920,GOF,0.13722246558900972,0.4790443959178855,0.38373313849310486
25921,LOF,0.02580449549745441,0.04355975512689784,0.9306357493756477
25922,LOF,0.021764724207281986,0.04200025272984048,0.9362350230628775
25923,LOF,0.32266451441326166,0.0737637174379789,0.6035717681487596
25924,LOF,0.030012967174388186,0.059924626391160744,0.910062406434451
25925,LOF,0.24478388708805063,0.02179114868887055,0.7334249642230789
25926,LOF,0.10274041664142196,0.09959465097527988,0.7976649323832983
25927,LOF,0.019885037547543127,0.09514967316933239,0.8849652892831243
25928,LOF,0.0171726234957095,0.038634103017285974,0.9441932734870044
25929,Neutral,0.5981006407441591,0.07370359549260799,0.3281957637632329
25930,LOF,0.03549446527815809,0.06554744935385659,0.8989580853679854
25931,LOF,0.0164745776475524,0.04233970298447398,0.9411857193679736
25932,LOF,0.06733664416142758,0.03274069343021673,0.8999226624083557
25933,LOF,0.06185635541910893,0.019597356008890825,0.9185462885720003
25934,LOF,0.0620936716900897,0.025340048800932918,0.9125662795089774
25935,LOF,0.25448864460727383,0.0266490383654219,0.7188623170273042
25936,LOF,0.05797553672623205,0.023554478534580602,0.9184699847391873
25937,LOF,0.016670211899674967,0.06032394022071976,0.9230058478796054
25938,LOF,0.24672831701746184,0.02414908072472566,0.7291226022578124
25939,LOF,0.04553657606598318,0.02843158027591899,0.9260318436580979
25940,GOF,0.006116170790164666,0.5800092373082528,0.4138745919015825
25941,LOF,0.4197374936259743,0.07335963143604725,0.5069028749379786
25942,LOF,0.01210665806381389,0.15366677047067115,0.8342265714655149
25943,GOF,0.019918164735720938,0.5654645590564266,0.4146172762078526
25944,LOF,0.01986717302460392,0.39146694735759147,0.5886658796178047
25945,LOF,0.06871839724844941,0.12261140461102604,0.8086701981405245
25946,LOF,0.09027858802688286,0.08512133210657849,0.8246000798665387
25947,LOF,0.45598952551972183,0.03728833705655728,0.5067221374237209
25948,LOF,0.23025877822410687,0.024425578466303898,0.7453156433095892
25949,LOF,0.22248641902071523,0.024675357398365398,0.7528382235809195
25950,GOF,0.04136470583597321,0.764631911527096,0.19400338263693084
25951,LOF,0.012201546776019348,0.35729511324874785,0.6305033399752328
25952,LOF,0.09063706616922357,0.31755957128131734,0.5918033625494591
25953,LOF,0.0065668326732100085,0.47201453246473263,0.5214186348620574
25954,GOF,0.028763827844320886,0.5356876880773557,0.4355484840783234
25955,GOF,0.006115716487015066,0.5312499326806271,0.4626343508323577
25956,GOF,0.010251155403923478,0.6501023688749792,0.33964647572109724
25957,LOF,0.26860964929061315,0.06724767595020859,0.6641426747591783
25958,LOF,0.022258431289336092,0.20337329705832033,0.7743682716523437
25959,GOF,0.005715805318625086,0.5822517652825255,0.4120324293988494
25960,LOF,0.006571323685301093,0.13478568314097608,0.8586429931737227
25961,LOF,0.019951460676488383,0.1852514549571367,0.794797084366375
25962,LOF,0.11277338349168094,0.05796953799495097,0.8292570785133682
25963,LOF,0.01065442919154336,0.11368158776746326,0.8756639830409932
25964,LOF,0.055204957375432684,0.11690024112614321,0.8278948014984242
25965,LOF,0.18481683876725055,0.2120315249081071,0.6031516363246423
25966,LOF,0.2086582088371047,0.3622085112207495,0.42913327994214584
25967,LOF,0.01051263125353229,0.05885424389905977,0.9306331248474079
25968,LOF,0.11502548592837918,0.37411669498001643,0.5108578190916043
25969,LOF,0.183746601064074,0.025796533180277477,0.7904568657556487
25970,LOF,0.020416828249125777,0.1510650867215347,0.8285180850293394
25971,LOF,0.08400458990904834,0.1306998692680596,0.785295540822892
25972,LOF,0.07426373569577087,0.10717417680265238,0.8185620875015767
25973,LOF,0.1858924715967428,0.008477291831866062,0.8056302365713911
25974,LOF,0.07930416819792552,0.2946466285577661,0.6260492032443085
25975,LOF,0.057849668526965145,0.020997318896320234,0.9211530125767147
25976,LOF,0.08979420520106557,0.015201845920962995,0.8950039488779715
25977,LOF,0.2145989376586302,0.06850979582026417,0.7168912665211057
25978,LOF,0.2568276965576414,0.13175858974687527,0.6114137136954833
25979,LOF,0.18388336946518924,0.17863087080608644,0.6374857597287243
25980,GOF,0.13476270938122842,0.4464973447356494,0.4187399458831222
25981,GOF,0.1386837919172668,0.46371321993001163,0.39760298815272155
25982,LOF,0.24811189792712005,0.22189545213461523,0.5299926499382647
25983,LOF,0.19467148219108643,0.302875978049668,0.5024525397592456
25984,LOF,0.041179362870574436,0.09545527706382924,0.8633653600655963
25985,Neutral,0.483112983357969,0.19161179877489193,0.32527521786713914
25986,GOF,0.010209756560166785,0.6604004455231057,0.3293897979167276
25987,LOF,0.02571201682948884,0.12958880593078545,0.8446991772397257
25988,LOF,0.03631145770494964,0.12688045469826992,0.8368080875967805
25989,LOF,0.047256077274511664,0.14099154533112618,0.8117523773943621
25990,LOF,0.04884943952665902,0.2494841930071469,0.7016663674661942
25991,GOF,0.04005535580442834,0.6182670033048484,0.34167764089072333
25992,LOF,0.01788585231514707,0.3827726930000525,0.5993414546848004
25993,LOF,0.05077699929159194,0.027518888935644737,0.9217041117727633
25994,LOF,0.050157049446108125,0.06223748021523662,0.8876054703386553
25995,LOF,0.03571509030579519,0.054085974282659974,0.9101989354115448
25996,GOF,0.26348217256817374,0.4338885118076,0.3026293156242262
25997,GOF,0.04567886678779476,0.58288378553278,0.3714373476794254
25998,LOF,0.23862507501848285,0.11618542708486602,0.6451894978966511
25999,GOF,0.017761242025040303,0.6281868719887117,0.35405188598624804
26000,LOF,0.126337285892778,0.010109545925098848,0.8635531681821231
26001,LOF,0.11870629121268471,0.02187246926897456,0.8594212395183407
26002,LOF,0.21786568892758748,0.006480291566018091,0.7756540195063943
26003,GOF,0.012534666415999141,0.5246980371581013,0.46276729642589964
26004,LOF,0.03834552479591312,0.38508955272032536,0.5765649224837615
26005,GOF,0.00752629378413774,0.49798250535499966,0.4944912008608626
26006,GOF,0.25219569858249447,0.48557522512273404,0.2622290762947715
26007,GOF,0.018705597332919908,0.5410613924867785,0.4402330101803015
26008,LOF,0.017716164288955633,0.35869847437826885,0.6235853613327756
26009,GOF,0.03672193218865585,0.5386555191517952,0.42462254865954896
26010,LOF,0.016139652740383006,0.45388296641660364,0.5299773808430134
26011,LOF,0.00879899765724726,0.3515786370063438,0.6396223653364089
26012,LOF,0.010380655626562785,0.42712104347508667,0.5624983008983506
26013,LOF,0.010748591297808018,0.3743631430536318,0.6148882656485603
26014,LOF,0.20691107958020116,0.010518019806672151,0.7825709006131267
26015,LOF,0.09432990872987769,0.20024795931404524,0.7054221319560771
26016,LOF,0.17045953450823756,0.2701642143517087,0.5593762511400538
26017,GOF,0.012382290923319808,0.5517319868582582,0.435885722218422
26018,LOF,0.01959770099750427,0.3208164274296719,0.6595858715728239
26019,LOF,0.02013920997876009,0.2408097783349284,0.7390510116863116
26020,LOF,0.007339621612323437,0.36686788096618217,0.6257924974214945
26021,LOF,0.07202668342172094,0.304380907437901,0.6235924091403781
26022,LOF,0.05836728174822941,0.11458704267635339,0.8270456755754171
26023,LOF,0.03797062983655965,0.27634459256192445,0.6856847776015159
26024,LOF,0.05184499505260289,0.2274711289201043,0.7206838760272929
26025,LOF,0.07097021358096567,0.27618695421495726,0.6528428322040771
26026,LOF,0.10208011995368961,0.2977875401771532,0.6001323398691571
26027,LOF,0.029251824320203356,0.16187680360035622,0.8088713720794405
26028,LOF,0.047115010589070104,0.2757359156706527,0.6771490737402772
26029,LOF,0.027080491829547738,0.3636136272706904,0.6093058808997618
26030,LOF,0.23488828439082765,0.03667161392515693,0.7284401016840155
26031,LOF,0.012350359348285551,0.3449264361794986,0.6427232044722159
26032,LOF,0.03330073245185332,0.08923291861342982,0.8774663489347169
26033,LOF,0.05115780002427043,0.2277037254930386,0.721138474482691
26034,LOF,0.014502973956933835,0.23725667636545425,0.7482403496776119
26035,LOF,0.011540841006030913,0.3005724637534828,0.6878866952404863
26036,LOF,0.011201125966874248,0.1891077096982311,0.7996911643348947
26037,LOF,0.011064117810961506,0.2017419182298501,0.7871939639591884
26038,LOF,0.0241950738451049,0.09345950323672161,0.8823454229181735
26039,LOF,0.024500807895568813,0.283245573441807,0.6922536186626241
26040,LOF,0.041873088078818003,0.2769563323450957,0.6811705795760863
26041,LOF,0.013071122760375182,0.2437765490825265,0.7431523281570983
26042,LOF,0.012253571339202688,0.26398835606651444,0.7237580725942829
26043,LOF,0.025261448249616028,0.22989596173698285,0.744842590013401
26044,LOF,0.00933564330491336,0.23470254865739157,0.7559618080376951
26045,GOF,0.04964738186573815,0.5584252143416712,0.39192740379259056
26046,LOF,0.024732875901040115,0.24646092067787326,0.7288062034210866
26047,LOF,0.06937782476345201,0.14614659039589803,0.7844755848406499
26048,LOF,0.0940883091418289,0.15437458984060493,0.7515371010175662
26049,Neutral,0.8390995493544768,0.04002022680777622,0.12088022383774698
26050,Neutral,0.8282946635840565,0.038978882315489065,0.13272645410045447
26051,GOF,0.013452345998542751,0.6222670370927103,0.364280616908747
26052,GOF,0.015395379963687943,0.5854243762836001,0.39918024375271177
26053,LOF,0.03815645749789384,0.01992160883276658,0.9419219336693396
26054,LOF,0.15462742227291695,0.08453878539354104,0.760833792333542
26055,LOF,0.17015195064005706,0.14084253625581747,0.6890055131041256
26056,LOF,0.1750828031377789,0.14758300053567985,0.6773341963265412
26057,LOF,0.05381246120160944,0.037039701993253675,0.9091478368051369
26058,LOF,0.06005855302180957,0.030254413004122738,0.9096870339740677
26059,Neutral,0.8344411079993259,0.07885921904418977,0.0866996729564844
26060,LOF,0.011950737647719955,0.29873508045462144,0.6893141818976586
26061,LOF,0.014201194786078182,0.0268830416656423,0.9589157635482796
26062,LOF,0.007862430970650128,0.06249166302349047,0.9296459060058594
26063,LOF,0.05056288214312128,0.03739044818966331,0.9120466696672154
26064,LOF,0.013283445042938956,0.03845262766684964,0.9482639272902114
26065,LOF,0.037029247349875394,0.0526280731226598,0.9103426795274648
26066,LOF,0.0497911764785806,0.04089549495242632,0.9093133285689932
26067,LOF,0.06090897476387149,0.05371924968318032,0.8853717755529482
26068,LOF,0.1634317721481326,0.04908396107658213,0.7874842667752852
26069,LOF,0.06709942938474779,0.07629486251516678,0.8566057081000855
26070,LOF,0.07562908722493411,0.0691219991171007,0.8552489136579652
26071,LOF,0.05282176442986369,0.04537889119565498,0.9017993443744814
26072,LOF,0.009154569755962887,0.030743630508698484,0.9601017997353385
26073,LOF,0.04251228446543619,0.03295474173037011,0.9245329738041937
26074,Neutral,0.8178524444582577,0.036988994558883,0.1451585609828594
26075,LOF,0.06735871892932124,0.09646413503718881,0.8361771460334899
26076,LOF,0.04995745866583709,0.06217119188284901,0.887871349451314
26077,LOF,0.16126329648044033,0.11287666637381819,0.7258600371457414
26078,LOF,0.00901625177259307,0.0737998594066027,0.9171838888208043
26079,LOF,0.19115577878629467,0.036369613275367876,0.7724746079383376
26080,LOF,0.19115577878629467,0.036369613275367876,0.7724746079383376
26081,LOF,0.0513526693989854,0.03788086945051098,0.9107664611505037
26082,LOF,0.00979657825833068,0.10163154942506895,0.8885718723166004
26083,LOF,0.03489472700585053,0.10395754155165757,0.8611477314424919
26084,LOF,0.04760065383704386,0.056825117894689976,0.895574228268266
26085,LOF,0.04370678571303,0.049801524713014536,0.9064916895739555
26086,LOF,0.03819173021881562,0.06378846039350412,0.8980198093876803
26087,LOF,0.0489727750554257,0.05873052013962578,0.8922967048049485
26088,LOF,0.010759263927020448,0.11892995237579414,0.8703107836971855
26089,LOF,0.052219838695266634,0.172937001917826,0.7748431593869074
26090,LOF,0.0557893214018593,0.14469271199642517,0.7995179666017155
26091,LOF,0.04375610612255829,0.05350193021286028,0.9027419636645814
26092,LOF,0.04974811934865559,0.033183905088427904,0.9170679755629165
26093,LOF,0.07145973279337986,0.028331629851282635,0.9002086373553374
26094,LOF,0.04314145961976658,0.047336350626527815,0.9095221897537056
26095,LOF,0.0163381841204325,0.04410894625014385,0.9395528696294237
26096,LOF,0.28258446769283524,0.010448766769669913,0.7069667655374948
26097,LOF,0.009423654750996779,0.047285977577627,0.9432903676713763
26098,LOF,0.18178766559919962,0.03168424150827473,0.7865280928925256
26099,LOF,0.031988666837720475,0.07310865405302658,0.8949026791092529
26100,LOF,0.031988666837720475,0.07310865405302658,0.8949026791092529
26101,LOF,0.03210281290969701,0.09785526350169807,0.8700419235886049
26102,LOF,0.04436838753325372,0.042015601633073434,0.9136160108336727
26103,Neutral,0.8389598016628551,0.05782083959037404,0.10321935874677096
26104,LOF,0.1650493405146105,0.1015606625343226,0.7333899969510668
26105,LOF,0.22756315367226282,0.216381723841011,0.5560551224867262
26106,LOF,0.2742137751295486,0.1991918219473733,0.5265944029230781
26107,LOF,0.008098029135755575,0.314683468170282,0.6772185026939623
26108,LOF,0.14192129690313196,0.2683551909966105,0.5897235121002575
26109,LOF,0.05098207763709884,0.10525621395259709,0.8437617084103042
26110,LOF,0.18424093314738194,0.12816924923130013,0.6875898176213179
26111,LOF,0.048610404078358586,0.30022373346804554,0.651165862453596
26112,LOF,0.045265864951128935,0.043106153877961635,0.9116279811709094
26113,LOF,0.04051621986831308,0.07181880197012935,0.8876649781615574
26114,LOF,0.1017349294072103,0.03059418845725563,0.867670882135534
26115,LOF,0.012326429545711691,0.3720456069005255,0.6156279635537628
26116,LOF,0.07439347134673804,0.11386199211071346,0.8117445365425486
26117,LOF,0.1814073673787182,0.09476570561408731,0.7238269270071945
26118,LOF,0.0454172832030455,0.028026308002257902,0.9265564087946967
26119,LOF,0.005170763113865407,0.0942712425123292,0.9005579943738055
26120,LOF,0.04996801662409498,0.028508363745510315,0.9215236196303948
26121,LOF,0.0041969434837243755,0.19843584876510056,0.7973672077511752
26122,LOF,0.00406527483197306,0.21211013582263147,0.7838245893453956
26123,LOF,0.004694060796498756,0.1606294578222316,0.8346764813812696
