feature0,prediction,LoGoFunc_Neutral,LoGoFunc_GOF,LoGoFunc_LOF
25546,Neutral,0.6626308931850043,0.06580982049585662,0.27155928631913906
25547,LOF,0.3334945737367409,0.25994070902743305,0.406564717235826
25548,LOF,0.2814239639561874,0.1544631223539595,0.5641129136898531
25549,LOF,0.19850214536909772,0.18379029930025412,0.6177075553306483
25550,Neutral,0.6052583947266056,0.06899299317267298,0.3257486121007214
25551,LOF,0.4664270258216718,0.06570865835872454,0.46786431581960364
25552,LOF,0.1102070085993972,0.14953855908392044,0.7402544323166824
25553,Neutral,0.46991433885449585,0.0693837932586621,0.46070186788684214
25554,LOF,0.14524737104763896,0.22152968539236276,0.6332229435599983
25555,LOF,0.11054823053644115,0.1374764414393693,0.7519753280241895
25556,LOF,0.17347724281455584,0.17279358333535857,0.6537291738500856
25557,LOF,0.0974190176188331,0.1435279363041582,0.7590530460770086
25558,LOF,0.1739436232251138,0.16867869332727015,0.657377683447616
25559,Neutral,0.52299515065705,0.14047122548403743,0.3365336238589125
25560,LOF,0.057396746930035984,0.21852700712347595,0.7240762459464881
25561,LOF,0.11344749272683033,0.2278064677451603,0.6587460395280094
25562,LOF,0.37553464859503843,0.049855606194345876,0.5746097452106158
25563,Neutral,0.5218407559680459,0.04515438151027907,0.43300486252167497
25564,LOF,0.05219099023768479,0.2434983035542781,0.7043107062080372
25565,LOF,0.13992538969976645,0.33783535521646424,0.5222392550837693
25566,GOF,0.042429644438906566,0.5196217919580514,0.4379485636030422
25567,LOF,0.3110858278204975,0.08638346717637697,0.6025307050031256
25568,Neutral,0.7027042244798226,0.0730711383884016,0.22422463713177587
25569,Neutral,0.6844463827925917,0.05498202615089699,0.26057159105651134
25570,LOF,0.055112550450333656,0.3015351726421264,0.6433522769075399
25571,LOF,0.06160098143024349,0.25902548927959307,0.6793735292901634
25572,LOF,0.3363532976537389,0.3140825610852212,0.34956414126103996
25573,LOF,0.38713929345044873,0.10332375720724832,0.509536949342303
25574,GOF,0.07682591583008867,0.5152932008889137,0.4078808832809976
25575,LOF,0.07347582690147303,0.07212876104604238,0.8543954120524846
25576,LOF,0.28552663099775955,0.047066902191411575,0.6674064668108288
25577,LOF,0.40793907212857505,0.09322024753337323,0.49884068033805185
25578,Neutral,0.4412511417979948,0.20154919217186695,0.35719966603013825
25579,Neutral,0.4412511417979948,0.20154919217186695,0.35719966603013825
25580,LOF,0.04957705661643805,0.08295812460756531,0.8674648187759967
25581,Neutral,0.7100205623049547,0.056023903918770636,0.23395553377627468
25582,Neutral,0.7100205623049547,0.056023903918770636,0.23395553377627468
25583,LOF,0.05619234370272675,0.129556892078119,0.8142507642191542
25584,LOF,0.34169495716963477,0.28352955009698344,0.3747754927333818
25585,LOF,0.27759968491170595,0.06955070547019294,0.6528496096181011
25586,LOF,0.06527241580831881,0.12527789646447224,0.809449687727209
25587,LOF,0.05861051891212064,0.12149995689740141,0.8198895241904779
25588,LOF,0.052565986814209,0.22968712345815168,0.7177468897276393
25589,Neutral,0.6547556546923184,0.1975444863308846,0.147699858976797
25590,LOF,0.28669448002741443,0.14696911826733025,0.5663364017052553
25591,Neutral,0.6821290602160363,0.07623742248914371,0.24163351729482
25592,LOF,0.052485711747617764,0.11798661636108206,0.8295276718913002
25593,GOF,0.04445796571205472,0.637392983158252,0.3181490511296933
25594,Neutral,0.710363264088184,0.04657767529775378,0.2430590606140623
25595,Neutral,0.688077803304096,0.05985994762714524,0.2520622490687588
25596,Neutral,0.5475626767969748,0.11332166227693387,0.3391156609260913
25597,Neutral,0.4502129941730087,0.10878567505699546,0.44100133076999587
25598,Neutral,0.7435111929165471,0.046127423014931605,0.21036138406852117
25599,GOF,0.042909831044309656,0.7037464114636551,0.25334375749203514
25600,GOF,0.041553956850577174,0.5713763608395299,0.3870696823098929
25601,GOF,0.03275382893160274,0.5063928399730239,0.4608533310953733
25602,LOF,0.4124685366903473,0.05225465821405534,0.5352768050955974
25603,LOF,0.07816607978314442,0.21034258538531406,0.7114913348315416
25604,Neutral,0.48337473098037337,0.1369265726010084,0.3796986964186182
25605,LOF,0.019319965011545984,0.33083617540539556,0.6498438595830583
25606,LOF,0.023064871068237364,0.44667218276685944,0.5302629461649032
25607,LOF,0.034194269439098306,0.2556144715468407,0.710191259014061
25608,LOF,0.2866337418345858,0.21613821003317654,0.4972280481322378
25609,LOF,0.15627312503300653,0.17358457332616203,0.6701423016408314
25610,LOF,0.06778472002893389,0.09310459554695256,0.8391106844241135
25611,LOF,0.046232354705713644,0.21644800148330223,0.7373196438109841
25612,Neutral,0.6583589622191909,0.06714718200285413,0.27449385577795504
25613,Neutral,0.6266906764478537,0.06478246688492498,0.30852685666722135
25614,LOF,0.05845797987950362,0.1451138102693989,0.7964282098510974
25615,LOF,0.33031895370395564,0.08681093330778376,0.5828701129882606
25616,LOF,0.05128469469559256,0.3087458028246435,0.6399695024797638
25617,LOF,0.06138140608956263,0.09114636505286408,0.8474722288575733
25618,LOF,0.054750237895805486,0.25258992410284414,0.6926598380013504
25619,LOF,0.05567810274737745,0.1460945079468073,0.7982273893058153
25620,LOF,0.05577843643746266,0.20482416268131062,0.7393974008812267
25621,LOF,0.39642891668717767,0.03908066386155008,0.5644904194512722
25622,LOF,0.3778613797403513,0.10297534636215895,0.5191632738974898
25623,Neutral,0.4330131031079299,0.13686552665451124,0.4301213702375589
25624,LOF,0.0490988666832672,0.2070273473963143,0.7438737859204185
25625,LOF,0.40665814150344776,0.08079268744835083,0.5125491710482014
25626,Neutral,0.6525535030303741,0.058492106656011573,0.28895439031361436
25627,GOF,0.027403602190525574,0.5610183108110215,0.41157808699845294
25628,LOF,0.32600037978207513,0.20613188574469235,0.4678677344732325
25629,Neutral,0.6893376221093311,0.05994721544566899,0.25071516244500003
25630,LOF,0.057202508240191366,0.3321529750394714,0.6106445167203373
25631,Neutral,0.5164469520392995,0.264370682690136,0.2191823652705645
25632,LOF,0.40957533141379704,0.03799004089428347,0.5524346276919195
25633,LOF,0.27059774801516934,0.3519662654033219,0.3774359865815088
25634,Neutral,0.6969268775357814,0.07456279771766419,0.22851032474655433
25635,LOF,0.06403186594345996,0.08070203884044243,0.8552660952160976
25636,GOF,0.07883842168882463,0.6422985254886431,0.27886305282253226
25637,LOF,0.052684132185865845,0.40406453865565883,0.5432513291584753
25638,GOF,0.02750714417518579,0.7029914498288428,0.26950140599597133
25639,LOF,0.049995725962845856,0.34451117019905836,0.6054931038380958
25640,GOF,0.13189949457685982,0.7702742776406625,0.09782622778247774
25641,GOF,0.05496952701205473,0.5769947738052391,0.3680356991827061
25642,Neutral,0.5996079621007437,0.14781734600780488,0.25257469189145154
25643,LOF,0.4112163088475711,0.039566345292422325,0.5492173458600066
25644,GOF,0.057483225867602114,0.6278128203787032,0.3147039537536945
25645,GOF,0.024447716764208857,0.6208931622928294,0.3546591209429617
25646,LOF,0.02672039540427393,0.47678132155810554,0.49649828303762056
25647,GOF,0.04322428001231216,0.6426940640292997,0.31408165595838816
25648,GOF,0.0464730543972156,0.7860839525975482,0.16744299300523618
25649,GOF,0.03591861262152689,0.6330698601012881,0.3310115272771851
25650,GOF,0.06762390412857464,0.5598999466814012,0.37247614919002414
25651,GOF,0.0258735998067298,0.5679898715887749,0.40613652860449534
25652,LOF,0.03399680681068314,0.40633951303232557,0.5596636801569912
25653,LOF,0.0824572919758205,0.456639100923135,0.4609036071010445
25654,GOF,0.1035249176546234,0.5875796936406844,0.30889538870469213
25655,GOF,0.04693544675723951,0.7245383359307095,0.2285262173120509
25656,LOF,0.04125557061920197,0.216428846241802,0.742315583138996
25657,Neutral,0.6123138360946994,0.027505297061259214,0.3601808668440414
25658,LOF,0.04685242572203147,0.4626215836238282,0.49052599065414015
25659,LOF,0.17248509462973588,0.1825227011918565,0.6449922041784077
25660,LOF,0.09868051351299147,0.23557582324387538,0.665743663243133
25661,LOF,0.08082777010338447,0.1008647948859438,0.8183074350106718
25662,LOF,0.04942233868546909,0.15934903828850078,0.79122862302603
25663,LOF,0.08301343886875986,0.11454636371667527,0.8024401974145648
25664,LOF,0.26032213274778754,0.12422011696695369,0.6154577502852587
25665,Neutral,0.614956806962265,0.07786417594276414,0.307179017094971
25666,LOF,0.33701961333029323,0.064303282992985,0.5986771036767218
25667,LOF,0.050250535858117104,0.08509675355746017,0.8646527105844227
25668,LOF,0.05256988475252097,0.09559481158647681,0.8518353036610022
25669,LOF,0.05298044599993709,0.1278952539022902,0.8191243000977727
25670,LOF,0.4339118150801728,0.0846390497065905,0.48144913521323673
25671,LOF,0.06045552571006089,0.22686926538621485,0.7126752089037242
25672,Neutral,0.627620153958636,0.07998903709515759,0.29239080894620645
25673,LOF,0.24923323769710892,0.14193231847106474,0.6088344438318263
25674,LOF,0.40000503728761266,0.11270838153486358,0.48728658117752377
25675,LOF,0.39678972761381137,0.14189689925871193,0.4613133731274767
25676,LOF,0.050732903467601925,0.1524455263280343,0.7968215702043637
25677,LOF,0.07307463018806602,0.10675007206444573,0.8201752977474883
25678,Neutral,0.5227961876166132,0.09107202386923907,0.3861317885141476
25679,Neutral,0.5965811677867585,0.09277001522472038,0.3106488169885212
25680,LOF,0.10482160288874011,0.18350443106924574,0.7116739660420142
25681,LOF,0.1153438968554294,0.1867237797075044,0.6979323234370663
25682,LOF,0.0689329164212016,0.15974639763409323,0.7713206859447052
25683,LOF,0.4118967722771858,0.1339890174101648,0.4541142103126494
25684,LOF,0.0935362446007328,0.2518314298779452,0.654632325521322
25685,Neutral,0.4764575447309216,0.14783974446327663,0.37570271080580175
25686,GOF,0.0596506075381825,0.5631895803805128,0.3771598120813045
25687,GOF,0.10172579208842435,0.5184396514294586,0.379834556482117
25688,GOF,0.03162982486283151,0.514200068322631,0.4541701068145374
25689,LOF,0.030560047242672177,0.3720425789705043,0.5973973737868236
25690,GOF,0.015274822849721021,0.6110998567479723,0.37362532040230684
25691,GOF,0.048225658537447015,0.49651845030640884,0.45525589115614423
25692,Neutral,0.4446644026755847,0.12343796574841806,0.43189763157599725
25693,GOF,0.0838113173402542,0.7201025880930653,0.1960860945666806
25694,Neutral,0.5127266460766015,0.033052885363924187,0.45422046855947434
25695,LOF,0.19669939043666332,0.10273918263587584,0.7005614269274608
25696,Neutral,0.4468789374595268,0.13279091013675126,0.420330152403722
25697,Neutral,0.4427129934631765,0.20958102945871201,0.34770597707811146
25698,GOF,0.046681757509606035,0.7679723912254226,0.18534585126497136
25699,GOF,0.048474455560319804,0.6457947684774568,0.3057307759622234
25700,LOF,0.061044475121198254,0.09136982802813197,0.8475856968506698
25701,LOF,0.04658518260005215,0.44039042061200573,0.5130243967879421
25702,GOF,0.11880935300848533,0.7273586407285019,0.15383200626301288
25703,LOF,0.4051433759725798,0.03544177012772772,0.5594148538996925
25704,LOF,0.05497682253216379,0.15119409672403797,0.7938290807437982
25705,LOF,0.11077418982803354,0.20209732534804348,0.687128484823923
25706,GOF,0.04540943657017322,0.6160290000017409,0.3385615634280859
25707,LOF,0.02626415394889367,0.4146019842274835,0.5591338618236229
25708,LOF,0.0381137924227246,0.4700864428869467,0.49179976469032866
25709,LOF,0.05776894435067621,0.1456693355687105,0.7965617200806132
25710,Neutral,0.4208991463084503,0.20366150486533544,0.3754393488262142
25711,LOF,0.05104013994643974,0.27360574712207475,0.6753541129314855
25712,Neutral,0.6381496658050637,0.07911179482677486,0.28273853936816146
25713,LOF,0.07367748129533902,0.19129391296484602,0.7350286057398151
25714,LOF,0.06169160154064399,0.3508741603435211,0.5874342381158351
25715,LOF,0.05059781472895161,0.30137501467273303,0.6480271705983154
25716,LOF,0.4199853405326216,0.1029055989669514,0.4771090605004269
25717,Neutral,0.5373579354421216,0.17638457381477066,0.2862574907431078
25718,LOF,0.0574406978432547,0.1628633047099482,0.7796959974467971
25719,LOF,0.05657402374187228,0.2433408514139204,0.7000851248442073
25720,LOF,0.06836421337456712,0.1333000046300486,0.7983357819953844
25721,LOF,0.04429660652181255,0.10312396994556995,0.8525794235326175
25722,LOF,0.06219503568304045,0.12055071078204417,0.8172542535349154
25723,LOF,0.06464654973275272,0.25285743923611004,0.6824960110311372
25724,LOF,0.06488734971813805,0.23666097819083529,0.6984516720910268
25725,LOF,0.08897689814680841,0.12566798243865965,0.785355119414532
25726,LOF,0.04994153572197358,0.1438350900980462,0.8062233741799801
25727,LOF,0.06327557420005399,0.11630211281500014,0.8204223129849458
25728,LOF,0.051181966742588465,0.16877965837147255,0.780038374885939
25729,LOF,0.05193521793079898,0.16544319190772966,0.7826215901614714
25730,LOF,0.041308966763921706,0.23371414166805193,0.7249768915680265
25731,LOF,0.2874811108694157,0.07148949895051451,0.6410293901800698
25732,LOF,0.07709240083565069,0.07604874845135302,0.8468588507129964
25733,LOF,0.042390479383462576,0.38169656958608794,0.5759129510304495
25734,LOF,0.32745874094655125,0.08958145081068809,0.5829598082427606
25735,LOF,0.04329206263907074,0.15548393184550757,0.8012240055154217
25736,LOF,0.04481222936105245,0.25709465303326856,0.698093117605679
25737,LOF,0.0565096790528834,0.25125850374005937,0.6922318172070573
25738,LOF,0.050812810857456245,0.30416095383096253,0.6450262353115812
25739,LOF,0.04955464691576272,0.2841958965830496,0.6662494565011876
25740,LOF,0.08431830549214409,0.21831000879514897,0.6973716857127069
25741,LOF,0.08600188088778721,0.19089839891909477,0.723099720193118
25742,LOF,0.09663774409218719,0.2811026698231882,0.6222595860846246
25743,LOF,0.3037457911620586,0.053013866378073,0.6432403424598684
25744,GOF,0.08207437335627485,0.6281641862738699,0.2897614403698553
25745,GOF,0.03681022381757609,0.7404141245009973,0.22277565168142657
25746,GOF,0.04559669989342104,0.7067949137662352,0.2476083863403438
25747,LOF,0.05129075454819922,0.12150770890357299,0.8272015365482278
25748,GOF,0.2597044526858201,0.37393096226945094,0.366364585044729
25749,GOF,0.03263273186848919,0.6847197453291157,0.2826475228023951
25750,GOF,0.044189472729319064,0.6648604414249779,0.2909500858457031
25751,LOF,0.060923513767372144,0.24674759978649896,0.6923288864461289
25752,LOF,0.2937023748285176,0.2906648513066861,0.41563277386479625
25753,LOF,0.2914508649302987,0.07682058334896931,0.6317285517207321
25754,GOF,0.03294737061762185,0.7048820077192993,0.2621706216630787
25755,LOF,0.25003356939322235,0.18325561036872884,0.5667108202380489
25756,Neutral,0.6749952109299113,0.06632796195414914,0.2586768271159394
25757,GOF,0.051094836746171886,0.6565273497490159,0.2923778135048123
25758,GOF,0.034206679966941336,0.734967982928542,0.23082533710451675
25759,GOF,0.026706934001774138,0.6021835429588392,0.37110952303938666
25760,LOF,0.27926844944723045,0.08121581931222584,0.6395157312405436
25761,GOF,0.027905332940185795,0.6330822713625777,0.3390123956972365
25762,Neutral,0.6969268775357814,0.07456279771766419,0.22851032474655433
25763,LOF,0.3063611859588746,0.07409767552282337,0.6195411385183021
25764,GOF,0.25997629048877896,0.44447621892472666,0.2955474905864943
25765,GOF,0.028244413098704915,0.6937587578335683,0.2779968290677268
25766,GOF,0.07767085279952887,0.6328979324650464,0.2894312147354248
25767,GOF,0.03539841730180619,0.8163227096092273,0.14827887308896653
25768,LOF,0.048370481444986076,0.23709032232912,0.714539196225894
25769,LOF,0.053901894831672084,0.19924381469117838,0.7468542904771496
25770,Neutral,0.628133416230751,0.06506744927313123,0.3067991344961177
25771,LOF,0.25277004902130845,0.09876987051942357,0.648460080459268
25772,LOF,0.06452387793178611,0.05705459836146289,0.878421523706751
25773,LOF,0.4382695698165044,0.06856835147863145,0.49316207870486406
25774,Neutral,0.6681361362378163,0.08289282621711717,0.24897103754506641
25775,LOF,0.2857500753852045,0.06535781753257755,0.648892107082218
25776,LOF,0.04107651293901499,0.10097317499020857,0.8579503120707764
25777,Neutral,0.6357267330572361,0.053321286692055526,0.31095198025070825
25778,LOF,0.07542157987531979,0.08268060142811905,0.8418978186965611
25779,GOF,0.11792100042220494,0.714686359390656,0.16739264018713915
25780,GOF,0.06371963297547863,0.7649273378049044,0.17135302921961687
25781,GOF,0.06736360661660176,0.7547755186137199,0.17786087476967827
25782,GOF,0.05123121804409308,0.7188908663564644,0.22987791559944262
25783,GOF,0.11728819045490038,0.7199838558766571,0.16272795366844245
25784,GOF,0.15783757189457515,0.7080088532516139,0.134153574853811
25785,GOF,0.08170093248524743,0.693830628803268,0.2244684387114846
25786,GOF,0.05160885124636442,0.6585214455066352,0.28986970324700034
25787,GOF,0.04717797971235135,0.5364834617150358,0.4163385585726128
25788,LOF,0.058587161392908135,0.1371891968021567,0.8042236418049352
25789,GOF,0.06096009446012463,0.7168468184427728,0.22219308709710245
25790,GOF,0.049049572560702394,0.735211842314474,0.21573858512482363
25791,GOF,0.02762726993342019,0.648763097342177,0.3236096327244028
25792,GOF,0.028006287457751845,0.6408994170025833,0.3310942955396648
25793,GOF,0.02925900498566318,0.7116146388771049,0.25912635613723195
25794,GOF,0.05515336002314177,0.7604921302324017,0.1843545097444566
25795,GOF,0.10376911439058033,0.6486207566368292,0.24761012897259047
25796,GOF,0.0665897959908525,0.6677855989527614,0.26562460505638613
25797,GOF,0.061887173813225824,0.6645051864144353,0.2736076397723388
25798,GOF,0.06391152303536458,0.77399565603108,0.16209282093355534
25799,GOF,0.09300772311176313,0.7513679184316585,0.15562435845657824
25800,GOF,0.08350454708727582,0.7745466047957784,0.1419488481169456
25801,GOF,0.07411230543079061,0.7515096309253833,0.17437806364382633
25802,GOF,0.09548177713698024,0.7141159953920011,0.19040222747101873
25803,GOF,0.050469888821224385,0.6830225301013371,0.2665075810774385
25804,GOF,0.09454819452612981,0.6434640543701743,0.26198775110369593
25805,GOF,0.057325292122138785,0.7718888577673093,0.17078585011055186
25806,GOF,0.054796935982213975,0.7767168918971635,0.16848617212062256
25807,GOF,0.06992764170060128,0.6792771237273915,0.25079523457200736
25808,GOF,0.06504917876970093,0.7707342768532301,0.16421654437706906
25809,GOF,0.058806577974355644,0.7799990068466609,0.16119441517898359
25810,GOF,0.05386579771461126,0.7956495774116589,0.15048462487372977
25811,GOF,0.04836711607005665,0.56014447153121,0.3914884123987332
25812,GOF,0.03422515827672573,0.7483876138626686,0.21738722786060555
25813,GOF,0.043317166550624335,0.6939686858055665,0.2627141476438092
25814,GOF,0.06063909304351659,0.7353158061174727,0.20404510083901053
25815,GOF,0.03654096491099596,0.7265239631464246,0.2369350719425795
25816,GOF,0.04078389006044162,0.7640987108543846,0.1951173990851737
25817,GOF,0.035567225833034115,0.7713229084959093,0.19310986567105662
25818,GOF,0.032190810991330344,0.5264847540127277,0.44132443499594204
25819,GOF,0.04051566786052886,0.6786081231372642,0.280876209002207
25820,GOF,0.04524500008413324,0.6868962385813794,0.2678587613344873
25821,GOF,0.04683090083260725,0.6880626090170059,0.26510649015038695
25822,GOF,0.06639160776661804,0.6689937962439925,0.2646145959893895
25823,GOF,0.1116248476263976,0.5825835019406553,0.30579165043294704
25824,GOF,0.06933893610805374,0.7286151300829952,0.2020459338089511
25825,GOF,0.06557599262269541,0.7309224530537032,0.20350155432360142
25826,GOF,0.06933893610805374,0.7286151300829952,0.2020459338089511
25827,GOF,0.05034693702095583,0.7789452735424333,0.170707789436611
25828,GOF,0.04834086251354765,0.7640673740640093,0.18759176342244305
25829,LOF,0.4111827044379252,0.0507037735482877,0.538113522013787
25830,LOF,0.04097502750980145,0.20200581135113357,0.757019161139065
25831,GOF,0.03707384741308383,0.6543367983329059,0.3085893542540102
25832,GOF,0.06489622305915868,0.7028283028302255,0.23227547411061591
25833,GOF,0.06171991711273477,0.7193144322400539,0.21896565064721146
25834,GOF,0.059928356020578125,0.6818127536338218,0.25825889034560007
25835,GOF,0.06938227164740877,0.7041528163208842,0.226464912031707
25836,GOF,0.06615735646257627,0.6860571954124578,0.24778544812496597
25837,GOF,0.057105691758895,0.6959646931897453,0.24692961505135977
25838,GOF,0.05764189089136547,0.6864880026404341,0.2558701064682004
25839,GOF,0.07489513062019976,0.667925173461932,0.25717969591786827
25840,GOF,0.05506583979621782,0.7064623854945311,0.23847177470925118
25841,GOF,0.055498815026754376,0.6955215286044224,0.24897965636882322
25842,GOF,0.044765984702183514,0.7183703419578713,0.23686367333994518
25843,GOF,0.0460464055673341,0.7141156056908112,0.23983798874185477
25844,GOF,0.050719119400459554,0.6583667683263865,0.290914112273154
25845,GOF,0.05298858292567629,0.6707201113952882,0.2762913056790355
25846,GOF,0.04956776310780135,0.6592503899000844,0.29118184699211436
25847,GOF,0.05646391699732075,0.6533847278978949,0.2901513551047843
25848,GOF,0.04632458564833641,0.7409397290442051,0.21273568530745862
25849,GOF,0.04446188282561829,0.7362428749319622,0.21929524224241959
25850,GOF,0.11805887704891,0.6294404111455925,0.2525007118054975
25851,GOF,0.13289020855149256,0.6144888594880694,0.25262093196043817
25852,GOF,0.1379328040822751,0.5324977165240513,0.32956947939367365
25853,GOF,0.07237108375745507,0.6938942326764992,0.23373468356604576
25854,GOF,0.05531105516327292,0.7615176769117797,0.18317126792494742
25855,GOF,0.061380494172726674,0.699745865237166,0.2388736405901074
25856,GOF,0.06412954575830213,0.693453546962346,0.24241690727935195
25857,GOF,0.06671863893815323,0.7057254552878385,0.22755590577400833
25858,GOF,0.08320082089766845,0.6034507875323447,0.3133483915699868
25859,GOF,0.08211818116078025,0.6109660612090434,0.3069157576301764
25860,GOF,0.07239402589561435,0.5673293017556641,0.36027667234872157
25861,GOF,0.07835641215684644,0.6580665828791737,0.2635770049639799
25862,GOF,0.05427904800045666,0.7085718702952509,0.23714908170429239
25863,GOF,0.055962650598774415,0.6998108428198715,0.24422650658135414
25864,GOF,0.055178197174311924,0.7543853843992483,0.19043641842643982
25865,GOF,0.06129270638106363,0.7682300736341499,0.17047721998478654
25866,GOF,0.05616105222280304,0.7755867203513722,0.1682522274258247
25867,GOF,0.05691269409592589,0.7688248836810454,0.1742624222230289
25868,GOF,0.04504573112036173,0.6088889773225582,0.3460652915570801
25869,GOF,0.053176977204507175,0.6584791649858294,0.2883438578096635
25870,LOF,0.055328707719293845,0.1776468827290579,0.7670244095516482
25871,GOF,0.04613032391067145,0.686386980609708,0.2674826954796205
25872,GOF,0.0418560533229583,0.5551243839459452,0.4030195627310966
25873,GOF,0.05549659671158617,0.6076778852411249,0.336825518047289
25874,LOF,0.07626945704150448,0.09021236441438313,0.8335181785441124
25875,GOF,0.06702677577590518,0.670469094082713,0.26250413014138174
25876,Neutral,0.5010339087412647,0.08931270441005036,0.409653386848685
25877,GOF,0.10726893637606075,0.583621974635795,0.3091090889881441
25878,GOF,0.05183588089188774,0.7741138503117115,0.17405026879640073
25879,GOF,0.03371039688895788,0.5078822504385069,0.4584073526725352
25880,LOF,0.08359715258381673,0.11593471982426734,0.800468127591916
25881,Neutral,0.6198974506237407,0.28186915218072606,0.09823339719553309
25882,LOF,0.3838150011691205,0.13225830562159888,0.48392669320928056
25883,LOF,0.06378306439938689,0.1287164680335905,0.8075004675670225
25884,LOF,0.3843031569141308,0.09897854754914741,0.5167182955367218
25885,Neutral,0.5008478249227102,0.020600763510380173,0.47855141156690967
25886,Neutral,0.4412511417979948,0.20154919217186695,0.35719966603013825
25887,GOF,0.27651481799323757,0.5478448585039842,0.1756403235027782
25888,GOF,0.0698239074509992,0.544252287918562,0.3859238046304388
25889,LOF,0.22253265688177387,0.11705191083746613,0.6604154322807599
25890,LOF,0.1575759087363813,0.3132824520961168,0.5291416391675019
25891,LOF,0.29082323477256317,0.2480670704274253,0.4611096948000115
25892,LOF,0.012433424703529254,0.45907795128408535,0.5284886240123854
25893,LOF,0.38681356562169783,0.14653077225832004,0.46665566211998216
25894,LOF,0.4290324288868697,0.06071265885097408,0.5102549122621562
25895,LOF,0.4082897461517187,0.04141977553071059,0.5502904783175707
25896,Neutral,0.6334314567886902,0.06614388129886072,0.3004246619124491
25897,LOF,0.2564455078924603,0.13626736012431115,0.6072871319832286
25898,GOF,0.051041389341111944,0.6664329498296281,0.28252566082925995
25899,LOF,0.27026660024607096,0.3513240956430576,0.3784093041108714
25900,Neutral,0.8113886748367822,0.04831777591030141,0.14029354925291623
25901,LOF,0.06413300051943538,0.1037697492902649,0.8320972501902998
25902,LOF,0.39912595073805673,0.13130608159856627,0.4695679676633771
25903,LOF,0.22738254828732146,0.2743294808025864,0.49828797091009225
25904,Neutral,0.4412511417979948,0.20154919217186695,0.35719966603013825
25905,LOF,0.08097409175179349,0.2799004012867427,0.6391255069614639
25906,LOF,0.381417567954203,0.07293177130613449,0.5456506607396624
25907,LOF,0.036890362295848834,0.4728138770399773,0.4902957606641739
25908,GOF,0.04467990422665639,0.5799142815217596,0.375405814251584
25909,LOF,0.0766274886114606,0.42813424007888495,0.49523827130965437
25910,LOF,0.023134117953396323,0.44277924363812116,0.5340866384084825
25911,Neutral,0.6826486772003447,0.06667058544863451,0.2506807373510208
25912,Neutral,0.5525782963107337,0.02710341420364966,0.42031828948561667
25913,LOF,0.02140076810451424,0.46197766210496005,0.5166215697905258
25914,LOF,0.04782510288371004,0.3044144663385805,0.6477604307777095
25915,GOF,0.09451679574060044,0.7071178089906279,0.1983653952687716
25916,GOF,0.08107207297851922,0.7163675673895655,0.2025603596319152
25917,Neutral,0.751129229918769,0.05648291828444348,0.19238785179678766
25918,LOF,0.05115751191842896,0.16809725213819499,0.780745235943376
25919,LOF,0.04355731339182149,0.06101718623511932,0.8954255003730591
25920,LOF,0.3290563481438578,0.3094573243136796,0.36148632754246257
25921,LOF,0.27056510432831177,0.057478643898601495,0.6719562517730867
25922,LOF,0.186122340851977,0.06203099075117714,0.7518466683968459
25923,Neutral,0.4412511417979948,0.20154919217186695,0.35719966603013825
25924,LOF,0.2873335504256941,0.13297506356229163,0.5796913860120143
25925,Neutral,0.6264631426019871,0.07212944203678684,0.30140741536122606
25926,Neutral,0.6799262721036866,0.08193392262845993,0.23813980526785347
25927,LOF,0.02392450911225186,0.4378473989499401,0.5382280919378081
25928,LOF,0.25890004519065385,0.03933371976649071,0.7017662350428555
25929,Neutral,0.4412511417979948,0.20154919217186695,0.35719966603013825
25930,LOF,0.04435327333654223,0.1776998131722812,0.7779469134911765
25931,LOF,0.39343287143231565,0.06586201284755704,0.5407051157201274
25932,LOF,0.08148653463546442,0.0944104231399243,0.8241030422246113
25933,LOF,0.07415601016278156,0.11304580359112736,0.8127981862460912
25934,LOF,0.0975547374914687,0.1081605584457152,0.794284704062816
25935,Neutral,0.6681361362378163,0.08289282621711717,0.24897103754506641
25936,LOF,0.06746808708152928,0.1119051731610499,0.820626739757421
25937,LOF,0.3111587768872768,0.15463251800481242,0.5342087051079109
25938,Neutral,0.6826486772003447,0.06667058544863451,0.2506807373510208
25939,LOF,0.0527719998902345,0.1554721322612957,0.7917558678484697
25940,GOF,0.05936532469486801,0.806970958554689,0.1336637167504428
25941,Neutral,0.5041114684132254,0.09331801039066075,0.4025705211961139
25942,LOF,0.21463963807892714,0.1734193352714026,0.6119410266496703
25943,LOF,0.0302893299894172,0.4619240899858586,0.5077865800247242
25944,LOF,0.019583691005955806,0.4277033623543473,0.5527129466396968
25945,LOF,0.04198737056446,0.12753621045969152,0.8304764189758485
25946,LOF,0.4327841162742534,0.050217159492076745,0.5169987242336698
25947,Neutral,0.6836889234663023,0.0493927656390505,0.2669183108946473
25948,Neutral,0.5100961053261436,0.09384205223443326,0.39606184243942316
25949,LOF,0.4094697174602548,0.06072783409520331,0.5298024484445419
25950,GOF,0.06681948561449028,0.6955934114401091,0.23758710294540059
25951,GOF,0.02677509694515772,0.7866539053716933,0.18657099768314908
25952,LOF,0.18874555099818593,0.3451115687219653,0.4661428802798488
25953,LOF,0.04257319817284463,0.32642195830489396,0.6310048435222614
25954,GOF,0.05852965208568084,0.6709287800829435,0.2705415678313755
25955,LOF,0.02465771655177505,0.46671323125829217,0.5086290521899328
25956,GOF,0.04084343304580537,0.578621198774935,0.3805353681792597
25957,Neutral,0.6256461976417742,0.05386526467678686,0.3204885376814389
25958,LOF,0.0852997928040935,0.15155656739457934,0.7631436398013272
25959,LOF,0.022979102023281826,0.4484982245929168,0.5285226733838013
25960,LOF,0.23095514767151468,0.08262281697157213,0.6864220353569133
25961,LOF,0.04268262733993846,0.25915640793498385,0.6981609647250777
25962,LOF,0.41722311301587456,0.05825419320906494,0.5245226937750606
25963,GOF,0.0431230110451147,0.5677180007454603,0.389158988209425
25964,LOF,0.077180622164416,0.3246474807474663,0.5981718970881178
25965,GOF,0.12368629418235025,0.6012914004854221,0.2750223053322276
25966,Neutral,0.4412511417979948,0.20154919217186695,0.35719966603013825
25967,LOF,0.33535962305520983,0.06769120210287712,0.596949174841913
25968,GOF,0.30520345423876877,0.4814403640981238,0.21335618166310744
25969,Neutral,0.5818996460333827,0.05347988463546076,0.3646204693311565
25970,Neutral,0.4625214420623532,0.1493404395991358,0.3881381183385112
25971,LOF,0.11195606228977593,0.1993529570384655,0.6886909806717586
25972,LOF,0.12279346097301179,0.14230426935478202,0.7349022696722061
25973,LOF,0.4171881164116664,0.02019534271086191,0.5626165408774716
25974,GOF,0.09218684493970787,0.48614173287100093,0.4216714221892911
25975,LOF,0.07073625038304562,0.032351602482514785,0.8969121471344396
25976,LOF,0.3966354231772408,0.011232563397588756,0.5921320134251704
25977,Neutral,0.6027685349373947,0.05659763692903913,0.3406338281335662
25978,LOF,0.17367674376623998,0.169308634480338,0.657014621753422
25979,LOF,0.1036553809214123,0.17081788711804038,0.7255267319605473
25980,LOF,0.20772936186955648,0.3710792549134,0.4211913832170435
25981,GOF,0.21583909941052568,0.43927084615356815,0.34489005443590615
25982,LOF,0.18090597696266422,0.28841211051740767,0.530681912519928
25983,LOF,0.12679365743443072,0.29788560466630387,0.5753207378992654
25984,LOF,0.06350924069986405,0.09778420221089872,0.8387065570892372
25985,Neutral,0.6734355435204117,0.21252812498830057,0.11403633149128774
25986,GOF,0.03273781745995628,0.5716327603833222,0.39562942215672153
25987,LOF,0.38416209073599195,0.1606467482494358,0.4551911610145723
25988,LOF,0.039537596958001124,0.2722533231820139,0.688209079859985
25989,LOF,0.05385168662163907,0.23716184953051528,0.7089864638478457
25990,LOF,0.051966079761833324,0.32556240000864295,0.6224715202295238
25991,GOF,0.10242775554698723,0.5774326208021474,0.32013962365086535
25992,LOF,0.09214959072587614,0.33748862539416175,0.5703617838799622
25993,LOF,0.0675918790289207,0.04638258871015003,0.8860255322609292
25994,LOF,0.09077488846237186,0.050279167669256726,0.8589459438683714
25995,LOF,0.044519515814066324,0.11531975474116908,0.8401607294447645
25996,GOF,0.22226542759803666,0.47694927029679035,0.3007853021051728
25997,GOF,0.13146200379984807,0.6106659859070231,0.25787201029312873
25998,LOF,0.3740628108526993,0.18340835121336682,0.4425288379339338
25999,LOF,0.020674184575175805,0.36394468350580383,0.6153811319190204
26000,LOF,0.3040504815660827,0.07415450210375268,0.6217950163301647
26001,LOF,0.16323149555035227,0.3109804424993585,0.5257880619502892
26002,LOF,0.2961713645805095,0.11239517891186954,0.591433456507621
26003,GOF,0.06032048934128835,0.6419790394435759,0.2977004712151357
26004,GOF,0.10626986532733321,0.7048073632169405,0.18892277145572622
26005,GOF,0.0449527352875697,0.8268164663892663,0.12823079832316392
26006,GOF,0.06196203559358906,0.717685330625121,0.22035263378128983
26007,GOF,0.039161435421792165,0.7565807587930151,0.20425780578519281
26008,GOF,0.09082134155318221,0.7335957595937026,0.17558289885311512
26009,GOF,0.045464249935991935,0.823898099252721,0.13063765081128711
26010,GOF,0.05091308401500485,0.6619134186121938,0.2871734973728014
26011,GOF,0.047178258496198076,0.7002567543168362,0.2525649871869657
26012,GOF,0.04732367904107817,0.7308167461606154,0.22185957479830654
26013,GOF,0.04895279020163909,0.6522146931663952,0.29883251663196564
26014,LOF,0.45344621428809834,0.03395640818356254,0.5125973775283392
26015,LOF,0.27858375559200044,0.15181744854409607,0.5695987958639035
26016,LOF,0.22640491171609006,0.17964456927307082,0.5939505190108391
26017,LOF,0.046053744821391136,0.34362336952010786,0.610322885658501
26018,LOF,0.04283125133664766,0.25078965972318024,0.7063790889401721
26019,LOF,0.04934468123487181,0.10290144931690234,0.847753869448226
26020,LOF,0.02428106736915293,0.4808886961644005,0.49483023646644675
26021,LOF,0.2759654533870787,0.21596652505241482,0.5080680215605065
26022,LOF,0.2165606277152823,0.11458402016101198,0.6688553521237057
26023,LOF,0.05980726777814965,0.0881891737911997,0.8520035584306507
26024,LOF,0.09885738519220895,0.20052403563879148,0.7006185791689996
26025,LOF,0.038847534141751856,0.341899946460726,0.6192525193975221
26026,LOF,0.041571132425804104,0.43842033273412934,0.5200085348400666
26027,LOF,0.07320612876110384,0.11913327641371949,0.8076605948251767
26028,GOF,0.10546806235006219,0.4834851165736647,0.411046821076273
26029,GOF,0.06337138758565174,0.7284472631478328,0.2081813492665155
26030,Neutral,0.573563151604235,0.06355980497482377,0.36287704342094124
26031,GOF,0.03487741619239526,0.6808059848521326,0.2843165989554722
26032,LOF,0.06162872321467883,0.17374542294236853,0.7646258538429527
26033,LOF,0.05722931583546812,0.17005065660366372,0.7727200275608681
26034,GOF,0.026928939867467652,0.6388747029076889,0.33419635722484353
26035,GOF,0.02428620496785112,0.7259355990793167,0.2497781959528323
26036,GOF,0.02268028114951963,0.6428716847822656,0.3344480340682148
26037,GOF,0.030658542279869493,0.6365282600417898,0.33281319767834067
26038,LOF,0.04393966999238875,0.16397579499321127,0.7920845350144
26039,GOF,0.027206494331946825,0.5688800101385428,0.40391349552951045
26040,LOF,0.04756497349614292,0.12196375775396365,0.8304712687498935
26041,GOF,0.05565844061958141,0.5400975693254754,0.4042439900549432
26042,GOF,0.05014229065713216,0.5436262567744654,0.4062314525684024
26043,LOF,0.03263418392490276,0.2699391214516943,0.6974266946234029
26044,LOF,0.29989520605782666,0.14010800043181826,0.559996793510355
26045,GOF,0.03305770902233255,0.72345667394389,0.2434856170337775
26046,LOF,0.043676533140509316,0.23619877109014925,0.7201246957693413
26047,LOF,0.13178483112481335,0.1350144663793412,0.7332007024958455
26048,Neutral,0.4849214657080994,0.057342212057081336,0.4577363222348193
26049,Neutral,0.6229833170408342,0.13367470296354386,0.24334197999562182
26050,Neutral,0.6681361362378163,0.08289282621711717,0.24897103754506641
26051,GOF,0.03427438990579036,0.5367815164159758,0.4289440936782339
26052,GOF,0.05617927080961385,0.7229708417019184,0.22084988748846773
26053,Neutral,0.4859583279797698,0.057738815204293664,0.45630285681593663
26054,Neutral,0.6826486772003447,0.06667058544863451,0.2506807373510208
26055,Neutral,0.6826486772003447,0.06667058544863451,0.2506807373510208
26056,Neutral,0.6826486772003447,0.06667058544863451,0.2506807373510208
26057,LOF,0.06160040826904287,0.12215769650656656,0.8162418952243906
26058,LOF,0.06832751325059054,0.09854234242222025,0.8331301443271891
26059,Neutral,0.8367161679685977,0.05170558178681355,0.11157825024458878
26060,GOF,0.03779802953242182,0.5584504371271667,0.4037515333404115
26061,LOF,0.3276322919105339,0.04664133427562148,0.6257263738138447
26062,Neutral,0.4625772723339951,0.10866361382786778,0.42875911383813725
26063,LOF,0.07520878835532471,0.0626135731171713,0.8621776385275041
26064,LOF,0.3791638312603436,0.04049432935574779,0.5803418393839086
26065,LOF,0.046338867294360146,0.11495199233015133,0.8387091403754885
26066,LOF,0.07824090126991479,0.10225019507163036,0.8195089036584549
26067,LOF,0.07082276953512791,0.1926317525352095,0.7365454779296626
26068,Neutral,0.627620153958636,0.07998903709515759,0.29239080894620645
26069,Neutral,0.6069438359651443,0.08778108629064117,0.3052750777442145
26070,Neutral,0.6069438359651443,0.08778108629064117,0.3052750777442145
26071,LOF,0.06897072529364279,0.12727450556960426,0.8037547691367529
26072,LOF,0.38176917457926407,0.08618567746276196,0.5320451479579739
26073,LOF,0.07774309812544299,0.0921117697304161,0.830145132144141
26074,Neutral,0.8123193829710618,0.05855886074052809,0.12912175628841002
26075,Neutral,0.6190714009087339,0.08903398208180918,0.2918946170094569
26076,LOF,0.056928921818881734,0.18015903636839573,0.7629120418127225
26077,Neutral,0.6394970488753938,0.026639183584034432,0.3338637675405718
26078,LOF,0.41876993159968257,0.07244314730935929,0.5087869210909581
26079,Neutral,0.6659508341488382,0.09877918906127808,0.23526997678988365
26080,Neutral,0.6659508341488382,0.09877918906127808,0.23526997678988365
26081,LOF,0.0592849928519952,0.057245574784990864,0.8834694323630139
26082,LOF,0.37470775889603086,0.10916292593096694,0.5161293151730022
26083,LOF,0.03432588334329127,0.2815116821970266,0.6841624344596822
26084,LOF,0.04450673157470477,0.20022487994370927,0.7552683884815858
26085,LOF,0.049094777513731334,0.16972682284871893,0.7811783996375498
26086,LOF,0.05723407216623069,0.12547563175931942,0.8172902960744499
26087,LOF,0.05247561322555273,0.22199832143526782,0.7255260653391795
26088,LOF,0.415181506460682,0.11815258182933273,0.46666591170998517
26089,Neutral,0.6648324818096694,0.07956103703281554,0.2556064811575151
26090,Neutral,0.6648324818096694,0.07956103703281554,0.2556064811575151
26091,LOF,0.09587127157647315,0.07345870688181087,0.830670021541716
26092,LOF,0.07186408591434909,0.10663518628691047,0.8215007277987404
26093,LOF,0.07122784575040152,0.0930133032050633,0.8357588510445352
26094,LOF,0.09150417254643943,0.09765013255663343,0.8108456948969271
26095,LOF,0.25612046866513793,0.11743217359856392,0.6264473577362981
26096,Neutral,0.5677363882072282,0.0187753961720963,0.4134882156206756
26097,LOF,0.35312987802086027,0.050437699298461,0.5964324226806788
26098,Neutral,0.6749952109299113,0.06632796195414914,0.2586768271159394
26099,LOF,0.04108023883135546,0.29641829280308,0.6625014683655646
26100,LOF,0.04108023883135546,0.29641829280308,0.6625014683655646
26101,LOF,0.053901635848067606,0.16790075541179592,0.7781976087401364
26102,LOF,0.06160676792095336,0.11652650615791633,0.8218667259211303
26103,Neutral,0.4412511417979948,0.20154919217186695,0.35719966603013825
26104,Neutral,0.716261733278511,0.08466071398842615,0.1990775527330628
26105,LOF,0.3089703444961097,0.13193559314909528,0.5590940623547951
26106,LOF,0.31871865960524426,0.19237242983802158,0.488908910556734
26107,GOF,0.01806559818750619,0.5401964247978676,0.44173797701462625
26108,GOF,0.340262721881216,0.3866661789711195,0.2730710991476644
26109,Neutral,0.5548397858977356,0.18257853675903277,0.2625816773432316
26110,Neutral,0.5153367833480942,0.050954342667146456,0.43370887398475927
26111,LOF,0.04998706000242905,0.23924293511936406,0.7107700048782069
26112,LOF,0.10411842147718636,0.0519523172707304,0.8439292612520832
26113,LOF,0.07825260683436577,0.08188053239348005,0.8398668607721542
26114,LOF,0.37888434307106983,0.15935521681331127,0.461760440115619
26115,GOF,0.029508281761698504,0.6027867069623278,0.36770501127597355
26116,LOF,0.11109988819406551,0.30097005253166226,0.5879300592742722
26117,Neutral,0.4412511417979948,0.20154919217186695,0.35719966603013825
26118,LOF,0.06381147662129366,0.07088974796865219,0.8652987754100541
26119,LOF,0.014535167947876309,0.4677524531842995,0.5177123788678242
26120,LOF,0.09207316360074977,0.08829254946843676,0.8196342869308134
26121,LOF,0.039569150060940424,0.1818684672293596,0.7785623827096999
26122,LOF,0.018050408324763886,0.2162409994323744,0.7657085922428618
