feature0,prediction,LoGoFunc_Neutral,LoGoFunc_GOF,LoGoFunc_LOF
25546,Neutral,0.6747457502360562,0.0352785261747473,0.28997572358919643
25547,Neutral,0.5817345533096128,0.09655631504624841,0.3217091316441388
25548,Neutral,0.5302129722612273,0.06282809238855715,0.4069589353502155
25549,Neutral,0.5034213536181245,0.06912658298666546,0.42745206339521
25550,Neutral,0.6334004702001286,0.030157986802000648,0.3364415429978708
25551,Neutral,0.6627490518728024,0.03260317565855765,0.30464777246863994
25552,LOF,0.36194404896211857,0.05957055091475464,0.5784854001231268
25553,Neutral,0.5498073861403435,0.027976000017543107,0.42221661384211345
25554,LOF,0.41918613573694424,0.06440908917101551,0.5164047750920403
25555,LOF,0.32516075079154744,0.0573301301177744,0.6175091190906782
25556,LOF,0.4230750807657594,0.05948552525680017,0.5174393939774404
25557,LOF,0.32283272407103164,0.06675864137690163,0.6104086345520667
25558,LOF,0.407502769886343,0.06865997439430875,0.5238372557193482
25559,LOF,0.23789301427136575,0.10636560718488991,0.6557413785437444
25560,LOF,0.03522644251176905,0.2095854215659205,0.7551881359223105
25561,LOF,0.11049976614796253,0.221248095978218,0.6682521378738194
25562,LOF,0.09688341507954203,0.0499609920267686,0.8531555928936894
25563,LOF,0.14585681253446106,0.07992772635517387,0.7742154611103651
25564,LOF,0.061371846049376254,0.09311120990942258,0.8455169440412013
25565,LOF,0.1316025543102855,0.2947836167727221,0.5736138289169925
25566,GOF,0.03489043595952002,0.58493589213442,0.38017367190606
25567,LOF,0.019833950908440732,0.06049790546852217,0.9196681436230372
25568,LOF,0.11291243715399589,0.04357203602425679,0.8435155268217474
25569,LOF,0.2877273561716829,0.009437734620414912,0.7028349092079021
25570,LOF,0.08964145913888504,0.06660953447583864,0.8437490063852763
25571,LOF,0.10138917610520679,0.048761606801905194,0.8498492170928881
25572,LOF,0.0840412741397481,0.06336811356658756,0.8525906122936644
25573,LOF,0.04030292957427397,0.047574424994740905,0.9121226454309851
25574,LOF,0.015236405774291542,0.12961629417809653,0.8551473000476119
25575,LOF,0.09439638635388958,0.0289736510886025,0.8766299625575078
25576,LOF,0.02605813118488013,0.023282384322685996,0.9506594844924339
25577,LOF,0.01939548812460486,0.0326325988109558,0.9479719130644394
25578,LOF,0.34181945546251813,0.08776105348920811,0.5704194910482736
25579,LOF,0.12258283322287009,0.08572519617203939,0.7916919706050904
25580,LOF,0.05765774398271691,0.01839289869181025,0.9239493573254728
25581,LOF,0.10593712794940643,0.051952739007565654,0.8421101330430278
25582,LOF,0.10558358653009667,0.03312432418669421,0.8612920892832092
25583,LOF,0.06528579451948319,0.01789055401391157,0.9168236514666053
25584,Neutral,0.5184321089337327,0.03219165005281307,0.4493762410134542
25585,LOF,0.02098656900822509,0.02370321763524949,0.9553102133565253
25586,LOF,0.057614462287757115,0.03468070090806725,0.9077048368041756
25587,LOF,0.04425650030659061,0.028113268678034802,0.9276302310153746
25588,LOF,0.05028835418853674,0.03476674928052822,0.9149448965309351
25589,Neutral,0.758279680193729,0.061906192227859626,0.1798141275784114
25590,LOF,0.03983258209190003,0.056398627143921715,0.9037687907641784
25591,LOF,0.13106121729235073,0.026771849395626907,0.8421669333120224
25592,LOF,0.21841095209611497,0.09953519563646343,0.6820538522674217
25593,LOF,0.019728187627940662,0.2655330626137499,0.7147387497583094
25594,LOF,0.06470947303395211,0.1257876542323958,0.8095028727336521
25595,LOF,0.05142592216891935,0.24076792680946926,0.7078061510216115
25596,LOF,0.12705210526865562,0.09392997354234528,0.779017921188999
25597,LOF,0.11271401121427903,0.05811379880745116,0.8291721899782698
25598,LOF,0.16098586863889952,0.0998667665370626,0.7391473648240378
25599,LOF,0.01475119954722124,0.25198739550428967,0.7332614049484891
25600,LOF,0.01796532067029969,0.24599965284580563,0.7360350264838947
25601,LOF,0.010562416180701984,0.15973315665726298,0.829704427162035
25602,LOF,0.03450048864949077,0.0902908890295649,0.8752086223209444
25603,LOF,0.04235229423432553,0.09939809724429632,0.8582496085213781
25604,LOF,0.02671593172244577,0.13039205541466645,0.8428920128628877
25605,LOF,0.0133893179112515,0.3378707256371273,0.6487399564516213
25606,LOF,0.08790810614465505,0.4506113943377266,0.4614804995176184
25607,LOF,0.0031552958510031584,0.1778490266483286,0.8189956775006683
25608,LOF,0.02524416471383058,0.05445822580486057,0.9202976094813089
25609,LOF,0.11989571188607898,0.15960192481086583,0.7205023633030553
25610,LOF,0.038551886368897184,0.09950099901080527,0.8619471146202976
25611,LOF,0.061471374908353006,0.07979375594261719,0.8587348691490297
25612,LOF,0.15024424479871326,0.043898808605279296,0.8058569465960074
25613,LOF,0.05122985123076335,0.09966833707439622,0.8491018116948404
25614,LOF,0.032353935143142,0.15416829265892462,0.8134777721979334
25615,LOF,0.0381110256563258,0.09657583668627708,0.8653131376573971
25616,LOF,0.024224006356431828,0.16837086966371825,0.80740512397985
25617,LOF,0.04818930162222969,0.11311689055929693,0.8386938078184734
25618,LOF,0.1064385884653941,0.43361845660635373,0.45994295492825227
25619,LOF,0.04590783874640817,0.10092123368073377,0.8531709275728582
25620,LOF,0.0342977787815673,0.1392483621110299,0.8264538591074028
25621,LOF,0.04538227223993583,0.1014358599413171,0.853181867818747
25622,LOF,0.03446271715767284,0.15021479642160437,0.8153224864207229
25623,LOF,0.05795381323049582,0.11740095199297143,0.8246452347765327
25624,LOF,0.033326320904503,0.1713869407889751,0.795286738306522
25625,LOF,0.03583526122803877,0.12154095242772243,0.8426237863442388
25626,LOF,0.1451212651902837,0.049419834736476646,0.8054589000732397
25627,Neutral,0.4526580583526254,0.14029279914083922,0.4070491425065354
25628,LOF,0.15793421858432702,0.038396572227469054,0.8036692091882038
25629,LOF,0.1730373101244752,0.025539017185650124,0.8014236726898747
25630,LOF,0.09464877010583915,0.061989490015295495,0.8433617398788654
25631,Neutral,0.5118127286779917,0.11172779523724673,0.3764594760847616
25632,LOF,0.011044559254716068,0.06296949766887737,0.9259859430764065
25633,LOF,0.31708561960160797,0.2291783336156444,0.4537360467827476
25634,LOF,0.0929019151484126,0.0910507175684773,0.8160473672831101
25635,LOF,0.03943064080787554,0.08154901404638833,0.8790203451457362
25636,GOF,0.004701984528682211,0.5568142743275535,0.4384837411437642
25637,LOF,0.00535955363844095,0.29321181398224905,0.70142863237931
25638,LOF,0.007162805263546396,0.3396260177500959,0.6532111769863577
25639,LOF,0.00643199917547354,0.25649950544864547,0.7370684953758809
25640,Neutral,0.5243413830342513,0.3727140810092765,0.10294453595647228
25641,LOF,0.009827936956016137,0.12637630058804744,0.8637957624559364
25642,LOF,0.24262132975889092,0.03618359375098198,0.7211950764901272
25643,LOF,0.38036589599927934,0.015116643520809539,0.6045174604799112
25644,LOF,0.011956814079109668,0.3131923221433035,0.674850863777587
25645,LOF,0.010967460956217175,0.4221173427391031,0.5669151963046797
25646,LOF,0.01085935473735953,0.30702707264872015,0.6821135726139204
25647,LOF,0.012252531413387722,0.25714734792405985,0.7306001206625525
25648,LOF,0.008723093611501963,0.34057969337397737,0.6506972130145205
25649,LOF,0.008544795953161348,0.1865401699950234,0.8049150340518153
25650,LOF,0.036280731580680514,0.372512053836311,0.5912072145830085
25651,LOF,0.008031006528241619,0.2297976875766933,0.7621713058950651
25652,LOF,0.014536562728688368,0.309532141270521,0.6759312960007907
25653,GOF,0.07562203718837492,0.5160175091740018,0.40836045363762324
25654,LOF,0.010021410570904743,0.4162988515046504,0.5736797379244448
25655,GOF,0.08030075538792153,0.49497292341239035,0.424726321199688
25656,LOF,0.06910739114373494,0.39133848539894406,0.5395541234573209
25657,LOF,0.26689003534047007,0.039156842904491555,0.6939531217550384
25658,LOF,0.021244696098552857,0.2973687570640186,0.6813865468374285
25659,LOF,0.15719726054126662,0.2021748512099543,0.640627888248779
25660,LOF,0.10086063669532087,0.11987476712949353,0.7792645961751856
25661,LOF,0.07637105179210776,0.07606196281860929,0.8475669853892831
25662,LOF,0.05139789219672582,0.0741933244300924,0.8744087833731818
25663,LOF,0.04749048108210748,0.09418467999899353,0.858324838918899
25664,LOF,0.03928896469797542,0.17031304679385284,0.7903979885081718
25665,LOF,0.0788586449474673,0.10207628892166125,0.8190650661308714
25666,LOF,0.06010528877379648,0.21121884808443184,0.7286758631417717
25667,LOF,0.04660342163778963,0.03503467955207679,0.9183618988101336
25668,LOF,0.04880433647049469,0.05438198892088504,0.8968136746086204
25669,LOF,0.03773653335205142,0.11231761399749735,0.8499458526504512
25670,LOF,0.05886170417780458,0.07963402651047494,0.8615042693117204
25671,LOF,0.06251668139539754,0.06919034312869729,0.8682929754759051
25672,LOF,0.08459387576061962,0.05635308005491576,0.8590530441844646
25673,LOF,0.061607917359751435,0.07424455528534103,0.8641475273549076
25674,LOF,0.03540824138006696,0.12017773852281724,0.8444140200971157
25675,LOF,0.06283726167081523,0.04981058480465158,0.8873521535245332
25676,LOF,0.044559373620757535,0.11090545713650606,0.8445351692427363
25677,LOF,0.08043623843537057,0.06237217374671813,0.8571915878179114
25678,LOF,0.32700959454072004,0.0665160749015481,0.6064743305577318
25679,LOF,0.1580125310417634,0.10932526778952409,0.7326622011687125
25680,LOF,0.10356051719798924,0.1445110330781934,0.7519284497238173
25681,LOF,0.11824656264791912,0.1374395717046639,0.744313865647417
25682,LOF,0.058899804091846135,0.08155271079900842,0.8595474851091454
25683,LOF,0.12922991270025633,0.09445774003851032,0.7763123472612334
25684,LOF,0.0963545558672757,0.12125604024926198,0.7823894038834623
25685,LOF,0.11081551546503075,0.04069595735791598,0.8484885271770534
25686,LOF,0.022518900469995395,0.22601631669491892,0.7514647828350858
25687,LOF,0.039043835092268026,0.22332138264604823,0.7376347822616838
25688,LOF,0.016078413211046225,0.42648741045392863,0.5574341763350251
25689,LOF,0.010721062602069075,0.2656152446306395,0.7236636927672915
25690,GOF,0.011015198303924383,0.5016537260613964,0.48733107563467926
25691,GOF,0.06522684528849142,0.7079555218151493,0.22681763289635928
25692,LOF,0.13408494165368395,0.051768178711436824,0.8141468796348792
25693,LOF,0.029372292047919538,0.40995187266182537,0.5606758352902551
25694,LOF,0.2145141411036174,0.03757701464487537,0.7479088442515072
25695,LOF,0.1704047998702007,0.05499702493270182,0.7745981751970974
25696,LOF,0.1598187108031731,0.04578307168768113,0.7943982175091457
25697,LOF,0.17123320344210133,0.030658419729149955,0.7981083768287487
25698,GOF,0.012711132222911424,0.49462953553935596,0.49265933223773267
25699,LOF,0.07117445328166581,0.19600272971009589,0.7328228170082384
25700,LOF,0.0675578907356545,0.027886178608059996,0.9045559306562855
25701,LOF,0.01221063812066715,0.27763830350882385,0.710151058370509
25702,GOF,0.02727272962667645,0.5267899724983679,0.44593729787495556
25703,LOF,0.017339965508103176,0.08092737271860907,0.9017326617732878
25704,LOF,0.06537155437636318,0.1065155392477287,0.8281129063759081
25705,LOF,0.09862993469485859,0.21886754085189916,0.6825025244532422
25706,GOF,0.020004867546444184,0.7449083367258048,0.23508679572775112
25707,GOF,0.01989039932810164,0.6957937187216178,0.2843158819502807
25708,GOF,0.007978141511935004,0.7066545982540918,0.2853672602339733
25709,LOF,0.04842606037447946,0.1223159622226342,0.8292579774028864
25710,LOF,0.011066386424164852,0.2131648291620769,0.7757687844137582
25711,LOF,0.04705650670891854,0.13386745847972287,0.8190760348113586
25712,LOF,0.019099731995121803,0.1602835642635689,0.8206167037413094
25713,LOF,0.04365805183089804,0.13856107822879818,0.8177808699403037
25714,LOF,0.037224896202060015,0.3139085748902697,0.6488665289076703
25715,LOF,0.03875257113075711,0.19144809670661814,0.7697993321626246
25716,LOF,0.010545229714673124,0.10605324055714614,0.8834015297281808
25717,LOF,0.009339844157072974,0.07310301730033192,0.9175571385425951
25718,LOF,0.04620976216158418,0.0717074519894505,0.8820827858489653
25719,LOF,0.042751743122295294,0.13926782477474692,0.8179804321029579
25720,LOF,0.04088522775093199,0.18692594424776615,0.772188828001302
25721,LOF,0.04639999350886789,0.09310009340446801,0.860499913086664
25722,LOF,0.04033855421967335,0.1264877267034362,0.8331737190768904
25723,LOF,0.05565663670864779,0.17336104842947378,0.7709823148618783
25724,GOF,0.059119137271959395,0.4921261020993166,0.44875476062872394
25725,LOF,0.07435533345238564,0.14207931542144212,0.7835653511261723
25726,LOF,0.04295222113781775,0.13823899554396596,0.8188087833182163
25727,LOF,0.06435800416601037,0.10010736110588682,0.8355346347281029
25728,LOF,0.03569906464584459,0.22706915364459818,0.7372317817095573
25729,LOF,0.039475128581186895,0.21752001133261845,0.7430048600861947
25730,LOF,0.05215592962119266,0.15968913175941568,0.7881549386193917
25731,LOF,0.013408533466595407,0.1281828469001852,0.8584086196332193
25732,LOF,0.03166470875741045,0.1045939597297641,0.8637413315128254
25733,LOF,0.043095578439438405,0.2716799625776531,0.6852244589829085
25734,LOF,0.00881556148637829,0.21991810995979216,0.7712663285538295
25735,LOF,0.039221343018368174,0.13129174043395642,0.8294869165476755
25736,LOF,0.03804104881454613,0.19655228453008378,0.76540666665537
25737,LOF,0.06233798572299046,0.1269532930775224,0.8107087211994871
25738,LOF,0.06009115311787503,0.22218296778719696,0.717725879094928
25739,LOF,0.03993942673286193,0.17724351898653887,0.7828170542805992
25740,LOF,0.060917284087247996,0.17630125606069166,0.7627814598520604
25741,LOF,0.05887903952244163,0.16228337153185,0.7788375889457084
25742,LOF,0.06288497671289181,0.19639932341948038,0.7407156998676279
25743,LOF,0.014526372905595561,0.029251420088997684,0.9562222070054068
25744,LOF,0.1040071823100141,0.28590714970744135,0.6100856679825446
25745,LOF,0.023429334885252187,0.31282854939213395,0.6637421157226139
25746,LOF,0.013356895120642349,0.3033756273670502,0.6832674775123075
25747,LOF,0.04349424805625793,0.05938865992626944,0.8971170920174727
25748,LOF,0.0965489721675023,0.2992478778969498,0.6042031499355479
25749,LOF,0.012464230243736387,0.32041079868307376,0.6671249710731899
25750,LOF,0.012700142815738601,0.41237109895701246,0.574928758227249
25751,LOF,0.029106893537352966,0.19017455013491524,0.7807185563277317
25752,GOF,0.1111826907562013,0.6167515682001844,0.2720657410436142
25753,LOF,0.011776442674194148,0.26568547138506887,0.722538085940737
25754,GOF,0.012345259569510849,0.8965918605312782,0.09106287989921108
25755,LOF,0.009504771858590352,0.27547563410144876,0.7150195940399608
25756,LOF,0.040685372555330834,0.38804176853010813,0.5712728589145611
25757,GOF,0.010567100749295552,0.8254254895290516,0.16400740972165284
25758,GOF,0.012901125604941121,0.8556448388969244,0.13145403549813464
25759,GOF,0.006440426076699134,0.7720577783638926,0.22150179555940835
25760,LOF,0.008230795618417983,0.1751221462121907,0.8166470581693914
25761,GOF,0.03430294485615235,0.8605270277695285,0.1051700273743193
25762,LOF,0.04468989613797577,0.35436695485478825,0.6009431490072359
25763,LOF,0.009656624218653122,0.15839923823312888,0.8319441375482179
25764,GOF,0.08164542118598175,0.6829632851937149,0.2353912936203033
25765,GOF,0.009625537790277873,0.8679749020786798,0.12239956013104236
25766,GOF,0.03279751076788585,0.8073552452982274,0.1598472439338868
25767,GOF,0.007715190421118185,0.6534586120478918,0.33882619753099
25768,LOF,0.05364193420047384,0.0778061492468124,0.8685519165527137
25769,LOF,0.03079757531179579,0.22596863224182648,0.7432337924463778
25770,Neutral,0.7276268696447505,0.12091582130850186,0.1514573090467476
25771,LOF,0.027838023966281097,0.14475247294866045,0.8274095030850585
25772,LOF,0.04455006216827906,0.18097751614813304,0.774472421683588
25773,LOF,0.02034911565687997,0.3237367708170894,0.6559141135260306
25774,LOF,0.04276098735076998,0.3502588955359439,0.606980117113286
25775,LOF,0.027233384664742333,0.13090692884046684,0.8418596864947909
25776,LOF,0.028280475448906238,0.18473581201530234,0.7869837125357914
25777,LOF,0.27143053033039327,0.2133909307841432,0.5151785388854636
25778,LOF,0.036384862703734984,0.20003187931630173,0.7635832579799634
25779,GOF,0.11671261381013669,0.5381497290626244,0.345137657127239
25780,GOF,0.11113658407474995,0.572638702252907,0.31622471367234306
25781,LOF,0.05479693883857795,0.45915028165039073,0.48605277951103143
25782,GOF,0.0473403849144406,0.55642851757157,0.3962310975139895
25783,GOF,0.10104925681555965,0.6231054420902276,0.2758453010942126
25784,GOF,0.18925918386368784,0.5638147788974012,0.246926037238911
25785,GOF,0.38692601477152955,0.4489870982194321,0.1640868870090382
25786,LOF,0.02054157627668639,0.2890692535723527,0.6903891701509609
25787,Neutral,0.5461996720218213,0.27359605532210757,0.18020427265607114
25788,LOF,0.041399689614797765,0.05430849421709487,0.9042918161681074
25789,GOF,0.0370391000071839,0.6400518522359048,0.32290904775691137
25790,LOF,0.06417154835012213,0.4408818567013354,0.49494659494854243
25791,LOF,0.05318487509588881,0.37392079228305336,0.5728943326210578
25792,LOF,0.06309436606800353,0.419453842857494,0.5174517910745025
25793,LOF,0.09741455084401254,0.3922063874653262,0.5103790616906613
25794,LOF,0.08783662366665167,0.25823193710811804,0.6539314392252302
25795,LOF,0.04718661000156493,0.176343713470291,0.776469676528144
25796,LOF,0.3469720721078557,0.24552513728646633,0.4075027906056779
25797,LOF,0.09805447912947127,0.23852642189579976,0.6634190989747291
25798,GOF,0.012732312207626596,0.5869234522863472,0.40034423550602616
25799,LOF,0.009725292060706693,0.4508093013970157,0.5394654065422776
25800,GOF,0.04306049465908309,0.7025321431314184,0.2544073622094985
25801,GOF,0.05804617476878078,0.5323466708466152,0.4096071543846039
25802,GOF,0.07511981399454476,0.5299968017797088,0.39488338422574654
25803,LOF,0.048689721766995125,0.37168205319158937,0.5796282250414155
25804,LOF,0.10716222936734425,0.2803148461696979,0.6125229244629579
25805,LOF,0.07132373063029071,0.45374559551124666,0.47493067385846255
25806,GOF,0.09003702604735495,0.4607353515032248,0.4492276224494204
25807,LOF,0.0327302470117606,0.3850386845341613,0.5822310684540781
25808,GOF,0.08230108334418497,0.5431130763001806,0.37458584035563447
25809,LOF,0.019568136043325877,0.37546383113576787,0.6049680328209062
25810,LOF,0.017231407550482768,0.38864905116725385,0.5941195412822634
25811,GOF,0.16176588498658287,0.4589069950449819,0.37932711996843527
25812,LOF,0.10881500067211364,0.35039472561197654,0.5407902737159098
25813,Neutral,0.412627107869414,0.3206048707924989,0.266768021338087
25814,LOF,0.09073249412219013,0.4232821879477041,0.48598531793010574
25815,GOF,0.1299910320067627,0.46121545111115053,0.40879351688208676
25816,GOF,0.021871644072074432,0.5688150352814385,0.40931332064648707
25817,LOF,0.13934756810743712,0.30200528403144283,0.55864714786112
25818,GOF,0.0696168934898931,0.5149750376459316,0.41540806886417536
25819,LOF,0.12558271409635033,0.3081274422645773,0.5662898436390723
25820,LOF,0.1264057528746483,0.3011287725100697,0.5724654746152821
25821,LOF,0.09800068730118416,0.32836967236285686,0.573629640335959
25822,LOF,0.17712096033180763,0.26118148724301826,0.561697552425174
25823,LOF,0.08828660480877655,0.21927605669964698,0.6924373384915764
25824,LOF,0.06894949905843056,0.45757773181405753,0.47347276912751196
25825,GOF,0.05169396078371457,0.4797151441482905,0.468590895067995
25826,LOF,0.016676317402270116,0.3325024236527763,0.6508212589449537
25827,LOF,0.016790037635046457,0.41778214109224865,0.5654278212727049
25828,LOF,0.016290468850667116,0.40272146247609314,0.5809880686732398
25829,LOF,0.010766500361688348,0.22217525017299355,0.7670582494653181
25830,LOF,0.12841389173897916,0.04337219526354295,0.8282139129974779
25831,GOF,0.0655051057885266,0.6112105875908002,0.3232843066206732
25832,LOF,0.01631328942431869,0.3200426059781331,0.6636441045975482
25833,LOF,0.07556380236789925,0.44937704601964096,0.47505915161245976
25834,LOF,0.017447502995329146,0.32376540215137856,0.6587870948532923
25835,GOF,0.06211401073361444,0.5934294459640151,0.34445654330237047
25836,LOF,0.015797889542209047,0.46188430793023527,0.5223178025275557
25837,LOF,0.026143269479756745,0.3257297342927274,0.6481269962275158
25838,GOF,0.06516825048931434,0.5214696776649105,0.41336207184577517
25839,LOF,0.13203353219299974,0.3895709931289062,0.4783954746780941
25840,GOF,0.14879602415409598,0.4477888608113925,0.4034151150345115
25841,GOF,0.13061380507216205,0.5062667138829992,0.3631194810448389
25842,GOF,0.0662719570093836,0.6642533122012005,0.2694747307894159
25843,GOF,0.04960400295524353,0.6784592214888739,0.27193677555588247
25844,GOF,0.05459059267786383,0.5119593428838709,0.4334500644382652
25845,LOF,0.014182817837021959,0.28873215001205504,0.6970850321509231
25846,GOF,0.07662548238626164,0.5090137448848561,0.4143607727288824
25847,GOF,0.05715849817571959,0.6052397773032088,0.33760172452107173
25848,GOF,0.05556000790282734,0.6246167777934166,0.3198232143037561
25849,GOF,0.01258679354959403,0.5178713236946305,0.4695418827557755
25850,LOF,0.01844146730786686,0.41415249859363773,0.5674060340984953
25851,LOF,0.0182332927768589,0.3292331773579037,0.6525335298652374
25852,LOF,0.3019161208490463,0.23939041512807324,0.4586934640228804
25853,LOF,0.1054316583310407,0.38281023505411166,0.5117581066148477
25854,LOF,0.012588683493227703,0.3508053300340572,0.636605986472715
25855,LOF,0.04153180572920898,0.37411659303335526,0.5843516012374357
25856,GOF,0.10090391506979556,0.5475932720152656,0.35150281291493884
25857,LOF,0.04557898490305281,0.29460694087165157,0.6598140742252957
25858,LOF,0.016049748532319198,0.281527274548439,0.7024229769192418
25859,LOF,0.01123960696888562,0.2756311510056318,0.7131292420254826
25860,LOF,0.1301471829570405,0.31630259406568945,0.5535502229772701
25861,GOF,0.11992351623649623,0.49324559676712243,0.3868308869963813
25862,GOF,0.03404923938370068,0.7343187750970109,0.23163198551928843
25863,GOF,0.03578267038869946,0.6382718524226634,0.3259454771886372
25864,GOF,0.043632032612237,0.7239184825692792,0.23244948481848382
25865,GOF,0.035389338299860046,0.7085378437429871,0.25607281795715275
25866,GOF,0.04192260579114271,0.7048792814563284,0.2531981127525288
25867,GOF,0.12217876339532623,0.6925663079340552,0.18525492867061863
25868,GOF,0.13758451525331983,0.46977656572542503,0.3926389190212551
25869,Neutral,0.5253333890147432,0.2874700023852131,0.18719660860004358
25870,LOF,0.17883350937779272,0.09314545542606861,0.7280210351961386
25871,LOF,0.018613279322374214,0.2827017568797809,0.6986849637978448
25872,LOF,0.056172829888767546,0.31644668990118585,0.6273804802100466
25873,LOF,0.04257119884276746,0.470587425733732,0.4868413754235005
25874,LOF,0.055184320810646365,0.02239156241886212,0.9224241167704915
25875,LOF,0.020130359321994543,0.3919666119087009,0.5879030287693047
25876,LOF,0.02789668852916925,0.10789794701483654,0.8642053644559943
25877,GOF,0.061788601300116784,0.579528111369415,0.35868328733046834
25878,GOF,0.04552593759250136,0.7322843700025767,0.22218969240492195
25879,LOF,0.011639167200890792,0.3344435820416979,0.6539172507574114
25880,LOF,0.04600401708249999,0.06335725227643577,0.8906387306410642
25881,Neutral,0.413928241482822,0.40162368922165587,0.18444806929552213
25882,LOF,0.024458591712618907,0.24204684234816384,0.7334945659392174
25883,LOF,0.029455051966564165,0.10513358750446256,0.8654113605289733
25884,LOF,0.020663354351576877,0.16823063922613798,0.8111060064222853
25885,LOF,0.1552883227561321,0.028364974502555037,0.8163467027413129
25886,LOF,0.05439723355496144,0.17186043983498236,0.7737423266100562
25887,GOF,0.043293804222292655,0.617429037704511,0.3392771580731963
25888,LOF,0.004627575508029463,0.4358902100329057,0.5594822144590649
25889,LOF,0.039373030240038416,0.0913357540967939,0.8692912156631676
25890,LOF,0.18069239892120134,0.2969712327166119,0.5223363683621868
25891,LOF,0.12073829970000098,0.07458095079308118,0.8046807495069178
25892,LOF,0.006059987969870895,0.16734475485133826,0.8265952571787908
25893,LOF,0.2617401858807475,0.06365320019868556,0.674606613920567
25894,LOF,0.316815540988953,0.0316219916538648,0.6515624673571823
25895,LOF,0.21731894988015835,0.041311704183803304,0.7413693459360384
25896,LOF,0.09341827243920416,0.06101360315110025,0.8455681244096955
25897,LOF,0.08562855549412934,0.06300348068475756,0.8513679638211131
25898,GOF,0.058401524465270416,0.480574461822257,0.4610240137124727
25899,LOF,0.22839266585526682,0.21265623750005536,0.5589510966446779
25900,Neutral,0.861750310522006,0.04181712140786704,0.09643256807012686
25901,LOF,0.05887517106052066,0.03501334926523877,0.9061114796742405
25902,LOF,0.15554746129014652,0.015303650122159063,0.8291488885876944
25903,LOF,0.10283596767053212,0.15934796314841157,0.7378160691810564
25904,LOF,0.39064365061780765,0.1985828053405921,0.41077354404160016
25905,LOF,0.011867366571048093,0.3646063744248153,0.6235262590041367
25906,LOF,0.016455462092169297,0.048844981718152644,0.9346995561896781
25907,LOF,0.009284140018816117,0.2630333327125439,0.72768252726864
25908,LOF,0.010453806315941672,0.27702210566266017,0.7125240880213982
25909,LOF,0.04064709284911212,0.1836128306979915,0.7757400764528963
25910,LOF,0.01671822062033938,0.15257968959781715,0.8307020897818436
25911,LOF,0.09709045410549356,0.11751391023259708,0.7853956356619094
25912,LOF,0.11194616529859552,0.029729143912526408,0.8583246907888781
25913,LOF,0.013392250087706904,0.08435118042069781,0.9022565694915953
25914,LOF,0.036514121395955695,0.18320003497361614,0.7802858436304281
25915,GOF,0.06295919140270176,0.8426125373198391,0.09442827127745924
25916,GOF,0.016022396914476385,0.6644107102618703,0.31956689282365325
25917,LOF,0.18526865226157938,0.07063666886867484,0.7440946788697459
25918,LOF,0.037847081773630886,0.12835965539722372,0.8337932628291455
25919,LOF,0.038831470344519885,0.10107062505148595,0.8600979046039942
25920,GOF,0.1385943763139972,0.494869498981746,0.3665361247042566
25921,LOF,0.02499238767879028,0.03331291145772525,0.9416947008634845
25922,LOF,0.02069863725274843,0.03346176566180623,0.9458395970854454
25923,LOF,0.34111444804623015,0.06403480182745501,0.5948507501263148
25924,LOF,0.029669126850547026,0.05668864468623953,0.9136422284632134
25925,LOF,0.25931925907981634,0.01943617851475213,0.7212445624054314
25926,LOF,0.10963197925715763,0.09165033723773745,0.798717683505105
25927,LOF,0.019333100411450647,0.09546220727333166,0.8852046923152177
25928,LOF,0.017271701665414595,0.03680206740325089,0.9459262309313345
25929,Neutral,0.6116182654760746,0.06349824929416358,0.32488348522976196
25930,LOF,0.03584459310789074,0.06217356458033797,0.9019818423117713
25931,LOF,0.016439625177317573,0.039737576599098705,0.9438227982235838
25932,LOF,0.06606876042060673,0.031930342868271455,0.9020008967111218
25933,LOF,0.05831093919083571,0.018501421563430404,0.9231876392457338
25934,LOF,0.059717294334250014,0.023034031460982787,0.9172486742047671
25935,LOF,0.27052579575346747,0.024443103600526102,0.7050311006460065
25936,LOF,0.05360077064074196,0.02410209827958177,0.9222971310796764
25937,LOF,0.016295044811244656,0.055718355867076706,0.9279865993216786
25938,LOF,0.2591896104450003,0.02249321766487991,0.7183171718901198
25939,LOF,0.044868204155131645,0.025374436557076722,0.9297573592877917
25940,GOF,0.00632517089702261,0.5851570972519811,0.40851773185099627
25941,LOF,0.43684465135614464,0.07479365346925324,0.4883616951746022
25942,LOF,0.011371690609253417,0.1811312627955178,0.8074970465952287
25943,GOF,0.021262387438032784,0.5954863224928246,0.3832512900691426
25944,LOF,0.020152170165845747,0.4045231198775174,0.575324709956637
25945,LOF,0.06805022196342128,0.12214903238527962,0.8098007456512991
25946,LOF,0.09314497773586107,0.0941485082190667,0.8127065140450723
25947,LOF,0.4651849107328373,0.03724718611216036,0.4975679031550022
25948,LOF,0.21625068046056042,0.026019213715512052,0.7577301058239276
25949,LOF,0.21533505446958487,0.024538285801142784,0.7601266597292723
25950,GOF,0.04681251776970842,0.7575978814591935,0.1955896007710981
25951,LOF,0.014393973192985203,0.3421787513443914,0.6434272754626235
25952,LOF,0.09143788032161987,0.28405867855652783,0.6245034411218523
25953,LOF,0.007034233868999865,0.4848036966980817,0.5081620694329184
25954,GOF,0.028557195220013005,0.5547441214105454,0.41669868336944144
25955,GOF,0.006174682876524786,0.5040406114620776,0.4897847056613977
25956,GOF,0.010619300919374013,0.6667421244615273,0.32263857461909873
25957,LOF,0.251834361886308,0.06932624140961631,0.6788393967040758
25958,LOF,0.0217674505466768,0.2144977887172543,0.7637347607360689
25959,GOF,0.005842639393574527,0.5791589785717831,0.4149983820346424
25960,LOF,0.006232726887040649,0.14842029793906833,0.845346975173891
25961,LOF,0.019498281480369854,0.18599381999457593,0.7945078985250541
25962,LOF,0.10885185742880674,0.062259044263214956,0.8288890983079784
25963,LOF,0.010747893625304369,0.13518985169352266,0.854062254681173
25964,LOF,0.056840687438457806,0.12478156702996687,0.8183777455315753
25965,LOF,0.1759673071299627,0.19798000894482845,0.6260526839252089
25966,LOF,0.23714768757142593,0.2619702732512521,0.500882039177322
25967,LOF,0.010726633469988735,0.0527759114535611,0.9364974550764501
25968,LOF,0.10834826138111578,0.32371661915526306,0.5679351194636212
25969,LOF,0.19386371240528205,0.024982003805067522,0.7811542837896503
25970,LOF,0.01845907073860518,0.16132882017097752,0.8202121090904173
25971,LOF,0.08608410728474065,0.13782367506189802,0.7760922176533612
25972,LOF,0.07228409109614285,0.11434641621929324,0.8133694926845638
25973,LOF,0.17863172249284034,0.010241458046970821,0.8111268194601887
25974,LOF,0.07065224415941194,0.297090031401907,0.632257724438681
25975,LOF,0.04799369829532884,0.025174358218912684,0.9268319434857585
25976,LOF,0.08714978592693547,0.016813797699569134,0.8960364163734954
25977,LOF,0.20656527548442086,0.07326550528831985,0.7201692192272593
25978,LOF,0.25509297957256194,0.1081081512204135,0.6367988692070246
25979,LOF,0.18142051897367936,0.14581604281521673,0.672763438211104
25980,LOF,0.13676615083734875,0.3851787825020991,0.47805506666055225
25981,LOF,0.138498364901182,0.39842392704614904,0.463077708052669
25982,LOF,0.24351864224269743,0.1849771240957768,0.5715042336615257
25983,LOF,0.19337160880904242,0.26079008448628604,0.5458383067046715
25984,LOF,0.03999654716159148,0.09897710339930298,0.8610263494391055
25985,Neutral,0.5021111866149724,0.19123180877287876,0.30665700461214884
25986,GOF,0.010247475859233211,0.637258577418024,0.35249394672274276
25987,LOF,0.025942768889225847,0.12491975307306412,0.8491374780377101
25988,LOF,0.03634173375314058,0.12441735046014461,0.8392409157867148
25989,LOF,0.0510449720546652,0.1346832714248085,0.8142717565205264
25990,LOF,0.04686240109133519,0.25372268120904334,0.6994149176996214
25991,GOF,0.04421838583235938,0.645318892539125,0.3104627216285157
25992,LOF,0.020480605200729887,0.4089740159803307,0.5705453788189394
25993,LOF,0.05447930600719379,0.03291068060220037,0.9126100133906058
25994,LOF,0.04952974263673877,0.06938104196687105,0.8810892153963901
25995,LOF,0.03871801983165567,0.0652721019944174,0.896009878173927
25996,GOF,0.2901315528136948,0.41665977450561115,0.29320867268069406
25997,GOF,0.051211875085744325,0.5662483182001266,0.38253980671412896
25998,LOF,0.24438999233455014,0.1145597617589007,0.6410502459065492
25999,GOF,0.016728979934597262,0.6297177535991748,0.3535532664662278
26000,LOF,0.131748996345267,0.011581427823094943,0.856669575831638
26001,LOF,0.11677060603680002,0.02556584993583507,0.8576635440273649
26002,LOF,0.20816381474214882,0.007598363069078341,0.7842378221887728
26003,GOF,0.011690191625981625,0.5731337742569188,0.4151760341170995
26004,LOF,0.033946203564758776,0.47668110771474687,0.48937268872049416
26005,GOF,0.007191522301583752,0.5504241889357626,0.44238428876265373
26006,GOF,0.2350808908491138,0.549022536192203,0.2158965729586832
26007,GOF,0.018574202814417316,0.6108920992004448,0.37053369798513774
26008,LOF,0.015491422798840956,0.4520742493843773,0.5324343278167817
26009,GOF,0.03101456260262361,0.6074338681120308,0.3615515692853455
26010,GOF,0.01475372763364127,0.5588236802491625,0.4264225921171962
26011,LOF,0.008372186667938724,0.4076589146813389,0.5839688986507223
26012,LOF,0.00980712722290853,0.4870171157232901,0.5031757570538014
26013,LOF,0.008904473397058115,0.4304792294254463,0.5606162971774956
26014,LOF,0.20118212658151235,0.011368574955696755,0.7874492984627909
26015,LOF,0.11100472947406942,0.20499620163298293,0.6839990688929476
26016,LOF,0.19467330956888756,0.28917433038133555,0.5161523600497769
26017,GOF,0.014476884239767928,0.6003507937414065,0.38517232201882556
26018,LOF,0.022564185095592115,0.345415546559354,0.6320202683450539
26019,LOF,0.02304806270863036,0.26323822526004714,0.7137137120313225
26020,LOF,0.006737978075965035,0.40708457990531954,0.5861774420187154
26021,LOF,0.07332799903500092,0.36043466476086117,0.566237336204138
26022,LOF,0.05932283743280852,0.11767935772237897,0.8229978048448124
26023,LOF,0.040752699946907875,0.33843973590438725,0.6208075641487049
26024,LOF,0.0525724711668844,0.25099089318593787,0.6964366356471777
26025,LOF,0.07668841608965805,0.29884603454424336,0.6244655493660985
26026,LOF,0.12787017923609226,0.30905489031559696,0.5630749304483107
26027,LOF,0.03416318202604102,0.16534213359035205,0.800494684383607
26028,LOF,0.0461651404625536,0.2846224527857975,0.6692124067516488
26029,LOF,0.027055572351984532,0.3223293335413263,0.6506150941066892
26030,LOF,0.22698782331823666,0.027297418822489386,0.7457147578592739
26031,LOF,0.011947690572061465,0.3207622202656929,0.6672900891622456
26032,LOF,0.03353486075362961,0.06483492611790811,0.9016302131284624
26033,LOF,0.052627273283057184,0.18689288814866303,0.7604798385682797
26034,LOF,0.013913944973366359,0.2318072506364245,0.7542788043902091
26035,LOF,0.01132224578218855,0.2798845343376278,0.7087932198801836
26036,LOF,0.01097912807539681,0.17770959073934964,0.8113112811852535
26037,LOF,0.010901297869830615,0.19218230822592314,0.7969163939042463
26038,LOF,0.02520658410707752,0.07039054125648618,0.9044028746364363
26039,LOF,0.02472342475386455,0.2573512277462916,0.7179253474998438
26040,LOF,0.04289897275707583,0.20633960587134512,0.7507614213715791
26041,LOF,0.012680278464532294,0.21851754517886904,0.7688021763565985
26042,LOF,0.012043709817908024,0.22896853764870354,0.7589877525333885
26043,LOF,0.026165091589526516,0.1728813009685383,0.8009536074419352
26044,LOF,0.009749483181454289,0.17849904590725113,0.8117514709112946
26045,GOF,0.053611498488342686,0.5007145607624698,0.44567394074918754
26046,LOF,0.025608925105881863,0.17954483251713083,0.7948462423769873
26047,LOF,0.06712259435606485,0.09696620579930781,0.8359111998446274
26048,LOF,0.09558330827700023,0.10074331230455127,0.8036733794184485
26049,Neutral,0.8382003943980383,0.03038481140537007,0.1314147941965915
26050,Neutral,0.8277864486665162,0.0294811559799174,0.1427323953535666
26051,GOF,0.013319129692022749,0.6482228039183449,0.33845806638963244
26052,GOF,0.01582251448890153,0.5949951501576108,0.3891823353534876
26053,LOF,0.0364635373515012,0.01768474261054121,0.9458517200379577
26054,LOF,0.15867393414371242,0.08509022718676879,0.7562358386695187
26055,LOF,0.17474138657417754,0.13192489043252564,0.6933337229932968
26056,LOF,0.17930921199838348,0.13956081318784383,0.6811299748137727
26057,LOF,0.05332555824075055,0.03893527050605906,0.9077391712531904
26058,LOF,0.06078919927530789,0.03131306691286012,0.9078977338118319
26059,Neutral,0.8373459861985124,0.07688289417172929,0.0857711196297583
26060,LOF,0.012297858371105393,0.2956539082448536,0.6920482333840411
26061,LOF,0.014186938075194205,0.02609181760301672,0.9597212443217891
26062,LOF,0.007917031418412773,0.06262217613891476,0.9294607924426725
26063,LOF,0.04821818100823316,0.0386141297368372,0.9131676892549296
26064,LOF,0.013200700160382118,0.03832521658704402,0.9484740832525739
26065,LOF,0.035910052846403286,0.05162205280175681,0.9124678943518398
26066,LOF,0.047772963433648556,0.04188494872256556,0.9103420878437859
26067,LOF,0.05776119909652535,0.05610969633321275,0.8861291045702618
26068,LOF,0.1674359499817091,0.04746659289021651,0.7850974571280743
26069,LOF,0.06988885886422107,0.07211855429868526,0.8579925868370936
26070,LOF,0.07784703556703924,0.06430548696740225,0.8578474774655585
26071,LOF,0.050021245473977814,0.04493402179751927,0.9050447327285029
26072,LOF,0.009146437114338027,0.03523270770187002,0.9556208551837919
26073,LOF,0.04372343256900312,0.035720277716539184,0.9205562897144577
26074,Neutral,0.8197123319414424,0.034799781459361995,0.1454878865991956
26075,LOF,0.06674884569872311,0.09216271518096641,0.8410884391203105
26076,LOF,0.04848038976032118,0.06754613829469996,0.8839734719449789
26077,LOF,0.1690622768185132,0.12227073873239232,0.7086669844490944
26078,LOF,0.008983446620121719,0.07706706894650979,0.9139494844333684
26079,LOF,0.19560000273390257,0.03644928499898875,0.7679507122671088
26080,LOF,0.19560000273390257,0.03644928499898875,0.7679507122671088
26081,LOF,0.049930424002429336,0.03672541320030026,0.9133441627972704
26082,LOF,0.0098570691856708,0.11396391031445062,0.8761790204998786
26083,LOF,0.0351890511606816,0.10625780946785571,0.8585531393714626
26084,LOF,0.04789973651203924,0.05490635232326072,0.8971939111647
26085,LOF,0.04616658860203065,0.04644650468685904,0.9073869067111102
26086,LOF,0.03926819225737988,0.06058173388809302,0.900150073854527
26087,LOF,0.05047525771519982,0.06318420929162645,0.8863405329931738
26088,LOF,0.010486170915335819,0.11647695925479055,0.8730368698298736
26089,LOF,0.05132209863854928,0.16807162207172952,0.7806062792897213
26090,LOF,0.05496652354219894,0.1403391098965053,0.8046943665612958
26091,LOF,0.044512247227205336,0.05403406856428184,0.9014536842085128
26092,LOF,0.04731993749633292,0.033996214564646514,0.9186838479390205
26093,LOF,0.07190240014585389,0.029446724879002257,0.898650874975144
26094,LOF,0.042195159710834394,0.047441848466416234,0.9103629918227494
26095,LOF,0.016432389979340677,0.0425130595156352,0.9410545505050242
26096,LOF,0.28732190945665076,0.01093209629674034,0.7017459942466088
26097,LOF,0.009621689308924463,0.049904556499544374,0.9404737541915311
26098,LOF,0.1864301135772637,0.03205830197519639,0.78151158444754
26099,LOF,0.032260334759085345,0.07522102321462283,0.8925186420262919
26100,LOF,0.032260334759085345,0.07522102321462283,0.8925186420262919
26101,LOF,0.03147817948470748,0.10197630761681019,0.8665455128984824
26102,LOF,0.0444101315060304,0.04395502826437274,0.911634840229597
26103,Neutral,0.8396789642951558,0.058419212221811456,0.10190182348303266
26104,LOF,0.16844038557239752,0.10524985981946981,0.7263097546081326
26105,LOF,0.22822380570769316,0.23910496820759597,0.5326712260847108
26106,LOF,0.26511205584498154,0.20422322270185747,0.530664721453161
26107,LOF,0.008600754924441413,0.3156663990142159,0.6757328460613427
26108,LOF,0.13832101608636319,0.27758732373036715,0.5840916601832696
26109,LOF,0.049926240751114646,0.12094216569975275,0.8291315935491326
26110,LOF,0.17575192033421133,0.1200938153244141,0.7041542643413745
26111,LOF,0.04585239427410412,0.34333058152939666,0.6108170241964992
26112,LOF,0.04463831352034504,0.0440591204883093,0.9113025659913457
26113,LOF,0.03831864520699042,0.0741976032315889,0.8874837515614207
26114,LOF,0.09321283684595154,0.03830744835158941,0.868479714802459
26115,LOF,0.011373022295436736,0.3681871241407809,0.6204398535637823
26116,LOF,0.0662854549123219,0.12505234713227914,0.8086621979553991
26117,LOF,0.17272210517358613,0.08858485628830454,0.7386930385381093
26118,LOF,0.04215793211961123,0.029343567709185538,0.9284985001712032
26119,LOF,0.0051658171558810655,0.10041784292497244,0.8944163399191466
26120,LOF,0.04496087219015813,0.029826398418688116,0.9252127293911538
26121,LOF,0.0038803764733718604,0.20033435683936118,0.795785266687267
26122,LOF,0.0038905774915615476,0.19959452032633118,0.7965149021821072
26123,LOF,0.00451222704410135,0.17128311521830902,0.8242046577375897
