feature0,prediction,LoGoFunc_Neutral,LoGoFunc_GOF,LoGoFunc_LOF
25546,Neutral,0.6171938448985428,0.1426042789537847,0.24020187614767266
25547,Neutral,0.446264428477983,0.28258507415179646,0.2711504973702205
25548,Neutral,0.42029256130353204,0.22322409641438212,0.3564833422820859
25549,Neutral,0.3931978964676096,0.22694201736084704,0.37986008617154327
25550,LOF,0.3222762362558518,0.2803822514341232,0.397341512310025
25551,LOF,0.26613259886281676,0.26610992112667314,0.46775748001051015
25552,LOF,0.1474629505107151,0.2608223430972163,0.5917147063920687
25553,Neutral,0.8015884569949625,0.06562673506663909,0.13278480793839836
25554,LOF,0.1839204975965815,0.26076625730443004,0.5553132450989885
25555,LOF,0.150839804453924,0.22695793289726374,0.6222022626488122
25556,Neutral,0.47647093661705553,0.18125344021676223,0.3422756231661823
25557,LOF,0.1533681845504751,0.2378048589210122,0.6088269565285127
25558,LOF,0.1870977280686079,0.2844835788268509,0.5284186931045411
25559,Neutral,0.49650926960448977,0.0192896920732686,0.4842010383222415
25560,LOF,0.03835513290685161,0.22964128810117582,0.7320035789919725
25561,LOF,0.09790048364557562,0.2959415127105858,0.6061580036438386
25562,LOF,0.12206904375180032,0.061908673432527,0.8160222828156727
25563,LOF,0.11517485143911586,0.11652948335721573,0.7682956652036683
25564,LOF,0.07416011226704865,0.12357086879937045,0.8022690189335809
25565,LOF,0.13756188710786696,0.2170356820975568,0.6454024307945762
25566,GOF,0.02083120895682318,0.691851752211116,0.28731703883206083
25567,LOF,0.012365352133436655,0.1558298754488762,0.8318047724176872
25568,LOF,0.04623493797161851,0.06794375235766274,0.8858213096707188
25569,LOF,0.04883213416780267,0.0644187992872982,0.8867490665448992
25570,LOF,0.04897054922334603,0.08639812409908663,0.8646313266775674
25571,LOF,0.05417164936650363,0.08067552142546065,0.8651528292080357
25572,LOF,0.03904481541286785,0.0965448219496146,0.8644103626375176
25573,LOF,0.020231898126562085,0.09239930969195613,0.8873687921814819
25574,LOF,0.009788297105286656,0.2566045571469747,0.7336071457477386
25575,LOF,0.04598364976433327,0.06538361197311633,0.8886327382625503
25576,LOF,0.01457478647271195,0.07405389124114242,0.9113713222861456
25577,LOF,0.008795879417503961,0.0686758388557477,0.9225282817267483
25578,LOF,0.2784966624822635,0.07399478795209517,0.6475085495656413
25579,LOF,0.2804349214350717,0.07293484257683407,0.6466302359880942
25580,LOF,0.029283556539159136,0.06176647795795482,0.9089499655028861
25581,LOF,0.04351178856805719,0.07655550394108912,0.8799327074908536
25582,LOF,0.043490080447598604,0.07075997900861979,0.8857499405437816
25583,LOF,0.029842181014047453,0.0614127233058367,0.9087450956801159
25584,Neutral,0.5165701841488238,0.10455328955095557,0.37887652630022056
25585,LOF,0.023374420332781934,0.07955326973401766,0.8970723099332004
25586,LOF,0.029088697322344897,0.051204293324330866,0.9197070093533244
25587,LOF,0.025619116985424108,0.04647416556878702,0.9279067174457889
25588,LOF,0.023734695787638007,0.05971207565091634,0.9165532285614456
25589,Neutral,0.6423620770764589,0.13193410900594427,0.22570381391759678
25590,LOF,0.021051412547995453,0.11406901871689869,0.864879568735106
25591,LOF,0.09566423413953053,0.053897150051896874,0.8504386158085727
25592,LOF,0.08043331482876102,0.08802380467658408,0.8315428804946549
25593,LOF,0.011183457990835187,0.4933142487422949,0.49550229326686984
25594,LOF,0.0370420038088869,0.08009283237184664,0.8828651638192665
25595,LOF,0.06255973162363268,0.06810629524607766,0.8693339731302896
25596,LOF,0.0962514363735147,0.049756424287804794,0.8539921393386805
25597,LOF,0.07954973280671962,0.016313669439991487,0.9041365977532888
25598,LOF,0.04785529271983489,0.0748283258084655,0.8773163814716995
25599,LOF,0.009267457839494193,0.4945363143505831,0.49619622780992273
25600,LOF,0.01003727385763126,0.37314163224749824,0.6168210938948706
25601,LOF,0.0066781843831120275,0.19955345997080112,0.7937683556460868
25602,LOF,0.021051671193247957,0.07183724907948437,0.9071110797272676
25603,LOF,0.038320161773266345,0.07968891233593536,0.8819909258907982
25604,LOF,0.038893319563863465,0.07070682526358371,0.8903998551725527
25605,LOF,0.012272275496542414,0.21834500032016121,0.7693827241832963
25606,GOF,0.06562979676015078,0.5153594515802006,0.41901075165964863
25607,LOF,0.0036289567766999696,0.11698732437960424,0.8793837188436958
25608,LOF,0.05621369361358763,0.02702671467756093,0.9167595917088515
25609,LOF,0.08500081253210356,0.20789045067665857,0.7071087367912379
25610,LOF,0.042241427754178315,0.020852398095548837,0.9369061741502729
25611,LOF,0.05703410430553595,0.013308925941205973,0.9296569697532581
25612,LOF,0.10961367289224576,0.027481601522442656,0.8629047255853115
25613,LOF,0.09143764802377034,0.03264509657700366,0.875917255399226
25614,LOF,0.03612290521069879,0.034846960350731634,0.9290301344385696
25615,LOF,0.07813169483416285,0.03685348846830749,0.8850148166975298
25616,LOF,0.03226898552172039,0.04434927228216874,0.9233817421961109
25617,LOF,0.047147374821796595,0.02469243624156896,0.9281601889366345
25618,LOF,0.20763789635146523,0.03779377600366112,0.7545683276448736
25619,LOF,0.039788419059624346,0.031893524689754156,0.9283180562506216
25620,LOF,0.035443487280556976,0.051488209350618305,0.9130683033688248
25621,LOF,0.0415384238837156,0.020200223196379225,0.9382613529199051
25622,LOF,0.027754041466866552,0.05735978461966504,0.9148861739134684
25623,LOF,0.04641911453994514,0.04025124666110489,0.9133296387989499
25624,LOF,0.034740920995880366,0.04296338021805994,0.9222956987860597
25625,LOF,0.042155678549851035,0.0451692657688878,0.9126750556812611
25626,LOF,0.06966879385505456,0.026216570027276193,0.9041146361176693
25627,Neutral,0.4972621624672764,0.13027569096118852,0.37246214657153504
25628,LOF,0.17412019164077083,0.060060490011825396,0.7658193183474038
25629,LOF,0.043090395235669834,0.09666245394761797,0.8602471508167122
25630,LOF,0.16488222232209007,0.09290664970174375,0.7422111279761663
25631,Neutral,0.5731328313346875,0.09032078846176816,0.3365463802035442
25632,LOF,0.013789390166768724,0.17124910085652417,0.8149615089767072
25633,LOF,0.21145782575950284,0.31952030493658495,0.4690218693039123
25634,LOF,0.03390837697139013,0.24510107342405088,0.720990549604559
25635,LOF,0.03640865788254656,0.19230544525806614,0.7712858968593873
25636,GOF,0.005327451263404105,0.5676296329908346,0.42704291574576136
25637,LOF,0.005172153951354637,0.36102504356460274,0.6338028024840426
25638,LOF,0.006685701394396541,0.36725867500094866,0.6260556236046548
25639,LOF,0.005197942033385302,0.2939666898014636,0.700835368165151
25640,GOF,0.34487372563038726,0.5938200244010441,0.061306249968568594
25641,LOF,0.007696645405230168,0.18942922207687088,0.802874132517899
25642,LOF,0.22481360146744137,0.07008716687619165,0.705099231656367
25643,LOF,0.2728226363234006,0.0831889902461374,0.643988373430462
25644,GOF,0.012891234824909436,0.5059488830054032,0.4811598821696874
25645,GOF,0.009303390844923015,0.594927257560551,0.3957693515945259
25646,LOF,0.010147161151932912,0.34088106418077474,0.6489717746672924
25647,LOF,0.009275940905750717,0.27677007608170107,0.7139539830125482
25648,LOF,0.006458597752603509,0.34600766740747,0.6475337348399265
25649,LOF,0.007324000642160792,0.1964760831707791,0.79619991618706
25650,GOF,0.020889408643973425,0.5186997534456536,0.46041083791037296
25651,LOF,0.006653642660956306,0.22768272582228494,0.7656636315167588
25652,LOF,0.010823413773384673,0.35813014294659345,0.6310464432800218
25653,GOF,0.03682347066448236,0.505133355382161,0.45804317395335675
25654,LOF,0.00754996680780171,0.35502005842500195,0.6374299747671963
25655,GOF,0.07322117361746455,0.5215111308094398,0.40526769557309567
25656,LOF,0.09352401857145816,0.02756931976633784,0.8789066616622039
25657,LOF,0.26640761864717233,0.017291878259023088,0.7163005030938047
25658,LOF,0.02887169758592149,0.08855261632805896,0.8825756860860197
25659,LOF,0.2481253041637287,0.09180356713581986,0.6600711287004515
25660,LOF,0.10794247496576316,0.06826976502847995,0.8237877600057569
25661,LOF,0.0669574050999652,0.06068287039349882,0.872359724506536
25662,LOF,0.041280606556500336,0.05763368744976448,0.9010857059937352
25663,LOF,0.04390535762843063,0.09699463220252022,0.8591000101690491
25664,LOF,0.026073675254772274,0.2076599646396592,0.7662663601055685
25665,LOF,0.042755801720117094,0.06117782156353939,0.8960663767163435
25666,LOF,0.037335846693978283,0.1818222235271173,0.7808419297789043
25667,LOF,0.04332347710272101,0.033203072818377664,0.9234734500789012
25668,LOF,0.04723763407792473,0.04426105808825397,0.9085013078338212
25669,LOF,0.03712674109571684,0.07034650376166855,0.8925267551426145
25670,LOF,0.071904469174618,0.09627517079236807,0.831820360033014
25671,LOF,0.05223462822510004,0.03773238501646867,0.9100329867584314
25672,LOF,0.04973269168037602,0.061438221952551164,0.8888290863670728
25673,LOF,0.0384433497252849,0.06255788272183979,0.8989987675528753
25674,LOF,0.026330816376109355,0.09232302154766531,0.8813461620762253
25675,LOF,0.03256549562875349,0.04083210562249395,0.9266023987487525
25676,LOF,0.038716130176572494,0.060332294628721535,0.900951575194706
25677,LOF,0.0747396485047087,0.04410013320742195,0.8811602182878694
25678,LOF,0.16071799045366827,0.06360526892715855,0.7756767406191732
25679,LOF,0.10028696413866817,0.1008608667374192,0.7988521691239125
25680,LOF,0.106342447241331,0.08068766963877902,0.8129698831198899
25681,LOF,0.11326645513083088,0.07821251937814991,0.8085210254910191
25682,LOF,0.044358959841640816,0.04029738255058232,0.9153436576077768
25683,LOF,0.07237543523711662,0.07523149127028636,0.8523930734925971
25684,LOF,0.061279794582127456,0.05373680331844589,0.8849834020994266
25685,LOF,0.11930251722203608,0.036934398925117295,0.8437630838528467
25686,LOF,0.028527421032878,0.07726691061738956,0.8942056683497325
25687,LOF,0.04192186898561667,0.10221273966931728,0.8558653913450661
25688,LOF,0.02398892608251305,0.14789670214204018,0.8281143717754467
25689,LOF,0.014748340514582271,0.08703826057740384,0.8982133989080139
25690,LOF,0.019309161605730204,0.11456020040567994,0.8661306379885899
25691,LOF,0.14824754786159602,0.17251525559341493,0.6792371965449889
25692,LOF,0.34489706681748916,0.016467811990409975,0.6386351211921009
25693,LOF,0.027333839273462883,0.4793366386129738,0.49332952211356346
25694,LOF,0.2524438221548746,0.010528195389816732,0.7370279824553088
25695,LOF,0.1904799336719778,0.015921899047058905,0.7935981672809633
25696,LOF,0.08016996811766992,0.01499010045711547,0.9048399314252146
25697,LOF,0.08048262432800452,0.01099349052299795,0.9085238851489975
25698,LOF,0.015839932667275673,0.22439149721498164,0.7597685701177427
25699,LOF,0.07059618733843384,0.3019793857621373,0.6274244268994288
25700,LOF,0.04956922599726345,0.020576383703383855,0.9298543902993526
25701,LOF,0.010075059873464916,0.327513587224472,0.6624113529020632
25702,GOF,0.030588333613773496,0.5773598887963375,0.39205177758988907
25703,LOF,0.017469645507811164,0.05710243101686881,0.9254279234753201
25704,LOF,0.07042279945931218,0.04695818438493268,0.8826190161557551
25705,LOF,0.09358854221718733,0.164028198060705,0.7423832597221077
25706,GOF,0.020507941479520696,0.6138015002002646,0.36569055832021474
25707,GOF,0.025474759026407306,0.5070531958177793,0.4674720451558134
25708,GOF,0.008662693368131337,0.582873457947681,0.4084638486841877
25709,LOF,0.05170781688194315,0.06490141913728345,0.8833907639807735
25710,LOF,0.007531634765200119,0.14830198914801795,0.8441663760867819
25711,LOF,0.046973578636847584,0.10045794520351986,0.8525684761596325
25712,LOF,0.01052687586537786,0.19175637876433377,0.7977167453702884
25713,LOF,0.03946387208124318,0.10153736046608469,0.8589987674526722
25714,LOF,0.03674927753549427,0.17342790340696296,0.7898228190575427
25715,LOF,0.04560739634427653,0.10818332779665403,0.8462092758590694
25716,LOF,0.0063155966426658786,0.08433853766367704,0.909345865693657
25717,LOF,0.0065855474179199016,0.09079379333024801,0.9026206592518321
25718,LOF,0.038925403958049706,0.07126307014866132,0.8898115258932889
25719,LOF,0.0419380320996657,0.11761887273333067,0.8404430951670037
25720,LOF,0.036121016961677854,0.12275727981692537,0.8411217032213969
25721,LOF,0.038549710082488885,0.11531152911859306,0.846138760798918
25722,LOF,0.03141816616839937,0.13342681285624,0.8351550209753608
25723,LOF,0.05377783803404838,0.11418964715855681,0.8320325148073948
25724,LOF,0.0741896372964471,0.2738612988787418,0.651949063824811
25725,LOF,0.06174064825340455,0.09718522809113196,0.8410741236554634
25726,LOF,0.03820826882876322,0.10356692274884872,0.858224808422388
25727,LOF,0.04765257636850341,0.08822386087799294,0.8641235627535038
25728,LOF,0.043406593159635944,0.1180531462145602,0.8385402606258039
25729,LOF,0.04733022318508726,0.11839497802717824,0.8342747987877345
25730,LOF,0.05762175106818795,0.08827103963554042,0.8541072092962717
25731,LOF,0.008811848388584096,0.09026243570892847,0.9009257159024875
25732,LOF,0.031075572313832414,0.05393515572589796,0.9149892719602696
25733,LOF,0.03923869168496926,0.08034397874883878,0.880417329566192
25734,LOF,0.006225848671372217,0.29769521475157906,0.6960789365770487
25735,LOF,0.033360924199513926,0.08409671006733797,0.882542365733148
25736,LOF,0.03130563767728055,0.1593802853789827,0.8093140769437367
25737,LOF,0.061282750604723685,0.09256695307321264,0.8461502963220637
25738,LOF,0.045924992635858065,0.19077276411995484,0.7633022432441872
25739,LOF,0.0331341957027244,0.13525371040464237,0.8316120938926334
25740,LOF,0.06589018123852294,0.10782161911960132,0.8262881996418757
25741,LOF,0.06502401789709601,0.10132745204631168,0.8336485300565923
25742,LOF,0.06724720215208313,0.11084065949413976,0.8219121383537772
25743,LOF,0.01168961511230487,0.017150444459779295,0.971159940427916
25744,LOF,0.13333673334945334,0.14359983758002992,0.7230634290705167
25745,LOF,0.03250169601320486,0.06407620425276439,0.9034220997340308
25746,LOF,0.014492785933488038,0.08797826622563029,0.8975289478408817
25747,LOF,0.048115835832720055,0.03215149234220811,0.9197326718250718
25748,LOF,0.2995017452990191,0.08709653855284077,0.6134017161481402
25749,LOF,0.020368552628293724,0.05493391884109037,0.9246975285306159
25750,LOF,0.019330850804951307,0.06568340967346567,0.9149857395215831
25751,LOF,0.03881707121304963,0.07748971073463372,0.8836932180523167
25752,GOF,0.10465255671843786,0.5339462520961593,0.3614011911854029
25753,LOF,0.008265059585846049,0.3439839303525751,0.6477510100615789
25754,GOF,0.010490925690495667,0.8912311646439091,0.0982779096655953
25755,LOF,0.008601678495095806,0.3464331662512954,0.6449651552536089
25756,LOF,0.02424817725798527,0.40824674377597286,0.567505078966042
25757,GOF,0.009671118483545864,0.848605983371508,0.141722898144946
25758,GOF,0.012042635609763716,0.8795552645027738,0.10840209988746258
25759,GOF,0.00832794379643698,0.6746757154618825,0.3169963407416804
25760,LOF,0.007493374316423615,0.2567662563042148,0.7357403693793616
25761,GOF,0.05978533781498299,0.8724311831187851,0.06778347906623187
25762,LOF,0.024823370301613704,0.3728047132395666,0.6023719164588197
25763,LOF,0.007139110969658794,0.24769978701687997,0.7451611020134613
25764,GOF,0.08119121212656732,0.6571993725865445,0.26160941528688814
25765,GOF,0.012164207305885022,0.906114977121239,0.08172081557287608
25766,GOF,0.03191906480688247,0.8277686178047992,0.14031231738831848
25767,GOF,0.012140707672367234,0.532571621686291,0.45528767064134185
25768,LOF,0.052864002628973165,0.0630713296101081,0.8840646677609187
25769,LOF,0.03438790344134176,0.10297083732679384,0.8626412592318644
25770,LOF,0.1433894260968437,0.15780955573198235,0.6988010181711739
25771,LOF,0.02286301512660441,0.08534792202655282,0.8917890628468428
25772,LOF,0.05216117886457328,0.05629625582081479,0.891542565314612
25773,LOF,0.018168657023034367,0.12426676254619222,0.8575645804307733
25774,LOF,0.02603113580776396,0.24790012513621834,0.7260687390560177
25775,LOF,0.022386103895713622,0.05387577249988997,0.9237381236043963
25776,LOF,0.04021025625905406,0.03789316842781999,0.921896575313126
25777,LOF,0.2074228735946065,0.16946588437720828,0.6231112420281852
25778,LOF,0.029445562623256212,0.09713892757028952,0.8734155098064543
25779,GOF,0.061368095080283125,0.7601310049760015,0.17850089994371549
25780,GOF,0.07737321570431194,0.7789007044678972,0.14372607982779098
25781,GOF,0.034694827306008535,0.7292322219858351,0.2360729507081562
25782,GOF,0.033621246179498104,0.8158743045749453,0.15050444924555642
25783,GOF,0.07378028484336323,0.8148680143659488,0.111351700790688
25784,GOF,0.11335866604578669,0.7831321516248996,0.10350918232931383
25785,GOF,0.16602003874574833,0.7582944281797973,0.07568553307445436
25786,GOF,0.015567375841965178,0.6823982100978145,0.3020344140602203
25787,GOF,0.35405850966652447,0.5585009878592118,0.08744050247426374
25788,LOF,0.024887550462946904,0.06692937002539906,0.9081830795116541
25789,GOF,0.02107107549609173,0.7485269983694524,0.23040192613445593
25790,GOF,0.0347476187346157,0.7152877833786027,0.24996459788678155
25791,GOF,0.0347567779096285,0.4943472265453714,0.4708959955450001
25792,GOF,0.04037569691255335,0.6064988318393304,0.3531254712481163
25793,GOF,0.07449721872214331,0.6522627891002023,0.2732399921776545
25794,GOF,0.06027670505036315,0.47648224416675483,0.463241050782882
25795,GOF,0.06492257602886504,0.5245566660234429,0.41052075794769216
25796,GOF,0.1923061786955605,0.5398609508129155,0.26783287049152404
25797,GOF,0.08855553052186761,0.4947613419498964,0.4166831275282359
25798,GOF,0.00853461892462788,0.7609079138135046,0.23055746726186735
25799,GOF,0.0058048238002362485,0.6575590957266666,0.3366360804730971
25800,GOF,0.024921121060834234,0.8167499306426433,0.15832894829652241
25801,GOF,0.02661692093104067,0.7742295016769516,0.1991535773920077
25802,GOF,0.02848862470854445,0.6890745876032306,0.28243678768822494
25803,GOF,0.02511787483763815,0.5919313006983996,0.38295082446396217
25804,GOF,0.044530121928604366,0.5761689672284419,0.37930091084295364
25805,GOF,0.029389243283002117,0.6737576258356919,0.29685313088130594
25806,GOF,0.04074806490152639,0.6851130972379215,0.27413883786055226
25807,GOF,0.019130627630539538,0.5572863672143692,0.4235830051550913
25808,GOF,0.030248275070433605,0.6827093384498657,0.28704238647970076
25809,GOF,0.017187501749569706,0.5816550686788172,0.40115742957161304
25810,GOF,0.014778154221343855,0.58018402727318,0.40503781850547615
25811,GOF,0.08569576906035217,0.773296712128608,0.1410075188110399
25812,GOF,0.04953327236454372,0.5627522735914761,0.38771445404398014
25813,GOF,0.2703941504751957,0.5523352612717749,0.17727058825302938
25814,GOF,0.04511888636875801,0.6083037775549472,0.3465773360762948
25815,GOF,0.07508665938992337,0.7093131990298869,0.21560014158018967
25816,GOF,0.010963778085944396,0.7567256993363939,0.2323105225776618
25817,GOF,0.13625673204384225,0.5658784105870479,0.29786485736910984
25818,GOF,0.02990412051457748,0.7398380920743411,0.23025778741108135
25819,GOF,0.05604179102908434,0.6723146020231339,0.2716436069477818
25820,GOF,0.06278972240584445,0.5626765233365602,0.3745337542575954
25821,GOF,0.04206270017865527,0.6242732480018686,0.3336640518194761
25822,GOF,0.08413437952111827,0.5853988143178681,0.3304668061610135
25823,GOF,0.04569354404139755,0.5714600190569971,0.38284643690160536
25824,GOF,0.034157478962883604,0.6643071873842874,0.3015353336528291
25825,GOF,0.023469522316013916,0.6704096337651745,0.30612084391881156
25826,GOF,0.012530109175932003,0.5702299315966303,0.41723995922743773
25827,GOF,0.02036427986924931,0.6293528093544403,0.35028291077631046
25828,GOF,0.013776633972297595,0.6611818433759074,0.3250415226517952
25829,LOF,0.0055128270580883055,0.46307066057845764,0.531416512363454
25830,LOF,0.08518361246889257,0.27625391294000906,0.6385624745910984
25831,GOF,0.08236379254450123,0.7368817401487167,0.18075446730678213
25832,GOF,0.011820665252069347,0.6834750115310417,0.304704323216889
25833,GOF,0.0357251579177045,0.7781171305545539,0.18615771152774177
25834,GOF,0.012015300769647198,0.701931458172868,0.2860532410574848
25835,GOF,0.03376222455083447,0.805487864385113,0.16074991106405256
25836,GOF,0.009576545669119925,0.7133706532067036,0.27705280112417646
25837,GOF,0.013468990811435268,0.700351302163003,0.2861797070255617
25838,GOF,0.025618991804446347,0.7779869492148244,0.19639405898072915
25839,GOF,0.08470822656939488,0.681640372826898,0.23365140060370704
25840,GOF,0.1031692895372213,0.6626913739091959,0.23413933655358277
25841,GOF,0.08615564382999603,0.7405687012044877,0.1732756549655163
25842,GOF,0.031716740477277,0.8237910735556083,0.1444921859671147
25843,GOF,0.031350730948413105,0.8188416576705414,0.14980761138104562
25844,GOF,0.026512763321624857,0.7615784311719922,0.21190880550638277
25845,GOF,0.010312480898237043,0.6171539061094921,0.37253361299227095
25846,GOF,0.07971575192345033,0.7974427492064579,0.12284149887009192
25847,GOF,0.02316795667302813,0.816378163086675,0.1604538802402968
25848,GOF,0.02464370690665955,0.7668504763052072,0.20850581678813324
25849,GOF,0.009011590336925683,0.7404283572440129,0.2505600524190614
25850,GOF,0.009701820275209383,0.5885993346314887,0.40169884509330195
25851,GOF,0.008721265074162897,0.5227753709682542,0.4685033639575829
25852,LOF,0.18321691746039903,0.39111174651802677,0.42567133602157425
25853,GOF,0.06794407300071123,0.6046238280265329,0.3274320989727559
25854,GOF,0.008722749502775419,0.5942778996665465,0.396999350830678
25855,GOF,0.0270835155959797,0.4902825801719316,0.4826339042320886
25856,GOF,0.05522800072196797,0.6452003770041225,0.29957162227390954
25857,LOF,0.02745502060415603,0.4713843209897028,0.5011606584061412
25858,LOF,0.00949603798256093,0.485249841463556,0.505254120553883
25859,LOF,0.0071115547712048656,0.46852225573830325,0.524366189490492
25860,GOF,0.08367366918407866,0.5470719055098954,0.3692544253060259
25861,GOF,0.11409333334770792,0.7233802639853475,0.16252640266694457
25862,GOF,0.02243504930591925,0.849057273884348,0.1285076768097327
25863,GOF,0.020144028855789965,0.8090488178812868,0.17080715326292334
25864,GOF,0.030593468763697423,0.853437746311119,0.11596878492518362
25865,GOF,0.033920936359005734,0.8178860868027901,0.14819297683820418
25866,GOF,0.020024118959906204,0.8068093196543278,0.173166561385766
25867,GOF,0.04563987413183892,0.8220329377550604,0.13232718811310076
25868,GOF,0.07761784404513507,0.6633999583355867,0.25898219761927815
25869,GOF,0.34642989591790835,0.4611023673780391,0.19246773670405257
25870,LOF,0.09578867536344302,0.30068907002517975,0.6035222546113773
25871,GOF,0.01218103237683185,0.5773686739333154,0.4104502936898528
25872,GOF,0.028380186067058135,0.6067384011809913,0.3648814127519506
25873,GOF,0.02318711589385749,0.6925810996575981,0.28423178444854436
25874,LOF,0.0351146392093705,0.07288549526169547,0.891999865528934
25875,LOF,0.022683671267763446,0.1604629231981178,0.8168534055341188
25876,LOF,0.02079521099327738,0.08034582072190721,0.8988589682848154
25877,LOF,0.07937052470353775,0.29270916007705267,0.6279203152194096
25878,LOF,0.04898312391445068,0.36750239826611775,0.5835144778194316
25879,LOF,0.010346831388662207,0.18568307579811924,0.8039700928132186
25880,LOF,0.04154570418257613,0.02416339625196468,0.9342908995654591
25881,Neutral,0.490385260952271,0.25853842030919955,0.2510763187385294
25882,LOF,0.037628728220825344,0.12056369873509551,0.841807573044079
25883,LOF,0.02540217645038536,0.12777817525926405,0.8468196482903505
25884,LOF,0.013033319862743115,0.11615718166314895,0.8708094984741079
25885,LOF,0.13388285825297422,0.028494993945199956,0.8376221478018259
25886,LOF,0.2045384202260789,0.22411920704470276,0.5713423727292183
25887,LOF,0.05008213124186848,0.4689539198847676,0.480963948873364
25888,LOF,0.005049680955573739,0.4072720091941158,0.5876783098503104
25889,LOF,0.02171499088440634,0.09395451768553914,0.8843304914300545
25890,LOF,0.19387098291271782,0.27985031734319443,0.5262786997440877
25891,LOF,0.10869097578782046,0.08867566615893774,0.8026333580532418
25892,LOF,0.006911148117417801,0.04098171280016815,0.952107139082414
25893,LOF,0.24738715274384712,0.014169115077763469,0.7384437321783893
25894,LOF,0.2932008919679318,0.008814484228922587,0.6979846238031456
25895,LOF,0.26886199620440326,0.011992107040028325,0.7191458967555684
25896,LOF,0.05931657208997113,0.03851866851858296,0.902164759391446
25897,LOF,0.09978927575191865,0.01889011725422927,0.881320606993852
25898,LOF,0.07937524326183186,0.04268254381051686,0.8779422129276513
25899,LOF,0.3590508414636852,0.04232665935572917,0.5986224991805856
25900,Neutral,0.7189083563144394,0.01918850086244544,0.26190314282311505
25901,LOF,0.058563463827863406,0.013058592587271387,0.9283779435848653
25902,LOF,0.07381972595922899,0.008681318372143323,0.9174989556686277
25903,LOF,0.13347751973343322,0.03708201861552481,0.829440461651042
25904,LOF,0.4258800872646224,0.0801026905063144,0.49401722222906325
25905,LOF,0.014050213867127891,0.2588394959013859,0.7271102902314862
25906,LOF,0.01024999328195519,0.018045979565431584,0.9717040271526133
25907,LOF,0.009723895229860328,0.14086447870969898,0.8494116260604407
25908,LOF,0.010385842420173328,0.14202296088806526,0.8475911966917615
25909,LOF,0.05261158841620755,0.05390190588662787,0.8934865056971647
25910,LOF,0.015595535054241407,0.10764119032410623,0.8767632746216525
25911,LOF,0.20823320222912706,0.0859191213697212,0.7058476764011519
25912,LOF,0.12278585375437419,0.027946787896130233,0.8492673583494956
25913,LOF,0.014903080313894302,0.08216058304801326,0.9029363366380924
25914,LOF,0.04507133087487126,0.035214667974942625,0.9197140011501862
25915,GOF,0.24632915197329272,0.395444252320102,0.35822659570660526
25916,LOF,0.01931049004876455,0.22074016984460104,0.7599493401066345
25917,LOF,0.0732365977120671,0.03394162688282414,0.8928217754051088
25918,LOF,0.05248926700042833,0.023294667569342987,0.9242160654302288
25919,LOF,0.04787525435840745,0.022177012358338175,0.9299477332832544
25920,LOF,0.31074499296507585,0.2867371002948653,0.40251790674005883
25921,LOF,0.023049771760712493,0.027070070976104924,0.9498801572631826
25922,LOF,0.020230994530062822,0.02353796827507215,0.956231037194865
25923,LOF,0.45019962784157425,0.01802815498406743,0.5317722171743583
25924,LOF,0.02684989795080674,0.02520307961961728,0.947947022429576
25925,LOF,0.11990846276357721,0.03191561560197139,0.8481759216344513
25926,LOF,0.10394385368923435,0.034219031983678046,0.8618371143270876
25927,LOF,0.02346725083011863,0.06215363308365043,0.914379116086231
25928,LOF,0.015332643646000201,0.015856089366911973,0.9688112669870879
25929,Neutral,0.5690744925575352,0.01823977690578088,0.412685730536684
25930,LOF,0.05838712874949604,0.018831712058694588,0.9227811591918094
25931,LOF,0.01694960896873377,0.019608236423071575,0.9634421546081947
25932,LOF,0.09191391594622567,0.01150094061713726,0.8965851434366371
25933,LOF,0.08378490889849674,0.008246321094643414,0.9079687700068598
25934,LOF,0.07916748723868167,0.009739985624392655,0.9110925271369257
25935,LOF,0.115944747246502,0.03212482722235597,0.8519304255311421
25936,LOF,0.07992272605281872,0.00806915322468517,0.912008120722496
25937,LOF,0.01689536721752706,0.018688584869171986,0.9644160479133009
25938,LOF,0.11926723294482709,0.028915784435313587,0.8518169826198593
25939,LOF,0.05781417765065813,0.010045366667116343,0.9321404556822255
25940,LOF,0.007847757040303724,0.38365234008784604,0.6084999028718503
25941,Neutral,0.517403327827983,0.16653649825260886,0.31606017391940816
25942,LOF,0.00820870666790878,0.2559104517835294,0.7358808415485618
25943,GOF,0.024137152743265222,0.649067511105102,0.3267953361516327
25944,GOF,0.025438267731267575,0.49763088500950065,0.47693084725923185
25945,LOF,0.10592404418765783,0.15404445303060374,0.7400315027817386
25946,LOF,0.08765231640263084,0.09441636318858537,0.8179313204087839
25947,Neutral,0.48890985585036933,0.12948712011363814,0.3816030240359925
25948,Neutral,0.5014633655245061,0.013126388612549651,0.4854102458629442
25949,LOF,0.11580800099150869,0.030027069606774915,0.8541649294017165
25950,GOF,0.04239558047355524,0.8137630307911652,0.14384138873527944
25951,GOF,0.016702219422479916,0.6215793073771501,0.3617184732003699
25952,LOF,0.09979798051403574,0.4065617075240044,0.49364031196195984
25953,GOF,0.007808289730237126,0.5101910330501294,0.48200067721963363
25954,GOF,0.030120792236063357,0.6372845253927264,0.33259468237121026
25955,GOF,0.005670906967931259,0.5984276308280994,0.39590146220396943
25956,LOF,0.0097715784739626,0.3839521807220853,0.606276240803952
25957,LOF,0.24690159773511056,0.03062629302274984,0.7224721092421396
25958,LOF,0.02719702923242363,0.09243520433960137,0.8803677664279751
25959,GOF,0.006351282842517296,0.6572133763382595,0.33643534081922327
25960,LOF,0.0049547866402348305,0.1630801187543368,0.8319650946054283
25961,LOF,0.026768639706958728,0.09562893235704877,0.8776024279359925
25962,LOF,0.05669346344122502,0.05958987703865591,0.8837166595201191
25963,LOF,0.010293673946327988,0.19568792170550026,0.7940184043481718
25964,LOF,0.05131106491192133,0.12748255825772323,0.8212063768303555
25965,LOF,0.148932539027652,0.21345709483387112,0.6376103661384769
25966,LOF,0.3335813448911217,0.30782086226583855,0.35859779284303983
25967,LOF,0.007472737822811914,0.06720617896086087,0.9253210832163273
25968,LOF,0.07481570767972562,0.29883128390402464,0.6263530084162496
25969,LOF,0.14786852872070846,0.05743384035695831,0.7946976309223331
25970,LOF,0.03971989057224811,0.25306960149136887,0.707210507936383
25971,LOF,0.07130696816622828,0.08411479628667301,0.8445782355470988
25972,LOF,0.06647861446278865,0.11084586789500678,0.8226755176422046
25973,LOF,0.09845248601276413,0.00683648190393717,0.8947110320832987
25974,LOF,0.09822526946250783,0.050839493258383786,0.8509352372791084
25975,LOF,0.04227282088087244,0.009463087715118395,0.948264091404009
25976,LOF,0.09970721917124441,0.006330993212949076,0.8939617876158065
25977,LOF,0.2069773590848944,0.10697075520713584,0.6860518857079698
25978,LOF,0.13626413498589685,0.0985542676813718,0.7651815973327315
25979,LOF,0.10833116852687028,0.10021417572392971,0.7914546557492
25980,LOF,0.15142942267122855,0.2513538990130829,0.5972166783156885
25981,LOF,0.15486729810810906,0.2596723293576264,0.5854603725342645
25982,LOF,0.24024469893613412,0.09926423052582817,0.6604910705380377
25983,Neutral,0.46101090866629485,0.104772058578024,0.4342170327556812
25984,LOF,0.036186382903553485,0.19085059196730414,0.7729630251291424
25985,Neutral,0.43447079569720914,0.17321214902816437,0.3923170552746266
25986,GOF,0.008584083875427207,0.5252575058145832,0.46615841030998967
25987,LOF,0.01952263933354043,0.11449759702077277,0.8659797636456869
25988,LOF,0.02693757806265637,0.3095552681542795,0.6635071537830642
25989,LOF,0.03034732783427467,0.2634915674933938,0.7061611046723315
25990,LOF,0.03713202369298057,0.3383797585648524,0.624488217742167
25991,GOF,0.03249931980085661,0.6390973670033246,0.3284033131958187
25992,LOF,0.0113580060764687,0.39860374320995423,0.590038250713577
25993,LOF,0.03331004430199269,0.0694229327279069,0.8972670229701004
25994,LOF,0.03271691936016364,0.0920458200172672,0.8752372606225692
25995,LOF,0.02080068918036162,0.16670719191973513,0.8124921188999034
25996,GOF,0.24907499682900563,0.6098600018538266,0.14106500131716782
25997,GOF,0.055860459903692254,0.7035746709060672,0.24056486919024064
25998,LOF,0.2651968108774866,0.03917447016337761,0.6956287189591358
25999,LOF,0.027482926911885922,0.4571633635692501,0.5153537095188641
26000,LOF,0.12126517582433918,0.015236273489389234,0.8634985506862716
26001,LOF,0.12886758866737086,0.029074477155971133,0.842057934176658
26002,LOF,0.08110876897926955,0.016752374277222922,0.9021388567435075
26003,LOF,0.009435537390881365,0.47451896459608683,0.5160454980130319
26004,LOF,0.022611015969122086,0.4459908136093524,0.5313981704215255
26005,LOF,0.007417520158493201,0.42819915479684467,0.5643833250446623
26006,LOF,0.17385434868104221,0.40167982762667503,0.4244658236922828
26007,LOF,0.012786955649833317,0.4609694114700954,0.5262436328800713
26008,LOF,0.009180820692705023,0.44196366317990504,0.5488555161273899
26009,GOF,0.017601337169617884,0.5215788011425327,0.4608198616878493
26010,LOF,0.01211662282605506,0.4910629173887235,0.49682045978522144
26011,LOF,0.008195950066196708,0.3739250460886351,0.6178790038451681
26012,LOF,0.00782392634961713,0.3775223521884306,0.6146537214619523
26013,LOF,0.014357112170878622,0.3998029319510667,0.5858399558780547
26014,LOF,0.06252530286451981,0.08054702692944467,0.8569276702060356
26015,LOF,0.4166110070250306,0.05649478680469012,0.5268942061702793
26016,LOF,0.23904370970709715,0.1529943900590601,0.6079619002338428
26017,LOF,0.015976626692202556,0.4372870690385907,0.5467363042692067
26018,LOF,0.019916421613206264,0.16751688376652193,0.8125666946202718
26019,LOF,0.020002949409554053,0.12927388485988722,0.8507231657305586
26020,LOF,0.006550749433149889,0.3421106835579044,0.6513385670089455
26021,LOF,0.07735209456739649,0.24947544465814242,0.6731724607744611
26022,LOF,0.04889129195533165,0.053740284432445266,0.8973684236122231
26023,LOF,0.032603818623829106,0.102179756308124,0.865216425068047
26024,LOF,0.0454186655675187,0.1654480940580991,0.7891332403743821
26025,LOF,0.10541512842219118,0.19596858621687885,0.6986162853609299
26026,LOF,0.10759388061563181,0.17436310437860203,0.7180430150057662
26027,LOF,0.03301668293382542,0.06600915735176709,0.9009741597144076
26028,LOF,0.07242078123869551,0.18063708016320917,0.7469421385980954
26029,LOF,0.04148353728463746,0.09009180802306062,0.8684246546923019
26030,LOF,0.16323782088234184,0.00793662771850801,0.8288255513991502
26031,LOF,0.02241516007568165,0.10791925034599241,0.869665589578326
26032,LOF,0.029413121736466007,0.01805091570748486,0.9525359625560491
26033,LOF,0.04877420640187972,0.032156738426185466,0.9190690551719347
26034,LOF,0.03003302838824403,0.06701114730882281,0.9029558243029332
26035,LOF,0.017815776831101988,0.08045037686799693,0.9017338463009011
26036,LOF,0.01688825721770075,0.06411713610495877,0.9189946066773405
26037,LOF,0.015579307613176758,0.061787346083423775,0.9226333463033995
26038,LOF,0.023626309642978027,0.018256795918728638,0.9581168944382933
26039,LOF,0.03571203995161861,0.09129528553571165,0.8729926745126697
26040,LOF,0.06909404135420417,0.12745477300694802,0.8034511856388478
26041,LOF,0.01838338861911235,0.07620401719923925,0.9054125941816484
26042,LOF,0.017251761249229086,0.07943044421751966,0.9033177945332512
26043,LOF,0.023407059554261728,0.04328753683540761,0.9333054036103305
26044,LOF,0.009434875423214082,0.04764900541155375,0.9429161191652322
26045,LOF,0.08736272939281275,0.15965992627773037,0.7529773443294568
26046,LOF,0.022705249514267035,0.04874101665880018,0.9285537338269327
26047,LOF,0.056675445244246794,0.035981040134268255,0.9073435146214849
26048,LOF,0.06843100696853034,0.0287176813440833,0.9028513116873864
26049,Neutral,0.9182386414048397,0.005823164025801954,0.07593819456935834
26050,Neutral,0.8438140055607639,0.007289660284347003,0.1488963341548891
26051,GOF,0.028909625973612307,0.49328910674796517,0.4778012672784224
26052,LOF,0.03228104402136452,0.36480965908487945,0.602909296893756
26053,LOF,0.039075849699302466,0.05676101267329149,0.904163137627406
26054,LOF,0.05414209164805293,0.0680653451730267,0.8777925631789203
26055,LOF,0.06440202154314595,0.06894845280597743,0.8666495256508766
26056,LOF,0.061001868308664664,0.07409315295567909,0.8649049787356563
26057,LOF,0.05549228299066822,0.022122551806148284,0.9223851652031834
26058,LOF,0.06439655518444139,0.01688061784671098,0.9187228269688476
26059,LOF,0.2609504689738108,0.11901069900419636,0.6200388320219928
26060,LOF,0.014118468912132228,0.3016758077632128,0.684205723324655
26061,LOF,0.012375294137418748,0.013905239835109072,0.9737194660274722
26062,LOF,0.005808137531780381,0.03192319494100328,0.9622686675272163
26063,LOF,0.05449164294339587,0.01856859560580997,0.9269397614507942
26064,LOF,0.009113433397939207,0.017923336525909103,0.9729632300761517
26065,LOF,0.04362641266767984,0.026663775524552475,0.9297098118077678
26066,LOF,0.045446026630390574,0.017234403567791087,0.9373195698018184
26067,LOF,0.05284772886532931,0.021127490060145245,0.9260247810745253
26068,LOF,0.049185379054860465,0.06019338041392235,0.8906212405312172
26069,LOF,0.17473399312948262,0.039942743485447005,0.7853232633850704
26070,LOF,0.41567609671001543,0.0230178709571319,0.5613060323328527
26071,LOF,0.0481692553847519,0.019982703886276834,0.9318480407289714
26072,LOF,0.008962672879532065,0.021340140542368727,0.9696971865780992
26073,LOF,0.048487546473815486,0.0165915454685537,0.9349209080576308
26074,Neutral,0.7532218624115629,0.018301219942770314,0.22847691764566677
26075,LOF,0.04396789552858269,0.03561833069386457,0.9204137737775528
26076,LOF,0.057862225442397594,0.032504578149199964,0.9096331964084025
26077,LOF,0.16209732249619685,0.026058712111017106,0.8118439653927861
26078,LOF,0.006956012755015267,0.026337044873558497,0.9667069423714263
26079,LOF,0.061152656594217106,0.03587214489209701,0.9029751985136859
26080,LOF,0.05906216830889385,0.03582426363139942,0.9051135680597068
26081,LOF,0.05163104067458819,0.01852431242539423,0.9298446469000177
26082,LOF,0.007423963603095704,0.030544743189056117,0.9620312932078482
26083,LOF,0.04436480577143149,0.050409334723049946,0.9052258595055185
26084,LOF,0.05318167238443376,0.02873157712831638,0.9180867504872499
26085,LOF,0.04963871580936198,0.023830247202489743,0.9265310369881482
26086,LOF,0.035680122790761534,0.02610681753698838,0.93821305967225
26087,LOF,0.04394852440598036,0.030402102396098456,0.9256493731979213
26088,LOF,0.007908151575480426,0.06156805061526769,0.9305237978092518
26089,LOF,0.038350406434001186,0.07282183228471381,0.888827761281285
26090,LOF,0.038135688931326246,0.05686663617092305,0.9049976748977506
26091,LOF,0.0489925381353067,0.02313710197918459,0.9278703598855088
26092,LOF,0.056707330719459444,0.01847919977213782,0.9248134695084027
26093,LOF,0.07309760599785782,0.014516499062124764,0.9123858949400173
26094,LOF,0.041530159378686114,0.02028794813525498,0.9381818924860588
26095,LOF,0.011831862309364397,0.0351557045283829,0.9530124331622527
26096,LOF,0.29196175500250193,0.005020829782124404,0.7030174152153738
26097,LOF,0.00738048332173969,0.053780419123928246,0.938839097554332
26098,LOF,0.05997968815615049,0.035186300465889615,0.9048340113779599
26099,LOF,0.041860996222522075,0.0740804643912735,0.8840585393862044
26100,LOF,0.041860996222522075,0.0740804643912735,0.8840585393862044
26101,LOF,0.03743843089983726,0.07162336856083626,0.8909382005393264
26102,LOF,0.047302086475100494,0.028399060521637178,0.9242988530032623
26103,Neutral,0.8629485049948992,0.045561694482746884,0.091489800522354
26104,LOF,0.04843895640171323,0.11102973419245324,0.8405313094058335
26105,LOF,0.2697636133421358,0.22304626618324463,0.5071901204746196
26106,LOF,0.30838751861791996,0.15594171322011366,0.5356707681619663
26107,LOF,0.010607325721237819,0.1507533070506668,0.8386393672280954
26108,LOF,0.13579882719813077,0.19389464321577085,0.6703065295860983
26109,LOF,0.044932963556296716,0.032090569280678695,0.9229764671630245
26110,Neutral,0.5518821148336618,0.03020360886499449,0.41791427630134365
26111,LOF,0.05058704913275363,0.22200530518867645,0.7274076456785699
26112,LOF,0.06193382599108538,0.03620843039050016,0.9018577436184143
26113,LOF,0.06858042040633529,0.06061557710632531,0.8708040024873395
26114,LOF,0.08749987957656925,0.026475268364947138,0.8860248520584837
26115,LOF,0.015800106196766965,0.19902249784448572,0.7851773959587474
26116,LOF,0.05543244561454828,0.05621579183662768,0.888351762548824
26117,LOF,0.27724487708702966,0.06311814738944628,0.6596369755235241
26118,LOF,0.04207521358090099,0.02184279741774869,0.9360819890013503
26119,LOF,0.006003888882152128,0.10772940599504086,0.886266705122807
26120,LOF,0.03569389351877678,0.025466933084007524,0.9388391733972158
26121,LOF,0.005003061476734162,0.11458521735234739,0.8804117211709184
26122,LOF,0.00507424497445478,0.1164972918588959,0.8784284631666492
