feature0,prediction,LoGoFunc_Neutral,LoGoFunc_GOF,LoGoFunc_LOF
25546,Neutral,0.6380864692448093,0.05586581702926141,0.30604771372592937
25547,Neutral,0.5194874426070966,0.1185040660337786,0.36200849135912483
25548,Neutral,0.4804673746677516,0.07986381256878432,0.43966881276346415
25549,LOF,0.437780126142381,0.09450280744521611,0.4677170664124029
25550,Neutral,0.5900935091335597,0.05846537206526852,0.3514411188011718
25551,Neutral,0.6186689546089145,0.06920737723223724,0.31212366815884846
25552,LOF,0.30827388160325686,0.08897483110231567,0.6027512872944275
25553,Neutral,0.5415039078396082,0.06273097630734475,0.395765115853047
25554,LOF,0.3723348689855648,0.12528140232633656,0.5023837286880987
25555,LOF,0.28344666102744687,0.08872343079226441,0.6278299081802887
25556,LOF,0.3803111101600803,0.10486008818143015,0.5148288016584895
25557,LOF,0.2840903177812795,0.094864979950677,0.6210447022680435
25558,LOF,0.39219723293947023,0.10354489812759023,0.5042578689329394
25559,LOF,0.24543298444062675,0.09333256998235821,0.6612344455770149
25560,LOF,0.05303985153381722,0.10397310234230855,0.8429870461238743
25561,LOF,0.13797445471598857,0.10535594343787719,0.7566696018461343
25562,LOF,0.12084912973846759,0.020643417426852637,0.8585074528346798
25563,LOF,0.17856426666408634,0.041164219138971815,0.7802715141969419
25564,LOF,0.06681102437460676,0.07646105567883715,0.8567279199465562
25565,LOF,0.13123685061071638,0.2834734180105595,0.5852897313787241
25566,GOF,0.03329045983613368,0.626627202979204,0.3400823371846622
25567,LOF,0.01744874544915191,0.12121476230484556,0.8613364922460025
25568,LOF,0.0826606155098183,0.13586422094326608,0.7814751635469156
25569,LOF,0.2321757361951086,0.024596842995566002,0.7432274208093255
25570,LOF,0.07824871774002655,0.11849813409338966,0.8032531481665838
25571,LOF,0.08859332333203335,0.08067366341043901,0.8307330132575277
25572,LOF,0.07145341545497366,0.1191111662220638,0.8094354183229625
25573,LOF,0.034256567600469044,0.1043308987411131,0.8614125336584179
25574,LOF,0.011691603365343417,0.250709437758553,0.7375989588761036
25575,LOF,0.086581417153102,0.047009665701541144,0.8664089171453568
25576,LOF,0.02307983030142847,0.040460811546806426,0.9364593581517651
25577,LOF,0.01602906361346507,0.07477029281232554,0.9092006435742094
25578,LOF,0.26231349869769216,0.11269904035217988,0.624987460950128
25579,LOF,0.09142991304319746,0.11421982924190219,0.7943502577149004
25580,LOF,0.05104617915164236,0.03581490639993471,0.9131389144484229
25581,LOF,0.07738818430212485,0.1571249995831835,0.7654868161146916
25582,LOF,0.07846378517663635,0.10508086885043345,0.8164553459729302
25583,LOF,0.06005905513092947,0.03473471633925939,0.9052062285298111
25584,Neutral,0.48857327200067796,0.08458328231754311,0.42684344568177907
25585,LOF,0.018495148624475728,0.04019445905143792,0.9413103923240863
25586,LOF,0.0518323675459316,0.06764679477603733,0.880520837678031
25587,LOF,0.03977193227242371,0.05526831806618838,0.9049597496613879
25588,LOF,0.04754016480236949,0.07085001916013693,0.8816098160374936
25589,Neutral,0.6998907154201578,0.14480991886485123,0.1552993657149909
25590,LOF,0.03306287409756542,0.11777850963026522,0.8491586162721695
25591,LOF,0.103501930068317,0.07887706189237806,0.8176210080393049
25592,LOF,0.19994937634371537,0.18562146784008224,0.6144291558162024
25593,LOF,0.01874116833590252,0.3633225145673741,0.6179363170967234
25594,LOF,0.07600358140588044,0.10846118061412696,0.8155352379799926
25595,LOF,0.057677092265297006,0.2124629761967365,0.7298599315379666
25596,LOF,0.11474928858569171,0.08466970468139427,0.8005810067329139
25597,LOF,0.10725921754298852,0.04871296736081058,0.844027815096201
25598,LOF,0.1818666431211334,0.05974013719062759,0.7583932196882389
25599,LOF,0.012641284413371954,0.18898242997404782,0.7983762856125802
25600,LOF,0.015207359394547077,0.17115879320229727,0.8136338474031556
25601,LOF,0.009928632950119655,0.09864560929214213,0.8914257577577382
25602,LOF,0.03839483249196997,0.14051649214180026,0.8210886753662298
25603,LOF,0.041936034281887316,0.10350796644022386,0.8545559992778888
25604,LOF,0.02721524514087076,0.18518161589071314,0.7876031389684159
25605,LOF,0.014359909541906505,0.3607993913569325,0.624840699101161
25606,GOF,0.0742190598315077,0.556518896001244,0.3692620441672482
25607,LOF,0.003601011628424228,0.2208632391816645,0.7755357491899113
25608,LOF,0.027088002013382944,0.04763505640699003,0.9252769415796271
25609,LOF,0.1835531375687648,0.16133157034956852,0.6551152920816666
25610,LOF,0.03931850226387934,0.11789645184715176,0.8427850458889689
25611,LOF,0.055098060119208606,0.09116609007608782,0.8537358498047036
25612,LOF,0.11489450834203199,0.22524210876921844,0.6598633828887496
25613,LOF,0.03645237925896087,0.29843500259821104,0.6651126181428281
25614,LOF,0.031609524546639754,0.1759683575087483,0.7924221179446119
25615,LOF,0.031625420366200814,0.14112603800278603,0.8272485416310131
25616,LOF,0.022641035408426248,0.2369312784411205,0.7404276861504533
25617,LOF,0.051699601089368656,0.14972073615279471,0.7985796627578368
25618,GOF,0.07761009275614482,0.5102363331348849,0.41215357410897024
25619,LOF,0.044359884632937566,0.13663112197857827,0.8190089933884842
25620,LOF,0.032362627182595305,0.19750248274560608,0.7701348900717987
25621,LOF,0.03977617871715822,0.1350659482449675,0.8251578730378742
25622,LOF,0.029108420961820158,0.18709181432874658,0.7837997647094334
25623,LOF,0.050442269977211456,0.14592775637758906,0.8036299736451995
25624,LOF,0.03215561630027237,0.21413022770018045,0.753714155999547
25625,LOF,0.03515851982897608,0.17322006103670437,0.7916214191343195
25626,LOF,0.14304727253391566,0.14247557656895732,0.7144771508971272
25627,Neutral,0.4736760800306286,0.18490456697964022,0.3414193529897311
25628,LOF,0.16115942699203628,0.05718179786756269,0.7816587751404009
25629,LOF,0.18366957421062727,0.048650470128127274,0.7676799556612455
25630,LOF,0.07933275886071801,0.11389807205316416,0.8067691690861178
25631,Neutral,0.49628637819799387,0.1782866705340038,0.3254269512680025
25632,LOF,0.011854840662891997,0.06309160541718664,0.9250535539199213
25633,LOF,0.28884631329340016,0.2674971865127021,0.4436565001938977
25634,LOF,0.06435455748356625,0.2329006028927794,0.7027448396236544
25635,LOF,0.044522898824927444,0.05633399188766444,0.899143109287408
25636,GOF,0.005544602929505105,0.5570326166749698,0.43742278039552507
25637,LOF,0.005576894785003466,0.3021589047591106,0.6922642004558859
25638,LOF,0.006792931311375694,0.3485508270454872,0.6446562416431371
25639,LOF,0.006597333344172106,0.24555612354801085,0.7478465431078171
25640,Neutral,0.5360626649074476,0.3195389655685398,0.14439836952401272
25641,LOF,0.009269927901900779,0.21693735346166912,0.7737927186364301
25642,LOF,0.2944656953264581,0.08096308500215427,0.6245712196713876
25643,LOF,0.41276162185807824,0.016052392663566728,0.5711859854783551
25644,LOF,0.014209032335389333,0.39526464543161866,0.5905263222329921
25645,GOF,0.010759397238335092,0.5871764077684377,0.40206419499322726
25646,LOF,0.01211954817425301,0.3188423745562755,0.6690380772694714
25647,LOF,0.01299298340978974,0.31138134776997894,0.6756256688202312
25648,LOF,0.009144410277137624,0.39950566599863324,0.5913499237242291
25649,LOF,0.008093845686195285,0.2641845685819002,0.7277215857319045
25650,GOF,0.030728314777032813,0.5676286043487321,0.40164308087423506
25651,LOF,0.007647996598002201,0.4287940751131513,0.5635579282888465
25652,LOF,0.018343235825767162,0.282526020278225,0.6991307438960078
25653,GOF,0.08202945864053704,0.507357190245704,0.4106133511137589
25654,LOF,0.011663646064460199,0.48889620332285555,0.4994401506126842
25655,GOF,0.09044757916561616,0.4957482084404448,0.413804212393939
25656,GOF,0.049730509880626605,0.48057245638621965,0.4696970337331539
25657,LOF,0.2306290143128919,0.05647947879089528,0.7128915068962128
25658,LOF,0.01959506439732785,0.30519354878226485,0.6752113868204073
25659,LOF,0.11631311739799698,0.257508302055052,0.6261785805469511
25660,LOF,0.08922621666290427,0.1152880187119266,0.7954857646251692
25661,LOF,0.07326949788737389,0.07186570995019291,0.8548647921624332
25662,LOF,0.053671590037532246,0.07144126031689314,0.8748871496455747
25663,LOF,0.05260638311782971,0.08950539604336813,0.8578882208388022
25664,LOF,0.039296888339626246,0.150486496630895,0.8102166150294787
25665,LOF,0.06396256932759653,0.18887165078587684,0.7471657798865265
25666,LOF,0.06581290335305744,0.13043713222754796,0.8037499644193945
25667,LOF,0.04472149310330016,0.03152896575026228,0.9237495411464376
25668,LOF,0.052429047742295655,0.04496977981346495,0.9026011724442393
25669,LOF,0.0414799818487269,0.0712455775336874,0.8872744406175858
25670,LOF,0.06659307819497233,0.05234337120744483,0.8810635505975829
25671,LOF,0.06531299628034828,0.0750889548208204,0.8595980488988313
25672,LOF,0.06877003159493864,0.11635182520825033,0.8148781431968111
25673,LOF,0.05821933089136739,0.0629099563803121,0.8788707127283204
25674,LOF,0.0333794027237596,0.11036472848449448,0.856255868791746
25675,LOF,0.06287803401205042,0.04292103313081118,0.8942009328571383
25676,LOF,0.04901150036165092,0.08885010593556764,0.8621383937027814
25677,LOF,0.07251917796105863,0.05943908032732629,0.868041741711615
25678,LOF,0.26813009731857335,0.05095898178874762,0.6809109208926789
25679,LOF,0.15152456260402908,0.08176541790666561,0.7667100194893053
25680,LOF,0.09522151800826405,0.135774358589451,0.769004123402285
25681,LOF,0.10298891427860267,0.12729146885174086,0.7697196168696565
25682,LOF,0.05843423346145094,0.07675278794430804,0.8648129785942411
25683,LOF,0.1245309172070198,0.07160504688115,0.8038640359118303
25684,LOF,0.0919130425594002,0.12243683446930209,0.7856501229712978
25685,LOF,0.09632615473414373,0.038980093316228426,0.8646937519496279
25686,LOF,0.026947054122538755,0.19229080881007582,0.7807621370673854
25687,LOF,0.042923062982646074,0.20012703957057174,0.7569498974467823
25688,LOF,0.013893093226397335,0.38078946720906254,0.6053174395645401
25689,LOF,0.010475324888176346,0.22705308794512788,0.7624715871666958
25690,LOF,0.011469435220594902,0.3892574450037155,0.5992731197756895
25691,GOF,0.08185841827424745,0.5066968317381849,0.4114447499875675
25692,LOF,0.12512989763665333,0.04396892026744862,0.830901182095898
25693,GOF,0.0247021645247608,0.5582092316069552,0.417088603868284
25694,LOF,0.21202213889367894,0.056423677558614736,0.7315541835477064
25695,LOF,0.1613626374974402,0.07859187064281745,0.7600454918597424
25696,LOF,0.16219786065610206,0.05293404048840113,0.7848680988554968
25697,LOF,0.15243979450588338,0.03759465051165778,0.8099655549824588
25698,LOF,0.014529331084128974,0.4545648018044418,0.5309058671114293
25699,LOF,0.06629396393856321,0.24174055866441022,0.6919654773970266
25700,LOF,0.06200409810174512,0.01878411734111999,0.9192117845571349
25701,LOF,0.00916186290905463,0.46090741993199524,0.5299307171589501
25702,GOF,0.021107377010555,0.6470208150715726,0.3318718079178724
25703,LOF,0.015560815389532131,0.07303647370518003,0.9114027109052879
25704,LOF,0.07017933122415775,0.10771605209195464,0.8221046166838877
25705,LOF,0.0986140692812057,0.19642560660041591,0.7049603241183784
25706,GOF,0.020962932344228795,0.7889721516633045,0.19006491599246658
25707,GOF,0.016854234834166263,0.7446910001561737,0.23845476500965995
25708,GOF,0.007396963984632127,0.7875767390288684,0.20502629698649957
25709,LOF,0.04562316240069567,0.11161650984544551,0.8427603277538588
25710,LOF,0.01201403798496477,0.21498597574834036,0.7729999862666949
25711,LOF,0.047358422434300516,0.12734518108048062,0.8252963964852189
25712,LOF,0.021094175605262926,0.14770912382875628,0.8311967005659807
25713,LOF,0.040530587667291354,0.1402602689372361,0.8192091433954727
25714,LOF,0.03588327604650581,0.31404002791146496,0.6500766960420292
25715,LOF,0.03354964514887526,0.19956119191939725,0.7668891629317276
25716,LOF,0.011179869233192202,0.08403362502950437,0.9047865057373035
25717,LOF,0.010989021548904347,0.0787599741907139,0.9102510042603819
25718,LOF,0.04634036602199068,0.08199692885408766,0.8716627051239217
25719,LOF,0.04033094552584617,0.13352769819000052,0.8261413562841533
25720,LOF,0.03725576823085536,0.1805348414222435,0.7822093903469011
25721,LOF,0.041318847833492114,0.10044099903875087,0.8582401531277571
25722,LOF,0.037762051039708505,0.12736176499485868,0.8348761839654327
25723,LOF,0.05048078398130875,0.1564794570231994,0.7930397589954917
25724,GOF,0.06591914339994805,0.4798136423506702,0.45426721424938166
25725,LOF,0.06235387777508591,0.13804676725920417,0.7995993549657098
25726,LOF,0.04075014747048323,0.1454709266565213,0.8137789258729954
25727,LOF,0.05883133088709795,0.09478863359044737,0.8463800355224547
25728,LOF,0.03593169166926191,0.2091951358682125,0.7548731724625255
25729,LOF,0.04036086344474373,0.1993948534249158,0.7602442831303405
25730,LOF,0.04827202412943194,0.15800717889190108,0.7937207969786669
25731,LOF,0.015113925040306064,0.10265920433928909,0.8822268706204048
25732,LOF,0.03297301625097869,0.09966006243592236,0.867366921313099
25733,LOF,0.043775828839330684,0.2792324390908615,0.6769917320698078
25734,LOF,0.00931173149731191,0.19359414395246308,0.797094124550225
25735,LOF,0.041362482840976045,0.11372315879452073,0.8449143583645031
25736,LOF,0.03803352173439664,0.18501956295820637,0.776946915307397
25737,LOF,0.06400560769825706,0.10872816038134309,0.8272662319203998
25738,LOF,0.05436355525748382,0.23012114479230356,0.7155152999502127
25739,LOF,0.03773134028246059,0.1687671907710572,0.7935014689464822
25740,LOF,0.059467270249830624,0.15270758698095577,0.7878251427692136
25741,LOF,0.054906085485347506,0.1586213002788121,0.7864726142358405
25742,LOF,0.06283270757727594,0.18515385562731487,0.7520134367954092
25743,LOF,0.012710668187227827,0.03600345250290788,0.9512858793098643
25744,GOF,0.08632045289511407,0.49256500994349484,0.4211145371613911
25745,LOF,0.02234674863005878,0.4536131636777915,0.5240400876921497
25746,LOF,0.012675384183813665,0.4337050730211434,0.5536195427950429
25747,LOF,0.04977005862670621,0.04269173878632795,0.9075382025869657
25748,LOF,0.09958798497271142,0.24326794276732974,0.6571440722599589
25749,LOF,0.011854788006496348,0.3592939902778397,0.6288512217156639
25750,LOF,0.014396960632914752,0.4548078372272987,0.5307952021397867
25751,LOF,0.03131322981670688,0.15256330208056817,0.816123468102725
25752,GOF,0.09876051580880298,0.6100177938994018,0.2912216902917952
25753,LOF,0.010414910176067587,0.18172812139013217,0.8078569684338003
25754,GOF,0.011207973657645047,0.871004903716965,0.11778712262539
25755,LOF,0.009095486259100283,0.198731135868142,0.7921733778727577
25756,LOF,0.05177318644397195,0.25940717894435183,0.6888196346116762
25757,GOF,0.009950234984615407,0.7857356552451672,0.20431410977021733
25758,GOF,0.009893489157520403,0.8606111081158786,0.12949540272660098
25759,GOF,0.0060029359994341,0.6632916667584573,0.33070539724210857
25760,LOF,0.007742487653981872,0.1089707079567184,0.8832868043892997
25761,GOF,0.03364180136334692,0.8531313253770314,0.11322687325962165
25762,LOF,0.058080629645759364,0.2693531533062848,0.6725662170479558
25763,LOF,0.008880562203550928,0.10969440655210823,0.8814250312443409
25764,GOF,0.08471373105848407,0.5992817298049263,0.3160045391365896
25765,GOF,0.009350588587378344,0.8422621678639788,0.1483872435486428
25766,GOF,0.02362034717680259,0.815912477453018,0.16046717537017943
25767,GOF,0.0101567988575112,0.7019598335151009,0.28788336762738787
25768,LOF,0.04925769347139119,0.08217360336167054,0.8685687031669382
25769,LOF,0.02896888849048238,0.23230918145008825,0.7387219300594293
25770,Neutral,0.7300957022298507,0.07188071172002533,0.19802358605012402
25771,LOF,0.03160147783940576,0.11665262951946896,0.8517458926411253
25772,LOF,0.04400546603239367,0.17447315602518587,0.7815213779424205
25773,LOF,0.024417574576799474,0.295259506895018,0.6803229185281825
25774,LOF,0.05385272833908737,0.22366430801221432,0.7224829636486984
25775,LOF,0.027144111891433027,0.09909537594757033,0.8737605121609967
25776,LOF,0.027223538575749478,0.1504685253567077,0.8223079360675429
25777,LOF,0.2824981358043668,0.16194134710213792,0.5555605170934954
25778,LOF,0.038361632073850634,0.1742675143067193,0.78737085361943
25779,GOF,0.13348950843573526,0.5270040079684055,0.33950648359585905
25780,GOF,0.11589819452740814,0.5887243747793445,0.2953774306932475
25781,GOF,0.053755242079353206,0.5385449267101277,0.40769983121051917
25782,GOF,0.04671323311269318,0.5388779769502066,0.4144087899371003
25783,GOF,0.09464192943518383,0.6220980647881083,0.2832600057767078
25784,GOF,0.2111192110624339,0.5177893917625067,0.27109139717505937
25785,GOF,0.3452101305838757,0.5302790228405716,0.12451084657555266
25786,LOF,0.023083354907703416,0.3351013310086136,0.641815314083683
25787,Neutral,0.5225822843436317,0.28150828759595636,0.195909428060412
25788,LOF,0.03580075949102848,0.07277419832377646,0.891425042185195
25789,GOF,0.03680815699466093,0.6799642206506921,0.28322762235464694
25790,GOF,0.04898815193606486,0.5428788617194031,0.408132986344532
25791,GOF,0.036480837498564525,0.6001329295558221,0.3633862329456133
25792,GOF,0.047963636586961234,0.6272375159382058,0.32479884747483306
25793,LOF,0.08296934363969515,0.44972355583143203,0.4673071005288729
25794,LOF,0.08401680619941321,0.33246510086802594,0.583518092932561
25795,LOF,0.050670364927968586,0.22337632248711667,0.7259533125849148
25796,LOF,0.3212475385515487,0.29635195524798447,0.3824005062004669
25797,LOF,0.10456529575976392,0.30241413610245954,0.5930205681377765
25798,GOF,0.012846896439356215,0.6623682650134194,0.3247848385472245
25799,GOF,0.009367460808913475,0.589272220753331,0.40136031843775544
25800,GOF,0.03963103911037585,0.7631708285919279,0.19719813229769634
25801,GOF,0.05307994899201947,0.6347790866576516,0.312140964350329
25802,GOF,0.06623253046256009,0.5918925179173852,0.34187495162005477
25803,LOF,0.04468565055913401,0.4182047241742143,0.5371096252666516
25804,LOF,0.09578163355622228,0.3335399782972332,0.5706783881465445
25805,GOF,0.06107734538618467,0.520955813307943,0.4179668413058722
25806,GOF,0.07893741465960318,0.5293770369805869,0.3916855483598099
25807,LOF,0.02932916453023885,0.4541766940256448,0.5164941414441163
25808,GOF,0.06517921700147157,0.6252197916076343,0.30960099139089414
25809,LOF,0.01946797574425163,0.4043791177265454,0.576152906529203
25810,LOF,0.01730348900952029,0.43428829857250145,0.5484082124179782
25811,GOF,0.11850150608262396,0.546798439598273,0.33470005431910305
25812,LOF,0.0990781659429667,0.3729437971487316,0.5279780369083017
25813,GOF,0.36068874730966444,0.38213663192441305,0.2571746207659225
25814,GOF,0.0780911559269121,0.49330935989100533,0.42859948418208266
25815,GOF,0.1305231003458433,0.4778318220979609,0.3916450775561957
25816,GOF,0.019863847599644664,0.6499718827760886,0.33016426962426676
25817,LOF,0.12644385203882252,0.3752021524084948,0.49835399555268256
25818,GOF,0.056539342236425705,0.5253292516798554,0.4181314060837189
25819,LOF,0.12615510881076808,0.3823986988691608,0.49144619232007125
25820,LOF,0.1273494914960122,0.35881816223305407,0.5138323462709338
25821,LOF,0.09263704787449219,0.4069042148026128,0.5004587373228951
25822,LOF,0.18875263635969547,0.3122116255133041,0.4990357381270003
25823,LOF,0.08742108771333033,0.23465608178198658,0.677922830504683
25824,GOF,0.058733694165815885,0.5423046295095647,0.39896167632461954
25825,GOF,0.04457155699508974,0.5610469513211679,0.39438149168374254
25826,LOF,0.018232509163296582,0.3860932633259392,0.5956742275107643
25827,GOF,0.015156334313031086,0.5602295141474835,0.42461415153948545
25828,GOF,0.016401613601797385,0.5379473017286703,0.4456510846695323
25829,LOF,0.009976289791518088,0.2873664658596048,0.7026572443488771
25830,LOF,0.15555421330028904,0.05520863304872512,0.7892371536509858
25831,GOF,0.05258734312186529,0.6710969801504205,0.27631567672771407
25832,LOF,0.016863711711103246,0.32628040697457844,0.6568558813143184
25833,GOF,0.07096147893423788,0.4725784851360416,0.45646003592972045
25834,LOF,0.018446000740674293,0.31911416150766253,0.6624398377516633
25835,GOF,0.052149980788927915,0.6385591855423366,0.30929083366873544
25836,LOF,0.01572554673789757,0.4883297834953627,0.49594466976673984
25837,LOF,0.025863262941437593,0.3729223970177602,0.6012143400408022
25838,GOF,0.05420415489997691,0.5575393297891511,0.388256515310872
25839,LOF,0.14358299779133488,0.40486191737795,0.45155508483071505
25840,GOF,0.1198517381448571,0.5075426319178442,0.3726056299372987
25841,GOF,0.10977299404725002,0.5521365794748625,0.33809042647788745
25842,GOF,0.056950188398814425,0.6497570392928089,0.2932927723083766
25843,GOF,0.040684433712344,0.691010248814353,0.26830531747330294
25844,GOF,0.04533986199148425,0.5184618093097341,0.4361983286987816
25845,LOF,0.01329482729372664,0.28885703719489836,0.697848135511375
25846,GOF,0.06407913330466436,0.5291155618301626,0.4068053048651729
25847,GOF,0.05055342992380861,0.6372050300695266,0.31224154000666493
25848,GOF,0.04195439151794074,0.6695427671871715,0.2885028412948878
25849,GOF,0.011942953512695418,0.5903166188827287,0.397740427604576
25850,GOF,0.017635150175015164,0.5413691465348206,0.4409957032901643
25851,LOF,0.017910273466753033,0.47192297332983446,0.5101667532034124
25852,LOF,0.24111204711643952,0.36981134220413636,0.38907661067942406
25853,GOF,0.10014692735232394,0.4728593168383696,0.4269937558093064
25854,LOF,0.010549676568550263,0.4682923259789783,0.5211579974524716
25855,LOF,0.036358426425034625,0.4041637106736967,0.5594778629012687
25856,GOF,0.09639732801551296,0.583056147442179,0.32054652454230803
25857,LOF,0.041808220471573454,0.3680722181648949,0.5901195613635316
25858,LOF,0.01711325927031526,0.29154092748354665,0.6913458132461381
25859,LOF,0.011623967852287198,0.2784926981531185,0.7098833339945944
25860,LOF,0.11382384209593686,0.3459052570606508,0.5402709008434124
25861,GOF,0.13860043039000292,0.44900650883720983,0.4123930607727872
25862,GOF,0.03375632323611862,0.705515255287751,0.2607284214761303
25863,GOF,0.03574011576637795,0.6038103785585417,0.36044950567508044
25864,GOF,0.0444271845642359,0.6506968191942419,0.30487599624152223
25865,GOF,0.03884484957274207,0.6411905408827413,0.3199646095445168
25866,GOF,0.049913265102515855,0.6392084733198209,0.3108782615776632
25867,GOF,0.14305333218247993,0.6313509198995936,0.22559574791792653
25868,GOF,0.12324516473134649,0.48828623610618654,0.388468599162467
25869,Neutral,0.46050869523657384,0.34653969582673455,0.1929516089366916
25870,LOF,0.17687547184660027,0.09131460369364815,0.7318099244597516
25871,LOF,0.01618114210068732,0.35031011382316635,0.6335087440761463
25872,LOF,0.04098981880881924,0.4252126763821056,0.5337975048090753
25873,GOF,0.03170506497825281,0.6231641101922165,0.3451308248295307
25874,LOF,0.054903077027310995,0.02600916059499621,0.9190877623776929
25875,LOF,0.024647208727037084,0.432297109091724,0.5430556821812389
25876,LOF,0.03101596056632989,0.10646886589480607,0.8625151735388641
25877,GOF,0.08538281402703934,0.5430080416361319,0.37160914433682873
25878,GOF,0.053484715895757456,0.7213475933165101,0.22516769078773255
25879,LOF,0.01440965399093486,0.3572357768092868,0.6283545691997783
25880,LOF,0.04581599314432793,0.044444115558483224,0.9097398912971888
25881,GOF,0.37179441852595013,0.4082537784600753,0.21995180301397463
25882,LOF,0.025446503486527935,0.31179601077301544,0.6627574857404566
25883,LOF,0.025175030508875332,0.13660255419303752,0.8382224152980872
25884,LOF,0.021474886227795927,0.194266667166408,0.784258446605796
25885,LOF,0.14684424743416208,0.039669957756598206,0.8134857948092398
25886,LOF,0.04950630769141155,0.2386360467344035,0.7118576455741848
25887,GOF,0.038985668420569206,0.6422460487715964,0.3187682828078343
25888,LOF,0.0055619634051136905,0.4276677625503593,0.566770274044527
25889,LOF,0.040110702146847414,0.1073153441756812,0.8525739536774715
25890,LOF,0.13829154594951512,0.37524677617780533,0.4864616778726796
25891,LOF,0.11774260942709756,0.1147104365166833,0.7675469540562191
25892,LOF,0.006090401556046208,0.14742083347840942,0.8464887649655445
25893,LOF,0.28316532479981354,0.06721093229043328,0.6496237429097532
25894,LOF,0.3277876893616259,0.035626066239963144,0.636586244398411
25895,LOF,0.23346016366643235,0.04186588566118112,0.7246739506723865
25896,LOF,0.08269816312812794,0.10276277369063144,0.8145390631812406
25897,LOF,0.09335373022643402,0.0677036203091147,0.8389426494644512
25898,GOF,0.06640717885716847,0.5029230807611856,0.4306697403816459
25899,LOF,0.23650481035331714,0.1938885241475803,0.5696066654991027
25900,Neutral,0.8485825040858275,0.033837977058969904,0.11757951885520254
25901,LOF,0.0762982694375329,0.03055712706066966,0.8931446035017975
25902,LOF,0.18759859887182895,0.010377064306893401,0.8020243368212777
25903,LOF,0.13078098546421119,0.18316477351219043,0.6860542410235985
25904,LOF,0.36064027021588546,0.21799576462519193,0.42136396515892266
25905,LOF,0.012123340458287835,0.3230214131192404,0.6648552464224717
25906,LOF,0.015868110212671024,0.03421894222190388,0.949912947565425
25907,LOF,0.010166871641265843,0.2650734140010696,0.7247597143576646
25908,LOF,0.010175415331786205,0.23519012130744615,0.7546344633607676
25909,LOF,0.04042566297597842,0.15458683043949478,0.8049875065845269
25910,LOF,0.022505875788307688,0.17510199638457657,0.8023921278271158
25911,LOF,0.08601286697013055,0.09709932634345712,0.8168878066864124
25912,LOF,0.1155176625819623,0.018408970660074755,0.866073366757963
25913,LOF,0.010323401469492616,0.06572762845678158,0.9239489700737257
25914,LOF,0.03408236650218797,0.18170314666159337,0.7842144868362186
25915,GOF,0.061234688150125456,0.8705195013663067,0.06824581048356779
25916,GOF,0.010706028842139488,0.6360130908391849,0.3532808803186757
25917,LOF,0.2127063985856442,0.09546958519999608,0.6918240162143597
25918,LOF,0.03947623761738301,0.09446778732111265,0.8660559750615042
25919,LOF,0.03930478421402522,0.06776273774016876,0.892932478045806
25920,GOF,0.1237310205102055,0.499530562937587,0.37673841655220736
25921,LOF,0.024371273978578717,0.03404043367734181,0.9415882923440794
25922,LOF,0.020099014913218083,0.039464880549801566,0.9404361045369805
25923,LOF,0.3111648220518893,0.07867570698664612,0.6101594709614646
25924,LOF,0.026782145112255455,0.08858923341038108,0.8846286214773634
25925,LOF,0.23589543964553528,0.01730956182507999,0.7467949985293848
25926,LOF,0.09935466075252497,0.08966067610144128,0.8109846631460337
25927,LOF,0.015426543055497538,0.07295986745964064,0.9116135894848618
25928,LOF,0.014688803614095932,0.03663660438685378,0.9486745919990504
25929,Neutral,0.594063145505963,0.07667780061507316,0.329259053878964
25930,LOF,0.030311950200069517,0.1367706043287042,0.8329174454712263
25931,LOF,0.0140938693011803,0.05621430744157079,0.9296918232572489
25932,LOF,0.060239641935185925,0.03922031554341377,0.9005400425214003
25933,LOF,0.05484035625047353,0.022777525081249583,0.9223821186682768
25934,LOF,0.054701036750039116,0.032686586407564645,0.9126123768423963
25935,LOF,0.2433516828974092,0.024666751878203528,0.7319815652243873
25936,LOF,0.04897593912010319,0.028006986795231267,0.9230170740846656
25937,LOF,0.013968693282090383,0.08554464743901594,0.9004866592788936
25938,LOF,0.24447662755335717,0.019768278468055567,0.7357550939785873
25939,LOF,0.04090806635965658,0.03265562044688373,0.9264363131934598
25940,GOF,0.006896754817252817,0.6060735074027548,0.38702973777999244
25941,LOF,0.3752507328832436,0.09362426771733988,0.5311249993994166
25942,LOF,0.012030839847361805,0.13219307490347093,0.8557760852491672
25943,GOF,0.019477112734245232,0.6360668882235279,0.34445599904222696
25944,LOF,0.01871235331305889,0.41067146051587583,0.5706161861710654
25945,LOF,0.06722234801413543,0.11467307411141028,0.8181045778744543
25946,LOF,0.07553460925597977,0.0713622851996969,0.8531031055443232
25947,LOF,0.4507169247316756,0.0274769903556999,0.5218060849126245
25948,LOF,0.2397670392612344,0.03512332907972934,0.7251096316590363
25949,LOF,0.23678627693984727,0.030842000041301477,0.7323717230188512
25950,GOF,0.04522188261076849,0.7863481352456198,0.16842998214361174
25951,LOF,0.013337034536818925,0.4084011973004791,0.5782617681627019
25952,LOF,0.08312871183448721,0.3702643352508086,0.5466069529147042
25953,LOF,0.007271495460305333,0.4053765579112606,0.587351946628434
25954,GOF,0.027012532459832917,0.5208891307685602,0.4520983367716069
25955,GOF,0.004944651017833347,0.6165542924346745,0.3785010565474921
25956,GOF,0.011408665834944065,0.6942660137977873,0.2943253203672687
25957,LOF,0.24368471220936846,0.06904645866028511,0.6872688291303465
25958,LOF,0.02176781617417598,0.22044098358462114,0.7577912002412028
25959,GOF,0.004658185726703829,0.6326212723080508,0.36272054196524534
25960,LOF,0.005987618789814359,0.13027288546942634,0.8637394957407593
25961,LOF,0.020663841895476084,0.20539252309119088,0.7739436350133331
25962,LOF,0.11710191933800648,0.025694794541286797,0.8572032861207067
25963,LOF,0.012793664139441984,0.11757820801745814,0.8696281278430998
25964,LOF,0.05471566926236453,0.11003052305092977,0.8352538076867057
25965,LOF,0.14669500833162386,0.20504740764123086,0.6482575840271453
25966,GOF,0.1572734414269546,0.4699192276687733,0.3728073309042721
25967,LOF,0.010168567952899572,0.11724567994564178,0.8725857521014587
25968,LOF,0.14758192545600218,0.4155355083803091,0.4368825661636888
25969,LOF,0.20513371587154722,0.02729818154542555,0.7675681025830272
25970,LOF,0.020866937114528392,0.15481689969548754,0.8243161631899841
25971,LOF,0.08287063251335873,0.13443919065696702,0.7826901768296742
25972,LOF,0.06596673059216758,0.1236402803358922,0.8103929890719402
25973,LOF,0.21164519499284828,0.012252376983276208,0.7761024280238755
25974,LOF,0.06951865082005372,0.35970959590771434,0.5707717532722318
25975,LOF,0.05340032389674323,0.027931799400818812,0.9186678767024381
25976,LOF,0.0738408799358178,0.01960701341763418,0.9065521066465481
25977,LOF,0.19593720824447544,0.07060418483616321,0.7334586069193614
25978,LOF,0.21321078157035675,0.1780585927643892,0.6087306256652539
25979,LOF,0.1559373961245214,0.2065250629289354,0.6375375409465431
25980,LOF,0.15588573498960476,0.36017282026377895,0.4839414447466163
25981,LOF,0.16028060779567216,0.3814677784824502,0.45825161372187756
25982,LOF,0.2036199463203641,0.28189693678108324,0.5144831168985526
25983,LOF,0.1733527877697994,0.3066775017128064,0.5199697105173942
25984,LOF,0.04038737184916506,0.08054927124407694,0.8790633569067581
25985,Neutral,0.4504802792855829,0.28233559239137923,0.26718412832303795
25986,GOF,0.010051267876688759,0.6622782270265831,0.32767050509672807
25987,LOF,0.023430330301473064,0.12352256522705554,0.8530471044714714
25988,LOF,0.037094816453197774,0.10563617713805698,0.8572690064087453
25989,LOF,0.046020697188715,0.1273150927598051,0.8266642100514798
25990,LOF,0.05155489563495258,0.24319196512890692,0.7052531392361404
25991,GOF,0.046117843728810566,0.7385594834624427,0.21532267280874673
25992,LOF,0.02233525019995387,0.47469683340406266,0.5029679163959836
25993,LOF,0.05917329629214229,0.03667448898405684,0.9041522147238009
25994,LOF,0.061247017615346754,0.06890334492972808,0.8698496374549253
25995,LOF,0.040055929691968,0.06376877989298534,0.8961752904150466
25996,GOF,0.29692254785173333,0.5426719119107836,0.16040554023748324
25997,GOF,0.05205395706885103,0.708755069720605,0.23919097321054408
25998,LOF,0.19634291715907357,0.16846716910376505,0.6351899137371614
25999,GOF,0.012452884811495023,0.5845502620570482,0.40299685313145683
26000,LOF,0.12134838281612298,0.01420630934484164,0.8644453078390354
26001,LOF,0.1219644891348068,0.02861781604753938,0.8494176948176538
26002,LOF,0.19299460708965424,0.007245278087576531,0.7997601148227693
26003,GOF,0.010741510640487038,0.6014004279976557,0.38785806136185735
26004,GOF,0.025155344790284015,0.5292992491733319,0.44554540603638415
26005,GOF,0.006116672688280868,0.529657479740891,0.46422584757082824
26006,GOF,0.18410951471912845,0.5958365029490226,0.22005398233184903
26007,GOF,0.015372970349255187,0.563536630040171,0.4210903996105739
26008,GOF,0.013911651293296676,0.5396716671262363,0.4464166815804671
26009,GOF,0.026749109476631613,0.7251042607269933,0.2481466297963751
26010,GOF,0.01361007341055914,0.6291550354375723,0.35723489115186857
26011,LOF,0.006587570489824722,0.4074543748008417,0.5859580547093337
26012,GOF,0.007934860824559853,0.5735839206157861,0.41848121855965403
26013,LOF,0.00846212039861497,0.48346507113396625,0.5080728084674188
26014,LOF,0.19032833717599487,0.012188557340305871,0.7974831054836993
26015,LOF,0.1457380122703343,0.10027697340388349,0.7539850143257822
26016,LOF,0.19650422757209074,0.13132815147351865,0.6721676209543905
26017,LOF,0.019623870981067125,0.3386374377074777,0.6417386913114551
26018,LOF,0.024106578748318817,0.28274508611566357,0.6931483351360176
26019,LOF,0.024742595142962436,0.18973738864470696,0.7855200162123306
26020,LOF,0.007029939498715867,0.20669874982567066,0.7862713106756135
26021,LOF,0.06105044213183699,0.20125044384319027,0.7376991140249728
26022,LOF,0.060187042194421246,0.07418103404518321,0.8656319237603955
26023,LOF,0.03954712646240445,0.25456933204842386,0.7058835414891718
26024,LOF,0.052886696261876705,0.1383514909634377,0.8087618127746856
26025,LOF,0.0804009273904387,0.2466955035883569,0.6729035690212045
26026,LOF,0.11072543750131077,0.2411491008796363,0.648125461619053
26027,LOF,0.03848418941783355,0.10049806371302912,0.8610177468691375
26028,LOF,0.03462293751747509,0.37198566793037563,0.5933913945521493
26029,LOF,0.028838763501698755,0.4218158170208463,0.549345419477455
26030,LOF,0.22590871053206799,0.05370959012129889,0.7203816993466331
26031,LOF,0.012956754639826085,0.4487665054107226,0.5382767399494514
26032,LOF,0.036872802198917365,0.06144281236766766,0.901684385433415
26033,LOF,0.0604125501361998,0.1546852323461874,0.7849022175176128
26034,LOF,0.016482913943814983,0.2720064007987582,0.7115106852574269
26035,LOF,0.012374446290613007,0.3551908186002713,0.6324347351091157
26036,LOF,0.01117264787533913,0.2216425379743716,0.7671848141502892
26037,LOF,0.01148207656927187,0.23587461345836827,0.7526433099723598
26038,LOF,0.02580583605518083,0.06952992365888751,0.9046642402859317
26039,LOF,0.027660919290494725,0.28648784250256853,0.6858512382069367
26040,LOF,0.04656532964758376,0.25431569892466727,0.699118971427749
26041,LOF,0.013071192302240358,0.28380335445908295,0.7031254532386766
26042,LOF,0.01197007598990072,0.3034399619111372,0.6845899620989622
26043,LOF,0.02660764612893224,0.19377979734097164,0.7796125565300961
26044,LOF,0.008694340072203297,0.2565892203911065,0.7347164395366903
26045,GOF,0.05770169647595872,0.5881475027054859,0.3541508008185553
26046,LOF,0.02514368464111509,0.21159233130418786,0.763263984054697
26047,LOF,0.07174144164715719,0.10748282074510031,0.8207757376077425
26048,LOF,0.08881206777068558,0.13128345218664914,0.7799044800426652
26049,Neutral,0.8521912681609252,0.04457584538995216,0.10323288644912283
26050,Neutral,0.8433580635451619,0.040182351816348716,0.11645958463848943
26051,GOF,0.009878467469483544,0.5554440583267114,0.434677474203805
26052,LOF,0.012375217890571014,0.4466686337236785,0.5409561483857506
26053,LOF,0.03257741910400557,0.025544054886543138,0.9418785260094513
26054,LOF,0.16167785594807568,0.06830231189693985,0.7700198321549844
26055,LOF,0.1730437981228742,0.12769891156133514,0.6992572903157906
26056,LOF,0.17624775711687973,0.13418307165586352,0.6895691712272567
26057,LOF,0.05434300162625923,0.03198167388911377,0.913675324484627
26058,LOF,0.06466924527246734,0.026388009489466638,0.908942745238066
26059,Neutral,0.8350620290770872,0.0668660198273711,0.09807195109554176
26060,LOF,0.01423679189917095,0.30289848388252083,0.6828647242183082
26061,LOF,0.014224003357862494,0.029883678530167216,0.9558923181119704
26062,LOF,0.008007621489063095,0.07399456653174043,0.9179978119791964
26063,LOF,0.04800385466505003,0.034162075392055076,0.9178340699428948
26064,LOF,0.014017217475562494,0.040359504226203026,0.9456232782982343
26065,LOF,0.03377460124751982,0.048463927153828724,0.9177614715986514
26066,LOF,0.04739479693715337,0.04027039768867294,0.9123348053741738
26067,LOF,0.06460047963051034,0.04870404902840813,0.8866954713410815
26068,LOF,0.17268630536629975,0.07558538405391638,0.751728310579784
26069,LOF,0.06931834173041676,0.12119056465900266,0.8094910936105806
26070,LOF,0.08026463021505183,0.11214427830241648,0.8075910914825318
26071,LOF,0.04824334910064352,0.03735420091400071,0.9144024499853557
26072,LOF,0.010023209921236894,0.03182164571250158,0.9581551443662615
26073,LOF,0.04301762633181831,0.02958333610807532,0.9273990375601064
26074,Neutral,0.8148238462903676,0.04387457065253879,0.14130158305709356
26075,LOF,0.05579817353987392,0.1713250202739456,0.7728768061861806
26076,LOF,0.04994213260608666,0.06941188217216884,0.8806459852217445
26077,LOF,0.15745866267344613,0.07389380480974407,0.7686475325168098
26078,LOF,0.008724865666849758,0.05604267033329861,0.9352324639998516
26079,LOF,0.16378364743146037,0.07959291283089162,0.756623439737648
26080,LOF,0.16378364743146037,0.07959291283089162,0.756623439737648
26081,LOF,0.057410440218976545,0.036246524283231794,0.9063430354977916
26082,LOF,0.00944768780404975,0.08443951465672128,0.906112797539229
26083,LOF,0.032138199543331324,0.10729056082330835,0.8605712396333604
26084,LOF,0.04544135769169108,0.059641545017947946,0.8949170972903608
26085,LOF,0.04297766355356909,0.05096767224999707,0.9060546641964338
26086,LOF,0.03974300214345368,0.05680701126838944,0.9034499865881568
26087,LOF,0.053718069738600334,0.06299211445964382,0.8832898158017559
26088,LOF,0.010400717728180265,0.126379199397515,0.8632200828743047
26089,LOF,0.05171759667085239,0.24586694956871208,0.7024154537604355
26090,LOF,0.0553806652934573,0.2318414192756787,0.712777915430864
26091,LOF,0.0398061699850426,0.04803177515541704,0.9121620548595404
26092,LOF,0.04654885215689314,0.033157419874646946,0.92029372796846
26093,LOF,0.07206527664786982,0.028338242228157336,0.899596481123973
26094,LOF,0.04176364830474757,0.04498493683719583,0.9132514148580566
26095,LOF,0.01600901699294333,0.05659154236023429,0.9273994406468224
26096,LOF,0.261462324730674,0.011302959561390529,0.7272347157079354
26097,LOF,0.009455117939160373,0.05062462920856909,0.9399202528522704
26098,LOF,0.16016576871039265,0.06768119808399052,0.7721530332056169
26099,LOF,0.031154233736700156,0.0692673471210443,0.8995784191422556
26100,LOF,0.031154233736700156,0.0692673471210443,0.8995784191422556
26101,LOF,0.03183685570067917,0.08152393379879613,0.8866392105005246
26102,LOF,0.04280849599499786,0.037327503283140204,0.9198640007218619
26103,Neutral,0.8354735534208385,0.06588562273835988,0.0986408238408016
26104,LOF,0.17290203264815013,0.09844984237825176,0.7286481249735981
26105,LOF,0.2369808712498748,0.19365521332279825,0.569363915427327
26106,LOF,0.28258287863851195,0.2262637997132948,0.49115332164819336
26107,LOF,0.008478621158112182,0.33950802349816095,0.6520133553437268
26108,LOF,0.11274069958901467,0.2933381770058513,0.593921123405134
26109,LOF,0.05063802718827945,0.07266598826162002,0.8766959845501006
26110,LOF,0.16816135768301604,0.10514320757478546,0.7266954347421986
26111,LOF,0.038085128114307046,0.24150394820034574,0.7204109236853471
26112,LOF,0.04085422836915249,0.04876568466029921,0.9103800869705483
26113,LOF,0.03622589828498154,0.07374593007509873,0.8900281716399197
26114,LOF,0.0852392609013359,0.05579619719881047,0.8589645418998535
26115,LOF,0.010798413474653589,0.4493036342948734,0.539897952230473
26116,LOF,0.07527815034047418,0.15741763759528155,0.7673042120642443
26117,LOF,0.17370627356149512,0.11814153399303719,0.7081521924454676
26118,LOF,0.040637911170930276,0.0249704378049809,0.9343916510240888
26119,LOF,0.006257728901897259,0.10469811303173504,0.8890441580663677
26120,LOF,0.04692650904818466,0.024647455805252162,0.9284260351465632
26121,LOF,0.005023876127420215,0.20973026039849105,0.7852458634740888
26122,LOF,0.004329391365529,0.22951490849267955,0.7661557001417915
26123,LOF,0.0052508285769319206,0.20557969194793754,0.7891694794751305
