feature0,prediction,LoGoFunc_Neutral,LoGoFunc_GOF,LoGoFunc_LOF
25546,Neutral,0.761458867278413,0.029926937940984947,0.2086141947806021
25547,Neutral,0.6079937423224128,0.08151235797199533,0.3104938997055919
25548,Neutral,0.57851661637177,0.06248350849070282,0.3589998751375273
25549,Neutral,0.5029361511550904,0.06246359549843017,0.43460025334647945
25550,LOF,0.33086250331131245,0.1425706011805563,0.5265668955081312
25551,LOF,0.2763203918528234,0.15985252486479573,0.5638270832823808
25552,LOF,0.18385026225875303,0.15808166219596007,0.6580680755452868
25553,Neutral,0.8315172652452762,0.032819155509347865,0.13566357924537584
25554,LOF,0.21999888369274945,0.14826370449006726,0.6317374118171832
25555,LOF,0.17448363718064794,0.12339256959578752,0.7021237932235646
25556,LOF,0.3974088284647201,0.13180291313042009,0.4707882584048598
25557,LOF,0.1685141232025199,0.13693379504009137,0.6945520817573887
25558,LOF,0.21081965806042685,0.1542108652336565,0.6349694767059166
25559,LOF,0.39140814707014393,0.061958620354822184,0.5466332325750338
25560,LOF,0.05734357690344183,0.17810132298098158,0.7645551001155766
25561,LOF,0.11427614551950757,0.19549474424127197,0.6902291102392204
25562,LOF,0.11170271059762195,0.0838042492019853,0.8044930402003928
25563,LOF,0.11453561824827224,0.08150056722932374,0.803963814522404
25564,LOF,0.17187831990803717,0.15317018104710772,0.6749514990448551
25565,LOF,0.14201372106350263,0.16510223103735705,0.6928840478991403
25566,GOF,0.014307785086297988,0.746772499215649,0.238919715698053
25567,LOF,0.012155568836610934,0.12804026457162337,0.8598041665917657
25568,LOF,0.05167411435157511,0.05734586562793491,0.89098002002049
25569,LOF,0.06436532622824112,0.061852561692461824,0.8737821120792971
25570,LOF,0.06274673108768773,0.09623964999090862,0.8410136189214036
25571,LOF,0.06002143363192528,0.09041661411872336,0.8495619522493513
25572,LOF,0.06626114152606184,0.1334189560158834,0.8003199024580547
25573,LOF,0.02840440438517146,0.09148313078320948,0.8801124648316191
25574,LOF,0.017450079367868254,0.15151278372604127,0.8310371369060905
25575,LOF,0.047102085349108494,0.1036984012169748,0.8491995134339166
25576,LOF,0.022427768931674825,0.11875900529897586,0.8588132257693493
25577,LOF,0.016512880887816682,0.1388548439384419,0.8446322751737415
25578,LOF,0.22199611493432747,0.08741020448352942,0.6905936805821431
25579,LOF,0.22372862385147624,0.08670876757838672,0.6895626085701372
25580,LOF,0.03284921902030277,0.08857814234349304,0.8785726386362042
25581,LOF,0.04889438576506593,0.06773982075516019,0.883365793479774
25582,LOF,0.048724115251046016,0.06513190346648967,0.8861439812824642
25583,LOF,0.043589721387272524,0.09097450916344912,0.8654357694492785
25584,LOF,0.42405302734526046,0.09133296637403253,0.484614006280707
25585,LOF,0.037262928124598894,0.1065551698710885,0.8561819020043127
25586,LOF,0.03548921338928227,0.07506028549625572,0.889450501114462
25587,LOF,0.034966579919139804,0.07398066256253695,0.8910527575183231
25588,LOF,0.034331386260695054,0.10646860191598753,0.8592000118233173
25589,Neutral,0.5986327609798063,0.11009910575199991,0.29126813326819384
25590,LOF,0.029678056853651092,0.13100076127065136,0.8393211818756976
25591,LOF,0.11711562956506238,0.05571031818332418,0.8271740522516133
25592,LOF,0.10021582242610218,0.13964186305833873,0.760142314515559
25593,LOF,0.016024327568949365,0.2493710162199966,0.734604656211054
25594,LOF,0.035698592069299005,0.18513547919648146,0.7791659287342195
25595,LOF,0.054301026467053565,0.14569504304458372,0.8000039304883627
25596,LOF,0.06547529033303065,0.082553706150501,0.8519710035164684
25597,LOF,0.06719473345116637,0.0657161994442484,0.8670890671045852
25598,LOF,0.045643415360189676,0.17715713797840546,0.7771994466614048
25599,GOF,0.007102934384800096,0.759568257317381,0.23332880829781896
25600,GOF,0.009227723413068998,0.5545417964305883,0.43623048015634264
25601,LOF,0.007199374366424314,0.4657051445073871,0.5270954811261885
25602,LOF,0.02072917402031723,0.05472880135392592,0.924542024625757
25603,LOF,0.034680174053929196,0.04141732149412744,0.9239025044519433
25604,LOF,0.047322154165471524,0.05472627800376243,0.897951567830766
25605,LOF,0.010719242342384033,0.2677520524900221,0.7215287051675938
25606,LOF,0.06023003873643402,0.46518711467191814,0.47458284659164773
25607,LOF,0.004439183066629054,0.16090347009025488,0.8346573468431162
25608,LOF,0.06562202711246867,0.06066253150292051,0.8737154413846107
25609,LOF,0.061440764346564994,0.403233780958954,0.535325454694481
25610,LOF,0.04991337905605289,0.03482658865332511,0.9152600322906219
25611,LOF,0.05580024747910384,0.03361644718599771,0.9105833053348985
25612,LOF,0.12301634460516486,0.05322747095110512,0.8237561844437301
25613,LOF,0.09591094257652914,0.05261105465998509,0.8514780027634857
25614,LOF,0.03848673871903292,0.04512082406298712,0.9163924372179799
25615,LOF,0.06614525574254575,0.041038175317703714,0.8928165689397505
25616,LOF,0.04069884943117959,0.04339446381360986,0.9159066867552106
25617,LOF,0.036731566095905645,0.05101752399232867,0.9122509099117657
25618,LOF,0.24353465124083035,0.04257538694454721,0.7138899618146225
25619,LOF,0.03963800858161468,0.038923345411562414,0.921438646006823
25620,LOF,0.04362024098091005,0.05257214273700167,0.9038076162820883
25621,LOF,0.03799983796849784,0.04048097183153015,0.921519190199972
25622,LOF,0.03400391557295882,0.050738975723082655,0.9152571087039585
25623,LOF,0.07445028584203264,0.03634023806206841,0.889209476095899
25624,LOF,0.0302494402222938,0.053542202030624875,0.9162083577470814
25625,LOF,0.03882677187567824,0.05785809782043291,0.9033151303038888
25626,LOF,0.08668257145083108,0.04007923085281206,0.8732381976963569
25627,Neutral,0.5836017696270709,0.09847115288043758,0.31792707749249155
25628,LOF,0.21626363766396517,0.052752896426251306,0.7309834659097836
25629,LOF,0.09090125449439015,0.12540711693425113,0.7836916285713588
25630,LOF,0.2032982081048669,0.09622588923508345,0.7004759026600497
25631,Neutral,0.613108419184561,0.06877485379627184,0.31811672701916716
25632,LOF,0.026090966803645487,0.07923637369753586,0.8946726594988187
25633,LOF,0.23489587483103877,0.07732346662997537,0.687780658538986
25634,LOF,0.03596430286316505,0.10395652821019842,0.8600791689266365
25635,LOF,0.04470852683646914,0.07682135340673922,0.8784701197567917
25636,GOF,0.006091259033101353,0.627052481194522,0.36685625977237674
25637,GOF,0.004721467999066077,0.5669231148274286,0.4283554171735053
25638,LOF,0.008833396121163867,0.458483820820891,0.5326827830579451
25639,LOF,0.0048493491546458085,0.4399165079487154,0.5552341428966389
25640,GOF,0.3716834527649956,0.5926639740187756,0.03565257321622887
25641,LOF,0.006258595039508479,0.3136319197882704,0.6801094851722213
25642,LOF,0.2629342328307355,0.07608630475767116,0.6609794624115933
25643,LOF,0.17797452043234774,0.3019359863749568,0.5200894931926955
25644,GOF,0.02542755284317084,0.72293827526998,0.2516341718868492
25645,GOF,0.018154977205179917,0.6787664346341622,0.3030785881606578
25646,GOF,0.02111907052687623,0.4952160261023369,0.48366490337078694
25647,LOF,0.01800462445683887,0.3838033957707918,0.5981919797723693
25648,LOF,0.014276817488096824,0.4210203908330057,0.5647027916788975
25649,LOF,0.013727942075984335,0.3206984049761423,0.6655736529478734
25650,GOF,0.03699810745122551,0.7120656116090297,0.25093628093974485
25651,LOF,0.012621344488501026,0.3530584069859009,0.634320248525598
25652,LOF,0.01899644130126534,0.33652181669623754,0.6444817420024972
25653,GOF,0.0743397299699729,0.5873888697505715,0.33827140027945557
25654,LOF,0.014128870114173442,0.39521102665493085,0.5906601032308958
25655,GOF,0.11288646836123095,0.5186355322634422,0.3684779993753268
25656,LOF,0.06118766738245355,0.08379093637453457,0.8550213962430119
25657,LOF,0.30026936905254853,0.03455991126274869,0.6651707196847028
25658,LOF,0.02965278468815336,0.12322536381390566,0.847121851497941
25659,LOF,0.2172115110952071,0.07723988401167972,0.7055486048931132
25660,LOF,0.09691982818378722,0.09612748970114769,0.8069526821150651
25661,LOF,0.07259653607536577,0.06636684833367539,0.8610366155909589
25662,LOF,0.03419801367614675,0.043399460382339355,0.9224025259415138
25663,LOF,0.04556369793965878,0.08210054181208305,0.8723357602482581
25664,LOF,0.03185548356583385,0.13803350695913974,0.8301110094750265
25665,LOF,0.05472764569547357,0.04790481362135385,0.8973675406831725
25666,LOF,0.040344111492374414,0.1929714616311241,0.7666844268765014
25667,LOF,0.03309190852655285,0.059350049062000004,0.9075580424114472
25668,LOF,0.041044345240458704,0.05803909124280247,0.9009165635167388
25669,LOF,0.0491706699412774,0.09747056400085485,0.8533587660578678
25670,LOF,0.1348741833508201,0.10412534047877504,0.7610004761704048
25671,LOF,0.0416079904042066,0.04977846759613881,0.9086135419996545
25672,LOF,0.05048217431053945,0.07943010587854148,0.870087719810919
25673,LOF,0.03970739905969053,0.09441148959210054,0.865881111348209
25674,LOF,0.029388089500842964,0.10568200393390641,0.8649299065652506
25675,LOF,0.03743547939422908,0.09406815502120412,0.8684963655845669
25676,LOF,0.03355408590163649,0.06318547168138854,0.9032604424169749
25677,LOF,0.08128474237365665,0.05657597403441603,0.8621392835919274
25678,LOF,0.15333403891524985,0.05090850534931697,0.7957574557354332
25679,LOF,0.11559733299980952,0.07720832223749653,0.807194344762694
25680,LOF,0.09002853593707454,0.08793045264878512,0.8220410114141404
25681,LOF,0.10089600146511106,0.08430192940433828,0.8148020691305506
25682,LOF,0.04998958953292706,0.07154940831117573,0.8784610021558973
25683,LOF,0.07988420685030427,0.11706450656228354,0.8030512865874122
25684,LOF,0.06319063588414675,0.06609214700338385,0.8707172171124694
25685,LOF,0.10596889436702643,0.050840999806774076,0.8431901058261996
25686,LOF,0.034920531574952195,0.11946076937799803,0.8456186990470499
25687,LOF,0.06134489467940777,0.09774253172206135,0.8409125735985309
25688,LOF,0.018283094217075618,0.08215576454765881,0.8995611412352656
25689,LOF,0.01600162052624268,0.04835310881778397,0.9356452706559734
25690,LOF,0.01740086286432994,0.05971733697628507,0.922881800159385
25691,LOF,0.10670703570251729,0.09210249948801748,0.8011904648094652
25692,LOF,0.1861887019525454,0.012896544461321784,0.8009147535861327
25693,LOF,0.04707282024717752,0.15024061918206258,0.8026865605707599
25694,LOF,0.27393695961023024,0.015332494081882989,0.7107305463078868
25695,LOF,0.2063531532586113,0.022105701409498607,0.77154114533189
25696,LOF,0.15166261776809392,0.015427658948148206,0.8329097232837579
25697,LOF,0.11624145245633034,0.039773680431736715,0.843984867111933
25698,LOF,0.022855161064301247,0.3054018830088283,0.6717429559268705
25699,LOF,0.08755198767386003,0.11072500560304593,0.801723006723094
25700,LOF,0.035022833501955446,0.020303255212545786,0.9446739112854987
25701,LOF,0.01614771381181106,0.11497783949961825,0.8688744466885707
25702,GOF,0.02306261037650801,0.7316914553018263,0.24524593432166572
25703,LOF,0.015461986674225927,0.20692739410792846,0.7776106192178456
25704,LOF,0.08484521255181764,0.21479399988031295,0.7003607875678693
25705,LOF,0.09624414861049656,0.2869500424898083,0.6168058088996952
25706,GOF,0.023785249303227687,0.6350333005801341,0.34118145011663814
25707,GOF,0.026706306438234403,0.6287670938889381,0.3445265996728273
25708,GOF,0.009500238889172449,0.6071598013021504,0.3833399598086772
25709,LOF,0.02654031066357971,0.09705954879520962,0.8764001405412106
25710,LOF,0.005555588119415351,0.2615761567843828,0.7328682550962019
25711,LOF,0.030009914000212103,0.14787774979166768,0.8221123362081202
25712,LOF,0.0070338347537119246,0.3212741804220276,0.6716919848242605
25713,LOF,0.02535796527868269,0.13497810805740848,0.8396639266639088
25714,LOF,0.03003996954166969,0.17293731330891957,0.7970227171494108
25715,LOF,0.03113959127859031,0.1510426413871439,0.8178177673342658
25716,LOF,0.009783896672143959,0.17149349260685146,0.8187226107210046
25717,LOF,0.005638857774581829,0.1913748340033898,0.8029863082220283
25718,LOF,0.02572130154194626,0.11403256094598124,0.8602461375120725
25719,LOF,0.03744661805117528,0.12803585581226282,0.8345175261365618
25720,LOF,0.0371841408250988,0.1274832243909429,0.8353326347839584
25721,LOF,0.03221411652446937,0.11116880564077754,0.856617077834753
25722,LOF,0.02089674531607778,0.1538883665815834,0.8252148881023388
25723,LOF,0.03076554254243459,0.10646248981901206,0.8627719676385532
25724,LOF,0.03036105381558092,0.1820648927047847,0.7875740534796345
25725,LOF,0.030557008151818492,0.09924421370845288,0.8701987781397286
25726,LOF,0.02055526147812891,0.14006978829483974,0.8393749502270313
25727,LOF,0.026796669415829512,0.1466257492706979,0.8265775813134726
25728,LOF,0.029644663146402468,0.12366305089459548,0.8466922859590021
25729,LOF,0.029117999996091104,0.14103851607451046,0.8298434839293986
25730,LOF,0.03214901902945045,0.09915496769871761,0.8686960132718319
25731,LOF,0.010804188541418824,0.23482636311199132,0.7543694483465899
25732,LOF,0.023616039111448744,0.11345825398239541,0.8629257069061559
25733,LOF,0.03887402284256792,0.12158698676264218,0.8395389903947899
25734,LOF,0.006490023723553479,0.32967238576453467,0.6638375905119118
25735,LOF,0.026744854255187443,0.09570320369673495,0.8775519420480775
25736,LOF,0.025714789696060333,0.15749218521229028,0.8167930250916494
25737,LOF,0.056185530134868766,0.15430496215986972,0.7895095077052615
25738,LOF,0.02759530563054517,0.18629717755946856,0.7861075168099863
25739,LOF,0.035300875021516805,0.15875818924134685,0.8059409357371364
25740,LOF,0.033833613091243116,0.16227160094453758,0.8038947859642194
25741,LOF,0.04011696868756754,0.15654767013396012,0.8033353611784724
25742,LOF,0.052086159891428035,0.15499933072356675,0.7929145093850052
25743,LOF,0.01246640476653132,0.02046252518758063,0.9670710700458881
25744,LOF,0.22263751235693569,0.2253075615089623,0.552054926134102
25745,LOF,0.047827121548551565,0.05699024457283925,0.8951826338786093
25746,LOF,0.018097108146533557,0.0829923270485036,0.8989105648049629
25747,LOF,0.040090335065755975,0.022336361603180605,0.9375733033310634
25748,LOF,0.30420592069229,0.03789134584132629,0.6579027334663836
25749,LOF,0.014810084351847748,0.04442301884351561,0.9407668968046367
25750,LOF,0.02342107421312858,0.04720103712505532,0.929377888661816
25751,LOF,0.040099563732092676,0.03707785482002679,0.9228225814478804
25752,GOF,0.08924455984205362,0.7100682945491619,0.20068714560878442
25753,LOF,0.006572849236175525,0.4257999733490796,0.5676271774147449
25754,GOF,0.007830171844368995,0.8734916689959635,0.11867815915966755
25755,LOF,0.006104686985083314,0.4460806390275344,0.5478146739873823
25756,LOF,0.024769334745126742,0.4679974627802318,0.5072332024746414
25757,GOF,0.008186853547375708,0.8537882081948891,0.13802493825773512
25758,GOF,0.009043535396950726,0.8665495564814452,0.12440690812160426
25759,GOF,0.005710059345536422,0.6470214122001163,0.3472685284543473
25760,LOF,0.005210436595436807,0.36055355162486047,0.6342360117797027
25761,GOF,0.04830045155629375,0.861083818153078,0.09061573029062817
25762,LOF,0.026299068410288277,0.40482331651173487,0.5688776150779769
25763,LOF,0.005809613689557867,0.31097386526871024,0.6832165210417319
25764,GOF,0.05549517060826075,0.6473893331569653,0.29711549623477396
25765,GOF,0.007994014217295292,0.8683747258366922,0.1236312599460126
25766,GOF,0.0484740643368382,0.8146289935650004,0.13689694209816136
25767,LOF,0.01938088713657034,0.4744021416466914,0.5062169712167383
25768,LOF,0.05519796339189729,0.04726089946842599,0.8975411371396766
25769,LOF,0.0348742806017232,0.08375249353085945,0.8813732258674174
25770,LOF,0.18968623468759443,0.07142258384704071,0.7388911814653649
25771,LOF,0.018829635064759476,0.06363089753021171,0.9175394674050288
25772,LOF,0.034557825475670524,0.026899466151451445,0.938542708372878
25773,LOF,0.02198414014398861,0.07424684210996539,0.903769017746046
25774,LOF,0.02794368372006071,0.10779639034445675,0.8642599259354825
25775,LOF,0.021401733028610495,0.04099239160344124,0.9376058753679481
25776,LOF,0.03567691473069739,0.022522912983702983,0.9418001722855995
25777,LOF,0.27550387150725925,0.07291605594136212,0.6515800725513787
25778,LOF,0.028443352492306197,0.04887604981703315,0.9226805976906606
25779,GOF,0.07157174185678393,0.8615490102666062,0.0668792478766098
25780,GOF,0.10099517077777609,0.8409989894972816,0.05800583972494234
25781,GOF,0.04174804951856099,0.8388506542821368,0.1194012961993022
25782,GOF,0.04438896652698537,0.8921274770066712,0.06348355646634345
25783,GOF,0.047145317722615675,0.9034918545078846,0.049362827769499774
25784,GOF,0.12815806857941328,0.824476157406804,0.047365774013782586
25785,GOF,0.15087744844553894,0.8143433635875612,0.03477918796689979
25786,GOF,0.014935243251498182,0.8752184371047199,0.10984631964378178
25787,GOF,0.29666065803204,0.6592772258180224,0.044062116149937526
25788,LOF,0.018517228548808766,0.15063447344655137,0.8308482980046398
25789,GOF,0.025296626145925972,0.8343329584956615,0.14037041535841252
25790,GOF,0.04001214779372774,0.8432792471902083,0.11670860501606396
25791,GOF,0.03761093628555925,0.7395843171394046,0.2228047465750362
25792,GOF,0.042874193508561885,0.7739891080368922,0.18313669845454592
25793,GOF,0.06247162530947674,0.8050509625940027,0.13247741209652045
25794,GOF,0.06757069766981272,0.7085717328823806,0.22385756944780671
25795,GOF,0.06697668401637237,0.6769876995270456,0.2560356164565821
25796,GOF,0.16095241755496156,0.7387798890464451,0.10026769339859332
25797,GOF,0.12180815491449994,0.700804173248135,0.17738767183736515
25798,GOF,0.008106058432332664,0.7142323511295134,0.2776615904381539
25799,GOF,0.005043941435497129,0.6427368317170714,0.35221922684743145
25800,GOF,0.032701681026561076,0.8025126999219692,0.1647856190514697
25801,GOF,0.027038719558438805,0.8897773610427063,0.08318391939885483
25802,GOF,0.03617694167757821,0.7792059275217367,0.18461713080068504
25803,GOF,0.025977749746924135,0.6548062948706409,0.3192159553824349
25804,GOF,0.04053258480412382,0.7174876271245825,0.24197978807129372
25805,GOF,0.03996688925497558,0.7327663533698464,0.227266757375178
25806,GOF,0.05572564610497665,0.7341162708616168,0.2101580830334067
25807,GOF,0.01572318401452298,0.6987105630497062,0.2855662529357707
25808,GOF,0.030092277102879986,0.7252865791507125,0.24462114374640753
25809,GOF,0.0142065864623136,0.6689461475818561,0.3168472659558302
25810,GOF,0.01265558869577694,0.6510393855504859,0.3363050257537372
25811,GOF,0.0715579269351528,0.849488456921315,0.07895361614353216
25812,GOF,0.034566064648130064,0.7487843750499267,0.21664956030194316
25813,GOF,0.1734500205205,0.7381484512981054,0.0884015281813946
25814,GOF,0.038554167806743395,0.7693473980329897,0.19209843416026687
25815,GOF,0.07088153933610188,0.8141609640806132,0.11495749658328479
25816,GOF,0.012910657738871522,0.84345601096224,0.14363333129888856
25817,GOF,0.13641469453606073,0.7465503910780554,0.11703491438588383
25818,GOF,0.03330261279310138,0.7322822368792039,0.23441515032769475
25819,GOF,0.06121828837124349,0.6983213413414634,0.24046037028729317
25820,GOF,0.060923228882280515,0.6493564929005329,0.2897202782171866
25821,GOF,0.040813455485265195,0.7048732617936398,0.2543132827210948
25822,GOF,0.07407037337104534,0.662601153616751,0.2633284730122037
25823,GOF,0.03468848819796318,0.6515157211731277,0.3137957906289091
25824,GOF,0.042762873686623244,0.7160295548289066,0.24120757148447008
25825,GOF,0.03262975616533393,0.7050959345460213,0.26227430928864476
25826,GOF,0.015382273458332239,0.6464890832815933,0.3381286432600744
25827,GOF,0.018158863283266696,0.6362547145105043,0.34558642220622915
25828,GOF,0.014426805010474655,0.6690802203658284,0.31649297462369697
25829,GOF,0.004951147707126675,0.5993981644886834,0.3956506878041899
25830,LOF,0.043914323634056965,0.4747502787837904,0.48133539758215255
25831,GOF,0.06591463761822171,0.7773015604254366,0.15678380195634173
25832,GOF,0.012398056472714629,0.7009050904027778,0.2866968531245076
25833,GOF,0.046251203481388815,0.776254140675155,0.1774946558434564
25834,GOF,0.012739859425114795,0.720056854848797,0.2672032857260883
25835,GOF,0.0296160463818685,0.791820726274622,0.17856322734350943
25836,GOF,0.008897604210302366,0.6954854898191648,0.2956169059705328
25837,GOF,0.01299626231018186,0.711947720713725,0.2750560169760931
25838,GOF,0.03302416173313751,0.7943905987427144,0.17258523952414798
25839,GOF,0.08921331050307246,0.756637965083281,0.1541487244136466
25840,GOF,0.12243314561330726,0.7087501812405939,0.16881667314609905
25841,GOF,0.1225886218119026,0.7453975905688279,0.13201378761926943
25842,GOF,0.036585292429657995,0.8420315851652597,0.12138312240508232
25843,GOF,0.0360117675784263,0.8479515828170403,0.11603664960453333
25844,GOF,0.025528495505198607,0.7875036171242692,0.18696788737053222
25845,GOF,0.007624347554081119,0.687138340127447,0.3052373123184719
25846,GOF,0.07653164452453867,0.7922810626898633,0.13118729278559793
25847,GOF,0.024454208737961176,0.8494249132535066,0.1261208780085322
25848,GOF,0.03348874523333432,0.8022046625765592,0.16430659219010654
25849,GOF,0.00992105058297076,0.7737493412112121,0.21632960820581723
25850,GOF,0.008672754769627195,0.6681356137209787,0.323191631509394
25851,GOF,0.008189250901382124,0.6203146941713756,0.3714960549272423
25852,GOF,0.17970360647666808,0.5171062165704777,0.3031901769528543
25853,GOF,0.08108484663327527,0.7653412737892615,0.15357387957746313
25854,GOF,0.007275363636966676,0.6414792602940239,0.3512453760690094
25855,GOF,0.02442921255507654,0.620168442170258,0.3554023452746656
25856,GOF,0.048438793748141806,0.6956862939137416,0.2558749123381166
25857,GOF,0.023719842655991922,0.6256538390835562,0.35062631826045193
25858,GOF,0.012624063755617235,0.5980121613141262,0.38936377493025653
25859,GOF,0.008864435259859213,0.5675760948382987,0.42355946990184207
25860,GOF,0.09460364560321198,0.7160990008800815,0.18929735351670657
25861,GOF,0.11687723627114983,0.7554653934065968,0.1276573703222534
25862,GOF,0.03138298321303891,0.8605354054221975,0.10808161136476342
25863,GOF,0.028443209404118062,0.8547910827413985,0.1167657078544835
25864,GOF,0.07219731319113461,0.8485157469928486,0.07928693981601674
25865,GOF,0.0632165984726304,0.8185063090751927,0.11827709245217694
25866,GOF,0.0332140101227815,0.8368544313999282,0.12993155847729038
25867,GOF,0.05137708245724532,0.8421223104543857,0.10650060708836899
25868,GOF,0.09736336405120233,0.747559417736873,0.1550772182119247
25869,GOF,0.42426766253047976,0.448137746404193,0.1275945910653273
25870,GOF,0.08330142683873715,0.49251879606466314,0.42417977709659976
25871,GOF,0.01186640486827529,0.808868353897958,0.17926524123376678
25872,GOF,0.029847316893316527,0.7710783294343918,0.19907435367229168
25873,GOF,0.027229424123721594,0.8314321316064968,0.1413384442697817
25874,LOF,0.019493935590907934,0.167692708822071,0.8128133555870212
25875,LOF,0.022912609679676003,0.0826182968693151,0.8944690934510089
25876,LOF,0.02188623398949315,0.0594218809631122,0.9186918850473946
25877,LOF,0.09522326536918095,0.18139499560867742,0.7233817390221416
25878,LOF,0.07977034117421779,0.2294103322141232,0.690819326611659
25879,LOF,0.011248111381619387,0.15933537585925459,0.8294165127591261
25880,LOF,0.06842004675106415,0.01829972560622782,0.913280227642708
25881,Neutral,0.556867069038826,0.09265921542391144,0.35047371553726253
25882,LOF,0.07083055266983468,0.029165183151565074,0.9000042641786004
25883,LOF,0.0316416333003215,0.02606584884203783,0.9422925178576406
25884,LOF,0.020287976918339553,0.04141210618038682,0.9382999169012736
25885,LOF,0.18254091954988866,0.01475049406507244,0.802708586385039
25886,LOF,0.257351923556237,0.052704889880872643,0.6899431865628903
25887,LOF,0.09425678296831015,0.1210491093184477,0.7846941077132421
25888,LOF,0.008411316435194095,0.15328397882669273,0.8383047047381131
25889,LOF,0.027835969093054396,0.03866407060991175,0.9334999602970337
25890,LOF,0.20525265901492462,0.06341062878388318,0.7313367122011922
25891,LOF,0.10633888106847365,0.030678495679255645,0.8629826232522707
25892,LOF,0.00863109141594418,0.035017487367864815,0.956351421216191
25893,LOF,0.3361376577042094,0.011435545803865707,0.6524267964919248
25894,LOF,0.3486898648759659,0.008185336783831121,0.643124798340203
25895,LOF,0.28075081338384816,0.015101527311230767,0.7041476593049211
25896,LOF,0.07638605637850825,0.035282200147185645,0.8883317434743061
25897,LOF,0.10848424448177003,0.013048909268278884,0.8784668462499512
25898,LOF,0.11542255514034777,0.03464049144016569,0.8499369534194865
25899,LOF,0.42195024151759264,0.03865365160479019,0.5393961068776171
25900,Neutral,0.6365023227805688,0.01225904951009635,0.3512386277093349
25901,LOF,0.11200861807024791,0.01344156823559112,0.8745498136941608
25902,LOF,0.10121687229391271,0.016559969324108484,0.8822231583819788
25903,LOF,0.22521302494352802,0.030156886116354722,0.7446300889401173
25904,Neutral,0.5381250959842659,0.04810742268122759,0.41376748133450647
25905,LOF,0.007846584226084356,0.373800667705754,0.6183527480681617
25906,LOF,0.00993365131472068,0.07263730737504114,0.9174290413102383
25907,LOF,0.009814397848158315,0.22912271033110232,0.7610628918207394
25908,LOF,0.009839662245691235,0.23067568063701666,0.7594846571172922
25909,LOF,0.034264967159101156,0.09384297658662309,0.8718920562542758
25910,LOF,0.012357385018239514,0.13746797606372868,0.8501746389180318
25911,LOF,0.1745145245003794,0.024914738858322953,0.8005707366412976
25912,LOF,0.10457015765980979,0.02074783273726655,0.8746820096029237
25913,LOF,0.0170654175736706,0.028814249363836173,0.9541203330624931
25914,LOF,0.045993492654274604,0.025469115508912885,0.9285373918368125
25915,LOF,0.16600108004070796,0.18282416732157805,0.651174752637714
25916,LOF,0.014478060036394881,0.09339801697456492,0.8921239229890402
25917,LOF,0.08541125832224343,0.026848887603238093,0.8877398540745184
25918,LOF,0.04568786920883763,0.0141877422598313,0.9401243885313311
25919,LOF,0.03953153868611496,0.013628696095077778,0.9468397652188073
25920,LOF,0.3405871489658835,0.20457722048096633,0.45483563055315024
25921,LOF,0.018827748136745974,0.01976553804710799,0.9614067138161461
25922,LOF,0.016901963141571667,0.020440906964831022,0.9626571298935974
25923,LOF,0.4513522844480608,0.013720309538831531,0.5349274060131076
25924,LOF,0.026472458744152445,0.021729432198920116,0.9517981090569275
25925,LOF,0.11000422625544519,0.022860974334565125,0.8671347994099897
25926,LOF,0.08988953642808498,0.016665869902879087,0.8934445936690361
25927,LOF,0.024247496117424723,0.04327061802606955,0.9324818858565056
25928,LOF,0.013999730819931784,0.024777797039256096,0.961222472140812
25929,Neutral,0.5928368617765302,0.013461564973309132,0.39370157325016075
25930,LOF,0.09767806186156958,0.014338741641026147,0.8879831964974042
25931,LOF,0.01674705054680284,0.016945152320812527,0.9663077971323846
25932,LOF,0.09247282731137493,0.015750899972023103,0.8917762727166021
25933,LOF,0.09625405352243961,0.009323166429439611,0.8944227800481208
25934,LOF,0.08849977647739696,0.008379441332765409,0.9031207821898377
25935,LOF,0.1073064526347884,0.02119081262880144,0.8715027347364102
25936,LOF,0.11442146653813655,0.010067028428007177,0.8755115050338562
25937,LOF,0.024945164220942558,0.014828271987652407,0.960226563791405
25938,LOF,0.11354591930215777,0.020381015919417052,0.8660730647784252
25939,LOF,0.07715404896114607,0.013234614372780836,0.9096113366660732
25940,GOF,0.011972654411520935,0.5435016503887068,0.44452569519977236
25941,Neutral,0.4901191512177621,0.04147929745798707,0.4684015513242508
25942,LOF,0.011060196346192477,0.0470196266601467,0.9419201769936608
25943,LOF,0.05116954114837007,0.21631973689714654,0.7325107219544834
25944,LOF,0.04836256347881587,0.08645575087774675,0.8651816856434373
25945,LOF,0.17216488597186388,0.027265520307699145,0.8005695937204369
25946,LOF,0.07186024319824949,0.037348693378621595,0.8907910634231289
25947,Neutral,0.46228609530606646,0.12895132758135847,0.408762577112575
25948,LOF,0.3838281948207496,0.013236718727295768,0.6029350864519547
25949,LOF,0.1332955258913818,0.07608419077996696,0.7906202833286512
25950,GOF,0.11943872956820302,0.5832469938281211,0.29731427660367593
25951,LOF,0.01199437965432463,0.45454457968356615,0.5334610406621092
25952,LOF,0.19000650199036911,0.25791199119768954,0.5520815068119413
25953,LOF,0.007849056653779338,0.315205576652174,0.6769453666940466
25954,GOF,0.07497373222890025,0.47163575620020576,0.45339051157089394
25955,LOF,0.010432590839265414,0.23434795213899512,0.7552194570217395
25956,LOF,0.00979095773859391,0.352670569817214,0.6375384724441922
25957,LOF,0.15706496221086036,0.04342603168996524,0.7995090060991744
25958,LOF,0.03194328936712905,0.06266801458093675,0.9053886960519342
25959,GOF,0.006265448210711542,0.7594652669763546,0.2342692848129339
25960,LOF,0.004689027604185524,0.1541875572009358,0.8411234151948787
25961,LOF,0.027781480116915693,0.04995960939711685,0.9222589104859675
25962,LOF,0.033192333632421765,0.08336622396444589,0.8834414424031323
25963,LOF,0.008469945205046576,0.13607342105273584,0.8554566337422176
25964,LOF,0.04345682032654063,0.11788584818903267,0.8386573314844267
25965,LOF,0.20281821517056534,0.15795614806956726,0.6392256367598674
25966,LOF,0.30158448547139993,0.1227839920298556,0.5756315224987445
25967,LOF,0.007024979431801413,0.10352215335154895,0.8894528672166497
25968,LOF,0.05204487529355212,0.2422414624981977,0.7057136622082502
25969,LOF,0.1493974103334571,0.05811621905931923,0.7924863706072237
25970,LOF,0.06897341590882879,0.055083590086054145,0.8759429940051171
25971,LOF,0.06395163463432042,0.028767105456176587,0.9072812599095029
25972,LOF,0.07930471793974281,0.05181597941336761,0.8688793026468896
25973,LOF,0.05953150484733143,0.009218458447567355,0.9312500367051013
25974,LOF,0.0537727044249399,0.03760791661365423,0.9086193789614058
25975,LOF,0.03883956996669067,0.014665718470607415,0.946494711562702
25976,LOF,0.09038440746275747,0.010698034399360522,0.898917558137882
25977,LOF,0.24142166978516308,0.05183082050809296,0.7067475097067439
25978,LOF,0.14253076677422802,0.1568935455307746,0.7005756876949975
25979,LOF,0.11456954246287648,0.17945737633234854,0.705973081204775
25980,LOF,0.19004556073367326,0.24293294761928716,0.5670214916470395
25981,LOF,0.1922527722540528,0.2482220556990514,0.5595251720468958
25982,LOF,0.32677471409805553,0.14924131400326907,0.5239839718986754
25983,LOF,0.4091965619258335,0.15573953452072475,0.43506390355344166
25984,LOF,0.07097086771225411,0.08945990991585341,0.8395692223718925
25985,Neutral,0.4889274442436357,0.138935102000224,0.37213745375614027
25986,LOF,0.014711149845781276,0.4602950955776725,0.5249937545765462
25987,LOF,0.04264262400170149,0.11013987063746707,0.8472175053608315
25988,LOF,0.06777702690702707,0.14357815127769927,0.7886448218152736
25989,LOF,0.07077804098105073,0.22663405087878222,0.702587908140167
25990,LOF,0.0568011148304925,0.37459812927033276,0.5686007558991748
25991,GOF,0.025499443304853948,0.5496360131011686,0.4248645435939775
25992,LOF,0.013136928612320574,0.45636229334748185,0.5305007780401977
25993,LOF,0.01854686564370604,0.06194791097585992,0.9195052233804341
25994,LOF,0.028483224255832825,0.06817579655181676,0.9033409791923505
25995,LOF,0.018180774107126107,0.12268026928480767,0.8591389566080663
25996,GOF,0.3576488012631636,0.4281510826420462,0.21420011609479017
25997,GOF,0.05535840536647697,0.5028493593792279,0.4417922352542952
25998,LOF,0.254930756632202,0.03417608317964375,0.7108931601881543
25999,LOF,0.025648448656687008,0.28377675093909566,0.6905748004042175
26000,LOF,0.13691109418593125,0.013441911561875486,0.8496469942521933
26001,LOF,0.14541082550965634,0.020938157242677558,0.8336510172476661
26002,LOF,0.08639776677605417,0.025215125844362536,0.8883871073795833
26003,GOF,0.006552473248184563,0.6089754792167871,0.3844720475350283
26004,GOF,0.017700983231483603,0.5579750855935723,0.4243239311749441
26005,LOF,0.005151568370490146,0.4789257343069969,0.515922697322513
26006,GOF,0.1105926232440201,0.4736861269122126,0.4157212498437672
26007,LOF,0.011431384833841169,0.48169073349912755,0.5068778816670313
26008,GOF,0.006725794020453854,0.5673318801069095,0.4259423258726366
26009,GOF,0.011958212443620251,0.6146367498620465,0.37340503769433336
26010,GOF,0.009831735411035672,0.5437790848810669,0.4463891797078975
26011,LOF,0.005010048740847719,0.38600907658342537,0.6089808746757268
26012,GOF,0.0053331610002623,0.523872540522392,0.4707942984773457
26013,GOF,0.011816174638666785,0.5389397516960004,0.4492440736653328
26014,LOF,0.041324660571700485,0.0809658127382251,0.8777095266900745
26015,LOF,0.38144060252765705,0.01945861905692111,0.5991007784154218
26016,LOF,0.2527524604746179,0.028394456444340865,0.7188530830810413
26017,LOF,0.015454317457027392,0.12627660488215414,0.8582690776608185
26018,LOF,0.03077900318556475,0.055198500068185066,0.9140224967462502
26019,LOF,0.031047237412066494,0.048041732779761544,0.920911029808172
26020,LOF,0.006647400917443216,0.12455227163641193,0.8688003274461448
26021,LOF,0.07629046892542421,0.059072654394045646,0.8646368766805301
26022,LOF,0.037204526501614855,0.024314074685088054,0.9384813988132972
26023,LOF,0.024250173548306705,0.03434958189373545,0.9414002445579579
26024,LOF,0.047130510260912174,0.046578745190283176,0.9062907445488046
26025,LOF,0.1262922506723512,0.04621887647600049,0.8274888728516482
26026,LOF,0.11565130292387192,0.03295363744727729,0.8513950596288509
26027,LOF,0.030528841627261518,0.022544868072614566,0.9469262903001239
26028,LOF,0.06094866132503291,0.15335293762353805,0.7856984010514292
26029,LOF,0.027522184916760114,0.2010037874855519,0.771474027597688
26030,LOF,0.11163263214574087,0.03040885346438289,0.8579585143898761
26031,LOF,0.012973124245496046,0.18538952064970374,0.8016373551048002
26032,LOF,0.03628277767324746,0.060750007403838555,0.9029672149229141
26033,LOF,0.036491930221925546,0.05774661157381216,0.9057614582042623
26034,LOF,0.017681716407872406,0.13145775076802713,0.8508605328241005
26035,LOF,0.011982735127911412,0.13535087692372014,0.8526663879483685
26036,LOF,0.010912646816881802,0.11074038781009782,0.8783469653730204
26037,LOF,0.010767542710835298,0.12021578508581855,0.8690166722033462
26038,LOF,0.03041548893213434,0.05251944957111788,0.9170650614967478
26039,LOF,0.02951577982960359,0.16039292560184273,0.8100912945685536
26040,LOF,0.07831995334341649,0.14930477420206445,0.7723752724545191
26041,LOF,0.01233626929647825,0.11639174502313443,0.8712719856803872
26042,LOF,0.01151081723489667,0.12013990514882451,0.8683492776162788
26043,LOF,0.030928761829721003,0.08654599156359333,0.8825252466066857
26044,LOF,0.0063991516278746365,0.06108163592143357,0.9325192124506918
26045,LOF,0.07810085790727181,0.21706015148990224,0.704838990602826
26046,LOF,0.027880143732154077,0.05656844778123587,0.91555140848661
26047,LOF,0.062244448781075525,0.05830098590453962,0.8794545653143849
26048,LOF,0.08151325508024806,0.019797296697257445,0.8986894482224945
26049,Neutral,0.9421608772684027,0.006672987370146979,0.05116613536145045
26050,Neutral,0.9063474796407677,0.007084408266802509,0.08656811209242979
26051,LOF,0.0296963887688177,0.2288559039867589,0.7414477072444233
26052,LOF,0.024911488619377347,0.17934790843205586,0.7957406029485667
26053,LOF,0.019117103194447833,0.17379832368246326,0.8070845731230889
26054,LOF,0.05539880541968433,0.04490438995907208,0.8996968046212437
26055,LOF,0.08454322619933165,0.039510151323256096,0.8759466224774122
26056,LOF,0.06550397051305752,0.05432323375467087,0.8801727957322717
26057,LOF,0.0610621889144802,0.02509615945052687,0.9138416516349929
26058,LOF,0.06788596161029792,0.019912842560219045,0.912201195829483
26059,LOF,0.2638179547687166,0.036019817591646186,0.7001622276396373
26060,LOF,0.014369014863140824,0.22495808143943144,0.7606729036974277
26061,LOF,0.010724840795374316,0.017925390538528076,0.9713497686660977
26062,LOF,0.005635508405960889,0.02450641150641068,0.9698580800876284
26063,LOF,0.048241323957032727,0.01650864649536312,0.9352500295476041
26064,LOF,0.015936336490519707,0.024812270736749166,0.9592513927727311
26065,LOF,0.06508960583492425,0.023812197942849965,0.9110981962222257
26066,LOF,0.04766675470137829,0.017748501488872106,0.9345847438097497
26067,LOF,0.056575387784862395,0.014323894651421948,0.9291007175637156
26068,LOF,0.05465923253209178,0.042667502985848184,0.90267326448206
26069,LOF,0.1753488734177577,0.03337266423734375,0.7912784623448986
26070,LOF,0.3764653224601288,0.022736476418540635,0.6007982011213306
26071,LOF,0.050641445603792974,0.01812417997797211,0.9312343744182349
26072,LOF,0.006290210273244023,0.02662363441599857,0.9670861553107575
26073,LOF,0.043644248950438176,0.020655721908162842,0.9357000291413989
26074,Neutral,0.6417693490374586,0.015244968442423042,0.3429856825201183
26075,LOF,0.04420194152606391,0.0344756213864522,0.921322437087484
26076,LOF,0.04546613772642891,0.01642848677821352,0.9381053754953577
26077,LOF,0.1556719815634678,0.013614171764814508,0.8307138466717178
26078,LOF,0.006470261218897976,0.02793200764612149,0.9655977311349805
26079,LOF,0.05979884567526413,0.028272363659056655,0.9119287906656793
26080,LOF,0.058654303810530606,0.02835443893304944,0.91299125725642
26081,LOF,0.043644800236000696,0.015494584298542799,0.9408606154654564
26082,LOF,0.006435955635274827,0.02588070254559704,0.9676833418191281
26083,LOF,0.10519786714416203,0.030306027849261855,0.864496105006576
26084,LOF,0.12430900462896842,0.026207241679957954,0.8494837536910735
26085,LOF,0.11270399470714906,0.021202806540649034,0.8660931987522019
26086,LOF,0.04499068258275633,0.018513701996749655,0.9364956154204941
26087,LOF,0.0442541634940556,0.017419720067322345,0.9383261164386221
26088,LOF,0.0067170269609020785,0.040403340933710806,0.9528796321053872
26089,LOF,0.040364098904407376,0.04768779256571033,0.9119481085298823
26090,LOF,0.041092712556489656,0.035947113664853696,0.9229601737786566
26091,LOF,0.032393768618516505,0.014171515525913914,0.9534347158555696
26092,LOF,0.047803566256627066,0.014107918574839725,0.9380885151685331
26093,LOF,0.0724202562750535,0.010463769318773745,0.9171159744061728
26094,LOF,0.035796676070886845,0.011760663562160108,0.9524426603669529
26095,LOF,0.011100187992046658,0.027589640557508722,0.9613101714504446
26096,LOF,0.242423960549969,0.0065544894590022,0.7510215499910288
26097,LOF,0.006388285960437969,0.056957823533944005,0.9366538905056181
26098,LOF,0.051977553380958504,0.02716749008051929,0.9208549565385221
26099,LOF,0.044783293006458724,0.03231322767778244,0.9229034793157588
26100,LOF,0.044783293006458724,0.03231322767778244,0.9229034793157588
26101,LOF,0.047317322468113265,0.05035069158604816,0.9023319859458385
26102,LOF,0.036324063866064446,0.023785718490624174,0.9398902176433114
26103,Neutral,0.8981592520065504,0.03406829546855877,0.06777245252489073
26104,LOF,0.05647121297214807,0.05259611600808844,0.8909326710197635
26105,LOF,0.2174336282642266,0.10918221565242756,0.6733841560833459
26106,LOF,0.2621775248095404,0.040818963327826197,0.6970035118626334
26107,LOF,0.015204158554197609,0.04970454286136993,0.9350912985844325
26108,LOF,0.13922332031760018,0.04819901859388675,0.812577661088513
26109,LOF,0.06162428343551531,0.049045744896696816,0.8893299716677878
26110,LOF,0.41637075209954977,0.01154880962182684,0.5720804382786233
26111,LOF,0.054855152312190014,0.07912522632547458,0.8660196213623353
26112,LOF,0.06613236156986167,0.010673461153689503,0.9231941772764489
26113,LOF,0.12275081636114238,0.029466550391850126,0.8477826332470075
26114,LOF,0.08943161796842582,0.007728345653740105,0.902840036377834
26115,LOF,0.01653639118484015,0.055459124604299644,0.9280044842108603
26116,LOF,0.07653784842555425,0.022805804280845846,0.9006563472935999
26117,LOF,0.3861494263192075,0.03871199019087053,0.575138583489922
26118,LOF,0.03656202135531672,0.017106349385257052,0.9463316292594263
26119,LOF,0.006109328885970265,0.08507710160683514,0.9088135695071947
26120,LOF,0.03274079114412633,0.015334934411901681,0.9519242744439721
26121,LOF,0.0041169761698818955,0.11663462455805079,0.8792483992720673
