feature0,prediction,LoGoFunc_Neutral,LoGoFunc_GOF,LoGoFunc_LOF
25546,Neutral,0.6979200214850189,0.06320169256489687,0.23887828595008426
25547,Neutral,0.5104039529430415,0.11942497577877115,0.3701710712781872
25548,Neutral,0.509344009182112,0.09026488438934362,0.4003911064285444
25549,LOF,0.436708265417601,0.08759516238886386,0.47569657219353506
25550,LOF,0.3850176853049724,0.14922833718076517,0.4657539775142625
25551,LOF,0.2831761253679385,0.1707939427045128,0.5460299319275487
25552,LOF,0.2052012160646516,0.16126885990590747,0.6335299240294409
25553,Neutral,0.7992169343409953,0.05184561576304524,0.1489374498959594
25554,LOF,0.2346127068641034,0.15782862614459275,0.6075586669913039
25555,LOF,0.19635475788200293,0.13783595623004324,0.6658092858879537
25556,LOF,0.3961575751736351,0.14265693427608195,0.461185490550283
25557,LOF,0.1872744926481354,0.1454982813952008,0.6672272259566638
25558,LOF,0.22664382050028373,0.15811322000996655,0.6152429594897497
25559,LOF,0.18783161472143733,0.1681415894721022,0.6440267958064604
25560,LOF,0.07284608784407183,0.14137466881268818,0.7857792433432399
25561,LOF,0.14707925995027152,0.13528503650152013,0.7176357035482083
25562,LOF,0.06906452787916036,0.08900350004973921,0.8419319720711004
25563,LOF,0.10340996617677749,0.08653436547502825,0.8100556683481943
25564,LOF,0.17797004457799173,0.1708595358938595,0.6511704195281489
25565,LOF,0.14678802201294347,0.14202161725484588,0.7111903607322106
25566,GOF,0.01706479925366415,0.7946373270982399,0.18829787364809583
25567,LOF,0.01981941215150284,0.213879179717883,0.7663014081306141
25568,LOF,0.05257880978500095,0.08706137785489057,0.8603598123601085
25569,LOF,0.05544128053637965,0.08754817857484747,0.8570105408887729
25570,LOF,0.03088349275219022,0.12414130515223384,0.844975202095576
25571,LOF,0.03104194469402745,0.11957456893596453,0.849383486370008
25572,LOF,0.034304453120073186,0.1466595044238922,0.8190360424560347
25573,LOF,0.025707369721743596,0.1174385171876622,0.8568541130905941
25574,LOF,0.019939603238465307,0.18101862856651832,0.7990417681950165
25575,LOF,0.026002435329296365,0.13065703562380637,0.8433405290468973
25576,LOF,0.012911648402151385,0.17387102168215002,0.8132173299156985
25577,LOF,0.011832871140138182,0.1432075408617794,0.8449595879980825
25578,LOF,0.2653012210981956,0.10799607972327736,0.6267026991785271
25579,LOF,0.1700320920527346,0.1155497824791259,0.7144181254681394
25580,LOF,0.018534497555462333,0.0953372098338564,0.8861282926106813
25581,LOF,0.04187418863761845,0.08899375457006421,0.8691320567923174
25582,LOF,0.0417422344658881,0.08807859162144845,0.8701791739126634
25583,LOF,0.020887115911459492,0.11248548768073391,0.8666273964078065
25584,Neutral,0.5311129769880392,0.12215370405778447,0.34673331895417636
25585,LOF,0.012166816745102704,0.16233762228913803,0.8254955609657593
25586,LOF,0.016588326401973497,0.08751796177923118,0.8958937118187953
25587,LOF,0.01694868653236883,0.08100668623856963,0.9020446272290614
25588,LOF,0.018070626253645854,0.09718794894592633,0.8847414248004277
25589,Neutral,0.6104332956423846,0.14674998711649898,0.24281671724111642
25590,LOF,0.019159898939652777,0.1344089758636308,0.8464311251967165
25591,LOF,0.08181737452694693,0.07086663083249214,0.847315994640561
25592,LOF,0.05002324634708155,0.14865643209490736,0.8013203215580111
25593,LOF,0.02676279200803749,0.26659958684708385,0.7066376211448787
25594,LOF,0.03763738927446046,0.11122575073247021,0.8511368599930693
25595,LOF,0.0441770710926516,0.07419746985721452,0.8816254590501339
25596,LOF,0.05875677040778447,0.06979580588993112,0.8714474237022843
25597,LOF,0.037278409897165576,0.08148832015704277,0.8812332699457915
25598,LOF,0.03554799493046645,0.10412083094937176,0.8603311741201619
25599,GOF,0.008012581128156273,0.5584459387975851,0.4335414800742586
25600,GOF,0.026977597470835387,0.5961805321137306,0.376841870415434
25601,LOF,0.014751291893714658,0.4619995461647784,0.523249161941507
25602,LOF,0.012383254033648539,0.06299646674651446,0.9246202792198371
25603,LOF,0.057075354361633565,0.023122284479312426,0.919802361159054
25604,LOF,0.014928403247592783,0.08049470026566365,0.9045768964867437
25605,LOF,0.008566434749520542,0.22366383996143765,0.7677697252890417
25606,LOF,0.09659572333258429,0.38237330494416605,0.5210309717232497
25607,LOF,0.004949648588530596,0.23948707313034784,0.7555632782811216
25608,LOF,0.011937473546360504,0.09960671289942605,0.8884558135542135
25609,LOF,0.07814182138633478,0.37846819436091816,0.5433899842527471
25610,LOF,0.019697034952778383,0.03138537485423621,0.9489175901929855
25611,LOF,0.021135989505263023,0.03009160474500097,0.948772405749736
25612,LOF,0.06668921771454457,0.04016105744405523,0.8931497248414002
25613,LOF,0.05999592795774161,0.041447283184256035,0.8985567888580024
25614,LOF,0.0259897249912434,0.03576395820469222,0.9382463168040645
25615,LOF,0.019016374068800843,0.045423467915473324,0.9355601580157258
25616,LOF,0.05968072606472207,0.032103526023992565,0.9082157479112853
25617,LOF,0.05953133955125599,0.03474495961126664,0.9057237008374773
25618,LOF,0.07411579827358176,0.04095419481889301,0.8849300069075251
25619,LOF,0.018606201219245617,0.03779600826080065,0.9435977905199537
25620,LOF,0.0745023921119593,0.03943688730594375,0.8860607205820971
25621,LOF,0.01911198489312343,0.03837539037646092,0.9425126247304157
25622,LOF,0.023089821982291946,0.04492903750473401,0.9319811405129741
25623,LOF,0.04710267192547572,0.030357900769533354,0.9225394273049909
25624,LOF,0.022959782019034185,0.04363693396387051,0.9334032840170954
25625,LOF,0.02567017751154807,0.05282972989718163,0.9215000925912703
25626,LOF,0.05175198268771383,0.03832394811399117,0.9099240691982949
25627,Neutral,0.5904976916513872,0.11147513933024615,0.2980271690183668
25628,LOF,0.1914173066172885,0.05239056799496796,0.7561921253877436
25629,LOF,0.04213983129566745,0.05426982191780584,0.9035903467865267
25630,LOF,0.1438574629476509,0.09288991150684718,0.763252625545502
25631,Neutral,0.6124522982993549,0.06025599046447021,0.3272917112361749
25632,LOF,0.007788016847359833,0.07828502304886525,0.9139269601037749
25633,LOF,0.2786704906597632,0.05460592474595355,0.6667235845942834
25634,LOF,0.030629577780715657,0.10510656223831556,0.8642638599809688
25635,LOF,0.03326058416660693,0.06286988213364023,0.9038695336997529
25636,GOF,0.004872668697479474,0.5896376382589322,0.4054896930435882
25637,GOF,0.006868432272396066,0.5982583135345727,0.39487325419303143
25638,LOF,0.010550062900619302,0.3023644775312437,0.687085459568137
25639,LOF,0.005732741657817619,0.467598891055733,0.5266683672864494
25640,Neutral,0.4755191780098722,0.4291522346504025,0.09532858733972537
25641,LOF,0.012126151489855517,0.2978043779026368,0.6900694706075077
25642,LOF,0.24828628561674435,0.06246404103995724,0.6892496733432985
25643,LOF,0.14123102439286672,0.1609230507810719,0.6978459248260614
25644,LOF,0.009641454658759045,0.4746135800900973,0.5157449652511437
25645,LOF,0.007156097490292163,0.43472519380266633,0.5581187087070415
25646,LOF,0.012663530515876079,0.3196310476866056,0.6677054217975184
25647,LOF,0.010382688543957535,0.2610362592232962,0.7285810522327463
25648,LOF,0.008485580405360037,0.25609972652827,0.73541469306637
25649,LOF,0.007171947294906129,0.20299449047955018,0.7898335622255437
25650,LOF,0.014094124550984499,0.41012289525099577,0.5757829801980198
25651,LOF,0.0055337783336965075,0.28028594254056877,0.7141802791257348
25652,LOF,0.009942571374519425,0.245723926040299,0.7443335025851817
25653,LOF,0.02924383920037994,0.374680946290812,0.5960752145088081
25654,LOF,0.010439852269029779,0.1468766322680037,0.8426835154629665
25655,LOF,0.049848305196245564,0.41743336147934496,0.5327183333244095
25656,LOF,0.1791912301169166,0.03885050738534015,0.7819582624977433
25657,LOF,0.2654816115116307,0.023231250096164696,0.7112871383922046
25658,LOF,0.07199967458482223,0.06516109423357339,0.8628392311816044
25659,LOF,0.3830766837503745,0.055389691390556564,0.5615336248590689
25660,LOF,0.0325289599427191,0.10389884727394168,0.8635721927833392
25661,LOF,0.10241853275725042,0.06778179539838299,0.8297996718443665
25662,LOF,0.026398210171280675,0.04666741021440015,0.9269343796143192
25663,LOF,0.03352800894158462,0.06560207887373919,0.9008699121846762
25664,LOF,0.03506443321332732,0.07627477764636047,0.8886607891403121
25665,LOF,0.05285063856767517,0.037972088308714305,0.9091772731236106
25666,LOF,0.03819591939659009,0.10350707433411027,0.8582970062692996
25667,LOF,0.07584352761922673,0.05182598673644717,0.8723304856443261
25668,LOF,0.02876826236490983,0.05416217776666768,0.9170695598684224
25669,LOF,0.030300672714408883,0.08386554107213613,0.8858337862134551
25670,LOF,0.058238506984743955,0.06449096092690715,0.8772705320883489
25671,LOF,0.09227317777249226,0.04312158682314864,0.8646052354043591
25672,LOF,0.052896973677287136,0.04962704391781154,0.8974759824049013
25673,LOF,0.026754484154775594,0.059618093591074096,0.9136274222541504
25674,LOF,0.02081588313421278,0.07023430070854468,0.9089498161572426
25675,LOF,0.03339894266264714,0.06776892094586642,0.8988321363914863
25676,LOF,0.020388072686225535,0.06400262464557835,0.9156093026681962
25677,LOF,0.030535743669254867,0.07841300431132257,0.8910512520194226
25678,LOF,0.18479160521951832,0.06104321012031167,0.75416518466017
25679,LOF,0.17024760283551027,0.07345316074277257,0.7562992364217171
25680,LOF,0.0374065027714393,0.12082938040494931,0.8417641168236114
25681,LOF,0.06412355266047193,0.11565188248336508,0.820224564856163
25682,LOF,0.11474602267622187,0.08348943301412227,0.8017645443096558
25683,LOF,0.07653212463219868,0.11251578176328295,0.8109520936045183
25684,LOF,0.04602724579384992,0.0810119128462481,0.8729608413599019
25685,LOF,0.08006948569950373,0.06320953024686132,0.856720984053635
25686,LOF,0.026618093131058666,0.08590349464182269,0.8874784122271187
25687,LOF,0.04646787547239035,0.0712836585341384,0.8822484659934713
25688,LOF,0.045343780704889564,0.042645333597481766,0.9120108856976287
25689,LOF,0.026564905103921215,0.05049045301033712,0.9229446418857417
25690,LOF,0.03181157509794535,0.0425205850958109,0.9256678398062438
25691,LOF,0.23677600637357715,0.05906941729501329,0.7041545763314097
25692,LOF,0.24895005163968398,0.005637442794818549,0.7454125055654975
25693,LOF,0.08783216235865837,0.2514793523759292,0.6606884852654124
25694,LOF,0.265492315090338,0.012435303667824018,0.722072381241838
25695,LOF,0.15647529390728046,0.025138178603421303,0.8183865274892983
25696,LOF,0.12663771077773275,0.012435846591643302,0.8609264426306239
25697,LOF,0.09167116434111307,0.023523214885177706,0.8848056207737092
25698,LOF,0.048040424028840394,0.4607005279855882,0.4912590479855715
25699,LOF,0.06455354263356942,0.08579795066375759,0.849648506702673
25700,LOF,0.06787889071910329,0.008279473940092262,0.9238416353408044
25701,LOF,0.016788287732094023,0.08346011460604953,0.8997515976618565
25702,GOF,0.033945515751357826,0.7098980498625103,0.2561564343861319
25703,LOF,0.008705193087322614,0.17250644917308752,0.8187883577395899
25704,LOF,0.046283673290160185,0.15751693038646136,0.7961993963233784
25705,LOF,0.05873369156846832,0.22750740830293237,0.7137589001285994
25706,GOF,0.033877151264806026,0.5292585430888415,0.43686430564635254
25707,LOF,0.025682578324353784,0.4848602540524716,0.48945716762317465
25708,LOF,0.008231741001301378,0.39455183684599937,0.5972164221526992
25709,LOF,0.05822875679038289,0.06005156406539843,0.8817196791442188
25710,LOF,0.005600400835210338,0.14961030546064497,0.8447892937041448
25711,LOF,0.020572952308776957,0.11646490677884708,0.862962140912376
25712,LOF,0.007551636388103025,0.17995535123414444,0.8124930123777525
25713,LOF,0.019056225748570656,0.1027955681397077,0.8781482061117216
25714,LOF,0.07225792215833843,0.12949570036737926,0.7982463774742823
25715,LOF,0.013927479715275784,0.13935560706775457,0.8467169132169696
25716,LOF,0.006522956648881878,0.09666431463408452,0.8968127287170335
25717,LOF,0.0057391832233668625,0.09624682035117858,0.8980139964254545
25718,LOF,0.014841973008064823,0.08519256197496806,0.8999654650169672
25719,LOF,0.023640994802261395,0.08782492067946605,0.8885340845182724
25720,LOF,0.024003635102104865,0.08127519298840183,0.8947211719094933
25721,LOF,0.01736764902178522,0.11039200146092691,0.8722403495172879
25722,LOF,0.014943459383375468,0.13344809909043925,0.8516084415261853
25723,LOF,0.020852106234149733,0.06941073679358334,0.9097371569722669
25724,LOF,0.02185083319816545,0.10403924197914087,0.8741099248226937
25725,LOF,0.014567850326753782,0.0763724020803688,0.9090597475928774
25726,LOF,0.012605509014232507,0.10258959160647797,0.8848048993792895
25727,LOF,0.015777184023573695,0.08820854407105273,0.8960142719053735
25728,LOF,0.013126505359052678,0.1089108883870419,0.8779626062539054
25729,LOF,0.01357333812588591,0.1127128530558087,0.8737138088183053
25730,LOF,0.014653683483518296,0.09729918091715835,0.8880471355993234
25731,LOF,0.008719113819876214,0.13207088085724256,0.8592100053228813
25732,LOF,0.013998520190813633,0.09609973191998963,0.8899017478891968
25733,LOF,0.018835639448833926,0.08531213320041797,0.895852227350748
25734,LOF,0.005673156297838547,0.1327640094539253,0.8615628342482362
25735,LOF,0.01673360349489849,0.08167913581938523,0.9015872606857162
25736,LOF,0.015477762234305616,0.12066298723108411,0.8638592505346102
25737,LOF,0.023597860689287795,0.10006985183173449,0.8763322874789777
25738,LOF,0.015730564246937327,0.14599501216981148,0.8382744235832511
25739,LOF,0.022645045792541747,0.12156418795018856,0.8557907662572697
25740,LOF,0.03206788295236969,0.139844912781113,0.8280872042665173
25741,LOF,0.018417208915972927,0.1180788061976989,0.8635039848863282
25742,LOF,0.10993413288475223,0.10885820912927414,0.7812076579859736
25743,LOF,0.016370170348927692,0.0344200254556484,0.949209804195424
25744,LOF,0.2166950699302618,0.32703394870799635,0.4562709813617419
25745,LOF,0.026707015528098454,0.046883525468009266,0.9264094590038923
25746,LOF,0.015301117506305684,0.05770687176910186,0.9269920107245926
25747,LOF,0.028769179460265755,0.03218504866514074,0.9390457718745936
25748,LOF,0.15418407876060566,0.0536270217361074,0.7921888995032869
25749,LOF,0.017727241482340388,0.041358576897265256,0.9409141816203943
25750,LOF,0.032820655248313985,0.06075829297466596,0.90642105177702
25751,LOF,0.11210641490145314,0.05999092397055225,0.8279026611279946
25752,GOF,0.11546104680542722,0.628977813386338,0.2555611398082348
25753,LOF,0.00843084195749938,0.3428907341841887,0.6486784238583119
25754,GOF,0.005454857494337842,0.8459941469599939,0.14855099554566834
25755,LOF,0.010334923004128272,0.4153863630007516,0.57427871399512
25756,LOF,0.04125159911074025,0.4193650776396113,0.5393833232496484
25757,GOF,0.005641637915306424,0.871449685931609,0.12290867615308461
25758,GOF,0.006555143618851633,0.8719326418421857,0.12151221453896276
25759,GOF,0.004431989509648689,0.5668208175072394,0.4287471929831118
25760,LOF,0.004723139149914561,0.31281027830346675,0.6824665825466186
25761,GOF,0.03520156956276715,0.8535610435286939,0.11123738690853899
25762,LOF,0.029134251262627708,0.33752752609761355,0.6333382226397587
25763,LOF,0.0068254104044069555,0.2426774180348523,0.7504971715607407
25764,GOF,0.16715334438098267,0.5257683949954972,0.30707826062352006
25765,GOF,0.011766217639276029,0.8042571423023558,0.18397664005836814
25766,GOF,0.01715118230980837,0.8303220798574363,0.15252673783275528
25767,GOF,0.01905854042521966,0.4997481757271337,0.48119328384764654
25768,LOF,0.08000773247811936,0.06533709027615815,0.8546551772457224
25769,LOF,0.0776744739569408,0.05090819858104527,0.871417327462014
25770,LOF,0.25653608350777596,0.0587334710597558,0.6847304454324682
25771,LOF,0.012567313656694543,0.05964903020013216,0.9277836561431734
25772,LOF,0.016298242117777747,0.0255647209238688,0.9581370369583535
25773,LOF,0.010664727250215516,0.10258940346603246,0.8867458692837521
25774,LOF,0.023869975414297896,0.06416885513405202,0.9119611694516501
25775,LOF,0.015654222581699944,0.04208769054468914,0.9422580868736109
25776,LOF,0.08373071935215137,0.020414329688915312,0.8958549509589333
25777,LOF,0.29072084044951474,0.03574492406640796,0.6735342354840772
25778,LOF,0.07027424481911154,0.038588098238841066,0.8911376569420473
25779,GOF,0.05293524135778686,0.8744473237052222,0.0726174349369911
25780,GOF,0.054363361713926014,0.8655416726214822,0.08009496566459168
25781,GOF,0.02536994816864111,0.8473391642764708,0.12729088755488813
25782,GOF,0.028790690595986754,0.8842873563740649,0.08692195302994851
25783,GOF,0.01340463216345751,0.6818077991474931,0.3047875686890494
25784,GOF,0.10075355709953059,0.844356979553995,0.054889463346474494
25785,GOF,0.05760544747037322,0.8888551436180435,0.05353940891158321
25786,GOF,0.005218481570774264,0.8212659326655035,0.1735155857637221
25787,GOF,0.19555871978226216,0.7690553179149133,0.03538596230282438
25788,LOF,0.04743274256837365,0.1284919297124025,0.8240753277192238
25789,GOF,0.034777627418573036,0.8267906446910869,0.13843172789034014
25790,GOF,0.03824858907778401,0.8611707412875592,0.10058066963465687
25791,GOF,0.027600928715033685,0.807485046651814,0.1649140246331523
25792,GOF,0.044500689705273336,0.8169655305396396,0.1385337797550871
25793,GOF,0.09858622545237408,0.7851491342057199,0.11626464034190606
25794,GOF,0.09521654377194257,0.6862771900282658,0.2185062661997916
25795,GOF,0.026826342483126518,0.7317674433716572,0.24140621414521632
25796,GOF,0.11726128761120712,0.7656285333257724,0.11711017906302046
25797,GOF,0.03258092274270012,0.5968988351079313,0.3705202421493686
25798,GOF,0.0031956961794511797,0.5444392744597395,0.45236502936080925
25799,LOF,0.0029249888788373556,0.4202500031543102,0.5768250079668525
25800,GOF,0.010284409182568758,0.6036160488156039,0.3860995420018273
25801,GOF,0.02597225464010254,0.8018626111714803,0.17216513418841722
25802,GOF,0.016799891103122893,0.707478982354987,0.2757211265418901
25803,GOF,0.010371652711282655,0.603279845576592,0.3863485017121255
25804,LOF,0.011672502187405906,0.48939048595726664,0.49893701185532746
25805,GOF,0.023108927643931142,0.5967203053074738,0.38017076704859515
25806,GOF,0.018203100923025774,0.6352451345028911,0.34655176457408327
25807,GOF,0.005275069792243023,0.6353149428132129,0.35940998739454416
25808,GOF,0.015014483591831794,0.6296662798743616,0.35531923653380637
25809,GOF,0.006007369482999875,0.6274377529055705,0.3665548776114297
25810,GOF,0.005189512879994911,0.6372476393345681,0.357562847785437
25811,GOF,0.07806835019024808,0.8148368701854185,0.10709477962433334
25812,GOF,0.01428938467721361,0.6420875801498297,0.3436230351729567
25813,GOF,0.09541900057957618,0.7653146791664891,0.1392663202539348
25814,GOF,0.02747235288966986,0.7048896729954041,0.26763797411492624
25815,GOF,0.03699526670098375,0.7398883478182873,0.223116385480729
25816,GOF,0.008467096813706746,0.817610758841354,0.17392214434493924
25817,GOF,0.07082384415724728,0.7629088883421492,0.16626726750060342
25818,GOF,0.021656233076246797,0.7526851804966727,0.22565858642708045
25819,GOF,0.06526552936663835,0.7443537681165,0.19038070251686162
25820,GOF,0.032481130075951076,0.7331199278428915,0.23439894208115752
25821,GOF,0.018773901357964796,0.7156797548307181,0.26554634381131703
25822,GOF,0.03409057696522229,0.7360700224852194,0.2298394005495583
25823,GOF,0.012241895763529317,0.5629772633560678,0.42478084088040285
25824,GOF,0.023066755395311552,0.711260333299309,0.2656729113053794
25825,GOF,0.012582902178435737,0.6769297893380992,0.310487308483465
25826,GOF,0.005111894222715297,0.635168284695842,0.3597198210814426
25827,GOF,0.007862420967099139,0.6296391279880769,0.362498451044824
25828,GOF,0.004651921285935765,0.5618826146291972,0.433465464084867
25829,GOF,0.0027269135563528337,0.6229072054002562,0.3743658810433909
25830,LOF,0.03164080121805421,0.3821780960451491,0.5861811027367967
25831,GOF,0.035986133038546815,0.8229030201567417,0.14111084680471156
25832,GOF,0.007703371218956097,0.7579503476089349,0.23434628117210912
25833,GOF,0.024517813515102592,0.8066276413982056,0.16885454508669162
25834,GOF,0.0072800171677053415,0.7660248810340174,0.22669510179827715
25835,GOF,0.017278954200436982,0.816943378616117,0.16577766718344594
25836,GOF,0.006563060561580829,0.7639449017436917,0.22949203769472742
25837,GOF,0.005951659409584808,0.6665102914482766,0.3275380491421386
25838,GOF,0.018380269313948094,0.836964796430774,0.14465493425527798
25839,GOF,0.037586596712820323,0.8076197069545299,0.15479369633264986
25840,GOF,0.03461300293690798,0.8202852947063775,0.14510170235671455
25841,GOF,0.030045121624949944,0.8505891534100752,0.11936572496497484
25842,GOF,0.0232751934804014,0.8659108434129018,0.11081396310669676
25843,GOF,0.022774963987321213,0.8838144462704174,0.09341058974226149
25844,GOF,0.015608995140949336,0.7931161715098702,0.19127483334918055
25845,GOF,0.005351381587622929,0.5885483212175888,0.40610029719478824
25846,GOF,0.027809755079554056,0.8472647184173744,0.12492552650307162
25847,GOF,0.016712374494577492,0.8981619388274013,0.08512568667802124
25848,GOF,0.015241853941477809,0.8336457573507475,0.15111238870777466
25849,GOF,0.004474196410752324,0.7054311746367913,0.2900946289524564
25850,GOF,0.006235950664346156,0.694600271177894,0.2991637781577598
25851,GOF,0.005340605927223292,0.5709898091376037,0.4236695849351729
25852,GOF,0.16091105589322954,0.5564985803836321,0.2825903637231383
25853,GOF,0.06646044855133565,0.8464656142975004,0.08707393715116399
25854,GOF,0.009299731664181632,0.6501212040741899,0.3405790642616283
25855,GOF,0.012557135968965316,0.5873021614253188,0.4001407026057158
25856,GOF,0.031581063223259306,0.719815782512603,0.24860315426413773
25857,GOF,0.014838588115390407,0.549661544363532,0.43549986752107767
25858,GOF,0.008916876461881006,0.5608481797252208,0.4302349438128983
25859,GOF,0.005410498978348125,0.5466229154067735,0.4479665856148784
25860,GOF,0.0691350432798725,0.8021125512053426,0.12875240551478476
25861,GOF,0.11349144680643111,0.789444021466163,0.0970645317274058
25862,GOF,0.021903357598681197,0.8437177262086358,0.1343789161926831
25863,GOF,0.02090823817668729,0.8620974252317043,0.11699433659160839
25864,GOF,0.04618372322017046,0.8729999650318034,0.08081631174802624
25865,GOF,0.03054365478193889,0.8443736270697414,0.12508271814831978
25866,GOF,0.022809885143383203,0.8406507463234338,0.1365393685331829
25867,GOF,0.02416170870571006,0.865858023940014,0.1099802673542758
25868,GOF,0.04901276480191768,0.8153951648442691,0.13559207035381327
25869,GOF,0.29696348991092225,0.6190277445342128,0.08400876555486476
25870,GOF,0.19444140733736318,0.5449083820894046,0.2606502105732322
25871,GOF,0.024862018327161596,0.8555611464052081,0.11957683526763031
25872,GOF,0.020693985504316156,0.8438762477414408,0.13542976675424312
25873,GOF,0.019721900804768565,0.864799838940353,0.11547826025487863
25874,LOF,0.016559145773842453,0.14530986252037387,0.8381309917057838
25875,LOF,0.03452428112967822,0.0337770637349572,0.9316986551353645
25876,LOF,0.014478187383977329,0.02727500973633595,0.9582468028796867
25877,LOF,0.12076829617042413,0.05981476825458725,0.8194169355749885
25878,LOF,0.05211500613799349,0.07728580673120704,0.8705991871307995
25879,LOF,0.022641272723746022,0.0609858421810752,0.9163728850951789
25880,LOF,0.04732075555675773,0.008474869131400324,0.944204375311842
25881,Neutral,0.5739561944173908,0.07676614818090927,0.34927765740169997
25882,LOF,0.021628997068600893,0.04970629477194226,0.9286647081594569
25883,LOF,0.05739830721964489,0.031468611850723305,0.9111330809296319
25884,LOF,0.012246121201367657,0.06422397664885891,0.9235299021497735
25885,LOF,0.19506332337363638,0.01020694881275421,0.7947297278136094
25886,LOF,0.20907604666303964,0.061859852190493225,0.7290641011464671
25887,LOF,0.14168327967700295,0.08410485267212431,0.7742118676508728
25888,LOF,0.013023760142332048,0.16143842766145997,0.8255378121962079
25889,LOF,0.01560012793926439,0.043264888807318824,0.9411349832534168
25890,LOF,0.12545763334984994,0.09305122725255292,0.7814911393975971
25891,LOF,0.04675945711105181,0.043709099898188795,0.9095314429907595
25892,LOF,0.011075343486096385,0.04460848174174995,0.9443161747721536
25893,LOF,0.39486454030569124,0.014112374824686033,0.5910230848696226
25894,LOF,0.44886968999535815,0.007465494572274277,0.5436648154323676
25895,LOF,0.3687601170740527,0.015269424804793768,0.6159704581211536
25896,LOF,0.04824676569915541,0.02946626053269243,0.922286973768152
25897,LOF,0.18498285229961975,0.014928147034509088,0.8000890006658712
25898,LOF,0.21769561867085108,0.038869848686636725,0.7434345326425122
25899,LOF,0.22536882167864394,0.031072408376789245,0.7435587699445669
25900,LOF,0.4851284649984266,0.013495449448666581,0.5013760855529069
25901,LOF,0.047518468936983235,0.012064890295681781,0.9404166407673349
25902,LOF,0.10168055674109862,0.019223405951671536,0.8790960373072298
25903,LOF,0.34525357484432734,0.03843668807778425,0.6163097370778884
25904,Neutral,0.48311083724413567,0.039358046611606336,0.477531116144258
25905,LOF,0.006677106351589001,0.43112284711602133,0.5622000465323896
25906,LOF,0.0070993061509881245,0.12633087415138236,0.8665698196976296
25907,LOF,0.0039040356072446033,0.38513923839877917,0.6109567259939762
25908,LOF,0.0035715440812110087,0.2732639429596592,0.7231645129591298
25909,LOF,0.015943017410031,0.15694724616918668,0.8271097364207822
25910,LOF,0.01780852679863762,0.13192169023338146,0.850269782967981
25911,LOF,0.18215522492442254,0.02640449660382271,0.7914402784717548
25912,LOF,0.07204147082570359,0.049119264576371335,0.878839264597925
25913,LOF,0.06004998340952226,0.05110424122813861,0.8888457753623392
25914,LOF,0.021021015936214728,0.062157399179356095,0.9168215848844292
25915,LOF,0.11033811678705023,0.2923456676569776,0.5973162155559721
25916,LOF,0.020491065668897385,0.18249298775604772,0.7970159465750549
25917,LOF,0.055772401152998544,0.04586154311784927,0.8983660557291522
25918,LOF,0.026042052312065325,0.0357638065822312,0.9381941411057035
25919,LOF,0.021616159047390275,0.03425334735584899,0.9441304935967607
25920,LOF,0.12136524444697573,0.22073965723731234,0.6578950983157119
25921,LOF,0.010293147150036609,0.03530234439119301,0.9544045084587705
25922,LOF,0.012876336274218745,0.027549987162252224,0.959573676563529
25923,LOF,0.39506433935022045,0.03655047184592532,0.5683851888038542
25924,LOF,0.01825366257275473,0.045564763490563015,0.9361815739366822
25925,LOF,0.0766653612331187,0.04624519941368466,0.8770894393531965
25926,LOF,0.05617839774663769,0.041040030618306605,0.9027815716350558
25927,LOF,0.021874019476337405,0.058517642539700924,0.9196083379839618
25928,LOF,0.007903712780206571,0.04930363328182179,0.9427926539379717
25929,LOF,0.4716066762404884,0.03387639339077399,0.49451693036873756
25930,LOF,0.08596655850737643,0.03091393011096253,0.8831195113816611
25931,LOF,0.00989138191301791,0.032501427087932966,0.9576071909990491
25932,LOF,0.03530661205415652,0.02903034903167527,0.9356630389141682
25933,LOF,0.04181533992396966,0.01832627882444939,0.9398583812515809
25934,LOF,0.02857813153126002,0.019277016013354156,0.9521448524553859
25935,LOF,0.07428866163193627,0.055424063265884366,0.8702872751021793
25936,LOF,0.042532871077146955,0.02045175064235585,0.9370153782804972
25937,LOF,0.009581089766348297,0.03604145052531644,0.9543774597083352
25938,LOF,0.06770312690024903,0.06019579237234082,0.8721010807274102
25939,LOF,0.03389490213450799,0.02270552084244265,0.9433995770230493
25940,LOF,0.009393766190425966,0.35188205549263696,0.6387241783169371
25941,Neutral,0.5333927009321069,0.026589315191288862,0.4400179838766041
25942,LOF,0.00532216414138491,0.04369273465942496,0.9509851011991902
25943,LOF,0.0322424499757279,0.1353380143148599,0.8324195357094122
25944,LOF,0.11347020970366552,0.07161306976893923,0.8149167205273954
25945,LOF,0.05870338459928733,0.018931357129539483,0.9223652582711732
25946,LOF,0.0656275703096096,0.05723914352954717,0.8771332861608433
25947,Neutral,0.5158590093640752,0.08254920568455835,0.4015917849513665
25948,LOF,0.33353907783120595,0.009879855413320794,0.6565810667554732
25949,LOF,0.09615193875243651,0.05570760578125787,0.8481404554663057
25950,GOF,0.050819613780277814,0.5710495255089045,0.37813086071081775
25951,LOF,0.015565697467944855,0.3955047179660081,0.588929584566047
25952,LOF,0.28483852218736744,0.289508709140356,0.42565276867227664
25953,LOF,0.012242391453553745,0.17595521541010614,0.8118023931363401
25954,LOF,0.051755308498669224,0.42201296156331486,0.5262317299380159
25955,LOF,0.01067124687726995,0.15666862479462523,0.8326601283281049
25956,LOF,0.02634239910812855,0.299729080290541,0.6739285206013303
25957,LOF,0.20428497607442908,0.031327057103131314,0.7643879668224396
25958,LOF,0.05424537419612462,0.03138715818624849,0.9143674676176269
25959,LOF,0.01212649335404733,0.48987852487473366,0.4979949817712191
25960,LOF,0.006215500395832744,0.056376274651951934,0.9374082249522154
25961,LOF,0.05299267431426019,0.03061851067099885,0.916388815014741
25962,LOF,0.03174427384697231,0.08620469585277703,0.8820510303002507
25963,LOF,0.005119729326305306,0.2668821885757327,0.7279980820979621
25964,LOF,0.029786021533893974,0.11543965752910035,0.8547743209370057
25965,LOF,0.3106904804659054,0.14284688454940322,0.5464626349846913
25966,Neutral,0.4315467903552765,0.16513713072172778,0.40331607892299576
25967,LOF,0.006407385274070336,0.08048547945712207,0.9131071352688077
25968,LOF,0.041712711832883324,0.294165667915538,0.6641216202515786
25969,LOF,0.1238385852512797,0.08288957702548178,0.7932718377232385
25970,LOF,0.01875216385888625,0.0944674407734374,0.8867803953676764
25971,LOF,0.06767675860226324,0.03065085485814377,0.9016723865395929
25972,LOF,0.057772910032960534,0.0427995119034861,0.8994275780635533
25973,LOF,0.05700498409178833,0.011323162073092115,0.9316718538351195
25974,LOF,0.040902134704855944,0.03688428492229077,0.9222135803728532
25975,LOF,0.04496113138187948,0.026170977133095418,0.9288678914850252
25976,LOF,0.11354462707554643,0.012589840309674848,0.8738655326147788
25977,LOF,0.19895551911005876,0.06015512025437723,0.740889360635564
25978,LOF,0.13236626018491843,0.1317242113997681,0.7359095284153134
25979,LOF,0.1190834671099886,0.1313175094390156,0.7495990234509957
25980,LOF,0.2325376354008554,0.1561144901448825,0.6113478744542622
25981,LOF,0.23339337911245653,0.15697043106431915,0.6096361898232243
25982,LOF,0.36851981081755875,0.09964603731717608,0.5318341518652652
25983,LOF,0.3510741384531813,0.1131125664933954,0.5358132950534232
25984,LOF,0.03649512852888068,0.06959941898888358,0.8939054524822357
25985,LOF,0.4097486093667628,0.12807121417069642,0.4621801764625408
25986,LOF,0.011108360695919377,0.44719992475954595,0.5416917145445347
25987,LOF,0.03841360180773542,0.11448251733771472,0.8471038808545498
25988,LOF,0.13977523870150738,0.12890039329911004,0.7313243679993826
25989,LOF,0.041103681032801806,0.17348460450695644,0.7854117144602417
25990,LOF,0.042583281800045746,0.25740480840366425,0.7000119097962899
25991,LOF,0.02187526726830437,0.372522386736216,0.6056023459954796
25992,LOF,0.023977247863110684,0.3678169331001643,0.608205819036725
25993,LOF,0.02180049379684266,0.08360365868522039,0.8945958475179371
25994,LOF,0.017159926683879247,0.08052078564500291,0.9023192876711177
25995,LOF,0.018919299409235087,0.16249923821018755,0.8185814623805773
25996,LOF,0.3195598467620562,0.30719158864687973,0.3732485645910641
25997,LOF,0.08175969645526539,0.35289698842232003,0.5653433151224145
25998,LOF,0.29262574777105066,0.05348910487988048,0.6538851473490688
25999,LOF,0.020768909849744634,0.24191485032101898,0.7373162398292364
26000,LOF,0.14284800343535425,0.03508971306222013,0.8220622835024255
26001,LOF,0.29462620700604686,0.027100102259322235,0.6782736907346308
26002,LOF,0.06899725444069306,0.05086272304906221,0.8801400225102447
26003,GOF,0.0035587787382167376,0.6130149266073104,0.3834262946544727
26004,GOF,0.006364101264972701,0.7241868231732219,0.26944907556180536
26005,GOF,0.0028495779958831644,0.5264823110399396,0.4706681109641772
26006,GOF,0.0788438676058042,0.6415183811042162,0.2796377512899794
26007,GOF,0.0055047360441399466,0.6056265959717775,0.3888686679840825
26008,GOF,0.005365721431967076,0.684232170057458,0.3104021085105751
26009,GOF,0.0062166266086829194,0.7036512894613619,0.2901320839299552
26010,GOF,0.0066539973689632706,0.7054941287541943,0.28785187387684263
26011,GOF,0.002593056685855134,0.5147932777865687,0.4826136655275762
26012,GOF,0.003572802417042448,0.574589968808926,0.4218372287740316
26013,GOF,0.004844786410544684,0.6429378660715385,0.35221734751791695
26014,LOF,0.039668964848961964,0.10041442220084132,0.8599166129501967
26015,LOF,0.11463235272772483,0.017953448582147903,0.8674141986901274
26016,LOF,0.2473622844971143,0.035410941064133124,0.7172267744387526
26017,LOF,0.022124324762472402,0.1847327479188458,0.7931429273186817
26018,LOF,0.05180256980985368,0.0363666566601704,0.9118307735299759
26019,LOF,0.05114563388059119,0.031219993519760465,0.9176343725996483
26020,LOF,0.008911014647800914,0.22408225236547105,0.7670067329867281
26021,LOF,0.06879338830049973,0.07729721301644091,0.8539093986830594
26022,LOF,0.027971840906967783,0.02403735167102947,0.9479908074220027
26023,LOF,0.04143125307661245,0.021871698687439038,0.9366970482359485
26024,LOF,0.04299443115988278,0.06674100169466288,0.8902645671454544
26025,LOF,0.05346763251515766,0.07245050805252574,0.8740818594323166
26026,LOF,0.09513264285118032,0.05190452798603166,0.852962829162788
26027,LOF,0.04554662283205972,0.01789497348262451,0.9365584036853157
26028,LOF,0.08254931381540255,0.13737276162331843,0.7800779245612791
26029,LOF,0.03217215726131955,0.20764651887841806,0.7601813238602624
26030,LOF,0.15838823747403946,0.03172082650188976,0.8098909360240708
26031,LOF,0.016008934783459258,0.16126519620557417,0.8227258690109666
26032,LOF,0.06925966352715239,0.07853881764213709,0.8522015188307106
26033,LOF,0.08389852515700463,0.0730039846666338,0.8430974901763616
26034,LOF,0.014888992391885379,0.17929747747013053,0.8058135301379841
26035,LOF,0.013765314491556048,0.13416049412549433,0.8520741913829496
26036,LOF,0.015335518435936623,0.16188239081991984,0.8227820907441435
26037,LOF,0.012769902506163706,0.11662321148795991,0.8706068860058764
26038,LOF,0.0589409332641669,0.07078082807945114,0.8702782386563819
26039,LOF,0.02472714009295345,0.16541292847602215,0.8098599314310244
26040,LOF,0.11619872007668243,0.16175887953154508,0.7220424003917726
26041,LOF,0.014680076226974554,0.10374467219346424,0.8815752515795612
26042,LOF,0.013278811425338051,0.10690679138044422,0.8798143971942178
26043,LOF,0.05705352935123978,0.09327680918441439,0.849669661464346
26044,LOF,0.01264196151926399,0.06982713404158228,0.9175309044391539
26045,LOF,0.05386333394475987,0.12213332607963479,0.8240033399756054
26046,LOF,0.050410273665783205,0.07282456599739877,0.8767651603368181
26047,LOF,0.08153243146329506,0.07151997678456072,0.8469475917521443
26048,LOF,0.052402662501594546,0.05015178389038953,0.897445553608016
26049,Neutral,0.9606622541406099,0.0070297506945687155,0.03230799516482136
26050,Neutral,0.9445742606430236,0.007421154635115934,0.04800458472186026
26051,LOF,0.013490702153096319,0.1672960079839308,0.819213289862973
26052,LOF,0.020218509690485307,0.22840154732270096,0.7513799429868137
26053,LOF,0.02065330910481733,0.133755050507675,0.8455916403875077
26054,LOF,0.05019268498944692,0.019874150989581393,0.9299331640209718
26055,LOF,0.056741039246268055,0.020988370974992225,0.9222705897787397
26056,LOF,0.05040016938879074,0.02570784704506011,0.9238919835661491
26057,LOF,0.030909659752223196,0.015177139144626506,0.9539132011031503
26058,LOF,0.03154390836266915,0.013381416364446208,0.9550746752728846
26059,LOF,0.3247190972867163,0.026214488595529765,0.649066414117754
26060,LOF,0.010628915534906224,0.18426009065197543,0.8051109938131183
26061,LOF,0.0049357159607948,0.0162837514825409,0.9787805325566643
26062,LOF,0.00393201645416007,0.022650130065293924,0.973417853480546
26063,LOF,0.022238769961129785,0.01279673998394746,0.9649644900549227
26064,LOF,0.006367533800095756,0.02878941391077526,0.964843052289129
26065,LOF,0.025231094038393652,0.013824320577556474,0.9609445853840499
26066,LOF,0.02374322508014621,0.012725235592321263,0.9635315393275325
26067,LOF,0.028150859667644974,0.011307057826747407,0.9605420825056075
26068,LOF,0.04155965146864455,0.04023364235938075,0.9182067061719746
26069,LOF,0.298425663994128,0.025832100516824753,0.6757422354890472
26070,LOF,0.4454834810760264,0.019616711779062098,0.5348998071449115
26071,LOF,0.023598684856477203,0.012990538831216095,0.9634107763123068
26072,LOF,0.005615534606923679,0.026380299674229217,0.9680041657188471
26073,LOF,0.02185169216550015,0.01563876056359224,0.9625095472709075
26074,Neutral,0.9179607830442535,0.007434496956735258,0.07460471999901121
26075,LOF,0.040657670381457955,0.018252235876165628,0.9410900937423764
26076,LOF,0.03348848960080078,0.012641584956145613,0.9538699254430536
26077,LOF,0.11522177434875078,0.010007215733559354,0.8747710099176897
26078,LOF,0.005277004235694326,0.018307946864053033,0.9764150489002528
26079,LOF,0.05358382354166982,0.021139456167537613,0.9252767202907926
26080,LOF,0.05214197469804172,0.021165365364933214,0.9266926599370251
26081,LOF,0.028417937964463038,0.009678552008934596,0.9619035100266025
26082,LOF,0.004592711754294514,0.01826834795990368,0.9771389402858018
26083,LOF,0.11016523265820058,0.021042090699935154,0.8687926766418643
26084,LOF,0.04129340834266565,0.016595270242503884,0.9421113214148304
26085,LOF,0.03747924951190116,0.014777500585374885,0.9477432499027238
26086,LOF,0.023139353232820733,0.013939096783919754,0.9629215499832594
26087,LOF,0.02160219835571471,0.011891704639693763,0.9665060970045914
26088,LOF,0.005620232780971059,0.023435364528718115,0.9709444026903109
26089,LOF,0.03756244136888046,0.024554367250933094,0.9378831913801865
26090,LOF,0.03736585481669695,0.020120023629650208,0.9425141215536529
26091,LOF,0.028363806428698846,0.008738406536818339,0.9628977870344827
26092,LOF,0.023174426658428143,0.009786883705442367,0.9670386896361295
26093,LOF,0.039659335920038716,0.00797423021453373,0.9523664338654275
26094,LOF,0.03265103447728725,0.007804691475504683,0.9595442740472081
26095,LOF,0.018916395661216147,0.020939955332187555,0.9601436490065962
26096,LOF,0.1730221120984823,0.007390845190155413,0.8195870427113622
26097,LOF,0.004541681600442306,0.0415861663938244,0.9538721520057334
26098,LOF,0.0724346558858418,0.01985101189582861,0.9077143322183295
26099,LOF,0.02243834033922357,0.016874341000713527,0.9606873186600629
26100,LOF,0.022433568808299244,0.01687442336527756,0.9606920078264232
26101,LOF,0.05064046497887988,0.02268050155474154,0.9266790334663787
26102,LOF,0.02095606066828892,0.01662598270664445,0.9624179566250666
26103,Neutral,0.834538893508119,0.026093513431294152,0.13936759306058671
26104,LOF,0.06430574146346253,0.028178291574926597,0.907515966961611
26105,LOF,0.22533575927983118,0.18368328227474415,0.5909809584454248
26106,LOF,0.34031133954413767,0.1359360750880695,0.5237525853677928
26107,LOF,0.02047028665435294,0.12439179101759551,0.8551379223280516
26108,LOF,0.3433970740400486,0.04421772706868719,0.6123851988912642
26109,LOF,0.03647273509474737,0.06343220979284372,0.9000950551124091
26110,LOF,0.20795275894560242,0.007273796163293927,0.7847734448911036
26111,LOF,0.06998930942144378,0.0750329914247742,0.8549776991537821
26112,LOF,0.03628533013714713,0.007922183708717969,0.9557924861541349
26113,LOF,0.0562255562151254,0.017210354948186866,0.9265640888366878
26114,LOF,0.07480482120349036,0.01218780934708908,0.9130073694494206
26115,LOF,0.01591227853979496,0.07112741694423974,0.9129603045159653
26116,LOF,0.10495465851146504,0.044032206486444445,0.8510131350020905
26117,LOF,0.39188621891738085,0.03514561279524294,0.5729681682873763
26118,LOF,0.03175517963401371,0.016851391456319604,0.9513934289096666
26119,LOF,0.004711015331607962,0.03842134249813698,0.956867642170255
26120,LOF,0.02719663084329669,0.01615188684502885,0.9566514823116745
26121,LOF,0.003960349021014727,0.1319577865598051,0.8640818644191802
