feature0,prediction,LoGoFunc_Neutral,LoGoFunc_GOF,LoGoFunc_LOF
25546,Neutral,0.7429175881112958,0.03708564313047661,0.21999676875822752
25547,Neutral,0.6035193751507152,0.07976240662360039,0.31671821822568447
25548,Neutral,0.5663935136588807,0.06025427567549019,0.37335221066562907
25549,Neutral,0.48145759126142096,0.059582224789482004,0.458960183949097
25550,LOF,0.31628790671146095,0.10937337014057763,0.5743387231479614
25551,LOF,0.27584520664231515,0.1201358794378783,0.6040189139198066
25552,LOF,0.20205706846847105,0.11484703454998424,0.6830958969815447
25553,Neutral,0.8283084053965502,0.03215617968649761,0.13953541491695232
25554,LOF,0.22742107469702583,0.11036038624624538,0.6622185390567288
25555,LOF,0.19013574180045548,0.09330241076553927,0.7165618474340053
25556,LOF,0.37457809269475606,0.09811294709065475,0.5273089602145891
25557,LOF,0.18861007093188403,0.10136468395008152,0.7100252451180343
25558,LOF,0.2208617342742209,0.11462918902098454,0.6645090767047945
25559,LOF,0.4019521967444554,0.07337593188842836,0.5246718713671161
25560,LOF,0.0488370847391294,0.1729024544078686,0.7782604608530019
25561,LOF,0.11380159092004621,0.19617314920674578,0.690025259873208
25562,LOF,0.1035858448777167,0.07893321146498157,0.8174809436573018
25563,LOF,0.0992751242322514,0.08876434929444584,0.8119605264733027
25564,LOF,0.18634656661567223,0.16083102118317474,0.652822412201153
25565,LOF,0.1592859723527768,0.11216227403572061,0.7285517536115026
25566,GOF,0.01673662167949426,0.750576713259418,0.23268666506108773
25567,LOF,0.012097568884419143,0.15540143655365554,0.8325009945619253
25568,LOF,0.05032651950564022,0.07293858114171564,0.8767348993526441
25569,LOF,0.06352923367359246,0.07833985791221795,0.8581309084141895
25570,LOF,0.055979907716086,0.10586170875479399,0.83815838352912
25571,LOF,0.05141367625811506,0.10435654989943455,0.8442297738424503
25572,LOF,0.06270427076408085,0.14528331718246865,0.7920124120534505
25573,LOF,0.026457614758907913,0.10562507390692571,0.8679173113341664
25574,LOF,0.014975028245086617,0.17690706270008352,0.8081179090548299
25575,LOF,0.04113464679303126,0.12547964488348193,0.8333857083234868
25576,LOF,0.01735631733138559,0.13439645259250008,0.8482472300761144
25577,LOF,0.013156929468852423,0.1449374102181336,0.841905660313014
25578,LOF,0.2293192817813216,0.09882149818227315,0.6718592200364052
25579,LOF,0.22972239505968758,0.09797338173077248,0.6723042232095399
25580,LOF,0.029582062845172705,0.08610002665636622,0.884317910498461
25581,LOF,0.054825583137774136,0.07907583346498394,0.866098583397242
25582,LOF,0.054509984181571894,0.07621299215165304,0.8692770236667751
25583,LOF,0.04379820356804725,0.10340899647388246,0.8527927999580702
25584,Neutral,0.4831780789275797,0.1043128849931637,0.4125090360792566
25585,LOF,0.03228623066217411,0.11654412241640695,0.8511696469214189
25586,LOF,0.03044223026207196,0.09025570879212738,0.8793020609458005
25587,LOF,0.0285931202267662,0.08459545896883759,0.8868114208043961
25588,LOF,0.030439664945459993,0.10560907928603952,0.8639512557685004
25589,Neutral,0.5965704831033924,0.13440630096428927,0.2690232159323183
25590,LOF,0.02697611062722988,0.13927350426417717,0.833750385108593
25591,LOF,0.11258241860595702,0.06758662960469806,0.819830951789345
25592,LOF,0.08413288143069911,0.14916216910979913,0.7667049494595018
25593,LOF,0.019692599840789762,0.2831793790542943,0.697128021104916
25594,LOF,0.03520958356624803,0.24431755045987288,0.7204728659738792
25595,LOF,0.05276110652729103,0.20668325409569857,0.7405556393770105
25596,LOF,0.06390844018522451,0.0937246717485084,0.8423668880662671
25597,LOF,0.04799850603423978,0.09494394265794037,0.8570575513078198
25598,LOF,0.045964154485266764,0.23084279349262313,0.7231930520221101
25599,GOF,0.009473268741092784,0.8091991796163838,0.18132755164252337
25600,GOF,0.012661726572718638,0.5835837229088121,0.40375455051846926
25601,GOF,0.007190969503792836,0.4975868137067612,0.4952222167894459
25602,LOF,0.024542935491544966,0.04909451663029858,0.9263625478781564
25603,LOF,0.050248304822294546,0.0393055471024567,0.9104461480752488
25604,LOF,0.05508612272802038,0.04317720968675479,0.9017366675852249
25605,LOF,0.013449668773011235,0.2297991581299087,0.7567511730970801
25606,LOF,0.08896268131388188,0.42733563213515907,0.48370168655095896
25607,LOF,0.005352277503707127,0.15474013047403773,0.8399075920222553
25608,LOF,0.05742733424789602,0.05009362234677305,0.8924790434053309
25609,LOF,0.03616191402351778,0.357896574109759,0.6059415118667233
25610,LOF,0.039970919832529504,0.03461634140395878,0.9254127387635117
25611,LOF,0.04196052226135498,0.032507426582451995,0.9255320511561931
25612,LOF,0.11192508111987735,0.053701509008720144,0.8343734098714025
25613,LOF,0.09762052185198138,0.053499714033824225,0.8488797641141943
25614,LOF,0.029751657652780126,0.04854196354612852,0.9217063788010913
25615,LOF,0.054772395413381234,0.038986507197033185,0.9062410973895855
25616,LOF,0.03193917318302386,0.040895286173085854,0.9271655406438902
25617,LOF,0.02966846918370835,0.048175521333575444,0.9221560094827161
25618,LOF,0.1889695402568203,0.04763742515514593,0.7633930345880338
25619,LOF,0.028457429646505106,0.04074632114201936,0.9307962492114755
25620,LOF,0.03363215229933468,0.05210188234620272,0.9142659653544627
25621,LOF,0.031197502884762824,0.03761528698169027,0.931187210133547
25622,LOF,0.035832482472656385,0.05065537136892733,0.9135121461584162
25623,LOF,0.0787754982368972,0.03552630152303313,0.8856982002400696
25624,LOF,0.026363565277204928,0.050427513113322005,0.923208921609473
25625,LOF,0.036481278292731074,0.052534704683674605,0.9109840170235942
25626,LOF,0.08180927072229212,0.03926768523198509,0.8789230440457229
25627,Neutral,0.5510210130039154,0.15017464946686312,0.2988043375292214
25628,LOF,0.18135924929055963,0.07558066801908338,0.743060082690357
25629,LOF,0.0710563416557414,0.1363215489581004,0.7926221093861583
25630,LOF,0.15310930303376624,0.12744782449154626,0.7194428724746876
25631,Neutral,0.5645999668846761,0.11084674272675302,0.32455329038857095
25632,LOF,0.022998131137487943,0.08333238168510913,0.893669487177403
25633,LOF,0.21420001034440594,0.08921206278540976,0.6965879268701842
25634,LOF,0.03592248502775316,0.11264617078835382,0.8514313441838931
25635,LOF,0.033397821663639235,0.09512914922904266,0.8714730291073182
25636,GOF,0.005117447292555793,0.5714022801403035,0.4234802725671409
25637,GOF,0.0044435567190149695,0.5118768966115459,0.4836795466694392
25638,LOF,0.009403196367814655,0.4496776955960793,0.5409191080361061
25639,LOF,0.005022210679218725,0.4024130065219265,0.5925647827988548
25640,GOF,0.4551999782713663,0.5049277643684956,0.039872257360138025
25641,LOF,0.006690750524880894,0.37648777814597145,0.6168214713291476
25642,LOF,0.24387532682169683,0.09445532496001986,0.6616693482182833
25643,LOF,0.229574585173274,0.2676655113620715,0.5027599034646545
25644,LOF,0.020713684796347793,0.44889499135971467,0.5303913238439375
25645,LOF,0.02079835537164327,0.3814380917679111,0.5977635528604456
25646,LOF,0.021349435544870513,0.24112087658264894,0.7375296878724805
25647,LOF,0.019451413363481416,0.1941331274540374,0.7864154591824812
25648,LOF,0.016935597144187985,0.21104137620206462,0.7720230266537474
25649,LOF,0.014919703429445905,0.1580765180496225,0.8270037785209315
25650,LOF,0.03767607101371332,0.4499461570128999,0.5123777719733867
25651,LOF,0.01232403739356349,0.20524403457935117,0.7824319280270854
25652,LOF,0.021676231907240353,0.19274847131922251,0.7855752967735372
25653,LOF,0.0924787599588026,0.3269115739189854,0.580609666122212
25654,LOF,0.016324441368674114,0.15950812075734022,0.8241674378739857
25655,LOF,0.12469243368103218,0.23950476030448242,0.6358028060144855
25656,LOF,0.05473967919293606,0.05483595875055377,0.8904243620565102
25657,LOF,0.258035456391979,0.027913728077465172,0.7140508155305558
25658,LOF,0.036492462548718324,0.07620940239786779,0.8872981350534138
25659,LOF,0.24985894631942066,0.049622499543343045,0.7005185541372363
25660,LOF,0.07287049200852315,0.1106563301171729,0.816473177874304
25661,LOF,0.05113402627497864,0.07870898639829474,0.8701569873267266
25662,LOF,0.028230269593663548,0.047346728029756646,0.9244230023765798
25663,LOF,0.03719862716591354,0.07958917843647144,0.8832121943976151
25664,LOF,0.03594306732970114,0.09170157353574314,0.8723553591345559
25665,LOF,0.05198626305240835,0.052018593085764425,0.8959951438618272
25666,LOF,0.03714120641877258,0.1411431462858024,0.821715647295425
25667,LOF,0.028017159137680953,0.0673074380180581,0.9046754028442611
25668,LOF,0.034901539704395135,0.0645937926269378,0.9005046676686671
25669,LOF,0.03955133820888205,0.09831217770858179,0.8621364840825361
25670,LOF,0.14208621390360185,0.07433098593513507,0.783582800161263
25671,LOF,0.037818651321701965,0.05689708569143446,0.9052842629868636
25672,LOF,0.06277279888988566,0.07644819605049477,0.8607790050596195
25673,LOF,0.04122471063511246,0.07037578639747477,0.8883995029674128
25674,LOF,0.03051653611331842,0.08246743727276806,0.8870160266139135
25675,LOF,0.03948030788699801,0.06521144343057209,0.89530824868243
25676,LOF,0.029804307876979613,0.06750492589931502,0.9026907662237054
25677,LOF,0.05606468920147521,0.06964067074539307,0.8742946400531316
25678,LOF,0.23917963889995325,0.05352394255616486,0.7072964185438818
25679,LOF,0.1477651606559008,0.07685654766415065,0.7753782916799484
25680,LOF,0.06040311381623226,0.10072686700235804,0.8388700191814097
25681,LOF,0.10297439797548893,0.0934186206845059,0.8036069813400051
25682,LOF,0.039686381394768475,0.08001945728794893,0.8802941613172826
25683,LOF,0.06532595141551084,0.10000276052676592,0.8346712880577233
25684,LOF,0.04713026968442859,0.07663510983005731,0.876234620485514
25685,LOF,0.11632042616232117,0.033687826715058405,0.8499917471226205
25686,LOF,0.032786170101037765,0.08623771210823823,0.880976117790724
25687,LOF,0.06455226898133883,0.08201490231460652,0.8534328287040547
25688,LOF,0.026365673711506905,0.1402127123827326,0.8334216139057604
25689,LOF,0.02046881376074789,0.0786787181839359,0.9008524680553163
25690,LOF,0.018252031905156296,0.10203546477000251,0.8797125033248412
25691,LOF,0.17598465949226286,0.15252274181560027,0.6714925986921368
25692,LOF,0.26444194904927704,0.01912925732421018,0.7164287936265128
25693,LOF,0.046553867882807576,0.16493445448892055,0.788511677628272
25694,LOF,0.25792283680744466,0.013137053281329952,0.7289401099112255
25695,LOF,0.18166291227994003,0.018160554371171662,0.8001765333488884
25696,LOF,0.16267024578189768,0.010296031813399808,0.8270337224047025
25697,LOF,0.12332193204757816,0.02959137594070735,0.8470866920117145
25698,LOF,0.030463656750394915,0.3175429401100442,0.651993403139561
25699,LOF,0.06809151609240094,0.08494805565372628,0.8469604282538729
25700,LOF,0.027993457905497336,0.013757993514085043,0.9582485485804175
25701,LOF,0.012359805238405323,0.08967687491495988,0.8979633198466348
25702,GOF,0.02273030014406211,0.7435877293187887,0.23368197053714918
25703,LOF,0.016859665033829352,0.20863232704326737,0.7745080079229033
25704,LOF,0.0897851078115551,0.17828005706370245,0.7319348351247426
25705,LOF,0.06692610233746422,0.2917168078901832,0.6413570897723525
25706,GOF,0.0312533399878397,0.5920241680538032,0.3767224919583571
25707,GOF,0.028359577145836087,0.6148937666006067,0.3567466562535572
25708,GOF,0.006600277365162842,0.6106831270836088,0.3827165955512283
25709,LOF,0.019014804772036892,0.10371004392535152,0.8772751513026116
25710,LOF,0.006084468921931287,0.22590644566086773,0.768009085417201
25711,LOF,0.02135957600194604,0.15767408473780417,0.8209663392602496
25712,LOF,0.006976275593289372,0.2921065292541431,0.7009171951525675
25713,LOF,0.019001739361419922,0.139448465322463,0.8415497953161172
25714,LOF,0.021125266227486988,0.1858626682742554,0.7930120654982576
25715,LOF,0.02040462810743266,0.17185904045670525,0.807736331435862
25716,LOF,0.011664188878229485,0.14537398267840537,0.8429618284433652
25717,LOF,0.005050080968729358,0.16239102852616363,0.8325588905051069
25718,LOF,0.02023219600770584,0.10863458210172316,0.871133221890571
25719,LOF,0.03524969433290291,0.12822735463076207,0.836522951036335
25720,LOF,0.0297730468988547,0.12697036576753,0.8432565873336152
25721,LOF,0.023477857978495557,0.12221153697710715,0.8543106050443974
25722,LOF,0.015772582418397997,0.16849504064351342,0.8157323769380885
25723,LOF,0.022696759612104767,0.10967432065069223,0.8676289197372029
25724,LOF,0.025489878896295108,0.19143698249196983,0.7830731386117351
25725,LOF,0.021034679574796815,0.11132041015503051,0.8676449102701727
25726,LOF,0.015367115275686554,0.14615774966724326,0.8384751350570703
25727,LOF,0.021604488001686524,0.12973479804711172,0.8486607139512018
25728,LOF,0.021085395594166792,0.13590491908242092,0.8430096853234124
25729,LOF,0.019950068076232993,0.14718031239210116,0.8328696195316658
25730,LOF,0.023012396908282332,0.10289802503849559,0.8740895780532221
25731,LOF,0.008535581957129787,0.22000513030989127,0.7714592877329789
25732,LOF,0.01905290740053128,0.12336301333394352,0.8575840792655252
25733,LOF,0.028774120136439773,0.12017217769149992,0.8510537021720604
25734,LOF,0.006839076933015592,0.2733161649913788,0.7198447580756057
25735,LOF,0.02146078630302154,0.10265932439609585,0.8758798893008827
25736,LOF,0.019200221085524348,0.15697575408461992,0.8238240248298557
25737,LOF,0.03686478101767502,0.15689311098019243,0.8062421080021326
25738,LOF,0.020773072867814213,0.19065894350771562,0.7885679836244702
25739,LOF,0.023725984466818017,0.1686663823821628,0.8076076331510191
25740,LOF,0.04895021635887052,0.18367153845964407,0.7673782451814853
25741,LOF,0.026516614923287617,0.15680365034558874,0.8166797347311237
25742,LOF,0.04144548570835079,0.1643490168595397,0.7942054974321094
25743,LOF,0.010279164981994384,0.029607583205542444,0.9601132518124632
25744,LOF,0.15668353152248718,0.31311344973898425,0.5302030187385285
25745,LOF,0.027774457134205364,0.1126767896912909,0.8595487531745036
25746,LOF,0.012832327926452454,0.16738485980044454,0.8197828122731031
25747,LOF,0.03444520447838588,0.030043341878975408,0.9355114536426387
25748,LOF,0.2627887898785437,0.054259098053992094,0.6829521120674642
25749,LOF,0.01087409348004547,0.09398874949284705,0.8951371570271074
25750,LOF,0.017501208440055725,0.09291805929191006,0.8895807322680342
25751,LOF,0.04844543614156397,0.04896273573434498,0.9025918281240911
25752,GOF,0.08678223812862136,0.7101941981549659,0.20302356371641275
25753,LOF,0.006698772079908188,0.3455140340731249,0.6477871938469668
25754,GOF,0.0071820793138117735,0.8662922369125654,0.12652568377362286
25755,LOF,0.007047137458966691,0.401760356226104,0.5911925063149293
25756,LOF,0.031186230506156057,0.43451068558823214,0.5343030839056119
25757,GOF,0.006836053599076228,0.8680780219106526,0.12508592449027106
25758,GOF,0.008642631860475255,0.865153687031371,0.12620368110815386
25759,GOF,0.006130133651545031,0.6003520279709531,0.39351783837750187
25760,LOF,0.005602029143294974,0.289996919400961,0.704401051455744
25761,GOF,0.0560305619805369,0.8407500164307854,0.10321942158867774
25762,LOF,0.029370566662050505,0.360645628002266,0.6099838053356834
25763,LOF,0.006440617663983306,0.2407574412322256,0.752801941103791
25764,GOF,0.0669658232294235,0.6143559676314676,0.31867820913910877
25765,GOF,0.008516279169446932,0.8574056499256085,0.13407807090494464
25766,GOF,0.03582103990326959,0.8172511761278352,0.14692778396889516
25767,GOF,0.014244541518679708,0.5489936845526843,0.4367617739286361
25768,LOF,0.04599466136752682,0.06292283315274393,0.8910825054797293
25769,LOF,0.025590896478099787,0.06905688716262631,0.905352216359274
25770,LOF,0.14604562316043498,0.057773911533678446,0.7961804653058866
25771,LOF,0.014016843091764219,0.0490995302185829,0.9368836266896529
25772,LOF,0.025148098566442845,0.02214375789960934,0.9527081435339478
25773,LOF,0.020081140645618775,0.04606361639372254,0.9338552429606586
25774,LOF,0.029933443259548845,0.08888128267893057,0.8811852740615205
25775,LOF,0.02310196862295004,0.030497857586961694,0.9464001737900883
25776,LOF,0.026777592768618113,0.019663012979414373,0.9535593942519675
25777,LOF,0.1609218500424269,0.05515195409947709,0.783926195858096
25778,LOF,0.01900068269289247,0.04427100812691435,0.9367283091801931
25779,GOF,0.03152344813011169,0.910187581946799,0.05828896992308917
25780,GOF,0.06734298031630893,0.8888417759339766,0.04381524374971445
25781,GOF,0.03022446600949243,0.8787330664447451,0.09104246754576245
25782,GOF,0.030674656607479367,0.9071385239610177,0.06218681943150299
25783,GOF,0.02771588339917166,0.9307395850964413,0.04154453150438701
25784,GOF,0.07584560475922099,0.8821355383333251,0.04201885690745385
25785,GOF,0.08875750141152694,0.8767758991039366,0.034466599484536446
25786,GOF,0.009042951132247713,0.8894597986411293,0.10149725022662295
25787,GOF,0.1838203515858626,0.7751367107174248,0.04104293769671256
25788,LOF,0.015713870474862408,0.18494803143405708,0.7993380980910806
25789,GOF,0.015715625691396017,0.8726505789529216,0.11163379535568242
25790,GOF,0.019676591353753402,0.9034852131435542,0.07683819550269237
25791,GOF,0.02128067042866035,0.7932018511390435,0.18551747843229624
25792,GOF,0.023881071616356355,0.8306091483462817,0.1455097800373619
25793,GOF,0.07211045339390423,0.8534726288019318,0.07441691780416397
25794,GOF,0.05298256959035268,0.7806560951107987,0.16636133529884867
25795,GOF,0.04576127542222936,0.7607775398785119,0.1934611846992587
25796,GOF,0.08358262511034735,0.837371844422746,0.0790455304669066
25797,GOF,0.07336956416195586,0.7736697611778129,0.15296067466023122
25798,GOF,0.005294697807885559,0.7550577165621646,0.23964758562994973
25799,GOF,0.004002263567185951,0.707942951206593,0.2880547852262211
25800,GOF,0.025882747041779317,0.8410745227141437,0.1330427302440771
25801,GOF,0.018627543703698127,0.912275267575962,0.06909718872033992
25802,GOF,0.02561311596354021,0.8384858024433617,0.1359010815930981
25803,GOF,0.018296144443597177,0.7378337579475298,0.243870097608873
25804,GOF,0.02783490638590093,0.7935405526377913,0.17862454097630764
25805,GOF,0.023043184840328534,0.8158206763843011,0.16113613877537025
25806,GOF,0.025934741509631636,0.8164486031631291,0.15761665532723926
25807,GOF,0.008117756219892002,0.7670739217625934,0.22480832201751466
25808,GOF,0.015248112083430139,0.7836889955198886,0.20106289239668132
25809,GOF,0.010365143384067873,0.7351033172175436,0.2545315393983886
25810,GOF,0.008650607927306122,0.7176419853230895,0.27370740674960425
25811,GOF,0.043554480908154024,0.8883580500857515,0.0680874690060945
25812,GOF,0.02829299537447035,0.8081203321263823,0.16358667249914732
25813,GOF,0.1151013302877796,0.8166388447879973,0.06825982492422293
25814,GOF,0.03087269375599921,0.8138672020705718,0.155260104173429
25815,GOF,0.06003406531294407,0.8429193119644576,0.09704662272259831
25816,GOF,0.010052851215395188,0.8766766515723736,0.11327049721223109
25817,GOF,0.0995138727461329,0.8123660941223788,0.08812003313148817
25818,GOF,0.022694400140681623,0.8074100645647234,0.16989553529459508
25819,GOF,0.051919091525134485,0.7790695028017315,0.16901140567313394
25820,GOF,0.03284907528182317,0.7367391117229626,0.23041181299521418
25821,GOF,0.02366517676854537,0.7602544410794163,0.2160803821520382
25822,GOF,0.0461025840121805,0.7640171331137715,0.18988028287404793
25823,GOF,0.02591659847510224,0.730870229095278,0.24321317242961982
25824,GOF,0.02556115433693782,0.8004037566510104,0.174035089012052
25825,GOF,0.020713364811752618,0.7884690747503301,0.19081756043791717
25826,GOF,0.008000353065013552,0.7358532085183367,0.25614643841664975
25827,GOF,0.012795103594471904,0.7112129024419754,0.2759919939635526
25828,GOF,0.010594628000142853,0.7467103501295245,0.24269502187033268
25829,GOF,0.004408812222543605,0.6977951974101771,0.2977959903672792
25830,GOF,0.035072938395417974,0.49462536664651124,0.47030169495807084
25831,GOF,0.051931051482353406,0.8232106873111432,0.1248582612065034
25832,GOF,0.009188585414115363,0.7820696458270051,0.2087417687588794
25833,GOF,0.03414739435864006,0.8407136473113834,0.12513895832997646
25834,GOF,0.010989089373209455,0.7974806302378972,0.19153028038889341
25835,GOF,0.023888938776079633,0.8481791090387335,0.12793195218518674
25836,GOF,0.00654764056110653,0.7680803823997673,0.22537197703912615
25837,GOF,0.007905450511928636,0.79629691712099,0.1957976323670813
25838,GOF,0.01941110958119508,0.853250440489082,0.12733844992972299
25839,GOF,0.05127893553845978,0.8256949045257325,0.12302615993580779
25840,GOF,0.08137496123734264,0.8193452006052415,0.09927983815741584
25841,GOF,0.08356170232280641,0.8363666562091886,0.080071641468005
25842,GOF,0.029758738157398358,0.8948918603019731,0.07534940154062851
25843,GOF,0.024347437727601798,0.9013503591056672,0.07430220316673088
25844,GOF,0.019132545634567302,0.8547723359807681,0.12609511838466456
25845,GOF,0.006491037840475716,0.7745305195793318,0.21897844258019247
25846,GOF,0.07304766801822139,0.8343904549764607,0.09256187700531784
25847,GOF,0.015478061463476824,0.8889509034031552,0.09557103513336793
25848,GOF,0.021068305170416787,0.8600753619137893,0.11885633291579369
25849,GOF,0.006918347444806713,0.833024866639292,0.16005678591590142
25850,GOF,0.005620446564790531,0.737709691547118,0.2566698618880915
25851,GOF,0.00526215595865786,0.7028996934243756,0.2918381506169665
25852,GOF,0.1412994921663825,0.5895375706809968,0.2691629371526207
25853,GOF,0.06979411867386687,0.8256436644093144,0.10456221691681875
25854,GOF,0.005725614328181317,0.729249574321112,0.26502481135070666
25855,GOF,0.02623966784370101,0.7272937638577174,0.24646656829858166
25856,GOF,0.04626453740726006,0.7926148410456351,0.16112062154710494
25857,GOF,0.02591237949542929,0.7307118485467744,0.24337577195779628
25858,GOF,0.010693845793443381,0.7245848541599177,0.26472130004663896
25859,GOF,0.00800911839646286,0.7139485782433034,0.27804230336023383
25860,GOF,0.07682552864654184,0.8090971728970006,0.11407729845645768
25861,GOF,0.09071317246565866,0.812658764469942,0.09662806306439937
25862,GOF,0.0243220476516429,0.8872564652294238,0.08842148711893341
25863,GOF,0.026750637519618526,0.8790397829331638,0.09420957954721769
25864,GOF,0.07755556565357712,0.8744613559053432,0.04798307844107974
25865,GOF,0.04975308442553093,0.8583841984621906,0.09186271711227853
25866,GOF,0.029428481637900062,0.8812084130532003,0.08936310530889964
25867,GOF,0.04695358262718019,0.873642823303293,0.07940359406952688
25868,GOF,0.07092141429403043,0.8265010313402195,0.10257755436575013
25869,GOF,0.34749558747173465,0.5739597899793126,0.0785446225489528
25870,GOF,0.06388611350754958,0.5978678870535096,0.33824599943894074
25871,GOF,0.010840584096708607,0.868661077532373,0.1204983383709184
25872,GOF,0.020871384712229924,0.8588970650427443,0.12023155024502576
25873,GOF,0.021535844569637003,0.8877164609369735,0.09074769449338953
25874,LOF,0.016151348085916298,0.20377518664762326,0.7800734652664604
25875,LOF,0.03396143978857441,0.06092129785290564,0.90511726235852
25876,LOF,0.01761835138185082,0.042410574567011736,0.9399710740511373
25877,LOF,0.11463741236529956,0.08482619623145035,0.8005363914032502
25878,LOF,0.09648269521634124,0.13640061335020387,0.7671166914334548
25879,LOF,0.017188433152341837,0.10379253280820327,0.8790190340394549
25880,LOF,0.06171763567431085,0.016557457155890444,0.9217249071697987
25881,Neutral,0.5262686397188319,0.07606502828045707,0.39766633200071105
25882,LOF,0.056447197703383634,0.028259177809800154,0.9152936244868162
25883,LOF,0.027627486871532183,0.02775159956480617,0.9446209135636616
25884,LOF,0.01566563343369609,0.045002050978193195,0.9393323155881107
25885,LOF,0.17509392883482938,0.012963149486475086,0.8119429216786954
25886,LOF,0.2662280550504763,0.057783136299227725,0.675988808650296
25887,LOF,0.12039450861484485,0.09761592411272925,0.781989567272426
25888,LOF,0.008212574164956755,0.12577391200925545,0.8660135138257878
25889,LOF,0.02236544891192473,0.038980362256941896,0.9386541888311334
25890,LOF,0.19810426169379217,0.06146850329624765,0.7404272350099601
25891,LOF,0.11523311516490611,0.02718910177661501,0.8575777830584789
25892,LOF,0.011134763228934084,0.03818143242166105,0.9506838043494049
25893,LOF,0.3835889847473631,0.010669607352409174,0.6057414079002278
25894,LOF,0.40597299072616777,0.007107442174960593,0.5869195670988717
25895,LOF,0.3733822659275472,0.015040886396307348,0.6115768476761455
25896,LOF,0.07537410884333098,0.0339026084543544,0.8907232827023147
25897,LOF,0.14876202885437664,0.01136253750347164,0.8398754336421517
25898,LOF,0.13342438683609242,0.03822154323570855,0.8283540699281989
25899,LOF,0.43294897827220497,0.03045660233215186,0.5365944193956431
25900,Neutral,0.5040059662726265,0.009620070190743436,0.48637396353663004
25901,LOF,0.06835329312730408,0.012124108195999093,0.9195225986766968
25902,LOF,0.1916715158495122,0.013822736550449985,0.7945057476000378
25903,LOF,0.3435990853192796,0.0253771358156861,0.6310237788650344
25904,Neutral,0.5213477647738434,0.049001075491878134,0.4296511597342785
25905,LOF,0.0072346611197543695,0.404141515261681,0.5886238236185646
25906,LOF,0.00787562857926955,0.07417609353913356,0.9179482778815969
25907,LOF,0.007547193042222133,0.2605791062293901,0.7318737007283878
25908,LOF,0.007109703074788101,0.2721183097982897,0.7207719871269223
25909,LOF,0.02976019788633045,0.10875109208950497,0.8614887100241646
25910,LOF,0.012063783102749961,0.15682736377799128,0.8311088531192588
25911,LOF,0.20769852016233595,0.023940974697169888,0.7683605051404941
25912,LOF,0.10377330802349471,0.01663487185256843,0.8795918201239369
25913,LOF,0.02369572078573208,0.02671814713838297,0.949586132075885
25914,LOF,0.038129362817065734,0.02657891544264141,0.935291721740293
25915,LOF,0.1986067639186147,0.11980451000289113,0.6815887260784941
25916,LOF,0.024319469530420884,0.05483555296552829,0.9208449775040508
25917,LOF,0.07407754876921405,0.02815184343535045,0.8977706077954356
25918,LOF,0.038769596529102,0.013915813945249034,0.947314589525649
25919,LOF,0.0348320015848711,0.0132760623486497,0.9518919360664793
25920,LOF,0.3351307928653364,0.27184738068413605,0.3930218264505274
25921,LOF,0.014219152783638382,0.020379863874645295,0.9654009833417162
25922,LOF,0.016783048659225253,0.019356763871904114,0.9638601874688707
25923,LOF,0.4575277701555004,0.01615336956155234,0.5263188602829473
25924,LOF,0.02598010533244148,0.028729021204188514,0.9452908734633699
25925,LOF,0.0958001259769661,0.03054064644326829,0.8736592275797657
25926,LOF,0.08142871083458297,0.023464792718299616,0.8951064964471174
25927,LOF,0.02233440844859166,0.05214831900314858,0.9255172725482599
25928,LOF,0.011034030666919813,0.03138927950629766,0.9575766898267825
25929,Neutral,0.5803084185096042,0.01558866763803359,0.40410291385236224
25930,LOF,0.08285218172699128,0.016058566667302616,0.9010892516057061
25931,LOF,0.01276880079166347,0.01901814096048829,0.9682130582478483
25932,LOF,0.06713253469132147,0.0182943278961401,0.9145731374125384
25933,LOF,0.07032508200632877,0.011208695037577201,0.9184662229560939
25934,LOF,0.06854461217723612,0.009314134852270329,0.9221412529704935
25935,LOF,0.08914170161354651,0.028174460871735765,0.8826838375147177
25936,LOF,0.11773774545541545,0.010315393403546941,0.8719468611410376
25937,LOF,0.02035618650069717,0.01482159955011168,0.9648222139491912
25938,LOF,0.09254027819597888,0.027292540767864824,0.8801671810361563
25939,LOF,0.053636774215998925,0.013961645952343,0.9324015798316581
25940,LOF,0.008616180558726478,0.4603814869408594,0.5310023325004142
25941,LOF,0.44285284335126107,0.03982427979908409,0.5173228768496548
25942,LOF,0.010443300516470596,0.05000240145496136,0.9395542980285679
25943,LOF,0.04118319997192942,0.16129957220771368,0.7975172278203568
25944,LOF,0.03907243077457587,0.07496682718308874,0.8859607420423355
25945,LOF,0.12619525504934803,0.026286481913401195,0.8475182630372508
25946,LOF,0.06865985478277188,0.0387530695797553,0.8925870756374727
25947,Neutral,0.5116627673471322,0.0854881180294287,0.4028491146234391
25948,LOF,0.4100345299039102,0.015912648866895876,0.574052821229194
25949,LOF,0.17434538395139393,0.08821752021887852,0.7374370958297276
25950,GOF,0.09058995052198453,0.5505443493173543,0.3588657001606611
25951,LOF,0.01637929554166968,0.4444527087879724,0.5391679956703579
25952,LOF,0.2429698610390864,0.20693414563632334,0.5500959933245902
25953,LOF,0.00989828405769648,0.2682287726573121,0.7218729432849914
25954,LOF,0.09207645848159034,0.3782125171438596,0.5297110243745501
25955,LOF,0.0082121584842891,0.225660788655183,0.7661270528605278
25956,LOF,0.01647614517074306,0.3293280808937261,0.6541957739355307
25957,LOF,0.1647916255356942,0.03464378875052911,0.8005645857137766
25958,LOF,0.029152647529418256,0.059892572257566,0.9109547802130158
25959,GOF,0.006040301979820161,0.7379225884339654,0.25603710958621434
25960,LOF,0.004986070848586659,0.11936862906571424,0.8756453000856991
25961,LOF,0.026494857838566307,0.04754209342782426,0.9259630487336094
25962,LOF,0.04985768519012915,0.07963075582796902,0.8705115589819018
25963,LOF,0.007185002052697271,0.1622479066270403,0.8305670913202624
25964,LOF,0.026021373321180298,0.14958261762257724,0.8243960090562424
25965,LOF,0.25498959404973304,0.14669355951315854,0.5983168464371085
25966,LOF,0.33588869950543027,0.11246730455164163,0.5516439959429281
25967,LOF,0.0073734572880146095,0.0768774339611671,0.9157491087508183
25968,LOF,0.04584346227778998,0.22853708189190378,0.7256194558303062
25969,LOF,0.17079253904691138,0.05066584293941955,0.7785416180136691
25970,LOF,0.06357816219075517,0.062001329358497524,0.8744205084507474
25971,LOF,0.0755804063718627,0.029902076138404624,0.8945175174897327
25972,LOF,0.07264361211785753,0.05941320813829634,0.8679431797438462
25973,LOF,0.0673503427507765,0.012623656831314067,0.9200260004179094
25974,LOF,0.04659978166503209,0.04394127452618292,0.9094589438087849
25975,LOF,0.03888832435173242,0.02470688845737386,0.9364047871908937
25976,LOF,0.08547757347537355,0.014223632514007645,0.9002987940106187
25977,LOF,0.25079273751913395,0.05909173547567754,0.6901155270051885
25978,LOF,0.15984313921593912,0.127266987336937,0.712889873447124
25979,LOF,0.13302033627067514,0.1484977094415345,0.7184819542877904
25980,LOF,0.208278755885084,0.201493149881499,0.590228094233417
25981,LOF,0.2093346232517496,0.20355570676746298,0.5871096699807874
25982,LOF,0.39927420232918737,0.09686367679488543,0.5038621208759272
25983,LOF,0.4028897903348275,0.12223346240862905,0.47487674725654355
25984,LOF,0.048174073628623235,0.09461080059988426,0.8572151257714925
25985,Neutral,0.5215914914578673,0.1190399577571209,0.3593685507850118
25986,LOF,0.01244476274297865,0.4785828407321716,0.5089723965248498
25987,LOF,0.03813540166443639,0.10064254162093994,0.8612220567146237
25988,LOF,0.04754584927319896,0.15354695534255652,0.7989071953842446
25989,LOF,0.05316404545703263,0.22383040168655977,0.7230055528564076
25990,LOF,0.04538082634583091,0.3502025143596823,0.6044166592944867
25991,LOF,0.02408473088755029,0.43598428215913515,0.5399309869533147
25992,LOF,0.017844540540303568,0.38505797482655557,0.5970974846331408
25993,LOF,0.027587641835754302,0.06320362399403649,0.9092087341702092
25994,LOF,0.02251328969418321,0.062454811312956396,0.9150318989928604
25995,LOF,0.020210956366580067,0.11762424024289654,0.8621648033905235
25996,GOF,0.35195756792299904,0.39512100460669564,0.25292142747030527
25997,LOF,0.06266807782150177,0.44605014323703085,0.4912817789414675
25998,LOF,0.2540131310738138,0.04122061053975708,0.704766258386429
25999,LOF,0.03915227250076404,0.11419140526069894,0.8466563222385369
26000,LOF,0.15234052039075124,0.014505803445103998,0.8331536761641447
26001,LOF,0.23473368249822663,0.018361504830372907,0.7469048126714004
26002,LOF,0.11605770234209813,0.02691044185040604,0.8570318558074959
26003,GOF,0.00597386083357681,0.6449994009154881,0.34902673825093505
26004,GOF,0.01064982200479164,0.6204224322718563,0.368927745723352
26005,GOF,0.004073716677774698,0.5080196438414455,0.4879066394807797
26006,GOF,0.06836813058853487,0.5478928826427185,0.3837389867687465
26007,GOF,0.008300652128509119,0.5301803481944484,0.46151899967704246
26008,GOF,0.00509541938195955,0.588355886575157,0.40654869404288346
26009,GOF,0.009470944820366955,0.6206349983121398,0.36989405686749327
26010,GOF,0.006612364330270109,0.5587760773459401,0.4346115583237897
26011,LOF,0.0037977152528266772,0.4276328288665028,0.5685694558806705
26012,GOF,0.004113965134477466,0.5587661928833179,0.43711984198220466
26013,GOF,0.007997457463920866,0.579346672322903,0.41265587021317607
26014,LOF,0.06452589473655013,0.08197523424866383,0.853498871014786
26015,LOF,0.29216549861310476,0.02644227542555199,0.6813922259613432
26016,LOF,0.25592291948908263,0.03462083458463732,0.70945624592628
26017,LOF,0.012047779878746598,0.15019592178443836,0.837756298336815
26018,LOF,0.025587491606648406,0.08226201645169691,0.8921504919416546
26019,LOF,0.025645120819583693,0.07267234075164804,0.9016825384287682
26020,LOF,0.008053390851817967,0.15380756824123293,0.8381390409069491
26021,LOF,0.08243909610345468,0.06410511143467314,0.8534557924618722
26022,LOF,0.039049598424377156,0.03327587113742108,0.9276745304382017
26023,LOF,0.02119549167210756,0.05071811932226869,0.9280863890056238
26024,LOF,0.05040434113652586,0.049810386396914534,0.8997852724665597
26025,LOF,0.11273322017587545,0.05371755948339615,0.8335492203407283
26026,LOF,0.11244817239421825,0.03867769832351315,0.8488741292822687
26027,LOF,0.025508153997834657,0.030061155082950947,0.9444306909192144
26028,LOF,0.0824852636716261,0.15939662098902949,0.7581181153393443
26029,LOF,0.021677696398605024,0.14410215742477442,0.8342201461766205
26030,LOF,0.12331693681662138,0.02326011422056147,0.8534229489628171
26031,LOF,0.00991993407924937,0.13729160402602902,0.8527884618947216
26032,LOF,0.03394020561318048,0.04364820202785973,0.9224115923589598
26033,LOF,0.03609411532526304,0.038896326689714524,0.9250095579850225
26034,LOF,0.013590513521636484,0.10085980882113695,0.8855496776572266
26035,LOF,0.009942783401883308,0.09613376428250271,0.893923452315614
26036,LOF,0.00986779533520284,0.08047694790919226,0.909655256755605
26037,LOF,0.009389430642127234,0.08533622516516506,0.9052743441927078
26038,LOF,0.02956451126156207,0.03806134666674526,0.9323741420716927
26039,LOF,0.032480190740198665,0.11393889190585861,0.8535809173539427
26040,LOF,0.08005198100696732,0.11140183829832648,0.8085461806947061
26041,LOF,0.012075790533403198,0.0837878951467222,0.9041363143198745
26042,LOF,0.011525741311605622,0.08751956757133428,0.9009546911170601
26043,LOF,0.029109342262471798,0.06177391137016918,0.9091167463673591
26044,LOF,0.00811193120160493,0.04178711648310342,0.9501009523152916
26045,LOF,0.06868245267817594,0.11756629852787412,0.81375124879395
26046,LOF,0.02576167339237373,0.04235054140730141,0.931887785200325
26047,LOF,0.051125784309014884,0.043745012774598364,0.9051292029163868
26048,LOF,0.08260047598178938,0.01709024877106567,0.900309275247145
26049,Neutral,0.9356554321883109,0.006388315159543456,0.05795625265214568
26050,Neutral,0.902547362787417,0.006893942058999004,0.09055869515358386
26051,LOF,0.026638661818405275,0.07473494766555236,0.8986263905160424
26052,LOF,0.02987976443427048,0.061198962617000405,0.9089212729487292
26053,LOF,0.020750469696740687,0.1599970530333361,0.8192524772699232
26054,LOF,0.05047378885701047,0.03996584078123607,0.9095603703617535
26055,LOF,0.07937981054667614,0.03503513458196592,0.885585054871358
26056,LOF,0.0653830370295447,0.047997905876138655,0.8866190570943165
26057,LOF,0.0492246829168417,0.02199060830396299,0.9287847087791953
26058,LOF,0.05289809762963128,0.017331573715669766,0.929770328654699
26059,LOF,0.21922306278842743,0.033333202524276996,0.7474437346872955
26060,LOF,0.017921382296481873,0.16399908213629535,0.8180795355672228
26061,LOF,0.0122644341767542,0.013503640947964657,0.9742319248752812
26062,LOF,0.006281799574057406,0.020018069863079135,0.9737001305628634
26063,LOF,0.036531634637227604,0.015897106126734128,0.9475712592360381
26064,LOF,0.013457489227462817,0.021336299412784417,0.9652062113597527
26065,LOF,0.04476601497635089,0.021340349718280374,0.9338936353053687
26066,LOF,0.03497031906325964,0.016025831594715528,0.9490038493420248
26067,LOF,0.038449274563288297,0.014213476702084239,0.9473372487346274
26068,LOF,0.05081808024922603,0.04446738178943688,0.9047145379613372
26069,LOF,0.24124720805769362,0.028535676570906457,0.7302171153713999
26070,LOF,0.46172655574025245,0.02047296729163542,0.5178004769681122
26071,LOF,0.03936731791522571,0.01759035014045292,0.9430423319443215
26072,LOF,0.008081345345116835,0.021354163803663822,0.9705644908512193
26073,LOF,0.03387098201996501,0.019392274732633247,0.9467367432474016
26074,Neutral,0.8457724696471459,0.011639194012595193,0.14258833634025883
26075,LOF,0.051922609675154,0.03224535661582371,0.9158320337090222
26076,LOF,0.0466940120893564,0.017205278272044384,0.9361007096385993
26077,LOF,0.149677191755134,0.01029435774261432,0.8400284505022517
26078,LOF,0.006784555644278403,0.02287213161354553,0.9703433127421761
26079,LOF,0.06009807000505326,0.02701416745675052,0.9128877625381963
26080,LOF,0.059323618707569976,0.027065732995903796,0.9136106482965263
26081,LOF,0.029114665472377954,0.014247023353763587,0.9566383111738584
26082,LOF,0.005706682411500213,0.023733230830947975,0.9705600867575518
26083,LOF,0.09239666061915089,0.029674272733412877,0.8779290666474363
26084,LOF,0.09516614052539983,0.026138977657220983,0.8786948818173792
26085,LOF,0.08602992309751735,0.021440863002423198,0.8925292139000593
26086,LOF,0.03459642785637373,0.018953209760054643,0.9464503623835716
26087,LOF,0.032627482569556,0.01664975810435611,0.9507227593260879
26088,LOF,0.007134310836302618,0.030636655084382,0.9622290340793154
26089,LOF,0.04407773190354434,0.03898557618922394,0.9169366919072318
26090,LOF,0.04459362861948127,0.030987502252064338,0.9244188691284544
26091,LOF,0.024553962931142995,0.012534094733768026,0.9629119423350889
26092,LOF,0.037569177959962265,0.01366436309484331,0.9487664589451944
26093,LOF,0.07415824228719355,0.009848561819190112,0.9159931958936164
26094,LOF,0.02958457000090772,0.011876035944569114,0.9585393940545232
26095,LOF,0.02008547489866089,0.023171168417207927,0.9567433566841311
26096,LOF,0.2030273704336975,0.006648573324676669,0.7903240562416258
26097,LOF,0.006881186299905394,0.05168674664916906,0.9414320670509255
26098,LOF,0.10602342354134683,0.02488085890489819,0.8690957175537549
26099,LOF,0.03291670810269015,0.03004801083472198,0.9370352810625878
26100,LOF,0.03290525825651129,0.030048366590120633,0.9370463751533681
26101,LOF,0.05426200732087068,0.047697823007585974,0.8980401696715434
26102,LOF,0.028524621595965572,0.026769071022423267,0.9447063073816112
26103,Neutral,0.889546187272508,0.03392873957823915,0.07652507314925275
26104,LOF,0.05575941095385409,0.045495955842071605,0.8987446332040743
26105,LOF,0.2762656250214439,0.09884591215320654,0.6248884628253496
26106,LOF,0.2863941742983898,0.05807166700452714,0.655534158697083
26107,LOF,0.01787447919599213,0.07308292760122893,0.909042593202779
26108,LOF,0.2528365844946635,0.03877655992549223,0.7083868555798443
26109,LOF,0.07263708220800501,0.03785055032705122,0.8895123674649439
26110,LOF,0.41124563752894056,0.013021032947287086,0.5757333295237724
26111,LOF,0.05526682551948519,0.1341468241368383,0.8105863503436765
26112,LOF,0.048250635711381364,0.014202774506939094,0.9375465897816796
26113,LOF,0.09838937589802176,0.04095626341732588,0.8606543606846524
26114,LOF,0.09735816000746372,0.006707816424546459,0.8959340235679898
26115,LOF,0.017116485907903538,0.043773463730968826,0.9391100503611277
26116,LOF,0.07946991386232616,0.021229202887378833,0.8993008832502951
26117,LOF,0.34843769342742426,0.05175652859457877,0.5998057779779968
26118,LOF,0.054461971543510804,0.02416516820980987,0.9213728602466794
26119,LOF,0.005960403604504635,0.11141289790413962,0.8826266984913558
26120,LOF,0.03680499650403289,0.021940593149750345,0.9412544103462168
26121,LOF,0.0037512034572246625,0.16301479807528832,0.833233998467487
