feature0,prediction,LoGoFunc_Neutral,LoGoFunc_GOF,LoGoFunc_LOF
25546,Neutral,0.7444681505867027,0.03314122271049994,0.22239062670279738
25547,Neutral,0.5991147831217374,0.07289288609495755,0.3279923307833051
25548,Neutral,0.5828029556414231,0.05559971993442628,0.36159732442415043
25549,Neutral,0.4987036620151567,0.054726934196011594,0.4465694037888317
25550,LOF,0.33194282482536114,0.11477223176656035,0.5532849434080787
25551,LOF,0.28333494273794807,0.12144853524880078,0.5952165220132513
25552,LOF,0.20195451393029734,0.11693777970415822,0.6811077063655444
25553,Neutral,0.8247645898301215,0.03368702723175341,0.14154838293812513
25554,LOF,0.22564805781137753,0.10788458980557465,0.6664673523830478
25555,LOF,0.18983873101071977,0.09377918992209912,0.7163820790671811
25556,LOF,0.39084807324096776,0.09036917445704008,0.5187827523019921
25557,LOF,0.1862385306202706,0.09971773801420973,0.7140437313655197
25558,LOF,0.2211244070366534,0.11032094953940565,0.6685546434239409
25559,LOF,0.4118306155050329,0.07778515080304246,0.5103842336919246
25560,LOF,0.05113398801059057,0.1719570250463072,0.7769089869431023
25561,LOF,0.10653211941886899,0.2049786597152812,0.6884892208658498
25562,LOF,0.11041324284809728,0.08040634507803898,0.8091804120738637
25563,LOF,0.10468237936973346,0.09751859127645807,0.7977990293538084
25564,LOF,0.16737135650237603,0.1612734829554405,0.6713551605421835
25565,LOF,0.15605521862223454,0.12234530757724553,0.72159947380052
25566,GOF,0.01424672295540412,0.7251869540715918,0.2605663229730041
25567,LOF,0.013820221893928782,0.16492323515143056,0.8212565429546406
25568,LOF,0.055523206900876296,0.07046081337603183,0.8740159797230919
25569,LOF,0.064078083918467,0.07348387174602376,0.8624380443355093
25570,LOF,0.0654948517307578,0.10923316993334063,0.8252719783359016
25571,LOF,0.06440531574844033,0.10001163480731531,0.8355830494442443
25572,LOF,0.07402557770998278,0.13248949180053324,0.793484930489484
25573,LOF,0.03164061010629461,0.10228523897519126,0.8660741509185143
25574,LOF,0.017422835111721015,0.1759662779013628,0.8066108869869162
25575,LOF,0.05376854443670619,0.11682039176065773,0.8294110638026361
25576,LOF,0.021454457236647097,0.12449035425823961,0.8540551885051134
25577,LOF,0.01574893476435827,0.1443775560600439,0.8398735091755978
25578,LOF,0.2464015265809152,0.10056591536072998,0.6530325580583548
25579,LOF,0.2470967221434701,0.09915538962491448,0.6537478882316156
25580,LOF,0.03656395342681938,0.09010281166800038,0.8733332349051802
25581,LOF,0.05183362118147346,0.07788180894418538,0.8702845698743411
25582,LOF,0.05151520358128627,0.07551861220133817,0.8729661842173757
25583,LOF,0.048009946145367736,0.10469388422527891,0.8472961696293533
25584,Neutral,0.4450150392255858,0.1221000455688477,0.43288491520556655
25585,LOF,0.037664312818084335,0.1191421315406028,0.8431935556413128
25586,LOF,0.040697313858035516,0.08829703750992841,0.871005648632036
25587,LOF,0.03684710159984496,0.08802547733308672,0.8751274210670683
25588,LOF,0.03885097312302963,0.11045432424343572,0.8506947026335346
25589,Neutral,0.5871171152997675,0.13955987327255334,0.2733230114276791
25590,LOF,0.029757683578043943,0.1398505636015241,0.8303917528204319
25591,LOF,0.11392821874391088,0.0661851551665172,0.819886626089572
25592,LOF,0.09551540672454817,0.15210681548637295,0.752377777789079
25593,LOF,0.018498431370528274,0.3015032053953258,0.679998363234146
25594,LOF,0.02995903421101242,0.25381041424559225,0.7162305515433953
25595,LOF,0.04548520196769185,0.19133545817464515,0.7631793398576631
25596,LOF,0.051804633053225566,0.1243513691894392,0.8238439977573353
25597,LOF,0.05665586545975566,0.09785128374835264,0.8454928507918916
25598,LOF,0.03424720528497263,0.2504310133659949,0.7153217813490325
25599,GOF,0.006844077349772151,0.8261892958473261,0.16696662680290184
25600,GOF,0.010230791106465744,0.5864286555886837,0.40334055330485047
25601,GOF,0.008406159837083855,0.5059788099977784,0.48561503016513774
25602,LOF,0.02336219799143858,0.058084587416005425,0.918553214592556
25603,LOF,0.03929658426849322,0.043652775898615874,0.9170506398328908
25604,LOF,0.049157634237094086,0.050797944788997206,0.9000444209739087
25605,LOF,0.009476138670159904,0.24910205268900174,0.7414218086408384
25606,LOF,0.06299519276418605,0.43714295297345884,0.499861854262355
25607,LOF,0.005019632727430713,0.1741577344329641,0.8208226328396051
25608,LOF,0.06897743997644233,0.04403081937463388,0.8869917406489238
25609,LOF,0.04919690298203752,0.34064944478453085,0.6101536522334317
25610,LOF,0.042055233061496396,0.03407156234469292,0.9238732045938107
25611,LOF,0.045555749288186606,0.03376140764183064,0.9206828430699827
25612,LOF,0.08792885184122481,0.056153658429315335,0.8559174897294598
25613,LOF,0.0789139116479386,0.05209611007018723,0.8689899782818743
25614,LOF,0.033560678969193354,0.04548394708149027,0.9209553739493164
25615,LOF,0.06276348457768528,0.040092288940164776,0.89714422648215
25616,LOF,0.03407717690992609,0.03997062013591576,0.9259522029541581
25617,LOF,0.033973441041033975,0.04678575851606368,0.9192408004429025
25618,LOF,0.22428351246433306,0.04322027268908526,0.7324962148465818
25619,LOF,0.0329857306707263,0.039681637872773394,0.9273326314565004
25620,LOF,0.03969013364894091,0.049507822351853865,0.9108020439992053
25621,LOF,0.03179250718015349,0.03469015069292348,0.9335173421269229
25622,LOF,0.03037172561726765,0.04818508594353735,0.921443188439195
25623,LOF,0.06466235382324084,0.03874717799438094,0.8965904681823782
25624,LOF,0.027276994659468968,0.05183054189071149,0.9208924634498196
25625,LOF,0.03475239925404619,0.05483958862091126,0.9104080121250425
25626,LOF,0.0681383434506527,0.038569363035933744,0.8932922935134134
25627,Neutral,0.5736223793895137,0.14643250774378544,0.2799451128667008
25628,LOF,0.19126187706157732,0.07699646040502789,0.7317416625333948
25629,LOF,0.06321008149216072,0.134540851775658,0.8022490667321812
25630,LOF,0.19240397426175612,0.12401579226741459,0.6835802334708293
25631,Neutral,0.5762726295547798,0.1100786167376805,0.3136487537075397
25632,LOF,0.025179400615951364,0.08075251961036521,0.8940680797736834
25633,LOF,0.23993672433932162,0.07932627800087129,0.6807369976598071
25634,LOF,0.038003759465553795,0.09607255235112974,0.8659236881833166
25635,LOF,0.04860272837012198,0.08355184109062756,0.8678454305392505
25636,GOF,0.005307906642765691,0.5602402923944909,0.43445180096274344
25637,GOF,0.0046067974832271355,0.50459484057378,0.4907983619429928
25638,LOF,0.008585163575522829,0.43774158708605976,0.5536732493384174
25639,LOF,0.005085446873656561,0.40162449532059485,0.5932900578057486
25640,GOF,0.44166890983289664,0.5155094750197308,0.04282161514737253
25641,LOF,0.007011146070079059,0.4105843346461918,0.5824045192837292
25642,LOF,0.24549613765040734,0.09093836313713287,0.6635654992124598
25643,LOF,0.1810186632765333,0.27613481268644163,0.542846524037025
25644,LOF,0.028562564302514023,0.4666707064083844,0.5047667292891015
25645,LOF,0.021723935910625162,0.40566367039129964,0.5726123936980753
25646,LOF,0.02089811234998861,0.25273521387152975,0.7263666737784816
25647,LOF,0.020043487254959226,0.21483779322111526,0.7651187195239255
25648,LOF,0.016784495833198937,0.2226586112143111,0.76055689295249
25649,LOF,0.015332815854780888,0.15763996875953723,0.8270272153856819
25650,LOF,0.04543831278122203,0.4561639693680387,0.4983977178507392
25651,LOF,0.013076817851636627,0.20201676975870952,0.7849064123896539
25652,LOF,0.019511417471959884,0.19974967950794606,0.7807389030200941
25653,LOF,0.09357682780189482,0.3482550333523548,0.5581681388457505
25654,LOF,0.01660345774311119,0.17087508904471127,0.8125214532121776
25655,LOF,0.11300802645654777,0.25100311231060796,0.6359888612328443
25656,LOF,0.06431205936419743,0.05596007302582741,0.8797278676099752
25657,LOF,0.30220350291254516,0.026110897360745917,0.6716855997267089
25658,LOF,0.03596322736818449,0.0752464652302278,0.8887903074015877
25659,LOF,0.24795739094894725,0.05085509259086515,0.7011875164601876
25660,LOF,0.08625684490351909,0.10757522460109814,0.8061679304953828
25661,LOF,0.07307167501204102,0.07470417862278868,0.8522241463651704
25662,LOF,0.03455018648908545,0.04866959484630093,0.9167802186646137
25663,LOF,0.041638810716612344,0.07403090776498446,0.8843302815184032
25664,LOF,0.029060218554629657,0.09688771274913759,0.8740520686962328
25665,LOF,0.05365952660694955,0.05088039789328914,0.8954600754997614
25666,LOF,0.037712054750118844,0.15055812947073707,0.8117298157791442
25667,LOF,0.03533871496256959,0.06137154147460972,0.9032897435628208
25668,LOF,0.04470118868225852,0.060961751651203974,0.8943370596665375
25669,LOF,0.04655283806364832,0.10405547236937095,0.8493916895669807
25670,LOF,0.13904589707256823,0.08124465238631774,0.7797094505411141
25671,LOF,0.04113031284138686,0.05390977810757618,0.9049599090510371
25672,LOF,0.055534094094201215,0.08068561829006503,0.8637802876157337
25673,LOF,0.03760400213760642,0.0715344786348165,0.8908615192275771
25674,LOF,0.027704267864297877,0.08305327475593152,0.8892424573797706
25675,LOF,0.039283899135458884,0.06895040544955149,0.8917656954149897
25676,LOF,0.03264167664645534,0.06850457368051506,0.8988537496730296
25677,LOF,0.07988306956850366,0.06565305096915497,0.8544638794623414
25678,LOF,0.14452272910708383,0.05445032524477561,0.8010269456481406
25679,LOF,0.09561415390910587,0.08151872086599662,0.8228671252248974
25680,LOF,0.0840855659023715,0.10406630441265453,0.811848129684974
25681,LOF,0.09809338831994537,0.09997058638884038,0.8019360252912142
25682,LOF,0.053882751215720684,0.08413592853126221,0.8619813202530171
25683,LOF,0.06879718469840725,0.10653980270773625,0.8246630125938564
25684,LOF,0.06305311669024113,0.07820121209782002,0.8587456712119388
25685,LOF,0.13007001424548909,0.038350504779824,0.8315794809746869
25686,LOF,0.03213732146787584,0.0951238030307431,0.8727388755013812
25687,LOF,0.06350780263539135,0.08364169454925588,0.8528505028153528
25688,LOF,0.022727669151440952,0.14710314073751443,0.8301691901110445
25689,LOF,0.016150714611594827,0.08044913645782173,0.9034001489305835
25690,LOF,0.02001177484202117,0.10005876737267572,0.8799294577853031
25691,LOF,0.14720063938189193,0.1455728700488256,0.7072264905692824
25692,LOF,0.1738813705985235,0.018246118425766112,0.8078725109757103
25693,LOF,0.04306486400391271,0.1770099620045521,0.7799251739915353
25694,LOF,0.23827351484438025,0.012982847228370434,0.7487436379272492
25695,LOF,0.17291232786569252,0.017352736052909986,0.8097349360813976
25696,LOF,0.15701729850659815,0.010470950123946181,0.8325117513694557
25697,LOF,0.11870040353136072,0.03760766704020111,0.8436919294284382
25698,LOF,0.028656723329155937,0.35377456293536486,0.6175687137354793
25699,LOF,0.08838745213621621,0.09248039210338954,0.8191321557603942
25700,LOF,0.03312867691955714,0.015395250834203554,0.9514760722462392
25701,LOF,0.016387320683068068,0.09410134797977424,0.8895113313371578
25702,GOF,0.028311753531607517,0.7567548258233633,0.21493342064502916
25703,LOF,0.01702756477395133,0.2158418158273194,0.7671306193987292
25704,LOF,0.11456239929252708,0.18086646115665178,0.7045711395508211
25705,LOF,0.09338959899327196,0.29483873264117866,0.6117716683655493
25706,GOF,0.03190781519989158,0.6150978411898583,0.35299434361025006
25707,GOF,0.0347518323147713,0.5960048618519823,0.3692433058332464
25708,GOF,0.00836463293758999,0.5733015621363863,0.4183338049260237
25709,LOF,0.022865271085092606,0.10062474580511746,0.8765099831097899
25710,LOF,0.005753745013140638,0.24981453271030757,0.7444317222765517
25711,LOF,0.027628359944090977,0.15482048411605628,0.8175511559398528
25712,LOF,0.0066438994577326565,0.3184537324098155,0.6749023681324519
25713,LOF,0.023968519933978763,0.1392731520028956,0.8367583280631256
25714,LOF,0.027353992588245935,0.18556192736717883,0.7870840800445753
25715,LOF,0.027540413556047603,0.16063715527001016,0.8118224311739423
25716,LOF,0.009520960697019003,0.15469211182694156,0.8357869274760394
25717,LOF,0.0061909796077484845,0.16576975255092544,0.8280392678413261
25718,LOF,0.025736634474967147,0.11044232615784817,0.8638210393671846
25719,LOF,0.032998798745698124,0.13474629943248181,0.83225490182182
25720,LOF,0.03418772110092455,0.11971339383442477,0.8460988850646506
25721,LOF,0.02844642476885721,0.11972097636498552,0.8518325988661573
25722,LOF,0.018237534701062232,0.1721473445650369,0.8096151207339007
25723,LOF,0.029025456069846904,0.1093304769827613,0.8616440669473918
25724,LOF,0.029271813430747088,0.20073249278878869,0.7699956937804643
25725,LOF,0.028652080439170655,0.10748602386920697,0.8638618956916224
25726,LOF,0.018082695676714083,0.1441786955956616,0.8377386087276243
25727,LOF,0.026345490217513853,0.13700375331213854,0.8366507564703476
25728,LOF,0.025660363416307237,0.13768911010309454,0.8366505264805982
25729,LOF,0.025205172549173586,0.14519147247251374,0.8296033549783126
25730,LOF,0.028179688909539622,0.09986206859633587,0.8719582424941246
25731,LOF,0.010585693387321921,0.200781034583592,0.7886332720290862
25732,LOF,0.02224747196517986,0.12142172063030143,0.8563308074045186
25733,LOF,0.03687426055213032,0.11917181229400535,0.8439539271538643
25734,LOF,0.006226963752281201,0.28691761171631885,0.7068554245313999
25735,LOF,0.02446425503173444,0.10111764916446592,0.8744180958037996
25736,LOF,0.022602950912081494,0.16416617052331234,0.8132308785646062
25737,LOF,0.0487743619276229,0.15217949016643673,0.7990461479059404
25738,LOF,0.02498847979949862,0.19580922884279137,0.77920229135771
25739,LOF,0.0275986282009394,0.17357832034146714,0.7988230514575934
25740,LOF,0.030184740986790647,0.18086034901755885,0.7889549099956505
25741,LOF,0.035201480585395364,0.1523606901181843,0.8124378292964204
25742,LOF,0.04800178880365498,0.16707395292843683,0.7849242582679082
25743,LOF,0.013493821324395238,0.029266147358253284,0.9572400313173515
25744,LOF,0.1462069463517201,0.32591103779534325,0.5278820158529367
25745,LOF,0.03716250240949161,0.10635205388330873,0.8564854437071996
25746,LOF,0.014827120448414482,0.15898709724318305,0.8261857823084024
25747,LOF,0.03772906680617972,0.02952360860037221,0.9327473245934481
25748,LOF,0.28411564155711305,0.05692669976474347,0.6589576586781435
25749,LOF,0.013115877181421995,0.08556687895926175,0.9013172438593163
25750,LOF,0.0189750441185393,0.09177704729321147,0.8892479085882492
25751,LOF,0.0389183480573569,0.05378790063918605,0.9072937513034571
25752,GOF,0.08421778199193453,0.7208644620640555,0.19491775594401006
25753,LOF,0.007073759560932802,0.372158845908044,0.6207673945310233
25754,GOF,0.007270217476578122,0.8555413388406746,0.13718844368274713
25755,LOF,0.007140473186415871,0.4277974594359721,0.565062067377612
25756,LOF,0.029151330860086772,0.43035648937305293,0.5404921797668604
25757,GOF,0.0077867202790123,0.8552379074364843,0.13697537228450352
25758,GOF,0.008620881059427243,0.8543307450942904,0.1370483738462825
25759,GOF,0.005942991650470146,0.5986527572491622,0.39540425110036775
25760,LOF,0.006005778603871295,0.30249127055498637,0.6915029508411423
25761,GOF,0.04556415412406214,0.8526545270532334,0.10178131882270446
25762,LOF,0.03405553237175478,0.35941691787566016,0.6065275497525852
25763,LOF,0.006752117139670227,0.2614372656893884,0.7318106171709414
25764,GOF,0.05374901311591597,0.6376056403210199,0.3086453465630642
25765,GOF,0.007867778472725163,0.8511228705549965,0.1410093509722784
25766,GOF,0.047491308554316713,0.8386094375435736,0.11389925390210973
25767,GOF,0.01413393053715745,0.537327444880064,0.44853862458277854
25768,LOF,0.04797011392702644,0.060119786477115904,0.8919100995958577
25769,LOF,0.031070068908576498,0.07001712430687113,0.8989128067845523
25770,LOF,0.12107680714473626,0.057897153551054646,0.8210260393042091
25771,LOF,0.016092684156113604,0.053015192422356965,0.9308921234215294
25772,LOF,0.029974850068294142,0.022941503008521567,0.9470836469231843
25773,LOF,0.020215220491560843,0.04749056080533262,0.9322942187031065
25774,LOF,0.02392223251672299,0.09560793957455474,0.8804698279087223
25775,LOF,0.019679049546422748,0.03427189892941182,0.9460490515241655
25776,LOF,0.03308602173203424,0.02009527249296093,0.9468187057750049
25777,LOF,0.1308045211628584,0.058545443505040484,0.8106500353321011
25778,LOF,0.022897307079347933,0.048405547447650556,0.9286971454730015
25779,GOF,0.04771742467306627,0.8933078838151162,0.058974691511817626
25780,GOF,0.07531819128804634,0.8818353849055729,0.042846423806380686
25781,GOF,0.02914589734416301,0.8820638396071177,0.08879026304871925
25782,GOF,0.030350972001424757,0.9144955913111206,0.055153436687454774
25783,GOF,0.03016021330894965,0.9278012174362384,0.042038569254811996
25784,GOF,0.07964931456291263,0.8776937366326746,0.04265694880441264
25785,GOF,0.08493748610643184,0.8792664786793423,0.03579603521422583
25786,GOF,0.009235265383199354,0.8916854121069636,0.09907932250983702
25787,GOF,0.19053945662109067,0.763578193378982,0.04588234999992734
25788,LOF,0.016905225208134866,0.18211564015944476,0.8009791346324204
25789,GOF,0.017252131765903643,0.8663810358972668,0.11636683233682957
25790,GOF,0.023838477430437568,0.8936592366840913,0.08250228588547125
25791,GOF,0.021790992240427916,0.7719561135855971,0.2062528941739748
25792,GOF,0.025392381350148287,0.8205042995205004,0.15410331912935135
25793,GOF,0.05842439038708762,0.8631246702775621,0.0784509393353502
25794,GOF,0.03519695765223352,0.79653825678617,0.16826478556159655
25795,GOF,0.05267610810939065,0.7539806852266058,0.19334320666400365
25796,GOF,0.09305943123762332,0.8309612313307672,0.07597933743160942
25797,GOF,0.07422563768322718,0.7667403715192334,0.1590339907975394
25798,GOF,0.007337020835359082,0.7846895598473083,0.20797341931733263
25799,GOF,0.004335860448118309,0.7124665654631066,0.283197574088775
25800,GOF,0.027094587703781814,0.8433586071790184,0.12954680511719982
25801,GOF,0.020556664880744913,0.9028716224073854,0.07657171271186984
25802,GOF,0.029918743263451716,0.8303251527715834,0.13975610396496493
25803,GOF,0.020670125058394734,0.7477253919443271,0.23160448299727818
25804,GOF,0.031383336577332284,0.7930710234791171,0.1755456399435507
25805,GOF,0.025459201405182808,0.8158988535994499,0.15864194499536727
25806,GOF,0.033188443910690736,0.817962333721955,0.14884922236735412
25807,GOF,0.01044551569643815,0.7881287654912427,0.20142571881231922
25808,GOF,0.019396294920165244,0.802082831096475,0.17852087398335967
25809,GOF,0.010647014030572595,0.7553632189521245,0.23398976701730287
25810,GOF,0.008620452120499687,0.7394763345779389,0.25190321330156135
25811,GOF,0.05452947842738062,0.8823248026453067,0.0631457189273128
25812,GOF,0.02728729667191594,0.7937419506308749,0.1789707526972093
25813,GOF,0.12433594909249698,0.8042499527725173,0.07141409813498557
25814,GOF,0.025979633764463328,0.8271889833566164,0.1468313828789203
25815,GOF,0.05703787738518508,0.836870068464353,0.10609205415046186
25816,GOF,0.008467017538287908,0.8906855462996104,0.10084743616210172
25817,GOF,0.10032191700012479,0.8111569451961601,0.088521137803715
25818,GOF,0.028660496348454263,0.8122000741812534,0.15913942947029233
25819,GOF,0.04296629374644673,0.7816501243841801,0.17538358186937303
25820,GOF,0.035505886339099894,0.7284044367123745,0.23608967694852542
25821,GOF,0.026437692458995708,0.7567860881889107,0.2167762193520936
25822,GOF,0.044639865417367836,0.7725947463039115,0.18276538827872071
25823,GOF,0.028592449691116517,0.7417206556744795,0.22968689463440406
25824,GOF,0.026569894977009335,0.8023841669552869,0.1710459380677037
25825,GOF,0.021589124144660923,0.7918484290212807,0.18656244683405843
25826,GOF,0.010229466552808588,0.7573786146787537,0.23239191876843765
25827,GOF,0.015414428538618226,0.6982231663455138,0.2863624051158679
25828,GOF,0.011921481711331757,0.7513019396000407,0.23677657868862756
25829,GOF,0.004612233069883571,0.7017493160601738,0.29363845086994267
25830,GOF,0.042288633667919184,0.5011113963853561,0.45659996994672486
25831,GOF,0.05928994786548489,0.8199290845834513,0.120780967551064
25832,GOF,0.010845740617544427,0.7793839223126741,0.2097703370697814
25833,GOF,0.036886115513463665,0.8263068019591583,0.13680708252737797
25834,GOF,0.011206656506050324,0.7865240981884388,0.20226924530551085
25835,GOF,0.023811254762986345,0.8459912529488883,0.13019749228812527
25836,GOF,0.007418773063259591,0.7858098432406468,0.20677138369609369
25837,GOF,0.010045253751647124,0.8077416236915762,0.18221312255677669
25838,GOF,0.023852508213674163,0.8479801971830638,0.12816729460326196
25839,GOF,0.06385690075124975,0.8180149596163717,0.1181281396323786
25840,GOF,0.09352501481364793,0.8043460654141165,0.10212891977223558
25841,GOF,0.0916726289662064,0.8292690050042476,0.07905836602954594
25842,GOF,0.030749609549243526,0.8834304927947176,0.0858198976560389
25843,GOF,0.03177848226464832,0.8857432936618198,0.08247822407353182
25844,GOF,0.022331940216120654,0.8409699197471221,0.13669814003675726
25845,GOF,0.007633764159889376,0.7691943983933173,0.22317183744679334
25846,GOF,0.08016764712574878,0.8258837204448041,0.09394863242944712
25847,GOF,0.020491863211917222,0.8828843773983673,0.09662375938971539
25848,GOF,0.026843176345683853,0.8390750255053262,0.1340817981489899
25849,GOF,0.008224362382243687,0.8286374136316497,0.1631382239861066
25850,GOF,0.007186384010776432,0.7510186980371227,0.24179491795210084
25851,GOF,0.006744800456977312,0.7078857210192706,0.2853694785237521
25852,GOF,0.15657678409612696,0.5557690223115861,0.2876541935922869
25853,GOF,0.054485996941489714,0.833531742012802,0.11198226104570834
25854,GOF,0.006216472220408501,0.7350175825419762,0.25876594523761526
25855,GOF,0.021056194103451317,0.700093888026848,0.2788499178697007
25856,GOF,0.04022874918687399,0.7785813236351427,0.18118992717798332
25857,GOF,0.021518248625677607,0.7123542891311806,0.2661274622431417
25858,GOF,0.01020116094898093,0.715691127168168,0.2741077118828511
25859,GOF,0.007442299238803511,0.7083986092723022,0.28415909148889423
25860,GOF,0.07536925189075488,0.7936007786598235,0.13102996944942158
25861,GOF,0.10251297079687356,0.8143752036138939,0.0831118255892325
25862,GOF,0.027024073186876378,0.8785328234744177,0.0944431033387059
25863,GOF,0.02311920377784768,0.8766780686967852,0.1002027275253672
25864,GOF,0.05860599850968985,0.8873524360855499,0.0540415654047601
25865,GOF,0.04749479804061052,0.8598557112801152,0.09264949067927439
25866,GOF,0.02447823562789319,0.8821620273673374,0.09335973700476939
25867,GOF,0.040293005962298484,0.8765961442946091,0.08311084974309242
25868,GOF,0.06437385976046528,0.8313749059486998,0.10425123429083498
25869,GOF,0.34336028508553545,0.5755233578946247,0.0811163570198399
25870,GOF,0.07573613660789008,0.5961936386756077,0.32807022471650216
25871,GOF,0.011582171345023427,0.8717750390575861,0.11664278959739037
25872,GOF,0.02432864755899293,0.8487172058851209,0.1269541465558862
25873,GOF,0.02457451648874924,0.8883278864470562,0.08709759706419468
25874,LOF,0.017648699113810177,0.20275053992103675,0.7796007609651531
25875,LOF,0.0355392796683265,0.06162332592777077,0.9028373944039028
25876,LOF,0.022636403027686984,0.04463093650378766,0.9327326604685253
25877,LOF,0.11253508461107611,0.0874454163138892,0.8000194990750347
25878,LOF,0.09859132917923052,0.13556025590169324,0.7658484149190763
25879,LOF,0.015761191684199673,0.10352426272491191,0.8807145455908885
25880,LOF,0.06854767413302273,0.016072595505813296,0.9153797303611638
25881,Neutral,0.5607556943613277,0.07188709822663689,0.36735720741203537
25882,LOF,0.06882835017604232,0.02471046909664824,0.9064611807273095
25883,LOF,0.02908929741655379,0.02788283267324468,0.9430278699102015
25884,LOF,0.02099010590859805,0.042215972528235016,0.9367939215631669
25885,LOF,0.18683236658999036,0.011538284526495133,0.8016293488835146
25886,LOF,0.27517107386915457,0.05429385497316385,0.6705350711576816
25887,LOF,0.12562557860765888,0.09442836225837152,0.7799460591339696
25888,LOF,0.009115582960572894,0.13158976612527742,0.8592946509141496
25889,LOF,0.028356910504098883,0.03641231693826598,0.9352307725576352
25890,LOF,0.19718045270469214,0.06034541980599081,0.7424741274893171
25891,LOF,0.1324164068941447,0.02340645886481666,0.8441771342410386
25892,LOF,0.007859091429898287,0.03942226364681701,0.9527186449232847
25893,LOF,0.4092505340154133,0.010467833727958406,0.5802816322566284
25894,LOF,0.3893945058377405,0.007563719083326163,0.6030417750789334
25895,LOF,0.3209233294527026,0.016980387878746263,0.6620962826685513
25896,LOF,0.0721131172323462,0.03411314162669846,0.8937737411409553
25897,LOF,0.12682676362377143,0.012605514200850909,0.8605677221753777
25898,LOF,0.12785556625413128,0.04004053070016285,0.8321039030457058
25899,LOF,0.39744196119277403,0.031400677337430696,0.5711573614697952
25900,LOF,0.4847567435522698,0.009969979514557784,0.5052732769331724
25901,LOF,0.09155990150639273,0.012069109336358689,0.8963709891572487
25902,LOF,0.08815762355983076,0.014239652014004178,0.897602724426165
25903,LOF,0.27056442603087516,0.0279512261982437,0.7014843477708811
25904,Neutral,0.4975366339647241,0.04464047966660557,0.4578228863686703
25905,LOF,0.006596922859211422,0.42553186488519673,0.5678712122555919
25906,LOF,0.010300037686565507,0.08179497870104557,0.9079049836123888
25907,LOF,0.009356650042024073,0.28903682093534666,0.7016065290226293
25908,LOF,0.009457670466589362,0.2744163719136474,0.7161259576197634
25909,LOF,0.03335662343592509,0.11657496782232936,0.8500684087417456
25910,LOF,0.012090399290893929,0.15168411731208165,0.8362254833970244
25911,LOF,0.1968672730699597,0.029364538182532637,0.7737681887475077
25912,LOF,0.09864543222543949,0.02268478571494951,0.878669782059611
25913,LOF,0.024405767014915446,0.033223500042368966,0.9423707329427157
25914,LOF,0.04521051240147562,0.024727691075688826,0.9300617965228356
25915,LOF,0.2502326890884329,0.10456252069503906,0.6452047902165281
25916,LOF,0.027835495555663687,0.05479750827763939,0.917366996166697
25917,LOF,0.08130291022419708,0.02497382322554486,0.893723266550258
25918,LOF,0.04926002486400707,0.013245237451309497,0.9374947376846835
25919,LOF,0.04046631728549922,0.01381923691279165,0.945714445801709
25920,LOF,0.32811785367560287,0.29103559619732094,0.3808465501270762
25921,LOF,0.017186785389139293,0.02203028329690331,0.9607829313139573
25922,LOF,0.015307889071470024,0.023306453554611573,0.9613856573739183
25923,LOF,0.4520785332476806,0.01501524972378506,0.5329062170285344
25924,LOF,0.02669375099266526,0.02864184239920815,0.9446644066081266
25925,LOF,0.09737130558110627,0.03144639168612422,0.8711823027327695
25926,LOF,0.08158762451361702,0.021023400738986498,0.8973889747473965
25927,LOF,0.025995465947683764,0.053735185712473654,0.9202693483398426
25928,LOF,0.013149218457816242,0.03073010708031713,0.9561206744618665
25929,Neutral,0.5771826222904292,0.014663311754133126,0.4081540659554377
25930,LOF,0.08958313217071823,0.014513644716619468,0.8959032231126624
25931,LOF,0.014951909294891243,0.018937823757823314,0.9661102669472854
25932,LOF,0.08320201668592461,0.017429816028790384,0.8993681672852849
25933,LOF,0.09799498931261469,0.010016201928641562,0.8919888087587439
25934,LOF,0.08877225954739038,0.008801727297203956,0.9024260131554056
25935,LOF,0.0878220394835829,0.0285126481579355,0.8836653123584816
25936,LOF,0.1098507177645285,0.010474973519410537,0.8796743087160609
25937,LOF,0.02216466956049545,0.016522242397492736,0.9613130880420118
25938,LOF,0.09300606064466743,0.02538216438702375,0.8816117749683088
25939,LOF,0.06816228929713891,0.013339064412028681,0.9184986462908324
25940,LOF,0.009316178581080175,0.48165335599086245,0.5090304654280574
25941,LOF,0.4184340016068226,0.04195902757115851,0.5396069708220189
25942,LOF,0.010233679360480159,0.04957124479417444,0.9401950758453455
25943,LOF,0.04649922138424885,0.16643002121028658,0.7870707574054646
25944,LOF,0.042692697867124596,0.08615683756899717,0.8711504645638783
25945,LOF,0.16462189885056547,0.024325149606444354,0.8110529515429903
25946,LOF,0.06916819813409672,0.03543727947380032,0.8953945223921029
25947,Neutral,0.49419765286700784,0.09108885721249352,0.41471348992049867
25948,LOF,0.38740559499913585,0.01633741814437453,0.5962569868564895
25949,LOF,0.1435702761284265,0.08575309185528182,0.7706766320162918
25950,GOF,0.11437835896829478,0.5492583497172936,0.33636329131441167
25951,LOF,0.018648970900328517,0.444719940344369,0.5366310887553025
25952,LOF,0.1973057189782597,0.25223120723481185,0.5504630737869285
25953,LOF,0.009557883893516816,0.30987680454838484,0.6805653115580984
25954,GOF,0.10228029771536068,0.45543355178579703,0.4422861504988424
25955,LOF,0.009260499235611746,0.23359974778748085,0.7571397529769074
25956,LOF,0.011232205042412369,0.34133132859594845,0.6474364663616391
25957,LOF,0.1426443738854785,0.04439155381986276,0.8129640722946588
25958,LOF,0.031185002203645125,0.05890500594208521,0.9099099918542697
25959,GOF,0.007388751932631327,0.746537672717274,0.2460735753500947
25960,LOF,0.0045740851505356546,0.1390684710207742,0.8563574438286903
25961,LOF,0.027963405082877698,0.04809372308308037,0.923942871834042
25962,LOF,0.03245572426561309,0.10231693393575256,0.8652273417986344
25963,LOF,0.007071016211205294,0.1591770501264027,0.8337519336623919
25964,LOF,0.03848092202865774,0.16687304257535132,0.794646035395991
25965,LOF,0.2642522784106626,0.15270073803058798,0.5830469835587494
25966,LOF,0.3216601061733716,0.11376331094833413,0.5645765828782943
25967,LOF,0.006516449987410234,0.09250840479125898,0.9009751452213307
25968,LOF,0.041631320966814926,0.24281287379458458,0.7155558052386004
25969,LOF,0.14760889758457077,0.05989626507074397,0.7924948373446853
25970,LOF,0.06553803181532211,0.07002637625640627,0.8644355919282717
25971,LOF,0.06616672910083707,0.032760189665495744,0.9010730812336671
25972,LOF,0.0832778670925462,0.058449899575498905,0.858272233331955
25973,LOF,0.05254376708885476,0.011710342964668405,0.9357458899464768
25974,LOF,0.04730376077631467,0.04092084545683205,0.9117753937668533
25975,LOF,0.035828362676165015,0.021360604503540062,0.9428110328202949
25976,LOF,0.07934250169740392,0.012707546168853454,0.9079499521337426
25977,LOF,0.25051544884007554,0.05382028569292204,0.6956642654670026
25978,LOF,0.1579838982175112,0.1297681528530389,0.7122479489294499
25979,LOF,0.13139818402419132,0.14823750206951342,0.7203643139062953
25980,LOF,0.20134742719468815,0.20803221457009963,0.5906203582352122
25981,LOF,0.20250396297055484,0.21140410030897608,0.5860919367204691
25982,LOF,0.35841266724532334,0.10117453403305202,0.5404127987216246
25983,LOF,0.42709688211297925,0.11320462350224435,0.45969849438477633
25984,LOF,0.06655671765700964,0.09197863908670312,0.8414646432562871
25985,Neutral,0.4804220731598354,0.13793116563657823,0.3816467612035863
25986,LOF,0.01262845357650149,0.49362101732739133,0.49375052909610706
25987,LOF,0.040949163091751596,0.10088879640514453,0.858162040503104
25988,LOF,0.06162138444769271,0.1437534751487118,0.7946251404035954
25989,LOF,0.06977365516114442,0.2152716822544074,0.7149546625844481
25990,LOF,0.05298398231951,0.3464133045290613,0.6006027131514287
25991,LOF,0.027195375215268897,0.45257025225028036,0.5202343725344507
25992,LOF,0.016865504910528573,0.408314941118608,0.5748195539708634
25993,LOF,0.021674370274217182,0.062210409889239614,0.9161152198365431
25994,LOF,0.03161698621261558,0.06433613462167706,0.9040468791657075
25995,LOF,0.020193542550306826,0.12238362586319616,0.8574228315864969
25996,GOF,0.342871030225822,0.3912182525015242,0.2659107172726538
25997,LOF,0.058042970608645224,0.45832902204707127,0.4836280073442834
25998,LOF,0.24924405848145764,0.04082690653206094,0.7099290349864815
25999,LOF,0.04063051295842984,0.11465511286673055,0.8447143741748396
26000,LOF,0.1456027722333832,0.014624805359727683,0.839772422406889
26001,LOF,0.2170223028071013,0.020376901541576457,0.7626007956513222
26002,LOF,0.10769056338662716,0.027644434728052236,0.8646650018853206
26003,GOF,0.006059531662144307,0.6330825837542609,0.36085788458359486
26004,GOF,0.012651847895122924,0.6141522308589659,0.3731959212459112
26005,LOF,0.004588192632853201,0.48934133351387904,0.5060704738532678
26006,GOF,0.09131366985803213,0.5327174675509753,0.37596886259099244
26007,GOF,0.007997487348874968,0.5356145665982794,0.45638794605284566
26008,GOF,0.005752243836536303,0.5702344882718089,0.42401326789165467
26009,GOF,0.009912027387395246,0.6266925272588565,0.3633954453537483
26010,GOF,0.007678195160717744,0.5759186076903914,0.41640319714889096
26011,LOF,0.004114422425277808,0.4179073690050839,0.5779782085696382
26012,GOF,0.00490996546549126,0.5510523072707316,0.44403772726377716
26013,GOF,0.009704653038947136,0.5661521184136284,0.4241432285474243
26014,LOF,0.04300563997244393,0.08159898019735014,0.8753953798302059
26015,LOF,0.39941530887413784,0.026401633394455143,0.574183057731407
26016,LOF,0.2981182245980156,0.03651801926644651,0.665363756135538
26017,LOF,0.014960436059046045,0.16811113966756325,0.8169284242733909
26018,LOF,0.028390511826863196,0.09148639751967769,0.8801230906534592
26019,LOF,0.027868948819451875,0.07979493172089427,0.8923361194596537
26020,LOF,0.0075095406830829855,0.18278378555385635,0.8097066737630606
26021,LOF,0.06898417454617853,0.07610344645431326,0.8549123789995081
26022,LOF,0.03295457203559388,0.04099172446940919,0.9260537034949969
26023,LOF,0.021836528121046774,0.05784181133034742,0.9203216605486058
26024,LOF,0.03822873956185448,0.05784840682751203,0.9039228536106335
26025,LOF,0.12524074944900015,0.06460082829968063,0.8101584222513193
26026,LOF,0.1116057310594288,0.045786882181476765,0.8426073867590944
26027,LOF,0.02757862292135807,0.03348443609878311,0.9389369409798589
26028,LOF,0.06428780091143563,0.17840507894706908,0.7573071201414953
26029,LOF,0.023836817675409742,0.13970370030098395,0.8364594820236063
26030,LOF,0.12281869232489169,0.023380020949067312,0.8538012867260409
26031,LOF,0.011562166398675919,0.12443240787705688,0.8640054257242672
26032,LOF,0.03780947229743013,0.04021226917079339,0.9219782585317765
26033,LOF,0.040161082054142275,0.04017830740912269,0.919660610536735
26034,LOF,0.016191182247537034,0.09300593638741872,0.8908028813650443
26035,LOF,0.011107934518276946,0.09359056916238488,0.8953014963193381
26036,LOF,0.010763027561683508,0.07829464445424139,0.9109423279840753
26037,LOF,0.010057705340990831,0.08013117694433383,0.9098111177146753
26038,LOF,0.0322145457958799,0.03631843593138331,0.9314670182727367
26039,LOF,0.027741554142379218,0.1091498688647611,0.8631085769928596
26040,LOF,0.08725689758031036,0.09083830304845625,0.8219047993712334
26041,LOF,0.011965038343386934,0.08247214685995115,0.9055628147966619
26042,LOF,0.01105387290595324,0.08478607865030785,0.9041600484437389
26043,LOF,0.03213363699540842,0.06001348362985753,0.907852879374734
26044,LOF,0.007047998259663082,0.04117687314745306,0.9517751285928838
26045,LOF,0.0633706079891167,0.1264295162415373,0.8101998757693459
26046,LOF,0.02942335790279926,0.040466093386673986,0.9301105487105268
26047,LOF,0.06040391246678768,0.04142411982956452,0.8981719677036478
26048,LOF,0.08646068653529464,0.014920840181129751,0.8986184732835757
26049,Neutral,0.9425395367640018,0.005300216268472493,0.05216024696752558
26050,Neutral,0.912086091924403,0.005878318982318554,0.08203558909327828
26051,LOF,0.027998016580878426,0.0680966755046852,0.9039053079144365
26052,LOF,0.03287020508161131,0.059715895374477565,0.9074138995439112
26053,LOF,0.022776462783339932,0.14970196681659503,0.8275215704000651
26054,LOF,0.047004559252286776,0.04230585031495742,0.9106895904327558
26055,LOF,0.06473197950508865,0.03613313105524701,0.8991348894396642
26056,LOF,0.054332801232598864,0.04825611843284929,0.8974110803345517
26057,LOF,0.05786006860177146,0.02160564768394929,0.9205342837142794
26058,LOF,0.06204936206489825,0.01733484588431579,0.9206157920507859
26059,LOF,0.2150899534713781,0.03458398961683247,0.7503260569117894
26060,LOF,0.01563587707700793,0.17979062740253945,0.8045734955204525
26061,LOF,0.011145489490687692,0.015751213141143427,0.9731032973681688
26062,LOF,0.005762744036334401,0.022086369396524454,0.9721508865671412
26063,LOF,0.050104376729726854,0.01565318898301722,0.934242434287256
26064,LOF,0.01457704671080311,0.021215728459927127,0.9642072248292698
26065,LOF,0.06272673480521437,0.02046519065227775,0.9168080745425079
26066,LOF,0.048680553858946665,0.014593045012260313,0.936726401128793
26067,LOF,0.05565219997694826,0.014431681696128846,0.9299161183269229
26068,LOF,0.051277999107134646,0.040620648661992734,0.9081013522308726
26069,LOF,0.2186910437817583,0.03071759828336676,0.750591357934875
26070,LOF,0.4428631812910749,0.01999772135088524,0.5371390973580398
26071,LOF,0.05458307535344646,0.017233415447271024,0.9281835091992824
26072,LOF,0.006803004766542226,0.024391491458474017,0.9688055037749836
26073,LOF,0.041641179903493815,0.018905057934696465,0.9394537621618098
26074,Neutral,0.8011871396903625,0.014206455405553223,0.18460640490408434
26075,LOF,0.04458876368161136,0.03393002496631731,0.9214812113520713
26076,LOF,0.042791666156250734,0.015584423589927692,0.9416239102538215
26077,LOF,0.1455482473390542,0.01193667551146351,0.8425150771494824
26078,LOF,0.006346494631415457,0.024997840701652792,0.9686556646669318
26079,LOF,0.05563914592972776,0.028292799231289443,0.9160680548389829
26080,LOF,0.05465053815082509,0.02833574410903481,0.9170137177401402
26081,LOF,0.04515869277470541,0.01437971488193111,0.9404615923433635
26082,LOF,0.006689096076321307,0.020584198534766573,0.972726705388912
26083,LOF,0.10216906453266969,0.027543169581042713,0.8702877658862875
26084,LOF,0.12225549739824813,0.024732973781584542,0.8530115288201674
26085,LOF,0.11109748068793149,0.02049878696602414,0.8684037323460444
26086,LOF,0.04458687277637567,0.019996394111343456,0.9354167331122808
26087,LOF,0.04313826096819429,0.017249352638071334,0.9396123863937343
26088,LOF,0.006085242888806744,0.03752866911913524,0.956386087992058
26089,LOF,0.03892361411565179,0.04071062093621949,0.9203657649481288
26090,LOF,0.03880397051691726,0.032807636677515434,0.9283883928055674
26091,LOF,0.029479399163737163,0.01253602231667567,0.9579845785195872
26092,LOF,0.04706447505599041,0.014054543396520902,0.9388809815474887
26093,LOF,0.06313403166991709,0.010035679103898172,0.9268302892261846
26094,LOF,0.03442343604706674,0.01155341368080229,0.954023150272131
26095,LOF,0.01922213110940722,0.026749144699598278,0.9540287241909945
26096,LOF,0.23941859449274386,0.006382256018835904,0.7541991494884203
26097,LOF,0.006578404754428308,0.06092363254197137,0.9324979627036003
26098,LOF,0.09136271570990374,0.02754285878261346,0.8810944255074827
26099,LOF,0.04276039077012261,0.02877801604562861,0.9284615931842488
26100,LOF,0.04274223210398406,0.02877856195950478,0.9284792059365111
26101,LOF,0.04866343243770358,0.04400190698208653,0.90733466058021
26102,LOF,0.036543202232269305,0.02389324097819529,0.9395635567895353
26103,Neutral,0.895587381414541,0.03088527578227795,0.07352734280318106
26104,LOF,0.05262322372412241,0.0468785050571911,0.9004982712186864
26105,LOF,0.24555196835267518,0.10546832476637684,0.6489797068809479
26106,LOF,0.3586652447180984,0.04902153904048496,0.5923132162414166
26107,LOF,0.022663406569516348,0.0761349078181867,0.9012016856122969
26108,LOF,0.23157722262936495,0.04365099948240479,0.7247717778882303
26109,LOF,0.06149100660563804,0.03910971603530579,0.8993992773590562
26110,LOF,0.3939807701516995,0.014084658613160193,0.5919345712351403
26111,LOF,0.06162813096850041,0.14034967791325395,0.7980221911182456
26112,LOF,0.05784930220903893,0.014765508343475009,0.927385189447486
26113,LOF,0.11954968427068413,0.040981310429004394,0.8394690053003114
26114,LOF,0.09497789308481451,0.007011891767663963,0.8980102151475214
26115,LOF,0.021192261770168384,0.04553365257542556,0.9332740856544062
26116,LOF,0.0991076427683436,0.021878790279177877,0.8790135669524785
26117,LOF,0.34319744285383463,0.054130843047477686,0.6026717140986876
26118,LOF,0.03343864983773812,0.02484589450923567,0.9417154556530261
26119,LOF,0.004941775425283433,0.10850312499902062,0.886555099575696
26120,LOF,0.029531320630691964,0.022568530784876844,0.9479001485844312
26121,LOF,0.003825911970426038,0.16671986373579809,0.8294542242937758
