feature0,prediction,LoGoFunc_Neutral,LoGoFunc_GOF,LoGoFunc_LOF
25546,Neutral,0.6567572046563808,0.060312571307185744,0.2829302240364334
25547,Neutral,0.4534140419129615,0.12374902587198582,0.4228369322150527
25548,Neutral,0.46144004976287856,0.094512532471497,0.4440474177656245
25549,LOF,0.39566099886498207,0.0951413505576479,0.50919765057737
25550,LOF,0.3417974192669032,0.14655870422695816,0.5116438765061386
25551,LOF,0.261006462425003,0.17480994589514934,0.5641835916798477
25552,LOF,0.19359202052247276,0.15993238196683043,0.6464755975106968
25553,Neutral,0.7786230916703725,0.05349014236722487,0.16788676596240268
25554,LOF,0.22267060482158568,0.15838379398879757,0.6189456011896167
25555,LOF,0.1845689276236991,0.13755875800188463,0.6778723143744162
25556,LOF,0.38211438435263184,0.12832610643212206,0.48955950921524605
25557,LOF,0.1791831666740233,0.14699837854936987,0.6738184547766068
25558,LOF,0.21056238617501039,0.15505081236040075,0.6343868014645889
25559,LOF,0.19155356051228856,0.12778058289834401,0.6806658565893674
25560,LOF,0.0635850024283005,0.1455414488057916,0.790873548765908
25561,LOF,0.13157320136530734,0.15001642729154066,0.718410371343152
25562,LOF,0.05786724040880585,0.08511662899532574,0.8570161305958685
25563,LOF,0.08835711351216029,0.09894446000759358,0.8126984264802463
25564,LOF,0.20874613329145608,0.16943834855717987,0.621815518151364
25565,LOF,0.14758290542373736,0.12519455662201404,0.7272225379542486
25566,GOF,0.020264649391410858,0.7753026822787559,0.2044326683298332
25567,LOF,0.018111234967942987,0.1928013484212743,0.7890874166107826
25568,LOF,0.05553968627222955,0.08221392962841337,0.862246384099357
25569,LOF,0.0531727895642033,0.08479151539152359,0.8620356950442731
25570,LOF,0.02888100229673206,0.12245999622027093,0.848659001482997
25571,LOF,0.027699428278590097,0.12099983806210944,0.8513007336593004
25572,LOF,0.032603734915844604,0.1482574363784205,0.819138828705735
25573,LOF,0.02429229861261913,0.11566171796505186,0.860045983422329
25574,LOF,0.01702669377234275,0.16907824937456764,0.8138950568530896
25575,LOF,0.023326645079861142,0.12869456552766273,0.8479787893924762
25576,LOF,0.012476645103597741,0.18115225107008798,0.8063711038263143
25577,LOF,0.010705324195368864,0.14675768751840493,0.8425369882862263
25578,LOF,0.2524809311942738,0.10023870448277544,0.6472803643229509
25579,LOF,0.1512355111068263,0.10827109067231241,0.7404933982208612
25580,LOF,0.01771495934008585,0.09932959728474418,0.88295544337517
25581,LOF,0.04198950744420066,0.08313018586372,0.8748803066920794
25582,LOF,0.04190172763099222,0.08214838473726194,0.875949887631746
25583,LOF,0.020033124752069552,0.11233519431125419,0.8676316809366763
25584,Neutral,0.5374632072649415,0.11498806728454017,0.3475487254505184
25585,LOF,0.012559259201035781,0.1625750093951825,0.8248657314037818
25586,LOF,0.016454605409873858,0.08933150844068222,0.894213886149444
25587,LOF,0.016724008017649127,0.08365875388150748,0.8996172381008434
25588,LOF,0.017354851934799354,0.1026690885009675,0.8799760595642332
25589,Neutral,0.6260646321638292,0.14282691024497102,0.23110845759119983
25590,LOF,0.018407215065643703,0.14654771238369993,0.8350450725506564
25591,LOF,0.07682883350810572,0.07141073217674919,0.851760434315145
25592,LOF,0.04579847007961699,0.1579255731791732,0.7962759567412098
25593,LOF,0.020703714601989456,0.26193724956236963,0.717359035835641
25594,LOF,0.03651339103537818,0.11601377405824041,0.8474728349063814
25595,LOF,0.03878475295741316,0.08372993310692713,0.8774853139356598
25596,LOF,0.0449865236210666,0.06695045571161905,0.8880630206673144
25597,LOF,0.03436678647139456,0.07543041708562491,0.8902027964429805
25598,LOF,0.032728855037804115,0.09489596983758168,0.8723751751246143
25599,GOF,0.0083933498905424,0.545755677699702,0.4458509724097556
25600,GOF,0.02807925349826022,0.5971077738198137,0.3748129726819261
25601,LOF,0.011717506472575332,0.4141405652919273,0.5741419282354975
25602,LOF,0.015244334753293719,0.05423660857345243,0.930519056673254
25603,LOF,0.05725328809224531,0.01991298491581407,0.9228337269919407
25604,LOF,0.014926109251875689,0.07132202623656866,0.9137518645115557
25605,LOF,0.0076529199892620085,0.2154131354146515,0.7769339445960864
25606,LOF,0.09141751547470418,0.4124658994388849,0.4961165850864109
25607,LOF,0.004947161812508306,0.2371246590786627,0.7579281791088289
25608,LOF,0.011499569951212076,0.1133161265849427,0.8751843034638452
25609,LOF,0.06816054584693777,0.3932865941849714,0.5385528599680907
25610,LOF,0.020129013082633408,0.02627640925829604,0.9535945776590706
25611,LOF,0.02083377623683625,0.02696773025063745,0.9521984935125263
25612,LOF,0.06265580733182417,0.034939671448445696,0.90240452121973
25613,LOF,0.05644927924447102,0.03755124301746927,0.9059994777380597
25614,LOF,0.025867883992067506,0.030325597774037764,0.9438065182338948
25615,LOF,0.01690265415161009,0.039954164667116016,0.9431431811812738
25616,LOF,0.05892220068257908,0.028353627434997624,0.9127241718824234
25617,LOF,0.056438150200583966,0.03246992621726634,0.9110919235821497
25618,LOF,0.07214818886330637,0.03487257474745163,0.8929792363892419
25619,LOF,0.019452213231602084,0.03327610398570612,0.9472716827826917
25620,LOF,0.07677606169871383,0.03631262837611956,0.8869113099251666
25621,LOF,0.01952937747365259,0.03672474725596978,0.9437458752703776
25622,LOF,0.02345469975929624,0.039393889601919405,0.9371514106387844
25623,LOF,0.03620941258365534,0.03119343470410879,0.9325971527122358
25624,LOF,0.022731095102053185,0.03912440299622818,0.9381445019017187
25625,LOF,0.02433952736320001,0.05012908185485592,0.925531390781944
25626,LOF,0.052388933732315596,0.03557621850417434,0.9120348477635102
25627,Neutral,0.5917107919630511,0.09868249885310906,0.3096067091838398
25628,LOF,0.1863875109990742,0.053952697930689734,0.7596597910702361
25629,LOF,0.04091353604025102,0.05933298471830276,0.8997534792414462
25630,LOF,0.14613365617952487,0.09149050004710126,0.7623758437733739
25631,Neutral,0.5771287508412303,0.05744392985929245,0.36542731929947725
25632,LOF,0.00811148208153153,0.07940579953577578,0.9124827183826927
25633,LOF,0.2631413116737061,0.04870270715806889,0.688155981168225
25634,LOF,0.03140122098539553,0.1046707606502933,0.8639280183643111
25635,LOF,0.03383573505502795,0.056013444247318855,0.9101508206976532
25636,GOF,0.005312161571628747,0.5886970801847414,0.4059907582436299
25637,GOF,0.006661056630787122,0.5843103027780714,0.4090286405911415
25638,LOF,0.009663492778535353,0.31413257042350984,0.6762039367979548
25639,LOF,0.004905771338427283,0.4696534857190401,0.5254407429425326
25640,GOF,0.43767419358023,0.4693679790569569,0.09295782736281319
25641,LOF,0.01164009218194915,0.31862285928884926,0.6697370485292015
25642,LOF,0.2546355961820741,0.06719137872507422,0.6781730250928516
25643,LOF,0.12636149124173016,0.15548844969985073,0.7181500590584191
25644,LOF,0.008580081456290373,0.45784405287084695,0.5335758656728627
25645,LOF,0.0074100312583219976,0.4309620767378317,0.5616278920038462
25646,LOF,0.011969028941133528,0.30511939697209534,0.6829115740867711
25647,LOF,0.009143318288961854,0.2549289544129948,0.7359277272980433
25648,LOF,0.008950255154839982,0.2454084528870486,0.7456412919581115
25649,LOF,0.007090313700156051,0.18652995489432916,0.8063797314055148
25650,LOF,0.013269665573034587,0.39863138606360804,0.5880989483633574
25651,LOF,0.005409998440341555,0.2666510525952965,0.727938948964362
25652,LOF,0.009019315699999711,0.251536680776282,0.7394440035237183
25653,LOF,0.02548909964893741,0.3663886545024213,0.6081222458486412
25654,LOF,0.01019230958441004,0.14874117808476933,0.8410665123308206
25655,LOF,0.046101949008601845,0.414977947430395,0.5389201035610032
25656,LOF,0.18325958540347045,0.050276239019081445,0.7664641755774482
25657,LOF,0.25559485503131124,0.02797332567369672,0.7164318192949921
25658,LOF,0.08007674712659738,0.07122825497376213,0.8486949978996405
25659,LOF,0.40565337655803446,0.06295602663889947,0.5313905968030661
25660,LOF,0.034028634077776676,0.09632544481864558,0.8696459211035777
25661,LOF,0.10421327904323008,0.06408916507563528,0.8316975558811347
25662,LOF,0.02552313026855181,0.041117251457320446,0.9333596182741278
25663,LOF,0.032854506038277824,0.061424259043916185,0.9057212349178061
25664,LOF,0.03629332059274454,0.07143464826192716,0.8922720311453284
25665,LOF,0.052335121613488335,0.03576801129883056,0.9118968670876811
25666,LOF,0.03768366849036803,0.10730362541225043,0.8550127060973817
25667,LOF,0.07152077211517818,0.04862017386092679,0.879859054023895
25668,LOF,0.02858039636904907,0.05007635247064853,0.9213432511603025
25669,LOF,0.03125752129451068,0.07537276593962501,0.8933697127658643
25670,LOF,0.05185543648558532,0.059616088395896306,0.8885284751185184
25671,LOF,0.09376133699821883,0.03855680204679339,0.8676818609549879
25672,LOF,0.05591499590939244,0.04751148838050423,0.8965735157101032
25673,LOF,0.024415056003776876,0.05848224195486024,0.917102702041363
25674,LOF,0.02022218273997917,0.06769611754880202,0.9120816997112189
25675,LOF,0.033794935535851466,0.06924080517708849,0.8969642592870601
25676,LOF,0.021279151399046774,0.05511031558722299,0.9236105330137302
25677,LOF,0.030182661271137674,0.06766568978341306,0.9021516489454492
25678,LOF,0.19938217018140955,0.05824697966539979,0.7423708501531907
25679,LOF,0.1710455483313502,0.07961482160450073,0.749339630064149
25680,LOF,0.038704263275081224,0.10957137489948639,0.8517243618254323
25681,LOF,0.06518629043972132,0.1046410710668598,0.8301726384934189
25682,LOF,0.12371233138408018,0.07349763608698931,0.8027900325289304
25683,LOF,0.07260085645822971,0.11049327008844524,0.8169058734533251
25684,LOF,0.04464091372986343,0.07916812069132827,0.8761909655788083
25685,LOF,0.07290369077447778,0.05478679701739823,0.872309512208124
25686,LOF,0.025669008741305562,0.07917232976390623,0.8951586614947882
25687,LOF,0.04840783044194427,0.06405683763447545,0.8875353319235804
25688,LOF,0.04582923860341577,0.04455862093368814,0.9096121404628961
25689,LOF,0.025122596412047282,0.05625250391205627,0.9186248996758963
25690,LOF,0.03440721973249847,0.04466831415239739,0.920924466115104
25691,LOF,0.23876001573638922,0.060634182966049874,0.700605801297561
25692,LOF,0.25462025247361303,0.006402499585227109,0.7389772479411599
25693,LOF,0.08987053140012433,0.25331050925811316,0.6568189593417626
25694,LOF,0.23948047029035532,0.013651413506233575,0.7468681162034111
25695,LOF,0.14752550096122038,0.023398918681471346,0.8290755803573082
25696,LOF,0.13618838704169567,0.010606620394218863,0.8532049925640854
25697,LOF,0.08342106249177296,0.025786657376409904,0.8907922801318171
25698,LOF,0.05621496817225786,0.4383019570089593,0.5054830748187829
25699,LOF,0.06973641150752223,0.09931587640374442,0.8309477120887334
25700,LOF,0.06534114578717384,0.010230318440077784,0.9244285357727483
25701,LOF,0.018284655415232075,0.07672373730646793,0.9049916072783001
25702,GOF,0.036475174013521953,0.7134637931198433,0.2500610328666348
25703,LOF,0.007947582409394435,0.17019272243940298,0.8218596951512026
25704,LOF,0.04912354731815297,0.12984185171258594,0.8210346009692611
25705,LOF,0.05755047729314472,0.24517472352572073,0.6972747991811344
25706,LOF,0.025883042795318417,0.46796629283738844,0.5061506643672932
25707,LOF,0.017643537658032414,0.45804120609489307,0.5243152562470744
25708,LOF,0.0080802090030456,0.41649771891546417,0.5754220720814902
25709,LOF,0.05675456272270578,0.0625454367565274,0.8807000005207668
25710,LOF,0.0053144706413787894,0.17191655383871313,0.8227689755199081
25711,LOF,0.020188281467546063,0.1297104332920007,0.8501012852404533
25712,LOF,0.006558891459303841,0.20325433976054202,0.7901867687801541
25713,LOF,0.01815948472187819,0.11304576209615826,0.8687947531819636
25714,LOF,0.07145225541014869,0.1441414080607759,0.7844063365290753
25715,LOF,0.013818811642972485,0.14691981833422815,0.8392613700227994
25716,LOF,0.00597709381094168,0.12471327655552315,0.8693096296335351
25717,LOF,0.005295633995316041,0.1021610929062672,0.8925432730984166
25718,LOF,0.014673713509416507,0.09503774258713035,0.8902885439034532
25719,LOF,0.023307472133582027,0.10653168539396617,0.8701608424724518
25720,LOF,0.022869247553494114,0.08852539184743394,0.888605360599072
25721,LOF,0.01657491979208736,0.11849513536493744,0.8649299448429753
25722,LOF,0.013888454400789419,0.14198731499295505,0.8441242306062555
25723,LOF,0.019688854995370663,0.08012926404429722,0.9001818809603321
25724,LOF,0.022897459276985152,0.12445133664273267,0.8526512040802823
25725,LOF,0.014020248056958765,0.08402712374384745,0.9019526281991938
25726,LOF,0.012175993936636813,0.1152223662563041,0.872601639807059
25727,LOF,0.014857986698365609,0.09535911970647422,0.88978289359516
25728,LOF,0.01294331976884927,0.1238331754709671,0.8632235047601837
25729,LOF,0.013260536983832723,0.12805247204747516,0.8586869909686922
25730,LOF,0.013805486748683605,0.10559663343876285,0.8805978798125534
25731,LOF,0.00764487761309961,0.14367320905813086,0.8486819133287696
25732,LOF,0.013763500719360389,0.09922063628225264,0.887015862998387
25733,LOF,0.019146081095967365,0.08499034889337041,0.8958635700106622
25734,LOF,0.005643950457555277,0.1407012695192925,0.8536547800231522
25735,LOF,0.016401617855501358,0.08271709544600266,0.900881286698496
25736,LOF,0.014989332407336436,0.12741388990825825,0.8575967776844053
25737,LOF,0.02404106437438801,0.09521399888719852,0.8807449367384135
25738,LOF,0.015108184726846453,0.15894776745129835,0.8259440478218552
25739,LOF,0.023798554125090757,0.12496328850064065,0.8512381573742687
25740,LOF,0.03175863078245172,0.1444560152381155,0.8237853539794329
25741,LOF,0.017335583545147335,0.12823249577425136,0.8544319206806014
25742,LOF,0.11029449543064845,0.11945941202642585,0.7702460925429259
25743,LOF,0.014954581743097923,0.03128814837290712,0.9537572698839949
25744,LOF,0.22568001751853828,0.3236589251093522,0.45066105737210954
25745,LOF,0.02724376552288998,0.04627240829689721,0.9264838261802129
25746,LOF,0.0167361513692047,0.05240061505736863,0.9308632335734266
25747,LOF,0.029765503014074192,0.027267030273116114,0.9429674667128096
25748,LOF,0.15442056662103187,0.040953523351842304,0.8046259100271258
25749,LOF,0.015458814900739333,0.04009052651251254,0.9444506585867481
25750,LOF,0.032445796610323235,0.06229840961540004,0.9052557937742768
25751,LOF,0.11859420772989138,0.049782836032970935,0.8316229562371378
25752,GOF,0.11252930358865725,0.6239757719570401,0.2634949244543026
25753,LOF,0.006950442710372358,0.3252706966410473,0.6677788606485804
25754,GOF,0.004617958249084231,0.778636652199931,0.21674538955098469
25755,LOF,0.009270654302100976,0.4091874565527353,0.5815418891451637
25756,LOF,0.03864943825538238,0.425906886032103,0.5354436757125146
25757,GOF,0.005832977877185264,0.8674241790831944,0.12674284303962033
25758,GOF,0.006829287851148974,0.8670330460375658,0.12613766611128524
25759,GOF,0.004408494773966788,0.5508550954544733,0.4447364097715598
25760,LOF,0.004749056010496047,0.2873801340985697,0.7078708098909342
25761,GOF,0.040221378925388095,0.8397713870044966,0.12000723407011547
25762,LOF,0.03022327198081815,0.33120020199415207,0.6385765260250297
25763,LOF,0.006143686171605864,0.23237086451402755,0.7614854493143667
25764,GOF,0.16689036512574612,0.5374281006142189,0.295681534260035
25765,GOF,0.010962223059315603,0.7824006247729436,0.2066371521677407
25766,GOF,0.015270839143752775,0.8155337855524939,0.16919537530375328
25767,GOF,0.021909579982969343,0.4955786251347352,0.48251179488229545
25768,LOF,0.07872711252199033,0.07395880131527013,0.8473140861627396
25769,LOF,0.08836451131531765,0.05342274657366127,0.858212742111021
25770,LOF,0.277704165993074,0.07043380091335907,0.6518620330935668
25771,LOF,0.012952004364048749,0.05878083274477321,0.928267162891178
25772,LOF,0.01729681874353199,0.026992880574555733,0.9557103006819123
25773,LOF,0.009454614688223787,0.12296998850517418,0.867575396806602
25774,LOF,0.025001597207597443,0.06852087359986758,0.906477529192535
25775,LOF,0.015477029724987107,0.04582383347004968,0.9386991368049631
25776,LOF,0.09024644549129657,0.02130452043528312,0.8884490340734204
25777,LOF,0.30727480128251466,0.04184985340286658,0.6508753453146187
25778,LOF,0.07319299770742001,0.037835906474995434,0.8889710958175846
25779,GOF,0.06307872538394191,0.8811886294287785,0.05573264518727957
25780,GOF,0.05782564763482436,0.8612413256604592,0.0809330267047164
25781,GOF,0.025486568983702825,0.865638018435432,0.10887541258086517
25782,GOF,0.03298337779480554,0.8813415883057084,0.08567503389948604
25783,GOF,0.012803152883823868,0.6584293147866552,0.328767532329521
25784,GOF,0.10190921349804535,0.8409240697694244,0.05716671673253041
25785,GOF,0.07061698215086974,0.8774903915380443,0.05189262631108584
25786,GOF,0.00577084120739377,0.8190844004753652,0.17514475831724113
25787,GOF,0.18877570971579266,0.7691062673475787,0.04211802293662866
25788,LOF,0.04814412581784276,0.12134074843439151,0.8305151257477658
25789,GOF,0.03698660495160067,0.8044242747685773,0.15858912027982208
25790,GOF,0.039615746031037825,0.8599524184721413,0.10043183549682101
25791,GOF,0.029138615768965963,0.7919127068217046,0.17894867740932946
25792,GOF,0.04733794525441446,0.7936939307118392,0.15896812403374633
25793,GOF,0.0663559245709498,0.7519872459478211,0.18165682948122916
25794,GOF,0.11294304161910018,0.6913464895645627,0.19571046881633702
25795,GOF,0.025635883620046936,0.7621237184293213,0.21224039795063188
25796,GOF,0.13678803005774595,0.7615770402436609,0.10163492969859306
25797,GOF,0.03163219720854623,0.6071124701495502,0.3612553326419036
25798,GOF,0.0033249899865537376,0.552780868577842,0.4438941414356042
25799,LOF,0.0028691811741667506,0.43691336016344895,0.5602174586623843
25800,GOF,0.00961416605875706,0.6283996596543486,0.36198617428689434
25801,GOF,0.02780675181722848,0.8135901252331184,0.15860312294965312
25802,GOF,0.01873128359594596,0.7271074119497246,0.2541613044543294
25803,GOF,0.009334113650660723,0.6307410203875746,0.35992486596176465
25804,GOF,0.011991709729641833,0.5229498374999365,0.4650584527704216
25805,GOF,0.022325868726348345,0.6365980740841725,0.34107605718947925
25806,GOF,0.01895870706338719,0.6605246333626783,0.3205166595739344
25807,GOF,0.005449434684036722,0.6472759763725271,0.3472745889434361
25808,GOF,0.0146395887781745,0.6539106305286009,0.3314497806932247
25809,GOF,0.006307635124226663,0.6243530740931905,0.3693392907825828
25810,GOF,0.0053092839304511525,0.6390245924725781,0.35566612359697075
25811,GOF,0.08273163891020474,0.8054826313548956,0.11178572973489949
25812,GOF,0.013221752202056597,0.6281222203195422,0.35865602747840114
25813,GOF,0.10295552731522611,0.7470518068414285,0.14999266584334547
25814,GOF,0.029237102901932068,0.6985791534383541,0.27218374365971393
25815,GOF,0.04253402083317373,0.720802871388319,0.23666310777850724
25816,GOF,0.00811795616117632,0.7706951365728978,0.22118690726592594
25817,GOF,0.06583876591772873,0.7588115510173182,0.17534968306495297
25818,GOF,0.018039396782124822,0.7103205456961842,0.27164005752169107
25819,GOF,0.07143513316256815,0.742378959070529,0.18618590776690283
25820,GOF,0.033437435717792396,0.7163614961286635,0.2502010681535441
25821,GOF,0.017397419892899245,0.7137673548321887,0.268835225274912
25822,GOF,0.03676631144133707,0.7199108162751814,0.24332287228348157
25823,GOF,0.012091688129737438,0.577722095181966,0.4101862166882965
25824,GOF,0.023676298040588982,0.697765528550926,0.2785581734084851
25825,GOF,0.01281180933562759,0.6826561853542676,0.30453200531010466
25826,GOF,0.005002914948499502,0.6459254391094086,0.3490716459420919
25827,GOF,0.00746113338774814,0.6428244489456886,0.34971441766656314
25828,GOF,0.004923490396736036,0.5744812380758887,0.42059527152737536
25829,GOF,0.0028504490403549734,0.6342569497040571,0.362892601255588
25830,LOF,0.02931546152952342,0.3973423281965061,0.5733422102739705
25831,GOF,0.032576885322582336,0.835010443521697,0.1324126711557207
25832,GOF,0.007724486851248753,0.7607545204276653,0.2315209927210859
25833,GOF,0.026037183242796396,0.8079265386130837,0.1660362781441199
25834,GOF,0.00784982014579887,0.7679583756923677,0.22419180416183346
25835,GOF,0.017732092356576863,0.8179886580616624,0.1642792495817607
25836,GOF,0.006627348655740055,0.7734150371464891,0.21995761419777082
25837,GOF,0.007135154889378579,0.6816176265365782,0.31124721857404325
25838,GOF,0.021766297831886442,0.8447156175919013,0.1335180845762123
25839,GOF,0.04039385046036524,0.8028404744744266,0.15676567506520808
25840,GOF,0.0348366713231304,0.8243620345520305,0.14080129412483916
25841,GOF,0.034542176536265706,0.8382179611470997,0.12723986231663448
25842,GOF,0.02335585947887927,0.8709655746312062,0.10567856588991459
25843,GOF,0.02482500551800794,0.8920102823853121,0.08316471209667987
25844,GOF,0.016387073692256553,0.7955546382818485,0.1880582880258949
25845,GOF,0.005213564140008306,0.5924262436749776,0.402360192185014
25846,GOF,0.02545697828505253,0.8490535681435823,0.1254894535713652
25847,GOF,0.01905407296904077,0.8906515938117185,0.09029433321924057
25848,GOF,0.01355295427132205,0.7930078808612191,0.19343916486745888
25849,GOF,0.004728176604709219,0.69056467691219,0.3047071464831007
25850,GOF,0.007503858286866916,0.7093758025168836,0.2831203391962494
25851,GOF,0.006660356627408974,0.5951097619246769,0.39822988144791405
25852,GOF,0.15726750996241848,0.5181560089288376,0.3245764811087439
25853,GOF,0.06878776670460406,0.8391178969043758,0.0920943363910201
25854,GOF,0.009202218042958135,0.6797432548366333,0.3110545271204086
25855,GOF,0.013345971959644093,0.607237929963791,0.37941609807656496
25856,GOF,0.03744197997302868,0.7179894645014346,0.24456855552553686
25857,GOF,0.013033444430485583,0.55994060427036,0.4270259512991545
25858,GOF,0.007758126479096261,0.5606885801520017,0.4315532933689021
25859,GOF,0.005187835412330853,0.5438785890324958,0.4509335755551734
25860,GOF,0.06841038946908216,0.7957875902299711,0.13580202030094676
25861,GOF,0.10430926713187065,0.8035169263481441,0.09217380651998532
25862,GOF,0.017959592720291476,0.8440835465539797,0.13795686072572882
25863,GOF,0.017468250378028044,0.8482212711273376,0.13431047849463437
25864,GOF,0.04031047301032916,0.8787844785880135,0.0809050484016573
25865,GOF,0.02997192190846659,0.844235491744502,0.12579258634703133
25866,GOF,0.024901924331816993,0.8367200807215237,0.13837799494665914
25867,GOF,0.024730017380342254,0.8657874719615148,0.10948251065814288
25868,GOF,0.05071794686788897,0.7959111013601987,0.1533709517719123
25869,GOF,0.30044634638693074,0.6047638130701559,0.09478984054291321
25870,GOF,0.18403055168554347,0.5344052573279726,0.28156419098648405
25871,GOF,0.02590706257529467,0.8473744295538157,0.12671850787088965
25872,GOF,0.01623791746508375,0.7810203895828969,0.20274169295201958
25873,GOF,0.018256095367558,0.8473988177733628,0.13434508685907914
25874,LOF,0.01599653352444853,0.14420518695833237,0.8397982795172191
25875,LOF,0.02548791961124077,0.03354816761917069,0.9409639127695885
25876,LOF,0.01346661004051187,0.029651924673674536,0.9568814652858136
25877,LOF,0.11482224944193661,0.060129963869067174,0.8250477866889961
25878,LOF,0.05283731606355505,0.07861697009760062,0.8685457138388444
25879,LOF,0.02230200016627043,0.060676234063003924,0.9170217657707256
25880,LOF,0.04978877267775318,0.010058320032346125,0.9401529072899006
25881,Neutral,0.5709887868509866,0.04353666764203834,0.38547454550697496
25882,LOF,0.022320861365796123,0.02982514128995817,0.9478539973442458
25883,LOF,0.061344905343516345,0.019175604159131377,0.9194794904973523
25884,LOF,0.012583213715775778,0.04263457846543312,0.9447822078187911
25885,LOF,0.19592477729347804,0.006289630984462042,0.79778559172206
25886,LOF,0.20042332553838343,0.033106949103352115,0.7664697253582645
25887,LOF,0.16651383136116182,0.05102396726715006,0.7824622013716881
25888,LOF,0.013192070908353507,0.1028848313357354,0.8839230977559112
25889,LOF,0.01665281058858281,0.02761182792037204,0.9557353614910451
25890,LOF,0.11099360286416886,0.08636026222642548,0.8026461349094057
25891,LOF,0.043089568151972485,0.037152799271291066,0.9197576325767364
25892,LOF,0.010465859373365695,0.045278279355947984,0.9442558612706864
25893,LOF,0.4002519266524436,0.014951406131656582,0.5847966672158998
25894,LOF,0.42218219661302164,0.008273402469703137,0.5695444009172752
25895,LOF,0.35203354293512484,0.0162558523222029,0.6317106047426722
25896,LOF,0.04603336089520991,0.02678893414192707,0.9271777049628631
25897,LOF,0.18359237003786996,0.014696008933844741,0.8017116210282853
25898,LOF,0.21428427428732638,0.03705862220887143,0.7486571035038022
25899,LOF,0.23339691802865278,0.030233542025233883,0.7363695399461133
25900,LOF,0.4584128897367417,0.011207385061010173,0.5303797252022481
25901,LOF,0.045613325613366,0.011751032939330046,0.942635641447304
25902,LOF,0.09847819485867351,0.019465632196576196,0.8820561729447502
25903,LOF,0.36322426220760373,0.03629475472286776,0.6004809830695285
25904,LOF,0.4669211223092553,0.03977316468355166,0.493305713007193
25905,LOF,0.006444426212839531,0.4309316740526483,0.5626238997345122
25906,LOF,0.008065338086964044,0.13967905254524043,0.8522556093677955
25907,LOF,0.004161599018340017,0.36986172518173127,0.6259766757999288
25908,LOF,0.003738107600722436,0.2691370808478119,0.7271248115514657
25909,LOF,0.015537582208883035,0.16168783294263128,0.8227745848484858
25910,LOF,0.01632187650655217,0.14756948971105707,0.8361086337823908
25911,LOF,0.19586736137972394,0.02433862646643714,0.7797940121538389
25912,LOF,0.06976785302489277,0.039260684934497185,0.8909714620406101
25913,LOF,0.07613079187537934,0.049379732307015534,0.874489475817605
25914,LOF,0.02219647088853997,0.05555122140084834,0.9222523077106116
25915,LOF,0.1347705857801811,0.27830308837012757,0.5869263258496913
25916,LOF,0.020619086649647844,0.17803596371349698,0.8013449496368552
25917,LOF,0.05598805082632845,0.0442777955148061,0.8997341536588656
25918,LOF,0.026732225442954376,0.03390924514881859,0.9393585294082271
25919,LOF,0.02231447326370221,0.03291726305068135,0.9447682636856165
25920,LOF,0.10762779050219116,0.2058408284184579,0.686531381079351
25921,LOF,0.010232537072853593,0.03627808511785136,0.9534893778092951
25922,LOF,0.012706753528233933,0.027234853687644053,0.960058392784122
25923,LOF,0.4162504396252077,0.03905976005262613,0.5446898003221662
25924,LOF,0.01636704780199017,0.04282197323544246,0.9408109789625674
25925,LOF,0.07376499472632018,0.041217582048918615,0.8850174232247611
25926,LOF,0.053682641862458885,0.03563167349639453,0.9106856846411465
25927,LOF,0.019645010927224225,0.06223194155409259,0.9181230475186831
25928,LOF,0.007773512941952683,0.05073884018245524,0.9414876468755922
25929,Neutral,0.4991311158587522,0.03616135253605209,0.4647075316051958
25930,LOF,0.08385989886497046,0.03280588247699818,0.8833342186580313
25931,LOF,0.009780859848533193,0.03466931372467465,0.9555498264267922
25932,LOF,0.03569312279751948,0.026276077434564737,0.9380307997679157
25933,LOF,0.042265022683091076,0.01800337073127944,0.9397316065856295
25934,LOF,0.02941705336710194,0.01835958985952769,0.9522233567733703
25935,LOF,0.06536725524601514,0.04688721555476928,0.8877455291992157
25936,LOF,0.04243367484671183,0.02143464180064834,0.9361316833526397
25937,LOF,0.009312534431772553,0.03199746253124303,0.9586900030369844
25938,LOF,0.061992297499693885,0.05292752962677825,0.8850801728735278
25939,LOF,0.03500152340686588,0.022289602336978746,0.9427088742561553
25940,LOF,0.009894606583336284,0.32742810293530705,0.6626772904813567
25941,Neutral,0.5206863479768905,0.02856255612872545,0.45075109589438406
25942,LOF,0.0051764104190104,0.03995937551761628,0.9548642140633734
25943,LOF,0.031753610931968906,0.12993415034306316,0.8383122387249679
25944,LOF,0.12278665966416578,0.06537158635889559,0.8118417539769387
25945,LOF,0.061286393787447116,0.01667479018966525,0.9220388160228876
25946,LOF,0.07132920473452997,0.0581894233888949,0.8704813718765751
25947,LOF,0.44890669722460935,0.07770716207946157,0.47338614069592905
25948,LOF,0.3443710652792352,0.008656169359014677,0.6469727653617501
25949,LOF,0.10051875913858488,0.04673171539551942,0.8527495254658958
25950,GOF,0.03817410675561265,0.5563236311956932,0.4055022620486943
25951,LOF,0.014770642932143512,0.40514368799213035,0.5800856690757261
25952,LOF,0.2585608423800318,0.2792906557048252,0.4621485019151431
25953,LOF,0.012291036046325607,0.17088362616658614,0.8168253377870881
25954,LOF,0.054335787679745125,0.4304908828918876,0.5151733294283674
25955,LOF,0.009364661788827076,0.16626027253225345,0.8243750656789195
25956,LOF,0.02852367664309202,0.29773599508350107,0.6737403282734069
25957,LOF,0.17474642112397412,0.033375858579813185,0.7918777202962127
25958,LOF,0.054426881848350706,0.028700624333701318,0.9168724938179479
25959,LOF,0.012452732993407213,0.4871748866439525,0.5003723803626402
25960,LOF,0.006098727142350596,0.05622809041739029,0.9376731824402591
25961,LOF,0.05398398145856568,0.02713052853675022,0.9188854900046841
25962,LOF,0.033917154902859216,0.08356903051168496,0.8825138145854557
25963,LOF,0.005027278718463568,0.2489143252480941,0.7460583960334423
25964,LOF,0.03169081165894296,0.1082868755432912,0.8600223127977659
25965,LOF,0.30665101702423564,0.13859592136982785,0.5547530616059365
25966,Neutral,0.4901000142688278,0.13729460768277313,0.3726053780483991
25967,LOF,0.006030486734515253,0.07646893832883941,0.9175005749366454
25968,LOF,0.046770577232657186,0.27391541388447743,0.6793140088828654
25969,LOF,0.1306258944020373,0.06738753860556318,0.8019865669923996
25970,LOF,0.018501365562222902,0.09113167374248549,0.8903669606952915
25971,LOF,0.06746282619425639,0.027141584340869496,0.9053955894648742
25972,LOF,0.057944137324120695,0.035795200628727854,0.9062606620471516
25973,LOF,0.0584539481632785,0.012177535456921958,0.9293685163797996
25974,LOF,0.035211607069555055,0.04461111711265368,0.9201772758177913
25975,LOF,0.041796248683376225,0.027362359326591833,0.930841391990032
25976,LOF,0.09627292739781003,0.01277810231849855,0.8909489702836914
25977,LOF,0.19217607218636773,0.05160708150263439,0.756216846310998
25978,LOF,0.1315093446932395,0.12939714296309573,0.7390935123436648
25979,LOF,0.12032418847916922,0.1283128893045691,0.7513629222162617
25980,LOF,0.22855235649585598,0.15051453615629792,0.6209331073478461
25981,LOF,0.22878008599265387,0.151627854295029,0.6195920597123172
25982,LOF,0.3399135623365977,0.10531573141475802,0.5547707062486442
25983,LOF,0.3449393673877948,0.12430072303625946,0.5307599095759458
25984,LOF,0.034995041767081014,0.056297021002534295,0.9087079372303847
25985,LOF,0.4270881582089447,0.10448735875053705,0.4684244830405183
25986,LOF,0.01007771077302009,0.36468572420744855,0.6252365650195313
25987,LOF,0.03494241340720831,0.09163885560412038,0.8734187309886713
25988,LOF,0.14367615296117672,0.09428940524910992,0.7620344417897134
25989,LOF,0.03915821182571816,0.13727871475318063,0.8235630734211012
25990,LOF,0.043484497614847815,0.21535710996284077,0.7411583924223113
25991,LOF,0.020519401107017648,0.372000367859809,0.6074802310331733
25992,LOF,0.02219798075298102,0.35235628455912665,0.6254457346878922
25993,LOF,0.020873341344983275,0.09793572283964144,0.8811909358153752
25994,LOF,0.017035172170849672,0.09253674109309964,0.8904280867360507
25995,LOF,0.01860702590740458,0.1953912900202663,0.7860016840723292
25996,Neutral,0.34976792713417515,0.3042121292532821,0.34601994361254274
25997,LOF,0.07995406428318723,0.34677067100183573,0.5732752647149771
25998,LOF,0.3023345149822055,0.05093744077199605,0.6467280442457984
25999,LOF,0.01765666908728271,0.25516490460898256,0.7271784263037347
26000,LOF,0.15890031296844118,0.03760994181005581,0.803489745221503
26001,LOF,0.3035712885170572,0.030762725998799527,0.6656659854841434
26002,LOF,0.07688356010265072,0.05784833896665686,0.8652681009306924
26003,GOF,0.004190148167278328,0.6288694323900984,0.36694041944262323
26004,GOF,0.0064420911863480625,0.718697177456474,0.27486073135717803
26005,GOF,0.0031320582660312023,0.5241400493209428,0.472727892413026
26006,GOF,0.07823847106902487,0.625782966126596,0.2959785628043791
26007,GOF,0.006651208414928954,0.594190925806134,0.3991578657789371
26008,GOF,0.006248377497382737,0.6881415212515134,0.30561010125110394
26009,GOF,0.006387935455333296,0.67812457820591,0.31548748633875673
26010,GOF,0.007028927859645841,0.7173313111908222,0.27563976094953196
26011,LOF,0.002714455215653642,0.4971341933145833,0.5001513514697631
26012,GOF,0.004035130732194817,0.5893137466234375,0.40665112264436765
26013,GOF,0.00534129217178152,0.6508747715512425,0.3437839362769761
26014,LOF,0.03820600207765866,0.10707806164252683,0.8547159362798145
26015,LOF,0.14187971735303725,0.019338842778603208,0.8387814398683596
26016,LOF,0.2577293397757808,0.038613583073533075,0.7036570771506861
26017,LOF,0.02447034551849229,0.17952160536874262,0.796008049112765
26018,LOF,0.052999516630592526,0.03435149605668327,0.9126489873127241
26019,LOF,0.05119968437158729,0.029768518403781672,0.9190317972246311
26020,LOF,0.0076855964554311835,0.17607967946460149,0.8162347240799674
26021,LOF,0.067119021129315,0.06474570075273292,0.868135278117952
26022,LOF,0.025301328379031283,0.02460332079845239,0.9500953508225163
26023,LOF,0.04389906896872305,0.022752263174318468,0.9333486678569585
26024,LOF,0.04119266366828656,0.07443433574228846,0.884373000589425
26025,LOF,0.0549721782536327,0.07222995354414719,0.8727978682022202
26026,LOF,0.10493177231504906,0.05201975226930694,0.8430484754156441
26027,LOF,0.04342598783388119,0.018519799354784976,0.9380542128113337
26028,LOF,0.07432767432720068,0.1136050770546918,0.8120672486181075
26029,LOF,0.026422067724254476,0.1999316275301651,0.7736463047455804
26030,LOF,0.14425967793713712,0.029582297170273143,0.8261580248925897
26031,LOF,0.014065494634502252,0.15255518468723253,0.8333793206782653
26032,LOF,0.06964455411661015,0.06747105226320076,0.8628843936201891
26033,LOF,0.08959240149367342,0.06302638600640091,0.8473812124999257
26034,LOF,0.012932734041711155,0.17411996513665404,0.8129473008216348
26035,LOF,0.013061034846746667,0.13481739327192171,0.8521215718813316
26036,LOF,0.016729995655376577,0.17101469957095172,0.8122553047736717
26037,LOF,0.01080677828982696,0.11757618809312596,0.871617033617047
26038,LOF,0.05825379854489284,0.06212329137736082,0.8796229100777464
26039,LOF,0.021434372088132144,0.16086210994104494,0.817703517970823
26040,LOF,0.1243275921433185,0.16138489653199653,0.714287511324685
26041,LOF,0.013469555813619574,0.10221125043748758,0.8843191937488928
26042,LOF,0.012376139665938531,0.102477621895181,0.8851462384388804
26043,LOF,0.05646038517738105,0.08088618464116766,0.8626534301814514
26044,LOF,0.011323179409075367,0.07044864566769195,0.9182281749232326
26045,LOF,0.0500782957457209,0.10133286797451778,0.8485888362797613
26046,LOF,0.05184113101125743,0.06508050420050332,0.8830783647882393
26047,LOF,0.08812428992169694,0.06094901985619229,0.8509266902221108
26048,LOF,0.044384057650633246,0.03805217178998951,0.9175637705593773
26049,Neutral,0.9606925496395943,0.006399699333322746,0.03290775102708312
26050,Neutral,0.947703567011975,0.007959156577263062,0.04433727641076205
26051,LOF,0.01480666612766642,0.16569876526507182,0.8194945686072617
26052,LOF,0.023160495902579747,0.21704768271897926,0.759791821378441
26053,LOF,0.020014141663531253,0.16207251600891034,0.8179133423275585
26054,LOF,0.05200279443721972,0.016261862240600857,0.9317353433221793
26055,LOF,0.07206585710304668,0.016201178908100283,0.9117329639888532
26056,LOF,0.05169864796906588,0.018972753464872094,0.929328598566062
26057,LOF,0.03394975434350073,0.011750441815599663,0.9542998038408996
26058,LOF,0.03494958320200487,0.010528470932678448,0.9545219458653168
26059,LOF,0.3687292198016136,0.019439603326298203,0.6118311768720882
26060,LOF,0.009667311801721357,0.14447897149014913,0.8458537167081295
26061,LOF,0.004891956384473977,0.01398677530418187,0.981121268311344
26062,LOF,0.0037488517849134815,0.018771283303796654,0.9774798649112899
26063,LOF,0.023055125547232675,0.009996394635072877,0.9669484798176945
26064,LOF,0.006075795302392506,0.026143832786301745,0.9677803719113058
26065,LOF,0.026853201634865924,0.010705260314972044,0.9624415380501621
26066,LOF,0.026264728705375558,0.009915510700760688,0.9638197605938638
26067,LOF,0.030620374482682036,0.008617532032181957,0.960762093485136
26068,LOF,0.045229879843461565,0.031129720256328278,0.9236403999002102
26069,LOF,0.294352978078799,0.017547450135201634,0.6880995717859993
26070,LOF,0.4821122665558717,0.013778471217949971,0.5041092622261782
26071,LOF,0.024034611437957668,0.010402679982743225,0.965562708579299
26072,LOF,0.005236031746469063,0.025719945588622065,0.969044022664909
26073,LOF,0.02247247628092502,0.012643064336032846,0.9648844593830421
26074,Neutral,0.9306258706323158,0.006569582547848088,0.06280454681983615
26075,LOF,0.04387277491464521,0.014937418736434168,0.9411898063489207
26076,LOF,0.03537034459914513,0.009478759329208412,0.9551508960716465
26077,LOF,0.10705647808110082,0.008800130218652629,0.8841433917002467
26078,LOF,0.005226099876282082,0.015052492339800935,0.9797214077839169
26079,LOF,0.05430833264069349,0.016380766740867348,0.9293109006184392
26080,LOF,0.05309696263848017,0.016429411676993272,0.9304736256845265
26081,LOF,0.03086741436605119,0.007341249719473879,0.9617913359144751
26082,LOF,0.004309115000310277,0.016407050678805258,0.9792838343208844
26083,LOF,0.1073659617018781,0.01605759366134837,0.8765764446367734
26084,LOF,0.04216370091290637,0.012798101083418344,0.9450381980036754
26085,LOF,0.037883309469606455,0.011563076931247708,0.9505536135991458
26086,LOF,0.023110233301826794,0.010608374741561533,0.9662813919566116
26087,LOF,0.022124243972547086,0.00933753850583088,0.9685382175216221
26088,LOF,0.005311460990828835,0.023120423711676427,0.9715681152974946
26089,LOF,0.043188305028347834,0.021476952991593048,0.9353347419800592
26090,LOF,0.04142847918409179,0.017174043063487958,0.9413974777524203
26091,LOF,0.028750307241345845,0.006863934783881144,0.964385757974773
26092,LOF,0.02465838927686242,0.00750398776312459,0.967837622960013
26093,LOF,0.041270076449014724,0.006502577785071105,0.9522273457659142
26094,LOF,0.03454453095505752,0.00659747723436878,0.9588579918105737
26095,LOF,0.015500678249473786,0.018117885312458396,0.966381436438068
26096,LOF,0.152101045207418,0.006483774311252844,0.8414151804813291
26097,LOF,0.004714272078825198,0.042515864114108,0.9527698638070667
26098,LOF,0.07518007595946297,0.014600415034777733,0.9102195090057592
26099,LOF,0.02276606839518071,0.01322944323446839,0.9640044883703509
26100,LOF,0.02266758222802164,0.013230566285372999,0.9641018514866054
26101,LOF,0.05250495053289072,0.019137285831686057,0.9283577636354232
26102,LOF,0.021379546355948437,0.014068628411018375,0.9645518252330331
26103,Neutral,0.8372534712796817,0.019576533028310292,0.14316999569200803
26104,LOF,0.06881511361534247,0.022891907861032807,0.9082929785236248
26105,LOF,0.21500557191471514,0.16929130279077298,0.6157031252945119
26106,LOF,0.3278763340739647,0.13309239046163568,0.5390312754643996
26107,LOF,0.020438197562496038,0.10357399963813138,0.8759878027993725
26108,LOF,0.3598204840923033,0.04463788509360726,0.5955416308140894
26109,LOF,0.03320319403808811,0.07107595242415596,0.8957208535377559
26110,LOF,0.20995635971972823,0.005927636918809617,0.7841160033614621
26111,LOF,0.07250025797997818,0.0694631176057914,0.8580366244142305
26112,LOF,0.035689174838077965,0.006424118653064674,0.9578867065088573
26113,LOF,0.06273431794330014,0.0141692053015789,0.923096476755121
26114,LOF,0.06741808536463374,0.01410631956428485,0.9184755950710815
26115,LOF,0.01656675394374967,0.07185397203489774,0.9115792740213526
26116,LOF,0.10510169922397426,0.040697627765598834,0.8542006730104269
26117,LOF,0.39086589301160524,0.04191051901636481,0.5672235879720299
26118,LOF,0.029430995023360655,0.02009488974478489,0.9504741152318544
26119,LOF,0.004242216691337284,0.04342435536884214,0.9523334279398206
26120,LOF,0.025296311623757298,0.01915446311991339,0.9555492252563293
26121,LOF,0.004005170545399747,0.1486144102953215,0.8473804191592788
