feature0,prediction,LoGoFunc_Neutral,LoGoFunc_GOF,LoGoFunc_LOF
25546,Neutral,0.7337497428995987,0.03676038137002643,0.22948987573037485
25547,Neutral,0.5868843366560593,0.07975290030370807,0.3333627630402326
25548,Neutral,0.5427529204799958,0.05746428549801848,0.3997827940219857
25549,LOF,0.45912826892769915,0.0592173715419307,0.48165435953037
25550,LOF,0.3133291165062094,0.10329561939830867,0.5833752640954819
25551,LOF,0.2704439461374783,0.1090909528052388,0.6204651010572829
25552,LOF,0.20075830350935503,0.10734029735426084,0.6919013991363842
25553,Neutral,0.824909352857561,0.029999518050824542,0.1450911290916145
25554,LOF,0.22144127881456943,0.10022409523179782,0.6783346259536327
25555,LOF,0.1868820139988308,0.0863632946966094,0.7267546913045598
25556,LOF,0.37053070880585526,0.09217535908619427,0.5372939321079505
25557,LOF,0.18526464821355992,0.09203610614369737,0.7226992456427428
25558,LOF,0.21410329869713476,0.10213370089174989,0.6837630004111153
25559,LOF,0.39842489214253685,0.09709263795251906,0.504482469904944
25560,LOF,0.04658267438946583,0.17860260276201326,0.7748147228485209
25561,LOF,0.1087072981189689,0.18346597565817246,0.7078267262228587
25562,LOF,0.10553763806750568,0.07698796745392454,0.8174743944785697
25563,LOF,0.09352657378333458,0.0804323470053511,0.8260410792113144
25564,LOF,0.1924808897327859,0.15469774187927923,0.6528213683879348
25565,LOF,0.17795549841266325,0.11385345594515485,0.7081910456421818
25566,GOF,0.01611366976611929,0.733467048992994,0.2504192812408867
25567,LOF,0.01204105403802079,0.1620510008596954,0.8259079451022838
25568,LOF,0.05687821303772996,0.0716517553982379,0.871470031564032
25569,LOF,0.06650534795868339,0.07333571387034353,0.8601589381709731
25570,LOF,0.05525939897337927,0.11367172125187415,0.8310688797747466
25571,LOF,0.05008539209660385,0.10512001379193588,0.8447945941114603
25572,LOF,0.06683555050362204,0.1332215114762563,0.7999429380201217
25573,LOF,0.024910855976222265,0.10281767557995561,0.8722714684438222
25574,LOF,0.014857484462838867,0.1757999821072677,0.8093425334298935
25575,LOF,0.042301798932144884,0.1250873242805621,0.832610876787293
25576,LOF,0.017624268423423465,0.13010541525817998,0.8522703163183966
25577,LOF,0.01315872358189352,0.13966129776265052,0.847179978655456
25578,LOF,0.24206417070176373,0.09747953494645138,0.6604562943517849
25579,LOF,0.24289024764658643,0.09671951723940209,0.6603902351140114
25580,LOF,0.030436058952428943,0.09438534556856124,0.8751785954790099
25581,LOF,0.05433110847795076,0.07669552403607098,0.8689733674859782
25582,LOF,0.05437533074431387,0.07441218452245259,0.8712124847332335
25583,LOF,0.044450436588369176,0.106601208720588,0.8489483546910428
25584,Neutral,0.4613841819701666,0.10853782317840456,0.43007799485142884
25585,LOF,0.030208261802786508,0.11639529507630113,0.8533964431209123
25586,LOF,0.03083551582359113,0.0917820703018514,0.8773824138745574
25587,LOF,0.02920605462475293,0.08741082890059157,0.8833831164746555
25588,LOF,0.029718090700488534,0.1069611661262613,0.8633207431732501
25589,Neutral,0.5987160704473786,0.13399989087468717,0.26728403867793415
25590,LOF,0.027597291079105156,0.13817763493422322,0.8342250739866717
25591,LOF,0.10492208177231375,0.06380781721801186,0.8312701010096745
25592,LOF,0.0814839856322071,0.16059641534077548,0.7579195990270173
25593,LOF,0.01895759838612064,0.2806478528641821,0.7003945487496973
25594,LOF,0.039146214400261455,0.21516031764631666,0.7456934679534218
25595,LOF,0.0541080416628967,0.17666615845712413,0.7692257998799792
25596,LOF,0.06528768623406118,0.0997403433417071,0.8349719704242318
25597,LOF,0.04781039356016031,0.10135008269037296,0.8508395237494667
25598,LOF,0.050127079284864984,0.19350550706854378,0.7563674136465912
25599,GOF,0.009773088804110628,0.7788918204002092,0.21133509079568014
25600,GOF,0.012924592940715901,0.5836790143224667,0.4033963927368175
25601,LOF,0.007107614491164569,0.48632188516164404,0.5065705003471914
25602,LOF,0.023032288809111304,0.05177156709342323,0.9251961440974655
25603,LOF,0.051653357267715354,0.04035542588351239,0.9079912168487723
25604,LOF,0.05588277853168914,0.040330987738149617,0.9037862337301612
25605,LOF,0.01369649547367898,0.23859118544513103,0.7477123190811901
25606,LOF,0.0852815889595828,0.41967171490869143,0.4950466961317258
25607,LOF,0.005463356585473689,0.17240712104145806,0.8221295223730684
25608,LOF,0.05742936183408037,0.05489896797480449,0.8876716701911151
25609,LOF,0.035524081160875985,0.3937743133083007,0.5707016055308234
25610,LOF,0.04002017940787535,0.033080637060931076,0.9268991835311936
25611,LOF,0.041150890053390954,0.027616578740710516,0.9312325312058986
25612,LOF,0.1057253681638407,0.049188468329113826,0.8450861635070456
25613,LOF,0.09040033799776487,0.046193621799936135,0.8634060402022989
25614,LOF,0.03033993449047727,0.04159767511786104,0.9280623903916617
25615,LOF,0.04909668924352408,0.04006837996307288,0.910834930793403
25616,LOF,0.03142385340192074,0.03969418532869433,0.9288819612693848
25617,LOF,0.02958660532072133,0.04400992659380243,0.9264034680854762
25618,LOF,0.1904431078626627,0.03967996529718418,0.7698769268401531
25619,LOF,0.029870008129900465,0.038968866745245426,0.9311611251248542
25620,LOF,0.032693329218450265,0.04809719766279414,0.9192094731187557
25621,LOF,0.02889486957691852,0.04106249487081451,0.9300426355522671
25622,LOF,0.032694733984220854,0.044932013786165646,0.9223732522296136
25623,LOF,0.06985824593027895,0.03455443766256825,0.8955873164071528
25624,LOF,0.027161026253936453,0.05085172839479285,0.9219872453512706
25625,LOF,0.03343825792058687,0.05112754085496405,0.915434201224449
25626,LOF,0.07832622463716545,0.037579883943905615,0.884093891418929
25627,Neutral,0.5463318992305991,0.15337974535959997,0.30028835540980087
25628,LOF,0.1876578342309929,0.07791939076101384,0.7344227750079934
25629,LOF,0.0711861259201946,0.13406329306360104,0.7947505810162044
25630,LOF,0.15731387706486485,0.12832080359866946,0.7143653193364657
25631,Neutral,0.5853051108173453,0.11148622603913265,0.30320866314352213
25632,LOF,0.02042203765442317,0.06954496287781424,0.9100329994677626
25633,LOF,0.21043334774250116,0.08468896128049902,0.7048776909769999
25634,LOF,0.03682690908097655,0.10330249306447564,0.8598705978545479
25635,LOF,0.03448897977154132,0.08470243003711556,0.880808590191343
25636,GOF,0.0051665785772464,0.6055231598763519,0.3893102615464018
25637,GOF,0.004124732711827796,0.5288110140495413,0.46706425323863093
25638,LOF,0.009277628897190991,0.42574300684098126,0.5649793642618277
25639,LOF,0.004614231228813108,0.41562030640285613,0.5797654623683307
25640,GOF,0.47238726689290306,0.4846978868531611,0.042914846253935816
25641,LOF,0.007564669354342518,0.3521156652189549,0.6403196654267027
25642,LOF,0.2514480896821526,0.08812252371492517,0.6604293866029222
25643,LOF,0.2661026403883756,0.26697119122293717,0.46692616838868717
25644,LOF,0.022618675359392815,0.4411429382617342,0.536238386378873
25645,LOF,0.020013256998121808,0.38968098479465324,0.590305758207225
25646,LOF,0.02171637886456541,0.22627164952576348,0.752011971609671
25647,LOF,0.020197318854909194,0.18254344279659482,0.7972592383484961
25648,LOF,0.01770660462758834,0.17934002869743507,0.8029533666749766
25649,LOF,0.014723944233737152,0.14013919651643164,0.8451368592498312
25650,LOF,0.038001273872856574,0.40517832608439946,0.556820400042744
25651,LOF,0.01244249004181522,0.18540249063646674,0.8021550193217181
25652,LOF,0.02179696947024085,0.18108077873193967,0.7971222517978195
25653,LOF,0.08722407303017539,0.30156796243090533,0.6112079645389192
25654,LOF,0.015833580365977904,0.16641237750749366,0.8177540421265285
25655,LOF,0.1139271953597033,0.23084053185152772,0.655232272788769
25656,LOF,0.05546619548493344,0.0569315002537126,0.8876023042613539
25657,LOF,0.2764705198209678,0.02429921509473859,0.6992302650842935
25658,LOF,0.0385594441885138,0.06960804549478236,0.8918325103167037
25659,LOF,0.24605166668003334,0.045467562457777236,0.7084807708621894
25660,LOF,0.07152836079874599,0.1013764832305819,0.8270951559706721
25661,LOF,0.05243585695896632,0.07508738227742422,0.8724767607636095
25662,LOF,0.027470172047782498,0.04469014810122652,0.927839679850991
25663,LOF,0.037547162070847885,0.07292618253517098,0.889526655393981
25664,LOF,0.03208373336720044,0.09852940239851839,0.8693868642342812
25665,LOF,0.049194176227547126,0.05432896165281449,0.8964768621196384
25666,LOF,0.03563147496844315,0.15372312734420024,0.8106453976873566
25667,LOF,0.028364165016280484,0.05927709387941424,0.9123587411043054
25668,LOF,0.03399162187568732,0.06394630167139362,0.902062076452919
25669,LOF,0.03981600292122436,0.09726852435157418,0.8629154727272015
25670,LOF,0.14378163441062256,0.07481463255938259,0.7814037330299948
25671,LOF,0.037152144460835826,0.04863987974774755,0.9142079757914167
25672,LOF,0.05706628172818131,0.08210586887864783,0.8608278493931708
25673,LOF,0.03821772698647996,0.07293280937279624,0.8888494636407238
25674,LOF,0.029337924392418186,0.08511071041635347,0.8855513651912285
25675,LOF,0.037483190608739836,0.06392170086630346,0.8985951085249566
25676,LOF,0.029582395108155527,0.062224296537693034,0.9081933083541515
25677,LOF,0.054838982765171546,0.06440522192527623,0.8807557953095523
25678,LOF,0.23772123398257006,0.05075310077966377,0.7115256652377663
25679,LOF,0.144115397354938,0.0755371925652954,0.7803474100797667
25680,LOF,0.06007355588785597,0.09643853727940047,0.8434879068327436
25681,LOF,0.10406772978921111,0.09259036092471416,0.8033419092860747
25682,LOF,0.040345078873047543,0.08013078340261848,0.8795241377243339
25683,LOF,0.06845681204679681,0.10848301396369801,0.8230601739895053
25684,LOF,0.04596668582982252,0.0748422026406581,0.8791911115295195
25685,LOF,0.11758215287930783,0.035407070719102374,0.8470107764015897
25686,LOF,0.0322400116828893,0.08683645835941495,0.8809235299576957
25687,LOF,0.06541213285098572,0.07674314255582587,0.8578447245931885
25688,LOF,0.02745593214765716,0.11757557287383073,0.854968494978512
25689,LOF,0.02157193489837101,0.06989249315733169,0.9085355719442973
25690,LOF,0.019987553903502334,0.09846586291274657,0.881546583183751
25691,LOF,0.18586047711764322,0.15982124141724346,0.6543182814651134
25692,LOF,0.24100702070948207,0.018247662028537205,0.7407453172619807
25693,LOF,0.05125831571435136,0.16811298511916117,0.7806286991664874
25694,LOF,0.2835374360677909,0.012526518605459416,0.7039360453267496
25695,LOF,0.1871582913284019,0.019104422511234564,0.7937372861603635
25696,LOF,0.15960816406701905,0.010134922666007792,0.830256913266973
25697,LOF,0.13024556750862254,0.03138108464707643,0.838373347844301
25698,LOF,0.030210527302111812,0.30329989876854707,0.6664895739293412
25699,LOF,0.06919602808426494,0.09470985424326267,0.8360941176724724
25700,LOF,0.02823584050427115,0.0138493663034924,0.9579147931922365
25701,LOF,0.011331636574427047,0.08563467047577866,0.9030336929497944
25702,GOF,0.022294911077307446,0.7391254696450454,0.23857961927764698
25703,LOF,0.01637907898262406,0.21102278663090573,0.7725981343864702
25704,LOF,0.07526216957975151,0.17333102500913958,0.7514068054111088
25705,LOF,0.06692296458504013,0.26896297808117836,0.6641140573337815
25706,GOF,0.030192234894183018,0.619284373743981,0.35052339136183597
25707,GOF,0.026932765307398236,0.6244805448583659,0.3485866898342359
25708,GOF,0.0064443166459078405,0.605590511460449,0.3879651718936433
25709,LOF,0.019036208399304807,0.09417045871147903,0.8867933328892161
25710,LOF,0.006101276206023455,0.2213636435866645,0.7725350802073122
25711,LOF,0.021337424072518044,0.1502068994882562,0.8284556764392258
25712,LOF,0.007033034962045037,0.2786030637218807,0.7143639013160742
25713,LOF,0.019999453375560645,0.13073078956956874,0.8492697570548706
25714,LOF,0.021927419545878856,0.1855417520114894,0.7925308284426317
25715,LOF,0.021067063730389714,0.16235980677554782,0.8165731294940624
25716,LOF,0.011611667243030935,0.1481593030081133,0.8402290297488557
25717,LOF,0.0050982225416341285,0.15315929755443772,0.8417424799039281
25718,LOF,0.0196025445409394,0.10822808250438867,0.8721693729546719
25719,LOF,0.036478186283774305,0.12111560511108849,0.8424062086051373
25720,LOF,0.02865079954526319,0.1151225344763178,0.856226665978419
25721,LOF,0.023519621002713362,0.11998105449479136,0.8564993245024952
25722,LOF,0.015985117578111826,0.17159475804892735,0.8124201243729609
25723,LOF,0.02262087100515886,0.10669841804890465,0.8706807109459366
25724,LOF,0.025885590735337135,0.17421468598569143,0.7998997232789714
25725,LOF,0.02164723226297668,0.10595202710708893,0.8724007406299343
25726,LOF,0.016467602838882,0.14107099362157646,0.8424614035395415
25727,LOF,0.022565124263810597,0.13329156016026003,0.8441433155759294
25728,LOF,0.021398521060679635,0.13169709702024787,0.8469043819190725
25729,LOF,0.02019985159027852,0.14369656812003462,0.8361035802896868
25730,LOF,0.022819756345990934,0.10133762323666357,0.8758426204173454
25731,LOF,0.008753304902889137,0.20273987945407493,0.7885068156430359
25732,LOF,0.018559233438673224,0.12613710147886287,0.8553036650824639
25733,LOF,0.027553654646785393,0.11952005876488328,0.8529262865883313
25734,LOF,0.00638748322455611,0.2636522682523699,0.7299602485230741
25735,LOF,0.02116889129583407,0.09847531659647754,0.8803557921076883
25736,LOF,0.01926504048517647,0.1700822106813557,0.8106527488334678
25737,LOF,0.03883014830986868,0.1351288523707614,0.8260409993193699
25738,LOF,0.02041607891511756,0.18427023543374432,0.7953136856511381
25739,LOF,0.023256302118190974,0.16657954179430604,0.810164156087503
25740,LOF,0.05066792763318329,0.1744755294811923,0.7748565428856243
25741,LOF,0.027238069851969023,0.14736033154146336,0.8254015986065677
25742,LOF,0.04521582127098387,0.14233075621614927,0.8124534225128669
25743,LOF,0.00999256946789424,0.033649259633240634,0.9563581708988651
25744,LOF,0.15347926310541798,0.3157282300842994,0.5307925068102826
25745,LOF,0.026914172217234855,0.11639562814922484,0.8566901996335404
25746,LOF,0.012630212313391774,0.16214126869135112,0.8252285189952572
25747,LOF,0.03246856278882755,0.035911595894485004,0.9316198413166874
25748,LOF,0.26963143099702075,0.06836791406103264,0.6620006549419466
25749,LOF,0.011091243522975523,0.09534732103373801,0.8935614354432865
25750,LOF,0.01595382190525925,0.09652421294879707,0.8875219651459437
25751,LOF,0.046541062143404165,0.05934251939799209,0.8941164184586038
25752,GOF,0.0809862201770751,0.7099212776996546,0.20909250212327024
25753,LOF,0.0069962114018346025,0.3391627388076011,0.6538410497905642
25754,GOF,0.006840931156103262,0.8537998283559373,0.13935924048795947
25755,LOF,0.007118290650418515,0.4109708896439554,0.5819108197056262
25756,LOF,0.03120207798564809,0.4071251230249598,0.5616727989893922
25757,GOF,0.006649411156658313,0.8515888849613498,0.14176170388199205
25758,GOF,0.008755918957375356,0.8693351139787916,0.12190896706383304
25759,GOF,0.00587212740684715,0.5888994739855469,0.405228398607606
25760,LOF,0.0056015871744963825,0.2700227844870272,0.7243756283384764
25761,GOF,0.057727886132877826,0.8412801471010324,0.10099196676608986
25762,LOF,0.030786039929353155,0.3360832884686448,0.6331306716020021
25763,LOF,0.006975174771858826,0.25243802214721794,0.7405868030809232
25764,GOF,0.06976819106783992,0.6330516444908161,0.2971801644413439
25765,GOF,0.008753489960745594,0.8566422726779568,0.13460423736129765
25766,GOF,0.03468416617269365,0.8255244066479185,0.13979142717938786
25767,GOF,0.013527447590263319,0.5677834103516572,0.41868914205807933
25768,LOF,0.04269639642120582,0.06992819966484115,0.8873754039139531
25769,LOF,0.02655317687680521,0.07122752228290902,0.9022193008402859
25770,LOF,0.14581009404628023,0.050266073468106534,0.8039238324856133
25771,LOF,0.01515424752691611,0.05378893739230193,0.931056815080782
25772,LOF,0.02536864404700502,0.025202194327779343,0.9494291616252156
25773,LOF,0.01889510592736956,0.048997280982949094,0.9321076130896814
25774,LOF,0.031956667431530715,0.08052280750123486,0.8875205250672346
25775,LOF,0.022704140183582907,0.033237116087610014,0.944058743728807
25776,LOF,0.02662804192083463,0.021035202792155278,0.9523367552870101
25777,LOF,0.16835992801956468,0.05087270342901051,0.7807673685514248
25778,LOF,0.020243427098876336,0.05097884304063493,0.9287777298604887
25779,GOF,0.033189381582900176,0.9040521743815289,0.06275844403557083
25780,GOF,0.07447525897460158,0.8768380256115955,0.04868671541380295
25781,GOF,0.028980152954696185,0.877866836442835,0.0931530106024689
25782,GOF,0.02526043513103047,0.9115850081841458,0.06315455668482362
25783,GOF,0.02756410781511791,0.9277114454592355,0.044724446725646586
25784,GOF,0.07538727905011329,0.8801716093693839,0.04444111158050298
25785,GOF,0.08853949014199042,0.8761768991466478,0.035283610711361865
25786,GOF,0.008532145968616494,0.89289281614075,0.09857503789063343
25787,GOF,0.18057635747140197,0.7747803844188462,0.04464325810975174
25788,LOF,0.015993916175331017,0.18104078278397578,0.8029653010406933
25789,GOF,0.015035303055621568,0.8670659681664773,0.11789872877790118
25790,GOF,0.01718776645960894,0.8759488534902817,0.10686338005010952
25791,GOF,0.02117960779563528,0.8123996597582603,0.16642073244610442
25792,GOF,0.02430658207661118,0.8431028439996062,0.13259057392378268
25793,GOF,0.06392156857374964,0.847553743916498,0.0885246875097524
25794,GOF,0.05231959994169263,0.8089560404673928,0.1387243595909146
25795,GOF,0.04398822932037311,0.7718413474054945,0.18417042327413255
25796,GOF,0.07597319611483201,0.8325175444454529,0.09150925943971519
25797,GOF,0.07573675615505164,0.7718656643681046,0.152397579476844
25798,GOF,0.005280686960405243,0.7796615773749408,0.21505773566465397
25799,GOF,0.004180002401803135,0.7307599644425741,0.2650600331556227
25800,GOF,0.02570755085576394,0.8557178786935602,0.11857457045067592
25801,GOF,0.01804411581138678,0.8991571727084475,0.08279871148016578
25802,GOF,0.025459340424617248,0.8487595623197864,0.12578109725559633
25803,GOF,0.019131373862632254,0.7467484035974091,0.23412022253995854
25804,GOF,0.029265842856539548,0.8037532785650751,0.1669808785783853
25805,GOF,0.025057586745188386,0.813909327491398,0.16103308576341352
25806,GOF,0.026583997736286905,0.8173723390808485,0.15604366318286458
25807,GOF,0.008590343815985557,0.7865898510907863,0.20481980509322809
25808,GOF,0.015422586804954877,0.7847535424793813,0.1998238707156637
25809,GOF,0.01105730159962403,0.775088433831558,0.21385426456881784
25810,GOF,0.009202432588669854,0.7652563143443493,0.22554125306698086
25811,GOF,0.04353258062125512,0.8816944540537697,0.07477296532497515
25812,GOF,0.02792000524191942,0.817208871904497,0.15487112285358368
25813,GOF,0.1185604048489467,0.816335140730608,0.0651044544204453
25814,GOF,0.031039305407365367,0.8297136044521736,0.13924709014046122
25815,GOF,0.0660163037032987,0.8436173064063539,0.09036638989034745
25816,GOF,0.009595867000548796,0.8766046963618858,0.11379943663756535
25817,GOF,0.10474587396662835,0.8026178763148424,0.09263624971852928
25818,GOF,0.021283119557001812,0.8145108740425463,0.16420600640045196
25819,GOF,0.0512517865150885,0.7666831137549878,0.1820650997299238
25820,GOF,0.03148737323705478,0.739685984966861,0.22882664179608422
25821,GOF,0.022167928188179007,0.763406403306863,0.214425668504958
25822,GOF,0.046506443305697594,0.7659356975654079,0.18755785912889453
25823,GOF,0.02382848896851641,0.7654976252854718,0.2106738857460119
25824,GOF,0.0244434423772468,0.8066989936845129,0.16885756393824033
25825,GOF,0.020127385326567476,0.80002627411365,0.1798463405597825
25826,GOF,0.007590222438490486,0.7481516116415975,0.24425816591991215
25827,GOF,0.012069496055067176,0.6865466306800857,0.30138387326484706
25828,GOF,0.00970812902262106,0.7281823408842127,0.2621095300931662
25829,GOF,0.004447457947842822,0.6931273931874865,0.30242514886467053
25830,GOF,0.03604517362958561,0.4947266942064927,0.4692281321639217
25831,GOF,0.05487342779687134,0.8042636045951677,0.14086296760796094
25832,GOF,0.008503020052322731,0.7731453323799811,0.21835164756769604
25833,GOF,0.032810854471242275,0.8326397695300476,0.13454937599871009
25834,GOF,0.010475577700758684,0.7856731194643407,0.20385130283490072
25835,GOF,0.02422361384253491,0.8474267475806193,0.1283496385768457
25836,GOF,0.006329579261367786,0.7693232044095959,0.22434721632903623
25837,GOF,0.0077492550652623286,0.7895578484482163,0.20269289648652147
25838,GOF,0.01866397644653334,0.8493276466006285,0.13200837695283815
25839,GOF,0.05683076726362569,0.8164836935438512,0.1266855391925233
25840,GOF,0.07511717136070459,0.8146637484201003,0.11021908021919524
25841,GOF,0.07346980822570247,0.8352856238195187,0.09124456795477869
25842,GOF,0.026526498155426,0.8921778313864188,0.08129567045815507
25843,GOF,0.021652076752626672,0.9003316710291843,0.07801625221818904
25844,GOF,0.01752276538603084,0.8484706859275837,0.13400654868638556
25845,GOF,0.005927770428833548,0.7730707187941074,0.22100151077705896
25846,GOF,0.07878343507154664,0.8199066968597659,0.1013098680686873
25847,GOF,0.014650205253368966,0.8902177523932142,0.09513204235341674
25848,GOF,0.020279796039871168,0.8624394688345824,0.11728073512554642
25849,GOF,0.006765920283171893,0.8406659573374684,0.15256812237935977
25850,GOF,0.0059382295002226165,0.7403507642976248,0.2537110062021527
25851,GOF,0.00557364670625057,0.699444082326815,0.29498227096693447
25852,GOF,0.14991211690258577,0.5733150352295204,0.27677284786789386
25853,GOF,0.0677852311219529,0.8214707311588602,0.11074403771918694
25854,GOF,0.005659519381164413,0.732629059307181,0.2617114213116545
25855,GOF,0.025475645038979693,0.7289036995896258,0.24562065537139466
25856,GOF,0.044774391148327854,0.7939389965345841,0.16128661231708785
25857,GOF,0.02564300038623851,0.726951569450936,0.24740543016282543
25858,GOF,0.01046114477214218,0.7432215221345474,0.2463173330933105
25859,GOF,0.007757514940155113,0.7278397782408556,0.2644027068189893
25860,GOF,0.07392118377005479,0.8091462970174805,0.11693251921246466
25861,GOF,0.09000402059745445,0.8191345338469622,0.09086144555558327
25862,GOF,0.022503402993471217,0.893536557064611,0.0839600399419178
25863,GOF,0.02597795388252817,0.8858116233287219,0.08821042278874998
25864,GOF,0.07285890792734237,0.8721101288504093,0.05503096322224832
25865,GOF,0.04970137136202799,0.8629396084953692,0.0873590201426029
25866,GOF,0.027696125208697422,0.884389328773816,0.0879145460174864
25867,GOF,0.04552096873100421,0.8774894432596911,0.07698958800930462
25868,GOF,0.06879793092237046,0.8341247647107982,0.0970773043668313
25869,GOF,0.34585776435953547,0.5775160614480601,0.07662617419240439
25870,GOF,0.05950119158632155,0.6063872093290061,0.3341115990846724
25871,GOF,0.009742676228218118,0.860213582266275,0.1300437415055069
25872,GOF,0.01992223172019441,0.856546804974868,0.12353096330493768
25873,GOF,0.01994060092876163,0.8897923139486142,0.0902670851226243
25874,LOF,0.016138788621841246,0.20333486995189984,0.780526341426259
25875,LOF,0.03509395110484296,0.055394845622732995,0.9095112032724241
25876,LOF,0.018302314293939144,0.038578010842207563,0.9431196748638534
25877,LOF,0.11118391013843468,0.08675411242922863,0.8020619774323368
25878,LOF,0.09940742633226256,0.13744235793340673,0.7631502157343307
25879,LOF,0.01666057168916592,0.09457448726192905,0.8887649410489051
25880,LOF,0.058013136152449504,0.016311648182204725,0.9256752156653457
25881,Neutral,0.5139872699155246,0.07452607261249414,0.4114866574719813
25882,LOF,0.058679175058518815,0.025838139337913995,0.9154826856035673
25883,LOF,0.027886312361389835,0.028341846387930306,0.9437718412506799
25884,LOF,0.01607592141131704,0.05092445884169477,0.9329996197469882
25885,LOF,0.17807372442856367,0.011810570389259537,0.8101157051821768
25886,LOF,0.26744650063946374,0.0582245793420736,0.6743289200184627
25887,LOF,0.11913915367477879,0.09231804366605,0.7885428026591712
25888,LOF,0.008352016374658953,0.1292270636542186,0.8624209199711224
25889,LOF,0.02214646181166734,0.03625221254566868,0.941601325642664
25890,LOF,0.18670442886288147,0.062149521788990594,0.7511460493481279
25891,LOF,0.1260811397112949,0.021666938233089177,0.8522519220556158
25892,LOF,0.010621306845044434,0.036168837452458254,0.9532098557024974
25893,LOF,0.36357592683373274,0.010594435879975665,0.6258296372862916
25894,LOF,0.3969943381651082,0.007137936046943103,0.5958677257879487
25895,LOF,0.37143303577390807,0.014379183472477455,0.6141877807536145
25896,LOF,0.07393920233778142,0.03161142552390961,0.894449372138309
25897,LOF,0.15321800485848353,0.010583696890527176,0.8361982982509892
25898,LOF,0.12062470956004089,0.037406684005142285,0.8419686064348169
25899,LOF,0.41875527393378786,0.030619207048063087,0.5506255190181492
25900,Neutral,0.5024112896909164,0.010886390234634946,0.4867023200744487
25901,LOF,0.06670411936141428,0.013415660952981818,0.9198802196856039
25902,LOF,0.18129682123602972,0.01577096461961673,0.8029322141443535
25903,LOF,0.32839387877185505,0.027952726240891936,0.643653394987253
25904,Neutral,0.5094971860208082,0.04740157806962394,0.44310123590956796
25905,LOF,0.0066613851815154525,0.4273168487652637,0.5660217660532207
25906,LOF,0.008472377697325617,0.0718830493798745,0.9196445729227998
25907,LOF,0.007840965140843696,0.27105464178627087,0.7211043930728854
25908,LOF,0.007301968160177528,0.2763915538580894,0.7163064779817331
25909,LOF,0.029714907928025728,0.10511894419334207,0.8651661478786322
25910,LOF,0.012152551346674008,0.14360637285201555,0.8442410758013104
25911,LOF,0.20584764737972866,0.022616359793598766,0.7715359928266725
25912,LOF,0.10270419363517011,0.021547448557166213,0.8757483578076636
25913,LOF,0.02313108169483925,0.028299769636277807,0.948569148668883
25914,LOF,0.035792187664589414,0.025863229004442153,0.9383445833309684
25915,LOF,0.20142904080325305,0.12080431508092888,0.6777666441158181
25916,LOF,0.024056554929828583,0.06779115486958051,0.908152290200591
25917,LOF,0.06799401358213718,0.027608963657288085,0.9043970227605748
25918,LOF,0.039784434155395565,0.015035359091177711,0.9451802067534267
25919,LOF,0.03547774550655814,0.014226254884108292,0.9502959996093336
25920,LOF,0.3463997733009549,0.2558106019380265,0.3977896247610185
25921,LOF,0.015227806166948264,0.01929614807459177,0.96547604575846
25922,LOF,0.01732045393160772,0.019234646448127533,0.9634448996202648
25923,LOF,0.444835633376787,0.015218776975734618,0.5399455896474783
25924,LOF,0.026272010735505398,0.026126463626766135,0.9476015256377285
25925,LOF,0.09315309539418659,0.027080913088658027,0.8797659915171553
25926,LOF,0.07712834504410727,0.023787261107725863,0.8990843938481667
25927,LOF,0.021544513176566023,0.0470538979227259,0.931401588900708
25928,LOF,0.010854194693739645,0.027723838653058608,0.9614219666532018
25929,Neutral,0.5727619580402669,0.014447729812067524,0.4127903121476657
25930,LOF,0.08276249911225717,0.015233833656910951,0.9020036672308318
25931,LOF,0.013088699402403706,0.01904722915244764,0.9678640714451486
25932,LOF,0.06281091225160192,0.018432244043389685,0.9187568437050084
25933,LOF,0.06276778703163646,0.01094639890225206,0.9262858140661114
25934,LOF,0.05887904129010819,0.009656292419438271,0.9314646662904535
25935,LOF,0.08574505042722476,0.030795891489724787,0.8834590580830504
25936,LOF,0.11165597781899568,0.01100016390816546,0.877343858272839
25937,LOF,0.02116304513537765,0.014683398115253227,0.9641535567493692
25938,LOF,0.08766126342130864,0.026818514502857924,0.8855202220758334
25939,LOF,0.0495549431671712,0.013705975056846086,0.9367390817759828
25940,LOF,0.00893625007839067,0.4560449465759744,0.5350188033456349
25941,LOF,0.44311025722443226,0.04366238351432594,0.5132273592612419
25942,LOF,0.011337636072986683,0.04098594809704043,0.9476764158299729
25943,LOF,0.04601036227480573,0.14736826427593505,0.8066213734492592
25944,LOF,0.03964672369182461,0.06596059394485031,0.8943926823633251
25945,LOF,0.12231419068400952,0.02684651258436591,0.8508392967316245
25946,LOF,0.07165615781222627,0.03957622117309923,0.8887676210146745
25947,Neutral,0.5130960870058722,0.08760830400265836,0.39929560899146954
25948,LOF,0.39913528789814134,0.017436910182276943,0.5834278019195818
25949,LOF,0.1820770013248066,0.08472368068492768,0.7331993179902657
25950,GOF,0.08582183161341853,0.5476140431305337,0.3665641252560477
25951,LOF,0.01566135637378484,0.46003812414156386,0.5243005194846514
25952,LOF,0.24354929141044715,0.21058177005702075,0.545868938532532
25953,LOF,0.009306217846518043,0.2717389934938583,0.7189547886596236
25954,LOF,0.08185209281637905,0.40919494558767555,0.5089529615959455
25955,LOF,0.008305456234889552,0.23453801030626312,0.7571565334588474
25956,LOF,0.016093373061899632,0.3302333094800117,0.6536733174580887
25957,LOF,0.1708302286019613,0.0357961419180799,0.7933736294799588
25958,LOF,0.028373897358246435,0.060726618852515415,0.9108994837892381
25959,GOF,0.006451634633165795,0.7509115976332636,0.2426367677335705
25960,LOF,0.004869287849419019,0.11490490894561453,0.8802258032049665
25961,LOF,0.026179086575705078,0.04880293491759212,0.9250179785067029
25962,LOF,0.053252571426162285,0.06880447343142189,0.8779429551424158
25963,LOF,0.006888756740560739,0.14614634986515757,0.8469648933942817
25964,LOF,0.026817555558863553,0.14836171869893697,0.8248207257421994
25965,LOF,0.28064733133191094,0.1555802114994313,0.5637724571686578
25966,LOF,0.3319279267725413,0.12202852868536754,0.5460435445420911
25967,LOF,0.007335680464122878,0.08746253132778162,0.9052017882080955
25968,LOF,0.04540056118347579,0.24691530791445587,0.7076841309020683
25969,LOF,0.1737399442606797,0.05490743932593699,0.7713526164133834
25970,LOF,0.06414617027742808,0.07169330512196619,0.8641605246006057
25971,LOF,0.07802597304696463,0.03066534803767713,0.8913086789153581
25972,LOF,0.07522406213250799,0.05777667404096527,0.8669992638265267
25973,LOF,0.0653268367595258,0.011097733652067298,0.9235754295884069
25974,LOF,0.04282617089383194,0.043953119152563225,0.9132207099536048
25975,LOF,0.03882954990131847,0.021571573158211774,0.9395988769404697
25976,LOF,0.08457215526725238,0.0129501953138489,0.9024776494188987
25977,LOF,0.24840303826829052,0.05162328153301648,0.6999736801986931
25978,LOF,0.16121771895881057,0.13382018327891598,0.7049620977622735
25979,LOF,0.136203814389151,0.158769776609295,0.705026409001554
25980,LOF,0.20425251172460857,0.21978426103528534,0.5759632272401061
25981,LOF,0.2051287244531514,0.2233076387188588,0.5715636368279898
25982,LOF,0.4221848636616495,0.10531128436371921,0.4725038519746314
25983,LOF,0.42155719697246236,0.13554068820307918,0.4429021148244584
25984,LOF,0.05064243906013711,0.08650448886927506,0.8628530720705878
25985,Neutral,0.523660606050986,0.12736151201819515,0.34897788193081875
25986,LOF,0.011371447819505056,0.4541337752808531,0.5344947768996419
25987,LOF,0.04096382015544821,0.09419165154319671,0.8648445283013549
25988,LOF,0.04556779226782615,0.15054148190642797,0.8038907258257458
25989,LOF,0.0560040403253632,0.20879626270864662,0.7351996969659902
25990,LOF,0.04516922618891178,0.3174018247048224,0.6374289491062658
25991,LOF,0.025625420221273187,0.44731975911114036,0.5270548206675864
25992,LOF,0.018958823183590403,0.4080093537519082,0.5730318230645013
25993,LOF,0.026692640601467938,0.06308971547954251,0.9102176439189896
25994,LOF,0.02232817332719036,0.06744838102381753,0.910223445648992
25995,LOF,0.018719432422733284,0.12286407794116157,0.8584164896361052
25996,GOF,0.3610764936937958,0.3819796588091931,0.2569438474970111
25997,LOF,0.0677305159029936,0.43061563636496364,0.5016538477320427
25998,LOF,0.2503723098928927,0.044122587145537684,0.7055051029615697
25999,LOF,0.04047317998659688,0.110238231892606,0.8492885881207971
26000,LOF,0.1638303949550668,0.014082894240903324,0.82208671080403
26001,LOF,0.2357495494937817,0.018331137880708927,0.7459193126255094
26002,LOF,0.13242236726936776,0.027530114494262185,0.84004751823637
26003,GOF,0.0064680255828348035,0.6271829099916251,0.3663490644255402
26004,GOF,0.01238671316407856,0.606940542526678,0.38067274430924336
26005,LOF,0.0045097673233897104,0.47189301663976796,0.5235972160368423
26006,GOF,0.07968184328455089,0.4994572184471392,0.4208609382683098
26007,GOF,0.008379325962409171,0.4988257320738054,0.4927949419637856
26008,GOF,0.005193937861994466,0.5806070067991017,0.4141990553389038
26009,GOF,0.010108415435338117,0.6255646126672391,0.3643269718974228
26010,GOF,0.006991154633632315,0.5697068788596694,0.4233019665066982
26011,LOF,0.00369186978772391,0.41928767947264384,0.5770204507396323
26012,GOF,0.004333023089144054,0.5640481331148255,0.4316188437960305
26013,GOF,0.008754436578596885,0.5479932471824093,0.4432523162389938
26014,LOF,0.06255800914952638,0.08252536044292777,0.854916630407546
26015,LOF,0.33535076645668294,0.02501805296131914,0.639631180581998
26016,LOF,0.25815438707513777,0.0334948937002075,0.7083507192246549
26017,LOF,0.012156759733699151,0.1572137416840098,0.8306294985822911
26018,LOF,0.02467348483679722,0.07690746498826113,0.8984190501749416
26019,LOF,0.02439979954632042,0.06932269752601863,0.906277502927661
26020,LOF,0.007483896216148048,0.15762601572373466,0.8348900880601173
26021,LOF,0.07792542425423886,0.06428061479126844,0.8577939609544927
26022,LOF,0.03776616547249009,0.03277754745891149,0.9294562870685983
26023,LOF,0.01965255889694907,0.0477768448802614,0.9325705962227896
26024,LOF,0.04823984523246159,0.049830576758218045,0.9019295780093203
26025,LOF,0.1158201131338212,0.0620791654361749,0.8221007214300038
26026,LOF,0.11452210581287761,0.043188265104053214,0.8422896290830691
26027,LOF,0.024341912192166457,0.03108182753425838,0.9445762602735751
26028,LOF,0.07747368448842334,0.16453771181542193,0.7579886036961546
26029,LOF,0.022186239352779392,0.1547547969406834,0.8230589637065372
26030,LOF,0.1208478471230316,0.02364036702221252,0.855511785854756
26031,LOF,0.010359092148771515,0.14416016545982513,0.8454807423914034
26032,LOF,0.03630207740813364,0.04652991819563816,0.9171680043962281
26033,LOF,0.038943931867842514,0.04574046635313376,0.9153156017790237
26034,LOF,0.013817794085338108,0.10986328826863562,0.8763189176460262
26035,LOF,0.010710202289970461,0.10544559379250018,0.8838442039175295
26036,LOF,0.010482700312400329,0.08946143090248321,0.9000558687851165
26037,LOF,0.0105004292953245,0.09760414780662824,0.8918954228980474
26038,LOF,0.03139617163262686,0.04123319542561837,0.9273706329417547
26039,LOF,0.03290160923527089,0.12829697594942865,0.8388014148153005
26040,LOF,0.08159700326247626,0.11858159433193471,0.7998214024055891
26041,LOF,0.013041892564125374,0.09468639195176627,0.8922717154841083
26042,LOF,0.01236433112819552,0.09922377031385528,0.8884118985579491
26043,LOF,0.031034627982141585,0.06610444009180323,0.9028609319260552
26044,LOF,0.008378538734420522,0.04480190262978155,0.946819558635798
26045,LOF,0.07297446478012563,0.1290005969667509,0.7980249382531236
26046,LOF,0.02732550898540698,0.04563782903494611,0.9270366619796468
26047,LOF,0.055230764368967684,0.044719557977754114,0.9000496776532781
26048,LOF,0.08948550090208407,0.01621706193740227,0.8942974371605137
26049,Neutral,0.931453677313115,0.006591414712936707,0.06195490797394825
26050,Neutral,0.8971651931447957,0.006935746706210961,0.09589906014899331
26051,LOF,0.02872577961028641,0.07231077141326708,0.8989634489764465
26052,LOF,0.030641506386917587,0.05558123320101582,0.9137772604120666
26053,LOF,0.020981531325377254,0.1388304858438778,0.8401879828307449
26054,LOF,0.05085786786428514,0.0372266510413155,0.9119154810943993
26055,LOF,0.07789600595806549,0.03173664998600246,0.890367344055932
26056,LOF,0.0636794397999194,0.041807044178006514,0.8945135160220742
26057,LOF,0.05613844959225518,0.021097233111575957,0.9227643172961689
26058,LOF,0.05887402153376567,0.016702965672454453,0.9244230127937799
26059,LOF,0.21627195426447166,0.03882749789394372,0.7449005478415847
26060,LOF,0.018850075916805934,0.14773711573421133,0.8334128083489827
26061,LOF,0.011539535512332676,0.01278087830304579,0.9756795861846215
26062,LOF,0.006260156044142606,0.01875658110706456,0.9749832628487928
26063,LOF,0.040885635440333225,0.015361641842572691,0.9437527227170942
26064,LOF,0.013504934804809887,0.022173946288634953,0.9643211189065553
26065,LOF,0.05037334845963224,0.02017962504498475,0.9294470264953829
26066,LOF,0.03837777775496303,0.015081056216219045,0.9465411660288179
26067,LOF,0.04001246195865191,0.015009729748403188,0.9449778082929449
26068,LOF,0.05036328841605628,0.04989805031404065,0.8997386612699031
26069,LOF,0.2368961451491189,0.032112005658137294,0.7309918491927438
26070,LOF,0.4646972566883095,0.0228886748522468,0.5124140684594438
26071,LOF,0.04070476233638353,0.01840219144170807,0.9408930462219085
26072,LOF,0.007527342652190298,0.023210648608384985,0.9692620087394248
26073,LOF,0.036189306202522066,0.019325836520836054,0.944484857276642
26074,Neutral,0.840229876677504,0.01252102342861555,0.1472490998938803
26075,LOF,0.052854999569171425,0.027424149932061735,0.919720850498767
26076,LOF,0.046504652841980514,0.015719007509752577,0.9377763396482669
26077,LOF,0.1439537186729796,0.00892836849290953,0.847117912834111
26078,LOF,0.007056776150925901,0.019929251520001606,0.9730139723290724
26079,LOF,0.05994240906443839,0.027012414325921136,0.9130451766096405
26080,LOF,0.05926012765176585,0.02728034836558233,0.9134595239826517
26081,LOF,0.03194572491961334,0.01293570704709596,0.9551185680332906
26082,LOF,0.005992739365160855,0.022813906665054656,0.9711933539697845
26083,LOF,0.10219886447443222,0.028499713230395508,0.8693014222951723
26084,LOF,0.09813440260351339,0.024975049417685892,0.8768905479788006
26085,LOF,0.08736109781829085,0.02050373248258474,0.8921351696991243
26086,LOF,0.03873311733692577,0.017719698929749964,0.9435471837333242
26087,LOF,0.03534154483065017,0.016075046830660508,0.9485834083386894
26088,LOF,0.007234600053048292,0.03200738495144737,0.9607580149955043
26089,LOF,0.04421736310833186,0.042111962582838704,0.9136706743088294
26090,LOF,0.04443960127851583,0.0338984319080587,0.9216619668134256
26091,LOF,0.02704159167032493,0.011704382279420578,0.9612540260502545
26092,LOF,0.04582683808845146,0.01265907059565305,0.9415140913158956
26093,LOF,0.07714590128419174,0.008932167063197272,0.9139219316526109
26094,LOF,0.030551706282671832,0.011427748619790788,0.9580205450975373
26095,LOF,0.019260139084859844,0.021732734972806606,0.9590071259423335
26096,LOF,0.2011344291373977,0.0054352104045736135,0.7934303604580286
26097,LOF,0.0070905341870069055,0.04750911817153996,0.9454003476414532
26098,LOF,0.11338196193588564,0.021437815093686367,0.865180222970428
26099,LOF,0.03472988806524481,0.027470446895817388,0.9377996650389377
26100,LOF,0.03472988806524481,0.027470446895817388,0.9377996650389377
26101,LOF,0.0563090098872822,0.04495130791643152,0.8987396821962863
26102,LOF,0.031413675117521536,0.023288632744981247,0.9452976921374973
26103,Neutral,0.8897797424868623,0.032022031653575665,0.07819822585956213
26104,LOF,0.05803442397372147,0.04830753563018913,0.8936580403960894
26105,LOF,0.2656364459179036,0.10274508516216713,0.6316184689199292
26106,LOF,0.30198329783867267,0.05680149392646824,0.641215208234859
26107,LOF,0.01998328019877391,0.07689044026221842,0.9031262795390077
26108,LOF,0.2796047348603563,0.04055523511309878,0.6798400300265449
26109,LOF,0.07719527902524331,0.03568826340931947,0.8871164575654373
26110,LOF,0.4060317061243942,0.013353658144223622,0.5806146357313822
26111,LOF,0.05518156800104156,0.12137443870651929,0.8234439932924392
26112,LOF,0.05187083587446922,0.013560363888316617,0.934568800237214
26113,LOF,0.10752044204987328,0.037163806156655856,0.8553157517934707
26114,LOF,0.09069024071209406,0.0059741610701793775,0.9033355982177266
26115,LOF,0.017575965820525147,0.05002645711115546,0.9323975770683194
26116,LOF,0.07843347640825195,0.021466042180878525,0.9001004814108694
26117,LOF,0.341119975462275,0.05218646629075676,0.6066935582469681
26118,LOF,0.049602212846715656,0.021743607447778635,0.9286541797055057
26119,LOF,0.005746601705851034,0.10249347180193932,0.8917599264922096
26120,LOF,0.037042004476865044,0.02112259144085162,0.9418354040822833
26121,LOF,0.0036635123596304676,0.15216346853324864,0.844173019107121
