feature0,prediction,LoGoFunc_Neutral,LoGoFunc_GOF,LoGoFunc_LOF
25546,Neutral,0.6627653302685421,0.0639278053654232,0.2733068643660347
25547,LOF,0.3324284447481606,0.27700404625881997,0.3905675089930195
25548,LOF,0.2916804857353217,0.16435179825834062,0.5439677160063376
25549,LOF,0.21216171821939256,0.19152415241918538,0.5963141293614221
25550,Neutral,0.6092382621519626,0.06620945053449627,0.32455228731354113
25551,Neutral,0.4841066722132452,0.058341075654519875,0.45755225213223494
25552,LOF,0.10863340890090877,0.21141686673621038,0.6799497243628808
25553,Neutral,0.4745635703434979,0.06288512135578361,0.46255130830071844
25554,LOF,0.15217840219618797,0.2406471945079371,0.607174403295875
25555,LOF,0.10611465321501815,0.1945600460355631,0.6993253007494187
25556,LOF,0.17775579061366698,0.1926640840095187,0.6295801253768143
25557,LOF,0.09469547958785993,0.19514313574280004,0.7101613846693401
25558,LOF,0.17815633897361696,0.1890141604559564,0.6328295005704265
25559,LOF,0.41167863463663074,0.15062792762528773,0.4376934377380816
25560,LOF,0.04817996524528623,0.466839484005783,0.4849805507489307
25561,LOF,0.10836127532523239,0.33523804088274717,0.5564006837920205
25562,LOF,0.2923846955919252,0.11883515072059307,0.5887801536874817
25563,Neutral,0.5142274087273059,0.06083671350361628,0.42493587776907776
25564,LOF,0.05119049177322997,0.3704154905171233,0.5783940177096467
25565,LOF,0.10833446832284264,0.24316425365886776,0.6485012780182896
25566,GOF,0.04506307547387439,0.5736731055524383,0.3812638189736872
25567,LOF,0.4556449853254554,0.06012567475109535,0.48422933992344935
25568,Neutral,0.7031127273939092,0.06673571724420195,0.2301515553618889
25569,Neutral,0.6678386221625171,0.07312188721746608,0.25903949062001685
25570,LOF,0.0630717839443947,0.12427282809819516,0.8126553879574101
25571,LOF,0.06920550377245797,0.10271659644008568,0.8280778997874563
25572,LOF,0.358736319174975,0.0729826429304578,0.5682810378945672
25573,LOF,0.43017882833076987,0.09959888528910285,0.47022228638012725
25574,GOF,0.07911695942078911,0.6284193997970932,0.29246364078211773
25575,LOF,0.08478656684209751,0.0803664641483122,0.8348469690095902
25576,LOF,0.41275590464816475,0.03866174157873057,0.5485823537731046
25577,LOF,0.41359390302943594,0.05752521808148355,0.5288808788890805
25578,Neutral,0.4288550120540026,0.2017026411788003,0.36944234676719717
25579,Neutral,0.4288550120540026,0.2017026411788003,0.36944234676719717
25580,LOF,0.054371438004841344,0.13272528257329047,0.8129032794218681
25581,Neutral,0.7031127273939092,0.06673571724420195,0.2301515553618889
25582,Neutral,0.7031127273939092,0.06673571724420195,0.2301515553618889
25583,LOF,0.06749362239022569,0.14594899144094953,0.7865573861688249
25584,GOF,0.3467623925589457,0.39332521177487,0.2599123956661842
25585,LOF,0.36137454238930794,0.10299778300148364,0.5356276746092085
25586,LOF,0.06232888999425611,0.17561960854182512,0.7620515014639188
25587,LOF,0.055726260129330636,0.2680117363383706,0.6762620035322988
25588,LOF,0.05021492231842325,0.24609363090466485,0.703691446776912
25589,Neutral,0.5890344269076492,0.3151037076240004,0.09586186546835045
25590,LOF,0.3352982439020951,0.20759236152830007,0.4571093945696047
25591,Neutral,0.688741614162923,0.06771279590517448,0.24354558993190245
25592,LOF,0.05576536397369553,0.16750624838978923,0.7767283876365153
25593,GOF,0.09001009938215672,0.6284354635445126,0.2815544370733306
25594,Neutral,0.6898670526256827,0.052680197935775365,0.2574527494385421
25595,Neutral,0.6753374191940319,0.078143765558714,0.24651881524725416
25596,Neutral,0.4881679039020207,0.13387454164603044,0.3779575544519489
25597,LOF,0.41449797077425937,0.10626836353219324,0.4792336656935473
25598,Neutral,0.7444720681852649,0.049183039060744914,0.2063448927539902
25599,GOF,0.041330649290662665,0.758738476049553,0.1999308746597842
25600,GOF,0.044979736248857295,0.6761889145253771,0.27883134922576563
25601,GOF,0.04641564071325686,0.6767482628895699,0.27683609639717327
25602,LOF,0.4491607839149802,0.061117924241667766,0.489721291843352
25603,LOF,0.05519561875095841,0.23936263939204375,0.7054417418569978
25604,Neutral,0.36379411005481216,0.29899726201592264,0.3372086279292652
25605,LOF,0.03129786786175729,0.4566047836215137,0.512097348516729
25606,GOF,0.0317755599261314,0.6603617725079788,0.30786266756588987
25607,LOF,0.02541726106740262,0.3379321395534712,0.6366505993791263
25608,LOF,0.3380870221416098,0.14708697488728903,0.5148260029711011
25609,LOF,0.20495194632899275,0.18520836299777158,0.6098396906732356
25610,LOF,0.07242544536707998,0.1515047956183348,0.7760697590145852
25611,LOF,0.0742380831048479,0.12807280848686897,0.7976891084082832
25612,Neutral,0.6647556040623065,0.06156662670112068,0.27367776923657283
25613,Neutral,0.6349840807842909,0.05383035230612615,0.3111855669095831
25614,LOF,0.06479460893903277,0.1281732772302242,0.8070321138307431
25615,LOF,0.2672639968849586,0.14326561266676255,0.5894703904482788
25616,LOF,0.05757241630918627,0.1907640724760759,0.7516635112147377
25617,LOF,0.0590159344902177,0.14687330868897241,0.79411075682081
25618,LOF,0.06051677402600514,0.12260422949944305,0.8168789964745519
25619,LOF,0.06788790180599652,0.2782515546976707,0.6538605434963327
25620,LOF,0.06495580743855073,0.1618750358843097,0.7731691566771396
25621,LOF,0.3870060256607711,0.07405468373265753,0.5389392906065714
25622,LOF,0.3994284751828876,0.08136904956675872,0.5192024752503537
25623,LOF,0.4007569610994504,0.09311964386089161,0.506123395039658
25624,LOF,0.05282900256234924,0.2001859496934272,0.7469850477442237
25625,LOF,0.31190317733757295,0.08890961726780021,0.5991872053946269
25626,Neutral,0.6560991829469437,0.05630683812840001,0.2875939789246563
25627,GOF,0.03499978641519114,0.629593706875356,0.3354065067094529
25628,Neutral,0.4828877582831599,0.09565849749132291,0.4214537442255172
25629,Neutral,0.6770039590907311,0.07261150626505332,0.2503845346442157
25630,LOF,0.09207065910342752,0.3185252395280589,0.5894041013685135
25631,Neutral,0.5083353907825701,0.2986771874962573,0.19298742172117267
25632,LOF,0.34538244874190016,0.06049412576996091,0.5941234254881389
25633,Neutral,0.4288550120540026,0.2017026411788003,0.36944234676719717
25634,Neutral,0.6970620498392919,0.06906169873676753,0.23387625142394067
25635,LOF,0.06592222531000688,0.1622927927225338,0.7717849819674594
25636,GOF,0.050713765411768634,0.7380690561161166,0.21121717847211485
25637,GOF,0.045168953225560145,0.6174236040876386,0.3374074426868012
25638,GOF,0.03261526265671447,0.7586507753841268,0.20873396195915878
25639,GOF,0.04716772904780135,0.5208481659859282,0.4319841049662705
25640,GOF,0.1250357696229638,0.7541621583452105,0.12080207203182572
25641,LOF,0.04380972543176736,0.4146976771586837,0.541492597409549
25642,Neutral,0.6734770861894537,0.07079949098483437,0.25572342282571203
25643,Neutral,0.4215261053439105,0.1824578904620186,0.39601600419407085
25644,GOF,0.034239480415556724,0.6865782974113191,0.27918222217312416
25645,GOF,0.038109052816916636,0.6872590053955583,0.27463194178752504
25646,GOF,0.03162644321193743,0.6398748183556638,0.32849873843239885
25647,GOF,0.0723950279482676,0.6029999424812227,0.32460502957050974
25648,GOF,0.049644269073692175,0.78537661466833,0.16497911625797784
25649,GOF,0.06562381267866316,0.7132336388494612,0.22114254847187556
25650,GOF,0.045269589431178564,0.579843111493355,0.3748872990754664
25651,LOF,0.0364728876511756,0.47489847290118,0.4886286394476443
25652,LOF,0.04900128560881945,0.444090690917093,0.5069080234740875
25653,GOF,0.0483108367922895,0.4795905335811719,0.47209862962653854
25654,GOF,0.06387599818999315,0.5946341013906665,0.3414899004193403
25655,GOF,0.05609011040696564,0.725533147870866,0.21837674172216845
25656,LOF,0.06010083541759569,0.22137920140206327,0.718519963180341
25657,Neutral,0.5624088781786348,0.026110909909675423,0.41148021191168965
25658,GOF,0.06877765371913827,0.5296522584653953,0.4015700878154665
25659,LOF,0.15993348394419774,0.35095664463732823,0.489109871418474
25660,LOF,0.0861768428198135,0.2746438184456405,0.6391793387345459
25661,LOF,0.07286894411916546,0.2400134324425441,0.6871176234382904
25662,LOF,0.06334637706994685,0.21107580781999882,0.7255778151100544
25663,LOF,0.06803689457236964,0.11169465173025857,0.8202684536973718
25664,LOF,0.42401881715726647,0.12226336779501411,0.4537178150477195
25665,Neutral,0.6267841083107588,0.07303270791494035,0.30018318377430087
25666,LOF,0.3274745219193926,0.05247488914375132,0.6200505889368562
25667,LOF,0.06718551204604437,0.1741439664100446,0.758670521543911
25668,LOF,0.057423563808647216,0.14446142996195294,0.7981150062293999
25669,LOF,0.055205227718700345,0.16275356610811412,0.7820412061731855
25670,LOF,0.4224210979907296,0.08852983076795233,0.4890490712413181
25671,LOF,0.058932730130457356,0.21576790815323793,0.7252993617163047
25672,Neutral,0.6383821524820568,0.07472262935644769,0.2868952181614956
25673,LOF,0.2534668090548412,0.16560675275782558,0.5809264381873331
25674,LOF,0.39785509700158944,0.16262560792262037,0.43951929507579024
25675,Neutral,0.46085682339057404,0.147428817253893,0.39171435935553295
25676,LOF,0.05824058912953698,0.1731312633562958,0.7686281475141671
25677,LOF,0.0730052076986341,0.15180566556516145,0.7751891267362043
25678,Neutral,0.4734271650959242,0.1393655844843059,0.38720725041977
25679,Neutral,0.5052932533496528,0.1125521318968657,0.38215461475348156
25680,LOF,0.11331367498325694,0.15572398324372982,0.7309623417730132
25681,LOF,0.11353275477404648,0.15574742403408898,0.7307198211918645
25682,LOF,0.07359591406583836,0.2973691822964077,0.629034903637754
25683,LOF,0.3461390001711126,0.3007797924559514,0.3530812073729361
25684,LOF,0.054093373755059834,0.23443379402593803,0.7114728322190023
25685,Neutral,0.38076514012883167,0.24210877624045676,0.37712608363071143
25686,GOF,0.0821107138339594,0.6469812981374744,0.27090798802856625
25687,GOF,0.07868649543636705,0.7796719280051104,0.14164157655852264
25688,GOF,0.04010437063355891,0.5020469922022881,0.45784863716415297
25689,LOF,0.02467093965515457,0.45461619157868727,0.5207128687661582
25690,GOF,0.024159339426269313,0.5018468580466436,0.4739938025270871
25691,GOF,0.05123441854975776,0.5432793909380113,0.40548619051223095
25692,Neutral,0.453398284883918,0.13774771769694777,0.4088539974191343
25693,GOF,0.1455458865403679,0.6139205195388969,0.24053359392073523
25694,Neutral,0.5229581966176496,0.04191833365091016,0.43512346973144017
25695,LOF,0.18783787237340901,0.1437301852990888,0.6684319423275021
25696,LOF,0.39119110796093887,0.10908483111888487,0.49972406092017624
25697,Neutral,0.4671992921928275,0.20639947745328596,0.3264012303538865
25698,GOF,0.06277959449548579,0.7833379781967453,0.15388242730776874
25699,GOF,0.03835248761428066,0.7397341227831584,0.22191338960256096
25700,LOF,0.05812517633455791,0.11732863104406911,0.824546192621373
25701,GOF,0.036862560507092315,0.5980723734908044,0.36506506600210314
25702,GOF,0.058711478045186526,0.6667775432588748,0.27451097869593877
25703,LOF,0.3849519725085691,0.046383926734329665,0.5686641007571012
25704,LOF,0.07161508207369675,0.10479592274858127,0.8235889951777219
25705,LOF,0.10730210818611088,0.18972716838977727,0.7029707234241119
25706,GOF,0.0532286895685946,0.7052058841577031,0.24156542627370226
25707,LOF,0.04496630193760582,0.4488518202697534,0.5061818777926408
25708,LOF,0.06636495300773881,0.4166102630761958,0.5170247839160653
25709,LOF,0.05233098888189592,0.19559444199532774,0.7520745691227763
25710,Neutral,0.4225261946165134,0.18471449179388594,0.39275931358960076
25711,LOF,0.056414802404260174,0.22280392660072268,0.7207812709950172
25712,LOF,0.4114887656522908,0.1066441361514848,0.48186709819622436
25713,LOF,0.06896938905084629,0.3036907223679064,0.6273398885812473
25714,LOF,0.08831181523810856,0.2604643444413081,0.6512238403205833
25715,LOF,0.05958840859034109,0.3677367858670316,0.5726748055426273
25716,LOF,0.403261259116215,0.12136124661603902,0.47537749426774606
25717,LOF,0.4264485281283042,0.12771053607705604,0.44584093579463985
25718,LOF,0.05611152147432979,0.23951379496648773,0.7043746835591825
25719,LOF,0.06438981614629097,0.1869697093757341,0.748640474477975
25720,LOF,0.0616153446723182,0.11247134441042946,0.8259133109172523
25721,LOF,0.0658046828486374,0.19865590853819484,0.7355394086131677
25722,LOF,0.06729635821351439,0.24663178281511264,0.686071858971373
25723,LOF,0.058208170407394774,0.33697880126204127,0.604813028330564
25724,LOF,0.05842256542117854,0.1675520358950153,0.774025398683806
25725,LOF,0.06019196171956655,0.16505316572943404,0.7747548725509994
25726,LOF,0.06040711170531702,0.22274447280813595,0.716848415486547
25727,LOF,0.06229993821116641,0.22505793122103684,0.7126421305677967
25728,LOF,0.05988999837148907,0.22349279943792172,0.7166172021905891
25729,LOF,0.05988999837148907,0.22349279943792172,0.7166172021905891
25730,LOF,0.05964952121973755,0.23400058271557309,0.7063498960646892
25731,LOF,0.29314432353301345,0.050997564379431586,0.655858112087555
25732,LOF,0.07319626551074489,0.17476327998451577,0.7520404545047394
25733,LOF,0.0525191546857361,0.20175348845199614,0.7457273568622677
25734,LOF,0.33698019881716895,0.12027846575839611,0.5427413354244349
25735,LOF,0.05566960157775635,0.19291890353463495,0.7514114948876086
25736,LOF,0.05680714239065994,0.17588318064466438,0.7673096769646757
25737,LOF,0.05525959972799808,0.18650774440074602,0.7582326558712559
25738,LOF,0.061219843840139954,0.29885494463337126,0.6399252115264887
25739,LOF,0.05782147499997823,0.24131876175173295,0.7008597632482888
25740,LOF,0.09729922855683257,0.18237783291154294,0.7203229385316244
25741,LOF,0.10352739959537598,0.1907061742774961,0.705766426127128
25742,LOF,0.1131672973347071,0.17526739739624334,0.7115653052690496
25743,LOF,0.31940373446142434,0.09623392975434567,0.58436233578423
25744,GOF,0.03950145978283562,0.5832735335756735,0.37722500664149095
25745,GOF,0.04926788081460395,0.7155616436881498,0.23517047549724623
25746,GOF,0.05691631762395444,0.6963439115096445,0.24673977086640117
25747,LOF,0.053387005238578596,0.1738276312569142,0.7727853635045072
25748,Neutral,0.4288550120540026,0.2017026411788003,0.36944234676719717
25749,GOF,0.03403500287279943,0.6818947817235822,0.2840702154036183
25750,GOF,0.034363223254468875,0.708237670790585,0.2573991059549462
25751,LOF,0.052789140344215314,0.2672766687474069,0.6799341909083779
25752,GOF,0.24358073203040442,0.41748679595295823,0.3389324720166374
25753,LOF,0.3193191875962559,0.12766171467162957,0.5530190977321147
25754,GOF,0.03112488103327977,0.6503753301200591,0.3184997888466611
25755,LOF,0.2331372769971839,0.15695988776487052,0.6099028352379456
25756,Neutral,0.6827536613647188,0.058404068561119245,0.25884227007416205
25757,GOF,0.03898120819333988,0.6581389192526643,0.3028798725539958
25758,GOF,0.030577232164229026,0.7153008383736313,0.2541219294621396
25759,GOF,0.02738504653658216,0.6774328070237536,0.29518214643966434
25760,LOF,0.35119741631455165,0.19715934619727302,0.4516432374881753
25761,GOF,0.027922376075613573,0.7160683851401496,0.2560092387842369
25762,Neutral,0.6970620498392919,0.06906169873676753,0.23387625142394067
25763,LOF,0.35945428828715237,0.065889637651391,0.5746560740614567
25764,GOF,0.19307980565193894,0.5313462629415794,0.2755739314064817
25765,GOF,0.03431594727763533,0.6978568947721514,0.2678271579502133
25766,GOF,0.06684623360101306,0.7075365966855797,0.22561716971340717
25767,GOF,0.038781952886064286,0.7056979993371365,0.2555200477767992
25768,LOF,0.05784868937729431,0.1657709725768759,0.7763803380458298
25769,LOF,0.06345962638204514,0.14447915519814167,0.7920612184198133
25770,Neutral,0.6347925134465229,0.05425386664183309,0.31095361991164394
25771,LOF,0.36160870064099937,0.052532284391968415,0.5858590149670323
25772,LOF,0.07443343547225433,0.11561970092668646,0.8099468636010592
25773,LOF,0.4721925986250792,0.05538360857042681,0.4724237928044941
25774,Neutral,0.6770039590907311,0.07261150626505332,0.2503845346442157
25775,LOF,0.269469568385509,0.07822050615394589,0.6523099254605451
25776,LOF,0.05929477567678553,0.1351520866395513,0.8055531376836631
25777,Neutral,0.6240853916791896,0.07126856956431007,0.3046460387565003
25778,LOF,0.06657515256743336,0.1088121866468325,0.824612660785734
25779,GOF,0.0636233557229278,0.7197024450964049,0.21667419918066733
25780,GOF,0.05066366777852995,0.7775329238007205,0.17180340842074965
25781,GOF,0.04797866185470092,0.7743973523603592,0.17762398578493993
25782,GOF,0.04978917457401542,0.7857919395607746,0.16441888586520995
25783,GOF,0.06817876395000441,0.7739455413239907,0.15787569472600488
25784,GOF,0.056102424045763044,0.7389180094916051,0.20497956646263174
25785,GOF,0.05011347815683373,0.7388475746847646,0.21103894715840166
25786,GOF,0.052410774803682524,0.7135199971576309,0.2340692280386866
25787,GOF,0.04791952897580903,0.5720540567483275,0.3800264142758635
25788,LOF,0.049848900143837756,0.1591195410886152,0.791031558767547
25789,GOF,0.055231539421396574,0.8290483401259863,0.11572012045261723
25790,GOF,0.05411770381423759,0.7538653957191612,0.19201690046660114
25791,GOF,0.04830499480023314,0.653282725763679,0.2984122794360878
25792,GOF,0.0492830650368363,0.6610686546399327,0.28964828032323103
25793,GOF,0.037998966307475374,0.7320120563243883,0.22998897736813625
25794,GOF,0.05465945916979787,0.7324670361969082,0.21287350463329383
25795,GOF,0.0713267274847902,0.7170786552236701,0.21159461729153978
25796,GOF,0.0625008500526234,0.7647577629222477,0.17274138702512898
25797,GOF,0.0634129440089285,0.780827156152087,0.15575989983898464
25798,GOF,0.06123492537837272,0.7736643474291927,0.16510072719243457
25799,GOF,0.056253536811358015,0.780746559191857,0.1629999039967849
25800,GOF,0.05458029550496975,0.7996158872846791,0.14580381721035116
25801,GOF,0.04533914208643686,0.7862226783974771,0.16843817951608606
25802,GOF,0.056413876303580156,0.7863977187249407,0.15718840497147912
25803,GOF,0.048383907180671794,0.7759114571618939,0.17570463565743424
25804,GOF,0.08635857735988513,0.7462369688642665,0.1674044537758485
25805,GOF,0.06199670317047008,0.7777557188448404,0.1602475779846895
25806,GOF,0.05729105359030551,0.7811519184192259,0.16155702799046862
25807,GOF,0.046881101787678126,0.7548290416915078,0.1982898565208141
25808,GOF,0.06082652431385016,0.7463442839882939,0.1928291916978559
25809,GOF,0.0432484785877624,0.7089035148799555,0.24784800653228223
25810,GOF,0.04132316933846851,0.7406582055931885,0.2180186250683429
25811,GOF,0.04950933290324734,0.5618259051219582,0.38866476197479455
25812,GOF,0.05184489825983281,0.7886202206643786,0.15953488107578853
25813,GOF,0.0611557020798437,0.7671267964901749,0.1717175014299815
25814,GOF,0.06403974842669476,0.7713413612871677,0.16461889028613758
25815,GOF,0.05764028656313695,0.7490966777595772,0.19326303567728592
25816,GOF,0.03875099104897948,0.7800396048229707,0.1812094041280498
25817,GOF,0.03649005399660653,0.7670058529395041,0.1965040930638895
25818,GOF,0.03596247675722809,0.6837646533488211,0.2802728698939509
25819,GOF,0.06992780842859973,0.7004421704295786,0.2296300211418216
25820,GOF,0.06693594301558523,0.7199892229952713,0.21307483398914345
25821,GOF,0.068044944535323,0.7273814255511792,0.20457362991349778
25822,GOF,0.07151597307936942,0.6900302591828328,0.23845376773779778
25823,GOF,0.10642168818505122,0.5802553198702726,0.31332299194467633
25824,GOF,0.08961782467440559,0.6222771254680431,0.28810504985755137
25825,GOF,0.08682592982067425,0.6234403224150528,0.289733747764273
25826,GOF,0.08961782467440559,0.6222771254680431,0.28810504985755137
25827,GOF,0.06543291666970634,0.6951813366611456,0.23938574666914814
25828,GOF,0.06254702891630143,0.6700819305264263,0.26737104055727234
25829,LOF,0.3985322723782533,0.06375644742954896,0.5377112801921977
25830,LOF,0.052440156932208756,0.2629316340824178,0.6846282089853736
25831,GOF,0.061849320450353636,0.612621270802529,0.32552940874711744
25832,GOF,0.057005690650347676,0.6665623916290971,0.27643191772055525
25833,GOF,0.05739776718293486,0.6783374826349072,0.264264750182158
25834,GOF,0.05364425564583665,0.6277901888176555,0.318565555536508
25835,GOF,0.05910913851315295,0.7037408074283792,0.2371500540584679
25836,GOF,0.05530887662486959,0.6762464370381347,0.26844468633699564
25837,GOF,0.07649686760875808,0.5883384231895921,0.33516470920164987
25838,GOF,0.07315772416867831,0.5919550463446323,0.33488722948668936
25839,GOF,0.07987264726496753,0.5789581844124991,0.34116916832253336
25840,GOF,0.04199081663009674,0.6644761149196117,0.2935330684502916
25841,GOF,0.04233140290343667,0.6479895599360823,0.3096790371604811
25842,GOF,0.040618331497423596,0.7142996931684568,0.24508197533411963
25843,GOF,0.04199310774998821,0.7127374175557,0.2452694746943118
25844,GOF,0.038860158520464,0.6913417056119943,0.2697981358675417
25845,GOF,0.03835809144030222,0.7322736732754768,0.22936823528422112
25846,GOF,0.03784016815195117,0.6909659924095002,0.27119383943854863
25847,GOF,0.06662092402148843,0.6656449040817671,0.2677341718967446
25848,GOF,0.04760090077319305,0.7343605070317983,0.21803859219500865
25849,GOF,0.04521171726190896,0.7331034648150714,0.2216848179230197
25850,GOF,0.09302688970069865,0.7401810463475683,0.1667920639517329
25851,GOF,0.10073595839121555,0.733039485651771,0.1662245559570135
25852,GOF,0.19940095628398385,0.47364327056837374,0.3269557731476424
25853,GOF,0.05248536031944496,0.7420212255151426,0.20549341416541242
25854,GOF,0.0417271820082555,0.7620639528747708,0.19620886511697355
25855,GOF,0.07952922851713441,0.7298923023598064,0.1905784691230592
25856,GOF,0.07388637671873109,0.7368406182848722,0.18927300499639674
25857,GOF,0.08086243924912395,0.7479284440381485,0.17120911671272757
25858,GOF,0.06847883271756311,0.6491473240210727,0.28237384326136417
25859,GOF,0.067476330543835,0.6670222300927243,0.26550143936344067
25860,GOF,0.07155400777245784,0.6283664719395805,0.30007952028796153
25861,GOF,0.05127897366999789,0.6704724922299815,0.27824853410002065
25862,GOF,0.04041980375887794,0.7538194638135863,0.20576073242753565
25863,GOF,0.04456908702442397,0.7348581511453743,0.22057276183020175
25864,GOF,0.045603151287367576,0.7553882651738599,0.19900858353877243
25865,GOF,0.05067611792454096,0.7556869978438249,0.1936368842316342
25866,GOF,0.04663823312602868,0.7534953203921668,0.19986644648180452
25867,GOF,0.04623678491711787,0.7527138945882456,0.20104932049463659
25868,GOF,0.05954897063421263,0.7131717049720495,0.22727932439373794
25869,GOF,0.06366817778918904,0.6675538565673389,0.2687779656434721
25870,LOF,0.05621779032412389,0.18732470484746935,0.7564575048284068
25871,GOF,0.04760240624594225,0.6369884502844932,0.31540914346956456
25872,GOF,0.057688267748180595,0.5438394528363812,0.3984722794154382
25873,GOF,0.06716571939965375,0.6214809773031051,0.3113533032972411
25874,LOF,0.06417881538031178,0.1299609713149815,0.8058602133047068
25875,GOF,0.0751501937200466,0.6937708573047272,0.23107894897522613
25876,LOF,0.3950125604256817,0.09509087333035186,0.5098965662439664
25877,GOF,0.08544186608457105,0.6257880450057085,0.2887700889097205
25878,GOF,0.07532728618186664,0.6971598632509297,0.22751285056720366
25879,GOF,0.05423940578411111,0.6725625522988259,0.2731980419170631
25880,LOF,0.06314225209136815,0.17947276337880322,0.7573849845298287
25881,Neutral,0.7661902385165933,0.14349293293561033,0.09031682854779635
25882,Neutral,0.455586255085371,0.13780379733659912,0.40660994757803
25883,LOF,0.06485420618683069,0.10977143698313911,0.8253743568300302
25884,LOF,0.4274171528858742,0.07906687976157928,0.49351596735254655
25885,Neutral,0.6088632417822359,0.024554444732041575,0.36658231348572257
25886,Neutral,0.4288550120540026,0.2017026411788003,0.36944234676719717
25887,GOF,0.3775216306107453,0.4951533211553528,0.12732504823390195
25888,GOF,0.04808479791554527,0.7254278146365486,0.2264873874479061
25889,LOF,0.29523291503051535,0.1239907980902965,0.5807762868791883
25890,LOF,0.17301196802652252,0.232041628618192,0.5949464033552856
25891,LOF,0.2821607307370589,0.09561498206140404,0.6222242872015371
25892,LOF,0.019128233481269134,0.4069259433725239,0.5739458231462069
25893,LOF,0.4012814925845532,0.09377247263012227,0.5049460347853246
25894,LOF,0.37342975646497406,0.16877266868573285,0.45779757484929307
25895,Neutral,0.46960595225859203,0.19789655558662445,0.3324974921547836
25896,Neutral,0.6450252009534841,0.055000734687053535,0.2999740643594622
25897,LOF,0.22634856300102066,0.22066631487498675,0.5529851221239925
25898,GOF,0.09890555589489604,0.7204704003057172,0.18062404379938685
25899,Neutral,0.4288550120540026,0.2017026411788003,0.36944234676719717
25900,Neutral,0.8100944020259355,0.04965787758120121,0.14024772039286323
25901,LOF,0.0678575399492195,0.18558778014081911,0.7465546799099614
25902,LOF,0.3940935890580727,0.10163717879808246,0.5042692321438449
25903,LOF,0.1970395879676983,0.370962989417685,0.43199742261461677
25904,Neutral,0.4288550120540026,0.2017026411788003,0.36944234676719717
25905,LOF,0.05814131607498371,0.44852024593461176,0.4933384379904046
25906,LOF,0.39790036663872574,0.0846920667585571,0.5174075666027171
25907,GOF,0.04600467713265208,0.5190689801696727,0.4349263426976751
25908,GOF,0.04659608455568368,0.5480318099603732,0.40537210548394303
25909,LOF,0.052584448524053376,0.4688586766549127,0.4785568748210339
25910,LOF,0.017371316175794432,0.48651975225129307,0.49610893157291236
25911,Neutral,0.6868075615662977,0.05724118298800116,0.25595125544570113
25912,LOF,0.3833149003461272,0.04639937407394174,0.5702857255799312
25913,GOF,0.026001162257424645,0.5334566875719623,0.44054215017061304
25914,LOF,0.06803691483367547,0.23317432624408038,0.6987887589222441
25915,GOF,0.06584797514098778,0.7639759447456711,0.17017608011334098
25916,GOF,0.06032298963561247,0.7742606518095202,0.1654163585548672
25917,Neutral,0.7487928170651856,0.05147397710791049,0.19973320582690401
25918,LOF,0.055090266911072425,0.2436376564846675,0.70127207660426
25919,LOF,0.05533777685948864,0.14156939595131438,0.803092827189197
25920,GOF,0.3273019017513407,0.34484984193942847,0.3278482563092308
25921,LOF,0.2638369865714553,0.1063003834369648,0.6298626299915798
25922,LOF,0.2543044803676837,0.08019643810503926,0.665499081527277
25923,Neutral,0.4288550120540026,0.2017026411788003,0.36944234676719717
25924,LOF,0.3643294229286563,0.09045085537165179,0.545219721699692
25925,Neutral,0.6344036645117516,0.06864575911715384,0.2969505763710945
25926,Neutral,0.684144373014052,0.07534256488281948,0.24051306210312853
25927,GOF,0.038818189041623916,0.5645544621587332,0.39662734879964295
25928,LOF,0.34864131881252486,0.08422145314295865,0.5671372280445165
25929,Neutral,0.4288550120540026,0.2017026411788003,0.36944234676719717
25930,LOF,0.05986972860587056,0.12555905583192473,0.8145712155622047
25931,LOF,0.42272788297673114,0.08926004747952591,0.4880120695437428
25932,LOF,0.08077822931637632,0.10178743708641025,0.8174343335972134
25933,LOF,0.07342529570001306,0.13975218643771786,0.786822517862269
25934,LOF,0.07062331749720512,0.12991490883310688,0.7994617736696881
25935,Neutral,0.6770039590907311,0.07261150626505332,0.2503845346442157
25936,LOF,0.059767793675095986,0.11975628161638803,0.8204759247085159
25937,LOF,0.36197960938545376,0.14822883463310632,0.48979155598144003
25938,Neutral,0.6868075615662977,0.05724118298800116,0.25595125544570113
25939,LOF,0.05424153370995469,0.1711045107675524,0.7746539555224928
25940,GOF,0.12187718978369068,0.6624353025729355,0.21568750764337394
25941,Neutral,0.46383396596913723,0.20864177978467252,0.3275242542461902
25942,LOF,0.2934519285729977,0.12716374593470417,0.5793843254922982
25943,GOF,0.01866845728245513,0.5215479494701762,0.4597835932473686
25944,GOF,0.018486900895506954,0.5191184048806612,0.46239469422383184
25945,LOF,0.052518283013053495,0.19243838424097828,0.7550433327459682
25946,LOF,0.3416241188808309,0.04663996390463049,0.6117359172145386
25947,Neutral,0.6597500063778162,0.05981521745265829,0.28043477616952556
25948,LOF,0.3769947114246364,0.09649558324639765,0.526509705328966
25949,LOF,0.4304311320291796,0.09731018076439207,0.47225868720642833
25950,GOF,0.060697963119855,0.7302489567626979,0.20905308011744717
25951,GOF,0.030917502052813572,0.7747109617208634,0.19437153622632308
25952,LOF,0.1844906379746021,0.3956592632565369,0.419850098768861
25953,GOF,0.05404563385334232,0.5040844726444691,0.44186989350218847
25954,GOF,0.03747021179321162,0.7421864698929475,0.22034331831384085
25955,GOF,0.020707720598603027,0.6681598057519185,0.31113247364947844
25956,GOF,0.06799537117449897,0.512694242373662,0.419310386451839
25957,Neutral,0.6092930115409384,0.06851994808630811,0.3221870403727536
25958,LOF,0.0689619488555873,0.09930540134035816,0.8317326498040545
25959,GOF,0.02803035484958393,0.6238663618205154,0.34810328332990076
25960,LOF,0.321774146757575,0.08250386632416869,0.5957219869182564
25961,LOF,0.04513521745738199,0.4377847447150554,0.5170800378275626
25962,LOF,0.3950690864870313,0.08597605203989223,0.5189548614730765
25963,GOF,0.021421174998541178,0.6386587590958888,0.3399200659055702
25964,LOF,0.10186646241529755,0.26449901328658826,0.6336345242981142
25965,GOF,0.16568623617817818,0.6135434757020962,0.22077028811972566
25966,Neutral,0.4288550120540026,0.2017026411788003,0.36944234676719717
25967,LOF,0.31259560752182464,0.08073844073426426,0.6066659517439111
25968,GOF,0.2215583029058443,0.5688186288959833,0.2096230681981723
25969,Neutral,0.5099872727754197,0.10149459066119568,0.3885181365633847
25970,Neutral,0.4742063817731572,0.128094692765743,0.39769892546109986
25971,LOF,0.11223268342885608,0.18692145292673654,0.7008458636444074
25972,LOF,0.0977882366488732,0.2069022818086569,0.6953094815424699
25973,LOF,0.30238747502358376,0.08058835901736144,0.6170241659590548
25974,GOF,0.0452576781350973,0.7102054740558406,0.24453684780906218
25975,LOF,0.06426380459908614,0.1065263924075547,0.8292098029933591
25976,LOF,0.3767069840020345,0.027191321814629694,0.5961016941833358
25977,Neutral,0.5312845134230961,0.04412317801388852,0.42459230856301544
25978,LOF,0.17596703417172768,0.18782780036046126,0.636205165467811
25979,LOF,0.0982236919118099,0.23827322786910757,0.6635030802190826
25980,LOF,0.20077271114209297,0.37207936870237196,0.42714792015553515
25981,GOF,0.21082792637262024,0.4379861253181469,0.35118594830923294
25982,LOF,0.17242994673482318,0.3029577564688026,0.5246122967963742
25983,LOF,0.11985000528389149,0.35298994073013823,0.5271600539859703
25984,LOF,0.07065551361924284,0.1563929295068277,0.7729515568739294
25985,Neutral,0.7488441510563097,0.14977819126936734,0.10137765767432289
25986,GOF,0.03819694150690759,0.6867808110358038,0.2750222474572886
25987,LOF,0.3988984051624103,0.06108415150975229,0.5400174433278374
25988,LOF,0.05702924326740416,0.1447133628156419,0.798257393916954
25989,LOF,0.050752683809662,0.38242630359013385,0.5668210126002042
25990,GOF,0.05181396997470599,0.47546325461432254,0.47272277541097146
25991,GOF,0.054795642830255196,0.5019516956471651,0.44325266152257975
25992,GOF,0.07850595977262867,0.6183509530165937,0.30314308721077765
25993,LOF,0.07241178956444866,0.14267598852779986,0.7849122219077515
25994,LOF,0.0653333821953838,0.11939672673915792,0.8152698910654583
25995,LOF,0.06102061918491988,0.13886730463002298,0.8001120761850572
25996,GOF,0.32942203984845864,0.405543568342881,0.2650343918086603
25997,GOF,0.19467257376497377,0.5813401086840929,0.22398731755093337
25998,LOF,0.275815120627017,0.2712732632888062,0.4529116160841768
25999,LOF,0.018538389858232883,0.45964283275153045,0.5218187773902366
26000,LOF,0.27325290305817485,0.09065180017401527,0.6360952967678098
26001,LOF,0.22754070663441436,0.32554031342795414,0.4469189799376314
26002,LOF,0.33552016673433244,0.13572945205490375,0.5287503812107638
26003,GOF,0.0450941654296397,0.6847687984793489,0.27013703609101136
26004,GOF,0.09943127008153563,0.6788100592488585,0.22175867066960583
26005,GOF,0.053142437848574156,0.7408032770425867,0.20605428510883914
26006,GOF,0.04407199151962774,0.7022695187486937,0.2536584897316786
26007,GOF,0.037837810304216686,0.7693655176992765,0.1927966719965068
26008,GOF,0.11234961802980767,0.606537820146584,0.28111256182360844
26009,GOF,0.07028824356921602,0.657878861253279,0.2718328951775051
26010,GOF,0.04651695243567003,0.8053619343010904,0.14812111326323957
26011,GOF,0.037960489600428464,0.7408661835711619,0.22117332682840976
26012,GOF,0.03780732637665668,0.7128363813122566,0.24935629231108666
26013,GOF,0.04956384868113923,0.7203530481970938,0.23008310312176705
26014,Neutral,0.5202005998319953,0.07384297106853012,0.4059564290994746
26015,LOF,0.2987256524561031,0.2548130031564495,0.44646134438744733
26016,LOF,0.17054383593151765,0.4022377573939682,0.4272184066745141
26017,GOF,0.027677619894911902,0.5413783209341111,0.430944059170977
26018,LOF,0.047659022183910195,0.2784862130811879,0.6738547647349019
26019,LOF,0.059215656511134813,0.14804459053918412,0.792739752949681
26020,GOF,0.02604931254727691,0.6025115052641604,0.3714391821885627
26021,LOF,0.3947549860269669,0.13951719280983418,0.46572782116319894
26022,LOF,0.31299212727150044,0.09454168529489654,0.592466187433603
26023,LOF,0.08757253235530575,0.08967454359642459,0.8227529240482697
26024,LOF,0.14468014560366677,0.26918330696755316,0.58613654742878
26025,GOF,0.028981014147818878,0.513934612802512,0.4570843730496692
26026,GOF,0.025876166846913903,0.598632891933472,0.3754909412196141
26027,LOF,0.062090961017560994,0.14900111614719125,0.7889079228352479
26028,LOF,0.18716342150999707,0.39459789794835054,0.4182386805416525
26029,GOF,0.05300601912175145,0.7478208247188812,0.19917315615936734
26030,Neutral,0.597572606872165,0.0405337399106632,0.361893653217172
26031,GOF,0.03569702083469795,0.6712648774375245,0.2930381017277775
26032,LOF,0.06754035469437857,0.11252710635215149,0.8199325389534698
26033,LOF,0.07995951980711222,0.1303586679318015,0.7896818122610862
26034,GOF,0.03717981132402455,0.6980769523035358,0.2647432363724395
26035,GOF,0.046703793156830264,0.6184808028475941,0.33481540399557563
26036,GOF,0.04415619271567861,0.48002620276333335,0.475817604520988
26037,GOF,0.0519691562066699,0.6933735695218076,0.2546572742715224
26038,LOF,0.06358730173957494,0.12109897178272976,0.8153137264776954
26039,GOF,0.04508551488654061,0.4893767353638997,0.4655377497495597
26040,LOF,0.06110121286284282,0.1603662767332987,0.7785325104038585
26041,GOF,0.09470849607701283,0.5719784524003968,0.3333130515225904
26042,GOF,0.09025219061481929,0.5587715593138555,0.35097625007132527
26043,LOF,0.06110082332425367,0.3387969674127357,0.6001022092630107
26044,Neutral,0.473226976818627,0.1440364907074243,0.3827365324739486
26045,GOF,0.07968546764015932,0.719634211555617,0.2006803208042236
26046,LOF,0.06560608652107262,0.2290689335682138,0.7053249799107135
26047,LOF,0.09503812418845953,0.20942827041166703,0.6955336053998734
26048,Neutral,0.47297959933719286,0.11231335167085071,0.4147070489919564
26049,Neutral,0.6346419187448711,0.12516089050163648,0.2401971907534924
26050,Neutral,0.6770039590907311,0.07261150626505332,0.2503845346442157
26051,GOF,0.02644968851750138,0.7080954091220916,0.2654549023604071
26052,GOF,0.046894723412552713,0.735927381950241,0.21717789463720627
26053,Neutral,0.48191255252002296,0.0679587682630223,0.4501286792169547
26054,Neutral,0.6868075615662977,0.05724118298800116,0.25595125544570113
26055,Neutral,0.6868075615662977,0.05724118298800116,0.25595125544570113
26056,Neutral,0.6868075615662977,0.05724118298800116,0.25595125544570113
26057,LOF,0.054993343563303064,0.2865413273572439,0.6584653290794529
26058,LOF,0.0530421889914504,0.24252301637637558,0.7044347946321741
26059,Neutral,0.8330212453488005,0.049896349765111786,0.11708240488608783
26060,GOF,0.03343635522977039,0.6986660536080788,0.2678975911621509
26061,LOF,0.4091330972512505,0.06926945364415858,0.5215974491045909
26062,LOF,0.3894904754560812,0.061776509197291406,0.5487330153466274
26063,LOF,0.07433169590922173,0.10508243235640041,0.8205858717343779
26064,Neutral,0.4807151577959656,0.07612440869410643,0.44316043350992806
26065,LOF,0.06394903014057532,0.1879496626272221,0.7481013072322025
26066,LOF,0.06821561834915217,0.1586292878361755,0.7731550938146723
26067,LOF,0.07528973498278684,0.1480252117792347,0.7766850532379785
26068,Neutral,0.6383821524820568,0.07472262935644769,0.2868952181614956
26069,Neutral,0.6148356220569496,0.072245122197632,0.31291925574541846
26070,Neutral,0.6148356220569496,0.072245122197632,0.31291925574541846
26071,LOF,0.06392533095709059,0.12709500069239085,0.8089796683505186
26072,LOF,0.36208160703433934,0.10127451532115216,0.5366438776445086
26073,LOF,0.06403012091507879,0.19063509577323773,0.7453347833116835
26074,Neutral,0.806787783546849,0.056385518380895415,0.1368266980722556
26075,Neutral,0.630970904086634,0.07826789089343314,0.29076120501993263
26076,LOF,0.06481658003614023,0.12861254001553304,0.8065708799483268
26077,Neutral,0.5586121856520525,0.018559326870481358,0.4228284874774661
26078,LOF,0.45468622427848304,0.06899593552017712,0.4763178402013398
26079,Neutral,0.6787278188122412,0.08463131364761492,0.23664086754014382
26080,Neutral,0.6787278188122412,0.08463131364761492,0.23664086754014382
26081,LOF,0.07301378972251929,0.11248320875021382,0.814503001527267
26082,LOF,0.42191570437480563,0.1381875338769333,0.43989676174826103
26083,LOF,0.04800825014607802,0.17945129459305426,0.7725404552608677
26084,LOF,0.04800825014607802,0.17945129459305426,0.7725404552608677
26085,LOF,0.04715683667394057,0.18913817065840322,0.7637049926676561
26086,LOF,0.05725916702274019,0.20029573681976706,0.7424450961574929
26087,LOF,0.0559211597391402,0.20770319417615835,0.7363756460847015
26088,LOF,0.4044742263817958,0.12848481432196623,0.46704095929623807
26089,Neutral,0.6678386221625171,0.07312188721746608,0.25903949062001685
26090,Neutral,0.6678386221625171,0.07312188721746608,0.25903949062001685
26091,LOF,0.060428473225469306,0.11929072972957495,0.8202807970449557
26092,LOF,0.06964538469388978,0.19615168997680307,0.7342029253293071
26093,LOF,0.0718528484142662,0.16145871960600086,0.7666884319797329
26094,LOF,0.09004517285552481,0.08463031264509212,0.825324514499383
26095,LOF,0.3438566779163319,0.05593900725119084,0.6002043148324774
26096,Neutral,0.5494959955364411,0.0407123162289922,0.4097916882345666
26097,LOF,0.3279682287705924,0.06162863782510688,0.6104031334043006
26098,Neutral,0.6827536613647188,0.058404068561119245,0.25884227007416205
26099,LOF,0.0539732112780428,0.25852637661048194,0.6875004121114753
26100,LOF,0.0539732112780428,0.25852637661048194,0.6875004121114753
26101,LOF,0.06662271551908562,0.16308818969586794,0.7702890947850464
26102,LOF,0.0641589386749686,0.15459945577024856,0.7812416055547828
26103,Neutral,0.4288550120540026,0.2017026411788003,0.36944234676719717
26104,Neutral,0.7211406539483606,0.07483562714828164,0.20402371890335771
26105,LOF,0.2917242049269606,0.12293609068843543,0.585339704384604
26106,Neutral,0.5074768427790957,0.17335778196006385,0.3191653752608405
26107,GOF,0.02578994794693332,0.5670514502254118,0.40715860182765473
26108,GOF,0.30371915165110125,0.4346098605502727,0.26167098779862613
26109,LOF,0.3946464602408222,0.12520873895370735,0.4801448008054705
26110,Neutral,0.49839147066241984,0.14733410380687387,0.3542744255307063
26111,LOF,0.04461455673148519,0.40136127801611393,0.5540241652524008
26112,LOF,0.06979120481512739,0.13367174871286353,0.796537046472009
26113,LOF,0.059084640065132636,0.23113839192959723,0.7097769680052701
26114,LOF,0.35708065518682763,0.1793803888285379,0.46353895598463446
26115,GOF,0.025181601478396938,0.6936702630293451,0.281148135492258
26116,LOF,0.1023818856799822,0.3520025268504253,0.5456155874695925
26117,Neutral,0.4288550120540026,0.2017026411788003,0.36944234676719717
26118,LOF,0.06790441735663579,0.11624520948140742,0.8158503731619569
26119,GOF,0.015661388742229526,0.5025589837693938,0.48177962748837666
26120,LOF,0.06482281843616969,0.14159409346256543,0.7935830881012649
26121,LOF,0.02685760372646679,0.2674396707240351,0.7057027255494982
26122,LOF,0.020625331461063424,0.30904207165453,0.6703325968844065
