feature0,prediction,LoGoFunc_Neutral,LoGoFunc_GOF,LoGoFunc_LOF
25546,Neutral,0.708772564039428,0.03268023126929197,0.2585472046912799
25547,Neutral,0.5481460869811905,0.07279699263180969,0.3790569203869999
25548,Neutral,0.5571132076411263,0.049775027199575134,0.3931117651592987
25549,LOF,0.47380980606204254,0.049674512800548146,0.4765156811374094
25550,LOF,0.34503028168762945,0.09177027429874018,0.5631994440136303
25551,LOF,0.2978804000243368,0.10556356390653521,0.5965560360691279
25552,LOF,0.20850562118455312,0.09832484100000306,0.6931695378154438
25553,Neutral,0.8359293083365179,0.025986689788331296,0.1380840018751508
25554,LOF,0.24386490098379676,0.09565074209661016,0.660484356919593
25555,LOF,0.20060938604237502,0.08348891927300692,0.7159016946846181
25556,LOF,0.40377103352956784,0.08183248806648981,0.5143964784039423
25557,LOF,0.1955540396584618,0.08765207774658325,0.7167938825949549
25558,LOF,0.23230920780228453,0.09607518422702357,0.6716156079706919
25559,LOF,0.37334059405240727,0.15418674945441133,0.4724726564931814
25560,LOF,0.05495955469802747,0.1415587502219025,0.80348169508007
25561,LOF,0.12359735094102978,0.1436345577059928,0.7327680913529774
25562,LOF,0.12666221609578326,0.04643365066901328,0.8269041332352035
25563,LOF,0.09918108701448068,0.07614267544220372,0.8246762375433156
25564,LOF,0.23387174559603635,0.1295553097270226,0.636572944676941
25565,LOF,0.1428420022245405,0.10064684482539463,0.7565111529500648
25566,GOF,0.015019297205912304,0.787886574080105,0.19709412871398269
25567,LOF,0.016588494629756163,0.17035363702067066,0.8130578683495732
25568,LOF,0.05013188847785171,0.06404901668476648,0.8858190948373819
25569,LOF,0.05792271566715534,0.0590396810300665,0.8830376033027781
25570,LOF,0.06272110194988231,0.09173697446014879,0.8455419235899689
25571,LOF,0.05645128505409428,0.0868076246027972,0.8567410903431085
25572,LOF,0.060752493943866864,0.11303052057531417,0.8262169854808189
25573,LOF,0.03539630489030674,0.09433549966730614,0.8702681954423871
25574,LOF,0.021841573135352895,0.1475241851617548,0.8306342417028924
25575,LOF,0.04449522738182184,0.10172948072819021,0.8537752918899879
25576,LOF,0.01761257373961123,0.11643397091942312,0.8659534553409657
25577,LOF,0.014418534486609656,0.11652640468774957,0.8690550608256409
25578,LOF,0.243267679073625,0.08274579117239818,0.6739865297539767
25579,LOF,0.24429670184118188,0.08194521380203887,0.6737580843567792
25580,LOF,0.030235582373640133,0.07172640356411598,0.8980380140622438
25581,LOF,0.052112465465035764,0.061288843925457456,0.8865986906095068
25582,LOF,0.051814397068812655,0.06032430529991516,0.8878612976312721
25583,LOF,0.0393152892253992,0.08507531968932656,0.8756093910852742
25584,Neutral,0.49172000089760015,0.10498696540506598,0.40329303369733377
25585,LOF,0.02986696333734567,0.11790931721779255,0.8522237194448619
25586,LOF,0.028492497202106292,0.0706620075223494,0.9008454952755443
25587,LOF,0.02902442991905515,0.06441939335350594,0.9065561767274389
25588,LOF,0.030518989184978033,0.07962757199706308,0.889853438817959
25589,Neutral,0.5854148483631859,0.12406586477450807,0.2905192868623061
25590,LOF,0.029646896198915983,0.12386151623285158,0.8464915875682325
25591,LOF,0.11424525727218646,0.05410383370383722,0.8316509090239763
25592,LOF,0.08580219063425089,0.11775193142995247,0.7964458779357967
25593,LOF,0.027088251825151725,0.26105694626088394,0.7118548019139643
25594,LOF,0.044332735710689505,0.20712694746713148,0.7485403168221789
25595,LOF,0.0500505756647449,0.15495573715676644,0.7949936871784886
25596,LOF,0.04486304307174258,0.10838812322485541,0.8467488337034019
25597,LOF,0.039090397157439526,0.11350620955242502,0.8474033932901354
25598,LOF,0.05002738028280056,0.14929762276401418,0.8006749969531853
25599,GOF,0.007587307519814804,0.6715247867155216,0.3208879057646636
25600,GOF,0.018785734506242678,0.6250258373390584,0.356188428154699
25601,LOF,0.0066971452712240994,0.4212272818400245,0.5720755728887514
25602,LOF,0.026866473656683553,0.04789861679928198,0.9252349095440344
25603,LOF,0.06270010538766109,0.026628504604657065,0.9106713900076817
25604,LOF,0.045744778350511404,0.03219257708421189,0.9220626445652768
25605,LOF,0.015331320118981093,0.17284674152299365,0.8118219383580254
25606,LOF,0.11571381019681505,0.4140971131879494,0.4701890766152355
25607,LOF,0.006771635208428159,0.18560121886443928,0.8076271459271325
25608,LOF,0.03405853364317773,0.05932102689508468,0.9066204394617376
25609,LOF,0.03825151301809355,0.46101584803037077,0.5007326389515356
25610,LOF,0.03959711823105434,0.026470041583520648,0.9339328401854249
25611,LOF,0.039514740595794434,0.025738888289493948,0.9347463711147117
25612,LOF,0.09137020491781382,0.04215109134597652,0.8664787037362096
25613,LOF,0.07488477537254543,0.04509642191627724,0.8800188027111774
25614,LOF,0.029212076969371593,0.0383604384031209,0.9324274846275076
25615,LOF,0.040070608825787384,0.043623357466783176,0.9163060337074294
25616,LOF,0.02958123854874552,0.03534367541233761,0.9350750860389168
25617,LOF,0.027814859096184908,0.03979894452579724,0.9323861963780179
25618,LOF,0.15517374325547956,0.03174204387178534,0.8130842128727351
25619,LOF,0.028596994845344937,0.03345355976554913,0.937949445389106
25620,LOF,0.03199778714893043,0.04306463593461639,0.9249375769164533
25621,LOF,0.02572390984386823,0.033998453444404254,0.9402776367117274
25622,LOF,0.027955748994505293,0.040338565721868516,0.9317056852836262
25623,LOF,0.048604914866948734,0.04050441976325935,0.910890665369792
25624,LOF,0.025278164663100046,0.039894046929254766,0.9348277884076451
25625,LOF,0.029943198315562563,0.048735310649044156,0.9213214910353933
25626,LOF,0.07821927352695529,0.036915662225189924,0.8848650642478547
25627,Neutral,0.5351537006328912,0.134835332273365,0.3300109670937438
25628,LOF,0.1985340207177415,0.058961013270312605,0.7425049660119459
25629,LOF,0.06547929392331632,0.06440156954675504,0.8701191365299286
25630,LOF,0.15703577455305112,0.0955947000225234,0.7473695254244255
25631,Neutral,0.5752952913727405,0.06589511020414356,0.3588095984231158
25632,LOF,0.01911333150216107,0.09068018480657426,0.8902064836912646
25633,LOF,0.19731164808820523,0.06846594248994797,0.7342224094218469
25634,LOF,0.03579715074166048,0.10023944507560015,0.8639634041827394
25635,LOF,0.0389049699264286,0.07444348124330341,0.8866515488302681
25636,GOF,0.0038831221332347875,0.662547495293599,0.3335693825731663
25637,GOF,0.005094847507490868,0.6813602151645642,0.313544937327945
25638,LOF,0.008128105555059223,0.412806911199625,0.5790649832453157
25639,GOF,0.004226715387013976,0.5371542555380543,0.4586190290749318
25640,GOF,0.46087929891823654,0.4701837358888696,0.06893696519289383
25641,LOF,0.010072924657642137,0.34614015666281683,0.6437869186795411
25642,LOF,0.2771376220034436,0.06810351535103439,0.6547588626455221
25643,LOF,0.27123055351471154,0.14446108783901165,0.5843083586462768
25644,GOF,0.013723466630584836,0.5474280335701927,0.4388484997992225
25645,GOF,0.011532580944898485,0.4962004389814031,0.49226698007369846
25646,LOF,0.018580149084213217,0.35782276450666,0.6235970864091268
25647,LOF,0.015712598035514436,0.29623171013687394,0.6880556918276116
25648,LOF,0.014206650484128643,0.3204184310326325,0.6653749184832388
25649,LOF,0.011497405006310133,0.22474365239475402,0.7637589425989358
25650,GOF,0.02619073515305436,0.4899733533723252,0.4838359114746204
25651,LOF,0.009576182278925562,0.288989475294539,0.7014343424265355
25652,LOF,0.01733182065043412,0.2634000182169632,0.7192681611326026
25653,LOF,0.05761324127607754,0.38173601994827244,0.56065073877565
25654,LOF,0.017569480361432056,0.16659331887994838,0.8158372007586195
25655,LOF,0.0749397535636432,0.4325704821422896,0.4924897642940671
25656,LOF,0.07758159030033772,0.06919546319108079,0.8532229465085815
25657,LOF,0.254930247205826,0.034897859724557494,0.7101718930696165
25658,LOF,0.04675127705497879,0.0951357664127994,0.8581129565322219
25659,LOF,0.2894169288924233,0.06834230489107776,0.6422407662164988
25660,LOF,0.07442610408734565,0.10084304642005137,0.8247308494926029
25661,LOF,0.04776753336400494,0.07280069888779139,0.8794317677482036
25662,LOF,0.02744072307847835,0.04396249199524627,0.9285967849262754
25663,LOF,0.041242711304578815,0.06859418778446177,0.8901631009109594
25664,LOF,0.032076456770310416,0.09891477021537556,0.869008773014314
25665,LOF,0.059988343139072024,0.04439572264417,0.8956159342167579
25666,LOF,0.032687552278987,0.13604336376683568,0.8312690839541773
25667,LOF,0.03058739938031888,0.05141204783090351,0.9180005527887777
25668,LOF,0.03282764063301395,0.05727970364834842,0.9098926557186375
25669,LOF,0.03905645606125481,0.08426477069398515,0.8766787732447601
25670,LOF,0.08197496584120152,0.09499559873282815,0.8230294354259703
25671,LOF,0.04050085609747377,0.04354995719092105,0.9159491867116052
25672,LOF,0.057867854684629995,0.06345858048684729,0.8786735648285227
25673,LOF,0.0357931318660116,0.07402091478265052,0.8901859533513378
25674,LOF,0.029209917615822357,0.07934202719386227,0.8914480551903153
25675,LOF,0.04063694312930561,0.05264745028640928,0.9067156065842852
25676,LOF,0.03329368860223245,0.05796696059395179,0.9087393508038157
25677,LOF,0.061750332306919224,0.061988336153722255,0.8762613315393586
25678,LOF,0.27577327557629805,0.03941278993790707,0.6848139344857949
25679,LOF,0.18037193421883438,0.08430841837602741,0.7353196474051383
25680,LOF,0.06355183489243862,0.09357017297752084,0.8428779921300406
25681,LOF,0.11095727938300923,0.0833657944037416,0.8056769262132493
25682,LOF,0.04379551014601759,0.0760966713279185,0.8801078185260639
25683,LOF,0.08298055905066655,0.09250973116195373,0.8245097097873797
25684,LOF,0.057770269643280574,0.07872236513466979,0.8635073652220496
25685,LOF,0.09447347312995846,0.0446166958624942,0.8609098310075473
25686,LOF,0.030217267761610222,0.09386835710246,0.8759143751359298
25687,LOF,0.05169244261380342,0.07397884281623605,0.8743287145699605
25688,LOF,0.023509550765061782,0.09037043693846838,0.8861200122964698
25689,LOF,0.01861585515220034,0.07706634812035638,0.9043177967274433
25690,LOF,0.01941589939611246,0.09334343048587405,0.8872406701180136
25691,LOF,0.18112096105671863,0.12960991070731986,0.6892691282359615
25692,LOF,0.2674954541679143,0.01230137355194375,0.720203172280142
25693,LOF,0.05050472083609519,0.13935192256561074,0.8101433565982942
25694,LOF,0.2315896337707628,0.0157075353996373,0.7527028308295998
25695,LOF,0.15012776422473478,0.023268027195098025,0.8266042085801673
25696,LOF,0.1608005796102815,0.012042214449216219,0.8271572059405023
25697,LOF,0.14591069185443226,0.01871700507670606,0.8353723030688617
25698,LOF,0.02488983559864651,0.382889277013281,0.5922208873880725
25699,LOF,0.055807358544497365,0.0690417837565266,0.875150857698976
25700,LOF,0.03139036510052078,0.008994791588779506,0.9596148433106996
25701,LOF,0.011154671128755195,0.07920642974573303,0.9096388991255118
25702,GOF,0.031523624696170156,0.7217061271802818,0.246770248123548
25703,LOF,0.015467583391404426,0.17970615965977488,0.8048262569488207
25704,LOF,0.08075549377144364,0.1464549750868172,0.7727895311417392
25705,LOF,0.06846700416704452,0.23721045857235215,0.6943225372606032
25706,GOF,0.05032535167269441,0.6247079993985104,0.3249666489287951
25707,GOF,0.024777994272664274,0.5645634658131388,0.41065853991419693
25708,LOF,0.007195599542375395,0.495635473983458,0.4971689264741667
25709,LOF,0.01953444137416688,0.07060580897190344,0.9098597496539296
25710,LOF,0.008773747398686192,0.17625958447827242,0.8149666681230413
25711,LOF,0.02168752265561011,0.12643702427416187,0.851875453070228
25712,LOF,0.009628662680394593,0.21812975981470428,0.7722415775049011
25713,LOF,0.01967267498322638,0.10794573575915281,0.8723815892576208
25714,LOF,0.020412526973505124,0.14702879036777122,0.8325586826587237
25715,LOF,0.019395175807880697,0.13133614830384457,0.8492686758882747
25716,LOF,0.010593017986847319,0.16315538688120834,0.8262515951319443
25717,LOF,0.005438515189412359,0.15077553061293059,0.843785954197657
25718,LOF,0.01902193674913102,0.09178717210218144,0.8891908911486875
25719,LOF,0.037211447280133064,0.0976992081320826,0.8650893445877844
25720,LOF,0.02621156897866542,0.09418905235266237,0.8795993786686722
25721,LOF,0.02356114368085757,0.09566528279090333,0.880773573528239
25722,LOF,0.01663484274629176,0.13351864197942215,0.8498465152742861
25723,LOF,0.023465239397956184,0.0781563682331273,0.8983783923689165
25724,LOF,0.02823355968780387,0.12914440181686968,0.8426220384953264
25725,LOF,0.02241850692814845,0.07204480971491947,0.9055366833569319
25726,LOF,0.016928136065267593,0.10818858784627389,0.8748832760884586
25727,LOF,0.020470720201618872,0.09628526782119459,0.8832440119771866
25728,LOF,0.019238501493905717,0.10842836578286591,0.8723331327232284
25729,LOF,0.019378375754249277,0.10953068093033029,0.8710909433154204
25730,LOF,0.02113938605764392,0.08935006354755075,0.8895105503948053
25731,LOF,0.011034091139569378,0.18689740421928466,0.802068504641146
25732,LOF,0.018386349827144443,0.1006302741013717,0.8809833760714838
25733,LOF,0.03290159343266532,0.0854481227177798,0.8816502838495549
25734,LOF,0.006451039197013198,0.22666294660884284,0.766886014194144
25735,LOF,0.023112497256800826,0.08012787084179197,0.8967596319014072
25736,LOF,0.022901129371153534,0.1295326218221763,0.8475662488066701
25737,LOF,0.03962959638440901,0.11440758976451337,0.8459628138510775
25738,LOF,0.020086320439082025,0.15764516609124532,0.8222685134696727
25739,LOF,0.024627873930011354,0.14579958524479636,0.8295725408251924
25740,LOF,0.05225832607159965,0.1378037846274483,0.809937889300952
25741,LOF,0.028151563881293237,0.11540984140394853,0.8564385947147581
25742,LOF,0.04483861045780169,0.13008228328966087,0.8250791062525373
25743,LOF,0.010964473596239673,0.03858419995122687,0.9504513264525334
25744,GOF,0.19115786669870974,0.40947925759389914,0.39936287570739104
25745,LOF,0.023572707749867135,0.06649801012485328,0.9099292821252797
25746,LOF,0.013153255133463734,0.08199818867407846,0.9048485561924579
25747,LOF,0.028422550431590667,0.035105078361159975,0.9364723712072495
25748,LOF,0.25770070407090667,0.057465861432585315,0.684833434496508
25749,LOF,0.015235056757852234,0.05578180041508352,0.9289831428270643
25750,LOF,0.01566642282917568,0.08417533888667666,0.9001582382841476
25751,LOF,0.03988818660046891,0.06469713529069551,0.8954146781088357
25752,GOF,0.0894713945256804,0.6722755756076736,0.2382530298666461
25753,LOF,0.006883625297377122,0.3747558201890063,0.6183605545136167
25754,GOF,0.0063972722031726695,0.8550876162577332,0.13851511153909407
25755,LOF,0.008704762620783344,0.4412754654461713,0.5500197719330454
25756,LOF,0.0480241373835412,0.4457841666622482,0.5061916959542105
25757,GOF,0.007009067573139468,0.8849511060399079,0.10803982638695253
25758,GOF,0.009389435448959028,0.8770627551428894,0.11354780940815164
25759,GOF,0.0057100787403466975,0.5845088790740054,0.4097810421856478
25760,LOF,0.0069356954179214,0.2836754808593029,0.7093888237227758
25761,GOF,0.07428011946242556,0.8470659760082432,0.0786539045293312
25762,LOF,0.027972809862498497,0.36896998045466545,0.6030572096828362
25763,LOF,0.008107855973475532,0.26060582320081965,0.7312863208257048
25764,GOF,0.0680241097106071,0.6599566387063258,0.2720192515830671
25765,GOF,0.008771726298757032,0.8485202471642572,0.14270802653698564
25766,GOF,0.04057225836029244,0.8323930393997542,0.1270347022399534
25767,GOF,0.010518060711184595,0.5356580660140865,0.453823873274729
25768,LOF,0.037129131926745704,0.06987756479159613,0.8929933032816582
25769,LOF,0.02341353030829229,0.09003454232288785,0.8865519273688199
25770,LOF,0.16130605985368343,0.07620905812505165,0.7624848820212649
25771,LOF,0.012915193576895679,0.07703403684548174,0.9100507695776225
25772,LOF,0.02642929128069201,0.032955626860507174,0.9406150818588008
25773,LOF,0.015688316371217093,0.09498575716712684,0.889325926461656
25774,LOF,0.02854022283678186,0.10500333233688099,0.8664564448263372
25775,LOF,0.01799853509421688,0.04598004989778799,0.9360214150079951
25776,LOF,0.027288014474047807,0.03103448197881252,0.9416775035471397
25777,LOF,0.26026754939489416,0.08686464444798739,0.6528678061571185
25778,LOF,0.022485011935402845,0.06102211025995741,0.9164928778046398
25779,GOF,0.028593784518525994,0.8912328797821153,0.08017333569935872
25780,GOF,0.06092457392762,0.8868864501374779,0.052188975934902064
25781,GOF,0.027061218114774518,0.8817485951343537,0.09119018675087176
25782,GOF,0.02244187769998109,0.9073755420215441,0.07018258027847482
25783,GOF,0.018807768501334414,0.7887104999244724,0.19248173157419324
25784,GOF,0.07617270045905387,0.8820476982620554,0.04177960127889072
25785,GOF,0.05479188557168499,0.9007669549617621,0.044441159466553
25786,GOF,0.006837942717574425,0.8401020758987442,0.15305998138368138
25787,GOF,0.1534535361459537,0.807728956129764,0.038817507724282274
25788,LOF,0.015997720094532864,0.2011476300045662,0.782854649900901
25789,GOF,0.013348587809184364,0.8607025701549857,0.12594884203583004
25790,GOF,0.013062000466554877,0.8772261470711619,0.10971185246228318
25791,GOF,0.01340216099272368,0.8327497914148821,0.15384804759239426
25792,GOF,0.016451797323113217,0.8464439631815261,0.13710423949536055
25793,GOF,0.04549134629580029,0.8382017741956894,0.11630687950851028
25794,GOF,0.042435586426408094,0.7609628496368965,0.19660156393669534
25795,GOF,0.048794173474357216,0.7598063405952195,0.19139948593042333
25796,GOF,0.07271511418393911,0.8366002926418554,0.09068459317420555
25797,GOF,0.048626201232400544,0.7168860529696713,0.23448774579792817
25798,GOF,0.0034019270195749223,0.6744463769845535,0.32215169599587157
25799,GOF,0.003106405384833972,0.5503395956064095,0.4465539990087566
25800,GOF,0.018416695841587772,0.7832114194175739,0.19837188474083833
25801,GOF,0.012183580404504112,0.8765682830162967,0.11124813657919924
25802,GOF,0.02057572205455419,0.8306212931334785,0.14880298481196727
25803,GOF,0.0134168102489037,0.7455856595763604,0.24099753017473588
25804,GOF,0.014700662037283947,0.645430664182525,0.33986867378019087
25805,GOF,0.025226299052210438,0.7474398746062377,0.2273338263415519
25806,GOF,0.019976908877126186,0.8038187616884905,0.17620432943438316
25807,GOF,0.005795343682933388,0.7735445074625737,0.22066014885449278
25808,GOF,0.015456874584268655,0.7886336269322012,0.19590949848353004
25809,GOF,0.007431450691921112,0.7577385903037142,0.2348299590043647
25810,GOF,0.0063972144049801085,0.7549824037440115,0.23862038185100845
25811,GOF,0.03394281875473099,0.8833300776242016,0.08272710362106737
25812,GOF,0.016654851251966075,0.7696017736692885,0.21374337507874552
25813,GOF,0.08289305697517632,0.8131596665165781,0.10394727650824559
25814,GOF,0.02003778072340742,0.8070896904421888,0.17287252883440368
25815,GOF,0.03744172379302156,0.8335574568197446,0.1290008193872338
25816,GOF,0.0074035496713712136,0.865814448136412,0.12678200219221672
25817,GOF,0.10772212476651621,0.8069859822782836,0.08529189295520023
25818,GOF,0.0182799364983394,0.8307642896698503,0.1509557738318103
25819,GOF,0.04540176480683944,0.7669429943222419,0.18765524087091873
25820,GOF,0.020888549781129428,0.776813680712562,0.2022977695063086
25821,GOF,0.01452594578711975,0.774012863872529,0.21146119034035119
25822,GOF,0.0270887995326457,0.7711078810041452,0.20180331946320915
25823,GOF,0.015899913675379337,0.6948478905989306,0.28925219572569
25824,GOF,0.017192082501639557,0.7793282065898309,0.2034797109085295
25825,GOF,0.014623656324570172,0.7748331753545097,0.21054316832092013
25826,GOF,0.005846809596897182,0.7571971220478176,0.23695606835528513
25827,GOF,0.009965743884741423,0.7199586890252309,0.2700755670900277
25828,GOF,0.0074030275724176284,0.6913069001376959,0.30129007228988636
25829,GOF,0.0032525180166774635,0.7375903374062854,0.2591571445770371
25830,GOF,0.034928349396509954,0.5385209941570321,0.4265506564464579
25831,GOF,0.05986062037384389,0.8245449574733933,0.11559442215276294
25832,GOF,0.00841344898552157,0.8235651503719936,0.1680214006424848
25833,GOF,0.029398594540944865,0.8637041708413675,0.10689723461768764
25834,GOF,0.007898695855392504,0.8302399277733992,0.16186137637120837
25835,GOF,0.019169373133231124,0.8721832401304179,0.10864738673635096
25836,GOF,0.006084266249110493,0.8249904468439144,0.168925286906975
25837,GOF,0.0058225546845211236,0.7255853163394005,0.2685921289760783
25838,GOF,0.017256979505417186,0.8752959768507245,0.10744704364385849
25839,GOF,0.039295114700902266,0.8523036809978518,0.10840120430124593
25840,GOF,0.07742473185228592,0.8248686950114333,0.0977065731362807
25841,GOF,0.07384141051245019,0.8401242781490413,0.08603431133850868
25842,GOF,0.019393507347139852,0.893957682217921,0.0866488104349392
25843,GOF,0.020554427946735954,0.9002679695509476,0.07917760250231638
25844,GOF,0.012493415450265447,0.8475856694217329,0.13992091512800187
25845,GOF,0.004207015625283987,0.6497998785221383,0.34599310585257764
25846,GOF,0.0556692833597558,0.8568788121625381,0.08745190447770602
25847,GOF,0.01239046890226733,0.9024945812778132,0.08511494981991931
25848,GOF,0.013963899294489473,0.86102399715312,0.12501210355239054
25849,GOF,0.005202018815896981,0.771536027810991,0.22326195337311203
25850,GOF,0.005488377011351762,0.7855124319256974,0.20899919106295078
25851,GOF,0.004783360486355092,0.6573180543783194,0.33789858513532556
25852,GOF,0.1427514436851414,0.5543117384770936,0.302936817837765
25853,GOF,0.06497732212153816,0.843747079853426,0.09127559802503593
25854,GOF,0.0040388442195944734,0.7074975544739153,0.28846360130649035
25855,GOF,0.016315991063383557,0.6667307642816424,0.31695324465497404
25856,GOF,0.03114736745855887,0.7911398145618983,0.17771281797954278
25857,GOF,0.018142182829634673,0.6532290894863106,0.3286287276840549
25858,GOF,0.006249386347778701,0.644386581170357,0.3493640324818645
25859,GOF,0.005343573885876668,0.6368060736219618,0.3578503524921616
25860,GOF,0.07217661489510631,0.8273130993546931,0.1005102857502005
25861,GOF,0.07744311983980855,0.8309401021348602,0.09161677802533126
25862,GOF,0.014806872675096665,0.880673065688322,0.10452006163658135
25863,GOF,0.016066425781041446,0.8833501484307194,0.10058342578823934
25864,GOF,0.04303330031776702,0.8844490880876048,0.0725176115946281
25865,GOF,0.03572996307498052,0.8550423498963206,0.10922768702869896
25866,GOF,0.01854606917859991,0.8763293475853262,0.1051245832360738
25867,GOF,0.029942545157883547,0.8896493893419458,0.08040806550017064
25868,GOF,0.048170078983705414,0.839544965671046,0.11228495534524857
25869,GOF,0.3148116784319291,0.6129885104223922,0.07219981114567871
25870,GOF,0.0559154823246667,0.6919485479441151,0.25213596973121827
25871,GOF,0.008587063718242235,0.8886840160521646,0.10272892022959315
25872,GOF,0.016573932098830308,0.8852351682234536,0.09819089967771615
25873,GOF,0.017530359227574514,0.9083480614860414,0.0741215792863841
25874,LOF,0.016302734171397285,0.23207751421267162,0.7516197516159311
25875,LOF,0.048048515781449905,0.04577917565154051,0.9061723085670097
25876,LOF,0.016839773856463718,0.03712328978127248,0.9460369363622638
25877,LOF,0.10824059101257269,0.09495657698310031,0.796802832004327
25878,LOF,0.07278105306018075,0.12754367319142648,0.7996752737483929
25879,LOF,0.023413593286942203,0.09517232361642199,0.8814140830966359
25880,LOF,0.05893305597852748,0.014283138682427575,0.9267838053390449
25881,Neutral,0.5323807771602015,0.07212096209700909,0.3954982607427895
25882,LOF,0.06487046171971025,0.025820607241523734,0.9093089310387659
25883,LOF,0.026244931781018176,0.02751504749024915,0.9462400207287327
25884,LOF,0.019752227072698095,0.05201837810099922,0.9282293948263026
25885,LOF,0.20860183917042863,0.013539216618225715,0.7778589442113456
25886,LOF,0.26937836624525957,0.057270796965340556,0.6733508367893999
25887,LOF,0.1685405412670236,0.07381909320895047,0.7576403655240259
25888,LOF,0.010604052858976748,0.13854151919500096,0.8508544279460223
25889,LOF,0.025471092749182942,0.04142303966029007,0.933105867590527
25890,LOF,0.1493365188715059,0.10368524848803666,0.7469782326404574
25891,LOF,0.11050509651130569,0.026318822998619554,0.8631760804900748
25892,LOF,0.008959753557080148,0.0381566858565454,0.9528835605863745
25893,LOF,0.371448646931747,0.010720233942836352,0.6178311191254167
25894,LOF,0.4030844551806904,0.005860275867596022,0.5910552689517136
25895,LOF,0.3502209793601011,0.013408408329469762,0.6363706123104291
25896,LOF,0.06446484951595796,0.02352420746579486,0.9120109430182471
25897,LOF,0.1799884351868907,0.009470377915235298,0.810541186897874
25898,LOF,0.15894468886806917,0.03337212335405297,0.8076831877778778
25899,LOF,0.4467255634927244,0.021437509443661795,0.5318369270636139
25900,Neutral,0.5039294610637955,0.009340508391933441,0.48673003054427105
25901,LOF,0.06367284020006728,0.009946207332631714,0.9263809524673009
25902,LOF,0.20034276651343647,0.010296871564625169,0.7893603619219384
25903,LOF,0.36116873916775005,0.025892307573248504,0.6129389532590015
25904,Neutral,0.5148667627316079,0.03344644098776845,0.4516867962806236
25905,LOF,0.00631695387277912,0.4741899905664261,0.5194930555607948
25906,LOF,0.008929740077406713,0.11006443129513521,0.8810058286274581
25907,LOF,0.005370625933903363,0.34154778558761,0.6530815884784865
25908,LOF,0.004997289122526019,0.2605527688674455,0.7344499420100286
25909,LOF,0.02613646433002183,0.15363813651104016,0.8202253991589381
25910,LOF,0.01214903876783723,0.12983816269872733,0.8580127985334355
25911,LOF,0.2380258485003112,0.05298519607733705,0.7089889554223519
25912,LOF,0.08694520506018541,0.04798290341745649,0.8650718915223582
25913,LOF,0.023609008785581396,0.0845726952371553,0.8918182959772634
25914,LOF,0.03993196162601919,0.04075891390173272,0.9193091244722481
25915,LOF,0.20730522446206492,0.17880970741173782,0.6138850681261973
25916,LOF,0.031736804578520156,0.11562232522251911,0.8526408701989607
25917,LOF,0.07049473635673742,0.034972432150249734,0.8945328314930129
25918,LOF,0.04201903753801286,0.025601976122923226,0.9323789863390639
25919,LOF,0.03850362104436817,0.0250004863287509,0.936495892626881
25920,LOF,0.34924447833969213,0.19869685255188885,0.45205866910841896
25921,LOF,0.01547144972595029,0.03966631356458114,0.9448622367094686
25922,LOF,0.017860659457653718,0.039065204337741494,0.9430741362046048
25923,LOF,0.42788089640991167,0.04033430766113439,0.531784795928954
25924,LOF,0.019978810783258662,0.06365135452943743,0.9163698346873038
25925,LOF,0.0802005418915523,0.05307145645337853,0.8667280016550692
25926,LOF,0.06321815299246507,0.04878317168761809,0.8879986753199168
25927,LOF,0.021764898778474644,0.07803140668637869,0.9002036945351466
25928,LOF,0.009493854931556614,0.06179862994257822,0.9287075151258651
25929,Neutral,0.5537653751793037,0.03819382641037833,0.40804079841031804
25930,LOF,0.07783826837167743,0.036643300016358724,0.8855184316119638
25931,LOF,0.012475713363942667,0.04511307387456994,0.9424112127614874
25932,LOF,0.06494939578786527,0.03904143741991587,0.8960091667922188
25933,LOF,0.06443270802002175,0.023506969866292613,0.9120603221136856
25934,LOF,0.05931346351604333,0.021510365947436397,0.9191761705365203
25935,LOF,0.07272855794869437,0.06449220175024711,0.8627792403010586
25936,LOF,0.09586328257199349,0.024354241716267648,0.8797824757117388
25937,LOF,0.014877026279825822,0.05936672074885378,0.9257562529713205
25938,LOF,0.07219095358709171,0.05644424512374227,0.871364801289166
25939,LOF,0.04339533457037727,0.03058902058439072,0.9260156448452319
25940,LOF,0.009076096336069242,0.3585874329347059,0.6323364707292248
25941,Neutral,0.4998901364437532,0.05697222564045708,0.44313763791578975
25942,LOF,0.009569292560261212,0.05835867119593644,0.9320720362438024
25943,LOF,0.061890926012428654,0.22578903056163924,0.7123200434259321
25944,LOF,0.05214675787390978,0.10606064849011404,0.8417925936359762
25945,LOF,0.1149286209968701,0.029458295632544703,0.8556130833705852
25946,LOF,0.06991367843507515,0.03725875019756057,0.8928275713673643
25947,LOF,0.42930850320273856,0.12679960077934296,0.44389189601791845
25948,LOF,0.41642032034285026,0.01783702145704149,0.5657426582001082
25949,LOF,0.16540563948431106,0.08061340266310936,0.7539809578525796
25950,GOF,0.06817622761946993,0.5655275909334744,0.36629618144705567
25951,LOF,0.012960279966299344,0.41107471934058476,0.5759650006931158
25952,LOF,0.2562228759944391,0.2622311100245788,0.48154601398098207
25953,LOF,0.00929192764046322,0.17340557392577757,0.8173024984337592
25954,GOF,0.07256598135868028,0.4734374827717183,0.45399653586960137
25955,LOF,0.006590605421918386,0.18054807885992982,0.8128613157181518
25956,LOF,0.016856137867084977,0.23077319729379683,0.7523706648391181
25957,LOF,0.17438749425146088,0.03460408441575295,0.791008421332786
25958,LOF,0.03365227668551005,0.05611128913454986,0.9102364341799402
25959,GOF,0.012161703864005058,0.6656221267896865,0.32221616934630837
25960,LOF,0.005671951286425742,0.08385454908211092,0.9104734996314634
25961,LOF,0.03115589348506926,0.04640583298448162,0.9224382735304492
25962,LOF,0.0462133395268683,0.06779711646441242,0.8859895440087193
25963,LOF,0.005731646352412942,0.17574439315917492,0.8185239604884121
25964,LOF,0.026030623334177428,0.106682861582607,0.8672865150832155
25965,LOF,0.24323231533318254,0.11917540403788283,0.6375922806289346
25966,Neutral,0.4369237838028331,0.14993469584519836,0.4131415203519685
25967,LOF,0.0078113681883736135,0.0902680253811684,0.9019206064304579
25968,LOF,0.041922669117479675,0.27751026913196736,0.680567061750553
25969,LOF,0.13648930255373812,0.06503265367730729,0.7984780437689546
25970,LOF,0.05321575182804499,0.08882577876971558,0.8579584694022395
25971,LOF,0.0780390526902836,0.032056338157994836,0.8899046091517214
25972,LOF,0.06516785354112592,0.06143004120745657,0.8734021052514176
25973,LOF,0.0644814916534834,0.008767010625226912,0.9267514977212897
25974,LOF,0.043826166937831756,0.04407641087522528,0.912097422186943
25975,LOF,0.04135562851480412,0.018133108341559685,0.9405112631436362
25976,LOF,0.0853975320201366,0.010867671712847546,0.9037347962670158
25977,LOF,0.21822292962924839,0.07647989874228163,0.70529717162847
25978,LOF,0.19847820777134473,0.11185857745409371,0.6896632147745615
25979,LOF,0.16312962666099562,0.12717261606672967,0.7096977572722747
25980,LOF,0.2693882653605785,0.18462641265201665,0.5459853219874049
25981,LOF,0.2714229660833832,0.187665799365951,0.5409112345506658
25982,Neutral,0.4641163875545299,0.08427987554128256,0.4516037369041876
25983,Neutral,0.46359932760119704,0.10254935205346885,0.43385132034533413
25984,LOF,0.04303997928825371,0.09395817821963451,0.8630018424921118
25985,LOF,0.3500859799705211,0.15959504429775878,0.49031897573172006
25986,LOF,0.009880670632386596,0.4298803081837999,0.5602390211838135
25987,LOF,0.0427438642072261,0.10133177328264119,0.8559243625101326
25988,LOF,0.03853176645881327,0.16618166588535252,0.7952865676558342
25989,LOF,0.037172349376357494,0.21650934122174417,0.7463183094018984
25990,LOF,0.03877611476364071,0.3191731491079345,0.6420507361284248
25991,LOF,0.020483507453138358,0.4083613334904255,0.5711551590564361
25992,LOF,0.020591862264168825,0.4444874072840016,0.5349207304518296
25993,LOF,0.027861288192542702,0.07474510984647714,0.8973936019609802
25994,LOF,0.02478933697469378,0.07157812200746481,0.9036325410178414
25995,LOF,0.02171665340428819,0.12216475185214991,0.8561185947435619
25996,LOF,0.31336846763161835,0.3340972063871645,0.3525343259812172
25997,LOF,0.054469310465730586,0.37331409487617356,0.5722165946580958
25998,LOF,0.2895776022371977,0.04213117787313021,0.6682912198896721
25999,LOF,0.035834414733350584,0.16700375589429706,0.7971618293723525
26000,LOF,0.17138828227547317,0.030656920813170483,0.7979547969113563
26001,LOF,0.3016635604824677,0.03740727620578584,0.6609291633117464
26002,LOF,0.13583209809733868,0.040536785621015065,0.8236311162816462
26003,GOF,0.006698082777859811,0.6785249469356397,0.3147769702865005
26004,GOF,0.0113388840286142,0.7018016116359969,0.286859504335389
26005,LOF,0.00444888253357812,0.48825555720016633,0.5072955602662556
26006,GOF,0.13808212368000447,0.5541298817964223,0.30778799452357325
26007,GOF,0.008877869661405555,0.5447004397645742,0.4464216905740203
26008,GOF,0.006171100381224475,0.6091267703721075,0.3847021292466681
26009,GOF,0.009121124362485739,0.6676349670755903,0.3232439085619239
26010,GOF,0.008855093941126426,0.6315659135354856,0.35957899252338793
26011,LOF,0.0036746569408834004,0.42246941398635124,0.5738559290727654
26012,GOF,0.004467793201407008,0.5037830559396307,0.49174915085896226
26013,GOF,0.008182081773577732,0.5888630796213116,0.4029548386051106
26014,LOF,0.06646984356338981,0.10910834654097028,0.82442180989564
26015,LOF,0.3467276947656344,0.03778760240600638,0.6154847028283592
26016,LOF,0.2795859784071567,0.05687594852491013,0.6635380730679332
26017,LOF,0.015611569231116132,0.26166311827486327,0.7227253124940206
26018,LOF,0.023914717892861287,0.08037953135690934,0.8957057507502294
26019,LOF,0.023511295499616808,0.07309122748485739,0.9033974770155259
26020,LOF,0.007487473900738183,0.2641702011011941,0.7283423249980677
26021,LOF,0.09501928188857871,0.10274992678579227,0.8022307913256291
26022,LOF,0.03332916335496333,0.040835725155014706,0.9258351114900218
26023,LOF,0.02333614456490771,0.0543086748224291,0.9223551806126633
26024,LOF,0.052705875798432056,0.08627357336364355,0.8610205508379245
26025,LOF,0.07709583240762236,0.1047845078683701,0.8181196597240076
26026,LOF,0.1021258108633409,0.08383337166074992,0.8140408174759092
26027,LOF,0.025098316065259186,0.03878244761475332,0.9361192363199875
26028,LOF,0.09977996731906626,0.16303422236978868,0.737185810311145
26029,LOF,0.028335410369684347,0.21646946526452412,0.7551951243657915
26030,LOF,0.14947178860047386,0.03070771933297072,0.8198204920665554
26031,LOF,0.011659579149118901,0.16867347649140207,0.819666944359479
26032,LOF,0.043051573394381135,0.061648587319955594,0.8952998392856634
26033,LOF,0.05268201161561666,0.056745694111549325,0.8905722942728341
26034,LOF,0.01532555310688136,0.17731286652637396,0.8073615803667447
26035,LOF,0.012358537988103907,0.12386698955771751,0.8637744724541785
26036,LOF,0.012637560465816959,0.1345903451242721,0.852772094409911
26037,LOF,0.010143453876237486,0.11527907628994105,0.8745774698338215
26038,LOF,0.036526870561473745,0.05547616110284377,0.9079969683356826
26039,LOF,0.0361113849803553,0.15721093673319836,0.8066776782864464
26040,LOF,0.08829253181044848,0.13072468094523929,0.7809827872443122
26041,LOF,0.013840013538586297,0.0999816983654836,0.8861782880959301
26042,LOF,0.012898627231758799,0.11551312049660564,0.8715882522716355
26043,LOF,0.03562257561741801,0.08334878033146892,0.8810286440511131
26044,LOF,0.012191209417301582,0.06123909444989526,0.9265696961328032
26045,LOF,0.0783800796393399,0.1283746963706654,0.7932452239899948
26046,LOF,0.0321022549635832,0.06302549140654731,0.9048722536298694
26047,LOF,0.05921843782595932,0.06373904788293337,0.8770425142911072
26048,LOF,0.07075482897599063,0.029445272384535297,0.899799898639474
26049,Neutral,0.9447636616487074,0.009293788805225744,0.045942549546066865
26050,Neutral,0.9176893268996883,0.009934145173377347,0.07237652792693434
26051,LOF,0.02116831457148425,0.10088957444418259,0.8779421109843332
26052,LOF,0.04087226299809524,0.1067555720870935,0.8523721649148113
26053,LOF,0.02278113434992555,0.14840347772767573,0.8288153879223986
26054,LOF,0.04661366549929963,0.03344487927076014,0.9199414552299402
26055,LOF,0.07491720529367822,0.03135545245913541,0.8937273422471864
26056,LOF,0.05979410385338515,0.038634535599838156,0.9015713605467768
26057,LOF,0.06086825576588961,0.016522098875996778,0.9226096453581136
26058,LOF,0.06390069297561704,0.013892554275549519,0.9222067527488336
26059,LOF,0.2215124104570674,0.0354318467622069,0.7430557427807256
26060,LOF,0.01971077612918146,0.16181743383496927,0.8184717900358492
26061,LOF,0.010324380056153834,0.011804641952511212,0.9778709779913349
26062,LOF,0.0058838098440994035,0.016729307127134007,0.9773868830287666
26063,LOF,0.04189393982094234,0.012798777823331924,0.9453072823557257
26064,LOF,0.01145921454570785,0.027046369952496197,0.9614944155017958
26065,LOF,0.047643186818152335,0.01627573929934923,0.9360810738824985
26066,LOF,0.0466930651551205,0.01223277184750001,0.9410741629973794
26067,LOF,0.05323389918973817,0.012256432633962271,0.9345096681762995
26068,LOF,0.05610261641363175,0.046596393482934394,0.8973009901034338
26069,LOF,0.32155927122133626,0.03152268525455026,0.6469180435241135
26070,Neutral,0.582298442382545,0.022465550373024643,0.3952360072444302
26071,LOF,0.04467115232264309,0.014240349780652592,0.9410884978967043
26072,LOF,0.009510540621628297,0.0199080191443287,0.970581440234043
26073,LOF,0.038287185549396065,0.015438064248610717,0.9462747502019931
26074,Neutral,0.8887078254262287,0.01153824724873166,0.09975392732503972
26075,LOF,0.057823706257574714,0.023402069539441888,0.9187742242029835
26076,LOF,0.050969330950327865,0.014401655922149276,0.9346290131275229
26077,LOF,0.1359571326628018,0.00794707740055985,0.8560957899366384
26078,LOF,0.007696391568912194,0.017389737112491664,0.9749138713185962
26079,LOF,0.06835824043790746,0.023694358919268285,0.9079474006428242
26080,LOF,0.06759940669413696,0.023749957539277725,0.9086506357665854
26081,LOF,0.03465779419824661,0.01075798029706994,0.9545842255046834
26082,LOF,0.006009603149011502,0.018521869977730587,0.9754685268732579
26083,LOF,0.11554109319834026,0.025032848076612057,0.8594260587250477
26084,LOF,0.11296302468275601,0.01793721999243683,0.8690997553248071
26085,LOF,0.09664400836915385,0.015225938395454162,0.8881300532353921
26086,LOF,0.04034225198777894,0.014619574741340232,0.9450381732708809
26087,LOF,0.03972927940123246,0.012031170363135465,0.9482395502356321
26088,LOF,0.00725251485720505,0.025715493345765072,0.9670319917970299
26089,LOF,0.0433914191985468,0.03946067806693027,0.917147902734523
26090,LOF,0.04428177534127937,0.029791158023188644,0.925927066635532
26091,LOF,0.03206099102815802,0.009127892603336319,0.9588111163685056
26092,LOF,0.04422818931303255,0.010110145304926932,0.9456616653820406
26093,LOF,0.08977947572249668,0.0070448715290300865,0.9031756527484732
26094,LOF,0.037161301803046866,0.008933493666843222,0.9539052045301099
26095,LOF,0.029955487559341458,0.018647445162146514,0.951397067278512
26096,LOF,0.17445755818488048,0.006143438866718933,0.8193990029484006
26097,LOF,0.007161819809046502,0.03686709409186506,0.9559710860990884
26098,LOF,0.12995453589415243,0.02177836690623525,0.8482670971996124
26099,LOF,0.046202112611956885,0.02017039332974265,0.9336274940583004
26100,LOF,0.04618328580660344,0.020169906032659096,0.9336468081607374
26101,LOF,0.06281665142497304,0.04033706571038689,0.8968462828646401
26102,LOF,0.03619752282865828,0.01888692125405855,0.9449155559172833
26103,Neutral,0.8926970371803544,0.03187831610631388,0.0754246467133316
26104,LOF,0.06110555469766502,0.0457387353640084,0.8931557099383266
26105,LOF,0.2579987053092066,0.13536560043695664,0.6066356942538369
26106,LOF,0.3453376354696282,0.07340355813889146,0.5812588063914803
26107,LOF,0.023683583732481882,0.08763696476443678,0.8886794515030813
26108,LOF,0.24945699199035387,0.0381177662340149,0.7124252417756313
26109,LOF,0.08899718299322619,0.03376947477721697,0.877233342229557
26110,LOF,0.4357158609691303,0.011335664076635908,0.5529484749542338
26111,LOF,0.05337907004617221,0.14434096651217707,0.8022799634416508
26112,LOF,0.05455435955495733,0.010257966530582313,0.9351876739144604
26113,LOF,0.11011723065031095,0.025928397211023742,0.8639543721386652
26114,LOF,0.08680821624449271,0.010449219664090242,0.9027425640914171
26115,LOF,0.020045917513685084,0.05694016015732859,0.9230139223289863
26116,LOF,0.0734582496772527,0.024836878173088467,0.9017048721496589
26117,LOF,0.3436575720457671,0.04494344673909824,0.6113989812151347
26118,LOF,0.04796799023206476,0.019799471466141787,0.9322325383017933
26119,LOF,0.00654603668177395,0.03827901350506773,0.9551749498131584
26120,LOF,0.0348945918803687,0.018604969616322135,0.9465004385033091
26121,LOF,0.0037640197133917658,0.13627679962112374,0.8599591806654845
