feature0,prediction,LoGoFunc_Neutral,LoGoFunc_GOF,LoGoFunc_LOF
25546,Neutral,0.7490893287689208,0.03642292249350734,0.21448774873757184
25547,Neutral,0.5922009475618724,0.07906538318806995,0.3287336692500577
25548,Neutral,0.619287331976407,0.055308860044481156,0.3254038079791118
25549,Neutral,0.5285292888986488,0.0543719949535319,0.41709871614781935
25550,LOF,0.34912223400724895,0.12422312280059648,0.5266546431921545
25551,LOF,0.27932015071851646,0.1306638197962453,0.5900160294852382
25552,LOF,0.2125278311632393,0.12098202926342257,0.6664901395733381
25553,Neutral,0.854875444619626,0.025597912182810014,0.1195266431975641
25554,LOF,0.24288780466384774,0.11450829283977138,0.642603902496381
25555,LOF,0.20421456812569624,0.1023395946776604,0.6934458371966433
25556,LOF,0.44419191295090593,0.10152530542735642,0.45428278162173774
25557,LOF,0.19348231058782758,0.1068469983663129,0.6996706910458595
25558,LOF,0.22773023683735255,0.11527944032511458,0.656990322837533
25559,LOF,0.3628614676561579,0.14075338467887494,0.4963851476649672
25560,LOF,0.05303170257644747,0.13271514753488586,0.8142531498886667
25561,LOF,0.13037088927763762,0.1211325012491076,0.7484966094732548
25562,LOF,0.09329917803790222,0.06861657283691813,0.8380842491251796
25563,LOF,0.10562784329820715,0.08087044714122481,0.8135017095605681
25564,LOF,0.2666139211753906,0.12075467930430098,0.6126313995203084
25565,LOF,0.1209256277378585,0.1446105581424904,0.7344638141196511
25566,GOF,0.012742200467055242,0.7592077625521739,0.22805003698077075
25567,LOF,0.019024735345670823,0.21834068219821126,0.7626345824561178
25568,LOF,0.05298822913807465,0.0871148725069567,0.8598968983549686
25569,LOF,0.05585082045908279,0.08817780210514255,0.8559713774357747
25570,LOF,0.056538522609887634,0.13869659585764707,0.8047648815324653
25571,LOF,0.048780844204079514,0.1276768106920959,0.8235423451038246
25572,LOF,0.06231491708620082,0.1453474924862718,0.7923375904275274
25573,LOF,0.03488026186005879,0.1223743104067703,0.842745427733171
25574,LOF,0.020012834720962738,0.18035704921491447,0.7996301160641227
25575,LOF,0.041499322690494084,0.14149037279001833,0.8170103045194876
25576,LOF,0.01927728966889601,0.16293934265566057,0.8177833676754435
25577,LOF,0.016300937758000608,0.14717276205926358,0.8365263001827359
25578,LOF,0.27863177462162064,0.11758870064532741,0.6037795247330521
25579,LOF,0.1142678296705784,0.1378615915702486,0.7478705787591731
25580,LOF,0.030082749371519942,0.11225506046544242,0.8576621901630376
25581,LOF,0.05020224522391171,0.09141739491419384,0.8583803598618943
25582,LOF,0.04986064359828881,0.09021503903705143,0.8599243173646597
25583,LOF,0.03573122869782967,0.12890936607974135,0.835359405222429
25584,Neutral,0.47444887754295834,0.13808998823363783,0.38746113422340384
25585,LOF,0.021894216329463912,0.15928958245642463,0.8188162012141115
25586,LOF,0.028532622705792286,0.10681170655565114,0.8646556707385565
25587,LOF,0.029158359805137417,0.09952975850991144,0.8713118816849512
25588,LOF,0.028965314059324263,0.11931967527244744,0.8517150106682283
25589,Neutral,0.6094259048318764,0.1468682931059037,0.2437058020622199
25590,LOF,0.0341326578434248,0.16563109408763593,0.8002362480689393
25591,LOF,0.08558170439536568,0.08437028150801264,0.8300480140966217
25592,LOF,0.09158569907185153,0.18284568431304066,0.7255686166151079
25593,LOF,0.03077993329872981,0.301320712983933,0.6678993537173372
25594,LOF,0.040842415219776745,0.19713720140699342,0.7620203833732299
25595,LOF,0.052426598806137995,0.14941963176037898,0.798153769433483
25596,LOF,0.049647429785512724,0.1079292642655727,0.8424233059489147
25597,LOF,0.033344513956043265,0.10911894753206386,0.8575365385118929
25598,LOF,0.046487643020970845,0.1478742620972382,0.805638094881791
25599,GOF,0.006399982381480425,0.6381098658981903,0.3554901517203293
25600,GOF,0.012337633516719085,0.6305897563325494,0.3570726101507316
25601,LOF,0.009162814266982745,0.4451484479284362,0.545688737804581
25602,LOF,0.01772289474150582,0.03593925328121305,0.9463378519772812
25603,LOF,0.060310602070660836,0.016324855030618646,0.9233645428987205
25604,LOF,0.03357715520192089,0.042075539214920084,0.9243473055831589
25605,LOF,0.010059147795528463,0.17789537602399288,0.8120454761804787
25606,LOF,0.1027680259509519,0.3179902644359684,0.5792417096130796
25607,LOF,0.006300694000780821,0.17942208352050976,0.8142772224787094
25608,LOF,0.018599331955434603,0.07978275191709934,0.9016179161274661
25609,LOF,0.06075587244508906,0.4137160141909753,0.5255281133639357
25610,LOF,0.030307215504223887,0.024815800875845395,0.9448769836199307
25611,LOF,0.040661721518394145,0.02390869138093178,0.9354295871006741
25612,LOF,0.0896692170095072,0.038222554731085406,0.8721082282594075
25613,LOF,0.07748946877105219,0.039395198570347054,0.8831153326586009
25614,LOF,0.03104892897159117,0.03189929527201517,0.9370517757563938
25615,LOF,0.03354958686580235,0.04440038843426503,0.9220500246999326
25616,LOF,0.025523909377196726,0.032180083984377605,0.9422960066384257
25617,LOF,0.02557526501009608,0.035377761955157794,0.9390469730347462
25618,LOF,0.13368579355547236,0.03058359897771861,0.835730607466809
25619,LOF,0.02789230679566547,0.031404043239660485,0.9407036499646741
25620,LOF,0.03240542522840122,0.03791375972197143,0.9296808150496274
25621,LOF,0.02620718941279769,0.03416058462356032,0.9396322259636419
25622,LOF,0.03421492952340967,0.036832491901590776,0.9289525785749996
25623,LOF,0.0526327242610229,0.028695192315600984,0.9186720834233761
25624,LOF,0.024486087592837484,0.039925497967772054,0.9355884144393906
25625,LOF,0.034532518004717246,0.043590330545019554,0.9218771514502633
25626,LOF,0.06986093292539092,0.03415719482852716,0.895981872246082
25627,Neutral,0.5570855381649715,0.13553855577471213,0.3073759060603163
25628,LOF,0.20827291947098867,0.06173096189609135,0.7299961186329199
25629,LOF,0.05658332966973998,0.07069760195972699,0.8727190683705329
25630,LOF,0.1740805395531092,0.09802119095178502,0.7278982694951057
25631,Neutral,0.6087513894962033,0.06256489301817462,0.3286837174856221
25632,LOF,0.013072059728065405,0.11707106811382624,0.8698568721581083
25633,LOF,0.08874978176821186,0.0888878204505893,0.8223623977811989
25634,LOF,0.029238580273450575,0.11350763820701965,0.8572537815195298
25635,LOF,0.03314449597173169,0.0894336932022276,0.8774218108260406
25636,GOF,0.0038948958806792784,0.612575236234838,0.3835298678844827
25637,GOF,0.0035047631229490335,0.6278454322276666,0.3686498046493844
25638,LOF,0.006453931001312299,0.35348697838476073,0.6400590906139269
25639,GOF,0.0035396613998724628,0.5037900711397264,0.4926702674604011
25640,GOF,0.45483099685777356,0.4640772433483764,0.08109175979384997
25641,LOF,0.009660498932363003,0.2658447253469944,0.7244947757206426
25642,LOF,0.2511847725907727,0.05286710374816579,0.6959481236610615
25643,LOF,0.29441448486643884,0.13636395239059557,0.5692215627429655
25644,GOF,0.01606816733915142,0.5320440120926258,0.4518878205682228
25645,LOF,0.01259318232235544,0.47202481915677325,0.5153819985208714
25646,LOF,0.018532411906980153,0.3264658349401829,0.6550017531528369
25647,LOF,0.013682054893829987,0.27958951239038315,0.7067284327157869
25648,LOF,0.013496052986608416,0.2884084779605092,0.6980954690528824
25649,LOF,0.011869915211113892,0.1906982270469434,0.7974318577419427
25650,LOF,0.022448793953287444,0.4364493631451216,0.5411018429015909
25651,LOF,0.008147686348884735,0.2766721826479349,0.7151801310031803
25652,LOF,0.013501319873190048,0.2555254823094934,0.7309731978173165
25653,LOF,0.04980523051426946,0.380322511555228,0.5698722579305024
25654,LOF,0.014796825731848364,0.16178237181099783,0.8234208024571539
25655,LOF,0.08145545216332373,0.41266095186976715,0.5058835959669092
25656,LOF,0.10861155617889309,0.051120766259812746,0.8402676775612942
25657,LOF,0.3290308660090975,0.026241416657639183,0.6447277173332634
25658,LOF,0.04731190170616184,0.08091685073218506,0.871771247561653
25659,LOF,0.38740015426041746,0.06805444890947425,0.5445453968301083
25660,LOF,0.06122026724528915,0.09324538179456654,0.8455343509601443
25661,LOF,0.046210058045181024,0.07369960980461979,0.8800903321501992
25662,LOF,0.027893953658344756,0.052834475036696874,0.9192715713049584
25663,LOF,0.0387877628943026,0.07615125160770672,0.8850609854979907
25664,LOF,0.04547133749610773,0.08782074100536988,0.8667079214985224
25665,LOF,0.057721512630381215,0.04207545095891712,0.9002030364107017
25666,LOF,0.04093479601406895,0.11727550927065922,0.8417896947152718
25667,LOF,0.03234463107136245,0.05613563845888806,0.9115197304697495
25668,LOF,0.035978275388748725,0.05809809043969551,0.9059236341715557
25669,LOF,0.040745470644732266,0.08034717887136672,0.8789073504839011
25670,LOF,0.08110066596163434,0.08781460942733631,0.8310847246110293
25671,LOF,0.03962488866615143,0.0508040651770632,0.9095710461567854
25672,LOF,0.06083959640009109,0.05860758141088286,0.8805528221890261
25673,LOF,0.047600912034666196,0.06899842854332229,0.8834006594220115
25674,LOF,0.04164425994541296,0.07119520752618379,0.8871605325284032
25675,LOF,0.055176363928361484,0.06455313520887941,0.880270500862759
25676,LOF,0.03528759848706167,0.06440108050346302,0.9003113210094754
25677,LOF,0.060679982257942,0.06807379117011905,0.8712462265719391
25678,LOF,0.28367832452213493,0.03636040254814771,0.6799612729297173
25679,LOF,0.15929669592328558,0.07133041194206641,0.7693728921346481
25680,LOF,0.06109114318688062,0.10097278767680484,0.8379360691363146
25681,LOF,0.10041717177628583,0.09645997275223325,0.8031228554714809
25682,LOF,0.045162446271462035,0.086169745544398,0.86866780818414
25683,LOF,0.09824087438647325,0.10242753893249477,0.799331586681032
25684,LOF,0.05707223694607813,0.09221318118638294,0.850714581867539
25685,LOF,0.10865069678759906,0.059987197539915854,0.8313621056724851
25686,LOF,0.03901498128490085,0.11067222692543521,0.8503127917896639
25687,LOF,0.04555871034760162,0.09827618249973889,0.8561651071526595
25688,LOF,0.0280470703353005,0.09112013964108143,0.880832790023618
25689,LOF,0.019394604054096043,0.08829132172583525,0.8923140742200687
25690,LOF,0.019591250241469852,0.08272825411929689,0.8976804956392332
25691,LOF,0.22424000887024698,0.11002802566360823,0.6657319654661449
25692,LOF,0.2608653098061198,0.010061044604365098,0.7290736455895152
25693,LOF,0.10038908146335535,0.16453085786719432,0.7350800606694503
25694,LOF,0.2638888486303365,0.016951617997891414,0.7191595333717722
25695,LOF,0.1645129339226836,0.02055001035775281,0.8149370557195637
25696,LOF,0.19193145562151043,0.010007274637713498,0.7980612697407762
25697,LOF,0.16754509334897158,0.025911773957915205,0.8065431326931133
25698,LOF,0.03260240469395096,0.42322171331581926,0.5441758819902297
25699,LOF,0.06295702720580394,0.08619681840925245,0.8508461543849436
25700,LOF,0.03079960948383196,0.01049405790575291,0.9587063326104152
25701,LOF,0.017239093913722248,0.08120215749473182,0.9015587485915459
25702,GOF,0.0359937956795165,0.7507731761321934,0.21323302818829012
25703,LOF,0.013077126177805405,0.19223507689905808,0.7946877969231366
25704,LOF,0.09200161353605545,0.16101021248873945,0.7469881739752051
25705,LOF,0.06121056632822646,0.24424899518072996,0.6945404384910435
25706,GOF,0.05700971134866798,0.5922662703943082,0.3507240182570238
25707,GOF,0.03130425180620835,0.5018094094424129,0.4668863387513787
25708,LOF,0.009425966370733603,0.43525544201650573,0.5553185916127605
25709,LOF,0.02024907016801674,0.062444333342261085,0.9173065964897222
25710,LOF,0.009411951615111302,0.16325251971574914,0.8273355286691396
25711,LOF,0.021878015658170574,0.11173458476323611,0.8663873995785933
25712,LOF,0.010292399990105623,0.22449698003209154,0.7652106199778028
25713,LOF,0.01964527386847315,0.09346953428572422,0.8868851918458026
25714,LOF,0.02097501316006937,0.12924343677440478,0.8497815500655258
25715,LOF,0.02155630654607563,0.10223241212891444,0.87621128132501
25716,LOF,0.010829683262598458,0.1214352524182079,0.8677350643191937
25717,LOF,0.00660658235725665,0.13247960400700778,0.8609138136357356
25718,LOF,0.01891190384418358,0.07629067939231378,0.9047974167635027
25719,LOF,0.034177631148767054,0.08143661772784848,0.8843857511233846
25720,LOF,0.023482214734585418,0.08740361841459986,0.8891141668508147
25721,LOF,0.024458254556691865,0.09684496618835425,0.8786967792549539
25722,LOF,0.01917721297403206,0.1274285352458768,0.8533942517800912
25723,LOF,0.022605949835706584,0.06825958052254195,0.9091344696417515
25724,LOF,0.03786607412524819,0.09716641185913759,0.8649675140156141
25725,LOF,0.022419969941620873,0.06417374357686999,0.9134062864815091
25726,LOF,0.017144435222933845,0.09797438054355977,0.8848811842335064
25727,LOF,0.02157207322852271,0.08063537854021069,0.8977925482312665
25728,LOF,0.019478693621999665,0.09685221885837789,0.8836690875196226
25729,LOF,0.020657879419593347,0.09574919863050024,0.8835929219499065
25730,LOF,0.020664860161950165,0.07565674667599462,0.9036783931620551
25731,LOF,0.01293903517379808,0.16068318344168644,0.8263777813845155
25732,LOF,0.018870438190385256,0.0881418171694954,0.8929877446401194
25733,LOF,0.03015739826638541,0.07461382130913013,0.8952287804244845
25734,LOF,0.007890874637748643,0.19092607952967253,0.8011830458325788
25735,LOF,0.0237929379788174,0.07200802930034293,0.9041990327208397
25736,LOF,0.022386420260397027,0.10859763986386133,0.8690159398757418
25737,LOF,0.042085422208979296,0.07688726687659589,0.8810273109144248
25738,LOF,0.021826355228313592,0.11898877024443154,0.8591848745272549
25739,LOF,0.02192904392522251,0.11560598419713866,0.8624649718776388
25740,LOF,0.05258418888479216,0.10738751756520522,0.8400282935500027
25741,LOF,0.026727896175617157,0.08740219923683319,0.8858699045875496
25742,LOF,0.036223656618856466,0.10229201238648268,0.8614843309946608
25743,LOF,0.011013070995258539,0.06510409237117415,0.9238828366335672
25744,GOF,0.11962342349351253,0.5090792668173599,0.37129730968912744
25745,LOF,0.02056411248021569,0.08691855290779614,0.8925173346119881
25746,LOF,0.010853373860318202,0.10926065845991448,0.8798859676797672
25747,LOF,0.031336763328353716,0.051077852733784006,0.9175853839378623
25748,LOF,0.17341821315459105,0.08877791243216536,0.7378038744132437
25749,LOF,0.013617906071302721,0.07292284700661897,0.9134592469220782
25750,LOF,0.016073743381332863,0.09296472445301524,0.890961532165652
25751,LOF,0.03455338505032934,0.09884687154847445,0.8665997434011962
25752,GOF,0.08987517896673666,0.6115970168618908,0.2985278041713725
25753,LOF,0.008028685702662948,0.34689452973569346,0.6450767845616435
25754,GOF,0.006133632971970001,0.8579659455131736,0.13590042151485643
25755,LOF,0.011398069241439487,0.4055904514935402,0.5830114792650203
25756,LOF,0.049895183095856825,0.4070898276000853,0.543014989304058
25757,GOF,0.007413444019451124,0.8688597553929405,0.12372680058760842
25758,GOF,0.008151473820662884,0.8392938992963928,0.15255462688294433
25759,GOF,0.0054702170764672035,0.5496280155925408,0.444901767330992
25760,LOF,0.007837563371198094,0.28790812854295605,0.704254308085846
25761,GOF,0.048394581085252984,0.8317092312783593,0.11989618763638762
25762,LOF,0.030505927386657316,0.3492103294573773,0.6202837431559655
25763,LOF,0.01010957181728003,0.23076614928858472,0.7591242788941354
25764,GOF,0.09720906411208655,0.529533441099591,0.3732574947883224
25765,GOF,0.008517248594414897,0.8351644717610975,0.1563182796444876
25766,GOF,0.03423451708200529,0.7905985029102723,0.17516698000772243
25767,LOF,0.020160471361666273,0.4698276561562603,0.5100118724820734
25768,LOF,0.037591611276211856,0.07474409189257528,0.8876642968312128
25769,LOF,0.023479485958400326,0.07051718449411837,0.9060033295474813
25770,LOF,0.14702757066023622,0.06368950695898012,0.7892829223807837
25771,LOF,0.017821784565957313,0.0704925301920297,0.9116856852420129
25772,LOF,0.02503138246723134,0.028815113730234022,0.9461535038025346
25773,LOF,0.01492138433873928,0.07771061470515112,0.9073680009561096
25774,LOF,0.02738772756409595,0.09075208800876575,0.8818601844271383
25775,LOF,0.023827894911013614,0.044426615307420654,0.9317454897815657
25776,LOF,0.026743979405211494,0.027555010320909245,0.9457010102738793
25777,LOF,0.1849167597466551,0.067864512426651,0.747218727826694
25778,LOF,0.02029386783644559,0.05091991382830255,0.9287862183352518
25779,GOF,0.04410421297352515,0.8925089545092435,0.06338683251723146
25780,GOF,0.06631831002254826,0.87709761834918,0.05658407162827172
25781,GOF,0.02929265724634251,0.8741058098134858,0.09660153294017165
25782,GOF,0.03527652900601571,0.9008970955631856,0.06382637543079864
25783,GOF,0.019398588528630675,0.7552458657933407,0.2253555456780286
25784,GOF,0.11486473200991792,0.8421743684745733,0.04296089951550871
25785,GOF,0.07053215456792378,0.8914190114520765,0.038048833979999835
25786,GOF,0.005823894862189301,0.8336287031354359,0.16054740200237472
25787,GOF,0.16187600176639638,0.8101014624098691,0.028022535823734457
25788,LOF,0.015532405643390831,0.16943382915487498,0.8150337652017342
25789,GOF,0.019362074229709054,0.8751405560880631,0.10549736968222785
25790,GOF,0.023331387906020334,0.8925151502180572,0.08415346187592254
25791,GOF,0.017863765274708322,0.839284138015042,0.14285209671024987
25792,GOF,0.028483411765095393,0.8499786740788561,0.1215379141560486
25793,GOF,0.07600788043697754,0.8358841646077106,0.08810795495531172
25794,GOF,0.060581728876693414,0.7899254186946247,0.14949285242868185
25795,GOF,0.039491512866206654,0.8026020592945686,0.1579064278392247
25796,GOF,0.07955307648562113,0.8248201187140707,0.09562680480030819
25797,GOF,0.03615457602322001,0.7044910573550638,0.2593543666217162
25798,GOF,0.00336194807230293,0.660460196628486,0.33617785529921107
25799,GOF,0.00312862241400998,0.5300726941696222,0.46679868341636777
25800,GOF,0.012283880382224423,0.7404992266772341,0.24721689294054147
25801,GOF,0.015431944626899957,0.876537208272888,0.10803084710021217
25802,GOF,0.021801046997606172,0.8065933058129047,0.17160564718948929
25803,GOF,0.012083560270377078,0.7132941363829509,0.274622303346672
25804,GOF,0.014409448126478012,0.6016982693457618,0.38389228252776014
25805,GOF,0.02892269824379934,0.7073016391729505,0.2637756625832502
25806,GOF,0.02188182003991304,0.7634741469293915,0.2146440330306954
25807,GOF,0.006036325198513888,0.7333854295428754,0.26057824525861056
25808,GOF,0.017319112821724277,0.7605810007872995,0.22209988639097614
25809,GOF,0.006518281563559392,0.7416890855605389,0.2517926328759016
25810,GOF,0.005825550416537044,0.7523282818718195,0.24184616771164344
25811,GOF,0.04822285390281296,0.8711127346441193,0.08066441145306781
25812,GOF,0.016515167821896704,0.7330523711857205,0.2504324609923828
25813,GOF,0.10589959022752138,0.8065977665312317,0.08750264324124699
25814,GOF,0.02617549450620981,0.8197075101584242,0.154116995335366
25815,GOF,0.038806297669179556,0.8217689393745394,0.13942476295628117
25816,GOF,0.008345957943040225,0.8611007197640353,0.13055332229292463
25817,GOF,0.0933067282851767,0.7794673308505984,0.1272259408642249
25818,GOF,0.026069322158456455,0.8170557743765005,0.1568749034650431
25819,GOF,0.06633364103925418,0.7765410209484703,0.15712533801227535
25820,GOF,0.034625528645383596,0.7907209052285628,0.1746535661260537
25821,GOF,0.01939186938973349,0.7789555968966427,0.2016525337136238
25822,GOF,0.036712155298975854,0.7939059754418009,0.16938186925922316
25823,GOF,0.015361257277285049,0.6492017473854401,0.3354369953372749
25824,GOF,0.025793369704172498,0.7869061586588588,0.18730047163696872
25825,GOF,0.016456372386173434,0.7726427398280579,0.21090088778576874
25826,GOF,0.005898201653728905,0.731709179774595,0.26239261857167595
25827,GOF,0.009464022369034961,0.716390914761189,0.274145062869776
25828,GOF,0.006647643875954997,0.6640507233907966,0.3293016327332484
25829,GOF,0.00313766868720541,0.7268584925131867,0.270003838799608
25830,GOF,0.03761810929615215,0.5026101474370633,0.45977174326678444
25831,GOF,0.04821907349558428,0.8498331199539547,0.10194780655046105
25832,GOF,0.0083697748039245,0.8073278026131928,0.18430242258288274
25833,GOF,0.032012085495441746,0.8472340272163201,0.12075388728823816
25834,GOF,0.008437406741428712,0.8267357419512898,0.1648268513072815
25835,GOF,0.018381227401560656,0.871863924240702,0.10975484835773724
25836,GOF,0.006521773669324672,0.8255781101249805,0.16790011620569495
25837,GOF,0.007395709271935082,0.7180182234101529,0.27458606731791213
25838,GOF,0.02099444453125766,0.8815527332705111,0.09745282219823122
25839,GOF,0.040437725203233715,0.8666308259519336,0.09293144884483275
25840,GOF,0.056779380985411076,0.8531215649203431,0.09009905409424579
25841,GOF,0.05066649161329133,0.8632267089765328,0.08610679941017596
25842,GOF,0.029411340116969772,0.9035272136536981,0.06706144622933216
25843,GOF,0.02903068664762444,0.9079338773502761,0.0630354360020994
25844,GOF,0.018498156072683618,0.8560392448745983,0.12546259905271814
25845,GOF,0.006327345527645902,0.6638897109399347,0.3297829435324195
25846,GOF,0.04127836978758327,0.8666241115441861,0.09209751866823052
25847,GOF,0.022036006655246444,0.9182796702362769,0.05968432310847653
25848,GOF,0.01646014793743512,0.8737673610746225,0.10977249098794231
25849,GOF,0.005151498920332199,0.7442498376044007,0.25059866347526716
25850,GOF,0.006398097124022517,0.7816676184843232,0.21193428439165418
25851,GOF,0.005594929494160681,0.6500580613704471,0.3443470091353923
25852,GOF,0.13537616221832455,0.633601123502335,0.23102271427934046
25853,GOF,0.07146011819342007,0.8568351834456768,0.07170469836090325
25854,GOF,0.005874728429847593,0.7166417032172087,0.2774835683529437
25855,GOF,0.014777147478785412,0.6711010181547747,0.3141218343664398
25856,GOF,0.03805960538245677,0.7949339632664147,0.16700643135112853
25857,GOF,0.013061904716114726,0.6470005185908115,0.33993757669307384
25858,GOF,0.008359151134378693,0.6445337199768046,0.34710712888881673
25859,GOF,0.005664588560716739,0.6056663273771047,0.3886690840621785
25860,GOF,0.08122113803873615,0.8248714593996628,0.09390740256160109
25861,GOF,0.0860078284696636,0.8270023097679446,0.08698986176239162
25862,GOF,0.021449146631553527,0.8750602394003649,0.10349061396808146
25863,GOF,0.021694412840116802,0.8830415573287441,0.09526402983113919
25864,GOF,0.052333147627868414,0.8803063704796061,0.06736048189252548
25865,GOF,0.03512634790922184,0.8482450305738529,0.11662862151692528
25866,GOF,0.02826138509095041,0.8688520359105852,0.10288657899846429
25867,GOF,0.0330655205298712,0.8849379231898288,0.08199655628030009
25868,GOF,0.052061205839466135,0.8580854657241511,0.08985332843638279
25869,GOF,0.33377800626265275,0.6103957135063185,0.05582628023102871
25870,GOF,0.07818501126383914,0.7118319048779709,0.20998308385819
25871,GOF,0.01243190171092767,0.8955707154618643,0.0919973828272081
25872,GOF,0.02095022561932101,0.8797447798353772,0.09930499454530192
25873,GOF,0.020979742025820154,0.9026251241943559,0.07639513377982388
25874,LOF,0.017074914103313403,0.1972712208244898,0.7856538650721968
25875,LOF,0.053289915279740974,0.047465360278954635,0.8992447244413043
25876,LOF,0.019718638057164787,0.038242330319485075,0.9420390316233502
25877,LOF,0.1411237404865975,0.09170153236975269,0.7671747271436499
25878,LOF,0.06838549620707052,0.12477814037925732,0.8068363634136722
25879,LOF,0.029443521355492896,0.09258547393464951,0.8779710047098576
25880,LOF,0.05791915505131833,0.012965299657905808,0.9291155452907758
25881,Neutral,0.5386686318632677,0.05645364680803975,0.40487772132869243
25882,LOF,0.05964553063860656,0.02545440510396247,0.9149000642574311
25883,LOF,0.030997527762422872,0.02192130700260304,0.9470811652349741
25884,LOF,0.028652389751061217,0.0407239758699363,0.9306236343790025
25885,LOF,0.22048361440742778,0.011028908280450153,0.768487477312122
25886,LOF,0.15727103392937689,0.05382067414388453,0.7889082919267385
25887,LOF,0.19525586355712468,0.059754395828746455,0.7449897406141289
25888,LOF,0.012248911318296024,0.13259203429081848,0.8551590543908856
25889,LOF,0.034408883234696985,0.028660569252020665,0.9369305475132823
25890,LOF,0.11972859973696959,0.10480279168634038,0.77546860857669
25891,LOF,0.08961970021457133,0.019497429151612577,0.8908828706338162
25892,LOF,0.009027641632567432,0.033295077387253645,0.9576772809801789
25893,LOF,0.4041117626779235,0.008851486246979814,0.5870367510750967
25894,LOF,0.4469532167024668,0.005371349934503257,0.5476754333630299
25895,LOF,0.3382099769505302,0.011448267258192434,0.6503417557912773
25896,LOF,0.06263997926956419,0.01652832627742103,0.9208316944530147
25897,LOF,0.18152781996115838,0.008903736472401759,0.8095684435664399
25898,LOF,0.16623413626659328,0.02746256530834172,0.806303298425065
25899,LOF,0.31982601501811314,0.01721703811836722,0.6629569468635197
25900,LOF,0.4175663364398683,0.008241137964375374,0.5741925255957563
25901,LOF,0.05898076641214699,0.007270620264628534,0.9337486133232245
25902,LOF,0.15872212755682477,0.008447914826046564,0.8328299576171286
25903,LOF,0.40598239190660196,0.023651279495625555,0.5703663285977725
25904,LOF,0.4335767475113985,0.024053348610124734,0.5423699038784767
25905,LOF,0.004196302521128521,0.46040789700873713,0.5353958004701344
25906,LOF,0.009847555306261756,0.12038397100647476,0.8697684736872635
25907,LOF,0.004232492205549603,0.36937020505519585,0.6263973027392545
25908,LOF,0.0046211426588292324,0.25991766012075795,0.7354611972204128
25909,LOF,0.02377419170850514,0.15837141717322054,0.8178543911182742
25910,LOF,0.011322088742223483,0.11941652320555138,0.8692613880522251
25911,LOF,0.3417674079859857,0.04554306487924633,0.612689527134768
25912,LOF,0.0661430770746586,0.0546333948765289,0.8792235280488125
25913,LOF,0.04709540033187319,0.06614429595571383,0.886760303712413
25914,LOF,0.04010897965270377,0.055219841095418956,0.9046711792518773
25915,LOF,0.20520071130325324,0.24133209631647812,0.5534671923802686
25916,LOF,0.0365747166618347,0.1729932181159099,0.7904320652222554
25917,LOF,0.07249283421434465,0.0485506299765162,0.8789565358091391
25918,LOF,0.05005704019606949,0.03555188925954521,0.9143910705443854
25919,LOF,0.04137868170284986,0.034911454884259355,0.9237098634128909
25920,LOF,0.15834493347882223,0.1914300398131581,0.6502250267080196
25921,LOF,0.01655749107690963,0.04449228331705748,0.9389502256060329
25922,LOF,0.017438045240517744,0.0410334935028363,0.9415284612566459
25923,LOF,0.4435382591076952,0.05128028808219062,0.5051814528101142
25924,LOF,0.024848410696931524,0.06754406196968499,0.9076075273333836
25925,LOF,0.07486491760431845,0.06268335131324898,0.8624517310824326
25926,LOF,0.05403861660154115,0.05941301672199908,0.8865483666764599
25927,LOF,0.023787766738904554,0.09168827113791933,0.8845239621231761
25928,LOF,0.010763670620502307,0.06588013859662482,0.9233561907828728
25929,Neutral,0.5327681088583752,0.0489651249161944,0.4182667662254304
25930,LOF,0.06491856618981341,0.049779753272912085,0.8853016805372744
25931,LOF,0.014576240566803464,0.04628891226152482,0.9391348471716717
25932,LOF,0.05483748777520791,0.04162901873924653,0.9035334934855456
25933,LOF,0.0514160079079394,0.02663721208880607,0.9219467800032546
25934,LOF,0.04560511845725359,0.028883111175634232,0.9255117703671122
25935,LOF,0.06572611235499179,0.07218433761363191,0.8620895500313763
25936,LOF,0.07583399230322657,0.03044573667790357,0.8937202710188697
25937,LOF,0.01444736669867514,0.05076830344054039,0.9347843298607844
25938,LOF,0.06347871023707467,0.06867035492973846,0.8678509348331869
25939,LOF,0.035760079330957054,0.03966339697688139,0.9245765236921616
25940,LOF,0.010793337163461755,0.3545240502630156,0.6346826125735225
25941,Neutral,0.5037925244900193,0.03980513606590293,0.4564023394440778
25942,LOF,0.009476298554736941,0.05078850856079507,0.9397351928844679
25943,LOF,0.04772099451606378,0.18895553391763953,0.7633234715662965
25944,LOF,0.06768548577148488,0.09423624628252823,0.8380782679459868
25945,LOF,0.1245587449159233,0.01957987518549046,0.8558613798985862
25946,LOF,0.06814203744658046,0.043794616316938595,0.888063346236481
25947,Neutral,0.4576230612948729,0.10612722000221304,0.436249718702914
25948,LOF,0.4059804788635657,0.013146719906257317,0.580872801230177
25949,LOF,0.14315107220533668,0.06100594649783842,0.7958429812968248
25950,GOF,0.06789108742159317,0.624169345367902,0.30793956721050497
25951,LOF,0.012674854910737157,0.40117211892596716,0.5861530261632956
25952,LOF,0.30464766644110547,0.23012371602912163,0.46522861752977285
25953,LOF,0.007452765141224235,0.17653671134465798,0.8160105235141178
25954,LOF,0.09459177826295047,0.4407754656456696,0.46463275609138005
25955,LOF,0.007500854315140447,0.1436850903101702,0.8488140553746893
25956,LOF,0.019109388244522022,0.25292819288463814,0.7279624188708398
25957,LOF,0.2251681712698056,0.03286394175776743,0.741967886972427
25958,LOF,0.031126985979348522,0.03175573790197036,0.9371172761186811
25959,GOF,0.013305097237229686,0.5172045393329487,0.4694903634298217
25960,LOF,0.007497422570717002,0.05183550879587912,0.9406670686334039
25961,LOF,0.02948015854302421,0.02973933703240219,0.9407805044245736
25962,LOF,0.04327629849023702,0.06284533985103881,0.8938783616587243
25963,LOF,0.0050611916179087064,0.18617529870498425,0.8087635096771071
25964,LOF,0.033308577830783385,0.09181248301923808,0.8748789391499784
25965,LOF,0.2598925777093947,0.12211978982641472,0.6179876324641906
25966,Neutral,0.4793712259370795,0.1348107276787739,0.38581804638414646
25967,LOF,0.00959161102003678,0.07702568622613624,0.9133827027538269
25968,LOF,0.048233337011824515,0.2074559878976489,0.7443106750905266
25969,LOF,0.12300533538707019,0.047964829736808406,0.8290298348761214
25970,LOF,0.022419984460560895,0.07724904585865092,0.9003309696807882
25971,LOF,0.08537863746597298,0.02569540436636212,0.888925958167665
25972,LOF,0.06592998879873034,0.03914660377787481,0.8949234074233948
25973,LOF,0.06661693669472665,0.009392607978961938,0.9239904553263115
25974,LOF,0.05613892730725368,0.040681806058630345,0.903179266634116
25975,LOF,0.048101163747810795,0.017238813125475424,0.9346600231267137
25976,LOF,0.09785284498316588,0.010515987811566513,0.8916311672052676
25977,LOF,0.19070745556239113,0.0760794339190594,0.7332131105185494
25978,LOF,0.18881354839385553,0.09959206271297803,0.7115943888931664
25979,LOF,0.152089955674039,0.11299948822907015,0.7349105560968908
25980,LOF,0.2595718477704431,0.1499761328873612,0.5904520193421957
25981,LOF,0.26023181954094415,0.15046074483323732,0.5893074356258184
25982,Neutral,0.49231167793445596,0.07783645837362896,0.42985186369191497
25983,Neutral,0.5043518131884109,0.0886165858634993,0.4070316009480898
25984,LOF,0.03503230352574912,0.09040712242338471,0.8745605740508661
25985,LOF,0.4154687298819395,0.1422964671747842,0.4422348029432763
25986,LOF,0.01270756782216285,0.3986069398183948,0.5886854923594425
25987,LOF,0.05257833479504175,0.11641423138914848,0.8310074338158097
25988,LOF,0.04276395668170502,0.17415368194825429,0.7830823613700406
25989,LOF,0.03766386633232271,0.2166520911540914,0.745684042513586
25990,LOF,0.03740064700971337,0.32402669774579934,0.6385726552444873
25991,LOF,0.028985945737386994,0.4317186634807004,0.5392953907819126
25992,LOF,0.026402126618662043,0.4429454080971759,0.530652465284162
25993,LOF,0.030118802821580724,0.0683732584453504,0.9015079387330688
25994,LOF,0.024917663836434376,0.06785111130953249,0.9072312248540332
25995,LOF,0.02306861315194415,0.12903276616741807,0.8478986206806378
25996,Neutral,0.3723528668734939,0.32019328296879007,0.30745385015771604
25997,LOF,0.07214202165699092,0.38944250204473696,0.5384154762982721
25998,LOF,0.24488878088259639,0.052820616628154855,0.7022906024892488
25999,LOF,0.025213764903713062,0.19608945100081118,0.7786967840954757
26000,LOF,0.19601786945410388,0.024601861498562017,0.7793802690473342
26001,LOF,0.24527135502126252,0.03584365685607135,0.7188849881226662
26002,LOF,0.12135665548852237,0.04135268001825906,0.8372906644932185
26003,GOF,0.00576055004702655,0.6572272566636225,0.3370121932893509
26004,GOF,0.00847381523852557,0.6968323084681777,0.29469387629329674
26005,GOF,0.0037803397240572215,0.5163148331455106,0.47990482713043214
26006,GOF,0.10988724179052446,0.6057487522618122,0.28436400594766326
26007,GOF,0.008151877052984735,0.5599491199982696,0.43189900294874567
26008,GOF,0.006161057614357787,0.6383584380372908,0.3554805043483515
26009,GOF,0.007850110843967013,0.6768446740732896,0.31530521508274334
26010,GOF,0.010111754849465514,0.6636025803358276,0.3262856648147068
26011,LOF,0.0033482371247255697,0.46702480141321034,0.529626961462064
26012,GOF,0.005104454332908735,0.5436174715790916,0.45127807408799964
26013,GOF,0.006903549307760803,0.6049179654340422,0.38817848525819704
26014,LOF,0.05814091063721024,0.11758160215018335,0.8242774872126063
26015,LOF,0.3777596859033026,0.02149481565995113,0.6007454984367463
26016,LOF,0.3174957037472538,0.041668989765211606,0.6408353064875345
26017,LOF,0.02734818172853129,0.2199063962494083,0.7527454220220605
26018,LOF,0.030619615518610623,0.05108922482570901,0.9182911596556803
26019,LOF,0.030618577940171757,0.043190430353917425,0.9261909917059108
26020,LOF,0.011038227300248829,0.18559693070324454,0.8033648419965067
26021,LOF,0.08260099798800313,0.06480903181520387,0.8525899701967931
26022,LOF,0.045073090913088414,0.02560231105481946,0.9293245980320921
26023,LOF,0.03341824483112007,0.026970312239942115,0.9396114429289377
26024,LOF,0.055511916976491944,0.06340290681890087,0.8810851762046072
26025,LOF,0.06857965175182376,0.08024909175211536,0.851171256496061
26026,LOF,0.1259612468371316,0.05923435944518353,0.8148043937176849
26027,LOF,0.027758408428506715,0.02267029812785782,0.9495712934436356
26028,LOF,0.11829832732776474,0.14101035867002953,0.7406913140022057
26029,LOF,0.017894722617820796,0.21402590774620123,0.7680793696359781
26030,LOF,0.1573054941331446,0.02516923076338841,0.8175252751034671
26031,LOF,0.008580980471784357,0.18891096088362833,0.8025080586445873
26032,LOF,0.039187135468662766,0.05693950119651923,0.903873363334818
26033,LOF,0.06804512990638663,0.049707325816938305,0.882247544276675
26034,LOF,0.012732186123466799,0.16441358159878763,0.8228542322777456
26035,LOF,0.010576917961358068,0.12102885514022604,0.8683942268984159
26036,LOF,0.01110499659446425,0.1461456298050829,0.8427493736004529
26037,LOF,0.009210461110271777,0.11108114529250912,0.8797083935972191
26038,LOF,0.03482899420666897,0.05258352571351154,0.9125874800798196
26039,LOF,0.024199270920027903,0.14502742034312685,0.8307733087368452
26040,LOF,0.10382975284543998,0.14353347421431514,0.7526367729402449
26041,LOF,0.012074202017036097,0.09786266556365152,0.8900631324193125
26042,LOF,0.010727164777153575,0.10860751715977614,0.8806653180630702
26043,LOF,0.03341547850120215,0.07058385889872251,0.8960006626000753
26044,LOF,0.013457465252215433,0.049865521241270076,0.9366770135065146
26045,LOF,0.06513380389067758,0.11635712303513633,0.8185090730741862
26046,LOF,0.02980357779811276,0.05529963958375307,0.9148967826181341
26047,LOF,0.047918910403158425,0.05581781490398058,0.8962632746928609
26048,LOF,0.08895008375076711,0.027334551701324736,0.8837153645479082
26049,Neutral,0.9467638050150419,0.007763763461650697,0.04547243152330742
26050,Neutral,0.9251598664195527,0.008670715536016843,0.06616941804443033
26051,LOF,0.016283861862523983,0.07983536158176102,0.903880776555715
26052,LOF,0.03190285056446832,0.09625159480889889,0.8718455546266328
26053,LOF,0.035555005863939906,0.1438415163265874,0.8206034778094726
26054,LOF,0.044397703806528376,0.03213829278315824,0.9234640034103134
26055,LOF,0.059213731425450375,0.028762438977801584,0.9120238295967481
26056,LOF,0.04865058756408501,0.03527625402478454,0.9160731584111305
26057,LOF,0.05665869236768121,0.014507211377925721,0.9288340962543931
26058,LOF,0.060817533543151475,0.011784066177265207,0.9273984002795833
26059,LOF,0.18859809187435103,0.03334724491377329,0.7780546632118758
26060,LOF,0.01504496269158732,0.1972857768383258,0.7876692604700868
26061,LOF,0.012707989541609807,0.012133537815633704,0.9751584726427565
26062,LOF,0.006819006473459629,0.01929060287966352,0.9738903906468769
26063,LOF,0.036080711632828055,0.011493520656656224,0.9524257677105158
26064,LOF,0.011938949689029409,0.02850635514648744,0.9595546951644831
26065,LOF,0.04793644922776139,0.012934091476383773,0.9391294592958548
26066,LOF,0.04542531917511514,0.011010940180629172,0.9435637406442556
26067,LOF,0.053998046238770546,0.010396336637301357,0.9356056171239281
26068,LOF,0.05048317068995017,0.05358051026502161,0.8959363190450284
26069,LOF,0.15431956713952283,0.031935110138556634,0.8137453227219205
26070,LOF,0.3395719986107234,0.024562213398421136,0.6358657879908555
26071,LOF,0.042221705480185716,0.011653800583269758,0.9461244939365446
26072,LOF,0.01118055442407026,0.022609571651153418,0.9662098739247764
26073,LOF,0.03796258975624449,0.015231449879349856,0.9468059603644057
26074,Neutral,0.9218174086447564,0.009412304348928067,0.06877028700631567
26075,LOF,0.05104330456318524,0.024902808699290856,0.9240538867375239
26076,LOF,0.05471014892031113,0.01251672095294253,0.9327731301267463
26077,LOF,0.15542839350246562,0.007387209567837574,0.8371843969296969
26078,LOF,0.009228120569084976,0.017365910298966582,0.9734059691319484
26079,LOF,0.06413723903885027,0.026734208809255755,0.9091285521518939
26080,LOF,0.06310997428586186,0.026757163992444998,0.9101328617216932
26081,LOF,0.03262840517904231,0.009352965277333284,0.9580186295436245
26082,LOF,0.007633028614831819,0.015625264735203866,0.9767417066499643
26083,LOF,0.09505175899188799,0.022168253204296537,0.8827799878038155
26084,LOF,0.10001501691652716,0.015175094773465944,0.8848098883100068
26085,LOF,0.09227601081132529,0.012656694072095798,0.8950672951165789
26086,LOF,0.039790197579017125,0.013105381613091825,0.947104420807891
26087,LOF,0.03580286052197183,0.011375087974308709,0.9528220515037195
26088,LOF,0.00934677907135228,0.02185488229981281,0.9687983386288348
26089,LOF,0.04449411294081893,0.04218286508322944,0.9133230219759516
26090,LOF,0.045202445114977716,0.03223570676912642,0.9225618481158959
26091,LOF,0.030613570706969268,0.008592089241387891,0.9607943400516429
26092,LOF,0.040331400393820674,0.008566779864406184,0.9511018197417732
26093,LOF,0.0749009338629179,0.006331818406761056,0.9187672477303211
26094,LOF,0.03664226835491718,0.007562163519177761,0.955795568125905
26095,LOF,0.04164374039638665,0.01923048848728133,0.939125771116332
26096,LOF,0.2214301355976046,0.005439860069168573,0.7731300043332269
26097,LOF,0.008768215888466883,0.0323471301496455,0.9588846539618876
26098,LOF,0.0846884690447569,0.0220904842452135,0.8932210467100296
26099,LOF,0.04390632719318756,0.016662665483866006,0.9394310073229465
26100,LOF,0.04390632719318756,0.016662665483866006,0.9394310073229465
26101,LOF,0.05688933772420106,0.030157374643129033,0.9129532876326699
26102,LOF,0.03345545415878478,0.016370560993843736,0.9501739848473715
26103,Neutral,0.8762261391488437,0.02913687464165375,0.09463698620950255
26104,LOF,0.05939005079824033,0.04526917208951246,0.8953407771122471
26105,LOF,0.2382021799503272,0.19021150237564938,0.5715863176740235
26106,LOF,0.31595454047465504,0.13142102548617382,0.5526244340391712
26107,LOF,0.021376927276031778,0.09721361660450568,0.8814094561194625
26108,LOF,0.2799899509945117,0.05363844954318289,0.6663715994623054
26109,LOF,0.11502470862547745,0.034440388260560645,0.850534903113962
26110,LOF,0.47361693010765915,0.008167248798668226,0.5182158210936727
26111,LOF,0.0469162364266472,0.15891425164370282,0.7941695119296499
26112,LOF,0.04858004559338307,0.008847133561258285,0.9425728208453585
26113,LOF,0.09716214645832973,0.019788559638523908,0.8830492939031465
26114,LOF,0.09786135776971504,0.009447841486925347,0.8926908007433596
26115,LOF,0.014815502914319783,0.0638684288627648,0.9213160682229155
26116,LOF,0.06794562894086116,0.031223474275753022,0.9008308967833858
26117,LOF,0.40832699415760443,0.03387900033002137,0.5577940055123741
26118,LOF,0.04578176509360456,0.014904057759616944,0.9393141771467785
26119,LOF,0.006356457432158299,0.04333192413478815,0.9503116184330535
26120,LOF,0.03838297068962661,0.014467606700482073,0.9471494226098913
