feature0,prediction,LoGoFunc_Neutral,LoGoFunc_GOF,LoGoFunc_LOF
25546,Neutral,0.764610262841758,0.0343039971854224,0.20108573997281964
25547,Neutral,0.6244927047964939,0.07017298136992839,0.30533431383357756
25548,Neutral,0.6364862044954074,0.04904381418302188,0.3144699813215708
25549,Neutral,0.5596957984165699,0.048709775763952044,0.391594425819478
25550,LOF,0.3790969812088949,0.11574790320608234,0.5051551155850228
25551,LOF,0.30069480090677997,0.12677370171913716,0.5725314973740829
25552,LOF,0.22111016562081987,0.11890469584984924,0.6599851385293308
25553,Neutral,0.8556723209958962,0.02541461140469612,0.11891306759940751
25554,LOF,0.25807395451324217,0.11179120046174616,0.6301348450250116
25555,LOF,0.2080296787012063,0.09915883483213529,0.6928114864666585
25556,Neutral,0.4694990835099474,0.09272300842057009,0.43777790806948236
25557,LOF,0.20145600272215194,0.10364492421885207,0.6948990730589959
25558,LOF,0.2447359864562782,0.1130907198701289,0.642173293673593
25559,LOF,0.3837565664758946,0.09794634571235562,0.5182970878117498
25560,LOF,0.055358252255791766,0.13163953556580174,0.8130022121784065
25561,LOF,0.12375306511304242,0.12681259916560886,0.7494343357213487
25562,LOF,0.08665096215158649,0.06308696442546978,0.8502620734229437
25563,LOF,0.10782958680499673,0.06505457565584317,0.8271158375391602
25564,LOF,0.26874065050959284,0.11920814544600017,0.612051204044407
25565,LOF,0.13402955541065156,0.12972398639929794,0.7362464581900506
25566,GOF,0.012814132972674834,0.7637520214681498,0.2234338455591754
25567,LOF,0.020554511740715514,0.178710870837892,0.8007346174213924
25568,LOF,0.05330477432658485,0.07037952300485814,0.876315702668557
25569,LOF,0.05813394297120429,0.0698963380923758,0.8719697189364198
25570,LOF,0.05654883563513181,0.10757894950581265,0.8358722148590555
25571,LOF,0.050249094817085053,0.10166512485327998,0.848085780329635
25572,LOF,0.06515057488468275,0.12152093011389704,0.8133284950014201
25573,LOF,0.03475363188056711,0.09895443264814928,0.8662919354712836
25574,LOF,0.020972501400084727,0.15804954063889246,0.8209779579610228
25575,LOF,0.038804690945341676,0.1166703042159941,0.8445250048386642
25576,LOF,0.02069694370319734,0.1394838783148077,0.8398191779819949
25577,LOF,0.017026285240665837,0.1242616680677625,0.8587120466915716
25578,LOF,0.2916808918242815,0.08738967280567697,0.6209294353700415
25579,LOF,0.11983032259389918,0.10332327301180802,0.7768464043942928
25580,LOF,0.028210295651874988,0.0854846219577725,0.8863050823903524
25581,LOF,0.05164362544756786,0.071049929847239,0.8773064447051931
25582,LOF,0.05118858580590411,0.06994067965007601,0.8788707345440199
25583,LOF,0.0334396409581375,0.09835504033044497,0.8682053187114175
25584,Neutral,0.49665877222629157,0.11908316376638128,0.3842580640073272
25585,LOF,0.020030894628498837,0.13424532519404261,0.8457237801774585
25586,LOF,0.026656427821177688,0.07892566647229934,0.894417905706523
25587,LOF,0.026917142617850897,0.07331990086128236,0.8997629565208668
25588,LOF,0.027916145113053136,0.09034928323087883,0.8817345716560682
25589,Neutral,0.6326235921881438,0.11280619991971474,0.25457020789214146
25590,LOF,0.03466791038899163,0.12973030540336297,0.8356017842076454
25591,LOF,0.09359677197611355,0.062699138608257,0.8437040894156296
25592,LOF,0.09327733659224736,0.1395060453651909,0.7672166180425618
25593,LOF,0.03381212164321958,0.26723304796864006,0.6989548303881404
25594,LOF,0.04763289511930515,0.1361374144814406,0.8162296903992542
25595,LOF,0.06026599472635476,0.09516837414413246,0.8445656311295128
25596,LOF,0.04934315202117517,0.06639645747060931,0.8842603905082155
25597,LOF,0.037649977263791275,0.07192054198002266,0.890429480756186
25598,LOF,0.05306829025536002,0.0952076772835306,0.8517240324611094
25599,GOF,0.006414777709618247,0.6216637973763626,0.37192142491401914
25600,GOF,0.01237395401395618,0.6008046538764212,0.3868213921096225
25601,LOF,0.00945484753068996,0.4375883787837475,0.5529567736855624
25602,LOF,0.01665740996215924,0.056613609678881155,0.9267289803589596
25603,LOF,0.05444122090120732,0.02498459961951208,0.9205741794792807
25604,LOF,0.028901930048042042,0.06224147000677984,0.908856599945178
25605,LOF,0.009175528200635419,0.25138873377865345,0.7394357380207112
25606,LOF,0.08028678315402929,0.40537141160400425,0.5143418052419665
25607,LOF,0.006045812782542625,0.20797743085857034,0.7859767563588871
25608,LOF,0.01611225986802481,0.09015382250421984,0.8937339176277553
25609,LOF,0.05065027666059333,0.39436688395329783,0.5549828393861088
25610,LOF,0.031727673297985426,0.022228466298478425,0.946043860403536
25611,LOF,0.03479302160352914,0.022299574631374178,0.9429074037650967
25612,LOF,0.09733098281582674,0.03693708672252423,0.8657319304616491
25613,LOF,0.08271216756574017,0.03739921280928801,0.8798886196249718
25614,LOF,0.0289359815238822,0.028915889164957076,0.9421481293111608
25615,LOF,0.033712101284293375,0.04308772481552898,0.9232001739001777
25616,LOF,0.025229507259629472,0.02859083760892106,0.9461796551314494
25617,LOF,0.02467772000656405,0.03191753559016955,0.9434047444032665
25618,LOF,0.12575904064739396,0.026337519737974786,0.8479034396146313
25619,LOF,0.02793604962982209,0.028872476712864675,0.9431914736573132
25620,LOF,0.03305826929748478,0.036242841507367056,0.9306988891951481
25621,LOF,0.026521497203433726,0.03167476170650272,0.9418037410900636
25622,LOF,0.03715633271547613,0.032862218970895016,0.9299814483136288
25623,LOF,0.05501677792959752,0.02704732947076713,0.9179358925996353
25624,LOF,0.024265607783015206,0.03433288494898983,0.941401507267995
25625,LOF,0.03489037345496454,0.0393952318548329,0.9257143946902026
25626,LOF,0.07407755491495692,0.032319476979544175,0.8936029681054989
25627,Neutral,0.5645065146217798,0.1104246293992791,0.3250688559789411
25628,LOF,0.20819469034350718,0.05253943588030913,0.7392658737761836
25629,LOF,0.061165535711034294,0.061019831105912185,0.8778146331830535
25630,LOF,0.1755093194395954,0.08342983738823874,0.7410608431721659
25631,Neutral,0.6201984212045114,0.057081418777131916,0.32272016001835674
25632,LOF,0.013501660353246491,0.1160576752819884,0.8704406643647651
25633,LOF,0.10042599952803243,0.08739349679475118,0.8121805036772164
25634,LOF,0.032154294606065816,0.11502547432522725,0.8528202310687069
25635,LOF,0.03657995023069545,0.08246644216207037,0.8809536076072342
25636,GOF,0.004016640098578569,0.6384223498678329,0.3575610100335885
25637,GOF,0.0033978884500867382,0.6676831412950928,0.32891897025482053
25638,LOF,0.005969021781865965,0.4272798039966796,0.5667511742214544
25639,GOF,0.003425970025076125,0.5369310360212624,0.4596429939536615
25640,GOF,0.4523888154611419,0.4827098414069474,0.0649013431319108
25641,LOF,0.008627614423722264,0.29312696074907824,0.6982454248271995
25642,LOF,0.2457749234117827,0.05681370935948477,0.6974113672287324
25643,LOF,0.31175266672744045,0.14302552812261365,0.5452218051499459
25644,GOF,0.015371243198664985,0.5319867754649292,0.4526419813364057
25645,LOF,0.012608505366884359,0.4753592639036124,0.5120322307295033
25646,LOF,0.02014784910985388,0.3250966622775733,0.6547554886125728
25647,LOF,0.013936347816951031,0.274852603949666,0.711211048233383
25648,LOF,0.013441640823632972,0.275586737150577,0.71097162202579
25649,LOF,0.011964979946272498,0.2049557176952114,0.7830793023585162
25650,LOF,0.021086233166391452,0.429396860429794,0.5495169064038146
25651,LOF,0.008156671156327872,0.2784790688138075,0.7133642600298645
25652,LOF,0.014204292378278126,0.2546358270211285,0.7311598806005933
25653,LOF,0.05066133651388458,0.35955178991052816,0.5897868735755872
25654,LOF,0.014492855667152332,0.14665522596269964,0.838851918370148
25655,LOF,0.07819228604761931,0.3990117943467442,0.5227959196056364
25656,LOF,0.10236353237752507,0.07620552552011642,0.8214309421023586
25657,LOF,0.34413042032940305,0.03458192864781652,0.6212876510227804
25658,LOF,0.042523594001731606,0.09618200345983652,0.8612944025384318
25659,LOF,0.38097170016028176,0.08365063733051614,0.535377662509202
25660,LOF,0.061035322256411784,0.09246376412444483,0.8465009136191434
25661,LOF,0.04141263192244146,0.07027539767888046,0.888311970398678
25662,LOF,0.025892609953952102,0.048933203654985415,0.9251741863910625
25663,LOF,0.03562562663635452,0.07211848957290956,0.8922558837907358
25664,LOF,0.04423068699655805,0.08609586800298326,0.8696734450004587
25665,LOF,0.056331744750803575,0.048592472512871264,0.8950757827363252
25666,LOF,0.040864944790839464,0.12110313336157474,0.8380319218475858
25667,LOF,0.030466498545093375,0.055074236827603346,0.9144592646273032
25668,LOF,0.03037369390871767,0.05842008372398878,0.9112062223672935
25669,LOF,0.038247506360704224,0.08639742948933522,0.8753550641499604
25670,LOF,0.07983644980305502,0.0887401863848499,0.8314233638120951
25671,LOF,0.03682602559120537,0.052301330399338104,0.9108726440094566
25672,LOF,0.06122966763465893,0.06703529474680557,0.8717350376185354
25673,LOF,0.04650258769115018,0.06666003428951296,0.8868373780193368
25674,LOF,0.04305991390717612,0.07021814762870052,0.8867219384641233
25675,LOF,0.05278271349006634,0.061915308491886305,0.8853019780180473
25676,LOF,0.032975088230574885,0.06276049505852184,0.9042644167109033
25677,LOF,0.05630825851820621,0.06702623085136636,0.8766655106304274
25678,LOF,0.29565375345845857,0.038135236788549715,0.6662110097529917
25679,LOF,0.1822566875433478,0.07493417517531062,0.7428091372813416
25680,LOF,0.056126532521171155,0.1026829139623742,0.8411905535164547
25681,LOF,0.09899575814734382,0.09495491770923703,0.8060493241434192
25682,LOF,0.043082424577445856,0.08360328711861191,0.8733142883039422
25683,LOF,0.10370971576979696,0.09965662696926676,0.7966336572609364
25684,LOF,0.0564975555782808,0.08627883447743492,0.8572236099442843
25685,LOF,0.11138017876507654,0.05671784381479721,0.8319019774201262
25686,LOF,0.03611257379832824,0.10851018205736288,0.8553772441443089
25687,LOF,0.041750715205459754,0.09846268097951667,0.8597866038150235
25688,LOF,0.02592480417472746,0.08424426580892463,0.8898309300163478
25689,LOF,0.01944107170803177,0.07214172647422781,0.9084172018177405
25690,LOF,0.019946867823953666,0.08347166447858813,0.8965814676974583
25691,LOF,0.2129816651881406,0.10543924747376357,0.6815790873380958
25692,LOF,0.3010850218030678,0.009427646176156509,0.6894873320207757
25693,LOF,0.1057321812701241,0.16151550661514338,0.7327523121147326
25694,LOF,0.24874436365811534,0.01463477420835632,0.7366208621335283
25695,LOF,0.16317740124198366,0.01951136371346734,0.817311235044549
25696,LOF,0.16804146440982545,0.009281571549418364,0.8226769640407563
25697,LOF,0.1355531915092244,0.030261905706516875,0.8341849027842587
25698,LOF,0.03401307823343198,0.4324898661535549,0.5334970556130131
25699,LOF,0.06215340840178899,0.08363778332496744,0.8542088082732436
25700,LOF,0.03324741952560337,0.011103710615529597,0.955648869858867
25701,LOF,0.01707708373859184,0.07333833353686062,0.9095845827245476
25702,GOF,0.0357130793446649,0.7382486075147289,0.22603831314060618
25703,LOF,0.013447590928936621,0.21335213477539355,0.7732002742956698
25704,LOF,0.08483881667767706,0.1619196494370937,0.7532415338852292
25705,LOF,0.05706115761718991,0.2810900194240691,0.6618488229587409
25706,GOF,0.05170849200451786,0.5865904666033557,0.36170104139212644
25707,GOF,0.028587616581392892,0.5093449113937151,0.462067472024892
25708,LOF,0.008605563332955712,0.45546732087145986,0.5359271157955844
25709,LOF,0.019206684529969258,0.06570586559424707,0.9150874498757837
25710,LOF,0.009221098687114338,0.18002774652819564,0.8107511547846901
25711,LOF,0.020578601279052967,0.14478908344948763,0.8346323152714595
25712,LOF,0.009733016589183036,0.2485186267720775,0.7417483566387395
25713,LOF,0.0180223449483638,0.11661322104533833,0.8653644340062978
25714,LOF,0.020871085361056776,0.16279057409741915,0.8163383405415241
25715,LOF,0.01952072641874625,0.13130202075715766,0.8491772528240961
25716,LOF,0.010620306094629646,0.15207282523303195,0.8373068686723385
25717,LOF,0.006336253706981939,0.14149260541585476,0.8521711408771634
25718,LOF,0.017831934713784456,0.08531609089835102,0.8968519743878646
25719,LOF,0.03338262322021875,0.09207828788252145,0.8745390888972597
25720,LOF,0.021932794288835662,0.10177424105351136,0.8762929646576529
25721,LOF,0.0222835988405722,0.11105097392404213,0.8666654272353856
25722,LOF,0.017954079322422947,0.14628830262352757,0.8357576180540495
25723,LOF,0.021456741328575737,0.07855582883240102,0.8999874298390234
25724,LOF,0.034454390694287365,0.11290107355092198,0.8526445357547906
25725,LOF,0.022078446049654976,0.07082822379634594,0.9070933301539991
25726,LOF,0.016058149274689713,0.10665505906800857,0.8772867916573018
25727,LOF,0.01955099809068574,0.09062707341667128,0.8898219284926429
25728,LOF,0.018125749612869186,0.1127400205335061,0.8691342298536249
25729,LOF,0.018602875510533887,0.11388343559621059,0.8675136888932555
25730,LOF,0.02022417089156734,0.08700824107129634,0.8927675880371364
25731,LOF,0.012518906779040734,0.17813895821649142,0.8093421350044678
25732,LOF,0.01842639218545317,0.10434082976672886,0.877232778047818
25733,LOF,0.029109247279918014,0.07799227508085747,0.8928984776392244
25734,LOF,0.00795547427340557,0.21633339072879465,0.7757111349977999
25735,LOF,0.021791029172446623,0.0779939619434779,0.9002150088840754
25736,LOF,0.020931109940707997,0.12301163030599066,0.8560572597533013
25737,LOF,0.04068006218656724,0.08901231083573402,0.8703076269776988
25738,LOF,0.0206032283708914,0.13022684645226915,0.8491699251768394
25739,LOF,0.021227143713824018,0.132344392861941,0.846428463424235
25740,LOF,0.05216283128940624,0.12035015702351153,0.8274870116870822
25741,LOF,0.02539469717498929,0.10038869606669887,0.8742166067583118
25742,LOF,0.035350254328374346,0.12133423931186224,0.8433155063597634
25743,LOF,0.011831330632830948,0.04893939727709142,0.9392292720900776
25744,GOF,0.12629904241841,0.4538336332707027,0.41986732431088725
25745,LOF,0.02095850791649783,0.06972219727567555,0.9093192948078266
25746,LOF,0.011557432405381029,0.09323970353404126,0.8952028640605777
25747,LOF,0.03307705243534221,0.03370747703430806,0.9332154705303498
25748,LOF,0.19143073048791143,0.05901450622338986,0.7495547632886986
25749,LOF,0.014053710239499214,0.05641840668261632,0.9295278830778845
25750,LOF,0.01480750870018611,0.09551910613155487,0.8896733851682589
25751,LOF,0.04041517955902508,0.06867062648037131,0.8909141939606036
25752,GOF,0.08175100152902304,0.6623372678075814,0.2559117306633956
25753,LOF,0.00679228416619323,0.39742040592048883,0.5957873099133179
25754,GOF,0.005211915735751211,0.8577849181802488,0.1370031660840001
25755,LOF,0.010657349611382655,0.44199066522665403,0.5473519851619633
25756,LOF,0.04633765553614655,0.4690986414037963,0.4845637030600572
25757,GOF,0.006425318898908573,0.8833442019080088,0.11023047919308253
25758,GOF,0.008282528089624609,0.8566286844675176,0.13508878744285777
25759,GOF,0.004901990109772507,0.5899007720284982,0.4051972378617292
25760,LOF,0.006773908082263316,0.3335009154355343,0.6597251764822024
25761,GOF,0.04802339549275201,0.8405621788456129,0.1114144256616351
25762,LOF,0.02684487090481088,0.40403095578092396,0.5691241733142652
25763,LOF,0.009121383675038898,0.2705369875513044,0.7203416287736567
25764,GOF,0.10108962949983386,0.5768933156837335,0.3220170548164326
25765,GOF,0.00787520835849297,0.8471999431316574,0.14492484850984952
25766,GOF,0.028738668929551656,0.8157088401573982,0.15555249091305012
25767,LOF,0.01846853993318318,0.4432092521745436,0.5383222078922731
25768,LOF,0.04220544052561398,0.07289425193187891,0.884900307542507
25769,LOF,0.023096805185259625,0.07371109440136707,0.9031921004133733
25770,LOF,0.13399508673143437,0.0654802409468965,0.8005246723216691
25771,LOF,0.01709282254286004,0.07486065007288407,0.9080465273842558
25772,LOF,0.022624175018563442,0.02889527117845211,0.9484805538029843
25773,LOF,0.014533773822674824,0.07744944030738424,0.908016785869941
25774,LOF,0.025447297658405515,0.09501497093048451,0.8795377314111099
25775,LOF,0.02196951614125627,0.044849541675833986,0.9331809421829098
25776,LOF,0.02602678396846394,0.02903611405360777,0.9449371019779284
25777,LOF,0.16058381450924866,0.06780792647683578,0.7716082590139156
25778,LOF,0.019146618492046612,0.05374272801298923,0.9271106534949642
25779,GOF,0.037229231010394485,0.893761097952361,0.06900967103724448
25780,GOF,0.06486872635945523,0.8739271522118798,0.06120412142866498
25781,GOF,0.02679686067495241,0.868201781188604,0.10500135813644357
25782,GOF,0.03190235126430775,0.9038996839671068,0.06419796476858547
25783,GOF,0.019387667492240666,0.7624412684973375,0.21817106401042186
25784,GOF,0.10805127520037278,0.8440691666090707,0.04787955819055651
25785,GOF,0.06529683039679104,0.890785427726813,0.043917741876395945
25786,GOF,0.005419772988070621,0.8321719003033216,0.16240832670860791
25787,GOF,0.1607368982304607,0.8080238654060429,0.03123923636349645
25788,LOF,0.015272210524648017,0.1900758334083589,0.794651956066993
25789,GOF,0.01815095717833671,0.8592431917257729,0.1226058510958903
25790,GOF,0.022426358815006566,0.8808204412629443,0.09675319992204913
25791,GOF,0.01565998274324068,0.8356226525282703,0.14871736472848895
25792,GOF,0.0254520752711587,0.8501801628309856,0.12436776189785566
25793,GOF,0.06849845799829261,0.8327349025387021,0.09876663946300518
25794,GOF,0.05750648504805029,0.774529666608556,0.1679638483433937
25795,GOF,0.041049060524304126,0.7926970031152086,0.1662539363604873
25796,GOF,0.07385699070299821,0.8215263573106238,0.10461665198637783
25797,GOF,0.03754248191426022,0.7030537927560988,0.259403725329641
25798,GOF,0.003292282706588364,0.6620569802642083,0.3346507370292032
25799,GOF,0.003045522992410257,0.5359192298032486,0.46103524720434125
25800,GOF,0.012682786010072375,0.7321257394953327,0.25519147449459506
25801,GOF,0.014517514310608501,0.8703975127266831,0.11508497296270821
25802,GOF,0.022148660175693995,0.8100973332884762,0.16775400653582975
25803,GOF,0.011910574561272638,0.7173875805906653,0.2707018448480621
25804,GOF,0.014534950263685613,0.6318426603769917,0.3536223893593227
25805,GOF,0.02622183505690065,0.7432094042044362,0.2305687607386631
25806,GOF,0.02086081272929275,0.769403565908832,0.20973562136187535
25807,GOF,0.00567773457537599,0.7344499343360752,0.2598723310885487
25808,GOF,0.015421381553840315,0.7667644231983275,0.21781419524783216
25809,GOF,0.006852449112297235,0.7398054078933335,0.25334214299436936
25810,GOF,0.006002891085114322,0.7368145996627903,0.25718250925209535
25811,GOF,0.049161600232359715,0.8607013329846797,0.09013706678296066
25812,GOF,0.017428231450689283,0.7265775355222218,0.25599423302708896
25813,GOF,0.09514574798378306,0.8114840090581692,0.09337024295804763
25814,GOF,0.02496824920867462,0.8102011800608324,0.1648305707304931
25815,GOF,0.03625033209983421,0.8288539656231793,0.13489570227698655
25816,GOF,0.00848299195317405,0.8533105762206432,0.13820643182618275
25817,GOF,0.09184248282922164,0.7850170302661984,0.12314048690458003
25818,GOF,0.024964787661186337,0.8004317375533836,0.17460347478543004
25819,GOF,0.05383600644373328,0.7922558472303052,0.1539081463259615
25820,GOF,0.029704029763126697,0.7826693937938174,0.1876265764430558
25821,GOF,0.018595913224667922,0.7777548561566784,0.20364923061865373
25822,GOF,0.03616417226512637,0.7970978747423106,0.16673795299256308
25823,GOF,0.014614056982236816,0.6604135313201043,0.324972411697659
25824,GOF,0.02566275242829158,0.77069729183537,0.20363995573633858
25825,GOF,0.0166675868386205,0.7568967929769198,0.22643562018445967
25826,GOF,0.005842574121743261,0.7190601526625016,0.2750972732157551
25827,GOF,0.008289011577796957,0.7135485702519302,0.27816241817027276
25828,GOF,0.005857198635834058,0.6659458769578426,0.3281969244063234
25829,GOF,0.0030491494770762736,0.6975169434406372,0.29943390708228657
25830,GOF,0.03769238164623151,0.49947037642306236,0.4628372419307062
25831,GOF,0.04664539020690691,0.839896001575945,0.11345860821714798
25832,GOF,0.008736042133161157,0.7937548168221179,0.19750914104472084
25833,GOF,0.035530204516512134,0.8468053742737555,0.11766442120973242
25834,GOF,0.008847121414405738,0.8108474628411512,0.18030541574444298
25835,GOF,0.020170704087972793,0.8639605102989992,0.11586878561302816
25836,GOF,0.006707059190804744,0.8133294152154849,0.17996352559371043
25837,GOF,0.006902532297348716,0.7234717746510151,0.26962569305163625
25838,GOF,0.02015104799637456,0.8670466560315658,0.11280229597205955
25839,GOF,0.04072515515797822,0.8550501725463623,0.10422467229565936
25840,GOF,0.06129890262830989,0.8443791518079442,0.09432194556374589
25841,GOF,0.053278950484062504,0.8607359863898406,0.08598506312609684
25842,GOF,0.025807046455977232,0.8999423374113457,0.074250616132677
25843,GOF,0.027322154669593847,0.9034898952190392,0.06918795011136712
25844,GOF,0.017443303869632533,0.8482358247837678,0.13432087134659962
25845,GOF,0.005511649421845952,0.6672613564383569,0.32722699413979717
25846,GOF,0.03856345910722483,0.8661995058223334,0.09523703507044182
25847,GOF,0.01985784506736989,0.9134686588744493,0.06667349605818075
25848,GOF,0.01770811236097019,0.8622671655750753,0.1200247220639546
25849,GOF,0.005285234653963079,0.7544967214085779,0.24021804393745905
25850,GOF,0.006564051012625541,0.7628807184629052,0.23055523052446925
25851,GOF,0.005605259068816774,0.6504665277933573,0.34392821313782596
25852,GOF,0.13018761592117967,0.6405433261779316,0.22926905790088856
25853,GOF,0.07098676767181951,0.855405676117034,0.07360755621114654
25854,GOF,0.0052105919384411925,0.706430256160459,0.28835915190109995
25855,GOF,0.01540033121637829,0.6613263190360302,0.32327334974759153
25856,GOF,0.03578856909028984,0.7910537182006374,0.17315771270907288
25857,GOF,0.014383697142752153,0.663939892794835,0.3216764100624128
25858,GOF,0.007195777045778049,0.6480166885996578,0.3447875343545642
25859,GOF,0.005345360672839818,0.6286018402159756,0.3660527991111845
25860,GOF,0.07752541393689558,0.8267120348782432,0.09576255118486121
25861,GOF,0.07980409451757704,0.8220165233358753,0.09817938214654767
25862,GOF,0.022805239634017652,0.8703776940719501,0.10681706629403218
25863,GOF,0.02183976520585878,0.8799598684921074,0.0982003663020338
25864,GOF,0.05015482905008231,0.8727744885522328,0.07707068239768494
25865,GOF,0.031963038291998605,0.8417705274770941,0.1262664342309073
25866,GOF,0.02510270431158153,0.8698789685576024,0.10501832713081613
25867,GOF,0.03034395888395187,0.8824492985388764,0.08720674257717177
25868,GOF,0.05293138301809163,0.8435324924150402,0.10353612456686814
25869,GOF,0.33516678263174116,0.6107035028817202,0.054129714486538645
25870,GOF,0.072341275613235,0.6861418713938177,0.24151685299294734
25871,GOF,0.010948547903521524,0.8853603610253176,0.10369109107116091
25872,GOF,0.0196193018148957,0.8652211061949524,0.11515959199015183
25873,GOF,0.019829577363309658,0.8918970826253386,0.08827334001135176
25874,LOF,0.016560105756213105,0.21515178007904823,0.7682881141647386
25875,LOF,0.051524405871889195,0.05018836780302622,0.8982872263250846
25876,LOF,0.01770190664079134,0.03667846978466171,0.9456196235745469
25877,LOF,0.11713539566636709,0.08823690629813224,0.7946276980355006
25878,LOF,0.06777905058108477,0.1237386696139895,0.8084822798049257
25879,LOF,0.027101158744736342,0.09422149202134923,0.8786773492339145
25880,LOF,0.05813030340888795,0.013126496604947328,0.9287431999861648
25881,Neutral,0.5527898263612804,0.06080171687844518,0.3864084567602744
25882,LOF,0.055946151895357864,0.02839810478515346,0.9156557433194887
25883,LOF,0.029094009554144717,0.0226916773799713,0.948214313065884
25884,LOF,0.02871788178356122,0.03710111750058925,0.9341810007158494
25885,LOF,0.2214492281112208,0.010990762780780086,0.7675600091079992
25886,LOF,0.1392564383120689,0.05363396858733635,0.8071095931005947
25887,LOF,0.18915132273007168,0.05906327075039626,0.7517854065195322
25888,LOF,0.011885313577522781,0.12864891182963706,0.8594657745928402
25889,LOF,0.03286294151726951,0.02898329067287129,0.9381537678098593
25890,LOF,0.12809077315133632,0.10907635876717327,0.7628328680814904
25891,LOF,0.0934393406742339,0.022939250405908208,0.8836214089198579
25892,LOF,0.00931592745021083,0.029553555346472388,0.9611305172033169
25893,LOF,0.4064509247261861,0.00756432406995979,0.585984751203854
25894,LOF,0.4493201594598226,0.0048358497079394255,0.545843990832238
25895,LOF,0.33556589010846166,0.009574551229649498,0.6548595586618887
25896,LOF,0.0712460256324912,0.014481630419131322,0.9142723439483775
25897,LOF,0.18722736202731938,0.007875796619322042,0.8048968413533586
25898,LOF,0.15439389332700312,0.025891817727544727,0.8197142889454521
25899,LOF,0.34735690691404436,0.017074302043469214,0.6355687910424864
25900,LOF,0.42631809607478455,0.007864356396956217,0.5658175475282592
25901,LOF,0.06712163598720379,0.007061544913888008,0.9258168190989082
25902,LOF,0.1703983816263435,0.008611754429027643,0.8209898639446288
25903,LOF,0.4285375074850096,0.02258507515086459,0.5488774173641259
25904,LOF,0.48033317026223493,0.022286758366623825,0.4973800713711412
25905,LOF,0.00415589900245026,0.45990573335282536,0.5359383676447244
25906,LOF,0.00920595949261401,0.11837508499138433,0.8724189555160016
25907,LOF,0.004480717754034078,0.3399022508294221,0.6556170314165439
25908,LOF,0.00478359356946078,0.2512552512092042,0.743961155221335
25909,LOF,0.025320158942145603,0.16327094815340468,0.8114088929044498
25910,LOF,0.011010842032958644,0.1318946378662771,0.8570945201007643
25911,LOF,0.33520206697493043,0.043413514660468396,0.6213844183646012
25912,LOF,0.06467009552412559,0.0556817365726151,0.8796481679032593
25913,LOF,0.04584496438067874,0.06240104158467418,0.8917539940346471
25914,LOF,0.03794655129280237,0.044035595072657675,0.91801785363454
25915,LOF,0.17133381852664756,0.18604799095017252,0.6426181905231799
25916,LOF,0.03199829570139683,0.12953602927818927,0.8384656750204138
25917,LOF,0.07274562185238992,0.04046527480597937,0.8867891033416306
25918,LOF,0.04679753532350352,0.029077073415762503,0.924125391260734
25919,LOF,0.040397999633079947,0.026176114554599308,0.9334258858123209
25920,LOF,0.17314072780028147,0.19908945598401318,0.6277698162157053
25921,LOF,0.0174661417947094,0.04167092760783486,0.9408629305974556
25922,LOF,0.017965618012283753,0.03500544630888738,0.9470289356788288
25923,LOF,0.4555407891286534,0.037041891785057124,0.5074173190862895
25924,LOF,0.025932820998274365,0.05405116426262042,0.9200160147391052
25925,LOF,0.08299534086334177,0.05444352261156583,0.8625611365250924
25926,LOF,0.06031518743797741,0.05047334667223915,0.8892114658897834
25927,LOF,0.023335921830550378,0.07596122065440468,0.9007028575150449
25928,LOF,0.010873884227882826,0.05779302156309113,0.9313330942090261
25929,Neutral,0.5416209595993584,0.03541135551412209,0.4229676848865195
25930,LOF,0.07126611105022732,0.032993630921203526,0.895740258028569
25931,LOF,0.01446365024692093,0.039009303438387134,0.9465270463146919
25932,LOF,0.06137316634155766,0.031163668857415543,0.9074631648010267
25933,LOF,0.05479230912664262,0.02107258374593543,0.924135107127422
25934,LOF,0.0536180186914033,0.020326897176573436,0.9260550841320232
25935,LOF,0.0708341850775494,0.0640966598408462,0.8650691550816043
25936,LOF,0.09625282287804356,0.021845236981323426,0.881901940140633
25937,LOF,0.014023156817391766,0.03907109135949932,0.9469057518231088
25938,LOF,0.067973551679918,0.06069815038250986,0.8713282979375723
25939,LOF,0.04027557962435132,0.02709316167899475,0.9326312586966541
25940,LOF,0.00988836900320212,0.38188910852020824,0.6082225224765897
25941,Neutral,0.49963560763247583,0.036394218164353904,0.4639701742031703
25942,LOF,0.009357454480836557,0.05441994174627986,0.9362226037728837
25943,LOF,0.04594838903192055,0.17378738636259453,0.780264224605485
25944,LOF,0.06595528906734906,0.09169174040978013,0.8423529705228707
25945,LOF,0.1119602974977565,0.02044712108107722,0.8675925814211662
25946,LOF,0.06637567584494858,0.04341178387696685,0.8902125402780846
25947,Neutral,0.4533776661289915,0.1065598610156289,0.4400624728553796
25948,LOF,0.4285456103509668,0.01165468678263968,0.5597997028663935
25949,LOF,0.13802271671594052,0.06292242045339821,0.7990548628306614
25950,GOF,0.06989292352021266,0.641249186638548,0.28885788984123933
25951,LOF,0.012804945834020212,0.44986286397098885,0.537332190194991
25952,LOF,0.26279664048903634,0.26327984703976004,0.4739235124712036
25953,LOF,0.007050232257471426,0.2017647959077479,0.7911849718347805
25954,GOF,0.08458332211446677,0.48627093875913946,0.42914573912639364
25955,LOF,0.0073131808379204785,0.1666579455605325,0.8260288736015471
25956,LOF,0.0189069452171418,0.23194557054620182,0.7491474842366564
25957,LOF,0.21786789728250172,0.03713312701906984,0.7449989756984284
25958,LOF,0.031425626109837505,0.035800489810384174,0.9327738840797782
25959,GOF,0.013840175397557563,0.5244044392249174,0.4617553853775251
25960,LOF,0.007468316676723494,0.05635660164589833,0.9361750816773782
25961,LOF,0.029537753921977154,0.03391558062429027,0.9365466654537326
25962,LOF,0.03983821213123612,0.06812679624700885,0.8920349916217551
25963,LOF,0.005296385114246533,0.19020506020824127,0.8044985546775122
25964,LOF,0.03306487263944014,0.11253508297653927,0.8544000443840205
25965,LOF,0.28205963574199805,0.10825754896904678,0.6096828152889551
25966,Neutral,0.45813736978221814,0.15022825799859232,0.39163437221918945
25967,LOF,0.009617946171859609,0.0904648624097446,0.8999171914183958
25968,LOF,0.04513995270819828,0.22389709979115646,0.7309629475006454
25969,LOF,0.11817927739763591,0.057858422582092374,0.8239623000202718
25970,LOF,0.020618048908560144,0.07728300442564466,0.9020989466657952
25971,LOF,0.07956937714947802,0.02778139431347751,0.8926492285370445
25972,LOF,0.06542726459570031,0.04190541183003882,0.8926673235742609
25973,LOF,0.06600452426922898,0.009347728748449635,0.9246477469823213
25974,LOF,0.05025823996859608,0.04004736378894532,0.9096943962424586
25975,LOF,0.050052669781970364,0.016755317247121197,0.9331920129709084
25976,LOF,0.1044093573463402,0.010129937890937222,0.8854607047627225
25977,LOF,0.1839347176041191,0.07755016599143494,0.738515116404446
25978,LOF,0.1842833472744013,0.1206758211302813,0.6950408315953174
25979,LOF,0.14921933400226361,0.13334089292230789,0.7174397730754285
25980,LOF,0.2580420104795238,0.1723741374577873,0.5695838520626889
25981,LOF,0.2592210089893592,0.17358465475867002,0.5671943362519707
25982,Neutral,0.49025242670970953,0.09141448000190033,0.4183330932883902
25983,Neutral,0.4937996349767075,0.10637781852587527,0.3998225464974172
25984,LOF,0.03925430974860888,0.08634269638017637,0.8744029938712147
25985,LOF,0.4172033303242159,0.13345957494402177,0.44933709473176225
25986,LOF,0.0133737550627095,0.390624023521757,0.5960022214155335
25987,LOF,0.05842688920166299,0.11624550066674981,0.8253276101315873
25988,LOF,0.042637234925478884,0.18323657727307593,0.7741261878014453
25989,LOF,0.040279986837352504,0.2021823910404721,0.7575376221221755
25990,LOF,0.04183702014971945,0.29847670704920837,0.6596862728010722
25991,LOF,0.027931351203639477,0.4236173242254858,0.5484513245708746
25992,LOF,0.025900591190023404,0.4109891724028617,0.5631102364071149
25993,LOF,0.02792382549893537,0.07599910101849024,0.8960770734825745
25994,LOF,0.023025941196934286,0.07514648446297467,0.9018275743400911
25995,LOF,0.022441180687688356,0.1415641387639541,0.8359946805483576
25996,Neutral,0.35695345470109235,0.314851615192759,0.3281949301061486
25997,LOF,0.06405751568351066,0.3870480185206887,0.5488944657958006
25998,LOF,0.24928086741994535,0.04224345755351059,0.7084756750265441
25999,LOF,0.030182228100681358,0.17178677442235074,0.7980309974769678
26000,LOF,0.1929399060055848,0.035632728363408965,0.7714273656310062
26001,LOF,0.2689898275930195,0.04608074360412222,0.6849294288028583
26002,LOF,0.12318790544112201,0.06266665341866158,0.8141454411402165
26003,GOF,0.006015625522175542,0.6602709406841727,0.33371343379365176
26004,GOF,0.00830746910081188,0.698950202339358,0.2927423285598302
26005,GOF,0.004058441785340506,0.5100565551313309,0.4858850030833287
26006,GOF,0.11212970223634566,0.5797163795557083,0.308153918207946
26007,GOF,0.00799977028197047,0.5618589440382923,0.43014128567973725
26008,GOF,0.006142704829273281,0.6545582618334992,0.3392990333372274
26009,GOF,0.007478362228352827,0.6769893197262546,0.31553231804539245
26010,GOF,0.009345710495824854,0.6704681096288372,0.32018617987533793
26011,LOF,0.003617934104750823,0.47572246574351124,0.520659600151738
26012,GOF,0.005336514693830677,0.5584414050348926,0.43622208027127674
26013,GOF,0.006614558646365966,0.6080516263656833,0.3853338149879506
26014,LOF,0.06025748455204009,0.11816174617070639,0.8215807692772535
26015,LOF,0.43568737826042403,0.02964861699072556,0.5346640047488505
26016,LOF,0.3170980815187111,0.049423998217063406,0.6334779202642256
26017,LOF,0.024091159104424303,0.2472407744594102,0.7286680664361656
26018,LOF,0.029210337441040166,0.06377523992910729,0.9070144226298525
26019,LOF,0.029171437615087288,0.05531438493328286,0.9155141774516299
26020,LOF,0.010490151054165512,0.20714015925353835,0.7823696896922961
26021,LOF,0.07962604913360062,0.06944467573602324,0.8509292751303762
26022,LOF,0.04267437628038672,0.030253480320839975,0.9270721433987734
26023,LOF,0.03224300234799479,0.03421098851958265,0.9335460091324226
26024,LOF,0.04864282033647817,0.07244603152427082,0.8789111481392511
26025,LOF,0.06402018591945552,0.09021252380254613,0.8457672902779984
26026,LOF,0.1226801340116878,0.06722997533826257,0.8100898906500498
26027,LOF,0.026423155175128245,0.029342439844283297,0.9442344049805884
26028,LOF,0.11961181806934802,0.1453599898890205,0.7350281920416315
26029,LOF,0.018299884150631114,0.19754651833188755,0.7841535975174814
26030,LOF,0.16481859059738357,0.022731256416333983,0.8124501529862823
26031,LOF,0.009503893210556115,0.16169286410448447,0.8288032426849594
26032,LOF,0.04456412275836652,0.051274951825298704,0.9041609254163347
26033,LOF,0.07103285823972748,0.044761370018762216,0.8842057717415103
26034,LOF,0.012740058079232291,0.1404641402664029,0.8467958016543649
26035,LOF,0.010987872813004245,0.10489998933413042,0.8841121378528655
26036,LOF,0.010861043320531694,0.1200858241006128,0.8690531325788555
26037,LOF,0.00924044649865579,0.09615468465324462,0.8946048688480995
26038,LOF,0.03898604427420218,0.04361076882732998,0.9174031868984678
26039,LOF,0.023079668944879513,0.11864793690529507,0.8582723941498254
26040,LOF,0.11306935664114734,0.121524102871585,0.7654065404872676
26041,LOF,0.011968515968048831,0.08776774622510435,0.9002637378068468
26042,LOF,0.010770797975890171,0.09610053715410027,0.8931286648700095
26043,LOF,0.03793058044317931,0.0612511884851168,0.9008182310717039
26044,LOF,0.014495579216631103,0.04476506746419105,0.9407393533191779
26045,LOF,0.0637097619394096,0.106092970345861,0.8301972677147295
26046,LOF,0.03321415398456709,0.04660706647003403,0.9201787795453988
26047,LOF,0.053860808676154566,0.04753846456456235,0.898600726759283
26048,LOF,0.08477468339900202,0.024069911049149368,0.8911554055518487
26049,Neutral,0.9505169504218536,0.006897042242906255,0.042586007335240164
26050,Neutral,0.9289726309983712,0.007638875552212702,0.06338849344941606
26051,LOF,0.016709724409003587,0.09398145777802842,0.889308817812968
26052,LOF,0.03525603111922486,0.10806870900159973,0.8566752598791755
26053,LOF,0.029355766659513265,0.1483050061058001,0.8223392272346866
26054,LOF,0.04466877919729367,0.02789439721360929,0.9274368235890972
26055,LOF,0.060285114867920486,0.02363970026213629,0.9160751848699432
26056,LOF,0.0501573979179509,0.029876776184513943,0.9199658258975352
26057,LOF,0.05934823179805439,0.013315293417272974,0.9273364747846727
26058,LOF,0.06193055268046399,0.0110303558006111,0.9270390915189248
26059,LOF,0.19615252834499025,0.030285942334195844,0.7735615293208139
26060,LOF,0.015800910228640722,0.19222380381211138,0.7919752859592479
26061,LOF,0.013486027752548636,0.011042164868066077,0.9754718073793853
26062,LOF,0.0068692835996512795,0.018229162400599762,0.974901553999749
26063,LOF,0.03902627577026443,0.010836573929187378,0.9501371503005482
26064,LOF,0.010986701408110545,0.023205172087524373,0.9658081265043651
26065,LOF,0.05008308248113093,0.011597024323917652,0.9383198931949515
26066,LOF,0.04636988368401033,0.009557137723946696,0.944072978592043
26067,LOF,0.05901018242584271,0.009282718547042684,0.9317070990271147
26068,LOF,0.05166869604788405,0.04691034333903028,0.9014209606130857
26069,LOF,0.16387799690085367,0.028953146773334357,0.8071688563258119
26070,LOF,0.3502111181195077,0.023205407958236782,0.6265834739222556
26071,LOF,0.04314629073735189,0.011235946897483444,0.9456177623651646
26072,LOF,0.011599008288523244,0.02158132179976592,0.9668196699117108
26073,LOF,0.039764546866650076,0.01381390875770356,0.9464215443756464
26074,Neutral,0.9198407379219137,0.008601450656388794,0.07155781142169752
26075,LOF,0.05281779251340234,0.02254427034747082,0.9246379371391269
26076,LOF,0.06053812469518974,0.01140408375256225,0.928057791552248
26077,LOF,0.17506578602501194,0.007306460959927874,0.8176277530150602
26078,LOF,0.008977939570144707,0.01494146087591677,0.9760805995539384
26079,LOF,0.06586851976329869,0.02478512843284648,0.9093463518038548
26080,LOF,0.0643546810036081,0.024818242098204404,0.9108270768981874
26081,LOF,0.036442051602046,0.008625057550329983,0.954932890847624
26082,LOF,0.008008799931392922,0.014594716240263846,0.9773964838283431
26083,LOF,0.10058102480661915,0.01928391414607177,0.880135061047309
26084,LOF,0.11453617116267244,0.014339840039497806,0.8711239887978298
26085,LOF,0.10746156323800941,0.012453481279277836,0.8800849554827127
26086,LOF,0.04320005966346014,0.011675874755912037,0.9451240655806279
26087,LOF,0.040013132864464125,0.010382755397687557,0.9496041117378484
26088,LOF,0.009948148927316904,0.019422570097636458,0.9706292809750465
26089,LOF,0.044342275420472615,0.038252442983642804,0.9174052815958845
26090,LOF,0.045289835983483503,0.028874975178428,0.9258351888380885
26091,LOF,0.032002929716128184,0.007471968305784706,0.9605251019780872
26092,LOF,0.04605980360446858,0.007822085479515045,0.9461181109160163
26093,LOF,0.07768403487545075,0.005652668944999727,0.9166632961795494
26094,LOF,0.03739623215838719,0.006941888122138684,0.955661879719474
26095,LOF,0.03891261280305606,0.017812221212012754,0.9432751659849311
26096,LOF,0.22040267041279768,0.005466350087391003,0.7741309794998114
26097,LOF,0.00876429941195889,0.03131900232110494,0.9599166982669362
26098,LOF,0.08560239776344321,0.01958759988552574,0.894810002351031
26099,LOF,0.046143083464791505,0.014899886946319623,0.9389570295888889
26100,LOF,0.046143083464791505,0.014899886946319623,0.9389570295888889
26101,LOF,0.06132207909643092,0.029271937149334144,0.9094059837542349
26102,LOF,0.034582301105216054,0.014532845238300948,0.950884853656483
26103,Neutral,0.8816583692501422,0.02662210320319373,0.09171952754666406
26104,LOF,0.05847863491063681,0.04154030202980727,0.8999810630595559
26105,LOF,0.24196684169906038,0.15529884663651528,0.6027343116644244
26106,LOF,0.31807442329977287,0.12025537356380747,0.5616702031364197
26107,LOF,0.021459285211678274,0.09255340752778596,0.8859873072605358
26108,LOF,0.27890818363392444,0.04559418763885736,0.6754976287272183
26109,LOF,0.09435551712657392,0.03733427116807312,0.8683102117053529
26110,LOF,0.47538878847987603,0.007182112763094335,0.5174290987570297
26111,LOF,0.057464196572284736,0.15051903653206783,0.7920167668956474
26112,LOF,0.055193833961154105,0.008362696727914069,0.9364434693109318
26113,LOF,0.11023359028964673,0.018057859780265837,0.8717085499300874
26114,LOF,0.09204896903018348,0.006275742017480972,0.9016752889523355
26115,LOF,0.01440670609445144,0.04655376656636057,0.939039527339188
26116,LOF,0.07303447323468404,0.021700612458157843,0.905264914307158
26117,LOF,0.3974980625745696,0.03106357017183767,0.5714383672535926
26118,LOF,0.04706421938798215,0.014447353926130306,0.9384884266858875
26119,LOF,0.005922090924631916,0.031224828856421753,0.9628530802189462
26120,LOF,0.03539123399012733,0.013479636730640595,0.951129129279232
26121,LOF,0.0044803077954649675,0.11923544764706577,0.8762842445574693
