feature0,prediction,LoGoFunc_Neutral,LoGoFunc_GOF,LoGoFunc_LOF
25546,Neutral,0.6619670531110309,0.06725071668924479,0.2707822301997244
25547,LOF,0.3315338076207228,0.28334540319740076,0.38512078918187637
25548,LOF,0.28509811881540037,0.16297461183443085,0.5519272693501688
25549,LOF,0.20190360435698604,0.1994213551239605,0.5986750405190535
25550,Neutral,0.6121223418997569,0.06904205362233493,0.3188356044779082
25551,Neutral,0.4856417625391997,0.06427816746068386,0.4500800700001164
25552,LOF,0.09589407364163094,0.1767496047003602,0.7273563216580088
25553,Neutral,0.47997142371999846,0.0690822589003046,0.4509463173796969
25554,LOF,0.13043556669440154,0.24323792931860708,0.6263265039869913
25555,LOF,0.09648377756722286,0.1613847317704871,0.74213149066229
25556,LOF,0.1573704097136905,0.1928516623382652,0.6497779279480443
25557,LOF,0.08349534356610551,0.17024148782504736,0.7462631686088471
25558,LOF,0.15742464076665927,0.19169221266751524,0.6508831465658255
25559,LOF,0.42776494316495467,0.1414996231617732,0.43073543367327216
25560,LOF,0.05261485694179673,0.34920622138196883,0.5981789216762345
25561,LOF,0.10557848941917988,0.3353581004330135,0.5590634101478066
25562,LOF,0.3173824318137373,0.10791309126974913,0.5747044769165136
25563,Neutral,0.5612468682606369,0.05310864298582065,0.3856444887535425
25564,LOF,0.04551049145989991,0.32136798805739103,0.6331215204827091
25565,LOF,0.11577808278759762,0.2643216902861612,0.6199002269262412
25566,LOF,0.04923157870108926,0.44877618138067993,0.5019922399182308
25567,LOF,0.39033108242205833,0.08280045113857673,0.526868466439365
25568,Neutral,0.7014862542080523,0.07381072208252325,0.22470302370942447
25569,Neutral,0.6812417895046187,0.05682718762875099,0.2619310228666304
25570,LOF,0.05489568244227528,0.2582904247399564,0.6868138928177683
25571,LOF,0.059323288071597056,0.23929726345400112,0.7013794484744018
25572,LOF,0.3200948720900165,0.1926806465057725,0.487224481404211
25573,LOF,0.40576330790401993,0.09630922866770589,0.497927463428274
25574,GOF,0.1030922223151204,0.47160367299748474,0.4253041046873949
25575,LOF,0.083744141229754,0.08240747384139632,0.8338483849288497
25576,LOF,0.3762994203103734,0.046534239308069276,0.5771663403815573
25577,LOF,0.37653307877571685,0.06395908762411678,0.5595078336001663
25578,Neutral,0.4293669459611348,0.21345544025242777,0.3571776137864374
25579,Neutral,0.4293669459611348,0.21345544025242777,0.3571776137864374
25580,LOF,0.047519110602157216,0.1730658573536981,0.7794150320441446
25581,Neutral,0.7081025419973975,0.05468781842962316,0.23720963957297939
25582,Neutral,0.7081025419973975,0.05468781842962316,0.23720963957297939
25583,LOF,0.056641542049130585,0.1652104888799535,0.7781479690709159
25584,Neutral,0.3543255337624473,0.3133653640473527,0.3323091021902
25585,LOF,0.33816510214959244,0.09667140432088298,0.5651634935295247
25586,LOF,0.06429897860729401,0.14248139597542558,0.7932196254172803
25587,LOF,0.06254378899388743,0.17625005096376517,0.7612061600423474
25588,LOF,0.04434533169608927,0.2731789024941166,0.6824757658097941
25589,Neutral,0.6190007627376238,0.2941833759279189,0.08681586133445734
25590,LOF,0.2887586791295642,0.22342133553227417,0.48781998533816173
25591,Neutral,0.6822439594632546,0.07608561245849893,0.2416704280782465
25592,LOF,0.05904764442651984,0.14509313894314,0.7958592166303401
25593,GOF,0.08359674597097723,0.5983111553834185,0.3180920986456042
25594,Neutral,0.7022786865556767,0.04587957464707302,0.25184173879725025
25595,Neutral,0.6879613612109113,0.05653770730557566,0.2555009314835131
25596,Neutral,0.46042316930079275,0.13352145760611928,0.40605537309308803
25597,LOF,0.4052622323610895,0.09851211134696951,0.4962256562919411
25598,Neutral,0.7415995315960864,0.042753407153681755,0.21564706125023184
25599,GOF,0.03699788542320411,0.7212194425070323,0.2417826720697637
25600,GOF,0.042321644507733396,0.6326036944624118,0.32507466102985483
25601,GOF,0.03794986321263823,0.6313394048827139,0.33071073190464784
25602,LOF,0.40677428262723286,0.07820297555132606,0.5150227418214411
25603,LOF,0.05998964024767667,0.18028387319479336,0.75972648655753
25604,Neutral,0.414129194989079,0.19402109685665944,0.3918497081542615
25605,LOF,0.0314933735574777,0.42678680259115587,0.5417198238513664
25606,GOF,0.03064640160512717,0.5826683818985536,0.3866852164963192
25607,LOF,0.03280650771706098,0.22583949742780635,0.7413539948551328
25608,LOF,0.36056873889449703,0.13264747612338976,0.5067837849821132
25609,LOF,0.22163463753017948,0.15479910838040178,0.6235662540894187
25610,LOF,0.07050845914574458,0.13861864506545982,0.7908728957887956
25611,LOF,0.07381435981357884,0.1322287852356274,0.7939568549507938
25612,Neutral,0.6589851624826397,0.06644665141526433,0.27456818610209577
25613,Neutral,0.6287522368931364,0.061393025463740064,0.3098547376431235
25614,LOF,0.05508377591375616,0.1860762924557582,0.7588399316304856
25615,LOF,0.33701450523841403,0.12622521169150233,0.5367602830700836
25616,LOF,0.05461915627523033,0.3284515233355933,0.6169293203891764
25617,LOF,0.05777371139967389,0.10075614017842967,0.8414701484218964
25618,LOF,0.0594177301492529,0.15539440316617567,0.7851878666845714
25619,LOF,0.07047973499253017,0.24883328806243882,0.680686976945031
25620,LOF,0.05600564274400266,0.17006492784908261,0.7739294294069148
25621,LOF,0.4182057589397983,0.07808732710786973,0.5037069139523319
25622,LOF,0.371313222943378,0.11742319149369627,0.5112635855629257
25623,LOF,0.3679871873056659,0.13540860255818707,0.4966042101361471
25624,LOF,0.04668904891734734,0.22287848023008772,0.730432470852565
25625,LOF,0.3424184817231165,0.06358796228058104,0.5939935559963024
25626,Neutral,0.6465886336945428,0.058897629873093,0.2945137364323643
25627,GOF,0.033528698005240706,0.5704383305269884,0.3960329714677708
25628,Neutral,0.4714083749502178,0.08649407379059505,0.44209755125918704
25629,Neutral,0.6905394001902875,0.058036992904777894,0.25142360690493465
25630,LOF,0.08473548239676197,0.29908896772990945,0.6161755498733286
25631,Neutral,0.48852383122645304,0.25502257181646354,0.2564535969570834
25632,LOF,0.40919715866579315,0.037341993849625395,0.5534608474845814
25633,Neutral,0.4293669459611348,0.21345544025242777,0.3571776137864374
25634,Neutral,0.6944746173129202,0.07581867575247186,0.22970670693460798
25635,LOF,0.07803291873396787,0.11301496553144122,0.8089521157345909
25636,GOF,0.05117823939285664,0.6390022266072916,0.3098195339998518
25637,GOF,0.04208158568263758,0.5341465874722383,0.4237718268451241
25638,GOF,0.03630459743950035,0.7393071862529156,0.22438821630758413
25639,GOF,0.04496336685008689,0.5374620053576628,0.4175746277922503
25640,GOF,0.13058898576983424,0.7583127666859759,0.11109824754418995
25641,LOF,0.043254051110185265,0.3289795678391861,0.6277663810506288
25642,Neutral,0.7115607367810435,0.09522892874360402,0.19321033447535257
25643,Neutral,0.5138898251158086,0.07043380976273932,0.41567636512145223
25644,GOF,0.03172754319772728,0.6815548103656647,0.2867176464366081
25645,GOF,0.03141262423237581,0.6948308511711234,0.27375652459650074
25646,GOF,0.027040425413999526,0.6209532360958784,0.3520063384901222
25647,GOF,0.05556882408507999,0.6508385774746887,0.29359259844023144
25648,GOF,0.04575017765143762,0.7716626735076378,0.18258714884092442
25649,GOF,0.06417053048775491,0.7304647521726189,0.20536471733962622
25650,GOF,0.06199663638190032,0.5053324692064262,0.4326708944116734
25651,GOF,0.026987560259956023,0.5259680130744836,0.4470444266655604
25652,GOF,0.038881069127368426,0.5202742895993859,0.44084464127324563
25653,LOF,0.05491521625544215,0.4481293891857787,0.496955394558779
25654,GOF,0.05541079092622216,0.6544314115031559,0.2901577975706219
25655,GOF,0.043285205921032674,0.7293864744093477,0.2273283196696196
25656,LOF,0.048167299524745064,0.2294666004888643,0.7223660999863907
25657,Neutral,0.499994672919252,0.023330292724269105,0.476675034356479
25658,LOF,0.07407917075658854,0.41759064801934076,0.5083301812240707
25659,LOF,0.1720438758425779,0.2731103638758398,0.5548457602815823
25660,LOF,0.08997122791657013,0.26094642897745296,0.6490823431059769
25661,LOF,0.08652228060114647,0.1815952147215854,0.7318825046772681
25662,LOF,0.054308797892721875,0.22345575792341477,0.7222354441838634
25663,LOF,0.06605802626446924,0.1588678314081276,0.7750741423274032
25664,LOF,0.35428521817990666,0.10288936485455213,0.5428254169655412
25665,Neutral,0.6149646717900865,0.07927432433567631,0.3057610038742372
25666,LOF,0.31152194431049784,0.056685234348299286,0.631792821341203
25667,LOF,0.06778834488740879,0.1719386389507688,0.7602730161618225
25668,LOF,0.053651201842077056,0.17987516915442975,0.7664736290034933
25669,LOF,0.04689976292368054,0.17265409260231396,0.7804461444740056
25670,LOF,0.4024477214228775,0.09334498128564035,0.5042072972914822
25671,LOF,0.05827093074267482,0.16380680411878026,0.7779222651385449
25672,Neutral,0.629512622735374,0.08273756824502224,0.2877498090196037
25673,LOF,0.24159493720462696,0.15475740383905673,0.6036476589563163
25674,LOF,0.380702047666436,0.1350148781428187,0.48428307419074523
25675,Neutral,0.4550609316138505,0.14192691226404106,0.40301215612210844
25676,LOF,0.04979838756215457,0.21125119318873803,0.7389504192491074
25677,LOF,0.0616235457199224,0.13934366230782375,0.7990327919722539
25678,Neutral,0.4839358216030471,0.14004868572542928,0.37601549267152357
25679,Neutral,0.5221785986432973,0.09957073999967031,0.3782506613570324
25680,LOF,0.10348041805179564,0.1631695574819492,0.7333500244662552
25681,LOF,0.11335760148908589,0.17127446032954288,0.7153679381813711
25682,LOF,0.07547854844661782,0.29464571250857824,0.629875739044804
25683,LOF,0.37951263962333814,0.16965351959746697,0.45083384077919497
25684,LOF,0.04666262684724206,0.26183583152070855,0.6915015416320495
25685,Neutral,0.4564953838690256,0.17843589322354594,0.36506872290742837
25686,GOF,0.10673344456165575,0.5893469362008493,0.30391961923749494
25687,GOF,0.1014160621615735,0.6212687786398645,0.2773151591985619
25688,GOF,0.04883001276689656,0.557541476459291,0.39362851077381233
25689,LOF,0.03310916517313012,0.39629912843434517,0.5705917063925248
25690,GOF,0.022845855176720116,0.5795698668033499,0.39758427801992985
25691,GOF,0.050192772166529794,0.5439380754616577,0.4058691523718125
25692,Neutral,0.48584090023525295,0.08464657375348986,0.4295125260112572
25693,GOF,0.1401228531829468,0.6006158793565083,0.2592612674605448
25694,Neutral,0.5011733865483202,0.06805715943601492,0.43076945401566485
25695,LOF,0.19316417048822135,0.11755688980861001,0.6892789397031688
25696,LOF,0.3896102532382402,0.15545705858112213,0.45493268818063776
25697,Neutral,0.4779917401863241,0.19712101060362375,0.3248872492100523
25698,GOF,0.06053018847016345,0.7864600189152082,0.15300979261462824
25699,GOF,0.033743290140455524,0.6993401961306691,0.2669165137288753
25700,LOF,0.07089872899504278,0.08845037613365035,0.8406508948713068
25701,GOF,0.031483630730296974,0.48451983875796006,0.483996530511743
25702,GOF,0.07980508033130075,0.6702414695223452,0.24995345014635406
25703,LOF,0.4296141278541267,0.029101114917702495,0.5412847572281708
25704,LOF,0.06790658249429245,0.11429187267033313,0.8178015448353744
25705,LOF,0.10614271400200688,0.1773237970670459,0.7165334889309473
25706,GOF,0.06180128348257658,0.6756592855054,0.26253943101202337
25707,GOF,0.036269502384400215,0.4919035309148552,0.4718269667007446
25708,GOF,0.057417496966480665,0.5038720088480132,0.4387104941855062
25709,LOF,0.05346929555984228,0.18533570912483538,0.7611949953153223
25710,Neutral,0.4948385627564332,0.08795801764653499,0.41720341959703183
25711,LOF,0.0501024225896794,0.22393055942793136,0.7259670179823893
25712,Neutral,0.5127488214648219,0.062202666993226435,0.42504851154195156
25713,LOF,0.06965364152139458,0.2602237956433076,0.6701225628352979
25714,LOF,0.07704119039839409,0.30101007792076484,0.6219487316808411
25715,LOF,0.052914938396221876,0.38703233576453977,0.5600527258392383
25716,LOF,0.3637531613167713,0.1971285755353748,0.4391182631478539
25717,Neutral,0.4678423445239863,0.12305974988688802,0.4090979055891256
25718,LOF,0.06266993702660065,0.15043846274015132,0.7868916002332481
25719,LOF,0.05098411181961237,0.17978291822121037,0.7692329699591772
25720,LOF,0.052581938623664934,0.12888090558747395,0.8185371557888611
25721,LOF,0.06921448889029963,0.13534817237871283,0.7954373387309875
25722,LOF,0.07093732181440547,0.1609619462080025,0.768100731977592
25723,LOF,0.05004528261035246,0.3460258318543949,0.6039288855352526
25724,LOF,0.05465669448450773,0.2063966576523245,0.7389466478631677
25725,LOF,0.06252560158170303,0.13689290035130003,0.800581498066997
25726,LOF,0.06757076013041607,0.19680832227255232,0.7356209175970315
25727,LOF,0.06756319585317516,0.20517868538598533,0.7272581187608396
25728,LOF,0.05358340993691568,0.24910157602178248,0.6973150140413018
25729,LOF,0.05358340993691568,0.24910157602178248,0.6973150140413018
25730,LOF,0.050851608773172186,0.27166561771808595,0.6774827735087419
25731,LOF,0.24119538775005975,0.07764732444087726,0.6811572878090629
25732,LOF,0.06255951639853544,0.16890359721714315,0.7685368863843214
25733,LOF,0.04352844561190737,0.26340553012795054,0.6930660242601421
25734,LOF,0.3631143979742166,0.09918910810424042,0.537696493921543
25735,LOF,0.0459710271676871,0.19307029070788673,0.7609586821244261
25736,LOF,0.046016399971681755,0.25013840768877943,0.7038451923395388
25737,LOF,0.04760145041842433,0.22556716837924343,0.7268313812023324
25738,LOF,0.06004235138238344,0.34829398247253773,0.5916636661450788
25739,LOF,0.05238516733050299,0.25612516273163344,0.6914896699378636
25740,LOF,0.09335636557397829,0.20044990680609157,0.70619372761993
25741,LOF,0.10505895778908468,0.20392384588812604,0.6910171963227894
25742,LOF,0.11091478049356487,0.1907797711116816,0.6983054483947535
25743,LOF,0.32455897623524643,0.0775397489704518,0.5979012747943017
25744,GOF,0.03887161857325664,0.5659770884838818,0.3951512929428614
25745,GOF,0.049552191999148884,0.7115532657947025,0.23889454220614872
25746,GOF,0.053381408624927115,0.6999694371685075,0.24664915420656544
25747,LOF,0.05196281048451362,0.15914613507092146,0.788891054444565
25748,Neutral,0.4293669459611348,0.21345544025242777,0.3571776137864374
25749,GOF,0.0269959076798822,0.6822570296008239,0.29074706271929396
25750,GOF,0.0352217110155314,0.6642755014782249,0.30050278750624376
25751,LOF,0.04789996994917937,0.2666459190024794,0.6854541110483412
25752,GOF,0.24170527024917507,0.38161077922176434,0.3766839505290607
25753,LOF,0.34309364052568464,0.09115670834786234,0.565749651126453
25754,GOF,0.03256338917745975,0.6248493948353845,0.34258721598715575
25755,LOF,0.23964211191011275,0.12596631142203946,0.6343915766678477
25756,Neutral,0.6784000599595631,0.06462752379558181,0.2569724162448552
25757,GOF,0.05024363216101432,0.6623312148716317,0.2874251529673539
25758,GOF,0.03263931630934599,0.7085169734115009,0.2588437102791531
25759,GOF,0.02368275224757339,0.6705217601337707,0.3057954876186559
25760,LOF,0.38455111897767275,0.14936098650342083,0.46608789451890625
25761,GOF,0.024725546516872893,0.7180846409881704,0.25718981249495676
25762,Neutral,0.6944746173129202,0.07581867575247186,0.22970670693460798
25763,LOF,0.3945153724151455,0.06819271129074324,0.5372919162941112
25764,GOF,0.19392285325285144,0.5111144540559104,0.2949626926912381
25765,GOF,0.033461619564285776,0.6877959773208121,0.2787424031149022
25766,GOF,0.06823435979043231,0.6654727122742369,0.2662929279353307
25767,GOF,0.03553515745799959,0.7626823680808676,0.20178247446113284
25768,LOF,0.05183629591952075,0.16433348953109211,0.7838302145493871
25769,LOF,0.06172115070453429,0.1348651092425076,0.8034137400529582
25770,Neutral,0.6300413456974091,0.06257482552971623,0.3073838287728748
25771,LOF,0.2981694949587949,0.08079296534178795,0.6210375396994171
25772,LOF,0.07634959737591236,0.10559192935399181,0.818058473270096
25773,LOF,0.46212117800709496,0.06518632790873154,0.4726924940841734
25774,Neutral,0.669143951674131,0.08212525817498678,0.24873079015088212
25775,LOF,0.27817665582403367,0.05390335684808004,0.6679199873278863
25776,LOF,0.05830480508807074,0.11248365060748775,0.8292115443044414
25777,Neutral,0.6330626961710426,0.05304395119630987,0.3138933526326475
25778,LOF,0.09013222481394317,0.06562201433110983,0.844245760854947
25779,GOF,0.06913895314029582,0.753049882073409,0.17781116478629524
25780,GOF,0.05893569030063756,0.7846419871893342,0.15642232251002822
25781,GOF,0.055085570417064404,0.7402403968347275,0.20467403274820795
25782,GOF,0.05585341080304277,0.7573704152281587,0.18677617396879845
25783,GOF,0.060173981846122625,0.7695628144400234,0.170263203713854
25784,GOF,0.04061490698853966,0.7533813146955767,0.20600377831588368
25785,GOF,0.054989703883967365,0.7095152045615924,0.23549509155444026
25786,GOF,0.05311723200228384,0.7141371613128322,0.23274560668488395
25787,GOF,0.049875321166786196,0.5586810444440591,0.3914436343891548
25788,LOF,0.04886015630286386,0.16604656906844625,0.7850932746286897
25789,GOF,0.054796455589354816,0.8216602269760405,0.12354331743460471
25790,GOF,0.05597967873395462,0.7576256142916303,0.186394706974415
25791,GOF,0.03949031554191738,0.6805428663088448,0.2799668181492379
25792,GOF,0.040251797674812996,0.6808827445401594,0.2788654577850276
25793,GOF,0.03126401976924484,0.7273717020459547,0.24136427818480044
25794,GOF,0.060071014323064324,0.6914379811119035,0.24849100456503215
25795,GOF,0.06629583562678648,0.6927919309404076,0.24091223343280588
25796,GOF,0.06627355083793061,0.7509136120901081,0.18281283707196136
25797,GOF,0.057566843848245945,0.7717719429456904,0.17066121320606364
25798,GOF,0.05638848633124357,0.8188472525653819,0.12476426110337452
25799,GOF,0.05903156295288089,0.8009808624517974,0.13998757459532155
25800,GOF,0.05829876410420139,0.8119071395621089,0.12979409633368963
25801,GOF,0.0682540913531251,0.7573623044589455,0.1743836041879293
25802,GOF,0.07144167862798416,0.7430322860417449,0.18552603533027093
25803,GOF,0.049453800986944914,0.7783124237043672,0.17223377530868797
25804,GOF,0.10193742172931809,0.7318135168684626,0.16624906140221932
25805,GOF,0.05972664863971929,0.7851280686773108,0.15514528268296993
25806,GOF,0.05644852923029714,0.7875304578874003,0.15602101288230266
25807,GOF,0.06976368406074665,0.7045022836709081,0.22573403226834537
25808,GOF,0.07842477594212864,0.718448088034152,0.20312713602371926
25809,GOF,0.03982224529342181,0.7020453542865952,0.2581324004199831
25810,GOF,0.038676359305060394,0.7323477289855721,0.22897591170936746
25811,GOF,0.0486085650428565,0.5280048486693332,0.4233865862878103
25812,GOF,0.053527165928635725,0.7951782867111732,0.15129454736019105
25813,GOF,0.0679950359648853,0.7649135556852201,0.16709140834989467
25814,GOF,0.06577510514748029,0.7942055810618686,0.14001931379065113
25815,GOF,0.05206321873718112,0.8012901658938281,0.14664661536899073
25816,GOF,0.040685732048093594,0.7584997619157609,0.20081450603614553
25817,GOF,0.03211743661538561,0.7658505311712206,0.2020320322133939
25818,GOF,0.030474086053985206,0.698646707071832,0.2708792068741828
25819,GOF,0.0752117911594474,0.6669268930399129,0.2578613158006397
25820,GOF,0.06496911854836837,0.7479461331059506,0.18708474834568103
25821,GOF,0.06509090701613353,0.7570828228693284,0.17782627011453814
25822,GOF,0.07193739738876401,0.6436438585640694,0.2844187440471667
25823,GOF,0.12376664543735054,0.5549417893746589,0.3212915651879907
25824,GOF,0.07261575875769136,0.6865896910987329,0.24079455014357584
25825,GOF,0.07112277319657219,0.6867667188596106,0.24211050794381725
25826,GOF,0.07261575875769136,0.6865896910987329,0.24079455014357584
25827,GOF,0.058278838472288104,0.71883700127303,0.2228841602546818
25828,GOF,0.05495944235190183,0.6901807977542793,0.25485975989381887
25829,LOF,0.3903861094002669,0.0860226586494377,0.5235912319502953
25830,LOF,0.0497152525452684,0.23062249894526615,0.7196622485094654
25831,GOF,0.056811600753955034,0.6289174546904125,0.3142709445556323
25832,GOF,0.05149420165950754,0.6884282639136399,0.2600775344268528
25833,GOF,0.05078901204693993,0.6930489253535251,0.25616206259953495
25834,GOF,0.048449357337426245,0.6423626001175954,0.30918804254497845
25835,GOF,0.07145603746766198,0.6960413233096359,0.23250263922270215
25836,GOF,0.06726806873812197,0.6715372039596256,0.26119472730225246
25837,GOF,0.0783896780959203,0.5981466235447783,0.32346369835930144
25838,GOF,0.07636346833015374,0.6012527343694454,0.3223837973004008
25839,GOF,0.07001453855911559,0.6308300905792392,0.2991553708616452
25840,GOF,0.03736724539816148,0.6972400553595768,0.2653926992422617
25841,GOF,0.037469755630959875,0.6898547173468073,0.27267552702223286
25842,GOF,0.029559687139491933,0.6922495017836386,0.2781908110768695
25843,GOF,0.030344949009874445,0.6912158494152777,0.2784392015748479
25844,GOF,0.035091787180732616,0.6719102433717817,0.29299796944748574
25845,GOF,0.03496395211179872,0.7189425040152695,0.24609354387293175
25846,GOF,0.034357903243854584,0.671695791303184,0.2939463054529614
25847,GOF,0.07327626718390577,0.5825339815010088,0.3441897513150855
25848,GOF,0.043623402204024594,0.7273409305434826,0.22903566725249278
25849,GOF,0.04241395927925902,0.7260247065135749,0.23156133420716615
25850,GOF,0.09139893366282402,0.7416960646069745,0.16690500173020154
25851,GOF,0.09763359010517146,0.7333423927163283,0.16902401717850013
25852,GOF,0.16715953058701344,0.5014153039011444,0.33142516551184215
25853,GOF,0.05193943402676144,0.7726334551576958,0.17542711081554274
25854,GOF,0.0399149328087786,0.7876679045783619,0.17241716261285964
25855,GOF,0.07394039792093253,0.7867643850751147,0.1392952170039527
25856,GOF,0.07240353524062072,0.7872169643122373,0.140379500447142
25857,GOF,0.07529413143459339,0.7965060271777357,0.1281998413876709
25858,GOF,0.0654573468764001,0.676851837491266,0.2576908156323339
25859,GOF,0.06471367910927897,0.6892006787569802,0.24608564213374073
25860,GOF,0.07457315930199285,0.5928533587818039,0.3325734819162034
25861,GOF,0.0645104215112843,0.5845298302912982,0.35095974819741743
25862,GOF,0.03442490947834069,0.769221182274333,0.19635390824732624
25863,GOF,0.03770499478769097,0.7697865486218499,0.19250845659045918
25864,GOF,0.03960000456930988,0.7816598494367465,0.17874014599394364
25865,GOF,0.04327778735519237,0.7959223729445413,0.16079983970026634
25866,GOF,0.04057418603971999,0.7919011263740814,0.16752468758619873
25867,GOF,0.04047651799486475,0.7894039080428301,0.170119573962305
25868,GOF,0.060750646430475855,0.6855175029413824,0.2537318506281418
25869,GOF,0.06035149026067392,0.6765910914368152,0.2630574183025107
25870,LOF,0.05292507798419392,0.1979473974018041,0.7491275246140019
25871,GOF,0.04454816545363875,0.6675434213212981,0.2879084132250631
25872,GOF,0.060706614598624004,0.537825245825747,0.4014681395756289
25873,GOF,0.07694954348493453,0.6130980091891037,0.3099524473259617
25874,LOF,0.0669213956369205,0.12150837483831536,0.8115702295247641
25875,GOF,0.07244443990092835,0.6803331399917466,0.2472224201073251
25876,Neutral,0.4944946810828632,0.06387753544525754,0.4416277834718791
25877,GOF,0.08268614094975525,0.6678712925232969,0.24944256652694788
25878,GOF,0.055926095998679815,0.7436081889437777,0.20046571505754252
25879,GOF,0.05632484177960102,0.579028922006903,0.3646462362134959
25880,LOF,0.06434573912182882,0.15060977308214682,0.7850444877960243
25881,Neutral,0.7430023682043119,0.17324197565675287,0.08375565613893515
25882,LOF,0.41611843837247814,0.12757061653550664,0.4563109450920151
25883,LOF,0.06476648386705938,0.1266772692300281,0.8085562469029126
25884,LOF,0.44449865709611563,0.07149209407713572,0.4840092488267488
25885,Neutral,0.6029463948221362,0.013728245669296433,0.3833253595085674
25886,Neutral,0.4293669459611348,0.21345544025242777,0.3571776137864374
25887,Neutral,0.44342696767899564,0.399715307391767,0.1568577249292374
25888,GOF,0.07778992807241557,0.5995544394327457,0.3226556324948388
25889,LOF,0.24809770569355113,0.1864173440320902,0.5654849502743586
25890,LOF,0.14661676343589286,0.26135122602317995,0.5920320105409272
25891,LOF,0.26100048451855334,0.2561335460089717,0.4828659694724749
25892,LOF,0.017512627520316085,0.3856377978748303,0.5968495746048537
25893,LOF,0.4169498024399603,0.153061050773768,0.42998914678627165
25894,LOF,0.356340078100696,0.10966480801292343,0.5339951138863805
25895,Neutral,0.44263469957863866,0.11658482034479704,0.44078048007656434
25896,Neutral,0.6357993189260076,0.062433155359095015,0.3017675257148974
25897,LOF,0.2224521111716253,0.19760828889387194,0.5799395999345027
25898,GOF,0.08629345564438916,0.7075212279448525,0.20618531641075846
25899,Neutral,0.4293669459611348,0.21345544025242777,0.3571776137864374
25900,Neutral,0.8086785331278541,0.04853523872902912,0.14278622814311692
25901,LOF,0.0780216973203777,0.12751952034846853,0.7944587823311536
25902,LOF,0.37865532832840304,0.17706469561870836,0.4442799760528885
25903,LOF,0.16940723066090316,0.41087113750114296,0.4197216318379539
25904,Neutral,0.4293669459611348,0.21345544025242777,0.3571776137864374
25905,LOF,0.054939658976618795,0.42893779119322717,0.516122549830154
25906,LOF,0.4081731028340032,0.08467609806900483,0.5071507990969919
25907,GOF,0.044253090422251395,0.5353829769375916,0.4203639326401569
25908,GOF,0.04792218627429272,0.5820881037885854,0.3699897099371219
25909,LOF,0.07182630668720812,0.3544525186013491,0.5737211747114428
25910,LOF,0.023207142351574082,0.4562130285524318,0.5205798290959941
25911,Neutral,0.684235111336329,0.06327685359449962,0.25248803506917145
25912,LOF,0.479856457755192,0.03286080596391994,0.4872827362808882
25913,GOF,0.023267646621376543,0.6221045716950746,0.35462778168354886
25914,LOF,0.06324879066934937,0.26904687824364487,0.6677043310870058
25915,GOF,0.08289834930169965,0.6429438224338705,0.2741578282644298
25916,GOF,0.06879930378549394,0.7525081954745106,0.17869250073999535
25917,Neutral,0.7496530459264884,0.05549319607936243,0.19485375799414925
25918,LOF,0.051228971861053525,0.2539285503819315,0.6948424777570149
25919,LOF,0.05010678251113542,0.12143107675715094,0.8284621407317136
25920,LOF,0.34207811048629067,0.30988035965783184,0.34804152985587744
25921,LOF,0.39542943415740706,0.04125809089047313,0.5633124749521199
25922,LOF,0.27476245765842905,0.04070988120767772,0.6845276611338932
25923,Neutral,0.4293669459611348,0.21345544025242777,0.3571776137864374
25924,LOF,0.33612353019609853,0.12916808417249628,0.5347083856314051
25925,Neutral,0.6264118243081996,0.0749885910051942,0.29859958468660613
25926,Neutral,0.6776887565720724,0.0853219906261957,0.236989252801732
25927,GOF,0.03923691047854509,0.5012568736322829,0.459506215889172
25928,LOF,0.36549527955449773,0.06970043855637592,0.5648042818891263
25929,Neutral,0.4293669459611348,0.21345544025242777,0.3571776137864374
25930,LOF,0.0612761714928788,0.1377770982143739,0.8009467302927474
25931,LOF,0.40988610033711864,0.0975980639053423,0.49251583575753916
25932,LOF,0.0720715107064163,0.0982443593454772,0.8296841299481065
25933,LOF,0.07481773811667242,0.1371355494371569,0.7880467124461707
25934,LOF,0.06612706603106724,0.1352820711448525,0.7985908628240803
25935,Neutral,0.669143951674131,0.08212525817498678,0.24873079015088212
25936,LOF,0.06494719841512599,0.08108128664949567,0.8539715149353783
25937,LOF,0.3375544419359448,0.22188629387970973,0.44055926418434543
25938,Neutral,0.684235111336329,0.06327685359449962,0.25248803506917145
25939,LOF,0.053746304057340176,0.19102315126823347,0.7552305446744264
25940,GOF,0.12033810933841972,0.6879762546086599,0.1916856360529205
25941,Neutral,0.4772820363362718,0.243854859345012,0.27886310431871614
25942,LOF,0.24386868939887957,0.1399330630538777,0.6161982475472428
25943,LOF,0.02500090462475481,0.4266925825754443,0.5483065127998008
25944,LOF,0.02075662377877157,0.478729417649997,0.5005139585712315
25945,LOF,0.05114376133018392,0.15919296832540183,0.7896632703444143
25946,LOF,0.4312397481587319,0.04598997629918942,0.5227702755420788
25947,Neutral,0.6959913497673305,0.049777952991363825,0.2542306972413058
25948,LOF,0.4411665353154452,0.04780402680528093,0.5110294378792738
25949,LOF,0.4541669474532422,0.06135525190568569,0.48447780064107215
25950,GOF,0.07242201326039009,0.6749634333178169,0.25261455342179295
25951,GOF,0.026633791606122267,0.7221872129403966,0.2511789954534812
25952,GOF,0.1782570582893656,0.4223795075632096,0.3993634341474248
25953,LOF,0.05855629426408785,0.3617928220737859,0.5796508836621262
25954,GOF,0.040794495010256546,0.6813682093498356,0.277837295639908
25955,GOF,0.028699704831387732,0.6132325209657353,0.3580677742028769
25956,GOF,0.06883309528725408,0.5689290718291886,0.3622378328835572
25957,Neutral,0.6575355854586741,0.05085514922285261,0.2916092653184734
25958,LOF,0.0996154219614275,0.10889596330567738,0.7914886147328951
25959,GOF,0.027954013185679853,0.50585909788212,0.46618688893220006
25960,LOF,0.3424069361288014,0.07249907460452763,0.5850939892666709
25961,LOF,0.045448944095049564,0.4021314033796691,0.5524196525252815
25962,LOF,0.43351091704394307,0.04353169907560495,0.522957383880452
25963,GOF,0.0196479527235522,0.6482626138654868,0.332089433410961
25964,LOF,0.08225437329286998,0.25112372695458784,0.6666218997525422
25965,GOF,0.1545342832534603,0.5822967543020651,0.2631689624444745
25966,Neutral,0.4293669459611348,0.21345544025242777,0.3571776137864374
25967,LOF,0.3386182114555554,0.06546577527115857,0.595916013273286
25968,GOF,0.2161713225627185,0.5217991896547781,0.26202948778250335
25969,Neutral,0.5593909068013772,0.06749957121522233,0.37310952198340036
25970,LOF,0.37933377834094356,0.1510998214635688,0.46956640019548757
25971,LOF,0.11378987520181025,0.17980925015676077,0.706400874641429
25972,LOF,0.12469023526193217,0.14273381809420166,0.7325759466438663
25973,LOF,0.4075110570109955,0.03662938017313876,0.5558595628158657
25974,GOF,0.05543621973769232,0.5731751638796511,0.37138861638265663
25975,LOF,0.06630772127370031,0.08901414870119945,0.8446781300251002
25976,LOF,0.3851074404334576,0.019632233392135292,0.595260326174407
25977,Neutral,0.5071946114049621,0.05887024665993938,0.43393514193509847
25978,LOF,0.15580713517012518,0.1899798996352129,0.6542129651946619
25979,LOF,0.08998803659046035,0.20047234763867677,0.709539615770863
25980,LOF,0.1993129911216844,0.3824556443638594,0.41823136451445625
25981,GOF,0.20817120072653456,0.44837929341895527,0.34344950585451023
25982,LOF,0.16003342639090365,0.30951242939598006,0.5304541442131162
25983,LOF,0.1026105382948194,0.3225490067763266,0.574840454928854
25984,LOF,0.06451521615466291,0.16548612100888974,0.7699986628364474
25985,Neutral,0.7556566056621423,0.14176364444575326,0.1025797498921046
25986,GOF,0.03945985370647349,0.6173279709024929,0.3432121753910337
25987,LOF,0.44011627798407493,0.037481586860780555,0.5224021351551446
25988,LOF,0.05192241093090243,0.2558336767509215,0.692243912318176
25989,LOF,0.0595989272145953,0.3621824164642813,0.5782186563211233
25990,LOF,0.049058846984543956,0.433914386432775,0.517026766582681
25991,GOF,0.04841988098013216,0.5393534163228622,0.4122267026970056
25992,GOF,0.06616507305135694,0.649855663354013,0.28397926359463005
25993,LOF,0.08506693677215602,0.11024631255364276,0.8046867506742011
25994,LOF,0.09047874201621826,0.07352196118226657,0.8359992968015152
25995,LOF,0.05592914906350651,0.18085158401159987,0.7632192669248936
25996,GOF,0.32729498789976763,0.40151854075017407,0.2711864713500582
25997,GOF,0.18793565675933552,0.5224289120542501,0.2896354311864143
25998,LOF,0.2454766861716347,0.2641450410930429,0.49037827273532236
25999,LOF,0.025086516838092807,0.31381052372175866,0.6611029594401485
26000,LOF,0.34560671833305984,0.09248305148315693,0.5619102301837833
26001,LOF,0.20236544239900794,0.3568602960131175,0.4407742615878747
26002,LOF,0.36997253559786375,0.1356134467043141,0.4944140176978222
26003,GOF,0.041375286922122986,0.7134304483740749,0.245194264703802
26004,GOF,0.11467175892759876,0.6585732815358619,0.22675495953653926
26005,GOF,0.046805322572127155,0.7266232205078955,0.2265714569199773
26006,GOF,0.05776350522033788,0.6454561178218483,0.29678037695781384
26007,GOF,0.035486358168378085,0.7678450728869552,0.19666856894466667
26008,GOF,0.11341104835421842,0.6409095385010635,0.24567941314471808
26009,GOF,0.07187784418058606,0.6642690087763811,0.26385314704303287
26010,GOF,0.042258841699073596,0.7986830892136244,0.15905806908730202
26011,GOF,0.04319873228934289,0.6711372315060514,0.28566403620460584
26012,GOF,0.03757953422364181,0.7262952083539411,0.23612525742241697
26013,GOF,0.05726130607812204,0.7064873694708493,0.23625132445102856
26014,Neutral,0.4953561690351017,0.043032120343874436,0.46161171062102385
26015,LOF,0.24662742857533068,0.28017669802197087,0.4731958734026985
26016,LOF,0.19470161166998262,0.3183775920620295,0.48692079626798773
26017,LOF,0.030586991465583944,0.47510761979221156,0.4943053887422045
26018,LOF,0.0406324503453466,0.32460507887202567,0.6347624707826276
26019,LOF,0.05877538761267036,0.11425863495756382,0.826965977429766
26020,GOF,0.026121922920019938,0.6649864664834709,0.3088916105965092
26021,LOF,0.39695637135736817,0.1410600192687759,0.46198360937385585
26022,LOF,0.30255882382020854,0.08657846977292542,0.610862706406866
26023,LOF,0.09064713130132454,0.06174431153479999,0.8476085571638755
26024,LOF,0.1514897274098363,0.25387922847739886,0.5946310441127649
26025,LOF,0.04267551077609373,0.39988597474218784,0.5574385144817184
26026,GOF,0.0318440106103719,0.5223740815104337,0.4457819078791944
26027,LOF,0.05891381723192943,0.19336987056907326,0.7477163121989974
26028,GOF,0.17001260341762056,0.44259096634004796,0.3873964302423315
26029,GOF,0.06416298780954201,0.7196725964258178,0.2161644157646401
26030,Neutral,0.6264024943009825,0.02974238781466458,0.3438551178843529
26031,GOF,0.03436254780606395,0.6808661902628247,0.28477126193111146
26032,LOF,0.05778863784109583,0.12127893441218153,0.8209324277467227
26033,LOF,0.0660791315168868,0.12302498702228518,0.8108958814608281
26034,GOF,0.0316788893080139,0.6531880996253033,0.31513301106668273
26035,GOF,0.04235916761361098,0.6732555579390807,0.2843852744473084
26036,GOF,0.03917296361950088,0.562678382289589,0.39814865409091005
26037,GOF,0.047127751063843704,0.6759018463073705,0.27697040262878575
26038,LOF,0.055934150334790336,0.1534499611225663,0.7906158885426434
26039,GOF,0.037570335515558134,0.5320633175614955,0.4303663469229464
26040,LOF,0.052231442066520375,0.18034358203464607,0.7674249758988335
26041,GOF,0.08225198237901409,0.5679790464751867,0.34976897114579925
26042,GOF,0.07808463407463731,0.5559924251730122,0.3659229407523506
26043,LOF,0.054298224000041063,0.3030335390623262,0.6426682369376329
26044,Neutral,0.5204837995258711,0.12161655463792012,0.35789964583620887
26045,GOF,0.07272864060537759,0.6992365822845793,0.228034777110043
26046,LOF,0.059110441849356855,0.2503074080410541,0.690582150109589
26047,LOF,0.07814574303313393,0.21749912847134284,0.7043551284955233
26048,Neutral,0.5169533386260212,0.07201773339065724,0.4110289279833215
26049,Neutral,0.622906107549735,0.13765382840675408,0.23944006404351104
26050,Neutral,0.669143951674131,0.08212525817498678,0.24873079015088212
26051,GOF,0.034559885315485914,0.6362577259922977,0.32918238869221644
26052,GOF,0.042995333625192984,0.7363028610349293,0.22070180533987774
26053,LOF,0.450087398665244,0.060361451442844175,0.4895511498919119
26054,Neutral,0.684235111336329,0.06327685359449962,0.25248803506917145
26055,Neutral,0.684235111336329,0.06327685359449962,0.25248803506917145
26056,Neutral,0.684235111336329,0.06327685359449962,0.25248803506917145
26057,LOF,0.05475686375039767,0.16770963890530213,0.7775334973443001
26058,LOF,0.053549286661580195,0.20326655167014937,0.7431841616682704
26059,Neutral,0.832921743685879,0.05040973898554282,0.11666851732857807
26060,GOF,0.031598305666407145,0.7068423558973093,0.26155933843628365
26061,LOF,0.4013023274985187,0.08251370333104717,0.5161839691704342
26062,LOF,0.42367779411969003,0.04796575897214247,0.5283564469081675
26063,LOF,0.0781444842026908,0.08724570346382475,0.8346098123334845
26064,Neutral,0.5044793283482706,0.04589026974278544,0.44963040190894404
26065,LOF,0.06453456201962118,0.1648676266838064,0.7705978112965725
26066,LOF,0.06733099199482677,0.14591267670105368,0.7867563313041195
26067,LOF,0.06262855865001747,0.19171082696677727,0.7456606143832052
26068,Neutral,0.629512622735374,0.08273756824502224,0.2877498090196037
26069,Neutral,0.6062743119015526,0.08698657483144603,0.3067391132670013
26070,Neutral,0.6062743119015526,0.08698657483144603,0.3067391132670013
26071,LOF,0.0640130743936081,0.13078934361328695,0.805197581993105
26072,LOF,0.361387919182041,0.18020539724540766,0.4584066835725513
26073,LOF,0.07940947743845245,0.1107354501866049,0.8098550723749427
26074,Neutral,0.8083789751845779,0.059343052891365926,0.13227797192405608
26075,Neutral,0.6197503272510791,0.09141012888845111,0.2888395438604697
26076,LOF,0.05170201901098372,0.26007968170102674,0.6882182992879896
26077,Neutral,0.5426340412101245,0.03389179339883201,0.4234741653910435
26078,LOF,0.4480222580972322,0.08953473285567606,0.46244300904709174
26079,Neutral,0.667980179339073,0.09749241439327687,0.23452740626765
26080,Neutral,0.667980179339073,0.09749241439327687,0.23452740626765
26081,LOF,0.07676891397303837,0.10089225165889254,0.8223388343680691
26082,LOF,0.3711864105791308,0.10214946379366466,0.5266641256272045
26083,LOF,0.03901112237090979,0.23673417480102762,0.7242547028280625
26084,LOF,0.03901112237090979,0.23673417480102762,0.7242547028280625
26085,LOF,0.04081638624005255,0.2391910196268873,0.7199925941330602
26086,LOF,0.06006943050526954,0.1458715779170089,0.7940589915777215
26087,LOF,0.04771409938389224,0.23275914648745344,0.7195267541286543
26088,LOF,0.4457813495986845,0.09777309782147509,0.45644555257984043
26089,Neutral,0.6618052553736259,0.0839115053266846,0.2542832392996896
26090,Neutral,0.6618052553736259,0.0839115053266846,0.2542832392996896
26091,LOF,0.07898572744493634,0.07748417961374938,0.8435300929413144
26092,LOF,0.06431893184242046,0.14534947988294378,0.7903315882746358
26093,LOF,0.0712199960446183,0.12996754218327347,0.7988124617721082
26094,LOF,0.08352308671878388,0.08712533292460137,0.8293515803566147
26095,LOF,0.3212135625463825,0.08221380578456648,0.596572631669051
26096,Neutral,0.6188523261131956,0.032745878140802744,0.3484017957460016
26097,LOF,0.3377799757441844,0.05185884768528718,0.6103611765705285
26098,Neutral,0.6784000599595631,0.06462752379558181,0.2569724162448552
26099,LOF,0.04690230391345682,0.2634864700733455,0.6896112260131977
26100,LOF,0.04690230391345682,0.2634864700733455,0.6896112260131977
26101,LOF,0.07514038195002098,0.1640849911589854,0.7607746268909936
26102,LOF,0.06637462567138547,0.1142858969175146,0.8193394774110999
26103,Neutral,0.4293669459611348,0.21345544025242777,0.3571776137864374
26104,Neutral,0.7145968665554943,0.08634683942455133,0.19905629401995442
26105,LOF,0.26820310696445876,0.1142438764347454,0.6175530166007959
26106,Neutral,0.49718161613607414,0.12784027289847463,0.3749781109654512
26107,GOF,0.021519974372759803,0.6459930620791766,0.33248696354806373
26108,GOF,0.2863377186925118,0.47693230911082474,0.23672997219666336
26109,Neutral,0.4821336849710962,0.09297047211417625,0.4248958429147276
26110,Neutral,0.5282209363623399,0.15205438975309818,0.3197246738845619
26111,LOF,0.05066387076400597,0.43418920000782046,0.5151469292281735
26112,LOF,0.09391327402626157,0.0711989041575938,0.8348878218161446
26113,LOF,0.061900978068404625,0.21196358095178278,0.7261354409798125
26114,Neutral,0.4249009930909082,0.18823581207034645,0.3868631948387455
26115,GOF,0.031165290871334485,0.7194115802696532,0.24942312885901236
26116,LOF,0.12409738285140146,0.2466596086041269,0.6292430085444717
26117,Neutral,0.4293669459611348,0.21345544025242777,0.3571776137864374
26118,LOF,0.060632393975826475,0.127403194521675,0.8119644115024984
26119,LOF,0.014953595164166717,0.43085899734166083,0.5541874074941725
26120,LOF,0.06148738801124003,0.12670914645682857,0.8118034655319314
26121,LOF,0.02686781200950317,0.20934054343650116,0.7637916445539957
26122,LOF,0.020994574132866026,0.24801104789979236,0.7309943779673417
