feature0,prediction,LoGoFunc_Neutral,LoGoFunc_GOF,LoGoFunc_LOF
25546,Neutral,0.7664686991381667,0.0311888299028202,0.20234247095901306
25547,Neutral,0.613007653861444,0.06602032316252922,0.3209720229760269
25548,Neutral,0.6337899329413832,0.05138999692306314,0.31482007013555363
25549,Neutral,0.5454376042544102,0.05037204145917126,0.4041903542864184
25550,LOF,0.3705025988001475,0.10564312547882684,0.5238542757210256
25551,LOF,0.28846629800828905,0.11816560723524948,0.5933680947564616
25552,LOF,0.21028946483429511,0.11066505852362915,0.6790454766420758
25553,Neutral,0.8587874331249031,0.02514022343063444,0.11607234344446245
25554,LOF,0.25094348360799706,0.10606456285714741,0.6429919535348554
25555,LOF,0.20820780903138084,0.09091124892796876,0.7008809420406504
25556,LOF,0.44928814506380654,0.09216807842240533,0.458543776513788
25557,LOF,0.19869759870410408,0.09733373683012404,0.7039686644657719
25558,LOF,0.23480469343411334,0.10606144538690562,0.6591338611789811
25559,LOF,0.4020498969898214,0.10476956682108027,0.4931805361890983
25560,LOF,0.055045101558439,0.12987408723542468,0.8150808112061363
25561,LOF,0.12485501322822495,0.12538867452050773,0.7497563122512674
25562,LOF,0.08187656678705771,0.0708845249408794,0.8472389082720628
25563,LOF,0.10308164198563202,0.07378908872681321,0.8231292692875547
25564,LOF,0.2550834749048637,0.127382107632314,0.6175344174628222
25565,LOF,0.14068528772868924,0.12386737912096177,0.7354473331503489
25566,GOF,0.012342821309121954,0.7610140180139892,0.22664316067688894
25567,LOF,0.02067645355076962,0.17542586893870005,0.8038976775105304
25568,LOF,0.05629058915744045,0.07003431135049418,0.8736750994920653
25569,LOF,0.057635840914829914,0.07112740610131844,0.8712367529838516
25570,LOF,0.0524626195282772,0.10852259171976583,0.839014788751957
25571,LOF,0.04693422730350958,0.10076660149702016,0.8522991711994702
25572,LOF,0.06695310072222187,0.12169767845710432,0.8113492208206738
25573,LOF,0.0364872263121155,0.10067198963842475,0.8628407840494599
25574,LOF,0.02231243011975825,0.15004495627824768,0.827642613601994
25575,LOF,0.04043763682773218,0.11479460426603945,0.8447677589062283
25576,LOF,0.02206123175564017,0.13351515773821473,0.8444236105061451
25577,LOF,0.01791215663082961,0.12182852486471668,0.8602593185044538
25578,LOF,0.2958430580667225,0.09426376495210925,0.6098931769811682
25579,LOF,0.12729132028868537,0.1128614918901286,0.759847187821186
25580,LOF,0.028503613183856823,0.08712633595804266,0.8843700508581006
25581,LOF,0.05122125595261058,0.07248853876162298,0.8762902052857665
25582,LOF,0.05057198008538763,0.07162536189751814,0.8778026580170941
25583,LOF,0.03528185635028542,0.10180908741489357,0.8629090562348211
25584,Neutral,0.491810801093828,0.11013512648805569,0.39805407241811624
25585,LOF,0.020281696819691466,0.1378167034370481,0.8419015997432605
25586,LOF,0.029184926869732557,0.0800435039364792,0.8907715691937883
25587,LOF,0.028905852742715007,0.07400959141391901,0.897084555843366
25588,LOF,0.029502637651618056,0.09318549286141951,0.8773118694869624
25589,Neutral,0.6301228226590453,0.11545896204561568,0.25441821529533915
25590,LOF,0.03484574534048103,0.13096198831770028,0.8341922663418188
25591,LOF,0.09066689225354509,0.06510460568104522,0.8442285020654098
25592,LOF,0.0880770188614639,0.13662017656155173,0.7753028045769844
25593,LOF,0.03455223095789685,0.25740925077296306,0.70803851826914
25594,LOF,0.04637914039179377,0.15423495097245438,0.799385908635752
25595,LOF,0.060015354563929986,0.1095704218062078,0.8304142236298622
25596,LOF,0.05221898640535622,0.0846849888278497,0.863096024766794
25597,LOF,0.03878809359311018,0.07903975458658685,0.8821721518203031
25598,LOF,0.05268011158804943,0.10139762021414095,0.8459222681978096
25599,GOF,0.00689861425362939,0.6244160000829522,0.3686853856634185
25600,GOF,0.012969863549975405,0.6110274075116972,0.3760027289383274
25601,LOF,0.009193108727939606,0.4565442764399122,0.5342626148321482
25602,LOF,0.01640443287207887,0.05942053580369174,0.9241750313242294
25603,LOF,0.05819420289494283,0.023612670403885323,0.9181931267011719
25604,LOF,0.028032390675673775,0.057166361920374616,0.9148012474039516
25605,LOF,0.008799399332476586,0.24297134846300963,0.7482292522045139
25606,LOF,0.08137072008789016,0.3976416939963279,0.5209875859157819
25607,LOF,0.005735114694875996,0.21029598019030654,0.7839689051148174
25608,LOF,0.0148889080127239,0.07873548385386879,0.9063756081334072
25609,LOF,0.052391435728892176,0.3798207834887408,0.567787780782367
25610,LOF,0.03283092714267842,0.025396802284456527,0.9417722705728651
25611,LOF,0.03972339606655004,0.025826759305264842,0.9344498446281851
25612,LOF,0.09448297346529073,0.040791029654823605,0.8647259968798857
25613,LOF,0.08316468795220983,0.04032951855597354,0.8765057934918167
25614,LOF,0.028772233733803367,0.03448534329580979,0.9367424229703868
25615,LOF,0.03507141028107493,0.044771713368943686,0.9201568763499814
25616,LOF,0.02611104642061221,0.030607637923748755,0.943281315655639
25617,LOF,0.026862804717576846,0.037126729092577304,0.9360104661898458
25618,LOF,0.13722668052966017,0.0292924624728989,0.8334808569974409
25619,LOF,0.0292525079177822,0.03239001712827198,0.9383574749539458
25620,LOF,0.03321615564848959,0.04156095886465582,0.9252228854868546
25621,LOF,0.025379460292805155,0.03394613159853801,0.9406744081086569
25622,LOF,0.03463778982782868,0.03663073598651926,0.9287314741856522
25623,LOF,0.056109427271137914,0.02734309418543086,0.9165474785434311
25624,LOF,0.02574940162346799,0.040182281621632385,0.9340683167548997
25625,LOF,0.03441491195805674,0.04301381863138788,0.9225712694105552
25626,LOF,0.07608647762319995,0.03511349572772173,0.8888000266490784
25627,Neutral,0.5430340158594521,0.11426388599363232,0.34270209814691555
25628,LOF,0.19980958851254216,0.057442798087908656,0.7427476133995491
25629,LOF,0.05829539175724714,0.06398597944613141,0.8777186287966215
25630,LOF,0.18247876034002194,0.08210410172854272,0.7354171379314354
25631,Neutral,0.6012022509882731,0.06028092776090931,0.3385168212508176
25632,LOF,0.013323451816062317,0.10234382540767488,0.884332722776263
25633,LOF,0.09459255627520619,0.08996909692713183,0.815438346797662
25634,LOF,0.03226480756280914,0.11830208670386137,0.8494331057333294
25635,LOF,0.03898722652103197,0.09257317365710584,0.8684395998218623
25636,GOF,0.0038705850883050813,0.6294768593019426,0.36665255560975224
25637,GOF,0.00356488064620257,0.6695184070987742,0.3269167122550231
25638,LOF,0.005871880470748672,0.41648363395455845,0.5776444855746928
25639,GOF,0.0034179492498346187,0.539134776522123,0.45744727422804227
25640,GOF,0.4479064507012009,0.4786462699988636,0.07344727929993551
25641,LOF,0.009149385262891146,0.27632139007189616,0.7145292246652127
25642,LOF,0.2629462599953055,0.05514502660149241,0.6819087134032021
25643,LOF,0.30510420389783627,0.14044578305153302,0.5544500130506307
25644,GOF,0.015165692868615833,0.5477203702301623,0.43711393690122186
25645,GOF,0.012418935811004813,0.49631135767261886,0.49126970651637625
25646,LOF,0.017827625682881723,0.33471877231047964,0.6474536020066387
25647,LOF,0.013946239919181137,0.2801898125457078,0.7058639475351111
25648,LOF,0.013392058390701235,0.28955187305712327,0.6970560685521755
25649,LOF,0.01186004938661723,0.2107899859009572,0.7773499647124256
25650,LOF,0.020981469318776164,0.445282204080024,0.5337363266011999
25651,LOF,0.008563516397241946,0.28222714287910716,0.7092093407236509
25652,LOF,0.015072823143047046,0.2718772670389034,0.7130499098180495
25653,LOF,0.04969471351487599,0.374674389901213,0.5756308965839111
25654,LOF,0.015358270330769176,0.1653678343013735,0.8192738953678574
25655,LOF,0.08063240518850036,0.41251049685142965,0.5068570979600701
25656,LOF,0.10319159548710694,0.07318751391706514,0.8236208905958279
25657,LOF,0.34240598741693407,0.030862983316725597,0.6267310292663404
25658,LOF,0.0414521985050851,0.09458218054689733,0.8639656209480175
25659,LOF,0.33699514597992475,0.07971827064075374,0.5832865833793215
25660,LOF,0.0643249693559458,0.0943891387159977,0.8412858919280564
25661,LOF,0.04515446051252472,0.0725439134709906,0.8823016260164848
25662,LOF,0.028155605849864835,0.04821860919439614,0.923625784955739
25663,LOF,0.036373767777049947,0.07090972937145833,0.8927165028514918
25664,LOF,0.04495490817036208,0.08331750825589973,0.8717275835737381
25665,LOF,0.058678187046355954,0.04612691801097576,0.8951948949426682
25666,LOF,0.03944498699760442,0.11926007159195018,0.8412949414104454
25667,LOF,0.03165895479861095,0.05233076178319323,0.9160102834181959
25668,LOF,0.032068045274937784,0.056978977334832204,0.9109529773902301
25669,LOF,0.03859403345594764,0.07871264652003368,0.8826933200240187
25670,LOF,0.08207649460363646,0.08762099723966729,0.8303025081566963
25671,LOF,0.03764470330928222,0.04789248657887445,0.9144628101118434
25672,LOF,0.05930810311803405,0.06395413172020777,0.8767377651617583
25673,LOF,0.04429205219323869,0.06973608388249693,0.8859718639242644
25674,LOF,0.04044280214256251,0.07224356925743479,0.8873136286000026
25675,LOF,0.05128814973167796,0.05981832529454409,0.8888935249737779
25676,LOF,0.032030554461537526,0.05814197005168869,0.9098274754867738
25677,LOF,0.060473587937507456,0.07021433009639935,0.8693120819660932
25678,LOF,0.3062661793011119,0.035578886509803266,0.6581549341890849
25679,LOF,0.18592122770654335,0.06965705478743804,0.7444217175060187
25680,LOF,0.05807869652304285,0.10033765280870645,0.8415836506682507
25681,LOF,0.10413622224365644,0.09419953919770815,0.8016642385586354
25682,LOF,0.04210537731249582,0.08281557549173361,0.8750790471957706
25683,LOF,0.1074813997639575,0.09256594713619248,0.79995265309985
25684,LOF,0.057137642543188295,0.08295102916167371,0.8599113282951379
25685,LOF,0.11447867136178902,0.04918829842277981,0.8363330302154312
25686,LOF,0.034882934753646476,0.10763441663366102,0.8574826486126925
25687,LOF,0.04289988918660279,0.09527109273008066,0.8618290180833166
25688,LOF,0.031106895602033554,0.08422441124188776,0.8846686931560785
25689,LOF,0.021285851654673824,0.07629207334641112,0.902422074998915
25690,LOF,0.02262600862802949,0.08603072834129286,0.8913432630306778
25691,LOF,0.2330346275476787,0.10887836091211618,0.658087011540205
25692,LOF,0.3055817961062188,0.008942736005926544,0.6854754678878547
25693,LOF,0.09936544357495153,0.16306463290633696,0.7375699235187115
25694,LOF,0.2597908144284781,0.013721019419868906,0.7264881661516529
25695,LOF,0.16489960025524472,0.01819023147533783,0.8169101682694174
25696,LOF,0.18206337678212614,0.008385478146370738,0.8095511450715032
25697,LOF,0.1287106876377551,0.03128095509350487,0.84000835726874
25698,LOF,0.03240163723543957,0.416514431366705,0.5510839313978554
25699,LOF,0.06689215714373566,0.077540673108746,0.8555671697475182
25700,LOF,0.03354416446379061,0.011550061461747498,0.9549057740744619
25701,LOF,0.01823422704814845,0.0719568308911695,0.9098089420606821
25702,GOF,0.03896853744394361,0.7396510445938913,0.22138041796216504
25703,LOF,0.013036605839912355,0.22588428188401152,0.761079112276076
25704,LOF,0.09181824745237231,0.14864882680166946,0.7595329257459582
25705,LOF,0.06210199359846324,0.23324367965487453,0.7046543267466622
25706,GOF,0.05516639739556683,0.590551542402488,0.35428206020194525
25707,GOF,0.030638746940651634,0.5118592276819982,0.45750202537735024
25708,LOF,0.008947637857110767,0.4491528032780466,0.5418995588648425
25709,LOF,0.019639725109736047,0.059912451731674046,0.9204478231585899
25710,LOF,0.008483009639023674,0.15792616536761533,0.833590824993361
25711,LOF,0.021098738265265825,0.11898100952302815,0.859920252211706
25712,LOF,0.00980718220507528,0.22521021631688093,0.7649826014780438
25713,LOF,0.019033027581507028,0.10447574017100886,0.8764912322474842
25714,LOF,0.021695282770204088,0.13130763063708964,0.8469970865927063
25715,LOF,0.019641693106800542,0.1157775691161115,0.864580737777088
25716,LOF,0.010344044621854965,0.11685780026479971,0.8727981551133454
25717,LOF,0.00583368460487114,0.12424386005833654,0.8699224553367924
25718,LOF,0.018234716759816704,0.06948608203055212,0.9122792012096312
25719,LOF,0.036047168875825035,0.0751853165733782,0.8887675145507967
25720,LOF,0.023223321349307893,0.08139096605736136,0.8953857125933309
25721,LOF,0.025356926194495394,0.0912579473323914,0.8833851264731132
25722,LOF,0.01790231679871449,0.11614683440136239,0.8659508487999231
25723,LOF,0.022203759325266737,0.06357248762571463,0.9142237530490186
25724,LOF,0.0356041404353862,0.0933938908156764,0.8710019687489374
25725,LOF,0.023009721527513922,0.05898530585048788,0.9180049726219982
25726,LOF,0.01578403032182619,0.08779070002292068,0.8964252696552532
25727,LOF,0.020093851852108418,0.07677162546006959,0.903134522687822
25728,LOF,0.019217612241557214,0.0898409270064903,0.8909414607519526
25729,LOF,0.01967713136956791,0.09121314639798703,0.8891097222324451
25730,LOF,0.02073490457582631,0.07401051513552892,0.9052545802886447
25731,LOF,0.012690669556914756,0.16291713656154058,0.8243921938815446
25732,LOF,0.019454628726466902,0.0876335635281936,0.8929118077453395
25733,LOF,0.03076624722346193,0.07632846918287879,0.8929052835936593
25734,LOF,0.007784612545344559,0.19850160061554808,0.7937137868391072
25735,LOF,0.023782855180087423,0.06917778696418879,0.9070393578557236
25736,LOF,0.022930255332364365,0.10449116908469697,0.8725785755829386
25737,LOF,0.043191668611501616,0.08795052785426893,0.8688578035342295
25738,LOF,0.022567363935896874,0.12950041128453743,0.8479322247795658
25739,LOF,0.02111782407788622,0.13129876211050429,0.8475834138116095
25740,LOF,0.05893802275436476,0.1249780296940149,0.8160839475516203
25741,LOF,0.02652981353071995,0.10586251997668067,0.8676076664925992
25742,LOF,0.03877013290955254,0.12187105883744467,0.8393588082530028
25743,LOF,0.011416623465934212,0.04906488674744647,0.9395184897866193
25744,GOF,0.13182357443133294,0.48823741879207927,0.3799390067765877
25745,LOF,0.021143724693103372,0.07435791378204287,0.9044983615248539
25746,LOF,0.01100518965840098,0.09247296883276454,0.8965218415088344
25747,LOF,0.03538271501785669,0.04141127675598398,0.9232060082261593
25748,LOF,0.19780109056775153,0.0755357607776369,0.7266631486546116
25749,LOF,0.012933096748844297,0.0575912042165627,0.929475699034593
25750,LOF,0.014664280017924818,0.09145951901412794,0.8938762009679472
25751,LOF,0.038959942383594154,0.08133862849472225,0.8797014291216836
25752,GOF,0.08997112642761514,0.6768447126086102,0.23318416096377453
25753,LOF,0.007164793175159688,0.38811806932936926,0.6047171374954711
25754,GOF,0.005359836709869868,0.8628601908558935,0.13177997243423661
25755,LOF,0.010616286007062214,0.45560240267996066,0.5337813113129771
25756,LOF,0.045142985786390026,0.4630039377698739,0.4918530764437362
25757,GOF,0.0070160040470304535,0.8833547168326923,0.10962927912027735
25758,GOF,0.008407413386385393,0.8612934199454542,0.1302991666681604
25759,GOF,0.005058837433261523,0.5667138716307336,0.42822729093600487
25760,LOF,0.006859784211091095,0.32274044704237037,0.6703997687465385
25761,GOF,0.05137340025205589,0.8384377710056431,0.1101888287423011
25762,LOF,0.026006591139131376,0.3948181176759506,0.5791752911849181
25763,LOF,0.009366566012030508,0.26484527858509677,0.7257881554028727
25764,GOF,0.10521017154129121,0.5842430152486574,0.3105468132100513
25765,GOF,0.008081672863171133,0.8491121194953641,0.14280620764146457
25766,GOF,0.03454915751499692,0.8224560115161921,0.14299483096881105
25767,LOF,0.01848929051938399,0.4464502628822712,0.5350604465983448
25768,LOF,0.03993111697057203,0.06964346320530679,0.8904254198241212
25769,LOF,0.02273706443007081,0.07691957074545212,0.9003433648244771
25770,LOF,0.13698449531626444,0.06882537250830069,0.7941901321754348
25771,LOF,0.015555096654253621,0.07493418426978919,0.9095107190759572
25772,LOF,0.022593667013097174,0.029126454420089563,0.9482798785668133
25773,LOF,0.013667417844533916,0.07856633076447958,0.9077662513909864
25774,LOF,0.024655310511041622,0.09875010963369087,0.8765945798552675
25775,LOF,0.01971147530551821,0.04163122687817796,0.9386572978163039
25776,LOF,0.024324098777237447,0.027268547958800092,0.9484073532639624
25777,LOF,0.1897778846249463,0.07564295887404844,0.7345791565010052
25778,LOF,0.01921714923444008,0.05514476079360635,0.9256380899719536
25779,GOF,0.034779900754199726,0.9006909352754011,0.06452916397039925
25780,GOF,0.060333215057605735,0.8857919438171366,0.0538748411252576
25781,GOF,0.02590287798833651,0.8735006485247134,0.10059647348695011
25782,GOF,0.03058698900775958,0.9076710862604853,0.061741924731755
25783,GOF,0.01779334886356902,0.7554590526666125,0.22674759846981837
25784,GOF,0.09630102088870135,0.861777694562652,0.0419212845486467
25785,GOF,0.06227383332310233,0.8969745965304086,0.04075157014648912
25786,GOF,0.0055216666287978096,0.8551775290983523,0.1393008042728499
25787,GOF,0.15614659679440807,0.8136018826880589,0.03025152051753298
25788,LOF,0.01570520985102917,0.1978569067499455,0.7864378833990253
25789,GOF,0.01929631171868575,0.8610025913169895,0.1197010969643246
25790,GOF,0.02107052812743564,0.8871208224875499,0.0918086493850145
25791,GOF,0.01637749902347342,0.8357141375461129,0.1479083634304136
25792,GOF,0.02491821511340925,0.843004793035286,0.13207699185130473
25793,GOF,0.07373507318654357,0.8362743263052019,0.08999060050825446
25794,GOF,0.052192309783999274,0.8002240475771821,0.14758364263881857
25795,GOF,0.04342168807309425,0.7799304273442145,0.17664788458269132
25796,GOF,0.06759736406557698,0.8204176798711322,0.11198495606329072
25797,GOF,0.036995753386696875,0.701380726086969,0.2616235205263341
25798,GOF,0.003184911619863318,0.6801713253399604,0.3166437630401763
25799,GOF,0.0031201759378785693,0.5669096694586049,0.4299701546035166
25800,GOF,0.012394937260963865,0.7547137315888135,0.23289133115022267
25801,GOF,0.014615851414518209,0.8745436392188743,0.11084050936660751
25802,GOF,0.019809262142272573,0.813404591467555,0.1667861463901726
25803,GOF,0.011857735007470317,0.7230764564529853,0.2650658085395444
25804,GOF,0.013736042579489228,0.6310191947377953,0.3552447626827154
25805,GOF,0.022598049916998424,0.7364850853755803,0.24091686470742119
25806,GOF,0.01941746885964564,0.7810408947698605,0.19954163637049385
25807,GOF,0.005635821170128767,0.7463845594502267,0.24797961937964433
25808,GOF,0.015100841265398101,0.7750943397878264,0.20980481894677558
25809,GOF,0.0064057992758934324,0.7442880523800197,0.2493061483440868
25810,GOF,0.005466774215087229,0.7568659229795188,0.23766730280539408
25811,GOF,0.04772508436041976,0.8682749551623733,0.08399996047720686
25812,GOF,0.015295066947306198,0.7391619780450431,0.24554295500765072
25813,GOF,0.09606555994592099,0.8151341493685489,0.08880029068552997
25814,GOF,0.02470400261108671,0.8185866205165199,0.15670937687239356
25815,GOF,0.04198072772288233,0.8243694185624033,0.13364985371471438
25816,GOF,0.008324318936775611,0.8695784303307499,0.12209725073247457
25817,GOF,0.10200146646939612,0.7760571316233252,0.12194140190727858
25818,GOF,0.02541889955670385,0.8109150318930678,0.1636660685502283
25819,GOF,0.05756863472400473,0.7932336598904277,0.14919770538556754
25820,GOF,0.03235120629840253,0.7838594337359834,0.18378935996561405
25821,GOF,0.019058374110973653,0.7816220273185642,0.19931959857046203
25822,GOF,0.03491577109901871,0.7937581513515417,0.17132607754943968
25823,GOF,0.014695267932555172,0.6657902157198026,0.3195145163476423
25824,GOF,0.023878176524015134,0.761778263723356,0.2143435597526291
25825,GOF,0.015490214002675638,0.7470558960282575,0.23745388996906694
25826,GOF,0.005771030352438304,0.7286399217972905,0.26558904785027115
25827,GOF,0.009534346024747342,0.7004118273229112,0.2900538266523415
25828,GOF,0.006529552352037825,0.6653679185153425,0.32810252913261956
25829,GOF,0.0030246749284361407,0.7314346672883358,0.26554065778322805
25830,GOF,0.03520252521408861,0.5358605885713243,0.42893688621458703
25831,GOF,0.055517164386421874,0.8360704354012487,0.10841240021232941
25832,GOF,0.009001768704612823,0.8160779060771717,0.17492032521821543
25833,GOF,0.031339168604516916,0.8486823130138814,0.11997851838160169
25834,GOF,0.0089197863390586,0.8249237433352006,0.1661564703257408
25835,GOF,0.018862199990155412,0.8655479484558494,0.11558985155399525
25836,GOF,0.006554337417854282,0.8274633201045597,0.16598234247758614
25837,GOF,0.007360507452381341,0.7427983131117001,0.24984117943591858
25838,GOF,0.020201706273833393,0.8767796505752948,0.10301864315087172
25839,GOF,0.04305307069499302,0.8523184358969979,0.1046284934080091
25840,GOF,0.05919832147293969,0.8420680925653176,0.09873358596174277
25841,GOF,0.054699160420613686,0.8511898501675984,0.094110989411788
25842,GOF,0.02589137021670681,0.9014903357653391,0.07261829401795411
25843,GOF,0.02639100292843006,0.9063346734675217,0.0672743236040483
25844,GOF,0.017393249083035543,0.8589037107978561,0.12370304011910829
25845,GOF,0.006050064008044331,0.6962030900949293,0.2977468458970264
25846,GOF,0.04339829749253118,0.8599886784863515,0.09661302402111731
25847,GOF,0.020140066672489,0.9172473525254667,0.06261258080204422
25848,GOF,0.018148059424263393,0.869138161918018,0.11271377865771864
25849,GOF,0.005452719888498105,0.7689539495094718,0.22559333060203005
25850,GOF,0.006688794786134556,0.7791631042611642,0.21414810095270112
25851,GOF,0.005851463348356387,0.6758427982724662,0.3183057383791774
25852,GOF,0.136855037594721,0.62779585577608,0.23534910662919897
25853,GOF,0.06960780719528767,0.8536510423807494,0.07674115042396308
25854,GOF,0.005665496596455647,0.7398524471257168,0.25448205627782744
25855,GOF,0.014942460641250262,0.6683117790123857,0.31674576034636404
25856,GOF,0.03786071560592649,0.7925288373384299,0.16961044705564354
25857,GOF,0.012840664221117605,0.6605177943480388,0.32664154143084356
25858,GOF,0.00770928852171492,0.6812344703027408,0.31105624117554426
25859,GOF,0.005705912679073129,0.6533393600852924,0.3409547272356343
25860,GOF,0.0838459855605537,0.8279382451324351,0.08821576930701133
25861,GOF,0.08711605749802526,0.8216767703922627,0.09120717210971208
25862,GOF,0.021714216147987592,0.8751188290103833,0.10316695484162904
25863,GOF,0.02084228317616436,0.8826691671506842,0.09648854967315139
25864,GOF,0.05456342534120392,0.8743777202649026,0.0710588543938935
25865,GOF,0.0352519379235244,0.8454181477087852,0.11932991436769044
25866,GOF,0.025782325848455256,0.8693862859601487,0.10483138819139619
25867,GOF,0.03066247017471946,0.8854318327928115,0.08390569703246899
25868,GOF,0.05096801824568506,0.8530642648197556,0.09596771693455947
25869,GOF,0.32801085933206375,0.6144953140812665,0.057493826586669725
25870,GOF,0.0651948649727737,0.7252520005813748,0.2095531344458515
25871,GOF,0.011363009920554447,0.8906680794836468,0.09796891059579893
25872,GOF,0.019585417801992265,0.8775532448804573,0.10286133731755046
25873,GOF,0.019255062330352752,0.8974558496200685,0.08328908804957874
25874,LOF,0.01697859403728465,0.22274177736132741,0.760279628601388
25875,LOF,0.0464415600848041,0.04812211835451054,0.9054363215606853
25876,LOF,0.017224126936513543,0.04606397637392504,0.9367118966895615
25877,LOF,0.1225992168480339,0.09025823054049967,0.7871425526114665
25878,LOF,0.06969073132453538,0.12089828679560034,0.8094109818798644
25879,LOF,0.028025590633666535,0.08905840237481287,0.8829160069915206
25880,LOF,0.05570845537417801,0.01558403219007494,0.928707512435747
25881,Neutral,0.5307623576122991,0.06605586441476372,0.40318177797293714
25882,LOF,0.05512514173813833,0.030495486322202465,0.9143793719396592
25883,LOF,0.03039952602915322,0.024958341097034868,0.9446421328738119
25884,LOF,0.028589024934827734,0.042900593671195406,0.9285103813939769
25885,LOF,0.22574939222773657,0.011808944643102195,0.7624416631291612
25886,LOF,0.15234189709969617,0.0607233598829377,0.7869347430173662
25887,LOF,0.20784190128368366,0.06290468601933819,0.7292534126969782
25888,LOF,0.012602766243854095,0.13640796672355002,0.8509892670325958
25889,LOF,0.03356883122659486,0.030792556427668708,0.9356386123457365
25890,LOF,0.12163499181383891,0.11868387434327357,0.7596811338428876
25891,LOF,0.0895321578227364,0.02400095628271129,0.8864668858945522
25892,LOF,0.009513891808223828,0.0326360496311732,0.957850058560603
25893,LOF,0.3970731976556716,0.009315114802830487,0.593611687541498
25894,LOF,0.4572375290437729,0.005481555638509707,0.5372809153177174
25895,LOF,0.3504690987505415,0.011498063060559473,0.6380328381888991
25896,LOF,0.06905813615720534,0.017361067655715337,0.9135807961870792
25897,LOF,0.18820811143374003,0.010269683906262093,0.8015222046599979
25898,LOF,0.16659691157376624,0.029314296570276406,0.8040887918559574
25899,LOF,0.3398174139771804,0.019230000444783173,0.6409525855780365
25900,LOF,0.4527321321773073,0.008294469917430375,0.5389733979052622
25901,LOF,0.06650282171021576,0.008228732868710384,0.9252684454210739
25902,LOF,0.16928813433786252,0.009086362523493282,0.8216255031386442
25903,LOF,0.4321442559373,0.025903093676912414,0.5419526503857875
25904,LOF,0.4787004784209736,0.025305593104936748,0.4959939284740896
25905,LOF,0.003989027324280988,0.47246745434508214,0.5235435183306368
25906,LOF,0.009004113958963857,0.1213355937241278,0.8696602923169083
25907,LOF,0.004173908011296843,0.3617044446997197,0.6341216472889835
25908,LOF,0.004237257797345692,0.27860535884757864,0.7171573833550757
25909,LOF,0.02375513213736034,0.16392797937277526,0.8123168884898644
25910,LOF,0.010754121430809479,0.11732942348972246,0.8719164550794681
25911,LOF,0.33964466213572664,0.04492534318200477,0.6154299946822686
25912,LOF,0.06966405561786453,0.06191778132208736,0.868418163060048
25913,LOF,0.04492201424832791,0.0638045893813913,0.8912733963702809
25914,LOF,0.03915975778049945,0.04347251765824778,0.9173677245612528
25915,LOF,0.16082563742249656,0.20555031893950115,0.6336240436380023
25916,LOF,0.03165681088460779,0.13137932748989084,0.8369638616255014
25917,LOF,0.07317892339355121,0.04049295390292946,0.8863281227035193
25918,LOF,0.04073980993751238,0.02599670256417775,0.9332634874983099
25919,LOF,0.0364438739717692,0.025771236228331267,0.9377848897998995
25920,LOF,0.15678972611144149,0.19343506913379635,0.6497752047547622
25921,LOF,0.01662812692577451,0.039277867615111435,0.944094005459114
25922,LOF,0.017552246401913052,0.03303258198945238,0.9494151716086346
25923,LOF,0.45756959237370814,0.03389772946518452,0.5085326781611074
25924,LOF,0.024326893180231523,0.054306489612074654,0.9213666172076937
25925,LOF,0.08506566663461254,0.04845015829868016,0.8664841750667073
25926,LOF,0.06356234773527067,0.049082454073602025,0.8873551981911273
25927,LOF,0.024021487362422905,0.07637475856636627,0.8996037540712108
25928,LOF,0.010574207770241676,0.06051951391180733,0.9289062783179509
25929,Neutral,0.5399126305250765,0.03268376351485216,0.42740360596007115
25930,LOF,0.0744815760501368,0.03199963482445358,0.8935187891254096
25931,LOF,0.014228581522872851,0.0379704307379444,0.9478009877391828
25932,LOF,0.06257315766552304,0.03020954045019437,0.9072173018842826
25933,LOF,0.05594135863423063,0.0210237548222246,0.9230348865435447
25934,LOF,0.05508995172433579,0.019852768596164395,0.9250572796794998
25935,LOF,0.07462032941697402,0.059694864642437964,0.8656848059405879
25936,LOF,0.08772486061263984,0.02187393404849846,0.8904012053388617
25937,LOF,0.013695497227057258,0.03730779609471987,0.9489967066782228
25938,LOF,0.07070677824940097,0.05745433684957941,0.8718388849010196
25939,LOF,0.04406965841044291,0.0264632773015473,0.9294670642880097
25940,LOF,0.010012489842465971,0.35332145697892603,0.636666053178608
25941,Neutral,0.5135532167668545,0.03981787452087408,0.44662890871227146
25942,LOF,0.008645305871509527,0.058772128042160324,0.9325825660863302
25943,LOF,0.04921337806962097,0.18124871343754254,0.7695379084928364
25944,LOF,0.0705362945135185,0.09113575162155892,0.8383279538649225
25945,LOF,0.11489982003468166,0.02223168276067453,0.8628684972046438
25946,LOF,0.07048101034980526,0.041267434160375385,0.8882515554898194
25947,Neutral,0.4593796993547168,0.09813047186165015,0.44248982878363313
25948,LOF,0.4565289956367035,0.013265776282122096,0.5302052280811744
25949,LOF,0.13867240691715954,0.0646021370918992,0.7967254559909412
25950,GOF,0.07298317743112585,0.6457641004288418,0.28125272214003244
25951,LOF,0.013063352962955044,0.4436670229660057,0.5432696240710392
25952,LOF,0.2934569317985078,0.2716140213301029,0.4349290468713893
25953,LOF,0.007400263010088401,0.18664928487873308,0.8059504521111786
25954,GOF,0.10199395190282404,0.4596451278060677,0.43836092029110824
25955,LOF,0.007532936291293423,0.16187534415130533,0.8305917195574012
25956,LOF,0.018409794967104102,0.25161742338478027,0.7299727816481155
25957,LOF,0.22775165481280135,0.032349809164543976,0.7398985360226545
25958,LOF,0.03366309084180556,0.037281824240376966,0.9290550849178175
25959,GOF,0.014494761228479655,0.5323502336248545,0.45315500514666596
25960,LOF,0.006634950185168812,0.05573673659801253,0.9376283132168186
25961,LOF,0.03164317774550624,0.035340110838590594,0.9330167114159031
25962,LOF,0.03822884687489022,0.058801246519747934,0.9029699066053619
25963,LOF,0.004979674800425816,0.18221413974589373,0.8128061854536806
25964,LOF,0.027727375585793666,0.11124808496001772,0.8610245394541887
25965,LOF,0.24797125413111756,0.11434235932218141,0.6376863865467011
25966,Neutral,0.4647721291161024,0.14593977756029916,0.3892880933235984
25967,LOF,0.00952223803194441,0.07966995985751509,0.9108078021105405
25968,LOF,0.04802276815492111,0.2322290989440093,0.7197481329010696
25969,LOF,0.1281184343387391,0.05604614755103362,0.8158354181102273
25970,LOF,0.020152296691539593,0.09474221118350519,0.8851054921249552
25971,LOF,0.08539273724997856,0.031593963412187,0.8830132993378345
25972,LOF,0.06490907851000523,0.04764558823372649,0.8874453332562684
25973,LOF,0.06675813645285435,0.010349339867061474,0.9228925236800842
25974,LOF,0.05271249730673863,0.03790798713268289,0.9093795155605784
25975,LOF,0.04805371449028968,0.020137734180596615,0.9318085513291138
25976,LOF,0.09641216767344966,0.011063284239510328,0.8925245480870401
25977,LOF,0.1829078081972539,0.08395995829282855,0.7331322335099175
25978,LOF,0.18399475934963475,0.11967963668851694,0.6963256039618483
25979,LOF,0.15106666950007114,0.13193556726365935,0.7169977632362695
25980,LOF,0.265783427175389,0.17640162833701403,0.5578149444875969
25981,LOF,0.26677141267915283,0.1781883878799868,0.5550401994408604
25982,Neutral,0.47942147440109867,0.09290999640554058,0.4276685291933607
25983,Neutral,0.5060246871484085,0.10670724538650803,0.3872680674650834
25984,LOF,0.036920497701895184,0.08956072663053741,0.8735187756675673
25985,LOF,0.4255943139790419,0.12606819961895993,0.4483374864019982
25986,LOF,0.01378203930971167,0.38374351410128305,0.6024744465890053
25987,LOF,0.05078571105709418,0.10264616492952428,0.8465681240133816
25988,LOF,0.038637620464251725,0.15492530633258572,0.8064370732031626
25989,LOF,0.036211945283392645,0.19034051800941232,0.773447536707195
25990,LOF,0.03807629249942624,0.29167990525396503,0.6702438022466087
25991,LOF,0.026742765165349257,0.41830842762065473,0.5549488072139961
25992,LOF,0.025148257916016707,0.407224044904167,0.5676276971798162
25993,LOF,0.029214071745135472,0.0772387937344795,0.8935471345203851
25994,LOF,0.02354842919013824,0.07834099960663393,0.8981105712032278
25995,LOF,0.021271042419891726,0.13383168489568134,0.8448972726844268
25996,Neutral,0.34814523128138897,0.3190199512325246,0.33283481748608645
25997,LOF,0.06654723422728293,0.3809115875581439,0.552541178214573
25998,LOF,0.23329465363872898,0.05164028036687932,0.7150650659943917
25999,LOF,0.0278551315164777,0.1689221874572625,0.8032226810262597
26000,LOF,0.18476857761948526,0.04007102740352119,0.7751603949769936
26001,LOF,0.26222264925895805,0.04789039030701602,0.689886960434026
26002,LOF,0.12340917018895145,0.062231997368186284,0.8143588324428622
26003,GOF,0.005435682495130007,0.6475154469908093,0.34704887051406075
26004,GOF,0.008059264888500442,0.6814731828424921,0.3104675522690074
26005,GOF,0.003919578783852931,0.5047829123980375,0.49129750881810946
26006,GOF,0.1055039656995775,0.5767933746652394,0.31770265963518307
26007,GOF,0.0077380791285487065,0.5457135531429747,0.4465483677284767
26008,GOF,0.006100029536827908,0.668304693147791,0.32559527731538124
26009,GOF,0.0073637642190267135,0.6886027936607544,0.3040334421202188
26010,GOF,0.00899313958159465,0.6532511828579721,0.3377556775604332
26011,LOF,0.0033844094171163433,0.4807226646392292,0.5158929259436544
26012,GOF,0.004900997320011556,0.5519264642393306,0.4431725384406579
26013,GOF,0.0070790744633972315,0.5979082667861295,0.39501265875047326
26014,LOF,0.05854566505983294,0.1283901711123018,0.8130641638278652
26015,LOF,0.422854776637344,0.027125378549335496,0.5500198448133204
26016,LOF,0.31965934266348917,0.0489680215434924,0.6313726357930184
26017,LOF,0.023277844949175657,0.24927122754848105,0.7274509275023434
26018,LOF,0.027778619772596835,0.060451569862906444,0.9117698103644967
26019,LOF,0.027790895735278626,0.05182889077784341,0.920380213486878
26020,LOF,0.010473535267555205,0.21493859405367644,0.7745878706787684
26021,LOF,0.07755776692867905,0.07479987438269489,0.8476423586886259
26022,LOF,0.04381193644597969,0.031121406607262717,0.9250666569467576
26023,LOF,0.031874542437854855,0.03819063213675373,0.9299348254253914
26024,LOF,0.05002099279271687,0.0752466184525644,0.8747323887547187
26025,LOF,0.06892086885983552,0.09694764575003102,0.8341314853901336
26026,LOF,0.11741279971004102,0.07508863591489867,0.8074985643750604
26027,LOF,0.027341567474561606,0.02962965034346675,0.9430287821819716
26028,LOF,0.1176028690870404,0.14357235715366948,0.7388247737592901
26029,LOF,0.016751542404651484,0.20289579269069785,0.7803526649046507
26030,LOF,0.16466381051389967,0.02376380150126866,0.8115723879848317
26031,LOF,0.009029979046533807,0.1663443746821869,0.8246256462712793
26032,LOF,0.042231263407202756,0.05426462447540605,0.9035041121173912
26033,LOF,0.06632608790715966,0.049347828700228455,0.884326083392612
26034,LOF,0.011988199507002128,0.14830171205600265,0.8397100884369952
26035,LOF,0.010236904365831311,0.11425162182516777,0.8755114738090009
26036,LOF,0.010545489978039172,0.12778906305480936,0.8616654469671514
26037,LOF,0.00899830172178767,0.102507507302013,0.8884941909761994
26038,LOF,0.034719256909295886,0.04881729615609471,0.9164634469346093
26039,LOF,0.02374300447385759,0.12732789168271041,0.848929103843432
26040,LOF,0.10212315424649714,0.12370738273394125,0.7741694630195617
26041,LOF,0.011943557213894918,0.08644502275725437,0.9016114200288509
26042,LOF,0.010584191558332305,0.09894753490092338,0.8904682735407443
26043,LOF,0.03460163250581333,0.06780241954630245,0.8975959479478842
26044,LOF,0.013217481436588662,0.047243638354651826,0.9395388802087595
26045,LOF,0.06275818122315285,0.11562588823013241,0.8216159305467148
26046,LOF,0.02948546801566342,0.05149434416338941,0.9190201878209471
26047,LOF,0.04889486338663067,0.054454236307039904,0.8966509003063294
26048,LOF,0.0824325360085213,0.02455522229118782,0.8930122417002908
26049,Neutral,0.9492778416577453,0.007011012985076315,0.04371114535717845
26050,Neutral,0.9245995107881975,0.007602919648543772,0.06779756956325872
26051,LOF,0.017197356150653577,0.09383735135918315,0.8889652924901632
26052,LOF,0.03588672385623647,0.11466309402857561,0.8494501821151879
26053,LOF,0.031060978622283724,0.16261239294556354,0.8063266284321526
26054,LOF,0.04398119809117122,0.027972494883046626,0.9280463070257822
26055,LOF,0.06089450526219044,0.02354823353065959,0.91555726120715
26056,LOF,0.05027353403885703,0.030419062457699018,0.919307403503444
26057,LOF,0.058548089893941516,0.01498629054892474,0.9264656195571337
26058,LOF,0.06264233248645149,0.011982273177654141,0.9253753943358943
26059,LOF,0.19724589158119066,0.028992425807839787,0.7737616826109696
26060,LOF,0.0171864092023769,0.17029410220070057,0.8125194885969226
26061,LOF,0.012869869375462528,0.010854053387576272,0.9762760772369613
26062,LOF,0.00672215750665661,0.018432803660675928,0.9748450388326675
26063,LOF,0.040227989149644115,0.010976126238411769,0.9487958846119442
26064,LOF,0.010744063592900886,0.02286831654832841,0.9663876198587706
26065,LOF,0.04721601216543625,0.01359139813473681,0.939192589699827
26066,LOF,0.0442885408334159,0.010278198394918768,0.9454332607716653
26067,LOF,0.05507543548621581,0.009710779950754738,0.9352137845630295
26068,LOF,0.05175696417990632,0.04629744141853266,0.9019455944015611
26069,LOF,0.15400580270502903,0.027940703994481748,0.8180534933004892
26070,LOF,0.33048624789668785,0.022073187172644476,0.6474405649306676
26071,LOF,0.04556556981767756,0.011840149354631804,0.9425942808276906
26072,LOF,0.010910256984979145,0.022928593376669863,0.966161149638351
26073,LOF,0.03958925444102327,0.014453605357536968,0.9459571402014398
26074,Neutral,0.918666325323849,0.008728524305902192,0.07260515037024878
26075,LOF,0.05242975934397891,0.021567233706788324,0.9260030069492327
26076,LOF,0.057635698888514414,0.011893132817697289,0.9304711682937883
26077,LOF,0.18002464703490093,0.007061578465529638,0.8129137744995695
26078,LOF,0.008740133911707977,0.014737717839310816,0.9765221482489812
26079,LOF,0.06529968795866699,0.023503732918089146,0.9111965791232438
26080,LOF,0.06458658448450078,0.023553549316102748,0.9118598661993965
26081,LOF,0.034722122660549505,0.009119066952751363,0.9561588103866993
26082,LOF,0.007600917550546903,0.013980915096151215,0.9784181673533018
26083,LOF,0.10056842645185093,0.02084662215420458,0.8785849513939444
26084,LOF,0.10718926651245282,0.014661951958339813,0.8781487815292074
26085,LOF,0.09713306896828684,0.012481536732552813,0.8903853942991604
26086,LOF,0.040158461620958215,0.012301724975882264,0.9475398134031596
26087,LOF,0.03737600165249786,0.01068268659420586,0.9519413117532962
26088,LOF,0.009502523346509813,0.017846904715671477,0.9726505719378187
26089,LOF,0.04328522683883911,0.03770416963276049,0.9190106035284005
26090,LOF,0.04405106987939226,0.029228030189728853,0.9267208999308789
26091,LOF,0.03201993616972241,0.00771265168195348,0.9602674121483242
26092,LOF,0.04336351337216089,0.008334589970400189,0.9483018966574389
26093,LOF,0.07855809532515012,0.006239208026229963,0.91520269664862
26094,LOF,0.0353355483430152,0.007438102185659461,0.9572263494713252
26095,LOF,0.03756949371613516,0.017847363814639396,0.9445831424692255
26096,LOF,0.23521043091656663,0.005039289089745257,0.7597502799936882
26097,LOF,0.008476734212091344,0.02949565336391438,0.9620276124239943
26098,LOF,0.08364304058259112,0.019358172951782344,0.8969987864656266
26099,LOF,0.04304077588214926,0.014877250932763026,0.9420819731850876
26100,LOF,0.04301478607893746,0.014877654980097889,0.9421075589409648
26101,LOF,0.05870044463815772,0.029420774259204616,0.9118787811026375
26102,LOF,0.03606495101773597,0.016642984755443516,0.9472920642268206
26103,Neutral,0.8738654601405118,0.027519409726578656,0.09861513013290964
26104,LOF,0.0594413345403845,0.04131321618754818,0.8992454492720672
26105,LOF,0.25154748178053604,0.16245963811037237,0.5859928801090916
26106,LOF,0.31176775699456605,0.12335195545415162,0.5648802875512824
26107,LOF,0.020965216031204756,0.08835087763660594,0.8906839063321893
26108,LOF,0.260496380941461,0.04668472004907942,0.6928188990094597
26109,LOF,0.0932541126638804,0.03852409298245016,0.8682217943536693
26110,LOF,0.46410996624674905,0.008694812351299576,0.5271952214019514
26111,LOF,0.04371514777771688,0.15001925486936063,0.8062655973529225
26112,LOF,0.05454918336826497,0.010208105429762745,0.9352427112019723
26113,LOF,0.10528154632580018,0.02547434085443627,0.8692441128197635
26114,LOF,0.09520946366019332,0.006310337641008613,0.898480198698798
26115,LOF,0.01275713583350336,0.046130089752959846,0.9411127744135369
26116,LOF,0.06647224468377706,0.018337325439495157,0.9151904298767278
26117,LOF,0.39604831694266235,0.03455394090677575,0.5693977421505618
26118,LOF,0.050233286043889165,0.015912851985140728,0.9338538619709701
26119,LOF,0.006434915942571741,0.03401393562823191,0.9595511484291964
26120,LOF,0.03592673115142757,0.015215647888378632,0.9488576209601938
26121,LOF,0.004572709802168082,0.11742735043780397,0.877999939760028
