feature0,prediction,LoGoFunc_Neutral,LoGoFunc_GOF,LoGoFunc_LOF
25546,Neutral,0.6664799835712677,0.035444507705250795,0.29807550872348154
25547,Neutral,0.5749067778740323,0.09297115446779608,0.3321220676581714
25548,Neutral,0.5338451848667068,0.06253874896326322,0.40361606617003
25549,Neutral,0.506231170473411,0.06926901783863366,0.4244998116879553
25550,Neutral,0.6287324338179715,0.029296064784455497,0.34197150139757304
25551,Neutral,0.6568649271974492,0.03141379903834102,0.3117212737642099
25552,LOF,0.3585397764374884,0.06155162755688865,0.5799085960056231
25553,Neutral,0.5482170384804442,0.028320736107764175,0.4234622254117917
25554,LOF,0.4180451128980212,0.06717123775967926,0.5147836493422996
25555,LOF,0.3210166606252243,0.06148277372106691,0.6175005656537087
25556,LOF,0.42057186266274665,0.06299655902414732,0.516431578313106
25557,LOF,0.31679484811179914,0.0701664070225906,0.6130387448656103
25558,LOF,0.4081191626235604,0.0696339337527879,0.5222469036236518
25559,LOF,0.23142836355488391,0.09629687805015871,0.6722747583949574
25560,LOF,0.037064056829005716,0.20620447076558587,0.7567314724054085
25561,LOF,0.11240727083211159,0.21920707076792037,0.668385658399968
25562,LOF,0.10188585501018423,0.04926902911369545,0.8488451158761204
25563,LOF,0.1494174584145074,0.07764846219422891,0.7729340793912637
25564,LOF,0.06377590827536786,0.09325128635431276,0.8429728053703194
25565,LOF,0.1322504063959829,0.29525979703438765,0.5724897965696294
25566,GOF,0.03523647075753925,0.5895868104716763,0.37517671877078457
25567,LOF,0.019292804583985555,0.06171789986728783,0.9189892955487267
25568,LOF,0.11673910767814373,0.04442007325773878,0.8388408190641176
25569,LOF,0.2967388317566609,0.00946852032887141,0.6937926479144677
25570,LOF,0.08512641795648962,0.06970935813691678,0.8451642239065936
25571,LOF,0.09712690159995435,0.04875999490390481,0.8541131034961409
25572,LOF,0.08422627409208343,0.06160687887462195,0.8541668470332947
25573,LOF,0.040151727067829886,0.04552808258960492,0.9143201903425652
25574,LOF,0.01459447084365262,0.13395863481882375,0.8514468943375237
25575,LOF,0.0915704386071556,0.029330881030551054,0.8790986803622934
25576,LOF,0.028944287750048907,0.021663043149164347,0.9493926691007868
25577,LOF,0.020278302365557454,0.032507093649064726,0.9472146039853778
25578,LOF,0.34350378184286984,0.0899775868177296,0.5665186313394005
25579,LOF,0.12342654839758298,0.0874773076070352,0.7890961439953817
25580,LOF,0.057465959123682214,0.01807331389446436,0.9244607269818534
25581,LOF,0.11007342599722168,0.053867488326526804,0.8360590856762515
25582,LOF,0.10925444647093585,0.033518185586938275,0.857227367942126
25583,LOF,0.06766795330827442,0.016907174607576955,0.9154248720841487
25584,Neutral,0.5270305112472822,0.03188871475318995,0.4410807739995279
25585,LOF,0.023153158142218126,0.0226538088350605,0.9541930330227213
25586,LOF,0.05525349717466863,0.034653987758661395,0.91009251506667
25587,LOF,0.04405749255980246,0.02708734859778782,0.9288551588424097
25588,LOF,0.04993721069837567,0.03526500974059826,0.914797779561026
25589,Neutral,0.7695355888974569,0.059315574165684455,0.17114883693685876
25590,LOF,0.04099022110726069,0.0532878342928275,0.9057219445999118
25591,LOF,0.13733692524119184,0.02737160355460108,0.835291471204207
25592,LOF,0.22872645695327162,0.09559096069538972,0.6756825823513386
25593,LOF,0.02068992064068186,0.27870647519517217,0.700603604164146
25594,LOF,0.06684560675044893,0.12453073027048064,0.8086236629790704
25595,LOF,0.053963329153392844,0.23066308424331208,0.7153735866032952
25596,LOF,0.12262157691107267,0.09263675242325706,0.7847416706656702
25597,LOF,0.11039250792732136,0.06081229883828701,0.8287951932343917
25598,LOF,0.16052165596626955,0.10028160342256777,0.7391967406111627
25599,LOF,0.014524924686282846,0.23931438611165617,0.7461606892020609
25600,LOF,0.017253694399208108,0.23989117400394258,0.7428551315968492
25601,LOF,0.010494668087852129,0.15760863765429595,0.831896694257852
25602,LOF,0.039523473798196755,0.08424671610096887,0.8762298101008344
25603,LOF,0.040983376442538605,0.09806819029451758,0.8609484332629439
25604,LOF,0.02893415336525563,0.12614976316356352,0.8449160834711809
25605,LOF,0.013432155636193257,0.3381191557286045,0.6484486886352022
25606,LOF,0.0901435693898889,0.4489662945136769,0.46089013609643414
25607,LOF,0.003182384502766418,0.17112652787250354,0.82569108762473
25608,LOF,0.02716837999235136,0.055020327284221654,0.917811292723427
25609,LOF,0.12022473433285123,0.16352269668290864,0.7162525689842401
25610,LOF,0.04144239246044595,0.09662845773203152,0.8619291498075224
25611,LOF,0.06120779085628323,0.07574230365968371,0.8630499054840332
25612,LOF,0.14746996032049994,0.0418658551231809,0.8106641845563191
25613,LOF,0.05157964523367822,0.09581865651376377,0.8526016982525579
25614,LOF,0.0334926578693134,0.1452735157192589,0.8212338264114278
25615,LOF,0.040710609361802534,0.09480000213474393,0.8644893885034535
25616,LOF,0.02528626210042964,0.16082495289875184,0.8138887850008185
25617,LOF,0.051239291012220516,0.11196327436337139,0.8367974346244081
25618,LOF,0.1050776348837839,0.4280022237036679,0.46692014141254806
25619,LOF,0.04552388553771753,0.10130750862948622,0.8531686058327963
25620,LOF,0.03608100613010129,0.126667595930137,0.8372513979397618
25621,LOF,0.04868251857352698,0.09747975621731554,0.8538377252091576
25622,LOF,0.03321750503799822,0.15061975606485978,0.8161627388971421
25623,LOF,0.056908448277761974,0.1194453512918406,0.8236462004303974
25624,LOF,0.03328774148525935,0.17215485494055888,0.7945574035741817
25625,LOF,0.038297954218620464,0.1146885011700175,0.847013544611362
25626,LOF,0.14333109517765324,0.04665386801037254,0.8100150368119742
25627,Neutral,0.4486961115147023,0.13504995812605247,0.4162539303592453
25628,LOF,0.15171936268844471,0.0394949111852474,0.8087857261263078
25629,LOF,0.17578136581669254,0.025723940314179173,0.7984946938691283
25630,LOF,0.0974643512732829,0.06050704541555417,0.8420286033111628
25631,Neutral,0.5130731797708348,0.10134954861207406,0.3855772716170911
25632,LOF,0.011475975923348265,0.06559461612030194,0.9229294079563497
25633,LOF,0.31864588738968785,0.22451592642279816,0.45683818618751393
25634,LOF,0.08885316940503084,0.10099521510354909,0.81015161549142
25635,LOF,0.04132340025429877,0.07966086855219404,0.8790157311935072
25636,GOF,0.004494440076706345,0.5568860313759476,0.4386195285473461
25637,LOF,0.005314382857609112,0.2832727849515719,0.711412832190819
25638,LOF,0.007064321462784346,0.3327102101860579,0.6602254683511577
25639,LOF,0.006120682213280108,0.25133445755327233,0.7425448602334475
25640,Neutral,0.5442148232051885,0.3407750674333138,0.11501010936149757
25641,LOF,0.009311033857104368,0.14162681944388333,0.8490621466990123
25642,LOF,0.24396581198171252,0.038324119728591455,0.7177100682896961
25643,LOF,0.3816419766345344,0.015131802034621795,0.6032262213308439
25644,LOF,0.012499365438208513,0.31948213452674434,0.6680185000350471
25645,LOF,0.010874276086508455,0.4020662874512775,0.587059436462214
25646,LOF,0.011028060705343255,0.28372329583024003,0.7052486434644166
25647,LOF,0.01259989151357832,0.25138278681052734,0.7360173216758943
25648,LOF,0.00878213757298715,0.3290081659272704,0.6622096964997424
25649,LOF,0.00871047449860621,0.19660165705033517,0.7946878684510588
25650,LOF,0.03610779665647875,0.3599613185928793,0.6039308847506419
25651,LOF,0.007920676000966933,0.2202529456999874,0.7718263782990457
25652,LOF,0.01435770906196792,0.3033965818163812,0.6822457091216508
25653,GOF,0.07665686391815675,0.5008309095170915,0.4225122265647517
25654,LOF,0.009561170583796704,0.41559247047158016,0.5748463589446231
25655,GOF,0.08051166834085362,0.4930436301451717,0.42644470151397457
25656,LOF,0.0683193211155167,0.42037092816406035,0.511309750720423
25657,LOF,0.2686621619149716,0.03863937885771031,0.6926984592273181
25658,LOF,0.02244317038817055,0.2875207129112531,0.6900361167005765
25659,LOF,0.15740916341042563,0.2076627269288662,0.6349281096607082
25660,LOF,0.10368660361002349,0.11131297397986283,0.7850004224101136
25661,LOF,0.0759418973670237,0.08023340751674662,0.8438246951162297
25662,LOF,0.05118026787690404,0.0736821317698811,0.8751376003532148
25663,LOF,0.049662298066994806,0.0919111831728981,0.858426518760107
25664,LOF,0.04122551773123672,0.17191406940048837,0.7868604128682749
25665,LOF,0.07846576015611091,0.10221196597913454,0.8193222738647546
25666,LOF,0.061788128867110145,0.2320927682422622,0.7061191028906277
25667,LOF,0.04524539168482083,0.03342840529349421,0.921326203021685
25668,LOF,0.04514293550188638,0.053288982683775125,0.9015680818143385
25669,LOF,0.03684647230073196,0.10933135623638136,0.8538221714628867
25670,LOF,0.06309144640830129,0.07801646339986974,0.858892090191829
25671,LOF,0.06646987501984288,0.06808193734423289,0.8654481876359242
25672,LOF,0.08329140571896029,0.05587678754092366,0.8608318067401161
25673,LOF,0.06607463781799566,0.0782079016688917,0.8557174605131126
25674,LOF,0.03797271118084787,0.11843972348556425,0.8435875653335879
25675,LOF,0.06863945042230749,0.04766169320607589,0.8836988563716167
25676,LOF,0.04559369584603427,0.09789563388312682,0.8565106702708389
25677,LOF,0.07934161170270929,0.057445003242473494,0.8632133850548172
25678,LOF,0.3310703348405823,0.06276349799888319,0.6061661671605344
25679,LOF,0.16583113047220377,0.10411315755329144,0.7300557119745048
25680,LOF,0.10801002375544928,0.1344966311422787,0.757493345102272
25681,LOF,0.12169612145607815,0.13223845996510614,0.7460654185788156
25682,LOF,0.05967549930635984,0.07960926832231485,0.8607152323713253
25683,LOF,0.13648031730803128,0.09366260971520297,0.7698570729767658
25684,LOF,0.09078001705909079,0.12618700707099245,0.7830329758699167
25685,LOF,0.11125998392719876,0.048640098210067186,0.840099917862734
25686,LOF,0.022457155901710796,0.2167300911948144,0.7608127529034748
25687,LOF,0.037831073836318875,0.21541734485699618,0.746751581306685
25688,LOF,0.015355137685938219,0.42044717813452226,0.5641976841795396
25689,LOF,0.011250031543520812,0.2573789513873816,0.7313710170690976
25690,LOF,0.010813321339084166,0.4885129142332361,0.5006737644276797
25691,GOF,0.06466617946821483,0.6883145500156547,0.24701927051613048
25692,LOF,0.12720338080236085,0.04986915494575541,0.8229274642518838
25693,LOF,0.029661186657919877,0.4203126703685636,0.5500261429735165
25694,LOF,0.20092146475575598,0.036259532880995066,0.762819002363249
25695,LOF,0.16655149738771124,0.054244830296975195,0.7792036723153136
25696,LOF,0.15686133016403603,0.04587528335919263,0.7972633864767713
25697,LOF,0.16836763791978301,0.030775784508222947,0.800856577571994
25698,LOF,0.01403991563101044,0.47137317708104043,0.5145869072879491
25699,LOF,0.07122739477282687,0.18567876787002396,0.7430938373571492
25700,LOF,0.06979397385389824,0.027776200354463633,0.9024298257916381
25701,LOF,0.012587655040481389,0.2664671268449017,0.720945218114617
25702,GOF,0.028039239810117765,0.5116219071927673,0.460338852997115
25703,LOF,0.01790905963117078,0.08361598959156016,0.898474950777269
25704,LOF,0.0663758324809528,0.10947347967701782,0.8241506878420293
25705,LOF,0.10456870652755981,0.2113232359767661,0.684108057495674
25706,GOF,0.02037576444226874,0.7298392616831256,0.24978497387460563
25707,GOF,0.01857282997814471,0.6609059793627619,0.3205211906590934
25708,GOF,0.0076530866743667065,0.710849125924915,0.2814977874007184
25709,LOF,0.04784932386238506,0.11455023191687404,0.8376004442207409
25710,LOF,0.011761891470813154,0.20275677243362222,0.7854813360955647
25711,LOF,0.05070411868553805,0.12841515764712944,0.8208807236673326
25712,LOF,0.019232660919175113,0.16251325550696014,0.8182540835738646
25713,LOF,0.04239956956152745,0.1410273612140655,0.8165730692244071
25714,LOF,0.03692664562996721,0.3047422713115712,0.6583310830584614
25715,LOF,0.040015342822521616,0.1950525805615522,0.7649320766159262
25716,LOF,0.010820125000665887,0.09557118248515495,0.8936086925141791
25717,LOF,0.009296344975306677,0.07161448711225145,0.9190891679124418
25718,LOF,0.04580730433831476,0.07001363289673375,0.8841790627649515
25719,LOF,0.04507260561902889,0.13603439387164146,0.8188930005093297
25720,LOF,0.04122004377251206,0.18150873505669338,0.7772712211707945
25721,LOF,0.04769106509322911,0.09582222051418006,0.8564867143925909
25722,LOF,0.0419272522898563,0.12933692828089774,0.828735819429246
25723,LOF,0.05585107403058518,0.17670088787948846,0.7674480380899265
25724,GOF,0.06214551406880142,0.48970348472614755,0.4481510012050511
25725,LOF,0.07447399771564109,0.14490733116074708,0.7806186711236118
25726,LOF,0.0452002001940992,0.14661303408752024,0.8081867657183806
25727,LOF,0.06306622861167696,0.10645340975590648,0.8304803616324165
25728,LOF,0.036348637742213495,0.23433154426504058,0.7293198179927459
25729,LOF,0.04151818661996858,0.2249783039253789,0.7335035094546525
25730,LOF,0.05197994460421697,0.1637026290243763,0.7843174263714068
25731,LOF,0.013643939175893571,0.12592264123843414,0.8604334195856724
25732,LOF,0.032075659962457335,0.10154282890259278,0.86638151113495
25733,LOF,0.04035735591680901,0.27200898970449006,0.6876336543787009
25734,LOF,0.009224536187518256,0.21474447054060533,0.7760309932718764
25735,LOF,0.038408228651585184,0.12820739527605654,0.8333843760723583
25736,LOF,0.03864577907606436,0.19817765914889124,0.7631765617750444
25737,LOF,0.062094245148907025,0.12874579356267055,0.8091599612884224
25738,LOF,0.06074440276143214,0.22112038919004484,0.718135208048523
25739,LOF,0.04095217156971594,0.16901889096632325,0.7900289374639609
25740,LOF,0.06118164306121503,0.17174549831689492,0.76707285862189
25741,LOF,0.060675256555246394,0.157319775634965,0.7820049678097886
25742,LOF,0.06939552945295704,0.18066984194901514,0.7499346285980278
25743,LOF,0.014273993764603575,0.030813255765151832,0.9549127504702446
25744,LOF,0.10536066245573747,0.27723765259349,0.6174016849507725
25745,LOF,0.023413457776897604,0.3084478108099031,0.6681387314131993
25746,LOF,0.012614596580719008,0.29749768336218824,0.6898877200570928
25747,LOF,0.04345753268467155,0.062123468289042236,0.8944189990262862
25748,LOF,0.096622922653484,0.28805892411322076,0.6153181532332953
25749,LOF,0.012144852841901749,0.31415802120778824,0.67369712595031
25750,LOF,0.012593647501883468,0.40422984567597586,0.5831765068221406
25751,LOF,0.027353301541261272,0.19557887715114985,0.7770678213075889
25752,GOF,0.10353807749021823,0.6265889831719998,0.26987293933778195
25753,LOF,0.011950509852036889,0.2583741552929179,0.7296753348550452
25754,GOF,0.012575545341001505,0.8891577606031896,0.09826669405580889
25755,LOF,0.009999651408551864,0.2646908018808373,0.7253095467106109
25756,LOF,0.04102103401963901,0.37162574309531965,0.5873532228850414
25757,GOF,0.010526967389856342,0.8172439840663012,0.17222904854384258
25758,GOF,0.012777494317306865,0.8566245017213767,0.13059800396131646
25759,GOF,0.006529866152950249,0.7599858160257428,0.233484317821307
25760,LOF,0.008264886077304778,0.18152670899077916,0.810208404931916
25761,GOF,0.036324164897159464,0.8500755518639928,0.11360028323884783
25762,LOF,0.04542649824385609,0.33707186514871706,0.6175016366074269
25763,LOF,0.009826413620692493,0.16064757876717828,0.8295260076121291
25764,GOF,0.07780460081752848,0.6728945211966033,0.24930087798586828
25765,GOF,0.009953299686325771,0.8612680936484476,0.12877860666522664
25766,GOF,0.0344174221124171,0.7930380056510147,0.17254457223656822
25767,GOF,0.008001247227388757,0.6534513413296592,0.33854741144295203
25768,LOF,0.05307400973109998,0.07152252086330813,0.8754034694055919
25769,LOF,0.03235005428646625,0.2297281419503034,0.7379218037632302
25770,Neutral,0.7260932633265127,0.12180325879231431,0.15210347788117304
25771,LOF,0.0298608404930869,0.1292868982828215,0.8408522612240915
25772,LOF,0.046398493547788966,0.18249782670901857,0.7711036797431924
25773,LOF,0.022213614590230024,0.32108986019264407,0.6566965252171258
25774,LOF,0.04345789858778131,0.3504923526712391,0.6060497487409796
25775,LOF,0.02916279125715864,0.12042024817353182,0.8504169605693096
25776,LOF,0.028858409132291818,0.185088450351047,0.7860531405166612
25777,LOF,0.2858445360474746,0.20429590247034285,0.5098595614821825
25778,LOF,0.038006509445760846,0.2005074450061729,0.7614860455480662
25779,GOF,0.11911319746996198,0.5550059000274602,0.3258809025025779
25780,GOF,0.11712429674706262,0.5924067977895868,0.2904689054633506
25781,GOF,0.05672908875855573,0.4996222976188597,0.4436486136225847
25782,GOF,0.04649269679200809,0.5703444879084837,0.3831628152995082
25783,GOF,0.1060342972892038,0.6225778054080993,0.271387897302697
25784,GOF,0.2017405904570027,0.5628533096822214,0.23540609986077587
25785,GOF,0.38921993141143746,0.44695831127358,0.16382175731498247
25786,LOF,0.020363842046573006,0.2958231768031389,0.6838129811502881
25787,Neutral,0.5567271328568703,0.2633131899037613,0.17995967723936843
25788,LOF,0.04141391598955979,0.050914137766562804,0.9076719462438775
25789,GOF,0.037881486738108226,0.6257614691557937,0.3363570441060983
25790,LOF,0.07110613008867436,0.44291329668625723,0.48598057322506844
25791,LOF,0.05158840269631437,0.38123869644471575,0.5671729008589699
25792,LOF,0.06363138088472695,0.41931957670200776,0.5170490424132653
25793,LOF,0.09427715681673221,0.4084608114530831,0.4972620317301847
25794,LOF,0.0938020722719748,0.2530339485891115,0.6531639791389137
25795,LOF,0.0477390846780844,0.1952439668760904,0.7570169484458252
25796,LOF,0.3511369782841544,0.24532946640916536,0.4035335553066802
25797,LOF,0.10286062610564561,0.23992026607262654,0.6572191078217279
25798,GOF,0.012871525372513385,0.5849124991963243,0.4022159754311623
25799,LOF,0.009201841306700624,0.4476893237433194,0.54310883494998
25800,GOF,0.043906807512198366,0.6887540585767169,0.2673391339110846
25801,GOF,0.059111931213315726,0.5526991445816368,0.38818892420504747
25802,GOF,0.07713833361068803,0.5168586091088222,0.40600305728048974
25803,LOF,0.0491137827030887,0.3585128261870828,0.5923733911098285
25804,LOF,0.10746565111454297,0.2632105065015079,0.6293238423839491
25805,LOF,0.07603340656136076,0.449314005706593,0.47465258773204605
25806,GOF,0.10044667532778914,0.45400059254200803,0.44555273213020286
25807,LOF,0.03414855035784406,0.3771407665959764,0.5887106830461796
25808,GOF,0.08922534267489583,0.5325389855753904,0.3782356717497138
25809,LOF,0.02033969828370332,0.3487794834553582,0.6308808182609384
25810,LOF,0.01857890355338356,0.3741730936878977,0.6072480027587187
25811,GOF,0.1519147431155573,0.47896894617302005,0.3691163107114226
25812,LOF,0.10580400285003523,0.3521144216432158,0.5420815755067491
25813,Neutral,0.402967593674221,0.32387232678224204,0.2731600795435369
25814,LOF,0.09260327584208138,0.41380603556252415,0.49359068859539446
25815,GOF,0.1368366971199191,0.46263454277149163,0.4005287601085892
25816,GOF,0.02285010210770161,0.5790218621249481,0.39812803576735023
25817,LOF,0.14031071167408957,0.3040705147663686,0.5556187735595418
25818,GOF,0.06761378513849904,0.5169702380034062,0.41541597685809484
25819,LOF,0.12704052026621449,0.31136781408918024,0.5615916656446053
25820,LOF,0.12809741482847722,0.3051551671664018,0.566747418005121
25821,LOF,0.09499332313328315,0.3397343064948872,0.5652723703718296
25822,LOF,0.1800706181285307,0.26231874732090227,0.557610634550567
25823,LOF,0.08922985381479087,0.21311336910690123,0.697656777078308
25824,GOF,0.06850687675571106,0.4717689487007763,0.4597241745435126
25825,GOF,0.04920674474145352,0.48352270979195444,0.4672705454665919
25826,LOF,0.01697679349976249,0.3436856948604829,0.6393375116397547
25827,LOF,0.017357545566497868,0.42408133880842125,0.558561115625081
25828,LOF,0.016783069118992397,0.4109280878554557,0.572288843025552
25829,LOF,0.010367301336279437,0.2211102401096893,0.7685224585540312
25830,LOF,0.13761074265102088,0.041196529833643,0.8211927275153361
25831,GOF,0.07021136509352556,0.611584171870328,0.31820446303614636
25832,LOF,0.017011856250253407,0.32045346586238765,0.6625346778873589
25833,LOF,0.07769760487159115,0.45151949292840293,0.4707829022000058
25834,LOF,0.01751765908948444,0.32443107879499555,0.65805126211552
25835,GOF,0.06749015125530486,0.6009559228113793,0.3315539259333158
25836,LOF,0.01618206144878917,0.46014242573837655,0.5236755128128343
25837,LOF,0.02535579373994788,0.32316046694998546,0.6514837393100668
25838,GOF,0.06402769442424883,0.5273133857042804,0.4086589198714708
25839,LOF,0.13760367350294614,0.37203003075113344,0.49036629574592044
25840,GOF,0.15257287398381936,0.4375397429053086,0.409887383110872
25841,GOF,0.1313749194658008,0.49827559828496026,0.37034948224923897
25842,GOF,0.06911172269972544,0.6564540002494057,0.2744342770508687
25843,GOF,0.05044538410663528,0.6878574402699541,0.26169717562341066
25844,GOF,0.0521221214237395,0.49207362960023526,0.45580424897602523
25845,LOF,0.014089555654715894,0.28046154080623403,0.7054489035390501
25846,GOF,0.07700357122830641,0.49004495011350296,0.4329514786581908
25847,GOF,0.056779212541962915,0.5930273169418041,0.35019347051623295
25848,GOF,0.05447149518063537,0.61775625086601,0.3277722539533546
25849,GOF,0.01261679901686787,0.5152971423071523,0.47208605867597975
25850,LOF,0.016962182321244978,0.40573133404431505,0.5773064836344398
25851,LOF,0.017271192036125725,0.32757730504745813,0.6551515029164162
25852,LOF,0.27161730669693623,0.235849817652664,0.49253287565039977
25853,LOF,0.10167512924847814,0.38886878813069153,0.5094560826208303
25854,LOF,0.011866008766169129,0.34739220047677516,0.6407417907570557
25855,LOF,0.03885066673492187,0.3655275645454159,0.5956217687196623
25856,GOF,0.10704307463616171,0.5385914123282427,0.3543655130355956
25857,LOF,0.04439502123388191,0.3000274318212887,0.6555775469448293
25858,LOF,0.01508216583565168,0.2812155498881768,0.7037022842761715
25859,LOF,0.010642116003021954,0.27447716871173583,0.7148807152852422
25860,LOF,0.13082466269066748,0.3263410012740545,0.542834336035278
25861,GOF,0.12660345534089384,0.48415025530100936,0.38924628935809685
25862,GOF,0.033176480763298925,0.7337675083193415,0.23305601091735967
25863,GOF,0.03467942005821949,0.6388530006951868,0.32646757924659375
25864,GOF,0.044487534302958064,0.7153376734519844,0.24017479224505753
25865,GOF,0.03536497429768987,0.689495544716737,0.275139480985573
25866,GOF,0.042049388725132295,0.6792679042955565,0.2786827069793112
25867,GOF,0.11408384013893118,0.6814934960422212,0.2044226638188477
25868,GOF,0.13416612193457098,0.45508732596641754,0.4107465520990115
25869,Neutral,0.5367728265389075,0.26881720497196016,0.19440996848913253
25870,LOF,0.20266907509014953,0.08757609290530695,0.7097548320045436
25871,LOF,0.019140835154817647,0.2779575496195011,0.7029016152256813
25872,LOF,0.05665406675995294,0.3355916005604371,0.6077543326796099
25873,LOF,0.040817422089800555,0.4771354077804019,0.4820471701297975
25874,LOF,0.05828669967630089,0.02138724745164404,0.920326052872055
25875,LOF,0.02252685849033145,0.36295873225934816,0.6145144092503203
25876,LOF,0.0301833257699954,0.10228811248853079,0.8675285617414739
25877,GOF,0.0679072903251714,0.5637462321317538,0.3683464775430749
25878,GOF,0.049955604332597166,0.7185545123166578,0.2314898833507451
25879,LOF,0.011686317902057215,0.33097165366181996,0.6573420284361228
25880,LOF,0.04358184423041855,0.06300500238675388,0.8934131533828276
25881,Neutral,0.43108945766755674,0.38332739335406973,0.18558314897837355
25882,LOF,0.02555738940037847,0.2364487664179706,0.7379938441816509
25883,LOF,0.029371242991514435,0.10558887389016718,0.8650398831183184
25884,LOF,0.0225768310832233,0.16149979431443945,0.8159233746023372
25885,LOF,0.162651381134918,0.03082351907603276,0.8065250997890493
25886,LOF,0.05486069876892923,0.17063764907570236,0.7745016521553685
25887,GOF,0.042819068260605456,0.6052636386119896,0.3519172931274049
25888,LOF,0.004383339912472967,0.43935957495685013,0.556257085130677
25889,LOF,0.04163084844961156,0.09042810043917901,0.8679410511112093
25890,LOF,0.17828210205195008,0.2992448496171349,0.522473048330915
25891,LOF,0.1379913652670458,0.07425767240860146,0.7877509623243527
25892,LOF,0.005816524621022524,0.16080678060048503,0.8333766947784924
25893,LOF,0.2490540967427949,0.07023828736761359,0.6807076158895915
25894,LOF,0.3085604161729874,0.03403749150211873,0.6574020923248939
25895,LOF,0.2224409508299302,0.04673657513892281,0.730822474031147
25896,LOF,0.09205626048272879,0.06402495278602822,0.8439187867312429
25897,LOF,0.08428665821244234,0.06630870671013209,0.8494046350774256
25898,LOF,0.05958398228370775,0.4672704184481669,0.47314559926812527
25899,LOF,0.22551652214656276,0.20308329653542234,0.5714001813180148
25900,Neutral,0.8565314198485032,0.04207527042430878,0.10139330972718812
25901,LOF,0.060394114917082686,0.03424606633112454,0.9053598187517928
25902,LOF,0.15555025771703695,0.013638514972426602,0.8308112273105365
25903,LOF,0.1119122319123323,0.15633592090401152,0.731751847183656
25904,LOF,0.380281882709589,0.20089898320971525,0.41881913408069577
25905,LOF,0.011286696728642234,0.3675662396787185,0.6211470635926393
25906,LOF,0.015424086050048297,0.05087051346096068,0.933705400488991
25907,LOF,0.00926127803515082,0.2660315007164864,0.7247072212483628
25908,LOF,0.010001700866023677,0.28237040815598713,0.7076278909779892
25909,LOF,0.03645333743381019,0.2052812582808274,0.7582654042853624
25910,LOF,0.017546810303580993,0.15298872607425817,0.8294644636221609
25911,LOF,0.09473815347057112,0.11537006230477387,0.789891784224655
25912,LOF,0.11490113298891619,0.030934922213412024,0.8541639447976718
25913,LOF,0.013828408598519916,0.08489692938212894,0.9012746620193512
25914,LOF,0.0366485047101627,0.1891720336083939,0.7741794616814434
25915,GOF,0.06734575817899391,0.8397260369960079,0.09292820482499803
25916,GOF,0.016429791300613696,0.6809785059132843,0.3025917027861019
25917,LOF,0.18877043246313174,0.07020758510595261,0.7410219824309155
25918,LOF,0.03810288109268492,0.12495786594544539,0.8369392529618697
25919,LOF,0.04018407738068042,0.10065585573958401,0.8591600668797355
25920,GOF,0.12568881536772863,0.49341272902245353,0.3808984556098179
25921,LOF,0.027499316076344232,0.03413175076970116,0.9383689331539545
25922,LOF,0.022583194967137937,0.03486845415680165,0.9425483508760605
25923,LOF,0.3304002972145684,0.06919647417713382,0.600403228608298
25924,LOF,0.03213014169899309,0.05581320201643989,0.9120566562845671
25925,LOF,0.25751621170099515,0.019777064396176703,0.7227067239028281
25926,LOF,0.10926135028309576,0.09448371491467941,0.7962549348022249
25927,LOF,0.020325247916405068,0.09157025318953198,0.888104498894063
25928,LOF,0.018428372533723626,0.03358858043063459,0.9479830470356418
25929,Neutral,0.6089564554828962,0.06717525429974967,0.3238682902173539
25930,LOF,0.03542799193095775,0.06747857333086821,0.897093434738174
25931,LOF,0.017201695362905712,0.03997239727218084,0.9428259073649136
25932,LOF,0.06708322132796042,0.03357099277059033,0.8993457859014493
25933,LOF,0.05942714432733152,0.019249220617662925,0.9213236350550056
25934,LOF,0.060533765459250065,0.024067943831484386,0.9153982907092655
25935,LOF,0.26809884810396545,0.02528788306752318,0.7066132688285114
25936,LOF,0.05512421537896806,0.024724125743346325,0.9201516588776857
25937,LOF,0.0175097024641453,0.05850754898205815,0.9239827485537966
25938,LOF,0.25992567856096493,0.022076376792093542,0.7179979446469416
25939,LOF,0.04425009743788388,0.02571656799766582,0.9300333345644504
25940,GOF,0.005954651359412698,0.5881413351620991,0.40590401347848826
25941,LOF,0.4393961082355822,0.0731623079230586,0.48744158384135927
25942,LOF,0.01223994571362013,0.17666584672917104,0.8110942075572088
25943,GOF,0.02162258947764528,0.5895790756255024,0.38879833489685234
25944,LOF,0.02146911734697686,0.4157698483366291,0.562761034316394
25945,LOF,0.06780784122206222,0.13466908508360387,0.797523073694334
25946,LOF,0.08987561017461095,0.09401985491218671,0.8161045349132023
25947,LOF,0.4607700281428138,0.03809141294454709,0.5011385589126391
25948,LOF,0.21566621075228273,0.026205183945214896,0.7581286053025024
25949,LOF,0.2169135932662956,0.024412914930739375,0.758673491802965
25950,GOF,0.04857776702050657,0.7617552214181634,0.18966701156133006
25951,LOF,0.014916139994861723,0.37095034850867104,0.6141335114964672
25952,LOF,0.09128944147473562,0.27428902657338095,0.6344215319518833
25953,LOF,0.006358959878232877,0.4821838620294438,0.5114571780923234
25954,GOF,0.0281977603872615,0.5858368315761064,0.38596540803663215
25955,GOF,0.005824417568572994,0.5316048702030839,0.4625707122283431
25956,GOF,0.01045224484519401,0.6549198196269267,0.33462793552787923
25957,LOF,0.2588461296574966,0.07592957061837156,0.6652242997241319
25958,LOF,0.02162461148152234,0.20472554454906117,0.7736498439694164
25959,GOF,0.005982537948822228,0.5783619694980953,0.41565549255308254
25960,LOF,0.00651532656721776,0.12721455234995663,0.8662701210828256
25961,LOF,0.01926185745164514,0.18014961098928536,0.8005885315590695
25962,LOF,0.1148548115378309,0.06436518861124538,0.8207799998509238
25963,LOF,0.010308379684840831,0.1259054595389635,0.8637861607761956
25964,LOF,0.05673363768259438,0.11296780418657038,0.8302985581308352
25965,LOF,0.16266977110932074,0.2231053321718678,0.6142248967188114
25966,LOF,0.22905414955610742,0.2544066545405575,0.5165391959033351
25967,LOF,0.010883210938525732,0.05058933105578367,0.9385274580056906
25968,LOF,0.11040338512275344,0.34306839725237526,0.5465282176248712
25969,LOF,0.18352391065232715,0.0269796058080527,0.7894964835396202
25970,LOF,0.019993303091479005,0.16502974707015444,0.8149769498383667
25971,LOF,0.08236725957035423,0.13959455796234346,0.7780381824673024
25972,LOF,0.07208733113639774,0.10954876330423875,0.8183639055593636
25973,LOF,0.17442526674569098,0.009895901719635544,0.8156788315346735
25974,LOF,0.06969054786577145,0.2852910371260945,0.6450184150081342
25975,LOF,0.04914715807206741,0.024529363370223916,0.9263234785577087
25976,LOF,0.08535441678763334,0.01819505512490618,0.8964505280874604
25977,LOF,0.20784804474753257,0.07371363679549962,0.7184383184569678
25978,LOF,0.25011515842290405,0.11452705746544607,0.6353577841116499
25979,LOF,0.17809701633846184,0.1564238249598266,0.6654791587017115
25980,LOF,0.13412403359203973,0.3895771155370178,0.4762988508709425
25981,LOF,0.1364350494535019,0.4015747944141813,0.4619901561323168
25982,LOF,0.23960824979117207,0.19570213197239478,0.5646896182364332
25983,LOF,0.19175867356933426,0.2634657904382544,0.5447755359924114
25984,LOF,0.04101298902915413,0.0944704755105337,0.8645165354603122
25985,Neutral,0.49902849621346423,0.19024316138761127,0.3107283423989245
25986,GOF,0.010735210012827148,0.655618994659237,0.33364579532793587
25987,LOF,0.0274463290862146,0.1279938874619121,0.8445597834518732
25988,LOF,0.036614586736446936,0.12057257919532742,0.8428128340682256
25989,LOF,0.04793276644276801,0.13792034035473547,0.8141468932024966
25990,LOF,0.046779823709313204,0.24551491082888863,0.7077052654617981
25991,GOF,0.04522353309759168,0.6480520624369317,0.3067244044654766
25992,LOF,0.01950046531690137,0.4207280526319499,0.5597714820511488
25993,LOF,0.052951859807668686,0.03147791983086686,0.9155702203614644
25994,LOF,0.052179294398033225,0.06696961115968476,0.880851094442282
25995,LOF,0.0385948089772435,0.059816596244564826,0.9015885947781916
25996,GOF,0.2721317329974787,0.4307444275925998,0.2971238394099215
25997,GOF,0.04720657772788588,0.5465921100245167,0.40620131224759753
25998,LOF,0.23432937088364172,0.11080327711459609,0.6548673520017622
25999,GOF,0.016461801619163427,0.6148563506240907,0.36868184775674584
26000,LOF,0.13527542633759995,0.012138371996919183,0.8525862016654809
26001,LOF,0.1199767651159531,0.025714785275795744,0.8543084496082513
26002,LOF,0.20141938140100418,0.0077344563352434266,0.7908461622637524
26003,GOF,0.011064085395459661,0.5956581959129731,0.39327771869156714
26004,LOF,0.03365172359088522,0.46610502206073606,0.5002432543483787
26005,GOF,0.007136560536559034,0.5672992594300854,0.42556418003335544
26006,GOF,0.23663654354652328,0.5583002783161188,0.2050631781373578
26007,GOF,0.019376542886444702,0.6295010044631194,0.3511224526504359
26008,LOF,0.015664142149267497,0.4464436642981214,0.5378921935526112
26009,GOF,0.030402906088739332,0.5910941087134,0.3785029851978608
26010,GOF,0.013681115438065572,0.5666422813837354,0.41967660317819894
26011,LOF,0.007971796251301084,0.4114298935520718,0.5805983101966271
26012,GOF,0.009547750336693315,0.4990404102503071,0.4914118394129996
26013,LOF,0.008584430271935853,0.425971489800778,0.5654440799272862
26014,LOF,0.2047542947324844,0.011780551902862578,0.783465153364653
26015,LOF,0.11042115193275699,0.19962189952475426,0.6899569485424887
26016,LOF,0.18655166320067104,0.3008405106851589,0.51260782611417
26017,GOF,0.014681680447781243,0.5982809522498757,0.3870373673023431
26018,LOF,0.021990552637695063,0.34082287792147137,0.6371865694408336
26019,LOF,0.022293018300098683,0.2570961280637399,0.7206108536361614
26020,LOF,0.006980511499957416,0.3859253780371662,0.6070941104628764
26021,LOF,0.0778159445068808,0.33710991005038315,0.5850741454427361
26022,LOF,0.06375615880449757,0.11388551988735063,0.8223583213081517
26023,LOF,0.03865871529474923,0.33643196340228376,0.624909321302967
26024,LOF,0.05459529149944698,0.23835755345354104,0.707047155047012
26025,LOF,0.07816221935083865,0.29902567447829215,0.6228121061708691
26026,LOF,0.11569682748886001,0.30390468455717945,0.5803984879539605
26027,LOF,0.03316782166143497,0.16134577628944752,0.8054864020491175
26028,LOF,0.04783173050952221,0.28062033161865413,0.6715479378718237
26029,LOF,0.02969504013925769,0.3062363573650036,0.6640686024957387
26030,LOF,0.21367538445323744,0.030106674890219013,0.7562179406565435
26031,LOF,0.011782471651335698,0.3248444498356465,0.6633730785130179
26032,LOF,0.03236402704934267,0.07146868384865236,0.896167289102005
26033,LOF,0.05157895066512447,0.19235336739001285,0.7560676819448626
26034,LOF,0.014822856642061,0.22387751659821242,0.7612996267597266
26035,LOF,0.011760638973973997,0.271061710419856,0.7171776506061699
26036,LOF,0.01118640153512075,0.1729904476062642,0.815823150858615
26037,LOF,0.0110408485915267,0.18024828411768037,0.808710867290793
26038,LOF,0.0248380964661845,0.07078314716106553,0.9043787563727499
26039,LOF,0.026652400703189354,0.2582880908930658,0.7150595084037449
26040,LOF,0.04405044803644717,0.21692573421864775,0.7390238177449051
26041,LOF,0.013173042965563085,0.2119277955584468,0.7748991614759903
26042,LOF,0.01249639598660376,0.22561476645701478,0.7618888375563815
26043,LOF,0.026037241210254865,0.1627666436085738,0.8111961151811713
26044,LOF,0.010028387624214645,0.17759638224689128,0.812375230128894
26045,GOF,0.05857116508216633,0.4938031622433178,0.4476256726745158
26046,LOF,0.025589468564363227,0.1781662125914702,0.7962443188441666
26047,LOF,0.06795182206585242,0.10359277583266807,0.8284554021014796
26048,LOF,0.09550604902792893,0.11324985916482333,0.7912440918072476
26049,Neutral,0.8380501964445614,0.031144448719940772,0.13080535483549793
26050,Neutral,0.8258548408447107,0.030796787970482995,0.1433483711848061
26051,GOF,0.012468892754870883,0.6577636194337122,0.32976748781141696
26052,GOF,0.01616954849679954,0.5985990092976002,0.3852314422056002
26053,LOF,0.036807296991192555,0.01773495234606365,0.9454577506627437
26054,LOF,0.15734837141591032,0.08155985617777488,0.7610917724063148
26055,LOF,0.17930954505977087,0.12582807901766951,0.6948623759225596
26056,LOF,0.1838470496119255,0.13078680053776848,0.6853661498503061
26057,LOF,0.05489814501777842,0.04161966280116116,0.9034821921810604
26058,LOF,0.06329158006664368,0.03228122755641205,0.9044271923769442
26059,Neutral,0.8379896061605606,0.07489860826340619,0.08711178557603329
26060,LOF,0.011921806109666129,0.31922513136581687,0.6688530625245169
26061,LOF,0.014843996304601764,0.026186303176850775,0.9589697005185476
26062,LOF,0.008208575019323483,0.06051422670736572,0.9312771982733108
26063,LOF,0.04931492332873318,0.03757610853721788,0.913108968134049
26064,LOF,0.01300210875291194,0.03902644297334614,0.947971448273742
26065,LOF,0.03614316290310061,0.05241775492650889,0.9114390821703906
26066,LOF,0.04705984542432755,0.04223951584068671,0.9107006387349857
26067,LOF,0.05935619003356762,0.054152651273614696,0.8864911586928176
26068,LOF,0.16529407638400134,0.045873389146310624,0.788832534469688
26069,LOF,0.06792656505659066,0.07222034179260912,0.8598530931508002
26070,LOF,0.07663140495016796,0.06474501594651767,0.8586235791033143
26071,LOF,0.048152725388897456,0.04520277613615504,0.9066444984749477
26072,LOF,0.009228379210206167,0.034176832915665936,0.9565947878741278
26073,LOF,0.04320411381493403,0.03672733565865648,0.9200685505264095
26074,Neutral,0.8217197257918503,0.03457884099844443,0.14370143320970535
26075,LOF,0.06954522371737021,0.09106050109651168,0.8393942751861182
26076,LOF,0.0501783767908526,0.06341632315320372,0.8864053000559436
26077,LOF,0.16348192972060177,0.10315582941953208,0.7333622408598661
26078,LOF,0.00925126600993357,0.07073864298939428,0.9200100910006721
26079,LOF,0.19645422963665884,0.03610853290286609,0.7674372374604751
26080,LOF,0.19645422963665884,0.03610853290286609,0.7674372374604751
26081,LOF,0.05089639563243878,0.03643752965214164,0.9126660747154195
26082,LOF,0.010451907410536653,0.1083552684298862,0.8811928241595771
26083,LOF,0.03440376746005948,0.099754990153415,0.8658412423865255
26084,LOF,0.04535787852207492,0.052152924487172896,0.9024891969907521
26085,LOF,0.041527588056520404,0.04601187409106302,0.9124605378524164
26086,LOF,0.03947212359026823,0.0628545935364498,0.897673282873282
26087,LOF,0.05026120204798592,0.06256920809567008,0.887169589856344
26088,LOF,0.011186801658940048,0.11184977298966378,0.8769634253513963
26089,LOF,0.05256251658693034,0.1685870135021282,0.7788504699109415
26090,LOF,0.05628037327257762,0.1391397718567359,0.8045798548706865
26091,LOF,0.04440060550526731,0.053123399342296075,0.9024759951524366
26092,LOF,0.04870641755655735,0.03347110939255453,0.9178224730508882
26093,LOF,0.06594663835900877,0.029827201302831938,0.9042261603381593
26094,LOF,0.04293885107784188,0.046633821457046795,0.9104273274651113
26095,LOF,0.016893123050840012,0.04277891603312546,0.9403279609160344
26096,LOF,0.28935406715672457,0.010106447681068796,0.7005394851622067
26097,LOF,0.009873371093324333,0.04685280864622921,0.9432738202604465
26098,LOF,0.18563700476898037,0.03132046151165856,0.7830425337193611
26099,LOF,0.031778001956895154,0.07394375280061607,0.8942782452424888
26100,LOF,0.031778001956895154,0.07394375280061607,0.8942782452424888
26101,LOF,0.031008529316285578,0.10114773398585965,0.8678437366978546
26102,LOF,0.04309898556183046,0.04604936637253377,0.9108516480656358
26103,Neutral,0.8382758477214258,0.05707786130376052,0.10464629097481373
26104,LOF,0.16705907183122876,0.09956051390336922,0.733380414265402
26105,LOF,0.2259701078354161,0.2381331555167736,0.5358967366478102
26106,LOF,0.27627439442570745,0.20048903424864586,0.5232365713256467
26107,LOF,0.008757250023781587,0.2956372588243715,0.6956054911518469
26108,LOF,0.14460019559020407,0.27265151205889065,0.5827482923509053
26109,LOF,0.05048604460037453,0.12460674414663116,0.8249072112529943
26110,LOF,0.16809579045680387,0.12936291735535482,0.7025412921878412
26111,LOF,0.043629869644959664,0.3290309384675937,0.6273391918874466
26112,LOF,0.04445763064276104,0.045782586318373425,0.9097597830388656
26113,LOF,0.03743328441323307,0.07609813295758733,0.8864685826291796
26114,LOF,0.09454904389862824,0.038357236933798736,0.867093719167573
26115,LOF,0.011433052587605338,0.37826755458208167,0.610299392830313
26116,LOF,0.06671877681560881,0.1259252050543437,0.8073560181300475
26117,LOF,0.16979613931342583,0.09006739682903282,0.7401364638575413
26118,LOF,0.03984727209952806,0.029574074961304705,0.9305786529391673
26119,LOF,0.005009575414122911,0.1031412303763566,0.8918491942095205
26120,LOF,0.04613938803401171,0.028701388688488372,0.9251592232775
26121,LOF,0.0038799401281350795,0.20720606454102955,0.7889139953308355
26122,LOF,0.0038499781912507552,0.2063601870921092,0.78978983471664
26123,LOF,0.0043875840757218775,0.18483827146513454,0.8107741444591435
