feature0,prediction,LoGoFunc_Neutral,LoGoFunc_GOF,LoGoFunc_LOF
25546,Neutral,0.6773582973805579,0.049998119429868634,0.2726435831895735
25547,Neutral,0.5498110097283044,0.13215939955760528,0.3180295907140903
25548,Neutral,0.5106210745184255,0.08499024089850667,0.40438868458306787
25549,Neutral,0.48040570564808444,0.08961326174396306,0.4299810326079525
25550,LOF,0.3865144305916567,0.08912500163811232,0.524360567770231
25551,LOF,0.29797518970236303,0.08541128595750978,0.6166135243401273
25552,LOF,0.18595942755870587,0.09674445102587706,0.7172961214154171
25553,Neutral,0.8342352659745702,0.022374669255537338,0.14339006476989238
25554,LOF,0.21122098151466515,0.10117166862200239,0.6876073498633324
25555,LOF,0.171678534619013,0.0862853988498078,0.7420360665311793
25556,Neutral,0.5533633881217074,0.06925944287381967,0.377377169004473
25557,LOF,0.1774680245046109,0.09551157376903344,0.7270204017263556
25558,LOF,0.2236766453569714,0.11457487962386331,0.6617484750191652
25559,Neutral,0.6065391554772791,0.056890377683627466,0.33657046683909353
25560,LOF,0.03273356485913487,0.2012282651082673,0.7660381700325979
25561,LOF,0.09783916911202768,0.22119630446632665,0.6809645264216457
25562,LOF,0.1194970090795707,0.06675384066174954,0.8137491502586798
25563,LOF,0.13422119692695514,0.09681580586132604,0.7689629972117188
25564,LOF,0.05949428521771919,0.11061917407950685,0.8298865407027739
25565,LOF,0.11937091204533268,0.30386122362285156,0.5767678643318158
25566,GOF,0.03230530169922685,0.5837953475567813,0.3838993507439919
25567,LOF,0.015003852854923347,0.0648446968252917,0.920151450319785
25568,LOF,0.083132440305103,0.03294470820784164,0.8839228514870554
25569,LOF,0.15755795906957928,0.022577255362779547,0.8198647855676412
25570,LOF,0.08786051491666014,0.05512890822007228,0.8570105768632675
25571,LOF,0.09989766169241823,0.039650516169649326,0.8604518221379325
25572,LOF,0.05192603826120918,0.05215759560726954,0.8959163661315213
25573,LOF,0.02706284738817608,0.04921913739802249,0.9237180152138015
25574,LOF,0.014200537210980253,0.152461502293097,0.8333379604959228
25575,LOF,0.08864962486571903,0.0226272202314879,0.8887231549027931
25576,LOF,0.02227148299989566,0.022892352012333743,0.9548361649877706
25577,LOF,0.013161904023892352,0.026770667322105195,0.9600674286540025
25578,LOF,0.3569861413944466,0.0483881996406092,0.5946256589649442
25579,LOF,0.29813587769895006,0.04613975300332466,0.6557243692977253
25580,LOF,0.052839095369550275,0.01601886915930371,0.931142035471146
25581,LOF,0.06493971692813826,0.05897195368729751,0.8760883293845643
25582,LOF,0.06564217340512772,0.04373829870222513,0.8906195278926472
25583,LOF,0.058126132318896705,0.01582817971134271,0.9260456879697606
25584,Neutral,0.5261940897770913,0.031952339906515276,0.4418535703163935
25585,LOF,0.0340066712181733,0.024739901941461948,0.9412534268403648
25586,LOF,0.056097012443959184,0.02496978109656152,0.9189332064594793
25587,LOF,0.04262108219785869,0.01969306594338345,0.9376858518587579
25588,LOF,0.04767553532331251,0.029653844656329708,0.9226706200203578
25589,Neutral,0.7438503580944735,0.06485420176837857,0.19129544013714794
25590,LOF,0.026235567622540885,0.06606285141624968,0.9077015809612095
25591,LOF,0.10728637571995607,0.024759884629966762,0.867953739650077
25592,LOF,0.2149399226765923,0.06307103945892162,0.7219890378644861
25593,LOF,0.017124369922572994,0.3069510663664281,0.6759245637109988
25594,LOF,0.05144494099264695,0.16445192189261795,0.7841031371147351
25595,LOF,0.09491794119173544,0.2577541075181185,0.6473279512901461
25596,LOF,0.09024971122762379,0.09029663095424881,0.8194536578181275
25597,LOF,0.08076727641036652,0.05741433487556922,0.8618183887140644
25598,LOF,0.1243101119057819,0.19607095299089117,0.679618935103327
25599,LOF,0.014673844120743339,0.2603114385304023,0.7250147173488543
25600,LOF,0.019690659204445793,0.307804195391296,0.6725051454042582
25601,LOF,0.009775246289146155,0.19572952790290257,0.7944952258079513
25602,LOF,0.023905542181661844,0.08103391960362752,0.8950605382147107
25603,LOF,0.04461749007607117,0.08256429172979737,0.8728182181941314
25604,LOF,0.03520230484666739,0.13825509251245918,0.8265426026408735
25605,LOF,0.01401247569752963,0.32137578097353103,0.6646117433289394
25606,LOF,0.09330759947598272,0.36633380653118386,0.5403585939928334
25607,LOF,0.0033379970798253417,0.16451626721702003,0.8321457357031545
25608,LOF,0.059047313664824415,0.03693724473419115,0.9040154416009845
25609,LOF,0.09650814180935645,0.15780562683182325,0.7456862313588203
25610,LOF,0.03915233899119824,0.09023022193002112,0.8706174390787806
25611,LOF,0.054735238667563045,0.05721598728855762,0.8880487740438794
25612,LOF,0.19055041289229005,0.05549473324121014,0.7539548538664999
25613,LOF,0.0871558640503242,0.07844938557051012,0.8343947503791657
25614,LOF,0.031273318024072495,0.11541414162212192,0.8533125403538057
25615,LOF,0.05728358492510185,0.11268455806863191,0.8300318570062662
25616,LOF,0.024246438969875484,0.13244774063535647,0.8433058203947681
25617,LOF,0.05011501028092073,0.09869105352269197,0.8511939361963873
25618,LOF,0.12136299553415199,0.2504299187497874,0.6282070857160607
25619,LOF,0.038134804228030963,0.11122555146991096,0.8506396443020582
25620,LOF,0.03347412130658,0.13962033460148315,0.826905544091937
25621,LOF,0.026939050035869216,0.07712557997584062,0.8959353699882902
25622,LOF,0.021767712723559204,0.11549245018463179,0.862739837091809
25623,LOF,0.04257484606028619,0.12162495240534116,0.8358002015343726
25624,LOF,0.03113929378974491,0.1608888203886766,0.8079718858215785
25625,LOF,0.029259087048876895,0.09229766486628636,0.8784432480848366
25626,LOF,0.09486952594882289,0.05421079898886909,0.8509196750623081
25627,Neutral,0.47387634505039744,0.10590492305841091,0.42021873189119163
25628,LOF,0.1750569719001851,0.03484276333171415,0.7901002647681008
25629,LOF,0.09870496889915648,0.04633332564650158,0.8549617054543419
25630,LOF,0.15197695284537255,0.04839585369330246,0.7996271934613249
25631,Neutral,0.5333437704660767,0.07352125908719793,0.3931349704467254
25632,LOF,0.01532276027942649,0.10630427619858815,0.8783729635219854
25633,LOF,0.3106978743490683,0.29698025285187707,0.3923218727990546
25634,LOF,0.05566256676984844,0.15745669671865015,0.7868807365115015
25635,LOF,0.043356460272505226,0.09428668993969948,0.8623568497877953
25636,GOF,0.005386147066220859,0.6022214735063671,0.39239237942741195
25637,LOF,0.0051390557316622855,0.31585287273019896,0.6790080715381388
25638,LOF,0.00628833867139644,0.3557982021068085,0.637913459221795
25639,LOF,0.005212592720021681,0.28177596756599194,0.7130114397139864
25640,Neutral,0.5010240095744473,0.3941159477808422,0.10486004264471065
25641,LOF,0.008732564463349687,0.1630869077124664,0.8281805278241838
25642,LOF,0.22365308052067673,0.03524859140469477,0.7410983280746284
25643,LOF,0.23353992793859274,0.018959241304434004,0.7475008307569733
25644,LOF,0.01248347045586026,0.2491725023481062,0.7383440271960335
25645,LOF,0.010433680553997288,0.31021442137276245,0.6793518980732403
25646,LOF,0.012302347110084747,0.23257184343674558,0.7551258094531698
25647,LOF,0.011931845847540291,0.1812508394312165,0.8068173147212433
25648,LOF,0.008849912032915052,0.22544924769265665,0.7657008402744283
25649,LOF,0.009641862310054917,0.13230386026001456,0.8580542774299306
25650,LOF,0.025891065652027506,0.2771794677437109,0.6969294666042616
25651,LOF,0.007469555137615205,0.18964097518937603,0.8028894696730087
25652,LOF,0.013564661659919429,0.2630760229373773,0.7233593154027034
25653,LOF,0.05911154528454023,0.39547702124020684,0.5454114334752529
25654,LOF,0.00863996158917483,0.3312650688158407,0.6600949695949846
25655,LOF,0.08959677428546133,0.418562616611611,0.49184060910292776
25656,LOF,0.07387888841506941,0.2752885356341508,0.6508325759507798
25657,LOF,0.2830983754777726,0.036737609739337665,0.6801640147828897
25658,LOF,0.01978828437598925,0.24498006026745103,0.7352316553565598
25659,LOF,0.19613891792417817,0.19314870655662722,0.6107123755191946
25660,LOF,0.10592375118762919,0.1160640323505959,0.7780122164617749
25661,LOF,0.07117218020261822,0.08281640092797184,0.84601141886941
25662,LOF,0.05235780691153042,0.07097031706476724,0.8766718760237023
25663,LOF,0.04814104925826111,0.11093417488364267,0.8409247758580961
25664,LOF,0.02713422119834797,0.1315597687961979,0.8413060100054541
25665,LOF,0.04706151633093538,0.10027855619053684,0.8526599274785277
25666,LOF,0.035177035406642826,0.1857768441653165,0.7790461204280406
25667,LOF,0.045744181190202605,0.03003753767203303,0.9242182811377644
25668,LOF,0.04649187965639371,0.04949281901190498,0.9040153013317013
25669,LOF,0.035345415001518235,0.10835196461275991,0.8563026203857218
25670,LOF,0.06466421257895202,0.09087591126893951,0.8444598761521085
25671,LOF,0.06686976178327898,0.060799715048165684,0.8723305231685554
25672,LOF,0.0684939791245701,0.05474755742609366,0.8767584634493363
25673,LOF,0.03929254158945527,0.06501993953016438,0.8956875188803803
25674,LOF,0.02472562002552737,0.09805749931892423,0.8772168806555485
25675,LOF,0.03665186173243919,0.04004982401029178,0.9232983142572689
25676,LOF,0.04755262672801546,0.09449270256873477,0.8579546707032497
25677,LOF,0.072787524592302,0.06498337199599516,0.8622291034117028
25678,LOF,0.1791783789242218,0.09895311764034756,0.7218685034354306
25679,LOF,0.11378796917973905,0.11367484220692327,0.7725371886133376
25680,LOF,0.11327632956249514,0.13984931960651245,0.7468743508309924
25681,LOF,0.12583700309185883,0.13771583432288267,0.7364471625852586
25682,LOF,0.056126388705322806,0.0752669535476386,0.8686066577470386
25683,LOF,0.08002918588756208,0.10531108341976024,0.8146597306926776
25684,LOF,0.08142967057062545,0.11377966308020362,0.8047906663491708
25685,LOF,0.09219818367365819,0.03841863285643405,0.8693831834699076
25686,LOF,0.024062224302036066,0.18538352965692273,0.7905542460410413
25687,LOF,0.037472070931733076,0.15394097382529942,0.8085869552429675
25688,LOF,0.015977782891946925,0.40716740045140354,0.5768548166566495
25689,LOF,0.011313403381767229,0.2525020631912479,0.7361845334269849
25690,LOF,0.012923801119103963,0.47820727656840867,0.5088689223124874
25691,GOF,0.07107781169377995,0.6601886696057484,0.2687335187004715
25692,LOF,0.32552754965554753,0.0405027300798768,0.6339697202645757
25693,LOF,0.041209302009334405,0.4031373465664784,0.5556533514241873
25694,LOF,0.23983903441212068,0.04223372868111627,0.717927236906763
25695,LOF,0.16980646154096304,0.06548955945713693,0.7647039790019001
25696,LOF,0.06807963866127174,0.07959805509326925,0.8523223062454589
25697,LOF,0.06793195677793783,0.059916500534396,0.8721515426876663
25698,GOF,0.016870238752360905,0.5106557062782892,0.47247405496934985
25699,LOF,0.0776242100240616,0.2930310260164336,0.6293447639595048
25700,LOF,0.06471350970743013,0.035725128184761444,0.8995613621078085
25701,LOF,0.012189302435054295,0.3087256473529533,0.6790850502119923
25702,GOF,0.022233409751259613,0.5150333146887156,0.46273327556002486
25703,LOF,0.014178679359551378,0.09669140401385258,0.889129916626596
25704,LOF,0.05840470784474408,0.1071906771884763,0.8344046149667798
25705,LOF,0.11237293810758252,0.21800727395849862,0.669619787933919
25706,GOF,0.02093173287488445,0.6883191425795351,0.29074912454558044
25707,GOF,0.02161482043139038,0.620953148367392,0.3574320312012177
25708,GOF,0.006834514546198668,0.6296091119211068,0.3635563735326946
25709,LOF,0.05077251073473682,0.09151694361549755,0.8577105456497656
25710,LOF,0.007522812682055953,0.1966759206218668,0.7958012666960772
25711,LOF,0.045220197699271734,0.12932327336813176,0.8254565289325966
25712,LOF,0.012436803431095225,0.16708074676672632,0.8204824498021785
25713,LOF,0.0415827295219161,0.12205222951727407,0.8363650409608099
25714,LOF,0.03725286403589237,0.2806235267131197,0.6821236092509879
25715,LOF,0.037665823874043915,0.1755692813742133,0.7867648947517428
25716,LOF,0.006961939389657847,0.07953995131871387,0.9134981092916283
25717,LOF,0.006870878941046707,0.057216360823117415,0.9359127602358359
25718,LOF,0.04969468753144205,0.05857387474406049,0.8917314377244976
25719,LOF,0.040247366481425136,0.1302917784362932,0.8294608550822817
25720,LOF,0.04138880456885697,0.17885778003140335,0.7797534153997395
25721,LOF,0.04946624373465237,0.07286935888012097,0.8776643973852267
25722,LOF,0.04141984918389277,0.1070997762906183,0.8514803745254889
25723,LOF,0.05189540596477493,0.15784160107843453,0.7902629929567906
25724,LOF,0.0699087650616026,0.38096710609274703,0.5491241288456503
25725,LOF,0.07167026737137971,0.12990081188461264,0.7984289207440076
25726,LOF,0.0456794214658502,0.11883916138707208,0.8354814171470778
25727,LOF,0.06353508669590556,0.08987889003450457,0.8465860232695899
25728,LOF,0.03876790684023296,0.1913837978033211,0.7698482953564459
25729,LOF,0.045179688085914695,0.1852912073611418,0.7695291045529435
25730,LOF,0.057469079182723266,0.1266000201738724,0.8159309006434042
25731,LOF,0.009596712014776106,0.10222887485268757,0.8881744131325363
25732,LOF,0.03260234577275859,0.08513572408955253,0.8822619301376889
25733,LOF,0.04679296434259595,0.1875623533789128,0.7656446822784913
25734,LOF,0.006787775355596474,0.18278633294085164,0.8104258917035518
25735,LOF,0.042664841507629475,0.08948901133349875,0.8678461471588717
25736,LOF,0.042399345067270826,0.14592790325080138,0.8116727516819278
25737,LOF,0.06343130073260236,0.10208759522052818,0.8344811040468695
25738,LOF,0.059252434907817564,0.1905716981121761,0.7501758669800064
25739,LOF,0.03941676785657765,0.15028627901868863,0.8102969531247337
25740,LOF,0.06528451041510883,0.1687247221833883,0.765990767401503
25741,LOF,0.06009841239135133,0.15781625795947943,0.7820853296491693
25742,LOF,0.06744294366938108,0.18026822509663673,0.7522888312339822
25743,LOF,0.010755724606953822,0.02347475218460277,0.9657695232084433
25744,LOF,0.1049506855543649,0.19187203700110128,0.7031772774445338
25745,LOF,0.024286425349074086,0.16880555398947947,0.8069080206614465
25746,LOF,0.013044527118638266,0.1743396161968754,0.8126158566844862
25747,LOF,0.05008239732017024,0.04885803439205816,0.9010595682877717
25748,LOF,0.2607179486937185,0.1590066080884278,0.5802754432178536
25749,LOF,0.01702402659156839,0.16966338065496694,0.8133125927534647
25750,LOF,0.017417635361648025,0.20453892772877266,0.7780434369095793
25751,LOF,0.02849801875364507,0.18737419665666022,0.7841277845896947
25752,GOF,0.10498857940380599,0.6927410732521514,0.20227034734404264
25753,LOF,0.008100163424964163,0.30405281463807143,0.6878470219369643
25754,GOF,0.012149443662978746,0.8995102610624794,0.08834029527454179
25755,LOF,0.00873258846055401,0.31075093007439064,0.6805164814650554
25756,GOF,0.03138291908350796,0.492173176816078,0.47644390410041415
25757,GOF,0.01162493706363222,0.840003497619684,0.14837156531668375
25758,GOF,0.013327787860243903,0.871715143578679,0.11495706856107718
25759,GOF,0.007364264261800263,0.7412496228825376,0.25138611285566215
25760,LOF,0.0065964115211349485,0.23387886779342498,0.75952472068544
25761,GOF,0.07445127673409797,0.8501057303600263,0.07544299290587576
25762,LOF,0.03215889397358187,0.466408061362997,0.5014330446634212
25763,LOF,0.007434981742263638,0.19280480269809944,0.7997602155596369
25764,GOF,0.10537347167640593,0.7015639806572637,0.19306254766633033
25765,GOF,0.013026239315866248,0.902556792802547,0.0844169678815866
25766,GOF,0.039476706372336745,0.8244520485748845,0.13607124505277868
25767,GOF,0.008711168872713828,0.6552855791040001,0.336003252023286
25768,LOF,0.05541486064779818,0.06863277057319916,0.8759523687790027
25769,LOF,0.03231444639539929,0.2097943245178687,0.757891229086732
25770,Neutral,0.48791049946956616,0.18102117674175244,0.3310683237886813
25771,LOF,0.020695672072040986,0.10947690825483565,0.8698274196731235
25772,LOF,0.049132514540558496,0.1671300378269692,0.7837374476324723
25773,LOF,0.015836769920102436,0.2925312583106176,0.69163197176928
25774,LOF,0.030109630058890217,0.3682927312325293,0.6015976387085805
25775,LOF,0.02032269739334064,0.09287023027449812,0.8868070723321612
25776,LOF,0.031295325738748776,0.16022332913058052,0.8084813451306707
25777,LOF,0.08079857482760672,0.25952813885510767,0.6596732863172856
25778,LOF,0.03715408517028741,0.17797621294832397,0.7848697018813886
25779,GOF,0.08867118601576786,0.6096152708385889,0.3017135431456432
25780,GOF,0.09796826280259066,0.6383204138288857,0.26371132336852365
25781,GOF,0.04997634134878192,0.6208709410523177,0.3291527175989004
25782,GOF,0.0441283075835938,0.6928292456424526,0.26304244677395355
25783,GOF,0.07292249944428275,0.6582199663672708,0.2688575341884466
25784,GOF,0.1652692978833292,0.6708957765141241,0.16383492560254662
25785,GOF,0.270468550509866,0.5543116027832896,0.1752198467068444
25786,LOF,0.01550686272638496,0.37335904911966944,0.6111340881539455
25787,Neutral,0.4660380559071774,0.38268744729379023,0.1512744967990323
25788,LOF,0.03748168531210111,0.09108712164512349,0.8714311930427755
25789,GOF,0.030512926097670916,0.716215787838932,0.25327128606339705
25790,GOF,0.051524680436706674,0.5600470818132376,0.38842823775005586
25791,GOF,0.040755650334316385,0.5039001635256707,0.45534418614001293
25792,GOF,0.04977761478047559,0.5286848518607745,0.42153753335874977
25793,GOF,0.09160093226887094,0.5578146713026392,0.35058439642848976
25794,LOF,0.08224853685387745,0.321653553181953,0.5960979099641696
25795,LOF,0.10727445868256014,0.3896389602474555,0.5030865810699843
25796,LOF,0.23128286002545054,0.30687210315488395,0.4618450368196656
25797,LOF,0.07929807196273927,0.4162135097757917,0.5044884182614691
25798,GOF,0.00981244845196394,0.690711681292768,0.29947587025526795
25799,GOF,0.006966986158653452,0.5318628344964781,0.4611701793448684
25800,GOF,0.04110517850417351,0.778420620116863,0.18047420137896347
25801,GOF,0.03607795344834428,0.5947046767546161,0.3692173697970396
25802,GOF,0.047313022017064575,0.5979538813040538,0.35473309667888153
25803,LOF,0.034888062737955514,0.4145250534506036,0.5505868838114408
25804,LOF,0.06443192234291163,0.36079754835683214,0.5747705293002562
25805,GOF,0.04637000001624609,0.5635321617859256,0.39009783819782834
25806,GOF,0.06149973260978531,0.5602279596747178,0.37827230771549686
25807,LOF,0.023456687494898897,0.47867418782814786,0.4978691246769531
25808,GOF,0.0515933573173105,0.5822004886624352,0.3662061540202543
25809,LOF,0.01906839786764555,0.4564440382334599,0.5244875638988945
25810,GOF,0.017108490528635046,0.50446352861402,0.47842798085734495
25811,GOF,0.1202222924822827,0.7100154693739787,0.16976223814373875
25812,LOF,0.07348250822365036,0.42742957265605813,0.49908791912029155
25813,GOF,0.3601012092747128,0.41153209764647514,0.22836669307881208
25814,GOF,0.06213972852462822,0.5322369808129003,0.4056232906624716
25815,GOF,0.11172794121775832,0.6368866019718965,0.25138545681034524
25816,GOF,0.014906255122713529,0.615662989825989,0.3694307550512975
25817,GOF,0.20421543844797294,0.4778756632392243,0.31790889831280267
25818,GOF,0.04789137486942394,0.5869502250189048,0.3651584001116713
25819,LOF,0.08924501457512034,0.384510959596116,0.5262440258287637
25820,LOF,0.0901929585557011,0.38461793381346837,0.5251891076308306
25821,LOF,0.0623421190042584,0.4235620486036296,0.514095832392112
25822,LOF,0.13734950403752605,0.3399870666452822,0.5226634293171918
25823,LOF,0.06622568294136665,0.3042587262679374,0.629515590790696
25824,GOF,0.047012477319785057,0.6250559416274456,0.3279315810527694
25825,GOF,0.03323955232607684,0.6292960306362304,0.33746441703769264
25826,LOF,0.012934008528750025,0.4686483574339392,0.5184176340373108
25827,GOF,0.031095918951706273,0.5772724864893192,0.3916315945589745
25828,GOF,0.019105730883568157,0.5470457841702688,0.4338484849461631
25829,LOF,0.0076714308497047535,0.32232951183462527,0.66999905731567
25830,LOF,0.14542069175983735,0.1535707179921862,0.7010085902479766
25831,GOF,0.11406700209966493,0.7214552944523611,0.1644777034479739
25832,LOF,0.013090982198006428,0.4471433576305921,0.5397656601714015
25833,GOF,0.049172428786527764,0.5689317019146034,0.38189586929886893
25834,LOF,0.01316091430259932,0.4581280699092686,0.5287110157881321
25835,GOF,0.04553603402289955,0.7022972371200243,0.25216672885707603
25836,GOF,0.010688029251265324,0.5509870958648052,0.43832487488392946
25837,LOF,0.01822876322662431,0.42498291652527087,0.5567883202481049
25838,GOF,0.042342072016395636,0.592837898855863,0.36482002912774136
25839,GOF,0.1376762377761375,0.5375643529613536,0.3247594092625089
25840,GOF,0.13380848509313584,0.6407253569461789,0.2254661579606851
25841,GOF,0.11374770519488193,0.703315500360905,0.18293679444421312
25842,GOF,0.042491533067742164,0.6809746180793551,0.2765338488529027
25843,GOF,0.039206287595919494,0.6879823730236079,0.2728113393804726
25844,GOF,0.03640652518203783,0.5743924826971252,0.38920099212083703
25845,LOF,0.010342456436724429,0.3690926902541169,0.6205648533091586
25846,GOF,0.11082577643223337,0.6828879448370788,0.2062862787306877
25847,GOF,0.03353182991176355,0.6210336607808237,0.3454345093074128
25848,GOF,0.03807883962221387,0.6288067011414492,0.333114459236337
25849,GOF,0.010721872323604721,0.5488739735921335,0.44040415408426165
25850,LOF,0.013781169937076825,0.48728272222573826,0.4989361078371849
25851,LOF,0.012289688087231685,0.4040333678417806,0.5836769440709877
25852,LOF,0.21464873722711272,0.38822677557291985,0.39712448719996735
25853,GOF,0.09406996710752907,0.4972387080921578,0.40869132480031306
25854,LOF,0.010082600543582352,0.4628765797466503,0.5270408197097673
25855,GOF,0.03694383881290256,0.5117488923746102,0.45130726881248734
25856,GOF,0.08102672503896256,0.6530508940943953,0.26592238086664216
25857,LOF,0.04099093724053384,0.4713786889259135,0.4876303738335525
25858,LOF,0.012536894401851243,0.36271003786450123,0.6247530677336476
25859,LOF,0.008833062169502656,0.3451222625752817,0.6460446752552156
25860,GOF,0.1188049117665754,0.4451648473883786,0.436030240845046
25861,GOF,0.15637096626350716,0.5919564168530508,0.2516726168834421
25862,GOF,0.028186622671559882,0.7356165031199668,0.23619687420847335
25863,GOF,0.0284446477382541,0.6779835374758885,0.2935718147858575
25864,GOF,0.04094024012911466,0.8016965348878413,0.15736322498304395
25865,GOF,0.050038094209364746,0.7964020660402873,0.15355983975034784
25866,GOF,0.030298506447570563,0.6983640675038446,0.27133742604858485
25867,GOF,0.05684349269391017,0.7253977033582951,0.21775880394779476
25868,GOF,0.12212698881548535,0.5357108655995887,0.3421621455849259
25869,Neutral,0.44036323897530116,0.38305409336061064,0.17658266766408814
25870,LOF,0.16227909585725073,0.35401517340707345,0.4837057307356759
25871,LOF,0.015453303229505335,0.3493052673358893,0.6352414294346055
25872,LOF,0.045356057893087366,0.3870313052863652,0.5676126368205474
25873,GOF,0.03636928216458083,0.528095943867047,0.43553477396837226
25874,LOF,0.05626892972868673,0.031000337821376005,0.9127307324499374
25875,LOF,0.01731894412322625,0.3643389586222556,0.6183420972545183
25876,LOF,0.018699365080419274,0.13102329117352035,0.8502773437460605
25877,GOF,0.07785061570849677,0.46469529586876995,0.4574540884227332
25878,GOF,0.04644753891254331,0.6506116215218222,0.3029408395656345
25879,LOF,0.010400740794618746,0.34463031425337937,0.6449689449520017
25880,LOF,0.054821599169499684,0.04814154508254609,0.8970368557479542
25881,Neutral,0.4536585775939549,0.3303320265288169,0.21600939587722828
25882,LOF,0.03599790900639815,0.2305958566599211,0.7334062343336808
25883,LOF,0.02972049095121568,0.09394688412237175,0.8763326249264125
25884,LOF,0.013589278571744507,0.12312887037784236,0.8632818510504131
25885,LOF,0.15964102756015094,0.03578013712065263,0.8045788353191965
25886,LOF,0.13727062544503826,0.13415983810346632,0.7285695364514955
25887,GOF,0.04819926607687538,0.5935638211666199,0.3582369127565049
25888,LOF,0.00634434767687967,0.38549972758228834,0.6081559247408319
25889,LOF,0.024373501013258816,0.077980216546115,0.8976462824406263
25890,LOF,0.1764973090832725,0.256520773394718,0.5669819175220094
25891,LOF,0.12383196906489827,0.0712926984909037,0.804875332444198
25892,LOF,0.0057173081945123315,0.19976529419793473,0.7945173976075528
25893,LOF,0.2628062368067792,0.08334000471021287,0.6538537584830079
25894,LOF,0.318478744911825,0.04382361771217659,0.6376976373759985
25895,LOF,0.2596591632003433,0.06850564371635265,0.671835193083304
25896,LOF,0.056135228647009656,0.13377591007500883,0.8100888612779815
25897,LOF,0.09867967988452109,0.08625501881483075,0.8150653013006482
25898,GOF,0.06539366667892152,0.48358427298014434,0.4510220603409342
25899,LOF,0.24902938337291702,0.2633252171935714,0.48764539943351154
25900,Neutral,0.9244464621594998,0.026318781814271722,0.04923475602622858
25901,LOF,0.06141684888207257,0.04452074580469426,0.8940624053132332
25902,LOF,0.08596505322998096,0.029442931641651057,0.884592015128368
25903,LOF,0.12475018257746849,0.19284204712054293,0.6824077703019886
25904,GOF,0.34287767393448465,0.3453300647249797,0.31179226134053567
25905,LOF,0.010040098053033818,0.3650464628226286,0.6249134391243376
25906,LOF,0.010040302397657432,0.05022212253933392,0.9397375750630087
25907,LOF,0.00799678018646132,0.2866538847092901,0.7053493351042485
25908,LOF,0.008893396089554102,0.2901963360549504,0.7009102678554955
25909,LOF,0.03587491576636056,0.22286466334965427,0.7412604208839851
25910,LOF,0.016807103164294755,0.17024916747674565,0.8129437293589595
25911,LOF,0.10856431222043138,0.07391628930096371,0.8175193984786049
25912,LOF,0.14461564300251925,0.021284826754483087,0.8340995302429977
25913,LOF,0.014754193292326207,0.07190748658046253,0.9133383201272113
25914,LOF,0.03480756855824792,0.1809753100590317,0.7842171213827204
25915,GOF,0.07786924997462526,0.7775750371075885,0.1445557129177863
25916,GOF,0.019126253401179107,0.567792128777569,0.41308161782125186
25917,LOF,0.12445865525649928,0.08369586615121852,0.7918454785922823
25918,LOF,0.045711669579606706,0.10861370971076208,0.8456746207096312
25919,LOF,0.04876628240536168,0.07992193394636964,0.8713117836482687
25920,GOF,0.3128880389373075,0.3604137315443865,0.32669822951830596
25921,LOF,0.020614232440403814,0.053246777232465035,0.9261389903271312
25922,LOF,0.017079528540383478,0.0469696472904216,0.935950824169195
25923,LOF,0.39223699797840944,0.09206999443444731,0.5156930075871432
25924,LOF,0.026472304706655982,0.06789307591138227,0.9056346193819617
25925,LOF,0.20701043754930326,0.049968594420473356,0.7430209680302233
25926,LOF,0.11834181514904234,0.12535451494633842,0.7563036699046193
25927,LOF,0.020267957970021365,0.1145405460883421,0.8651914959416366
25928,LOF,0.01429063263276942,0.03692852651613063,0.9487808408510999
25929,Neutral,0.5815226985612665,0.09416086825980911,0.3243164331789243
25930,LOF,0.03680564559191549,0.07731130191285912,0.8858830524952255
25931,LOF,0.015380018618325329,0.04853983889984096,0.9360801424818337
25932,LOF,0.07227921685473172,0.043097353436066695,0.8846234297092017
25933,LOF,0.06725470722553202,0.02289085172915455,0.9098544410453134
25934,LOF,0.06784049139804028,0.028790799391440285,0.9033687092105194
25935,LOF,0.21545812537929468,0.06443983866245599,0.7201020359582493
25936,LOF,0.05987423233351875,0.029570993558694077,0.9105547741077871
25937,LOF,0.0156343490301209,0.06568870211823716,0.918676948851642
25938,LOF,0.21298406032329326,0.05378684071721312,0.7332290989594937
25939,LOF,0.04850725867774205,0.03104942012310047,0.9204433211991575
25940,GOF,0.006093034737592842,0.5847953451973075,0.4091116200650996
25941,LOF,0.43962451085911725,0.07987194934217856,0.48050353979870425
25942,LOF,0.010836736873468172,0.13561310513658362,0.8535501579899482
25943,GOF,0.02299321067736975,0.6121724743249116,0.36483431499771857
25944,LOF,0.0186394273418934,0.4477900888542591,0.5335704838038475
25945,LOF,0.08049726336391186,0.08035132198969108,0.839151414646397
25946,LOF,0.09224682878734466,0.0732972967020287,0.8344558745106266
25947,LOF,0.46006746263584813,0.03273541801718678,0.5071971193469651
25948,Neutral,0.5404888038504976,0.014291428008563239,0.44521976814093916
25949,LOF,0.11239924214070544,0.03618053439764142,0.8514202234616531
25950,GOF,0.045071887556128065,0.7642657016686248,0.19066241077524723
25951,LOF,0.012554228562256495,0.3367573202256463,0.6506884512120973
25952,LOF,0.0867074797999117,0.29576616392105587,0.6175263562790324
25953,LOF,0.006092124022591889,0.4664600991791515,0.5274477767982566
25954,GOF,0.025884920616515067,0.5249963751599829,0.449118704223502
25955,GOF,0.005396917831382605,0.5153811130955506,0.4792219690730667
25956,GOF,0.0092644443805401,0.6947228309837729,0.2960127246356871
25957,LOF,0.2537420049045442,0.06548203126808345,0.6807759638273724
25958,LOF,0.024130552187063236,0.20321357035264517,0.7726558774602915
25959,GOF,0.005732597387559096,0.5744663522241068,0.4198010503883341
25960,LOF,0.005432981025835882,0.12232856065181381,0.8722384583223504
25961,LOF,0.021942589071025417,0.17552621617953618,0.8025311947494385
25962,LOF,0.05173396455499684,0.06986977775130042,0.8783962576937027
25963,LOF,0.010036767031321094,0.15591779566962674,0.8340454372990521
25964,LOF,0.052750639693456294,0.10955478108936209,0.8376945792171816
25965,LOF,0.1855691135428786,0.2047646743136054,0.609666212143516
25966,LOF,0.2881578738829101,0.2824885188954198,0.42935360722167015
25967,LOF,0.007561308311217447,0.05360016069832154,0.938838530990461
25968,LOF,0.09176509353694165,0.30059286569401505,0.6076420407690433
25969,LOF,0.17385532127353256,0.019259331719891082,0.8068853470065763
25970,LOF,0.023982277650408345,0.1723695517124527,0.8036481706371389
25971,LOF,0.08220075825292818,0.13783861063886077,0.779960631108211
25972,LOF,0.07216241113546185,0.1189169975766489,0.8089205912878892
25973,LOF,0.1087487494614561,0.008758304804666894,0.8824929457338769
25974,LOF,0.08544459270844641,0.17635817655110977,0.7381972307404437
25975,LOF,0.04828843941150846,0.02016847355816637,0.9315430870303253
25976,LOF,0.07978289058926465,0.014003616685550791,0.9062134927251845
25977,LOF,0.1843614760980317,0.11594022311317144,0.6996983007887969
25978,LOF,0.13100364450401555,0.13217813535728684,0.7368182201386976
25979,LOF,0.10650708001923352,0.14614992547336864,0.7473429945073979
25980,LOF,0.1323430903111747,0.37290209459223916,0.4947548150965862
25981,LOF,0.13507848949946363,0.39852761797374875,0.4663938925267875
25982,LOF,0.2546814515940847,0.17156245623534963,0.5737560921705658
25983,Neutral,0.46775568649087973,0.168485363366208,0.36375895014291226
25984,LOF,0.03668283392979449,0.08305105868746837,0.8802661073827373
25985,Neutral,0.5241218166444922,0.18697972802363594,0.28889845533187186
25986,GOF,0.009913095647088864,0.6351455126954301,0.35494139165748106
25987,LOF,0.01522113305302848,0.10155206491276754,0.883226802034204
25988,LOF,0.03344000539929531,0.12175515808300662,0.8448048365176981
25989,LOF,0.0487156138653363,0.11611528299531038,0.8351691031393532
25990,LOF,0.04665141081013846,0.24014497573355006,0.7132036134563113
25991,GOF,0.06254030022308907,0.5766195724525464,0.36084012732436443
25992,LOF,0.01930683411252285,0.3985087325715167,0.5821844333159605
25993,LOF,0.04804456651656747,0.025814738202390414,0.9261406952810421
25994,LOF,0.05275824389544402,0.04954867918251914,0.8976930769220369
25995,LOF,0.03321426701109426,0.06143450073904159,0.9053512322498642
25996,Neutral,0.3787449540708548,0.2622550325486572,0.35900001338048804
25997,LOF,0.08132662947835094,0.4516527192165888,0.4670206513050602
25998,LOF,0.18055921935146835,0.19800461562261204,0.6214361650259197
25999,GOF,0.020129901257311605,0.5747727659766467,0.4050973327660416
26000,LOF,0.12880114923735264,0.016109459343140446,0.8550893914195069
26001,LOF,0.1495200758155713,0.03965679627354329,0.8108231279108854
26002,LOF,0.10658991782263941,0.016635522084609847,0.8767745600927508
26003,GOF,0.011923443765695192,0.5073674074092842,0.4807091488250207
26004,LOF,0.03173118348384385,0.37942071526614624,0.58884810125001
26005,LOF,0.008007584991987145,0.45004948856288035,0.5419429264451324
26006,GOF,0.2496942284359019,0.4321449401230972,0.3181608314410008
26007,GOF,0.017700115083926982,0.5125232371335492,0.4697766477825238
26008,LOF,0.012477439568253213,0.374208940854826,0.6133136195769209
26009,GOF,0.02907861096988632,0.5954630499232042,0.37545833910690934
26010,GOF,0.012588706123835067,0.5427944018965933,0.4446168919795716
26011,LOF,0.008756313301748466,0.32635621513842183,0.6648874715598297
26012,LOF,0.010479796245031677,0.434137275199932,0.5553829285550363
26013,LOF,0.018702994089840733,0.41567487463441966,0.5656221312757397
26014,LOF,0.0864099975519665,0.02200132958734341,0.8915886728606902
26015,LOF,0.38256245907046094,0.14796027934464923,0.46947726158488984
26016,LOF,0.22853981494530096,0.2536649792708581,0.517795205783841
26017,GOF,0.014024157047873654,0.5871684746971292,0.39880736825499724
26018,LOF,0.019892455897255707,0.2971912122018129,0.6829163319009315
26019,LOF,0.02030639208816743,0.21816155042670707,0.7615320574851255
26020,LOF,0.0075687278229195415,0.361926017578061,0.6305052545990195
26021,LOF,0.08834732347216444,0.2640827978045408,0.6475698787232947
26022,LOF,0.06250554394403468,0.09003162927488681,0.8474628267810785
26023,LOF,0.03845214189747541,0.20537905725281438,0.7561688008497102
26024,LOF,0.053738516310142044,0.1791401680711263,0.7671213156187316
26025,LOF,0.1044327579446281,0.34365532669362775,0.5519119153617441
26026,LOF,0.11198748365668107,0.2921477988083144,0.5958647175350045
26027,LOF,0.03228724579369039,0.13066755392880494,0.8370452002775047
26028,LOF,0.05611394031583497,0.27881697725344734,0.6650690824307176
26029,LOF,0.034846956242668405,0.16673418123533562,0.7984188625219959
26030,LOF,0.19279296897125633,0.025697885034687507,0.7815091459940562
26031,LOF,0.01938438490015878,0.14751648151800814,0.8330991335818331
26032,LOF,0.03351903125298219,0.04991789030014279,0.916563078446875
26033,LOF,0.050791475023580314,0.1190021981636702,0.8302063268127495
26034,LOF,0.020638485773811218,0.11290797177230519,0.8664535424538836
26035,LOF,0.014358176744957436,0.12757229354909583,0.8580695297059467
26036,LOF,0.014609750921545343,0.10094623955178625,0.8844440095266684
26037,LOF,0.013314504069781538,0.08995507147103964,0.8967304244591789
26038,LOF,0.025783278237219084,0.05420766231624766,0.9200090594465332
26039,LOF,0.03205030607082332,0.12798819651402552,0.8399614974151512
26040,LOF,0.051340725058777945,0.22903372393203003,0.719625551009192
26041,LOF,0.015228954513208557,0.11884440906576275,0.8659266364210286
26042,LOF,0.013942642841103095,0.12123391131869041,0.8648234458402065
26043,LOF,0.025162157770572097,0.13159150057635285,0.8432463416530751
26044,LOF,0.00966258118913523,0.1296804914938804,0.8606569273169843
26045,LOF,0.08524631138167972,0.26173983509973325,0.6530138535185871
26046,LOF,0.024568583099588214,0.13667492290662428,0.8387564939937875
26047,LOF,0.06894650564685333,0.08364422570788686,0.8474092686452599
26048,LOF,0.07598535577180296,0.08237303990402088,0.8416416043241761
26049,Neutral,0.8924996964058818,0.0138319090244107,0.09366839456970746
26050,Neutral,0.8086892988203157,0.01584420547806679,0.17546649570161765
26051,GOF,0.015459289274541278,0.70908875544477,0.2754519552806887
26052,GOF,0.017895143748379246,0.6424881800267614,0.3396166762248593
26053,LOF,0.026911692591243527,0.030404721227387643,0.9426835861813688
26054,LOF,0.10176820567191418,0.11555117625957036,0.7826806180685154
26055,LOF,0.09922970012641193,0.1235764185389887,0.7771938813345993
26056,LOF,0.08830101130077574,0.13708697698793693,0.7746120117112874
26057,LOF,0.051350109967283765,0.04284326890687947,0.9058066211258368
26058,LOF,0.0572347519219788,0.032928080745915765,0.9098371673321055
26059,Neutral,0.6500154680053086,0.1110489002502097,0.23893563174448182
26060,LOF,0.014715002613440662,0.3487567122355405,0.6365282851510189
26061,LOF,0.009948914140287458,0.027667629478526915,0.9623834563811855
26062,LOF,0.005810778050585079,0.052304848954746824,0.9418843729946681
26063,LOF,0.0491994600494333,0.037740699149765765,0.9130598408008008
26064,LOF,0.009723536323125056,0.03728188540777968,0.9529945782690952
26065,LOF,0.03947316157906588,0.050225422112517557,0.9103014163084167
26066,LOF,0.047683384144264686,0.03503179511805131,0.917284820737684
26067,LOF,0.05854470583776673,0.05052937627106524,0.890925917891168
26068,LOF,0.10309893295946419,0.07404713029901674,0.8228539367415191
26069,LOF,0.08590907812786448,0.06465127271165437,0.8494396491604812
26070,LOF,0.25161004355017974,0.03999957279111982,0.7083903836587004
26071,LOF,0.05085854593385651,0.041063326420973205,0.9080781276451703
26072,LOF,0.00739644382245643,0.03178968547827907,0.9608138706992644
26073,LOF,0.04357958050143857,0.03363900258932052,0.9227814169092409
26074,Neutral,0.8433070987764436,0.023047571166096008,0.13364533005746027
26075,LOF,0.05123525071995154,0.08129318530317717,0.8674715639768713
26076,LOF,0.04979114524289954,0.06748372727343005,0.8827251274836704
26077,LOF,0.16666018473688235,0.0838405533284656,0.7494992619346521
26078,LOF,0.006167723335814385,0.069834240812765,0.9239980358514206
26079,LOF,0.11891519874534422,0.05419809081212455,0.8268867104425313
26080,LOF,0.11891519874534422,0.05419809081212455,0.8268867104425313
26081,LOF,0.05069290183505241,0.034140718149261305,0.9151663800156863
26082,LOF,0.006523177706464679,0.0925795526744139,0.9008972696191215
26083,LOF,0.03997452649359215,0.09429055196284894,0.8657349215435588
26084,LOF,0.05025864353944851,0.04784372448878586,0.9018976319717655
26085,LOF,0.04638073821611289,0.04033147789312715,0.9132877838907599
26086,LOF,0.041063215501938165,0.054469544218750235,0.9044672402793117
26087,LOF,0.05146961627011241,0.05807223863949617,0.8904581450903915
26088,LOF,0.0080714377418188,0.10607597402423283,0.8858525882339484
26089,LOF,0.03751300938670243,0.17344416392546944,0.7890428266878281
26090,LOF,0.040262767533610674,0.13155453941757528,0.828182693048814
26091,LOF,0.048861407228992605,0.05142716672933265,0.8997114260416748
26092,LOF,0.05346395264217314,0.030395831878668525,0.9161402154791584
26093,LOF,0.07107362397847794,0.025231175136139188,0.9036952008853828
26094,LOF,0.044773530967715504,0.04155818729362664,0.9136682817386579
26095,LOF,0.009933057675732613,0.045603193170638094,0.9444637491536294
26096,LOF,0.2967105642875604,0.010516878670572697,0.692772557041867
26097,LOF,0.007381633581673749,0.04281357712124026,0.9498047892970859
26098,LOF,0.11385118765911238,0.04424661003330327,0.8419022023075844
26099,LOF,0.034980708353916534,0.06334459371317532,0.9016746979329082
26100,LOF,0.034980708353916534,0.06334459371317532,0.9016746979329082
26101,LOF,0.031468054297011855,0.09513781341255889,0.8733941322904293
26102,LOF,0.04460832474631002,0.041217897532018065,0.914173777721672
26103,Neutral,0.8027305883985336,0.06907643788356216,0.12819297371790442
26104,LOF,0.11178159836195299,0.13413216643398035,0.7540862352040666
26105,LOF,0.2278400718141077,0.21460433128535047,0.5575555969005418
26106,LOF,0.33142759639527,0.1923004069224882,0.47627199668224185
26107,LOF,0.008693993510032347,0.27969506560827057,0.7116109408816971
26108,LOF,0.1552282148561338,0.2648494846253438,0.5799223005185224
26109,LOF,0.03390480081135607,0.07934561095799458,0.8867495882306493
26110,LOF,0.4260366786899319,0.05319815764879783,0.5207651636612703
26111,LOF,0.054998586244321315,0.28768321129950736,0.6573182024561713
26112,LOF,0.048578957444003965,0.0314493491221689,0.9199716934338271
26113,LOF,0.042866981347927414,0.06212747824286861,0.895005540409204
26114,LOF,0.08485558163549678,0.05494403705929401,0.8602003813052093
26115,LOF,0.009884183882982803,0.3643189001491591,0.6257969159678581
26116,LOF,0.05717767573725393,0.13171963337134027,0.8111026908914057
26117,LOF,0.17845619571682422,0.06935358591254562,0.7521902183706302
26118,LOF,0.04015221877039684,0.0265370933445278,0.9333106878850753
26119,LOF,0.005460454779795375,0.09646609820070412,0.8980734470195006
26120,LOF,0.04263726864118706,0.029185038463269603,0.9281776928955433
26121,LOF,0.004332791232244661,0.19263199793242824,0.8030352108353271
26122,LOF,0.004198088366625403,0.18307215909129657,0.812729752542078
26123,LOF,0.00492567204523885,0.18701807318467265,0.8080562547700886
