feature0,prediction,LoGoFunc_Neutral,LoGoFunc_GOF,LoGoFunc_LOF
25546,Neutral,0.6639274944209419,0.05457271002521923,0.28149979555383886
25547,Neutral,0.4727248318642036,0.09650476431136237,0.430770403824434
25548,Neutral,0.48371039867100957,0.07893315132146865,0.4373564500075219
25549,LOF,0.4020918157711682,0.07970151074652153,0.5182066734823102
25550,LOF,0.3479455265546063,0.11375596317062285,0.5382985102747709
25551,LOF,0.2913993301157487,0.12752411444470363,0.5810765554395476
25552,LOF,0.22329403686450802,0.12429351406834435,0.6524124490671477
25553,Neutral,0.7999680936077982,0.044481647434451606,0.15555025895775026
25554,LOF,0.27573308885401887,0.11637234955774077,0.6078945615882404
25555,LOF,0.2272070062303169,0.10936576943152419,0.6634272243381588
25556,LOF,0.43241396372042457,0.09338790590069126,0.4741981303788842
25557,LOF,0.20807911480808136,0.11517933353901122,0.6767415516529074
25558,LOF,0.2742396122759148,0.11630986179045061,0.6094505259336347
25559,LOF,0.18938551695159384,0.14783188959872534,0.6627825934496807
25560,LOF,0.07068990907451615,0.1319465572131112,0.7973635337123727
25561,LOF,0.13999202510907513,0.12464511106666727,0.7353628638242576
25562,LOF,0.0642556606502875,0.07727970593926427,0.8584646334104482
25563,LOF,0.08922580375578003,0.07134721611927586,0.8394269801249441
25564,LOF,0.219397431071643,0.1486661797750882,0.6319363891532688
25565,LOF,0.18445263947212348,0.12997833817959706,0.6855690223482794
25566,GOF,0.01986445752221017,0.7581507244018872,0.22198481807590248
25567,LOF,0.024826490536940807,0.12961899015710884,0.8455545193059503
25568,LOF,0.05966964213965839,0.06900376747548556,0.871326590384856
25569,LOF,0.05918515204266741,0.06961084485880419,0.8712040030985284
25570,LOF,0.03198673337285176,0.09910675358960315,0.868906513037545
25571,LOF,0.031188174058938027,0.09692375174841553,0.8718880741926465
25572,LOF,0.03458549506982852,0.11935302491211383,0.8460614800180577
25573,LOF,0.028595679395291097,0.09160040680507373,0.8798039137996353
25574,LOF,0.016184378804782355,0.175705107510882,0.8081105136843357
25575,LOF,0.026594814415571676,0.11187889967550867,0.8615262859089197
25576,LOF,0.01418565260267353,0.1428193266207746,0.8429950207765519
25577,LOF,0.012418259767353937,0.11274968677195486,0.8748320534606912
25578,LOF,0.28067656057917645,0.07518513817675133,0.6441383012440722
25579,LOF,0.12838716415863477,0.08091900024175169,0.7906938355996135
25580,LOF,0.01955188648518475,0.07477985062709128,0.9056682628877238
25581,LOF,0.04829505139951025,0.06820630103884201,0.8834986475616479
25582,LOF,0.04810743765567387,0.06653439447740503,0.8853581678669212
25583,LOF,0.020876445154389574,0.07958995816462058,0.89953359668099
25584,Neutral,0.5276924259705623,0.10611173338043753,0.3661958406490001
25585,LOF,0.013188498071340779,0.12041489726571608,0.8663966046629432
25586,LOF,0.019444132560826936,0.07179823835715396,0.9087576290820191
25587,LOF,0.017783925769659994,0.062457978737600214,0.9197580954927397
25588,LOF,0.018219100166563834,0.07839889156820551,0.9033820082652306
25589,Neutral,0.6218494799677245,0.13312804257138314,0.24502247746089226
25590,LOF,0.021071523687564174,0.11740627435927596,0.8615222019531599
25591,LOF,0.0826711118190111,0.05799613489410034,0.8593327532868886
25592,LOF,0.05327256847714522,0.12599662927411678,0.820730802248738
25593,LOF,0.02109958158514516,0.2736974311322662,0.7052029872825886
25594,LOF,0.038240720854254534,0.12335816146878653,0.8384011176769589
25595,LOF,0.036748448445613056,0.09101526940838099,0.8722362821460059
25596,LOF,0.051498076477783684,0.06530209724166261,0.8831998262805537
25597,LOF,0.03456587545061361,0.0813939434481423,0.8840401811012439
25598,LOF,0.03510587947495102,0.09629778225431347,0.8685963382707355
25599,GOF,0.008614008597863414,0.5471402700912672,0.44424572131086937
25600,GOF,0.025756649797505905,0.6220814173929214,0.3521619328095727
25601,LOF,0.012084660695247948,0.4173769525741019,0.5705383867306502
25602,LOF,0.0127659397063651,0.051656802369966504,0.9355772579236683
25603,LOF,0.04187959642638698,0.02258424905418106,0.9355361545194318
25604,LOF,0.017260838622974395,0.05576746274961183,0.9269716986274138
25605,LOF,0.009732876873676037,0.1702028477106837,0.8200642754156402
25606,LOF,0.11017169972238956,0.28495670259348566,0.6048715976841247
25607,LOF,0.0062403132969493956,0.19328263340563995,0.8004770532974107
25608,LOF,0.01221108693307176,0.09641096942786094,0.8913779436390673
25609,LOF,0.08044661834344789,0.41892730699317754,0.5006260746633745
25610,LOF,0.02065113776985333,0.0261749390484769,0.9531739231816698
25611,LOF,0.019055984113193335,0.027551697531527582,0.9533923183552792
25612,LOF,0.05896689207679969,0.037802378770148574,0.9032307291530517
25613,LOF,0.054346896732173924,0.038636273206870984,0.9070168300609551
25614,LOF,0.027690700961371082,0.031279407495399154,0.9410298915432298
25615,LOF,0.01842796282036175,0.042423224740857114,0.9391488124387812
25616,LOF,0.05175329414634732,0.030397407336242358,0.9178492985174103
25617,LOF,0.04816446927114717,0.03293862956897021,0.9188969011598827
25618,LOF,0.05979869693549487,0.03599736870349461,0.9042039343610105
25619,LOF,0.019477860143484963,0.03260712281575507,0.94791501704076
25620,LOF,0.0679356442783795,0.03946916178483689,0.8925951939367837
25621,LOF,0.01851883417651378,0.033174683807268394,0.9483064820162179
25622,LOF,0.024096270650991524,0.04091938725313666,0.9349843420958719
25623,LOF,0.03718723504709299,0.04239576943312706,0.9204169955197801
25624,LOF,0.023188772533740187,0.039593566992853824,0.9372176604734059
25625,LOF,0.024060494191473474,0.04962543329718269,0.9263140725113439
25626,LOF,0.053436781309979,0.036131775133210295,0.9104314435568106
25627,Neutral,0.6349643957898232,0.08819152575610237,0.27684407845407455
25628,LOF,0.19250464216940982,0.04811221287372815,0.7593831449568621
25629,LOF,0.03771718812730695,0.06296836661700435,0.8993144452556887
25630,LOF,0.1369105938675823,0.09253110053174633,0.7705583056006714
25631,Neutral,0.6255097883831928,0.057715322038673515,0.31677488957813366
25632,LOF,0.007550339422257251,0.06884206506370735,0.9236075955140353
25633,LOF,0.2087567281489976,0.04661440585694981,0.7446288659940526
25634,LOF,0.02858594808444949,0.09043801278966376,0.8809760391258867
25635,LOF,0.03855851537356318,0.049507126402600396,0.9119343582238364
25636,GOF,0.005541408832466418,0.49817718284769336,0.49628140831984036
25637,GOF,0.007223091577537126,0.5264915004692399,0.4662854079532231
25638,LOF,0.009534286788015007,0.24677610785140758,0.7436896053605774
25639,LOF,0.0055849319580046,0.40491876739767957,0.5894963006443158
25640,Neutral,0.5119174320838805,0.41336118254263055,0.074721385373489
25641,GOF,0.008479523651057568,0.501206139859481,0.49031433648946154
25642,LOF,0.217967524319422,0.11149904135279892,0.6705334343277791
25643,LOF,0.1577093655975794,0.15021732318937597,0.6920733112130447
25644,GOF,0.008141643168671787,0.5072758234299714,0.48458253340135693
25645,LOF,0.00683018472272309,0.4661390617090833,0.5270307535681936
25646,LOF,0.010539247925327047,0.40227905563218214,0.5871816964424909
25647,LOF,0.008742705717030497,0.31594844553283985,0.6753088487501296
25648,LOF,0.008426757486717866,0.30317295507054054,0.6884002874427416
25649,LOF,0.0073539002453316005,0.25217268281838806,0.7404734169362803
25650,LOF,0.011817693013743991,0.4390651882052813,0.5491171187809747
25651,LOF,0.0056501400374684325,0.3118555226708614,0.6824943372916701
25652,LOF,0.008495630720955369,0.31637351857055857,0.6751308507084861
25653,LOF,0.021717657084724458,0.44545366905484307,0.5328286738604325
25654,LOF,0.009384203509667855,0.20926781981169423,0.7813479766786379
25655,LOF,0.0383316279100942,0.4563077408095777,0.5053606312803282
25656,LOF,0.2081381695962165,0.05393283029702609,0.7379290001067573
25657,LOF,0.2687352535856156,0.029158361111760043,0.7021063853026243
25658,LOF,0.06764366868633127,0.10071395125269877,0.8316423800609699
25659,LOF,0.4280209697705545,0.07640322528086838,0.4955758049485772
25660,LOF,0.03050361004678374,0.08625400655217512,0.8832423834010411
25661,LOF,0.09444637145925663,0.05905639389245993,0.8464972346482834
25662,LOF,0.03234962178481995,0.03763545699422409,0.930014921220956
25663,LOF,0.041893115596056234,0.05371236594434952,0.9043945184595942
25664,LOF,0.05296037283450301,0.07107622131053876,0.8759634058549581
25665,LOF,0.05209743068416193,0.02755851587770996,0.920344053438128
25666,LOF,0.03965294536389571,0.09165753821790769,0.8686895164181966
25667,LOF,0.0653926503512708,0.04269875318836052,0.8919085964603687
25668,LOF,0.03666109032069229,0.043773939840414174,0.9195649698388936
25669,LOF,0.03324919991148368,0.06157088229836605,0.9051799177901503
25670,LOF,0.060085521189847224,0.0622094903679053,0.8777049884422475
25671,LOF,0.0911693034783029,0.035568322733111495,0.8732623737885856
25672,LOF,0.056804541578994325,0.03617249673898913,0.9070229616820166
25673,LOF,0.026059387743962346,0.05081313435923459,0.923127477896803
25674,LOF,0.023115052830944574,0.06511722850947421,0.9117677186595813
25675,LOF,0.037889217843930754,0.05402801839614917,0.9080827637599201
25676,LOF,0.019875636349414735,0.05011533440347008,0.9300090292471153
25677,LOF,0.028959705150531402,0.0639232742021999,0.9071170206472687
25678,LOF,0.20185366479828068,0.05792987880860565,0.7402164563931137
25679,LOF,0.1630298715914973,0.0907823773721293,0.7461877510363734
25680,LOF,0.04595026572981508,0.10172657767968797,0.852323156590497
25681,LOF,0.0664293490062136,0.09695740039805126,0.8366132505957352
25682,LOF,0.14433091250633787,0.07436233228545588,0.7813067552082064
25683,LOF,0.08165152718537293,0.12691870930527605,0.791429763509351
25684,LOF,0.04655892560331839,0.07324967466722969,0.8801913997294519
25685,LOF,0.08734509176616238,0.04495984001591496,0.8676950682179227
25686,LOF,0.026246632477362284,0.08175968224172099,0.8919936852809167
25687,LOF,0.0545106223786169,0.07057769163179947,0.8749116859895837
25688,LOF,0.05102896175318953,0.07065068475618774,0.8783203534906227
25689,LOF,0.029264200540529202,0.07446745477283492,0.896268344686636
25690,LOF,0.035376519610757974,0.0637406154411977,0.9008828649480443
25691,LOF,0.2572304997427719,0.08529302374901976,0.6574764765082083
25692,LOF,0.24506805212357033,0.009151373153809584,0.74578057472262
25693,LOF,0.05716465795517735,0.34770347462387324,0.5951318674209494
25694,LOF,0.22699385446497639,0.015269513743092562,0.757736631791931
25695,LOF,0.13834015991288032,0.020341621754936274,0.8413182183321835
25696,LOF,0.10663929215593596,0.012305425313193405,0.8810552825308706
25697,LOF,0.09090302061942418,0.02497024856574274,0.8841267308148332
25698,LOF,0.0703538054445493,0.43349355163396025,0.4961526429214905
25699,LOF,0.06376958523917231,0.09302747560774273,0.843202939153085
25700,LOF,0.05491752888791807,0.010676785416923932,0.9344056856951579
25701,LOF,0.016197093635799038,0.09607929487599809,0.8877236114882028
25702,GOF,0.04409282448535345,0.6198776758817449,0.3360294996329016
25703,LOF,0.009167992828308926,0.1578125389214174,0.8330194682502737
25704,LOF,0.059609956971527295,0.10486013478899525,0.8355299082394775
25705,LOF,0.07686484983797559,0.2215017679066678,0.7016333822553565
25706,LOF,0.029252390962225542,0.41304398511512114,0.5577036239226534
25707,LOF,0.021883601710910968,0.3251230104814012,0.6529933878076878
25708,LOF,0.009203492696409238,0.3136853133988261,0.6771111939047647
25709,LOF,0.06421584648786695,0.045543061463929904,0.8902410920482031
25710,LOF,0.006507650885412711,0.13552860837524922,0.8579637407393381
25711,LOF,0.02046151423221089,0.10305305312126298,0.8764854326465261
25712,LOF,0.009141800416852872,0.17936672203201803,0.811491477551129
25713,LOF,0.02188027264080582,0.08822374487868774,0.8898959824805065
25714,LOF,0.06811831250179168,0.11238078230989938,0.819500905188309
25715,LOF,0.013685248384320574,0.12383054021138445,0.862484211404295
25716,LOF,0.0071167671240576855,0.12641461192410405,0.8664686209518383
25717,LOF,0.007101138685908028,0.07364337125239749,0.9192554900616944
25718,LOF,0.014342813749530772,0.0779779914055771,0.9076791948448921
25719,LOF,0.022156678109716475,0.07689811855280888,0.9009452033374746
25720,LOF,0.023468915836158597,0.06897046322683709,0.9075606209370044
25721,LOF,0.019157171879248435,0.09575499949768174,0.8850878286230698
25722,LOF,0.01729801835267148,0.11167634696845057,0.8710256346788778
25723,LOF,0.023392917852316022,0.056057880582483934,0.9205492015652
25724,LOF,0.02092552833469169,0.08449962759094491,0.8945748440743635
25725,LOF,0.014274512635507226,0.0648916310890666,0.9208338562754262
25726,LOF,0.01764403746694625,0.0958351930011538,0.8865207695318998
25727,LOF,0.01452250607270575,0.07022643863461055,0.9152510552926837
25728,LOF,0.012949001727337883,0.0897745753365459,0.8972764229361162
25729,LOF,0.013168899596280025,0.09318989647295545,0.8936412039307645
25730,LOF,0.019449141675269403,0.0724882413033786,0.9080626170213519
25731,LOF,0.009159481780462598,0.12748417343669255,0.8633563447828447
25732,LOF,0.01891787796068511,0.07658823235898711,0.9044938896803278
25733,LOF,0.01868754693233006,0.06587273959644258,0.9154397134712274
25734,LOF,0.006449947338397399,0.11931495904706961,0.874235093614533
25735,LOF,0.01610507117541678,0.06900704080173513,0.914887888022848
25736,LOF,0.016970161306126236,0.09565980341191023,0.8873700352819636
25737,LOF,0.023635346000298256,0.07961086480009623,0.8967537891996056
25738,LOF,0.01585507499645865,0.11839677078118685,0.8657481542223544
25739,LOF,0.022723020538559343,0.09914856801878309,0.8781284114426576
25740,LOF,0.0353098848879146,0.10523032024586501,0.8594597948662203
25741,LOF,0.018036260657410493,0.09693585113159651,0.885027888210993
25742,LOF,0.10441927901911258,0.09628884078997157,0.7992918801909158
25743,LOF,0.017943476452546462,0.03189608761861879,0.9501604359288347
25744,LOF,0.20009884035784894,0.38377412055214943,0.4161270390900016
25745,LOF,0.025533313101780905,0.05611575642689214,0.9183509304713269
25746,LOF,0.01647088107761985,0.06730058918739965,0.9162285297349806
25747,LOF,0.029248225028313434,0.028426237944768333,0.9423255370269183
25748,LOF,0.12929993851447344,0.04757758077696971,0.8231224807085568
25749,LOF,0.015472617911034325,0.06009589920083638,0.9244314828881293
25750,LOF,0.02925110767557593,0.07307631808603973,0.8976725742383844
25751,LOF,0.11859140733537067,0.05897459249512913,0.8224340001695002
25752,GOF,0.13950720542446465,0.5987088081304999,0.2617839864450354
25753,LOF,0.009352090879580936,0.26814819572175663,0.7224997133986625
25754,GOF,0.005118932696073261,0.7905968826804697,0.20428418462345704
25755,LOF,0.010439796571531015,0.37980549342527997,0.609754710003189
25756,LOF,0.046448607586659814,0.35889910350834353,0.5946522889049967
25757,GOF,0.005471924158098877,0.8351935620381515,0.15933451380374974
25758,GOF,0.006644575661172429,0.8373790557772945,0.15597636856153294
25759,GOF,0.004444084792758376,0.5279931903706052,0.46756272483663647
25760,LOF,0.0059660194169267045,0.2499085764655819,0.7441254041174913
25761,GOF,0.042884570260777674,0.8125497358601671,0.14456569387905513
25762,LOF,0.03483979878641671,0.27511270954027367,0.6900474916733096
25763,LOF,0.00711921602899031,0.17736036306886996,0.8155204209021397
25764,GOF,0.17665073896818195,0.5019249892415188,0.3214242717902992
25765,GOF,0.009876479579261282,0.7718155638850034,0.2183079565357353
25766,GOF,0.016896041562189407,0.804667599756135,0.17843635868167548
25767,GOF,0.022951162751077163,0.5438372128663351,0.43321162438258776
25768,LOF,0.08064235391681766,0.08243229227962556,0.8369253538035567
25769,LOF,0.08909569561219705,0.06596663711243232,0.8449376672753707
25770,LOF,0.34279901523681056,0.07587548555158359,0.5813254992116058
25771,LOF,0.015003418699815101,0.06146822932301382,0.9235283519771711
25772,LOF,0.020570040601140035,0.02948944921862293,0.9499405101802371
25773,LOF,0.012703802728639918,0.11861374916694549,0.8686824481044145
25774,LOF,0.027574985982206285,0.07467941332393478,0.897745600693859
25775,LOF,0.01585199108500366,0.052138513403506025,0.9320094955114904
25776,LOF,0.0870555503972086,0.025681775390929144,0.8872626742118622
25777,LOF,0.3110052653783511,0.05377607497272992,0.635218659648919
25778,LOF,0.07191457672864965,0.04879109731285317,0.8792943259584972
25779,GOF,0.08644951881541488,0.8563423739124316,0.05720810727215344
25780,GOF,0.07338698552360011,0.8412269175667815,0.08538609690961847
25781,GOF,0.026320420744077543,0.8460160812708595,0.12766349798506293
25782,GOF,0.03706699416412041,0.8766738811340599,0.0862591247018198
25783,GOF,0.013378274729532796,0.6533963560106323,0.3332253692598349
25784,GOF,0.1485918107049656,0.7965674719106609,0.05484071738437363
25785,GOF,0.0803742704796342,0.8663332569277868,0.053292472592578896
25786,GOF,0.006385180066420711,0.8096697390136385,0.1839450809199409
25787,GOF,0.21958274405551784,0.7349980042963223,0.045419251648159784
25788,LOF,0.05235481233687647,0.12407655698350269,0.8235686306796208
25789,GOF,0.03415200920151638,0.8014884904991206,0.1643595002993629
25790,GOF,0.0368904818169115,0.8274878540277202,0.13562166415536842
25791,GOF,0.026881957517079662,0.7752702613525966,0.19784778113032364
25792,GOF,0.052022077315138894,0.7626459854770639,0.1853319372077973
25793,GOF,0.07077894984969087,0.722397391220928,0.20682365892938104
25794,GOF,0.10333286259306566,0.6799721250039348,0.21669501240299957
25795,GOF,0.024250834963009803,0.754713386615377,0.2210357784216132
25796,GOF,0.1280014254296627,0.745041303837063,0.12695727073327423
25797,GOF,0.03513373242026427,0.576342448468225,0.38852381911151074
25798,GOF,0.003432332549016761,0.5285796443709356,0.4679880230800476
25799,LOF,0.0033190173494033887,0.40251801183575453,0.594162970814842
25800,GOF,0.01099378558016087,0.5908217874302159,0.39818442698962325
25801,GOF,0.038491762446765505,0.8088641039381197,0.15264413361511484
25802,GOF,0.018176062353188117,0.7064844949806066,0.2753394426662053
25803,GOF,0.01055011855913232,0.564880363771783,0.42456951766908474
25804,LOF,0.011660411482243727,0.4684996872639598,0.5198399012537965
25805,GOF,0.02069038209219413,0.6119989904226211,0.36731062748518484
25806,GOF,0.018797969318903013,0.6046773613871173,0.3765246692939798
25807,GOF,0.0060693845653925285,0.6394381969947128,0.35449241843989476
25808,GOF,0.014122096194616966,0.6370420322578072,0.3488358715475757
25809,GOF,0.006505039669005155,0.5967812942218786,0.3967136661091163
25810,GOF,0.005285958439226507,0.6218522158914462,0.37286182566932724
25811,GOF,0.11766907422872516,0.7555834477782419,0.12674747799303274
25812,GOF,0.013693445345242063,0.6044152953170183,0.38189125933773954
25813,GOF,0.14144428685645818,0.6945066462260718,0.16404906691746995
25814,GOF,0.03170363901018507,0.6948017431037602,0.2734946178860549
25815,GOF,0.043984653216879846,0.6873134459612564,0.2687019008218638
25816,GOF,0.008107825324855721,0.7440863871174944,0.24780578755764981
25817,GOF,0.06161841354910815,0.7793498287773921,0.1590317576734996
25818,GOF,0.016150351933569243,0.6869836784235552,0.29686596964287554
25819,GOF,0.07318998614500277,0.7196295692460031,0.20718044460899435
25820,GOF,0.03132700499403731,0.7250299991516732,0.2436429958542895
25821,GOF,0.015783134157227614,0.6900338239720043,0.2941830418707682
25822,GOF,0.034305844223124486,0.7008675420780527,0.26482661369882293
25823,GOF,0.010959869394687136,0.5335053410398586,0.4555347895654543
25824,GOF,0.01977971857562871,0.6603240468359192,0.31989623458845207
25825,GOF,0.011519563731795527,0.6291856361893382,0.35929480007886627
25826,GOF,0.0049521102099925945,0.6018768439038923,0.3931710458861151
25827,GOF,0.0078438908165412,0.627368462646701,0.36478764653675777
25828,GOF,0.004915080122691398,0.5479697782478796,0.44711514162942895
25829,GOF,0.002881370409281909,0.5859901887568196,0.41112844083389843
25830,LOF,0.045892961302439424,0.30777619908341564,0.6463308396141448
25831,GOF,0.05098847866300065,0.79614121424868,0.15287030708831933
25832,GOF,0.0081503524658759,0.7460564149814525,0.2457932325526716
25833,GOF,0.03086377050286764,0.7825699241870143,0.18656630531011803
25834,GOF,0.008790688595422091,0.7540017910526342,0.23720752035194353
25835,GOF,0.01857296350910378,0.7985213070774557,0.18290572941344058
25836,GOF,0.007694217048872401,0.721213095634176,0.2710926873169516
25837,GOF,0.007177407402483962,0.6482928137549092,0.3445297788426067
25838,GOF,0.02222146870015246,0.8275342938613391,0.15024423743850837
25839,GOF,0.057262077349238785,0.7732010347341206,0.16953688791664048
25840,GOF,0.05514597302988449,0.7847887559314147,0.16006527103870083
25841,GOF,0.047596960717076385,0.8005958919270686,0.15180714735585502
25842,GOF,0.028501486169551844,0.8520402563517226,0.11945825747872546
25843,GOF,0.030372387180083376,0.8683806328140995,0.10124698000581728
25844,GOF,0.019535429376559825,0.7698756783597742,0.21058889226366578
25845,GOF,0.005806571946672082,0.5468114353706515,0.4473819926826765
25846,GOF,0.03704318632249386,0.822366219865218,0.14059059381228825
25847,GOF,0.021570563013635306,0.8849218144848676,0.09350762250149709
25848,GOF,0.012839070154146575,0.776826037596552,0.2103348922493013
25849,GOF,0.0045608924104994395,0.6496699774629592,0.34576913012654137
25850,GOF,0.006321354736020429,0.682636462907305,0.3110421823566745
25851,GOF,0.005853331122436977,0.5590454601182743,0.4351012087592887
25852,GOF,0.16220677150731322,0.5172817738369899,0.3205114546556969
25853,GOF,0.07016903753472935,0.8174959208399352,0.11233504162533564
25854,GOF,0.00831064757791557,0.6321891663402665,0.35950018608181794
25855,GOF,0.012260221106509083,0.588294104772314,0.3994456741211769
25856,GOF,0.04376200034250245,0.690541626419283,0.2656963732382147
25857,GOF,0.012524973518823783,0.5211596725056559,0.46631535397552026
25858,GOF,0.008205671498713374,0.5196380678050071,0.47215626069627953
25859,GOF,0.005405217255392096,0.49957367799435193,0.49502110475025596
25860,GOF,0.08762322050484679,0.7856245709045996,0.12675220859055364
25861,GOF,0.13793301005226827,0.7652618458972757,0.09680514405045604
25862,GOF,0.021317291675326838,0.8349452455431502,0.143737462781523
25863,GOF,0.022261695998141894,0.8443024469081621,0.13343585709369601
25864,GOF,0.052296301095770235,0.868137118779785,0.07956658012444483
25865,GOF,0.028854446996935033,0.8455401029560018,0.12560545004706303
25866,GOF,0.02282720407564889,0.8225517549547269,0.15462104096962415
25867,GOF,0.02872635450523595,0.8592030479531912,0.11207059754157271
25868,GOF,0.06099888416345643,0.7885278727179709,0.1504732431185727
25869,GOF,0.3387113440940918,0.5592577890421068,0.10203086686380146
25870,GOF,0.2111277568962855,0.47101166590856103,0.3178605771951535
25871,GOF,0.0315687423240343,0.8249169758477556,0.14351428182821016
25872,GOF,0.018905523515040913,0.7463860902109095,0.2347083862740495
25873,GOF,0.024593882848413743,0.796720618280261,0.1786854988713252
25874,LOF,0.01854023971280166,0.13615431438831135,0.845305445898887
25875,LOF,0.024692156191460767,0.04901550453366464,0.9262923392748745
25876,LOF,0.01571919156432426,0.03180141611838736,0.9524793923172884
25877,LOF,0.14403957354392471,0.0798496004998638,0.7761108259562115
25878,LOF,0.06335518608904125,0.12554155739803455,0.8111032565129241
25879,LOF,0.022667631023243547,0.08934717183121131,0.8879851971455451
25880,LOF,0.04690560027938213,0.011920631220256541,0.9411737685003613
25881,Neutral,0.5326111491383005,0.03529077003043202,0.43209808083126744
25882,LOF,0.019727648461355028,0.028652633708762414,0.9516197178298825
25883,LOF,0.05964233626000572,0.022933048410701134,0.9174246153292931
25884,LOF,0.009593972323650408,0.03789252303508171,0.9525135046412679
25885,LOF,0.16296834330116727,0.006549829224305416,0.8304818274745273
25886,LOF,0.2695071340441965,0.05029542598213355,0.6801974399736699
25887,LOF,0.15208602672037896,0.04335888616294522,0.8045550871166758
25888,LOF,0.0123247811684517,0.10227629660869242,0.8853989222228559
25889,LOF,0.011776475612753719,0.027826289194760143,0.9603972351924862
25890,LOF,0.13939672173976897,0.0931752117560984,0.7674280665041326
25891,LOF,0.041986016244003804,0.04318001461907385,0.9148339691369224
25892,LOF,0.014022428025738219,0.046891239445084665,0.9390863325291771
25893,LOF,0.4053901206810071,0.01437187902367336,0.5802380002953196
25894,LOF,0.4375946600592359,0.008365742191577569,0.5540395977491864
25895,LOF,0.3670522935101657,0.016327231281590287,0.616620475208244
25896,LOF,0.04398317288487677,0.03232502708667683,0.9236918000284463
25897,LOF,0.20746723972002853,0.015377894094593557,0.777154866185378
25898,LOF,0.25822119006961447,0.04023368907358599,0.7015451208567995
25899,LOF,0.18888731301547593,0.03668706443530182,0.7744256225492222
25900,LOF,0.4917295369641068,0.016145319766203467,0.49212514326968965
25901,LOF,0.04674421692452682,0.015111045466016338,0.9381447376094568
25902,LOF,0.10815726346166239,0.018234818647332226,0.8736079178910053
25903,LOF,0.4422001942537947,0.038599078967186624,0.5192007267790186
25904,LOF,0.32681440604226136,0.05855238155032554,0.6146332124074131
25905,LOF,0.005928033662661992,0.40828731030631693,0.585784656031021
25906,LOF,0.01007117974773314,0.09340372989419846,0.8965250903580685
25907,LOF,0.004243025088542981,0.39224351822224707,0.60351345668921
25908,LOF,0.003671931329775915,0.2769048359183823,0.7194232327518417
25909,LOF,0.01379405353035782,0.1136498489958421,0.8725560974738001
25910,LOF,0.01569351271488683,0.15885119880262835,0.825455288482485
25911,LOF,0.18298383171154847,0.03261591574035818,0.7844002525480933
25912,LOF,0.06694798548637089,0.03839802668940723,0.894653987824222
25913,LOF,0.08463576390641357,0.052062482413618716,0.8633017536799676
25914,LOF,0.020941968395987977,0.05693035129514645,0.9221276803088656
25915,LOF,0.1409454994827366,0.34715339456589156,0.511901105951372
25916,LOF,0.018236258107828248,0.23988380905836998,0.7418799328338017
25917,LOF,0.055252148715476006,0.03942608715808035,0.9053217641264437
25918,LOF,0.026104100542031352,0.030476841390674077,0.9434190580672946
25919,LOF,0.022243390472791162,0.030197947712094983,0.9475586618151138
25920,LOF,0.06577138904878245,0.422030827518752,0.5121977834324655
25921,LOF,0.01054516647944397,0.040201288223774334,0.9492535452967817
25922,LOF,0.013298369392664416,0.033577497462469644,0.953124133144866
25923,Neutral,0.48918442819305363,0.04331577655224854,0.467499795254698
25924,LOF,0.017793398720770598,0.042516819631938936,0.9396897816472904
25925,LOF,0.07893486780530456,0.048534243673758776,0.8725308885209366
25926,LOF,0.05639563138882421,0.04337913267522641,0.9002252359359494
25927,LOF,0.017076352609938374,0.14981706087900246,0.8331065865110592
25928,LOF,0.008130650366601763,0.0559102673339774,0.9359590822994208
25929,Neutral,0.6029360384991292,0.04560240948094586,0.351461552019925
25930,LOF,0.06849963008882547,0.03605906799826608,0.8954413019129085
25931,LOF,0.010002066307519219,0.03513949331413673,0.954858440378344
25932,LOF,0.031197706143051143,0.03053425117856137,0.9382680426783874
25933,LOF,0.04056805585462187,0.021060587516553694,0.9383713566288244
25934,LOF,0.02786695976671703,0.022299661704376694,0.9498333785289064
25935,LOF,0.06831123800349136,0.05957816444801969,0.872110597548489
25936,LOF,0.04487609788832767,0.026304384848531398,0.9288195172631409
25937,LOF,0.01027101391613807,0.04632587213250323,0.9434031139513587
25938,LOF,0.06674803260083093,0.06674517626017518,0.866506791138994
25939,LOF,0.039330621695980096,0.02494193895946036,0.9357274393445595
25940,LOF,0.006876845894297582,0.315438931097701,0.6776842230080015
25941,Neutral,0.5213975355458141,0.04927648969635747,0.42932597475782847
25942,LOF,0.004884709955367921,0.043154462735580906,0.9519608273090512
25943,LOF,0.03603477454376394,0.13545967557164146,0.8285055498845946
25944,LOF,0.10011264394021162,0.0822697816849429,0.8176175743748455
25945,LOF,0.05440295870952142,0.020347929410174454,0.9252491118803042
25946,LOF,0.06922750235602228,0.06292290212505762,0.8678495955189202
25947,LOF,0.43753374527311867,0.08918258450504055,0.4732836702218409
25948,LOF,0.3067929245874327,0.010092680373219235,0.683114395039348
25949,LOF,0.08812865411758895,0.047870495935520924,0.8640008499468902
25950,GOF,0.04442738879164843,0.5291345993803447,0.42643801182800684
25951,LOF,0.021351876873815123,0.34521526243079037,0.6334328606953945
25952,LOF,0.24638533846533295,0.24115501361096947,0.5124596479236976
25953,LOF,0.01463993324614258,0.1376076437849294,0.847752422968928
25954,LOF,0.07077824233364165,0.3599456609978938,0.5692760966684646
25955,LOF,0.011587478173645784,0.09278425866782182,0.8956282631585324
25956,LOF,0.02965296376835172,0.1643484535779253,0.8059985826537229
25957,LOF,0.14061732421683706,0.02102725828413475,0.8383554174990282
25958,LOF,0.049200619872768435,0.033939381331952956,0.9168599987952786
25959,LOF,0.013036833350830428,0.3734484177801869,0.6135147488689827
25960,LOF,0.006123139443036744,0.053489491956067,0.9403873686008962
25961,LOF,0.03787496105140234,0.031811554526325274,0.9303134844222724
25962,LOF,0.0332341596989897,0.06214777879581572,0.9046180615051945
25963,LOF,0.004952560491711339,0.28789547952020617,0.7071519599880826
25964,LOF,0.0352060326601365,0.10984354132238923,0.8549504260174743
25965,LOF,0.36136883794327673,0.09686197719495755,0.5417691848617656
25966,Neutral,0.5207160999853557,0.15819239568904825,0.3210915043255961
25967,LOF,0.007445187409894838,0.07934409503713195,0.9132107175529731
25968,LOF,0.040990408366433105,0.3646815874994473,0.5943280041341197
25969,LOF,0.12287523553273913,0.058411322510748445,0.8187134419565124
25970,LOF,0.01867690192227884,0.07360525903029219,0.907717839047429
25971,LOF,0.06275427139506252,0.02951039099380639,0.907735337611131
25972,LOF,0.06251354506395422,0.04066108417255193,0.8968253707634938
25973,LOF,0.05069022917062534,0.008999457459744571,0.94031031336963
25974,LOF,0.03640693145224295,0.03042774436832646,0.9331653241794305
25975,LOF,0.04453952060831041,0.019751139904138702,0.935709339487551
25976,LOF,0.1065883862506135,0.010090070620361543,0.883321543129025
25977,LOF,0.20376308125788187,0.05759342499053893,0.7386434937515791
25978,LOF,0.1644593144615708,0.10223668122787596,0.7333040043105531
25979,LOF,0.1400469609187852,0.10086264568007788,0.7590903934011369
25980,LOF,0.2383016812121946,0.1266657929400407,0.6350325258477646
25981,LOF,0.2670743998592974,0.1261872018993656,0.606738398241337
25982,LOF,0.4201143710185728,0.08135623302235136,0.49852939595907575
25983,LOF,0.40736926025043063,0.08810521226748956,0.5045255274820798
25984,LOF,0.04274255026759786,0.05446131769636354,0.9027961320360386
25985,LOF,0.3642534735263749,0.13076367279167705,0.5049828536819481
25986,LOF,0.009459572778429421,0.3858799724150546,0.604660454806516
25987,LOF,0.03558136210127973,0.08039883804032028,0.8840197998584
25988,LOF,0.15417139065158528,0.08061766730787476,0.7652109420405401
25989,LOF,0.03697670245278896,0.1218804778429795,0.8411428197042315
25990,LOF,0.037316799259440765,0.18038690311870187,0.7822962976218573
25991,LOF,0.014821771723762627,0.33889856049166406,0.6462796677845732
25992,LOF,0.022902250662418126,0.3217046435305941,0.6553931058069878
25993,LOF,0.02126606192465335,0.07826240051865782,0.9004715375566889
25994,LOF,0.01576814956887076,0.07810678175327006,0.9061250686778591
25995,LOF,0.021432151218790156,0.16308016191915664,0.8154876868620532
25996,LOF,0.3014085251800826,0.2839106342952263,0.4146808405246912
25997,LOF,0.06351199468885073,0.3398340351701177,0.5966539701410316
25998,LOF,0.3002154205370152,0.041932068378119164,0.6578525110848655
25999,LOF,0.014406857085673776,0.2713834115380682,0.7142097313762581
26000,LOF,0.15928423602188865,0.02345440700880396,0.8172613569693074
26001,LOF,0.30353717069893255,0.021790907852170707,0.6746719214488969
26002,LOF,0.0638359355598524,0.03855353774103098,0.8976105266991167
26003,GOF,0.003851727614149454,0.629287195002027,0.36686107738382356
26004,GOF,0.005571336894139102,0.7062964733144247,0.2881321897914362
26005,LOF,0.00291575415898776,0.4878113849289019,0.5092728609121104
26006,GOF,0.08396274274844802,0.5551310583322335,0.3609061989193185
26007,GOF,0.005388066603379068,0.5446122047171428,0.4499997286794782
26008,GOF,0.005131348652459445,0.6293567369420233,0.3655119144055172
26009,GOF,0.0057786650617847775,0.667900458099713,0.3263208768385022
26010,GOF,0.006434997420826134,0.6824864586552655,0.3110785439239085
26011,LOF,0.002645488602063576,0.4790453654190074,0.5183091459789291
26012,GOF,0.0038037107248213393,0.5576651373821369,0.43853115189304187
26013,GOF,0.0046684945352497235,0.638713925428546,0.35661758003620425
26014,LOF,0.04888367856846315,0.08395244801871805,0.8671638734128189
26015,LOF,0.13569129929469767,0.023040489175212328,0.8412682115300901
26016,LOF,0.3006799888111585,0.03268884307701548,0.6666311681118261
26017,LOF,0.022186580130897596,0.19583863123054265,0.7819747886385597
26018,LOF,0.07818590920127907,0.04552927181906241,0.8762848189796586
26019,LOF,0.07386586006976857,0.03756105362252546,0.8885730863077059
26020,LOF,0.009745467829497251,0.19546737059877248,0.7947871615717301
26021,LOF,0.07093615826440015,0.061868136910978797,0.867195704824621
26022,LOF,0.02829689212944052,0.026394917366274497,0.9453081905042849
26023,LOF,0.049612984901801216,0.026642141018161463,0.9237448740800374
26024,LOF,0.04487532847131979,0.0609211159282396,0.8942035556004405
26025,LOF,0.061179585232098065,0.14157270952573614,0.7972477052421657
26026,LOF,0.13745743236602934,0.05697228098708275,0.805570286646888
26027,LOF,0.06166348654576279,0.02080524902734907,0.9175312644268881
26028,LOF,0.09144492913489898,0.11536863420066773,0.7931864366644332
26029,LOF,0.026381289467367276,0.1641915641697677,0.8094271463628651
26030,LOF,0.1479705367854423,0.020850831804892424,0.8311786314096652
26031,LOF,0.013838574523803524,0.12818387079221716,0.8579775546839793
26032,LOF,0.08233771248764968,0.051629846421671476,0.8660324410906789
26033,LOF,0.09220694907112796,0.04740444143261872,0.8603886094962533
26034,LOF,0.015014977730241645,0.13308576273359704,0.8518992595361613
26035,LOF,0.013337449847690364,0.11233359349149913,0.8743289566608106
26036,LOF,0.015888819005985152,0.1346374413942134,0.8494737395998014
26037,LOF,0.011646396356963358,0.09823514849485539,0.8901184551481812
26038,LOF,0.07102941835917091,0.04848307898812867,0.8804875026527004
26039,LOF,0.023295071749441277,0.13151396712449892,0.8451909611260597
26040,LOF,0.11773178782338563,0.09223220455104172,0.7900360076255727
26041,LOF,0.013843400975640392,0.08964943351885828,0.8965071655055015
26042,LOF,0.01235686046261878,0.09350569351270455,0.8941374460246767
26043,LOF,0.07039817640778921,0.0660536931193178,0.8635481304728929
26044,LOF,0.015859656124575957,0.048150336846003325,0.9359900070294207
26045,LOF,0.04810349477325054,0.09290941174389299,0.8589870934828564
26046,LOF,0.06419212950603069,0.05355791798941867,0.8822499525045506
26047,LOF,0.10507255295109319,0.05746023380206013,0.8374672132468467
26048,LOF,0.05182082202681678,0.03451425564351615,0.913664922329667
26049,Neutral,0.9684000497073177,0.005681538742857037,0.02591841154982526
26050,Neutral,0.954937673494774,0.00698795663070272,0.03807436987452336
26051,LOF,0.012480600474882447,0.2412346711183453,0.7462847284067723
26052,LOF,0.01567617134450247,0.2889325720363237,0.6953912566191737
26053,LOF,0.026724630271611913,0.14796940365896397,0.8253059660694241
26054,LOF,0.047725704386883776,0.016849560638801,0.9354247349743152
26055,LOF,0.061414014879335156,0.017206036469562758,0.9213799486511022
26056,LOF,0.050402449693266745,0.01902074579440706,0.930576804512326
26057,LOF,0.03138898348596897,0.011985392035197204,0.9566256244788338
26058,LOF,0.0318726504107767,0.010403624224069045,0.9577237253651542
26059,LOF,0.28643640613295934,0.022575510548117787,0.6909880833189229
26060,LOF,0.007553470472408412,0.24728734984980572,0.745159179677786
26061,LOF,0.005125247977337765,0.011697734286648189,0.9831770177360141
26062,LOF,0.004251441948723902,0.015207910943013481,0.9805406471082627
26063,LOF,0.021682031636439867,0.009606903107623525,0.9687110652559365
26064,LOF,0.007137138640606109,0.021917757823534126,0.9709451035358597
26065,LOF,0.022684892775463542,0.01085453829996371,0.9664605689245728
26066,LOF,0.02051095213444967,0.009884780558616408,0.9696042673069338
26067,LOF,0.02855734191006795,0.008756854678348417,0.9626858034115837
26068,LOF,0.04384282368465431,0.03026414933215137,0.9258930269831944
26069,LOF,0.25390798281003324,0.018689367569151884,0.7274026496208149
26070,LOF,0.3872417015023032,0.013863223795619597,0.5988950747020773
26071,LOF,0.020447297532020254,0.010802347988429146,0.9687503544795506
26072,LOF,0.0060767357430049195,0.01862314682852944,0.9753001174284657
26073,LOF,0.018217059379365463,0.012789859296292347,0.9689930813243421
26074,Neutral,0.8992492212829246,0.0061372774730057995,0.09461350124406959
26075,LOF,0.04358209573778707,0.013970859835323274,0.9424470444268898
26076,LOF,0.03706559205964113,0.009238154781582901,0.953696253158776
26077,LOF,0.12244463280230448,0.006111803380692805,0.8714435638170028
26078,LOF,0.00610988315703876,0.011743446305108108,0.9821466705378531
26079,LOF,0.05524779726132771,0.017378920858678235,0.927373281879994
26080,LOF,0.052932355558892155,0.017430658472473853,0.9296369859686341
26081,LOF,0.030677377719699955,0.007073927648689206,0.9622486946316108
26082,LOF,0.004704222331981839,0.014173627970264197,0.981122149697754
26083,LOF,0.13620729051265382,0.015361665308862368,0.8484310441784838
26084,LOF,0.0356736854823421,0.012391268320494595,0.9519350461971634
26085,LOF,0.03136102734960444,0.011350717858812247,0.9572882547915833
26086,LOF,0.018620718977210602,0.011414301319107867,0.9699649797036816
26087,LOF,0.02040092410184597,0.008628445927827874,0.9709706299703261
26088,LOF,0.005794275890115074,0.02252084145112568,0.9716848826587593
26089,LOF,0.03791190669962103,0.023249470945954177,0.9388386223544248
26090,LOF,0.037055864198101134,0.018657832262412362,0.9442863035394865
26091,LOF,0.027691180857006004,0.006526884756317413,0.9657819343866765
26092,LOF,0.01979465346744195,0.007556501721780435,0.9726488448107776
26093,LOF,0.03503380130348442,0.005976838966412347,0.9589893597301031
26094,LOF,0.027130997656718638,0.006671116689031342,0.96619788565425
26095,LOF,0.015340497046829481,0.017070422024162982,0.9675890809290075
26096,LOF,0.14814560847567126,0.005127268394454113,0.8467271231298745
26097,LOF,0.005005714571917502,0.03491698723355533,0.960077298194527
26098,LOF,0.06836362786132157,0.01495308456831126,0.9166832875703673
26099,LOF,0.018049954467094564,0.01312218800388516,0.9688278575290202
26100,LOF,0.02060129775997994,0.012886486932659742,0.9665122153073602
26101,LOF,0.04515402420799043,0.021013145785225777,0.9338328300067837
26102,LOF,0.02027857819192979,0.013816935508607906,0.9659044862994622
26103,Neutral,0.868021654480063,0.021174907508109086,0.110803438011828
26104,LOF,0.06391084473400135,0.02519097882455725,0.9108981764414413
26105,LOF,0.20462336683100277,0.16627768164576068,0.6290989515232365
26106,LOF,0.3831194007178691,0.10479374558901335,0.5120868536931177
26107,LOF,0.026198747779355012,0.11663762062281031,0.8571636315978347
26108,LOF,0.4021737107609596,0.041932499762338774,0.5558937894767018
26109,LOF,0.03199193108740069,0.060062126360722154,0.907945942551877
26110,LOF,0.19454687338863852,0.00838813990176608,0.7970649867095955
26111,LOF,0.09824156512609533,0.07323416614122134,0.8285242687326833
26112,LOF,0.03187787455003088,0.0078452511128552,0.9602768743371141
26113,LOF,0.06058245739259775,0.01717815896999717,0.9222393836374051
26114,LOF,0.06738699769572051,0.015106483718108965,0.9175065185861706
26115,LOF,0.01662528486439573,0.07940234827017473,0.9039723668654296
26116,LOF,0.0856149156906579,0.04384890257951164,0.8705361817298304
26117,LOF,0.4427260168220912,0.05424611902456236,0.5030278641533465
26118,LOF,0.033926278747682836,0.02364705681574594,0.9424266644365712
26119,LOF,0.00577002158620161,0.03889670585307225,0.9553332725607261
26120,LOF,0.024250631594760808,0.019936388485650876,0.9558129799195885
26121,LOF,0.005490650138156229,0.12248352030386728,0.8720258295579766
