feature0,prediction,LoGoFunc_Neutral,LoGoFunc_GOF,LoGoFunc_LOF
25546,Neutral,0.6280048423248763,0.05810753049299511,0.3138876271821286
25547,Neutral,0.45880041786654935,0.10498727372968265,0.43621230840376785
25548,Neutral,0.4752628262717727,0.08237618658976234,0.442360987138465
25549,LOF,0.40423217019403684,0.08310490940713607,0.5126629203988271
25550,LOF,0.35383945890582436,0.11728138429673887,0.5288791567974368
25551,LOF,0.28776902556344086,0.12887401460532702,0.5833569598312321
25552,LOF,0.228437747950266,0.12312983663081666,0.6484324154189174
25553,Neutral,0.8098396841447499,0.04404425583649858,0.14611606001875146
25554,LOF,0.2896306746396284,0.11300799637482552,0.5973613289855461
25555,LOF,0.22711138756601312,0.10703746128263363,0.6658511511513532
25556,LOF,0.4476511956241539,0.09304168342960367,0.45930712094624243
25557,LOF,0.2169637417180826,0.11320153816237727,0.6698347201195402
25558,LOF,0.283423511065397,0.11286770286913522,0.6037087860654677
25559,LOF,0.19835934440207947,0.16976884713254117,0.6318718084653794
25560,LOF,0.06940073366176766,0.11172201559611114,0.8188772507421211
25561,LOF,0.13436817810858648,0.1027344083048468,0.7628974135865666
25562,LOF,0.05901343235415998,0.07787937457700157,0.8631071930688384
25563,LOF,0.08777554359842349,0.06726652300656423,0.8449579333950122
25564,LOF,0.21488699806547484,0.1513498364204952,0.63376316551403
25565,LOF,0.17011312339349693,0.1305704375688919,0.6993164390376112
25566,GOF,0.019553817212013803,0.7756819897032975,0.20476419308468866
25567,LOF,0.026275410153779263,0.12360936607249111,0.8501152237737297
25568,LOF,0.060406383385139824,0.06999009548547744,0.8696035211293827
25569,LOF,0.058468105703110056,0.06721752689225294,0.874314367404637
25570,LOF,0.03140789734220077,0.10089771349688421,0.867694389160915
25571,LOF,0.030814068188993876,0.09779377328355793,0.8713921585274481
25572,LOF,0.033964918786443074,0.12237552687953827,0.8436595543340186
25573,LOF,0.027353228052020805,0.08818087839770265,0.8844658935502766
25574,LOF,0.015429189333964546,0.17757696242248924,0.8069938482435461
25575,LOF,0.02647599999059589,0.11256403725501236,0.8609599627543917
25576,LOF,0.012618451677230278,0.14194968042866382,0.845431867894106
25577,LOF,0.01233595908553645,0.11153121673986785,0.8761328241745956
25578,LOF,0.2785588948774628,0.0748343885969837,0.6466067165255535
25579,LOF,0.12559910404999666,0.08071628534479451,0.7936846106052087
25580,LOF,0.019593442741354713,0.0728340803460104,0.9075724769126349
25581,LOF,0.050228866280770994,0.0670166721288135,0.8827544615904156
25582,LOF,0.05006740446480937,0.06596661850622731,0.8839659770289634
25583,LOF,0.021860691526578234,0.0806039498564447,0.897535358616977
25584,Neutral,0.5178298113752554,0.11474195072545333,0.3674282378992912
25585,LOF,0.013842939729300242,0.11886281447651774,0.8672942457941819
25586,LOF,0.0194516715929785,0.06910579024764182,0.9114425381593797
25587,LOF,0.01852113785358852,0.06052993893365683,0.9209489232127546
25588,LOF,0.018582721284431867,0.07524634024268304,0.906170938472885
25589,Neutral,0.633186110840174,0.13551108211947038,0.23130280704035563
25590,LOF,0.022091221687535988,0.11212175662403182,0.8657870216884321
25591,LOF,0.08019618271410804,0.059622725294702604,0.8601810919911893
25592,LOF,0.05495491838676434,0.1252396009722549,0.8198054806409807
25593,LOF,0.018930853941867883,0.2808536647071353,0.7002154813509968
25594,LOF,0.03924105644797765,0.12735901686162251,0.8333999266903998
25595,LOF,0.03716697319053731,0.09061539865843421,0.8722176281510285
25596,LOF,0.052429513179962466,0.0687012727691773,0.8788692140508603
25597,LOF,0.03419204854244096,0.0781391532968418,0.8876687981607173
25598,LOF,0.035695759902540085,0.0948469559132746,0.8694572841841853
25599,GOF,0.008082902892151692,0.5328814745019641,0.45903562260588415
25600,GOF,0.027495356089791693,0.620146184287191,0.3523584596230172
25601,LOF,0.012641430052271321,0.390961649152233,0.5963969207954957
25602,LOF,0.012002074398562152,0.05735184579453445,0.9306460798069035
25603,LOF,0.042947256710495166,0.02184200932212925,0.9352107339673755
25604,LOF,0.015165356718915163,0.06062360516850013,0.9242110381125848
25605,LOF,0.009628331936194464,0.17992246987220847,0.8104491981915971
25606,LOF,0.0998344413807716,0.2907457805468189,0.6094197780724095
25607,LOF,0.005816745417918867,0.18641977478471056,0.8077634797973705
25608,LOF,0.011663303949870675,0.10318381910167182,0.8851528769484575
25609,LOF,0.07727740456000846,0.39980132068348007,0.5229212747565114
25610,LOF,0.01953598070890207,0.02521786505378881,0.9552461542373091
25611,LOF,0.019151419630261686,0.026521245720020695,0.9543273346497176
25612,LOF,0.06155353373336269,0.03840395865188371,0.9000425076147536
25613,LOF,0.058331309468711685,0.038403679433960676,0.9032650110973277
25614,LOF,0.027133422120953127,0.03020279238758543,0.9426637854914615
25615,LOF,0.01643428515924338,0.04033143804219056,0.9432342767985661
25616,LOF,0.05175255821296739,0.02983425324729218,0.9184131885397404
25617,LOF,0.050108878801216686,0.03215036061387356,0.9177407605849097
25618,LOF,0.06125130966269063,0.0354802509494415,0.9032684393878678
25619,LOF,0.019049074343345927,0.030371753285113223,0.950579172371541
25620,LOF,0.06743772172225818,0.039922281009895776,0.892639997267846
25621,LOF,0.01934575442813385,0.03139511480286608,0.949259130769
25622,LOF,0.02309704368342033,0.04402242940613484,0.9328805269104449
25623,LOF,0.03468763049521939,0.03876334561061079,0.9265490238941698
25624,LOF,0.023132534962859722,0.0371618989993386,0.9397055660378018
25625,LOF,0.022770969672351593,0.04843437630534314,0.9287946540223053
25626,LOF,0.05615837576845807,0.03525647057799745,0.9085851536535445
25627,Neutral,0.651733491263907,0.0889010062958843,0.2593655024402088
25628,LOF,0.18508045624243152,0.04818495647687821,0.7667345872806902
25629,LOF,0.04183284477953435,0.06789194541591755,0.8902752098045481
25630,LOF,0.1325696030089835,0.09121075422019402,0.7762196427708224
25631,Neutral,0.630237320927371,0.05746406775964462,0.3122986113129845
25632,LOF,0.00768670378594264,0.07038670502791904,0.9219265911861383
25633,LOF,0.21086494036589482,0.050965922586911065,0.738169137047194
25634,LOF,0.029344180106973913,0.1016433451051068,0.8690124747879193
25635,LOF,0.03723834620583561,0.0547746665925648,0.9079869872015995
25636,GOF,0.005497839217850936,0.5007671316630916,0.4937350291190575
25637,GOF,0.007145499259031813,0.5183220154088187,0.47453248533214953
25638,LOF,0.010256341728776167,0.25806146949290176,0.731682188778322
25639,LOF,0.005842053936830276,0.40772339406366337,0.5864345519995063
25640,Neutral,0.50568490988255,0.4075634494247362,0.08675164069271386
25641,GOF,0.007559558741462408,0.49735546710904033,0.4950849741494972
25642,LOF,0.20849088437523677,0.11805515111087203,0.6734539645138912
25643,LOF,0.13429814190910314,0.16056153481657065,0.7051403232743262
25644,GOF,0.008070186779563122,0.5324815631091189,0.45944825011131807
25645,LOF,0.006711596876131452,0.483060323059857,0.5102280800640114
25646,LOF,0.011609427579847084,0.39225048430696585,0.5961400881131871
25647,LOF,0.009132235680570387,0.3117427804670849,0.6791249838523447
25648,LOF,0.008361694433095188,0.30989445177205793,0.681743853794847
25649,LOF,0.007320183026406029,0.25880317251212326,0.7338766444614708
25650,LOF,0.011396493792407827,0.4710857228376452,0.5175177833699469
25651,LOF,0.005268519389819485,0.3151938219848209,0.6795376586253596
25652,LOF,0.00856969490703623,0.3130630130129794,0.6783672920799845
25653,LOF,0.022059588028766116,0.43144079692517046,0.5464996150460634
25654,LOF,0.009287752499965276,0.22257349474623164,0.7681387527538031
25655,LOF,0.040064402258613074,0.44859082538907,0.5113447723523169
25656,LOF,0.19725241008432984,0.05760308149506428,0.7451445084206059
25657,LOF,0.2574571903126466,0.031970028764388876,0.7105727809229644
25658,LOF,0.06508582901393668,0.09232664669480473,0.8425875242912586
25659,LOF,0.43053123348801475,0.07923759877707537,0.4902311677349099
25660,LOF,0.030582004325697635,0.08229035399955718,0.8871276416747451
25661,LOF,0.09575906032760986,0.057922027152535825,0.8463189125198544
25662,LOF,0.03425312936988632,0.033464086629633565,0.9322827840004801
25663,LOF,0.04330686651556728,0.049669028772608904,0.9070241047118238
25664,LOF,0.04955405694253307,0.06838615229983931,0.8820597907576277
25665,LOF,0.056239640706092456,0.027634940008274364,0.9161254192856332
25666,LOF,0.04199432035711211,0.08954745019477747,0.8684582294481104
25667,LOF,0.06878917726259731,0.037752675266509765,0.8934581474708929
25668,LOF,0.03821367710240597,0.040625693898306704,0.9211606289992874
25669,LOF,0.034274722075424015,0.05861685296551317,0.9071084249590629
25670,LOF,0.0620386508124751,0.05490572501164529,0.8830556241758796
25671,LOF,0.09510344424249116,0.03300129324479933,0.8718952625127094
25672,LOF,0.058845616291109126,0.03669442958089086,0.9044599541280001
25673,LOF,0.02616627393152691,0.04386615952321376,0.9299675665452594
25674,LOF,0.02301214149851251,0.05429818258396096,0.9226896759175266
25675,LOF,0.035091272956964056,0.04743346259219137,0.9174752644508446
25676,LOF,0.019922154128954535,0.047404348338174314,0.9326734975328711
25677,LOF,0.028560283349848073,0.06114484142117658,0.9102948752289755
25678,LOF,0.2058547712026623,0.05294035824177391,0.7412048705555637
25679,LOF,0.1634817719621282,0.08516145298263522,0.7513567750552367
25680,LOF,0.04458603101514477,0.09886492798861829,0.8565490409962369
25681,LOF,0.07065188107754981,0.09302521465643629,0.8363229042660137
25682,LOF,0.14853040412635643,0.0661001579510784,0.7853694379225652
25683,LOF,0.08032674698559311,0.11348203076862272,0.8061912222457841
25684,LOF,0.046748486910915286,0.06639711929913396,0.8868543937899508
25685,LOF,0.08662868281894635,0.04099053112229045,0.8723807860587632
25686,LOF,0.026205090960019564,0.07239117198778429,0.9014037370521962
25687,LOF,0.05227159880861715,0.0667499598357396,0.8809784413556433
25688,LOF,0.04972693169797684,0.07021078009018403,0.8800622882118391
25689,LOF,0.029170152876003736,0.07472523372126054,0.8961046134027357
25690,LOF,0.035410157443093705,0.06040229592945,0.9041875466274563
25691,LOF,0.26846168251456926,0.08049317548034524,0.6510451420050856
25692,LOF,0.24858943076402698,0.008623602142600576,0.7427869670933724
25693,LOF,0.05686881689543741,0.34834136864035103,0.5947898144642115
25694,LOF,0.22531958120993165,0.015890623357364318,0.758789795432704
25695,LOF,0.13966971719980414,0.022123224407874433,0.8382070583923213
25696,LOF,0.10742828422952938,0.01181699224061886,0.8807547235298517
25697,LOF,0.09402069713535575,0.025878390482879567,0.8801009123817647
25698,LOF,0.07088501621802015,0.45015398595473566,0.4789609978272442
25699,LOF,0.05092227332252781,0.07957284383775844,0.8695048828397137
25700,LOF,0.053596391772550725,0.011109427333235895,0.9352941808942135
25701,LOF,0.014820957966812147,0.0907431375122739,0.8944359045209139
25702,GOF,0.041693885266534995,0.6293799575501203,0.3289261571833446
25703,LOF,0.009257889263891848,0.15605342962286387,0.8346886811132443
25704,LOF,0.0603335847949023,0.10777409146170294,0.8318923237433947
25705,LOF,0.07430922759025393,0.22252592747341662,0.7031648449363294
25706,LOF,0.027449268674465312,0.39706018569673296,0.5754905456288018
25707,LOF,0.017610900187611564,0.3293609334237333,0.6530281663886552
25708,LOF,0.0075551172263790605,0.30431129949820035,0.6881335832754206
25709,LOF,0.06362335231355061,0.04784784719974114,0.8885288004867083
25710,LOF,0.006101577003427066,0.14140549458679813,0.8524929284097749
25711,LOF,0.020078687377854683,0.1043266649637125,0.8755946476584328
25712,LOF,0.008258031561793363,0.18603125981521434,0.8057107086229922
25713,LOF,0.02143954481381315,0.08827225040057825,0.8902882047856086
25714,LOF,0.06582527744124861,0.12210689025292452,0.8120678323058268
25715,LOF,0.01319962555491713,0.12573942167777521,0.8610609527673075
25716,LOF,0.006531225992436816,0.11714514673243948,0.8763236272751237
25717,LOF,0.007008484890111043,0.07581411209427394,0.917177403015615
25718,LOF,0.014503547765728432,0.07907616294915933,0.9064202892851122
25719,LOF,0.02198468016715871,0.08771601698260491,0.8902993028502364
25720,LOF,0.023489004796635883,0.0736154624974349,0.9028955327059293
25721,LOF,0.018137744209300123,0.09793755166118948,0.8839247041295105
25722,LOF,0.01648944521566063,0.11342857028973174,0.8700819844946076
25723,LOF,0.02276106691858206,0.05752451164523484,0.9197144214361831
25724,LOF,0.0196036672816129,0.09676197618639167,0.8836343565319954
25725,LOF,0.013112607605746418,0.06978583774550451,0.9171015546487491
25726,LOF,0.01710351480441481,0.10030723190406612,0.882589253291519
25727,LOF,0.01466929323602539,0.0730595279355712,0.9122711788284034
25728,LOF,0.012332809943030418,0.09951514998806062,0.8881520400689089
25729,LOF,0.01264838057081695,0.10061276462673006,0.886738854802453
25730,LOF,0.01845308020041669,0.0836647270576427,0.8978821927419407
25731,LOF,0.00827201409226312,0.12249585789084262,0.8692321280168942
25732,LOF,0.0184170675944625,0.0777072778603339,0.9038756545452035
25733,LOF,0.01737900123485873,0.07182285970231062,0.9107981390628307
25734,LOF,0.0059211882494009035,0.12268806484072435,0.8713907469098747
25735,LOF,0.015438436207271894,0.06939103291908177,0.9151705308736464
25736,LOF,0.016368515867479425,0.0949043211647937,0.8887271629677269
25737,LOF,0.023406490377525364,0.08184110487980652,0.894752404742668
25738,LOF,0.01585991413144163,0.11983131744460028,0.864308768423958
25739,LOF,0.02308419354463543,0.10565514222873101,0.8712606642266335
25740,LOF,0.03454236954912757,0.10825679687043965,0.8572008335804329
25741,LOF,0.01713798053114875,0.0990567319298486,0.8838052875390026
25742,LOF,0.10143443667750555,0.10083384049117201,0.7977317228313224
25743,LOF,0.016708295421157184,0.03610185290577698,0.9471898516730658
25744,GOF,0.19532317770873722,0.4073965717445824,0.3972802505466804
25745,LOF,0.02774673798549885,0.062362976426065926,0.9098902855884352
25746,LOF,0.017177699996796223,0.07133881075366914,0.9114834892495347
25747,LOF,0.0298264285762869,0.031398150471544886,0.9387754209521683
25748,LOF,0.12474125355450648,0.052193148453631814,0.8230655979918617
25749,LOF,0.014351030220942257,0.06781929145435574,0.917829678324702
25750,LOF,0.030096193693969243,0.079744185904351,0.8901596204016798
25751,LOF,0.11270360621041482,0.06636305525822951,0.8209333385313556
25752,GOF,0.13355012000691102,0.5696808982544664,0.29676898173862265
25753,LOF,0.009232634933712099,0.26631731033397427,0.7244500547323137
25754,GOF,0.0051616185344349344,0.7904782387048527,0.20436014276071246
25755,LOF,0.010031234576111799,0.38735706207057746,0.6026117033533107
25756,LOF,0.04867543242084274,0.3581392199326119,0.5931853476465454
25757,GOF,0.0058944785682899575,0.8299910885792912,0.16411443285241886
25758,GOF,0.007068501841666212,0.8304962774435262,0.16243522071480768
25759,GOF,0.004326079493302635,0.5219595251469947,0.4737143953597026
25760,LOF,0.005710261102244984,0.2426339680257145,0.7516557708720406
25761,GOF,0.039595165254248804,0.7964852563194161,0.16391957842633506
25762,LOF,0.03578376470585793,0.2629385043234019,0.7012777309707402
25763,LOF,0.00676824862815213,0.1864150991251501,0.8068166522466977
25764,GOF,0.18348658760990302,0.4698464272499125,0.3466669851401844
25765,GOF,0.010627643914664104,0.7684357921732407,0.2209365639120952
25766,GOF,0.013921120191662759,0.7805908700069675,0.20548800980136983
25767,GOF,0.025120314331336824,0.5344109526357584,0.44046873303290474
25768,LOF,0.07881056326830746,0.08651784937375193,0.8346715873579406
25769,LOF,0.08148782504227799,0.07267888285741061,0.8458332921003113
25770,LOF,0.33191117183648217,0.08360626908493039,0.5844825590785875
25771,LOF,0.01358431263302605,0.06526506115689193,0.921150626210082
25772,LOF,0.01954253252203137,0.03157864004509801,0.9488788274328707
25773,LOF,0.012172368594064542,0.12378887497862982,0.8640387564273058
25774,LOF,0.028134282206500282,0.08068064712986639,0.8911850706636334
25775,LOF,0.016103635146065703,0.05405485285174312,0.9298415120021912
25776,LOF,0.07997099548454184,0.02657452379033868,0.8934544807251196
25777,LOF,0.3153328095035602,0.054195942215365396,0.6304712482810745
25778,LOF,0.06946757356649978,0.05225507414385393,0.8782773522896462
25779,GOF,0.09104994447445076,0.8449817665299375,0.06396828899561176
25780,GOF,0.07682291622212166,0.8326447788229266,0.09053230495495167
25781,GOF,0.02964091272364304,0.8443239288837725,0.12603515839258445
25782,GOF,0.041226512308749026,0.8620245462918847,0.0967489413993663
25783,GOF,0.01205800538234496,0.6630579675743316,0.32488402704332353
25784,GOF,0.15628392206940106,0.7871304654216446,0.056585612508954365
25785,GOF,0.08108207752784757,0.8587993148075336,0.06011860766461897
25786,GOF,0.006257708099119242,0.8087765795204207,0.18496571238045997
25787,GOF,0.22794005149316918,0.727864160225866,0.044195788280964786
25788,LOF,0.05191553167238354,0.11207263391890247,0.836011834408714
25789,GOF,0.03675751333325455,0.803168759721228,0.16007372694551752
25790,GOF,0.04191348754338843,0.8260423966669321,0.13204411578967942
25791,GOF,0.02843396116905862,0.7776698600324162,0.19389617879852525
25792,GOF,0.057358714652453444,0.7602363934654035,0.18240489188214318
25793,GOF,0.08004166816787868,0.7054138671104169,0.21454446472170433
25794,GOF,0.10670355132273131,0.6712995490781194,0.22199689959914934
25795,GOF,0.02341991561831547,0.7507192704853312,0.22586081389635335
25796,GOF,0.1329010687417282,0.7537002836174389,0.1133986476408328
25797,GOF,0.03339445321025338,0.5800844122391937,0.3865211345505529
25798,GOF,0.003349537667864132,0.5349427043838731,0.46170775794826274
25799,LOF,0.0030715208975952003,0.4245950910802929,0.5723333880221119
25800,GOF,0.010443461336998782,0.5965099692425248,0.3930465694204764
25801,GOF,0.04134453080322194,0.8024458623886707,0.1562096068081074
25802,GOF,0.017793077326754943,0.7262221811786759,0.2559847414945692
25803,GOF,0.011157002050525318,0.591364760248204,0.3974782377012707
25804,LOF,0.01203873708916498,0.4840088006040532,0.5039524623067818
25805,GOF,0.02219582636388981,0.6306447041687482,0.347159469467362
25806,GOF,0.019731021403046424,0.6337697638029893,0.3464992147939643
25807,GOF,0.006345233234750361,0.6500366033034094,0.3436181634618404
25808,GOF,0.015313560331995602,0.657205104067963,0.32748133560004156
25809,GOF,0.0064174107510442,0.6015295843615414,0.3920530048874145
25810,GOF,0.005281294932852213,0.624259238303232,0.37045946676391583
25811,GOF,0.11716209719689372,0.7723980895770699,0.1104398132260362
25812,GOF,0.013082253016212358,0.6342176630365569,0.35270008394723057
25813,GOF,0.1236184228332899,0.7110779490197755,0.16530362814693453
25814,GOF,0.030925269434985015,0.7209174738938062,0.24815725667120875
25815,GOF,0.046049706322698475,0.7135154792463662,0.2404348144309354
25816,GOF,0.008050208682168167,0.7616695470668113,0.23028024425102053
25817,GOF,0.05582503129293435,0.7800874861114354,0.16408748259563022
25818,GOF,0.01688614064875494,0.6983429372005935,0.28477092215065164
25819,GOF,0.07308879356454387,0.7114466915194797,0.21546451491597637
25820,GOF,0.034645487483069635,0.7127915696618308,0.25256294285509945
25821,GOF,0.016625041078861227,0.6968700956033321,0.28650486331780667
25822,GOF,0.03878781411277245,0.7159183598412651,0.24529382604596248
25823,GOF,0.012027302591655409,0.5520543372521938,0.4359183601561509
25824,GOF,0.021052667656803133,0.6533780586414963,0.3255692737017007
25825,GOF,0.012705766827981088,0.6338498549781494,0.35344437819386954
25826,GOF,0.005066188978267505,0.6267885059748771,0.3681453050468553
25827,GOF,0.008173320880317938,0.6290092178132284,0.3628174613064537
25828,GOF,0.005435380309377733,0.5655288818883633,0.42903573780225895
25829,GOF,0.0028640584843282716,0.615525331681737,0.3816106098339348
25830,LOF,0.047444427300531694,0.30409591898182886,0.6484596537176395
25831,GOF,0.05033753714221282,0.8035389912893702,0.1461234715684169
25832,GOF,0.008453557745072232,0.7609987901033851,0.23054765215154255
25833,GOF,0.03479757569359286,0.789455138419151,0.1757472858872561
25834,GOF,0.009256312858682777,0.7638691363835977,0.22687455075771953
25835,GOF,0.019962781206998643,0.7953573639944339,0.18467985479856747
25836,GOF,0.007973375982834298,0.7343712990123116,0.25765532500485416
25837,GOF,0.007502056640616883,0.6625320277225175,0.32996591563686556
25838,GOF,0.023894814647055663,0.8259378602540097,0.15016732509893468
25839,GOF,0.06430127349672835,0.7520917020539692,0.18360702444930227
25840,GOF,0.05328383194151185,0.7819501910294648,0.16476597702902343
25841,GOF,0.04698020042115433,0.8023142860030447,0.15070551357580086
25842,GOF,0.032225248366236366,0.8414526424458801,0.1263221091878836
25843,GOF,0.03641828142774366,0.8621124402608389,0.10146927831141754
25844,GOF,0.0211465080520929,0.7640992300346767,0.21475426191323027
25845,GOF,0.005679710587518382,0.5642384955290167,0.43008179388346496
25846,GOF,0.0364861123976526,0.8081252617753357,0.15538862582701168
25847,GOF,0.02304154665656854,0.8843399931410553,0.0926184602023761
25848,GOF,0.013034350622556387,0.7858189805924533,0.2011466687849902
25849,GOF,0.004653895970817735,0.6854542596576438,0.3098918443715385
25850,GOF,0.006442907619197944,0.7054454965674529,0.28811159581334916
25851,GOF,0.00614393070442293,0.5759185602280925,0.41793750906748456
25852,GOF,0.16428072613981315,0.509647915663854,0.32607135819633287
25853,GOF,0.07663550251881696,0.8166450230772286,0.10671947440395446
25854,GOF,0.008044921570582625,0.6544032845896977,0.3375517938397197
25855,GOF,0.012950492756996626,0.5808063370838205,0.4062431701591828
25856,GOF,0.04327789781922505,0.6867785183682228,0.26994358381255223
25857,GOF,0.012757175981376065,0.5364066873484318,0.4508361366701921
25858,GOF,0.007960764600828996,0.5477638480384543,0.44427538736071676
25859,GOF,0.005434636895958657,0.5344659047099648,0.4600994583940765
25860,GOF,0.08654712371706388,0.7918411939466652,0.1216116823362708
25861,GOF,0.1296624015011435,0.752668196493509,0.11766940200534742
25862,GOF,0.022174739399059763,0.8339071153713772,0.14391814522956314
25863,GOF,0.024329160853209915,0.8444109955286304,0.13125984361815973
25864,GOF,0.05668905968594411,0.8578954587343504,0.08541548157970555
25865,GOF,0.027389500415009302,0.8497710560064758,0.12283944357851481
25866,GOF,0.024623632310361424,0.8205789045939744,0.15479746309566425
25867,GOF,0.03095776629109986,0.8553206544149604,0.11372157929393975
25868,GOF,0.0643469720814269,0.786260559055117,0.14939246886345608
25869,GOF,0.32897164195752077,0.5678739401790847,0.10315441786339449
25870,GOF,0.2315392252079318,0.47145389718125225,0.2970068776108159
25871,GOF,0.03629618870524307,0.8014393132801653,0.1622644980145917
25872,GOF,0.020284454352632954,0.7503180981532559,0.22939744749411112
25873,GOF,0.025849124514194605,0.8115437010681635,0.16260717441764186
25874,LOF,0.017932652208632542,0.1250084024200962,0.8570589453712713
25875,LOF,0.021289607967794513,0.05075163061388838,0.9279587614183171
25876,LOF,0.014848075335575465,0.03427531240579677,0.9508766122586277
25877,LOF,0.14697251552260465,0.07663774270826337,0.7763897417691321
25878,LOF,0.04867035272753616,0.11522539809597188,0.836104249176492
25879,LOF,0.019371005591102605,0.09081567080276065,0.8898133236061366
25880,LOF,0.043270865603934235,0.013062848613052316,0.9436662857830135
25881,Neutral,0.5469250844415221,0.03926572825560362,0.4138091873028742
25882,LOF,0.0190554049161295,0.02696923694219071,0.9539753581416799
25883,LOF,0.05942420540804745,0.023823901380249864,0.9167518932117026
25884,LOF,0.008831714314909473,0.04163670150340693,0.9495315841816835
25885,LOF,0.1785582567879767,0.0061880987616627055,0.8152536444503606
25886,LOF,0.2579147997152604,0.05158789786637563,0.6904973024183639
25887,LOF,0.14821573407925137,0.04504370473398117,0.8067405611867675
25888,LOF,0.01193304361256821,0.1021809038035674,0.8858860525838644
25889,LOF,0.011073235061320562,0.03130790054655042,0.9576188643921291
25890,LOF,0.13802726086912873,0.10236371209072961,0.7596090270401417
25891,LOF,0.040084939624152,0.05116260079973362,0.9087524595761144
25892,LOF,0.01338450777983056,0.04490001936104093,0.9417154728591286
25893,LOF,0.4128923772141743,0.015554314620236575,0.571553308165589
25894,LOF,0.4421603997769865,0.008441120023325584,0.549398480199688
25895,LOF,0.3669866430463942,0.015450547482550954,0.6175628094710549
25896,LOF,0.04230415754797077,0.030381235837655524,0.9273146066143737
25897,LOF,0.2156292453641754,0.015605083565954981,0.7687656710698696
25898,LOF,0.26023332965269247,0.037455785267367536,0.7023108850799399
25899,LOF,0.1857259387302853,0.034979693016076494,0.7792943682536383
25900,Neutral,0.4980730081652759,0.01631593396553926,0.4856110578691849
25901,LOF,0.04554482644556055,0.01376324460367262,0.9406919289507669
25902,LOF,0.09785367562135867,0.01764064472695682,0.8845056796516845
25903,LOF,0.41493197310272545,0.035185784830008116,0.5498822420672663
25904,LOF,0.3354541790326394,0.05726540555525691,0.6072804154121038
25905,LOF,0.005775906274530201,0.4204294572138075,0.5737946365116623
25906,LOF,0.009796468617979946,0.09027520336654406,0.8999283280154761
25907,LOF,0.004299606095139514,0.38579709725862266,0.6099032966462378
25908,LOF,0.0036512989663844047,0.2809558040818081,0.7153928969518075
25909,LOF,0.014314823086603826,0.12119451534991596,0.8644906615634802
25910,LOF,0.014910026086974889,0.15819249045059494,0.8268974834624302
25911,LOF,0.18663994644554266,0.03505173641504717,0.7783083171394102
25912,LOF,0.061799987864418725,0.042107363385004495,0.8960926487505769
25913,LOF,0.07309061065131837,0.05124521440445203,0.8756641749442295
25914,LOF,0.021876633556599866,0.05529267777439571,0.9228306886690044
25915,LOF,0.14992191035271837,0.33401021289187427,0.5160678767554073
25916,LOF,0.018805666023068244,0.231784605723649,0.7494097282532827
25917,LOF,0.05414686970161136,0.041688495771565616,0.904164634526823
25918,LOF,0.025970201063150632,0.032793811133144946,0.9412359878037045
25919,LOF,0.0222961096248465,0.032031956391350085,0.9456719339838034
25920,LOF,0.06546444863003718,0.44410643916105885,0.49042911220890395
25921,LOF,0.010755620751891286,0.04586257400771665,0.943381805240392
25922,LOF,0.013881645286691686,0.03674420443779003,0.9493741502755183
25923,Neutral,0.4859952435815378,0.04374019512046198,0.47026456129800026
25924,LOF,0.017059656195858197,0.04275860485385945,0.9401817389502823
25925,LOF,0.07946392295205346,0.04930553924051779,0.8712305378074288
25926,LOF,0.05628715398648059,0.04590157838350372,0.8978112676300157
25927,LOF,0.014928762459985553,0.1619426131209213,0.8231286244190932
25928,LOF,0.00781484597523728,0.06028420290030802,0.9319009511244548
25929,Neutral,0.6013822903848612,0.04624227932030593,0.35237543029483287
25930,LOF,0.06848917672069436,0.03695286194616627,0.8945579613331394
25931,LOF,0.0103703068557858,0.0371299506276116,0.9524997425166026
25932,LOF,0.03183011752157998,0.03184060277752611,0.9363292797008939
25933,LOF,0.0404535783019326,0.0225043271562298,0.9370420945418375
25934,LOF,0.027551428292001766,0.023204189296017978,0.9492443824119802
25935,LOF,0.0719711189687686,0.06373270939597037,0.8642961716352611
25936,LOF,0.04761238094831098,0.02634905417614161,0.9260385648755473
25937,LOF,0.010476418629992778,0.04353115844539427,0.9459924229246128
25938,LOF,0.06866149040168076,0.06860369348148754,0.8627348161168317
25939,LOF,0.03911628053416336,0.026191939230163847,0.9346917802356729
25940,LOF,0.0071158173026974626,0.32906717991119694,0.6638170027861057
25941,Neutral,0.5246569462851101,0.04970626388206601,0.42563678983282394
25942,LOF,0.004860567466810525,0.04601704952406735,0.9491223830091222
25943,LOF,0.036166730549360475,0.1262959183704128,0.8375373510802268
25944,LOF,0.10373398714320646,0.07972587605537744,0.816540136801416
25945,LOF,0.051571131103619536,0.02174635730642456,0.9266825115899558
25946,LOF,0.06363569109006974,0.05736678736546601,0.8789975215444643
25947,LOF,0.4494297334735453,0.07631996273664732,0.4742503037898073
25948,LOF,0.29898341066251033,0.010426501884511765,0.6905900874529779
25949,LOF,0.08142140666204858,0.045038421624954,0.8735401717129974
25950,GOF,0.047349519886099894,0.5098259750326994,0.44282450508120064
25951,LOF,0.02106218098133601,0.3365938838969592,0.6423439351217047
25952,LOF,0.2483884573895633,0.24909018511853606,0.5025213574919006
25953,LOF,0.01444171606489438,0.13874514153990836,0.8468131423951972
25954,LOF,0.07584939884592473,0.3486993410316214,0.5754512601224537
25955,LOF,0.012396675627445326,0.10275572767154416,0.8848475967010107
25956,LOF,0.0273498882081262,0.16249514402270557,0.8101549677691682
25957,LOF,0.15115265397335967,0.019538267880659623,0.8293090781459806
25958,LOF,0.047625349295889234,0.03259132687059381,0.9197833238335169
25959,LOF,0.013263131463949232,0.4009376445688799,0.5857992239671709
25960,LOF,0.005965817911303176,0.0589040515497528,0.935130130538944
25961,LOF,0.037329195920438034,0.02965042010053611,0.9330203839790258
25962,LOF,0.034366389705386434,0.062188042041636034,0.9034455682529776
25963,LOF,0.005479081638963932,0.27998110280066535,0.7145398155603707
25964,LOF,0.034228400850958414,0.11273767330070397,0.8530339258483377
25965,LOF,0.33981746122545375,0.09913262950073198,0.5610499092738143
25966,Neutral,0.5252539819328004,0.1674450349737424,0.30730098309345716
25967,LOF,0.007299846872150228,0.08917596541735039,0.9035241877104995
25968,LOF,0.035238696659023,0.3260334416466526,0.6387278616943244
25969,LOF,0.12499217062850942,0.05838305933376886,0.8166247700377218
25970,LOF,0.020212693027122072,0.06823103074168352,0.9115562762311945
25971,LOF,0.06689240480245562,0.027672775753545036,0.9054348194439993
25972,LOF,0.066579995694958,0.040473912041553664,0.8929460922634882
25973,LOF,0.051972250071177194,0.010011707829341337,0.9380160420994815
25974,LOF,0.03310410471274379,0.03245752270789976,0.9344383725793564
25975,LOF,0.0451469372255082,0.022221248478862917,0.932631814295629
25976,LOF,0.09790548714638626,0.009829048958013125,0.8922654638956006
25977,LOF,0.18966132298590782,0.05144196016020402,0.7588967168538882
25978,LOF,0.16445204492012597,0.09929878154393572,0.7362491735359383
25979,LOF,0.14574426096598747,0.10045214644809994,0.7538035925859126
25980,LOF,0.24927091941976587,0.12652098183266597,0.6242080987475682
25981,LOF,0.27887951176118836,0.12634874807314156,0.59477174016567
25982,LOF,0.42834272078630187,0.08768936577776086,0.4839679134359373
25983,LOF,0.39731201778279346,0.09201152900538467,0.5106764532118219
25984,LOF,0.04336782438718038,0.05140573032136353,0.9052264452914561
25985,LOF,0.36570614019964615,0.13560558475970091,0.49868827504065283
25986,LOF,0.009222603475058141,0.39600840706066465,0.5947689894642771
25987,LOF,0.03327160083989779,0.07973051595813839,0.8869978832019639
25988,LOF,0.16441661035160177,0.07760393040447633,0.757979459243922
25989,LOF,0.03708028815286741,0.12168126677844335,0.8412384450686892
25990,LOF,0.039374732774179994,0.18081708732316484,0.779808179902655
25991,LOF,0.015601066323672462,0.3298626749588664,0.654536258717461
25992,LOF,0.022833240584987594,0.30313492639746514,0.6740318330175473
25993,LOF,0.022039719290693104,0.07796648053553176,0.8999938001737752
25994,LOF,0.01587753007474128,0.07686917542112323,0.9072532945041355
25995,LOF,0.02196326405398935,0.15738384663927285,0.8206528893067377
25996,LOF,0.3076082925891548,0.28457582824275696,0.4078158791680882
25997,LOF,0.062370334675371966,0.3390023243935025,0.5986273409311255
25998,LOF,0.30087396130101524,0.04626827348282171,0.6528577652161631
25999,LOF,0.016894291541546747,0.21533854148804685,0.7677671669704065
26000,LOF,0.15389212478870082,0.025506405554002586,0.8206014696572966
26001,LOF,0.30207573444186125,0.02095063426968824,0.6769736312884505
26002,LOF,0.07184870831656774,0.04020361521307359,0.8879476764703588
26003,GOF,0.0036586022030169387,0.6343328690215119,0.3620085287754713
26004,GOF,0.005953760490584493,0.7178943276005271,0.27615191190888844
26005,LOF,0.0027105048007532587,0.4914153840380618,0.505874111161185
26006,GOF,0.08325495186615563,0.5558124537547436,0.36093259437910075
26007,GOF,0.00537555522318805,0.5553538850830276,0.4392705596937843
26008,GOF,0.00515735309127136,0.6389958375966348,0.3558468093120938
26009,GOF,0.0053586342693078244,0.6580738577282103,0.33656750800248186
26010,GOF,0.006526101680707937,0.6999131605466633,0.29356073777262864
26011,LOF,0.0026390366613615957,0.48007580785266507,0.5172851554859734
26012,GOF,0.003632816912298365,0.5612233151339634,0.4351438679537382
26013,GOF,0.00469919127538555,0.6314775257279178,0.3638232829966967
26014,LOF,0.047561911697409455,0.08999518412606772,0.8624429041765227
26015,LOF,0.13917236468616237,0.02265793029965727,0.8381697050141804
26016,LOF,0.3037112910176513,0.03208089401861426,0.6642078149637345
26017,LOF,0.022083262787182967,0.17885391144057367,0.7990628257722434
26018,LOF,0.07826824203374189,0.051070085736245455,0.8706616722300127
26019,LOF,0.07425783355303646,0.040743137190065545,0.8849990292568979
26020,LOF,0.009503266954357258,0.19008839633326777,0.800408336712375
26021,LOF,0.06649979703411686,0.06283154011509617,0.870668662850787
26022,LOF,0.027787038260964448,0.026770126001522628,0.9454428357375129
26023,LOF,0.04920091098176295,0.029331810564762407,0.9214672784534746
26024,LOF,0.04656427909826965,0.06402795265847316,0.8894077682432572
26025,LOF,0.06518481738274738,0.13251177517078044,0.8023034074464722
26026,LOF,0.13765856759412484,0.054808329541598054,0.807533102864277
26027,LOF,0.05999944018417628,0.023150641573775273,0.9168499182420484
26028,LOF,0.09471746614666604,0.11182336281587489,0.7934591710374591
26029,LOF,0.026839598372383356,0.17634007950782377,0.7968203221197928
26030,LOF,0.14684430138823876,0.020016868411588156,0.8331388302001731
26031,LOF,0.014139723766680204,0.1268976682561298,0.85896260797719
26032,LOF,0.08385693462335488,0.044909093725729335,0.8712339716509159
26033,LOF,0.0875155089520876,0.041264840099432445,0.8712196509484799
26034,LOF,0.015708325685573222,0.13414404909922015,0.8501476252152066
26035,LOF,0.013345463358900701,0.11162376689573406,0.8750307697453653
26036,LOF,0.01597037378960323,0.13525903303292178,0.848770593177475
26037,LOF,0.011673020147242327,0.09552202399814635,0.8928049558546114
26038,LOF,0.07380943344369335,0.04247492263920568,0.8837156439171009
26039,LOF,0.02410685816519857,0.12747831184241298,0.8484148299923884
26040,LOF,0.12191719970504515,0.09290488194097284,0.785177918353982
26041,LOF,0.013493968650407421,0.09058691249125421,0.8959191188583384
26042,LOF,0.011958180411384542,0.09156669482101984,0.8964751247675955
26043,LOF,0.07356417302325144,0.05710704900820347,0.869328777968545
26044,LOF,0.014873513416872021,0.050350333719202604,0.9347761528639253
26045,LOF,0.05476527072758375,0.08995293098498112,0.8552817982874352
26046,LOF,0.06500661766329927,0.046927716379223834,0.8880656659574769
26047,LOF,0.10633471834647755,0.05012420961593964,0.8435410720375829
26048,LOF,0.05303982846239911,0.030808151300733302,0.9161520202368676
26049,Neutral,0.9680873001760736,0.005672415930442461,0.026240283893484012
26050,Neutral,0.9540510443285881,0.006895778213074364,0.03905317745833746
26051,LOF,0.013134841226884535,0.2270184738510409,0.7598466849220745
26052,LOF,0.01682023205495062,0.2818616299959119,0.7013181379491376
26053,LOF,0.0250144545583694,0.15965642977707128,0.8153291156645592
26054,LOF,0.04822126096327422,0.0182742637871171,0.9335044752496087
26055,LOF,0.06449683011964856,0.017936095871444166,0.9175670740089072
26056,LOF,0.05249143753757327,0.01993741660134684,0.9275711458610798
26057,LOF,0.03129128648434706,0.01250507699564579,0.9562036365200072
26058,LOF,0.03206147782888943,0.010875128516795793,0.9570633936543149
26059,LOF,0.2950810652001167,0.02466531111614677,0.6802536236837365
26060,LOF,0.006816050853437873,0.24785805361108146,0.7453258955354807
26061,LOF,0.004970715102973133,0.012946610480816207,0.9820826744162107
26062,LOF,0.004162590812579628,0.017583945553207816,0.9782534636342126
26063,LOF,0.021269544968293003,0.01035255688057088,0.9683778981511362
26064,LOF,0.006413095808471771,0.02410659255889911,0.969480311632629
26065,LOF,0.022938293282653947,0.012329978572222143,0.9647317281451239
26066,LOF,0.019996075536814272,0.010802570340302025,0.9692013541228837
26067,LOF,0.02755770374434736,0.009598017642173967,0.9628442786134788
26068,LOF,0.04431948670235719,0.030792137511381833,0.924888375786261
26069,LOF,0.26360782065878785,0.020163506701361803,0.7162286726398504
26070,LOF,0.4148416372811522,0.01659264141542047,0.5685657213034273
26071,LOF,0.02033666214017524,0.011867537691769662,0.9677958001680552
26072,LOF,0.005468877664498386,0.021268746613335186,0.9732623757221665
26073,LOF,0.01761335232301783,0.01401944374368406,0.9683672039332981
26074,Neutral,0.8976043455696808,0.006131254621716598,0.0962643998086026
26075,LOF,0.04542214304213006,0.015007993516911112,0.9395698634409588
26076,LOF,0.03807199640578899,0.009889323185031686,0.9520386804091794
26077,LOF,0.1141663823440599,0.006962760684325904,0.8788708569716143
26078,LOF,0.005964221559861002,0.012942154310648542,0.9810936241294905
26079,LOF,0.05331168704762383,0.01768421965833229,0.9290040932940439
26080,LOF,0.05162258028976791,0.017737314113046066,0.930640105597186
26081,LOF,0.028564103671621065,0.007895796355611665,0.9635400999727673
26082,LOF,0.004566043770845524,0.01624995017908362,0.9791840060500708
26083,LOF,0.13671350435326593,0.016545133949422197,0.8467413616973118
26084,LOF,0.03332583230336998,0.013879309732763264,0.9527948579638669
26085,LOF,0.029753841101868107,0.0125743434155239,0.957671815482608
26086,LOF,0.018799804632982416,0.0119337228418352,0.9692664725251824
26087,LOF,0.020415544353274886,0.009677143158238562,0.9699073124884865
26088,LOF,0.005643167929568123,0.02572864365057603,0.968628188419856
26089,LOF,0.038401348148341806,0.023574120510198197,0.9380245313414599
26090,LOF,0.03820100395919267,0.01995787413642094,0.9418411219043863
26091,LOF,0.025779386870376935,0.007048369606604772,0.9671722435230183
26092,LOF,0.019782368457938994,0.008607501868145122,0.9716101296739159
26093,LOF,0.036177067525247894,0.0062497310429457,0.9575732014318065
26094,LOF,0.026346661751614132,0.0069121877508455856,0.9667411504975402
26095,LOF,0.014105769017231866,0.018696955314453065,0.967197275668315
26096,LOF,0.14899198904186203,0.005810270851970391,0.8451977401061675
26097,LOF,0.0048823395086505204,0.03758174143948483,0.9575359190518646
26098,LOF,0.07246095483331393,0.015036977288721562,0.9125020678779645
26099,LOF,0.01775152908256879,0.01475023806045345,0.9674982328569778
26100,LOF,0.020296744352350068,0.01438198264957293,0.965321272998077
26101,LOF,0.04679560401672068,0.02230714393422081,0.9308972520490585
26102,LOF,0.01968597593213754,0.014515495801143936,0.9657985282667186
26103,Neutral,0.8659270013981697,0.021508437240565222,0.11256456136126497
26104,LOF,0.06545336149607453,0.02614290533210095,0.9084037331718245
26105,LOF,0.21608179315481776,0.17045945907725588,0.6134587477679263
26106,LOF,0.3825116575675684,0.10878796455146017,0.5087003778809714
26107,LOF,0.025205151837095378,0.11209719684739142,0.8626976513155132
26108,LOF,0.40763979519627574,0.044281141321240676,0.5480790634824836
26109,LOF,0.030759294474199936,0.058932120985716346,0.9103085845400838
26110,LOF,0.2028502988894652,0.009037384300067152,0.7881123168104677
26111,LOF,0.08162604525770739,0.0830257951817857,0.835348159560507
26112,LOF,0.03187123488319488,0.0077139475780354265,0.9604148175387697
26113,LOF,0.06726046781997118,0.01649575364570805,0.9162437785343207
26114,LOF,0.06380783151873198,0.01445822743093536,0.9217339410503327
26115,LOF,0.018321051675960653,0.07699364539550342,0.9046853029285359
26116,LOF,0.08558941236959407,0.04073097020724054,0.8736796174231654
26117,LOF,0.4329269468699311,0.05352560576377005,0.5135474473662989
26118,LOF,0.03420077104756986,0.02520729108156532,0.9405919378708647
26119,LOF,0.005249421304840167,0.045402426664778686,0.9493481520303811
26120,LOF,0.02362212562079457,0.019994825152844745,0.9563830492263606
26121,LOF,0.004935250193017168,0.1180374298685001,0.8770273199384827
