feature0,prediction,LoGoFunc_Neutral,LoGoFunc_GOF,LoGoFunc_LOF
25546,Neutral,0.7465466161176804,0.04365931291820316,0.20979407096411642
25547,Neutral,0.5923075043922438,0.09121777365032059,0.3164747219574356
25548,Neutral,0.620570440252347,0.06780181659657272,0.3116277431510804
25549,Neutral,0.551068607595271,0.06668838787333582,0.3822430045313931
25550,LOF,0.3702089616194195,0.1338540405303829,0.49593699785019757
25551,LOF,0.3024268631649548,0.14947648115534648,0.5480966556796987
25552,LOF,0.23603627939401547,0.1412886532904019,0.6226750673155825
25553,Neutral,0.8582086995764509,0.03131874676607929,0.1104725536574697
25554,LOF,0.27078954564607666,0.13575453768712148,0.593455916666802
25555,LOF,0.22348325313841363,0.11787974036341753,0.6586370064981689
25556,Neutral,0.4761880944207002,0.11797927877622295,0.4058326268030768
25557,LOF,0.21233773346072682,0.12426017613047863,0.6634020904087945
25558,LOF,0.24898575130422868,0.13449358969340883,0.6165206590023625
25559,LOF,0.3495254196741241,0.12255328926341037,0.5279212910624655
25560,LOF,0.068356644630997,0.12319918480839973,0.8084441705606032
25561,LOF,0.14536148561005136,0.11615188080131549,0.7384866335886331
25562,LOF,0.08208127111437767,0.07791442205124707,0.8400043068343752
25563,LOF,0.10609112508092443,0.08617300563395937,0.8077358692851162
25564,LOF,0.1909211094121266,0.14381876971731516,0.6652601208705583
25565,LOF,0.15318501026009426,0.14055015809114535,0.7062648316487604
25566,GOF,0.01691799604889092,0.7971938812725017,0.1858881226786075
25567,LOF,0.019093178470685892,0.22472905442931254,0.7561777671000016
25568,LOF,0.05604030188715947,0.09161378571091322,0.8523459124019273
25569,LOF,0.05879429325118483,0.08931227894655387,0.8518934278022614
25570,LOF,0.029383770150432285,0.13990931649288046,0.8307069133566872
25571,LOF,0.027827780432860737,0.13448453859502987,0.8376876809721093
25572,LOF,0.05646384168769161,0.15393983024166866,0.7895963280706397
25573,LOF,0.03620897371004386,0.12442994866090976,0.8393610776290464
25574,LOF,0.01790463312199432,0.19443740210887436,0.7876579647691313
25575,LOF,0.022547732715782535,0.14800831000172177,0.8294439572824956
25576,LOF,0.01394834409440734,0.18530282946234153,0.8007488264432512
25577,LOF,0.012314284487335039,0.15325730426306036,0.8344284112496047
25578,LOF,0.2861951574137652,0.11649638733981975,0.5973084552464151
25579,LOF,0.12564313687754158,0.13794183212459074,0.7364150309978676
25580,LOF,0.016774614228982042,0.11487256882243167,0.8683528169485863
25581,LOF,0.052926995740442344,0.09270403569633363,0.8543689685632241
25582,LOF,0.05271744038939763,0.0910052862887557,0.8562772733218468
25583,LOF,0.01778106233717932,0.13450512084134994,0.8477138168214707
25584,Neutral,0.4962898418410905,0.1379171365387546,0.365793021620155
25585,LOF,0.01963021888345351,0.15291200049492543,0.8274577806216211
25586,LOF,0.014663988344040821,0.10598461739005935,0.8793513942658997
25587,LOF,0.014842983872359442,0.09949279018239898,0.8856642259452416
25588,LOF,0.01501537513073307,0.12201033079069996,0.862974294078567
25589,Neutral,0.5794144775912728,0.16122178261687264,0.2593637397918544
25590,LOF,0.031983442914881026,0.1570506516809634,0.8109659054041556
25591,LOF,0.10201682581543531,0.08029539884394168,0.817687775340623
25592,LOF,0.049696001882102825,0.1866286980865372,0.7636753000313599
25593,LOF,0.021276876784862196,0.32088487059702836,0.6578382526181095
25594,LOF,0.047605649517781345,0.11762625951342806,0.8347680909687906
25595,LOF,0.06251789835737369,0.08910658284588448,0.8483755187967419
25596,LOF,0.06321576663972882,0.07756921448746626,0.8592150188728048
25597,LOF,0.04206875126170004,0.07657719550429958,0.8813540532340005
25598,LOF,0.04884464316432557,0.10517628392502565,0.8459790729106488
25599,GOF,0.006539749795626043,0.566922750699181,0.42653749950519293
25600,GOF,0.023012662452733833,0.5904242892987466,0.38656304824851967
25601,LOF,0.013677873649464808,0.4094783754671771,0.576843750883358
25602,LOF,0.022516857948267868,0.042454152511738875,0.9350289895399934
25603,LOF,0.048547724232060115,0.016760829224555213,0.9346914465433845
25604,LOF,0.026379331572127417,0.05422032343441552,0.9194003449934571
25605,LOF,0.008723716976816275,0.19217178568133916,0.7991044973418446
25606,LOF,0.11415801321840416,0.3266717559609833,0.5591702308206126
25607,LOF,0.005301180245147813,0.20661626236881325,0.7880825573860389
25608,LOF,0.02505817773677545,0.08196668541178699,0.8929751368514375
25609,LOF,0.07272974911061614,0.40118957243045966,0.5260806784589241
25610,LOF,0.017833531258862896,0.02638834556530577,0.9557781231758313
25611,LOF,0.01986295867284225,0.025698461060385456,0.9544385802667723
25612,LOF,0.09582163791819866,0.03788672400195775,0.8662916380798437
25613,LOF,0.0762906142119551,0.03977642251714912,0.8839329632708958
25614,LOF,0.02317364130733853,0.028083723494617043,0.9487426351980445
25615,LOF,0.031083392287932506,0.03803527697691082,0.9308813307351567
25616,LOF,0.059200825053395426,0.02795995686345727,0.9128392180831473
25617,LOF,0.05996007011845875,0.029923151386311346,0.91011677849523
25618,LOF,0.07543957426913091,0.03156785333644435,0.8929925723944248
25619,LOF,0.016477241637271656,0.03222036340195389,0.9513023949607745
25620,LOF,0.07351965607885201,0.03532773311603242,0.8911526108051157
25621,LOF,0.02558610965452494,0.03704842926827555,0.9373654610771994
25622,LOF,0.03530863607817375,0.035435590749269545,0.9292557731725566
25623,LOF,0.054080258709146185,0.03125006022158371,0.91466968106927
25624,LOF,0.019895747763724457,0.03624885367723649,0.943855398559039
25625,LOF,0.03642766283790331,0.044053211329554635,0.9195191258325421
25626,LOF,0.07310060559671436,0.03377792926113014,0.8931214651421555
25627,Neutral,0.5941670198294343,0.11805990014745661,0.28777308002310903
25628,LOF,0.2038740554913972,0.05324696601349177,0.742878978495111
25629,LOF,0.054819500719218296,0.05917428841468596,0.8860062108660959
25630,LOF,0.15812371452268822,0.09256086308733542,0.7493154223899763
25631,Neutral,0.6101519608903491,0.05725498113485442,0.3325930579747966
25632,LOF,0.00978882803965248,0.1329828757711613,0.8572282961891863
25633,LOF,0.1991802115069887,0.07418438992270272,0.7266353985703086
25634,LOF,0.030768598250448677,0.11729479268956242,0.8519366090599888
25635,LOF,0.02913748572854249,0.07415481005502188,0.8967077042164356
25636,GOF,0.006262602902098074,0.5965440302610805,0.39719336683682144
25637,GOF,0.007175426969445302,0.6159448930120577,0.37687968001849714
25638,LOF,0.01221237727682306,0.28211368919501567,0.7056739335281613
25639,LOF,0.006271459922365941,0.4553866446545709,0.5383418954230632
25640,GOF,0.4363717430488198,0.4768014767304338,0.08682678022074629
25641,LOF,0.013442145185699982,0.31847983470382585,0.6680780201104741
25642,LOF,0.28006057667392703,0.058597343668443956,0.6613420796576289
25643,LOF,0.19930102149908746,0.213502783671647,0.5871961948292655
25644,LOF,0.010908533271444495,0.48734865864098126,0.5017428080875743
25645,LOF,0.00905472335249451,0.44885685782506735,0.5420884188224381
25646,LOF,0.014467683414466824,0.3162679812561075,0.6692643353294258
25647,LOF,0.011625664063029149,0.26740928714843193,0.720965048788539
25648,LOF,0.010980404051011769,0.24611763208157056,0.7429019638674176
25649,LOF,0.00912153385676818,0.17422063801876167,0.8166578281244701
25650,LOF,0.01580324731046707,0.39251294387135977,0.5916838088181732
25651,LOF,0.006808155753301572,0.26051308084113817,0.7326787634055603
25652,LOF,0.010593437441556476,0.2461199726080858,0.7432865899503578
25653,LOF,0.0395047491039886,0.3699276302625788,0.5905676206334326
25654,LOF,0.011938044839082526,0.16274437301189643,0.825317582149021
25655,LOF,0.060707133910114036,0.3881044681532446,0.5511883979366414
25656,LOF,0.21952494209954182,0.04849971712062133,0.7319753407798368
25657,LOF,0.3133931888594723,0.027915925941374153,0.6586908851991535
25658,LOF,0.07952008627598921,0.06936064677043871,0.8511192669535721
25659,LOF,0.4257135383924695,0.06448994365598308,0.5097965179515473
25660,LOF,0.03254337071678213,0.0878104504066137,0.8796461788766041
25661,LOF,0.10665321219859282,0.0581578911607204,0.8351888966406867
25662,LOF,0.02406546990398769,0.042757276960891204,0.9331772531351212
25663,LOF,0.03176701308372158,0.059978104614334504,0.9082548823019438
25664,LOF,0.053279143263110146,0.07612777655029962,0.8705930801865903
25665,LOF,0.062147805662339885,0.03614749496051787,0.9017046993771424
25666,LOF,0.06482954517265326,0.09918958702206374,0.835980867805283
25667,LOF,0.07579878505282811,0.04346952377677834,0.8807316911703935
25668,LOF,0.02554880509175668,0.04869818892394676,0.9257530059842966
25669,LOF,0.028009625763613606,0.0696272342537544,0.9023631399826321
25670,LOF,0.10017678700981716,0.07783635126987276,0.8219868617203101
25671,LOF,0.09976211266154632,0.041432010702294714,0.8588058766361589
25672,LOF,0.0646451700388636,0.04868562867421218,0.8866692012869243
25673,LOF,0.04427683264006221,0.05938999417783453,0.8963331731821031
25674,LOF,0.03622122268119191,0.06901223129671454,0.8947665460220936
25675,LOF,0.06100667995210102,0.06612438928857776,0.8728689307593211
25676,LOF,0.020653833142095932,0.061550439962886075,0.9177957268950179
25677,LOF,0.029155753485053868,0.066142219193074,0.9047020273218721
25678,LOF,0.19418114783123083,0.04042575289714493,0.7653930992716242
25679,LOF,0.14990354944491088,0.08154280930848355,0.7685536412466055
25680,LOF,0.030362422163347436,0.10435827863686546,0.865279299199787
25681,LOF,0.0511327277212458,0.09553749813246762,0.8533297741462865
25682,LOF,0.11952457653451859,0.06942505997526623,0.8110503634902152
25683,LOF,0.11170703196759497,0.10656366299573876,0.7817293050366663
25684,LOF,0.04300317889208446,0.07973289989535128,0.8772639212125642
25685,LOF,0.1186247946580103,0.05883104011300901,0.8225441652289807
25686,LOF,0.03575670501333608,0.09869673597153118,0.8655465590151327
25687,LOF,0.03992272241479584,0.08192710362833357,0.8781501739568707
25688,LOF,0.03672411425792289,0.08030081254540347,0.8829750731966737
25689,LOF,0.021798017653382677,0.08076920667018032,0.8974327756764371
25690,LOF,0.025427458038020958,0.07483934089432717,0.8997332010676519
25691,LOF,0.2306860382940498,0.10467927700121686,0.6646346847047333
25692,LOF,0.35275527482444785,0.008775108957596442,0.6384696162179557
25693,LOF,0.0922206307885115,0.18813180609702193,0.7196475631144665
25694,LOF,0.25169595313253024,0.01846475376130989,0.7298392931061598
25695,LOF,0.16699460131996038,0.02326745843869131,0.8097379402413483
25696,LOF,0.15472217350254674,0.011919550294276104,0.8333582762031772
25697,LOF,0.16562172137526823,0.02563699205987836,0.8087412865648533
25698,LOF,0.044910752523078,0.45494572617262585,0.5001435213042961
25699,LOF,0.06975140042545484,0.09150532499123755,0.8387432745833077
25700,LOF,0.06351872086767894,0.009857122483128306,0.9266241566491928
25701,LOF,0.015715838010493595,0.08432199079624654,0.8999621711932599
25702,GOF,0.026250320417027045,0.7100105301713583,0.26373914941161464
25703,LOF,0.009534605622925822,0.19978429928783537,0.7906810950892388
25704,LOF,0.04135587096407584,0.1626403172140507,0.7960038118218735
25705,LOF,0.04865280523227681,0.22972990631612852,0.7216172884515948
25706,GOF,0.03756174266049391,0.5209811116374776,0.44145714570202843
25707,LOF,0.02308521212739559,0.4661157327634614,0.510799055109143
25708,LOF,0.007284903678564037,0.371029576067234,0.6216855202542019
25709,LOF,0.052793907880072315,0.05876972260589533,0.8884363695140323
25710,LOF,0.006532529359673772,0.17607164641374617,0.8173958242265801
25711,LOF,0.01731243675775385,0.12174864030635259,0.8609389229358936
25712,LOF,0.010121075557271144,0.1879487491595826,0.8019301752831463
25713,LOF,0.015981689684788844,0.10008586297223532,0.8839324473429759
25714,LOF,0.06241512725842275,0.12409383781162613,0.8134910349299511
25715,LOF,0.011754299285142348,0.13418942082165786,0.8540562798931998
25716,LOF,0.007204174636103876,0.13888653657056188,0.8539092887933343
25717,LOF,0.007263251811960036,0.10369800009655326,0.8890387480914866
25718,LOF,0.012974014257520141,0.08608734512220581,0.900938640620274
25719,LOF,0.020856239209400537,0.09337493215385681,0.8857688286367427
25720,LOF,0.020805795533057943,0.08424692443015588,0.8949472800367863
25721,LOF,0.014719250559490433,0.11499116073552693,0.8702895887049826
25722,LOF,0.012014831952398742,0.14457858524740416,0.8434065828001972
25723,LOF,0.017603532323500464,0.07397009716775191,0.9084263705087476
25724,LOF,0.02376603613466589,0.11051302982974612,0.865720934035588
25725,LOF,0.01272154085254981,0.08061032503790526,0.9066681341095448
25726,LOF,0.010593405283959165,0.1152008863590267,0.8742057083570142
25727,LOF,0.01374037755855672,0.09731521876187961,0.8889444036795636
25728,LOF,0.011087042221046006,0.12545133829353558,0.8634616194854184
25729,LOF,0.011532671272739686,0.12730800567317785,0.8611593230540825
25730,LOF,0.01200523567953889,0.1021827462423342,0.8858120180781269
25731,LOF,0.009646181336794775,0.15575198099373716,0.834601837669468
25732,LOF,0.012086131747644271,0.10209481237749055,0.8858190558748651
25733,LOF,0.0172866837156879,0.08406238213750936,0.8986509341468027
25734,LOF,0.006149913252807667,0.1540149825973898,0.8398351041498026
25735,LOF,0.014394348827521015,0.08323195277245815,0.9023736984000208
25736,LOF,0.013408480840790282,0.1223903836229523,0.8642011355362574
25737,LOF,0.025126586361553897,0.09498086147080285,0.8798925521676433
25738,LOF,0.01321706133055776,0.1417341959750701,0.8450487426943721
25739,LOF,0.018950896456670547,0.12050648158244007,0.8605426219608895
25740,LOF,0.029662076354875652,0.12869782581760442,0.84164009782752
25741,LOF,0.014265447711843902,0.1096762220932749,0.8760583301948811
25742,LOF,0.10553695889675818,0.10230567845993167,0.79215736264331
25743,LOF,0.02361480698431147,0.04105089887133525,0.9353342941443532
25744,GOF,0.19525800508473895,0.4283281221387328,0.37641387277652827
25745,LOF,0.026310921807034662,0.06365636001587476,0.9100327181770905
25746,LOF,0.013899471695471064,0.0813335734937676,0.9047669548107613
25747,LOF,0.024087065241395957,0.04038720792782731,0.9355257268307767
25748,LOF,0.15255882864628564,0.06852359597603273,0.7789175753776817
25749,LOF,0.014666544740174765,0.05157546320140179,0.9337579920584235
25750,LOF,0.029917799267301523,0.07192969431333242,0.8981525064193662
25751,LOF,0.10134299476410986,0.06540699602006723,0.8332500092158228
25752,GOF,0.09722866066648815,0.6337619223950475,0.2690094169384643
25753,LOF,0.00805626817694344,0.40622379405300596,0.5857199377700507
25754,GOF,0.004366913989590496,0.8459694387698241,0.14966364724058523
25755,LOF,0.010367269507194413,0.45170621475904654,0.537926515733759
25756,LOF,0.04836853709640555,0.43470440884540745,0.516927054058187
25757,GOF,0.005783234135361778,0.8791274900138661,0.1150892758507719
25758,GOF,0.0065162974283134315,0.8662280514836443,0.1272556510880423
25759,GOF,0.004246438406802635,0.5606075839276989,0.4351459776654984
25760,LOF,0.005207736190116004,0.320048427984926,0.6747438358249579
25761,GOF,0.044917027844934884,0.8234932531256184,0.1315897190294468
25762,LOF,0.028509290550691783,0.3383186244417462,0.633172085007562
25763,LOF,0.006232486988233326,0.25217635981494635,0.7415911531968203
25764,GOF,0.10528238658328148,0.545585513339045,0.3491321000776736
25765,GOF,0.01103827102078255,0.8011263216179223,0.18783540736129523
25766,GOF,0.023487916249793492,0.8090728466616972,0.16743923708850927
25767,GOF,0.02218818717424214,0.4925677641294572,0.48524404869630067
25768,LOF,0.08037826137418562,0.06760640792007933,0.8520153307057351
25769,LOF,0.06699616780830471,0.0661403263136112,0.8668635058780841
25770,LOF,0.1565657764823077,0.07459458612696328,0.7688396373907289
25771,LOF,0.015516097019682117,0.09287815331872289,0.8916057496615951
25772,LOF,0.01495475340552704,0.03129888744328963,0.9537463591511833
25773,LOF,0.015923050902706484,0.10986859207414464,0.8742083570231488
25774,LOF,0.026814878445549334,0.08906619425335519,0.8841189273010955
25775,LOF,0.02073472299902771,0.05293946971610194,0.9263258072848705
25776,LOF,0.07948935635782542,0.023085196826390236,0.8974254468157844
25777,LOF,0.16341905060009568,0.06087318550593446,0.7757077638939699
25778,LOF,0.06075015259810387,0.04584302872154116,0.893406818680355
25779,GOF,0.05082439726720789,0.89116738282169,0.0580082199111022
25780,GOF,0.05386106610023502,0.878251959537918,0.06788697436184679
25781,GOF,0.022971405346679394,0.8726611584080486,0.104367436245272
25782,GOF,0.02433220811077745,0.9050339988866447,0.07063379300257781
25783,GOF,0.014328072485421419,0.741804523176388,0.24386740433819054
25784,GOF,0.12203509336005956,0.832210250401137,0.045754656238803204
25785,GOF,0.06576701907095832,0.8953509706751259,0.03888201025391557
25786,GOF,0.0044797651785000525,0.8442518048686213,0.15126842995287854
25787,GOF,0.1505094597382389,0.820365520915853,0.02912501934590799
25788,LOF,0.04795020934604639,0.1649270915654196,0.787122699088534
25789,GOF,0.029792254185670653,0.8633832594751892,0.10682448633914009
25790,GOF,0.034309697570138915,0.885738868254894,0.07995143417496726
25791,GOF,0.02483032630471995,0.8297891796677606,0.1453804940275194
25792,GOF,0.04078999371489675,0.8266385287476268,0.13257147753747645
25793,GOF,0.09948811700572659,0.8169752000281519,0.08353668296612148
25794,GOF,0.09342401535265385,0.7735770776524746,0.13299890699487157
25795,GOF,0.029848320711385778,0.7860027910954009,0.1841488881932132
25796,GOF,0.12146332637877703,0.7858256629431354,0.09271101067808772
25797,GOF,0.03403797976088597,0.6629505951829145,0.3030114250561994
25798,GOF,0.0027818741761361323,0.6206066812781447,0.37661144454571926
25799,GOF,0.0026405923549051463,0.5072945118715219,0.490064895773573
25800,GOF,0.010970892245994132,0.6979539366098447,0.2910751711441612
25801,GOF,0.02387012760336295,0.868222103807784,0.10790776858885302
25802,GOF,0.01635527811939452,0.7904972331075986,0.19314748877300705
25803,GOF,0.009880483542262352,0.6807831204634708,0.3093363959942669
25804,GOF,0.010905429710095631,0.5908292603543769,0.3982653099355275
25805,GOF,0.019550742040567747,0.6945249030647688,0.28592435489466356
25806,GOF,0.016082958022321875,0.7290050416865103,0.25491200029116784
25807,GOF,0.0044652369233813835,0.702717388594898,0.2928173744817207
25808,GOF,0.012690127832814382,0.7167466329061383,0.2705632392610473
25809,GOF,0.004958957184650134,0.7110759601702175,0.2839650826451324
25810,GOF,0.004312368878176981,0.7202782891291504,0.2754093419926727
25811,GOF,0.0711745335882536,0.8380499360807573,0.09077553033098915
25812,GOF,0.013145018806423117,0.7030552731112756,0.28379970808230126
25813,GOF,0.09534876784504716,0.8014060886832911,0.10324514347166165
25814,GOF,0.02290711282887463,0.7809837900797579,0.19610909709136742
25815,GOF,0.03599629046433485,0.7886668314794062,0.17533687805625892
25816,GOF,0.007113345539737152,0.8447885629832823,0.14809809147698055
25817,GOF,0.08279935011504753,0.7717539719004258,0.14544667798452668
25818,GOF,0.018756641159308363,0.7939038417461987,0.18733951709449306
25819,GOF,0.055687750921752946,0.7865643223985628,0.1577479266796843
25820,GOF,0.027864939077367,0.7672075822886062,0.2049274786340268
25821,GOF,0.016166566682421637,0.756216383506444,0.2276170498111343
25822,GOF,0.03178278987610502,0.7766961751189141,0.1915210350049808
25823,GOF,0.011991323007658357,0.6142162049370329,0.37379247205530874
25824,GOF,0.020609723922229886,0.7572045682144061,0.222185707863364
25825,GOF,0.013046852135357058,0.734058868967947,0.25289427889669586
25826,GOF,0.004766336725469386,0.6856574599276435,0.30957620334688707
25827,GOF,0.007881928272216765,0.6850278693011994,0.30709020242658375
25828,GOF,0.005199503358830193,0.6166937100358744,0.37810678660529545
25829,GOF,0.0025203366526294563,0.6886539815579549,0.30882568178941555
25830,LOF,0.025527040257841437,0.47663441256952366,0.4978385471726349
25831,GOF,0.03440035781786263,0.8560734011976837,0.10952624098445354
25832,GOF,0.006523187070669793,0.8096157179614216,0.18386109496790862
25833,GOF,0.024409205441169604,0.8512142894124489,0.12437650514638152
25834,GOF,0.006597810241048815,0.8202957759754903,0.17310641378346092
25835,GOF,0.015238237576199878,0.8626919594053648,0.12206980301843547
25836,GOF,0.005237325316772616,0.8182533441566722,0.17650933052655518
25837,GOF,0.005091413398500003,0.7105649444932908,0.2843436421082093
25838,GOF,0.015071212209159567,0.8726739925126303,0.11225479527821008
25839,GOF,0.033070572693989136,0.8668474321639439,0.10008199514206681
25840,GOF,0.040354701535548154,0.8582853741374127,0.10135992432703923
25841,GOF,0.0390732723614719,0.8694780919181742,0.09144863572035404
25842,GOF,0.019842289362017103,0.9048664603562124,0.07529125028177046
25843,GOF,0.019591614802282418,0.911418858349445,0.06898952684827254
25844,GOF,0.013338146802111041,0.8540254483472379,0.132636404850651
25845,GOF,0.004815902911622,0.6660985572723847,0.32908553981599337
25846,GOF,0.029815211724801137,0.8780845202702517,0.09210026800494711
25847,GOF,0.014673331968141707,0.9116024436024923,0.07372422442936591
25848,GOF,0.014459417934700262,0.8670500794631624,0.11849050260213737
25849,GOF,0.004368773478522344,0.7394459638675385,0.2561852626539391
25850,GOF,0.005322368859081546,0.7508523739102024,0.24382525723071596
25851,GOF,0.004843656699684613,0.6307912418851411,0.3643651014151741
25852,GOF,0.12626499401959473,0.6338698066865028,0.23986519929390246
25853,GOF,0.06419381642174077,0.8618994608878566,0.07390672269040258
25854,GOF,0.008169980313342195,0.7317521756951788,0.26007784399147904
25855,GOF,0.013624036165814644,0.6430680809254162,0.343307882908769
25856,GOF,0.03812213330269415,0.7631602810009344,0.19871758569637146
25857,GOF,0.011623984377496253,0.5977225642529175,0.39065345136958624
25858,GOF,0.0063107507005580946,0.6260224752969265,0.3676667740025156
25859,GOF,0.004679674841520301,0.604022288400106,0.39129803675837366
25860,GOF,0.06479152811058328,0.8384363500900897,0.09677212179932713
25861,GOF,0.11312026770244067,0.8051703770225185,0.08170935527504092
25862,GOF,0.018161292107840465,0.8681235007404803,0.1137152071516793
25863,GOF,0.01763469863976742,0.8803175020824807,0.10204779927775193
25864,GOF,0.04467588304525676,0.8707948243453986,0.0845292926093446
25865,GOF,0.03270316186957941,0.8401946866435641,0.1271021514868565
25866,GOF,0.021632517043436293,0.8657670428923258,0.11260044006423783
25867,GOF,0.027336496199127053,0.8848667407225081,0.0877967630783647
25868,GOF,0.0481456232860688,0.8408078937023318,0.11104648301159945
25869,GOF,0.29751445626542555,0.6320751725365459,0.07041037119802837
25870,GOF,0.20201184787866275,0.629355324127858,0.16863282799347926
25871,GOF,0.01869440824830108,0.9062763766700317,0.07502921508166711
25872,GOF,0.016639433581720188,0.882942361620257,0.10041820479802284
25873,GOF,0.015815468164315095,0.8963368753571821,0.0878476564785029
25874,LOF,0.014814910276102768,0.16523486824061823,0.819950221483279
25875,LOF,0.03257774646198897,0.04544852261752259,0.9219737309204884
25876,LOF,0.01916591255391148,0.0364758057397555,0.944358281706333
25877,LOF,0.12059433020843419,0.08033360829837159,0.7990720614931942
25878,LOF,0.0487125117978284,0.11251483183355548,0.8387726563686161
25879,LOF,0.01916986466617272,0.09466440666709075,0.8861657286667366
25880,LOF,0.04750499602968575,0.01068034352485485,0.9418146604454594
25881,Neutral,0.5688420868477216,0.063287744997158,0.3678701681551203
25882,LOF,0.05897092439059799,0.02610712704532991,0.9149219485640722
25883,LOF,0.044932734803360574,0.023136914949347435,0.931930350247292
25884,LOF,0.02142928332895947,0.04992685997033563,0.9286438567007049
25885,LOF,0.2255044379724241,0.013838906089607037,0.7606566559379688
25886,LOF,0.17046630432516122,0.04928199956598555,0.7802516961088533
25887,LOF,0.1861381909249019,0.054240934537784544,0.7596208745373135
25888,LOF,0.011538856715013184,0.1287144231796459,0.8597467201053408
25889,LOF,0.02768553682204197,0.03184823887187745,0.9404662243060805
25890,LOF,0.1088614459557904,0.10162576343091427,0.7895127906132954
25891,LOF,0.07684395394781782,0.026490324500791557,0.8966657215513906
25892,LOF,0.009767219500535744,0.0314139740292348,0.9588188064702293
25893,LOF,0.36737591985155205,0.008733940376919231,0.6238901397715287
25894,LOF,0.43530214319551314,0.004918227647908208,0.5597796291565788
25895,LOF,0.3739697207206878,0.010051486422552046,0.6159787928567603
25896,LOF,0.05733951718401049,0.024760306246813087,0.9179001765691764
25897,LOF,0.1919764990468584,0.008052653257168568,0.7999708476959732
25898,LOF,0.19782702451698214,0.02723341858874084,0.7749395568942771
25899,LOF,0.21645610507618934,0.02350148690626454,0.7600424080175462
25900,LOF,0.4460604668212539,0.00827827119030383,0.5456612619884422
25901,LOF,0.03813170447642438,0.008587599983189757,0.953280695540386
25902,LOF,0.09573739820694616,0.013756576619647975,0.8905060251734059
25903,LOF,0.375531443962507,0.022888478931451177,0.6015800771060419
25904,LOF,0.4220018021877729,0.032603825960630134,0.545394371851597
25905,LOF,0.006318721172740079,0.4507791259740804,0.5429021528531796
25906,LOF,0.010857826975705904,0.12063193452386008,0.868510238500434
25907,LOF,0.0033779518945585103,0.3429945029156461,0.6536275451897955
25908,LOF,0.00352719445748398,0.23825764181769293,0.7582151637248231
25909,LOF,0.012866329858211921,0.16842409174283626,0.8187095783989519
25910,LOF,0.016828584152661894,0.12082587612127808,0.8623455397260601
25911,LOF,0.3643934080071223,0.032612933117066124,0.6029936588758116
25912,LOF,0.07509174445911812,0.05161783146286666,0.8732904240780152
25913,LOF,0.06802179701538028,0.05550374358697974,0.8764744593976399
25914,LOF,0.020090200401539565,0.06073458996177238,0.919175209636688
25915,LOF,0.1350809888103621,0.25199020797527644,0.6129288032143616
25916,LOF,0.01981737942460434,0.18177004801006288,0.7984125725653327
25917,LOF,0.07105536634687827,0.04644346918789427,0.8825011644652275
25918,LOF,0.02571655259056645,0.03623930647892186,0.9380441409305118
25919,LOF,0.021714119443699956,0.036268576136708024,0.942017304419592
25920,LOF,0.15707491417001096,0.17871066544487976,0.6642144203851094
25921,LOF,0.010913368455409205,0.04336372133124983,0.945722910213341
25922,LOF,0.013087525652772113,0.03617856264319528,0.9507339117040325
25923,LOF,0.43016607502157633,0.04133703739214504,0.5284968875862786
25924,LOF,0.02502770292474408,0.05083310594108375,0.9241391911341722
25925,LOF,0.07241689095779469,0.054243733651494666,0.8733393753907107
25926,LOF,0.05672837863646632,0.05408068829257781,0.8891909330709558
25927,LOF,0.018251858410347755,0.0780997742390269,0.9036483673506254
25928,LOF,0.0077107884330363165,0.05949995306925103,0.9327892584977128
25929,Neutral,0.5136611242809742,0.03917375603836518,0.4471651196806605
25930,LOF,0.07905368959521974,0.03860299946517158,0.8823433109396087
25931,LOF,0.011081546355548692,0.03977403601195349,0.9491444176324978
25932,LOF,0.028581934910829866,0.03088888550527566,0.9405291795838944
25933,LOF,0.03592111868627011,0.021379551116846807,0.942699330196883
25934,LOF,0.025077632211281144,0.022428245015540544,0.9524941227731784
25935,LOF,0.06909471206356624,0.06404358230630325,0.8668617056301304
25936,LOF,0.03947052312058492,0.02507187701651413,0.935457599862901
25937,LOF,0.010602504058789309,0.04378705635626712,0.9456104395849436
25938,LOF,0.06471702664040453,0.059405895959353625,0.8758770774002419
25939,LOF,0.027470151589007157,0.027565590586772565,0.9449642578242203
25940,LOF,0.009267007227942273,0.3525323715517397,0.6382006212203181
25941,Neutral,0.5375220839899975,0.0335273890739729,0.42895052693602964
25942,LOF,0.006926381662487341,0.055763536354608664,0.9373100819829041
25943,LOF,0.03468978914405946,0.17052067388017816,0.7947895369757624
25944,LOF,0.10844219510831456,0.07966838836069293,0.8118894165309926
25945,LOF,0.0585731116881831,0.022449471640525225,0.9189774166712916
25946,LOF,0.07356080270771033,0.04850048485378809,0.8779387124385016
25947,Neutral,0.4754085402268972,0.11118536723010103,0.41340609254300187
25948,Neutral,0.5017291583374499,0.012075559325344544,0.48619528233720555
25949,LOF,0.08864997232256741,0.06796972288125713,0.8433803047961754
25950,GOF,0.05142143441629143,0.6469527744133109,0.30162579117039773
25951,LOF,0.011721514481301635,0.44552946963250795,0.5427490158861903
25952,LOF,0.2670254040407992,0.3183705128303684,0.4146040831288324
25953,LOF,0.012201812481376894,0.19643605830857425,0.7913621292100488
25954,GOF,0.05872572281937259,0.47162432151182954,0.4696499556687979
25955,LOF,0.010798310529628728,0.14316073925676479,0.8460409502136065
25956,LOF,0.026653927863391068,0.26375814785534524,0.7095879242812636
25957,LOF,0.23223401692508003,0.04225878443443138,0.7255071986404885
25958,LOF,0.04441266492697794,0.03462734873302943,0.9209599863399927
25959,GOF,0.013729159562659923,0.5568894984136545,0.42938134202368555
25960,LOF,0.0063316274269852365,0.060468566863946006,0.9331998057090687
25961,LOF,0.04265847563055259,0.030796915897263733,0.9265446084721837
25962,LOF,0.03484881255296783,0.06194111368848608,0.9032100737585461
25963,LOF,0.005899746529502522,0.2068228648364421,0.7872773886340554
25964,LOF,0.024349393270561612,0.09406263525841073,0.8815879714710276
25965,LOF,0.26354705806919,0.13358783998655313,0.6028651019442568
25966,Neutral,0.4734958955123377,0.11022764856154146,0.4162764559261209
25967,LOF,0.006827995194820567,0.07159371693476906,0.9215782878704105
25968,LOF,0.05085715560100074,0.1800955070327595,0.7690473373662396
25969,LOF,0.11631467930795478,0.05642139675635019,0.827263923935695
25970,LOF,0.030308708483358034,0.05802106248570974,0.9116702290309322
25971,LOF,0.05847866473946097,0.0286760902954625,0.9128452449650766
25972,LOF,0.04655745933614391,0.03743854971747281,0.9160039909463833
25973,LOF,0.0508198980981513,0.00971806198990444,0.9394620399119443
25974,LOF,0.050582736628150465,0.03210527190737698,0.9173119914644726
25975,LOF,0.02997123434836926,0.022902852199993246,0.9471259134516375
25976,LOF,0.11422709073265226,0.01225500517796609,0.8735179040893816
25977,LOF,0.22447055644531752,0.09279275407923984,0.6827366894754425
25978,LOF,0.16254902806591903,0.1178364597823093,0.7196145121517716
25979,LOF,0.1409895292243436,0.12561639912681033,0.7333940716488461
25980,LOF,0.26049311584391,0.16056466305120567,0.5789422211048842
25981,LOF,0.2621113743846213,0.16237848282230843,0.5755101427930702
25982,LOF,0.44030057468690237,0.08000813887097386,0.47969128644212383
25983,Neutral,0.4706900211537378,0.09872316815817041,0.4305868106880918
25984,LOF,0.037233580341827874,0.0709486528775449,0.8918177667806273
25985,Neutral,0.46008898920036667,0.12702668551503524,0.41288432528459806
25986,LOF,0.01316942736400996,0.43845066531916005,0.54837990731683
25987,LOF,0.0739447456217142,0.11920066668962741,0.8068545876886585
25988,LOF,0.1508674275999616,0.13490338143527186,0.7142291909647666
25989,LOF,0.03890548231764687,0.1749444393518231,0.7861500783305301
25990,LOF,0.03900048135707314,0.2630598453213769,0.69793967332155
25991,LOF,0.024782947562696826,0.34350242723272717,0.631714625204576
25992,LOF,0.026486562092621777,0.3414289186982407,0.6320845192091374
25993,LOF,0.01983489991428367,0.08597773284767406,0.8941873672380423
25994,LOF,0.015138363766240922,0.08730247697093739,0.8975591592628216
25995,LOF,0.015202351355265964,0.17976002483854037,0.8050376238061936
25996,Neutral,0.3823804100317235,0.24541673721770943,0.37220285275056714
25997,LOF,0.07793100271769302,0.3154468379493463,0.6066221593329607
25998,LOF,0.2502129991737446,0.05520897687853214,0.6945780239477233
25999,LOF,0.026773024447018987,0.21201630092048612,0.7612106746324948
26000,LOF,0.17267511377235623,0.043772998270837866,0.7835518879568059
26001,LOF,0.27129004645425764,0.038136244107888996,0.6905737094378533
26002,LOF,0.07201350920207633,0.06651905606561886,0.8614674347323047
26003,GOF,0.004146594344483781,0.6318354021276928,0.36401800352782326
26004,GOF,0.005937945936951207,0.7005534960353355,0.2935085580277133
26005,GOF,0.0028774529768153777,0.5162206632067284,0.4809018838164561
26006,GOF,0.08732845973152739,0.6017224277263061,0.31094911254216634
26007,GOF,0.005904418932244321,0.5906648550459249,0.4034307260218307
26008,GOF,0.005028340379205954,0.6690728694539643,0.32589879016682977
26009,GOF,0.006064852215701291,0.6865943835759486,0.3073407642083501
26010,GOF,0.007009101781034833,0.6653115403583036,0.3276793578606616
26011,LOF,0.0028285554833420786,0.49079301339402126,0.5063784311226366
26012,GOF,0.004296835105703479,0.5580903392734826,0.43761282562081383
26013,GOF,0.006148191737377965,0.6056962057137346,0.3881556025488875
26014,LOF,0.04585367649525526,0.10206770905784449,0.8520786144469003
26015,LOF,0.4480314858063533,0.020312735207581756,0.5316557789860649
26016,LOF,0.3228201068945953,0.03826165868359563,0.6389182344218091
26017,LOF,0.030260766532715387,0.2166435384853863,0.7530956949818984
26018,LOF,0.04636157054434616,0.038131079697923675,0.9155073497577301
26019,LOF,0.0457880340770937,0.03207782283216114,0.9221341430907452
26020,LOF,0.010429218089426909,0.19210916336771006,0.7974616185428631
26021,LOF,0.07581051508479272,0.06300346691841557,0.8611860179967918
26022,LOF,0.035677331407166314,0.02414333252100315,0.9401793360718305
26023,LOF,0.044794877907451555,0.022193541185584937,0.9330115809069635
26024,LOF,0.04403251870129397,0.06014600554084371,0.8958214757578624
26025,LOF,0.05623578063905015,0.07939820753087069,0.8643660118300792
26026,LOF,0.10179206725581513,0.05777409699592045,0.8404338357482644
26027,LOF,0.03970864210541231,0.019138058574514238,0.9411532993200735
26028,LOF,0.11528403993345682,0.13962353221278795,0.7450924278537552
26029,LOF,0.02316090229256785,0.2053718538344895,0.7714672438729427
26030,LOF,0.2004821639600509,0.03339530050466413,0.7661225355352851
26031,LOF,0.012903746747053437,0.18570620783318337,0.8013900454197632
26032,LOF,0.057006128716396716,0.07852388815503705,0.8644699831285663
26033,LOF,0.08842584845671399,0.07067359327011684,0.8409005582731691
26034,LOF,0.01702875583780363,0.16632981405293357,0.8166414301092629
26035,LOF,0.013573354190894674,0.1204272220456379,0.8659994237634674
26036,LOF,0.014403731998050244,0.14766435793715238,0.8379319100647974
26037,LOF,0.011262849192641934,0.11229122842988114,0.876445922377477
26038,LOF,0.049132732291133546,0.07178253789749438,0.8790847298113721
26039,LOF,0.030505854168486793,0.14597019275552453,0.8235239530759886
26040,LOF,0.13406149192711428,0.1577349655555992,0.7082035425172866
26041,LOF,0.013774846380686542,0.0990999437210709,0.8871252098982425
26042,LOF,0.012645122978219169,0.10398165895962833,0.8833732180621524
26043,LOF,0.04709195474478342,0.09739668289654047,0.8555113623586761
26044,LOF,0.0135031439331282,0.06489653016017258,0.9216003259066993
26045,LOF,0.07950045195348504,0.11406547099843374,0.8064340770480811
26046,LOF,0.04165652061426928,0.07676229001771133,0.8815811893680193
26047,LOF,0.06560510129274477,0.07445690508403487,0.8599379936232203
26048,LOF,0.06496556373095154,0.0409354434921296,0.894098992776919
26049,Neutral,0.9463044966868868,0.00872796330757794,0.044967540005535114
26050,Neutral,0.9261587198230694,0.009827712203074976,0.0640135679738556
26051,LOF,0.012920647734434496,0.10482180485238402,0.8822575474131815
26052,LOF,0.020455842655962238,0.12253913761086585,0.857005019733172
26053,LOF,0.03135104964109606,0.15927532704018987,0.809373623318714
26054,LOF,0.04637444295879991,0.022191820372287542,0.9314337366689125
26055,LOF,0.06703532845269422,0.02246056351556002,0.9105041080317458
26056,LOF,0.0549334303846403,0.027752022238796088,0.9173145473765636
26057,LOF,0.029466175191123656,0.01394121462339797,0.9565926101854784
26058,LOF,0.03094225360256035,0.01177004792549485,0.9572876984719448
26059,LOF,0.19589234929819913,0.02253638477455117,0.7815712659272497
26060,LOF,0.010989058706172417,0.20698448823884,0.7820264530549875
26061,LOF,0.00803145419941817,0.013998578600679577,0.9779699671999023
26062,LOF,0.004875489414708475,0.02315943575491888,0.9719650748303726
26063,LOF,0.018900545980687074,0.011962242449037784,0.9691372115702751
26064,LOF,0.007830403955304155,0.03423965395404347,0.9579299420906523
26065,LOF,0.021805113022529514,0.01294869165059013,0.9652461953268804
26066,LOF,0.021393418715621774,0.011056947570912981,0.9675496337134651
26067,LOF,0.02794556511384039,0.010391690417859253,0.9616627444683004
26068,LOF,0.05039813430300311,0.05033883483208397,0.899263030864913
26069,LOF,0.15754877763635192,0.02892785282519489,0.8135233695384532
26070,LOF,0.32682658894120525,0.02514736129705634,0.6480260497617385
26071,LOF,0.021038800139780617,0.012594842294394407,0.966366357565825
26072,LOF,0.006495113569802037,0.029077049148145982,0.9644278372820521
26073,LOF,0.020013191529412767,0.014633594274008,0.9653532141965792
26074,Neutral,0.9256936572410609,0.00874198234577491,0.06556436041316424
26075,LOF,0.0509391382397436,0.02377096162963724,0.9252899001306192
26076,LOF,0.031133792897617165,0.011894103996768228,0.9569721031056145
26077,LOF,0.12372098954502482,0.009964208722115824,0.8663148017328595
26078,LOF,0.006392726969395072,0.018553473888565552,0.9750537991420394
26079,LOF,0.05769067201362887,0.02403053315928676,0.9182787948270843
26080,LOF,0.05694757487800208,0.02404671147661436,0.9190057136453836
26081,LOF,0.0253891845577401,0.008465917205461705,0.9661448982367983
26082,LOF,0.004604929730353279,0.02009762304110473,0.9752974472285421
26083,LOF,0.12283616665842399,0.019593139469191993,0.8575706938723839
26084,LOF,0.04327938174694889,0.01487367099720008,0.941846947255851
26085,LOF,0.03858994814415213,0.012970185302108625,0.9484398665537392
26086,LOF,0.020452533329000697,0.012622066519153947,0.9669254001518454
26087,LOF,0.019393966923009112,0.011332268196285314,0.9692737648807055
26088,LOF,0.006682789047588108,0.021660156613643032,0.9716570543387688
26089,LOF,0.04379390014433364,0.030454165680841982,0.9257519341748243
26090,LOF,0.04475999073054706,0.02337756056513543,0.9318624487043176
26091,LOF,0.024352000094862606,0.007469630770353537,0.9681783691347837
26092,LOF,0.020910740707180502,0.008583740342375449,0.970505518950444
26093,LOF,0.03927905742488095,0.006950496692117774,0.9537704458830013
26094,LOF,0.02877310124947784,0.006740686854605651,0.9644862118959164
26095,LOF,0.043429709962010336,0.01704081558051,0.9395294744574796
26096,LOF,0.18744229061695222,0.006754651245858345,0.8058030581371894
26097,LOF,0.005759561775147782,0.034017970981074674,0.9602224672437775
26098,LOF,0.07834935443646852,0.018533825544929446,0.9031168200186019
26099,LOF,0.01937597082747997,0.01623754765390361,0.9643864815186164
26100,LOF,0.01937597082747997,0.01623754765390361,0.9643864815186164
26101,LOF,0.04569886752203,0.023167775174516674,0.9311333573034534
26102,LOF,0.01940184554886407,0.015778145938612233,0.9648200085125236
26103,Neutral,0.8745657508493545,0.025344362212425187,0.10008988693822035
26104,LOF,0.06769939711734344,0.02762195600649377,0.9046786468761627
26105,LOF,0.22738142139714076,0.1826148812164924,0.5900036973863668
26106,LOF,0.35070126692133036,0.13333641716763542,0.5159623159110343
26107,LOF,0.01930604471137905,0.11720576876855633,0.8634881865200646
26108,LOF,0.3264298673498047,0.04761014743166023,0.625959985218535
26109,LOF,0.05884999494161654,0.050948660977030526,0.8902013440813529
26110,LOF,0.38115054253056746,0.005793395657518422,0.6130560618119141
26111,LOF,0.0710048964047493,0.11961850356459121,0.8093766000306595
26112,LOF,0.0344917772006968,0.007856482656790096,0.9576517401425131
26113,LOF,0.05165908815421122,0.01657335354585002,0.9317675582999387
26114,LOF,0.08800195500483773,0.009697489773469533,0.9023005552216928
26115,LOF,0.015058988137329834,0.05914464435050451,0.9257963675121655
26116,LOF,0.08110249212033573,0.030176250372297483,0.8887212575073667
26117,LOF,0.43462135792907647,0.03065660660111871,0.5347220354698049
26118,LOF,0.027157357325718643,0.016658505955885767,0.9561841367183956
26119,LOF,0.005165950427983267,0.03781638734797136,0.9570176622240455
26120,LOF,0.023572195704166674,0.01536625777682629,0.961061546519007
26121,LOF,0.004779161693108205,0.10964686370934795,0.8855739745975438
