feature0,prediction,LoGoFunc_Neutral,LoGoFunc_GOF,LoGoFunc_LOF
25546,Neutral,0.6134168727498419,0.17494931900780275,0.2116338082423555
25547,Neutral,0.4352682917247759,0.33395989596975223,0.2307718123054718
25548,Neutral,0.41733086022116384,0.27069312473383234,0.3119760150450037
25549,Neutral,0.39043292064277274,0.2781993152603593,0.33136776409686797
25550,LOF,0.2902129029051289,0.3410753010408169,0.36871179605405413
25551,LOF,0.2199824634315304,0.3187904576015758,0.46122707896689363
25552,LOF,0.13202009435102413,0.3027083742520232,0.5652715313969527
25553,Neutral,0.8136052752523981,0.06680101455230383,0.119593710195298
25554,LOF,0.15815252470739236,0.31752454789912904,0.5243229273934786
25555,LOF,0.13092889493875678,0.27841010489442697,0.5906610001668163
25556,Neutral,0.4817975184019588,0.2154928287543158,0.3027096528437255
25557,LOF,0.13534119975808453,0.30010828878311574,0.5645505114587998
25558,LOF,0.16220998082957827,0.351774281460459,0.4860157377099627
25559,Neutral,0.527160833016964,0.019761852339449593,0.4530773146435864
25560,LOF,0.038643320449073204,0.25073571493400953,0.7106209646169173
25561,LOF,0.11034697613735277,0.31382765278720254,0.5758253710754447
25562,LOF,0.13829689038872683,0.05953589409605612,0.8021672155152171
25563,LOF,0.13061539727289995,0.09474392310641766,0.7746406796206824
25564,LOF,0.07254436494125112,0.2212288848868115,0.7062267501719374
25565,LOF,0.12238950277122161,0.2614598252043229,0.6161506720244555
25566,GOF,0.01817698246890457,0.6905964740244469,0.29122654350664856
25567,LOF,0.011065537240506271,0.08948580676671547,0.8994486559927783
25568,LOF,0.057140039815310156,0.03812333776015465,0.9047366224245351
25569,LOF,0.10805903184962361,0.03429019654066162,0.8576507716097148
25570,LOF,0.054973410916830834,0.03825325481987981,0.9067733342632894
25571,LOF,0.06894824472443256,0.034653964786923716,0.8963977904886438
25572,LOF,0.04015394028426408,0.04707351309692001,0.9127725466188159
25573,LOF,0.02093723026874194,0.05025763075029611,0.928805138980962
25574,LOF,0.009988140959925236,0.21737614957010773,0.772635709469967
25575,LOF,0.05279492314130794,0.022145114619478094,0.9250599622392139
25576,LOF,0.015244535271678105,0.026293794651105575,0.9584616700772163
25577,LOF,0.009104335433613935,0.029553143595933647,0.9613425209704525
25578,LOF,0.24097214574100112,0.04541606021217769,0.7136117940468213
25579,LOF,0.20136367710452274,0.04501582420811598,0.7536204986873614
25580,LOF,0.028835629699716023,0.02438664726629042,0.9467777230339935
25581,LOF,0.048197761350233334,0.05841230901970718,0.8933899296300595
25582,LOF,0.048884844791795994,0.04773271661982256,0.9033824385883815
25583,LOF,0.032894828497410294,0.02375376080440049,0.9433514106981892
25584,Neutral,0.4934142244016236,0.05458529007606154,0.45200048552231475
25585,LOF,0.025589572663416202,0.027025961485723,0.9473844658508609
25586,LOF,0.02978484370985086,0.024887918989587057,0.945327237300562
25587,LOF,0.024855919942988608,0.019688249464399017,0.9554558305926124
25588,LOF,0.02483183361510793,0.024894577622533533,0.9502735887623586
25589,Neutral,0.6651201910711045,0.059308316207575214,0.2755714927213204
25590,LOF,0.020215885635148628,0.05862066532640045,0.921163449038451
25591,LOF,0.0670276127166626,0.032546404388457004,0.9004259828948803
25592,LOF,0.10846566391348139,0.0414376627123319,0.8500966733741867
25593,LOF,0.010992597096039468,0.2995126239475488,0.6894947789564118
25594,LOF,0.05358722417354998,0.05960347584455514,0.8868092999818947
25595,LOF,0.1001465076439403,0.08120036487805879,0.818653127478001
25596,LOF,0.09523125123468608,0.043270589880009216,0.8614981588853048
25597,LOF,0.07411780529884558,0.020988235680294596,0.9048939590208599
25598,LOF,0.13705484370929455,0.07037878715637245,0.7925663691343331
25599,GOF,0.009417322261640276,0.5920001425685962,0.3985825351697635
25600,GOF,0.010453450006695958,0.6143421332770846,0.3752044167162193
25601,LOF,0.007033477649539419,0.31948648930946955,0.673480033040991
25602,LOF,0.020548709690955923,0.08785645329084087,0.8915948370182033
25603,LOF,0.03346695335543816,0.08867084224229071,0.877862204402271
25604,LOF,0.03561636797861104,0.0892938431663518,0.8750897888550371
25605,LOF,0.011442180342469972,0.2900500678547578,0.6985077518027721
25606,LOF,0.0675727469122096,0.38589982956065016,0.5465274235271401
25607,LOF,0.0030256367262201365,0.17358845250091454,0.8233859107728653
25608,LOF,0.0648549004315434,0.03147454572861278,0.9036705538398437
25609,LOF,0.0896001305062174,0.14450892142190475,0.765890948071878
25610,LOF,0.0438587253945179,0.021968240079236763,0.9341730345262453
25611,LOF,0.06147945558247191,0.01236774703650745,0.9261527973810205
25612,LOF,0.2948023772334754,0.0163463484258805,0.6888512743406441
25613,LOF,0.14442492868531218,0.026239431778216273,0.8293356395364715
25614,LOF,0.03688471337604711,0.02486029681325143,0.9382549898107015
25615,LOF,0.08010894562394953,0.02892996247413828,0.8909610919019121
25616,LOF,0.03245869825120268,0.03780037041287659,0.9297409313359207
25617,LOF,0.04634588467009072,0.021962951847019123,0.93169116348289
25618,LOF,0.2020645643352164,0.043243060199878405,0.7546923754649052
25619,LOF,0.04325465716580683,0.03090072512397297,0.9258446177102202
25620,LOF,0.038820685026422386,0.027655580091666895,0.9335237348819108
25621,LOF,0.04038425561112021,0.02237680518238737,0.9372389392064925
25622,LOF,0.02924238625711027,0.03613040707011877,0.934627206672771
25623,LOF,0.05186361051001551,0.030829410877948563,0.9173069786120358
25624,LOF,0.03608863654468921,0.03992090724780746,0.9239904562075033
25625,LOF,0.04189250759260731,0.03339195366774561,0.9247155387396472
25626,LOF,0.15221609035227443,0.017979998448308818,0.8298039111994167
25627,Neutral,0.4674735375630034,0.13323636904989197,0.39929009338710475
25628,LOF,0.17214803346044688,0.0387611536919142,0.7890908128476388
25629,LOF,0.08923695946461986,0.07843423325734435,0.8323288072780358
25630,LOF,0.17830340331801403,0.051317328834961116,0.7703792678470248
25631,Neutral,0.6118145992862198,0.054753807973689686,0.33343159274009043
25632,LOF,0.015806275073031784,0.18508064268204105,0.7991130822449272
25633,GOF,0.19549045259477094,0.4514615362430405,0.3530480111621884
25634,LOF,0.041111371701699394,0.2664779025718349,0.6924107257264657
25635,LOF,0.03278762023636373,0.23467464090966494,0.7325377388539713
25636,LOF,0.005166713716471935,0.443473351006668,0.55135993527686
25637,LOF,0.004580199268289551,0.23473050844889123,0.7606892922828192
25638,LOF,0.006025933023674987,0.27043481393360924,0.7235392530427157
25639,LOF,0.004680278289252217,0.23091543263346526,0.7644042890772825
25640,GOF,0.34818253329617554,0.5822459988298012,0.06957146787402309
25641,LOF,0.006829099629570605,0.24546533466344544,0.747705565706984
25642,LOF,0.22005907879462547,0.05839182296010537,0.7215490982452692
25643,LOF,0.2060887570065458,0.04496469333614424,0.7489465496573101
25644,LOF,0.011108280231446421,0.4192563320663262,0.5696353877022273
25645,GOF,0.009313298696131593,0.5227826821181799,0.4679040191856884
25646,LOF,0.010502051230037727,0.3454855397423397,0.6440124090276226
25647,LOF,0.009404889805308413,0.3280266029302295,0.6625685072644621
25648,LOF,0.006886917576368154,0.3531657084422759,0.6399473739813559
25649,LOF,0.007545873480811051,0.24461281482534525,0.7478413116938436
25650,LOF,0.02335578414381898,0.38278825752027695,0.593855958335904
25651,LOF,0.0067011425564758404,0.27636949906553904,0.7169293583779851
25652,LOF,0.012135726794327716,0.3763549072248578,0.6115093659808145
25653,LOF,0.04945328618706085,0.4421417293999756,0.5084049844129636
25654,LOF,0.008002939554155148,0.3762828906313087,0.6157141698145361
25655,GOF,0.08480140679378144,0.4712362553645367,0.4439623378416818
25656,LOF,0.08761926827257624,0.048819037653941376,0.8635616940734823
25657,LOF,0.2541625723735949,0.0259102240905601,0.719927203535845
25658,LOF,0.02964936004434243,0.14864375676610844,0.8217068831895491
25659,LOF,0.25441415176928434,0.08387423276323493,0.6617116154674807
25660,LOF,0.10860038622372235,0.07771812420008699,0.8136814895761907
25661,LOF,0.06420940186721646,0.06389988792926482,0.8718907102035187
25662,LOF,0.04173121129265057,0.05254860184008064,0.9057201868672689
25663,LOF,0.04905805821704554,0.09549025389818466,0.8554516878847698
25664,LOF,0.026294488086048947,0.15736675187597787,0.8163387600379732
25665,LOF,0.04466124154595804,0.06151945677395286,0.8938193016800892
25666,LOF,0.03532634774540365,0.21981263042324833,0.7448610218313481
25667,LOF,0.0379301384791216,0.0269231196968111,0.9351467418240672
25668,LOF,0.040178790029766924,0.05349249804986463,0.9063287119203686
25669,LOF,0.032755371486409904,0.06995850142985398,0.8972861270837361
25670,LOF,0.06397536250253338,0.07731500460842969,0.8587096328890369
25671,LOF,0.05818091647929714,0.03529271989277199,0.9065263636279308
25672,LOF,0.057840354964375604,0.04602629899558638,0.8961333460400379
25673,LOF,0.03718664494989607,0.06853371219660137,0.8942796428535027
25674,LOF,0.024901942850585876,0.10071875041981715,0.874379306729597
25675,LOF,0.033008645694779404,0.056714539348199984,0.9102768149570206
25676,LOF,0.04404992748976145,0.05861032089263442,0.897339751617604
25677,LOF,0.07006172737256586,0.042975238991174135,0.8869630336362601
25678,LOF,0.16988055373664215,0.07236147876711632,0.7577579674962416
25679,LOF,0.09747475110278891,0.1145475397354606,0.7879777091617505
25680,LOF,0.10708888576968086,0.09570124038213046,0.7972098738481886
25681,LOF,0.10731266738682572,0.09221594992593286,0.8004713826872415
25682,LOF,0.04902793458007876,0.04538068865227432,0.9055913767676469
25683,LOF,0.07064024968918362,0.09335800590358023,0.8360017444072362
25684,LOF,0.06523840687515747,0.0670623181325812,0.8676992749922613
25685,LOF,0.11175970185626188,0.026648442745626506,0.8615918553981116
25686,LOF,0.029902032970216964,0.0932991698809181,0.8767987971488648
25687,LOF,0.0456506398896614,0.09567525216405916,0.8586741079462794
25688,LOF,0.027602963168960833,0.11918015811869408,0.8532168787123451
25689,LOF,0.015268058272303582,0.072168728176808,0.9125632135508884
25690,LOF,0.022926121189418038,0.13715637845720569,0.8399175003533763
25691,LOF,0.17938156132628266,0.20933534896714856,0.6112830897065687
25692,LOF,0.37196863904358124,0.012866232119300061,0.6151651288371187
25693,LOF,0.0316057902221732,0.4320612351354315,0.5363329746423953
25694,LOF,0.24235332092127582,0.011756398582708332,0.7458902804960159
25695,LOF,0.18757302330186298,0.016939494694768884,0.7954874820033682
25696,LOF,0.08234061961499449,0.015251150305589285,0.9024082300794163
25697,LOF,0.07797465155983802,0.015560635264843647,0.9064647131753183
25698,LOF,0.014895130090745399,0.3708715243276077,0.6142333455816469
25699,LOF,0.060733393191785355,0.3061060320324794,0.6331605747757353
25700,LOF,0.047041662289540896,0.03333560916593252,0.9196227285445265
25701,LOF,0.009158394029305359,0.37352471437802626,0.6173168915926684
25702,LOF,0.03044564233553025,0.45186448739375973,0.51768987027071
25703,LOF,0.015995484495363994,0.0602557241600041,0.9237487913446318
25704,LOF,0.056593893733623564,0.055224428715813435,0.888181677550563
25705,LOF,0.1277379359271347,0.15377513360451617,0.7184869304683492
25706,GOF,0.020445156814335407,0.5688208463546564,0.4107339968310083
25707,LOF,0.025126724761335414,0.37886494257245373,0.5960083326662108
25708,GOF,0.007628501770446944,0.5049485246877078,0.4874229735418453
25709,LOF,0.056833820228635853,0.05945747528917831,0.8837087044821859
25710,LOF,0.007937891891572154,0.13912721305661074,0.8529348950518171
25711,LOF,0.05948782631371826,0.08594741523566359,0.8545647584506182
25712,LOF,0.013371224397325108,0.17094838688533492,0.8156803887173399
25713,LOF,0.05336263755260335,0.09908202759428167,0.8475553348531151
25714,LOF,0.04110531457405224,0.18502010551753428,0.7738745799084135
25715,LOF,0.04505387516311632,0.12464942130403997,0.8302967035328437
25716,LOF,0.006915258927913624,0.047378525643092424,0.945706215428994
25717,LOF,0.006740409779184683,0.04758672049604449,0.9456728697247708
25718,LOF,0.046493665877938635,0.04054937616452434,0.9129569579575371
25719,LOF,0.051676032299387276,0.08906588064096588,0.8592580870596469
25720,LOF,0.05053294008418308,0.09383123866272117,0.8556358212530958
25721,LOF,0.050418742179951785,0.06286946318486229,0.8867117946351858
25722,LOF,0.04043574512107901,0.09114573707094985,0.8684185178079711
25723,LOF,0.06410213258569464,0.10506751439389538,0.83083035302041
25724,LOF,0.07398751263872025,0.258952045514978,0.6670604418463016
25725,LOF,0.0668023495361572,0.09669656294761407,0.8365010875162286
25726,LOF,0.052491977908051234,0.08196402828513136,0.8655439938068173
25727,LOF,0.07317166092986453,0.06299054321700615,0.8638377958531294
25728,LOF,0.04798640274850157,0.10885817998970013,0.8431554172617982
25729,LOF,0.05487975538753365,0.1146077961644631,0.8305124484480033
25730,LOF,0.06599280454728287,0.08349920100448058,0.8505079944482365
25731,LOF,0.010298324490008788,0.049531332556643874,0.9401703429533473
25732,LOF,0.03139589438039232,0.04680421063756121,0.9217998949820464
25733,LOF,0.0418691284632058,0.09890765726159406,0.8592232142752001
25734,LOF,0.006968248908499962,0.20159451663525402,0.791437234456246
25735,LOF,0.04133360915554634,0.07312978031446189,0.8855366105299919
25736,LOF,0.04044017772346445,0.08845207056427977,0.8711077517122557
25737,LOF,0.07396672293292685,0.07543211200494039,0.8506011650621328
25738,LOF,0.054713251047009345,0.13651398913083637,0.8087727598221542
25739,LOF,0.041946684845573325,0.11097548711861777,0.8470778280358088
25740,LOF,0.07314257883516757,0.09811895768286187,0.8287384634819706
25741,LOF,0.06835173642576323,0.1071041607089769,0.8245441028652598
25742,LOF,0.07609348499898454,0.11450741790150747,0.809399097099508
25743,LOF,0.013586855419502022,0.018555655934821592,0.9678574886456764
25744,LOF,0.15029199179968075,0.10222350886588667,0.7474844993344325
25745,LOF,0.032739218327708375,0.05337242893912562,0.9138883527331659
25746,LOF,0.016798930135010805,0.07948352156889918,0.9037175482960901
25747,LOF,0.051279373573104796,0.028069144787076773,0.9206514816398185
25748,LOF,0.2713995575201729,0.09025591698701502,0.6383445254928121
25749,LOF,0.019261134166729785,0.06974689365612348,0.9109919721771468
25750,LOF,0.020285239815134467,0.08165659763443779,0.8980581625504278
25751,LOF,0.040816671588733394,0.08702094376999824,0.8721623846412684
25752,GOF,0.09720932751119236,0.6527731519910479,0.25001752049775966
25753,LOF,0.00832976508734289,0.47060841018218774,0.5210618247304695
25754,GOF,0.009755909990582795,0.9108312383448065,0.07941285166461073
25755,LOF,0.009665055197694571,0.44399164754053755,0.5463432972617678
25756,GOF,0.027661570138621513,0.4906335746080822,0.48170485525329626
25757,GOF,0.00900071396906058,0.8770337414074126,0.11396554462352676
25758,GOF,0.01084600513427217,0.903503861447321,0.08565013341840687
25759,GOF,0.007177774173683009,0.7258513859333398,0.2669708398929774
25760,LOF,0.0070414962751133275,0.38596762073217594,0.6069908829927108
25761,GOF,0.055320218326463826,0.8760406402199525,0.06863914145358364
25762,LOF,0.027980583107883605,0.46225116265963206,0.5097682542324844
25763,LOF,0.007476406821473368,0.33066913822054295,0.6618544549579837
25764,GOF,0.08243052717699237,0.7508514110633022,0.16671806175970547
25765,GOF,0.011866297477160073,0.9284617035853878,0.059671998937451905
25766,GOF,0.029196022781049887,0.8453930343005928,0.12541094291835733
25767,GOF,0.010658122964170062,0.59809413200374,0.39124774503209
25768,LOF,0.05374458228039174,0.04873423555475278,0.8975211821648555
25769,LOF,0.031078325202344992,0.1505020024126768,0.8184196723849781
25770,Neutral,0.5097172584402437,0.16909055537995465,0.3211921861798017
25771,LOF,0.021789983178181767,0.09966308692892362,0.8785469298928946
25772,LOF,0.04106729154603674,0.09393490017051088,0.8649978082834524
25773,LOF,0.01774187406873653,0.22600065585314416,0.7562574700781193
25774,LOF,0.028418586260486083,0.33984171683861947,0.6317396969008944
25775,LOF,0.02197567756014351,0.07100251918169173,0.9070218032581648
25776,LOF,0.02959322244322943,0.07670687715715034,0.8936999003996202
25777,LOF,0.07663669617626445,0.2805860413031152,0.6427772625206203
25778,LOF,0.03368966843654352,0.12449685168093616,0.8418134798825204
25779,GOF,0.06392118805391231,0.7269498345547989,0.20912897739128883
25780,GOF,0.06818087244485217,0.7171222752498665,0.21469685230528116
25781,GOF,0.027666797590117736,0.6287030066302761,0.3436301957796062
25782,GOF,0.03205777901199413,0.7429022742773604,0.22503994671064537
25783,GOF,0.06614807097831432,0.7710137866354365,0.1628381423862491
25784,GOF,0.1362607529249907,0.7482400445253174,0.11549920254969182
25785,GOF,0.1766647411487419,0.6908467246158017,0.13248853423545653
25786,GOF,0.013598491597758717,0.5267325959086636,0.4596689124935776
25787,GOF,0.3453558365317128,0.525318361067504,0.1293258024007832
25788,LOF,0.024537655285123278,0.07349140730526918,0.9019709374096074
25789,GOF,0.020819879211722056,0.7328653721189292,0.24631474866934874
25790,GOF,0.03559970240729361,0.6252730333661994,0.339127264226507
25791,GOF,0.024672461556529572,0.5936656970420215,0.38166184140144893
25792,GOF,0.030117880631873047,0.6579992452872498,0.3118828740808771
25793,GOF,0.06764683725885169,0.6335227171658597,0.29883044557528854
25794,LOF,0.05390611684322783,0.46964244838616626,0.4764514347706058
25795,GOF,0.0687687661768508,0.5001164140029366,0.43111481982021255
25796,GOF,0.17749665675321638,0.46402096645010715,0.35848237679667644
25797,LOF,0.05287730081122966,0.4573513552517782,0.48977134393699195
25798,GOF,0.007703437600065833,0.740492462592134,0.2518040998078003
25799,GOF,0.005362878179831078,0.6367170622554651,0.35792005956470385
25800,GOF,0.024912409135057993,0.7846329006108533,0.19045469025408873
25801,GOF,0.02684656818303241,0.6882247858782059,0.2849286459387617
25802,GOF,0.02825600552841248,0.6729940712581107,0.2987499232134767
25803,GOF,0.02702186249176952,0.5833688138296412,0.38960932367858925
25804,GOF,0.04725049588878397,0.5410610360415201,0.4116884680696959
25805,GOF,0.032762614877687404,0.6579360188709436,0.309301366251369
25806,GOF,0.048198656727768484,0.6521663500862087,0.2996349931860228
25807,GOF,0.01942058949758549,0.6063126792855508,0.37426673121686366
25808,GOF,0.033702114201378704,0.6962326760252069,0.2700652097734143
25809,GOF,0.01650728572561395,0.6290775007029848,0.3544152135714011
25810,GOF,0.014653660270098146,0.65484532197729,0.330501017752612
25811,GOF,0.08806337000713019,0.7495343338987299,0.16240229609413984
25812,GOF,0.0436307033984878,0.5872296184272199,0.36913967817429244
25813,GOF,0.24797847182577903,0.5693111929962349,0.18271033517798607
25814,GOF,0.04383330636912959,0.6127331958614208,0.34343349776944954
25815,GOF,0.06859172253940066,0.698644582710404,0.2327636947501954
25816,GOF,0.010221405685718063,0.6565863946640237,0.33319219965025826
25817,GOF,0.13609200363904542,0.5366154718068751,0.3272925245540795
25818,GOF,0.02937832738711914,0.727425000220255,0.24319667239262588
25819,GOF,0.05704235331745919,0.5887291270302745,0.35422851965226637
25820,GOF,0.06349190066404944,0.5417601179568734,0.39474798137907713
25821,GOF,0.04163243215717983,0.5809576421223561,0.3774099257204639
25822,GOF,0.09909264012266533,0.5594843264572815,0.34142303342005326
25823,GOF,0.048812981958826156,0.5198649804803575,0.4313220375608164
25824,GOF,0.03646847333226063,0.710042088759636,0.2534894379081032
25825,GOF,0.024064744853405977,0.7238264625772315,0.25210879256936247
25826,GOF,0.01221277702035066,0.6294199838880606,0.3583672390915887
25827,GOF,0.020834590643733632,0.6683697189891353,0.3107956903671311
25828,GOF,0.012382328435036043,0.6700939801443799,0.3175236914205841
25829,LOF,0.005086442819588397,0.4695502917071324,0.5253632654732792
25830,LOF,0.07695595571396621,0.23218854999681118,0.6908554942892225
25831,GOF,0.08709064084590731,0.7323956038500411,0.18051375530405162
25832,GOF,0.010601165341785691,0.6673049462063417,0.3220938884518726
25833,GOF,0.03239972313464132,0.7491813858599844,0.21841889100537434
25834,GOF,0.010762878393320546,0.6866779949856172,0.30255912662106227
25835,GOF,0.0300430185939395,0.8142212091465231,0.15573577225953747
25836,GOF,0.008382105761743298,0.7218896220804795,0.26972827215777734
25837,GOF,0.01329467616519422,0.7075966515741714,0.2791086722606344
25838,GOF,0.026846479981122426,0.7866826511281871,0.18647086889069037
25839,GOF,0.08583177295846864,0.68181679380756,0.2323514332339713
25840,GOF,0.09666895136876502,0.7014110952019968,0.20191995342923832
25841,GOF,0.08101066107654525,0.7595309494515232,0.15945838947193164
25842,GOF,0.02977734352484803,0.8093491574202984,0.16087349905485365
25843,GOF,0.028041498813998044,0.8087787528186512,0.1631797483673508
25844,GOF,0.024024810768674416,0.7479634469739538,0.22801174225737172
25845,GOF,0.008795939356112068,0.613255877294368,0.37794818334951985
25846,GOF,0.08450819102934838,0.7840818262517554,0.13140998271889615
25847,GOF,0.02170514209604267,0.7946364774713572,0.18365838043260016
25848,GOF,0.02204180911125897,0.7512455544077765,0.22671263648096446
25849,GOF,0.007841262623065438,0.7235867446280354,0.26857199274889926
25850,GOF,0.008969983647691443,0.5902027404430991,0.40082727590920947
25851,GOF,0.007928460961005258,0.5182718134028271,0.4737997256361676
25852,LOF,0.1844221506073918,0.3865493778050029,0.42902847158760515
25853,GOF,0.06275687196757965,0.5868472749057506,0.3503958531266697
25854,GOF,0.008174296799559352,0.6300030518311609,0.3618226513692797
25855,GOF,0.02568141179421988,0.5227032925806914,0.45161529562508873
25856,GOF,0.055781026740343714,0.6854791347190888,0.25873983854056737
25857,LOF,0.025401910005627797,0.47177125724321006,0.5028268327511621
25858,GOF,0.009230600286916872,0.5093793631043164,0.48139003660876667
25859,LOF,0.006933678850470324,0.49642565134145755,0.49664066980807225
25860,GOF,0.07878938866121955,0.5418774176194855,0.37933319371929497
25861,GOF,0.11631760023052291,0.6966697664973892,0.18701263327208786
25862,GOF,0.020075876448911217,0.8648737995171611,0.11505032403392743
25863,GOF,0.01889744018778393,0.7914444813436301,0.1896580784685859
25864,GOF,0.032178878488748106,0.8606432665669739,0.10717785494427788
25865,GOF,0.033523525594417396,0.8254627854662341,0.14101368893934857
25866,GOF,0.01909405192707194,0.8115393471843948,0.1693666008885332
25867,GOF,0.03558369755268552,0.8261576340693904,0.13825866837792414
25868,GOF,0.06988405709021853,0.6997818510213244,0.23033409188845705
25869,GOF,0.3120859030800964,0.506810586537056,0.1811035103828476
25870,LOF,0.09226325546453168,0.3834344921787301,0.5243022523567381
25871,GOF,0.011189570512867892,0.5588962449595696,0.4299141845275626
25872,GOF,0.02624839819413858,0.6016726620165971,0.3720789397892644
25873,GOF,0.021333679064611876,0.6861641111577815,0.29250220977760655
25874,LOF,0.03580378692554618,0.06275061137839583,0.9014456016960581
25875,LOF,0.021151744448355755,0.18555655704667948,0.7932916985049648
25876,LOF,0.022872910758522033,0.09423105675121794,0.8828960324902599
25877,LOF,0.09389759576821727,0.22644805374484703,0.6796543504869357
25878,LOF,0.05934243415154772,0.37789942111725616,0.5627581447311961
25879,LOF,0.011707752520217343,0.17054895986360025,0.8177432876161824
25880,LOF,0.050180821339857844,0.020409975397881874,0.9294092032622602
25881,Neutral,0.464275437115559,0.31747827617813834,0.21824628670630256
25882,LOF,0.036138202558896576,0.150579234743936,0.8132825626971675
25883,LOF,0.02752022728961317,0.15062200599721298,0.8218577667131739
25884,LOF,0.013050636110985125,0.15931037538815418,0.8276389885008606
25885,LOF,0.1363029057414874,0.033676920378545756,0.8300201738799668
25886,LOF,0.12657102304195686,0.20980774628242113,0.6636212306756221
25887,GOF,0.04320712150474925,0.5106423659295889,0.4461505125656618
25888,LOF,0.00548840107679736,0.4307470149813907,0.563764583941812
25889,LOF,0.023268425711836627,0.10173492839998478,0.8749966458881785
25890,LOF,0.1459779193581524,0.24572735666622478,0.6082947239756228
25891,LOF,0.09961917125263883,0.06859209134733231,0.8317887374000288
25892,LOF,0.006843827864061449,0.044160286666923634,0.9489958854690149
25893,LOF,0.25029211688854824,0.017034530692814832,0.7326733524186368
25894,LOF,0.3158620885093304,0.011510869544265922,0.6726270419464038
25895,LOF,0.25883314381379446,0.016973286456187685,0.7241935697300178
25896,LOF,0.0871758191031844,0.03497516209039331,0.8778490188064224
25897,LOF,0.09688433662568065,0.024932066846306163,0.8781835965280131
25898,LOF,0.08515304421817615,0.06144486802683317,0.8534020877549907
25899,LOF,0.36894911455750573,0.060508359230870466,0.5705425262116238
25900,Neutral,0.9350163251365937,0.006895361571539064,0.0580883132918671
25901,LOF,0.06273553631752019,0.020776494216672593,0.9164879694658072
25902,LOF,0.0741951975662148,0.010830989381627404,0.9149738130521579
25903,LOF,0.1453447892071425,0.04582796854753655,0.808827242245321
25904,Neutral,0.4636467060362439,0.08744799599660392,0.448905297967152
25905,LOF,0.011923215326670946,0.24423495361196246,0.7438418310613667
25906,LOF,0.010588097771587745,0.02752643601751274,0.9618854662108994
25907,LOF,0.009449754027619103,0.15662304010510517,0.8339272058672758
25908,LOF,0.009529709410684218,0.17137237185927526,0.8190979187300406
25909,LOF,0.0519585707571481,0.06946437907881371,0.8785770501640381
25910,LOF,0.015133428723317294,0.11105475791913572,0.873811813357547
25911,LOF,0.11937112254336026,0.05954119288350326,0.8210876845731364
25912,LOF,0.1416595285291575,0.016860536611557377,0.8414799348592852
25913,LOF,0.014549764310081457,0.07664413467882566,0.9088061010110929
25914,LOF,0.046137098239225384,0.03804381245760212,0.9158190893031726
25915,LOF,0.18854515822295978,0.36287679962915537,0.4485780421478849
25916,LOF,0.018447330928148296,0.18591369756256904,0.7956389715092826
25917,LOF,0.17107825774369442,0.02895164784894256,0.7999700944073631
25918,LOF,0.05037862183015638,0.0252041247770896,0.9244172533927539
25919,LOF,0.05004144000412938,0.021379730287785604,0.928578829708085
25920,LOF,0.34725129174302566,0.28591917803011774,0.3668295302268566
25921,LOF,0.023939287894967284,0.031240552996176292,0.9448201591088565
25922,LOF,0.02028742893263074,0.028349328415750115,0.9513632426516191
25923,LOF,0.4130220991359432,0.023762004227800265,0.5632158966362566
25924,LOF,0.028020527662629566,0.04255583942860945,0.929423632908761
25925,LOF,0.259122852996737,0.01945159070593997,0.7214255562973231
25926,LOF,0.13805954112802793,0.044711524332583005,0.817228934539389
25927,LOF,0.024287062283452756,0.09578326655154695,0.8799296711650002
25928,LOF,0.015706724702461292,0.023921949288925937,0.9603713260086127
25929,Neutral,0.581661161914065,0.023842795697984875,0.39449604238795016
25930,LOF,0.06581547468572496,0.027247324348419602,0.9069372009658554
25931,LOF,0.01677783624510061,0.02942806521940479,0.9537940985354946
25932,LOF,0.10801695909664025,0.017038083970780625,0.8749449569325792
25933,LOF,0.08975425541933638,0.011484593059335666,0.898761151521328
25934,LOF,0.08167888044908356,0.013594874980040543,0.9047262445708758
25935,LOF,0.2570984849197152,0.021078457586682215,0.7218230574936026
25936,LOF,0.08554136662258097,0.012956362148755968,0.901502271228663
25937,LOF,0.01940238692446995,0.03134763957511297,0.949249973500417
25938,LOF,0.2643799181327844,0.018330338911752217,0.7172897429554635
25939,LOF,0.06759578596360415,0.013223522584574848,0.9191806914518209
25940,GOF,0.006914380691453711,0.5619907461729651,0.4310948731355813
25941,Neutral,0.5033813714219837,0.12115841334426984,0.3754602152337465
25942,LOF,0.01065625269318464,0.16275834109767123,0.8265854062091442
25943,GOF,0.024942515973436,0.5820497587841644,0.3930077252423995
25944,LOF,0.019306753041593384,0.4428901153539195,0.5378031316044871
25945,LOF,0.09308467991680593,0.09654059616367651,0.8103747239195176
25946,LOF,0.09265873894736168,0.10027758653822862,0.8070636745144097
25947,Neutral,0.48478440787539223,0.08243756301681782,0.43277802910778995
25948,Neutral,0.5122348779388137,0.00962174327402579,0.4781433787871604
25949,LOF,0.13172366682952993,0.02572439027824986,0.8425519428922202
25950,GOF,0.042663263235137784,0.8076299524790537,0.14970678428580847
25951,GOF,0.013132131961604156,0.7124236165378017,0.27444425150059404
25952,LOF,0.08029569851490896,0.454731256285836,0.4649730451992551
25953,GOF,0.005815431343363703,0.5200033769713986,0.47418119168523776
25954,GOF,0.022277310843876474,0.6594699267856803,0.3182527623704433
25955,GOF,0.004501870661837027,0.5510478488206928,0.44445028051747015
25956,GOF,0.00910659755013343,0.5622482931638593,0.42864510928600735
25957,LOF,0.2422904070241378,0.05618727091400302,0.7015223220618593
25958,LOF,0.02646538032495144,0.1613037971806334,0.8122308224944152
25959,GOF,0.005977270257909021,0.6921697829497938,0.30185294679229707
25960,LOF,0.004860270094125281,0.19088620319835176,0.804253526707523
25961,LOF,0.02659866543992064,0.13544992237489445,0.837951412185185
25962,LOF,0.04700886678954547,0.09898159383930097,0.8540095393711534
25963,LOF,0.010356888434567158,0.22730205124688843,0.7623410603185445
25964,LOF,0.04888173952514435,0.14838790645901984,0.8027303540158358
25965,LOF,0.15625258232997793,0.2054169828826931,0.638330434787329
25966,LOF,0.24042573207895251,0.32419463795388387,0.4353796299671636
25967,LOF,0.007289902983769419,0.10690736571357293,0.8858027313026576
25968,LOF,0.08206907711779807,0.28237733053387465,0.6355535923483272
25969,LOF,0.14557554240986476,0.06273994005235739,0.7916845175377778
25970,LOF,0.025207551997427767,0.2507133181057916,0.7240791298967806
25971,LOF,0.07114971248890575,0.12788141072293682,0.8009688767881574
25972,LOF,0.06783162779000178,0.15669661154067302,0.7754717606693252
25973,LOF,0.1038755762425919,0.007743315841772347,0.8883811079156358
25974,LOF,0.14989043782251074,0.049629158310948725,0.8004804038665404
25975,LOF,0.044217954538038985,0.010778749224635538,0.9450032962373255
25976,LOF,0.09832819118802293,0.006803206856184365,0.8948686019557927
25977,LOF,0.17478798030421022,0.1148665709465909,0.7103454487491988
25978,LOF,0.1253858878401903,0.14768884913192612,0.7269252630278835
25979,LOF,0.10139106438885251,0.14577361081083712,0.7528353248003103
25980,LOF,0.14721222897864217,0.3461170309880733,0.5066707400332846
25981,LOF,0.1500964093559668,0.3626081405107967,0.48729545013323644
25982,LOF,0.24391415626927287,0.15362701388478436,0.6024588298459427
25983,Neutral,0.47471325352516525,0.13660993457914494,0.3886768118956899
25984,LOF,0.035755389890138364,0.13019360849122377,0.8340510016186379
25985,Neutral,0.4885023955739457,0.2682467334098782,0.24325087101617612
25986,GOF,0.009033722965232175,0.5681189383059458,0.42284733872882196
25987,LOF,0.016122753144556915,0.12444668069247561,0.8594305661629674
25988,LOF,0.033661190122686147,0.17319146203432179,0.793147347842992
25989,LOF,0.03836866076165581,0.1865541604181505,0.7750771788201937
25990,LOF,0.036521813644768565,0.3032257318223858,0.6602524545328456
25991,GOF,0.028454671192142813,0.760375657163937,0.21116967164392028
25992,GOF,0.009811864758253392,0.5587196119988362,0.43146852324291035
25993,LOF,0.03010132668593333,0.09355274148898456,0.8763459318250821
25994,LOF,0.03519543202699775,0.12867074572352608,0.8361338222494761
25995,LOF,0.02054546364164569,0.19098581615491345,0.7884687202034408
25996,GOF,0.2322575036251189,0.5745160267057291,0.1932264696691519
25997,GOF,0.05060053682285937,0.6821984827456171,0.26720098043152346
25998,LOF,0.2650564777982762,0.03744724732200015,0.6974962748797237
25999,LOF,0.028399855161272615,0.4187315136035498,0.5528686312351775
26000,LOF,0.12117058132194808,0.01985226481639059,0.8589771538616614
26001,LOF,0.13653806219319017,0.03271428188116545,0.8307476559256445
26002,LOF,0.0839353708330602,0.024818776808527905,0.8912458523584119
26003,LOF,0.007245740122455886,0.4417145691228771,0.5510396907546671
26004,LOF,0.015100946587214623,0.4215281814218792,0.5633708719909062
26005,LOF,0.0059408450742831345,0.45750141329755134,0.5365577416281656
26006,LOF,0.14578452317225699,0.4163579782766248,0.4378574985511183
26007,LOF,0.010476358119368529,0.47210987661639137,0.5174137652642402
26008,LOF,0.007270733866926718,0.38804653635271974,0.6046827297803535
26009,GOF,0.013598353032399367,0.5003922214691399,0.48600942549846077
26010,LOF,0.008292857423214686,0.47358709726530085,0.5181200453114845
26011,LOF,0.006595075244921288,0.35778584336078445,0.6356190813942942
26012,LOF,0.006871961636103614,0.4157563991495219,0.5773716392143745
26013,LOF,0.013313354528051316,0.4334407149079273,0.5532459305640214
26014,LOF,0.06405196676325609,0.06982104922807512,0.8661269840086688
26015,LOF,0.3858278415190963,0.0544033197497998,0.5597688387311038
26016,LOF,0.244516577813838,0.14678456485825964,0.6086988573279023
26017,LOF,0.01520384800504784,0.41615815652739446,0.5686379954675577
26018,LOF,0.021021155295904374,0.19561254471770792,0.7833662999863878
26019,LOF,0.0211967153990084,0.14570966707469465,0.8330936175262971
26020,LOF,0.006769994393604145,0.33833899699497616,0.6548910086114197
26021,LOF,0.08243706596261205,0.2506912977810263,0.6668716362563617
26022,LOF,0.051380493658264706,0.06611001676626295,0.8825094895754724
26023,LOF,0.03331500530576704,0.12916940941215202,0.837515585282081
26024,LOF,0.048153401580902935,0.16875528075819107,0.7830913176609059
26025,LOF,0.11022022355194236,0.2211417450896066,0.668638031358451
26026,LOF,0.1109785716413883,0.18390531425693857,0.7051161141016731
26027,LOF,0.031817010444251274,0.07346346430858793,0.8947195252471607
26028,LOF,0.05986230022404117,0.2126933681829818,0.727444331592977
26029,LOF,0.038624737895581414,0.08626741439619862,0.8751078477082199
26030,LOF,0.17725535396727526,0.01120921386498349,0.8115354321677413
26031,LOF,0.023151914791699625,0.08594721498614509,0.8909008702221553
26032,LOF,0.03280318068201287,0.019358468997854636,0.9478383503201324
26033,LOF,0.04860117679736141,0.03750773102434714,0.9138910921782915
26034,LOF,0.029434595056158197,0.060908598602762,0.9096568063410797
26035,LOF,0.0169780747002177,0.06831871333292837,0.914703211966854
26036,LOF,0.015982859575720623,0.060602955677375954,0.9234141847469033
26037,LOF,0.01525912931999869,0.05463225667412456,0.9301086140058767
26038,LOF,0.025791506513389083,0.020281462042775734,0.9539270314438352
26039,LOF,0.03457059278409651,0.07485092547377037,0.890578481742133
26040,LOF,0.06609089243810702,0.11993839136722613,0.8139707161946669
26041,LOF,0.018597805548878823,0.07315824555368859,0.9082439488974325
26042,LOF,0.017529518261357138,0.07240673386275827,0.9100637478758846
26043,LOF,0.026083569334746082,0.046420408121250215,0.9274960225440038
26044,LOF,0.009760896279187312,0.05265432115207622,0.9375847825687365
26045,LOF,0.0949560196568039,0.13893505753428306,0.7661089228089131
26046,LOF,0.025397804133236085,0.05506274613412596,0.9195394497326379
26047,LOF,0.06255397057947158,0.03936573671031027,0.898080292710218
26048,LOF,0.07037437003799968,0.0364782723047345,0.8931473576572658
26049,Neutral,0.9086487364566115,0.006031568324386134,0.08531969521900254
26050,Neutral,0.8271297477038387,0.007409550043576387,0.1654607022525849
26051,GOF,0.029022621993750747,0.49435285673671586,0.4766245212695333
26052,LOF,0.028999088075928065,0.41573168386403403,0.5552692280600379
26053,LOF,0.035479742297556925,0.04599236021200832,0.9185278974904347
26054,LOF,0.12440851979394635,0.08086259045114676,0.794728889754907
26055,LOF,0.1276179762479282,0.08598950678469605,0.7863925169673757
26056,LOF,0.11499254372435616,0.09507646597207177,0.789930990303572
26057,LOF,0.04802980456647477,0.02707909297981916,0.924891102453706
26058,LOF,0.05624943979203922,0.021568698525770317,0.9221818616821904
26059,Neutral,0.705681085478348,0.06926936701777912,0.22504954750387285
26060,LOF,0.015366390492245682,0.33465375526467206,0.6499798542430822
26061,LOF,0.01206787343840672,0.019452049454763545,0.9684800771068297
26062,LOF,0.005963885855328774,0.04918335725793098,0.9448527568867402
26063,LOF,0.04577471052883799,0.024481122926475047,0.929744166544687
26064,LOF,0.010518585656545057,0.023336802945677176,0.9661446113977777
26065,LOF,0.040381868277492655,0.03844424077745672,0.9211738909450506
26066,LOF,0.043587682273927175,0.02329081711933949,0.9331215006067333
26067,LOF,0.05582900355096168,0.024474278412990772,0.9196967180360476
26068,LOF,0.11803298702092763,0.04086318692153664,0.8411038260575359
26069,LOF,0.10027105465088652,0.04041913526469234,0.8593098100844211
26070,LOF,0.28079666392895997,0.025902755567113633,0.6933005805039263
26071,LOF,0.044037047209093745,0.03349251149819383,0.9224704412927123
26072,LOF,0.009096070878671822,0.026296703723073675,0.9646072253982546
26073,LOF,0.04561151747333944,0.0202690546559765,0.9341194278706841
26074,Neutral,0.864288513120217,0.01597069095780028,0.1197407959219826
26075,LOF,0.0584683951245536,0.04426158722506209,0.8972700176503843
26076,LOF,0.0561944538412709,0.04630284318269655,0.8975027029760326
26077,LOF,0.15337491742280623,0.039403836235176785,0.807221246342017
26078,LOF,0.007229212312270681,0.03247695273704776,0.9602938349506814
26079,LOF,0.1433840321569534,0.031164858918811808,0.8254511089242348
26080,LOF,0.1433840321569534,0.031164858918811808,0.8254511089242348
26081,LOF,0.05099036690421553,0.026216387810185125,0.9227932452855995
26082,LOF,0.007415399154713786,0.039138159976081784,0.9534464408692044
26083,LOF,0.04873871415195722,0.054828148473487756,0.896433137374555
26084,LOF,0.0503060481229632,0.03826071590825331,0.9114332359687836
26085,LOF,0.04478876007744442,0.03663288205546978,0.9185783578670857
26086,LOF,0.03496034737501905,0.0410674006509348,0.9239722519740462
26087,LOF,0.04889256576850942,0.03679437492236095,0.9143130593091295
26088,LOF,0.008972513577257667,0.10006741873550697,0.8909600676872355
26089,LOF,0.04293048612656135,0.09855227382395511,0.8585172400494836
26090,LOF,0.04670382509174335,0.07540969701378313,0.8778864778944734
26091,LOF,0.05042108078604366,0.032789249123648445,0.9167896700903079
26092,LOF,0.051464691733155314,0.022962781230848002,0.9255725270359968
26093,LOF,0.07042500014789956,0.01752742610667573,0.9120475737454248
26094,LOF,0.04307812374834673,0.0258346698941867,0.9310872063574666
26095,LOF,0.011014770898346841,0.03275678177060893,0.9562284473310442
26096,LOF,0.29262866424448936,0.006570807989943177,0.7008005277655674
26097,LOF,0.00804172413677296,0.047671644655418295,0.9442866312078088
26098,LOF,0.13655051612175254,0.029166248590663475,0.834283235287584
26099,LOF,0.04198677381244198,0.047643546871541334,0.9103696793160166
26100,LOF,0.04198677381244198,0.047643546871541334,0.9103696793160166
26101,LOF,0.036836435891141536,0.057607314509273345,0.905556249599585
26102,LOF,0.04464232668250244,0.027070116856385912,0.9282875564611116
26103,Neutral,0.8482996527662202,0.044970125261813744,0.10673022197196615
26104,LOF,0.1335010802026433,0.09516596789145056,0.7713329519059061
26105,LOF,0.25286389341895193,0.14926056564766532,0.5978755409333828
26106,LOF,0.3095329888531238,0.22470153867359227,0.46576547247328376
26107,LOF,0.008317305145202228,0.23831948513332285,0.753363209721475
26108,LOF,0.1383582436667401,0.23397371395819258,0.6276680423750672
26109,LOF,0.045869508915349924,0.03655038323118561,0.9175801078534644
26110,Neutral,0.5294058212391395,0.04506063650911708,0.42553354225174345
26111,LOF,0.06662663987200453,0.3436170433110389,0.5897563168169566
26112,LOF,0.06367241171046385,0.046422303892121916,0.8899052843974141
26113,LOF,0.05799293274600946,0.08153785196473866,0.860469215289252
26114,LOF,0.09351670636253606,0.030553988639107334,0.8759293049983566
26115,LOF,0.014534460194746775,0.15398653446140925,0.831479005343844
26116,LOF,0.05567784723254659,0.059986251859725476,0.884335900907728
26117,LOF,0.21767464876628886,0.0853736930529034,0.6969516581808077
26118,LOF,0.03968150105724412,0.033175731255172675,0.9271427676875832
26119,LOF,0.0050002092026405105,0.16114325968381144,0.8338565311135482
26120,LOF,0.041043976760218,0.029084367002163818,0.9298716562376182
26121,LOF,0.0037036409892358714,0.1989201638874687,0.7973761951232955
