feature0,prediction,LoGoFunc_Neutral,LoGoFunc_GOF,LoGoFunc_LOF
25546,Neutral,0.7755227894275043,0.03722800522360288,0.1872492053488927
25547,Neutral,0.6158508971903364,0.07401387408771204,0.31013522872195165
25548,Neutral,0.6268777622076841,0.05552549137561951,0.3175967464166964
25549,Neutral,0.5429081718332787,0.055034143928374024,0.40205768423834726
25550,LOF,0.36655520610459547,0.10732442764061997,0.5261203662547846
25551,LOF,0.2898314120381839,0.11770764767999664,0.5924609402818195
25552,LOF,0.21697737688662583,0.11001107198778173,0.6730115511255925
25553,Neutral,0.8515733981651629,0.02639259748607113,0.122034004348766
25554,LOF,0.2506230991403866,0.10455777908725748,0.6448191217723559
25555,LOF,0.21033013764904032,0.09209264616751311,0.6975772161834465
25556,Neutral,0.4573805944778719,0.09112195393819429,0.45149745158393384
25557,LOF,0.20011279372404334,0.09684068683949897,0.7030465194364577
25558,LOF,0.23528353576889272,0.10448821366494772,0.6602282505661596
25559,LOF,0.35113611294190433,0.10429627862278223,0.5445676084353134
25560,LOF,0.05264590087403675,0.1253135180075046,0.8220405811184586
25561,LOF,0.1153946563341427,0.13716184330946654,0.7474435003563907
25562,LOF,0.08368055677069404,0.07309126355918805,0.843228179670118
25563,LOF,0.09953392943976677,0.07528077666244655,0.8251852938977866
25564,LOF,0.2589586819684981,0.12910958788277532,0.6119317301487266
25565,LOF,0.1391175483901264,0.1306112797643587,0.7302711718455149
25566,GOF,0.01298649841107624,0.7740299603000821,0.21298354128884162
25567,LOF,0.018635938337834064,0.2072125425580676,0.7741515191040984
25568,LOF,0.054797074023562986,0.07876267568082243,0.8664402502956147
25569,LOF,0.056897148046229556,0.08015577945298857,0.8629470725007818
25570,LOF,0.05444091316370393,0.11831332580621311,0.8272457610300828
25571,LOF,0.04591971472793707,0.11258636429703515,0.8414939209750277
25572,LOF,0.062386052987252756,0.13225886434595033,0.8053550826667968
25573,LOF,0.036528142583228326,0.11185171373245147,0.8516201436843202
25574,LOF,0.021076196480608024,0.17213137278037766,0.8067924307390142
25575,LOF,0.04286171298778611,0.12418519368132613,0.8329530933308877
25576,LOF,0.019296831308134536,0.14521656713118375,0.8354866015606817
25577,LOF,0.01527122642605033,0.13578624598937045,0.8489425275845792
25578,LOF,0.28709851615881893,0.1029936625767005,0.6099078212644805
25579,LOF,0.1262619945483426,0.11903036214721666,0.7547076433044406
25580,LOF,0.029264108600814298,0.09908544348559085,0.8716504479135949
25581,LOF,0.050283354907494415,0.08161206044706253,0.868104584645443
25582,LOF,0.0498713461415204,0.08009845870809354,0.870030195150386
25583,LOF,0.03448464424518487,0.10788820020931333,0.8576271555455017
25584,Neutral,0.49418040786443174,0.12963675760802945,0.37618283452753887
25585,LOF,0.02205138842286343,0.13940136878406506,0.8385472427930715
25586,LOF,0.027620082818564717,0.09319306229059425,0.879186854890841
25587,LOF,0.028764726707156345,0.0848716640399467,0.8863636092528969
25588,LOF,0.02789397161552705,0.10513400775056295,0.8669720206339101
25589,Neutral,0.6251055380355285,0.13772632542630836,0.23716813653816318
25590,LOF,0.03368491033102245,0.146981636285625,0.8193334533833526
25591,LOF,0.09278878096323694,0.07233661635128716,0.8348746026854759
25592,LOF,0.09474388552441422,0.161060622517213,0.7441954919583726
25593,LOF,0.033346267229433756,0.3032897547609926,0.6633639780095736
25594,LOF,0.04797125183927401,0.1543472226369116,0.7976815255238143
25595,LOF,0.06018290496992709,0.10340858254908004,0.8364085124809928
25596,LOF,0.05479969452526314,0.06929602519384967,0.8759042802808872
25597,LOF,0.037973689940114616,0.06920071940865734,0.892825590651228
25598,LOF,0.05538560186240518,0.11069248752840026,0.8339219106091945
25599,GOF,0.006640392276048392,0.6337669832852522,0.3595926244386994
25600,GOF,0.012775212444218252,0.6215059770308248,0.3657188105249569
25601,LOF,0.009347321690460979,0.43879624582322707,0.5518564324863119
25602,LOF,0.018781696724053058,0.0425609231091849,0.9386573801667621
25603,LOF,0.06693395981881446,0.017479558882087864,0.9155864812990977
25604,LOF,0.03361387371722272,0.04727418749545844,0.9191119387873189
25605,LOF,0.01038543095836519,0.18994147423687857,0.7996730948047562
25606,LOF,0.09735371422996829,0.34214455343067923,0.5605017323393525
25607,LOF,0.006542396226604964,0.1755067192195467,0.8179508845538482
25608,LOF,0.016446490253236426,0.08646658882189809,0.8970869209248654
25609,LOF,0.0616042853245855,0.41631963756252743,0.5220760771128871
25610,LOF,0.03289847719715131,0.026178233164967445,0.9409232896378813
25611,LOF,0.04082483524182758,0.024874353328876508,0.9343008114292959
25612,LOF,0.09419450434074139,0.03777823430742667,0.868027261351832
25613,LOF,0.08272074672638068,0.03880090105317555,0.8784783522204438
25614,LOF,0.03396991544056849,0.032426818892376585,0.9336032656670549
25615,LOF,0.035323707849014445,0.04794136604522556,0.91673492610576
25616,LOF,0.025667559658628592,0.03183843900264501,0.9424940013387264
25617,LOF,0.026405575316175878,0.034215949689107794,0.9393784749947163
25618,LOF,0.13607940555883719,0.03035611214162265,0.8335644822995402
25619,LOF,0.027940900043411144,0.0317387409924144,0.9403203589641744
25620,LOF,0.03301836130746863,0.04058913135849401,0.9263925073340374
25621,LOF,0.027028383879798876,0.03618729196200419,0.936784324158197
25622,LOF,0.036475214074167935,0.038230431597729625,0.9252943543281024
25623,LOF,0.05546763133629597,0.02929086670466657,0.9152415019590375
25624,LOF,0.026033707995759398,0.039581768919570305,0.9343845230846702
25625,LOF,0.03564272205887069,0.04683931303754446,0.9175179649035848
25626,LOF,0.07666117728038074,0.03212421004816305,0.8912146126714562
25627,Neutral,0.5433530501038265,0.11436009830317569,0.34228685159299765
25628,LOF,0.20513718255295324,0.053613863204978886,0.7412489542420679
25629,LOF,0.05814154004415355,0.057245711538262044,0.8846127484175844
25630,LOF,0.17969975193789312,0.08309522769432638,0.7372050203677806
25631,Neutral,0.6008270823117048,0.06219921993617155,0.33697369775212355
25632,LOF,0.013779830001974924,0.1155625745738495,0.8706575954241755
25633,LOF,0.09650358956627184,0.08646085717270842,0.8170355532610197
25634,LOF,0.03350172273253966,0.10421259800320483,0.8622856792642556
25635,LOF,0.036627623661935296,0.08891950816015137,0.8744528681779133
25636,GOF,0.004063342839297751,0.5832823383847885,0.4126543187759138
25637,GOF,0.0037443225677049876,0.6321491397439267,0.3641065376883683
25638,LOF,0.0067805012136535215,0.35497103712811234,0.6382484616582341
25639,GOF,0.0035751466833401687,0.5005282321170468,0.49589662119961303
25640,Neutral,0.46832151355797014,0.4673005444237523,0.0643779420182775
25641,LOF,0.009217915075866173,0.3077233103529357,0.6830587745711982
25642,LOF,0.24043277491625117,0.06409751973453907,0.6954697053492097
25643,LOF,0.31535981825172277,0.14467020504156872,0.5399699767067085
25644,LOF,0.014683537955975674,0.49037224625966397,0.49494421578436043
25645,LOF,0.011969638013898297,0.44344908440830605,0.5445812775777956
25646,LOF,0.01835899141926525,0.3084227878062613,0.6732182207744735
25647,LOF,0.012997603642066492,0.256267680669649,0.7307347156882845
25648,LOF,0.01270206125800691,0.2636844859202088,0.7236134528217844
25649,LOF,0.011053629061651554,0.18515634726591587,0.8037900236724326
25650,LOF,0.02139436814862232,0.3853882615160277,0.5932173703353499
25651,LOF,0.00805882166575564,0.2618983842557738,0.7300427940784705
25652,LOF,0.012869700085239816,0.23864769060802446,0.7484826093067358
25653,LOF,0.051827652683454004,0.34443630604873643,0.6037360412678096
25654,LOF,0.013615841509759178,0.14379937201536477,0.8425847864748761
25655,LOF,0.08457392550726964,0.3660874598196081,0.5493386146731223
25656,LOF,0.09822695863262296,0.06938400889642968,0.8323890324709473
25657,LOF,0.3180488075361144,0.03236465602911128,0.6495865364347743
25658,LOF,0.044979281504956344,0.08752994792692924,0.8674907705681143
25659,LOF,0.35120907234874726,0.0785077649087981,0.5702831627424547
25660,LOF,0.05907456926094547,0.09214148195317001,0.8487839487858846
25661,LOF,0.04495911369783062,0.0699906828085533,0.8850502034936161
25662,LOF,0.02750815909723909,0.04714985406366877,0.9253419868390922
25663,LOF,0.036123281025261106,0.07186727701202109,0.8920094419627178
25664,LOF,0.04639152628802278,0.08541454693545607,0.8681939267765211
25665,LOF,0.05699685914122609,0.042571704005455784,0.9004314368533182
25666,LOF,0.04054631092112248,0.11578864311414057,0.8436650459647368
25667,LOF,0.032306713993591994,0.051744846103966805,0.9159484399024413
25668,LOF,0.03487695068134872,0.05251237747919763,0.9126106718394538
25669,LOF,0.04049773022067764,0.07774961667084195,0.8817526531084805
25670,LOF,0.08295245387154947,0.08755316704761067,0.8294943790808399
25671,LOF,0.03966329767399906,0.048840006119873484,0.9114966962061275
25672,LOF,0.06440581999002565,0.059379782916222645,0.8762143970937517
25673,LOF,0.04596887118932962,0.07045578356338886,0.8835753452472814
25674,LOF,0.042196267099930275,0.07408703371107829,0.8837166991889915
25675,LOF,0.05043476750070016,0.06190929526560998,0.8876559372336899
25676,LOF,0.035748197013985634,0.06178240591284485,0.9024693970731694
25677,LOF,0.06074879792556267,0.06340925500075623,0.8758419470736811
25678,LOF,0.29446076826424594,0.03358522039727707,0.6719540113384771
25679,LOF,0.1726706576605726,0.07122546533697191,0.7561038770024554
25680,LOF,0.05917910574929823,0.09970440243781281,0.841116491812889
25681,LOF,0.10242860359994954,0.09246491015400773,0.8051064862460426
25682,LOF,0.044384373072605614,0.08257896350133809,0.8730366634260562
25683,LOF,0.10518065984277512,0.09242317702716925,0.8023961631300556
25684,LOF,0.05787559546689814,0.0847513968805238,0.8573730076525781
25685,LOF,0.11513215300231697,0.05553912036464321,0.8293287266330398
25686,LOF,0.04398597132264405,0.10873091015172223,0.8472831185256338
25687,LOF,0.04348116306413294,0.09429358700920551,0.8622252499266617
25688,LOF,0.030444154322364768,0.08436746973623942,0.8851883759413959
25689,LOF,0.020886674868348484,0.07231141474365721,0.9068019103879944
25690,LOF,0.0226946842466441,0.0801285905622279,0.897176725191128
25691,LOF,0.22277707094556698,0.10823401857723734,0.6689889104771956
25692,LOF,0.286616869586417,0.00945515980968129,0.7039279706039017
25693,LOF,0.10029179515103052,0.17033665831141837,0.7293715465375512
25694,LOF,0.2570695958703787,0.014370350208102104,0.7285600539215193
25695,LOF,0.1668622420455808,0.020254155254435233,0.8128836026999839
25696,LOF,0.18607421592829781,0.010121039365817628,0.8038047447058845
25697,LOF,0.15217800380924498,0.03272702274277387,0.8150949734479811
25698,LOF,0.0333675069174705,0.426692393150328,0.5399400999322016
25699,LOF,0.06399808066832385,0.09097656642027341,0.8450253529114027
25700,LOF,0.03472693472036802,0.009817499143105982,0.9554555661365259
25701,LOF,0.017377384322194416,0.08089466502786147,0.9017279506499442
25702,GOF,0.03809325102728994,0.7354731588887244,0.22643359008398573
25703,LOF,0.014216241353450168,0.19652929284039572,0.7892544658061541
25704,LOF,0.09185827665701025,0.15235781250548025,0.7557839108375096
25705,LOF,0.055501449622527635,0.25946930132297086,0.6850292490545016
25706,GOF,0.05496987849038041,0.5776188290260518,0.36741129248356774
25707,GOF,0.02867614074082783,0.496679103660821,0.47464475559835106
25708,LOF,0.009349965039578733,0.4372391618352539,0.5534108731251673
25709,LOF,0.01922150575049414,0.06994878283529835,0.9108297114142074
25710,LOF,0.008713530437191355,0.16759060016648766,0.823695869396321
25711,LOF,0.019746203765886264,0.13658843732755865,0.843665358906555
25712,LOF,0.01004907011863975,0.2186650758981938,0.7712858539831665
25713,LOF,0.018238259189868867,0.1002668301407217,0.8814949106694094
25714,LOF,0.02063586519968553,0.13872190672712698,0.8406422280731876
25715,LOF,0.0207494551860512,0.1188872367651261,0.8603633080488228
25716,LOF,0.010971083547174385,0.11113806053632416,0.8778908559165015
25717,LOF,0.006519557016851755,0.13432981284033288,0.8591506301428152
25718,LOF,0.018509737643728905,0.08217218047093695,0.8993180818853342
25719,LOF,0.03236420590276014,0.09005035220630656,0.8775854418909333
25720,LOF,0.021833390542689988,0.0932844816715826,0.8848821277857273
25721,LOF,0.023602189859534238,0.0967865416834648,0.879611268457001
25722,LOF,0.01830743991094772,0.12720760893940034,0.8544849511496521
25723,LOF,0.021252374727463674,0.07253892025550927,0.9062087050170271
25724,LOF,0.034806901805319604,0.10134452221453312,0.8638485759801473
25725,LOF,0.021574919438221603,0.07062054063329913,0.9078045399284792
25726,LOF,0.015885715956166627,0.103776928656716,0.8803373553871173
25727,LOF,0.019641819011648385,0.08980997025473149,0.8905482107336202
25728,LOF,0.018906683729678936,0.10326499425502406,0.8778283220152969
25729,LOF,0.01940918202198679,0.10416489523234984,0.8764259227456633
25730,LOF,0.020228238277568644,0.08336820930042353,0.8964035524220078
25731,LOF,0.012219618124020597,0.15544419470869836,0.8323361871672811
25732,LOF,0.01822071334447229,0.09841347052294898,0.8833658161325787
25733,LOF,0.029679106108862766,0.07714603987738962,0.8931748540137476
25734,LOF,0.007528692719168631,0.19634702825113226,0.7961242790296991
25735,LOF,0.02360350143293039,0.06988982054933605,0.9065066780177334
25736,LOF,0.02180750035460967,0.10378608432022352,0.8744064153251668
25737,LOF,0.04074279162694245,0.088174315294713,0.8710828930783444
25738,LOF,0.02088086378909497,0.1257442531503063,0.8533748830605987
25739,LOF,0.022214519743320286,0.11952309605759485,0.858262384199085
25740,LOF,0.052017508997254984,0.1125927326009527,0.8353897584017923
25741,LOF,0.025585435556451173,0.0953670979774818,0.8790474664660671
25742,LOF,0.03398221102755698,0.11223358407602033,0.8537842048964226
25743,LOF,0.011674766635025617,0.04823629375531401,0.9400889396096604
25744,GOF,0.13190137226694532,0.4721069072084659,0.3959917205245889
25745,LOF,0.021779152560413944,0.07265576358958271,0.9055650838500033
25746,LOF,0.011489330977892778,0.09065175848429857,0.8978589105378086
25747,LOF,0.034352973194459485,0.038666094114282415,0.9269809326912581
25748,LOF,0.196904588988028,0.06534557064666326,0.7377498403653089
25749,LOF,0.013438061611822476,0.06291268107326,0.9236492573149174
25750,LOF,0.016683915749195432,0.08263487337380812,0.9006812108769964
25751,LOF,0.04048601721970631,0.0729231954238731,0.8865907873564206
25752,GOF,0.08582665518834669,0.6559599721439752,0.2582133726676782
25753,LOF,0.007133268453438837,0.369172705989843,0.6236940255567183
25754,GOF,0.0055256058581981465,0.8597686053913173,0.13470578875048458
25755,LOF,0.011242831960076178,0.42328647629848637,0.5654706917414375
25756,LOF,0.04879355706682419,0.45005236259613773,0.501154080337038
25757,GOF,0.007211381628050344,0.8785385594354369,0.11425005893651267
25758,GOF,0.008061406269588657,0.8616334064161203,0.13030518731429103
25759,GOF,0.005147806848573548,0.5593917707572746,0.4354604223941518
25760,LOF,0.006731677916184635,0.3037976723812898,0.6894706497025255
25761,GOF,0.05028509728087342,0.8462024261005978,0.10351247661852873
25762,LOF,0.028214497934494084,0.3626847918498674,0.6091007102156385
25763,LOF,0.009323752125723466,0.2317084786866539,0.7589677691876225
25764,GOF,0.09995478214633927,0.5531566840018897,0.346888533851771
25765,GOF,0.007816972848447153,0.8347893736525798,0.15739365349897297
25766,GOF,0.031899040740753164,0.8232353896308373,0.1448655696284095
25767,LOF,0.017519541337004934,0.4551478949634597,0.5273325636995354
25768,LOF,0.039700857828768976,0.07828269806495242,0.8820164441062786
25769,LOF,0.022609539118163414,0.07260918756912403,0.9047812733127125
25770,LOF,0.1512217478530913,0.06726880361778224,0.7815094485291265
25771,LOF,0.016117358841121757,0.07186770347017167,0.9120149376887067
25772,LOF,0.02270225817127191,0.03003480738837112,0.9472629344403569
25773,LOF,0.014352862456166914,0.07227813632102763,0.9133690012228055
25774,LOF,0.02629365336853121,0.09925253731848493,0.8744538093129838
25775,LOF,0.0213873859311376,0.04366240322620127,0.9349502108426612
25776,LOF,0.024299753718376987,0.027333438395599128,0.9483668078860239
25777,LOF,0.1630434958445375,0.07064456396978883,0.7663119401856737
25778,LOF,0.0186051871733071,0.053626325948221865,0.927768486878471
25779,GOF,0.03992397023189644,0.8960594441655473,0.06401658560255633
25780,GOF,0.0713766149854387,0.8686052350530227,0.06001814996153868
25781,GOF,0.028741833001761478,0.870009934561202,0.10124823243703643
25782,GOF,0.03292997679144053,0.9023182874250155,0.06475173578354376
25783,GOF,0.0191461561021468,0.7511791712979764,0.22967467259987684
25784,GOF,0.10938488243911944,0.8458204504867063,0.044794667074174246
25785,GOF,0.06677149986592966,0.8969189136207965,0.03630958651327375
25786,GOF,0.005553580729628141,0.8497597516520242,0.14468666761834773
25787,GOF,0.1674504083923733,0.8036692749369193,0.028880316670707316
25788,LOF,0.015730282640143735,0.19301273183684828,0.7912569855230079
25789,GOF,0.019308504490595037,0.8701913090218489,0.11050018648755602
25790,GOF,0.022710753826727326,0.8909115998285502,0.08637764634472234
25791,GOF,0.015715599739369007,0.8392869593146753,0.14499744094595557
25792,GOF,0.025779171347846217,0.8458470384968342,0.12837379015531955
25793,GOF,0.07444374153769528,0.8401193052636082,0.0854369531986965
25794,GOF,0.05522853219466254,0.7976812055404009,0.1470902622649366
25795,GOF,0.04095158167330715,0.7778554264966953,0.18119299182999749
25796,GOF,0.08019171769106838,0.8145470626255091,0.10526121968342263
25797,GOF,0.04036141709786244,0.7065465726566723,0.25309201024546507
25798,GOF,0.0034205861768001446,0.6854702126044762,0.3111092012187237
25799,GOF,0.003209023097326605,0.5468519357282325,0.44993904117444083
25800,GOF,0.013059018439026071,0.7423591631608278,0.244581818400146
25801,GOF,0.015238523768748355,0.877079782737811,0.10768169349344062
25802,GOF,0.0216566715619527,0.8259171188746943,0.152426209563353
25803,GOF,0.01163604319781977,0.7216388589954827,0.2667250978066974
25804,GOF,0.01396509747946916,0.6345812609601685,0.3514536415603623
25805,GOF,0.02466066783647681,0.7390426981897675,0.23629663397375578
25806,GOF,0.019807877565192283,0.7665923119316328,0.21359981050317495
25807,GOF,0.005346889970186734,0.7353353286432144,0.25931778138659883
25808,GOF,0.015442708994767023,0.7742425026698206,0.21031478833541237
25809,GOF,0.006572579528346388,0.7454739331929584,0.24795348727869515
25810,GOF,0.005600254550220331,0.7510694130731891,0.24333033237659046
25811,GOF,0.04539382783303347,0.8646743777447515,0.08993179442221504
25812,GOF,0.01756989089263457,0.743653816019912,0.23877629308745343
25813,GOF,0.09568081833573915,0.8162067051022641,0.08811247656199683
25814,GOF,0.026779941338932908,0.8326890686610944,0.14053098999997263
25815,GOF,0.039258950824644256,0.8298716669853399,0.1308693821900159
25816,GOF,0.00793616688650822,0.8643990930516382,0.12766474006185355
25817,GOF,0.1042997988332275,0.7721694602867027,0.12353074088006963
25818,GOF,0.02629690969870812,0.8110349441918672,0.16266814610942462
25819,GOF,0.06115110387960713,0.7924495067449683,0.14639938937542454
25820,GOF,0.03268589877684421,0.7931245634865131,0.17418953773664259
25821,GOF,0.02040919547958435,0.7844693877647267,0.1951214167556889
25822,GOF,0.03878755664410449,0.7966994554029828,0.1645129879529127
25823,GOF,0.015009299335285236,0.6695644803043134,0.31542622036040135
25824,GOF,0.02568513666629172,0.7757040976957741,0.19861076563793403
25825,GOF,0.016221015109332364,0.7595659159404152,0.22421306895025236
25826,GOF,0.005631995721451075,0.7248351455266924,0.2695328587518566
25827,GOF,0.008895581644663437,0.7016245346823297,0.2894798836730069
25828,GOF,0.00599046348982205,0.6569325344744755,0.33707700203570246
25829,GOF,0.002973531399206835,0.7094330950450792,0.2875933735557139
25830,GOF,0.0402572032976135,0.523690700004678,0.43605209669770856
25831,GOF,0.05013297557892176,0.8364866564996865,0.1133803679213918
25832,GOF,0.008795047836193275,0.8165867383140339,0.17461821384977277
25833,GOF,0.03297135177359224,0.8531987617838622,0.1138298864425456
25834,GOF,0.008760218852942774,0.8243780532760288,0.1668617278710284
25835,GOF,0.01798002213927105,0.8683086425039245,0.11371133535680435
25836,GOF,0.006637758971740017,0.8249466961397113,0.1684155448885487
25837,GOF,0.00704731288390359,0.7426043230786091,0.2503483640374873
25838,GOF,0.019795292848964623,0.8755372653071708,0.10466744184386446
25839,GOF,0.03842351841220066,0.8567583780445232,0.10481810354327625
25840,GOF,0.056731170235887016,0.8438608774133686,0.09940795235074448
25841,GOF,0.051506638858788076,0.854281672245233,0.09421168889597883
25842,GOF,0.02737390768408093,0.9053593563717257,0.06726673594419336
25843,GOF,0.02828404272763617,0.9110466007303055,0.0606693565420584
25844,GOF,0.018491808154033878,0.8531014219828481,0.1284067698631179
25845,GOF,0.006184375466364512,0.6817146081855309,0.3121010163481047
25846,GOF,0.042669845359405434,0.8648570857107565,0.09247306892983814
25847,GOF,0.020721656712367406,0.9151180698189825,0.06416027346864998
25848,GOF,0.019326551167589353,0.8697680098267676,0.11090543900564309
25849,GOF,0.005494426952893112,0.771854399978229,0.22265117306887772
25850,GOF,0.0068512923269866775,0.7710727430653589,0.22207596460765444
25851,GOF,0.006115990287935275,0.6661516366539133,0.32773237305815134
25852,GOF,0.13766933914015386,0.6316216950730046,0.23070896578684152
25853,GOF,0.07238553720621291,0.8551536585324409,0.07246080426134621
25854,GOF,0.005777517379819383,0.7313899576291938,0.26283252499098686
25855,GOF,0.01675589375640679,0.6872769400521869,0.2959671661914062
25856,GOF,0.037445991779089804,0.800055121900152,0.16249888632075798
25857,GOF,0.013936348072609957,0.6789749998582956,0.3070886520690943
25858,GOF,0.008364617634063608,0.6660468965658268,0.3255884858001095
25859,GOF,0.005905847884686551,0.6407529700603245,0.353341182054989
25860,GOF,0.08538458853940921,0.8199992824274863,0.09461612903310442
25861,GOF,0.09289677774862057,0.8039080990656639,0.1031951231857156
25862,GOF,0.022302091416639035,0.8807028696600657,0.09699503892329525
25863,GOF,0.021712413988712747,0.8859939863891088,0.09229359962217835
25864,GOF,0.05297114386089378,0.8691120328382433,0.07791682330086275
25865,GOF,0.03646764324195476,0.8431766267414835,0.12035573001656168
25866,GOF,0.026823387964987306,0.8707550963976928,0.10242151563731992
25867,GOF,0.03388465624476168,0.8862871035486587,0.07982824020657966
25868,GOF,0.05790331099160149,0.8409706619177436,0.10112602709065496
25869,GOF,0.34007745387171046,0.6013535023516308,0.058569043776658884
25870,GOF,0.07634161240850042,0.6894755911671763,0.23418279642432327
25871,GOF,0.011377983785185026,0.8948268448400359,0.09379517137477913
25872,GOF,0.020888420475240723,0.8758692971113762,0.10324228241338304
25873,GOF,0.02090705278040974,0.9045993464325192,0.07449360078707101
25874,LOF,0.017618660440534846,0.21594228456904324,0.7664390549904219
25875,LOF,0.048218896657968975,0.04454556157542541,0.9072355417666056
25876,LOF,0.017806984880051883,0.03550940690338547,0.9466836082165626
25877,LOF,0.1281966310804501,0.07988655715815685,0.7919168117613932
25878,LOF,0.06675080356667129,0.1132496020179844,0.8199995944153442
25879,LOF,0.026642908946647243,0.07956067539477883,0.8937964156585738
25880,LOF,0.05908408361205769,0.012661498203743796,0.9282544181841985
25881,Neutral,0.5456532953138642,0.05414427428793923,0.4002024303981966
25882,LOF,0.05880533391487698,0.026027179111091245,0.9151674869740317
25883,LOF,0.030998932121779416,0.02279582356841536,0.9462052443098053
25884,LOF,0.028573158090981897,0.03788841315513629,0.9335384287538818
25885,LOF,0.22500307542257245,0.010015894790419253,0.7649810297870083
25886,LOF,0.16034558546839692,0.05072795887836218,0.7889264556532409
25887,LOF,0.18693148694179862,0.0535005866531664,0.759567926405035
25888,LOF,0.013374456164487668,0.11798932720285409,0.8686362166326582
25889,LOF,0.03474174658683233,0.02721232356761071,0.9380459298455569
25890,LOF,0.1247303242858809,0.1182741600970896,0.7569955156170296
25891,LOF,0.09399627957554342,0.02110688235432088,0.8848968380701356
25892,LOF,0.009070614722363946,0.032789547612537606,0.9581398376650984
25893,LOF,0.4108538976644941,0.008874240004839216,0.5802718623306667
25894,LOF,0.45254890293545846,0.005678550253237503,0.541772546811304
25895,LOF,0.32704128133042476,0.011061765960372526,0.6618969527092028
25896,LOF,0.06655098987697777,0.015586935194300842,0.9178620749287213
25897,LOF,0.18339374394665675,0.009541280356538976,0.8070649756968044
25898,LOF,0.1636522523465125,0.030796570892976667,0.8055511767605108
25899,LOF,0.3519123378359114,0.018271515477128776,0.6298161466869597
25900,LOF,0.42155360770716854,0.007344434927101389,0.57110195736573
25901,LOF,0.06874329589510114,0.00762606499035429,0.9236306391145446
25902,LOF,0.16353281397375877,0.009096607966307195,0.827370578059934
25903,LOF,0.4240256926327301,0.023585910580418527,0.5523883967868515
25904,LOF,0.48234614321372704,0.02197835973762727,0.49567549704864566
25905,LOF,0.004121945421482769,0.4712090561248534,0.5246689984536638
25906,LOF,0.008982395598827323,0.12244311077454685,0.8685744936266259
25907,LOF,0.00467634546366095,0.3419233903655399,0.6534002641707992
25908,LOF,0.004996049161784379,0.25851222689564024,0.7364917239425753
25909,LOF,0.023393325516835758,0.1766085572631985,0.7999981172199658
25910,LOF,0.010246788238819573,0.13691914399759772,0.8528340677635827
25911,LOF,0.3308815608799795,0.050974729789882205,0.6181437093301382
25912,LOF,0.06474831833401061,0.060715800968904235,0.8745358806970851
25913,LOF,0.05149231308081796,0.08029668809397279,0.8682109988252092
25914,LOF,0.03834962838797595,0.04274770406114935,0.9189026675508746
25915,LOF,0.1842444737835382,0.18826437534713877,0.6274911508693231
25916,LOF,0.02989564583810438,0.12754916804530825,0.8425551861165874
25917,LOF,0.07126347926134155,0.03872962070648493,0.8900069000321734
25918,LOF,0.046083253973379666,0.0282166409664116,0.9257001050602088
25919,LOF,0.03972889599579466,0.027767922181821697,0.9325031818223837
25920,LOF,0.16074460451453823,0.20950743679321127,0.6297479586922505
25921,LOF,0.016542456500091278,0.0385826508800998,0.9448748926198088
25922,LOF,0.01740287838875048,0.03551082209346801,0.9470862995177814
25923,LOF,0.4536830489940732,0.03776583334407716,0.5085511176618497
25924,LOF,0.024605821547391937,0.05608089473192285,0.9193132837206852
25925,LOF,0.07973352159688571,0.058414027197243035,0.8618524512058713
25926,LOF,0.057085437787334714,0.0526756811483406,0.8902388810643246
25927,LOF,0.02422384698495747,0.07857236586107896,0.8972037871539636
25928,LOF,0.010923987515066763,0.05905174304932002,0.9300242694356131
25929,Neutral,0.542471674545793,0.03629407508655931,0.42123425036764767
25930,LOF,0.0746790053367379,0.034950176141155614,0.8903708185221065
25931,LOF,0.01482735154858583,0.038195632719886324,0.9469770157315278
25932,LOF,0.05741342738655323,0.031422285710941085,0.9111642869025056
25933,LOF,0.05532680565264792,0.02301012265957223,0.92166307168778
25934,LOF,0.05305614050824835,0.021090290649335167,0.9258535688424165
25935,LOF,0.06823374268678253,0.07009864708476612,0.8616676102284513
25936,LOF,0.09441418839231659,0.022885514186859354,0.8827002974208241
25937,LOF,0.01512134411006212,0.041714291107696456,0.9431643647822414
25938,LOF,0.0648232765353133,0.06387513878846773,0.871301584676219
25939,LOF,0.04294060939856095,0.030037699795624956,0.927021690805814
25940,LOF,0.009129669674727458,0.34965150202100104,0.6412188283042715
25941,Neutral,0.5042598052541177,0.03791158396791446,0.4578286107779678
25942,LOF,0.009698055011501987,0.0508502145572954,0.9394517304312027
25943,LOF,0.05071341829215685,0.1849240420196457,0.7643625396881973
25944,LOF,0.0660267581190137,0.08980508537591878,0.8441681565050674
25945,LOF,0.12008514883380196,0.019612350038119047,0.8603025011280789
25946,LOF,0.06880406102047652,0.04012301762714989,0.8910729213523735
25947,Neutral,0.46542047808194165,0.10422686055849027,0.43035266135956796
25948,LOF,0.4146695739445858,0.014026981330539222,0.5713034447248749
25949,LOF,0.1370321700097818,0.07327717358310502,0.7896906564071131
25950,GOF,0.07872612922402539,0.6333593928644864,0.28791447791148833
25951,LOF,0.011723984644587172,0.42477265534323905,0.5635033600121738
25952,LOF,0.301207763692666,0.24646358916567854,0.4523286471416554
25953,LOF,0.008154055368010586,0.1860722298992853,0.8057737147327041
25954,GOF,0.0903345218278645,0.45783910606847894,0.45182637210365656
25955,LOF,0.007262210380304359,0.1608992541656974,0.8318385354539982
25956,LOF,0.019500574314911645,0.24575025577094306,0.7347491699141453
25957,LOF,0.22610499927948924,0.03538909496615291,0.7385059057543578
25958,LOF,0.032007735948008244,0.03227503711465102,0.9357172269373406
25959,GOF,0.015061294221030632,0.5199319465150434,0.46500675926392593
25960,LOF,0.00720536697427941,0.05078139553088251,0.942013237494838
25961,LOF,0.031134932751519084,0.03099676003097859,0.9378683072175024
25962,LOF,0.03533706005045263,0.06325340556121833,0.9014095343883289
25963,LOF,0.004950442957074588,0.18056935780829403,0.8144801992346314
25964,LOF,0.03278996048558427,0.08961886149518976,0.8775911780192259
25965,LOF,0.26216637973060025,0.12409776829552237,0.6137358519738774
25966,Neutral,0.4689408385860013,0.14297710427267415,0.3880820571413246
25967,LOF,0.00912662297097877,0.07999139488355203,0.9108819821454692
25968,LOF,0.04862005352600923,0.21564212757566972,0.7357378188983211
25969,LOF,0.12784540156243618,0.050655551854399475,0.8214990465831643
25970,LOF,0.021612945635433062,0.07552613757698914,0.9028609167875777
25971,LOF,0.0814178645726963,0.028216961841731187,0.8903651735855724
25972,LOF,0.06112519523892665,0.04340492956155778,0.8954698751995157
25973,LOF,0.06795005246012056,0.008871546669243847,0.9231784008706356
25974,LOF,0.054079192059747726,0.03718801236607962,0.9087327955741726
25975,LOF,0.050439231541419195,0.016549967788470198,0.9330108006701107
25976,LOF,0.10634361581305561,0.01032145843827008,0.8833349257486743
25977,LOF,0.19189227269275497,0.08475304993690592,0.7233546773703392
25978,LOF,0.18609819872981945,0.12391794535452448,0.6899838559156561
25979,LOF,0.14937230791657038,0.13848096157906822,0.7121467305043614
25980,LOF,0.2676428814926086,0.1805885031605833,0.551768615346808
25981,LOF,0.2687220884110192,0.18186027231989021,0.5494176392690906
25982,Neutral,0.48275625687008683,0.09786638409831153,0.4193773590316017
25983,Neutral,0.5023689197889248,0.11345143966802927,0.38417964054304576
25984,LOF,0.0343842113454006,0.09969399994500801,0.8659217887095914
25985,Neutral,0.4419093493316527,0.14842393123365563,0.4096667194346917
25986,LOF,0.012412968919493747,0.42698515292961237,0.5606018781508938
25987,LOF,0.05490081851836823,0.1211372671142895,0.8239619143673422
25988,LOF,0.04077394356309756,0.20046446119076886,0.7587615952461336
25989,LOF,0.03696960224680573,0.23179855946482902,0.7312318382883652
25990,LOF,0.04012815582088651,0.31186949296004574,0.6480023512190677
25991,LOF,0.024086005085918655,0.4312043637323918,0.5447096311816897
25992,LOF,0.023513162281457757,0.4184108573918964,0.558075980326646
25993,LOF,0.02712420744735582,0.07717017169868397,0.8957056208539602
25994,LOF,0.021438460992943824,0.07662386317132987,0.9019376758357263
25995,LOF,0.02094349807743016,0.1478432290090783,0.8312132729134916
25996,LOF,0.335472392397088,0.3144973030575354,0.3500303045453766
25997,LOF,0.06032190579965832,0.3819109774288634,0.5577671167714783
25998,LOF,0.2512188231088473,0.04304955433129223,0.7057316225598604
25999,LOF,0.02813553270621725,0.18149785723552359,0.7903666100582593
26000,LOF,0.18795626565581464,0.03687865264821981,0.7751650816959655
26001,LOF,0.2740019068765231,0.0476051482831488,0.6783929448403281
26002,LOF,0.12060620534654724,0.05889879538438027,0.8204949992690725
26003,GOF,0.006016722734220447,0.6470454639260048,0.34693781333977475
26004,GOF,0.009073797972546222,0.7067909592057245,0.2841352428217293
26005,LOF,0.004133349216944019,0.4876692799160279,0.5081973708670282
26006,GOF,0.11078007410338137,0.5775619769972634,0.31165794889935516
26007,GOF,0.008192482492589696,0.5450065094793568,0.4468010080280534
26008,GOF,0.0067117983047189425,0.6567659116693128,0.33652229002596845
26009,GOF,0.008381068409622081,0.6875976942224995,0.3040212373678785
26010,GOF,0.009977823603421225,0.6690830840841013,0.3209390923124774
26011,LOF,0.0035973656894463806,0.46045660707156344,0.5359460272389902
26012,GOF,0.00553883288860486,0.5134968159640665,0.4809643511473286
26013,GOF,0.006861250620654818,0.5876788385846375,0.4054599107947075
26014,LOF,0.05752743203619656,0.10978602321401831,0.8326865447497852
26015,LOF,0.36665651262904875,0.024580301173950887,0.6087631861970004
26016,LOF,0.3245036891123956,0.047371318459351996,0.6281249924282525
26017,LOF,0.02693371406260863,0.22988186469975558,0.7431844212376357
26018,LOF,0.029665417279365378,0.06330573791776202,0.9070288448028726
26019,LOF,0.02922511412930668,0.05395546061909423,0.9168194252515991
26020,LOF,0.009832910535906313,0.2181309459303116,0.772036143533782
26021,LOF,0.07859639396388544,0.07622774740210833,0.8451758586340063
26022,LOF,0.04145793478313318,0.03290452213469708,0.9256375430821697
26023,LOF,0.031610770980051675,0.03469624833125499,0.9336929806886933
26024,LOF,0.050179403459935615,0.07496630619002814,0.8748542903500363
26025,LOF,0.06603609928339692,0.08726249986957317,0.8467014008470299
26026,LOF,0.11749407684866882,0.06477172971813568,0.8177341934331955
26027,LOF,0.02657143208024759,0.028532213705698715,0.9448963542140537
26028,LOF,0.1326025249620266,0.13660517006112505,0.7307923049768483
26029,LOF,0.017351754426187027,0.18064796431495442,0.8020002812588586
26030,LOF,0.16085486637418622,0.01913971398869499,0.8200054196371187
26031,LOF,0.009366685132045334,0.15509792760588748,0.8355353872620672
26032,LOF,0.04601541820340739,0.047462387298641356,0.9065221944979512
26033,LOF,0.07234728171595906,0.04412789501690753,0.8835248232671336
26034,LOF,0.012249483482834661,0.14121805508168847,0.8465324614354769
26035,LOF,0.010592163361866098,0.10304576732156885,0.886362069316565
26036,LOF,0.010671299047564038,0.12118937567445504,0.8681393252779809
26037,LOF,0.009271190647670902,0.09400333986034322,0.896725469491986
26038,LOF,0.03806804280867941,0.04269433635267581,0.9192376208386449
26039,LOF,0.0234502726423738,0.12313239121400966,0.8534173361436166
26040,LOF,0.12027824264192544,0.11417457640058262,0.765547180957492
26041,LOF,0.011878289847046516,0.07990341106200954,0.9082182990909439
26042,LOF,0.01069935820758677,0.09232577810176502,0.8969748636906482
26043,LOF,0.03672019937895564,0.05896517219766001,0.9043146284233844
26044,LOF,0.013473746933156552,0.04003527841075174,0.9464909746560917
26045,LOF,0.06667158739496866,0.09761311616136385,0.8357152964436675
26046,LOF,0.03188373771780299,0.0455550079521572,0.9225612543300399
26047,LOF,0.050089163238704576,0.04772911068880955,0.9021817260724858
26048,LOF,0.08211183657672703,0.02087808544057744,0.8970100779826955
26049,Neutral,0.9466179560739986,0.006236681894583762,0.04714536203141769
26050,Neutral,0.9225863552063788,0.0069995127778968574,0.0704141320157243
26051,LOF,0.01722845395116347,0.08649153218055389,0.8962800138682827
26052,LOF,0.03554953128888376,0.10297494881931438,0.8614755198918019
26053,LOF,0.03067139222865078,0.16405707234994438,0.805271535421405
26054,LOF,0.04479883698094037,0.031395784417711924,0.9238053786013477
26055,LOF,0.06471073758295381,0.02639524280711875,0.9088940196099274
26056,LOF,0.052130691035917075,0.033198861002872254,0.9146704479612106
26057,LOF,0.05273494383107989,0.01533202847075456,0.9319330276981654
26058,LOF,0.0556041860026076,0.012791471812591977,0.9316043421848005
26059,LOF,0.19705793070738123,0.03099896444041409,0.7719431048522047
26060,LOF,0.015969873838639386,0.18365207950623197,0.8003780466551286
26061,LOF,0.01245060808944726,0.011820771341656322,0.9757286205688963
26062,LOF,0.006940785466524608,0.01825268132862375,0.9748065332048518
26063,LOF,0.03605059192933114,0.011227737812046083,0.9527216702586229
26064,LOF,0.011065008225888613,0.026490156956353185,0.9624448348177582
26065,LOF,0.0462598809303347,0.012372549209682067,0.9413675698599832
26066,LOF,0.04416377612781367,0.010626579694345526,0.9452096441778408
26067,LOF,0.05298018392799677,0.010356172889003293,0.9366636431829999
26068,LOF,0.05005992247018209,0.050006884607016196,0.8999331929228017
26069,LOF,0.15534075049152668,0.02887506538132797,0.8157841841271454
26070,LOF,0.325461927398952,0.02379575605139356,0.6507423165496544
26071,LOF,0.04115502820974723,0.01212626111961478,0.9467187106706381
26072,LOF,0.010675943527628674,0.019908955425248467,0.9694151010471229
26073,LOF,0.036807355769475185,0.014310760102377511,0.9488818841281473
26074,Neutral,0.9268553358577195,0.009138443621730821,0.06400622052054958
26075,LOF,0.051927192683620046,0.022771616188598617,0.9253011911277813
26076,LOF,0.05685057530368707,0.012740017843222647,0.9304094068530904
26077,LOF,0.17051157956351407,0.007209134058367183,0.8222792863781188
26078,LOF,0.008878314722444212,0.016666944529686725,0.9744547407478691
26079,LOF,0.06365310763071073,0.025227823465007522,0.9111190689042817
26080,LOF,0.06221449364777503,0.025261972961024975,0.9125235333912001
26081,LOF,0.030498698321510635,0.009091222423030952,0.9604100792554584
26082,LOF,0.007463232387556127,0.014023463605311341,0.9785133040071327
26083,LOF,0.09786787808475499,0.02169507797373883,0.8804370439415062
26084,LOF,0.09729763952922449,0.015989062567448333,0.8867132979033272
26085,LOF,0.0908434846515015,0.013623419509326362,0.8955330958391723
26086,LOF,0.039238934772452626,0.013730467191421748,0.9470305980361258
26087,LOF,0.03598000465231728,0.010998118216121164,0.9530218771315616
26088,LOF,0.009307364355006165,0.021334161183101594,0.9693584744618922
26089,LOF,0.044069562273195,0.03735262791564476,0.9185778098111602
26090,LOF,0.04510778893789943,0.02869162234967984,0.9262005887124206
26091,LOF,0.031114329275870215,0.008135158903218278,0.9607505118209114
26092,LOF,0.03862002241097285,0.008553568727007927,0.9528264088620193
26093,LOF,0.07675948179668925,0.0064421984065297375,0.916798319796781
26094,LOF,0.03486108034935675,0.007671861817656908,0.9574670578329865
26095,LOF,0.03507871631531312,0.017886904475015484,0.9470343792096715
26096,LOF,0.22876527739747157,0.004969254051762378,0.766265468550766
26097,LOF,0.008271304601978445,0.03603925062272938,0.955689444775292
26098,LOF,0.07933042236591056,0.020562863798212462,0.9001067138358769
26099,LOF,0.04176724263819872,0.016094929633046606,0.9421378277287547
26100,LOF,0.041754689093355925,0.016095140488310466,0.9421501704183337
26101,LOF,0.057296639339582324,0.030289284620755984,0.9124140760396617
26102,LOF,0.03347228207448792,0.01703863427390973,0.9494890836516022
26103,Neutral,0.8752389645937263,0.028349944336355168,0.09641109106991867
26104,LOF,0.05878755035094986,0.0433089492443773,0.8979035004046729
26105,LOF,0.2337421889584891,0.18798477975548444,0.5782730312860265
26106,LOF,0.3007259138725314,0.13894528290862654,0.560328803218842
26107,LOF,0.02245718442776358,0.10395603903430635,0.87358677653793
26108,LOF,0.27243726623017495,0.054848496623513474,0.6727142371463115
26109,LOF,0.09395347562329943,0.03614575970890314,0.8699007646677975
26110,LOF,0.45381617752357134,0.00746476055986484,0.5387190619165639
26111,LOF,0.04651885062065922,0.14138573338542954,0.8120954159939113
26112,LOF,0.05111764314023268,0.008240977551398347,0.940641379308369
26113,LOF,0.10439621283841545,0.017345643668221125,0.8782581434933635
26114,LOF,0.08877598282142853,0.006410907042988176,0.9048131101355833
26115,LOF,0.013240418740057902,0.04539611265123017,0.9413634686087119
26116,LOF,0.0735680439070465,0.022058057672915028,0.9043738984200385
26117,LOF,0.3966781908665687,0.037500831077105855,0.5658209780563255
26118,LOF,0.043133832710688054,0.017681956855725562,0.9391842104335864
26119,LOF,0.006337410798157188,0.03978409094507035,0.9538784982567725
26120,LOF,0.035243394378376064,0.015510384206694984,0.949246221414929
26121,LOF,0.004413282748970458,0.12358387298882494,0.8720028442622045
