feature0,prediction,LoGoFunc_Neutral,LoGoFunc_GOF,LoGoFunc_LOF
25546,Neutral,0.6538439112370961,0.034309199469508084,0.3118468892933959
25547,LOF,0.38478964975338437,0.16699989727815884,0.4482104529684569
25548,LOF,0.33709793325480913,0.09965148372447198,0.5632505830207188
25549,LOF,0.25807000154785853,0.11834587977135233,0.6235841186807891
25550,Neutral,0.6015656657109968,0.03594269941654995,0.36249163487245334
25551,Neutral,0.5260547185683967,0.036100246313462696,0.4378450351181406
25552,LOF,0.16724273717624497,0.10692436211471695,0.725832900709038
25553,Neutral,0.49989508187010545,0.03838090257634282,0.4617240155535517
25554,LOF,0.20643867506862973,0.13808278035276533,0.6554785445786049
25555,LOF,0.15810965380290937,0.10177698877855122,0.7401133574185396
25556,LOF,0.21759842467617607,0.11914763477829379,0.6632539405455301
25557,LOF,0.1530564150081919,0.10582947841845654,0.7411141065733515
25558,LOF,0.23105170697930869,0.11841050935646937,0.6505377836642219
25559,Neutral,0.7966254623779003,0.04658150279534653,0.15679303482675314
25560,LOF,0.05658330536661362,0.11055881137985747,0.8328578832535288
25561,LOF,0.13839865956134056,0.13608699282206932,0.7255143476165902
25562,LOF,0.19895362657048393,0.0361389934877904,0.7649073799417256
25563,LOF,0.2752080496899815,0.0798595022136034,0.6449324480964151
25564,LOF,0.08669619879604629,0.06167743656755259,0.8516263646364011
25565,LOF,0.08902434401321202,0.4216874036270864,0.4892882523597016
25566,GOF,0.052301580024697134,0.49898869321812894,0.448709726757174
25567,LOF,0.023171713129994678,0.07526818622037303,0.9015601006496322
25568,LOF,0.11305959379035199,0.11843145632590464,0.7685089498837434
25569,Neutral,0.7610236045673783,0.01739827084358388,0.22157812458903786
25570,LOF,0.10613147681219887,0.2226984099367606,0.6711701132510406
25571,LOF,0.10805513934672964,0.1627847317846622,0.729160128868608
25572,LOF,0.1092105838234507,0.21879011318973382,0.6719993029868154
25573,LOF,0.030106893882383114,0.14886089178481157,0.8210322143328054
25574,LOF,0.011527395155935283,0.325296593491036,0.6631760113530287
25575,LOF,0.1332606399943324,0.060681035172662004,0.8060583248330057
25576,LOF,0.03221061319799461,0.044880704668215775,0.9229086821337896
25577,LOF,0.021419504646380268,0.11687632317650828,0.8617041721771115
25578,Neutral,0.5157573167552895,0.09730700310906004,0.38693568013565044
25579,Neutral,0.5157573167552895,0.09730700310906004,0.38693568013565044
25580,LOF,0.07798383955108243,0.040539960703466126,0.8814761997454515
25581,LOF,0.10031987007091286,0.12572667710954794,0.7739534528195392
25582,LOF,0.10909493252856903,0.08356594058741496,0.8073391268840161
25583,LOF,0.08435754595276326,0.044430276060074235,0.8712121779871626
25584,Neutral,0.5277101191376828,0.10106696227183055,0.3712229185904867
25585,LOF,0.02199104186290823,0.08561579936935108,0.8923931587677407
25586,LOF,0.09642540599723515,0.09053893525852204,0.8130356587442429
25587,LOF,0.06738670399766616,0.08570063608149431,0.8469126599208394
25588,LOF,0.07625946866002511,0.05109013625074592,0.8726503950892289
25589,Neutral,0.7062057352647566,0.11842523743337939,0.17536902730186402
25590,LOF,0.04453482014290823,0.08996507338027755,0.8655001064768142
25591,LOF,0.22607981076216388,0.05193487581097162,0.7219853134268645
25592,LOF,0.0486526693106614,0.055454076762137317,0.8958932539272013
25593,GOF,0.018676385746638935,0.5201042638715062,0.46121935038185485
25594,LOF,0.15031690153858532,0.09643637943517519,0.7532467190262395
25595,LOF,0.09582409812843283,0.1330261555025393,0.7711497463690279
25596,LOF,0.2410101135181226,0.04049189556457703,0.7184979909173004
25597,LOF,0.23038391502922534,0.03160785432374843,0.7380082306470263
25598,Neutral,0.7859939586842889,0.022106775427641504,0.19189926588806958
25599,GOF,0.012384595291687648,0.5243412918347986,0.46327411287351367
25600,GOF,0.015245641678525412,0.5661544849194613,0.4185998734020133
25601,LOF,0.008722697444915325,0.3271809531785996,0.6640963493764851
25602,LOF,0.05888028011227798,0.38814544708512655,0.5529742728025955
25603,LOF,0.054753213661150164,0.23767072552708754,0.7075760608117623
25604,LOF,0.026975815876266622,0.35662741782388,0.6163967662998533
25605,LOF,0.019073030339998073,0.3961222758593777,0.5848046938006242
25606,GOF,0.04421199579863937,0.6013018466800842,0.35448615752127627
25607,LOF,0.004375262035232067,0.21757459834836185,0.7780501396164061
25608,LOF,0.04698847081224899,0.17397859017675318,0.7790329390109978
25609,LOF,0.15414805616968924,0.20150573265624602,0.6443462111740647
25610,LOF,0.06893306186175059,0.07058990077265154,0.8604770373655979
25611,LOF,0.07964461204433639,0.06596551526827499,0.8543898726873888
25612,Neutral,0.7837578831538676,0.08355879533740752,0.132683321508725
25613,LOF,0.08768059454865892,0.2388603877130959,0.6734590177382451
25614,LOF,0.08230580811974302,0.10250043775458949,0.8151937541256675
25615,LOF,0.06130952393413089,0.12706276746429107,0.8116277086015781
25616,LOF,0.057074985506440315,0.17216956663422261,0.770755447859337
25617,LOF,0.08002607094018736,0.07391030780565178,0.8460636212541608
25618,LOF,0.07057893578148346,0.20574023875427982,0.7236808254642367
25619,LOF,0.08685761417990277,0.10191307415833073,0.8112293116617665
25620,LOF,0.05647339045428035,0.1098392689017097,0.8336873406440098
25621,LOF,0.05499557322036002,0.09092492498119037,0.8540795017984496
25622,LOF,0.04976110739626674,0.138786167477483,0.8114527251262502
25623,LOF,0.14070462740402762,0.13111644518261856,0.7281789274133539
25624,LOF,0.05710421226749397,0.15273726524863607,0.79015852248387
25625,LOF,0.05439906789693594,0.14123621203491973,0.8043647200681444
25626,Neutral,0.7856762806764436,0.061270244646836634,0.15305347467671973
25627,GOF,0.30694966565250065,0.5197595401692986,0.1732907941782008
25628,LOF,0.12488758465102709,0.05795279639889168,0.8171596189500812
25629,Neutral,0.7813245653100771,0.031819555897790494,0.1868558787921324
25630,LOF,0.08098400416790143,0.20374818025957622,0.7152678155725224
25631,Neutral,0.41444874970025997,0.30325458389744775,0.2822966664022923
25632,LOF,0.011741109209693583,0.12648779437427343,0.861771096416033
25633,GOF,0.3256667666495076,0.3950943505491015,0.2792388828013909
25634,LOF,0.12048247732310088,0.23638305005823168,0.6431344726186674
25635,LOF,0.041994472879201314,0.12503630067463045,0.8329692264461682
25636,GOF,0.006236083693076443,0.5777157772156294,0.41604813909129407
25637,LOF,0.005822192480349089,0.2999247759986047,0.6942530315210463
25638,GOF,0.006173825657893212,0.5087471469834374,0.4850790273586693
25639,LOF,0.007328809772582675,0.35462224085679883,0.6380489493706185
25640,Neutral,0.42387473650751223,0.29491335270506097,0.28121191078742686
25641,LOF,0.010502013892899913,0.19002543166819444,0.7994725544389056
25642,LOF,0.28604545070592835,0.05237946023975006,0.6615750890543215
25643,Neutral,0.5423409520883005,0.014773086110937443,0.4428859618007621
25644,GOF,0.014975000275424758,0.6082952803624269,0.37672971936214833
25645,GOF,0.008827802098057499,0.6980621624119683,0.29311003548997416
25646,GOF,0.013556789853861483,0.5024864095439527,0.48395680060218565
25647,LOF,0.012660749291857074,0.406844009614636,0.5804952410935069
25648,LOF,0.009012629645579955,0.4313802396620055,0.5596071306924145
25649,LOF,0.0095279321626321,0.389197209844526,0.6012748579928419
25650,GOF,0.028865678298918025,0.6819878064162892,0.2891465152847926
25651,GOF,0.008283829635832534,0.5920575518368673,0.39965861852730017
25652,LOF,0.017738400788495548,0.2782458144546194,0.7040157847568851
25653,GOF,0.08157392305984737,0.5424464946047821,0.3759795823353706
25654,GOF,0.010570106019802256,0.5076853856419131,0.4817445083382845
25655,GOF,0.098524761316901,0.5684339730801603,0.33304126560293873
25656,LOF,0.039563398824735474,0.42574261495708915,0.5346939862181754
25657,LOF,0.4377325957328198,0.04510795185728382,0.5171594524098965
25658,LOF,0.015042920996840367,0.32920648984209605,0.6557505891610635
25659,LOF,0.12935018385376068,0.23270435072174378,0.6379454654244956
25660,LOF,0.11762828145218021,0.1512963782065653,0.7310753403412544
25661,LOF,0.0978994352838533,0.10648082770264022,0.7956197370135065
25662,LOF,0.07359080558995773,0.09782931152544705,0.8285798828845952
25663,LOF,0.06668442681852882,0.12489559759555498,0.8084199755859162
25664,LOF,0.05171798368454146,0.22790067121610763,0.7203813450993509
25665,LOF,0.09228634069768592,0.179273146250194,0.7284405130521201
25666,LOF,0.10585296858866781,0.3439317901332291,0.5502152412781032
25667,LOF,0.05610266853932522,0.0784853111384675,0.8654120203222072
25668,LOF,0.08197923900952202,0.05584601106584878,0.8621747499246293
25669,LOF,0.04708236620836773,0.13440890657108023,0.8185087272205521
25670,LOF,0.11963884660526697,0.11912529908490121,0.7612358543098319
25671,LOF,0.07671917228460477,0.14279584480545868,0.7804849829099366
25672,LOF,0.12747605741978962,0.14011518523667196,0.7324087573435384
25673,LOF,0.1103148252078709,0.29218269036487654,0.5975024844272526
25674,LOF,0.047553150342421066,0.22019595675378156,0.7322508929037973
25675,LOF,0.10144011314015337,0.13070266034453426,0.7678572265153123
25676,LOF,0.06533872702977986,0.10912101429702542,0.8255402586731947
25677,LOF,0.08682785200224938,0.12374974844405764,0.789422399553693
25678,Neutral,0.6978698883848538,0.06341416485801755,0.23871594675712873
25679,LOF,0.34345345010617373,0.10505025776800944,0.5514962921258169
25680,LOF,0.11072073161525146,0.18839102266191324,0.7008882457228354
25681,LOF,0.12576541161776048,0.16182939209036606,0.7124051962918735
25682,LOF,0.074103587166537,0.11523351059193715,0.8106629022415258
25683,LOF,0.24963201703690596,0.09546469991877002,0.654903283044324
25684,LOF,0.10483427630310342,0.18035686694273664,0.71480885675416
25685,LOF,0.19624350038055477,0.03971864697591876,0.7640378526435264
25686,LOF,0.014940990028564584,0.171507319913869,0.8135516900575664
25687,LOF,0.025940411061231544,0.20330029844101896,0.7707592904977495
25688,GOF,0.019435874052861013,0.497520307110116,0.48304381883702285
25689,LOF,0.009910780094198378,0.3010991291140475,0.6889900907917541
25690,GOF,0.011454972641275644,0.6261245538920935,0.3624204734666309
25691,GOF,0.08431906682273277,0.6645517075257957,0.25112922565147144
25692,Neutral,0.7918469908170976,0.0736395857377047,0.1345134234451978
25693,GOF,0.03667491410966247,0.5088585623656952,0.45446652352464245
25694,LOF,0.46491736227398817,0.0192531377723616,0.5158294999536504
25695,LOF,0.3858583372771431,0.01891018763987037,0.5952314750829866
25696,Neutral,0.7002428837592373,0.018893540903354836,0.28086357533740786
25697,Neutral,0.8017698465672175,0.040251439803097436,0.15797871362968494
25698,GOF,0.012303693525074308,0.7458601826794812,0.24183612379544445
25699,GOF,0.03737319864815793,0.6264716843308775,0.33615511702096473
25700,LOF,0.06267972405267087,0.052511391228815936,0.8848088847185132
25701,GOF,0.0072803714386078106,0.5593725861503395,0.4333470424110528
25702,GOF,0.03224445304424934,0.7033222563994602,0.2644332905562905
25703,LOF,0.018443758406584534,0.18249475911062416,0.7990614824827914
25704,LOF,0.05969437547791639,0.27292366121864725,0.6673819633034364
25705,LOF,0.11558629030774618,0.1577944666866328,0.7266192430056211
25706,GOF,0.0159355904508927,0.7493233427232219,0.23474106682588536
25707,GOF,0.01364589957939355,0.5977866131571918,0.3885674872634146
25708,GOF,0.006946791281228265,0.580933737107723,0.41211947161104867
25709,LOF,0.08354678014905031,0.09199653253597681,0.8244566873149728
25710,LOF,0.017393561417388625,0.19729213743456975,0.7853143011480417
25711,LOF,0.08399679068504882,0.1254527109056867,0.7905504984092644
25712,LOF,0.0347936627900677,0.14433207648384486,0.8208742607260874
25713,LOF,0.06879965997523188,0.12127480856425416,0.8099255314605139
25714,LOF,0.05699271265744686,0.30000007241815174,0.6430072149244013
25715,LOF,0.0658034713504391,0.20860518240843767,0.7255913462411232
25716,LOF,0.016075343151432105,0.123004868913399,0.860919787935169
25717,LOF,0.012283179907258798,0.13923128658303932,0.8484855335097018
25718,LOF,0.0612640855554856,0.10253836448426208,0.8361975499602524
25719,LOF,0.07344909446855043,0.13464226272521576,0.7919086428062339
25720,LOF,0.06894816821068622,0.17729864278320825,0.7537531890061056
25721,LOF,0.05742526251771897,0.10669385260268183,0.8358808848795992
25722,LOF,0.058413848821669875,0.11845544779047056,0.8231307033878595
25723,LOF,0.08372038844404907,0.10427524281391665,0.8120043687420342
25724,LOF,0.06483579175820943,0.22498027673553825,0.7101839315062523
25725,LOF,0.14154363219797392,0.10068994478234974,0.7577664230196764
25726,LOF,0.06420589793627055,0.14405068997367154,0.7917434120900579
25727,LOF,0.10984045275979272,0.0568585135457656,0.8333010336944418
25728,LOF,0.05527361226331652,0.19073000710100224,0.7539963806356812
25729,LOF,0.06500184268518398,0.14941433533425091,0.7855838219805652
25730,LOF,0.08059883049800823,0.14310467828333978,0.7762964912186521
25731,LOF,0.022019203223759873,0.09123698777917105,0.886743808997069
25732,LOF,0.05684847226855669,0.09065401684034426,0.8524975108910992
25733,LOF,0.08345358415739916,0.19275202721772913,0.7237943886248718
25734,LOF,0.012750010256818994,0.17080525383724168,0.8164447359059394
25735,LOF,0.07362232896871121,0.10180139824246708,0.8245762727888217
25736,LOF,0.06653929447862605,0.13315500294725516,0.8003057025741187
25737,LOF,0.09491778593770647,0.10905100678234533,0.7960312072799482
25738,LOF,0.08900965198897826,0.13823377823244215,0.7727565697785795
25739,LOF,0.05676563575070065,0.1509795738857712,0.7922547903635281
25740,LOF,0.0933982592777498,0.1234558407660283,0.7831458999562217
25741,LOF,0.08888914617605767,0.12763744216671916,0.7834734116572232
25742,LOF,0.0855288177794153,0.17222032759775657,0.742250854622828
25743,LOF,0.015405600850473256,0.043724720570355764,0.940869678579171
25744,LOF,0.09708550160099612,0.38850797144333393,0.5144065269556699
25745,LOF,0.017397123851330784,0.4181705327582404,0.5644323433904288
25746,LOF,0.011398658823259732,0.42255484480576805,0.5660464963709722
25747,LOF,0.08125862354045887,0.04547114120040469,0.8732702352591365
25748,LOF,0.3137837290733615,0.13358716965757303,0.5526291012690655
25749,LOF,0.010598950911766184,0.3101223791506757,0.6792786699375581
25750,LOF,0.013532769650704985,0.45501478702362,0.5314524433256749
25751,LOF,0.06724040034354331,0.156317887385237,0.7764417122712196
25752,GOF,0.10963074930845187,0.6783982625140714,0.2119709881774767
25753,LOF,0.013306118461093046,0.2643361498351875,0.7223577317037194
25754,GOF,0.013732319481709408,0.8153080595646256,0.17095962095366507
25755,LOF,0.010514519927515932,0.2616159076827689,0.7278695723897152
25756,LOF,0.08974044961183987,0.2620722219633459,0.6481873284248143
25757,GOF,0.012492651421253817,0.6953302146345665,0.29217713394417977
25758,GOF,0.01091689962871198,0.8040465331892531,0.18503656718203484
25759,GOF,0.006314240314570923,0.6982577595591029,0.2954280001263263
25760,LOF,0.010116998946957934,0.12531475643708767,0.8645682446159545
25761,GOF,0.04380294621424808,0.8458153772028905,0.1103816765828616
25762,LOF,0.11134493017617555,0.266214206027899,0.6224408637959254
25763,LOF,0.01142452915826394,0.134355880945012,0.8542195898967241
25764,GOF,0.09415261227234362,0.6209928241274126,0.28485456360024386
25765,GOF,0.008308334681779085,0.8235930426849152,0.16809862263330566
25766,GOF,0.02644830058693278,0.8050018256687063,0.168549873744361
25767,GOF,0.008692744848209302,0.7307036435718557,0.2606036115799349
25768,LOF,0.042445733031987995,0.25342712614157664,0.7041271408264353
25769,LOF,0.045334566413330835,0.21827324410507684,0.7363921894815922
25770,Neutral,0.6994422396884431,0.03726670702433294,0.2632910532872241
25771,LOF,0.046302431516447404,0.1569355638213346,0.796762004662218
25772,LOF,0.07648135744248934,0.13049164782058112,0.7930269947369295
25773,LOF,0.0278782928443657,0.32142181285774063,0.6506998942978937
25774,LOF,0.10070615410812228,0.13992565989433578,0.7593681859975419
25775,LOF,0.038628174437510425,0.11001921147753478,0.8513526140849548
25776,LOF,0.04190578943485949,0.1341587947222097,0.8239354158429308
25777,LOF,0.18525272572317455,0.0795038596568267,0.7352434146199986
25778,LOF,0.054427482686376545,0.16449017708858038,0.7810823402250431
25779,GOF,0.15681081532632934,0.4463797879122357,0.39680939676143506
25780,GOF,0.1067916840262138,0.6352397433540347,0.2579685726197516
25781,GOF,0.07451583501602922,0.5822846320046386,0.34319953297933226
25782,GOF,0.04823805257796165,0.49253518659193496,0.4592267608301033
25783,GOF,0.1165578277805131,0.5807180166980761,0.30272415552141074
25784,GOF,0.22531627671564128,0.577458854429062,0.1972248688552969
25785,GOF,0.23838903796035724,0.6150291996679216,0.1465817623717212
25786,GOF,0.020582186263714334,0.6753725620102214,0.3040452517260642
25787,Neutral,0.4910759358230396,0.3287333486030947,0.18019071557386565
25788,LOF,0.058146353717679476,0.09040986770759563,0.851443778574725
25789,GOF,0.0423276645034317,0.7114285158433079,0.24624381965326025
25790,GOF,0.05634697015330699,0.6724543535689724,0.2711986762777205
25791,GOF,0.04057036742002619,0.7929847748752963,0.16644485770467737
25792,GOF,0.055050487476755075,0.7735779592193263,0.17137155330391857
25793,GOF,0.07874674971453441,0.5701387765963889,0.3511144736890766
25794,GOF,0.08949982331727166,0.5390408125293881,0.3714593641533403
25795,GOF,0.09094258372104258,0.5508061722551937,0.35825124402376374
25796,LOF,0.20323760385301332,0.3921629089707475,0.40459948717623917
25797,LOF,0.08908117310242694,0.3933630959530898,0.5175557309444831
25798,GOF,0.01432378098832867,0.6798005379260954,0.3058756810855759
25799,GOF,0.008901641574171087,0.690762331520993,0.3003360269048359
25800,GOF,0.04755785974044934,0.7738704746249968,0.17857166563455387
25801,GOF,0.07133304464002563,0.6893265447001091,0.2393404106598653
25802,GOF,0.07261799851511123,0.7249509186846926,0.20243108280019612
25803,GOF,0.051261650347549384,0.5355835705479881,0.4131547791044624
25804,GOF,0.10098378285599684,0.5820774029101122,0.3169388142338909
25805,GOF,0.052928324122241216,0.670267275389768,0.27680440048799076
25806,GOF,0.07029616982254563,0.7017316928934182,0.2279721372840363
25807,GOF,0.03808897265369129,0.6126724011959769,0.3492386261503319
25808,GOF,0.059250609460135516,0.7346254258621848,0.2061239646776797
25809,GOF,0.017385808785264436,0.5239477270738094,0.4586664641409261
25810,GOF,0.015783556542213948,0.5935825384750223,0.39063390498276374
25811,GOF,0.08615409732589735,0.6841443286859336,0.22970157398816898
25812,GOF,0.10540895170426433,0.6597535931141529,0.23483745518158292
25813,GOF,0.3102404468767886,0.49330493813812215,0.1964546149850892
25814,GOF,0.10602934736246732,0.6752995105207671,0.21867114211676564
25815,GOF,0.10078903312170202,0.6805188198273795,0.21869214705091844
25816,GOF,0.018386045052000442,0.7776427789620753,0.20397117598592415
25817,GOF,0.10841204624483003,0.5315123560298443,0.3600755977253257
25818,GOF,0.09582651097278018,0.5702077315931873,0.3339657574340326
25819,GOF,0.09649413978757072,0.49349972713486095,0.4100061330775684
25820,GOF,0.11085570115626665,0.5682143191992354,0.320929979644498
25821,GOF,0.08870516321971954,0.5784771207102377,0.33281771607004274
25822,GOF,0.18912640058276234,0.4803759815022016,0.33049761791503596
25823,LOF,0.09865885436910023,0.4411741760701115,0.4601669695607883
25824,GOF,0.049459261132855176,0.7117988840468232,0.23874185482032154
25825,GOF,0.043657645767601526,0.7388007188572626,0.21754163537513582
25826,GOF,0.01718270868361867,0.5893776589536553,0.3934396323627261
25827,GOF,0.013299138316867113,0.738828602855252,0.24787225882788094
25828,GOF,0.011652569354813376,0.7054046237773001,0.28294280686788653
25829,LOF,0.012171794885582447,0.07856945762889231,0.9092587474855253
25830,LOF,0.06238487170196031,0.05021807605877689,0.8873970522392629
25831,GOF,0.05126897261774434,0.7207086315318967,0.22802239585035908
25832,LOF,0.01993374647503899,0.46974651855140265,0.5103197349735583
25833,GOF,0.08043557169918497,0.6668866052339438,0.2526778230668712
25834,LOF,0.019517445574302857,0.4633994979448458,0.5170830564808514
25835,GOF,0.06518937681891673,0.7610506245807525,0.1737599986003308
25836,GOF,0.019872160023316487,0.57755920950782,0.40256863046886354
25837,GOF,0.017968065512576348,0.6158356078176003,0.3661963266698234
25838,GOF,0.05219358034222183,0.6980769150021705,0.24972950465560775
25839,GOF,0.11059201853373327,0.5789373922400377,0.31047058922622894
25840,GOF,0.1365623131291531,0.6883674145463545,0.17507027232449238
25841,GOF,0.1203215147877327,0.6118478115468727,0.2678306736653946
25842,GOF,0.08976074834704616,0.726506324682781,0.18373292697017285
25843,GOF,0.045808637543831084,0.7323428410027194,0.22184852145344944
25844,GOF,0.048669993645449536,0.6935592983182789,0.2577707080362716
25845,GOF,0.013509923263235147,0.5320563102959734,0.45443376644079153
25846,GOF,0.09510836783176468,0.6944547809249006,0.21043685124333467
25847,GOF,0.07104641869127244,0.7431182177633447,0.18583536354538285
25848,GOF,0.041485552381544465,0.7155613944167907,0.24295305320166477
25849,GOF,0.010306939191152066,0.6717759951774638,0.3179170656313841
25850,GOF,0.017958909978324045,0.6508201106463911,0.33122097937528483
25851,GOF,0.015701251660664613,0.6040212365498595,0.38027751178947583
25852,GOF,0.22505729940544938,0.4134577562567388,0.3614849443378118
25853,GOF,0.08943876954725571,0.5734706731957646,0.3370905572569797
25854,GOF,0.00997762875924579,0.6229064661349277,0.3671159051058265
25855,GOF,0.05186885798175417,0.5479145629503472,0.4002165790678987
25856,GOF,0.11071095277455449,0.6727129358914091,0.21657611133403634
25857,GOF,0.0584872452091123,0.6075286404951971,0.3339841142956905
25858,GOF,0.0159911470037808,0.5337060160657681,0.45030283693045126
25859,GOF,0.012345207629926204,0.5119560762897527,0.47569871608032105
25860,GOF,0.1290865241165485,0.6165112043169463,0.25440227156650524
25861,GOF,0.0919339776154617,0.5459596568247306,0.36210636555980774
25862,GOF,0.03930919959904695,0.7967402352259051,0.1639505651750479
25863,GOF,0.04794914329066814,0.6706408063370225,0.2814100503723094
25864,GOF,0.04821236035391241,0.7657216517825027,0.18606598786358497
25865,GOF,0.05457769391251548,0.7547993552248673,0.19062295086261707
25866,GOF,0.07752203577293815,0.8250512869542763,0.09742667727278559
25867,Neutral,0.5277142968851034,0.4249168823687587,0.047368820746137956
25868,GOF,0.11835233677072902,0.6537597476969119,0.22788791553235913
25869,GOF,0.37819067302522863,0.5075541096148831,0.11425521735988818
25870,LOF,0.044717722002801004,0.07602302231358306,0.879259255683616
25871,GOF,0.010885554413546057,0.5946098584614941,0.3945045871249597
25872,LOF,0.0432248665062984,0.4437215080495747,0.5130536254441269
25873,GOF,0.03595743619458345,0.7627163759587635,0.20132618784665304
25874,LOF,0.06736291672527245,0.045056058893068296,0.8875810243816593
25875,LOF,0.01686075025206174,0.43491070680441274,0.5482285429435255
25876,LOF,0.04727996682601941,0.1241373490766936,0.828582684097287
25877,GOF,0.07824302376970815,0.5220097090256138,0.39974726720467796
25878,GOF,0.05538689956314039,0.720725333414499,0.22388776702236057
25879,LOF,0.013682309232995774,0.36669051874009406,0.6196271720269102
25880,LOF,0.08470862403904307,0.043358677102777736,0.871932698858179
25881,Neutral,0.5124318456606548,0.20276489510883272,0.2848032592305124
25882,LOF,0.03853457724155235,0.3011285064642019,0.6603369162942457
25883,LOF,0.05294792264309029,0.17709270847935077,0.7699593688775589
25884,LOF,0.026555334630110426,0.2209057104055689,0.7525389549643207
25885,LOF,0.464707547246407,0.036049205766768185,0.49924324698682476
25886,LOF,0.41423166400367734,0.1673097255031919,0.41845861049313077
25887,GOF,0.04653724517092158,0.6907016347793443,0.2627611200497342
25888,LOF,0.007707606415162988,0.418314442417136,0.573977951167701
25889,LOF,0.06953229935893133,0.2333342239159437,0.697133476725125
25890,GOF,0.12840795892111143,0.45878717413483416,0.4128048669440544
25891,LOF,0.19721258303132944,0.2182002357555324,0.5845871812131382
25892,LOF,0.005893596589922412,0.1794255819880063,0.8146808214220713
25893,LOF,0.22937784518740026,0.06394060355943049,0.7066815512531693
25894,LOF,0.2803970073820187,0.02768912281401779,0.6919138698039635
25895,LOF,0.23404959448328003,0.038286838136495464,0.7276635673802244
25896,LOF,0.12498138329850073,0.08472354492526946,0.7902950717762298
25897,LOF,0.10474096254028795,0.07462789809241031,0.8206311393673018
25898,GOF,0.06325864350819546,0.565278309607751,0.3714630468840535
25899,LOF,0.34105248712704406,0.14305458634965995,0.515892926523296
25900,Neutral,0.8730678093388522,0.01776614831019623,0.10916604235095151
25901,LOF,0.09439465204464062,0.051607161835841776,0.8539981861195176
25902,Neutral,0.7945828400600752,0.014991443534333144,0.19042571640559153
25903,LOF,0.12259324398043242,0.167060591646515,0.7103461643730526
25904,Neutral,0.5157573167552895,0.09730700310906004,0.38693568013565044
25905,LOF,0.008127913685587955,0.3578694000333593,0.6340026862810527
25906,LOF,0.013900606036000187,0.07866686810079407,0.9074325258632058
25907,LOF,0.010233718762844977,0.37147775868347127,0.6182885225536837
25908,LOF,0.010525908872344038,0.3075409545120765,0.6819331366155794
25909,LOF,0.07368874508004644,0.2556709685414353,0.6706402863785182
25910,LOF,0.025321376649487085,0.1048722657823778,0.8698063575681351
25911,LOF,0.11639280318881202,0.13250699546551373,0.7511002013456742
25912,LOF,0.1933639194195714,0.043835332881229996,0.7628007476991986
25913,LOF,0.011830537943012275,0.12001846379921965,0.8681509982577681
25914,LOF,0.06142561376063327,0.11499559763417275,0.823578788605194
25915,GOF,0.044550209143124374,0.6940857024432572,0.2613640884136185
25916,LOF,0.011584005130613553,0.45735944388694977,0.5310565509824366
25917,Neutral,0.8110173540463947,0.029205490205911074,0.1597771557476942
25918,LOF,0.0712109501931957,0.06855492643613598,0.8602341233706683
25919,LOF,0.0644844676141566,0.03538401040010371,0.9001315219857398
25920,LOF,0.19153067720370892,0.32634284025920846,0.4821264825370825
25921,LOF,0.03500359643842895,0.03209874402048255,0.9328976595410885
25922,LOF,0.024732461641490757,0.02611030634962404,0.9491572320088851
25923,Neutral,0.512976879293664,0.06859823574647321,0.4184248849598628
25924,LOF,0.047297293732497234,0.04737744648089197,0.9053252597866108
25925,Neutral,0.743436810942505,0.015810994325678923,0.24075219473181597
25926,LOF,0.14391506282649713,0.07974901671956702,0.776335920453936
25927,LOF,0.01566329958994831,0.09011873268342416,0.8942179677266275
25928,LOF,0.018064688043381263,0.027203487688868194,0.9547318242677505
25929,Neutral,0.512976879293664,0.06859823574647321,0.4184248849598628
25930,LOF,0.07049961194114363,0.06287306234642308,0.8666273257124333
25931,LOF,0.01659023194639949,0.03481548795601538,0.9485942800975852
25932,LOF,0.10627858146705382,0.0239273100608027,0.8697941084721433
25933,LOF,0.09342976249876392,0.021746746840569098,0.884823490660667
25934,LOF,0.10764377408678452,0.018414943858643656,0.8739412820545719
25935,Neutral,0.761760862212647,0.02023258061625283,0.2180065571711001
25936,LOF,0.09060540993736024,0.018338452765061374,0.8910561372975784
25937,LOF,0.01885418858505185,0.0525867293003071,0.928559082114641
25938,Neutral,0.7625740844339013,0.016705896350945982,0.22072001921515266
25939,LOF,0.08367175212006157,0.025908459188496453,0.890419788691442
25940,GOF,0.0074512371501670015,0.5343934183762425,0.45815534447359046
25941,LOF,0.4020143076536069,0.08092851646918311,0.51705717587721
25942,LOF,0.01585808757320012,0.09945174969407378,0.884690162732726
25943,GOF,0.020820606951827855,0.5145545866358696,0.46462480641230264
25944,LOF,0.019365109443436862,0.4052387939547432,0.5753960966018199
25945,LOF,0.04402173696791149,0.06724730929043428,0.8887309537416542
25946,LOF,0.10941947498399286,0.11416904961497937,0.7764114754010277
25947,LOF,0.46634714540494726,0.030116706570644,0.5035361480244087
25948,Neutral,0.8364111668127101,0.09386913332143615,0.0697196998658537
25949,Neutral,0.8011585620491615,0.0621327778901556,0.1367086600606828
25950,GOF,0.056937583045873,0.8378527016774715,0.10520971527665536
25951,GOF,0.007728616558805406,0.6890363946145068,0.3032349888266877
25952,LOF,0.09541046816464693,0.40876263844437466,0.49582689339097846
25953,GOF,0.008950676327388078,0.5075342308752199,0.4835150927973921
25954,GOF,0.036979812420476585,0.7641890650538453,0.19883112252567814
25955,GOF,0.0045022427135004576,0.5708277889678157,0.4246699683186838
25956,GOF,0.010196199624681112,0.562827397944368,0.42697640243095086
25957,Neutral,0.48239056797288093,0.07108278890811456,0.4465266431190046
25958,LOF,0.0517636992123251,0.12605703343155228,0.8221792673561226
25959,LOF,0.006939648953364814,0.4583961522210133,0.5346641988256219
25960,LOF,0.008524498002369204,0.09831116626017787,0.893164335737453
25961,LOF,0.0526971479801825,0.1524333771728622,0.7948694748469554
25962,Neutral,0.7641737363818168,0.03298638344582476,0.20283988017235843
25963,LOF,0.010446446769376795,0.17708947867317737,0.8124640745574457
25964,LOF,0.09420183322153924,0.15977558845710366,0.7460225783213571
25965,LOF,0.13971977588937518,0.36054896984931206,0.4997312542613127
25966,Neutral,0.3824634929129617,0.3604766125851208,0.2570598945019175
25967,LOF,0.012425163158661032,0.24814680243338044,0.7394280344079586
25968,LOF,0.1367061937835008,0.26477677744426575,0.5985170287722333
25969,LOF,0.27976250439364136,0.03685479592724077,0.6833826996791179
25970,LOF,0.020183159193241318,0.17557382561639784,0.8042430151903608
25971,LOF,0.11204604274467472,0.14414272808763687,0.7438112291676884
25972,LOF,0.10099411259413989,0.13627021444782364,0.7627356729580365
25973,LOF,0.48612497248198805,0.011518670309722692,0.5023563572082893
25974,LOF,0.07304214710313255,0.2228621836915501,0.7040956692053174
25975,LOF,0.05437898180183543,0.025943992461431677,0.9196770257367329
25976,LOF,0.09977819342052213,0.0240972218490302,0.8761245847304476
25977,LOF,0.4472587279743441,0.0705857129987063,0.4821555590269496
25978,LOF,0.12824427254758305,0.37366615888443555,0.4980895685679814
25979,LOF,0.09175924603216173,0.35180534349518977,0.5564354104726484
25980,GOF,0.13501358215796783,0.5221232404099325,0.3428631774320997
25981,GOF,0.14262290309039174,0.567130022514703,0.2902470743949053
25982,GOF,0.1423968612452074,0.4764818825798597,0.3811212561749329
25983,LOF,0.11225718107461441,0.4367875413344941,0.45095527759089143
25984,LOF,0.0431577858039294,0.28609165151640276,0.6707505626796678
25985,GOF,0.33061080916487523,0.3916051631142822,0.2777840277208426
25986,GOF,0.012404343849079395,0.6491001817340737,0.3384954744168469
25987,LOF,0.019169212379556263,0.33750686976228206,0.6433239178581617
25988,LOF,0.03710223573687663,0.3666340645883144,0.5962636996748091
25989,LOF,0.055895777918554344,0.36521425820457887,0.5788899638768668
25990,LOF,0.05585905739516933,0.4653258222607317,0.4788151203440989
25991,GOF,0.05057350974410332,0.7230428397468891,0.22638365050900763
25992,LOF,0.020040166462361397,0.3937283677450662,0.5862314657925723
25993,LOF,0.061517427138368046,0.04030429374214122,0.8981782791194907
25994,LOF,0.0825534101274525,0.03358829560620312,0.8838582942663444
25995,LOF,0.05314101584644355,0.03306105412528512,0.9137979300282714
25996,GOF,0.19293117714348668,0.5499999379428497,0.25706888491366364
25997,GOF,0.048538075541160755,0.576323740824226,0.3751381836346133
25998,LOF,0.15521062527226934,0.20762627117315888,0.6371631035545718
25999,GOF,0.014299806861920778,0.6762612521307798,0.3094389410072995
26000,LOF,0.2944461358140636,0.054047799189162436,0.6515060649967741
26001,LOF,0.11688946514186,0.047195546332707596,0.8359149885254324
26002,Neutral,0.700547689970755,0.01572136301184006,0.283730947017405
26003,GOF,0.009423379261509358,0.7612429157327969,0.2293337050056937
26004,GOF,0.030130212599631532,0.7570159315339569,0.21285385586641148
26005,GOF,0.00551837426175616,0.7253920926105347,0.2690895331277091
26006,GOF,0.11477960001571932,0.7687202385905045,0.11650016139377603
26007,GOF,0.014616529512908635,0.6994290042274893,0.28595446625960214
26008,GOF,0.012773860173167083,0.73915220988733,0.24807392993950295
26009,GOF,0.025939528581428048,0.8619443083663137,0.11211616305225831
26010,GOF,0.009563403052400197,0.7597555545725629,0.2306810423750368
26011,GOF,0.005572170626416461,0.4983266076146957,0.496101221758888
26012,GOF,0.0078277328092068,0.7610407943345842,0.23113147285620908
26013,LOF,0.007790623701462247,0.4751849938206973,0.5170243824778404
26014,Neutral,0.7551288114221048,0.013492074981597551,0.23137911359629773
26015,Neutral,0.5544531100410344,0.07377335540842535,0.3717735345505403
26016,LOF,0.32714552642107486,0.0937209128742408,0.5791335607046844
26017,LOF,0.04276753940722561,0.41714765491978517,0.5400848056729892
26018,LOF,0.05044855453204928,0.31802007834691537,0.6315313671210354
26019,LOF,0.05616000306058887,0.16288990391039132,0.7809500930290197
26020,LOF,0.007726107298281689,0.2632602359849852,0.7290136567167331
26021,LOF,0.07007607833759068,0.11317239238031811,0.8167515292820913
26022,LOF,0.07724128532384865,0.08303881298278491,0.8397199016933665
26023,LOF,0.04359633290878699,0.11573964448563183,0.8406640226055812
26024,LOF,0.0548831111791655,0.11769566131043237,0.827421227510402
26025,LOF,0.12457236462096699,0.27441342910023137,0.6010142062788018
26026,LOF,0.08585367722561454,0.17979374879929202,0.7343525739750935
26027,LOF,0.0846145528141898,0.09447508001390735,0.8209103671719029
26028,LOF,0.04528159420201708,0.4555330006397635,0.49918540515821935
26029,GOF,0.02821395569463262,0.5116277581876804,0.460158286117687
26030,LOF,0.37796324030169004,0.07736007958077398,0.5446766801175359
26031,GOF,0.006812181254038891,0.5581293220967211,0.43505849664923996
26032,LOF,0.07358646874949001,0.08563076431933901,0.840782766931171
26033,LOF,0.0723560186979948,0.11778340042294931,0.8098605808790559
26034,LOF,0.0114332596214695,0.4895329399268153,0.4990338004517151
26035,LOF,0.009250985190317996,0.4638946436533783,0.5268543711563036
26036,LOF,0.008390117358483195,0.2858888850989588,0.7057209975425579
26037,LOF,0.007976417044241244,0.35056275785496555,0.6414608251007933
26038,LOF,0.05412597855730178,0.0884819423146489,0.8573920791280493
26039,LOF,0.031036001568205244,0.4805749752670636,0.48838902316473104
26040,LOF,0.04896036569591842,0.14341443776043028,0.8076251965436513
26041,LOF,0.010088525035039231,0.3974527467885414,0.5924587281764193
26042,LOF,0.008906842031214775,0.44548797489133984,0.5456051830774453
26043,LOF,0.04804306871799378,0.2356313961263622,0.716325535155644
26044,LOF,0.00897065170742769,0.3070303933537295,0.6839989549388428
26045,GOF,0.05034656845540743,0.7392156092147883,0.21043782232980424
26046,LOF,0.04320828895167339,0.2698852597532831,0.6869064512950435
26047,LOF,0.10707192516089832,0.13087079214279046,0.7620572826963112
26048,LOF,0.11351273965318989,0.11649015916449339,0.7699971011823168
26049,Neutral,0.8804551967862347,0.051634303032602025,0.06791050018116314
26050,Neutral,0.8737791165801265,0.0451882902587055,0.08103259316116797
26051,LOF,0.01544846046410796,0.41122239772983277,0.5733291418060593
26052,LOF,0.015769572352450374,0.3137318867619543,0.6704985408855954
26053,LOF,0.033643735321344966,0.03892380621932066,0.9274324584593344
26054,Neutral,0.73005048921065,0.042729872351179615,0.22721963843817033
26055,LOF,0.10315132425735249,0.13809331054423304,0.7587553651984145
26056,LOF,0.10421340018806668,0.1405607338647767,0.7552258659471567
26057,LOF,0.07832624267218694,0.04862837644427379,0.8730453808835392
26058,LOF,0.0870908095441303,0.04394637238441313,0.8689628180714565
26059,Neutral,0.853567401150072,0.05509133759822288,0.091341261251705
26060,LOF,0.024435094309803385,0.3764741280217135,0.5990907776684832
26061,LOF,0.017289402621082285,0.041403372549211184,0.9413072248297065
26062,LOF,0.009675038664033521,0.09864363988246568,0.8916813214535009
26063,LOF,0.06318499701076828,0.03888037196610906,0.8979346310231225
26064,LOF,0.01642922756737561,0.05635925131217398,0.9272115211204504
26065,LOF,0.047573920166932654,0.05982256690950642,0.892603512923561
26066,LOF,0.08199344111558357,0.05480580325816703,0.8632007556262493
26067,LOF,0.08868277440512252,0.07225918362005743,0.83905804197482
26068,Neutral,0.7438866458762314,0.053260044090026645,0.2028533100337419
26069,LOF,0.10169792242212647,0.1325013029710504,0.7658007746068232
26070,LOF,0.13571151579804944,0.12067398842621326,0.7436144957757373
26071,LOF,0.06251224595158594,0.06404806682845827,0.8734396872199559
26072,LOF,0.012973710846180816,0.0465740934158696,0.9404521957379496
26073,LOF,0.06751202184981386,0.05091588490026212,0.8815720932499239
26074,Neutral,0.8511200321678289,0.035743808925303676,0.11313615890686725
26075,LOF,0.09639850903753452,0.16976549458123552,0.7338359963812301
26076,LOF,0.07203038970769164,0.1206974189671733,0.807272191325135
26077,LOF,0.2399251802750468,0.09938933848175749,0.6606854812431957
26078,LOF,0.010040948937252343,0.06210783540596284,0.9278512156567849
26079,Neutral,0.73495089110322,0.05313144137043163,0.21191766752634836
26080,Neutral,0.73495089110322,0.05313144137043163,0.21191766752634836
26081,LOF,0.057496461299188104,0.06166556024218548,0.8808379784586263
26082,LOF,0.011146752577304115,0.16952329283600165,0.8193299545866942
26083,LOF,0.05792382481396093,0.14127386204325862,0.8008023131427805
26084,LOF,0.07252671898492151,0.12162919506429275,0.8058440859507857
26085,LOF,0.06308869232237196,0.12923025056311377,0.8076810571145142
26086,LOF,0.04723556583073711,0.13221327942518335,0.8205511547440796
26087,LOF,0.07153107755284147,0.11551025312901388,0.8129586693181446
26088,LOF,0.012494604414574503,0.16284756578558585,0.8246578297998396
26089,LOF,0.06449703380023987,0.2553093956970241,0.6801935705027361
26090,LOF,0.07549572529615782,0.24971462458746962,0.6747896501163725
26091,LOF,0.06995960879573851,0.06608194936093315,0.8639584418433283
26092,LOF,0.058069684499348996,0.05646340145408644,0.8854669140465646
26093,LOF,0.06986797485815618,0.04066938449943626,0.8894626406424075
26094,LOF,0.06410967337038398,0.08564386230618283,0.8502464643234331
26095,LOF,0.022771327309124366,0.0997458840265615,0.8774827886643142
26096,LOF,0.4340492791111865,0.03264135193262227,0.5333093689561912
26097,LOF,0.011092797393883047,0.08070374997413347,0.9082034526319834
26098,Neutral,0.7228910254378842,0.042387826581694925,0.2347211479804209
26099,LOF,0.04545400281914117,0.13279379252701098,0.8217522046538478
26100,LOF,0.04545400281914117,0.13279379252701098,0.8217522046538478
26101,LOF,0.04968307695807974,0.18772056719724847,0.7625963558446717
26102,LOF,0.060029242351826696,0.0633398566725483,0.8766309009756249
26103,LOF,0.41423166400367734,0.1673097255031919,0.41845861049313077
26104,Neutral,0.7363497417472268,0.07181802995952398,0.19183222829324922
26105,LOF,0.2665111550118441,0.12740372719215065,0.6060851177960053
26106,LOF,0.27577458688087797,0.22436991091260813,0.49985550220651404
26107,LOF,0.00904312409602428,0.37888143297734495,0.6120754429266307
26108,LOF,0.13787975819711976,0.36398665053907564,0.49813359126380463
26109,LOF,0.06757767834099127,0.2684800150693805,0.6639423065896282
26110,Neutral,0.7748169386968394,0.045055406386750686,0.18012765491640992
26111,LOF,0.028248249197457217,0.17365458648779952,0.7980971643147433
26112,LOF,0.08680094671246179,0.03267161163549775,0.8805274416520404
26113,LOF,0.05451917306713808,0.0933650208374404,0.8521158060954216
26114,LOF,0.15155666102074547,0.14354426136666473,0.7048990776125899
26115,GOF,0.012355823602816644,0.5181550743825356,0.4694891020146477
26116,LOF,0.10823703656752102,0.30009504748767407,0.591667915944805
26117,LOF,0.41423166400367734,0.1673097255031919,0.41845861049313077
26118,LOF,0.05756769180379488,0.07701714126416556,0.8654151669320395
26119,LOF,0.006155636872442863,0.15795553360386283,0.8358888295236943
26120,LOF,0.06813113284678617,0.05209389456655594,0.8797749725866579
26121,LOF,0.006143491741500682,0.22741553749247617,0.7664409707660232
26122,LOF,0.005294015841424112,0.282146382263915,0.7125596018946609
