feature0,prediction,LoGoFunc_Neutral,LoGoFunc_GOF,LoGoFunc_LOF
25546,Neutral,0.637977053367586,0.06234347364918539,0.2996794729832285
25547,LOF,0.4188252372417443,0.11452457397331914,0.4666501887849365
25548,Neutral,0.4722849422696784,0.0912713134003592,0.4364437443299624
25549,LOF,0.39635982554247046,0.09371363538299002,0.5099265390745396
25550,LOF,0.3259196684591223,0.1530315937800732,0.5210487377608045
25551,LOF,0.27990293779139797,0.17802072939793934,0.5420763328106628
25552,LOF,0.1937367294801231,0.16353198790571136,0.6427312826141656
25553,Neutral,0.7900167402015206,0.052853941633681394,0.1571293181647981
25554,LOF,0.22399592986842626,0.15832003566521477,0.617684034466359
25555,LOF,0.18771562925733296,0.1412243900215348,0.6710599807211323
25556,LOF,0.3865234151784729,0.12488834040841114,0.488588244413116
25557,LOF,0.17723006540618225,0.1511850669950921,0.6715848675987257
25558,LOF,0.21849580764661336,0.15386622151407217,0.6276379708393145
25559,LOF,0.1751935749154089,0.1306474414485934,0.6941589836359977
25560,LOF,0.06900889385306594,0.13979416857336202,0.791196937573572
25561,LOF,0.13587047204376707,0.1396041036867028,0.7245254242695301
25562,LOF,0.07117963508861037,0.08673239211518324,0.8420879727962064
25563,LOF,0.09001721838770176,0.09411887366443844,0.8158639079478598
25564,LOF,0.221684720894031,0.17243438712257458,0.6058808919833945
25565,LOF,0.15944777502305713,0.14249374307526175,0.6980584819016811
25566,GOF,0.022528631586541212,0.7835727568107322,0.1938986116027266
25567,LOF,0.018881433436659833,0.17763671480774978,0.8034818517555904
25568,LOF,0.06174858232631769,0.07652868779889362,0.8617227298747887
25569,LOF,0.05898949832766961,0.07868714236435378,0.8623233593079765
25570,LOF,0.030992601012408846,0.10907803752942495,0.8599293614581663
25571,LOF,0.030886199439057266,0.10672842301268574,0.8623853775482571
25572,LOF,0.0341868589121754,0.1380650894855485,0.827748051602276
25573,LOF,0.028955620952352747,0.10323358742415084,0.8678107916234964
25574,LOF,0.01928310687402275,0.1601839977404521,0.8205328953855252
25575,LOF,0.02660054678594489,0.11637479620581086,0.8570246570082442
25576,LOF,0.012784331502028875,0.15956464702003048,0.8276510214779407
25577,LOF,0.011167911963800752,0.1293446337324717,0.8594874543037275
25578,LOF,0.28599847139086565,0.08861369624512727,0.6253878323640071
25579,LOF,0.12931289447580435,0.09349123139736129,0.7771958741268343
25580,LOF,0.019081916405057225,0.08366538994985599,0.8972526936450868
25581,LOF,0.04673848267751521,0.07721941232490927,0.8760421049975755
25582,LOF,0.046617169778871675,0.07588607233948601,0.8774967578816424
25583,LOF,0.020282969563752036,0.09434826149386512,0.8853687689423829
25584,Neutral,0.5383294049671359,0.10798239772009453,0.3536881973127695
25585,LOF,0.012256992730945552,0.15298325410363645,0.8347597531654181
25586,LOF,0.018466210957786635,0.07672921593886461,0.9048045731033487
25587,LOF,0.017473099251345967,0.0704161048835706,0.9121107958650834
25588,LOF,0.017776442405441368,0.08571914976637383,0.8965044078281846
25589,Neutral,0.613685176109503,0.14504109708042934,0.24127372681006767
25590,LOF,0.02027239615986131,0.1277032223304512,0.8520243815096875
25591,LOF,0.07959015051556287,0.06343095773738758,0.8569788917470497
25592,LOF,0.05008869138364749,0.1347998916216731,0.8151114169946794
25593,LOF,0.021243875071897123,0.25346981890567377,0.725286306022429
25594,LOF,0.03832982402024135,0.10158339059521751,0.8600867853845411
25595,LOF,0.038427113146367264,0.07794527978445343,0.8836276070691792
25596,LOF,0.05242778651788502,0.06767246713915248,0.8798997463429625
25597,LOF,0.03422397839229195,0.06970582171855906,0.8960701998891489
25598,LOF,0.03573482819159779,0.08507771365896126,0.8791874581494409
25599,GOF,0.00816123225807747,0.5849172074511483,0.4069215602907742
25600,GOF,0.02969599194174315,0.6554927722296765,0.3148112358285804
25601,LOF,0.011571406737069852,0.4183938751557818,0.5700347181071485
25602,LOF,0.014013121717129573,0.05552264359825964,0.9304642346846107
25603,LOF,0.049791910844518485,0.0211900783707732,0.9290180107847082
25604,LOF,0.016363789761960217,0.07564674796593611,0.9079894622721038
25605,LOF,0.007896602874011062,0.21212154110371143,0.7799818560222775
25606,LOF,0.09604324203572139,0.33203370771858665,0.5719230502456919
25607,LOF,0.005209529944765926,0.23809376311409544,0.7566967069411387
25608,LOF,0.012806504831224573,0.12340240981426423,0.8637910853545112
25609,LOF,0.07651825788783355,0.37208248194884225,0.5513992601633242
25610,LOF,0.019576848224127683,0.025765616817148503,0.9546575349587237
25611,LOF,0.01930037742105135,0.028880640192615072,0.9518189823863336
25612,LOF,0.06212638499448922,0.039997453623599216,0.8978761613819116
25613,LOF,0.05400136139804401,0.04200842073560314,0.9039902178663529
25614,LOF,0.02670067882800135,0.03140799557039595,0.9418913256016027
25615,LOF,0.018210418196411202,0.04316155944565607,0.9386280223579327
25616,LOF,0.051267635216757416,0.031488258337499166,0.9172441064457435
25617,LOF,0.05084278159805162,0.034742859683966884,0.9144143587179816
25618,LOF,0.06313986263246273,0.0361599425611793,0.900700194806358
25619,LOF,0.019499249589928862,0.0337986258836171,0.9467021245264541
25620,LOF,0.0684358903920963,0.039694140235667814,0.8918699693722358
25621,LOF,0.01843275204761535,0.04253688422939892,0.9390303637229859
25622,LOF,0.02260079533796057,0.04556146150798303,0.9318377431540565
25623,LOF,0.033978917824675214,0.038297687372417025,0.9277233948029077
25624,LOF,0.02314519614798548,0.03915294104048791,0.9377018628115266
25625,LOF,0.02341077747882765,0.05845950556803254,0.9181297169531398
25626,LOF,0.052166662860215915,0.04292295270790479,0.9049103844318792
25627,Neutral,0.5771999067542989,0.1035717439406247,0.31922834930507654
25628,LOF,0.2051691670737955,0.05663170926607193,0.7381991236601325
25629,LOF,0.04056974945690743,0.06199511010397242,0.8974351404391202
25630,LOF,0.15486754435490221,0.09374860196749997,0.7513838536775977
25631,Neutral,0.6010887687601544,0.06418108140869641,0.33473014983114924
25632,LOF,0.0071285546770460265,0.06344289303993443,0.9294285522830195
25633,LOF,0.2063924427531517,0.044435562552448536,0.7491719946943998
25634,LOF,0.028891632414303932,0.09357899138409576,0.8775293762016002
25635,LOF,0.03528732093711574,0.048022212361646575,0.9166904667012378
25636,GOF,0.005104929438769493,0.6004604859421017,0.39443458461912884
25637,GOF,0.007632582540276908,0.620391369175446,0.37197604828427694
25638,LOF,0.010434142923422554,0.3003867487588206,0.689179108317757
25639,LOF,0.005021118778547953,0.4650125194918198,0.5299663617296323
25640,Neutral,0.4667361243261514,0.448434519146688,0.08482935652716068
25641,LOF,0.013882786974787786,0.28813650189545603,0.6979807111297562
25642,LOF,0.23848011705629285,0.05497752576222391,0.7065423571814833
25643,LOF,0.1418250311148081,0.15477430225517924,0.7034006666300127
25644,LOF,0.00861043625887224,0.4612004844202468,0.5301890793208809
25645,LOF,0.007699443670730711,0.43467286757403395,0.5576276887552354
25646,LOF,0.01257603596082366,0.31617778300397237,0.671246181035204
25647,LOF,0.010118488650356517,0.26644375371515727,0.7234377576344863
25648,LOF,0.008968700420467737,0.26258207717390436,0.7284492224056279
25649,LOF,0.007492076212140443,0.20407487463090768,0.7884330491569518
25650,LOF,0.013422588596851743,0.4105800714284503,0.5759973399746979
25651,LOF,0.005720419478989532,0.2705847344851716,0.7236948460358388
25652,LOF,0.009560689890897148,0.2614207956589357,0.7290185144501672
25653,LOF,0.026793543492322724,0.3875313600601504,0.5856750964475269
25654,LOF,0.010262826531212792,0.15507968202024563,0.8346574914485416
25655,LOF,0.04615426824357198,0.4232783485632397,0.5305673831931883
25656,LOF,0.18218317437554069,0.05355937933306242,0.7642574462913969
25657,LOF,0.2614660247062282,0.02802182817729038,0.7105121471164814
25658,LOF,0.0803428380585838,0.08264446873840404,0.8370126932030122
25659,LOF,0.4198049363908324,0.06462133843433168,0.515573725174836
25660,LOF,0.02876707709698392,0.10419620472674647,0.8670367181762696
25661,LOF,0.08411066294723904,0.07253258571669792,0.8433567513360631
25662,LOF,0.030125355854379508,0.04828424133955135,0.9215904028060693
25663,LOF,0.03712127046959327,0.0702080913622504,0.8926706381681564
25664,LOF,0.04531918135393485,0.0900159085940743,0.8646649100519909
25665,LOF,0.05135571470952805,0.03653848053826577,0.9121058047522062
25666,LOF,0.037795805404524416,0.1199533162617139,0.8422508783337617
25667,LOF,0.060563695068114466,0.05272742844597999,0.8867088764859057
25668,LOF,0.03208047205969519,0.05612404006956619,0.9117954878707386
25669,LOF,0.02972650634486009,0.08157083083845462,0.8887026628166852
25670,LOF,0.05714512633824594,0.06919097690009357,0.8736638967616605
25671,LOF,0.09032296830647453,0.04508592872526353,0.8645911029682619
25672,LOF,0.0546704985656304,0.04837512272284399,0.8969543787115256
25673,LOF,0.02613109145421552,0.06468295556673283,0.9091859529790517
25674,LOF,0.02167718849635311,0.07535004157471821,0.9029727699289286
25675,LOF,0.033407446550277116,0.0763267109710798,0.8902658424786432
25676,LOF,0.018731318468022756,0.06583163165275917,0.915437049879218
25677,LOF,0.02638307523896666,0.07283875122535481,0.9007781735356786
25678,LOF,0.18795061903956448,0.06213234296132642,0.7499170379991091
25679,LOF,0.15677042953831047,0.08986595391455161,0.7533636165471378
25680,LOF,0.039629411167091386,0.11703530073947709,0.8433352880934315
25681,LOF,0.06218998182510674,0.11219333436978424,0.825616683805109
25682,LOF,0.12813376905272103,0.08880268034061388,0.7830635506066651
25683,LOF,0.07612446058019313,0.12704920402070152,0.7968263353991053
25684,LOF,0.04129316020004518,0.0829929995251593,0.8757138402747955
25685,LOF,0.07889156261122154,0.05811544599547728,0.8629929913933011
25686,LOF,0.028407474177936324,0.0803987482558349,0.8911937775662289
25687,LOF,0.05041508125693641,0.07117408177056496,0.8784108369724987
25688,LOF,0.054580423762892114,0.060644388048366214,0.8847751881887418
25689,LOF,0.030367523974552238,0.06273039376703,0.9069020822584177
25690,LOF,0.04059754060173288,0.05991943227160509,0.8994830271266621
25691,LOF,0.2695748235965604,0.0838798919352156,0.6465452844682241
25692,LOF,0.2715209900346156,0.007986472752435804,0.7204925372129486
25693,LOF,0.07319583398305869,0.2629571267883818,0.6638470392285595
25694,LOF,0.2385189549231287,0.013821550512228954,0.7476594945646424
25695,LOF,0.1440678427876962,0.023065809185950664,0.8328663480263531
25696,LOF,0.11489569042544358,0.012685226997257664,0.8724190825772988
25697,LOF,0.09464264861351088,0.021793436099884104,0.8835639152866049
25698,LOF,0.05538019565876943,0.4530121575184444,0.4916076468227862
25699,LOF,0.06256391838180057,0.09567086853755634,0.841765213080643
25700,LOF,0.05618349543976045,0.009807689488404268,0.9340088150718353
25701,LOF,0.0174219105537892,0.07327403610806124,0.9093040533381497
25702,GOF,0.03975308547180271,0.693289546347949,0.2669573681802483
25703,LOF,0.007979949608264451,0.16245199644458885,0.8295680539471467
25704,LOF,0.057262223146318667,0.13825483179940876,0.8044829450542725
25705,LOF,0.05856875064497403,0.262467178783189,0.6789640705718369
25706,GOF,0.02340101282351914,0.5080841665621781,0.4685148206143028
25707,LOF,0.017287627408029187,0.4832401383562879,0.49947223423568293
25708,LOF,0.007105566387679677,0.45619932042481376,0.5366951131875066
25709,LOF,0.05470575279624547,0.06894893032599059,0.876345316877764
25710,LOF,0.005148123108804775,0.18560573912195738,0.8092461377692378
25711,LOF,0.016732598832609354,0.1508182792745184,0.8324491218928722
25712,LOF,0.006916721119980407,0.228500503953638,0.7645827749263817
25713,LOF,0.01775057926768646,0.12639662565931783,0.8558527950729957
25714,LOF,0.05595257781281746,0.16601850576789448,0.7780289164192881
25715,LOF,0.010967719342897381,0.17955448931565987,0.8094777913414426
25716,LOF,0.005706047592807425,0.14034121582725864,0.853952736579934
25717,LOF,0.005451383538594353,0.11573495096250438,0.8788136654989013
25718,LOF,0.011935407436808277,0.11450246452339784,0.8735621280397939
25719,LOF,0.01858613954182152,0.127937130608382,0.8534767298497964
25720,LOF,0.018676554947657027,0.10718435361147076,0.8741390914408722
25721,LOF,0.01571824889551071,0.12851537443631328,0.855766376668176
25722,LOF,0.014055769431080336,0.16211297378851244,0.8238312567804073
25723,LOF,0.019556438919224442,0.09177464820408185,0.8886689128766937
25724,LOF,0.01615093233075483,0.13755648661553654,0.8462925810537086
25725,LOF,0.0114943349893928,0.10299417213863123,0.885511492871976
25726,LOF,0.01388553618262766,0.15701094667625207,0.8291035171411203
25727,LOF,0.012488842186880915,0.1114898274027696,0.8760213304103495
25728,LOF,0.01050702771210011,0.14462030837252915,0.8448726639153707
25729,LOF,0.010589744524834879,0.15174840390591293,0.8376618515692522
25730,LOF,0.01568941842336846,0.11975860853980914,0.8645519730368224
25731,LOF,0.007589206479234397,0.16233773373346538,0.8300730597873003
25732,LOF,0.015707013058121017,0.10558582507470135,0.8787071618671777
25733,LOF,0.015026867645435829,0.10026300001823932,0.8847101323363248
25734,LOF,0.005246257584805376,0.16541824724315504,0.8293354951720395
25735,LOF,0.01336045617939563,0.09511128405970086,0.8915282597609034
25736,LOF,0.014302119831122673,0.13720855757118408,0.8484893225976934
25737,LOF,0.019312661895421614,0.10696767406694346,0.8737196640376349
25738,LOF,0.01318928105309994,0.15741695524538524,0.8293937637015147
25739,LOF,0.019001341808434685,0.14107678904542986,0.8399218691461355
25740,LOF,0.02970313926585022,0.14168900444183202,0.8286078562923177
25741,LOF,0.014918355868765616,0.12245988748685498,0.8626217566443793
25742,LOF,0.08422355248811363,0.1316011508503887,0.7841752966614977
25743,LOF,0.015374766308686937,0.02959416267245092,0.9550310710188622
25744,LOF,0.23529339139791708,0.30179007008001696,0.462916538522066
25745,LOF,0.02737856062065058,0.039018343272131134,0.9336030961072183
25746,LOF,0.016903425877904103,0.050980934209875164,0.9321156399122208
25747,LOF,0.027764380668633095,0.024550278975119334,0.9476853403562475
25748,LOF,0.11799312083268848,0.04095207905909229,0.8410548001082192
25749,LOF,0.015354693199303522,0.03873245638253546,0.9459128504181611
25750,LOF,0.03690592164045186,0.05348837912638004,0.9096056992331681
25751,LOF,0.11014218245597987,0.04179330221630067,0.8480645153277193
25752,GOF,0.12304999542604628,0.6129658567005232,0.26398414787343055
25753,LOF,0.007988293213925121,0.30774179246219674,0.6842699143238781
25754,GOF,0.004760145170339413,0.7916335408284337,0.20360631400122695
25755,LOF,0.009341056405737921,0.381841571443063,0.608817372151199
25756,LOF,0.04141487059828449,0.3931354833392021,0.5654496460625135
25757,GOF,0.005991965222542949,0.8530249479072727,0.14098308687018438
25758,GOF,0.006550166363765643,0.8521671185138747,0.14128271512235963
25759,GOF,0.004369054930176446,0.5469563198383834,0.44867462523144014
25760,LOF,0.0051357872221391345,0.26158890729649437,0.7332753054813664
25761,GOF,0.04045828716973978,0.8270268958668663,0.13251481696339387
25762,LOF,0.029744843965299677,0.28928008755878426,0.680975068475916
25763,LOF,0.0062918424570186085,0.20965157934903875,0.7840565781939427
25764,GOF,0.17130853789881187,0.5077207667475645,0.32097069535362366
25765,GOF,0.011068478875761406,0.7755488990319263,0.21338262209231249
25766,GOF,0.018676957883092465,0.8209051947617609,0.16041784735514675
25767,LOF,0.01879828597401475,0.473591162583481,0.5076105514425043
25768,LOF,0.07668839737450626,0.07310824967931351,0.8502033529461801
25769,LOF,0.07990299163334494,0.053651251384858316,0.8664457569817968
25770,LOF,0.3291054952295281,0.06585339431336013,0.6050411104571117
25771,LOF,0.015074582367196441,0.05472900101311812,0.9301964166196853
25772,LOF,0.020520953313546086,0.025674730707168258,0.9538043159792855
25773,LOF,0.011379473111256548,0.10449768818040883,0.8841228387083346
25774,LOF,0.02529845225256862,0.059930246573102836,0.9147713011743286
25775,LOF,0.015848291869510683,0.0433666516882662,0.9407850564422232
25776,LOF,0.08095151728396462,0.020188414728278113,0.8988600679877573
25777,LOF,0.28142990360248266,0.03686871654798799,0.6817013798495294
25778,LOF,0.06768741736104114,0.03813666857293055,0.8941759140660284
25779,GOF,0.0701170132370123,0.8682013494309097,0.06168163733207821
25780,GOF,0.059822872705244744,0.8471739380709947,0.09300318922376064
25781,GOF,0.026314385927051955,0.8458966983089826,0.12778891576396542
25782,GOF,0.03152740431814679,0.8710723565794535,0.09740023910239977
25783,GOF,0.011874873193287644,0.6573157109974359,0.33080941580927636
25784,GOF,0.11952996069622748,0.8232661921098826,0.057203847193889906
25785,GOF,0.08249524585694541,0.8576389143725941,0.05986583977046046
25786,GOF,0.0056122790041065705,0.7909616200376897,0.20342610095820376
25787,GOF,0.21223482529204726,0.7416548222387693,0.046110352469183366
25788,LOF,0.046753503403711816,0.11708577301970627,0.8361607235765819
25789,GOF,0.03989110250792649,0.7952850778179603,0.16482381967411328
25790,GOF,0.04197630161541933,0.8209158813451475,0.13710781703943328
25791,GOF,0.02843308846337082,0.7622079335054619,0.20935897803116732
25792,GOF,0.04551043469806073,0.7572526048462946,0.19723696045564465
25793,GOF,0.08327644631725005,0.7057919691030311,0.21093158457971883
25794,GOF,0.115915936139576,0.680826016978374,0.20325804688205004
25795,GOF,0.027045708807733836,0.7561842059043706,0.21677008528789546
25796,GOF,0.14142209079050888,0.7502036993863211,0.10837420982316984
25797,GOF,0.03523256002762952,0.5702201111920302,0.3945473287803404
25798,GOF,0.0031860211573394594,0.5362497047546924,0.46056427408796813
25799,LOF,0.0030573868358232566,0.4200552484394041,0.5768873647247728
25800,GOF,0.010319503307838254,0.6149903466372789,0.3746901500548829
25801,GOF,0.03051163067540696,0.805427334998705,0.164061034325888
25802,GOF,0.019305888024544596,0.7037852917020307,0.27690882027342456
25803,GOF,0.010257296351190699,0.6022082792073509,0.38753442444145847
25804,LOF,0.013253867251362721,0.4737145214456675,0.5130316113029698
25805,GOF,0.021886814848329276,0.5983073804001211,0.3798058047515496
25806,GOF,0.020006174977276362,0.6386680768719389,0.3413257481507847
25807,GOF,0.00537895014876632,0.6299968727475815,0.3646241771036521
25808,GOF,0.014867042612138929,0.639888729219342,0.34524422816851896
25809,GOF,0.005853484875711463,0.6128804279716342,0.38126608715265436
25810,GOF,0.004844076277837542,0.6275331204158485,0.36762280330631386
25811,GOF,0.09524569998618022,0.7985240096565218,0.10623029035729804
25812,GOF,0.012606511622748322,0.6190558828377981,0.36833760553945355
25813,GOF,0.11068699692188043,0.7296865654707432,0.1596264376073764
25814,GOF,0.03234564172876949,0.7017393842652431,0.2659149740059874
25815,GOF,0.04895329117797089,0.711529569622643,0.23951713919938608
25816,GOF,0.007990625783223968,0.7638876571119808,0.22812171710479512
25817,GOF,0.07732666204278482,0.766298769636104,0.1563745683211111
25818,GOF,0.01985193922685065,0.7073240597098055,0.2728240010633437
25819,GOF,0.08085569173939841,0.7277792865026257,0.19136502175797582
25820,GOF,0.03507881458433496,0.7019992168620923,0.2629219685535727
25821,GOF,0.01700259060946685,0.6828626471921182,0.300134762198415
25822,GOF,0.04069475296440188,0.6993415246930819,0.2599637223425164
25823,GOF,0.012313614825028593,0.5334994758736998,0.45418690930127165
25824,GOF,0.022711663682373102,0.6338350883876296,0.3434532479299974
25825,GOF,0.012304314891652025,0.6096972546131121,0.3779984304952359
25826,GOF,0.004888917726308896,0.5956930556598301,0.399418026613861
25827,GOF,0.007650956867447883,0.6038502638499422,0.38849877928260995
25828,GOF,0.005030668058535972,0.5251075384430252,0.4698617934984389
25829,GOF,0.0029220649466561257,0.5796950993327348,0.41738283572060914
25830,LOF,0.038431047412761155,0.35445045011466936,0.6071185024725695
25831,GOF,0.034360690651599184,0.8423163136318499,0.123322995716551
25832,GOF,0.007768602514582662,0.7718391227467665,0.22039227473865092
25833,GOF,0.028597738129718612,0.8107107944807138,0.1606914673895675
25834,GOF,0.007965987118702555,0.7719769272611557,0.22005708562014178
25835,GOF,0.01796451502530818,0.8190054610999018,0.16303002387479001
25836,GOF,0.006621728067791575,0.7652097386272667,0.2281685333049417
25837,GOF,0.006229784030754225,0.662662474067804,0.33110774190144193
25838,GOF,0.020764854633698898,0.8320828129296014,0.14715233243669962
25839,GOF,0.050051829507309124,0.7856346486870864,0.16431352180560432
25840,GOF,0.038989736835433525,0.8075295876952762,0.1534806754692905
25841,GOF,0.03912747263075398,0.8238008727192795,0.13707165464996646
25842,GOF,0.02561442821297537,0.8615768595665808,0.11280871222044375
25843,GOF,0.027337996467876654,0.880695097304487,0.09196690622763642
25844,GOF,0.017094381707785905,0.7955137296534891,0.18739188863872505
25845,GOF,0.004983408232526574,0.5747507242316537,0.4202658675358196
25846,GOF,0.02748950129096336,0.8453473170840076,0.12716318162502907
25847,GOF,0.01894390097625728,0.8836288450723045,0.0974272539514382
25848,GOF,0.01363377616368873,0.7668344495453465,0.21953177429096485
25849,GOF,0.004321449693456016,0.6530502960328834,0.3426282542736605
25850,GOF,0.006929924199202282,0.6945840285439969,0.2984860472568009
25851,GOF,0.00631525966666798,0.5718124159108836,0.42187232442244843
25852,GOF,0.1611718238790267,0.5232878026516912,0.3155403734692821
25853,GOF,0.07309178243691196,0.828474565775248,0.0984336517878401
25854,GOF,0.009275524738199863,0.655949635953231,0.3347748393085691
25855,GOF,0.013937800838708455,0.5845895826634002,0.40147261649789123
25856,GOF,0.03876356656672176,0.7202623075202866,0.2409741259129916
25857,GOF,0.013774926394730418,0.5386923567022303,0.44753271690303925
25858,GOF,0.0077630071657899796,0.554159201667925,0.43807779116628515
25859,GOF,0.005392528192625789,0.5382468956946265,0.45636057611274766
25860,GOF,0.07733448266392162,0.7878730852902537,0.13479243204582467
25861,GOF,0.11316712318862857,0.7855060146699258,0.10132686214144575
25862,GOF,0.019350606078609493,0.8385844288571744,0.14206496506421593
25863,GOF,0.018467033264802958,0.8588253418149413,0.1227076249202557
25864,GOF,0.04259329895990868,0.8702557397963064,0.0871509612437849
25865,GOF,0.03361889081361846,0.8416459681895259,0.12473514099685562
25866,GOF,0.024254967494850885,0.8328908123980083,0.1428542201071409
25867,GOF,0.02609404205306295,0.8675603248625751,0.10634563308436198
25868,GOF,0.05234917150118461,0.8052527683120483,0.14239806018676707
25869,GOF,0.3169024810221689,0.5870596009245103,0.0960379180533209
25870,GOF,0.19529214108746834,0.5097893816737102,0.29491847723882136
25871,GOF,0.02585835661209696,0.854186704306648,0.119954939081255
25872,GOF,0.01638307761867239,0.7724728497120322,0.2111440726692954
25873,GOF,0.01917376683595589,0.8541045064680479,0.1267217266959962
25874,LOF,0.0174307346288623,0.12287374324797884,0.8596955221231588
25875,LOF,0.020974059563234584,0.04046102791019724,0.9385649125265683
25876,LOF,0.014509987877609525,0.03148171010501362,0.9540083020173769
25877,LOF,0.11528252080758791,0.07283239192945515,0.811885087262957
25878,LOF,0.047476248675562084,0.09452699434542375,0.8579967569790141
25879,LOF,0.020954616248319288,0.07050913120136326,0.9085362525503174
25880,LOF,0.03890441815584487,0.01204221396889553,0.9490533678752595
25881,Neutral,0.5585422099937456,0.051141358149394335,0.3903164318568601
25882,LOF,0.021462618265763792,0.028707886863302872,0.9498294948709333
25883,LOF,0.06801211955850317,0.021998155115195966,0.9099897253263008
25884,LOF,0.011299273733163348,0.03536105151374256,0.953339674753094
25885,LOF,0.16490226759452756,0.006567894635590446,0.828529837769882
25886,LOF,0.28333472221576117,0.04530560412001776,0.671359673664221
25887,LOF,0.14436927759040402,0.058904150084797886,0.7967265723247983
25888,LOF,0.01265898950944072,0.11847371830379666,0.8688672921867626
25889,LOF,0.013419533645983146,0.028140638218239165,0.9584398281357778
25890,LOF,0.11409301341365781,0.08249633098466494,0.8034106556016773
25891,LOF,0.043612730362790834,0.0370174838143331,0.9193697858228761
25892,LOF,0.01172527518246635,0.04515993698075591,0.9431147878367777
25893,LOF,0.3795801290556619,0.01482645697310609,0.6055934139712321
25894,LOF,0.41808495161351067,0.007947412623782788,0.5739676357627066
25895,LOF,0.3471914295408285,0.016081443164881404,0.6367271272942902
25896,LOF,0.04105448505341797,0.02569313239280311,0.9332523825537788
25897,LOF,0.1935082456345417,0.013859903068355234,0.792631851297103
25898,LOF,0.21302592569452772,0.038654554878847336,0.7483195194266249
25899,LOF,0.17963465874454637,0.027311718545931573,0.7930536227095221
25900,LOF,0.4591289622194395,0.011137826873723201,0.5297332109068373
25901,LOF,0.04979763427260422,0.012662793073383999,0.9375395726540118
25902,LOF,0.10935462059451298,0.017881860050770557,0.8727635193547164
25903,LOF,0.3858001892965703,0.03456915346934392,0.5796306572340858
25904,LOF,0.30449426321035233,0.04342299284009092,0.6520827439495568
25905,LOF,0.00653960712908761,0.42871385384723537,0.564746539023677
25906,LOF,0.008931657628229533,0.11156335137359928,0.8795049909981713
25907,LOF,0.004035215335112457,0.36694494475313405,0.6290198399117536
25908,LOF,0.0036679337725109007,0.25362436786379433,0.7427076983636949
25909,LOF,0.013474247670172914,0.14214636630153504,0.844379386028292
25910,LOF,0.015154888632035624,0.14785339901988068,0.8369917123480838
25911,LOF,0.168890316091666,0.026970509551596366,0.8041391743567378
25912,LOF,0.07596988944001283,0.044539854414366545,0.8794902561456206
25913,LOF,0.08131669944430522,0.046012500049935345,0.8726708005057594
25914,LOF,0.021105858529002635,0.06012958024249006,0.9187645612285074
25915,LOF,0.14406099556969837,0.2998020674178005,0.5561369370125011
25916,LOF,0.020310871876838377,0.1812747274493713,0.7984144006737904
25917,LOF,0.052701195763943984,0.0446953456463241,0.9026034585897319
25918,LOF,0.026259287435091736,0.03467148189686316,0.9390692306680453
25919,LOF,0.022252878488284212,0.03401731969351975,0.9437298018181961
25920,LOF,0.11500130477338245,0.21406168237495862,0.670937012851659
25921,LOF,0.010380680263952209,0.0399865687578163,0.9496327509782315
25922,LOF,0.01366795255580789,0.03398089105536726,0.952351156388825
25923,Neutral,0.49342294612330573,0.0403447159779666,0.46623233789872764
25924,LOF,0.017342719272767954,0.04828749221334937,0.9343697885138826
25925,LOF,0.07780936529969222,0.047954771516508204,0.8742358631837996
25926,LOF,0.05595772377869745,0.04106258738540892,0.9029796888358935
25927,LOF,0.019317811960864403,0.06729550409615709,0.9133866839429785
25928,LOF,0.007931398611583054,0.0584404075534812,0.9336281938349357
25929,Neutral,0.6216648678208584,0.04266684034999355,0.33566829182914804
25930,LOF,0.06680196608248876,0.03562431961853475,0.8975737142989765
25931,LOF,0.01019355836904838,0.04025588162341541,0.9495505600075363
25932,LOF,0.03169549312595552,0.03194081626369544,0.9363636906103491
25933,LOF,0.041395716896807745,0.020905750446812855,0.9376985326563794
25934,LOF,0.027264768389289713,0.022053699808746833,0.9506815318019635
25935,LOF,0.07036156784157677,0.055632289155107505,0.8740061430033158
25936,LOF,0.04550025265533115,0.02638221422408641,0.9281175331205825
25937,LOF,0.01027262958923055,0.04125559285454233,0.9484717775562272
25938,LOF,0.06869633004244449,0.06413563091546538,0.8671680390420902
25939,LOF,0.03824363665637741,0.025662584111089747,0.9360937792325328
25940,LOF,0.00905692083297647,0.31925191554612736,0.6716911636208962
25941,Neutral,0.5339778985483047,0.031050651284555468,0.43497145016713995
25942,LOF,0.0047277931517698876,0.04195422704557085,0.9533179798026593
25943,LOF,0.03813858523701465,0.1370626869470574,0.824798727815928
25944,LOF,0.1317949868486922,0.07891779821215578,0.789287214939152
25945,LOF,0.057575398937692736,0.01845234882218866,0.9239722522401186
25946,LOF,0.06987880935557887,0.060499304290304555,0.8696218863541166
25947,LOF,0.44826428674052954,0.06982302724876724,0.48191268601070314
25948,LOF,0.3141217898053654,0.00960017176745219,0.6762780384271824
25949,LOF,0.08742770907911712,0.04596054345871134,0.8666117474621714
25950,GOF,0.03782003962469006,0.5941455127144981,0.3680344476608118
25951,LOF,0.01629521701064742,0.4151010119261395,0.568603771063213
25952,LOF,0.2761790658115122,0.29418220191712086,0.4296387322713669
25953,LOF,0.012789355635356648,0.19788052719550994,0.7893301171691335
25954,LOF,0.056079897867815726,0.4567857494130408,0.48713435271914335
25955,LOF,0.010620789848290551,0.18122616263870422,0.8081530475130051
25956,LOF,0.02789269545067564,0.27903381684409556,0.6930734877052287
25957,LOF,0.1647499915381805,0.033802331905271335,0.8014476765565481
25958,LOF,0.05336132171232906,0.02876736740089712,0.9178713108867739
25959,LOF,0.013180040811858114,0.4771972237198132,0.5096227354683287
25960,LOF,0.006055624587848468,0.055284308825428174,0.9386600665867234
25961,LOF,0.04342587846317822,0.026156606405026525,0.9304175151317953
25962,LOF,0.03085558938497528,0.08136860941726774,0.887775801197757
25963,LOF,0.005465759585151309,0.25083839882658865,0.74369584158826
25964,LOF,0.033966864942477505,0.11224619211268072,0.8537869429448417
25965,LOF,0.3145405624569511,0.14817030846050883,0.5372891290825401
25966,Neutral,0.5058688682840814,0.14038980857299774,0.35374132314292084
25967,LOF,0.0070168749465997805,0.09324043646313636,0.8997426885902639
25968,LOF,0.0555064094230733,0.22700821057862305,0.7174853799983036
25969,LOF,0.12186438256841083,0.06509615672737194,0.8130394607042173
25970,LOF,0.017363644298423308,0.10456607891946049,0.8780702767821161
25971,LOF,0.06734458668188426,0.03037565218824108,0.9022797611298746
25972,LOF,0.06382110799423728,0.03765559999783472,0.8985232920079279
25973,LOF,0.0593019389348764,0.011363607778805062,0.9293344532863186
25974,LOF,0.037181795366178924,0.03923278328448325,0.9235854213493377
25975,LOF,0.04498683538258458,0.024719325022118505,0.930293839595297
25976,LOF,0.10154108718977911,0.011824934227568626,0.8866339785826522
25977,LOF,0.19263001139479646,0.05373250614301627,0.7536374824621873
25978,LOF,0.13359938924189155,0.13701158452243722,0.7293890262356713
25979,LOF,0.12491506165327454,0.13495990604223376,0.7401250323044917
25980,LOF,0.23255786093416397,0.14834374475914908,0.6190983943066869
25981,LOF,0.258888348664385,0.14642784801730013,0.5946838033183149
25982,LOF,0.40744567710906127,0.10516788378670018,0.4873864391042385
25983,LOF,0.3799487491627802,0.11325587215639332,0.5067953786808264
25984,LOF,0.04437316462794749,0.06281733240787925,0.8928095029641733
25985,LOF,0.4330550545829338,0.11227923331594966,0.4546657121011166
25986,LOF,0.01087837880654478,0.41164468444899843,0.5774769367444569
25987,LOF,0.03700170413627379,0.09147364113257107,0.8715246547311551
25988,LOF,0.17060911032115958,0.09364163075109717,0.7357492589277433
25989,LOF,0.03756910687197218,0.13428248790436997,0.828148405223658
25990,LOF,0.038349589948793304,0.2103568328336988,0.7512935772175079
25991,LOF,0.017837072400294706,0.356405002196404,0.6257579254033014
25992,LOF,0.02179589658250228,0.34189685654019486,0.6363072468773029
25993,LOF,0.021529041145298983,0.09023054714783259,0.8882404117068684
25994,LOF,0.015056980819490876,0.08066255050625223,0.9042804686742569
25995,LOF,0.020100390871799056,0.17098607372171754,0.8089135354064834
25996,LOF,0.348229372512928,0.2903699148276074,0.36140071265946466
25997,LOF,0.0701043901996598,0.3404301314026522,0.5894654783976879
25998,LOF,0.2946203599560316,0.04658376838117378,0.6587958716627946
25999,LOF,0.017407701152314468,0.24255695120269333,0.7400353476449921
26000,LOF,0.15123465355819887,0.03144968822852603,0.8173156582132751
26001,LOF,0.31720972761211225,0.02202109432692283,0.6607691780609649
26002,LOF,0.07369629520248493,0.04974644976987234,0.8765572550276427
26003,GOF,0.003781728024069583,0.5977548847130583,0.3984633872628721
26004,GOF,0.005960407323300615,0.6929456120631219,0.3010939806135776
26005,LOF,0.002976954526516083,0.48831494005459974,0.5087081054188842
26006,GOF,0.08096232097968374,0.5522382213872999,0.36679945763301636
26007,GOF,0.006369143910332046,0.5660385412074602,0.42759231488220767
26008,GOF,0.005467333800838481,0.6344166875766135,0.36011597862254796
26009,GOF,0.005938139133337711,0.6338024684253978,0.3602593924412644
26010,GOF,0.0067535550086991036,0.6694324306889288,0.323814014302372
26011,LOF,0.0026042107477764107,0.4847168201985446,0.5126789690536789
26012,GOF,0.0038137253389899277,0.5603843383788111,0.43580193628219904
26013,GOF,0.004997192801177697,0.628363688294182,0.36663911890464035
26014,LOF,0.04793227499420288,0.11231378056874522,0.839753944437052
26015,LOF,0.13136434115637868,0.0206008740303375,0.8480347848132839
26016,LOF,0.29823133483855374,0.04654655210062607,0.6552221130608201
26017,LOF,0.026677420332264445,0.21059605677015766,0.7627265228975779
26018,LOF,0.0726692336966407,0.04602902160876797,0.8813017446945913
26019,LOF,0.06886661447227252,0.03753496683170385,0.8935984186960236
26020,LOF,0.008027825904233982,0.229494039700549,0.762478134395217
26021,LOF,0.06946500862469215,0.08337345201782373,0.8471615393574841
26022,LOF,0.027125705046549282,0.026729906227386316,0.9461443887260645
26023,LOF,0.043322144442038336,0.02681539011005704,0.9298624654479047
26024,LOF,0.04523244730124372,0.08460996430499855,0.8701575883937577
26025,LOF,0.058680150512827746,0.08442030713287332,0.8568995423542989
26026,LOF,0.13917863774172362,0.06503902705196275,0.7957823352063136
26027,LOF,0.05827738607544055,0.021327415377203684,0.9203951985473559
26028,LOF,0.08469661970369335,0.11471729238180729,0.8005860879144994
26029,LOF,0.02719438753595025,0.1909208411113314,0.7818847713527185
26030,LOF,0.14305912862484102,0.02582809142713443,0.8311127799480246
26031,LOF,0.014087190664132051,0.14523228582497655,0.8406805235108914
26032,LOF,0.08162504898653784,0.060016192636498614,0.8583587583769635
26033,LOF,0.08459607013447266,0.05994432443623959,0.8554596054292879
26034,LOF,0.014731528040082771,0.165474138323675,0.8197943336362422
26035,LOF,0.01306236664595154,0.12745425195399995,0.8594833814000485
26036,LOF,0.01663445318430481,0.1699879312136362,0.813377615602059
26037,LOF,0.011232604824986819,0.10704638466478332,0.8817210105102298
26038,LOF,0.0693004467363236,0.05452199304413682,0.8761775602195396
26039,LOF,0.024308948073947886,0.15359267676704924,0.8220983751590029
26040,LOF,0.1266382804393236,0.1304293912021103,0.742932328358566
26041,LOF,0.013535337710983263,0.09747024977847808,0.8889944125105386
26042,LOF,0.012535582600671561,0.09976813978090063,0.8876962776184278
26043,LOF,0.06852364309451502,0.07372105735105286,0.8577552995544322
26044,LOF,0.01468977525368492,0.06014159118345677,0.9251686335628584
26045,LOF,0.0547866641922754,0.10101868939030746,0.8441946464174173
26046,LOF,0.06183042402809436,0.05975006473071974,0.8784195112411858
26047,LOF,0.1014314996333591,0.06492087708928085,0.83364762327736
26048,LOF,0.05105598515662319,0.03558052928412517,0.9133634855592515
26049,Neutral,0.9650297922457284,0.005569768937732759,0.029400438816538945
26050,Neutral,0.9505099964626301,0.007260145772775452,0.04222985776459439
26051,LOF,0.014110013166308827,0.17429898395378168,0.8115910028799095
26052,LOF,0.02218285708299013,0.2064523387671694,0.7713648041498404
26053,LOF,0.025290726170989975,0.1389483247760637,0.8357609490529463
26054,LOF,0.05126406680765681,0.016370479940825612,0.9323654532515177
26055,LOF,0.05971402967335877,0.015828899883932733,0.9244570704427084
26056,LOF,0.05120765028278997,0.01842844112890828,0.9303639085883016
26057,LOF,0.03207596474522504,0.011868834547875656,0.9560552007068993
26058,LOF,0.0327405496478796,0.01027843884265065,0.9569810115094697
26059,LOF,0.2991271103037496,0.019137641498333958,0.6817352481979164
26060,LOF,0.00960079564435408,0.14320970887164086,0.847189495484005
26061,LOF,0.004779975000635238,0.014219646120676964,0.9810003788786879
26062,LOF,0.003924532444082142,0.019195461822823747,0.9768800057330942
26063,LOF,0.021917838966923425,0.010820624570128497,0.9672615364629482
26064,LOF,0.006692513946000437,0.021553689232403944,0.9717537968215957
26065,LOF,0.02212674712391097,0.012386168557769028,0.96548708431832
26066,LOF,0.020899920527125786,0.011610846699677343,0.967489232773197
26067,LOF,0.028801651150703295,0.009906859637647305,0.9612914892116494
26068,LOF,0.042211764753436645,0.02856085257519842,0.9292273826713648
26069,LOF,0.259560331964688,0.016110602637864718,0.7243290653974473
26070,LOF,0.4077222364276268,0.012870772614794827,0.5794069909575784
26071,LOF,0.020471984769236277,0.011533016715315049,0.9679949985154488
26072,LOF,0.005469698127247195,0.02181868029510822,0.9727116215776446
26073,LOF,0.01854742630083653,0.013875305428192469,0.9675772682709709
26074,Neutral,0.903640397330847,0.006298787416815007,0.090060815252338
26075,LOF,0.041262667650329474,0.01509256113621697,0.9436447712134536
26076,LOF,0.03846728135081446,0.010122840044559189,0.9514098786046263
26077,LOF,0.11942424312470465,0.008247798175141144,0.8723279587001541
26078,LOF,0.005403826079490338,0.01426163263837138,0.9803345412821381
26079,LOF,0.053766633334678425,0.01639205634029041,0.9298413103250313
26080,LOF,0.05152214123266027,0.01643022572598128,0.9320476330413585
26081,LOF,0.030189656804886743,0.007810631362507612,0.9619997118326057
26082,LOF,0.004595635757993373,0.016495466080953355,0.9789088981610533
26083,LOF,0.1357074266558875,0.01562770724726525,0.8486648660968472
26084,LOF,0.03432041053850871,0.013618539964955878,0.9520610494965355
26085,LOF,0.03154107120359296,0.012276203891575504,0.9561827249048315
26086,LOF,0.019439569096853373,0.011661192352652262,0.9688992385504943
26087,LOF,0.02122645892069834,0.00971412276009921,0.9690594183192024
26088,LOF,0.005640904871452381,0.02053660075352382,0.9738224943750237
26089,LOF,0.040093785143085564,0.02184288837264459,0.9380633264842698
26090,LOF,0.03957770825114584,0.017324234220134654,0.9430980575287194
26091,LOF,0.029690587021961937,0.0074597449465389105,0.9628496680314992
26092,LOF,0.020378811538842447,0.00869593511928416,0.9709252533418735
26093,LOF,0.036832418707693645,0.0065238657274465815,0.9566437155648598
26094,LOF,0.028440497705104744,0.007376070902172406,0.9641834313927229
26095,LOF,0.015773299197613652,0.017900859692717753,0.9663258411096687
26096,LOF,0.14944879115441112,0.005890978440031231,0.8446602304055577
26097,LOF,0.004628749574589112,0.036081789960260506,0.9592894604651503
26098,LOF,0.06927251136616323,0.013825054636352993,0.9169024339974838
26099,LOF,0.018370256576806084,0.014207121472852984,0.9674226219503409
26100,LOF,0.021317861578959454,0.013698971043093928,0.9649831673779466
26101,LOF,0.04538126745065946,0.02079309594349454,0.933825636605846
26102,LOF,0.021417663679982525,0.014552431438259225,0.9640299048817581
26103,Neutral,0.8667907707746942,0.01986801609687286,0.11334121312843279
26104,LOF,0.06441755779256711,0.023996953766395147,0.9115854884410376
26105,LOF,0.21573157223685546,0.16361222923886226,0.6206561985242823
26106,LOF,0.3231357432497649,0.13738294525698055,0.5394813114932545
26107,LOF,0.022156270803970056,0.10049427877191404,0.8773494504241158
26108,LOF,0.3516842730181039,0.041740338144113126,0.6065753888377831
26109,LOF,0.03336208161407314,0.06674428263784798,0.8998936357480789
26110,LOF,0.198090013717559,0.006401155085088814,0.7955088311973522
26111,LOF,0.07114263481105104,0.07674970748853337,0.8521076577004156
26112,LOF,0.03657028153624212,0.006666738085808904,0.9567629803779489
26113,LOF,0.06317559281076278,0.01430874741199203,0.9225156597772451
26114,LOF,0.06454186631680105,0.014604236995331954,0.9208538966878669
26115,LOF,0.01556485912708156,0.08645044726796633,0.897984693604952
26116,LOF,0.08260544351989564,0.048887082725360125,0.8685074737547442
26117,LOF,0.4018335651889148,0.043725142585587226,0.554441292225498
26118,LOF,0.03276277450763691,0.02570635645697095,0.9415308690353921
26119,LOF,0.004555395492550429,0.050231929536962955,0.9452126749704867
26120,LOF,0.023595747861480557,0.020890202042769344,0.9555140500957501
26121,LOF,0.004013092647641039,0.15643839451886862,0.8395485128334904
