feature0,prediction,LoGoFunc_Neutral,LoGoFunc_GOF,LoGoFunc_LOF
25546,Neutral,0.7731898684055591,0.02948639392458632,0.1973237376698546
25547,Neutral,0.6233330386700323,0.0662230858778083,0.3104438754521594
25548,Neutral,0.6001899298585689,0.04700172421688778,0.35280834592454335
25549,Neutral,0.5191923312474152,0.048004510876867294,0.43280315787571755
25550,LOF,0.36284928377087544,0.11410340637352821,0.5230473098555963
25551,LOF,0.30199619636767056,0.12982411112287487,0.5681796925094545
25552,LOF,0.19621377343704133,0.13203575710733675,0.6717504694556218
25553,Neutral,0.8326920416952637,0.03219908351281869,0.1351088747919176
25554,LOF,0.2390770732998706,0.12816029103159676,0.6327626356685325
25555,LOF,0.19306076973916486,0.10512108075156333,0.7018181495092718
25556,LOF,0.41031283105318567,0.1064014270687689,0.48328574187804546
25557,LOF,0.18472499456450267,0.11580819125492628,0.6994668141805711
25558,LOF,0.23332576598421872,0.13008571254093754,0.6365885214748437
25559,LOF,0.38481242096302654,0.06819586625003136,0.5469917127869421
25560,LOF,0.05861516698924201,0.17664848771589745,0.7647363452948606
25561,LOF,0.11596230020573911,0.21060614906536768,0.6734315507288932
25562,LOF,0.10220637459278314,0.08413535532027656,0.8136582700869402
25563,LOF,0.1028077769618862,0.10582181450492004,0.7913704085331937
25564,LOF,0.15867482328183918,0.1652355577693496,0.6760896189488111
25565,LOF,0.12869033889118925,0.16025501105586035,0.7110546500529504
25566,GOF,0.01421602583406892,0.7606515812932462,0.22513239287268477
25567,LOF,0.013122869084960015,0.1349726305448703,0.8519045003701696
25568,LOF,0.05487192647312839,0.0566019484132214,0.8885261251136501
25569,LOF,0.06670483927751188,0.05685162635160934,0.8764435343708789
25570,LOF,0.06764032061343318,0.09899034986340759,0.8333693295231591
25571,LOF,0.06300777552171241,0.08978267108289248,0.8472095533953952
25572,LOF,0.06778731556213871,0.12923568629253562,0.8029769981453257
25573,LOF,0.027237796182742424,0.08390217878941451,0.888860025027843
25574,LOF,0.018108843785668585,0.14662143724530594,0.8352697189690254
25575,LOF,0.05032381134664659,0.09987320221380182,0.8498029864395515
25576,LOF,0.020519018400735937,0.11065977094803277,0.8688212106512314
25577,LOF,0.0155168710149558,0.1385691351454928,0.8459139938395513
25578,LOF,0.23711616359904078,0.08606590608414601,0.6768179303168133
25579,LOF,0.23784691729976798,0.0855505366388617,0.6766025460613704
25580,LOF,0.03761585762741495,0.08513049482169972,0.8772536475508854
25581,LOF,0.05510620616967236,0.0609127939386891,0.8839809998916387
25582,LOF,0.05493189186001845,0.05882817474580188,0.8862399333941797
25583,LOF,0.04653754975776634,0.09641825933118131,0.8570441909110523
25584,Neutral,0.4612587902990501,0.08456875697888439,0.45417245272206563
25585,LOF,0.037364708565577165,0.10492599642870476,0.8577092950057179
25586,LOF,0.038363303916272434,0.07760627635793409,0.8840304197257934
25587,LOF,0.0364127125716945,0.07581177265914667,0.8877755147691587
25588,LOF,0.036846297712236124,0.10338276322857826,0.8597709390591857
25589,Neutral,0.5860987673975617,0.10997179255058727,0.30392944005185113
25590,LOF,0.028172265571549407,0.12885025436185718,0.8429774800665935
25591,LOF,0.1238360971385725,0.04899310527461462,0.8271707975868129
25592,LOF,0.10822493624869933,0.13979340078032054,0.75198166297098
25593,LOF,0.016994651262098218,0.2591794222324691,0.7238259265054328
25594,LOF,0.03539195742818103,0.19283938662491762,0.7717686559469014
25595,LOF,0.05807738296418935,0.13628833041051325,0.8056342866252975
25596,LOF,0.06327527442762287,0.09434622951028543,0.8423784960620917
25597,LOF,0.06385612763426149,0.06718418075853867,0.8689596916071999
25598,LOF,0.0459804284749628,0.18314511021447077,0.7708744613105665
25599,GOF,0.006687249611516074,0.7699637899892846,0.22334896039919924
25600,GOF,0.009290809631555019,0.5686507535883069,0.42205843678013816
25601,LOF,0.0070437609351490325,0.4551078598674413,0.5378483791974097
25602,LOF,0.023173119771806406,0.05276146601721768,0.924065414210976
25603,LOF,0.034448287847188376,0.03650813349326323,0.9290435786595485
25604,LOF,0.04288474199044219,0.05952303248995039,0.8975922255196074
25605,LOF,0.01084046746476855,0.26899334265356234,0.7201661898816691
25606,GOF,0.05903384380081142,0.48672475255136866,0.45424140364781995
25607,LOF,0.003971736644112716,0.16537211931935905,0.8306561440365282
25608,LOF,0.07713057288863089,0.05829911264375759,0.8645703144676116
25609,LOF,0.06096057253189455,0.3859446090567293,0.5530948184113762
25610,LOF,0.047731575391032864,0.039433550643042055,0.9128348739659252
25611,LOF,0.057333303682315324,0.03708217469673416,0.9055845216209505
25612,LOF,0.122722949870797,0.06049989368974389,0.816777156439459
25613,LOF,0.09785822968072772,0.04972126514621971,0.8524205051730526
25614,LOF,0.03834500928945559,0.048028351327338056,0.9136266393832064
25615,LOF,0.05901939685161569,0.047596085264327376,0.8933845178840569
25616,LOF,0.03939050432171552,0.04578411110031217,0.9148253845779724
25617,LOF,0.038038000405476856,0.055251953753512245,0.906710045841011
25618,LOF,0.23874584273510244,0.044832374804175915,0.7164217824607216
25619,LOF,0.03893711498804176,0.042372663487204296,0.9186902215247539
25620,LOF,0.04724610367688314,0.05603168629664957,0.8967222100264673
25621,LOF,0.03596955841627481,0.04119468751310064,0.9228357540706246
25622,LOF,0.032944617959174596,0.054498988722741254,0.9125563933180841
25623,LOF,0.07157335263501557,0.03677443199067324,0.8916522153743112
25624,LOF,0.03198029145532494,0.05594468733925479,0.9120750212054202
25625,LOF,0.03952439190731643,0.060455740395370036,0.9000198676973136
25626,LOF,0.09055607625718311,0.03783548477547276,0.8716084389673443
25627,Neutral,0.5778776618862087,0.09254218277432355,0.32958015533946783
25628,LOF,0.20848399468090711,0.052074918569608684,0.7394410867494843
25629,LOF,0.0892905190163871,0.11387586413330543,0.7968336168503075
25630,LOF,0.20759294419159327,0.09449038883527269,0.697916666973134
25631,Neutral,0.6009731279723695,0.06516951032242929,0.3338573617052012
25632,LOF,0.024114997109709813,0.07005965119262364,0.9058253516976665
25633,LOF,0.23491731074382724,0.08155700718384243,0.6835256820723302
25634,LOF,0.038968751524859305,0.09231929647290837,0.8687119520022323
25635,LOF,0.045852804898900035,0.08245275792283538,0.8716944371782646
25636,GOF,0.006280590511314203,0.6558945893144441,0.3378248201742417
25637,GOF,0.004875168313308589,0.5563112723843983,0.43881355930229327
25638,LOF,0.009143179019738063,0.4686911098464318,0.5221657111338301
25639,LOF,0.0052909405058587594,0.44034056356026097,0.5543684959338804
25640,GOF,0.3765323326691613,0.5861570472658484,0.03731062006499034
25641,LOF,0.006440324145240413,0.33243886002244605,0.6611208158323135
25642,LOF,0.2660975565628257,0.07208196810766129,0.661820475329513
25643,LOF,0.19033458510253654,0.32253091411912665,0.4871345007783369
25644,GOF,0.02639991168804322,0.7124821319091679,0.26111795640278895
25645,GOF,0.0191186552734683,0.6545935777259984,0.32628776700053347
25646,GOF,0.022902995438061347,0.49647444033396276,0.4806225642279759
25647,LOF,0.017293704424558992,0.3689810401603144,0.6137252554151266
25648,LOF,0.013973871138114059,0.39489349409240326,0.5911326347694826
25649,LOF,0.013155997441428875,0.30300916656857413,0.683834835989997
25650,GOF,0.041270493573734225,0.7109552025443183,0.24777430388194743
25651,LOF,0.012270602902356804,0.3604086474844634,0.6273207496131799
25652,LOF,0.01968153564992734,0.3562849554918206,0.6240335088582522
25653,GOF,0.08640270670476291,0.6111170500209545,0.3024802432742826
25654,LOF,0.014115232749639673,0.39142675578809905,0.5944580114622613
25655,GOF,0.11591500962250696,0.5496528888154533,0.3344321015620398
25656,LOF,0.05966008536569547,0.09308204976113972,0.8472578648731649
25657,LOF,0.2866337974906089,0.03473549321754277,0.6786307092918483
25658,LOF,0.0336488747474864,0.14025023433835299,0.8261008909141607
25659,LOF,0.20338078091999284,0.0782038555045372,0.71841536357547
25660,LOF,0.09223528101923545,0.09678182854319296,0.8109828904375717
25661,LOF,0.07654726810335409,0.0681591120152112,0.8552936198814347
25662,LOF,0.03562303409034939,0.0419609659452573,0.9224159999643933
25663,LOF,0.04248616821112275,0.0802819771112224,0.8772318546776549
25664,LOF,0.030328880230217403,0.1320609563579976,0.8376101634117851
25665,LOF,0.05164397657567512,0.05982165046757597,0.888534372956749
25666,LOF,0.041939474637104034,0.19337130068297861,0.7646892246799173
25667,LOF,0.03440214805274173,0.06152175292426902,0.9040760990229892
25668,LOF,0.042884504423240814,0.059654582945633916,0.8974609126311254
25669,LOF,0.05409004992137147,0.10497618266560257,0.840933767413026
25670,LOF,0.13657294575727358,0.10102946543086873,0.7623975888118577
25671,LOF,0.04252122081072124,0.051873269126817514,0.9056055100624613
25672,LOF,0.050501887985804496,0.08322179530719452,0.8662763167070009
25673,LOF,0.036543750592111776,0.0872178222861597,0.8762384271217285
25674,LOF,0.02733457056801714,0.0992568143455038,0.873408615086479
25675,LOF,0.036381132810774236,0.08910115817441903,0.8745177090148067
25676,LOF,0.03473995100997399,0.06370183610452503,0.901558212885501
25677,LOF,0.09073616529110379,0.05843079424263313,0.8508330404662632
25678,LOF,0.14729938436568488,0.04443229534830209,0.808268320286013
25679,LOF,0.10606342799004363,0.07330330966378937,0.8206332623461671
25680,LOF,0.09424125307343062,0.08990544230496494,0.8158533046216044
25681,LOF,0.10542594280757604,0.08445033649435504,0.8101237206980689
25682,LOF,0.05640185384285254,0.0732852670904414,0.8703128790667061
25683,LOF,0.07358168713755722,0.10726521272993332,0.8191531001325094
25684,LOF,0.06582006553546627,0.06957231578557704,0.8646076186789566
25685,LOF,0.10099843483608435,0.05452573434535869,0.844475830818557
25686,LOF,0.03274738350093384,0.11046932138443705,0.8567832951146291
25687,LOF,0.06019993113847343,0.09658051584768673,0.8432195530138398
25688,LOF,0.018605798206401358,0.07502866312132117,0.9063655386722774
25689,LOF,0.015551201982051075,0.04634924114340409,0.9380995568745448
25690,LOF,0.016302932252457783,0.0533222178667244,0.9303748498808178
25691,LOF,0.1123318864931702,0.0855231827905753,0.8021449307162545
25692,LOF,0.1676302252725312,0.01282034254448871,0.8195494321829802
25693,LOF,0.04292418715176435,0.14225552115526496,0.8148202916929707
25694,LOF,0.272893613608665,0.017093769650465974,0.710012616740869
25695,LOF,0.21394862170695902,0.024087682594911203,0.7619636956981298
25696,LOF,0.14683579454024961,0.01697584389068489,0.8361883615690655
25697,LOF,0.12124530710422063,0.03990561996867908,0.8388490729271003
25698,LOF,0.022417574168529884,0.30901872756520693,0.6685636982662632
25699,LOF,0.09638420902494683,0.11750311652723876,0.7861126744478144
25700,LOF,0.036538752584452154,0.01903144273114343,0.9444298046844045
25701,LOF,0.017029331655417757,0.12313858814101757,0.8598320802035647
25702,GOF,0.023555965512481132,0.7499221233801286,0.2265219111073901
25703,LOF,0.015864172680721888,0.21563458844990394,0.7685012388693743
25704,LOF,0.09511758196432683,0.20565784759737443,0.6992245704382988
25705,LOF,0.0910772388264303,0.29447891941843274,0.6144438417551369
25706,GOF,0.022192210768182064,0.6219097866348033,0.35589800259701465
25707,GOF,0.02717674224190173,0.604113701616245,0.3687095561418533
25708,GOF,0.008596511887562164,0.5930510443855762,0.39835244372686157
25709,LOF,0.025874946413607925,0.09935332887281535,0.8747717247135767
25710,LOF,0.005460654548071717,0.27213836617182763,0.7224009792801007
25711,LOF,0.03011977500644758,0.16158517033723344,0.808295054656319
25712,LOF,0.00700874312362904,0.33050302247689,0.6624882343994809
25713,LOF,0.023683608521115704,0.14559641288591801,0.8307199785929663
25714,LOF,0.028721131452324973,0.18686442956122187,0.7844144389864531
25715,LOF,0.03119830094935058,0.16160850126399232,0.8071931977866572
25716,LOF,0.00895292047808597,0.16847053509921506,0.822576544422699
25717,LOF,0.005820428921746827,0.19443234831455242,0.7997472227637007
25718,LOF,0.026223029964951582,0.12025283446964903,0.8535241355653994
25719,LOF,0.03616954752725892,0.1323133550301264,0.8315170974426146
25720,LOF,0.03494002759234833,0.1330455822199179,0.8320143901877337
25721,LOF,0.03278967808141128,0.11800333921470092,0.8492069827038878
25722,LOF,0.02051596618687273,0.16097766482853682,0.8185063689845904
25723,LOF,0.030278621351049483,0.10844563823038549,0.8612757404185651
25724,LOF,0.02821025197999075,0.2068755972379115,0.7649141507820978
25725,LOF,0.03049969050526864,0.10545178282358318,0.8640485266711482
25726,LOF,0.0196341413439597,0.15312510080812047,0.8272407578479197
25727,LOF,0.026535751885582406,0.1509629209838654,0.8225013271305521
25728,LOF,0.029086183203963938,0.12538958814310064,0.8455242286529355
25729,LOF,0.027804497192265895,0.14925881047946238,0.8229366923282717
25730,LOF,0.032043891302105304,0.10184976572039416,0.8661063429775004
25731,LOF,0.010559857475690814,0.24498033487870782,0.7444598076456013
25732,LOF,0.022971569960632706,0.12702300652056844,0.8500054235187987
25733,LOF,0.037597358336610966,0.12999491924265746,0.8324077224207316
25734,LOF,0.006445577684077036,0.32238739803630473,0.6711670242796182
25735,LOF,0.026930593934313945,0.10144963808771469,0.8716197679779712
25736,LOF,0.024941707234213194,0.1695237141732139,0.8055345785925728
25737,LOF,0.05617091743261225,0.15790951835643163,0.7859195642109561
25738,LOF,0.02651640353274728,0.19085916637474318,0.7826244300925095
25739,LOF,0.03332971504903109,0.16662848835759747,0.8000417965933715
25740,LOF,0.034575309765672094,0.17411548425738546,0.7913092059769423
25741,LOF,0.038042392840085766,0.15787980239640587,0.8040778047635084
25742,LOF,0.05120286994647171,0.16531434732156516,0.7834827827319633
25743,LOF,0.012151677499550772,0.0218949524170438,0.9659533700834054
25744,LOF,0.23190963466876155,0.20377402628468816,0.5643163390465503
25745,LOF,0.05062325519490022,0.059877328802981765,0.8894994160021181
25746,LOF,0.01689313709686011,0.08803298782694154,0.8950738750761984
25747,LOF,0.03938446404779468,0.021876890026810928,0.9387386459253944
25748,LOF,0.29810421168093376,0.03818412765130024,0.6637116606677659
25749,LOF,0.015452448759597377,0.04762354203076953,0.936924009209633
25750,LOF,0.021951837739674726,0.04951819717458912,0.9285299650857362
25751,LOF,0.04141140864568852,0.03751225595112603,0.9210763354031855
25752,GOF,0.07176896467104245,0.7017893532673803,0.22644168206157728
25753,LOF,0.005812184501526804,0.41466046954298935,0.5795273459554838
25754,GOF,0.007348386387640619,0.870481440511834,0.12217017310052551
25755,LOF,0.005622405315149949,0.45583259998390174,0.5385449947009483
25756,LOF,0.023525389944261687,0.4563517504258679,0.5201228596298704
25757,GOF,0.008056308660569014,0.8589973310259111,0.13294636031351992
25758,GOF,0.008687414294527435,0.8698260680321275,0.12148651767334528
25759,GOF,0.005294038665705917,0.6470527760842534,0.3476531852500408
25760,LOF,0.005301458994233956,0.3658844786684537,0.6288140623373123
25761,GOF,0.04416538997985743,0.8542329976051675,0.10160161241497515
25762,LOF,0.026480515363285374,0.40451007035197833,0.5690094142847362
25763,LOF,0.005662597297423557,0.3189395872620017,0.6753978154405748
25764,GOF,0.05405549382211758,0.624489493494989,0.3214550126828935
25765,GOF,0.008120123818611956,0.8798229758354095,0.11205690034597851
25766,GOF,0.045346888945364226,0.8130255487360653,0.1416275623185705
25767,LOF,0.022371234245179405,0.4859775773826012,0.49165118837221944
25768,LOF,0.058378930496682316,0.04805652642077414,0.8935645430825435
25769,LOF,0.035280088993696404,0.08859824918224454,0.876121661824059
25770,LOF,0.20866916985630007,0.07566666646218718,0.7156641636815129
25771,LOF,0.01833135871694609,0.06576851578096567,0.9159001255020883
25772,LOF,0.032536699687391715,0.026628154318616985,0.9408351459939914
25773,LOF,0.019099395491622914,0.0696361327084897,0.9112644717998873
25774,LOF,0.030272813826418696,0.11404580404145752,0.8556813821321237
25775,LOF,0.02053183982732281,0.041068817657509096,0.9383993425151681
25776,LOF,0.03595196374212184,0.022502544403624695,0.9415454918542535
25777,LOF,0.3047838936405752,0.06923019278833882,0.6259859135710861
25778,LOF,0.028343068655361098,0.05051032833782422,0.9211466030068146
25779,GOF,0.09115916014313598,0.8337638146026473,0.07507702525421683
25780,GOF,0.11077348558102566,0.820035937713405,0.06919057670556938
25781,GOF,0.0418663406060246,0.8200522107496494,0.13808144864432617
25782,GOF,0.046883366718042295,0.8727147252664069,0.0804019080155508
25783,GOF,0.04548441300523887,0.9010594691565142,0.05345611783824676
25784,GOF,0.14261833814056027,0.8009930571015834,0.056388604757856155
25785,GOF,0.13910283447465396,0.8177985118109522,0.04309865371439369
25786,GOF,0.013672203011961068,0.8633658256140165,0.1229619713740224
25787,GOF,0.2880990265084251,0.6605600141811168,0.05134095931045805
25788,LOF,0.01868479211473319,0.15086162656639104,0.8304535813188757
25789,GOF,0.025399379190428426,0.8186935333785511,0.15590708743102044
25790,GOF,0.04154604820665797,0.8237443359720692,0.134709615821273
25791,GOF,0.03531717823281203,0.6851309148630723,0.27955190690411563
25792,GOF,0.04149158907121111,0.7366372619938442,0.22187114893494483
25793,GOF,0.06550202250532176,0.7809205211631934,0.15357745633148487
25794,GOF,0.061638090842721885,0.659338078714835,0.2790238304424431
25795,GOF,0.0647441595842757,0.6743845749713242,0.26087126544440015
25796,GOF,0.15098055616604375,0.7437178764196809,0.10530156741427542
25797,GOF,0.11573191267715327,0.6808063135447467,0.20346177377809999
25798,GOF,0.008129974586056327,0.6978007360852806,0.29406928932866316
25799,GOF,0.004635304224211435,0.5979684449498555,0.39739625082593305
25800,GOF,0.030438296363258992,0.7683208834769426,0.20124082015979836
25801,GOF,0.02972084045131601,0.8673900886976471,0.10288907085103681
25802,GOF,0.039250904762320384,0.73526593190108,0.22548316333659957
25803,GOF,0.027320148718549087,0.6326263412132989,0.34005351006815204
25804,GOF,0.04310024390529923,0.6955100301965298,0.261389725898171
25805,GOF,0.0414821935544564,0.7092636272117351,0.24925417923380855
25806,GOF,0.05598011012621121,0.7182355054086509,0.225784384465138
25807,GOF,0.016064666762042625,0.677881487517037,0.3060538457209203
25808,GOF,0.03122407318828424,0.698022298789392,0.27075362802232367
25809,GOF,0.013778252108808864,0.6588492458889083,0.32737250200228285
25810,GOF,0.012002801809269987,0.643235750103878,0.34476144808685205
25811,GOF,0.0752084553814682,0.8342320949949757,0.09055944962355598
25812,GOF,0.03519716257906326,0.7155859645959619,0.2492168728249749
25813,GOF,0.181869678006458,0.7183403133531722,0.09979000864036995
25814,GOF,0.0382798248214828,0.7291953440752441,0.23252483110327313
25815,GOF,0.06906996085835507,0.7832892524988367,0.14764078664280805
25816,GOF,0.011114333718919978,0.828630239860045,0.16025542642103505
25817,GOF,0.13840671033864896,0.7414188732047072,0.12017441645664381
25818,GOF,0.03369330844747688,0.7255139527952812,0.24079273875724194
25819,GOF,0.06445728209039786,0.676676919671974,0.2588657982376281
25820,GOF,0.06234258507604399,0.6282539743526939,0.309403440571262
25821,GOF,0.041925772880931425,0.6820253004092043,0.27604892670986436
25822,GOF,0.07838135328506801,0.6425961534573545,0.27902249325757744
25823,GOF,0.037640728233807555,0.6302683484686337,0.33209092329755874
25824,GOF,0.042167865990310346,0.705660881840882,0.25217125216880754
25825,GOF,0.03407624449529583,0.6943487935022847,0.2715749620024193
25826,GOF,0.015197119792377374,0.6442765010805809,0.3405263791270418
25827,GOF,0.019419764309951668,0.6626818132369369,0.31789842245311145
25828,GOF,0.01391341577808753,0.6862318984405184,0.2998546857813941
25829,GOF,0.004858781565333041,0.6088903064240682,0.38625091201059875
25830,LOF,0.04463066016056457,0.4613334275416735,0.49403591229776195
25831,GOF,0.07278200504219702,0.7522586130501189,0.17495938190768412
25832,GOF,0.012931382267997678,0.6910689005021344,0.2959997172298678
25833,GOF,0.05034689157096927,0.7614744024522893,0.1881787059767415
25834,GOF,0.01359262297559187,0.7133197110652215,0.2730876659591866
25835,GOF,0.03177557962636501,0.7644515226011552,0.20377289777247973
25836,GOF,0.00875388318816369,0.6749621479733123,0.316283968838524
25837,GOF,0.011813131955558805,0.6994672620891035,0.28871960595533763
25838,GOF,0.033021746031621606,0.773599848573383,0.1933784053949955
25839,GOF,0.0981580700677219,0.7228137501054166,0.17902817982686153
25840,GOF,0.13411200452400202,0.7014290524432666,0.16445894303273145
25841,GOF,0.12976129336153575,0.7391675006525221,0.13107120598594227
25842,GOF,0.04232088453689615,0.8325637530936862,0.12511536236941767
25843,GOF,0.039004090477223106,0.8421117855743749,0.11888412394840196
25844,GOF,0.02889058351571459,0.7705669617396567,0.2005424547446288
25845,GOF,0.007758823473806575,0.6661875687809441,0.3260536077452494
25846,GOF,0.0824961112067263,0.7957758414425559,0.12172804735071772
25847,GOF,0.022243155579008727,0.8375760653544021,0.14018077906658918
25848,GOF,0.030672722537094913,0.7974582504101616,0.1718690270527436
25849,GOF,0.008964884846869112,0.7667495285638071,0.22428558658932365
25850,GOF,0.008364756148993291,0.6421325152522116,0.3495027285987951
25851,GOF,0.007809032957158818,0.5847845310222178,0.4074064360206234
25852,GOF,0.17127008814626699,0.5159000611987242,0.3128298506550089
25853,GOF,0.08042070602592445,0.7263151165037333,0.19326417747034227
25854,GOF,0.006927421015337668,0.6271912140916062,0.36588136489305606
25855,GOF,0.02419567996377894,0.6132788429757965,0.3625254770604246
25856,GOF,0.04937890600624275,0.6819037470735538,0.2687173469202034
25857,GOF,0.023988098641500127,0.6069257510130589,0.3690861503454409
25858,GOF,0.011135138284253868,0.5856082740580401,0.4032565876577062
25859,GOF,0.007827363906224287,0.5525236527782657,0.43964898331551006
25860,GOF,0.09905459134391842,0.6998907263073119,0.20105468234876972
25861,GOF,0.12201641162817153,0.7290461636428145,0.14893742472901395
25862,GOF,0.029597592436679435,0.8431307735577069,0.1272716340056136
25863,GOF,0.027480393212077486,0.8303722429322712,0.1421473638556512
25864,GOF,0.07208679798688443,0.8425768886993232,0.08533631331379246
25865,GOF,0.06385524883450769,0.7950340928012449,0.14111065836424738
25866,GOF,0.0335216795411422,0.8128679030577587,0.15361041740109913
25867,GOF,0.05438795280534022,0.8142491087511663,0.1313629384434935
25868,GOF,0.08388415446073887,0.7258249262493238,0.19029091928993735
25869,GOF,0.41600259994041194,0.4524387923254691,0.13155860773411887
25870,GOF,0.07891498060005718,0.46833745350546646,0.45274756589447634
25871,GOF,0.01103163134748866,0.8001635702439469,0.18880479840856454
25872,GOF,0.026302979590771398,0.7487254079563112,0.22497161245291733
25873,GOF,0.024937347010283054,0.8254177282657488,0.1496449247239683
25874,LOF,0.019874134563572773,0.1663738499968027,0.8137520154396245
25875,LOF,0.02360059453519528,0.08436544077533488,0.8920339646894697
25876,LOF,0.020845270121535107,0.05733204920224106,0.9218226806762237
25877,LOF,0.09409582862351591,0.16674464364885286,0.7391595277276312
25878,LOF,0.07658770532588832,0.19996902363142682,0.7234432710426848
25879,LOF,0.011489417498704324,0.14649818352987484,0.8420123989714209
25880,LOF,0.07214874852436222,0.01869698605819104,0.9091542654174468
25881,Neutral,0.5548133203300772,0.09338561143779818,0.35180106823212476
25882,LOF,0.07250979625997728,0.025900961186531447,0.9015892425534912
25883,LOF,0.030991104175202264,0.025957285797718676,0.9430516100270789
25884,LOF,0.01942589358863561,0.03732197087554755,0.9432521355358169
25885,LOF,0.1837854147079396,0.013185021063947316,0.8030295642281131
25886,LOF,0.2566285507294842,0.054930784698442967,0.6884406645720728
25887,LOF,0.09413363053242274,0.11775028811627813,0.7881160813512991
25888,LOF,0.009297220735006138,0.16022508997790216,0.8304776892870916
25889,LOF,0.027189533143263785,0.03400574212391136,0.9388047247328248
25890,LOF,0.20071680998290245,0.059839958304789935,0.7394432317123075
25891,LOF,0.10541221683112233,0.028838146304599917,0.8657496368642776
25892,LOF,0.008627714412501437,0.03067224994051619,0.9607000356469824
25893,LOF,0.31682989791735966,0.010502251053227255,0.6726678510294131
25894,LOF,0.3298279220144372,0.007327832824455644,0.6628442451611072
25895,LOF,0.2570271558051051,0.014514943730791064,0.7284579004641037
25896,LOF,0.08624747558699007,0.029409694813776255,0.8843428295992336
25897,LOF,0.12822677891679427,0.011940068125553482,0.8598331529576522
25898,LOF,0.12517724562335839,0.03075761184136757,0.8440651425352741
25899,LOF,0.4268704871782267,0.03705836854327068,0.5360711442785027
25900,Neutral,0.6606187673557251,0.011503798419953876,0.32787743422432103
25901,LOF,0.11226610434472777,0.013211835459696645,0.8745220601955755
25902,LOF,0.11038221492516172,0.015280775923949993,0.8743370091508882
25903,LOF,0.19995620018887178,0.028010340200209864,0.7720334596109184
25904,Neutral,0.5510580667922749,0.04465400351316808,0.404287929694557
25905,LOF,0.009230769279559766,0.36299534090192886,0.6277738898185113
25906,LOF,0.011541345430104938,0.06238200646351401,0.9260766481063811
25907,LOF,0.010566795998282691,0.22743839502560786,0.7619948089761094
25908,LOF,0.010966292370578452,0.22726980539522398,0.7617639022341975
25909,LOF,0.03372871648114765,0.08407082926413063,0.8822004542547217
25910,LOF,0.012578573146495482,0.1434500834206329,0.8439713434328716
25911,LOF,0.18413899824393845,0.024746971984716076,0.7911140297713454
25912,LOF,0.11013857681170583,0.019406250512051085,0.8704551726762431
25913,LOF,0.018146200952750307,0.03183020116733068,0.950023597879919
25914,LOF,0.045146241515103304,0.026528368264479865,0.9283253902204168
25915,LOF,0.17815137281783452,0.1842662587684282,0.6375823684137373
25916,LOF,0.01588780584882392,0.09190859951532376,0.8922035946358523
25917,LOF,0.08454334846352166,0.030705637137426054,0.8847510143990523
25918,LOF,0.04385318352576123,0.015262365706855695,0.940884450767383
25919,LOF,0.03658972481118597,0.015314365132879777,0.9480959100559343
25920,LOF,0.3778043330794933,0.1538617646557566,0.46833390226475013
25921,LOF,0.01891622893982256,0.018693063434344622,0.9623907076258327
25922,LOF,0.01709488146787307,0.02044148444676229,0.9624636340853646
25923,LOF,0.4399930001669877,0.012613295409981944,0.5473937044230303
25924,LOF,0.026629151745555246,0.021329810871498656,0.952041037382946
25925,LOF,0.1104774501474643,0.026744595768349703,0.8627779540841859
25926,LOF,0.09334059629610952,0.019875226520279145,0.8867841771836112
25927,LOF,0.024752629106267212,0.0450588276254064,0.9301885432683263
25928,LOF,0.014241398605045023,0.025668067902351092,0.9600905334926039
25929,Neutral,0.5826163378895471,0.012269229303416744,0.40511443280703624
25930,LOF,0.09508312955372844,0.01249167176351516,0.8924251986827565
25931,LOF,0.016552873085707392,0.01614718983493838,0.9672999370793541
25932,LOF,0.08662732071080205,0.015944234007950895,0.8974284452812471
25933,LOF,0.09026277674273156,0.009282111561187559,0.900455111696081
25934,LOF,0.09161120478816122,0.007939129603456978,0.9004496656083817
25935,LOF,0.11196438958811535,0.020726697615091577,0.867308912796793
25936,LOF,0.11289803821010641,0.009517520729469717,0.8775844410604238
25937,LOF,0.02364154436402924,0.013722212518604369,0.9626362431173663
25938,LOF,0.11476441283047345,0.01748221296261332,0.8677533742069132
25939,LOF,0.07363520886102792,0.012707763403735018,0.9136570277352372
25940,GOF,0.012161836555956538,0.5395741968128168,0.4482639666312266
25941,LOF,0.4567654392111749,0.039155759850351746,0.5040788009384733
25942,LOF,0.011217238377120077,0.046062541776673446,0.9427202198462066
25943,LOF,0.05195429775380069,0.18176112023293645,0.7662845820132628
25944,LOF,0.052417283898360034,0.08953608636050223,0.8580466297411378
25945,LOF,0.17520923849998868,0.029333449808305247,0.7954573116917061
25946,LOF,0.07823129709637505,0.03768922569626828,0.8840794772073567
25947,Neutral,0.4702864266366168,0.13288191545066824,0.39683165791271496
25948,LOF,0.3764202076462893,0.014927440178821144,0.6086523521748896
25949,LOF,0.1260706943091733,0.07260920002878497,0.8013201056620418
25950,GOF,0.11988735115478695,0.5812725693964579,0.2988400794487552
25951,LOF,0.01187295622352531,0.4275739600079762,0.5605530837684984
25952,LOF,0.18695553350952138,0.23571081578956868,0.5773336507009099
25953,LOF,0.007606432119107532,0.31695604638295954,0.6754375214979329
25954,GOF,0.08417266787897909,0.465762745914346,0.45006458620667483
25955,LOF,0.010550790993394064,0.23110305353055977,0.7583461554760462
25956,LOF,0.011360365743776754,0.3594697508731458,0.6291698833830774
25957,LOF,0.15943664072354075,0.04660925560091663,0.7939541036755426
25958,LOF,0.03080622341896063,0.05732301482236274,0.9118707617586767
25959,GOF,0.006230755386573441,0.7294174495059355,0.264351795107491
25960,LOF,0.0047771772387182184,0.13094648584095392,0.8642763369203278
25961,LOF,0.028922725079067253,0.04793771225400555,0.9231395626669273
25962,LOF,0.03479420085475052,0.0811991670807416,0.8840066320645079
25963,LOF,0.009160528161771831,0.13370734459995795,0.8571321272382703
25964,LOF,0.04368649335146383,0.11185790338803221,0.8444556032605041
25965,LOF,0.19221377376038948,0.1410170591093311,0.6667691671302794
25966,LOF,0.31463083948663045,0.1124186168573329,0.5729505436560366
25967,LOF,0.006586279771060629,0.09623346732754685,0.8971802529013925
25968,LOF,0.05891277791927407,0.2435384211437245,0.6975488009370014
25969,LOF,0.14247186613460464,0.05493612865188111,0.8025920052135143
25970,LOF,0.06255823856137918,0.060563034187985795,0.876878727250635
25971,LOF,0.0694771568560867,0.02616931024624532,0.904353532897668
25972,LOF,0.0814234328120696,0.05071337348121764,0.8678631937067127
25973,LOF,0.060836914624811375,0.009093832413984756,0.9300692529612039
25974,LOF,0.06025324348117732,0.03829325213954192,0.9014535043792807
25975,LOF,0.038834886942798054,0.015642431217731356,0.9455226818394706
25976,LOF,0.08663197059951727,0.0120353741870095,0.9013326552134732
25977,LOF,0.22936507522693642,0.05350591629938783,0.7171290084736758
25978,LOF,0.15008100325913779,0.16645662722085944,0.6834623695200027
25979,LOF,0.1194360610929662,0.16920436129945818,0.7113595776075756
25980,LOF,0.19485549095494395,0.24432037960887484,0.5608241294361812
25981,LOF,0.1960315149712479,0.24943340003235087,0.5545350849964013
25982,LOF,0.33934802014508275,0.12302958231144372,0.5376223975434735
25983,LOF,0.41215910055788063,0.12267729986780553,0.4651635995743137
25984,LOF,0.07570540595032384,0.08379192812825013,0.8405026659214261
25985,Neutral,0.49178283743015316,0.1313042260013546,0.3769129365684923
25986,LOF,0.014105776601578605,0.47082804236759057,0.5150661810308309
25987,LOF,0.041629405079978046,0.10681629913564435,0.8515542957843776
25988,LOF,0.06687151757817145,0.1418045432012901,0.7913239392205386
25989,LOF,0.07112695639758122,0.23754258085564725,0.6913304627467716
25990,LOF,0.05625677737620736,0.36326805589387245,0.5804751667299202
25991,GOF,0.02505320603175386,0.5430516432049253,0.43189515076332086
25992,LOF,0.01260176405578371,0.4527948988481022,0.5346033370961141
25993,LOF,0.018730818161188333,0.05941426688283932,0.9218549149559724
25994,LOF,0.028724561276765124,0.05913230877360465,0.9121431299496303
25995,LOF,0.01761125272922926,0.12077931678204397,0.8616094304887267
25996,GOF,0.3265533061592164,0.436196439057454,0.2372502547833296
25997,GOF,0.05485885260301039,0.5212869782585977,0.4238541691383919
25998,LOF,0.2482179809388738,0.037896313090750575,0.7138857059703757
25999,LOF,0.02629761584960204,0.27777563097540375,0.6959267531749942
26000,LOF,0.1482552486111503,0.01307415403005398,0.8386705973587957
26001,LOF,0.1650069168644807,0.023307587426259407,0.8116854957092599
26002,LOF,0.09005703523229872,0.023364137495165565,0.8865788272725357
26003,GOF,0.006305264608035914,0.6107572361279282,0.3829374992640358
26004,GOF,0.016686776385408005,0.5764647921900823,0.4068484314245097
26005,LOF,0.0058290493673822386,0.4929735374697682,0.5011974131628495
26006,GOF,0.1250141351758448,0.4831980881124757,0.39178777671167947
26007,GOF,0.011160233819330975,0.49482869646404715,0.49401106971662184
26008,GOF,0.007469977369770109,0.5761863625582878,0.4163436600719421
26009,GOF,0.012499423766274392,0.6011966432269282,0.38630393300679744
26010,GOF,0.01069410020807605,0.55474405916487,0.4345618406270541
26011,LOF,0.005395220376782176,0.4010310032400369,0.5935737763831809
26012,GOF,0.0056306711891276635,0.5362003501975059,0.4581689786133664
26013,GOF,0.012195532051502719,0.550751681519462,0.4370527864290354
26014,LOF,0.042902152204177486,0.07920178500250966,0.8778960627933128
26015,LOF,0.39497177866985084,0.024336862638098217,0.5806913586920509
26016,LOF,0.27083992322370376,0.02826696324434339,0.7008931135319529
26017,LOF,0.018052325758672026,0.13053019277066735,0.8514174814706607
26018,LOF,0.031526136270447265,0.055831729682810145,0.9126421340467425
26019,LOF,0.03121757701878058,0.05113526472271216,0.9176471582585073
26020,LOF,0.006267106028242564,0.1324851307864525,0.8612477631853049
26021,LOF,0.07096983037686082,0.05607632623042254,0.8729538433927166
26022,LOF,0.03611115500807371,0.023167959518822067,0.9407208854731043
26023,LOF,0.024448413127311316,0.03381253370465855,0.9417390531680301
26024,LOF,0.044085802585736515,0.04499361206655347,0.9109205853477099
26025,LOF,0.13395644726504088,0.036297513812535966,0.8297460389224232
26026,LOF,0.11861011015309283,0.028803452946020432,0.8525864369008868
26027,LOF,0.031270088073927046,0.021846949361082585,0.9468829625649904
26028,LOF,0.060933937305296386,0.1640257456787976,0.775040317015906
26029,LOF,0.027038592278669078,0.21520749433804512,0.7577539133832858
26030,LOF,0.10569309192713659,0.027613718354305043,0.8666931897185585
26031,LOF,0.012390538756669314,0.18946362734137692,0.7981458339019537
26032,LOF,0.03667243178073027,0.051387329273019665,0.9119402389462501
26033,LOF,0.0382170937326451,0.05075536426383404,0.911027542003521
26034,LOF,0.017263406388821997,0.1280820057269326,0.8546545878842453
26035,LOF,0.011312693718409277,0.12846332438601094,0.8602239818955797
26036,LOF,0.010463451937696967,0.10624411897772904,0.8832924290845741
26037,LOF,0.010477723080972789,0.11970343148117393,0.8698188454378533
26038,LOF,0.030634989151188157,0.04578396218900518,0.9235810486598066
26039,LOF,0.030272166973109495,0.15758081478147193,0.8121470182454187
26040,LOF,0.0841165629477086,0.14092032027381068,0.7749631167784807
26041,LOF,0.012149787497938462,0.10958089015825168,0.8782693223438098
26042,LOF,0.011285140524434837,0.11585726810269092,0.8728575913728742
26043,LOF,0.030402071695136226,0.07341955990336393,0.8961783684014999
26044,LOF,0.006640265170162254,0.055512959208702105,0.9378467756211357
26045,LOF,0.08827331408327713,0.21839531456472513,0.6933313713519977
26046,LOF,0.02730175767726033,0.048640287228024805,0.9240579550947149
26047,LOF,0.06050283061155918,0.05178548991320544,0.8877116794752354
26048,LOF,0.08599831370754392,0.021724973596541033,0.892276712695915
26049,Neutral,0.9457088399625097,0.007350759734364154,0.046940400303126295
26050,Neutral,0.9133374127156239,0.008165561574901798,0.07849702570947453
26051,LOF,0.027486400466242584,0.22894625246323147,0.7435673470705259
26052,LOF,0.028755964547773787,0.187556008887347,0.7836880265648792
26053,LOF,0.018135573780346564,0.17640111620097138,0.8054633100186821
26054,LOF,0.05665399402059277,0.04647625529050429,0.8968697506889028
26055,LOF,0.07980351076195365,0.04682700722377736,0.873369482014269
26056,LOF,0.06590164616107158,0.06112784525826703,0.8729705085806615
26057,LOF,0.06274767958100945,0.02731371196224369,0.9099386084567468
26058,LOF,0.0691304389289328,0.021307456593195523,0.9095621044778717
26059,LOF,0.2179304065823043,0.06364183938914877,0.7184277540285469
26060,LOF,0.01411193385520706,0.21776516659607592,0.7681228995487169
26061,LOF,0.011270332153587012,0.016472158232592227,0.9722575096138208
26062,LOF,0.005370865107744288,0.024021851777803714,0.9706072831144521
26063,LOF,0.04727505828354956,0.018156275681609383,0.9345686660348411
26064,LOF,0.014660692168537397,0.024256803808840387,0.9610825040226221
26065,LOF,0.06441478512371404,0.025529794775080467,0.9100554201012055
26066,LOF,0.048861073613772454,0.018581692153073773,0.9325572342331536
26067,LOF,0.05826670390999702,0.016536051561880802,0.9251972445281221
26068,LOF,0.05371258280770546,0.03968040318072218,0.9066070140115724
26069,LOF,0.17406166115803645,0.04170038143993182,0.7842379574020316
26070,LOF,0.38375829293329167,0.02342634420681736,0.5928153628598909
26071,LOF,0.05004249025179433,0.019146536305503083,0.9308109734427025
26072,LOF,0.006468080914351921,0.030375274082069578,0.9631566450035784
26073,LOF,0.04237651345675936,0.022471004188659126,0.9351524823545816
26074,Neutral,0.6867460749663356,0.015759488966391972,0.2974944360672724
26075,LOF,0.044430650287720794,0.032149954148686086,0.9234193955635932
26076,LOF,0.04964935917413749,0.01881863111258948,0.931532009713273
26077,LOF,0.15209829133810573,0.01478389584890232,0.833117812812992
26078,LOF,0.006228531469774605,0.02815117789323468,0.9656202906369907
26079,LOF,0.06085938209100167,0.03085458397759653,0.9082860339314018
26080,LOF,0.059607607876245264,0.031070092015559676,0.9093223001081951
26081,LOF,0.044265338883136926,0.01630349297460724,0.9394311681422559
26082,LOF,0.006329767236518526,0.027573429351250636,0.9660968034122307
26083,LOF,0.10725303067591711,0.0332812693016306,0.8594657000224523
26084,LOF,0.1256477824452901,0.02780218144216976,0.8465500361125401
26085,LOF,0.11798856150733965,0.021840802632632536,0.8601706358600278
26086,LOF,0.0457901265269695,0.020921911264055442,0.9332879622089751
26087,LOF,0.04416960464022784,0.019031317384575586,0.9367990779751966
26088,LOF,0.006847758995151988,0.04372807792055679,0.9494241630842913
26089,LOF,0.041853684546361035,0.05200471077928026,0.9061416046743588
26090,LOF,0.04197968677575695,0.039342654997229894,0.9186776582270132
26091,LOF,0.03140390291970486,0.014342779377236117,0.954253317703059
26092,LOF,0.046434918829186204,0.01631576431923055,0.9372493168515832
26093,LOF,0.06870860718675016,0.011050293837238453,0.9202410989760114
26094,LOF,0.03853150100693196,0.013280989183944924,0.948187509809123
26095,LOF,0.01040045385895524,0.03847549694933071,0.951124049191714
26096,LOF,0.21558151834482342,0.007097488943142148,0.7773209927120344
26097,LOF,0.006338046316202656,0.058515519478969706,0.9351464342048277
26098,LOF,0.053023502029291174,0.027310156398189508,0.9196663415725194
26099,LOF,0.048514338385207786,0.03465330687366594,0.9168323547411262
26100,LOF,0.04832794746174614,0.03466009527009666,0.9170119572681572
26101,LOF,0.04778513993822758,0.05530677437517188,0.8969080856866006
26102,LOF,0.03876157079927262,0.027217554333052025,0.9340208748676754
26103,Neutral,0.8966893365031897,0.03805789477250693,0.0652527687243034
26104,LOF,0.05546350762081216,0.05276581415720936,0.8917706782219785
26105,LOF,0.21527314672656236,0.12308644533145537,0.6616404079419822
26106,LOF,0.2567861284565642,0.041719164717385,0.7014947068260509
26107,LOF,0.016193700318417093,0.05451962172689121,0.9292866779546917
26108,LOF,0.1584178526869296,0.052591646807425584,0.7889905005056448
26109,LOF,0.058666813744397944,0.05462680156152495,0.8867063846940771
26110,LOF,0.4149356358230329,0.012428228702761819,0.5726361354742053
26111,LOF,0.05346717323161523,0.07504468897620072,0.8714881377921841
26112,LOF,0.05936787112337314,0.010618966665574462,0.9300131622110523
26113,LOF,0.11560370643323042,0.03024125254632419,0.8541550410204454
26114,LOF,0.08932305500278044,0.0070595228636123365,0.9036174221336072
26115,LOF,0.017034689179908177,0.05433660676410241,0.9286287040559895
26116,LOF,0.07793760290869274,0.021779804975473285,0.9002825921158341
26117,LOF,0.3768597116136194,0.03967342537296597,0.5834668630134145
26118,LOF,0.03573293142885227,0.018809059799772078,0.9454580087713758
26119,LOF,0.0061819109893924366,0.08646981305806847,0.9073482759525392
26120,LOF,0.033073759201737225,0.016807214258846535,0.9501190265394163
26121,LOF,0.004621845377486086,0.12538971398078025,0.8699884406417336
