feature0,prediction,LoGoFunc_Neutral,LoGoFunc_GOF,LoGoFunc_LOF
25546,Neutral,0.6526016175070756,0.0988845032875362,0.24851387920538817
25547,Neutral,0.5341670723246087,0.1853582783804918,0.28047464929489946
25548,Neutral,0.5058750526801556,0.13122496441305748,0.362899982906787
25549,Neutral,0.4816675412826102,0.13098997172463198,0.3873424869927578
25550,LOF,0.38379966754417955,0.19978327320167055,0.41641705925414996
25551,LOF,0.3220901030930036,0.1887464250057752,0.4891634719012212
25552,LOF,0.1775815772778145,0.20075082411994835,0.6216675986022372
25553,Neutral,0.8190028068036873,0.048869854554153484,0.132127338642159
25554,LOF,0.22154674615793768,0.19923996419635803,0.5792132896457043
25555,LOF,0.175248299557281,0.17374439733242095,0.6510073031102981
25556,Neutral,0.5130684324333749,0.14651732523831548,0.3404142423283096
25557,LOF,0.16690932462622682,0.18227349481465724,0.650817180559116
25558,LOF,0.22611617526914143,0.21616532829931617,0.5577184964315424
25559,LOF,0.477685726639153,0.022716547221068768,0.49959772613977843
25560,LOF,0.035464485084355846,0.24295565117031234,0.7215798637453318
25561,LOF,0.08738632711008337,0.28033019799068176,0.6322834748992349
25562,LOF,0.11351514303325133,0.08509819506350325,0.8013866619032455
25563,LOF,0.11127207719165538,0.1051502260076846,0.7835776968006599
25564,LOF,0.07453622673056165,0.143378551783288,0.7820852214861502
25565,LOF,0.13649666535173222,0.25824644531705643,0.6052568893312114
25566,GOF,0.01862750925538807,0.712239206124834,0.26913328461977787
25567,LOF,0.010698948900051847,0.18154016254076058,0.8077608885591875
25568,LOF,0.042450941333322036,0.0775926176558294,0.8799564410108487
25569,LOF,0.061315660113863815,0.0695598577651291,0.869124482121007
25570,LOF,0.04719836493027191,0.10506179797033266,0.8477398370993954
25571,LOF,0.051121489568362724,0.10190981816899221,0.846968692262645
25572,LOF,0.04984037938129831,0.10574285221594741,0.8444167684027543
25573,LOF,0.02845183476022699,0.0808666272917842,0.8906815379479889
25574,LOF,0.015443403829200142,0.21879077145302125,0.7657658247177787
25575,LOF,0.04300059368823101,0.08939406111759357,0.8676053451941755
25576,LOF,0.017329977145187917,0.0971809532081818,0.8854890696466302
25577,LOF,0.012273196952039912,0.09288808579553555,0.8948387172524245
25578,LOF,0.2790838054219338,0.09337573770856272,0.6275404568695035
25579,LOF,0.27937683178224304,0.09256836566735406,0.6280548025504029
25580,LOF,0.02864969124462785,0.08359501022386441,0.8877552985315077
25581,LOF,0.04648661183025201,0.07985103596389541,0.8736623522058525
25582,LOF,0.04642116990009381,0.07138544835354979,0.8821933817463564
25583,LOF,0.02847093410009308,0.08999324605636595,0.881535819843541
25584,Neutral,0.484653830568617,0.0996658744196383,0.41568029501174475
25585,LOF,0.02313088055708933,0.07459853969169096,0.9022705797512197
25586,LOF,0.02773912357356913,0.06406610731126346,0.9081947691151674
25587,LOF,0.024763434094118,0.05606934084064661,0.9191672250652353
25588,LOF,0.023658183495252488,0.08583309672408329,0.8905087197806643
25589,Neutral,0.6196475089060642,0.1276481909255727,0.2527043001683629
25590,LOF,0.022131729963618178,0.1246878678140561,0.8531804022223256
25591,LOF,0.11838086972110352,0.04971106311294022,0.8319080671659562
25592,LOF,0.07656067486569235,0.12047203716004383,0.8029672879742639
25593,GOF,0.011024670019872913,0.5213087740948134,0.4676665558853138
25594,LOF,0.033939466646207686,0.10813547631088315,0.8579250570429092
25595,LOF,0.060103432914762056,0.08093086139295047,0.8589657056922874
25596,LOF,0.08316293036444738,0.05343892946943878,0.8633981401661139
25597,LOF,0.07148647780175285,0.017985396621059715,0.9105281255771875
25598,LOF,0.048136522225096734,0.10755380307493331,0.84430967469997
25599,GOF,0.00783307469341413,0.502982900284228,0.48918402502235786
25600,LOF,0.009849340013304184,0.4259934514022463,0.5641572085844495
25601,LOF,0.008793805957891868,0.26209534046565525,0.7291108535764529
25602,LOF,0.020665327483535115,0.04963843216988855,0.9296962403465764
25603,LOF,0.042548441071013826,0.04994106403083199,0.9075104948981542
25604,LOF,0.0375437204876083,0.06510598659810889,0.8973502929142827
25605,LOF,0.01183990749637603,0.22499259207042363,0.7631675004332003
25606,GOF,0.05409294388116046,0.5270771225743891,0.41882993354445036
25607,LOF,0.003359176179962339,0.13144402910708497,0.8651967947129527
25608,LOF,0.055844439405297104,0.05545078063666513,0.8887047799580378
25609,LOF,0.06040786419522811,0.32702006445036536,0.6125720713544066
25610,LOF,0.03974696829133421,0.020052621506827375,0.9402004102018384
25611,LOF,0.05368163130192417,0.013254991923986237,0.9330633767740896
25612,LOF,0.11033018345601528,0.03884289298779842,0.8508269235561862
25613,LOF,0.08990679937074954,0.03164626209878216,0.8784469385304682
25614,LOF,0.03786957662813606,0.03130227333874011,0.9308281500331237
25615,LOF,0.08082016567215282,0.03289243947467453,0.8862873948531728
25616,LOF,0.034087299541384,0.041980086860446075,0.9239326135981699
25617,LOF,0.047943566199133106,0.025586799927617043,0.9264696338732499
25618,LOF,0.22266267792857733,0.033646035753873066,0.7436912863175495
25619,LOF,0.03869199711943703,0.03402545427465516,0.9272825486059079
25620,LOF,0.03321600270861027,0.049609060168662476,0.9171749371227272
25621,LOF,0.039752732270067107,0.031182140289194804,0.9290651274407382
25622,LOF,0.029440938033090957,0.049872366808889484,0.9206866951580195
25623,LOF,0.04940918557108325,0.03597198651098667,0.9146188279179301
25624,LOF,0.034714960713878834,0.03800821653917944,0.9272768227469417
25625,LOF,0.04587899370305297,0.047391068688114366,0.9067299376088326
25626,LOF,0.07318541355841389,0.030127277954372724,0.8966873084872135
25627,Neutral,0.5506807863980278,0.12507980834329546,0.3242394052586768
25628,LOF,0.17762759451171156,0.0671844770954491,0.7551879283928394
25629,LOF,0.05362275643549083,0.11422036405693628,0.8321568795075728
25630,LOF,0.18194612659391038,0.08139707450763282,0.7366567988984569
25631,Neutral,0.6000219110520892,0.07128968710997698,0.32868840183793374
25632,LOF,0.01697010412315095,0.17486656575099327,0.8081633301258557
25633,LOF,0.20751117122606913,0.2822036863679192,0.5102851424060116
25634,LOF,0.03233695870001558,0.24328609448263674,0.7243769468173478
25635,LOF,0.03569356108154132,0.20212127537515226,0.7621851635433063
25636,GOF,0.004425339089595143,0.5712322946491819,0.42434236626122296
25637,LOF,0.0037508214832929817,0.4424708526165276,0.5537783259001794
25638,LOF,0.0047654243522816594,0.41760521122561206,0.5776293644221062
25639,LOF,0.004005784714228935,0.3372243537642303,0.6587698615215408
25640,GOF,0.3256804233814806,0.6102728640313521,0.06404671258716739
25641,LOF,0.006250978563927971,0.19600399575253616,0.7977450256835359
25642,LOF,0.21979175133901133,0.05756174310117053,0.7226465055598182
25643,LOF,0.22956334326799155,0.0685786299059727,0.7018580268260357
25644,GOF,0.01418220847029262,0.5462913851248078,0.43952640640489954
25645,GOF,0.009992827401475187,0.5737983200528406,0.4162088525456842
25646,LOF,0.010950850678564019,0.37929805685474766,0.6097510924666882
25647,LOF,0.010292024926253487,0.29190231795247434,0.6978056571212722
25648,LOF,0.006785004427777637,0.3545307331974572,0.6386842623747652
25649,LOF,0.008077817625646895,0.19479336248718132,0.7971288198871718
25650,GOF,0.024935740220789655,0.5113921477522172,0.46367211202699316
25651,LOF,0.006955452613011001,0.20704051327410705,0.786004034112882
25652,LOF,0.012837538403938689,0.3261955424290815,0.6609669191669798
25653,GOF,0.051688510725096955,0.5118507649762344,0.43646072429866856
25654,LOF,0.00848644006994994,0.3657621231794194,0.6257514367506306
25655,GOF,0.10206218457754526,0.49538716227265744,0.4025506531497974
25656,LOF,0.08529029911883274,0.06593353593299667,0.8487761649481705
25657,LOF,0.263071160798598,0.03205065346342357,0.7048781857379784
25658,LOF,0.032422798545239474,0.13083219873578789,0.8367450027189727
25659,LOF,0.23555911124853904,0.09182451355408168,0.6726163751973792
25660,LOF,0.10547289991181079,0.0694486987304471,0.8250784013577421
25661,LOF,0.06529925598333551,0.06441356309451826,0.8702871809221462
25662,LOF,0.03959304217706704,0.06243720117356945,0.8979697566493635
25663,LOF,0.04106771987884585,0.10097639454141567,0.8579558855797385
25664,LOF,0.02737369289168767,0.23721643717149796,0.7354098699368143
25665,LOF,0.03784032278193022,0.052555962828987765,0.909603714389082
25666,LOF,0.03979941008055883,0.23814984052867078,0.7220507493907704
25667,LOF,0.04281971057794667,0.03849760106432679,0.9186826883577265
25668,LOF,0.045148178139306,0.0534676650035634,0.9013841568571307
25669,LOF,0.036166569737924405,0.08345686418774993,0.8803765660743256
25670,LOF,0.06782889058846624,0.12169294638088203,0.8104781630306518
25671,LOF,0.05251416675933573,0.04423574999895745,0.9032500832417069
25672,LOF,0.04236056804453791,0.05847343020415114,0.8991660017513109
25673,LOF,0.03754771618369068,0.09701291728911861,0.8654393665271906
25674,LOF,0.02666125829952725,0.11634100792961775,0.8569977337708549
25675,LOF,0.03299572025293604,0.07109673245135156,0.8959075472957123
25676,LOF,0.03813529123559136,0.058626579746750306,0.9032381290176583
25677,LOF,0.07325696163718792,0.049980357932722055,0.87676268043009
25678,LOF,0.1773820113377922,0.049501054986930575,0.7731169336752772
25679,LOF,0.10156709464048519,0.08067593635722842,0.8177569690022864
25680,LOF,0.10304494304629537,0.08363787126820724,0.8133171856854975
25681,LOF,0.10544908659891852,0.07713847374844868,0.8174124396526328
25682,LOF,0.044170617286231714,0.046749797649647366,0.9090795850641209
25683,LOF,0.07434879115162552,0.09056182536561978,0.8350893834827546
25684,LOF,0.05708330011719061,0.05872362338888789,0.8841930764939215
25685,LOF,0.10902397488391452,0.052297563311111996,0.8386784618049734
25686,LOF,0.027404287130260406,0.11056094255950247,0.8620347703102371
25687,LOF,0.043928773665846146,0.12847177306502075,0.8275994532691332
25688,LOF,0.023911555551848575,0.13469047527386804,0.8413979691742834
25689,LOF,0.013807372152541747,0.07401662036197613,0.9121760074854821
25690,LOF,0.018917977496357243,0.07098827712505162,0.9100937453785911
25691,LOF,0.1480848498489422,0.10729814675921301,0.7446170033918448
25692,LOF,0.29978388641670073,0.014568675797422376,0.6856474377858768
25693,GOF,0.0271413628229807,0.5032862011782941,0.4695724359987251
25694,LOF,0.2456877304926048,0.011704177333497191,0.742608092173898
25695,LOF,0.16764702610169066,0.01910551658436594,0.8132474573139433
25696,LOF,0.06966828827814865,0.01951226819637008,0.9108194435254813
25697,LOF,0.07149449654639994,0.016137451945820114,0.91236805150778
25698,LOF,0.015286407023014576,0.20914090032213617,0.7755726926548493
25699,LOF,0.08133933213107811,0.3403487266574485,0.5783119412114734
25700,LOF,0.04705161199989025,0.022740718039283094,0.9302076699608266
25701,LOF,0.010731342276274163,0.3110101038458949,0.678258553877831
25702,GOF,0.03103850261852677,0.6136697767923025,0.3552917205891707
25703,LOF,0.016516709442577444,0.06988761130747678,0.9135956792499458
25704,LOF,0.06443176288633283,0.04465959577248707,0.89090864134118
25705,LOF,0.09115182995245466,0.15536741352820824,0.753480756519337
25706,GOF,0.023006173061511714,0.6538567843311897,0.3231370426072986
25707,GOF,0.03233908113892256,0.557875825454159,0.40978509340691843
25708,GOF,0.008249776072107702,0.5293795283117768,0.4623706956161155
25709,LOF,0.04427066229795647,0.05648068824964916,0.8992486494523945
25710,LOF,0.008151813389377776,0.10832274801284318,0.883525438597779
25711,LOF,0.04702768247813721,0.08815126617876427,0.8648210513430984
25712,LOF,0.01156280045608957,0.16318994154754535,0.8252472579963651
25713,LOF,0.03628945695573482,0.09056049015973189,0.8731500528845333
25714,LOF,0.03591121126710939,0.14257947480281552,0.8215093139300751
25715,LOF,0.03990361596057124,0.10062723106060009,0.8594691529788286
25716,LOF,0.006699786216692824,0.08634247219254594,0.9069577415907613
25717,LOF,0.0071334544248394475,0.08993625871525662,0.9029302868599038
25718,LOF,0.03561712997937014,0.058200160049752786,0.906182709970877
25719,LOF,0.03933220296971262,0.09141132810948398,0.8692564689208034
25720,LOF,0.03302960572577311,0.11002247523002821,0.8569479190441986
25721,LOF,0.03812458394228036,0.094867078246992,0.8670083378107276
25722,LOF,0.028905911988640592,0.10909243769022232,0.8620016503211371
25723,LOF,0.04941251015588807,0.09560378167204041,0.8549837081720716
25724,LOF,0.06641143284689008,0.22317483374713062,0.7104137334059792
25725,LOF,0.05418637533147633,0.07361793136405577,0.8721956933044678
25726,LOF,0.035269725955746616,0.08716992007710879,0.8775603539671446
25727,LOF,0.04634695210673773,0.06651509372302797,0.8871379541702342
25728,LOF,0.04049370208506129,0.09473089066353468,0.8647754072514041
25729,LOF,0.04470313399939768,0.09421760094372918,0.8610792650568733
25730,LOF,0.050594259019666965,0.06945077490331615,0.879954966077017
25731,LOF,0.009147401762204693,0.07046188757866183,0.9203907106591336
25732,LOF,0.02606341054772726,0.04384593205549075,0.930090657396782
25733,LOF,0.032642209260454955,0.05936026450435696,0.907997526235188
25734,LOF,0.006554898460879466,0.26709461884543734,0.7263504826936832
25735,LOF,0.030191177445602062,0.06294688209964451,0.9068619404547534
25736,LOF,0.02913240488173473,0.11477452026783547,0.8560930748504298
25737,LOF,0.0553812028465736,0.07953665035101548,0.865082146802411
25738,LOF,0.04313646365566797,0.14741744613005472,0.8094460902142773
25739,LOF,0.03311865772374232,0.11700613186962917,0.8498752104066286
25740,LOF,0.060338516220939546,0.10993701019983797,0.8297244735792225
25741,LOF,0.05650316716647306,0.08764181080865911,0.8558550220248679
25742,LOF,0.061629192433692144,0.10754321449217712,0.8308275930741308
25743,LOF,0.014350111377596099,0.01805808672544011,0.9675918018969639
25744,LOF,0.20043500358460237,0.14747309546553788,0.6520919009498598
25745,LOF,0.03340477553541294,0.06883390094134041,0.8977613235232467
25746,LOF,0.014750691674050093,0.09878879713363815,0.8864605111923118
25747,LOF,0.056036023782863764,0.027618855334455652,0.9163451208826806
25748,LOF,0.3168902497217045,0.08314670768738759,0.5999630425909079
25749,LOF,0.020424778562158696,0.05799122024700892,0.9215840011908325
25750,LOF,0.019833076022389984,0.06823013936634555,0.9119367846112646
25751,LOF,0.0466238971707968,0.05905364978974342,0.8943224530394598
25752,GOF,0.08905619011398999,0.5496927904018051,0.36125101948420485
25753,LOF,0.0066936683895935396,0.31396731144414003,0.6793390201662665
25754,GOF,0.008181560318555818,0.8668032050062363,0.12501523467520775
25755,LOF,0.007252485291852263,0.347977892436108,0.6447696222720397
25756,LOF,0.021599052949628345,0.3857062361936553,0.5926947108567163
25757,GOF,0.0077207667479417125,0.8359009508785472,0.15637828237351115
25758,GOF,0.008247983493904085,0.8784588747992925,0.11329314170680345
25759,GOF,0.006646597182682241,0.6378787182105875,0.3554746846067304
25760,LOF,0.006410172333477305,0.2454842877380432,0.7481055399284794
25761,GOF,0.04833749586276387,0.8628776737698735,0.08878483036736275
25762,LOF,0.02457411497525615,0.30504271615320194,0.6703831688715419
25763,LOF,0.006249287177211688,0.26252334252496357,0.7312273702978247
25764,GOF,0.06937961673614884,0.6615382562610671,0.2690821270027841
25765,GOF,0.008858173707061946,0.8951167853775063,0.09602504091543174
25766,GOF,0.025702388707067026,0.8361178040524633,0.1381798072404697
25767,GOF,0.010453096485089793,0.5805194090240299,0.40902749449088044
25768,LOF,0.05186769724892856,0.07523790000964199,0.8728944027414295
25769,LOF,0.03252665621699271,0.09691726332884254,0.8705560804541648
25770,LOF,0.14488694970001642,0.13751457195657926,0.7175984783434043
25771,LOF,0.02092274471796584,0.07786218335358065,0.9012150719284535
25772,LOF,0.043043863355396034,0.05770655917219177,0.8992495774724123
25773,LOF,0.015970698864852757,0.10732782437329191,0.8767014767618554
25774,LOF,0.023557313005192124,0.20552469019472902,0.7709179968000789
25775,LOF,0.021174073968088108,0.038698260188228736,0.9401276658436831
25776,LOF,0.035158227507610273,0.03415204768819096,0.9306897248041988
25777,LOF,0.25233545796419216,0.10777845273019206,0.6398860893056159
25778,LOF,0.029846365462917607,0.08968221648582993,0.8804714180512525
25779,GOF,0.06089701762330197,0.8214184367000342,0.11768454567666377
25780,GOF,0.07382643051814221,0.8263974879520068,0.09977608152985105
25781,GOF,0.033054826336743226,0.8038446450645343,0.16310052859872246
25782,GOF,0.033332348846143896,0.8640377043854628,0.10262994676839338
25783,GOF,0.05416111644903496,0.8776838791298853,0.06815500442107968
25784,GOF,0.09869485224283621,0.8218792021137377,0.0794259456434261
25785,GOF,0.16027969274841214,0.7713685643815832,0.06835174287000456
25786,GOF,0.013745322341769336,0.70267916358634,0.28357551407189074
25787,GOF,0.3341350522339998,0.5756460316086979,0.09021891615730226
25788,LOF,0.023528447074123538,0.10664815106756423,0.8698234018583123
25789,GOF,0.019857549620429814,0.8078504038216352,0.17229204655793506
25790,GOF,0.029671962935900294,0.7780423583245063,0.1922856787395936
25791,GOF,0.026948002150512056,0.5894900643447921,0.3835619335046959
25792,GOF,0.03323507518803035,0.6726725502680485,0.2940923745439211
25793,GOF,0.06008514674988215,0.7008872348618418,0.239027618388276
25794,GOF,0.05197024675562576,0.5822322664441978,0.3657974868001765
25795,GOF,0.06013683007782627,0.5997843971445638,0.3400787727776099
25796,GOF,0.1637451184411951,0.6593342929970659,0.17692058856173898
25797,GOF,0.07548564844816101,0.5877388103204131,0.3367755412314259
25798,GOF,0.007841208422986549,0.7664143646735032,0.22574442690351024
25799,GOF,0.005334094906808154,0.6609098272230474,0.3337560778701445
25800,GOF,0.0258383988076284,0.8243587450761196,0.1498028561162519
25801,GOF,0.025699505603491032,0.8161354782981329,0.15816501609837597
25802,GOF,0.025929107370416163,0.7270042083139886,0.24706668431559525
25803,GOF,0.024606975576988734,0.6575580449564453,0.3178349794665659
25804,GOF,0.037715440709846726,0.6793172473985509,0.28296731189160235
25805,GOF,0.028371636210465186,0.7223474465810144,0.24928091720852041
25806,GOF,0.03900128855983332,0.7382405373891338,0.22275817405103293
25807,GOF,0.01664093312723612,0.650769454052192,0.33258961282057203
25808,GOF,0.028521455405978342,0.7264005380846251,0.24507800650939654
25809,GOF,0.015259340421890765,0.6591458840211228,0.3255947755569864
25810,GOF,0.013429402401522515,0.6606580803142613,0.325912517284216
25811,GOF,0.08055518646436355,0.8050363657862314,0.11440844774940516
25812,GOF,0.039011098535630825,0.6941886024243774,0.26680029903999175
25813,GOF,0.2098017933513181,0.6459668914414379,0.14423131520724403
25814,GOF,0.03296373034192348,0.6779893910821144,0.28904687857596206
25815,GOF,0.06191715479401487,0.7680458318128844,0.1700370133931007
25816,GOF,0.009477200961272502,0.8164024175548225,0.17412038148390507
25817,GOF,0.10880845825522281,0.6804656957889582,0.2107258459558189
25818,GOF,0.029572892856113562,0.7449238940664462,0.22550321307744015
25819,GOF,0.05277282258695161,0.6736660058745535,0.27356117153849485
25820,GOF,0.050758070855434566,0.5776466390028446,0.37159529014172077
25821,GOF,0.033988220202722456,0.6422034220361412,0.32380835776113637
25822,GOF,0.06891001724475267,0.6232999267004293,0.307790056054818
25823,GOF,0.0343944477394861,0.6380256697365242,0.32757988252398956
25824,GOF,0.025899257571201467,0.7015309070180753,0.27256983541072316
25825,GOF,0.019004270365589118,0.695556333555386,0.2854393960790248
25826,GOF,0.009453028694848379,0.6302641551518404,0.36028281615331104
25827,GOF,0.019564478666183396,0.6578378253725343,0.32259769596128224
25828,GOF,0.011637821351791977,0.6759058888705577,0.3124562897776505
25829,GOF,0.00471370877681111,0.5348526086953714,0.4604336825278175
25830,LOF,0.0699291073138068,0.3656167618855997,0.5644541308005935
25831,GOF,0.08020626282356214,0.7508836115208954,0.16891012565554234
25832,GOF,0.009517839669159844,0.681380845524814,0.30910131480602604
25833,GOF,0.029936721845388214,0.7759577864420742,0.19410549171253763
25834,GOF,0.009750978610458963,0.7035296434255124,0.2867193779640286
25835,GOF,0.027373225884747998,0.8011446464717018,0.1714821276435502
25836,GOF,0.008095485598732514,0.721497485193313,0.2704070292079545
25837,GOF,0.011614703460849104,0.720975132790246,0.2674101637489049
25838,GOF,0.022428181429741564,0.7862139959285156,0.19135782264174286
25839,GOF,0.06437554037963471,0.7296281006908535,0.2059963589295118
25840,GOF,0.09625841029142344,0.6928638591665066,0.21087773054206999
25841,GOF,0.08257397312015353,0.7515548115798654,0.16587121529998106
25842,GOF,0.026692159372889115,0.8406686602695463,0.13263918035756453
25843,GOF,0.025636812764761503,0.8406455010515167,0.13371768618372196
25844,GOF,0.02138141665687715,0.7880343763759139,0.19058420696720885
25845,GOF,0.007859772874416016,0.6808705410352528,0.3112696860903312
25846,GOF,0.07001044865746736,0.8259912224163534,0.1039983289261792
25847,GOF,0.018496723926959967,0.8101337832408989,0.1713694928321412
25848,GOF,0.019673276999260355,0.7613372837578531,0.21898943924288639
25849,GOF,0.007262343453388658,0.7352409668284968,0.2574966897181146
25850,GOF,0.008423598925841904,0.6416933477593183,0.34988305331483993
25851,GOF,0.007267092616384533,0.5837182870716163,0.40901462031199914
25852,LOF,0.15725451225123033,0.40617680744242546,0.4365686803063443
25853,GOF,0.06676180202174962,0.7433520594709556,0.18988613850729483
25854,GOF,0.007115789359298886,0.6439131047206874,0.3489711059200138
25855,GOF,0.024558615629330646,0.5194630986418262,0.45597828572884314
25856,GOF,0.05427025098330889,0.6599420675631502,0.28578768145354083
25857,GOF,0.024538909617184846,0.5053128229105713,0.47014826747224386
25858,GOF,0.008671722193517126,0.5181718876542992,0.4731563901521837
25859,GOF,0.0062952302055169825,0.49924460519317093,0.4944601646013121
25860,GOF,0.08589803139318929,0.5977794707566146,0.3163224978501961
25861,GOF,0.11312479177762726,0.759693884602985,0.12718132361938778
25862,GOF,0.02326957218888373,0.8622407148314704,0.11448971297964587
25863,GOF,0.02069785660799455,0.827563067750445,0.15173907564156058
25864,GOF,0.03357601807234251,0.8637930089995429,0.10263097292811456
25865,GOF,0.03801854266523266,0.8418760329118583,0.12010542442290896
25866,GOF,0.020010742688670896,0.8345623335210712,0.1454269237902578
25867,GOF,0.04365069604671535,0.839003842627353,0.11734546132593159
25868,GOF,0.07681046623161215,0.7333766823548875,0.1898128514135004
25869,GOF,0.3454354127525481,0.49634478286516875,0.15821980438228328
25870,LOF,0.07834608291427599,0.39712353465506933,0.5245303824306546
25871,GOF,0.011084646639019612,0.659809073573894,0.32910627978708656
25872,GOF,0.024187265135307712,0.655073447435226,0.32073928742946634
25873,GOF,0.02183571442268661,0.7573737771203365,0.22079050845697706
25874,LOF,0.029155332565649835,0.10101748635632406,0.869827181078026
25875,LOF,0.0216433597902731,0.1810629539864581,0.7972936862232689
25876,LOF,0.024614356114943677,0.07250924632849916,0.9028763975565571
25877,LOF,0.07535720362741077,0.30899707534011367,0.6156457210324756
25878,LOF,0.052568576143484855,0.3841374564606578,0.5632939673958574
25879,LOF,0.009679981996367677,0.21766443501063207,0.7726555829930002
25880,LOF,0.04937065372691091,0.023646603643665224,0.9269827426294239
25881,Neutral,0.4474288192386249,0.3036554751974287,0.24891570556394638
25882,LOF,0.03831615406771486,0.10604048587952507,0.8556433600527601
25883,LOF,0.031503143553751306,0.08935603249811118,0.8791408239481375
25884,LOF,0.013586491709642793,0.12119011267712072,0.8652233956132365
25885,LOF,0.1391263091314913,0.036392054157563546,0.8244816367109451
25886,LOF,0.2104394014551807,0.19171790710879397,0.5978426914360254
25887,GOF,0.04517114963623639,0.513826385710245,0.44100246465351867
25888,LOF,0.005243532599240342,0.40106925342065924,0.5936872139801004
25889,LOF,0.02303622964805714,0.0908082028348411,0.8861555675171018
25890,LOF,0.1790440265150371,0.27461402142019753,0.5463419520647653
25891,LOF,0.09653535805590172,0.11103635707141793,0.7924282848726805
25892,LOF,0.007168657320611788,0.03652434504413238,0.9563069976352558
25893,LOF,0.2500310962324181,0.013805270847265837,0.7361636329203161
25894,LOF,0.31332315971277763,0.00950691104800635,0.677169929239216
25895,LOF,0.27206226860158295,0.016380396068101464,0.7115573353303156
25896,LOF,0.07473788201211146,0.04235229411563928,0.8829098238722491
25897,LOF,0.09810481364183568,0.018370514596328793,0.8835246717618356
25898,LOF,0.09680936794004466,0.05155081407521688,0.8516398179847385
25899,LOF,0.39336872559308467,0.04962497511052435,0.5570062992963911
25900,Neutral,0.7619936552714012,0.012944179749241298,0.22506216497935755
25901,LOF,0.06541659862944552,0.01176743510074049,0.922815966269814
25902,LOF,0.08259783651386504,0.009524994297812154,0.9078771691883228
25903,LOF,0.14453838137487865,0.04167948261664608,0.8137821360084753
25904,Neutral,0.49175081924462843,0.09997691142375885,0.4082722693316127
25905,LOF,0.009854466466343165,0.2646779290234835,0.7254676045101732
25906,LOF,0.008548488575051973,0.021609589563271095,0.969841921861677
25907,LOF,0.008317986691913722,0.15674147227499408,0.8349405410330922
25908,LOF,0.008719171449816269,0.13147245076219052,0.8598083777879932
25909,LOF,0.040465212880299084,0.06505943376627212,0.8944753533534289
25910,LOF,0.012532784781899535,0.09911121940214607,0.8883559958159544
25911,LOF,0.16220651598160674,0.09831114296176174,0.7394823410566316
25912,LOF,0.13430679737900125,0.027124323683389885,0.8385688789376089
25913,LOF,0.014402357314889227,0.09154987719529208,0.8940477654898188
25914,LOF,0.04187245540648753,0.031203814074254634,0.9269237305192577
25915,LOF,0.19535667062147086,0.4004465431699812,0.4041967862085479
25916,LOF,0.015073783011260099,0.21949352437187195,0.765432692616868
25917,LOF,0.06688545777617327,0.03613506295752264,0.8969794792663042
25918,LOF,0.043610664998921946,0.01870814666442539,0.9376811883366527
25919,LOF,0.03846353482754035,0.017897665693051828,0.9436387994794078
25920,LOF,0.26738024744323113,0.3416054712056893,0.39101428135107963
25921,LOF,0.026449283722906808,0.03388313435534455,0.9396675819217487
25922,LOF,0.02330309757642937,0.0279095900513398,0.9487873123722308
25923,LOF,0.4710738736055819,0.023167183529637852,0.5057589428647802
25924,LOF,0.03104453172438315,0.03169090141350747,0.9372645668621095
25925,LOF,0.13136711814126817,0.04677765511395261,0.8218552267447793
25926,LOF,0.10945368086110734,0.034834954936822954,0.8557113642020697
25927,LOF,0.02795392927269724,0.06309316289731194,0.9089529078299907
25928,LOF,0.018193463382607217,0.017898929599541594,0.9639076070178512
25929,Neutral,0.6025089421437545,0.02300922396059938,0.3744818338956461
25930,LOF,0.06626240718393471,0.023691793518137605,0.9100457992979276
25931,LOF,0.017181145207941142,0.018952493205718592,0.9638663615863403
25932,LOF,0.09088929258189567,0.013432239167654068,0.8956784682504503
25933,LOF,0.09237948817729173,0.010415194230810656,0.8972053175918975
25934,LOF,0.08345562231812528,0.012558703281670669,0.9039856744002039
25935,LOF,0.12753277353841075,0.03681783257431278,0.8356493938872764
25936,LOF,0.08851915242383265,0.011392583482358222,0.9000882640938093
25937,LOF,0.020091568451307544,0.021849534135148785,0.9580588974135436
25938,LOF,0.12970297578430787,0.03264035050467857,0.8376566737110136
25939,LOF,0.06241771057847957,0.01381202682152426,0.9237702625999963
25940,LOF,0.007445827487450091,0.4093059481646978,0.5832482243478521
25941,Neutral,0.4865908637731154,0.20285744584087292,0.31055169038601166
25942,LOF,0.00818958601777031,0.24148695311243762,0.7503234608697921
25943,GOF,0.025829663129669903,0.5822556630533148,0.3919146738170154
25944,GOF,0.028044135708815192,0.5597111540983299,0.4122447101928549
25945,LOF,0.09869580822993045,0.15418173391634957,0.74712245785372
25946,LOF,0.09583597555700678,0.06633274657341329,0.8378312778695799
25947,Neutral,0.5315148519451153,0.11228330593978135,0.35620184211510336
25948,LOF,0.4778384361438178,0.01653948822388361,0.5056220756322986
25949,LOF,0.10540052139028958,0.04878168209313168,0.8458177965165787
25950,GOF,0.03541819531834529,0.8069222588718437,0.15765954580981115
25951,GOF,0.014017627582242547,0.6288627980478094,0.357119574369948
25952,GOF,0.09966120414745627,0.47963541234998514,0.4207033835025586
25953,GOF,0.006879817128794654,0.5860907225589573,0.407029460312248
25954,GOF,0.03099228770593179,0.7273251470561043,0.24168256523796405
25955,LOF,0.005874820247780541,0.47884249845449783,0.5152826812977216
25956,LOF,0.009215322913378635,0.30078276051900826,0.6900019165676131
25957,LOF,0.22701230261099534,0.025619748419096644,0.747367948969908
25958,LOF,0.0300497348841254,0.07066226936514027,0.8992879957507343
25959,GOF,0.005272504757000825,0.6237281139171064,0.37099938132589283
25960,LOF,0.005567408610018121,0.11238376139961564,0.8820488299903663
25961,LOF,0.028747157456741147,0.06781143408276075,0.903441408460498
25962,LOF,0.04456013725766505,0.10613649492757682,0.8493033678147581
25963,LOF,0.009536196921091292,0.2511294101981132,0.7393343928807955
25964,LOF,0.0459779081428982,0.15656798831510438,0.7974541035419975
25965,LOF,0.1538667975216977,0.20192529389447636,0.6442079085838259
25966,LOF,0.3549185061664677,0.18775302080307107,0.4573284730304611
25967,LOF,0.009510452322864188,0.04871810757769763,0.9417714400994381
25968,LOF,0.07198995409739796,0.24969705854212196,0.6783129873604802
25969,LOF,0.14060083571849807,0.02919503861597501,0.830204125665527
25970,LOF,0.04251025164720271,0.23439035520842488,0.7230993931443723
25971,LOF,0.0667708224168727,0.09140496975197096,0.8418242078311563
25972,LOF,0.06520552735750573,0.12114760548467607,0.8136468671578183
25973,LOF,0.09723992224397558,0.0066565143419182165,0.8961035634141062
25974,LOF,0.08513462540242318,0.050317754270038484,0.8645476203275383
25975,LOF,0.03951308599275769,0.009179303148796497,0.9513076108584457
25976,LOF,0.09245259751457162,0.0066426759975528864,0.9009047264878756
25977,LOF,0.20727684631274437,0.07152350341960449,0.7211996502676511
25978,LOF,0.16583510044919794,0.12383117968038714,0.7103337198704148
25979,LOF,0.12648072301289537,0.12985748078603354,0.7436617962010711
25980,LOF,0.19750150572803352,0.23914063773335018,0.5633578565386163
25981,LOF,0.20081503019990846,0.2475721260510938,0.5516128437489978
25982,LOF,0.2826519046701439,0.12757583706365103,0.5897722582662052
25983,Neutral,0.48472426887800013,0.1272584742731018,0.3880172568488981
25984,LOF,0.042442142301640805,0.16118701867828367,0.7963708390200755
25985,Neutral,0.3980105355165306,0.24276588295000057,0.35922358153346884
25986,GOF,0.008820737024918392,0.5196912377309061,0.4714880252441754
25987,LOF,0.022317634846233038,0.0999420994860276,0.8777402656677393
25988,LOF,0.03596810135617171,0.2349609074284074,0.7290709912154208
25989,LOF,0.03748369305614926,0.2245201205927715,0.7379961863510793
25990,LOF,0.04361831509186387,0.31711166590429213,0.6392700190038441
25991,GOF,0.03474039277312589,0.5620223476294438,0.40323725959743023
25992,LOF,0.0152024673796845,0.32034923699224377,0.6644482956280717
25993,LOF,0.0295165188765842,0.06905508323528199,0.9014283978881338
25994,LOF,0.032006411963957246,0.08071973590533246,0.8872738521307104
25995,LOF,0.020036234332826846,0.15246122745490395,0.8275025382122692
25996,GOF,0.3458808863472947,0.45869747422920853,0.19542163942349686
25997,GOF,0.06947076558626325,0.6280527401380375,0.3024764942756994
25998,LOF,0.24413435999375963,0.03811243165906289,0.7177532083471776
25999,LOF,0.02725674274696247,0.40174397317962746,0.57099928407341
26000,LOF,0.13857801419852012,0.017930278363957407,0.8434917074375224
26001,LOF,0.1458185151552452,0.04536481644472183,0.808816668400033
26002,LOF,0.10847807863473434,0.02856604178834516,0.8629558795769205
26003,GOF,0.006660006560202866,0.5622765434245013,0.43106345001529583
26004,GOF,0.01565150014088565,0.5827016866461494,0.40164681321296497
26005,LOF,0.005402731565831662,0.4268845642969348,0.5677127041372336
26006,GOF,0.10100361778960727,0.5093636730006067,0.38963270920978604
26007,LOF,0.008595425816829722,0.4919066495271369,0.49949792465603327
26008,GOF,0.006247337045836478,0.5283511912357977,0.4654014717183658
26009,GOF,0.011880100137940573,0.5570499474034637,0.43106995245859575
26010,GOF,0.00825672339806696,0.5642725010423678,0.42747077555956514
26011,LOF,0.00579910517026913,0.38880695989074743,0.6053939349389834
26012,LOF,0.005709327029738744,0.4701532056712226,0.5241374672990387
26013,LOF,0.01034115572475921,0.4176781762452145,0.5719806680300262
26014,LOF,0.05503099863937114,0.09298893738744689,0.8519800639731819
26015,LOF,0.37453343802105765,0.06683091940133201,0.5586356425776102
26016,LOF,0.2531317263116945,0.1465016152425137,0.6003666584457917
26017,LOF,0.01519606080013054,0.45396340004501795,0.5308405391548515
26018,LOF,0.020808477137034053,0.16980435371260216,0.8093871691503638
26019,LOF,0.0204497725234854,0.14356167493325717,0.8359885525432574
26020,LOF,0.006796026650304343,0.4449551461405018,0.5482488272091939
26021,LOF,0.08504168288253865,0.31391801317293305,0.6010403039445282
26022,LOF,0.05166804486762863,0.08807380675879105,0.8602581483735802
26023,LOF,0.03246821820077458,0.13647606884705082,0.8310557129521746
26024,LOF,0.044505752621267755,0.1984733978773581,0.7570208495013742
26025,LOF,0.1380905184718997,0.18164842960783914,0.6802610519202612
26026,LOF,0.13752474338795384,0.12463155237616438,0.7378437042358819
26027,LOF,0.03161873336951539,0.0801892509737774,0.8881920156567074
26028,LOF,0.06904161199280663,0.22600973213195558,0.7049486558752378
26029,LOF,0.03928739478699476,0.1035814132518368,0.8571311919611684
26030,LOF,0.14661119257550698,0.00840199147747212,0.844986815947021
26031,LOF,0.018935800628803203,0.10611439478476625,0.8749498045864306
26032,LOF,0.03006711190236708,0.01914174282001237,0.9507911452776207
26033,LOF,0.04403909708915539,0.04165091122775143,0.9143099916830932
26034,LOF,0.026135751508797014,0.06660849337414965,0.9072557551170534
26035,LOF,0.015603867470647442,0.08048895094223767,0.9039071815871149
26036,LOF,0.014798266735307255,0.06668415123463346,0.9185175820300593
26037,LOF,0.013848165335177185,0.06491576448871687,0.921236070176106
26038,LOF,0.024705674074860774,0.01885108132998875,0.9564432445951505
26039,LOF,0.033838179161168554,0.09915441463092485,0.8670074062079065
26040,LOF,0.0639915194092665,0.13930391363453543,0.7967045669561981
26041,LOF,0.017305414642317395,0.08024510406558369,0.9024494812920989
26042,LOF,0.015500945062333299,0.08641298086703846,0.8980860740706282
26043,LOF,0.02387103097534934,0.04267338584906988,0.9334555831755807
26044,LOF,0.009360293681055842,0.039972071144266756,0.9506676351746773
26045,LOF,0.08460147168059354,0.20682679241554844,0.708571735903858
26046,LOF,0.023547003671290798,0.04818128453368908,0.9282717117950201
26047,LOF,0.06325382411857616,0.03664381377131137,0.9001023621101125
26048,LOF,0.08011394309917812,0.021329244691879152,0.8985568122089427
26049,Neutral,0.9244638000340959,0.005479724774390088,0.07005647519151385
26050,Neutral,0.8695432624148036,0.006431227020464798,0.12402551056473168
26051,LOF,0.03404397477007544,0.30106195060563407,0.6648940746242906
26052,LOF,0.03666112510574831,0.20808952125924235,0.7552493536350093
26053,LOF,0.044479092834966934,0.05335710715865773,0.9021638000063753
26054,LOF,0.05192875944356862,0.08118011096712995,0.8668911295893015
26055,LOF,0.05541797895891912,0.06841107191331333,0.8761709491277675
26056,LOF,0.05300466072189739,0.07131730053332722,0.8756780387447753
26057,LOF,0.05370654833978137,0.01850387337053432,0.9277895782896843
26058,LOF,0.06392166967352128,0.014953387977068392,0.9211249423494102
26059,LOF,0.25240693108340806,0.10419443466990774,0.6433986342466842
26060,LOF,0.01732369386056683,0.22747765587198987,0.7551986502674433
26061,LOF,0.01459603491106827,0.010906921982396978,0.9744970431065346
26062,LOF,0.006630076098206407,0.021629402687868282,0.9717405212139253
26063,LOF,0.052652719796733964,0.014940462129245977,0.9324068180740201
26064,LOF,0.01081177249452089,0.013757518678822578,0.9754307088266566
26065,LOF,0.04604090527922733,0.02049794707872322,0.9334611476420493
26066,LOF,0.047790608323029435,0.013465748552009618,0.938743643124961
26067,LOF,0.05668914455777343,0.016135395925398536,0.927175459516828
26068,LOF,0.04967873991814954,0.053340917158638874,0.8969803429232116
26069,LOF,0.15603437713440402,0.04301152049901819,0.8009541023665778
26070,LOF,0.37820871041458737,0.02738459978185996,0.5944066898035526
26071,LOF,0.05060767018613631,0.0172530094093919,0.9321393204044718
26072,LOF,0.009732623207136094,0.01968338728626741,0.9705839895065964
26073,LOF,0.050769470440085084,0.01249551036703555,0.9367350191928793
26074,Neutral,0.7077812585876441,0.023945575612156416,0.2682731658001995
26075,LOF,0.037489717941374845,0.038854908655527445,0.9236553734030977
26076,LOF,0.05837962011940575,0.021552187004975635,0.9200681928756187
26077,LOF,0.1601988112375846,0.02090123407548964,0.8188999546869257
26078,LOF,0.007714436045682066,0.023460079210814846,0.9688254847435032
26079,LOF,0.05478460924913254,0.03986347018862201,0.9053519205622454
26080,LOF,0.05351424320353859,0.040082460282053034,0.9064032965144084
26081,LOF,0.04984018515028945,0.015477714646785799,0.9346821002029249
26082,LOF,0.008318428932390314,0.02134289824714378,0.9703386728204659
26083,LOF,0.04465288438379051,0.04231410076623766,0.9130330148499719
26084,LOF,0.05740260950722734,0.018767098905452213,0.9238302915873204
26085,LOF,0.05253518426439985,0.016450097831041458,0.9310147179045587
26086,LOF,0.039822277012242446,0.019539515910984535,0.9406382070767731
26087,LOF,0.045110647784388384,0.02047338334631057,0.934415968869301
26088,LOF,0.009293949808872649,0.042764692084539445,0.9479413581065879
26089,LOF,0.034085977486319294,0.05854095073864249,0.9073730717750382
26090,LOF,0.03350534406793744,0.04821964554328133,0.9182750103887813
26091,LOF,0.04953150862357231,0.015663428532510747,0.9348050628439168
26092,LOF,0.06228886606564312,0.014962351472313595,0.9227487824620434
26093,LOF,0.08400441000324177,0.010849614492270643,0.9051459755044876
26094,LOF,0.04349948762185116,0.015644259683479985,0.9408562526946688
26095,LOF,0.013027741477787173,0.03237432011439197,0.9545979384078208
26096,LOF,0.2979489585345406,0.004814823597664896,0.6972362178677944
26097,LOF,0.008171558097251246,0.05298245309997019,0.9388459888027787
26098,LOF,0.05729553190189485,0.04014429604025178,0.9025601720578533
26099,LOF,0.050519202474213896,0.048373583667275954,0.9011072138585101
26100,LOF,0.050519202474213896,0.048373583667275954,0.9011072138585101
26101,LOF,0.03969472635373407,0.05209460004029787,0.9082106736059682
26102,LOF,0.04972018303935852,0.02299401352624315,0.9272858034343984
26103,Neutral,0.8604610367942499,0.04770087945222869,0.09183808375352137
26104,LOF,0.04343715569373717,0.11617718210408584,0.840385662202177
26105,LOF,0.23753507949100092,0.20007235137754356,0.5623925691314554
26106,LOF,0.2413650229601689,0.09944794513381951,0.6591870319060115
26107,LOF,0.008997742920091473,0.15631590605971046,0.834686351020198
26108,LOF,0.13007460398421117,0.16597324442968797,0.7039521515861009
26109,LOF,0.05323440366822837,0.024287677539243994,0.9224779187925277
26110,Neutral,0.5210958708162827,0.03940035117638725,0.43950377800733
26111,LOF,0.05079496748297394,0.25207587148147076,0.6971291610355552
26112,LOF,0.05826309405133647,0.041979480242185736,0.8997574257064778
26113,LOF,0.064975028557559,0.07100688667542776,0.8640180847670133
26114,LOF,0.10228306708190907,0.024701063944521817,0.8730158689735692
26115,LOF,0.01884411567165659,0.20202073844091054,0.7791351458874328
26116,LOF,0.07199776527695176,0.07129010941113915,0.8567121253119091
26117,LOF,0.27737665374657045,0.06838508104870461,0.6542382652047251
26118,LOF,0.03799243561451289,0.02362205937899486,0.9383855050064923
26119,LOF,0.005048815459805948,0.09875274103901718,0.8961984435011768
26120,LOF,0.03171419603551953,0.027194854397621503,0.9410909495668589
26121,LOF,0.003958922273709222,0.12191670399589,0.8741243737304009
