feature0,prediction,LoGoFunc_Neutral,LoGoFunc_GOF,LoGoFunc_LOF
25546,Neutral,0.6373766931690429,0.04921397618688007,0.31340933064407694
25547,Neutral,0.47205575952098355,0.08857454862165406,0.43936969185736235
25548,Neutral,0.46508998281219516,0.07281861915404031,0.46209139803376464
25549,LOF,0.39056629010352595,0.07210754771638038,0.5373261621800938
25550,LOF,0.343013460611937,0.11144964293968758,0.5455368964483754
25551,LOF,0.2818973224243187,0.12340451223064598,0.5946981653450354
25552,LOF,0.22220810876376804,0.12171093868705696,0.656080952549175
25553,Neutral,0.7962907820186063,0.04259596272671573,0.16111325525467798
25554,LOF,0.27909232232666825,0.11037299140301762,0.610534686270314
25555,LOF,0.22105158986992487,0.10515506435450872,0.6737933457755665
25556,LOF,0.4316547383723601,0.08950225729665005,0.47884300433098986
25557,LOF,0.20909227168651093,0.11463155237721297,0.6762761759362762
25558,LOF,0.2775841620579071,0.11298595710922613,0.6094298808328669
25559,LOF,0.1899580348969901,0.15974071597541992,0.65030124912759
25560,LOF,0.0713349944659521,0.12047387859902758,0.8081911269350203
25561,LOF,0.14516394426174342,0.11014864512138525,0.7446874106168714
25562,LOF,0.057672085583141124,0.06884807614244892,0.87347983827441
25563,LOF,0.08207816705677766,0.07231105530838894,0.8456107776348335
25564,LOF,0.22123176720042237,0.14654400200871956,0.6322242307908581
25565,LOF,0.18344429756205918,0.14271716571178006,0.6738385367261608
25566,GOF,0.021165475643576202,0.7529721040042596,0.22586242035216417
25567,LOF,0.024600334588075576,0.13251662526276475,0.8428830401491597
25568,LOF,0.06441290206070109,0.0673749003721583,0.8682121975671406
25569,LOF,0.058716727688144794,0.0672236258626818,0.8740596464491733
25570,LOF,0.03272908918615948,0.0948400268597106,0.8724308839541299
25571,LOF,0.03309785947704702,0.09312581551148609,0.873776325011467
25572,LOF,0.03598379421875472,0.11895216094318628,0.8450640448380591
25573,LOF,0.026525938610641946,0.08984720614138407,0.883626855247974
25574,LOF,0.015283086305586996,0.17480478604966346,0.8099121276447495
25575,LOF,0.026201222816446594,0.10156790504652924,0.8722308721370242
25576,LOF,0.013324146889754312,0.14199119284475228,0.8446846602654935
25577,LOF,0.012370955338329057,0.10950177288541724,0.8781272717762537
25578,LOF,0.28244942430638864,0.0747478930875693,0.642802682606042
25579,LOF,0.1275935070444637,0.08117296257454064,0.7912335303809956
25580,LOF,0.02002393967788517,0.07000066644309103,0.9099753938790238
25581,LOF,0.04988223916396525,0.06560022630030801,0.8845175345357268
25582,LOF,0.04983556233602154,0.0643057071094655,0.8858587305545129
25583,LOF,0.021834885405121546,0.07604491715511025,0.9021201974397681
25584,Neutral,0.5130529406382461,0.10777662444749231,0.37917043491426167
25585,LOF,0.013623857928171883,0.12035124629612136,0.8660248957757067
25586,LOF,0.01906899236703216,0.06477765900251493,0.9161533486304528
25587,LOF,0.01796443615057168,0.05663264069908261,0.9254029231503457
25588,LOF,0.018610653512598378,0.07146184357932553,0.9099275029080761
25589,Neutral,0.6290096965101589,0.12802977400658627,0.24296052948325486
25590,LOF,0.021769034090306887,0.11374213147317108,0.8644888344365221
25591,LOF,0.08146559160093349,0.057797442764679165,0.8607369656343873
25592,LOF,0.05360109277043853,0.11694174730683692,0.8294571599227246
25593,LOF,0.019690258539924583,0.2593642991468833,0.7209454423131922
25594,LOF,0.0390981425894401,0.12277746278330819,0.8381243946272516
25595,LOF,0.03636977464035848,0.08522605332373134,0.8784041720359103
25596,LOF,0.05177606761539867,0.06467278238150442,0.8835511500030968
25597,LOF,0.034427515048029086,0.0759951621233401,0.8895773228286308
25598,LOF,0.03557404517298842,0.10018985073457969,0.8642361040924318
25599,GOF,0.008384642716911347,0.5336548330875858,0.45796052419550276
25600,GOF,0.025076863751187544,0.5971360335581519,0.3777871026906605
25601,LOF,0.011704455408628552,0.4071507960891451,0.5811447485022263
25602,LOF,0.012264491095288878,0.052318276999597395,0.9354172319051136
25603,LOF,0.04307346877998089,0.02048242789026204,0.9364441033297571
25604,LOF,0.01594732625306422,0.05629018078553579,0.9277624929614
25605,LOF,0.009780315672873876,0.1639671379865586,0.8262525463405676
25606,LOF,0.09772650748587144,0.2869885262878934,0.6152849662262352
25607,LOF,0.006493034512832669,0.1782149019302879,0.8152920635568793
25608,LOF,0.010673878907075236,0.0999419429630952,0.8893841781298295
25609,LOF,0.0756381519774291,0.39387790444635806,0.5304839435762128
25610,LOF,0.019189786495576733,0.026954808739133196,0.9538554047652902
25611,LOF,0.01831942405094849,0.029231091669534207,0.9524494842795173
25612,LOF,0.06072334719677677,0.04023159949852543,0.8990450533046979
25613,LOF,0.0565900371518133,0.04107181522683508,0.9023381476213516
25614,LOF,0.026278535984958856,0.034478111838947,0.9392433521760941
25615,LOF,0.01620606055508188,0.042482275554463385,0.9413116638904547
25616,LOF,0.05246800304967276,0.03251302970062122,0.9150189672497061
25617,LOF,0.04912909581183596,0.034856651439437836,0.9160142527487262
25618,LOF,0.06033769955896761,0.03921269655892825,0.9004496038821042
25619,LOF,0.017846984269580736,0.03527085052644985,0.9468821652039693
25620,LOF,0.06415349163738382,0.04434935784356117,0.891497150519055
25621,LOF,0.019575290688840213,0.036692282015254915,0.9437324272959048
25622,LOF,0.022298980344452102,0.04804824562670451,0.9296527740288434
25623,LOF,0.03397357706517597,0.04265361818855913,0.9233728047462649
25624,LOF,0.021807935628369513,0.041786382357796296,0.9364056820138341
25625,LOF,0.022703112966033008,0.05968678811115262,0.9176100989228143
25626,LOF,0.05620185728063672,0.038734537377415015,0.9050636053419483
25627,Neutral,0.6353845476803607,0.08537127650905903,0.2792441758105803
25628,LOF,0.19494301292894334,0.04794896002513848,0.7571080270459182
25629,LOF,0.03834906210911486,0.0664498108456328,0.8952011270452523
25630,LOF,0.14932432223233374,0.09013651746020043,0.7605391603074658
25631,Neutral,0.6171787965120199,0.057466743822930016,0.32535445966504994
25632,LOF,0.007114532200996324,0.07656976336948554,0.9163157044295183
25633,LOF,0.21197535027064238,0.04693067446285186,0.7410939752665057
25634,LOF,0.027124356607460057,0.09157997589809495,0.881295667494445
25635,LOF,0.035541251477719735,0.04606075488951465,0.9183979936327656
25636,LOF,0.00527687865702354,0.49214061669951165,0.5025825046434648
25637,GOF,0.006705159051865975,0.5006273224066724,0.4926675185414616
25638,LOF,0.008983643416904849,0.23367601834778728,0.7573403382353079
25639,LOF,0.005186547649383703,0.38276312623338093,0.6120503261172354
25640,Neutral,0.50335803989395,0.41747315178131494,0.079168808324735
25641,GOF,0.008055949192455667,0.49655341433298156,0.4953906364745629
25642,LOF,0.22790153255806558,0.11027766051727857,0.661820806924656
25643,LOF,0.14345455610237906,0.18022623368367055,0.6763192102139504
25644,LOF,0.0084653752373498,0.47860648078183243,0.5129281439808178
25645,LOF,0.006838093787015384,0.4685730659578216,0.5245888402551631
25646,LOF,0.011371771744372526,0.362148383202712,0.6264798450529155
25647,LOF,0.009185991530658348,0.29181458322244364,0.698999425246898
25648,LOF,0.008495502316487909,0.28674417729045815,0.7047603203930539
25649,LOF,0.0072823259876207665,0.24584401992712612,0.7468736540852531
25650,LOF,0.012299933157482191,0.4384513737963291,0.5492486930461888
25651,LOF,0.005217657803396208,0.3064809671768954,0.6883013750197083
25652,LOF,0.009136683495806475,0.2957092451507367,0.6951540713534569
25653,LOF,0.02297012046117945,0.4302114839523435,0.5468183955864772
25654,LOF,0.009615913647278273,0.2161238387526298,0.7742602476000919
25655,LOF,0.037721151980587064,0.44330154079386536,0.5189773072255477
25656,LOF,0.1999813902133609,0.05577708147420752,0.7442415283124316
25657,LOF,0.2685307607792561,0.032523901751670956,0.698945337469073
25658,LOF,0.07333508532395427,0.10728986965646295,0.8193750450195828
25659,LOF,0.4091431881602033,0.08137807253983138,0.5094787392999652
25660,LOF,0.02932722795539518,0.08505152679235398,0.8856212452522509
25661,LOF,0.09779596471933819,0.05754316625273443,0.8446608690279274
25662,LOF,0.031475479020609626,0.03479544064153932,0.933729080337851
25663,LOF,0.043888857804091345,0.048528499164695836,0.9075826430312127
25664,LOF,0.050389597001103785,0.06595965667873895,0.8836507463201573
25665,LOF,0.05429887800805867,0.02541061022022951,0.9202905117717118
25666,LOF,0.039086887107377385,0.08916836757029033,0.8717447453223323
25667,LOF,0.06590790231111547,0.040388148706672455,0.8937039489822121
25668,LOF,0.035585580871064615,0.04209792462346953,0.9223164945054658
25669,LOF,0.032579608007153475,0.05819719283506611,0.9092231991577804
25670,LOF,0.06731281424677639,0.06195925275834836,0.8707279329948752
25671,LOF,0.09377968739397685,0.03260789524242173,0.8736124173636015
25672,LOF,0.056241757539594116,0.03429162419896222,0.9094666182614436
25673,LOF,0.024397583503438437,0.04598951580047322,0.9296129006960884
25674,LOF,0.02054776193155478,0.058679037818756954,0.9207732002496882
25675,LOF,0.035801121807064545,0.05248753899076814,0.9117113392021673
25676,LOF,0.019576800100305665,0.04766194808320351,0.9327612518164909
25677,LOF,0.02865071433719745,0.06167584007197835,0.9096734455908242
25678,LOF,0.20188697679593617,0.053354059120160634,0.7447589640839032
25679,LOF,0.1663341253985739,0.08075143827636043,0.7529144363250656
25680,LOF,0.04273934893504568,0.10334785971787547,0.8539127913470788
25681,LOF,0.06578421573632438,0.09688656671150424,0.8373292175521714
25682,LOF,0.15058386970663787,0.06785189762302625,0.781564232670336
25683,LOF,0.08806457508945494,0.11870548686317585,0.7932299380473692
25684,LOF,0.04476463851449355,0.06474351347882543,0.890491848006681
25685,LOF,0.08587580383616324,0.042786171146917504,0.8713380250169194
25686,LOF,0.031686870955766964,0.07583976072368094,0.892473368320552
25687,LOF,0.05568395200302653,0.06358890937102432,0.8807271386259492
25688,LOF,0.05281067470024948,0.07056652715453714,0.8766227981452134
25689,LOF,0.028358703687988002,0.07188475700426784,0.8997565393077442
25690,LOF,0.03883515974946308,0.05937414277816622,0.9017906974723706
25691,LOF,0.2710156834857372,0.07707690890170013,0.6519074076125627
25692,LOF,0.25680374485597285,0.008336240239204986,0.7348600149048221
25693,LOF,0.055142653691922144,0.3260227702027163,0.6188345761053616
25694,LOF,0.23689683729837194,0.016082927047305937,0.7470202356543222
25695,LOF,0.14070467922498758,0.021411120128711728,0.8378842006463008
25696,LOF,0.10937874617760626,0.0130319559175815,0.8775892979048121
25697,LOF,0.09436781268285431,0.021369848892776166,0.8842623384243695
25698,LOF,0.07176113977639134,0.4224339144612247,0.505804945762384
25699,LOF,0.05716487941081216,0.07367065834378796,0.8691644622454
25700,LOF,0.05479302211714099,0.009326815938162177,0.9358801619446969
25701,LOF,0.01612950469496106,0.10243503224825093,0.8814354630567881
25702,GOF,0.03905170470027511,0.6277918381978278,0.3331564571018971
25703,LOF,0.009563755435367749,0.1482178702033389,0.8422183743612933
25704,LOF,0.05983487297073532,0.10243606583792082,0.8377290611913439
25705,LOF,0.07412626688745222,0.2004066836256796,0.7254670494868682
25706,LOF,0.0283846797413314,0.37878040948645564,0.592834910772213
25707,LOF,0.020269182788580083,0.3116385096530677,0.6680923075583522
25708,LOF,0.008560778667107034,0.2922480353278893,0.6991911860050036
25709,LOF,0.06407753597371069,0.04671157474027169,0.8892108892860175
25710,LOF,0.006387725501614679,0.12147392854099551,0.8721383459573897
25711,LOF,0.020055175659773838,0.10140569103929031,0.8785391333009358
25712,LOF,0.008208548729127813,0.16098647040175373,0.8308049808691184
25713,LOF,0.021512454563534674,0.08755144540619213,0.8909361000302732
25714,LOF,0.06858098229326227,0.1132822388958087,0.818136778810929
25715,LOF,0.013621118298585337,0.12248337191407027,0.8638955097873443
25716,LOF,0.006822198095022466,0.1039520460586853,0.8892257558462922
25717,LOF,0.006730099300061421,0.07137490109952097,0.9218949996004175
25718,LOF,0.013972006428331789,0.07876998994050788,0.9072580036311604
25719,LOF,0.022100936179834257,0.080953962792783,0.8969451010273827
25720,LOF,0.024282238945067713,0.0695278474196513,0.9061899136352809
25721,LOF,0.018501202960313955,0.09567118397813472,0.8858276130615513
25722,LOF,0.0171083755846357,0.10652016274201691,0.8763714616733475
25723,LOF,0.023287176264001775,0.05896271712524398,0.9177501066107543
25724,LOF,0.022175240472038314,0.08720217153744367,0.890622587990518
25725,LOF,0.013485285579130209,0.06753608305883896,0.9189786313620307
25726,LOF,0.017030337229647575,0.09283277722659442,0.8901368855437581
25727,LOF,0.014588732879615098,0.07116416076699439,0.9142471063533906
25728,LOF,0.012385641921364265,0.09449753583488663,0.8931168222437492
25729,LOF,0.012811238857625324,0.0956643948666029,0.8915243662757717
25730,LOF,0.01845894319650944,0.07860178295876151,0.9029392738447292
25731,LOF,0.008513422676640583,0.1090667965657718,0.8824197807575876
25732,LOF,0.018771793776588466,0.06901798024283455,0.912210225980577
25733,LOF,0.018147238536670437,0.06804476461723374,0.9138079968460958
25734,LOF,0.005993121542112203,0.11196030263367598,0.8820465758242118
25735,LOF,0.015605209218984475,0.06396826949714376,0.9204265212838717
25736,LOF,0.016364147685155973,0.08992637388824024,0.8937094784266039
25737,LOF,0.02383126778658018,0.07964925983535107,0.8965194723780687
25738,LOF,0.01601134846159931,0.1111359220165213,0.8728527295218794
25739,LOF,0.023146700551420128,0.09490457025114249,0.8819487291974375
25740,LOF,0.03535930023036651,0.10325959001796917,0.8613811097516644
25741,LOF,0.016882943250764577,0.09916015563371768,0.8839569011155177
25742,LOF,0.10083769195303197,0.09817909732804732,0.8009832107189206
25743,LOF,0.016544511840135046,0.035624429787599464,0.9478310583722654
25744,GOF,0.1789725434634875,0.43003635873029006,0.39099109780622243
25745,LOF,0.026845150559413788,0.06649586195974505,0.9066589874808411
25746,LOF,0.016624106409818293,0.07984186210625724,0.9035340314839244
25747,LOF,0.029215227776215238,0.031205134663142325,0.9395796375606426
25748,LOF,0.13886336636585822,0.05148867287741262,0.8096479607567291
25749,LOF,0.014131225060637404,0.07281493189767486,0.9130538430416877
25750,LOF,0.03044902259070457,0.07848316321156494,0.8910678141977304
25751,LOF,0.11326152568817309,0.06405900707487391,0.8226794672369531
25752,GOF,0.14063160035977126,0.5919300956583248,0.26743830398190394
25753,LOF,0.008714523438950598,0.27893567227565713,0.7123498042853922
25754,GOF,0.005124043852761679,0.799034793740481,0.1958411624067574
25755,LOF,0.009996919539824508,0.40014654053584525,0.5898565399243303
25756,LOF,0.046822788294898714,0.3647329921044712,0.5884442196006301
25757,GOF,0.005705217438177037,0.8551188740716528,0.13917590849017
25758,GOF,0.006923585065696656,0.8250220658028459,0.16805434913145748
25759,GOF,0.004152814718273874,0.5394430419062441,0.456404143375482
25760,LOF,0.005376747207961663,0.2388922886676735,0.7557309641243648
25761,GOF,0.04050976606929298,0.7955102295038117,0.16398000442689528
25762,LOF,0.03480330484669294,0.282583065453471,0.6826136296998361
25763,LOF,0.006959453998773834,0.1769904381446822,0.8160501078565441
25764,GOF,0.1796060806642885,0.47839457262864754,0.341999346707064
25765,GOF,0.009629625706194111,0.7596534981162639,0.2307168761775419
25766,GOF,0.015359838236351944,0.791058832486841,0.19358132927680718
25767,GOF,0.023234684559517726,0.5415904059478226,0.4351749094926597
25768,LOF,0.07921954352125739,0.08257524646609452,0.838205210012648
25769,LOF,0.09044711659343585,0.06017576833031979,0.8493771150762444
25770,LOF,0.34927070366827107,0.08253903046678827,0.5681902658649407
25771,LOF,0.014224270694199608,0.0596721885277371,0.9261035407780633
25772,LOF,0.020205691016622826,0.02798676251132326,0.951807546472054
25773,LOF,0.013208392076882255,0.10983671199430466,0.8769548959288131
25774,LOF,0.02875762388688161,0.0713439504187592,0.8998984256943592
25775,LOF,0.015898513540419573,0.048909435470761355,0.9351920509888191
25776,LOF,0.08609085968631473,0.02354920294499995,0.8903599373686854
25777,LOF,0.3200146810617676,0.05154983807922648,0.6284354808590058
25778,LOF,0.07286940535566473,0.04236816615205514,0.8847624284922803
25779,GOF,0.07465221016624464,0.8562423096539122,0.06910548017984301
25780,GOF,0.07186803580290464,0.83479116755425,0.09334079664284546
25781,GOF,0.027608893314541836,0.8426660116951615,0.12972509499029666
25782,GOF,0.03662929484585579,0.8701174886613126,0.09325321649283169
25783,GOF,0.012705114221155564,0.6473694020191834,0.33992548375966114
25784,GOF,0.13521954815727524,0.804165754078553,0.060614697764171895
25785,GOF,0.07067582080405102,0.8745553955807022,0.05476878361524675
25786,GOF,0.006276976838761741,0.7979741587248842,0.1957488644363541
25787,GOF,0.22064204137379737,0.7311799615881542,0.04817799703804834
25788,LOF,0.04846880975706252,0.12101345204077668,0.8305177382021608
25789,GOF,0.035322865170970136,0.800002530677729,0.1646746041513008
25790,GOF,0.03496685384320719,0.8382188095842289,0.12681433657256405
25791,GOF,0.028535242145055026,0.7706393741540639,0.20082538370088104
25792,GOF,0.050821938109229615,0.7687057602423439,0.1804723016484265
25793,GOF,0.0744278404042506,0.7302326910229836,0.19533946857276563
25794,GOF,0.10821596992997182,0.6811384880299014,0.2106455420401267
25795,GOF,0.02825422349882166,0.7520138914021772,0.21973188509900105
25796,GOF,0.12416695739186008,0.7578138126855266,0.11801922992261335
25797,GOF,0.03506527970400325,0.5766085908663424,0.38832612942965444
25798,GOF,0.003089764650302878,0.5291292230018189,0.46778101234787833
25799,LOF,0.0030330444354612443,0.4090233226941575,0.5879436328703813
25800,GOF,0.011074130264400872,0.6101928896661611,0.378732980069438
25801,GOF,0.03948596240639801,0.7829287016597225,0.17758533593387948
25802,GOF,0.016964372785559314,0.7078588850843316,0.27517674213010906
25803,GOF,0.009941924523061732,0.5695021864393873,0.42055588903755087
25804,LOF,0.011361386111149159,0.47249624475993046,0.5161423691289204
25805,GOF,0.019346666204535373,0.5955317694313634,0.38512156436410117
25806,GOF,0.01758099810003887,0.6048042180701858,0.3776147838297753
25807,GOF,0.005807706849160217,0.6347663274546808,0.35942596569615903
25808,GOF,0.013445621258526889,0.6409195615546451,0.345634817186828
25809,GOF,0.006317824772527706,0.5957380237793037,0.39794415144816864
25810,GOF,0.005040324208385022,0.6149620129157432,0.37999766287587183
25811,GOF,0.10888607030130916,0.7790001742873592,0.1121137554113315
25812,GOF,0.01266838453568251,0.6158594737325728,0.37147214173174453
25813,GOF,0.11979041599831909,0.697230148173694,0.1829794358279869
25814,GOF,0.030723840479660015,0.6897211913037005,0.2795549682166396
25815,GOF,0.04302951153852072,0.7049584048330623,0.2520120836284169
25816,GOF,0.008138118844770247,0.7438348130015211,0.2480270681537085
25817,GOF,0.06794194948211349,0.7595473254565304,0.17251072506135612
25818,GOF,0.016615252545513586,0.7139196904550187,0.2694650569994676
25819,GOF,0.07108697393752679,0.7233632465109945,0.20554977955147885
25820,GOF,0.032284732295637254,0.7262500808279431,0.24146518687641955
25821,GOF,0.015864316724044158,0.7057077137263562,0.27842796954959964
25822,GOF,0.03485950860584229,0.7189035038992587,0.24623698749489897
25823,GOF,0.01137689678522165,0.5547473608474854,0.43387574236729287
25824,GOF,0.019384151084514717,0.6823563127541588,0.29825953616132655
25825,GOF,0.01123538476211438,0.6517940748394072,0.33697054039847846
25826,GOF,0.004880039481895037,0.6317328159053008,0.3633871446128042
25827,GOF,0.0076156084645514575,0.6354509990797613,0.35693339245568734
25828,GOF,0.004831460533515969,0.5643960595246819,0.43077247994180223
25829,GOF,0.0027772815168347325,0.5999824876628665,0.3972402308202987
25830,LOF,0.04327422534399794,0.3083992572328994,0.6483265174231027
25831,GOF,0.057777580070789404,0.7982682761536773,0.1439541437755333
25832,GOF,0.008135543407856107,0.7532482257056968,0.23861623088644704
25833,GOF,0.0336836875688845,0.7885634843698895,0.1777528280612259
25834,GOF,0.00884540404996771,0.7575499838728497,0.2336046120771826
25835,GOF,0.020170277947696446,0.7942444849334788,0.18558523711882488
25836,GOF,0.006945747562350127,0.7304588657705192,0.2625953866671306
25837,GOF,0.006868306944672219,0.6683808079399377,0.3247508851153901
25838,GOF,0.023511438672948227,0.8256051310348591,0.15088343029219273
25839,GOF,0.0546109853736225,0.7767866942509329,0.16860232037544456
25840,GOF,0.05063902118935572,0.7844807332214477,0.16488024558919656
25841,GOF,0.049439084405883134,0.8052936745216036,0.14526724107251313
25842,GOF,0.026868631438617237,0.8484873136828314,0.12464405487855137
25843,GOF,0.02957265922125387,0.8671417155810005,0.10328562519774565
25844,GOF,0.02068974320036203,0.7858001737964407,0.19351008300319722
25845,GOF,0.005577711235486238,0.5659552759587907,0.4284670128057231
25846,GOF,0.04169745620079554,0.8173034526212498,0.14099909117795464
25847,GOF,0.019223146523065282,0.8832125520159001,0.0975643014610347
25848,GOF,0.012767446754274077,0.7789952400505382,0.20823731319518776
25849,GOF,0.004366669701178346,0.6606854219093653,0.3349479083894562
25850,GOF,0.0058836819115698664,0.6923058160228402,0.30181050206558985
25851,GOF,0.00563028813374557,0.5832539429184562,0.4111157689477982
25852,GOF,0.19078547247448266,0.5038801707210665,0.3053343568044508
25853,GOF,0.07710992781042532,0.8122507890457206,0.11063928314385413
25854,GOF,0.008328917215785922,0.6456925461325406,0.34597853665167355
25855,GOF,0.01265759138230906,0.6023200767923304,0.3850223318253605
25856,GOF,0.049469146494361696,0.6998481196834534,0.2506827338221849
25857,GOF,0.012996964818700031,0.5562691559958943,0.4307338791854056
25858,GOF,0.00786406538349106,0.5548421446674572,0.4372937899490517
25859,GOF,0.004925147511690799,0.5275813522005515,0.4674935002877577
25860,GOF,0.0902288876039473,0.7788100042968906,0.13096110809916198
25861,GOF,0.13794716307427848,0.7636688021929224,0.09838403473279896
25862,GOF,0.022278838253748802,0.834709168236588,0.14301199350966326
25863,GOF,0.022675105298991256,0.8450616479740365,0.13226324672697226
25864,GOF,0.05631406127165978,0.86021304741691,0.08347289131143018
25865,GOF,0.03130319831287418,0.8533975947115748,0.11529920697555092
25866,GOF,0.02449697057687325,0.825442683985928,0.15006034543719893
25867,GOF,0.03128373961427472,0.8572725385368308,0.11144372184889455
25868,GOF,0.06717352835224456,0.7790841707272612,0.1537423009204942
25869,GOF,0.3252341157244428,0.5687895563217131,0.10597632795384417
25870,GOF,0.19906445850665302,0.48065834394240564,0.32027719755094125
25871,GOF,0.034116151904296003,0.8199566639850292,0.1459271841106748
25872,GOF,0.018967480136799476,0.7386785524753338,0.24235396738786663
25873,GOF,0.025143260325034396,0.7904724544528657,0.18438428522209996
25874,LOF,0.017455506044562138,0.13138261721676545,0.8511618767386724
25875,LOF,0.02269164711833359,0.04695462618268387,0.9303537266989825
25876,LOF,0.014078660754567915,0.032845252041434084,0.953076087203998
25877,LOF,0.13846491128438576,0.07343563859594349,0.7880994501196708
25878,LOF,0.050124783317273325,0.10986129117221458,0.8400139255105121
25879,LOF,0.021178662826478328,0.08254110802540358,0.8962802291481181
25880,LOF,0.04644757986439555,0.012761887315377168,0.9407905328202274
25881,Neutral,0.5410731227662876,0.04109607813436665,0.4178307990993458
25882,LOF,0.019749125257946563,0.026842818872605638,0.9534080558694478
25883,LOF,0.05505743255437308,0.023279814804815432,0.9216627526408114
25884,LOF,0.00970888976817038,0.03676756525298065,0.9535235449788491
25885,LOF,0.18236568433707273,0.006477535660551067,0.8111567800023762
25886,LOF,0.2529925009468008,0.05322911612523602,0.6937783829279631
25887,LOF,0.15485287176717658,0.050680748342123244,0.7944663798907001
25888,LOF,0.0123186495040822,0.10393965009204248,0.8837417004038753
25889,LOF,0.011706225983426442,0.02911749862646829,0.9591762753901053
25890,LOF,0.14297526561025697,0.08988975794227204,0.7671349764474711
25891,LOF,0.042810672036073694,0.05091437997630289,0.9062749479876233
25892,LOF,0.013672028629341113,0.04882054620828896,0.93750742516237
25893,LOF,0.4137961325216449,0.014464493759756301,0.5717393737185988
25894,LOF,0.43636933786085447,0.008051278222446763,0.5555793839166988
25895,LOF,0.37978882107743267,0.015625365489736424,0.6045858134328309
25896,LOF,0.043352729077324584,0.031135276433839405,0.9255119944888359
25897,LOF,0.21086184768970043,0.014936019104422842,0.7742021332058766
25898,LOF,0.2687685538292653,0.040434691588367745,0.6907967545823669
25899,LOF,0.19702064285309265,0.034981898608776485,0.7679974585381308
25900,LOF,0.4828602892243355,0.015926114064383764,0.5012135967112809
25901,LOF,0.04413577320454517,0.013516040201634083,0.9423481865938208
25902,LOF,0.09900879431165,0.017604264307429413,0.8833869413809206
25903,LOF,0.4210044209819916,0.034072344895161845,0.5449232341228465
25904,LOF,0.3306795664334587,0.057037893375377534,0.6122825401911637
25905,LOF,0.006034587954575515,0.41766648253261823,0.5762989295128061
25906,LOF,0.00934235477169384,0.09289449909713614,0.8977631461311699
25907,LOF,0.004144795545874768,0.3918022777335966,0.6040529267205286
25908,LOF,0.00347629289808307,0.28784202643132517,0.7086816806705918
25909,LOF,0.013782810617021057,0.1199731537622786,0.8662440356207003
25910,LOF,0.014809179690146104,0.1690944735200111,0.8160963467898428
25911,LOF,0.1988827166375023,0.029407583073616034,0.7717097002888816
25912,LOF,0.06518584872291264,0.03594366709470096,0.8988704841823864
25913,LOF,0.07837758618999074,0.04666609679604152,0.8749563170139678
25914,LOF,0.02099436936858667,0.05484262662552359,0.9241630040058897
25915,LOF,0.12835473222929836,0.3552291230322376,0.5164161447384641
25916,LOF,0.01771900778766399,0.20641448829471157,0.7758665039176245
25917,LOF,0.05400995673024344,0.03824149528306094,0.9077485479866956
25918,LOF,0.024193066232183643,0.030696954842175467,0.9451099789256409
25919,LOF,0.020931663539320768,0.029661193449232844,0.9494071430114464
25920,LOF,0.06684367826999577,0.40985902489683185,0.5232972968331724
25921,LOF,0.01037344800117341,0.04024887241239671,0.9493776795864299
25922,LOF,0.013296237304182498,0.02999583830104291,0.9567079243947746
25923,LOF,0.4760710592142989,0.041890091429755555,0.48203884935594543
25924,LOF,0.016503268309500982,0.04856317738103076,0.9349335543094682
25925,LOF,0.0779599104473894,0.0456750029169789,0.8763650866356316
25926,LOF,0.057353816470705046,0.04259029514018566,0.9000558883891093
25927,LOF,0.015083841659045511,0.15603311319570193,0.8288830451452525
25928,LOF,0.007830812549231018,0.05854345606204049,0.9336257313887285
25929,Neutral,0.5940329548560813,0.04517627071447515,0.36079077442944346
25930,LOF,0.07037663021089599,0.033409518793385044,0.896213850995719
25931,LOF,0.010405466302146555,0.03782745352403666,0.9517670801738167
25932,LOF,0.03237021000217714,0.02885042336000615,0.9387793666378167
25933,LOF,0.03978429933298517,0.01991122079345253,0.9403044798735622
25934,LOF,0.027364729034474972,0.02101528849271087,0.9516199824728141
25935,LOF,0.07106388393996203,0.058770790726133997,0.8701653253339039
25936,LOF,0.04543579481190582,0.024602069505826975,0.9299621356822672
25937,LOF,0.010261886071333617,0.04312570539061314,0.9466124085380533
25938,LOF,0.06695311283608239,0.06213124593725398,0.8709156412266637
25939,LOF,0.039743594743516596,0.0238406488144942,0.9364157564419892
25940,LOF,0.007397613923868963,0.32032539919918274,0.6722769868769483
25941,Neutral,0.5220242595757836,0.04510837939535211,0.4328673610288643
25942,LOF,0.004761931915838102,0.04733734414086881,0.947900723943293
25943,LOF,0.03161318838597635,0.1298371196141827,0.838549691999841
25944,LOF,0.09174251028641703,0.0791671484012972,0.8290903413122859
25945,LOF,0.055456527366353904,0.019745492184404613,0.9247979804492413
25946,LOF,0.06546309751546434,0.0626118665485388,0.8719250359359968
25947,LOF,0.44990214049717553,0.08146925489525172,0.4686286046075727
25948,LOF,0.3089932820672814,0.010310680094257686,0.6806960378384609
25949,LOF,0.08981799733539333,0.04625425454512952,0.8639277481194771
25950,GOF,0.04604223388440251,0.4932189938420257,0.4607387722735717
25951,LOF,0.02311396709069314,0.31323676503840003,0.6636492678709068
25952,LOF,0.27748982453962934,0.21974774982249115,0.5027624256378795
25953,LOF,0.014753489757246264,0.1302373342195765,0.8550091760231773
25954,LOF,0.07806389097973492,0.3378763319028558,0.5840597771174093
25955,LOF,0.011169952301364564,0.09287844093288523,0.8959516067657501
25956,LOF,0.030303772955969786,0.1826599579724869,0.7870362690715433
25957,LOF,0.13770083611493272,0.02326308050674475,0.8390360833783225
25958,LOF,0.04635979874740099,0.03347838165746801,0.9201618195951311
25959,LOF,0.012309784663355673,0.3942956624379356,0.5933945528987087
25960,LOF,0.0062558628449792845,0.05675166643059518,0.9369924707244256
25961,LOF,0.03700377539072191,0.029205952252178233,0.9337902723570999
25962,LOF,0.03353234850555795,0.061514398837232,0.90495325265721
25963,LOF,0.005124185001830162,0.2612408609746412,0.7336349540235285
25964,LOF,0.03145587941888424,0.10566802997846474,0.862876090602651
25965,LOF,0.3671256815530553,0.09998805399252585,0.5328862644544188
25966,Neutral,0.502969621751417,0.16529692629673498,0.33173345195184806
25967,LOF,0.00686923355331872,0.08865897961830396,0.9044717868283774
25968,LOF,0.039132432941051724,0.3503029053590948,0.6105646616998534
25969,LOF,0.12657700395845864,0.05555694099305287,0.8178660550484886
25970,LOF,0.020006428360313702,0.08708429158971247,0.8929092800499737
25971,LOF,0.06448587843457132,0.026356234074943384,0.9091578874904853
25972,LOF,0.06271008029039479,0.037810947260827385,0.899478972448778
25973,LOF,0.053035666237932745,0.009414084260695952,0.9375502495013713
25974,LOF,0.03171081447672769,0.032469255577377835,0.9358199299458945
25975,LOF,0.04351872290143987,0.021138904896211737,0.9353423722023484
25976,LOF,0.10258181368816768,0.010003963296313235,0.8874142230155191
25977,LOF,0.190119121354391,0.06173710597162651,0.7481437726739825
25978,LOF,0.16659601272265043,0.11592675962723219,0.7174772276501175
25979,LOF,0.14528026169965436,0.1117355352207184,0.7429842030796273
25980,LOF,0.235382297710497,0.1326713725404639,0.6319463297490391
25981,LOF,0.2640592665560478,0.13120358178351454,0.6047371516604377
25982,LOF,0.4191282802150753,0.09371718505545593,0.48715453472946885
25983,LOF,0.3908191692551514,0.09344484671624712,0.5157359840286014
25984,LOF,0.04381821969021226,0.05212949596913678,0.9040522843406509
25985,LOF,0.38577037616080545,0.1386166626741142,0.4756129611650803
25986,LOF,0.010046193453091849,0.3905767193856088,0.5993770871612994
25987,LOF,0.03478799288171996,0.08189000812446845,0.8833219989938115
25988,LOF,0.1667461286844867,0.0805723482471665,0.7526815230683469
25989,LOF,0.0368036197946071,0.12021886477918545,0.8429775154262075
25990,LOF,0.036714031569611436,0.18881510106750157,0.774470867362887
25991,LOF,0.014749628311298961,0.3692872225729284,0.6159631491157727
25992,LOF,0.02338917352799505,0.3316224216806999,0.644988404791305
25993,LOF,0.02175506296935879,0.07974559841395067,0.8984993386166906
25994,LOF,0.015893078351125366,0.07449966290195849,0.9096072587469162
25995,LOF,0.02153849010737302,0.1570381306854249,0.8214233792072022
25996,LOF,0.2819583395661453,0.29371521673295076,0.42432644370090383
25997,LOF,0.06364083438930232,0.3486148084297119,0.5877443571809857
25998,LOF,0.2685746506760819,0.041748695199263754,0.6896766541246544
25999,LOF,0.015062938700940586,0.22854855284127254,0.7563885084577868
26000,LOF,0.13243190534410826,0.0282540671003801,0.8393140275555117
26001,LOF,0.33858101297402327,0.02114526294172656,0.6402737240842501
26002,LOF,0.072278278570073,0.042139086010815785,0.8855826354191111
26003,GOF,0.0035696065280442463,0.6058335169845651,0.3905968764873907
26004,GOF,0.005519959864077766,0.6921662637539889,0.30231377638193335
26005,LOF,0.0025717380798675744,0.4703880180951461,0.5270402438249864
26006,GOF,0.07688463894233048,0.5468282241525723,0.3762871369050972
26007,GOF,0.005127233884084648,0.5355249993887956,0.45934776672711974
26008,GOF,0.004501347924129065,0.601726626983391,0.3937720250924799
26009,GOF,0.005115322603434035,0.663226898841921,0.33165777855464496
26010,GOF,0.006234270256631747,0.6799756296163237,0.3137901001270444
26011,LOF,0.0023772121283778653,0.4626083226764769,0.5350144651951452
26012,GOF,0.003366534252327424,0.5380700002056077,0.45856346554206506
26013,GOF,0.004427669791137659,0.6235900626034714,0.37198226760539094
26014,LOF,0.050118995593673464,0.08953458014633088,0.8603464242599956
26015,LOF,0.1453293008737716,0.019595292055635247,0.835075407070593
26016,LOF,0.30036579204743286,0.030611847563714573,0.6690223603888527
26017,LOF,0.022132221980917844,0.18428231247344345,0.7935854655456387
26018,LOF,0.08090499271165974,0.04582113697109457,0.8732738703172458
26019,LOF,0.0781780195548997,0.037950716222756996,0.8838712642223434
26020,LOF,0.009632972530679473,0.18998181626433144,0.8003852112049892
26021,LOF,0.07295305787905838,0.06281866441017847,0.864228277710763
26022,LOF,0.029120091219467216,0.024030401590622585,0.9468495071899102
26023,LOF,0.05074312296727316,0.02647023129977022,0.9227866457329567
26024,LOF,0.04625601970790033,0.06518005045043865,0.8885639298416611
26025,LOF,0.05732900828483176,0.13247758749537128,0.8101934042197969
26026,LOF,0.12427262035929652,0.05698362351055206,0.8187437561301514
26027,LOF,0.05996188996301449,0.020827221272101223,0.9192108887648843
26028,LOF,0.10016262590783753,0.11394697438902512,0.7858903997031373
26029,LOF,0.027679236001321484,0.15495933885843943,0.817361425140239
26030,LOF,0.16412123991249514,0.018091818436137275,0.8177869416513676
26031,LOF,0.015149689888824133,0.11532499082360406,0.8695253192875718
26032,LOF,0.08485509050391395,0.04796920834438357,0.8671757011517025
26033,LOF,0.08924105400284894,0.047957304736531134,0.8628016412606199
26034,LOF,0.015285781823763812,0.12584304816276384,0.8588711700134724
26035,LOF,0.014076058247476767,0.10446770156009114,0.8814562401924321
26036,LOF,0.017114830761644582,0.1303199107582311,0.8525652584801242
26037,LOF,0.012322352723076855,0.09503052913260572,0.8926471181443174
26038,LOF,0.07476425247383511,0.04462425028964688,0.8806114972365181
26039,LOF,0.02301296285732899,0.11558428219596038,0.8614027549467106
26040,LOF,0.12261965207300707,0.09899700225106345,0.7783833456759295
26041,LOF,0.014507529418577267,0.08408834007392678,0.9014041305074959
26042,LOF,0.012911538855802457,0.08590547738110807,0.9011829837630894
26043,LOF,0.07479041561756372,0.061108720527124114,0.8641008638553122
26044,LOF,0.015951721010152464,0.04426372404051023,0.9397845549493373
26045,LOF,0.04784356886534117,0.08222213900386412,0.8699342921307947
26046,LOF,0.06795090664951633,0.052498585728838275,0.8795505076216454
26047,LOF,0.11127455790009542,0.056446085350764987,0.8322793567491396
26048,LOF,0.058196230655417014,0.03352682155715413,0.9082769477874288
26049,Neutral,0.9687850632875906,0.005483906705456552,0.025731030006952732
26050,Neutral,0.9569051454970261,0.0066469961592323604,0.03644785834374173
26051,LOF,0.013794219014407985,0.24736317693082527,0.7388426040547668
26052,LOF,0.01735406299244362,0.2903960725989511,0.6922498644086053
26053,LOF,0.02390194234445338,0.14525463175758938,0.8308434258979573
26054,LOF,0.045041686554888716,0.018626203944928296,0.9363321095001831
26055,LOF,0.05831394021658427,0.018059707682486603,0.9236263521009292
26056,LOF,0.04761880249950669,0.020362711543429866,0.9320184859570634
26057,LOF,0.03021682702017988,0.012074023557420181,0.9577091494224
26058,LOF,0.030549219527807713,0.010247143891564675,0.9592036365806276
26059,LOF,0.26781041495025265,0.026722572971061145,0.7054670120786861
26060,LOF,0.006439425015763758,0.2457765425544278,0.7477840324298084
26061,LOF,0.004986125147219679,0.015277457149949483,0.9797364177028307
26062,LOF,0.004238157819080119,0.019655935620122654,0.9761059065607972
26063,LOF,0.02071158777635257,0.009841924607674548,0.969446487615973
26064,LOF,0.006409581884847927,0.028234373005054603,0.9653560451100975
26065,LOF,0.02203442640535232,0.011907676175799135,0.9660578974188486
26066,LOF,0.02000320696201517,0.010261018923200377,0.9697357741147845
26067,LOF,0.026407352815720646,0.009550941162230186,0.9640417060220491
26068,LOF,0.041516936052882154,0.030055474397512775,0.9284275895496051
26069,LOF,0.2569369482019621,0.021208654227538905,0.721854397570499
26070,LOF,0.40062852720963155,0.01623431477943804,0.5831371580109304
26071,LOF,0.020518005728838294,0.011799530863957108,0.9676824634072047
26072,LOF,0.005390095984519533,0.024344530395790025,0.9702653736196903
26073,LOF,0.01751746962297482,0.013800433218051565,0.9686820971589737
26074,Neutral,0.9083356741689033,0.006523205296900936,0.08514112053419585
26075,LOF,0.04492220339832282,0.014428287312725075,0.9406495092889521
26076,LOF,0.036627064562831914,0.009529844468026197,0.953843090969142
26077,LOF,0.1144051422919174,0.007959663754874667,0.8776351939532079
26078,LOF,0.005647453697277498,0.015016556296692766,0.9793359900060297
26079,LOF,0.054811910574079276,0.018968566241248295,0.9262195231846725
26080,LOF,0.05295191956111833,0.01900589358713022,0.9280421868517514
26081,LOF,0.027764458691158123,0.007434122501699346,0.9648014188071425
26082,LOF,0.004518206175888401,0.017092033181932708,0.9783897606421788
26083,LOF,0.13491518188281673,0.01670076924658896,0.8483840488705944
26084,LOF,0.03610611623807571,0.013366367325980429,0.9505275164359439
26085,LOF,0.03142492211844057,0.01229127997582052,0.9562837979057389
26086,LOF,0.018836566886830552,0.011611443231815035,0.9695519898813544
26087,LOF,0.02016359239194568,0.009046413216189101,0.9707899943918653
26088,LOF,0.005577164680718196,0.028714250481004802,0.965708584838277
26089,LOF,0.036306659326993194,0.023686934002133883,0.9400064066708729
26090,LOF,0.03608174143531306,0.019526427488719397,0.9443918310759675
26091,LOF,0.025600375543485758,0.006774161080749442,0.9676254633757647
26092,LOF,0.019877547423809552,0.008071355108687756,0.9720510974675027
26093,LOF,0.03502740518881578,0.005843389937584605,0.9591292048735995
26094,LOF,0.026036767796610728,0.00676791704281874,0.9671953151605704
26095,LOF,0.013134825990536893,0.02065110879667912,0.9662140652127841
26096,LOF,0.14264870015238473,0.006283745887386989,0.8510675539602283
26097,LOF,0.00493323168855724,0.04260497893657034,0.9524617893748724
26098,LOF,0.06764328331719047,0.015282325246039832,0.9170743914367696
26099,LOF,0.017621528027849505,0.014909690602280803,0.9674687813698697
26100,LOF,0.019723093180700067,0.01440118929653171,0.9658757175227681
26101,LOF,0.04521775770616797,0.02255729050792804,0.932224951785904
26102,LOF,0.01904512792512148,0.014038858279131348,0.9669160137957472
26103,Neutral,0.8699434511914318,0.022955285461975457,0.10710126334659277
26104,LOF,0.06625527914378694,0.027582964101633387,0.9061617567545796
26105,LOF,0.22735477492246844,0.16000929684296114,0.6126359282345704
26106,LOF,0.35705002504938893,0.11024177097184353,0.5327082039787675
26107,LOF,0.025120556229508904,0.1310419776759776,0.8438374660945134
26108,LOF,0.3794096951062082,0.04755418223752664,0.5730361226562651
26109,LOF,0.030828073283706275,0.06422272718618305,0.9049491995301105
26110,LOF,0.18597702332714638,0.008995381293784261,0.8050275953790693
26111,LOF,0.08543005280898695,0.07126322634231186,0.8433067208487012
26112,LOF,0.030792348725676558,0.0077486087259957415,0.9614590425483277
26113,LOF,0.061542207474325,0.017275239882575545,0.9211825526430996
26114,LOF,0.06616035481494156,0.013442904556518233,0.9203967406285402
26115,LOF,0.01607202068252618,0.07989707040477811,0.9040309089126957
26116,LOF,0.08005344018961985,0.04295857955431113,0.876987980256069
26117,LOF,0.43321070531521777,0.05376720122072196,0.5130220934640604
26118,LOF,0.03355888181653619,0.022946372346437184,0.9434947458370266
26119,LOF,0.005820814718163958,0.051482364891594155,0.9426968203902418
26120,LOF,0.02366708854155504,0.018792838022258687,0.9575400734361863
26121,LOF,0.005229614203401455,0.121331240202829,0.8734391455937696
