feature0,prediction,LoGoFunc_Neutral,LoGoFunc_GOF,LoGoFunc_LOF
25546,Neutral,0.7467100427969319,0.03617801548227877,0.2171119417207894
25547,Neutral,0.6076156151548789,0.0711000986749133,0.32128428617020777
25548,Neutral,0.6214582761085238,0.052237975759176374,0.32630374813229984
25549,Neutral,0.5377821567359286,0.05104347530063621,0.4111743679634352
25550,LOF,0.3598984929266433,0.09206730906413958,0.5480341980092172
25551,LOF,0.29709741991629907,0.10064471200530967,0.6022578680783912
25552,LOF,0.21803449665107255,0.09675852958018931,0.6852069737687381
25553,Neutral,0.8407348360239534,0.02865364073721765,0.13061152323882913
25554,LOF,0.2513243360434263,0.09250395900558031,0.6561717049509934
25555,LOF,0.20875873714205143,0.08131783096586781,0.7099234318920807
25556,LOF,0.42355129087432647,0.08700667263743582,0.4894420364882376
25557,LOF,0.2036924157692906,0.08581725505613404,0.7104903291745754
25558,LOF,0.23856977767777415,0.09345500750044027,0.6679752148217856
25559,LOF,0.35479412014237754,0.14648183916859503,0.49872404068902737
25560,LOF,0.04991003717351132,0.1291791668323542,0.8209107959941344
25561,LOF,0.12347901746619153,0.1203039923485928,0.7562169901852157
25562,LOF,0.10145414874029915,0.05536057264363571,0.8431852786160652
25563,LOF,0.11147145810202125,0.062058988417343246,0.8264695534806356
25564,LOF,0.2521125907912276,0.11227267128745073,0.6356147379213216
25565,LOF,0.13926542199192468,0.13591041860870956,0.7248241593993657
25566,GOF,0.013645960249302515,0.7934031845081446,0.19295085524255298
25567,LOF,0.014233143717238276,0.17683900355406607,0.8089278527286956
25568,LOF,0.05179549395461751,0.0654720879188789,0.8827324181265036
25569,LOF,0.05869323405643484,0.06419629347446822,0.8771104724690969
25570,LOF,0.05967114108662979,0.0908495431797333,0.8494793157336368
25571,LOF,0.05295319247800344,0.08578813467348964,0.8612586728485069
25572,LOF,0.06629634000007975,0.11625329955511765,0.8174503604448027
25573,LOF,0.033193614196731155,0.09998847517090159,0.8668179106323671
25574,LOF,0.021237443343987396,0.15053675836056055,0.8282257982954521
25575,LOF,0.0457079120974123,0.10436360706809202,0.8499284808344957
25576,LOF,0.0179185008394825,0.13447424641147446,0.847607252749043
25577,LOF,0.015232672858041526,0.1186473139645508,0.8661200131774077
25578,LOF,0.2877214333059911,0.08043999770164603,0.6318385689923629
25579,LOF,0.16259679150023967,0.0909193896218611,0.7464838188778993
25580,LOF,0.029748356542518055,0.07577407645976696,0.894477566997715
25581,LOF,0.053705097312046125,0.06646471723903098,0.8798301854489228
25582,LOF,0.05318801150916139,0.0653515246420896,0.881460463848749
25583,LOF,0.03814620546871257,0.08743100929461818,0.8744227852366693
25584,Neutral,0.5075232204056623,0.10440540290450105,0.38807137668983666
25585,LOF,0.023051606467301772,0.12750171367320168,0.8494466798594966
25586,LOF,0.029143911725943016,0.07116931453575968,0.8996867737382973
25587,LOF,0.029824083804297203,0.06681623411557441,0.9033596820801283
25588,LOF,0.030829869629542574,0.08066548445820278,0.8885046459122546
25589,Neutral,0.6032664155522593,0.12251575567513935,0.27421782877260126
25590,LOF,0.0319784383727099,0.12664314457461687,0.8413784170526732
25591,LOF,0.094485497200451,0.056404540971345805,0.8491099618282031
25592,LOF,0.0964142462526537,0.12527487978552043,0.7783108739618259
25593,LOF,0.03286197099886857,0.26365680850200357,0.7034812204991279
25594,LOF,0.048281517956917645,0.1530712736949518,0.7986472083481305
25595,LOF,0.05764857893719498,0.10602735275376929,0.8363240683090358
25596,LOF,0.04970138223312257,0.07926120611953458,0.8710374116473428
25597,LOF,0.03744910215960231,0.09517728250655781,0.8673736153338399
25598,LOF,0.051440883481284276,0.10639841733124,0.8421606991874757
25599,GOF,0.007679048668834583,0.6402758184203042,0.3520451329108613
25600,GOF,0.015260187965057796,0.5844236064155325,0.4003162056194098
25601,LOF,0.010517252916804509,0.4383007138740532,0.5511820332091423
25602,LOF,0.026622646014884517,0.04463777952048602,0.9287395744646295
25603,LOF,0.059724771351539904,0.022794675927601718,0.9174805527208585
25604,LOF,0.04123041111603093,0.0339665668577104,0.9248030220262586
25605,LOF,0.010234430149226346,0.20577198706892963,0.7839935827818441
25606,LOF,0.07288834726183155,0.3668901807044654,0.5602214720337031
25607,LOF,0.006380890357849271,0.1888169217215571,0.8048021879205937
25608,LOF,0.05399871449550217,0.07010799137238967,0.8758932941321083
25609,LOF,0.043423707382095826,0.4444224139266015,0.5121538786913027
25610,LOF,0.03364824159932516,0.027188010853949715,0.9391637475467252
25611,LOF,0.03743431376825921,0.025680593205083063,0.9368850930266578
25612,LOF,0.09917383118829871,0.03802949182642919,0.8627966769852721
25613,LOF,0.0816495486360978,0.0398143672620235,0.8785360841018787
25614,LOF,0.027230647392539584,0.0321316713538715,0.9406376812535888
25615,LOF,0.04756347014732451,0.03878471357801196,0.9136518162746635
25616,LOF,0.02588595914522306,0.03115068673660609,0.9429633541181708
25617,LOF,0.026670095688432902,0.03651985274065395,0.9368100515709131
25618,LOF,0.12898498526244115,0.030260267410820454,0.8407547473267385
25619,LOF,0.028114195578450213,0.030823960089734575,0.9410618443318153
25620,LOF,0.03263234303580076,0.03907388281887975,0.9282937741453196
25621,LOF,0.027042211746632343,0.03203851514722025,0.9409192731061474
25622,LOF,0.029714483135925073,0.036823568202678965,0.933461948661396
25623,LOF,0.04896177881251421,0.035079914908770264,0.9159583062787157
25624,LOF,0.025553972270280677,0.04115840630898651,0.9332876214207328
25625,LOF,0.03184376794235958,0.04552462213804304,0.9226316099195975
25626,LOF,0.08140637348882737,0.034568321653460375,0.8840253048577124
25627,Neutral,0.5370326052169547,0.12036100039544538,0.3426063943875999
25628,LOF,0.20783431086915838,0.05283456803619304,0.7393311210946486
25629,LOF,0.06298084497159832,0.06046443721689472,0.8765547178115071
25630,LOF,0.16019926052857889,0.08249655697602624,0.7573041824953948
25631,Neutral,0.6110369129019032,0.05942648853861881,0.3295365985594781
25632,LOF,0.015371326062118865,0.10308143219189306,0.8815472417459881
25633,LOF,0.11714805453220135,0.08592192393988404,0.7969300215279146
25634,LOF,0.03317167615984488,0.10944107167252444,0.8573872521676307
25635,LOF,0.035260866947380724,0.09086184719707108,0.8738772858555482
25636,GOF,0.00388098172244298,0.6436214275031408,0.3524975907744162
25637,GOF,0.0033991496153834085,0.6842563867902255,0.31234446359439116
25638,LOF,0.006724377644051115,0.41833207703954844,0.5749435453164004
25639,GOF,0.0036750616536235683,0.5399522268600506,0.4563727114863258
25640,GOF,0.45927646896578783,0.4758997253838907,0.0648238056503214
25641,LOF,0.007721792973284352,0.3711846202955366,0.6210935867311789
25642,LOF,0.26726414395225995,0.08153646816748066,0.6511993878802594
25643,LOF,0.2644673207427277,0.19879179385998103,0.5367408853972913
25644,GOF,0.01310225559450509,0.5492426719580884,0.43765507244740637
25645,LOF,0.01044789945028292,0.4788829968559787,0.5106691036937384
25646,LOF,0.017512234735576074,0.3527172576936256,0.6297705075707983
25647,LOF,0.015004567802048495,0.312982488394634,0.6720129438033174
25648,LOF,0.013706017453110711,0.31776191694136763,0.6685320656055217
25649,LOF,0.010701418226357116,0.23007043356760096,0.759228148206042
25650,GOF,0.02584727502025908,0.5031758477417974,0.4709768772379435
25651,LOF,0.008173134425193075,0.3095574236218973,0.6822694419529096
25652,LOF,0.012497892663506403,0.2828266510190987,0.7046754563173949
25653,LOF,0.047139322976480845,0.3781515496585992,0.5747091273649199
25654,LOF,0.015373020550517891,0.15754558190226708,0.8270813975472151
25655,LOF,0.0674027734858145,0.4233675769820907,0.5092296495320948
25656,LOF,0.09431708301078855,0.08132018963007596,0.8243627273591354
25657,LOF,0.29769177670197317,0.037475398106284995,0.6648328251917419
25658,LOF,0.0473759452639562,0.10524336216683947,0.8473806925692042
25659,LOF,0.3161283987208213,0.07556029318460021,0.6083113080945785
25660,LOF,0.06377665559795449,0.09841560966722508,0.8378077347348205
25661,LOF,0.046347746170669876,0.07455151915981262,0.8791007346695175
25662,LOF,0.02804252063777212,0.049161248257824745,0.9227962311044032
25663,LOF,0.038579430525547895,0.07019913496575009,0.8912214345087021
25664,LOF,0.039146345302602276,0.09351996570712894,0.8673336889902687
25665,LOF,0.0590819809319538,0.04882999077882881,0.8920880282892174
25666,LOF,0.03349584397837903,0.1369791860903016,0.8295249699313194
25667,LOF,0.03203926874487065,0.05623475642646429,0.911725974828665
25668,LOF,0.032153258234483416,0.059088103691582426,0.9087586380739342
25669,LOF,0.04060508372412588,0.08641421929043404,0.87298069698544
25670,LOF,0.07976445015134734,0.08588188448068194,0.8343536653679707
25671,LOF,0.037276133990460265,0.04958459950367365,0.9131392665058661
25672,LOF,0.059622420906368066,0.07028763043539646,0.8700899486582354
25673,LOF,0.03905595488549743,0.08122811175370365,0.879715933360799
25674,LOF,0.03552981859223448,0.08262397867812189,0.8818462027296436
25675,LOF,0.04724348755064874,0.07211783528460684,0.8806386771647444
25676,LOF,0.03264854636886953,0.060933105576137785,0.9064183480549927
25677,LOF,0.06263654902502098,0.06802836999592916,0.8693350809790499
25678,LOF,0.29517300779719896,0.0364954995949717,0.6683314926078294
25679,LOF,0.1884623803506076,0.07183959925645393,0.7396980203929384
25680,LOF,0.058824635252558946,0.0998652695040283,0.8413100952434127
25681,LOF,0.10670166466457283,0.0905393516943943,0.8027589836410329
25682,LOF,0.04498706530552899,0.07624769822067197,0.878765236473799
25683,LOF,0.0829623156496199,0.09948528975873186,0.8175523945916483
25684,LOF,0.05834257439276495,0.07735383227270906,0.864303593334526
25685,LOF,0.09021976194518178,0.05245670248610478,0.8573235355687135
25686,LOF,0.025182456948946764,0.09416737897900375,0.8806501640720493
25687,LOF,0.046831219326755935,0.07469813240716983,0.8784706482660742
25688,LOF,0.0250741473592705,0.0878180518883392,0.8871078007523903
25689,LOF,0.01938997293387156,0.08356382252470788,0.8970462045414206
25690,LOF,0.025033177043127977,0.09005022615011735,0.8849165968067546
25691,LOF,0.20147095878337565,0.12034107768714404,0.6781879635294803
25692,LOF,0.2767390866994406,0.010996930792951724,0.7122639825076078
25693,LOF,0.07478780651327985,0.1578401775102381,0.7673720159764821
25694,LOF,0.23753638549764755,0.014415931986322246,0.7480476825160302
25695,LOF,0.15854061157141597,0.01975774225550939,0.8217016461730746
25696,LOF,0.17579482182073838,0.010529105178157045,0.8136760730011046
25697,LOF,0.13545649624075345,0.022855412350032307,0.8416880914092142
25698,LOF,0.03927150706018005,0.4218436284279859,0.538884864511834
25699,LOF,0.06763087324577065,0.0702160608527226,0.8621530659015068
25700,LOF,0.03213422401382382,0.011073981330700793,0.9567917946554755
25701,LOF,0.014973670923992835,0.07054295396469287,0.9144833751113143
25702,GOF,0.03636754744139763,0.7465358935873303,0.21709655897127203
25703,LOF,0.02069630693641422,0.20892353045067028,0.7703801626129154
25704,LOF,0.09718931729877821,0.16095860657638322,0.7418520761248385
25705,LOF,0.059628497293423205,0.24202183248946504,0.6983496702171118
25706,GOF,0.05218644836701987,0.6108358324737305,0.3369777191592497
25707,GOF,0.027016521253918287,0.5475715230046594,0.42541195574142227
25708,LOF,0.008112365513024467,0.46174973192196855,0.530137902565007
25709,LOF,0.018508125859393255,0.06709790480437469,0.914393969336232
25710,LOF,0.008821709059489851,0.17750791171382058,0.8136703792266895
25711,LOF,0.02002499411333705,0.1288924476729954,0.8510825582136675
25712,LOF,0.009808979099870694,0.22257068213383088,0.7676203387662984
25713,LOF,0.01864550295638342,0.1084427542265753,0.8729117428170413
25714,LOF,0.0199209030421817,0.1484781960017624,0.831600900956056
25715,LOF,0.01906720971709858,0.1174620023159453,0.8634707879669561
25716,LOF,0.010621056835734508,0.14824225202866836,0.8411366911355972
25717,LOF,0.005473685215258703,0.1488954805325497,0.8456308342521917
25718,LOF,0.018070531670258228,0.07587356095423232,0.9060559073755095
25719,LOF,0.03254752756628681,0.08531306575596423,0.8821394066777489
25720,LOF,0.02218163513880084,0.08656267256826515,0.891255692292934
25721,LOF,0.02264406746327184,0.09266956036143825,0.88468637217529
25722,LOF,0.01753117812683481,0.1203121920430218,0.8621566298301434
25723,LOF,0.020750280760398514,0.07375507071207592,0.9054946485275255
25724,LOF,0.02901133940574534,0.11536174867525151,0.8556269119190032
25725,LOF,0.02118085995241978,0.07051274858163191,0.9083063914659484
25726,LOF,0.01562567172341329,0.09825832771698885,0.8861160005595979
25727,LOF,0.01893994071690312,0.08373364767205059,0.8973264116110462
25728,LOF,0.0181516519001311,0.10120468278629924,0.8806436653135695
25729,LOF,0.018504097605151665,0.10258644059116954,0.8789094618036787
25730,LOF,0.01956036074056613,0.08475303026971455,0.8956866089897194
25731,LOF,0.010148822839766411,0.17649942145595926,0.8133517557042744
25732,LOF,0.01834219638179979,0.09175311218703427,0.889904691431166
25733,LOF,0.029104376623066898,0.08408988515834477,0.8868057382185883
25734,LOF,0.006314460887556123,0.22768222098601215,0.7660033181264317
25735,LOF,0.022938252743266684,0.07462867600550611,0.9024330712512272
25736,LOF,0.02203929816523524,0.11323866188867353,0.8647220399460912
25737,LOF,0.03932409069128491,0.09784234102102377,0.8628335682876914
25738,LOF,0.020818070058888086,0.14784207623002585,0.8313398537110861
25739,LOF,0.02246316266718047,0.14707251406062677,0.8304643232721928
25740,LOF,0.051323795125088174,0.1446051572375475,0.8040710476373643
25741,LOF,0.026849107437226266,0.12435185964464282,0.848799032918131
25742,LOF,0.03679838503576246,0.1446218211546535,0.8185797938095839
25743,LOF,0.012555290226572027,0.043917833754668935,0.9435268760187592
25744,GOF,0.1498710447050188,0.42564773547278595,0.4244812198221952
25745,LOF,0.024054628873596655,0.07383761873720508,0.9021077523891983
25746,LOF,0.012071418975342366,0.08872266446717628,0.8992059165574815
25747,LOF,0.03860955341521733,0.03280121920644177,0.9285892273783409
25748,LOF,0.217035369138162,0.057658321485886545,0.7253063093759514
25749,LOF,0.014050367399681617,0.054138998427647175,0.9318106341726711
25750,LOF,0.017611778411087547,0.0867859313456288,0.8956022902432836
25751,LOF,0.04048551083300771,0.06934222189134195,0.8901722672756502
25752,GOF,0.09364593040338559,0.6782127513063921,0.22814131829022208
25753,LOF,0.006766984699759599,0.3917920092178083,0.601441006082432
25754,GOF,0.005105334350410573,0.8603691759572175,0.13452548969237196
25755,LOF,0.009225981512768504,0.43644907645679354,0.5543249420304379
25756,LOF,0.049218940778178885,0.4631687344297389,0.4876123247920823
25757,GOF,0.006715612982321194,0.8723813578381432,0.1209030291795357
25758,GOF,0.00905250118275266,0.8699679949607261,0.12097950385652134
25759,GOF,0.004497847980795117,0.5897910071413257,0.4057111448778792
25760,LOF,0.006599516040154579,0.3126760327237681,0.6807244512360774
25761,GOF,0.049601962378773665,0.8423318557030206,0.10806618191820565
25762,LOF,0.02843289271054019,0.3954082419274241,0.5761588653620358
25763,LOF,0.007587000648136287,0.2566272198259516,0.7357857795259122
25764,GOF,0.08700358601746157,0.6226210545184454,0.290375359464093
25765,GOF,0.008149655613439865,0.8480490067630689,0.14380133762349118
25766,GOF,0.04460894286730985,0.8214486866971065,0.13394237043558366
25767,GOF,0.014858977511241218,0.5537038044429318,0.4314372180458271
25768,LOF,0.03758456255583622,0.07597746871531737,0.8864379687288463
25769,LOF,0.022460067022440598,0.0893305457426656,0.8882093872348938
25770,LOF,0.14352076976763323,0.07620592124697517,0.7802733089853916
25771,LOF,0.01084314775251,0.08176275507185449,0.9073940971756356
25772,LOF,0.022065828850592467,0.03162645033959616,0.9463077208098113
25773,LOF,0.012186246385290915,0.08162135276984492,0.9061924008448642
25774,LOF,0.0278612637204426,0.09917609798478642,0.8729626382947709
25775,LOF,0.0185018794573946,0.043798969013828966,0.9376991515287764
25776,LOF,0.024819796441749527,0.029400114591698015,0.9457800889665525
25777,LOF,0.20224150842183505,0.07302504776693063,0.7247334438112344
25778,LOF,0.019416100373577404,0.0606877901882347,0.9198961094381879
25779,GOF,0.03805673860613933,0.9053233221931007,0.05661993920075979
25780,GOF,0.06946792780441893,0.8817042283719633,0.04882784382361768
25781,GOF,0.024666157872786604,0.8844339030672403,0.09089993905997303
25782,GOF,0.032176973516848215,0.906997738500598,0.06082528798255392
25783,GOF,0.01831195219235403,0.7895322246160336,0.19215582319161248
25784,GOF,0.12174177290276943,0.8484103443546114,0.029847882742619104
25785,GOF,0.06946765064448655,0.8889046114335384,0.04162773792197512
25786,GOF,0.0059020077003232845,0.8514402408378201,0.1426577514618567
25787,GOF,0.17677936830204719,0.7916374210223931,0.03158321067555977
25788,LOF,0.01601817412554964,0.21291956879986249,0.7710622570745879
25789,GOF,0.01977410378887796,0.8843775832201982,0.09584831299092375
25790,GOF,0.02257987700743128,0.8864643542547539,0.09095576873781488
25791,GOF,0.01377058808913432,0.8588218697120819,0.12740754219878375
25792,GOF,0.023309295701590682,0.8669474715611368,0.10974323273727252
25793,GOF,0.07954278733789798,0.8483459433808794,0.07211126928122263
25794,GOF,0.0626564821978884,0.7903981466965674,0.14694537110554431
25795,GOF,0.06501533279624698,0.7886444742812962,0.14634019292245687
25796,GOF,0.08068114886973937,0.8414847044842684,0.0778341466459923
25797,GOF,0.04329022152680941,0.7278271823581962,0.22888259611499434
25798,GOF,0.0032813229450481102,0.705810033453635,0.2909086436013168
25799,GOF,0.003189146808458804,0.5632423438731113,0.43356850931842983
25800,GOF,0.015670345644571492,0.7921874647987056,0.19214218955672285
25801,GOF,0.01823810106999747,0.8932034084052791,0.08855849052472348
25802,GOF,0.022861998701851183,0.8404366592362759,0.13670134206187295
25803,GOF,0.012208260175454217,0.7551493510309305,0.23264238879361532
25804,GOF,0.014059711790646072,0.683850959553108,0.302089328656246
25805,GOF,0.02515826897501024,0.7564487033271635,0.2183930276978262
25806,GOF,0.020551710960369174,0.8099287320642615,0.1695195569753694
25807,GOF,0.005303635792835365,0.7733169826850126,0.22137938152215209
25808,GOF,0.015757011715601236,0.7955208070816124,0.18872218120278628
25809,GOF,0.007812129724360663,0.7800474948364887,0.2121403754391506
25810,GOF,0.0065560471007175295,0.7819299457087285,0.211514007190554
25811,GOF,0.0588833016000782,0.8839492213832627,0.05716747701665911
25812,GOF,0.017122859079198634,0.7781135617968972,0.20476357912390414
25813,GOF,0.10074517242119542,0.8119630746186751,0.08729175296012953
25814,GOF,0.025728587829372575,0.8192164629282489,0.15505494924237848
25815,GOF,0.06459882200919698,0.8357593686083338,0.0996418093824693
25816,GOF,0.007239342837762514,0.8785184745737429,0.11424218258849456
25817,GOF,0.10068681389078368,0.8011979212607553,0.09811526484846096
25818,GOF,0.026030776114159587,0.8402466742422554,0.13372254964358515
25819,GOF,0.06877095624056193,0.7798990683988036,0.1513299753606344
25820,GOF,0.0341638656950987,0.7921747477140699,0.17366138659083127
25821,GOF,0.02064235189122101,0.7847946547257201,0.1945629933830589
25822,GOF,0.041715797351285305,0.7982974845031932,0.1599867181455215
25823,GOF,0.015030791389983525,0.6944896501862771,0.29047955842373946
25824,GOF,0.02637165548720165,0.8027942617439804,0.17083408276881806
25825,GOF,0.01552749337582074,0.7938316310171236,0.19064087560705556
25826,GOF,0.005693390673281995,0.7718872825325401,0.222419326794178
25827,GOF,0.00839540028396154,0.7228029126079115,0.268801687108127
25828,GOF,0.00650116999725015,0.6975465393410586,0.29595229066169126
25829,GOF,0.0031160662545403977,0.7425440430175767,0.254339890727883
25830,GOF,0.04094859956633919,0.5747765375415768,0.3842748628920841
25831,GOF,0.07631138522088887,0.8081494640852649,0.11553915069384617
25832,GOF,0.009553756671693246,0.8256586920704795,0.1647875512578273
25833,GOF,0.035582975713563954,0.8671195255194971,0.097297498766939
25834,GOF,0.009767088603486468,0.8400694000372165,0.150163511359297
25835,GOF,0.020358063039274087,0.878118822179884,0.10152311478084187
25836,GOF,0.0072868509369211016,0.840028078245761,0.15268507081731789
25837,GOF,0.006988894545782463,0.7414681430879556,0.25154296236626195
25838,GOF,0.022223307118151406,0.8775293012999983,0.1002473915818502
25839,GOF,0.03798300393238497,0.8757153412470006,0.0863016548206145
25840,GOF,0.07242342819606536,0.8528292112080771,0.07474736059585753
25841,GOF,0.063826381898927,0.8679438329491254,0.06822978515194768
25842,GOF,0.02671522655596105,0.897983543376826,0.07530123006721315
25843,GOF,0.026641163607403644,0.904774875429996,0.06858396096260022
25844,GOF,0.014033831601735759,0.8604627338221401,0.12550343457612417
25845,GOF,0.005800574189278852,0.6622456815026894,0.3319537443080318
25846,GOF,0.07609535213145244,0.8489028876066594,0.07500176026188812
25847,GOF,0.017601026374570315,0.911982619911761,0.0704163537136687
25848,GOF,0.016461455218704617,0.8740578215433334,0.10948072323796174
25849,GOF,0.0052791267494593135,0.7697284018173634,0.22499247143317752
25850,GOF,0.006769196128521742,0.799085636751449,0.19414516712002944
25851,GOF,0.00615087516451987,0.6823692195925303,0.3114799052429497
25852,GOF,0.14152534260446323,0.6262962001644697,0.23217845723106706
25853,GOF,0.07412623285832909,0.8454727694816414,0.0804009976600295
25854,GOF,0.005990004066859681,0.7419118527052389,0.2520981432279015
25855,GOF,0.016064680511820462,0.6883299448635002,0.2956053746246794
25856,GOF,0.038470212122086046,0.8188380216654761,0.14269176621243773
25857,GOF,0.01822787624002936,0.6831975299229763,0.2985745938369943
25858,GOF,0.00916615462863181,0.68906466057406,0.3017691847973082
25859,GOF,0.005953915803674006,0.6528613659490267,0.3411847182472993
25860,GOF,0.10529023800494675,0.8204196100751667,0.07429015191988643
25861,GOF,0.08084227815709838,0.8423491670014182,0.07680855484148331
25862,GOF,0.0199794425072071,0.8829191502685458,0.09710140722424707
25863,GOF,0.021105185169476657,0.8905811332634078,0.0883136815671155
25864,GOF,0.05023290644116312,0.8863419699724178,0.06342512358641927
25865,GOF,0.033893091998196685,0.865703224557933,0.10040368344387046
25866,GOF,0.02257013960716522,0.8865088556758203,0.09092100471701471
25867,GOF,0.0346395085278298,0.8932901677869257,0.07207032368524446
25868,GOF,0.049776122078101386,0.8596438010524257,0.09058007686947296
25869,GOF,0.33906269582348764,0.6014991742862601,0.059438129890252225
25870,GOF,0.06881868197112227,0.7369372097529838,0.194244108275894
25871,GOF,0.008532631793915144,0.8985961616587528,0.09287120654733204
25872,GOF,0.020523595598070928,0.8953783931233028,0.08409801127862625
25873,GOF,0.02069262998074832,0.9105441173473969,0.06876325267185458
25874,LOF,0.017622193936377352,0.22650918179214827,0.7558686242714745
25875,LOF,0.054943293477537125,0.045427710881422285,0.8996289956410407
25876,LOF,0.016749807065254068,0.04046137946876342,0.9427888134659824
25877,LOF,0.11677041797850463,0.08569079104882145,0.7975387909726739
25878,LOF,0.06392260407782471,0.11743925715667396,0.8186381387655014
25879,LOF,0.029606765005823717,0.08488564051258729,0.885507594481589
25880,LOF,0.05410804165472393,0.013139920149888722,0.9327520381953873
25881,Neutral,0.5057773845814394,0.06959594431830723,0.42462667110025343
25882,LOF,0.08436014494564326,0.025333397508355022,0.8903064575460018
25883,LOF,0.02863044112079531,0.025844109449876543,0.9455254494293283
25884,LOF,0.02240016289722056,0.05293490792427833,0.9246649291785011
25885,LOF,0.21547284948963735,0.011268681921338888,0.7732584685890238
25886,LOF,0.1763152220859142,0.055859081874234676,0.767825696039851
25887,LOF,0.17339303594030947,0.0722272369641674,0.754379727095523
25888,LOF,0.011436768216620843,0.14567917803365552,0.8428840537497236
25889,LOF,0.02713437600190344,0.035446206297050045,0.9374194177010465
25890,LOF,0.13656168269980778,0.12297417842746111,0.7404641388727311
25891,LOF,0.09134960811662286,0.030252153613929172,0.878398238269448
25892,LOF,0.008104720643850186,0.03229059779130366,0.959604681564846
25893,LOF,0.3730305520364999,0.009302273111205557,0.6176671748522946
25894,LOF,0.42551409598757384,0.005175221095599679,0.5693106829168266
25895,LOF,0.3232781180466526,0.01189231451006608,0.6648295674432814
25896,LOF,0.06786537663731096,0.01615507366202957,0.9159795497006594
25897,LOF,0.179130492160168,0.008509733711480526,0.8123597741283515
25898,LOF,0.16895242617389644,0.027098438901125777,0.8039491349249779
25899,LOF,0.3732429507997559,0.016818432070871085,0.609938617129373
25900,LOF,0.42296320943316396,0.008089176909305343,0.5689476136575308
25901,LOF,0.06214631039682367,0.007386795849550031,0.9304668937536262
25902,LOF,0.1929888933476198,0.00813464240903917,0.798876464243341
25903,LOF,0.40627976081961187,0.022938786531138473,0.5707814526492496
25904,Neutral,0.494304880534589,0.02228515376408902,0.48340996570132194
25905,LOF,0.004832793716607629,0.44089338139482903,0.5542738248885632
25906,LOF,0.0090265483230795,0.11264123903455604,0.8783322126423645
25907,LOF,0.00479829300741819,0.3386523891878559,0.6565493178047259
25908,LOF,0.004839016368834936,0.2545743670556273,0.7405866165755377
25909,LOF,0.025527541858595827,0.14776409837646262,0.8267083597649416
25910,LOF,0.010892817260301063,0.1351873327691978,0.8539198499705011
25911,LOF,0.30773125638477555,0.040000535512223254,0.6522682081030011
25912,LOF,0.07993897982223545,0.043262985403548414,0.8767980347742161
25913,LOF,0.039088985285217266,0.07435001989018143,0.8865609948246013
25914,LOF,0.037856977576824574,0.04459133516040065,0.9175516872627747
25915,LOF,0.20055602012540363,0.18773125626093015,0.6117127236136662
25916,LOF,0.03526090013387453,0.12389376447353337,0.8408453353925921
25917,LOF,0.07048027749753463,0.04288274702780659,0.8866369754746588
25918,LOF,0.043248865211499975,0.0292923779363192,0.9274587568521808
25919,LOF,0.038065633619688184,0.03051862676268274,0.9314157396176291
25920,LOF,0.21939858729267045,0.2053968264684068,0.5752045862389228
25921,LOF,0.015813907003579465,0.03780707983814761,0.946379013158273
25922,LOF,0.01891133661596601,0.03324100814821302,0.9478476552358209
25923,LOF,0.4651173041814773,0.02682702781560476,0.508055668002918
25924,LOF,0.021775935470374746,0.04782047141326298,0.9304035931163622
25925,LOF,0.0858796419120557,0.04136247350333665,0.8727578845846077
25926,LOF,0.06689089494548382,0.03974994668315629,0.8933591583713599
25927,LOF,0.025380832497359264,0.06558711435412394,0.9090320531485168
25928,LOF,0.009550196714035957,0.058271603616125676,0.9321781996698383
25929,Neutral,0.5582968723745904,0.025835425302237175,0.4158677023231725
25930,LOF,0.07879109093031225,0.02772867137230114,0.8934802376973865
25931,LOF,0.01310328769055759,0.036831614916777125,0.9500650973926652
25932,LOF,0.07205302944244657,0.028033759179338015,0.8999132113782154
25933,LOF,0.06583722293951223,0.01846358073019104,0.9156991963302966
25934,LOF,0.05977597290885411,0.016874785419887735,0.9233492416712582
25935,LOF,0.07471068085758784,0.052401552236589856,0.8728877669058223
25936,LOF,0.10464617621940597,0.018399110271517707,0.8769547135090764
25937,LOF,0.019013881542249415,0.03777759056774558,0.943208527890005
25938,LOF,0.07372804075400939,0.04621489505697628,0.8800570641890144
25939,LOF,0.0488479744582347,0.023759150216197254,0.9273928753255679
25940,LOF,0.008606618099993548,0.368907286110239,0.6224860957897674
25941,Neutral,0.48532560416539483,0.04715191451389895,0.46752248132070623
25942,LOF,0.008317090451545078,0.04385972647867188,0.9478231830697831
25943,LOF,0.03418476151593593,0.1810345603983994,0.7847806780856648
25944,LOF,0.05204812504844902,0.08048795890158866,0.8674639160499624
25945,LOF,0.11192176602802756,0.022091933267273548,0.865986300704699
25946,LOF,0.07201991505147458,0.04636771962135693,0.8816123653271686
25947,Neutral,0.44903791302416807,0.1307421372036928,0.4202199497721392
25948,LOF,0.42772477635767936,0.01887084660407333,0.5534043770382473
25949,LOF,0.14219378600258495,0.07071958730482689,0.7870866266925882
25950,GOF,0.05554226769782439,0.5990106472736441,0.3454470850285315
25951,LOF,0.012944526904263717,0.4202941752710826,0.5667612978246537
25952,LOF,0.2950519707617004,0.31247342005513545,0.3924746091831642
25953,LOF,0.0072134586551766125,0.19192300516496574,0.8008635361798577
25954,GOF,0.080001228453269,0.4955927323288795,0.42440603921785147
25955,LOF,0.006312332277787325,0.1754663489395174,0.8182213187826952
25956,LOF,0.020404226409334356,0.23205652126027237,0.7475392523303933
25957,LOF,0.19205134001409438,0.02790314287464839,0.7800455171112572
25958,LOF,0.032500774840486496,0.042349850614272294,0.9251493745452413
25959,GOF,0.01626577689162844,0.6556066385118471,0.32812758459652447
25960,LOF,0.006491077233438586,0.06570624872979904,0.9278026740367623
25961,LOF,0.030896683045192958,0.039157580661349396,0.9299457362934576
25962,LOF,0.04457486806834598,0.06893894697267997,0.886486184958974
25963,LOF,0.0055332557446096916,0.18565265330326322,0.8088140909521271
25964,LOF,0.026923030660317978,0.1197719504526487,0.8533050188870334
25965,LOF,0.24196210672212506,0.12005728329182713,0.6379806099860478
25966,Neutral,0.4749836705929024,0.1376475872107905,0.3873687421963071
25967,LOF,0.008771685743800165,0.08905742310112384,0.9021708911550759
25968,LOF,0.03916424401029429,0.2685547545588158,0.6922810014308899
25969,LOF,0.16959175628411913,0.05607695166585145,0.7743312920500294
25970,LOF,0.028267928130312897,0.08927309163694809,0.8824589802327389
25971,LOF,0.08034778488836158,0.026898640773841968,0.8927535743377966
25972,LOF,0.066847201853324,0.04589070947889808,0.887262088667778
25973,LOF,0.07481467072458534,0.008440734045981444,0.9167445952294333
25974,LOF,0.04923997140791946,0.03961679780924271,0.9111432307828378
25975,LOF,0.04458062788630228,0.015687170219893486,0.9397322018938044
25976,LOF,0.09572029884185282,0.009980901238857434,0.8942987999192897
25977,LOF,0.21116605870858998,0.06440764882869865,0.7244262924627114
25978,LOF,0.20810627861004827,0.1163458138466841,0.6755479075432677
25979,LOF,0.16584118287180816,0.1291006452723861,0.7050581718558058
25980,LOF,0.27669760924656905,0.18998242593545228,0.5333199648179786
25981,LOF,0.2783506284089929,0.19182047787477113,0.5298288937162359
25982,Neutral,0.49090096514538994,0.09275326819354433,0.41634576666106565
25983,Neutral,0.4877636541214424,0.11583239656196201,0.3964039493165956
25984,LOF,0.04119459766377009,0.08588212855132568,0.8729232737849043
25985,LOF,0.41190169667052895,0.1451992802690084,0.4428990230604627
25986,LOF,0.014745691812322855,0.39113485437871226,0.5941194538089649
25987,LOF,0.04812599047326775,0.095441616182763,0.8564323933439693
25988,LOF,0.040831280474951694,0.14518346492139647,0.8139852546036518
25989,LOF,0.038378375590013676,0.18458354814653402,0.7770380762634522
25990,LOF,0.038807273024740935,0.2875817155180074,0.6736110114572517
25991,LOF,0.026026953660538605,0.44984550747615276,0.5241275388633087
25992,LOF,0.023949723286677868,0.4530897144708567,0.5229605622424655
25993,LOF,0.028351170385841493,0.08483425863557308,0.8868145709785854
25994,LOF,0.024813175994296912,0.08017822049267766,0.8950086035130255
25995,LOF,0.02204786627081345,0.1472074014518948,0.8307447322772918
25996,GOF,0.3284508855339752,0.3450493704097372,0.32649974405628757
25997,LOF,0.07038407085848353,0.40665933968402856,0.5229565894574879
25998,LOF,0.29655166920150744,0.04220219870565746,0.661246132092835
25999,LOF,0.02461158934974567,0.19697144490587212,0.7784169657443821
26000,LOF,0.17282308886209816,0.033146265739686605,0.7940306453982152
26001,LOF,0.24148995026745632,0.0517488873990662,0.7067611623334775
26002,LOF,0.12815027965855216,0.05046047163090199,0.8213892487105457
26003,GOF,0.006323072202564058,0.669625692209481,0.32405123558795507
26004,GOF,0.009653582939900882,0.7117599902532501,0.278586426806849
26005,GOF,0.004343930358774108,0.5114067066717701,0.4842493629694558
26006,GOF,0.12133247005863887,0.5643592689656424,0.3143082609757188
26007,GOF,0.008353263266864835,0.558393452949247,0.43325328378388817
26008,GOF,0.0063443123918922005,0.6398028532263761,0.3538528343817318
26009,GOF,0.00888712269213223,0.695874507358653,0.2952383699492148
26010,GOF,0.008486162169231521,0.6220576126002036,0.36945622523056476
26011,LOF,0.0034880265997968107,0.46060709912858094,0.5359048742716224
26012,GOF,0.004763252912049087,0.551298786829103,0.4439379602588478
26013,GOF,0.011821566496431278,0.6073437047499575,0.38083472875361135
26014,LOF,0.05935755452619167,0.12700656106535785,0.8136358844084505
26015,LOF,0.3538004288979953,0.028817850349943337,0.6173817207520613
26016,LOF,0.2964718976921754,0.042262749747097345,0.6612653525607273
26017,LOF,0.022456673122736432,0.22242650617508414,0.7551168207021796
26018,LOF,0.025379537714434262,0.057473331980587,0.9171471303049789
26019,LOF,0.02520342099871344,0.04929096538912478,0.9255056136121618
26020,LOF,0.01037421365163483,0.20071103664965345,0.7889147496987117
26021,LOF,0.0874736042800186,0.07750734447996109,0.8350190512400204
26022,LOF,0.03620310518287152,0.034092656632317135,0.9297042381848114
26023,LOF,0.02538881844405575,0.0370109903911033,0.9376001911648408
26024,LOF,0.054328949045813986,0.07699580512609239,0.8686752458280936
26025,LOF,0.06571936014146326,0.07890757004625756,0.8553730698122792
26026,LOF,0.09647847434154783,0.06852302362319546,0.8349985020352567
26027,LOF,0.024575454671239623,0.026563690105696206,0.9488608552230641
26028,LOF,0.11488113362032062,0.1547710701260123,0.7303477962536671
26029,LOF,0.020257521652234548,0.21070296733479432,0.7690395110129712
26030,LOF,0.1685517302375705,0.02681199280210659,0.8046362769603229
26031,LOF,0.00956400117262473,0.15896569678717792,0.8314703020401972
26032,LOF,0.04524342179438494,0.05551779819354536,0.8992387800120697
26033,LOF,0.0595121649304057,0.05024864872598793,0.8902391863436063
26034,LOF,0.011558524364282763,0.1675607733393078,0.8208807022964095
26035,LOF,0.01219537398897333,0.11279489404624808,0.8750097319647786
26036,LOF,0.011830223063272208,0.12846361693065508,0.8597061600060727
26037,LOF,0.010054953769811144,0.10845119661322414,0.8814938496169648
26038,LOF,0.0377648640622352,0.05076122315674392,0.9114739127810209
26039,LOF,0.022238264086511472,0.15175673523731548,0.826005000676173
26040,LOF,0.0991377665862485,0.11926562339691486,0.7815966100168367
26041,LOF,0.013955945896373226,0.08874547228934267,0.8972985818142842
26042,LOF,0.012537798864732871,0.10106616354515646,0.8863960375901108
26043,LOF,0.036497731460490304,0.07171025556504981,0.8917920129744599
26044,LOF,0.011818006624588,0.056866684046369326,0.9313153093290427
26045,LOF,0.08141030853054516,0.1077957114102135,0.8107939800592414
26046,LOF,0.032046349609254586,0.05443467791584997,0.9135189724748954
26047,LOF,0.05661725590575011,0.05545359750553605,0.8879291465887137
26048,LOF,0.06359961901284943,0.028757454433412065,0.9076429265537385
26049,Neutral,0.9438013706490408,0.00886547021350414,0.047333159137455
26050,Neutral,0.920037831709852,0.009389073733929547,0.07057309455621832
26051,LOF,0.020841862356930363,0.10864713326273032,0.8705110043803392
26052,LOF,0.03527622614849459,0.1276989387238211,0.8370248351276842
26053,LOF,0.026090927909848335,0.15550895647265592,0.8184001156174957
26054,LOF,0.04691774649342101,0.025750274293593993,0.927331979212985
26055,LOF,0.06862475571570699,0.022775082853654344,0.9086001614306387
26056,LOF,0.057378608782366204,0.028360478414935816,0.9142609128026981
26057,LOF,0.05890478076896618,0.01431017731989504,0.9267850419111389
26058,LOF,0.0627357261515523,0.011861859348330717,0.925402414500117
26059,LOF,0.18946539201605142,0.03151146376093517,0.7790231442230133
26060,LOF,0.016411384342756363,0.1669672248451924,0.8166213908120511
26061,LOF,0.011824852723689269,0.009554036235484049,0.9786211110408267
26062,LOF,0.006071757651198581,0.016921265083338695,0.9770069772654627
26063,LOF,0.04100983502654616,0.010975875570658052,0.9480142894027958
26064,LOF,0.009898669532947756,0.027135771558289064,0.9629655589087632
26065,LOF,0.049720254477661104,0.012556063145827027,0.9377236823765119
26066,LOF,0.04573846587691759,0.010282601997528337,0.9439789321255542
26067,LOF,0.05519797156401532,0.009630662169895375,0.9351713662660893
26068,LOF,0.05402624107338851,0.04277892341057475,0.9031948355160369
26069,LOF,0.16426352248076673,0.0280932290735419,0.8076432484456914
26070,LOF,0.32912222190720386,0.02508345707691456,0.6457943210158815
26071,LOF,0.04857068449410966,0.011570730227254139,0.9398585852786362
26072,LOF,0.009510953429357498,0.019341748282326106,0.9711472982883164
26073,LOF,0.04125203076565432,0.014070566045115742,0.94467740318923
26074,Neutral,0.9088886599939909,0.008815790961758723,0.08229554904425024
26075,LOF,0.05871602159601905,0.018352945895587516,0.9229310325083934
26076,LOF,0.05664648903932654,0.011953809726056822,0.9313997012346166
26077,LOF,0.14157834814482417,0.006324492314907459,0.8520971595402683
26078,LOF,0.008243523191777164,0.014375576467224621,0.9773809003409983
26079,LOF,0.06539327237602037,0.020028786722579208,0.9145779409014005
26080,LOF,0.06454195406306089,0.020047848435217883,0.9154101975017213
26081,LOF,0.035956873272204544,0.008941989029520035,0.9551011376982753
26082,LOF,0.0069730646636162056,0.01483876315647795,0.978188172179906
26083,LOF,0.1040565680510127,0.019519037128041664,0.8764243948209457
26084,LOF,0.11632389590838506,0.014247376359384984,0.8694287277322299
26085,LOF,0.1098551111425189,0.0122360757813999,0.8779088130760812
26086,LOF,0.040734763359118874,0.011523268454552836,0.9477419681863283
26087,LOF,0.038796463621918506,0.01022247374341048,0.950981062634671
26088,LOF,0.00797459848980015,0.021256661284169087,0.9707687402260308
26089,LOF,0.04548288213220054,0.03184418711739477,0.9226729307504046
26090,LOF,0.046327321091057874,0.024178846486488288,0.9294938324224539
26091,LOF,0.032899959412464104,0.007797312370184026,0.9593027282173519
26092,LOF,0.04667194014875562,0.008294668036035175,0.9450333918152093
26093,LOF,0.08441725884287016,0.005846038234054276,0.9097367029230756
26094,LOF,0.03715471987704319,0.00722790754522612,0.9556173725777307
26095,LOF,0.0401417826550606,0.015492010637716215,0.9443662067072232
26096,LOF,0.19397191876745573,0.005013974441609582,0.8010141067909348
26097,LOF,0.007809939552718699,0.029628760351226913,0.9625613000960543
26098,LOF,0.08259875695522027,0.016265561548742844,0.901135681496037
26099,LOF,0.04551656922900071,0.016869022940108534,0.9376144078308908
26100,LOF,0.04547235171377223,0.016869804416512098,0.9376578438697157
26101,LOF,0.059681041239351466,0.029484361701099682,0.9108345970595488
26102,LOF,0.03574573027282078,0.016662812919371557,0.9475914568078077
26103,Neutral,0.886593035526176,0.02546941977114831,0.08793754470267576
26104,LOF,0.06005642344913463,0.04048350448765251,0.8994600720632129
26105,LOF,0.2554865399517436,0.1727609957583998,0.5717524642898566
26106,LOF,0.3110489244054888,0.11588583326247787,0.5730652423320333
26107,LOF,0.023371093762009285,0.09591737755732302,0.8807115286806676
26108,LOF,0.2984496133973905,0.04373944653967534,0.6578109400629343
26109,LOF,0.09349999564931301,0.04028365341828094,0.866216350932406
26110,LOF,0.44486853563176426,0.009038655395606646,0.546092808972629
26111,LOF,0.05247700780186599,0.13535550359830784,0.8121674885998262
26112,LOF,0.05589061673492536,0.008013073858575501,0.9360963094064991
26113,LOF,0.11354470036962323,0.020717753121562363,0.8657375465088144
26114,LOF,0.09026123219433661,0.008934316515213293,0.9008044512904502
26115,LOF,0.014186586420925035,0.04881164494365845,0.9370017686354166
26116,LOF,0.0719851787410445,0.0186412984874967,0.9093735227714588
26117,LOF,0.3736590491244236,0.031063450599851654,0.5952775002757248
26118,LOF,0.052260572548872515,0.014487185618931806,0.9332522418321956
26119,LOF,0.006283302774930475,0.029227299332304037,0.9644893978927656
26120,LOF,0.03560087776583169,0.014791077326855594,0.9496080449073127
26121,LOF,0.004085701745559333,0.1150402009969144,0.8808740972575263
