feature0,prediction,LoGoFunc_Neutral,LoGoFunc_GOF,LoGoFunc_LOF
25546,Neutral,0.6734411171086552,0.09221600092586603,0.23434288196547862
25547,Neutral,0.5469642049427719,0.17507021386026483,0.27796558119696335
25548,Neutral,0.521656012859623,0.1253233359747632,0.3530206511656139
25549,Neutral,0.4933073811125414,0.12392513519998029,0.3827674836874783
25550,LOF,0.37788141869167696,0.21225136036752898,0.4098672209407941
25551,LOF,0.3164047833178301,0.20280230952985157,0.4807929071523184
25552,LOF,0.17809635987327374,0.20600525361335267,0.6158983865133735
25553,Neutral,0.8283605584922582,0.04892291444379724,0.12271652706394456
25554,LOF,0.21895634906585715,0.19798939974946528,0.5830542511846775
25555,LOF,0.17414718656898948,0.17593512599715677,0.6499176874338537
25556,Neutral,0.5316485629956214,0.1301143957737615,0.33823704123061715
25557,LOF,0.16920774774107938,0.18231767692323902,0.6484745753356815
25558,LOF,0.2137255623662289,0.21370829237702443,0.5725661452567468
25559,LOF,0.4733612432372635,0.024811293764066267,0.5018274629986703
25560,LOF,0.03578410215586401,0.23702055127451047,0.7271953465696255
25561,LOF,0.09162777529586845,0.2690115967160296,0.6393606279881019
25562,LOF,0.11940758166001154,0.08646499473442862,0.7941274236055598
25563,LOF,0.10357241483464623,0.1101533866464439,0.7862741985189099
25564,LOF,0.07372053937272663,0.15422806755112609,0.7720513930761473
25565,LOF,0.13566330001064647,0.2554172416924179,0.6089194582969356
25566,GOF,0.016997397010961295,0.700531395610941,0.2824712073780976
25567,LOF,0.00971162983712133,0.1816762737638023,0.8086120963990764
25568,LOF,0.042050822658153374,0.06935930056472567,0.888589876777121
25569,LOF,0.05996366030844183,0.06847542214163665,0.8715609175499215
25570,LOF,0.046292886323034264,0.1004705789550196,0.8532365347219462
25571,LOF,0.05333365394830328,0.0959272279117473,0.8507391181399493
25572,LOF,0.05126194526484697,0.09936246480806009,0.8493755899270929
25573,LOF,0.026859648330883935,0.07806653356372545,0.8950738181053907
25574,LOF,0.01360168135753393,0.23218324123372217,0.7542150774087438
25575,LOF,0.04736629596659124,0.08385682458066701,0.8687768794527417
25576,LOF,0.014597252918244541,0.0892009160423957,0.8962018310393598
25577,LOF,0.01046024122910395,0.08269072782942138,0.9068490309414747
25578,LOF,0.25880197626423457,0.08986901788245144,0.651329005853314
25579,LOF,0.2605475387051309,0.08908316439498472,0.6503692968998844
25580,LOF,0.02748754849586011,0.0817913041063063,0.8907211473978335
25581,LOF,0.04581639614292285,0.07596831690431977,0.8782152869527574
25582,LOF,0.04526328965949423,0.07016310327721736,0.8845736070632884
25583,LOF,0.027377278367946525,0.08379750522736154,0.8888252164046919
25584,Neutral,0.4981825465256391,0.10125823293860142,0.4005592205357596
25585,LOF,0.01970652824147523,0.08003286487454918,0.9002606068839756
25586,LOF,0.02797438921791178,0.0640049623003578,0.9080206484817305
25587,LOF,0.024660731837483903,0.058283490725750384,0.9170557774367658
25588,LOF,0.023412074848789665,0.08041667359332595,0.8961712515578842
25589,Neutral,0.6297102640335148,0.12395659448366715,0.2463331414828181
25590,LOF,0.02146141468445029,0.11435332132059094,0.8641852639949589
25591,LOF,0.10414638747298367,0.05046931968785627,0.8453842928391601
25592,LOF,0.07891789655806486,0.11745873572881849,0.8036233677131167
25593,GOF,0.010908286704884203,0.5050765867473079,0.4840151265478079
25594,LOF,0.03486224245069963,0.10178255545174232,0.8633552020975581
25595,LOF,0.06359453695216744,0.07232800741559121,0.8640774556322414
25596,LOF,0.09583006061432175,0.048895675825321096,0.8552742635603571
25597,LOF,0.07719242073390846,0.0184010668382049,0.9044065124278866
25598,LOF,0.04734039842057534,0.11240051547660154,0.8402590861028232
25599,GOF,0.008303852645122239,0.5341540776399296,0.45754206971494815
25600,LOF,0.009394280013013573,0.4487105840178878,0.5418951359690987
25601,LOF,0.008515748788517808,0.2718630043766448,0.7196212468348374
25602,LOF,0.01780969297014878,0.04400211692323085,0.9381881901066204
25603,LOF,0.04047241902789425,0.06042351910819704,0.8991040618639087
25604,LOF,0.03772600891761023,0.0639175469083727,0.8983564441740172
25605,LOF,0.012443374779147616,0.22053178094739642,0.767024844273456
25606,GOF,0.0647641471273286,0.5173050524030607,0.4179308004696107
25607,LOF,0.0033779052954896775,0.1233936917120811,0.8732284029924291
25608,LOF,0.05487208418843985,0.040813990111107895,0.9043139257004522
25609,LOF,0.08712177679327578,0.2518072728717515,0.6610709503349728
25610,LOF,0.04299943134182688,0.01838295375823236,0.9386176148999408
25611,LOF,0.05496734981926463,0.012812066345280145,0.9322205838354553
25612,LOF,0.10991007133556553,0.03290026618636023,0.8571896624780743
25613,LOF,0.09548224103468261,0.02640917074345079,0.8781085882218665
25614,LOF,0.04317232363637655,0.02712377334438188,0.9297039030192414
25615,LOF,0.07485707171526924,0.029200100784813318,0.8959428274999174
25616,LOF,0.034231704385416825,0.03477253711087548,0.9309957585037076
25617,LOF,0.049998039665208625,0.02319439972135038,0.9268075606134409
25618,LOF,0.24113934281269475,0.028294238587573354,0.7305664185997319
25619,LOF,0.042075463640363055,0.028477865580770725,0.9294466707788661
25620,LOF,0.037797966424609114,0.04187100293593288,0.920331030639458
25621,LOF,0.04210014491697254,0.02575480867475525,0.9321450464082722
25622,LOF,0.031142208321375865,0.04080560263509411,0.9280521890435299
25623,LOF,0.05214157241666766,0.03061697268444343,0.9172414548988889
25624,LOF,0.037532792910725435,0.03357908297248604,0.9288881241167886
25625,LOF,0.04587302265527144,0.040131268858696556,0.913995708486032
25626,LOF,0.07491311891851862,0.024931640683254767,0.9001552403982266
25627,Neutral,0.5517116110043727,0.12630918926128856,0.3219791997343387
25628,LOF,0.18406691561864613,0.0679835079105794,0.7479495764707745
25629,LOF,0.050688670408953806,0.11026036127208323,0.839050968318963
25630,LOF,0.17652123394464067,0.09326709500075431,0.730211671054605
25631,Neutral,0.60605357106969,0.08032155994448677,0.31362486898582326
25632,LOF,0.016121709619620818,0.19043487557903235,0.7934434148013468
25633,LOF,0.20725118118217584,0.30763700118672943,0.48511181763109473
25634,LOF,0.03521245001076182,0.2506855403355608,0.7141020096536773
25635,LOF,0.03998265060494601,0.22019964998465702,0.739817699410397
25636,GOF,0.004980817971273935,0.562843673332575,0.4321755086961511
25637,LOF,0.004409138251311488,0.4442889985415227,0.5513018632071658
25638,LOF,0.005395675246881483,0.43558964116266013,0.5590146835904584
25639,LOF,0.004695197236892552,0.3600484266376431,0.6352563761254644
25640,GOF,0.3104820487954375,0.6210878909068679,0.06843006029769462
25641,LOF,0.006296494204481606,0.2177793031229681,0.7759242026725502
25642,LOF,0.20634758121225924,0.06829200570645474,0.725360413081286
25643,LOF,0.22694102467417884,0.07726495634718138,0.6957940189786397
25644,GOF,0.01228975027932227,0.5418858086124799,0.44582444110819774
25645,GOF,0.009156853218223977,0.5700299296520557,0.4208132171297204
25646,LOF,0.010745943363082273,0.3686585092087727,0.6205955474281452
25647,LOF,0.00986816969292567,0.2994189432235813,0.690712887083493
25648,LOF,0.007035622599525866,0.35986677421755814,0.6330976031829161
25649,LOF,0.007307418686851168,0.20250055790088772,0.7901920234122611
25650,GOF,0.021339503881918492,0.4985126788662826,0.480147817251799
25651,LOF,0.006891209031086449,0.20834088971084616,0.7847679012580674
25652,LOF,0.010787716990838171,0.33546234490310417,0.6537499381060575
25653,GOF,0.04342811493872292,0.4894846323851734,0.4670872526761037
25654,LOF,0.0075019334049972195,0.3609467505683533,0.6315513160266495
25655,GOF,0.088569536840842,0.4792801870617952,0.4321502760973627
25656,LOF,0.08517550710092665,0.06927169942287771,0.8455527934761956
25657,LOF,0.26587040269368556,0.02913992125922178,0.7049896760470926
25658,LOF,0.03125866414391948,0.12452177613513825,0.8442195597209423
25659,LOF,0.23213716925753725,0.09053684108365158,0.6773259896588112
25660,LOF,0.10940178745341236,0.06684150056242111,0.8237567119841664
25661,LOF,0.06777495260791773,0.058569756272125344,0.873655291119957
25662,LOF,0.040505140759232346,0.0549056673454714,0.9045891918952962
25663,LOF,0.042106807178747235,0.09837800627879018,0.8595151865424626
25664,LOF,0.027535997089664716,0.2130724070697005,0.7593915958406346
25665,LOF,0.03999237360245424,0.052664461213335484,0.9073431651842103
25666,LOF,0.04144185975520431,0.22239240259051185,0.7361657376542838
25667,LOF,0.04068318684984239,0.03467203822910133,0.9246447749210562
25668,LOF,0.04508232781324234,0.04961278149125548,0.9053048906955021
25669,LOF,0.03724587205858925,0.07682529888018011,0.8859288290612307
25670,LOF,0.07505060966116678,0.1062286202001842,0.818720770138649
25671,LOF,0.054095755823462766,0.04406716598196453,0.9018370781945726
25672,LOF,0.0446217741035645,0.054338285341984024,0.9010399405544514
25673,LOF,0.037332388517468104,0.08662105843599376,0.8760465530465381
25674,LOF,0.028040450322522233,0.10870094473485638,0.8632586049426213
25675,LOF,0.03127022028596551,0.06327847790933035,0.9054513018047042
25676,LOF,0.040906578313370606,0.05866834769396028,0.9004250739926692
25677,LOF,0.07645897224225201,0.04561667426857814,0.8779243534891699
25678,LOF,0.18315845141401027,0.04588515584865705,0.7709563927373326
25679,LOF,0.11255174452589452,0.07531085938390976,0.8121373960901956
25680,LOF,0.10623195467920642,0.0768817128874891,0.8168863324333046
25681,LOF,0.10801463761672642,0.07313023021509973,0.8188551321681738
25682,LOF,0.04584243640082435,0.04325920311338673,0.9108983604857889
25683,LOF,0.08000165857338991,0.08436311738021245,0.8356352240463977
25684,LOF,0.05719723605546154,0.05540559920369426,0.8873971647408442
25685,LOF,0.11262310321568401,0.0523061565937843,0.8350707401905316
25686,LOF,0.02597409261889513,0.11555513688194348,0.8584707704991614
25687,LOF,0.04167233907814042,0.13115128628694933,0.8271763746349102
25688,LOF,0.022100458445804928,0.13667461462372069,0.8412249269304745
25689,LOF,0.013589769265544532,0.0746782970538556,0.9117319336805998
25690,LOF,0.016680569012930243,0.0797372237355964,0.9035822072514733
25691,LOF,0.13142498728612487,0.11592085334570396,0.7526541593681711
25692,LOF,0.3129464851352467,0.012354429321246396,0.6746990855435069
25693,LOF,0.03059028313689661,0.45237301341086017,0.5170367034522433
25694,LOF,0.24683529358126716,0.010091758752692822,0.7430729476660399
25695,LOF,0.17962676984236076,0.016160972598716176,0.8042122575589231
25696,LOF,0.08219229395115227,0.01639452305273219,0.9014131829961155
25697,LOF,0.07047681024964235,0.01510341725986935,0.9144197724904883
25698,LOF,0.016361281598349195,0.17067989237518383,0.8129588260264671
25699,LOF,0.08488863866338818,0.34261846609385416,0.5724928952427577
25700,LOF,0.04374812675391079,0.02416706387885762,0.9320848093672316
25701,LOF,0.01021392844142171,0.32229200131954233,0.667494070239036
25702,GOF,0.029143585278918006,0.6206514281887765,0.3502049865323055
25703,LOF,0.015217341924705322,0.07427768869346162,0.9105049693818331
25704,LOF,0.0662777913489185,0.046821872582416865,0.8869003360686647
25705,LOF,0.08777852383137927,0.15440943685695552,0.7578120393116651
25706,GOF,0.020303490020871492,0.6368671046342909,0.3428294053448375
25707,GOF,0.029093048420739672,0.5240869486666728,0.4468200029125875
25708,GOF,0.008124795151940398,0.5004248470691557,0.4914503577789039
25709,LOF,0.04878429579852506,0.05560244688427082,0.8956132573172042
25710,LOF,0.007225291990777363,0.12303113251542877,0.8697435754937938
25711,LOF,0.050792936331059205,0.0857282500014752,0.8634788136674656
25712,LOF,0.00984947478944809,0.20196494705683324,0.7881855781537186
25713,LOF,0.039906022634319464,0.09119532201276004,0.8688986553529205
25714,LOF,0.03900951377515819,0.13971757514927333,0.8212729110755685
25715,LOF,0.046602180140851136,0.0996498112314932,0.8537480086276555
25716,LOF,0.006202735673370139,0.10408056007562012,0.8897167042510097
25717,LOF,0.006374588420838245,0.10792442740753087,0.8857009841716309
25718,LOF,0.03788030766353765,0.05703149589090826,0.9050881964455542
25719,LOF,0.039758451562147974,0.09289253727408958,0.8673490111637624
25720,LOF,0.03670933837082697,0.1080143426042763,0.8552763190248968
25721,LOF,0.04023387476274817,0.09502860920544069,0.8647375160318111
25722,LOF,0.03053710315056099,0.11061562889450248,0.8588472679549365
25723,LOF,0.05068293183551608,0.09244813909334151,0.8568689290711424
25724,LOF,0.07160587975411797,0.22644600868153872,0.7019481115643433
25725,LOF,0.05964423754963534,0.07434240516861831,0.8660133572817463
25726,LOF,0.036660626863204704,0.08562896731594115,0.8777104058208542
25727,LOF,0.05152940544270953,0.068600860815313,0.8798697337419774
25728,LOF,0.043228537545253826,0.09697283755529212,0.859798624899454
25729,LOF,0.04817155930630621,0.09503636837412233,0.8567920723195714
25730,LOF,0.05775510554789981,0.06774065824489077,0.8745042362072094
25731,LOF,0.008032610677629984,0.089704583097659,0.9022628062247109
25732,LOF,0.027781819965605137,0.04477823055765079,0.927439949476744
25733,LOF,0.03690790128719173,0.062416039222083296,0.9006760594907249
25734,LOF,0.005544515676278254,0.27716786820535244,0.7172876161183693
25735,LOF,0.034384485916697474,0.06752802347250916,0.8980874906107933
25736,LOF,0.03269407431860516,0.11954183940192815,0.8477640862794668
25737,LOF,0.061290462193915284,0.08487259599227262,0.8538369418138121
25738,LOF,0.04419366618374732,0.1583038430672759,0.7975024907489767
25739,LOF,0.03482427494279957,0.12077483871855432,0.8444008863386461
25740,LOF,0.06378329114742698,0.11010831305899149,0.8261083957935815
25741,LOF,0.06183006604509816,0.0882828923939583,0.8498870415609435
25742,LOF,0.06425696626123688,0.10815727794744746,0.8275857557913157
25743,LOF,0.012184527114948851,0.0158960930588985,0.9719193798261526
25744,LOF,0.171833214481012,0.13008248944846026,0.6980842960705277
25745,LOF,0.03347663291580169,0.06810055064145498,0.8984228164427434
25746,LOF,0.01448559803102383,0.09121332213272113,0.8943010798362551
25747,LOF,0.052607372262670406,0.025732253745034007,0.9216603739922956
25748,LOF,0.3220334923219381,0.06991002835595572,0.6080564793221062
25749,LOF,0.018819891713691785,0.0555308311332041,0.9256492771531041
25750,LOF,0.02044884075413379,0.0623908224282542,0.917160336817612
25751,LOF,0.04280447841117958,0.05573068375295284,0.9014648378358676
25752,GOF,0.07692978612610052,0.5694112693550698,0.3536589445188297
25753,LOF,0.006155878758967277,0.33167965959850076,0.6621644616425321
25754,GOF,0.008587321855426128,0.86408415153319,0.12732852661138397
25755,LOF,0.00668263348204881,0.3525499248967196,0.6407674416212316
25756,LOF,0.01910606288995328,0.3907678542111262,0.5901260828989205
25757,GOF,0.008240795977707138,0.8212777176557117,0.17048148636658111
25758,GOF,0.008742489158441159,0.8777380945677353,0.11351941627382349
25759,GOF,0.007102294736428471,0.6118977753537465,0.38099992990982506
25760,LOF,0.005857052520549755,0.2429969534053741,0.7511459940740762
25761,GOF,0.046625174309719145,0.8797085379867117,0.07366628770356917
25762,LOF,0.021721405756957284,0.30059940386156075,0.6776791903814819
25763,LOF,0.005434811271703521,0.26396064426436344,0.7306045444639331
25764,GOF,0.06795084308595538,0.6467180184992943,0.2853311384147504
25765,GOF,0.009052675191665027,0.8912703407151524,0.09967698409318249
25766,GOF,0.026306834230034427,0.8255607184518741,0.1481324473180916
25767,GOF,0.01173087600737793,0.5595123479382387,0.4287567760543834
25768,LOF,0.05152105398051236,0.0773190649573285,0.8711598810621591
25769,LOF,0.03235649334811933,0.09767901367349113,0.8699644929783896
25770,LOF,0.15651899120431742,0.15259242908370266,0.6908885797119799
25771,LOF,0.023824214440911172,0.08968034207496887,0.8864954434841199
25772,LOF,0.047849358666901085,0.05774665192623296,0.8944039894068659
25773,LOF,0.018179311918543488,0.1207393723812594,0.8610813157001971
25774,LOF,0.024518073179748447,0.2459739043004143,0.7295080225198373
25775,LOF,0.023243642235466225,0.044999911815745836,0.9317564459487879
25776,LOF,0.03717428501203329,0.03628939420942785,0.926536320778539
25777,LOF,0.2858402400393865,0.13415818676183894,0.5800015731987745
25778,LOF,0.03062326429721258,0.09108048791438626,0.8782962477884011
25779,GOF,0.058979583223286024,0.8062869787687554,0.13473343800795862
25780,GOF,0.06793491820011612,0.8173592657990857,0.1147058160007983
25781,GOF,0.030217080968748356,0.7863445579309774,0.18343836110027423
25782,GOF,0.031190663650470987,0.8503200459783852,0.1184892903711439
25783,GOF,0.05296472607907823,0.8592845922045674,0.0877506817163543
25784,GOF,0.0951493422264302,0.8160290265326485,0.08882163124092121
25785,GOF,0.1418338315675097,0.7783746397037189,0.07979152872877145
25786,GOF,0.013926929989134692,0.6692690590140494,0.3168040109968159
25787,GOF,0.29828322735990587,0.6015663288204317,0.1001504438196624
25788,LOF,0.023014295101512854,0.10071641641762293,0.8762692884808642
25789,GOF,0.020644635906591206,0.8004749579076823,0.17888040618572656
25790,GOF,0.032528950670792055,0.7564465301012143,0.21102451922799365
25791,GOF,0.027859962641433804,0.5448027409248746,0.4273372964336916
25792,GOF,0.03457728900353612,0.6400622302239701,0.32536048077249363
25793,GOF,0.05451711488638926,0.6970270252222427,0.24845585989136812
25794,GOF,0.04894316393338684,0.5480731458921182,0.402983690174495
25795,GOF,0.06241502559215395,0.5816814927661988,0.35590348164164715
25796,GOF,0.14615794075072144,0.6390796305484336,0.21476242870084483
25797,GOF,0.07599914452173051,0.571907130727074,0.35209372475119544
25798,GOF,0.007287808514373349,0.7538676160459317,0.2388445754396951
25799,GOF,0.00522968125161033,0.6479086111418623,0.34686170760652735
25800,GOF,0.02532668334848674,0.8171709336508567,0.1575023830006566
25801,GOF,0.024664307100982157,0.7938758119404848,0.1814598809585329
25802,GOF,0.02528831131713475,0.7096255167624345,0.2650861719204309
25803,GOF,0.02368734134533668,0.6307333899543618,0.34557926870030153
25804,GOF,0.0359251156130484,0.6465038130115109,0.3175710713754407
25805,GOF,0.028702839624240504,0.7050936313755051,0.2662035290002545
25806,GOF,0.040881109744262616,0.7167172659176293,0.2424016243381082
25807,GOF,0.015659756407378784,0.6326341167519214,0.3517061268406997
25808,GOF,0.028466460250693836,0.7106432938683689,0.26089024588093723
25809,GOF,0.014092158391712595,0.6270640130386805,0.3588438285696067
25810,GOF,0.012372262557115155,0.6299117534332532,0.3577159840096317
25811,GOF,0.07818818349973469,0.8007067479376274,0.1211050685626378
25812,GOF,0.03674164399478635,0.6660116236654284,0.29724673233978527
25813,GOF,0.18589688180933595,0.6668883796884063,0.14721473850225775
25814,GOF,0.035324681926684004,0.6594275227638567,0.30524779530945917
25815,GOF,0.0551738715178026,0.7584393643097418,0.18638676417245573
25816,GOF,0.008772203275278462,0.7979527281296436,0.19327506859507795
25817,GOF,0.10357991695954272,0.6747337698548711,0.22168631318558618
25818,GOF,0.029941242183527887,0.7428751099315174,0.22718364788495451
25819,GOF,0.045594759202496365,0.6724220239983697,0.28198321679913396
25820,GOF,0.04909240815765548,0.5862736934501819,0.36463389839216276
25821,GOF,0.034408213337675714,0.6378913195032941,0.3277004671590301
25822,GOF,0.06574874196450275,0.6282586647973591,0.30599259323813816
25823,GOF,0.03215872921519334,0.6186186409531619,0.3492226298316448
25824,GOF,0.027067102602257254,0.6861970216282831,0.2867358757694595
25825,GOF,0.01910258397865912,0.6862621397423416,0.29463527627899927
25826,GOF,0.009422045937322624,0.6038081106155645,0.3867698434471128
25827,GOF,0.018803800919799635,0.6620562582198,0.3191399408604003
25828,GOF,0.01206280251206312,0.6666104606623133,0.3213267368256237
25829,GOF,0.00458709830679908,0.5329810337481519,0.4624318679450491
25830,LOF,0.06983165735938353,0.3474690838155697,0.5826992588250468
25831,GOF,0.07748069189346705,0.7356575869502473,0.1868617211562856
25832,GOF,0.00922161087480431,0.6609081675773876,0.32987022154780815
25833,GOF,0.027795583186158507,0.7554818557941174,0.21672256101972423
25834,GOF,0.00943500571408204,0.6807402045849276,0.3098247897009903
25835,GOF,0.02696205855024278,0.7860682848883028,0.18696965656145437
25836,GOF,0.007813621698351531,0.6984396753931784,0.29374670290847005
25837,GOF,0.011606860646109987,0.698125550315989,0.29026758903790095
25838,GOF,0.022463960582135137,0.7615807245596148,0.21595531485824998
25839,GOF,0.06431454173495325,0.707248574447206,0.22843688381784083
25840,GOF,0.09132015772231294,0.6687876522210071,0.23989219005668003
25841,GOF,0.07332482675140359,0.736771283357678,0.18990388989091844
25842,GOF,0.027470370770596494,0.825887330692402,0.14664229853700142
25843,GOF,0.026026225912641688,0.8322587263364447,0.14171504775091354
25844,GOF,0.02271147881735378,0.7641003507613181,0.21318817042132826
25845,GOF,0.008019471485636876,0.6565246618507955,0.3354558666635676
25846,GOF,0.07213599098044589,0.8126364317346002,0.1152275772849539
25847,GOF,0.018928193954423415,0.7898013240057535,0.1912704820398232
25848,GOF,0.020777950311725156,0.7501357416397937,0.22908630804848099
25849,GOF,0.007162213333522671,0.7115706366558641,0.2812671500106133
25850,GOF,0.008090049574007996,0.6205483935003896,0.37136155692560235
25851,GOF,0.007282508641275236,0.5567382109022273,0.4359792804564975
25852,LOF,0.15399032536796511,0.420583182818597,0.4254264918134379
25853,GOF,0.05998096391339439,0.716060033475281,0.22395900261132454
25854,GOF,0.007176208165488395,0.6206543278509271,0.37216946398358447
25855,GOF,0.025511118962342833,0.5032906449998777,0.47119823603777944
25856,GOF,0.05025396556517991,0.6579838879243972,0.29176214651042287
25857,GOF,0.025461989175656986,0.4905137097597796,0.48402430106456334
25858,GOF,0.008925008347805257,0.49873297960468027,0.49234201204751454
25859,LOF,0.006547280620200162,0.47754285215794595,0.515909867221854
25860,GOF,0.07186493890197562,0.5640963413911183,0.3640387197069061
25861,GOF,0.10440299516314307,0.7518063606853007,0.1437906441515561
25862,GOF,0.021515595414053342,0.851741961386939,0.1267424431990078
25863,GOF,0.01919313505065966,0.813609482434646,0.1671973825146943
25864,GOF,0.03064515604876617,0.8586980502552384,0.11065679369599545
25865,GOF,0.037477329985073374,0.8382982636195133,0.1242244063954132
25866,GOF,0.02093249167895075,0.8222462331596583,0.15682127516139102
25867,GOF,0.03922035221711749,0.8351473612784539,0.12563228650442856
25868,GOF,0.07022442020190664,0.7158420641986607,0.21393351559943258
25869,GOF,0.32101419590207037,0.5031221379632268,0.17586366613470283
25870,LOF,0.07497203990649193,0.39376971491227053,0.5312582451812375
25871,GOF,0.010416643025630033,0.633840587645229,0.35574276932914106
25872,GOF,0.025249137891687926,0.637175514836898,0.3375753472714141
25873,GOF,0.022472256992195686,0.7477828213233534,0.22974492168445093
25874,LOF,0.02871388007637297,0.09562583532798437,0.8756602845956426
25875,LOF,0.025352403717385355,0.19083905125969536,0.7838085450229193
25876,LOF,0.021286631763714554,0.07684559434418217,0.9018677738921033
25877,LOF,0.08672686395746643,0.3178330989380121,0.5954400371045214
25878,LOF,0.05844255970181794,0.38985645317450085,0.5517009871236812
25879,LOF,0.01027666727480293,0.22299853880435525,0.7667247939208418
25880,LOF,0.04575921912622354,0.025363534167198037,0.9288772467065785
25881,Neutral,0.469178031963824,0.2945206936227591,0.23630127441341678
25882,LOF,0.0361801839337061,0.08482976817694027,0.8789900478893536
25883,LOF,0.027237755015896502,0.10559186634044722,0.8671703786436563
25884,LOF,0.013391553850922135,0.10348431332178855,0.8831241328272893
25885,LOF,0.1436466212438556,0.033151306106923115,0.8232020726492213
25886,LOF,0.19878584492294646,0.22496841043854782,0.5762457446385058
25887,GOF,0.04825604928822472,0.5010338645933423,0.45071008611843294
25888,LOF,0.005177258971283089,0.37080871216169387,0.6240140288670231
25889,LOF,0.022507846096875464,0.08510803653574181,0.8923841173673828
25890,LOF,0.18401951114655815,0.29471270044773185,0.52126778840571
25891,LOF,0.10311492737878179,0.11750528089066384,0.7793797917305544
25892,LOF,0.006883320606005735,0.03502390340730995,0.9580927759866842
25893,LOF,0.2508107532431727,0.01251318595944845,0.7366760607973788
25894,LOF,0.2921876801282393,0.00847841796541735,0.6993339019063434
25895,LOF,0.26275644545617993,0.014934646442697066,0.7223089081011229
25896,LOF,0.07356145744956133,0.036741918524816945,0.8896966240256217
25897,LOF,0.09294225293165827,0.015759745895880455,0.8912980011724613
25898,LOF,0.09071350584763302,0.04678183208285801,0.8625046620695089
25899,LOF,0.39086485135985954,0.04355938064912397,0.5655757679910164
25900,Neutral,0.7538355024604233,0.012065771992186685,0.23409872554739
25901,LOF,0.06023372120965432,0.011245415638551564,0.928520863151794
25902,LOF,0.07663039880194969,0.008649221042266949,0.9147203801557834
25903,LOF,0.1387439363914241,0.040435390805089975,0.8208206728034858
25904,Neutral,0.4655349175801386,0.09543179146573744,0.439033290954124
25905,LOF,0.011897418428525444,0.25561170339098577,0.7324908781804889
25906,LOF,0.008513616825462917,0.02292080323488717,0.9685655799396499
25907,LOF,0.009016830130950332,0.1581594199608782,0.8328237499081715
25908,LOF,0.009165615941763957,0.14123680387555734,0.8495975801826787
25909,LOF,0.0431243923742856,0.06160744961581176,0.8952681580099027
25910,LOF,0.014177136922048849,0.08946305881834817,0.896359804259603
25911,LOF,0.171567840792838,0.10085300297700263,0.7275791562301593
25912,LOF,0.13734132716403197,0.026346687235754833,0.8363119856002131
25913,LOF,0.01417572928041927,0.0943427445704097,0.8914815261491711
25914,LOF,0.04446178852695992,0.02989124111130319,0.9256469703617368
25915,LOF,0.2099489534451701,0.3833539849418306,0.4066970616129992
25916,LOF,0.015011487201147932,0.2165287299061435,0.7684597828927087
25917,LOF,0.0650204578745817,0.035579735420196885,0.8993998067052213
25918,LOF,0.04398959329095456,0.019324611950940023,0.9366857947581054
25919,LOF,0.04004479976283986,0.01780472648301818,0.9421504737541418
25920,LOF,0.22811271660343055,0.33180434637100603,0.44008293702556334
25921,LOF,0.0227460540890225,0.03579189292091001,0.9414620529900674
25922,LOF,0.019646797649668653,0.030435551238710293,0.9499176511116211
25923,LOF,0.4715661635589099,0.024906951771317895,0.5035268846697721
25924,LOF,0.026080898909661098,0.03520958705803293,0.938709514032306
25925,LOF,0.12526784255744441,0.04902625950763689,0.8257058979349187
25926,LOF,0.10530819451413966,0.03327046870942663,0.8614213367764337
25927,LOF,0.02499451398575758,0.06306430084557575,0.9119411851686667
25928,LOF,0.01536030831455391,0.018501419474744662,0.9661382722107015
25929,Neutral,0.5988840253809455,0.024300661259651895,0.3768153133594026
25930,LOF,0.06616000580300031,0.02610732527175934,0.9077326689252403
25931,LOF,0.015659319274305524,0.020223365071685824,0.9641173156540086
25932,LOF,0.0923363975141022,0.013855376264421874,0.893808226221476
25933,LOF,0.09089641394888284,0.010471066159919046,0.8986325198911981
25934,LOF,0.08640470059484423,0.01284533464816902,0.9007499647569868
25935,LOF,0.11964778641377535,0.036754123067391585,0.8435980905188329
25936,LOF,0.08863596388749602,0.011605105783165006,0.899758930329339
25937,LOF,0.017985243449850075,0.022725143281484346,0.9592896132686656
25938,LOF,0.1204306644191621,0.03258144282285579,0.846987892757982
25939,LOF,0.0630081673220524,0.013502930411705494,0.923488902266242
25940,LOF,0.008340349687864937,0.3612667739725922,0.6303928763395429
25941,Neutral,0.4930093650209144,0.18570147557283262,0.321289159406253
25942,LOF,0.008456598339158853,0.22347567786987393,0.7680677237909672
25943,GOF,0.0257662377482787,0.5921550879799165,0.38207867427180486
25944,GOF,0.03097303790678588,0.5533586844097527,0.41566827768346154
25945,LOF,0.09961311757263948,0.1446636580381942,0.7557232243891664
25946,LOF,0.08909279300014736,0.06608056916816006,0.8448266378316927
25947,Neutral,0.5045240367976714,0.10923986289862644,0.3862361003037021
25948,LOF,0.4862213255320575,0.016299727621048223,0.4974789468468942
25949,LOF,0.11137634323663546,0.04202579472723313,0.8465978620361314
25950,GOF,0.03863255016369941,0.82524155873516,0.13612589110114068
25951,GOF,0.015368886625356343,0.6489464410199641,0.3356846723546794
25952,GOF,0.09610788937605838,0.5113333694812368,0.39255874114270484
25953,GOF,0.00644131085357126,0.6452745312823552,0.34828415786407346
25954,GOF,0.02778251093960767,0.7431004197928002,0.22911706926759215
25955,GOF,0.006077055895158101,0.4979449673802103,0.4959779767246315
25956,LOF,0.009168531951296622,0.3700219511377708,0.6208095169109326
25957,LOF,0.2439117526874273,0.030400308450453443,0.7256879388621191
25958,LOF,0.029389351916351433,0.0764124103750643,0.8941982377085843
25959,GOF,0.005937456881247833,0.6396788871888917,0.35438365592986054
25960,LOF,0.004726059664255327,0.13711338270440787,0.8581605576313367
25961,LOF,0.029139680132738207,0.07330673421108116,0.8975535856561806
25962,LOF,0.05150661080694608,0.08176686954710474,0.8667265196459492
25963,LOF,0.009779456779896455,0.22318587961309755,0.7670346636070061
25964,LOF,0.04485103955727121,0.14622049029688222,0.8089284701458465
25965,LOF,0.1416564741925222,0.2289625332747798,0.629380992532698
25966,LOF,0.3529604429057972,0.19892843898305607,0.44811111811114673
25967,LOF,0.008101047560075233,0.05285336030357734,0.9390455921363475
25968,LOF,0.07563038997948986,0.24524467857170723,0.6791249314488029
25969,LOF,0.16411189872597337,0.03521715059067787,0.8006709506833487
25970,LOF,0.03700945940805187,0.258239802048361,0.7047507385435872
25971,LOF,0.06687121985491798,0.09289653434699204,0.84023224579809
25972,LOF,0.06565729198435691,0.11326089463968421,0.8210818133759589
25973,LOF,0.09309924927242054,0.006559709611634599,0.9003410411159448
25974,LOF,0.0921017820701803,0.05391994216824026,0.8539782757615795
25975,LOF,0.040929195551186445,0.009990132520784876,0.9490806719280287
25976,LOF,0.09527236926623407,0.006404204885371106,0.8983234258483949
25977,LOF,0.20525692605493295,0.07251374557577346,0.7222293283692937
25978,LOF,0.15879954976580485,0.11801252723592118,0.7231879229982741
25979,LOF,0.12256181203010122,0.1159870340111356,0.7614511539587633
25980,LOF,0.19209187448153864,0.221027931336113,0.5868801941823484
25981,LOF,0.19493393748951093,0.22848023114286853,0.5765858313676205
25982,LOF,0.2769152624436869,0.1080140752856911,0.6150706622706219
25983,Neutral,0.4696337800847637,0.11407391407216612,0.41629230584307025
25984,LOF,0.04165224081007152,0.1644731387541313,0.793874620435797
25985,Neutral,0.4018512060906176,0.2070677910078979,0.3910810029014844
25986,GOF,0.009738127728386312,0.5092459601601022,0.48101591211151146
25987,LOF,0.021722058203455706,0.08591203700078447,0.8923659047957597
25988,LOF,0.034796576148738594,0.2532719464798489,0.7119314773714125
25989,LOF,0.034445682918241426,0.2387285255371791,0.7268257915445795
25990,LOF,0.04018319311450307,0.343002710229835,0.616814096655662
25991,GOF,0.03511220538595473,0.5727800568186903,0.392107737795355
25992,LOF,0.013998257983479829,0.3397819447947115,0.6462197972218087
25993,LOF,0.029356662290079123,0.0751545703172563,0.8954887673926645
25994,LOF,0.03125094574509781,0.0868218087530675,0.8819272455018347
25995,LOF,0.019523065116181217,0.16280484328512643,0.8176720915986924
25996,GOF,0.31902191435635613,0.5117186248380089,0.16925946080563492
25997,GOF,0.06129798780023273,0.6472187313950684,0.2914832808046989
25998,LOF,0.2391127176533526,0.0391438512666651,0.7217434310799823
25999,LOF,0.027088638386301593,0.42190784803842757,0.5510035135752708
26000,LOF,0.13444481822629825,0.016994177941070193,0.8485610038326314
26001,LOF,0.1607031063643672,0.03678395358545857,0.8025129400501743
26002,LOF,0.11047460329400026,0.02446734059876056,0.8650580561072393
26003,GOF,0.007900098315058883,0.5801029760607936,0.41199692562414747
26004,GOF,0.018875817324145863,0.594215285270578,0.38690889740527623
26005,LOF,0.006713526855484898,0.4425846615470189,0.5507018115974961
26006,GOF,0.14709254811838446,0.47421052854382817,0.3786969233377874
26007,GOF,0.010430600064082205,0.5038889817694338,0.4856804181664841
26008,GOF,0.007396699058103855,0.53382043809907,0.45878286284282604
26009,GOF,0.01501280211468328,0.5640167282749301,0.42097046961038653
26010,GOF,0.009755193383837131,0.574087898821521,0.41615690779464193
26011,LOF,0.007039005562272637,0.40426825478969086,0.5886927396480365
26012,LOF,0.006860097930712027,0.4702187495876708,0.5229211524816172
26013,LOF,0.011609658384052843,0.4164075352916717,0.5719828063242755
26014,LOF,0.05339871682609958,0.08742430197205897,0.8591769812018414
26015,LOF,0.3745193027776075,0.05941862362679993,0.5660620735955927
26016,LOF,0.24978093874980203,0.1280278132147464,0.6221912480354516
26017,LOF,0.01681209029746414,0.40760084019024057,0.5755870695122952
26018,LOF,0.019910219595745998,0.1732755838481874,0.8068141965560666
26019,LOF,0.020031850305364016,0.14339718144557292,0.8365709682490631
26020,LOF,0.007225012257406924,0.37107800710145994,0.6216969806411331
26021,LOF,0.08548217573590411,0.23956768476616225,0.6749501394979337
26022,LOF,0.049374521105719014,0.07795628720447244,0.8726691916898086
26023,LOF,0.02950484706806729,0.13627815224939777,0.8342170006825349
26024,LOF,0.04394094464212057,0.16534771796527267,0.7907113373926068
26025,LOF,0.13526991584425263,0.16315113592697758,0.7015789482287699
26026,LOF,0.14518664667553066,0.11684859949878987,0.7379647538256795
26027,LOF,0.030287960094532194,0.08282448999572936,0.8868875499097385
26028,LOF,0.07577729084193262,0.21077148198907686,0.7134512271689906
26029,LOF,0.03960066867985313,0.09899322862213115,0.8614061026980158
26030,LOF,0.15454761472283757,0.007656701635750948,0.8377956836414114
26031,LOF,0.020455877578980517,0.0960749868308273,0.8834691355901921
26032,LOF,0.030262676862770583,0.017834910423792233,0.9519024127134372
26033,LOF,0.04690703408518237,0.03336453396186483,0.9197284319529527
26034,LOF,0.026919594653422113,0.06216403782253991,0.9109163675240379
26035,LOF,0.016019717812727992,0.07226066913522321,0.9117196130520487
26036,LOF,0.015195239038709205,0.057639753465931726,0.927165007495359
26037,LOF,0.0141268264375778,0.0610173011116571,0.9248558724507651
26038,LOF,0.024853414081469367,0.017772641222487052,0.9573739446960435
26039,LOF,0.03475507898048452,0.09008388334891347,0.8751610376706022
26040,LOF,0.06916406960382614,0.1201058122647831,0.8107301181313908
26041,LOF,0.01765498549989539,0.07298877026372301,0.9093562442363815
26042,LOF,0.0163577329684013,0.08062223121677,0.9030200358148287
26043,LOF,0.023741348520435426,0.04049443691199476,0.9357642145675698
26044,LOF,0.00867536319566161,0.03814096791903057,0.9531836688853078
26045,LOF,0.08148521947596765,0.19579682020264383,0.7227179603213886
26046,LOF,0.023530990155131007,0.04439473781719494,0.932074272027674
26047,LOF,0.06020901681983626,0.03379733095336224,0.9059936522268015
26048,LOF,0.0796184846481995,0.020383497148412567,0.899998018203388
26049,Neutral,0.9207263589834245,0.00489721179935086,0.07437642921722451
26050,Neutral,0.8664539696928784,0.006001165876656341,0.12754486443046537
26051,LOF,0.031790052617223,0.3017913405054431,0.6664186068773339
26052,LOF,0.03407910578447832,0.19436200965674516,0.7715588845587764
26053,LOF,0.038612850972627455,0.05293854856056546,0.9084486004668071
26054,LOF,0.051326506333658456,0.09385752856647887,0.8548159650998627
26055,LOF,0.05618710585919718,0.08068493346505119,0.8631279606757515
26056,LOF,0.05334022446680452,0.08593968039284179,0.8607200951403536
26057,LOF,0.05841993144072599,0.017688300603554755,0.9238917679557193
26058,LOF,0.06959397715562407,0.014439854776933929,0.915966168067442
26059,LOF,0.2603314910066523,0.11377305607703515,0.6258954529163125
26060,LOF,0.015985079910286207,0.2274031464507223,0.7566117736389915
26061,LOF,0.013079484580768224,0.01197103514672255,0.9749494802725093
26062,LOF,0.006094638109281566,0.022910926990876202,0.9709944348998422
26063,LOF,0.060332372510364926,0.014889467375250324,0.9247781601143847
26064,LOF,0.01003563927049768,0.014240996216826654,0.9757233645126757
26065,LOF,0.048455053521087525,0.019465055899623947,0.9320798905792885
26066,LOF,0.05395418491454957,0.01330804162902088,0.9327377734564296
26067,LOF,0.060739791338640436,0.015311342655595382,0.9239488660057642
26068,LOF,0.04858554452970355,0.057593522377751,0.8938209330925455
26069,LOF,0.15556323057990457,0.04885896943976996,0.7955777999803255
26070,LOF,0.36672487153412725,0.030601122054845113,0.6026740064110276
26071,LOF,0.05071268398961649,0.01755388078853766,0.9317334352218459
26072,LOF,0.009389883677570283,0.01892887731351956,0.9716812390089102
26073,LOF,0.05530451448460431,0.01203817315754835,0.9326573123578473
26074,Neutral,0.7094038722491958,0.025680505593730966,0.26491562215707326
26075,LOF,0.03855529956209436,0.039341270872307155,0.9221034295655985
26076,LOF,0.05994103179007585,0.02004499853594951,0.9200139696739745
26077,LOF,0.15923231011609595,0.01913776150404244,0.8216299283798615
26078,LOF,0.007187351279249072,0.021572976546576587,0.9712396721741743
26079,LOF,0.05759944189194116,0.040048706245428,0.9023518518626308
26080,LOF,0.05623940317378429,0.040364127735418406,0.9033964690907973
26081,LOF,0.05329229018219466,0.01588378972095431,0.930823920096851
26082,LOF,0.0077624129046007665,0.02085121607155271,0.9713863710238465
26083,LOF,0.04691953027198179,0.040257065224609284,0.9128234045034089
26084,LOF,0.06256123526521608,0.017827132493906543,0.9196116322408775
26085,LOF,0.05563463007242169,0.015872471698954258,0.928492898228624
26086,LOF,0.03999844160425379,0.018555248128757112,0.9414463102669891
26087,LOF,0.04744503211851569,0.01987599835520426,0.9326789695262802
26088,LOF,0.007796111588323479,0.04210214427446311,0.9501017441372135
26089,LOF,0.03382700985348606,0.06840537576280584,0.8977676143837081
26090,LOF,0.03335670735685183,0.05344135282626819,0.91320193981688
26091,LOF,0.05411548898387198,0.015621270676082358,0.9302632403400457
26092,LOF,0.06699248729045448,0.014978092508969719,0.9180294202005758
26093,LOF,0.09068354476245748,0.010419235069577825,0.8988972201679646
26094,LOF,0.048590520481909635,0.016005535278489354,0.935403944239601
26095,LOF,0.01178973010779397,0.03320631399708334,0.9550039558951227
26096,LOF,0.29805413830922217,0.0051874898027391625,0.6967583718880388
26097,LOF,0.007583034096628225,0.051274155457454805,0.9411428104459171
26098,LOF,0.059565785893330336,0.0393313904412774,0.9011028236653922
26099,LOF,0.05201408207897685,0.04471544424363054,0.9032704736773928
26100,LOF,0.05201408207897685,0.04471544424363054,0.9032704736773928
26101,LOF,0.04300491501469612,0.052513977278268134,0.9044811077070356
26102,LOF,0.05183361269111839,0.02200476789884671,0.9261616194100348
26103,Neutral,0.853889202527481,0.04902402649727892,0.09708677097524013
26104,LOF,0.043405484113401026,0.11980022708849035,0.8367942887981086
26105,LOF,0.24552891557684098,0.25661099654422775,0.4978600878789313
26106,LOF,0.29768534029918065,0.11956338554921367,0.5827512741516057
26107,LOF,0.010142307016056964,0.16383011971708564,0.8260275732668573
26108,LOF,0.1326636385872757,0.17975253149593434,0.6875838299167899
26109,LOF,0.05605303783706045,0.021267942811802398,0.9226790193511372
26110,Neutral,0.5307829310044547,0.03989259488902104,0.42932447410652425
26111,LOF,0.0626331236149457,0.2486965606230575,0.6886703157619968
26112,LOF,0.056034237188273696,0.045055019750266774,0.8989107430614596
26113,LOF,0.06833151208678724,0.07317146275765607,0.8584970251555566
26114,LOF,0.10687030582962041,0.026764414520655085,0.8663652796497244
26115,LOF,0.0192795734431814,0.23832252957902955,0.7423978969777891
26116,LOF,0.06533826382954941,0.0822778681192304,0.8523838680512202
26117,LOF,0.2735194995809504,0.0710082615831379,0.6554722388359117
26118,LOF,0.03883152105729461,0.026430568045010046,0.9347379108976954
26119,LOF,0.005578530658925016,0.08756053600383742,0.9068609333372375
26120,LOF,0.0316459661845055,0.027774546489540624,0.940579487325954
26121,LOF,0.0044770433778463315,0.10284957181343536,0.8926733848087183
26122,LOF,0.005090586258939267,0.08969991819517546,0.9052094955458854
