feature0,prediction,LoGoFunc_Neutral,LoGoFunc_GOF,LoGoFunc_LOF
25546,Neutral,0.7511406500727409,0.029556363559454183,0.21930298636780485
25547,Neutral,0.5992620940945442,0.06308658007869615,0.3376513258267597
25548,Neutral,0.6014243664429426,0.04486570388562257,0.35370992967143483
25549,Neutral,0.5252364586655672,0.04442960553781673,0.43033393579661594
25550,LOF,0.3713441585351785,0.09041101230363369,0.5382448291611879
25551,LOF,0.28758906282122637,0.10244537672929704,0.6099655604494767
25552,LOF,0.21729676754715335,0.09474584570743215,0.6879573867454145
25553,Neutral,0.8528180417579194,0.02154290087241519,0.1256390573696655
25554,LOF,0.251685494124659,0.09013777594439695,0.6581767299309441
25555,LOF,0.20972863338350387,0.07780697238260877,0.7124643942338874
25556,Neutral,0.47466728384895596,0.07430319506986695,0.45102952108117716
25557,LOF,0.20059559970654248,0.08285385925987819,0.7165505410335793
25558,LOF,0.23573806634465377,0.08993245438200366,0.6743294792733425
25559,LOF,0.3652801467894526,0.10675307467431112,0.5279667785362363
25560,LOF,0.04756265741462072,0.11033887145590435,0.842098471129475
25561,LOF,0.10463664304291466,0.1076692987055872,0.7876940582514981
25562,LOF,0.07927324704728923,0.06356711666662003,0.8571596362860908
25563,LOF,0.0968960846149654,0.06122338889245997,0.8418805264925745
25564,LOF,0.2502241451227077,0.11777436526632631,0.632001489610966
25565,LOF,0.139187026539652,0.12449432940363464,0.7363186440567133
25566,GOF,0.012650359751219859,0.7681948969229355,0.2191547433258447
25567,LOF,0.02215646613236495,0.18865703944320988,0.7891864944244251
25568,LOF,0.058819492624943924,0.07107581249980671,0.8701046948752494
25569,LOF,0.058853021772916424,0.07316694697789057,0.8679800312491931
25570,LOF,0.05702725033367006,0.10317336861880808,0.8397993810475218
25571,LOF,0.050495076172623006,0.09907839975935684,0.8504265240680201
25572,LOF,0.0653097287211388,0.12012417354000554,0.8145660977388556
25573,LOF,0.035292288743585566,0.10165526685845136,0.8630524443979629
25574,LOF,0.020632565825703462,0.1548228566227915,0.824544577551505
25575,LOF,0.04289852608088113,0.11772765550388763,0.8393738184152312
25576,LOF,0.02196902645245329,0.13460761993554493,0.8434233536120017
25577,LOF,0.01775929813139675,0.1167341479136943,0.8655065539549089
25578,LOF,0.30193882796077276,0.0918410981480244,0.6062200738912028
25579,LOF,0.13252239969298824,0.1104852235197143,0.7569923767872974
25580,LOF,0.03045641824764202,0.0883917879292019,0.8811517938231562
25581,LOF,0.05126788403961203,0.07214809172690884,0.8765840242334791
25582,LOF,0.05093092945337555,0.0708355897134069,0.8782334808332175
25583,LOF,0.03763653933136223,0.09467647280141771,0.8676869878672201
25584,Neutral,0.500702455114084,0.11552437151762492,0.3837731733682912
25585,LOF,0.02312754929011846,0.1373954250739503,0.8394770256359313
25586,LOF,0.02942275516809122,0.07755117232778977,0.8930260725041189
25587,LOF,0.02944551039940862,0.07237501227447034,0.898179477326121
25588,LOF,0.030054933554608643,0.09249943404492612,0.8774456324004652
25589,Neutral,0.639716482924167,0.11425066686648944,0.24603285020934343
25590,LOF,0.03778154406398311,0.12833047886088075,0.8338879770751362
25591,LOF,0.09490375722982845,0.06383963700172884,0.8412566057684427
25592,LOF,0.09800476292621677,0.1334763946558215,0.7685188424179618
25593,LOF,0.035188906590264885,0.26135574511729015,0.7034553482924449
25594,LOF,0.04798143185057802,0.16314822887749525,0.7888703392719267
25595,LOF,0.05985758339276944,0.1093566214878524,0.8307857951193781
25596,LOF,0.05351295906935703,0.09059902285738808,0.8558880180732549
25597,LOF,0.03574071572680245,0.09275730627759723,0.8715019779956003
25598,LOF,0.05299206971762786,0.11597342322631404,0.8310345070560581
25599,GOF,0.0062951349587404195,0.612520923963268,0.38118394107799153
25600,GOF,0.012026753070407528,0.6064878924378244,0.3814853544917681
25601,LOF,0.00955461042069069,0.43971372908718426,0.550731660492125
25602,LOF,0.017527274919412094,0.051735881513810714,0.9307368435667772
25603,LOF,0.0542400623324009,0.02344596963096559,0.9223139680366335
25604,LOF,0.031096124099049532,0.060877162815122066,0.9080267130858284
25605,LOF,0.00851869954319074,0.255225176698322,0.7362561237584873
25606,LOF,0.08434155533434554,0.4087959468191075,0.5068624978465469
25607,LOF,0.006143052863184801,0.18857261181494364,0.8052843353218716
25608,LOF,0.017367924760695465,0.08542782620503857,0.8972042490342659
25609,LOF,0.05126452882902399,0.38524531216511715,0.5634901590058589
25610,LOF,0.03215673658288152,0.026584976818806668,0.9412582865983118
25611,LOF,0.03777957946916142,0.024969587220895116,0.9372508333099435
25612,LOF,0.10261874830937079,0.03900795537060509,0.858373296320024
25613,LOF,0.08441841831419486,0.04117859025035766,0.8744029914354475
25614,LOF,0.02675112524887725,0.034363430481218656,0.9388854442699042
25615,LOF,0.03516173159080699,0.04431049352990702,0.9205277748792859
25616,LOF,0.02538554898375358,0.03203538325106274,0.9425790677651836
25617,LOF,0.025639654846232925,0.03654930876254192,0.9378110363912251
25618,LOF,0.13769028094658706,0.031758399926304436,0.8305513191271084
25619,LOF,0.02840404637580596,0.03220891104918788,0.9393870425750063
25620,LOF,0.03217451630267863,0.04101020838784509,0.9268152753094762
25621,LOF,0.025800747352303095,0.03324673331549635,0.9409525193322005
25622,LOF,0.03453746702499608,0.035361750161769956,0.9301007828132339
25623,LOF,0.048455865214283876,0.03039125747403074,0.9211528773116853
25624,LOF,0.02472404358969094,0.041225466129041904,0.9340504902812672
25625,LOF,0.034151574973289696,0.044526866433098514,0.9213215585936119
25626,LOF,0.07889742171032804,0.03455158100543442,0.8865509972842376
25627,Neutral,0.5398914441777315,0.10777203123438256,0.352336524587886
25628,LOF,0.21025752692139685,0.04734996492690817,0.7423925081516949
25629,LOF,0.0564764266270126,0.06365105000030592,0.8798725233726815
25630,LOF,0.19321988251848196,0.07913786138813163,0.7276422560933864
25631,Neutral,0.622198374487664,0.05244987182011119,0.3253517536922248
25632,LOF,0.013559102031829346,0.11545951877852023,0.8709813791896505
25633,LOF,0.09767937428904447,0.08872772042005253,0.813592905290903
25634,LOF,0.03291126082131855,0.11529109246109347,0.8517976467175878
25635,LOF,0.03644717298539173,0.08697895473809454,0.8765738722765136
25636,GOF,0.0037735941609009964,0.6171451427000749,0.3790812631390241
25637,GOF,0.0036458976257589407,0.6774873974112113,0.31886670496302977
25638,LOF,0.006872514978559286,0.39962495136470333,0.5935025336567373
25639,GOF,0.0037442083959179184,0.5317819373671974,0.46447385423688475
25640,GOF,0.4477273458537299,0.49020487041655125,0.0620677837297189
25641,LOF,0.007336864719915459,0.38268912642297204,0.6099740088571125
25642,LOF,0.24736238007686787,0.07282767220966735,0.6798099477134648
25643,LOF,0.2896684636292254,0.17783355982908425,0.5324979765416903
25644,GOF,0.01663154933368704,0.5591572491487169,0.424211201517596
25645,GOF,0.01259333691753742,0.5009844798228289,0.48642218325963366
25646,LOF,0.02046872128217831,0.3543800801616829,0.6251511985561388
25647,LOF,0.015004617197973337,0.3055129368076521,0.6794824459943746
25648,LOF,0.014611661784464392,0.29797695312624894,0.6874113850892868
25649,LOF,0.01287273315400415,0.220682674800672,0.7664445920453238
25650,LOF,0.021542476450307928,0.465618722202971,0.512838801346721
25651,LOF,0.008770704527582029,0.30541230402952313,0.6858169914428949
25652,LOF,0.014639694048838128,0.2746551748981444,0.7107051310530174
25653,LOF,0.050956401745007526,0.37699872535371,0.5720448729012825
25654,LOF,0.016529519274473107,0.1634631731716691,0.8200073075538578
25655,LOF,0.08133740704392944,0.4210750019841927,0.4975875909718778
25656,LOF,0.10696700648662712,0.07552854201837474,0.8175044514949982
25657,LOF,0.3387441069488529,0.031431911335044034,0.6298239817161032
25658,LOF,0.045880907615355605,0.10135637113491486,0.8527627212497296
25659,LOF,0.3727235423160643,0.08216253193930287,0.5451139257446328
25660,LOF,0.06576994312899569,0.1021463400224611,0.8320837168485432
25661,LOF,0.0469290479026501,0.07632190009489294,0.876749052002457
25662,LOF,0.027433449311535036,0.049387852339699584,0.9231786983487653
25663,LOF,0.036401187050891695,0.07130810011160187,0.8922907128375065
25664,LOF,0.04014176690845045,0.0895041008468781,0.8703541322446715
25665,LOF,0.05607244663681733,0.05141198590215349,0.8925155674610291
25666,LOF,0.037541545864738825,0.12872404919379074,0.8337344049414704
25667,LOF,0.03137649073586637,0.056916382848838036,0.9117071264152956
25668,LOF,0.03219751862380758,0.06173927282293674,0.9060632085532556
25669,LOF,0.039027714553486775,0.0857320211091477,0.8752402643373656
25670,LOF,0.07454864002787134,0.08884840283480507,0.8366029571373236
25671,LOF,0.03740320673392392,0.048401983120709396,0.9141948101453667
25672,LOF,0.059675588328170014,0.06948555344348754,0.8708388582283424
25673,LOF,0.04330616940247047,0.07269059449321327,0.8840032361043162
25674,LOF,0.040093562880873755,0.07627622412826557,0.8836302129908606
25675,LOF,0.046230664256162395,0.06667772216486453,0.887091613578973
25676,LOF,0.03172418432936128,0.06116441095326308,0.9071114047173756
25677,LOF,0.06320451113417201,0.07212942219515368,0.8646660666706742
25678,LOF,0.29469097043946196,0.03871618841438555,0.6665928411461525
25679,LOF,0.1757457795147568,0.07755866122224762,0.7466955592629956
25680,LOF,0.056000590332547055,0.104452120339228,0.8395472893282251
25681,LOF,0.10175646713995434,0.09667641736273137,0.8015671154973143
25682,LOF,0.043251883965194776,0.08593775354709898,0.8708103624877063
25683,LOF,0.10173760224831062,0.10489642775783457,0.7933659699938548
25684,LOF,0.05754852139833499,0.08048180597758331,0.8619696726240816
25685,LOF,0.10657821676324142,0.0463296358682392,0.8470921473685193
25686,LOF,0.03632013709168495,0.10127551744533646,0.8624043454629786
25687,LOF,0.04278821783114148,0.08275424186803813,0.8744575403008205
25688,LOF,0.027106992544175774,0.09759573336327754,0.8752972740925468
25689,LOF,0.01871472468526342,0.08054683886638937,0.9007384364483473
25690,LOF,0.02361677574250021,0.08686448015402624,0.8895187441034735
25691,LOF,0.22488204970220554,0.12208146794207422,0.6530364823557202
25692,LOF,0.2847937557978047,0.01007622917638031,0.705130015025815
25693,LOF,0.09070372023968018,0.14729603767855054,0.7620002420817692
25694,LOF,0.2400359303762953,0.014718482592607404,0.7452455870310973
25695,LOF,0.16484603144565663,0.019850050185003167,0.8153039183693402
25696,LOF,0.16086583214021377,0.01002265051746331,0.829111517342323
25697,LOF,0.14056812234903276,0.02777535544300804,0.8316565222079593
25698,LOF,0.03958139865713994,0.38161451506400046,0.5788040862788596
25699,LOF,0.06586933727474624,0.0887190385018493,0.8454116242234044
25700,LOF,0.03150177897370039,0.010545182759257709,0.9579530382670419
25701,LOF,0.016080243862892023,0.0779685108494159,0.9059512452876921
25702,GOF,0.03337896390684152,0.731526455335133,0.2350945807580255
25703,LOF,0.01419971161900811,0.19440410004326403,0.791396188337728
25704,LOF,0.09750096935425168,0.1430805530621932,0.7594184775835551
25705,LOF,0.05986459988067067,0.232574208317446,0.7075611918018833
25706,GOF,0.0577994159068061,0.6161653932453656,0.3260351908478283
25707,GOF,0.029323816360106537,0.5416925810676944,0.42898360257219914
25708,LOF,0.008388477223649242,0.45750720717201804,0.5341043156043328
25709,LOF,0.019524965799516278,0.06593946687076768,0.914535567329716
25710,LOF,0.0101650698387856,0.1798492593017556,0.8099856708594588
25711,LOF,0.021237697417612722,0.12428799726457967,0.8544743053178077
25712,LOF,0.010367977293359216,0.24236702558720044,0.7472649971194404
25713,LOF,0.019377406195610493,0.10541907104477181,0.8752035227596178
25714,LOF,0.021391912190263918,0.14059379332804608,0.8380142944816901
25715,LOF,0.019917724053351907,0.11897826470597256,0.8611040112406755
25716,LOF,0.011955051155917691,0.12589581524474588,0.8621491335993364
25717,LOF,0.006579596936959718,0.1307835894590446,0.8626368136039956
25718,LOF,0.018677320554153998,0.07271399587167653,0.9086086835741696
25719,LOF,0.03312043723679129,0.08075215525198925,0.8861274075112193
25720,LOF,0.022578475659028503,0.08441526560376156,0.89300625873721
25721,LOF,0.02407707690772751,0.09413906038627048,0.881783862706002
25722,LOF,0.018902210399623077,0.11979355622923717,0.8613042333711397
25723,LOF,0.022114972942580167,0.07132737390194122,0.9065576531554785
25724,LOF,0.03705653216835931,0.10638550429880513,0.8565579635328356
25725,LOF,0.022642606539169195,0.06602872960317997,0.9113286638576508
25726,LOF,0.016424505972946132,0.09775292440216089,0.8858225696248929
25727,LOF,0.020443282822339783,0.08494804992045163,0.8946086672572086
25728,LOF,0.01825283045319462,0.10617222027675145,0.875574949270054
25729,LOF,0.018709705703573613,0.10499185419281544,0.8762984401036109
25730,LOF,0.01997085908976861,0.08428831180874045,0.8957408291014909
25731,LOF,0.013479641731688067,0.18179823029118095,0.8047221279771309
25732,LOF,0.01940700372708402,0.09527449480596625,0.8853185014669497
25733,LOF,0.030230378316636754,0.0854608221092716,0.8843087995740917
25734,LOF,0.008648065479761428,0.21766435007084797,0.7736875844493906
25735,LOF,0.023959522537452555,0.07558139000036138,0.9004590874621861
25736,LOF,0.02296825488372881,0.11350681447493462,0.8635249306413365
25737,LOF,0.0451007088652039,0.09617904445402378,0.8587202466807724
25738,LOF,0.020958888067457444,0.14536218407728593,0.8336789278552567
25739,LOF,0.021861399339475084,0.136152498689081,0.841986101971444
25740,LOF,0.049680515424930516,0.13317339487472016,0.8171460897003493
25741,LOF,0.0266244327510116,0.11286949748162167,0.8605060697673668
25742,LOF,0.036768595737910026,0.13001179349946057,0.8332196107626295
25743,LOF,0.012238182614756161,0.0425591209889385,0.9452026963963054
25744,LOF,0.128539510079179,0.4338943003054977,0.4375661896153234
25745,LOF,0.022593017868432406,0.0717580626444699,0.9056489194870978
25746,LOF,0.011609210407769882,0.09874495715889382,0.8896458324333362
25747,LOF,0.03529166418729385,0.039884643288292596,0.9248236925244137
25748,LOF,0.19267626990677583,0.06955931423706432,0.7377644158561598
25749,LOF,0.014559773436875287,0.060852520672774385,0.9245877058903503
25750,LOF,0.01585513271726465,0.09011355284579621,0.8940313144369392
25751,LOF,0.03858185905907309,0.07631394976262261,0.8851041911783043
25752,GOF,0.09015531822917978,0.6439618831080525,0.26588279866276776
25753,LOF,0.007203354283232398,0.3854152744225471,0.6073813712942207
25754,GOF,0.0059659450279833295,0.8557409087126745,0.13829314625934225
25755,LOF,0.010955480130865055,0.4457698532872877,0.5432746665818472
25756,LOF,0.046403473978190425,0.46209512884482945,0.49150139717698
25757,GOF,0.00705940478045321,0.8760595646261041,0.11688103059344289
25758,GOF,0.00803271208121747,0.86899610824948,0.1229711796693024
25759,GOF,0.0051388758311001325,0.5846333219586941,0.41022780221020577
25760,LOF,0.007245406084155698,0.3245208450331394,0.6682337488827048
25761,GOF,0.046413274382904386,0.8469885341497957,0.10659819146729996
25762,LOF,0.02783094768746557,0.39093970134622946,0.581229350966305
25763,LOF,0.00925899325074991,0.2524466142060396,0.7382943925432105
25764,GOF,0.0978899471151392,0.5698031631724539,0.3323068897124068
25765,GOF,0.008783614079908403,0.8487879220175615,0.14242846390253022
25766,GOF,0.03289601530920042,0.8317213735455378,0.13538261114526193
25767,GOF,0.013775853161839472,0.5181069647951592,0.46811718204300146
25768,LOF,0.035794847273862285,0.07692859765743645,0.8872765550687013
25769,LOF,0.025675953128386192,0.08170552694613192,0.8926185199254818
25770,LOF,0.15440821110618863,0.0727375015466564,0.772854287347155
25771,LOF,0.017189512600651293,0.0741564295927083,0.9086540578066404
25772,LOF,0.02457357506030772,0.03145366864008751,0.9439727562996048
25773,LOF,0.014038361333360661,0.08246588336238721,0.9034957553042521
25774,LOF,0.025934653010830422,0.10399677596389574,0.8700685710252739
25775,LOF,0.020457061489968738,0.044878407753694,0.9346645307563373
25776,LOF,0.02714070801422576,0.028177590667463552,0.9446817013183106
25777,LOF,0.20229365398041818,0.07427522319114037,0.7234311228284415
25778,LOF,0.021084399479911673,0.05699797193106337,0.921917628589025
25779,GOF,0.03978513945551188,0.898668237742593,0.061546622801895205
25780,GOF,0.06578532759174766,0.880114579833133,0.05410009257511929
25781,GOF,0.027016856259896867,0.8767016292957127,0.09628151444439045
25782,GOF,0.03419229695915107,0.9106520712965639,0.055155631744285206
25783,GOF,0.01908519718579327,0.766454792212713,0.2144600106014937
25784,GOF,0.10862980536264547,0.8516411535848479,0.039729041052506575
25785,GOF,0.06681590817062139,0.8934176530149854,0.03976643881439305
25786,GOF,0.005906251667977184,0.8448035509518802,0.14929019738014257
25787,GOF,0.17473380045242506,0.7968645397977064,0.02840165974986838
25788,LOF,0.01554897928206985,0.21314125339317924,0.7713097673247509
25789,GOF,0.019970230984994553,0.8738041154073974,0.10622565360760808
25790,GOF,0.02410034523786447,0.8881018069569961,0.08779784780513943
25791,GOF,0.016476787327080297,0.8334259442351324,0.15009726843778748
25792,GOF,0.02608838100578639,0.8505556788810069,0.1233559401132067
25793,GOF,0.07880090533302131,0.838038074532167,0.08316102013481154
25794,GOF,0.06521059588160388,0.7789786759023227,0.15581072821607336
25795,GOF,0.03915502721483465,0.7843605191411884,0.17648445364397686
25796,GOF,0.07559138479096099,0.8196354395517577,0.1047731756572814
25797,GOF,0.03435157022099833,0.7034894530857474,0.26215897669325433
25798,GOF,0.003101821384928109,0.665273508989162,0.33162466962590986
25799,GOF,0.0028832386364143255,0.5325151737549708,0.46460158760861486
25800,GOF,0.01227887976157696,0.7330434534132113,0.2546776668252117
25801,GOF,0.015429176566325295,0.8702046782520243,0.11436614518165059
25802,GOF,0.021565507206149123,0.8110773218746785,0.16735717091917238
25803,GOF,0.011775859200623481,0.7115312809611591,0.27669285983821734
25804,GOF,0.01400065185815982,0.6265201764565366,0.3594791716853035
25805,GOF,0.025700754003632222,0.7136957293104176,0.2606035166859501
25806,GOF,0.01936378488461096,0.7796813652831796,0.2009548498322095
25807,GOF,0.005593257298345255,0.7316762815515707,0.262730461150084
25808,GOF,0.015478907849066375,0.7670234458094576,0.21749764634147598
25809,GOF,0.006679492475613797,0.7411106961524301,0.25220981137195625
25810,GOF,0.005527830069934435,0.7454574528931367,0.24901471703692885
25811,GOF,0.047728950864217294,0.8633555030275871,0.0889155461081956
25812,GOF,0.015219954949952205,0.7290434586173634,0.25573658643268454
25813,GOF,0.08814853774112959,0.8212094776256406,0.09064198463322999
25814,GOF,0.023976173693462173,0.8075997412048074,0.16842408510173043
25815,GOF,0.0397668698630646,0.8337731264436483,0.12646000369328714
25816,GOF,0.007799758185385194,0.8578944713460407,0.13430577046857423
25817,GOF,0.0891050175575623,0.7903929531988545,0.12050202924358311
25818,GOF,0.025421371493384654,0.8111230269088444,0.16345560159777092
25819,GOF,0.06107928640426156,0.7788631105705057,0.16005760302523286
25820,GOF,0.031686946497061094,0.7761654866209344,0.19214756688200457
25821,GOF,0.018181406574391094,0.7757917173251018,0.20602687610050702
25822,GOF,0.03489004357492062,0.7975904633007962,0.1675194931242831
25823,GOF,0.01340828887984172,0.6686413812900124,0.31795032983014604
25824,GOF,0.0249012163143456,0.7838922643300871,0.1912065193555673
25825,GOF,0.014815511210192365,0.7654294156958835,0.21975507309392422
25826,GOF,0.005445242159677388,0.7333178565624452,0.2612369012778774
25827,GOF,0.008336736669633233,0.7055399326257593,0.28612333070460744
25828,GOF,0.006053362674115702,0.6627852484017981,0.33116138892408614
25829,GOF,0.002881845006543423,0.7228965581219601,0.27422159687149644
25830,GOF,0.036055102056864415,0.5238325958490098,0.4401123020941257
25831,GOF,0.044469538359178995,0.8506954502428173,0.10483501139800383
25832,GOF,0.0085505959735655,0.8130313518560424,0.1784180521703922
25833,GOF,0.03353212189388312,0.8525694584485652,0.1138984196575517
25834,GOF,0.008515452202004002,0.8258664867177394,0.16561806108025653
25835,GOF,0.019033453119295465,0.8586073657246664,0.12235918115603807
25836,GOF,0.006676645646879355,0.8312883448002871,0.16203500955283365
25837,GOF,0.006560637805567118,0.7172418953911488,0.27619746680328405
25838,GOF,0.02087070091140739,0.8686116491073156,0.11051764998127693
25839,GOF,0.04031391784067521,0.8521181712851674,0.10756791087415722
25840,GOF,0.060040877219208255,0.8478091048174021,0.0921500179633898
25841,GOF,0.05250704879991786,0.8601873923371642,0.0873055588629178
25842,GOF,0.025587462458242307,0.8988849388129035,0.07552759872885415
25843,GOF,0.026251357946581403,0.9047701129138473,0.06897852913957131
25844,GOF,0.01747037941243447,0.8567761744046223,0.1257534461829432
25845,GOF,0.005457427513314854,0.6674059123382403,0.3271366601484449
25846,GOF,0.04039962072751449,0.8713146860420322,0.0882856932304533
25847,GOF,0.01900239316866069,0.9142605085011293,0.06673709833020999
25848,GOF,0.01635469648907868,0.8680550314931358,0.11559027201778543
25849,GOF,0.004628484807219523,0.7524963737467145,0.2428751414460659
25850,GOF,0.006468844061144282,0.7700621407361968,0.22346901520265885
25851,GOF,0.005533301067896763,0.6513549432406076,0.34311175569149555
25852,GOF,0.12954913389023548,0.6322432185795241,0.23820764753024043
25853,GOF,0.06584850215656035,0.8612160078763962,0.07293548996704345
25854,GOF,0.00554028032661861,0.7122141006332439,0.2822456190401376
25855,GOF,0.014939420352340018,0.677933510451408,0.3071270691962519
25856,GOF,0.039399181331211314,0.8104451025510638,0.15015571611772482
25857,GOF,0.01302700246095996,0.6621586116390845,0.32481438589995554
25858,GOF,0.007350093374455466,0.6742126085992609,0.31843729802628357
25859,GOF,0.005370822650986193,0.6556971514183562,0.33893202593065763
25860,GOF,0.08043599137929594,0.8354508668480183,0.08411314177268588
25861,GOF,0.07485921741130278,0.8308687286287054,0.09427205395999189
25862,GOF,0.021138940785129068,0.8674773282070039,0.11138373100786698
25863,GOF,0.021587289978997597,0.8746468214233453,0.10376588859765713
25864,GOF,0.046435335282407675,0.8727972145362664,0.08076745018132604
25865,GOF,0.03344754732043291,0.8424677933412759,0.12408465933829121
25866,GOF,0.025036155144925503,0.8661142060749552,0.10884963878011945
25867,GOF,0.03163517425353467,0.8856992451166521,0.08266558062981318
25868,GOF,0.04907507191110945,0.8510734601295397,0.09985146795935086
25869,GOF,0.3200797853122127,0.6246330903331763,0.055287124354611
25870,GOF,0.06914154337227683,0.6930602241871101,0.23779823244061316
25871,GOF,0.01145117246736139,0.8828681435629664,0.10568068396967219
25872,GOF,0.02137782350239573,0.874840518443484,0.10378165805412036
25873,GOF,0.020307205604280214,0.8967757695386559,0.08291702485706394
25874,LOF,0.016912648031953647,0.22744879725870168,0.7556385547093446
25875,LOF,0.050277384237905495,0.04991232089879575,0.8998102948632989
25876,LOF,0.02071890528242835,0.042530574013586,0.9367505207039857
25877,LOF,0.12167073692235154,0.08765089277356167,0.7906783703040868
25878,LOF,0.07364729109087971,0.11671512563358413,0.8096375832755363
25879,LOF,0.029540608439467,0.09097678137333437,0.8794826101871986
25880,LOF,0.05676956875014798,0.014028871261960582,0.9292015599878913
25881,Neutral,0.5625481156160088,0.06397970578804335,0.3734721785959479
25882,LOF,0.052536058857820714,0.028108341519455817,0.9193555996227234
25883,LOF,0.02757231679108433,0.025466038070083772,0.9469616451388319
25884,LOF,0.028847920218238527,0.043282840435329754,0.9278692393464317
25885,LOF,0.21245481412231032,0.010448669532651717,0.777096516345038
25886,LOF,0.14333135779691186,0.06800325011852389,0.7886653920845643
25887,LOF,0.2222690480565573,0.059129402904355255,0.7186015490390874
25888,LOF,0.013259806324012665,0.13235602667384666,0.8543841670021406
25889,LOF,0.032919891136398476,0.03108248914042667,0.935997619723175
25890,LOF,0.12872142188139907,0.11777744851504898,0.753501129603552
25891,LOF,0.09428340196176009,0.02225161136238877,0.883464986675851
25892,LOF,0.009058646877130082,0.030937065480789123,0.9600042876420809
25893,LOF,0.4125801086806893,0.008978083521538907,0.5784418077977719
25894,LOF,0.4528772289030948,0.005677358429993946,0.5414454126669114
25895,LOF,0.3132319619725163,0.01168502600888078,0.6750830120186029
25896,LOF,0.06524140333475699,0.017258382787124455,0.9175002138781186
25897,LOF,0.1919892478681021,0.009844168733092195,0.7981665833988058
25898,LOF,0.15794457920726154,0.02997969069533516,0.8120757300974033
25899,LOF,0.3364628023914767,0.020643763354895706,0.6428934342536277
25900,LOF,0.4444287447964089,0.009728161369094523,0.5458430938344966
25901,LOF,0.0665411811848077,0.007981849318016309,0.925476969497176
25902,LOF,0.18049085267247764,0.009466041052998395,0.810043106274524
25903,LOF,0.41340974645926043,0.02494623436044101,0.5616440191802986
25904,LOF,0.4812043799234853,0.024651042621991553,0.49414457745452306
25905,LOF,0.0041362562011270886,0.47234207227231806,0.5235216715265548
25906,LOF,0.009916660148927187,0.11097088905795174,0.8791124507931212
25907,LOF,0.004530353134831635,0.32877962526664906,0.6666900215985192
25908,LOF,0.0045732206225262105,0.24710290456211048,0.7483238748153633
25909,LOF,0.024862493087945154,0.1646662008632522,0.8104713060488026
25910,LOF,0.012906584522696994,0.13556092382857496,0.851532491648728
25911,LOF,0.3151768491817613,0.0376008712072966,0.6472222796109421
25912,LOF,0.06782531402052859,0.05565782582162917,0.8765168601578422
25913,LOF,0.04679835761987014,0.06527953319239065,0.8879221091877393
25914,LOF,0.037953631884422884,0.04666694629269393,0.9153794218228831
25915,LOF,0.17314713782232338,0.19234809529616365,0.6345047668815129
25916,LOF,0.03268345468820367,0.12762145478656428,0.8396950905252322
25917,LOF,0.06791324851647813,0.041055473652912206,0.8910312778306098
25918,LOF,0.04243627381946484,0.02787129646107777,0.9296924297194575
25919,LOF,0.03602600784956591,0.02837663706241927,0.9355973550880148
25920,LOF,0.15810786278142722,0.2253286945347282,0.6165634426838446
25921,LOF,0.01928386811162136,0.03993747168388126,0.9407786602044973
25922,LOF,0.020673890457857235,0.03440829423306048,0.9449178153090823
25923,LOF,0.46932122403169496,0.03481289160984831,0.49586588435845685
25924,LOF,0.02623401238925952,0.06501314826236368,0.9087528393483768
25925,LOF,0.08481138244308259,0.050353642032053274,0.8648349755248641
25926,LOF,0.06107549180602395,0.049389205854030026,0.889535302339946
25927,LOF,0.02443164044610057,0.08316221415660108,0.8924061453972983
25928,LOF,0.011940948821708553,0.06487666956455976,0.9231823816137317
25929,Neutral,0.5513657706016083,0.03324175883539152,0.4153924705630002
25930,LOF,0.08200020715419458,0.03278509799485945,0.8852146948509461
25931,LOF,0.016602172583349686,0.0437208847892666,0.9396769426273838
25932,LOF,0.068803397585891,0.036455299055739215,0.8947413033583697
25933,LOF,0.06350025004230263,0.022281120252266366,0.914218629705431
25934,LOF,0.05665825410079634,0.020714497052901366,0.9226272488463023
25935,LOF,0.07289422846846409,0.06491107495340964,0.8621946965781262
25936,LOF,0.09441055507115566,0.022592861379019065,0.8829965835498254
25937,LOF,0.01626103184298851,0.0425561622213704,0.9411828059356412
25938,LOF,0.07176502966412132,0.059055858437215336,0.8691791118986635
25939,LOF,0.04353774733782665,0.028030250396371744,0.9284320022658017
25940,LOF,0.009855504614158858,0.3648246557122883,0.625319839673553
25941,Neutral,0.5035461015123484,0.037885922607228104,0.45856797588042353
25942,LOF,0.00933027006302262,0.05127045581836295,0.9393992741186143
25943,LOF,0.04345018899527826,0.1805799679967866,0.7759698430079351
25944,LOF,0.06948126082025383,0.08761868221440043,0.8429000569653456
25945,LOF,0.12086252941970965,0.022635370217099146,0.8565021003631912
25946,LOF,0.07255417966269209,0.0502349190222523,0.8772109013150556
25947,Neutral,0.4493178269260078,0.10642973644876513,0.44425243662522707
25948,LOF,0.43073974374066465,0.01467090922818001,0.5545893470311554
25949,LOF,0.14080251654703066,0.06892039109241083,0.7902770923605584
25950,GOF,0.07315071966025066,0.6518418127493217,0.27500746759042777
25951,LOF,0.01382741002184806,0.4468900570045253,0.5392825329736267
25952,LOF,0.29172559940513265,0.3193613076322457,0.38891309296262166
25953,LOF,0.007323498774520056,0.200094198803413,0.792582302422067
25954,GOF,0.10295919980453881,0.5193586732979446,0.37768212689751673
25955,LOF,0.007103165460540437,0.18299890058401558,0.809897933955444
25956,LOF,0.020405912976939087,0.25685475330539775,0.7227393337176632
25957,LOF,0.21371582359788893,0.03171968947210494,0.7545644869300062
25958,LOF,0.034952077768219895,0.03864340303538402,0.9264045191963961
25959,GOF,0.016227416669691207,0.5773543919421922,0.4064181913881167
25960,LOF,0.007490483525690191,0.05844510192800889,0.9340644145463011
25961,LOF,0.03393349679496954,0.034734915171958224,0.9313315880330723
25962,LOF,0.039045514472748274,0.06529329961340911,0.8956611859138426
25963,LOF,0.005247666660216973,0.1887072067012546,0.8060451266385283
25964,LOF,0.027807026673075615,0.11037470335361399,0.8618182699733103
25965,LOF,0.2729393410954367,0.1155616836982728,0.6114989752062905
25966,Neutral,0.4875929505031954,0.14148475971491392,0.37092228978189073
25967,LOF,0.009752741914056529,0.08836079579416,0.9018864622917835
25968,LOF,0.04332564905288793,0.22420382813034925,0.7324705228167627
25969,LOF,0.11057099372499563,0.0536292949973511,0.8357997112776533
25970,LOF,0.0236446616028804,0.09280268756423912,0.8835526508328804
25971,LOF,0.07869948064824459,0.02914281809480351,0.8921577012569518
25972,LOF,0.06487657554184137,0.047104811951217594,0.8880186125069409
25973,LOF,0.06377064613753283,0.009296820432596439,0.9269325334298707
25974,LOF,0.051887372826147096,0.03593964408866137,0.9121729830851916
25975,LOF,0.04446344813890174,0.017578348873727532,0.9379582029873708
25976,LOF,0.0953703160036515,0.010010846968751276,0.8946188370275973
25977,LOF,0.18352836073057954,0.07332187366923268,0.7431497656001879
25978,LOF,0.19594023379183745,0.13232755441148333,0.6717322117966793
25979,LOF,0.15807670650003783,0.14740596525415034,0.6945173282458118
25980,LOF,0.26606097104464616,0.1920625973975664,0.5418764315577874
25981,LOF,0.26685510369986015,0.19273883359783872,0.5404060627023011
25982,Neutral,0.48711838760095055,0.09505731222148685,0.4178243001775625
25983,Neutral,0.49784111417210314,0.11170742556375124,0.3904514602641455
25984,LOF,0.03918759556254923,0.09631106583170089,0.8645013386057498
25985,LOF,0.4143375240617173,0.13413253131852684,0.4515299446197559
25986,LOF,0.01301233269965494,0.42069554522877256,0.5662921220715725
25987,LOF,0.05572692868664214,0.1032096979813543,0.8410633733320035
25988,LOF,0.03947349835441424,0.1667625127024747,0.7937639889431112
25989,LOF,0.04193263569411295,0.20105333104336082,0.7570140332625263
25990,LOF,0.04051132219397923,0.30672967835670856,0.6527589994493121
25991,LOF,0.025792119425181045,0.4344026798947292,0.5398052006800897
25992,LOF,0.023860061461717107,0.42729711182771424,0.5488428267105686
25993,LOF,0.028797624971218058,0.08182434481676587,0.889378030212016
25994,LOF,0.025110073461262025,0.08429389943260207,0.890596027106136
25995,LOF,0.02235393634204694,0.14425475153094902,0.833391312127004
25996,LOF,0.3297748889215242,0.32018730433636755,0.35003780674210827
25997,LOF,0.060477878417184695,0.3912823657790822,0.548239755803733
25998,LOF,0.24184080694040117,0.04610274556135576,0.712056447498243
25999,LOF,0.027145764265693578,0.1802144933127744,0.7926397424215319
26000,LOF,0.18191425873002443,0.033258505886775515,0.7848272353832001
26001,LOF,0.24406024912709712,0.045545812139322045,0.7103939387335808
26002,LOF,0.1193703413190887,0.05239930284180111,0.8282303558391101
26003,GOF,0.005757215390699612,0.6583350757079005,0.33590770890139987
26004,GOF,0.007779443575938038,0.698676770006779,0.29354378641728307
26005,GOF,0.004083669553950706,0.5128733271129539,0.4830430033330954
26006,GOF,0.11658387793182963,0.5577115698429248,0.3257045522252456
26007,GOF,0.00774213280307616,0.541456997641522,0.45080086955540183
26008,GOF,0.006116406717115432,0.6585796464810925,0.33530394680179204
26009,GOF,0.007322348079127831,0.6870848613428622,0.3055927905780101
26010,GOF,0.008428413517008548,0.6546621542403558,0.33690943224263575
26011,LOF,0.0035448676718861584,0.4660158822141158,0.5304392501139981
26012,GOF,0.005384467138126332,0.5414987806558001,0.4531167522060735
26013,GOF,0.006952230686998682,0.6056567514815939,0.3873910178314072
26014,LOF,0.057402789320236416,0.13823919727267459,0.804358013407089
26015,LOF,0.3508301751397172,0.02637456405314835,0.6227952608071344
26016,LOF,0.3038144188994264,0.044170082880370616,0.6520154982202029
26017,LOF,0.021024177253964854,0.22091172505164872,0.7580640976943864
26018,LOF,0.024785384671037438,0.06243922606343082,0.9127753892655317
26019,LOF,0.024480383848439587,0.05318243687936475,0.9223371792721956
26020,LOF,0.009830654734294477,0.21003427620181547,0.7801350690638902
26021,LOF,0.08037239942942254,0.0786562959415654,0.840971304629012
26022,LOF,0.041478915319214896,0.03110554009298806,0.9274155445877971
26023,LOF,0.029375312236084226,0.03649924953904729,0.9341254382248685
26024,LOF,0.04709301150848508,0.07384067286786163,0.8790663156236532
26025,LOF,0.0635268172457818,0.09604588748497858,0.8404272952692396
26026,LOF,0.12332109693584631,0.07040464593887547,0.8062742571252782
26027,LOF,0.023568723955558524,0.029243233943130654,0.9471880421013109
26028,LOF,0.11684871825473842,0.1474349692977675,0.7357163124474941
26029,LOF,0.019775105595116128,0.20188014812029836,0.7783447462845855
26030,LOF,0.15467369443421583,0.025868384752347724,0.8194579208134365
26031,LOF,0.009274585984555356,0.17060393637080723,0.8201214776446374
26032,LOF,0.04558015985978894,0.06349363123430832,0.8909262089059027
26033,LOF,0.0690238555715871,0.056879366666277666,0.8740967777621351
26034,LOF,0.013362114311043435,0.14909928521433496,0.8375386004746216
26035,LOF,0.01155470123603078,0.11110095288675269,0.8773443458772165
26036,LOF,0.011175124899360995,0.12877999640296597,0.860044878697673
26037,LOF,0.009877717550179204,0.10243236076225927,0.8876899216875616
26038,LOF,0.038142229078240816,0.055781885967621195,0.9060758849541379
26039,LOF,0.026391389328357186,0.12897567394171164,0.8446329367299311
26040,LOF,0.10710780794291216,0.13115928508010904,0.7617329069769787
26041,LOF,0.012722117893752384,0.09372238883717955,0.8935554932690681
26042,LOF,0.01147725865655294,0.10091122900052525,0.8876115123429218
26043,LOF,0.03703431886283542,0.07783966478371619,0.8851260163534483
26044,LOF,0.01465475302489116,0.053207404446378136,0.9321378425287307
26045,LOF,0.07079752480443716,0.12034260624379871,0.8088598689517641
26046,LOF,0.031685182254401215,0.06061079308226619,0.9077040246633327
26047,LOF,0.05217149066648272,0.05988360345013615,0.8879449058833812
26048,LOF,0.08208359972578792,0.027007326337600928,0.890909073936611
26049,Neutral,0.947785725975732,0.007049288046652545,0.045164985977615466
26050,Neutral,0.9270398520141411,0.007631259115738118,0.06532888887012088
26051,LOF,0.01671849963112641,0.10011741152559554,0.883164088843278
26052,LOF,0.03182835861354519,0.12053795116081666,0.8476336902256383
26053,LOF,0.03501850114794502,0.16342846494082647,0.8015530339112285
26054,LOF,0.045369453943998855,0.02882992579024474,0.9258006202657565
26055,LOF,0.06241918859333158,0.02460903264520599,0.9129717787614624
26056,LOF,0.05115583247254174,0.031103421478502827,0.9177407460489554
26057,LOF,0.05991912241226154,0.014802075071093556,0.9252788025166448
26058,LOF,0.06362963925626093,0.011793528376720397,0.9245768323670186
26059,LOF,0.1973311697832434,0.030525295210037162,0.7721435350067194
26060,LOF,0.016994692545713636,0.17102186904419425,0.8119834384100921
26061,LOF,0.01268741244671413,0.010605323645870914,0.9767072639074149
26062,LOF,0.0069999224530550765,0.017857006922666424,0.9751430706242785
26063,LOF,0.04019915654097787,0.011242878844597159,0.948557964614425
26064,LOF,0.01087136633966524,0.022535780205436146,0.9665928534548986
26065,LOF,0.04673354138252726,0.012291291429686206,0.9409751671877864
26066,LOF,0.046160917180519664,0.010723302735098056,0.9431157800843822
26067,LOF,0.05740814959319136,0.010195199587321053,0.9323966508194876
26068,LOF,0.05536227871187157,0.04582555863500355,0.8988121626531248
26069,LOF,0.1655824290138421,0.02828101312100084,0.806136557865157
26070,LOF,0.35410692260565685,0.022991012878741904,0.6229020645156014
26071,LOF,0.045544651472318384,0.011585724210776433,0.9428696243169051
26072,LOF,0.011194626985857829,0.019309785142197222,0.969495587871945
26073,LOF,0.041954369287884166,0.014189746021687134,0.9438558846904286
26074,Neutral,0.9205222377937852,0.008638763508463787,0.07083899869775107
26075,LOF,0.053477860243947024,0.021609547081040757,0.9249125926750122
26076,LOF,0.05839124236412989,0.01181774766836469,0.9297910099675055
26077,LOF,0.16530193082330394,0.006680129981692549,0.8280179391950035
26078,LOF,0.009053441352554339,0.013211889444546553,0.9777346692028991
26079,LOF,0.06681730568468414,0.02427152033834419,0.9089111739769717
26080,LOF,0.06581092254656601,0.024413402432202646,0.9097756750212314
26081,LOF,0.03506357602716122,0.008992394688571161,0.9559440292842677
26082,LOF,0.008209242622496511,0.013423203091120843,0.9783675542863826
26083,LOF,0.11349855287178061,0.02005676169290815,0.8664446854353112
26084,LOF,0.1277367389007518,0.01481737935741647,0.8574458817418318
26085,LOF,0.11735994904613443,0.012584556706165578,0.8700554942477
26086,LOF,0.040641198945118626,0.011836563567459473,0.9475222374874219
26087,LOF,0.039355542252518874,0.009538581406190268,0.9511058763412908
26088,LOF,0.00962789155422572,0.017592424452796233,0.972779683992978
26089,LOF,0.044216325595922104,0.03718696832422079,0.9185967060798572
26090,LOF,0.04485302877655675,0.029512325619891,0.9256346456035524
26091,LOF,0.033308460823376254,0.007741487016928224,0.9589500521596955
26092,LOF,0.047711060742833156,0.008512597688449674,0.9437763415687173
26093,LOF,0.08194223672950476,0.00617152892201096,0.9118862343484843
26094,LOF,0.03794840849877338,0.007575694934815935,0.9544758965664106
26095,LOF,0.04239985589517994,0.01756394297125753,0.9400362011335626
26096,LOF,0.22213239877408258,0.004815254318106475,0.773052346907811
26097,LOF,0.00853307719017397,0.028218175067008976,0.963248747742817
26098,LOF,0.07982846560566217,0.01979310708959033,0.9003784273047476
26099,LOF,0.04553674853233574,0.01640136547046787,0.9380618859971965
26100,LOF,0.045534389153062314,0.01640051567238183,0.9380650951745557
26101,LOF,0.0607643025743728,0.02967325170021815,0.909562445725409
26102,LOF,0.03641268286483554,0.016573684803444,0.9470136323317204
26103,Neutral,0.874508320561244,0.027468699788043817,0.0980229796507121
26104,LOF,0.06008981301778433,0.04085198714381144,0.8990581998384042
26105,LOF,0.26013306284885934,0.1675294827165767,0.572337454434564
26106,LOF,0.31944432591425637,0.10990690975916848,0.5706487643265752
26107,LOF,0.023863364195092985,0.09776677188930491,0.8783698639156021
26108,LOF,0.2733911221827282,0.05031738096996043,0.6762914968473114
26109,LOF,0.09963210472951922,0.0345694955221899,0.8657983997482909
26110,LOF,0.463560780185044,0.007384722690924769,0.5290544971240312
26111,LOF,0.05478061938396003,0.14613200440638874,0.7990873762096512
26112,LOF,0.04933480372950623,0.009571491089540954,0.9410937051809528
26113,LOF,0.09665586053323633,0.021599630966774554,0.8817445084999891
26114,LOF,0.08595432541899052,0.007891710692121603,0.9061539638888879
26115,LOF,0.014067233867662059,0.04533463963064076,0.9405981265016973
26116,LOF,0.06824983163337536,0.021775692083847237,0.9099744762827773
26117,LOF,0.40058758887572327,0.03130100706501161,0.5681114040592651
26118,LOF,0.05116898172724256,0.015349498161344314,0.933481520111413
26119,LOF,0.006558987315516268,0.030185628181339255,0.9632553845031444
26120,LOF,0.03919062934376024,0.014277239130272328,0.9465321315259675
26121,LOF,0.0045922096093902725,0.109957311434549,0.8854504789560608
