feature0,prediction,LoGoFunc_Neutral,LoGoFunc_GOF,LoGoFunc_LOF
25546,Neutral,0.6803287117219983,0.05085154257801158,0.2688197456999901
25547,Neutral,0.4932991478321858,0.1063490955559596,0.4003517566118546
25548,Neutral,0.48531209051103236,0.07684529898565612,0.4378426105033114
25549,LOF,0.42112592934468684,0.0759049481354887,0.5029691225198245
25550,LOF,0.3481559436918131,0.15111086389338788,0.5007331924147991
25551,LOF,0.24649842250721377,0.17493273170730556,0.5785688457854806
25552,LOF,0.1833018951394291,0.16206412998226982,0.654633974878301
25553,Neutral,0.8126898349791212,0.03933993571134982,0.14797022930952886
25554,LOF,0.21557847532343838,0.15383841129911663,0.630583113377445
25555,LOF,0.17928549633347907,0.13666259192106117,0.6840519117454598
25556,LOF,0.3816877538086816,0.13916966338037812,0.4791425828109403
25557,LOF,0.17012500754332466,0.1403140396026415,0.689560952854034
25558,LOF,0.206848526264053,0.15114276595446777,0.6420087077814792
25559,LOF,0.17806110381944468,0.17522765682047464,0.6467112393600807
25560,LOF,0.0730507889641319,0.1289806599569728,0.7979685510788952
25561,LOF,0.1547903415595283,0.1218506886082639,0.7233589698322078
25562,LOF,0.0707447797316457,0.09835448581606274,0.8309007344522915
25563,LOF,0.10175248759484597,0.08336423986003837,0.8148832725451156
25564,LOF,0.22120972525733257,0.16052700642292406,0.6182632683197433
25565,LOF,0.14218033450441245,0.15143624067088424,0.7063834248247033
25566,GOF,0.017382880353953137,0.7531304003339474,0.22948671931209938
25567,LOF,0.020111057317810023,0.20239046028857766,0.7774984823936124
25568,LOF,0.048103714406188304,0.10170351001396226,0.8501927755798495
25569,LOF,0.049144757838269465,0.09739125997307402,0.8534639821886565
25570,LOF,0.03140107884663496,0.14745062622705946,0.8211482949263057
25571,LOF,0.029835766228010423,0.14105590736447826,0.8291083264075114
25572,LOF,0.03327303426589649,0.16283776478139547,0.803889200952708
25573,LOF,0.02550643973929807,0.13840018132508905,0.8360933789356129
25574,LOF,0.01866108201312542,0.19064841819664433,0.7906904997902303
25575,LOF,0.024896727351715265,0.15137455041481282,0.8237287222334719
25576,LOF,0.011942056519478253,0.19232926567650907,0.7957286778040127
25577,LOF,0.010184500370796486,0.1573962477222478,0.8324192519069558
25578,LOF,0.25134422619401037,0.1338200520809924,0.6148357217249972
25579,LOF,0.1580253059037767,0.14307347271425191,0.6989012213819713
25580,LOF,0.018036490815116574,0.11808432891731528,0.8638791802675682
25581,LOF,0.0400889260070692,0.09894356681997414,0.8609675071729567
25582,LOF,0.039721456858106644,0.09726377787078863,0.8630147652711048
25583,LOF,0.021163587685599127,0.13462366399977327,0.8442127483146276
25584,Neutral,0.5067855794529184,0.1273419819884904,0.3658724385585911
25585,LOF,0.013562519648497964,0.17426928435729033,0.8121681959942116
25586,LOF,0.016180855547387355,0.11188065093682147,0.8719384935157912
25587,LOF,0.016362130727558065,0.10653552996892053,0.8771023393035213
25588,LOF,0.016061775403728468,0.12596647924081386,0.8579717453554577
25589,Neutral,0.5787158800605512,0.15589940291199825,0.2653847170274505
25590,LOF,0.018600201755077723,0.15300804760277825,0.8283917506421441
25591,LOF,0.07790149776114365,0.0848344283623509,0.8372640738765055
25592,LOF,0.04418743904791505,0.17760405426859108,0.7782085066834938
25593,LOF,0.021883178167997154,0.2872899284174552,0.6908268934145476
25594,LOF,0.039545136955355956,0.12915150429962438,0.8313033587450197
25595,LOF,0.04441323436184569,0.09152503782211792,0.8640617278160364
25596,LOF,0.06123418094706496,0.07692139953411772,0.8618444195188173
25597,LOF,0.03940653276144488,0.07956141695145498,0.8810320502871002
25598,LOF,0.03789523086919464,0.11691170064696829,0.8451930684838371
25599,GOF,0.008217385163443135,0.5400215979042229,0.4517610169323339
25600,GOF,0.028307144700099544,0.5931679674199521,0.3785248878799483
25601,LOF,0.01621531124407848,0.3787181784610831,0.6050665102948385
25602,LOF,0.013833454556585098,0.054831159271177175,0.9313353861722378
25603,LOF,0.05557513405226946,0.01831383919093904,0.9261110267567915
25604,LOF,0.015648139942714943,0.07852080802240732,0.9058310520348777
25605,LOF,0.007982720901328703,0.22019420530297915,0.7718230737956923
25606,LOF,0.11537338476927422,0.34430229134054885,0.5403243238901769
25607,LOF,0.005640435551596155,0.22052082093738587,0.7738387435110179
25608,LOF,0.011466556233047008,0.10508349355898544,0.8834499502079675
25609,LOF,0.06692921293897508,0.4095842360498389,0.5234865510111859
25610,LOF,0.019663162841337692,0.027206668065709535,0.9531301690929529
25611,LOF,0.021088097106450477,0.027339490760496285,0.9515724121330532
25612,LOF,0.06520331832690188,0.03580940242269747,0.8989872792504007
25613,LOF,0.0518683616000157,0.03795861724984322,0.9101730211501411
25614,LOF,0.027407457435537515,0.028592068817535905,0.9440004737469266
25615,LOF,0.01687202728927611,0.0400242291522182,0.9431037435585057
25616,LOF,0.06146632386245454,0.026731039901503623,0.9118026362360417
25617,LOF,0.06206304358169905,0.03096940923181772,0.9069675471864831
25618,LOF,0.07373866442786492,0.03289529604253015,0.8933660395296048
25619,LOF,0.01885329639234368,0.030452587430410634,0.9506941161772456
25620,LOF,0.07195391829261562,0.036979628069192534,0.8910664536381919
25621,LOF,0.01826051815015664,0.03852401238984919,0.9432154694599942
25622,LOF,0.023011266886302745,0.03562756383003861,0.9413611692836586
25623,LOF,0.041219668564300434,0.025637350420210647,0.933142981015489
25624,LOF,0.022223812033689956,0.03756321247834397,0.940212975487966
25625,LOF,0.027172620738156943,0.04712008423962889,0.9257072950222142
25626,LOF,0.057120455094401036,0.03151660185356581,0.9113629430520331
25627,Neutral,0.5794420568447088,0.13581334319937086,0.28474459995592033
25628,LOF,0.20774346983927777,0.057626672884073735,0.7346298572766484
25629,LOF,0.04377171906522136,0.06811356063366326,0.8881147203011154
25630,LOF,0.14183321257867426,0.101919032016399,0.7562477554049268
25631,Neutral,0.601872676557944,0.0664012078896937,0.3317261155523625
25632,LOF,0.0078304273645594,0.08245644355229677,0.909713129083144
25633,LOF,0.2718223769972822,0.06250073297699711,0.6656768900257207
25634,LOF,0.031146658872023083,0.10739088419224802,0.861462456935729
25635,LOF,0.03096169020404401,0.06854701219770201,0.900491297598254
25636,GOF,0.005597077699228844,0.5563457991192537,0.43805712318151746
25637,GOF,0.007594329850092944,0.5964059260841396,0.39599974406576754
25638,LOF,0.012480015071985286,0.27238716278081027,0.7151328221472045
25639,LOF,0.006108689607364782,0.4612578741808441,0.5326334362117912
25640,Neutral,0.4505963174847629,0.4498099635730421,0.0995937189421949
25641,LOF,0.011856738422629288,0.35051226851663986,0.6376309930607308
25642,LOF,0.26917112519336506,0.07905188682276545,0.6517769879838695
25643,LOF,0.14266987268644263,0.1905392951895057,0.6667908321240518
25644,GOF,0.010710074936206722,0.5372486772149069,0.4520412478488864
25645,LOF,0.008009298001380036,0.48555025143514424,0.5064404505634758
25646,LOF,0.012844902339129542,0.33533966769071355,0.6518154299701568
25647,LOF,0.011650087044561235,0.2805202686765586,0.7078296442788802
25648,LOF,0.009787970784621054,0.2740266621849378,0.7161853670304411
25649,LOF,0.008671757751519304,0.19430220222309824,0.7970260400253824
25650,LOF,0.015538986006095825,0.4411439064489106,0.5433171075449936
25651,LOF,0.00626374513282755,0.2965625845910624,0.6971736702761101
25652,LOF,0.011068347335518617,0.2521190990635606,0.7368125536009208
25653,LOF,0.033624844394242806,0.41312916074316175,0.5532459948625954
25654,LOF,0.01235132387354059,0.16604167404916134,0.8216070020772981
25655,LOF,0.05817363734610473,0.44162855160336006,0.5001978110505353
25656,LOF,0.17958342165127206,0.0459795447240029,0.7744370336247249
25657,LOF,0.27569592147172384,0.026079344767453033,0.6982247337608231
25658,LOF,0.07790850345036117,0.07535213906683144,0.8467393574828075
25659,LOF,0.3854626826245347,0.06361984800901434,0.550917469366451
25660,LOF,0.03386843440619593,0.10864256194763654,0.8574890036461675
25661,LOF,0.09927985947959982,0.06626546417378168,0.8344546763466184
25662,LOF,0.026702572799996518,0.0463352717278037,0.9269621554721997
25663,LOF,0.035983902513103405,0.06657614921437764,0.8974399482725188
25664,LOF,0.0352502166595051,0.07747871292477894,0.8872710704157161
25665,LOF,0.04788902270250314,0.03927123312341749,0.9128397441740794
25666,LOF,0.03768356914277466,0.11134793961480889,0.8509684912424165
25667,LOF,0.07461476290841328,0.05144659785517103,0.8739386392364158
25668,LOF,0.028550714469431155,0.05482760055813084,0.916621684972438
25669,LOF,0.03053557520695549,0.0765274875762364,0.8929369372168082
25670,LOF,0.05368845353639787,0.06750473685632914,0.878806809607273
25671,LOF,0.09695437279283153,0.0457574770969816,0.857288150110187
25672,LOF,0.0479431502057461,0.05226282339748052,0.8997940263967733
25673,LOF,0.027095501602865488,0.06251499253454328,0.9103895058625913
25674,LOF,0.02064933340883126,0.07696125886603991,0.9023894077251289
25675,LOF,0.032841698849662655,0.07433777663364369,0.8928205245166937
25676,LOF,0.021308155716430088,0.06947000990060614,0.9092218343829637
25677,LOF,0.029789846754779,0.07611714675975116,0.8940930064854699
25678,LOF,0.17639216227395665,0.052005892819618184,0.7716019449064253
25679,LOF,0.1523198279317462,0.06907114456635341,0.7786090275019004
25680,LOF,0.04173595825433848,0.11451823714801222,0.8437458045976493
25681,LOF,0.06547218043240141,0.10728206961730066,0.8272457499502978
25682,LOF,0.11337703582233273,0.07960449778177757,0.8070184663958898
25683,LOF,0.08916031703444756,0.09372166839108073,0.8171180145744718
25684,LOF,0.04396875750518615,0.08234466019363643,0.8736865823011775
25685,LOF,0.07950783589245314,0.07429940955587302,0.8461927545516739
25686,LOF,0.035193381597775165,0.08775953758352312,0.8770470808187016
25687,LOF,0.04786060624182746,0.08048109975820712,0.8716582939999655
25688,LOF,0.04677421333024571,0.05165934116248236,0.9015664455072719
25689,LOF,0.027382248544970393,0.05802291207799183,0.9145948393770378
25690,LOF,0.03460486389806885,0.05389538927033147,0.9114997468315996
25691,LOF,0.282419242821118,0.06719259676276688,0.6503881604161151
25692,LOF,0.22193915376680187,0.008300152104227106,0.7697606941289711
25693,LOF,0.0876141624442024,0.1839128246635706,0.728473012892227
25694,LOF,0.25463755628424734,0.01381189001999704,0.7315505536957556
25695,LOF,0.1626308669281966,0.029076914468431324,0.8082922186033721
25696,LOF,0.10799270320294993,0.01340402196055086,0.8786032748364991
25697,LOF,0.08678162637328436,0.02640787778589099,0.8868104958408247
25698,LOF,0.04351180212487204,0.47733986698331127,0.4791483308918168
25699,LOF,0.06450849712153918,0.08667643291740963,0.8488150699610512
25700,LOF,0.06395706364807992,0.009617665793115002,0.9264252705588051
25701,LOF,0.01765668829203329,0.0748755470977395,0.9074677646102273
25702,GOF,0.03136589413056038,0.6986336288148227,0.27000047705461694
25703,LOF,0.00893581245496368,0.186476846589143,0.8045873409558932
25704,LOF,0.04395411790032735,0.17596487842136452,0.7800810036783081
25705,LOF,0.06280417233513245,0.23508952607388342,0.7021063015909842
25706,GOF,0.03828021799235168,0.5499338928241204,0.41178588918352793
25707,GOF,0.026742148393024343,0.5001450261854942,0.47311282542148153
25708,LOF,0.008737094133346663,0.39524006993814825,0.596022835928505
25709,LOF,0.05843619756897102,0.06266123849731457,0.8789025639337144
25710,LOF,0.0051805040556557064,0.16675813647471366,0.8280613594696307
25711,LOF,0.020122915789022727,0.12033570275691605,0.8595413814540612
25712,LOF,0.007162193374182048,0.18502275830906362,0.8078150483167542
25713,LOF,0.018658247634720185,0.10082899575330985,0.8805127566119699
25714,LOF,0.07212030366440841,0.12665699618381118,0.8012227001517804
25715,LOF,0.01394221682022455,0.13633146846229596,0.8497263147174795
25716,LOF,0.006075917587926054,0.10864785916863538,0.8852762232434386
25717,LOF,0.005064385087221618,0.1068461975272763,0.8880894173855021
25718,LOF,0.014423921444319667,0.08464136675349569,0.9009347118021847
25719,LOF,0.023695348005534654,0.09214879169104383,0.8841558603034215
25720,LOF,0.024122314521707676,0.0827096628369288,0.8931680226413636
25721,LOF,0.01627641370253958,0.11099062251136002,0.8727329637861004
25722,LOF,0.014233084010196384,0.13533075951860987,0.8504361564711939
25723,LOF,0.01991378918526387,0.0742284887018994,0.9058577221128368
25724,LOF,0.021591540224550988,0.10885308259748924,0.8695553771779597
25725,LOF,0.014449386137596306,0.07605565821701797,0.9094949556453857
25726,LOF,0.01207102725550277,0.11009545638111742,0.8778335163633798
25727,LOF,0.014939870927281348,0.0941344166707601,0.8909257124019586
25728,LOF,0.012705333390400267,0.11379756692089767,0.873497099688702
25729,LOF,0.013212244498459804,0.11908422022434523,0.867703535277195
25730,LOF,0.013910529152752845,0.09968530176561509,0.886404169081632
25731,LOF,0.007696262096256055,0.14828920736584797,0.844014530537896
25732,LOF,0.014060652944713543,0.10430794257706792,0.8816314044782184
25733,LOF,0.019238692136267787,0.0841640688293876,0.8965972390343446
25734,LOF,0.005363614582147333,0.14815240024375645,0.8464839851740962
25735,LOF,0.016489726205394576,0.08412109366511143,0.899389180129494
25736,LOF,0.015683085413926965,0.12316100916769882,0.8611559054183742
25737,LOF,0.02406669369401401,0.09778133580267317,0.8781519705033128
25738,LOF,0.015500225843665338,0.13724168607348622,0.8472580880828485
25739,LOF,0.02344360321376857,0.12114157444930837,0.8554148223369231
25740,LOF,0.03226655382579474,0.13350793666641095,0.8342255095077943
25741,LOF,0.018796335248180744,0.11023460930342385,0.8709690554483954
25742,LOF,0.11682483111278871,0.10514948173110727,0.7780256871561041
25743,LOF,0.01613924073854625,0.0426303364460592,0.9412304228153946
25744,LOF,0.21243175817465546,0.3857117730090847,0.4018564688162599
25745,LOF,0.02676293040237263,0.056011883057078576,0.9172251865405487
25746,LOF,0.015557503725750238,0.0740109209775924,0.9104315752966574
25747,LOF,0.029426842138633544,0.03570778327975352,0.9348653745816129
25748,LOF,0.15852815333464626,0.06118548481069225,0.7802863618546616
25749,LOF,0.01583656776127613,0.04749151822802067,0.9366719140107032
25750,LOF,0.031754123700975426,0.07083594680185534,0.8974099294971691
25751,LOF,0.11237512681481412,0.062330533087896364,0.8252943400972895
25752,GOF,0.10856065718058595,0.6502010581072459,0.24123828471216813
25753,LOF,0.006975021921279111,0.38761849555299993,0.6054064825257209
25754,GOF,0.004960809686138847,0.8461664689485231,0.14887272136533802
25755,LOF,0.01011074271732312,0.44093039440561427,0.5489588628770625
25756,LOF,0.043846879775047656,0.4303982165248904,0.525754903700062
25757,GOF,0.006015900570293968,0.8667054526111008,0.1272786468186052
25758,GOF,0.006276444671138952,0.854563640131519,0.1391599151973422
25759,GOF,0.004452683209393249,0.5479373219528423,0.4476099948377644
25760,LOF,0.004823052573884312,0.3009456293203864,0.6942313181057292
25761,GOF,0.03609367150771605,0.8451646270200963,0.11874170147218747
25762,LOF,0.02824062680034096,0.3459510531458914,0.6258083200537676
25763,LOF,0.005964257396966052,0.23943372085243517,0.7546020217505988
25764,GOF,0.14645192730923795,0.5322220105806466,0.32132606211011544
25765,GOF,0.011507286510533751,0.783293487019029,0.20519922647043728
25766,GOF,0.01853158780754393,0.8173754561596277,0.16409295603282836
25767,LOF,0.021990279998621264,0.46255266073190227,0.5154570592694765
25768,LOF,0.0857691953854152,0.062310113072244135,0.8519206915423407
25769,LOF,0.08034328113746864,0.05136611481782128,0.8682906040447101
25770,LOF,0.25592961042560475,0.06852383998025804,0.6755465495941372
25771,LOF,0.012214843936854923,0.06314882545588911,0.9246363306072559
25772,LOF,0.01648318455525079,0.023630190272528384,0.9598866251722208
25773,LOF,0.01011560578573456,0.09656619310125399,0.8933182011130115
25774,LOF,0.024445934999636938,0.0716311176776604,0.9039229473227027
25775,LOF,0.014068937805025925,0.04421495669334864,0.9417161055016253
25776,LOF,0.0813534245266485,0.01879757822803917,0.8998489972453123
25777,LOF,0.2804049530747754,0.04669957854963529,0.6728954683755893
25778,LOF,0.06947556940773067,0.038196964609869814,0.8923274659823994
25779,GOF,0.05151280618895141,0.8782953592268116,0.0701918345842371
25780,GOF,0.06140608702824265,0.8541930721849202,0.08440084078683725
25781,GOF,0.022956575523324186,0.8361268325563465,0.14091659192032926
25782,GOF,0.028419704482028702,0.8854201494671355,0.08616014605083569
25783,GOF,0.0123428558727191,0.6737239266611162,0.31393321746616465
25784,GOF,0.10439474767724709,0.8369698432233621,0.05863540909939081
25785,GOF,0.0683008256395842,0.8788860653515723,0.05281310900884348
25786,GOF,0.0046565752760396074,0.8141256421282701,0.18121778259569013
25787,GOF,0.18082213360862384,0.7789518919137284,0.04022597447764783
25788,LOF,0.042763635214299205,0.13846808683089662,0.8187682779548042
25789,GOF,0.03156425135116023,0.8338066542906029,0.13462909435823708
25790,GOF,0.0360053023424774,0.8706622812815142,0.09333241637600842
25791,GOF,0.023002221356658137,0.8064578983046973,0.1705398803386446
25792,GOF,0.038410922136238826,0.81374741891655,0.14784165894721107
25793,GOF,0.08388020067004746,0.8023871431458545,0.1137326561840981
25794,GOF,0.09912021898043819,0.7203706842015197,0.18050909681804206
25795,GOF,0.023313318330446708,0.751236915765524,0.2254497659040294
25796,GOF,0.12810193157372202,0.759961024902014,0.11193704352426406
25797,GOF,0.02843532324105255,0.6130216805795622,0.3585429961793852
25798,GOF,0.0029913929408272033,0.5822977899435905,0.41471081711558233
25799,LOF,0.002573473551830377,0.46647948389103266,0.530947042557137
25800,GOF,0.008831276524079326,0.651088316105142,0.34008040737077866
25801,GOF,0.023086852052998198,0.8126053933122128,0.16430775463478878
25802,GOF,0.015602621271122673,0.743955874996871,0.24044150373200646
25803,GOF,0.008937907227878373,0.6386696621423051,0.3523924306298165
25804,GOF,0.009162435626380314,0.5257326630148421,0.46510490135877763
25805,GOF,0.018209876590938645,0.6296082861403431,0.3521818372687181
25806,GOF,0.016649357634185992,0.676649262514713,0.306701379851101
25807,GOF,0.004427210651349107,0.6546105509465272,0.34096223840212375
25808,GOF,0.0125855235168386,0.6586454525323603,0.32876902395080104
25809,GOF,0.004946326568390626,0.6464012084599362,0.34865246497167324
25810,GOF,0.004345572558104883,0.6608932082430332,0.3347612191988618
25811,GOF,0.07451485456204056,0.8289729093697212,0.0965122360682382
25812,GOF,0.012125549286718681,0.6656912889142572,0.32218316179902406
25813,GOF,0.09561998397429557,0.780657613895629,0.12372240213007529
25814,GOF,0.022581256812284935,0.7142090172213296,0.2632097259663855
25815,GOF,0.03615324543392922,0.7640000150171814,0.19984673954888932
25816,GOF,0.006904211727787804,0.8115819125377214,0.18151387573449082
25817,GOF,0.06155085327258003,0.7777121096112642,0.16073703711615578
25818,GOF,0.018123666355445957,0.7517015894344862,0.23017474421006795
25819,GOF,0.06614520564534794,0.7449039630004906,0.18895083135416155
25820,GOF,0.027340596310869963,0.73146212473257,0.24119727895656007
25821,GOF,0.016068415717948762,0.7177126931290008,0.2662188911530505
25822,GOF,0.030284168126822494,0.7537114974905091,0.21600433438266833
25823,GOF,0.010853064097211268,0.5766879634875196,0.4124589724152691
25824,GOF,0.018755964260323065,0.6984768051357851,0.2827672306038919
25825,GOF,0.010784887226073103,0.677745255155221,0.31146985761870594
25826,GOF,0.004579276152481202,0.6346544096737965,0.36076631417372235
25827,GOF,0.007151234481058259,0.6504054355370489,0.34244332998189286
25828,GOF,0.004606655351806032,0.5877275472156664,0.4076657974325276
25829,GOF,0.0026891089786938906,0.6436288640344425,0.35368202698686363
25830,LOF,0.030101323155487823,0.40388208567933864,0.5660165911651734
25831,GOF,0.03137284193851692,0.8459618123757531,0.12266534568572998
25832,GOF,0.007168536845016605,0.762064367107229,0.23076709604775447
25833,GOF,0.023288203448373363,0.8067720718918596,0.1699397246597671
25834,GOF,0.007069879403511547,0.77022492649099,0.22270519410549855
25835,GOF,0.016632671723234117,0.8182658712631404,0.1651014570136254
25836,GOF,0.005887377198621475,0.7683642517432342,0.22574837105814424
25837,GOF,0.0057357950038850565,0.6750218342137208,0.3192423707823942
25838,GOF,0.01657927397696579,0.8358313350535066,0.14758939096952756
25839,GOF,0.035559498655808076,0.8190733140585944,0.14536718728559747
25840,GOF,0.035009196338358674,0.8312760717286605,0.1337147319329809
25841,GOF,0.0311109601337565,0.850404868613324,0.11848417125291955
25842,GOF,0.02193746847570944,0.8732477362065273,0.1048147953177633
25843,GOF,0.023660062279501952,0.8855589097263327,0.09078102799416536
25844,GOF,0.014263275732962924,0.8005729161675542,0.18516380809948277
25845,GOF,0.004931215063505611,0.588860612487666,0.40620817244882834
25846,GOF,0.024851129060093603,0.8547464211781698,0.12040244976173657
25847,GOF,0.015038838440597658,0.8872555872912304,0.09770557426817171
25848,GOF,0.013373483959691672,0.8411495966686059,0.1454769193717024
25849,GOF,0.004612152220333051,0.7108718621508194,0.2845159856288475
25850,GOF,0.0059508514004356135,0.7193232457630735,0.27472590283649084
25851,GOF,0.0052488429567762096,0.5953160978924896,0.3994350591507341
25852,GOF,0.14318307337183298,0.5690576271228258,0.2877592995053412
25853,GOF,0.06999439974192473,0.8423946302692793,0.087610969988796
25854,GOF,0.00896796139857939,0.6665816477395202,0.32445039086190036
25855,GOF,0.011544874858993569,0.6156703378122302,0.3727847873287762
25856,GOF,0.03148005618867853,0.748131907519648,0.22038803629167336
25857,GOF,0.0140649584292558,0.5660345314517635,0.41990051011898066
25858,GOF,0.007097471143775527,0.5767637717460055,0.4161387571102191
25859,GOF,0.005072971954458303,0.5538160306257407,0.44111099741980103
25860,GOF,0.0642934338814582,0.8073162198074255,0.1283903463111163
25861,GOF,0.10798027357485061,0.8005898859303654,0.09142984049478396
25862,GOF,0.01886732226340324,0.8467039333680515,0.13442874436854513
25863,GOF,0.017408765072868343,0.8536442937227625,0.12894694120436914
25864,GOF,0.039727818357923085,0.8652311386321,0.09504104300997697
25865,GOF,0.02587420531872197,0.8379910701709312,0.1361347245103466
25866,GOF,0.02165601627145528,0.83480931594897,0.14353466777957463
25867,GOF,0.023830404879466013,0.8581332750502596,0.11803632007027433
25868,GOF,0.04948737863790072,0.8212099004838178,0.1293027208782816
25869,GOF,0.31534221617343167,0.5944869821509385,0.09017080167562966
25870,GOF,0.18578556886051775,0.5762211390701618,0.23799329206932035
25871,GOF,0.021665539535094643,0.8768058440223062,0.10152861644259908
25872,GOF,0.01631440352527356,0.8384145149407624,0.14527108153396404
25873,GOF,0.016279780901279742,0.8666969220167342,0.11702329708198612
25874,LOF,0.015875346353898354,0.1481486706541699,0.8359759829919319
25875,LOF,0.03311990346958034,0.037984510839359775,0.9288955856910598
25876,LOF,0.014870268601110393,0.02961778492011926,0.9555119464787702
25877,LOF,0.13577850393662244,0.06805161236504496,0.7961698836983326
25878,LOF,0.05476355702108059,0.09275841765937179,0.8524780253195476
25879,LOF,0.02330250776493079,0.07190623552859254,0.9047912567064768
25880,LOF,0.045185079628211194,0.009452749319677347,0.9453621710521114
25881,Neutral,0.5832007885176758,0.07625811970722986,0.3405410917750944
25882,LOF,0.02176636535487876,0.047822103254698045,0.9304115313904232
25883,LOF,0.05514123827243198,0.02604812440124352,0.9188106373263245
25884,LOF,0.011531139110099703,0.05670667117543374,0.9317621897144666
25885,LOF,0.20368296572703332,0.009704624789425116,0.7866124094835415
25886,LOF,0.21888598467930612,0.057814552564579756,0.7232994627561142
25887,LOF,0.1521350545569709,0.07340868654467372,0.7744562588983553
25888,LOF,0.012688214787990091,0.1477657242191479,0.839546060992862
25889,LOF,0.016293362458931107,0.03708267115018092,0.946623966390888
25890,LOF,0.11897129171319719,0.11715211155471326,0.7638765967320895
25891,LOF,0.04554079347975442,0.06073696702411579,0.8937222394961297
25892,LOF,0.010783621042187382,0.0431486541970282,0.9460677247607844
25893,LOF,0.380471199900598,0.012317053534366101,0.6072117465650358
25894,LOF,0.42351822051938165,0.008236842860680302,0.568244936619938
25895,LOF,0.3514366997034808,0.016053505094323173,0.632509795202196
25896,LOF,0.04335361977651825,0.035721650033330776,0.9209247301901511
25897,LOF,0.18987276119534516,0.013305398089216653,0.796821840715438
25898,LOF,0.2383001419471392,0.038566404794721634,0.7231334532581392
25899,LOF,0.22524795141706866,0.03578603370064585,0.7389660148822854
25900,LOF,0.4613900977947434,0.011745948237659265,0.5268639539675972
25901,LOF,0.04608733680607845,0.012940511951236338,0.9409721512426853
25902,LOF,0.1024767435051247,0.01831884735921923,0.8792044091356561
25903,LOF,0.34243056596549776,0.03478192753130128,0.6227875065032009
25904,Neutral,0.5016157086959274,0.0415071187348077,0.4568771725692648
25905,LOF,0.007369773525011924,0.40031449466039337,0.5923157318145946
25906,LOF,0.0088936062217894,0.10050486968188538,0.8906015240963252
25907,LOF,0.004253734349232052,0.31015018755904916,0.6855960780917189
25908,LOF,0.004276766549803668,0.20534985803723688,0.7903733754129595
25909,LOF,0.016434089521264746,0.13577341303631893,0.8477924974424162
25910,LOF,0.017828588370431313,0.12813204430087097,0.8540393673286978
25911,LOF,0.1712546782401802,0.030152704251605857,0.798592617508214
25912,LOF,0.06937333028541147,0.049731453553716116,0.8808952161608724
25913,LOF,0.06110937646175005,0.056556258386907025,0.882334365151343
25914,LOF,0.02098215774330378,0.07163803561696343,0.9073798066397327
25915,LOF,0.12489040719750386,0.29001586919858097,0.5850937236039152
25916,LOF,0.020909051384451673,0.19742606367417007,0.7816648849413782
25917,LOF,0.056742168113453235,0.045605316149650986,0.8976525157368959
25918,LOF,0.027386184166696963,0.04232010586069258,0.9302937099726104
25919,LOF,0.022353425346084813,0.04355125028375486,0.9340953243701604
25920,LOF,0.10240586097219143,0.22036258092448657,0.677231558103322
25921,LOF,0.00940596100138547,0.03196001404585572,0.9586340249527588
25922,LOF,0.011091526974501224,0.026748796390105495,0.9621596766353933
25923,LOF,0.40726519162347813,0.033944792669587956,0.558790015706934
25924,LOF,0.017244755506743606,0.03896192768637986,0.9437933168068766
25925,LOF,0.07379455306191282,0.0451059268986935,0.8810995200393937
25926,LOF,0.051786434793728894,0.041014893518696686,0.9071986716875745
25927,LOF,0.020941381631145478,0.061285079179931104,0.9177735391889235
25928,LOF,0.00727150034781946,0.04860660434110604,0.9441218953110745
25929,LOF,0.4833379766505566,0.03155855079316043,0.48510347255628294
25930,LOF,0.08469200182309511,0.02821663975942161,0.8870913584174832
25931,LOF,0.010053468642825998,0.03112081113542896,0.9588257202217452
25932,LOF,0.035299141883440265,0.0267988083908176,0.9379020497257422
25933,LOF,0.04126479963397817,0.017096642019094704,0.9416385583469271
25934,LOF,0.028392001879772182,0.017569068644656585,0.9540389294755713
25935,LOF,0.0732573839610212,0.04979711871440811,0.8769454973245707
25936,LOF,0.040497376043062215,0.0204871514105929,0.9390154725463449
25937,LOF,0.009112718703128039,0.02950944959613317,0.9613778317007388
25938,LOF,0.06981521671723538,0.04848255728505878,0.8817022259977059
25939,LOF,0.03166243519435274,0.020764397679991026,0.9475731671256563
25940,LOF,0.008544140070294836,0.3535600758334828,0.6378957840962223
25941,Neutral,0.5325191112712782,0.02673861375438726,0.44074227497433466
25942,LOF,0.005435393513168873,0.04729740070693996,0.9472672057798911
25943,LOF,0.037592975090451446,0.14923096983392786,0.8131760550756207
25944,LOF,0.10593005723802044,0.07267066759375554,0.821399275168224
25945,LOF,0.05688519819673848,0.02000399218230915,0.9231108096209524
25946,LOF,0.07870436391030923,0.04295576281061727,0.8783398732790736
25947,Neutral,0.5010256962914722,0.07851398854394144,0.42046031516458643
25948,LOF,0.3115259074379721,0.011004019159017718,0.6774700734030102
25949,LOF,0.09671126893074208,0.05416584947060832,0.8491228815986496
25950,GOF,0.04256446563731112,0.5805302100391665,0.37690532432352236
25951,LOF,0.012230877371957577,0.4243375204350766,0.5634316021929658
25952,LOF,0.25121871534525364,0.32090395380972436,0.42787733084502194
25953,LOF,0.012274808242150848,0.1764669470984397,0.8112582446594094
25954,LOF,0.04696750926772115,0.4271025269616441,0.5259299637706347
25955,LOF,0.010211080969701141,0.12701095070023255,0.8627779683300663
25956,LOF,0.028310139016905236,0.2857730802242888,0.6859167807588059
25957,LOF,0.21703527584490329,0.03701770433420217,0.7459470198208945
25958,LOF,0.050879428584305185,0.03317697392376444,0.9159435974919303
25959,GOF,0.013583206091605592,0.5060373117517127,0.4803794821566816
25960,LOF,0.0053589460348062775,0.05990890394357698,0.9347321500216168
25961,LOF,0.050806075528924216,0.031127145923086075,0.9180667785479897
25962,LOF,0.03248831931351168,0.08093991232657112,0.8865717683599172
25963,LOF,0.005849240593628945,0.2433783741801733,0.7507723852261977
25964,LOF,0.029837344987086123,0.10500776628629947,0.8651548887266145
25965,LOF,0.3062947682461284,0.1507873176773847,0.5429179140764869
25966,LOF,0.4313969434768927,0.11815801330747175,0.4504450432156355
25967,LOF,0.006100263680769834,0.06766881026158188,0.9262309260576482
25968,LOF,0.04543151060030517,0.20162239855252834,0.7529460908471665
25969,LOF,0.11814143142598599,0.059965535468923664,0.8218930331050903
25970,LOF,0.018598586838602656,0.09608397098180102,0.8853174421795964
25971,LOF,0.06638661712454384,0.029402589120778307,0.9042107937546777
25972,LOF,0.05802626117903245,0.03891357181202669,0.9030601670089409
25973,LOF,0.05946953702860935,0.01401193291468666,0.9265185300567039
25974,LOF,0.045488748867134846,0.04043770788166967,0.9140735432511955
25975,LOF,0.043165883966234504,0.02623601815605946,0.9305980978777061
25976,LOF,0.12674440575143295,0.012621885080605827,0.8606337091679612
25977,LOF,0.2084247635115698,0.06124281699903993,0.7303324194893902
25978,LOF,0.14023741210898863,0.14849580568692422,0.711266782204087
25979,LOF,0.12403941339013212,0.16554123180511557,0.7104193548047524
25980,LOF,0.24344002125599656,0.16726009744385717,0.5892998813001462
25981,LOF,0.2441308845648675,0.16795596623734904,0.5879131491977835
25982,LOF,0.38418108270091167,0.10485991465623609,0.5109590026428523
25983,LOF,0.385105890563358,0.12569887936658003,0.489195230070062
25984,LOF,0.03562009001776925,0.0712500863007443,0.8931298236814864
25985,LOF,0.3999209682628502,0.12578226545246682,0.47429676628468287
25986,LOF,0.011433659715919248,0.42640827713989155,0.5621580631441893
25987,LOF,0.038097703603170475,0.12377250361154635,0.8381297927852832
25988,LOF,0.13273966238853807,0.1342055774296584,0.7330547601818035
25989,LOF,0.037587718209812424,0.16502879806089585,0.7973834837292917
25990,LOF,0.040565320421782965,0.25400821955502156,0.7054264600231955
25991,LOF,0.02360230560233385,0.34945651223094554,0.6269411821667207
25992,LOF,0.02864770632564806,0.35534925430409003,0.6160030393702619
25993,LOF,0.021471098998344654,0.09395124660489809,0.8845776543967573
25994,LOF,0.016581117870348494,0.08746734746909646,0.8959515346605551
25995,LOF,0.01718348972063472,0.17662275245526388,0.8061937578241015
25996,LOF,0.2985857181049497,0.28055784059717637,0.42085644129787386
25997,LOF,0.0841237043131932,0.3319488898104237,0.5839274058763831
25998,LOF,0.3176192517261547,0.05686415140716519,0.6255165968666802
25999,LOF,0.01949712243438673,0.24677522442836217,0.7337276531372511
26000,LOF,0.14576479969583953,0.03505339318042245,0.819181807123738
26001,LOF,0.29223941707433815,0.031481908741693335,0.6762786741839686
26002,LOF,0.0651449183224043,0.058505642388391614,0.876349439289204
26003,GOF,0.0038407194522362843,0.6135469361243124,0.38261234442345127
26004,GOF,0.005987916454202987,0.7040086897176905,0.29000339382810664
26005,GOF,0.0030499144739869525,0.5063037953369832,0.49064629018902983
26006,GOF,0.08403312816066015,0.6093314708206913,0.30663540101864845
26007,GOF,0.005519715363798548,0.5676607343747856,0.42681955026141577
26008,GOF,0.004848941525256851,0.6497564796966893,0.3453945787780539
26009,GOF,0.006167838520959329,0.6755104782503276,0.31832168322871307
26010,GOF,0.006327488907119699,0.6684726489700302,0.3251998621228501
26011,LOF,0.0027882039689782366,0.47748882309293345,0.5197229729380883
26012,GOF,0.003829738454671364,0.5428924820241554,0.45327777952117326
26013,GOF,0.004487364494385863,0.6012062829575923,0.3943063525480218
26014,LOF,0.03670187252971329,0.12317415088243429,0.8401239765878524
26015,LOF,0.1372800478454065,0.021078382575035044,0.8416415695795585
26016,LOF,0.2660680888996303,0.03471711788382575,0.6992147932165439
26017,LOF,0.02550492205838176,0.187848902209893,0.7866461757317254
26018,LOF,0.05112053361189151,0.03474942278642203,0.9141300436016865
26019,LOF,0.05007423610209393,0.029266891616134667,0.9206588722817713
26020,LOF,0.009291537663630764,0.18121912576249116,0.809489336573878
26021,LOF,0.07263644085743959,0.0639386116541828,0.8634249474883775
26022,LOF,0.030544351176740522,0.023002670519844677,0.9464529783034148
26023,LOF,0.040704658825104274,0.021240372165688855,0.9380549690092069
26024,LOF,0.044215367998674204,0.05793780853317528,0.8978468234681506
26025,LOF,0.05092562258659172,0.07369223751885613,0.8753821398945522
26026,LOF,0.07888930419104517,0.057013018499022364,0.8640976773099325
26027,LOF,0.04534354723808441,0.017419277662102828,0.9372371750998126
26028,LOF,0.0894678359395457,0.13447520224169446,0.7760569618187599
26029,LOF,0.023059290566700166,0.2213761183613434,0.7555645910719564
26030,LOF,0.15240918426197447,0.03517411911438891,0.8124166966236366
26031,LOF,0.013872899523877978,0.1721426160785803,0.8139844843975417
26032,LOF,0.06402224649123756,0.07570973867013628,0.8602680148386262
26033,LOF,0.08728342123680526,0.06829325291454118,0.8444233258486536
26034,LOF,0.016028722185659504,0.1739091621229356,0.810062115691405
26035,LOF,0.014399376764604576,0.1260565912069319,0.8595440320284635
26036,LOF,0.01591549497037422,0.1563319014228858,0.82775260360674
26037,LOF,0.013168034892958234,0.11301447057739075,0.873817494529651
26038,LOF,0.054790058023818734,0.06911755011614619,0.8760923918600351
26039,LOF,0.026948061802312094,0.15419591738927874,0.8188560208084092
26040,LOF,0.11061479107829342,0.15107184436138557,0.7383133645603209
26041,LOF,0.015925582637098912,0.10150842659322216,0.8825659907696789
26042,LOF,0.014487531001311744,0.10385302987950018,0.8816594391191881
26043,LOF,0.0522028647490777,0.08724393441075128,0.8605532008401711
26044,LOF,0.011475552452540748,0.07370404869785134,0.914820398849608
26045,LOF,0.04663158813900024,0.12006809984574103,0.8333003120152587
26046,LOF,0.047866447673795366,0.07127176778573359,0.880861784540471
26047,LOF,0.08188864014495413,0.06925541660744139,0.8488559432476046
26048,LOF,0.04338750837894565,0.04917788739706663,0.9074346042239877
26049,Neutral,0.960963256643587,0.007875448526149771,0.03116129483026318
26050,Neutral,0.9469833057689674,0.008503154714519361,0.044513539516513156
26051,LOF,0.013806314088083537,0.14011220554469453,0.846081480367222
26052,LOF,0.021754162841493972,0.171565342926124,0.8066804942323821
26053,LOF,0.02261507109831267,0.14897548948930533,0.8284094394123821
26054,LOF,0.04261070191765609,0.021566380971684656,0.9358229171106591
26055,LOF,0.056935179820793755,0.01918619510211593,0.9238786250770903
26056,LOF,0.049098168300825556,0.023431662969367096,0.9274701687298074
26057,LOF,0.03282389235286662,0.014437386944795627,0.9527387207023378
26058,LOF,0.03369809109689094,0.012656900788170961,0.9536450081149382
26059,LOF,0.3108278427265962,0.021249376231380353,0.6679227810420234
26060,LOF,0.011267972905578865,0.1970352318052535,0.7916967952891676
26061,LOF,0.005083287597445574,0.015794816451601273,0.9791218959509531
26062,LOF,0.003763229809893723,0.0238468107056371,0.9723899594844692
26063,LOF,0.0219371963499013,0.012607788055722153,0.9654550155943765
26064,LOF,0.005381533078791985,0.03247496653652611,0.9621435003846819
26065,LOF,0.025601896095344294,0.01342734117680515,0.9609707627278505
26066,LOF,0.024737511714114428,0.012469884052552282,0.9627926042333333
26067,LOF,0.02944153974831286,0.010612742609868596,0.9599457176418186
26068,LOF,0.04008793781906675,0.04940317004214671,0.9105088921387866
26069,LOF,0.2792902657228682,0.02336541059961579,0.6973443236775161
26070,LOF,0.43410782882132487,0.01916942571513024,0.5467227454635448
26071,LOF,0.02455714696324116,0.013574729015322402,0.9618681240214364
26072,LOF,0.0047942380708208415,0.0280237695752003,0.967181992353979
26073,LOF,0.022107711200331195,0.016547878484780582,0.9613444103148882
26074,Neutral,0.9152895752998648,0.007761128944820813,0.07694929575531435
26075,LOF,0.03844725207436656,0.022125646933929526,0.9394271009917038
26076,LOF,0.03530278458147927,0.011941360421640006,0.9527558549968808
26077,LOF,0.12241994977795259,0.008886681398714328,0.868693368823333
26078,LOF,0.005195457178384434,0.018201725419575834,0.9766028174020397
26079,LOF,0.04898409249183156,0.024426791664549384,0.9265891158436191
26080,LOF,0.04655541411546057,0.02448999403075363,0.9289545918537859
26081,LOF,0.028758912952679305,0.009192757780388514,0.9620483292669321
26082,LOF,0.0034590971518130968,0.019495446447308926,0.977045456400878
26083,LOF,0.11053706851734597,0.020258406406949304,0.8692045250757048
26084,LOF,0.04383855482342219,0.016714777587199605,0.9394466675893781
26085,LOF,0.03890644303361098,0.014677539604881926,0.9464160173615072
26086,LOF,0.023044162795907954,0.01329775382078334,0.9636580833833086
26087,LOF,0.022356338962288995,0.01111204955850277,0.9665316114792083
26088,LOF,0.005235159869575998,0.021480757962492304,0.9732840821679317
26089,LOF,0.035809542142068586,0.02564833075259609,0.9385421271053355
26090,LOF,0.03620157708490384,0.021224106419506925,0.9425743164955892
26091,LOF,0.027885865928451395,0.008223301253524712,0.963890832818024
26092,LOF,0.0234303651024235,0.00970519328305198,0.9668644416145246
26093,LOF,0.038635701952261264,0.007709442480672543,0.9536548555670662
26094,LOF,0.033924624894303326,0.007808566691235281,0.9582668084144614
26095,LOF,0.017640971995510943,0.021244801211930217,0.9611142267925589
26096,LOF,0.17693029099386587,0.0061382567785351816,0.8169314522275989
26097,LOF,0.005003031173962569,0.03610910247300808,0.9588878663530294
26098,LOF,0.07667100329621723,0.01864024016648389,0.9046887565372989
26099,LOF,0.02254227611233997,0.017127008846235765,0.9603307150414243
26100,LOF,0.02254227611233997,0.017127008846235765,0.9603307150414243
26101,LOF,0.05342790757396342,0.024235452451329378,0.9223366399747073
26102,LOF,0.021183519677545753,0.017125594830171374,0.9616908854922829
26103,Neutral,0.8380201104959234,0.02633524243222277,0.13564464707185372
26104,LOF,0.06271805728314694,0.028322104079121755,0.9089598386377313
26105,LOF,0.24747427190674323,0.20092616735246943,0.5515995607407873
26106,LOF,0.34859156016420884,0.14170058081690118,0.5097078590188899
26107,LOF,0.020007809273136702,0.12030292023291476,0.8596892704939485
26108,LOF,0.3247681046458055,0.048310481389452965,0.6269214139647415
26109,LOF,0.038731558711937994,0.06394495994163707,0.897323481346425
26110,LOF,0.20893118482738787,0.007545516257241646,0.7835232989153704
26111,LOF,0.06766826348123,0.08001429917493534,0.8523174373438347
26112,LOF,0.03688952937174777,0.007191216856043112,0.9559192537722091
26113,LOF,0.06457988280644827,0.016293390589093203,0.9191267266044586
26114,LOF,0.08155471321423197,0.010674139083322912,0.9077711477024452
26115,LOF,0.01720458884193725,0.06714363334702161,0.9156517778110411
26116,LOF,0.09650328358336797,0.038955689804694736,0.8645410266119373
26117,LOF,0.4092103337824093,0.037870010458852736,0.552919655758738
26118,LOF,0.032130608088792305,0.018620626211249054,0.9492487656999585
26119,LOF,0.005121882101250134,0.03859451178412115,0.9562836061146287
26120,LOF,0.02656033245533968,0.01725254103372281,0.9561871265109374
26121,LOF,0.004646876519469234,0.12648450625896426,0.8688686172215666
