feature0,prediction,LoGoFunc_Neutral,LoGoFunc_GOF,LoGoFunc_LOF
25546,Neutral,0.7123924985214902,0.03376118878519646,0.2538463126933133
25547,Neutral,0.5631614963778367,0.07029326791692816,0.36654523570523523
25548,Neutral,0.5771881465687065,0.04948277675070557,0.37332907668058796
25549,Neutral,0.499674851294186,0.04942641178005613,0.4508987369257578
25550,LOF,0.361847556049066,0.09318395546963017,0.5449684884813037
25551,LOF,0.3090941261093379,0.10311903926917065,0.5877868346214915
25552,LOF,0.22311896360749484,0.09521877173828298,0.6816622646542222
25553,Neutral,0.8336140839168815,0.027754817917556913,0.13863109816556143
25554,LOF,0.25519817681467705,0.09213653464248983,0.6526652885428331
25555,LOF,0.20875220241595846,0.08293416006962538,0.7083136375144161
25556,LOF,0.404876011776684,0.08238146105499115,0.5127425271683248
25557,LOF,0.20394409043765452,0.08543191277626747,0.710623996786078
25558,LOF,0.2422209235471873,0.094288645640072,0.6634904308127407
25559,LOF,0.3521495235295703,0.1718800980684655,0.4759703784019642
25560,LOF,0.0549865665240419,0.15811348100823097,0.7868999524677271
25561,LOF,0.12016976744830668,0.16367763159149348,0.7161526009601998
25562,LOF,0.12589440392367598,0.054501072228651484,0.8196045238476725
25563,LOF,0.09911853765278049,0.07002736051660481,0.8308541018306148
25564,LOF,0.23561443312385733,0.12645211943857762,0.6379334474375651
25565,LOF,0.13756389872903443,0.09949944181816293,0.7629366594528026
25566,GOF,0.017237252702147484,0.7903395790744103,0.1924231682234421
25567,LOF,0.016106108202546078,0.1474068994854516,0.8364869923120024
25568,LOF,0.05224440185843903,0.06539364704409602,0.882361951097465
25569,LOF,0.06267072057840326,0.058758631182339566,0.8785706482392572
25570,LOF,0.06423997163190405,0.09978079694418965,0.8359792314239064
25571,LOF,0.061314999480709016,0.09386758446973338,0.8448174160495575
25572,LOF,0.06540941456483011,0.12453574629425629,0.8100548391409136
25573,LOF,0.03560009185432978,0.09415665243096678,0.8702432557147034
25574,LOF,0.02076016265136341,0.14353199135939482,0.8357078459892417
25575,LOF,0.04869610868333824,0.10443666923253041,0.8468672220841315
25576,LOF,0.01822029737270691,0.12065937131834202,0.8611203313089509
25577,LOF,0.015105000223324958,0.12295941072869274,0.8619355890479823
25578,LOF,0.25099129514976903,0.07641548271600482,0.6725932221342261
25579,LOF,0.2517419443757015,0.07568763150018194,0.6725704241241165
25580,LOF,0.03354624193202229,0.07454639621520875,0.891907361852769
25581,LOF,0.055985517359588004,0.06098395608084305,0.883030526559569
25582,LOF,0.055705609621543355,0.05969529353870218,0.8845990968397545
25583,LOF,0.044614327668557135,0.0824154362704954,0.8729702360609474
25584,Neutral,0.48394329520045876,0.10680592854339221,0.40925077625614903
25585,LOF,0.0364482689942479,0.12063803460542746,0.8429136964003247
25586,LOF,0.03257285713196086,0.07064621965230843,0.8967809232157308
25587,LOF,0.031500963117806154,0.06703416958809216,0.9014648672941016
25588,LOF,0.034085268790913545,0.08391243305547524,0.8820022981536112
25589,Neutral,0.624390252462733,0.11548257396871744,0.26012717356854953
25590,LOF,0.03234027120323458,0.12380071338481548,0.84385901541195
25591,LOF,0.11206320934370075,0.05258045248114411,0.8353563381751552
25592,LOF,0.10077479858975195,0.12288563324678861,0.7763395681634594
25593,LOF,0.029000367604263222,0.23638151256309817,0.7346181198326386
25594,LOF,0.043116708818421126,0.19822932449180167,0.7586539666897772
25595,LOF,0.05025212917105287,0.14611839512901886,0.8036294756999283
25596,LOF,0.04670236807822661,0.08648321247016716,0.8668144194516062
25597,LOF,0.039847076914644355,0.09841736159429822,0.8617355614910573
25598,LOF,0.047696288286746144,0.1353662659562407,0.816937445757013
25599,GOF,0.00766787411331133,0.6970868533567045,0.29524527252998406
25600,GOF,0.021172579390993554,0.6478370444612034,0.3309903761478032
25601,LOF,0.0058022635136387515,0.4749149605953571,0.5192827758910041
25602,LOF,0.029286306335439237,0.04027229441271712,0.9304413992518437
25603,LOF,0.060852137904398106,0.027073057693361723,0.9120748044022403
25604,LOF,0.04541701538798854,0.033989283161273726,0.9205937014507377
25605,LOF,0.015411510665604693,0.17124947613528319,0.8133390131991121
25606,LOF,0.1171927269415856,0.4021646906808464,0.4806425823775679
25607,LOF,0.006485744471832475,0.18172433662254042,0.811789918905627
25608,LOF,0.031363719135857365,0.06174717713301148,0.9068891037311311
25609,LOF,0.03282054472396778,0.4319968051446108,0.5351826501314214
25610,LOF,0.036018365634146066,0.023822588580855678,0.9401590457849982
25611,LOF,0.03760933719258746,0.022103756133956428,0.940286906673456
25612,LOF,0.09550046467690745,0.034619572318671854,0.8698799630044206
25613,LOF,0.0792845783795907,0.03514531537740508,0.8855701062430041
25614,LOF,0.02881312260384216,0.03160527607333542,0.9395816013228224
25615,LOF,0.041023491054946466,0.03401177514431074,0.9249647338007427
25616,LOF,0.03004613157293312,0.030150135668066406,0.9398037327590005
25617,LOF,0.028585136429652717,0.032923623505755104,0.9384912400645922
25618,LOF,0.15390938324982587,0.02849793637019815,0.8175926803799759
25619,LOF,0.02754761395795216,0.02834148827946226,0.9441108977625856
25620,LOF,0.03133058721467371,0.037297148833066895,0.9313722639522594
25621,LOF,0.0286868900773982,0.026839400200075737,0.9444737097225262
25622,LOF,0.03040685105815918,0.03346752567967469,0.9361256232621662
25623,LOF,0.05786476433266422,0.033836330132874695,0.908298905534461
25624,LOF,0.025835501064754296,0.03298257874775508,0.9411819201874906
25625,LOF,0.0343682454702879,0.039495528724112695,0.9261362258055994
25626,LOF,0.08465327109579963,0.029581646983409357,0.885765081920791
25627,Neutral,0.5231085218619621,0.14506962619578162,0.3318218519422562
25628,LOF,0.20226023744734536,0.06262230032518937,0.7351174622274652
25629,LOF,0.06627130499756087,0.07118816405701234,0.8625405309454269
25630,LOF,0.16877300296408382,0.1052410741031919,0.7259859229327242
25631,Neutral,0.5443115914639186,0.08390479988829683,0.3717836086477846
25632,LOF,0.0192197317266294,0.07189591657793742,0.9088843516954332
25633,LOF,0.20790760403322664,0.06042605647621117,0.7316663394905623
25634,LOF,0.033273396326080555,0.08761033114722955,0.8791162725266898
25635,LOF,0.03459952256336816,0.06388590047806883,0.901514576958563
25636,GOF,0.0046670063262335346,0.6491327038090764,0.34620028986469
25637,GOF,0.00618034240929976,0.6586064028362615,0.3352132547544389
25638,LOF,0.008030171955060273,0.3713841202780565,0.6205857077668834
25639,GOF,0.005084659978751502,0.5410606206318486,0.4538547193894
25640,Neutral,0.4985875597662619,0.4266707527162367,0.07474168751750143
25641,LOF,0.009733985006407628,0.36139960555522094,0.6288664094383715
25642,LOF,0.2920025026833181,0.0719940116024878,0.6360034857141941
25643,LOF,0.24468958237501726,0.15569629326494291,0.5996141243600398
25644,GOF,0.015415165666987498,0.5595839224094341,0.4250009119235784
25645,GOF,0.014332602504044894,0.532974568269428,0.452692829226527
25646,LOF,0.01916719099344531,0.34139267143442203,0.6394401375721326
25647,LOF,0.01659139304656098,0.28377812739670544,0.6996304795567336
25648,LOF,0.014502014000800558,0.32124306184569823,0.6642549241535012
25649,LOF,0.010702917575117344,0.23167664949014333,0.7576204329347394
25650,GOF,0.02731721166994986,0.5116696715283271,0.4610131168017231
25651,LOF,0.010112378137926037,0.2898287463108283,0.7000588755512456
25652,LOF,0.018524479986927207,0.26421172722934755,0.7172637927837252
25653,LOF,0.061927268744591334,0.37607623829330883,0.5619964929620999
25654,LOF,0.01715187009217695,0.15447240409912336,0.8283757258086997
25655,LOF,0.0978508296015444,0.45048635226310596,0.4516628181353496
25656,LOF,0.07009365072319493,0.0741812770961004,0.8557250721807046
25657,LOF,0.2707955565361815,0.03672546403106547,0.6924789794327529
25658,LOF,0.04595661412537054,0.09333498164199093,0.8607084042326386
25659,LOF,0.26189761756889735,0.0698412886458372,0.6682610937852654
25660,LOF,0.07546049349478808,0.09843244049052388,0.8261070660146881
25661,LOF,0.052280390709640696,0.06919541964605416,0.8785241896443052
25662,LOF,0.03044910807546086,0.042044672604683045,0.9275062193198561
25663,LOF,0.038783461145765696,0.06971062934752799,0.8915059095067064
25664,LOF,0.035995493229666324,0.09407225252417523,0.8699322542461585
25665,LOF,0.0596237327112419,0.045529068216233766,0.8948471990725243
25666,LOF,0.03683866111661376,0.14314656874048393,0.8200147701429024
25667,LOF,0.030477695384392142,0.05458608814444974,0.9149362164711582
25668,LOF,0.0351965543818123,0.05680035857769625,0.9080030870404915
25669,LOF,0.04116404384051867,0.08718278283476016,0.8716531733247211
25670,LOF,0.08575370332670824,0.101142360772868,0.8131039359004237
25671,LOF,0.04051667530027745,0.04619644989880762,0.913286874800915
25672,LOF,0.060073840696679454,0.06545138848122502,0.8744747708220956
25673,LOF,0.039117806301015336,0.07706155843589543,0.8838206352630893
25674,LOF,0.03056491721756768,0.08565097837598784,0.8837841044064445
25675,LOF,0.04203729478170779,0.05796697382276754,0.8999957313955246
25676,LOF,0.032659301008908924,0.056866455572169135,0.910474243418922
25677,LOF,0.06035470448907306,0.06287650454308445,0.8767687909678425
25678,LOF,0.26056572198395195,0.045180611024298926,0.6942536669917491
25679,LOF,0.18216045900856048,0.062418055777801545,0.7554214852136379
25680,LOF,0.06217497858982878,0.09436368859525299,0.8434613328149182
25681,LOF,0.10672651546899532,0.0872995612285504,0.8059739233024542
25682,LOF,0.045341571326217266,0.07686037863236213,0.8777980500414205
25683,LOF,0.08403373738764573,0.08716251950704029,0.828803743105314
25684,LOF,0.05765987374260304,0.07587788468100429,0.8664622415763926
25685,LOF,0.099779245846934,0.035267753256808705,0.8649530008962573
25686,LOF,0.0325974007498064,0.09098028897182305,0.8764223102783707
25687,LOF,0.05134850770077017,0.07369583491947516,0.8749556573797547
25688,LOF,0.024594929103001022,0.10168211059723434,0.8737229602997646
25689,LOF,0.017803312819616196,0.0903406213810486,0.8918560657993352
25690,LOF,0.019138605966841252,0.08582241503066472,0.8950389790024941
25691,LOF,0.16446559411437278,0.12687977888092272,0.7086546270047045
25692,LOF,0.2726884299839074,0.01373709666116146,0.7135744733549311
25693,LOF,0.040877797567050025,0.15872935930852505,0.800392843124425
25694,LOF,0.2417272824631854,0.014004086391473705,0.7442686311453409
25695,LOF,0.14444738799247836,0.020276947066610245,0.8352756649409114
25696,LOF,0.14920597304447542,0.010273856697482275,0.8405201702580423
25697,LOF,0.13175414641341998,0.022185897275580332,0.8460599563109996
25698,LOF,0.023233814908021122,0.36878242675864137,0.6079837583333375
25699,LOF,0.050305345456887966,0.062352664449908314,0.8873419900932037
25700,LOF,0.03338324804598576,0.00970898747869073,0.9569077644753236
25701,LOF,0.01191903869988159,0.07630107480481647,0.9117798864953018
25702,GOF,0.038489288231330784,0.7019698911810877,0.25954082058758154
25703,LOF,0.016643663269953524,0.1719817074131208,0.8113746293169257
25704,LOF,0.09768253148615146,0.15368112655125998,0.7486363419625885
25705,LOF,0.06893597268996372,0.23784653820236734,0.6932174891076689
25706,GOF,0.04745553874255562,0.5926170442599341,0.3599274169975103
25707,GOF,0.023910692381050428,0.5172973090462747,0.4587919985726749
25708,LOF,0.006144223708517732,0.4500395878454025,0.5438161884460797
25709,LOF,0.018905449939460403,0.06672730812088512,0.9143672419396545
25710,LOF,0.008989465093770374,0.1450871346876302,0.8459234002185995
25711,LOF,0.02047748826153538,0.11833499164029303,0.8611875200981716
25712,LOF,0.010410716406230425,0.1940403828231906,0.7955489007705788
25713,LOF,0.01944359618766179,0.1095210541656874,0.8710353496466507
25714,LOF,0.021084336864629395,0.13731588481951976,0.8415997783158508
25715,LOF,0.020834865055120628,0.12545145228179874,0.8537136826630807
25716,LOF,0.011315210574630639,0.15761211288498486,0.8310726765403845
25717,LOF,0.005583282671890291,0.12670975907212612,0.8677069582559835
25718,LOF,0.019960311848830594,0.07665363201567492,0.9033860561354945
25719,LOF,0.03361617807136604,0.08901870354274274,0.8773651183858913
25720,LOF,0.026365795810680926,0.0826675918500909,0.8909666123392281
25721,LOF,0.0245716105453057,0.09000063379564018,0.8854277556590542
25722,LOF,0.016570080392943932,0.12219372868107478,0.8612361909259812
25723,LOF,0.022014823876892232,0.0740156207921388,0.9039695553309689
25724,LOF,0.02572017228596212,0.1385353220325455,0.8357445056814923
25725,LOF,0.020812948647933337,0.06465881892398549,0.9145282324280811
25726,LOF,0.01563680283669989,0.10486578295744907,0.879497414205851
25727,LOF,0.021629352010745943,0.08688236949134262,0.8914882784979115
25728,LOF,0.02052145503620814,0.10222667122627335,0.8772518737375185
25729,LOF,0.019381504031864196,0.11118414719684706,0.8694343487712887
25730,LOF,0.021502924658643882,0.08008376474350616,0.8984133105978499
25731,LOF,0.00975001643776379,0.18952220131954337,0.8007277822426928
25732,LOF,0.01934061068561865,0.09589746796364278,0.8847619213507386
25733,LOF,0.028423877569348704,0.08637355409062032,0.885202568340031
25734,LOF,0.00685496381629953,0.20750241337108055,0.7856426228126199
25735,LOF,0.02327821062457239,0.07574869685571657,0.9009730925197111
25736,LOF,0.021836608270643453,0.12315344513694466,0.8550099465924118
25737,LOF,0.04081704777209435,0.10886487953051707,0.8503180726973886
25738,LOF,0.021255743844786745,0.14554498443324898,0.8331992717219643
25739,LOF,0.023535994519830662,0.13324636343937718,0.8432176420407921
25740,LOF,0.04773984976625525,0.14627806668775567,0.805982083545989
25741,LOF,0.027743384317578793,0.11305657935336152,0.8592000363290597
25742,LOF,0.045095789176302734,0.12761384093233166,0.8272903698913656
25743,LOF,0.011641617571644116,0.030981296594619966,0.9573770858337359
25744,GOF,0.18729599246462864,0.46196427757244657,0.35073972996292485
25745,LOF,0.027908962129607078,0.05583679628825485,0.916254241582138
25746,LOF,0.012692785976565158,0.07615653779232073,0.9111506762311141
25747,LOF,0.0286211283942582,0.03223887924209026,0.9391399923636516
25748,LOF,0.26366124854090867,0.056100471505110806,0.6802382799539805
25749,LOF,0.01373399938696508,0.05296094089319819,0.9333050597198368
25750,LOF,0.016455109422848255,0.08341912491051283,0.900125765666639
25751,LOF,0.036730704807929775,0.05990568467444566,0.9033636105176246
25752,GOF,0.07429097970818702,0.7044280433981367,0.22128097689367637
25753,LOF,0.007352295208733634,0.38341239586781006,0.6092353089234563
25754,GOF,0.0065120591768504715,0.873680235889727,0.11980770493342252
25755,LOF,0.008439711327095084,0.4655196134270682,0.5260406752458368
25756,LOF,0.045157770566903635,0.45233207383731044,0.5025101555957858
25757,GOF,0.006944133863752926,0.8739502250683678,0.11910564106787912
25758,GOF,0.009562826330996078,0.887726086601436,0.102711087067568
25759,GOF,0.005476377409926456,0.5914994822483057,0.40302414034176776
25760,LOF,0.006506772845212405,0.30465809383783665,0.688835133316951
25761,GOF,0.0623391245850297,0.8558142653289587,0.08184661008601152
25762,LOF,0.027116858950032238,0.3913797775815484,0.5815033634684194
25763,LOF,0.007431287165214442,0.2803709792694245,0.712197733565361
25764,GOF,0.07248104925365223,0.6525166415834777,0.2750023091628702
25765,GOF,0.008096625763818937,0.8548492647968889,0.13705410943929214
25766,GOF,0.038684363028632436,0.8155229781777474,0.14579265879362022
25767,GOF,0.010161042197668972,0.5294436156590336,0.4603953421432975
25768,LOF,0.03428571958447181,0.07630975031161796,0.8894045301039103
25769,LOF,0.02394805050378187,0.08568616678004266,0.8903657827161755
25770,LOF,0.17395447581230597,0.06812855417617183,0.7579169700115223
25771,LOF,0.013545876778823103,0.07673984875326226,0.9097142744679146
25772,LOF,0.02300363900117907,0.03362926770037875,0.9433670932984421
25773,LOF,0.016493003466585696,0.0837477929661813,0.8997592035672329
25774,LOF,0.02840737576930497,0.10592664637299933,0.8656659778576956
25775,LOF,0.020243883782626464,0.04916052373847816,0.9305955924788953
25776,LOF,0.0267990553079723,0.03081140379730467,0.9423895408947232
25777,LOF,0.24805282825414168,0.08264184807774844,0.6693053236681099
25778,LOF,0.01837496899462162,0.060043399093022566,0.9215816319123558
25779,GOF,0.029116546887421255,0.9059894806661892,0.06489397244638949
25780,GOF,0.06708190902776084,0.8905974574893133,0.042320633482925814
25781,GOF,0.0323208409041807,0.887534351751173,0.08014480734464631
25782,GOF,0.02685681896936049,0.9095096412819396,0.06363353974869988
25783,GOF,0.01727083836466096,0.8015816868892822,0.18114747474605672
25784,GOF,0.07250602716639273,0.893128908803977,0.034365064029630334
25785,GOF,0.05433370429401469,0.9103304151765698,0.03533588052941563
25786,GOF,0.007773078214881977,0.8700357059101628,0.12219121587495517
25787,GOF,0.14469030468372437,0.8218530976517697,0.033456597664506024
25788,LOF,0.014940635546074875,0.21228324892718894,0.7727761155267362
25789,GOF,0.015136864038389142,0.872393330595238,0.11246980536637283
25790,GOF,0.016521506461194577,0.888042391830146,0.09543610170865931
25791,GOF,0.015649410031705904,0.8423001586051773,0.14205043136311682
25792,GOF,0.019812425700636876,0.8535284083233087,0.12665916597605428
25793,GOF,0.05048554632837162,0.8510475778399123,0.09846687583171605
25794,GOF,0.049947273438715536,0.7711439989853502,0.17890872757593435
25795,GOF,0.041592301417605816,0.7931246584794888,0.16528304010290537
25796,GOF,0.0777807131873755,0.8426034585590477,0.0796158282535767
25797,GOF,0.03859360457099835,0.736642093724839,0.22476430170416256
25798,GOF,0.0031828852726716096,0.6933455240660774,0.3034715906612509
25799,GOF,0.0028985630120169094,0.5733289379942292,0.42377249899375385
25800,GOF,0.015886531538932228,0.793892151750399,0.1902213167106688
25801,GOF,0.013220298614205303,0.8900831626473092,0.09669653873848555
25802,GOF,0.01993371585554813,0.8433959665719079,0.13667031757254397
25803,GOF,0.013769753068272928,0.7454322351345238,0.24079801179720328
25804,GOF,0.016480909396841766,0.6695084371203738,0.31401065348278445
25805,GOF,0.021219338616782556,0.740056474022625,0.23872418736059253
25806,GOF,0.017890345334558373,0.8095451698120266,0.17256448485341513
25807,GOF,0.005654642259285127,0.7743654780883269,0.21997987965238788
25808,GOF,0.013956527721570742,0.7893510734443775,0.19669239883405176
25809,GOF,0.006615186993013814,0.7672144656270641,0.22617034737992206
25810,GOF,0.005488172457222925,0.7608342110488234,0.23367761649395355
25811,GOF,0.03419415198775626,0.896068366693416,0.0697374813188278
25812,GOF,0.017951417345622025,0.7719790603394775,0.21006952231490053
25813,GOF,0.09570934699907203,0.8161528597698142,0.08813779323111362
25814,GOF,0.021286792407680936,0.8189673350708289,0.15974587252149008
25815,GOF,0.03248562571563293,0.8486852123346345,0.11882916194973261
25816,GOF,0.0073371444559497305,0.8645826893956576,0.12808016614839246
25817,GOF,0.08252589188269559,0.8441720030409352,0.07330210507636913
25818,GOF,0.018514492089927618,0.8308712454419205,0.1506142624681519
25819,GOF,0.055348562146524304,0.7805926773639574,0.16405876048951823
25820,GOF,0.02404813369079497,0.7977239071609985,0.17822795914820647
25821,GOF,0.017026657989603962,0.7922622748217696,0.19071106718862646
25822,GOF,0.03147656515523499,0.8034108343113741,0.16511260053339086
25823,GOF,0.01872520717715887,0.7049455352643968,0.27632925755844423
25824,GOF,0.016913795264168714,0.783284246749193,0.19980195798663833
25825,GOF,0.013334866784848347,0.7764431428845056,0.21022199033064606
25826,GOF,0.005949786765024898,0.7733272120604202,0.22072300117455493
25827,GOF,0.009917113051605994,0.736570656971804,0.2535122299765899
25828,GOF,0.00714028300826658,0.7028389993408894,0.29002071765084403
25829,GOF,0.003199215682956591,0.7341046645683198,0.26269611974872364
25830,GOF,0.0329035404755967,0.5550219649414295,0.4120744945829737
25831,GOF,0.05084107832550957,0.8374238286299726,0.11173509304451781
25832,GOF,0.008576431471753517,0.8236001506088103,0.1678234179194362
25833,GOF,0.02952133853572942,0.8650529886571672,0.10542567280710351
25834,GOF,0.008364039312309932,0.8283169300338813,0.16331903065380873
25835,GOF,0.018784434180698327,0.8807049758477166,0.1005105899715852
25836,GOF,0.006036508955769087,0.8211746987043486,0.17278879233988242
25837,GOF,0.006234061806780044,0.7179156548615001,0.27585028333172
25838,GOF,0.018139528221860508,0.8737151754026709,0.10814529637546881
25839,GOF,0.038603792971134136,0.8533606436463225,0.10803556338254337
25840,GOF,0.07053626121626985,0.8354413313438629,0.09402240743986719
25841,GOF,0.07070406761372393,0.8508200456289172,0.0784758867573589
25842,GOF,0.019924629723847852,0.8977754558131225,0.0822999144630297
25843,GOF,0.021965035380013365,0.9002339791717239,0.0778009854482627
25844,GOF,0.012339294158961575,0.8508195272300838,0.13684117861095454
25845,GOF,0.004575855790169671,0.6654860049843743,0.32993813922545606
25846,GOF,0.055460058953318625,0.8671392958274512,0.07740064521923014
25847,GOF,0.013458287098094553,0.9128590260338513,0.07368268686805428
25848,GOF,0.015820209933921112,0.8697275223923959,0.11445226767368308
25849,GOF,0.005458298867130337,0.769857293514469,0.2246844076184008
25850,GOF,0.0052893370568271696,0.7771665637918744,0.21754409915129835
25851,GOF,0.004769240862575288,0.6676811998674466,0.32754955926997814
25852,GOF,0.11989810405161434,0.6062411939484721,0.27386070199991347
25853,GOF,0.06089088238615983,0.8480423891414494,0.09106672847239085
25854,GOF,0.004152225477413086,0.7155654753509266,0.2802822991716603
25855,GOF,0.0147725990705252,0.6865651239030387,0.29866227702643616
25856,GOF,0.02938880059575954,0.8067633696110675,0.1638478297931728
25857,GOF,0.016298289293966546,0.6588882780012827,0.3248134327047509
25858,GOF,0.006544945232345379,0.6616812216179268,0.3317738331497278
25859,GOF,0.005530961922767626,0.6682705811131745,0.32619845696405797
25860,GOF,0.06745004241281996,0.8407143959896362,0.09183556159754394
25861,GOF,0.07081240304092357,0.8442757772332314,0.08491181972584505
25862,GOF,0.014917201164315374,0.8832198701236555,0.10186292871202904
25863,GOF,0.015829741600507787,0.8839060863970414,0.10026417200245079
25864,GOF,0.04089807284328076,0.8922441359033695,0.0668577912533498
25865,GOF,0.03249879115511076,0.8655309691063594,0.10197023973852981
25866,GOF,0.01932968787345205,0.884992011913998,0.09567830021254992
25867,GOF,0.031187106070856608,0.89720349286013,0.07160940106901331
25868,GOF,0.04627345196881489,0.8607236776093221,0.09300287042186296
25869,GOF,0.30352702582462576,0.633890456455785,0.06258251771958935
25870,GOF,0.056660438378074045,0.6867752686998753,0.2565642929220507
25871,GOF,0.009157429820354552,0.8907886494652787,0.10005392071436682
25872,GOF,0.01596442432488015,0.8839837252349825,0.10005185044013734
25873,GOF,0.016086713043018435,0.9051169772439575,0.07879630971302416
25874,LOF,0.014919077483125997,0.2551045302546644,0.7299763922622095
25875,LOF,0.03858968937650065,0.04712696691671431,0.914283343706785
25876,LOF,0.018400620621774912,0.029849913881443726,0.9517494654967814
25877,LOF,0.1371113787751605,0.07224824651351716,0.7906403747113223
25878,LOF,0.08040327974892543,0.10533484766054159,0.814261872590533
25879,LOF,0.023392399743212788,0.08394428957647937,0.8926633106803079
25880,LOF,0.06208128160535537,0.010873120341402606,0.927045598053242
25881,Neutral,0.5419758262742945,0.06836541425060336,0.38965875947510215
25882,LOF,0.06903321117311739,0.019612749594245034,0.9113540392326376
25883,LOF,0.027818493953632947,0.028214163738331386,0.9439673423080356
25884,LOF,0.0210614956621613,0.050322799692852735,0.9286157046449859
25885,LOF,0.2271189008715411,0.010879799908530318,0.7620012992199285
25886,LOF,0.2708930289546279,0.05871750948713228,0.6703894615582398
25887,LOF,0.1725081701287156,0.07502068737384711,0.7524711424974374
25888,LOF,0.010558217182072087,0.15195786148881435,0.8374839213291136
25889,LOF,0.027818538726684525,0.037219319659235126,0.9349621416140803
25890,LOF,0.17804684776144683,0.09026311557609255,0.7316900366624605
25891,LOF,0.12280509152529266,0.022170136103166947,0.8550247723715403
25892,LOF,0.009143771209657458,0.034642842909950615,0.9562133858803918
25893,LOF,0.3603927051025996,0.01084903018435027,0.6287582647130501
25894,LOF,0.3809770442588112,0.005847425127599525,0.6131755306135893
25895,LOF,0.3249223578860466,0.013713811945000808,0.6613638301689525
25896,LOF,0.06931745966757565,0.02112467851194201,0.9095578618204824
25897,LOF,0.18625123533467897,0.008983469543371234,0.8047652951219498
25898,LOF,0.14695216206152928,0.033037578799369804,0.820010259139101
25899,LOF,0.43238755047030175,0.02131800387472721,0.546294445654971
25900,Neutral,0.507754659772156,0.0075913143710606285,0.4846540258567833
25901,LOF,0.06282831816806743,0.008848524571423454,0.9283231572605091
25902,LOF,0.16562395336661628,0.010216957401756719,0.8241590892316271
25903,LOF,0.4032416923894377,0.025563807791297855,0.5711944998192644
25904,Neutral,0.5177909316334224,0.03002882182879869,0.45218024653777894
25905,GOF,0.0060597485409918965,0.5098249079580517,0.4841153435009564
25906,LOF,0.008372170098539227,0.10941285736194215,0.8822149725395186
25907,LOF,0.0056289260463038525,0.3699384653780372,0.6244326085756589
25908,LOF,0.005184863673352061,0.29060060082916755,0.7042145354974804
25909,LOF,0.02613984458492072,0.16345042362440132,0.8104097317906779
25910,LOF,0.011623250716296898,0.1297530744920337,0.8586236747916695
25911,LOF,0.2515114567626321,0.05687008151598613,0.6916184617213819
25912,LOF,0.0895151447034873,0.05082662556035086,0.8596582297361617
25913,LOF,0.026821242435844717,0.07959593718478715,0.8935828203793681
25914,LOF,0.035387777745600923,0.0390556935748191,0.92555652867958
25915,LOF,0.22008677252599737,0.18222110963853758,0.597692117835465
25916,LOF,0.028375206923559777,0.10658625948831561,0.8650385335881245
25917,LOF,0.07393616245522833,0.03313737208988196,0.8929264654548896
25918,LOF,0.040691250889457166,0.02351768293649973,0.9357910661740431
25919,LOF,0.03634729171707777,0.02237354743334023,0.941279160849582
25920,LOF,0.3541099919736524,0.24445316608233353,0.40143684194401413
25921,LOF,0.015470586488087036,0.03593362523817822,0.9485957882737348
25922,LOF,0.018079700675699868,0.03533627746810546,0.9465840218561946
25923,LOF,0.42420832770117256,0.03163115303470319,0.5441605192641242
25924,LOF,0.01986047530012269,0.05892454235969674,0.9212149823401805
25925,LOF,0.08076228754905021,0.04394216303888972,0.87529554941206
25926,LOF,0.06621396949636224,0.04196039706483844,0.8918256334387993
25927,LOF,0.02112282621929131,0.06940677534321192,0.9094703984374968
25928,LOF,0.009672193558731477,0.05807342650318711,0.9322543799380815
25929,Neutral,0.5484558838088146,0.029833878654720685,0.42171023753646475
25930,LOF,0.07768802799664204,0.03228058002498137,0.8900313919783766
25931,LOF,0.01437579940368327,0.03843332968370466,0.947190870912612
25932,LOF,0.06321310059495981,0.03627368233304949,0.9005132170719907
25933,LOF,0.06860270364182378,0.02115564873229117,0.9102416476258851
25934,LOF,0.05587260045926642,0.01881972986771628,0.9253076696730173
25935,LOF,0.07347961479493165,0.0544143512225413,0.8721060339825272
25936,LOF,0.10144503472422732,0.019848510696552312,0.8787064545792205
25937,LOF,0.014627347184028196,0.043014813469914384,0.9423578393460574
25938,LOF,0.07460301154643374,0.04663657451847,0.8787604139350963
25939,LOF,0.04485379552797386,0.025400914261838287,0.9297452902101878
25940,LOF,0.00905694387621218,0.3798184571141299,0.6111245990096579
25941,Neutral,0.4969177226270485,0.04957441763040359,0.45350785974254804
25942,LOF,0.010337193180010982,0.05901419815347754,0.9306486086665116
25943,LOF,0.049362538102906056,0.22029835704412,0.7303391048529739
25944,LOF,0.04922099507396668,0.10152824178209272,0.8492507631439407
25945,LOF,0.12332894591400315,0.029815695947180212,0.8468553581388166
25946,LOF,0.06649781349858085,0.04139643510408425,0.8921057513973348
25947,Neutral,0.45408707280672084,0.11551144572255127,0.43040148147072776
25948,LOF,0.4111298667602271,0.01882669314784212,0.5700434400919308
25949,LOF,0.13007808525326625,0.07151475191488506,0.7984071628318488
25950,GOF,0.05012255429837098,0.5868961717263165,0.36298127397531255
25951,LOF,0.012258635833745842,0.44909232291733603,0.5386490412489181
25952,LOF,0.22390534764056091,0.2939775692031908,0.48211708315624835
25953,LOF,0.008408326011952263,0.18518961595889646,0.8064020580291513
25954,GOF,0.06266795109692541,0.47308508675881406,0.4642469621442604
25955,LOF,0.007033894899115181,0.16678538161618062,0.8261807234847042
25956,LOF,0.013997981808126371,0.2497105366468601,0.7362914815450136
25957,LOF,0.16127700589021451,0.027333939349434302,0.8113890547603512
25958,LOF,0.032562378760540155,0.05821635990932293,0.9092212613301369
25959,GOF,0.012190324933821568,0.6845162647463299,0.3032934103198486
25960,LOF,0.00564100021155668,0.10328041408239552,0.8910785857060478
25961,LOF,0.03013379756181672,0.05001071768589204,0.9198554847522913
25962,LOF,0.049966524679377324,0.061682510756527545,0.8883509645640951
25963,LOF,0.005776584217530123,0.14873303043013159,0.8454903853523383
25964,LOF,0.02823527813341068,0.10356528566227463,0.8681994362043146
25965,LOF,0.24195942874666157,0.12823464778904517,0.6298059234642933
25966,LOF,0.41700407734819,0.12676781487238808,0.4562281077794219
25967,LOF,0.008976782085795533,0.09004830426536169,0.9009749136488427
25968,LOF,0.04808397045868625,0.2653606682087441,0.6865553613325697
25969,LOF,0.128697338999542,0.06668577092721319,0.8046168900732449
25970,LOF,0.06021317430338309,0.09735892866012665,0.8424278970364902
25971,LOF,0.07974330326249832,0.03329859182676785,0.8869581049107338
25972,LOF,0.07747611950770719,0.05481733715111902,0.8677065433411737
25973,LOF,0.06356739111505066,0.009729424613194605,0.9267031842717548
25974,LOF,0.04650953014609429,0.050447915754725195,0.9030425540991804
25975,LOF,0.037595903389583324,0.019929293845385287,0.9424748027650313
25976,LOF,0.08883965160561462,0.01133194397851644,0.8998284044158689
25977,LOF,0.23179227911528041,0.06541120988002454,0.7027965110046951
25978,LOF,0.17751719545165956,0.11639936737952432,0.7060834371688162
25979,LOF,0.1522682405595121,0.1375197569913827,0.7102120024491052
25980,LOF,0.2625268012013465,0.18183024856706262,0.5556429502315908
25981,LOF,0.2639627872998932,0.18374311360738468,0.5522940990927222
25982,LOF,0.44907048188841153,0.09510122539653768,0.45582829271505093
25983,LOF,0.4373682551822278,0.11255510635862725,0.45007663845914503
25984,LOF,0.04004530255712366,0.09323610408340686,0.8667185933594694
25985,LOF,0.3317925525866372,0.16429712765607335,0.5039103197572895
25986,LOF,0.010175201217253198,0.4273665860082986,0.5624582127744482
25987,LOF,0.04256889237210721,0.10702115574577878,0.8504099518821141
25988,LOF,0.03828416575695384,0.15641705558359273,0.8052987786594535
25989,LOF,0.04196739492623206,0.19569812538608308,0.7623344796876849
25990,LOF,0.036450261731734455,0.3042479244134651,0.6593018138548005
25991,LOF,0.021388155794865398,0.4582258937532256,0.520385950451909
25992,LOF,0.019446889703599504,0.46477298805775824,0.5157801222386421
25993,LOF,0.028478269613753108,0.06836103929146795,0.9031606910947788
25994,LOF,0.023555302768437893,0.06672162335804009,0.909723073873522
25995,LOF,0.0216004581146079,0.11708091883593622,0.8613186230494558
25996,GOF,0.34844970283697535,0.36753354682009504,0.28401675034292967
25997,LOF,0.05224355757848468,0.40958719575919955,0.5381692466623158
25998,LOF,0.3086726657819057,0.046294884000091574,0.6450324502180028
25999,LOF,0.041186749005090714,0.18537773191132373,0.7734355190835855
26000,LOF,0.15865942593223972,0.01952080158389491,0.8218197724838654
26001,LOF,0.29598562266336487,0.026964870886862988,0.677049506449772
26002,LOF,0.12107423519546039,0.028900897772000906,0.8500248670325387
26003,GOF,0.006787818347543327,0.6699719061187869,0.3232402755336698
26004,GOF,0.015948920208579142,0.7074683199763853,0.27658275981503544
26005,LOF,0.004990656258165508,0.4835340341888382,0.5114753095529962
26006,GOF,0.14544505722449885,0.5695166576128696,0.2850382851626314
26007,GOF,0.01058791201911096,0.5539525828247349,0.43545950515615417
26008,GOF,0.0061249448281224,0.6119025360334039,0.38197251913847363
26009,GOF,0.009960396484009825,0.6722848491433163,0.31775475437267375
26010,GOF,0.010298068066331344,0.6259873339544035,0.36371459797926514
26011,LOF,0.00414887118950592,0.4500642853881821,0.545786843422312
26012,GOF,0.0044154487912165296,0.5179750344138417,0.4776095167949419
26013,GOF,0.008571758685623094,0.5888007638659153,0.4026274774484616
26014,LOF,0.06926962032470614,0.1029567399168117,0.8277736397584822
26015,LOF,0.38019663680284865,0.0358431383209028,0.5839602248762485
26016,LOF,0.29984528003303657,0.055628322925721674,0.6445263970412417
26017,LOF,0.015408668325138982,0.26731539296500445,0.7172759387098566
26018,LOF,0.024662374440705848,0.07001767935887272,0.9053199462004214
26019,LOF,0.024730611249369865,0.058582574312990486,0.9166868144376397
26020,LOF,0.007591966099464728,0.24999109023462746,0.7424169436659078
26021,LOF,0.09984718529926331,0.09756818637270019,0.8025846283280365
26022,LOF,0.03279059674586654,0.03738110693716039,0.9298282963169732
26023,LOF,0.02118523673964022,0.04821867905809145,0.9305960842022684
26024,LOF,0.04978448165176354,0.08227970106733296,0.8679358172809035
26025,LOF,0.0849417531485542,0.08374780855834642,0.8313104382930994
26026,LOF,0.10795981828381071,0.07155326608988499,0.8204869156263044
26027,LOF,0.026389333647605036,0.030980026551919483,0.9426306398004756
26028,LOF,0.08512219489962267,0.17054874132350295,0.7443290637768745
26029,LOF,0.028852126658388638,0.23881607776007285,0.7323317955815385
26030,LOF,0.156998245766712,0.028316623963759308,0.8146851302695286
26031,LOF,0.011919275581803744,0.19274609427915668,0.7953346301390395
26032,LOF,0.04497579826744288,0.05367301381542697,0.9013511879171301
26033,LOF,0.05245699377323715,0.0522657795071497,0.8952772267196131
26034,LOF,0.01705743485861655,0.1690692537161138,0.8138733114252696
26035,LOF,0.013283161845371531,0.1117949506812701,0.8749218874733583
26036,LOF,0.013942588481436206,0.12867453013200292,0.8573828813865608
26037,LOF,0.011370911617566225,0.1067596607706781,0.8818694276117557
26038,LOF,0.037339317654525056,0.04889098930429191,0.9137696930411829
26039,LOF,0.03801400804919525,0.14888965968748238,0.8130963322633225
26040,LOF,0.08523190832646325,0.1330027470591203,0.7817653446144164
26041,LOF,0.01508511613984011,0.08863602997858662,0.8962788538815734
26042,LOF,0.014191520195788372,0.10495754198258399,0.8808509378216276
26043,LOF,0.0371716655643369,0.07005235348810804,0.8927759809475552
26044,LOF,0.013038530939703821,0.05153653173964488,0.9354249373206512
26045,LOF,0.07268041299073447,0.10491704815463451,0.8224025388546311
26046,LOF,0.03195978365333033,0.055439789755578235,0.9126004265910915
26047,LOF,0.0614162983636489,0.05630869958680195,0.8822750020495491
26048,LOF,0.06988466943581449,0.02845733348128083,0.9016579970829046
26049,Neutral,0.9436138377233311,0.008615521261002294,0.047770641015666554
26050,Neutral,0.916256409587479,0.009169851394720522,0.07457373901780058
26051,LOF,0.02483905171467161,0.11358457247305923,0.8615763758122692
26052,LOF,0.04358454557166055,0.1300904247877003,0.826325029640639
26053,LOF,0.023561331363089685,0.1403650143280743,0.8360736543088361
26054,LOF,0.047550299741445264,0.03445741059764629,0.9179922896609084
26055,LOF,0.06968796541994424,0.03197787991937156,0.8983341546606843
26056,LOF,0.05648657976417486,0.039050368322124794,0.9044630519137004
26057,LOF,0.05463535330335251,0.016111537553352377,0.9292531091432952
26058,LOF,0.058640651773514275,0.013121900201445531,0.9282374480250402
26059,LOF,0.21361729033738033,0.034611117157897074,0.7517715925047225
26060,LOF,0.020249426412951778,0.17761927636663635,0.8021312972204119
26061,LOF,0.010370656432956824,0.012135946118998544,0.9774933974480445
26062,LOF,0.006116835174646973,0.016820147042920924,0.977063017782432
26063,LOF,0.04063950064536473,0.012482476737666084,0.9468780226169693
26064,LOF,0.010294940098630525,0.026327349228885764,0.9633777106724838
26065,LOF,0.047773829420680626,0.014544187596873256,0.9376819829824461
26066,LOF,0.04063071865329772,0.012143471078943016,0.9472258102677593
26067,LOF,0.04572099559487007,0.011421657922090338,0.9428573464830396
26068,LOF,0.055763344250059854,0.04767679960335833,0.8965598561465818
26069,LOF,0.29531330868427574,0.03397985333438609,0.6707068379813381
26070,Neutral,0.5559541450729724,0.022367596814793084,0.42167825811223464
26071,LOF,0.04620992032906894,0.012925163145056111,0.940864916525875
26072,LOF,0.007843403295179886,0.021906638394261012,0.9702499583105592
26073,LOF,0.037474314720980256,0.014172085810949534,0.9483535994680702
26074,Neutral,0.8686055542191247,0.01120939943892114,0.12018504634195411
26075,LOF,0.05508817296822649,0.02415667509438987,0.9207551519373836
26076,LOF,0.05165210181346843,0.013058336983650214,0.9352895612028814
26077,LOF,0.15181505018731378,0.007705808505959663,0.8404791413067266
26078,LOF,0.006835598139491811,0.018900955511342722,0.9742634463491654
26079,LOF,0.06614049447000397,0.02322781041175127,0.9106316951182448
26080,LOF,0.06553644192408338,0.02331398633494687,0.9111495717409698
26081,LOF,0.03450705103084857,0.010219893997544537,0.955273054971607
26082,LOF,0.005622480506421158,0.02024564812156294,0.9741318713720158
26083,LOF,0.10705617178240474,0.02352051827275297,0.8694233099448423
26084,LOF,0.11313545568819561,0.016845988381761427,0.8700185559300431
26085,LOF,0.10013659895078332,0.014568571360559085,0.8852948296886576
26086,LOF,0.03986889265228939,0.01324992820573671,0.946881179141974
26087,LOF,0.03727453620616082,0.01168247592974934,0.9510429878640899
26088,LOF,0.006485691816834191,0.026739396107181967,0.9667749120759839
26089,LOF,0.04260989264306694,0.039997108435737574,0.9173929989211954
26090,LOF,0.04273590476522922,0.03192107096853928,0.9253430242662315
26091,LOF,0.028375679331963256,0.008953571914912008,0.9626707487531247
26092,LOF,0.04480600868929791,0.00975875675650439,0.9454352345541978
26093,LOF,0.08609793686321889,0.007007260604675905,0.9068948025321052
26094,LOF,0.03429599819271395,0.009071069779609335,0.9566329320276767
26095,LOF,0.032413479825774034,0.019494012920397655,0.9480925072538283
26096,LOF,0.18691110686792103,0.006326704547675625,0.8067621885844033
26097,LOF,0.006998035282477653,0.03786815251709315,0.9551338122004291
26098,LOF,0.1286359192707934,0.020710143881750333,0.8506539368474563
26099,LOF,0.040994330524672204,0.020651988633197244,0.9383536808421306
26100,LOF,0.040994330524672204,0.020651988633197244,0.9383536808421306
26101,LOF,0.0613968510766746,0.03808417090280886,0.9005189780205166
26102,LOF,0.032776828299849826,0.017850552017258516,0.9493726196828918
26103,Neutral,0.8925113535794483,0.029815138377796674,0.07767350804275515
26104,LOF,0.05919808702840993,0.04590735281318177,0.8948945601584084
26105,LOF,0.27562258111422455,0.12498874970728743,0.599388669178488
26106,LOF,0.3016477212315295,0.0701882792818975,0.628163999486573
26107,LOF,0.024931909342879376,0.07907427681021155,0.895993813846909
26108,LOF,0.23140566504159227,0.04118308984843356,0.7274112451099742
26109,LOF,0.08802195420042781,0.03357492744708073,0.8784031183524914
26110,LOF,0.43372618289383347,0.010833342337743771,0.5554404747684227
26111,LOF,0.0551995485488176,0.1328275772863511,0.8119728741648313
26112,LOF,0.05464020416069485,0.009407321754718088,0.935952474084587
26113,LOF,0.11518884384316967,0.02376144811492328,0.8610497080419071
26114,LOF,0.07685561974213333,0.013446392995026573,0.90969798726284
26115,LOF,0.01867571299637845,0.06564721837312572,0.9156770686304958
26116,LOF,0.0730424108839543,0.02877664359877409,0.8981809455172716
26117,LOF,0.3375385167234425,0.04849531270868901,0.6139661705678685
26118,LOF,0.047297537883358685,0.020122457845666655,0.9325800042709746
26119,LOF,0.006705139159020712,0.03709715663864394,0.9561977042023354
26120,LOF,0.03414664278660476,0.018632240993542708,0.9472211162198526
26121,LOF,0.0034706726847163654,0.14334729310786418,0.8531820342074194
