feature0,prediction,LoGoFunc_Neutral,LoGoFunc_GOF,LoGoFunc_LOF
25546,Neutral,0.6569022179030543,0.05514260979305833,0.28795517230388734
25547,Neutral,0.5462433531255675,0.11742636932743675,0.33633027754699574
25548,Neutral,0.5088396774192976,0.08651861904858346,0.404641703532119
25549,Neutral,0.4828819937873815,0.08617917172718362,0.4309388344854348
25550,LOF,0.38697031499072737,0.1467933637430757,0.466236321266197
25551,LOF,0.3224188129262033,0.14609167710026047,0.5314895099735363
25552,LOF,0.18702070979210286,0.16510921166442316,0.647870078543474
25553,Neutral,0.8232096573486068,0.03926469318363797,0.1375256494677552
25554,LOF,0.2248505977480118,0.15892665279991067,0.6162227494520774
25555,LOF,0.17895629982818295,0.1484914731505949,0.6725522270212222
25556,Neutral,0.5252041489453112,0.10972634574089586,0.3650695053137929
25557,LOF,0.1780100128358275,0.15350724683913536,0.6684827403250372
25558,LOF,0.2284444208106322,0.16915251630141673,0.602403062887951
25559,Neutral,0.5949706104443725,0.07355315544725313,0.33147623410837435
25560,LOF,0.04113327880224972,0.29210643636395117,0.6667602848337991
25561,LOF,0.07750796893928912,0.33805918613496744,0.5844328449257434
25562,LOF,0.09413614356303487,0.1904300146082132,0.7154338418287519
25563,LOF,0.0946261235081273,0.2030115926241931,0.7023622838676796
25564,LOF,0.06000676633752937,0.2857073146733308,0.6542859189891398
25565,LOF,0.14265011241226874,0.16390783910908266,0.6934420484786487
25566,GOF,0.016212223848009372,0.7146639195390921,0.26912385661289856
25567,LOF,0.014555880529364476,0.1251672507517551,0.8602768687188803
25568,LOF,0.05045109974782867,0.07013387221064284,0.8794150280415284
25569,LOF,0.059341246869235066,0.07050385590134105,0.870154897229424
25570,LOF,0.06514852103058762,0.11222082044369479,0.8226306585257176
25571,LOF,0.0651193571236568,0.10099645665739647,0.8338841862189468
25572,LOF,0.06777580994977449,0.13432649522746407,0.7978976948227615
25573,LOF,0.032417695280342745,0.08236756486245383,0.8852147398572034
25574,LOF,0.018274970667270286,0.13992897213252345,0.8417960572002063
25575,LOF,0.05705360558479569,0.09989173673567552,0.8430546576795289
25576,LOF,0.020568576344214284,0.09657430848083799,0.8828571151749478
25577,LOF,0.013883412549725185,0.14960623493729583,0.836510352512979
25578,LOF,0.2380630670408204,0.0868244985588274,0.6751124344003522
25579,LOF,0.2406317956035801,0.08601199028247501,0.6733562141139448
25580,LOF,0.040921374181307604,0.08695131853045496,0.8721273072882374
25581,LOF,0.04946981409019976,0.07166072245821246,0.8788694634515877
25582,LOF,0.04975732074747938,0.06836625416200565,0.881876425090515
25583,LOF,0.04833983578393061,0.09946968960538614,0.8521904746106833
25584,Neutral,0.4998944947842759,0.07719760396522321,0.422907901250501
25585,LOF,0.03275401918968442,0.09352056467648309,0.8737254161338325
25586,LOF,0.03711089257096639,0.0755172888622441,0.8873718185667896
25587,LOF,0.03372930696165052,0.06529822577759338,0.9009724672607562
25588,LOF,0.033951821786699525,0.07741694260523978,0.8886312356080606
25589,Neutral,0.6135671168404042,0.09171709280963314,0.29471579034996265
25590,LOF,0.0285467697346594,0.11318286137336793,0.8582703688919726
25591,LOF,0.10684055020036544,0.056173815339575384,0.8369856344600591
25592,LOF,0.10439605697093488,0.12290601484354265,0.7726979281855224
25593,LOF,0.014906763553084526,0.20658522828925377,0.7785080081576617
25594,LOF,0.03601870546884328,0.16941836599233026,0.7945629285388265
25595,LOF,0.06484259396828536,0.13473029824433677,0.8004271077873779
25596,LOF,0.08518229087677033,0.09270562314431995,0.8221120859789096
25597,LOF,0.07609115788720623,0.04487288608014205,0.8790359560326517
25598,LOF,0.04666846001676854,0.16688699369410734,0.7864445462891242
25599,GOF,0.006567821378398137,0.6359900433251866,0.3574421352964153
25600,GOF,0.007597180707358102,0.5742349346969295,0.41816788459571236
25601,LOF,0.006849195140215816,0.422387453060901,0.5707633517988833
25602,LOF,0.016969721812361192,0.07803449934546809,0.9049957788421708
25603,LOF,0.042290812842726296,0.033020831832185016,0.9246883553250885
25604,LOF,0.037355078063045964,0.07195127885624591,0.8906936430807082
25605,LOF,0.011508003311221413,0.2172093809024332,0.7712826157863454
25606,GOF,0.062010259728901784,0.5205646474970206,0.4174250927740777
25607,LOF,0.003915139362401499,0.14269639818833227,0.8533884624492661
25608,LOF,0.047930922985150004,0.047488615108273964,0.9045804619065761
25609,LOF,0.05088421584737183,0.2680454870174877,0.6810702971351404
25610,LOF,0.054250029959116194,0.03619236980971199,0.9095576002311718
25611,LOF,0.06113863110564362,0.027346718785356515,0.9115146501089999
25612,LOF,0.12285760357075205,0.07160227457546625,0.8055401218537817
25613,LOF,0.10713232093759878,0.05928543372200309,0.8335822453403982
25614,LOF,0.04264459749179948,0.04366513060721847,0.913690271900982
25615,LOF,0.07624570329032117,0.06337911359987801,0.8603751831098009
25616,LOF,0.04738836687595075,0.06212500612119718,0.890486627002852
25617,LOF,0.050966230117378095,0.05941196628312453,0.8896218035994975
25618,LOF,0.28028053356358235,0.04720811072742472,0.6725113557089928
25619,LOF,0.04765531983321278,0.04593875254422458,0.9064059276225626
25620,LOF,0.04329456097166755,0.06709806751358373,0.8896073715147487
25621,LOF,0.04072347488195662,0.04906372532539419,0.9102127997926491
25622,LOF,0.03522885982375533,0.07196783465149288,0.8928033055247517
25623,LOF,0.05475030232016423,0.04337110585756102,0.9018785918222748
25624,LOF,0.036184935532701155,0.055240376287381814,0.908574688179917
25625,LOF,0.040985175237606274,0.06741576366906292,0.8915990610933309
25626,LOF,0.07898900423577564,0.04828340010419039,0.872727595660034
25627,Neutral,0.5594735139930094,0.11485135355781323,0.32567513244917734
25628,LOF,0.21529294917930414,0.052094048851488585,0.7326130019692073
25629,LOF,0.07377772222147896,0.1493564722872769,0.7768658054912442
25630,LOF,0.20157740969475066,0.08065739714035028,0.7177651931648991
25631,Neutral,0.6052053109751115,0.056868564649859656,0.3379261243750289
25632,LOF,0.023051690453375337,0.07968212271616508,0.8972661868304594
25633,LOF,0.2342407070489646,0.08083791906159353,0.684921373889442
25634,LOF,0.04072429271462366,0.07459864289588894,0.8846770643894873
25635,LOF,0.039301238605686274,0.06582852575369794,0.8948702356406159
25636,GOF,0.005396747834132614,0.6561335446700156,0.33846970749585176
25637,GOF,0.003988600238772561,0.5509104107008725,0.44510098906035495
25638,GOF,0.006986254103627196,0.5150422215452666,0.47797152435110624
25639,LOF,0.0044993055862436486,0.4952313766752323,0.500269317738524
25640,GOF,0.40736620494880005,0.5303814989190923,0.062252296132107705
25641,LOF,0.006348660955060835,0.2873010768529834,0.7063502621919557
25642,LOF,0.266777065747599,0.10543047375811898,0.6277924604942821
25643,LOF,0.2713175242547352,0.23705444347735136,0.4916280322679135
25644,GOF,0.014281065475456801,0.7282609407389404,0.2574579937856028
25645,GOF,0.01092306756396415,0.6286860512042827,0.3603908812317533
25646,LOF,0.01115254994377993,0.44426346472420497,0.5445839853320151
25647,LOF,0.009946047976763206,0.3352294799465004,0.6548244720767363
25648,LOF,0.007437482667606703,0.4355602703072718,0.5570022470251215
25649,LOF,0.007340879000734746,0.2608792060902704,0.7317799149089949
25650,GOF,0.022317143742508736,0.6080090625181795,0.36967379373931175
25651,LOF,0.006096144983887576,0.3113317762988615,0.6825720787172509
25652,LOF,0.011085697135928085,0.44228508624869195,0.54662921661538
25653,GOF,0.043654985415271484,0.6291611315092875,0.327183883075441
25654,LOF,0.007918640702179004,0.4021532376816901,0.5899281216161308
25655,GOF,0.06272219456795022,0.5828904330564222,0.35438737237562756
25656,LOF,0.08785572936021743,0.11054020371374912,0.8016040669260335
25657,LOF,0.2761606298788927,0.046372598768233304,0.6774667713528739
25658,LOF,0.034905652098640744,0.20528820578871323,0.7598061421126461
25659,LOF,0.22313656471896004,0.10365311188911379,0.6732103233919262
25660,LOF,0.09706007660993307,0.07871891589119251,0.8242210074988745
25661,LOF,0.07235894260684728,0.06353340656465035,0.8641076508285024
25662,LOF,0.04040655096104512,0.054989044867770974,0.9046044041711839
25663,LOF,0.04633580055616491,0.09459242714624169,0.8590717722975934
25664,LOF,0.032901146982962426,0.12744335917606753,0.8396554938409702
25665,LOF,0.04397608814949395,0.05763138755167691,0.8983925242988291
25666,LOF,0.04470081893146622,0.146514846034422,0.8087843350341118
25667,LOF,0.04236239089725938,0.04497916518381993,0.9126584439189206
25668,LOF,0.05724748425065542,0.05520455782245292,0.8875479579268916
25669,LOF,0.05862435217255181,0.08058570065549936,0.8607899471719489
25670,LOF,0.08879899180115271,0.0767132820710598,0.8344877261277874
25671,LOF,0.05155241131871809,0.044812988835952416,0.9036345998453295
25672,LOF,0.05002356483353545,0.06493965262194679,0.8850367825445177
25673,LOF,0.04208951052033559,0.061075478930196575,0.8968350105494678
25674,LOF,0.02841694048553219,0.07611657782088131,0.8954664816935866
25675,LOF,0.036468359484579264,0.0584364548843387,0.905095185631082
25676,LOF,0.03752108718701552,0.06352638096521143,0.8989525318477731
25677,LOF,0.09488416224587488,0.05270233370274552,0.8524135040513796
25678,LOF,0.18674135231402847,0.04583987755170403,0.7674187701342675
25679,LOF,0.12341926324770319,0.05267363531860303,0.8239071014336938
25680,LOF,0.09557600598168887,0.0839579190106278,0.8204660750076834
25681,LOF,0.10836269205763017,0.08230101767329107,0.8093362902690787
25682,LOF,0.052771629523093784,0.05290904193389862,0.8943193285430076
25683,LOF,0.08791285487255009,0.06768298133182113,0.8444041637956288
25684,LOF,0.07071776181303152,0.056109914577767116,0.8731723236092014
25685,LOF,0.13851459682730197,0.04055934978193622,0.8209260533907619
25686,LOF,0.025288019186392417,0.09232008925080569,0.8823918915628018
25687,LOF,0.052953715206685355,0.100334562738293,0.8467117220550217
25688,LOF,0.02101898651295519,0.06910530777044299,0.9098757057166017
25689,LOF,0.01848742858749031,0.03713805663608093,0.9443745147764289
25690,LOF,0.018801280571980827,0.045752368620675124,0.9354463508073441
25691,LOF,0.10955740468775804,0.06974986163146579,0.8206927336807762
25692,LOF,0.2660402452759028,0.012786347778077781,0.7211734069460194
25693,LOF,0.03543436254272331,0.2804348490221994,0.6841307884350772
25694,LOF,0.23399513114350437,0.01284191646645971,0.7531629523900358
25695,LOF,0.17981654600582972,0.027052861295942997,0.7931305926982274
25696,LOF,0.08422969158766146,0.026537216515391943,0.8892330918969467
25697,LOF,0.07551160750329855,0.05555981519550823,0.8689285773011932
25698,LOF,0.01472670321116553,0.41419064455350957,0.571082652235325
25699,LOF,0.08682709569313021,0.1058106182212502,0.8073622860856196
25700,LOF,0.03661657643428693,0.018870700064767997,0.9445127235009452
25701,LOF,0.012956089919014471,0.11157869983648394,0.8754652102445015
25702,GOF,0.02599645055924836,0.7679321220504465,0.20607142739030507
25703,LOF,0.016241217075182,0.2614415694329449,0.7223172134918732
25704,LOF,0.06400609870514683,0.16965996490936025,0.7663339363854931
25705,LOF,0.06526900711324878,0.17264444768379986,0.7620865452029514
25706,GOF,0.017784748967367064,0.6257745831880488,0.35644066784458417
25707,GOF,0.026879336506812887,0.5020585978045831,0.4710620656886039
25708,LOF,0.007582016633753418,0.45377680484299393,0.5386411785232527
25709,LOF,0.032664962844896825,0.05909879921947931,0.9082362379356238
25710,LOF,0.006611495352009389,0.12084057455544195,0.8725479300925486
25711,LOF,0.03306211738251822,0.11288788124656292,0.8540500013709189
25712,LOF,0.008955585199231255,0.18447824298802573,0.806566171812743
25713,LOF,0.031183906570830904,0.10673953174117136,0.8620765616879977
25714,LOF,0.028814562105317566,0.12465256087206192,0.8465328770226206
25715,LOF,0.0384756255224331,0.10727883799656854,0.8542455364809984
25716,LOF,0.00741948783465563,0.12164396809256722,0.8709365440727772
25717,LOF,0.007037941984138638,0.0897943563732323,0.9031677016426292
25718,LOF,0.03799227150346028,0.0645215587877276,0.8974861697088122
25719,LOF,0.04632401947406286,0.0951224488467238,0.8585535316792132
25720,LOF,0.04376914510714325,0.1010893758879306,0.8551414790049261
25721,LOF,0.03177165854432117,0.11480999871469852,0.8534183427409803
25722,LOF,0.020416768119117204,0.13962872911774302,0.8399545027631397
25723,LOF,0.036775309984095124,0.09172740136680912,0.8714972886490957
25724,LOF,0.05352505811710651,0.21588159644653548,0.730593345436358
25725,LOF,0.038000248687945874,0.07981762090756422,0.88218213040449
25726,LOF,0.02361060031990685,0.12453162680690766,0.8518577728731855
25727,LOF,0.03196156270077741,0.09350481628159975,0.8745336210176229
25728,LOF,0.034153807866384056,0.10892788120871996,0.8569183109248959
25729,LOF,0.03224705789092078,0.12253742522660234,0.8452155168824768
25730,LOF,0.03990187825819643,0.07321402630741307,0.8868840954343904
25731,LOF,0.011334265491722395,0.09354760862770305,0.8951181258805746
25732,LOF,0.02350670947875873,0.07194532233265605,0.9045479681885853
25733,LOF,0.044109031698314705,0.06644415117210528,0.88944681712958
25734,LOF,0.007543902728392246,0.21997693011475553,0.7724791671568523
25735,LOF,0.029787654430174584,0.07324740185139951,0.8969649437184259
25736,LOF,0.027678609687460106,0.13146733252837361,0.8408540577841662
25737,LOF,0.038012310329331236,0.09971866534396666,0.8622690243267022
25738,LOF,0.03120229833784353,0.13445899102108375,0.8343387106410727
25739,LOF,0.03224002536944129,0.09587034524623995,0.8718896293843187
25740,LOF,0.040145311587372993,0.11549089494873008,0.8443637934638969
25741,LOF,0.04943561865315507,0.09901166448748233,0.8515527168593625
25742,LOF,0.06386838174370335,0.10055916243009003,0.8355724558262065
25743,LOF,0.012480757744737536,0.022040471158337776,0.9654787710969246
25744,LOF,0.1956259442548802,0.13237448892281883,0.6719995668223009
25745,LOF,0.03674873384903056,0.04955462058022604,0.9136966455707434
25746,LOF,0.014621628038042709,0.08042016393917382,0.9049582080227834
25747,LOF,0.05277117890411279,0.0262118214174194,0.9210169996784677
25748,LOF,0.31728387344298115,0.047164015186335874,0.635552111370683
25749,LOF,0.01593394432458853,0.04662260138324803,0.9374434542921634
25750,LOF,0.021586991301219993,0.049825602274913,0.928587406423867
25751,LOF,0.047804891501546744,0.03852126640542932,0.913673842093024
25752,GOF,0.07080237316731748,0.7090095258069621,0.2201881010257204
25753,LOF,0.007773985711104951,0.47799593267388973,0.5142300816150053
25754,GOF,0.007577678270392956,0.9066482648482453,0.08577405688136185
25755,LOF,0.007573690184050011,0.4701153289919961,0.5223109808239539
25756,LOF,0.024482803471529993,0.48386838217171557,0.4916488143567545
25757,GOF,0.007936473073021965,0.887473906765706,0.10458962016127196
25758,GOF,0.007942491653508984,0.9098470791514246,0.0822104291950664
25759,GOF,0.0057546157517683605,0.717004111383953,0.2772412728642787
25760,LOF,0.006084873378625702,0.3561411750464781,0.6377739515748962
25761,GOF,0.0445512973784064,0.8765431137751478,0.07890558884644583
25762,LOF,0.02680283164071537,0.4101880216680247,0.56300914669126
25763,LOF,0.006945581017982907,0.32445143050916303,0.6686029884728539
25764,GOF,0.060101210157470594,0.7046461526983644,0.23525263714416508
25765,GOF,0.00836554039846361,0.8979268593221174,0.09370760027941893
25766,GOF,0.026371569542111593,0.8759228770902482,0.0977055533676404
25767,GOF,0.01869734297581788,0.5273493320712637,0.4539533249529185
25768,LOF,0.05699464279933956,0.053130286535372384,0.889875070665288
25769,LOF,0.026246781002463998,0.07133905229834318,0.9024141666991928
25770,LOF,0.14899459914028754,0.13038825528748102,0.7206171455722314
25771,LOF,0.019117694092486554,0.09611080682955872,0.8847714990779547
25772,LOF,0.0316033491001104,0.036663069646044925,0.9317335812538446
25773,LOF,0.014341011515415935,0.08550210214644005,0.900156886338144
25774,LOF,0.02643868495630673,0.20770093468865478,0.7658603803550385
25775,LOF,0.018835232535606032,0.04688510990004693,0.9342796575643472
25776,LOF,0.029621514534477814,0.02429945732152107,0.9460790281440011
25777,LOF,0.3125783444236723,0.11858845055903842,0.5688332050172893
25778,LOF,0.025036914718078104,0.08177107097355438,0.8931920143083676
25779,GOF,0.05846843042718763,0.87568487631518,0.06584669325763244
25780,GOF,0.06904673194953742,0.8739370810295151,0.05701618702094755
25781,GOF,0.027768415798071867,0.8501906076540641,0.12204097654786411
25782,GOF,0.0363994455980301,0.9075231560179109,0.05607739838405891
25783,GOF,0.03487163408362688,0.9174042527659495,0.04772411315042358
25784,GOF,0.12129573223209011,0.8351128549923366,0.04359141277557325
25785,GOF,0.10891091097195206,0.8566121535716195,0.03447693545642841
25786,GOF,0.010028531659096422,0.8713501623129752,0.11862130602792834
25787,GOF,0.2523305486479235,0.7022356216850314,0.04543382966704515
25788,LOF,0.019198516931428072,0.18278891269688066,0.7980125703716913
25789,GOF,0.0187524918776885,0.863545618574841,0.11770188954747064
25790,GOF,0.028827642921700414,0.900646727198366,0.07052562987993367
25791,GOF,0.023036221183840272,0.7524191821729581,0.22454459664320153
25792,GOF,0.028341954980295948,0.8028115679431193,0.1688464770765847
25793,GOF,0.04470019512910455,0.8185057938402936,0.13679401103060185
25794,GOF,0.04176240550948808,0.7397085347793053,0.21852905971120662
25795,GOF,0.05115394176638436,0.7559123273604509,0.19293373087316462
25796,GOF,0.12423359103685205,0.7985607797037306,0.07720562925941739
25797,GOF,0.06990221228203802,0.7269846425976147,0.20311314512034725
25798,GOF,0.00703475164260606,0.8062790785142402,0.18668616984315384
25799,GOF,0.004707471138298245,0.699076609785641,0.2962159190760608
25800,GOF,0.025058629800490853,0.8531058628154964,0.1218355073840128
25801,GOF,0.024485873888560036,0.899106406796496,0.07640771931494403
25802,GOF,0.026357519040021146,0.7952121961416229,0.178430284818356
25803,GOF,0.019205421137926906,0.7346562121857654,0.24613836667630767
25804,GOF,0.030862432528312,0.7953364278257816,0.17380113964590635
25805,GOF,0.02720500309563742,0.8398320903878873,0.13296290651647522
25806,GOF,0.034686974574967465,0.8396573442635313,0.12565568116150122
25807,GOF,0.014155311091577482,0.8017903908265525,0.18405429808187015
25808,GOF,0.023774426249135214,0.8051876895209333,0.17103788422993157
25809,GOF,0.01358009289938248,0.765988513145972,0.22043139395464537
25810,GOF,0.011673303399980345,0.7438108896845197,0.24451580691549993
25811,GOF,0.06754361666566273,0.8606436051705942,0.07181277816374292
25812,GOF,0.028840358531631593,0.7916066115580278,0.17955302991034053
25813,GOF,0.16891132086624042,0.7561743063696698,0.07491437276408984
25814,GOF,0.026285921138820594,0.7677273262474992,0.2059867526136803
25815,GOF,0.05821679465462253,0.812427415612047,0.12935578973333045
25816,GOF,0.009684261160429078,0.8660408476465903,0.12427489119298052
25817,GOF,0.11295297881528026,0.762672551037863,0.12437447014685671
25818,GOF,0.027687887461000704,0.8161467573103697,0.15616535522862976
25819,GOF,0.04958147066419547,0.7770537003083188,0.17336482902748565
25820,GOF,0.050440819178104945,0.7597474022491478,0.18981177857274706
25821,GOF,0.03562682942254139,0.8038396473362878,0.1605335232411709
25822,GOF,0.05384967742615362,0.77551682806446,0.1706334945093864
25823,GOF,0.026643568240638217,0.7367903570988136,0.23656607466054833
25824,GOF,0.026700757964986204,0.796577408632146,0.1767218334028679
25825,GOF,0.020791902820407673,0.7968985360924528,0.18230956108713958
25826,GOF,0.01114776432104342,0.7372678731885726,0.251584362490384
25827,GOF,0.01631433513997848,0.7306780661028377,0.25300759875718387
25828,GOF,0.010648169816824312,0.7674595757855235,0.2218922543976522
25829,GOF,0.0045330347071869306,0.6778844714879437,0.3175824938048693
25830,GOF,0.04954225419891455,0.5569956706093024,0.393462075191783
25831,GOF,0.06670893345952261,0.8163186046041416,0.11697246193633574
25832,GOF,0.011056500042064363,0.7363595051040542,0.2525839948538814
25833,GOF,0.0378922458119834,0.8147135613695993,0.1473941928184173
25834,GOF,0.011292224170571418,0.753985554387241,0.23472222144218752
25835,GOF,0.02542210344781172,0.8360469964417451,0.13853090011044322
25836,GOF,0.007437890233519729,0.7561796411555415,0.2363824686109389
25837,GOF,0.008620538725793625,0.7710749745148704,0.22030448675933603
25838,GOF,0.018638822611815955,0.8425319219134974,0.1388292554746868
25839,GOF,0.047263331751508396,0.809566456501108,0.14317021174738345
25840,GOF,0.07779627715538416,0.7797062314552039,0.14249749138941206
25841,GOF,0.06962891667667534,0.8237104336262059,0.10666064969711875
25842,GOF,0.027099282230208493,0.8923831219712969,0.08051759579849463
25843,GOF,0.02593634161863821,0.8911844172031064,0.0828792411782553
25844,GOF,0.019958239854715367,0.8276626025061296,0.15237915763915516
25845,GOF,0.0069689508522376865,0.7192002756740827,0.27383077347367957
25846,GOF,0.06707953943103726,0.8447610650676127,0.08815939550134991
25847,GOF,0.01689615039077999,0.8858454917474468,0.09725835786177318
25848,GOF,0.02347681879765914,0.8272437676622505,0.1492794135400905
25849,GOF,0.007607486491075113,0.7961995924187427,0.19619292109018213
25850,GOF,0.006905601198760196,0.7206549406771389,0.272439458124101
25851,GOF,0.006269093441752683,0.6624847543647304,0.33124615219351694
25852,GOF,0.1308399657599875,0.5672490020497614,0.30191103219025106
25853,GOF,0.047500335760745784,0.8054321516611455,0.14706751257810885
25854,GOF,0.006421124174611282,0.7358170884647419,0.2577617873606467
25855,GOF,0.02235165840712751,0.6454266153966868,0.33222172619618573
25856,GOF,0.04497248297236094,0.7331557977345152,0.22187171929312377
25857,GOF,0.022041125107841574,0.634703764218536,0.3432551106736225
25858,GOF,0.00902549352760413,0.6139420319677107,0.37703247450468524
25859,GOF,0.006797070427321074,0.5926000018118301,0.4006029277608487
25860,GOF,0.07894283283400505,0.7674777737390798,0.15357939342691523
25861,GOF,0.10178765763190835,0.8251629320595484,0.07304941030854328
25862,GOF,0.0228337150710084,0.9056961345465468,0.07147015038244467
25863,GOF,0.018881770528942497,0.8821530410194812,0.09896518845157622
25864,GOF,0.03364598502853329,0.9003929624943713,0.06596105247709558
25865,GOF,0.03500087852609882,0.8766594359520553,0.0883396855218459
25866,GOF,0.01747444241742437,0.8640815256801876,0.11844403190238795
25867,GOF,0.03857451403898925,0.8677870001193912,0.09363848584161956
25868,GOF,0.05844543340600036,0.7982199184736316,0.14333464812036809
25869,GOF,0.2837910701000742,0.62104333565802,0.09516559424190597
25870,GOF,0.06809360332867923,0.6001033287848816,0.3318030678864391
25871,GOF,0.009073702410937771,0.8370534874221881,0.153872810166874
25872,GOF,0.021283003135173024,0.8230314394530656,0.15568555741176152
25873,GOF,0.01978258233354793,0.8893483958606043,0.09086902180584772
25874,LOF,0.024703359561984876,0.18960450554877112,0.785692134889244
25875,LOF,0.019892092129626903,0.14207567156378714,0.838032236306586
25876,LOF,0.02362125068159028,0.06251243558340004,0.9138663137350097
25877,LOF,0.08669813034834364,0.2269121937878794,0.686389675863777
25878,LOF,0.05270048136701444,0.3133315741836516,0.6339679444493339
25879,LOF,0.009353802211061885,0.21271704604975544,0.7779291517391826
25880,LOF,0.04230226835946542,0.024002776509024673,0.9336949551315099
25881,Neutral,0.5379743547021475,0.11072308748734302,0.3513025578105094
25882,LOF,0.05311694490335458,0.029946506442101544,0.916936548654544
25883,LOF,0.03097105073820547,0.028100096941518982,0.9409288523202756
25884,LOF,0.018429944772094465,0.038269487322938625,0.9433005679049669
25885,LOF,0.15674115261421018,0.014509498876654427,0.8287493485091354
25886,LOF,0.26266051450634936,0.05036966630705157,0.6869698191865992
25887,LOF,0.08482349181062311,0.16604969772251496,0.749126810466862
25888,LOF,0.008274395681987571,0.19641417086857893,0.7953114334494334
25889,LOF,0.026352478006618295,0.03399761668740479,0.939649905305977
25890,LOF,0.19031297471721653,0.07089294459869899,0.7387940806840845
25891,LOF,0.1156717949867009,0.04195204455459781,0.8423761604587013
25892,LOF,0.008642651095173367,0.03426261337334355,0.9570947355314832
25893,LOF,0.2914665975637678,0.011626058025114391,0.6969073444111178
25894,LOF,0.34113687686495564,0.00756627286575546,0.651296850269289
25895,LOF,0.27333936934694464,0.018787914762455504,0.7078727158905999
25896,LOF,0.07780151240931872,0.035109184885826795,0.8870893027048544
25897,LOF,0.11471577604427712,0.014491797118951637,0.8707924268367713
25898,LOF,0.11964252872341277,0.034880499286562026,0.8454769719900251
25899,LOF,0.39045742989990373,0.0410871871690385,0.5684553829310577
25900,Neutral,0.6834406442882012,0.013457441442544533,0.30310191426925426
25901,LOF,0.0541260442161953,0.016236588293974834,0.9296373674898298
25902,LOF,0.07044666268176156,0.011952848749496474,0.9176004885687419
25903,LOF,0.15102200272143482,0.032821667165909105,0.816156330112656
25904,LOF,0.42929188118934075,0.07893359782241566,0.49177452098824354
25905,LOF,0.00786223629123754,0.33271261746376224,0.6594251462450001
25906,LOF,0.009545812915522076,0.056652252718644484,0.9338019343658335
25907,LOF,0.009479801440557835,0.232730198733597,0.7577899998258452
25908,LOF,0.00840475875346782,0.21462702986016954,0.7769682113863627
25909,LOF,0.036064834813903816,0.09405671017506056,0.8698784550110356
25910,LOF,0.015941724400103646,0.11867250089955192,0.8653857747003445
25911,LOF,0.18283266112811758,0.027814168962400583,0.7893531699094819
25912,LOF,0.1355937586351114,0.0249999458052291,0.8394062955596596
25913,LOF,0.018829112773279533,0.029842533249812078,0.9513283539769083
25914,LOF,0.04317749757545225,0.0244582847062841,0.9323642177182636
25915,LOF,0.1925002333605648,0.23045196837869297,0.5770477982607423
25916,LOF,0.013738327162180337,0.12339328498367787,0.8628683878541419
25917,LOF,0.07110433189571079,0.032358474048447154,0.896537194055842
25918,LOF,0.051885661330338,0.01677212524577147,0.9313422134238905
25919,LOF,0.04117614928357198,0.017853579835704694,0.9409702708807234
25920,LOF,0.382971245415792,0.1850823895040272,0.43194636508018086
25921,LOF,0.020250067082806196,0.01940215590475379,0.96034777701244
25922,LOF,0.0201944468195121,0.019739177905842672,0.9600663752746452
25923,LOF,0.4573360610351064,0.012052576066249645,0.530611362898644
25924,LOF,0.029698805882476045,0.018461391354900793,0.9518398027626233
25925,LOF,0.11336562035690377,0.024401744614408714,0.8622326350286876
25926,LOF,0.09007002205430426,0.018496453647034266,0.8914335242986614
25927,LOF,0.02693816294615855,0.027489580658731683,0.9455722563951099
25928,LOF,0.01437227982992037,0.013474388636220655,0.9721533315338591
25929,Neutral,0.591468085555684,0.011960453527888376,0.39657146091642764
25930,LOF,0.060000801419967796,0.012103138942524114,0.9278960596375082
25931,LOF,0.01625644437728533,0.012178632203750293,0.9715649234189644
25932,LOF,0.07605257473640425,0.010602973750066011,0.9133444515135297
25933,LOF,0.0879626390872041,0.007381487097002432,0.9046558738157935
25934,LOF,0.08756863259955773,0.0076196935862015295,0.9048116738142408
25935,LOF,0.10579649779285924,0.02124999486928702,0.8729535073378536
25936,LOF,0.0982427629240289,0.007855863780254263,0.8939013732957167
25937,LOF,0.016568112078538172,0.016535574242232166,0.9668963136792297
25938,LOF,0.10514280884088338,0.019359191937528726,0.8754979992215879
25939,LOF,0.06316868286484281,0.013261865215615086,0.9235694519195421
25940,LOF,0.009988712688172337,0.4714868242946704,0.5185244630171573
25941,LOF,0.48010311137026546,0.037258912746086156,0.48263797588364843
25942,LOF,0.012335783274084446,0.05138138394957915,0.9362828327763363
25943,LOF,0.05035072966660053,0.15728082836431584,0.7923684419690836
25944,LOF,0.04853054531659762,0.10902152291009747,0.8424479317733048
25945,LOF,0.20486923658307035,0.023581851086132918,0.7715489123307967
25946,LOF,0.08753561092620298,0.05569539153211401,0.8567689975416831
25947,Neutral,0.5261192159235863,0.1283327224559758,0.3455480616204379
25948,Neutral,0.5013669255526627,0.018238099939707708,0.4803949745076294
25949,LOF,0.10640368037354515,0.037551628736936994,0.8560446908895178
25950,GOF,0.08210514468002236,0.6538250104306582,0.26406984488931945
25951,LOF,0.01444758791698169,0.4906757364853929,0.49487667559762527
25952,LOF,0.13885855328906066,0.2781743973592692,0.5829670493516702
25953,LOF,0.0071474201785524044,0.2999460253238915,0.6929065544975561
25954,LOF,0.05989974468741905,0.45937524430417714,0.4807250110084038
25955,LOF,0.008080575133591176,0.34509961347015333,0.6468198113962556
25956,LOF,0.010074181368442226,0.3561042310977691,0.6338215875337886
25957,LOF,0.16935105709816714,0.0475790034461058,0.7830699394557271
25958,LOF,0.026394127724428975,0.06209141830237879,0.9115144539731922
25959,GOF,0.006364928890820842,0.7258196451848637,0.2678154259243154
25960,LOF,0.005332492349455177,0.11391572258005565,0.8807517850704891
25961,LOF,0.02573280934142713,0.06275130483643174,0.911515885822141
25962,LOF,0.03781130644530372,0.11023219108610141,0.8519565024685948
25963,LOF,0.010430009994241035,0.15985429431282552,0.8297156956929334
25964,LOF,0.04453208905388838,0.09405793745588956,0.8614099734902221
25965,LOF,0.18251134444925,0.1290532754434774,0.6884353801072727
25966,LOF,0.349091630861534,0.12803392454863027,0.5228744445898358
25967,LOF,0.007413706211906654,0.10552150284676479,0.8870647909413285
25968,LOF,0.06048144094438576,0.27363764182081096,0.6658809172348032
25969,LOF,0.14922287945741008,0.07754940925279709,0.7732277112897928
25970,LOF,0.055622119626230974,0.06673088934545679,0.8776469910283121
25971,LOF,0.06870269199081858,0.02752886825831874,0.9037684397508627
25972,LOF,0.07113140870148667,0.03146074776621884,0.8974078435322944
25973,LOF,0.07998293040847866,0.012086288516881285,0.9079307810746401
25974,LOF,0.06801421533151561,0.042520048620788745,0.8894657360476956
25975,LOF,0.027318341804403828,0.015358218141827614,0.9573234400537687
25976,LOF,0.08011553487547661,0.014114414428113967,0.9057700506964095
25977,LOF,0.23871370183653198,0.07177950905809521,0.6895067891053728
25978,LOF,0.1628738624181673,0.1486432918815737,0.6884828457002589
25979,LOF,0.12108553185820235,0.1492685119703993,0.7296459561713983
25980,LOF,0.19732178739778325,0.25540217502996654,0.5472760375722503
25981,LOF,0.19899927475925888,0.2591754569648031,0.541825268275938
25982,LOF,0.2781042541966548,0.13526002364442366,0.5866357221589216
25983,Neutral,0.465255323726499,0.11750391006545939,0.4172407662080417
25984,LOF,0.05762632298078302,0.0720137218749623,0.8703599551442547
25985,Neutral,0.4777500442252687,0.11722486952858671,0.4050250862461446
25986,LOF,0.012297508002055892,0.39684360307129624,0.590858888926648
25987,LOF,0.03336524685022155,0.09018636867339595,0.8764483844763825
25988,LOF,0.042591286288318236,0.11949585628840181,0.8379128574232799
25989,LOF,0.04175403695099306,0.14084245767572418,0.8174035053732828
25990,LOF,0.04443916305062001,0.2599595816669289,0.6956012552824511
25991,GOF,0.019727508067618502,0.5753426270067886,0.40492986492559285
25992,LOF,0.010073132731246897,0.4348746160838247,0.5550522511849283
25993,LOF,0.021601404807220195,0.0720502442059726,0.9063483509868072
25994,LOF,0.028626195619692516,0.08431721225707117,0.8870565921232363
25995,LOF,0.019007674771807512,0.13401301734596227,0.8469793078822303
25996,GOF,0.33116965021160333,0.4407623124171331,0.22806803737126363
25997,GOF,0.054407409645292955,0.6094062485443379,0.3361863418103691
25998,LOF,0.24149252827740417,0.029346583145199882,0.729160888577396
25999,LOF,0.02458631561611498,0.2510678735413811,0.7243458108425039
26000,LOF,0.14839783776961724,0.015672071515681677,0.835930090714701
26001,LOF,0.15597864333021322,0.019783117339102162,0.8242382393306846
26002,LOF,0.09657672024318326,0.017988987643854138,0.8854342921129627
26003,GOF,0.006394343826470352,0.5764061944543268,0.41719946171920275
26004,GOF,0.016305319277920494,0.5918245834684174,0.39187009725366206
26005,GOF,0.005405953777382035,0.5090884667515173,0.4855055794711006
26006,GOF,0.09432512880513758,0.5098004230294211,0.3958744481654414
26007,GOF,0.009364236543763605,0.5523455446123944,0.438290218843842
26008,GOF,0.006620698071126385,0.5998678144409907,0.39351148748788295
26009,GOF,0.01170180276250412,0.6105723533354308,0.37772584390206493
26010,GOF,0.01121105591924385,0.5502093034915099,0.4385796405892463
26011,LOF,0.00565526895739167,0.4052924429503926,0.5890522880922157
26012,GOF,0.00512582319912983,0.5042507152826179,0.49062346151825226
26013,LOF,0.010038142463775756,0.4843281482512784,0.5056337092849459
26014,LOF,0.051789104043146524,0.07907065810564896,0.8691402378512045
26015,LOF,0.35668944776320344,0.02734414112399242,0.6159664111128041
26016,LOF,0.24579295264011952,0.048225411260137956,0.7059816360997425
26017,LOF,0.015234968164956076,0.17935208347608836,0.8054129483589555
26018,LOF,0.019577059609509152,0.097264792637733,0.8831581477527578
26019,LOF,0.019878060703643712,0.08501873183460205,0.8951032074617542
26020,LOF,0.006427317484437236,0.15449048113578148,0.8390822013797812
26021,LOF,0.07723289790781468,0.0791888618417844,0.8435782402504008
26022,LOF,0.040782253490119574,0.03319844248274291,0.9260193040271375
26023,LOF,0.02904350009915747,0.07346565157981105,0.8974908483210315
26024,LOF,0.04471493071512855,0.059575384821514234,0.8957096844633571
26025,LOF,0.12822691065291597,0.07112236536671744,0.8006507239803665
26026,LOF,0.11545061984074988,0.05214038651129881,0.8324089936479513
26027,LOF,0.027617759421068897,0.044622928362817685,0.9277593122161135
26028,LOF,0.08718378135623683,0.20264888961718233,0.7101673290265808
26029,LOF,0.03525472919493218,0.1552327876168527,0.809512483188215
26030,LOF,0.12303704879750653,0.019212398635478436,0.857750552567015
26031,LOF,0.015428110047903862,0.14993221407595392,0.8346396758761423
26032,LOF,0.029134501656684533,0.028575744215158124,0.9422897541281573
26033,LOF,0.04680277588157526,0.04419820218069485,0.90899902193773
26034,LOF,0.02102310077658201,0.09683767510706269,0.8821392241163553
26035,LOF,0.012934050548674709,0.11534381366840166,0.8717221357829236
26036,LOF,0.012060991944590446,0.09218372311166435,0.8957552849437451
26037,LOF,0.012066595727767544,0.10082828259082355,0.887105121681409
26038,LOF,0.025761911780873607,0.028124737480174546,0.9461133507389519
26039,LOF,0.0368294154409971,0.14024944531987613,0.8229211392391269
26040,LOF,0.07650206690368982,0.15384197441688574,0.7696559586794244
26041,LOF,0.014316824469393655,0.10577619177469426,0.879906983755912
26042,LOF,0.01332022525788991,0.11155594374463239,0.8751238309974777
26043,LOF,0.025795932674443203,0.04703880148053855,0.9271652658450181
26044,LOF,0.008234740724049236,0.04867566955922616,0.9430895897167245
26045,LOF,0.09393141665525546,0.22177780543973502,0.6842907779050095
26046,LOF,0.025460003006351702,0.04680254424693296,0.9277374527467153
26047,LOF,0.07642884031113316,0.04484044839658989,0.8787307112922769
26048,LOF,0.08174444160525403,0.02459342052857191,0.893662137866174
26049,Neutral,0.9403837703618391,0.006404910112167252,0.05321131952599352
26050,Neutral,0.8975051007926055,0.007732326429189683,0.09476257277820473
26051,LOF,0.027000373166766397,0.2916734667397556,0.681326160093478
26052,LOF,0.030932925747462894,0.21336300052773507,0.7557040737248021
26053,LOF,0.023071766265698346,0.15867704403853966,0.818251189695762
26054,LOF,0.05897589693602022,0.075043717429354,0.8659803856346258
26055,LOF,0.07679110813322061,0.08219264980075229,0.8410162420660272
26056,LOF,0.07226165144711028,0.08791270587152318,0.8398256426813665
26057,LOF,0.046406482425547194,0.02054663726491117,0.9330468803095416
26058,LOF,0.051592694596543434,0.016988688458830396,0.9314186169446261
26059,LOF,0.2700888911698931,0.10327201964347318,0.6266390891866337
26060,LOF,0.017636916806684763,0.2263546345700175,0.7560084486232977
26061,LOF,0.013539532188014826,0.013473943420171776,0.9729865243918133
26062,LOF,0.006303124396522933,0.02797129193134056,0.9657255836721365
26063,LOF,0.04090455157145862,0.016629558374580192,0.9424658900539612
26064,LOF,0.008727686284719335,0.018366410219325235,0.9729059034959554
26065,LOF,0.04484205434405468,0.023416635599363994,0.9317413100565815
26066,LOF,0.039989198675189165,0.016122695043996445,0.9438881062808144
26067,LOF,0.04404613226987742,0.016614839878376864,0.9393390278517457
26068,LOF,0.055869815262016106,0.057440638935895835,0.886689545802088
26069,LOF,0.20732550936711264,0.051345355322051596,0.7413291353108359
26070,Neutral,0.4869995502177487,0.027758914376882687,0.4852415354053686
26071,LOF,0.04809701671771599,0.021190632569941026,0.930712350712343
26072,LOF,0.0084731596248894,0.023434193353082448,0.9680926470220282
26073,LOF,0.045722674831940015,0.01600236884534546,0.9382749563227146
26074,Neutral,0.7087894238667133,0.022178946644141453,0.26903162948914516
26075,LOF,0.04413049549727945,0.04218915232291127,0.9136803521798094
26076,LOF,0.046302934953064284,0.021964874491240172,0.9317321905556956
26077,LOF,0.17312361396570297,0.02053434837745808,0.806342037656839
26078,LOF,0.006809702594495182,0.03035602463223651,0.9628342727732684
26079,LOF,0.05939605659450391,0.04086461179365457,0.8997393316118415
26080,LOF,0.05851328167349537,0.04097472486722944,0.9005119934592751
26081,LOF,0.046982989033843646,0.018557639315721245,0.9344593716504351
26082,LOF,0.007081233979473554,0.029316718949480527,0.963602047071046
26083,LOF,0.06482461997561861,0.0331181404857987,0.9020572395385826
26084,LOF,0.07335973394802636,0.021268591034837418,0.9053716750171362
26085,LOF,0.060312578164080734,0.018471653400768024,0.9212157684351513
26086,LOF,0.03995918232380544,0.02468064715329228,0.9353601705229023
26087,LOF,0.0437603303401968,0.018447198012690926,0.9377924716471122
26088,LOF,0.007517665592490002,0.039939194266354394,0.9525431401411556
26089,LOF,0.03989838562433462,0.06170361316535936,0.8983980012103061
26090,LOF,0.039423898594593075,0.054361966106612904,0.9062141352987941
26091,LOF,0.03275243072198148,0.01666188197463099,0.9505856873033875
26092,LOF,0.04435176595887659,0.014854118461012611,0.9407941155801107
26093,LOF,0.06570492895132633,0.009358142284252401,0.9249369287644212
26094,LOF,0.04085696470645073,0.01294002446646135,0.9462030108270879
26095,LOF,0.015104621358423477,0.033289080943361214,0.9516062976982153
26096,LOF,0.27793811920737843,0.006409678545554822,0.7156522022470668
26097,LOF,0.007587949449390588,0.055101235726498075,0.9373108148241113
26098,LOF,0.060483862697858014,0.040491971949565025,0.899024165352577
26099,LOF,0.0487753483309136,0.04194827431297814,0.9092763773561082
26100,LOF,0.0487753483309136,0.04194827431297814,0.9092763773561082
26101,LOF,0.053465244440178555,0.05640938829956085,0.8901253672602607
26102,LOF,0.040644879593171125,0.023628264370385885,0.935726856036443
26103,Neutral,0.8953589899539873,0.04551140193055591,0.059129608115456776
26104,LOF,0.050868368513522146,0.10641499466132907,0.8427166368251489
26105,LOF,0.2380778777131596,0.07063216529544121,0.6912899569913992
26106,LOF,0.28600452677747995,0.038049985489825244,0.6759454877326948
26107,LOF,0.016238965207246207,0.05802361138149739,0.9257374234112563
26108,LOF,0.17808708169303428,0.06122499530122316,0.7606879230057425
26109,LOF,0.05117150277326934,0.06255444007354545,0.8862740571531851
26110,Neutral,0.49489519798381565,0.01751105353764125,0.4875937484785431
26111,LOF,0.05430278250616353,0.10406157808557086,0.8416356394082657
26112,LOF,0.07278008801705137,0.014142356170890718,0.9130775558120579
26113,LOF,0.06901958828678026,0.026442381998156062,0.9045380297150638
26114,LOF,0.09951059427915429,0.008563308543436475,0.8919260971774092
26115,LOF,0.02111289757618948,0.05240264526044152,0.926484457163369
26116,LOF,0.06342533177858044,0.01762770958907076,0.9189469586323488
26117,LOF,0.37664551711727473,0.04600184134164286,0.5773526415410823
26118,LOF,0.03797799835435832,0.024235724080875994,0.9377862775647656
26119,LOF,0.006169367221041531,0.08663289695986706,0.9071977358190914
26120,LOF,0.032712913954783616,0.01905260546256537,0.9482344805826509
26121,LOF,0.004363844233537637,0.10713352713020537,0.888502628636257
