feature0,prediction,LoGoFunc_Neutral,LoGoFunc_GOF,LoGoFunc_LOF
25546,Neutral,0.7647818165481524,0.032071801611341856,0.20314638184050587
25547,Neutral,0.5980751736842579,0.06947892328089744,0.3324459030348447
25548,Neutral,0.6024021947750584,0.04787518370088154,0.3497226215240599
25549,Neutral,0.5225371801005897,0.04779044742900245,0.4296723724704079
25550,LOF,0.36567222575292324,0.09359946307755275,0.540728311169524
25551,LOF,0.3000111944922874,0.10389937460631074,0.5960894309014019
25552,LOF,0.22256732582022154,0.09827560300944561,0.679157071170333
25553,Neutral,0.8540926671662185,0.024111473516931718,0.12179585931684987
25554,LOF,0.2512721935893517,0.09373516245836654,0.6549926439522817
25555,LOF,0.21349359153757108,0.0821801641653063,0.7043262442971225
25556,LOF,0.4249182361573521,0.08555605612901451,0.4895257077136333
25557,LOF,0.2079300045374665,0.08730421231490475,0.7047657831476288
25558,LOF,0.24042510033588943,0.09511715343716945,0.6644577462269411
25559,LOF,0.38285390892893956,0.1403148784894743,0.47683121258158623
25560,LOF,0.04899130531807523,0.12600940368179162,0.8249992910001331
25561,LOF,0.11653859902450782,0.11696615708673785,0.7664952438887543
25562,LOF,0.09974062041824458,0.057868280172468076,0.8423910994092874
25563,LOF,0.11794770023742854,0.0646829384371905,0.8173693613253808
25564,LOF,0.2619357300843363,0.1160765129025256,0.6219877570131381
25565,LOF,0.13303873656050508,0.13498671010773772,0.7319745533317571
25566,GOF,0.013982125026179435,0.7767205075495569,0.20929736742426364
25567,LOF,0.01457684654983533,0.17215741625119355,0.8132657371989712
25568,LOF,0.05302426516647209,0.0619697293015487,0.8850060055319792
25569,LOF,0.06221591562653188,0.06051055966113578,0.8772735247123323
25570,LOF,0.060039215965423706,0.09329001407568989,0.8466707699588863
25571,LOF,0.05239557759980596,0.09014213069062059,0.8574622917095734
25572,LOF,0.07126028784770506,0.11248416773277602,0.8162555444195189
25573,LOF,0.036458297623649,0.09620743559992388,0.8673342667764272
25574,LOF,0.02129393250295263,0.14483656159614314,0.8338695059009043
25575,LOF,0.04592037559031931,0.10249982068298012,0.8515798037267005
25576,LOF,0.016848878327493794,0.12477828153362006,0.8583728401388863
25577,LOF,0.016461958594701145,0.1169021137634372,0.8666359276418617
25578,LOF,0.29352733452114205,0.08075205054360723,0.6257206149352507
25579,LOF,0.16161515397825799,0.09329734168970341,0.7450875043320387
25580,LOF,0.03177374392836305,0.07906471063961244,0.8891615454320244
25581,LOF,0.05582604556128911,0.06249184332833601,0.8816821111103748
25582,LOF,0.05535928661097349,0.061381326621563974,0.8832593867674626
25583,LOF,0.038752174821622166,0.08973803728996997,0.8715097878884077
25584,Neutral,0.4914236953462717,0.10585633596783729,0.40271996868589094
25585,LOF,0.025165209805370764,0.12285796354327344,0.8519768266513557
25586,LOF,0.028822807916313975,0.07210824218568579,0.8990689498980002
25587,LOF,0.02964821506027748,0.06626254147581237,0.9040892434639102
25588,LOF,0.031230075596042517,0.08142953386296128,0.8873403905409962
25589,Neutral,0.6027176873767216,0.12744527950154863,0.26983703312172963
25590,LOF,0.034145378265962804,0.12343239935668553,0.8424222223773516
25591,LOF,0.09966611382818186,0.05332665423083849,0.8470072319409796
25592,LOF,0.09636326831792455,0.12959313209708836,0.774043599584987
25593,LOF,0.030861297350158762,0.25587009146890466,0.7132686111809365
25594,LOF,0.04877942682509434,0.1736531096909577,0.7775674634839479
25595,LOF,0.052413145163016414,0.11926906588946141,0.8283177889475222
25596,LOF,0.05134870720473594,0.08669078995663429,0.8619605028386299
25597,LOF,0.03945949526985088,0.0961053964781343,0.8644351082520149
25598,LOF,0.05214957700251725,0.11962804532786316,0.8282223776696197
25599,GOF,0.00813389929812793,0.6653308391028863,0.3265352615989859
25600,GOF,0.013939060948189422,0.5746266679311595,0.411434271120651
25601,LOF,0.01090535362365309,0.4449451097381609,0.544149536638186
25602,LOF,0.026096925370155576,0.04313593394512038,0.930767140684724
25603,LOF,0.05532854268324603,0.02440807528218788,0.9202633820345661
25604,LOF,0.03912415193096734,0.0339389235864158,0.9269369244826169
25605,LOF,0.010930218461917128,0.1848817181562387,0.8041880633818441
25606,LOF,0.07649289892439479,0.3528996071204835,0.5706074939551217
25607,LOF,0.006134836158519672,0.1792828594877948,0.8145823043536855
25608,LOF,0.05200722355842198,0.06333949717734215,0.8846532792642359
25609,LOF,0.04600166679963671,0.4325980019470081,0.5214003312533552
25610,LOF,0.032272196101198004,0.029161643762396636,0.9385661601364053
25611,LOF,0.03883025933350932,0.027758838286411864,0.9334109023800788
25612,LOF,0.09647461561540609,0.040582713677148344,0.8629426707074456
25613,LOF,0.07906042309034789,0.042758986804902664,0.8781805901047495
25614,LOF,0.027321012264248518,0.03663543310551975,0.9360435546302316
25615,LOF,0.04947546993623244,0.04171462425646097,0.9088099058073066
25616,LOF,0.027424560288079793,0.03528045962053308,0.9372949800913872
25617,LOF,0.025958044528190505,0.04044543103328039,0.933596524438529
25618,LOF,0.1352769305608995,0.03260628137787925,0.8321167880612212
25619,LOF,0.028382635350064227,0.035393179729048305,0.9362241849208873
25620,LOF,0.033192256788371115,0.04452694874071107,0.9222807944709178
25621,LOF,0.025943065398645295,0.034841485227228915,0.9392154493741257
25622,LOF,0.030052266119199377,0.03952547151683251,0.9304222623639681
25623,LOF,0.04753484056772266,0.03768130699480299,0.9147838524374744
25624,LOF,0.023905616259573746,0.04478749016226879,0.9313068935781575
25625,LOF,0.032129159432015615,0.0467211361866816,0.9211497043813028
25626,LOF,0.08773988264438434,0.03616954918278307,0.8760905681728325
25627,Neutral,0.5248677271757325,0.12502430593622774,0.35010796688803986
25628,LOF,0.21147501873603253,0.05258158991930121,0.7359433913446662
25629,LOF,0.06576817052786953,0.06300050820510852,0.8712313212670219
25630,LOF,0.1678001123716018,0.08292147555125741,0.7492784120771407
25631,Neutral,0.6187572622328327,0.0624114577645347,0.31883128000263267
25632,LOF,0.015799053906782736,0.1054184561285194,0.8787824899646979
25633,LOF,0.11288092158913339,0.0969776056351381,0.7901414727757285
25634,LOF,0.034988525927898195,0.11339682191943314,0.8516146521526687
25635,LOF,0.035492445991691546,0.09241513721002056,0.872092416798288
25636,GOF,0.0038529730283252965,0.6474264754142746,0.34872055155740017
25637,GOF,0.0033588390257687332,0.6955491176972566,0.3010920432769746
25638,LOF,0.007212454708347413,0.459843366639139,0.5329441786525135
25639,GOF,0.003579774740350924,0.539025528503464,0.45739469675618516
25640,GOF,0.4630830368088602,0.4723445008579148,0.06457246233322507
25641,LOF,0.007270631369355688,0.35040922701555355,0.6423201416150909
25642,LOF,0.25310335813467993,0.08152402494611362,0.6653726169192063
25643,LOF,0.25445169083256025,0.1592484000677369,0.5862999090997029
25644,GOF,0.01380147776990972,0.5307902307307236,0.45540829149936657
25645,LOF,0.011165553932952073,0.46563234746872023,0.5232020985983277
25646,LOF,0.017512109943847217,0.3408761105804238,0.6416117794757289
25647,LOF,0.015332033195332126,0.2862113914233249,0.6984565753813429
25648,LOF,0.01317952205815068,0.2922870774494543,0.6945334004923949
25649,LOF,0.010596746387083966,0.21555101405956162,0.7738522395533545
25650,LOF,0.02896762716761888,0.47502709971740364,0.49600527311497733
25651,LOF,0.008197302589560295,0.2837775946236104,0.7080251027868293
25652,LOF,0.012377178642873224,0.26006945362114076,0.727553367735986
25653,LOF,0.05284251426208817,0.36385534315377677,0.5833021425841349
25654,LOF,0.015240114423699996,0.13823870143462058,0.8465211841416795
25655,LOF,0.07591198295478499,0.4079535329186928,0.5161344841265222
25656,LOF,0.09959947916699556,0.08676037623819594,0.8136401445948086
25657,LOF,0.2890128064654574,0.03883217886175028,0.6721550146727923
25658,LOF,0.047423054765657835,0.10291543459025117,0.849661510644091
25659,LOF,0.3257007393481589,0.0777751370694003,0.5965241235824407
25660,LOF,0.06924380933259532,0.09649261346571862,0.8342635772016861
25661,LOF,0.04576600398359259,0.07192983497254518,0.8823041610438621
25662,LOF,0.028219256024737727,0.04949030998563619,0.9222904339896261
25663,LOF,0.03733896224460075,0.0695640694806425,0.8930969682747568
25664,LOF,0.038380580723583385,0.09246243912411295,0.8691569801523036
25665,LOF,0.061047392286814973,0.05101659954876252,0.8879360081644225
25666,LOF,0.033326222619075405,0.1392400702550821,0.8274337071258425
25667,LOF,0.03102660084236599,0.056547590149816376,0.9124258090078177
25668,LOF,0.03205256569468453,0.05844956719657594,0.9094978671087396
25669,LOF,0.04112952538259435,0.08622038149041551,0.87265009312699
25670,LOF,0.07500052598735599,0.08511223624450409,0.8398872377681399
25671,LOF,0.03824305062329665,0.04791832315884786,0.9138386262178554
25672,LOF,0.0632292442334953,0.07131795858528557,0.865452797181219
25673,LOF,0.04139518247197773,0.07795928544419763,0.8806455320838247
25674,LOF,0.0369828350120749,0.08008222365936203,0.8829349413285631
25675,LOF,0.04717910713743863,0.06390058997726804,0.8889203028852933
25676,LOF,0.03165294749867322,0.057894637444064,0.9104524150572627
25677,LOF,0.06023948184936023,0.06439743055172882,0.875363087598911
25678,LOF,0.2966348943612979,0.03504745408297821,0.668317651555724
25679,LOF,0.18013390020474737,0.0708693951782421,0.7489967046170105
25680,LOF,0.06202372090161022,0.09938799103901223,0.8385882880593776
25681,LOF,0.11412819181306681,0.09250009354330889,0.7933717146436244
25682,LOF,0.04575891320981624,0.07786976843643231,0.8763713183537514
25683,LOF,0.08647333649537971,0.10265711857809633,0.810869544926524
25684,LOF,0.060552275456014444,0.0754858575119305,0.863961867032055
25685,LOF,0.09161643453260454,0.056804059485080785,0.8515795059823148
25686,LOF,0.02721756334794186,0.10276617839370908,0.870016258258349
25687,LOF,0.04918827723364975,0.08569449425399936,0.8651172285123508
25688,LOF,0.024701283540718807,0.09016665271855384,0.8851320637407273
25689,LOF,0.016896398940177068,0.0790693606897451,0.9040342403700778
25690,LOF,0.02111411553045803,0.09056402832851237,0.8883218561410295
25691,LOF,0.18928586076790205,0.12685161327036745,0.6838625259617305
25692,LOF,0.27579952384250234,0.011847326478599181,0.7123531496788984
25693,LOF,0.07911397635535215,0.1468266067822877,0.7740594168623602
25694,LOF,0.24107552521377454,0.014258074369963505,0.744666400416262
25695,LOF,0.15449307606988433,0.019299955640305906,0.8262069682898099
25696,LOF,0.1853963174405006,0.011240652220353045,0.8033630303391464
25697,LOF,0.12276396761432504,0.02453707588122238,0.8526989565044525
25698,LOF,0.04227789758370525,0.3869105836464396,0.5708115187698551
25699,LOF,0.06725560460545758,0.07170914226149051,0.8610352531330518
25700,LOF,0.03229162425216152,0.010281391179579328,0.957426984568259
25701,LOF,0.014301536596843068,0.07389205847513207,0.9118064049280248
25702,GOF,0.03396218516041765,0.7499864996261417,0.21605131521344073
25703,LOF,0.020098897367672005,0.2134284824967344,0.7664726201355936
25704,LOF,0.0952807415048179,0.15865694625341015,0.7460623122417719
25705,LOF,0.0622216332669188,0.22763973633993237,0.7101386303931488
25706,GOF,0.06146328764569925,0.6039624594041173,0.33457425295018345
25707,GOF,0.030433871456843096,0.5511539417796917,0.41841218676346525
25708,LOF,0.009271829688606284,0.46610273132367014,0.5246254389877235
25709,LOF,0.018307504263280445,0.06348464888514761,0.9182078468515719
25710,LOF,0.00859937990406054,0.17299996173239912,0.8184006583635403
25711,LOF,0.02012332817974103,0.12115193633459594,0.858724735485663
25712,LOF,0.010014326326400614,0.22000623956474274,0.7699794341088567
25713,LOF,0.01848093310931884,0.1009510420065134,0.8805680248841677
25714,LOF,0.019834245353380013,0.13610064864374496,0.844065106002875
25715,LOF,0.018682645562619598,0.12010490028517463,0.8612124541522057
25716,LOF,0.011291317960450315,0.1492372602755331,0.8394714217640166
25717,LOF,0.00552288141794038,0.13857096415506223,0.8559061544269975
25718,LOF,0.01756948526146132,0.07630000804608687,0.9061305066924518
25719,LOF,0.033285073940345855,0.08200677687577969,0.8847081491838745
25720,LOF,0.022025631475932998,0.08330178232204585,0.8946725862020211
25721,LOF,0.023178216927382166,0.09222305929431283,0.8845987237783051
25722,LOF,0.017754906031094825,0.12073587114825168,0.8615092228206535
25723,LOF,0.020803368215623997,0.06833110602538482,0.9108655257589913
25724,LOF,0.031750106651923134,0.10357773365295361,0.8646721596951232
25725,LOF,0.021841227134836952,0.06519180454400736,0.9129669683211556
25726,LOF,0.015391986885426064,0.09309293986572463,0.8915150732488493
25727,LOF,0.01926100077700317,0.08295298121704449,0.8977860180059524
25728,LOF,0.017400121444061892,0.09883802283897064,0.8837618557169675
25729,LOF,0.018230379983173107,0.09839689336173392,0.8833727266550929
25730,LOF,0.01880620485821874,0.08018151376692925,0.901012281374852
25731,LOF,0.010062668638224994,0.17246202315154,0.817475308210235
25732,LOF,0.01889232114929263,0.0914517802858857,0.8896558985648217
25733,LOF,0.02959593371948082,0.08070227505166655,0.8897017912288526
25734,LOF,0.006695417370474135,0.22197760496868926,0.7713269776608367
25735,LOF,0.023208106133371674,0.07165936352827636,0.9051325303383518
25736,LOF,0.021902740915036856,0.10874844852933037,0.8693488105556327
25737,LOF,0.03832367370624191,0.09113977999892652,0.8705365462948317
25738,LOF,0.020152108150498844,0.14058301914367663,0.8392648727058245
25739,LOF,0.021805188022400782,0.13997646815451048,0.8382183438230888
25740,LOF,0.05156391562046876,0.1254609541429909,0.8229751302365403
25741,LOF,0.02552320867776139,0.10794670357228993,0.8665300877499487
25742,LOF,0.03645537454899074,0.12588951294268433,0.8376551125083249
25743,LOF,0.011889213554672168,0.047753707010975824,0.9403570794343521
25744,GOF,0.14501530576752772,0.44689944986686664,0.40808524436560567
25745,LOF,0.021609944000915905,0.07350912395653901,0.9048809320425449
25746,LOF,0.011747945292803881,0.09399493131809976,0.8942571233890964
25747,LOF,0.033759961677905785,0.035972331967087906,0.9302677063550064
25748,LOF,0.20755452379266426,0.06221436466557948,0.7302311115417564
25749,LOF,0.012926415086740684,0.05485234979492188,0.9322212351183374
25750,LOF,0.014673987142353639,0.10129868263216014,0.8840273302254862
25751,LOF,0.037361106739844496,0.07718648991949177,0.8854524033406637
25752,GOF,0.09560070041346315,0.670962318808721,0.23343698077781583
25753,LOF,0.006800265212030637,0.389785320616874,0.6034144141710954
25754,GOF,0.005096680709108535,0.8672096775688507,0.1276936417220407
25755,LOF,0.008958510953257491,0.4435103361444607,0.5475311529022817
25756,LOF,0.04769477384126964,0.45050744131529974,0.5017977848434306
25757,GOF,0.006574714672114807,0.8673656416574471,0.1260596436704381
25758,GOF,0.009433384771951483,0.8788161199522705,0.1117504952757781
25759,GOF,0.004589711587592752,0.5900451008108976,0.40536518760150964
25760,LOF,0.0068825699031697775,0.3059808717618211,0.6871365583350091
25761,GOF,0.04421082231697337,0.8561124541278665,0.09967672355516008
25762,LOF,0.029561338383714664,0.39504217771148636,0.575396483904799
25763,LOF,0.007949751071266869,0.27415882266509434,0.7178914262636388
25764,GOF,0.08236368927811209,0.6219474968937853,0.2956888138281027
25765,GOF,0.008469999849839495,0.8610085900263551,0.1305214101238052
25766,GOF,0.046986090337840604,0.8278315382042598,0.1251823714578996
25767,GOF,0.014452357587524707,0.5534135558933202,0.4321340865191551
25768,LOF,0.03618682369554578,0.08475703917254383,0.8790561371319103
25769,LOF,0.0213650125555653,0.08096767048998416,0.8976673169544506
25770,LOF,0.13888619902023747,0.07599118633946272,0.7851226146402999
25771,LOF,0.011675030514529621,0.08131148748204382,0.9070134820034267
25772,LOF,0.023044374060094425,0.030005774740309896,0.9469498511995956
25773,LOF,0.013318030711031784,0.0805158986432233,0.906166070645745
25774,LOF,0.02891314670139078,0.09880304343401342,0.8722838098645959
25775,LOF,0.019453396532769403,0.04403221282690089,0.9365143906403298
25776,LOF,0.025868145750355995,0.02726987078180632,0.9468619834678377
25777,LOF,0.2144074195490095,0.07433329016846484,0.7112592902825257
25778,LOF,0.02001107631893327,0.057022449447923895,0.9229664742331429
25779,GOF,0.043761920963561816,0.8948519415365382,0.06138613749989985
25780,GOF,0.07161820349479564,0.884507887206162,0.043873909299042335
25781,GOF,0.025080473605761808,0.888281487109792,0.0866380392844461
25782,GOF,0.0317195681277673,0.9129160342038332,0.05536439766839972
25783,GOF,0.020591174439251538,0.7946526354977049,0.18475619006304358
25784,GOF,0.12878220197790463,0.8405366887520545,0.030681109270040936
25785,GOF,0.0666831542989409,0.8925708591816686,0.04074598651939056
25786,GOF,0.005649612418778061,0.8299163984968673,0.1644339890843545
25787,GOF,0.16355625899291312,0.8034176560954984,0.03302608491158841
25788,LOF,0.014827918462614198,0.2143227214119719,0.770849360125414
25789,GOF,0.020071676819148964,0.8713575520354773,0.1085707711453738
25790,GOF,0.021809559395397412,0.8861408191769342,0.09204962142766826
25791,GOF,0.01499230649405455,0.8421236317512661,0.14288406175467938
25792,GOF,0.023637533326140398,0.8546285834013689,0.12173388327249063
25793,GOF,0.07135437156899843,0.8458652304674866,0.08278039796351504
25794,GOF,0.06703647542178776,0.7838154393849089,0.1491480851933033
25795,GOF,0.0713000151076551,0.7736862002908518,0.15501378460149304
25796,GOF,0.08025828417495766,0.8219533596607093,0.097788356164333
25797,GOF,0.03950876211398702,0.7228823138817595,0.23760892400425357
25798,GOF,0.002947049075368558,0.6732105816686845,0.32384236925594706
25799,GOF,0.0031181984812619795,0.5638449241838066,0.4330368773349315
25800,GOF,0.015006333393087644,0.7734839808201275,0.21150968578678483
25801,GOF,0.019306866361546476,0.8844526512804958,0.09624048235795779
25802,GOF,0.023869252318535435,0.8348422526129748,0.14128849506848984
25803,GOF,0.011942697160126343,0.7341459037151035,0.2539113991247702
25804,GOF,0.015656622790890796,0.6641225568110131,0.32022082039809596
25805,GOF,0.025773287542847606,0.736682606680087,0.23754410577706547
25806,GOF,0.019854612500828962,0.787179078388334,0.19296630911083715
25807,GOF,0.005469344449944674,0.7539257827209591,0.24060487282909623
25808,GOF,0.01557943768900937,0.7712281530168749,0.21319240929411587
25809,GOF,0.007045857132005679,0.7451510408811785,0.2478031019868158
25810,GOF,0.005985984535435522,0.7496549666543159,0.2443590488102487
25811,GOF,0.0591373820659685,0.873981749904671,0.06688086802936036
25812,GOF,0.017090442777040284,0.7676676662531384,0.21524189096982135
25813,GOF,0.09600983524270043,0.8201043265150698,0.08388583824222987
25814,GOF,0.027376219783996777,0.8087538452474461,0.1638699349685571
25815,GOF,0.06090651896601083,0.8317019847411992,0.10739149629278995
25816,GOF,0.006961571394680807,0.8719169251747811,0.12112150343053807
25817,GOF,0.09226377634541404,0.8151949679709335,0.09254125568365251
25818,GOF,0.028681841891275636,0.8340383529967116,0.13727980511201276
25819,GOF,0.07342977298800644,0.7799419577469515,0.14662826926504194
25820,GOF,0.03644953873105904,0.7928342186158241,0.17071624265311688
25821,GOF,0.021351355104987844,0.782225149826774,0.19642349506823817
25822,GOF,0.04451549074353958,0.7937138890738563,0.16177062018260405
25823,GOF,0.01668832315190106,0.6793036549744332,0.3040080218736659
25824,GOF,0.027054887860055665,0.7945000013469603,0.178445110792984
25825,GOF,0.01600289631728332,0.7799158733630488,0.20408123031966782
25826,GOF,0.005755946269052973,0.7549009771507244,0.23934307658022272
25827,GOF,0.008107895658099478,0.7245928726252429,0.2672992317166577
25828,GOF,0.0061009688322133885,0.6900443397112032,0.30385469145658345
25829,GOF,0.002966943626921633,0.7228970791584771,0.2741359772146013
25830,GOF,0.03452774297253935,0.5493119501140812,0.4161603069133795
25831,GOF,0.07870527183313583,0.8136327388255862,0.10766198934127798
25832,GOF,0.009891330469769847,0.8145699490128017,0.17553872051742855
25833,GOF,0.039751839630990646,0.8596969154460596,0.10055124492294967
25834,GOF,0.010296529235399102,0.8239460025192916,0.1657574682453093
25835,GOF,0.021991951637674322,0.8787378105178713,0.09927023784445435
25836,GOF,0.007537223090793659,0.8301092733435992,0.1623535035656071
25837,GOF,0.006862082861923349,0.749755743442944,0.2433821736951326
25838,GOF,0.024417004204073223,0.8809274506685117,0.09465554512741507
25839,GOF,0.04341531136041685,0.8663768156528656,0.09020787298671756
25840,GOF,0.0727858102068468,0.8494649768547436,0.07774921293840958
25841,GOF,0.06318949196166239,0.8651024178341016,0.07170809020423599
25842,GOF,0.027721399942195985,0.9017382236225203,0.07054037643528391
25843,GOF,0.028110885767204743,0.9067199960442579,0.0651691181885374
25844,GOF,0.015420451544780896,0.8594341008896728,0.12514544756554644
25845,GOF,0.006075761506719292,0.6661092916596936,0.3278149468335871
25846,GOF,0.07273552560589382,0.8586636685078285,0.06860080588627766
25847,GOF,0.017150661478339664,0.9136395998567283,0.06920973866493209
25848,GOF,0.017623174056851824,0.8765240239994649,0.1058528019436833
25849,GOF,0.00543346087276108,0.7725986911947212,0.22196784793251767
25850,GOF,0.006498897451457879,0.7759027774619845,0.21759832508655752
25851,GOF,0.005967093006441186,0.6658215558205123,0.3282113511730465
25852,GOF,0.13440483322503521,0.6041090101087789,0.2614861566661858
25853,GOF,0.08229887543158607,0.8447631135968428,0.07293801097157115
25854,GOF,0.006035236029541387,0.7050472047210488,0.28891755924940987
25855,GOF,0.01578989935664999,0.6641793131865896,0.32003078745676034
25856,GOF,0.038851039765582955,0.8111260711065599,0.15002288912785722
25857,GOF,0.0188939549513897,0.6668898941214914,0.314216150927119
25858,GOF,0.00909356085651776,0.6752191585758304,0.3156872805676518
25859,GOF,0.005993748271587075,0.643885555947893,0.3501206957805199
25860,GOF,0.10785094040936906,0.8150047243812542,0.07714433520937666
25861,GOF,0.0764349863340081,0.8370051412882086,0.08655987237778343
25862,GOF,0.02116257275947693,0.8754150683920727,0.10342235884845034
25863,GOF,0.02277085499849724,0.8857511253019903,0.09147801969951251
25864,GOF,0.04898737423752268,0.8823093824828332,0.06870324327964407
25865,GOF,0.035282106983013733,0.8595697567771537,0.1051481362398326
25866,GOF,0.02554976520980737,0.8797893391042724,0.09466089568592033
25867,GOF,0.03584080529800696,0.8867051889941066,0.07745400570788638
25868,GOF,0.04945013234509121,0.8558254690023213,0.09472439865258755
25869,GOF,0.3308555986866424,0.6093889569344354,0.059755444378922204
25870,GOF,0.06358460714762738,0.7244995670425861,0.21191582580978643
25871,GOF,0.009445923459184019,0.8843667144078425,0.10618736213297343
25872,GOF,0.021016775415468363,0.8830497262800449,0.09593349830448672
25873,GOF,0.019798292843757278,0.8995015951224152,0.08070011203382739
25874,LOF,0.01650963049301786,0.2351430341452573,0.7483473353617248
25875,LOF,0.0588868560997783,0.050638409073105864,0.8904747348271159
25876,LOF,0.016058006222357826,0.0402089432739424,0.9437330505036998
25877,LOF,0.12505939737909086,0.09110009967359624,0.7838405029473129
25878,LOF,0.0682909438458667,0.1256701718668043,0.8060388842873291
25879,LOF,0.03178888685686382,0.09350866648373024,0.874702446659406
25880,LOF,0.05303669343504435,0.013778298849902884,0.9331850077150528
25881,Neutral,0.5215734733783439,0.07392985561206968,0.4044966710095865
25882,LOF,0.08803739511846727,0.026321472370901492,0.8856411325106311
25883,LOF,0.027936784824840154,0.028292255065515002,0.9437709601096448
25884,LOF,0.023033534698832746,0.053696240034953796,0.9232702252662135
25885,LOF,0.22032393286182184,0.011853530984796856,0.7678225361533814
25886,LOF,0.17865321653003363,0.06225381472580463,0.7590929687441618
25887,LOF,0.1867841772425177,0.06954600923050845,0.7436698135269738
25888,LOF,0.012453146489014136,0.15543029068937533,0.8321165628216105
25889,LOF,0.028078852863830852,0.03771081980915507,0.9342103273270141
25890,LOF,0.13487315954388246,0.12193915181266542,0.7431876886434521
25891,LOF,0.0996622263910827,0.029838533748076178,0.8704992398608411
25892,LOF,0.007797059178749455,0.03132491299729604,0.9608780278239546
25893,LOF,0.3831384803881773,0.008007597643942715,0.6088539219678799
25894,LOF,0.4265919114382531,0.004479838983927421,0.5689282495778195
25895,LOF,0.3168811440143161,0.012083285382320737,0.6710355706033632
25896,LOF,0.06716679569846502,0.015706870720377925,0.917126333581157
25897,LOF,0.18968915521427068,0.007888092569852173,0.8024227522158771
25898,LOF,0.16935283452511224,0.024940234720758517,0.8057069307541292
25899,LOF,0.3858622984993931,0.01755351376402562,0.5965841877365813
25900,LOF,0.45509317386210835,0.008012461776452928,0.5368943643614388
25901,LOF,0.0649975871006778,0.007948958366686704,0.9270534545326354
25902,LOF,0.19134219987196724,0.008413476841611166,0.8002443232864216
25903,LOF,0.39031168151276574,0.022622938437475912,0.5870653800497583
25904,Neutral,0.5012353882774594,0.02288602915325551,0.47587858256928506
25905,LOF,0.004788605827324323,0.4588315009861319,0.5363798931865439
25906,LOF,0.008798834223993362,0.1042514261067283,0.8869497396692784
25907,LOF,0.004622752958317008,0.3348706689483689,0.660506578093314
25908,LOF,0.0048443420692878105,0.2501473706429845,0.7450082872877276
25909,LOF,0.025293766706284554,0.15517901764547448,0.8195272156482408
25910,LOF,0.011104530024499095,0.12888929655280498,0.8600061734226959
25911,LOF,0.32724486103564704,0.039875242132889,0.6328798968314638
25912,LOF,0.07746263080187299,0.04990889546602033,0.8726284737321066
25913,LOF,0.040478046379575985,0.0767282363802982,0.8827937172401258
25914,LOF,0.03988673081406967,0.04485682766046026,0.9152564415254701
25915,LOF,0.21891780919005624,0.18767138217376458,0.5934108086361792
25916,LOF,0.037568731968948305,0.12989067076866812,0.8325405972623836
25917,LOF,0.07306478936233725,0.04198716606521204,0.8849480445724508
25918,LOF,0.046132430264890646,0.028713804293405337,0.9251537654417039
25919,LOF,0.04064473203375043,0.027037800541690592,0.932317467424559
25920,LOF,0.2312658360528735,0.21743509641829328,0.5512990675288332
25921,LOF,0.01667418666038222,0.04079746119703356,0.9425283521425843
25922,LOF,0.018918686371625842,0.03756217223452144,0.9435191413938528
25923,LOF,0.4609399758407733,0.030759862310330413,0.5083001618488963
25924,LOF,0.022714329309576703,0.0615942840085591,0.9156913866818642
25925,LOF,0.08174268507600123,0.0477248541490841,0.8705324607749146
25926,LOF,0.06631762909430508,0.046177355991965145,0.8875050149137298
25927,LOF,0.0260907673160909,0.06190342563851479,0.9120058070453945
25928,LOF,0.009944262223722395,0.06090467701504587,0.9291510607612318
25929,Neutral,0.5490149422562134,0.02998830909000971,0.4209967486537769
25930,LOF,0.07523118314872773,0.03014384332458493,0.8946249735266874
25931,LOF,0.013420745610076864,0.03917272864270971,0.9474065257472135
25932,LOF,0.06531985179815063,0.030609750805375074,0.9040703973964744
25933,LOF,0.06208154167703934,0.019401751557656964,0.9185167067653037
25934,LOF,0.059063659769566755,0.01835144136521793,0.9225848988652153
25935,LOF,0.07456456168504165,0.05701213909812565,0.8684232992168328
25936,LOF,0.09685986474841628,0.02154553831040736,0.8815945969411764
25937,LOF,0.019690916923332937,0.046147975577988574,0.9341611074986784
25938,LOF,0.07211558181640756,0.04807735785874327,0.8798070603248492
25939,LOF,0.04614328060767033,0.025281382691940198,0.9285753367003895
25940,LOF,0.009356025555225286,0.35122743910013443,0.6394165353446403
25941,Neutral,0.5028913263231118,0.04525261941324494,0.4518560542636433
25942,LOF,0.008777834150053189,0.04985161273143998,0.9413705531185068
25943,LOF,0.03167812980117121,0.18732282288592692,0.7809990473129019
25944,LOF,0.05482994429207749,0.08433683110807662,0.8608332245998458
25945,LOF,0.11537416020373664,0.022872538374092324,0.861753301422171
25946,LOF,0.07422474510166803,0.046675080894538805,0.8791001740037931
25947,LOF,0.4391321580838936,0.12162670541246616,0.43924113650364016
25948,LOF,0.43457093392356483,0.016162939065298428,0.5492661270111368
25949,LOF,0.13250071659997922,0.07044027013421425,0.7970590132658065
25950,GOF,0.06304543794659861,0.5913329360047582,0.34562162604864316
25951,LOF,0.013606649101168895,0.43726330820916337,0.5491300426896677
25952,LOF,0.3036075858426084,0.3085043958265964,0.3878880183307952
25953,LOF,0.007275747252584831,0.18550806668102882,0.8072161860663863
25954,GOF,0.09320614372348594,0.4816991884596129,0.4250946678169013
25955,LOF,0.0055112642885907885,0.186218661973311,0.8082700737380981
25956,LOF,0.021981051639576723,0.2656411827918239,0.7123777655685994
25957,LOF,0.17431584800281738,0.03161573199644,0.7940684200007426
25958,LOF,0.031479334089902576,0.042144262888853194,0.9263764030212442
25959,GOF,0.014375401081081865,0.6610344760332191,0.32459012288569905
25960,LOF,0.006195593924994213,0.0668875663690873,0.9269168397059184
25961,LOF,0.03013893203954257,0.03585622520573995,0.9340048427547174
25962,LOF,0.0450636112426404,0.06685152953177342,0.8880848592255862
25963,LOF,0.0054797439916258964,0.1869934916415675,0.8075267643668066
25964,LOF,0.02746431836671776,0.11433569157582382,0.8581999900574585
25965,LOF,0.24011795173454287,0.1182799916186706,0.6416020566467865
25966,Neutral,0.46827188963364547,0.13968588663343182,0.39204222373292263
25967,LOF,0.008936175959628244,0.09232884958039946,0.8987349744599723
25968,LOF,0.039815916686442306,0.24847993927127582,0.7117041440422819
25969,LOF,0.16854587041773073,0.05317283397202817,0.7782812956102412
25970,LOF,0.027837808311418178,0.08812391313412427,0.8840382785544577
25971,LOF,0.08221985666707259,0.02724635068057715,0.8905337926523503
25972,LOF,0.06785579237779236,0.048595666828132426,0.8835485407940752
25973,LOF,0.06503517491952021,0.008053737649397139,0.9269110874310826
25974,LOF,0.050620242029042736,0.0387832532789631,0.9105965046919942
25975,LOF,0.04749269560578929,0.015780826000037267,0.9367264783941733
25976,LOF,0.09450004053636657,0.009143709742571981,0.8963562497210614
25977,LOF,0.20580373173610486,0.06765456279958204,0.7265417054643131
25978,LOF,0.1967316487009545,0.11241839233205046,0.6908499589669951
25979,LOF,0.1621053672783871,0.12616352582758927,0.7117311068940237
25980,LOF,0.26765871592221085,0.18930117599055327,0.5430401080872359
25981,LOF,0.2688334673085547,0.19125476519709855,0.5399117674943468
25982,Neutral,0.4937550850816926,0.08285896812992113,0.42338594678838626
25983,Neutral,0.4908858318631813,0.10235342049249088,0.40676074764432785
25984,LOF,0.04039671614616539,0.0977952834695522,0.8618080003842824
25985,LOF,0.3952303896631402,0.13193585212852854,0.47283375820833123
25986,LOF,0.013698710477818008,0.4070111323532225,0.5792901571689594
25987,LOF,0.052295047942453037,0.09650403962713619,0.8512009124304107
25988,LOF,0.038770576418268664,0.15997267362022058,0.8012567499615106
25989,LOF,0.037049502865859785,0.19640241530614339,0.7665480818279968
25990,LOF,0.03959989955588578,0.2910478428448646,0.6693522575992497
25991,LOF,0.03163417071184469,0.4281988824173345,0.5401669468708208
25992,LOF,0.02524876855418995,0.44341321792049476,0.5313380135253153
25993,LOF,0.027091803677052734,0.08538751342815855,0.8875206828947888
25994,LOF,0.023412327581755425,0.08375507948561493,0.8928325929326297
25995,LOF,0.021067781137659353,0.1519251881685934,0.8270070306937471
25996,GOF,0.3087657530124469,0.3485242761728974,0.34270997081465576
25997,LOF,0.0671043423799921,0.4046518225598051,0.5282438350602028
25998,LOF,0.3001972960291972,0.04056111031104647,0.6592415936597562
25999,LOF,0.022772789177967122,0.19390788588631194,0.783319324935721
26000,LOF,0.19605054354207663,0.029812141913103846,0.7741373145448196
26001,LOF,0.2547580627041181,0.048344029466359816,0.696897907829522
26002,LOF,0.12302290738526878,0.045286972921118475,0.8316901196936127
26003,GOF,0.006617110644848967,0.6421907923095846,0.3511920970455662
26004,GOF,0.010410522436336112,0.6959561711145814,0.2936333064490826
26005,LOF,0.004708424792813188,0.48623550927565196,0.5090560659315349
26006,GOF,0.14649992920799115,0.530903749087566,0.32259632170444286
26007,GOF,0.00900831353218852,0.5379019754954552,0.4530897109723564
26008,GOF,0.006256031936478629,0.6097036494807972,0.3840403185827242
26009,GOF,0.008116051819463649,0.6755338307598747,0.31635011742066155
26010,GOF,0.008101111340951364,0.6136067195910796,0.3782921690679692
26011,LOF,0.003356747579836411,0.44594530298030527,0.5506979494398583
26012,GOF,0.004740635593580921,0.5279317353204765,0.46732762908594244
26013,GOF,0.012393383499254762,0.5909635709637614,0.39664304553698376
26014,LOF,0.057270210608464066,0.12710860185164505,0.8156211875398909
26015,LOF,0.3594352684657173,0.0318141357218658,0.608750595812417
26016,LOF,0.2986939983607794,0.04015937449490929,0.6611466271443113
26017,LOF,0.02028425071432855,0.20734701039557432,0.772368738890097
26018,LOF,0.02331657915692142,0.06688314426239594,0.9098002765806826
26019,LOF,0.023368792379093405,0.06221941989782588,0.9144117877230807
26020,LOF,0.009780853289429186,0.19529386277112754,0.7949252839394433
26021,LOF,0.0851139125328977,0.07574200996621332,0.8391440775008889
26022,LOF,0.033753766161146906,0.03406017822089161,0.9321860556179614
26023,LOF,0.026226469928711835,0.04127180288161369,0.9325017271896745
26024,LOF,0.0513803673078075,0.068621361746027,0.8799982709461655
26025,LOF,0.06372419738240025,0.07636144697094256,0.8599143556466571
26026,LOF,0.09992851870447682,0.062170268082461205,0.8379012132130621
26027,LOF,0.023218792935325878,0.028014494099921884,0.9487667129647521
26028,LOF,0.11340421116903598,0.15023799654029948,0.7363577922906644
26029,LOF,0.017409202003939618,0.20000219071349096,0.7825886072825694
26030,LOF,0.15900078554670755,0.026000133626520427,0.8149990808267721
26031,LOF,0.008910293221855924,0.16105786610724945,0.8300318406708946
26032,LOF,0.04299584536862999,0.06000171119960278,0.8970024434317673
26033,LOF,0.06497364219804913,0.0553396084170705,0.8796867493848805
26034,LOF,0.011174807716676982,0.16935337586641208,0.819471816416911
26035,LOF,0.011465171873256172,0.11229943322611562,0.8762353949006282
26036,LOF,0.010756583133309888,0.12721812096364496,0.8620252959030451
26037,LOF,0.008906803836758013,0.11056795482967474,0.8805252413335672
26038,LOF,0.03657172065682928,0.05449103517319865,0.908937244169972
26039,LOF,0.02291114815782973,0.14921065066531136,0.8278782011768588
26040,LOF,0.09817803383275044,0.13510283663953795,0.7667191295277116
26041,LOF,0.01248022609205216,0.09495553201666766,0.8925642418912801
26042,LOF,0.01143830179613869,0.10556122706900875,0.8830004711348526
26043,LOF,0.036202108904137706,0.07710926957243044,0.886688621523432
26044,LOF,0.011905514664948148,0.05992547882985757,0.9281690065051942
26045,LOF,0.07500081357243155,0.1165872820354432,0.8084119043921253
26046,LOF,0.03177783027750858,0.05972650345280611,0.9084956662696854
26047,LOF,0.05206121722660494,0.060804994083781864,0.8871337886896131
26048,LOF,0.06432411954829549,0.033319652208277234,0.9023562282434273
26049,Neutral,0.9446008188393032,0.008496940232660474,0.046902240928036305
26050,Neutral,0.9195661829101508,0.009077437350268067,0.07135637973958121
26051,LOF,0.01820616197065729,0.11501672871282305,0.8667771093165195
26052,LOF,0.029441895730016897,0.1288086949323762,0.8417494093376069
26053,LOF,0.025666689581028856,0.1558444294422239,0.8184888809767472
26054,LOF,0.04752275649549468,0.027155831533196305,0.9253214119713091
26055,LOF,0.06884655843793497,0.024204289314246587,0.9069491522478184
26056,LOF,0.05659319384613323,0.029510860754080208,0.9138959453997866
26057,LOF,0.05971444104646489,0.01662893157678247,0.9236566273767526
26058,LOF,0.06291289365441824,0.013196046708352074,0.9238910596372298
26059,LOF,0.1787205583533554,0.03152236959922281,0.7897570720474217
26060,LOF,0.014868062188766022,0.17432082595618328,0.8108111118550506
26061,LOF,0.011373169374255199,0.00983358233189032,0.9787932482938544
26062,LOF,0.006173290530414239,0.018097147113998603,0.9757295623555872
26063,LOF,0.03931389767179319,0.011319534458352978,0.9493665678698537
26064,LOF,0.009998806354521638,0.029270149935600443,0.9607310437098779
26065,LOF,0.04798225346546381,0.013955341097234286,0.938062405437302
26066,LOF,0.046655596807626314,0.011576368165550644,0.9417680350268232
26067,LOF,0.054983900840566785,0.009940990433371185,0.9350751087260619
26068,LOF,0.05536459654774303,0.04165004953814777,0.9029853539141092
26069,LOF,0.1638919479337108,0.02749268675541221,0.808615365310877
26070,LOF,0.33328043055932255,0.022109461313681397,0.644610108126996
26071,LOF,0.04575345878313267,0.012536526220001303,0.941710014996866
26072,LOF,0.00962003812890623,0.02012255457438218,0.9702574072967117
26073,LOF,0.041383966642265596,0.014180911476719269,0.9444351218810152
26074,Neutral,0.910742650599993,0.008935876478301725,0.08032147292170526
26075,LOF,0.059364451084885216,0.02010054301651539,0.9205350058985993
26076,LOF,0.05821893286011706,0.012462579979768896,0.9293184871601141
26077,LOF,0.14364254030075435,0.006882808711967678,0.849474650987278
26078,LOF,0.008097243349269274,0.014872625928578841,0.977030130722152
26079,LOF,0.06771086906117248,0.020854166170867484,0.91143496476796
26080,LOF,0.06669444404549284,0.020909442946180776,0.9123961130083263
26081,LOF,0.035845799036879976,0.009869962337500789,0.9542842386256194
26082,LOF,0.007149355241096187,0.015977912413314886,0.9768727323455888
26083,LOF,0.1016272862622484,0.020350080634867186,0.8780226331028844
26084,LOF,0.11126581593130955,0.015339715474118347,0.8733944685945721
26085,LOF,0.09750728063144903,0.013102861810439294,0.8893898575581117
26086,LOF,0.04012315799871881,0.012574529526964771,0.9473023124743165
26087,LOF,0.03702350109593024,0.010552649345516972,0.9524238495585529
26088,LOF,0.00782623616692723,0.02174911111527588,0.9704246527177968
26089,LOF,0.04462005244701162,0.03213702773813382,0.9232429198148546
26090,LOF,0.04536211903650625,0.02577514103424388,0.92886273992925
26091,LOF,0.032568907996182304,0.008315594006064691,0.9591154979977531
26092,LOF,0.04398229128966774,0.008992437828118302,0.9470252708822139
26093,LOF,0.08115796680178988,0.006074145959598231,0.9127678872386119
26094,LOF,0.036088104364332706,0.007435296937524883,0.9564765986981425
26095,LOF,0.03551650047035288,0.016301620416428422,0.9481818791132187
26096,LOF,0.19503485844891777,0.005028288591443401,0.7999368529596389
26097,LOF,0.007547589759290036,0.032907693146040404,0.9595447170946696
26098,LOF,0.07309003224075654,0.01707716227630162,0.9098328054829419
26099,LOF,0.04603238818094702,0.01709537847941027,0.9368722333396426
26100,LOF,0.04603238818094702,0.01709537847941027,0.9368722333396426
26101,LOF,0.06033910031804539,0.03191688207466889,0.9077440176072858
26102,LOF,0.03591325301070867,0.016658841744672827,0.9474279052446184
26103,Neutral,0.8841486162041109,0.025410977386292184,0.09044040640959697
26104,LOF,0.06101232321281785,0.04058666351581964,0.8984010132713625
26105,LOF,0.2396475096481853,0.1674454469067879,0.5929070434450268
26106,LOF,0.3072210590379798,0.11079393459145079,0.5819850063705694
26107,LOF,0.022043689579925852,0.09769675686763506,0.880259553552439
26108,LOF,0.2965858972927961,0.045085930440871884,0.6583281722663321
26109,LOF,0.09242112455295304,0.044201235960621,0.863377639486426
26110,LOF,0.46836631193624617,0.008971609148738726,0.5226620789150151
26111,LOF,0.05112257897108707,0.14891517393646872,0.7999622470924443
26112,LOF,0.05601209439545745,0.009511778114521663,0.9344761274900208
26113,LOF,0.1045976424589969,0.023854686845337873,0.8715476706956652
26114,LOF,0.08984312936047047,0.010950492940135033,0.8992063776993945
26115,LOF,0.016183396060061802,0.04538288041261724,0.938433723527321
26116,LOF,0.0697277517617577,0.018898684406506067,0.9113735638317362
26117,LOF,0.3811216786730916,0.03150475610911448,0.5873735652177938
26118,LOF,0.05242025715621083,0.015821902093962607,0.9317578407498265
26119,LOF,0.006154714550664459,0.029909887486215293,0.9639353979631203
26120,LOF,0.03493571652189296,0.014979663730747246,0.9500846197473597
26121,LOF,0.003943404646068576,0.11572528832856649,0.8803313070253649
