feature0,prediction,LoGoFunc_Neutral,LoGoFunc_GOF,LoGoFunc_LOF
25546,Neutral,0.6560385859040544,0.06035880307552956,0.28360261102041595
25547,Neutral,0.561008647015384,0.11788762744198696,0.32110372554262906
25548,Neutral,0.5213989700574925,0.08570638186271104,0.3928946480797964
25549,Neutral,0.4854873672478035,0.08581518378072714,0.42869744897146944
25550,LOF,0.3828893348657779,0.14196700476079593,0.47514366037342615
25551,LOF,0.3158825665159882,0.13543480685708545,0.5486826266269264
25552,LOF,0.18018620622865697,0.15279602978416498,0.667017763987178
25553,Neutral,0.8129022809825218,0.03781046276598289,0.14928725625149522
25554,LOF,0.216550385603306,0.1495669489952796,0.6338826654014145
25555,LOF,0.17539853124799895,0.1389632457727021,0.685638222979299
25556,Neutral,0.506106022004408,0.1069832877616519,0.38691069023394004
25557,LOF,0.16963732856091757,0.1449522746314069,0.6854103968076757
25558,LOF,0.21696792576146867,0.16146023041897234,0.621571843819559
25559,LOF,0.47747399978787247,0.020701516409294605,0.5018244838028328
25560,LOF,0.04105852888875281,0.20423454982827532,0.7547069212829719
25561,LOF,0.1001625198441882,0.23758629297839354,0.6622511871774183
25562,LOF,0.11338697968389969,0.07695549504986363,0.8096575252662367
25563,LOF,0.10648818490661559,0.0938181974889672,0.7996936176044172
25564,LOF,0.0821288098603135,0.11152294228714689,0.8063482478525396
25565,LOF,0.1301352536749972,0.25087406113919447,0.6189906851858082
25566,GOF,0.017967207958303758,0.6856427323459827,0.29639005969571347
25567,LOF,0.01103971786346529,0.2092778128216578,0.7796824693148771
25568,LOF,0.04557384831164766,0.09331257473716392,0.8611135769511884
25569,LOF,0.05944362396301674,0.09111898804874248,0.8494373879882409
25570,LOF,0.05309161921144102,0.15120528604012706,0.7957030947484319
25571,LOF,0.06401084101941028,0.1445302060014299,0.7914589529791598
25572,LOF,0.05423294358568094,0.1618503150352398,0.7839167413790792
25573,LOF,0.029081285152774413,0.10961928705512365,0.861299427792102
25574,LOF,0.013974042712875107,0.25581670804291207,0.7302092492442128
25575,LOF,0.0533209770834131,0.13023805267648447,0.8164409702401025
25576,LOF,0.01822780901264565,0.14809224313508718,0.8336799478522672
25577,LOF,0.012229970471262758,0.14580358015214043,0.8419664493765968
25578,LOF,0.2626425864035007,0.11479173542816963,0.6225656781683296
25579,LOF,0.26325270487579,0.11333940879887469,0.6234078863253353
25580,LOF,0.0340102329278815,0.12842463518405295,0.8375651318880656
25581,LOF,0.04896290176012777,0.09748923391395244,0.8535478643259198
25582,LOF,0.04864961152665537,0.09131608708415062,0.8600343013891939
25583,LOF,0.032161366561224654,0.140123981466603,0.8277146519721723
25584,Neutral,0.48230775309240914,0.12774791092396637,0.3899443359836245
25585,LOF,0.028106813136195074,0.13568082811082557,0.8362123587529794
25586,LOF,0.03142474071668159,0.09952553621631427,0.8690497230670041
25587,LOF,0.0273621154204116,0.0865529476138124,0.8860849369657761
25588,LOF,0.02547405922775615,0.11892898365526439,0.8555969571169795
25589,Neutral,0.5993730895477491,0.16272260811715736,0.23790430233509344
25590,LOF,0.023087876980732648,0.16902930099460586,0.8078828220246616
25591,LOF,0.11089225695145051,0.07092951697785735,0.8181782260706921
25592,LOF,0.08557850019944267,0.1944396532208834,0.7199818465796738
25593,GOF,0.011326859138296801,0.5749666960138466,0.4137064448478565
25594,LOF,0.03181712895077585,0.1235475007332615,0.8446353703159626
25595,LOF,0.058872240762457964,0.08546120970986898,0.8556665495276731
25596,LOF,0.08545515731186494,0.053448389572449975,0.8610964531156852
25597,LOF,0.06995212217956298,0.01892270383260354,0.9111251739878335
25598,LOF,0.045920937593086304,0.11467717218875599,0.8394018902181576
25599,LOF,0.0076126060755277395,0.4911418494431831,0.5012455444812892
25600,LOF,0.010377723347443291,0.38870518877161264,0.6009170878809441
25601,LOF,0.008136733647612079,0.2558852351134589,0.7359780312389291
25602,LOF,0.015869837116268656,0.05400801301902273,0.9301221498647086
25603,LOF,0.039270990457983664,0.04364447894770041,0.917084530594316
25604,LOF,0.035126840255145425,0.06401555887482685,0.9008576008700276
25605,LOF,0.012421948988617567,0.22580117406124406,0.7617768769501384
25606,GOF,0.05229882469532251,0.5391275178932917,0.4085736574113857
25607,LOF,0.0033701516991894195,0.12451193697197561,0.8721179113288349
25608,LOF,0.052456880902012504,0.04049745500831579,0.9070456640896717
25609,LOF,0.06420022229272977,0.28464217795108343,0.6511575997561868
25610,LOF,0.04443101552787468,0.018729383562453062,0.9368396009096722
25611,LOF,0.05963540412377341,0.014888235713530111,0.9254763601626965
25612,LOF,0.11870596548432422,0.035021138469498635,0.8462728960461771
25613,LOF,0.0998703932080482,0.03091992014556946,0.8692096866463823
25614,LOF,0.03974165864694748,0.029056948913322323,0.9312013924397302
25615,LOF,0.08556448401485098,0.0335380499054477,0.8808974660797014
25616,LOF,0.03848203081803229,0.036268603749030605,0.9252493654329371
25617,LOF,0.05126486081569033,0.030471929884622644,0.918263209299687
25618,LOF,0.2688315243047561,0.027007688551337623,0.7041607871439063
25619,LOF,0.04205248724757123,0.03003479313241092,0.9279127196200179
25620,LOF,0.03473581072159047,0.04498523122077863,0.9202789580576309
25621,LOF,0.04390004392392347,0.029950455531805746,0.9261495005442707
25622,LOF,0.03223969563126829,0.043396160062604064,0.9243641443061278
25623,LOF,0.05331178100021933,0.033740962552249176,0.9129472564475314
25624,LOF,0.04177307502287719,0.0329193218584277,0.9253076031186952
25625,LOF,0.045059668877724154,0.04654503335748833,0.9083952977647876
25626,LOF,0.07402589791980423,0.02910765666846466,0.8968664454117311
25627,Neutral,0.5797430965103765,0.13814629726071434,0.28211060622890916
25628,LOF,0.21570500639898976,0.07131353771407763,0.7129814558869326
25629,LOF,0.057936677072389496,0.09792875847580775,0.8441345644518027
25630,LOF,0.19435254652628256,0.09853709699126408,0.7071103564824534
25631,Neutral,0.590052615162599,0.08287846339054064,0.3270689214468604
25632,LOF,0.016492609048858308,0.1578876501858137,0.8256197407653281
25633,LOF,0.2094470673437158,0.22215378717000683,0.5683991454862773
25634,LOF,0.03404865476203938,0.2205364648373816,0.7454148804005789
25635,LOF,0.032571010575398185,0.16305039866563642,0.8043785907589653
25636,GOF,0.004328005733169561,0.5725121240244463,0.42315987024238416
25637,LOF,0.0034629878759599142,0.4251777962438094,0.5713592158802306
25638,LOF,0.00676841799980747,0.39808041240305214,0.5951511695971403
25639,LOF,0.004527610493248299,0.3280708996492299,0.6674014898575218
25640,GOF,0.30958787738189464,0.6370154656317906,0.05339665698631484
25641,LOF,0.0065914917823746925,0.21352164851366434,0.779886859703961
25642,LOF,0.24921645347538296,0.06307723531365539,0.6877063112109616
25643,LOF,0.23432773987892544,0.10399388098954195,0.6616783791315326
25644,GOF,0.015317591001105605,0.60175474660883,0.3829276623900644
25645,GOF,0.010326692731916874,0.5758882812319398,0.41378502603614337
25646,LOF,0.011147506010854413,0.3800301886409937,0.6088223053481518
25647,LOF,0.01092483864537069,0.314362434966901,0.6747127263877283
25648,LOF,0.007345415493234765,0.37009277388087597,0.6225618106258892
25649,LOF,0.007998216860229952,0.1750549094031469,0.8169468737366231
25650,GOF,0.025868143820630483,0.5150075228362018,0.45912433334316777
25651,LOF,0.006963006837780599,0.22482585479040723,0.7682111383718121
25652,LOF,0.013763105762888368,0.3248383587164346,0.661398535520677
25653,GOF,0.05004562595476697,0.5111236119753422,0.4388307620698908
25654,LOF,0.008536130575101539,0.3971324426833383,0.5943314267415601
25655,GOF,0.09034630268530278,0.49296689398400395,0.41668680333069325
25656,LOF,0.08031995200917248,0.07490296634932442,0.8447770816415031
25657,LOF,0.2647121772902339,0.02746855251034298,0.707819270199423
25658,LOF,0.03127580918460427,0.11614110604932266,0.852583084766073
25659,LOF,0.24545641179472458,0.08705108711929292,0.6674925010859825
25660,LOF,0.10453578060489478,0.06539068613201565,0.8300735332630895
25661,LOF,0.0637888967937863,0.06355791474091416,0.8726531884652995
25662,LOF,0.04163186830008827,0.05322412278312366,0.905144008916788
25663,LOF,0.04144718426556349,0.11596894131101598,0.8425838744234204
25664,LOF,0.028651566692863905,0.21254830660759433,0.7588001266995418
25665,LOF,0.042571881284446306,0.05282306169160525,0.9046050570239484
25666,LOF,0.04059825072898571,0.21649772211345308,0.7429040271575612
25667,LOF,0.040168537819847715,0.04203407397585772,0.9177973882042947
25668,LOF,0.051133238925971894,0.0478286606508772,0.9010381004231509
25669,LOF,0.03910526956968003,0.07150541136532468,0.8893893190649953
25670,LOF,0.07688759998159783,0.1077682882804375,0.8153441117379647
25671,LOF,0.051101538123254714,0.045581627973231995,0.9033168339035134
25672,LOF,0.048431037675742916,0.0565399499878362,0.895029012336421
25673,LOF,0.038749205352241155,0.09981226352997981,0.8614385311177791
25674,LOF,0.0278919313504402,0.11909530213393471,0.8530127665156251
25675,LOF,0.03444406895671967,0.07225354163593667,0.8933023894073436
25676,LOF,0.03809607396890697,0.0595772392437749,0.9023266867873181
25677,LOF,0.08150537030705468,0.04533212756444075,0.8731625021285045
25678,LOF,0.1910529412901856,0.04615782847650434,0.76278923023331
25679,LOF,0.11229655419611458,0.07118019796844816,0.8165232478354372
25680,LOF,0.10916523018486939,0.07628766442970823,0.8145471053854224
25681,LOF,0.11635113753603671,0.06974578059555327,0.81390308186841
25682,LOF,0.04484019220090782,0.0457064419570889,0.9094533658420033
25683,LOF,0.07920673384812534,0.0879884517210394,0.8328048144308353
25684,LOF,0.058310061284543836,0.0561395026101334,0.8855504361053228
25685,LOF,0.12100971050817193,0.060358368086583805,0.8186319214052442
25686,LOF,0.027654966215009298,0.09316627532765377,0.879178758457337
25687,LOF,0.045804572205004244,0.1014920433106028,0.852703384484393
25688,LOF,0.021591455025165653,0.13399160562445522,0.8444169393503792
25689,LOF,0.012416898196755462,0.07334255734880295,0.9142405444544415
25690,LOF,0.0177283866844918,0.0771849520364361,0.9050866612790721
25691,LOF,0.14012976673090632,0.11573844105191862,0.744131792217175
25692,LOF,0.2869410331550701,0.013737246331671896,0.699321720513258
25693,GOF,0.028157382154565466,0.5073130450427845,0.46452957280265
25694,LOF,0.24326335428930942,0.012405739163705798,0.7443309065469847
25695,LOF,0.1729864627920546,0.017505380098167184,0.8095081571097782
25696,LOF,0.07841317722126251,0.018765309554399354,0.902821513224338
25697,LOF,0.06754627930651874,0.015996163260167406,0.9164575574333138
25698,LOF,0.01676655859393876,0.2926491617528347,0.6905842796532266
25699,LOF,0.07612789921627879,0.3532464582060814,0.5706256425776398
25700,LOF,0.04371554790917856,0.024459268963059177,0.9318251831277622
25701,LOF,0.010578960193503672,0.2845884630458527,0.7048325767606436
25702,GOF,0.03179554103224529,0.6125621026487763,0.3556423563189785
25703,LOF,0.01629432684071987,0.0663853174712959,0.9173203556879842
25704,LOF,0.0706050440099262,0.03787933789125254,0.8915156180988212
25705,LOF,0.08047875318943555,0.18077736344815695,0.7387438833624076
25706,GOF,0.019551503185163133,0.6307676122765802,0.34968088453825663
25707,GOF,0.026517981394498222,0.5623168699085731,0.41116514869692866
25708,GOF,0.007039191456295239,0.5082432707280984,0.48471753781560634
25709,LOF,0.03961542759998272,0.06512652087921889,0.8952580515207983
25710,LOF,0.006860702644266731,0.1265915630693427,0.8665477342863905
25711,LOF,0.036452751709625426,0.12032314067783435,0.8432241076125403
25712,LOF,0.009832710787572805,0.1929174494998768,0.7972498397125504
25713,LOF,0.03157991005106591,0.11642842730127921,0.8519916626476548
25714,LOF,0.03171542711104701,0.15260812783931568,0.8156764450496373
25715,LOF,0.0363300667818652,0.13062426704149996,0.8330456661766348
25716,LOF,0.005924740808227926,0.12162614329655591,0.8724491158952162
25717,LOF,0.005926864386013858,0.11880145103506365,0.8752716845789225
25718,LOF,0.03209151762584685,0.08648775795570461,0.8814207244184485
25719,LOF,0.034359041332607095,0.11538904137345092,0.850251917293942
25720,LOF,0.028694162563215532,0.13434546321662644,0.8369603742201581
25721,LOF,0.033217976202760395,0.1196148277013737,0.847167196095866
25722,LOF,0.025248187237418816,0.13583471982787024,0.838917092934711
25723,LOF,0.03882023980471493,0.11475805118021949,0.8464217090150655
25724,LOF,0.05355135517587537,0.25772062768186704,0.6887280171422576
25725,LOF,0.04753027789456117,0.0909055896086716,0.8615641324967673
25726,LOF,0.029060162306720747,0.11621492541701547,0.8547249122762637
25727,LOF,0.03969776841414518,0.09523742863242605,0.8650648029534287
25728,LOF,0.03374398641135383,0.12258980043994848,0.8436662131486978
25729,LOF,0.03909329065693943,0.12273430538696353,0.838172403956097
25730,LOF,0.046545699910059773,0.08360351524034133,0.869850784849599
25731,LOF,0.009488410298946936,0.09705302162089152,0.8934585680801616
25732,LOF,0.02444878184335026,0.05869496895966166,0.916856249196988
25733,LOF,0.031055413485437083,0.07323617058582989,0.8957084159287331
25734,LOF,0.005757260905214539,0.28534006805268297,0.7089026710421026
25735,LOF,0.02970672920942382,0.08860243441825254,0.8816908363723237
25736,LOF,0.027808371944179764,0.15122300211470602,0.8209686259411143
25737,LOF,0.04879916697456666,0.10175126653375786,0.8494495664916756
25738,LOF,0.03510547631748601,0.18084110735100048,0.7840534163315135
25739,LOF,0.02980936982966274,0.12964417018457872,0.8405464599857586
25740,LOF,0.05066980511812868,0.12727814759152437,0.8220520472903469
25741,LOF,0.05028274996504171,0.10789363882334344,0.8418236112116149
25742,LOF,0.055062757353524595,0.1267948302090795,0.8181424124373959
25743,LOF,0.013099811738995153,0.01750862988341914,0.9693915583775858
25744,LOF,0.22074834822517497,0.1486807270610081,0.6305709247138169
25745,LOF,0.037272152880969016,0.07132484327486158,0.8914030038441694
25746,LOF,0.01393033001302989,0.09860460952745716,0.887465060459513
25747,LOF,0.053752618817302665,0.0245484127348723,0.9216989684478251
25748,LOF,0.3300698033709288,0.06447921112760537,0.6054509855014658
25749,LOF,0.018001464424790753,0.05051613022467789,0.9314824053505313
25750,LOF,0.019183046860145055,0.059600269795178476,0.9212166833446765
25751,LOF,0.04697858475118907,0.05450356985280118,0.8985178453960097
25752,GOF,0.09258425797515259,0.6211990722674726,0.28621666975737486
25753,LOF,0.0057092136840072565,0.3404247198721048,0.653866066443888
25754,GOF,0.007460903817649815,0.8802224913980836,0.1123166047842666
25755,LOF,0.0070995503989724346,0.3643028783192778,0.6285975712817498
25756,LOF,0.02118454649876687,0.4208374286912251,0.557978024810008
25757,GOF,0.007331015177879865,0.852096338786562,0.14057264603555808
25758,GOF,0.008087820759828966,0.8990904821577711,0.09282169708239996
25759,GOF,0.005968504313311948,0.6788198100476909,0.3152116856389972
25760,LOF,0.0057705908598934385,0.2806232895164846,0.7136061196236221
25761,GOF,0.04946673085389536,0.8780336184660535,0.07249965068005118
25762,LOF,0.023898555325884568,0.3490271501063947,0.6270742945677208
25763,LOF,0.005360705670095928,0.2696994331128263,0.7249398612170778
25764,GOF,0.06940010702823318,0.6989699061767028,0.23162998679506402
25765,GOF,0.011348950868511145,0.8960429804300918,0.09260806870139707
25766,GOF,0.027720401623264352,0.8473713436738043,0.1249082547029314
25767,LOF,0.013852159144555214,0.45911018290290545,0.5270376579525393
25768,LOF,0.06493480950959395,0.03884735797270284,0.8962178325177033
25769,LOF,0.02867423063514437,0.09480431635821397,0.8765214530066417
25770,LOF,0.13108778652591968,0.20299617665853,0.6659160368155502
25771,LOF,0.018359125324717177,0.09584614741632873,0.885794727258954
25772,LOF,0.038192770462507526,0.05285932213030933,0.9089479074071832
25773,LOF,0.01491394756351769,0.10523093754576057,0.8798551148907218
25774,LOF,0.020851180939066582,0.288307920638146,0.6908408984227874
25775,LOF,0.019561082628185372,0.05235711341765641,0.9280818039541582
25776,LOF,0.03462011828255658,0.03735368907413247,0.928026192643311
25777,LOF,0.25064246426097103,0.19485953171063253,0.5544980040283964
25778,LOF,0.02677140314122128,0.10855375805882403,0.8646748387999547
25779,GOF,0.05346894292751318,0.8178190477275293,0.1287120093449575
25780,GOF,0.0698510956492062,0.8269452096286254,0.1032036947221685
25781,GOF,0.03228178798487278,0.7920636318028196,0.17565458021230754
25782,GOF,0.033286491821017464,0.8627208031306358,0.10399270504834673
25783,GOF,0.05097672068088258,0.8609634535293754,0.08805982578974192
25784,GOF,0.09918231836177638,0.8206290115635815,0.08018867007464224
25785,GOF,0.13507654456960308,0.8053590415991427,0.0595644138312542
25786,GOF,0.01278043673207225,0.7402559213512331,0.24696364191669468
25787,GOF,0.29373544775243626,0.6335514223780424,0.07271312986952132
25788,LOF,0.021494113408991527,0.10826544426250173,0.8702404423285067
25789,GOF,0.02011294851480285,0.8375447892983455,0.1423422621868516
25790,GOF,0.030006872072060292,0.8116522478439974,0.1583408800839424
25791,GOF,0.030825733043753415,0.6127505274469771,0.3564237395092695
25792,GOF,0.03858700433761701,0.7053101596678149,0.2561028359945681
25793,GOF,0.056648766175653856,0.7711372028033807,0.17221403102096527
25794,GOF,0.051916052390669695,0.5923048718856613,0.355779075723669
25795,GOF,0.05838172381853727,0.6526691820907295,0.2889490940907331
25796,GOF,0.15706928370359421,0.6583799870348029,0.18455072926160282
25797,GOF,0.08355243066808889,0.6413200245522814,0.27512754477962964
25798,GOF,0.007867521238845899,0.7790337549492216,0.21309872381193257
25799,GOF,0.005083564622442503,0.6630347459820577,0.33188168939549983
25800,GOF,0.025479008524472803,0.824353627008167,0.15016736446736031
25801,GOF,0.025422233114791467,0.8087097358015061,0.16586803108370246
25802,GOF,0.02984152566386103,0.7285948813054403,0.24156359303069871
25803,GOF,0.02369317054698123,0.66720292904792,0.30910390040509883
25804,GOF,0.03913459105143453,0.6813793196226349,0.2794860893259306
25805,GOF,0.031153425681852646,0.73503154586595,0.23381502845219723
25806,GOF,0.039883600826255056,0.7458671874267587,0.21424921174698633
25807,GOF,0.016107927113341594,0.6747772254854693,0.3091148474011891
25808,GOF,0.029542128603193867,0.7442964112047505,0.22616146019205566
25809,GOF,0.016307418366291498,0.6616307716811214,0.32206180995258704
25810,GOF,0.014910974542240706,0.6554024140605526,0.32968661139720684
25811,GOF,0.077098383427511,0.8274487662117194,0.09545285036076964
25812,GOF,0.03773831255347139,0.740668248417088,0.22159343902944068
25813,GOF,0.19948055360175887,0.682987299383394,0.11753214701484717
25814,GOF,0.03582049894664706,0.7320365141329392,0.23214298692041377
25815,GOF,0.062490745699426545,0.7847663755395882,0.15274287876098538
25816,GOF,0.009389475387814575,0.8214581691239696,0.16915235548821578
25817,GOF,0.10995536583386276,0.7078959688547573,0.18214866531137996
25818,GOF,0.030971100427590267,0.7825751045355507,0.18645379503685905
25819,GOF,0.05565608429847589,0.690920643291099,0.25342327241042506
25820,GOF,0.05171097963507181,0.6145087808438451,0.33378023952108304
25821,GOF,0.036049900592871886,0.6738724594030281,0.2900776400041
25822,GOF,0.07224520213004035,0.6618133513825171,0.26594144648744256
25823,GOF,0.03880344981438409,0.6619527579026173,0.2992437922829986
25824,GOF,0.027927618945054914,0.7291311253094741,0.24294125574547099
25825,GOF,0.021331644501074384,0.7255634353183591,0.2531049201805666
25826,GOF,0.01187923831793412,0.6570192836668034,0.33110147801526246
25827,GOF,0.018333872173221064,0.6941802948248016,0.28748583300197733
25828,GOF,0.012617115268057238,0.7164757805384849,0.2709071041934579
25829,GOF,0.004488539456595344,0.565992977292445,0.42951848325095965
25830,LOF,0.0628602025766411,0.38301856494751174,0.5541212324758471
25831,GOF,0.07385662195979877,0.7678353160418554,0.15830806199834585
25832,GOF,0.010062722159366398,0.7021934448364417,0.28774383300419176
25833,GOF,0.030519937648016193,0.8008337094389207,0.168646352913063
25834,GOF,0.01042176823211184,0.735396978843859,0.25418125292402916
25835,GOF,0.027842987558475352,0.8244944157015629,0.1476625967399618
25836,GOF,0.008053130530945059,0.7412181303164738,0.2507287391525812
25837,GOF,0.011101366092010644,0.7455427023714888,0.2433559315365005
25838,GOF,0.021578152915408263,0.8185466036532085,0.15987524343138304
25839,GOF,0.05880978303497888,0.7554459944182439,0.1857442225467771
25840,GOF,0.09101952377899546,0.7228658823731748,0.1861145938478298
25841,GOF,0.07729352276805604,0.7841920507887841,0.13851442644315998
25842,GOF,0.02572197831588595,0.8639785201163731,0.11029950156774092
25843,GOF,0.023774560255118225,0.866204320797015,0.11002111894786681
25844,GOF,0.021147278514026816,0.8207012339513237,0.15815148753464958
25845,GOF,0.007506249341265629,0.7052827600660462,0.2872109905926883
25846,GOF,0.06861906043377142,0.8415322675411533,0.08984867202507542
25847,GOF,0.017135732867297627,0.8422512460597774,0.14061302107292498
25848,GOF,0.019747934584735678,0.7855042746119486,0.19474779080331578
25849,GOF,0.007407558625669053,0.7699167034724447,0.2226757379018863
25850,GOF,0.007775631466367136,0.6725532309885128,0.31967113754512
25851,GOF,0.006774299790972406,0.6048649085665292,0.3883607916424985
25852,GOF,0.15484705910091037,0.47031925108003697,0.3748336898190527
25853,GOF,0.06528872010409936,0.7511841348664968,0.1835271450294037
25854,GOF,0.007661951281123212,0.6522898513443292,0.3400481973745476
25855,GOF,0.023216160278620144,0.5739567758259208,0.402827063895459
25856,GOF,0.04939773055555128,0.7068199019242454,0.2437823675202034
25857,GOF,0.023551171208305525,0.5667631628263934,0.409685665965301
25858,GOF,0.008527343524525173,0.5514654771250793,0.44000717935039557
25859,GOF,0.00589824247593149,0.5249724014566213,0.46912935606744716
25860,GOF,0.07874549796318284,0.6638693995428893,0.25738510249392793
25861,GOF,0.10177927195389704,0.7643688138249369,0.13385191422116605
25862,GOF,0.021587836486329018,0.8782964122893272,0.10011575122434377
25863,GOF,0.01952732541666989,0.8521389582904049,0.12833371629292525
25864,GOF,0.03270048840857145,0.8823165022376752,0.0849830093537533
25865,GOF,0.03597170149551099,0.8705809248652814,0.09344737363920767
25866,GOF,0.019159890560150532,0.8575381030972711,0.12330200634257843
25867,GOF,0.038943100712261675,0.8626213921070592,0.09843550718067916
25868,GOF,0.07472534281686058,0.7482232238235589,0.17705143335958054
25869,GOF,0.3327968500744847,0.541633412855222,0.1255697370702933
25870,LOF,0.07742003788690752,0.45202513357712837,0.4705548285359641
25871,GOF,0.011113971808592029,0.6936455486523031,0.295240479539105
25872,GOF,0.023935735502756635,0.7229891769454918,0.2530750875517515
25873,GOF,0.022378775639609817,0.8199943244671473,0.15762689989324294
25874,LOF,0.026896250685982854,0.13166076854045375,0.8414429807735634
25875,LOF,0.020788566634388588,0.18269379187504572,0.7965176414905657
25876,LOF,0.024823833643497998,0.055131110533792646,0.9200450558227095
25877,LOF,0.07432005148925111,0.2955061084606894,0.6301738400500595
25878,LOF,0.04945407053868665,0.3527832075929902,0.597762721868323
25879,LOF,0.009695599548770651,0.2191220579946648,0.7711823424565646
25880,LOF,0.04588450739585321,0.025168308974808495,0.9289471836293384
25881,Neutral,0.42061535846390624,0.4052422596456822,0.1741423818904116
25882,LOF,0.03530871264533629,0.12133672674357966,0.843354560611084
25883,LOF,0.03002164447232338,0.11670697246728462,0.853271383060392
25884,LOF,0.012264265412529028,0.16217961133577694,0.825556123251694
25885,LOF,0.13716233317462548,0.048493354104839445,0.8143443127205351
25886,LOF,0.2315886620059829,0.2632697216175483,0.5051416163764688
25887,GOF,0.04081629069950796,0.5638771046636313,0.3953066046368607
25888,LOF,0.004871031092655114,0.4464438443504784,0.5486851245568665
25889,LOF,0.02024222961354003,0.13523501512007605,0.8445227552663839
25890,LOF,0.2113202305558711,0.2814334670400635,0.5072463024040654
25891,LOF,0.1043655918173582,0.10561782297031451,0.7900165852123272
25892,LOF,0.006802661588405319,0.03142946683634419,0.9617678715752503
25893,LOF,0.25446813622797665,0.012319119675740857,0.7332127440962825
25894,LOF,0.29817861490895764,0.008337948181944149,0.6934834369090982
25895,LOF,0.2847349603391873,0.01573747136123109,0.6995275682995816
25896,LOF,0.0732381070155459,0.039231299874374875,0.8875305931100793
25897,LOF,0.08824065781149666,0.017200250091510688,0.8945590920969926
25898,LOF,0.10612769431017698,0.042474198128504205,0.8513981075613187
25899,LOF,0.38709032949888017,0.04363157246904796,0.5692780980320719
25900,Neutral,0.7525333091333066,0.012393174214291385,0.23507351665240203
25901,LOF,0.06081043476902998,0.01115389700107834,0.9280356682298916
25902,LOF,0.07904052999897632,0.00925908895758465,0.9117003810434391
25903,LOF,0.1520892867132505,0.04302820338865187,0.8048825098980977
25904,Neutral,0.464022199584782,0.10331239810681109,0.4326654023084069
25905,LOF,0.009394410082429278,0.3431379248175742,0.6474676650999964
25906,LOF,0.010004314509445549,0.035674434845033604,0.9543212506455208
25907,LOF,0.008138043748600379,0.22147008493335665,0.7703918713180431
25908,LOF,0.008670737015846282,0.19411337193258685,0.7972158910515669
25909,LOF,0.04123344588085727,0.06229626615896972,0.8964702879601729
25910,LOF,0.014942882240171347,0.10092634555905962,0.884130772200769
25911,LOF,0.16397868375016833,0.08198838829679204,0.7540329279530397
25912,LOF,0.12986792199666244,0.022766185440991644,0.8473658925623458
25913,LOF,0.012972648203913502,0.08733769632775587,0.8996896554683306
25914,LOF,0.04331762318276187,0.025771567138356436,0.9309108096788816
25915,LOF,0.1942857179008967,0.39296054285211723,0.4127537392469861
25916,LOF,0.014812338254657036,0.1876813960182931,0.7975062657270499
25917,LOF,0.06981440248727855,0.034595881685486496,0.8955897158272349
25918,LOF,0.047117098396313443,0.016874724728533085,0.9360081768751534
25919,LOF,0.044007763545057456,0.017823981517578986,0.9381682549373636
25920,LOF,0.2965650905000301,0.33969851648628546,0.3637363930136845
25921,LOF,0.025432215800062368,0.032846726372611684,0.9417210578273258
25922,LOF,0.023802645257445947,0.026286226190048743,0.9499111285525054
25923,LOF,0.4515529915895031,0.022517641232388773,0.5259293671781081
25924,LOF,0.031589933617248205,0.031650048322188415,0.9367600180605634
25925,LOF,0.12750982607909028,0.045345346306824276,0.8271448276140855
25926,LOF,0.10494860541484918,0.031933363071149086,0.8631180315140018
25927,LOF,0.02724955676555252,0.06336378545043544,0.909386657784012
25928,LOF,0.018142784253072253,0.018522000441494657,0.9633352153054332
25929,Neutral,0.5897048495978386,0.02231158268079471,0.38798356772136666
25930,LOF,0.06287794011620258,0.020727360139245588,0.9163946997445519
25931,LOF,0.016942157984848268,0.0205797534170639,0.9624780885980878
25932,LOF,0.09139023495886403,0.013301661999889912,0.8953081030412461
25933,LOF,0.0938237773139014,0.01036321810567647,0.8958130045804221
25934,LOF,0.09150015267145004,0.011453727771469835,0.8970461195570801
25935,LOF,0.1204787252867707,0.033925410339565885,0.8455958643736634
25936,LOF,0.09513215361458856,0.010724477648409454,0.8941433687370021
25937,LOF,0.018996696041419507,0.019324725621702867,0.9616785783368778
25938,LOF,0.12120993061288989,0.03151945609073107,0.847270613296379
25939,LOF,0.0617321561643034,0.018205952087065044,0.9200618917486315
25940,GOF,0.009181517422856484,0.4975099004802353,0.49330858209690814
25941,Neutral,0.5022565508537132,0.13495745463837094,0.3627859945079159
25942,LOF,0.008536231581188125,0.16837311000457753,0.8230906584142343
25943,GOF,0.03154030398784833,0.5758767761433152,0.39258291986883637
25944,LOF,0.037494445501125226,0.4626120700342927,0.4998934844645821
25945,LOF,0.1163817745334404,0.10256724549380514,0.7810509799727544
25946,LOF,0.09289587228382651,0.0645393782141365,0.842564749502037
25947,Neutral,0.4651191775179071,0.18479339260724603,0.3500874298748469
25948,Neutral,0.4997708836642655,0.02217291307922468,0.4780562032565098
25949,LOF,0.10303618886942748,0.0535873014011316,0.8433765097294409
25950,GOF,0.0390581965492549,0.7487521119372673,0.21218969151347777
25951,GOF,0.013299488071560974,0.5686618031716971,0.41803870875674176
25952,LOF,0.10459642340397565,0.4384698752805906,0.4569337013154337
25953,LOF,0.0070049255138580875,0.4006568671740754,0.5923382073120665
25954,GOF,0.0374388933017613,0.6235445045813853,0.33901660211685336
25955,LOF,0.006764700971361927,0.36828005383881635,0.6249552451898218
25956,LOF,0.010993877484007365,0.2565656200234751,0.7324405024925176
25957,LOF,0.2395291104873657,0.0204530681492159,0.7400178213634184
25958,LOF,0.02800106259171898,0.06706721448292163,0.9049317229253594
25959,GOF,0.004932753893416307,0.6147483819891969,0.3803188641173868
25960,LOF,0.005117417426971135,0.10363424103647861,0.8912483415365502
25961,LOF,0.02808173885532631,0.06329467912425348,0.9086235820204202
25962,LOF,0.04075520961214234,0.13103016781947663,0.828214622568381
25963,LOF,0.009306910714907425,0.2652170521887989,0.7254760370962937
25964,LOF,0.052351095212872865,0.11475701199308622,0.832891892794041
25965,LOF,0.1554412048729939,0.22208282294612144,0.6224759721808846
25966,LOF,0.32548558779607445,0.24460787038348256,0.4299065418204429
25967,LOF,0.008218718040125875,0.05385647970297531,0.9379248022568988
25968,LOF,0.06368877519632275,0.23661667327637712,0.6996945515273002
25969,LOF,0.1311636915585511,0.03260796643603357,0.8362283420054154
25970,LOF,0.043936287980742686,0.17422352815131903,0.7818401838679384
25971,LOF,0.06668631529056565,0.07608166535323457,0.8572320193561997
25972,LOF,0.06782581386317393,0.09505742420681516,0.8371167619300109
25973,LOF,0.08186574289874163,0.006538418419629545,0.9115958386816289
25974,LOF,0.07968373452567365,0.058514251867708256,0.8618020136066181
25975,LOF,0.0346576533531254,0.0112094035796419,0.9541329430672328
25976,LOF,0.09530024448559185,0.006806850868096998,0.8978929046463112
25977,LOF,0.20234754711462635,0.08591940477363154,0.7117330481117421
25978,LOF,0.1545478362805461,0.15570314472262242,0.6897490189968315
25979,LOF,0.11834508835867713,0.15513389359915247,0.7265210180421705
25980,LOF,0.17826750232530367,0.29176461293450123,0.5299678847401951
25981,LOF,0.18157479156800269,0.3020624585122011,0.5163627499197961
25982,LOF,0.26600533336757026,0.14954505919866293,0.5844496074337668
25983,Neutral,0.47020022842665493,0.15347112408528477,0.37632864748806033
25984,LOF,0.04447331825678008,0.20092443417294373,0.7546022475702763
25985,Neutral,0.4225950904128694,0.25427104066249173,0.32313386892463875
25986,GOF,0.008808827687086008,0.537975825376929,0.45321534693598503
25987,LOF,0.02451782667248952,0.12673299762463536,0.8487491757028752
25988,LOF,0.03416475777860866,0.3224142659198871,0.6434209763015042
25989,LOF,0.038883895259974044,0.2805236456987064,0.6805924590413196
25990,LOF,0.04643759272268246,0.4399850366852283,0.5135773705920893
25991,GOF,0.04196565228174824,0.6057876624590932,0.3522466852591587
25992,LOF,0.0167086595635317,0.3609145482845381,0.6223767921519302
25993,LOF,0.0283850806492605,0.09188625519574939,0.8797286641549901
25994,LOF,0.0333178356079123,0.10387422386593179,0.862807940526156
25995,LOF,0.02192794931847607,0.18881892731549335,0.7892531233660306
25996,GOF,0.4246299849397046,0.4408971752681243,0.13447283979217106
25997,GOF,0.08835432309637593,0.66543063853797,0.24621503836565406
25998,LOF,0.250437015990779,0.04103817024594209,0.7085248137632788
25999,LOF,0.024562447541541216,0.4240973605938601,0.5513401918645987
26000,LOF,0.14469441073740644,0.01748801400282926,0.8378175752597643
26001,LOF,0.14084811869173772,0.03865111113705427,0.820500770171208
26002,LOF,0.0932831358705483,0.025512018477808672,0.8812048456516429
26003,GOF,0.006506725014021674,0.5963333250405155,0.3971599499454629
26004,GOF,0.01502546002554241,0.5707176265440157,0.41425691343044185
26005,GOF,0.005735238699788111,0.5067400575546999,0.48752470374551193
26006,GOF,0.09290695323118044,0.5620968436946866,0.344996203074133
26007,GOF,0.009294930955791198,0.5740240680176707,0.41668100102653804
26008,GOF,0.006084121859619672,0.605343131686268,0.38857274645411244
26009,GOF,0.012109819193048958,0.6289801706403771,0.3589100101665738
26010,GOF,0.008789739192853524,0.5523638718059913,0.43884638900115525
26011,LOF,0.0064205335125063255,0.45229358642666045,0.5412858800608332
26012,GOF,0.005714913753487934,0.5488639851682039,0.4454211010783082
26013,LOF,0.010698815150490008,0.48564935733677206,0.503651827512738
26014,LOF,0.04996136540377207,0.083373656310705,0.866664978285523
26015,LOF,0.3545335049390923,0.05799426409076761,0.58747223097014
26016,LOF,0.23344692940976977,0.1418419852541795,0.6247110853360507
26017,LOF,0.013944150681713827,0.41284847194753604,0.5732073773707501
26018,LOF,0.02003299129558626,0.15633767472416274,0.8236293339802511
26019,LOF,0.019874706547506442,0.12540999540757908,0.8547152980449144
26020,LOF,0.00614983188795639,0.39051780907023526,0.6033323590418083
26021,LOF,0.07238931662785641,0.26940305179835905,0.6582076315737845
26022,LOF,0.04527613423263478,0.07496848408528353,0.8797553816820817
26023,LOF,0.030074752922822596,0.11907733277296358,0.8508479143042138
26024,LOF,0.04231118191959845,0.18202635899122205,0.7756624590891795
26025,LOF,0.1281238700833912,0.14943781350877064,0.7224383164078381
26026,LOF,0.1258330616257432,0.1035390351676453,0.7706279032066116
26027,LOF,0.029328181853218737,0.07674582171171744,0.8939259964350638
26028,LOF,0.06816375330356285,0.23881050289938124,0.6930257437970558
26029,LOF,0.03913646496076712,0.1207057565898965,0.8401577784493363
26030,LOF,0.1458675746850969,0.010201844330398096,0.843930580984505
26031,LOF,0.018599859414315446,0.1259330750883196,0.855467065497365
26032,LOF,0.028856093081105844,0.020215117061729744,0.9509287898571643
26033,LOF,0.04656116038292264,0.036994612144178804,0.9164442274728984
26034,LOF,0.026872217649512104,0.07468449620621084,0.8984432861442769
26035,LOF,0.014837269912570752,0.0897175315853632,0.8954451985020659
26036,LOF,0.014493464508760535,0.07051405013446843,0.9149924853567711
26037,LOF,0.013330828255478768,0.0693976262332218,0.9172715455112993
26038,LOF,0.02438433270766782,0.019810594589912748,0.9558050727024193
26039,LOF,0.034697215309807586,0.10815760334567412,0.8571451813445182
26040,LOF,0.07115915899676024,0.15398488818406872,0.7748559528191712
26041,LOF,0.016556539210339033,0.08305550364600608,0.9003879571436549
26042,LOF,0.014964726896334376,0.09439476657485199,0.8906405065288135
26043,LOF,0.02414648728630922,0.0423412449442221,0.9335122677694686
26044,LOF,0.008725512088686178,0.041274330521186994,0.9500001573901269
26045,LOF,0.0880602475093606,0.23066820140649685,0.6812715510841426
26046,LOF,0.023887044835720496,0.045388930612917315,0.9307240245513623
26047,LOF,0.05893734858191413,0.03846767972825826,0.9025949716898275
26048,LOF,0.08575871462421658,0.02144996508686833,0.8927913202889151
26049,Neutral,0.9303963251263421,0.006133472154319568,0.06347020271933833
26050,Neutral,0.8852848992449073,0.007600466618614317,0.10711463413647833
26051,LOF,0.030994758258468202,0.3019951504414627,0.667010091300069
26052,LOF,0.03233032508437795,0.21285536422315618,0.7548143106924659
26053,LOF,0.035827218860007136,0.06339066100645056,0.9007821201335423
26054,LOF,0.04876385825367197,0.08780504691434353,0.8634310948319845
26055,LOF,0.051782907678024806,0.07683983904045047,0.8713772532815246
26056,LOF,0.049161809099854306,0.0799265458943903,0.8709116450057554
26057,LOF,0.054413852268911565,0.017564313497897974,0.9280218342331905
26058,LOF,0.06276803323423469,0.013916806432145929,0.9233151603336194
26059,LOF,0.2390436621796022,0.11121042322857894,0.6497459145918189
26060,LOF,0.015529677463328834,0.23866954584443623,0.7458007766922349
26061,LOF,0.012255843962413592,0.014330237658553692,0.9734139183790328
26062,LOF,0.006040546972889404,0.023697971993507483,0.970261481033603
26063,LOF,0.04746451885707486,0.016552956486417473,0.9359825246565076
26064,LOF,0.009838915513040418,0.015846544871252373,0.9743145396157072
26065,LOF,0.04451372338516344,0.02246061248970508,0.9330256641251314
26066,LOF,0.043762647145878734,0.01580591077230594,0.9404314420818154
26067,LOF,0.0482197794001493,0.01656532035444289,0.9352149002454079
26068,LOF,0.04598943509353483,0.05633732303907735,0.8976732418673877
26069,LOF,0.15412717978148108,0.05145074196579794,0.7944220782527209
26070,LOF,0.37080167643385026,0.032205420599402255,0.5969929029667476
26071,LOF,0.05195526599307254,0.01878512984078177,0.9292596041661456
26072,LOF,0.00844675370133371,0.025596457534963393,0.965956788763703
26073,LOF,0.04672538129375142,0.01632446803148137,0.9369501506747672
26074,Neutral,0.7015663105822884,0.02584603033966591,0.27258765907804583
26075,LOF,0.03532090691540534,0.043364029154462504,0.9213150639301321
26076,LOF,0.05448878029831406,0.02153479973342932,0.9239764199682566
26077,LOF,0.1592361855938857,0.021797241055988254,0.8189665733501261
26078,LOF,0.006971275058151313,0.029307356369668146,0.9637213685721806
26079,LOF,0.048837470037708386,0.043108526945328476,0.908054003016963
26080,LOF,0.04789838545053414,0.04323879397898548,0.9088628205704804
26081,LOF,0.04754869298695435,0.017387581067490644,0.935063725945555
26082,LOF,0.007286657013357626,0.024070116397948357,0.9686432265886941
26083,LOF,0.04236825993376343,0.04671629118390645,0.9109154488823301
26084,LOF,0.05835110939425425,0.02167676057523254,0.9199721300305133
26085,LOF,0.052324514376582,0.019053122404147794,0.9286223632192702
26086,LOF,0.03622167656673876,0.02531675229250407,0.9384615711407571
26087,LOF,0.042245538131993575,0.020876531901776938,0.9368779299662295
26088,LOF,0.008277148007528145,0.04253381977471197,0.94918903221776
26089,LOF,0.032571539977297836,0.06161198170012657,0.9058164783225756
26090,LOF,0.03195740065982585,0.050586607040969164,0.917455992299205
26091,LOF,0.04299089228939802,0.016666610518190093,0.9403424971924119
26092,LOF,0.05537983306607194,0.014996065463332596,0.9296241014705955
26093,LOF,0.06400046864807617,0.011404154939390015,0.9245953764125339
26094,LOF,0.039444406152003154,0.016682893906669407,0.9438726999413274
26095,LOF,0.011237772185566047,0.03547323084537272,0.9532889969690613
26096,LOF,0.28761450098156915,0.005954595625353768,0.7064309033930771
26097,LOF,0.0073198257212955245,0.06344962280541798,0.9292305514732866
26098,LOF,0.053320767827058274,0.04376871112790794,0.9029105210450337
26099,LOF,0.04905476152825793,0.049986928935104896,0.9009583095366372
26100,LOF,0.04905476152825793,0.049986928935104896,0.9009583095366372
26101,LOF,0.04193003008742288,0.0668673811146743,0.8912025887979029
26102,LOF,0.04677885103764236,0.02483501612144772,0.92838613284091
26103,Neutral,0.8608468766931829,0.055789073143536434,0.08336405016328062
26104,LOF,0.039716794729770626,0.11581464466405118,0.8444685606061781
26105,LOF,0.24011011355959844,0.27058076266385067,0.48930912377655084
26106,LOF,0.25396607061711696,0.17863569427318113,0.567398235109702
26107,LOF,0.01296687922893481,0.20650692700183787,0.7805261937692273
26108,LOF,0.1445538498050809,0.20918256649913178,0.6462635836957874
26109,LOF,0.046259405489590004,0.028619622443143294,0.9251209720672667
26110,Neutral,0.5462314785927675,0.036164330999284774,0.4176041904079477
26111,LOF,0.049035297185627415,0.21919628526902338,0.7317684175453492
26112,LOF,0.057120558870195785,0.03236992687474512,0.9105095142550591
26113,LOF,0.06278123453748737,0.059794065818886064,0.8774246996436266
26114,LOF,0.10940065119304267,0.024494456839502934,0.8661048919674543
26115,LOF,0.018696177407128974,0.18383371697880618,0.7974701056140648
26116,LOF,0.06867350142874874,0.07071168377555569,0.8606148147956956
26117,LOF,0.29592517768996396,0.06781644192779841,0.6362583803822376
26118,LOF,0.03594658358007272,0.026421308749775982,0.9376321076701514
26119,LOF,0.005965449702129397,0.096120427495417,0.8979141228024535
26120,LOF,0.029684135178280932,0.02401497495870995,0.9463008898630091
26121,LOF,0.003947615702667384,0.12344235309870373,0.8726100311986289
26122,LOF,0.004537133968210412,0.10159421179760054,0.893868654234189
