feature0,prediction,LoGoFunc_Neutral,LoGoFunc_GOF,LoGoFunc_LOF
25546,Neutral,0.7316039746103264,0.03457658195658446,0.23381944343308897
25547,Neutral,0.6095372514348026,0.06756857039210178,0.3228941781730956
25548,Neutral,0.5564143471899854,0.05166851441318281,0.39191713839683184
25549,Neutral,0.47875485198376627,0.05181027833490816,0.4694348696813257
25550,LOF,0.33435212925408675,0.09879064970838565,0.5668572210375277
25551,LOF,0.28628590024454204,0.10446955530119195,0.609244544454266
25552,LOF,0.20844285277397342,0.10177026297425977,0.6897868842517669
25553,Neutral,0.8179628650596017,0.028805628204429935,0.15323150673596833
25554,LOF,0.23144297583043916,0.09527713774593934,0.6732798864236216
25555,LOF,0.193180450834309,0.0851710334292389,0.7216485157364522
25556,LOF,0.3936127661548255,0.08009612892879794,0.5262911049163765
25557,LOF,0.19172914201421995,0.0890311221298213,0.7192397358559587
25558,LOF,0.22613135815601684,0.09901921678042241,0.6748494250635607
25559,LOF,0.362179665673037,0.09800572140923411,0.5398146129177289
25560,LOF,0.04986556324459899,0.1686104736703632,0.7815239630850378
25561,LOF,0.11284940448144593,0.2013067123413402,0.6858438831772139
25562,LOF,0.09951071158970601,0.07398205690963681,0.8265072315006572
25563,LOF,0.09520749914669198,0.09542120311558841,0.8093712977377197
25564,LOF,0.1871581928307034,0.16808153106513182,0.6447602761041648
25565,LOF,0.1629402908547338,0.10630319941771646,0.7307565097275498
25566,GOF,0.016310009295144846,0.7295122976338866,0.25417769307096855
25567,LOF,0.011719547683424916,0.16071971710027963,0.8275607352162955
25568,LOF,0.05053993794632934,0.07325744736791434,0.8762026146857563
25569,LOF,0.06413977637634441,0.0798674365559549,0.8559927870677008
25570,LOF,0.06139667680728882,0.11129045581971242,0.8273128673729987
25571,LOF,0.054099645324894315,0.10551402914664045,0.8403863255284654
25572,LOF,0.07191477730444,0.1461048079768548,0.7819804147187052
25573,LOF,0.028267290280812346,0.1070173225062494,0.8647153872129382
25574,LOF,0.01428741703703772,0.17822774685905501,0.8074848361039073
25575,LOF,0.0466489927205459,0.12683022211089065,0.8265207851685635
25576,LOF,0.01893378672484543,0.13669831874627006,0.8443678945288846
25577,LOF,0.013723950463764761,0.14808550768503184,0.8381905418512033
25578,LOF,0.23356447688907567,0.10012055074617386,0.6663149723647506
25579,LOF,0.2345082582071783,0.09883225889247661,0.666659482900345
25580,LOF,0.029878441483484435,0.09112157608444939,0.8789999824320661
25581,LOF,0.05510809097033621,0.08134013804336407,0.8635517709862998
25582,LOF,0.054626385017560064,0.07913639739387728,0.8662372175885626
25583,LOF,0.044787682177631634,0.10303177958648888,0.8521805382358794
25584,Neutral,0.48302323192234775,0.10387507516426886,0.4131016929133834
25585,LOF,0.031097095714750247,0.11789279657277177,0.851010107712478
25586,LOF,0.030277043871368977,0.09014966220332615,0.8795732939253049
25587,LOF,0.02928304612952083,0.08631463095796746,0.8844023229125118
25588,LOF,0.030846987833234016,0.1048028497484473,0.8643501624183186
25589,Neutral,0.6066159962283579,0.14111682307116924,0.2522671807004728
25590,LOF,0.027495108876645594,0.14688739373795873,0.8256174973853957
25591,LOF,0.10980871215796699,0.07167580225442084,0.8185154855876121
25592,LOF,0.09058566146064474,0.1541642036975493,0.7552501348418059
25593,LOF,0.019768809210480926,0.28890446006678144,0.6913267307227376
25594,LOF,0.034165800084517646,0.2367742148048691,0.7290599851106132
25595,LOF,0.048928008511813115,0.20065918543711142,0.7504128060510754
25596,LOF,0.06584298478198665,0.09946936734724594,0.8346876478707673
25597,LOF,0.050252948079957574,0.09654796737208773,0.8531990845479546
25598,LOF,0.043315469642647264,0.23037281013382235,0.7263117202235304
25599,GOF,0.009205132714960283,0.803855144450807,0.18693972283423282
25600,GOF,0.012992436273396956,0.5891251304717697,0.39788243325483336
25601,GOF,0.007245020965126757,0.5059442704573595,0.48681070857751385
25602,LOF,0.023581816133282932,0.04919450017190009,0.927223683694817
25603,LOF,0.053429558938362126,0.038927170391067675,0.9076432706705702
25604,LOF,0.052594093328349086,0.040937809409372236,0.9064680972622787
25605,LOF,0.012120810238603546,0.2273578251736075,0.7605213645877891
25606,LOF,0.09195957390902598,0.4301543586482147,0.4778860674427593
25607,LOF,0.005242468923646863,0.1620729771472443,0.8326845539291088
25608,LOF,0.05034309852366657,0.051805301222727994,0.8978516002536053
25609,LOF,0.032586897579826885,0.37826630271360856,0.5891467997065646
25610,LOF,0.040936423495332254,0.03246044934751,0.9266031271571578
25611,LOF,0.04158794978736767,0.028184948028732774,0.9302271021838996
25612,LOF,0.10068170206032431,0.05179894113435423,0.8475193568053215
25613,LOF,0.08488921420943964,0.05001399309363879,0.8650967926969216
25614,LOF,0.028768641889192818,0.044195584360461844,0.9270357737503454
25615,LOF,0.04885887756077508,0.03506964428906471,0.9160714781501603
25616,LOF,0.030818532445290897,0.03968040002315078,0.9295010675315583
25617,LOF,0.02813541713970523,0.04716284787024025,0.9247017349900545
25618,LOF,0.18085019736172875,0.041807017617359526,0.7773427850209117
25619,LOF,0.030126078660945688,0.03852980146652105,0.9313441198725333
25620,LOF,0.03284588504758977,0.04837414586478379,0.9187799690876265
25621,LOF,0.03182769601679491,0.03798007182704566,0.9301922321561594
25622,LOF,0.03621312578215344,0.047696353728176634,0.9160905204896699
25623,LOF,0.07666370481795659,0.03684243710129404,0.8864938580807493
25624,LOF,0.026942458804986705,0.04819576698116137,0.9248617742138519
25625,LOF,0.037114709309646894,0.054453824332611096,0.908431466357742
25626,LOF,0.07291560631212118,0.038208439247703035,0.8888759544401758
25627,Neutral,0.5626278079836452,0.14964549794889892,0.2877266940674559
25628,LOF,0.17847854181846978,0.07623494875885226,0.7452865094226778
25629,LOF,0.07061691229164602,0.1337523939636993,0.7956306937446547
25630,LOF,0.16134943628185394,0.13026310193626967,0.7083874617818764
25631,Neutral,0.5877062267011091,0.1086548289890491,0.30363894430984184
25632,LOF,0.02160180173109839,0.07353384058533777,0.9048643576835638
25633,LOF,0.22571900525440858,0.07961389756150399,0.6946670971840875
25634,LOF,0.03731763796007085,0.10599998679697369,0.8566823752429554
25635,LOF,0.034814966841802075,0.0888178164046377,0.8763672167535602
25636,GOF,0.0053289368326168655,0.5923785504633746,0.40229251270400856
25637,LOF,0.004546489727744738,0.49230988328009,0.5031436269921652
25638,LOF,0.009288386962402032,0.44002912302047564,0.5506824900171224
25639,LOF,0.0050404459837610615,0.40231476906522823,0.5926447849510107
25640,GOF,0.44246964960699825,0.5098298533101644,0.04770049708283729
25641,LOF,0.007308108947777431,0.3699928103096146,0.6226990807426078
25642,LOF,0.2576410826700474,0.09157306111313875,0.6507858562168137
25643,LOF,0.24112068990001695,0.2835351443617131,0.47534416573827
25644,LOF,0.01976768219661975,0.45269082556442003,0.5275414922389602
25645,LOF,0.019721051216860446,0.40140520088011616,0.5788737479030233
25646,LOF,0.021170412312830844,0.24812325335051377,0.7307063343366554
25647,LOF,0.019445121376963123,0.20389345518774482,0.7766614234352921
25648,LOF,0.016454474313238557,0.21126317129893515,0.7722823543878263
25649,LOF,0.014165120599714146,0.16561114211388486,0.8202237372864011
25650,LOF,0.03566875523272143,0.4286928136562622,0.5356384311110165
25651,LOF,0.012567871238614602,0.19704211577524863,0.7903900129861366
25652,LOF,0.020867483460441386,0.1972861773762316,0.781846339163327
25653,LOF,0.0869832727747092,0.32910025021567074,0.58391647700962
25654,LOF,0.015718760069383133,0.17382555773767422,0.8104556821929427
25655,LOF,0.10375742995462062,0.24436068501929328,0.6518818850260861
25656,LOF,0.05582064062486454,0.05119433154302647,0.8929850278321091
25657,LOF,0.2673670506128755,0.02514337909415415,0.7074895702929703
25658,LOF,0.03967994986023551,0.07286281530649352,0.887457234833271
25659,LOF,0.2615521403972389,0.045646545262881075,0.69280131433988
25660,LOF,0.07570077487131714,0.10783624786123765,0.8164629772674452
25661,LOF,0.05169967142160771,0.07823158524644169,0.8700687433319505
25662,LOF,0.02828743444594407,0.0489258797135182,0.9227866858405378
25663,LOF,0.038019996135155915,0.07539844932914602,0.886581554535698
25664,LOF,0.0370990903995326,0.09150515579239027,0.8713957538080771
25665,LOF,0.050300508828743346,0.051207857311639196,0.8984916338596174
25666,LOF,0.038637421804760194,0.14872567476231022,0.8126369034329296
25667,LOF,0.027620707612134386,0.062420618581718816,0.9099586738061468
25668,LOF,0.03321495007907492,0.06792036127936435,0.8988646886415607
25669,LOF,0.03920956969357137,0.1013870844780799,0.8594033458283488
25670,LOF,0.1273174299409766,0.07152024879763737,0.801162321261386
25671,LOF,0.038285541101876625,0.05088241826070445,0.9108320406374188
25672,LOF,0.06119340358362373,0.07599299426744527,0.862813602148931
25673,LOF,0.04182524962813785,0.06665815798309879,0.8915165923887634
25674,LOF,0.03274974157322464,0.07646746289520738,0.890782795531568
25675,LOF,0.03885011440446005,0.05896630281234193,0.902183582783198
25676,LOF,0.029531315361639728,0.06554862230736408,0.9049200623309962
25677,LOF,0.05512896906498633,0.06951052876298319,0.8753605021720304
25678,LOF,0.23910277372095817,0.05255189722795278,0.708345329051089
25679,LOF,0.15985948218210794,0.07485253967604788,0.7652879781418441
25680,LOF,0.062004649830313646,0.10279901670457489,0.8351963334651115
25681,LOF,0.10928454415305358,0.09167379842168238,0.799041657425264
25682,LOF,0.03984481698770288,0.0828811134423156,0.8772740695699814
25683,LOF,0.07450026029524227,0.10450241720996557,0.8209973224947922
25684,LOF,0.04914029239257128,0.07752279864599393,0.8733369089614348
25685,LOF,0.11905236027045392,0.035052537494591134,0.8458951022349549
25686,LOF,0.033114491272874656,0.10041520381861473,0.8664703049085106
25687,LOF,0.061011685493964,0.08678912415366861,0.8521991903523674
25688,LOF,0.02421013938813607,0.14526961731979984,0.830520243292064
25689,LOF,0.019380872434858674,0.08413925768512015,0.8964798698800212
25690,LOF,0.019914025891724908,0.11079305252719926,0.8692929215810759
25691,LOF,0.2101998615986262,0.17317956424825923,0.6166205741531146
25692,LOF,0.24154828733708428,0.020480268691250084,0.7379714439716656
25693,LOF,0.048422637468096115,0.16305080023312565,0.7885265622987782
25694,LOF,0.26415926354860064,0.012344663680933662,0.7234960727704656
25695,LOF,0.1854107687389432,0.018742714901970343,0.7958465163590863
25696,LOF,0.1484439079098491,0.01087741890613322,0.8406786731840178
25697,LOF,0.1296902860403282,0.033215976940692955,0.8370937370189788
25698,LOF,0.027716000991168072,0.3225563753000089,0.6497276237088231
25699,LOF,0.07468566730608193,0.09411531023179408,0.831199022462124
25700,LOF,0.029163250069378813,0.014793400203253922,0.9560433497273673
25701,LOF,0.011750261320355818,0.09780175071733904,0.8904479879623051
25702,GOF,0.023017060967868944,0.7295845932273601,0.247398345804771
25703,LOF,0.01711485856508807,0.20981389615521975,0.7730712452796922
25704,LOF,0.08421680537334811,0.1817248436918887,0.7340583509347631
25705,LOF,0.06499417965039554,0.26605439987715246,0.668951420472452
25706,GOF,0.031026941589688727,0.5835210894685824,0.38545196894172873
25707,GOF,0.024343423345633167,0.587367749857085,0.38828882679728177
25708,GOF,0.006274820159381184,0.5889498778795668,0.40477530196105205
25709,LOF,0.019484705098146052,0.09593211998120223,0.8845831749206517
25710,LOF,0.006622203577822279,0.2098597503430253,0.7835180460791524
25711,LOF,0.021377129570335888,0.15259611664114955,0.8260267537885146
25712,LOF,0.007368017606158759,0.2876721093963504,0.7049598729974909
25713,LOF,0.019892472012774505,0.13726394459739164,0.8428435833898339
25714,LOF,0.0219071922185674,0.17717614376080892,0.8009166640206237
25715,LOF,0.020606777530418056,0.16352693047007,0.8158662919995119
25716,LOF,0.011865572767561698,0.15258438533109636,0.8355500419013419
25717,LOF,0.0053240877285946585,0.16542747531224877,0.8292484369591566
25718,LOF,0.019787169616870787,0.11483580644100873,0.8653770239421205
25719,LOF,0.037271553654144224,0.12392853540959702,0.8387999109362588
25720,LOF,0.030668745145692653,0.11481180882448175,0.8545194460298257
25721,LOF,0.02286062027108275,0.12870601747480992,0.8484333622541073
25722,LOF,0.01571715190874773,0.16814679583859782,0.8161360522526544
25723,LOF,0.02316702740551777,0.10661903679044168,0.8702139358040405
25724,LOF,0.02453294185030783,0.1812957017526254,0.7941713563970667
25725,LOF,0.02139651051689377,0.10204092445290422,0.8765625650302019
25726,LOF,0.01624544095153238,0.1396549729114661,0.8440995861370014
25727,LOF,0.022709989511154688,0.129843034659674,0.8474469758291713
25728,LOF,0.022041615618506216,0.1349736263348716,0.8429847580466222
25729,LOF,0.020449310310118242,0.14429955126833166,0.8352511384215501
25730,LOF,0.02374600522308667,0.10592319413775518,0.8703308006391582
25731,LOF,0.008898480769730968,0.212569072091123,0.778532447139146
25732,LOF,0.018859962751373922,0.12348147057899628,0.8576585666696298
25733,LOF,0.02964483956504354,0.12278221842994735,0.8475729420050091
25734,LOF,0.007201019595249612,0.25046814615857504,0.7423308342461754
25735,LOF,0.020585764959241228,0.10069871896856707,0.8787155160721918
25736,LOF,0.019108972743439027,0.16314954414876026,0.8177414831078007
25737,LOF,0.04083002839146604,0.13800880239530497,0.821161169213229
25738,LOF,0.02063820002628261,0.19364109317174835,0.785720706801969
25739,LOF,0.023186307344641843,0.1648582999553072,0.8119553927000509
25740,LOF,0.04877908032664832,0.17405961974759213,0.7771612999257596
25741,LOF,0.026975391730413745,0.14548614394302328,0.8275384643265631
25742,LOF,0.0437548236246231,0.14922898393304612,0.8070161924423308
25743,LOF,0.011106380668647272,0.031072988265817603,0.9578206310655352
25744,LOF,0.14013184000133205,0.32109259814208185,0.538775561856586
25745,LOF,0.029989643574035663,0.1200223962590467,0.8499879601669177
25746,LOF,0.013672601136933785,0.16768771981176422,0.818639679051302
25747,LOF,0.032855438785731876,0.03003989773171341,0.9371046634825546
25748,LOF,0.26894306404297624,0.0594828416432798,0.671574094313744
25749,LOF,0.012131349732827014,0.09442413576920448,0.8934445144979685
25750,LOF,0.018809477097674027,0.0942748863868108,0.8869156365155152
25751,LOF,0.04571793614327914,0.05603110367572589,0.898250960180995
25752,GOF,0.07004240250457178,0.7236549943731881,0.20630260312224016
25753,LOF,0.0073048808802640836,0.35333426848052685,0.639360850639209
25754,GOF,0.007435638264924012,0.8545021887357074,0.13806217299936852
25755,LOF,0.00789084422362682,0.4157266343628775,0.5763825214134957
25756,LOF,0.031873777466980245,0.4277384279274626,0.5403877946055572
25757,GOF,0.007151008279970904,0.8628438990889259,0.13000509263110313
25758,GOF,0.008881602838226966,0.8528485893962804,0.13826980776549264
25759,GOF,0.005836011267880131,0.6090710479064242,0.38509294082569573
25760,LOF,0.005769475076760714,0.28647318995553217,0.7077573349677071
25761,GOF,0.059865753820353314,0.8437514064002625,0.09638283977938418
25762,LOF,0.029595185238590123,0.35597686988546084,0.614427944875949
25763,LOF,0.006651709694593709,0.2581189515516187,0.7352293387537876
25764,GOF,0.05834255334446725,0.638069766395675,0.30358768025985783
25765,GOF,0.008571050931361169,0.8525796353650095,0.13884931370362938
25766,GOF,0.03301741055097987,0.8303784621272745,0.13660412732174543
25767,GOF,0.014085162892522604,0.5323664909197274,0.45354834618774986
25768,LOF,0.041412192599427806,0.06466896236441431,0.8939188450361578
25769,LOF,0.025131766821619488,0.06889946663880524,0.9059687665395754
25770,LOF,0.14246609605739277,0.05777340256475961,0.7997605013778476
25771,LOF,0.015783156548927948,0.04901970454841158,0.9351971389026604
25772,LOF,0.025485620687847033,0.02421564478893327,0.9502987345232197
25773,LOF,0.02117155618758893,0.04429500302797359,0.9345334407844375
25774,LOF,0.029833651125103593,0.08775685457162076,0.8824094943032756
25775,LOF,0.025848471658116857,0.029784450844018772,0.9443670774978644
25776,LOF,0.02765209085516365,0.02027846742020609,0.9520694417246304
25777,LOF,0.17251866496831206,0.056638284054619834,0.7708430509770681
25778,LOF,0.019606161984157797,0.05045314677126202,0.9299406912445801
25779,GOF,0.029940933668946464,0.8911361229727864,0.07892294335826713
25780,GOF,0.06073209413276646,0.8886505377215235,0.05061736814571006
25781,GOF,0.02908894287812913,0.8585918064602001,0.1123192506616707
25782,GOF,0.02641221712984431,0.8963158099798947,0.07727197289026103
25783,GOF,0.02709404784808365,0.9234155371210812,0.04949041503083528
25784,GOF,0.07004676662728986,0.8814036674658089,0.04854956590690115
25785,GOF,0.08512747005023781,0.8758373104089583,0.03903521954080402
25786,GOF,0.00855164186989987,0.8777575285455769,0.11369082958452333
25787,GOF,0.17458987652630317,0.7761940244902649,0.04921609898343188
25788,LOF,0.015155870737210567,0.1931740680781559,0.7916700611846336
25789,GOF,0.015594319046615358,0.8639178967306418,0.12048778422274309
25790,GOF,0.01777120180139071,0.8812470962596728,0.10098170193893645
25791,GOF,0.022504006374427548,0.7845982594629907,0.1928977341625818
25792,GOF,0.02525679237967893,0.8229187587588994,0.15182444886142182
25793,GOF,0.05999351184616893,0.8475181947693244,0.09248829338450654
25794,GOF,0.05148882885870274,0.7631176701599977,0.18539350098129964
25795,GOF,0.04218977480061119,0.7543164722755891,0.20349375292379976
25796,GOF,0.07975567936382862,0.8267794920497018,0.09346482858646964
25797,GOF,0.07126095082991996,0.7545611538288328,0.17417789534124714
25798,GOF,0.0055751178227113,0.7693001274054918,0.2251247547717969
25799,GOF,0.0040258755458044086,0.7029756092693212,0.29299851518487435
25800,GOF,0.02587405405397842,0.8319669687591081,0.1421589771869134
25801,GOF,0.017597055285143947,0.8930696136063604,0.0893333311084957
25802,GOF,0.025374790678328426,0.8217884137667483,0.1528367955549233
25803,GOF,0.018414973432598236,0.7171644771361885,0.26442054943121324
25804,GOF,0.02687159945088705,0.7735729621285731,0.1995554384205398
25805,GOF,0.0212986000457126,0.7862666190687799,0.19243478088550753
25806,GOF,0.023210692911492938,0.7851689456969794,0.19162036139152777
25807,GOF,0.007828304425854065,0.7528071680295323,0.23936452754461376
25808,GOF,0.014435571001240252,0.7611535518155133,0.22441087718324648
25809,GOF,0.010559619708270377,0.7524252602341815,0.237015120057548
25810,GOF,0.008806039828803068,0.7362256417554491,0.2549683184157478
25811,GOF,0.04979046597071745,0.8692340293216568,0.08097550470762577
25812,GOF,0.030937504117763706,0.7954570679064665,0.17360542797576975
25813,GOF,0.11893664364085806,0.8126174863265812,0.0684458700325608
25814,GOF,0.03205729045017926,0.8202224509905094,0.14772025855931137
25815,GOF,0.06782333609210178,0.8333106736562268,0.09886599025167132
25816,GOF,0.008798277216470288,0.8626007287448602,0.1286009940386696
25817,GOF,0.09837869012474289,0.8085142183511698,0.09310709152408726
25818,GOF,0.023462152013681792,0.8053371603935389,0.1712006875927794
25819,GOF,0.050209313962047995,0.7557598993703543,0.19403078666759765
25820,GOF,0.03149042296151702,0.7213443790124184,0.24716519802606446
25821,GOF,0.02234625790887926,0.747442413311355,0.23021132877976583
25822,GOF,0.04328939164914121,0.7564896618965694,0.2002209464542893
25823,GOF,0.02623708500706663,0.7363902536257142,0.23737266136721913
25824,GOF,0.024014975457404063,0.7865256976558294,0.18945932688676656
25825,GOF,0.019987615555306683,0.7772024860452114,0.2028098983994818
25826,GOF,0.008034041943507347,0.7361403897317623,0.2558255683247303
25827,GOF,0.012691369756973655,0.7024914084367653,0.2848172218062611
25828,GOF,0.009530635784640681,0.7319261274920195,0.2585432367233398
25829,GOF,0.004528675855647408,0.6916552444864372,0.3038160796579154
25830,GOF,0.03179886285192902,0.5157025319476995,0.45249860520037144
25831,GOF,0.05403969734143349,0.80423716832831,0.1417231343302565
25832,GOF,0.009221171015445468,0.7784051766128713,0.21237365237168312
25833,GOF,0.03368334794567301,0.8322662375652615,0.13405041448906543
25834,GOF,0.01091119513482534,0.7864265646048937,0.20266224026028098
25835,GOF,0.0241225758619424,0.8488986049248054,0.1269788192132522
25836,GOF,0.006496900452482802,0.7774335650901624,0.21606953445735483
25837,GOF,0.007729488156079157,0.7903854326284852,0.20188507921543566
25838,GOF,0.019508485028649318,0.8480174507090956,0.13247406426225516
25839,GOF,0.04971083097891317,0.818090671710214,0.13219849731087271
25840,GOF,0.07661311397697827,0.8126463839065952,0.1107405021164265
25841,GOF,0.07693396148308028,0.8346466520474638,0.08841938646945605
25842,GOF,0.026968790665653494,0.8955273374485607,0.07750387188578581
25843,GOF,0.02293001152988622,0.8985442407171538,0.07852574775295997
25844,GOF,0.018228325712740013,0.8527901054590471,0.12898156882821282
25845,GOF,0.0060903684906628884,0.7728907204856954,0.2210189110236418
25846,GOF,0.07494604601651597,0.8245515927783515,0.10050236120513242
25847,GOF,0.013050484611964912,0.8840976083241868,0.1028519070638482
25848,GOF,0.021371878613664498,0.8548083825634113,0.12381973882292423
25849,GOF,0.007108290490569524,0.8347231779730317,0.15816853153639873
25850,GOF,0.005914903997494017,0.7280056628955232,0.2660794331069828
25851,GOF,0.005635472491335506,0.683521195566866,0.3108433319417984
25852,GOF,0.14814782874280485,0.5760464638371594,0.27580570742003585
25853,GOF,0.06519262166219468,0.8102924173145801,0.12451496102322522
25854,GOF,0.00541631042056475,0.7246566091233911,0.2699270804560441
25855,GOF,0.026386526368255978,0.7234427268032513,0.2501707468284929
25856,GOF,0.046861444368197946,0.7832158930380461,0.169922662593756
25857,GOF,0.02512407890346266,0.7107167453537085,0.2641591757428288
25858,GOF,0.01031362253308982,0.7182336878546998,0.27145268961221036
25859,GOF,0.007597936556107354,0.7076997062298341,0.28470235721405857
25860,GOF,0.07473370230263598,0.7977325417536424,0.12753375594372152
25861,GOF,0.08690111841795493,0.7973665369105484,0.11573234467149683
25862,GOF,0.023843567405974327,0.882135734972252,0.0940206976217738
25863,GOF,0.026267559994446958,0.8749357568395373,0.0987966831660157
25864,GOF,0.07190355325627311,0.8737053180922971,0.0543911286514297
25865,GOF,0.049148447787611564,0.8595356665350606,0.09131588567732793
25866,GOF,0.02793184015573029,0.8792348700177484,0.09283328982652118
25867,GOF,0.0438201188569203,0.8718363397562701,0.08434354138680968
25868,GOF,0.06338407139354464,0.8244836945651858,0.11213223404126965
25869,GOF,0.331395421734903,0.5859762827901837,0.08262829547491334
25870,GOF,0.05545208018533353,0.6284678549230779,0.3160800648915886
25871,GOF,0.010257731929943807,0.8642276255005863,0.12551464256946995
25872,GOF,0.02008887244994988,0.839041925354606,0.14086920219544397
25873,GOF,0.020495999959046187,0.8799802797698612,0.09952372027109266
25874,LOF,0.015692978204583888,0.21256522914853415,0.771741792646882
25875,LOF,0.03530047563908203,0.06279514227994054,0.9019043820809773
25876,LOF,0.019057597330830237,0.04530159369134858,0.9356408089778211
25877,LOF,0.11561638068513341,0.08273422547612566,0.8016493938387409
25878,LOF,0.09319525426204585,0.1464474730604467,0.7603572726775075
25879,LOF,0.018519485098467105,0.0986173531548824,0.8828631617466505
25880,LOF,0.06351188318282745,0.01673471473051874,0.9197534020866538
25881,Neutral,0.515524987071034,0.07032308452316041,0.41415192840580556
25882,LOF,0.0533689869637523,0.027139881444299848,0.919491131591948
25883,LOF,0.026311477086500307,0.029557383198816282,0.9441311397146835
25884,LOF,0.017291500246672493,0.0462954490614492,0.9364130506918783
25885,LOF,0.17633313448148003,0.012518269191047088,0.8111485963274729
25886,LOF,0.2588979195900766,0.06148786207572341,0.6796142183342001
25887,LOF,0.1194712725895322,0.09847247382639543,0.7820562535840724
25888,LOF,0.007711653073798752,0.12449826245825052,0.8677900844679507
25889,LOF,0.02338134284420204,0.03906045742287882,0.9375581997329192
25890,LOF,0.17592985124554952,0.05924696666150928,0.7648231820929412
25891,LOF,0.11546294669292197,0.02385132147822315,0.8606857318288549
25892,LOF,0.009846843388555685,0.04353277703033812,0.9466203795811061
25893,LOF,0.3886861919471667,0.011678938057454466,0.5996348699953788
25894,LOF,0.4000864852228209,0.007879134156063396,0.5920343806211158
25895,LOF,0.3608312562567615,0.015077310331375647,0.6240914334118629
25896,LOF,0.0738793925599801,0.032570823837653515,0.8935497836023665
25897,LOF,0.161253099895974,0.012056548883522563,0.8266903512205035
25898,LOF,0.12753056050888895,0.0400865803501911,0.83238285914092
25899,LOF,0.4321988275349493,0.031760773617072816,0.5360403988479778
25900,Neutral,0.49796925968897593,0.010036832333019885,0.49199390797800413
25901,LOF,0.0633970421375134,0.013134034640885493,0.9234689232216011
25902,LOF,0.17369203868457034,0.013768800528550569,0.812539160786879
25903,LOF,0.3198578560034433,0.028994569980212274,0.6511475740163444
25904,Neutral,0.5250261419312188,0.048626522513456984,0.4263473355553243
25905,LOF,0.007046299587183254,0.4270254677943463,0.5659282326184705
25906,LOF,0.00805631940145073,0.07701229017343734,0.9149313904251121
25907,LOF,0.008158668424835619,0.2801572654135387,0.7116840661616257
25908,LOF,0.007287429576979747,0.28809854747200064,0.7046140229510196
25909,LOF,0.030516398068904643,0.10634219504542225,0.8631414068856731
25910,LOF,0.01218775535489655,0.14816186811122156,0.8396503765338819
25911,LOF,0.20416736500510613,0.02530300427943999,0.7705296307154539
25912,LOF,0.10129348952945905,0.022003111821339853,0.8767033986492011
25913,LOF,0.02355874152317923,0.029259295383485,0.9471819630933358
25914,LOF,0.03735500917403495,0.025615660497756015,0.937029330328209
25915,LOF,0.1900471130634474,0.12638927207475195,0.6835636148618007
25916,LOF,0.02471266759416301,0.06375332392949251,0.9115340084763445
25917,LOF,0.07471075978328935,0.028101637446783047,0.8971876027699275
25918,LOF,0.038219125943106176,0.015085174331478256,0.9466956997254156
25919,LOF,0.03505482503131788,0.014323914300129473,0.9506212606685527
25920,LOF,0.347260013914418,0.22642265854914692,0.426317327536435
25921,LOF,0.01594960768179629,0.020224372740337514,0.9638260195778662
25922,LOF,0.018579777883728308,0.0207243836686048,0.9606958384476668
25923,LOF,0.44425678989699546,0.014599876027359588,0.541143334075645
25924,LOF,0.027415654615700797,0.026217939336261917,0.9463664060480373
25925,LOF,0.09790772724715914,0.02802960718519501,0.874062665567646
25926,LOF,0.0835250275568788,0.02033037463336298,0.8961445978097581
25927,LOF,0.023981174892988833,0.04758907759867249,0.9284297475083386
25928,LOF,0.011837348480158662,0.030344157159153236,0.957818494360688
25929,Neutral,0.5665316690740465,0.013926406262274949,0.41954192466367846
25930,LOF,0.08916190741711816,0.014507665262157809,0.896330427320724
25931,LOF,0.014280768737442707,0.01820764903788304,0.9675115822246743
25932,LOF,0.06973693435824073,0.016909819177952177,0.9133532464638071
25933,LOF,0.06751243252836991,0.010051492401527886,0.9224360750701022
25934,LOF,0.0643007458462551,0.008984113060082503,0.9267151410936624
25935,LOF,0.09470099797180773,0.024461165175593744,0.8808378368525986
25936,LOF,0.1173590900491759,0.009452987129148757,0.8731879228216755
25937,LOF,0.022588052919148793,0.013332569332822458,0.9640793777480287
25938,LOF,0.09438179134748503,0.025626806197867877,0.8799914024546471
25939,LOF,0.05275599095705455,0.012974102515677476,0.934269906527268
25940,LOF,0.00900465585880996,0.464984103530294,0.526011240610896
25941,LOF,0.4427462084818199,0.03825541365008337,0.5189983778680968
25942,LOF,0.011506625155177398,0.04393863231360382,0.9445547425312187
25943,LOF,0.04005966210489589,0.1650956506566269,0.7948446872384772
25944,LOF,0.03977112871475647,0.07524181704185369,0.8849870542433899
25945,LOF,0.12053745460362193,0.026501629985875186,0.8529609154105029
25946,LOF,0.06994127301256282,0.04067406650252798,0.8893846604849093
25947,Neutral,0.5245646359502841,0.09080041362487228,0.38463495042484364
25948,LOF,0.40670335715429556,0.016609301763099903,0.5766873410826046
25949,LOF,0.17674239544850742,0.08303427091911077,0.7402233336323819
25950,GOF,0.08517982015636988,0.5419227674278233,0.3728974124158067
25951,LOF,0.014611143965962156,0.4222662063370082,0.5631226496970296
25952,LOF,0.2324516032449139,0.22413006319366327,0.5434183335614229
25953,LOF,0.00915183982386951,0.27776006536705855,0.7130880948090719
25954,LOF,0.08667904875400032,0.36323397990307643,0.5500869713429232
25955,LOF,0.007720268579885981,0.2323947479865668,0.7598849834335472
25956,LOF,0.015972838345119967,0.345947951172388,0.638079210482492
25957,LOF,0.18153665292033705,0.03149409571412864,0.7869692513655342
25958,LOF,0.03073559815582674,0.05765024719808614,0.9116141546460872
25959,GOF,0.006463697221956065,0.7284964134115208,0.2650398893665232
25960,LOF,0.005475677463154103,0.10927782597494523,0.8852464965619007
25961,LOF,0.02778519974894782,0.04604564951810271,0.9261691507329494
25962,LOF,0.054418073569565545,0.0763521554975288,0.8692297709329057
25963,LOF,0.007028951602545788,0.14985857352667542,0.8431124748707788
25964,LOF,0.027770831461573536,0.15111086091946696,0.8211183076189594
25965,LOF,0.2669879410411665,0.13654478161857578,0.5964672773402577
25966,LOF,0.3332179866075461,0.10735369944093795,0.559428313951516
25967,LOF,0.007696489723365893,0.07352332399742832,0.9187801862792058
25968,LOF,0.04267860671855769,0.26494708484366575,0.6923743084377766
25969,LOF,0.17241284170984014,0.06125605722025134,0.7663311010699085
25970,LOF,0.06664836416501736,0.06883985580673434,0.8645117800282484
25971,LOF,0.08087236862244744,0.030321674397163392,0.8888059569803892
25972,LOF,0.07743661984571604,0.058445528340593716,0.8641178518136903
25973,LOF,0.07129270741676125,0.011019155302935943,0.9176881372803029
25974,LOF,0.04641860048499696,0.04328095875780173,0.9103004407572013
25975,LOF,0.03848539402811575,0.021218545080597423,0.9402960608912868
25976,LOF,0.08894217112113663,0.012465581989359415,0.898592246889504
25977,LOF,0.2510848863403435,0.0533098435254516,0.6956052701342049
25978,LOF,0.16310068914769796,0.12762875137701746,0.7092705594752846
25979,LOF,0.13462913642395508,0.1485829475815431,0.7167879159945019
25980,LOF,0.21231277441839774,0.21039401589631343,0.5772932096852887
25981,LOF,0.21324555882462887,0.213465827156242,0.5732886140191292
25982,LOF,0.4136732365238885,0.09707278167303285,0.48925398180307866
25983,LOF,0.4190952421161897,0.12303027412005739,0.45787448376375284
25984,LOF,0.049644958607618195,0.0862364841261558,0.8641185572662259
25985,Neutral,0.49736340123954725,0.11323837490200338,0.3893982238584493
25986,LOF,0.011131817651017615,0.4708238881943177,0.5180442941546647
25987,LOF,0.039821135886723646,0.09971939959190461,0.8604594645213717
25988,LOF,0.04623589741684464,0.14196248357922778,0.8118016190039276
25989,LOF,0.055198135185656305,0.19313061859984912,0.7516712462144945
25990,LOF,0.04675005938154486,0.30274086264967065,0.6505090779687844
25991,LOF,0.027477303451444054,0.44951415459462496,0.523008541953931
25992,LOF,0.018766072027043085,0.4004714585074,0.5807624694655569
25993,LOF,0.025394034540532608,0.060801371311924264,0.9138045941475432
25994,LOF,0.02271104491301085,0.06817577037581865,0.9091131847111705
25995,LOF,0.018852444934259895,0.11822008224325765,0.8629274728224825
25996,GOF,0.35564535237520645,0.39339068648444936,0.25096396114034414
25997,LOF,0.06122236557787134,0.4497010225483529,0.48907661187377577
25998,LOF,0.254843810317814,0.039817452001043856,0.7053387376811421
25999,LOF,0.03932479685277211,0.11559237160207572,0.8450828315451522
26000,LOF,0.1575188863835806,0.01487052556021773,0.8276105880562017
26001,LOF,0.23756886340350983,0.020430678297903664,0.7420004582985864
26002,LOF,0.12923765066646686,0.02701079377852669,0.8437515555550065
26003,GOF,0.006258939455856136,0.6539422283819185,0.3397988321622253
26004,GOF,0.011776301328418238,0.6294310108875144,0.3587926877840673
26005,LOF,0.00431635288102915,0.4871687471608333,0.5085148999581376
26006,GOF,0.07317883652903816,0.5311463394678192,0.39567482400314263
26007,GOF,0.007847403072387753,0.5184333726240818,0.47371922430353036
26008,GOF,0.0048768567775616676,0.5955454447540051,0.3995776984684332
26009,GOF,0.009429054061517627,0.6412565027562764,0.34931444318220595
26010,GOF,0.006769648222625022,0.5806751987205439,0.412555153056831
26011,LOF,0.0037140027534339607,0.43586687050468803,0.5604191267418781
26012,GOF,0.004357275309813922,0.58717355715251,0.408469167537676
26013,GOF,0.008489130574882394,0.5734715962567752,0.41803927316834244
26014,LOF,0.0703143608902931,0.07536765951269789,0.8543179795970091
26015,LOF,0.3194308497985602,0.02831021441104646,0.6522589357903933
26016,LOF,0.25403358345402227,0.037959259754315036,0.7080071567916626
26017,LOF,0.012058268288323924,0.1699781417629354,0.8179635899487406
26018,LOF,0.025965930051599494,0.08232859043559175,0.8917054795128088
26019,LOF,0.025279169192107865,0.07248281556841318,0.9022380152394789
26020,LOF,0.007884724028031956,0.16439845858010593,0.8277168173918621
26021,LOF,0.07937861206913191,0.06979071699665867,0.8508306709342095
26022,LOF,0.038618133588974014,0.032658473360327414,0.9287233930506985
26023,LOF,0.020199325756512426,0.05343690113685928,0.9263637731066284
26024,LOF,0.049175659926277974,0.05300800531870949,0.8978163347550125
26025,LOF,0.1157972308648917,0.054866144730205145,0.8293366244049031
26026,LOF,0.12951224934488317,0.0408850552898998,0.829602695365217
26027,LOF,0.025650323532243176,0.032259626843927615,0.9420900496238291
26028,LOF,0.08056902396268557,0.1705958622384759,0.7488351137988385
26029,LOF,0.02397729322894047,0.1529559844917026,0.823066722279357
26030,LOF,0.13038514500201895,0.023841136558715992,0.8457737184392651
26031,LOF,0.01027955251790392,0.1387404699752381,0.8509799775068579
26032,LOF,0.037315458958898255,0.04492933774153886,0.9177552032995628
26033,LOF,0.03831612377981913,0.04277907258814783,0.9189048036320331
26034,LOF,0.014787682176187734,0.10849156614405052,0.8767207516797617
26035,LOF,0.011125385569708261,0.1027586950194755,0.8861159194108162
26036,LOF,0.01114724701673631,0.08778684949818404,0.9010659034850798
26037,LOF,0.010748672422479549,0.09786946202176477,0.8913818655557557
26038,LOF,0.031233939707762472,0.04036781016606583,0.9283982501261717
26039,LOF,0.03387536928888981,0.12574551917441967,0.8403791115366905
26040,LOF,0.08042305041636208,0.12763937139012427,0.7919375781935136
26041,LOF,0.013701026330384669,0.09514221137634113,0.8911567622932742
26042,LOF,0.012748986931754754,0.09981647924998283,0.8874345338182623
26043,LOF,0.030918301250568502,0.06476802696730602,0.9043136717821255
26044,LOF,0.009274467737065526,0.04285494336623688,0.9478705888966976
26045,LOF,0.07248965936476941,0.12860547113877854,0.798904869496452
26046,LOF,0.027860545217752764,0.044167236377371334,0.9279722184048759
26047,LOF,0.05722544143010843,0.04474574715907277,0.8980288114108189
26048,LOF,0.0861622549249776,0.017204622757496357,0.8966331223175261
26049,Neutral,0.9336943609646593,0.006770656161845645,0.05953498287349491
26050,Neutral,0.8978473219988692,0.007136827906422636,0.09501585009470817
26051,LOF,0.0256286285561949,0.06688980394833141,0.9074815674954737
26052,LOF,0.02863532475276522,0.05471652234123651,0.9166481529059983
26053,LOF,0.023459702203916303,0.15148937514979124,0.8250509226462925
26054,LOF,0.04995345335514836,0.03901786158174137,0.9110286850631103
26055,LOF,0.07390086271524254,0.03315994382877917,0.8929391934559782
26056,LOF,0.06252290072287454,0.04284165410141922,0.8946354451757063
26057,LOF,0.05036031069840822,0.02104021443247819,0.9285994748691137
26058,LOF,0.053158586364455834,0.016381681757456145,0.9304597318780881
26059,LOF,0.22066756118462033,0.03285833538136138,0.7464741034340183
26060,LOF,0.015912889924521726,0.1680065693753956,0.8160805407000827
26061,LOF,0.012245120634394396,0.013260487730997762,0.9744943916346079
26062,LOF,0.006536393559673458,0.019104891902584707,0.9743587145377418
26063,LOF,0.03614821363774838,0.015596839606926307,0.9482549467553253
26064,LOF,0.014453392721263439,0.021222856903940747,0.9643237503747958
26065,LOF,0.04630911138188956,0.02079387064055125,0.9328970179775592
26066,LOF,0.03571353582716248,0.014880545796941218,0.9494059183758964
26067,LOF,0.0395150426603151,0.014642107089819938,0.9458428502498649
26068,LOF,0.04930736144620513,0.041148459168529626,0.9095441793852652
26069,LOF,0.23078278559658158,0.02641673007148926,0.7428004843319291
26070,LOF,0.4691230002460644,0.01829574586360316,0.5125812538903325
26071,LOF,0.04131394272813615,0.015872002009024683,0.9428140552628392
26072,LOF,0.007946981156318339,0.019736940272080825,0.972316078571601
26073,LOF,0.034473126995656515,0.018884618546516633,0.9466422544578269
26074,Neutral,0.8354053558085234,0.010968895141273726,0.15362574905020282
26075,LOF,0.04874566861057397,0.030544251888777536,0.9207100795006484
26076,LOF,0.046317712534408535,0.015964347734675567,0.9377179397309159
26077,LOF,0.15208054940614377,0.009918172710132697,0.8380012778837235
26078,LOF,0.007052005118825619,0.021157360485203575,0.9717906343959709
26079,LOF,0.05847902006038868,0.02426604462387118,0.9172549353157402
26080,LOF,0.05816122091072338,0.024359417353475157,0.9174793617358015
26081,LOF,0.02948254786915134,0.012468753553751806,0.9580486985770968
26082,LOF,0.006099532770182797,0.02235652004805512,0.9715439471817622
26083,LOF,0.09893193203306393,0.028458346578215728,0.8726097213887203
26084,LOF,0.09221020760911398,0.024926548850353378,0.8828632435405326
26085,LOF,0.07857565739341092,0.020162694476948587,0.9012616481296405
26086,LOF,0.033620110852488616,0.018889188242614454,0.9474907009048971
26087,LOF,0.03233423286769919,0.016758707182075224,0.9509070599502256
26088,LOF,0.007574234253976646,0.027532678222268448,0.9648930875237548
26089,LOF,0.04290283132757519,0.036415400648495466,0.9206817680239293
26090,LOF,0.042403520544729595,0.029820187696728638,0.9277762917585417
26091,LOF,0.024742029693008257,0.011012168953973434,0.9642458013530182
26092,LOF,0.041153761682141986,0.01169883596838178,0.9471474023494763
26093,LOF,0.06959329573228708,0.008394736027343683,0.9220119682403691
26094,LOF,0.029897181047534034,0.01004351590602454,0.9600593030464414
26095,LOF,0.02012694526299448,0.022768495118854072,0.9571045596181516
26096,LOF,0.19536785896679562,0.005952048465041644,0.7986800925681627
26097,LOF,0.0075212907197796915,0.05025403062804133,0.9422246786521791
26098,LOF,0.1053052055113758,0.023552355582234296,0.87114243890639
26099,LOF,0.03571018538588401,0.027810657283675672,0.9364791573304404
26100,LOF,0.03571018538588401,0.027810657283675672,0.9364791573304404
26101,LOF,0.0538639645589459,0.046655165947323995,0.8994808694937301
26102,LOF,0.028849350700350013,0.025220111748347762,0.9459305375513022
26103,Neutral,0.8891337794148588,0.03277638760429153,0.0780898329808498
26104,LOF,0.05590756170967985,0.04305279494848752,0.9010396433418326
26105,LOF,0.25536069408666984,0.09967089249757724,0.644968413415753
26106,LOF,0.29655544731054867,0.06463246395991075,0.6388120887295405
26107,LOF,0.020122712852272365,0.07060604534874271,0.909271241798985
26108,LOF,0.2660230804286839,0.040738262670893484,0.6932386569004225
26109,LOF,0.07985089747525524,0.03660477205196505,0.8835443304727797
26110,LOF,0.3948465345078422,0.014901065556857388,0.5902523999353005
26111,LOF,0.05680662346421392,0.11722078956769229,0.8259725869680937
26112,LOF,0.04927690832198399,0.013730807369729429,0.9369922843082866
26113,LOF,0.11368521838135143,0.03976856984932699,0.8465462117693217
26114,LOF,0.09511876703905447,0.006412495790141772,0.8984687371708037
26115,LOF,0.01785796159146899,0.038688885996339344,0.9434531524121916
26116,LOF,0.0839406413178418,0.01866512199146151,0.8973942366906967
26117,LOF,0.34537191194775707,0.05076490979841095,0.603863178253832
26118,LOF,0.05218122535841722,0.020542354651743415,0.9272764199898393
26119,LOF,0.005427628699242767,0.10832826208964522,0.8862441092111121
26120,LOF,0.03682619930650627,0.019201802254762965,0.9439719984387308
26121,LOF,0.0036204705866307676,0.16654652915942003,0.8298330002539491
