feature0,prediction,LoGoFunc_Neutral,LoGoFunc_GOF,LoGoFunc_LOF
25546,Neutral,0.7438361577902429,0.03543414955304841,0.2207296926567087
25547,Neutral,0.6000497527350348,0.06741764895077108,0.33253259831419407
25548,Neutral,0.6185878430177656,0.0501486282861714,0.33126352869606296
25549,Neutral,0.5293716042449962,0.04969898539811522,0.4209294103568885
25550,LOF,0.3711068878314958,0.10037565203625062,0.5285174601322536
25551,LOF,0.30885274969760473,0.11004599016101736,0.581101260141378
25552,LOF,0.2244002016844461,0.10722703843242844,0.6683727598831255
25553,Neutral,0.8483460444575235,0.027202862064211124,0.12445109347826526
25554,LOF,0.25955880340594095,0.10167871331427387,0.6387624832797851
25555,LOF,0.2172415134824156,0.09152616193498218,0.6912323245826022
25556,LOF,0.4422178286425154,0.09106194325417269,0.46672022810331176
25557,LOF,0.21013638215288402,0.09453023263880651,0.6953333852083095
25558,LOF,0.2457553146540628,0.10363835955539104,0.6506063257905462
25559,LOF,0.38602692573981073,0.14843516881753221,0.4655379054426572
25560,LOF,0.05158256917018467,0.12144606284104445,0.8269713679887708
25561,LOF,0.11879580277361995,0.11498009964390025,0.7662240975824798
25562,LOF,0.09814452272312156,0.05995065711177598,0.8419048201651025
25563,LOF,0.1159218915556124,0.0577905827895976,0.8262875256547899
25564,LOF,0.24675107264349183,0.10498438917796829,0.6482645381785398
25565,LOF,0.14541018814835047,0.1320628366284598,0.7225269752231898
25566,GOF,0.014105032570786623,0.8032267776465722,0.18266818978264118
25567,LOF,0.015353402407840782,0.16570785581173617,0.818938741780423
25568,LOF,0.05008547178185394,0.0637446898344892,0.8861698383836569
25569,LOF,0.059677339687650446,0.06064181107732409,0.8796808492350254
25570,LOF,0.055624622203659706,0.10001006457479622,0.844365313221544
25571,LOF,0.04879298191117294,0.09226513818926849,0.8589418798995586
25572,LOF,0.06164335759766727,0.11735552415525585,0.8210011182470769
25573,LOF,0.03718519396504596,0.09465988976149638,0.8681549162734575
25574,LOF,0.020576895740482593,0.1363165596185423,0.843106544640975
25575,LOF,0.04302723074848585,0.10983536172330344,0.8471374075282107
25576,LOF,0.015304723708710095,0.12952242002042233,0.8551728562708675
25577,LOF,0.014685202656577804,0.11810109722307778,0.8672137001203443
25578,LOF,0.2629971131530216,0.0818307574974582,0.6551721293495202
25579,LOF,0.2637255285563414,0.08136213788811943,0.6549123335555391
25580,LOF,0.029741870321339254,0.07959691930258944,0.8906612103760712
25581,LOF,0.05360375628327946,0.06274482528710221,0.8836514184296184
25582,LOF,0.05328506325935828,0.061551526460650624,0.885163410279991
25583,LOF,0.038127294535506964,0.09142068285167311,0.87045202261282
25584,Neutral,0.4776832268253453,0.0971572438289943,0.42515952934566054
25585,LOF,0.02216864808630976,0.127805243393175,0.8500261085205152
25586,LOF,0.02775332223403187,0.0751657273116084,0.8970809504543599
25587,LOF,0.028276587108874294,0.07044653056784031,0.9012768823232854
25588,LOF,0.028168055281961202,0.08400695632380699,0.8878249883942317
25589,Neutral,0.6171120412111623,0.12846865972266697,0.2544192990661708
25590,LOF,0.03240949601900652,0.1268576438652101,0.8407328601157833
25591,LOF,0.09292329255862813,0.054553204770796386,0.8525235026705755
25592,LOF,0.09073776823412358,0.12788978557011862,0.7813724461957577
25593,LOF,0.03199694651733226,0.24575489878643264,0.722248154696235
25594,LOF,0.04689513895083837,0.1661755489635319,0.7869293120856297
25595,LOF,0.05206461981019924,0.11724140669332331,0.8306939734964774
25596,LOF,0.0514974447281465,0.09090784844559989,0.8575947068262536
25597,LOF,0.04170071152407035,0.10040827043478252,0.8578910180411471
25598,LOF,0.052966605068581196,0.11276199119857352,0.8342714037328453
25599,GOF,0.007560822693752781,0.6560105350269395,0.3364286422793075
25600,GOF,0.013706405930660049,0.5856505280101058,0.40064306605923417
25601,LOF,0.01043522490893327,0.453417209367996,0.5361475657230708
25602,LOF,0.024364879721108037,0.044076757737397325,0.9315583625414946
25603,LOF,0.059280851583832436,0.024509832699628968,0.9162093157165387
25604,LOF,0.03798142829824669,0.03713417900930585,0.9248843926924475
25605,LOF,0.011191842615087816,0.20967877634716275,0.7791293810377494
25606,LOF,0.06516421416416916,0.38084090976322355,0.5539948760726072
25607,LOF,0.0060525636793299755,0.19287598913722728,0.8010714471834427
25608,LOF,0.046935716182808104,0.06056334014234268,0.8925009436748492
25609,LOF,0.045085419880151835,0.4347479929935874,0.5201665871262607
25610,LOF,0.03446989434410689,0.03024017120078105,0.935289934455112
25611,LOF,0.04004635964570696,0.027433417071296495,0.9325202232829966
25612,LOF,0.09723815564479277,0.04246719179809262,0.8602946525571147
25613,LOF,0.07900337743456677,0.04409363574179082,0.8769029868236425
25614,LOF,0.026007593413165355,0.038821426155366476,0.9351709804314682
25615,LOF,0.04932314964923774,0.04453656869288464,0.9061402816578776
25616,LOF,0.025401421956606805,0.037341169941356965,0.9372574081020362
25617,LOF,0.024325232130183325,0.04238831751575593,0.9332864503540607
25618,LOF,0.12765671206340748,0.03390173328332425,0.8384415546532683
25619,LOF,0.02734790768614335,0.0366778145351969,0.9359742777786597
25620,LOF,0.030990483038439976,0.045056921480138325,0.9239525954814217
25621,LOF,0.028720007187342904,0.03661619288208787,0.9346637999305693
25622,LOF,0.03104390240805755,0.04193997134096773,0.9270161262509747
25623,LOF,0.05002310093122818,0.03974653678377687,0.9102303622849949
25624,LOF,0.024380037365385916,0.04901464144878349,0.9266053211858305
25625,LOF,0.033584197556945715,0.050553241805009176,0.9158625606380452
25626,LOF,0.08555062098953066,0.03877900932161749,0.8756703696888518
25627,Neutral,0.5581313565475775,0.10938463092593956,0.33248401252648296
25628,LOF,0.2224565073282847,0.049491662085503915,0.7280518305862115
25629,LOF,0.06335806479707032,0.05811956543189035,0.8785223697710395
25630,LOF,0.16915714682700975,0.0767852404199379,0.7540576127530524
25631,Neutral,0.6135667340870891,0.05342153589940839,0.33301173001350254
25632,LOF,0.015193584530768833,0.11258004660795831,0.8722263688612729
25633,LOF,0.18141734790020472,0.08062039473051659,0.7379622573692787
25634,LOF,0.03564323860579021,0.10933092420325653,0.8550258371909533
25635,LOF,0.03366367100460714,0.09224305540805196,0.8740932735873408
25636,GOF,0.0037095529666006976,0.6818486247263142,0.314441822307085
25637,GOF,0.0036432572542361838,0.691147802487483,0.3052089402582809
25638,LOF,0.008297434432201344,0.42512239845736544,0.5665801671104331
25639,GOF,0.0038152745805915657,0.5472853051121485,0.44889942030726016
25640,GOF,0.4452774664287814,0.48696164036182815,0.06776089320939048
25641,LOF,0.008189615166021987,0.3718394538500496,0.6199709309839285
25642,LOF,0.2684073008493423,0.0791086888980229,0.6524840102526349
25643,LOF,0.2672641524826261,0.18532507198894388,0.54741077552843
25644,GOF,0.013114019579193956,0.5435773943036638,0.4433085861171423
25645,LOF,0.01091168456142996,0.4709257017790311,0.5181626136595389
25646,LOF,0.017192937512338118,0.3326608226136851,0.6501462398739768
25647,LOF,0.014768116681797654,0.2845223882975186,0.7007094950206837
25648,LOF,0.012858035162225714,0.29550703893935004,0.6916349258984242
25649,LOF,0.010519377937995502,0.21334339131084948,0.776137230751155
25650,LOF,0.026220147774403464,0.48282683179485303,0.49095302043074335
25651,LOF,0.00850879380612814,0.2908400654256577,0.7006511407682142
25652,LOF,0.013361632981333691,0.261067349570001,0.7255710174486653
25653,LOF,0.0492281959991922,0.3690089166660755,0.5817628873347324
25654,LOF,0.014754148548031512,0.15073152302548426,0.8345143284264843
25655,LOF,0.06652090162806253,0.40731629921798884,0.5261627991539487
25656,LOF,0.08745389569294787,0.07771409885515038,0.8348320054519017
25657,LOF,0.290954447988846,0.03895522731746481,0.6700903246936892
25658,LOF,0.04294248145020431,0.0945064489473526,0.862551069602443
25659,LOF,0.29659596271579136,0.07157902939370296,0.6318250078905057
25660,LOF,0.06563539081206128,0.09678977393938094,0.8375748352485578
25661,LOF,0.04322245500136522,0.0751490723613889,0.881628472637246
25662,LOF,0.025483913135348812,0.05087911696759944,0.9236369698970518
25663,LOF,0.035938842042165894,0.07371100755967917,0.8903501503981549
25664,LOF,0.038232466735135674,0.08897126860148406,0.8727962646633803
25665,LOF,0.058442376002193076,0.04711439433786511,0.8944432296599418
25666,LOF,0.03549548089942407,0.13725110560338302,0.827253413497193
25667,LOF,0.03133007107704741,0.056549347897174064,0.9121205810257785
25668,LOF,0.03134636175525446,0.05912281029126087,0.9095308279534847
25669,LOF,0.03837086754710821,0.09138811022334453,0.8702410222295471
25670,LOF,0.0745076846861261,0.08707521617963551,0.8384170991342385
25671,LOF,0.038015853932453686,0.04831168485448813,0.9136724612130582
25672,LOF,0.06036777743649539,0.0664334582829142,0.8731987642805904
25673,LOF,0.0405656178985005,0.07858745640385088,0.8808469256976487
25674,LOF,0.0373573497724581,0.07950423882427389,0.8831384114032681
25675,LOF,0.04428062871508595,0.06956537115330579,0.8861540001316083
25676,LOF,0.032893103300437626,0.05821192614812747,0.908894970551435
25677,LOF,0.05789353134359618,0.07081106200488745,0.8712954066515164
25678,LOF,0.2853809697874614,0.03585171894828374,0.6787673112642548
25679,LOF,0.17780243586069622,0.07098611219480529,0.7512114519444985
25680,LOF,0.06008261412324781,0.10145682974784372,0.8384605561289085
25681,LOF,0.10675613291123943,0.09244819284148273,0.8007956742472778
25682,LOF,0.04201023217903598,0.08343847751009889,0.8745512903108651
25683,LOF,0.08313547563044082,0.11399259507597546,0.8028719292935838
25684,LOF,0.0566623312975872,0.08141938835575935,0.8619182803466534
25685,LOF,0.09124412831778696,0.06006666914849074,0.8486892025337223
25686,LOF,0.030289749269150363,0.09967071002009431,0.8700395407107554
25687,LOF,0.052820194352829454,0.07737625452134388,0.8698035511258267
25688,LOF,0.02493552392685905,0.08503556507698154,0.8900289109961593
25689,LOF,0.018807717424321583,0.07802300356548855,0.9031692790101898
25690,LOF,0.022203334164708065,0.08728512894775955,0.8905115368875324
25691,LOF,0.19100514497921578,0.1246757535438777,0.6843191014769066
25692,LOF,0.26874566076673645,0.01095602680206218,0.7202983124312015
25693,LOF,0.07560738466247761,0.1436976678602884,0.780694947477234
25694,LOF,0.24860419503909947,0.013381588753457714,0.7380142162074427
25695,LOF,0.16053618229172203,0.01753118292919245,0.8219326347790855
25696,LOF,0.18302408669343564,0.00890743058880186,0.8080684827177625
25697,LOF,0.1343745840536629,0.023289063474601183,0.8423363524717359
25698,LOF,0.039242806247109165,0.40208843740235417,0.5586687563505367
25699,LOF,0.06928946883758,0.07592031719815312,0.8547902139642668
25700,LOF,0.031295476040267396,0.011777817842319944,0.9569267061174127
25701,LOF,0.013147086009308036,0.08372947200188495,0.9031234419888071
25702,GOF,0.035935884895308065,0.7383600139002189,0.22570410120447315
25703,LOF,0.021816003102588404,0.19647800314016536,0.7817059937572463
25704,LOF,0.08939806610512561,0.15627458523244994,0.7543273486624243
25705,LOF,0.06160090493668925,0.22247008624009676,0.715929008823214
25706,GOF,0.05414373044196523,0.6368451468061923,0.3090111227518425
25707,GOF,0.031184265082133192,0.5512815046845342,0.41753423023333247
25708,LOF,0.008543366137837727,0.48174353224987254,0.5097131016122898
25709,LOF,0.01851715880894618,0.06038025461890284,0.9211025865721509
25710,LOF,0.008693622381498003,0.18276528482636611,0.8085410927921358
25711,LOF,0.020098039070322836,0.11207520698499963,0.8678267539446776
25712,LOF,0.009644264000233225,0.22585853231960246,0.7644972036801643
25713,LOF,0.018187470155657703,0.0991340850509865,0.8826784447933559
25714,LOF,0.019492188918636362,0.13573234433043635,0.8447754667509273
25715,LOF,0.018911862553823336,0.11506626849339893,0.8660218689527778
25716,LOF,0.012068880713634558,0.154784789192192,0.8331463300941735
25717,LOF,0.005697244222580857,0.13006804485302925,0.8642347109243899
25718,LOF,0.017358194253545057,0.06985078900548641,0.9127910167409685
25719,LOF,0.03338649845364216,0.08240181277655075,0.884211688769807
25720,LOF,0.02291558074345971,0.08026465650464855,0.8968197627518917
25721,LOF,0.022426951119018056,0.08840565797465835,0.8891673909063236
25722,LOF,0.017233887462183517,0.12243332938748464,0.8603327831503318
25723,LOF,0.02076207570416963,0.06913264368643406,0.9101052806093964
25724,LOF,0.02794499485233685,0.10201034512337824,0.8700446600242849
25725,LOF,0.02113392258593288,0.06425000280223088,0.9146160746118362
25726,LOF,0.01588235621399061,0.09485671308988183,0.8892609306961277
25727,LOF,0.019366618783522464,0.08048039296184335,0.9001529882546341
25728,LOF,0.01713320883533791,0.09718893376348932,0.8856778574011728
25729,LOF,0.01747320923505131,0.10131061833978379,0.8812161724251649
25730,LOF,0.018796291597500087,0.07973136172108053,0.9014723466814194
25731,LOF,0.010692474229540385,0.17583230769150338,0.8134752180789562
25732,LOF,0.018387820192892746,0.08439448495203938,0.897217694855068
25733,LOF,0.030827967135660272,0.08341130042462022,0.8857607324397195
25734,LOF,0.006610069985266629,0.20828045280059168,0.7851094772141416
25735,LOF,0.02262295174198872,0.06741993705034618,0.9099571112076652
25736,LOF,0.022063515964568754,0.10791683863450233,0.8700196454009289
25737,LOF,0.04055987347586649,0.09102683594258171,0.8684132905815518
25738,LOF,0.019706167604747513,0.1403397786096641,0.8399540537855884
25739,LOF,0.02187923559360889,0.13286278864557988,0.8452579757608112
25740,LOF,0.0486210742525299,0.12678014050640013,0.82459878524107
25741,LOF,0.0263359562200266,0.1055287954248596,0.8681352483551138
25742,LOF,0.036795796461841196,0.12195839469902504,0.8412458088391337
25743,LOF,0.012690672237236434,0.04511573160817834,0.9421935961545853
25744,GOF,0.1504251358646118,0.4399711033818201,0.4096037607535681
25745,LOF,0.02497430138014005,0.08094379204818825,0.8940819065716716
25746,LOF,0.012916345270435408,0.10138806230127899,0.8856955924282855
25747,LOF,0.034396461551548886,0.03464168988391042,0.9309618485645406
25748,LOF,0.2908934783077275,0.056066664168238856,0.6530398575240337
25749,LOF,0.014001460066154721,0.0611459887015266,0.9248525512323187
25750,LOF,0.01554459652760418,0.09009675875145823,0.8943586447209377
25751,LOF,0.03672754113838254,0.06944695640240495,0.8938255024592126
25752,GOF,0.1041755558087455,0.6748540158809774,0.22097042831027713
25753,LOF,0.007284607050892108,0.3704885249059675,0.6222268680431404
25754,GOF,0.005538972070299998,0.8654040964085241,0.12905693152117592
25755,LOF,0.009348205498933084,0.43829602376800186,0.552355770733065
25756,LOF,0.0457937501157263,0.4568066994274937,0.4973995504567802
25757,GOF,0.00616074620236388,0.8803363428204349,0.11350291097720126
25758,GOF,0.008935862893290347,0.8788368086666013,0.11222732844010837
25759,GOF,0.005287834844459556,0.5907279523528457,0.4039842128026946
25760,LOF,0.007250298289179118,0.3047610974930861,0.6879886042177348
25761,GOF,0.044639312462584596,0.8642108146756506,0.09114987286176462
25762,LOF,0.028234103341313835,0.3926587578691954,0.5791071387894908
25763,LOF,0.007879455243939563,0.24136968792061667,0.7507508568354437
25764,GOF,0.06967931729409503,0.6254766211072659,0.3048440615986391
25765,GOF,0.008629772654206268,0.8595881935270688,0.13178203381872486
25766,GOF,0.047039605543622194,0.8114983477400842,0.1414620467162937
25767,GOF,0.012146337819406406,0.5772054077764819,0.41064825440411173
25768,LOF,0.035328228904174995,0.08963561656769144,0.8750361545281337
25769,LOF,0.021420313118732926,0.0874918671679525,0.8910878197133145
25770,LOF,0.15023887435415564,0.07218705181429187,0.7775740738315524
25771,LOF,0.012292384109658064,0.08341986715234044,0.9042877487380014
25772,LOF,0.024680933998284013,0.03186043959257863,0.9434586264091372
25773,LOF,0.013198508616638398,0.08794359159803636,0.8988578997853253
25774,LOF,0.02866121447524421,0.09861530189381666,0.8727234836309392
25775,LOF,0.01942674889103256,0.046026030024128715,0.9345472210848387
25776,LOF,0.024871785004107614,0.02814643251742633,0.9469817824784661
25777,LOF,0.1910584666329285,0.07432553199702838,0.7346160013700432
25778,LOF,0.019198084663349695,0.05719431784988231,0.923607597486768
25779,GOF,0.04397003863135434,0.9004194485809767,0.05561051278766891
25780,GOF,0.07307589909321364,0.8848538596709689,0.042070241235817527
25781,GOF,0.023031026560956805,0.8868505824912518,0.09011839094779132
25782,GOF,0.02886035225438541,0.9070599167657012,0.06407973097991343
25783,GOF,0.018504676317126892,0.805199773792575,0.1762955498902981
25784,GOF,0.11585757479047165,0.8536506634954223,0.03049176171410591
25785,GOF,0.05964968086296583,0.8973749300284751,0.04297538910855893
25786,GOF,0.005447943746520458,0.8388271397189117,0.15572491653456777
25787,GOF,0.17230139329671537,0.7935056917560555,0.03419291494722918
25788,LOF,0.014566017314245753,0.2190545422978788,0.7663794403878754
25789,GOF,0.019470532533646515,0.8677244993407895,0.112804968125564
25790,GOF,0.020102915124508798,0.8824219362209739,0.09747514865451729
25791,GOF,0.013976157037270147,0.8325537545747501,0.15347008838797976
25792,GOF,0.023652190731979397,0.8467488164326575,0.12959899283536316
25793,GOF,0.07901106245896272,0.841330138571646,0.07965879896939133
25794,GOF,0.06098625921973927,0.7718762937454919,0.1671374470347688
25795,GOF,0.06467971632950191,0.7722710931318522,0.16304919053864583
25796,GOF,0.08335617586365537,0.8275129584390947,0.08913086569724993
25797,GOF,0.03482518996872476,0.718025632788844,0.24714917724243118
25798,GOF,0.0030936385304677324,0.6782379013432666,0.3186684601262656
25799,GOF,0.002772914767944494,0.566283143234824,0.4309439419972315
25800,GOF,0.014144098239071125,0.7772916241315893,0.20856427762933955
25801,GOF,0.017220645595062648,0.8804561706933209,0.10232318371161642
25802,GOF,0.021116302983633487,0.8322812225753837,0.14660247444098284
25803,GOF,0.011624660703205007,0.7381670267646645,0.25020831253213055
25804,GOF,0.01250177617349107,0.6438362750562165,0.34366194877029244
25805,GOF,0.020898089200943777,0.7214933487700809,0.2576085620289753
25806,GOF,0.01765891243642175,0.7879468665745561,0.19439422098902215
25807,GOF,0.004454448343842873,0.757373443220593,0.23817210843556427
25808,GOF,0.013640169207869748,0.7745014355141574,0.21185839527797282
25809,GOF,0.006481523917789018,0.7540200512623179,0.23949842481989303
25810,GOF,0.005792066940104616,0.7637054338793134,0.23050249918058194
25811,GOF,0.05483509474323702,0.8769349982810354,0.06822990697572758
25812,GOF,0.017613950248193937,0.7615840203491855,0.2208020294026207
25813,GOF,0.09724937399208526,0.8108360891505108,0.09191453685740408
25814,GOF,0.026570225551916533,0.785368234663913,0.18806153978417056
25815,GOF,0.057170961527284486,0.8409812679060257,0.10184777056668973
25816,GOF,0.006225444634306874,0.8596624447552459,0.13411211061044734
25817,GOF,0.09025643499842506,0.802456609376091,0.10728695562548396
25818,GOF,0.02408607246975705,0.829327359157799,0.14658656837244383
25819,GOF,0.06505071212724527,0.7787141056002043,0.1562351822725506
25820,GOF,0.02979783914317874,0.7654796027918847,0.20472255806493667
25821,GOF,0.019434590980482915,0.7621506310873503,0.21841477793216688
25822,GOF,0.04135509356466784,0.7796822239232231,0.17896268251210923
25823,GOF,0.014727552333260946,0.6675719959876069,0.3177004516791321
25824,GOF,0.025903755639533087,0.7791348810097569,0.19496136335070993
25825,GOF,0.01527274543477153,0.7643556358862659,0.2203716186789626
25826,GOF,0.005132011462954766,0.7308263066045863,0.2640416819324589
25827,GOF,0.007149066199509532,0.7144580069735185,0.27839292682697203
25828,GOF,0.005572229613480144,0.686231388716953,0.308196381669567
25829,GOF,0.002863574465917244,0.7207284300287878,0.27640799550529493
25830,GOF,0.03561329634001199,0.5272827422606995,0.43710396139928853
25831,GOF,0.08271982192448019,0.8099615524015242,0.10731862567399557
25832,GOF,0.009009124348256495,0.8262333923826807,0.16475748326906292
25833,GOF,0.03607616527492019,0.8658212368892573,0.0981025978358224
25834,GOF,0.009289888011722298,0.8393870712482899,0.15132304073998798
25835,GOF,0.021161172625127598,0.88123630723703,0.0976025201378424
25836,GOF,0.007031112639220645,0.8431388155387712,0.1498300718220081
25837,GOF,0.00680017804824995,0.7475569041371007,0.2456429178146493
25838,GOF,0.02336582457788199,0.8824452727873517,0.09418890263476634
25839,GOF,0.035476584857602,0.8705715273504758,0.09395188779192228
25840,GOF,0.07213298784499245,0.8487391609399219,0.07912785121508578
25841,GOF,0.07142074774611058,0.8591006659655671,0.06947858628832222
25842,GOF,0.024039827158212325,0.8998943615201219,0.07606581132166573
25843,GOF,0.02576164759617967,0.9062341221334447,0.06800423027037564
25844,GOF,0.014184129140872631,0.8645200821195042,0.12129578873962311
25845,GOF,0.005103492494791872,0.6679709967961295,0.32692551070907877
25846,GOF,0.07389467649345743,0.8510843827318837,0.07502094077465896
25847,GOF,0.014918226261557845,0.9185713031589893,0.06651047057945304
25848,GOF,0.017223869880318033,0.8714967293422858,0.11127940077739608
25849,GOF,0.004802041022789767,0.7686905986834536,0.22650736029375654
25850,GOF,0.005879584017202439,0.7883184731953191,0.20580194278747857
25851,GOF,0.005189908001595491,0.6763917984198058,0.3184182935785987
25852,GOF,0.14116527876655297,0.6029070461263909,0.25592767510705616
25853,GOF,0.06976238249868265,0.8482468464670306,0.08199077103428684
25854,GOF,0.005213383130627134,0.7161626843925989,0.2786239324767741
25855,GOF,0.01561325572023193,0.666824143455562,0.3175626008242061
25856,GOF,0.03443763105721024,0.8143099911094958,0.15125237783329404
25857,GOF,0.01697914950217322,0.6621838601296726,0.32083699036815416
25858,GOF,0.009432568822133463,0.6954304398166606,0.29513699136120586
25859,GOF,0.005645498961217519,0.6633467807824406,0.331007720256342
25860,GOF,0.09881471028294289,0.8238838928547604,0.07730139686229662
25861,GOF,0.07504001035787469,0.8445885857836474,0.08037140385847799
25862,GOF,0.017726666509725073,0.8738286657343742,0.10844466775590061
25863,GOF,0.01994809159117914,0.8890286556230454,0.09102325278577536
25864,GOF,0.04422181407459799,0.8913333392555505,0.0644448466698516
25865,GOF,0.03296178638007487,0.8614617267826051,0.10557648683731995
25866,GOF,0.02365893416357233,0.8790558740261794,0.09728519181024838
25867,GOF,0.029427186789130432,0.8920743211453722,0.07849849206549737
25868,GOF,0.05368073514102371,0.848480979114336,0.09783828574464036
25869,GOF,0.34228345131521676,0.5939155515467459,0.0638009971380373
25870,GOF,0.0612420572135561,0.686884472656105,0.2518734701303389
25871,GOF,0.008276076127777643,0.8986252146969743,0.09309870917524789
25872,GOF,0.02090781572463979,0.8904614271723559,0.0886307571030044
25873,GOF,0.02070154837473814,0.9054654281457296,0.07383302347953218
25874,LOF,0.01570883592460073,0.23600111058763834,0.748290053487761
25875,LOF,0.05784833872928042,0.04822555199453361,0.893926109276186
25876,LOF,0.017579934564944357,0.04455433181294932,0.9378657336221063
25877,LOF,0.12027962458677109,0.09166341899562425,0.7880569564176045
25878,LOF,0.07213857934494886,0.11869777441463064,0.8091636462404206
25879,LOF,0.028845005773151477,0.08674588521660061,0.8844091090102479
25880,LOF,0.05510038665872918,0.014178234750324719,0.9307213785909461
25881,Neutral,0.5073203338037159,0.06833436221892952,0.42434530397735465
25882,LOF,0.08880925137684849,0.02780604328543118,0.8833847053377204
25883,LOF,0.02987067459488581,0.02748847814059785,0.9426408472645162
25884,LOF,0.022884840631899436,0.05442298068695099,0.9226921786811496
25885,LOF,0.22841514494611392,0.012223998138188764,0.7593608569156972
25886,LOF,0.2900932603916261,0.05759182900289217,0.6523149106054819
25887,LOF,0.16412822209639327,0.07028818139897762,0.7655835965046291
25888,LOF,0.01197544772431002,0.14083008692205443,0.8471944653536356
25889,LOF,0.028737176323397964,0.03772393069139646,0.9335388929852055
25890,LOF,0.13980614953834633,0.11030783773144809,0.7498860127302056
25891,LOF,0.0987224681719571,0.03204726187683029,0.8692302699512126
25892,LOF,0.008084118052891796,0.03209681967360558,0.9598190622735027
25893,LOF,0.387130139333856,0.008097255034688552,0.6047726056314554
25894,LOF,0.4218809815486663,0.0049431698234684825,0.5731758486278652
25895,LOF,0.32689149112170574,0.012119954489856984,0.6609885543884373
25896,LOF,0.06379894061687351,0.01637314392710919,0.9198279154560174
25897,LOF,0.19585222955427728,0.008193064652793715,0.7959547057929289
25898,LOF,0.19032514767748707,0.02619738157652619,0.7834774707459868
25899,LOF,0.45276669814021714,0.015189222598665923,0.5320440792611169
25900,LOF,0.4451728561270715,0.009031444601518496,0.54579569927141
25901,LOF,0.05818045720689387,0.007431748226812485,0.9343877945662937
25902,LOF,0.18877129728828557,0.008601869485487539,0.8026268332262269
25903,LOF,0.3849934212322629,0.02298033662861458,0.5920262421391226
25904,Neutral,0.4928912382554285,0.02378527580561535,0.483323485938956
25905,LOF,0.004705864654328496,0.48355370385739105,0.5117404314882805
25906,LOF,0.008672509243758356,0.11241992274477744,0.8789075680114643
25907,LOF,0.004493665178233514,0.3588423841586358,0.6366639506631306
25908,LOF,0.004695254207138743,0.2652580889024258,0.7300466568904354
25909,LOF,0.02435330604813932,0.15820034113929657,0.8174463528125642
25910,LOF,0.011699642726748272,0.13281820889491103,0.8554821483783407
25911,LOF,0.3059102643307643,0.04598168563030799,0.6481080500389277
25912,LOF,0.08297047914546377,0.050359499050293785,0.8666700218042425
25913,LOF,0.03765853721662593,0.06640283635472174,0.8959386264286523
25914,LOF,0.03875091753733833,0.04565415471824527,0.9155949277444164
25915,LOF,0.19989239621349714,0.1867071792624474,0.6134004245240554
25916,LOF,0.033232248502103746,0.1274306498555987,0.8393371016422975
25917,LOF,0.0741663809372312,0.03943885931173718,0.8863947597510315
25918,LOF,0.04222728209518787,0.02871709428473566,0.9290556236200764
25919,LOF,0.03738832134183814,0.02830049169726327,0.9343111869608985
25920,LOF,0.2711098676208789,0.20751205492357874,0.5213780774555424
25921,LOF,0.014776776726637802,0.04103621725612036,0.9441870060172418
25922,LOF,0.019040064655542782,0.034149124555708545,0.9468108107887487
25923,LOF,0.4542141500943643,0.032782044411603116,0.5130038054940327
25924,LOF,0.022551043398195355,0.05712917364790953,0.920319782953895
25925,LOF,0.08283783628344694,0.04824533008428125,0.8689168336322718
25926,LOF,0.06774527268593081,0.04336099097649357,0.8888937363375757
25927,LOF,0.026219041811046936,0.06415718621612056,0.9096237719728325
25928,LOF,0.010161717743282873,0.05708336310513588,0.9327549191515812
25929,Neutral,0.5593807971835502,0.03131002990098371,0.40930917291546615
25930,LOF,0.08565863223666359,0.02989402197265439,0.8844473457906821
25931,LOF,0.01357528440003336,0.039250830741419204,0.9471738848585475
25932,LOF,0.0678434992031015,0.03074796562164642,0.9014085351752522
25933,LOF,0.06329366769747229,0.019141877469524775,0.9175644548330029
25934,LOF,0.05937145930072763,0.017900367965637477,0.9227281727336349
25935,LOF,0.07682719666339305,0.06265292218241975,0.8605198811541872
25936,LOF,0.09499378491712823,0.019899131683412,0.8851070833994598
25937,LOF,0.019609110360778847,0.04160038185081524,0.9387905077884059
25938,LOF,0.07402092310910334,0.05088764577123976,0.8750914311196568
25939,LOF,0.043961156594199184,0.025046339405078426,0.9309925040007223
25940,LOF,0.008121940806473426,0.37419615528433653,0.6176819039091901
25941,Neutral,0.5067887062619683,0.046033763148353404,0.44717753058967835
25942,LOF,0.009078730951010763,0.04780048781787861,0.9431207812311106
25943,LOF,0.03689576769137319,0.18299817420492692,0.7801060581036999
25944,LOF,0.05543676436480662,0.08101881616101686,0.8635444194741765
25945,LOF,0.11608339414256093,0.021964622469376263,0.8619519833880628
25946,LOF,0.06915865089075549,0.04390859143652372,0.8869327576727207
25947,LOF,0.4360290261161884,0.1268824394551812,0.4370885344286304
25948,LOF,0.42195727668169275,0.01704592328776175,0.5609968000305454
25949,LOF,0.1473582248165218,0.07220723914763998,0.7804345360358382
25950,GOF,0.05402866882844652,0.594150063695784,0.3518212674757696
25951,LOF,0.01061568135936244,0.4390656839924315,0.5503186346482061
25952,LOF,0.3111622976878979,0.2948051277632425,0.3940325745488596
25953,LOF,0.007574777685880481,0.19148867788877263,0.8009365444253468
25954,GOF,0.08622447824103345,0.49662854367889936,0.4171469780800671
25955,LOF,0.005121079506607202,0.19636427153214944,0.7985146489612434
25956,LOF,0.020215656151333933,0.2523057137951327,0.7274786300535333
25957,LOF,0.1804322063436578,0.02989280419165829,0.7896749894646838
25958,LOF,0.03519863823055076,0.04126674192621336,0.9235346198432358
25959,GOF,0.01419749078147936,0.6731618020853943,0.3126407071331262
25960,LOF,0.006353625993128532,0.0677486974202559,0.9258976765866155
25961,LOF,0.033113034928260905,0.03684905799117754,0.9300379070805614
25962,LOF,0.04539340144914021,0.06652998326656726,0.8880766152842925
25963,LOF,0.005697393984331095,0.18420537284860855,0.8100972331670603
25964,LOF,0.02722610999821099,0.11501375129941267,0.8577601387023763
25965,LOF,0.2527777208609529,0.11877818055391465,0.6284440985851324
25966,Neutral,0.4451178393563148,0.15112787371659758,0.4037542869270875
25967,LOF,0.008563859690942623,0.09582009048772233,0.8956160498213349
25968,LOF,0.04070165213699256,0.254207507762709,0.7050908401002984
25969,LOF,0.1717275099131097,0.05349816250645081,0.7747743275804396
25970,LOF,0.02867651664371261,0.08953593883655944,0.881787544519728
25971,LOF,0.07969851866435791,0.028704159512923294,0.8915973218227188
25972,LOF,0.06944063170844979,0.04787237050246021,0.88268699778909
25973,LOF,0.06483115624696659,0.009159479355512926,0.9260093643975204
25974,LOF,0.05360119462282863,0.04348825479695717,0.9029105505802142
25975,LOF,0.04329558931246407,0.020453584188852163,0.9362508264986837
25976,LOF,0.10227611505481904,0.010104529779627617,0.8876193551655533
25977,LOF,0.20922839082106284,0.07252706956291873,0.7182445396160184
25978,LOF,0.1914193543915528,0.10776549279118572,0.7008151528172615
25979,LOF,0.1585578462918003,0.12120944316688852,0.7202327105413112
25980,LOF,0.26567121775837016,0.1735239004311988,0.5608048818104311
25981,LOF,0.26596355747977385,0.17592965635850513,0.558106786161721
25982,Neutral,0.49522799999340394,0.07950632011622975,0.42526567989036623
25983,Neutral,0.48450667519679663,0.09797857533100046,0.417514749472203
25984,LOF,0.03942233790365643,0.09281495074201912,0.8677627113543244
25985,LOF,0.40558892602598834,0.136442220905272,0.4579688530687396
25986,LOF,0.012798125528552001,0.4253603176248116,0.5618415568466364
25987,LOF,0.04812303761206841,0.10709350044875786,0.8447834619391736
25988,LOF,0.037591238843110525,0.15048097534978783,0.8119277858071017
25989,LOF,0.03692691833327403,0.19539602539313208,0.7676770562735938
25990,LOF,0.040820579787925276,0.2914532731599545,0.6677261470521203
25991,LOF,0.029843477822730276,0.41559269873580956,0.5545638234414603
25992,LOF,0.026843112123284975,0.42871407818983537,0.5444428096868796
25993,LOF,0.02793292834623207,0.07749458957887645,0.8945724820748916
25994,LOF,0.024255658289674728,0.07523003864876995,0.9005143030615553
25995,LOF,0.022402852747332145,0.1380942507952145,0.8395028964574534
25996,Neutral,0.35764677754150376,0.3258978681652785,0.3164553542932177
25997,LOF,0.07274359386908359,0.3854205929906185,0.5418358131402979
25998,LOF,0.3175819011418069,0.039161784946079595,0.6432563139121135
25999,LOF,0.025608425437199423,0.19666235761686462,0.777729216945936
26000,LOF,0.18453428205884825,0.03315050401027367,0.782315213930878
26001,LOF,0.2638981517992456,0.04862057734152669,0.6874812708592277
26002,LOF,0.1262625554818375,0.0478895725864919,0.8258478719316706
26003,GOF,0.005660684134704647,0.6403469603936062,0.3539923554716893
26004,GOF,0.009185036018910285,0.7085227123762631,0.28229225160482674
26005,LOF,0.003852311080691015,0.49334560387019827,0.5028020850491107
26006,GOF,0.11161476872119293,0.5540198164972103,0.33436541478159676
26007,GOF,0.007509250560744328,0.5452020421609093,0.44728870727834646
26008,GOF,0.005274702042627909,0.6206804320121778,0.3740448659451943
26009,GOF,0.007651440524353251,0.6708656412026683,0.32148291827297837
26010,GOF,0.007917833657255078,0.6284798780835589,0.36360228825918606
26011,LOF,0.0033693220408551605,0.4414366467010891,0.5551940312580558
26012,GOF,0.0038771675524082922,0.5147976009229666,0.48132523152462514
26013,GOF,0.010603086678830772,0.5967966610418383,0.39260025227933093
26014,LOF,0.062324751860396585,0.11774163686163766,0.8199336112779657
26015,LOF,0.3341124261821688,0.03111432446846673,0.6347732493493644
26016,LOF,0.29090768418507057,0.042730889014867206,0.6663614268000622
26017,LOF,0.018704220056436984,0.2151411776744797,0.7661546022690833
26018,LOF,0.02531198655159653,0.05725938274232195,0.9174286307060815
26019,LOF,0.02467972023306357,0.05154438662727081,0.9237758931396657
26020,LOF,0.009484523981267446,0.2077335316471625,0.7827819443715701
26021,LOF,0.08970356547252453,0.08118561144755264,0.8291108230799228
26022,LOF,0.036346838177595014,0.03485091872344101,0.928802243098964
26023,LOF,0.02523540841825048,0.03962872170054147,0.9351358698812081
26024,LOF,0.05520713716997114,0.06811704822470473,0.8766758146053241
26025,LOF,0.07440422344204829,0.08035122032044066,0.8452445562375109
26026,LOF,0.09527641595767951,0.0682522082790115,0.836471375763309
26027,LOF,0.02452017424574689,0.028828470507612884,0.9466513552466402
26028,LOF,0.11552052343779746,0.16164907854440974,0.7228303980177928
26029,LOF,0.0213856098216012,0.20877586947760368,0.7698385207007952
26030,LOF,0.1725239814868297,0.024892351558250075,0.8025836669549202
26031,LOF,0.00981316761732091,0.17278577850201948,0.8174010538806596
26032,LOF,0.04750965668826616,0.054751707315156835,0.8977386359965771
26033,LOF,0.06276273084266812,0.05127361417182053,0.8859636549855114
26034,LOF,0.011006611926961344,0.1739704116289419,0.8150229764440967
26035,LOF,0.012234819606922142,0.11430089546919261,0.8734642849238853
26036,LOF,0.011856968763427095,0.12763905431022482,0.8605039769263482
26037,LOF,0.009680614366125597,0.11044854855174112,0.8798708370821333
26038,LOF,0.040786045248300186,0.04903140102071004,0.9101825537309899
26039,LOF,0.02322748563928779,0.15192554381777648,0.8248469705429358
26040,LOF,0.10927657864268807,0.12393345903367323,0.7667899623236387
26041,LOF,0.01315706436817858,0.08869940888410542,0.8981435267477159
26042,LOF,0.012058660514325335,0.10312814292921607,0.8848131965564586
26043,LOF,0.03989037647667142,0.07133781972857624,0.8887718037947524
26044,LOF,0.012046745144046436,0.05916284191286502,0.9287904129430885
26045,LOF,0.0829543647081054,0.11066173728354595,0.8063838980083488
26046,LOF,0.03414883588374706,0.05552228637206915,0.9103288777441838
26047,LOF,0.05957470313942861,0.05315185369788734,0.8872734431626842
26048,LOF,0.06630328422260891,0.028663494604365434,0.9050332211730256
26049,Neutral,0.9419106840654095,0.008660204022922769,0.049429111911667815
26050,Neutral,0.9146199069253876,0.00922442176601078,0.07615567130860151
26051,LOF,0.01741598787163454,0.10629773914929884,0.8762862729790667
26052,LOF,0.02933291208242742,0.1236722515071838,0.8469948364103888
26053,LOF,0.025915303547101434,0.17193661743646077,0.8021480790164378
26054,LOF,0.049142101952154835,0.02765104057546185,0.9232068574723834
26055,LOF,0.06994778033554155,0.025166185207286453,0.904886034457172
26056,LOF,0.05689815316596463,0.03109009270758843,0.912011754126447
26057,LOF,0.06393273066163797,0.01535343833094988,0.9207138310074121
26058,LOF,0.06859903783504866,0.012158618325222328,0.919242343839729
26059,LOF,0.18712179963559517,0.03105811017242226,0.7818200901919825
26060,LOF,0.016883234600054284,0.17361739926953432,0.8094993661304115
26061,LOF,0.011996053714939003,0.009817903913992362,0.9781860423710687
26062,LOF,0.006167899599799429,0.018580653735482726,0.9752514466647177
26063,LOF,0.04155483690759763,0.011459238367865386,0.9469859247245371
26064,LOF,0.010808484194043221,0.02951724175679135,0.9596742740491654
26065,LOF,0.047883510867844876,0.012744242892058479,0.9393722462400965
26066,LOF,0.04721380526645129,0.01089589890657036,0.9418902958269783
26067,LOF,0.056771994924693654,0.009942535856102426,0.9332854692192039
26068,LOF,0.05627155863892001,0.038979476124106446,0.9047489652369736
26069,LOF,0.15758591379891956,0.02723363444960236,0.8151804517514781
26070,LOF,0.33561250905830464,0.022814520527589272,0.6415729704141061
26071,LOF,0.04736399771135046,0.012249959967104068,0.9403860423215453
26072,LOF,0.01021983344938609,0.021156144920077186,0.9686240216305367
26073,LOF,0.04204240633965909,0.01477713744790935,0.9431804562124316
26074,Neutral,0.9121064841047148,0.008834516812158596,0.07905899908312664
26075,LOF,0.05876477963069425,0.020301736382046093,0.9209334839872597
26076,LOF,0.05336615845187184,0.012296912582395018,0.9343369289657332
26077,LOF,0.14374727132334147,0.007318772925674255,0.8489339557509842
26078,LOF,0.00808579060068478,0.015844174840889357,0.9760700345584258
26079,LOF,0.06971010739624389,0.02039167082400323,0.909898221779753
26080,LOF,0.0681298687710537,0.020455917098773424,0.9114142141301729
26081,LOF,0.03669019538419336,0.009289862748040658,0.954019941867766
26082,LOF,0.007173295195122144,0.016335141938186946,0.9764915628666909
26083,LOF,0.1209018944618613,0.020498576442969936,0.8585995290951688
26084,LOF,0.11841518342230423,0.015512692752176318,0.8660721238255193
26085,LOF,0.10873879581012354,0.013016262115397678,0.8782449420744787
26086,LOF,0.041650562896092064,0.012695660411049284,0.9456537766928588
26087,LOF,0.04037196512563999,0.01069038240056936,0.9489376524737906
26088,LOF,0.007970651811418459,0.021737756946055366,0.9702915912425261
26089,LOF,0.04454036324935611,0.033046398955908024,0.9224132377947359
26090,LOF,0.04528069171070033,0.02501903348126807,0.9297002748080316
26091,LOF,0.034317493760133634,0.007910655207053084,0.9577718510328133
26092,LOF,0.04996026310566009,0.008599635687037996,0.941440101207302
26093,LOF,0.08876879566019767,0.005898291559388538,0.9053329127804137
26094,LOF,0.03853331618761461,0.007233432160041963,0.9542332516523435
26095,LOF,0.03940460310954399,0.016232553115087898,0.944362843775368
26096,LOF,0.19620180976491258,0.005371785248350125,0.7984264049867373
26097,LOF,0.007531652633326845,0.03194011607158705,0.9605282312950861
26098,LOF,0.07416985811854557,0.017195496864324224,0.9086346450171302
26099,LOF,0.05032755293640832,0.015812336722930427,0.9338601103406613
26100,LOF,0.05032755293640832,0.015812336722930427,0.9338601103406613
26101,LOF,0.05972273731690698,0.03014057297806151,0.9101366897050315
26102,LOF,0.03846275341695143,0.0176869688840547,0.9438502776989938
26103,Neutral,0.8845942830552527,0.025788363933841815,0.08961735301090562
26104,LOF,0.061954224444166775,0.03933602996792336,0.8987097455879098
26105,LOF,0.26089780841532817,0.15211075097174906,0.5869914406129227
26106,LOF,0.3129108848534928,0.10903919192869113,0.5780499232178161
26107,LOF,0.02171157051895896,0.08954575967367491,0.8887426698073662
26108,LOF,0.2694052131073021,0.04576785531507839,0.6848269315776195
26109,LOF,0.08368474137935478,0.03947938091557759,0.8768358777050677
26110,LOF,0.4626253696756999,0.008742395072169175,0.528632235252131
26111,LOF,0.05766791694322558,0.13971769254664446,0.80261439051013
26112,LOF,0.05838506012895288,0.00846319140899283,0.9331517484620542
26113,LOF,0.11406046146157398,0.02171298991476519,0.8642265486236608
26114,LOF,0.09204843831121451,0.010065085374673115,0.8978864763141124
26115,LOF,0.018249169506928866,0.04506926220531898,0.9366815682877521
26116,LOF,0.07337120443446667,0.01906933262577847,0.9075594629397549
26117,LOF,0.357636841289098,0.02844296556396245,0.6139201931469396
26118,LOF,0.051190941251583875,0.013407220185664797,0.9354018385627514
26119,LOF,0.006952354013922964,0.03456610248867632,0.9584815434974007
26120,LOF,0.036403281595740675,0.012949338586692075,0.9506473798175673
26121,LOF,0.003852867505247324,0.10894943136443487,0.8871977011303178
