feature0,prediction,LoGoFunc_Neutral,LoGoFunc_GOF,LoGoFunc_LOF
25546,Neutral,0.759242838246452,0.029811341462221846,0.21094582029132614
25547,Neutral,0.6050237037615671,0.0586988644102162,0.3362774318282168
25548,Neutral,0.6250761071920372,0.046141318052989086,0.32878257475497363
25549,Neutral,0.5469288046642442,0.04502354588932028,0.40804764944643557
25550,LOF,0.3763682607734828,0.09719667922272365,0.5264350600037935
25551,LOF,0.30764360946398156,0.11042544708015915,0.5819309434558593
25552,LOF,0.23057638150986376,0.10353933895348813,0.6658842795366481
25553,Neutral,0.8543607893264589,0.02358373037608323,0.12205548029745782
25554,LOF,0.2638553339176644,0.09718204632103217,0.6389626197613035
25555,LOF,0.22347924801320096,0.08293099468680973,0.6935897572999894
25556,Neutral,0.48225970020354714,0.0754076753728075,0.44233262442364535
25557,LOF,0.21207680270363527,0.08947477933749758,0.6984484179588673
25558,LOF,0.25103710887486447,0.09656369202817684,0.6523991990969586
25559,LOF,0.3975389418642323,0.12158852815262707,0.4808725299831407
25560,LOF,0.056666043975730315,0.11822288100118433,0.8251110750230853
25561,LOF,0.12261239461876768,0.11478522432801586,0.7626023810532165
25562,LOF,0.08839139442367173,0.07079801916793409,0.8408105864083941
25563,LOF,0.1141528182359974,0.06065529379659712,0.8251918879674055
25564,LOF,0.2679655451356076,0.10541645069045089,0.6266180041739414
25565,LOF,0.14703163822457851,0.12566021235139616,0.7273081494240254
25566,GOF,0.01192885569586141,0.7663960549940976,0.22167508931004107
25567,LOF,0.019297735644438666,0.18301225689618633,0.7976900074593751
25568,LOF,0.05500731548979385,0.06536714320176454,0.8796255413084416
25569,LOF,0.059357980713741994,0.06506309831657119,0.8755789209696868
25570,LOF,0.052932463019273526,0.10887675672694892,0.8381907802537776
25571,LOF,0.04765338871064643,0.10141244821251401,0.8509341630768397
25572,LOF,0.06857547267817447,0.12489173270337699,0.8065327946184486
25573,LOF,0.03463740562617119,0.09569473705600717,0.8696678573178216
25574,LOF,0.02023505260837644,0.15401606913178903,0.8257488782598345
25575,LOF,0.04211391841544153,0.11697155842627273,0.8409145231582857
25576,LOF,0.020079579859024685,0.1301267868357651,0.8497936333052102
25577,LOF,0.015798646202179415,0.12332570135209832,0.8608756524457223
25578,LOF,0.285786136076486,0.08968939119030891,0.6245244727332051
25579,LOF,0.12044604535209089,0.1082499762269394,0.7713039784209698
25580,LOF,0.0283530967859524,0.08965114012241084,0.8819957630916367
25581,LOF,0.05155118156120602,0.06811127243960552,0.8803375459991885
25582,LOF,0.05106992016931093,0.06694207551556998,0.881988004315119
25583,LOF,0.03328388724357496,0.09731559391027372,0.8694005188461513
25584,Neutral,0.49635900630132784,0.11738491061960739,0.3862560830790647
25585,LOF,0.01979477508468283,0.13065581525254252,0.8495494096627747
25586,LOF,0.027776479641651388,0.07631341865825282,0.8959101017000958
25587,LOF,0.02784026052291368,0.0744062791399363,0.89775346033715
25588,LOF,0.028307258680061967,0.09100207043002946,0.8806906708899085
25589,Neutral,0.6472360557291331,0.12130440723536227,0.23145953703550454
25590,LOF,0.036605643035408204,0.12549381275477695,0.8379005442098147
25591,LOF,0.09917093202401889,0.05745381132387636,0.8433752566521048
25592,LOF,0.0967323826028864,0.13921576854367793,0.7640518488534357
25593,LOF,0.031915432864219766,0.2704039369755964,0.6976806301601838
25594,LOF,0.04423003154983588,0.16781030263843755,0.7879596658117267
25595,LOF,0.055432343929427,0.10660137263462392,0.8379662834359491
25596,LOF,0.052338207773942116,0.09242423057389089,0.8552375616521669
25597,LOF,0.035942912991223555,0.0885523523603649,0.8755047346484116
25598,LOF,0.050532891726059265,0.1104292743045937,0.839037833969347
25599,GOF,0.006594772294474883,0.617912704717573,0.37549252298795216
25600,GOF,0.013730408041637627,0.5770457497561787,0.40922384220218366
25601,LOF,0.009639439193359564,0.4482066607864071,0.5421539000202333
25602,LOF,0.01942752698076935,0.051544074261582785,0.929028398757648
25603,LOF,0.052613130482923286,0.021392563571146918,0.9259943059459298
25604,LOF,0.029441996589226537,0.059896819702641074,0.9106611837081324
25605,LOF,0.00870781555480582,0.23381641182867557,0.7574757726165187
25606,LOF,0.08030199874839605,0.37418774024369766,0.5455102610079063
25607,LOF,0.006036403272560631,0.18591973940418227,0.8080438573232571
25608,LOF,0.015685546102484446,0.09513948501936496,0.8891749688781506
25609,LOF,0.05410764010718316,0.3972677355740206,0.5486246243187962
25610,LOF,0.034124318118473475,0.025591068956894135,0.9402846129246325
25611,LOF,0.04074106671017328,0.024490390637286204,0.9347685426525404
25612,LOF,0.09499799625037135,0.04015460485599806,0.8648473988936306
25613,LOF,0.08327803388918668,0.04146965215922199,0.8752523139515913
25614,LOF,0.026683353251890966,0.033933695476408725,0.9393829512717002
25615,LOF,0.03204094669698335,0.04382194511160261,0.924137108191414
25616,LOF,0.02519806478206369,0.03207848268754304,0.9427234525303934
25617,LOF,0.02531378562417843,0.037349794644436184,0.9373364197313854
25618,LOF,0.13752236191223577,0.029492627049287172,0.832985011038477
25619,LOF,0.029211187735824134,0.031733711244636184,0.9390551010195397
25620,LOF,0.030631116395330414,0.03956731708247151,0.9298015665221981
25621,LOF,0.025949686307063062,0.036059489062194236,0.9379908246307427
25622,LOF,0.034712662444219,0.03523740721818816,0.9300499303375928
25623,LOF,0.05234797524662477,0.02772768868004163,0.9199243360733336
25624,LOF,0.025752857658748254,0.04206036478637128,0.9321867775548804
25625,LOF,0.034625834941256706,0.04475066468825352,0.9206235003704898
25626,LOF,0.07591775858138011,0.03587814557700376,0.8882040958416162
25627,Neutral,0.5349288635799283,0.1126981582903804,0.35237297812969137
25628,LOF,0.21516320403582126,0.049995951445489115,0.7348408445186897
25629,LOF,0.05309867017393201,0.06425358988364842,0.8826477399424195
25630,LOF,0.18251706033946674,0.07989988080336681,0.7375830588571665
25631,Neutral,0.6219273342260374,0.05764023774141483,0.3204324280325478
25632,LOF,0.01201136534008676,0.11379985731367777,0.8741887773462353
25633,LOF,0.0954693294515671,0.08721428332356583,0.817316387224867
25634,LOF,0.03225800984491886,0.10937387849955318,0.858368111655528
25635,LOF,0.0391620415119093,0.08321109079118076,0.8776268676969099
25636,GOF,0.0036540778877136018,0.608987395947341,0.3873585261649454
25637,GOF,0.0035650431002461035,0.6647072043692841,0.3317277525304699
25638,LOF,0.006564473103370429,0.4124857727398828,0.5809497541567469
25639,GOF,0.003568342344280763,0.5130123667263546,0.4834192909293646
25640,GOF,0.452818623589436,0.4760264351351709,0.07115494127539326
25641,LOF,0.007164871694424962,0.39002294257061415,0.602812185734961
25642,LOF,0.2275600546736487,0.07786829893202624,0.6945716463943251
25643,LOF,0.30777510806866976,0.16767906591986767,0.5245458260114626
25644,GOF,0.01512874558273268,0.532295659878435,0.45257559453883234
25645,LOF,0.012933140175296478,0.4785676984553819,0.5084991613693216
25646,LOF,0.017116271911638392,0.32204512460471635,0.6608386034836453
25647,LOF,0.014154277363206822,0.2699817808122553,0.7158639418245378
25648,LOF,0.014192516907562479,0.28044755212716854,0.7053599309652689
25649,LOF,0.012341954541921106,0.20850066089739133,0.7791573845606875
25650,LOF,0.02280714792685256,0.4485726433938944,0.5286202086792531
25651,LOF,0.008494109387106413,0.27517803240232847,0.7163278582105651
25652,LOF,0.01464520809716429,0.2532702608765652,0.7320845310262705
25653,LOF,0.04875619978114404,0.34832989953644333,0.6029139006824127
25654,LOF,0.01573287222615069,0.1398677624872667,0.8443993652865825
25655,LOF,0.08207681426516023,0.38648518819269245,0.5314379975421473
25656,LOF,0.0996599780777004,0.07554182899784674,0.8247981929244529
25657,LOF,0.3369411888948471,0.03359801895007541,0.6294607921550776
25658,LOF,0.04210203709417287,0.10408193650237503,0.8538160264034522
25659,LOF,0.3565627915163987,0.08172734315862884,0.5617098653249725
25660,LOF,0.06380866718037217,0.09634250447126722,0.8398488283483606
25661,LOF,0.0470426781032649,0.07238226657790535,0.8805750553188297
25662,LOF,0.027280514336801624,0.04943927662733664,0.9232802090358617
25663,LOF,0.0352955637346933,0.07279824728248524,0.8919061889828215
25664,LOF,0.04241824526306951,0.08472977153999363,0.8728519831969369
25665,LOF,0.055757014093715196,0.04883415497778122,0.8954088309285035
25666,LOF,0.03842551028091258,0.12299353550243548,0.8385809542166519
25667,LOF,0.030339457541581884,0.05287659478888857,0.9167839476695296
25668,LOF,0.03228491486114645,0.05580400844265599,0.9119110766961976
25669,LOF,0.038604232895975456,0.0827830949959977,0.8786126721080268
25670,LOF,0.0734206907972634,0.0844164041588075,0.842162905043929
25671,LOF,0.036719878881212725,0.04920085062100744,0.9140792704977798
25672,LOF,0.05937845776996234,0.06881992864099001,0.8718016135890477
25673,LOF,0.045139329734726466,0.07084036872464694,0.8840203015406267
25674,LOF,0.04149267110736298,0.07277475436750282,0.8857325745251342
25675,LOF,0.04862610723946302,0.06397129706562595,0.887402595694911
25676,LOF,0.03172115979363938,0.06052785244945189,0.9077509877569088
25677,LOF,0.06189924306125507,0.06745105991078043,0.8706496970279644
25678,LOF,0.285073633864655,0.03493561021655675,0.6799907559187882
25679,LOF,0.17636264261740167,0.07405851738552008,0.7495788399970782
25680,LOF,0.055988287313244116,0.09994501622105617,0.8440666964656997
25681,LOF,0.1019179996273087,0.09366608954063449,0.8044159108320569
25682,LOF,0.04376088113836857,0.07952393442219736,0.8767151844394341
25683,LOF,0.1033223814546325,0.09676570849318264,0.7999119100521849
25684,LOF,0.05494650223331655,0.07693227370301259,0.8681212240636709
25685,LOF,0.10732074961073905,0.045321511696630526,0.8473577386926304
25686,LOF,0.034834645511585105,0.09553923920026132,0.8696261152881536
25687,LOF,0.03946068128310213,0.0820523492805244,0.8784869694363735
25688,LOF,0.028417966807931183,0.09227620068200824,0.8793058325100606
25689,LOF,0.02059391962556613,0.07354361812110674,0.9058624622533272
25690,LOF,0.023786439049491768,0.08055305106491974,0.8956605098855885
25691,LOF,0.2568423328103744,0.11360326791930137,0.6295543992703242
25692,LOF,0.28836195214071986,0.009534499497325044,0.7021035483619551
25693,LOF,0.09017257070912288,0.13886877169178383,0.7709586575990933
25694,LOF,0.2602414365306091,0.014836149434468735,0.7249224140349221
25695,LOF,0.17455267830051102,0.018903770995010453,0.8065435507044785
25696,LOF,0.1692355745161862,0.009297627645248571,0.8214667978385652
25697,LOF,0.1387804472416279,0.029941413603878444,0.8312781391544937
25698,LOF,0.03672262929213283,0.37954849889158565,0.5837288718162815
25699,LOF,0.06773961447605335,0.08785744825510115,0.8444029372688455
25700,LOF,0.03532691677019081,0.01129745696449779,0.9533756262653114
25701,LOF,0.017622919177311555,0.08374773627832954,0.8986293445443589
25702,GOF,0.03234078717042854,0.7371909345801885,0.2304682782493829
25703,LOF,0.012766171603574225,0.2048470686246034,0.7823867597718225
25704,LOF,0.09500376181393964,0.15444268352940105,0.7505535546566592
25705,LOF,0.057035276377160646,0.2549383287023022,0.6880263949205372
25706,GOF,0.05483265669198484,0.6185588424745453,0.3266085008334698
25707,GOF,0.03314268167657117,0.5567521187418843,0.41010519958154446
25708,LOF,0.009141906535652724,0.46854556043979456,0.5223125330245527
25709,LOF,0.019469185782833166,0.06438484126833519,0.9161459729488317
25710,LOF,0.008869219937639197,0.18509465571587508,0.8060361243464856
25711,LOF,0.0209556079545063,0.13133195731495045,0.8477124347305431
25712,LOF,0.009190369899198402,0.25472464892286273,0.7360849811779389
25713,LOF,0.018536024070061552,0.10955448667107177,0.8719094892588667
25714,LOF,0.020836695833852774,0.14961111656415582,0.8295521876019913
25715,LOF,0.019505439559514406,0.12689625807197058,0.853598302368515
25716,LOF,0.010344311750958363,0.130828228684509,0.8588274595645327
25717,LOF,0.006138825274267387,0.13559204009229225,0.8582691346334403
25718,LOF,0.018096032331239586,0.07729208307928741,0.9046118845894731
25719,LOF,0.032552804596364636,0.0896556468696486,0.8777915485339868
25720,LOF,0.02199118376342506,0.09077460270867205,0.887234213527903
25721,LOF,0.023152002050043,0.09917310240854273,0.8776748955414142
25722,LOF,0.017928943016374856,0.1291309486377882,0.8529401083458369
25723,LOF,0.02187857209886326,0.07435468059759373,0.9037667473035429
25724,LOF,0.036881554129370275,0.10735947990126886,0.8557589659693609
25725,LOF,0.02280827692945228,0.06641332311620633,0.9107783999543413
25726,LOF,0.016158294880792175,0.10212318906876205,0.8817185160504458
25727,LOF,0.02026009307682428,0.0876481025618382,0.8920918043613374
25728,LOF,0.017742312203878556,0.10820909425490777,0.8740485935412137
25729,LOF,0.01828028875629034,0.10813998055455992,0.8735797306891497
25730,LOF,0.01946513976681616,0.08633440730807518,0.8942004529251085
25731,LOF,0.01184650273933378,0.18017900921219138,0.8079744880484749
25732,LOF,0.01902852370023712,0.09607561553134124,0.8848958607684217
25733,LOF,0.028423769221546588,0.08390696493297983,0.8876692658454735
25734,LOF,0.007379071751348672,0.22204500026343146,0.7705759279852199
25735,LOF,0.02339357544552779,0.07663994242933495,0.8999664821251372
25736,LOF,0.022026689104312994,0.12215831039607923,0.8558150004996078
25737,LOF,0.0431680914436402,0.10118397440987885,0.855647934146481
25738,LOF,0.020585648188423244,0.15589432361099936,0.8235200282005775
25739,LOF,0.021579703932560975,0.14478443463962373,0.8336358614278153
25740,LOF,0.051543498403731104,0.14216801362276954,0.8062884879734993
25741,LOF,0.02549004997356164,0.12778044414196002,0.8467295058844784
25742,LOF,0.03532288852981188,0.1459312547394454,0.8187458567307426
25743,LOF,0.011383539674093683,0.04810296458987429,0.9405134957360322
25744,LOF,0.11955314096573012,0.42457338542173495,0.455873473612535
25745,LOF,0.020155435217283073,0.0758013641752274,0.9040432006074895
25746,LOF,0.011079585915786661,0.09496580625614116,0.8939546078280721
25747,LOF,0.03424921518763335,0.039404641103518115,0.9263461437088486
25748,LOF,0.19276518537077042,0.06847488549667081,0.7387599291325588
25749,LOF,0.013335417304494739,0.05492899376464375,0.9317355889308615
25750,LOF,0.015025476337263866,0.08299349756526454,0.9019810260974717
25751,LOF,0.03786269928381112,0.07781898607198116,0.8843183146442076
25752,GOF,0.08806093125063894,0.657874362905894,0.25406470584346696
25753,LOF,0.0069001820370901785,0.38951606935381106,0.6035837486090988
25754,GOF,0.005162015122748412,0.8629517298607671,0.13188625501648443
25755,LOF,0.010534954431741886,0.44702012545195885,0.5424449201162992
25756,LOF,0.04443943781490591,0.45186031649070313,0.503700245694391
25757,GOF,0.006822120820580548,0.8798711883771119,0.11330669080230771
25758,GOF,0.008131825721624087,0.8598830386706853,0.13198513560769068
25759,GOF,0.004864570694115406,0.5568654146893088,0.4382700146165757
25760,LOF,0.006690872879202043,0.31343162707069167,0.6798775000501063
25761,GOF,0.046028306528101075,0.8437586932293765,0.11021300024252241
25762,LOF,0.02636628020129224,0.3793906747299379,0.5942430450687699
25763,LOF,0.009015514721129684,0.2671530842253006,0.7238314010535697
25764,GOF,0.1085780347907384,0.5898388144286428,0.30158315078061876
25765,GOF,0.007866959969073868,0.8479118072290929,0.14422123280183313
25766,GOF,0.03133782359856552,0.8193082579610798,0.14935391844035475
25767,GOF,0.015533720199928642,0.5420660694767102,0.44240021032336113
25768,LOF,0.036429316404723314,0.08632276582147275,0.877247917773804
25769,LOF,0.023795548871597735,0.07507544990903023,0.901129001219372
25770,LOF,0.1559178632819891,0.07137251297646605,0.772709623741545
25771,LOF,0.01771755756513314,0.07629695328519187,0.905985489149675
25772,LOF,0.025144852412955106,0.029724956376999033,0.9451301912100459
25773,LOF,0.014022742843829013,0.08446002898157087,0.9015172281746
25774,LOF,0.02571705510472882,0.10259868502004595,0.8716842598752252
25775,LOF,0.020837034553098818,0.044411834241326185,0.9347511312055751
25776,LOF,0.027472754450229783,0.02765679594611288,0.9448704496036574
25777,LOF,0.18436904982754898,0.0734871048262843,0.7421438453461667
25778,LOF,0.02035893095907526,0.05512713037850567,0.924513938662419
25779,GOF,0.036833557816463226,0.9049868810626055,0.05817956112093117
25780,GOF,0.06511808983257741,0.8884913994719539,0.046390510695468616
25781,GOF,0.02679444232016496,0.8850713562929498,0.08813420138688537
25782,GOF,0.03328728699278993,0.9070499705250975,0.059662742482112556
25783,GOF,0.01980524906792507,0.7599579679083344,0.22023678302374053
25784,GOF,0.11159245556290996,0.849544840216491,0.03886270422059902
25785,GOF,0.06717030560812369,0.8947259687729734,0.03810372561890299
25786,GOF,0.005448888293617266,0.8467724795997392,0.1477786321066436
25787,GOF,0.16362369350602798,0.8063368154255715,0.030039491068400585
25788,LOF,0.015394860654361367,0.19668671248872813,0.7879184268569106
25789,GOF,0.018669782168538013,0.8798581099149715,0.10147210791649039
25790,GOF,0.02214547959154483,0.8960363789236925,0.08181814148476274
25791,GOF,0.015583377541797092,0.8378310941014774,0.14658552835672545
25792,GOF,0.024460345437660704,0.8469865931526276,0.12855306140971168
25793,GOF,0.07911050264821637,0.8465076248951812,0.07438187245660254
25794,GOF,0.05428000307821037,0.8014941311831346,0.1442258657386551
25795,GOF,0.04274501648644774,0.7856363891571966,0.17161859435635554
25796,GOF,0.07311729283707943,0.8327354886786698,0.09414721848425099
25797,GOF,0.03518346431747013,0.7113584270954952,0.25345810858703466
25798,GOF,0.0030867542154650114,0.6759648810749294,0.3209483647096057
25799,GOF,0.003025737209133123,0.5389763722073154,0.4579978905835515
25800,GOF,0.012417020171685712,0.7406949147991138,0.24688806502920052
25801,GOF,0.01489864436572744,0.875383150187689,0.10971820544658374
25802,GOF,0.020494787331636583,0.8258290580495797,0.1536761546187837
25803,GOF,0.011463216941500624,0.7318198093258552,0.25671697373264407
25804,GOF,0.013567862202860631,0.6331991082530778,0.35323302954406155
25805,GOF,0.02302980811854876,0.7277398876546567,0.24923030422679468
25806,GOF,0.019529178112951795,0.7779388397752146,0.2025319821118336
25807,GOF,0.00530951517447913,0.7422755105628116,0.25241497426270926
25808,GOF,0.014735939043015287,0.7834878012177515,0.20177625973923308
25809,GOF,0.006467690831849753,0.7403114431098288,0.2532208660583216
25810,GOF,0.005554294911088923,0.7495455412432613,0.24490016384564983
25811,GOF,0.04424152507031465,0.8729251070681505,0.08283336786153478
25812,GOF,0.016773473131989354,0.7339535974789833,0.24927292938902737
25813,GOF,0.09536026581786075,0.8188346602070523,0.08580507397508708
25814,GOF,0.024174419663352934,0.8195557862137095,0.15626979412293757
25815,GOF,0.03678301545109645,0.8400354177064799,0.12318156684242361
25816,GOF,0.008541139609559479,0.8653056131602811,0.12615324723015933
25817,GOF,0.08736959531509401,0.7796142547976936,0.1330161498872123
25818,GOF,0.024752516386613146,0.8146353332547643,0.16061215035862256
25819,GOF,0.05945197128929089,0.7809338720568357,0.15961415665387343
25820,GOF,0.030441330334652166,0.7835716662371109,0.18598700342823687
25821,GOF,0.018145564812375434,0.7698352314056344,0.21201920378199024
25822,GOF,0.03502903708584715,0.7975043131645725,0.16746664974958042
25823,GOF,0.01491076287061161,0.6576877134566498,0.32740152367273867
25824,GOF,0.026596857893789624,0.7844922038968207,0.18891093820938973
25825,GOF,0.016462574782542556,0.7581160596324963,0.22542136558496131
25826,GOF,0.006021460237885152,0.7274729736743976,0.26650556608771736
25827,GOF,0.008735437848719194,0.7158555949969858,0.27540896715429497
25828,GOF,0.006050117761809845,0.6644665344912953,0.32948334774689475
25829,GOF,0.0030673140834370114,0.7159634615937451,0.2809692243228178
25830,GOF,0.03805901141268892,0.5338025644507451,0.42813842413656594
25831,GOF,0.04872076903789134,0.8425597993962898,0.1087194315658188
25832,GOF,0.009090019623890768,0.8236806861453977,0.16722929423071167
25833,GOF,0.03485035155399536,0.8605696240080135,0.10458002443799103
25834,GOF,0.008789483970320594,0.8374687537335623,0.15374176229611722
25835,GOF,0.01921698267410408,0.8689449244922329,0.11183809283366285
25836,GOF,0.006630295625404906,0.8332987690259593,0.1600709353486357
25837,GOF,0.006731868565973855,0.7475406323633429,0.24572749907068317
25838,GOF,0.02088349722122871,0.8882748378331958,0.09084166494557545
25839,GOF,0.03968626252373974,0.870210085770334,0.09010365170592624
25840,GOF,0.05926528758938238,0.8583585292012678,0.08237618320935003
25841,GOF,0.05389315481994605,0.8661715967230621,0.07993524845699182
25842,GOF,0.024002677551297872,0.9067762529108685,0.06922106953783354
25843,GOF,0.02428156467223207,0.9138074268994364,0.0619110084283315
25844,GOF,0.01760203401272628,0.8721015256099389,0.11029644037733494
25845,GOF,0.005495306592103947,0.6797619273107915,0.3147427660971045
25846,GOF,0.041581858559675236,0.8757948420804806,0.08262329935984401
25847,GOF,0.01846714797150737,0.9223885555497479,0.059144296478744744
25848,GOF,0.01698859019349177,0.8815973876150813,0.10141402219142705
25849,GOF,0.004847050968186868,0.7727792694352001,0.22237367959661283
25850,GOF,0.006653157116802196,0.7835618021282328,0.209785040754965
25851,GOF,0.005915949999154291,0.6695775001650924,0.3245065498357532
25852,GOF,0.1270441019807934,0.6387914148829709,0.23416448313623564
25853,GOF,0.0674451047793096,0.8622718338286446,0.07028306139204578
25854,GOF,0.005619704073872396,0.7256726486196794,0.26870764730644825
25855,GOF,0.01630454384432335,0.6786715159157254,0.3050239402399512
25856,GOF,0.038479935119174344,0.8092150315878649,0.15230503329296077
25857,GOF,0.013782560276905394,0.6714998923860539,0.3147175473370407
25858,GOF,0.007810977870487383,0.6649663707379548,0.3272226513915578
25859,GOF,0.005679435243433876,0.6391263425501976,0.3551942222063684
25860,GOF,0.07839179569349963,0.8465114205445496,0.07509678376195073
25861,GOF,0.07310172530195214,0.8413934527984641,0.08550482189958368
25862,GOF,0.02080232477104217,0.8804010599573783,0.09879661527157957
25863,GOF,0.0204760100911223,0.891556349486526,0.08796764042235183
25864,GOF,0.044571840408663806,0.8842653707567885,0.0711627888345478
25865,GOF,0.033974599115753026,0.8495292497136612,0.11649615117058573
25866,GOF,0.02632534140638053,0.8789616629583983,0.09471299563522134
25867,GOF,0.02996894313773274,0.8956748259761369,0.07435623088613029
25868,GOF,0.05594487448201969,0.8587639775965327,0.08529114792144749
25869,GOF,0.33921768279469433,0.6057291556890305,0.05505316151627517
25870,GOF,0.07408401837814786,0.7213400598637568,0.20457592175809527
25871,GOF,0.0103572313786002,0.8959279589657672,0.09371480965563254
25872,GOF,0.020304571880696114,0.8801085314257904,0.09958689669351349
25873,GOF,0.01971694871592376,0.9023726803492503,0.07791037093482608
25874,LOF,0.017094619498064807,0.2186273196676114,0.7642780608343238
25875,LOF,0.04947208922255833,0.050158895756245665,0.900369015021196
25876,LOF,0.01862943790296799,0.04529745033048165,0.9360731117665504
25877,LOF,0.10810525326687695,0.0917918289838341,0.8001029177492889
25878,LOF,0.06810863165680266,0.11990927990870016,0.8119820884344973
25879,LOF,0.02828492737658828,0.0874442583996753,0.8842708142237364
25880,LOF,0.059261914728858854,0.012981391498943012,0.927756693772198
25881,Neutral,0.5509032382602358,0.06808667709047643,0.3810100846492879
25882,LOF,0.05509708454959769,0.02844261687143492,0.9164602985789673
25883,LOF,0.027487817926019488,0.024744407986917846,0.9477677740870626
25884,LOF,0.029953381093744128,0.04199870784089792,0.928047911065358
25885,LOF,0.22541498115175074,0.011129686146199403,0.7634553327020498
25886,LOF,0.147522676461917,0.06307572775403335,0.7894015957840496
25887,LOF,0.18214027316085962,0.05944984805849918,0.7584098787806413
25888,LOF,0.012260479858945144,0.13624391286685067,0.8514956072742041
25889,LOF,0.03302836270881227,0.03234002965152868,0.934631607639659
25890,LOF,0.13721256543427252,0.11691665638186216,0.7458707781838653
25891,LOF,0.0968646800614444,0.023054113537919453,0.8800812064006361
25892,LOF,0.010556682043482668,0.03183227055968629,0.957611047396831
25893,LOF,0.4177079324909412,0.00882364861279278,0.573468418896266
25894,LOF,0.43709719280978254,0.005213060643251973,0.5576897465469655
25895,LOF,0.3530375601848385,0.011088869545871212,0.6358735702692904
25896,LOF,0.06851106993927229,0.016596156100968307,0.9148927739597593
25897,LOF,0.19803142295761628,0.009151779241209189,0.7928167978011745
25898,LOF,0.16507233254037723,0.02727531175797289,0.80765235570165
25899,LOF,0.3508704242039226,0.018326450517994527,0.6308031252780829
25900,LOF,0.455962868517478,0.008347642367363843,0.5356894891151582
25901,LOF,0.07136424577785408,0.007405066573676266,0.9212306876484696
25902,LOF,0.1821650100075613,0.00810962252695954,0.8097253674654792
25903,LOF,0.40427644456676104,0.02554096337712549,0.5701825920561134
25904,Neutral,0.49197572914031207,0.0213020473654016,0.48672222349428634
25905,LOF,0.004059854588369773,0.4895577577075704,0.5063823877040599
25906,LOF,0.008909347374678373,0.11770215118086852,0.8733885014444531
25907,LOF,0.004245031553328623,0.3517948431245085,0.6439601253221628
25908,LOF,0.0046068440775642126,0.264490073652522,0.7309030822699137
25909,LOF,0.024050223306016832,0.16018100883546066,0.8157687678585226
25910,LOF,0.010862740491224133,0.1371991246060399,0.851938134902736
25911,LOF,0.3266713919179504,0.03847411406291629,0.6348544940191332
25912,LOF,0.06778567511315123,0.05433682353845224,0.8778775013483965
25913,LOF,0.04607699740147936,0.06496936233282077,0.8889536402656998
25914,LOF,0.03585500296446039,0.043491170576658654,0.920653826458881
25915,LOF,0.18050799709244408,0.20919521005419153,0.6102967928533644
25916,LOF,0.030945926970174883,0.14156951760515774,0.8274845554246674
25917,LOF,0.06812351330988357,0.04194664329908628,0.8899298433910301
25918,LOF,0.03941551437583471,0.028531996877162583,0.9320524887470027
25919,LOF,0.03467183461785712,0.027951593520079292,0.9373765718620636
25920,LOF,0.14453112042271657,0.2062439357587747,0.6492249438185087
25921,LOF,0.0166164041072874,0.04059088768375789,0.9427927082089547
25922,LOF,0.01793161270237414,0.03567490674389916,0.9463934805537266
25923,LOF,0.4434213634634926,0.035330904891143336,0.5212477316453641
25924,LOF,0.023910239384865774,0.0569377429355081,0.9191520176796261
25925,LOF,0.07880469737164833,0.05218288109187414,0.8690124215364775
25926,LOF,0.05826583520720978,0.053695750693958905,0.8880384140988313
25927,LOF,0.02296508927326516,0.07478781167981856,0.9022470990469164
25928,LOF,0.010209536770952819,0.06169063386952321,0.9280998293595238
25929,Neutral,0.530648389756057,0.03380043583366087,0.4355511744102821
25930,LOF,0.07401490346330063,0.03427979605228186,0.8917053004844175
25931,LOF,0.0142474207428892,0.04117121334633804,0.9445813659107728
25932,LOF,0.06170030125173619,0.033774665892121324,0.9045250328561426
25933,LOF,0.05646535563697723,0.022724798450134125,0.9208098459128886
25934,LOF,0.05255116247156561,0.02128719311573274,0.9261616444127015
25935,LOF,0.06933710029423806,0.06689573516561216,0.8637671645401497
25936,LOF,0.08937609367761443,0.02407205166193116,0.8865518546604544
25937,LOF,0.01446531345858757,0.03999160362487008,0.9455430829165423
25938,LOF,0.06669041214002074,0.0611450484642221,0.8721645393957571
25939,LOF,0.04118722229261587,0.02914252620182036,0.9296702515055638
25940,LOF,0.009474876561855769,0.3720849049016847,0.6184402185364595
25941,Neutral,0.5097934983691272,0.03705439121790549,0.45315211041296727
25942,LOF,0.009104207450422258,0.052489076436334735,0.9384067161132431
25943,LOF,0.04799868396096045,0.168846505696993,0.7831548103420466
25944,LOF,0.0665926957504421,0.08194095783664031,0.8514663464129176
25945,LOF,0.11708992326558892,0.02061162829459475,0.8622984484398164
25946,LOF,0.06855664830040183,0.03716925327698516,0.894274098422613
25947,Neutral,0.4541420832176703,0.11202955442575772,0.433828362356572
25948,LOF,0.4339176405037074,0.012939251009846733,0.5531431084864459
25949,LOF,0.14025773126493457,0.07284115620941678,0.7869011125256486
25950,GOF,0.0732570880638243,0.6657868532777108,0.2609560586584649
25951,LOF,0.012356909590260543,0.4681054951180225,0.519537595291717
25952,LOF,0.28362568182554765,0.3136152847828686,0.40275903339158375
25953,LOF,0.007289807865521873,0.19969941441607567,0.7930107777184024
25954,GOF,0.0871297640425845,0.4822039564540438,0.4306662795033716
25955,LOF,0.007512644813404094,0.1697316480070646,0.8227557071795313
25956,LOF,0.0170936493858066,0.2515743311103349,0.7313320195038585
25957,LOF,0.20499680374722049,0.030634477294465046,0.7643687189583145
25958,LOF,0.033736909069280965,0.046187393860832086,0.920075697069887
25959,GOF,0.01506494334542922,0.5850183188188417,0.39991673783572906
25960,LOF,0.006747894488736669,0.066155594766654,0.9270965107446094
25961,LOF,0.032986703178716645,0.039036993307056775,0.9279763035142267
25962,LOF,0.03776168829426362,0.06204959852013887,0.9001887131855975
25963,LOF,0.005258003543163568,0.1920139072579425,0.8027280891988939
25964,LOF,0.026379391303387994,0.11729255918995801,0.8563280495066541
25965,LOF,0.271125225150703,0.12069924194154165,0.6081755329077555
25966,Neutral,0.46733266517962646,0.13610041558211142,0.39656691923826215
25967,LOF,0.00908015983894847,0.09331230463832471,0.8976075355227268
25968,LOF,0.04294205069157272,0.22654896991790824,0.730508979390519
25969,LOF,0.11540044141025353,0.05373864817209973,0.8308609104176468
25970,LOF,0.020337851506078565,0.08411113536921411,0.8955510131247073
25971,LOF,0.0811827675932641,0.029213748564807285,0.8896034838419287
25972,LOF,0.06338627468980021,0.04779579076368588,0.8888179345465138
25973,LOF,0.07282699647016116,0.009666005124261464,0.9175069984055773
25974,LOF,0.05024684884998713,0.03973350845696624,0.9100196426930466
25975,LOF,0.05153165474694879,0.017859442522104245,0.9306089027309469
25976,LOF,0.0971387062202435,0.010733817156037337,0.8921274766237192
25977,LOF,0.191970844843433,0.07272360880595108,0.735305546350616
25978,LOF,0.18693374535185867,0.1185923476757338,0.6944739069724075
25979,LOF,0.15792368521631336,0.13076985161217172,0.7113064631715149
25980,LOF,0.2664531562916918,0.1821963748063626,0.5513504689019456
25981,LOF,0.26790237047378435,0.18387172263460197,0.5482259068916138
25982,Neutral,0.4875383474591153,0.09296522169009962,0.41949643085078514
25983,Neutral,0.49068147499489667,0.11275718083531051,0.3965613441697928
25984,LOF,0.03900582548955844,0.09932194644850172,0.8616722280619398
25985,LOF,0.41925691340164806,0.14392051475129153,0.43682257184706047
25986,LOF,0.01320070122794821,0.41048408287691973,0.576315215895132
25987,LOF,0.06124083084541939,0.09814565665212137,0.8406135125024592
25988,LOF,0.0415878754168331,0.16477000205204384,0.793642122531123
25989,LOF,0.03655292773312419,0.20272833278077043,0.7607187394861054
25990,LOF,0.03803258027201512,0.31824138384608425,0.6437260358819007
25991,LOF,0.02814978798736076,0.4577070746883413,0.5141431373242978
25992,LOF,0.02468062067219889,0.4373002860894594,0.5380190932383417
25993,LOF,0.02697382791605178,0.07855732846039239,0.8944688436235557
25994,LOF,0.022653526868593798,0.0801794828545813,0.8971669902768248
25995,LOF,0.0203900099143864,0.1439564811764677,0.8356535089091459
25996,LOF,0.3365506178437326,0.32117429227905,0.3422750898772174
25997,LOF,0.06711714173743942,0.3851820083260285,0.5477008499365321
25998,LOF,0.2369218190026965,0.04360586920697919,0.7194723117903242
25999,LOF,0.02773544569899149,0.17746697197323505,0.7947975823277735
26000,LOF,0.1963608375308532,0.029478514588096243,0.7741606478810505
26001,LOF,0.2596867597270343,0.043044519840493844,0.6972687204324718
26002,LOF,0.14164890832976085,0.050653283363958496,0.8076978083062807
26003,GOF,0.005524938729472204,0.6366230278714821,0.35785203339904575
26004,GOF,0.008606289785232106,0.6928665662885004,0.29852714392626756
26005,GOF,0.003954463588388869,0.5040743860144188,0.4919711503971924
26006,GOF,0.1256641850478085,0.5549139578014168,0.3194218571507747
26007,GOF,0.007843906268000944,0.5286140081633215,0.4635420855686776
26008,GOF,0.005978974177231379,0.6400593795369203,0.35396164628584836
26009,GOF,0.007506521553068802,0.667724553687148,0.32476892475978325
26010,GOF,0.008266607816343745,0.631458782353281,0.36027460983037535
26011,LOF,0.0034263818990867777,0.4531747903568462,0.5433988277440671
26012,GOF,0.0050826375774928705,0.5276811738998916,0.46723618852261556
26013,GOF,0.0062302778237577705,0.5893931686838207,0.4043765534924214
26014,LOF,0.05992940800934989,0.12147880714062474,0.8185917848500254
26015,LOF,0.38902790046487784,0.028538704135702028,0.5824333953994202
26016,LOF,0.31486903210834993,0.045843293466786596,0.6392876744248635
26017,LOF,0.02447243308559657,0.22091409184327024,0.7546134750711332
26018,LOF,0.026815344985455184,0.059754484227494756,0.9134301707870501
26019,LOF,0.026965674735122788,0.048983231410495036,0.9240510938543822
26020,LOF,0.010588488359840732,0.20898281408507216,0.7804286975550871
26021,LOF,0.07685729369215606,0.0795211004813307,0.8436216058265131
26022,LOF,0.04286548418088463,0.03251056890266923,0.9246239469164461
26023,LOF,0.033572746217469224,0.03750418573513793,0.9289230680473928
26024,LOF,0.051350111762746266,0.07464825944201789,0.8740016287952358
26025,LOF,0.06295959737400948,0.09171172421353187,0.8453286784124587
26026,LOF,0.11512112242774866,0.07259421819723189,0.8122846593750195
26027,LOF,0.026704094447421136,0.030544954346598437,0.9427509512059804
26028,LOF,0.11272705193847568,0.14225014674705388,0.7450228013144704
26029,LOF,0.02001268622214418,0.19986848431049672,0.7801188294673591
26030,LOF,0.16216390375653097,0.025284386429592492,0.8125517098138766
26031,LOF,0.009649011055579134,0.17155322937265077,0.8187977595717701
26032,LOF,0.04291957371122583,0.06071909193886237,0.8963613343499117
26033,LOF,0.06812874057402203,0.05263858881026523,0.8792326706157128
26034,LOF,0.01286928246514777,0.15827759968947822,0.828853117845374
26035,LOF,0.011322539569079351,0.11672657686305427,0.8719508835678664
26036,LOF,0.011183486067776544,0.13181152031667387,0.8570049936155495
26037,LOF,0.00997068797104439,0.11022282155581498,0.8798064904731406
26038,LOF,0.03628017336664968,0.05280711527752294,0.9109127113558274
26039,LOF,0.026424935926834404,0.1331067341344653,0.8404683299387004
26040,LOF,0.10317378009492749,0.12414910304614125,0.7726771168589314
26041,LOF,0.01285853966137039,0.09610224290165904,0.8910392174369706
26042,LOF,0.01182094303643128,0.10714832954774375,0.881030727415825
26043,LOF,0.03496999829787899,0.07691680288937257,0.8881131988127485
26044,LOF,0.014979182871091496,0.05429359100507668,0.9307272261238317
26045,LOF,0.07048220561661575,0.11935475005045389,0.8101630443329303
26046,LOF,0.02999291028957194,0.058370528847196845,0.9116365608632312
26047,LOF,0.04787836817604198,0.05876779876446371,0.8933538330594943
26048,LOF,0.09085766795019273,0.028165834151890463,0.8809764978979168
26049,Neutral,0.9462579523989619,0.00809159763532899,0.0456504499657092
26050,Neutral,0.9239151479615298,0.008820431814568416,0.06726442022390179
26051,LOF,0.01945013569015527,0.10065473705400223,0.8798951272558425
26052,LOF,0.03339199937446279,0.11662300307942251,0.8499849975461147
26053,LOF,0.03127984927049692,0.16430487828450793,0.804415272444995
26054,LOF,0.04610265945442923,0.02910264262773629,0.9247946979178345
26055,LOF,0.061852859396264746,0.0244453324538584,0.9137018081498769
26056,LOF,0.051893066441371316,0.03181483316350428,0.9162921003951244
26057,LOF,0.05903324248823374,0.015853157171578765,0.9251136003401874
26058,LOF,0.0614756967530992,0.01278023045498732,0.9257440727919135
26059,LOF,0.19991605272325702,0.03321934317228904,0.766864604104454
26060,LOF,0.017795419321734857,0.19319201855522725,0.7890125621230378
26061,LOF,0.012755959846139149,0.010906430382131625,0.9763376097717292
26062,LOF,0.006778610256931933,0.01863804655814913,0.9745833431849188
26063,LOF,0.03853201138951961,0.011077429964818643,0.9503905586456617
26064,LOF,0.010384714867363736,0.02535080254585268,0.9642644825867835
26065,LOF,0.047799341437867404,0.012349330055816477,0.9398513285063163
26066,LOF,0.04683882945303604,0.010684352867199322,0.9424768176797648
26067,LOF,0.05631936059048713,0.00996241271869472,0.9337182266908182
26068,LOF,0.05367925392038975,0.04948201683634042,0.8968387292432698
26069,LOF,0.17028824352628508,0.029932289486583708,0.7997794669871312
26070,LOF,0.3290429239888605,0.022714831399225723,0.6482422446119138
26071,LOF,0.0433179263368404,0.011794282727712092,0.9448877909354475
26072,LOF,0.011026850239819301,0.021332067878631643,0.967641081881549
26073,LOF,0.039668686819986296,0.014211278799592022,0.9461200343804217
26074,Neutral,0.9206248172982039,0.008985435526108178,0.07038974717568804
26075,LOF,0.051862771790101465,0.02410767588528428,0.9240295523246144
26076,LOF,0.058323464532094464,0.013001857302987009,0.9286746781649184
26077,LOF,0.16841238480726164,0.00732957193021608,0.8242580432625223
26078,LOF,0.009225496220795219,0.014626367020492853,0.976148136758712
26079,LOF,0.06682130683856853,0.02754216614936828,0.9056365270120632
26080,LOF,0.06615182719788723,0.027553650659698285,0.9062945221424143
26081,LOF,0.03510862206301415,0.008348615071265119,0.9565427628657208
26082,LOF,0.007831721855963189,0.014225296930751663,0.9779429812132852
26083,LOF,0.10576560510594697,0.020220376642390063,0.8740140182516629
26084,LOF,0.1151893443108873,0.015162464929121069,0.8696481907599917
26085,LOF,0.10410524971534145,0.012812830430869318,0.8830819198537893
26086,LOF,0.03956684770016539,0.011891427701295297,0.9485417245985392
26087,LOF,0.037734332189651595,0.010016276449070497,0.9522493913612778
26088,LOF,0.009681721094138541,0.019265249881467165,0.9710530290243944
26089,LOF,0.0432124857732138,0.03969034486759179,0.9170971693591944
26090,LOF,0.04415982072252387,0.03141349717913946,0.9244266820983367
26091,LOF,0.03305750959876066,0.007854697660365766,0.9590877927408735
26092,LOF,0.045846154278958384,0.008618782482984496,0.9455350632380571
26093,LOF,0.08450510693402685,0.0060434199178181925,0.9094514731481549
26094,LOF,0.03801333159666478,0.0075186013978066416,0.9544680670055286
26095,LOF,0.04250087516989986,0.018142715163427033,0.939356409666673
26096,LOF,0.22319809419365,0.005357514558560833,0.7714443912477891
26097,LOF,0.008464468331572259,0.030001335462121224,0.9615341962063064
26098,LOF,0.08577688632794798,0.0210139786828534,0.8932091349891985
26099,LOF,0.04614581593030955,0.015231634957812394,0.9386225491118781
26100,LOF,0.04614010684677852,0.015229750525290508,0.938630142627931
26101,LOF,0.058848087604737385,0.030556433390281214,0.9105954790049815
26102,LOF,0.03739037545775784,0.016071982120582712,0.9465376424216595
26103,Neutral,0.8763573191382474,0.026939897965723315,0.09670278289602921
26104,LOF,0.061618842755356736,0.04484016807901194,0.8935409891656314
26105,LOF,0.25751117655364525,0.14865667702519014,0.5938321464211647
26106,LOF,0.3255136630388472,0.11412473772476493,0.5603615992363878
26107,LOF,0.022432356280886964,0.08977330958476007,0.8877943341343529
26108,LOF,0.2842778577717816,0.046495201634263024,0.6692269405939554
26109,LOF,0.0958012404975757,0.03421643462400211,0.8699823248784223
26110,LOF,0.4754578050694542,0.007425653200456167,0.5171165417300897
26111,LOF,0.049769951237120594,0.13507486580415878,0.8151551829587206
26112,LOF,0.05364611080331501,0.009023380772712362,0.9373305084239726
26113,LOF,0.10897506558242816,0.02162047314134784,0.869404461276224
26114,LOF,0.09691735157203446,0.005811516598860157,0.8972711318291055
26115,LOF,0.013556697980821736,0.04119447181505224,0.945248830204126
26116,LOF,0.06930712135115413,0.01701865762715345,0.9136742210216924
26117,LOF,0.40027054774509224,0.03167412581405486,0.5680553264408529
26118,LOF,0.05053660640007025,0.015711466121840673,0.9337519274780891
26119,LOF,0.006455141529495821,0.034361128954175264,0.9591837295163288
26120,LOF,0.03780288654400633,0.014269398052014081,0.9479277154039796
26121,LOF,0.004678213358784003,0.11308446787006755,0.8822373187711483
