feature0,prediction,LoGoFunc_Neutral,LoGoFunc_GOF,LoGoFunc_LOF
25546,Neutral,0.7557399139701171,0.03080257605687517,0.21345750997300778
25547,Neutral,0.6082658355263643,0.06652671303749409,0.32520745143614166
25548,Neutral,0.6150540248460052,0.04960449405940493,0.33534148109458983
25549,Neutral,0.5349901187693944,0.04939986663507717,0.4156100145955285
25550,LOF,0.3707336373038577,0.10203005419870731,0.527236308497435
25551,LOF,0.295661515202488,0.1117271735388832,0.5926113112586288
25552,LOF,0.2163075330266581,0.10708289634422213,0.6766095706291197
25553,Neutral,0.8518912904113525,0.023878979033776747,0.12422973055487083
25554,LOF,0.24713161448459167,0.09967740292841935,0.6531909825869889
25555,LOF,0.20479719212916783,0.08906638293529581,0.7061364249355364
25556,Neutral,0.47272060828631246,0.08265947736651187,0.4446199143471757
25557,LOF,0.1966683584273645,0.09435720351500637,0.7089744380576292
25558,LOF,0.23369467340992003,0.10072600406435502,0.6655793225257249
25559,LOF,0.3809156495184312,0.1292608831061975,0.4898234673753712
25560,LOF,0.048458305106449995,0.1077583320773168,0.8437833628162332
25561,LOF,0.10441516780098985,0.10992699281022197,0.7856578393887882
25562,LOF,0.07957343972354858,0.06754876594621714,0.8528777943302343
25563,LOF,0.0978286182391538,0.06420539567229498,0.8379659860885513
25564,LOF,0.2663703490104207,0.10965567917382847,0.6239739718157508
25565,LOF,0.13741934237816553,0.1322602416169113,0.7303204160049233
25566,GOF,0.01235297003943053,0.7963598852725408,0.19128714468802874
25567,LOF,0.020462597639170993,0.15960502286225337,0.8199323794985757
25568,LOF,0.0533495725444856,0.06644729330765345,0.880203134147861
25569,LOF,0.05916717503892615,0.06741274572538493,0.8734200792356889
25570,LOF,0.05821000098915754,0.09858878766208871,0.8432012113487538
25571,LOF,0.05099064795824747,0.0922528117644351,0.8567565402773174
25572,LOF,0.06891251111744091,0.11103234615042598,0.8200551427321331
25573,LOF,0.03624394809605461,0.09697531186833755,0.8667807400356079
25574,LOF,0.020926573670781084,0.14410912783553956,0.8349642984936794
25575,LOF,0.04407478064985985,0.11438528100892818,0.8415399383412119
25576,LOF,0.02020566520227019,0.13574109170439314,0.8440532430933366
25577,LOF,0.016791923692217613,0.11556803329388352,0.8676400430138989
25578,LOF,0.2923494302522632,0.08749511485289982,0.620155454894837
25579,LOF,0.15017553314292284,0.1021857734448107,0.7476386934122665
25580,LOF,0.030752067194354568,0.08175156026011031,0.8874963725455352
25581,LOF,0.05136360992679957,0.06986289448931514,0.8787734955838854
25582,LOF,0.051071243981528805,0.06839537490690492,0.8805333811115662
25583,LOF,0.03852048617074084,0.09292155065597188,0.8685579631732874
25584,Neutral,0.5009240221080614,0.09287761924998175,0.4061983586419569
25585,LOF,0.021519307464347905,0.124000066394599,0.8544806261410531
25586,LOF,0.028963275417425792,0.07527146554965139,0.8957652590329228
25587,LOF,0.02991712232827143,0.07030435908122927,0.8997785185904993
25588,LOF,0.030776189237517116,0.0838606786641285,0.8853631320983545
25589,Neutral,0.6270244496335603,0.10652545200274789,0.26645009836369177
25590,LOF,0.03719081494980583,0.12167995680483003,0.8411292282453642
25591,LOF,0.09687613478091962,0.05894287769607985,0.8441809875230005
25592,LOF,0.09709293780552818,0.1341774525848783,0.7687296096095935
25593,LOF,0.03362430480695824,0.25392602332886893,0.7124496718641729
25594,LOF,0.04699884310399364,0.17055596361306916,0.7824451932829372
25595,LOF,0.05717258954711164,0.12081074174318203,0.8220166687097064
25596,LOF,0.054180821714534685,0.08918119648202841,0.8566379818034369
25597,LOF,0.03646191596575099,0.09169618783372795,0.8718418962005211
25598,LOF,0.052417801413077225,0.12048642258732133,0.8270957759996015
25599,GOF,0.0063631863779229835,0.5882659620909698,0.4053708515311071
25600,GOF,0.012211870849107919,0.5554170284828025,0.4323711006680896
25601,LOF,0.008852192547843125,0.4371285078647818,0.5540192995873752
25602,LOF,0.01658735396368712,0.04993809220203249,0.9334745538342804
25603,LOF,0.05564319489365491,0.02280937003367186,0.9215474350726733
25604,LOF,0.03099148166691403,0.05548804056425185,0.9135204777688343
25605,LOF,0.00857295680084397,0.21614940663884635,0.7752776365603097
25606,LOF,0.08714188629754581,0.38805324923994744,0.5248048644625068
25607,LOF,0.006273238964740997,0.1807095811920465,0.8130171798432125
25608,LOF,0.016803687198588966,0.08102230531116052,0.9021740074902506
25609,LOF,0.054746018614063086,0.3878564111224019,0.557397570263535
25610,LOF,0.030205709921830963,0.025166231838085872,0.9446280582400832
25611,LOF,0.034905954797154255,0.02432881112011535,0.9407652340827304
25612,LOF,0.09720169434667777,0.04397027388672125,0.858828031766601
25613,LOF,0.08343906065386585,0.044825783186098186,0.871735156160036
25614,LOF,0.026255988472750767,0.033434747409234945,0.9403092641180142
25615,LOF,0.0361973181111915,0.049022807443537444,0.9147798744452711
25616,LOF,0.024937152624615443,0.03196299424714102,0.9430998531282436
25617,LOF,0.024139536597842983,0.03644346761673737,0.9394169957854196
25618,LOF,0.13711275332568276,0.029736946620049144,0.8331503000542682
25619,LOF,0.026834306470792105,0.0319253677856729,0.941240325743535
25620,LOF,0.0328319647995033,0.039028439527476595,0.9281395956730201
25621,LOF,0.027145165922854254,0.03465093579074644,0.9382038982863993
25622,LOF,0.03606443874906401,0.03530374341702073,0.9286318178339154
25623,LOF,0.05283908035252875,0.027534394840225705,0.9196265248072456
25624,LOF,0.023593553447991796,0.040177270931679804,0.9362291756203285
25625,LOF,0.034165600949642216,0.04238878185741528,0.9234456171929425
25626,LOF,0.07760038884534079,0.03779982178670006,0.884599789367959
25627,Neutral,0.5360022128936847,0.11245801047474645,0.3515397766315688
25628,LOF,0.21348914257672294,0.0486548659900403,0.7378559914332368
25629,LOF,0.06443933754666106,0.059660279423217055,0.875900383030122
25630,LOF,0.1793589356137521,0.0748915999632717,0.7457494644229762
25631,Neutral,0.6153459784268752,0.052925135540477806,0.33172888603264705
25632,LOF,0.012882580873399867,0.11998669430546696,0.8671307248211332
25633,LOF,0.10182256041065628,0.0833896367507222,0.8147878028386215
25634,LOF,0.03131077520044708,0.12433801111297374,0.8443512136865792
25635,LOF,0.034733217652729,0.08756831913378835,0.8776984632134828
25636,GOF,0.003755434334224538,0.6032727921086258,0.39297177355714974
25637,GOF,0.003511989555195774,0.6601470069271669,0.33634100351763746
25638,LOF,0.006282492599180197,0.3912412519163327,0.602476255484487
25639,GOF,0.0036133639051451746,0.5137447736103854,0.4826418624844694
25640,GOF,0.4570447906710556,0.4773846816110754,0.06557052771786916
25641,LOF,0.007570707829895483,0.36532948508085045,0.6270998070892542
25642,LOF,0.2457562149670381,0.07330358850685627,0.6809401965261056
25643,LOF,0.2591225901704427,0.1893702019021708,0.5515072079273864
25644,GOF,0.01531161199674676,0.5657514627848048,0.4189369252184484
25645,GOF,0.012561252386283635,0.5081464611785821,0.4792922864351343
25646,LOF,0.018907664988329045,0.36280820949253245,0.6182841255191386
25647,LOF,0.01352828977939322,0.3022941401474287,0.684177570073178
25648,LOF,0.013700430800399736,0.3182338589371476,0.6680657102624528
25649,LOF,0.011987336996944936,0.2373052364766711,0.7507074265263839
25650,LOF,0.022663203579504965,0.47551966345141844,0.5018171329690765
25651,LOF,0.008433199007205667,0.2952020845151182,0.6963647164776762
25652,LOF,0.0145602113020202,0.27625419956057523,0.7091855891374045
25653,LOF,0.054403185518446216,0.3864570639758738,0.5591397505056799
25654,LOF,0.015057006042565352,0.16473154514583754,0.8202114488115971
25655,LOF,0.09011310907165067,0.4238805773693901,0.48600631355895924
25656,LOF,0.1044977090422331,0.08294875627120236,0.8125535346865647
25657,LOF,0.3244196419590538,0.0357719243347093,0.639808433706237
25658,LOF,0.04737535703637011,0.10187029119828785,0.850754351765342
25659,LOF,0.3688852915816071,0.07676692727400196,0.5543477811443909
25660,LOF,0.062032174343273884,0.09636353873939905,0.841604286917327
25661,LOF,0.04691044286067318,0.07370666054047713,0.8793828965988497
25662,LOF,0.02764996134996687,0.04985900985016098,0.9224910287998722
25663,LOF,0.036438539543164956,0.07249110699300443,0.8910703534638307
25664,LOF,0.04165401227093513,0.0830552658366178,0.875290721892447
25665,LOF,0.05734510350730535,0.047865095825416086,0.8947898006672786
25666,LOF,0.03699386819502943,0.11958811032396918,0.8434180214810013
25667,LOF,0.031572030066143425,0.05635011850922001,0.9120778514246366
25668,LOF,0.03331774358882185,0.059386804371855166,0.907295452039323
25669,LOF,0.040952502317927,0.08558309927789408,0.8734643984041789
25670,LOF,0.07787850358868954,0.08191110723242864,0.8402103891788819
25671,LOF,0.038073642113673915,0.04749213014068233,0.9144342277456438
25672,LOF,0.05803126616300418,0.0658524485306511,0.8761162853063448
25673,LOF,0.04599857943341478,0.07048611659893188,0.8835153039676532
25674,LOF,0.041855533567477725,0.07268835668899595,0.8854561097435263
25675,LOF,0.05223695277973727,0.060551631525960894,0.8872114156943018
25676,LOF,0.03221601018103281,0.05975283385420573,0.9080311559647614
25677,LOF,0.062186808081526185,0.07151500786956166,0.8662981840489122
25678,LOF,0.28377917111435536,0.03965928532650253,0.6765615435591421
25679,LOF,0.16961313067433123,0.07413134789146979,0.7562555214341989
25680,LOF,0.05895453568340193,0.10316225256916589,0.8378832117474322
25681,LOF,0.1024336269840362,0.0948448958871303,0.8027214771288336
25682,LOF,0.043628307588087605,0.07817429534760778,0.8781973970643047
25683,LOF,0.10489872085285708,0.09087045113520086,0.804230828011942
25684,LOF,0.05558569466536063,0.082790080745392,0.8616242245892475
25685,LOF,0.1073961379573669,0.04219979019921992,0.8504040718434132
25686,LOF,0.03391673246499185,0.10235515283590453,0.8637281146991037
25687,LOF,0.039579770662807746,0.07980253123714114,0.8806176981000511
25688,LOF,0.02704352629592028,0.0926513525695038,0.8803051211345759
25689,LOF,0.020486136155986587,0.07555865037257124,0.9039552134714423
25690,LOF,0.019387600509382763,0.08571247437802451,0.8948999251125926
25691,LOF,0.21135982117244553,0.10687667131224224,0.6817635075153122
25692,LOF,0.2952637401314163,0.009255402752158488,0.6954808571164253
25693,LOF,0.09166271062409297,0.1531064305659695,0.7552308588099376
25694,LOF,0.25792373904821053,0.014208413449881517,0.727867847501908
25695,LOF,0.16685263116302576,0.020421174572359976,0.8127261942646142
25696,LOF,0.17480193738375846,0.010089903963200917,0.8151081586530406
25697,LOF,0.13879852612775717,0.026866246551699672,0.8343352273205432
25698,LOF,0.035905326765253515,0.392606868851462,0.5714878043832845
25699,LOF,0.07386131426295608,0.07670355238220801,0.8494351333548359
25700,LOF,0.03094779923883393,0.009870039198051005,0.9591821615631151
25701,LOF,0.014640140815750859,0.0686778467865621,0.9166820123976871
25702,GOF,0.039253619975585595,0.7386577145524466,0.22208866547196796
25703,LOF,0.013386840456631974,0.20687598582324243,0.7797371737201256
25704,LOF,0.09676359815374486,0.1488251148552522,0.754411286991003
25705,LOF,0.056941104951188135,0.255025229654929,0.6880336653938829
25706,GOF,0.057488746215635114,0.6459992037455892,0.2965120500387757
25707,GOF,0.030848066999338782,0.5493727429431832,0.419779190057478
25708,LOF,0.00919131502892352,0.4617570149119151,0.5290516700591613
25709,LOF,0.01917648126459605,0.06251515625159382,0.9183083624838102
25710,LOF,0.00953982093989529,0.1758558683052742,0.8146043107548306
25711,LOF,0.020218678255083004,0.1227010949353783,0.8570802268095387
25712,LOF,0.00987504782097429,0.25246472750579113,0.7376602246732346
25713,LOF,0.01861319435472524,0.1071653838630337,0.8742214217822409
25714,LOF,0.020370866306760136,0.1463036491334527,0.833325484559787
25715,LOF,0.019585176319845063,0.11242325314609923,0.8679915705340557
25716,LOF,0.011000242191911458,0.12535517293474713,0.8636445848733414
25717,LOF,0.006441914313168876,0.1365121312189732,0.8570459544678578
25718,LOF,0.01794055451523043,0.07554236261785999,0.9065170828669097
25719,LOF,0.033019756527376376,0.08177125561304628,0.8852089878595775
25720,LOF,0.02236514214316718,0.08592004165686788,0.8917148161999651
25721,LOF,0.022612270538638773,0.09136815068082675,0.8860195787805346
25722,LOF,0.017826886284570614,0.12405921548619724,0.8581138982292321
25723,LOF,0.0209084738573616,0.06909142078808167,0.9100001053545568
25724,LOF,0.03687697333374311,0.10423754904569305,0.8588854776205639
25725,LOF,0.021551405757738073,0.06674484719848811,0.9117037470437739
25726,LOF,0.016058546802424356,0.09662603771003263,0.887315415487543
25727,LOF,0.019539734902370022,0.08228118258433434,0.8981790825132956
25728,LOF,0.01838932790360181,0.09719509467945718,0.8844155774169411
25729,LOF,0.019019331669395248,0.09945457857820553,0.8815260897523991
25730,LOF,0.020049432041899264,0.0803012676490399,0.8996493003090609
25731,LOF,0.012614812201129118,0.176333938224909,0.8110512495739619
25732,LOF,0.01866061153192729,0.08746012424943382,0.893879264218639
25733,LOF,0.03028369879482617,0.08630399932655519,0.8834123018786186
25734,LOF,0.00822134017175952,0.21793718986365399,0.7738414699645865
25735,LOF,0.023432167229280196,0.07517454675186275,0.9013932860188572
25736,LOF,0.02184257684150965,0.11505852862679014,0.8630988945317003
25737,LOF,0.042288255033161685,0.09693251707605975,0.8607792278907785
25738,LOF,0.02110540529369557,0.1424127383053353,0.8364818564009691
25739,LOF,0.022481120710606463,0.1386008508117075,0.8389180284776862
25740,LOF,0.049350941732604965,0.13443302766900833,0.8162160305983867
25741,LOF,0.02651449683855105,0.11905620568349215,0.8544292974779568
25742,LOF,0.03600195555669535,0.1389361082890193,0.8250619361542854
25743,LOF,0.012151268364922837,0.04308111549546114,0.944767616139616
25744,LOF,0.13389814937958122,0.4280598797378943,0.43804197088252445
25745,LOF,0.021216206323774436,0.06679402244625302,0.9119897712299726
25746,LOF,0.01122208275524184,0.09014515645782892,0.8986327607869292
25747,LOF,0.033735448615786874,0.03313468803497156,0.9331298633492414
25748,LOF,0.20633869865649626,0.0576751578141914,0.7359861435293122
25749,LOF,0.01373978529963882,0.053776181243664234,0.9324840334566968
25750,LOF,0.015210445387070854,0.08802009624926523,0.8967694583636638
25751,LOF,0.04019157206510571,0.07362204641714984,0.8861863815177444
25752,GOF,0.09535074601327752,0.6579475975106552,0.24670165647606718
25753,LOF,0.007059712134305484,0.3831474419903919,0.6097928458753027
25754,GOF,0.005448954832552736,0.8563496293901139,0.13820141577733325
25755,LOF,0.010749711949944007,0.4410227126911768,0.5482275753588791
25756,LOF,0.046807353464325976,0.4542861271781704,0.49890651935750346
25757,GOF,0.006832935569124525,0.8809105626962096,0.11225650173466592
25758,GOF,0.007863898832236423,0.856717483495147,0.1354186176726168
25759,GOF,0.004824076339123145,0.5651743589102248,0.43000156475065215
25760,LOF,0.0069006824893600195,0.3268828783925572,0.6662164391180828
25761,GOF,0.04993974248052281,0.8466853436658344,0.10337491385364278
25762,LOF,0.027200758361161505,0.38290026771746366,0.5898989739213749
25763,LOF,0.008721190829941043,0.2673390811055824,0.7239397280644766
25764,GOF,0.09021084522604769,0.5946467285281081,0.3151424262458442
25765,GOF,0.007463058906420387,0.8386282832419486,0.15390865785163102
25766,GOF,0.033480352540795955,0.8234351104673056,0.14308453699189858
25767,GOF,0.01518691694873605,0.532189574549586,0.45262350850167793
25768,LOF,0.0380120599282769,0.07824008171093397,0.8837478583607892
25769,LOF,0.02211402928028338,0.0821723529681166,0.8957136177516001
25770,LOF,0.14169388936129163,0.0687899263019022,0.7895161843368061
25771,LOF,0.016790594823046907,0.07977542484195224,0.9034339803350009
25772,LOF,0.023627265781080563,0.030102465305391235,0.9462702689135282
25773,LOF,0.014860813752697783,0.08290584926611909,0.9022333369811831
25774,LOF,0.02605137066299192,0.10146254154374053,0.8724860877932675
25775,LOF,0.02180574363377961,0.044556435740323336,0.9336378206258971
25776,LOF,0.02483348132746186,0.02830811291164196,0.9468584057608961
25777,LOF,0.1882524025393138,0.07105390304464278,0.7406936944160434
25778,LOF,0.019520651087489602,0.06051270302119771,0.9199666458913127
25779,GOF,0.03735097346479395,0.9039545285831754,0.0586944979520306
25780,GOF,0.06145727796488685,0.8862331444789545,0.052309577556158546
25781,GOF,0.02609614813259974,0.8744879192860284,0.09941593258137199
25782,GOF,0.032089474321637994,0.9040837395761054,0.06382678610225638
25783,GOF,0.018701589580653183,0.7757207034795531,0.2055777069397937
25784,GOF,0.10244675610550626,0.8605247869242338,0.0370284569702598
25785,GOF,0.07089091910029868,0.8941608240100114,0.03494825688968999
25786,GOF,0.005759907177030555,0.8525856507817087,0.1416544420412608
25787,GOF,0.17386588024037794,0.7983557434315675,0.027778376328054605
25788,LOF,0.01558388648911546,0.19725658226312065,0.7871595312477638
25789,GOF,0.020226404103830187,0.8749805416293789,0.10479305426679095
25790,GOF,0.02238134018092129,0.8971917251242112,0.08042693469486761
25791,GOF,0.01547126408258435,0.8308634094275458,0.15366532648986986
25792,GOF,0.025053298508643997,0.8484686418092003,0.12647805968215584
25793,GOF,0.07548093276285707,0.8519218733671212,0.07259719387002178
25794,GOF,0.05809974460505745,0.7958963487636369,0.1460039066313057
25795,GOF,0.04489280161010998,0.7850751784068541,0.17003201998303585
25796,GOF,0.07332692545830376,0.8265071881734454,0.10016588636825081
25797,GOF,0.0393710052720578,0.7075356335788988,0.2530933611490434
25798,GOF,0.003080789190635594,0.6708684220239702,0.3260507887853941
25799,GOF,0.003000755727523625,0.559745093305391,0.43725415096708536
25800,GOF,0.012705502864492797,0.754184589589014,0.2331099075464933
25801,GOF,0.015451313187413556,0.8922631232372061,0.09228556357538022
25802,GOF,0.021497662887455905,0.8335526237663661,0.14494971334617804
25803,GOF,0.011984867721647502,0.7299092815888253,0.25810585068952724
25804,GOF,0.014368967155759076,0.6457421729659933,0.3398888598782475
25805,GOF,0.025723125414984022,0.7290626548416331,0.24521421974338284
25806,GOF,0.021356128347323946,0.7744733305150491,0.20417054113762695
25807,GOF,0.00594127186812881,0.7475885667388977,0.2464701613929733
25808,GOF,0.015566294013137203,0.775750750882398,0.20868295510446466
25809,GOF,0.006532939767320097,0.7518340168120765,0.24163304342060338
25810,GOF,0.005362855627222249,0.7558065427359046,0.23883060163687317
25811,GOF,0.051367526330250636,0.8754792815227849,0.07315319214696439
25812,GOF,0.015927587312088164,0.7346169321764027,0.2494554805115093
25813,GOF,0.10195414786036847,0.808560682823682,0.08948516931594942
25814,GOF,0.024945272961377194,0.8103803265263462,0.16467440051227666
25815,GOF,0.04502924680212434,0.8427794871562987,0.11219126604157693
25816,GOF,0.008092817454741755,0.8645241426814156,0.12738303986384256
25817,GOF,0.1104899309328835,0.7736005238626664,0.11590954520445011
25818,GOF,0.026713330807372582,0.8058709160014267,0.16741575319120078
25819,GOF,0.059341011669508524,0.7799148831925292,0.16074410513796236
25820,GOF,0.03279643621154161,0.7829194663591491,0.1842840974293094
25821,GOF,0.01973148935525489,0.7689894871541582,0.21127902349058694
25822,GOF,0.03636363734582479,0.7886134030564007,0.17502295959777453
25823,GOF,0.014765160122611799,0.6612961605707572,0.323938679306631
25824,GOF,0.026005177779936363,0.7759624810550056,0.19803234116505797
25825,GOF,0.0160032387471346,0.7598577749593785,0.22413898629348697
25826,GOF,0.005347106230957967,0.724805530906706,0.26984736286233596
25827,GOF,0.009109634996783269,0.7151884006944136,0.27570196430880317
25828,GOF,0.0061691309108291,0.6763077736946643,0.3175230953945065
25829,GOF,0.0028686898379271276,0.7228912258603115,0.27424008430176144
25830,GOF,0.040352596229017906,0.5247380184474421,0.43490938532354
25831,GOF,0.05003151031317013,0.8400943064804226,0.10987418320640714
25832,GOF,0.00895884655992704,0.8093888304695569,0.18165232297051598
25833,GOF,0.03517462266474871,0.8574056344548963,0.10741974288035493
25834,GOF,0.008701044555509943,0.8258834093441282,0.16541554610036185
25835,GOF,0.01868727226039819,0.8680935906066272,0.11321913713297457
25836,GOF,0.006520152579070149,0.8303978693840732,0.16308197803685667
25837,GOF,0.007460634960780069,0.7507919555018562,0.24174740953736376
25838,GOF,0.022439499162830022,0.8828528135848751,0.09470768725229496
25839,GOF,0.04368275293697916,0.8694990321451116,0.08681821491790916
25840,GOF,0.0652776792915351,0.8452918101892163,0.08943051051924847
25841,GOF,0.059085079091584745,0.857204634203462,0.08371028670495319
25842,GOF,0.026408647913520055,0.9035736972898023,0.07001765479667744
25843,GOF,0.02566770795675242,0.9079392776716295,0.06639301437161811
25844,GOF,0.01756060734484485,0.8643146669680966,0.11812472568705858
25845,GOF,0.005888583353790374,0.6885235889613376,0.30558782768487197
25846,GOF,0.04328357862936522,0.8696056402829071,0.08711078108772786
25847,GOF,0.01955393287817283,0.9229628527169885,0.0574832144048387
25848,GOF,0.01719658380106143,0.8771192685096512,0.10568414768928727
25849,GOF,0.004848941392141152,0.7772241378825149,0.21792692072534406
25850,GOF,0.006514600937706984,0.7885139128261806,0.2049714862361125
25851,GOF,0.005828312175527324,0.6771724374814281,0.31699925034304477
25852,GOF,0.14941266130744532,0.5922928631951673,0.25829447549738754
25853,GOF,0.06870011830876059,0.8526384323313183,0.07866144935992132
25854,GOF,0.005664367137153925,0.7344922704235225,0.25984336243932366
25855,GOF,0.014740285553815138,0.6686769162906411,0.31658279815554374
25856,GOF,0.038928312346908606,0.8028013728454887,0.15827031480760262
25857,GOF,0.014327223136240384,0.6800890855819488,0.30558369128181073
25858,GOF,0.007828081799555157,0.6765531686807428,0.3156187495197021
25859,GOF,0.005641525529765825,0.6550358170551427,0.3393226574150913
25860,GOF,0.08003823039014075,0.8310580709561443,0.08890369865371492
25861,GOF,0.08964535723505034,0.8311112730637303,0.07924336970121926
25862,GOF,0.02159670526702766,0.8729483793575639,0.1054549153754086
25863,GOF,0.021195108515377547,0.8863690565869629,0.09243583489765964
25864,GOF,0.052195990115389855,0.8864506271700132,0.06135338271459693
25865,GOF,0.03792622812804089,0.8509994737161323,0.11107429815582694
25866,GOF,0.026972899891503192,0.8830043476819123,0.09002275242658464
25867,GOF,0.03272058888175416,0.8939256679091245,0.07335374320912136
25868,GOF,0.05475009000653133,0.8547697449652107,0.090480165028258
25869,GOF,0.34544833901971816,0.600570488607682,0.05398117237259967
25870,GOF,0.06773927709519624,0.7161077632642053,0.21615295964059852
25871,GOF,0.010971645183926468,0.8953767324117556,0.0936516224043179
25872,GOF,0.020501234938146762,0.8864413591564733,0.09305740590537993
25873,GOF,0.019862924344148762,0.903851907002168,0.07628516865368329
25874,LOF,0.017023868179367047,0.21748097077292677,0.7654951610477061
25875,LOF,0.04635949132300232,0.05125759261344947,0.9023829160635483
25876,LOF,0.01802111026348431,0.046255704073032006,0.9357231856634837
25877,LOF,0.11465528378048932,0.09701518031612867,0.7883295359033821
25878,LOF,0.06612536718913795,0.13303491624750272,0.8008397165633593
25879,LOF,0.02830690555029562,0.09439009704589249,0.877302997403812
25880,LOF,0.05284232722633094,0.014580611829026358,0.9325770609446427
25881,Neutral,0.5592946326262724,0.06718691297191057,0.37351845440181697
25882,LOF,0.05899115377488401,0.02844239083517418,0.9125664553899419
25883,LOF,0.02851672798836263,0.024630328161337738,0.9468529438502996
25884,LOF,0.029709735427329027,0.04347222292065305,0.926818041652018
25885,LOF,0.2242757132296382,0.011388571802464779,0.764335714967897
25886,LOF,0.16662482978797935,0.05699757304804468,0.7763775971639759
25887,LOF,0.19963678331133047,0.0649874952287571,0.7353757214599124
25888,LOF,0.012319102567122837,0.13769375930627348,0.8499871381266036
25889,LOF,0.03364263779667952,0.030209472487221493,0.9361478897160991
25890,LOF,0.11954296896427008,0.1184592369632183,0.7619977940725117
25891,LOF,0.08969170254335067,0.024067844907920896,0.8862404525487284
25892,LOF,0.008991674980662754,0.030769178826603336,0.9602391461927339
25893,LOF,0.41870916202842784,0.007948286813400552,0.5733425511581717
25894,LOF,0.4488670661894473,0.004644737523423533,0.5464881962871292
25895,LOF,0.3465105476824524,0.010293988628567391,0.6431954636889803
25896,LOF,0.06901599338480821,0.01527885128240218,0.9157051553327895
25897,LOF,0.18372199474620118,0.007657632061171604,0.8086203731926273
25898,LOF,0.16608771458425006,0.028740569913108673,0.8051717155026413
25899,LOF,0.35928803579650453,0.016146737515110164,0.6245652266883854
25900,LOF,0.4475932480883868,0.008193498195567209,0.5442132537160459
25901,LOF,0.06684054047637171,0.006441555881173562,0.9267179036424548
25902,LOF,0.1806227265131386,0.008051318325917772,0.8113259551609436
25903,LOF,0.41218550876080995,0.02050800225717402,0.5673064889820161
25904,LOF,0.4842413777944749,0.021766452974982392,0.4939921692305426
25905,LOF,0.003998465718548022,0.46300306150512743,0.5329984727763246
25906,LOF,0.009444257503418317,0.11156596655343451,0.8789897759431472
25907,LOF,0.0043116250564819315,0.349660102939218,0.6460282720043001
25908,LOF,0.004472404092667764,0.2546846593830389,0.7408429365242932
25909,LOF,0.0222821543582093,0.15682064827776784,0.8208971973640228
25910,LOF,0.011082904796396672,0.12640267331947538,0.862514421884128
25911,LOF,0.3113900080998686,0.04004492398278188,0.6485650679173495
25912,LOF,0.06469216125825404,0.05554339380368892,0.879764444938057
25913,LOF,0.04453699979476184,0.0642471097344055,0.8912158904708327
25914,LOF,0.03801172583769177,0.04386130760339066,0.9181269665589177
25915,LOF,0.18766416700855995,0.19945246273164535,0.6128833702597948
25916,LOF,0.029972334329626697,0.12986069386556867,0.8401669718048046
25917,LOF,0.07082996144269645,0.04097713212438786,0.8881929064329158
25918,LOF,0.04226960899943956,0.02797594224379278,0.9297544487567676
25919,LOF,0.03630888943345095,0.027683063815796303,0.9360080467507528
25920,LOF,0.16834590712439704,0.22672093543831373,0.6049331574372893
25921,LOF,0.01667081184421473,0.03780351433410327,0.945525673821682
25922,LOF,0.016736900582723653,0.034569860546591585,0.9486932388706847
25923,LOF,0.47077238687035106,0.03282402185700683,0.4964035912726422
25924,LOF,0.02460266819803045,0.05369306421570036,0.9217042675862692
25925,LOF,0.08198585626563426,0.04620272765484015,0.8718114160795255
25926,LOF,0.059976593455885074,0.043817934560588405,0.8962054719835266
25927,LOF,0.0245366631424609,0.07294406225026794,0.9025192746072712
25928,LOF,0.010776752118184225,0.05514654287553119,0.9340767050062846
25929,Neutral,0.5574595130277405,0.03136407956367234,0.4111764074085872
25930,LOF,0.08401792999247787,0.031772515568072646,0.8842095544394495
25931,LOF,0.01446957746501318,0.03674073175810999,0.9487896907768767
25932,LOF,0.07182736948940399,0.02886937940292113,0.899303251107675
25933,LOF,0.062109612116772545,0.019425164667323018,0.9184652232159044
25934,LOF,0.05812416543153798,0.01815561785857186,0.9237202167098901
25935,LOF,0.07176940796152877,0.057168132273819484,0.8710624597646518
25936,LOF,0.0967067186470427,0.019642411730753775,0.8836508696222036
25937,LOF,0.013645814074246986,0.036156628610446016,0.950197557315307
25938,LOF,0.06958740581761913,0.056988477466240334,0.8734241167161405
25939,LOF,0.04496748907145091,0.024323845395901794,0.9307086655326474
25940,LOF,0.009509768037600707,0.3612215296967369,0.6292687022656626
25941,Neutral,0.5161017091356657,0.03544357012335369,0.4484547207409807
25942,LOF,0.00867140946096597,0.05383307816633456,0.9374955123726995
25943,LOF,0.047528417808107716,0.1680911649478892,0.7843804172440031
25944,LOF,0.07202069971009771,0.08211539323445789,0.8458639070554443
25945,LOF,0.12199566392522157,0.020122897552272596,0.8578814385225059
25946,LOF,0.07247252164304861,0.04760434609447044,0.879923132262481
25947,Neutral,0.4604433823912701,0.10230595544422601,0.43725066216450403
25948,LOF,0.4434528506530822,0.014001674594599816,0.542545474752318
25949,LOF,0.14699113968036948,0.0771800166144667,0.7758288437051639
25950,GOF,0.0705242416400099,0.6585263015003772,0.270949456859613
25951,LOF,0.01241089867110794,0.4424707683012214,0.5451183330276707
25952,LOF,0.2854738291404717,0.30411746294698844,0.4104087079125399
25953,LOF,0.0073951922515341365,0.18072144313076072,0.8118833646177052
25954,GOF,0.08754156193282872,0.4998359534740284,0.4126224845931428
25955,LOF,0.0071490631180790186,0.15891431681360654,0.8339366200683146
25956,LOF,0.017447215168675957,0.2569973278311395,0.7255554570001844
25957,LOF,0.20889505829749566,0.03111104740748032,0.7599938942950241
25958,LOF,0.033366557625264776,0.04112703932090326,0.925506403053832
25959,GOF,0.01391100855009768,0.5911685226396132,0.3949204688102892
25960,LOF,0.007018596250622239,0.06031554462007235,0.9326658591293054
25961,LOF,0.03172142603587513,0.036679896216710944,0.9315986777474139
25962,LOF,0.03902551690556583,0.06645950921150666,0.8945149738829274
25963,LOF,0.0049961265067038725,0.1904207923068369,0.8045830811864592
25964,LOF,0.027981153386956347,0.11933377245844419,0.8526850741545995
25965,LOF,0.27391801140570715,0.12456767889032437,0.6015143097039685
25966,Neutral,0.4761771425985682,0.14178773409228856,0.3820351233091432
25967,LOF,0.009809434698235584,0.08215933259493326,0.9080312327068312
25968,LOF,0.043114150680839444,0.25235221313928613,0.7045336361798743
25969,LOF,0.1216150004028526,0.05902423053357175,0.8193607690635756
25970,LOF,0.021546735863821137,0.08956743292233224,0.8888858312138466
25971,LOF,0.07654796861786622,0.028355490860129822,0.895096540522004
25972,LOF,0.06609537644728986,0.044973832216228894,0.8889307913364812
25973,LOF,0.06192513921438099,0.008735194077163553,0.9293396667084554
25974,LOF,0.04821033382079807,0.03499893724161155,0.9167907289375904
25975,LOF,0.04367778633764413,0.016438330010921723,0.9398838836514342
25976,LOF,0.09650038290209668,0.009725914602106025,0.8937737024957974
25977,LOF,0.18614666322908804,0.07096892614933317,0.7428844106215787
25978,LOF,0.1848901058341298,0.11242554615714259,0.7026843480087276
25979,LOF,0.1506109592018895,0.1287320767010377,0.7206569640970729
25980,LOF,0.25393861327649786,0.17462434041654154,0.5714370463069607
25981,LOF,0.25544363590873553,0.17601012122957865,0.5685462428616858
25982,Neutral,0.4862822404929323,0.08568766319509166,0.4280300963119762
25983,Neutral,0.48298865107580247,0.10251592652603575,0.41449542239816173
25984,LOF,0.041210333179268886,0.09151690388382107,0.8672727629369101
25985,LOF,0.42287887183644934,0.12937689371737968,0.44774423444617106
25986,LOF,0.012520327505471468,0.3979422117013981,0.5895374607931305
25987,LOF,0.057530740906311086,0.09961701801894685,0.8428522410747421
25988,LOF,0.04039730455946518,0.15532504281066017,0.8042776526298746
25989,LOF,0.03933154622678953,0.17691906521949138,0.7837493885537191
25990,LOF,0.04214167990756849,0.27767569032672956,0.680182629765702
25991,LOF,0.032045727716768065,0.42510611062656123,0.5428481616566707
25992,LOF,0.0270299069973099,0.41610399091426326,0.5568661020884268
25993,LOF,0.02904345994138289,0.08246454972875357,0.8884919903298635
25994,LOF,0.023836329834797367,0.08235553558606651,0.8938081345791362
25995,LOF,0.022197515979071228,0.1431413029098333,0.8346611811110954
25996,Neutral,0.3462679234555403,0.31303787851582116,0.34069419802863854
25997,LOF,0.06342574915065685,0.39148943425528104,0.5450848165940622
25998,LOF,0.24484168197320336,0.049075512656673946,0.7060828053701227
25999,LOF,0.027273615256661506,0.19150053959094995,0.7812258451523886
26000,LOF,0.1833461646131519,0.03435917950518236,0.7822946558816657
26001,LOF,0.25147971113307893,0.04171237960002637,0.7068079092668946
26002,LOF,0.13104791943907676,0.050531118745931955,0.8184209618149914
26003,GOF,0.005540928494987533,0.6259488757395526,0.36851019576545985
26004,GOF,0.00859328662225704,0.7041979380323499,0.2872087753453931
26005,GOF,0.003969132631070409,0.5030292674494258,0.49300159991950376
26006,GOF,0.11596820289755268,0.5510652347047198,0.3329665623977275
26007,GOF,0.007744973461087373,0.5387443349910612,0.45351069154785134
26008,GOF,0.006096781654412679,0.6390679525004561,0.35483526584513125
26009,GOF,0.00783038301073088,0.6761896604760662,0.3159799565132028
26010,GOF,0.008256996636048466,0.6318377913146731,0.3599052120492784
26011,LOF,0.0034456079495627226,0.4660650734685426,0.5304893185818947
26012,GOF,0.004956847430900077,0.5345841204021693,0.4604590321669306
26013,GOF,0.0068451399554792045,0.5890360770280246,0.40411878301649606
26014,LOF,0.05717153673273167,0.11751542708892077,0.8253130361783476
26015,LOF,0.3759185324604622,0.024975545924482232,0.5991059216150556
26016,LOF,0.2988116376369779,0.048887635341911886,0.6523007270211102
26017,LOF,0.02258698279062022,0.2090417506780165,0.7683712665313633
26018,LOF,0.025209054384475172,0.05426927609110331,0.9205216695244215
26019,LOF,0.024945215835706292,0.048121941979274524,0.926932842185019
26020,LOF,0.00900565619422551,0.2038716095165231,0.7871227342892515
26021,LOF,0.07276071526547702,0.08198991856083084,0.8452493661736923
26022,LOF,0.04186103290805822,0.030451016729744287,0.9276879503621974
26023,LOF,0.030371547284939376,0.03615167303096377,0.9334767796840968
26024,LOF,0.04418834789228754,0.08387137117356232,0.8719402809341501
26025,LOF,0.06258935174292046,0.08516361095520528,0.8522470373018742
26026,LOF,0.12370129172557803,0.06472373715211215,0.8115749711223099
26027,LOF,0.024522796372772427,0.02830690755947735,0.9471702960677503
26028,LOF,0.112822730449677,0.15066705278520579,0.7365102167651172
26029,LOF,0.019252817305693486,0.19765388270274653,0.78309329999156
26030,LOF,0.17412623981989628,0.022062296272545554,0.8038114639075581
26031,LOF,0.009242513421165869,0.16608330398512106,0.8246741825937131
26032,LOF,0.046051278489469175,0.05282893907819191,0.9011197824323388
26033,LOF,0.07349605313588273,0.0470654319744075,0.8794385148897099
26034,LOF,0.013099691946717897,0.14376403469267612,0.8431362733606059
26035,LOF,0.011495253007570816,0.10892312143254955,0.8795816255598796
26036,LOF,0.010889392971239857,0.12347027304434577,0.8656403339844144
26037,LOF,0.009812196695004008,0.09848227993606443,0.8917055233689316
26038,LOF,0.03967058220836175,0.0472391829283701,0.913090234863268
26039,LOF,0.02412460186301671,0.1267236760964432,0.8491517220405401
26040,LOF,0.11729004728244563,0.12122948708733997,0.7614804656302144
26041,LOF,0.013113403154951691,0.08852368685819137,0.8983629099868569
26042,LOF,0.011780277225826226,0.09743658674091712,0.8907831360332565
26043,LOF,0.038690253746995584,0.06677066543197085,0.8945390808210335
26044,LOF,0.013949694333792574,0.04477717745735097,0.9412731282088564
26045,LOF,0.06624455246597287,0.10563220732692027,0.8281232402071068
26046,LOF,0.03311304875964018,0.05061998906480266,0.9162669621755573
26047,LOF,0.053900266010034316,0.0498270719414532,0.8962726620485125
26048,LOF,0.08021691352063577,0.025421894124939722,0.8943611923544246
26049,Neutral,0.9485785845924868,0.007035352205942305,0.044386063201571034
26050,Neutral,0.9258015142059878,0.007786004987671927,0.06641248080634028
26051,LOF,0.016841477489558946,0.11950510105487888,0.8636534214555621
26052,LOF,0.029777057027086346,0.14660047856627031,0.8236224644066434
26053,LOF,0.031193857792390457,0.15704183802470736,0.8117643041829021
26054,LOF,0.044637948557727535,0.02865509517097383,0.9267069562712986
26055,LOF,0.06700559081735707,0.02511193985582288,0.90788246932682
26056,LOF,0.0532171131107723,0.03215745851242859,0.9146254283767992
26057,LOF,0.06083187194857963,0.014888820892172437,0.924279307159248
26058,LOF,0.06418700448235523,0.012446204434015506,0.9233667910836293
26059,LOF,0.20245289552187684,0.030712191065672762,0.7668349134124505
26060,LOF,0.016693960514803475,0.18286077676691787,0.8004452627182788
26061,LOF,0.012956334264624371,0.01134380744395504,0.9756998582914206
26062,LOF,0.006928223420942247,0.01846008111633928,0.9746116954627184
26063,LOF,0.0397074240826286,0.011207968594744357,0.9490846073226271
26064,LOF,0.010712794876374,0.024299416003916424,0.9649877891197095
26065,LOF,0.048333446043692586,0.012273872128145688,0.9393926818281616
26066,LOF,0.045640245365816255,0.01098307442774758,0.9433766802064363
26067,LOF,0.05513873566717109,0.010189795751037853,0.934671468581791
26068,LOF,0.05191429247706816,0.047200772494471896,0.9008849350284599
26069,LOF,0.15392714800296156,0.02965895187290002,0.8164139001241384
26070,LOF,0.3471951277353795,0.023417826751332308,0.6293870455132883
26071,LOF,0.044566708523378296,0.011581843733422142,0.9438514477431995
26072,LOF,0.010388385662161942,0.02128917768565877,0.9683224366521793
26073,LOF,0.03939334221182269,0.015054995512957093,0.9455516622752203
26074,Neutral,0.9210622888609308,0.008858557493447683,0.07007915364562133
26075,LOF,0.05198926443645181,0.023414566468821594,0.9245961690947265
26076,LOF,0.05775942123336156,0.012094585069897159,0.9301459936967413
26077,LOF,0.1696366124025372,0.007165530610781527,0.8231978569866814
26078,LOF,0.00852977798661191,0.01543355804048561,0.9760366639729025
26079,LOF,0.06388747649412994,0.024754573026468094,0.911357950479402
26080,LOF,0.06319200627133457,0.02472728804872925,0.9120807056799362
26081,LOF,0.03488177818873662,0.009220986190605435,0.955897235620658
26082,LOF,0.007465183991635116,0.014149668613799956,0.9783851473945651
26083,LOF,0.10893892369959708,0.021441791538938316,0.8696192847614646
26084,LOF,0.1093745989907459,0.015999824625991425,0.8746255763832628
26085,LOF,0.10051452744035451,0.013768754691580069,0.8857167178680654
26086,LOF,0.038773919123113204,0.0124705465685567,0.94875553430833
26087,LOF,0.03683876269989042,0.010891556698415336,0.9522696806016943
26088,LOF,0.009135769690514542,0.018403128204263645,0.9724611021052219
26089,LOF,0.04324749082248482,0.039852176929766246,0.9169003322477489
26090,LOF,0.04395960212580363,0.030842520106084174,0.9251978777681121
26091,LOF,0.03211629654582604,0.007913659574953135,0.9599700438792207
26092,LOF,0.04472866325717477,0.007890481272752603,0.9473808554700726
26093,LOF,0.08676821227142523,0.006095514485669951,0.9071362732429049
26094,LOF,0.037786433872287514,0.007692228758525685,0.9545213373691869
26095,LOF,0.038784419043246844,0.0190431754337316,0.9421724055230215
26096,LOF,0.21960635690860686,0.0054817269512109365,0.7749119161401822
26097,LOF,0.008102791676149338,0.031101769226393038,0.9607954390974576
26098,LOF,0.07975425266412431,0.0200356755062933,0.9002100718295823
26099,LOF,0.050006500692230504,0.016698906831455602,0.9332945924763139
26100,LOF,0.04995477768730076,0.01669915099587098,0.9333460713168282
26101,LOF,0.06182938013036392,0.02941405503254447,0.9087565648370917
26102,LOF,0.036111890896322926,0.017376293476653922,0.9465118156270231
26103,Neutral,0.8802527402890117,0.02781189442631492,0.09193536528467328
26104,LOF,0.057681733577974285,0.04382893607443872,0.8984893303475869
26105,LOF,0.2484588679990295,0.16212488403254977,0.5894162479684207
26106,LOF,0.34729000446617553,0.11406100614888433,0.5386489893849402
26107,LOF,0.0227093075051434,0.09016582786977592,0.8871248646250807
26108,LOF,0.28578646261151464,0.04441995536469481,0.6697935820237905
26109,LOF,0.08697698476552901,0.036778864200833414,0.8762441510336375
26110,LOF,0.4747229710110376,0.007314181174300145,0.5179628478146622
26111,LOF,0.04834385798992891,0.15017318421721226,0.8014829577928589
26112,LOF,0.051726478624928886,0.009158696745528593,0.9391148246295424
26113,LOF,0.11616979353218408,0.020962396055411402,0.8628678104124046
26114,LOF,0.09035184071534164,0.007131620855090584,0.9025165384295678
26115,LOF,0.013238926187244272,0.04539111986155323,0.9413699539512026
26116,LOF,0.06508502756246852,0.020933025162559696,0.9139819472749717
26117,LOF,0.39070224883649207,0.030819602513187654,0.5784781486503202
26118,LOF,0.049865042523861876,0.014873332851116606,0.9352616246250216
26119,LOF,0.005981637103991893,0.031136745960824812,0.9628816169351831
26120,LOF,0.037230508474194776,0.014131158298881516,0.9486383332269237
26121,LOF,0.004533277853810502,0.11362989957935744,0.8818368225668319
