feature0,prediction,LoGoFunc_Neutral,LoGoFunc_GOF,LoGoFunc_LOF
25546,Neutral,0.7249538988694578,0.03056665126883662,0.24447944986170547
25547,Neutral,0.563768624364503,0.06476693083001497,0.371464444805482
25548,Neutral,0.565065783913226,0.046297208788117584,0.3886370072986563
25549,Neutral,0.48072596500652776,0.04774298758303288,0.4715310474104393
25550,LOF,0.3501743247096834,0.08484184409638205,0.5649838311939346
25551,LOF,0.300487668140787,0.09365907875961325,0.6058532530995998
25552,LOF,0.21614054567105084,0.0893936000462711,0.6944658542826782
25553,Neutral,0.8306610171554784,0.025518999429513443,0.1438199834150082
25554,LOF,0.24667404105919433,0.08596722626182045,0.6673587326789853
25555,LOF,0.2060378632434197,0.07781729209316546,0.7161448446634149
25556,LOF,0.3995166506901204,0.07945644666326165,0.521026902646618
25557,LOF,0.20235945625238527,0.08064794930778933,0.7169925944398253
25558,LOF,0.24002343624706882,0.08744318180310913,0.6725333819498219
25559,LOF,0.3837183887063165,0.15860324065767428,0.4576783706360093
25560,LOF,0.05720011045635498,0.1455270527853516,0.7972728367582934
25561,LOF,0.12461341853873248,0.15031344802275254,0.725073133438515
25562,LOF,0.1373463336016161,0.04993692744281075,0.8127167389555732
25563,LOF,0.11441521504898018,0.06551597474602765,0.8200688102049921
25564,LOF,0.2223614110711,0.1202032315067167,0.6574353574221833
25565,LOF,0.1459598556262558,0.10727790788374908,0.7467622364899951
25566,GOF,0.018166193335515227,0.7710842693415612,0.21074953732292362
25567,LOF,0.016275291362574128,0.16609372765100391,0.8176309809864218
25568,LOF,0.050799372865266104,0.06086161511275525,0.8883390120219786
25569,LOF,0.0630519760521373,0.05488036189519046,0.8820676620526723
25570,LOF,0.05939131730581998,0.09335888791073632,0.8472497947834436
25571,LOF,0.05489420772797618,0.08929744391501897,0.8558083483570049
25572,LOF,0.0649835301739651,0.1186055031125856,0.8164109667134493
25573,LOF,0.036757250285466746,0.0857475595040636,0.8774951902104697
25574,LOF,0.022003986275580895,0.12758063934819774,0.8504153743762213
25575,LOF,0.042561586596472904,0.10016325372275948,0.8572751596807677
25576,LOF,0.017025551683490597,0.11396668711411362,0.8690077612023959
25577,LOF,0.015066860560770523,0.12190336487368457,0.863029774565545
25578,LOF,0.24409503754035528,0.0759628351022986,0.6799421273573462
25579,LOF,0.2445154246700572,0.07523170800567644,0.6802528673242664
25580,LOF,0.030270292130760806,0.07000834759297869,0.8997213602762605
25581,LOF,0.05451354594409407,0.05881378266992542,0.8866726713859806
25582,LOF,0.05435711520391892,0.05677068972524979,0.8888721950708314
25583,LOF,0.042998151753673754,0.07974108196831875,0.8772607662780074
25584,Neutral,0.4688141693521311,0.09934605914319736,0.4318397715046715
25585,LOF,0.03191264435331068,0.10815970794027943,0.85992764770641
25586,LOF,0.029331058523710103,0.06609531511836012,0.9045736263579298
25587,LOF,0.02809711959863315,0.06136019928033274,0.9105426811210341
25588,LOF,0.030643314454502142,0.0773717384748387,0.8919849470706592
25589,Neutral,0.5957325961865997,0.1157018325436885,0.2885655712697119
25590,LOF,0.030811120696383254,0.11381842582790963,0.8553704534757072
25591,LOF,0.11491130251313789,0.04904821300406054,0.8360404844828015
25592,LOF,0.09044240584481689,0.11215680165197718,0.797400792503206
25593,LOF,0.028024658940474827,0.2305902283542497,0.7413851127052755
25594,LOF,0.042649855296489333,0.22893254522918374,0.7284175994743269
25595,LOF,0.0470473198751634,0.15467160683526107,0.7982810732895755
25596,LOF,0.04359200961304294,0.10021570378764297,0.856192286599314
25597,LOF,0.04078025587376565,0.108157354580986,0.8510623895452484
25598,LOF,0.046661094703982484,0.1526908978384237,0.8006480074575938
25599,GOF,0.008302817958479062,0.6757913690631958,0.3159058129783251
25600,GOF,0.019974222402450843,0.6095036496982799,0.3705221278992693
25601,LOF,0.006519803364834354,0.43159535474835026,0.5618848418868154
25602,LOF,0.029406777239933693,0.04174384187043761,0.9288493808896288
25603,LOF,0.05869670476438116,0.027523159811293368,0.9137801354243255
25604,LOF,0.04673417838704279,0.030967596937438828,0.9222982246755185
25605,LOF,0.015968877911956014,0.17575348163358326,0.8082776404544607
25606,LOF,0.11814235252323385,0.39740114325270853,0.4844565042240577
25607,LOF,0.006673782171465953,0.18703404918196778,0.8062921686465663
25608,LOF,0.03113919117756869,0.05553147323439458,0.9133293355880366
25609,LOF,0.03803696624113784,0.4294975373377109,0.5324654964211513
25610,LOF,0.03943148089372413,0.030316184568298262,0.9302523345379776
25611,LOF,0.03736362495741287,0.028554406346041433,0.9340819686965457
25612,LOF,0.09479366415568785,0.03986276493786914,0.865343570906443
25613,LOF,0.0770512851033485,0.04149961622033208,0.8814490986763194
25614,LOF,0.029612522804922728,0.038182542584066365,0.9322049346110108
25615,LOF,0.04122270082405982,0.04463143124001582,0.9141458679359244
25616,LOF,0.030973367843873913,0.03625099078775492,0.9327756413683711
25617,LOF,0.03001882427797652,0.039716415794549945,0.9302647599274735
25618,LOF,0.15898755754018729,0.03368612424949457,0.8073263182103182
25619,LOF,0.026777545963877956,0.034786539664256315,0.9384359143718658
25620,LOF,0.032995531342337535,0.0450152866756269,0.9219891819820356
25621,LOF,0.027456848180143077,0.03518733320809698,0.9373558186117599
25622,LOF,0.030060705953703706,0.04218731422681118,0.9277519798194851
25623,LOF,0.05369387944518623,0.03999347324267306,0.9063126473121408
25624,LOF,0.026822275954908294,0.041064595359794155,0.9321131286852976
25625,LOF,0.031372319642337214,0.0498861925596012,0.9187414877980616
25626,LOF,0.08601606433906897,0.03622021814709239,0.8777637175138386
25627,Neutral,0.5122851900367266,0.133674772522727,0.3540400374405464
25628,LOF,0.1987128605640657,0.0628774941880235,0.7384096452479109
25629,LOF,0.06665368267895903,0.06488292025060992,0.868463397070431
25630,LOF,0.17053069009767188,0.09759855583083868,0.7318707540714894
25631,Neutral,0.5730457173534653,0.07517098170905959,0.35178330093747506
25632,LOF,0.018251506457195425,0.08733394563641535,0.8944145479063892
25633,LOF,0.21118289513199145,0.06348951204458618,0.7253275928234223
25634,LOF,0.033893702988422966,0.09748531995204279,0.8686209770595342
25635,LOF,0.03701978077616828,0.06963208812707668,0.893348131096755
25636,GOF,0.004671076429710366,0.6637911084032043,0.3315378151670852
25637,GOF,0.00568194733660275,0.6740705430823333,0.3202475095810641
25638,LOF,0.00896707964633817,0.41450355285887147,0.5765293674947903
25639,GOF,0.005070029267896668,0.5361349693488744,0.45879500138322893
25640,Neutral,0.46899428459576226,0.4641885841503741,0.06681713125386353
25641,LOF,0.010614983393373594,0.35215529021454894,0.6372297263920774
25642,LOF,0.3178025366340398,0.06176128492766633,0.6204361784382938
25643,LOF,0.28437146162393123,0.14247170823538752,0.5731568301406812
25644,GOF,0.013982053300452931,0.5565302818312481,0.4294876648682989
25645,GOF,0.013736125122719644,0.5022312488067593,0.484032626070521
25646,LOF,0.01936560399770522,0.3650935968936031,0.6155407991086917
25647,LOF,0.016844140479460527,0.286183685957721,0.6969721735628185
25648,LOF,0.014546316226600431,0.31163848293155877,0.6738152008418409
25649,LOF,0.011131178530293453,0.23863560866626166,0.750233212803445
25650,LOF,0.029330456841787082,0.48501021914722453,0.48565932401098844
25651,LOF,0.010298944166274715,0.2821442233556733,0.7075568324780519
25652,LOF,0.016733314106086725,0.2483393585674067,0.7349273273265066
25653,LOF,0.06213327339883953,0.3612257847801076,0.5766409418210529
25654,LOF,0.01598289551196593,0.15887182977407185,0.8251452747139623
25655,LOF,0.08994610926282318,0.4151951821024077,0.4948587086347691
25656,LOF,0.07747967494637008,0.07025640116889466,0.8522639238847354
25657,LOF,0.28928937174847047,0.03126419014734519,0.6794464381041843
25658,LOF,0.04744624244176301,0.08321840613249754,0.8693353514257395
25659,LOF,0.28402534999024276,0.06623427686517729,0.6497403731445799
25660,LOF,0.07201200359126184,0.09374564566215382,0.8342423507465844
25661,LOF,0.05273995413087963,0.06800870587887226,0.8792513399902482
25662,LOF,0.029485507450012636,0.04185382841730854,0.9286606641326788
25663,LOF,0.0392312375913005,0.06944762881398557,0.891321133594714
25664,LOF,0.03405851325014626,0.0878358086965033,0.8781056780533505
25665,LOF,0.05905464004140758,0.041952444176575635,0.8989929157820167
25666,LOF,0.034438582449212496,0.1419175912995469,0.8236438262512406
25667,LOF,0.03020355705034522,0.051389127332555865,0.9184073156170989
25668,LOF,0.033942132160271664,0.05599171739913532,0.9100661504405931
25669,LOF,0.04252400791497889,0.08544302612489622,0.8720329659601249
25670,LOF,0.09354312027080913,0.09205447437855961,0.8144024053506312
25671,LOF,0.040360574016928,0.04476330208556057,0.9148761238975114
25672,LOF,0.057868128253553766,0.06121049571931124,0.880921376027135
25673,LOF,0.034123666451909326,0.07013068380494769,0.8957456497431431
25674,LOF,0.026647627605163808,0.07475344845217362,0.8985989239426625
25675,LOF,0.038112932964723206,0.05350730718112742,0.9083797598541493
25676,LOF,0.03200714701597998,0.05609943783051854,0.9118934151535015
25677,LOF,0.06274305966073776,0.05993518017751893,0.8773217601617435
25678,LOF,0.27678343322892995,0.03734714169473742,0.6858694250763326
25679,LOF,0.1767175244537167,0.07872262333395795,0.7445598522123252
25680,LOF,0.06773783694181107,0.09238048032642675,0.8398816827317622
25681,LOF,0.11294681369405866,0.0823650828307165,0.8046881034752248
25682,LOF,0.04448145058312308,0.0731956299887518,0.8823229194281251
25683,LOF,0.08977715918255268,0.08553149210180092,0.8246913487156464
25684,LOF,0.05336961370763453,0.07677043339901808,0.8698599528933474
25685,LOF,0.09062372869949542,0.05148874337574942,0.8578875279247552
25686,LOF,0.02992027233998684,0.0994836373242009,0.8705960903358122
25687,LOF,0.05155470663868198,0.07420830783331221,0.8742369855280059
25688,LOF,0.02452933566489671,0.09029255677234568,0.8851781075627576
25689,LOF,0.020291886109715798,0.07829629789370003,0.9014118159965842
25690,LOF,0.01832096262051329,0.08586050906346428,0.8958185283160224
25691,LOF,0.16755163284296634,0.1260504924326054,0.7063978747244282
25692,LOF,0.26705191173251247,0.012467581119413743,0.7204805071480738
25693,LOF,0.05120557415391172,0.12784760666798192,0.8209468191781063
25694,LOF,0.23136194293537493,0.012518265436603858,0.7561197916280211
25695,LOF,0.14839422885718817,0.019586410344767845,0.8320193607980441
25696,LOF,0.15283393567963546,0.010044368349716597,0.837121695970648
25697,LOF,0.13745969030505795,0.02563032426758418,0.8369099854273578
25698,LOF,0.026011367819358994,0.3604392508724859,0.6135493813081551
25699,LOF,0.05158042111328268,0.05978961563274549,0.8886299632539718
25700,LOF,0.03182733320304583,0.008261834957076204,0.959910831839878
25701,LOF,0.012128249120302114,0.07915126236853191,0.9087204885111659
25702,GOF,0.033774346811758275,0.7649853392644526,0.20124031392378902
25703,LOF,0.015826214213050437,0.18367162843712642,0.8005021573498231
25704,LOF,0.0864554424765952,0.14458294511235512,0.7689616124110495
25705,LOF,0.06566824912775465,0.24404378045853264,0.6902879704137127
25706,GOF,0.04411636607131063,0.6338522057072357,0.32203142822145364
25707,GOF,0.024607745392973848,0.554051510126877,0.4213407444801491
25708,LOF,0.0063941301882009145,0.4724868311907125,0.5211190386210867
25709,LOF,0.018081326198650164,0.06987869348658483,0.912039980314765
25710,LOF,0.007822689974201914,0.15798799110403886,0.8341893189217592
25711,LOF,0.020439481094291268,0.11936165297488051,0.8601988659308283
25712,LOF,0.008462412041034572,0.19923947253244575,0.7922981154265196
25713,LOF,0.019508701270730303,0.10827679859086137,0.8722145001384083
25714,LOF,0.021329444733727197,0.13781106671919963,0.8408594885470732
25715,LOF,0.0195372864657375,0.12067783273344927,0.8597848808008132
25716,LOF,0.010592579013587575,0.14799463174352867,0.8414127892428837
25717,LOF,0.0053748648715513814,0.13948745248025565,0.8551376826481929
25718,LOF,0.019682430759213658,0.08572171840354183,0.8945958508372446
25719,LOF,0.03501246359545547,0.09452771805814254,0.8704598183464021
25720,LOF,0.027670415846308364,0.09349626659298509,0.8788333175607066
25721,LOF,0.023287976086887464,0.09760517773608082,0.8791068461770318
25722,LOF,0.016588817651877055,0.1372686263653686,0.8461425559827543
25723,LOF,0.020928517438437436,0.0771355647653252,0.9019359177962374
25724,LOF,0.027352491160935393,0.12340213928060707,0.8492453695584575
25725,LOF,0.020015181620049054,0.06847535719573614,0.9115094611842148
25726,LOF,0.015742020790244785,0.10784356968398078,0.8764144095257743
25727,LOF,0.020250383866284437,0.09578075032911366,0.8839688658046019
25728,LOF,0.019454881660571757,0.1074067865412883,0.8731383317981399
25729,LOF,0.018977667243169204,0.11322730617169198,0.8677950265851389
25730,LOF,0.021628436972210834,0.08493189821413513,0.893439664813654
25731,LOF,0.008869879548882721,0.19636859962076667,0.7947615208303506
25732,LOF,0.019188330332775366,0.09898997619618125,0.8818216934710434
25733,LOF,0.02977244181484264,0.09257595391628765,0.8776516042688698
25734,LOF,0.00639878091829185,0.20818322484578305,0.7854179942359251
25735,LOF,0.021324709024581806,0.08388609016029466,0.8947892008151235
25736,LOF,0.020534754725451385,0.14045184621979273,0.8390133990547558
25737,LOF,0.039690885240094696,0.11405644148647741,0.8462526732734278
25738,LOF,0.01987997043970002,0.15288674261793653,0.8272332869423634
25739,LOF,0.023625754328805308,0.14233607638729043,0.8340381692839042
25740,LOF,0.0491642445546059,0.14222679060679627,0.8086089648385978
25741,LOF,0.026731525067711485,0.1214536834336791,0.8518147914986095
25742,LOF,0.04544976494790194,0.13333468565521855,0.8212155493968795
25743,LOF,0.011664753501186759,0.03736611670100619,0.950969129797807
25744,GOF,0.18793180440509127,0.4296768188905853,0.3823913767043234
25745,LOF,0.02448034425955272,0.06816210849096026,0.907357547249487
25746,LOF,0.01209054893359327,0.08157138320566444,0.9063380678607423
25747,LOF,0.029005049897780195,0.03447426430052426,0.9365206858016956
25748,LOF,0.25644799155495446,0.06204673976836197,0.6815052686766835
25749,LOF,0.01359328773093375,0.055070101870796175,0.9313366103982701
25750,LOF,0.01462378233478247,0.0854806428618104,0.8998955748034071
25751,LOF,0.03826255491432358,0.06793666951691764,0.8938007755687588
25752,GOF,0.0874378634848079,0.6862447149658447,0.22631742154934725
25753,LOF,0.00708028724796058,0.3899752629655076,0.6029444497865318
25754,GOF,0.006879613121864205,0.8647784873795933,0.12834189949854238
25755,LOF,0.008161742021090879,0.4559479409474056,0.5358903170315036
25756,LOF,0.04822086453936874,0.4426018338166905,0.5091773016439407
25757,GOF,0.007230863776778851,0.8751611460813593,0.11760799014186184
25758,GOF,0.009260182873250266,0.8745130513366053,0.1162267657901443
25759,GOF,0.005833091733423425,0.5845987814305992,0.4095681268359773
25760,LOF,0.006434286449880711,0.3190616997043736,0.6745040138457457
25761,GOF,0.06711943351435916,0.8554388912307909,0.07744167525485002
25762,LOF,0.027895190535436768,0.38682169162100044,0.5852831178435628
25763,LOF,0.007462410975677682,0.274718805349096,0.7178187836752262
25764,GOF,0.07652915770673373,0.6463382273523687,0.2771326149408976
25765,GOF,0.007849146355143811,0.8457878989785579,0.1463629546662983
25766,GOF,0.04195626376572116,0.8307597625811802,0.12728397365309846
25767,GOF,0.009871926501886088,0.525259495445494,0.46486857805261994
25768,LOF,0.03649052311464757,0.08264269148855995,0.8808667853967924
25769,LOF,0.02461309414648466,0.09282007257266726,0.8825668332808481
25770,LOF,0.1585800558795591,0.07963411536090521,0.7617858287595357
25771,LOF,0.013130461160084445,0.08200703719652894,0.9048625016433867
25772,LOF,0.023817568006558484,0.03561808731140762,0.9405643446820338
25773,LOF,0.016190423926721355,0.09048408679688114,0.8933254892763975
25774,LOF,0.028496897114904475,0.10467335803966361,0.8668297448454318
25775,LOF,0.01781395323090936,0.04781415816344454,0.9343718886056461
25776,LOF,0.02522627891859246,0.0320791932242516,0.942694527857156
25777,LOF,0.2646077026080131,0.08253788899272595,0.6528544083992611
25778,LOF,0.018742627057041675,0.0645672271048298,0.9166901458381286
25779,GOF,0.028310871771933692,0.897301113454662,0.07438801477340427
25780,GOF,0.06967842691801533,0.8790088105932394,0.05131276248874525
25781,GOF,0.032193254878219474,0.881746189282191,0.0860605558395895
25782,GOF,0.025285159114982376,0.8997187941755985,0.07499604670941905
25783,GOF,0.020712265714505535,0.8004889870957644,0.17879874718973002
25784,GOF,0.08276915896810734,0.8793702352504987,0.03786060578139412
25785,GOF,0.058480488810198815,0.9015154915364071,0.04000401965339395
25786,GOF,0.007718972987553638,0.8500920550739991,0.14218897193844732
25787,GOF,0.16467543235181512,0.7987677395874804,0.03655682806070452
25788,LOF,0.016871784862944727,0.22356378818078235,0.7595644269562729
25789,GOF,0.01542496485719814,0.8739405986714717,0.11063443647133013
25790,GOF,0.015332465533204236,0.8823145261962292,0.10235300827056666
25791,GOF,0.01647535413713368,0.8322927597733751,0.15123188608949117
25792,GOF,0.02001331051788252,0.8448026946404729,0.1351839948416445
25793,GOF,0.05411473602159187,0.839719800658241,0.10616546332016703
25794,GOF,0.05521051170818682,0.7644248191351087,0.1803646691567045
25795,GOF,0.053490446824055196,0.7619554032575093,0.1845541499184356
25796,GOF,0.07242681448523357,0.8339011892577397,0.09367199625702685
25797,GOF,0.047927835421265545,0.7331794697380271,0.2188926948407074
25798,GOF,0.0034004258607562947,0.6946400018039577,0.3019595723352861
25799,GOF,0.0031545274065510704,0.5896440605118055,0.4072014120816435
25800,GOF,0.018231832098442594,0.7908116152261551,0.19095655267540254
25801,GOF,0.013863275364810735,0.891048878831372,0.09508784580381725
25802,GOF,0.019167942639895574,0.8419681288861696,0.1388639284739349
25803,GOF,0.013297268030709884,0.7439784470791894,0.24272428489010076
25804,GOF,0.015102420320785204,0.664346349728082,0.3205512299511328
25805,GOF,0.02146176112290604,0.7413836672903111,0.23715457158678274
25806,GOF,0.018195138099000925,0.8088911894321702,0.1729136724688288
25807,GOF,0.006224226842990344,0.7776137031579448,0.21616206999906473
25808,GOF,0.014545660949263873,0.7920540806822118,0.19340025836852434
25809,GOF,0.007562222552594243,0.7662500979421298,0.22618767950527582
25810,GOF,0.006365068418365054,0.7703901705726117,0.22324476100902327
25811,GOF,0.04139864381608643,0.8794308539623583,0.07917050222155529
25812,GOF,0.017766677336814377,0.7748931913222621,0.2073401313409236
25813,GOF,0.09948750238592063,0.8140586606206329,0.08645383699344657
25814,GOF,0.021820325857223273,0.8214546100609172,0.15672506408185957
25815,GOF,0.04132582703730717,0.8460635766037786,0.11261059635891418
25816,GOF,0.008304116816104106,0.8761229559706271,0.11557292721326887
25817,GOF,0.11564934835137661,0.8099443625110525,0.07440628913757098
25818,GOF,0.019252206627425005,0.8382531221175192,0.1424946712550556
25819,GOF,0.05653349336925467,0.7916417147253608,0.15182479190538448
25820,GOF,0.02475184144851805,0.7914932737699159,0.18375488478156607
25821,GOF,0.01736010087890231,0.7873707229807065,0.19526917614039127
25822,GOF,0.032272538283769074,0.7947612587846857,0.17296620293154527
25823,GOF,0.018524470051857565,0.6952983676654911,0.2861771622826513
25824,GOF,0.016853965530495507,0.7879269483786412,0.19521908609086336
25825,GOF,0.014774558645743908,0.7820252696805648,0.203200171673691
25826,GOF,0.006173469819952399,0.7674057662677727,0.22642076391227506
25827,GOF,0.010084317799549332,0.7255642505942589,0.2643514316061916
25828,GOF,0.007837810787970781,0.6940815009410394,0.2980806882709899
25829,GOF,0.0036158130643043425,0.7426587666489366,0.25372542028675915
25830,GOF,0.036987381961154184,0.5716040255832207,0.39140859245562515
25831,GOF,0.06506333748119288,0.8246223041881946,0.11031435833061266
25832,GOF,0.009634460928750987,0.816863877902288,0.17350166116896104
25833,GOF,0.03492295811816144,0.8587473413823534,0.10632970049948522
25834,GOF,0.009039244917583983,0.8324827129213495,0.15847804216106648
25835,GOF,0.02140433556882302,0.8765445533838426,0.1020511110473344
25836,GOF,0.006695160783441098,0.8304771824731362,0.16282765674342273
25837,GOF,0.006694586336121406,0.7279302342559101,0.2653751794079685
25838,GOF,0.01922361981386364,0.8660030034844791,0.11477337670165709
25839,GOF,0.03975546393482743,0.8517474001837122,0.10849713588146029
25840,GOF,0.08296437658327281,0.8228080964788048,0.09422752693792243
25841,GOF,0.08209348275873518,0.8352770736691182,0.08262944357214656
25842,GOF,0.021799677144794583,0.8948434242746172,0.08335689858058823
25843,GOF,0.022447442967894984,0.903613792925707,0.07393876410639799
25844,GOF,0.014925966143442432,0.855578495390512,0.12949553846604542
25845,GOF,0.004778276907739071,0.6667250853334199,0.328496637758841
25846,GOF,0.05913548330386248,0.8520863756725454,0.08877814102359213
25847,GOF,0.01499702367270836,0.9078032514415039,0.07719972488578777
25848,GOF,0.017925629253649735,0.8645910452191518,0.11748332552719846
25849,GOF,0.006309506997458125,0.7753935902502818,0.21829690275226013
25850,GOF,0.005548017835736622,0.7775477882749362,0.21690419388932725
25851,GOF,0.00492610180509138,0.6643102623144598,0.330763635880449
25852,GOF,0.14574579418525554,0.5905624189618139,0.26369178685293043
25853,GOF,0.0629968230796029,0.8500570657901393,0.08694611113025791
25854,GOF,0.004530186198038696,0.7268888781003878,0.26858093570157354
25855,GOF,0.019697307724001828,0.6857894918192337,0.29451320045676455
25856,GOF,0.03702024498635203,0.7976495055272532,0.16533024948639471
25857,GOF,0.019551326700921714,0.6658001877370379,0.31464848556204034
25858,GOF,0.00661696395597448,0.6683552583494357,0.3250277776945899
25859,GOF,0.005383126638502441,0.663166683455906,0.3314501899055915
25860,GOF,0.07291876201624758,0.8276812420424942,0.09939999594125831
25861,GOF,0.09118094593072076,0.8206256444658481,0.08819340960343121
25862,GOF,0.017019086709078944,0.8912794226842549,0.09170149060666635
25863,GOF,0.017993024580488497,0.8878487951221843,0.09415818029732725
25864,GOF,0.051752226205844,0.8847556805762402,0.06349209321791581
25865,GOF,0.040021449097775455,0.8592563456314455,0.10072220527077898
25866,GOF,0.022679978002753856,0.8861040211290785,0.09121600086816753
25867,GOF,0.03436583723972134,0.8953694789343652,0.07026468382591346
25868,GOF,0.04633005671833225,0.8547945937966643,0.0988753494850035
25869,GOF,0.31218478077516587,0.6185004275743896,0.06931479165044467
25870,GOF,0.06117593973990477,0.7088412647523932,0.22998279550770204
25871,GOF,0.009933281144663821,0.8937120752227271,0.09635464363260908
25872,GOF,0.019298734054174777,0.8874897857798464,0.09321148016597873
25873,GOF,0.019061013463872567,0.9027955162194095,0.07814347031671803
25874,LOF,0.016784814478564183,0.2713282464150625,0.7118869391063732
25875,LOF,0.04570746911838392,0.048605236897546616,0.9056872939840696
25876,LOF,0.017257407358766432,0.041009924180892145,0.9417326684603415
25877,LOF,0.12908370496133842,0.09264851436762032,0.7782677806710412
25878,LOF,0.08388031289404625,0.12792917837158904,0.7881905087343647
25879,LOF,0.026657794110390886,0.08883622551707304,0.8845059803725361
25880,LOF,0.0598042726510146,0.013350883732320157,0.9268448436166653
25881,Neutral,0.5249930649162097,0.0660727008522627,0.4089342342315277
25882,LOF,0.06490129693419823,0.027119329069326466,0.9079793739964752
25883,LOF,0.029090864894114738,0.025537584032612536,0.9453715510732728
25884,LOF,0.019637922834971074,0.04860029077094312,0.9317617863940859
25885,LOF,0.21192110524141888,0.014838917973657694,0.7732399767849234
25886,LOF,0.27325703385254024,0.049995989723399935,0.6767469764240598
25887,LOF,0.18212130834417162,0.07446048352287316,0.7434182081329552
25888,LOF,0.010424987158371235,0.12909312027780803,0.8604818925638208
25889,LOF,0.02647414671281211,0.035555729632041955,0.9379701236551459
25890,LOF,0.16889735160253533,0.0968444478231273,0.7342582005743373
25891,LOF,0.11228898217914794,0.025540450241906678,0.8621705675789454
25892,LOF,0.008603166886307485,0.03888235261045278,0.9525144805032396
25893,LOF,0.33758770525531817,0.011204861520341641,0.6512074332243402
25894,LOF,0.39462772161613935,0.005888981777174328,0.5994832966066863
25895,LOF,0.36332386980358355,0.013584524949161602,0.6230916052472547
25896,LOF,0.06435897482390647,0.022948491597637895,0.9126925335784556
25897,LOF,0.16907396582717818,0.009410509271034428,0.8215155249017875
25898,LOF,0.14291277530405844,0.03358411322565567,0.8235031114702859
25899,LOF,0.4440818376918245,0.022003223310207015,0.5339149389979685
25900,LOF,0.4866769879098344,0.008526785110303681,0.5047962269798619
25901,LOF,0.060670642559789434,0.00964938675022464,0.9296799706899859
25902,LOF,0.18231578208032573,0.009780607520784303,0.80790361039889
25903,LOF,0.38507626399872064,0.024269101382684895,0.5906546346185946
25904,Neutral,0.5076093310850175,0.033938456252465145,0.45845221266251734
25905,LOF,0.00651414382173009,0.4731234609501206,0.5203623952281493
25906,LOF,0.008214747235732603,0.11385887089246335,0.877926381871804
25907,LOF,0.00517602559527493,0.3468127488162689,0.6480112255884561
25908,LOF,0.004918513259469559,0.2620344039785455,0.7330470827619849
25909,LOF,0.028052253740641298,0.15394982060905846,0.8179979256503003
25910,LOF,0.012276520979891166,0.13132497689122277,0.856398502128886
25911,LOF,0.23311212600758546,0.05192576907928703,0.7149621049131275
25912,LOF,0.09492035981515004,0.0460061500783376,0.8590734901065123
25913,LOF,0.023209369575654754,0.08149635409772957,0.8952942763266157
25914,LOF,0.03663091767550599,0.04264094143028807,0.920728140894206
25915,LOF,0.21533750997896128,0.19250765532592085,0.592154834695118
25916,LOF,0.031556388272462904,0.1212999433583604,0.8471436683691768
25917,LOF,0.0753670712365538,0.03483597624309322,0.889796952520353
25918,LOF,0.03982296512982125,0.02556631558925066,0.9346107192809281
25919,LOF,0.03736540757387864,0.0253020637526579,0.9373325286734635
25920,LOF,0.32235948676734427,0.2143778192895828,0.463262693943073
25921,LOF,0.01624514816860598,0.035365902254048995,0.9483889495773451
25922,LOF,0.01848280030510547,0.03596760473989246,0.945549594955002
25923,LOF,0.4310638387670442,0.03646885720644138,0.5324673040265144
25924,LOF,0.02088868815266685,0.05685826418173951,0.9222530476655937
25925,LOF,0.08236456899897916,0.05225066926132111,0.8653847617396997
25926,LOF,0.06599916113942192,0.04576033811508859,0.8882405007454895
25927,LOF,0.021162158942171824,0.06319116689138446,0.9156466741664437
25928,LOF,0.010235348488525347,0.05410813589542166,0.935656515616053
25929,Neutral,0.5577257153181133,0.03449484345859459,0.407779441223292
25930,LOF,0.08087178950623623,0.034105586089927746,0.8850226244038361
25931,LOF,0.01365621356716357,0.03917052993864319,0.9471732564941933
25932,LOF,0.059181916044924635,0.03659067421926759,0.9042274097358078
25933,LOF,0.0578482985013492,0.020148554242006015,0.9220031472566448
25934,LOF,0.05275380984811765,0.01924239035605722,0.9280037997958251
25935,LOF,0.07652685478919243,0.0656023037252356,0.857870841485572
25936,LOF,0.09074924151548316,0.021547529553836573,0.8877032289306803
25937,LOF,0.015054399696479212,0.051311113504516476,0.9336344867990043
25938,LOF,0.07613153465312684,0.05446344876433441,0.8694050165825387
25939,LOF,0.04414422215241285,0.0296048391463487,0.9262509387012384
25940,LOF,0.009407215905277544,0.38730371040542083,0.6032890736893017
25941,Neutral,0.5222007872828478,0.05599148244270897,0.42180773027444307
25942,LOF,0.010217357147947755,0.06657720160823498,0.9232054412438174
25943,LOF,0.04768515289875331,0.2251605416870342,0.7271543054142126
25944,LOF,0.044249966944815776,0.10331674167316436,0.8524332913820197
25945,LOF,0.12114694432178341,0.03364509394782789,0.8452079617303887
25946,LOF,0.06504230629246177,0.041072131563268735,0.8938855621442695
25947,Neutral,0.4745797363023453,0.1172015088138174,0.4082187548838373
25948,LOF,0.4043563183229385,0.019012543420612173,0.5766311382564493
25949,LOF,0.13989378821717058,0.08387317483954464,0.7762330369432848
25950,GOF,0.05742718820821135,0.5743064432639002,0.3682663685278884
25951,LOF,0.013732087137968507,0.4392720856276288,0.5469958272344028
25952,LOF,0.2619308358653371,0.2787603480925967,0.4593088160420662
25953,LOF,0.008558263160960995,0.18598567332031793,0.8054560635187211
25954,GOF,0.06067265521588363,0.4896745016033237,0.4496528431807927
25955,LOF,0.006466254116342085,0.17893291164741368,0.8146008342362442
25956,LOF,0.017555356976424623,0.22138722516446283,0.7610574178591125
25957,LOF,0.15451865543780208,0.033986118895090234,0.8114952256671077
25958,LOF,0.03225962010323927,0.06008901472438147,0.9076513651723792
25959,GOF,0.012030824125557591,0.6964597858695115,0.29150939000493087
25960,LOF,0.005211156450619681,0.08981104688311836,0.904977796666262
25961,LOF,0.030058524500208,0.05156129192374807,0.9183801835760439
25962,LOF,0.049668439431074095,0.06570577530811202,0.8846257852608138
25963,LOF,0.00539346926233854,0.17774869449028305,0.8168578362473784
25964,LOF,0.026300669225556104,0.11417216827251403,0.8595271625019298
25965,LOF,0.2551311716392782,0.11756710684758842,0.6273017215131335
25966,LOF,0.41317311744068347,0.13212427622072268,0.454702606338594
25967,LOF,0.007933699200694663,0.09066209270035454,0.9014042080989509
25968,LOF,0.0445673795808316,0.23915571956096096,0.7162769008582074
25969,LOF,0.13151478441264186,0.059063029743538054,0.80942218584382
25970,LOF,0.05984115046112657,0.09079009245177973,0.8493687570870938
25971,LOF,0.07883841801398085,0.03379938914826756,0.8873621928377515
25972,LOF,0.07361296165024526,0.053901421528213436,0.8724856168215414
25973,LOF,0.06302600253177341,0.008031702342776977,0.9289422951254497
25974,LOF,0.04548557183429554,0.03917454809601227,0.9153398800696921
25975,LOF,0.04030139053086723,0.017556724109895,0.9421418853592378
25976,LOF,0.08946755386790978,0.010335019695133184,0.900197426436957
25977,LOF,0.21238580372909935,0.0663391466046565,0.7212750496662442
25978,LOF,0.19051509270647862,0.11145611507485371,0.6980287922186675
25979,LOF,0.1565942224196542,0.13157973104781867,0.7118260465325272
25980,LOF,0.2620105035243868,0.1810087124715077,0.5569807840041054
25981,LOF,0.263257788891972,0.18337934797688732,0.5533628631311407
25982,Neutral,0.4620879683736039,0.08353828139494718,0.45437375023144905
25983,Neutral,0.46088229286515997,0.10468687756290285,0.4344308295719371
25984,LOF,0.03866559051418659,0.09991087835017909,0.8614235311356344
25985,LOF,0.37143554777733473,0.14787555252411128,0.4806888996985541
25986,LOF,0.010909069659924752,0.4123519746601821,0.5767389556798933
25987,LOF,0.04701958705740621,0.10132308541640016,0.8516573275261936
25988,LOF,0.03771568364676652,0.16573834318064318,0.7965459731725902
25989,LOF,0.043062762505112956,0.2041711148758887,0.7527661226189983
25990,LOF,0.036877662399857916,0.3316082367244198,0.6315141008757224
25991,LOF,0.02066411287895945,0.42145985481946746,0.5578760323015731
25992,LOF,0.019309115434344607,0.4323809155270048,0.5483099690386506
25993,LOF,0.026460174508417745,0.07204254119619909,0.9014972842953832
25994,LOF,0.022932606999175573,0.06380286936638932,0.9132645236344351
25995,LOF,0.020486582426496425,0.12315172235994143,0.8563616952135622
25996,Neutral,0.34573120868847146,0.3161724363394421,0.33809635497208645
25997,LOF,0.05183380588263648,0.3912405355924106,0.5569256585249528
25998,LOF,0.2999637593043527,0.03766860033457894,0.6623676403610684
25999,LOF,0.03697508692535058,0.17058661029021763,0.7924383027844317
26000,LOF,0.15191537908011948,0.02533246327589386,0.8227521576439867
26001,LOF,0.2905782489368843,0.03502743876302002,0.6743943123000956
26002,LOF,0.10705912631695044,0.034667195753811164,0.8582736779292384
26003,GOF,0.007251354869756837,0.6572996834319969,0.33544896169824634
26004,GOF,0.013319508324221813,0.6766135631509594,0.3100669285248188
26005,LOF,0.005303437083486813,0.45623523023449924,0.5384613326820139
26006,GOF,0.13438155576805477,0.5461253563653437,0.31949308786660163
26007,GOF,0.010393835472725654,0.5213714635732741,0.46823470095400016
26008,GOF,0.006583606356228453,0.5926349859205235,0.400781407723248
26009,GOF,0.009594952178701485,0.6422551842660675,0.34814986355523087
26010,GOF,0.00887936708458013,0.5795397041070363,0.4115809288083837
26011,LOF,0.0041305251207741644,0.4179403741579095,0.5779291007213163
26012,GOF,0.004569792206646862,0.4980350581327427,0.49739514966061044
26013,GOF,0.00938987502179737,0.5571660918016377,0.4334440331765649
26014,LOF,0.07199716772745521,0.10292107541096751,0.8250817568615774
26015,LOF,0.3514719475629298,0.04044702727053266,0.6080810251665375
26016,LOF,0.28806547972148383,0.058440069523869036,0.6534944507546471
26017,LOF,0.015822865112066722,0.2550416488205307,0.7291354860674025
26018,LOF,0.02326889603418752,0.0898844647481925,0.88684663921762
26019,LOF,0.022636780836660493,0.08270500234894933,0.8946582168143902
26020,LOF,0.008073761091689965,0.2800992458228771,0.711826993085433
26021,LOF,0.09507110912203959,0.10846439547978122,0.7964644953981791
26022,LOF,0.03251199765139142,0.046911496135653596,0.9205765062129551
26023,LOF,0.021695382435839083,0.0652349116674492,0.9130697058967117
26024,LOF,0.05059384559724091,0.08941039615675495,0.8599957582460042
26025,LOF,0.07772152017654242,0.10437722665654292,0.8179012531669146
26026,LOF,0.1064458452718072,0.08543515806349197,0.8081189966647009
26027,LOF,0.022924534609875317,0.041034412147846734,0.936041053242278
26028,LOF,0.0935794269106705,0.1579492952085773,0.7484712778807522
26029,LOF,0.02978346012141911,0.2241051269839886,0.7461114128945924
26030,LOF,0.15871108925210642,0.02877547101889015,0.8125134397290035
26031,LOF,0.01138044085525699,0.1747496350400786,0.8138699241046643
26032,LOF,0.04435843703234098,0.062243996270879114,0.8933975666967799
26033,LOF,0.05421327576704087,0.05472861305042274,0.8910581111825364
26034,LOF,0.01560088130460233,0.17694476272876888,0.8074543559666287
26035,LOF,0.01254505957224903,0.12044031841208852,0.8670146220156625
26036,LOF,0.01277012840110273,0.13938257461925388,0.8478472969796434
26037,LOF,0.01037533130869496,0.11013361197693546,0.8794910567143697
26038,LOF,0.037105070777672826,0.0539716746973215,0.9089232545250056
26039,LOF,0.03322030344906829,0.15306681168603015,0.8137128848649016
26040,LOF,0.09178886228261118,0.15278138615566314,0.7554297515617256
26041,LOF,0.014001724319267465,0.09821901765311816,0.8877792580276145
26042,LOF,0.012299130230274832,0.11056070541348717,0.877140164356238
26043,LOF,0.03674954132392037,0.08396841233098602,0.8792820463450935
26044,LOF,0.011783050624556984,0.06008393532437635,0.9281330140510666
26045,LOF,0.0726771637864922,0.11682842813373098,0.8104944080797768
26046,LOF,0.031902839126909444,0.05931676085954079,0.9087804000135498
26047,LOF,0.060543144143567304,0.05889831091740327,0.8805585449390294
26048,LOF,0.07348701960330647,0.02933172756689663,0.8971812528297969
26049,Neutral,0.9482409016724456,0.0091160850798871,0.042643013247667394
26050,Neutral,0.9222754504161099,0.010114164898235613,0.0676103846856545
26051,LOF,0.02287385370966776,0.1012908951454385,0.8758352511448938
26052,LOF,0.035842752123800455,0.11184293593584416,0.8523143119403553
26053,LOF,0.02591258557640039,0.146550043870232,0.8275373705533676
26054,LOF,0.045658376300059866,0.03514162884779205,0.919199994852148
26055,LOF,0.07320297459437812,0.03284551115230128,0.8939515142533205
26056,LOF,0.058942629206891355,0.042727064544703694,0.898330306248405
26057,LOF,0.05636995524604673,0.017788434403447555,0.9258416103505056
26058,LOF,0.06012307400593681,0.01459380148723835,0.9252831245068249
26059,LOF,0.21561201188394694,0.04185016398758826,0.7425378241284648
26060,LOF,0.02074827789351494,0.17341976906328838,0.8058319530431967
26061,LOF,0.009618838104418,0.012778939304127377,0.9776022225914546
26062,LOF,0.005915296392622815,0.018429805819208105,0.975654897788169
26063,LOF,0.041357262882577524,0.013323712648826461,0.9453190244685961
26064,LOF,0.00966186648698225,0.030459549032183557,0.9598785844808342
26065,LOF,0.050763490281894676,0.015971150237115418,0.93326535948099
26066,LOF,0.041474484664087305,0.01295543100113403,0.9455700843347786
26067,LOF,0.0460367878355224,0.013533376160394165,0.9404298360040834
26068,LOF,0.05558665412785194,0.05348295762330512,0.8909303882488429
26069,LOF,0.29939411242182634,0.03826854701890082,0.6623373405592728
26070,Neutral,0.5714656907044264,0.02649497353368757,0.4020393357618859
26071,LOF,0.043661361314678494,0.01443957749366253,0.941899061191659
26072,LOF,0.007922679437462532,0.023198418286500596,0.968878902276037
26073,LOF,0.03745151235193755,0.01595179897973188,0.9465966886683307
26074,Neutral,0.869926994383508,0.011838401206374288,0.11823460441011786
26075,LOF,0.056531343623953595,0.026169309529782837,0.9172993468462636
26076,LOF,0.05339064305179309,0.014827848100746376,0.9317815088474606
26077,LOF,0.14966502739881435,0.00793444797099998,0.8424005246301857
26078,LOF,0.006680226331362753,0.019875878569995713,0.9734438950986415
26079,LOF,0.06533591386999046,0.026697314839448552,0.907966771290561
26080,LOF,0.06478332211418779,0.026732070437888677,0.9084846074479236
26081,LOF,0.03614297120722252,0.011059855347813825,0.9527971734449636
26082,LOF,0.006054873910815803,0.01988570352225524,0.974059422566929
26083,LOF,0.10904020709097098,0.02734127296299023,0.8636185199460388
26084,LOF,0.1128145998030175,0.019127882015123106,0.8680575181818593
26085,LOF,0.09749671717139406,0.016003796488161626,0.8864994863404442
26086,LOF,0.040594725125437575,0.015084804424028918,0.9443204704505336
26087,LOF,0.038288545708724274,0.012676493276808842,0.9490349610144669
26088,LOF,0.006952454210200697,0.02650931479841254,0.9665382309913869
26089,LOF,0.04264787954914539,0.04610696744331141,0.9112451530075432
26090,LOF,0.04322868460766603,0.03389873437113148,0.9228725810212025
26091,LOF,0.029313859732368313,0.00953114026094861,0.9611550000066831
26092,LOF,0.04563850781652838,0.01047753520184246,0.9438839569816292
26093,LOF,0.08169802736466511,0.00761693577262243,0.9106850368627125
26094,LOF,0.03431396222867955,0.009836389141766974,0.9558496486295535
26095,LOF,0.028581288697002293,0.020810617982967447,0.9506080933200303
26096,LOF,0.19108119443774238,0.006264768252552116,0.8026540373097054
26097,LOF,0.0069079969304749475,0.04137666830476182,0.9517153347647631
26098,LOF,0.12535476982043706,0.023517909265236406,0.8511273209143266
26099,LOF,0.04074869473770946,0.022330231881910315,0.9369210733803802
26100,LOF,0.0407516144961967,0.02233183190577559,0.9369165535980276
26101,LOF,0.06641622656991958,0.036858496371548415,0.8967252770585319
26102,LOF,0.03328952201534213,0.019896356620608183,0.9468141213640497
26103,Neutral,0.8907878166768992,0.033467077201647794,0.07574510612145297
26104,LOF,0.05887405963406796,0.04896664199979284,0.8921592983661392
26105,LOF,0.24983466263452822,0.13631447662674875,0.6138508607387231
26106,LOF,0.3329468954089651,0.07081031413846192,0.596242790452573
26107,LOF,0.023406892679867963,0.08101469942540061,0.8955784078947314
26108,LOF,0.2446706495143567,0.03656653216661289,0.7187628183190305
26109,LOF,0.0882047135664612,0.03420333397979412,0.8775919524537447
26110,LOF,0.4394440972914266,0.00912251700184091,0.5514333857067325
26111,LOF,0.06441146849555557,0.12699698738751783,0.8085915441169267
26112,LOF,0.05586094881733173,0.009075665450902264,0.935063385731766
26113,LOF,0.1102647108930153,0.021548715361073802,0.8681865737459109
26114,LOF,0.0836823432999724,0.010849687176946498,0.9054679695230812
26115,LOF,0.01868451461330587,0.051423608605873396,0.9298918767808209
26116,LOF,0.0706859353924319,0.02207485308218308,0.9072392115253851
26117,LOF,0.3413091045767481,0.04394793051016417,0.6147429649130878
26118,LOF,0.048194033228769306,0.01994272820904587,0.9318632385621849
26119,LOF,0.0063528912989549,0.040621298448474036,0.953025810252571
26120,LOF,0.03541052441276426,0.01856035366744881,0.9460291219197869
26121,LOF,0.003933229014841878,0.13650523633215364,0.8595615346530046
