feature0,prediction,LoGoFunc_Neutral,LoGoFunc_GOF,LoGoFunc_LOF
25546,Neutral,0.7235167093867056,0.029723187034780326,0.24676010357851388
25547,Neutral,0.5971540736275341,0.06435432928082775,0.33849159709163823
25548,Neutral,0.5961151895812812,0.04635364048627444,0.35753116993244444
25549,Neutral,0.518566134981413,0.04576808111390327,0.4356657839046837
25550,LOF,0.3617966093217341,0.08689930661990666,0.5513040840583593
25551,LOF,0.3042950747536319,0.09728956493182257,0.5984153603145455
25552,LOF,0.22202845330259288,0.09300686704908888,0.6849646796483182
25553,Neutral,0.8496353376714341,0.024842535355280866,0.12552212697328502
25554,LOF,0.2525764797972857,0.08916190706309814,0.6582616131396162
25555,LOF,0.2086281185057455,0.07987420543302472,0.7114976760612297
25556,LOF,0.4278721983449461,0.0834838656332709,0.48864393602178285
25557,LOF,0.20302781241865667,0.08247878207921926,0.714493405502124
25558,LOF,0.2412227796397834,0.0890428766430103,0.6697343437172063
25559,LOF,0.33734933160311326,0.1815559263981087,0.48109474199877816
25560,LOF,0.051913414021939094,0.12734220450622982,0.820744381471831
25561,LOF,0.11862676395023251,0.12784393678365705,0.7535292992661106
25562,LOF,0.0985016645273504,0.05953646524409592,0.8419618702285537
25563,LOF,0.11022266027614358,0.07402361787853098,0.8157537218453255
25564,LOF,0.2394757003258319,0.12894191793261492,0.6315823817415531
25565,LOF,0.15623380374740672,0.10563731455627522,0.7381288816963182
25566,GOF,0.017054148584450465,0.8008044724370057,0.18214137897854377
25567,LOF,0.016575702228555703,0.1552164580507113,0.828207839720733
25568,LOF,0.049177120952198915,0.055500869226063065,0.895322009821738
25569,LOF,0.059796227406439424,0.05410911785797397,0.8860946547355865
25570,LOF,0.058771333765492456,0.08893855084694928,0.8522901153875582
25571,LOF,0.05229351954744399,0.08122626512038203,0.866480215332174
25572,LOF,0.06623583726165695,0.10076515878730692,0.8329990039510362
25573,LOF,0.04007761913068785,0.085287068000805,0.8746353128685072
25574,LOF,0.023494668156783645,0.1317688911034089,0.8447364407398076
25575,LOF,0.04533603117125121,0.10162284018847413,0.8530411286402747
25576,LOF,0.017726515494097414,0.11137840038060438,0.8708950841252983
25577,LOF,0.01589308190928653,0.10277077325693983,0.8813361448337736
25578,LOF,0.24671095573140073,0.0747167849316569,0.6785722593369423
25579,LOF,0.24718112393295116,0.07390804293203392,0.678910833135015
25580,LOF,0.03207929298170906,0.06886681356888127,0.8990538934494096
25581,LOF,0.05473861782554474,0.05544858175095405,0.8898128004235012
25582,LOF,0.054487422232957196,0.054238096785738016,0.8912744809813049
25583,LOF,0.03971049878955785,0.08040508712022056,0.8798844140902217
25584,Neutral,0.49531268835325504,0.08876880312144722,0.4159185085252979
25585,LOF,0.023624134012610407,0.10352045570550338,0.8728554102818863
25586,LOF,0.031421630762243184,0.06268382496562942,0.9058945442721275
25587,LOF,0.030777431258527662,0.058380544811508374,0.910842023929964
25588,LOF,0.031943587541550016,0.07328013241265995,0.89477628004579
25589,Neutral,0.607908082211029,0.10946815374663492,0.28262376404233613
25590,LOF,0.032375773388518006,0.11180197582495659,0.8558222507865254
25591,LOF,0.1146682027982486,0.0483402331842741,0.8369915640174773
25592,LOF,0.1009764783063699,0.10945103746137437,0.7895724842322557
25593,LOF,0.03250777122652227,0.232161996445123,0.7353302323283548
25594,LOF,0.040697420946296775,0.2236677128850378,0.7356348661686654
25595,LOF,0.04718185303838245,0.1635591438291993,0.7892590031324183
25596,LOF,0.05381033710669076,0.10658516141315882,0.8396045014801503
25597,LOF,0.03856207714263715,0.10542235844500562,0.8560155644123572
25598,LOF,0.04590431142531143,0.15570065164319843,0.7983950369314902
25599,GOF,0.007977317116824782,0.6500575720765068,0.3419651108066684
25600,GOF,0.019524627067405362,0.6076917911963444,0.37278358173625015
25601,LOF,0.006921896825092789,0.4314940731188796,0.5615840300560277
25602,LOF,0.022284456618732736,0.04713226119226685,0.9305832821890003
25603,LOF,0.05640711644013132,0.027109573584433447,0.9164833099754353
25604,LOF,0.03736186459775747,0.037990716010182494,0.9246474193920601
25605,LOF,0.012335281535290045,0.17751973634639798,0.810144982118312
25606,LOF,0.0920187350233494,0.36961499733377473,0.5383662676428759
25607,LOF,0.006876027361754125,0.17394422401689222,0.8191797486213536
25608,LOF,0.049667382508838794,0.05797473113147884,0.8923578863596825
25609,LOF,0.04482496692277986,0.4401515394336534,0.5150234936435667
25610,LOF,0.03661069736480431,0.024451595216923996,0.9389377074182716
25611,LOF,0.03816367025241564,0.024527062070246575,0.9373092676773378
25612,LOF,0.09578615143571059,0.03930098509683412,0.8649128634674552
25613,LOF,0.07801408926984883,0.04270495872350568,0.8792809520066456
25614,LOF,0.027999386843176044,0.033008693575911886,0.938991919580912
25615,LOF,0.054040161398231416,0.0395050191302552,0.9064548194715134
25616,LOF,0.026815979886694194,0.03298558561306313,0.9401984345002427
25617,LOF,0.025962252809427183,0.03685349639317078,0.9371842507974021
25618,LOF,0.1451364087092003,0.028839180353267033,0.8260244109375326
25619,LOF,0.028623897899218376,0.03092850839347488,0.9404475937073067
25620,LOF,0.031306858355151804,0.04082109814074806,0.9278720435041
25621,LOF,0.031425340144186395,0.030510117488177613,0.938064542367636
25622,LOF,0.03342174986827817,0.038136576476902266,0.9284416736548194
25623,LOF,0.053841000800970616,0.035363639817087816,0.9107953593819416
25624,LOF,0.025814138163928413,0.03957491023788365,0.934610951598188
25625,LOF,0.03536626185946091,0.045140482410864276,0.9194932557296748
25626,LOF,0.08143422165403322,0.03591257217053787,0.8826532061754289
25627,Neutral,0.5323984582891419,0.11960623352381121,0.34799530818704694
25628,LOF,0.18890417285677505,0.05871247562122537,0.7523833515219996
25629,LOF,0.06492811441663306,0.06277768949358524,0.8722941960897818
25630,LOF,0.14775127598513008,0.09618036983188637,0.7560683541829836
25631,Neutral,0.5697608026086362,0.06669415262407731,0.3635450447672865
25632,LOF,0.01551362886095386,0.09284770557110966,0.8916386655679365
25633,LOF,0.20130281715460685,0.06934462394126743,0.7293525589041258
25634,LOF,0.03315215470696015,0.10146975757934913,0.8653780877136906
25635,LOF,0.034693184824399655,0.08214405275933186,0.8831627624162685
25636,GOF,0.003526457121862238,0.6610261582772203,0.33544738460091755
25637,GOF,0.004966713846698727,0.7096365776018598,0.2853967085514415
25638,LOF,0.008461770264903513,0.43902876178809236,0.5525094679470041
25639,GOF,0.004302184247604521,0.5604945105135467,0.4352033052388487
25640,GOF,0.46201026356520636,0.47022604074740576,0.06776369568738788
25641,LOF,0.00969806376150676,0.3541403728317292,0.636161563406764
25642,LOF,0.28343245722884725,0.07229922140635657,0.6442683213647962
25643,LOF,0.2527394648944697,0.15374322620595457,0.5935173088995758
25644,GOF,0.01623929848144771,0.5395796782992671,0.44418102321928526
25645,LOF,0.013498082461631646,0.47095537920979025,0.5155465383285781
25646,LOF,0.019398990870862425,0.34248116562877423,0.6381198435003632
25647,LOF,0.01762170072351328,0.26731040935833933,0.7150678899181474
25648,LOF,0.015024608837159439,0.2975025845018362,0.6874728066610043
25649,LOF,0.012123440174702297,0.22093272501525052,0.7669438348100472
25650,LOF,0.02905263010369198,0.466540852725082,0.504406517171226
25651,LOF,0.010488798312053219,0.26297571644438744,0.7265354852435594
25652,LOF,0.016120183774407115,0.24605029993143138,0.7378295162941615
25653,LOF,0.07060651138903087,0.34025061565541204,0.5891428729555571
25654,LOF,0.017730846342495745,0.1493327478348279,0.8329364058226764
25655,LOF,0.08115444870135205,0.4203363966242078,0.49850915467444
25656,LOF,0.09060523462295197,0.07342329944270178,0.8359714659343461
25657,LOF,0.2812160905114901,0.03429452101757497,0.684489388470935
25658,LOF,0.03713166518927155,0.09137301599181312,0.8714953188189154
25659,LOF,0.2918620405493939,0.06464589902935017,0.643492060421256
25660,LOF,0.07140711804533248,0.10193383773291015,0.8266590442217574
25661,LOF,0.04579528119940464,0.0703799544649116,0.8838247643356837
25662,LOF,0.027941208641567402,0.048694702437133856,0.9233640889212988
25663,LOF,0.03822996802723528,0.0675239476306012,0.8942460843421635
25664,LOF,0.04039645913286044,0.09010299849669859,0.869500542370441
25665,LOF,0.057418440611588475,0.042353811887905664,0.9002277475005059
25666,LOF,0.036299180196689915,0.13283105146928145,0.8308697683340286
25667,LOF,0.03155704326114744,0.05221350677380419,0.9162294499650484
25668,LOF,0.03209039995543067,0.055422609468832186,0.9124869905757371
25669,LOF,0.03933391366336691,0.08469984720696681,0.8759662391296662
25670,LOF,0.08106190661269769,0.08695789286809129,0.831980200519211
25671,LOF,0.03914085790544544,0.04705187275515993,0.9138072693393947
25672,LOF,0.05641479057845783,0.0644973308893205,0.8790878785322217
25673,LOF,0.04072710536795932,0.0837357751102204,0.8755371195218202
25674,LOF,0.03679041269117885,0.0845665877866459,0.8786429995221753
25675,LOF,0.047015790153907694,0.0612974722652746,0.8916867375808176
25676,LOF,0.03325547427339026,0.06063560275894854,0.9061089229676612
25677,LOF,0.059826470983208195,0.06951772636885234,0.8706558026479395
25678,LOF,0.283197658552538,0.038856217071440706,0.6779461243760213
25679,LOF,0.18039285056645085,0.07373130656444891,0.7458758428691001
25680,LOF,0.06194992359684696,0.10445171229624753,0.8335983641069055
25681,LOF,0.11082453376611635,0.09291045251769048,0.7962650137161931
25682,LOF,0.0444414139231582,0.08239840480953227,0.8731601812673097
25683,LOF,0.08423530421566236,0.1125882624450743,0.8031764333392634
25684,LOF,0.05717960006052644,0.08079930667731658,0.862021093262157
25685,LOF,0.09167342240752142,0.05679352084060229,0.8515330567518763
25686,LOF,0.03170265459267755,0.10673488608622286,0.8615624593210995
25687,LOF,0.0543478052553006,0.08352187393320999,0.8621303208114894
25688,LOF,0.01994969000527688,0.08894182100010131,0.8911084889946217
25689,LOF,0.016360230471716548,0.07414269663148064,0.9094970728968027
25690,LOF,0.01845189314778474,0.08610090681755345,0.8954472000346619
25691,LOF,0.1694397432758963,0.12425368167725521,0.7063065750468485
25692,LOF,0.27803523032948263,0.01160136190608348,0.7103634077644339
25693,LOF,0.049944324669310085,0.14798299335912624,0.8020726819715637
25694,LOF,0.2569076623982542,0.01219971696318848,0.7308926206385573
25695,LOF,0.17379522020337776,0.017691287879017078,0.8085134919176052
25696,LOF,0.16998698016788955,0.010775050485787804,0.8192379693463226
25697,LOF,0.13802593035128902,0.021864629854404852,0.8401094397943061
25698,LOF,0.0249600180982966,0.370884830862634,0.6041551510390695
25699,LOF,0.049620236695853914,0.06397963074803782,0.8864001325561084
25700,LOF,0.031006399858833158,0.009496588587261922,0.9594970115539049
25701,LOF,0.010649764535702867,0.07063560178966279,0.9187146336746342
25702,GOF,0.029515083949256254,0.7508256179328524,0.2196592981178913
25703,LOF,0.021067711113022594,0.2054992162466453,0.7734330726403321
25704,LOF,0.09074686857841928,0.15059476841159727,0.7586583630099835
25705,LOF,0.06828765819462587,0.23976975712919124,0.6919425846761829
25706,GOF,0.049915749546520394,0.6387468100225576,0.3113374404309221
25707,GOF,0.024347629849817174,0.5457414453511436,0.4299109247990392
25708,LOF,0.007037458305796709,0.4880053382397604,0.5049572034544428
25709,LOF,0.020103290943235028,0.06335933672282831,0.9165373723339366
25710,LOF,0.008292389563008385,0.1854928931895013,0.8062147172474904
25711,LOF,0.021358762126109845,0.12703688097828655,0.8516043568956035
25712,LOF,0.009170895902680616,0.2362384054753909,0.7545906986219284
25713,LOF,0.019350702684717946,0.10665789513704299,0.8739914021782391
25714,LOF,0.02030295890573926,0.14673697606959393,0.8329600650246668
25715,LOF,0.02022780146978445,0.12430579469173723,0.8554664038384783
25716,LOF,0.01115419553410753,0.16428281594681515,0.8245629885190774
25717,LOF,0.005497699404243386,0.15001578313295932,0.8444865174627973
25718,LOF,0.018191009785195552,0.08236218159180331,0.8994468086230012
25719,LOF,0.03417195669317245,0.08938696657603867,0.876441076730789
25720,LOF,0.023498682741401593,0.0814711919002182,0.8950301253583802
25721,LOF,0.024291808074628364,0.09204479542373645,0.8836633965016352
25722,LOF,0.01801579548558326,0.12159906346210334,0.8603851410523133
25723,LOF,0.022051458034404232,0.07272436365837859,0.9052241783072172
25724,LOF,0.03396332069775084,0.11324101285992148,0.8527956664423276
25725,LOF,0.021706169824083403,0.0666297659973997,0.9116640641785169
25726,LOF,0.01635096457951507,0.09520040343961834,0.8884486319808665
25727,LOF,0.020519241784441224,0.08295254352581709,0.8965282146897418
25728,LOF,0.018718062302993933,0.10107674231190213,0.8802051953851039
25729,LOF,0.01941717168112138,0.10287621226771365,0.877706616051165
25730,LOF,0.020744846355720076,0.07976031411652612,0.8994948395277538
25731,LOF,0.010767043787920129,0.19328934278264598,0.7959436134294339
25732,LOF,0.020196385386035645,0.09193472160700496,0.8878688930069595
25733,LOF,0.029676326850465933,0.08375739500493254,0.8865662781446014
25734,LOF,0.006780736318083877,0.22530771059398336,0.7679115530879328
25735,LOF,0.02374264940173703,0.07979959705927792,0.896457753538985
25736,LOF,0.022680217583797468,0.12125569070964573,0.8560640917065567
25737,LOF,0.04150433229761295,0.09658132934149578,0.8619143383608912
25738,LOF,0.01981462243618793,0.15518398382228693,0.8250013937415251
25739,LOF,0.022521820988026842,0.151530312350817,0.8259478666611563
25740,LOF,0.05158043536254599,0.139075864065748,0.8093437005717059
25741,LOF,0.02772981693996521,0.11631574501066032,0.8559544380493744
25742,LOF,0.0412413617519495,0.1389760670943143,0.8197825711537362
25743,LOF,0.0113669545736339,0.0395248350844583,0.9491082103419078
25744,GOF,0.17960928958107528,0.44320064370654527,0.3771900667123794
25745,LOF,0.02357628198004474,0.0801590234002084,0.8962646946197469
25746,LOF,0.013556546591703711,0.09566531957743417,0.8907781338308621
25747,LOF,0.03193605146647836,0.0338653875929939,0.9341985609405278
25748,LOF,0.26514179298892465,0.052317826837308075,0.6825403801737673
25749,LOF,0.016081499796494644,0.06487401739810818,0.9190444828053971
25750,LOF,0.016503403092500535,0.09850340667653994,0.8849931902309596
25751,LOF,0.0368064437497911,0.06662017069685706,0.8965733855533519
25752,GOF,0.09334279204337094,0.655650191606682,0.25100701634994693
25753,LOF,0.007533212217042221,0.37651603923838134,0.6159507485445764
25754,GOF,0.006174551176962889,0.8479763851803047,0.14584906364273226
25755,LOF,0.00895087686551653,0.4555850748444093,0.5354640482900742
25756,LOF,0.04731427826032068,0.4422143378901098,0.5104713838495696
25757,GOF,0.006948196394062881,0.869709307808354,0.12334249579758315
25758,GOF,0.009216926069531664,0.8706455606467663,0.120137513283702
25759,GOF,0.005319203887771471,0.5641137790659856,0.43056701704624295
25760,LOF,0.007213463696499134,0.28952141245622287,0.703265123847278
25761,GOF,0.05929866089365385,0.8566349476560041,0.08406639145034209
25762,LOF,0.02731061602153845,0.38011772597410426,0.5925716580043573
25763,LOF,0.008190665787578629,0.2615679346020809,0.7302413996103404
25764,GOF,0.06298470668977611,0.6257423807515354,0.3112729125586885
25765,GOF,0.008713577558220218,0.8492156309964509,0.14207079144532891
25766,GOF,0.06204178729170017,0.8268624012365102,0.11109581147178958
25767,GOF,0.009997545268285488,0.5395676779007584,0.4504347768309562
25768,LOF,0.035422744481744844,0.07215678919417971,0.8924204663240756
25769,LOF,0.022532227867753402,0.08310967789449841,0.8943580942377483
25770,LOF,0.17854465880260093,0.07582713374889682,0.7456282074485023
25771,LOF,0.012752023214672522,0.08118226996076976,0.9060657068245578
25772,LOF,0.023191766257118357,0.030300319869876878,0.9465079138730048
25773,LOF,0.013962393382732311,0.08709016738959495,0.8989474392276727
25774,LOF,0.02702577095285884,0.09454568264204628,0.8784285464050948
25775,LOF,0.02028315938669884,0.04341922749482016,0.936297613118481
25776,LOF,0.025592422086972048,0.02907392437046426,0.9453336535425637
25777,LOF,0.22997851140777323,0.07568762937742461,0.6943338592148022
25778,LOF,0.020075559945987052,0.0565889638439078,0.9233354762101051
25779,GOF,0.028729982646450367,0.9055459084897622,0.0657241088637873
25780,GOF,0.06380111021712795,0.8905083172943432,0.04569057248852893
25781,GOF,0.02732179452491974,0.8873552955968944,0.08532290987818597
25782,GOF,0.025785159085761296,0.9163391293652159,0.057875711549022935
25783,GOF,0.0166411294575346,0.796985859126998,0.18637301141546742
25784,GOF,0.08583646618049637,0.8808104394938351,0.033353094325668624
25785,GOF,0.059693553554915714,0.9036902447483386,0.03661620169674561
25786,GOF,0.006584101945368068,0.8517296989317796,0.14168619912285224
25787,GOF,0.1332801631455404,0.8305219521694636,0.03619788468499597
25788,LOF,0.01584666044729744,0.2063040096384929,0.7778493299142097
25789,GOF,0.015651180213717492,0.8653897100610205,0.11895910972526202
25790,GOF,0.016406490318630826,0.879561214126704,0.10403229555466523
25791,GOF,0.014564601500177967,0.8458274348672656,0.13960796363255634
25792,GOF,0.018871773071956293,0.8571025903736637,0.12402563655438012
25793,GOF,0.04711046469239789,0.8491663654247373,0.1037231698828648
25794,GOF,0.053983565911974056,0.7536572961808565,0.1923591379071693
25795,GOF,0.06072452390799833,0.7849285248985323,0.15434695119346944
25796,GOF,0.07681798174498629,0.8265052765393517,0.09667674171566211
25797,GOF,0.03775582016056391,0.7214514141010778,0.2407927657383583
25798,GOF,0.0033800792453213937,0.6706225961717514,0.32599732458292724
25799,GOF,0.0031952573617762673,0.5783834960426704,0.41842124659555335
25800,GOF,0.015091919030011097,0.77983103708989,0.205077043880099
25801,GOF,0.013963639906557995,0.8894480596200031,0.09658830047343893
25802,GOF,0.02248064431111405,0.8326647690490523,0.14485458663983355
25803,GOF,0.013033401156778347,0.7436512118375137,0.2433153870057079
25804,GOF,0.014960167364206531,0.6541002193161277,0.3309396133196657
25805,GOF,0.026470670007872944,0.7409840750798713,0.2325452549122558
25806,GOF,0.02149031982790027,0.8016226375594934,0.17688704261260638
25807,GOF,0.005366818517796339,0.7712198807348516,0.22341330074735216
25808,GOF,0.016870163802600088,0.7731418653407758,0.20998797085662405
25809,GOF,0.007675688974065983,0.7592159542917827,0.2331083567341514
25810,GOF,0.006602057630972976,0.7613366115822525,0.23206133078677454
25811,GOF,0.045038445415526505,0.8806790196164402,0.0742825349680331
25812,GOF,0.018373090538210377,0.7724849859936496,0.2091419234681401
25813,GOF,0.08838382882851253,0.8139407783808131,0.09767539279067441
25814,GOF,0.023409123288222953,0.8101594074824696,0.1664314692293074
25815,GOF,0.046479726362426796,0.8366739124572878,0.11684636118028544
25816,GOF,0.007281053795866594,0.867699322094856,0.12501962410927747
25817,GOF,0.08378696889894907,0.8289154384135357,0.08729759268751522
25818,GOF,0.01996007734151468,0.8353706669810508,0.14466925567743458
25819,GOF,0.054675181974610965,0.7729800244634899,0.172344793561899
25820,GOF,0.024734985813668658,0.7796790182107549,0.1955859959755765
25821,GOF,0.01729218058354946,0.7867443640865154,0.19596345532993514
25822,GOF,0.03542748327815044,0.7887991119935304,0.17577340472831923
25823,GOF,0.017625084213688885,0.6858848455248682,0.2964900702614429
25824,GOF,0.0197620145729662,0.7780131063103826,0.20222487911665113
25825,GOF,0.015833012486269574,0.7751833313138947,0.20898365619983575
25826,GOF,0.006151593516669003,0.7468708048173036,0.24697760166602756
25827,GOF,0.008750373298862345,0.7366099948771246,0.254639631824013
25828,GOF,0.0069739679585350085,0.6960971919354325,0.2969288401060326
25829,GOF,0.0033338545764360654,0.7296095512832086,0.2670565941403554
25830,GOF,0.035820786370193425,0.5240934216634713,0.44008579196633524
25831,GOF,0.07599496440333588,0.8108270309193378,0.11317800467732633
25832,GOF,0.008243841563744428,0.8136598649681305,0.17809629346812514
25833,GOF,0.029933705329186804,0.8607303751549971,0.10933591951581613
25834,GOF,0.00771241174702102,0.8308121199497709,0.16147546830320808
25835,GOF,0.018183548506384227,0.8713290222204416,0.11048742927317409
25836,GOF,0.006387873014077473,0.8297393116614565,0.16387281532446607
25837,GOF,0.0059540836068975945,0.7313759336978908,0.2626699826952116
25838,GOF,0.020484379362965786,0.8740781748798904,0.1054374457571438
25839,GOF,0.03641192554781128,0.8646941608415467,0.09889391361064187
25840,GOF,0.06959392572738356,0.8488966010490491,0.08150947322356748
25841,GOF,0.06738634999596278,0.8534502082184783,0.07916344178555888
25842,GOF,0.021631841770747416,0.8995195815481113,0.07884857668114133
25843,GOF,0.02229718449904776,0.9029465120200056,0.0747563034809466
25844,GOF,0.011570498264769427,0.8422076441829585,0.14622185755227207
25845,GOF,0.00445326367149412,0.66569481696043,0.3298519193680759
25846,GOF,0.06697201301303586,0.8545779663824209,0.07845002060454331
25847,GOF,0.013960682800999394,0.9108767701726284,0.07516254702637219
25848,GOF,0.014937180092307017,0.8592542919948152,0.12580852791287778
25849,GOF,0.005466100917547195,0.767887120651895,0.22664677843055778
25850,GOF,0.0057584126715146495,0.7906982524015446,0.2035433349269407
25851,GOF,0.005050890995596494,0.6841109282658667,0.31083818073853686
25852,GOF,0.134170803602255,0.5779759197688447,0.28785327662890037
25853,GOF,0.0736167677504327,0.846343678186408,0.08003955406315924
25854,GOF,0.004339387198147554,0.708826561470722,0.28683405133113055
25855,GOF,0.01282318035540774,0.6738072349825036,0.3133695846620886
25856,GOF,0.026568802380361998,0.7991855422396994,0.17424565537993852
25857,GOF,0.015623681735888306,0.6823892959549,0.3019870223092116
25858,GOF,0.007352479707312068,0.6739908316502785,0.3186566886424095
25859,GOF,0.006278977624849854,0.6671673611012969,0.3265536612738532
25860,GOF,0.09110715939534098,0.8213022091042037,0.08759063150045544
25861,GOF,0.06893305290560281,0.8381762015529933,0.09289074554140389
25862,GOF,0.015883880628684035,0.8773803612535035,0.10673575811781257
25863,GOF,0.016454984038438706,0.8818684524565998,0.10167656350496153
25864,GOF,0.03718910456648837,0.8846307340214753,0.0781801614120363
25865,GOF,0.026915874075610895,0.8599849781734242,0.11309914775096494
25866,GOF,0.01795898661910452,0.8719785480039525,0.11006246537694292
25867,GOF,0.02655864989620521,0.8898267879702456,0.08361456213354936
25868,GOF,0.04415357887923169,0.8543182893804707,0.1015281317402977
25869,GOF,0.31167573007548927,0.61923435404964,0.06908991587487079
25870,GOF,0.062133628037464785,0.6909043840126324,0.2469619879499027
25871,GOF,0.007787454715574786,0.885908590233628,0.10630395505079711
25872,GOF,0.016448076691292862,0.8891061101452661,0.09444581316344093
25873,GOF,0.016853401231686556,0.9032527696128533,0.07989382915546003
25874,LOF,0.01735644690869858,0.2314110612589518,0.7512324918323496
25875,LOF,0.04292208802212011,0.0523152666973626,0.9047626452805174
25876,LOF,0.016721027282202,0.0387380475955921,0.9445409251222059
25877,LOF,0.11538524107509977,0.08452985575578503,0.8000849031691152
25878,LOF,0.06489637945147456,0.11861464855454015,0.8164889719939853
25879,LOF,0.024186484688285634,0.09349895668655626,0.882314558625158
25880,LOF,0.05142874865005143,0.013963704949031824,0.9346075464009168
25881,Neutral,0.5191880161447702,0.0710141314906975,0.40979785236453237
25882,LOF,0.09042869127197566,0.02495486590105568,0.8846164428269686
25883,LOF,0.029682001345897234,0.027537707674720014,0.9427802909793828
25884,LOF,0.02497634828098698,0.05422160386785025,0.9208020478511627
25885,LOF,0.228869877353516,0.01217782383005725,0.7589522988164267
25886,LOF,0.2702411537976652,0.05336897371412119,0.6763898724882136
25887,LOF,0.17178052021835447,0.07729648971615716,0.7509229900654885
25888,LOF,0.011199998785678119,0.13888320914715466,0.8499167920671672
25889,LOF,0.030461313866250405,0.03862393866558809,0.9309147474681616
25890,LOF,0.14812090182898552,0.10217686865370003,0.7497022295173144
25891,LOF,0.09321316171972616,0.02837781492426794,0.8784090233560059
25892,LOF,0.009411333039199646,0.03717760947501184,0.9534110574857885
25893,LOF,0.36695718829796264,0.0103501541666097,0.6226926575354277
25894,LOF,0.39266422433128917,0.00645392566445157,0.6008818500042593
25895,LOF,0.3265579865612988,0.01550278489983371,0.6579392285388674
25896,LOF,0.06670120094125513,0.021016078918976288,0.9122827201397686
25897,LOF,0.1767775091159142,0.010017341540544181,0.8132051493435416
25898,LOF,0.17056650364955858,0.03260935849077883,0.7968241378596626
25899,LOF,0.44312072802347124,0.020233007254843574,0.5366462647216851
25900,Neutral,0.49658348514621464,0.009086879968731159,0.49432963488505427
25901,LOF,0.06211913399900477,0.010241516552730078,0.9276393494482651
25902,LOF,0.19304001249611313,0.009777788516297991,0.7971821989875889
25903,LOF,0.364819761627921,0.029725844417580347,0.6054543939544987
25904,Neutral,0.49600438976995453,0.035160824172512796,0.46883478605753276
25905,LOF,0.0062743723177906595,0.4673613700403214,0.526364257641888
25906,LOF,0.009000639627905694,0.1026806107110108,0.8883187496610834
25907,LOF,0.00554434509189618,0.348648902301879,0.6458067526062248
25908,LOF,0.005164613628917182,0.25571270350815867,0.7391226828629242
25909,LOF,0.025068727073742015,0.1512409006984773,0.8236903722277806
25910,LOF,0.012408162602612322,0.1302851128932832,0.8573067245041045
25911,LOF,0.23645224162707057,0.04663320512756115,0.7169145532453683
25912,LOF,0.07053648467115126,0.055398015689937435,0.8740654996389112
25913,LOF,0.023348563224145226,0.07157169150926146,0.9050797452665933
25914,LOF,0.03768581469220948,0.03971368447661657,0.9226005008311741
25915,LOF,0.22644570912673728,0.16069243921013002,0.6128618516631327
25916,LOF,0.03534918251056683,0.10387555098247446,0.8607752665069587
25917,LOF,0.07285456150805514,0.03387192512917051,0.8932735133627744
25918,LOF,0.04282881713396383,0.025701901966390602,0.9314692808996455
25919,LOF,0.03690345924584334,0.02509115332001888,0.9380053874341377
25920,LOF,0.25417598788027373,0.23855542967746174,0.5072685824422645
25921,LOF,0.016474754991939115,0.049575202480860815,0.9339500425272002
25922,LOF,0.020815476912650985,0.04205459962145556,0.9371299234658935
25923,LOF,0.434929692312357,0.04043103846860708,0.5246392692190359
25924,LOF,0.02277565705956765,0.07381424648460863,0.9034100964558237
25925,LOF,0.07935260112069983,0.05649804510152247,0.8641493537777778
25926,LOF,0.06486110721447656,0.050770486221424216,0.8843684065640992
25927,LOF,0.02277544750912295,0.0800876549037834,0.8971368975870936
25928,LOF,0.010373098526395905,0.0664620172858828,0.9231648841877212
25929,Neutral,0.5668024729913427,0.037865617168329806,0.3953319098403274
25930,LOF,0.08330534287099463,0.037973106288841825,0.8787215508401636
25931,LOF,0.013612147012442207,0.04590660516108632,0.9404812478264715
25932,LOF,0.06915043617375755,0.041724052110171855,0.8891255117160706
25933,LOF,0.06363888526015637,0.023499959952697512,0.9128611547871461
25934,LOF,0.05974282476417586,0.02162633578672653,0.9186308394490977
25935,LOF,0.07392571646219898,0.06850248932234253,0.8575717942154585
25936,LOF,0.09853937127180085,0.02507254867852414,0.876388080049675
25937,LOF,0.02085165920522191,0.0507593213863652,0.928389019408413
25938,LOF,0.07265563299348299,0.060679311942139234,0.8666650550643779
25939,LOF,0.04316813716383033,0.032399988187416705,0.9244318746487529
25940,LOF,0.008490024705808697,0.3805021803701085,0.6110077949240827
25941,Neutral,0.5385625291202424,0.05331389239129364,0.408123578488464
25942,LOF,0.009169913600616829,0.06148610076095941,0.9293439856384237
25943,LOF,0.04928573399538715,0.21192128090803394,0.7387929850965789
25944,LOF,0.044922507420697616,0.0999150151555228,0.8551624774237797
25945,LOF,0.12072257503664922,0.028307206135926057,0.8509702188274247
25946,LOF,0.07379399422623481,0.038195584814282944,0.8880104209594822
25947,LOF,0.403697624989975,0.11565106150239908,0.4806513135076259
25948,LOF,0.42624652813967095,0.018171329199344836,0.5555821426609842
25949,LOF,0.14177121829704936,0.07092248167282973,0.7873063000301208
25950,GOF,0.07402992162509928,0.5927302095674019,0.33323986880749884
25951,LOF,0.011114623564381653,0.40899751936090084,0.5798878570747175
25952,LOF,0.2772366409506302,0.2639133138994231,0.4588500451499467
25953,LOF,0.00971884525113748,0.18146734666908607,0.8088138080797764
25954,LOF,0.08366291297586914,0.4366976213954335,0.4796394656286972
25955,LOF,0.005652122547386493,0.1781771043387138,0.8161707731138996
25956,LOF,0.016874165885318558,0.2192942098886749,0.7638316242260065
25957,LOF,0.18910217591706252,0.03021845532619578,0.7806793687567417
25958,LOF,0.03469730472226001,0.06451676839796082,0.9007859268797791
25959,GOF,0.01271662949135653,0.7088519489975093,0.2784314215111341
25960,LOF,0.006106598540513344,0.0910432101548197,0.9028501913046669
25961,LOF,0.03329227983203087,0.05225814524221155,0.9144495749257575
25962,LOF,0.04422222614751149,0.06087139641326944,0.8949063774392191
25963,LOF,0.006278469050706829,0.187141928996717,0.8065796019525762
25964,LOF,0.0265900020041989,0.10477789400204951,0.8686321039937516
25965,LOF,0.2624157572837131,0.10963114467917741,0.6279530980371095
25966,LOF,0.43060257364004045,0.13384748703302635,0.43554993932693326
25967,LOF,0.008989854333477428,0.07878646360811402,0.9122236820584086
25968,LOF,0.04123725981556329,0.2653663358274604,0.6933964043569764
25969,LOF,0.1772388897996827,0.054554731297258366,0.768206378903059
25970,LOF,0.036792458970285324,0.11769748935187004,0.8455100516778445
25971,LOF,0.08174182071770032,0.03460588756430434,0.8836522917179953
25972,LOF,0.06337176032085817,0.05856756253169347,0.8780606771474484
25973,LOF,0.06215893853358468,0.008397158600341863,0.9294439028660736
25974,LOF,0.048425584303193346,0.04082062553882741,0.9107537901579791
25975,LOF,0.04297649196925127,0.016977714582458708,0.94004579344829
25976,LOF,0.09678766375011333,0.010077329941169983,0.8931350063087167
25977,LOF,0.2174995177507212,0.0686622748050005,0.7138382074442783
25978,LOF,0.19231586084886684,0.10582300527270681,0.7018611338784263
25979,LOF,0.15618250706478454,0.11859548423490306,0.7252220087003124
25980,LOF,0.2569425032895864,0.17421962385949685,0.5688378728509167
25981,LOF,0.2589475280058216,0.17623459263232424,0.5648178793618541
25982,Neutral,0.47399160107071586,0.08153216032412536,0.4444762386051586
25983,Neutral,0.45414269639516913,0.10390295019385981,0.44195435341097095
25984,LOF,0.03784384241352408,0.09790933642700653,0.8642468211594695
25985,LOF,0.3810303031277274,0.16179930098560713,0.45717039588666536
25986,LOF,0.010152406717806388,0.44823106156493986,0.5416165317172539
25987,LOF,0.04828380184508335,0.10268867515011251,0.8490275230048041
25988,LOF,0.03942127252755886,0.17306597742674965,0.7875127500456915
25989,LOF,0.03670100529322265,0.2062234409675895,0.757075553739188
25990,LOF,0.039984541936885054,0.2957314339465611,0.6642840241165537
25991,LOF,0.019104087694046847,0.4074050112636503,0.5734909010423028
25992,LOF,0.020935456689325352,0.41623632874789557,0.5628282145627791
25993,LOF,0.025531493121989567,0.07037053599278249,0.904097970885228
25994,LOF,0.022827614998344948,0.06936749679529056,0.9078048882063645
25995,LOF,0.02036563372668878,0.12419548455779263,0.8554388817155185
25996,LOF,0.33037592532308785,0.3308087893342495,0.3388152853426627
25997,LOF,0.054392782505597155,0.3697861463049269,0.5758210711894759
25998,LOF,0.2848274741164094,0.043768117940754116,0.6714044079428365
25999,LOF,0.030422239599013964,0.17221890252884217,0.7973588578721438
26000,LOF,0.19587520811869685,0.024833260195416828,0.7792915316858863
26001,LOF,0.2964535474231952,0.03820061752176172,0.6653458350550432
26002,LOF,0.1323035092527129,0.03522840155942127,0.832468089187866
26003,GOF,0.007302144426514948,0.6451027348344867,0.34759512073899834
26004,GOF,0.011579648669975181,0.6888180458423856,0.2996023054876392
26005,LOF,0.00480586750620839,0.467265967671598,0.5279281648221935
26006,GOF,0.15210316940567917,0.510640174485679,0.33725665610864175
26007,GOF,0.009249657669974966,0.5277195701871723,0.4630307721428527
26008,GOF,0.006310890671057655,0.5962348550301714,0.397454254298771
26009,GOF,0.009787793945923022,0.6552694093584354,0.33494279669564153
26010,GOF,0.00933389504159776,0.626356254874516,0.36430985008388633
26011,LOF,0.004168448112449298,0.41349687512207817,0.5823346767654726
26012,GOF,0.004464832719324662,0.5021083618437682,0.49342680543690715
26013,GOF,0.012400428573520996,0.5637084116212772,0.42389115980520187
26014,LOF,0.059798590840443554,0.104510357864602,0.8356910512949544
26015,LOF,0.3809521860024033,0.0387479800209131,0.5802998339766836
26016,LOF,0.30836177999609127,0.061603037423882116,0.6300351825800267
26017,LOF,0.016554704585108142,0.2744965312870154,0.7089487641278763
26018,LOF,0.025545624892289592,0.08232343838429707,0.8921309367234134
26019,LOF,0.0255153079283192,0.07120212228636826,0.9032825697853125
26020,LOF,0.007725504648542408,0.26612288544885376,0.7261516099026039
26021,LOF,0.09838056826087395,0.12036303572941782,0.7812563960097082
26022,LOF,0.03620757703547854,0.04285874645291539,0.9209336765116062
26023,LOF,0.02871345698505231,0.0547948578132731,0.9164916852016746
26024,LOF,0.05757250733379075,0.09424992893252089,0.8481775637336884
26025,LOF,0.07232928138404943,0.11058268293004299,0.8170880356859076
26026,LOF,0.112125512612942,0.08676736568934011,0.8011071216977179
26027,LOF,0.025644055810502286,0.03936815474327452,0.9349877894462232
26028,LOF,0.1118324827614285,0.16125400204277798,0.7269135151957934
26029,LOF,0.025239935855740806,0.21287263915417248,0.7618874249900868
26030,LOF,0.1470623962180001,0.024503650595272135,0.8284339531867276
26031,LOF,0.010389576894792562,0.16779249488730566,0.8218179282179017
26032,LOF,0.047941053113905535,0.0605771496638421,0.8914817972222524
26033,LOF,0.06942890421855541,0.054857197620676645,0.875713898160768
26034,LOF,0.01253749517124457,0.18328540252881304,0.8041771022999423
26035,LOF,0.013500822620021204,0.11371410002397578,0.8727850773560031
26036,LOF,0.013198527492000007,0.1323084386058965,0.8544930339021035
26037,LOF,0.00987850510481261,0.10520890310324263,0.8849125917919447
26038,LOF,0.040176577902354266,0.05329606741184834,0.9065273546857975
26039,LOF,0.02853143775503314,0.15991060411416658,0.8115579581308003
26040,LOF,0.10713620496024616,0.13998427902344926,0.7528795160163047
26041,LOF,0.014018451807318548,0.09075856868913912,0.8952229795035423
26042,LOF,0.013118905696235195,0.10240163005711726,0.8844794642466476
26043,LOF,0.039626822270349686,0.07510651970564577,0.8852666580240045
26044,LOF,0.011411386221656532,0.05766512287079842,0.930923490907545
26045,LOF,0.10445950604230314,0.11379285181878064,0.7817476421389163
26046,LOF,0.03395665578415981,0.056530436637309146,0.9095129075785312
26047,LOF,0.059788045145660454,0.056360277687568426,0.8838516771667712
26048,LOF,0.06384206485370675,0.032709795552253354,0.9034481395940398
26049,Neutral,0.9452550850743994,0.009220307246766615,0.04552460767883405
26050,Neutral,0.9248091485408625,0.009662013761083025,0.0655288376980546
26051,LOF,0.020901305147131892,0.10913874347790194,0.8699599513749662
26052,LOF,0.037515151231596384,0.12574482064808581,0.8367400281203178
26053,LOF,0.027218226861247002,0.16404162674958447,0.8087401463891686
26054,LOF,0.046713336009441435,0.033356666296668655,0.91992999769389
26055,LOF,0.07071233778938991,0.03160796799137194,0.8976796942192381
26056,LOF,0.05752690369719012,0.03948603545763282,0.9029870608451771
26057,LOF,0.05910061724134403,0.01727135667204449,0.9236280260866114
26058,LOF,0.06193354372121222,0.014104223972551696,0.923962232306236
26059,LOF,0.21606126440117113,0.03805240424966791,0.7458863313491609
26060,LOF,0.017936303217124434,0.19538779467824108,0.7866759021046345
26061,LOF,0.011594203645869857,0.011516941445596875,0.9768888549085332
26062,LOF,0.006023146927528382,0.02098563296526779,0.9729912201072037
26063,LOF,0.03864257032341629,0.013955289205902173,0.9474021404706815
26064,LOF,0.009919111048094169,0.034029021604493045,0.9560518673474129
26065,LOF,0.04678462931972276,0.016351700191915796,0.9368636704883615
26066,LOF,0.046986611229472876,0.012910318231330884,0.9401030705391963
26067,LOF,0.053198848520857295,0.011828138759414993,0.9349730127197278
26068,LOF,0.05516952671706678,0.05139116243440061,0.8934393108485327
26069,LOF,0.30839401631282776,0.03370088327177226,0.6579051004154
26070,Neutral,0.575440182771444,0.02261229910689839,0.4019475181216575
26071,LOF,0.04533055008105041,0.015107786555738197,0.9395616633632115
26072,LOF,0.010151910002743573,0.02178270223653555,0.9680653877607209
26073,LOF,0.040990768773083885,0.016105884743741784,0.9429033464831743
26074,Neutral,0.8808877169815942,0.010807005314965668,0.10830527770344023
26075,LOF,0.0552113603352873,0.025435409781845223,0.9193532298828674
26076,LOF,0.05170490503947992,0.015083223792269675,0.9332118711682503
26077,LOF,0.14039237557363088,0.008135972200440022,0.8514716522259291
26078,LOF,0.008278134514156425,0.016843009499452236,0.9748788559863913
26079,LOF,0.06451913086225736,0.024991747631247445,0.9104891215064952
26080,LOF,0.06380034683766571,0.02500601752194543,0.9111936356403889
26081,LOF,0.03399174181637761,0.011533689750986252,0.9544745684326361
26082,LOF,0.007065839153471431,0.020178590229693746,0.9727555706168348
26083,LOF,0.11038261518838133,0.027234325789009653,0.862383059022609
26084,LOF,0.10936413707216226,0.019377038647196726,0.8712588242806409
26085,LOF,0.10029931443383175,0.01666777693112979,0.8830329086350385
26086,LOF,0.04011194589444187,0.0157121826338082,0.94417587147175
26087,LOF,0.038601415621006316,0.011960356028297491,0.9494382283506962
26088,LOF,0.007929079677567437,0.02511616322025972,0.9669547571021729
26089,LOF,0.04205080639261106,0.043046599295529724,0.9149025943118593
26090,LOF,0.04283990346854654,0.03224234000010833,0.9249177565313452
26091,LOF,0.03244166989428781,0.009331654407018913,0.9582266756986934
26092,LOF,0.04305834913037314,0.010383797591739066,0.9465578532778878
26093,LOF,0.07737239961491325,0.007011742012874606,0.9156158583722122
26094,LOF,0.03575726061262474,0.008858812474305575,0.9553839269130696
26095,LOF,0.03310637836822956,0.020101408922654395,0.9467922127091161
26096,LOF,0.18026892155116625,0.006321661589828838,0.8134094168590049
26097,LOF,0.00753629933219491,0.03717407015133944,0.9552896305164658
26098,LOF,0.12376529624029547,0.021064780082741968,0.8551699236769627
26099,LOF,0.045542835063085395,0.02172234164121688,0.9327348232956977
26100,LOF,0.04556731367029112,0.02172178453641621,0.9327109017932927
26101,LOF,0.05726280531652296,0.037092394698732316,0.9056447999847448
26102,LOF,0.03522798581041851,0.019383613512629183,0.9453884006769523
26103,Neutral,0.8874406014243663,0.03292809120603888,0.07963130736959487
26104,LOF,0.05867159378965336,0.049314120477390214,0.8920142857329565
26105,LOF,0.2672633018761052,0.1260170023539745,0.6067196957699202
26106,LOF,0.31638140210123383,0.06663532287121045,0.6169832750275558
26107,LOF,0.02182386313152008,0.08176563731280094,0.896410499555679
26108,LOF,0.27061853300541455,0.03753057069832445,0.691850896296261
26109,LOF,0.09425568164582179,0.03920215986559306,0.8665421584885852
26110,LOF,0.4500519109255055,0.010962716455540545,0.538985372618954
26111,LOF,0.04826803952623476,0.14777756339333398,0.8039543970804313
26112,LOF,0.05661071481375438,0.009436561646507401,0.9339527235397383
26113,LOF,0.1099129131169444,0.02503285136817981,0.8650542355148758
26114,LOF,0.09553814717788636,0.011101693572319408,0.8933601592497943
26115,LOF,0.020611303155476064,0.05273223752011205,0.9266564593244119
26116,LOF,0.07318178490395674,0.0242210281978101,0.9025971868982331
26117,LOF,0.34314372592043285,0.04256731508807626,0.6142889589914908
26118,LOF,0.04486341453399752,0.019503652512324055,0.9356329329536786
26119,LOF,0.0069534910127857855,0.04280954142622168,0.9502369675609926
26120,LOF,0.03472121971276432,0.018067987672277384,0.9472107926149582
26121,LOF,0.004061638851979731,0.1305942286947179,0.8653441324533024
