feature0,prediction,LoGoFunc_Neutral,LoGoFunc_GOF,LoGoFunc_LOF
25546,Neutral,0.6391650087956223,0.053669297085605,0.30716569411877276
25547,Neutral,0.4678238466427417,0.09586687297850163,0.4363092803787567
25548,Neutral,0.4720669956926846,0.07483894794147457,0.45309405636584077
25549,LOF,0.38610279268676095,0.07541784629690025,0.5384793610163389
25550,LOF,0.3436280035853947,0.11455718432801787,0.5418148120865874
25551,LOF,0.28924586855157114,0.126753420581332,0.5840007108670968
25552,LOF,0.22683187844303818,0.1174231291359261,0.6557449924210357
25553,Neutral,0.8111397665649096,0.04133114929131994,0.14752908414377058
25554,LOF,0.2779644757480724,0.11000759567937926,0.6120279285725483
25555,LOF,0.227623736176308,0.10397796783995392,0.6683982959837381
25556,LOF,0.4373941344633173,0.09101655771048883,0.47158930782619385
25557,LOF,0.2185759524593977,0.1112490888247019,0.6701749587159004
25558,LOF,0.27683575243685243,0.11133848961528008,0.6118257579478675
25559,LOF,0.1915090190066323,0.16365192097348602,0.6448390600198817
25560,LOF,0.06412891402946672,0.13171518683232208,0.8041558991382112
25561,LOF,0.13437280853900713,0.11314813687382609,0.7524790545871667
25562,LOF,0.059957823441136066,0.0838429401609791,0.8561992363978849
25563,LOF,0.08126582422680895,0.07098163661248884,0.8477525391607023
25564,LOF,0.21173699000337762,0.16100326706684792,0.6272597429297745
25565,LOF,0.18539116468449862,0.13902758456995648,0.6755812507455449
25566,GOF,0.020985058291719677,0.7772520233711815,0.20176291833709864
25567,LOF,0.024237039560390757,0.1274325212882877,0.8483304391513216
25568,LOF,0.06090011118452804,0.0676909585710256,0.8714089302444463
25569,LOF,0.05830162293700363,0.06556801634395387,0.8761303607190425
25570,LOF,0.03136677258103313,0.10171689491961979,0.8669163324993471
25571,LOF,0.030802472034926316,0.0968975185089063,0.8723000094561675
25572,LOF,0.035703377907609184,0.11811504878335147,0.8461815733090394
25573,LOF,0.0277910938246222,0.09033359898096191,0.8818753071944159
25574,LOF,0.016132947977427974,0.16484315090217894,0.8190239011203931
25575,LOF,0.026482950055935005,0.11016895627264611,0.8633480936714188
25576,LOF,0.014094896318436313,0.14076726831117595,0.8451378353703877
25577,LOF,0.012259041373042753,0.11493975122176837,0.8728012074051889
25578,LOF,0.2823948271151622,0.07391955164360269,0.6436856212412351
25579,LOF,0.12423122068708259,0.08070690543528213,0.7950618738776353
25580,LOF,0.019524083301100868,0.07006885377867499,0.9104070629202241
25581,LOF,0.050286824452287514,0.0652806504005623,0.8844325251471503
25582,LOF,0.05013168837003221,0.06368980058541641,0.8861785110445514
25583,LOF,0.021350667961241528,0.0784476195745945,0.9002017124641639
25584,Neutral,0.526583192434197,0.10323668611696046,0.3701801214488425
25585,LOF,0.012923241251729667,0.11215068187009368,0.8749260768781767
25586,LOF,0.018679883299626217,0.067654172459764,0.9136659442406099
25587,LOF,0.017524869077913716,0.058026578340879896,0.9244485525812063
25588,LOF,0.018487564409657792,0.0723432314948362,0.9091692040955061
25589,Neutral,0.6222576912959682,0.12792180170563547,0.2498205069983963
25590,LOF,0.022112633731177337,0.1136538802290271,0.8642334860397954
25591,LOF,0.08378877646398392,0.05703587899494314,0.859175344541073
25592,LOF,0.05370957559909965,0.11651855127643794,0.8297718731244624
25593,LOF,0.020555379217436734,0.2604639896676877,0.7189806311148755
25594,LOF,0.03923897409980485,0.11807681969503651,0.8426842062051587
25595,LOF,0.03552347704561929,0.08253626975474161,0.8819402531996392
25596,LOF,0.050339835637447504,0.06085482452808404,0.8888053398344685
25597,LOF,0.034827343963963274,0.07299888276737318,0.8921737732686635
25598,LOF,0.03689650395271325,0.09201397434976515,0.8710895216975215
25599,GOF,0.009219215045185903,0.5312826757571844,0.45949810919762973
25600,GOF,0.02630636492429034,0.5982911277531152,0.37540250732259445
25601,LOF,0.013261717297848046,0.3993046482906913,0.5874336344114607
25602,LOF,0.012550688275267804,0.05347228953081832,0.9339770221939139
25603,LOF,0.04385641594234207,0.0210940955951432,0.9350494884625148
25604,LOF,0.016116736639238422,0.05389219648068508,0.9299910668800766
25605,LOF,0.009989871362955932,0.15921912995910412,0.8307909986779398
25606,LOF,0.10771448776287718,0.2667892988857889,0.6254962133513339
25607,LOF,0.006322927119908628,0.17265982668713092,0.8210172461929605
25608,LOF,0.012544740696831052,0.09584118932765108,0.8916140699755177
25609,LOF,0.08760704432903908,0.39161560159004255,0.5207773540809184
25610,LOF,0.019242122240622054,0.02659207565715343,0.9541658021022246
25611,LOF,0.019737369643340857,0.029308782457677235,0.9509538478989819
25612,LOF,0.059081076639246236,0.03737224309737304,0.9035466802633808
25613,LOF,0.0568742693176525,0.037818141508045855,0.9053075891743017
25614,LOF,0.028087685203381202,0.03204187468929301,0.9398704401073258
25615,LOF,0.016584430295266454,0.04316020224002056,0.9402553674647128
25616,LOF,0.05476198771945063,0.032060400866025414,0.913177611414524
25617,LOF,0.0529069364596882,0.03375250927361077,0.9133405542667011
25618,LOF,0.0652190286714102,0.0365315343024421,0.8982494370261477
25619,LOF,0.018789210587444264,0.03179858268281285,0.9494122067297429
25620,LOF,0.07346632981897266,0.04120649468489823,0.885327175496129
25621,LOF,0.019109932161324727,0.035750268630120444,0.9451397992085547
25622,LOF,0.024060233001715378,0.046858008285110234,0.9290817587131744
25623,LOF,0.03853703539810369,0.040918550364558486,0.9205444142373378
25624,LOF,0.023339790465133795,0.039666862036386245,0.9369933474984801
25625,LOF,0.02148925750404746,0.056983775098933806,0.9215269673970187
25626,LOF,0.056812247955591165,0.03406378886750238,0.9091239631769065
25627,Neutral,0.6378370445381125,0.08029637663417462,0.2818665788277129
25628,LOF,0.18311885839405254,0.04566490530207847,0.771216236303869
25629,LOF,0.03907992410662046,0.06032850248259512,0.9005915734107844
25630,LOF,0.13948830736999845,0.08830560829092246,0.772206084339079
25631,Neutral,0.6209526122751389,0.053062934073243376,0.3259844536516179
25632,LOF,0.007523028771487342,0.07011218294241017,0.9223647882861026
25633,LOF,0.2252758698382795,0.04604836252099505,0.7286757676407255
25634,LOF,0.030058746561051067,0.08872293236633338,0.8812183210726156
25635,LOF,0.03861593042242559,0.046590572243052616,0.9147934973345219
25636,LOF,0.005605892309274341,0.4872614205652895,0.5071326871254361
25637,GOF,0.007600561069231326,0.5039784594636161,0.48842097946715257
25638,LOF,0.0094260445844312,0.25674291638222485,0.733831039033344
25639,LOF,0.005376097784405287,0.3858223155645042,0.6088015866510905
25640,Neutral,0.4917914510846723,0.4232054731754718,0.08500307573985579
25641,LOF,0.00919100715973933,0.49294499484956644,0.49786399799069403
25642,LOF,0.22678538445852583,0.1039593423053613,0.669255273236113
25643,LOF,0.14985915624367477,0.16559680464894452,0.6845440391073807
25644,GOF,0.008045975226322898,0.5189457675729273,0.47300825720074974
25645,LOF,0.006567752148398763,0.46595247538049417,0.5274797724711071
25646,LOF,0.01031622037917686,0.38383074203982837,0.6058530375809947
25647,LOF,0.008823627405712697,0.30344366653114235,0.6877327060631451
25648,LOF,0.008513845057002601,0.2968638458253059,0.6946223091176916
25649,LOF,0.0068762213967048826,0.25735811812910414,0.735765660474191
25650,LOF,0.011903034012027518,0.45145531262590166,0.5366416533620709
25651,LOF,0.005364141915985066,0.32167616606841637,0.6729596920155986
25652,LOF,0.00824866000553437,0.3072665235849972,0.6844848164094685
25653,LOF,0.02427382408391837,0.4481946983996863,0.5275314775163954
25654,LOF,0.009258919556175596,0.21845271225855364,0.7722883681852708
25655,LOF,0.04116634752431684,0.4514853810521309,0.5073482714235522
25656,LOF,0.1962014801690081,0.05272923247864614,0.7510692873523459
25657,LOF,0.2762944359477678,0.0328643652651019,0.6908411987871302
25658,LOF,0.07581697829101737,0.10698010989271414,0.8172029118162685
25659,LOF,0.44045329561032004,0.08224469077243078,0.47730201361724917
25660,LOF,0.0311338786087555,0.08254394743806549,0.8863221739531789
25661,LOF,0.09379164028163432,0.059031257769807916,0.8471771019485578
25662,LOF,0.033061232584480946,0.03384595391519191,0.9330928135003271
25663,LOF,0.04228614140754201,0.048709909463090506,0.9090039491293675
25664,LOF,0.046791309040159504,0.06918388152708337,0.8840248094327572
25665,LOF,0.054380548140691404,0.02591766590501013,0.9197017859542985
25666,LOF,0.039697842528348244,0.08652291963755201,0.8737792378340996
25667,LOF,0.06817930897245421,0.04023740230472845,0.8915832887228174
25668,LOF,0.0372809391764348,0.04133371744121695,0.9213853433823482
25669,LOF,0.03293761787766318,0.058397636235984436,0.9086647458863523
25670,LOF,0.06527839155330974,0.05113252120029676,0.8835890872463934
25671,LOF,0.09368602544083157,0.0328275052387388,0.8734864693204295
25672,LOF,0.05790821091759154,0.03397383405203655,0.9081179550303718
25673,LOF,0.024212918979236202,0.044503433372497354,0.9312836476482664
25674,LOF,0.022273090065519956,0.053836967661585224,0.9238899422728949
25675,LOF,0.036552669043675934,0.04974138853389052,0.9137059424224335
25676,LOF,0.02015941562357645,0.046682586836902615,0.933157997539521
25677,LOF,0.028018897687763233,0.062381301648604615,0.9095998006636322
25678,LOF,0.2022275558878235,0.05381101302157179,0.7439614310906048
25679,LOF,0.16464242633969733,0.0783750495280437,0.756982524132259
25680,LOF,0.04343745431371293,0.0995937484463234,0.8569687972399637
25681,LOF,0.06600663235308363,0.09733697026661807,0.8366563973802984
25682,LOF,0.14134955071881708,0.06411071345555297,0.7945397358256299
25683,LOF,0.08776412222622787,0.09511068773068816,0.817125190043084
25684,LOF,0.0437399887706999,0.06613551826646942,0.8901244929628307
25685,LOF,0.0847696470628689,0.04210570116597198,0.8731246517711592
25686,LOF,0.0309770509389785,0.07343582764201174,0.8955871214190098
25687,LOF,0.05463456857171957,0.06333357214471098,0.8820318592835695
25688,LOF,0.05055512778845989,0.07036042618817177,0.8790844460233682
25689,LOF,0.026932121854286895,0.0750202098112729,0.8980476683344402
25690,LOF,0.03602858132397016,0.06591796795432232,0.8980534507217076
25691,LOF,0.26558870561063486,0.07878679738920084,0.6556244970001642
25692,LOF,0.27122846238705606,0.008226059938152463,0.7205454776747915
25693,LOF,0.05218733572373409,0.3158085984398526,0.6320040658364132
25694,LOF,0.24383965957135945,0.015938674041498027,0.7402216663871426
25695,LOF,0.14089176354006558,0.021959120037804244,0.8371491164221302
25696,LOF,0.10974496813200361,0.011942401504731939,0.8783126303632643
25697,LOF,0.09178542354907344,0.026093813316757832,0.8821207631341688
25698,LOF,0.07125775654435837,0.42710410847202174,0.50163813498362
25699,LOF,0.05781752512571909,0.0793537845901919,0.8628286902840889
25700,LOF,0.05335586889704911,0.010307271811038049,0.9363368592919129
25701,LOF,0.017014383615498885,0.0954162831894425,0.8875693331950586
25702,GOF,0.04217141440755903,0.6201660590548799,0.33766252653756096
25703,LOF,0.009778566635139891,0.14573124670783788,0.8444901866570222
25704,LOF,0.06384611888502402,0.11045510063088816,0.8256987804840878
25705,LOF,0.0755580399348255,0.20865104932991332,0.7157909107352612
25706,LOF,0.0281660635223945,0.390582896733619,0.5812510397439865
25707,LOF,0.018173516442263237,0.3256655952593063,0.6561608882984304
25708,LOF,0.008581159798538702,0.29976493763006734,0.6916539025713939
25709,LOF,0.06368202351446103,0.044048024908005926,0.892269951577533
25710,LOF,0.006420565736843521,0.1304574767171974,0.863121957545959
25711,LOF,0.020501900074556722,0.10419825736489664,0.8752998425605466
25712,LOF,0.0083344413526773,0.1781711610396381,0.8134943976076846
25713,LOF,0.02157432283998454,0.0891719823520574,0.8892536948079581
25714,LOF,0.06706263135293357,0.11351703168996498,0.8194203369571015
25715,LOF,0.01407359486935789,0.11638391517286856,0.8695424899577735
25716,LOF,0.006976602784352185,0.09734286333435628,0.8956805338812914
25717,LOF,0.007311333472897954,0.07139344705062524,0.9212952194764769
25718,LOF,0.014910503658269514,0.07737907451176772,0.9077104218299628
25719,LOF,0.023017770141154952,0.07932628429349262,0.8976559455653524
25720,LOF,0.02451890879540686,0.06906633320660346,0.9064147579979897
25721,LOF,0.018729527650418073,0.08699019353545849,0.8942802788141234
25722,LOF,0.017400054530899902,0.09968827415679164,0.8829116713123084
25723,LOF,0.02334017070269902,0.0553210484058434,0.9213387808914575
25724,LOF,0.022072525485737057,0.08661329822260898,0.8913141762916539
25725,LOF,0.014135302386625914,0.06552475147323489,0.9203399461401391
25726,LOF,0.01788015257081075,0.0890766990090991,0.8930431484200901
25727,LOF,0.015181835933991089,0.07097994121192912,0.9138382228540798
25728,LOF,0.013334289014472728,0.09253590866453397,0.8941298023209933
25729,LOF,0.013550626107687938,0.09392581123401973,0.8925235626582925
25730,LOF,0.019678384140195637,0.07434272020526081,0.9059788956545435
25731,LOF,0.008562530769006193,0.11413490213334336,0.8773025670976505
25732,LOF,0.01972313368735984,0.0708306870501171,0.909446179262523
25733,LOF,0.018630217595195307,0.06319381776625686,0.9181759646385479
25734,LOF,0.006236315132821705,0.12218693093393279,0.8715767539332455
25735,LOF,0.016922745797890378,0.06434003699358869,0.9187372172085209
25736,LOF,0.017189208350944677,0.08685250314915177,0.8959582884999036
25737,LOF,0.02421246907161254,0.08075860377436027,0.8950289271540273
25738,LOF,0.015898624053038327,0.1153534744117434,0.8687479015352183
25739,LOF,0.023290332797332475,0.09911206930683533,0.8775975978958321
25740,LOF,0.035235527150209674,0.10341833918350668,0.8613461336662837
25741,LOF,0.017855619934361446,0.09288217368876163,0.8892622063768769
25742,LOF,0.10467959272418567,0.09859758459267999,0.7967228226831342
25743,LOF,0.016277804513471824,0.035823802794761085,0.9478983926917671
25744,LOF,0.19165511125730522,0.4023577853724757,0.40598710337021915
25745,LOF,0.02513179568071713,0.06458335319017151,0.9102848511291113
25746,LOF,0.01636657497911904,0.07747404375163779,0.9061593812692431
25747,LOF,0.029103347295583563,0.03364502917202715,0.9372516235323893
25748,LOF,0.12537203090305954,0.05842691349717739,0.8162010555997631
25749,LOF,0.014737895017763706,0.06650611866634676,0.9187559863158895
25750,LOF,0.03159226835868005,0.07700086207636216,0.8914068695649577
25751,LOF,0.11633465258467267,0.061022644826482134,0.8226427025888452
25752,GOF,0.14703446991676739,0.5828017825190743,0.27016374756415823
25753,LOF,0.008735942393113654,0.27208073413244865,0.7191833234744377
25754,GOF,0.004874175233275357,0.7696353766195013,0.22549044814722327
25755,LOF,0.00978859511326278,0.38355990184790123,0.606651503038836
25756,LOF,0.04584674718854881,0.34991698558016987,0.6042362672312814
25757,GOF,0.005481789293916577,0.8213783407074023,0.17313986999868114
25758,GOF,0.006743954677404151,0.8247997896595605,0.16845625566303538
25759,GOF,0.004197406151736268,0.5163714553772487,0.47943113847101504
25760,LOF,0.005885111503372241,0.2511319437270795,0.7429829447695483
25761,GOF,0.03990908598178626,0.7962890936694198,0.16380182034879395
25762,LOF,0.036924138620277866,0.25926354436484095,0.7038123170148811
25763,LOF,0.0068108317893168105,0.17948057895066533,0.8137085892600178
25764,GOF,0.18043910233982044,0.49406862570301757,0.32549227195716196
25765,GOF,0.010881992664552285,0.7579977129875242,0.23112029434792336
25766,GOF,0.01459374170059267,0.7968376078444036,0.18856865045500376
25767,GOF,0.023169123782705085,0.5527088958200929,0.424121980397202
25768,LOF,0.07913237914000651,0.0853308377401532,0.8355367831198403
25769,LOF,0.08889200939367782,0.06392961427342489,0.8471783763328972
25770,LOF,0.34425859499148903,0.07528922885464287,0.580452176153868
25771,LOF,0.01373642348105637,0.05798283023062582,0.9282807462883178
25772,LOF,0.02192906149481179,0.028653916284243932,0.9494170222209443
25773,LOF,0.013312370380102247,0.09900616183335798,0.8876814677865398
25774,LOF,0.028177945544681525,0.0700413289785621,0.9017807254767565
25775,LOF,0.015532667051174124,0.04954839688937302,0.9349189360594529
25776,LOF,0.08672095482326078,0.02539742789561387,0.8878816172811255
25777,LOF,0.31187646239949696,0.050007817961443816,0.6381157196390592
25778,LOF,0.07546973658556959,0.0465592878280991,0.8779709755863312
25779,GOF,0.07749604392942566,0.8537757470860204,0.06872820898455384
25780,GOF,0.06594430038802084,0.8412796389062362,0.09277606070574287
25781,GOF,0.025574119336884457,0.8402359663420819,0.13418991432103364
25782,GOF,0.03577179774050483,0.8690187308616955,0.09520947139779969
25783,GOF,0.01135627142437538,0.6622533268178549,0.32639040175776973
25784,GOF,0.13226582895768882,0.8085325539634112,0.059201617078900134
25785,GOF,0.06781887706110677,0.876684711578148,0.05549641136074524
25786,GOF,0.006187890550214139,0.8016497263558351,0.19216238309395073
25787,GOF,0.20772994329661676,0.7461509192844571,0.04611913741892619
25788,LOF,0.05089316988541191,0.1239801201332511,0.8251267099813371
25789,GOF,0.036774364144852696,0.7932660895699997,0.16995954628514764
25790,GOF,0.03639958678024102,0.8426476983256941,0.12095271489406494
25791,GOF,0.027302723950240637,0.7750560951842028,0.19764118086555654
25792,GOF,0.0509540652401945,0.7645171360197504,0.1845287987400551
25793,GOF,0.07119834248071451,0.7288918152120009,0.1999098423072846
25794,GOF,0.09037162946098928,0.6916536247123964,0.21797474582661433
25795,GOF,0.028347408931636058,0.7393654048096034,0.2322871862587605
25796,GOF,0.14236160471424109,0.7353366082328311,0.12230178705292787
25797,GOF,0.035646703168196105,0.6007637857451986,0.36358951108660525
25798,GOF,0.003326486620912725,0.533555997775546,0.4631175156035413
25799,LOF,0.0031480724340262325,0.426382807961015,0.5704691196049588
25800,GOF,0.010447374606490749,0.5912247572384376,0.3983278681550717
25801,GOF,0.04177603855258932,0.7930686796960438,0.16515528175136687
25802,GOF,0.017874833986558265,0.716433694577916,0.2656914714355258
25803,GOF,0.009888416305649086,0.5801799305156518,0.4099316531786992
25804,LOF,0.011294428145817036,0.48388579090629114,0.5048197809478919
25805,GOF,0.02047745800066738,0.6103043297779251,0.3692182122214075
25806,GOF,0.01806631898815321,0.6152809117527532,0.36665276925909357
25807,GOF,0.005782557485181968,0.6367593970533614,0.35745804546145665
25808,GOF,0.014819442468539563,0.6459691999747562,0.33921135755670423
25809,GOF,0.006887376991088606,0.5942689395980162,0.3988436834108952
25810,GOF,0.005668518112558601,0.6224664560141013,0.37186502587334
25811,GOF,0.1158688547170778,0.7622402051171036,0.12189094016581872
25812,GOF,0.012722944119365554,0.6270230573810994,0.360253998499535
25813,GOF,0.11934895379127945,0.7085734374971278,0.17207760871159267
25814,GOF,0.030007704598502,0.6930470126319727,0.2769452827695254
25815,GOF,0.0399299984359721,0.7125726258431666,0.2474973757208613
25816,GOF,0.007853904759437131,0.7646182492299721,0.2275278460105906
25817,GOF,0.059457373620762324,0.7772112295657746,0.163331396813463
25818,GOF,0.015722756462058278,0.708144302579175,0.27613294095876656
25819,GOF,0.06560509503594253,0.7325288957231771,0.20186600924088044
25820,GOF,0.028325805111655937,0.7349733355341865,0.23670085935415763
25821,GOF,0.014721998434721708,0.7118877973350863,0.27339020423019195
25822,GOF,0.033308626657302935,0.7277196226071023,0.23897175073559465
25823,GOF,0.011072386261019952,0.568918164693405,0.4200094490455751
25824,GOF,0.019224454150815386,0.6945892985704298,0.28618624727875475
25825,GOF,0.011350185280458105,0.6630606590299674,0.3255891556895745
25826,GOF,0.0047303755217880435,0.6370382732258687,0.35823135125234334
25827,GOF,0.006986485522224356,0.6460888442026479,0.3469246702751277
25828,GOF,0.004664286464418333,0.5702788934692967,0.42505682006628503
25829,GOF,0.0026883087706919178,0.5968601913350666,0.40045149989424145
25830,LOF,0.0425547806141308,0.3082571290478965,0.6491880903379728
25831,GOF,0.05364877122233189,0.8166161352563593,0.12973509352130874
25832,GOF,0.007963269673517199,0.7625934961584232,0.22944323416805973
25833,GOF,0.032595212008879736,0.8017466974457149,0.16565809054540528
25834,GOF,0.00909264985924929,0.7701192002652292,0.2207881498755215
25835,GOF,0.01874364492684079,0.8064521412534122,0.17480421381974698
25836,GOF,0.0074181789440743995,0.7364408407191572,0.2561409803367686
25837,GOF,0.006894502449487897,0.6509982932062587,0.3421072043442535
25838,GOF,0.022776102160858454,0.8242528401868703,0.15297105765227134
25839,GOF,0.0553578444738385,0.7756255530591937,0.16901660246696776
25840,GOF,0.05030189295827082,0.7886332953628032,0.161064811678926
25841,GOF,0.04536088614730447,0.8203202868741651,0.13431882697853043
25842,GOF,0.028482062703471943,0.8496705793198439,0.1218473579766843
25843,GOF,0.030468331444734216,0.8735878693728893,0.09594379918237633
25844,GOF,0.018602927111726546,0.7708272154079457,0.2105698574803276
25845,GOF,0.005521145278498644,0.559152607557125,0.4353262471643763
25846,GOF,0.03860224795030266,0.8241520514009772,0.13724570064872016
25847,GOF,0.019991066711640484,0.8830544195903646,0.09695451369799502
25848,GOF,0.01164449429871661,0.7780302578343267,0.2103252478669568
25849,GOF,0.004101496498566424,0.6611222090066323,0.3347762944948013
25850,GOF,0.006237363911950451,0.7011531952400123,0.29260944084803714
25851,GOF,0.005650902499030163,0.5727545899084934,0.4215945075924765
25852,GOF,0.1774093847294059,0.5185387218434669,0.304051893427127
25853,GOF,0.06699313002140568,0.8287479994578822,0.104258870520712
25854,GOF,0.00822940419795555,0.6545602649075488,0.33721033089449565
25855,GOF,0.011471036795129496,0.5869141662929671,0.40161479691190344
25856,GOF,0.041089495807003384,0.6901219587194825,0.26878854547351405
25857,GOF,0.011791064274930714,0.5356965868083816,0.45251234891668773
25858,GOF,0.006914092424174038,0.5501200878859694,0.4429658196898566
25859,GOF,0.004494531463136361,0.5249489445041817,0.47055652403268183
25860,GOF,0.08194055393695969,0.7888706034630425,0.1291888425999979
25861,GOF,0.12934548147413338,0.7629700160894887,0.10768450243637788
25862,GOF,0.021369131541517688,0.8288676792988836,0.14976318915959866
25863,GOF,0.024314402132893178,0.8356729741051682,0.1400126237619388
25864,GOF,0.0532231262238591,0.8591550569461318,0.0876218168300091
25865,GOF,0.030588284436654914,0.8489187079174193,0.12049300764592581
25866,GOF,0.023679345431307564,0.8216062782598169,0.15471437630887558
25867,GOF,0.031109010693575936,0.8629930057821411,0.10589798352428294
25868,GOF,0.05963310242721057,0.8014731481395202,0.13889374943326924
25869,GOF,0.33730856956585686,0.5662865559437216,0.09640487449042147
25870,GOF,0.19783037504509107,0.4848493900964498,0.31732023485845917
25871,GOF,0.03135267932559803,0.8193974816978724,0.14924983897652974
25872,GOF,0.02005068924579565,0.7549517745252793,0.22499753622892507
25873,GOF,0.02555955273244284,0.8136088404225977,0.16083160684495937
25874,LOF,0.01721619528652004,0.13632748803903555,0.8464563166744444
25875,LOF,0.021997543330080572,0.04999341709155062,0.9280090395783688
25876,LOF,0.013719274112548696,0.03028559046933661,0.9559951354181148
25877,LOF,0.13674771756453158,0.07701160598232519,0.7862406764531432
25878,LOF,0.05047878978219054,0.11538410452493186,0.8341371056928776
25879,LOF,0.020847314431158174,0.08416827409065034,0.8949844114781915
25880,LOF,0.0457227692699532,0.01282814872997516,0.9414490820000716
25881,Neutral,0.5310901383585511,0.04325203543038083,0.42565782621106796
25882,LOF,0.018539488550605658,0.0287432621398798,0.9527172493095146
25883,LOF,0.05818575751640192,0.023774493323774536,0.9180397491598236
25884,LOF,0.008990534592414109,0.04178971441994728,0.9492197509876386
25885,LOF,0.18130684897050953,0.006922146982827993,0.8117710040466626
25886,LOF,0.24921688031028777,0.05422901493140227,0.6965541047583099
25887,LOF,0.1402496298382894,0.05130495617484674,0.8084454139868639
25888,LOF,0.012928131984060984,0.10191626389161001,0.885155604124329
25889,LOF,0.010267261245198087,0.03114429008745907,0.9585884486673428
25890,LOF,0.12250351753259593,0.09424122552084448,0.7832552569465596
25891,LOF,0.042155830040794,0.049235920589266055,0.90860824936994
25892,LOF,0.013813834933661362,0.04443342369306549,0.9417527413732731
25893,LOF,0.40904326637089433,0.015168021775101062,0.5757887118540047
25894,LOF,0.4291441419224623,0.008197905930762152,0.5626579521467755
25895,LOF,0.37695280336970793,0.016397598477458933,0.6066495981528333
25896,LOF,0.04489210408028279,0.02772244368522772,0.9273854522344894
25897,LOF,0.19776645458866565,0.0165674874805043,0.78566605793083
25898,LOF,0.26121297213381833,0.034392637526997574,0.7043943903391842
25899,LOF,0.19469717966094252,0.03354185823366611,0.7717609621053914
25900,Neutral,0.502278085460719,0.016633097662142864,0.4810888168771382
25901,LOF,0.04696974316906792,0.013023903816035637,0.9400063530148964
25902,LOF,0.09639867960784171,0.017472181221045865,0.8861291391711124
25903,LOF,0.4305097370052106,0.03731205309952619,0.5321782098952632
25904,LOF,0.34797039642222277,0.05602927990981186,0.5960003236679655
25905,LOF,0.006080834184489288,0.4052668419821755,0.5886523238333352
25906,LOF,0.010415412351419186,0.09397332426128045,0.8956112633873002
25907,LOF,0.003827923812972755,0.3570997181744791,0.639072358012548
25908,LOF,0.003337819566894625,0.27387002956902146,0.722792150864084
25909,LOF,0.014591476783992505,0.12203926333437275,0.8633692598816347
25910,LOF,0.01550920092746313,0.16767323523838598,0.8168175638341508
25911,LOF,0.17997098697269936,0.03346956543489075,0.7865594475924099
25912,LOF,0.06810160674553059,0.037289314246711114,0.8946090790077583
25913,LOF,0.07587338436317743,0.048820315959372175,0.8753062996774504
25914,LOF,0.021378161662380955,0.06015717045782938,0.9184646678797898
25915,LOF,0.1367437730918073,0.34893079875738575,0.514325428150807
25916,LOF,0.01921760887791051,0.24008670901689722,0.7406956821051923
25917,LOF,0.05483378952306014,0.039644746843075986,0.9055214636338638
25918,LOF,0.0261493344263679,0.03146127190966682,0.9423893936639651
25919,LOF,0.022043730179709405,0.0297121494592401,0.9482441203610504
25920,LOF,0.0590760059044629,0.41205528792775414,0.5288687061677829
25921,LOF,0.010179504508919971,0.03711694157875952,0.9527035539123204
25922,LOF,0.01208782858771374,0.029588626958491463,0.9583235444537948
25923,Neutral,0.4998391973860562,0.03824479292023382,0.4619160096937101
25924,LOF,0.016673586302198767,0.041929249610768576,0.9413971640870327
25925,LOF,0.08020830001893389,0.04273966573295849,0.8770520342481076
25926,LOF,0.05652402242230413,0.03796479089120191,0.905511186686494
25927,LOF,0.015378040952427107,0.13955907550009364,0.8450628835474792
25928,LOF,0.007540199454809972,0.0525491668962314,0.9399106336489585
25929,Neutral,0.6169330360900114,0.04087698312414901,0.34218998078583956
25930,LOF,0.07131295186123976,0.03204781584820264,0.8966392322905576
25931,LOF,0.009848957724575565,0.035816941790722215,0.9543341004847021
25932,LOF,0.03252268486341485,0.027892796555591733,0.9395845185809935
25933,LOF,0.04060961843657867,0.017682353385293646,0.9417080281781277
25934,LOF,0.02777866310334173,0.01961431032336856,0.9526070265732898
25935,LOF,0.07177408403584065,0.0536188617509786,0.8746070542131807
25936,LOF,0.04828049066641026,0.023382551308962798,0.928336958024627
25937,LOF,0.009389470709821095,0.03995468916387788,0.9506558401263011
25938,LOF,0.06895215333974394,0.05670887757909976,0.8743389690811563
25939,LOF,0.03863268844087814,0.021784264760813476,0.9395830467983084
25940,LOF,0.0071766572276249635,0.3190589052080257,0.6737644375643492
25941,Neutral,0.5153102049809266,0.04812128029056278,0.4365685147285106
25942,LOF,0.004686729973181536,0.0449284869907808,0.9503847830360377
25943,LOF,0.035114411797919506,0.1217690254190755,0.8431165627830051
25944,LOF,0.09517939031409083,0.08143344882247393,0.8233871608634352
25945,LOF,0.0558369668824741,0.020338368972929816,0.9238246641445961
25946,LOF,0.06732934123553898,0.05800311153706239,0.8746675472273987
25947,Neutral,0.4726045358946698,0.08404584658472287,0.44334961752060725
25948,LOF,0.3206122485380029,0.01033348580641059,0.6690542656555866
25949,LOF,0.08221749522681729,0.04409297820970314,0.8736895265634796
25950,GOF,0.0511584660154314,0.5040633710204133,0.44477816296415523
25951,LOF,0.02238218825777667,0.33736687977577784,0.6402509319664454
25952,LOF,0.26708603211227433,0.2530095309129795,0.47990443697474616
25953,LOF,0.013819971427343704,0.15368800121408766,0.8324920273585685
25954,LOF,0.06451025417939624,0.35991071469965613,0.5755790311209477
25955,LOF,0.011605730207003236,0.10520333660210836,0.8831909331908885
25956,LOF,0.030813769204713563,0.18891005195389976,0.7802761788413867
25957,LOF,0.14983773767205133,0.021411172519688312,0.8287510898082604
25958,LOF,0.04909191027805057,0.03091351164191118,0.9199945780800382
25959,LOF,0.01334114054061517,0.411374651246287,0.5752842082130977
25960,LOF,0.005974843482553468,0.05290590368164829,0.9411192528357982
25961,LOF,0.0390621244304048,0.02764703495920423,0.9332908406103909
25962,LOF,0.030826483969911552,0.058635781316550145,0.9105377347135384
25963,LOF,0.005139610193133149,0.26478598415353743,0.7300744056533294
25964,LOF,0.03288832823371962,0.11072321909826764,0.8563884526680128
25965,LOF,0.343045955881001,0.10589412406334099,0.5510599200556581
25966,Neutral,0.5065831336380986,0.16773760876974425,0.32567925759215705
25967,LOF,0.006868811501814888,0.08276411929264896,0.9103670692055362
25968,LOF,0.037667115401884464,0.3614685166757651,0.6008643679223505
25969,LOF,0.13697512451718097,0.05884551557720446,0.8041793599056146
25970,LOF,0.019654443089721328,0.08687382217748277,0.8934717347327958
25971,LOF,0.0653076496513239,0.031028354275258845,0.9036639960734172
25972,LOF,0.06110027862986208,0.04401747623754192,0.894882245132596
25973,LOF,0.05117439026939286,0.009232903804984052,0.9395927059256232
25974,LOF,0.031791669804536425,0.03035251367316258,0.9378558165223011
25975,LOF,0.04441347048888938,0.02094011280119801,0.9346464167099127
25976,LOF,0.10102547607197986,0.009317884697905848,0.8896566392301142
25977,LOF,0.19755368731092526,0.05421250969515314,0.7482338029939216
25978,LOF,0.15601698549790416,0.10284089167569634,0.7411421228263996
25979,LOF,0.14226276277968428,0.10403981606631141,0.7536974211540044
25980,LOF,0.24282079692125025,0.12485629805983003,0.6323229050189197
25981,LOF,0.27040009502548784,0.12394052365540034,0.6056593813191118
25982,LOF,0.4133273564762225,0.08664354419523658,0.500029099328541
25983,LOF,0.39223645513874306,0.09007146900602903,0.5176920758552279
25984,LOF,0.0436231464809063,0.04942876452253659,0.9069480889965572
25985,LOF,0.3903303265823723,0.13123633934649576,0.478433334071132
25986,LOF,0.009964122608271174,0.3794627276728608,0.610573149718868
25987,LOF,0.03302104982874216,0.08121275501027536,0.8857661951609824
25988,LOF,0.16348422585255218,0.07606694371958167,0.7604488304278663
25989,LOF,0.03787548190507433,0.10927367005087761,0.852850848044048
25990,LOF,0.03888259544764969,0.16105617693108998,0.8000612276212603
25991,LOF,0.015278106938236401,0.3397459267200097,0.6449759663417539
25992,LOF,0.023534356338903318,0.3109603454085695,0.6655052982525271
25993,LOF,0.022961409503574965,0.08216094831323344,0.8948776421831917
25994,LOF,0.016468038365484838,0.07949046561821523,0.9040414960162999
25995,LOF,0.021948061463477428,0.1782624515103961,0.7997894870261265
25996,LOF,0.311946080598503,0.2850706273400047,0.40298329206149225
25997,LOF,0.06351756354853799,0.3585403005585567,0.5779421358929053
25998,LOF,0.2592859309820598,0.04099414620423195,0.6997199228137082
25999,LOF,0.014793524827754185,0.22931781908377855,0.7558886560884672
26000,LOF,0.16012608304369247,0.025049874675645564,0.814824042280662
26001,LOF,0.31143727690176826,0.02196121638285985,0.6666015067153719
26002,LOF,0.0660067457882875,0.03882677572272863,0.8951664784889838
26003,GOF,0.003836761276409967,0.6212110474079345,0.37495219131565544
26004,GOF,0.00585080487721511,0.6860983039854228,0.308050891137362
26005,LOF,0.0028670902376154916,0.4699563668006088,0.5271765429617757
26006,GOF,0.08636150041671342,0.5342267949222385,0.3794117046610481
26007,GOF,0.00594541639398455,0.5292643676652391,0.4647902159407763
26008,GOF,0.005432503785059021,0.6133782172185168,0.3811892789964241
26009,GOF,0.006223676968477294,0.6614160613093065,0.33236026172221617
26010,GOF,0.0064074614058946796,0.6670711558246251,0.32652138276948034
26011,LOF,0.0026685523971505354,0.4616677427300421,0.5356637048728075
26012,GOF,0.003916470366284504,0.5464033305712919,0.44968019906242357
26013,GOF,0.005066551633654093,0.618571104089216,0.37636234427713006
26014,LOF,0.04971019273403559,0.08074410856321916,0.8695456987027453
26015,LOF,0.1635038178771422,0.021669106272664957,0.8148270758501929
26016,LOF,0.2990802322720919,0.031095727032341165,0.6698240406955668
26017,LOF,0.02726426506123809,0.16965347985998694,0.803082255078775
26018,LOF,0.0773568145663474,0.04390952246418769,0.878733662969465
26019,LOF,0.07375425555577374,0.036076501143170285,0.890169243301056
26020,LOF,0.010127090173558837,0.16458084353817548,0.8252920662882656
26021,LOF,0.06423973758203347,0.056294490949367455,0.8794657714685992
26022,LOF,0.02799059947745307,0.02087559990530442,0.9511338006172425
26023,LOF,0.04801777910035293,0.026491932787599155,0.9254902881120479
26024,LOF,0.04919636230906341,0.056509766792335214,0.8942938708986015
26025,LOF,0.06144756183503668,0.12149423067117732,0.817058207493786
26026,LOF,0.13487440243515395,0.048994470098363184,0.8161311274664829
26027,LOF,0.0589023986500982,0.02060604792848469,0.9204915534214171
26028,LOF,0.09528768741460018,0.1131088850219314,0.7916034275634684
26029,LOF,0.02814292245283525,0.16070652706667235,0.8111505504804923
26030,LOF,0.15951196202008036,0.017968986832382614,0.8225190511475371
26031,LOF,0.01485954726319819,0.12641885984718126,0.8587215928896205
26032,LOF,0.0867087538902923,0.048400902829770304,0.8648903432799373
26033,LOF,0.08874207103849929,0.04653042237315757,0.8647275065883432
26034,LOF,0.01624161156651927,0.13838713267594718,0.8453712557575336
26035,LOF,0.014124520911101966,0.11255727127114391,0.873318207817754
26036,LOF,0.016855953880333126,0.1383169451351138,0.844827100984553
26037,LOF,0.011810380901857638,0.09798773290254975,0.8902018861955925
26038,LOF,0.0763948563418864,0.04563118728812024,0.8779739563699933
26039,LOF,0.023858099118597834,0.124461629749959,0.8516802711314431
26040,LOF,0.1252120145295183,0.09674309379341312,0.7780448916770686
26041,LOF,0.014404910743164042,0.08986818862394207,0.895726900632894
26042,LOF,0.012713460923544381,0.08745292597979407,0.8998336130966615
26043,LOF,0.0763667156503727,0.06234130109635892,0.8612919832532684
26044,LOF,0.014830784313661442,0.04655218647082646,0.938617029215512
26045,LOF,0.05054503182276085,0.08620242241431318,0.8632525457629259
26046,LOF,0.06809543772399039,0.04971192933140587,0.8821926329446037
26047,LOF,0.11278879066971134,0.05450934622111061,0.8327018631091779
26048,LOF,0.058915075607318595,0.03482496065973671,0.9062599637329447
26049,Neutral,0.9695851092401385,0.005347715728635463,0.02506717503122607
26050,Neutral,0.9565743915215748,0.006560820684740636,0.03686478779368466
26051,LOF,0.012466304198784509,0.26165950926991755,0.7258741865312979
26052,LOF,0.01824999123078488,0.292682378678883,0.6890676300903321
26053,LOF,0.024986322205352615,0.14014953235309358,0.8348641454415539
26054,LOF,0.041618269445562184,0.019020363226918986,0.9393613673275187
26055,LOF,0.06002974867811208,0.017520029470331527,0.9224502218515563
26056,LOF,0.0489226626739166,0.01967302927452066,0.9314043080515628
26057,LOF,0.030713068410372853,0.013030496765659127,0.9562564348239679
26058,LOF,0.03120944593879221,0.011159680181907232,0.9576308738793006
26059,LOF,0.2748204565623828,0.024046726224827456,0.7011328172127897
26060,LOF,0.007188406061586712,0.24201233074693285,0.7507992631914805
26061,LOF,0.004899551150656687,0.014996654375475947,0.9801037944738674
26062,LOF,0.004306825957143494,0.01905540366180555,0.976637770381051
26063,LOF,0.021288323740294227,0.010781068040466454,0.9679306082192394
26064,LOF,0.006339549957842816,0.026589482446267073,0.9670709675958901
26065,LOF,0.023472750226559435,0.013139056815392408,0.9633881929580481
26066,LOF,0.02164348873969933,0.01131172065011795,0.9670447906101828
26067,LOF,0.028490215318580474,0.010054481321403814,0.9614553033600158
26068,LOF,0.038703532451508815,0.02947877722133219,0.9318176903271591
26069,LOF,0.259179832538626,0.019576848477944133,0.7212433189834299
26070,LOF,0.401998774505193,0.014717587665952185,0.5832836378288548
26071,LOF,0.020941675819491024,0.012553038635885977,0.9665052855446229
26072,LOF,0.005461146451566352,0.02292571889553967,0.9716131346528939
26073,LOF,0.01828804558467708,0.015013051664754888,0.9666989027505681
26074,Neutral,0.8982629399460826,0.006197151292429895,0.09553990876148749
26075,LOF,0.0432629048089745,0.014806122883182357,0.9419309723078431
26076,LOF,0.03874044090410872,0.010075383001652017,0.9511841760942392
26077,LOF,0.12151023674483602,0.007615812039670452,0.8708739512154935
26078,LOF,0.005852287882368916,0.01390464033930076,0.9802430717783304
26079,LOF,0.052057457257921554,0.01781684015812716,0.9301257025839512
26080,LOF,0.05069005426750468,0.01784868852084803,0.9314612572116473
26081,LOF,0.028857168223611212,0.008129319653147084,0.9630135121232418
26082,LOF,0.004625705557033143,0.017649993348657633,0.9777243010943092
26083,LOF,0.13012342289552226,0.018082111498297568,0.8517944656061802
26084,LOF,0.03535143191261268,0.014330022899277012,0.9503185451881102
26085,LOF,0.03235961036736738,0.01313878284047374,0.9545016067921588
26086,LOF,0.01915302872180909,0.01249294702520583,0.968354024252985
26087,LOF,0.020267073889075626,0.010079942293078493,0.9696529838178458
26088,LOF,0.00548481873915894,0.026238529175144347,0.9682766520856967
26089,LOF,0.03705735296801533,0.02287657195405649,0.9400660750779282
26090,LOF,0.03654849253096554,0.01906793482156708,0.9443835726474674
26091,LOF,0.026671562646365863,0.00768063438185993,0.9656478029717742
26092,LOF,0.02081805877011931,0.008967098495712969,0.9702148427341678
26093,LOF,0.03649896455345975,0.00682373247513453,0.9566773029714057
26094,LOF,0.027665273871931618,0.007437372868981885,0.9648973532590864
26095,LOF,0.014280636214481354,0.020199675613125433,0.9655196881723932
26096,LOF,0.14393374247598484,0.006161630313013723,0.8499046272110014
26097,LOF,0.00492097588660444,0.039536968895857526,0.955542055217538
26098,LOF,0.06373049391551983,0.014583562749727899,0.9216859433347523
26099,LOF,0.018046365004518467,0.01581522868354269,0.9661384063119388
26100,LOF,0.020113440658838123,0.015179943482918422,0.9647066158582434
26101,LOF,0.046305379907760125,0.022695694683879695,0.93099892540836
26102,LOF,0.02026948729266607,0.015622588597296474,0.9641079241100375
26103,Neutral,0.8666306100531156,0.02236971524051807,0.11099967470636632
26104,LOF,0.06207331589652345,0.026302657794442373,0.9116240263090343
26105,LOF,0.2058327384188184,0.17383356386864274,0.6203336977125388
26106,LOF,0.36438286246204366,0.11600911215161314,0.5196080253863432
26107,LOF,0.0264895908639784,0.13193130458506935,0.8415791045509523
26108,LOF,0.398452856125459,0.04644724756146943,0.5550998963130716
26109,LOF,0.03179077236097864,0.06882958879195729,0.8993796388470641
26110,LOF,0.20803976337951233,0.007970910078906083,0.7839893265415817
26111,LOF,0.08837113631679404,0.07424606330981395,0.837382800373392
26112,LOF,0.03090799794273619,0.007955014649603197,0.9611369874076606
26113,LOF,0.056340045828516476,0.01774270735877198,0.9259172468127115
26114,LOF,0.06576814701664045,0.013571525684401838,0.9206603272989577
26115,LOF,0.01800878553244204,0.07717097172922421,0.9048202427383337
26116,LOF,0.08167362475177357,0.03971994830204242,0.8786064269461841
26117,LOF,0.4374031483566743,0.0542838871903493,0.5083129644529764
26118,LOF,0.03622360609648862,0.024747931172215885,0.9390284627312956
26119,LOF,0.005493983598576505,0.04457501295668235,0.9499310034447411
26120,LOF,0.025185876145535753,0.02089347361845336,0.9539206502360108
26121,LOF,0.0050111711220531055,0.114215197674854,0.8807736312030929
