feature0,prediction,LoGoFunc_Neutral,LoGoFunc_GOF,LoGoFunc_LOF
25546,Neutral,0.6371757457673078,0.06763373279245784,0.29519052144023433
25547,Neutral,0.5311661741603045,0.12877302868228593,0.34006079715740956
25548,Neutral,0.48969337032875826,0.09202256075491208,0.41828406891632974
25549,Neutral,0.46226156078385733,0.09083120437998866,0.44690723483615397
25550,LOF,0.3540879031507217,0.17333822083314773,0.47257387601613066
25551,LOF,0.28936835337813543,0.15991122612106784,0.5507204205007967
25552,LOF,0.17176139413812685,0.1639384595981221,0.6643001462637511
25553,Neutral,0.8200375299167674,0.03946459079808713,0.14049787928514537
25554,LOF,0.20966852524235421,0.1605169304489049,0.6298145443087408
25555,LOF,0.17100985070228794,0.14534928675593226,0.6836408625417798
25556,Neutral,0.5001065767762533,0.11192109095660133,0.38797233226714545
25557,LOF,0.16607398842632115,0.14911234749771446,0.6848136640759644
25558,LOF,0.20831975459899696,0.169153407194852,0.622526838206151
25559,Neutral,0.5291363169977821,0.025641045917161046,0.44522263708505694
25560,LOF,0.044497202671696955,0.2777874596339446,0.6777153376943585
25561,LOF,0.08623455432516164,0.30463614154281765,0.6091293041320208
25562,LOF,0.10694048783838639,0.16129021242327857,0.731769299738335
25563,LOF,0.11309025946420238,0.1626480917090156,0.7242616488267819
25564,LOF,0.06927589525999832,0.20623465387841847,0.7244894508615832
25565,LOF,0.1370741387651635,0.27076897364417624,0.5921568875906602
25566,GOF,0.01746545380076939,0.6807980812763429,0.3017364649228877
25567,LOF,0.00993365076155694,0.21505147045473672,0.7750148787837063
25568,LOF,0.04382616265651136,0.11155808322816416,0.8446157541153245
25569,LOF,0.057584575217466585,0.10424994275739256,0.8381654820251409
25570,LOF,0.05561739850319193,0.150046148613779,0.7943364528830291
25571,LOF,0.06074393410512776,0.13850639025451067,0.8007496756403616
25572,LOF,0.05290887280557832,0.14951581479479678,0.797575312399625
25573,LOF,0.027322676110991324,0.12282891522656406,0.8498484086624447
25574,LOF,0.013068831025776757,0.25267220671938234,0.734258962254841
25575,LOF,0.05309736847639446,0.12982739545755115,0.8170752360660545
25576,LOF,0.018899978799515504,0.1484869568672545,0.8326130643332299
25577,LOF,0.012402085804054124,0.14311645919309615,0.8444814550028498
25578,LOF,0.23967462617974203,0.13503845275113566,0.6252869210691223
25579,LOF,0.2416858519900864,0.13347068990510466,0.624843458104809
25580,LOF,0.035890443531966375,0.13232618987794412,0.8317833665900896
25581,LOF,0.04644185259246767,0.1098989071402945,0.8436592402672377
25582,LOF,0.045904992837923576,0.10482535071585795,0.8492696564462184
25583,LOF,0.034824216718546304,0.14214407894315895,0.8230317043382948
25584,Neutral,0.4738058524305626,0.1314295746963885,0.39476457287304884
25585,LOF,0.028685316957408193,0.13351296076543454,0.8378017222771574
25586,LOF,0.03249323801072466,0.10274797361756348,0.8647587883717118
25587,LOF,0.02845377608807192,0.09079119583882242,0.8807550280731057
25588,LOF,0.030833368145004824,0.11794930613485001,0.8512173257201452
25589,Neutral,0.5814379476702792,0.16624119057627165,0.2523208617534491
25590,LOF,0.022249609607638506,0.17555337670266383,0.8021970136896978
25591,LOF,0.1136609597599384,0.0813567280844802,0.8049823121555814
25592,LOF,0.09130498454214077,0.192160287378281,0.7165347280795783
25593,GOF,0.010297988797929059,0.5556713756289153,0.4340306355731557
25594,LOF,0.0364219751380416,0.13560523412069142,0.8279727907412671
25595,LOF,0.067145285408907,0.09902287805465604,0.833831836536437
25596,LOF,0.08700317368979169,0.07434097817951499,0.8386558481306934
25597,LOF,0.07559193801022343,0.03354285621499383,0.8908652057747827
25598,LOF,0.04848160941450235,0.14661453581260672,0.804903854772891
25599,LOF,0.007740345105362693,0.49407717738433554,0.4981824775103018
25600,LOF,0.009994044841108671,0.419297846897195,0.5707081082616963
25601,LOF,0.009001146563234298,0.2607597397504734,0.7302391136862924
25602,LOF,0.01405183159080724,0.06097524985508537,0.9249729185541072
25603,LOF,0.04204262388707002,0.03483665838572445,0.9231207177272054
25604,LOF,0.0368517614529507,0.0680673410015188,0.8950808975455304
25605,LOF,0.011517122399212426,0.22276412808176038,0.7657187495190273
25606,GOF,0.05016875354425539,0.4861457046247274,0.4636855418310171
25607,LOF,0.0034022469657197523,0.13511997857696778,0.8614777744573123
25608,LOF,0.053303077395987046,0.0518460181161281,0.8948509044878848
25609,LOF,0.07697277240975055,0.2404098992765478,0.6826173283137017
25610,LOF,0.04170880544562362,0.026770538981997043,0.9315206555723794
25611,LOF,0.05820231624985574,0.019183711385651326,0.922613972364493
25612,LOF,0.11880750398649172,0.040156647413075834,0.8410358486004325
25613,LOF,0.10136457576963742,0.03533402169059139,0.8633014025397712
25614,LOF,0.036905222010858614,0.03764460555697925,0.9254501724321622
25615,LOF,0.08234413648848196,0.045397757159680883,0.8722581063518372
25616,LOF,0.0349217249663642,0.0487220138510583,0.9163562611825775
25617,LOF,0.05070193125080936,0.03805235313226846,0.9112457156169222
25618,LOF,0.2501664112979414,0.03506112537459604,0.7147724633274626
25619,LOF,0.04124948502189747,0.03839832182737965,0.9203521931507229
25620,LOF,0.038308221693681754,0.06063641725760809,0.9010553610487102
25621,LOF,0.04502736310192299,0.037425061930399406,0.9175475749676776
25622,LOF,0.030373317128654147,0.05625724632051366,0.9133694365508322
25623,LOF,0.0518497065203531,0.04282062546201027,0.9053296680176366
25624,LOF,0.033020670350482006,0.04302672000278147,0.9239526096467365
25625,LOF,0.041847997591393335,0.061031307979758635,0.897120694428848
25626,LOF,0.0771107127745234,0.03208636105210232,0.8908029261733743
25627,Neutral,0.5763965847129409,0.13829150458105033,0.2853119107060088
25628,LOF,0.2101847017037725,0.07733617023594137,0.712479128060286
25629,LOF,0.061130335883613655,0.1280232272324327,0.8108464368839536
25630,LOF,0.17209284911559267,0.11375051630362111,0.7141566345807862
25631,Neutral,0.5737222264222847,0.08628725406854071,0.3399905195091745
25632,LOF,0.01993876441125048,0.11544987084219525,0.8646113647465542
25633,LOF,0.23546084928684044,0.15750499375674498,0.6070341569564146
25634,LOF,0.03574097023435269,0.16694752611898064,0.7973115036466667
25635,LOF,0.037831629564910284,0.11636443848919162,0.8458039319458982
25636,GOF,0.005134349071223081,0.5877473350410113,0.4071183158877656
25637,GOF,0.0037296689454942226,0.5019515493138973,0.4943187817406084
25638,LOF,0.006819880904047076,0.4267719815304034,0.5664081375655495
25639,LOF,0.004040886964176927,0.38966018134343666,0.6062989316923865
25640,GOF,0.3198845187554262,0.625284981013202,0.05483050023137177
25641,LOF,0.006070808804107664,0.2466239320339505,0.7473052591619419
25642,LOF,0.26667325471912945,0.06444401693159994,0.6688827283492706
25643,LOF,0.26085569063872616,0.122452516369808,0.6166917929914658
25644,GOF,0.015045642416988272,0.5463191834446481,0.43863517413836367
25645,GOF,0.012700115548301553,0.5231699002502616,0.46412998420143686
25646,LOF,0.01275497054237865,0.35201733236525273,0.6352276970923686
25647,LOF,0.011849256227161997,0.28321738042728345,0.7049333633455546
25648,LOF,0.008244817230284387,0.3316000758240577,0.6601551069456579
25649,LOF,0.008940244465310906,0.1799474918539648,0.8111122636807242
25650,LOF,0.025385011970866532,0.4536375893240829,0.5209773987050506
25651,LOF,0.006803840583283404,0.20729284729980316,0.7859033121169134
25652,LOF,0.01295412926828329,0.316594157478345,0.6704517132533716
25653,GOF,0.05430769716352115,0.4794485141607291,0.4662437886757497
25654,LOF,0.009192819831031356,0.33273290777844644,0.6580742723905222
25655,GOF,0.09345470694326526,0.4793795551975966,0.4271657378591382
25656,LOF,0.09776419770652861,0.07544737623336696,0.8267884260601045
25657,LOF,0.27680639902209975,0.03065394067191269,0.6925396603059876
25658,LOF,0.03446155824477712,0.1302829647750246,0.8352554769801982
25659,LOF,0.23529951293356435,0.08322282384186315,0.6814776632245725
25660,LOF,0.10013741836507564,0.06607996837884142,0.8337826132560829
25661,LOF,0.07317751918468966,0.06595198289223463,0.8608704979230758
25662,LOF,0.04148014774564573,0.05195093697440425,0.90656891527995
25663,LOF,0.04938447342462212,0.1052044575899557,0.8454110689854222
25664,LOF,0.030307402216944907,0.16964750906768206,0.8000450887153729
25665,LOF,0.04245439298687906,0.043208199340059726,0.9143374076730613
25666,LOF,0.0435734697576917,0.187787944829213,0.7686385854130953
25667,LOF,0.0416389556214774,0.04073572335079837,0.9176253210277242
25668,LOF,0.05816710003683476,0.04831761046749536,0.8935152894956699
25669,LOF,0.05486970213501473,0.06688590816153264,0.8782443897034528
25670,LOF,0.0774194289587518,0.093316597976759,0.8292639730644892
25671,LOF,0.05134185224854896,0.04267738011400625,0.9059807676374448
25672,LOF,0.04702189339128409,0.0464144662203229,0.9065636403883931
25673,LOF,0.03629789866406483,0.08109210176196552,0.8826099995739696
25674,LOF,0.02639051430158004,0.09384412400038004,0.8797653616980399
25675,LOF,0.034908816683816096,0.06539966740240527,0.8996915159137785
25676,LOF,0.03932900768749187,0.056728694271083555,0.9039422980414247
25677,LOF,0.09972357427360332,0.044363077576058875,0.8559133481503378
25678,LOF,0.1938080794898522,0.04206851290732056,0.7641234076028273
25679,LOF,0.12082586495887046,0.06314804242971447,0.8160260926114151
25680,LOF,0.10494634772427215,0.07628798359097448,0.8187656686847533
25681,LOF,0.11728882804578883,0.07268964962496943,0.8100215223292417
25682,LOF,0.05260064210271571,0.043618999477275905,0.9037803584200084
25683,LOF,0.0846821083578918,0.08010956472814745,0.8352083269139609
25684,LOF,0.07494887642724431,0.05252124870606479,0.872529874866691
25685,LOF,0.12939553731594294,0.0523121516544502,0.8182923110296068
25686,LOF,0.026444297973018262,0.08983197539622476,0.8837237266307569
25687,LOF,0.04788392921827999,0.10366213166756667,0.8484539391141533
25688,LOF,0.018612056299222753,0.1343736459238913,0.8470142977768859
25689,LOF,0.011332513922366089,0.07459648569464662,0.9140710003829872
25690,LOF,0.015142456056913545,0.0838105470905524,0.9010469968525341
25691,LOF,0.10641512671335467,0.13464474665119622,0.7589401266354491
25692,LOF,0.2582227633811364,0.01790188682140765,0.7238753497974558
25693,LOF,0.03010080040347104,0.36144526897427137,0.6084539306222576
25694,LOF,0.24845839616019505,0.011044389769155545,0.7404972140706495
25695,LOF,0.1798420357004879,0.021532820951957382,0.7986251433475547
25696,LOF,0.08229881416879514,0.017941209955768617,0.8997599758754362
25697,LOF,0.06314657559333531,0.01838932381526516,0.9184641005913995
25698,LOF,0.01969750955072089,0.22628682168243974,0.7540156687668393
25699,LOF,0.07279700466820241,0.4095506015532691,0.5176523937785285
25700,LOF,0.03267860235033518,0.04147857480070535,0.9258428228489596
25701,LOF,0.010050191745213042,0.3636085444996082,0.6263412637551788
25702,GOF,0.03373821376699339,0.655882253985636,0.3103795322473706
25703,LOF,0.01734103680714215,0.11225266966685586,0.870406293526002
25704,LOF,0.09248635780946146,0.05545117869057285,0.8520624634999656
25705,LOF,0.0634187280391904,0.1987281438618075,0.737853128099002
25706,GOF,0.01627180395580981,0.6642651528015929,0.3194630432425973
25707,GOF,0.024973837798317775,0.5812019702769428,0.3938241919247396
25708,GOF,0.006786945712811233,0.5116934594443907,0.481519594842798
25709,LOF,0.028848635831882758,0.08031219036110654,0.8908391738070107
25710,LOF,0.005612150456731841,0.16053573724629552,0.8338521122969725
25711,LOF,0.03614357021070938,0.13210893696346157,0.8317474928258289
25712,LOF,0.007625371451632746,0.23579083964034814,0.756583788908019
25713,LOF,0.028707976648698594,0.12802656804798024,0.8432654553033212
25714,LOF,0.02654944653678351,0.17954073573271875,0.7939098177304976
25715,LOF,0.033609371065951577,0.139600637982375,0.8267899909516734
25716,LOF,0.006208933199998533,0.15097388713477117,0.8428171796652303
25717,LOF,0.0056773754201864795,0.1479921761963003,0.8463304483835132
25718,LOF,0.029269871532515698,0.10503299838150938,0.8656971300859749
25719,LOF,0.03005214688756144,0.12633768689071936,0.8436101662217191
25720,LOF,0.02655787362216179,0.15327204596401434,0.820170080413824
25721,LOF,0.028154456489794352,0.13189405436365145,0.8399514891465543
25722,LOF,0.01803778434443263,0.17321998186815216,0.8087422337874152
25723,LOF,0.032836078147707386,0.12638655452122208,0.8407773673310706
25724,LOF,0.05031504164041412,0.27093526116807815,0.6787496971915078
25725,LOF,0.036660668966285025,0.1077982591010249,0.8555410719326901
25726,LOF,0.021160748316478198,0.14506452069738654,0.8337747309861353
25727,LOF,0.03185317134195768,0.10952362206771281,0.8586232065903295
25728,LOF,0.029629348148406086,0.13837664675673503,0.8319940050948589
25729,LOF,0.031194484647394827,0.14030316118666022,0.828502354165945
25730,LOF,0.03588321676675896,0.09548845655524152,0.8686283266779996
25731,LOF,0.010185578334561893,0.12209257475300592,0.867721846912432
25732,LOF,0.021756036761402704,0.07481967075617932,0.903424292482418
25733,LOF,0.03228978774923553,0.08776518690316384,0.8799450253476007
25734,LOF,0.00635692709225069,0.31497494008441274,0.6786681328233365
25735,LOF,0.027569942785516985,0.09975563668050398,0.872674420533979
25736,LOF,0.025164745057548447,0.16738788332561302,0.8074473716168384
25737,LOF,0.03869068828959659,0.12115613537423921,0.8401531763361643
25738,LOF,0.027823319892180898,0.20210484179705387,0.7700718383107652
25739,LOF,0.02710557091942964,0.1436057296311604,0.82928869944941
25740,LOF,0.03725709673516501,0.1298236209778543,0.8329192822869806
25741,LOF,0.04146127555701957,0.1157720743434535,0.842766650099527
25742,LOF,0.04630568677211618,0.13411189448439814,0.8195824187434857
25743,LOF,0.01300375466830894,0.021504627959866643,0.9654916173718244
25744,LOF,0.2218749705075823,0.1934543013022982,0.5846707281901194
25745,LOF,0.05165481272010224,0.07052073820436619,0.8778244490755316
25746,LOF,0.01713771793020744,0.10862254130288732,0.8742397407669052
25747,LOF,0.047490733070339894,0.02651231733413016,0.9259969495955298
25748,LOF,0.31042617933721467,0.0783449427604528,0.6112288779023325
25749,LOF,0.018277945165630263,0.057181303038205025,0.9245407517961647
25750,LOF,0.025065454676080564,0.06579238116348082,0.9091421641604386
25751,LOF,0.050100849290923594,0.048456832524514284,0.9014423181845621
25752,GOF,0.08232456077608999,0.6608843249216453,0.2567911143022647
25753,LOF,0.007382345946439933,0.39657058607502055,0.5960470679785395
25754,GOF,0.00806717282755377,0.893111362965797,0.09882146420664921
25755,LOF,0.007984620257700066,0.3740566054469394,0.6179587742953606
25756,LOF,0.022035412921581517,0.39522396080281585,0.5827406262756026
25757,GOF,0.008029664800627558,0.8684123236829391,0.1235580115164332
25758,GOF,0.009053962736000383,0.9103873397733868,0.08055869749061287
25759,GOF,0.006543574810842762,0.6481575842237391,0.3452988409654182
25760,LOF,0.005083912221202843,0.2784971970480318,0.7164188907307654
25761,GOF,0.05131612705497013,0.8881109467614134,0.06057292618361646
25762,LOF,0.024450822201739175,0.32929227754436824,0.6462569002538925
25763,LOF,0.005474697025751127,0.27589858556457286,0.7186267174096761
25764,GOF,0.07643772548656484,0.705937111883152,0.2176251626302832
25765,GOF,0.008962173239160138,0.9141934369346777,0.07684438982616222
25766,GOF,0.025729101145170644,0.8676169570382916,0.10665394181653791
25767,GOF,0.019123651336766138,0.4907286087996597,0.4901477398635743
25768,LOF,0.058541224893045474,0.031467105911506164,0.9099916691954483
25769,LOF,0.02132028174487992,0.13554374390919577,0.8431359743459242
25770,LOF,0.1283880822525354,0.16147271690600778,0.7101392008414568
25771,LOF,0.016607575333238648,0.14198935132775356,0.8414030733390079
25772,LOF,0.02800716793887478,0.06642922629624472,0.9055636057648806
25773,LOF,0.012503813950228744,0.14751740744125405,0.8399787786085172
25774,LOF,0.022309480916815977,0.25234887234020165,0.7253416467429823
25775,LOF,0.01632794654071435,0.06342218856173508,0.9202498648975506
25776,LOF,0.027954224972766055,0.04304400155544039,0.9290017734717936
25777,LOF,0.23956966406522395,0.16356254741250803,0.5968677885222681
25778,LOF,0.019246274624744954,0.16706578097233282,0.8136879444029222
25779,GOF,0.06022238235632285,0.8384012296097171,0.10137638803396001
25780,GOF,0.08023193789793359,0.8401611868735748,0.07960687522849152
25781,GOF,0.0359373314823467,0.8023646749802503,0.16169799353740297
25782,GOF,0.04279208001121342,0.8628265047277254,0.09438141526106113
25783,GOF,0.046822727592085576,0.8741088864264723,0.07906838598144193
25784,GOF,0.10800783260929397,0.8266162316436855,0.0653759357470206
25785,GOF,0.14427907180787056,0.8024996148513734,0.05322131334075614
25786,GOF,0.013423062828260801,0.7545553005093483,0.23202163666239078
25787,GOF,0.3347388550922007,0.5935671125332862,0.07169403237451308
25788,LOF,0.021159873234601098,0.11181932392325485,0.867020802842144
25789,GOF,0.02228539277601481,0.8375855453117745,0.14012906191221067
25790,GOF,0.032592630524895146,0.8233208655866198,0.144086503888485
25791,GOF,0.0350009734738287,0.6114110528901636,0.35358797363600775
25792,GOF,0.044959463728365866,0.6929364658898928,0.26210407038174144
25793,GOF,0.06681876612984258,0.7624681762290265,0.1707130576411309
25794,GOF,0.05943804882108384,0.616203964883389,0.3243579862955271
25795,GOF,0.061954526119328085,0.6533919529908329,0.284653520889839
25796,GOF,0.15054395822008454,0.7010409910563954,0.14841505072352
25797,GOF,0.09736140947769492,0.6418573932630479,0.26078119725925714
25798,GOF,0.008572633701192304,0.7871661060457127,0.20426126025309502
25799,GOF,0.005154744909678917,0.6683786670328496,0.3264665880574715
25800,GOF,0.0278254384397522,0.8324042199662288,0.13977034159401902
25801,GOF,0.026618573517380218,0.8455806866127709,0.12780073986984877
25802,GOF,0.03326877540807427,0.7341334935344573,0.2325977310574685
25803,GOF,0.026508361751592588,0.7091550155440808,0.2643366227043267
25804,GOF,0.04184142732852124,0.7348297628263788,0.22332880984509995
25805,GOF,0.03535306639185681,0.7474452244566531,0.21720170915149023
25806,GOF,0.04643211018351168,0.7633743673353796,0.19019352248110868
25807,GOF,0.016971831842455015,0.6863283479684094,0.29669982018913554
25808,GOF,0.030802143062320375,0.7530440297902754,0.21615382714740428
25809,GOF,0.01662910110624314,0.6569933524793924,0.3263775464143645
25810,GOF,0.015053046066952274,0.653679781390114,0.33126717254293375
25811,GOF,0.08978217490342698,0.8102648557058513,0.09995296939072167
25812,GOF,0.043001467112484586,0.742349660293587,0.2146488725939284
25813,GOF,0.22196424589445418,0.6569398884852824,0.1210958656202634
25814,GOF,0.040158858393272226,0.7021472691919728,0.257693872414755
25815,GOF,0.09239375567119927,0.7544519785036718,0.15315426582512898
25816,GOF,0.013873309111899311,0.8194803815258179,0.1666463093622828
25817,GOF,0.15675597225330054,0.6707860425425268,0.17245798520417263
25818,GOF,0.034342228033783964,0.7632242929918054,0.2024334789744107
25819,GOF,0.058253697307809015,0.7079318753037632,0.23381442738842778
25820,GOF,0.05963317492382108,0.6583258737746737,0.2820409513015053
25821,GOF,0.04207694421172631,0.708780148511182,0.2491429072770917
25822,GOF,0.07498875274500101,0.6633611848682076,0.26165006238679145
25823,GOF,0.03955926283355846,0.673534010586873,0.2869067265795685
25824,GOF,0.04010327168802667,0.7323226720927871,0.22757405621918628
25825,GOF,0.02916701121030944,0.7218902458396834,0.24894274295000704
25826,GOF,0.015019805050440616,0.6714699345867599,0.3135102603627995
25827,GOF,0.01961055280967522,0.6879081359226427,0.2924813112676821
25828,GOF,0.012623798910446201,0.7055292703195593,0.28184693076999445
25829,GOF,0.005100857665136322,0.5833564347617896,0.41154270757307415
25830,LOF,0.06674333498030806,0.3738674323783901,0.5593892326413019
25831,GOF,0.07909080551760791,0.7431744097075289,0.1777347847748632
25832,GOF,0.009607651712037275,0.6860262259356636,0.3043661223522991
25833,GOF,0.031333932193714366,0.784716188481632,0.18394987932465348
25834,GOF,0.009975645663311184,0.7196920441064277,0.2703323102302611
25835,GOF,0.029567008957999907,0.8009967147784571,0.16943627626354296
25836,GOF,0.008327975720279374,0.7107034470908867,0.2809685771888338
25837,GOF,0.011604465120990502,0.7389960224065282,0.24939951247248143
25838,GOF,0.02441818478258916,0.8057061940171217,0.16987562120028907
25839,GOF,0.05971700912468446,0.7420216897109422,0.19826130116437338
25840,GOF,0.10135892778159554,0.7064638021636698,0.19217727005473456
25841,GOF,0.09064434430169944,0.7666181468487422,0.14273750884955827
25842,GOF,0.028762070239800354,0.8529855994975797,0.11825233026262003
25843,GOF,0.02690848783509416,0.8621935905979933,0.11089792156691267
25844,GOF,0.025152802698805106,0.8011474350614354,0.17369976223975947
25845,GOF,0.00796114245834006,0.6915240261466967,0.3005148313949633
25846,GOF,0.0806526746754539,0.8186662659359972,0.10068105938854888
25847,GOF,0.0189085316417345,0.8316299601946076,0.149461508163658
25848,GOF,0.019353395144211385,0.7899785599897893,0.1906680448659993
25849,GOF,0.006695702670961084,0.7539231374779352,0.2393811598511039
25850,GOF,0.0078436453236534,0.6453198443392127,0.3468365103371339
25851,GOF,0.007084947381434257,0.5836885219791604,0.40922653063940534
25852,GOF,0.16565436937926084,0.4293742026455682,0.404971427975171
25853,GOF,0.07852647977577079,0.7226359677890107,0.19883755243521845
25854,GOF,0.007055309676977485,0.6711687623570419,0.3217759279659806
25855,GOF,0.027688995441821147,0.5515273879186593,0.4207836166395196
25856,GOF,0.058167763639292304,0.6612553909762159,0.28057684538449196
25857,GOF,0.028071457823979237,0.5485459386678903,0.42338260350813045
25858,GOF,0.011672157323974384,0.5187299857466706,0.46959785692935496
25859,LOF,0.008128318930233299,0.49582084502644097,0.4960508360433257
25860,GOF,0.11118831978967471,0.6425499714833977,0.24626170872692763
25861,GOF,0.11862399356001996,0.7560079309666639,0.12536807547331608
25862,GOF,0.025877852010109635,0.872178020297374,0.10194412769251637
25863,GOF,0.023618324416617917,0.8389970948286612,0.13738458075472082
25864,GOF,0.03967693094960585,0.8708417545881459,0.08948131446224819
25865,GOF,0.03851693081135178,0.8485650866237758,0.11291798256487226
25866,GOF,0.021585360681672643,0.8483594419071981,0.1300551974111291
25867,GOF,0.04080311321129429,0.8551314469672919,0.10406543982141382
25868,GOF,0.09821763836430844,0.7150924671406,0.1866898944950915
25869,GOF,0.382751000530013,0.47279861336515183,0.14445038610483518
25870,LOF,0.08214720685060073,0.4358659720392311,0.4819868211101683
25871,GOF,0.010292461275495277,0.7077487076385555,0.28195883108594927
25872,GOF,0.024015381899653722,0.7127012441647547,0.2632833739355918
25873,GOF,0.023596142498390545,0.8122019827425695,0.16420187475903997
25874,LOF,0.031095383726927245,0.12694791534456737,0.8419567009285055
25875,LOF,0.01928802405950292,0.18559722651617983,0.7951147494243173
25876,LOF,0.024513651577254787,0.07843089891823467,0.8970554495045105
25877,LOF,0.09466284576716047,0.2994192978896882,0.6059178563431513
25878,LOF,0.05675212483117146,0.41936899841793307,0.5238788767508954
25879,LOF,0.00878036616525234,0.2402146716315158,0.7510049622032319
25880,LOF,0.05090685679849551,0.023718365280337772,0.9253747779211666
25881,Neutral,0.4260691559214245,0.4034540297864043,0.17047681429217115
25882,LOF,0.04182979821698367,0.09338356898674238,0.8647866327962739
25883,LOF,0.026493509776774327,0.08830801153635841,0.8851984786868672
25884,LOF,0.014413681219551097,0.1166300624381539,0.8689562563422949
25885,LOF,0.1423088197009481,0.0333331674418031,0.8243580128572489
25886,LOF,0.27943339351662116,0.17500314858658983,0.5455634578967891
25887,GOF,0.049762245144106244,0.5643972088764156,0.3858405459794781
25888,LOF,0.005926840719514311,0.444638305138464,0.5494348541420216
25889,LOF,0.02099837667606623,0.10950915756476727,0.8694924657591664
25890,LOF,0.18393680510413796,0.27996690881562386,0.5360962860802382
25891,LOF,0.08652743317120676,0.10016525482823709,0.8133073120005562
25892,LOF,0.007114928528936829,0.04215981532515544,0.9507252561459077
25893,LOF,0.26848287028802054,0.014039940030673511,0.7174771896813059
25894,LOF,0.316749842132558,0.010151600895913786,0.6730985569715282
25895,LOF,0.26046396312153214,0.023106136011478498,0.7164299008669894
25896,LOF,0.08554859079786598,0.052024577654296786,0.8624268315478373
25897,LOF,0.09776255324304924,0.020846170100210042,0.8813912766567408
25898,LOF,0.10941323214993666,0.04842587775683666,0.8421608900932267
25899,LOF,0.42171512017944346,0.052465926285401226,0.5258189535351554
25900,Neutral,0.7649073957931719,0.014436566667865525,0.22065603753896254
25901,LOF,0.061464353579569087,0.01572469022397014,0.9228109561964608
25902,LOF,0.0701007580765837,0.01361454572052237,0.916284696202894
25903,LOF,0.15084387442288535,0.04822506254839228,0.8009310630287224
25904,Neutral,0.5056365400409709,0.1473526086854885,0.3470108512735407
25905,LOF,0.007851806610273045,0.36921181225471894,0.622936381135008
25906,LOF,0.00877832948804321,0.05316778615780603,0.9380538843541507
25907,LOF,0.0073660828678276,0.26404607062304075,0.7285878465091317
25908,LOF,0.00756204548681084,0.2387653543449586,0.7536726001682306
25909,LOF,0.03790516595035438,0.08708786141077994,0.8750069726388656
25910,LOF,0.016931519135773836,0.08834367592839622,0.89472480493583
25911,LOF,0.1750965802790131,0.07986421843590773,0.7450392012850791
25912,LOF,0.1256161211536323,0.02214893650589195,0.8522349423404757
25913,LOF,0.014267510268071758,0.07502915882673854,0.9107033309051898
25914,LOF,0.04716560157991365,0.028003957104945503,0.9248304413151408
25915,LOF,0.18573723145060736,0.3831420818769721,0.4311206866724206
25916,LOF,0.01406152131483551,0.16811452513424854,0.8178239535509159
25917,LOF,0.07113756075063044,0.03552830890404507,0.8933341303453244
25918,LOF,0.054654561344691176,0.017614627064875245,0.9277308115904336
25919,LOF,0.04261185154659812,0.018983460426899045,0.9384046880265029
25920,LOF,0.32678426491765294,0.2913527492214611,0.381862985860886
25921,LOF,0.0187597051048991,0.02751438540655228,0.9537259094885487
25922,LOF,0.01908783768212721,0.026239589498373236,0.9546725728194997
25923,LOF,0.42888777206760526,0.01760048334625125,0.5535117445861436
25924,LOF,0.032669782491590436,0.021792778576169406,0.9455374389322401
25925,LOF,0.11344297983429875,0.03653393643399537,0.8500230837317059
25926,LOF,0.09401707496430896,0.025092960138090568,0.8808899648976004
25927,LOF,0.02573404974880576,0.04894841226254213,0.9253175379886521
25928,LOF,0.016735779388481163,0.013530215588423093,0.9697340050230958
25929,Neutral,0.5616235119899589,0.01706299373532148,0.4213134942747197
25930,LOF,0.06194107529607381,0.015538616411950852,0.9225203082919753
25931,LOF,0.016405585743153466,0.01503252831387696,0.9685618859429697
25932,LOF,0.07874631552692238,0.010615899321255793,0.9106377851518218
25933,LOF,0.09312717235323086,0.007354746151803681,0.8995180814949655
25934,LOF,0.08603162761743675,0.008713742851788829,0.9052546295307744
25935,LOF,0.10747939615597843,0.027103643039361577,0.86541696080466
25936,LOF,0.09210192486862114,0.007986804999412513,0.8999112701319664
25937,LOF,0.016934035563808427,0.017129652274905906,0.9659363121612857
25938,LOF,0.10806653307273506,0.024535239826215544,0.8673982271010494
25939,LOF,0.06535001713369559,0.012993585763323129,0.9216563971029813
25940,LOF,0.010568642139403566,0.3814985193270352,0.6079328385335613
25941,Neutral,0.47430035777213814,0.1265959050391236,0.39910373718873826
25942,LOF,0.00837667196471295,0.14375947047244014,0.8478638575628469
25943,LOF,0.028673075334584366,0.48012259714062694,0.49120432752478865
25944,LOF,0.03474433682649717,0.36631219593241054,0.5989434672410923
25945,LOF,0.13795134058620467,0.08702587478904436,0.7750227846247509
25946,LOF,0.0928310636556625,0.05156852929540049,0.8556004070489369
25947,Neutral,0.47061087151215486,0.23118276282315217,0.29820636566469305
25948,Neutral,0.5599082867945341,0.024662451347896495,0.41542926185756957
25949,LOF,0.11566879560783619,0.060460512428015194,0.8238706919641485
25950,GOF,0.0747562538125511,0.6735704339020608,0.25167331228538803
25951,GOF,0.013127792591308292,0.49391236773056424,0.4929598396781275
25952,LOF,0.13400109235842764,0.2919777994109533,0.574021108230619
25953,LOF,0.006910741369231414,0.3874410079694549,0.6056482506613138
25954,GOF,0.05160345280409625,0.5553818611673217,0.39301468602858197
25955,LOF,0.008177459540073786,0.30842220796370706,0.6834003324962191
25956,LOF,0.008378177649789788,0.3074261135082534,0.6841957088419568
25957,LOF,0.18898447385673733,0.029077749702457106,0.7819377764408056
25958,LOF,0.02573019092541808,0.06348496964184439,0.9107848394327376
25959,GOF,0.006764681944502747,0.6549828344998038,0.3382524835556935
25960,LOF,0.006173522090449255,0.10035010005251903,0.8934763778570316
25961,LOF,0.024702302503173918,0.06723817065996285,0.9080595268368633
25962,LOF,0.04057756864416798,0.09766845286552028,0.8617539784903117
25963,LOF,0.010404880557503608,0.21959315962740605,0.7700019598150902
25964,LOF,0.04614859207171641,0.09265937280673857,0.861192035121545
25965,LOF,0.14159212578132693,0.2256926508240225,0.6327152233946506
25966,LOF,0.31170089110507876,0.183560024382843,0.5047390845120783
25967,LOF,0.007437840030098887,0.06898311084763714,0.9235790491222639
25968,LOF,0.05941378602749116,0.29572953061887286,0.644856683353636
25969,LOF,0.1342395887592807,0.06104712085686734,0.804713290383852
25970,LOF,0.0486654577865015,0.1361788452404947,0.8151556969730038
25971,LOF,0.06462979992764345,0.0652351953978547,0.8701350046745018
25972,LOF,0.06864457722583849,0.07801455671451266,0.853340866059649
25973,LOF,0.07778910526868155,0.009739818221492887,0.9124710765098256
25974,LOF,0.06511954105878023,0.06329841206301895,0.8715820468782007
25975,LOF,0.028508704928991758,0.01468392985827869,0.9568073652127297
25976,LOF,0.09358596622701532,0.011404127053744391,0.8950099067192403
25977,LOF,0.19870451416265258,0.0738467549670744,0.727448730870273
25978,LOF,0.16351412931264467,0.11095036250551578,0.7255355081818395
25979,LOF,0.12891610251347382,0.11731914957712455,0.7537647479094016
25980,LOF,0.18962629458152003,0.2307926329526468,0.5795810724658332
25981,LOF,0.19258082930823406,0.23622701601086762,0.5711921546808983
25982,LOF,0.2672579076434198,0.10714029011555778,0.6256018022410225
25983,Neutral,0.4635752148915874,0.11385764410077599,0.42256714100763676
25984,LOF,0.060575872771738926,0.11187126807636012,0.827552859151901
25985,Neutral,0.4740120429310832,0.12443230342290908,0.40155565364600776
25986,LOF,0.01215997570351682,0.3689251679539154,0.6189148563425679
25987,LOF,0.03463421109751163,0.08075522042135586,0.8846105684811325
25988,LOF,0.050930842539064713,0.16512870894797324,0.783940448512962
25989,LOF,0.05216541197549324,0.18500621539161918,0.7628283726328875
25990,LOF,0.05161111832212682,0.3099780153819749,0.6384108662958982
25991,GOF,0.029696070594132665,0.6166800026046343,0.3536239268012329
25992,LOF,0.01547136593626988,0.4061091807190743,0.5784194533446557
25993,LOF,0.024561870582023807,0.09126186104827277,0.8841762683697034
25994,LOF,0.03053183602551163,0.09963831869043245,0.8698298452840559
25995,LOF,0.018348461387795327,0.1648054585753704,0.8168460800368343
25996,GOF,0.3257493900039612,0.4958176659884013,0.17843294400763748
25997,GOF,0.06534857443306998,0.6477040296938453,0.2869473958730847
25998,LOF,0.23538141851380792,0.040226593330708826,0.7243919881554833
25999,LOF,0.02502978223585974,0.42268056577001667,0.5522896519941236
26000,LOF,0.1652374797719149,0.019632764197408472,0.8151297560306767
26001,LOF,0.15133402592525494,0.03095238321280023,0.817713590861945
26002,LOF,0.10864741520291939,0.025347036006481014,0.8660055487905997
26003,GOF,0.007065067983140937,0.5581415274246223,0.43479340459223675
26004,GOF,0.018792786361586197,0.5552345093480705,0.42597270429034334
26005,LOF,0.0054184958968200485,0.45860077388888804,0.5359807302142919
26006,GOF,0.10807277081977498,0.5424922702665351,0.3494349589136899
26007,GOF,0.010192124879173627,0.5324118769483689,0.4573959981724575
26008,GOF,0.007382351301496565,0.5683972590838264,0.42422038961467695
26009,GOF,0.014581226096037774,0.6187811625924045,0.36663761131155775
26010,GOF,0.011161977287600641,0.5123378200244497,0.4765002026879496
26011,LOF,0.006365017195021147,0.42334280240824845,0.5702921803967304
26012,GOF,0.006156767215565271,0.5332791949626855,0.4605640378217492
26013,LOF,0.011704440747431839,0.4528682157336499,0.5354273435189183
26014,LOF,0.05409791240106765,0.08963025751255704,0.8562718300863754
26015,LOF,0.3544769582740268,0.05713855520684646,0.5883844865191267
26016,LOF,0.2277648940169612,0.12951409910652098,0.6427210068765177
26017,LOF,0.01460500913778367,0.3997370693882293,0.585657921473987
26018,LOF,0.019355882050715298,0.18463740701034292,0.7960067109389418
26019,LOF,0.01948790805520021,0.15479984629271343,0.8257122456520863
26020,LOF,0.005706248900148821,0.3754688204057691,0.6188249306940822
26021,LOF,0.06968431323379462,0.22866154002914804,0.7016541467370574
26022,LOF,0.04222456263405024,0.07136948134380064,0.8864059560221491
26023,LOF,0.029278068590887083,0.14306287586749464,0.8276590555416183
26024,LOF,0.04131236488424021,0.16373801884859632,0.7949496162671635
26025,LOF,0.1404894960806641,0.15038322568025472,0.7091272782390812
26026,LOF,0.1320685759777783,0.10905008671454607,0.7588813373076756
26027,LOF,0.02791626365417517,0.09482359539415978,0.877260140951665
26028,LOF,0.07722365244247045,0.23336985114049982,0.6894064964170298
26029,LOF,0.035692252980070435,0.11258854919230836,0.8517191978276212
26030,LOF,0.13023642518524284,0.010411382811043288,0.8593521920037139
26031,LOF,0.017342598833400343,0.12006078168157798,0.8625966194850216
26032,LOF,0.028588035162659346,0.022044520233031106,0.9493674446043094
26033,LOF,0.044545373754768296,0.04402420816856716,0.9114304180766645
26034,LOF,0.023707884656239235,0.07406680774617397,0.9022253075975868
26035,LOF,0.013579819370678583,0.09126033133098581,0.8951598492983356
26036,LOF,0.012956755389309205,0.07509408982358895,0.9119491547871019
26037,LOF,0.012576127914033402,0.07232719461130599,0.9150966774746605
26038,LOF,0.02450562079784478,0.021087391509765737,0.9544069876923895
26039,LOF,0.03480394072479199,0.1069356922432829,0.8582603670319251
26040,LOF,0.07224675568961393,0.14799775991903777,0.7797554843913482
26041,LOF,0.015104598438145204,0.08236017774321332,0.9025352238186414
26042,LOF,0.013993788380012332,0.09293469674059067,0.8930715148793971
26043,LOF,0.025104012322902217,0.042740377505634516,0.9321556101714632
26044,LOF,0.008565502273061416,0.03585207434683924,0.9555824233800994
26045,LOF,0.0943179090933393,0.18376923777817866,0.7219128531284821
26046,LOF,0.02470824326161018,0.044874954502082946,0.9304168022363069
26047,LOF,0.05926007795158723,0.03966712252614083,0.901072799522272
26048,LOF,0.08470441642991516,0.020827977018429335,0.8944676065516555
26049,Neutral,0.9241960455222222,0.005163700706184314,0.07064025377159344
26050,Neutral,0.8751087030006199,0.006264827763799168,0.11862646923558084
26051,LOF,0.03253517248942537,0.2432308661163225,0.7242339613942522
26052,LOF,0.0364961156514791,0.1696675322592078,0.7938363520893131
26053,LOF,0.029888348314553122,0.07552384811906847,0.8945878035663783
26054,LOF,0.051403751761295254,0.09720622979417133,0.8513900184445334
26055,LOF,0.057283880981987216,0.08290687501883329,0.8598092439991796
26056,LOF,0.05413307323463842,0.0885601367623687,0.8573067900029929
26057,LOF,0.04237353887135811,0.018439121522946834,0.939187339605695
26058,LOF,0.04776148069416004,0.014948133045376469,0.9372903862604636
26059,LOF,0.2567396871837657,0.11372542997032048,0.6295348828459139
26060,LOF,0.020123605333160103,0.24604361573260025,0.7338327789342397
26061,LOF,0.012977219798813744,0.012571314665757873,0.9744514655354285
26062,LOF,0.006253920632280202,0.021956018548155386,0.9717900608195643
26063,LOF,0.039710800983597666,0.017129268357034384,0.943159930659368
26064,LOF,0.008846124080960083,0.015874954714820335,0.9752789212042197
26065,LOF,0.044941914214371485,0.01997749036445412,0.9350805954211743
26066,LOF,0.04214177611785311,0.01591204987266344,0.9419461740094834
26067,LOF,0.047073045099353936,0.01508347370333028,0.9378434811973159
26068,LOF,0.04839876209768121,0.05843985186007787,0.8931613860422408
26069,LOF,0.16351969537197542,0.053413205605132436,0.7830670990228921
26070,LOF,0.3923439764546064,0.033628296724490817,0.5740277268209029
26071,LOF,0.044311417177597526,0.020061434703057136,0.9356271481193453
26072,LOF,0.0084829904330224,0.022416764365051554,0.9691002452019261
26073,LOF,0.04681648836485809,0.016050021235603274,0.9371334903995386
26074,Neutral,0.7003398651237732,0.02549738690391249,0.2741627479723142
26075,LOF,0.03753049979860839,0.043821229791257826,0.9186482704101337
26076,LOF,0.04815074094055607,0.02300234298998954,0.9288469160694544
26077,LOF,0.16703577462273933,0.021315232323313615,0.8116489930539471
26078,LOF,0.0069182882524641345,0.027649517815315376,0.9654321939322206
26079,LOF,0.05380350033999681,0.04196493123927242,0.9042315684207307
26080,LOF,0.0527334490122703,0.042021375926717335,0.9052451750610124
26081,LOF,0.04685605364164815,0.01673357719156032,0.9364103691667915
26082,LOF,0.007733182266320433,0.024461234250485638,0.9678055834831939
26083,LOF,0.044421750317686824,0.041536718230217644,0.9140415314520954
26084,LOF,0.05934471187708556,0.021249709978998152,0.9194055781439163
26085,LOF,0.05334872306045314,0.019565858318566724,0.9270854186209802
26086,LOF,0.035865599088252896,0.025184056914186542,0.9389503439975606
26087,LOF,0.04320528732792562,0.021529433654355133,0.9352652790177193
26088,LOF,0.0070891469924829,0.049308635886175865,0.9436022171213412
26089,LOF,0.03421377648073889,0.07006104584386941,0.8957251776753917
26090,LOF,0.03422839711986186,0.05461695688826335,0.9111546459918748
26091,LOF,0.03623388346632458,0.017323560153391756,0.9464425563802836
26092,LOF,0.04183603170559698,0.0164610454691986,0.9417029228252045
26093,LOF,0.06547289735677364,0.011033514362642074,0.9234935882805841
26094,LOF,0.04256421445809539,0.015817060558771332,0.9416187249831334
26095,LOF,0.012122355347703447,0.03420687616221903,0.9536707684900776
26096,LOF,0.31582893819637736,0.0058182683812298165,0.6783527934223927
26097,LOF,0.007316720863302179,0.057824614519914226,0.9348586646167836
26098,LOF,0.05612369131151703,0.04414915113474334,0.8997271575537397
26099,LOF,0.0447508014480515,0.04640871894405416,0.9088404796078944
26100,LOF,0.0447508014480515,0.04640871894405416,0.9088404796078944
26101,LOF,0.04353666091301345,0.06177023741112744,0.8946931016758591
26102,LOF,0.040181886017847356,0.022860307881649663,0.936957806100503
26103,Neutral,0.8723406823929162,0.05448978128790756,0.07316953631917636
26104,LOF,0.04425572544975571,0.11534188395775034,0.8404023905924939
26105,LOF,0.23380617259543013,0.24577787478691995,0.5204159526176498
26106,LOF,0.2746312512422844,0.150659655042254,0.5747090937154616
26107,LOF,0.015403519028114604,0.17648798597691043,0.808108494994975
26108,LOF,0.1664918577313615,0.18433209138192252,0.6491760508867159
26109,LOF,0.05436162246415089,0.03364412447674325,0.9119942530591059
26110,Neutral,0.517593118036015,0.03148457139861426,0.45092231056537063
26111,LOF,0.057594708621706736,0.2231698364765361,0.7192354549017571
26112,LOF,0.07125962390549868,0.023304107697786486,0.9054362683967149
26113,LOF,0.06903733493677004,0.04319040344871626,0.8877722616145138
26114,LOF,0.10451507487543032,0.019443101661258736,0.8760418234633109
26115,LOF,0.020259307242254866,0.13198672234931333,0.8477539704084319
26116,LOF,0.06042467859846707,0.055407697721174945,0.8841676236803581
26117,LOF,0.3156030734976513,0.04984160034951852,0.6345553261528302
26118,LOF,0.044626869764564814,0.020507395414160065,0.934865734821275
26119,LOF,0.005721271431684919,0.07633497788914717,0.917943750679168
26120,LOF,0.034678477202399735,0.018117830100195322,0.9472036926974049
26121,LOF,0.004093651514545936,0.08830033290718417,0.9076060155782698
26122,LOF,0.004848391760216275,0.07518863719817626,0.9199629710416074
