feature0,prediction,LoGoFunc_Neutral,LoGoFunc_GOF,LoGoFunc_LOF
25546,Neutral,0.7520060651631953,0.041326237173783344,0.20666769766302126
25547,Neutral,0.5890503707769347,0.0858173364256405,0.3251322927974249
25548,Neutral,0.6316116838524488,0.06495351816508545,0.3034347979824656
25549,Neutral,0.5483846656069862,0.0641656663623577,0.3874496680306563
25550,LOF,0.35905666691696175,0.13331062005687894,0.5076327130261593
25551,LOF,0.2887646251300777,0.14727152657541284,0.5639638482945094
25552,LOF,0.21045091596190363,0.13805656522419907,0.6514925188138972
25553,Neutral,0.8572018210422043,0.03170279377614863,0.11109538518164698
25554,LOF,0.2436216601443466,0.1340295850064856,0.6223487548491677
25555,LOF,0.2015574818874606,0.11621296530139828,0.6822295528111412
25556,Neutral,0.46121283925224826,0.11379102522432712,0.42499613552342475
25557,LOF,0.19113373490903143,0.12212222059404833,0.6867440444969202
25558,LOF,0.23296332193470376,0.1339785787582583,0.6330580993070379
25559,LOF,0.3299064522999539,0.12856181228586885,0.5415317354141773
25560,LOF,0.061183678797921394,0.1360263842228746,0.802789936979204
25561,LOF,0.14425011961216216,0.12653933883223037,0.7292105415556075
25562,LOF,0.08410507999800254,0.0769348572482864,0.8389600627537112
25563,LOF,0.09565875133037788,0.09052129718629001,0.8138199514833322
25564,LOF,0.18774292493204908,0.14799915106035075,0.6642579240076002
25565,LOF,0.1386874764499359,0.15267908264649316,0.708633440903571
25566,GOF,0.015745943474458762,0.8095711043659706,0.17468295215957066
25567,LOF,0.01863430417419453,0.2353648628282555,0.74600083299755
25568,LOF,0.054635770047679326,0.09357424980138214,0.8517899801509385
25569,LOF,0.05686403223912637,0.09177066720208675,0.8513653005587868
25570,LOF,0.031457397146855276,0.13957820170350857,0.8289644011496361
25571,LOF,0.02978213845797521,0.13398776202674847,0.8362300995152763
25572,LOF,0.04751935647950902,0.1544292464448262,0.7980513970756647
25573,LOF,0.03253775012352121,0.12540094310552852,0.8420613067709501
25574,LOF,0.019865762666201162,0.1962897373337467,0.7838445000000521
25575,LOF,0.02406896886147029,0.14519503007609094,0.8307360010624387
25576,LOF,0.01484183048442514,0.1746927055586714,0.8104654639569034
25577,LOF,0.011567697498664965,0.15728090838589404,0.8311513941154409
25578,LOF,0.2827205652118615,0.1168393492854335,0.6004400855027051
25579,LOF,0.12760094469272557,0.137339620629556,0.7350594346777185
25580,LOF,0.01778423846900436,0.11537056755605611,0.8668451939749396
25581,LOF,0.05154647233024319,0.09441954853730146,0.8540339791324553
25582,LOF,0.051186796354266983,0.09301734824174802,0.8557958554039851
25583,LOF,0.019449495430896694,0.12895299999791307,0.8515975045711902
25584,Neutral,0.4890874119475148,0.13906466645801424,0.37184792159447094
25585,LOF,0.019449081057291002,0.16529464521788206,0.8152562737248269
25586,LOF,0.01562592915385152,0.10814580926445584,0.8762282615816925
25587,LOF,0.015899896574257565,0.10172474445818341,0.882375358967559
25588,LOF,0.015975406981264085,0.12346210386639946,0.8605624891523365
25589,Neutral,0.5825516314251367,0.15358677398952966,0.26386159458533365
25590,LOF,0.029876997422644727,0.15836889680367358,0.8117541057736817
25591,LOF,0.09309288186055822,0.08188258257729591,0.8250245355621459
25592,LOF,0.052214675955213674,0.18490222276549473,0.7628831012792915
25593,LOF,0.022972987567142507,0.30377852826742674,0.6732484841654307
25594,LOF,0.04734635929873496,0.11441000826051201,0.838243632440753
25595,LOF,0.058792012064572484,0.08689789564732277,0.8543100922881048
25596,LOF,0.06997002100865754,0.06478900944404142,0.865240969547301
25597,LOF,0.04711953075138167,0.07060113581411556,0.8822793334345027
25598,LOF,0.0478452700372193,0.10157513563116866,0.850579594331612
25599,GOF,0.006388828159849955,0.5746971926304952,0.41891397920965473
25600,GOF,0.023651589308257948,0.6036264773265023,0.37272193336523973
25601,LOF,0.012979443955446876,0.4010553376638105,0.5859652183807427
25602,LOF,0.033106696585998505,0.03922935338467965,0.9276639500293218
25603,LOF,0.04973250224073843,0.01723912842460149,0.9330283693346602
25604,LOF,0.027214240632010084,0.060073130819113016,0.9127126285488768
25605,LOF,0.0077317308801303376,0.2227229062603515,0.7695453628595181
25606,LOF,0.11416227298336408,0.33697167200254585,0.54886605501409
25607,LOF,0.005102862392736449,0.20483030693616616,0.7900668306710974
25608,LOF,0.02228867676461967,0.0809392793093715,0.8967720439260087
25609,LOF,0.07373160691175273,0.40476264407048845,0.5215057490177588
25610,LOF,0.01933836933512998,0.024547674116566373,0.9561139565483037
25611,LOF,0.021300302268172925,0.024780357769331966,0.953919339962495
25612,LOF,0.08931469944032905,0.03496216388448999,0.875723136675181
25613,LOF,0.07645148552509122,0.03506779920684296,0.8884807152680657
25614,LOF,0.024540131128781128,0.025668111110991102,0.9497917577602278
25615,LOF,0.03274130124187399,0.037566910010401154,0.9296917887477248
25616,LOF,0.05707845054793169,0.02550721855576499,0.9174143308963033
25617,LOF,0.05687658889169701,0.029003670741075453,0.9141197403672274
25618,LOF,0.07753602913413439,0.02959519195486572,0.8928687789109999
25619,LOF,0.017496001297797704,0.027516039930026357,0.9549879587721759
25620,LOF,0.07087024350453192,0.03251722712679225,0.896612529368676
25621,LOF,0.03331786573480305,0.030861276020228375,0.9358208582449685
25622,LOF,0.04599470797687376,0.025639630352720256,0.928365661670406
25623,LOF,0.06774689068939799,0.022062687003525136,0.9101904223070769
25624,LOF,0.020897443428076534,0.03158851856221726,0.9475140380097062
25625,LOF,0.04602316965110902,0.03856223970134052,0.9154145906475504
25626,LOF,0.07237836774936866,0.03052141054485342,0.897100221705778
25627,Neutral,0.5649700507250697,0.12705121692685914,0.3079787323480711
25628,LOF,0.2128309306986318,0.051398496962632226,0.7357705723387359
25629,LOF,0.058477083991481264,0.058992674815990326,0.8825302411925284
25630,LOF,0.1665542229666341,0.08998712792959401,0.7434586491037718
25631,Neutral,0.6253075806766182,0.051867691615282624,0.32282472770809917
25632,LOF,0.010618260069415656,0.12139337214678421,0.8679883677838002
25633,LOF,0.22368225324826588,0.07223294524543773,0.7040848015062964
25634,LOF,0.030971976288762654,0.11958126602000638,0.8494467576912309
25635,LOF,0.028749144001404155,0.07720270071355641,0.8940481552850394
25636,GOF,0.006457517962159631,0.6020473029970411,0.3914951790407992
25637,GOF,0.007888928924080949,0.6169004004513698,0.37521067062454927
25638,LOF,0.013395685143602967,0.2748742393879956,0.7117300754684014
25639,LOF,0.006849514385209012,0.4455754613552983,0.5475750242594927
25640,Neutral,0.4595796972436976,0.45802735191721855,0.08239295083908381
25641,LOF,0.014155422977151687,0.3155452589711836,0.6702993180516646
25642,LOF,0.2690843929016771,0.059851476319558436,0.6710641307787645
25643,LOF,0.22335817835898647,0.2175577816957636,0.5590840399452499
25644,LOF,0.009983872051207895,0.4902555763321055,0.49976055161668653
25645,LOF,0.009272299440200756,0.42524633175763515,0.5654813688021642
25646,LOF,0.014558672889876625,0.2923058166623249,0.6931355104477985
25647,LOF,0.011308066902339566,0.2588854806314311,0.7298064524662294
25648,LOF,0.010556935858160008,0.24427480492156886,0.7451682592202712
25649,LOF,0.009189686062823211,0.17738877804254866,0.8134215358946282
25650,LOF,0.0152773730304203,0.38445295441774663,0.6002696725518331
25651,LOF,0.0066455642069588525,0.25886678644359706,0.7344876493494441
25652,LOF,0.010825239757050485,0.24136680935582785,0.7478079508871216
25653,LOF,0.03807556427986389,0.3760615394015362,0.5858628963185999
25654,LOF,0.012202882441865757,0.15654331059020918,0.8312538069679251
25655,LOF,0.05860530023388795,0.4157692934267612,0.5256254063393508
25656,LOF,0.1906868400203024,0.051292445847965135,0.7580207141317326
25657,LOF,0.34482976258637066,0.023457116879896957,0.6317131205337324
25658,LOF,0.07394553711964716,0.07835924867353851,0.8476952142068143
25659,LOF,0.42176862702200146,0.07390582984014453,0.504325543137854
25660,LOF,0.033410021385905916,0.09900029116852713,0.8675896874455669
25661,LOF,0.10739384388922056,0.06327296277239657,0.8293331933383828
25662,LOF,0.023950557938380555,0.048142279617430284,0.9279071624441891
25663,LOF,0.032668456085099704,0.06780448456157163,0.8995270593533287
25664,LOF,0.06163826149523019,0.07540834232692155,0.8629533961778482
25665,LOF,0.059675792596949155,0.03845740604871944,0.9018668013543313
25666,LOF,0.06185561298375144,0.0987889408335545,0.839355446182694
25667,LOF,0.07888697286350858,0.050239972718818075,0.8708730544176735
25668,LOF,0.02705654217294343,0.05376584514812829,0.9191776126789284
25669,LOF,0.02977294784136409,0.07510030465816517,0.8951267475004707
25670,LOF,0.0988219246477965,0.08598616913640598,0.8151919062157974
25671,LOF,0.09787150604761109,0.044199839766164144,0.8579286541862248
25672,LOF,0.06270553876025754,0.052764612008702784,0.8845298492310397
25673,LOF,0.045493576538299364,0.05891430588258979,0.8955921175791108
25674,LOF,0.040138916790647336,0.06001898393620896,0.8998420992731436
25675,LOF,0.0683723266460563,0.06276693415913781,0.868860739194806
25676,LOF,0.021453753530083452,0.06520055198083133,0.9133456944890852
25677,LOF,0.031366327506242485,0.0722733401115333,0.8963603323822242
25678,LOF,0.19432144584690714,0.046564567164773994,0.7591139869883189
25679,LOF,0.14717964956838242,0.07680374261492103,0.7760166078166966
25680,LOF,0.03375062549964354,0.11317066668198311,0.8530787078183734
25681,LOF,0.05427444460119693,0.10511532592814461,0.8406102294706584
25682,LOF,0.12139457927929909,0.07726802194145238,0.8013373987792486
25683,LOF,0.12987705129569255,0.0933455556949215,0.7767773930093859
25684,LOF,0.04087510072320181,0.0842051194641214,0.8749197798126768
25685,LOF,0.1436719525285435,0.0499829818142071,0.8063450656572494
25686,LOF,0.03572920523246615,0.1055971261403627,0.8586736686271712
25687,LOF,0.041321145899129455,0.08576794375216641,0.8729109103487042
25688,LOF,0.036258665595139405,0.07896510142821556,0.8847762329766451
25689,LOF,0.02386304418558143,0.07504031294967363,0.9010966428647449
25690,LOF,0.025502755573031045,0.07560846762265655,0.8988887768043125
25691,LOF,0.2562194240765757,0.10051849971446,0.6432620762089641
25692,LOF,0.34239789001495524,0.009108295417523617,0.6484938145675212
25693,LOF,0.09395151843611985,0.17958939089064813,0.7264590906732321
25694,LOF,0.2595724368328093,0.019555001263470043,0.7208725619037206
25695,LOF,0.17584475480093464,0.025144986432190618,0.7990102587668748
25696,LOF,0.16055268203968784,0.013696090023459085,0.8257512279368532
25697,LOF,0.17075808295601153,0.02467750351842554,0.8045644135255631
25698,LOF,0.043708464306971895,0.46848487108002745,0.4878066646130006
25699,LOF,0.08535625434096851,0.0833618709827032,0.8312818746763282
25700,LOF,0.06855306404613067,0.00873742543547268,0.9227095105183966
25701,LOF,0.014900376838738918,0.07125941089854983,0.9138402122627112
25702,GOF,0.028139541692345272,0.7038204484033811,0.2680400099042736
25703,LOF,0.010225334427237567,0.17418967612680153,0.8155849894459608
25704,LOF,0.041730645975066094,0.17320090131050156,0.7850684527144325
25705,LOF,0.04631026208459774,0.22841882166597732,0.725270916249425
25706,GOF,0.03711032336047434,0.5486152073337234,0.41427446930580225
25707,LOF,0.022754243451879073,0.48592242440103467,0.4913233321470863
25708,LOF,0.00737170251717866,0.3779332296699025,0.6146950678129188
25709,LOF,0.05420057783832542,0.05834047598586334,0.8874589461758112
25710,LOF,0.0074412846008653395,0.15793840044903112,0.8346203149501035
25711,LOF,0.018154642427790454,0.11027562801836362,0.8715697295538459
25712,LOF,0.010123686229307281,0.1795890569386165,0.8102872568320763
25713,LOF,0.016979556717866492,0.09231665657888218,0.8907037867032513
25714,LOF,0.06365901650804506,0.11876723921387793,0.8175737442780769
25715,LOF,0.01293941236982192,0.1252328365167883,0.8618277511133898
25716,LOF,0.008876135190439076,0.10182517672013082,0.8892986880894301
25717,LOF,0.006809981537462884,0.1036467915265947,0.8895432269359425
25718,LOF,0.014007432775219743,0.08269430332428612,0.9032982639004942
25719,LOF,0.021537859738528238,0.08329908620826894,0.8951630540532028
25720,LOF,0.021356954338053524,0.08105871797453784,0.8975843276874087
25721,LOF,0.01580220569973769,0.09974595569193619,0.8844518386083261
25722,LOF,0.013372162680627558,0.13117511005060253,0.8554527272687699
25723,LOF,0.018285525796000027,0.06800568844743907,0.913708785756561
25724,LOF,0.021704726702431325,0.09845360171717041,0.8798416715803982
25725,LOF,0.013353692478135188,0.07297765446608982,0.913668653055775
25726,LOF,0.011317642425223285,0.10043746144098409,0.8882448961337926
25727,LOF,0.014417727312425724,0.08835097632922893,0.8972312963583453
25728,LOF,0.011805982989959921,0.11225496233021937,0.8759390546798206
25729,LOF,0.012421548477313377,0.11125131215447125,0.8763271393682153
25730,LOF,0.013098005769683679,0.0907716862146438,0.8961303080156725
25731,LOF,0.01124191633199136,0.13166859253745916,0.8570894911305494
25732,LOF,0.01308179535676247,0.10058088962203351,0.886337315021204
25733,LOF,0.01804000876467055,0.07855606487736995,0.9034039263579596
25734,LOF,0.006536281573337447,0.13176386085026698,0.8616998575763956
25735,LOF,0.014826493730425926,0.07710851817289704,0.9080649880966771
25736,LOF,0.014450052004700764,0.11373140329970338,0.8718185446955957
25737,LOF,0.026793963356969416,0.08602780789576527,0.8871782287472653
25738,LOF,0.013899115389409314,0.1343320539563205,0.8517688306542701
25739,LOF,0.019331811741653968,0.11344592285157776,0.8672222654067683
25740,LOF,0.03019879156193618,0.12160555476065738,0.8481956536774065
25741,LOF,0.015583269367786597,0.10003963356317795,0.8843770970690354
25742,LOF,0.10186317520866764,0.09562486749329462,0.8025119572980377
25743,LOF,0.016294448611322034,0.04088824538917344,0.9428173059995045
25744,GOF,0.18612380733383915,0.423268195517335,0.3906079971488258
25745,LOF,0.026640166845198376,0.06293894454486385,0.9104208886099378
25746,LOF,0.014482548717312397,0.07548973255216165,0.910027718730526
25747,LOF,0.024682941739497977,0.03920111375865183,0.9361159445018502
25748,LOF,0.1474671360598801,0.0644693650620076,0.7880634988781122
25749,LOF,0.014086448997291985,0.04910261461286085,0.9368109363898471
25750,LOF,0.030100594595399342,0.07302409771494582,0.896875307689655
25751,LOF,0.09738427495508999,0.06778464949869432,0.8348310755462157
25752,GOF,0.09103033085591497,0.6483463297998694,0.2606233393442156
25753,LOF,0.01042272459014373,0.40126920249918013,0.5883080729106761
25754,GOF,0.0044136666367306536,0.8568739486974555,0.13871238466581395
25755,LOF,0.014698372714154079,0.4420739466960883,0.5432276805897576
25756,LOF,0.05092381814445835,0.4379542637542041,0.5111219181013376
25757,GOF,0.0055675884458162355,0.8754067615612801,0.11902564999290362
25758,GOF,0.00616288633067712,0.8480549897337024,0.14578212393562057
25759,GOF,0.004173943926360854,0.5408096476003674,0.45501640847327174
25760,LOF,0.006813202402207784,0.28992745189458724,0.7032593457032049
25761,GOF,0.04454036180621273,0.8375881284140917,0.11787150977969568
25762,LOF,0.029995624860127898,0.34166728683350983,0.6283370883063623
25763,LOF,0.0074368530642275376,0.2343376833983016,0.7582254635374708
25764,GOF,0.10118607103756855,0.5141807907104835,0.38463313825194795
25765,GOF,0.010230149723023933,0.8066154366479298,0.18315441362904622
25766,GOF,0.02305300489789316,0.7921287338457057,0.1848182612564011
25767,GOF,0.02418375022093647,0.4940032858932016,0.4818129638858619
25768,LOF,0.08177598298082565,0.06423190554851974,0.8539921114706547
25769,LOF,0.07376634744777465,0.06225349389807271,0.8639801586541526
25770,LOF,0.14957947653892995,0.06596129612635447,0.7844592273347155
25771,LOF,0.020642277135166295,0.06762596810113294,0.9117317547637008
25772,LOF,0.014619306512027854,0.028474580126686477,0.9569061133612857
25773,LOF,0.018849832699998657,0.08699512300197638,0.8941550442980251
25774,LOF,0.026923626501898872,0.07878671010030136,0.8942896633977998
25775,LOF,0.02871273842038599,0.038920449191935866,0.932366812387678
25776,LOF,0.0838085829469121,0.022235842960731753,0.8939555740923563
25777,LOF,0.15641185202873234,0.055599900978384575,0.7879882469928831
25778,LOF,0.06166292349453472,0.04332229153165215,0.8950147849738131
25779,GOF,0.05370325136132012,0.8884943258069794,0.05780242283170049
25780,GOF,0.050259967405079514,0.8751305360502531,0.07460949654466745
25781,GOF,0.020892133555832294,0.8694615485492297,0.10964631789493805
25782,GOF,0.024955204403745573,0.9035026291804955,0.07154216641575901
25783,GOF,0.013677726075344327,0.7548810588352823,0.23144121508937351
25784,GOF,0.1435155160208606,0.8129463003334051,0.04353818364573424
25785,GOF,0.062062373685646294,0.9003044651122833,0.03763316120207035
25786,GOF,0.004366941089260533,0.8381188552257225,0.15751420368501698
25787,GOF,0.1514292727165349,0.8190564758174634,0.029514251466001677
25788,LOF,0.04655130939506505,0.1662841353917814,0.7871645552131535
25789,GOF,0.028182877962108038,0.8662951846594659,0.10552193737842616
25790,GOF,0.033116503851336875,0.8893424987804853,0.07754099736817767
25791,GOF,0.025235369863091085,0.8449026239262284,0.12986200621068053
25792,GOF,0.04082513965955861,0.8486838301597538,0.11049103018068754
25793,GOF,0.10797819680030382,0.8087079198610595,0.08331388333863674
25794,GOF,0.10796760712860648,0.751459349458679,0.14057304341271468
25795,GOF,0.03695498957923337,0.7710880115111491,0.1919569989096175
25796,GOF,0.11814718495038695,0.7912096202226536,0.09064319482695943
25797,GOF,0.03364649824028262,0.6767824120868237,0.28957108967289374
25798,GOF,0.002761181367265791,0.6018591730360389,0.39537964559669525
25799,LOF,0.002648168519206509,0.48881959067019215,0.5085322408106012
25800,GOF,0.012005494344628928,0.6935800361694887,0.29441446948588235
25801,GOF,0.022144672995867483,0.854403983403585,0.12345134360054737
25802,GOF,0.016788160675582933,0.776146878121094,0.20706496120332313
25803,GOF,0.009572655320104984,0.6755376602560774,0.3148896844238175
25804,GOF,0.011316271828177496,0.5746275383932509,0.41405618977857167
25805,GOF,0.01859133926628999,0.680707605247546,0.300701055486164
25806,GOF,0.01557911538753955,0.717889980182727,0.26653090442973343
25807,GOF,0.004615191629833065,0.690927116244005,0.3044576921261619
25808,GOF,0.012737672843680017,0.7105007267844182,0.2767616003719017
25809,GOF,0.005334549315123146,0.7034795192992624,0.29118593138561444
25810,GOF,0.004513829703672045,0.7101599169968674,0.28532625329946054
25811,GOF,0.06875539349365122,0.8471609809128634,0.08408362559348548
25812,GOF,0.01487188519201323,0.6990223843139403,0.2861057304940465
25813,GOF,0.09750014785479826,0.7997521772751971,0.10274767487000469
25814,GOF,0.022622420520957393,0.796873356660145,0.1805042228188976
25815,GOF,0.03363523895520573,0.8017255748686741,0.1646391861761201
25816,GOF,0.007163810858330186,0.8336723471191723,0.15916384202249764
25817,GOF,0.08882747051850239,0.7628640825192141,0.14830844696228354
25818,GOF,0.01964434960471012,0.7919484778710435,0.18840717252424644
25819,GOF,0.05381390231662173,0.780324098868184,0.1658619988151944
25820,GOF,0.028603198432669952,0.7753357442564776,0.19606105731085252
25821,GOF,0.015780925622536766,0.7727822491777331,0.21143682519973014
25822,GOF,0.031568715292205014,0.7859940420127951,0.18243724269499986
25823,GOF,0.012197816597599795,0.6280832354845096,0.3597189479178906
25824,GOF,0.020814019592486077,0.7562234680365203,0.22296251237099363
25825,GOF,0.012407688513930391,0.7404362583759383,0.2471560531101313
25826,GOF,0.005003893260116951,0.703185652814391,0.291810453925492
25827,GOF,0.0077864832587803325,0.688707088584098,0.30350642815712175
25828,GOF,0.00528133086456932,0.6216497606328436,0.37306890850258717
25829,GOF,0.0025635865115799968,0.6848825517847653,0.3125538617036548
25830,GOF,0.027555844285658437,0.48647256655270704,0.4859715891616345
25831,GOF,0.04238931904936662,0.8476116094533573,0.10999907149727609
25832,GOF,0.006697892670633483,0.791945740807502,0.20135636652186462
25833,GOF,0.02471479312422545,0.840430383981908,0.13485482289386666
25834,GOF,0.006710861884267417,0.8042433980957882,0.1890457400199445
25835,GOF,0.013692049556737177,0.8544405024835694,0.13186744795969332
25836,GOF,0.005106665865461345,0.7964036638430702,0.19848967029146844
25837,GOF,0.004955112021367785,0.7142962113999135,0.28074867657871866
25838,GOF,0.01446742787368895,0.8660467478729019,0.11948582425340906
25839,GOF,0.028525537906496364,0.8645980403886745,0.106876421704829
25840,GOF,0.04380936216534187,0.8528759844397142,0.10331465339494397
25841,GOF,0.040510921425169794,0.8648735594860155,0.09461551908881465
25842,GOF,0.019977048181152188,0.9044786045904746,0.07554434722837337
25843,GOF,0.022216762564120317,0.907238166103524,0.07054507133235567
25844,GOF,0.013237604009448843,0.8470391625374678,0.13972323345308332
25845,GOF,0.004410965032569949,0.6385902561375051,0.356998778829925
25846,GOF,0.0344005621847243,0.8670890033119648,0.09851043450331085
25847,GOF,0.01464198272896273,0.9148159537110349,0.0705420635600024
25848,GOF,0.013741409038906072,0.8736622834128804,0.11259630754821348
25849,GOF,0.004567820997079549,0.7561670882950989,0.2392650907078215
25850,GOF,0.005317342138597563,0.7633398423646226,0.23134281549677982
25851,GOF,0.004682575894991853,0.646150497186044,0.3491669269189642
25852,GOF,0.13890960705928845,0.618370845862255,0.2427195470784565
25853,GOF,0.06935784851942761,0.8581403564137573,0.0725017950668151
25854,GOF,0.00919442649290095,0.7354967182342259,0.2553088552728731
25855,GOF,0.01267932303998715,0.6582550664155006,0.3290656105445123
25856,GOF,0.03211877138444474,0.7945488660004005,0.17333236261515472
25857,GOF,0.011280011870805252,0.6396891456982513,0.3490308424309433
25858,GOF,0.006027693158625277,0.6299861679537825,0.3639861388875923
25859,GOF,0.004663509306860561,0.6006884656220661,0.3946480250710733
25860,GOF,0.06301643091431995,0.8327676263391829,0.10421594274649712
25861,GOF,0.10960729495746066,0.8093173467665992,0.08107535827594022
25862,GOF,0.017173470363213802,0.8660129679752794,0.11681356166150682
25863,GOF,0.01665706899195207,0.8780782318192506,0.10526469918879733
25864,GOF,0.04454279848992241,0.8739655672821715,0.08149163422790615
25865,GOF,0.030380304273632103,0.8401908613959538,0.12942883433041408
25866,GOF,0.020701433828372244,0.8622671174398417,0.11703144873178616
25867,GOF,0.027532100989795638,0.8768366063979953,0.095631292612209
25868,GOF,0.04576647311815182,0.8403535898524215,0.11387993702942663
25869,GOF,0.3221169048844444,0.6131256767224027,0.06475741839315288
25870,GOF,0.21314726953869317,0.6253355130175192,0.16151721744378764
25871,GOF,0.01924696811348632,0.8893477476442677,0.09140528424224599
25872,GOF,0.016165160674886603,0.8689355548438769,0.11489928448123657
25873,GOF,0.015825804253253098,0.8876598501807083,0.09651434556603855
25874,LOF,0.015446168765288325,0.1742747779338937,0.810279053300818
25875,LOF,0.037411854489304584,0.04328748100291101,0.9193006645077844
25876,LOF,0.02468279904854401,0.02851001234362527,0.9468071886078306
25877,LOF,0.13502514370970486,0.07471481576083959,0.7902600405294556
25878,LOF,0.055939292162314025,0.1063139723477368,0.8377467354899492
25879,LOF,0.022488803783825104,0.08255518928225143,0.8949560069339235
25880,LOF,0.051107150896291774,0.010744561166424967,0.9381482879372831
25881,Neutral,0.589777705098169,0.06272886230331289,0.3474934325985181
25882,LOF,0.05433732414678746,0.03263847496011249,0.9130242008931
25883,LOF,0.045548977367291875,0.022276931013041505,0.9321740916196666
25884,LOF,0.028348209121695177,0.04113390742835737,0.9305178834499476
25885,LOF,0.21248254040209508,0.01343516337058472,0.7740822962273203
25886,LOF,0.1713817607152058,0.05020124309404015,0.7784169961907541
25887,LOF,0.18678329044974584,0.05083304353266096,0.7623836660175931
25888,LOF,0.014181363960013472,0.11879843695571095,0.8670201990842756
25889,LOF,0.038786801313064306,0.024419708467488987,0.9367934902194467
25890,LOF,0.12121130857843501,0.10805166908288394,0.770737022338681
25891,LOF,0.09484352310547425,0.021840278677724506,0.8833161982168012
25892,LOF,0.009735320397182765,0.034868761763599126,0.9553959178392181
25893,LOF,0.3862853642953952,0.009092249401923533,0.6046223863026812
25894,LOF,0.4325689983339606,0.005581505779871442,0.5618494958861681
25895,LOF,0.37108429427141243,0.01162586702284443,0.6172898387057433
25896,LOF,0.059711918702667885,0.02415552517288242,0.9161325561244497
25897,LOF,0.2099977564616035,0.008725433028898732,0.7812768105094977
25898,LOF,0.20034825432428086,0.03222036023129941,0.7674313854444197
25899,LOF,0.22090488534461722,0.022687091157801986,0.7564080234975807
25900,LOF,0.46016449156463385,0.00828824983116484,0.5315472586042013
25901,LOF,0.04363235592984037,0.009344735132718784,0.9470229089374409
25902,LOF,0.09733747387471929,0.013277796849990241,0.8893847292752904
25903,LOF,0.3666190739136861,0.024476749490887482,0.6089041765954264
25904,LOF,0.4710274777382036,0.029819050457384165,0.49915347180441216
25905,LOF,0.006393868160940685,0.44381497829270283,0.5497911535463564
25906,LOF,0.012117624170898103,0.1067635343401513,0.8811188414889506
25907,LOF,0.003564760791133162,0.3427441803079093,0.6536910589009575
25908,LOF,0.0037572202969273247,0.24270837445378451,0.7535344052492882
25909,LOF,0.014058416927617808,0.155439494759704,0.8305020883126781
25910,LOF,0.016977179761345287,0.12467151569737636,0.8583513045412783
25911,LOF,0.3533150769596457,0.02981910209541749,0.6168658209449368
25912,LOF,0.06940195789077135,0.04703757127433398,0.8835604708348948
25913,LOF,0.06499227407426537,0.057872457106243475,0.8771352688194912
25914,LOF,0.01995186236775088,0.06357681647790116,0.9164713211543479
25915,LOF,0.13429533088230952,0.24508591510712746,0.620618754010563
25916,LOF,0.02038814902143205,0.18167268845692255,0.7979391625216454
25917,LOF,0.07425955562473967,0.04781738977607741,0.8779230545991829
25918,LOF,0.02574231126177694,0.03825157732961853,0.9360061114086045
25919,LOF,0.022020343133429016,0.03904241730485928,0.9389372395617117
25920,LOF,0.1382828601869835,0.19731616113341094,0.6644009786796057
25921,LOF,0.013133762450156503,0.04262865376433506,0.9442375837855085
25922,LOF,0.01569125076159759,0.037370439412896805,0.9469383098255056
25923,LOF,0.4286039012258275,0.03998609563269502,0.5314100031414775
25924,LOF,0.018681843428685695,0.06324003217155122,0.918078124399763
25925,LOF,0.07016883604850356,0.057713186206269834,0.8721179777452265
25926,LOF,0.056546460446350935,0.05342097181785581,0.8900325677357933
25927,LOF,0.01799032538390259,0.08349018375940702,0.8985194908566904
25928,LOF,0.009365352667689628,0.060684991009347454,0.9299496563229628
25929,Neutral,0.513436158069711,0.03849146927870953,0.44807237265157956
25930,LOF,0.07998174418447067,0.03620788027722153,0.8838103755383078
25931,LOF,0.011161123121745727,0.04353779659993094,0.9453010802783234
25932,LOF,0.029366581965354313,0.0350526279162096,0.9355807901184361
25933,LOF,0.0355646238149005,0.022070833495149482,0.94236454268995
25934,LOF,0.025027799555681872,0.02284411145191705,0.952128088992401
25935,LOF,0.06684907655749799,0.06400034846567908,0.869150574976823
25936,LOF,0.03603961269201909,0.02709310607724983,0.936867281230731
25937,LOF,0.012403841053972388,0.042147883925555386,0.9454482750204724
25938,LOF,0.06309465698756066,0.06095177792357292,0.8759535650888665
25939,LOF,0.027463322037235255,0.02990466641548998,0.9426320115472747
25940,LOF,0.009061930297381426,0.3533805387633367,0.6375575309392819
25941,Neutral,0.5306416489300512,0.034206987323391204,0.43515136374655755
25942,LOF,0.007678234105612013,0.043680380633624845,0.9486413852607631
25943,LOF,0.033490927839962256,0.1608545738999376,0.8056544982601002
25944,LOF,0.09410992726089219,0.08006290781265299,0.8258271649264547
25945,LOF,0.0626235442978272,0.021742794156169858,0.9156336615460029
25946,LOF,0.08477930799664705,0.037756206267904546,0.8774644857354483
25947,Neutral,0.4619540211469642,0.10290577140445042,0.43514020744858534
25948,LOF,0.4924685217842439,0.01396304428330958,0.4935684339324465
25949,LOF,0.08647853181746322,0.06888011028020942,0.8446413579023273
25950,GOF,0.06379966158882164,0.6482693356453834,0.2879310027657949
25951,LOF,0.01117107556237644,0.4386108003756135,0.55021812406201
25952,LOF,0.2585313902266551,0.28754278715137094,0.45392582262197384
25953,LOF,0.012681210426318191,0.1895281992299164,0.7977905903437654
25954,GOF,0.061649185604782976,0.5121460703974099,0.4262047439978072
25955,LOF,0.010744069338057447,0.1373189298923695,0.8519370007695731
25956,LOF,0.025933880607367645,0.24756553161752418,0.7265005877751082
25957,LOF,0.2606260505040295,0.03312207781644297,0.7062518716795276
25958,LOF,0.04404682612556389,0.03245869253591914,0.9234944813385169
25959,GOF,0.014231727799008,0.5233579295269659,0.462410342674026
25960,LOF,0.007789925279830976,0.04636642392626094,0.9458436507939081
25961,LOF,0.04422935141955506,0.02881127236691695,0.9269593762135281
25962,LOF,0.030294692555149893,0.06966164663662894,0.9000436608082212
25963,LOF,0.005895576746661808,0.226404792704177,0.7676996305491612
25964,LOF,0.025008176187352425,0.09247229860277373,0.8825195252098739
25965,LOF,0.2764166969171756,0.12428268245562804,0.5993006206271965
25966,Neutral,0.48371156700038626,0.1275328523508936,0.38875558064871996
25967,LOF,0.008753391454496825,0.06745758108523396,0.9237890274602693
25968,LOF,0.0510228036663421,0.1883520777784433,0.7606251185552146
25969,LOF,0.13558687838078118,0.04563277515681855,0.8187803464624003
25970,LOF,0.023953276162118644,0.08747773752663084,0.8885689863112505
25971,LOF,0.05705043380650299,0.02807513592771835,0.9148744302657786
25972,LOF,0.04900235991458555,0.038665009335642986,0.9123326307497714
25973,LOF,0.05390773032247178,0.011624403649995728,0.9344678660275325
25974,LOF,0.045336623274081174,0.03431020911244861,0.9203531676134702
25975,LOF,0.033481824965178,0.023629109291975942,0.942889065742846
25976,LOF,0.11733512294557705,0.011978254258814849,0.870686622795608
25977,LOF,0.21647073939848374,0.07327214257198796,0.7102571180295282
25978,LOF,0.16438680087906085,0.11908325319839748,0.7165299459225417
25979,LOF,0.1407884673914033,0.13241422482143997,0.7267973077871568
25980,LOF,0.2629434157201424,0.16269547693228661,0.5743611073475711
25981,LOF,0.26322689214636097,0.16405065734849003,0.572722450505149
25982,LOF,0.44586473690327194,0.08783492285515863,0.46630034024156936
25983,Neutral,0.4664248399996643,0.11242678542471349,0.42114837457562226
25984,LOF,0.03566028431470443,0.07271577652790591,0.8916239391573897
25985,LOF,0.41536088250545994,0.12267773076830049,0.46196138672623965
25986,LOF,0.01244407715237903,0.4282691699882237,0.5592867528593973
25987,LOF,0.09659932710984281,0.10246565907885519,0.8009350138113019
25988,LOF,0.15206181291570794,0.13787881265164562,0.7100593744326464
25989,LOF,0.04070699326692619,0.18790311165444543,0.7713898950786283
25990,LOF,0.041652491247205894,0.28386954756619304,0.6744779611866011
25991,LOF,0.02608202646040004,0.369627003372974,0.604290970166626
25992,LOF,0.02430625139680441,0.33707825334721103,0.6386154952559845
25993,LOF,0.020048712161540652,0.08650214959858162,0.8934491382398778
25994,LOF,0.015631465213122614,0.0831030701900689,0.9012654645968086
25995,LOF,0.016440001041592323,0.16758460430224406,0.8159753946561636
25996,LOF,0.35073308496732847,0.2838693313777895,0.3653975836548821
25997,LOF,0.07367430542101155,0.3437620277390187,0.5825636668399696
25998,LOF,0.30743571758782484,0.04929501491947288,0.6432692674927023
25999,LOF,0.02504380125073888,0.2218411066189182,0.7531150921303429
26000,LOF,0.20569423748963436,0.035048812810931744,0.7592569496994338
26001,LOF,0.2736981050299681,0.036898554079842695,0.6894033408901892
26002,LOF,0.07390744036825933,0.06287604416900634,0.8632165154627344
26003,GOF,0.004066223479179653,0.6141260892806933,0.38180768724012704
26004,GOF,0.005864823206286386,0.6966834016342006,0.297451775159513
26005,GOF,0.0030301028906794497,0.5139988204966333,0.48297107661268723
26006,GOF,0.08560938719938815,0.6094351898203055,0.30495542298030637
26007,GOF,0.005546512405876788,0.5833078471849654,0.41114564040915774
26008,GOF,0.0051178480632612655,0.6693578740391659,0.32552427789757277
26009,GOF,0.006527013838221288,0.6855000608281671,0.3079729253336117
26010,GOF,0.007202479952423394,0.6820210817762712,0.31077643827130547
26011,LOF,0.0028490460288097845,0.4947607858206152,0.502390168150575
26012,GOF,0.004179789869133069,0.5495240754731078,0.4462961346577592
26013,GOF,0.005575625520233437,0.6154959862030286,0.3789283882767381
26014,LOF,0.04317333726122709,0.11300798030180925,0.8438186824369637
26015,LOF,0.44318906680130954,0.021503903105464357,0.5353070300932261
26016,LOF,0.32012959500711025,0.04045132858501708,0.6394190764078727
26017,LOF,0.030370673405224563,0.2063740500249739,0.7632552765698015
26018,LOF,0.048465472465475966,0.039170249225991875,0.9123642783085322
26019,LOF,0.04760892362910951,0.03404074945389998,0.9183503269169905
26020,LOF,0.010308420332580432,0.18344423133054125,0.8062473483368783
26021,LOF,0.07349762448542524,0.07225092021169864,0.854251455302876
26022,LOF,0.03805901551612026,0.02168649383420679,0.9402544906496729
26023,LOF,0.04132159796725265,0.023141915026179245,0.9355364870065681
26024,LOF,0.04571998937721905,0.07239391019018715,0.8818861004325939
26025,LOF,0.06892105606599261,0.07325174018833897,0.8578272037456683
26026,LOF,0.12243008171504705,0.05678252175556179,0.8207873965293911
26027,LOF,0.042793630161173865,0.01893537981301206,0.938270990025814
26028,LOF,0.10805938621128736,0.13201248607355692,0.7599281277151558
26029,LOF,0.025181317247314674,0.21891333222416312,0.7559053505285221
26030,LOF,0.16853638767142554,0.03612846726469212,0.7953351450638824
26031,LOF,0.012011446869295707,0.20359387639155957,0.7843946767391446
26032,LOF,0.05779597442653531,0.08322104162176186,0.8589829839517029
26033,LOF,0.07663025990004253,0.07189371967368444,0.8514760204262731
26034,LOF,0.0166853375129787,0.18126819128096752,0.8020464712060538
26035,LOF,0.013683023753118435,0.13092532512767768,0.8553916511192039
26036,LOF,0.014405330447210478,0.15794900503985607,0.8276456645129335
26037,LOF,0.011458772934886905,0.12084565545560373,0.8676955716095093
26038,LOF,0.04917229512113749,0.0759326050978175,0.874895099781045
26039,LOF,0.030625211300513048,0.1551161049480437,0.8142586837514433
26040,LOF,0.13196940656210915,0.16859684085709173,0.6994337525807991
26041,LOF,0.01467234130729565,0.10535096026586784,0.8799766984268365
26042,LOF,0.012871316912388017,0.11546444891520465,0.8716642341724073
26043,LOF,0.048098418233497635,0.1001593587989143,0.8517422229675882
26044,LOF,0.015551803881675387,0.05882144245422032,0.9256267536641042
26045,LOF,0.07719020587754893,0.12587536770185556,0.7969344264205955
26046,LOF,0.042841445446724136,0.08057225877929448,0.8765862957739813
26047,LOF,0.06763688916752991,0.07915525333529294,0.8532078574971771
26048,LOF,0.0765005848397591,0.029391373888778095,0.8941080412714629
26049,Neutral,0.9491256156940071,0.008915652675439844,0.04195873163055328
26050,Neutral,0.9287807615731861,0.009801956184439159,0.061417282242374756
26051,LOF,0.013955689019285965,0.09705231377635583,0.8889919972043582
26052,LOF,0.022752302878251727,0.11197301726347965,0.8652746798582686
26053,LOF,0.043773081740795416,0.13684890711406125,0.8193780111451433
26054,LOF,0.04434912121040977,0.02119679980929578,0.9344540789802945
26055,LOF,0.0634808865717675,0.020210416877466105,0.9163086965507664
26056,LOF,0.05227096546554233,0.024970520153690612,0.9227585143807671
26057,LOF,0.02934801076288682,0.013854627660011148,0.956797361577102
26058,LOF,0.030827398724602707,0.011653517432111257,0.957519083843286
26059,LOF,0.19073991828398448,0.021514821681395024,0.7877452600346205
26060,LOF,0.01054146996589349,0.2253519903570489,0.7641065396770577
26061,LOF,0.00884672377711161,0.01127042151171406,0.9798828547111744
26062,LOF,0.005472756940601527,0.019906881690323418,0.9746203613690749
26063,LOF,0.019458511094960156,0.012010709383220627,0.9685307795218193
26064,LOF,0.008796115377555608,0.027287816081797145,0.9639160685406473
26065,LOF,0.02291098426324496,0.012668585350703239,0.9644204303860519
26066,LOF,0.02228861489350304,0.01171236082498203,0.9659990242815149
26067,LOF,0.026734230433949676,0.009983080302048265,0.9632826892640022
26068,LOF,0.04920220932288037,0.04728479528608277,0.9035129953910369
26069,LOF,0.15499930589909938,0.0274508265192173,0.8175498675816834
26070,LOF,0.33849483431862293,0.02255486249509621,0.6389503031862809
26071,LOF,0.022013816952740857,0.01231762889796271,0.9656685541492965
26072,LOF,0.0076852424985724786,0.02252857309784014,0.9697861844035874
26073,LOF,0.019718317310858626,0.014933455196948213,0.9653482274921931
26074,Neutral,0.9233186024219884,0.008634062861255665,0.06804733471675592
26075,LOF,0.04985995946354887,0.02330596850268756,0.9268340720337637
26076,LOF,0.031354620119044434,0.011235929832994465,0.9574094500479612
26077,LOF,0.124569563264622,0.007320793826340775,0.8681096429090372
26078,LOF,0.007904565079804847,0.013908377454313104,0.978187057465882
26079,LOF,0.05718970804037292,0.02407560523292604,0.9187346867267011
26080,LOF,0.056669940836031434,0.02408945987128018,0.9192405992926884
26081,LOF,0.02590005219919076,0.008501979676210589,0.9655979681245986
26082,LOF,0.0052186028866122855,0.016987027103243454,0.9777943700101442
26083,LOF,0.1233468193368845,0.018641766326455336,0.8580114143366601
26084,LOF,0.04688175654571658,0.014382850373671477,0.938735393080612
26085,LOF,0.04273127946578325,0.012821587686489437,0.9444471328477273
26086,LOF,0.021327878686571447,0.012480541782368387,0.9661915795310602
26087,LOF,0.019821584376830258,0.010720188211759447,0.9694582274114103
26088,LOF,0.007861298280442066,0.01734759062155608,0.9747911110980018
26089,LOF,0.044089661823750285,0.02684742170056961,0.9290629164756801
26090,LOF,0.04499084479567938,0.021304871410110688,0.9337042837942099
26091,LOF,0.023952823928051762,0.007496027402958317,0.9685511486689898
26092,LOF,0.02182968485052796,0.00868564495028697,0.9694846701991849
26093,LOF,0.038304068364881524,0.006220716562849796,0.9554752150722686
26094,LOF,0.02909152783877353,0.007068398142701298,0.9638400740185251
26095,LOF,0.03707833252114349,0.015642778384385225,0.9472788890944713
26096,LOF,0.21462454556995145,0.004874427390998966,0.7805010270390496
26097,LOF,0.006747179950622555,0.025541794346602028,0.9677110257027756
26098,LOF,0.07822778858456458,0.01811876730724792,0.9036534441081875
26099,LOF,0.02052079353123578,0.015541682749048831,0.9639375237197153
26100,LOF,0.02052346231023233,0.015541640402752742,0.963934897287015
26101,LOF,0.04592419480557375,0.02369721979158167,0.9303785854028447
26102,LOF,0.019261456604380313,0.016248558001337968,0.9644899853942818
26103,Neutral,0.8776648314921621,0.023318099665881237,0.09901706884195666
26104,LOF,0.0650326456288667,0.027571066153307552,0.9073962882178257
26105,LOF,0.2425448398838972,0.17732971162919708,0.5801254484869057
26106,LOF,0.3269726241036548,0.1350697125270286,0.5379576633693166
26107,LOF,0.01893053387097029,0.10245171786080676,0.878617748268223
26108,LOF,0.3282807748658529,0.049081226393758864,0.6226379987403883
26109,LOF,0.06392989521240659,0.0478417334070568,0.8882283713805366
26110,LOF,0.3606418892352957,0.006521553220141422,0.6328365575445628
26111,LOF,0.05972456735094182,0.10314822421989814,0.83712720842916
26112,LOF,0.03139594651984631,0.007424354463764471,0.9611796990163893
26113,LOF,0.054340406388048115,0.015566222280030644,0.9300933713319214
26114,LOF,0.09371518000517172,0.009143796603198678,0.8971410233916296
26115,LOF,0.013963329066107803,0.056816020988704086,0.9292206499451882
26116,LOF,0.08594195615025117,0.034308487304531884,0.8797495565452169
26117,LOF,0.4170473887722403,0.030906089223085124,0.5520465220046746
26118,LOF,0.027924683437481983,0.016060374439769338,0.9560149421227487
26119,LOF,0.0050564760435722065,0.03345638756901682,0.9614871363874109
26120,LOF,0.024069641494783786,0.015536093159293286,0.9603942653459229
