feature0,prediction,LoGoFunc_Neutral,LoGoFunc_GOF,LoGoFunc_LOF
25546,Neutral,0.6682648685564947,0.06552837332178116,0.2662067581217241
25547,Neutral,0.4783516211352948,0.13017128403818995,0.3914770948265153
25548,Neutral,0.4763667969821515,0.0942430249452091,0.4293901780726393
25549,LOF,0.4157093195755206,0.09047097797387509,0.49381970245060447
25550,LOF,0.3559656232944436,0.16394434260614166,0.48009003409941486
25551,LOF,0.25728600679526076,0.1902644469473125,0.5524495462574267
25552,LOF,0.19557616219190746,0.17390755920894388,0.6305162785991486
25553,Neutral,0.7935804516068709,0.05025031897594564,0.15616922941718336
25554,LOF,0.22537973000505643,0.1669837479802722,0.6076365220146713
25555,LOF,0.19045773511993858,0.14716667777316342,0.662375587106898
25556,LOF,0.3773180766748624,0.1530528040614338,0.4696291192637037
25557,LOF,0.1818718359639495,0.15427232765504714,0.6638558363810033
25558,LOF,0.21714768932577702,0.16529550779745114,0.6175568028767718
25559,LOF,0.19429451523292957,0.1537478557262749,0.6519576290407956
25560,LOF,0.06984021165001954,0.13426475270239463,0.7958950356475858
25561,LOF,0.1461187782988646,0.11954792939403752,0.7343332923070979
25562,LOF,0.07352480203817026,0.08796092727732348,0.8385142706845062
25563,LOF,0.10098907088622346,0.08183718531102191,0.8171737438027545
25564,LOF,0.23018871097143961,0.14944878373725773,0.6203625052913027
25565,LOF,0.13702107091362514,0.1432049231258376,0.7197740059605373
25566,GOF,0.020525514119691838,0.7479111222760042,0.23156336360430396
25567,LOF,0.016972510968857102,0.21529431029125398,0.7677331787398889
25568,LOF,0.04915682192294068,0.0980682305332568,0.8527749475438026
25569,LOF,0.04890282468432206,0.10038858053653085,0.8507085947791471
25570,LOF,0.03017332885185089,0.14249570127934574,0.8273309698688033
25571,LOF,0.029230035416502057,0.13451270463602352,0.8362572599474745
25572,LOF,0.03239145186787143,0.1668054643808069,0.8008030837513216
25573,LOF,0.026571330507632128,0.14145342224161733,0.8319752472507504
25574,LOF,0.019308352292668647,0.19860374780197307,0.7820878999053583
25575,LOF,0.02441693677231055,0.1499016345940965,0.825681428633593
25576,LOF,0.012183547563666281,0.2022740288247371,0.7855424236115965
25577,LOF,0.01025155811247374,0.16547942584817305,0.8242690160393532
25578,LOF,0.24817062797837453,0.13728183307606642,0.614547538945559
25579,LOF,0.14993447767161444,0.1479776544913901,0.7020878678369954
25580,LOF,0.017785461119785077,0.12017125030728532,0.8620432885729297
25581,LOF,0.04124089762718914,0.10245626074486823,0.8563028416279427
25582,LOF,0.0411465997228703,0.10064479920756736,0.8582086010695623
25583,LOF,0.02022749291405106,0.12929048747246666,0.8504820196134822
25584,Neutral,0.5212667098936526,0.15144214560281313,0.3272911445035342
25585,LOF,0.013144054896019353,0.19328850570500963,0.793567439398971
25586,LOF,0.016045939386583323,0.11008402526919821,0.8738700353442186
25587,LOF,0.016159553942548883,0.10150565700847347,0.8823347890489777
25588,LOF,0.016599193354409857,0.11904439052648423,0.864356416119106
25589,Neutral,0.5851059447473894,0.15599485201597546,0.258899203236635
25590,LOF,0.01767244099118563,0.15728405313850904,0.8250435058703054
25591,LOF,0.07526361244574102,0.0849068349911424,0.8398295525631166
25592,LOF,0.04576541560151031,0.18091033333861825,0.7733242510598715
25593,LOF,0.02465024140298927,0.30319867000966927,0.6721510885873414
25594,LOF,0.035942763671586116,0.12016048192634274,0.8438967544020711
25595,LOF,0.04189620025407216,0.08507906453050809,0.8730247352154198
25596,LOF,0.059012224047706674,0.072331153570966,0.8686566223813273
25597,LOF,0.03816030712022454,0.07891923441230136,0.8829204584674741
25598,LOF,0.03337464784724332,0.10619829414015994,0.8604270580125968
25599,GOF,0.008331074117988385,0.5585243608707745,0.43314456501123716
25600,GOF,0.03154273396129476,0.573520942272513,0.3949363237661922
25601,LOF,0.015274627495821327,0.4026612913959977,0.5820640811081809
25602,LOF,0.014204625456381154,0.052833248753671416,0.9329621257899474
25603,LOF,0.060183047210714075,0.018976677935008013,0.9208402748542778
25604,LOF,0.014394317728517299,0.07107646235159855,0.9145292199198842
25605,LOF,0.007938663515697397,0.2249051181249973,0.7671562183593051
25606,LOF,0.11206556204863598,0.3674588080118351,0.5204756299395289
25607,LOF,0.005131022273188861,0.22326941182452675,0.7715995659022844
25608,LOF,0.01220660766308696,0.08658999425244612,0.9012033980844669
25609,LOF,0.07065466956704453,0.36717349918875797,0.5621718312441975
25610,LOF,0.019073628811099183,0.025920303557672126,0.9550060676312287
25611,LOF,0.02010114905454431,0.025838137465412324,0.9540607134800435
25612,LOF,0.06644343300032662,0.036018128921603415,0.89753843807807
25613,LOF,0.05506365743311624,0.03598847088248749,0.9089478716843963
25614,LOF,0.02548448333346037,0.0302754071649542,0.9442401095015854
25615,LOF,0.018680756413325117,0.03619724721408998,0.9451219963725849
25616,LOF,0.060170208095569416,0.02795599762929859,0.9118737942751319
25617,LOF,0.0562924581694914,0.0320505616827682,0.9116569801477405
25618,LOF,0.07418372515387726,0.03342040458185673,0.8923958702642659
25619,LOF,0.01807228131670261,0.03241095471057818,0.9495167639727192
25620,LOF,0.07428851504634085,0.03665746006110513,0.889054024892554
25621,LOF,0.018165293549277907,0.03772043435784971,0.9441142720928724
25622,LOF,0.022922022794545263,0.038466654894542575,0.9386113223109122
25623,LOF,0.038950057146931796,0.02793647162926501,0.9331134712238032
25624,LOF,0.02138103598683808,0.038727484594401715,0.9398914794187602
25625,LOF,0.024842795012290118,0.049355249692475886,0.925801955295234
25626,LOF,0.0563565997171417,0.03265377641748874,0.9109896238653696
25627,Neutral,0.5704587760128011,0.12559274693901895,0.3039484770481799
25628,LOF,0.20926514210405037,0.06254471171844879,0.7281901461775009
25629,LOF,0.04345795654734197,0.0633274651910379,0.8932145782616201
25630,LOF,0.14150298696208577,0.10775935949572096,0.7507376535421934
25631,Neutral,0.6080528567034428,0.0669032319027361,0.3250439113938211
25632,LOF,0.008634958214009688,0.09118297940158221,0.9001820623844081
25633,LOF,0.2610222995185035,0.06381394892250865,0.6751637515589878
25634,LOF,0.03084758776566848,0.11230317437326512,0.8568492378610663
25635,LOF,0.03217690933335404,0.07545771046447489,0.8923653802021709
25636,GOF,0.005149318487484185,0.5876297340218747,0.4072209474906411
25637,GOF,0.0068615100829175785,0.6143354505435424,0.37880303937354
25638,LOF,0.01151487851289931,0.2938159924097144,0.6946691290773862
25639,LOF,0.005314403922296912,0.4599697967254007,0.5347157993523023
25640,Neutral,0.4629595083550027,0.44691683060287063,0.09012366104212656
25641,LOF,0.013318735593752393,0.35738089755466096,0.6293003668515867
25642,LOF,0.25689764113760466,0.08085108579961288,0.6622512730627825
25643,LOF,0.12883277178243735,0.19157939224588505,0.6795878359716776
25644,GOF,0.011134709165622168,0.4982052513651359,0.4906600394692419
25645,LOF,0.008487198629115416,0.4650843493260142,0.5264284520448704
25646,LOF,0.014606147912403056,0.3362763748102733,0.6491174772773237
25647,LOF,0.010976771964027299,0.2934908185533416,0.6955324094826312
25648,LOF,0.009917243542392446,0.28101622283015726,0.7090665336274503
25649,LOF,0.008688300018591081,0.20548041191141092,0.7858312880699979
25650,LOF,0.016049416449987596,0.44887799194679256,0.5350725916032198
25651,LOF,0.006202394846454021,0.309059114144905,0.6847384910086409
25652,LOF,0.011579053601643149,0.26813791501424855,0.7202830313841083
25653,LOF,0.03278556123751487,0.4113919622665273,0.5558224764959578
25654,LOF,0.01227783218303278,0.1637784517883121,0.823943716028655
25655,LOF,0.05525905749062447,0.45113744850138143,0.49360349400799397
25656,LOF,0.17790154210066936,0.04705012537456059,0.7750483325247701
25657,LOF,0.25066942380592894,0.026588593328835865,0.7227419828652352
25658,LOF,0.06808705831245603,0.07631854232012307,0.8555943993674209
25659,LOF,0.3768968624291457,0.06709097474708468,0.5560121628237696
25660,LOF,0.03481776443197529,0.10459569135451896,0.8605865442135057
25661,LOF,0.10593437010651649,0.06444014872665568,0.8296254811668278
25662,LOF,0.027430478524816844,0.0438955557956632,0.92867396567952
25663,LOF,0.03598498066549255,0.06425610449486897,0.8997589148396385
25664,LOF,0.0362592378394221,0.07631916848666498,0.8874215936739129
25665,LOF,0.05255060986827293,0.03531283841521906,0.912136551716508
25666,LOF,0.04041565925382572,0.09538830460754771,0.8641960361386266
25667,LOF,0.07415014555034646,0.04905785889980052,0.8767919955498531
25668,LOF,0.028359226592911856,0.05283637069806138,0.9188044027090269
25669,LOF,0.03039031238337793,0.07658345774388749,0.8930262298727345
25670,LOF,0.05952969963976822,0.05985063467960433,0.8806196656806276
25671,LOF,0.0933319984724361,0.04289023208268431,0.8637777694448796
25672,LOF,0.05217011968389396,0.045109907989656445,0.9027199723264496
25673,LOF,0.028631256678181494,0.06118209172812902,0.9101866515936894
25674,LOF,0.02224888302469684,0.07350200403591409,0.9042491129393891
25675,LOF,0.034821277772203306,0.07291659240016914,0.8922621298276275
25676,LOF,0.02110997251845708,0.0627483922157417,0.9161416352658012
25677,LOF,0.03008312630305976,0.07397775863884747,0.8959391150580929
25678,LOF,0.18873591372162038,0.05347990227304809,0.7577841840053315
25679,LOF,0.16091117749183956,0.07761549921240908,0.7614733232957515
25680,LOF,0.038601935460373375,0.11640370312312927,0.8449943614164974
25681,LOF,0.06666708015479136,0.10671438344461576,0.8266185364005928
25682,LOF,0.12089050358415462,0.07528399940648133,0.8038254970093641
25683,LOF,0.08815963182928101,0.11178405277863615,0.8000563153920828
25684,LOF,0.048167193521360084,0.07635067756338632,0.8754821289152536
25685,LOF,0.0791201954731285,0.06957487116408093,0.8513049333627905
25686,LOF,0.03057325752431631,0.09606425111131735,0.8733624913643663
25687,LOF,0.048227632368341954,0.08060692118263721,0.8711654464490209
25688,LOF,0.04464555202390422,0.046083063188164644,0.9092713847879311
25689,LOF,0.02870424461098112,0.0521915176980339,0.919104237690985
25690,LOF,0.03640703640132966,0.05158547829349368,0.9120074853051766
25691,LOF,0.26314801099834983,0.058859154446164616,0.6779928345554856
25692,LOF,0.27443815982045233,0.006722954396820943,0.7188388857827268
25693,LOF,0.08486565164411987,0.24982217618531707,0.6653121721705629
25694,LOF,0.2590151415507811,0.012392947413900368,0.7285919110353185
25695,LOF,0.1688322710904043,0.023896900175206306,0.8072708287343894
25696,LOF,0.10727508541777059,0.013554392354834102,0.8791705222273952
25697,LOF,0.08564617294212769,0.03142577996369784,0.8829280470941745
25698,LOF,0.05065334777094042,0.46322222077756636,0.4861244314514931
25699,LOF,0.06713230780184976,0.09346701167702022,0.8394006805211301
25700,LOF,0.06649917472073429,0.009220601684435425,0.9242802235948304
25701,LOF,0.01701824758004135,0.0845068447546596,0.8984749076652989
25702,GOF,0.032273462037613145,0.7241481404843767,0.24357839747801022
25703,LOF,0.008231624006979346,0.1835003786969037,0.8082679972961169
25704,LOF,0.04547585946375764,0.17664788887262844,0.777876251663614
25705,LOF,0.06273629475861313,0.22463559867669866,0.7126281065646881
25706,GOF,0.03874652797785962,0.5129100214491337,0.4483434505730068
25707,LOF,0.027119290065215455,0.46982336419219534,0.5030573457425893
25708,LOF,0.008375504422549272,0.38819082488065054,0.6034336706968002
25709,LOF,0.061054200640287076,0.05527741329450116,0.8836683860652118
25710,LOF,0.005802358220480472,0.1572186478147939,0.8369789939647256
25711,LOF,0.02022976240014225,0.11096437669705428,0.8688058609028035
25712,LOF,0.007972500060802344,0.18037368251171423,0.8116538174274834
25713,LOF,0.018898643355264026,0.09870891173029889,0.8823924449144371
25714,LOF,0.07078677661387507,0.12296859226008612,0.8062446311260388
25715,LOF,0.013686179467284945,0.12769172058618136,0.8586220999465336
25716,LOF,0.006536955297926573,0.10152857731372962,0.8919344673883438
25717,LOF,0.005780145999426709,0.09774019186862451,0.8964796621319489
25718,LOF,0.014622465900386314,0.07903028530255328,0.9063472487970603
25719,LOF,0.02500645670430257,0.08076809428528522,0.8942254490104122
25720,LOF,0.025357472119384147,0.07518514756391341,0.8994573803167024
25721,LOF,0.01678208494397867,0.10366470773728283,0.8795532073187384
25722,LOF,0.014419055873429329,0.12974880408086134,0.8558321400457093
25723,LOF,0.020857097787951622,0.0636846968573518,0.9154582053546967
25724,LOF,0.022175904279758248,0.0988875041484929,0.8789365915717489
25725,LOF,0.014109350717685619,0.07340708407914502,0.9124835652031693
25726,LOF,0.012533629194153378,0.09735823317302028,0.8901081376328265
25727,LOF,0.015674377746256123,0.07997938453394571,0.9043462377197982
25728,LOF,0.012932134911813203,0.10782200388726053,0.8792458612009262
25729,LOF,0.013540429248714307,0.11196428568007681,0.8744952850712089
25730,LOF,0.014254760277650389,0.09639204048384456,0.889353199238505
25731,LOF,0.008333797435422046,0.13326444626262535,0.8584017563019526
25732,LOF,0.014362390894954554,0.09305104458229585,0.8925865645227496
25733,LOF,0.01914314657695474,0.07733864916414578,0.9035182042588994
25734,LOF,0.005478741663748302,0.13363823081090573,0.860883027525346
25735,LOF,0.01609465257015967,0.0746876262517053,0.909217721178135
25736,LOF,0.015406678101338302,0.10574049624134256,0.8788528256573191
25737,LOF,0.024379556999531773,0.08845413453130746,0.8871663084691607
25738,LOF,0.015208714328815001,0.12942212654424878,0.8553691591269362
25739,LOF,0.022966837281782972,0.11045748518514743,0.8665756775330696
25740,LOF,0.03400339514809792,0.12305442587243386,0.8429421789794682
25741,LOF,0.017617632110466342,0.10714227662382035,0.8752400912657132
25742,LOF,0.11259623228100493,0.0956904778090659,0.7917132899099292
25743,LOF,0.016396894379751465,0.034684197768012605,0.9489189078522359
25744,LOF,0.22449959882699394,0.3465112844361885,0.4289891167368175
25745,LOF,0.027596090270351665,0.04887316559247241,0.923530744137176
25746,LOF,0.015918095752486826,0.05895413361622436,0.9251277706312888
25747,LOF,0.02751750730639131,0.031221726478082527,0.9412607662155261
25748,LOF,0.15051879938727383,0.05232296754437731,0.7971582330683489
25749,LOF,0.01580336804794118,0.04663874526489271,0.9375578866871661
25750,LOF,0.031974359516743794,0.06433902939470977,0.9036866110885463
25751,LOF,0.11912580161031333,0.0546690845786562,0.8262051138110306
25752,GOF,0.11655789303182466,0.6288466587067393,0.25459544826143604
25753,LOF,0.0077219333325561695,0.37221290218477515,0.6200651644826687
25754,GOF,0.005138092885836555,0.8381257661834379,0.15673614093072555
25755,LOF,0.009608079344328746,0.4413071639202791,0.5490847567353923
25756,LOF,0.042624351751066686,0.4411396560014392,0.5162359922474942
25757,GOF,0.0062406558603654945,0.8700198136388527,0.12373953050078179
25758,GOF,0.006278373927230456,0.8616729043083327,0.13204872176443702
25759,GOF,0.004411745406031572,0.5605784207268222,0.43500983386714637
25760,LOF,0.004672863867397466,0.33517281832477275,0.6601543178078297
25761,GOF,0.034345533917504556,0.8505301258728202,0.11512434020967534
25762,LOF,0.028593883187948612,0.3675509813759073,0.6038551354361441
25763,LOF,0.005631021877710397,0.26696968061702436,0.7273992975052652
25764,GOF,0.13701755059551907,0.552652145650053,0.3103303037544279
25765,GOF,0.010708268143934007,0.7959703028656624,0.1933214289904037
25766,GOF,0.01675861799960163,0.8214239123896092,0.16181746961078916
25767,GOF,0.022061909374173082,0.49311704769767223,0.48482104292815464
25768,LOF,0.08349764454342948,0.06011257468921161,0.8563897807673588
25769,LOF,0.07581281895700583,0.04982322903679209,0.8743639520062021
25770,LOF,0.248698148654993,0.05959881271299964,0.6917030386320072
25771,LOF,0.011861471853606831,0.06035646953207374,0.9277820586143194
25772,LOF,0.01682250526576572,0.023971536208782715,0.9592059585254517
25773,LOF,0.009794371107853691,0.1115938277348998,0.8786118011572465
25774,LOF,0.023273155883504745,0.07265556415615901,0.9040712799603362
25775,LOF,0.014256419547472067,0.03856111106453538,0.9471824693879926
25776,LOF,0.08535104400089448,0.018691911604957707,0.8959570443941478
25777,LOF,0.27434055251903705,0.041330257883059586,0.6843291895979033
25778,LOF,0.06963428930503417,0.03483815642837955,0.8955275542665863
25779,GOF,0.054240445614915984,0.8684796071944166,0.07727994719066746
25780,GOF,0.05723127519798416,0.8527850471722408,0.08998367762977524
25781,GOF,0.02365262763430834,0.8391583063832525,0.13718906598243927
25782,GOF,0.02707569193095107,0.887665285532651,0.08525902253639804
25783,GOF,0.014921762976029483,0.6722136226924422,0.3128646143315282
25784,GOF,0.11176666890886638,0.8218476266041002,0.06638570448703346
25785,GOF,0.07311201663451689,0.8766787939139955,0.050209189451487515
25786,GOF,0.004768376558937045,0.8103443434536736,0.18488727998738932
25787,GOF,0.19210041850888132,0.7700143791967972,0.03788520229432154
25788,LOF,0.04598562685452728,0.13720410267050398,0.8168102704749687
25789,GOF,0.03081440714724702,0.8150063251815081,0.15417926767124496
25790,GOF,0.03743983476007552,0.8531703500249271,0.10938981521499737
25791,GOF,0.023263318564348538,0.7974994545292822,0.17923722690636934
25792,GOF,0.0397388878501564,0.8062235900133755,0.15403752213646807
25793,GOF,0.09456057516706778,0.7895101174278407,0.11592930740509151
25794,GOF,0.09662789843217429,0.6891389563515555,0.21423314521627027
25795,GOF,0.025218376340842574,0.7407515154762305,0.23403010818292697
25796,GOF,0.12285316896328476,0.7562793002046012,0.12086753083211399
25797,GOF,0.030526079489035556,0.6057267065286328,0.36374721398233173
25798,GOF,0.0029881822061797168,0.5659478489085109,0.4310639688853094
25799,LOF,0.0028622728263999315,0.4483558190461809,0.5487819081274191
25800,GOF,0.009152433733131321,0.6338811011120591,0.3569664651548096
25801,GOF,0.02352804950938456,0.8019410162003683,0.17453093429024724
25802,GOF,0.015100972519535493,0.7363751144594899,0.24852391302097454
25803,GOF,0.00907335413636167,0.6325287502086511,0.3583978956549873
25804,GOF,0.010143433902021675,0.5247308259996446,0.4651257400983337
25805,GOF,0.018334754010462976,0.6359859699220509,0.3456792760674861
25806,GOF,0.016367200684683638,0.6657775236647089,0.31785527565060745
25807,GOF,0.004774423532292302,0.6531537111740159,0.3420718652936917
25808,GOF,0.012412932768761025,0.6598988180727351,0.3276882491585038
25809,GOF,0.005565706300809219,0.6441862619998155,0.35024803169937535
25810,GOF,0.004708030359202477,0.6647384436182703,0.3305535260225273
25811,GOF,0.07149305093293747,0.8239041904532216,0.10460275861384105
25812,GOF,0.012576856732854956,0.647420078983543,0.340003064283602
25813,GOF,0.10679170446186262,0.7626240531045745,0.1305842424335628
25814,GOF,0.024690498485783762,0.731172735426733,0.24413676608748316
25815,GOF,0.03464443682373454,0.7427483414646737,0.22260722171159178
25816,GOF,0.007212465531941753,0.815028629267314,0.17775890520074408
25817,GOF,0.05973836216815246,0.7710241260788852,0.16923751175296237
25818,GOF,0.01959630010029867,0.7402699106600462,0.24013378923965514
25819,GOF,0.06212889587121773,0.7456183756626704,0.1922527284661119
25820,GOF,0.028405286577705004,0.7320265943851118,0.23956811903718328
25821,GOF,0.016458251603106894,0.721661912771216,0.26187983562567707
25822,GOF,0.03467544822603626,0.7439382020282423,0.22138634974572133
25823,GOF,0.011307026572683588,0.5831721193960834,0.40552085403123306
25824,GOF,0.02138023158332253,0.7020775654158674,0.2765422030008101
25825,GOF,0.011671093371908029,0.6851054354041749,0.30322347122391696
25826,GOF,0.005055846268996038,0.6450528795895717,0.3498912741414323
25827,GOF,0.007875714381279323,0.6486611899975223,0.3434630956211984
25828,GOF,0.0048245330850534155,0.5777075421530624,0.41746792476188416
25829,GOF,0.0029238495568270663,0.6366591962661476,0.36041695417702524
25830,LOF,0.02884802799053646,0.39508375289610176,0.5760682191133618
25831,GOF,0.031120498557974677,0.8329180545913446,0.13596144685068073
25832,GOF,0.007149849701620623,0.7464532867551199,0.24639686354325951
25833,GOF,0.024272160433001233,0.7973509202805285,0.17837691928647031
25834,GOF,0.00710645142314739,0.750108500194074,0.24278504838277865
25835,GOF,0.016834132370686306,0.8199123798911615,0.16325348773815213
25836,GOF,0.005805014070210683,0.7521094443828895,0.2420855415468997
25837,GOF,0.005822142802354533,0.6692663497611528,0.3249115074364926
25838,GOF,0.016170771949273067,0.8278845509965537,0.15594467705417328
25839,GOF,0.03191039352265778,0.8164196018042907,0.15167000467305147
25840,GOF,0.031273849546841904,0.8278492578676416,0.14087689258551636
25841,GOF,0.0297174104975482,0.843549411679933,0.12673317782251886
25842,GOF,0.022642981442384576,0.8668150937910135,0.11054192476660175
25843,GOF,0.024805806792673246,0.879132522187108,0.09606167102021877
25844,GOF,0.014983265795381355,0.7907101226710178,0.19430661153360088
25845,GOF,0.005297736352858488,0.5795935120351418,0.4151087516119997
25846,GOF,0.023250803392628024,0.8469232381602969,0.12982595844707503
25847,GOF,0.017116442388665182,0.8847364163971277,0.09814714121420705
25848,GOF,0.013880020799625343,0.8275410534754692,0.1585789257249053
25849,GOF,0.004984400499422805,0.7003843898312131,0.2946312096693642
25850,GOF,0.006314429051057897,0.6940459944507349,0.29963957649820727
25851,GOF,0.0056797957959360875,0.5784546024630112,0.4158656017410528
25852,GOF,0.13770846157134545,0.5721888224610286,0.2901027159676258
25853,GOF,0.06953247275963058,0.841985844434877,0.08848168280549243
25854,GOF,0.009117378212875749,0.6508214065195609,0.34006121526756344
25855,GOF,0.011351281303176175,0.5937744202196585,0.3948742984771654
25856,GOF,0.03174698665174109,0.7215521035237752,0.24670090982448362
25857,GOF,0.014186751360543821,0.5607599366555626,0.4250533119838938
25858,GOF,0.007803159259138179,0.5582719562846266,0.4339248844562353
25859,GOF,0.005148740218047248,0.535899962042161,0.4589512977397919
25860,GOF,0.057366984738149475,0.7990672493522367,0.14356576590961387
25861,GOF,0.09696411604780303,0.8090193225548172,0.0940165613973796
25862,GOF,0.01875959190522011,0.8457835388972232,0.13545686919755667
25863,GOF,0.017426183984684984,0.8541239083718692,0.12844990764344588
25864,GOF,0.03803752825782343,0.8738311664800649,0.08813130526211178
25865,GOF,0.025348861152574214,0.8426226165393393,0.13202852230808643
25866,GOF,0.02139471568100021,0.8294841551678251,0.1491211291511746
25867,GOF,0.023175393436680285,0.8506844800181605,0.1261401265451592
25868,GOF,0.04951001897791218,0.8007792826985606,0.1497106983235271
25869,GOF,0.2990533734018185,0.6159628857422444,0.08498374085593718
25870,GOF,0.16982829471191677,0.5475821830242699,0.28258952226381334
25871,GOF,0.019683690056832227,0.8575310296128302,0.12278528033033759
25872,GOF,0.016415237171785814,0.8318254464757638,0.15175931635245046
25873,GOF,0.017328576760867534,0.8599067968936893,0.12276462634544315
25874,LOF,0.01568068548328007,0.1499431061423099,0.83437620837441
25875,LOF,0.0332577878812817,0.039097789442142615,0.9276444226765758
25876,LOF,0.016292149352462267,0.029355035400530673,0.9543528152470071
25877,LOF,0.13499475827159835,0.06427139940785077,0.8007338423205509
25878,LOF,0.055794992078440304,0.08243907503355524,0.8617659328880045
25879,LOF,0.02452465366334408,0.0689272623843064,0.9065480839523496
25880,LOF,0.04829401670871449,0.009942398852503512,0.9417635844387819
25881,Neutral,0.5908850753432217,0.07313831759814791,0.33597660705863047
25882,LOF,0.02207145993643061,0.045573616397490725,0.9323549236660787
25883,LOF,0.05482075985326074,0.02833135343041039,0.9168478867163289
25884,LOF,0.011098971098261213,0.06732166128549565,0.9215793676162432
25885,LOF,0.2005100536686892,0.00903193592846803,0.7904580104028428
25886,LOF,0.20611000879903246,0.056505530748152934,0.7373844604528146
25887,LOF,0.15557947706485856,0.07897353679425466,0.7654469861408868
25888,LOF,0.01434646252928607,0.15630341294261096,0.829350124528103
25889,LOF,0.01545059394978117,0.043504075716420884,0.9410453303337979
25890,LOF,0.11202335615173833,0.10144659379742123,0.7865300500508405
25891,LOF,0.049057597849301804,0.047941001394686156,0.903001400756012
25892,LOF,0.010602320293387459,0.05061995038186918,0.9387777293247435
25893,LOF,0.3741179443487667,0.01666657306385046,0.6092154825873828
25894,LOF,0.41192072621999376,0.008294178445368755,0.5797850953346374
25895,LOF,0.33567193400675827,0.01672924362904719,0.6475988223641945
25896,LOF,0.04110125144563226,0.03438428844357409,0.9245144601107936
25897,LOF,0.18656451790284473,0.01552195585300514,0.79791352624415
25898,LOF,0.2177393184927406,0.04524864105319884,0.7370120404540605
25899,LOF,0.2335638468640617,0.0385017774950293,0.7279343756409089
25900,LOF,0.462658072106306,0.014666160017781866,0.5226757678759121
25901,LOF,0.04642793956743174,0.013881454397718455,0.9396906060348498
25902,LOF,0.0925820502811973,0.021662973715604668,0.8857549760031981
25903,LOF,0.33589150466523604,0.04437272079393187,0.6197357745408322
25904,Neutral,0.4927916971169136,0.04873897220864293,0.4584693306744434
25905,LOF,0.006838538662531459,0.403047903684561,0.5901135576529075
25906,LOF,0.007762969352616511,0.1046525804355944,0.8875844502117891
25907,LOF,0.004216303727867572,0.32750844421896674,0.6682752520531657
25908,LOF,0.004010050055991981,0.21680582362183057,0.7791841263221774
25909,LOF,0.015639360227869107,0.148180465149188,0.8361801746229428
25910,LOF,0.016045669884462307,0.14216204098927038,0.8417922891262674
25911,LOF,0.17700320446438753,0.0313047436308876,0.7916920519047249
25912,LOF,0.07424480103483087,0.04918501213831824,0.8765701868268508
25913,LOF,0.07197546919276769,0.050575462961813394,0.8774490678454189
25914,LOF,0.02207688636763289,0.07293039630200081,0.9049927173303663
25915,LOF,0.1249679877925705,0.2856091690940137,0.5894228431134159
25916,LOF,0.020588554956437286,0.20240771400929816,0.7770037310342645
25917,LOF,0.05896458495108698,0.048659560902155466,0.8923758541467575
25918,LOF,0.027922641283268806,0.043190726263644785,0.9288866324530863
25919,LOF,0.023165570261842048,0.043236409513719036,0.9335980202244388
25920,LOF,0.11270098875320719,0.1940004101019533,0.6932986011448395
25921,LOF,0.010214572902035491,0.03173520795420968,0.9580502191437549
25922,LOF,0.013087789781242696,0.024379656333079324,0.9625325538856779
25923,LOF,0.40980738096249897,0.030739439011515265,0.5594531800259858
25924,LOF,0.01802829284446912,0.038825041104476064,0.9431466660510549
25925,LOF,0.0755039365908492,0.04004928819958352,0.8844467752095673
25926,LOF,0.055998225385183696,0.03350293971572401,0.9104988348990923
25927,LOF,0.022097452312906635,0.056023769728549444,0.921878777958544
25928,LOF,0.007667440376701776,0.04577413726975077,0.9465584223535474
25929,LOF,0.4834424512923893,0.02887277611058479,0.48768477259702586
25930,LOF,0.08642494920034365,0.027367109812517013,0.8862079409871393
25931,LOF,0.009468097179797467,0.029892587119742377,0.9606393157004601
25932,LOF,0.03495970865059631,0.025132053977285674,0.9399082373721179
25933,LOF,0.042981460688972455,0.01561654384424038,0.9414019954667873
25934,LOF,0.02857365766757866,0.016023946936878367,0.955402395395543
25935,LOF,0.07430545615064872,0.045504523287678456,0.880190020561673
25936,LOF,0.0433844282737532,0.01791071170769976,0.9387048600185469
25937,LOF,0.009120388758095954,0.03150569726267133,0.9593739139792328
25938,LOF,0.07071136432476068,0.05012919597942986,0.8791594396958096
25939,LOF,0.03490010854313983,0.019949986060088153,0.945149905396772
25940,LOF,0.007488736931463888,0.3675674602342077,0.6249438028343284
25941,Neutral,0.5263980810276828,0.02473915246440214,0.448862766507915
25942,LOF,0.00567823471005645,0.04467908629813404,0.9496426789918095
25943,LOF,0.03593619017843495,0.13921360217469386,0.8248502076468711
25944,LOF,0.11622984843493166,0.068657182602891,0.8151129689621773
25945,LOF,0.058692971441541404,0.020926091635546613,0.9203809369229121
25946,LOF,0.07152473954292286,0.05621684643554188,0.8722584140215353
25947,Neutral,0.49472002203987936,0.0796189299018387,0.425661048058282
25948,LOF,0.3598405544217167,0.010751779082832636,0.6294076664954508
25949,LOF,0.0952067901329932,0.05180203090078208,0.8529911789662247
25950,GOF,0.048244158327906045,0.5903769993840077,0.3613788422880862
25951,LOF,0.014818038043583745,0.3873090287326988,0.5978729332237175
25952,LOF,0.28731325535171864,0.2905974288804248,0.42208931576785663
25953,LOF,0.012474564599466258,0.1715000264691822,0.8160254089313516
25954,LOF,0.04831464005043274,0.43109490993815874,0.5205904500114085
25955,LOF,0.00991109358488963,0.140114418095996,0.8499744883191144
25956,LOF,0.02567156414505417,0.26466900974501933,0.7096594261099265
25957,LOF,0.18463060187259722,0.030675941440296967,0.7846934566871058
25958,LOF,0.05257520626992207,0.029542709602546343,0.9178820841275317
25959,LOF,0.013408263869669174,0.4821395436394552,0.5044521924908756
25960,LOF,0.004976245409066943,0.05141108123444699,0.9436126733564861
25961,LOF,0.05090119364658074,0.026945172321557326,0.9221536340318619
25962,LOF,0.03251712148254381,0.08301451079347667,0.8844683677239795
25963,LOF,0.005711596499203231,0.23890979108868893,0.7553786124121079
25964,LOF,0.02958346365250866,0.09529941129975396,0.8751171250477373
25965,LOF,0.31959945021416775,0.13421750965844287,0.5461830401273893
25966,LOF,0.4153524905790503,0.13101034142374546,0.45363716799720416
25967,LOF,0.0059101885694599595,0.06901764471400068,0.9250721667165394
25968,LOF,0.044653414867664734,0.2470683161354996,0.7082782689968357
25969,LOF,0.12278661553311515,0.07276415781945811,0.8044492266474267
25970,LOF,0.018759739398149854,0.09085339120171428,0.8903868694001358
25971,LOF,0.06687648119228556,0.030471762859344477,0.90265175594837
25972,LOF,0.05721765217754595,0.04114346546309985,0.9016388823593543
25973,LOF,0.052712415242350756,0.013049892532672611,0.9342376922249767
25974,LOF,0.04624829350649935,0.03810413649504513,0.9156475699984554
25975,LOF,0.04176089324104784,0.025507738408727734,0.9327313683502245
25976,LOF,0.11421831693702081,0.01334874686140299,0.8724329362015761
25977,LOF,0.21485348872236995,0.06313468704178582,0.7220118242358443
25978,LOF,0.13592053441874494,0.15244120114095608,0.7116382644402989
25979,LOF,0.11933222790701307,0.173871200644691,0.706796571448296
25980,LOF,0.22868814062965576,0.17785906058588785,0.5934527987844563
25981,LOF,0.22851973716064303,0.17986289384253926,0.5916173689968177
25982,LOF,0.3836852456610674,0.11671267091742375,0.49960208342150886
25983,LOF,0.38158596350858043,0.14473903753905543,0.47367499895236415
25984,LOF,0.034724839427668935,0.07252575654154711,0.892749404030784
25985,LOF,0.419991466294934,0.13416480086707708,0.445843732837989
25986,LOF,0.012165867673468474,0.43626547892653567,0.5515686533999958
25987,LOF,0.03721785794268006,0.11796359819538907,0.8448185438619309
25988,LOF,0.14519677412104626,0.11930365925628508,0.7354995666226686
25989,LOF,0.040400675037836696,0.16921684930104058,0.7903824756611227
25990,LOF,0.039529400942405056,0.2510294615929776,0.7094411374646172
25991,LOF,0.022119046774673988,0.3576273796939959,0.6202535735313301
25992,LOF,0.03174844084483968,0.36344071615170215,0.6048108430034581
25993,LOF,0.02167749437957281,0.0865011494281151,0.8918213561923122
25994,LOF,0.0168719663224535,0.07646953971871732,0.9066584939588292
25995,LOF,0.01821986696246346,0.16070060022464105,0.8210795328128956
25996,LOF,0.30880313526624514,0.3032333408906487,0.3879635238431062
25997,LOF,0.08450834001575044,0.31453504515195724,0.6009566148322923
25998,LOF,0.3237121030790903,0.047949523680027126,0.6283383732408826
25999,LOF,0.018538862257816677,0.2775553171643507,0.7039058205778326
26000,LOF,0.14179895005228083,0.03859156536712709,0.8196094845805921
26001,LOF,0.2991290353344054,0.030233958222364337,0.6706370064432302
26002,LOF,0.06161985339725081,0.06361715789786421,0.8747629887048849
26003,GOF,0.003977045642733116,0.618726802562544,0.37729615179472287
26004,GOF,0.006364928259615441,0.7113443077984359,0.2822907639419485
26005,GOF,0.003153482855002663,0.5013991781543796,0.4954473389906178
26006,GOF,0.09141765041282623,0.6127666076489199,0.29581574193825394
26007,GOF,0.006534352412598796,0.576254200534329,0.4172114470530722
26008,GOF,0.005540117077343207,0.6839361039668115,0.3105237789558452
26009,GOF,0.006050063326064758,0.6801491269144055,0.3138008097595297
26010,GOF,0.006656805656883249,0.6733113574074617,0.32003183693565507
26011,LOF,0.0026647442394954843,0.47478059721031823,0.5225546585501862
26012,GOF,0.003865923290054187,0.5661325830372899,0.43000149367265594
26013,GOF,0.004695388264414961,0.6117217723835452,0.3835828393520399
26014,LOF,0.036588607032521835,0.11841838044692943,0.8449930125205488
26015,LOF,0.14154616218968238,0.022191549295812716,0.8362622885145049
26016,LOF,0.27455209676929077,0.03643727921971544,0.6890106240109938
26017,LOF,0.022787663723964516,0.1928268602100587,0.7843854760659767
26018,LOF,0.05121452921861234,0.04407302813263006,0.9047124426487576
26019,LOF,0.050036070594068796,0.038220110471036975,0.9117438189348941
26020,LOF,0.008495866223122709,0.20922612844177155,0.7822780053351057
26021,LOF,0.07091273245631309,0.07412212710109353,0.8549651404425934
26022,LOF,0.028332691368881825,0.029215338373948883,0.9424519702571694
26023,LOF,0.04124685681810334,0.026346672638162504,0.932406470543734
26024,LOF,0.043708607487935654,0.06951961241770895,0.8867717800943555
26025,LOF,0.04831990451734973,0.07671019408497128,0.874969901397679
26026,LOF,0.08150944436807682,0.05600628275382514,0.8624842728780979
26027,LOF,0.04465990921213463,0.021417450528942294,0.933922640258923
26028,LOF,0.09000284944977395,0.1291039746216507,0.7808931759285753
26029,LOF,0.02152768526044531,0.2211624602452265,0.7573098544943282
26030,LOF,0.15819994869341836,0.03042381471152282,0.8113762365950589
26031,LOF,0.013666281912108821,0.1802116458260423,0.806122072261849
26032,LOF,0.06457116201557403,0.07715752221488464,0.8582713157695413
26033,LOF,0.08415946170692641,0.06947564906383313,0.8463648892292405
26034,LOF,0.016206790829124115,0.18411790725210703,0.7996753019187688
26035,LOF,0.013831710535407885,0.13699468411797583,0.8491736053466163
26036,LOF,0.015513739220207103,0.16988225752641078,0.8146040032533822
26037,LOF,0.01216812527865112,0.12295094239871503,0.8648809323226339
26038,LOF,0.05365358160521358,0.06762702454362407,0.8787193938511623
26039,LOF,0.024765873529307515,0.17160059945129044,0.8036335270194019
26040,LOF,0.11612368776424231,0.15400129193275933,0.7298750203029984
26041,LOF,0.013964532495903422,0.10766611050005367,0.878369357004043
26042,LOF,0.013197891112504339,0.11434928292333664,0.872452825964159
26043,LOF,0.05176726709195494,0.08415548983233953,0.8640772430757055
26044,LOF,0.011968969728305658,0.06619746793189064,0.9218335623398037
26045,LOF,0.045345464487486935,0.13033336825282382,0.8243211672596892
26046,LOF,0.047234849249978395,0.06699796451437462,0.885767186235647
26047,LOF,0.0787776810089049,0.06492582869042741,0.8562964903006678
26048,LOF,0.04138780851331043,0.047163640670048294,0.9114485508166412
26049,Neutral,0.960572917849398,0.007907064025163477,0.031520018125438594
26050,Neutral,0.94569622242023,0.008347328161439613,0.04595644941833044
26051,LOF,0.013031339486118607,0.13092430226516363,0.8560443582487178
26052,LOF,0.02011218506657418,0.17888622263665888,0.8010015922967669
26053,LOF,0.024435803695891396,0.15114480298124452,0.8244193933228641
26054,LOF,0.04105421347812366,0.022811310758250658,0.9361344757636257
26055,LOF,0.053383713920024584,0.02026276605230832,0.926353520027667
26056,LOF,0.04687877130271481,0.024805409585015765,0.9283158191122695
26057,LOF,0.030796543753267163,0.015625637458601033,0.9535778187881319
26058,LOF,0.031246626943098457,0.01309015411752863,0.9556632189393729
26059,LOF,0.30539062472150763,0.023906850585187694,0.6707025246933046
26060,LOF,0.010663977713226554,0.2028256816524094,0.7865103406343641
26061,LOF,0.004785458104608968,0.015867957911709626,0.9793465839836814
26062,LOF,0.0035766584885765676,0.0233996935561547,0.9730236479552687
26063,LOF,0.021868599753247037,0.013567179032815353,0.9645642212139377
26064,LOF,0.005764275167649358,0.032535636846675486,0.9617000879856751
26065,LOF,0.025004416472447093,0.01370533496516259,0.9612902485623903
26066,LOF,0.022843524095216276,0.01292624172555219,0.9642302341792316
26067,LOF,0.027933762201733287,0.010913915270104962,0.9611523225281619
26068,LOF,0.04078485716316972,0.047427532299247496,0.9117876105375828
26069,LOF,0.29790788752299474,0.02717358009899739,0.6749185323780079
26070,LOF,0.46121615290798385,0.021325099961736742,0.5174587471302794
26071,LOF,0.02348015827009204,0.012935831714808782,0.9635840100150992
26072,LOF,0.0048474199257034474,0.028540079978721662,0.9666125000955749
26073,LOF,0.02107166448436338,0.016865030079029508,0.9620633054366071
26074,Neutral,0.9221333789244798,0.007732371066877567,0.07013425000864261
26075,LOF,0.03671847101668715,0.022180565954685424,0.9411009630286274
26076,LOF,0.03513652334548908,0.01244840723969036,0.9524150694148206
26077,LOF,0.10773322861186277,0.009793484722919453,0.8824732866652176
26078,LOF,0.005187680519305948,0.018979614715457782,0.9758327047652363
26079,LOF,0.04815819483225961,0.025217417460752702,0.9266243877069877
26080,LOF,0.04603494123868375,0.025269148216077897,0.9286959105452383
26081,LOF,0.02853847585114098,0.009329825814239096,0.96213169833462
26082,LOF,0.0037269076237260008,0.020479891430964448,0.9757932009453096
26083,LOF,0.10976550971680028,0.0203847383880204,0.8698497518951792
26084,LOF,0.04164306491739397,0.01719901102384652,0.9411579240587595
26085,LOF,0.03671062395695704,0.015311372590944559,0.9479780034520985
26086,LOF,0.022766553906931532,0.013983049878406402,0.9632503962146621
26087,LOF,0.02165650086108448,0.011258696423125434,0.9670848027157901
26088,LOF,0.005228477528360156,0.025674579416427205,0.9690969430552127
26089,LOF,0.03618572208908843,0.027576395425521746,0.9362378824853899
26090,LOF,0.036762811637623086,0.022554243644082213,0.9406829447182947
26091,LOF,0.026963093546911943,0.007958823786955333,0.9650780826661326
26092,LOF,0.02349467687042786,0.00977054462561449,0.9667347785039576
26093,LOF,0.04030812364290322,0.007516019365343983,0.9521758569917527
26094,LOF,0.03217312671102153,0.007381625741791589,0.9604452475471869
26095,LOF,0.01737080456687038,0.021036886098106625,0.9615923093350229
26096,LOF,0.16014543491158853,0.007752166174393592,0.8321023989140179
26097,LOF,0.00432809747431833,0.04282366165254145,0.9528482408731402
26098,LOF,0.0674504485567129,0.021180452105345145,0.911369099337942
26099,LOF,0.021915965581257562,0.017017473030754522,0.961066561387988
26100,LOF,0.021915792014084653,0.017017338258016674,0.9610668697278988
26101,LOF,0.053566237449534745,0.024802591976442585,0.9216311705740227
26102,LOF,0.020220009739077505,0.016860683061118664,0.9629193071998039
26103,Neutral,0.8390322469666437,0.02653147509558964,0.13443627793776658
26104,LOF,0.059554705050230944,0.029083454947240094,0.9113618400025288
26105,LOF,0.22956238931962877,0.19360147310946862,0.5768361375709026
26106,LOF,0.3096788034807576,0.13595995154605828,0.5543612449731841
26107,LOF,0.01938985289481082,0.12916559226451252,0.8514445548406766
26108,LOF,0.32440697015380143,0.04876301981302555,0.6268300100331731
26109,LOF,0.03764661494453571,0.058130336146126414,0.9042230489093378
26110,LOF,0.20496366296752133,0.007150909222721692,0.7878854278097569
26111,LOF,0.08463581802310713,0.08533241710061669,0.8300317648762763
26112,LOF,0.034637197307282784,0.007411213076285062,0.9579515896164321
26113,LOF,0.05979061489697358,0.016717722444262128,0.9234916626587643
26114,LOF,0.08180728975720969,0.010050079207251613,0.9081426310355387
26115,LOF,0.01718412953389156,0.06661478166479917,0.9162010888013093
26116,LOF,0.09974237618366921,0.04204360905130499,0.8582140147650258
26117,LOF,0.4024516978178782,0.035552985252292404,0.5619953169298294
26118,LOF,0.030692076640046397,0.017185531022201113,0.9521223923377524
26119,LOF,0.004928675827299526,0.04547904961712803,0.9495922745555725
26120,LOF,0.02595398598281841,0.01628593956273149,0.9577600744544502
