feature0,prediction,LoGoFunc_Neutral,LoGoFunc_GOF,LoGoFunc_LOF
25546,Neutral,0.6694841964670648,0.06600195559360893,0.26451384793932625
25547,Neutral,0.5023964736206928,0.1190055809677039,0.37859794541160313
25548,Neutral,0.49074692962104427,0.08922427853557437,0.4200287918433814
25549,LOF,0.438801892584732,0.08691528609350758,0.4742828213217604
25550,LOF,0.36700783072479304,0.14743152255785794,0.48556064671734916
25551,LOF,0.2734711749712101,0.16445092912413353,0.5620778959046564
25552,LOF,0.1993436635445081,0.15469299579599022,0.6459633406595017
25553,Neutral,0.7799617803484445,0.052409774483821246,0.16762844516773417
25554,LOF,0.23390496118017726,0.15330850830566198,0.6127865305141608
25555,LOF,0.19348496439816193,0.1371763171673011,0.669338718434537
25556,LOF,0.40425361679916794,0.1380053848452926,0.45774099835553933
25557,LOF,0.17961876540956553,0.14241056872699925,0.6779706658634352
25558,LOF,0.21906164716046111,0.156762836812009,0.6241755160275299
25559,LOF,0.18899457558645497,0.16753509164775915,0.6434703327657858
25560,LOF,0.07434686645745339,0.1302424794872208,0.7954106540553257
25561,LOF,0.14627462425914667,0.124315361674304,0.7294100140665494
25562,LOF,0.06597427953681625,0.09025777763719388,0.8437679428259899
25563,LOF,0.09834182901290305,0.083244106106143,0.8184140648809539
25564,LOF,0.20385572333703456,0.15304250241809078,0.6431017742448747
25565,LOF,0.14445309369592205,0.13544340778020125,0.7201034985238767
25566,GOF,0.01826919262368448,0.7618084519355274,0.21992235544078825
25567,LOF,0.019546210116080123,0.20158453995716993,0.7788692499267501
25568,LOF,0.051600188939717864,0.08376195807565093,0.8646378529846312
25569,LOF,0.05166665748354902,0.08508904148850316,0.8632443010279478
25570,LOF,0.03066720455375611,0.12702894202890402,0.8423038534173399
25571,LOF,0.029860183887326433,0.12218682130307026,0.8479529948096034
25572,LOF,0.0325654416097031,0.14980050887432658,0.8176340495159703
25573,LOF,0.025295373821739152,0.11706567060615752,0.8576389555721033
25574,LOF,0.017584586012735135,0.17574264194777334,0.8066727720394916
25575,LOF,0.024277176596428605,0.13194844572923345,0.8437743776743379
25576,LOF,0.011655488772234197,0.17735079891660568,0.8109937123111601
25577,LOF,0.010671008849932115,0.147121545541087,0.842207445608981
25578,LOF,0.25163351779655607,0.10755320157421976,0.6408132806292243
25579,LOF,0.1553840746539226,0.11428449670383617,0.7303314286422411
25580,LOF,0.01769849414845363,0.1022713034017374,0.8800302024498089
25581,LOF,0.04077120642593292,0.08860890499663984,0.8706198885774273
25582,LOF,0.0404698711724294,0.08707707995696272,0.8724530488706079
25583,LOF,0.02045400216706107,0.1083386214064882,0.8712073764264506
25584,Neutral,0.5165437755701818,0.11351976866521564,0.3699364557646026
25585,LOF,0.011996969558949367,0.16332895299784192,0.8246740774432088
25586,LOF,0.016513255940461796,0.09098317328220681,0.8925035707773313
25587,LOF,0.01681236827254315,0.08405754514187744,0.8991300865855795
25588,LOF,0.01693159858233508,0.1023184528668154,0.8807499485508495
25589,Neutral,0.6004739779391275,0.14385151394782386,0.25567450811304854
25590,LOF,0.018942935603122216,0.1414673782258587,0.8395896861710191
25591,LOF,0.07725517370986046,0.07103793916828371,0.8517068871218557
25592,LOF,0.04439756908609698,0.1578137515792034,0.7977886793346995
25593,LOF,0.022929969120541464,0.2833051095122801,0.6937649213671785
25594,LOF,0.0377952077141143,0.11177116660271177,0.8504336256831739
25595,LOF,0.04148519191486881,0.07983110835537283,0.8786836997297585
25596,LOF,0.05377442793964002,0.06700893092382061,0.8792166411365394
25597,LOF,0.03781381062817721,0.0760776570792533,0.8861085322925694
25598,LOF,0.035863647926160314,0.0998309334789297,0.86430541859491
25599,GOF,0.00847332151791537,0.5819231690513265,0.40960350943075824
25600,GOF,0.0264491638692043,0.6218192223432285,0.3517316137875671
25601,LOF,0.013977131764591246,0.4319414198210918,0.5540814484143168
25602,LOF,0.013537941898666521,0.05934494989055985,0.9271171082107736
25603,LOF,0.053094451576706024,0.021667634741381045,0.9252379136819129
25604,LOF,0.01485239338989917,0.08124488593747012,0.9039027206726307
25605,LOF,0.007831616731766137,0.22829073207366943,0.7638776511945645
25606,LOF,0.08936844792048163,0.3855120729041623,0.5251194791753561
25607,LOF,0.004723873059632442,0.25250611895331465,0.7427700079870528
25608,LOF,0.011145208945623462,0.1067783862715328,0.8820764047828437
25609,LOF,0.07330191680449454,0.37507758073940756,0.551620502456098
25610,LOF,0.01889113575452279,0.02775033672991323,0.9533585275155639
25611,LOF,0.019595038177713405,0.02840367627351581,0.9520012855487708
25612,LOF,0.06266984602327941,0.038549198493171476,0.8987809554835491
25613,LOF,0.05735573084430896,0.040392337129865494,0.9022519320258257
25614,LOF,0.026254228413422467,0.03226059801652248,0.9414851735700551
25615,LOF,0.01871763368654162,0.043302829300689315,0.937979537012769
25616,LOF,0.05843919439489311,0.03016409150326431,0.9113967141018426
25617,LOF,0.05396275228085812,0.03426370980451643,0.9117735379146255
25618,LOF,0.07255084925208316,0.036640795849628094,0.8908083548982888
25619,LOF,0.018574785097516075,0.03460339738081991,0.946821817521664
25620,LOF,0.06907000285948209,0.04052980140598446,0.8904001957345334
25621,LOF,0.018165338862872787,0.037785313668185355,0.9440493474689419
25622,LOF,0.023743312590219067,0.041467915433669664,0.9347887719761112
25623,LOF,0.04005980111825883,0.029308136534010782,0.9306320623477303
25624,LOF,0.021679644167042093,0.04130730788136472,0.9370130479515931
25625,LOF,0.02371468080145361,0.05389559984525385,0.9223897193532926
25626,LOF,0.050436898035529136,0.0368906537135231,0.9126724482509477
25627,Neutral,0.6066093153722582,0.1124977093043338,0.28089297532340807
25628,LOF,0.20497598819375804,0.05251155969858035,0.7425124521076616
25629,LOF,0.040620388106831135,0.053405354627789156,0.9059742572653796
25630,LOF,0.13716195798779265,0.09450170579852293,0.7683363362136844
25631,Neutral,0.5979149340458062,0.05933822972716415,0.34274683622702967
25632,LOF,0.008385176196358458,0.07743213473835532,0.9141826890652862
25633,LOF,0.25893178730111016,0.05368307551382544,0.6873851371850644
25634,LOF,0.03054204656349093,0.1031238264822187,0.8663341269542905
25635,LOF,0.03446187468319573,0.06313840932080755,0.9023997159959967
25636,GOF,0.005441608800332376,0.602084415795734,0.3924739754039336
25637,GOF,0.007496693898427351,0.6309656165281624,0.36153768957341037
25638,LOF,0.011851237037057337,0.28842311717651825,0.6997256457864245
25639,LOF,0.005840782273054338,0.47478284945001387,0.5193763682769319
25640,GOF,0.4439657360744317,0.46216870785301933,0.09386555607254911
25641,LOF,0.012327011239631834,0.33437961601842875,0.6532933727419395
25642,LOF,0.24403246002276036,0.06732204476623721,0.6886454952110025
25643,LOF,0.13228940183725027,0.16229334494376463,0.7054172532189851
25644,LOF,0.0091534695615017,0.47795675926160996,0.5128897711768883
25645,LOF,0.00739647281291214,0.43031991043561413,0.5622836167514738
25646,LOF,0.012163297572968915,0.31698059532935735,0.6708561070976737
25647,LOF,0.00969090817997356,0.26953613110013386,0.7207729607198926
25648,LOF,0.008763479205915824,0.267501369538086,0.7237351512559982
25649,LOF,0.0075870248612857905,0.1945638554980602,0.797849119640654
25650,LOF,0.013307007907520872,0.4011139135174077,0.5855790785750714
25651,LOF,0.006120551491065952,0.2729905252870856,0.7208889232218485
25652,LOF,0.009547350449103082,0.24329221521393876,0.7471604343369581
25653,LOF,0.027504877783683216,0.37821293051058363,0.5942821917057332
25654,LOF,0.01038291928592252,0.1523865800722778,0.8372305006417996
25655,LOF,0.052210313182977176,0.4174500123834616,0.5303396744335612
25656,LOF,0.18478204463467907,0.037361377618880115,0.7778565777464409
25657,LOF,0.27117813049092615,0.021420440508799144,0.7074014290002747
25658,LOF,0.06951019303611392,0.055433984201247136,0.8750558227626389
25659,LOF,0.4040760163897662,0.0509250851284559,0.544998898481778
25660,LOF,0.03195310472569572,0.10499294912918193,0.8630539461451224
25661,LOF,0.0952670907788391,0.06858853607731766,0.8361443731438433
25662,LOF,0.02456770060729727,0.04717321572317104,0.9282590836695318
25663,LOF,0.032354326271369166,0.07221629698800709,0.8954293767406237
25664,LOF,0.036204097626805945,0.07529431764761667,0.8885015847255774
25665,LOF,0.055360507662560975,0.03761382171547519,0.9070256706219639
25666,LOF,0.038743144856730645,0.10546029035154182,0.8557965647917275
25667,LOF,0.06873320490221263,0.05031110738662283,0.8809556877111645
25668,LOF,0.02635936315500235,0.055825589249304745,0.9178150475956929
25669,LOF,0.028154496211258043,0.0786047789847239,0.8932407248040181
25670,LOF,0.05217147969578047,0.07273865327602315,0.8750898670281965
25671,LOF,0.08345526738279702,0.04312133613314301,0.8734233964840599
25672,LOF,0.05412696508654244,0.049204025171199754,0.8966690097422577
25673,LOF,0.026441801418464736,0.0610379606558612,0.9125202379256742
25674,LOF,0.02101344891329935,0.07135777711750331,0.9076287739691973
25675,LOF,0.035679777182651404,0.07236195448174648,0.8919582683356021
25676,LOF,0.020015873604216895,0.06375275290806082,0.9162313734877222
25677,LOF,0.028804802003388044,0.07283679063545764,0.8983584073611542
25678,LOF,0.18980320973416429,0.05600159224007445,0.7541951980257613
25679,LOF,0.16758670111284033,0.07288674104663152,0.7595265578405282
25680,LOF,0.03581659935565237,0.11610660688710499,0.8480767937572427
25681,LOF,0.060584537090494724,0.11199178040640884,0.8274236825030964
25682,LOF,0.11162213983624894,0.08399205643713577,0.8043858037266154
25683,LOF,0.0773022208867342,0.11862731092588796,0.8040704681873778
25684,LOF,0.04328035292688902,0.0823899847032956,0.8743296623698154
25685,LOF,0.08306681826844779,0.06071828963240818,0.8562148920991439
25686,LOF,0.025330237815567286,0.09130986521622153,0.8833598969682113
25687,LOF,0.04951235051670715,0.07458398006944768,0.8759036694138451
25688,LOF,0.04568126028220054,0.04305788380563295,0.9112608559121664
25689,LOF,0.02354287720076803,0.05254892802746138,0.9239081947717706
25690,LOF,0.028869778755313255,0.04400705223704873,0.9271231690076379
25691,LOF,0.23025781949204374,0.0630552740618257,0.7066869064461305
25692,LOF,0.2600603122494615,0.006540073133503,0.7333996146170354
25693,LOF,0.0863024540953917,0.26331904440008974,0.6503785015045185
25694,LOF,0.2535644216534753,0.013633023514226636,0.7328025548322981
25695,LOF,0.16944865581464086,0.023922359595253455,0.8066289845901057
25696,LOF,0.11748523988182474,0.012891002548826115,0.8696237575693491
25697,LOF,0.07438049690881136,0.026709111419259787,0.8989103916719288
25698,LOF,0.04428567113382178,0.46919919805463317,0.48651513081154507
25699,LOF,0.070392688258672,0.08792855139110245,0.8416787603502256
25700,LOF,0.06641201549734016,0.008657447123696378,0.9249305373789636
25701,LOF,0.017869436760696487,0.07481744651834601,0.9073131167209575
25702,GOF,0.03140875449660173,0.7198043329132052,0.24878691259019314
25703,LOF,0.008643258720920064,0.17847994656671426,0.8128767947123657
25704,LOF,0.047348557532832715,0.17366588765301696,0.7789855548141503
25705,LOF,0.06226257918280133,0.2407108500490664,0.6970265707681322
25706,GOF,0.03195128551943146,0.5161492141356481,0.4518995003449205
25707,LOF,0.02161874067956248,0.47100690321077293,0.5073743561096645
25708,LOF,0.007552583779275081,0.3866000499382671,0.6058473662824578
25709,LOF,0.056944829574291124,0.05946865512059762,0.8835865153051112
25710,LOF,0.005429839656658411,0.15946587409903387,0.8351042862443077
25711,LOF,0.01974840277389217,0.12482819044829037,0.8554234067778174
25712,LOF,0.007161097272779526,0.18789333683533968,0.8049455658918808
25713,LOF,0.018506979746776606,0.11083312083333581,0.8706598994198876
25714,LOF,0.0698349202828301,0.13749177039206764,0.7926733093251022
25715,LOF,0.013736156831313245,0.14795948967157324,0.8383043534971134
25716,LOF,0.005932271811850198,0.10568355037716784,0.8883841778109819
25717,LOF,0.005840674451610135,0.10760595730341128,0.8865533682449785
25718,LOF,0.014701070086299657,0.09168576577192643,0.8936131641417738
25719,LOF,0.023389159015321466,0.09822107740705975,0.8783897635776188
25720,LOF,0.02350597979306956,0.08874544076040455,0.887748579446526
25721,LOF,0.016610788125088698,0.12075997134632688,0.8626292405285844
25722,LOF,0.013976956021074807,0.1461994305993307,0.8398236133795945
25723,LOF,0.020114719004019548,0.07325162683204703,0.9066336541639334
25724,LOF,0.021722822524555496,0.10966666942857824,0.8686105080468662
25725,LOF,0.01409920336467373,0.07965989435295054,0.9062409022823759
25726,LOF,0.012420993461076972,0.10286030444674811,0.8847187020921748
25727,LOF,0.015079782058714783,0.08915015597138289,0.8957700619699023
25728,LOF,0.012724002610366944,0.11697594971949621,0.8703000476701368
25729,LOF,0.01299487863564342,0.11933641846621894,0.8676687028981377
25730,LOF,0.013728768432388731,0.09576057844466701,0.8905106531229443
25731,LOF,0.008344431246412527,0.1343575491314444,0.8572980196221431
25732,LOF,0.013915871286634865,0.09391337857306277,0.8921707501403023
25733,LOF,0.018405892803649612,0.08045420436539064,0.9011399028309598
25734,LOF,0.005518626168621023,0.13456548274677063,0.8599158910846083
25735,LOF,0.01661377023327051,0.07972872199035053,0.9036575077763791
25736,LOF,0.014970288973676575,0.12479556244190114,0.8602341485844223
25737,LOF,0.023785862505519357,0.09400429976747332,0.8822098377270072
25738,LOF,0.01501850977253943,0.13743471795737805,0.8475467722700825
25739,LOF,0.02219484067027851,0.11453156099015055,0.863273598339571
25740,LOF,0.03174998807709185,0.12235403053775923,0.8458959813851489
25741,LOF,0.0177387740579352,0.10828359077928738,0.8739776351627774
25742,LOF,0.11496872322068041,0.09751767734815132,0.7875135994311683
25743,LOF,0.014816249870628649,0.033657895899597855,0.9515258542297734
25744,LOF,0.2177288857556936,0.3485603441741749,0.4337107700701314
25745,LOF,0.027564264304637622,0.04509156990443365,0.9273441657909288
25746,LOF,0.016316329880141475,0.05853964636582522,0.9251440237540334
25747,LOF,0.028152313924190125,0.03137839316861248,0.9404692929071975
25748,LOF,0.15005877708310691,0.048700695676443355,0.8012405272404497
25749,LOF,0.017423891760978277,0.04297123758303834,0.9396048706559833
25750,LOF,0.033367168079103664,0.05629793853640217,0.9103348933844942
25751,LOF,0.11113424338626306,0.05437732192733626,0.8344884346864007
25752,GOF,0.10431508295078283,0.624202929165184,0.2714819878840331
25753,LOF,0.008028682987180248,0.35594471043950593,0.6360266065733138
25754,GOF,0.005725394179786495,0.8410762055298402,0.15319840029037324
25755,LOF,0.009040568842863873,0.4280377781889311,0.5629216529682051
25756,LOF,0.04142546853398187,0.4202695808308121,0.5383049506352061
25757,GOF,0.005802264375207706,0.8546450318327234,0.13955270379206886
25758,GOF,0.007608653406064923,0.8593259279403473,0.13306541865358779
25759,GOF,0.004632992757968434,0.5490693374651382,0.44629766977689345
25760,LOF,0.004899915187116777,0.3055383530252049,0.6895617317876783
25761,GOF,0.034290078990108656,0.8333700909384695,0.13233983007142175
25762,LOF,0.029556140132999106,0.3280749624003337,0.6423688974666671
25763,LOF,0.006380479114232957,0.25413311667222516,0.7394864042135418
25764,GOF,0.16880106281168486,0.5287776590452999,0.30242127814301517
25765,GOF,0.010712074618347622,0.7840425184370735,0.20524540694457888
25766,GOF,0.016944916104797904,0.8196572219083227,0.1633978619868794
25767,GOF,0.017958661858909195,0.5201950001401204,0.46184633800097036
25768,LOF,0.07889417672246533,0.07210269016874359,0.849003133108791
25769,LOF,0.08045733869699541,0.0499945288265611,0.8695481324764435
25770,LOF,0.2535842028032036,0.0639077308868917,0.6825080663099048
25771,LOF,0.012696777534600948,0.06137936899628592,0.9259238534691131
25772,LOF,0.017010711245022417,0.02507805939107313,0.9579112293639044
25773,LOF,0.010816170730386866,0.10193216763647274,0.8872516616331403
25774,LOF,0.024077062621149028,0.07038882575249833,0.9055341116263526
25775,LOF,0.015979443922152642,0.04408273769392947,0.939937818383918
25776,LOF,0.08587823098225165,0.020051292117562083,0.8940704769001863
25777,LOF,0.30801844129646744,0.037247913912253294,0.6547336447912793
25778,LOF,0.06774636360677684,0.03655071539899378,0.8957029209942293
25779,GOF,0.0654570926854185,0.857065178974076,0.07747772834050567
25780,GOF,0.05365332160110973,0.8478086367150692,0.098538041683821
25781,GOF,0.024589337295971736,0.8260569166781162,0.14935374602591214
25782,GOF,0.02713316033342233,0.8708679740857861,0.10199886558079146
25783,GOF,0.014089002730298159,0.6721696274052512,0.3137413698644505
25784,GOF,0.10795039579008274,0.8268107150786566,0.06523888913126072
25785,GOF,0.06606257839202347,0.8767290987719016,0.05720832283607499
25786,GOF,0.005619013722486352,0.7963538165965626,0.19802716968095105
25787,GOF,0.2063376511258029,0.7500755946970673,0.0435867541771296
25788,LOF,0.04705900621785082,0.12131588890053109,0.8316251048816181
25789,GOF,0.03573532778479234,0.8174196980294912,0.14684497418571654
25790,GOF,0.03776539707852138,0.8569590875403805,0.10527551538109815
25791,GOF,0.02535266591996472,0.7843936167986242,0.19025371728141113
25792,GOF,0.039791586275940594,0.794358979927247,0.16584943379681252
25793,GOF,0.08317772781807097,0.7743370161753028,0.1424852560066261
25794,GOF,0.09542254412493408,0.6706523679466435,0.2339250879284224
25795,GOF,0.029085514910429572,0.7384803190769436,0.23243416601262692
25796,GOF,0.13326234910517973,0.7350322370399861,0.13170541385483403
25797,GOF,0.031072623362476626,0.5906345640358737,0.3782928126016497
25798,GOF,0.0032856928589266856,0.5592230927392948,0.43749121440177846
25799,LOF,0.0030581210976582934,0.4337418299029682,0.5632000489993735
25800,GOF,0.009854372666351873,0.62486608264273,0.365279544690918
25801,GOF,0.02648864573948942,0.8036898464379628,0.16982150782254773
25802,GOF,0.0170001190519721,0.7152864024640028,0.26771347848402505
25803,GOF,0.00966372211766502,0.6309048029929999,0.35943147488933513
25804,GOF,0.011116756939701647,0.5075591087599712,0.48132413430032706
25805,GOF,0.019955432302591704,0.6037332728964343,0.37631129480097397
25806,GOF,0.01643179096422742,0.6566958097556773,0.32687239928009537
25807,GOF,0.004956057614849261,0.6317400237514793,0.36330391863367156
25808,GOF,0.013820596634967394,0.6340651079949918,0.3521142953700408
25809,GOF,0.005595264055132466,0.61551486763566,0.3788898683092076
25810,GOF,0.004884608543549254,0.6242867961901593,0.37082859526629147
25811,GOF,0.08616539044960769,0.7885549595480335,0.1252796500023588
25812,GOF,0.014833981559370546,0.6406127620175166,0.3445532564231128
25813,GOF,0.10154335151046218,0.7482842594240674,0.15017238906547045
25814,GOF,0.02585865314033014,0.7028817294517858,0.27125961740788396
25815,GOF,0.042290391704432856,0.727244068987754,0.23046553930781327
25816,GOF,0.008303552255331312,0.7960284523043821,0.19566799544028668
25817,GOF,0.06969581977535619,0.7448198855203791,0.18548429470426456
25818,GOF,0.02111234178270903,0.7239691239872524,0.2549185342300385
25819,GOF,0.06292206890841924,0.7278817461290255,0.2091961849625553
25820,GOF,0.029640719574769582,0.725976546175303,0.24438273424992726
25821,GOF,0.01636685034756379,0.7133070147008033,0.27032613495163293
25822,GOF,0.03093682572331307,0.7367586055789311,0.23230456869775562
25823,GOF,0.011796385344328473,0.5615761704883555,0.42662744416731596
25824,GOF,0.021706943610354613,0.7026125465008298,0.2756805098888155
25825,GOF,0.012302436336293085,0.6747672372480021,0.3129303264157047
25826,GOF,0.005233624712294221,0.6268979487117229,0.36786842657598284
25827,GOF,0.007850414875127552,0.6393865431522677,0.3527630419726048
25828,GOF,0.004834885888504775,0.575815115832979,0.41934999827851616
25829,GOF,0.002949152448685142,0.630781338475725,0.3662695090755898
25830,LOF,0.029719232925268235,0.3826244345483795,0.5876563325263523
25831,GOF,0.036921504241827295,0.8372981208880075,0.12578037487016525
25832,GOF,0.00785138787974191,0.7551093071195727,0.23703930500068535
25833,GOF,0.025537296836331148,0.7999422001703541,0.1745205029933148
25834,GOF,0.007270672045962012,0.7609449619277293,0.23178436602630864
25835,GOF,0.016507208806758288,0.8068438642039875,0.17664892698925422
25836,GOF,0.006113493592317993,0.7594798982422828,0.23440660816539924
25837,GOF,0.005952587474052399,0.6658861502243762,0.3281612623015713
25838,GOF,0.01899272785530845,0.8282498479009778,0.15275742424371394
25839,GOF,0.038919777193447316,0.7987700655869395,0.16231015721961317
25840,GOF,0.03793826413032054,0.8160731121533232,0.14598862371635618
25841,GOF,0.033159684849354165,0.8409193419298427,0.12592097322080312
25842,GOF,0.023128573244455965,0.8635414361532158,0.11332999060232833
25843,GOF,0.024712234362051562,0.8790258458178208,0.09626191982012759
25844,GOF,0.015972056878389644,0.7921998717822183,0.19182807133939217
25845,GOF,0.005418401605980808,0.5903427757463499,0.4042388226476693
25846,GOF,0.026841495400859186,0.8479926104934175,0.1251658941057232
25847,GOF,0.01696321476688403,0.8882828156214994,0.0947539696116166
25848,GOF,0.015495543925238662,0.823546812758572,0.1609576433161893
25849,GOF,0.004803796202287327,0.6976458114158021,0.2975503923819105
25850,GOF,0.006557913312545747,0.7027733146341767,0.2906687720532775
25851,GOF,0.00569073170797268,0.5850334786178729,0.40927578967415434
25852,GOF,0.1538483262481689,0.5465018194740634,0.2996498542777676
25853,GOF,0.06832456865759445,0.8344404915120368,0.09723493983036882
25854,GOF,0.010414142470795588,0.6489177309081884,0.340668126621016
25855,GOF,0.012832480068996073,0.5833410610827531,0.4038264588482509
25856,GOF,0.034618517332725696,0.6947717081224603,0.270609774544814
25857,GOF,0.01547649743381561,0.5481497060317841,0.43637379653440017
25858,GOF,0.008496033654383839,0.5507193988111067,0.4407845675345095
25859,GOF,0.005492504995914741,0.5286487831059901,0.4658587118980952
25860,GOF,0.06896969792109871,0.7863378035419999,0.1446924985369014
25861,GOF,0.10772064616363666,0.7819464813031766,0.11033287253318666
25862,GOF,0.020242993582857322,0.8411356968801695,0.13862130953697308
25863,GOF,0.019749393430989515,0.8473957634313714,0.1328548431376391
25864,GOF,0.040551457592722724,0.8604471324122582,0.09900140999501904
25865,GOF,0.028475234920069425,0.8329480898147555,0.138576675265175
25866,GOF,0.02220162336811763,0.8289213052483266,0.14887707138355577
25867,GOF,0.022807346981395915,0.8590797553671528,0.11811289765145136
25868,GOF,0.04703191851358434,0.8020125939946641,0.1509554874917515
25869,GOF,0.3204553643097895,0.576016851640366,0.10352778404984453
25870,GOF,0.17638432566589657,0.5411652981999265,0.28245037613417684
25871,GOF,0.02194956575009582,0.8496521779298334,0.1283982563200708
25872,GOF,0.01903118955915858,0.8281814654097047,0.15278734503113672
25873,GOF,0.01904765701741461,0.8527708869747613,0.12818145600782382
25874,LOF,0.016021266907703936,0.13441705197408313,0.849561681118213
25875,LOF,0.03295019316356559,0.03182768420614845,0.9352221226302859
25876,LOF,0.014363473256372203,0.026187454998204598,0.9594490717454232
25877,LOF,0.1293896221550553,0.05723396702439886,0.8133764108205458
25878,LOF,0.05595223887838474,0.07961819366260955,0.8644295674590057
25879,LOF,0.02406774478371433,0.06210661015417154,0.9138256450621142
25880,LOF,0.04794958610349548,0.008843505592551563,0.9432069083039529
25881,Neutral,0.5716481321638291,0.0665976415641179,0.361754226272053
25882,LOF,0.022144503735942744,0.043179678307559054,0.9346758179564983
25883,LOF,0.05499749312025331,0.028807972143686304,0.9161945347360604
25884,LOF,0.011822499105216211,0.05723175280268621,0.9309457480920975
25885,LOF,0.2059389417766029,0.009562203249659958,0.7844988549737372
25886,LOF,0.1916500768939457,0.05411293090082455,0.7542369922052298
25887,LOF,0.14004030861656808,0.0747373724866305,0.7852223188968014
25888,LOF,0.013125847911442598,0.14636441178415083,0.8405097403044066
25889,LOF,0.015546605374579822,0.041335724335007276,0.9431176702904129
25890,LOF,0.11040764303682632,0.09320442254035352,0.7963879344228202
25891,LOF,0.046912022910195604,0.03505769003873166,0.9180302870510727
25892,LOF,0.01087895960898837,0.04709836167544962,0.9420226787155621
25893,LOF,0.3786224083288781,0.01425672026906385,0.607120871402058
25894,LOF,0.4290632396300203,0.006757884223159268,0.5641788761468205
25895,LOF,0.3531541815290785,0.0155324043668031,0.6313134141041185
25896,LOF,0.046672418115402695,0.032038331105251,0.9212892507793463
25897,LOF,0.19643191410103478,0.013453752272542826,0.7901143336264225
25898,LOF,0.2232752728111697,0.04227222610714575,0.7344525010816845
25899,LOF,0.24376638354162386,0.02838522695408511,0.727848389504291
25900,LOF,0.45159105587132636,0.013290548943014253,0.5351183951856594
25901,LOF,0.04733118160834353,0.011967060099106013,0.9407017582925505
25902,LOF,0.10343011616273487,0.020726958444368268,0.8758429253928969
25903,LOF,0.3396816619554356,0.037268063024797425,0.6230502750197671
25904,Neutral,0.4881064222918312,0.043577620607662806,0.46831595710050594
25905,LOF,0.00743318044756351,0.4130097512434606,0.5795570683089758
25906,LOF,0.008298302223163538,0.12413810740473707,0.8675635903720994
25907,LOF,0.004259068512481264,0.3765666004531734,0.6191743310343453
25908,LOF,0.003910268053959434,0.25553720643729955,0.7405525255087411
25909,LOF,0.015407524116362141,0.16465644963842294,0.8199360262452149
25910,LOF,0.017026679534649126,0.12103473907607432,0.8619385813892766
25911,LOF,0.17143601259002056,0.02307528776588666,0.8054886996440928
25912,LOF,0.06936805776923292,0.03900546789573938,0.8916264743350276
25913,LOF,0.06312473639106744,0.04690299555221922,0.8899722680567134
25914,LOF,0.022562695777533087,0.05665491570337358,0.9207823885190933
25915,LOF,0.1333240746414375,0.2660652296186846,0.6006106957398779
25916,LOF,0.023138013581377563,0.18109847292863535,0.7957635134899871
25917,LOF,0.05541079878756452,0.04177462335310515,0.9028145778593304
25918,LOF,0.027317653241802367,0.03368214362261955,0.9390002031355781
25919,LOF,0.023028515303078576,0.033469783230913985,0.9435017014660074
25920,LOF,0.11538584292289594,0.23237729804571303,0.6522368590313911
25921,LOF,0.010102643278399413,0.032963096002222296,0.9569342607193783
25922,LOF,0.012657269772424345,0.0251265936456737,0.962216136581902
25923,LOF,0.3980809245336419,0.03394926336149304,0.5679698121048651
25924,LOF,0.01811929994989143,0.037537096646423594,0.9443436034036848
25925,LOF,0.07881226406727998,0.04248351919355784,0.8787042167391621
25926,LOF,0.05362525923821812,0.03802914096732211,0.9083455997944598
25927,LOF,0.021480737945277217,0.05923331779057345,0.9192859442641493
25928,LOF,0.007826506153415382,0.046425978049759474,0.9457475157968251
25929,LOF,0.4717469846009074,0.03234776209360429,0.4959052533054881
25930,LOF,0.08359391235693972,0.029493420179366396,0.8869126674636938
25931,LOF,0.009722966280310543,0.02993095703065307,0.9603460766890363
25932,LOF,0.03592671138636136,0.025988022257139642,0.9380852663564989
25933,LOF,0.040291047410630214,0.01572060937375062,0.9439883432156191
25934,LOF,0.0287519212428985,0.01654716747505898,0.9547009112820424
25935,LOF,0.06936993557498229,0.050559068549256715,0.8800709958757611
25936,LOF,0.04203940744413512,0.019078666575549828,0.9388819259803151
25937,LOF,0.00948250080058121,0.0336338135703677,0.9568836856290511
25938,LOF,0.06238918372871648,0.05095115024276134,0.8866596660285222
25939,LOF,0.03409217705019908,0.020133134929636008,0.9457746880201648
25940,LOF,0.008562048263342578,0.3746467457083488,0.6167912060283086
25941,Neutral,0.5346951600509592,0.025302489502726722,0.44000235044631403
25942,LOF,0.005326253319713464,0.039036515344142333,0.9556372313361442
25943,LOF,0.032977549190492624,0.1344369565358629,0.8325854942736445
25944,LOF,0.11258075683110572,0.07134479966640132,0.816074443502493
25945,LOF,0.058120430321063545,0.018956447022412296,0.9229231226565241
25946,LOF,0.07134264654858392,0.049885063403849315,0.8787722900475669
25947,Neutral,0.49150766042769894,0.07633522727297015,0.432157112299331
25948,LOF,0.3431187036952411,0.010345138601377356,0.6465361577033815
25949,LOF,0.10668091011315582,0.05118880602487182,0.8421302838619723
25950,GOF,0.05614577998616624,0.5693472735887257,0.374506946425108
25951,LOF,0.017365526020944252,0.3907090205697113,0.5919254534093444
25952,LOF,0.2786229887504639,0.28744585807623,0.4339311531733061
25953,LOF,0.012493873514056883,0.16242958275242655,0.8250765437335166
25954,LOF,0.05347013466153812,0.4416365963518362,0.5048932689866256
25955,LOF,0.01014563373471449,0.14925419715210467,0.8406001691131808
25956,LOF,0.023950536163603438,0.2969775948641598,0.6790718689722367
25957,LOF,0.20204808668263882,0.034810751808408515,0.7631411615089526
25958,LOF,0.052234406874658114,0.03225868287168885,0.9155069102536529
25959,GOF,0.01480027635907436,0.523556500044557,0.4616432235963686
25960,LOF,0.00586448742914567,0.05927137606740261,0.9348641365034517
25961,LOF,0.051695197696962396,0.02993411558187846,0.9183706867211592
25962,LOF,0.033917655959716686,0.09318936120505693,0.8728929828352264
25963,LOF,0.004983611284104282,0.2847438221247936,0.7102725665911022
25964,LOF,0.030123284681373284,0.10089552327506292,0.8689811920435638
25965,LOF,0.2988070638165697,0.1481953950447546,0.5529975411386758
25966,Neutral,0.44531918648378527,0.18571226737569407,0.36896854614052077
25967,LOF,0.006346711074418191,0.08156404891241448,0.9120892400131674
25968,LOF,0.041602613912787564,0.27769250796952766,0.6807048781176848
25969,LOF,0.13358713077233672,0.07682199742769394,0.7895908717999695
25970,LOF,0.018180349584481434,0.08901943865972985,0.8928002117557886
25971,LOF,0.06661249953816636,0.029423743770924982,0.9039637566909086
25972,LOF,0.05784724150770164,0.04360030072068746,0.8985524577716109
25973,LOF,0.05555701097229549,0.013067070150405185,0.9313759188772994
25974,LOF,0.03831930580882913,0.04489747088821775,0.9167832233029531
25975,LOF,0.042813474148042444,0.028552722882001363,0.9286338029699561
25976,LOF,0.10235065009047165,0.01331810831974113,0.8843312415897873
25977,LOF,0.20366973739048214,0.053430598508108405,0.7428996641014094
25978,LOF,0.13125504635767937,0.12209867327303567,0.746646280369285
25979,LOF,0.11731861174714875,0.1273714472788856,0.7553099409739656
25980,LOF,0.24008988456850916,0.14299422556336056,0.6169158898681303
25981,LOF,0.24055311847660474,0.14338460644446258,0.6160622750789327
25982,LOF,0.3825055940448704,0.09438345852381229,0.5231109474313173
25983,LOF,0.3769553896746429,0.1070444323096877,0.5160001780156693
25984,LOF,0.03482906255865083,0.0676122244456947,0.8975587129956545
25985,LOF,0.3770156904895729,0.14084085830183932,0.4821434512085877
25986,LOF,0.011191206390455738,0.43032460675839485,0.5584841868511494
25987,LOF,0.03563072083562783,0.1053154700794063,0.8590538090849659
25988,LOF,0.1397663722908516,0.12066818582906738,0.739565441880081
25989,LOF,0.03902542362614284,0.17005902677755672,0.7909155495963004
25990,LOF,0.041731959143458425,0.2678745744730452,0.6903934663834963
25991,LOF,0.020414862195539455,0.36993261779382597,0.6096525200106346
25992,LOF,0.02786108077649629,0.35597959124881545,0.6161593279746882
25993,LOF,0.02028380041250083,0.0937470431168646,0.8859691564706346
25994,LOF,0.01683841421519043,0.08818835134026193,0.8949732344445476
25995,LOF,0.01729135753911603,0.18062551779995834,0.8020831246609257
25996,LOF,0.33639250975509466,0.286919407347803,0.37668808289710237
25997,LOF,0.0851295611618098,0.3451616462806924,0.5697087925574978
25998,LOF,0.28909614019166485,0.057384936885640205,0.6535189229226951
25999,LOF,0.0176308082340609,0.2555456714212696,0.7268235203446695
26000,LOF,0.17638335986356113,0.028631692552911547,0.7949849475835273
26001,LOF,0.3132528870464842,0.02174919864909381,0.664997914304422
26002,LOF,0.06966359338017665,0.042659243340409866,0.8876771632794135
26003,GOF,0.0036815592460431473,0.6195590373785616,0.3767594033753952
26004,GOF,0.006135749196207303,0.7098484244547559,0.2840158263490367
26005,GOF,0.0029392927244181366,0.5136973337947774,0.48336337348080427
26006,GOF,0.08075748495586478,0.6325976599252061,0.2866448551189291
26007,GOF,0.005677039458696894,0.5979194674860787,0.39640349305522443
26008,GOF,0.005256469941699856,0.6769529801587428,0.31779054989955746
26009,GOF,0.006266226040023189,0.7004928801932425,0.2932408937667343
26010,GOF,0.006706570574574625,0.6958668139956429,0.2974266154297825
26011,GOF,0.002749800187818025,0.5102089675007385,0.4870412323114435
26012,GOF,0.004007156111754497,0.5758427844249401,0.4201500594633054
26013,GOF,0.005144271437753267,0.6488646165533332,0.34599111200891364
26014,LOF,0.04161397679199603,0.09105648999087336,0.8673295332171306
26015,LOF,0.12371869769023286,0.019645170519681218,0.856636131790086
26016,LOF,0.2597283377537335,0.03765659073108615,0.7026150715151804
26017,LOF,0.022884197514267623,0.17892697404715474,0.7981888284385777
26018,LOF,0.05022677527952967,0.037758315041644765,0.9120149096788256
26019,LOF,0.04854410352646764,0.03150958636952938,0.919946310104003
26020,LOF,0.008641913058573179,0.21422244588093506,0.7771356410604918
26021,LOF,0.06951081147637937,0.06790277360187896,0.8625864149217416
26022,LOF,0.02759573939849439,0.025398744171560773,0.9470055164299448
26023,LOF,0.04049443136076612,0.02283952623713085,0.936666042402103
26024,LOF,0.04646898680274481,0.07141442741131636,0.8821165857859389
26025,LOF,0.05520281194328455,0.06855264234647505,0.8762445457102405
26026,LOF,0.10251045726826075,0.049004064420119314,0.84848547831162
26027,LOF,0.04340637932303009,0.018498087181122384,0.9380955334958475
26028,LOF,0.0854819576743433,0.14258523500155196,0.7719328073241047
26029,LOF,0.027731567813093494,0.21419109782494222,0.7580773343619643
26030,LOF,0.17013837740677953,0.03076488240615942,0.7990967401870611
26031,LOF,0.015795305987238807,0.17217536403564973,0.8120293299771115
26032,LOF,0.06842326034718905,0.07096987803386502,0.860606861618946
26033,LOF,0.0841730426567342,0.06749435856451243,0.8483325987787533
26034,LOF,0.015131509575952143,0.18659393787507486,0.7982745525489731
26035,LOF,0.014145823059149416,0.13495466538701498,0.8508995115538356
26036,LOF,0.015942520763367093,0.16940725880610474,0.8146502204305281
26037,LOF,0.01254941725511136,0.12122657072725371,0.8662240120176349
26038,LOF,0.05639806133535167,0.0662271974517822,0.8773747412128662
26039,LOF,0.025357780246840083,0.17249495400591425,0.8021472657472456
26040,LOF,0.11560634072494289,0.15936554599808656,0.7250281132769705
26041,LOF,0.014882495543938867,0.10409825648323948,0.8810192479728217
26042,LOF,0.013478905387121251,0.10908396877381173,0.8774371258390671
26043,LOF,0.055427487505725646,0.08942826136639022,0.8551442511278841
26044,LOF,0.012396865380655413,0.06749870766509876,0.9201044269542458
26045,LOF,0.05792704185231234,0.11389195609239766,0.82818100205529
26046,LOF,0.049929844930426535,0.06855406419729142,0.8815160908722821
26047,LOF,0.08318639324384136,0.06819627489023804,0.8486173318659206
26048,LOF,0.0504225752685934,0.04076899979238828,0.9088084249390183
26049,Neutral,0.964659573797465,0.006358131096136669,0.028982295106398298
26050,Neutral,0.9504094418793585,0.006962113549446213,0.04262844457119526
26051,LOF,0.014706302182537781,0.16929872878861943,0.8159949690288427
26052,LOF,0.02094735248787051,0.2173165128562324,0.7617361346558971
26053,LOF,0.020751214164244483,0.13005384692716243,0.8491949389085932
26054,LOF,0.04694365586738379,0.02072996931849191,0.9323263748141244
26055,LOF,0.05868348567944018,0.021780513062430857,0.9195360012581291
26056,LOF,0.0510363557558202,0.02795264307209345,0.9210110011720862
26057,LOF,0.03135003141768472,0.014712802115444875,0.9539371664668704
26058,LOF,0.03198211445177288,0.012948135031926213,0.9550697505163008
26059,LOF,0.32707350100083654,0.026447657399803648,0.6464788415993599
26060,LOF,0.010520076516648035,0.17206440420199634,0.8174155192813557
26061,LOF,0.004782689401521147,0.015562212618128785,0.97965509798035
26062,LOF,0.003709620558392789,0.02099406461130917,0.975296314830298
26063,LOF,0.021762824327218287,0.01270633372319924,0.9655308419495824
26064,LOF,0.006224019682252602,0.02986456139816387,0.9639114189195835
26065,LOF,0.024918790285501136,0.012450807233491458,0.9626304024810075
26066,LOF,0.023989140648306137,0.0123899336307115,0.9636209257209825
26067,LOF,0.028974265732798106,0.010976413595296558,0.9600493206719053
26068,LOF,0.041557160376641686,0.03854694042309845,0.9198958992002599
26069,LOF,0.32238491152044807,0.024998009952561896,0.6526170785269901
26070,LOF,0.46643812994160416,0.019406188059950646,0.5141556819984452
26071,LOF,0.02320378933548365,0.012709020322680774,0.9640871903418355
26072,LOF,0.005349347264140497,0.026507868267886658,0.9681427844679729
26073,LOF,0.021428881434104766,0.016938675995275265,0.9616324425706201
26074,Neutral,0.9186255954544309,0.007952739294435409,0.07342166525113383
26075,LOF,0.04117484347787776,0.01947986380525793,0.9393452927168644
26076,LOF,0.035171791153924145,0.012146204168380083,0.9526820046776957
26077,LOF,0.11560106645484312,0.008931551808673376,0.8754673817364836
26078,LOF,0.005251720917403274,0.01650125388845759,0.9782470251941391
26079,LOF,0.05566086483712505,0.021828737817406293,0.9225103973454687
26080,LOF,0.05408663030113815,0.021861839723478133,0.9240515299753836
26081,LOF,0.03000664915486607,0.009036482331719152,0.9609568685134148
26082,LOF,0.0044008498329155205,0.019829161774353198,0.9757699883927313
26083,LOF,0.10208000917610027,0.020994694623325354,0.8769252962005742
26084,LOF,0.04128046662899695,0.01589728132413833,0.9428222520468648
26085,LOF,0.03669674049755412,0.014106716111528316,0.9491965433909175
26086,LOF,0.02279861998204127,0.01361651316468789,0.9635848668532709
26087,LOF,0.02129806998830919,0.010646149678108877,0.968055780333582
26088,LOF,0.005616134119041973,0.024766032416784538,0.9696178334641735
26089,LOF,0.03887856118674435,0.026947975650736113,0.9341734631625195
26090,LOF,0.03875326833283539,0.022146784663242616,0.9390999470039221
26091,LOF,0.028234656280863905,0.008024419154579413,0.9637409245645566
26092,LOF,0.02330668459839379,0.009406945040623059,0.9672863703609831
26093,LOF,0.03979137339374395,0.007361114482573869,0.9528475121236821
26094,LOF,0.03302885935719694,0.007466171030384859,0.9595049696124182
26095,LOF,0.01877009656584507,0.02373379259866649,0.9574961108354884
26096,LOF,0.17636829232885065,0.007340871018782071,0.8162908366523672
26097,LOF,0.004488217435624324,0.043838499677013545,0.9516732828873621
26098,LOF,0.07469708006711968,0.021300592202799784,0.9040023277300805
26099,LOF,0.021856705753243257,0.01707083862409025,0.9610724556226665
26100,LOF,0.021809560623325775,0.01707149966771921,0.9611189397089551
26101,LOF,0.053288467738921395,0.023756663776678018,0.9229548684844006
26102,LOF,0.02091952691611876,0.016908259990853262,0.9621722130930279
26103,Neutral,0.8318719915720096,0.026283799184819674,0.14184420924317068
26104,LOF,0.06891407532967557,0.029484927617109885,0.9016009970532146
26105,LOF,0.2177830941659104,0.1915924182494279,0.5906244875846617
26106,LOF,0.3523803287941872,0.14259251910801435,0.5050271520977985
26107,LOF,0.021180252490102372,0.12602567778153942,0.8527940697283581
26108,LOF,0.3070919526534241,0.04803336492510846,0.6448746824214675
26109,LOF,0.034382712843521526,0.06132128320432049,0.904296003952158
26110,LOF,0.20146993857210074,0.007131852110752888,0.7913982093171463
26111,LOF,0.07833666485268444,0.08038384023251793,0.8412794949147976
26112,LOF,0.034870682908482824,0.00832864069075411,0.9568006764007632
26113,LOF,0.06233643347251683,0.01628363901077993,0.9213799275167033
26114,LOF,0.07027793255860369,0.011463028182354803,0.9182590392590414
26115,LOF,0.016391611615335002,0.07028271640529556,0.9133256719793694
26116,LOF,0.09721941593668265,0.047925471086309485,0.8548551129770079
26117,LOF,0.4045034959584176,0.0340055206623666,0.5614909833792159
26118,LOF,0.03187555355648217,0.0173739505008436,0.9507504959426744
26119,LOF,0.00475143209596745,0.042917961886879824,0.9523306060171528
26120,LOF,0.027834428060685396,0.016082382753265706,0.9560831891860488
26121,LOF,0.003988014402287204,0.12889372861875348,0.8671182569789594
