feature0,prediction,LoGoFunc_Neutral,LoGoFunc_GOF,LoGoFunc_LOF
25546,Neutral,0.6449555577628289,0.06565909351794462,0.28938534871922655
25547,Neutral,0.4580387253538499,0.11588404529185913,0.426077229354291
25548,Neutral,0.46440088317178857,0.0914394618582259,0.44415965496998544
25549,LOF,0.3949546461085145,0.09274243116468803,0.5123029227267974
25550,LOF,0.3379920917110006,0.1546647991149363,0.5073431091740631
25551,LOF,0.2653888734987041,0.18053407447882264,0.5540770520224733
25552,LOF,0.18409700751448535,0.16553262066665278,0.6503703718188618
25553,Neutral,0.7951738689319192,0.053174441825763356,0.15165168924231748
25554,LOF,0.22188977768696153,0.15907591931664297,0.6190343029963954
25555,LOF,0.17838105589515535,0.13843849411889292,0.6831804499859516
25556,LOF,0.39054221511964493,0.12708628040664596,0.48237150447370913
25557,LOF,0.17303499733779057,0.1439006698233473,0.6830643328388621
25558,LOF,0.2181515470359486,0.1544553965485741,0.6273930564154773
25559,LOF,0.17870283573707266,0.12169054117591147,0.6996066230870158
25560,LOF,0.06647156208198358,0.13176035916591627,0.8017680787521001
25561,LOF,0.13457481378810413,0.12264390431926836,0.7427812818926275
25562,LOF,0.06487355367605777,0.08099199039527664,0.8541344559286655
25563,LOF,0.09117835175265641,0.08536474611134333,0.8234569021360003
25564,LOF,0.2276600950622483,0.16213973116937366,0.6102001737683781
25565,LOF,0.16008658788532346,0.1393455172142676,0.7005678949004089
25566,GOF,0.01846519681159628,0.7601784629747949,0.22135634021360892
25567,LOF,0.02244600883983969,0.17006151977600792,0.8074924713841525
25568,LOF,0.06565258129917431,0.07345341088229058,0.8608940078185351
25569,LOF,0.06227655090510159,0.07658661432085757,0.8611368347740408
25570,LOF,0.03187384848375646,0.10432295876020277,0.8638031927560409
25571,LOF,0.031174212318817607,0.1029253689883301,0.8659004186928524
25572,LOF,0.03381467834530862,0.13029074655409922,0.8358945751005922
25573,LOF,0.026694044536309972,0.10591450903698088,0.8673914464267092
25574,LOF,0.01939586271228013,0.1642547258258117,0.8163494114619081
25575,LOF,0.026417445078576633,0.11881976939141911,0.8547627855300042
25576,LOF,0.012944413326684775,0.1599689708753126,0.8270866157980027
25577,LOF,0.011778655889614445,0.12696663091293062,0.8612547131974551
25578,LOF,0.28256096722999813,0.08662100607854466,0.6308180266914573
25579,LOF,0.12907592803351897,0.0944516910522348,0.7764723809142462
25580,LOF,0.018970108471457005,0.08218138355345304,0.89884850797509
25581,LOF,0.04897631119982486,0.07325821462627281,0.8777654741739024
25582,LOF,0.048847685511250606,0.07228266475952216,0.8788696497292272
25583,LOF,0.020784419717870116,0.09446917988520784,0.8847464003969221
25584,Neutral,0.5222643683779211,0.09834401713288078,0.379391614489198
25585,LOF,0.012638386569307677,0.14422257727198337,0.8431390361587089
25586,LOF,0.018179421171494545,0.0792134053853778,0.9026071734431276
25587,LOF,0.01722419900368824,0.0717991069166091,0.9109766940797027
25588,LOF,0.01784453378759139,0.08532270260069108,0.8968327636117175
25589,Neutral,0.6352492185013352,0.13564860655933442,0.22910217493933044
25590,LOF,0.020550227353425193,0.12282223327178379,0.8566275393747911
25591,LOF,0.08038447372370547,0.06550161949791114,0.8541139067783835
25592,LOF,0.04964914262008882,0.13266081324065268,0.8176900441392586
25593,LOF,0.02413421847809563,0.23887666136581645,0.736989120156088
25594,LOF,0.04000705115082408,0.10415228511795807,0.8558406637312178
25595,LOF,0.038289262746489826,0.08490633858484735,0.8768043986686628
25596,LOF,0.05253579028123573,0.06729023933545356,0.8801739703833107
25597,LOF,0.03383974662200757,0.07448557533870816,0.8916746780392842
25598,LOF,0.03648533043062437,0.09070881499080569,0.87280585457857
25599,GOF,0.00791004044712555,0.5978661999654212,0.39422375958745337
25600,GOF,0.03250415939994341,0.6659403258901421,0.3015555147099145
25601,LOF,0.012036313660297065,0.4398695445014397,0.5480941418382632
25602,LOF,0.012644269512716763,0.04752574929530455,0.9398299811919787
25603,LOF,0.047114397815960087,0.018191409551701104,0.9346941926323389
25604,LOF,0.016430381759608582,0.06393341606014051,0.9196362021802509
25605,LOF,0.007559598718252086,0.18906838119591865,0.8033720200858292
25606,LOF,0.08363215761653833,0.3178626241828645,0.5985052182005971
25607,LOF,0.004947311737165371,0.2153140778659386,0.779738610396896
25608,LOF,0.011468452811108197,0.12003383481501592,0.8684977123738759
25609,LOF,0.07706567261642921,0.36461068623206877,0.558323641151502
25610,LOF,0.02000100038751002,0.027063330148566704,0.9529356694639232
25611,LOF,0.019107967908164027,0.029883725782591075,0.9510083063092449
25612,LOF,0.05789788019556825,0.04088920837920143,0.9012129114252303
25613,LOF,0.05498975060846025,0.041503685813107385,0.9035065635784324
25614,LOF,0.02691023314258719,0.03254008764700433,0.9405496792104084
25615,LOF,0.017603779822862212,0.048855388234772104,0.9335408319423657
25616,LOF,0.05430857927063904,0.030695411135345525,0.9149960095940155
25617,LOF,0.05169089217499461,0.03625427574859149,0.9120548320764139
25618,LOF,0.06422301263325084,0.035362794755047056,0.9004141926117021
25619,LOF,0.018423123343568874,0.031640165703963614,0.9499367109524675
25620,LOF,0.06678897385064282,0.04042152048734964,0.8927895056620077
25621,LOF,0.01922788626001359,0.03966187054000291,0.9411102431999834
25622,LOF,0.023264582721701163,0.045130619572010394,0.9316047977062885
25623,LOF,0.037695808690239536,0.03674697784335241,0.9255572134664081
25624,LOF,0.023284677864193273,0.039486471041736984,0.9372288510940698
25625,LOF,0.024364566661097643,0.05799009380706248,0.9176453395318399
25626,LOF,0.05454770474868878,0.03874467464262478,0.9067076206086864
25627,Neutral,0.5890472807275066,0.09854937863408136,0.3124033406384121
25628,LOF,0.20498524471869675,0.05384180129604697,0.7411729539852563
25629,LOF,0.03957744912952763,0.060073180468884116,0.9003493704015881
25630,LOF,0.1361789424638519,0.09578883298594495,0.7680322245502031
25631,Neutral,0.6018857482005027,0.06523803849020783,0.33287621330928957
25632,LOF,0.007083073763656877,0.06558933695977029,0.9273275892765729
25633,LOF,0.20269663679317004,0.04495060667159343,0.7523527565352365
25634,LOF,0.029249181505486443,0.09003045532061785,0.8807203631738957
25635,LOF,0.035886889997332895,0.04677326544513601,0.9173398445575311
25636,GOF,0.004880045442717884,0.6190239064189902,0.37609604813829195
25637,GOF,0.006914271334298646,0.5914873772862892,0.4015983513794121
25638,LOF,0.010665209594260103,0.3056305767329861,0.6837042136727537
25639,LOF,0.004870733882462812,0.4508603621181068,0.5442689039994303
25640,GOF,0.4310785791118711,0.4810376240950521,0.08788379679307685
25641,LOF,0.012436908949620133,0.3040176855117771,0.6835454055386029
25642,LOF,0.2299424397234013,0.06098407209701232,0.7090734881795863
25643,LOF,0.14246411431110848,0.15608583664100678,0.7014500490478849
25644,LOF,0.008771196601087713,0.4464039235670339,0.5448248798318783
25645,LOF,0.007618467360796196,0.4290644245364651,0.5633171081027387
25646,LOF,0.013299347919727991,0.31096829619352745,0.6757323558867445
25647,LOF,0.010217994277154484,0.26634545146188215,0.7234365542609634
25648,LOF,0.009428026337568214,0.2580510852382801,0.7325208884241516
25649,LOF,0.007690917888658889,0.19667760669207407,0.795631475419267
25650,LOF,0.013997721282882914,0.41223196534652634,0.5737703133705908
25651,LOF,0.0057290021262228165,0.2737177567468021,0.720553241126975
25652,LOF,0.00982188316150885,0.2584316278590133,0.7317464889794777
25653,LOF,0.026333009037151574,0.3872458448500326,0.5864211461128158
25654,LOF,0.010835184893893695,0.1430094497884364,0.8461553653176699
25655,LOF,0.047667466913424626,0.4123370631919449,0.5399954698946304
25656,LOF,0.19445241669604035,0.0537227542645495,0.7518248290394101
25657,LOF,0.2671553117755021,0.029361510348666568,0.7034831778758313
25658,LOF,0.0916890083148911,0.08922713846977076,0.8190838532153383
25659,LOF,0.44326953434210054,0.06760062044600425,0.48912984521189506
25660,LOF,0.029069263428011458,0.09731917512053187,0.8736115614514567
25661,LOF,0.09193580805799763,0.06671660515827003,0.8413475867837322
25662,LOF,0.028842150748557314,0.045083589855024246,0.9260742593964185
25663,LOF,0.03926549986112962,0.06693782527372834,0.893796674865142
25664,LOF,0.048575594423653404,0.08359076823490054,0.8678336373414461
25665,LOF,0.05692947677472843,0.03480084966994134,0.9082696735553303
25666,LOF,0.03665335428152542,0.10888424554727927,0.8544624001711952
25667,LOF,0.061210026448557,0.05181990743219735,0.8869700661192457
25668,LOF,0.03213666119219416,0.0528702909510365,0.9149930478567694
25669,LOF,0.03090293393710056,0.076287799829364,0.8928092662335354
25670,LOF,0.06127822152118623,0.06011076094540287,0.878611017533411
25671,LOF,0.0916898385275237,0.043392696912369653,0.8649174645601065
25672,LOF,0.05709013731703797,0.04354245240482837,0.8993674102781337
25673,LOF,0.024838432537822534,0.05824746891113209,0.9169140985510454
25674,LOF,0.021627606623368,0.07071961527724033,0.9076527780993917
25675,LOF,0.032711234843082165,0.063366923424743,0.9039218417321748
25676,LOF,0.018490376716607648,0.05832544038910367,0.9231841828942887
25677,LOF,0.027974001577547158,0.06991309146198985,0.902112906960463
25678,LOF,0.18801011278443483,0.055811208977526484,0.7561786782380386
25679,LOF,0.16854298881821306,0.07777125821323538,0.7536857529685516
25680,LOF,0.043547181506263966,0.10838561020258154,0.8480672082911546
25681,LOF,0.06893198116307912,0.1017411310940224,0.8293268877428985
25682,LOF,0.1397524776023548,0.0823772127313241,0.7778703096663211
25683,LOF,0.08146929169644918,0.10945599105109778,0.8090747172524531
25684,LOF,0.042468051611499,0.07745592786196011,0.8800760205265409
25685,LOF,0.0778197985799289,0.05054338161288728,0.8716368198071839
25686,LOF,0.023812485049271963,0.07891568450383851,0.8972718304468895
25687,LOF,0.04850508191516588,0.0669576000331454,0.8845373180516887
25688,LOF,0.04930254775499496,0.06862706565667905,0.8820703865883259
25689,LOF,0.02777616546326011,0.08228341791091762,0.8899404166258224
25690,LOF,0.038151239844698696,0.06113108490939345,0.9007176752459078
25691,LOF,0.2498483254152097,0.089064432941298,0.6610872416434924
25692,LOF,0.26169490049062205,0.0077736879878334995,0.7305314115215445
25693,LOF,0.07380869750937502,0.23970985899458377,0.6864814434960412
25694,LOF,0.2397962658516489,0.013852827881425035,0.746350906266926
25695,LOF,0.14368881716236853,0.0225150676890647,0.8337961151485668
25696,LOF,0.106899909131112,0.011352715073404763,0.8817473757954832
25697,LOF,0.08782129730330468,0.023253273330005327,0.8889254293666901
25698,LOF,0.05441958884788437,0.44793758793839134,0.4976428232137242
25699,LOF,0.06727283292360214,0.10273047565922791,0.8299966914171699
25700,LOF,0.054186214418024625,0.011286559351983604,0.9345272262299918
25701,LOF,0.01858829882050453,0.07585924750721298,0.9055524536722824
25702,GOF,0.03768430537454262,0.7030965535442362,0.25921914108122135
25703,LOF,0.008444575037755257,0.18537759910492435,0.8061778258573205
25704,LOF,0.056466367187607225,0.14124076009991848,0.8022928727124743
25705,LOF,0.06846676577740342,0.26646788066841764,0.665065353554179
25706,GOF,0.024145594820966027,0.5042352184414219,0.47161918673761205
25707,LOF,0.01734206967084558,0.42960358991528896,0.5530543404138655
25708,LOF,0.007571698989233912,0.4238091483941164,0.5686191526166497
25709,LOF,0.056131105958884694,0.06826501900751297,0.8756038750336024
25710,LOF,0.005730537442192429,0.17238500776688673,0.8218844547909208
25711,LOF,0.01646339226731285,0.14834962312114788,0.8351869846115393
25712,LOF,0.0074695041171163445,0.22630879283591504,0.7662217030469686
25713,LOF,0.017704976269471446,0.13157751150658412,0.8507175122239444
25714,LOF,0.05828411987629386,0.1585429619632359,0.7831729181604703
25715,LOF,0.011056617676870465,0.18084991425567945,0.8080934680674501
25716,LOF,0.006710973996295647,0.1317531084553251,0.8615359175483792
25717,LOF,0.0063718790975366485,0.11281191920036028,0.8808162017021031
25718,LOF,0.01221927616905721,0.11603240774461039,0.8717483160863324
25719,LOF,0.018911424811345754,0.12080980166123093,0.8602787735274233
25720,LOF,0.020500433337916388,0.10889103043374321,0.8706085362283403
25721,LOF,0.016394098790252998,0.13877608944721026,0.8448298117625367
25722,LOF,0.014107494560903471,0.1663562427688693,0.8195362626702273
25723,LOF,0.019019965159853238,0.09025116496593918,0.8907288698742076
25724,LOF,0.017418274033001096,0.12937239258239927,0.8532093333845996
25725,LOF,0.011319758911386299,0.10094909558180366,0.88773114550681
25726,LOF,0.01422468070254694,0.14437016999501728,0.8414051493024358
25727,LOF,0.011904328538439472,0.11037623834116707,0.8777194331203935
25728,LOF,0.010560904675071127,0.13638796880886775,0.8530511265160611
25729,LOF,0.01076263184946986,0.14347407530996614,0.845763292840564
25730,LOF,0.01558120238750873,0.11313936874644094,0.8712794288660503
25731,LOF,0.008356372180445782,0.16314912030652015,0.828494507513034
25732,LOF,0.016258415365559116,0.10868882816303403,0.8750527564714068
25733,LOF,0.01597422633974837,0.10013499755579701,0.8838907761044547
25734,LOF,0.005487457347583673,0.15302999162938657,0.8414825510230298
25735,LOF,0.014134569154727897,0.1024759323286771,0.883389498516595
25736,LOF,0.014654121342398909,0.1435857390720294,0.8417601395855717
25737,LOF,0.019685126493489448,0.10862252362924897,0.8716923498772616
25738,LOF,0.013058614754193497,0.15865893008568688,0.8282824551601197
25739,LOF,0.01921914556801507,0.1417925359536375,0.8389883184783474
25740,LOF,0.02972903610434416,0.13707645179909303,0.8331945120965628
25741,LOF,0.014996711238056142,0.12729315362096424,0.8577101351409796
25742,LOF,0.09327376854803654,0.1311807197904039,0.7755455116615596
25743,LOF,0.016007370469579636,0.030653762028511812,0.9533388675019085
25744,LOF,0.2511357483254763,0.3046018176654986,0.4442624340090252
25745,LOF,0.027352091372608776,0.03992009221512068,0.9327278164122706
25746,LOF,0.018305044183389685,0.04831617132774251,0.9333787844888678
25747,LOF,0.030010112236359607,0.023066180587347464,0.9469237071762929
25748,LOF,0.12187863139910465,0.04093394324628388,0.8371874253546115
25749,LOF,0.015873602195143315,0.03847791823957098,0.9456484795652857
25750,LOF,0.03224003625992167,0.059489458789921686,0.9082705049501567
25751,LOF,0.11163381029594259,0.04905473026162709,0.8393114594424304
25752,GOF,0.14040887863421847,0.5960710734437511,0.2635200479220305
25753,LOF,0.007751134616910116,0.3028960733448094,0.6893527920382805
25754,GOF,0.004456939429326446,0.7798344782886183,0.21570858228205522
25755,LOF,0.008968285111924617,0.39938716557585296,0.5916445493122223
25756,LOF,0.04185433031529722,0.3916164072350958,0.5665292624496069
25757,GOF,0.005244566727004127,0.8372954020951633,0.1574600311778326
25758,GOF,0.007017202970467715,0.8486497758817972,0.14433302114773502
25759,GOF,0.004140338916832155,0.544311297715966,0.45154836336720183
25760,LOF,0.005040277909920302,0.25587429007771245,0.7390854320123672
25761,GOF,0.04450773126782653,0.8041570738819819,0.1513351948501917
25762,LOF,0.030895707180718702,0.28602473491972646,0.6830795578995549
25763,LOF,0.006282772654369999,0.21154406221860617,0.7821731651270238
25764,GOF,0.20172519346146806,0.4553095217361989,0.3429652848023332
25765,GOF,0.011589984168899715,0.7703411310564771,0.21806888477462325
25766,GOF,0.014944888445365026,0.7929845654856961,0.19207054606893895
25767,GOF,0.02322735253831325,0.521048564349866,0.4557240831118207
25768,LOF,0.07655761887986111,0.08597947771180996,0.837462903408329
25769,LOF,0.08674234863318188,0.05400606018748243,0.8592515911793356
25770,LOF,0.33346291997814287,0.060460534504981185,0.6060765455168758
25771,LOF,0.012911200575122878,0.05548691367065215,0.9316018857542249
25772,LOF,0.02037091095676122,0.02730164320645358,0.9523274458367851
25773,LOF,0.010648746279087223,0.11100939283087484,0.878341860890038
25774,LOF,0.02595578032538015,0.06763360812708671,0.9064106115475331
25775,LOF,0.01519721573520514,0.04866025388064414,0.9361425303841506
25776,LOF,0.08479242547357335,0.022628090550195934,0.8925794839762307
25777,LOF,0.29425894415894305,0.04363450610290914,0.6621065497381478
25778,LOF,0.07090094914025977,0.04148476725668902,0.8876142836030512
25779,GOF,0.08261726326400431,0.856747549820998,0.06063518691499765
25780,GOF,0.06507176497140943,0.837975010007642,0.0969532250209487
25781,GOF,0.02759401240668715,0.8422933807618169,0.1301126068314961
25782,GOF,0.034526805605458864,0.8732077041178532,0.09226549027668791
25783,GOF,0.012190194794013669,0.6475908548416475,0.34021895036433886
25784,GOF,0.13249009423558386,0.8036462596886076,0.06386364607580845
25785,GOF,0.08285917046259104,0.8562023079045755,0.060938521632833524
25786,GOF,0.005865695921242308,0.7814867016440539,0.21264760243470374
25787,GOF,0.2087775784612118,0.7425186946537842,0.048703726885004135
25788,LOF,0.04478086601272556,0.10827179566559116,0.8469473383216833
25789,GOF,0.04214024701209338,0.8108256079299885,0.1470341450579181
25790,GOF,0.043973832135497326,0.8239670972981791,0.1320590705663236
25791,GOF,0.02986050796393289,0.7557444727764847,0.21439501925958243
25792,GOF,0.04916196966666772,0.76299477214748,0.18784325818585226
25793,GOF,0.09418740933126307,0.6958172365216009,0.2099953541471361
25794,GOF,0.11456295830833144,0.6827274650904246,0.202709576601244
25795,GOF,0.02759150997529478,0.7388428030180285,0.2335656870066767
25796,GOF,0.14099872481390915,0.7480147927475282,0.11098648243856263
25797,GOF,0.03883125522437467,0.6017390973567796,0.3594296474188459
25798,GOF,0.0033419053218192935,0.5391769209223908,0.4574811737557899
25799,LOF,0.003106159313277844,0.403212717843019,0.5936811228437032
25800,GOF,0.011553708500314439,0.6399818115880083,0.3484644799116773
25801,GOF,0.03166036648435634,0.8143606648421974,0.1539789686734461
25802,GOF,0.019833925698787284,0.721701871666779,0.25846420263443387
25803,GOF,0.010150516149429318,0.5924789211172754,0.3973705627332953
25804,LOF,0.012506589902462588,0.4729057058313078,0.5145877042662296
25805,GOF,0.02186121212379413,0.6101147643602851,0.3680240235159209
25806,GOF,0.019080607011860314,0.6167224425803997,0.36419695040773997
25807,GOF,0.005642070712485922,0.6535685393085913,0.3407893899789228
25808,GOF,0.01562190927189702,0.6531784127924052,0.33119967793569777
25809,GOF,0.006433623340670299,0.6059546468626702,0.3876117297966595
25810,GOF,0.0053881030146933455,0.6099238039762677,0.3846880930090389
25811,GOF,0.10195288907368426,0.7724107168225268,0.125636394103789
25812,GOF,0.012990835308430702,0.6147460185566208,0.37226314613494854
25813,GOF,0.11928081942636422,0.7161531957677744,0.1645659848058613
25814,GOF,0.03255368127841154,0.6911631556212249,0.27628316310036366
25815,GOF,0.05159589319503797,0.7128429036999402,0.23556120310502193
25816,GOF,0.0077993874333036626,0.7361057319110507,0.2560948806556457
25817,GOF,0.07254142406411711,0.7638322693467705,0.16362630658911242
25818,GOF,0.01976997742782718,0.7021799601017811,0.2780500624703916
25819,GOF,0.08368292344142461,0.7195645916201963,0.19675248493837916
25820,GOF,0.038994095334160685,0.7129760845390828,0.24802982012675637
25821,GOF,0.017537479148139464,0.6882558834279665,0.294206637423894
25822,GOF,0.04046927684420395,0.6998463059644682,0.2596844171913278
25823,GOF,0.012389176857295814,0.533752027504149,0.45385879563855513
25824,GOF,0.02186318727648089,0.653766644846624,0.32437016787689515
25825,GOF,0.013093914760909759,0.6259837510057314,0.36092233423335873
25826,GOF,0.005071880486325533,0.6161726503536008,0.3787554691600736
25827,GOF,0.008016057915103411,0.631350646203398,0.36063329588149867
25828,GOF,0.005189565359387054,0.5454473374304776,0.4493630972101353
25829,GOF,0.002833930807732729,0.5928496513034064,0.4043164178888608
25830,LOF,0.03796540891523361,0.3478512489926096,0.6141833420921567
25831,GOF,0.0387050616612327,0.8254637967741011,0.13583114156466622
25832,GOF,0.00843640807820092,0.7732739598624063,0.21828963205939284
25833,GOF,0.030825487864904754,0.8139506342037428,0.15522387793135256
25834,GOF,0.008589751509242283,0.778344725357202,0.21306552313355584
25835,GOF,0.018118045220954063,0.8229838874941823,0.1588980672848637
25836,GOF,0.007599562040751281,0.7577503765378054,0.23465006142144323
25837,GOF,0.0069553574327023415,0.6618610824294081,0.33118356013788963
25838,GOF,0.022136150038109592,0.840769406821739,0.13709444314015162
25839,GOF,0.06264260289536902,0.7909996941089866,0.14635770299564424
25840,GOF,0.04460062867637868,0.8122694672883183,0.14312990403530315
25841,GOF,0.04196173920760076,0.8354940756702846,0.12254418512211468
25842,GOF,0.027739177749605323,0.8567674545924199,0.1154933676579747
25843,GOF,0.030409471292208903,0.8743066909611009,0.09528383774669018
25844,GOF,0.018086082083246018,0.7981544425857132,0.1837594753310408
25845,GOF,0.005224709209268587,0.5546383785417228,0.44013691224900864
25846,GOF,0.028803933908571812,0.8417154676645631,0.12948059842686493
25847,GOF,0.019535158372276845,0.8856028495565217,0.09486199207120134
25848,GOF,0.015102842733532882,0.7842292775151158,0.20066787975135114
25849,GOF,0.004796342600190613,0.6605913178102152,0.3346123395895943
25850,GOF,0.007366785871289131,0.6925661981368183,0.30006701599189245
25851,GOF,0.006791095428928652,0.5644324853522005,0.42877641921887094
25852,GOF,0.15680835516953226,0.5183107999541176,0.32488084487635027
25853,GOF,0.07404190590316051,0.8216316595719647,0.10432643452487474
25854,GOF,0.009322840557863967,0.6508189224211042,0.339858237021032
25855,GOF,0.014894427925232441,0.5913794338179353,0.39372613825683217
25856,GOF,0.04296302745537395,0.7217012034103537,0.23533576913427226
25857,GOF,0.015455815599820462,0.5408694109340078,0.44367477346617173
25858,GOF,0.008248403464197598,0.5362207349627324,0.45553086157307016
25859,GOF,0.005398433236069073,0.5179371586535094,0.47666440811042154
25860,GOF,0.08873460316369589,0.7896196593708841,0.12164573746542018
25861,GOF,0.1296579382392207,0.7752860643085235,0.09505599745225576
25862,GOF,0.02051061364655864,0.8396712191258935,0.13981816722754786
25863,GOF,0.019671906458980978,0.8519801388723973,0.12834795466862164
25864,GOF,0.04570857011565883,0.8748913687156858,0.07940006116865549
25865,GOF,0.031950137503260735,0.8552448180330527,0.11280504446368642
25866,GOF,0.024993693458472542,0.8355002777721369,0.13950602876939064
25867,GOF,0.026779263111311687,0.865240080003861,0.10798065688482725
25868,GOF,0.054463781564505806,0.7937334177408467,0.15180280069464744
25869,GOF,0.3194249773519303,0.5788701607627004,0.10170486188536931
25870,GOF,0.1806915704863802,0.5117976333053832,0.3075107962082367
25871,GOF,0.03320934656134642,0.8443012142454263,0.12248943919322744
25872,GOF,0.018400725711074938,0.7512225513677349,0.23037672292119002
25873,GOF,0.020465870625250664,0.8302034274387543,0.14933070193599499
25874,LOF,0.017076513118569597,0.1198217141908085,0.8631017726906218
25875,LOF,0.024130930610170347,0.03264079122241057,0.943228278167419
25876,LOF,0.014075783380518743,0.03281841103841253,0.9531058055810687
25877,LOF,0.11801650940802895,0.055402391740108,0.826581098851863
25878,LOF,0.047850567510679995,0.07138545607042704,0.880763976418893
25879,LOF,0.022405355006392406,0.05945380811113074,0.9181408368824769
25880,LOF,0.044041070125966225,0.011427608051106555,0.9445313218229272
25881,Neutral,0.5372656225023761,0.04209106095488916,0.4206433165427348
25882,LOF,0.02115209251554496,0.031060362331459614,0.9477875451529955
25883,LOF,0.0663975527918234,0.0227653862337171,0.9108370609744595
25884,LOF,0.009842021002973786,0.0377159875981392,0.9524419913988871
25885,LOF,0.1831932010427257,0.006195580771654499,0.8106112181856198
25886,LOF,0.29689037926123396,0.045061111287756965,0.6580485094510091
25887,LOF,0.15460556340186243,0.05114649383202219,0.7942479427661153
25888,LOF,0.011945076154274157,0.09785489792312138,0.8902000259226044
25889,LOF,0.01265061129623183,0.0301815968937041,0.9571677918100641
25890,LOF,0.11594189713084531,0.07970014320550671,0.8043579596636479
25891,LOF,0.047662859836655906,0.03400254381216195,0.9183345963511822
25892,LOF,0.011795261803720576,0.04550673321588305,0.9426980049803964
25893,LOF,0.4049475874113949,0.013966895340092858,0.5810855172485122
25894,LOF,0.4257265993092546,0.007562949890669337,0.566710450800076
25895,LOF,0.37301175038399653,0.01645111845924835,0.6105371311567552
25896,LOF,0.045287417190050284,0.026926665918793793,0.9277859168911559
25897,LOF,0.20788979108110503,0.01407337006127169,0.7780368388576233
25898,LOF,0.2307798418422362,0.03522626035079004,0.7339938978069737
25899,LOF,0.20024426443016194,0.027935412308227592,0.7718203232616105
25900,LOF,0.4773633907410787,0.012098324227642504,0.5105382850312787
25901,LOF,0.04971625112616952,0.012094605242687824,0.9381891436311427
25902,LOF,0.1091094629617974,0.015756029221488606,0.875134507816714
25903,LOF,0.4191143148718601,0.03230683020297119,0.5485788549251687
25904,LOF,0.3198131707345665,0.050567342353622244,0.6296194869118112
25905,LOF,0.006102986176295181,0.43105511324811935,0.5628419005755855
25906,LOF,0.008879552896896502,0.12098471131652111,0.8701357357865823
25907,LOF,0.003971642330667077,0.37104100971533654,0.6249873479539964
25908,LOF,0.0034866394490899316,0.27561696367707894,0.7208963968738311
25909,LOF,0.013204878042801179,0.16060793827991102,0.8261871836772879
25910,LOF,0.014816988803019255,0.15630283001218584,0.8288801811847948
25911,LOF,0.16961212731265032,0.026494632964147537,0.803893239723202
25912,LOF,0.07121782347399877,0.040153225495741844,0.8886289510302595
25913,LOF,0.07385663931756728,0.046658811135364034,0.8794845495470687
25914,LOF,0.0209934378122277,0.05618463665051569,0.9228219255372566
25915,LOF,0.14705605151604065,0.3199999934828389,0.5329439550011205
25916,LOF,0.020181442817666376,0.1988482504162699,0.7809703067660637
25917,LOF,0.056859605198240605,0.041518459600107284,0.9016219352016521
25918,LOF,0.026827183077277876,0.03459339013368147,0.9385794267890406
25919,LOF,0.02176017298140426,0.03405220568686094,0.9441876213317347
25920,LOF,0.0961117333621986,0.26770677130917314,0.6361814953286282
25921,LOF,0.010817360356713972,0.04349203633495488,0.9456906033083311
25922,LOF,0.012894464318999125,0.03556054832753841,0.9515449873534625
25923,Neutral,0.49594350729129816,0.04340985989883014,0.4606466328098716
25924,LOF,0.016783895270095335,0.047880350516074206,0.9353357542138305
25925,LOF,0.07575395005643441,0.04625392398929698,0.8779921259542687
25926,LOF,0.05589412741688251,0.044594593355651864,0.8995112792274657
25927,LOF,0.019543769975180675,0.06805951938551467,0.9123967106393047
25928,LOF,0.007820379159250032,0.05453304367222435,0.9376465771685257
25929,Neutral,0.6076913325670981,0.04609914283111287,0.346209524601789
25930,LOF,0.0688314605085536,0.03943267214291709,0.8917358673485293
25931,LOF,0.010462521902294455,0.039566239966407325,0.9499712381312981
25932,LOF,0.03220191952431711,0.030762958549814538,0.9370351219258684
25933,LOF,0.04071052057136836,0.022902308949870113,0.9363871704787615
25934,LOF,0.027697460129481398,0.023779867282675487,0.9485226725878432
25935,LOF,0.0675739992184246,0.05771238186113902,0.8747136189204363
25936,LOF,0.04604413508594297,0.026273728355695126,0.927682136558362
25937,LOF,0.009305623334634803,0.0417650091034816,0.9489293675618835
25938,LOF,0.06569603744061082,0.06734946024261958,0.8669545023167696
25939,LOF,0.03952940218574282,0.027746061421142765,0.9327245363931145
25940,LOF,0.009357207049404183,0.3287031197091917,0.661939673241404
25941,Neutral,0.5167973737185404,0.031141206835334185,0.45206141944612543
25942,LOF,0.0046278262747885025,0.03894239682625626,0.9564297768989553
25943,LOF,0.032758904146384576,0.14954575368973477,0.8176953421638806
25944,LOF,0.11775380768717608,0.08221025326561751,0.8000359390472064
25945,LOF,0.05460123392265013,0.017932544447008147,0.9274662216303418
25946,LOF,0.07472601818388482,0.06423660919695134,0.8610373726191638
25947,LOF,0.44761833157063086,0.07429521633097542,0.4780864520983936
25948,LOF,0.3172478740155153,0.00930717528983186,0.6734449506946528
25949,LOF,0.09985618293103964,0.04740656563093572,0.8527372514380246
25950,GOF,0.038775319874419456,0.5934536709775085,0.3677710091480721
25951,LOF,0.01659825286392573,0.42040801681013196,0.5629937303259422
25952,LOF,0.25981848423512455,0.32851392934153817,0.4116675864233373
25953,LOF,0.013298009275537297,0.20591838056762113,0.7807836101568415
25954,LOF,0.054583630951829616,0.46434707190974833,0.48106929713842206
25955,LOF,0.009793037809958447,0.1691328887041027,0.821074073485939
25956,LOF,0.028221306711084908,0.300508857749401,0.671269835539514
25957,LOF,0.15498742189850034,0.028587484169848035,0.8164250939316516
25958,LOF,0.05033574910798156,0.030223078956137756,0.9194411719358807
25959,LOF,0.011912788839385869,0.4871758376016515,0.5009113735589626
25960,LOF,0.006200545299193199,0.05350884182103968,0.9402906128797672
25961,LOF,0.03980196531424739,0.028681748684561196,0.9315162860011914
25962,LOF,0.03284819763362395,0.0768866022008337,0.8902652001655423
25963,LOF,0.0059325050643055125,0.2311399678505197,0.7629275270851748
25964,LOF,0.03250156894090511,0.11648923712690179,0.8510091939321931
25965,LOF,0.34198733158985967,0.13742474730462115,0.5205879211055192
25966,Neutral,0.5084025337146855,0.1495124269508465,0.34208503933446804
25967,LOF,0.006901499882802145,0.09985046691011648,0.8932480332070813
25968,LOF,0.047432711127771116,0.23191705940101495,0.7206502294712139
25969,LOF,0.11174385059175715,0.05527789444783086,0.8329782549604119
25970,LOF,0.018410770026601138,0.08515575659973049,0.8964334733736684
25971,LOF,0.06539782802184116,0.028175590397625717,0.9064265815805331
25972,LOF,0.06412721234560573,0.038413777443050696,0.8974590102113436
25973,LOF,0.05772464822789852,0.01095453231249038,0.9313208194596111
25974,LOF,0.03820324646553195,0.03533996086658912,0.9264567926678791
25975,LOF,0.0442564796810993,0.021886442669120983,0.9338570776497798
25976,LOF,0.10152781162484492,0.011525037638525987,0.8869471507366291
25977,LOF,0.1881281476800112,0.06245727883029583,0.749414573489693
25978,LOF,0.1397954237617867,0.1353650308451668,0.7248395453930465
25979,LOF,0.12513067018136387,0.13264741748940168,0.7422219123292344
25980,LOF,0.23867893907540969,0.14663477105870756,0.6146862898658827
25981,LOF,0.26738098575003993,0.14470214739300688,0.5879168668569532
25982,LOF,0.427733064946012,0.10589279957103923,0.46637413548294887
25983,LOF,0.40477054434086707,0.11336505239204024,0.4818644032670926
25984,LOF,0.04207336134765003,0.05852590870354956,0.8994007299488004
25985,LOF,0.4043531409025384,0.11690654801078293,0.47874031108667875
25986,LOF,0.011603829275230472,0.38151061339887854,0.606885557325891
25987,LOF,0.0349928447075902,0.09006208571548989,0.87494506957692
25988,LOF,0.16806130061602081,0.0924894195734762,0.7394492798105029
25989,LOF,0.03685125027891064,0.1314105370891893,0.8317382126319001
25990,LOF,0.03666099048347581,0.1968264161260407,0.7665125933904835
25991,LOF,0.016651698861069084,0.366779971657622,0.6165683294813089
25992,LOF,0.021249558168848683,0.3298389640310981,0.6489114778000531
25993,LOF,0.022024378843630975,0.09030421237800723,0.8876714087783618
25994,LOF,0.015481418374279597,0.08259751253920276,0.9019210690865177
25995,LOF,0.020682413452575384,0.18306835260659995,0.7962492339408246
25996,Neutral,0.38752441744500304,0.27807864498036156,0.33439693757463546
25997,LOF,0.07701409151290306,0.35487947055080676,0.5681064379362901
25998,LOF,0.2871441799013305,0.05119691545682305,0.6616589046418464
25999,LOF,0.017375346163613373,0.24122142302333716,0.7414032308130495
26000,LOF,0.15745395995146647,0.029310241689818283,0.8132357983587153
26001,LOF,0.30033627747359615,0.02507711958320022,0.6745866029432036
26002,LOF,0.08027103221589389,0.044281794395041735,0.8754471733890644
26003,GOF,0.0042214043285085864,0.6321127233864886,0.36366587228500274
26004,GOF,0.0062061079526402356,0.7034139170051479,0.2903799750422119
26005,LOF,0.0029393532837494168,0.4888300141243945,0.5082306325918562
26006,GOF,0.07903588591048928,0.5621636693403164,0.35880044474919437
26007,GOF,0.005750731150452718,0.5401725695605076,0.45407669928903965
26008,GOF,0.005817583000782115,0.6390207270783482,0.35516168992086966
26009,GOF,0.006603018891902947,0.659742674725075,0.3336543063830221
26010,GOF,0.008089382939797456,0.6882406781433261,0.3036699389168765
26011,LOF,0.0027343537376352564,0.4715941276204498,0.525671518641915
26012,GOF,0.003985147346391837,0.5471413266600054,0.44887352599360275
26013,GOF,0.005289606748895648,0.6345618017133741,0.3601485915377304
26014,LOF,0.046360361092289255,0.11004223630818051,0.8435974025995302
26015,LOF,0.13923345659551487,0.02159852349568488,0.8391680199088003
26016,LOF,0.2998222584981581,0.042762072111353286,0.6574156693904888
26017,LOF,0.024234613004170496,0.2084000944131056,0.7673652925827239
26018,LOF,0.07549344217631454,0.0492515697197261,0.8752549881039594
26019,LOF,0.07270065876671798,0.03923219244440246,0.8880671487888795
26020,LOF,0.0076599023162304105,0.21867588891239612,0.7736642087713734
26021,LOF,0.06910310370755739,0.07719617812266208,0.8537007181697805
26022,LOF,0.028213781419002406,0.02688237355700624,0.9449038450239914
26023,LOF,0.04503691781723363,0.02813965352416923,0.9268234286585971
26024,LOF,0.04378263875936411,0.07803213275787559,0.8781852284827603
26025,LOF,0.06246328842569048,0.07275542202993711,0.8647812895443724
26026,LOF,0.12564652727323497,0.05503168580096554,0.8193217869257994
26027,LOF,0.0595523043301518,0.0223512800493573,0.9180964156204908
26028,LOF,0.08136955934522896,0.1279550388284752,0.7906754018262958
26029,LOF,0.02657028718131581,0.20006544012352823,0.773364272695156
26030,LOF,0.13910625716154418,0.02679040398127392,0.8341033388571819
26031,LOF,0.013330692566176769,0.15388062847649767,0.8327886789573256
26032,LOF,0.08233242326348983,0.06351420150661308,0.8541533752298971
26033,LOF,0.08344128373853639,0.060424779335163506,0.8561339369263
26034,LOF,0.015134396878189026,0.1616331675363883,0.8232324355854227
26035,LOF,0.012981468358084306,0.13009557722205844,0.8569229544198572
26036,LOF,0.016657782378029718,0.1772969235489164,0.8060452940730538
26037,LOF,0.01105987020249522,0.1128512341693545,0.8760888956281503
26038,LOF,0.06839573307784544,0.05809628767205163,0.8735079792501029
26039,LOF,0.024847322019537765,0.15493137274902424,0.820221305231438
26040,LOF,0.11900946870519179,0.14964965765968363,0.7313408736351246
26041,LOF,0.012708894738008862,0.09983437121925173,0.8874567340427394
26042,LOF,0.011870026484799021,0.1029265933208813,0.8852033801943197
26043,LOF,0.06786266084048684,0.07665175597998071,0.8554855831795325
26044,LOF,0.012966713413962029,0.06185066021619629,0.9251826263698417
26045,LOF,0.04823352368724099,0.10029165051639038,0.8514748257963686
26046,LOF,0.05983493898295805,0.06342246600745774,0.8767425950095842
26047,LOF,0.10159748301611955,0.06652058897128142,0.8318819280125991
26048,LOF,0.04358400932538499,0.04004607950048148,0.9163699111741335
26049,Neutral,0.9697035113896321,0.006246979642924613,0.024049508967443303
26050,Neutral,0.9560791650386136,0.00805047215397535,0.035870362807410974
26051,LOF,0.015846874339910322,0.17367967411407886,0.8104734515460109
26052,LOF,0.022367642052744562,0.2209367887775391,0.7566955691697164
26053,LOF,0.02838990905719207,0.15421716233613667,0.8173929286066713
26054,LOF,0.047043618233816295,0.017009552832810974,0.9359468289333728
26055,LOF,0.06348506629247576,0.015001557588144067,0.9215133761193802
26056,LOF,0.05298321625050766,0.018333126732207376,0.9286836570172851
26057,LOF,0.030700873439834055,0.011374991462646545,0.9579241350975193
26058,LOF,0.03187673402542457,0.010087169844898899,0.9580360961296766
26059,LOF,0.29191199914200133,0.01846014685499672,0.689627854003002
26060,LOF,0.009039278830224933,0.13398057357416773,0.8569801475956073
26061,LOF,0.0050401138927729065,0.014674007195109516,0.9802858789121175
26062,LOF,0.004060990754480559,0.018952621929998505,0.976986387315521
26063,LOF,0.02243130710896816,0.010058317961619115,0.9675103749294127
26064,LOF,0.006528626394600049,0.023758997604671945,0.9697123760007279
26065,LOF,0.022748263109529064,0.0118144452309106,0.9654372916595603
26066,LOF,0.02127738527442102,0.010993389709618252,0.9677292250159608
26067,LOF,0.027517070774181945,0.008379040460836637,0.9641038887649814
26068,LOF,0.0417289399155822,0.028595417153660017,0.9296756429307577
26069,LOF,0.2673896237338325,0.017488812965838724,0.7151215633003287
26070,LOF,0.40857460611871915,0.013785030099272304,0.5776403637820087
26071,LOF,0.021857349810094923,0.010975114371887692,0.9671675358180173
26072,LOF,0.0056661778882784305,0.022653216472532444,0.9716806056391892
26073,LOF,0.018737068449031943,0.013509077906827632,0.9677538536441405
26074,Neutral,0.9073564202819491,0.005594426572489867,0.08704915314556097
26075,LOF,0.04384857876313187,0.014470508899826253,0.9416809123370419
26076,LOF,0.03877161355966471,0.009112132136739117,0.9521162543035961
26077,LOF,0.11709084449794749,0.007795215259571219,0.8751139402424812
26078,LOF,0.0059716877488973355,0.014360177221578911,0.9796681350295239
26079,LOF,0.05198020419861616,0.01671777483529789,0.9313020209660858
26080,LOF,0.050369351150924294,0.016745650324019867,0.9328849985250559
26081,LOF,0.029249694827792803,0.007567580861372998,0.9631827243108342
26082,LOF,0.004656184142023452,0.015396941328966914,0.9799468745290095
26083,LOF,0.13574381916042866,0.0147595034780015,0.8494966773615699
26084,LOF,0.03642996537592056,0.012533077468051573,0.9510369571560279
26085,LOF,0.03218240157996408,0.011371021609067162,0.9564465768109688
26086,LOF,0.01982847723652566,0.011222512312336032,0.9689490104511382
26087,LOF,0.02149280302086241,0.009454149465226469,0.9690530475139111
26088,LOF,0.005734114893745388,0.02332032464996616,0.9709455604562884
26089,LOF,0.03880058313454134,0.02163422347237913,0.9395651933930795
26090,LOF,0.03796414375702944,0.017370754588276326,0.9446651016546942
26091,LOF,0.02852466189660583,0.0070109091666199115,0.9644644289367743
26092,LOF,0.02129788795380794,0.008078960952577601,0.9706231510936144
26093,LOF,0.03859242438663311,0.006364075036394745,0.9550435005769721
26094,LOF,0.02822470939390051,0.0069989537308024615,0.964776336875297
26095,LOF,0.014281628144438025,0.017764029905862004,0.9679543419496999
26096,LOF,0.13684326139791902,0.005934950805437575,0.8572217877966434
26097,LOF,0.004628366743882879,0.04033541843297647,0.9550362148231406
26098,LOF,0.06912786825069611,0.013249729254586446,0.9176224024947176
26099,LOF,0.01854009778279055,0.013074370976794192,0.9683855312404154
26100,LOF,0.02114201829455374,0.012569640947214706,0.9662883407582314
26101,LOF,0.04728445430000481,0.02019944226796354,0.9325161034320316
26102,LOF,0.020851585749217895,0.013643379680834221,0.9655050345699479
26103,Neutral,0.8676716765092979,0.01966308022181337,0.11266524326888863
26104,LOF,0.06404273073092162,0.022317749232542986,0.9136395200365354
26105,LOF,0.1908377010659775,0.17612415672713486,0.6330381422068877
26106,LOF,0.34100829057574417,0.12846852317376659,0.5305231862504892
26107,LOF,0.022005177871379195,0.1115790487408131,0.8664157733878077
26108,LOF,0.36624400363714327,0.04382512447761994,0.5899308718852369
26109,LOF,0.031023487117816217,0.06926242912297599,0.8997140837592078
26110,LOF,0.1884591855180424,0.00639228754244952,0.8051485269395081
26111,LOF,0.0732643960290682,0.07092600095134617,0.8558096030195855
26112,LOF,0.033691048603925,0.006641650951653791,0.9596673004444213
26113,LOF,0.061275241312504704,0.0143704975765719,0.9243542611109233
26114,LOF,0.06953433573547503,0.011804952311284084,0.9186607119532408
26115,LOF,0.015065715642827411,0.08253003508071466,0.9024042492764579
26116,LOF,0.08236005312283763,0.0446809094131826,0.8729590374639797
26117,LOF,0.4253314872501627,0.041614420317229256,0.5330540924326082
26118,LOF,0.03380266410457024,0.022115061876276224,0.9440822740191536
26119,LOF,0.0042859740909770745,0.043612913086813566,0.9521011128222094
26120,LOF,0.023255178227811747,0.018516035104962848,0.9582287866672254
