feature0,prediction,LoGoFunc_Neutral,LoGoFunc_GOF,LoGoFunc_LOF
25546,Neutral,0.6727990347230226,0.04284187639585424,0.2843590888811231
25547,Neutral,0.5692044566014651,0.08516795801410607,0.34562758538442884
25548,Neutral,0.5287031219659145,0.06369651692388988,0.4076003611101956
25549,Neutral,0.49731946948154737,0.06455705032155397,0.4381234801968986
25550,LOF,0.4238953823686264,0.11738564630027894,0.4587189713310946
25551,LOF,0.34658155254741246,0.11791577418140095,0.5355026732711866
25552,LOF,0.19748615085738475,0.12851625492706809,0.6739975942155472
25553,Neutral,0.8256069928277833,0.034215442937683936,0.1401775642345328
25554,LOF,0.2334914968410274,0.1269296190796449,0.6395788840793277
25555,LOF,0.18756950484930132,0.117888732204081,0.6945417629466176
25556,Neutral,0.515625916137855,0.08550805749224617,0.3988660263698988
25557,LOF,0.18356124836022308,0.1210962929128622,0.6953424587269147
25558,LOF,0.23355454443731088,0.13151618010998076,0.6349292754527084
25559,Neutral,0.5759654222256153,0.049766050859536365,0.3742685269148483
25560,LOF,0.04549706208236089,0.2485005528833433,0.7060023850342959
25561,LOF,0.08199018111072193,0.2726019388171689,0.6454078800721091
25562,LOF,0.10208937872381792,0.12987963415422452,0.7680309871219577
25563,LOF,0.10652788712752974,0.1481271065092296,0.7453450063632406
25564,LOF,0.06664169604616514,0.21547666696578283,0.7178816369880521
25565,LOF,0.12714300838569112,0.21726265558130647,0.6555943360330024
25566,GOF,0.015201307472532484,0.7517223671340758,0.2330763253933918
25567,LOF,0.015903250604751548,0.11895336597047756,0.8651433834247709
25568,LOF,0.053146836332649626,0.06615990621235487,0.8806932574549955
25569,LOF,0.06498907132697164,0.06640462016314251,0.8686063085098858
25570,LOF,0.07667636371617374,0.11310738084813242,0.810216255435694
25571,LOF,0.07475784615484127,0.09807681643038532,0.8271653374147734
25572,LOF,0.0736623095377673,0.1332115048974754,0.7931261855647573
25573,LOF,0.03334695834837223,0.08402398085934089,0.8826290607922869
25574,LOF,0.018880009570743376,0.13244036015017296,0.8486796302790837
25575,LOF,0.06449831855295628,0.09838459285425954,0.8371170885927841
25576,LOF,0.021780506040057854,0.0986865315439564,0.8795329624159858
25577,LOF,0.01560994041517923,0.15184944323734056,0.8325406163474802
25578,LOF,0.24436048531163318,0.07645010395238422,0.6791894107359827
25579,LOF,0.24800272406497925,0.0755248478977155,0.6764724280373052
25580,LOF,0.04339620540020112,0.09052212682785257,0.8660816677719463
25581,LOF,0.05163490866564684,0.0692216670616241,0.8791434242727291
25582,LOF,0.05155610663639757,0.06746700341208721,0.8809768899515152
25583,LOF,0.05514855138211838,0.09819703808269911,0.8466544105351825
25584,Neutral,0.4660707185014617,0.07811830670296571,0.45581097479557264
25585,LOF,0.03121992687955619,0.10528588177751086,0.8634941913429329
25586,LOF,0.04146472570799602,0.07405843920737454,0.8844768350846295
25587,LOF,0.03796306612072178,0.06835288502021669,0.8936840488590616
25588,LOF,0.03795990973355942,0.0814540175759977,0.8805860726904429
25589,Neutral,0.6002945815096377,0.09091930391832152,0.3087861145720408
25590,LOF,0.02895276688761274,0.12574870152547085,0.8452985315869165
25591,LOF,0.10187808330259018,0.05529147820463266,0.8428304384927773
25592,LOF,0.10007295080661072,0.1209697333185469,0.7789573158748425
25593,LOF,0.017291760471681007,0.21551011709140303,0.767198122436916
25594,LOF,0.039803686253159457,0.13192567540052752,0.8282706383463131
25595,LOF,0.07685640481492668,0.09316840934475816,0.829975185840315
25596,LOF,0.08507851702218477,0.07890971170113677,0.8360117712766785
25597,LOF,0.0783246191639518,0.03551776160394082,0.8861576192321075
25598,LOF,0.052294981898340406,0.12669289813983772,0.821012119961822
25599,GOF,0.006542667957628156,0.6612540943891734,0.3322032376531986
25600,GOF,0.007205409151803064,0.5941868118199458,0.39860777902825106
25601,LOF,0.006629700406910302,0.464930496320221,0.5284398032728688
25602,LOF,0.01446292779833183,0.077766253534698,0.9077708186669701
25603,LOF,0.04692737580641787,0.03401950778065057,0.9190531164129315
25604,LOF,0.03744032995441,0.06607411665488179,0.8964855533907082
25605,LOF,0.011770891789462523,0.23512293079885271,0.7531061774116848
25606,GOF,0.05492388614814234,0.5252573396348684,0.41981877421698915
25607,LOF,0.0038368731249550747,0.14763223068389733,0.8485308961911476
25608,LOF,0.04242096331406673,0.04288769603535126,0.914691340650582
25609,LOF,0.05988380360224356,0.25378055459117954,0.6863356418065769
25610,LOF,0.051410765073936084,0.04256369764318102,0.9060255372828829
25611,LOF,0.05715996157599399,0.03305428483142235,0.9097857535925836
25612,LOF,0.13000501593896827,0.07998955446309185,0.79000542959794
25613,LOF,0.11285020613436833,0.0702357315678625,0.8169140622977692
25614,LOF,0.037372038017049004,0.04988636582925663,0.9127415961536943
25615,LOF,0.07927282527289836,0.05720800967072352,0.863519165056378
25616,LOF,0.043812019071571826,0.07048945567443951,0.8856985252539887
25617,LOF,0.04716074499196124,0.06558825224341905,0.8872510027646197
25618,LOF,0.24352911644872302,0.05752182933558955,0.6989490542156874
25619,LOF,0.043168052108912586,0.05505638289428138,0.901775564996806
25620,LOF,0.041523762291610596,0.06831232540340758,0.8901639123049819
25621,LOF,0.04391407366082351,0.0517869723594566,0.9042989539797198
25622,LOF,0.03729773346351014,0.07072447914136405,0.8919777873951258
25623,LOF,0.055152686702828455,0.05178365225816163,0.8930636610390098
25624,LOF,0.029725358392735313,0.06049983206149152,0.9097748095457732
25625,LOF,0.04347458995988138,0.06921158369470062,0.887313826345418
25626,LOF,0.08124415863626837,0.05846173250532023,0.8602941088584113
25627,Neutral,0.5628662614499728,0.11213484646900793,0.3249988920810193
25628,LOF,0.2076165839033119,0.0547094020339088,0.7376740140627793
25629,LOF,0.07466517457206014,0.1316753909903248,0.7936594344376151
25630,LOF,0.19484113021608498,0.09338110766628231,0.7117777621176327
25631,Neutral,0.5849036065156117,0.06023757993978168,0.3548588135446065
25632,LOF,0.020851562567359812,0.09128854324546537,0.8878598941871748
25633,LOF,0.2275546963773721,0.09672353675768479,0.6757217668649431
25634,LOF,0.03798906313424419,0.10137567434034105,0.8606352625254148
25635,LOF,0.03538596384866549,0.08653070066975277,0.8780833354815817
25636,GOF,0.00536108963314872,0.6272294845406411,0.3674094258262101
25637,GOF,0.004184527219386294,0.5366358523635619,0.45917962041705185
25638,LOF,0.007247373118548453,0.47575423071347434,0.5169983961679773
25639,LOF,0.004559467641153452,0.451453499960942,0.5439870323979047
25640,GOF,0.40557403794799696,0.5334638941762435,0.0609620678757596
25641,LOF,0.005972404552609375,0.36379546113374744,0.6302321343136431
25642,LOF,0.2654803025309198,0.13633295538636833,0.5981867420827119
25643,LOF,0.2668808450714615,0.28447104005127155,0.448648114877267
25644,GOF,0.014057880168149128,0.7401276878382416,0.24581443199360928
25645,GOF,0.009538802097338964,0.6811485165981563,0.3093126813045048
25646,LOF,0.010319731140272195,0.4887836650275652,0.5008966038321625
25647,LOF,0.009670204500612732,0.3681748422699287,0.6221549532294587
25648,LOF,0.00713008449939288,0.4554285028422811,0.5374414126583261
25649,LOF,0.0072788401142264165,0.3093410235452098,0.6833801363405637
25650,GOF,0.023999876299997704,0.6658357950154051,0.31016432868459726
25651,LOF,0.005883045503078257,0.35558835656005083,0.6385285979368709
25652,LOF,0.010125889789118504,0.4750550028887775,0.514819107322104
25653,GOF,0.04071200287975765,0.6540143496423388,0.3052736474779035
25654,LOF,0.007138455186326953,0.44721649181425893,0.5456450529994141
25655,GOF,0.06214389564465876,0.6402751899412751,0.29758091441406614
25656,LOF,0.09346764391840881,0.0832121586616402,0.8233201974199511
25657,LOF,0.29925203953398033,0.03278871551865113,0.6679592449473686
25658,LOF,0.0415705102033441,0.15276444996860164,0.8056650398280543
25659,LOF,0.23626320955570357,0.07951539274578334,0.6842213976985131
25660,LOF,0.09270097679802398,0.0947021155152793,0.8125969076866968
25661,LOF,0.07540120439541055,0.07814455646630095,0.8464542391382885
25662,LOF,0.03831310337527189,0.06875887138057776,0.8929280252441503
25663,LOF,0.05011700885302749,0.10793407185701412,0.8419489192899584
25664,LOF,0.03087652800755158,0.14174959293556477,0.8273738790568835
25665,LOF,0.044217126370266875,0.07168101095779626,0.8841018626719368
25666,LOF,0.04272763980509919,0.15435257223152554,0.8029197879633754
25667,LOF,0.03910240889457701,0.058388425564631266,0.9025091655407917
25668,LOF,0.05721049801810453,0.06901700887659211,0.8737724931053034
25669,LOF,0.05597108267688637,0.0945162554874991,0.8495126618356145
25670,LOF,0.08019828898179616,0.09153854271571034,0.8282631683024935
25671,LOF,0.052321657285898195,0.05824439718153806,0.8894339455325636
25672,LOF,0.050646767838018115,0.08599558607157862,0.8633576460904033
25673,LOF,0.0376010629371379,0.07891707194425537,0.8834818651186067
25674,LOF,0.025871757130282697,0.09613117234318161,0.8779970705265358
25675,LOF,0.03472796222992207,0.0761089821493404,0.8891630556207376
25676,LOF,0.036264933841035935,0.07754728733134768,0.8861877788276163
25677,LOF,0.09163873561674689,0.06415583024939685,0.8442054341338563
25678,LOF,0.1928780570845793,0.0516528231273024,0.7554691197881184
25679,LOF,0.1340662671074665,0.06462979759159457,0.8013039353009389
25680,LOF,0.09655991789841759,0.10057316827664031,0.802866913824942
25681,LOF,0.10778259156575876,0.09711712690311856,0.7951002815311227
25682,LOF,0.06390186415961109,0.06621761762648577,0.8698805182139031
25683,LOF,0.09028650820131708,0.08608250827565199,0.823630983523031
25684,LOF,0.07179069753970756,0.07296874511119376,0.8552405573490987
25685,LOF,0.12382091118871195,0.04533033555972413,0.8308487532515638
25686,LOF,0.027326487210754223,0.09276935231552803,0.8799041604737177
25687,LOF,0.05919259544028426,0.10190053102159305,0.8389068735381227
25688,LOF,0.018452463499787707,0.06863244172228365,0.9129150947779288
25689,LOF,0.018632257415396373,0.0352657248367439,0.9461020177478597
25690,LOF,0.018137079186700034,0.04646167373827964,0.9354012470750204
25691,LOF,0.10142491297100413,0.07741499489898793,0.8211600921300078
25692,LOF,0.2688611704944739,0.013306146660716611,0.7178326828448095
25693,LOF,0.03376626704888429,0.2920282609029808,0.674205472048135
25694,LOF,0.24132475808805545,0.01262358973395188,0.7460516521779926
25695,LOF,0.18523122897984856,0.027353865083675596,0.7874149059364759
25696,LOF,0.10460913238618486,0.022078066320514313,0.8733128012933009
25697,LOF,0.08213827306610996,0.04354802114230528,0.8743137057915847
25698,LOF,0.014700142178426443,0.43510099330344376,0.5501988645181299
25699,LOF,0.08911814661207583,0.11332310868398354,0.7975587447039407
25700,LOF,0.03428299460724184,0.02140652071845432,0.9443104846743039
25701,LOF,0.012423186884636218,0.1133160313156758,0.8742607817996879
25702,GOF,0.02307112660724583,0.7987794010016493,0.17814947239110487
25703,LOF,0.01612125573744409,0.31842370172765105,0.665455042534905
25704,LOF,0.06867618264084542,0.21253516490425442,0.7187886524549002
25705,LOF,0.06026828588129833,0.21874403817312968,0.720987675945572
25706,GOF,0.016385757492674256,0.6592843914196594,0.3243298510876662
25707,GOF,0.022746575221520474,0.5717434915939521,0.4055099331845274
25708,GOF,0.006920064853880226,0.5246080680863384,0.46847186705978133
25709,LOF,0.027697410180694736,0.10232568549654994,0.8699769043227553
25710,LOF,0.005924490500208194,0.1884896348141018,0.8055858746856901
25711,LOF,0.029396583021711126,0.16826457519511817,0.8023388417831708
25712,LOF,0.008022700544254286,0.24680852856661362,0.7451687708891321
25713,LOF,0.0294216865695905,0.1449904687435011,0.8255878446869084
25714,LOF,0.025071816084376364,0.19959496520599232,0.7753332187096313
25715,LOF,0.0330587309672524,0.1748535701509086,0.7920876988818389
25716,LOF,0.005839632236544516,0.20363891375412393,0.7905214540093316
25717,LOF,0.005634113308534488,0.16382147553679083,0.8305444111546746
25718,LOF,0.03136049555518958,0.11764132844426964,0.8509981760005407
25719,LOF,0.04111667497405506,0.1568787329447144,0.8020045920812304
25720,LOF,0.04242410526201206,0.1554074438524144,0.8021684508855735
25721,LOF,0.027705841864627424,0.1484247449046904,0.8238694132306822
25722,LOF,0.01932196235705052,0.20245875633270918,0.7782192813102403
25723,LOF,0.03099206765361039,0.15531401748100557,0.8136939148653841
25724,LOF,0.041498391003961674,0.29458369904239745,0.6639179099536408
25725,LOF,0.03221112475623798,0.13134542163944063,0.8364434536043214
25726,LOF,0.021394292307262076,0.1731052423658109,0.805500465326927
25727,LOF,0.02908004640140404,0.14836752428989314,0.8225524293087028
25728,LOF,0.028310715799023067,0.16963664411693585,0.8020526400840411
25729,LOF,0.027183754478005237,0.18392916371193563,0.7888870818100591
25730,LOF,0.0335737467412909,0.11880665743443826,0.8476195958242708
25731,LOF,0.009554424270756529,0.14881515492307412,0.8416304208061693
25732,LOF,0.022139155494078213,0.11217526827121169,0.86568557623471
25733,LOF,0.03897497227009524,0.11621875476995829,0.8448062729599466
25734,LOF,0.006248574647364184,0.286361639374687,0.7073897859779488
25735,LOF,0.026072755830488726,0.11319425578475274,0.8607329883847584
25736,LOF,0.023212773890141154,0.20143428109024802,0.7753529450196107
25737,LOF,0.035271269127015184,0.1477997620462404,0.8169289688267445
25738,LOF,0.027297179655643586,0.1997840819174272,0.7729187384269292
25739,LOF,0.0318341504507576,0.1367263618143747,0.8314394877348678
25740,LOF,0.03489523152437919,0.17993650163904168,0.7851682668365791
25741,LOF,0.04106207232787782,0.15619958620711216,0.80273834146501
25742,LOF,0.05692843234924541,0.15906739015486632,0.7840041774958882
25743,LOF,0.011866938508492074,0.021479187242768812,0.9666538742487392
25744,LOF,0.17866196495118764,0.1536410214239503,0.6676970136248621
25745,LOF,0.03407011740622216,0.056460308807625634,0.9094695737861522
25746,LOF,0.01433602156042593,0.08909716532402297,0.8965668131155512
25747,LOF,0.05071648624272203,0.029927628625201198,0.9193558851320768
25748,LOF,0.3079347138206186,0.05012436260698525,0.6419409235723962
25749,LOF,0.015001702461865161,0.04723613495103953,0.9377621625870953
25750,LOF,0.02135322964797559,0.05472304115757386,0.9239237291944505
25751,LOF,0.047540543822295105,0.04394167050280029,0.9085177856749045
25752,GOF,0.07680522120907053,0.7039571145887114,0.21923766420221827
25753,LOF,0.007898657346113456,0.4513298145379741,0.5407715281159123
25754,GOF,0.0074709168162985385,0.9025959244947209,0.08993315868898055
25755,LOF,0.007627555152560892,0.45112769968855765,0.5412447451588814
25756,LOF,0.024268087591388605,0.48133347444530705,0.49439843796330435
25757,GOF,0.007724180573793106,0.8830432719408589,0.10923254748534787
25758,GOF,0.008261828284924591,0.90683431991119,0.08490385180388524
25759,GOF,0.005625567266864743,0.6863886013120578,0.3079858314210776
25760,LOF,0.006200711768574354,0.34224763117986295,0.6515516570515627
25761,GOF,0.04639635583684328,0.8748700251086658,0.07873361905449104
25762,LOF,0.02648123373828428,0.42027532920356,0.5532434370581557
25763,LOF,0.006573892476551727,0.3260215707991323,0.6674045367243159
25764,GOF,0.05915940673124473,0.7221540511162619,0.21868654215249347
25765,GOF,0.008394613878661437,0.8932085584191125,0.09839682770222613
25766,GOF,0.026557105696930546,0.8716698066962002,0.10177308760686929
25767,GOF,0.01697544923985706,0.5205777550835231,0.46244679567661984
25768,LOF,0.05757329433739089,0.050492428958618,0.8919342767039912
25769,LOF,0.02639508102201346,0.06784998816061523,0.9057549308173712
25770,LOF,0.1378002918836385,0.08837163523061542,0.7738280728857461
25771,LOF,0.018489700456544307,0.08560768530369862,0.895902614239757
25772,LOF,0.03105666469961985,0.03221320965074747,0.9367301256496325
25773,LOF,0.014965829515939034,0.07688124612319003,0.9081529243608709
25774,LOF,0.02791397053294175,0.13166976740327344,0.8404162620637848
25775,LOF,0.01862738413790743,0.04387963706296259,0.93749297879913
25776,LOF,0.03027686977222477,0.021577957736821106,0.9481451724909541
25777,LOF,0.3159940005387777,0.06699553327256733,0.617010466188655
25778,LOF,0.026619844830822668,0.07388665562605091,0.8994934995431265
25779,GOF,0.05580923328304288,0.8605807032676966,0.08361006344926052
25780,GOF,0.07199752340019719,0.8558141659186922,0.07218831068111081
25781,GOF,0.03389036642213152,0.8187759370922496,0.1473336964856188
25782,GOF,0.039949040180003254,0.8782224164408915,0.0818285433791053
25783,GOF,0.03724964021863033,0.8959102131270703,0.06684014665429948
25784,GOF,0.13163430783519217,0.8087677048706957,0.05959798729411216
25785,GOF,0.11445530103212044,0.8417633392268179,0.043781359741061746
25786,GOF,0.010346774125845457,0.8471794106420346,0.1424738152321198
25787,GOF,0.2544051587973519,0.6850500927421145,0.06054474846053356
25788,LOF,0.018803915216910033,0.2044466915799889,0.7767493932031011
25789,GOF,0.021531831091442518,0.8291341146223995,0.14933405428615792
25790,GOF,0.03127999537734471,0.8723366738646394,0.09638333075801597
25791,GOF,0.027094676935927767,0.7228369446230957,0.25006837844097646
25792,GOF,0.03308845540891802,0.7709675862783827,0.19594395831269928
25793,GOF,0.04735344348837834,0.7881836589574208,0.16446289755420082
25794,GOF,0.054318292667879325,0.6966451065033439,0.2490366008287769
25795,GOF,0.05806284990679337,0.7407407712048966,0.20119637888831
25796,GOF,0.1287169463733398,0.767237623027282,0.10404543059937817
25797,GOF,0.08393457091727047,0.7027271438603542,0.2133382852223754
25798,GOF,0.007434601673319559,0.7816192733363724,0.21094612499030796
25799,GOF,0.0050201960635108955,0.6738183066100845,0.32116149732640475
25800,GOF,0.02816417047551288,0.8289422900547793,0.14289353946970784
25801,GOF,0.025728741779286992,0.8712107259713854,0.10306053224932754
25802,GOF,0.02822641301729238,0.7746839541687242,0.1970896328139834
25803,GOF,0.02171343667105276,0.7069163576885429,0.27137020564040437
25804,GOF,0.034558515890889645,0.7675810073495722,0.19786047675953813
25805,GOF,0.031892618343109226,0.8053184867616149,0.16278889489527582
25806,GOF,0.04070681967624368,0.8117010216888944,0.14759215863486197
25807,GOF,0.015148396393072647,0.7501312316654283,0.2347203719414991
25808,GOF,0.02686566997480998,0.7765784007496598,0.19655592927553028
25809,GOF,0.01434426348372321,0.7100173714646478,0.27563836505162886
25810,GOF,0.012054309722711477,0.6990352738109374,0.28891041646635107
25811,GOF,0.07738708465828048,0.8443955086130177,0.07821740672870175
25812,GOF,0.034283317050464515,0.7487218076668839,0.21699487528265157
25813,GOF,0.1912688874365819,0.7222323945941637,0.08649871796925451
25814,GOF,0.03237553043737007,0.7618884647602182,0.20573600480241166
25815,GOF,0.06738010017090447,0.7924504191272007,0.14016948070189478
25816,GOF,0.01039421912680765,0.8517630242429374,0.13784275663025494
25817,GOF,0.12468253504287433,0.7520129839915762,0.12330448096554938
25818,GOF,0.030932673846361357,0.7862455511098,0.18282177504383865
25819,GOF,0.05617939764611743,0.766084698716835,0.17773590363704747
25820,GOF,0.057047604850120906,0.7348603974282791,0.20809199772159984
25821,GOF,0.03982445773286039,0.7797704677887238,0.18040507447841575
25822,GOF,0.061857783976014095,0.7508203109734851,0.18732190505050084
25823,GOF,0.030280707782601436,0.7119032948070356,0.25781599741036293
25824,GOF,0.031593469599386595,0.7589986086519473,0.20940792174866613
25825,GOF,0.02464725420692296,0.7576626699676503,0.21769007582542677
25826,GOF,0.011855419139197139,0.6937113616174801,0.2944332192433227
25827,GOF,0.019313856053196164,0.707047309382662,0.2736388345641419
25828,GOF,0.011067015988773802,0.7564249138723567,0.2325080701388696
25829,GOF,0.004891621309184169,0.6462457963287587,0.34886258236205714
25830,GOF,0.0472339418271325,0.532170378773696,0.4205956793991715
25831,GOF,0.07354773390863027,0.7948261484701737,0.131626117621196
25832,GOF,0.011342898180010942,0.72160569094171,0.2670514108782791
25833,GOF,0.03973129539715598,0.7955961577473956,0.1646725468554485
25834,GOF,0.011608809180025537,0.7401563238242237,0.24823486699575067
25835,GOF,0.0290871670580207,0.8143532830871643,0.15655954985481504
25836,GOF,0.007776119230697277,0.7324514801533467,0.25977240061595613
25837,GOF,0.009264371957403806,0.7426051592758773,0.24813046876671876
25838,GOF,0.02260332435760418,0.8103787142054285,0.16701796143696723
25839,GOF,0.05379497810276538,0.7844697322849356,0.16173528961229916
25840,GOF,0.08637258023478533,0.758106101527464,0.1555213182377505
25841,GOF,0.08103056879762928,0.7956636201575088,0.12330581104486182
25842,GOF,0.02810024662623225,0.8668121476340152,0.10508760573975265
25843,GOF,0.027582924924226256,0.8691747059323769,0.10324236914339675
25844,GOF,0.021787310838501286,0.7932825778376775,0.18493011132382117
25845,GOF,0.006935761881346277,0.6848118450363218,0.30825239308233204
25846,GOF,0.0758097210840936,0.8151404187253658,0.10904986019054058
25847,GOF,0.016305265211003863,0.8606138566882965,0.12308087810069972
25848,GOF,0.025681817246488065,0.8010966690259781,0.17322151372753397
25849,GOF,0.007807659016563839,0.7634690349768951,0.22872330600654103
25850,GOF,0.007428878080348445,0.682083554073558,0.3104875678460936
25851,GOF,0.006612078619957644,0.6279959165351574,0.365392004844885
25852,GOF,0.14220927491437255,0.5740451150567351,0.2837456100288925
25853,GOF,0.05564328759650736,0.7752805694927642,0.16907614291072853
25854,GOF,0.006636490008253246,0.703666389842585,0.28969712014916166
25855,GOF,0.025147790266857786,0.6250433508538316,0.34980885887931046
25856,GOF,0.049713054379315336,0.7124594157389695,0.23782752988171518
25857,GOF,0.025366474202064983,0.6191974759188187,0.3554360498791164
25858,GOF,0.009265945109017373,0.5810829418140493,0.40965111307693325
25859,GOF,0.006998951505494812,0.5614804578301054,0.4315205906643998
25860,GOF,0.09203375643423273,0.7288984981099237,0.1790677454558437
25861,GOF,0.11486059292921094,0.7913533180466834,0.09378608902410555
25862,GOF,0.024359946876650246,0.8760172706776045,0.09962278244574536
25863,GOF,0.021274092166081775,0.8501212126131248,0.12860469522079346
25864,GOF,0.039820115617602736,0.8736349523001632,0.08654493208223407
25865,GOF,0.04188123266101166,0.8499439990300794,0.10817476830890893
25866,GOF,0.02045595528224628,0.8426890017839306,0.13685504293382314
25867,GOF,0.048361013802099284,0.837801808283178,0.11383717791472277
25868,GOF,0.06795269707979261,0.7630317017704974,0.16901560114971007
25869,GOF,0.3058302695452586,0.5788203219613992,0.11534940849334213
25870,GOF,0.06768618457669294,0.5706143446095094,0.3616994708137977
25871,GOF,0.009220640930270852,0.7909834441982831,0.19979591487144593
25872,GOF,0.022125211867853635,0.7732592451674243,0.2046155429647222
25873,GOF,0.021315937164565493,0.861637123268571,0.11704693956686363
25874,LOF,0.023102083277335244,0.21244216557603454,0.7644557511466301
25875,LOF,0.01964878873026424,0.1451258902432208,0.8352253210265149
25876,LOF,0.021225316123207168,0.06301435900409329,0.9157603248726995
25877,LOF,0.07896947982317382,0.24420712562934843,0.6768233945474776
25878,LOF,0.04971982726526312,0.3140119298998715,0.6362682428348654
25879,LOF,0.00935768591412067,0.1946332760141109,0.7960090380717685
25880,LOF,0.03900115618913177,0.023995854312069204,0.937002989498799
25881,Neutral,0.5401329416868975,0.1126790409691471,0.34718801734395527
25882,LOF,0.0508231058863333,0.03068514946684412,0.9184917446468225
25883,LOF,0.0312353003560309,0.02939067017911388,0.9393740294648552
25884,LOF,0.0185086075041151,0.03989628125250678,0.941595111243378
25885,LOF,0.16226417175083022,0.013740652901882968,0.8239951753472867
25886,LOF,0.2702627920504942,0.052258568540774826,0.677478639408731
25887,LOF,0.0794324932253188,0.16877840583854825,0.751789100936133
25888,LOF,0.008873677941061245,0.20171259432991015,0.7894137277290286
25889,LOF,0.026469784733054846,0.032518884802372985,0.9410113304645722
25890,LOF,0.19491142446290344,0.07125150097471818,0.7338370745623785
25891,LOF,0.11624926431768963,0.048260813031436624,0.8354899226508739
25892,LOF,0.00839152521238103,0.03311640701787281,0.958492067769746
25893,LOF,0.29400001395259784,0.011702030547831513,0.6942979554995706
25894,LOF,0.34959747997986335,0.007985715855303778,0.6424168041648328
25895,LOF,0.2764521439730501,0.01639438419965342,0.7071534718272965
25896,LOF,0.07870560707545358,0.030851992551066867,0.8904424003734795
25897,LOF,0.11124239137296422,0.013778074211801864,0.8749795344152339
25898,LOF,0.1233582096920243,0.03208622264949808,0.8445555676584776
25899,LOF,0.39188037945472515,0.03305720938280123,0.5750624111624736
25900,Neutral,0.6991042546899975,0.011227523593277082,0.28966822171672546
25901,LOF,0.057024066435218346,0.0145180521840326,0.928457881380749
25902,LOF,0.07488044136133194,0.012005135283305882,0.9131144233553622
25903,LOF,0.15586662905012236,0.03157955538129141,0.8125538155685862
25904,LOF,0.4647008984951133,0.06398668852934973,0.4713124129755371
25905,LOF,0.0072920677889525545,0.3748535573927426,0.6178543748183047
25906,LOF,0.008897863219922158,0.07068260682587557,0.9204195299542023
25907,LOF,0.00871391382032039,0.26776120280328736,0.7235248833763922
25908,LOF,0.008170848980987725,0.24848592724864585,0.7433432237703665
25909,LOF,0.033978903646044535,0.11200027570754696,0.8540208206464084
25910,LOF,0.01630338827589887,0.10661552551271082,0.8770810862113902
25911,LOF,0.19432572025953523,0.0197525437595536,0.7859217359809112
25912,LOF,0.13378119442364156,0.02148333890221779,0.8447354666741407
25913,LOF,0.019243631327182095,0.024961544918994057,0.9557948237538239
25914,LOF,0.045622797079728675,0.022021258282170757,0.9323559446381007
25915,LOF,0.1930725333400779,0.2177559188672549,0.5891715477926672
25916,LOF,0.014501564742593431,0.10806168129560448,0.8774367539618021
25917,LOF,0.07050659490972186,0.030331855373045842,0.8991615497172323
25918,LOF,0.04946819750189354,0.014791234722340792,0.9357405677757656
25919,LOF,0.04121812189040339,0.016573652720616068,0.9422082253889806
25920,LOF,0.3821148683934837,0.18965027977385,0.4282348518326664
25921,LOF,0.020729241194421467,0.023406311407233125,0.9558644473983453
25922,LOF,0.02090441574507997,0.02309069615616677,0.9560048880987532
25923,LOF,0.4701553241962323,0.01406347444808959,0.5157812013556781
25924,LOF,0.029804139470246512,0.020969574517651732,0.9492262860121017
25925,LOF,0.11235134495085868,0.029148270172997613,0.8585003848761438
25926,LOF,0.09748150669903505,0.022920427632686365,0.8795980656682786
25927,LOF,0.028590981639704575,0.0295824629539435,0.9418265554063519
25928,LOF,0.015635090501808724,0.01612422893835032,0.9682406805598409
25929,Neutral,0.605422895077738,0.01384082808903072,0.38073627683323114
25930,LOF,0.06314789275329111,0.01403526904939977,0.9228168381973092
25931,LOF,0.01692945160533951,0.015075763992857765,0.9679947844018026
25932,LOF,0.08050997252954296,0.014161970935011443,0.9053280565354456
25933,LOF,0.09006857151846655,0.010045467600285962,0.8998859608812475
25934,LOF,0.0894372117404921,0.01058201936333098,0.899980768896177
25935,LOF,0.11099195867121421,0.02517902481404556,0.8638290165147403
25936,LOF,0.08911663159740803,0.010406612870883432,0.9004767555317086
25937,LOF,0.01685176039818097,0.022892028582496213,0.9602562110193227
25938,LOF,0.10953009640167712,0.023790356582975614,0.8666795470153472
25939,LOF,0.06430660182194003,0.015797525602837953,0.919895872575222
25940,GOF,0.008915704598649439,0.5626222269584097,0.42846206844294077
25941,Neutral,0.490121135528438,0.03870475625685011,0.47117410821471173
25942,LOF,0.011730002696911945,0.056033123291623424,0.9322368740114646
25943,LOF,0.053836126812335294,0.15312944210816334,0.7930344310795012
25944,LOF,0.043123657937129786,0.10006395229490782,0.8568123897679625
25945,LOF,0.1832358368898856,0.030855103862149624,0.7859090592479648
25946,LOF,0.07961232184772536,0.052242633668730956,0.8681450444835437
25947,Neutral,0.4888544638314867,0.12061663235928115,0.39052890380923216
25948,Neutral,0.519998605112363,0.02261925593380298,0.45738213895383406
25949,LOF,0.12687448940756274,0.04797512781039981,0.8251503827820375
25950,GOF,0.08906610475907929,0.6722709184314146,0.238662976809506
25951,LOF,0.01434178563068511,0.48651952456047226,0.4991386898088426
25952,LOF,0.14779425489638026,0.2719990294473053,0.5802067156563145
25953,LOF,0.007217264486345965,0.31656969475802005,0.676213040755634
25954,LOF,0.0654759044695979,0.4592338632949475,0.4752902322354547
25955,LOF,0.007821561625032673,0.3319592097266567,0.6602192286483106
25956,LOF,0.010013648003701215,0.3545634518212906,0.6354229001750081
25957,LOF,0.17523071591730005,0.04386491007008141,0.7809043740126186
25958,LOF,0.025270286029255996,0.058083924417171424,0.9166457895535726
25959,GOF,0.006409846725276527,0.7067995675658169,0.2867905857089068
25960,LOF,0.0052397166320395875,0.09742621660933531,0.897334066758625
25961,LOF,0.026941068894329363,0.05428068896787105,0.9187782421377996
25962,LOF,0.03734680118135347,0.09800525343751205,0.8646479453811344
25963,LOF,0.010876453294590646,0.1461668543492317,0.8429566923561777
25964,LOF,0.04815010620719424,0.0855187251354973,0.8663311686573084
25965,LOF,0.17280530275717831,0.18165745542751324,0.6455372418153085
25966,LOF,0.3509140595652802,0.084310275348101,0.5647756650866188
25967,LOF,0.007125350553042416,0.09611761411307261,0.896757035333885
25968,LOF,0.05594763185498551,0.27577729302382115,0.6682750751211933
25969,LOF,0.14576620582452848,0.08072987142415841,0.7735039227513131
25970,LOF,0.05665573082383219,0.06351932713931256,0.8798249420368552
25971,LOF,0.06701063802683407,0.027221628308053098,0.9057677336651129
25972,LOF,0.06584287213112733,0.03303886164277289,0.9011182662260998
25973,LOF,0.09287874178016488,0.01378500812100892,0.8933362500988261
25974,LOF,0.06442117664606084,0.049574869736816816,0.8860039536171224
25975,LOF,0.029634559517002335,0.017768519034931936,0.9525969214480656
25976,LOF,0.08332898941729479,0.016346630191857975,0.9003243803908473
25977,LOF,0.24027505165317922,0.0850646035657956,0.6746603447810252
25978,LOF,0.16879173044200915,0.16218198238287748,0.6690262871751134
25979,LOF,0.12314434489583374,0.16021524373329762,0.7166404113708686
25980,LOF,0.208964328233402,0.27719076199328524,0.5138449097733128
25981,LOF,0.20987755876704717,0.2804763859194815,0.5096460553134713
25982,LOF,0.29271096601135066,0.1412801367148402,0.5660088972738091
25983,Neutral,0.47029687645683144,0.1271759158117414,0.40252720773142714
25984,LOF,0.06763330708016883,0.0747696778871591,0.857597015032672
25985,Neutral,0.45864654399086957,0.14692014844640455,0.39443330756272577
25986,LOF,0.01219818098980873,0.3963949947042111,0.5914068243059802
25987,LOF,0.033918885225571196,0.0849928912269578,0.8810882235474709
25988,LOF,0.04769829249540167,0.11247925685268745,0.8398224506519107
25989,LOF,0.04166099619443183,0.13371992326692225,0.824619080538646
25990,LOF,0.045012787848018154,0.24958901254785773,0.7053981996041241
25991,GOF,0.022334077670325424,0.5416360751983902,0.43602984713128445
25992,LOF,0.011171526014387477,0.4417496964435698,0.5470787775420427
25993,LOF,0.02085013344046745,0.057660063150234746,0.9214898034092979
25994,LOF,0.02764221296803297,0.06981348987891277,0.9025442971530542
25995,LOF,0.019916999607106453,0.10819553837388098,0.8718874620190126
25996,GOF,0.33214532999652957,0.4423874552673982,0.2254672147360723
25997,GOF,0.05655314225552331,0.574041764162578,0.3694050935818986
25998,LOF,0.23685280489218383,0.03886037894520876,0.7242868161626074
25999,LOF,0.024600412607386192,0.2926603167705503,0.6827392706220635
26000,LOF,0.13267932070832028,0.015280799408215442,0.8520398798834643
26001,LOF,0.15451228599314132,0.019664984163002545,0.8258227298438561
26002,LOF,0.10524703923662036,0.018214280294600864,0.8765386804687788
26003,GOF,0.006446687758865124,0.5397179784511874,0.45383533378994745
26004,GOF,0.016191045885569463,0.5561331245317783,0.42767582958265227
26005,LOF,0.0054948920054171835,0.47380963693826683,0.520695471056316
26006,GOF,0.09520128684660394,0.5089639117157355,0.3958348014376605
26007,GOF,0.009960965538478549,0.5346513513588047,0.45538768310271677
26008,GOF,0.006936444729139633,0.567475600718921,0.4255879545519394
26009,GOF,0.011785857835732964,0.5858688911614878,0.4023452510027792
26010,GOF,0.011391889093949939,0.5233017322131945,0.46530637869285557
26011,LOF,0.0056766486123282596,0.4204836851354695,0.5738396662522022
26012,LOF,0.005547352537956711,0.4952125698907532,0.4992400775712903
26013,LOF,0.011361768950190336,0.4670613539080135,0.5215768771417962
26014,LOF,0.05727457593152982,0.08157321020955259,0.8611522138589176
26015,LOF,0.3626736446908928,0.018230305115323187,0.6190960501937839
26016,LOF,0.25634317410643026,0.03289586072400719,0.7107609651695626
26017,LOF,0.01688201071420687,0.12576540798581276,0.8573525812999805
26018,LOF,0.021567628300121815,0.05494233363512037,0.9234900380647577
26019,LOF,0.02135583787077267,0.04730743227906774,0.9313367298501596
26020,LOF,0.00706646522869884,0.11811524520109706,0.8748182895702041
26021,LOF,0.07706136255874245,0.0604953303131045,0.862443307128153
26022,LOF,0.040635769208182314,0.022671421142082964,0.9366928096497347
26023,LOF,0.03003667348375117,0.043786294634861625,0.9261770318813873
26024,LOF,0.04907792194472042,0.04392673232866487,0.9069953457266148
26025,LOF,0.14575859510260228,0.05106999661320557,0.8031714082841921
26026,LOF,0.11585016837334236,0.041537687705024466,0.8426121439216332
26027,LOF,0.02791795838930017,0.025770251190248974,0.9463117904204509
26028,LOF,0.07931753421056312,0.20001475156502802,0.7206677142244089
26029,LOF,0.03812577236885587,0.18128967499045676,0.7805845526406874
26030,LOF,0.12543041153612683,0.02160322304065381,0.8529663654232195
26031,LOF,0.01712124673238426,0.17921524843130782,0.8036635048363079
26032,LOF,0.029469579610676724,0.03338863155285937,0.9371417888364638
26033,LOF,0.04736737201587733,0.05506481440127549,0.8975678135828472
26034,LOF,0.02451228468046262,0.11892905410772524,0.8565586612118121
26035,LOF,0.013799988291861274,0.13895316289560491,0.8472468488125338
26036,LOF,0.012751120940409923,0.10781437095548367,0.8794345081041063
26037,LOF,0.012888953670831595,0.11523494283988191,0.8718761034892865
26038,LOF,0.02631463965796635,0.03196197500126892,0.9417233853407647
26039,LOF,0.03811902257777913,0.1585175866065954,0.8033633908156256
26040,LOF,0.08181771993969912,0.17926660419083168,0.7389156758694692
26041,LOF,0.015715457648680396,0.11636767394719359,0.8679168684041261
26042,LOF,0.014292262839837866,0.12381836864298856,0.8618893685171737
26043,LOF,0.02595247163968375,0.057120587936510696,0.9169269404238056
26044,LOF,0.008320674202746658,0.053121214356499344,0.9385581114407541
26045,LOF,0.10256770808498632,0.2549579573443299,0.6424743345706838
26046,LOF,0.025848477607497755,0.05568181566918428,0.918469706723318
26047,LOF,0.0717079872482756,0.051608998953289686,0.8766830137984347
26048,LOF,0.08260970029932507,0.026634302120740288,0.8907559975799346
26049,Neutral,0.9402192279648436,0.0076439008138493875,0.052136871221307064
26050,Neutral,0.8994615398005437,0.009250511842184344,0.09128794835727183
26051,LOF,0.028595489193819948,0.3044744518096517,0.6669300589965284
26052,LOF,0.03432263277610012,0.22864674364589718,0.7370306235780028
26053,LOF,0.02145719611283106,0.19875702333526213,0.7797857805519067
26054,LOF,0.05556364194839504,0.05038186063926995,0.8940544974123349
26055,LOF,0.07249393989671955,0.05242526704605672,0.8750807930572236
26056,LOF,0.0681259816491667,0.0543862304750449,0.8774877878757884
26057,LOF,0.04658786150636701,0.020494175948452802,0.9329179625451801
26058,LOF,0.051383731923398276,0.016058621945455643,0.9325576461311461
26059,LOF,0.25826174785086375,0.06881909405848005,0.6729191580906562
26060,LOF,0.017152606203868926,0.20845094912670906,0.774396444669422
26061,LOF,0.0121632035833939,0.01167960165813927,0.9761571947584669
26062,LOF,0.005821717052630192,0.025252315942379505,0.9689259670049902
26063,LOF,0.04300610570954522,0.016069495547897373,0.9409243987425573
26064,LOF,0.00898441468727459,0.01821067936687308,0.9728049059458523
26065,LOF,0.0489799127762799,0.021264016167812812,0.9297560710559073
26066,LOF,0.04204262591587482,0.015559958510644923,0.9423974155734803
26067,LOF,0.048346646003539495,0.016976386538056852,0.9346769674584036
26068,LOF,0.05329676061983838,0.04147689406446809,0.9052263453156936
26069,LOF,0.19851064668544324,0.032352568703479696,0.7691367846110772
26070,LOF,0.43348181215416354,0.020463575235870366,0.5460546126099661
26071,LOF,0.05224767631034656,0.020399029693374867,0.9273532939962784
26072,LOF,0.008149445646495201,0.021179965663212032,0.9706705886902929
26073,LOF,0.04903205921079749,0.015013223654193551,0.935954717135009
26074,Neutral,0.6794660918136433,0.016686977570622267,0.3038469306157345
26075,LOF,0.04245040246666821,0.030545969315312574,0.9270036282180193
26076,LOF,0.04724487309681097,0.020229434327568508,0.9325256925756205
26077,LOF,0.17732406880678667,0.018651281226674112,0.8040246499665392
26078,LOF,0.006408665993163231,0.030915930695759836,0.9626754033110768
26079,LOF,0.05670687749674005,0.029685624087329464,0.9136074984159304
26080,LOF,0.05560154264083562,0.029767190396326294,0.9146312669628381
26081,LOF,0.04757231620611254,0.017095921343727453,0.93533176245016
26082,LOF,0.006717743558326907,0.025609458247286936,0.9676727981943861
26083,LOF,0.06454702101828409,0.02583026796250048,0.9096227110192153
26084,LOF,0.07672372282000242,0.019604399719314568,0.903671877460683
26085,LOF,0.06496192743741304,0.01712368097084578,0.9179143915917413
26086,LOF,0.042363611121294095,0.021122721805152157,0.9365136670735538
26087,LOF,0.046149715608999976,0.0167301230178548,0.9371201613731451
26088,LOF,0.007264848496025843,0.03758535005478721,0.9551498014491869
26089,LOF,0.03955015026344285,0.03944724348591417,0.9210026062506429
26090,LOF,0.03895961348348979,0.0370835079126801,0.9239568786038301
26091,LOF,0.033683174523362405,0.016055977206484266,0.9502608482701534
26092,LOF,0.0461967317619897,0.015015056366980313,0.93878821187103
26093,LOF,0.0683922385527078,0.00951070310150506,0.922097058345787
26094,LOF,0.045742637318940974,0.01209818622303921,0.9421591764580199
26095,LOF,0.013480005482228755,0.024461533783259135,0.9620584607345122
26096,LOF,0.28276028905254846,0.005758837288066914,0.7114808736593846
26097,LOF,0.007130950237889478,0.05549206152221113,0.9373769882398993
26098,LOF,0.05746397826990511,0.029272191247244728,0.9132638304828502
26099,LOF,0.054734400807576675,0.037562193335763557,0.9077034058566598
26100,LOF,0.054734400807576675,0.037562193335763557,0.9077034058566598
26101,LOF,0.05822331969262821,0.04520944831253084,0.8965672319948409
26102,LOF,0.040563384656872876,0.022245981353470203,0.9371906339896569
26103,Neutral,0.901911154560793,0.03292246059912654,0.06516638484008037
26104,LOF,0.05026021533167411,0.07333887053814646,0.8764009141301795
26105,LOF,0.24469560251209121,0.06559397655495769,0.6897104209329511
26106,LOF,0.2709029659896963,0.03821157591132035,0.6908854580989833
26107,LOF,0.015210422157284478,0.06581659654093733,0.9189729813017782
26108,LOF,0.17698112231310728,0.06269673059940185,0.7603221470874909
26109,LOF,0.04740188943366903,0.06190092714934206,0.890697183416989
26110,Neutral,0.510864379668791,0.016160354636221806,0.47297526569498727
26111,LOF,0.05087543953850536,0.10525996793767212,0.8438645925238225
26112,LOF,0.07431858007308415,0.014699233537497716,0.9109821863894182
26113,LOF,0.08424808887110914,0.027070794897069525,0.8886811162318213
26114,LOF,0.10911595968819238,0.011088085364031035,0.8797959549477766
26115,LOF,0.023696814003209173,0.069735279136747,0.9065679068600437
26116,LOF,0.06879286021242335,0.019652218624372168,0.9115549211632044
26117,LOF,0.391224956816075,0.031725978570835305,0.5770490646130897
26118,LOF,0.04677390318377331,0.021865405841291978,0.9313606909749347
26119,LOF,0.0060625891238885845,0.07916374015508301,0.9147736707210283
26120,LOF,0.0374490751169733,0.016293976328293353,0.9462569485547333
26121,LOF,0.004434613125085147,0.10574652443139688,0.889818862443518
