feature0,prediction,LoGoFunc_Neutral,LoGoFunc_GOF,LoGoFunc_LOF
25546,Neutral,0.6405533601036217,0.05011429010947759,0.30933234978690066
25547,LOF,0.341415152407643,0.23666192482379456,0.42192292276856247
25548,LOF,0.2958031360207983,0.12229167568671216,0.5819051882924895
25549,LOF,0.20812006373279296,0.1494262930096465,0.6424536432575605
25550,Neutral,0.5720286180249209,0.05484305393399218,0.373128328041087
25551,Neutral,0.4989887237069791,0.051782056205981135,0.4492292200870398
25552,LOF,0.13419052249773872,0.13021914718357006,0.7355903303186913
25553,LOF,0.439774534352634,0.049913484662561354,0.5103119809848048
25554,LOF,0.17908235928101954,0.17197639365628065,0.6489412470626997
25555,LOF,0.13261482203772595,0.11638884208373121,0.7509963358785428
25556,LOF,0.18632438058557,0.14736088953187323,0.6663147298825568
25557,LOF,0.12658028715628172,0.12477891792044085,0.7486407949232774
25558,LOF,0.18877814251818292,0.1495537327701172,0.6616681247116999
25559,Neutral,0.7684381396305979,0.08086814225139928,0.1506937181180027
25560,LOF,0.05090054496072033,0.14829772606113925,0.8008017289781404
25561,LOF,0.11982549030819757,0.1847994111083406,0.6953750985834618
25562,LOF,0.19475058579153418,0.04564040345665526,0.7596090107518105
25563,LOF,0.2277597704002869,0.12034548727558318,0.6518947423241299
25564,LOF,0.07236965274181645,0.06902440209089979,0.8586059451672837
25565,LOF,0.09937871796961496,0.2890087311852019,0.6116125508451831
25566,GOF,0.03785072881137742,0.5667258831812925,0.3954233880073302
25567,LOF,0.021778613570795878,0.08798549570983712,0.890235890719367
25568,LOF,0.09613336882079411,0.19133366014239425,0.7125329710368117
25569,Neutral,0.7383398527893418,0.0407160308187182,0.22094411639193987
25570,LOF,0.09126467224754027,0.26802102164831004,0.6407143061041496
25571,LOF,0.09450045429897788,0.2139313021140068,0.6915682435870152
25572,LOF,0.09866835099908455,0.3358098326290599,0.5655218163718556
25573,LOF,0.023852151407610583,0.21556008517913527,0.7605877634132542
25574,LOF,0.009103601286276845,0.3709226384970374,0.6199737602166857
25575,LOF,0.1353681864398767,0.06888016967187409,0.7957516438882491
25576,LOF,0.03544948951017697,0.04741749710117774,0.9171330133886453
25577,LOF,0.019392756406507325,0.17143218238707958,0.809175061206413
25578,Neutral,0.4289119725449429,0.2066402987596602,0.364447728695397
25579,Neutral,0.4289119725449429,0.2066402987596602,0.364447728695397
25580,LOF,0.06752151185873373,0.040741176652139374,0.8917373114891268
25581,LOF,0.08519048540907814,0.19832555017823467,0.7164839644126871
25582,LOF,0.09464523348015685,0.14428585689797835,0.7610689096218648
25583,LOF,0.07228270418105012,0.0585196595813725,0.8691976362375773
25584,Neutral,0.4910691171272426,0.1166164829072879,0.39231439996546946
25585,LOF,0.024048829226695198,0.09026663030517522,0.8856845404681296
25586,LOF,0.08772278827092159,0.08833065008244245,0.823946561646636
25587,LOF,0.06158925918462173,0.10795456872137414,0.8304561720940041
25588,LOF,0.06931716062623079,0.10436336286374281,0.8263194765100264
25589,Neutral,0.662626806067846,0.20586219829665575,0.13151099563549826
25590,LOF,0.04053736589321838,0.17818973142500363,0.781272902681778
25591,LOF,0.1921644437903139,0.12337342266838063,0.6844621335413055
25592,LOF,0.04656461749998382,0.08273249012062457,0.8707028923793917
25593,GOF,0.015088129298632333,0.6683795583916864,0.31653231230968126
25594,LOF,0.16367383602904725,0.11061285132273177,0.7257133126482209
25595,LOF,0.09382018163376411,0.167607254091724,0.7385725642745119
25596,LOF,0.2622322350695177,0.05209690301284487,0.6856708619176375
25597,LOF,0.2469482030195848,0.032948565754931186,0.7201032312254839
25598,Neutral,0.761693169101177,0.03628280813757248,0.20202402276125048
25599,GOF,0.010918096823485136,0.6179691217146119,0.37111278146190285
25600,GOF,0.010765842780827288,0.6418939038011476,0.3473402534180251
25601,LOF,0.007679735496470937,0.2872908330583605,0.7050294314451685
25602,LOF,0.07348684055723705,0.2975973034288018,0.6289158560139612
25603,LOF,0.05648049449008257,0.20311054163998887,0.7404089638699286
25604,LOF,0.03496662319367861,0.2986436875285124,0.666389689277809
25605,LOF,0.026537797276070835,0.3965538759657717,0.5769083267581575
25606,GOF,0.06291742491887846,0.5894428535556363,0.34763972152548533
25607,LOF,0.004817822155839733,0.19427994405289487,0.8009022337912653
25608,LOF,0.05310935195371693,0.14328047781761205,0.8036101702286711
25609,LOF,0.17335670302143316,0.18296646004586334,0.6436768369327035
25610,LOF,0.06755032958373204,0.05536394664594517,0.8770857237703228
25611,LOF,0.0870833221419794,0.04997125395772399,0.8629454239002965
25612,Neutral,0.7338322808672746,0.04253806917479025,0.2236296499579351
25613,LOF,0.08501732880114825,0.155648965010733,0.7593337061881187
25614,LOF,0.08488415767700551,0.05854956339487041,0.856566278928124
25615,LOF,0.0740356246526638,0.07868809236633001,0.8472762829810061
25616,LOF,0.0599404452604178,0.1398479144117926,0.8002116403277897
25617,LOF,0.08803288813626742,0.04042721992297661,0.871539891940756
25618,LOF,0.07954241820836809,0.16471275611838393,0.755744825673248
25619,LOF,0.094160259363396,0.10975983882023037,0.7960799018163736
25620,LOF,0.05985758128441224,0.08236743517907917,0.8577749835365086
25621,LOF,0.06792844324413408,0.060869200706724164,0.8712023560491418
25622,LOF,0.06043993018589528,0.12198285327345681,0.817577216540648
25623,LOF,0.15571879234378105,0.09459237694130945,0.7496888307149095
25624,LOF,0.06080444349515425,0.15016442206212482,0.7890311344427209
25625,LOF,0.06277090852717251,0.1028151766720597,0.8344139148007679
25626,Neutral,0.7332902260367463,0.03521060927647482,0.23149916468677886
25627,GOF,0.2789343361586874,0.5102884884986062,0.21077717534270646
25628,LOF,0.12632242022958465,0.0842645365937125,0.7894130431767029
25629,Neutral,0.7366681616691686,0.05244382468951801,0.2108880136413133
25630,LOF,0.07888527870150798,0.335644947568927,0.5854697737295651
25631,GOF,0.34137165878669024,0.41334358426287254,0.24528475695043722
25632,LOF,0.01548487818159973,0.0743567763979505,0.9101583454204497
25633,LOF,0.3045641046705479,0.3270020483636951,0.36843384696575704
25634,LOF,0.12492640847588515,0.13910213177067182,0.735971459753443
25635,LOF,0.048195058880762115,0.06949532360557002,0.8823096175136679
25636,GOF,0.007559482216408646,0.559630000185473,0.4328105175981183
25637,LOF,0.0069215132477995645,0.21788309838941877,0.7751953883627816
25638,GOF,0.007007857966925826,0.5455618204474271,0.44743032158564716
25639,LOF,0.009180989212748427,0.282946183564726,0.7078728272225256
25640,Neutral,0.4558805550235686,0.3007588704838981,0.2433605744925332
25641,LOF,0.00908434302854289,0.2750788815213484,0.7158367754501087
25642,LOF,0.2935825351145818,0.12810730377825952,0.5783101611071587
25643,Neutral,0.5469454233893575,0.014209653736005516,0.43884492287463694
25644,GOF,0.01589242907881263,0.5873762004623065,0.3967313704588808
25645,GOF,0.007697320338266552,0.624735562887777,0.36756711677395637
25646,GOF,0.01099140932143363,0.5042356594000941,0.48477293127847226
25647,LOF,0.011142902289121214,0.4499991608869125,0.5388579368239664
25648,LOF,0.008222979524270356,0.37573479198813486,0.6160422284875947
25649,LOF,0.008773447860809459,0.30315161708377875,0.6880749350554118
25650,GOF,0.02196969026164553,0.737780279457163,0.24025003028119152
25651,GOF,0.007747434669282989,0.6320559771790875,0.3601965881516296
25652,LOF,0.018292058647548588,0.28131599678773894,0.7003919445647124
25653,GOF,0.08238687265285699,0.5455585324534691,0.3720545948936738
25654,GOF,0.009481024175408262,0.49665817298652676,0.49386080283806505
25655,GOF,0.08457815523822644,0.6574255070192961,0.25799633774247743
25656,GOF,0.03346772376899266,0.5625641334355417,0.4039681427954658
25657,LOF,0.42400817258385526,0.08181944091794717,0.4941723864981975
25658,LOF,0.01143594323600928,0.38457749262364593,0.6039865641403448
25659,LOF,0.13423751947263216,0.2082415094002335,0.6575209711271344
25660,LOF,0.12119021748319672,0.13737873296702208,0.7414310495497811
25661,LOF,0.0945336616804978,0.0951706855526347,0.8102956527668675
25662,LOF,0.06896002379453098,0.09839721615192411,0.832642760053545
25663,LOF,0.070097634886128,0.08985274245890545,0.8400496226549666
25664,LOF,0.057626964153675166,0.19542591864598605,0.7469471172003387
25665,LOF,0.10347070887400532,0.17995876277842188,0.7165705283475727
25666,LOF,0.12557005835763319,0.26149636972778484,0.6129335719145819
25667,LOF,0.05216440967379028,0.07853202952214426,0.8693035608040655
25668,LOF,0.07558763927460205,0.04299615800878889,0.881416202716609
25669,LOF,0.048346219578086824,0.09892841106192088,0.8527253693599923
25670,LOF,0.13772746651247633,0.0644716607236972,0.7978008727638265
25671,LOF,0.07287814949429358,0.15808496504107755,0.7690368854646289
25672,LOF,0.12860635240967785,0.1632271449097735,0.7081665026805486
25673,LOF,0.14016725483259268,0.1985865082975574,0.66124623686985
25674,LOF,0.06356505450173124,0.15898108075072123,0.7774538647475475
25675,LOF,0.1403424460523696,0.12441258111361114,0.7352449728340194
25676,LOF,0.0662668589618751,0.08645497391497899,0.847278167123146
25677,LOF,0.08798737907078284,0.10077013013253747,0.8112424907966798
25678,Neutral,0.6776092685993207,0.06000117227426345,0.2623895591264158
25679,LOF,0.34729650299504544,0.07673463550698754,0.575968861497967
25680,LOF,0.10224913630994059,0.16507004570454145,0.732680817985518
25681,LOF,0.11645121545633168,0.1384229516180158,0.7451258329256525
25682,LOF,0.07182952084635982,0.11376446561421631,0.8144060135394238
25683,LOF,0.27477803079248714,0.05613433498579461,0.6690876342217184
25684,LOF,0.10080869061766567,0.17314872881418136,0.726042580568153
25685,LOF,0.13911493263206895,0.08806461824560799,0.7728204491223232
25686,LOF,0.011002284749476243,0.2942790905771681,0.6947186246733555
25687,LOF,0.019513771498867887,0.4270452844307674,0.5534409440703647
25688,LOF,0.02574909723514973,0.34519032518202136,0.629060577582829
25689,LOF,0.011686103127552703,0.22291231693947297,0.7654015799329743
25690,GOF,0.012811174364878938,0.5456043365829504,0.44158448905217074
25691,GOF,0.12437797055560194,0.46890885654678827,0.4067131728976097
25692,Neutral,0.8084061845061205,0.04105104071994967,0.15054277477393002
25693,GOF,0.03711740026865603,0.5456566602347744,0.4172259394965695
25694,LOF,0.440591244619364,0.03419276175748494,0.5252159936231511
25695,LOF,0.3963308867137866,0.027977267871822642,0.5756918454143908
25696,Neutral,0.7368382355794386,0.028259062163187156,0.2349027022573742
25697,Neutral,0.8007282100524279,0.07125557391053079,0.12801621603704125
25698,GOF,0.015584078433038055,0.7193468478108281,0.26506907375613364
25699,GOF,0.03572686956938417,0.6843787275028901,0.27989440292772577
25700,LOF,0.06223654522064976,0.0728183102380107,0.8649451445413395
25701,GOF,0.006663583496664309,0.5629583283512904,0.43037808815204526
25702,GOF,0.04105452080256731,0.660537155101355,0.2984083240960778
25703,LOF,0.02176578590704584,0.1351650311729142,0.8430691829200399
25704,LOF,0.07385119590046049,0.21087601750427562,0.7152727865952639
25705,LOF,0.10315293472713799,0.15627882798157716,0.7405682372912848
25706,GOF,0.018785174589691544,0.7274542416318858,0.2537605837784226
25707,GOF,0.01681678343446119,0.513804832820429,0.4693783837451097
25708,GOF,0.007635037497177366,0.5317897968012794,0.4605751657015432
25709,LOF,0.07740375104939172,0.10902764375376933,0.813568605196839
25710,LOF,0.01589103081081518,0.2189868294175651,0.7651221397716197
25711,LOF,0.07707486839570277,0.13346225234288758,0.7894628792614097
25712,LOF,0.03484891062143086,0.1424865899216101,0.822664499456959
25713,LOF,0.05915703123294683,0.13577078498524,0.8050721837818131
25714,LOF,0.05348630245061459,0.3117735359735616,0.6347401615758239
25715,LOF,0.055380800771870374,0.29220904940306514,0.6524101498250645
25716,LOF,0.015887994711632967,0.09737592906445823,0.8867360762239088
25717,LOF,0.013370624635157131,0.1323174323198971,0.8543119430449457
25718,LOF,0.06016520833655377,0.13939164687893135,0.8004431447845148
25719,LOF,0.06950036281574867,0.14892502342412064,0.7815746137601306
25720,LOF,0.06408831490457506,0.1836820995119235,0.7522295855835014
25721,LOF,0.05234684899034835,0.10641711836778885,0.8412360326418628
25722,LOF,0.04980826843965959,0.12475345531157142,0.825438276248769
25723,LOF,0.07448608638388915,0.1291785483181056,0.7963353652980053
25724,LOF,0.055534015579150504,0.2820598333299476,0.6624061510909018
25725,LOF,0.12735515201181924,0.11601976428981675,0.756625083698364
25726,LOF,0.056614182675178794,0.18928679440764132,0.75409902291718
25727,LOF,0.09663780243645698,0.07435487038370668,0.8290073271798363
25728,LOF,0.05210421949599604,0.2196731301725763,0.7282226503314276
25729,LOF,0.05890563651162501,0.1679471032068859,0.7731472602814892
25730,LOF,0.0722742367020737,0.18187415228972428,0.745851611008202
25731,LOF,0.02296125317599089,0.07497064368764514,0.902068103136364
25732,LOF,0.05808139710793109,0.0655571171801601,0.8763614857119089
25733,LOF,0.08409437680917253,0.24913041138401945,0.666775211806808
25734,LOF,0.013654482861844076,0.15923770780311458,0.8271078093350414
25735,LOF,0.07208744430657349,0.08825013088286572,0.8396624248105609
25736,LOF,0.06763855766549931,0.13138681747693456,0.8009746248575661
25737,LOF,0.09496403879728293,0.09592915753665987,0.8091068036660571
25738,LOF,0.08479642917463605,0.1518843817364022,0.7633191890889617
25739,LOF,0.05843322312138388,0.13772516614887034,0.8038416107297457
25740,LOF,0.09167259794827975,0.13930908781892776,0.7690183142327925
25741,LOF,0.0816079439569851,0.12706590251496525,0.7913261535280497
25742,LOF,0.08569854652362566,0.16958131479713248,0.7447201386792418
25743,LOF,0.011440429287860692,0.09303587432807381,0.8955236963840655
25744,GOF,0.04768394311538027,0.6873525125967639,0.2649635442878558
25745,GOF,0.010844962094364996,0.6577137809103506,0.33144125699528443
25746,GOF,0.00793366869565343,0.6553845742709895,0.3366817570333571
25747,LOF,0.06296036292769625,0.075106103385562,0.8619335336867416
25748,LOF,0.24676890472999552,0.30303921174871007,0.4501918835212943
25749,GOF,0.007186960973814836,0.5736842488931408,0.4191287901330443
25750,GOF,0.00887055580528213,0.5571144354221935,0.43401500877252436
25751,LOF,0.06587799017254888,0.20433000968661422,0.7297920001408369
25752,GOF,0.10827144987380342,0.5383303408869391,0.35339820923925735
25753,LOF,0.011991283097119582,0.1964982163957966,0.7915105005070837
25754,GOF,0.010807034726581661,0.7949055165028073,0.19428744877061108
25755,LOF,0.012319035193306389,0.16966744072571027,0.8180135240809834
25756,LOF,0.11663937863388021,0.14823991299790232,0.7351207083682175
25757,GOF,0.01056021872129407,0.6985981856647874,0.2908415956139186
25758,GOF,0.009181487723968597,0.8159125124866105,0.17490599978942103
25759,GOF,0.005743963286162762,0.5796298302606226,0.4146262064532147
25760,LOF,0.009637357388387684,0.07846366721924827,0.9118989753923641
25761,GOF,0.037873367534009224,0.8130083515401298,0.149118280925861
25762,LOF,0.14221390121209354,0.14393289513453855,0.7138532036533679
25763,LOF,0.010373620411165553,0.0927169844337503,0.8969093951550842
25764,GOF,0.09210110903522407,0.47660727439786105,0.4312916165669148
25765,GOF,0.007268752035380973,0.7268800009289779,0.26585124703564117
25766,GOF,0.02368694534470464,0.7399580554626614,0.23635499919263406
25767,GOF,0.010305207584939597,0.7601333797691241,0.2295614126459363
25768,LOF,0.04399601076668588,0.2582935458770861,0.697710443356228
25769,LOF,0.04898410502536748,0.20899240275383657,0.742023492220796
25770,Neutral,0.7256786582465479,0.04061671745364069,0.2337046242998115
25771,LOF,0.059088687751729124,0.14456358484725773,0.7963477274010131
25772,LOF,0.08796895337560987,0.09020960656955013,0.82182144005484
25773,LOF,0.03643594858942733,0.2789368661028372,0.6846271853077355
25774,LOF,0.11287497511334825,0.15362541158878618,0.7334996132978656
25775,LOF,0.04731167830179503,0.09437911181679169,0.8583092098814132
25776,LOF,0.0507440204977068,0.10941123873059666,0.8398447407716965
25777,LOF,0.2286695250786049,0.0786425372317344,0.6926879376896606
25778,LOF,0.06614588292201402,0.12903842755723802,0.804815689520748
25779,GOF,0.1057783643729314,0.5594102265471598,0.3348114090799088
25780,GOF,0.07160372691988326,0.766262165833441,0.16213410724667582
25781,GOF,0.0680900948954103,0.6515423273548958,0.28036757774969373
25782,GOF,0.044383038144120035,0.5402891628264964,0.4153277990293834
25783,GOF,0.10885774515526235,0.6348807294667153,0.25626152537802244
25784,GOF,0.181772854849161,0.6606810204141992,0.15754612473663981
25785,GOF,0.19264260070484499,0.6658469209405611,0.14151047835459393
25786,GOF,0.01550762820057445,0.6547406951018762,0.32975167669754935
25787,Neutral,0.42941652538520936,0.3486635827606298,0.22191989185416094
25788,LOF,0.05612515644407652,0.09952905618398529,0.8443457873719382
25789,GOF,0.03515584533933547,0.7794790648823098,0.18536508977835486
25790,GOF,0.04168565468667403,0.7251938407820662,0.2331205045312598
25791,GOF,0.036082960742838954,0.7861011511880948,0.1778158880690663
25792,GOF,0.05000902763459177,0.7593976726201642,0.19059329974524397
25793,GOF,0.056452614320841726,0.5755806733146175,0.36796671236454076
25794,GOF,0.04436479793731277,0.6582862787141969,0.2973489233484904
25795,GOF,0.08546431854740118,0.5346714770652166,0.3798642043873824
25796,GOF,0.16361654506030773,0.47636183449815866,0.3600216204415336
25797,GOF,0.08345844589300311,0.5047659373167132,0.41177561679028374
25798,GOF,0.01210977511469093,0.7564955509967934,0.23139467388851562
25799,GOF,0.007522989781763075,0.7522149226711466,0.24026208754709036
25800,GOF,0.03826420871135921,0.8372446544926522,0.12449113679598864
25801,GOF,0.049489070442833585,0.7771148511074387,0.17339607844972774
25802,GOF,0.05480087201939543,0.80511191568855,0.14008721229205456
25803,GOF,0.034976242529817576,0.6604158229488324,0.3046079345213501
25804,GOF,0.0840664822321363,0.6709508842958194,0.2449826334720443
25805,GOF,0.043206406858199674,0.7392130829683415,0.21758051017345884
25806,GOF,0.053765602769319826,0.7604565227371091,0.18577787449357117
25807,GOF,0.023216383194646476,0.7152723687773512,0.26151124802800224
25808,GOF,0.04723484783450085,0.7734604589291681,0.179304693236331
25809,GOF,0.01512579421083003,0.5750285991900473,0.4098456065991227
25810,GOF,0.012739408850335414,0.6278803804863807,0.35938021066328385
25811,GOF,0.0676307315803964,0.7068302542813922,0.22553901413821129
25812,GOF,0.08774736787844933,0.6827420882681564,0.22951054385339434
25813,GOF,0.24356779250057345,0.5398885513084835,0.2165436561909431
25814,GOF,0.08523918004369069,0.7043620280411892,0.21039879191512015
25815,GOF,0.06189290289862501,0.7576518324117275,0.18045526468964745
25816,GOF,0.015759049866091734,0.8270190631697221,0.1572218869641863
25817,GOF,0.1005790791446758,0.6320394643371622,0.2673814565181621
25818,GOF,0.0896594319742273,0.5670695407536681,0.3432710272721046
25819,GOF,0.06744106803133858,0.6067655917163075,0.325793340252354
25820,GOF,0.08389062468749893,0.6603160803330413,0.25579329497945974
25821,GOF,0.07409831477909673,0.6648983787954958,0.2610033064254075
25822,GOF,0.11857614603412804,0.6268399489081925,0.2545839050576794
25823,GOF,0.0845784671138933,0.5603276550565228,0.3550938778295839
25824,GOF,0.04053843947217851,0.8005629262858348,0.15889863424198677
25825,GOF,0.03195841179234673,0.8631378857653961,0.10490370244225701
25826,GOF,0.013537060756882678,0.694557939738436,0.29190499950468135
25827,GOF,0.011229909880188007,0.8119848877412678,0.17678520237854436
25828,GOF,0.010480972667112058,0.7545664518057495,0.23495257552713825
25829,LOF,0.010756211693749705,0.11680150161895127,0.8724422866872991
25830,LOF,0.06251966518476837,0.05325309608304681,0.8842272387321849
25831,GOF,0.04079792407805433,0.7519790594420179,0.20722301647992786
25832,GOF,0.0144379364363922,0.5382447056584189,0.44731735790518884
25833,GOF,0.06219346714826519,0.7571240938357482,0.18068243901598668
25834,GOF,0.013751741525422651,0.5286640713490163,0.4575841871255611
25835,GOF,0.054479056341493165,0.8093865275247083,0.13613441613379854
25836,GOF,0.015031854862849808,0.6382003096004044,0.3467678355367458
25837,GOF,0.013590663142693894,0.6832372303983509,0.30317210645895515
25838,GOF,0.03859955684880812,0.7991467847028167,0.16225365844837503
25839,GOF,0.07749687689216782,0.7115811375296065,0.2109219855782256
25840,GOF,0.11401210614991981,0.7774843884924153,0.108503505357665
25841,GOF,0.09384598785259318,0.7190555729229022,0.1870984392245046
25842,GOF,0.06806724340954509,0.7962564593686224,0.1356762972218325
25843,GOF,0.03180902553149044,0.7869243544958195,0.18126661997268995
25844,GOF,0.03555903284316813,0.7797223426296906,0.18471862452714122
25845,GOF,0.010897465063638515,0.6000954870898434,0.389007047846518
25846,GOF,0.08280689618382207,0.7330840910828842,0.1841090127332936
25847,GOF,0.05022227277399299,0.7903761394130109,0.15940158781299604
25848,GOF,0.03550220188808982,0.7666325394838465,0.1978652586280637
25849,GOF,0.00908964036117726,0.7306397003399041,0.2602706592989186
25850,GOF,0.01420907108694897,0.6740217174384477,0.3117692114746034
25851,GOF,0.013541902557400084,0.6329854545502329,0.35347264289236696
25852,GOF,0.18362541128198454,0.4234968341948758,0.39287775452313967
25853,GOF,0.07698231260107345,0.6354792793188047,0.28753840808012193
25854,GOF,0.008030811572081596,0.6867686040775811,0.30520058435033737
25855,GOF,0.043021896181995437,0.6052379562023716,0.35174014761563294
25856,GOF,0.0711679544949837,0.7347688568848241,0.19406318862019223
25857,GOF,0.04488919754997837,0.6583774370114754,0.2967333654385462
25858,GOF,0.01388346772140478,0.5742148400413246,0.4119016922372705
25859,GOF,0.01119628443728971,0.5450343639410185,0.4437693516216918
25860,GOF,0.10145474321766992,0.6632832406777612,0.2352620161045689
25861,GOF,0.05928911186866132,0.6267109507587446,0.3139999373725941
25862,GOF,0.0324731718571872,0.855713993106533,0.11181283503627984
25863,GOF,0.039853486790608156,0.7404917057022867,0.2196548075071052
25864,GOF,0.03895439267258149,0.8275187610434648,0.13352684628395378
25865,GOF,0.0379181516847052,0.8298342442175772,0.1322476040977176
25866,GOF,0.05040677934069825,0.8858408243452182,0.06375239631408354
25867,GOF,0.4120680788259845,0.5530594118001847,0.03487250937383079
25868,GOF,0.09497556086581926,0.6941792951556746,0.21084514397850604
25869,GOF,0.2912986818220039,0.5941990490504682,0.11450226912752796
25870,LOF,0.043305570598391276,0.09097789613723169,0.8657165332643771
25871,GOF,0.007613688705396254,0.6453318942025823,0.3470544170920214
25872,LOF,0.038806197609053565,0.471457369667658,0.48973643272328826
25873,GOF,0.025937150698343146,0.7796869337819498,0.19437591551970707
25874,LOF,0.06889084312211904,0.04279109080706236,0.8883180660708185
25875,GOF,0.01431886291658835,0.6302312282780768,0.35544990880533495
25876,LOF,0.03631187977622595,0.13968781720507922,0.8240003030186949
25877,GOF,0.04279914616448073,0.7044445087469465,0.25275634508857264
25878,GOF,0.037139390969598604,0.8637280653604581,0.09913254366994341
25879,LOF,0.012347539913526325,0.39124283341705623,0.5964096266694175
25880,LOF,0.08221330288506401,0.0720791575295662,0.8457075395853697
25881,Neutral,0.5675963995034066,0.21663044173148668,0.2157731587651067
25882,LOF,0.04102119251015676,0.31822578906935545,0.6407530184204877
25883,LOF,0.05625129720054238,0.19054038645486937,0.7532083163445883
25884,LOF,0.02984487205169173,0.2386602464855969,0.7314948814627115
25885,Neutral,0.5071652817767686,0.023651495796884987,0.4691832224263465
25886,Neutral,0.4289119725449429,0.2066402987596602,0.364447728695397
25887,GOF,0.051401095801312344,0.7105445926023268,0.23805431159636076
25888,LOF,0.010515875297125266,0.3597057265222137,0.629778398180661
25889,LOF,0.08686115296152497,0.23582745076456302,0.677311396273912
25890,LOF,0.1372836094572331,0.42553539478528113,0.4371809957574857
25891,LOF,0.23656877295611098,0.13887795688181645,0.6245532701620726
25892,LOF,0.004501706806432443,0.31950467179106556,0.675993621402502
25893,LOF,0.21268912584403205,0.11425125948265724,0.6730596146733107
25894,LOF,0.2749399938245738,0.03801483791406096,0.6870451682613652
25895,LOF,0.24501730273141456,0.0674919958810491,0.6874907013875363
25896,LOF,0.11275877893391281,0.1360384594506257,0.7512027616154614
25897,LOF,0.10082893005395706,0.11226170747741425,0.7869093624686286
25898,GOF,0.05140476864618931,0.6798401760662662,0.26875505528754434
25899,LOF,0.2822313607378958,0.2078733850854583,0.5098952541766459
25900,Neutral,0.8480423145024982,0.03644782259881311,0.1155098628986886
25901,LOF,0.08377036840522643,0.06074095281531223,0.8554886787794612
25902,Neutral,0.8152933003178927,0.01840315194248876,0.16630354773961833
25903,LOF,0.12498204645882155,0.21451915651541018,0.6604987970257683
25904,Neutral,0.4289119725449429,0.2066402987596602,0.364447728695397
25905,LOF,0.0064221465924794606,0.3182471563394407,0.6753306970680798
25906,LOF,0.010214148159068867,0.10347236386951748,0.8863134879714136
25907,LOF,0.007239129745315563,0.4710312546044031,0.5217296156502814
25908,LOF,0.007093902759767501,0.4406940217456973,0.5522120754945353
25909,LOF,0.05727258227492797,0.4640427453342191,0.4786846723908529
25910,LOF,0.012725634535598458,0.23187217609714417,0.7554021893672573
25911,LOF,0.10087631091689869,0.1966441986682459,0.7024794904148555
25912,LOF,0.16983329717909387,0.09415131848380957,0.7360153843370965
25913,LOF,0.007676502828880142,0.202065439492014,0.7902580576791058
25914,LOF,0.0651916568493335,0.18447291278797423,0.7503354303626923
25915,GOF,0.04430446687569658,0.7676089471259258,0.18808658599837766
25916,LOF,0.010165699869060331,0.48749240969053953,0.5023418904404001
25917,Neutral,0.7848289151283391,0.047169304132055195,0.1680017807396057
25918,LOF,0.07031921361584449,0.07053919817733006,0.8591415882068255
25919,LOF,0.06424496010384947,0.029762087501343255,0.9059929523948073
25920,LOF,0.22207793426096809,0.35697334856769497,0.42094871717133686
25921,LOF,0.023145544203963083,0.08574709281495654,0.8911073629810804
25922,LOF,0.01577268813118919,0.08959427434566497,0.8946330375231458
25923,Neutral,0.4289119725449429,0.2066402987596602,0.364447728695397
25924,LOF,0.03077553523746738,0.2298082825583112,0.7394161822042215
25925,Neutral,0.7399771750713287,0.04242207716614979,0.21760074776252147
25926,LOF,0.08580285075696764,0.2190723885405017,0.6951247607025307
25927,LOF,0.00914686518613566,0.24817119039208171,0.7426819444217827
25928,LOF,0.012115503529772803,0.050448962088121815,0.9374355343821054
25929,Neutral,0.4289119725449429,0.2066402987596602,0.364447728695397
25930,LOF,0.04281104529192496,0.2318117398637184,0.7253772148443567
25931,LOF,0.011204411978806061,0.0920812527664555,0.8967143352547385
25932,LOF,0.07323091369500866,0.06188759567410518,0.8648814906308862
25933,LOF,0.07586008214031764,0.09912901417045554,0.8250109036892269
25934,LOF,0.0867213532509452,0.05451786971218861,0.8587607770368663
25935,Neutral,0.7303116545735571,0.060144843915623046,0.20954350151081994
25936,LOF,0.0771613129770894,0.047177889664003284,0.8756607973589073
25937,LOF,0.011792216898675118,0.1654760597698407,0.8227317233314841
25938,Neutral,0.7570820393222989,0.04247735601554146,0.2004406046621596
25939,LOF,0.05836934643543746,0.06564495032562234,0.8759857032389402
25940,GOF,0.008170436555020892,0.533747984159106,0.4580815792858731
25941,LOF,0.4235469836979367,0.052497313480102156,0.523955702821961
25942,LOF,0.017213063710366207,0.16341143008575787,0.8193755062038759
25943,LOF,0.027321170305319255,0.4086783908753304,0.5640004388193504
25944,LOF,0.026114962652542015,0.36679972780523246,0.6070853095422255
25945,LOF,0.044753834010606716,0.06411604851837381,0.8911301174710196
25946,LOF,0.08130898175591517,0.17084308957159688,0.747847928672488
25947,LOF,0.46175472096834097,0.0515042091153776,0.48674106991628147
25948,Neutral,0.8154093356044986,0.08935579251237338,0.09523487188312801
25949,Neutral,0.762652021364941,0.05137000103417021,0.18597797760088883
25950,GOF,0.0619759244615811,0.8058965376990256,0.13212753783939327
25951,GOF,0.009021877614218849,0.7164979144092346,0.2744802079765466
25952,LOF,0.12240666486632039,0.3522864559465983,0.5253068791870814
25953,LOF,0.009827104894039988,0.4931163520644625,0.4970565430414973
25954,GOF,0.05687310134410536,0.7135829378070764,0.22954396084881828
25955,GOF,0.005899476933510138,0.5699031427821302,0.42419738028435966
25956,GOF,0.010034034723518036,0.5106648389022971,0.4793011263741849
25957,LOF,0.45587277278367033,0.06232057574796282,0.4818066514683668
25958,LOF,0.05945666224911855,0.12342741049405456,0.8171159272568269
25959,LOF,0.007997141648858045,0.4172635961620671,0.5747392621890748
25960,LOF,0.010265691763177463,0.07820348573618274,0.9115308225006399
25961,LOF,0.05357912391193154,0.19033653082717208,0.7560843452608963
25962,Neutral,0.7841087023421148,0.023055055424722592,0.1928362422331626
25963,LOF,0.011623720581379837,0.13629549209673977,0.8520807873218803
25964,LOF,0.09447632496130853,0.15989901998026512,0.7456246550584262
25965,LOF,0.1468230241759325,0.3983303133377912,0.45484666248627637
25966,Neutral,0.4289119725449429,0.2066402987596602,0.364447728695397
25967,LOF,0.01287215992386767,0.11734890492371064,0.8697789351524217
25968,LOF,0.12469561018696472,0.35070998191494257,0.5245944078980926
25969,LOF,0.26609577044787663,0.055752156565686786,0.6781520729864366
25970,LOF,0.02031914767489344,0.17783509313827264,0.801845759186834
25971,LOF,0.10759628828801417,0.1582704621114548,0.7341332496005311
25972,LOF,0.09560844987494485,0.164596114815697,0.7397954353093581
25973,Neutral,0.4945066762809362,0.011566243556489464,0.4939270801625743
25974,LOF,0.060072135412376715,0.26059324443300624,0.6793346201546171
25975,LOF,0.05425936727492507,0.029679458218198722,0.9160611745068762
25976,LOF,0.09219029864182643,0.023864722290401402,0.8839449790677723
25977,LOF,0.379944278414448,0.12444355108655672,0.4956121704989953
25978,LOF,0.18742694599539902,0.14432465607365258,0.6682483979309485
25979,LOF,0.12467550507971288,0.15530202164513987,0.7200224732751472
25980,LOF,0.193741921310703,0.36805614052692,0.4382019381623769
25981,GOF,0.20525841133815348,0.45043591175059,0.34430567691125663
25982,LOF,0.19710105981227316,0.27656576194705235,0.5263331782406745
25983,LOF,0.16018920770492626,0.2660243275340431,0.5737864647610307
25984,LOF,0.04787044385698664,0.2532329355029787,0.6988966206400347
25985,Neutral,0.3674003926786806,0.36715974910641846,0.265439858214901
25986,GOF,0.014566368926645298,0.6334619174374859,0.35197171363586865
25987,LOF,0.024732514028625203,0.2814402792657166,0.6938272067056581
25988,LOF,0.042684346779573466,0.3302282580293436,0.6270873951910829
25989,LOF,0.05732581662257069,0.3647669555950622,0.577907227782367
25990,LOF,0.06783605852898937,0.40472921945595997,0.5274347220150507
25991,GOF,0.05130944809218591,0.7476032207090334,0.20108733119878053
25992,LOF,0.01818285719960538,0.362793298699039,0.6190238441013556
25993,LOF,0.0581724603023522,0.030409374154806757,0.911418165542841
25994,LOF,0.07962165468428983,0.030180876936799068,0.8901974683789111
25995,LOF,0.053570219749151625,0.03637186620025769,0.9100579140505906
25996,GOF,0.17997698132746107,0.47519732867538617,0.3448256899971528
25997,GOF,0.05178926574217046,0.5803829108767631,0.3678278233810665
25998,LOF,0.1717004850941038,0.23100617030235207,0.5972933446035441
25999,GOF,0.02070537496426582,0.515761091920553,0.46353353311518114
26000,LOF,0.26458570318441954,0.07821964523413498,0.6571946515814455
26001,LOF,0.09575490189812921,0.13146314365212955,0.7727819544497412
26002,Neutral,0.6878661106976464,0.01513078673502457,0.29700310256732904
26003,GOF,0.008047715246555955,0.7484334396576766,0.24351884509576746
26004,GOF,0.027671806394489108,0.7784433569647022,0.19388483664080863
26005,GOF,0.00489408768234916,0.737313728411736,0.2577921839059148
26006,GOF,0.08604748650375664,0.7621621942514489,0.1517903192447944
26007,GOF,0.013025880781873993,0.7300500291149989,0.256924090103127
26008,GOF,0.012382860750600256,0.7483320262637205,0.23928511298567937
26009,GOF,0.022902616864377612,0.8780124451172405,0.09908493801838197
26010,GOF,0.009287212904442985,0.7954376373476151,0.19527514974794205
26011,GOF,0.0053265595605858735,0.5182348820751442,0.47643855836426996
26012,GOF,0.0065458790849446755,0.8178282671303593,0.175625853784696
26013,LOF,0.00682820518808836,0.43871005116812356,0.5544617436437882
26014,Neutral,0.7660834802077605,0.015479390772481071,0.21843712901975837
26015,Neutral,0.5354262414586929,0.07979011102345383,0.3847836475178533
26016,LOF,0.3177013952196207,0.11321798153433935,0.56908062324604
26017,LOF,0.045392803319289736,0.391851716868426,0.5627554798122841
26018,LOF,0.045033298595241814,0.2809887528832421,0.673977948521516
26019,LOF,0.05109891697820341,0.10899008534768695,0.8399109976741096
26020,LOF,0.006966463086025208,0.2913299693888634,0.7017035675251113
26021,LOF,0.06368036559264491,0.15276031386158165,0.7835593205457735
26022,LOF,0.07790569466597705,0.08022721459534615,0.8418670907386767
26023,LOF,0.03886852986964877,0.10836502970838816,0.852766440421963
26024,LOF,0.04791509003978955,0.16334998531427916,0.7887349246459313
26025,LOF,0.12187131470841057,0.3365199311735554,0.541608754118034
26026,LOF,0.0801524472466359,0.2185129214637125,0.7013346312896517
26027,LOF,0.0766978145153646,0.09485411661824425,0.8284480688663911
26028,GOF,0.04575483556866807,0.48196665235539815,0.47227851207593374
26029,GOF,0.0199745235667102,0.6638044239333672,0.3162210524999225
26030,LOF,0.37793549148121397,0.061491350056820195,0.5605731584619659
26031,GOF,0.005321815841762139,0.6071207280437927,0.3875574561144453
26032,LOF,0.06681668169540166,0.1253040878438077,0.8078792304607907
26033,LOF,0.0645659751495856,0.1573217216787144,0.7781123031717001
26034,GOF,0.009036183521457134,0.5325987730193342,0.45836504345920864
26035,GOF,0.00756674355323364,0.5228594509356953,0.46957380551107103
26036,LOF,0.007125841640626344,0.2730308737479945,0.7198432846113791
26037,LOF,0.006534898166048466,0.3537703123260711,0.6396947895078805
26038,LOF,0.05426650109392935,0.09244062169956355,0.853292877206507
26039,GOF,0.022600795831606166,0.5900011197007757,0.38739808446761814
26040,LOF,0.051899898873546506,0.10713205341479282,0.8409680477116607
26041,LOF,0.009677253361889383,0.33987069390499597,0.6504520527331146
26042,LOF,0.008792607016684197,0.3665354697494756,0.6246719232338401
26043,LOF,0.043790760990603805,0.24530302700641538,0.7109062120029809
26044,LOF,0.007973864199899728,0.2667883573707278,0.7252377784293724
26045,GOF,0.030232300145562337,0.8439269087818584,0.12584079107257917
26046,LOF,0.035854235221827596,0.26983204418543344,0.6943137205927391
26047,LOF,0.10399422950560362,0.1491397437179976,0.7468660267763988
26048,LOF,0.09042740401406273,0.1032362241541301,0.8063363718318072
26049,Neutral,0.8695085182679425,0.07234335585270348,0.058148125879354084
26050,Neutral,0.8660274130961462,0.058530150855609454,0.07544243604824422
26051,LOF,0.010826411957868407,0.45995368896234223,0.5292198990797894
26052,LOF,0.013592115411167532,0.28747276007202216,0.6989351245168104
26053,LOF,0.022520216768701664,0.09967034960083775,0.8778094336304606
26054,Neutral,0.7570820393222989,0.04247735601554146,0.2004406046621596
26055,LOF,0.11804507417672674,0.147720681503697,0.7342342443195764
26056,LOF,0.11922680548833044,0.1536254138695595,0.7271477806421099
26057,LOF,0.08829232543982789,0.04063297452723117,0.871074700032941
26058,LOF,0.09402920797671332,0.03900446225836528,0.8669663297649214
26059,Neutral,0.8683360556000965,0.04753965392899095,0.08412429047091269
26060,LOF,0.03143888253730378,0.32732547094342357,0.6412356465192727
26061,LOF,0.018692700973983477,0.03322440208787877,0.9480828969381376
26062,LOF,0.011001878775916834,0.08108783366527654,0.9079102875588065
26063,LOF,0.06671234994775815,0.029274727868494096,0.9040129221837478
26064,LOF,0.01864560496913674,0.04024159710215757,0.9411127979287057
26065,LOF,0.047984075550538796,0.04814589051744435,0.9038700339320168
26066,LOF,0.09108589573137725,0.050655607283233296,0.8582584969853895
26067,LOF,0.0899386790358245,0.0924093401116635,0.8176519808525119
26068,Neutral,0.7528699832141201,0.05632305065331379,0.190806966132566
26069,LOF,0.10599321739710432,0.16292905202087862,0.7310777305820171
26070,LOF,0.1431956882138339,0.15939286253672932,0.6974114492494368
26071,LOF,0.06595542311876029,0.056919325592460844,0.8771252512887788
26072,LOF,0.013892707782379391,0.04593233731215891,0.9401749549054617
26073,LOF,0.07309101105764053,0.07045681155135905,0.8564521773910004
26074,Neutral,0.8548285288162715,0.04393376285455884,0.10123770832916973
26075,LOF,0.10020183466383448,0.18911813675389522,0.7106800285822703
26076,LOF,0.07408548857838133,0.08535759821674346,0.8405569132048751
26077,LOF,0.25801674204905295,0.05937947569611897,0.682603782254828
26078,LOF,0.010998412722860063,0.06431771318648222,0.9246838740906578
26079,Neutral,0.7603060081785509,0.05665021882648624,0.183043772994963
26080,Neutral,0.7603060081785509,0.05665021882648624,0.183043772994963
26081,LOF,0.06613018535827005,0.048324086474925004,0.885545728166805
26082,LOF,0.012132865034069252,0.15085037118601577,0.837016763779915
26083,LOF,0.056405245734803315,0.16835447883104174,0.7752402754341549
26084,LOF,0.07114154467657152,0.1390825359340771,0.7897759193893513
26085,LOF,0.06099023500241453,0.16781863876854872,0.7711911262290368
26086,LOF,0.04656717980046877,0.14693070872766745,0.8065021114718638
26087,LOF,0.06044594788258842,0.1371406854839465,0.8024133666334651
26088,LOF,0.013272716717525068,0.15703752411682914,0.8296897591656459
26089,LOF,0.0748670333845092,0.22138727114983986,0.7037456954656509
26090,LOF,0.08926487397204502,0.21381843168285522,0.6969166943450998
26091,LOF,0.07096697230844816,0.0644756592447513,0.8645573684468005
26092,LOF,0.0607590478880581,0.05304599553860005,0.8861949565733418
26093,LOF,0.07007564017409325,0.04715818279914622,0.8827661770267605
26094,LOF,0.0687877450092724,0.08520889270334478,0.8460033622873829
26095,LOF,0.028942635302626883,0.09682348145945134,0.8742338832379217
26096,LOF,0.42352411053732447,0.0217383320384848,0.5547375574241906
26097,LOF,0.012374720523065652,0.05679247731556538,0.930832802161369
26098,Neutral,0.749625636064785,0.042309165531994555,0.20806519840322032
26099,LOF,0.044785556231103536,0.17199941628805893,0.7832150274808375
26100,LOF,0.044785556231103536,0.17199941628805893,0.7832150274808375
26101,LOF,0.05047577898158696,0.13932391489059767,0.8102003061278152
26102,LOF,0.06510677743452672,0.08669196529794532,0.8482012572675279
26103,Neutral,0.4289119725449429,0.2066402987596602,0.364447728695397
26104,Neutral,0.7631469414618307,0.06709599385604345,0.1697570646821258
26105,LOF,0.30496609038985006,0.08854034254737693,0.606493567062773
26106,LOF,0.28582833663920065,0.20775660163386372,0.5064150617269356
26107,LOF,0.009007723393955473,0.39023039916099633,0.6007618774450482
26108,LOF,0.15731885489896857,0.25016280831301546,0.592518336788016
26109,LOF,0.06655108622948218,0.233286272131847,0.7001626416386709
26110,Neutral,0.7355348487567596,0.02632823811697717,0.23813691312626323
26111,LOF,0.023724337314432114,0.22735186705854304,0.7489237956270248
26112,LOF,0.08638910723017579,0.043678799045180246,0.8699320937246439
26113,LOF,0.06109863937347427,0.05920235961702583,0.8796990010094999
26114,LOF,0.12124392727131103,0.17973327687201557,0.6990227958566733
26115,GOF,0.00948609953169661,0.6229354791187155,0.3675784213495878
26116,LOF,0.0948266752430422,0.2984946560589229,0.6066786686980349
26117,Neutral,0.4289119725449429,0.2066402987596602,0.364447728695397
26118,LOF,0.05942622013578424,0.0840401949570244,0.8565335849071914
26119,LOF,0.0061774172647589155,0.1352616921559669,0.8585608905792742
26120,LOF,0.0709344689650474,0.04868043406341449,0.8803850969715382
26121,LOF,0.006908081155272412,0.17802660965481554,0.815065309189912
26122,LOF,0.0050649716002205475,0.3044961871878196,0.6904388412119599
26123,LOF,0.006741784456153527,0.3419362216699627,0.6513219938738839
