feature0,prediction,LoGoFunc_Neutral,LoGoFunc_GOF,LoGoFunc_LOF
25546,Neutral,0.6961043595958929,0.030729651327805904,0.27316598907630113
25547,Neutral,0.5993605689017022,0.06512588426471623,0.3355135468335816
25548,Neutral,0.5172189473089507,0.05177486794661809,0.43100618474443136
25549,Neutral,0.4835045323309538,0.05105881238341524,0.465436655285631
25550,LOF,0.3981920928752891,0.0931425728113323,0.5086653343133786
25551,LOF,0.32209052325937026,0.10908620043125387,0.5688232763093758
25552,LOF,0.19351459250199457,0.12261456959426068,0.6838708379037448
25553,Neutral,0.8027152346328253,0.03314815477855339,0.16413661058862136
25554,LOF,0.23931518454260903,0.11573925914063105,0.6449455563167599
25555,LOF,0.19526202480822114,0.09313607937096138,0.7116018958208175
25556,Neutral,0.5237520101417792,0.07560616312028647,0.4006418267379343
25557,LOF,0.19031682926657686,0.10644818957002586,0.7032349811633973
25558,LOF,0.23847693700558664,0.12098729958658881,0.6405357634078245
25559,LOF,0.37089612391462684,0.09101499906461745,0.5380888770207557
25560,LOF,0.0675808817065329,0.18006933205078943,0.7523497862426777
25561,LOF,0.11685922477560919,0.19460635792642308,0.6885344172979676
25562,LOF,0.11841027882293223,0.09032509101085763,0.7912646301662101
25563,LOF,0.11731407760422519,0.10600021927613934,0.7766857031196355
25564,LOF,0.13678119785130674,0.20621336191484724,0.6570054402338461
25565,LOF,0.12722823119360066,0.20090592485824757,0.6718658439481519
25566,GOF,0.014049833426374083,0.7371077649664787,0.24884240160714727
25567,LOF,0.013636142874878998,0.12014625964140277,0.8662175974837182
25568,LOF,0.047034523429062364,0.05556003522778081,0.8974054413431568
25569,LOF,0.059744920001611745,0.05645226751593271,0.8838028124824555
25570,LOF,0.06284795871890081,0.08967587293258099,0.8474761683485181
25571,LOF,0.06250557486592581,0.07984366198863542,0.8576507631454389
25572,LOF,0.06468722200334957,0.13225352134978427,0.8030592566468663
25573,LOF,0.028665052006743588,0.08405152937622415,0.8872834186170322
25574,LOF,0.017929359422103122,0.1376047828171178,0.8444658577607792
25575,LOF,0.05368487984497671,0.08348213251851742,0.8628329876365058
25576,LOF,0.01920627839491321,0.0987103101011149,0.882083411503972
25577,LOF,0.01484610950754516,0.13718471262359974,0.8479691778688551
25578,LOF,0.2516473206948324,0.07705734297549223,0.6712953363296753
25579,LOF,0.2545822802463868,0.07646244602162516,0.668955273731988
25580,LOF,0.03700930503193184,0.07432657749972313,0.8886641174683451
25581,LOF,0.04775164904813398,0.05627986767114574,0.8959684832807203
25582,LOF,0.047699449110437754,0.05366032565550426,0.898640225234058
25583,LOF,0.045506301793660144,0.08069651103597479,0.873797187170365
25584,Neutral,0.4804748477987253,0.07795915942153747,0.44156599277973707
25585,LOF,0.031106979204168834,0.09411714757008384,0.8747758732257473
25586,LOF,0.0413965800915271,0.06729890028573123,0.8913045196227417
25587,LOF,0.03544196375448353,0.06094020954218916,0.9036178267033274
25588,LOF,0.036378907029554756,0.0785884471833023,0.885032645787143
25589,Neutral,0.6042731972485116,0.08997654178369076,0.3057502609677978
25590,LOF,0.030866948227310953,0.10829984310565699,0.8608332086670322
25591,LOF,0.1203081408355564,0.04070370574025511,0.8389881534241884
25592,LOF,0.11460697495709914,0.1065503541567853,0.7788426708861155
25593,LOF,0.01741820961611542,0.2119430638120497,0.7706387265718347
25594,LOF,0.03679126084988248,0.1584572946665706,0.804751444483547
25595,LOF,0.06061291594853468,0.12521057573332256,0.8141765083181427
25596,LOF,0.07548678241359254,0.10090873663546159,0.8236044809509458
25597,LOF,0.06965168961441902,0.05345247254737986,0.8768958378382012
25598,LOF,0.046527882194289244,0.1659890682914574,0.7874830495142533
25599,GOF,0.007992642637591621,0.6788545816450431,0.31315277571736533
25600,GOF,0.008596501960261425,0.5701393874048842,0.4212641106348544
25601,LOF,0.007083395253667444,0.42891315264616164,0.5640034521001709
25602,LOF,0.017050761607675394,0.08984602673325602,0.8931032116590685
25603,LOF,0.03740416321457097,0.04197012942918224,0.9206257073562467
25604,LOF,0.04004013884704285,0.0739371411584887,0.8860227199944684
25605,LOF,0.009699434283866378,0.2658515748414873,0.7244489908746463
25606,GOF,0.05957902718267086,0.5648034632233457,0.37561750959398343
25607,LOF,0.003735238974530468,0.18193963977052768,0.8143251212549419
25608,LOF,0.05185939572441877,0.052692231708111756,0.8954483725674695
25609,LOF,0.0633899985216382,0.31795465239282605,0.6186553490855358
25610,LOF,0.05605316350087438,0.03592342721274168,0.908023409286384
25611,LOF,0.0608480038945921,0.029586604007571644,0.9095653920978362
25612,LOF,0.13197544863482774,0.061182715686999775,0.8068418356781726
25613,LOF,0.10675309895360201,0.04788300971329288,0.8453638913331051
25614,LOF,0.04462729699827746,0.04414387182821348,0.911228831173509
25615,LOF,0.08699926049800774,0.03570007258828569,0.8773006669137067
25616,LOF,0.0411218070348104,0.04676079417843849,0.9121173987867511
25617,LOF,0.04197604556042111,0.04944431272944783,0.9085796417101311
25618,LOF,0.2652198131268994,0.04420226061118979,0.6905779262619108
25619,LOF,0.042543767686105745,0.04092605774599885,0.9165301745678953
25620,LOF,0.0406476628690754,0.04981288301203741,0.9095394541188871
25621,LOF,0.043485832032897444,0.029873642422063355,0.9266405255450392
25622,LOF,0.03416959762742169,0.04282723369003893,0.9230031686825394
25623,LOF,0.05802586115175533,0.040607429719659936,0.9013667091285849
25624,LOF,0.034302314755805724,0.05513041628984335,0.9105672689543509
25625,LOF,0.04349707254493558,0.050814918542798695,0.9056880089122656
25626,LOF,0.0888522618422507,0.04088548502545065,0.8702622531322987
25627,Neutral,0.5580066058436126,0.10235089325213678,0.3396425009042505
25628,LOF,0.2057017760152461,0.049159138469616795,0.7451390855151371
25629,LOF,0.08074773432518229,0.1175941088968079,0.8016581567780098
25630,LOF,0.1956680279847357,0.08556653330653748,0.7187654387087268
25631,Neutral,0.6071476791287386,0.04993663778625502,0.3429156830850066
25632,LOF,0.01960170460810626,0.1061778969674809,0.8742203984244128
25633,LOF,0.21317820002069,0.10858449355278053,0.6782373064265295
25634,LOF,0.03156863302921065,0.10840096598605214,0.8600304009847372
25635,LOF,0.03580422085027556,0.10011864590258215,0.8640771332471423
25636,GOF,0.006536915712588031,0.7179577850666411,0.27550529922077094
25637,GOF,0.004782816968923409,0.5639348599824336,0.43128232304864295
25638,GOF,0.008506203403935483,0.5067936324817055,0.48470016411435907
25639,LOF,0.0047802084527503105,0.49137411697188615,0.5038456745753634
25640,GOF,0.3908820676012223,0.5503682933405473,0.05874963905823039
25641,LOF,0.005767003307961864,0.36107534136085173,0.6331576553311865
25642,LOF,0.25657862181614305,0.12538277032767906,0.6180386078561778
25643,LOF,0.27988713629962003,0.3005726846521894,0.4195401790481905
25644,GOF,0.029304624192947194,0.6440147222178062,0.32668065358924664
25645,GOF,0.021439850641441768,0.5581345983965549,0.42042555096200335
25646,LOF,0.021415796113178485,0.4193671656635402,0.5592170382232813
25647,LOF,0.01776420304470926,0.29483780357487116,0.6873979933804195
25648,LOF,0.014511651848667581,0.3449293404328161,0.6405590077185164
25649,LOF,0.014242490449577015,0.24569017365076845,0.7400673358996546
25650,GOF,0.04551856885569445,0.5626514408602877,0.39182999028401794
25651,LOF,0.01162307041879843,0.27893517948531066,0.7094417500958909
25652,LOF,0.021429091281020357,0.3867762680237082,0.5917946406952713
25653,GOF,0.0935085955201059,0.5475399464480942,0.3589514580317999
25654,LOF,0.014933684889266493,0.34186651301430115,0.6431998020964323
25655,GOF,0.1306103236554613,0.4934160769003677,0.37597359944417097
25656,LOF,0.05494715326842915,0.09991647758256805,0.8451363691490028
25657,LOF,0.2940005803916054,0.045440185254037174,0.6605592343543574
25658,LOF,0.034396177917994125,0.2011356447717403,0.7644681773102655
25659,LOF,0.2077587307547983,0.11282308207509537,0.6794181871701063
25660,LOF,0.0967982461730246,0.10261211425120365,0.8005896395757717
25661,LOF,0.07948547080397105,0.06883903315334744,0.8516754960426816
25662,LOF,0.038374625009296254,0.060901148001640794,0.9007242269890628
25663,LOF,0.046813094147156196,0.10423685502004712,0.8489500508327966
25664,LOF,0.02898337029509486,0.16335746458457134,0.8076591651203338
25665,LOF,0.04412495348009204,0.0649806263628881,0.8908944201570198
25666,LOF,0.04544118954255036,0.18613639151276537,0.7684224189446843
25667,LOF,0.039832883357087026,0.05996496875837883,0.9002021478845342
25668,LOF,0.052836108384875215,0.057609871789254107,0.8895540198258708
25669,LOF,0.053927108609754505,0.09239140062933905,0.8536814907609065
25670,LOF,0.0777271574997677,0.10949615729998777,0.8127766852002446
25671,LOF,0.04544160983724983,0.04905162765131384,0.9055067625114362
25672,LOF,0.04432035878797228,0.08345623766599246,0.8722234035460352
25673,LOF,0.0388026061609441,0.08639138126160567,0.8748060125774503
25674,LOF,0.02641619554493997,0.10280840251999264,0.8707754019350674
25675,LOF,0.03580259718246025,0.08270581928372953,0.8814915835338103
25676,LOF,0.03571439024291928,0.06605496918107454,0.8982306405760062
25677,LOF,0.08122695298765491,0.05847524658779714,0.8602978004245481
25678,LOF,0.1388208845615633,0.06746969885219824,0.7937094165862384
25679,LOF,0.12819591848954057,0.07276535506428622,0.7990387264461732
25680,LOF,0.08625752170379844,0.09319257015231683,0.8205499081438848
25681,LOF,0.09894510239969716,0.08941895207061769,0.8116359455296852
25682,LOF,0.05320815052744137,0.056942539268370874,0.8898493102041877
25683,LOF,0.08471031074965346,0.10068908662682528,0.8146006026235213
25684,LOF,0.06378931076755462,0.061884229971526254,0.8743264592609192
25685,LOF,0.12573520369658295,0.06253796311203755,0.8117268331913795
25686,LOF,0.027692588965666967,0.11510504798146466,0.8572023630528685
25687,LOF,0.04969249951453145,0.10620150927726348,0.8441059912082051
25688,LOF,0.019679345408152,0.06270419480616082,0.9176164597856873
25689,LOF,0.017639023219088817,0.04576850019957094,0.9365924765813403
25690,LOF,0.015625129416039843,0.04858655029765545,0.9357883202863048
25691,LOF,0.09946438962486326,0.06722381159736573,0.8333117987777711
25692,LOF,0.1813122500411337,0.011450950949067496,0.8072367990097988
25693,LOF,0.04194371799068394,0.23297570461723485,0.7250805773920812
25694,LOF,0.2221175948998968,0.014899107723635733,0.7629832973764675
25695,LOF,0.171945142169816,0.029779093912872746,0.7982757639173113
25696,LOF,0.06576126386792751,0.026861340741120454,0.9073773953909521
25697,LOF,0.16301740827041394,0.04057104074358061,0.7964115509860055
25698,LOF,0.014554666314931512,0.41587151156400626,0.5695738221210622
25699,LOF,0.1029386152603695,0.09282458640582918,0.8042367983338012
25700,LOF,0.03271541936710645,0.01737491084673344,0.9499096697861601
25701,LOF,0.01599004535866729,0.11259324005903253,0.8714167145823002
25702,GOF,0.020585814010556654,0.7630050108996553,0.21640917508978788
25703,LOF,0.011655949943564293,0.27731757627657155,0.7110264737798642
25704,LOF,0.08143247224183775,0.2259401595189953,0.6926273682391669
25705,LOF,0.08474634544853872,0.2821672945419673,0.633086360009494
25706,GOF,0.017782720914557983,0.649452361802369,0.3327649172830729
25707,GOF,0.025277693735919694,0.5755013180943142,0.3992209881697662
25708,GOF,0.007762715266159111,0.5674376549986881,0.4247996297351528
25709,LOF,0.028723175363732346,0.08355679502381069,0.887720029612457
25710,LOF,0.005637854872792744,0.21200594643269924,0.7823561986945079
25711,LOF,0.028995173921563328,0.14687194584095517,0.8241328802374815
25712,LOF,0.007393097790366975,0.26568903270743494,0.7269178695021982
25713,LOF,0.029209358529693426,0.12875032762935676,0.8420403138409497
25714,LOF,0.0266575615163947,0.169244937091476,0.8040975013921293
25715,LOF,0.03239607767196267,0.14220387346433008,0.8254000488637071
25716,LOF,0.006455681764421715,0.21144314117842797,0.7821011770571503
25717,LOF,0.0060400512619461205,0.18886941507605506,0.8050905336619989
25718,LOF,0.03041283242958522,0.09120393137411824,0.8783832361962964
25719,LOF,0.03675671536862824,0.1555357533461211,0.8077075312852506
25720,LOF,0.040557928400310965,0.1313174757700956,0.8281245958295935
25721,LOF,0.03056102023790133,0.1205411448847285,0.8488978348773701
25722,LOF,0.020575686589981445,0.16601056752489657,0.8134137458851219
25723,LOF,0.032604518698147664,0.13301177889486332,0.834383702406989
25724,LOF,0.03075994375853583,0.24217494499170183,0.7270651112497624
25725,LOF,0.031592629853327656,0.11146316014226823,0.8569442100044042
25726,LOF,0.021378380575776068,0.15222151057940828,0.8264001088448156
25727,LOF,0.02899917927915496,0.14677910832571883,0.8242217123951262
25728,LOF,0.02946461803150105,0.13596511307971307,0.8345702688887859
25729,LOF,0.028415424045689114,0.1574180979482254,0.8141664780060854
25730,LOF,0.03365029354146747,0.09797788696358624,0.8683718194949464
25731,LOF,0.01036145853732811,0.187985858346563,0.8016526831161089
25732,LOF,0.02393159472949037,0.1120744880976871,0.8639939171728225
25733,LOF,0.03904379470853113,0.11311097750812535,0.8478452277833435
25734,LOF,0.006216251894927053,0.32013187722721037,0.6736518708778626
25735,LOF,0.026974071560573878,0.10085468301442137,0.8721712454250048
25736,LOF,0.026022777342570004,0.17818127730656516,0.7957959453508648
25737,LOF,0.06162539211035331,0.15616622788961187,0.7822083800000349
25738,LOF,0.02717824869086875,0.1928478871641575,0.7799738641449737
25739,LOF,0.030702131455816493,0.1188813740769364,0.8504164944672472
25740,LOF,0.03299345002809286,0.16413303562482634,0.8028735143470808
25741,LOF,0.039429243705780846,0.14435991009083696,0.8162108462033824
25742,LOF,0.05140883473891154,0.15376480895864345,0.794826356302445
25743,LOF,0.012495724782006173,0.02440154504867465,0.9631027301693192
25744,LOF,0.20679134291789586,0.1853330242545377,0.6078756328275664
25745,LOF,0.03458496178041346,0.06522783289951,0.9001872053200766
25746,LOF,0.013903473856551418,0.09003762341909011,0.8960589027243585
25747,LOF,0.037827039788112485,0.026815633341719602,0.9353573268701679
25748,LOF,0.2747125800142239,0.04581116610429102,0.679476253881485
25749,LOF,0.015743694673124132,0.059086149305333645,0.9251701560215423
25750,LOF,0.020154836989415437,0.06309178003514536,0.9167533829754393
25751,LOF,0.04178570846732775,0.04000059061862866,0.9182137009140436
25752,GOF,0.0656924741330275,0.7352140016009099,0.1990935242660627
25753,LOF,0.006883962245975721,0.4826348615383318,0.5104811762156924
25754,GOF,0.006850833574372507,0.9076026447385717,0.08554652168705579
25755,LOF,0.006540123387205102,0.4930191712183276,0.5004407053944673
25756,GOF,0.021832842061795834,0.516487500090431,0.4616796578477732
25757,GOF,0.007677421091848327,0.8966261239778434,0.09569645493030848
25758,GOF,0.008246537510668296,0.9138118687688533,0.07794159372047839
25759,GOF,0.005983418994764621,0.7164520839221366,0.2775644970830988
25760,LOF,0.006027339004031311,0.356938540489723,0.6370341205062457
25761,GOF,0.04608096670114271,0.8743122908102836,0.07960674248857362
25762,LOF,0.02454639146079546,0.4509600644590823,0.5244935440801222
25763,LOF,0.005680103460813155,0.3510602345709142,0.6432596619682728
25764,GOF,0.05535934803884508,0.7355810163077265,0.20905963565342833
25765,GOF,0.007272169488443461,0.9031581311336251,0.08956969937793131
25766,GOF,0.024484972120635228,0.8672344562014788,0.10828057167788604
25767,GOF,0.01895167456108886,0.5862340798338991,0.39481424560501194
25768,LOF,0.05460122716901787,0.05315387790721689,0.8922448949237652
25769,LOF,0.040053934752926894,0.07189447582470776,0.8880515894223653
25770,LOF,0.14774163136422166,0.09483484072396099,0.7574235279118173
25771,LOF,0.01972830359238275,0.07878932456894837,0.9014823718386689
25772,LOF,0.03134173059186066,0.031225975589141405,0.937432293818998
25773,LOF,0.014990395774750784,0.08777715505803371,0.8972324491672156
25774,LOF,0.026860771170719992,0.15460485879332309,0.8185343700359569
25775,LOF,0.02197000671302835,0.05027680963994587,0.9277531836470259
25776,LOF,0.029086707484515775,0.020634108910929268,0.9502791836045549
25777,LOF,0.32201334960310146,0.08405605457115939,0.5939305958257391
25778,LOF,0.026936954263598337,0.059549458936603746,0.9135135867997979
25779,GOF,0.06809458384656739,0.8590384797105755,0.0728669364428571
25780,GOF,0.09047552621161357,0.843032592922158,0.06649188086622834
25781,GOF,0.037659426367538794,0.81821956649941,0.1441210071330512
25782,GOF,0.04467372480840256,0.883585057568353,0.07174121762324429
25783,GOF,0.03905794769311979,0.9033008923119151,0.0576411599949651
25784,GOF,0.12493174042420764,0.8232441330022208,0.05182412657357171
25785,GOF,0.14284341742094728,0.8157617320201488,0.04139485055890392
25786,GOF,0.012136564918117643,0.8350012341564228,0.15286220092545955
25787,GOF,0.29156955137070095,0.6521006729062314,0.05632977572306751
25788,LOF,0.01983962188713377,0.17113347599155943,0.8090269021213068
25789,GOF,0.024738001113852513,0.8147440436412713,0.16051795524487614
25790,GOF,0.03513461956941204,0.8710101991391848,0.09385518129140316
25791,GOF,0.03318348423773397,0.7072783912069304,0.25953812455533565
25792,GOF,0.041425372133106354,0.7616983573259074,0.19687627054098633
25793,GOF,0.05180320961416111,0.7880922726236411,0.16010451776219772
25794,GOF,0.0667178870741756,0.7061022794512434,0.22717983347458087
25795,GOF,0.06569125907798118,0.727375005499084,0.20693373542293497
25796,GOF,0.1523009624818472,0.7523920751085894,0.09530696240956325
25797,GOF,0.0724560333900146,0.6856620114746195,0.24188195513536595
25798,GOF,0.008008315302951688,0.7626758328943338,0.22931585180271452
25799,GOF,0.005169353413527283,0.6584046181212881,0.33642602846518477
25800,GOF,0.029885138437764445,0.8225643128820467,0.14755054868018885
25801,GOF,0.03138131980079213,0.8818657535321055,0.08675292666710215
25802,GOF,0.0364470949315953,0.7746248224206541,0.18892808264775054
25803,GOF,0.025657814581070942,0.7043648983875193,0.26997728703140983
25804,GOF,0.04179625057718172,0.7643804147155083,0.19382333470731
25805,GOF,0.03823187839573039,0.7924035182110349,0.16936460339323453
25806,GOF,0.05155015504983667,0.7983333466208815,0.1501164983292819
25807,GOF,0.016503361046954622,0.7376439301838134,0.24585270876923207
25808,GOF,0.03207200514547658,0.7529610991059053,0.21496689574861816
25809,GOF,0.013853672393699158,0.6983274836985502,0.2878188439077505
25810,GOF,0.011943823612367978,0.679530611960853,0.3085255644267791
25811,GOF,0.08727179321148093,0.8341737138682599,0.07855449292025922
25812,GOF,0.03780694702552711,0.7509652115637722,0.21122784141070075
25813,GOF,0.20315031276601275,0.7201618609408629,0.07668782629312441
25814,GOF,0.03476431396085719,0.7497249717954053,0.2155107142437374
25815,GOF,0.07032952297189118,0.7854042178192479,0.14426625920886088
25816,GOF,0.010557550993353334,0.8435961627797771,0.14584628622686963
25817,GOF,0.13691193275089122,0.7351458898525062,0.1279421773966026
25818,GOF,0.03282094943209629,0.7797772334680062,0.1874018170998975
25819,GOF,0.06325358591239488,0.7419699960100217,0.19477641807758356
25820,GOF,0.06418696734814745,0.7115166702871464,0.22429636236470613
25821,GOF,0.044245154153796505,0.753480009796951,0.2022748360492525
25822,GOF,0.08025334766320108,0.7238040223114955,0.1959426300253033
25823,GOF,0.03601528969657593,0.7096777080753887,0.25430700222803543
25824,GOF,0.04032102098216417,0.7549216216075294,0.2047573574103065
25825,GOF,0.031195093539266878,0.7488444240468255,0.21996048241390745
25826,GOF,0.013406929947265125,0.7111892660957696,0.2754038039569653
25827,GOF,0.020136222734542696,0.7049648681216214,0.27489890914383597
25828,GOF,0.012351376949995677,0.7542942690774992,0.23335435397250512
25829,GOF,0.005004428451296788,0.653324003859659,0.34167156768904416
25830,GOF,0.0447890039206011,0.4962617369319023,0.4589492591474966
25831,GOF,0.08261374645371349,0.7913186738329621,0.12606757971332452
25832,GOF,0.01282744570941395,0.7160107507597994,0.2711618035307867
25833,GOF,0.04706662303897534,0.7853679943303192,0.16756538263070547
25834,GOF,0.012938857533349404,0.7325090274898235,0.25455211497682706
25835,GOF,0.03201184525743601,0.8136459100355439,0.15434224470702018
25836,GOF,0.008890345801399486,0.735712202780235,0.25539745141836545
25837,GOF,0.009927262227168153,0.7360192643884585,0.25405347338437334
25838,GOF,0.02546294847001535,0.8046876880325562,0.16984936349742846
25839,GOF,0.05819531368404733,0.7649513228818673,0.17685336343408528
25840,GOF,0.09815746134403347,0.7326599817577358,0.16918255689823064
25841,GOF,0.08902916498972185,0.7767464675843662,0.13422436742591184
25842,GOF,0.032694200911605124,0.8575183825653285,0.10978741652306634
25843,GOF,0.031319140248012224,0.8637617390866028,0.10491912066538506
25844,GOF,0.026649632905798904,0.7937107817084037,0.17963958538579736
25845,GOF,0.007534802622769156,0.6938879128163533,0.2985772845608776
25846,GOF,0.08473506151453795,0.8215484453020866,0.09371649318337555
25847,GOF,0.018592770250539473,0.853624471039426,0.12778275871003453
25848,GOF,0.02920531686041303,0.8026888126342098,0.16810587050537704
25849,GOF,0.008661622397809992,0.7729687163948235,0.21836966120736656
25850,GOF,0.007938094936778065,0.6664356719913264,0.32562623307189553
25851,GOF,0.007257153606549053,0.6175235664229498,0.3752192799705011
25852,GOF,0.1488439492787124,0.5611891740418757,0.2899668766794119
25853,GOF,0.0741775807255782,0.753593832810364,0.17222858646405803
25854,GOF,0.006997300463460619,0.700196284560141,0.29280641497639825
25855,GOF,0.026075176647049426,0.637247027086806,0.3366777962661446
25856,GOF,0.05248224339769838,0.7128710201971923,0.2346467364051094
25857,GOF,0.02664668669660699,0.6318501276969398,0.34150318560645315
25858,GOF,0.010358055353464679,0.5931282111540698,0.3965137334924655
25859,GOF,0.007391041310629803,0.5712402511158976,0.4213687075734726
25860,GOF,0.10153845455018944,0.7247427945065898,0.17371875094322073
25861,GOF,0.13923409850956128,0.7819305307448735,0.07883537074556515
25862,GOF,0.028973795578159794,0.8790311765563622,0.0919950278654781
25863,GOF,0.024925005596571747,0.8595024442904683,0.11557255011296001
25864,GOF,0.0428452367358492,0.8668901748596036,0.09026458840454714
25865,GOF,0.04293166187514132,0.8426626208507938,0.11440571727406473
25866,GOF,0.02412520687405488,0.850868614682326,0.125006178443619
25867,GOF,0.04837462606301868,0.8441439501372525,0.10748142379972883
25868,GOF,0.08380377215214593,0.7673514930673035,0.1488447347805506
25869,GOF,0.34497198934773804,0.557921183492141,0.09710682716012096
25870,GOF,0.06840015991723894,0.5468834722333582,0.3847163678494029
25871,GOF,0.01081803722234906,0.7868429918187803,0.20233897095887077
25872,GOF,0.027401335285853264,0.794662762302184,0.1779359024119628
25873,GOF,0.02541090457618547,0.8579424400047193,0.11664665541909529
25874,LOF,0.01993797306947854,0.17219684798233642,0.807865178948185
25875,LOF,0.023887388413838223,0.11607507855997314,0.8600375330261888
25876,LOF,0.022181861284679954,0.06756815745302623,0.9102499812622938
25877,LOF,0.09667652261713662,0.21562557127411647,0.6876979061087469
25878,LOF,0.06395089802659529,0.28632316235803623,0.6497259396153685
25879,LOF,0.010579624467956116,0.17118597521325002,0.8182344003187938
25880,LOF,0.06582178341523577,0.024153263352358463,0.9100249532324057
25881,Neutral,0.5619380048763627,0.110701968983377,0.32736002614026016
25882,LOF,0.0579281126606209,0.025530073816975633,0.9165418135224035
25883,LOF,0.02967888789162578,0.027180623499294107,0.9431404886090801
25884,LOF,0.02082941510662589,0.03830040928050644,0.9408701756128678
25885,LOF,0.17485050160373228,0.01294612565333428,0.8122033727429334
25886,LOF,0.25309695323381987,0.058485470068684466,0.6884175766974956
25887,LOF,0.08985552917243161,0.16388499992110794,0.7462594709064605
25888,LOF,0.00872320418359381,0.212367931844253,0.7789088639721531
25889,LOF,0.0307089234931977,0.03299783408504789,0.9362932424217544
25890,LOF,0.1832222310456296,0.060220093729864074,0.7565576752245063
25891,LOF,0.10611618592829676,0.03761065885351266,0.8562731552181906
25892,LOF,0.008551132917360984,0.032093500252453534,0.9593553668301855
25893,LOF,0.30930739680147445,0.010032895411387433,0.6806597077871381
25894,LOF,0.34205026229624924,0.007064918815914767,0.650884818887836
25895,LOF,0.280501134422054,0.014306535088781545,0.7051923304891644
25896,LOF,0.09199448126445917,0.030297198963301963,0.8777083197722388
25897,LOF,0.13428504551360645,0.011243825369808625,0.854471129116585
25898,LOF,0.12820418885292087,0.028131922112719827,0.8436638890343594
25899,LOF,0.43285888333376465,0.031800886308913055,0.5353402303573223
25900,Neutral,0.7052073760551719,0.013407887847314276,0.28138473609751385
25901,LOF,0.10608218002285147,0.013112725685158042,0.8808050942919904
25902,LOF,0.10898120262918773,0.014560807421131755,0.8764579899496805
25903,LOF,0.1888978150336454,0.030686972380079395,0.7804152125862752
25904,Neutral,0.5568842836888954,0.04698593149406277,0.3961297848170418
25905,LOF,0.007790420204436687,0.3590007269372012,0.633208852858362
25906,LOF,0.009725572136879884,0.059349112221371625,0.9309253156417484
25907,LOF,0.009273140079941119,0.23927340118022922,0.7514534587398296
25908,LOF,0.009008294993326178,0.2378404000876659,0.753151304919008
25909,LOF,0.03334422455798368,0.08782926955648503,0.8788265058855314
25910,LOF,0.014384090698252236,0.10926473566604489,0.8763511736357028
25911,LOF,0.1864365323980694,0.018919384031673557,0.7946440835702571
25912,LOF,0.13088590921662235,0.02030912098885254,0.8488049697945251
25913,LOF,0.018701689304589614,0.030169263681061383,0.9511290470143491
25914,LOF,0.042924125424287016,0.027085678602647094,0.929990195973066
25915,LOF,0.2045010031348142,0.20207716477573465,0.5934218320894512
25916,LOF,0.012558114024184247,0.11084521055835338,0.8765966754174623
25917,LOF,0.06685019140513722,0.030557484946289012,0.9025923236485738
25918,LOF,0.03897222941749232,0.01640396122043933,0.9446238093620685
25919,LOF,0.03360324884813076,0.018004469317015017,0.9483922818348541
25920,LOF,0.31703656868958374,0.1801468436929952,0.5028165876174211
25921,LOF,0.019766832782801093,0.015617714348882915,0.964615452868316
25922,LOF,0.02063177223059558,0.01632015640451163,0.9630480713648927
25923,LOF,0.4462438961068126,0.011605879492208706,0.5421502244009788
25924,LOF,0.02894436887281108,0.017344724694892802,0.9537109064322962
25925,LOF,0.11415150677641583,0.02636897394667153,0.8594795192769126
25926,LOF,0.09620698408968444,0.018532241072775305,0.8852607748375403
25927,LOF,0.02858724677549697,0.025765529213617563,0.9456472240108855
25928,LOF,0.014706151072204502,0.014221268209046187,0.9710725807187492
25929,Neutral,0.5831180893676762,0.011402372479125638,0.4054795381531982
25930,LOF,0.10653054626758296,0.011443417027156698,0.8820260367052604
25931,LOF,0.016648336648067155,0.013561815380335745,0.9697898479715972
25932,LOF,0.09415473540920644,0.011739790068707689,0.8941054745220859
25933,LOF,0.09539487474396578,0.008134280966261146,0.8964708442897731
25934,LOF,0.09963827082605567,0.007477181135152059,0.8928845480387922
25935,LOF,0.11353507672243879,0.023117763045073812,0.8633471602324875
25936,LOF,0.09900519950711416,0.007401958802234846,0.893592841690651
25937,LOF,0.01584380760782488,0.017903953964250312,0.9662522384279247
25938,LOF,0.1126693358925941,0.021261278055854933,0.8660693860515509
25939,LOF,0.06245827075451029,0.010097486263901926,0.9274442429815878
25940,GOF,0.010336543127029309,0.5548825516339103,0.4347809052390603
25941,Neutral,0.5072646509069465,0.03484518737709296,0.45789016171596053
25942,LOF,0.012209914167058723,0.053872452581906406,0.9339176332510349
25943,LOF,0.06097433469493633,0.19950665026840078,0.7395190150366628
25944,LOF,0.050458320375603924,0.10765666794685466,0.8418850116775414
25945,LOF,0.19438610594737474,0.025878063007701572,0.7797358310449237
25946,LOF,0.08222470542865438,0.03466311356175292,0.8831121810095928
25947,Neutral,0.4895731589529165,0.14860027182584754,0.36182656922123607
25948,LOF,0.3816543592996918,0.015438235103843246,0.6029074055964649
25949,LOF,0.13973583519039356,0.06853340432255664,0.7917307604870498
25950,GOF,0.09128967423414218,0.6684934700280123,0.24021685573784543
25951,LOF,0.015207594971929668,0.47402239341216496,0.5107700116159054
25952,LOF,0.16306987450743432,0.28601015484533876,0.5509199706472269
25953,LOF,0.007402653701227696,0.31070048840470754,0.6818968578940647
25954,GOF,0.06765773255897446,0.4817629405749544,0.4505793268660711
25955,LOF,0.009566040838714417,0.34291837570985173,0.6475155834514339
25956,LOF,0.01057401200133612,0.39175767313771465,0.5976683148609493
25957,LOF,0.17404424946837257,0.04664730644779037,0.7793084440838369
25958,LOF,0.03039333187644937,0.06144944862310597,0.9081572195004447
25959,GOF,0.006471261315858974,0.7409862693768192,0.2525424693073219
25960,LOF,0.004935449429022619,0.1192509141496687,0.8758136364213087
25961,LOF,0.02504507804784473,0.054086600862151266,0.9208683210900039
25962,LOF,0.03750690606233749,0.087427700122643,0.8750653938150194
25963,LOF,0.009118178487936746,0.15297751475336463,0.8379043067586988
25964,LOF,0.04981591336343442,0.10903296793899135,0.8411511186975742
25965,LOF,0.17165238384618214,0.182468643192377,0.6458789729614408
25966,LOF,0.3200858647549774,0.09290402935794599,0.5870101058870767
25967,LOF,0.006571272482312283,0.09081153561058473,0.902617191907103
25968,LOF,0.045662811260712075,0.3421438229891584,0.6121933657501295
25969,LOF,0.12186410585106466,0.11692084533760917,0.7612150488113262
25970,LOF,0.05562852339876414,0.07273920366359823,0.8716322729376377
25971,LOF,0.06588895254712915,0.027469029084983648,0.9066420183678872
25972,LOF,0.07735545701322039,0.0321720569706682,0.8904724860161114
25973,LOF,0.07114379387579586,0.012175302289256708,0.9166809038349474
25974,LOF,0.06132511719151253,0.044757404599189726,0.8939174782092978
25975,LOF,0.033118156993056265,0.01447410666155305,0.9524077363453906
25976,LOF,0.09665830305192939,0.013258200125186007,0.8900834968228847
25977,LOF,0.23384164532147347,0.052095400423354,0.7140629542551724
25978,LOF,0.1584419792076244,0.13917567776892545,0.7023823430234503
25979,LOF,0.12016367950928239,0.14908640244653765,0.7307499180441801
25980,LOF,0.21780247147884874,0.2353744115847485,0.5468231169364028
25981,LOF,0.2188341766806252,0.23860695238524327,0.5425588709341315
25982,LOF,0.269373102750317,0.13464954996291068,0.5959773472867723
25983,LOF,0.433793734353548,0.13068762981909243,0.4355186358273595
25984,LOF,0.05450929481601021,0.07789294481765204,0.8675977603663378
25985,LOF,0.4207942887301149,0.13848889010725135,0.4407168211626339
25986,LOF,0.01185495621322415,0.421711447440722,0.566433596346054
25987,LOF,0.03554904908560141,0.09455525010100661,0.869895700813392
25988,LOF,0.060476532395009795,0.13014885718567515,0.809374610419315
25989,LOF,0.07050001827781521,0.2279188625022249,0.7015811192199599
25990,LOF,0.060179987794286786,0.33346937976308455,0.6063506324426287
25991,GOF,0.023645564696237013,0.5181194805025744,0.4582349548011886
25992,LOF,0.010964583289060935,0.4524714984939042,0.5365639182170349
25993,LOF,0.019421508002360324,0.05338297774732977,0.9271955142503099
25994,LOF,0.024232057006810085,0.06758478479345212,0.9081831581997378
25995,LOF,0.01760736537191238,0.10296686518023876,0.8794257694478488
25996,GOF,0.34159820671014063,0.39856062628834826,0.25984116700151116
25997,GOF,0.059979183750228454,0.5541986543974838,0.38582216185228774
25998,LOF,0.22571882291725653,0.03590986965158853,0.738371307431155
25999,LOF,0.02470333835646573,0.3136248879304678,0.6616717737130666
26000,LOF,0.15414392224202877,0.013685240387727737,0.8321708373702436
26001,LOF,0.16115267861131782,0.020854544676817487,0.8179927767118647
26002,LOF,0.10158002610199686,0.020200975034289824,0.8782189988637132
26003,GOF,0.006644543675177209,0.5609635825599171,0.43239187376490557
26004,GOF,0.01667412418495036,0.5741658210774455,0.4091600547376041
26005,LOF,0.005706445006414372,0.4798292177321176,0.514464337261468
26006,GOF,0.10883166561715062,0.5046474640789047,0.3865208703039446
26007,GOF,0.010898486306052267,0.5167847713408575,0.4723167423530902
26008,GOF,0.007176507914821044,0.5744384432233719,0.41838504886180694
26009,GOF,0.013013943323704516,0.621796199749689,0.3651898569266065
26010,GOF,0.009996993717972835,0.5390146887847158,0.4509883174973114
26011,LOF,0.006028219755100225,0.4113117420201379,0.5826600382247619
26012,GOF,0.005586564142537441,0.5185697782996467,0.4758436575578158
26013,LOF,0.00984147975391954,0.47512075164616197,0.5150377685999185
26014,LOF,0.04901740649115648,0.07776132636981839,0.8732212671390251
26015,LOF,0.33439289042789194,0.02482894153305236,0.6407781680390556
26016,LOF,0.26869731678797415,0.026136743862194205,0.7051659393498316
26017,LOF,0.018575481785220418,0.11117429390345814,0.8702502243113215
26018,LOF,0.035800347024611115,0.06143626287860295,0.902763390096786
26019,LOF,0.035221932476202845,0.05241655287786628,0.912361514645931
26020,LOF,0.007188650467717972,0.11558479327307954,0.8772265562592025
26021,LOF,0.08092673593159332,0.0572382162500964,0.8618350478183103
26022,LOF,0.04212745601346647,0.021203566489714852,0.9366689774968185
26023,LOF,0.026887121067892768,0.03660595912753122,0.936506919804576
26024,LOF,0.055333175344246616,0.03519244198434104,0.9094743826714125
26025,LOF,0.15581248588147933,0.040359279952717694,0.803828234165803
26026,LOF,0.13640286172938001,0.031155162097082877,0.832441976173537
26027,LOF,0.03399913793301046,0.021371047107582034,0.9446298149594075
26028,LOF,0.08178699528380842,0.19029330946111714,0.7279196952550744
26029,LOF,0.027756005230945357,0.20667668992021143,0.7655673048488432
26030,LOF,0.11776357749129582,0.028458594340966713,0.8537778281677374
26031,LOF,0.01324792194830198,0.21114957242650012,0.7756025056251978
26032,LOF,0.03870716373103632,0.047313577109779494,0.9139792591591842
26033,LOF,0.038002635888961474,0.05450149372903501,0.9074958703820035
26034,LOF,0.017238090133476266,0.14900197893995534,0.8337599309265684
26035,LOF,0.011182850868564064,0.1671654628210461,0.8216516863103899
26036,LOF,0.010646276647982948,0.13356911988353032,0.8557846034684867
26037,LOF,0.010486594088938749,0.1413806412159668,0.8481327646950945
26038,LOF,0.03229047828441411,0.04332468600562368,0.9243848357099623
26039,LOF,0.029990206988558206,0.19408812524652763,0.7759216677649141
26040,LOF,0.0811505535571459,0.1637329218737165,0.7551165245691377
26041,LOF,0.012693779823895602,0.14778613533097743,0.8395200848451269
26042,LOF,0.011687754899483333,0.15447847624800345,0.8338337688525131
26043,LOF,0.03432973626640144,0.0823603585667355,0.883309905166863
26044,LOF,0.007402145647043626,0.07539318664848654,0.9172046677044697
26045,LOF,0.07405383544197996,0.3083962348930863,0.6175499296649337
26046,LOF,0.02949806889565915,0.05379388712467766,0.9167080439796631
26047,LOF,0.0660349129725771,0.05192891670946266,0.8820361703179602
26048,LOF,0.07316999678117274,0.035125599381524555,0.8917044038373027
26049,Neutral,0.9451036960971922,0.007161142856383093,0.047735161046424675
26050,Neutral,0.9021618045547398,0.00840849047091712,0.08942970497434323
26051,LOF,0.027418714044264415,0.3576575387949367,0.6149237471607989
26052,LOF,0.02819540430860714,0.29975570206080937,0.6720488936305836
26053,LOF,0.02009349629498057,0.19941621776988822,0.7804902859351313
26054,LOF,0.0546874121936407,0.04242103850950803,0.9028915492968512
26055,LOF,0.07474076990638555,0.04038940089502951,0.8848698291985849
26056,LOF,0.06707296126442118,0.04216026204189113,0.8907667766936876
26057,LOF,0.0679721969671055,0.02861020379814449,0.9034175992347501
26058,LOF,0.07601404463331109,0.022563335191483527,0.9014226201752054
26059,LOF,0.2062522463901712,0.06571191657558041,0.7280358370342485
26060,LOF,0.01723253463024565,0.2090761713136362,0.7736912940561183
26061,LOF,0.011615483584076831,0.014890456453370293,0.973494059962553
26062,LOF,0.005756043463354264,0.027023193134335953,0.9672207634023098
26063,LOF,0.051921831834993534,0.0173718722247626,0.9307062959402439
26064,LOF,0.0074610374881235245,0.021205256246794115,0.9713337062650823
26065,LOF,0.07099692956006044,0.027749967985103808,0.9012531024548357
26066,LOF,0.06296361633826633,0.01956311008038083,0.9174732735813528
26067,LOF,0.055992083370880706,0.016985442944372143,0.9270224736847471
26068,LOF,0.05436194615922329,0.03622094535778781,0.909417108482989
26069,LOF,0.21013365647431267,0.026679728188928,0.7631866153367592
26070,LOF,0.446352047943722,0.01715653420673433,0.5364914178495437
26071,LOF,0.05446379178748299,0.019962581929676697,0.9255736262828402
26072,LOF,0.007344065723449805,0.0190724483930826,0.9735834858834675
26073,LOF,0.04866897224178839,0.017844004916983628,0.933487022841228
26074,Neutral,0.6620559135005545,0.014537056208236485,0.32340703029120904
26075,LOF,0.043543267284435805,0.024375893437867908,0.9320808392776962
26076,LOF,0.046313210809293154,0.019912536665188912,0.933774252525518
26077,LOF,0.15712648585467107,0.015809142329194573,0.8270643718161343
26078,LOF,0.006357379136201794,0.03848812755683345,0.9551544933069647
26079,LOF,0.06058367192287557,0.025771932451133323,0.9136443956259912
26080,LOF,0.059447241320275,0.025887864084846265,0.9146648945948787
26081,LOF,0.048777374152665344,0.01762091252384325,0.9336017133234915
26082,LOF,0.006623200577576527,0.02257628292979254,0.9708005164926309
26083,LOF,0.11749014357827493,0.03123732288618811,0.8512725335355369
26084,LOF,0.1570787009978398,0.026518896722496937,0.8164024022796633
26085,LOF,0.13972563390187268,0.021815342901458996,0.8384590231966684
26086,LOF,0.04536823894926235,0.02478752986100525,0.9298442311897324
26087,LOF,0.050037724128120104,0.02125906551924734,0.9287032103526325
26088,LOF,0.007038772043560219,0.04443009694596839,0.9485311310104714
26089,LOF,0.041500361219160085,0.03427631819969867,0.9242233205811412
26090,LOF,0.04089055211148054,0.03130574916384026,0.9278036987246793
26091,LOF,0.03378491616626072,0.016822962852514153,0.9493921209812252
26092,LOF,0.04476821562065762,0.01462200919755683,0.9406097751817856
26093,LOF,0.06776676116933507,0.009840962819397524,0.9223922760112673
26094,LOF,0.041402428704227306,0.012633810812793377,0.9459637604829793
26095,LOF,0.012694472576751957,0.02671267554092669,0.9605928518823214
26096,LOF,0.2624992598874783,0.005310711241217701,0.732190028871304
26097,LOF,0.006461641827376745,0.052047747541445526,0.9414906106311778
26098,LOF,0.05321469378533651,0.026759303270304347,0.9200260029443592
26099,LOF,0.05539141649187145,0.035178138968024686,0.9094304445401038
26100,LOF,0.055269356799928664,0.0351826845892275,0.9095479586108437
26101,LOF,0.05212852327257325,0.05128213731976447,0.8965893394076623
26102,LOF,0.041321345214334435,0.02665687856191223,0.9320217762237534
26103,Neutral,0.8952492672886724,0.03837698347525701,0.06637374923607066
26104,LOF,0.05233261555296858,0.06021224321474191,0.8874551412322895
26105,LOF,0.24392723134435002,0.07663426556117747,0.6794385030944725
26106,LOF,0.25465908783637003,0.041756302793965624,0.7035846093696644
26107,LOF,0.014857456312926724,0.07018040054670302,0.9149621431403702
26108,LOF,0.16903885520378778,0.05847923941828332,0.7724819053779289
26109,LOF,0.05820837290872918,0.0656998723167915,0.8760917547744792
26110,LOF,0.41397571236299874,0.013798466120537761,0.5722258215164635
26111,LOF,0.07721400803718911,0.07335780594752664,0.8494281860152841
26112,LOF,0.0675371667532896,0.01423519732299059,0.9182276359237199
26113,LOF,0.1202517185065143,0.030277326612763684,0.8494709548807221
26114,LOF,0.10313715554665553,0.011102383753123179,0.8857604607002212
26115,LOF,0.021213001234648105,0.06870658596654824,0.9100804127988037
26116,LOF,0.08028856266345637,0.024194979897690313,0.8955164574388533
26117,LOF,0.3820154588917296,0.03641516385212885,0.5815693772561416
26118,LOF,0.041468704611183335,0.02026420343209765,0.938267091956719
26119,LOF,0.00598436339438991,0.08563106357542939,0.9083845730301806
26120,LOF,0.03278814436782381,0.0161259411656419,0.9510859144665343
26121,LOF,0.004455226278624968,0.11723277917557319,0.8783119945458018
