feature0,prediction,LoGoFunc_Neutral,LoGoFunc_GOF,LoGoFunc_LOF
25546,Neutral,0.665062046760842,0.06749228833539953,0.2674456649037585
25547,Neutral,0.5243645321258033,0.16241317415115997,0.3132222937230368
25548,Neutral,0.4832207337674155,0.11955016149333186,0.39722910473925277
25549,Neutral,0.45343031695323305,0.12607875762825416,0.42049092541851285
25550,LOF,0.357440564613655,0.13441620406614027,0.5081432313202047
25551,LOF,0.26479942898123193,0.13422209647029285,0.6009784745484753
25552,LOF,0.16516313543185748,0.13211606266906323,0.7027208018990793
25553,Neutral,0.8273409965215376,0.033974613643535996,0.13868438983492637
25554,LOF,0.18824206652629255,0.1546990104933305,0.6570589229803769
25555,LOF,0.15700344667476784,0.13189571249609194,0.7111008408291403
25556,Neutral,0.5325414808581153,0.11466003406973604,0.35279848507214884
25557,LOF,0.16350859007565582,0.14691743643098112,0.689573973493363
25558,LOF,0.20167652022773114,0.16936557459228022,0.6289579051799886
25559,Neutral,0.5742708304518739,0.04544221298303677,0.3802869565650894
25560,LOF,0.04785208066404127,0.1653150239673715,0.7868328953685872
25561,LOF,0.11760274097069587,0.18800168320479246,0.6943955758245116
25562,LOF,0.1428122171708666,0.05013316875129344,0.80705461407784
25563,LOF,0.12392071776992246,0.06976855346432331,0.8063107287657543
25564,LOF,0.08209919410839739,0.10097821215659555,0.8169225937350071
25565,LOF,0.11876446496757985,0.3410328305894867,0.5402027044429335
25566,LOF,0.03184927554439818,0.43999793938329906,0.5281527850723027
25567,LOF,0.013054147692921892,0.07445618995313626,0.9124896623539419
25568,LOF,0.08096708585304466,0.03647693436799066,0.8825559797789647
25569,LOF,0.15166391925576647,0.027203092254919323,0.8211329884893143
25570,LOF,0.08177290395480445,0.04759218777435505,0.8706349082708406
25571,LOF,0.10371109651422022,0.03825950950379921,0.8580293939819806
25572,LOF,0.04986284132044053,0.050036473882988854,0.9001006847965707
25573,LOF,0.024668850382654213,0.04805635793466551,0.9272747916826802
25574,LOF,0.012876471521282221,0.16531565457240743,0.8218078739063104
25575,LOF,0.0813275099317446,0.019012394731764047,0.8996600953364914
25576,LOF,0.019723789779227383,0.02015911897501349,0.9601170912457591
25577,LOF,0.012684808662996134,0.02388073877633117,0.9634344525606726
25578,LOF,0.3604422985159438,0.05631829356015681,0.5832394079238995
25579,LOF,0.29527146660035414,0.05393602942867588,0.65079250397097
25580,LOF,0.048849763760941876,0.02126039581278721,0.9298898404262708
25581,LOF,0.06449235185918324,0.06122961480238317,0.8742780333384336
25582,LOF,0.0640868604388194,0.04561775992579985,0.8902953796353807
25583,LOF,0.055717725475661714,0.019688027275300352,0.9245942472490378
25584,Neutral,0.5042250555535296,0.04115284962244885,0.45462209482402155
25585,LOF,0.03299378343947196,0.020079452845464037,0.9469267637150639
25586,LOF,0.04837162439961117,0.01956791652898867,0.9320604590714001
25587,LOF,0.03723676590503681,0.016418843301242738,0.9463443907937205
25588,LOF,0.03894671954933139,0.02112664003098957,0.939926640419679
25589,Neutral,0.6990606245408957,0.046418738870744713,0.25452063658835955
25590,LOF,0.023547672299984546,0.058776184599951695,0.9176761431000638
25591,LOF,0.10346794345804806,0.0264566491698301,0.8700754073721219
25592,LOF,0.1867707694862356,0.04809914620001194,0.7651300843137524
25593,LOF,0.015512071618545977,0.27363677716565515,0.7108511512157989
25594,LOF,0.0549876800448431,0.10087987620273152,0.8441324437524254
25595,LOF,0.09960141339755003,0.14745930123880155,0.7529392853636484
25596,LOF,0.09658338119799935,0.08581489474050658,0.8176017240614941
25597,LOF,0.07947425999467163,0.0361716028181062,0.8843541371872222
25598,LOF,0.13763515920621422,0.11470342899170506,0.7476614118020807
25599,LOF,0.013168941501590554,0.29639160490239486,0.6904394535960146
25600,LOF,0.02068301710402919,0.3914130309516364,0.5879039519443344
25601,LOF,0.00906040737282789,0.177299885106629,0.8136397075205433
25602,LOF,0.02154628498993192,0.07532432507441623,0.9031293899356517
25603,LOF,0.03482645520892691,0.05671609995556616,0.9084574448355069
25604,LOF,0.037142027467919586,0.07638262362469901,0.8864753489073813
25605,LOF,0.013032098159490524,0.25670305795181725,0.7302648438886923
25606,LOF,0.08026633497653472,0.31864524963623886,0.6010884153872265
25607,LOF,0.0030935455979622635,0.16111019416086986,0.8357962602411678
25608,LOF,0.06811864072611234,0.038849411305831034,0.8930319479680567
25609,LOF,0.08822017725970889,0.15289564667851746,0.7588841760617736
25610,LOF,0.04064473471031408,0.08427782691828112,0.8750774383714047
25611,LOF,0.06049204249243535,0.04205789855609432,0.8974500589514703
25612,LOF,0.19486469889860952,0.046982606930429716,0.7581526941709608
25613,LOF,0.0917285295060053,0.06501445736750104,0.8432570131264937
25614,LOF,0.03611932883763996,0.09364467399513499,0.870235997167225
25615,LOF,0.06604071093346604,0.0859599382864197,0.8479993507801143
25616,LOF,0.026528372845747536,0.14780996150361084,0.8256616656506417
25617,LOF,0.046386434771552076,0.07415334696558622,0.8794602182628618
25618,LOF,0.1708895575408412,0.22037781040891316,0.6087326320502457
25619,LOF,0.03882316378809931,0.11910848963074923,0.8420683465811515
25620,LOF,0.03699403444600634,0.11670873379124991,0.8462972317627436
25621,LOF,0.03212763979877946,0.05899817755108389,0.9088741826501366
25622,LOF,0.02312380265013754,0.09887236090627156,0.8780038364435909
25623,LOF,0.03872337283374319,0.13313473379196886,0.828141893374288
25624,LOF,0.030084768977360107,0.14030016324654057,0.8296150677760994
25625,LOF,0.03457243792471147,0.10074140991458669,0.8646861521607019
25626,LOF,0.10363238281906671,0.04727535097301916,0.8490922662079141
25627,LOF,0.4175788406630932,0.12006256110957877,0.462358598227328
25628,LOF,0.1806119531634267,0.03469131242051947,0.7846967344160538
25629,LOF,0.09199187829484319,0.03586779474943637,0.8721403269557204
25630,LOF,0.16567658117049716,0.04339484779475304,0.7909285710347497
25631,Neutral,0.5595578600613603,0.06055951123235918,0.37988262870628053
25632,LOF,0.017676293335835872,0.14910113951997733,0.8332225671441869
25633,LOF,0.23333799578133124,0.34554897019804437,0.42111303402062433
25634,LOF,0.057244827306139584,0.20539920941499828,0.7373559632788621
25635,LOF,0.044062921373856666,0.17780197470891668,0.7781351039172266
25636,LOF,0.00539342342897931,0.4698583803530627,0.5247481962179581
25637,LOF,0.004728086662506121,0.2632403461994129,0.7320315671380809
25638,LOF,0.006168642107736476,0.28750128148384835,0.706330076408415
25639,LOF,0.004750117636937375,0.26648722412690623,0.7287626582361564
25640,GOF,0.43586911106331994,0.47742148097954246,0.08670940795713765
25641,LOF,0.00791389544049404,0.2271732767600763,0.7649128277994297
25642,LOF,0.2247664619417585,0.03265665091256008,0.7425768871456815
25643,LOF,0.21061225442568082,0.026093632197023573,0.7632941133772956
25644,LOF,0.011700664486415926,0.37342452353280986,0.6148748119807742
25645,LOF,0.009792238660909077,0.4602124854207786,0.5299952759183124
25646,LOF,0.010959022490276742,0.287363841475135,0.7016771360345883
25647,LOF,0.010547963930760166,0.2653951233075993,0.7240569127616405
25648,LOF,0.007274085164998567,0.28316269897524526,0.7095632158597562
25649,LOF,0.007864043045599511,0.1940174249282508,0.7981185320261498
25650,LOF,0.023114936520382958,0.37639996352099164,0.6004850999586254
25651,LOF,0.006748839369531403,0.20894389783863665,0.7843072627918319
25652,LOF,0.011270752576753225,0.36559387056505505,0.6231353768581918
25653,LOF,0.04700934028359201,0.4653534448910324,0.4876372148253755
25654,LOF,0.0070031735376361315,0.39306603981414456,0.5999307866482193
25655,GOF,0.0846808096212416,0.5324214132063702,0.38289777717238827
25656,LOF,0.06958167406092504,0.1484942574950824,0.7819240684439924
25657,LOF,0.2593714024356294,0.03840015418634952,0.7022284433780211
25658,LOF,0.024408762624398395,0.21452529334951506,0.7610659440260865
25659,LOF,0.17838672721902413,0.16554977017982672,0.6560635026011491
25660,LOF,0.10928111780355221,0.10788695207323103,0.7828319301232167
25661,LOF,0.07135825910281582,0.09539178901831272,0.8332499518788715
25662,LOF,0.04857675145910496,0.08710277749185279,0.8643204710490422
25663,LOF,0.04594483380187341,0.15912737638139623,0.7949277898167304
25664,LOF,0.024717750535393674,0.18265505442762656,0.7926271950369799
25665,LOF,0.04867471813039897,0.09065481370773218,0.8606704681618689
25666,LOF,0.031401293447469045,0.25062732864440534,0.7179713779081256
25667,LOF,0.043515693813441766,0.03970091482558578,0.9167833913609724
25668,LOF,0.04212501663372856,0.0888020241162524,0.869072959250019
25669,LOF,0.03226022582204274,0.11487292331251282,0.8528668508654446
25670,LOF,0.06325475529135079,0.09990322643890436,0.8368420182697448
25671,LOF,0.06115311841836987,0.05476754965304352,0.8840793319285866
25672,LOF,0.06926292652745192,0.05308731059385638,0.8776497628786917
25673,LOF,0.03575818160728841,0.08051593686297982,0.8837258815297319
25674,LOF,0.02410640156639093,0.12175143478616317,0.8541421636474459
25675,LOF,0.03222489796884757,0.07218908361728893,0.8955860184138635
25676,LOF,0.04442461966724508,0.1059603631271568,0.8496150172055981
25677,LOF,0.08640715176733586,0.059233426047155764,0.8543594221855083
25678,LOF,0.17821195270549522,0.07764074349499833,0.7441473037995066
25679,LOF,0.11057116637476716,0.11727095184812254,0.7721578817771102
25680,LOF,0.1255003746578991,0.12574937197182665,0.7487502533702742
25681,LOF,0.13130632390333827,0.134410131211954,0.7342835448847077
25682,LOF,0.052693486574515426,0.06259408963886273,0.8847124237866218
25683,LOF,0.070422575630899,0.11219321643191106,0.81738420793719
25684,LOF,0.07045101608139737,0.10720140841935273,0.82234757549925
25685,LOF,0.10673948059796098,0.026748967953299004,0.8665115514487399
25686,LOF,0.02763130940474631,0.09685226887495883,0.8755164217202948
25687,LOF,0.04589191715457069,0.10608706273031743,0.8480210201151119
25688,LOF,0.02146074490245891,0.2929957087297586,0.6855435463677826
25689,LOF,0.01316679424723757,0.14301459332382513,0.8438186124289373
25690,LOF,0.017526189447824827,0.2819254323890796,0.7005483781630956
25691,GOF,0.12357593326025147,0.4737583925895228,0.4026656741502258
25692,LOF,0.35199959349829607,0.018818321804192874,0.629182084697511
25693,LOF,0.04251217708081671,0.4064701292127443,0.551017693706439
25694,LOF,0.23906357240477752,0.027904702028536284,0.7330317255666862
25695,LOF,0.15969696963701108,0.049085522918813684,0.7912175074441753
25696,LOF,0.07207255029534924,0.06581054096022351,0.8621169087444271
25697,LOF,0.06320105294461409,0.05196195325046744,0.8848369938049185
25698,LOF,0.015122880523972275,0.4877028685051261,0.49717425097090145
25699,LOF,0.06861481907136342,0.24011458357065094,0.6912705973579857
25700,LOF,0.06038675521249107,0.0367894655876307,0.9028237791998783
25701,LOF,0.011949113546200112,0.31407196117232006,0.6739789252814797
25702,GOF,0.030017202271860804,0.5114636804725786,0.45851911725556066
25703,LOF,0.01586176731568226,0.09743943978243318,0.8866987929018846
25704,LOF,0.06160325042417589,0.10223428815840081,0.8361624614174232
25705,LOF,0.12143287332553084,0.202691608445933,0.6758755182285361
25706,GOF,0.019915546790908765,0.6800947892235956,0.29998966398549565
25707,GOF,0.021810312790072593,0.5092956813847768,0.4688940058251507
25708,GOF,0.007157946490553965,0.6656311018953434,0.32721095161410263
25709,LOF,0.05567245843344561,0.08401624694688097,0.8603112946196734
25710,LOF,0.007758093841221137,0.1801908007799867,0.8120511053787922
25711,LOF,0.05478307012451847,0.11122086442465336,0.8339960654508283
25712,LOF,0.01146149752013535,0.18036297315313177,0.8081755293267329
25713,LOF,0.046733576004703785,0.11647595099807417,0.836790472997222
25714,LOF,0.03843319134034445,0.24275406311305187,0.7188127455466037
25715,LOF,0.042526183270784224,0.1386721191557967,0.8188016975734191
25716,LOF,0.007012477428656206,0.06631124911795208,0.9266762734533917
25717,LOF,0.006487770150607252,0.05685603775794565,0.936656192091447
25718,LOF,0.04451383956379215,0.05559645234923389,0.899889708086974
25719,LOF,0.04811631707419163,0.1303587303309526,0.8215249525948558
25720,LOF,0.04864752904887157,0.14197016775556268,0.8093823031955658
25721,LOF,0.05565124844888508,0.07402912781860367,0.8703196237325111
25722,LOF,0.04121851621758963,0.12131279333493196,0.8374686904474784
25723,LOF,0.0647566089987534,0.1372818969476591,0.7979614940535874
25724,LOF,0.06759437569348185,0.3286144882530572,0.603791136053461
25725,LOF,0.06160493792284346,0.12362669412514689,0.8147683679520096
25726,LOF,0.0526266888718581,0.10103748067459645,0.8463358304535455
25727,LOF,0.07079979713114837,0.09211248948318991,0.8370877133856618
25728,LOF,0.047948596497445206,0.17305090296827141,0.7790005005342833
25729,LOF,0.055315057928016075,0.18212196585018103,0.7625629762218029
25730,LOF,0.06768335355512663,0.12419060053183133,0.808126045913042
25731,LOF,0.010031702985962026,0.07875717580846057,0.9112111212055773
25732,LOF,0.030416285046632786,0.08366629278801568,0.8859174221653516
25733,LOF,0.04023941560229857,0.16553475876089685,0.7942258256368045
25734,LOF,0.006772797116688138,0.21658437947564468,0.7766428234076672
25735,LOF,0.0394073380167411,0.1111372491988724,0.8494554127843865
25736,LOF,0.04400634245272223,0.16155485133393518,0.7944388062133426
25737,LOF,0.07283786066728726,0.11159318038694875,0.815568958945764
25738,LOF,0.05205535841257493,0.21867931553405537,0.7292653260533697
25739,LOF,0.040649440689415256,0.15762970535135076,0.801720853959234
25740,LOF,0.07092664780757722,0.13115306076777164,0.7979202914246513
25741,LOF,0.06101811306910027,0.13227967451508352,0.8067022124158163
25742,LOF,0.07287281211433139,0.14223636822011892,0.7848908196655496
25743,LOF,0.010884583697053262,0.022717644397452573,0.9663977719054943
25744,LOF,0.13030644431320562,0.2266230322080683,0.6430705234787262
25745,LOF,0.024614670022533144,0.09562299046890052,0.8797623395085663
25746,LOF,0.014238692319843158,0.11046659373900021,0.8752947139411565
25747,LOF,0.04289705184845926,0.033338337983078996,0.9237646101684618
25748,LOF,0.2628323962277169,0.11733000412653616,0.6198375996457468
25749,LOF,0.01693203129048048,0.12103015119606604,0.8620378175134535
25750,LOF,0.016549709267068512,0.13914899385875812,0.8443012968741733
25751,LOF,0.029382749894257487,0.1936507311133268,0.7769665189924158
25752,GOF,0.09481352585139396,0.6757379154480675,0.2294485587005386
25753,LOF,0.007617793493736517,0.3940417291291021,0.5983404773771613
25754,GOF,0.010305308979252982,0.892169902761855,0.09752478825889206
25755,LOF,0.009351124598925042,0.4301470111648239,0.560501864236251
25756,GOF,0.025893066871811258,0.5276687479200108,0.44643818520817796
25757,GOF,0.009927381937379466,0.8266862320555108,0.16338638600710967
25758,GOF,0.011628328376235165,0.8561439779996106,0.13222769362415426
25759,GOF,0.007395865922604306,0.6485288280129999,0.3440753060643958
25760,LOF,0.0068448565365697095,0.33019796724330136,0.662957176220129
25761,GOF,0.0572673805286764,0.8575445310828551,0.0851880883884684
25762,LOF,0.025579988690092995,0.48602817863036646,0.48839183267954056
25763,LOF,0.007150742380088451,0.24788305160360966,0.7449662060163019
25764,GOF,0.08778883263702122,0.6967972937900002,0.21541387357297853
25765,GOF,0.011171068828296379,0.8965751486898208,0.09225378248188282
25766,GOF,0.030078011074450073,0.8442910874392487,0.12563090148630102
25767,GOF,0.008714779018660291,0.6393200523949558,0.3519651685863839
25768,LOF,0.05947572550987251,0.06764969975023566,0.8728745747398918
25769,LOF,0.030423304230770224,0.2127609076779771,0.7568157880912528
25770,Neutral,0.5026621040578882,0.19265326308671576,0.304684632855396
25771,LOF,0.021856349815141844,0.10374102569788388,0.8744026244869743
25772,LOF,0.04447076539935545,0.14591630876508002,0.8096129258355645
25773,LOF,0.01744079295045907,0.2526240152465093,0.7299351918030316
25774,LOF,0.030007385851060733,0.3734278917360555,0.5965647224128838
25775,LOF,0.021076189215691397,0.08647426181043176,0.8924495489738767
25776,LOF,0.029094672669055632,0.1390587227241683,0.8318466046067761
25777,LOF,0.08262983972659554,0.2867118708474512,0.6306582894259531
25778,LOF,0.03701788773486372,0.1753172657946159,0.7876648464705203
25779,GOF,0.09477540822654389,0.605072424208535,0.3001521675649211
25780,GOF,0.09576643715700793,0.5941937858852586,0.31003977695773344
25781,GOF,0.03747498331609569,0.5305445460437175,0.4319804706401869
25782,GOF,0.03749460817418038,0.6689034580800487,0.29360193374577087
25783,GOF,0.0828825206174303,0.6620266684276038,0.2550908109549659
25784,GOF,0.19568907150727624,0.6346331535004616,0.16967777499226208
25785,GOF,0.23469134071143158,0.5590127357752104,0.20629592351335807
25786,LOF,0.018439220252561523,0.3302817488215037,0.6512790309259348
25787,Neutral,0.4165151084608227,0.359230619667762,0.2242542718714154
25788,LOF,0.033915345292281754,0.04560871254589914,0.9204759421618192
25789,GOF,0.026529513222515934,0.5800925991137436,0.39337788766374054
25790,LOF,0.046031073668789994,0.4487848550150028,0.5051840713162072
25791,GOF,0.036212735904860245,0.515593198944983,0.44819406515015675
25792,GOF,0.04382060606495602,0.5676371788881928,0.3885422150468512
25793,GOF,0.08957301225284386,0.4767359160089949,0.4336910717381611
25794,LOF,0.09502021695434218,0.32351416853095527,0.5814656145147026
25795,LOF,0.09003261715618822,0.3906082495691395,0.5193591332746723
25796,LOF,0.2069018217565033,0.3068137856727414,0.4862843925707552
25797,LOF,0.0743153382549198,0.35187608536847603,0.5738085763766042
25798,GOF,0.010163223754971572,0.6156002407737795,0.37423653547124897
25799,GOF,0.0062903467556593125,0.4987672065279821,0.4949424467163586
25800,GOF,0.03794656700168176,0.6982480011225204,0.26380543187579786
25801,GOF,0.038150748375497534,0.5763025914492802,0.38554666017522216
25802,GOF,0.041619275113763135,0.5652357894522907,0.39314493543394624
25803,LOF,0.039872496888913464,0.41903028619283883,0.5410972169182477
25804,LOF,0.0745703668954931,0.3662787488805869,0.5591508842239199
25805,GOF,0.04663875760579663,0.5153277551880887,0.43803348720611474
25806,GOF,0.05950562919231097,0.5115876351872614,0.4289067356204277
25807,LOF,0.023247758276560403,0.4373110497106085,0.5394411920128311
25808,GOF,0.047784127860828536,0.5514830115761955,0.40073286056297586
25809,LOF,0.02199540095868448,0.42648303633085966,0.5515215627104558
25810,LOF,0.019198330042210155,0.45581783053572444,0.5249838394220654
25811,GOF,0.1190049532133092,0.6397296421430784,0.24126540464361235
25812,LOF,0.06451815096229238,0.3971923176535997,0.5382895313841078
25813,GOF,0.30899608888680724,0.4097080156951966,0.28129589541799616
25814,LOF,0.06566647123352372,0.4451501374015335,0.4891833913649428
25815,GOF,0.10055052125354719,0.5476580684941356,0.35179141025231736
25816,GOF,0.0142421217710434,0.518645850991643,0.46711202723731365
25817,LOF,0.1799895197641965,0.38851401492821724,0.43149646530758634
25818,GOF,0.041742571485110694,0.5363341451383129,0.4219232833765764
25819,LOF,0.08100593184572365,0.3982343337675305,0.5207597343867458
25820,LOF,0.0915365754353648,0.3596797659626281,0.5487836586020072
25821,LOF,0.06451804450323316,0.4000054879219355,0.5354764675748314
25822,LOF,0.1295211400010175,0.3223472475339013,0.5481316124650812
25823,LOF,0.071628498231134,0.2881261882455232,0.6402453135233428
25824,GOF,0.04990707063513996,0.576260509906946,0.3738324194579141
25825,GOF,0.0344411353952993,0.5964824019577335,0.3690764626469672
25826,LOF,0.015629967048220412,0.4529245898441363,0.5314454431076433
25827,GOF,0.02822973538398341,0.5434171222121063,0.42835314240391026
25828,GOF,0.017957133133809217,0.5095844764771573,0.47245839038903337
25829,LOF,0.007353562090351241,0.26856263030257604,0.7240838076070727
25830,LOF,0.13167797399878375,0.1196847596761435,0.7486372663250728
25831,GOF,0.11194394553365139,0.6441536000913324,0.24390245437501631
25832,LOF,0.013290177960919783,0.4502208249244766,0.5364889971146036
25833,GOF,0.04687714187946304,0.5709306013480888,0.3821922567724481
25834,LOF,0.013213826780617772,0.46450342140087,0.5222827518185122
25835,GOF,0.0449532435802855,0.6728981854730028,0.2821485709467117
25836,GOF,0.010801513109063837,0.5397131441148193,0.449485342776117
25837,LOF,0.018443734983808847,0.45946253489367284,0.5220937301225184
25838,GOF,0.04045619268031751,0.6131793037051497,0.34636450361453264
25839,GOF,0.13899781532595737,0.46063306085173134,0.4003691238223113
25840,GOF,0.13695894161875793,0.5421565899749068,0.3208844684063353
25841,GOF,0.1106112602280913,0.614070633325571,0.2753181064463376
25842,GOF,0.042668726089486526,0.6794739574702777,0.27785731644023565
25843,GOF,0.037309044752224664,0.6711365191736097,0.29155443607416553
25844,GOF,0.03444041076606063,0.557892566734258,0.4076670224996813
25845,LOF,0.01052287189136402,0.3666412243624879,0.622835903746148
25846,GOF,0.10609385550814814,0.6673094421374909,0.2265967023543611
25847,GOF,0.031080431202566944,0.6403123943453984,0.32860717445203463
25848,GOF,0.0299927773156234,0.6158671907542977,0.35414003193007887
25849,GOF,0.009351170060452147,0.5539314440028641,0.43671738593668374
25850,LOF,0.012047247110209268,0.3916196262701008,0.59633312661969
25851,LOF,0.011087156342625725,0.31116022271486066,0.6777526209425135
25852,LOF,0.2221911302028365,0.3226355250169986,0.4551733447801648
25853,LOF,0.08202195495346276,0.43530739266852114,0.4826706523780161
25854,LOF,0.009672112850034612,0.4408009365657332,0.5495269505842322
25855,LOF,0.038632490503489395,0.34954285543774927,0.6118246540587613
25856,GOF,0.08132038333064569,0.5121018626505811,0.4065777540187733
25857,LOF,0.039599523539466754,0.3218278950233524,0.6385725814371809
25858,LOF,0.012343864676344895,0.30866437709314987,0.6789917582305053
25859,LOF,0.008557320215966446,0.299473798744238,0.6919688810397955
25860,LOF,0.11921087643853834,0.3656659501672859,0.5151231733941758
25861,GOF,0.14815734426702928,0.5890838050284852,0.26275885070448546
25862,GOF,0.029645096330516662,0.762187194787174,0.20816770888230934
25863,GOF,0.027579557843205687,0.6524980678650707,0.3199223742917237
25864,GOF,0.04240133356072515,0.7804920838708351,0.1771065825684396
25865,GOF,0.04383077807708618,0.7557312677016431,0.20043795422127061
25866,GOF,0.02607689693206885,0.6699368408860705,0.30398626218186064
25867,GOF,0.05031120751117236,0.7112492405463963,0.23843955194243133
25868,GOF,0.09757845240011574,0.5069519169238443,0.39546963067603985
25869,Neutral,0.37037213215554354,0.3662508787668604,0.263376989077596
25870,LOF,0.1408609110890391,0.28879811467352245,0.5703409742374385
25871,LOF,0.014123463145559194,0.3776981448509364,0.6081783920035044
25872,LOF,0.0446351182615995,0.3932874148009085,0.5620774669374919
25873,GOF,0.030649911097017906,0.5008983336856072,0.46845175521737487
25874,LOF,0.0559476087932054,0.03192855043209387,0.9121238407747007
25875,LOF,0.02166803657976248,0.23432936075986302,0.7440026026603745
25876,LOF,0.020261964239024963,0.1285182195631192,0.8512198161978559
25877,LOF,0.09527990466521304,0.24449552192665747,0.6602245734081296
25878,LOF,0.05994952193904696,0.4527901228676315,0.4872603551933215
25879,LOF,0.011327494668794444,0.20402202036015452,0.784650484971051
25880,LOF,0.05134555995190532,0.03146010134361987,0.9171943387044748
25881,Neutral,0.4275321378745316,0.3737141754051456,0.19875368672032276
25882,LOF,0.0397144087430022,0.20851746200501062,0.7517681292519872
25883,LOF,0.029520222657535577,0.12327259938293775,0.8472071779595267
25884,LOF,0.013085952111560346,0.16101394060181548,0.8259001072866242
25885,LOF,0.16567072340853115,0.035711744611917715,0.7986175319795512
25886,LOF,0.13296316156239843,0.14170965174711284,0.7253271866904887
25887,GOF,0.049946731801023256,0.5908702109258239,0.3591830572731528
25888,LOF,0.005743993121636926,0.41227392104073907,0.5819820858376239
25889,LOF,0.024121375355501063,0.091653729237301,0.884224895407198
25890,LOF,0.14910245543040831,0.25329242207046987,0.5976051224991219
25891,LOF,0.11740922939458705,0.06221546913312375,0.8203753014722892
25892,LOF,0.005217627018006253,0.19450360293079874,0.8002787700511951
25893,LOF,0.2584219234784915,0.11318402718251214,0.6283940493389962
25894,LOF,0.31636518106828143,0.05555367198664617,0.6280811469450724
25895,LOF,0.23823277744838667,0.09095547486606062,0.6708117476855527
25896,LOF,0.05720760213446251,0.16130293590172737,0.7814894619638101
25897,LOF,0.10209109193485993,0.12251909583187306,0.775389812233267
25898,LOF,0.057747899635761483,0.44673410832115446,0.4955179920430841
25899,LOF,0.2279391649153142,0.3170133075521225,0.4550475275325632
25900,Neutral,0.9268841800679656,0.02862793494193268,0.04448788499010176
25901,LOF,0.052479058614940455,0.0663010426346528,0.8812198987504067
25902,LOF,0.07908434615214921,0.03402608421593407,0.8868895696319168
25903,LOF,0.14360415280020639,0.22641846134616236,0.6299773858536313
25904,Neutral,0.38484997880251975,0.29624052326845457,0.3189094979290257
25905,LOF,0.011660285855348205,0.28543202141263385,0.7029076927320179
25906,LOF,0.01017672061840179,0.03637927575831318,0.9534440036232851
25907,LOF,0.009232733361354176,0.17423688544606497,0.8165303811925808
25908,LOF,0.009836075291463428,0.20831292982217658,0.78185099488636
25909,LOF,0.039589799752708245,0.1334249306079352,0.8269852696393566
25910,LOF,0.018038011280750457,0.14689794394431327,0.8350640447749362
25911,LOF,0.12217721643432243,0.06946411421922899,0.8083586693464485
25912,LOF,0.14033778912223507,0.021756515249559287,0.8379056956282055
25913,LOF,0.01575526652766274,0.06956387507567284,0.9146808583966644
25914,LOF,0.034583227791361255,0.1997732281685946,0.7656435440400442
25915,GOF,0.06657563086586425,0.7997643209272014,0.13366004820693428
25916,GOF,0.015576786413323319,0.4962077702091642,0.4882154433775125
25917,LOF,0.11806791512110372,0.10308928741295749,0.7788427974659387
25918,LOF,0.04019499313456038,0.10508457352098469,0.854720433344455
25919,LOF,0.03861112997522693,0.07590350726479853,0.8854853627599746
25920,GOF,0.2846755513963799,0.37174967491314,0.34357477369048
25921,LOF,0.02292619742566883,0.04303965006154561,0.9340341525127857
25922,LOF,0.01903898655444773,0.03811562682237379,0.9428453866231785
25923,LOF,0.3789309150080629,0.08923656168339404,0.531832523308543
25924,LOF,0.028039699130029076,0.05471976610278831,0.9172405347671826
25925,LOF,0.21938344986687197,0.04858728169936477,0.7320292684337633
25926,LOF,0.1275154635895776,0.11868110846078987,0.7538034279496325
25927,LOF,0.021818507961829242,0.13694252010557498,0.8412389719325957
25928,LOF,0.015437780771826856,0.03143287310864216,0.9531293461195309
25929,Neutral,0.5803515778160058,0.08945295177421461,0.3301954704097795
25930,LOF,0.043180872526598704,0.08985403099691336,0.866965096476488
25931,LOF,0.016805660698253913,0.050369175672303194,0.932825163629443
25932,LOF,0.10091115086908381,0.04150573173585963,0.8575831173950565
25933,LOF,0.07954729018500122,0.019273546120961733,0.9011791636940369
25934,LOF,0.0742895252854013,0.02415449760636866,0.90155597710823
25935,LOF,0.233812996597716,0.06192574137719888,0.7042612620250852
25936,LOF,0.07321032328338314,0.024251539221636916,0.90253813749498
25937,LOF,0.015453201424091054,0.06186014274431525,0.9226866558315937
25938,LOF,0.21820302082153065,0.053998079934707476,0.7277988992437618
25939,LOF,0.05216297104687217,0.02466610339996868,0.923170925553159
25940,GOF,0.006087379580205423,0.5306477478894894,0.46326487253030507
25941,Neutral,0.47044136471295256,0.09214266174204115,0.43741597354500633
25942,LOF,0.010463626863656377,0.1577071412200742,0.8318292319162693
25943,GOF,0.021248319042112617,0.5834013505076537,0.3953503304502336
25944,LOF,0.017183668165169363,0.4109689257954514,0.5718474060393792
25945,LOF,0.08266279193580806,0.09536872731880355,0.8219684807453884
25946,LOF,0.08297041918275926,0.12046087886435876,0.796568701952882
25947,Neutral,0.4943883129563655,0.05336739067467935,0.4522442963689551
25948,Neutral,0.5167597700033211,0.014665518231175305,0.46857471176550364
25949,LOF,0.1161112245746602,0.03394252128809775,0.849946254137242
25950,GOF,0.05493308002373953,0.7484587899491852,0.19660813002707542
25951,GOF,0.012652255061017883,0.5037210030871716,0.48362674185181054
25952,LOF,0.08748024085909759,0.32926953360301126,0.5832502255378912
25953,LOF,0.0061211847913412,0.4255554036547105,0.5683234115539483
25954,LOF,0.022846292476046505,0.47190449878069335,0.5052492087432602
25955,LOF,0.004867440882705302,0.4929633052981356,0.5021692538191591
25956,GOF,0.00910529510710474,0.6199566928192018,0.3709380120736934
25957,LOF,0.25517244996679916,0.057626283119672064,0.6872012669135287
25958,LOF,0.022660351288544163,0.22310752153363275,0.7542321271778231
25959,GOF,0.005794241284474026,0.6323944811444159,0.36181127757111003
25960,LOF,0.0049014481923605096,0.16098918730331632,0.8341093645043232
25961,LOF,0.0201820307750224,0.20205513340183712,0.7777628358231405
25962,LOF,0.04779700174073197,0.06377555757055593,0.8884274406887122
25963,LOF,0.010999467680740687,0.16634937509621345,0.8226511572230459
25964,LOF,0.048702041511099636,0.10307828087656969,0.8482196776123307
25965,LOF,0.19379677258744035,0.190432641154509,0.6157705862580507
25966,GOF,0.224593050364747,0.3887926346164381,0.3866143150188149
25967,LOF,0.007135197612263902,0.09143086922860365,0.9014339331591326
25968,LOF,0.07534003194520132,0.3519628004014086,0.57269716765339
25969,LOF,0.15895190013644664,0.04139847392261446,0.799649625940939
25970,LOF,0.02433880818909555,0.1789133614818218,0.7967478303290826
25971,LOF,0.07063092127619526,0.12214458923151297,0.8072244894922916
25972,LOF,0.06381662858052856,0.12999988401927692,0.8061834874001944
25973,LOF,0.1296737820216535,0.008786759278232725,0.8615394587001137
25974,LOF,0.09977776086064441,0.14636910528641317,0.7538531338529424
25975,LOF,0.0516299425296895,0.014741390254904991,0.9336286672154055
25976,LOF,0.0800326034468661,0.010989660313440765,0.9089777362396931
25977,LOF,0.18235343439258841,0.07776008091039492,0.7398864846970168
25978,LOF,0.1457274065063859,0.07467076186139732,0.7796018316322167
25979,LOF,0.12018695272273713,0.07999130747184482,0.799821739805418
25980,LOF,0.16576902575791294,0.22611660077045606,0.6081143734716309
25981,LOF,0.16747003138815006,0.25377342212776344,0.5787565464840866
25982,LOF,0.2688086208598307,0.1075009886553399,0.6236903904848293
25983,Neutral,0.48235435971702756,0.11862435297714437,0.3990212873058279
25984,LOF,0.04307410608592888,0.09468299244577937,0.8622429014682917
25985,Neutral,0.513960967982502,0.21045721262564754,0.27558181939185034
25986,GOF,0.009444144381408883,0.5978100661007607,0.3927457895178304
25987,LOF,0.017769012215687156,0.09868953107842551,0.8835414567058874
25988,LOF,0.0416481104680284,0.1406667280260712,0.8176851615059003
25989,LOF,0.04509411000105203,0.14299072845341396,0.811915161545534
25990,LOF,0.044119332043872944,0.28190433463495673,0.6739763333211704
25991,GOF,0.047517290610976384,0.619729862353209,0.33275284703581454
25992,LOF,0.01733360988337366,0.40995595900730647,0.5727104311093199
25993,LOF,0.044167389209853546,0.029530390294302385,0.9263022204958441
25994,LOF,0.042736643811894674,0.05462186179669312,0.9026414943914123
25995,LOF,0.026472345073253665,0.06858756643017262,0.9049400884965737
25996,Neutral,0.41489268620665276,0.3229848875004584,0.2621224262928888
25997,GOF,0.084949461707877,0.5152439221249012,0.3998066161672217
25998,LOF,0.20548200579301892,0.14447417159519801,0.6500438226117831
25999,GOF,0.022484067715201225,0.5038415193409793,0.4736744129438194
26000,LOF,0.13728093121154947,0.024332303210555673,0.8383867655778947
26001,LOF,0.145885060979504,0.05540842913079967,0.7987065098896964
26002,LOF,0.08828363248001905,0.025502392970941826,0.886213974549039
26003,LOF,0.015582151044854537,0.36968405065601345,0.614733798299132
26004,LOF,0.05339954914921853,0.30428736145327445,0.6423130893975071
26005,LOF,0.010278409720284713,0.36269435936809935,0.6270272309116159
26006,LOF,0.2875490965759175,0.24869663357335892,0.4637542698507236
26007,LOF,0.02629662589288346,0.3358131767323486,0.6378901973747679
26008,LOF,0.017378294727964316,0.2577980397627273,0.7248236655093084
26009,LOF,0.03855950824428577,0.391829725864983,0.5696107658907313
26010,LOF,0.016212829171972344,0.34996272167028386,0.6338244491577437
26011,LOF,0.01162527789216457,0.22355619544787286,0.7648185266599625
26012,LOF,0.014478653116946948,0.30098999337467797,0.6845313535083751
26013,LOF,0.02279828169000881,0.3033691422642966,0.6738325760456946
26014,LOF,0.07486075708752846,0.0645930332511785,0.8605462096612931
26015,LOF,0.4088395486290286,0.13551735356080374,0.45564309781016765
26016,LOF,0.23904935886501633,0.24519691703016183,0.5157537241048218
26017,GOF,0.014237704252801039,0.5864661185379663,0.39929617720923266
26018,LOF,0.019319885250261133,0.3063357403416252,0.6743443744081137
26019,LOF,0.01935873092353362,0.26250858418145473,0.7181326848950117
26020,LOF,0.0067594152380627695,0.4360488783056151,0.5571917064563222
26021,LOF,0.07564146695909856,0.31886413354427057,0.6054943994966309
26022,LOF,0.05351770688578201,0.09671691967264351,0.8497653734415744
26023,LOF,0.035246453027382794,0.21576516722194725,0.74898837975067
26024,LOF,0.04936086706648188,0.21202138099668125,0.7386177519368369
26025,LOF,0.1186561752381571,0.341137127875736,0.5402066968861069
26026,LOF,0.10182932394933647,0.28068439535220907,0.6174862806984545
26027,LOF,0.032805793651037196,0.11808741883495116,0.8491067875140117
26028,LOF,0.05458074555581293,0.26909499629195177,0.6763242581522353
26029,LOF,0.03508832000883824,0.1429339871299194,0.8219776928612422
26030,LOF,0.1846743556621913,0.015882433352193737,0.799443210985615
26031,LOF,0.020113718060768882,0.13554807676299654,0.8443382051762345
26032,LOF,0.03160184783558352,0.03634648906604045,0.932051663098376
26033,LOF,0.04971509615183606,0.06589394457392585,0.884390959274238
26034,LOF,0.02115449518136031,0.09659025097183405,0.8822552538468057
26035,LOF,0.014720243797635455,0.1147546287349842,0.8705251274673804
26036,LOF,0.014624447247843135,0.09264499535265146,0.8927305573995054
26037,LOF,0.013140871484347784,0.08422743618471676,0.9026316923309355
26038,LOF,0.025063489062897057,0.03709095759968897,0.937845553337414
26039,LOF,0.030633451514374962,0.11632568551477473,0.8530408629708504
26040,LOF,0.05520643468051531,0.17825250389444441,0.7665410614250402
26041,LOF,0.014764147731598976,0.11307357080628606,0.8721622814621149
26042,LOF,0.013774001315677981,0.11036447671934597,0.8758615219649761
26043,LOF,0.023984516550057414,0.09032343061866437,0.8856920528312782
26044,LOF,0.008906428461327456,0.08403975237070153,0.907053819167971
26045,LOF,0.08367589358908673,0.2160408234890628,0.7002832829218504
26046,LOF,0.02354025254826581,0.09251420980547921,0.883945537646255
26047,LOF,0.06390120636247787,0.05952228743970397,0.8765765061978181
26048,LOF,0.07473262489248576,0.04386080318312543,0.8814065719243888
26049,Neutral,0.8967247024841739,0.00995256335318268,0.09332273416264351
26050,Neutral,0.809570215862443,0.011312373666534883,0.17911741047102192
26051,GOF,0.016401491716045408,0.6669518860124906,0.316646622271464
26052,GOF,0.01931402662683501,0.5713913995414024,0.40929457383176265
26053,LOF,0.030299823820124812,0.04184015656640664,0.9278600196134685
26054,LOF,0.09743512901109647,0.13137408679531293,0.7711907841935907
26055,LOF,0.0997902972889693,0.14282824331750316,0.7573814593935276
26056,LOF,0.08970002732612628,0.16006218621278148,0.7502377864610923
26057,LOF,0.04288992494829991,0.04078553149750434,0.9163245435541958
26058,LOF,0.049086194198780644,0.031782610964014454,0.919131194837205
26059,Neutral,0.6510388907486683,0.12966446822833397,0.21929664102299778
26060,LOF,0.014639656351823852,0.4040003128086276,0.5813600308395486
26061,LOF,0.009934087706971434,0.026594855026119708,0.9634710572669088
26062,LOF,0.005469171028340962,0.06347827232187432,0.9310525566497848
26063,LOF,0.0402850537402941,0.03288705604421668,0.9268278902154892
26064,LOF,0.009095052184110717,0.030233544716425993,0.9606714030994632
26065,LOF,0.035738753389074264,0.050472429807074864,0.9137888168038508
26066,LOF,0.03743530379889841,0.02980069144930553,0.9327640047517961
26067,LOF,0.051346775389412645,0.037772001585570404,0.910881223025017
26068,LOF,0.0998976059533104,0.07993640811789386,0.8201659859287957
26069,LOF,0.08425227708907053,0.07155942681042998,0.8441882961004995
26070,LOF,0.2517499521799246,0.04275969375227643,0.705490354067799
26071,LOF,0.043898361875578946,0.04301861391726408,0.913083024207157
26072,LOF,0.007698792448675017,0.03255976532854496,0.95974144222278
26073,LOF,0.04097877213317782,0.02921240718431331,0.9298088206825088
26074,Neutral,0.8470981538320536,0.025192546460347347,0.12770929970759926
26075,LOF,0.05264836726628614,0.08120372388566312,0.8661479088480508
26076,LOF,0.052571096406163156,0.07303134417618562,0.8743975594176512
26077,LOF,0.15018343060528316,0.07514710218817577,0.7746694672065411
26078,LOF,0.00651070238734291,0.04671087228231232,0.9467784253303448
26079,LOF,0.11722701388433109,0.06130412682948974,0.8214688592861792
26080,LOF,0.11722701388433109,0.06130412682948974,0.8214688592861792
26081,LOF,0.0497511131650102,0.0330731203437173,0.9171757664912725
26082,LOF,0.006708712115250392,0.05704612800115519,0.9362451598835945
26083,LOF,0.042318146216006165,0.09687739700977957,0.8608044567742141
26084,LOF,0.04863240442627139,0.05087346368947003,0.9004941318842586
26085,LOF,0.04405210102702323,0.04491249648824542,0.9110354024847314
26086,LOF,0.03239795800454453,0.051345228679069675,0.9162568133163859
26087,LOF,0.041844145000161224,0.04912561515718573,0.9090302398426531
26088,LOF,0.008329061093330271,0.11804731423540121,0.8736236246712684
26089,LOF,0.03815750818834184,0.17545437517938986,0.7863881166322682
26090,LOF,0.041176042957003306,0.13088500943127465,0.8279389476117219
26091,LOF,0.04304013062712393,0.0513891903665969,0.9055706790062791
26092,LOF,0.048551004331908204,0.02788963292684886,0.923559362741243
26093,LOF,0.06362644451753127,0.023528440706166765,0.9128451147763019
26094,LOF,0.03938166074360185,0.03824566874051434,0.9223726705158838
26095,LOF,0.009368666591266638,0.05422433063100389,0.9364070027777295
26096,LOF,0.29439218590193394,0.00945523040848591,0.6961525836895802
26097,LOF,0.007739192464295062,0.05359353644156364,0.9386672710941413
26098,LOF,0.112294499251467,0.05146861285546306,0.8362368878930699
26099,LOF,0.03591749439546735,0.06705927796957217,0.8970232276349603
26100,LOF,0.03591749439546735,0.06705927796957217,0.8970232276349603
26101,LOF,0.030959380806854363,0.0750764082641528,0.8939642109289928
26102,LOF,0.04025724809766954,0.04450383142597169,0.9152389204763588
26103,Neutral,0.8033401059967566,0.07544387121152085,0.12121602279172246
26104,LOF,0.10837574039050071,0.15632061259005708,0.7353036470194422
26105,LOF,0.2049241025013288,0.15935665725906975,0.6357192402396014
26106,LOF,0.3113315042639271,0.21797808717593728,0.47069040856013566
26107,LOF,0.008361408574707652,0.18196466855262627,0.809673922872666
26108,LOF,0.12157638893649053,0.2636872301359241,0.6147363809275853
26109,LOF,0.03952876322058843,0.04836846296828346,0.912102773811128
26110,LOF,0.46005692451179997,0.03407112522399144,0.5058719502642085
26111,LOF,0.06307522281276376,0.20634463464726674,0.7305801425399695
26112,LOF,0.04937441016328357,0.024537346046976344,0.9260882437897402
26113,LOF,0.04097724152573056,0.04662270307009372,0.9124000554041758
26114,LOF,0.07105085159543181,0.07121893338067713,0.857730215023891
26115,LOF,0.007592098783648145,0.44521340049052444,0.5471945007258274
26116,LOF,0.04619957983323269,0.15580449260667384,0.7979959275600935
26117,LOF,0.17068850272668437,0.07548764987209132,0.7538238474012243
26118,LOF,0.03815383495794678,0.030254253170904608,0.9315919118711485
26119,LOF,0.004936726152902578,0.1508091875405065,0.8442540863065909
26120,LOF,0.03723910583996886,0.026415967724467797,0.9363449264355633
26121,LOF,0.003962351037338162,0.15929411454186862,0.8367435344207933
26122,LOF,0.003930203304656312,0.18334161764054244,0.8127281790548012
26123,LOF,0.004742761614123573,0.15337843679990038,0.841878801585976
