feature0,prediction,LoGoFunc_Neutral,LoGoFunc_GOF,LoGoFunc_LOF
25546,Neutral,0.6503695919553283,0.07503408721129748,0.2745963208333742
25547,Neutral,0.538935666065264,0.13995127396379234,0.32111305997094364
25548,Neutral,0.4995895823123961,0.10474365329616733,0.3956667643914366
25549,Neutral,0.46847860598319874,0.10284195612830546,0.4286794378884957
25550,LOF,0.3827626531798402,0.1809484720391142,0.43628887478104555
25551,LOF,0.3068884233934183,0.1720865368736724,0.5210250397329093
25552,LOF,0.1768675316227327,0.17662712420677398,0.6465053441704933
25553,Neutral,0.8219076879863548,0.04630663988274166,0.1317856721309034
25554,LOF,0.20962730590578027,0.17766895834431123,0.6127037357499084
25555,LOF,0.17182393374973598,0.16011058485852697,0.6680654813917369
25556,Neutral,0.5053280156693524,0.12906827832262882,0.3656037060080188
25557,LOF,0.16343922597025362,0.1679746298297859,0.6685861441999604
25558,LOF,0.21166185043031194,0.19181660065127287,0.5965215489184152
25559,Neutral,0.5184359003359924,0.02835902919298144,0.4532050704710262
25560,LOF,0.04773723787814938,0.2771841243193167,0.6750786378025339
25561,LOF,0.0945318730359073,0.3172436662338767,0.588224460730216
25562,LOF,0.1203408065752494,0.15342342013008756,0.726235773294663
25563,LOF,0.11659459888709334,0.1426511040202554,0.7407542970926512
25564,LOF,0.07890299442266913,0.2038790499978757,0.7172179555794551
25565,LOF,0.1387414013306819,0.2643099973724247,0.5969486012968934
25566,GOF,0.020327930081328244,0.6494361908360239,0.33023587908264795
25567,LOF,0.010524123487555322,0.20315622564977304,0.7863196508626716
25568,LOF,0.04361670406823403,0.09637867383052451,0.8600046221012414
25569,LOF,0.057873849814680196,0.09623212102596328,0.8458940291593565
25570,LOF,0.05681959911849721,0.1390403896080109,0.8041400112734919
25571,LOF,0.058677592311446224,0.13250605577087102,0.8088163519176828
25572,LOF,0.05234517970354228,0.14451171483946845,0.8031431054569892
25573,LOF,0.02724052519994721,0.1152573060599847,0.857502168740068
25574,LOF,0.013648270981825339,0.24927019614750287,0.7370815328706718
25575,LOF,0.051940847786644595,0.12500755882787565,0.8230515933854798
25576,LOF,0.017995514168595177,0.13523458000915387,0.846769905822251
25577,LOF,0.012662638819412677,0.13709443673851762,0.8502429244420697
25578,LOF,0.24268395582764907,0.1189843037954486,0.6383317403769023
25579,LOF,0.2436948414589408,0.1182697682441944,0.6380353902968647
25580,LOF,0.03448909046499157,0.12568078444221456,0.8398301250927938
25581,LOF,0.04870692724333279,0.10156092907414059,0.8497321436825267
25582,LOF,0.04814736489041656,0.09680849620233448,0.855044138907249
25583,LOF,0.033863699767535636,0.1321924206411536,0.8339438795913108
25584,Neutral,0.49095336899816017,0.12262141489157698,0.38642521611026276
25585,LOF,0.031338346321075294,0.11749889012745486,0.8511627635514699
25586,LOF,0.031048890378593007,0.09701649363388079,0.8719346159875262
25587,LOF,0.02717418463424445,0.0825966369877919,0.8902291783779637
25588,LOF,0.030446945081859095,0.10791693468926189,0.861636120228879
25589,Neutral,0.599303706735337,0.15221014600853464,0.2484861472561283
25590,LOF,0.023827326145295816,0.16853419353557983,0.8076384803191244
25591,LOF,0.10545978775074001,0.07719121970453749,0.8173489925447225
25592,LOF,0.08997117829054609,0.16944011439743098,0.740588707312023
25593,GOF,0.010303214113517343,0.5497039579496846,0.439992827936798
25594,LOF,0.03611372468367475,0.14596681050925928,0.817919464807066
25595,LOF,0.0645509853998242,0.10784088498042409,0.8276081296197517
25596,LOF,0.08474833309800461,0.06927758431388596,0.8459740825881095
25597,LOF,0.08148651520320026,0.0287148886925873,0.8897985961042124
25598,LOF,0.047514109335871135,0.15306915299699098,0.7994167376671378
25599,LOF,0.008008992130728195,0.4750282340444203,0.5169627738248516
25600,LOF,0.010467844028208157,0.36317289514530526,0.6263592608264866
25601,LOF,0.008443736960073406,0.22464639506024892,0.7669098679796778
25602,LOF,0.01569215708182457,0.061739199169317784,0.9225686437488577
25603,LOF,0.04422132481529678,0.03482140494661038,0.9209572702380928
25604,LOF,0.03716969351657359,0.06105527692790318,0.9017750295555232
25605,LOF,0.012096469354515126,0.23566738515726543,0.7522361454882195
25606,GOF,0.050326475425290985,0.5260081836881534,0.42366534088655566
25607,LOF,0.0036181556446687685,0.12630527584500761,0.8700765685103236
25608,LOF,0.05319112705807005,0.04651639054460984,0.9002924823973201
25609,LOF,0.07823155836235256,0.28139052604274634,0.6403779155949012
25610,LOF,0.05175664877877469,0.025475710208706176,0.9227676410125192
25611,LOF,0.07116278564808258,0.018215457122939364,0.910621757228978
25612,LOF,0.1232485329445732,0.04574601977370226,0.8310054472817244
25613,LOF,0.09938994872542231,0.04050330267547533,0.8601067485991023
25614,LOF,0.04263658736377844,0.03505082674966917,0.9223125858865523
25615,LOF,0.08599675673288815,0.03952707903564427,0.8744761642314677
25616,LOF,0.03639626131070802,0.04747408542250233,0.9161296532667896
25617,LOF,0.060459199572441794,0.03621052495039613,0.9033302754771622
25618,LOF,0.2694666009767058,0.03452678176765601,0.6960066172556383
25619,LOF,0.04586458510100025,0.038009843766447844,0.9161255711325519
25620,LOF,0.043819754181251364,0.05945169478022419,0.8967285510385244
25621,LOF,0.052462983211179974,0.03965243166321314,0.9078845851256068
25622,LOF,0.03382544154327887,0.054228766447613104,0.9119457920091081
25623,LOF,0.056341942967536134,0.03795757230137511,0.9057004847310887
25624,LOF,0.0372698276942291,0.04216566279639957,0.9205645095093713
25625,LOF,0.04669121584028752,0.05490359816643316,0.8984051859932792
25626,LOF,0.0834700418593723,0.03819051981705108,0.8783394383235765
25627,Neutral,0.5867049485514502,0.15960973922960103,0.2536853122189488
25628,LOF,0.21594967903907095,0.07534643360765098,0.708703887353278
25629,LOF,0.06299317664546347,0.12452429094090026,0.8124825324136363
25630,LOF,0.19188468341102566,0.1172804143465538,0.6908349022424206
25631,Neutral,0.5960250745527444,0.0916491550237397,0.31232577042351584
25632,LOF,0.01884428282294426,0.11613655581923614,0.8650191613578196
25633,LOF,0.20975331573512035,0.1497007947852754,0.6405458894796042
25634,LOF,0.03385949235144004,0.15635634938292015,0.8097841582656398
25635,LOF,0.03461762254325714,0.11456752813205248,0.8508148493246903
25636,GOF,0.005002412250730503,0.5575140634605154,0.4374835242887542
25637,LOF,0.0037381481400472405,0.4283762772334663,0.5678855746264865
25638,LOF,0.006623331852272183,0.3828418583560682,0.6105348097916596
25639,LOF,0.004019472360600055,0.3273148038678641,0.6686657237715359
25640,GOF,0.3471537739901742,0.5976162566826552,0.05522996932717063
25641,LOF,0.006255061110501555,0.24212927732275608,0.7516156615667425
25642,LOF,0.25429972824326635,0.06985412460308237,0.6758461471536513
25643,LOF,0.26429166741629134,0.11786202481416985,0.6178463077695387
25644,GOF,0.014980477396597571,0.6189863872737794,0.36603313532962295
25645,GOF,0.011062222605373222,0.6182050626097867,0.37073271478484005
25646,LOF,0.011496311505629185,0.4084720546796445,0.5800316338147263
25647,LOF,0.011383983421160777,0.3187016838462936,0.6699143327325457
25648,LOF,0.007766468186081164,0.4006630654260478,0.5915704663878711
25649,LOF,0.008952076303767476,0.21971342376886643,0.7713344999273661
25650,GOF,0.02342642062589744,0.5414288505007792,0.43514472887332345
25651,LOF,0.006643132053933616,0.24655669615142778,0.7468001717946386
25652,LOF,0.012741792965651736,0.3782326827081579,0.6090255243261903
25653,GOF,0.046134337042440195,0.5440436960389806,0.4098219669185792
25654,LOF,0.008188135248905574,0.4024942350694279,0.5893176296816666
25655,GOF,0.0714161779923736,0.5855147273907935,0.3430690946168329
25656,LOF,0.08923561064350982,0.08647698383047947,0.8242874055260107
25657,LOF,0.2659727837048274,0.03389311338522046,0.7001341029099521
25658,LOF,0.03206899881800894,0.14461642770374558,0.8233145734782454
25659,LOF,0.23539239577040397,0.09257585039952453,0.6720317538300715
25660,LOF,0.09617751607951787,0.0734592166151437,0.8303632673053385
25661,LOF,0.07616406983824343,0.06280794782404316,0.8610279823377134
25662,LOF,0.04153425365304627,0.056966742108052706,0.901499004238901
25663,LOF,0.05124483783693441,0.12113084606097733,0.8276243161020883
25664,LOF,0.03182773873064022,0.1901175374499924,0.7780547238193674
25665,LOF,0.039432114689708794,0.05455441249562834,0.9060134728146628
25666,LOF,0.042705063949434546,0.22184714970685618,0.7354477863437093
25667,LOF,0.0395816774049399,0.04465038187622268,0.9157679407188374
25668,LOF,0.06286815436961019,0.05073467606348772,0.8863971695669021
25669,LOF,0.05486190289470294,0.07496479538588212,0.8701733017194149
25670,LOF,0.07382681101080642,0.10618126909680231,0.8199919198923913
25671,LOF,0.05076650789101624,0.04600558950576055,0.9032279026032232
25672,LOF,0.04445788031670911,0.05723115738612747,0.8983109622971636
25673,LOF,0.03732592820503969,0.09058442072672987,0.8720896510682306
25674,LOF,0.02704933886690677,0.10173680398012572,0.8712138571529675
25675,LOF,0.03301589535242834,0.0734267629524243,0.8935573416951473
25676,LOF,0.03751949994929871,0.06376549658195042,0.8987150034687509
25677,LOF,0.11007522666299342,0.0498020985829396,0.8401226747540669
25678,LOF,0.20262563730594257,0.049824781972909404,0.7475495807211481
25679,LOF,0.12470382074589331,0.07372854104318353,0.8015676382109231
25680,LOF,0.10294089465966594,0.08282688642793364,0.8142322189124004
25681,LOF,0.11025211531041239,0.07947155759499738,0.8102763270945902
25682,LOF,0.056559377034021634,0.04812396285151672,0.8953166601144616
25683,LOF,0.08544198241679614,0.09445016920609063,0.8201078483771133
25684,LOF,0.0755056191893437,0.05581809918255772,0.8686762816280985
25685,LOF,0.12078849833165654,0.05831525673605234,0.8208962449322911
25686,LOF,0.025211622098447396,0.09723025853443025,0.8775581193671222
25687,LOF,0.04767619681965007,0.10428775533911484,0.8480360478412351
25688,LOF,0.020550627590985714,0.12851706356249637,0.8509323088465179
25689,LOF,0.012055847138909144,0.06761644765606577,0.9203277052050252
25690,LOF,0.017310017871667742,0.07568521482432945,0.9070047673040028
25691,LOF,0.120333367276941,0.12702233673068425,0.7526442959923748
25692,LOF,0.2587490855881763,0.014016805348344315,0.7272341090634794
25693,GOF,0.02300754231854726,0.5048128020653783,0.4721796556160745
25694,LOF,0.23972741851857401,0.010165976772097936,0.7501066047093281
25695,LOF,0.16857815646607957,0.021172355072087413,0.8102494884618331
25696,LOF,0.08480811675825892,0.018520157960773317,0.8966717252809678
25697,LOF,0.06396835344549245,0.017343958596106455,0.9186876879584012
25698,LOF,0.014696027896743732,0.30551614647873215,0.679787825624524
25699,LOF,0.07542324055067585,0.37532075592155606,0.5492560035277682
25700,LOF,0.04070856640990067,0.028305681135467387,0.9309857524546319
25701,LOF,0.00965365991257478,0.32641308726037654,0.6639332528270485
25702,GOF,0.033049272062772236,0.6050794048268078,0.36187132311042003
25703,LOF,0.01813421358629066,0.08971602480382278,0.8921497616098865
25704,LOF,0.08939632023812052,0.0464668600249566,0.8641368197369229
25705,LOF,0.0746588687433747,0.1794728147661422,0.7458683164904831
25706,GOF,0.019037932775756557,0.5874077227096207,0.39355434451462273
25707,GOF,0.035758319986618964,0.5229742024966425,0.44126747751673845
25708,LOF,0.0078120029248710835,0.482433702673993,0.5097542944011358
25709,LOF,0.03514319121369998,0.07279282828889458,0.8920639804974054
25710,LOF,0.00653922052588614,0.15591095306460376,0.8375498264095101
25711,LOF,0.03999188942636167,0.11154585752466337,0.8484622530489749
25712,LOF,0.008791856906956946,0.2064719449688334,0.7847361981242097
25713,LOF,0.03404542843373232,0.12160188411073274,0.844352687455535
25714,LOF,0.0312181127700945,0.1530430898966326,0.8157387973332728
25715,LOF,0.04066649525843226,0.12256326505784702,0.8367702396837207
25716,LOF,0.007574767843028903,0.1301008851721251,0.862324346984846
25717,LOF,0.006756647760825689,0.13077377956290048,0.8624695726762739
25718,LOF,0.036057980067657,0.08887436759995182,0.8750676523323913
25719,LOF,0.034479161472279016,0.10572637625999132,0.8597944622677297
25720,LOF,0.03129746239337512,0.13727632226447758,0.8314262153421473
25721,LOF,0.03479342629367321,0.11760441569902806,0.8476021580072987
25722,LOF,0.022317111438398502,0.1500503533361381,0.8276325352254633
25723,LOF,0.03759318916235571,0.11212935440149922,0.850277456436145
25724,LOF,0.05452741004729896,0.2516671233218544,0.6938054666308466
25725,LOF,0.045209158271951266,0.08907971783699781,0.8657111238910509
25726,LOF,0.024833952669944204,0.1247689518414914,0.8503970954885643
25727,LOF,0.03798183187384697,0.10126915438506996,0.860749013741083
25728,LOF,0.038088250370791665,0.11979000300549343,0.842121746623715
25729,LOF,0.040081922812694286,0.11850740355700672,0.841410673630299
25730,LOF,0.04525152885002087,0.08384761248469984,0.8709008586652793
25731,LOF,0.012163670321699975,0.10770210151279681,0.8801342281655032
25732,LOF,0.02687073440762364,0.059681043400643015,0.9134482221917334
25733,LOF,0.04089230537186386,0.07575298584110686,0.8833547087870293
25734,LOF,0.0070885142858958155,0.28433537899551514,0.7085761067185891
25735,LOF,0.03178938898285827,0.08354472607152241,0.8846658849456193
25736,LOF,0.028631088850029265,0.14911948545545395,0.8222494256945169
25737,LOF,0.04754329093626678,0.10427196149180666,0.8481847475719265
25738,LOF,0.03291970286279676,0.18459119425450118,0.7824891028827021
25739,LOF,0.03218031989872522,0.13303124416142445,0.8347884359398504
25740,LOF,0.042511969313891285,0.12244024616506309,0.8350477845210456
25741,LOF,0.04789366696467645,0.10954927010174588,0.8425570629335777
25742,LOF,0.05387777588620007,0.12171225009028498,0.824409974023515
25743,LOF,0.01412560330590985,0.01995362674868015,0.96592076994541
25744,LOF,0.2233318223987222,0.15540032855039287,0.6212678490508848
25745,LOF,0.04459606166670239,0.059962687064954424,0.8954412512683432
25746,LOF,0.016689440829133442,0.09261550072136478,0.8906950584495018
25747,LOF,0.053213670595620655,0.025711132625929927,0.9210751967784494
25748,LOF,0.3025483471329063,0.07333203448060148,0.6241196183864922
25749,LOF,0.01767682131073658,0.05345194382854334,0.9288712348607201
25750,LOF,0.023535755861677714,0.05844799770215952,0.9180162464361628
25751,LOF,0.0511515670326744,0.05210508114275327,0.8967433518245724
25752,GOF,0.08561437518199909,0.6264107334560676,0.2879748913619333
25753,LOF,0.007761311944549743,0.36453126664188945,0.6277074214135608
25754,GOF,0.007618089640898962,0.8855244664341959,0.1068574439249052
25755,LOF,0.008158611271880644,0.3816767594582448,0.6101646292698746
25756,LOF,0.020032344551026825,0.4272386403791335,0.5527290150698396
25757,GOF,0.008776780896597136,0.8544808810847853,0.13674233801861768
25758,GOF,0.009503169625072838,0.8963090135455603,0.09418781682936687
25759,GOF,0.006199023953963277,0.6460830092273977,0.347717966818639
25760,LOF,0.005582977888011971,0.2682495187979796,0.7261675033140084
25761,GOF,0.051006378665286754,0.8747040468993774,0.07428957443533582
25762,LOF,0.023498477793137237,0.3548153182114234,0.6216862039954394
25763,LOF,0.00576131005980032,0.2807935990963494,0.7134450908438502
25764,GOF,0.07595621408349916,0.6979843747345466,0.22605941118195422
25765,GOF,0.009563282031054518,0.9062496605520064,0.08418705741693915
25766,GOF,0.029788791435481986,0.8529116847286892,0.11729952383582892
25767,LOF,0.012957274377730765,0.4809307354826575,0.5061119901396117
25768,LOF,0.05899049727584763,0.031153394269928667,0.9098561084542237
25769,LOF,0.02466375664727023,0.11959048625562484,0.8557457570971049
25770,LOF,0.12456048146283615,0.1895147493605724,0.6859247691765915
25771,LOF,0.01838104616244771,0.11576790048907876,0.8658510533484736
25772,LOF,0.0348985506703229,0.05465834289515341,0.9104431064345236
25773,LOF,0.014820348314675578,0.1066187854463765,0.8785608662389479
25774,LOF,0.021047562024405445,0.2822894996678158,0.6966629383077787
25775,LOF,0.017880498551261625,0.05474863014586647,0.927370871302872
25776,LOF,0.032733069906834764,0.036191014335788946,0.9310759157573762
25777,LOF,0.24442646362016263,0.19847789680939895,0.5570956395704384
25778,LOF,0.023109248212532237,0.14294312759385505,0.8339476241936127
25779,GOF,0.060844858549397,0.8302828082222569,0.1088723332283461
25780,GOF,0.0767534021327202,0.8351581543283281,0.08808844353895177
25781,GOF,0.03315095141868022,0.7716888926537879,0.19516015592753194
25782,GOF,0.043484775553606546,0.8505298978270542,0.10598532661933921
25783,GOF,0.05097848783324659,0.8626087625317176,0.08641274963503574
25784,GOF,0.11101330922507158,0.8163090399942406,0.07267765078068777
25785,GOF,0.14486512285896608,0.7891860375258507,0.06594883961518333
25786,GOF,0.012934076176623227,0.7395679226653459,0.247498001158031
25787,GOF,0.33455900815198375,0.5940894976191119,0.0713514942289043
25788,LOF,0.0216870322387036,0.1052282484537585,0.8730847193075378
25789,GOF,0.02027758163962718,0.8305836849615578,0.149138733398815
25790,GOF,0.029578162012898843,0.8134002489066375,0.15702158908046374
25791,GOF,0.03244684552721294,0.5863384452743032,0.38121470919848377
25792,GOF,0.04132668136127424,0.668656435337119,0.29001688330160674
25793,GOF,0.057353550052476554,0.7494677716922727,0.19317867825525067
25794,GOF,0.05891971905195274,0.5833691755359868,0.35771110541206036
25795,GOF,0.05557295129065666,0.6362217170046525,0.3082053317046909
25796,GOF,0.15863788706663054,0.6673520970547424,0.17401001587862708
25797,GOF,0.08278369131073213,0.6180080909679013,0.2992082177213667
25798,GOF,0.007807517699222208,0.7705502188831236,0.22164226341765422
25799,GOF,0.005118283712014547,0.6610723979017352,0.3338093183862501
25800,GOF,0.02536009448512065,0.8266734053365388,0.14796650017834062
25801,GOF,0.026873814407763538,0.8316685948551903,0.14145759073704614
25802,GOF,0.032679920712166285,0.7343078049419284,0.23301227434590532
25803,GOF,0.025824268450388665,0.7008030236701995,0.2733727078794117
25804,GOF,0.03984100386684301,0.7189374523507241,0.2412215437824328
25805,GOF,0.034141864762255884,0.748135850763914,0.21772228447383007
25806,GOF,0.046061157019204386,0.7617054291117477,0.192233413869048
25807,GOF,0.017209680215847643,0.694258427639257,0.2885318921448953
25808,GOF,0.0309603274660769,0.752111126135362,0.21692854639856118
25809,GOF,0.015369923011860747,0.6485886958120938,0.3360413811760456
25810,GOF,0.01372011447389632,0.6410883188393767,0.34519156668672696
25811,GOF,0.08707979984941229,0.8071014060889234,0.10581879406166435
25812,GOF,0.04244426671262793,0.7146831190373365,0.24287261425003556
25813,GOF,0.21252611226128118,0.6639711780957439,0.12350270964297493
25814,GOF,0.03882532598653678,0.692486477260801,0.26868819675266226
25815,GOF,0.08530055219701223,0.748696670514474,0.16600277728851376
25816,GOF,0.01217271315265877,0.805016682481173,0.18281060436616822
25817,GOF,0.15006397251169504,0.6672747435058126,0.18266128398249232
25818,GOF,0.03114718446064289,0.7403201996710524,0.22853261586830476
25819,GOF,0.05816872051109675,0.6891826039290396,0.25264867555986364
25820,GOF,0.06277174568070827,0.6249907341397857,0.31223752017950623
25821,GOF,0.04302015670199912,0.6792504498641954,0.27772939343380537
25822,GOF,0.07055539897788646,0.6493388762520808,0.2801057247700328
25823,GOF,0.033727699210131995,0.6467084133591283,0.3195638874307396
25824,GOF,0.03692562415184145,0.7196883551144587,0.24338602073369991
25825,GOF,0.025795372525318064,0.7090286542097887,0.2651759732648932
25826,GOF,0.01293933157649925,0.6550964516578764,0.3319642167656243
25827,GOF,0.017215307818660718,0.680422516883131,0.30236217529820825
25828,GOF,0.011314332753137594,0.6844597120041069,0.30422595524275553
25829,GOF,0.004822125959693227,0.5748174725657451,0.4203604014745616
25830,LOF,0.06046482450292492,0.3610164088651607,0.5785187666319144
25831,GOF,0.07235800715500777,0.752684151858445,0.1749578409865473
25832,GOF,0.009075188516955218,0.694668113015671,0.29625669846737385
25833,GOF,0.028913698855939043,0.7876930402190081,0.18339326092505293
25834,GOF,0.009440568522806789,0.7269003730478312,0.263659058429362
25835,GOF,0.027437838399040387,0.8047175735736071,0.16784458802735258
25836,GOF,0.007379687088275441,0.7148258136803348,0.2777944992313898
25837,GOF,0.011761983187323454,0.7372926670362568,0.25094534977641964
25838,GOF,0.023694448652112204,0.8067245809129923,0.16958097043489562
25839,GOF,0.06455942677649569,0.728482382676435,0.20695819054706924
25840,GOF,0.09878279601259252,0.7106486365379918,0.19056856744941575
25841,GOF,0.08783115839376794,0.7621004168786135,0.1500684247276187
25842,GOF,0.026596732040570625,0.8512013621783547,0.12220190578107447
25843,GOF,0.026342309801823956,0.8545156091021545,0.11914208109602153
25844,GOF,0.023790704467771158,0.8012357237336937,0.17497357179853518
25845,GOF,0.007917154932318527,0.6895108988631135,0.30257194620456807
25846,GOF,0.0758302486202241,0.820608109316585,0.10356164206319105
25847,GOF,0.017851297235493935,0.8323399008252219,0.14980880193928414
25848,GOF,0.018150744788508213,0.7771028155157909,0.204746439695701
25849,GOF,0.0065171992597526495,0.7481719100720594,0.2453108906681879
25850,GOF,0.007530817655650634,0.6473410446271518,0.34512813771719747
25851,GOF,0.006873959850001131,0.5846378785120199,0.4084881616379791
25852,GOF,0.15737298188028695,0.4379160889977537,0.4047109291219595
25853,GOF,0.06843938977853073,0.7056733931149036,0.22588721710656556
25854,GOF,0.0065524157447638945,0.6341770026692578,0.3592705815859783
25855,GOF,0.024966560402320363,0.5573191400595369,0.41771429953814265
25856,GOF,0.05322667306248602,0.661594266252947,0.28517906068456694
25857,GOF,0.025241760254184346,0.5493470294514117,0.425411210294404
25858,GOF,0.010135589225004538,0.5179848699039079,0.4718795408710875
25859,LOF,0.007471831577808964,0.4940131393635008,0.4985150290586901
25860,GOF,0.10408488433063695,0.6553983201948957,0.2405167954744674
25861,GOF,0.11260632413743313,0.7597463922367913,0.12764728362577557
25862,GOF,0.02339442746075793,0.8760306433565545,0.1005749291826877
25863,GOF,0.02076895596651017,0.8362829719036655,0.14294807212982438
25864,GOF,0.03508036626921473,0.8637214433281593,0.10119819040262598
25865,GOF,0.03589201280294145,0.8579990901711846,0.10610889702587406
25866,GOF,0.018948726013051538,0.8508971040264264,0.13015416996052218
25867,GOF,0.04253608935215188,0.8538153560115003,0.10364855463634792
25868,GOF,0.08873297435145211,0.7220635642343542,0.18920346141419372
25869,GOF,0.36577671073798407,0.48828908163715024,0.14593420762486578
25870,LOF,0.0786069558695126,0.407998725113472,0.5133943190170154
25871,GOF,0.009793743933613847,0.7094348341436012,0.28077142192278487
25872,GOF,0.021685379408606324,0.7015452754388002,0.27676934515259355
25873,GOF,0.02115838533497345,0.7975624425718567,0.18127917209316982
25874,LOF,0.030208432056438243,0.12463435932637183,0.8451572086171899
25875,LOF,0.01976671186437246,0.16259481087518773,0.8176384772604398
25876,LOF,0.025844714240745366,0.07586734881436234,0.8982879369448922
25877,LOF,0.10257192458931803,0.2807927224744796,0.6166353529362024
25878,LOF,0.05951857967877486,0.3684124590134612,0.572068961307764
25879,LOF,0.009751062843864637,0.21639708702465082,0.7738518501314846
25880,LOF,0.05419856415699303,0.023569777127959074,0.922231658715048
25881,GOF,0.4099018520810782,0.4104570065689973,0.17964114134992445
25882,LOF,0.04076975368120733,0.1223809763902931,0.8368492699284996
25883,LOF,0.028752088000490002,0.10161893553567247,0.8696289764638376
25884,LOF,0.012785955531332611,0.15912361608813327,0.8280904283805341
25885,LOF,0.1469468407442365,0.04102880318537167,0.8120243560703918
25886,LOF,0.23183649204788434,0.2607503122067304,0.5074131957453853
25887,GOF,0.03461495780212572,0.561703088675106,0.40368195352276814
25888,LOF,0.004469820802995175,0.4373344483804166,0.5581957308165882
25889,LOF,0.01931968825270273,0.1408593770788809,0.8398209346684163
25890,LOF,0.19155449437226416,0.3005030318957556,0.5079424737319802
25891,LOF,0.08352810409385221,0.1151297620922564,0.8013421338138914
25892,LOF,0.00718595213479871,0.04389791422563277,0.9489161336395684
25893,LOF,0.2739276808436974,0.014952714197608347,0.7111196049586942
25894,LOF,0.31266525986265165,0.009561567341284131,0.6777731727960642
25895,LOF,0.25243451577749687,0.022838640029942202,0.7247268441925608
25896,LOF,0.08370517796722626,0.04692033498374155,0.8693744870490322
25897,LOF,0.10491137546712163,0.021719727387583095,0.8733688971452952
25898,LOF,0.10706139609362475,0.051627772820440024,0.8413108310859352
25899,LOF,0.42192474277506664,0.05063951551456136,0.5274357417103719
25900,Neutral,0.7720968974193297,0.014177421496626909,0.21372568108404347
25901,LOF,0.05828569708302043,0.01525607872616577,0.9264582241908137
25902,LOF,0.073012767209359,0.013281387097767966,0.913705845692873
25903,LOF,0.15392682110777606,0.053347733964581076,0.7927254449276429
25904,Neutral,0.5075181411496849,0.13124472425930703,0.36123713459100804
25905,LOF,0.007569409520744134,0.34283982387035494,0.6495907666089009
25906,LOF,0.008826934480142837,0.04615178664136189,0.9450212788784954
25907,LOF,0.0074138625167194,0.22965210552941714,0.7629340319538636
25908,LOF,0.0078038774747665515,0.210795128615574,0.7814009939096594
25909,LOF,0.03576775953830289,0.08149708541570419,0.882735155045993
25910,LOF,0.015577220722093289,0.10476646691332697,0.8796563123645798
25911,LOF,0.16627489290512687,0.0858146993667212,0.7479104077281519
25912,LOF,0.1269463647491065,0.02644646736827506,0.8466071678826185
25913,LOF,0.013023209273870165,0.09156890786108914,0.8954078828650407
25914,LOF,0.04187631029563793,0.027001413100137525,0.9311222766042245
25915,LOF,0.1869059956134066,0.3794668931623515,0.4336271112242418
25916,LOF,0.012868478242209536,0.18613989508619633,0.8009916266715942
25917,LOF,0.06769376204524277,0.03467251555331142,0.8976337224014458
25918,LOF,0.04667625146129474,0.018317270246074973,0.9350064782926303
25919,LOF,0.038651003686239346,0.019556808023638423,0.9417921882901223
25920,LOF,0.34873651738003736,0.2764070894668266,0.37485639315313596
25921,LOF,0.02210852573974376,0.02582480763703838,0.9520666666232178
25922,LOF,0.02186623775008844,0.023790926087991295,0.9543428361619203
25923,LOF,0.44426184680660763,0.016230645756190053,0.5395075074372023
25924,LOF,0.0336397081688657,0.021375139644739114,0.9449851521863952
25925,LOF,0.12003009141628149,0.033111704452973796,0.8468582041307448
25926,LOF,0.09712001242763814,0.023784335528865077,0.8790956520434967
25927,LOF,0.02861860218518794,0.05233250055091161,0.9190488972639005
25928,LOF,0.01821917348936602,0.013329919527643605,0.9684509069829903
25929,Neutral,0.5747601254537416,0.015821077904490007,0.4094187966417685
25930,LOF,0.06188053506870436,0.014699083231134906,0.9234203817001608
25931,LOF,0.017998268848839583,0.014668871038686018,0.9673328601124743
25932,LOF,0.08058315832086418,0.009976604143810705,0.9094402375353252
25933,LOF,0.09574596092026763,0.006849627316056074,0.8974044117636764
25934,LOF,0.08188847359192551,0.008044164230482886,0.9100673621775915
25935,LOF,0.11044636409107546,0.024093287666299625,0.865460348242625
25936,LOF,0.09021617162083458,0.007698038746848335,0.902085789632317
25937,LOF,0.01747151866903906,0.014024121785824618,0.9685043595451365
25938,LOF,0.11402320585363997,0.02125483452955604,0.8647219596168041
25939,LOF,0.06228270419180864,0.013124905771721412,0.92459239003647
25940,GOF,0.008753827782073112,0.5109570665608737,0.4802891056570532
25941,Neutral,0.4743380383277388,0.1491850118506703,0.3764769498215911
25942,LOF,0.007919148323986588,0.19028110478260873,0.8017997468934046
25943,GOF,0.028590032057766588,0.561423685679517,0.40998628226271644
25944,LOF,0.0314302533358357,0.45563578950119454,0.5129339571629699
25945,LOF,0.13013668507444104,0.11007389996556001,0.759789414959999
25946,LOF,0.09695076476645235,0.05313848325344931,0.8499107519800984
25947,Neutral,0.4811972342183205,0.20985566029821803,0.3089471054834616
25948,Neutral,0.5461233237534808,0.027683849266342344,0.4261928269801768
25949,LOF,0.1039796573794593,0.06644209126958807,0.8295782513509525
25950,GOF,0.052177154527477176,0.7406019969292493,0.2072208485432735
25951,GOF,0.013782599263407528,0.5040399766977985,0.48217742403879404
25952,LOF,0.13166344023031135,0.3763036838642599,0.4920328759054287
25953,LOF,0.006237643204823626,0.40533654286308635,0.58842581393209
25954,GOF,0.04484689414595295,0.5876574819053595,0.3674956239486875
25955,LOF,0.0076593089846045,0.3437784873064311,0.6485622037089643
25956,LOF,0.009812031436884014,0.24961594209020815,0.7405720264729079
25957,LOF,0.20484157653814183,0.02358676320620425,0.7715716602556538
25958,LOF,0.028011658725613234,0.05932233146587513,0.9126660098085116
25959,GOF,0.005329644038677747,0.5979956912923422,0.39667466466898
25960,LOF,0.005168402854443259,0.10266067026562614,0.8921709268799306
25961,LOF,0.02616475182349105,0.06471175420582026,0.9091234939706887
25962,LOF,0.04122896445677771,0.12974328083491982,0.8290277547083025
25963,LOF,0.010709788806537859,0.30961463087272784,0.6796755803207343
25964,LOF,0.045425516288651505,0.10636795307533121,0.8482065306360173
25965,LOF,0.1314400650141717,0.22279539719710284,0.6457645377887254
25966,LOF,0.3481985453806447,0.16899133613229392,0.48281011848706124
25967,LOF,0.009434280139455005,0.054947115556837726,0.9356186043037072
25968,LOF,0.05894688300588959,0.25312162393995497,0.6879314930541555
25969,LOF,0.12546231326275192,0.06350838377686921,0.8110293029603789
25970,LOF,0.041188485026854064,0.16048127473359938,0.7983302402395465
25971,LOF,0.062201669897405686,0.07943184718752895,0.8583664829150652
25972,LOF,0.05958596182038246,0.10111852419098354,0.839295513988634
25973,LOF,0.08940085773680624,0.00918203149060314,0.9014171107725907
25974,LOF,0.07032390030545103,0.06409273499825327,0.8655833646962956
25975,LOF,0.031366802481611694,0.013141726041967717,0.9554914714764207
25976,LOF,0.09965681485241618,0.01130264846397408,0.8890405366836096
25977,LOF,0.1927070360383348,0.07047082421803642,0.7368221397436288
25978,LOF,0.15584986407595042,0.1180473710989199,0.7261027648251296
25979,LOF,0.12363138128423076,0.12227523013092594,0.7540933885848433
25980,LOF,0.1842561655423422,0.23803955202535107,0.5777042824323068
25981,LOF,0.18642429470925725,0.24342403476229088,0.570151670528452
25982,LOF,0.2633127432551089,0.10978603689625394,0.6269012198486371
25983,Neutral,0.46621537703025784,0.11176188584419713,0.4220227371255451
25984,LOF,0.05029758667873663,0.18443332548443095,0.7652690878368325
25985,Neutral,0.46985682766178644,0.2511654755250838,0.27897769681312967
25986,GOF,0.009271109060251005,0.5416473758686672,0.4490815150710818
25987,LOF,0.02787237116509661,0.12230887703453627,0.8498187518003671
25988,LOF,0.03799626286621498,0.27290147719025515,0.6891022599435298
25989,LOF,0.04290941309694241,0.2941815937147223,0.6629089931883353
25990,LOF,0.04220217935459702,0.43440889562619167,0.5233889250192113
25991,GOF,0.026687719461447688,0.6086315365993472,0.3646807439392052
25992,LOF,0.013679636550521361,0.37402474812410075,0.6122956153253779
25993,LOF,0.02696430461756274,0.09303555969465921,0.880000135687778
25994,LOF,0.03161576611947411,0.10039848232758139,0.8679857515529446
25995,LOF,0.020829189159555773,0.18768677548154436,0.7914840353588998
25996,GOF,0.3160976334659794,0.5205235775773026,0.163378788956718
25997,GOF,0.05969510522238228,0.6647296600721183,0.2755752347054995
25998,LOF,0.24164383682544788,0.04428091857132974,0.7140752446032225
25999,LOF,0.0261851430276295,0.41303468712521246,0.5607801698471581
26000,LOF,0.1522515990165018,0.018926778259808746,0.8288216227236895
26001,LOF,0.14004757812881335,0.03362041813760003,0.8263320037335866
26002,LOF,0.10090808008988503,0.026632684901139847,0.872459235008975
26003,GOF,0.0075555005186772,0.574775833868848,0.4176686656124748
26004,GOF,0.01700677828001326,0.5513378517356622,0.4316553699843245
26005,LOF,0.005325174209374926,0.4758909294710997,0.5187838963195254
26006,GOF,0.1101893634239279,0.5556473528179987,0.3341632837580734
26007,GOF,0.008725521187631544,0.5455708266354409,0.44570365217692753
26008,GOF,0.007253549377935173,0.5753947459936638,0.417351704628401
26009,GOF,0.01331254545211982,0.6337996683081162,0.3528877862397641
26010,GOF,0.011195327191719118,0.5322150666215554,0.45658960618672545
26011,LOF,0.006080673923250841,0.4376166047105649,0.5563027213661842
26012,GOF,0.006045303871143263,0.5472542714371309,0.4467004246917258
26013,LOF,0.012028225437871212,0.4594446178047922,0.5285271567573366
26014,LOF,0.053616122722456624,0.0930271438753224,0.8533567334022208
26015,LOF,0.38859771503111556,0.06203693100308531,0.5493653539657991
26016,LOF,0.2661746134243765,0.14701365811609327,0.5868117284595303
26017,LOF,0.017206086609901788,0.4278163978904701,0.554977515499628
26018,LOF,0.0195264140648284,0.18342708965021381,0.7970464962849578
26019,LOF,0.019584318686513183,0.15030505654407667,0.8301106247694101
26020,LOF,0.006583876439254698,0.3923236936091086,0.6010924299516366
26021,LOF,0.08093992253722855,0.27056751994610956,0.6484925575166619
26022,LOF,0.04533307120834587,0.07966621994978725,0.8750007088418669
26023,LOF,0.029198566163319537,0.14481047949354783,0.8259909543431326
26024,LOF,0.04813594878580876,0.19192790920293729,0.7599361420112539
26025,LOF,0.1614854950575622,0.15552294275574885,0.6829915621866889
26026,LOF,0.15119420588743093,0.11549217537452429,0.7333136187380448
26027,LOF,0.029850782372224983,0.09448106843972406,0.8756681491880509
26028,LOF,0.07650234305679716,0.2349973016627546,0.6885003552804483
26029,LOF,0.039759127224772095,0.11520206547802286,0.8450388072972049
26030,LOF,0.1398570155581294,0.009438574087732228,0.8507044103541384
26031,LOF,0.018882689901671922,0.12477587294630345,0.8563414371520247
26032,LOF,0.028833935251197228,0.0189936156170897,0.9521724491317131
26033,LOF,0.0448834543848514,0.039007654428458695,0.9161088911866899
26034,LOF,0.026449922989251088,0.07785842703812987,0.8956916499726191
26035,LOF,0.015004495020636978,0.09402988490699593,0.890965620072367
26036,LOF,0.014673710336876719,0.0752717509264835,0.9100545387366398
26037,LOF,0.014020946896403413,0.07712281608061784,0.9088562370229787
26038,LOF,0.025217852093877512,0.01965402394793398,0.9551281239581886
26039,LOF,0.03830724649241419,0.11608007450876373,0.8456126789988221
26040,LOF,0.07190781367278157,0.15726255604569617,0.7708296302815223
26041,LOF,0.016933818688821482,0.08891562054690641,0.8941505607642721
26042,LOF,0.015921524448608296,0.09833040402781086,0.8857480715235809
26043,LOF,0.024509666091998405,0.04004265354456873,0.935447680363433
26044,LOF,0.009836389681267509,0.0385975366591186,0.951566073659614
26045,LOF,0.10000032397738348,0.22605233223732019,0.6739473437852964
26046,LOF,0.02404123966221126,0.042837097568378855,0.9331216627694099
26047,LOF,0.055574800684131676,0.03656943935996467,0.9078557599559036
26048,LOF,0.0816960637224485,0.02160321132045227,0.8967007249570993
26049,Neutral,0.9287646661628224,0.0052724898720541225,0.06596284396512356
26050,Neutral,0.8814330504749364,0.006713274640821551,0.11185367488424225
26051,LOF,0.03184039163403369,0.28781710117562886,0.6803425071903374
26052,LOF,0.03179427795498723,0.19389991126028525,0.7743058107847275
26053,LOF,0.02788534121872316,0.06628544097056831,0.9058292178107085
26054,LOF,0.04788905920649167,0.08841267166447747,0.8636982691290309
26055,LOF,0.050542653474282835,0.0793859737411739,0.8700713727845433
26056,LOF,0.04727409207224322,0.083269663713661,0.8694562442140958
26057,LOF,0.04481532569284738,0.02068456648352539,0.9345001078236272
26058,LOF,0.048240175622861335,0.016791948605506278,0.9349678757716324
26059,LOF,0.23201081388790543,0.11146990456292044,0.6565192815491742
26060,LOF,0.018742956532877417,0.22980440843341882,0.7514526350337039
26061,LOF,0.013340633981890379,0.015827580265665622,0.9708317857524439
26062,LOF,0.006398678080770108,0.024558487039362698,0.9690428348798672
26063,LOF,0.040675351421023166,0.01884494612752206,0.9404797024514548
26064,LOF,0.0087515382907436,0.018708236671519662,0.9725402250377367
26065,LOF,0.043305828790379385,0.022958306922646384,0.9337358642869741
26066,LOF,0.04052316741836358,0.017091341746482573,0.942385490835154
26067,LOF,0.04734670772797754,0.01597478074854004,0.9366785115234824
26068,LOF,0.04614413474186394,0.055947515510354734,0.8979083497477813
26069,LOF,0.1507145471608957,0.052048025896299074,0.7972374269428052
26070,LOF,0.37598274855291336,0.03340504082717368,0.590612210619913
26071,LOF,0.04281009717012804,0.022980711693496934,0.934209191136375
26072,LOF,0.008492337290861152,0.025840377239919034,0.9656672854692199
26073,LOF,0.044947808753988995,0.01799721863089238,0.9370549726151186
26074,Neutral,0.6924476155346563,0.026970493584820694,0.28058189088052315
26075,LOF,0.03542964947112604,0.0439200345771145,0.9206503159517595
26076,LOF,0.04974791890024191,0.023435140829075725,0.9268169402706823
26077,LOF,0.1558892965843234,0.023874414666488764,0.820236288749188
26078,LOF,0.006830680122340417,0.03127452271776689,0.9618947971598928
26079,LOF,0.050446233871696715,0.04210562184631688,0.9074481442819865
26080,LOF,0.049512979412774834,0.042138417048130046,0.9083486035390951
26081,LOF,0.046552317836758436,0.017475144386785935,0.9359725377764557
26082,LOF,0.00779692497550681,0.025509951609692307,0.9666931234148008
26083,LOF,0.0441379279560717,0.04501852804770805,0.9108435439962203
26084,LOF,0.06516850314180402,0.021956238025311544,0.9128752588328843
26085,LOF,0.057933082598764576,0.020053875004015707,0.9220130423972197
26086,LOF,0.035622749099385516,0.028924467779063177,0.9354527831215513
26087,LOF,0.04515464921964569,0.02307972244062506,0.9317656283397293
26088,LOF,0.007326996766771166,0.050064149102844784,0.9426088541303842
26089,LOF,0.03247137208967128,0.06296154454882258,0.9045670833615062
26090,LOF,0.03219362612392604,0.05204099597208307,0.9157653779039908
26091,LOF,0.03611563494899864,0.019270475255637107,0.9446138897953642
26092,LOF,0.04212334659105558,0.017430942327005067,0.9404457110819393
26093,LOF,0.06436357386996992,0.011898503304606912,0.9237379228254232
26094,LOF,0.041104665782379195,0.017325244771186885,0.9415700894464339
26095,LOF,0.011690933233573408,0.03590078075705206,0.9524082860093745
26096,LOF,0.29608936699872923,0.0064436076253497655,0.697467025375921
26097,LOF,0.006938448245636965,0.06793182226441971,0.9251297294899432
26098,LOF,0.0526906374535677,0.04541669963376975,0.9018926629126626
26099,LOF,0.04432520546547284,0.05524919809417089,0.9004255964403562
26100,LOF,0.04432520546547284,0.05524919809417089,0.9004255964403562
26101,LOF,0.04384254329416157,0.06977831907460583,0.8863791376312327
26102,LOF,0.03819645105053572,0.027211828420247844,0.9345917205292165
26103,Neutral,0.8653819391634638,0.055833835370534754,0.07878422546600129
26104,LOF,0.04135027721710665,0.11022656180534636,0.848423160977547
26105,LOF,0.22085009084962925,0.29989141551874,0.47925849363163064
26106,LOF,0.27875485222901464,0.16137619117776542,0.55986895659322
26107,LOF,0.012432186083878995,0.21388613683396793,0.7736816770821531
26108,LOF,0.16014649189070915,0.21916836246578697,0.620685145643504
26109,LOF,0.0522605227115047,0.032359684448257285,0.915379792840238
26110,Neutral,0.5127490082273853,0.032531709233523574,0.4547192825390911
26111,LOF,0.05595238401918581,0.2387686578096362,0.705278958171178
26112,LOF,0.06381628439776878,0.026495824150181993,0.9096878914520492
26113,LOF,0.059164194775798734,0.053447904461179314,0.887387900763022
26114,LOF,0.10957166678976413,0.018560829817952772,0.8718675033922831
26115,LOF,0.02215436415266031,0.14413859605168142,0.8337070397956583
26116,LOF,0.0631872856579069,0.05293789120957392,0.8838748231325191
26117,LOF,0.29690058066288566,0.06689722744157775,0.6362021918955366
26118,LOF,0.03732956981600166,0.02790689977943653,0.934763530404562
26119,LOF,0.00548037154816981,0.09879178107032986,0.8957278473815002
26120,LOF,0.028039615903776002,0.023708453807453043,0.948251930288771
26121,LOF,0.003878027683348655,0.11621407490744266,0.8799078974092086
26122,LOF,0.004658072067471218,0.09792097789708569,0.8974209500354432
