feature0,prediction,LoGoFunc_Neutral,LoGoFunc_GOF,LoGoFunc_LOF
25546,Neutral,0.7358582193187584,0.03207068953174949,0.23207109114949212
25547,Neutral,0.587060130146253,0.06447325027590094,0.348466619577846
25548,Neutral,0.6022100718500557,0.04926886130987989,0.3485210668400644
25549,Neutral,0.5201069924027649,0.04872329642552898,0.43116971117170616
25550,LOF,0.3569876421091699,0.09317151369929802,0.5498408441915321
25551,LOF,0.2994931683721111,0.10450893005779213,0.5959979015700968
25552,LOF,0.22169509869116585,0.09735034733122648,0.6809545539776076
25553,Neutral,0.8419495722197082,0.0258399751998223,0.1322104525804694
25554,LOF,0.24807877340908602,0.09538022151548976,0.6565410050754242
25555,LOF,0.20938418138080636,0.08349293914034672,0.7071228794788469
25556,LOF,0.4065008891479124,0.08080840911951147,0.5126907017325761
25557,LOF,0.20467242455374948,0.0867695248646959,0.7085580505815546
25558,LOF,0.23762901196928565,0.09515815176102572,0.6672128362696886
25559,LOF,0.3667673972378037,0.17526756969848883,0.45796503306370734
25560,LOF,0.05766524508758182,0.14434510527359107,0.7979896496388271
25561,LOF,0.11458187203064663,0.14885505956101502,0.7365630684083383
25562,LOF,0.13394582296204477,0.053218065053250024,0.8128361119847053
25563,LOF,0.10794031254447055,0.06410894257425079,0.8279507448812787
25564,LOF,0.24454046611294003,0.12932261132209286,0.6261369225649672
25565,LOF,0.15230983706455264,0.09759730992566266,0.7500928530097848
25566,GOF,0.01716320642599185,0.7760233038709388,0.20681348970306937
25567,LOF,0.015033298321292207,0.16977342389791739,0.8151932777807904
25568,LOF,0.04895579896499649,0.06400615349098386,0.8870380475440197
25569,LOF,0.06053752725526165,0.06064731016946018,0.8788151625752781
25570,LOF,0.059859894045520445,0.09982176645664119,0.8403183394978384
25571,LOF,0.054473766762385196,0.09230254706636846,0.8532236861712463
25572,LOF,0.0664520296051205,0.11793653432232745,0.815611436072552
25573,LOF,0.03626559829048986,0.09693849697675565,0.8667959047327545
25574,LOF,0.020548254648304055,0.1487962917894658,0.8306554535622303
25575,LOF,0.043566170431230976,0.10996227723988053,0.8464715523288885
25576,LOF,0.01709758733506317,0.11660291587796033,0.8662994967869766
25577,LOF,0.01430749732423873,0.12330712840169258,0.8623853742740687
25578,LOF,0.2547742939363553,0.07880554506722687,0.6664201609964178
25579,LOF,0.255537408747701,0.07789086312687783,0.6665717281254212
25580,LOF,0.03156943288821748,0.07385304813050393,0.8945775189812787
25581,LOF,0.053920800358430214,0.06284895257563056,0.8832302470659393
25582,LOF,0.05371856934745568,0.061322067176325885,0.8849593634762185
25583,LOF,0.040765498108470896,0.08808114138187939,0.8711533605096498
25584,Neutral,0.47403007994708846,0.10759911979152245,0.418370800261389
25585,LOF,0.02991305970752132,0.11155340391159765,0.8585335363808811
25586,LOF,0.029012191932920685,0.06805175189267282,0.9029360561744065
25587,LOF,0.02810070150893157,0.06552426350442303,0.9063750349866455
25588,LOF,0.030470551057330115,0.07988390663672007,0.8896455423059497
25589,Neutral,0.5957512238125223,0.12425428186234011,0.2799944943251375
25590,LOF,0.02988489033931395,0.12481485555129063,0.8453002541093954
25591,LOF,0.11735417028016677,0.05393036603406839,0.8287154636857649
25592,LOF,0.08668560429630882,0.1281145860386948,0.7851998096649964
25593,LOF,0.026675377456682563,0.2501838051069341,0.7231408174363833
25594,LOF,0.04343940302071229,0.2232298023313711,0.7333307946479166
25595,LOF,0.04830624166080457,0.15585510319509813,0.7958386551440972
25596,LOF,0.04377754154929608,0.10688529789208762,0.8493371605586163
25597,LOF,0.04029086808600748,0.11666884433637259,0.84304028757762
25598,LOF,0.046989056900328674,0.15270912197973488,0.8003018211199365
25599,GOF,0.008170096915132406,0.6734762510752582,0.31835365200960936
25600,GOF,0.01887705201705292,0.6225854997861532,0.3585374481967938
25601,LOF,0.005927224085228229,0.44313268036094816,0.5509400955538235
25602,LOF,0.028601750531865477,0.04118096150663125,0.9302172879615033
25603,LOF,0.05849052674790636,0.02658195305279936,0.9149275201992944
25604,LOF,0.047313146115000385,0.031751115448677605,0.920935738436322
25605,LOF,0.015715788170996184,0.17121298186923348,0.8130712299597704
25606,LOF,0.10384310279119198,0.4011859480573472,0.4949709491514608
25607,LOF,0.006378181951147228,0.18208812807167005,0.8115336899771827
25608,LOF,0.031051129817428896,0.05424844184407867,0.9147004283384924
25609,LOF,0.03796456849861167,0.4444256587694534,0.5176097727319349
25610,LOF,0.03721370197379436,0.024087944457133043,0.9386983535690725
25611,LOF,0.039184896213278614,0.022589583740902346,0.938225520045819
25612,LOF,0.09283477428491659,0.036064649810249594,0.8711005759048339
25613,LOF,0.07710380767411569,0.03723824200319953,0.8856579503226848
25614,LOF,0.028579260751370572,0.031506918461589345,0.9399138207870401
25615,LOF,0.03731563988464075,0.03811578630603421,0.9245685738093251
25616,LOF,0.02929088948729002,0.030155452257936293,0.9405536582547737
25617,LOF,0.02864634538526827,0.03177500595126681,0.9395786486634649
25618,LOF,0.15413129368046427,0.02818863812585565,0.81768006819368
25619,LOF,0.026490372151307548,0.030586368553854826,0.9429232592948377
25620,LOF,0.032837701488715634,0.03681320746214235,0.9303490910491419
25621,LOF,0.027683716173623144,0.03114317614780759,0.9411731076785693
25622,LOF,0.02939860407029715,0.03618971454312288,0.9344116813865799
25623,LOF,0.05450102311760879,0.03360688773925982,0.9118920891431314
25624,LOF,0.025478817721060573,0.03455684451232014,0.9399643377666193
25625,LOF,0.031271010994595116,0.043660887601979816,0.9250681014034251
25626,LOF,0.08680810051213578,0.03313859793384978,0.8800533015540145
25627,Neutral,0.527881471309174,0.12603284094283265,0.3460856877479934
25628,LOF,0.21270794324388564,0.06035267922752446,0.72693937752859
25629,LOF,0.0739321407056979,0.06678627126319907,0.859281588031103
25630,LOF,0.1712064078473944,0.09919536691701861,0.729598225235587
25631,Neutral,0.5841626251964079,0.0797724944316076,0.33606488037198434
25632,LOF,0.018657847885809282,0.07804941724116711,0.9032927348730236
25633,LOF,0.20535401915652782,0.06121573280270066,0.7334302480407715
25634,LOF,0.033517123817616526,0.08312283859608968,0.8833600375862938
25635,LOF,0.034199917884127455,0.06351091306186891,0.9022891690540036
25636,GOF,0.004606698756203752,0.6635441052563867,0.3318491959874096
25637,GOF,0.0049889462316753804,0.707232850049939,0.2877782037183857
25638,LOF,0.007541597718211582,0.4438427641544332,0.5486156381273553
25639,GOF,0.0046366854415913865,0.5468310976245659,0.4485322169338427
25640,GOF,0.4643588015552682,0.4691911727054229,0.06645002573930898
25641,LOF,0.00978886587527207,0.36951294327982165,0.6206981908449064
25642,LOF,0.30552733916286634,0.06704333454092033,0.6274293262962132
25643,LOF,0.25335543701971636,0.15660212194694495,0.5900424410333387
25644,GOF,0.014828998601542518,0.5419355129961352,0.44323548840232224
25645,GOF,0.015216501828983122,0.5230464740879455,0.46173702408307143
25646,LOF,0.019376579724645987,0.3731312620282739,0.6074921582470801
25647,LOF,0.015526027293026339,0.304633823658472,0.6798401490485017
25648,LOF,0.014729749912422445,0.32823074927885265,0.6570395008087249
25649,LOF,0.010976908327611999,0.24874386999601733,0.7402792216763706
25650,GOF,0.028395994041880215,0.5243938733100199,0.44721013264809995
25651,LOF,0.010454326063542758,0.305477612301083,0.6840680616353743
25652,LOF,0.017487834558015468,0.26993185737750025,0.7125803080644842
25653,LOF,0.05859091970095346,0.38901166888056216,0.5523974114184844
25654,LOF,0.01704627785274015,0.15985416287444856,0.8230995592728112
25655,LOF,0.0908588344470553,0.45035067045523264,0.4587904950977122
25656,LOF,0.07805266854872737,0.07164899916030057,0.850298332290972
25657,LOF,0.28281178776949906,0.03574150596728028,0.6814467062632207
25658,LOF,0.043488906827752506,0.08088173832001393,0.8756293548522335
25659,LOF,0.27367367811095894,0.06513631692091006,0.661190004968131
25660,LOF,0.07256755582029545,0.1005579842377036,0.8268744599420009
25661,LOF,0.04974864981648288,0.07163136034015904,0.8786199898433581
25662,LOF,0.02873270378139062,0.04378118314453935,0.92748611307407
25663,LOF,0.039355276833239194,0.06939815920633968,0.8912465639604212
25664,LOF,0.03361214824234947,0.09512918286928629,0.8712586688883642
25665,LOF,0.060453067590744036,0.045760913562380635,0.8937860188468754
25666,LOF,0.03237821018184888,0.14197292459330765,0.8256488652248435
25667,LOF,0.029944860337943174,0.055633072060751014,0.9144220676013058
25668,LOF,0.036155748650041716,0.05659088148659069,0.9072533698633676
25669,LOF,0.041999999666063895,0.08755996652957085,0.8704400338043652
25670,LOF,0.09610783643307057,0.08738578180450594,0.8165063817624234
25671,LOF,0.03890705200143899,0.047162644304737426,0.9139303036938237
25672,LOF,0.05803585417071424,0.06256880439890872,0.879395341430377
25673,LOF,0.03417370025112762,0.07520713014456677,0.8906191696043056
25674,LOF,0.027695696465102726,0.08169810003992997,0.8906062034949673
25675,LOF,0.03850952880183503,0.05480888531579027,0.9066815858823748
25676,LOF,0.03149959759906359,0.06032907051246505,0.9081713318884712
25677,LOF,0.05934921810456696,0.06398918760393825,0.8766615942914947
25678,LOF,0.2646051561884738,0.040113328209195304,0.6952815156023308
25679,LOF,0.16816476123526866,0.08533453702337697,0.7465007017413543
25680,LOF,0.06530422961471011,0.09351161935050162,0.8411841510347883
25681,LOF,0.10852410607532896,0.08627331138431425,0.8052025825403568
25682,LOF,0.04520813351219454,0.07541524541469675,0.8793766210731087
25683,LOF,0.08965120363422763,0.09216572953310548,0.8181830668326668
25684,LOF,0.05310627699247708,0.07965757744392227,0.8672361455636007
25685,LOF,0.09901725610995393,0.04901372714397783,0.8519690167460682
25686,LOF,0.03378259386781339,0.09804594543178238,0.8681714607004042
25687,LOF,0.054281987057682314,0.0706162182978478,0.8751017946444699
25688,LOF,0.024535135196458006,0.09154736076146446,0.8839175040420776
25689,LOF,0.019565366276811953,0.08134309957824673,0.8990915341449414
25690,LOF,0.02088975374842576,0.0824846543590731,0.8966255918925011
25691,LOF,0.1878886840953014,0.12689999435447205,0.6852113215502267
25692,LOF,0.2785586580307315,0.013713063871893737,0.7077282780973748
25693,LOF,0.05012538152813987,0.1416279678654772,0.8082466506063829
25694,LOF,0.23913131842611388,0.013291759473481903,0.7475769221004042
25695,LOF,0.1584732811072539,0.01961635522782711,0.821910363664919
25696,LOF,0.1594487413411127,0.01128865597716506,0.8292626026817222
25697,LOF,0.14450902141418873,0.022849901118550356,0.8326410774672609
25698,LOF,0.02432001775486647,0.36236578086817006,0.6133142013769634
25699,LOF,0.05401385289344686,0.052200979491490634,0.8937851676150625
25700,LOF,0.033037577967371425,0.008597110798704769,0.9583653112339239
25701,LOF,0.012284039260384303,0.075905378314709,0.9118105824249068
25702,GOF,0.031200467727277154,0.7384548592481452,0.23034467302457748
25703,LOF,0.015698615048355884,0.1847409619743955,0.7995604229772485
25704,LOF,0.08495645135947355,0.14518296477935055,0.769860583861176
25705,LOF,0.07049744777905204,0.22608290699371897,0.703419645227229
25706,GOF,0.04507576759088536,0.6364047521540502,0.3185194802550645
25707,GOF,0.025083126465682646,0.563041638840848,0.41187523469346926
25708,LOF,0.006406210370972082,0.4900308775741701,0.5035629120548578
25709,LOF,0.018368955752203826,0.06403920161651679,0.9175918426312795
25710,LOF,0.008673982120388715,0.17070888357313294,0.8206171343064783
25711,LOF,0.02071125701864489,0.12230878818540808,0.8569799547959469
25712,LOF,0.009745799696181954,0.2255181388449133,0.7647360614589047
25713,LOF,0.018734303697733,0.109450785555199,0.871814910747068
25714,LOF,0.021091006312820192,0.1349241087593653,0.8439848849278145
25715,LOF,0.0202795343347397,0.12183189739483402,0.8578885682704261
25716,LOF,0.01142770264787201,0.16096115960003887,0.8276111377520893
25717,LOF,0.005892125749168319,0.14370620283899732,0.8504016714118343
25718,LOF,0.02028018941929182,0.07994536707801057,0.8997744435026976
25719,LOF,0.03413651270941713,0.08762922453382084,0.878234262756762
25720,LOF,0.027073698544100366,0.08623238374311393,0.8866939177127856
25721,LOF,0.023181662220036744,0.09338601520451636,0.8834323225754468
25722,LOF,0.017300160359805253,0.12456231776315453,0.8581375218770402
25723,LOF,0.021809672724163367,0.07408588049868016,0.9041044467771564
25724,LOF,0.028047059111746167,0.1245260480683051,0.8474268928199488
25725,LOF,0.020132754940600874,0.06863655126560593,0.9112306937937933
25726,LOF,0.01608098991434916,0.10199243557626103,0.8819265745093898
25727,LOF,0.020516118586418934,0.092443877747632,0.8870400036659489
25728,LOF,0.020084321433973068,0.09965689039676798,0.880258788169259
25729,LOF,0.01893281965244852,0.10904702921261973,0.8720201511349318
25730,LOF,0.022125707203138195,0.08323418143915645,0.8946401113577054
25731,LOF,0.00958204549572347,0.21290705798236775,0.7775108965219087
25732,LOF,0.019109276352545095,0.1000721170245077,0.8808186066229472
25733,LOF,0.028298829984960888,0.08467994469982583,0.8870212253152133
25734,LOF,0.006492238154656275,0.2423953744695285,0.7511123873758153
25735,LOF,0.02131999719813256,0.07467540168546541,0.904004601116402
25736,LOF,0.020544300968562378,0.1213231418699415,0.8581325571614961
25737,LOF,0.041499489960180526,0.10988183331292019,0.8486186767268993
25738,LOF,0.02087734320002651,0.1509128788056623,0.8282097779943112
25739,LOF,0.024356406856090567,0.13401544485743883,0.8416281482864706
25740,LOF,0.0485415615755789,0.14291699718887946,0.8085414412355416
25741,LOF,0.02785826766213535,0.11868922587575167,0.8534525064621129
25742,LOF,0.0454090926205435,0.12917691151238905,0.8254139958670674
25743,LOF,0.01207199138823989,0.03773718409809062,0.9501908245136695
25744,GOF,0.18666950353854833,0.41965169176060046,0.3936788047008512
25745,LOF,0.025049307983683187,0.07240726405752772,0.9025434279587892
25746,LOF,0.012178566804832308,0.0964944543247127,0.891326978870455
25747,LOF,0.0281887228413757,0.03430120462092895,0.9375100725376954
25748,LOF,0.25708908727628405,0.06319180725992937,0.6797191054637867
25749,LOF,0.01365798765337737,0.06173341553658051,0.924608596810042
25750,LOF,0.015270069018519607,0.09183298681763502,0.8928969441638455
25751,LOF,0.03644480540074702,0.06305408523448197,0.900501109364771
25752,GOF,0.08790878146698117,0.6918785334008506,0.2202126851321681
25753,LOF,0.007503483536457502,0.3797942213857833,0.6127022950777592
25754,GOF,0.0067093490281698144,0.8704366773140295,0.12285397365780075
25755,LOF,0.00831937499017718,0.4669213500100263,0.5247592749997965
25756,LOF,0.05033026458775058,0.44027980536450056,0.5093899300477488
25757,GOF,0.0073494248043071515,0.8702651034461572,0.1223854717495357
25758,GOF,0.009022833563341255,0.8671745579826611,0.12380260845399764
25759,GOF,0.005532658282024185,0.5900806620093866,0.4043866797085893
25760,LOF,0.006698347384065753,0.3037745500517896,0.6895271025641446
25761,GOF,0.06318428324852543,0.8602658553845852,0.07654986136688942
25762,LOF,0.0288971045111877,0.3795882184516541,0.5915146770371581
25763,LOF,0.007510396070852909,0.26710205301962087,0.7253875509095262
25764,GOF,0.08172823219431019,0.6375267013881403,0.2807450664175494
25765,GOF,0.008264438580167247,0.8550118592271171,0.13672370219271565
25766,GOF,0.042289883265326116,0.8129382175320072,0.1447718992026667
25767,GOF,0.010211564842781707,0.5277974305316466,0.4619910046255716
25768,LOF,0.03747889207902489,0.07844771929687638,0.8840733886240988
25769,LOF,0.024252253005493152,0.08454085303419871,0.8912068939603082
25770,LOF,0.1651470617104237,0.07382155821523276,0.7610313800743436
25771,LOF,0.013498125195796703,0.08521826682159817,0.9012836079826052
25772,LOF,0.02243258894230167,0.03462593921029745,0.942941471847401
25773,LOF,0.016542509750251008,0.08977660015804845,0.8936808900917005
25774,LOF,0.02771310338094237,0.10136322702368285,0.8709236695953748
25775,LOF,0.01878678054286772,0.05104396114215757,0.9301692583149747
25776,LOF,0.026319286846956173,0.03175791569600404,0.9419227974570398
25777,LOF,0.23188646429451928,0.08052751013335613,0.6875860255721247
25778,LOF,0.018975966076591386,0.061882449173424496,0.9191415847499841
25779,GOF,0.032641903067406865,0.8966953173357713,0.07066277959682185
25780,GOF,0.06510655619544396,0.8861132754236137,0.04878016838094242
25781,GOF,0.031224195617037504,0.8910952177005715,0.0776805866823909
25782,GOF,0.02809711101295404,0.9143434724361296,0.05755941655091647
25783,GOF,0.018597258056687237,0.7956081725249265,0.18579456941838612
25784,GOF,0.0824425463617289,0.8800969374390905,0.03746051619918059
25785,GOF,0.052590667536161706,0.9083460607316195,0.03906327173221886
25786,GOF,0.007715224293387012,0.8759654691615799,0.11631930654503303
25787,GOF,0.1577018504395114,0.806704404326318,0.03559374523417072
25788,LOF,0.015811021351117546,0.21056630418981548,0.773622674459067
25789,GOF,0.015579952802785246,0.8769596975942615,0.10746034960295324
25790,GOF,0.015426978997772687,0.883535109438706,0.10103791156352149
25791,GOF,0.01589701903827726,0.841827376286095,0.14227560467562775
25792,GOF,0.01901638800016414,0.8543968777185422,0.1265867342812937
25793,GOF,0.05246338655761735,0.8434468577517444,0.10408975569063812
25794,GOF,0.04498359302854716,0.7687592773767349,0.186257129594718
25795,GOF,0.04714398329883084,0.7769750834943144,0.17588093320685477
25796,GOF,0.07091780500040681,0.844518468015652,0.0845637269839411
25797,GOF,0.04231488430450665,0.7212252223983493,0.236459893297144
25798,GOF,0.0032498907508469814,0.698915220749839,0.2978348884993141
25799,GOF,0.0028710643988694023,0.5818849805454107,0.41524395505572
25800,GOF,0.016286478612382985,0.7859761494703968,0.19773737191722032
25801,GOF,0.013200561276402489,0.8814526035238689,0.1053468351997286
25802,GOF,0.019094233505929106,0.8407757974245882,0.1401299690694828
25803,GOF,0.013069305782056229,0.7422668223926784,0.2446638718252654
25804,GOF,0.01461939214674987,0.658955105141659,0.32642550271159115
25805,GOF,0.021690899065607977,0.7406522037874138,0.2376568971469782
25806,GOF,0.018115089216875584,0.8073082086918484,0.1745767020912761
25807,GOF,0.005765913274804249,0.7782168470506949,0.2160172396745009
25808,GOF,0.014021306969158934,0.7865011964829424,0.19947749654789865
25809,GOF,0.007286642473874523,0.7783307330259698,0.2143826245001556
25810,GOF,0.006135179177860644,0.7789249798409245,0.21493984098121488
25811,GOF,0.03433075885271726,0.8838461677111035,0.0818230734361793
25812,GOF,0.01699386193625973,0.7831952488636036,0.19981088920013668
25813,GOF,0.08877348691778804,0.8260598330445131,0.08516668003769874
25814,GOF,0.020779077404685594,0.8231605082022383,0.15606041439307605
25815,GOF,0.03503180294430689,0.8433039415018777,0.1216642555538154
25816,GOF,0.007543449231104707,0.8809614127012475,0.1114951380676477
25817,GOF,0.09043533308694655,0.8261777924525276,0.08338687446052566
25818,GOF,0.02012623747089172,0.8422530883664592,0.1376206741626492
25819,GOF,0.05604792315674914,0.8012844852425983,0.1426675916006524
25820,GOF,0.02378205362669081,0.7981693075068569,0.17804863886645225
25821,GOF,0.016302362058002,0.7928697639664865,0.1908278739755116
25822,GOF,0.02986223856957872,0.7925918238831913,0.1775459375472298
25823,GOF,0.01734669350851575,0.6909874753306816,0.2916658311608027
25824,GOF,0.017334973887784762,0.7828730696843939,0.19979195642782144
25825,GOF,0.013992287683535293,0.7788990355036514,0.20710867681281325
25826,GOF,0.005718745363310446,0.7671125065876322,0.22716874804905743
25827,GOF,0.009705721890745655,0.7155286634933677,0.2747656146158865
25828,GOF,0.0078185103408407,0.7001527960765419,0.29202869358261735
25829,GOF,0.0033398994339085817,0.7437048332343087,0.2529552673317827
25830,GOF,0.035660288306847386,0.5600473237995353,0.4042923878936174
25831,GOF,0.057617006605189196,0.8283349003639501,0.11404809303086082
25832,GOF,0.008624179254776187,0.8207687538817611,0.17060706686346278
25833,GOF,0.031325793703728635,0.8598938136739749,0.10878039262229643
25834,GOF,0.008595087777476616,0.8270153646817046,0.164389547540819
25835,GOF,0.020214684170118822,0.8768288708790952,0.10295644495078576
25836,GOF,0.0060839015800666,0.8280251280094391,0.16589097041049441
25837,GOF,0.006230803514126992,0.7170150983658591,0.276754098120014
25838,GOF,0.01915875127915634,0.8667624567059344,0.11407879201490935
25839,GOF,0.04118099539991671,0.848789612983676,0.11002939161640735
25840,GOF,0.07314297496242979,0.8155344260545183,0.1113225989830518
25841,GOF,0.07383511042749395,0.827260356992037,0.09890453258046894
25842,GOF,0.021388114826806918,0.8971525982531243,0.08145928692006878
25843,GOF,0.022375088605048995,0.90171683705835,0.07590807433660088
25844,GOF,0.01317508722727647,0.8484936386912849,0.13833127408143864
25845,GOF,0.0044747294013423354,0.6630096022258902,0.33251566837276747
25846,GOF,0.05627406742224825,0.8499547406776231,0.09377119190012859
25847,GOF,0.014587399297059071,0.9116415193819721,0.07377108132096889
25848,GOF,0.01506848855524138,0.8786834615052518,0.10624804993950672
25849,GOF,0.005365592809075758,0.778013281470315,0.2166211257206093
25850,GOF,0.005134274563005527,0.7766930852439432,0.21817264019305127
25851,GOF,0.00458116469850605,0.6697981598725755,0.3256206754289184
25852,GOF,0.13415695311551154,0.5864368030101186,0.27940624387436985
25853,GOF,0.06673790403846981,0.8504076038975487,0.08285449206398154
25854,GOF,0.004244271899406462,0.7292481324315921,0.2665075956690015
25855,GOF,0.017072562606180435,0.6994903467759549,0.2834370906178647
25856,GOF,0.0322239676236751,0.8035655845500644,0.16421044782626049
25857,GOF,0.018173851832796652,0.6697861043015256,0.3120400438656778
25858,GOF,0.007061125591616725,0.6804406028509663,0.31249827155741694
25859,GOF,0.005546872279659135,0.6635913357221327,0.33086179199820814
25860,GOF,0.07152399047099732,0.8421414028997841,0.08633460662921852
25861,GOF,0.08173196517655695,0.8228966534608162,0.09537138136262681
25862,GOF,0.01503053869965316,0.8858115968339576,0.09915786446638916
25863,GOF,0.01663334412096166,0.8863052829981614,0.09706137288087709
25864,GOF,0.04651084675500255,0.8882557445157959,0.06523340872920155
25865,GOF,0.03742481785482362,0.8554424014844528,0.1071327806607234
25866,GOF,0.01935507802158187,0.8839361918177396,0.09670873016067857
25867,GOF,0.03148454892053528,0.8908944224124278,0.07762102866703692
25868,GOF,0.0455546402641822,0.8535608432067656,0.10088451652905212
25869,GOF,0.3078730400892836,0.6271723396497484,0.06495462026096804
25870,GOF,0.05916817082106391,0.7103531080736969,0.23047872110523912
25871,GOF,0.009141765056078235,0.8977148893260192,0.09314334561790266
25872,GOF,0.017968459505304082,0.8840627545258157,0.09796878596888015
25873,GOF,0.018186273830164825,0.907386276850516,0.07442744931931916
25874,LOF,0.016171786751191655,0.24680442754591622,0.7370237857028921
25875,LOF,0.047547775171937284,0.04664741427307045,0.9058048105549923
25876,LOF,0.017877743053374463,0.04374024452265045,0.938382012423975
25877,LOF,0.11916030607125867,0.0915015387000687,0.7893381552286727
25878,LOF,0.07316690197738698,0.12721162182683543,0.7996214761957776
25879,LOF,0.024651444311017224,0.08849154074897858,0.8868570149400042
25880,LOF,0.05770952887602794,0.01408872523924891,0.928201745884723
25881,Neutral,0.5175024347465867,0.07223171809088749,0.4102658471625258
25882,LOF,0.06336561513294163,0.0279108783382347,0.9087235065288236
25883,LOF,0.027978934443089437,0.02831108920270379,0.9437099763542067
25884,LOF,0.01961946851032522,0.05282143145070679,0.927559100038968
25885,LOF,0.21246319651460596,0.01455512151492871,0.7729816819704655
25886,LOF,0.2690053195447164,0.05490549152711663,0.6760891889281669
25887,LOF,0.1657184186522349,0.07645870016071232,0.7578228811870527
25888,LOF,0.010304154889327108,0.14401283423013564,0.8456830108805373
25889,LOF,0.02429998258190421,0.03956434786533065,0.9361356695527652
25890,LOF,0.16734389125151994,0.10690022145548578,0.7257558872929942
25891,LOF,0.12220040523493318,0.025406768535278918,0.852392826229788
25892,LOF,0.008732851614383598,0.03974654396832867,0.9515206044172878
25893,LOF,0.346773797834482,0.011528602861968622,0.6416975993035494
25894,LOF,0.40437172916475916,0.006682995867462125,0.5889452749677788
25895,LOF,0.35535626907506046,0.01489980075827322,0.6297439301666664
25896,LOF,0.06724751575042104,0.021141614067260017,0.911610870182319
25897,LOF,0.1746088506376799,0.010585489272771009,0.814805660089549
25898,LOF,0.15801849520486352,0.036639726880622746,0.8053417779145138
25899,LOF,0.4566959130841329,0.021394267861063514,0.5219098190548036
25900,Neutral,0.516668707590106,0.007712300807758708,0.4756189916021352
25901,LOF,0.06193400472368214,0.00986968931572997,0.9281963059605879
25902,LOF,0.16994337655850988,0.01087101685221377,0.8191856065892763
25903,LOF,0.3686511233419413,0.02699994881787568,0.604348927840183
25904,Neutral,0.5254842295200851,0.03236422851764825,0.4421515419622666
25905,GOF,0.006199230317704746,0.5097164272215323,0.4840843424607628
25906,LOF,0.007992668112999568,0.11155360582596216,0.8804537260610383
25907,LOF,0.00504313501302546,0.37823765033290757,0.616719214654067
25908,LOF,0.00484613642673192,0.28348623725885597,0.7116676263144122
25909,LOF,0.02639250762803757,0.1640027935308186,0.8096046988411437
25910,LOF,0.012252303706018547,0.14715945042301568,0.8405882458709658
25911,LOF,0.2537413269158407,0.05536374977956101,0.6908949233045982
25912,LOF,0.10146993798600909,0.050093986533108294,0.8484360754808825
25913,LOF,0.0244692343786317,0.08475850582319992,0.8907722597981683
25914,LOF,0.03514700997106569,0.04127587352022885,0.9235771165087054
25915,LOF,0.19214133537041422,0.172322491636983,0.6355361729926028
25916,LOF,0.03023595311893909,0.10623548352355726,0.8635285633575036
25917,LOF,0.07088304415828527,0.03390255925492395,0.8952143965867907
25918,LOF,0.040631270996013734,0.02587983841050909,0.9334888905934773
25919,LOF,0.03663458015283437,0.024719551396632768,0.9386458684505328
25920,LOF,0.33483015065474986,0.20648492075572378,0.4586849285895264
25921,LOF,0.014744841191153274,0.03805277216742465,0.9472023866414221
25922,LOF,0.017323993726912724,0.037245406850743006,0.9454305994223443
25923,LOF,0.42739171721958125,0.03412812274694097,0.5384801600334778
25924,LOF,0.019722423456165948,0.055193941600581074,0.925083634943253
25925,LOF,0.08090383174660853,0.04540382605185489,0.8736923422015366
25926,LOF,0.06498686923273905,0.04322221424508985,0.8917909165221711
25927,LOF,0.01921250806395596,0.06721380730008485,0.9135736846359592
25928,LOF,0.008596965412630062,0.05229798929905965,0.9391050452883103
25929,Neutral,0.5561138430898205,0.032286209594925175,0.41159994731525423
25930,LOF,0.07842066970612231,0.032162155670425505,0.8894171746234523
25931,LOF,0.01219897343496564,0.04000644441674797,0.9477945821482864
25932,LOF,0.06284204032965277,0.03620499029976257,0.9009529693705847
25933,LOF,0.06546630809462999,0.021107753085339333,0.9134259388200308
25934,LOF,0.05516725152250619,0.018718192935207958,0.9261145555422859
25935,LOF,0.0748105250499186,0.05750499962294834,0.867684475327133
25936,LOF,0.10067669911140878,0.020947643853763017,0.8783756570348282
25937,LOF,0.013672799559880218,0.04620942171822132,0.9401177787218986
25938,LOF,0.07354300653180075,0.04876840950785924,0.87768858396034
25939,LOF,0.0466668731447765,0.026274473667124605,0.927058653188099
25940,LOF,0.009692538536160493,0.3914035140683556,0.5989039473954839
25941,Neutral,0.542169560100951,0.053796586850529335,0.40403385304851963
25942,LOF,0.010568593965249258,0.06196901584810069,0.92746239018665
25943,LOF,0.055601548384441736,0.22746012273790903,0.7169383288776492
25944,LOF,0.055053635071503355,0.10968669674908979,0.8352596681794069
25945,LOF,0.11529074618724176,0.03171354439328859,0.8529957094194696
25946,LOF,0.07167440373786016,0.040740228821210187,0.8875853674409295
25947,Neutral,0.4928189495073899,0.10099624740329663,0.4061848030893135
25948,LOF,0.4122645819328553,0.019634617155205286,0.5681008009119394
25949,LOF,0.14935370640628667,0.08753517703454297,0.7631111165591704
25950,GOF,0.05610270693867886,0.6034882990264756,0.3404089940348455
25951,LOF,0.014375535273501992,0.4363930975553939,0.5492313671711041
25952,LOF,0.2604548581588712,0.2745765465067861,0.4649685953343427
25953,LOF,0.00783202762969679,0.18952595331680464,0.8026420190534986
25954,LOF,0.06426509393112426,0.46612841851509473,0.4696064875537809
25955,LOF,0.006317611468986409,0.1810013169447277,0.8126810715862858
25956,LOF,0.016450805286736956,0.22870718519760982,0.7548420095156533
25957,LOF,0.1543928271951701,0.03173974613379122,0.8138674266710387
25958,LOF,0.033416702745815416,0.060894287228325926,0.9056890100258587
25959,GOF,0.011149297308520378,0.7045476131663184,0.2843030895251611
25960,LOF,0.0053789651094760475,0.09505888824010103,0.899562146650423
25961,LOF,0.03166404163813848,0.05174260691915179,0.9165933514427097
25962,LOF,0.053462391927521904,0.06287896408886039,0.8836586439836177
25963,LOF,0.00560576572855417,0.17322238674151952,0.8211718475299263
25964,LOF,0.02649615762551008,0.10957304960356819,0.8639307927709218
25965,LOF,0.2664205915452159,0.12735990985162465,0.6062194986031594
25966,LOF,0.4129903908877833,0.13064852438450392,0.45636108472771286
25967,LOF,0.008101017602724199,0.08844043905047283,0.9034585433468029
25968,LOF,0.04537216366650052,0.2605689424811217,0.6940588938523778
25969,LOF,0.14835040108469102,0.06020008426738163,0.7914495146479272
25970,LOF,0.05422962933468924,0.09820089279048418,0.8475694778748266
25971,LOF,0.08239692751406211,0.036494386289328024,0.8811086861966099
25972,LOF,0.07561852614317272,0.06071541005560892,0.8636660638012184
25973,LOF,0.06420661529937734,0.00963663436016076,0.926156750340462
25974,LOF,0.05007456866669838,0.042794332617645335,0.9071310987156562
25975,LOF,0.04266879056333321,0.018762833414972608,0.9385683760216943
25976,LOF,0.09282035020684425,0.011303772885201194,0.8958758769079547
25977,LOF,0.24574632197422222,0.06241440962263837,0.6918392684031394
25978,LOF,0.18597978588091602,0.10810394592485145,0.7059162681942326
25979,LOF,0.15817481297233044,0.12759689030227062,0.7142282967253989
25980,LOF,0.2535303518276645,0.1756770243377659,0.5707926238345696
25981,LOF,0.25470792860041674,0.17702535196220423,0.5682667194373789
25982,Neutral,0.47341639037663186,0.08177033291349893,0.4448132767098692
25983,Neutral,0.4713955442485899,0.10504572432074205,0.4235587314306681
25984,LOF,0.040409358006256696,0.09951450790447691,0.8600761340892664
25985,LOF,0.359681188264113,0.15983268574942286,0.4804861259864642
25986,LOF,0.010406382921258794,0.4257526090963039,0.5638410079824372
25987,LOF,0.04692348250800832,0.10065108345287876,0.8524254340391131
25988,LOF,0.0402909831396123,0.1621347977533052,0.7975742191070826
25989,LOF,0.03996726369590033,0.19119675630750183,0.7688359799965978
25990,LOF,0.038333640688196516,0.3047277684405172,0.6569385908712864
25991,LOF,0.01976083737916656,0.438080831981361,0.5421583306394724
25992,LOF,0.020913281959052423,0.44303360710448075,0.5360531109364668
25993,LOF,0.028861118097353835,0.06815726872350104,0.902981613179145
25994,LOF,0.023159924181578178,0.06577828749089568,0.9110617883275263
25995,LOF,0.02073959367239528,0.11492326100887551,0.8643371453187292
25996,GOF,0.32741919601108754,0.34756013661431984,0.3250206673745926
25997,LOF,0.05682611952195914,0.3797117276196224,0.5634621528584184
25998,LOF,0.29940176128080576,0.048753885138145034,0.6518443535810492
25999,LOF,0.03620856773704177,0.18514758933019973,0.7786438429327585
26000,LOF,0.15442226490918795,0.02352177524556211,0.8220559598452499
26001,LOF,0.29272321194416107,0.03549938108322004,0.6717774069726189
26002,LOF,0.11943828545023198,0.03516810692656766,0.8453936076232004
26003,GOF,0.007096417261621188,0.6410801706997139,0.35182341203866485
26004,GOF,0.014398013858539137,0.679314082515228,0.306287903626233
26005,LOF,0.0050347764841348775,0.4663100622927228,0.5286551612231423
26006,GOF,0.1415526020638201,0.539719322326118,0.31872807561006183
26007,GOF,0.010658673605017053,0.5224850529108097,0.4668562734841733
26008,GOF,0.006576732346931275,0.5845449483996534,0.4088783192534153
26009,GOF,0.010441738923419602,0.6508286119765623,0.33872964910001807
26010,GOF,0.009666072574354593,0.6155126443403561,0.3748212830852892
26011,LOF,0.004321574441605984,0.42462084650487764,0.5710575790535165
26012,LOF,0.004755490990963454,0.47702781607361866,0.5182166929354178
26013,GOF,0.009133158727423136,0.5517443071968734,0.43912253407570345
26014,LOF,0.06897660940059637,0.09864362899035622,0.8323797616090474
26015,LOF,0.34564108630276114,0.0397912153800639,0.614567698317175
26016,LOF,0.2932355419910441,0.05409424333884028,0.6526702146701155
26017,LOF,0.015718345464793084,0.27360180110540216,0.7106798534298049
26018,LOF,0.024126777518173412,0.08250123898826038,0.8933719834935662
26019,LOF,0.023764036753095512,0.0733970496352146,0.9028389136116899
26020,LOF,0.007797897567985018,0.2703841756886704,0.7218179267433446
26021,LOF,0.09188440643339399,0.0892239903240236,0.8188916032425825
26022,LOF,0.032219283249390655,0.038306220425879334,0.9294744963247301
26023,LOF,0.020648110664054822,0.05550586710573802,0.9238460222302072
26024,LOF,0.048799845199371604,0.07769093692402675,0.8735092178766015
26025,LOF,0.0724888387592567,0.10031221440425835,0.8271989468364849
26026,LOF,0.10131934697622474,0.08306895336811233,0.8156116996556629
26027,LOF,0.024298522479846173,0.03706559569926418,0.9386358818208895
26028,LOF,0.09517474069561593,0.16582136092216407,0.7390038983822199
26029,LOF,0.030302928402462296,0.2094608555764543,0.7602362160210834
26030,LOF,0.1545854463090203,0.028069817250066794,0.8173447364409129
26031,LOF,0.011557577175195084,0.16482771499242233,0.8236147078323826
26032,LOF,0.041364283641470816,0.06430206711526484,0.8943336492432643
26033,LOF,0.04814535876396604,0.058316300277135594,0.8935383409588983
26034,LOF,0.016385556651204513,0.17084660422036982,0.8127678391284257
26035,LOF,0.012483150704746522,0.11507465067835472,0.8724421986168989
26036,LOF,0.013238264542814737,0.13194513441466985,0.8548166010425154
26037,LOF,0.01033995958412867,0.1077929394490406,0.8818671009668307
26038,LOF,0.035125745567364745,0.05700850926255437,0.907865745170081
26039,LOF,0.03233452597012233,0.14858884804519035,0.8190766259846874
26040,LOF,0.08747228275843043,0.13873724628760872,0.7737904709539608
26041,LOF,0.014750718859366668,0.09534074852938823,0.8899085326112451
26042,LOF,0.01344513030062726,0.10585773071490295,0.8806971389844698
26043,LOF,0.03503563474802001,0.08128218858727575,0.8836821766647043
26044,LOF,0.011650694135413534,0.05998340825587917,0.9283658976087072
26045,LOF,0.06547947268778048,0.11455159069660611,0.8199689366156134
26046,LOF,0.030934416278823512,0.06289563199265025,0.9061699517285263
26047,LOF,0.05828330994958659,0.06255175885945347,0.87916493119096
26048,LOF,0.0706102978879939,0.030854686448305604,0.8985350156637004
26049,Neutral,0.9482076478707775,0.00976214526183721,0.04203020686738537
26050,Neutral,0.9203226591392359,0.010386539446077923,0.06929080141468609
26051,LOF,0.023617322560698737,0.10502561654947196,0.8713570608898292
26052,LOF,0.04123521205709252,0.12303871420562798,0.8357260737372796
26053,LOF,0.024714554051340966,0.14585457198923152,0.8294308739594276
26054,LOF,0.046464679862938695,0.03293819519594912,0.9205971249411121
26055,LOF,0.07187395096983266,0.03090975802593987,0.8972162910042275
26056,LOF,0.05870267205650895,0.03855052368490813,0.9027468042585828
26057,LOF,0.05943534281368613,0.01621380053311082,0.9243508566532032
26058,LOF,0.0641434258370606,0.013497904944574719,0.9223586692183646
26059,LOF,0.20590050183276956,0.03696373741510513,0.7571357607521253
26060,LOF,0.019110144393032543,0.16882502314339368,0.8120648324635737
26061,LOF,0.009685174775964471,0.012168421755019632,0.9781464034690159
26062,LOF,0.005881421945358892,0.01748667433199225,0.9766319037226489
26063,LOF,0.04037541334069289,0.011789567469586846,0.9478350191897204
26064,LOF,0.010265552593152991,0.029624965108429366,0.9601094822984176
26065,LOF,0.05101565633973967,0.014757625718196565,0.9342267179420638
26066,LOF,0.04066456915598701,0.012179248900319763,0.9471561819436932
26067,LOF,0.04677196785988021,0.011407062533184516,0.9418209696069352
26068,LOF,0.05599704227960091,0.04716890224250906,0.8968340554778901
26069,LOF,0.29458509648050696,0.031458344155311714,0.6739565593641814
26070,Neutral,0.5721792063430482,0.022718531497802487,0.40510226215914935
26071,LOF,0.04758863126729503,0.012666380380870269,0.9397449883518346
26072,LOF,0.008596809605912276,0.019687870001007815,0.97171532039308
26073,LOF,0.03792901547540123,0.014149266427344489,0.9479217180972543
26074,Neutral,0.8709466811659655,0.011180711081823723,0.11787260775221081
26075,LOF,0.0583505958041843,0.02334667669122299,0.9183027275045927
26076,LOF,0.055611338892004446,0.012622324770853465,0.931766336337142
26077,LOF,0.15344188023367938,0.007369824840057221,0.8391882949262635
26078,LOF,0.006393079082077858,0.020015745879630197,0.973591175038292
26079,LOF,0.06851090828144915,0.023154304462833303,0.9083347872557175
26080,LOF,0.06714678943658464,0.023296609602766652,0.9095566009606487
26081,LOF,0.037018762572906934,0.009992903538460945,0.952988333888632
26082,LOF,0.005861346537647013,0.018841379529758912,0.9752972739325941
26083,LOF,0.11463878520951873,0.023885948883859674,0.8614752659066215
26084,LOF,0.11026192212228257,0.015881290191137556,0.8738567876865798
26085,LOF,0.09640867283402033,0.013589903607665509,0.8900014235583141
26086,LOF,0.04112237348895136,0.013161641880698413,0.9457159846303503
26087,LOF,0.03949771560771987,0.011966527108510807,0.9485357572837693
26088,LOF,0.007138403686873075,0.02634450868565337,0.9665170876274736
26089,LOF,0.04376922570946454,0.0393872416575251,0.9168435326330103
26090,LOF,0.04430358934656902,0.029349705955866844,0.9263467046975642
26091,LOF,0.029128635632780796,0.00895934919971318,0.961912015167506
26092,LOF,0.04580352852690975,0.009377629653284175,0.9448188418198061
26093,LOF,0.08364067935316004,0.006698897561964176,0.9096604230848759
26094,LOF,0.03368895754537413,0.00867854544523933,0.9576324970093867
26095,LOF,0.02697973923212616,0.02036256658199954,0.9526576941858743
26096,LOF,0.1849010791858377,0.006107075513565317,0.808991845300597
26097,LOF,0.007079818815698035,0.039391639038285575,0.9535285421460163
26098,LOF,0.12873585123135323,0.02002041616684692,0.8512437326017998
26099,LOF,0.04130741160392124,0.020652081731765352,0.9380405066643134
26100,LOF,0.04130379973647713,0.020650275940049923,0.938045924323473
26101,LOF,0.06336844135749636,0.0348283348501942,0.9018032237923094
26102,LOF,0.034238021788252755,0.018650428339068038,0.9471115498726791
26103,Neutral,0.8930931358922901,0.029944269035180226,0.07696259507252969
26104,LOF,0.05931368790134246,0.04455353070618625,0.8961327813924713
26105,LOF,0.25426817544597485,0.13181893870609615,0.6139128858479289
26106,LOF,0.3188597148102906,0.07082976694790183,0.6103105182418077
26107,LOF,0.0239796505963818,0.08264735801453414,0.893372991389084
26108,LOF,0.2336762789627612,0.04161553548915247,0.7247081855480864
26109,LOF,0.07913507777835248,0.03406350720488991,0.8868014150167576
26110,LOF,0.4441582152554428,0.00898904065461982,0.5468527440899373
26111,LOF,0.05632193316021098,0.12786967726384785,0.8158083895759413
26112,LOF,0.05308130357109617,0.009619456254025292,0.9372992401748784
26113,LOF,0.10797534804252361,0.022196126610555658,0.8698285253469207
26114,LOF,0.08532036356716302,0.01178316172094137,0.9028964747118956
26115,LOF,0.017888228060084513,0.057886165503153474,0.9242256064367619
26116,LOF,0.07853065620852395,0.025940706786198038,0.895528637005278
26117,LOF,0.33222725383043145,0.04462928601529246,0.623143460154276
26118,LOF,0.051033076188496514,0.0193579203476908,0.9296090034638126
26119,LOF,0.006338060805002025,0.037503479436100114,0.9561584597588979
26120,LOF,0.03374021127952031,0.018610329989804043,0.9476494587306757
26121,LOF,0.004062715255944037,0.13297448536600717,0.8629627993780489
