feature0,prediction,LoGoFunc_Neutral,LoGoFunc_GOF,LoGoFunc_LOF
25546,Neutral,0.6418028810768395,0.07202533548156329,0.2861717834415973
25547,Neutral,0.5156228323839637,0.15728005443899845,0.32709711317703793
25548,Neutral,0.4777334335858942,0.10550586478941425,0.4167607016246917
25549,Neutral,0.4392440271606691,0.12494315486474528,0.4358128179745855
25550,Neutral,0.5941961575290435,0.0765447924301656,0.329259050040791
25551,Neutral,0.6314569845263573,0.08455856645351785,0.2839844490201248
25552,LOF,0.31027042365309276,0.12062839695414113,0.5691011793927662
25553,Neutral,0.511135038600563,0.0643680264520979,0.4244969349473392
25554,LOF,0.3431064866708146,0.12558444880253505,0.5313090645266503
25555,LOF,0.2729410760653772,0.10579631001573542,0.6212626139188874
25556,LOF,0.3532505292345299,0.11492804886476601,0.531821421900704
25557,LOF,0.26744806398946397,0.11254310321571853,0.6200088327948176
25558,LOF,0.35625723211160953,0.11908482556127897,0.5246579423271114
25559,LOF,0.27012340994011813,0.0726292549392397,0.6572473351206422
25560,LOF,0.04625143400823214,0.21337479381730126,0.7403737721744666
25561,LOF,0.1269553608875824,0.20561850192294792,0.6674261371894697
25562,LOF,0.10889615463578717,0.044520050215253744,0.8465837951489592
25563,LOF,0.16582184701181626,0.06711821071443182,0.767059942273752
25564,LOF,0.057567998451532564,0.11600909122206615,0.8264229103264012
25565,LOF,0.13054138562106865,0.26897902094176124,0.6004795934371702
25566,GOF,0.02826636679634048,0.551410771391368,0.42032286181229156
25567,LOF,0.018458524391096996,0.08819710108810108,0.893344374520802
25568,LOF,0.09814220927071209,0.12883411273031634,0.7730236779989715
25569,LOF,0.2593137556728241,0.016833090006216057,0.7238531543209599
25570,LOF,0.08929821819885256,0.09571890897136102,0.8149828728297864
25571,LOF,0.0990933086380993,0.0661972484464636,0.8347094429154371
25572,LOF,0.08216256458176953,0.09963105729504011,0.8182063781231904
25573,LOF,0.04013033201187883,0.08349069420400652,0.8763789737841147
25574,LOF,0.015515428484302337,0.18800140676896776,0.7964831647467299
25575,LOF,0.09112330979478851,0.04061943365276148,0.86825725655245
25576,LOF,0.028091351713439846,0.03445582703485557,0.9374528212517047
25577,LOF,0.02114722529768395,0.0536798697994662,0.9251729049028499
25578,LOF,0.3244296202715238,0.09135023085543084,0.5842201488730454
25579,LOF,0.11326428775017074,0.09363092986726486,0.7931047823825644
25580,LOF,0.055310780766052926,0.022975691299759148,0.921713527934188
25581,LOF,0.09105702950235658,0.12665435269308178,0.7822886178045616
25582,LOF,0.09188900269534861,0.07655638746053442,0.831554609844117
25583,LOF,0.06537330842689576,0.025799490179757138,0.908827201393347
25584,Neutral,0.5178337269295777,0.04706238963391032,0.435103883436512
25585,LOF,0.0228613419776226,0.036335182169008516,0.9408034758533689
25586,LOF,0.06344223241988574,0.04608820847375376,0.8904695591063604
25587,LOF,0.04494111510039373,0.03380586697846234,0.921253017921144
25588,LOF,0.05217748697216505,0.04637517085211623,0.9014473421757188
25589,Neutral,0.730816816273437,0.08153020069848532,0.18765298302807765
25590,LOF,0.03753807123454556,0.09114400729753502,0.8713179214679193
25591,LOF,0.11464578121517599,0.054288156955079596,0.8310660618297444
25592,LOF,0.23708030121697501,0.13454850142302185,0.6283711973600031
25593,LOF,0.02233529142819072,0.3208301519000354,0.6568345566717738
25594,LOF,0.07232678959947313,0.10008373856488162,0.8275894718356452
25595,LOF,0.055291194621896494,0.2066609143798864,0.7380478909982171
25596,LOF,0.11917120652680986,0.07828002734315999,0.8025487661300301
25597,LOF,0.1119037890489608,0.05188201083958294,0.8362142001114563
25598,LOF,0.17276400259106536,0.07087379518130243,0.7563622022276322
25599,LOF,0.013530015954743102,0.21536782892681092,0.7711021551184459
25600,LOF,0.015453674521489137,0.26228269671461296,0.7222636287638979
25601,LOF,0.010252520556060287,0.1716676530447074,0.8180798263992323
25602,LOF,0.04176527385268692,0.12196639421364425,0.8362683319336689
25603,LOF,0.04157606357755924,0.11935862141071914,0.8390653150117217
25604,LOF,0.028352294502002405,0.1790355962841894,0.7926121092138082
25605,LOF,0.014854266740407341,0.3405189001797499,0.6446268330798427
25606,GOF,0.06953870649658069,0.5504882063828977,0.3799730871205216
25607,LOF,0.0034192271197700957,0.21848270629512512,0.7780980665851048
25608,LOF,0.02955368408846999,0.04523815953409582,0.9252081563774341
25609,LOF,0.18125777508535557,0.1379504002265778,0.6807918246880666
25610,LOF,0.0380838756048385,0.08202712918239201,0.8798889952127695
25611,LOF,0.05513036799252308,0.07435720201640073,0.8705124299910761
25612,LOF,0.12142654772715648,0.09737910980779935,0.7811943424650442
25613,LOF,0.03961259346336548,0.1647978586195877,0.7955895479170467
25614,LOF,0.031197862521620538,0.10053394786436164,0.8682681896140179
25615,LOF,0.03464700263823705,0.08209768806255802,0.8832553092992049
25616,LOF,0.024007848308169,0.1432533306771842,0.8327388210146467
25617,LOF,0.04589208827303999,0.09623503282566642,0.8578728789012936
25618,LOF,0.0889500551011225,0.4099315088915747,0.5011184360073028
25619,LOF,0.04047978280478082,0.09630773944495519,0.8632124777502639
25620,LOF,0.030900971476327706,0.12782363155733634,0.8412753969663359
25621,LOF,0.04414756607010102,0.09119644482048894,0.86465598910941
25622,LOF,0.03331008949495756,0.12765103645962006,0.8390388740454224
25623,LOF,0.05517966846881282,0.1163457743623707,0.8284745571688165
25624,LOF,0.029767283656581253,0.14900155994397338,0.8212311563994454
25625,LOF,0.03623508241711513,0.12778902656062208,0.8359758910222629
25626,LOF,0.13965474629421798,0.06544024733725158,0.7949050063685305
25627,Neutral,0.46768245409206893,0.16811549007925236,0.36420205582867876
25628,LOF,0.13798335730105188,0.0426745451314246,0.8193420975675235
25629,LOF,0.1832019271059132,0.04746089189433226,0.7693371809997545
25630,LOF,0.07773454369052492,0.06154035122828908,0.860725105081186
25631,Neutral,0.48031488571789205,0.13741313419050782,0.38227198009160007
25632,LOF,0.0125920853135759,0.05746424142633314,0.9299436732600911
25633,LOF,0.31433782492566176,0.22716374273368128,0.45849843234065696
25634,LOF,0.06949530647224508,0.1786730009339834,0.7518316925937716
25635,LOF,0.04145713259890489,0.06276235803517541,0.8957805093659197
25636,GOF,0.004757421864432708,0.557994188416086,0.43724838971948127
25637,LOF,0.0052106425202947185,0.2867050261275055,0.7080843313521998
25638,LOF,0.006313211969257762,0.32869114146565986,0.6649956465650824
25639,LOF,0.0060022087601445725,0.22609611280810438,0.767901678431751
25640,Neutral,0.5658734195459585,0.28877044562786397,0.14535613482617754
25641,LOF,0.010509397510178467,0.12255543761051126,0.8669351648793102
25642,LOF,0.3159774595802447,0.03724579399428678,0.6467767464254685
25643,LOF,0.4187419574341528,0.00958575565701753,0.5716722869088297
25644,LOF,0.011482576467514058,0.4022875025637885,0.5862299209686974
25645,GOF,0.009705998389171572,0.5351100671328848,0.4551839344779436
25646,LOF,0.01005332264938436,0.3476433507613357,0.6423033265892799
25647,LOF,0.010942918234116335,0.3492611805254349,0.6397959012404488
25648,LOF,0.008556397650916044,0.388583313006033,0.602860289343051
25649,LOF,0.008401958266797802,0.21005995138001085,0.7815380903531912
25650,GOF,0.0281135996660462,0.5159711864314328,0.45591521390252093
25651,LOF,0.0075677765440983515,0.35333331592409417,0.6390989075318075
25652,LOF,0.01661153431375743,0.30992926926964204,0.6734591964166006
25653,GOF,0.0751179611748657,0.5903961931920632,0.33448584563307115
25654,GOF,0.011077902183873797,0.5438100795327437,0.4451120182833826
25655,GOF,0.07981994853016365,0.5537302848575552,0.36644976661228124
25656,LOF,0.06335169676048572,0.34183273408564946,0.5948155691538649
25657,LOF,0.23021188052809644,0.03772031311467446,0.7320678063572291
25658,LOF,0.02530684982301435,0.30673042128657535,0.6679627288904103
25659,LOF,0.13065019062863875,0.20708974471526162,0.6622600646560997
25660,LOF,0.09599435916547207,0.12774339136453777,0.7762622494699902
25661,LOF,0.08062953887628,0.07741034796413754,0.8419601131595825
25662,LOF,0.053045194596817016,0.07435531231948835,0.8725994930836946
25663,LOF,0.0525290970571098,0.09650209507102707,0.8509688078718631
25664,LOF,0.039584926219774795,0.17053085386225342,0.7898842199179718
25665,LOF,0.06412871139452134,0.16641486111369386,0.7694564274917848
25666,LOF,0.06935276574857983,0.13762722191002733,0.7930200123413927
25667,LOF,0.04595179194294992,0.03157834033257249,0.9224698677244776
25668,LOF,0.05552528069448154,0.04864814320151312,0.8958265761040054
25669,LOF,0.04291920356217387,0.08226880528897343,0.8748119911488527
25670,LOF,0.06625648460679015,0.06115955037664871,0.8725839650165611
25671,LOF,0.06305296101140802,0.08082103812003445,0.8561260008685574
25672,LOF,0.07404289447107622,0.08165391286080233,0.8443031926681215
25673,LOF,0.06649585517956152,0.06291275995784025,0.8705913848625982
25674,LOF,0.038068604772565955,0.10773998830173329,0.8541914069257007
25675,LOF,0.06665696474889334,0.0414778453113319,0.8918651899397748
25676,LOF,0.04887131135552611,0.0968332080088475,0.8542954806356264
25677,LOF,0.07460982488543708,0.062136053547039514,0.8632541215675235
25678,LOF,0.31168733233814605,0.0429347363191575,0.6453779313426965
25679,LOF,0.15763007110305866,0.0888145688084655,0.7535553600884758
25680,LOF,0.10248292882942177,0.14697180660421155,0.7505452645663667
25681,LOF,0.11269684473802366,0.1364701651310308,0.7508329901309455
25682,LOF,0.061770314750737486,0.07604282091647621,0.8621868643327864
25683,LOF,0.12963069068377786,0.07736973146299238,0.7929995778532298
25684,LOF,0.09220166754619087,0.11822054353026638,0.7895777889235427
25685,LOF,0.1007532010863816,0.051636242787237795,0.8476105561263807
25686,LOF,0.02379531248871203,0.21188038891310015,0.7643242985981877
25687,LOF,0.03764950822884465,0.23207820500625528,0.7302722867649001
25688,LOF,0.014781983220619318,0.3491119823487399,0.6361060344306407
25689,LOF,0.010027817123796573,0.20042473091754937,0.7895474519586542
25690,LOF,0.0119796961331068,0.4352100132924825,0.5528102905744107
25691,GOF,0.08080176651631155,0.6180016361094264,0.30119659737426213
25692,LOF,0.11601931492572562,0.04760716756155679,0.8363735175127175
25693,GOF,0.02535165620770224,0.5192364499156592,0.4554118938766386
25694,LOF,0.1937490778993745,0.06369526414117642,0.7425556579594491
25695,LOF,0.1579174856703492,0.09080625445134831,0.7512762598783026
25696,LOF,0.1575878402390005,0.06522637421314746,0.7771857855478521
25697,LOF,0.1523703772750802,0.03461764604493459,0.8130119766799851
25698,LOF,0.012428187540336809,0.4848323601482735,0.5027394523113897
25699,LOF,0.07038588582229952,0.2979144825600791,0.6316996316176214
25700,LOF,0.0560780479848043,0.018139991730595897,0.9257819602845998
25701,LOF,0.009939930686724349,0.4318273768344286,0.558232692478847
25702,GOF,0.021238773955963384,0.6392480765747868,0.33951314946925004
25703,LOF,0.016324309703710915,0.07260013688019207,0.911075553416097
25704,LOF,0.0650581916416988,0.11645396176331706,0.8184878465949841
25705,LOF,0.0973154020473231,0.22580432069039003,0.6768802772622868
25706,GOF,0.02085752663797897,0.794138775422728,0.18500369793929297
25707,GOF,0.01670542941615632,0.7505100448670687,0.23278452571677496
25708,GOF,0.007030717083052597,0.793729936713058,0.19923934620388947
25709,LOF,0.049917419922357174,0.11505806844278098,0.8350245116348618
25710,LOF,0.012607931585037232,0.20189778898446697,0.7854942794304958
25711,LOF,0.047138501895925694,0.1401787826944786,0.8126827154095957
25712,LOF,0.022887941042819635,0.15299802403508103,0.8241140349220992
25713,LOF,0.04215816100337653,0.14278609038158407,0.8150557486150395
25714,LOF,0.037645753673188044,0.3107998121362291,0.6515544341905829
25715,LOF,0.03826027479295081,0.20352094396067277,0.7582187812463764
25716,LOF,0.011769925063628154,0.09165770204084027,0.8965723728955316
25717,LOF,0.011414147928707593,0.07191082053280588,0.9166750315384865
25718,LOF,0.047735775672151086,0.08001655454324033,0.8722476697846087
25719,LOF,0.04409898479931191,0.1420020625309927,0.8138989526696954
25720,LOF,0.04035851092436857,0.1773512826896589,0.7822902063859726
25721,LOF,0.04428943718129132,0.10027210830999395,0.8554384545087147
25722,LOF,0.039609176799840586,0.13446606143841153,0.8259247617617479
25723,LOF,0.05132046499993803,0.1754418142099013,0.7732377207901606
25724,GOF,0.059465181940654366,0.49315061476501076,0.44738420329433476
25725,LOF,0.07364835142231173,0.14547145348735882,0.7808801950903295
25726,LOF,0.04246249604931299,0.14392884213231344,0.8136086618183735
25727,LOF,0.06389860262430205,0.10295968399476167,0.8331417133809363
25728,LOF,0.037683772223484936,0.21747812907382852,0.7448380987026865
25729,LOF,0.043571553233533324,0.2049015921733214,0.7515268545931453
25730,LOF,0.05130992729687281,0.162855382345027,0.7858346903581003
25731,LOF,0.015730107690915478,0.10701923755852556,0.8772506547505591
25732,LOF,0.03258860242957873,0.11502793281382193,0.8523834647565994
25733,LOF,0.044598352924998134,0.26731554397912843,0.6880861030958734
25734,LOF,0.009851628578259998,0.1967194687756987,0.7934289026460413
25735,LOF,0.04320780662898287,0.1206742561135165,0.8361179372575006
25736,LOF,0.039360456933538575,0.18880106880562883,0.7718384742608325
25737,LOF,0.06396378180389663,0.11329006564538288,0.8227461525507205
25738,LOF,0.05405689448282958,0.22661342253397432,0.7193296829831961
25739,LOF,0.039123330049383516,0.18427067246036477,0.7766059974902517
25740,LOF,0.06165917127884332,0.17703745762980883,0.7613033710913479
25741,LOF,0.058592683246629175,0.17373564656856985,0.767671670184801
25742,LOF,0.06509883157881352,0.20027104945374952,0.7346301189674369
25743,LOF,0.012324812249210015,0.042258143978079726,0.9454170437727102
25744,GOF,0.06770463408466366,0.517455738453963,0.41483962746137343
25745,LOF,0.01696418959669888,0.4615596909947381,0.5214761194085631
25746,LOF,0.009579022850049898,0.46508726696901787,0.5253337101809322
25747,LOF,0.04473820875026821,0.05236615439669848,0.9028956368530332
25748,LOF,0.09696535194557337,0.3200615209217819,0.5829731271326447
25749,LOF,0.010727222032226367,0.3733648063103165,0.6159079716574571
25750,LOF,0.012143134885512625,0.442093242920834,0.5457636221936534
25751,LOF,0.02931411134815294,0.202050310376113,0.7686355782757341
25752,GOF,0.10168913722681193,0.66474331860292,0.23356754417026807
25753,LOF,0.012602970558361792,0.26236768378419384,0.7250293456574443
25754,GOF,0.012035188297839474,0.8892755566368999,0.09868925506526051
25755,LOF,0.010757708336587467,0.2753715357472574,0.7138707559161552
25756,LOF,0.052783829591121115,0.34025026602762054,0.6069659043812583
25757,GOF,0.01110815255464585,0.8241399403149506,0.16475190713040352
25758,GOF,0.01060675630810155,0.8962506626150742,0.0931425810768242
25759,GOF,0.006741657873060393,0.7831928956153741,0.2100654465115655
25760,LOF,0.009545315847011944,0.15930071843373078,0.8311539657192573
25761,GOF,0.03677980208925185,0.874741753503834,0.08847844440691412
25762,LOF,0.05843081549830668,0.3682338044813678,0.5733353800203255
25763,LOF,0.0115629858987357,0.16252237566614244,0.8259146384351219
25764,GOF,0.08239153994982691,0.6953912236460187,0.22221723640415444
25765,GOF,0.009858700542476524,0.8836551296725693,0.10648616978495404
25766,GOF,0.029059277543963098,0.832233614101238,0.13870710835479894
25767,GOF,0.008841938558992886,0.641650850739407,0.3495072107016001
25768,LOF,0.052165554171013866,0.07567187905606453,0.8721625667729217
25769,LOF,0.03021459439073085,0.23309581712929078,0.7366895884799783
25770,Neutral,0.736742580577675,0.0799481677891987,0.1833092516331262
25771,LOF,0.03052434387569309,0.12863107853549496,0.8408445775888119
25772,LOF,0.04506942391284626,0.18528514157092535,0.7696454345162284
25773,LOF,0.025222305063027223,0.29671109958840425,0.6780665953485685
25774,LOF,0.051094949779566017,0.2389497994707768,0.7099552507496573
25775,LOF,0.028045707305226514,0.10428529662632598,0.8676689960684475
25776,LOF,0.02637618243122159,0.17727900474808633,0.796344812820692
25777,LOF,0.27373342974724774,0.14684153778674075,0.5794250324660115
25778,LOF,0.0369798966148028,0.20126616377051948,0.7617539396146777
25779,GOF,0.11548871237096427,0.6084460102363055,0.2760652773927303
25780,GOF,0.1133457489163125,0.5910201605138931,0.29563409056979434
25781,GOF,0.05893858073533841,0.4981366801330171,0.4429247391316445
25782,GOF,0.04715805749056666,0.5568400792425443,0.396001863266889
25783,GOF,0.10315893356025121,0.637989760683706,0.25885130575604265
25784,GOF,0.1994974959276944,0.5910355600265039,0.2094669440458018
25785,GOF,0.33196931146144004,0.5219564237346753,0.14607426480388455
25786,LOF,0.01985488850735652,0.30370656174584126,0.6764385497468022
25787,Neutral,0.5175245885715718,0.2879290881769067,0.19454632325152157
25788,LOF,0.041988879194259233,0.06874033598783376,0.889270784817907
25789,GOF,0.03587682591932154,0.6991230923652332,0.26500008171544515
25790,GOF,0.05578284104825637,0.4956995678099284,0.4485175911418152
25791,LOF,0.040505767105358956,0.4709959458911626,0.4884982870034784
25792,GOF,0.05072141276694642,0.5034748216486239,0.44580376558442975
25793,LOF,0.07435012594041703,0.4491713001909538,0.47647857386862924
25794,LOF,0.06681820964784273,0.3533393031891467,0.5798424871630106
25795,LOF,0.043547074367006854,0.20204547142024606,0.754407454212747
25796,LOF,0.31030775462594246,0.30371566443706954,0.3859765809369881
25797,LOF,0.09090237088800972,0.3106535400222406,0.5984440890897496
25798,GOF,0.011967682382753999,0.6449819120364619,0.34305040558078403
25799,GOF,0.009215466939147116,0.5137121482541701,0.4770723848066828
25800,GOF,0.04299402299697948,0.7544897669204157,0.20251621008260495
25801,GOF,0.059159138667560875,0.6249575418865408,0.3158833194458982
25802,GOF,0.06289089947709074,0.6192176616346257,0.3178914388882837
25803,LOF,0.04421128982616928,0.4333559499816185,0.5224327601922123
25804,LOF,0.09688202889152149,0.337275216164632,0.5658427549438465
25805,GOF,0.05899489618110348,0.5455986168549252,0.39540648696397135
25806,GOF,0.07191482901856618,0.5653622889289928,0.36272288205244113
25807,LOF,0.027499709550316755,0.45194083428803483,0.5205594561616484
25808,GOF,0.061922409528189386,0.6380655788471694,0.3000120116246413
25809,LOF,0.017628150950394366,0.40186401871723376,0.5805078303323719
25810,LOF,0.01529613646690309,0.4419509076382616,0.5427529558948353
25811,GOF,0.12243622719164894,0.5289340195506028,0.3486297532577483
25812,LOF,0.09391814003499467,0.3910368096500656,0.5150450503149397
25813,GOF,0.3246401727866876,0.4173524965870507,0.25800733062626174
25814,GOF,0.0712332588958546,0.4986093164196045,0.430157424684541
25815,GOF,0.10529104248612607,0.5279081592258089,0.366800798288065
25816,GOF,0.0175147779257105,0.627547731959926,0.3549374901143635
25817,LOF,0.1098612168896005,0.4106505202729613,0.47948826283743834
25818,GOF,0.06066923084594731,0.5545876308374383,0.3847431383166143
25819,LOF,0.11470260247043795,0.4133176186831062,0.47197977884645587
25820,LOF,0.12148507140657588,0.3543836478271321,0.524131280766292
25821,LOF,0.08748602404389395,0.39821865033634946,0.5142953256197567
25822,LOF,0.17382552531088596,0.33253071062291834,0.4936437640661956
25823,LOF,0.07911852052725518,0.2625461645522056,0.6583353149205392
25824,GOF,0.05365065557260684,0.6026632896792014,0.34368605474819164
25825,GOF,0.0375616216183402,0.6260791072076494,0.3363592711740104
25826,LOF,0.015118297161091383,0.42342300746963907,0.5614586953692696
25827,GOF,0.014176330227853445,0.5390648358063848,0.44675883396576177
25828,GOF,0.015279366420448344,0.515557518487537,0.4691631150920147
25829,LOF,0.009038150154559292,0.28461134631057583,0.7063505035348648
25830,LOF,0.137208480438872,0.05217351115386112,0.8106180084072668
25831,GOF,0.05303110818886929,0.6411853106081512,0.3057835812029795
25832,LOF,0.0152772950986897,0.3419547597733242,0.6427679451279861
25833,GOF,0.06382642393164452,0.5232145648081175,0.41295901126023793
25834,LOF,0.015964701617827152,0.3436656863430454,0.6403696120391276
25835,GOF,0.05423255506452614,0.6509398961348187,0.29482754880065515
25836,LOF,0.01325411766103815,0.47245406672156554,0.5142918156173962
25837,LOF,0.02292013835292955,0.3666615020610272,0.6104183595860432
25838,GOF,0.051823250597692216,0.571355176472817,0.37682157292949076
25839,GOF,0.11522207271022655,0.4534424996849734,0.43133542760480015
25840,GOF,0.1203674198863498,0.5304138845007044,0.3492186956129457
25841,GOF,0.10529521052137861,0.5746418501033759,0.3200629393752455
25842,GOF,0.057703201566455156,0.6930703287806818,0.24922646965286313
25843,GOF,0.040115727108216884,0.7376197779949581,0.2222644948968251
25844,GOF,0.04214813130768943,0.5347107400737504,0.42314112861856007
25845,LOF,0.012121196021076206,0.3038328923676339,0.6840459116112899
25846,GOF,0.06297111798059493,0.5495115314246757,0.3875173505947293
25847,GOF,0.04480049730800169,0.6607991889774668,0.2944003137145315
25848,GOF,0.04271799851983636,0.7110828274885117,0.24619917399165192
25849,GOF,0.010249183091696663,0.5882116537295681,0.40153916317873517
25850,LOF,0.014173136586503763,0.4914048553972058,0.49442200801629044
25851,LOF,0.015066761798268234,0.416485317262946,0.5684479209387858
25852,LOF,0.23655471037008252,0.30407631505178623,0.45936897457813125
25853,LOF,0.09791756301459897,0.44555878936934873,0.4565236476160522
25854,LOF,0.010673500012625764,0.43359808191769833,0.5557284180696759
25855,LOF,0.035921101852344296,0.4017825639577961,0.5622963341898597
25856,GOF,0.07986619167146015,0.6022816231457793,0.3178521851827607
25857,LOF,0.03733190327666104,0.3337007152155067,0.6289673815078322
25858,LOF,0.016498042635870864,0.27258985088952115,0.710912106474608
25859,LOF,0.011196895317238262,0.26316944375987517,0.7256336609228865
25860,LOF,0.11263396277253113,0.32640829074307526,0.5609577464843937
25861,GOF,0.11480846097106388,0.5060063299022,0.37918520912673626
25862,GOF,0.032074858206173916,0.7444752590272745,0.2234498827665517
25863,GOF,0.033784430310841225,0.6314558388189445,0.3347597308702141
25864,GOF,0.042222879020324344,0.7041765984431704,0.25360052253650545
25865,GOF,0.03648196897615906,0.713282658925101,0.25023537209873986
25866,GOF,0.044419365657498884,0.7109356925279318,0.2446449418145693
25867,GOF,0.11565273693601097,0.6982718027215735,0.18607546034241543
25868,GOF,0.12082996160411422,0.5070188146806088,0.3721512237152769
25869,Neutral,0.4314500537453723,0.3874361549454143,0.18111379130921326
25870,LOF,0.17515317767334013,0.09711583429697017,0.7277309880296897
25871,LOF,0.016310594316761212,0.31519899627459536,0.6684904094086435
25872,LOF,0.04388784579206539,0.3274851242449234,0.6286270299630112
25873,GOF,0.03402784160689075,0.5344163287423475,0.43155582965076184
25874,LOF,0.05433213264939871,0.024368571787202326,0.9212992955633988
25875,LOF,0.02157926111365194,0.4527539139400489,0.5256668249462991
25876,LOF,0.03267528232848265,0.11668073087274505,0.8506439867987723
25877,GOF,0.06665817042120725,0.6059419260750877,0.3273999035037051
25878,GOF,0.04732959793901042,0.7596659826910521,0.19300441936993748
25879,LOF,0.012348227105106807,0.36750281173946736,0.6201489611554258
25880,LOF,0.04580167689967993,0.06705716561866377,0.8871411574816562
25881,Neutral,0.4078618152848696,0.3923538052419911,0.1997843794731393
25882,LOF,0.027493386814916282,0.3001995623979314,0.6723070507871524
25883,LOF,0.0270478289645341,0.12941426715382817,0.8435379038816379
25884,LOF,0.02276115014904427,0.17430748063561854,0.8029313692153371
25885,LOF,0.15161915238940343,0.04112092585242936,0.8072599217581672
25886,LOF,0.05381590754993393,0.21716284128469757,0.7290212511653685
25887,GOF,0.04322462855699641,0.61255310665841,0.34422226478459367
25888,LOF,0.005075131953736599,0.4367372453699154,0.558187622676348
25889,LOF,0.04192316047882978,0.09221331542901506,0.8658635240921553
25890,LOF,0.14726306333352304,0.32533337060561135,0.5274035660608656
25891,LOF,0.12158767912191171,0.0883579143476604,0.7900544065304279
25892,LOF,0.005812902870302678,0.13559513277703933,0.858591964352658
25893,LOF,0.2552379802566885,0.05592551128072196,0.6888365084625896
25894,LOF,0.30608804969970055,0.032879509446328926,0.6610324408539705
25895,LOF,0.20549787400181066,0.03996648375520006,0.7545356422429893
25896,LOF,0.08703241295347251,0.09641901951831935,0.8165485675282081
25897,LOF,0.0946092079431387,0.06868190817834437,0.8367088838785168
25898,GOF,0.06145513431099339,0.54092206782493,0.39762279786407656
25899,LOF,0.24723615359134887,0.21656301154176794,0.5362008348668832
25900,Neutral,0.859924786985485,0.0388800497133661,0.10119516330114872
25901,LOF,0.07521495545038942,0.03104093616044271,0.893744108389168
25902,LOF,0.19114754969342626,0.01156988739660399,0.7972825629099697
25903,LOF,0.12181415726923786,0.1533066987807568,0.7248791439500053
25904,Neutral,0.4183184279694992,0.188375367120489,0.3933062049100119
25905,LOF,0.010302891364220966,0.4677141829309303,0.5219829257048486
25906,LOF,0.01716990684459937,0.05473940459321374,0.9280906885621868
25907,LOF,0.008753044043986065,0.3588174908150759,0.632429465140938
25908,LOF,0.008864895312223618,0.32904017059735247,0.6620949340904239
25909,LOF,0.03524643636089606,0.1710404423321317,0.7937131213069722
25910,LOF,0.017918562680326485,0.1566523804648982,0.8254290568547753
25911,LOF,0.09273806005477545,0.09256856507793945,0.8146933748672852
25912,LOF,0.12228766778792752,0.028160764464443364,0.8495515677476291
25913,LOF,0.01508622459790007,0.0933252794841496,0.8915884959179503
25914,LOF,0.037658199017572634,0.1766851778508331,0.7856566231315942
25915,GOF,0.06467714772440404,0.8571024714609619,0.07822038081463424
25916,GOF,0.016563563161707973,0.6904476424426814,0.29298879439561054
25917,LOF,0.2390000745237911,0.11032431838555129,0.6506756070906577
25918,LOF,0.04430738015303977,0.12483561731951878,0.8308570025274414
25919,LOF,0.04115284903658831,0.09361651961553669,0.865230631347875
25920,GOF,0.1493273274480909,0.48639481816659846,0.3642778543853106
25921,LOF,0.03098792386762414,0.03545486991414661,0.9335572062182294
25922,LOF,0.024966917191174623,0.0361250908181467,0.9389079919906786
25923,LOF,0.32794287909483927,0.06807426222501743,0.6039828586801433
25924,LOF,0.03145097475121919,0.06364915379161042,0.9048998714571703
25925,LOF,0.24418332033217674,0.01869307035815745,0.7371236093096658
25926,LOF,0.10768457417303033,0.08526868701992898,0.8070467388070406
25927,LOF,0.021018082112335183,0.0939477785752575,0.8850341393124073
25928,LOF,0.01888838634888802,0.0406171342154385,0.9404944794356734
25929,Neutral,0.5849184690485502,0.06632926318156991,0.34875226776987994
25930,LOF,0.036890822797837695,0.05855395652722687,0.9045552206749353
25931,LOF,0.018624903622873057,0.04594705015774264,0.9354280462193844
25932,LOF,0.07371301901647408,0.03179718265221274,0.8944897983313131
25933,LOF,0.06124507081549201,0.021380514580410497,0.9173744146040974
25934,LOF,0.06424048018075329,0.02671666185458974,0.9090428579646569
25935,LOF,0.2526224977297585,0.022839386565592815,0.7245381157046487
25936,LOF,0.05775938727505574,0.02513838476498881,0.9171022279599556
25937,LOF,0.018909342210720253,0.07104966333485,0.9100409944544298
25938,LOF,0.2555022004677876,0.02031396957198909,0.7241838299602232
25939,LOF,0.04796053261258975,0.02650702571299415,0.9255324416744162
25940,GOF,0.006046202498721065,0.5916078542336355,0.40234594326764345
25941,LOF,0.34475053125147626,0.06670783991049287,0.588541628838031
25942,LOF,0.012714954201533618,0.12246783005753675,0.8648172157409297
25943,GOF,0.016759002782532798,0.6128996616467907,0.37034133557067656
25944,LOF,0.017837676649366627,0.34590969176677655,0.6362526315838568
25945,LOF,0.06845467173259716,0.11766850401224009,0.8138768242551627
25946,LOF,0.08769199023436093,0.0697763106176365,0.8425316991480026
25947,LOF,0.45905397091682865,0.02447499301547784,0.5164710360676935
25948,LOF,0.24126693404239222,0.04572312638096505,0.7130099395766427
25949,LOF,0.22587945343384866,0.033707139090139615,0.7404134074760117
25950,GOF,0.048832915247132375,0.7846219705600416,0.166545114192826
25951,LOF,0.012429626291730094,0.38920467626668653,0.5983656974415833
25952,LOF,0.08363313480689205,0.31178366753014886,0.6045831976629591
25953,LOF,0.0065665242584142585,0.4352545607149264,0.5581789150266594
25954,GOF,0.027278665710584737,0.5209614745001278,0.45175985978928745
25955,GOF,0.0045904985347668395,0.5622900060149928,0.4331194954502403
25956,GOF,0.0097869594362302,0.6322997432323537,0.35791329733141597
25957,LOF,0.25108890788644833,0.06191885659847687,0.6869922355150748
25958,LOF,0.022336632436251617,0.234255244130359,0.7434081234333894
25959,GOF,0.0042081262379080565,0.581374254285517,0.414417619476575
25960,LOF,0.006212019433544561,0.14767699066109097,0.8461109899053644
25961,LOF,0.019520208498687387,0.21720904560065263,0.76327074590066
25962,LOF,0.11430543287428833,0.02860800569679769,0.857086561428914
25963,LOF,0.011362371049068795,0.12255689341154292,0.8660807355393881
25964,LOF,0.0560718476470883,0.13721621728512737,0.8067119350677843
25965,LOF,0.148191506323228,0.20694985081784847,0.6448586428589235
25966,LOF,0.22436618792177568,0.318154023703738,0.4574797883744864
25967,LOF,0.012156454659317226,0.0532876938713181,0.9345558514693646
25968,LOF,0.14283214864245103,0.3938867120002084,0.46328113935734044
25969,LOF,0.19617071530548585,0.028076742756714155,0.7757525419378001
25970,LOF,0.020613244734109377,0.1574209764122229,0.8219657788536676
25971,LOF,0.07911291004081071,0.14833419819527857,0.7725528917639106
25972,LOF,0.06791934480869814,0.13251933203450342,0.7995613231567985
25973,LOF,0.20998523428483737,0.009065762840180193,0.7809490028749825
25974,LOF,0.07796713184422831,0.3119136226020319,0.6101192455537398
25975,LOF,0.05713515943388521,0.02310934447689885,0.9197554960892159
25976,LOF,0.08471910352715813,0.014422359175043822,0.9008585372977981
25977,LOF,0.1912396613643201,0.06297523865833925,0.7457850999773407
25978,LOF,0.21837904284941223,0.20473206279675185,0.576888894353836
25979,LOF,0.15546792339766574,0.24838130420622206,0.5961507723961122
25980,LOF,0.14653515656611243,0.4231086568416278,0.4303561865922597
25981,GOF,0.15034468040314067,0.440821924756467,0.40883339484039233
25982,LOF,0.20377018267463687,0.3208845464498863,0.47534527087547684
25983,LOF,0.1774119141597113,0.33113584709730276,0.49145223874298594
25984,LOF,0.04243225044116819,0.09686053826195527,0.8607072112968766
25985,Neutral,0.44711633513091265,0.23523423547406058,0.3176494293950268
25986,GOF,0.010328859947201053,0.6505934177004785,0.33907772235232053
25987,LOF,0.024385528804624496,0.11785399522997247,0.8577604759654031
25988,LOF,0.03690136263624485,0.12427489275934155,0.8388237446044137
25989,LOF,0.04865616336391717,0.1240522226078449,0.827291614028238
25990,LOF,0.04887981067659289,0.2403005051912055,0.7108196841322016
25991,GOF,0.046451404675692066,0.7205190531943215,0.23302954212998642
25992,LOF,0.01779833369815329,0.4278473873801777,0.554354278921669
25993,LOF,0.052122581607122555,0.03298367633132363,0.9148937420615537
25994,LOF,0.05490254704086635,0.06950363178022505,0.8755938211789086
25995,LOF,0.037026045585469826,0.06575510639618017,0.8972188480183501
25996,GOF,0.3259938939589484,0.39323088891229485,0.2807752171287568
25997,GOF,0.0555434589493794,0.6145411107302683,0.3299154303203523
25998,LOF,0.2389863650539282,0.10774060857227484,0.6532730263737969
25999,GOF,0.01770898083686544,0.6180606954581455,0.3642303237049891
26000,LOF,0.12864946730360396,0.00907729027910359,0.8622732424172924
26001,LOF,0.11180991225705865,0.020501233913561328,0.8676888538293801
26002,LOF,0.2040333627147646,0.007124333715749024,0.7888423035694864
26003,LOF,0.013117463913857944,0.47025304112313004,0.516629494963012
26004,LOF,0.03655304108181943,0.3295179918920235,0.6339289670261571
26005,LOF,0.007447317667012474,0.40285486878432397,0.5896978135486636
26006,GOF,0.2599169864525401,0.4453797347303337,0.29470327881712616
26007,LOF,0.020105320137394703,0.44150334098134536,0.53839133888126
26008,LOF,0.017654369928231183,0.3218066654859653,0.6605389645858034
26009,GOF,0.0381911383814902,0.5942740591489022,0.3675348024696076
26010,LOF,0.016751530239550064,0.4880804632859655,0.4951680064744843
26011,LOF,0.008321719598833884,0.30433343416726844,0.6873448462338977
26012,LOF,0.009409450944406072,0.45426691736762087,0.536323631687973
26013,LOF,0.0100404853745537,0.3623537523538391,0.6276057622716072
26014,LOF,0.20373138136735242,0.01047594885197462,0.785792669780673
26015,LOF,0.12552894112825186,0.19750646846393283,0.6769645904078153
26016,LOF,0.16332811729982438,0.3071047811617318,0.5295671015384439
26017,GOF,0.015938793103533973,0.5589005215770653,0.4251606853194008
26018,LOF,0.02210236959555584,0.3222085018200363,0.6556891285844079
26019,LOF,0.023135098818364883,0.23767179666641172,0.7391931045152234
26020,LOF,0.00730561623778417,0.3329889218185758,0.65970546194364
26021,LOF,0.0592164535188157,0.31899991014694346,0.6217836363342408
26022,LOF,0.061511265663799865,0.1053939278792341,0.833094806456966
26023,LOF,0.039952148263174427,0.290737945957726,0.6693099057790995
26024,LOF,0.0487634574700011,0.25003113010015837,0.7012054124298406
26025,LOF,0.05897192818708746,0.3735262604880483,0.5675018113248642
26026,LOF,0.08241333460238176,0.37618903273261084,0.5413976326650074
26027,LOF,0.03359265059125432,0.14687590513899323,0.8195314442697523
26028,LOF,0.039351369902462276,0.3105223297435205,0.6501263003540172
26029,LOF,0.02543216412281879,0.46985325522922383,0.5047145806479573
26030,LOF,0.21179952510471672,0.05869240922565545,0.7295080656696278
26031,LOF,0.011379893850566808,0.46276974539431737,0.5258503607551158
26032,LOF,0.036926546207857174,0.09268844965989509,0.8703850041322478
26033,LOF,0.055667165921525825,0.23054410614983317,0.713788727928641
26034,LOF,0.01285767647334697,0.33108496515317054,0.6560573583734824
26035,LOF,0.010760100843138984,0.369127564154726,0.620112335002135
26036,LOF,0.010045475111193096,0.2509870676317479,0.7389674572570589
26037,LOF,0.01028537054483608,0.2575757132563993,0.7321389161987647
26038,LOF,0.027592956175146434,0.09201413532911432,0.8803929084957391
26039,LOF,0.022437909676534234,0.3326513003755772,0.6449107899478886
26040,LOF,0.04971359834519603,0.26119078859425093,0.6890956130605531
26041,LOF,0.012455586320281284,0.27756670971228337,0.7099777039674353
26042,LOF,0.011362794904030445,0.29956713022944437,0.6890700748665253
26043,LOF,0.027577403955057003,0.22788516891831265,0.7445374271266303
26044,LOF,0.00913320501676625,0.2620112938136424,0.7288555011695914
26045,GOF,0.04631637856721872,0.6156775938423097,0.3380060275904715
26046,LOF,0.026701588192193752,0.23921931365876636,0.7340790981490398
26047,LOF,0.0717657285816285,0.14735719407637757,0.7808770773419939
26048,LOF,0.08139206284917931,0.14848930079421216,0.7701186363566085
26049,Neutral,0.8251001316917242,0.06832405111406549,0.10657581719421044
26050,Neutral,0.8162836990694206,0.06181492511389919,0.12190137581668033
26051,GOF,0.011870441461677905,0.6094368938217418,0.37869266471658036
26052,GOF,0.015104880104190175,0.5264783398954962,0.45841678000031355
26053,LOF,0.032178301850916,0.02597093379484847,0.9418507643542355
26054,LOF,0.1623533756744895,0.06461321888268524,0.7730334054428253
26055,LOF,0.17521662326069642,0.1051512164307159,0.7196321603085876
26056,LOF,0.17913095314260655,0.10922371064730117,0.7116453362100922
26057,LOF,0.05256886092080529,0.03624519503943833,0.9111859440397564
26058,LOF,0.06083989395707102,0.029014416981211325,0.9101456890617177
26059,Neutral,0.8386976067852875,0.06031092999812287,0.10099146321658965
26060,LOF,0.011389688536976672,0.33305306298719994,0.6555572484758234
26061,LOF,0.015724121854896363,0.03004159587480906,0.9542342822702946
26062,LOF,0.008746051205354367,0.07523323564170718,0.9160207131529384
26063,LOF,0.04803931851636536,0.03867875689376801,0.9132819245898667
26064,LOF,0.01453192272876702,0.04138278652776041,0.9440852907434726
26065,LOF,0.03565023426091584,0.055854689363128936,0.9084950763759552
26066,LOF,0.04763013035663482,0.04201529997580376,0.9103545696675615
26067,LOF,0.05998118483812029,0.05813226289256595,0.8818865522693137
26068,LOF,0.17302811889527148,0.06627063791475328,0.7607012431899751
26069,LOF,0.07216938395866046,0.0989701623918278,0.8288604536495118
26070,LOF,0.08355038333367167,0.08739918702992296,0.8290504296364054
26071,LOF,0.05135535176502836,0.042492328182917025,0.9061523200520546
26072,LOF,0.010345124469210962,0.031153860243205468,0.9585010152875836
26073,LOF,0.04319143377917258,0.031141346538443627,0.9256672196823839
26074,Neutral,0.8216305590432155,0.0394276721808008,0.13894176877598377
26075,LOF,0.05769499473420694,0.14598452579985108,0.796320479465942
26076,LOF,0.05085534772199721,0.07555973590450495,0.8735849163734978
26077,LOF,0.15786709758531012,0.07717747960601062,0.7649554228086792
26078,LOF,0.009208808913112543,0.05183576346724389,0.9389554276196436
26079,LOF,0.16262058839461338,0.07347232529944302,0.7639070863059436
26080,LOF,0.16262058839461338,0.07347232529944302,0.7639070863059436
26081,LOF,0.05416064008928858,0.040463954572165,0.9053754053385464
26082,LOF,0.010348550355955794,0.08324494517363246,0.9064065044704117
26083,LOF,0.03333261267279555,0.11144208431139191,0.8552253030158125
26084,LOF,0.04529462585149793,0.058356082439526225,0.8963492917089759
26085,LOF,0.04163266402719107,0.050457906623405026,0.9079094293494039
26086,LOF,0.03972861295417187,0.06063016437406314,0.8996412226717649
26087,LOF,0.05174523398282893,0.0682052729296391,0.880049493087532
26088,LOF,0.011027492104036278,0.1239815323458304,0.8649909755501333
26089,LOF,0.05154925849861314,0.2357524170818785,0.7126983244195083
26090,LOF,0.05597576567774441,0.21049630318909657,0.733527931133159
26091,LOF,0.04284105758372952,0.05069093905428159,0.9064680033619888
26092,LOF,0.04593974837507739,0.03771455406118297,0.9163456975637397
26093,LOF,0.06458285531733254,0.03204217237323385,0.9033749723094338
26094,LOF,0.042107903505645077,0.050129138333184706,0.9077629581611703
26095,LOF,0.01723018732226098,0.05364421310621049,0.9291255995715285
26096,LOF,0.2656205113208897,0.010904086468884557,0.7234754022102257
26097,LOF,0.010215884490924662,0.04737072681609024,0.9424133886929851
26098,LOF,0.16141738726173654,0.06420982237059014,0.7743727903676733
26099,LOF,0.03243050252875356,0.07254759338231334,0.8950219040889331
26100,LOF,0.03243050252875356,0.07254759338231334,0.8950219040889331
26101,LOF,0.03303744456387969,0.09111407605371383,0.8758484793824066
26102,LOF,0.04440904707331957,0.04468875476082988,0.9109021981658505
26103,Neutral,0.8333419319649379,0.05901748244127159,0.10764058559379042
26104,LOF,0.16961050079319834,0.08940956083547291,0.7409799383713287
26105,LOF,0.23454068279041743,0.20053111795563786,0.5649281992539448
26106,LOF,0.29682608107047687,0.16643098070417484,0.5367429382253484
26107,LOF,0.008491420293084754,0.29230079521974395,0.6992077844871712
26108,LOF,0.12279186383912083,0.25887553854568596,0.6183325976151932
26109,LOF,0.0567385013662904,0.07642410979223095,0.8668373888414787
26110,LOF,0.16265723083206432,0.11444755142430453,0.7228952177436311
26111,LOF,0.04735502838770173,0.31975803983149403,0.6328869317808041
26112,LOF,0.045866792441191524,0.04956559056167577,0.9045676169971326
26113,LOF,0.03966698713323236,0.0817723548488285,0.8785606580179393
26114,LOF,0.0951634967089791,0.04141194357228103,0.8634245597187399
26115,LOF,0.014332763385069159,0.39495540409255164,0.5907118325223791
26116,LOF,0.08130933968980392,0.12384699691372515,0.7948436633964708
26117,LOF,0.1802943203632175,0.10897946807461474,0.7107262115621676
26118,LOF,0.042351535821400776,0.029740092663837786,0.9279083715147615
26119,LOF,0.005739990870106915,0.09743399447482348,0.8968260146550696
26120,LOF,0.04477951508998656,0.03197620401161588,0.9232442808983976
26121,LOF,0.004604922004816444,0.1918362183408964,0.8035588596542871
26122,LOF,0.004228563440024913,0.20607286614749307,0.789698570412482
26123,LOF,0.00503637567585139,0.17645188172059054,0.8185117426035581
26124,LOF,0.005329001944727872,0.19084979743676225,0.8038212006185098
