feature0,prediction,LoGoFunc_Neutral,LoGoFunc_GOF,LoGoFunc_LOF
25546,Neutral,0.6429538106497429,0.07395086866682733,0.28309532068342974
25547,Neutral,0.5375689721490222,0.13486528448158355,0.3275657433693942
25548,Neutral,0.49990390117597744,0.09878163658730038,0.40131446223672224
25549,Neutral,0.4693077655824507,0.09806321121270511,0.4326290232048442
25550,LOF,0.359232990698683,0.18414290008706316,0.45662410921425384
25551,LOF,0.2987517822271894,0.1766216461836228,0.5246265715891878
25552,LOF,0.16721929079800132,0.18688970775154345,0.6458910014504553
25553,Neutral,0.8241057057121152,0.04645770727652235,0.12943658701136249
25554,LOF,0.20857495520436223,0.18479708886606283,0.606627955929575
25555,LOF,0.1630661215076337,0.16770595786014492,0.6692279206322214
25556,Neutral,0.5033828253977137,0.13767314938361008,0.35894402521867624
25557,LOF,0.15816553950094234,0.17584930182063999,0.6659851586784177
25558,LOF,0.20791299533544802,0.1981965110120462,0.5938904936525058
25559,Neutral,0.5603065202089582,0.052538143194663864,0.3871553365963779
25560,LOF,0.04201202954485937,0.33063829961820557,0.6273496708369352
25561,LOF,0.08110709908629193,0.38595296505297944,0.5329399358607286
25562,LOF,0.10396944336553737,0.20518135222414322,0.6908492044103195
25563,LOF,0.1049266527471944,0.2031492671534548,0.6919240800993507
25564,LOF,0.05914391015818203,0.3129434148493644,0.6279126749924535
25565,LOF,0.14958657252140964,0.24147311968176682,0.6089403077968235
25566,GOF,0.0165071826124249,0.7424093498268042,0.24108346756077084
25567,LOF,0.01187868023536687,0.10316847265568654,0.8849528471089466
25568,LOF,0.042110126788572365,0.058933486387701156,0.8989563868237265
25569,LOF,0.05604300030950103,0.05972482945517284,0.8842321702353261
25570,LOF,0.059679100577103766,0.09348912061115211,0.8468317788117441
25571,LOF,0.06007133981573986,0.08797911856169806,0.851949541622562
25572,LOF,0.06630330527490606,0.12362897802669491,0.810067716698399
25573,LOF,0.02754932399160826,0.06633009188086597,0.9061205841275258
25574,LOF,0.015187791908547103,0.11942464364923468,0.8653875644422182
25575,LOF,0.049920259581323186,0.08998181076189936,0.8600979296567774
25576,LOF,0.020457327243621568,0.09195516775716193,0.8875875049992165
25577,LOF,0.012965656393346688,0.12501067201263655,0.8620236715940167
25578,LOF,0.21975153804382458,0.08005295969722344,0.700195502258952
25579,LOF,0.22099165114525787,0.07961892268749092,0.6993894261672512
25580,LOF,0.034400396931732934,0.07700318541067791,0.8885964176575891
25581,LOF,0.04693989432876506,0.061987873631536364,0.8910722320396987
25582,LOF,0.04663596819062017,0.059300161908103326,0.8940638699012765
25583,LOF,0.04174056390746786,0.08857520023292459,0.8696842358596075
25584,Neutral,0.49303026249853454,0.06362605014926644,0.4433436873521992
25585,LOF,0.030467798610244637,0.08420142449155749,0.8853307768981978
25586,LOF,0.02912470810452916,0.0655603971515803,0.9053148947438905
25587,LOF,0.027678931931423532,0.053496502438201844,0.9188245656303745
25588,LOF,0.03084673458061808,0.07023235225234166,0.8989209131670403
25589,Neutral,0.6285205485003976,0.06641446097317104,0.30506499052643127
25590,LOF,0.02491709003937551,0.101215790445051,0.8738671195155735
25591,LOF,0.10457465934771286,0.049431711199260465,0.8459936294530266
25592,LOF,0.10173317957921284,0.10502693351411965,0.7932398869066675
25593,LOF,0.014091310855466506,0.19426730991294566,0.7916413792315877
25594,LOF,0.03342096513139892,0.20234314056213198,0.7642358943064691
25595,LOF,0.06166596425060237,0.1547623646767796,0.783571671072618
25596,LOF,0.0802186506489952,0.09558090305248787,0.8242004462985169
25597,LOF,0.07343533536725289,0.04762402490244283,0.8789406397303042
25598,LOF,0.04293486446813669,0.21860770895413206,0.7384574265777313
25599,GOF,0.0076039456753696786,0.5695825315729125,0.4228135227517178
25600,GOF,0.008067988377776402,0.5352397520141945,0.45669225960802906
25601,LOF,0.006953851229863175,0.356584269524344,0.6364618792457928
25602,LOF,0.0150308208363684,0.059791088317085926,0.9251780908465457
25603,LOF,0.040400339301180796,0.025230244534795228,0.9343694161640239
25604,LOF,0.03421159714126499,0.06057018616544456,0.9052182166932905
25605,LOF,0.011077068116110679,0.1806369578811589,0.8082859740027304
25606,LOF,0.049985689926925335,0.45524185016667507,0.4947724599063997
25607,LOF,0.003758952912954635,0.13884938956790138,0.8573916575191439
25608,LOF,0.04596650592531591,0.05652382920915042,0.8975096648655337
25609,LOF,0.056555014182175345,0.2931458892918342,0.6502990965259905
25610,LOF,0.04937523138883266,0.0435103491062499,0.9071144195049176
25611,LOF,0.06273461769702503,0.03044210905885042,0.9068232732441246
25612,LOF,0.12101970999796119,0.07148870667999363,0.8074915833220453
25613,LOF,0.0994486134407854,0.06281986900430345,0.8377315175549112
25614,LOF,0.03754545480855814,0.05616284655561089,0.906291698635831
25615,LOF,0.0737874322579377,0.06604514609793691,0.8601674216441255
25616,LOF,0.04095964761401962,0.08264326766603637,0.876397084719944
25617,LOF,0.04904520817108158,0.07243687844543377,0.8785179133834847
25618,LOF,0.2862571614429877,0.05753970677580835,0.656203131781204
25619,LOF,0.04383213638091538,0.05358128502427809,0.9025865785948065
25620,LOF,0.04126686418676976,0.07915807977208111,0.8795750560411492
25621,LOF,0.04391817143757525,0.05022709872629517,0.9058547298361295
25622,LOF,0.03155024323993674,0.07964603611344084,0.8888037206466225
25623,LOF,0.05078600790295317,0.04702784273875966,0.9021861493582872
25624,LOF,0.02944879062829987,0.06456957544987071,0.9059816339218294
25625,LOF,0.04208839353785338,0.07298831399345679,0.8849232924686897
25626,LOF,0.08171051239118697,0.052804140922164775,0.8654853466866482
25627,Neutral,0.5703826236888481,0.12183173513893913,0.3077856411722128
25628,LOF,0.20718513835275648,0.06387637896096841,0.728938482686275
25629,LOF,0.06349290296375353,0.13834090791411519,0.7981661891221312
25630,LOF,0.18194720865677247,0.10587510587991218,0.7121776854633153
25631,Neutral,0.5840050235461515,0.07155787424818165,0.34443710220566703
25632,LOF,0.022936769762725122,0.06694434728364834,0.9101188829536265
25633,LOF,0.23771453100413575,0.08345624064181574,0.6788292283540486
25634,LOF,0.040426903005080644,0.0770157992038186,0.8825572977911007
25635,LOF,0.03973204863623238,0.06192346848076362,0.8983444828830041
25636,GOF,0.00505964932427547,0.6585059963245055,0.33643435435121893
25637,GOF,0.003875607457220225,0.6064013315177147,0.38972306102506515
25638,GOF,0.007101476770517296,0.5614535418134511,0.43144498141603166
25639,LOF,0.00419215707068559,0.4970027816494704,0.4988050612798441
25640,GOF,0.33154459804472486,0.6075277344654456,0.060927667489829494
25641,LOF,0.005522281532585802,0.3023731339887824,0.6921045844786318
25642,LOF,0.2351756315796423,0.1101398513303198,0.6546845170900378
25643,LOF,0.2410756798152056,0.1705329228348901,0.5883913973499043
25644,GOF,0.015079671371455227,0.691044261548019,0.2938760670805257
25645,GOF,0.012055490508127337,0.6216097007878184,0.3663348087040542
25646,LOF,0.012416624574648946,0.4418258157426468,0.5457575596827043
25647,LOF,0.010636759739273811,0.3346756087296781,0.654687631531048
25648,LOF,0.008094705288732547,0.44458864464787795,0.5473166500633895
25649,LOF,0.008963892102229578,0.24133898248103366,0.7496971254167367
25650,GOF,0.02495618900183737,0.555987463742021,0.4190563472561416
25651,LOF,0.006521157894824864,0.2820337740234374,0.7114450680817378
25652,LOF,0.013165693102071828,0.38835139620903547,0.5984829106888927
25653,GOF,0.05597323447206983,0.5545421348994763,0.38948463062845373
25654,LOF,0.008368315399720959,0.35581683289176275,0.6358148517085163
25655,GOF,0.08615034291746139,0.5463194383414133,0.3675302187411254
25656,LOF,0.09414370343966762,0.1636311208885242,0.7422251756718082
25657,LOF,0.27518203058116225,0.0749371360221866,0.6498808333966511
25658,LOF,0.036125745338003036,0.2849062383236697,0.6789680163383273
25659,LOF,0.23712044212593603,0.16736609402124505,0.595513463852819
25660,LOF,0.10274692663020907,0.08835721342480898,0.808895859944982
25661,LOF,0.07759496401909624,0.07109442749190291,0.851310608489001
25662,LOF,0.03913064192927028,0.061397983562957184,0.8994713745077725
25663,LOF,0.05122254156898259,0.1154128715165291,0.8333645869144882
25664,LOF,0.03119956110438236,0.18506625823220585,0.7837341806634117
25665,LOF,0.042359299952082735,0.07553571511155048,0.8821049849363668
25666,LOF,0.04110032070440152,0.19874401985455173,0.7601556594410469
25667,LOF,0.04038438110553285,0.050661237199691615,0.9089543816947756
25668,LOF,0.05751100969850181,0.06611016917731061,0.8763788211241876
25669,LOF,0.058868519886695274,0.09143602540728385,0.8496954547060208
25670,LOF,0.08403564764266483,0.10460160159854684,0.8113627507587884
25671,LOF,0.05001100774921174,0.051621782724807046,0.8983672095259813
25672,LOF,0.048351061972678834,0.08187371966709103,0.8697752183602302
25673,LOF,0.03664219942009866,0.08363750831669199,0.8797202922632095
25674,LOF,0.026779995076694527,0.10368904535587994,0.8695309595674255
25675,LOF,0.033856204202573584,0.07974858287012013,0.8863952129273063
25676,LOF,0.03703771657177865,0.06976053635484741,0.893201747073374
25677,LOF,0.09258348684462955,0.05501335987719091,0.8524031532781796
25678,LOF,0.19185602353597708,0.047815430668905715,0.7603285457951172
25679,LOF,0.12261507444304472,0.0547771462106815,0.8226077793462737
25680,LOF,0.10056920816276539,0.09415404261647474,0.80527674922076
25681,LOF,0.1121721767961454,0.08753925121719032,0.8002885719866643
25682,LOF,0.05274398676204791,0.05518348931585681,0.8920725239220952
25683,LOF,0.07550422932955651,0.07837163634242136,0.8461241343280221
25684,LOF,0.0705578162835673,0.062239515242608325,0.8672026684738244
25685,LOF,0.12737832865232268,0.05345012693882749,0.8191715444088498
25686,LOF,0.02731584264429028,0.10469885841590293,0.8679852989398068
25687,LOF,0.05852220440699987,0.10687107968072597,0.8346067159122743
25688,LOF,0.022490309211503814,0.0551659997800919,0.9223436910084042
25689,LOF,0.01969940366890297,0.02972594977356398,0.950574646557533
25690,LOF,0.018895307240790592,0.03865341944018433,0.9424512733190251
25691,LOF,0.13558155378964062,0.06258832170651801,0.8018301245038414
25692,LOF,0.2648261154530696,0.010518314597101711,0.7246555699498287
25693,LOF,0.030215394101692123,0.2695567339707049,0.700227871927603
25694,LOF,0.2398844273628158,0.012327251888263814,0.7477883207489203
25695,LOF,0.1789644808294516,0.022618885027346523,0.7984166341432019
25696,LOF,0.09177711509739513,0.02230397794318822,0.8859189069594168
25697,LOF,0.07320534352605361,0.041060051216144755,0.8857346052578016
25698,LOF,0.014459223839038395,0.4530608212936749,0.5324799548672867
25699,LOF,0.09232992618754501,0.1456585640203883,0.7620115097920667
25700,LOF,0.038270162810261917,0.024422468873610367,0.9373073683161278
25701,LOF,0.013293314069146637,0.1429650071307467,0.8437416788001068
25702,GOF,0.025970114075284694,0.7994981842991166,0.17453170162559878
25703,LOF,0.016362516577713895,0.2935640001275102,0.690073483294776
25704,LOF,0.07434130247245256,0.18127218705770837,0.7443865104698391
25705,LOF,0.06040673246478215,0.1639458195486652,0.7756474479865527
25706,GOF,0.01762864690218379,0.6299700960900063,0.3524012570078098
25707,GOF,0.02555804379911065,0.5077496079588905,0.46669234824199884
25708,LOF,0.007478161537540924,0.45694760876876256,0.5355742296936965
25709,LOF,0.02887122827228623,0.06453009343976435,0.9065986782879495
25710,LOF,0.005635143285256133,0.13228048514149895,0.8620843715732449
25711,LOF,0.03071113146911058,0.12330536726262073,0.8459835012682687
25712,LOF,0.007943874514391266,0.17665526503316376,0.815400860452445
25713,LOF,0.029873039348323405,0.10478547163064278,0.8653414890210338
25714,LOF,0.024664406036602072,0.13949228751638929,0.8358433064470087
25715,LOF,0.03297430061784956,0.11831007517638766,0.8487156242057627
25716,LOF,0.006316076441650535,0.13911168201492183,0.8545722415434276
25717,LOF,0.005939294677933729,0.11120268342022495,0.8828580219018414
25718,LOF,0.03149978407315631,0.07862009894767065,0.8898801169791731
25719,LOF,0.04122743285725213,0.10497426364868077,0.8537983034940672
25720,LOF,0.03753249476388232,0.11722307582858309,0.8452444294075345
25721,LOF,0.029932325237513508,0.11783853567943717,0.8522291390830492
25722,LOF,0.018944126766127556,0.13660834216290685,0.8444475310709655
25723,LOF,0.03342803212624159,0.10024357332583925,0.8663283945479192
25724,LOF,0.04712373517154764,0.2328712513546732,0.7200050134737792
25725,LOF,0.03385777250057381,0.08654674102801899,0.8795954864714073
25726,LOF,0.021193410884571693,0.12918017037895035,0.8496264187364779
25727,LOF,0.030631124541580623,0.09723885870241239,0.872130016756007
25728,LOF,0.031034242102595713,0.11767191094968685,0.8512938469477175
25729,LOF,0.028575044620444873,0.13556226456276124,0.8358626908167939
25730,LOF,0.03868578930633159,0.07785658143049502,0.8834576292631733
25731,LOF,0.009792111055629932,0.09015280842034275,0.9000550805240273
25732,LOF,0.021989019147410357,0.06955212696153844,0.9084588538910511
25733,LOF,0.0369109387979116,0.0804167495767693,0.8826723116253191
25734,LOF,0.0063315908436348345,0.26096930801544427,0.732699101140921
25735,LOF,0.026238864360504915,0.0847961669691788,0.8889649686703163
25736,LOF,0.024846608206582802,0.14726568601954057,0.8278877057738766
25737,LOF,0.03380188215052836,0.10706317562313641,0.8591349422263352
25738,LOF,0.027478389765917034,0.16882717452507193,0.803694435709011
25739,LOF,0.027252793142673096,0.10888999640116,0.8638572104561669
25740,LOF,0.03682408959984349,0.13580452239894622,0.8273713880012104
25741,LOF,0.044625915074304266,0.10288174026076027,0.8524923446649355
25742,LOF,0.05353054864295509,0.1150993474089162,0.8313701039481288
25743,LOF,0.012213893871699653,0.024480024518471883,0.9633060816098284
25744,LOF,0.2103257471348778,0.15355201907888738,0.6361222337862348
25745,LOF,0.04119901082944664,0.04969837819761495,0.9091026109729384
25746,LOF,0.016261398735864626,0.0885097902626556,0.8952288110014798
25747,LOF,0.04518066261471217,0.032144560753432846,0.9226747766318549
25748,LOF,0.29210242492779803,0.08039953071820338,0.6274980443539986
25749,LOF,0.016988072762468276,0.04817180573891209,0.9348401214986196
25750,LOF,0.022656316916041624,0.0545336136345409,0.9228100694494173
25751,LOF,0.041772548209946435,0.0566074158311621,0.9016200359588914
25752,GOF,0.07400650679050345,0.6917728169409074,0.23422067626858906
25753,LOF,0.0071161702892395835,0.4869137298134736,0.5059700998972868
25754,GOF,0.007673050456309903,0.9036403540068153,0.08868659553687469
25755,LOF,0.007865658378083321,0.45842954320304763,0.5337047984188691
25756,GOF,0.0196778703615441,0.49146629122117574,0.48885583841728014
25757,GOF,0.008094855347982707,0.871144849303855,0.12076029534816214
25758,GOF,0.008725497951912067,0.9104853985420753,0.0807891035060128
25759,GOF,0.006119053777457702,0.704508240005666,0.2893727062168763
25760,LOF,0.0055022948747293346,0.3475047179926283,0.6469929871326423
25761,GOF,0.04152542701750076,0.8901097872325741,0.06836478574992523
25762,LOF,0.02203782002276697,0.4074520128068585,0.5705101671703745
25763,LOF,0.005878925730458476,0.31982736281230423,0.6742937114572374
25764,GOF,0.06180935348601468,0.7074189324691041,0.23077171404488125
25765,GOF,0.008327339496146679,0.8979571529719231,0.09371550753193003
25766,GOF,0.02308873238619081,0.8633753663020783,0.11353590131173076
25767,GOF,0.017678502316648546,0.51222237355725,0.4700991241261014
25768,LOF,0.057281999228740416,0.036408976861278995,0.9063090239099806
25769,LOF,0.024703122720685918,0.09987425797115394,0.8754226193081602
25770,LOF,0.1428616661756803,0.18244412910448776,0.6746942047198319
25771,LOF,0.018852645225128313,0.12690076597760924,0.8542465887972625
25772,LOF,0.030072156056024257,0.05013317314771526,0.9197946707962604
25773,LOF,0.013575170128525622,0.11989374875155406,0.8665310811199203
25774,LOF,0.023195401080186653,0.27445911258663036,0.7023454863331828
25775,LOF,0.017880493443103107,0.056504237169988786,0.9256152693869082
25776,LOF,0.029417876728335936,0.02901142800251632,0.9415706952691477
25777,LOF,0.2740638301847317,0.15491823044248404,0.5710179393727842
25778,LOF,0.025094446032163993,0.11275405566786677,0.8621514982999693
25779,GOF,0.050244861862633904,0.8715010460837455,0.07825409205362079
25780,GOF,0.06437925082965644,0.8707767002721982,0.06484404889814525
25781,GOF,0.029198012358410214,0.8262597624603812,0.14454222518120852
25782,GOF,0.035780792217148596,0.891930812710511,0.0722883950723405
25783,GOF,0.03631307529800671,0.9075707453191736,0.05611617938281967
25784,GOF,0.11812538665866833,0.8283719073445518,0.05350270599677979
25785,GOF,0.11836037232839101,0.8448426111746036,0.03679701649700549
25786,GOF,0.01029757628849311,0.8562471420975885,0.13345528161391848
25787,GOF,0.2519554082847793,0.6978019042928792,0.05024268742234131
25788,LOF,0.018565838265137056,0.20750345058858588,0.7739307111462771
25789,GOF,0.01984763890727303,0.8563137788360188,0.12383858225670816
25790,GOF,0.027376742036871814,0.8933014429684628,0.07932181499466527
25791,GOF,0.026041175388955413,0.73014169776639,0.2438171268446545
25792,GOF,0.033050428762025116,0.7827893039385719,0.184160267299403
25793,GOF,0.05038492434455038,0.8370452267503384,0.1125698489051111
25794,GOF,0.04167417946383762,0.7417408958016404,0.21658492473452196
25795,GOF,0.0448853069279526,0.7562856204861185,0.19882907258592886
25796,GOF,0.11759384196591474,0.7867094105426965,0.09569674749138887
25797,GOF,0.06471442807330843,0.7317773005373421,0.20350827138934954
25798,GOF,0.006712473028517351,0.8206231456296822,0.1726643813418006
25799,GOF,0.004529906580920313,0.7263341567519543,0.2691359366671252
25800,GOF,0.0226226174240005,0.8593863194480158,0.1179910631279839
25801,GOF,0.025036489445419228,0.8943566316988868,0.08060687885569402
25802,GOF,0.025910060695351535,0.7897269584441688,0.18436298086047967
25803,GOF,0.020557319343353902,0.7672886869212946,0.2121539937353513
25804,GOF,0.030688064199979884,0.8020151571744222,0.16729677862559783
25805,GOF,0.02811467239137913,0.8415521216630998,0.130333205945521
25806,GOF,0.037284051624741466,0.8450672231238979,0.11764872525136058
25807,GOF,0.015188089694992041,0.7935193143567864,0.19129259594822148
25808,GOF,0.024478355385409385,0.8174856584462087,0.15803598616838194
25809,GOF,0.014234160146296774,0.7790431698852237,0.20672266996847946
25810,GOF,0.01278699323933557,0.769568135147644,0.2176448716130204
25811,GOF,0.06416599052486077,0.8601780016332147,0.07565600784192462
25812,GOF,0.031907080585844884,0.782272887553366,0.1858200318607892
25813,GOF,0.1803797345810923,0.7388523891322429,0.08076787628666475
25814,GOF,0.03039718791604564,0.7780617424096636,0.19154106967429058
25815,GOF,0.05603817576461745,0.8187989068157931,0.12516291741958938
25816,GOF,0.010752892930049248,0.8868588676322307,0.10238823943772023
25817,GOF,0.10304657582458861,0.7570791953741289,0.13987422880128259
25818,GOF,0.028410793749806564,0.8061455188816264,0.1654436873685671
25819,GOF,0.05360434494072719,0.7829231690779855,0.16347248598128714
25820,GOF,0.05324606243680637,0.7493025141025764,0.1974514234606172
25821,GOF,0.0380720995625083,0.7973117686776204,0.16461613175987133
25822,GOF,0.05829428109964623,0.7688852564366175,0.17282046246373625
25823,GOF,0.029475927231294538,0.7340053104259806,0.23651876234272493
25824,GOF,0.03132496806716298,0.799330886646308,0.169344145286529
25825,GOF,0.02271069117568238,0.7956127518903691,0.1816765569339486
25826,GOF,0.012212328650117085,0.7491386629863515,0.23864900836353145
25827,GOF,0.016681920746548402,0.7644892568510585,0.21882882240239312
25828,GOF,0.01098093230415703,0.7937138300485439,0.19530523764729904
25829,GOF,0.0048366664277485335,0.692082566445195,0.30308076712705656
25830,GOF,0.04877290140265435,0.5608717570839591,0.3903553415133866
25831,GOF,0.06335000238683407,0.8054568667158606,0.13119313089730528
25832,GOF,0.010591880218134717,0.7490215708504049,0.24038654893146036
25833,GOF,0.03833240715760576,0.8094594807379096,0.15220811210448448
25834,GOF,0.010940750795957641,0.7681078220416231,0.22095142716241936
25835,GOF,0.024782808178454935,0.8296005430087546,0.14561664881279054
25836,GOF,0.007116074320549957,0.7661426946400993,0.2267412310393506
25837,GOF,0.009284348252268653,0.7802756189079769,0.21044003283975424
25838,GOF,0.02022796785199863,0.8304098859857564,0.1493621461622449
25839,GOF,0.04865463055143288,0.8109107893243016,0.14043458012426557
25840,GOF,0.07505628838610903,0.7794898099074643,0.14545390170642658
25841,GOF,0.06939589932705487,0.8223836742747305,0.10822042639821464
25842,GOF,0.028009962118173005,0.8830688056245776,0.08892123225724942
25843,GOF,0.026614138399627937,0.8843056798270175,0.08908018177335451
25844,GOF,0.019298241543704256,0.8183513426115844,0.16235041584471127
25845,GOF,0.006489292886575178,0.7321970934810791,0.26131361363234573
25846,GOF,0.061543818085872865,0.8451900720220482,0.09326610989207904
25847,GOF,0.016251180960268893,0.8811332295077138,0.10261558953201735
25848,GOF,0.023719130819371975,0.833564340839531,0.14271652834109705
25849,GOF,0.0074101394225479355,0.812500479058211,0.1800893815192412
25850,GOF,0.006855518166897655,0.7388524978354176,0.25429198399768477
25851,GOF,0.006082375430514939,0.6845113478654068,0.30940627670407833
25852,GOF,0.132830345537489,0.5540861812307865,0.3130834732317245
25853,GOF,0.052500671633022654,0.7965012799966745,0.15099804837030267
25854,GOF,0.006475810366159803,0.750884615823267,0.24263957381057308
25855,GOF,0.020267045093418548,0.631892347310442,0.34784060759613944
25856,GOF,0.03995088119868109,0.7276198392907874,0.2324292795105315
25857,GOF,0.020131125076539802,0.6304693759601996,0.3493994989632607
25858,GOF,0.00922607192477161,0.6184928090928805,0.37228111898234784
25859,GOF,0.0067724922069771695,0.5941386225251793,0.3990888852678435
25860,GOF,0.07707755838303872,0.7311958496912514,0.19172659192570984
25861,GOF,0.0926528806962638,0.8112407346204059,0.09610638468333035
25862,GOF,0.022824184679132813,0.9017222293796312,0.07545358594123604
25863,GOF,0.019012296537848833,0.8714430851886378,0.10954461827351347
25864,GOF,0.03364647053453446,0.8948426722084338,0.07151085725703168
25865,GOF,0.034440583477573526,0.8767866147154973,0.08877280180692917
25866,GOF,0.017651724849888008,0.8699026817789428,0.1124455933711691
25867,GOF,0.039972500992297884,0.8715601292821665,0.08846736972553551
25868,GOF,0.06179034906371143,0.7922169747596837,0.14599267617660477
25869,GOF,0.304355898698754,0.593123750039521,0.10252035126172505
25870,GOF,0.07218560727926093,0.6143857321639519,0.3134286605567871
25871,GOF,0.008797154053857925,0.8342529318379623,0.15694991410817974
25872,GOF,0.020068478819354595,0.8027453741795387,0.1771861470011067
25873,GOF,0.020212304440363288,0.8847835053447933,0.09500419021484333
25874,LOF,0.024901476393078208,0.20011037123407815,0.7749881523728437
25875,LOF,0.022406755953213193,0.12192611714962735,0.8556671268971594
25876,LOF,0.028461009288396465,0.055704949163566206,0.9158340415480374
25877,LOF,0.11565610126879584,0.1941586159086742,0.69018528282253
25878,LOF,0.07058244573361958,0.2752596372150804,0.6541579170513
25879,LOF,0.010853026459009185,0.17994399470799335,0.8092029788329974
25880,LOF,0.05053019348539765,0.0200123643553197,0.9294574421592826
25881,Neutral,0.4789860268112056,0.13757138539997854,0.3834425877888159
25882,LOF,0.04732755658179201,0.03509211743120608,0.917580325987002
25883,LOF,0.03041580422383607,0.027837424848601904,0.941746770927562
25884,LOF,0.016679527688942857,0.043597344336457275,0.9397231279745998
25885,LOF,0.1592757423628505,0.01496242228163733,0.8257618353555123
25886,LOF,0.2518414365825608,0.055247027302393704,0.6929115361150455
25887,LOF,0.06771683699261762,0.20320291185270592,0.7290802511546766
25888,LOF,0.00719418689017682,0.2308124296918395,0.7619933834179836
25889,LOF,0.02421088827388665,0.03892952762991833,0.9368595840961951
25890,LOF,0.20445805604950423,0.07491935202208183,0.7206225919284138
25891,LOF,0.10722254558043096,0.04513307990519185,0.8476443745143772
25892,LOF,0.008895505402411165,0.02874852754545009,0.9623559670521387
25893,LOF,0.3083216681136154,0.00940177213891603,0.6822765597474686
25894,LOF,0.3300457978398725,0.006535292247431993,0.6634189099126955
25895,LOF,0.26876568123432387,0.014912419611942796,0.7163218991537333
25896,LOF,0.08607650745514069,0.029682931959914803,0.8842405605849445
25897,LOF,0.11764239319855598,0.01220905463755057,0.8701485521638933
25898,LOF,0.11623092542977433,0.03003436073535326,0.8537347138348723
25899,LOF,0.40272083868414105,0.035154946781224404,0.5621242145346346
25900,Neutral,0.7842389068690361,0.012124881521993288,0.20363621160897058
25901,LOF,0.06422334479416932,0.012232314916282117,0.9235443402895487
25902,LOF,0.07686610199492959,0.00906334158011793,0.9140705564249525
25903,LOF,0.16253768974919314,0.02824927721208555,0.8092130330387214
25904,Neutral,0.4966605003720756,0.055178543265884325,0.4481609563620401
25905,LOF,0.007504475904355747,0.41849629511573927,0.573999228979905
25906,LOF,0.009147108300796557,0.07802758624748884,0.9128253054517147
25907,LOF,0.008557006996926934,0.2965869530229948,0.6948560399800783
25908,LOF,0.007884682597615305,0.2556909651957768,0.736424352206608
25909,LOF,0.03136262372668005,0.14676856597390248,0.8218688102994174
25910,LOF,0.01666877435702768,0.11262498565963676,0.8707062399833355
25911,LOF,0.17854580471347292,0.026184181262261925,0.7952700140242651
25912,LOF,0.12678915560485662,0.024320663194563698,0.8488901812005796
25913,LOF,0.019620233253426718,0.025430799086703454,0.9549489676598699
25914,LOF,0.04737919301140625,0.03869938817205529,0.9139214188165384
25915,LOF,0.23013080037527014,0.32541334467411015,0.4444558549506197
25916,LOF,0.014507865952197082,0.2087110361336265,0.7767810979141765
25917,LOF,0.07079253798064804,0.051264668273863744,0.8779427937454882
25918,LOF,0.050601669251762404,0.027891759545032604,0.921506571203205
25919,LOF,0.042017856190968574,0.02908754175178584,0.9288946020572457
25920,LOF,0.39529635933200474,0.19176017464232425,0.4129434660256709
25921,LOF,0.020773900084884018,0.019553307652765715,0.9596727922623502
25922,LOF,0.02093234487794937,0.017682393253441613,0.9613852618686091
25923,LOF,0.42915544113714144,0.00989480340307879,0.5609497554597798
25924,LOF,0.03438399483308827,0.015345984483597214,0.9502700206833146
25925,LOF,0.12276574871889794,0.020602972567054085,0.8566312787140481
25926,LOF,0.09706925832519384,0.015294604169070967,0.8876361375057352
25927,LOF,0.02834005830815221,0.023506700866404447,0.9481532408254434
25928,LOF,0.017119586073638636,0.010395006409981885,0.9724854075163794
25929,Neutral,0.557590537625214,0.009733827808717828,0.43267563456606806
25930,LOF,0.06387914437754323,0.009345992841208794,0.926774862781248
25931,LOF,0.01742437013811267,0.010495163350513283,0.972080466511374
25932,LOF,0.0874243831114192,0.008855428358809838,0.903720188529771
25933,LOF,0.09086956207881293,0.006653654505248492,0.9024767834159385
25934,LOF,0.08762487348969801,0.0068112881947055195,0.9055638383155964
25935,LOF,0.11291972167301015,0.017180576131981807,0.8698997021950081
25936,LOF,0.09847004797146748,0.006642178887089422,0.8948877731414431
25937,LOF,0.018043169238844435,0.01254977284751201,0.9694070579136437
25938,LOF,0.1114979647958047,0.015461065061091312,0.873040970143104
25939,LOF,0.06507642630348957,0.011210832128001542,0.9237127415685089
25940,LOF,0.009604499292268993,0.4277210032786778,0.5626744974290532
25941,LOF,0.4754089559137866,0.029344474949946072,0.49524656913626736
25942,LOF,0.01332018022252295,0.041488494330041197,0.9451913254474358
25943,LOF,0.05146375229642739,0.11523472468690556,0.833301523016667
25944,LOF,0.0510727075800071,0.07866509433370579,0.870262198086287
25945,LOF,0.18825219317935615,0.02040416219548353,0.7913436446251603
25946,LOF,0.08527711884990963,0.0635129224758548,0.8512099586742355
25947,Neutral,0.4939031982784684,0.18000206557504547,0.32609473614648604
25948,Neutral,0.5381365897146518,0.022271953051237966,0.43959145723411025
25949,LOF,0.11716734443976692,0.04801814371725339,0.8348145118429796
25950,GOF,0.08036183502966221,0.6911796220498557,0.2284585429204821
25951,GOF,0.012915362546783821,0.5592093060955873,0.42787533135762895
25952,LOF,0.1316969186183698,0.34619708757039297,0.5221059938112372
25953,LOF,0.0066550662949327035,0.34992766724325985,0.6434172664618074
25954,GOF,0.057654205173221194,0.5167535076902817,0.42559228713649705
25955,LOF,0.007315656665281192,0.3837967294770543,0.6088876138576645
25956,LOF,0.008772530341035298,0.45916803083337693,0.5320594388255877
25957,LOF,0.19364182894328633,0.06679882738244794,0.7395593436742658
25958,LOF,0.025566571109944647,0.06651433393175327,0.907919094958302
25959,GOF,0.006953531156184191,0.749200696131196,0.2438457727126198
25960,LOF,0.005461609902052339,0.11781093088849638,0.8767274592094514
25961,LOF,0.026067206774737322,0.05889130898835208,0.9150414842369106
25962,LOF,0.04023629624314536,0.0979310439491776,0.8618326598076771
25963,LOF,0.010295218868312913,0.13913210760211234,0.8505726735295749
25964,LOF,0.048597947705708765,0.08655674682279672,0.8648453054714944
25965,LOF,0.15852570371476457,0.19100071656810053,0.6504735797171349
25966,LOF,0.34132683737068265,0.13569316355914782,0.5229799990701696
25967,LOF,0.007144448794431941,0.09154780705857143,0.9013077441469968
25968,LOF,0.06485937265916833,0.21631185462312377,0.718828772717708
25969,LOF,0.1216539413668165,0.04460900125483924,0.8337370573783442
25970,LOF,0.06085239207173992,0.06013037462980151,0.8790172332984585
25971,LOF,0.07070303917805644,0.027608898261350094,0.9016880625605934
25972,LOF,0.07843060875255356,0.03080897215824951,0.890760419089197
25973,LOF,0.08438567029309592,0.008343415160215974,0.9072709145466882
25974,LOF,0.0693469515465395,0.03241066264189548,0.898242385811565
25975,LOF,0.029145387334758147,0.009897627734589081,0.9609569849306527
25976,LOF,0.09215815836611671,0.010304006838837905,0.8975378347950455
25977,LOF,0.22035786462237233,0.05416785488386985,0.7254742804937577
25978,LOF,0.18479662383924728,0.11373222462335372,0.701471151537399
25979,LOF,0.13085343113126927,0.11653931689601338,0.7526072519727174
25980,LOF,0.2125190105628025,0.22459078992970927,0.5628901995074882
25981,LOF,0.21391094853951748,0.22837387474082735,0.5577151767196551
25982,LOF,0.29975967338842113,0.11633215590263801,0.5839081707089409
25983,Neutral,0.48642310648501563,0.10697813617839884,0.40659875733658557
25984,LOF,0.06296405434732785,0.05406840629767683,0.8829675393549954
25985,Neutral,0.48131488477607337,0.11172310053417525,0.4069620146897514
25986,LOF,0.012814001827492481,0.38292050314943366,0.6042654950230739
25987,LOF,0.03304237305337176,0.07712906996067306,0.8898285569859552
25988,LOF,0.05007930446987965,0.08700573444053157,0.8629149610895887
25989,LOF,0.050194035819201475,0.10218031541146948,0.847625648769329
25990,LOF,0.05188021500270089,0.20183048012307117,0.7462893048742281
25991,GOF,0.021365243736776684,0.6049348973360105,0.37369985892721275
25992,LOF,0.01140401479674422,0.4854263245595803,0.5031696606436754
25993,LOF,0.020977218706954886,0.09018732766346542,0.8888354536295796
25994,LOF,0.027609412737174516,0.09925351461607239,0.8731370726467532
25995,LOF,0.016950494628097924,0.16776625682652263,0.8152832485453795
25996,GOF,0.3091798743261984,0.5162550143238162,0.17456511134998542
25997,GOF,0.06027115516098205,0.6533344656063149,0.2863943792327031
25998,LOF,0.25555267614173705,0.028965152331544557,0.7154821715267184
25999,LOF,0.025595089299359337,0.30767116145712886,0.6667337492435118
26000,LOF,0.16222681714121326,0.01160756237862902,0.8261656204801576
26001,LOF,0.16412457349358764,0.01644123173563058,0.8194341947707817
26002,LOF,0.10949595041292315,0.01314522618885958,0.8773588233982172
26003,GOF,0.007200561216987035,0.5595856808203831,0.4332137579626299
26004,GOF,0.01581515580506606,0.5584600023267762,0.4257248418681577
26005,LOF,0.005775864391978643,0.49433632867772165,0.4998878069302998
26006,GOF,0.09643448232103276,0.4906924316889271,0.4128730859900402
26007,GOF,0.009243655636056952,0.5346849153120629,0.45607142905188014
26008,GOF,0.006982111368607372,0.5851962855605108,0.4078216030708819
26009,GOF,0.011724759190176523,0.6096402018048078,0.37863503900501566
26010,GOF,0.012553809032200911,0.505879282917701,0.48156690805009805
26011,LOF,0.006366444592216986,0.4040959243095294,0.5895376310982535
26012,GOF,0.005849586057195357,0.5110251085280145,0.4831253054147901
26013,LOF,0.011053413941906589,0.46717128793212553,0.5217752981259679
26014,LOF,0.05260584053878334,0.07100420650846778,0.8763899529527489
26015,LOF,0.37300876964006213,0.038652176879037825,0.5883390534809001
26016,LOF,0.2505825093848048,0.06019607208458994,0.6892214185306053
26017,LOF,0.015467692161607233,0.203711888535502,0.7808204193028908
26018,LOF,0.01899478050815594,0.11846843490351511,0.8625367845883289
26019,LOF,0.019027202860730136,0.10460050801322422,0.8763722891260457
26020,LOF,0.006847403943777583,0.16922192489388174,0.8239306711623405
26021,LOF,0.0855234022876747,0.09274399704222612,0.8217326006700991
26022,LOF,0.04330144524053822,0.03862749570766316,0.9180710590517986
26023,LOF,0.02920666079374657,0.08619670456542741,0.8845966346408259
26024,LOF,0.048593142070007436,0.06923252782751323,0.8821743301024793
26025,LOF,0.13139532134307247,0.09023965476002892,0.7783650238968987
26026,LOF,0.1125909111477379,0.06159034871252406,0.8258187401397381
26027,LOF,0.025776212086131838,0.05133522797070961,0.9228885599431587
26028,LOF,0.08114285644917855,0.21264378783848847,0.706213355712333
26029,LOF,0.03659628590424633,0.1316315524090037,0.83177216168675
26030,LOF,0.11991010683833724,0.016237996897014176,0.8638518962646486
26031,LOF,0.016544758992454674,0.12819612897954144,0.8552591120280039
26032,LOF,0.026545267811721972,0.028015992750862594,0.9454387394374155
26033,LOF,0.04485365428193515,0.05202985684553297,0.9031164888725319
26034,LOF,0.02258166990386618,0.0834611885356686,0.8939571415604652
26035,LOF,0.01360935725636765,0.09836560371905809,0.8880250390245743
26036,LOF,0.012563225157494381,0.08343183208067079,0.9040049427618349
26037,LOF,0.01234933557028007,0.08455466713853646,0.9030959972911835
26038,LOF,0.02300226641637252,0.027678372490474716,0.9493193610931528
26039,LOF,0.032952445998852255,0.11122950063029015,0.8558180533708576
26040,LOF,0.07049163574341621,0.1779484948644957,0.7515598693920881
26041,LOF,0.014487286968327602,0.09106058086158776,0.8944521321700847
26042,LOF,0.01341498891096511,0.09572347035748659,0.8908615407315483
26043,LOF,0.022625773872548757,0.050302171525152546,0.9270720546022987
26044,LOF,0.0076709289239637645,0.041071133774304935,0.9512579373017314
26045,LOF,0.08512745926594366,0.18733894692839145,0.7275335938056648
26046,LOF,0.02246106315247956,0.04914769475249341,0.928391242095027
26047,LOF,0.06803602646352606,0.04409429977006558,0.8878696737664085
26048,LOF,0.07811502992625946,0.02079933377168926,0.9010856363020514
26049,Neutral,0.9415675533793653,0.0055661723492577775,0.052866274271377064
26050,Neutral,0.8973140327898153,0.007000013214465983,0.09568595399571887
26051,LOF,0.02321911206304656,0.32177204610987165,0.6550088418270819
26052,LOF,0.026681481366946286,0.2295879039138318,0.743730614719222
26053,LOF,0.02850550872634538,0.18025131516762374,0.791243176106031
26054,LOF,0.053080765119036095,0.07670511508685358,0.8702141197941103
26055,LOF,0.059690968522826696,0.07602785326617481,0.8642811782109985
26056,LOF,0.05638691759156654,0.07892829929315404,0.8646847831152795
26057,LOF,0.043244696284074916,0.01968746152965568,0.9370678421862695
26058,LOF,0.04701987954854659,0.015927000393515574,0.937053120057938
26059,LOF,0.2646407506639974,0.10809326873100357,0.6272659806049992
26060,LOF,0.0185000206713149,0.21581519878466587,0.7656847805440192
26061,LOF,0.013247643944873405,0.012104286226553298,0.9746480698285733
26062,LOF,0.00612483191796694,0.023633752432993538,0.9702414156490397
26063,LOF,0.042655355489416416,0.015521821609680232,0.9418228229009034
26064,LOF,0.00894395299634981,0.016308865736930328,0.9747471812667199
26065,LOF,0.046142363815342605,0.021395595847849273,0.9324620403368081
26066,LOF,0.03944815574312751,0.013513900875259006,0.9470379433816135
26067,LOF,0.045735824082943626,0.015495849693741499,0.9387683262233149
26068,LOF,0.049375594796021216,0.05411933328162233,0.8965050719223564
26069,LOF,0.17604871576967956,0.04918171732123265,0.7747695669090878
26070,LOF,0.41174544296926824,0.02807913165599694,0.5601754253747349
26071,LOF,0.04650942331577491,0.01961120903530502,0.93387936764892
26072,LOF,0.007829314200043602,0.020211452507296446,0.9719592332926599
26073,LOF,0.04540439398681579,0.01445388445289367,0.9401417215602906
26074,Neutral,0.7380709557201571,0.020392245019788702,0.24153679926005417
26075,LOF,0.03899972624914254,0.040197518750317546,0.9208027550005399
26076,LOF,0.04795735608935059,0.020158094050796736,0.9318845498598527
26077,LOF,0.1614238687260429,0.02007708584531744,0.8184990454286396
26078,LOF,0.0067794989297757825,0.028191844555130397,0.9650286565150937
26079,LOF,0.0555052257771638,0.03900881784916561,0.9054859563736706
26080,LOF,0.054511194430396384,0.03901548946460659,0.9064733161049972
26081,LOF,0.04781556828078998,0.01778825215469811,0.9343961795645119
26082,LOF,0.007509293026712747,0.02576572094541546,0.9667249860278717
26083,LOF,0.060492363025368874,0.03260517213540631,0.9069024648392249
26084,LOF,0.07449396718221313,0.020221990152311374,0.9052840426654756
26085,LOF,0.06699664610174583,0.017080525713551793,0.9159228281847024
26086,LOF,0.04159282625084421,0.02170445397057945,0.9367027197785764
26087,LOF,0.04142246124448341,0.01734086398321219,0.9412366747723044
26088,LOF,0.007532522501009532,0.0376290049705393,0.9548384725284511
26089,LOF,0.03537042405753837,0.06228243831427896,0.9023471376281826
26090,LOF,0.03502698967843671,0.05319809541554547,0.9117749149060178
26091,LOF,0.032270969909769145,0.015248358956657973,0.9524806711335728
26092,LOF,0.04529342282163503,0.014294727605815835,0.9404118495725492
26093,LOF,0.07083597650011354,0.009265605266327954,0.9198984182335586
26094,LOF,0.040630480861969555,0.012907206484311035,0.9464623126537195
26095,LOF,0.01297354899124836,0.02937881261001241,0.9576476383987392
26096,LOF,0.3166561935928698,0.005952701304247179,0.6773911051028831
26097,LOF,0.007496019975844892,0.056864587012479935,0.9356393930116751
26098,LOF,0.058416517148705036,0.040665625451251956,0.900917857400043
26099,LOF,0.05245327388546465,0.04207844269170223,0.9054682834228333
26100,LOF,0.05245327388546465,0.04207844269170223,0.9054682834228333
26101,LOF,0.050675453056779896,0.0525736459957384,0.8967509009474818
26102,LOF,0.040653509964463735,0.023420130853248868,0.9359263591822874
26103,Neutral,0.8822956871226031,0.047322449466378425,0.07038186341101846
26104,LOF,0.045440048179836504,0.112069423002185,0.8424905288179785
26105,LOF,0.24501054930861713,0.06694391408687768,0.6880455366045052
26106,LOF,0.303814720676673,0.03786470745134189,0.658320571871985
26107,LOF,0.017240835831067836,0.054118162706945645,0.9286410014619866
26108,LOF,0.17027728449837873,0.061137764329062136,0.7685849511725591
26109,LOF,0.05501589868035957,0.04032387506409171,0.9046602262555488
26110,Neutral,0.5025504526724883,0.025544082075763697,0.47190546525174804
26111,LOF,0.0661776254565189,0.17072978584646115,0.76309258869702
26112,LOF,0.0730967167785857,0.015758458409806036,0.9111448248116082
26113,LOF,0.06740211038612831,0.033620315215601944,0.8989775743982696
26114,LOF,0.11923853768648218,0.011560895976024447,0.8692005663374934
26115,LOF,0.02381495181815453,0.07286211389112751,0.9033229342907179
26116,LOF,0.07118124724583175,0.021129615096908638,0.9076891376572596
26117,LOF,0.30928227728255714,0.07217386378893863,0.6185438589285043
26118,LOF,0.035569326219255015,0.02462444739310104,0.9398062263876439
26119,LOF,0.00562820522743447,0.094924408889738,0.8994473858828275
26120,LOF,0.02755188430176896,0.01749056728644917,0.9549575484117819
26121,LOF,0.0037078733888332707,0.11816947223446579,0.8781226543767008
