feature0,prediction,LoGoFunc_Neutral,LoGoFunc_GOF,LoGoFunc_LOF
25546,Neutral,0.6358462841425322,0.05003244714823441,0.3141212687092334
25547,LOF,0.3397347484499859,0.24538281650820543,0.4148824350418087
25548,LOF,0.3043808280608176,0.12576529955203475,0.5698538723871477
25549,LOF,0.21502902066807722,0.15168032354746072,0.6332906557844621
25550,Neutral,0.5766300655407804,0.054076346810185534,0.369293587649034
25551,Neutral,0.5050513095802827,0.051088990678767356,0.4438596997409499
25552,LOF,0.13304028335935392,0.12772109706829093,0.739238619572355
25553,LOF,0.4337409276756633,0.050345149908102245,0.5159139224162343
25554,LOF,0.17638092391279198,0.1692433469084576,0.6543757291787504
25555,LOF,0.13141200665358754,0.1142775676290406,0.7543104257173718
25556,LOF,0.18285828892203473,0.1483554751494351,0.6687862359285303
25557,LOF,0.12775708982746237,0.12345148600483521,0.7487914241677025
25558,LOF,0.18504839747438168,0.15291847484809634,0.6620331276775219
25559,Neutral,0.7580966497494842,0.09753519906044462,0.14436815119007113
25560,LOF,0.051242167988841174,0.15599101472404645,0.7927668172871123
25561,LOF,0.1281591474394211,0.1975004708006869,0.674340381759892
25562,LOF,0.17690012282278514,0.04908502529775793,0.774014851879457
25563,LOF,0.20893134161941282,0.14843735820662116,0.642631300173966
25564,LOF,0.07100357738965192,0.06863080342453878,0.8603656191858093
25565,LOF,0.09739945247534817,0.29403121602164456,0.6085693315030073
25566,GOF,0.039958893182505055,0.5814577012869501,0.37858340553054487
25567,LOF,0.02151871142807436,0.09946815968318397,0.8790131288887416
25568,LOF,0.10651555715102269,0.1902726915014711,0.7032117513475062
25569,Neutral,0.7388196769017483,0.03983070978482459,0.22134961331342703
25570,LOF,0.09685037543016348,0.2541775940762551,0.6489720304935814
25571,LOF,0.09620973028324109,0.2257692559843838,0.6780210137323751
25572,LOF,0.10581273486534516,0.3155922360714098,0.5785950290632451
25573,LOF,0.023758552969706023,0.22293792726368516,0.7533035197666088
25574,LOF,0.009056462821698504,0.33480462104461817,0.6561389161336834
25575,LOF,0.11967648492715106,0.06639062892969681,0.8139328861431521
25576,LOF,0.0301070716045704,0.048029201280969096,0.9218637271144604
25577,LOF,0.0198055303086433,0.17671784279120123,0.8034766269001554
25578,Neutral,0.4299232707589239,0.20593151570594415,0.3641452135351321
25579,Neutral,0.4299232707589239,0.20593151570594415,0.3641452135351321
25580,LOF,0.06843735562791843,0.03917073960921059,0.8923919047628709
25581,LOF,0.1048245824870054,0.14500366677648144,0.7501717507365132
25582,LOF,0.10497891536807324,0.13375488930888638,0.7612661953230404
25583,LOF,0.07228364505721338,0.05242146336082915,0.8752948915819574
25584,Neutral,0.5133822284373287,0.11847176450294937,0.3681460070597219
25585,LOF,0.022210892013516646,0.08906114265805783,0.8887279653284256
25586,LOF,0.0866708570245538,0.08540374839843826,0.8279253945770079
25587,LOF,0.05930087419448026,0.1167921471560367,0.8239069786494829
25588,LOF,0.07047640822576706,0.1090917540669443,0.8204318377072886
25589,Neutral,0.6591363903438929,0.19921084194187325,0.14165276771423388
25590,LOF,0.044313010456032836,0.1548745518276674,0.8008124377162997
25591,LOF,0.2074946678635441,0.10404841794095612,0.6884569141954997
25592,LOF,0.044120723677401295,0.09361030327336092,0.8622689730492378
25593,GOF,0.015607623255304907,0.6626289256224797,0.3217634511222155
25594,LOF,0.1400886059567916,0.12054454495290615,0.7393668490903021
25595,LOF,0.11464797186512969,0.1511140942496945,0.7342379338851759
25596,LOF,0.24914205874711842,0.04927758164826647,0.7015803596046151
25597,LOF,0.24136692878232394,0.03313648489879547,0.7254965863188806
25598,Neutral,0.7646478843859522,0.03578237974826764,0.19956973586578017
25599,GOF,0.011317452969985715,0.6184912819821209,0.3701912650478935
25600,GOF,0.011844975287829983,0.6297397623081399,0.35841526240403027
25601,LOF,0.007764722084594092,0.28287207390140634,0.7093632040139997
25602,LOF,0.07936236370713577,0.30530107041712323,0.6153365658757409
25603,LOF,0.05399341687129301,0.23434062204694933,0.7116659610817576
25604,LOF,0.032377319723061154,0.2967052224258122,0.6709174578511266
25605,LOF,0.023308704421548882,0.40753283839359844,0.5691584571848526
25606,GOF,0.06557827682857152,0.594550871823105,0.33987085134832346
25607,LOF,0.0051647628189964165,0.18677478470066747,0.8080604524803361
25608,LOF,0.04806005126569063,0.1395462894700121,0.8123936592642973
25609,LOF,0.18481837021216616,0.18309309900864626,0.6320885307791875
25610,LOF,0.06717392651063334,0.04918244042127924,0.8836436330680875
25611,LOF,0.08403468572384795,0.05112695223023063,0.8648383620459213
25612,Neutral,0.730423056563958,0.043041433255052754,0.22653551018098927
25613,LOF,0.09534330131807991,0.14598884895020373,0.7586678497317163
25614,LOF,0.0856124137273336,0.06724670207655362,0.8471408841961128
25615,LOF,0.0784099764775123,0.07348752672935474,0.8481024967931329
25616,LOF,0.06259150070254135,0.13369793861012727,0.8037105606873315
25617,LOF,0.08327977656071033,0.041290628705382165,0.8754295947339075
25618,LOF,0.07573676066183253,0.17395860820940137,0.7503046311287661
25619,LOF,0.08945832478106347,0.1008511765125662,0.8096904987063703
25620,LOF,0.05821556684410405,0.1032695346384542,0.8385148985174417
25621,LOF,0.0696323028152272,0.05571505473887066,0.8746526424459021
25622,LOF,0.056484294739597686,0.13798963839165276,0.8055260668687496
25623,LOF,0.16554312049263348,0.09982840452291207,0.7346284749844544
25624,LOF,0.0611727274701636,0.15748967342590287,0.7813375991039336
25625,LOF,0.058839709784691434,0.10279470288857101,0.8383655873267376
25626,Neutral,0.7318588671126307,0.03460329999310738,0.23353783289426197
25627,GOF,0.2690696957730102,0.5263780850788813,0.20455221914810845
25628,LOF,0.13550997452684574,0.07826976149912404,0.7862202639740302
25629,Neutral,0.7351948918641432,0.052910923788058645,0.2118941843477981
25630,LOF,0.08371561113972809,0.29531249281387245,0.6209718960463995
25631,GOF,0.3698772525620709,0.3792926295231925,0.25083011791473653
25632,LOF,0.015230721229540053,0.07237531782912636,0.9123939609413335
25633,LOF,0.2984938269553243,0.3371129864551551,0.3643931865895206
25634,LOF,0.1033042674447323,0.1623103460900413,0.7343853864652264
25635,LOF,0.04795388401523062,0.0738848088404362,0.8781613071443333
25636,GOF,0.007932735843234088,0.5075940752538484,0.4844731889029175
25637,LOF,0.0073753788705319704,0.23758278407526248,0.7550418370542055
25638,GOF,0.0071684575440375785,0.5752334825574698,0.41759805989849264
25639,LOF,0.009279247911576537,0.2912514106644839,0.6994693414239395
25640,Neutral,0.46758383002459536,0.38961855041350235,0.14279761956190232
25641,LOF,0.01013928585937483,0.2516763487780321,0.7381843653625931
25642,LOF,0.264932466281787,0.12774540746189286,0.6073221262563201
25643,Neutral,0.5561934661239426,0.01316642096736585,0.43064011290869153
25644,GOF,0.014847957996412947,0.5818960288701714,0.40325601313341547
25645,GOF,0.007936931285858926,0.6363835401922249,0.35567952852191614
25646,LOF,0.01123213300182906,0.45636469146324177,0.5324031755349292
25647,LOF,0.010327439680989132,0.44824642643370444,0.5414261338853065
25648,LOF,0.008091864575684943,0.39211721876502403,0.599790916659291
25649,LOF,0.009070133756107228,0.30663884287508475,0.6842910233688081
25650,GOF,0.025312004406666443,0.7162779156495906,0.258410079943743
25651,GOF,0.007135121479911794,0.6421608748620106,0.35070400365807775
25652,LOF,0.018584198104120334,0.28853735334555924,0.6928784485503203
25653,GOF,0.0737263988283493,0.586039693891446,0.3402339072802048
25654,GOF,0.009322140453857208,0.502398819683704,0.48827903986243876
25655,GOF,0.08946278732481379,0.6669194602062316,0.24361775246895465
25656,GOF,0.03441939526462102,0.5807093810419975,0.38487122369338156
25657,LOF,0.4324907479841119,0.08266095495542021,0.48484829706046806
25658,LOF,0.01191562764027612,0.3898135157856105,0.5982708565741133
25659,LOF,0.11599206931424409,0.21294909254239308,0.6710588381433628
25660,LOF,0.11846120221125252,0.13772386841461404,0.7438149293741333
25661,LOF,0.09167930286377302,0.09936668370672232,0.8089540134295047
25662,LOF,0.07374415305799474,0.08602563430138557,0.8402302126406196
25663,LOF,0.07068952983948663,0.09955789124337297,0.8297525789171404
25664,LOF,0.05920664349615823,0.2052366327704852,0.7355567237333566
25665,LOF,0.08985172036554469,0.19594780997618502,0.7142004696582702
25666,LOF,0.12244379022511154,0.269873249067093,0.6076829607077955
25667,LOF,0.05364777119198455,0.06983145122633472,0.8765207775816808
25668,LOF,0.07662505745349447,0.04246104430003252,0.880913898246473
25669,LOF,0.04964730017922706,0.09917517236614298,0.8511775274546299
25670,LOF,0.13449675257090657,0.07690905608885452,0.7885941913402389
25671,LOF,0.0715363589212644,0.16087289456284332,0.7675907465158922
25672,LOF,0.13198277539371006,0.15869990563262373,0.7093173189736662
25673,LOF,0.13464829379637228,0.20711807752978276,0.658233628673845
25674,LOF,0.06040816463618569,0.1581641865636588,0.7814276488001556
25675,LOF,0.12035173410221447,0.130569517671083,0.7490787482267026
25676,LOF,0.06243446527651586,0.10772735266367517,0.8298381820598089
25677,LOF,0.08029876452149813,0.11212814332590273,0.8075730921525991
25678,Neutral,0.6800880838461615,0.06939093422778286,0.2505209819260557
25679,LOF,0.3356948671726535,0.0858349181603864,0.5784702146669601
25680,LOF,0.10010679861029113,0.16273770687470768,0.7371554945150012
25681,LOF,0.11341868473472952,0.14335265556015953,0.7432286597051109
25682,LOF,0.06863886264678658,0.12740037356799955,0.8039607637852139
25683,LOF,0.2693162717056613,0.06309815316805667,0.667585575126282
25684,LOF,0.10240220373207386,0.1697121708674835,0.7278856254004425
25685,LOF,0.12936382945463035,0.09423182360539045,0.7764043469399792
25686,LOF,0.011144282812066642,0.31736487544316005,0.6714908417447734
25687,LOF,0.018699632115366818,0.39842467067404497,0.5828756972105882
25688,LOF,0.025033495329278715,0.3115138974109593,0.6634526072597619
25689,LOF,0.011262504382372241,0.2378346339207369,0.7509028616968908
25690,GOF,0.013282220447678642,0.5624720332008875,0.42424574635143397
25691,GOF,0.11249833325540817,0.4913201514869583,0.3961815152576334
25692,Neutral,0.7969394661062573,0.04938967265544015,0.15367086123830245
25693,GOF,0.03605299840320416,0.5595122450669278,0.40443475652986804
25694,LOF,0.44504854309078634,0.03242721445910037,0.5225242424501133
25695,LOF,0.3885950189967359,0.02504987815250108,0.5863551028507631
25696,Neutral,0.7206333803103433,0.02842497094152963,0.25094164874812713
25697,Neutral,0.7990492796184566,0.07291780225422909,0.12803291812731427
25698,GOF,0.01601719522821086,0.7180913523356036,0.26589145243618556
25699,GOF,0.03538444260200848,0.6754531848363416,0.2891623725616498
25700,LOF,0.0615781304828991,0.06555168438437733,0.8728701851327236
25701,GOF,0.0070683224016135,0.5713015799540441,0.4216300976443424
25702,GOF,0.034888505458160995,0.7103959462826192,0.25471554825921977
25703,LOF,0.020738604236091328,0.16530725311004532,0.8139541426538633
25704,LOF,0.07418627331584074,0.21217352221627017,0.7136402044678891
25705,LOF,0.09576670107898416,0.16393012256594203,0.7403031763550739
25706,GOF,0.018093983315765158,0.7412758335392587,0.24063018314497622
25707,GOF,0.015590118741111662,0.5330407765925061,0.45136910466638214
25708,GOF,0.006966923066967617,0.5313601674810066,0.4616729094520258
25709,LOF,0.07625746649231402,0.10910727013934717,0.8146352633683388
25710,LOF,0.01627012238663861,0.20511304954310505,0.7786168280702563
25711,LOF,0.07526948960527394,0.1420848447408359,0.7826456656538902
25712,LOF,0.03390147049234423,0.14393278894137096,0.8221657405662848
25713,LOF,0.06075008475852651,0.12594240139525972,0.8133075138462137
25714,LOF,0.05386857882555454,0.32026157303151537,0.6258698481429301
25715,LOF,0.05533668961516995,0.2863007466330796,0.6583625637517504
25716,LOF,0.01708200951337018,0.0999102956707224,0.8830076948159074
25717,LOF,0.012971800261377507,0.13205136885866003,0.8549768308799625
25718,LOF,0.059897008868570044,0.1514851018859268,0.7886178892455032
25719,LOF,0.06520214091567265,0.152337066533293,0.7824607925510344
25720,LOF,0.061737865779750226,0.1726219638340038,0.765640170386246
25721,LOF,0.05102055938543372,0.10258537118257383,0.8463940694319925
25722,LOF,0.05192347078499072,0.11192828997908229,0.836148239235927
25723,LOF,0.07067849643927042,0.1384292188256413,0.7908922847350882
25724,LOF,0.056184750757814386,0.25589390350540303,0.6879213457367827
25725,LOF,0.12185992267088828,0.11086589670305572,0.7672741806260561
25726,LOF,0.05852095905021775,0.18440119289318946,0.7570778480565927
25727,LOF,0.09818368575828243,0.06955197811364466,0.832264336128073
25728,LOF,0.05340966466441581,0.1970829830030648,0.7495073523325194
25729,LOF,0.05956059551735112,0.14647797896277992,0.7939614255198689
25730,LOF,0.07586531665820355,0.16503593512464607,0.7590987482171504
25731,LOF,0.02211124242410337,0.07680731378065042,0.9010814437952462
25732,LOF,0.060183084470230366,0.0602244994986234,0.8795924160311461
25733,LOF,0.08607964923836744,0.25313196683752875,0.6607883839241038
25734,LOF,0.01418512303437517,0.13558132085795543,0.8502335561076694
25735,LOF,0.07263903341608947,0.08519817371850971,0.8421627928654009
25736,LOF,0.06684055162450922,0.12876498133445252,0.8043944670410382
25737,LOF,0.09006772423482222,0.09918975300002275,0.810742522765155
25738,LOF,0.08346270607325858,0.14260548918690685,0.7739318047398347
25739,LOF,0.055765539379317074,0.15718325413205084,0.7870512064886321
25740,LOF,0.09139681777502888,0.13809695478274076,0.7705062274422304
25741,LOF,0.07667327195925214,0.12844806562929884,0.794878662411449
25742,LOF,0.08493096276968459,0.18345468327367798,0.7316143539566375
25743,LOF,0.011585118325093662,0.0873286527656681,0.9010862289092383
25744,GOF,0.041406742943114624,0.6946987187828118,0.2638945382740738
25745,GOF,0.011174464389969734,0.6788864705063173,0.30993906510371294
25746,GOF,0.00781904282182974,0.6690453101454066,0.32313564703276365
25747,LOF,0.0644917213912477,0.07292172296748624,0.8625865556412662
25748,LOF,0.24780336483256044,0.2949068896998674,0.45728974546757206
25749,GOF,0.007527670181197055,0.5729195992440866,0.4195527305747162
25750,GOF,0.009099002760450552,0.5436200477359044,0.44728094950364494
25751,LOF,0.06744775277466132,0.1913436079585843,0.7412086392667544
25752,GOF,0.11139725143963633,0.5198007645427412,0.36880198401762243
25753,LOF,0.012205356340059802,0.1966468013768236,0.7911478422831166
25754,GOF,0.010570275834543959,0.7792254529501617,0.21020427121529436
25755,LOF,0.011555599535312,0.18911166334581145,0.7993327371188765
25756,LOF,0.09808540975195072,0.16707621189035066,0.7348383783576987
25757,GOF,0.011392013007919113,0.7015282907844681,0.28707969620761276
25758,GOF,0.009512922213068247,0.8002274895189022,0.1902595882680296
25759,GOF,0.005778812139134963,0.5682287611157659,0.4259924267450992
25760,LOF,0.009304402283668566,0.09481490549987776,0.8958806922164538
25761,GOF,0.03954112460463846,0.814432392816942,0.14602648257841952
25762,LOF,0.1190534752604285,0.16050221915639418,0.7204443055831773
25763,LOF,0.009660342320635186,0.09707697160091988,0.893262686078445
25764,GOF,0.07573293310183667,0.49689358599705147,0.42737348090111177
25765,GOF,0.007268949484765751,0.7076417146850761,0.2850893358301581
25766,GOF,0.023644080084695124,0.7282390352239541,0.24811688469135082
25767,GOF,0.01032758840651818,0.7533919949173565,0.23628041667612534
25768,LOF,0.042959097897002065,0.24728565970641667,0.7097552423965813
25769,LOF,0.05030560990117448,0.20162951791811184,0.7480648721807137
25770,Neutral,0.7236770203509231,0.04087966925252234,0.23544331039655467
25771,LOF,0.05816196885754937,0.14048788064631496,0.8013501504961356
25772,LOF,0.08686499790348255,0.08954394936214692,0.8235910527343704
25773,LOF,0.03810752440186537,0.26058406015462915,0.7013084154435055
25774,LOF,0.09480657299598516,0.17177731606676003,0.7334161109372549
25775,LOF,0.04526053126544962,0.08505663215813167,0.8696828365764186
25776,LOF,0.04822718565370891,0.10621568485524555,0.8455571294910454
25777,LOF,0.197615793315769,0.08900797474254867,0.7133762319416824
25778,LOF,0.06490666449972468,0.1404761372851385,0.7946171982151368
25779,GOF,0.10290252105652466,0.5356939802675,0.36140349867597527
25780,GOF,0.07686354665408644,0.7506719331690025,0.17246452017691113
25781,GOF,0.06245648137472253,0.6302540961931171,0.30728942243216034
25782,GOF,0.04329150791170355,0.5377849326189603,0.4189235594693362
25783,GOF,0.11084595548259471,0.6548483872843965,0.23430565723300886
25784,GOF,0.16784619157813488,0.6683255240936306,0.16382828432823446
25785,GOF,0.20971943390639983,0.6397053335623909,0.15057523253120925
25786,GOF,0.017149779204365476,0.6333813322847369,0.34946888851089747
25787,Neutral,0.43282008790938614,0.34323555139534434,0.2239443606952695
25788,LOF,0.05572178538241193,0.11262798571767633,0.8316502288999117
25789,GOF,0.029737126307631118,0.7753716177449702,0.19489125594739864
25790,GOF,0.040333102076317726,0.7108722381267051,0.2487946597969773
25791,GOF,0.033264281706287445,0.7827101056241473,0.1840256126695652
25792,GOF,0.04550884921767624,0.754605544497126,0.19988560628519758
25793,GOF,0.06331486664954314,0.5550494817674108,0.3816356515830461
25794,GOF,0.04136804059159255,0.7380259087593918,0.2206060506490158
25795,GOF,0.07256897195935581,0.5370305076875748,0.3904005203530694
25796,GOF,0.1691838545394475,0.4660512536449867,0.3647648918155657
25797,GOF,0.07759684755948168,0.5253029932429767,0.3971001591975415
25798,GOF,0.013257429177078634,0.7609247043156989,0.22581786650722252
25799,GOF,0.007564759980823942,0.7486070417502044,0.2438281982689717
25800,GOF,0.03647449004799102,0.8340196717379003,0.12950583821410874
25801,GOF,0.04531996190550214,0.7688590710324711,0.18582096706202683
25802,GOF,0.04913384369187154,0.7941110625568795,0.15675509375124913
25803,GOF,0.03392100871560677,0.6533715331684146,0.3127074581159787
25804,GOF,0.07827626351816716,0.670545000836235,0.2511787356455977
25805,GOF,0.04202315527741193,0.7365015728686551,0.2214752718539329
25806,GOF,0.05340130928669354,0.7619797021360302,0.18461898857727638
25807,GOF,0.024831257565228092,0.7090623935811501,0.26610634885362194
25808,GOF,0.04482309990414823,0.7728304477007537,0.18234645239509803
25809,GOF,0.015371313354476716,0.5798146405185818,0.40481404612694155
25810,GOF,0.013316515816418436,0.6229409746626727,0.36374250952090886
25811,GOF,0.06618265110118154,0.6903673282207908,0.24345002067802765
25812,GOF,0.08834737583187495,0.7057942379351119,0.20585838623301325
25813,GOF,0.24822148194015983,0.5371260594227366,0.21465245863710358
25814,GOF,0.08144816047166362,0.7807324529599428,0.1378193865683938
25815,GOF,0.061277107038346226,0.7721040972198149,0.16661879574183902
25816,GOF,0.015883747017667364,0.8191176068818157,0.16499864610051684
25817,GOF,0.09405566590426657,0.6600178611699707,0.24592647292576267
25818,GOF,0.08330088698887818,0.5876946983744843,0.32900441463663754
25819,GOF,0.06715889445100874,0.594510707676441,0.3383303978725503
25820,GOF,0.07762515284950446,0.6609161839811992,0.2614586631692963
25821,GOF,0.06620926798747583,0.6701683467115118,0.2636223853010123
25822,GOF,0.1218225740205247,0.6095182778949789,0.26865914808449626
25823,GOF,0.08424952711957329,0.5569102615696592,0.35884021131076765
25824,GOF,0.04002318803824664,0.8006608819247847,0.1593159300369686
25825,GOF,0.030144618174567202,0.8655011530938765,0.1043542287315562
25826,GOF,0.01442122223978061,0.7141358439732147,0.27144293378700457
25827,GOF,0.01202189732878844,0.8139584952301274,0.1740196074410841
25828,GOF,0.011063466981612641,0.7635663029983651,0.22537023002002227
25829,LOF,0.010954366331429927,0.11973349364898883,0.8693121400195812
25830,LOF,0.059384388753516815,0.05621379508824138,0.8844018161582418
25831,GOF,0.04001367164566059,0.733516285440035,0.22647004291430425
25832,GOF,0.0155176105839112,0.5253217130165622,0.4591606763995267
25833,GOF,0.05625275244587936,0.7420122834348462,0.2017349641192744
25834,GOF,0.014536780935711906,0.5118037491225192,0.47365946994176894
25835,GOF,0.050560907780029384,0.8080228159853465,0.1414162762346241
25836,GOF,0.016003809688359752,0.6295877956805038,0.35440839463113644
25837,GOF,0.01408496097411573,0.6637936502886956,0.32212138873718854
25838,GOF,0.037218472275737075,0.769427411579903,0.19335411614435985
25839,GOF,0.07809914678521927,0.6764735818322339,0.2454272713825468
25840,GOF,0.10608258402783344,0.770193594278793,0.12372382169337376
25841,GOF,0.09621766528519814,0.6960179094371757,0.20776442527762634
25842,GOF,0.06206721072128074,0.7940946607372559,0.14383812854146324
25843,GOF,0.03144044188847785,0.7759855813468817,0.1925739767646406
25844,GOF,0.03433006753008441,0.7716165319172462,0.19405340055266948
25845,GOF,0.010859517828740844,0.5993709292630858,0.38976955290817333
25846,GOF,0.0737497568702601,0.7388612421842685,0.18738900094547145
25847,GOF,0.04919493459280942,0.8009509887671277,0.14985407664006287
25848,GOF,0.03652575487622554,0.7566155180056099,0.20685872711816464
25849,GOF,0.009494193097692878,0.7229659481158839,0.2675398587864232
25850,GOF,0.013771178191747514,0.6991467267466228,0.2870820950616297
25851,GOF,0.012872431618658484,0.665592174056987,0.3215353943243544
25852,GOF,0.17033473070110505,0.47868908174715746,0.3509761875517376
25853,GOF,0.07379726133500816,0.669874784950192,0.25632795371479977
25854,GOF,0.0080056117778933,0.7248350476000753,0.2671593406220315
25855,GOF,0.04407346327116882,0.5827289828089761,0.3731975539198551
25856,GOF,0.07635838559996244,0.7191886695575361,0.20445294484250137
25857,GOF,0.046084309803429285,0.6346715045829054,0.31924418561366524
25858,GOF,0.014919015920979484,0.593790174859314,0.3912908092197066
25859,GOF,0.011384604494922207,0.5649309105221033,0.4236844849829745
25860,GOF,0.09460365726010193,0.6597111709011263,0.2456851718387718
25861,GOF,0.06831397261636812,0.637150447486053,0.2945355798975789
25862,GOF,0.03229796414124026,0.8466948941919952,0.12100714166676459
25863,GOF,0.03726515132799357,0.7401494494851377,0.22258539918686865
25864,GOF,0.03362291097113297,0.8451077501243245,0.12126933890454249
25865,GOF,0.03644094135077177,0.8373983814768081,0.1261606771724202
25866,GOF,0.048148953337029184,0.8932214437311036,0.05862960293186749
25867,GOF,0.4086056148334792,0.5588468958998464,0.03254748926667441
25868,GOF,0.09299479864235229,0.6861553744522475,0.22084982690540025
25869,GOF,0.2812070635662897,0.597821313778617,0.12097162265509312
25870,LOF,0.0416143057887698,0.09774034437711822,0.860645349834112
25871,GOF,0.007647760066539033,0.6167531911609314,0.3755990487725296
25872,LOF,0.038274274743996126,0.45559774757895133,0.5061279776770525
25873,GOF,0.02313877863280015,0.7591965298949498,0.21766469147225012
25874,LOF,0.0704472497954062,0.03638128605556034,0.8931714641490334
25875,GOF,0.013501363209867194,0.6408957416986969,0.3456028950914358
25876,LOF,0.038949564814431646,0.13223295817794842,0.82881747700762
25877,GOF,0.042806636388351055,0.7076648074896499,0.24952855612199915
25878,GOF,0.0342076646560218,0.8510134397858389,0.11477889555813932
25879,LOF,0.012636909134379051,0.42268146283160624,0.5646816280340147
25880,LOF,0.0828192868124525,0.07248687267025737,0.84469384051729
25881,Neutral,0.5833934077240889,0.21809027445923906,0.19851631781667206
25882,LOF,0.04447631281126799,0.319121517079055,0.6364021701096771
25883,LOF,0.0548403346942506,0.18933182836427734,0.755827836941472
25884,LOF,0.03005817620301074,0.2507639755953357,0.7191778482016535
25885,Neutral,0.4950595819017473,0.02270241785065629,0.48223800024759644
25886,Neutral,0.4299232707589239,0.20593151570594415,0.3641452135351321
25887,GOF,0.05124373254624015,0.7103490858147958,0.2384071816389641
25888,LOF,0.010651945318194751,0.3329053029510356,0.6564427517307697
25889,LOF,0.08310346912927426,0.2220238533646784,0.6948726775060473
25890,LOF,0.13684890952698212,0.4049563499180633,0.4581947405549547
25891,LOF,0.2193329182537491,0.15140580293807496,0.629261278808176
25892,LOF,0.005068514749248266,0.30713903984740815,0.6877924454033436
25893,LOF,0.2128269328006387,0.11500957231283779,0.6721634948865235
25894,LOF,0.2573962022169178,0.041309658551400064,0.701294139231682
25895,LOF,0.23784585001408498,0.06908281020980528,0.6930713397761097
25896,LOF,0.09475135562763996,0.15888247424853086,0.7463661701238292
25897,LOF,0.09919158379332685,0.11515574248864029,0.7856526737180328
25898,GOF,0.045457125717920745,0.6887278826282798,0.2658149916537994
25899,LOF,0.28794899534916296,0.19918580357292534,0.5128652010779117
25900,Neutral,0.8468925346512618,0.036341646465679944,0.11676581888305816
25901,LOF,0.08195906965476672,0.05911916760056108,0.8589217627446722
25902,Neutral,0.8125047891802665,0.018246796404371133,0.16924841441536234
25903,LOF,0.13187312280534313,0.21389193078317822,0.6542349464114786
25904,Neutral,0.4299232707589239,0.20593151570594415,0.3641452135351321
25905,LOF,0.006474419646009116,0.3381596723768538,0.6553659079771371
25906,LOF,0.009745568218163995,0.10352742220768417,0.8867270095741518
25907,LOF,0.007704810594568206,0.4346257961665478,0.5576693932388841
25908,LOF,0.007569897515674707,0.4078927871093041,0.5845373153750212
25909,LOF,0.058756497362469,0.4476594075591467,0.4935840950783844
25910,LOF,0.014172651441542625,0.22654670671187907,0.7592806418465783
25911,LOF,0.10033327479431717,0.21263531527106846,0.6870314099346143
25912,LOF,0.17295467349891672,0.08417208926763388,0.7428732372334493
25913,LOF,0.008352338499635325,0.19185988353842734,0.7997877779619375
25914,LOF,0.06124835022456616,0.19605909008478717,0.7426925596906467
25915,GOF,0.04117052767049577,0.7471698715423158,0.2116596007871885
25916,GOF,0.011000916826381458,0.5033881362342612,0.4856109469393573
25917,Neutral,0.7841725819981921,0.04859240990212156,0.16723500809968644
25918,LOF,0.07103413423045939,0.06985941596602424,0.8591064498035165
25919,LOF,0.0635703877048438,0.029375418122827672,0.9070541941723286
25920,LOF,0.21643879842910954,0.35362074045452296,0.4299404611163675
25921,LOF,0.022738949300750325,0.08580998999280007,0.8914510607064496
25922,LOF,0.016304347189731346,0.09137096516533579,0.8923246876449328
25923,Neutral,0.4299232707589239,0.20593151570594415,0.3641452135351321
25924,LOF,0.02814329364734426,0.29574329043878556,0.6761134159138701
25925,Neutral,0.7373084310444308,0.04252592705946161,0.22016564189610754
25926,LOF,0.10092406687344217,0.21296955733030004,0.6861063757962578
25927,LOF,0.009420088719663093,0.24744930652254934,0.7431306047577876
25928,LOF,0.0117717339624372,0.051258072158250054,0.9369701938793128
25929,Neutral,0.4299232707589239,0.20593151570594415,0.3641452135351321
25930,LOF,0.04238323093924995,0.2292399721775524,0.7283767968831977
25931,LOF,0.01016558440882364,0.10169052966985596,0.8881438859213204
25932,LOF,0.07807268120144688,0.0613190988720919,0.8606082199264612
25933,LOF,0.07297191824883649,0.09616401875382144,0.8308640629973421
25934,LOF,0.08114034162799075,0.06060503481230304,0.8582546235597063
25935,Neutral,0.7293726041164075,0.06046824653764415,0.21015914934594837
25936,LOF,0.07942873705321923,0.044640641738037126,0.8759306212087435
25937,LOF,0.011649658304942528,0.17145361295946665,0.8168967287355908
25938,Neutral,0.7558207931736853,0.0429266316952115,0.20125257513110334
25939,LOF,0.06155126153175318,0.06673545986800695,0.8717132786002398
25940,GOF,0.00837616130835125,0.5637720678288655,0.42785177086278325
25941,LOF,0.4344752791372671,0.06154916465982913,0.5039755562029037
25942,LOF,0.01747254636955223,0.16138326762744296,0.8211441860030047
25943,LOF,0.026271433082721212,0.4061396730288676,0.5675888938884113
25944,LOF,0.0227640868206019,0.43345496655658744,0.5437809466228107
25945,LOF,0.045295006475044884,0.0638936176909964,0.8908113758339586
25946,LOF,0.07875970210227108,0.1566677776690207,0.7645725202287081
25947,LOF,0.4598614516944791,0.052157396418925334,0.4879811518865957
25948,Neutral,0.8222234424273384,0.08021222216281784,0.097564335409844
25949,Neutral,0.7648936588593849,0.048695664529617703,0.18641067661099744
25950,GOF,0.06092258761769088,0.8155301942212406,0.12354721816106838
25951,GOF,0.010847418279340205,0.6943886689082571,0.2947639128124027
25952,LOF,0.11119547902884942,0.3905663992921018,0.49823812167904885
25953,GOF,0.009975521837091312,0.51304126690849,0.4769832112544188
25954,GOF,0.04761137646727061,0.781784589402786,0.17060403412994346
25955,GOF,0.006429873963150452,0.5680079739305154,0.42556215210633425
25956,GOF,0.010700523827192603,0.5216872947972336,0.46761218137557375
25957,LOF,0.45592043011819405,0.07074080869641258,0.47333876118539336
25958,LOF,0.06186566864556531,0.12810593988482863,0.810028391469606
25959,LOF,0.008865693976150318,0.44199318948422667,0.549141116539623
25960,LOF,0.010210865282203612,0.08632482159628965,0.9034643131215067
25961,LOF,0.05579346773202925,0.2090428629059928,0.735163669361978
25962,Neutral,0.7875561255269904,0.023500946626157447,0.18894292784685213
25963,LOF,0.01273460708679733,0.1388294623692048,0.8484359305439979
25964,LOF,0.09184198434102481,0.1597188456881885,0.7484391699707866
25965,LOF,0.14601803672595104,0.42422512459617795,0.429756838677871
25966,Neutral,0.4299232707589239,0.20593151570594415,0.3641452135351321
25967,LOF,0.01272342987180404,0.12037458501164511,0.8669019851165508
25968,LOF,0.11157075262784208,0.3464898583076755,0.5419393890644825
25969,LOF,0.2539888337050501,0.05773291932960784,0.6882782469653421
25970,LOF,0.018361861635194383,0.19311687616317452,0.788521262201631
25971,LOF,0.10730932629245417,0.1502391998235197,0.7424514738840261
25972,LOF,0.09486166607756881,0.14869510096004174,0.7564432329623896
25973,Neutral,0.5367847403361341,0.012372930182922915,0.45084232948094305
25974,LOF,0.05924863815619314,0.2905331158193403,0.6502182460244665
25975,LOF,0.05361065425506032,0.03173516035716214,0.9146541853877777
25976,LOF,0.09768209511771146,0.02013555660179221,0.8821823482804964
25977,LOF,0.41077582036669974,0.12106505957049003,0.4681591200628102
25978,LOF,0.18542118191115578,0.14407040242892732,0.6705084156599169
25979,LOF,0.12409610210838186,0.15701224156727803,0.7188916563243402
25980,LOF,0.19956228079730612,0.36727773288813775,0.4331599863145562
25981,GOF,0.20875619709118715,0.44624074582304823,0.3450030570857647
25982,LOF,0.1920956705823165,0.2837123514759162,0.5241919779417673
25983,LOF,0.15777330934788467,0.27270483725913924,0.5695218533929761
25984,LOF,0.046424557672026426,0.26378148986307004,0.6897939524649035
25985,Neutral,0.38692625794156377,0.33902855548577887,0.27404518657265736
25986,GOF,0.01612830261082597,0.6260135807957832,0.35785811659339073
25987,LOF,0.023845584421764272,0.28514625836344026,0.6910081572147954
25988,LOF,0.04330908092700725,0.3314614157448581,0.6252295033281347
25989,LOF,0.057719884358092825,0.4139334514348253,0.5283466642070819
25990,LOF,0.06538377374576951,0.4036602277635474,0.5309559984906831
25991,GOF,0.048085247708182,0.7414705692221749,0.21044418306964313
25992,LOF,0.02062433790135559,0.341832025228701,0.6375436368699434
25993,LOF,0.0584901959989634,0.029157762248278322,0.9123520417527583
25994,LOF,0.08117324120180884,0.03501247366279647,0.8838142851353946
25995,LOF,0.05287759369406503,0.04031272074792547,0.9068096855580096
25996,GOF,0.19125866954720955,0.46912323637883524,0.3396180940739552
25997,GOF,0.044079193734863555,0.5837658311681355,0.3721549750970009
25998,LOF,0.16512663444646106,0.22907193086633748,0.6058014346872015
25999,GOF,0.020055902761730582,0.5365572185622984,0.4433868786759709
26000,LOF,0.2563862224930243,0.0799988963872783,0.6636148811196974
26001,LOF,0.09557419373905343,0.13663624177243058,0.767789564488516
26002,Neutral,0.6739504873959963,0.016189351642691037,0.3098601609613127
26003,GOF,0.008326931992920634,0.7576282706117395,0.23404479739533982
26004,GOF,0.027140671746016625,0.7244349974902105,0.2484243307637729
26005,GOF,0.0048576509781160186,0.7098414233685807,0.28530092565330323
26006,GOF,0.09262038942526976,0.7655508731340867,0.14182873744064362
26007,GOF,0.01297313113987517,0.7933303725430801,0.19369649631704475
26008,GOF,0.012632008714632192,0.7055204515342071,0.28184753975116067
26009,GOF,0.023310358957291045,0.8810759864322203,0.09561365461048858
26010,GOF,0.009006431760325798,0.8126444074778447,0.17834916076182958
26011,GOF,0.005493697099929553,0.5105189799452919,0.48398732295477853
26012,GOF,0.0071620734323390445,0.8215726252770138,0.17126530129064713
26013,LOF,0.00725535826911906,0.40235810706266584,0.5903865346682151
26014,Neutral,0.7641030511769918,0.016861767781441724,0.2190351810415664
26015,Neutral,0.5475621286917929,0.07034602831721341,0.38209184299099375
26016,LOF,0.3021533227069225,0.12291623639600893,0.5749304408970686
26017,LOF,0.042458085044894546,0.3921639914167435,0.5653779235383619
26018,LOF,0.047052335955117326,0.34490480528806367,0.6080428587568191
26019,LOF,0.04973714820360464,0.11149545236799668,0.8387673994283986
26020,LOF,0.007390478370901693,0.2988866105958668,0.6937229110332315
26021,LOF,0.06956370131897888,0.15495398467499033,0.7754823140060308
26022,LOF,0.0773686286878769,0.08234198300238758,0.8402893883097355
26023,LOF,0.03950088393531599,0.1206265325278287,0.8398725835368552
26024,LOF,0.050548622256862324,0.17058530036268008,0.7788660773804575
26025,LOF,0.13335505374055512,0.32841047884515484,0.53823446741429
26026,LOF,0.0888739049263571,0.22568735204250784,0.6854387430311352
26027,LOF,0.08025182105126452,0.08933189661825597,0.8304162823304795
26028,GOF,0.042149346380890754,0.49742620902432494,0.4604244445947843
26029,GOF,0.019005454408520576,0.7010601911560714,0.27993435443540815
26030,LOF,0.38538158517803245,0.06413951338919667,0.5504789014327709
26031,GOF,0.005351771561430339,0.6295873314317881,0.36506089700678146
26032,LOF,0.06166263967584726,0.13699117338009745,0.8013461869440552
26033,LOF,0.06425770062542448,0.14578423079747027,0.7899580685771052
26034,GOF,0.008008013124864625,0.5453795449344047,0.4466124419407308
26035,GOF,0.006541812487902443,0.5613159553945757,0.4321422321175219
26036,LOF,0.006448997424241187,0.27675655095791396,0.7167944516178447
26037,LOF,0.006271990546100699,0.3489093034890642,0.6448187059648351
26038,LOF,0.055642668042371134,0.09376216912380066,0.8505951628338282
26039,GOF,0.02183876932560169,0.5667472606660399,0.41141397000835833
26040,LOF,0.05015015069888959,0.11893990923500912,0.8309099400661013
26041,LOF,0.008951942847894924,0.3544283740497526,0.6366196831023525
26042,LOF,0.008176628958494567,0.3799755059313585,0.611847865110147
26043,LOF,0.04354185414905321,0.2535436773412903,0.7029144685096564
26044,LOF,0.007825058325980726,0.2570677637284599,0.7351071779455592
26045,GOF,0.02821960550302258,0.8479577502422478,0.12382264425472965
26046,LOF,0.036102944029322376,0.28023630714414677,0.6836607488265309
26047,LOF,0.09990495672354628,0.1670073456536062,0.7330876976228474
26048,LOF,0.08976305187040007,0.1143580126114258,0.7958789355181741
26049,Neutral,0.8669062342823186,0.07433441784609113,0.05875934787159021
26050,Neutral,0.8627862983777357,0.061712910652552154,0.07550079096971227
26051,LOF,0.012167662613485095,0.4269141276727681,0.5609182097137468
26052,LOF,0.01512787939903071,0.2739300728090099,0.7109420477919594
26053,LOF,0.02284990238841795,0.10178136480109223,0.8753687328104898
26054,Neutral,0.7558207931736853,0.0429266316952115,0.20125257513110334
26055,LOF,0.0996840829010015,0.16775390358498024,0.7325620135140184
26056,LOF,0.10010813880076305,0.1871127514917088,0.7127791097075282
26057,LOF,0.0796105286234191,0.04690457539260187,0.873484895983979
26058,LOF,0.08460204863138993,0.03898083022543375,0.8764171211431764
26059,Neutral,0.8679798562652117,0.04726291712157881,0.08475722661320959
26060,LOF,0.030719159255359573,0.29127887686383647,0.678001963880804
26061,LOF,0.01812517828997032,0.035228693925017214,0.9466461277850124
26062,LOF,0.01148622737458337,0.0701371118732926,0.9183766607521241
26063,LOF,0.06474414613361852,0.03078808179983967,0.9044677720665419
26064,LOF,0.017718263541111102,0.04372808818580998,0.938553648273079
26065,LOF,0.04700725552189728,0.051507134128964224,0.9014856103491384
26066,LOF,0.08891708727468339,0.0472246580516078,0.8638582546737089
26067,LOF,0.0837895623907358,0.09369614797245257,0.8225142896368116
26068,Neutral,0.7523535888249683,0.05632344433958709,0.1913229668354446
26069,LOF,0.09319448891760641,0.17012965369984118,0.7366758573825524
26070,LOF,0.12221258585040423,0.1679344102780372,0.7098530038715586
26071,LOF,0.06201512985379831,0.05346121138536732,0.8845236587608343
26072,LOF,0.014402924502449425,0.04121579588750577,0.9443812796100447
26073,LOF,0.06975101235186808,0.061618100973013665,0.8686308866751183
26074,Neutral,0.8534879805204499,0.043620674016793294,0.1028913454627567
26075,LOF,0.12394060964328904,0.1774855173924784,0.6985738729642327
26076,LOF,0.07250712967132052,0.09322731874903395,0.8342655515796454
26077,LOF,0.2599762810589466,0.05871045156149924,0.6813132673795541
26078,LOF,0.010803133844969852,0.05397668674986023,0.9352201794051699
26079,Neutral,0.7582843605284832,0.056087581321207995,0.18562805815030878
26080,Neutral,0.7582843605284832,0.056087581321207995,0.18562805815030878
26081,LOF,0.06325343105949785,0.05279765361115398,0.8839489153293483
26082,LOF,0.012489878730966101,0.1417805315135462,0.8457295897554877
26083,LOF,0.05632590599918763,0.16341102976567537,0.780263064235137
26084,LOF,0.07433480811925779,0.13420087161130612,0.7914643202694361
26085,LOF,0.06165777498331288,0.1706493496698833,0.7676928753468039
26086,LOF,0.04903075776389576,0.13192587321724233,0.8190433690188619
26087,LOF,0.05843856966500661,0.14986886514101327,0.7916925651939801
26088,LOF,0.013314793723572626,0.14354529070815736,0.84313991556827
26089,LOF,0.09583095425897296,0.18794322667349186,0.7162258190675352
26090,LOF,0.10862704023881392,0.20043313849941735,0.6909398212617687
26091,LOF,0.07022906108357849,0.061543089643055916,0.8682278492733656
26092,LOF,0.05542303339041851,0.05971353894852724,0.8848634276610542
26093,LOF,0.06676947825224287,0.04698465130518308,0.886245870442574
26094,LOF,0.07208395875679258,0.0828212903387643,0.8450947509044431
26095,LOF,0.025958854758483457,0.10523483202048922,0.8688063132210272
26096,LOF,0.4122327546989474,0.0248558857519727,0.5629113595490799
26097,LOF,0.012926583065211241,0.06000282579223174,0.9270705911425571
26098,Neutral,0.7478931441081971,0.04277831354648105,0.20932854234532178
26099,LOF,0.04531298780373827,0.16875896085366837,0.7859280513425935
26100,LOF,0.04531298780373827,0.16875896085366837,0.7859280513425935
26101,LOF,0.050971592777788045,0.14021727042147675,0.8088111368007352
26102,LOF,0.06333795740391653,0.0722028000744238,0.8644592425216596
26103,Neutral,0.4299232707589239,0.20593151570594415,0.3641452135351321
26104,Neutral,0.7574440416792056,0.07281664583425972,0.1697393124865345
26105,LOF,0.28389353027457526,0.09895277476997841,0.6171536949554464
26106,LOF,0.3198104083859542,0.19780970348756732,0.48237988812647864
26107,LOF,0.009081080324676144,0.41079396268787866,0.5801249569874452
26108,LOF,0.1656085752833408,0.22736779923548053,0.6070236254811787
26109,LOF,0.056756087321475426,0.23898521565238973,0.7042586970261349
26110,Neutral,0.7427584003327324,0.02377462658008302,0.23346697308718445
26111,LOF,0.024376108959684714,0.25202128654495515,0.7236026044953602
26112,LOF,0.0854897248751504,0.03909197714467494,0.8754182979801746
26113,LOF,0.05974939999601226,0.06688574741918452,0.8733648525848031
26114,LOF,0.11600049205540103,0.18654649282757743,0.6974530151170215
26115,GOF,0.011149532835081829,0.6249543655318073,0.363896101633111
26116,LOF,0.10422937967371008,0.2916924312507734,0.6040781890755166
26117,Neutral,0.4299232707589239,0.20593151570594415,0.3641452135351321
26118,LOF,0.05859458942627933,0.07048425147171077,0.8709211591020098
26119,LOF,0.006728704806038987,0.14989538272937458,0.8433759124645864
26120,LOF,0.06774098845911754,0.05712318868990515,0.8751358228509774
26121,LOF,0.007453320978947309,0.1723645521345112,0.8201821268865415
26122,LOF,0.0056614866147186,0.2914858401115938,0.7028526732736876
