feature0,prediction,LoGoFunc_Neutral,LoGoFunc_GOF,LoGoFunc_LOF
25546,Neutral,0.6704793958519305,0.09506412121703496,0.23445648293103458
25547,Neutral,0.5481567179531567,0.1798210363702523,0.2720222456765911
25548,Neutral,0.5135368247731553,0.1340351759536743,0.35242799927317026
25549,Neutral,0.4840642997603493,0.13157281344600436,0.3843628867936463
25550,Neutral,0.4079865009327063,0.21371585761814665,0.3782976414491472
25551,LOF,0.33660375497691153,0.2018305310545544,0.461565713968534
25552,LOF,0.18082699350444179,0.2175243000990551,0.6016487063965031
25553,Neutral,0.8202309217807168,0.04978546828367856,0.12998360993560465
25554,LOF,0.22629123824143657,0.20418775268823036,0.5695210090703331
25555,LOF,0.1797636487562287,0.18487749632161818,0.635358854922153
25556,Neutral,0.5184149884146135,0.14080186826766117,0.3407831433177254
25557,LOF,0.17398821205411558,0.19315158678060515,0.6328602011652793
25558,LOF,0.22479621586673135,0.2229753075951564,0.5522284765381121
25559,Neutral,0.4893275435093494,0.02465108540378235,0.48602137108686816
25560,LOF,0.03872201359496703,0.23922063655967102,0.722057349845362
25561,LOF,0.0990378857187266,0.2738330586024354,0.627129055678838
25562,LOF,0.11610115398283702,0.08334969243060172,0.8005491535865613
25563,LOF,0.10792470963703613,0.11390281768721061,0.7781724726757533
25564,LOF,0.07840550960715796,0.138624397087825,0.782970093305017
25565,LOF,0.13615548108519493,0.2536397301986744,0.6102047887161307
25566,GOF,0.017089203669323136,0.6858359544203158,0.29707484191036104
25567,LOF,0.009778903160063836,0.18945642284809658,0.8007646739918397
25568,LOF,0.040600102869813214,0.0765485755130939,0.8828513216170928
25569,LOF,0.05806010757700949,0.07494587818706314,0.8669940142359273
25570,LOF,0.04386409170172679,0.11213533722967248,0.8440005710686008
25571,LOF,0.050432765645702114,0.10672063169385701,0.8428466026604409
25572,LOF,0.04908425813992582,0.108713731610701,0.8422020102493731
25573,LOF,0.02807008390795685,0.08242733527665107,0.889502580815392
25574,LOF,0.014232291717880631,0.2237540084857539,0.7620136997963655
25575,LOF,0.04489322469280702,0.09770046501002545,0.8574063102971676
25576,LOF,0.016430885305948332,0.09820575883233458,0.8853633558617171
25577,LOF,0.011771174548416441,0.09615385821574285,0.8920749672358408
25578,LOF,0.260133160262403,0.0977496195252495,0.6421172202123474
25579,LOF,0.26078730277241363,0.0962057219664654,0.6430069752611209
25580,LOF,0.026621619612621755,0.09283773872150469,0.8805406416658735
25581,LOF,0.045710025566757344,0.08199425502757644,0.8722957194056663
25582,LOF,0.04544261941733627,0.07615679411151531,0.8784005864711485
25583,LOF,0.027403541259068204,0.09397566473047449,0.8786207940104573
25584,Neutral,0.5028583350831417,0.10232057079017146,0.3948210941266868
25585,LOF,0.021521116659433476,0.0820986046510684,0.8963802786894981
25586,LOF,0.026094129541110074,0.07039591514627941,0.9035099553126106
25587,LOF,0.02273317892487968,0.06265592205187102,0.9146108990232492
25588,LOF,0.02228684893115852,0.09039558348810026,0.8873175675807412
25589,Neutral,0.6303050267874606,0.1318486397367092,0.23784633347583023
25590,LOF,0.02176959317111512,0.12528175525150287,0.852948651577382
25591,LOF,0.1000124494108227,0.052883074304934205,0.847104476284243
25592,LOF,0.07513214024461001,0.13292308258351893,0.7919447771718711
25593,GOF,0.010580988226863685,0.533366341405011,0.4560526703681252
25594,LOF,0.034514488778679416,0.11063106700006003,0.8548544442212607
25595,LOF,0.06455134220529497,0.0796266323225408,0.8558220254721643
25596,LOF,0.09498372731986357,0.049293009043269435,0.8557232636368669
25597,LOF,0.07727422963150574,0.017823981606101182,0.904901788762393
25598,LOF,0.04609514171830601,0.12169614077233323,0.8322087175093608
25599,GOF,0.008497384576885236,0.5094376600650681,0.48206495535804667
25600,LOF,0.009799905453105044,0.43621677684755517,0.5539833176993397
25601,LOF,0.008898669744005817,0.24660224134369238,0.7444990889123018
25602,LOF,0.02060194171590864,0.045970296394220275,0.9334277618898711
25603,LOF,0.03959254940185743,0.05990494877028203,0.9005025018278605
25604,LOF,0.03646726669577204,0.0659674628963955,0.8975652704078324
25605,LOF,0.012146932399280073,0.20917187405290852,0.7786811935478113
25606,GOF,0.06105372233685972,0.5071114713541475,0.43183480630899285
25607,LOF,0.0033354330049460016,0.12350270657304424,0.8731618604220098
25608,LOF,0.05421222335033576,0.041999583692091065,0.9037881929575732
25609,LOF,0.08106951711754777,0.24988124182921267,0.6690492410532395
25610,LOF,0.0437598217302152,0.018341966664651876,0.937898211605133
25611,LOF,0.0558520559497428,0.01141588657466609,0.9327320574755911
25612,LOF,0.1172755540283215,0.0333823643255838,0.8493420816460947
25613,LOF,0.1013224484426968,0.027766514156736012,0.8709110374005671
25614,LOF,0.040024386517436034,0.0276837402955019,0.932291873187062
25615,LOF,0.07674850913660221,0.03276157314409808,0.8904899177192998
25616,LOF,0.034061446534926536,0.036605603718590084,0.9293329497464835
25617,LOF,0.050396601317304904,0.02291294387765644,0.9266904548050385
25618,LOF,0.23107818959120133,0.029111654506271456,0.7398101559025273
25619,LOF,0.04019244159014984,0.030070716940147447,0.9297368414697027
25620,LOF,0.035368816753003685,0.04215843593575218,0.9224727473112442
25621,LOF,0.043388595806119826,0.02857925040028167,0.9280321537935986
25622,LOF,0.030835932827838832,0.04568115548577069,0.9234829116863905
25623,LOF,0.05210474069445107,0.032969437951145424,0.9149258213544035
25624,LOF,0.03586186184249024,0.03310487201867018,0.9310332661388396
25625,LOF,0.04722839054118313,0.040377374903136164,0.9123942345556807
25626,LOF,0.07184949209192239,0.026717220523636977,0.9014332873844407
25627,Neutral,0.5613896426867673,0.1268076048671401,0.31180275244609257
25628,LOF,0.17870390439133438,0.06988420908298841,0.7514118865256773
25629,LOF,0.05093743974648018,0.11878947909979656,0.8302730811537233
25630,LOF,0.16548173992094323,0.09698572734923769,0.737532532729819
25631,Neutral,0.6215653463467499,0.08161404625079603,0.2968206074024541
25632,LOF,0.01571463661995371,0.17765554207066137,0.8066298213093849
25633,LOF,0.19831282108383602,0.303915879137106,0.49777129977905804
25634,LOF,0.03363687060156528,0.2571596788670875,0.7092034505313471
25635,LOF,0.03638956322897804,0.2181374957189149,0.745472941052107
25636,GOF,0.0052671956749876505,0.5688014816387146,0.4259313226862977
25637,LOF,0.004297598756544234,0.4350669889010391,0.5606354123424165
25638,LOF,0.005441256381795922,0.42191227220969263,0.5726464714085114
25639,LOF,0.0047100711044373396,0.33918764988861,0.6561022790069526
25640,GOF,0.322085224933311,0.6190080782424771,0.058906696824211936
25641,LOF,0.006346192380171967,0.21857430483918355,0.7750795027806445
25642,LOF,0.20981725574521976,0.06392323253713744,0.7262595117176429
25643,LOF,0.2446082256339381,0.06972145936157714,0.6856703150044847
25644,GOF,0.012958809830090564,0.5521926315659785,0.43484855860393085
25645,GOF,0.008844063582444142,0.582279333494674,0.4088766029228818
25646,LOF,0.010253146591245883,0.37853086793643415,0.6112159854723199
25647,LOF,0.009691759436014557,0.2949231617579478,0.6953850788060377
25648,LOF,0.0070887032856889074,0.3531133124109454,0.6397979843033658
25649,LOF,0.007880203310432415,0.19404504342992263,0.798074753259645
25650,GOF,0.025160109942944524,0.5023085666141347,0.47253132344292076
25651,LOF,0.007146939675713019,0.19744047691658898,0.7954125834076979
25652,LOF,0.011543852211415915,0.3118780224824286,0.6765781253061555
25653,LOF,0.04303564641695044,0.4751620380815968,0.48180231550145275
25654,LOF,0.007901247333405399,0.3509876060596223,0.6411111466069722
25655,GOF,0.09181603658548469,0.4856063733595242,0.4225775900549912
25656,LOF,0.08834658334228655,0.06912290438159634,0.8425305122761171
25657,LOF,0.2641960278413646,0.032295161363868743,0.7035088107947666
25658,LOF,0.03046730134560973,0.1346989178617451,0.8348337807926453
25659,LOF,0.22639765351104277,0.0962679014375721,0.6773344450513852
25660,LOF,0.110526521895801,0.06645256735489331,0.8230209107493056
25661,LOF,0.06792279732499658,0.05954588044406169,0.8725313222309418
25662,LOF,0.04321728094800652,0.057201763181949104,0.8995809558700443
25663,LOF,0.042573694151119224,0.09327653410153738,0.8641497717473433
25664,LOF,0.027838279146412365,0.2110094710544495,0.7611522497991381
25665,LOF,0.040440034793172236,0.0512053280014771,0.9083546372053507
25666,LOF,0.04053438486844476,0.21888435535874862,0.7405812597728065
25667,LOF,0.043335178469305104,0.034434146181587626,0.9222306753491073
25668,LOF,0.04742231575212287,0.048146679399482493,0.9044310048483946
25669,LOF,0.03844617268771783,0.07537672780858107,0.886177099503701
25670,LOF,0.07027486144740598,0.11559757317119265,0.8141275653814014
25671,LOF,0.05557205644618294,0.04415616252237393,0.9002717810314431
25672,LOF,0.04512669493944771,0.053492164782907414,0.9013811402776448
25673,LOF,0.03922352495576485,0.09028061320965722,0.8704958618345778
25674,LOF,0.02701367138586392,0.11333086784079138,0.8596554607733448
25675,LOF,0.03361199856017034,0.06234439398755842,0.9040436074522712
25676,LOF,0.042231317316116714,0.05774857067973732,0.9000201120041459
25677,LOF,0.07761385552975801,0.046856646492273474,0.8755294979779684
25678,LOF,0.21703372422241937,0.04701859680636509,0.7359476789712155
25679,LOF,0.11262927909511744,0.08125180498988908,0.8061189159149935
25680,LOF,0.10608099512415806,0.07885215163198021,0.8150668532438616
25681,LOF,0.10712690104807275,0.07615149622684952,0.8167216027250778
25682,LOF,0.04718246372426711,0.04535376642246837,0.9074637698532644
25683,LOF,0.07688611596726386,0.09219422900008512,0.8309196550326511
25684,LOF,0.06216688022277393,0.05280189468946697,0.8850312250877591
25685,LOF,0.11008120965571593,0.050779531161127725,0.8391392591831563
25686,LOF,0.025478372873767745,0.1084528253798587,0.8660688017463735
25687,LOF,0.03936702080120089,0.13090252908273592,0.8297304501160633
25688,LOF,0.02130808751812822,0.12014992427712955,0.8585419882047421
25689,LOF,0.012428635611289934,0.06923541990486702,0.9183359444838431
25690,LOF,0.01602607543021267,0.06650145357125499,0.9174724709985325
25691,LOF,0.12532530630194533,0.09969494233860607,0.7749797513594485
25692,LOF,0.30418754315246216,0.012800167323458437,0.6830122895240794
25693,LOF,0.028891507043292144,0.46371001757821767,0.5073984753784901
25694,LOF,0.24443397541492842,0.010754935809434424,0.7448110887756371
25695,LOF,0.1848733460950447,0.01713066714686338,0.7979959867580919
25696,LOF,0.0873632915392784,0.015765496427666087,0.8968712120330555
25697,LOF,0.07545803610745042,0.015674596006862215,0.9088673678856873
25698,LOF,0.017165559340301065,0.17360103931207574,0.8092334013476232
25699,LOF,0.08102705709625446,0.3456521369838333,0.5733208059199122
25700,LOF,0.04233566723457948,0.02375072987660776,0.9339136028888129
25701,LOF,0.010468735505582343,0.2986041360290831,0.6909271284653346
25702,GOF,0.030304567491471892,0.5862438492331209,0.3834515832754072
25703,LOF,0.01604087064117379,0.06857329191193688,0.9153858374468892
25704,LOF,0.06628989446050003,0.04554473004055201,0.888165375498948
25705,LOF,0.08712179599764597,0.15587594734789123,0.7570022566544627
25706,GOF,0.0206671071245088,0.6348983469369205,0.34443454593857076
25707,GOF,0.027509277235405267,0.5229386525877103,0.44955207017688426
25708,GOF,0.008498809450296003,0.5241423045257643,0.4673588860239397
25709,LOF,0.04511695985645144,0.05866684240598607,0.8962161977375623
25710,LOF,0.007491329398191281,0.12037987973473137,0.8721287908670773
25711,LOF,0.04618135563610209,0.09228053243071221,0.8615381119331856
25712,LOF,0.01047195572780651,0.18824738092816518,0.8012806633440284
25713,LOF,0.037437111811958204,0.0892526964581233,0.8733101917299186
25714,LOF,0.03634662132700798,0.14389734662994808,0.8197560320430439
25715,LOF,0.042470854250245764,0.10256658304691292,0.8549625627028412
25716,LOF,0.006241656070181815,0.11031790914258105,0.8834404347872371
25717,LOF,0.006297533331233803,0.11267645252167613,0.88102601414709
25718,LOF,0.0356563556678371,0.06131676598293694,0.9030268783492259
25719,LOF,0.03872251108046953,0.09715053201099044,0.86412695690854
25720,LOF,0.0343184643781676,0.11022860333989594,0.8554529322819364
25721,LOF,0.03991291564740857,0.09666172966662843,0.8634253546859629
25722,LOF,0.029867452921523315,0.11064152025784346,0.8594910268206332
25723,LOF,0.05009961186009777,0.09930042148780595,0.8505999666520964
25724,LOF,0.07348950268416664,0.2231523617253824,0.703358135590451
25725,LOF,0.05699112038854595,0.07762207438275999,0.865386805228694
25726,LOF,0.035529179855478855,0.09095890253139378,0.8735119176131273
25727,LOF,0.04513385992195789,0.0729688659409722,0.8818972741370699
25728,LOF,0.04220429937415169,0.10237311123444412,0.8554225893914041
25729,LOF,0.04810389846328754,0.10131842592527777,0.8505776756114346
25730,LOF,0.05623907191264015,0.07450585475604238,0.8692550733313176
25731,LOF,0.008287859486202347,0.08818851352452374,0.903523626989274
25732,LOF,0.0276251779217426,0.04789303668420746,0.9244817853940499
25733,LOF,0.0349846867063107,0.06590080894235957,0.8991145043513297
25734,LOF,0.006010798034369166,0.28568241685569684,0.708306785109934
25735,LOF,0.03206634877805254,0.0674066611262563,0.9005269900956911
25736,LOF,0.030545968225405295,0.12292488471345582,0.8465291470611389
25737,LOF,0.05901103832700876,0.08572223942943631,0.855266722243555
25738,LOF,0.043026769353411126,0.15819688926647676,0.7987763413801121
25739,LOF,0.033799210632633164,0.1271044992376419,0.839096290129725
25740,LOF,0.06341398466306922,0.10992511363200862,0.8266609017049221
25741,LOF,0.059267138906598724,0.08768084968489687,0.8530520114085044
25742,LOF,0.0646287819989271,0.10562008255221161,0.8297511354488613
25743,LOF,0.012652712361087582,0.01598269419936853,0.971364593439544
25744,LOF,0.17257163772545336,0.1268845867795542,0.7005437754949925
25745,LOF,0.031013571769561737,0.06034079565066409,0.908645632579774
25746,LOF,0.014533874327348846,0.08503273945968626,0.9004333862129649
25747,LOF,0.055745454253378166,0.02414034084881154,0.9201142048978104
25748,LOF,0.3237443658525866,0.06273780678047518,0.6135178273669382
25749,LOF,0.018097271346915356,0.050839036805721605,0.9310636918473629
25750,LOF,0.019597286684735052,0.059700216925236686,0.9207024963900282
25751,LOF,0.04525308573727318,0.05377771985302787,0.900969194409699
25752,GOF,0.07868902763798148,0.5516150628392094,0.36969590952280923
25753,LOF,0.006387027545965106,0.3203293755728839,0.6732835968811509
25754,GOF,0.00847145453061742,0.8596188414854143,0.13190970398396834
25755,LOF,0.007182886796829104,0.3381018725351268,0.6547152406680442
25756,LOF,0.0198261020193948,0.37969539336801755,0.6004785046125877
25757,GOF,0.007769125190453275,0.8225772734975405,0.1696536013120062
25758,GOF,0.00893739033554315,0.8844240482992549,0.10663856136520183
25759,GOF,0.006496059602049616,0.6113984241060313,0.3821055162919191
25760,LOF,0.006047614557841308,0.2335420219702005,0.7604103634719581
25761,GOF,0.05010870203673574,0.8755133384523277,0.07437795951093658
25762,LOF,0.021951389833159377,0.302928201764748,0.6751204084020925
25763,LOF,0.005767049712927005,0.2544167711015293,0.7398161791855437
25764,GOF,0.06874946175382693,0.6444786248033015,0.2867719134428715
25765,GOF,0.009409619379721734,0.8932605719294332,0.09732980869084513
25766,GOF,0.028222819434879455,0.8395085297480178,0.13226865081710285
25767,GOF,0.011557248036744815,0.5583382727851404,0.4301044791781148
25768,LOF,0.05169575426084767,0.08055506728615691,0.8677491784529954
25769,LOF,0.03296219687765913,0.0920133811602435,0.8750244219620974
25770,LOF,0.135947895773999,0.1612174166176544,0.7028346876083466
25771,LOF,0.023552090865636293,0.0894282727695799,0.8870196363647838
25772,LOF,0.04695560855049995,0.05448122962238448,0.8985631618271156
25773,LOF,0.01737984601853139,0.12930788779982386,0.8533122661816447
25774,LOF,0.025163803571100752,0.23549427646128046,0.7393419199676188
25775,LOF,0.022416550635714037,0.043319711845360875,0.9342637375189251
25776,LOF,0.0367699232989374,0.034175447275371584,0.929054629425691
25777,LOF,0.27155232262469575,0.1334145709073582,0.595033106467946
25778,LOF,0.030536835028718956,0.08394942253073445,0.8855137424405467
25779,GOF,0.06014876030488662,0.8073957289212471,0.1324555107738663
25780,GOF,0.07080389067465519,0.8218337388344217,0.1073623704909232
25781,GOF,0.03128958126757529,0.7929867617759518,0.175723656956473
25782,GOF,0.031979765149220865,0.8466583419776221,0.12136189287315702
25783,GOF,0.05543032341365617,0.860871452802703,0.08369822378364065
25784,GOF,0.09611081601798065,0.8152678158512761,0.08862136813074334
25785,GOF,0.15359468481491065,0.7653224568640636,0.0810828583210257
25786,GOF,0.014590943914625674,0.6693003693956312,0.3161086866897432
25787,GOF,0.32568219081072836,0.5811458185657549,0.09317199062351675
25788,LOF,0.024200734421501887,0.10047647097768618,0.8753227946008119
25789,GOF,0.02006304750857501,0.8015965692963573,0.17834038319506784
25790,GOF,0.030684108056161136,0.7727124512840358,0.19660344065980323
25791,GOF,0.02639986558815886,0.5778458900766227,0.39575424433521844
25792,GOF,0.03227777087445823,0.6703365804455754,0.2973856486799664
25793,GOF,0.057733438169548956,0.7022782621030802,0.23998829972737093
25794,GOF,0.05098519387613905,0.5690896966020885,0.37992510952177244
25795,GOF,0.06093709390036955,0.5813715875899483,0.35769131850968217
25796,GOF,0.15902448975428932,0.6303394666998365,0.2106360435458741
25797,GOF,0.0804492921970514,0.5660016023275323,0.3535491054754163
25798,GOF,0.008138343496747266,0.74653952814873,0.2453221283545227
25799,GOF,0.005389820323977458,0.6398259755194551,0.35478420415656753
25800,GOF,0.02575593592424561,0.8143901594861187,0.1598539045896357
25801,GOF,0.026994021292148503,0.801905919998764,0.17110005870908765
25802,GOF,0.029409572264817063,0.7198695216169781,0.25072090611820486
25803,GOF,0.025933886443394855,0.6303808958231174,0.3436852177334877
25804,GOF,0.04103277926138383,0.649176335234658,0.30979088550395817
25805,GOF,0.03206811154268257,0.6935766631154966,0.2743552253418207
25806,GOF,0.0436901025344753,0.7088087541714858,0.24750114329403874
25807,GOF,0.016393288534358327,0.6322762634575197,0.3513304480081219
25808,GOF,0.03155719905025148,0.7228848195695254,0.245557981380223
25809,GOF,0.015558938423746527,0.6259000400249113,0.3585410215513421
25810,GOF,0.014030950368411812,0.6293186111356027,0.35665043849598554
25811,GOF,0.08019706026699608,0.8046073784866397,0.11519556124636424
25812,GOF,0.03983616267250153,0.6706167858199874,0.28954705150751103
25813,GOF,0.18448959006512167,0.6642521135464573,0.15125829638842112
25814,GOF,0.033431480496386924,0.6812415584076862,0.2853269610959269
25815,GOF,0.058036116376230164,0.7623497222893941,0.17961416133437577
25816,GOF,0.00877170146133992,0.7996006720120125,0.19162762652664772
25817,GOF,0.10474015897907808,0.6684576357603398,0.22680220526058217
25818,GOF,0.028864909996441614,0.7466271693160768,0.22450792068748152
25819,GOF,0.04696719318631041,0.6735793350437984,0.27945347176989105
25820,GOF,0.048053257745876515,0.5988696735744884,0.35307706867963506
25821,GOF,0.033958867640003075,0.6472301571654685,0.3188109751945284
25822,GOF,0.06780045507982181,0.6374932058898095,0.29470633903036875
25823,GOF,0.034155932831560785,0.6353509569072643,0.33049311026117484
25824,GOF,0.027194821310419646,0.6891106102393811,0.28369456845019925
25825,GOF,0.0196658521068044,0.6872020313953929,0.29313211649780274
25826,GOF,0.009831036392164153,0.6013159877535735,0.38885297585426226
25827,GOF,0.018242174153472852,0.6474434095302343,0.33431441631629294
25828,GOF,0.011941353534952934,0.6537727409538027,0.3342859055112444
25829,GOF,0.004647403360895984,0.5200511077153249,0.47530148892377916
25830,LOF,0.07040616550414619,0.3698490533927923,0.5597447811030616
25831,GOF,0.07756585792640142,0.7418083477899765,0.180625794283622
25832,GOF,0.009477093703848314,0.6618693278397946,0.3286535784563571
25833,GOF,0.029012354162670444,0.7556453782016128,0.2153422676357167
25834,GOF,0.0097080986247936,0.6812738135689466,0.3090180878062599
25835,GOF,0.028272268763152572,0.7964880010938508,0.17523973014299657
25836,GOF,0.007712610304286001,0.7161830539079316,0.2761043357877823
25837,GOF,0.011465781068686972,0.6988568093582395,0.2896774095730735
25838,GOF,0.021572957043287294,0.7770603549300982,0.20136668802661445
25839,GOF,0.061074356053415976,0.7184739122096316,0.22045173173695232
25840,GOF,0.09094573669376474,0.6791370106506854,0.22991725265554971
25841,GOF,0.07596141793165123,0.75523650585297,0.1688020762153787
25842,GOF,0.027065696457517364,0.828813398773167,0.14412090476931555
25843,GOF,0.02401744290780734,0.8417059790076662,0.13427657808452648
25844,GOF,0.022253768760339965,0.7827695827944491,0.19497664844521093
25845,GOF,0.008318169833803027,0.6644744384735768,0.32720739169262025
25846,GOF,0.07275975773434157,0.8229813658027235,0.1042588764629348
25847,GOF,0.018644040791502364,0.8036271502983773,0.17772880891012038
25848,GOF,0.019835704778787086,0.7516778877280629,0.2284864074931501
25849,GOF,0.007073045591178259,0.7204046537420927,0.27252230066672906
25850,GOF,0.008127905219621772,0.6240815658204006,0.36779052895997755
25851,GOF,0.0071698266837702425,0.5637163941502792,0.4291137791659506
25852,LOF,0.16141693416461986,0.3995648847191541,0.43901818111622604
25853,GOF,0.06113231153808065,0.7241774088411208,0.21469027962079845
25854,GOF,0.007324054891896535,0.6220403206593863,0.37063562444871734
25855,GOF,0.025249384902151634,0.5149673553234352,0.4597832597744132
25856,GOF,0.050272303348437096,0.6660205503564003,0.2837071462951625
25857,GOF,0.025688025661008366,0.49893858243795947,0.4753733919010323
25858,GOF,0.008848626689852096,0.5019181949332803,0.48923317837686753
25859,LOF,0.006430927462259882,0.47941779449525446,0.5141512780424857
25860,GOF,0.0756658929651263,0.5714554411346447,0.35287866590022915
25861,GOF,0.10683499506133104,0.756275003608239,0.13689000133042997
25862,GOF,0.021298344827851454,0.865070630282131,0.11363102489001738
25863,GOF,0.018960277572960618,0.8243612258356914,0.15667849659134794
25864,GOF,0.0317892872825775,0.8642666188576869,0.10394409385973576
25865,GOF,0.038060858475088256,0.8369108311738189,0.12502831035109288
25866,GOF,0.02072359170493838,0.8211318067462213,0.15814460154884033
25867,GOF,0.05089854634979419,0.8218188833807918,0.12728257026941403
25868,GOF,0.07349230737006585,0.7070793767800005,0.2194283158499336
25869,GOF,0.33526876353439095,0.495625748214884,0.16910548825072513
25870,LOF,0.07921789251995494,0.39931965691334376,0.5214624505667013
25871,GOF,0.011250731387420788,0.6326529830539751,0.35609628555860423
25872,GOF,0.02576892134513101,0.6511414012352877,0.32308967741958117
25873,GOF,0.022094792115557694,0.7548079556345455,0.22309725224989682
25874,LOF,0.03051313362980949,0.09522885428484046,0.87425801208535
25875,LOF,0.0247555990354692,0.1803377585199238,0.7949066424446071
25876,LOF,0.022356451912646593,0.07162753976651084,0.9060160083208426
25877,LOF,0.0833022769249487,0.3169403143253856,0.5997574087496658
25878,LOF,0.05523856368552733,0.38885593556042375,0.5559055007540489
25879,LOF,0.01020664680320237,0.22764948246800898,0.7621438707287888
25880,LOF,0.046910200173127435,0.025055829672765848,0.9280339701541066
25881,Neutral,0.4811483641963113,0.29382403416128844,0.22502760164240024
25882,LOF,0.03698822999782404,0.08281927915671648,0.8801924908454596
25883,LOF,0.026519983002623652,0.10313047551554375,0.8703495414818326
25884,LOF,0.012764893583352132,0.1006114478526908,0.8866236585639571
25885,LOF,0.13161463400288148,0.030905131375615773,0.8374802346215028
25886,LOF,0.20529218962915197,0.2222752581244636,0.5724325522463843
25887,GOF,0.04613849445859354,0.4960314439702016,0.4578300615712048
25888,LOF,0.00508206978442207,0.3778619074847892,0.6170560227307887
25889,LOF,0.02237813291494012,0.08934150833668476,0.8882803587483751
25890,LOF,0.17108282054313936,0.3252453853321288,0.5036717941247318
25891,LOF,0.09304628304809777,0.12199296745735884,0.7849607494945433
25892,LOF,0.006552645895864903,0.03917885820294324,0.9542684959011919
25893,LOF,0.254827347338966,0.013147765670978105,0.7320248869900559
25894,LOF,0.2871905109350564,0.009213292842539267,0.7035961962224044
25895,LOF,0.26415764768588224,0.0167833606198359,0.7190589916942818
25896,LOF,0.07358778786245343,0.04257625587804382,0.8838359562595028
25897,LOF,0.09565471882467884,0.017997195995674214,0.8863480851796469
25898,LOF,0.08445712093579907,0.05107074475757506,0.8644721343066257
25899,LOF,0.3854344972687432,0.047683637904986566,0.5668818648262702
25900,Neutral,0.7737716344851735,0.014310674066897606,0.2119176914479288
25901,LOF,0.06388563579016855,0.01169770987284699,0.9244166543369844
25902,LOF,0.08333120342300886,0.009353272951112187,0.9073155236258791
25903,LOF,0.13062589711062358,0.04368795314328856,0.8256861497460879
25904,Neutral,0.47218555956757535,0.09742114346724849,0.4303932969651763
25905,LOF,0.010826024979388402,0.24540251014130793,0.7437714648793037
25906,LOF,0.009203675474084554,0.019572371977143045,0.9712239525487724
25907,LOF,0.00835924254123123,0.15714139413971523,0.8344993633190536
25908,LOF,0.008875793039711203,0.14016307027205224,0.8509611366882366
25909,LOF,0.042597617984055966,0.05784742766229166,0.8995549543536525
25910,LOF,0.013130208618628063,0.08928467721359605,0.8975851141677759
25911,LOF,0.1718916120838076,0.10889322664738557,0.7192151612688068
25912,LOF,0.1331522515501989,0.029848828940316513,0.8369989195094845
25913,LOF,0.013388448937911518,0.09363344450776453,0.892978106554324
25914,LOF,0.042261771102938016,0.03029844565545036,0.9274397832416116
25915,LOF,0.20518636254448033,0.3776866621993747,0.417126975256145
25916,LOF,0.015814781650670972,0.20472844138376625,0.7794567769655628
25917,LOF,0.06943558507381058,0.03592658171192738,0.894637833214262
25918,LOF,0.042229357616186965,0.019703527117201386,0.9380671152666117
25919,LOF,0.038508536988998754,0.01881642810872067,0.9426750349022807
25920,LOF,0.24815982227264596,0.26948849419020926,0.48235168353714475
25921,LOF,0.02344117088320663,0.03444006730783417,0.9421187618089593
25922,LOF,0.02076786010568947,0.03007792973319142,0.9491542101611191
25923,LOF,0.471717391293866,0.023772817703639617,0.5045097910024944
25924,LOF,0.029432319879152447,0.03342617127566167,0.937141508845186
25925,LOF,0.13235964745940298,0.049078572718107165,0.8185617798224899
25926,LOF,0.11027515209682287,0.0325683530125461,0.857156494890631
25927,LOF,0.02539045194306249,0.06569497248252242,0.908914575574415
25928,LOF,0.016844057044957797,0.01814430922908352,0.9650116337259587
25929,Neutral,0.5915895906685915,0.023594452171194914,0.38481595716021355
25930,LOF,0.0705630612904501,0.02469791993897645,0.9047390187705735
25931,LOF,0.016073537217815195,0.020391898602264688,0.9635345641799201
25932,LOF,0.10127794062069262,0.013601095015741756,0.8851209643635657
25933,LOF,0.0953478183883732,0.010222002497089822,0.8944301791145369
25934,LOF,0.09403226191986591,0.012785093062116518,0.8931826450180175
25935,LOF,0.1276227571980905,0.03580019862426968,0.8365770441776399
25936,LOF,0.09459660634521885,0.01115619214385239,0.8942472015109287
25937,LOF,0.019662554325428568,0.02330061731017742,0.957036828364394
25938,LOF,0.1279171119754539,0.03247820843024954,0.8396046795942964
25939,LOF,0.0675867032598138,0.01370806203136618,0.9187052347088199
25940,LOF,0.008448381528131635,0.3850770737102132,0.6064745447616551
25941,Neutral,0.5098754960787846,0.1908972380388119,0.2992272658824036
25942,LOF,0.008825322481440624,0.2298328226412436,0.7613418548773158
25943,GOF,0.02732387653495597,0.5905470382126525,0.3821290852523915
25944,GOF,0.029161328516061385,0.5579060031846949,0.4129326682992438
25945,LOF,0.1005958190146983,0.13985819114583503,0.7595459898394666
25946,LOF,0.09540049729179943,0.06771990177864626,0.8368796009295544
25947,Neutral,0.5013357880826546,0.1185054459136169,0.38015876600372855
25948,Neutral,0.4992968275033405,0.013782799800959138,0.4869203726957005
25949,LOF,0.12226074812363553,0.04189855620200186,0.8358406956743627
25950,GOF,0.036563348291150884,0.8285270081787909,0.13490964353005833
25951,GOF,0.014431161506571982,0.660530671542584,0.3250381669508439
25952,GOF,0.10379358665499845,0.4963440775119754,0.3998623358330261
25953,GOF,0.006384925072145399,0.644880179890062,0.34873489503779276
25954,GOF,0.02629088950232963,0.7419716760389833,0.231737434458687
25955,GOF,0.00611514460367332,0.5018981793944315,0.49198667600189533
25956,LOF,0.009231666203156057,0.353474765491078,0.637293568305766
25957,LOF,0.25000761664535925,0.030917509375446052,0.7190748739791947
25958,LOF,0.030000329472415724,0.07047486639681856,0.8995248041307657
25959,GOF,0.005552405420810245,0.6292105201246128,0.3652370744545769
25960,LOF,0.004778204419074414,0.14559946068175778,0.8496223348991678
25961,LOF,0.029448354096309037,0.07128203960083453,0.8992696063028566
25962,LOF,0.05092580920195117,0.08767783638304466,0.8613963544150042
25963,LOF,0.009411829244601511,0.2232430358454694,0.7673451349099291
25964,LOF,0.043960716709223434,0.1495505251871263,0.8064887581036504
25965,LOF,0.144416201919868,0.22661175250375315,0.6289720455763788
25966,LOF,0.35135033816761163,0.21761292115019262,0.4310367406821958
25967,LOF,0.007953591235965753,0.05812843563161047,0.9339179731324239
25968,LOF,0.07792131957078627,0.2361032406183523,0.6859754398108614
25969,LOF,0.15916311896503654,0.029580796197908998,0.8112560848370544
25970,LOF,0.04098793243088847,0.26967326659330476,0.6893388009758067
25971,LOF,0.06360023901053763,0.0920340618527253,0.8443656991367371
25972,LOF,0.060983086098724035,0.11177585494395051,0.8272410589573255
25973,LOF,0.10114992452104922,0.006954329346704088,0.8918957461322466
25974,LOF,0.08387818063918243,0.05782083971642161,0.858300979644396
25975,LOF,0.03814617092622218,0.010047007821615963,0.951806821252162
25976,LOF,0.10144754657491735,0.007179924674332476,0.8913725287507501
25977,LOF,0.21852033380435248,0.06904956497327441,0.7124301012223732
25978,LOF,0.1576424178782924,0.12723744213688473,0.7151201399848228
25979,LOF,0.12176445461079624,0.12340376705618614,0.7548317783330177
25980,LOF,0.18638936434799305,0.22841406971655415,0.5851965659354529
25981,LOF,0.189183986920155,0.23528739879276636,0.5755286142870786
25982,LOF,0.2660409888185524,0.11399485074385607,0.6199641604375915
25983,Neutral,0.4609943317231741,0.11572862856622837,0.4232770397105975
25984,LOF,0.041104721395463305,0.16619110680296487,0.7927041718015718
25985,Neutral,0.4031949318710129,0.21233886808644087,0.3844662000425463
25986,GOF,0.008586259301078624,0.5108463350128547,0.4805674056860667
25987,LOF,0.02093698721034528,0.08367738383877014,0.8953856289508846
25988,LOF,0.03568956392052143,0.24425804903986997,0.7200523870396086
25989,LOF,0.037404883362888365,0.2313351904068659,0.7312599262302458
25990,LOF,0.04085185333123309,0.3186697473470417,0.6404783993217252
25991,GOF,0.034746560455597486,0.56483998944422,0.4004134501001826
25992,LOF,0.013049350072180619,0.31782715231794145,0.669123497609878
25993,LOF,0.028052149956277382,0.07189726030616417,0.9000505897375584
25994,LOF,0.03182659289836998,0.08539590579021292,0.8827775013114172
25995,LOF,0.01868925327847141,0.1546522644694065,0.826658482252122
25996,GOF,0.2948303529017688,0.5195886579206043,0.18558098917762697
25997,GOF,0.06049777232339068,0.6551583770043142,0.284343850672295
25998,LOF,0.24494151324603422,0.040098435775075936,0.7149600509788899
25999,LOF,0.026185601297052535,0.4279372828734313,0.5458771158295161
26000,LOF,0.14124515073317434,0.01752710944592809,0.8412277398208976
26001,LOF,0.17050120143088096,0.036763342961846884,0.7927354556072722
26002,LOF,0.12010518912016589,0.02656581933147734,0.8533289915483567
26003,GOF,0.007457737127223757,0.5662580626403084,0.4262842002324678
26004,GOF,0.019742735120283603,0.5704702744281898,0.4097869904515266
26005,LOF,0.006347960712676617,0.44616344568715466,0.5474885936001688
26006,GOF,0.14958741259861527,0.4743048864298151,0.3761077009715695
26007,GOF,0.010083890173821556,0.5034891185701522,0.48642699125602623
26008,GOF,0.007097715345907222,0.5413618785424085,0.45154040611168433
26009,GOF,0.01417156599860689,0.5580016951260531,0.42782673887534006
26010,GOF,0.009535117119703288,0.5578578487853552,0.4326070340949416
26011,LOF,0.006707932493055642,0.41335366816296293,0.5799383993439814
26012,LOF,0.0068703142762015475,0.47932938639594663,0.5138002993278518
26013,LOF,0.011909317681067302,0.43174356528250507,0.5563471170364276
26014,LOF,0.054220535223132735,0.08456000953024342,0.8612194552466239
26015,LOF,0.3783780654935357,0.05377442875171511,0.5678475057547492
26016,LOF,0.25221656543021204,0.1260279317152365,0.6217555028545515
26017,LOF,0.014866098654017144,0.42819499867024086,0.556938902675742
26018,LOF,0.020241883105638816,0.1602971862683167,0.8194609306260445
26019,LOF,0.02052234028136986,0.12868668040460413,0.850790979314026
26020,LOF,0.006872713818381062,0.3797599877353744,0.6133672984462446
26021,LOF,0.08411638493624485,0.2386792997098069,0.6772043153539482
26022,LOF,0.049662232376325194,0.06940265738891561,0.8809351102347592
26023,LOF,0.03217391515814054,0.13073883612054218,0.8370872487213173
26024,LOF,0.04522186342532514,0.16321721454904234,0.7915609220256326
26025,LOF,0.14789329288895453,0.16277063879413525,0.6893360683169102
26026,LOF,0.14037953000410108,0.11911851594129985,0.7405019540545992
26027,LOF,0.031497412202970344,0.07628243243406695,0.8922201553629627
26028,LOF,0.07382012051509557,0.22527560050977816,0.7009042789751262
26029,LOF,0.03828093256169802,0.09476451942443014,0.8669545480138717
26030,LOF,0.15689773755697842,0.00814510483502153,0.8349571576079999
26031,LOF,0.02009128257200051,0.10104166664693022,0.8788670507810693
26032,LOF,0.029898650943882214,0.018534442657826788,0.9515669063982909
26033,LOF,0.048785760651515186,0.03928912760586523,0.9119251117426196
26034,LOF,0.027089401005719726,0.06201465146798627,0.910895947526294
26035,LOF,0.01586766234925609,0.07415138802573448,0.9099809496250094
26036,LOF,0.014996131316398228,0.06498030649469551,0.9200235621889062
26037,LOF,0.014184975139476561,0.060806024377044764,0.9250090004834787
26038,LOF,0.02507862897546516,0.017607393734775652,0.9573139772897591
26039,LOF,0.03288823685596863,0.09509545520420427,0.8720163079398272
26040,LOF,0.07233368699571126,0.14223766653484937,0.7854286464694393
26041,LOF,0.01746815645280061,0.07529082352347112,0.9072410200237282
26042,LOF,0.015920648523272112,0.080348378168118,0.90373097330861
26043,LOF,0.024351877529576533,0.042567737084507916,0.9330803853859155
26044,LOF,0.009254738832156275,0.03736116757055418,0.9533840935972896
26045,LOF,0.08304781924096095,0.19192163468350856,0.7250305460755304
26046,LOF,0.023845352965887398,0.046306367210685005,0.9298482798234275
26047,LOF,0.05797404409538969,0.036523971632443135,0.9055019842721671
26048,LOF,0.08080155035170826,0.020355408730194254,0.8988430409180974
26049,Neutral,0.9200653914744896,0.00471330354884526,0.07522130497666508
26050,Neutral,0.863942512231887,0.005799534614192675,0.13025795315392028
26051,LOF,0.030693140007927826,0.29915019191393594,0.6701566680781361
26052,LOF,0.031340652059955315,0.19867281096806536,0.7699865369719793
26053,LOF,0.038711454080438974,0.05290854470107299,0.908380001218488
26054,LOF,0.048511410794480805,0.09478391297240087,0.8567046762331183
26055,LOF,0.05300685449118132,0.07988839178268058,0.867104753726138
26056,LOF,0.05006595610020597,0.08488615693077825,0.8650478869690158
26057,LOF,0.05784161015144964,0.017989902013263614,0.9241684878352867
26058,LOF,0.06720974624348271,0.014527317174600634,0.9182629365819167
26059,LOF,0.24361024648613774,0.12376616810915257,0.6326235854047096
26060,LOF,0.01548778256372997,0.2392541551935592,0.7452580622427109
26061,LOF,0.012817895721346844,0.011738206655454372,0.9754438976231987
26062,LOF,0.006004121984669856,0.02360837611764408,0.9703875018976861
26063,LOF,0.06068649745202791,0.015146210533069741,0.9241672920149022
26064,LOF,0.010497540248483752,0.014818900219963613,0.9746835595315526
26065,LOF,0.047415727004805876,0.02093428884917146,0.9316499841460226
26066,LOF,0.05381802974831367,0.013992199862578976,0.9321897703891072
26067,LOF,0.05908230403399869,0.016447067726832444,0.9244706282391688
26068,LOF,0.045759397836352904,0.05931497425191901,0.8949256279117281
26069,LOF,0.15499466118871202,0.04935313618959691,0.795652202621691
26070,LOF,0.38185538437708977,0.029550809316599536,0.5885938063063108
26071,LOF,0.048495423919778596,0.01734361000224044,0.9341609660779808
26072,LOF,0.009485176309390794,0.02055166649358059,0.9699631571970285
26073,LOF,0.054188634445948326,0.012579494934581993,0.9332318706194697
26074,Neutral,0.6979969182294475,0.02726394044777941,0.27473914132277305
26075,LOF,0.03795897285110782,0.03982730882196662,0.9222137183269254
26076,LOF,0.060256732078928066,0.02139356941201485,0.9183496985090571
26077,LOF,0.1705326735351197,0.019722790734362197,0.8097445357305181
26078,LOF,0.0075577452467085315,0.024454369759107752,0.9679878849941836
26079,LOF,0.054884110230229544,0.04030733839789481,0.9048085513718755
26080,LOF,0.0534250855830685,0.040344189400703494,0.9062307250162279
26081,LOF,0.05270887876848733,0.015779845254818625,0.931511275976694
26082,LOF,0.00807229432729621,0.02313226519354537,0.9687954404791586
26083,LOF,0.04566069314523621,0.04163471136470211,0.9127045954900618
26084,LOF,0.060255193416723155,0.01840027763285182,0.9213445289504251
26085,LOF,0.05524020212990447,0.016879065781912075,0.9278807320881836
26086,LOF,0.042083613608720656,0.01946005333244564,0.9384563330588338
26087,LOF,0.04620942378644783,0.02057085398165362,0.9332197222318985
26088,LOF,0.008241992755756732,0.043347838156596506,0.9484101690876466
26089,LOF,0.033611996605214856,0.0663519058729761,0.9000360975218091
26090,LOF,0.033191094886571536,0.05247980751474277,0.9143290975986856
26091,LOF,0.052769010761766814,0.01664154041009094,0.9305894488281422
26092,LOF,0.059757061331923496,0.015077418808637003,0.9251655198594395
26093,LOF,0.07774196393027008,0.010839419497528967,0.911418616572201
26094,LOF,0.04533881869532852,0.015994170949319486,0.9386670103553519
26095,LOF,0.011512575751759613,0.034232654484221865,0.9542547697640186
26096,LOF,0.3046060015845643,0.005042683804217228,0.6903513146112185
26097,LOF,0.00765790477695377,0.05394566370190251,0.9383964315211437
26098,LOF,0.05664846462542406,0.0396309732791521,0.9037205620954238
26099,LOF,0.051434789630361126,0.04853190123136397,0.9000333091382748
26100,LOF,0.051434789630361126,0.04853190123136397,0.9000333091382748
26101,LOF,0.04182796950300586,0.05225255554272645,0.9059194749542677
26102,LOF,0.05235876502778161,0.02282456914718584,0.9248166658250325
26103,Neutral,0.8561447668027061,0.04951072314545265,0.09434451005184141
26104,LOF,0.04088670063627316,0.12957986141348563,0.8295334379502413
26105,LOF,0.25781403032527106,0.23679917021613864,0.5053867994585903
26106,LOF,0.2999137867514689,0.12260214014988997,0.5774840730986411
26107,LOF,0.009912937147325652,0.1747131325009331,0.8153739303517412
26108,LOF,0.14577941285369858,0.17582105684498872,0.6783995303013127
26109,LOF,0.05518052714231636,0.023229633701281137,0.9215898391564026
26110,Neutral,0.5349529702714204,0.03965200073621311,0.42539502899236636
26111,LOF,0.05638703142171851,0.25373426284627765,0.6898787057320039
26112,LOF,0.056415042408605835,0.04166758004496918,0.901917377546425
26113,LOF,0.06335402438998386,0.07116440167633047,0.8654815739336856
26114,LOF,0.10635256459304746,0.026431924600607278,0.8672155108063453
26115,LOF,0.017975305009661893,0.19332233073863775,0.7887023642517003
26116,LOF,0.06537512809687837,0.06970275683407753,0.8649221150690442
26117,LOF,0.2711389429982246,0.07120921080709702,0.6576518461946783
26118,LOF,0.03869489699786738,0.027079554302137664,0.9342255486999949
26119,LOF,0.005506149380547006,0.08648661255372422,0.9080072380657288
26120,LOF,0.03157425539303677,0.02877249501722251,0.9396532495897407
26121,LOF,0.004384839464188141,0.10410289206292633,0.8915122684728856
