feature0,prediction,LoGoFunc_Neutral,LoGoFunc_GOF,LoGoFunc_LOF
25546,Neutral,0.6569974759066836,0.07794762026496661,0.26505490382834973
25547,Neutral,0.5283272959554006,0.13461712977525708,0.33705557426934224
25548,Neutral,0.49725761142448266,0.09691515092415047,0.4058272376513669
25549,Neutral,0.47255891729801225,0.0963252545208978,0.43111582818108996
25550,LOF,0.38091476609882463,0.18087386495188,0.43821136894929535
25551,LOF,0.31645566462082947,0.17387584546341708,0.5096684899157535
25552,LOF,0.16891912362663433,0.18337173774702822,0.6477091386263375
25553,Neutral,0.8198574080575395,0.04977269787033387,0.13036989407212676
25554,LOF,0.2103237726442522,0.1871871759863252,0.6024890513694225
25555,LOF,0.16645295908703273,0.16650091342494322,0.667046127488024
25556,Neutral,0.49544348197562404,0.13419643140229234,0.3703600866220836
25557,LOF,0.16145002249107365,0.1720420525010367,0.6665079250078897
25558,LOF,0.20667820632931477,0.20089131890365566,0.5924304747670295
25559,Neutral,0.5747849019773256,0.059110302104001144,0.3661047959186733
25560,LOF,0.042080234466797456,0.3219668418803382,0.6359529236528644
25561,LOF,0.07389025370544554,0.3816895932699929,0.5444201530245615
25562,LOF,0.10462366632060956,0.1861389290791549,0.7092374046002355
25563,LOF,0.11071693356047581,0.18102100872078591,0.7082620577187383
25564,LOF,0.06409185959748946,0.2870220340571785,0.6488861063453321
25565,LOF,0.14347218038448317,0.16843473620669963,0.6880930834088173
25566,GOF,0.014592529763220024,0.7655055388567968,0.21990193137998326
25567,LOF,0.0122325060189598,0.1191685318733327,0.8685989621077075
25568,LOF,0.0398596695924487,0.06994720058049476,0.8901931298270566
25569,LOF,0.0548288424650301,0.07098206240445332,0.8741890951305165
25570,LOF,0.05843411207060038,0.10329122587620845,0.8382746620531912
25571,LOF,0.06179076328064979,0.09648173779072813,0.8417274989286222
25572,LOF,0.06200994970791928,0.13570682768848766,0.8022832226035931
25573,LOF,0.027132146569275078,0.08044162752638336,0.8924262259043416
25574,LOF,0.015621536481906197,0.13060477297322015,0.8537736905448737
25575,LOF,0.05141995323966348,0.10202650479682866,0.8465535419635078
25576,LOF,0.019894727745328376,0.0997471465898435,0.8803581256648281
25577,LOF,0.011811293503471185,0.13203232529710549,0.8561563811994234
25578,LOF,0.2259374988411533,0.0941265927460949,0.6799359084127518
25579,LOF,0.2278483367032004,0.0935068126390785,0.6786448506577211
25580,LOF,0.03420142352168191,0.09350670071868096,0.8722918757596372
25581,LOF,0.0447923001904328,0.07001371898066285,0.8851939808289043
25582,LOF,0.04469800146731938,0.06775767307478806,0.8875443254578926
25583,LOF,0.04108650449258022,0.09910596095004813,0.8598075345573716
25584,Neutral,0.48819201220378877,0.07230704387915535,0.4395009439170558
25585,LOF,0.02925265718816275,0.09635846330080687,0.8743888795110304
25586,LOF,0.03210101989326759,0.0750704394061442,0.8928285407005881
25587,LOF,0.029208303419918997,0.06402118790037153,0.9067705086797095
25588,LOF,0.030543707217959733,0.08417630447405808,0.8852799883079822
25589,Neutral,0.6160016872056807,0.07771772139671676,0.3062805913976025
25590,LOF,0.023472411970150573,0.11671887757835471,0.8598087104514948
25591,LOF,0.09296890856831283,0.057380329658204866,0.8496507617734823
25592,LOF,0.09104713130422068,0.130244029351243,0.7787088393445364
25593,LOF,0.01346429173080542,0.2121994002947922,0.7743363079744023
25594,LOF,0.0354130870108453,0.19850552859313847,0.7660813843960163
25595,LOF,0.06930655803734967,0.15098176375416172,0.7797116782084885
25596,LOF,0.08364756129943315,0.10768449187733778,0.808667946823229
25597,LOF,0.08170919770262436,0.04699677954279889,0.8712940227545767
25598,LOF,0.04611815765824989,0.2161204888548125,0.7377613534869375
25599,GOF,0.006613105035926578,0.5668551478833076,0.4265317470807658
25600,GOF,0.008459389679486635,0.5260938769965203,0.46544673332399306
25601,LOF,0.006961873690922087,0.3639022069398309,0.6291359193692471
25602,LOF,0.01339439734519816,0.06773055774380668,0.9188750449109953
25603,LOF,0.038349510818767474,0.03034378420941137,0.9313067049718211
25604,LOF,0.03443423995111465,0.07010769205818408,0.8954580679907013
25605,LOF,0.011236226064761086,0.2025980103247008,0.7861657636105382
25606,GOF,0.05123458600991586,0.49288018749026213,0.45588522649982216
25607,LOF,0.003767161171540353,0.1589441121393488,0.8372887266891109
25608,LOF,0.050049135783875466,0.04693200651953739,0.9030188576965872
25609,LOF,0.06310395129527582,0.2834319630275043,0.6534640856772198
25610,LOF,0.04646036347570333,0.05482223777438874,0.8987173987499079
25611,LOF,0.054256590730221065,0.04166052003765416,0.9040828892321247
25612,LOF,0.12030920374846317,0.09415152008975027,0.7855392761617865
25613,LOF,0.10341238883813406,0.08173279713265161,0.8148548140292143
25614,LOF,0.036194765552781075,0.07393940429919944,0.8898658301480195
25615,LOF,0.07985302051890891,0.09801070286219424,0.8221362766188968
25616,LOF,0.03994445837213711,0.09744622926645752,0.8626093123614054
25617,LOF,0.047295191308204615,0.09054121895843506,0.8621635897333603
25618,LOF,0.29409245945284307,0.07635571011739703,0.6295518304297599
25619,LOF,0.041748302027839336,0.06956096710306117,0.8886907308690994
25620,LOF,0.0368371328881783,0.10015160519389243,0.8630112619179293
25621,LOF,0.040612416416533494,0.07461801802209535,0.8847695655613711
25622,LOF,0.031079619350715387,0.10912952928401512,0.8597908513652693
25623,LOF,0.053916771931104154,0.06891152893404676,0.8771716991348489
25624,LOF,0.030323449233104968,0.08075714678684116,0.8889194039800539
25625,LOF,0.03901538437336638,0.1026305171566922,0.8583540984699414
25626,LOF,0.07657081492111924,0.07153952537313606,0.8518896597057447
25627,Neutral,0.5948483142015621,0.09682273089588679,0.3083289549025512
25628,LOF,0.22717273406537603,0.05054715823021763,0.7222801077044063
25629,LOF,0.07291161023327554,0.12409377528099555,0.802994614485729
25630,LOF,0.20057489957639443,0.07620139501497629,0.7232237054086293
25631,Neutral,0.6030392970988139,0.05007688927751539,0.34688381362367077
25632,LOF,0.02153630391119892,0.08090684560405434,0.8975568504847468
25633,LOF,0.22914736257542098,0.08860014015374978,0.6822524972708293
25634,LOF,0.03859025754549996,0.08841984712489066,0.8729898953296094
25635,LOF,0.036565764020391446,0.07632916266167063,0.887105073317938
25636,GOF,0.005346343158537347,0.6803175440540463,0.31433611278741647
25637,GOF,0.0037607012771818846,0.5987059905871788,0.3975333081356395
25638,GOF,0.006749330996104327,0.5687370888645791,0.42451358013931667
25639,GOF,0.004023423575729756,0.5355593958089793,0.4604171806152911
25640,GOF,0.33837008435853705,0.6146777829413476,0.046952132700115425
25641,LOF,0.005497350333141071,0.3382809525299394,0.6562216971369196
25642,LOF,0.25727575368876315,0.11623268769536702,0.6264915586158697
25643,LOF,0.24823861796464672,0.24492061845284088,0.5068407635825124
25644,GOF,0.015883827576319384,0.7040592513693872,0.2800569210542934
25645,GOF,0.01194663408846466,0.637770671856619,0.35028269405491647
25646,LOF,0.012253415511614933,0.4457763963331456,0.5419701881552395
25647,LOF,0.010599290792032688,0.34380402446476277,0.6455966847432044
25648,LOF,0.00779364297393569,0.4214592973460824,0.5707470596799818
25649,LOF,0.008435869427207686,0.2451955183645156,0.7463686122082768
25650,GOF,0.0263990179145621,0.564982836841152,0.4086181452442858
25651,LOF,0.006359159363194584,0.29073714037330556,0.7029037002634999
25652,LOF,0.012019515832199134,0.41222642839494816,0.5757540557728527
25653,GOF,0.05417426931651945,0.5929690635879665,0.35285666709551405
25654,LOF,0.008504228038692817,0.37940423904097803,0.6120915329203293
25655,GOF,0.07795762167082242,0.5487991262997056,0.37324325202947206
25656,LOF,0.09952150442657015,0.14449516717216354,0.7559833284012663
25657,LOF,0.277519042821922,0.06619142267162344,0.6562895345064544
25658,LOF,0.03915886342942557,0.24766841499664288,0.7131727215739315
25659,LOF,0.2390666382889791,0.12552287997487172,0.6354104817361492
25660,LOF,0.09273620912236599,0.08521062269293313,0.8220531681847009
25661,LOF,0.07092258005429646,0.0693453418320872,0.8597320781136164
25662,LOF,0.04043426031443542,0.061121075867941584,0.898444663817623
25663,LOF,0.04872508690391757,0.10833406649193184,0.8429408466041506
25664,LOF,0.03200880346778013,0.14559816617107232,0.8223930303611476
25665,LOF,0.04196022097038931,0.07081478046575083,0.8872249985638598
25666,LOF,0.04365635414970491,0.15398715305210744,0.8023564927981877
25667,LOF,0.040655882758461714,0.05067003544589503,0.9086740817956432
25668,LOF,0.05885614151083998,0.06077953457353712,0.880364323915623
25669,LOF,0.055439060714212736,0.0884856065390678,0.8560753327467195
25670,LOF,0.0772386924893845,0.08914341443894674,0.8336178930716688
25671,LOF,0.05080680092939951,0.04968739341549897,0.8995058056551014
25672,LOF,0.04800755137205514,0.0773237958165065,0.8746686528114384
25673,LOF,0.038976814662221033,0.0741607858384596,0.8868623994993193
25674,LOF,0.026907253146789534,0.09190318608903973,0.8811895607641708
25675,LOF,0.03503588084185135,0.06947838313561737,0.8954857360225312
25676,LOF,0.03762438559473363,0.06812818968312374,0.8942474247221427
25677,LOF,0.08770478711239912,0.05402599198976474,0.8582692208978361
25678,LOF,0.20830807191086592,0.042267564602793274,0.7494243634863408
25679,LOF,0.1312024617005375,0.052070596646926454,0.816726941652536
25680,LOF,0.10029841145033438,0.08784018093006386,0.8118614076196017
25681,LOF,0.10660018007014027,0.08550376173669355,0.8078960581931661
25682,LOF,0.053967031930697795,0.05388123387964024,0.892151734189662
25683,LOF,0.08208965844950712,0.07382285947039047,0.8440874820801024
25684,LOF,0.0725504274007501,0.0594395922235355,0.8680099803757145
25685,LOF,0.12492900334341234,0.053071381733555606,0.8219996149230321
25686,LOF,0.025807912423786255,0.08609830628163007,0.8880937812945837
25687,LOF,0.0554807451941205,0.09610289780761763,0.8484163569982618
25688,LOF,0.022155476484985125,0.06081252121188688,0.9170320023031281
25689,LOF,0.020211395424726955,0.03026476967791623,0.9495238348973568
25690,LOF,0.020427739545435565,0.034283712452402665,0.9452885480021619
25691,LOF,0.136214331382651,0.062267467869202384,0.8015182007481465
25692,LOF,0.2784817815662924,0.012042521295463786,0.7094756971382439
25693,LOF,0.03497272784819515,0.26977758992123385,0.6952496822305709
25694,LOF,0.24056331643480597,0.014103807439465113,0.7453328761257291
25695,LOF,0.17869981500001356,0.028992812865938175,0.7923073721340483
25696,LOF,0.09773848262460022,0.025622687922095596,0.8766388294533043
25697,LOF,0.08341733213290105,0.0461768906184483,0.8704057772486506
25698,LOF,0.01744343921268302,0.3881810447421533,0.5943755160451636
25699,LOF,0.09368332544963791,0.1330917863776762,0.773224888172686
25700,LOF,0.03793008034650981,0.023958543159424275,0.938111376494066
25701,LOF,0.013494891172325075,0.12251341047761263,0.8639916983500623
25702,GOF,0.026565123374252243,0.7702495397426774,0.2031853368830705
25703,LOF,0.015928580260977827,0.2547359975066428,0.7293354222323793
25704,LOF,0.07246985888662227,0.166127535802454,0.7614026053109239
25705,LOF,0.05999657015089718,0.19579401016429993,0.7442094196848028
25706,GOF,0.016332046599161737,0.6697671343299774,0.31390081907086087
25707,GOF,0.026932664399862836,0.5495706649631953,0.4234966706369419
25708,GOF,0.0071241000376104455,0.5048520552501254,0.4880238447122641
25709,LOF,0.031101424108614245,0.07804730281848367,0.890851273072902
25710,LOF,0.005821727614166783,0.1552921376932106,0.8388861346926225
25711,LOF,0.03110137790947045,0.1485659804299181,0.8203326416606116
25712,LOF,0.007963217827174943,0.2156138817873636,0.7764229003854614
25713,LOF,0.029873579040494785,0.12314527907774415,0.846981141881761
25714,LOF,0.02621029475094426,0.17094619153822435,0.8028435137108314
25715,LOF,0.0356634875260102,0.15365473523842083,0.810681777235569
25716,LOF,0.006389698994552262,0.1564369126269127,0.837173388378535
25717,LOF,0.006495767816985773,0.1300967018647715,0.8634075303182427
25718,LOF,0.03580172599885612,0.08990496591578714,0.8742933080853567
25719,LOF,0.0422225220032649,0.12815326541802205,0.8296242125787131
25720,LOF,0.03972024459082027,0.13821770599121738,0.8220620494179623
25721,LOF,0.030891331504517734,0.12909222103360696,0.8400164474618754
25722,LOF,0.019774855078928445,0.15987477918789286,0.8203503657331787
25723,LOF,0.03371669993148766,0.12878859350181435,0.837494706566698
25724,LOF,0.051577742008644845,0.28941149908940084,0.6590107589019543
25725,LOF,0.0345137932224881,0.10128433584289992,0.8642018709346121
25726,LOF,0.021700567292132277,0.1513795173858585,0.8269199153220093
25727,LOF,0.030063785566115345,0.12146574385831033,0.8484704705755745
25728,LOF,0.03225319010695697,0.14210212295607422,0.8256446869369689
25729,LOF,0.02962447313225256,0.15913711559547866,0.8112384112722688
25730,LOF,0.04052787377167759,0.09342466376554168,0.8660474624627807
25731,LOF,0.010228478985016706,0.11251964907156213,0.8772518719434211
25732,LOF,0.02242323993903123,0.08629807060242123,0.8912786894585475
25733,LOF,0.03970958310528076,0.09203812822039567,0.8682522886743235
25734,LOF,0.006636502775281614,0.26502024108393457,0.7283432561407839
25735,LOF,0.02780326453151459,0.10257758800384179,0.8696191474646436
25736,LOF,0.026249190430604936,0.1773981255059945,0.7963526840634007
25737,LOF,0.037068115931469754,0.12922718137673742,0.8337047026917928
25738,LOF,0.028234407670967774,0.18425191928246118,0.787513673046571
25739,LOF,0.03012670294963963,0.12792247917242236,0.841950817877938
25740,LOF,0.03863196031952503,0.14917165767581958,0.8121963820046555
25741,LOF,0.04480497431113931,0.12742671066048525,0.8277683150283754
25742,LOF,0.05651336821510983,0.139230494758098,0.8042561370267921
25743,LOF,0.011755213616039858,0.03356261044199471,0.9546821759419655
25744,LOF,0.20099818719832116,0.22237389636771504,0.5766279164339638
25745,LOF,0.03780488396902526,0.07318201283774388,0.8890131031932308
25746,LOF,0.015704463990688984,0.12173931238063675,0.8625562236286743
25747,LOF,0.05163600749615639,0.04102620106266936,0.9073377914411742
25748,LOF,0.3184159905067039,0.08053514628561617,0.6010488632076799
25749,LOF,0.015947753613486,0.0663426012175582,0.9177096451689557
25750,LOF,0.022475938633913003,0.07065133202176144,0.9068727293443256
25751,LOF,0.04743806204627844,0.07025766314380467,0.8823042748099169
25752,GOF,0.075327509159461,0.7160413080914805,0.2086311827490585
25753,GOF,0.0068867441784535325,0.5134792358244404,0.479634019997106
25754,GOF,0.007795659644303162,0.9143353126674507,0.07786902768824622
25755,LOF,0.007103649111733644,0.47468855918341385,0.5182077917048525
25756,GOF,0.020144720366069346,0.5088496938188951,0.47100558581503565
25757,GOF,0.00813841154646288,0.8993360252415,0.09252556321203705
25758,GOF,0.008342603689324721,0.9219315881729948,0.06972580813768049
25759,GOF,0.005632945465116207,0.7301839866063744,0.2641830679285094
25760,LOF,0.005253265495844302,0.39319349396990577,0.6015532405342499
25761,GOF,0.044453289837104726,0.894827006110645,0.060719704052250405
25762,LOF,0.022609435147176168,0.4386909100956849,0.5386996547571389
25763,LOF,0.005671912398755912,0.3699983032092594,0.6243297843919847
25764,GOF,0.0652786173691176,0.7373581882304581,0.19736319440042444
25765,GOF,0.00808692623136417,0.9124000256749781,0.07951304809365776
25766,GOF,0.024157941422846142,0.9004805722099666,0.07536148636718729
25767,GOF,0.016560709981668264,0.5205554188029923,0.46288387121533947
25768,LOF,0.05435159845039285,0.046366236854313916,0.8992821646952932
25769,LOF,0.02513143702372548,0.08219347904624011,0.8926750839300344
25770,LOF,0.13555740662844576,0.1508547214671937,0.7135878719043606
25771,LOF,0.018113398358945907,0.09476809081256399,0.8871185108284901
25772,LOF,0.028511759494590706,0.04081643130552462,0.9306718091998847
25773,LOF,0.014172545443700679,0.08538929389434037,0.900438160661959
25774,LOF,0.024565308083372903,0.23566319472478495,0.7397714971918422
25775,LOF,0.018758899995281953,0.04734035384450539,0.9339007461602127
25776,LOF,0.029828686394527036,0.024690555345582055,0.9454807582598909
25777,LOF,0.30350322546867176,0.12604776884507052,0.5704490056862577
25778,LOF,0.026255505859720953,0.08925978877991995,0.8844847053603592
25779,GOF,0.0518296183227411,0.8819414143242477,0.0662289673530114
25780,GOF,0.06159951002250029,0.8807094744449799,0.057691015532519666
25781,GOF,0.026516353836276,0.8483474507118446,0.1251361954518794
25782,GOF,0.034459556391181714,0.9036768320332206,0.06186361157559771
25783,GOF,0.033647358896300814,0.910531111926279,0.05582152917742024
25784,GOF,0.11996625660421797,0.8368093126113151,0.04322443078446704
25785,GOF,0.11393814589143093,0.8522089038980167,0.033852950210552235
25786,GOF,0.010220102940611302,0.8733324015764996,0.11644749548288905
25787,GOF,0.239731111816328,0.7151725290452667,0.04509635913840523
25788,LOF,0.019055143997126132,0.20841286319489818,0.7725319928079757
25789,GOF,0.01965330879770187,0.8757373002113242,0.10460939099097392
25790,GOF,0.028385598295954207,0.9030655998161192,0.0685488018879264
25791,GOF,0.024522428757954195,0.7592656119245892,0.2162119593174567
25792,GOF,0.03106127258042176,0.8122153387798852,0.15672338863969318
25793,GOF,0.04142702781977513,0.8229066341715551,0.13566633800866998
25794,GOF,0.04111555146664896,0.7689374888011097,0.18994695973224135
25795,GOF,0.05025319451851812,0.7635541980132935,0.18619260746818844
25796,GOF,0.11763946990012372,0.8087734826461729,0.07358704745370337
25797,GOF,0.07235562566788356,0.742146876146582,0.18549749818553438
25798,GOF,0.006812576271463104,0.8186680558341626,0.17451936789437422
25799,GOF,0.004577666984085555,0.7171701169611108,0.2782522160548038
25800,GOF,0.02482150502487117,0.8525508949189339,0.12262760005619502
25801,GOF,0.023609230925725568,0.9023765766023276,0.0740141924719468
25802,GOF,0.025648730631551823,0.8029811812952277,0.17137008807322057
25803,GOF,0.019873846415480848,0.7652870575537812,0.21483909603073803
25804,GOF,0.030148281933356263,0.8154490638266453,0.1544026542399985
25805,GOF,0.02821401329392203,0.8498946184325922,0.12189136827348587
25806,GOF,0.036695335405659314,0.8473789076033281,0.11592575699101265
25807,GOF,0.014353708511646156,0.8133393815692526,0.1723069099191014
25808,GOF,0.024936337541471985,0.8173341249071988,0.15772953755132918
25809,GOF,0.01375794073042794,0.7761118231858616,0.21013023608371065
25810,GOF,0.011960516268291192,0.7532232440866071,0.23481623964510176
25811,GOF,0.06998607235287883,0.8650294671148483,0.064984460532273
25812,GOF,0.02971096045188314,0.8034111228840579,0.166877916664059
25813,GOF,0.17193967423393167,0.757629274888425,0.0704310508776432
25814,GOF,0.027957068258753822,0.8041049169876098,0.16793801475363634
25815,GOF,0.05728269502854498,0.8248126506904581,0.11790465428099697
25816,GOF,0.00940114553449532,0.8748244119855724,0.11577444247993235
25817,GOF,0.11022717084119021,0.7717633783226822,0.11800945083612764
25818,GOF,0.028046404926847374,0.8045716469465231,0.1673819481266295
25819,GOF,0.04907277249802726,0.7909760729041445,0.15995115459782835
25820,GOF,0.049730614914241,0.7638053303825437,0.18646405470321528
25821,GOF,0.034413794092573974,0.811573452776763,0.15401275313066312
25822,GOF,0.05267307476268137,0.7904761879456915,0.15685073729162713
25823,GOF,0.027850253827113633,0.7507087939286419,0.2214409522442444
25824,GOF,0.028001443842015167,0.8119622188163276,0.16003633734165734
25825,GOF,0.021208950328806275,0.8134101118133756,0.16538093785781802
25826,GOF,0.011307584859677044,0.7543808727344541,0.23431154240586893
25827,GOF,0.017814152546773532,0.7527261463034596,0.22945970114976688
25828,GOF,0.010962928341338319,0.8044548761109623,0.1845821955476993
25829,GOF,0.004574848800105086,0.6963939711422226,0.2990311800576723
25830,GOF,0.0484630137417818,0.567635715143187,0.38390127111503125
25831,GOF,0.07071556217796394,0.8210907638355677,0.10819367398646836
25832,GOF,0.011354946521124407,0.7632628631544527,0.22538219032442283
25833,GOF,0.0371878749470634,0.8321416194334901,0.13067050561944668
25834,GOF,0.011658390563000194,0.7859552780815902,0.20238633135540968
25835,GOF,0.026525192454146678,0.8520621502866504,0.12141265725920292
25836,GOF,0.007499880472885724,0.782486920658423,0.2100131988686914
25837,GOF,0.008990183187145133,0.794187547924656,0.1968222688881991
25838,GOF,0.01916737870830894,0.8542391694732555,0.12659345181843557
25839,GOF,0.046888156852282765,0.8301515713048752,0.12296027184284195
25840,GOF,0.08256721481548215,0.7906087463701506,0.12682403881436738
25841,GOF,0.07344901209168431,0.8326584611533262,0.09389252675498952
25842,GOF,0.026658834042606005,0.8948954298623818,0.0784457360950122
25843,GOF,0.024918109081761595,0.8944150892980489,0.08066680162018937
25844,GOF,0.020017641982171586,0.8470279915958382,0.1329543664219901
25845,GOF,0.0068149451514815705,0.7527281309469609,0.2404569239015576
25846,GOF,0.0691245755768293,0.8489712465463757,0.08190417787679515
25847,GOF,0.01602586534999761,0.8908950543956268,0.09307908025437575
25848,GOF,0.023355083754039187,0.8358010228760757,0.14084389336988493
25849,GOF,0.007953500268593934,0.8143068434768834,0.1777396562545227
25850,GOF,0.006694840071603056,0.7256685066438852,0.26763665328451164
25851,GOF,0.006012799091667073,0.6676546768473233,0.3263325240610096
25852,GOF,0.13446016864831178,0.5752827610747285,0.2902570702769597
25853,GOF,0.047050432573206576,0.8164944894666922,0.1364550779601012
25854,GOF,0.0061388390346459425,0.7684442177865667,0.22541694317878738
25855,GOF,0.0226508795508236,0.6505194601891794,0.32682966025999705
25856,GOF,0.042960939916542214,0.7375237819126593,0.21951527817079858
25857,GOF,0.02321481676142618,0.6542209024273997,0.32256428081117416
25858,GOF,0.008724074235417673,0.619244563948444,0.3720313618161384
25859,GOF,0.006565247926029453,0.5991080120334128,0.39432674004055784
25860,GOF,0.07798769421722603,0.7604145006797864,0.16159780510298763
25861,GOF,0.10259076930790917,0.8181154888969898,0.07929374179510101
25862,GOF,0.02173327569884724,0.9098703207161521,0.06839640358500049
25863,GOF,0.01897866983037947,0.889635149291183,0.09138618087843754
25864,GOF,0.03542071040065307,0.9020509503255947,0.06252833927375233
25865,GOF,0.037921585014756606,0.8756606565962238,0.08641775838901976
25866,GOF,0.01759529732313762,0.8714817228959327,0.11092297978092965
25867,GOF,0.04070103811865354,0.8702175502299023,0.08908141165144409
25868,GOF,0.058846684048895065,0.8048479637739144,0.13630535217719048
25869,GOF,0.28650402653845203,0.6157087949816851,0.09778717847986293
25870,GOF,0.06671475932422163,0.6135692273562414,0.319716013319537
25871,GOF,0.008543605884657265,0.8396520775229016,0.15180431659244112
25872,GOF,0.019667293398159383,0.8272970130756582,0.15303569352618246
25873,GOF,0.019197056800827415,0.8934789812268835,0.08732396197228917
25874,LOF,0.02475709709467173,0.2031374890034947,0.7721054139018335
25875,LOF,0.023750783266589158,0.10657350731873808,0.8696757094146726
25876,LOF,0.023242808680703636,0.05271998906160643,0.9240372022576899
25877,LOF,0.11086337321357718,0.1875196584918749,0.7016169682945479
25878,LOF,0.071158888087385,0.2784455974326229,0.650395514479992
25879,LOF,0.010621684199378369,0.1723055732444089,0.8170727425562128
25880,LOF,0.04923375594536335,0.019384437660800974,0.9313818063938357
25881,Neutral,0.5297955647939504,0.14802261272057662,0.32218182248547295
25882,LOF,0.04452705895809985,0.03738947495083276,0.9180834660910674
25883,LOF,0.02803838911469125,0.032597384167034595,0.9393642267182742
25884,LOF,0.015633798329102794,0.0486489708508572,0.9357172308200401
25885,LOF,0.15431218116293105,0.015569538337345857,0.830118280499723
25886,LOF,0.2636635564394144,0.06963371580149064,0.6667027277590949
25887,LOF,0.07040246291476364,0.20097043704058806,0.7286271000446484
25888,LOF,0.007561929784536314,0.22834590757377918,0.7640921626416846
25889,LOF,0.024731808015012475,0.04071264303893921,0.9345555489460484
25890,LOF,0.19711580703104928,0.0733311615125952,0.7295530314563556
25891,LOF,0.11868419617942687,0.04348814985195898,0.8378276539686141
25892,LOF,0.008051178378619683,0.026932821952989305,0.965015999668391
25893,LOF,0.2993339082783203,0.008921752609714437,0.6917443391119654
25894,LOF,0.3335120687587157,0.006434910093753233,0.6600530211475311
25895,LOF,0.26934421767599037,0.013933196189124204,0.7167225861348855
25896,LOF,0.0820837028780861,0.02848475658682307,0.8894315405350909
25897,LOF,0.11954369179725036,0.012257662983363879,0.8681986452193857
25898,LOF,0.11432822895600644,0.026447016969941593,0.859224754074052
25899,LOF,0.4010837113652533,0.03289093030037915,0.5660253583343675
25900,Neutral,0.676190630111797,0.012070445215832466,0.3117389246723705
25901,LOF,0.05598994594339314,0.012052759497693433,0.9319572945589134
25902,LOF,0.07913439811616828,0.008716593118512686,0.9121490087653189
25903,LOF,0.15817543452743643,0.02725411827316034,0.8145704471994033
25904,LOF,0.45376283790771055,0.05980174081834813,0.48643542127394146
25905,LOF,0.0070310370116985444,0.4107906798157626,0.5821782831725387
25906,LOF,0.007942712026474117,0.07777911413955418,0.9142781738339718
25907,LOF,0.008063629878636016,0.28340542275083924,0.7085309473705247
25908,LOF,0.0072757817380917945,0.2650874752716585,0.7276367429902497
25909,LOF,0.030828598613024498,0.14241218887826324,0.8267592125087122
25910,LOF,0.015394658648532818,0.09680440073220524,0.8878009406192621
25911,LOF,0.17841717513979824,0.02917920320596211,0.7924036216542396
25912,LOF,0.12941358672443617,0.021941116781120883,0.8486452964944429
25913,LOF,0.018046088990846466,0.02497296330224745,0.9569809477069062
25914,LOF,0.0433603084883244,0.037072133002407956,0.9195675585092675
25915,LOF,0.22394998906576707,0.28478355914419695,0.491266451790036
25916,LOF,0.012964580863464505,0.1668256057402314,0.820209813396304
25917,LOF,0.06597532212251249,0.04910845365698223,0.8849162242205053
25918,LOF,0.05375801814808352,0.02389009169183591,0.9223518901600807
25919,LOF,0.039165475846225074,0.026905988300476413,0.9339285358532985
25920,LOF,0.34954328843096055,0.20413345882536865,0.44632325274367085
25921,LOF,0.018987068651382017,0.02081202242655029,0.9602009089220677
25922,LOF,0.019233355997408687,0.020666940864570993,0.9600997031380202
25923,LOF,0.4486534943359715,0.012970529603489494,0.5383759760605391
25924,LOF,0.026408475566762114,0.018849066973848173,0.9547424574593897
25925,LOF,0.10949968043057773,0.026884603616961447,0.8636157159524608
25926,LOF,0.09024256278782986,0.020328862835196446,0.8894285743769738
25927,LOF,0.026446786721759066,0.02598060667997843,0.9475726065982626
25928,LOF,0.014649600947662813,0.013010357767175493,0.9723400412851617
25929,Neutral,0.5857420698369049,0.012565254505345654,0.40169267565774935
25930,LOF,0.06021940701490085,0.011734213631727893,0.9280463793533712
25931,LOF,0.015400825573808388,0.012257585223683939,0.9723415892025076
25932,LOF,0.07483574633535281,0.011198476270922145,0.913965777393725
25933,LOF,0.08349487325119076,0.00756881099841513,0.9089363157503941
25934,LOF,0.08180624224140035,0.008222585775520142,0.9099711719830794
25935,LOF,0.10387938421317992,0.023390867250151416,0.8727297485366687
25936,LOF,0.09617205538483975,0.008085761069434014,0.8957421835457262
25937,LOF,0.015841540340490623,0.015913166252097825,0.9682452934074115
25938,LOF,0.10511206388396034,0.020861869522530205,0.8740260665935095
25939,LOF,0.06260623327300972,0.013412441279888101,0.9239813254471022
25940,LOF,0.009718493301234954,0.46922530048102123,0.5210562062177438
25941,LOF,0.47796393362690776,0.0351434548787578,0.48689261149433444
25942,LOF,0.012585665537236643,0.05616305145274878,0.9312512830100145
25943,LOF,0.05043333416321354,0.15669851449020608,0.7928681513465803
25944,LOF,0.04563667286878324,0.10486591082331405,0.8494974163079027
25945,LOF,0.1999737168635421,0.028943743373259855,0.7710825397631981
25946,LOF,0.08494503219069745,0.06921531065961183,0.8458396571496907
25947,Neutral,0.5055481535770866,0.18403332570642317,0.3104185207164903
25948,Neutral,0.5053432188504089,0.0171255684886042,0.47753121266098686
25949,LOF,0.13071133789288347,0.0417575635754315,0.827531098531685
25950,GOF,0.0984991564529556,0.6584397964257419,0.24306104712130244
25951,GOF,0.01391996399629636,0.5383795240289938,0.4477005119747098
25952,LOF,0.13758938852571231,0.3244831563222369,0.5379274551520508
25953,LOF,0.006730604614561901,0.34618701560392634,0.6470823797815118
25954,GOF,0.06226150709489714,0.4884701890224639,0.449268303882639
25955,LOF,0.008050189680020936,0.36096606053077734,0.6309837497892017
25956,LOF,0.010249079242745067,0.35495589965343716,0.6347950211038179
25957,LOF,0.16656755924049785,0.044427730361138056,0.7890047103983641
25958,LOF,0.026744194632148388,0.0644658829950411,0.9087899223728105
25959,GOF,0.00628747337162793,0.7258933177263341,0.2678192089020378
25960,LOF,0.0056408441050172006,0.10138886832209923,0.8929702875728837
25961,LOF,0.02651893148555905,0.05690223959936145,0.9165788289150796
25962,LOF,0.0439204793363732,0.09389983857024707,0.8621796820933797
25963,LOF,0.011053838626984277,0.12854422532285953,0.8604019360501561
25964,LOF,0.04746168970328262,0.08464152863149119,0.8678967816652262
25965,LOF,0.18876373698218196,0.14352933571115037,0.6677069273066677
25966,LOF,0.35427604908561344,0.1520338294241371,0.49369012149024943
25967,LOF,0.007464747236648586,0.10622705664582201,0.8863081961175294
25968,LOF,0.06640549257082737,0.2208507104049141,0.7127437970242585
25969,LOF,0.14090120817166424,0.046317926784405286,0.8127808650439304
25970,LOF,0.055161856187834854,0.061212696879565126,0.8836254469326
25971,LOF,0.06903510513928314,0.02708727927671718,0.9038776155839997
25972,LOF,0.07960652595678504,0.03173427128949224,0.8886592027537228
25973,LOF,0.08444667040442047,0.011247051143519957,0.9043062784520595
25974,LOF,0.06513419588065432,0.03613056733168148,0.8987352367876643
25975,LOF,0.02711020222164122,0.01369402438836215,0.9591957733899966
25976,LOF,0.08392276141327329,0.014338161103809581,0.9017390774829173
25977,LOF,0.25170047925462974,0.06443755161125779,0.6838619691341125
25978,LOF,0.18169416759823648,0.11034171383717131,0.7079641185645922
25979,LOF,0.1349343300601848,0.11660931086364747,0.7484563590761677
25980,LOF,0.20899420785672593,0.20808524699787526,0.5829205451453988
25981,LOF,0.20975169549382014,0.21249919058061678,0.577749113925563
25982,LOF,0.2972773051636726,0.10251744675779186,0.6002052480785354
25983,Neutral,0.47724390925788246,0.09011232237345347,0.43264376836866403
25984,LOF,0.06308557036502083,0.06292125071163261,0.8739931789233466
25985,Neutral,0.49204147555024874,0.1194821066229658,0.38847641782678544
25986,LOF,0.012315696542358538,0.38560062009432694,0.6020836833633145
25987,LOF,0.033611571249187275,0.09489230860652925,0.8714961201442836
25988,LOF,0.04522973176608252,0.1174546514457954,0.8373156167881222
25989,LOF,0.045435063422968734,0.12800997295996994,0.8265549636170613
25990,LOF,0.04696259343809937,0.2366326782585006,0.7164047283034
25991,GOF,0.020315385852528962,0.6615274920565694,0.3181571220909017
25992,GOF,0.011992643103745685,0.5047673492698846,0.48324000762636965
25993,LOF,0.01914472917876187,0.10018145926115493,0.8806738115600832
25994,LOF,0.026467580382067823,0.10702809320436185,0.8665043264135702
25995,LOF,0.016708359488884442,0.199625708120869,0.7836659323902466
25996,GOF,0.3120887162006161,0.5392256227138484,0.14868566108553552
25997,GOF,0.062318892203337854,0.6872195960797761,0.2504615117168861
25998,LOF,0.2596230725650687,0.03233289571921561,0.7080440317157156
25999,LOF,0.027422506572531678,0.2396476799783926,0.7329298134490757
26000,LOF,0.16431109415819864,0.008499301879676034,0.8271896039621253
26001,LOF,0.15827856036496799,0.01360478915241542,0.8281166504826166
26002,LOF,0.11694616174600397,0.010433210938692592,0.8726206273153035
26003,GOF,0.006660617509973059,0.5283467096638688,0.4649926728261582
26004,GOF,0.018117364589131567,0.5454367433320076,0.43644589207886075
26005,LOF,0.0055202191254721525,0.46558075811486616,0.5288990227596617
26006,GOF,0.09930444208040631,0.47070673268058516,0.42998882523900844
26007,GOF,0.009243437810127996,0.5123700903041728,0.4783864718856992
26008,GOF,0.007108261456501976,0.5614936787208223,0.4313980598226756
26009,GOF,0.012167342452733767,0.576639374528967,0.41119328301829916
26010,LOF,0.011332556208130432,0.48380641333176644,0.5048610304601032
26011,LOF,0.005839337173848292,0.36153761097174136,0.6326230518544103
26012,LOF,0.005765980405594922,0.48205819486497015,0.5121758247294349
26013,LOF,0.011862429336796152,0.43986296700842964,0.5482746036547742
26014,LOF,0.06348619543976512,0.07949559978086489,0.85701820477937
26015,LOF,0.38993099409433796,0.03847681827767734,0.5715921876279847
26016,LOF,0.263070181090268,0.0567719815553214,0.6801578373544107
26017,LOF,0.01592983536651467,0.18836409163863183,0.7957060729948535
26018,LOF,0.020112279138116005,0.1176515919043447,0.8622361289575392
26019,LOF,0.020109857789353747,0.10964960897750002,0.8702405332331463
26020,LOF,0.006942363057012228,0.16710358251973403,0.8259540544232538
26021,LOF,0.0775183779329965,0.09090926439970483,0.8315723576672985
26022,LOF,0.04230216265720405,0.04148168159611899,0.9162161557466769
26023,LOF,0.03149562054222455,0.08584593643447087,0.8826584430233047
26024,LOF,0.05014254829334331,0.07001750639680072,0.879839945309856
26025,LOF,0.14738543234131504,0.07871370659450648,0.7739008610641785
26026,LOF,0.11479865457650011,0.06048016078156973,0.8247211846419301
26027,LOF,0.027925678339085564,0.05218933156273791,0.9198849900981766
26028,LOF,0.07905466184748935,0.2015610232402827,0.7193843149122279
26029,LOF,0.03400953095107242,0.17664554119800246,0.7893449278509251
26030,LOF,0.12538861289344444,0.02298042445275292,0.8516309626538026
26031,LOF,0.015742349221956737,0.16925594002468203,0.8150017107533613
26032,LOF,0.031249123394643693,0.03305114013078896,0.9356997364745674
26033,LOF,0.053701979506407704,0.0555551200035208,0.8907429004900714
26034,LOF,0.022866359304850793,0.10701817866428193,0.8701154620308673
26035,LOF,0.01275962203069266,0.13034134064238323,0.8568990373269241
26036,LOF,0.011788080274120186,0.10745446279097438,0.8807574569349055
26037,LOF,0.011764763222195992,0.1123778988099917,0.8758573379678123
26038,LOF,0.02758609654185522,0.03060939043437128,0.9418045130237737
26039,LOF,0.03471521321303597,0.1528580642387528,0.8124267225482111
26040,LOF,0.07903405618111434,0.1798505319942403,0.7411154118246454
26041,LOF,0.013961462711793183,0.12220113336265738,0.8638374039255495
26042,LOF,0.013376454712090114,0.12642335702255997,0.8602001882653498
26043,LOF,0.026966970961121887,0.05714015351070577,0.9158928755281722
26044,LOF,0.008026823910848505,0.062181245571115436,0.929791930518036
26045,LOF,0.08982371330114867,0.25576587363767767,0.6544104130611736
26046,LOF,0.027849908634674642,0.05494086777267909,0.9172092235926462
26047,LOF,0.07631781619000413,0.0517615509951585,0.8719206328148373
26048,LOF,0.0832947996950889,0.028283039726861938,0.8884221605780492
26049,Neutral,0.9390942379211857,0.0071461522231250595,0.05375960985568918
26050,Neutral,0.8983549111605043,0.008956055124687702,0.0926890337148079
26051,LOF,0.027550633959990394,0.28102426793576557,0.691425098104244
26052,LOF,0.030943341576924663,0.19840143574135802,0.7706552226817173
26053,LOF,0.024641430043254964,0.16950437801535892,0.8058541919413861
26054,LOF,0.05546875035984772,0.07548107408128094,0.8690501755588713
26055,LOF,0.0708304705488029,0.07848860367377727,0.8506809257774198
26056,LOF,0.06734614369125358,0.08249928712429647,0.85015456918445
26057,LOF,0.045188912139893525,0.018897206707831345,0.935913881152275
26058,LOF,0.0497511608000701,0.015231130714024354,0.9350177084859056
26059,LOF,0.2704614018548907,0.10271887815010035,0.6268197199950089
26060,LOF,0.019637955026690874,0.18950187465370086,0.7908601703196083
26061,LOF,0.012626714590142555,0.010768851368766432,0.9766044340410911
26062,LOF,0.006230645318642679,0.021474745291176624,0.9722946093901808
26063,LOF,0.042742682516889514,0.01451381526748932,0.9427435022156212
26064,LOF,0.008925355773611131,0.014402068348508348,0.9766725758778806
26065,LOF,0.04838177944561984,0.020954410957422908,0.9306638095969573
26066,LOF,0.04097049668661851,0.013699432016758236,0.9453300712966233
26067,LOF,0.0467398078582739,0.015035149083477353,0.9382250430582488
26068,LOF,0.05271388081517093,0.053157540743756636,0.8941285784410724
26069,LOF,0.19196755618644998,0.045922168687786175,0.7621102751257638
26070,LOF,0.4562059785834317,0.026285252195316324,0.517508769221252
26071,LOF,0.051302201373220696,0.018781681324583827,0.9299161173021955
26072,LOF,0.008433928118118932,0.019149330507897265,0.9724167413739837
26073,LOF,0.04892610989088911,0.014267137502501283,0.9368067526066096
26074,Neutral,0.6865927911852256,0.0212229398061572,0.29218426900861705
26075,LOF,0.0418278733391504,0.04008705550605692,0.9180850711547927
26076,LOF,0.05012568056970017,0.018635512081843126,0.9312388073484567
26077,LOF,0.17292253165506968,0.016637076011903236,0.8104403923330271
26078,LOF,0.006974194358572369,0.024205084586894337,0.9688207210545333
26079,LOF,0.05753318422181875,0.03996798611386597,0.9024988296643154
26080,LOF,0.05611597092197163,0.039853010447065046,0.9040310186309632
26081,LOF,0.04885697034393678,0.016075374900858256,0.9350676547552049
26082,LOF,0.007052471222273324,0.022602439423287837,0.970345089354439
26083,LOF,0.0654751216607261,0.03150331577396446,0.9030215625653095
26084,LOF,0.07902708227887136,0.018928763108600494,0.9020441546125282
26085,LOF,0.06839760420285183,0.016129309163888213,0.91547308663326
26086,LOF,0.04207029932973338,0.020826001165901675,0.937103699504365
26087,LOF,0.04307497270833673,0.017030193939950537,0.9398948333517128
26088,LOF,0.007509546511975798,0.033531364047864116,0.9589590894401601
26089,LOF,0.03818528569731146,0.061366240549496257,0.9004484737531923
26090,LOF,0.03790185352814122,0.05300876450464927,0.9090893819672096
26091,LOF,0.03433495823921503,0.015265895870082213,0.9503991458907027
26092,LOF,0.04683953203105651,0.013613394774917909,0.9395470731940255
26093,LOF,0.07111837306819697,0.009136543291202372,0.9197450836406007
26094,LOF,0.04526250916779091,0.011895442560301162,0.9428420482719079
26095,LOF,0.014376432166850526,0.028003061974887396,0.957620505858262
26096,LOF,0.2864569679110832,0.00477103973657808,0.7087719923523387
26097,LOF,0.00757944560887457,0.05060181159011175,0.9418187428010136
26098,LOF,0.05858158878977493,0.04014210884708665,0.9012763023631384
26099,LOF,0.05381259819243867,0.03648235235511651,0.9097050494524449
26100,LOF,0.05381259819243867,0.03648235235511651,0.9097050494524449
26101,LOF,0.05694696884297081,0.04963028636218095,0.8934227447948482
26102,LOF,0.04326529771717757,0.021985339441355622,0.9347493628414667
26103,Neutral,0.8931472022629952,0.0447825425873533,0.06207025514965141
26104,LOF,0.04778628051118026,0.10591161526956218,0.8463021042192574
26105,LOF,0.22187381973165243,0.07401246837622497,0.7041137118921226
26106,LOF,0.2985094260262126,0.0468023999261545,0.6546881740476328
26107,LOF,0.01667144616800993,0.062370221442403784,0.9209583323895864
26108,LOF,0.16945443426996895,0.06812690048012887,0.7624186652499021
26109,LOF,0.050352834053708884,0.04674925553316271,0.9028979104131285
26110,LOF,0.4902311971139534,0.01742699555088318,0.4923418073351635
26111,LOF,0.05367006430048808,0.12577203769505937,0.8205578980044526
26112,LOF,0.06747628207648569,0.01294843085795407,0.9195752870655602
26113,LOF,0.06715855912701436,0.024966858481065318,0.9078745823919204
26114,LOF,0.1089432139340939,0.00949701683921551,0.8815597692266905
26115,LOF,0.022394152867243722,0.06320693328794554,0.9143989138448108
26116,LOF,0.06864716329647352,0.019390620546738534,0.9119622161567879
26117,LOF,0.36032766324015963,0.05504459875413318,0.5846277380057071
26118,LOF,0.03595583216901703,0.023362162509097336,0.9406820053218856
26119,LOF,0.005545724285790492,0.0943313017255202,0.9001229739886893
26120,LOF,0.030505419791270878,0.018238848045023938,0.9512557321637053
26121,LOF,0.004035980104630859,0.11228627365017355,0.8836777462451957
