feature0,prediction,LoGoFunc_Neutral,LoGoFunc_GOF,LoGoFunc_LOF
25546,Neutral,0.6700383061697751,0.06221661322173242,0.2677450806084925
25547,Neutral,0.48934948206988443,0.11899704267076892,0.39165347525934663
25548,Neutral,0.5006706465388555,0.08735745824228758,0.41197189521885685
25549,LOF,0.44198323109856713,0.08643522807045419,0.47158154083097864
25550,LOF,0.3676791147406608,0.14896345989145776,0.4833574253678815
25551,LOF,0.2714639345673903,0.17763892779050067,0.550897137642109
25552,LOF,0.2022955707438261,0.16462060377364884,0.633083825482525
25553,Neutral,0.7983893402963518,0.050888200190039784,0.15072245951360827
25554,LOF,0.23237690036253933,0.1594198343349311,0.6082032653025295
25555,LOF,0.19312513511364016,0.13738478687864886,0.669490078007711
25556,LOF,0.40811719366889104,0.13401132744279126,0.4578714788883178
25557,LOF,0.18516563139189474,0.1424009688983849,0.6724333997097203
25558,LOF,0.22294548233810677,0.15632789162372918,0.620726626038164
25559,LOF,0.19824977381215156,0.1535088596419749,0.6482413665458736
25560,LOF,0.07617370155420827,0.14358194728915943,0.7802443511566322
25561,LOF,0.15524973294294417,0.13237820814275308,0.7123720589143027
25562,LOF,0.07230761207041528,0.08476202839175968,0.8429303595378249
25563,LOF,0.09755059184038785,0.08405807917623251,0.8183913289833796
25564,LOF,0.2244006185580161,0.1536690664155203,0.6219303150264636
25565,LOF,0.1466521820735599,0.1322045663767527,0.7211432515496874
25566,GOF,0.017493079892297547,0.7739245981929672,0.20858232191473527
25567,LOF,0.019638886448724316,0.1936679960811222,0.7866931174701536
25568,LOF,0.05108373253221109,0.0881827554502573,0.8607335120175316
25569,LOF,0.05143109202086152,0.08536017232245126,0.8632087356566872
25570,LOF,0.033114768727607206,0.12585837824123344,0.8410268530311594
25571,LOF,0.031337859747285,0.11970954576510387,0.8489525944876111
25572,LOF,0.032625544748907886,0.1466432953532856,0.8207311598978064
25573,LOF,0.028329601645831887,0.11693603197855668,0.8547343663756114
25574,LOF,0.020598554743891107,0.17179354912374672,0.8076078961323621
25575,LOF,0.025496867126057164,0.13204614780736812,0.8424569850665747
25576,LOF,0.012277749565485585,0.16791255999980864,0.8198096904347059
25577,LOF,0.010433431279920035,0.14329877836108518,0.8462677903589948
25578,LOF,0.25567569338059964,0.11164812494990835,0.632676181669492
25579,LOF,0.15447341858029906,0.12181500504033708,0.7237115763793638
25580,LOF,0.01851551100252239,0.1007700379775769,0.8807144510199006
25581,LOF,0.041997706751733976,0.08857173671353379,0.8694305565347323
25582,LOF,0.041941444836536085,0.0866176476623452,0.8714409075011187
25583,LOF,0.02068755346277206,0.11045126133145565,0.8688611852057723
25584,Neutral,0.5244209649579104,0.1308907093405083,0.34468832570158137
25585,LOF,0.012320771812008472,0.16964248119634373,0.8180367469916479
25586,LOF,0.016089001850404346,0.09346756336585128,0.8904434347837443
25587,LOF,0.016344630318699434,0.08633974800334557,0.897315621677955
25588,LOF,0.016988730093916993,0.1029920878981502,0.8800191820079328
25589,Neutral,0.5874189709614804,0.1496740061660074,0.2629070228725121
25590,LOF,0.017925154903272927,0.1368064203896493,0.8452684247070777
25591,LOF,0.07141851943577487,0.07330183427819595,0.8552796462860291
25592,LOF,0.045859454026260606,0.15219604662049557,0.8019444993532437
25593,LOF,0.02345142740063905,0.27085422393998965,0.7056943486593713
25594,LOF,0.036734431176767314,0.09956633961983548,0.8636992292033973
25595,LOF,0.042251102083958825,0.071513021479971,0.8862358764360702
25596,LOF,0.0575957705481899,0.06608547475590995,0.8763187546959001
25597,LOF,0.03728549352319248,0.07556146359276365,0.8871530428840438
25598,LOF,0.03477598018521364,0.0912642708217069,0.8739597489930795
25599,GOF,0.00756136343635766,0.562265664005366,0.43017297255827636
25600,GOF,0.029322100119182754,0.6225308340245134,0.348147065856304
25601,LOF,0.014107615003982494,0.43911677682342365,0.546775608172594
25602,LOF,0.01620916719014149,0.05846239958935553,0.9253284332205028
25603,LOF,0.06056715823220476,0.021806106144943067,0.9176267356228522
25604,LOF,0.016257595995796185,0.07543700696215805,0.9083053970420457
25605,LOF,0.008195979417126334,0.23172887357836422,0.7600751470045095
25606,LOF,0.1294477221343994,0.36913925831291844,0.5014130195526821
25607,LOF,0.005562015593087487,0.2353825702245001,0.7590554141824124
25608,LOF,0.012209967900480116,0.10057675653378828,0.8872132755657317
25609,LOF,0.06762111655490502,0.39839461123802944,0.5339842722070656
25610,LOF,0.020634337043646776,0.028880666525993418,0.9504849964303598
25611,LOF,0.020804007803742353,0.029692636026523035,0.9495033561697347
25612,LOF,0.06316872450663566,0.039695648501472544,0.8971356269918918
25613,LOF,0.05135718709737869,0.04134811511343329,0.9072946977891879
25614,LOF,0.024333615707725985,0.03410459465378588,0.9415617896384882
25615,LOF,0.01843358784730385,0.0416912905777978,0.9398751215748983
25616,LOF,0.05703748643851979,0.030795843001857837,0.9121666705596223
25617,LOF,0.05951387947874396,0.03509433181668992,0.9053917887045662
25618,LOF,0.07560556939225102,0.03767711239168692,0.886717318216062
25619,LOF,0.018401799823734268,0.034910549051983174,0.9466876511242825
25620,LOF,0.06911868279177251,0.03829690749298019,0.8925844097152473
25621,LOF,0.018532335072439052,0.036807820264605925,0.944659844662955
25622,LOF,0.02215742765240153,0.04155747993881465,0.9362850924087838
25623,LOF,0.039627604557381346,0.031458721853824465,0.9289136735887943
25624,LOF,0.021407062160434,0.04161432043817618,0.9369786174013899
25625,LOF,0.027148080805589492,0.05444720289825281,0.9184047162961577
25626,LOF,0.054426119923523454,0.037364876631094175,0.9082090034453825
25627,Neutral,0.5751495756111544,0.11329726999324842,0.3115531543955971
25628,LOF,0.19729630781031476,0.05467812166005659,0.7480255705296285
25629,LOF,0.04347555514796188,0.05002268061062794,0.9065017642414102
25630,LOF,0.14437072851818478,0.08659116377961318,0.769038107702202
25631,Neutral,0.6230748667756119,0.05621180427878336,0.32071332894560467
25632,LOF,0.008609824767064851,0.0803869742381022,0.9110032009948329
25633,LOF,0.27533682683305727,0.052016872210663194,0.6726463009562795
25634,LOF,0.031527606397307,0.10759549900575051,0.8608768945969424
25635,LOF,0.032606414929061425,0.0578472669839676,0.9095463180869711
25636,GOF,0.005393545248111164,0.6059341812041327,0.38867227354775613
25637,GOF,0.0070602531741885645,0.6216197873280312,0.3713199594977801
25638,LOF,0.010669158208163948,0.3070200212410005,0.6823108205508356
25639,LOF,0.005580095855303368,0.46809591519722854,0.526323988947468
25640,Neutral,0.4596299313460389,0.4519136503139289,0.08845641834003218
25641,LOF,0.012222057862673009,0.30550287448857755,0.6822750676487493
25642,LOF,0.2531958549181398,0.07017109094996109,0.6766330541318991
25643,LOF,0.1382499637973222,0.19270305857780481,0.6690469776248731
25644,LOF,0.010028861130964772,0.4910964251454886,0.4988747137235467
25645,LOF,0.008235591905487645,0.43164062760938354,0.5601237804851288
25646,LOF,0.012942912732241445,0.3271347666706699,0.6599223205970887
25647,LOF,0.011161326332891582,0.2611560199784234,0.7276826536886849
25648,LOF,0.009441463928155026,0.2606629712183755,0.7298955648534695
25649,LOF,0.007901061092194295,0.20680495237861368,0.785293986529192
25650,LOF,0.014109239697336306,0.40874223861800824,0.5771485216846556
25651,LOF,0.0058203583750695296,0.2950296315571305,0.6991500100678001
25652,LOF,0.010046606982262759,0.24760013885872617,0.7423532541590111
25653,LOF,0.030035076099508888,0.37125084174859196,0.5987140821518991
25654,LOF,0.011679227784120436,0.1459535103663714,0.8423672618495082
25655,LOF,0.055458417891263025,0.39890699832079596,0.5456345837879409
25656,LOF,0.18680646347198146,0.034091539711356846,0.7791019968166616
25657,LOF,0.2598038993147303,0.023004829387240192,0.7171912712980294
25658,LOF,0.07346878688318008,0.05981092498780939,0.8667202881290106
25659,LOF,0.39172108143925655,0.05554389413099097,0.5527350244297525
25660,LOF,0.0332917977771416,0.10019490472714948,0.8665132974957089
25661,LOF,0.10437417687395263,0.06794985553359484,0.8276759675924525
25662,LOF,0.026897158461859166,0.044650202092187494,0.9284526394459535
25663,LOF,0.03528404192789176,0.06617723213571026,0.8985387259363979
25664,LOF,0.03947273033352973,0.07593214693089852,0.8845951227355717
25665,LOF,0.04944835711028559,0.03675054258933345,0.913801100300381
25666,LOF,0.04199128262317087,0.1034462853813356,0.8545624319954935
25667,LOF,0.07308409917510354,0.04923050315976715,0.8776853976651293
25668,LOF,0.02854788893511231,0.05186685019429555,0.9195852608705921
25669,LOF,0.031102847696327977,0.07823736744448262,0.8906597848591895
25670,LOF,0.06257593417260598,0.06153336142548628,0.8758907044019077
25671,LOF,0.09247672002133552,0.04070565910314783,0.8668176208755166
25672,LOF,0.051434599917720786,0.04797963201741011,0.9005857680648691
25673,LOF,0.02620556695325817,0.06130022482051727,0.9124942082262246
25674,LOF,0.020436149636717603,0.07232935954494261,0.9072344908183398
25675,LOF,0.03688064632467191,0.0737583733407326,0.8893609803345955
25676,LOF,0.022247755720798332,0.06080151566551774,0.916950728613684
25677,LOF,0.030136741814978298,0.07694435272982945,0.8929189054551924
25678,LOF,0.18965879601853225,0.05811848429058876,0.752222719690879
25679,LOF,0.148129286464674,0.07914276924471775,0.7727279442906082
25680,LOF,0.037873448809464506,0.1145901550030349,0.8475363961875005
25681,LOF,0.0654681414681126,0.10908999819646685,0.8254418603354207
25682,LOF,0.11875032833079904,0.07852887328506782,0.8027207983841332
25683,LOF,0.08854762419530943,0.11161739096841658,0.7998349848362739
25684,LOF,0.043496898703990323,0.08140640813478892,0.8750966931612207
25685,LOF,0.08022516860895813,0.05656643776233982,0.8632083936287019
25686,LOF,0.03025642889450907,0.0856949070999814,0.8840486640055095
25687,LOF,0.04725979109657818,0.06942697100743958,0.8833132378959823
25688,LOF,0.0438076457427399,0.04217733814331679,0.9140150161139433
25689,LOF,0.03073477108269354,0.048781483931179016,0.9204837449861275
25690,LOF,0.03345177159180895,0.04187191096178944,0.9246763174464016
25691,LOF,0.2622731758102123,0.04728367016463073,0.690443154025157
25692,LOF,0.24354749961564648,0.005722764303540205,0.7507297360808133
25693,LOF,0.08295263185051792,0.25012590499362547,0.6669214631558567
25694,LOF,0.24698040198680019,0.014169800739568651,0.7388497972736312
25695,LOF,0.15927061640251122,0.02547988944325437,0.8152494941542343
25696,LOF,0.10310038752908715,0.013050069866587358,0.8838495426043256
25697,LOF,0.08841619601052186,0.02735998113716918,0.8842238228523089
25698,LOF,0.04897292235408223,0.46866769872624514,0.4823593789196725
25699,LOF,0.0649620539904124,0.08172242210510638,0.8533155239044813
25700,LOF,0.06649876607230275,0.008709087039081723,0.9247921468886156
25701,LOF,0.017562068741870985,0.07199024608418028,0.9104476851739487
25702,GOF,0.028442355005471896,0.7034740495819509,0.26808359541257715
25703,LOF,0.00909688317845637,0.16292114343675607,0.8279819733847876
25704,LOF,0.04740410103058905,0.1512253567277332,0.8013705422416776
25705,LOF,0.060186880657781654,0.2098655537966278,0.7299475655455905
25706,GOF,0.042260047013230405,0.519027360038796,0.43871259294797355
25707,LOF,0.03004215489820856,0.47109924954870197,0.49885859555308937
25708,LOF,0.008987423327507444,0.3892032950674436,0.601809281605049
25709,LOF,0.05947803895572255,0.05636372390079688,0.8841582371434806
25710,LOF,0.00592403057205061,0.16357767351129812,0.8304982959166511
25711,LOF,0.02073094384231073,0.113320467689804,0.8659485884678852
25712,LOF,0.007896480617164971,0.17506841235126142,0.8170351070315737
25713,LOF,0.01880092583284566,0.09752316542107246,0.8836759087460819
25714,LOF,0.07388597258430044,0.12178541911301112,0.8043286083026885
25715,LOF,0.013983737438850077,0.12334142512081112,0.8626748374403389
25716,LOF,0.007032067882542917,0.1048045016359452,0.8881634304815119
25717,LOF,0.006059019739904014,0.09456189920935199,0.899379081050744
25718,LOF,0.014670777545436822,0.07984671361980654,0.9054825088347567
25719,LOF,0.02419512921708772,0.08663325419532197,0.8891716165875904
25720,LOF,0.024583350324047123,0.0764643743934282,0.8989522752825246
25721,LOF,0.016796215946086608,0.10317962988410206,0.8800241541698114
25722,LOF,0.014504643986833102,0.12059807168808483,0.8648972843250821
25723,LOF,0.020847752130376648,0.06634041418853093,0.9128118336810924
25724,LOF,0.021182657363558986,0.09828246764410799,0.880534874992333
25725,LOF,0.014634623691866747,0.07535772973679651,0.9100076465713367
25726,LOF,0.012535350363319696,0.09595991391669914,0.8915047357199812
25727,LOF,0.01517943589826547,0.08536497470236733,0.8994555893993672
25728,LOF,0.013230769111982916,0.10543117508551003,0.881338055802507
25729,LOF,0.013671519656666768,0.10888090136548496,0.8774475789778484
25730,LOF,0.014239172197660023,0.09189391030269722,0.8938669174996428
25731,LOF,0.008004351703148492,0.13877248858807123,0.8532231597087803
25732,LOF,0.014045391808131094,0.09576590998312863,0.8901886982087402
25733,LOF,0.01973340484981634,0.07926367654751569,0.901002918602668
25734,LOF,0.005676564166768756,0.1361315064929963,0.8581919293402348
25735,LOF,0.016228941405298486,0.07936640730429743,0.904404651290404
25736,LOF,0.014997457015657984,0.11408955205652442,0.8709129909278175
25737,LOF,0.024767743438349043,0.09200947684087599,0.8832227797207749
25738,LOF,0.01594681963713287,0.13544752152953285,0.8486056588333343
25739,LOF,0.023155925422775517,0.1073621601045875,0.869481914472637
25740,LOF,0.032895621789571665,0.12561717151808838,0.8414872066923399
25741,LOF,0.018376858510869468,0.1074221475529,0.8742009939362305
25742,LOF,0.12337912731361213,0.09728151533610749,0.7793393573502804
25743,LOF,0.015964798362872967,0.035917298318401306,0.9481179033187256
25744,LOF,0.23139338508567922,0.30093459127099675,0.46767202364332394
25745,LOF,0.02859418202726027,0.046283615188401836,0.9251222027843378
25746,LOF,0.016335437669621904,0.05718080156142758,0.9264837607689506
25747,LOF,0.028008112501671643,0.03378603439108169,0.9382058531072467
25748,LOF,0.14504913745175954,0.052854602092190804,0.8020962604560498
25749,LOF,0.015830423600734018,0.045402850942449995,0.9387667254568159
25750,LOF,0.03074254890959496,0.06799993472183799,0.901257516368567
25751,LOF,0.11514275959584717,0.05325059050844307,0.8316066498957098
25752,GOF,0.10311640954766911,0.6293488366639716,0.2675347537883593
25753,LOF,0.007332655477709204,0.3535325685126797,0.6391347760096111
25754,GOF,0.0046549150928498675,0.8496094733702154,0.14573561153693476
25755,LOF,0.009424687912044734,0.42907497227160557,0.5615003398163497
25756,LOF,0.04022462166717082,0.4264774120620725,0.5332979662707568
25757,GOF,0.005394063218331174,0.867201603327432,0.12740433345423688
25758,GOF,0.005960475326387506,0.8619108793479962,0.13212864532561627
25759,GOF,0.0045544177198219285,0.5608117244205413,0.4346338578596367
25760,LOF,0.0043319888257495175,0.3155210066619608,0.6801470045122896
25761,GOF,0.0335554498209197,0.8418535936645766,0.12459095651450376
25762,LOF,0.025987627333110053,0.3343523020670104,0.6396600705998796
25763,LOF,0.005543537274615334,0.2584696654862789,0.7359867972391057
25764,GOF,0.1361584291425319,0.5631919732254823,0.3006495976319858
25765,GOF,0.009758609882834309,0.7855083085266439,0.20473308159052173
25766,GOF,0.015238969541342587,0.7926659859990658,0.19209504445959147
25767,LOF,0.02106561213051844,0.4819636738193964,0.49697071405008525
25768,LOF,0.08154734610863418,0.06874225815446865,0.8497103957368972
25769,LOF,0.07552837057098655,0.045707550949949084,0.8787640784790645
25770,LOF,0.23319223678599363,0.05412356802958414,0.7126841951844223
25771,LOF,0.011676052259462737,0.056880901197945775,0.9314430465425915
25772,LOF,0.017283521776294344,0.023018189913687776,0.9596982883100179
25773,LOF,0.009796218235453373,0.09672067348216432,0.8934831082823823
25774,LOF,0.02297569995622968,0.06288108907428833,0.9141432109694819
25775,LOF,0.013421842125041519,0.042852297759642985,0.9437258601153155
25776,LOF,0.08578145906847592,0.0187647929735949,0.8954537479579291
25777,LOF,0.27902067855218665,0.03273106808768433,0.688248253360129
25778,LOF,0.06977543543680416,0.03380758236907247,0.8964169821941234
25779,GOF,0.05398893738430797,0.8690393147609651,0.07697174785472703
25780,GOF,0.05402276730843802,0.8557719633895033,0.09020526930205863
25781,GOF,0.022281803794915754,0.833686047226583,0.14403214897850122
25782,GOF,0.02790552491142673,0.8824957562710778,0.08959871881749543
25783,GOF,0.012712351161768255,0.6640086854367308,0.323278963401501
25784,GOF,0.1179412885943221,0.8218772184760176,0.06018149292966028
25785,GOF,0.0753776831868308,0.8659584969278464,0.05866381988532268
25786,GOF,0.004885255659034218,0.79095801875556,0.20415672558540565
25787,GOF,0.1887363331448454,0.7671600714169466,0.04410359543820795
25788,LOF,0.04197137200698705,0.12827672341696847,0.8297519045760445
25789,GOF,0.030602816312233477,0.8072039975991996,0.16219318608856687
25790,GOF,0.038092453705640766,0.8478178873686516,0.11408965892570763
25791,GOF,0.025560469194058705,0.7796166446493802,0.1948228861565611
25792,GOF,0.0429755980830102,0.7820218791213674,0.17500252279562234
25793,GOF,0.09842101403229356,0.7714286426347978,0.13015034333290865
25794,GOF,0.09251468900767619,0.661862516965559,0.2456227940267648
25795,GOF,0.02534247926016741,0.7327039431536818,0.24195357758615074
25796,GOF,0.1378931332866689,0.7277222612727189,0.1343846054406121
25797,GOF,0.03140883570746452,0.5911320863206597,0.3774590779718758
25798,GOF,0.0030722112576869135,0.5472741052457493,0.4496536834965639
25799,LOF,0.002849358258143166,0.43074885927734213,0.5664017824645147
25800,GOF,0.009722704905346347,0.6241165632550914,0.3661607318395624
25801,GOF,0.027025482928557942,0.8069077898569378,0.16606672721450427
25802,GOF,0.016232627177187584,0.7417018668738661,0.2420655059489462
25803,GOF,0.00939186477947155,0.6236390393918615,0.36696909582866694
25804,GOF,0.010107094155094863,0.5168448187609878,0.4730480870839173
25805,GOF,0.019738026526218155,0.5946609485826613,0.3856010248911205
25806,GOF,0.016910333918355894,0.6541289673664903,0.3289606987151537
25807,GOF,0.004836211502434355,0.643103882466959,0.35205990603060666
25808,GOF,0.013974640992541145,0.640178210613944,0.3458471483935149
25809,GOF,0.005325894588007849,0.621399650934229,0.37327445447776314
25810,GOF,0.004634745095102587,0.6348410638020272,0.36052419110287026
25811,GOF,0.07782380839240924,0.8188429962155617,0.10333319539202906
25812,GOF,0.013097449398820848,0.6381878137987542,0.3487147368024249
25813,GOF,0.10207721711609265,0.7349781326441733,0.1629446502397339
25814,GOF,0.027109532487121744,0.7086446254403411,0.264245842072537
25815,GOF,0.04050291382882307,0.7374047782313988,0.22209230793977802
25816,GOF,0.008052830537030748,0.8009082839289163,0.19103888553405296
25817,GOF,0.07119695058984224,0.7587168132727636,0.17008623613739413
25818,GOF,0.02067327527116448,0.7304758636079639,0.2488508611208715
25819,GOF,0.06921183297306475,0.7339635989784762,0.1968245680484589
25820,GOF,0.032025600974185935,0.7236523064542016,0.24432209257161241
25821,GOF,0.01728791188925212,0.7136825956987769,0.2690294924119709
25822,GOF,0.033633628867452005,0.7234821024896796,0.24288426864286833
25823,GOF,0.010927321028111638,0.5622247935118708,0.4268478854600175
25824,GOF,0.021082667408771374,0.6931848242795567,0.28573250831167174
25825,GOF,0.011306331717451806,0.6729710557144885,0.3157226125680598
25826,GOF,0.005047720483591364,0.6296438395396804,0.36530843997672807
25827,GOF,0.007966463099649792,0.6396568558927662,0.3523766810075839
25828,GOF,0.004770922898564058,0.5795465175438871,0.41568255955754885
25829,GOF,0.0026840805404511133,0.6214677059566551,0.3758482135028937
25830,LOF,0.02758322166774078,0.37522339992379067,0.5971933784084685
25831,GOF,0.035342622229030826,0.8286878376601776,0.1359695401107915
25832,GOF,0.008174168379252745,0.7463341293298948,0.24549170229085232
25833,GOF,0.026161138722263496,0.7940445866967939,0.17979427458094263
25834,GOF,0.007672609799393396,0.7550153920487236,0.23731199815188309
25835,GOF,0.016944720535130544,0.8110480323840297,0.17200724708083975
25836,GOF,0.006337581145230495,0.7566141415431868,0.23704827731158257
25837,GOF,0.006164569180544381,0.6495726432392573,0.3442627875801983
25838,GOF,0.018926605487421307,0.8278785981799245,0.15319479633265423
25839,GOF,0.037422309588844654,0.8040835773259681,0.1584941130851871
25840,GOF,0.038055816894254114,0.8291566728176223,0.13278751028812347
25841,GOF,0.03494565999721596,0.8438466705241893,0.12120766947859475
25842,GOF,0.023913344237983854,0.8627300075290182,0.1133566482329981
25843,GOF,0.02531767800417568,0.8769496947664651,0.09773262722935923
25844,GOF,0.01515059852000743,0.7783099967561246,0.2065394047238679
25845,GOF,0.005270313081156723,0.5709634285593551,0.4237662583594881
25846,GOF,0.02767710085268768,0.8386414825466841,0.13368141660062824
25847,GOF,0.01733113588360273,0.8792092264104058,0.10345963770599148
25848,GOF,0.015481281531403518,0.8338186108621256,0.15070010760647085
25849,GOF,0.0049236750891846195,0.7080251566988233,0.28705116821199217
25850,GOF,0.006664169173010637,0.7111108726987915,0.28222495812819787
25851,GOF,0.005687188625826592,0.5956373701884986,0.3986754411856748
25852,GOF,0.15970507334225453,0.5442953031699308,0.2959996234878146
25853,GOF,0.07549444834543897,0.8168463568180684,0.10765919483649258
25854,GOF,0.010064403954826573,0.6430970820120885,0.34683851403308485
25855,GOF,0.012964256376285255,0.6086334563356984,0.37840228728801617
25856,GOF,0.03604875073761378,0.7261139263464265,0.23783732291595966
25857,GOF,0.01479480814650795,0.5678650010260878,0.41734019082740414
25858,GOF,0.008288514421125659,0.5720134938881666,0.41969799169070776
25859,GOF,0.005212371936707577,0.550128200404085,0.4446594276592074
25860,GOF,0.07267927680855762,0.7882677522304441,0.13905297096099814
25861,GOF,0.11686636611067122,0.785728530479903,0.09740510340942567
25862,GOF,0.020111906879651063,0.8409630003798586,0.1389250927404904
25863,GOF,0.01824401365231511,0.8485026320382695,0.13325335430941543
25864,GOF,0.04119565222254258,0.8594192229861223,0.09938512479133509
25865,GOF,0.02798063528692949,0.835397057633735,0.1366223070793357
25866,GOF,0.02100589745859488,0.8323440507861959,0.1466500517552092
25867,GOF,0.02378027480354452,0.8575048907946269,0.11871483440182859
25868,GOF,0.049977055599747515,0.807046842882049,0.14297610151820356
25869,GOF,0.3152488340490906,0.5939125170782938,0.09083864887261543
25870,GOF,0.20254761131935295,0.5276315183492103,0.2698208703314367
25871,GOF,0.021507090522794127,0.849123075678649,0.1293698337985569
25872,GOF,0.018356325951390633,0.822159730027807,0.15948394402080238
25873,GOF,0.01818502243156766,0.8515319864368344,0.13028299113159802
25874,LOF,0.016309948769843863,0.13904406008309525,0.8446459911470608
25875,LOF,0.03557709396332228,0.03195987301151232,0.9324630330251654
25876,LOF,0.016216427274523035,0.0280585252371964,0.9557250474882806
25877,LOF,0.13690815778066864,0.05427287093959326,0.8088189712797381
25878,LOF,0.05978080804012408,0.07062603531291105,0.8695931566469649
25879,LOF,0.023184951465784077,0.05811540970646353,0.9186996388277523
25880,LOF,0.045934290170833156,0.008989162806959976,0.9450765470222069
25881,Neutral,0.5891393889251821,0.06255412232135815,0.34830648875345976
25882,LOF,0.02294873887313121,0.04589369694325282,0.9311575641836161
25883,LOF,0.054289083570463983,0.028999717743181174,0.9167111986863549
25884,LOF,0.011712064526331608,0.05878231507292657,0.9295056204007418
25885,LOF,0.19916865987416899,0.010031458861110154,0.7907998812647208
25886,LOF,0.20440131645966678,0.05875641724226631,0.736842266298067
25887,LOF,0.15653266694920512,0.07402833422900641,0.7694389988217885
25888,LOF,0.012963408225701623,0.1516157002419115,0.8354208915323869
25889,LOF,0.015798702525788348,0.041464609045221305,0.9427366884289903
25890,LOF,0.12684901132456508,0.09900301182764772,0.7741479768477872
25891,LOF,0.05046849129966796,0.04309985992902872,0.9064316487713033
25892,LOF,0.010845012192651977,0.04941297938204568,0.9397420084253023
25893,LOF,0.38995432962686916,0.01457646370891043,0.5954692066642204
25894,LOF,0.4423931894181293,0.007246945002019874,0.5503598655798508
25895,LOF,0.37111822935873584,0.014615010903636403,0.6142667597376279
25896,LOF,0.04430637354588966,0.028515710031316362,0.927177916422794
25897,LOF,0.2022608031046761,0.0145869545838382,0.7831522423114857
25898,LOF,0.23792185879802538,0.04219680138941505,0.7198813398125595
25899,LOF,0.22600545468492056,0.030711980733204438,0.743282564581875
25900,LOF,0.4627630290122593,0.01239078713774267,0.524846183849998
25901,LOF,0.04533805236147088,0.01136656493133116,0.9432953827071979
25902,LOF,0.09900172555465983,0.020612210724903702,0.8803860637204365
25903,LOF,0.34118019627532215,0.03878534694484379,0.6200344567798342
25904,LOF,0.4712624377972608,0.04044154599707289,0.4882960162056663
25905,LOF,0.007186399274177002,0.39924438789075284,0.5935692128350702
25906,LOF,0.0076203231904125365,0.11810282427734031,0.8742768525322472
25907,LOF,0.004356292141311737,0.3504294845923729,0.6452142232663154
25908,LOF,0.0038102011374700766,0.2453528201029124,0.7508369787596174
25909,LOF,0.015014249203605562,0.16133121891490704,0.8236545318814874
25910,LOF,0.017231669820783776,0.13553843100630736,0.8472298991729088
25911,LOF,0.16013283639488718,0.02643624068011005,0.8134309229250027
25912,LOF,0.06691618223879879,0.046017707457751966,0.8870661103034493
25913,LOF,0.06346423509405438,0.04835131458356681,0.8881844503223788
25914,LOF,0.021984397511810447,0.056607423480143325,0.9214081790080463
25915,LOF,0.13305176305936978,0.24824611121955303,0.6187021257210772
25916,LOF,0.02018519113957044,0.16625315592825984,0.8135616529321696
25917,LOF,0.05655507547539378,0.04056182398585487,0.9028831005387513
25918,LOF,0.027006128162915533,0.03555707613686374,0.9374367957002208
25919,LOF,0.023225073939183282,0.03502991445247391,0.9417450116083428
25920,LOF,0.11225333622866698,0.2047722877155001,0.6829743760558329
25921,LOF,0.010337139335539083,0.034944814736818826,0.9547180459276421
25922,LOF,0.012377699831841702,0.027691157618747825,0.9599311425494105
25923,LOF,0.41994700976474625,0.03817858109997336,0.5418744091352804
25924,LOF,0.018501402134144394,0.044554895516730496,0.936943702349125
25925,LOF,0.07648020164528478,0.043826619253765325,0.8796931791009499
25926,LOF,0.05230090930401144,0.03978756671979329,0.9079115239761953
25927,LOF,0.020946349034236148,0.06086933500915041,0.9181843159566134
25928,LOF,0.008129838336977183,0.05202198996653773,0.9398481716964852
25929,Neutral,0.49927324937792456,0.035505591390823266,0.4652211592312522
25930,LOF,0.08656431189126029,0.032446619169823686,0.880989068938916
25931,LOF,0.010444021176032955,0.035616533611456176,0.953939445212511
25932,LOF,0.03426474555156417,0.028547980057348942,0.9371872743910868
25933,LOF,0.042167834351079944,0.01824090265631673,0.9395912629926032
25934,LOF,0.027808830135481653,0.018708477712647113,0.9534826921518712
25935,LOF,0.07098795530844997,0.05149816888064169,0.8775138758109085
25936,LOF,0.04159018934149927,0.02009183294439895,0.9383179777141017
25937,LOF,0.009807872594244278,0.03835916043168815,0.9518329669740675
25938,LOF,0.0644673958739595,0.06058510976807161,0.8749474943579688
25939,LOF,0.033789550769094415,0.02215406744695309,0.9440563817839525
25940,LOF,0.00807564723021619,0.371454493686771,0.6204698590830129
25941,Neutral,0.5319797296506483,0.024031629792225454,0.44398864055712617
25942,LOF,0.0050022364164061745,0.04190724301530596,0.9530905205682879
25943,LOF,0.032249780946816554,0.14336184760331744,0.824388371449866
25944,LOF,0.11227200330293124,0.06583776824394941,0.8218902284531193
25945,LOF,0.05478285379402539,0.01858796016739297,0.9266291860385817
25946,LOF,0.07557795826061223,0.05795055792709225,0.8664714838122954
25947,Neutral,0.50418186471003,0.07466519562639332,0.4211529396635766
25948,LOF,0.33684646628224224,0.009543751392261634,0.6536097823254963
25949,LOF,0.09859189659966433,0.05219156226281466,0.8492165411375211
25950,GOF,0.045237557776424596,0.5865413066513441,0.36822113557223135
25951,LOF,0.015859528689730923,0.3995415612164176,0.5845989100938515
25952,LOF,0.269000077381312,0.27243411583968585,0.4585658067790022
25953,LOF,0.011920588349354416,0.1716703685901098,0.8164090430605357
25954,LOF,0.04310693406013484,0.440394681696992,0.5164983842428731
25955,LOF,0.009293286613374804,0.1469343335135694,0.8437723798730558
25956,LOF,0.02399620641489713,0.29575046971233415,0.6802533238727688
25957,LOF,0.19998202891448444,0.035301862683682524,0.764716108401833
25958,LOF,0.053813787422538534,0.030852139748881482,0.91533407282858
25959,GOF,0.013210481538446206,0.4939385778604243,0.49285094060112955
25960,LOF,0.005538870386502823,0.05368684817985623,0.9407742814336408
25961,LOF,0.05275831278428068,0.028921339206626814,0.9183203480090925
25962,LOF,0.03686006810184871,0.08532538499173031,0.8778145469064209
25963,LOF,0.005620133533337251,0.2655739677314298,0.7288058987352329
25964,LOF,0.02978720734488727,0.11377756467861157,0.8564352279765012
25965,LOF,0.31319421590176877,0.1346348698320144,0.5521709142662169
25966,Neutral,0.44788643032967695,0.164951122734918,0.3871624469354052
25967,LOF,0.0057407073698538145,0.08519625598262119,0.9090630366475251
25968,LOF,0.04346175003555717,0.28632250103042933,0.6702157489340135
25969,LOF,0.11963584544819546,0.07897051492683474,0.8013936396249698
25970,LOF,0.019771899504498796,0.09866428016133745,0.8815638203341637
25971,LOF,0.0692431102161152,0.02929172809900049,0.9014651616848842
25972,LOF,0.058844767348620854,0.040855427882959726,0.9002998047684194
25973,LOF,0.0544759922710693,0.012651599635241149,0.9328724080936894
25974,LOF,0.041974250040193235,0.04497479414308942,0.9130509558167174
25975,LOF,0.04141609276894262,0.027199038404246506,0.9313848688268108
25976,LOF,0.11035325179597728,0.01365946294865427,0.8759872852553685
25977,LOF,0.20218617665389235,0.05643122392805981,0.7413825994180478
25978,LOF,0.1427511302293237,0.12168848354125657,0.7355603862294198
25979,LOF,0.1249954987459775,0.13988017577318188,0.7351243254808406
25980,LOF,0.246423856387589,0.1483453486709802,0.6052307949414308
25981,LOF,0.2470527048008721,0.14978540647840707,0.6031618887207207
25982,LOF,0.40001944869355927,0.10135343566318356,0.4986271156432571
25983,LOF,0.40382106459804107,0.11539686491114017,0.4807820704908187
25984,LOF,0.03384653195980191,0.06996960682810292,0.8961838612120951
25985,LOF,0.39181246964889943,0.13766127565687325,0.4705262546942272
25986,LOF,0.011122623750287606,0.44912264133614727,0.5397547349135652
25987,LOF,0.03762662246876937,0.1169398653428255,0.8454335121884051
25988,LOF,0.12925960593635943,0.1274245648932637,0.7433158291703769
25989,LOF,0.03753057288518989,0.1705200108998352,0.7919494162149748
25990,LOF,0.038289520308536,0.25629684541271336,0.7054136342787507
25991,LOF,0.0197594858902596,0.3737784944843741,0.6064620196253663
25992,LOF,0.02461105069728949,0.38310939374317865,0.5922795555595318
25993,LOF,0.021922696308052242,0.09108278556603576,0.886994518125912
25994,LOF,0.017263844675157295,0.08250087261166232,0.9002352827131803
25995,LOF,0.01749934292105307,0.17222463456855236,0.8102760225103944
25996,LOF,0.3063340706217215,0.28805894219371064,0.40560698718456784
25997,LOF,0.08016391225203957,0.3137545585129345,0.606081529235026
25998,LOF,0.30797088807615414,0.0575647434474899,0.634464368476356
25999,LOF,0.020707557748175922,0.2306598699760043,0.7486325722758198
26000,LOF,0.1429045317235547,0.031047213181681833,0.8260482550947634
26001,LOF,0.28167072009959737,0.025947808847197697,0.6923814710532048
26002,LOF,0.0645339963230509,0.05095957488629413,0.884506428790655
26003,GOF,0.0038281541379922924,0.6259033815351923,0.37026846432681537
26004,GOF,0.005968132259099424,0.7131736791534541,0.28085818858744654
26005,GOF,0.003064785130026421,0.515449309025039,0.4814859058449345
26006,GOF,0.07870417015890147,0.6299699751553228,0.2913258546857758
26007,GOF,0.0061826005481609055,0.5988352088372935,0.39498219061454565
26008,GOF,0.00528815605306493,0.6712463487141102,0.32346549523282486
26009,GOF,0.0057190488145397725,0.6558475222113425,0.3384334289741179
26010,GOF,0.006666478011954877,0.6967342545010201,0.29659926748702503
26011,GOF,0.0026990590125969506,0.4988348425200686,0.49846609846733453
26012,GOF,0.003616163291059634,0.5683446294524581,0.42803920725648237
26013,GOF,0.004745420215950079,0.6203693681525803,0.37488521163146965
26014,LOF,0.04175922205722745,0.09644720457850799,0.8617935733642645
26015,LOF,0.13329697445112396,0.018028701867680682,0.8486743236811953
26016,LOF,0.28300325819867383,0.031959657623363454,0.6850370841779627
26017,LOF,0.024026470795669785,0.17557170100059286,0.8004018282037373
26018,LOF,0.05046804321617813,0.036134127182077994,0.9133978296017438
26019,LOF,0.04931852185818664,0.03307910947543659,0.9176023686663767
26020,LOF,0.008681835171020034,0.18309426587736347,0.8082238989516165
26021,LOF,0.06798381284388295,0.064835250415302,0.8671809367408151
26022,LOF,0.03134442386173122,0.024265282907574084,0.9443902932306947
26023,LOF,0.04218400970017555,0.02204201296449814,0.9357739773353264
26024,LOF,0.04156155614458581,0.06658202981870173,0.8918564140367125
26025,LOF,0.05148577930613071,0.07306544831480853,0.8754487723790608
26026,LOF,0.09437594101776908,0.054456477259246766,0.8511675817229842
26027,LOF,0.04701453880499592,0.018512195438360014,0.9344732657566441
26028,LOF,0.08741727376175078,0.14006629222532127,0.772516434012928
26029,LOF,0.021725478176304977,0.23127517121258065,0.7469993506111143
26030,LOF,0.1486153161288626,0.029581713412217246,0.82180297045892
26031,LOF,0.013378636349028594,0.1719218872622605,0.8146994763887109
26032,LOF,0.06509262602571061,0.0757113399415572,0.8591960340327323
26033,LOF,0.08332669524969591,0.07022239687098066,0.8464509078793234
26034,LOF,0.015111205078447706,0.1897110882539579,0.7951777066675944
26035,LOF,0.013712177175634927,0.13870330079960888,0.8475845220247561
26036,LOF,0.015327008207925479,0.1743095295953153,0.8103634621967593
26037,LOF,0.012383858317496044,0.12206979727934372,0.8655463444031603
26038,LOF,0.05441528563241578,0.06818617284689638,0.8773985415206879
26039,LOF,0.025105267952088537,0.16770955728222137,0.8071851747656902
26040,LOF,0.10927025401240305,0.17080906457264267,0.7199206814149542
26041,LOF,0.015140482877331595,0.1067588365352244,0.878100680587444
26042,LOF,0.013787387665401092,0.10930767693652285,0.876904935398076
26043,LOF,0.052581558554450805,0.08878210429345436,0.8586363371520949
26044,LOF,0.011315754948989638,0.06580498496725638,0.922879260083754
26045,LOF,0.04612327146911286,0.12546242320912462,0.8284143053217625
26046,LOF,0.048682870307107044,0.0714840372948745,0.8798330923980184
26047,LOF,0.08355455489430397,0.06730407179101544,0.8491413733146805
26048,LOF,0.04417229297579202,0.04397598278316705,0.911851724241041
26049,Neutral,0.9621581338420296,0.006807167121681869,0.03103469903628848
26050,Neutral,0.9499355435904262,0.007173766216171135,0.04289069019340266
26051,LOF,0.01233850682463774,0.15750556448404116,0.8301559286913212
26052,LOF,0.01860236532670772,0.2213170112092198,0.7600806234640725
26053,LOF,0.024476061637657837,0.13410823493864946,0.8414157034236928
26054,LOF,0.04156640154158275,0.020607025715580672,0.9378265727428367
26055,LOF,0.052374412599964316,0.019379237802974857,0.9282463495970608
26056,LOF,0.0454690255475659,0.022878161073213665,0.9316528133792203
26057,LOF,0.02945441884969491,0.014929829643639208,0.9556157515066658
26058,LOF,0.03031082008477679,0.01312216305789523,0.9565670168573279
26059,LOF,0.32201380466526375,0.020436824106916496,0.6575493712278198
26060,LOF,0.010801941183613887,0.17635655082651952,0.8128415079898667
26061,LOF,0.0050274714933220745,0.015886265724904765,0.9790862627817731
26062,LOF,0.0036944049303922056,0.02263485187423803,0.9736707431953697
26063,LOF,0.02131947373900013,0.013083991773931818,0.9655965344870681
26064,LOF,0.005511986241861969,0.030985265442942063,0.963502748315196
26065,LOF,0.024072892024226362,0.013106033144267188,0.9628210748315066
26066,LOF,0.02253571040611283,0.01280991593479836,0.9646543736590889
26067,LOF,0.02756213665516411,0.011031894146336678,0.9614059691984993
26068,LOF,0.03865419333367483,0.0400743414128695,0.9212714652534557
26069,LOF,0.27530229058373507,0.02239827574889178,0.7022994336673731
26070,LOF,0.4283522234365976,0.01684510899360552,0.5548026675697969
26071,LOF,0.023205681172136144,0.013045201379352342,0.9637491174485115
26072,LOF,0.005067966532126878,0.028096238363974915,0.9668357951038982
26073,LOF,0.021660948284274353,0.01722833431207109,0.9611107174036546
26074,Neutral,0.9148964752905022,0.00698749530250544,0.07811602940699222
26075,LOF,0.037138961966028665,0.018641886586700532,0.9442191514472708
26076,LOF,0.03608300317227062,0.012097549363256712,0.9518194474644728
26077,LOF,0.11758450446006131,0.009537224793579796,0.8728782707463588
26078,LOF,0.005323626924590745,0.01750315475938991,0.9771732183160193
26079,LOF,0.050458474006592424,0.02060426194530498,0.9289372640481025
26080,LOF,0.04825353221812608,0.02066174627534789,0.931084721506526
26081,LOF,0.029070349623835246,0.009507392984856847,0.9614222573913079
26082,LOF,0.004062029563163123,0.018725782374226622,0.9772121880626103
26083,LOF,0.11140677517988737,0.020172452380567987,0.8684207724395446
26084,LOF,0.040917225001041155,0.016640388511876224,0.9424423864870826
26085,LOF,0.03548937174528524,0.014791072799826355,0.9497195554548884
26086,LOF,0.022516494985697737,0.013681855760719792,0.9638016492535825
26087,LOF,0.021813886480070703,0.011288247021011843,0.9668978664989175
26088,LOF,0.0056743526097238015,0.022561124008115593,0.9717645233821606
26089,LOF,0.03478465184201147,0.026024237916563445,0.9391911102414251
26090,LOF,0.03531685481621574,0.02088776266907368,0.9437953825147105
26091,LOF,0.027485962123540677,0.008475865171870092,0.9640381727045892
26092,LOF,0.02312272199965693,0.009691673419966424,0.9671856045803766
26093,LOF,0.0402764795884762,0.008012461373809714,0.9517110590377141
26094,LOF,0.031787880111705406,0.008090745826819073,0.9601213740614755
26095,LOF,0.017568703985017222,0.020047705249053867,0.9623835907659288
26096,LOF,0.16233279731352893,0.007390354119239503,0.8302768485672316
26097,LOF,0.004449829732329073,0.04218969601368786,0.953360474253983
26098,LOF,0.06648527549251228,0.019631682352673433,0.9138830421548142
26099,LOF,0.02184837464938298,0.016571158377097057,0.96158046697352
26100,LOF,0.02184837464938298,0.016571158377097057,0.96158046697352
26101,LOF,0.05550332363096934,0.02258710372846469,0.921909572640566
26102,LOF,0.020872719415843382,0.016815296411166743,0.96231198417299
26103,Neutral,0.8404044999382236,0.02459838427004348,0.13499711579173293
26104,LOF,0.05835923129591529,0.026772122743160306,0.9148686459609243
26105,LOF,0.2407770647651051,0.17036831824607654,0.5888546169888182
26106,LOF,0.3701198298523649,0.13911745686974716,0.49076271327788795
26107,LOF,0.017168898059823755,0.12491047532793473,0.8579206266122416
26108,LOF,0.3458634963243872,0.044338241310130935,0.6097982623654818
26109,LOF,0.03916207449257588,0.05916705338105261,0.9016708721263715
26110,LOF,0.20961106709049515,0.007319178261330316,0.7830697546481745
26111,LOF,0.06684936544453837,0.08191965642439406,0.8512309781310676
26112,LOF,0.036950656411002016,0.007817102639217073,0.955232240949781
26113,LOF,0.05945773064047434,0.017842093452759517,0.9227001759067661
26114,LOF,0.07872812603841825,0.011180525947656752,0.910091348013925
26115,LOF,0.016221254673408937,0.07222340916496423,0.9115553361616268
26116,LOF,0.10625174417646549,0.04435012722882235,0.8493981285947122
26117,LOF,0.39958781331306775,0.03524182147380474,0.5651703652131276
26118,LOF,0.03287394509576968,0.017796270509837814,0.9493297843943926
26119,LOF,0.0049288923046647195,0.041700957520841464,0.9533701501744938
26120,LOF,0.026273154694996595,0.016659958173197917,0.9570668871318054
