feature0,prediction,LoGoFunc_Neutral,LoGoFunc_GOF,LoGoFunc_LOF
25546,Neutral,0.6607421757034987,0.03520509663820967,0.3040527276582917
25547,Neutral,0.5484794791464961,0.07048492817822054,0.38103559267528336
25548,Neutral,0.5149746117130368,0.049133666023383656,0.4358917222635795
25549,Neutral,0.4876435257178069,0.04887121747690242,0.46348525680529057
25550,LOF,0.4145146819101531,0.09181073182869257,0.4936745862611544
25551,LOF,0.35051389355359447,0.09003519628259458,0.559450910163811
25552,LOF,0.1936640017698785,0.09941072574393167,0.7069252724861899
25553,Neutral,0.8202494848193106,0.02818660561584444,0.15156390956484495
25554,LOF,0.2394554679218614,0.09350464828408755,0.667039883794051
25555,LOF,0.18725043685336218,0.0889487790992669,0.723800784047371
25556,Neutral,0.5236162113055944,0.06352680770777144,0.41285698098663404
25557,LOF,0.18450381180341238,0.09050232241741554,0.724993865779172
25558,LOF,0.238911718665581,0.09855070311189883,0.6625375782225202
25559,LOF,0.3637409091772452,0.07610113272402917,0.5601579580987256
25560,LOF,0.04568880760889612,0.22663717836408656,0.7276740140270174
25561,LOF,0.08549362279593747,0.2519798555548067,0.6625265216492559
25562,LOF,0.10923878180773085,0.11619254212500495,0.7745686760672641
25563,LOF,0.10608116547634969,0.12166542455852826,0.7722534099651222
25564,LOF,0.11770122212283556,0.2481777716445365,0.634121006232628
25565,LOF,0.12781967211899728,0.22396060613469945,0.6482197217463033
25566,GOF,0.014220582153755544,0.7425910917676484,0.2431883260785961
25567,LOF,0.01407064468008665,0.1243020745710028,0.8616272807489106
25568,LOF,0.05365395555247645,0.06261148764664207,0.8837345568008815
25569,LOF,0.06700983979781926,0.06139443112089462,0.871595729081286
25570,LOF,0.06302990441824358,0.09529642451638233,0.841673671065374
25571,LOF,0.06093045042926481,0.08161881392273976,0.8574507356479955
25572,LOF,0.06732801579270384,0.12093469505015089,0.8117372891571453
25573,LOF,0.02931924564007298,0.0767972037795404,0.8938835505803867
25574,LOF,0.017809856519143002,0.12813554264118573,0.8540546008396712
25575,LOF,0.052831297367020004,0.08696522325592825,0.8602034793770517
25576,LOF,0.020891550320551466,0.09587901038231679,0.8832294392971318
25577,LOF,0.01439321935822793,0.1330084882363872,0.8525982924053849
25578,LOF,0.24847335175137844,0.07093295707947982,0.6805936911691418
25579,LOF,0.2503228356330184,0.07053065721287732,0.6791465071541044
25580,LOF,0.0373599004527929,0.08045645269616006,0.882183646851047
25581,LOF,0.05446102732133347,0.06508453862845792,0.8804544340502086
25582,LOF,0.05397827314313926,0.06265394571631253,0.8833677811405481
25583,LOF,0.04504727963445571,0.08018819722488403,0.8747645231406602
25584,Neutral,0.47885630616205654,0.07165049424783204,0.44949319959011136
25585,LOF,0.031019760917775054,0.09740248878437578,0.8715777502978492
25586,LOF,0.04012528989343655,0.0658641442342518,0.8940105658723115
25587,LOF,0.03581634160239617,0.06190715915678566,0.9022764992408181
25588,LOF,0.03781663337438685,0.0785226398131066,0.8836607268125066
25589,Neutral,0.5901940652993324,0.08924395537067761,0.32056197932999003
25590,LOF,0.028302373470462452,0.1163248909820386,0.8553727355474989
25591,LOF,0.11930643591124296,0.051826897436339656,0.8288666666524174
25592,LOF,0.11219211296884912,0.10457650500535821,0.7832313820257926
25593,LOF,0.017234320523229547,0.1975613231343164,0.7852043563424541
25594,LOF,0.03696480232616566,0.16800603855603644,0.7950291591177978
25595,LOF,0.06952858504242973,0.12683987900117105,0.8036315359563992
25596,LOF,0.08375259571338409,0.09950792343176071,0.8167394808548553
25597,LOF,0.07416195292121217,0.053979228144373406,0.8718588189344145
25598,LOF,0.04930203631346138,0.16603086005843587,0.7846671036281028
25599,GOF,0.007206740797363386,0.6667441876485506,0.32604907155408613
25600,GOF,0.008184600669546115,0.566586611142068,0.4252287881883858
25601,LOF,0.007263742840232378,0.4238714369156715,0.5688648202440962
25602,LOF,0.013524208102852141,0.09110489330330589,0.895370898593842
25603,LOF,0.035471352693793506,0.04187973443674137,0.9226489128694652
25604,LOF,0.034299127958288565,0.08617350525104236,0.879527366790669
25605,LOF,0.009962041649925136,0.2803165310816724,0.7097214272684024
25606,GOF,0.05158423435023175,0.5860888065293596,0.36232695912040863
25607,LOF,0.0036712892111622738,0.17893145526489887,0.8173972555239388
25608,LOF,0.04249602409981343,0.04067156691660491,0.9168324089835816
25609,LOF,0.05900338739726073,0.32052658801664374,0.6204700245860956
25610,LOF,0.05402884266308064,0.03764757363379383,0.9083235837031255
25611,LOF,0.06011260460951706,0.030012196593564,0.9098751987969189
25612,LOF,0.13226032334608384,0.0731540109255412,0.794585665728375
25613,LOF,0.11779516186104275,0.06210357420643759,0.8201012639325197
25614,LOF,0.040060314387058274,0.04485601936618773,0.9150836662467541
25615,LOF,0.08797902202744755,0.05188970584536615,0.8601312721271863
25616,LOF,0.04047314022652867,0.051574440012750744,0.9079524197607206
25617,LOF,0.04353838150381797,0.05504849013047002,0.901413128365712
25618,LOF,0.26250908657106836,0.04689543130796211,0.6905954821209696
25619,LOF,0.04133923457643493,0.04410943241055123,0.9145513330130138
25620,LOF,0.03831970131175735,0.052803440253808356,0.9088768584344342
25621,LOF,0.04775743034898306,0.04560949431256156,0.9066330753384553
25622,LOF,0.03772113548157685,0.06559345730104425,0.896685407217379
25623,LOF,0.06531196496709699,0.05112481663229644,0.8835632184006065
25624,LOF,0.03424156899892337,0.054489420022717415,0.9112690109783592
25625,LOF,0.048479819500742746,0.06599719059475119,0.8855229899045062
25626,LOF,0.087612967246493,0.052957983495913234,0.8594290492575938
25627,Neutral,0.5685907817840706,0.09514227792385112,0.33626694029207826
25628,LOF,0.22824873655931008,0.046542587994101305,0.7252086754465886
25629,LOF,0.08749649449583613,0.11531423848901896,0.7971892670151448
25630,LOF,0.20013822298323816,0.0818108208042751,0.7180509562124868
25631,Neutral,0.5935716443493558,0.045909969285218365,0.3605183863654258
25632,LOF,0.01784204127214283,0.0992236796348701,0.882934279092987
25633,LOF,0.20359303660377695,0.10198404260216411,0.694422920794059
25634,LOF,0.03485768212799054,0.09938172800172015,0.8657605898702894
25635,LOF,0.034479904383330554,0.09503055342809644,0.8704895421885729
25636,GOF,0.005681630434332255,0.6745934012350374,0.3197249683306304
25637,GOF,0.00408747177506315,0.5544751919314711,0.4414373362934659
25638,GOF,0.007249368900035089,0.5018184345740768,0.49093219652588804
25639,LOF,0.004333944846598815,0.47736581786444787,0.5183002372889534
25640,GOF,0.4345935225190496,0.5021147381033032,0.0632917393776472
25641,LOF,0.005395480595318014,0.3824967470865178,0.6121077723181642
25642,LOF,0.26345588077626264,0.1334965410866962,0.6030475781370411
25643,LOF,0.26495679582391063,0.30376604023272846,0.4312771639433609
25644,GOF,0.01375571537498247,0.7099893350562657,0.2762549495687518
25645,GOF,0.010511163996294726,0.6559805522013693,0.333508283802336
25646,LOF,0.011048091301648641,0.4858146543285743,0.503137254369777
25647,LOF,0.009369989428886163,0.36285558228332526,0.6277744282877886
25648,LOF,0.007132619218285256,0.43500510476692317,0.5578622760147915
25649,LOF,0.007081633522133026,0.2988473468147159,0.694071019663151
25650,GOF,0.020687781528420934,0.6550043749863486,0.32430784348523056
25651,LOF,0.005741026834195278,0.34772015088185093,0.6465388222839539
25652,LOF,0.010912557373944367,0.441482365565836,0.5476050770602195
25653,GOF,0.044434241666514655,0.614939452932056,0.34062630540142935
25654,LOF,0.00768379705479805,0.4195633998260463,0.5727528031191557
25655,GOF,0.06537870008306439,0.6012151994907486,0.3334061004261869
25656,LOF,0.058999878333578504,0.09548970427748213,0.8455104173889393
25657,LOF,0.2928112173773658,0.04284545608283456,0.6643433265397996
25658,LOF,0.034891856307307505,0.176796211884419,0.7883119318082734
25659,LOF,0.2007582811426536,0.10273500637860268,0.6965067124787436
25660,LOF,0.09911722385626702,0.10179855108717126,0.7990842250565618
25661,LOF,0.07940997362833946,0.07533997597151437,0.8452500504001461
25662,LOF,0.03872562089060984,0.06233830854225985,0.8989360705671303
25663,LOF,0.04424384945791184,0.1039763978746965,0.8517797526673917
25664,LOF,0.031381503789240865,0.134767757930756,0.8338507382800031
25665,LOF,0.044320796063391496,0.06619465568707744,0.8894845482495312
25666,LOF,0.045600573744341864,0.1617809228704716,0.7926185033851866
25667,LOF,0.03988593137629182,0.06025460452868668,0.8998594640950215
25668,LOF,0.05320953901324126,0.05890290566221839,0.8878875553245403
25669,LOF,0.053850512728552874,0.09594796065204804,0.8502015266193991
25670,LOF,0.07640369315293,0.09390744664503169,0.8296888602020384
25671,LOF,0.044513349774184176,0.053911257721116504,0.9015753925046994
25672,LOF,0.05132952264541719,0.07733831130092145,0.8713321660536614
25673,LOF,0.038167455140904985,0.0768250883202582,0.8850074565388368
25674,LOF,0.02694174377495228,0.09315096893403024,0.8799072872910175
25675,LOF,0.034746858330488246,0.07634211446927944,0.8889110272002323
25676,LOF,0.03479601938930889,0.07007547169753321,0.895128508913158
25677,LOF,0.08195648460745221,0.058996809372200414,0.8590467060203474
25678,LOF,0.146477058432725,0.049546198132349124,0.8039767434349259
25679,LOF,0.12907431454053087,0.06479371001872405,0.8061319754407451
25680,LOF,0.08862749505766619,0.0928093800190478,0.8185631249232861
25681,LOF,0.10184595972981421,0.08568892430108657,0.8124651159690992
25682,LOF,0.053017739840300136,0.06299739505503742,0.8839848651046625
25683,LOF,0.08650323263357662,0.08700699056072625,0.8264897768056971
25684,LOF,0.06371899822234064,0.06669224276584511,0.8695887590118143
25685,LOF,0.13353610585741563,0.04754665795403636,0.818917236188548
25686,LOF,0.033965440961138446,0.09695653294426831,0.8690780260945932
25687,LOF,0.06674220688040412,0.09074873640959272,0.8425090567100032
25688,LOF,0.018893447491324947,0.06331617489913996,0.9177903776095351
25689,LOF,0.01782902312931503,0.043159812073358984,0.939011164797326
25690,LOF,0.01698085876943957,0.0460778940742698,0.9369412471562907
25691,LOF,0.10994584372220052,0.06371910766776324,0.8263350486100363
25692,LOF,0.19331567240069758,0.01278736163753627,0.7938969659617662
25693,LOF,0.03651646553714747,0.2460665495094181,0.7174169849534345
25694,LOF,0.24396087755787152,0.015442297266484913,0.7405968251756436
25695,LOF,0.18207653173167093,0.029744941827607816,0.7881785264407212
25696,LOF,0.08117522751995318,0.027370428608646257,0.8914543438714005
25697,LOF,0.14325526655228524,0.043061644354295915,0.8136830890934189
25698,LOF,0.01608695233110337,0.42522220663343047,0.5586908410354661
25699,LOF,0.10124026670310303,0.07932895161782741,0.8194307816790696
25700,LOF,0.03548461242446955,0.017672876215045537,0.9468425113604849
25701,LOF,0.01599107627119195,0.1012784316026819,0.8827304921261261
25702,GOF,0.021093629156727235,0.783283683115277,0.19562268772799585
25703,LOF,0.014423653664478718,0.30721588131527694,0.6783604650202444
25704,LOF,0.09157666449063555,0.23593760714639456,0.6724857283629699
25705,LOF,0.08328212105116989,0.3005762866464882,0.6161415923023419
25706,GOF,0.016082563208534895,0.6754809051513422,0.30843653164012297
25707,GOF,0.024003371038244126,0.5541698658927319,0.421826763069024
25708,GOF,0.007466526309473039,0.5654515264798171,0.4270819472107098
25709,LOF,0.02797154615463412,0.08410732879661544,0.8879211250487505
25710,LOF,0.006157520087980744,0.18012328455876545,0.8137191953532539
25711,LOF,0.027757390781363432,0.15392573358223233,0.8183168756364043
25712,LOF,0.007922601190068884,0.24308107201229176,0.7489963267976394
25713,LOF,0.027898976574272587,0.13233182762275214,0.8397691958029754
25714,LOF,0.025241364102172686,0.17663580824556244,0.7981228276522647
25715,LOF,0.030515782367072534,0.1535694795815916,0.815914738051336
25716,LOF,0.00623593209409689,0.18647605192827663,0.8072880159776266
25717,LOF,0.005614395257420431,0.1792433988146445,0.8151422059279351
25718,LOF,0.027419380477153508,0.1018983827511816,0.8706822367716649
25719,LOF,0.03835659348717817,0.16697564713480859,0.7946677593780131
25720,LOF,0.0388774914449428,0.1387475636532121,0.822374944901845
25721,LOF,0.026608693624074312,0.12349426073375029,0.8498970456421755
25722,LOF,0.01929593580291866,0.1697853592525608,0.8109187049445205
25723,LOF,0.030560171429513987,0.1420629429364844,0.8273768856340016
25724,LOF,0.03082402387390966,0.2434419053142742,0.7257340708118161
25725,LOF,0.03191594015764314,0.11154537807768068,0.8565386817646762
25726,LOF,0.020336856695131317,0.15265167767991603,0.8270114656249526
25727,LOF,0.0277272877225529,0.14946589897846155,0.8228068132989855
25728,LOF,0.02610693475900656,0.14199462473686,0.8318984405041334
25729,LOF,0.0254073266625599,0.15635859810485808,0.818234075232582
25730,LOF,0.03035528949441432,0.09924474263479345,0.8703999678707921
25731,LOF,0.009697387331165744,0.16321226293260022,0.8270903497362341
25732,LOF,0.022745561791687154,0.11579044296827931,0.8614639952400335
25733,LOF,0.03736944943185242,0.10899092949935535,0.8536396210687923
25734,LOF,0.006359500075797358,0.30239472010353774,0.6912457798206649
25735,LOF,0.02533457464273838,0.10320939911187707,0.8714560262453845
25736,LOF,0.023742139655501596,0.18610524953520874,0.7901526108092896
25737,LOF,0.05835717020785481,0.15378454432727626,0.7878582854648689
25738,LOF,0.025059659357475242,0.20536893924733937,0.7695714013951853
25739,LOF,0.02921804274569198,0.12409291390915556,0.8466890433451524
25740,LOF,0.03216842571528693,0.15643979924101692,0.8113917750436962
25741,LOF,0.03781070055827142,0.1490415463796373,0.8131477530620913
25742,LOF,0.048075452669866625,0.15199499865160757,0.7999295486785257
25743,LOF,0.011966300926312828,0.022048502217033437,0.9659851968566537
25744,LOF,0.2122532847625028,0.19144181935974505,0.5963048958777523
25745,LOF,0.0355742925834825,0.05614906333628761,0.9082766440802298
25746,LOF,0.014113576463764068,0.0803189217715205,0.9055675017647155
25747,LOF,0.04177990525040639,0.02329506950014841,0.9349250252494451
25748,LOF,0.2968944270276207,0.04142070377938354,0.6616848691929957
25749,LOF,0.015473358189397214,0.04948797394690486,0.9350386678636979
25750,LOF,0.02063571473062766,0.05481237857269976,0.9245519066966725
25751,LOF,0.03948255765932929,0.04037016011313193,0.9201472822275388
25752,GOF,0.06951095388119766,0.7424041345387694,0.1880849115800329
25753,LOF,0.007215326418427413,0.48431800200099945,0.5084666715805732
25754,GOF,0.007124370376691061,0.9125919307759894,0.08028369884731947
25755,LOF,0.006863823039203084,0.4716689776159712,0.5214671993448258
25756,GOF,0.022541203604219087,0.4969948485171244,0.4804639478786565
25757,GOF,0.007715014493467424,0.8946378190335048,0.09764716647302771
25758,GOF,0.008622925208001828,0.9090408639855211,0.08233621080647716
25759,GOF,0.00611681278087165,0.7171430486422801,0.2767401385768484
25760,LOF,0.006220116272270493,0.3678206309410316,0.625959252786698
25761,GOF,0.04587330504738395,0.8752397606528995,0.07888693429971654
25762,LOF,0.024765359355110237,0.43350831852588884,0.541726322119001
25763,LOF,0.006057022356160327,0.3321610652015247,0.661781912442315
25764,GOF,0.056032390351341055,0.7149502462866146,0.22901736336204434
25765,GOF,0.00835192597333123,0.9017868124392353,0.08986126158743342
25766,GOF,0.024724559004112735,0.8616854490633133,0.11358999193257388
25767,GOF,0.019551936658223634,0.5411805487211121,0.43926751462066416
25768,LOF,0.05645918632630331,0.04953612854968385,0.8940046851240129
25769,LOF,0.0391030584092538,0.07554855567040153,0.8853483859203446
25770,LOF,0.14909664481586962,0.09885069426744005,0.7520526609166903
25771,LOF,0.0205622112230977,0.07749812776814563,0.9019396610087567
25772,LOF,0.029827126511120964,0.0312557453821001,0.938917128106779
25773,LOF,0.015187411716376416,0.07765360153143588,0.9071589867521878
25774,LOF,0.02740070575400106,0.14553550102298005,0.8270637932230189
25775,LOF,0.01917328240677829,0.04615909916918769,0.934667618424034
25776,LOF,0.029685064866243827,0.02045405011393553,0.9498608850198206
25777,LOF,0.3126539765710916,0.08119522039818672,0.6061508030307217
25778,LOF,0.02678697257831587,0.06328305504755675,0.9099299723741274
25779,GOF,0.0655348552736425,0.8511733372469166,0.08329180747944086
25780,GOF,0.07321418725681393,0.8567235481391724,0.07006226460401367
25781,GOF,0.03307978156695325,0.8132672234437102,0.15365299498933657
25782,GOF,0.03653842564673585,0.874631589438767,0.08882998491449727
25783,GOF,0.03780823976907225,0.8969182730822339,0.06527348714869376
25784,GOF,0.11972176648513176,0.8167565817559306,0.06352165175893763
25785,GOF,0.11701296021895376,0.8358687780377781,0.04711826174326814
25786,GOF,0.010384153301035084,0.8382688656623782,0.1513469810365866
25787,GOF,0.2801463429148751,0.6549284861194192,0.06492517096570573
25788,LOF,0.018224456060154635,0.18899215024366237,0.7927833936961831
25789,GOF,0.02037379405674187,0.8186518806429727,0.1609743253002854
25790,GOF,0.031365742468730244,0.8698050394207768,0.09882921811049285
25791,GOF,0.028736074498717845,0.7118111551718915,0.2594527703293905
25792,GOF,0.03534344852036813,0.7640698815818288,0.20058666989780316
25793,GOF,0.045388040757777325,0.7661482747489633,0.18846368449325937
25794,GOF,0.05314645281317472,0.6914445017648568,0.2554090454219686
25795,GOF,0.059612591552549984,0.7257607543747723,0.2146266540726778
25796,GOF,0.13638538096763408,0.7674186861723697,0.09619593285999613
25797,GOF,0.06757244614369626,0.6733049773925048,0.2591225764637989
25798,GOF,0.007084733099218706,0.7473373064520589,0.2455779604487224
25799,GOF,0.004984794780674964,0.6482478203997204,0.34676738481960473
25800,GOF,0.02939007504938668,0.8087905433062647,0.1618193816443486
25801,GOF,0.027362528145388688,0.8793197129076846,0.09331775894692658
25802,GOF,0.031131094212011896,0.7550821965222445,0.21378670926574367
25803,GOF,0.021478104369366258,0.6724602184092006,0.3060616772214332
25804,GOF,0.03435815778015283,0.741113104432844,0.2245287377870032
25805,GOF,0.0322974992072084,0.7880977747798859,0.1796047260129058
25806,GOF,0.04476189804374872,0.7969405294908526,0.15829757246539863
25807,GOF,0.01582359804350918,0.7314339348165276,0.2527424671399631
25808,GOF,0.028326316272305967,0.7562961622492423,0.21537752147845163
25809,GOF,0.012814369808407949,0.6708950154707365,0.31629061472085557
25810,GOF,0.011157793957880592,0.6615065628705304,0.3273356431715889
25811,GOF,0.07751309509064899,0.8403634383487081,0.08212346656064289
25812,GOF,0.032369687946869445,0.7302959686827117,0.23733434337041873
25813,GOF,0.19643553374592732,0.7136275890856646,0.08993687716840791
25814,GOF,0.0310433033047788,0.7214499964296546,0.24750670026556665
25815,GOF,0.05863141347354173,0.7683844490011777,0.17298413752528055
25816,GOF,0.009674417067181465,0.8452270081676879,0.14509857476513077
25817,GOF,0.11955648554680363,0.7279005582937921,0.15254295615940436
25818,GOF,0.02860922387409207,0.759916878225637,0.21147389790027094
25819,GOF,0.053746600592720385,0.7410714227311613,0.2051819766761182
25820,GOF,0.05484191336283795,0.7163550414987545,0.2288030451384075
25821,GOF,0.03712520169513166,0.7547607753648705,0.20811402293999776
25822,GOF,0.06334915053041958,0.7372189188590362,0.19943193061054407
25823,GOF,0.032125651214765925,0.6936004066745838,0.27427394211065026
25824,GOF,0.0358875394200051,0.7333411575593587,0.23077130302063628
25825,GOF,0.026419423403005307,0.7294605980133354,0.24411997858365925
25826,GOF,0.01273381994869535,0.6953801145198559,0.2918860655314487
25827,GOF,0.01802918363672981,0.6869519458436104,0.29501887051965975
25828,GOF,0.011188114372591327,0.719266517815137,0.26954536781227173
25829,GOF,0.004383642061271615,0.6344101658943558,0.3612061920443725
25830,GOF,0.04000223672946366,0.5163183117906499,0.4436794514798865
25831,GOF,0.07660565077452103,0.7830372100482117,0.1403571391772673
25832,GOF,0.010652635283620336,0.6947502740852441,0.2945970906311356
25833,GOF,0.0376874288469252,0.7704790464497517,0.19183352470332313
25834,GOF,0.010864724829184928,0.710853910903949,0.27828136426686606
25835,GOF,0.025870471725605516,0.790834919886042,0.1832946083883525
25836,GOF,0.007467644921438206,0.7133741072743975,0.27915824780416426
25837,GOF,0.008815708335536547,0.7158427007226019,0.2753415909418616
25838,GOF,0.021008945753432123,0.7971116071846865,0.18187944706188128
25839,GOF,0.04649810658157022,0.755307973359567,0.1981939200588628
25840,GOF,0.08846922303402924,0.7356430085913802,0.17588776837459058
25841,GOF,0.07909984202166358,0.7816092183560096,0.1392909396223267
25842,GOF,0.02795882559710032,0.8489496536825457,0.12309152072035388
25843,GOF,0.02770674501314551,0.8563246476457326,0.11596860734112194
25844,GOF,0.02128109429063502,0.7685404163777687,0.21017848933159627
25845,GOF,0.006847981721135811,0.6631617218532626,0.32999029642560157
25846,GOF,0.07989685699629054,0.8088717006736879,0.11123144233002161
25847,GOF,0.016659915419072125,0.8453446083283856,0.13799547625254205
25848,GOF,0.02386285569694068,0.7804486885477575,0.19568845575530164
25849,GOF,0.007492856559548717,0.7365516314895951,0.2559555119508561
25850,GOF,0.00679754237436456,0.6528079870393338,0.3403944705863016
25851,GOF,0.0062575536058918834,0.5981246252837964,0.3956178211103118
25852,GOF,0.1335914917661203,0.5501751759166948,0.3162333323171848
25853,GOF,0.059994080238594504,0.7589037976807592,0.18110212208064622
25854,GOF,0.0064039673801714716,0.6709776487856549,0.32261838383417357
25855,GOF,0.02404090827327322,0.6008557640045249,0.3751033277222018
25856,GOF,0.04519991308623499,0.6887350867007127,0.2660650002130523
25857,GOF,0.023403693728619113,0.6007860151599905,0.3758102911113903
25858,GOF,0.0089862125097287,0.5771027771148197,0.4139110103754515
25859,GOF,0.0066454119259069175,0.5586282322285173,0.43472635584557573
25860,GOF,0.08949312380906692,0.7125264169888388,0.19798045920209434
25861,GOF,0.12281570431624152,0.7846051530060257,0.09257914267773272
25862,GOF,0.024215361681635017,0.8667250626092043,0.10905957570916067
25863,GOF,0.021382936761829247,0.8462872711119949,0.13232979212617588
25864,GOF,0.039896931885158006,0.8574373175080644,0.10266575060677745
25865,GOF,0.04318811708517088,0.8318487865483282,0.124963096366501
25866,GOF,0.02129903260264468,0.8247190198953739,0.1539819475019814
25867,GOF,0.03969437064721188,0.8344144492035837,0.12589118014920445
25868,GOF,0.0666775083119635,0.7459656734148483,0.18735681827318823
25869,GOF,0.31793687305981955,0.5528487033003361,0.12921442363984448
25870,GOF,0.05927802157941438,0.5539554031529009,0.3867665752676847
25871,GOF,0.009098845547340074,0.7761204653004087,0.21478068915225118
25872,GOF,0.02296018262019987,0.7646289752888985,0.21241084209090175
25873,GOF,0.022136847928859553,0.8475197744064783,0.13034337766466214
25874,LOF,0.018641158115170385,0.1928919212541841,0.7884669206306455
25875,LOF,0.024399786533435584,0.11121800415223183,0.8643822093143325
25876,LOF,0.02558975409503623,0.06400589326105748,0.9104043526439064
25877,LOF,0.11288814610942813,0.19171983636450715,0.6953920175260647
25878,LOF,0.0698545806181802,0.2711371803931236,0.6590082389886962
25879,LOF,0.011983462836427438,0.16267148962326486,0.8253450475403077
25880,LOF,0.06286737303272966,0.02181293715283514,0.9153196898144351
25881,Neutral,0.5806449850465211,0.10880821133195548,0.3105468036215234
25882,LOF,0.05030640213443989,0.030239807762591633,0.9194537901029685
25883,LOF,0.03080349389881756,0.02558594447580617,0.9436105616253763
25884,LOF,0.01879717380900488,0.03869984792583894,0.9425029782651562
25885,LOF,0.16632257858363583,0.014728892154223685,0.8189485292621406
25886,LOF,0.2637151251051648,0.046038707819401954,0.6902461670754332
25887,LOF,0.08648111501372692,0.16971130491362582,0.7438075800726474
25888,LOF,0.008474828042152098,0.19793784173247325,0.7935873302253745
25889,LOF,0.029275815644062522,0.03118720136546438,0.9395369829904731
25890,LOF,0.18309013930894874,0.06571752812860486,0.7511923325624464
25891,LOF,0.11627103080073752,0.040059559376315605,0.8436694098229468
25892,LOF,0.009293324006693653,0.028253367267710466,0.9624533087255959
25893,LOF,0.31853786678594875,0.00897807460916175,0.6724840586048895
25894,LOF,0.3434534366005593,0.006316344246084691,0.6502302191533559
25895,LOF,0.2729502927022151,0.012010323286733857,0.715039384011051
25896,LOF,0.0932024771065138,0.023371550868034024,0.8834259720254523
25897,LOF,0.12991630521704592,0.010122217404927974,0.8599614773780261
25898,LOF,0.1446936256906076,0.021478353707695814,0.8338280206016965
25899,LOF,0.4289695559800227,0.02838670840207987,0.5426437356178975
25900,Neutral,0.6928280509166544,0.009859705537977517,0.2973122435453682
25901,LOF,0.09936888862873768,0.012640002883502565,0.8879911084877596
25902,LOF,0.11024263243699435,0.011638210317116423,0.8781191572458892
25903,LOF,0.18843542051947756,0.025879890732401198,0.7856846887481211
25904,Neutral,0.52377174338599,0.039368697998717894,0.43685955861529213
25905,LOF,0.007896096527911794,0.3408105828877663,0.6512933205843219
25906,LOF,0.008680119572180298,0.053328989825983164,0.9379908906018366
25907,LOF,0.008802209929660751,0.21739594700630666,0.7738018430640325
25908,LOF,0.008089444500244505,0.2082595279445978,0.7836510275551578
25909,LOF,0.0336919730101538,0.07908846965463233,0.8872195573352138
25910,LOF,0.015552772342574548,0.10482628787493946,0.8796209397824859
25911,LOF,0.19859747510874182,0.01854853051513841,0.7828539943761198
25912,LOF,0.1371378167277561,0.018853941713152304,0.8440082415590917
25913,LOF,0.01859024889509015,0.02331277093084542,0.9580969801740644
25914,LOF,0.04026742278970741,0.02852771132959263,0.9312048658807001
25915,LOF,0.19977358673142348,0.2521568422739396,0.5480695709946369
25916,LOF,0.012783720446983922,0.11543572296355557,0.8717805565894605
25917,LOF,0.06393807053978356,0.03412418111914237,0.9019377483410741
25918,LOF,0.036143592975525246,0.018022391829715836,0.9458340151947591
25919,LOF,0.030637529795442615,0.01965831084841909,0.9497041593561384
25920,LOF,0.31983139619909934,0.16629515705194128,0.5138734467489593
25921,LOF,0.01985413875818387,0.015671626009387256,0.9644742352324289
25922,LOF,0.019774103084545868,0.015912772638422116,0.9643131242770321
25923,LOF,0.47232522523475584,0.01082391901360912,0.516850855751635
25924,LOF,0.028562568898596274,0.015977524454217844,0.9554599066471859
25925,LOF,0.11213760716270732,0.022631336224708618,0.8652310566125841
25926,LOF,0.09489490390340061,0.017759151690692872,0.8873459444059065
25927,LOF,0.028165588687237248,0.022728038941651547,0.9491063723711113
25928,LOF,0.014586389547158834,0.011433507707680758,0.9739801027451603
25929,Neutral,0.6013090356658871,0.010497757053710156,0.3881932072804028
25930,LOF,0.10001821612405434,0.011439881056298005,0.8885419028196476
25931,LOF,0.015574535373171407,0.010363748242042541,0.9740617163847861
25932,LOF,0.09691339466196448,0.010885972043376248,0.8922006332946593
25933,LOF,0.10098910368877216,0.008683975444359785,0.8903269208668682
25934,LOF,0.10559657583432007,0.007516480688560184,0.8868869434771198
25935,LOF,0.10896942186462907,0.018650567157328917,0.8723800109780421
25936,LOF,0.11012024054589964,0.007506269856446457,0.8823734895976538
25937,LOF,0.016762146410286345,0.014743501703879228,0.9684943518858343
25938,LOF,0.10558940201481383,0.01757880690799416,0.876831791077192
25939,LOF,0.06729493280963338,0.010835268956004406,0.9218697982343622
25940,GOF,0.008614065711509222,0.5783244253075833,0.4130615089809075
25941,LOF,0.4742931155977594,0.037696128149409605,0.48801075625283086
25942,LOF,0.011678674861019043,0.04937496830630886,0.9389463568326721
25943,LOF,0.05556544866126612,0.1778465028056802,0.7665880485330536
25944,LOF,0.0446993909304298,0.09965020366493609,0.855650405404634
25945,LOF,0.18953030844686197,0.027591330653318424,0.7828783608998195
25946,LOF,0.09151761856519766,0.03712615925218818,0.8713562221826142
25947,Neutral,0.4919205479823964,0.13214989805890628,0.37592955395869737
25948,LOF,0.3668656211557659,0.01780477321713701,0.615329605627097
25949,LOF,0.1548572393087903,0.07323739791450726,0.7719053627767023
25950,GOF,0.09713692005736092,0.6406864134373005,0.26217666650533866
25951,LOF,0.014702999178993287,0.4676286098584427,0.517668390962564
25952,LOF,0.14135724647046358,0.2899156816960474,0.568727071833489
25953,LOF,0.006822233942184518,0.31511281847567874,0.6780649475821368
25954,GOF,0.0643990567235264,0.505434220341959,0.43016672293451463
25955,LOF,0.007981175352884187,0.33583848174824193,0.656180342898874
25956,LOF,0.009944213160355977,0.3943890432972838,0.5956667435423603
25957,LOF,0.17561493314313514,0.03799141610427375,0.7863936507525912
25958,LOF,0.02777488031858137,0.0694062358611241,0.9028188838202945
25959,GOF,0.006419406936001456,0.7209997335260863,0.2725808595379123
25960,LOF,0.005122451036832185,0.10919500586479981,0.885682543098368
25961,LOF,0.023327070815117604,0.055019672765810705,0.9216532564190716
25962,LOF,0.03146886644219794,0.09335244882317391,0.8751786847346281
25963,LOF,0.010158272118897601,0.1529589866667691,0.8368827412143333
25964,LOF,0.04699472977031611,0.10785400652737916,0.8451512637023049
25965,LOF,0.1786090383961077,0.16237087071347767,0.6590200908904147
25966,LOF,0.3279489273908799,0.10342022550318879,0.5686308471059313
25967,LOF,0.0070419431470375516,0.10066017339594076,0.8922978834570218
25968,LOF,0.044424578515171974,0.3445724194099221,0.611003002074906
25969,LOF,0.11896639298721462,0.11111028704742795,0.7699233199653575
25970,LOF,0.05531286550630817,0.07117345178110404,0.8735136827125878
25971,LOF,0.0622367893945146,0.027622668939070026,0.9101405416664152
25972,LOF,0.07428009450095709,0.03605803596723158,0.8896618695318114
25973,LOF,0.07649156809334252,0.010394698420133606,0.9131137334865239
25974,LOF,0.06522947607531554,0.04058368727571826,0.8941868366489661
25975,LOF,0.034091242907206776,0.013449187967795243,0.9524595691249979
25976,LOF,0.08669819950598433,0.0127328742452208,0.9005689262487949
25977,LOF,0.2421496355372724,0.07098661318494512,0.6868637512777824
25978,LOF,0.1737803600777009,0.1391633572119557,0.6870562827103434
25979,LOF,0.1275142915124895,0.14000999530213928,0.7324757131853712
25980,LOF,0.21189850122996556,0.24496910119421428,0.5431323975758202
25981,LOF,0.21290772587786733,0.2476624650073666,0.539429809114766
25982,LOF,0.30388681969572784,0.12269056818136763,0.5734226121229045
25983,Neutral,0.48692876841262717,0.10789544296990493,0.40517578861746784
25984,LOF,0.05586597009222502,0.07477733077157463,0.8693566991362004
25985,Neutral,0.4722199191140173,0.15293940400864237,0.37484067687734035
25986,LOF,0.011931215317681983,0.4047302677537111,0.5833385169286069
25987,LOF,0.03534300013962631,0.08048499165610118,0.8841720082042726
25988,LOF,0.06305290812070716,0.12723568244098163,0.8097114094383111
25989,LOF,0.07367730930235533,0.22263231391073715,0.7036903767869075
25990,LOF,0.06334741277281027,0.3506773892108802,0.5859751980163096
25991,GOF,0.02431042216484296,0.5145844677407432,0.4611051100944139
25992,LOF,0.011664552514582257,0.42274928366054054,0.5655861638248773
25993,LOF,0.01868461288613945,0.05614471288173931,0.9251706742321212
25994,LOF,0.023754820797573826,0.06266337298168229,0.9135818062207439
25995,LOF,0.017822586363828642,0.09118613542708852,0.8909912782090827
25996,GOF,0.32979029121800457,0.4109527107557801,0.2592569980262154
25997,GOF,0.05846765197408713,0.5613074897804627,0.38022485824545016
25998,LOF,0.23562404419490587,0.040237507628428426,0.7241384481766656
25999,LOF,0.027498811800198784,0.2877284461650725,0.6847727420347287
26000,LOF,0.13577832265628717,0.011923544836212724,0.8522981325075002
26001,LOF,0.1416586803602115,0.017003432364046348,0.8413378872757421
26002,LOF,0.11183515038804638,0.017339076209378693,0.8708257734025749
26003,GOF,0.007445607333519577,0.5265610822720898,0.46599331039439074
26004,GOF,0.017383883865111686,0.5439318364435917,0.4386842796912967
26005,LOF,0.0057350751759030275,0.4568021165040625,0.5374628083200346
26006,GOF,0.1096805411139184,0.47632460741366395,0.4139948514724177
26007,GOF,0.010392067504911411,0.501149106219836,0.4884588262752526
26008,GOF,0.007375796439374101,0.5494366610311615,0.44318754252946446
26009,GOF,0.013135032706036281,0.5800559578621599,0.40680900943180376
26010,GOF,0.011328030134243485,0.517642001468932,0.4710299683968245
26011,LOF,0.006111369414450644,0.3757234293166828,0.6181652012688665
26012,LOF,0.005699105409925303,0.481506612136497,0.5127942824535777
26013,LOF,0.011362033797293981,0.4397295683424762,0.5489083978602297
26014,LOF,0.04131320517215332,0.07633095633802191,0.8823558384898247
26015,LOF,0.33141877327078784,0.024042631766554245,0.644538594962658
26016,LOF,0.27197615635944306,0.027457086796539056,0.7005667568440178
26017,LOF,0.01991562094325105,0.1074627844050019,0.8726215946517472
26018,LOF,0.03198023286148707,0.0578200873624614,0.9101996797760514
26019,LOF,0.03176590497104257,0.04870113848017989,0.9195329565487775
26020,LOF,0.007532250820244602,0.10108553127855086,0.8913822179012045
26021,LOF,0.08163479089088128,0.04728903053119668,0.871076178577922
26022,LOF,0.04283802546022406,0.017932616498093492,0.9392293580416825
26023,LOF,0.025075603185687526,0.03268823244045141,0.942236164373861
26024,LOF,0.05589563146145792,0.03493158880865071,0.9091727797298914
26025,LOF,0.14738969714995614,0.03580707030206219,0.8168032325479817
26026,LOF,0.13183369112203655,0.031252555609699646,0.8369137532682638
26027,LOF,0.03106215637104174,0.01840058822844654,0.9505372554005118
26028,LOF,0.08315256146790445,0.1930432910918791,0.7238041474402165
26029,LOF,0.03589799107311225,0.1735739779841606,0.7905280309427272
26030,LOF,0.12020494688609197,0.017515882638450216,0.8622791704754579
26031,LOF,0.01591951038378157,0.17320649355455595,0.8108739960616624
26032,LOF,0.038514305166755906,0.051222394213918616,0.9102633006193254
26033,LOF,0.03963039344681342,0.05403535957995615,0.9063342469732304
26034,LOF,0.022316586748728762,0.11946838489852524,0.8582150283527461
26035,LOF,0.013213095466910926,0.13702604865581736,0.8497608558772718
26036,LOF,0.012307230822727711,0.10152792499651912,0.8861648441807533
26037,LOF,0.012218082297693446,0.11183674172578119,0.8759451759765253
26038,LOF,0.032371629427424116,0.047670270469119036,0.9199581001034569
26039,LOF,0.03765506049312586,0.15668903069521822,0.8056559088116558
26040,LOF,0.0814756018354586,0.19800475309017201,0.7205196450743694
26041,LOF,0.01536163010321466,0.11225605737231947,0.872382312524466
26042,LOF,0.01413755316794512,0.11977023338794011,0.8660922134441147
26043,LOF,0.03431338196938132,0.08731110557269603,0.8783755124579227
26044,LOF,0.00830310593130015,0.04802447978189814,0.9436724142868017
26045,LOF,0.09462525388232948,0.25356590458479744,0.651808841532873
26046,LOF,0.029065299904154854,0.059456851619327775,0.9114778484765174
26047,LOF,0.06641397263384444,0.05583430076069643,0.8777517266054592
26048,LOF,0.08234606603703103,0.025085022915251214,0.8925689110477177
26049,Neutral,0.9413337121560955,0.006612956989102356,0.0520533308548021
26050,Neutral,0.8998315933727944,0.007909723097900613,0.09225868352930494
26051,LOF,0.028608892102010647,0.3226290068284108,0.6487621010695785
26052,LOF,0.032692766329949906,0.26170577741746615,0.705601456252584
26053,LOF,0.021476041386236284,0.2291704462029855,0.7493535124107783
26054,LOF,0.056538625242109695,0.05680483563856624,0.8866565391193241
26055,LOF,0.07563279876034644,0.05778250356684835,0.8665846976728052
26056,LOF,0.07138948033897242,0.06123102338142912,0.8673794962795984
26057,LOF,0.06659938716222667,0.027665073625015475,0.905735539212758
26058,LOF,0.07471182394796255,0.02181347300424917,0.9034747030477883
26059,LOF,0.25784799858360696,0.07688942564072042,0.6652625757756726
26060,LOF,0.0173816588402615,0.2209005001550514,0.7617178410046871
26061,LOF,0.013596792898048972,0.015616257045847555,0.9707869500561035
26062,LOF,0.005959763892457707,0.029573961512900284,0.964466274594642
26063,LOF,0.051332455388468104,0.01606510003782301,0.9326024445737088
26064,LOF,0.00867841522154882,0.021847374953791243,0.9694742098246598
26065,LOF,0.06941259788576559,0.02483236374074078,0.9057550383734937
26066,LOF,0.06114072051121039,0.017137890030285426,0.9217213894585042
26067,LOF,0.05606577978187374,0.015550584813837046,0.9283836354042891
26068,LOF,0.055662281302163566,0.04665657655487515,0.8976811421429614
26069,LOF,0.20483627783646105,0.036919765690611006,0.758243956472928
26070,LOF,0.4661256941344352,0.021881457948221363,0.5119928479173433
26071,LOF,0.05164858517233648,0.019676306698552845,0.9286751081291107
26072,LOF,0.008726690025685624,0.021997162013076294,0.9692761479612382
26073,LOF,0.046960692344722436,0.015712374898886706,0.9373269327563908
26074,Neutral,0.6890551101793309,0.01827075722285058,0.2926741325978186
26075,LOF,0.044311017786719226,0.03326875501385984,0.922420227199421
26076,LOF,0.04510224487210113,0.019237566282802702,0.935660188845096
26077,LOF,0.16732182072704765,0.016994434843907003,0.8156837444290453
26078,LOF,0.006955938761059497,0.037974784459226474,0.9550692767797141
26079,LOF,0.05890624387004681,0.03264749427576294,0.9084462618541903
26080,LOF,0.057747604555964935,0.03287141802629365,0.9093809774177414
26081,LOF,0.04751460959791353,0.01678862546946768,0.9356967649326189
26082,LOF,0.006623342358397586,0.025404548849129745,0.9679721087924726
26083,LOF,0.11212304604688786,0.02986170347246052,0.8580152504806516
26084,LOF,0.1406656238224666,0.026616195908091854,0.8327181802694417
26085,LOF,0.11579372105224156,0.022767538006024886,0.8614387409417334
26086,LOF,0.0407757401536873,0.02384556263375859,0.9353786972125542
26087,LOF,0.04265932741788485,0.019594277302898252,0.937746395279217
26088,LOF,0.00736033478681949,0.050482007720656225,0.9421576574925242
26089,LOF,0.04021454177985253,0.04469732590621571,0.9150881323139318
26090,LOF,0.03955225093035724,0.04115040305339743,0.9192973460162454
26091,LOF,0.031916802048954716,0.01577373919836325,0.9523094587526819
26092,LOF,0.04168315620101205,0.013677904931438778,0.9446389388675491
26093,LOF,0.06391375962388188,0.009046818229334716,0.9270394221467835
26094,LOF,0.03761855740997114,0.012203635966664359,0.9501778066233645
26095,LOF,0.013649032214847081,0.028058421957120036,0.9582925458280329
26096,LOF,0.2764628862237432,0.005720079820766962,0.7178170339554897
26097,LOF,0.007032316158372147,0.06411302780027732,0.9288546560413505
26098,LOF,0.05938832160224606,0.03337129222451692,0.9072403861732371
26099,LOF,0.04927459956300387,0.03446538374270014,0.916260016694296
26100,LOF,0.04927459956300387,0.03446538374270014,0.916260016694296
26101,LOF,0.04915393732045401,0.05267999521922084,0.898166067460325
26102,LOF,0.03900130287170364,0.021667141320187325,0.939331555808109
26103,Neutral,0.900004399250822,0.03586268058617184,0.06413292016300635
26104,LOF,0.051855855743195886,0.07854125233001545,0.8696028919267886
26105,LOF,0.2515802160521247,0.06953844429070868,0.6788813396571667
26106,LOF,0.2579182228074846,0.03629116360427466,0.7057906135882408
26107,LOF,0.01587049552632345,0.06072478975037697,0.9234047147232995
26108,LOF,0.16075618505102646,0.061560462724414844,0.7776833522245588
26109,LOF,0.053052588267684074,0.07661567150079412,0.8703317402315218
26110,LOF,0.368131378704508,0.013217166070107709,0.6186514552253842
26111,LOF,0.05443030301968357,0.08417729879767735,0.8613923981826391
26112,LOF,0.06425795785371446,0.012416026312861423,0.923326015833424
26113,LOF,0.11142857292397107,0.027928933925165864,0.860642493150863
26114,LOF,0.09830174081876593,0.009546449050678354,0.8921518101305558
26115,LOF,0.019913383359714668,0.0619812550158649,0.9181053616244205
26116,LOF,0.07356200600616161,0.023765479331489515,0.9026725146623488
26117,LOF,0.4071850810967403,0.032275510113526015,0.5605394087897336
26118,LOF,0.041842955900923004,0.019894114992931176,0.938262929106146
26119,LOF,0.006182193142810106,0.08316572425848837,0.9106520825987015
26120,LOF,0.03331879460494308,0.015068520740831825,0.9516126846542251
26121,LOF,0.004555338136526998,0.10278877284343091,0.8926558890200421
26122,LOF,0.0054097850129095895,0.0941386866994734,0.900451528287617
