feature0,prediction,LoGoFunc_Neutral,LoGoFunc_GOF,LoGoFunc_LOF
25546,Neutral,0.7742739185142531,0.028970740799546497,0.19675534068620049
25547,Neutral,0.630864118380328,0.06328705702824526,0.3058488245914267
25548,Neutral,0.6105585239615173,0.04529529764531433,0.34414617839316836
25549,Neutral,0.5286382682128199,0.046949631501322614,0.42441210028585746
25550,LOF,0.37912062477690933,0.1035122790116675,0.5173670962114232
25551,LOF,0.3102417457473694,0.11684648524018819,0.5729117690124425
25552,LOF,0.19849009665929848,0.12778522892762975,0.6737246744130717
25553,Neutral,0.8385891583091136,0.030785328444718863,0.1306255132461675
25554,LOF,0.24671319420207652,0.11838813165364678,0.6348986741442767
25555,LOF,0.19363724729493265,0.09893083180296053,0.7074319209021067
25556,LOF,0.423114482059954,0.09968341733103818,0.4772021006090078
25557,LOF,0.18873109644846192,0.10885838158742117,0.7024105219641169
25558,LOF,0.2446390969645629,0.12101667989471404,0.634344223140723
25559,LOF,0.37832337699391383,0.061378347008823185,0.560298275997263
25560,LOF,0.06083848663841267,0.1846887148645221,0.7544727984970654
25561,LOF,0.11338928437691058,0.21022146532234115,0.6763892503007483
25562,LOF,0.10376822000316563,0.08924372468299327,0.8069880553138411
25563,LOF,0.11266467976218565,0.10716581404076143,0.7801695061970528
25564,LOF,0.15503952799295004,0.16540350100814125,0.6795569709989087
25565,LOF,0.11598845691246243,0.17734713681363232,0.7066644062739053
25566,GOF,0.015426262241736781,0.7478238845006191,0.23674985325764417
25567,LOF,0.014205406595105089,0.1303013625342676,0.8554932308706272
25568,LOF,0.053786036927375803,0.055547798548354274,0.8906661645242699
25569,LOF,0.07010233823751949,0.0519495526182486,0.8779481091442318
25570,LOF,0.06783541172676134,0.09220877515661993,0.8399558131166187
25571,LOF,0.06322926673707341,0.08634006852559367,0.8504306647373329
25572,LOF,0.0705771799993783,0.12656786782389848,0.8028549521767233
25573,LOF,0.03202297649546846,0.08060379808533177,0.8873732254191998
25574,LOF,0.018595603647466805,0.13836728995577047,0.8430371063967628
25575,LOF,0.04750368317979026,0.09945233381928587,0.853043983000924
25576,LOF,0.02113897640655552,0.11484260631054743,0.8640184172828971
25577,LOF,0.015196787162887375,0.13134907792947537,0.8534541349076372
25578,LOF,0.23873076461923537,0.07698892248388788,0.6842803128968767
25579,LOF,0.240286336295656,0.07622727162811399,0.6834863920762301
25580,LOF,0.033408588115832444,0.08271755401676888,0.8838738578673986
25581,LOF,0.05559712823723623,0.057604399901663106,0.8867984718611006
25582,LOF,0.055365329260742856,0.055255934369828466,0.8893787363694288
25583,LOF,0.043925504062085924,0.09072148149191962,0.8653530144459944
25584,LOF,0.45678434086891184,0.07844534321440196,0.46477031591668627
25585,LOF,0.03173930339724159,0.09586275785795072,0.8723979387448076
25586,LOF,0.03945528873621203,0.07423983080945598,0.886304880454332
25587,LOF,0.03431871497954186,0.07526141023089826,0.89041987478956
25588,LOF,0.035371680758424555,0.09068947943508669,0.8739388398064888
25589,Neutral,0.6041657688204906,0.10121716487672223,0.2946170663027873
25590,LOF,0.030717804349738496,0.12095210962826701,0.8483300860219946
25591,LOF,0.1287974196277174,0.04520569138494326,0.8259968889873393
25592,LOF,0.09900451831457559,0.11847730670886217,0.7825181749765623
25593,LOF,0.016818475400670052,0.23855701440466434,0.7446245101946656
25594,LOF,0.038151706269259865,0.17295594180574306,0.7888923519249971
25595,LOF,0.06133356377906897,0.11783690608456211,0.820829530136369
25596,LOF,0.05837472912875339,0.09529831139338805,0.8463269594778584
25597,LOF,0.062200013697994154,0.06474299643724489,0.873056989864761
25598,LOF,0.04860139675442971,0.15693216847332986,0.7944664347722405
25599,GOF,0.00730130870996902,0.7398411385442155,0.25285755274581534
25600,GOF,0.00918392056787314,0.5407167981704776,0.45009928126164933
25601,LOF,0.007406834983945763,0.4350847321399322,0.557508432876122
25602,LOF,0.021201219277453085,0.051120897344667515,0.9276778833778793
25603,LOF,0.03254978342353335,0.03448115307586109,0.9329690635006056
25604,LOF,0.04126537806930614,0.0561504075368639,0.90258421439383
25605,LOF,0.011209391931461468,0.27019922412048913,0.7185913839480494
25606,GOF,0.06779296818422281,0.4711583791115087,0.4610486527042685
25607,LOF,0.004209975942925879,0.14987175862974836,0.8459182654273257
25608,LOF,0.058628697293568476,0.05578011597812221,0.8855911867283093
25609,LOF,0.0527646959815006,0.37870911110139677,0.5685261929171026
25610,LOF,0.046635707641346044,0.03471524709266321,0.9186490452659908
25611,LOF,0.05619952034062987,0.03214209587038459,0.9116583837889854
25612,LOF,0.12846523637082366,0.057992870104450776,0.8135418935247256
25613,LOF,0.1043958696192312,0.04780715568060934,0.8477969747001595
25614,LOF,0.03812049475772649,0.044943473197077984,0.9169360320451955
25615,LOF,0.0653055076537455,0.04151913118309942,0.8931753611631552
25616,LOF,0.04101818420157703,0.04136461641674016,0.9176171993816828
25617,LOF,0.03809875255119634,0.048136027698760575,0.9137652197500431
25618,LOF,0.2421136352919398,0.04351455533263564,0.7143718093754245
25619,LOF,0.03812159741121051,0.03879478153872123,0.9230836210500682
25620,LOF,0.036530740803657584,0.0499514309818348,0.9135178282145077
25621,LOF,0.03574789651329909,0.03370113721974052,0.9305509662669604
25622,LOF,0.033109825497354306,0.048449925296211525,0.9184402492064342
25623,LOF,0.062092621132522285,0.0339308666221826,0.9039765122452951
25624,LOF,0.031999763678549537,0.05234317606450756,0.9156570602569429
25625,LOF,0.039547120403265905,0.053386183575566286,0.9070666960211677
25626,LOF,0.09541192522645353,0.03687992142632948,0.8677081533472168
25627,Neutral,0.6031430741987504,0.09326061264462622,0.30359631315662344
25628,LOF,0.20207865297138403,0.044963966529087705,0.7529573804995283
25629,LOF,0.09615589983098864,0.1090068724633906,0.7948372277056207
25630,LOF,0.20873047790918686,0.08217589155014592,0.7090936305406672
25631,Neutral,0.6239598869013494,0.058091385013003045,0.31794872808564767
25632,LOF,0.02440055490287962,0.0766752339890329,0.8989242111080875
25633,LOF,0.24255505027979868,0.08816023966818663,0.6692847100520146
25634,LOF,0.03735813876420366,0.10624346893407094,0.8563983923017253
25635,LOF,0.03740782339550512,0.08547350832845783,0.8771186682760371
25636,GOF,0.006262072662276315,0.6736060874029318,0.32013183993479194
25637,GOF,0.004767318668934382,0.5643989500673617,0.430833731263704
25638,LOF,0.009602083377902658,0.4399735205821073,0.55042439603999
25639,LOF,0.004935279757945755,0.4531607424095467,0.5419039778325075
25640,GOF,0.3612254345408075,0.5992778620830669,0.039496703376125666
25641,LOF,0.006258514656255605,0.33595997839592123,0.6577815069478232
25642,LOF,0.24625297992833403,0.08370331519382818,0.6700437048778378
25643,LOF,0.18464769953814467,0.32797006897574243,0.48738223148611287
25644,GOF,0.02706506155192125,0.6702243861983694,0.3027105522497093
25645,GOF,0.019938648768982034,0.6359219831025026,0.3441393681285154
25646,LOF,0.02365361437240715,0.45086510413814723,0.5254812814894456
25647,LOF,0.01874049980913067,0.32350240385362533,0.6577570963372439
25648,LOF,0.014838757688432402,0.3670628671507751,0.6180983751607925
25649,LOF,0.013905502688023624,0.2841848004507641,0.7019096968612122
25650,GOF,0.04449824685213907,0.6424497292628677,0.3130520238849933
25651,LOF,0.012969907598074698,0.3264863978683356,0.6605436945335896
25652,LOF,0.020340815866555104,0.3383144650913739,0.641344719042071
25653,GOF,0.08663290802388239,0.5465791084419709,0.36678798353414677
25654,LOF,0.01577173352543654,0.35887903604710353,0.6253492304274599
25655,GOF,0.11801406790112488,0.5134622994047894,0.3685236326940857
25656,LOF,0.053096099899971924,0.09268165051365962,0.8542222495863685
25657,LOF,0.3007519515334401,0.038896742898868325,0.6603513055676916
25658,LOF,0.026962893536703926,0.1673781845687725,0.8056589218945236
25659,LOF,0.19590949669034835,0.08715406785480746,0.7169364354548442
25660,LOF,0.10080779848472902,0.09167880887767897,0.807513392637592
25661,LOF,0.08066511271671249,0.06678071749710325,0.8525541697861841
25662,LOF,0.03432255512078616,0.045621187306535194,0.9200562575726785
25663,LOF,0.04208363118482094,0.07921607544536188,0.8787002933698171
25664,LOF,0.03134304638556929,0.14560185224319983,0.8230551013712308
25665,LOF,0.055600015303663076,0.06238100887746639,0.8820189758188706
25666,LOF,0.04385885641960686,0.18042769646925655,0.7757134471111367
25667,LOF,0.032802729188078056,0.06390835256432283,0.903288918247599
25668,LOF,0.04356103489390744,0.05886165797401024,0.8975773071320823
25669,LOF,0.048672979224885254,0.10014483622852735,0.8511821845465875
25670,LOF,0.12563842546033777,0.1101065742747397,0.7642550002649225
25671,LOF,0.04114762368510853,0.05585693194589193,0.9029954443689996
25672,LOF,0.05415926045659438,0.08073795416918442,0.8651027853742211
25673,LOF,0.04277360177374637,0.08284395039479713,0.8743824478314565
25674,LOF,0.029806035622743754,0.09665861969575058,0.8735353446815056
25675,LOF,0.03797823324730046,0.09081992934158335,0.8712018374111162
25676,LOF,0.034314147622237924,0.07006616778235936,0.8956196845954029
25677,LOF,0.0842029860301733,0.0589984102291978,0.856798603740629
25678,LOF,0.1673682460609,0.05172575540678029,0.7809059985323198
25679,LOF,0.11615592663715028,0.0778058247243205,0.8060382486385291
25680,LOF,0.08759009447332324,0.09556880619726693,0.81684109932941
25681,LOF,0.09758495137316321,0.08960040807778087,0.8128146405490558
25682,LOF,0.053649889438401474,0.07199318908931412,0.8743569214722845
25683,LOF,0.07575246211312606,0.11127700376799968,0.8129705341188743
25684,LOF,0.06371955971064665,0.07339612174555453,0.8628843185437989
25685,LOF,0.11148012583059376,0.05186932577119725,0.8366505483982091
25686,LOF,0.033070548692379784,0.12265991672035571,0.8442695345872645
25687,LOF,0.05715459067504842,0.10198824641017407,0.8408571629147775
25688,LOF,0.01719481086403325,0.07839272898459995,0.9044124601513667
25689,LOF,0.014632483824737403,0.053328185470618496,0.9320393307046442
25690,LOF,0.0144052079048774,0.060562006169947245,0.9250327859251753
25691,LOF,0.098645884302255,0.09579586832475527,0.8055582473729898
25692,LOF,0.18043885985807265,0.010467393563852151,0.8090937465780753
25693,LOF,0.043763884436397026,0.14003596607146718,0.8162001494921357
25694,LOF,0.27875105775544445,0.015321313206205134,0.7059276290383505
25695,LOF,0.21675985284438223,0.023012205988034475,0.7602279411675834
25696,LOF,0.16433851703465116,0.017372513882270936,0.8182889690830779
25697,LOF,0.11946672619421031,0.040607290250496565,0.8399259835552931
25698,LOF,0.022595025899716625,0.3180452318021818,0.6593597422981016
25699,LOF,0.09483299012597667,0.10758456328194986,0.7975824465920734
25700,LOF,0.03534031717253113,0.016270226624629014,0.94838945620284
25701,LOF,0.015445114603787316,0.10785384558671093,0.8767010398095016
25702,GOF,0.023325619726057997,0.747574098079991,0.22910028219395112
25703,LOF,0.014549904001085495,0.2237229290564248,0.7617271669424897
25704,LOF,0.0950355663076717,0.19013349027693668,0.7148309434153917
25705,LOF,0.08272265526401508,0.29058208001877406,0.6266952647172108
25706,GOF,0.021546828907702778,0.6178873542558713,0.360565816836426
25707,GOF,0.026960197078476935,0.6304023806868165,0.3426374222347065
25708,GOF,0.008835572005872426,0.6121134940714259,0.37905093392270167
25709,LOF,0.02564481012182206,0.09684320883892243,0.8775119810392555
25710,LOF,0.005378459581508561,0.2688128628676274,0.7258086775508641
25711,LOF,0.030540295882665734,0.16429225267204997,0.8051674514452843
25712,LOF,0.0070927723055880885,0.31753066531152757,0.6753765623828843
25713,LOF,0.024011968830553634,0.14362868101278542,0.832359350156661
25714,LOF,0.029035038767514242,0.1920951061507909,0.7788698550816948
25715,LOF,0.03059955597448908,0.1594045537428495,0.8099958902826615
25716,LOF,0.008677345637049378,0.16822473314637784,0.8230979212165727
25717,LOF,0.006109336453639096,0.18810732951029638,0.8057833340360645
25718,LOF,0.026639411183489996,0.11701171548282525,0.8563488733336848
25719,LOF,0.03817097345341854,0.1364342868704155,0.8253947396761658
25720,LOF,0.03595593114952932,0.13384194645044303,0.8302021224000278
25721,LOF,0.0313730028993055,0.11763837233667343,0.850988624764021
25722,LOF,0.019839535713397537,0.15753177279299146,0.8226286914936111
25723,LOF,0.030475387532460915,0.1140117208483795,0.8555128916191594
25724,LOF,0.029842149723060315,0.21042093590636762,0.759736914370572
25725,LOF,0.031438828400905866,0.10946052670960296,0.8591006448894912
25726,LOF,0.019796678694341555,0.15072992636030172,0.8294733949453567
25727,LOF,0.02579543516234006,0.1538109707876393,0.8203935940500207
25728,LOF,0.027803577442971236,0.13673695649761242,0.8354594660594165
25729,LOF,0.026956276376738305,0.16270332639993648,0.8103403972233253
25730,LOF,0.03253496285870763,0.11132611687111339,0.8561389202701789
25731,LOF,0.011296459848687811,0.24055602332076273,0.7481475168305495
25732,LOF,0.022895402014811977,0.1281530707971454,0.8489515271880427
25733,LOF,0.039175167482635324,0.12433144305394346,0.8364933894634212
25734,LOF,0.00670411445535476,0.3337263729553164,0.6595695125893288
25735,LOF,0.02699156354275552,0.10310763027163934,0.8699008061856051
25736,LOF,0.025269133647024575,0.16719274974926948,0.8075381166037059
25737,LOF,0.05857323622777675,0.1715207046091551,0.7699060591630681
25738,LOF,0.024843136074075386,0.20029911535627687,0.7748577485696478
25739,LOF,0.03169768636285764,0.1610996842409964,0.8072026293961458
25740,LOF,0.03361789388008096,0.170810289099126,0.795571817020793
25741,LOF,0.03855805911769221,0.1570583086115406,0.8043836322707671
25742,LOF,0.05093500120135462,0.16270704120824184,0.7863579575904036
25743,LOF,0.01152254583274324,0.022917162467487616,0.9655602916997691
25744,LOF,0.20609121664123325,0.2668602186177205,0.5270485647410462
25745,LOF,0.04491148994756469,0.07030264463674096,0.8847858654156944
25746,LOF,0.016360119190496458,0.09150722723797468,0.8921326535715288
25747,LOF,0.037299571653210684,0.02468964928137757,0.9380107790654117
25748,LOF,0.28766702294148416,0.04606505444295946,0.6662679226155563
25749,LOF,0.016628947427928236,0.05834902453514612,0.9250220280369256
25750,LOF,0.023210402143493923,0.060467321887344785,0.9163222759691614
25751,LOF,0.03671403167404502,0.0421995774470699,0.9210863908788852
25752,GOF,0.07037061555895521,0.7173080242127814,0.21232136022826328
25753,LOF,0.006721345446166971,0.4109858201336208,0.5822928344202123
25754,GOF,0.007348973089992415,0.8979079507319071,0.09474307617810057
25755,LOF,0.006855578605229797,0.47111718396654684,0.5220272374282233
25756,LOF,0.026514160906968523,0.4687176751274346,0.5047681639655969
25757,GOF,0.007683712570833741,0.8811065132218362,0.11120977420733008
25758,GOF,0.008452522483738562,0.886625517881546,0.10492195963471548
25759,GOF,0.0054262357029370425,0.6782790475876039,0.31629471670945897
25760,LOF,0.0057282761863711226,0.3616230360478948,0.632648687765734
25761,GOF,0.04340718058878761,0.8556835511995518,0.10090926821166077
25762,LOF,0.029476948234501837,0.4208696766405209,0.5496533751249774
25763,LOF,0.00643505371238682,0.3100125109432894,0.6835524353443239
25764,GOF,0.05252475063158107,0.648729772554771,0.2987454768136479
25765,GOF,0.008386543395456728,0.890720213677509,0.10089324292703435
25766,GOF,0.05086789536493606,0.8266312075345492,0.12250089710051473
25767,GOF,0.019596936190612327,0.4954992838532578,0.4849037799561298
25768,LOF,0.05826222740436498,0.048770572203751764,0.8929672003918833
25769,LOF,0.035484517944988817,0.08174041284887094,0.8827750692061402
25770,LOF,0.20307136877910525,0.07590823174867306,0.7210203994722217
25771,LOF,0.018683376746388206,0.06628743488431837,0.9150291883692934
25772,LOF,0.033962416534608256,0.025432562713704632,0.9406050207516872
25773,LOF,0.020191738298292756,0.06722440991829709,0.9125838517834102
25774,LOF,0.030599104188852966,0.10811467057928119,0.8612862252318657
25775,LOF,0.021379683501649368,0.038745103720799784,0.9398752127775508
25776,LOF,0.03456692386876759,0.02189278311932441,0.943540293011908
25777,LOF,0.30686530389513506,0.07010441041867485,0.62303028568619
25778,LOF,0.02751060143786502,0.04805035913222143,0.9244390394299136
25779,GOF,0.08483150278680339,0.8499354905099118,0.06523300670328466
25780,GOF,0.10468273429406401,0.8353608667526163,0.05995639895331956
25781,GOF,0.042143432855135984,0.8409129246069421,0.11694364253792194
25782,GOF,0.050997299315964376,0.883388048500495,0.06561465218354054
25783,GOF,0.04498397790209711,0.9054779829153257,0.04953803918257712
25784,GOF,0.12824600126261212,0.822191764231154,0.04956223450623385
25785,GOF,0.14911603192798384,0.8101256812795206,0.04075828679249571
25786,GOF,0.014477183779589078,0.8685142938504399,0.11700852236997095
25787,GOF,0.2828124667622551,0.6733003454724037,0.0438871877653414
25788,LOF,0.018644396653452893,0.15171453714730726,0.8296410661992398
25789,GOF,0.025976692160185805,0.837904328657543,0.13611897918227095
25790,GOF,0.04044980239440876,0.8570717698224223,0.10247842778316887
25791,GOF,0.03486352683989017,0.730382414907767,0.23475405825234283
25792,GOF,0.04104393383610289,0.7771370645229377,0.18181900164095938
25793,GOF,0.06363771863579137,0.7968612179950252,0.13950106336918358
25794,GOF,0.07592937253610225,0.7140292726722398,0.21004135479165797
25795,GOF,0.06989321554843247,0.7129099235309152,0.21719686092065238
25796,GOF,0.1688273414106027,0.7428156252657174,0.08835703332367979
25797,GOF,0.12556373345272792,0.6935143015825177,0.18092196496475432
25798,GOF,0.009551139259773814,0.7547913528272813,0.23565750791294493
25799,GOF,0.005340429965742484,0.6355401827125683,0.3591193873216893
25800,GOF,0.034459873662385954,0.7886904257773331,0.17684970056028088
25801,GOF,0.030175279826796388,0.8864798528708016,0.08334486730240195
25802,GOF,0.040060367880372885,0.7535000925620574,0.2064395395575697
25803,GOF,0.028683406933813112,0.6836499660218728,0.28766662704431406
25804,GOF,0.04527912033642365,0.7389455001387845,0.21577537952479187
25805,GOF,0.04308591068071019,0.7645545837304596,0.1923595055888301
25806,GOF,0.05598435783118934,0.7760580224357498,0.1679576197330608
25807,GOF,0.017950867295088553,0.7363507926826757,0.24569834002223584
25808,GOF,0.03393285069555665,0.7581087774554488,0.20795837184899452
25809,GOF,0.01663730111820222,0.688068428704502,0.2952942701772957
25810,GOF,0.014976910869266946,0.6688099802367898,0.3162131088939432
25811,GOF,0.07745679131073997,0.8361394151656779,0.08640379352358221
25812,GOF,0.03455706694021678,0.7390550782432079,0.2263878548165753
25813,GOF,0.1918767655523365,0.7251241471938422,0.08299908725382142
25814,GOF,0.03947289240686256,0.766366203005544,0.1941609045875934
25815,GOF,0.07175691115257737,0.8043854936781415,0.12385759516928112
25816,GOF,0.01177181858231409,0.8423220104753117,0.14590617094237412
25817,GOF,0.1362074999576036,0.7612381355824316,0.1025543644599649
25818,GOF,0.03709821823486674,0.7451192735827085,0.2177825081824249
25819,GOF,0.07138219579236293,0.7265028281946339,0.20211497601300327
25820,GOF,0.06551902361082698,0.6935151205287384,0.24096585586043445
25821,GOF,0.04412953860373081,0.7465017789843237,0.20936868241194548
25822,GOF,0.08440719325809588,0.6921034499632758,0.22348935677862825
25823,GOF,0.038554402617788655,0.6481475333532306,0.31329806402898075
25824,GOF,0.04219901765426408,0.7148248093488562,0.2429761729968799
25825,GOF,0.03233494420491502,0.6971368093992625,0.27052824639582246
25826,GOF,0.016182881772364835,0.6493271222987033,0.3344899959289319
25827,GOF,0.018911888522507154,0.6485897631603055,0.33249834831718733
25828,GOF,0.014992446789922412,0.6897788819502554,0.2952286712598222
25829,GOF,0.005318899421019797,0.6198114574332879,0.37486964314569227
25830,GOF,0.046667555601785905,0.4897479620018708,0.4635844823963433
25831,GOF,0.07318706332957095,0.7724327022240436,0.15438023444638535
25832,GOF,0.013181859652907307,0.6909656468388383,0.2958524935082544
25833,GOF,0.047773140272078525,0.7564157838179086,0.19581107591001287
25834,GOF,0.013284178130796085,0.7008798026346935,0.2858360192345104
25835,GOF,0.031248970693561893,0.7619953101191785,0.20675571918725957
25836,GOF,0.00868391171643045,0.6738973971272721,0.31741869115629734
25837,GOF,0.013089609255899396,0.694562856740192,0.2923475340039086
25838,GOF,0.033031056086348175,0.7759298433815819,0.1910391005320698
25839,GOF,0.1033004085618364,0.7330160037805025,0.16368358765766122
25840,GOF,0.12763715629438616,0.6999198671354592,0.17244297657015473
25841,GOF,0.12082278055182749,0.7438093592778763,0.13536786017029614
25842,GOF,0.03832206488479862,0.8390393468460874,0.12263858826911392
25843,GOF,0.03943705147037297,0.8476509124769593,0.11291203605266777
25844,GOF,0.027542816646648444,0.7647567315720549,0.2077004517812967
25845,GOF,0.008212939331790875,0.6698608771488874,0.32192618351932173
25846,GOF,0.08243120120141383,0.8056337451695932,0.11193505362899299
25847,GOF,0.01930463556376963,0.839454435792651,0.1412409286435796
25848,GOF,0.032861296445769614,0.7917880999089032,0.17535060364532712
25849,GOF,0.009533149935213198,0.7602344612140641,0.2302323888507227
25850,GOF,0.008876217568780372,0.6723534009282068,0.3187703815030127
25851,GOF,0.008378180478555264,0.622259828174753,0.36936199134669173
25852,GOF,0.1754833061926545,0.5278483199757902,0.2966683738315554
25853,GOF,0.0831946601846235,0.7753380791988556,0.14146726061652096
25854,GOF,0.007579112935275155,0.6577152365324909,0.334705650532234
25855,GOF,0.027199154866602678,0.6419966286599811,0.33080421647341623
25856,GOF,0.05471371793629379,0.7135491992129909,0.23173708285071531
25857,GOF,0.028208513633244944,0.6421438619132387,0.3296476244535164
25858,GOF,0.011432056387740272,0.5827893834636897,0.40577856014857
25859,GOF,0.008211933760623647,0.5533245925512525,0.4384634736881239
25860,GOF,0.1002933232230269,0.728696013510114,0.17101066326685904
25861,GOF,0.12628078775520368,0.7410562407913257,0.13266297145347078
25862,GOF,0.03040422174705352,0.8562153929370488,0.1133803853158977
25863,GOF,0.027126957620031505,0.8439253163070126,0.12894772607295596
25864,GOF,0.07167050292620969,0.82796651141612,0.10036298565767028
25865,GOF,0.06475028884212931,0.7910341972124568,0.14421551394541385
25866,GOF,0.03174037084207354,0.8061000501200881,0.16215957903783834
25867,GOF,0.05055723889914239,0.8108088334311974,0.13863392766966032
25868,GOF,0.08294409959746765,0.7315060889759731,0.18554981142655927
25869,GOF,0.42954336280427197,0.4559738449181679,0.11448279227756014
25870,GOF,0.08399839735513324,0.49257943544605964,0.4234221671988071
25871,GOF,0.012607665984505238,0.8064690940495135,0.18092323996598125
25872,GOF,0.029424076825810185,0.794208362306752,0.17636756086743782
25873,GOF,0.025850083763152277,0.85577322332088,0.11837669291596774
25874,LOF,0.01993774210845048,0.17300488684965135,0.8070573710418982
25875,LOF,0.023798472853702228,0.11634816253927208,0.8598533646070255
25876,LOF,0.019085779044397594,0.07381153243632235,0.90710268851928
25877,LOF,0.0862537765127294,0.2211416855093796,0.6926045379778911
25878,LOF,0.06288836333924251,0.28241644978349867,0.6546951868772588
25879,LOF,0.010574848023256277,0.21762658525663853,0.7717985667201053
25880,LOF,0.06598476785400023,0.02078592572223937,0.9132293064237604
25881,Neutral,0.5509202111952178,0.09170934549658981,0.3573704433081924
25882,LOF,0.0635131826722601,0.025026580688407525,0.9114602366393324
25883,LOF,0.031024964629179898,0.025522877577237042,0.9434521577935832
25884,LOF,0.02184912561452436,0.03686194764623398,0.9412889267392417
25885,LOF,0.1996336547214654,0.01173209534793925,0.7886342499305953
25886,LOF,0.25483007543748304,0.050799832342609014,0.694370092219908
25887,LOF,0.09260585049400576,0.11658097150811066,0.7908131779978836
25888,LOF,0.009769459746162418,0.15720051332078833,0.8330300269330493
25889,LOF,0.027977445563077706,0.03387442457633123,0.9381481298605912
25890,LOF,0.1809099938968591,0.07414343362223029,0.7449465724809106
25891,LOF,0.10556717136267557,0.03448648372288452,0.8599463449144398
25892,LOF,0.008459079874605755,0.02722898152496542,0.9643119386004287
25893,LOF,0.3118855050468255,0.009208254995112795,0.6789062399580617
25894,LOF,0.3301774773580211,0.007473718716145809,0.6623488039258332
25895,LOF,0.2652396466773032,0.013354826557806279,0.7214055267648906
25896,LOF,0.08635102473939167,0.028228196100023473,0.8854207791605848
25897,LOF,0.12038729353227728,0.012191210711014477,0.8674214957567081
25898,LOF,0.12426315160743155,0.028681435990590986,0.8470554124019773
25899,LOF,0.43099474410587935,0.033155159921979815,0.5358500959721408
25900,Neutral,0.6595870022709771,0.011889800474965892,0.328523197254057
25901,LOF,0.10525667343953857,0.012511589423133495,0.882231737137328
25902,LOF,0.10356246736011648,0.013962548500756159,0.8824749841391273
25903,LOF,0.1852475744797885,0.02453201672712408,0.7902204087930874
25904,Neutral,0.552826109164526,0.03934641735535205,0.40782747348012194
25905,LOF,0.007456348141636426,0.4081932634413822,0.5843503884169814
25906,LOF,0.009535504318400275,0.06871388959962448,0.9217506060819753
25907,LOF,0.00929206229820582,0.24376867543866187,0.7469392622631323
25908,LOF,0.008657989509523083,0.2408290775935987,0.7505129328968781
25909,LOF,0.033025547312219614,0.08474696539785033,0.8822274872899301
25910,LOF,0.013141468426026632,0.16105914712839411,0.8257993844455792
25911,LOF,0.19149915837532275,0.026093397640312828,0.7824074439843645
25912,LOF,0.10742149408266598,0.019361987852014605,0.8732165180653193
25913,LOF,0.017892967037147208,0.028324085754618297,0.9537829472082345
25914,LOF,0.04106218601622551,0.02755065878118461,0.9313871552025899
25915,LOF,0.13264096328201055,0.19710500770237127,0.6702540290156181
25916,LOF,0.012813271521472103,0.09369922037881027,0.8934875080997176
25917,LOF,0.0822973250306595,0.030523383941834927,0.8871792910275057
25918,LOF,0.03961622835388398,0.015352588047918378,0.9450311835981977
25919,LOF,0.03363061410228259,0.017048423570753493,0.9493209623269641
25920,LOF,0.3259448347893021,0.16022569935971503,0.5138294658509829
25921,LOF,0.0215107462691069,0.01805044956530081,0.9604388041655922
25922,LOF,0.019068490176349578,0.020526495022618794,0.9604050148010316
25923,LOF,0.4579107109724514,0.012132174166684299,0.5299571148608643
25924,LOF,0.02772549170654241,0.01940430098222051,0.9528702073112371
25925,LOF,0.11759013315262264,0.027918707956586495,0.8544911588907909
25926,LOF,0.0976303018029979,0.020120527823498078,0.8822491703735039
25927,LOF,0.026129931153359,0.04162796029548657,0.9322421085511545
25928,LOF,0.01468370491782592,0.0228284015612721,0.9624878935209019
25929,Neutral,0.6031740794241169,0.011895174230932727,0.3849307463449504
25930,LOF,0.10658783053382408,0.011715310255716432,0.8816968592104595
25931,LOF,0.01741599930849823,0.016827579864047124,0.9657564208274547
25932,LOF,0.09539842006074509,0.013039336728881622,0.8915622432103733
25933,LOF,0.09200924376000749,0.0075497260133474305,0.9004410302266451
25934,LOF,0.09594785922869278,0.007170807011722086,0.8968813337595851
25935,LOF,0.1219667584128026,0.02128477808541844,0.8567484635017789
25936,LOF,0.11289049235099666,0.008117219913434085,0.8789922877355694
25937,LOF,0.023827190725244123,0.013083936388752148,0.9630888728860036
25938,LOF,0.12061502868362793,0.018934862711421776,0.8604501086049504
25939,LOF,0.0751940516886816,0.011186928316730169,0.9136190199945883
25940,GOF,0.01218941691615507,0.5251260113902982,0.46268457169354665
25941,LOF,0.4671789497804177,0.046335562988428995,0.48648548723115315
25942,LOF,0.011336864260755662,0.05104053359332573,0.9376226021459186
25943,LOF,0.054016399983368435,0.20604209761707387,0.7399415023995577
25944,LOF,0.06193101845140185,0.11142719073448351,0.8266417908141147
25945,LOF,0.17416094050416045,0.03179091322780831,0.7940481462680313
25946,LOF,0.08079618601646392,0.03942885475937218,0.8797749592241639
25947,Neutral,0.49578547698572273,0.13834699111183352,0.36586753190244387
25948,LOF,0.40064802146965667,0.012006612495058615,0.5873453660352848
25949,LOF,0.13645716507622735,0.06849872082695373,0.795044114096819
25950,GOF,0.10903296702250696,0.5779652694553132,0.31300176352217973
25951,LOF,0.011486427327402807,0.4648017719830787,0.5237118006895185
25952,LOF,0.18726501866083023,0.23497370917799915,0.5777612721611706
25953,LOF,0.00807125313905149,0.2972384973671138,0.6946902494938347
25954,LOF,0.0830935859671178,0.4282956638943318,0.4886107501385505
25955,LOF,0.009978514938727118,0.24826053933151546,0.7417609457297574
25956,LOF,0.011439720784407656,0.3460627882188731,0.6424974909967193
25957,LOF,0.17618594125134737,0.0504625764983027,0.7733514822503499
25958,LOF,0.03425159852594481,0.062142797921949995,0.9036056035521052
25959,GOF,0.006541698130489339,0.7393520949952863,0.2541062068742243
25960,LOF,0.004719958237147417,0.13271297291928005,0.8625670688435726
25961,LOF,0.02724814828890793,0.049463965950492406,0.9232878857605997
25962,LOF,0.0388326374756882,0.08656751747761128,0.8745998450467005
25963,LOF,0.009903240737059175,0.13221591432861873,0.857880844934322
25964,LOF,0.04261032067753349,0.1255129529785168,0.8318767263439497
25965,LOF,0.18966681876780989,0.15760339738302478,0.6527297838491654
25966,LOF,0.30900517000169087,0.11175425818474893,0.5792405718135601
25967,LOF,0.006821714964872529,0.08544510650519449,0.907733178529933
25968,LOF,0.0518670686029364,0.28737099375084535,0.6607619376462183
25969,LOF,0.13932355513952605,0.0672638507929437,0.7934125940675303
25970,LOF,0.05927442754552024,0.0585988072478164,0.8821267652066633
25971,LOF,0.06614301366123973,0.03313474060307038,0.9007222457356899
25972,LOF,0.08236945177140527,0.05376124977215793,0.8638692984564368
25973,LOF,0.050622821296779474,0.009788223751763908,0.9395889549514566
25974,LOF,0.056582645539748004,0.04702005988595305,0.896397294574299
25975,LOF,0.033953369674338395,0.014464024657995653,0.951582605667666
25976,LOF,0.0863933107542149,0.011564408833688884,0.9020422804120961
25977,LOF,0.23236713763718655,0.050681060944742354,0.7169518014180711
25978,LOF,0.1489246093942387,0.14915688659636347,0.7019185040093978
25979,LOF,0.11785640010401702,0.15789911332738918,0.7242444865685939
25980,LOF,0.20015756288035716,0.22822978474408565,0.5716126523755573
25981,LOF,0.20118193699902395,0.23096428030017704,0.567853782700799
25982,LOF,0.3540504020933072,0.1103819371042284,0.5355676608024644
25983,Neutral,0.44842214387315593,0.11584430684535618,0.43573354928148794
25984,LOF,0.0641520507288104,0.09430444894253374,0.8415435003286559
25985,Neutral,0.48294514985209325,0.119054524962142,0.39800032518576467
25986,LOF,0.014360719668194478,0.4303004936227244,0.5553387867090811
25987,LOF,0.04060846675974837,0.10885908807285156,0.8505324451674
25988,LOF,0.06445559159168048,0.1613418466514527,0.774202561756867
25989,LOF,0.07425391989016944,0.24986243712296533,0.6758836429868652
25990,LOF,0.06260854222714575,0.37753022182862844,0.5598612359442258
25991,GOF,0.025348892268503717,0.5282515942869329,0.4463995134445634
25992,LOF,0.012711569459648958,0.4351299157885368,0.5521585147518143
25993,LOF,0.019255691504263858,0.06722264513720186,0.9135216633585342
25994,LOF,0.03018447640211398,0.06682137281890511,0.9029941507789808
25995,LOF,0.018661119834431302,0.12565464089831133,0.8556842392672573
25996,GOF,0.3280087037405155,0.39322072016056886,0.2787705760989156
25997,GOF,0.061274548549295496,0.49401680311601276,0.4447086483346918
25998,LOF,0.2536720006719507,0.0358607466693344,0.7104672526587148
25999,LOF,0.023831598899601642,0.35946634468160327,0.616702056418795
26000,LOF,0.13536035279165884,0.0150569839465931,0.849582663261748
26001,LOF,0.1572967906259363,0.022907049889844128,0.8197961594842196
26002,LOF,0.09347088718117466,0.0244426746393113,0.882086438179514
26003,GOF,0.007000435767759776,0.588389186125434,0.4046103781068062
26004,GOF,0.01899915687119893,0.5947477512276074,0.38625309190119367
26005,LOF,0.005716396387567727,0.44899928878520734,0.545284314827225
26006,GOF,0.11724662710573457,0.4663675251591018,0.4163858477351637
26007,LOF,0.01193522533765889,0.48566331120199485,0.5024014634603462
26008,GOF,0.007517245526656567,0.558285482991808,0.43419727148153553
26009,GOF,0.01290895167136243,0.5977656883987946,0.389325359929843
26010,GOF,0.010225797441318803,0.5475251908969876,0.4422490116616936
26011,LOF,0.005562458077081247,0.41441594966734363,0.5800215922555751
26012,GOF,0.005788009642310163,0.5079192698120218,0.4862927205456679
26013,GOF,0.011608126628834065,0.5416791864494178,0.44671268692174804
26014,LOF,0.042980931140080766,0.07465090561351932,0.8823681632463999
26015,LOF,0.4289099493336193,0.02198979107496301,0.5491002595914176
26016,LOF,0.27870550434502184,0.026168388038070763,0.6951261076169074
26017,LOF,0.017869409519809403,0.12484713694341151,0.857283453536779
26018,LOF,0.03251314750800912,0.055715096672322204,0.9117717558196686
26019,LOF,0.03238016046057378,0.04987572859841547,0.9177441109410108
26020,LOF,0.006666255487974035,0.12277621288178824,0.8705575316302379
26021,LOF,0.07251288625213609,0.05602635893362678,0.8714607548142371
26022,LOF,0.03715167855751128,0.023970863698647076,0.9388774577438417
26023,LOF,0.025278247130122694,0.03455396691486995,0.9401677859550073
26024,LOF,0.04733723741678915,0.044163247397093174,0.9084995151861176
26025,LOF,0.11947483128225468,0.04410209690037943,0.8364230718173657
26026,LOF,0.11277769446393705,0.03365130529349449,0.8535710002425684
26027,LOF,0.03213181496835094,0.02169719076766605,0.946170994263983
26028,LOF,0.05897159570667167,0.17352885669100948,0.7674995476023188
26029,LOF,0.029842489900069862,0.1960846072558305,0.7740729028440997
26030,LOF,0.11779317645491619,0.024890726285421716,0.8573160972596622
26031,LOF,0.012758561944195215,0.17731884840049963,0.8099225896553051
26032,LOF,0.03555903462314408,0.04934948727696323,0.9150914780998928
26033,LOF,0.03724162100449024,0.04612349215496143,0.9166348868405484
26034,LOF,0.018871187652101957,0.1141040233116077,0.8670247890362903
26035,LOF,0.012064527922024358,0.12282632111652801,0.8651091509614476
26036,LOF,0.010801841765665279,0.09867097720517164,0.8905271810291631
26037,LOF,0.011005013524048271,0.1108825881114918,0.87811239836446
26038,LOF,0.030290950852518074,0.04235225408616691,0.927356795061315
26039,LOF,0.030486408819144353,0.14518123842840794,0.8243323527524478
26040,LOF,0.08019294067734764,0.122758604827599,0.7970484544950533
26041,LOF,0.012772384270891312,0.10184592511122505,0.8853816906178836
26042,LOF,0.011556647702295395,0.10724353579811119,0.8811998164995934
26043,LOF,0.030975165381071403,0.07083617485115958,0.898188659767769
26044,LOF,0.007152868622558497,0.05023441022331225,0.9426127211541293
26045,LOF,0.08662745237504714,0.20076873623859953,0.7126038113863533
26046,LOF,0.027535921383090526,0.04466645743686378,0.9277976211800456
26047,LOF,0.05952187917317361,0.045649050708411694,0.8948290701184146
26048,LOF,0.07900458322477723,0.02296841491947282,0.89802700185575
26049,Neutral,0.9439146369360953,0.007311352106508491,0.04877401095739624
26050,Neutral,0.9125898092451775,0.00807196273512128,0.0793382280197012
26051,LOF,0.029346243300480197,0.2926908965472706,0.6779628601522493
26052,LOF,0.03256437363521759,0.23122454912555404,0.7362110772392284
26053,LOF,0.017332563404279397,0.19665819330744969,0.7860092432882709
26054,LOF,0.058733172630867435,0.04570500109188601,0.8955618262772466
26055,LOF,0.08000273041313094,0.04590233882587855,0.8740949307609905
26056,LOF,0.06573988663513343,0.05968622531942562,0.874573888045441
26057,LOF,0.06552204840565039,0.02732135698566815,0.9071565946086814
26058,LOF,0.07270722495067347,0.021920385427329533,0.905372389621997
26059,LOF,0.20271614099549848,0.07299634270148998,0.7242875163030115
26060,LOF,0.015058047801193991,0.22564791057862915,0.7592940416201769
26061,LOF,0.011064200934755852,0.017009116879306146,0.9719266821859379
26062,LOF,0.0058257272576991955,0.025307477287965906,0.968866795454335
26063,LOF,0.05074351987072619,0.017668775100771583,0.9315877050285023
26064,LOF,0.013720143353241475,0.02311604045581324,0.9631638161909454
26065,LOF,0.06528578636750387,0.023458836124350502,0.9112553775081456
26066,LOF,0.05110776929425547,0.018432074955223428,0.9304601557505211
26067,LOF,0.05816323346497243,0.015959601938435805,0.9258771645965919
26068,LOF,0.0562719329370155,0.03927462433287917,0.9044534427301054
26069,LOF,0.18775690256018568,0.0385392177634755,0.7737038796763388
26070,LOF,0.3981790411467675,0.02237502949992312,0.5794459293533094
26071,LOF,0.049230807048428096,0.017990675901471947,0.9327785170501001
26072,LOF,0.006971065940071511,0.030971414152193996,0.9620575199077346
26073,LOF,0.045628136277453185,0.02364853985442885,0.930723323868118
26074,Neutral,0.6773657062295033,0.015210498315177505,0.3074237954553193
26075,LOF,0.04664681654379173,0.029284320291917104,0.9240688631642913
26076,LOF,0.04631783306645795,0.017774418027028054,0.9359077489065141
26077,LOF,0.17124044087651139,0.013924713410388201,0.8148348457131004
26078,LOF,0.00653680440540372,0.03106116624923852,0.9624020293453578
26079,LOF,0.06082617744224751,0.030993784161586647,0.9081800383961658
26080,LOF,0.05993067051270179,0.031021458529718524,0.9090478709575797
26081,LOF,0.04445862742905086,0.015673078276244198,0.9398682942947049
26082,LOF,0.006425577696901599,0.028536605568939694,0.9650378167341587
26083,LOF,0.10877265974754016,0.03254576957468881,0.858681570677771
26084,LOF,0.12530705824941565,0.027052466318192785,0.8476404754323915
26085,LOF,0.11298152237864145,0.021224169563253514,0.8657943080581051
26086,LOF,0.04297996688614449,0.020419237796095106,0.9366007953177604
26087,LOF,0.04400534045851601,0.02123768053278652,0.9347569790086975
26088,LOF,0.006552633780513001,0.05211407705679169,0.9413332891626954
26089,LOF,0.042432050140589095,0.04722055662127828,0.9103473932381327
26090,LOF,0.04295219564428807,0.03682390936531479,0.9202238949903971
26091,LOF,0.03218786413330224,0.014937867867237439,0.9528742679994604
26092,LOF,0.04756543428418009,0.014917937504748983,0.9375166282110708
26093,LOF,0.06524997498693633,0.010764084339949744,0.9239859406731139
26094,LOF,0.037994982938197974,0.013170917551982946,0.9488340995098191
26095,LOF,0.011654462019467926,0.035057856324589264,0.9532876816559428
26096,LOF,0.23246116885838777,0.007802006474238006,0.7597368246673742
26097,LOF,0.0066554780110060175,0.06108640999020136,0.9322581119987926
26098,LOF,0.055191084339147906,0.02843902017871773,0.9163698954821344
26099,LOF,0.045487795040491386,0.03582544721059404,0.9186867577489145
26100,LOF,0.045487795040491386,0.03582544721059404,0.9186867577489145
26101,LOF,0.04693093148141401,0.052150510705198584,0.9009185578133874
26102,LOF,0.038854434438071635,0.02681778300856007,0.9343277825533683
26103,Neutral,0.8967614418418415,0.03822600241641374,0.06501255574174482
26104,LOF,0.056669111465403973,0.05560969797075501,0.887721190563841
26105,LOF,0.21617699436542204,0.11829848138526738,0.6655245242493105
26106,LOF,0.2559374396739032,0.046006639915226265,0.6980559204108704
26107,LOF,0.0158902374150042,0.05894168425885759,0.9251680783261381
26108,LOF,0.15537444970707676,0.056447226773479624,0.7881783235194435
26109,LOF,0.05865572234434736,0.05228188953250154,0.8890623881231511
26110,LOF,0.4356285383311777,0.010232316307806504,0.5541391453610158
26111,LOF,0.060652626836864204,0.06328460146504175,0.876062771698094
26112,LOF,0.05735482958388408,0.010359801010246514,0.9322853694058694
26113,LOF,0.10457816332335501,0.02827323153038874,0.8671486051462562
26114,LOF,0.09674241358770402,0.0077977475882421545,0.8954598388240538
26115,LOF,0.0176537913475006,0.06512520386021166,0.9172210047922877
26116,LOF,0.08000803206865195,0.02237314745359299,0.8976188204777551
26117,LOF,0.37944630814742586,0.036257223813570785,0.5842964680390034
26118,LOF,0.03792914538880603,0.016523112003428146,0.9455477426077658
26119,LOF,0.006407395588735364,0.07172165574864166,0.9218709486626229
26120,LOF,0.03243443586205617,0.01591923986108099,0.9516463242768629
26121,LOF,0.004682216104946057,0.1087966821163149,0.886521101778739
