feature0,prediction,LoGoFunc_Neutral,LoGoFunc_GOF,LoGoFunc_LOF
25546,Neutral,0.7545519684498013,0.04706060745929367,0.19838742409090482
25547,Neutral,0.5853347748172983,0.09039329535665731,0.3242719298260444
25548,Neutral,0.6111505937210504,0.06807266144767671,0.32077674483127283
25549,Neutral,0.5259947919717014,0.0674270081456715,0.4065781998826271
25550,LOF,0.3504657693602558,0.14427569926958908,0.5052585313701551
25551,LOF,0.27550185054936716,0.15755838216749657,0.5669397672831363
25552,LOF,0.19721453020764068,0.14612477777863372,0.6566606920137256
25553,Neutral,0.8475084742970002,0.031045717321859432,0.12144580838114037
25554,LOF,0.2312688381580679,0.13996172272655796,0.6287694391153741
25555,LOF,0.18969968230545117,0.12280940636576436,0.6874909113287844
25556,Neutral,0.4410037768669977,0.11903590593801236,0.4399603171949899
25557,LOF,0.18021968513368164,0.1276630038517269,0.6921173110145914
25558,LOF,0.21414498534577425,0.1417289148244301,0.6441260998297957
25559,LOF,0.38677679668636883,0.13740973739188733,0.47581346592174384
25560,LOF,0.051513632216143336,0.1347371746156141,0.8137491931682425
25561,LOF,0.11800238552568129,0.12859210272479174,0.753405511749527
25562,LOF,0.08328791116233643,0.07152849380759536,0.8451835950300682
25563,LOF,0.10795411063074399,0.08230567021955872,0.8097402191496973
25564,LOF,0.2363085455301487,0.13677026672426676,0.6269211877455846
25565,LOF,0.13822623678290474,0.13592983009802662,0.7258439331190687
25566,GOF,0.012495445923707937,0.7711304423044996,0.21637411177179258
25567,LOF,0.022352916225722805,0.20751497174088915,0.770132112033388
25568,LOF,0.05336099737918355,0.07606876970124303,0.8705702329195735
25569,LOF,0.05574537407409871,0.07909026199892591,0.8651643639269755
25570,LOF,0.05443798629910836,0.12656085941941345,0.8190011542814781
25571,LOF,0.047752429468612155,0.11984531771389792,0.8324022528174899
25572,LOF,0.06287903986653746,0.13315153679648142,0.8039694233369811
25573,LOF,0.031151496125824473,0.11283056759048106,0.8560179362836945
25574,LOF,0.021427038656296207,0.1730642862963755,0.8055086750473284
25575,LOF,0.03820887573947547,0.13139033424343924,0.8304007900170852
25576,LOF,0.019260996596755533,0.1557040183838884,0.825034985019356
25577,LOF,0.015601957403689937,0.13238346551507346,0.8520145770812365
25578,LOF,0.281732900672657,0.10420497878705373,0.6140621205402892
25579,LOF,0.11687781810928109,0.12225864739874782,0.7608635344919712
25580,LOF,0.028063225749730563,0.10257275358902179,0.8693640206612476
25581,LOF,0.049204820651672206,0.07982304741360687,0.8709721319347209
25582,LOF,0.04888027886376973,0.0787187823500987,0.8724009387861316
25583,LOF,0.034809749059815744,0.12037931941710443,0.84481093152308
25584,Neutral,0.4693936348320454,0.1335323601997603,0.39707400496819434
25585,LOF,0.019576026833408474,0.14831757017810274,0.8321064029884887
25586,LOF,0.02635484880108072,0.09441576332476422,0.8792293878741552
25587,LOF,0.02680585621334347,0.08976176869421115,0.8834323750924453
25588,LOF,0.02782442244819192,0.10564571528229268,0.8665298622695153
25589,Neutral,0.6201095614279004,0.1329505312036417,0.24693990736845797
25590,LOF,0.03319176470338611,0.14981685231713995,0.8169913829794738
25591,LOF,0.09352546380074866,0.07289140751204402,0.8335831286872073
25592,LOF,0.09158348273343365,0.15811455931794413,0.7503019579486223
25593,LOF,0.03009696218599146,0.30603910185305255,0.6638639359609559
25594,LOF,0.043417720243483636,0.15791912681377357,0.7986631529427427
25595,LOF,0.053138200206103645,0.12174120419442382,0.8251205955994725
25596,LOF,0.049190230608726175,0.0762580855345936,0.8745516838566801
25597,LOF,0.03480681273528717,0.07865462174234901,0.8865385655223639
25598,LOF,0.05118622133740839,0.1181161481154353,0.8306976305471563
25599,GOF,0.006504084501371298,0.6103608887912634,0.3831350267073653
25600,GOF,0.012716865503072106,0.6314973793205941,0.3557857551763336
25601,LOF,0.009166259771855426,0.43229795243531755,0.558535787792827
25602,LOF,0.02050051980591673,0.04050239227786566,0.9389970879162175
25603,LOF,0.06035215733381988,0.016838358431312383,0.9228094842348677
25604,LOF,0.03532133212242849,0.0441873033471243,0.9204913645304472
25605,LOF,0.010834392051836866,0.19075811729537887,0.7984074906527843
25606,LOF,0.10716024906494784,0.319370748098279,0.5734690028367732
25607,LOF,0.006569025220281699,0.17994390230789398,0.8134870724718243
25608,LOF,0.01679717025917803,0.09722245915411905,0.8859803705867029
25609,LOF,0.051743558239644015,0.4123373972161335,0.5359190445442225
25610,LOF,0.030557551396827524,0.026040389863810843,0.9434020587393617
25611,LOF,0.037392854124555,0.02451653365968464,0.9380906122157603
25612,LOF,0.09262653012956944,0.03557273162174589,0.8718007382486846
25613,LOF,0.08004508790366802,0.03713828874465628,0.8828166233516757
25614,LOF,0.03143180122788398,0.030044088576386203,0.9385241101957299
25615,LOF,0.03563655802289082,0.04528759010560141,0.9190758518715076
25616,LOF,0.026004821507012187,0.030897789241526835,0.943097389251461
25617,LOF,0.02710663946431471,0.03592361514339214,0.9369697453922932
25618,LOF,0.1359722004703915,0.030847084950731324,0.8331807145788772
25619,LOF,0.027082584691562092,0.02970014709792245,0.9432172682105155
25620,LOF,0.032803265331980545,0.0374089234017388,0.9297878112662806
25621,LOF,0.024892098875355192,0.032668304980516746,0.942439596144128
25622,LOF,0.03310269756860808,0.03706051818258705,0.9298367842488048
25623,LOF,0.05279038398479021,0.028499778942993024,0.9187098370722169
25624,LOF,0.024515606439718684,0.038136005101675016,0.9373483884586062
25625,LOF,0.03297157140916034,0.04202728836185326,0.9250011402289864
25626,LOF,0.0744024805002651,0.03157029910032738,0.8940272203994074
25627,Neutral,0.5511761683521025,0.11524091848663223,0.33358291316126526
25628,LOF,0.21316479607433625,0.053122851482913604,0.73371235244275
25629,LOF,0.060235409243781915,0.05629009776537844,0.8834744929908396
25630,LOF,0.18221914985503285,0.08235961281536527,0.7354212373296019
25631,Neutral,0.621232510286611,0.05769054510364717,0.3210769446097418
25632,LOF,0.012956937363676535,0.11670298636761862,0.8703400762687048
25633,LOF,0.10196966598464666,0.08614798024106907,0.8118823537742842
25634,LOF,0.033684175863580516,0.11446986123779014,0.8518459628986293
25635,LOF,0.037972883727694924,0.0846297415467455,0.8773973747255595
25636,GOF,0.0041385686612515436,0.5927747121713655,0.4030867191673831
25637,GOF,0.0038705830407292532,0.6346225187066595,0.3615068982526113
25638,LOF,0.0068160278468918515,0.352525139007798,0.6406588331453101
25639,LOF,0.003942419733340093,0.4758886358707872,0.5201689443958727
25640,GOF,0.45731641225170727,0.4723825196881042,0.07030106806018849
25641,LOF,0.008467171601711803,0.330990258194235,0.6605425702040532
25642,LOF,0.2457568603050366,0.062052661054608715,0.6921904786403547
25643,LOF,0.30176059222642165,0.16392085663853373,0.5343185511350446
25644,GOF,0.013535733304886728,0.5262738500430634,0.46019041665204996
25645,LOF,0.011065340246833224,0.46007400035097284,0.528860659402194
25646,LOF,0.0168411366192238,0.3184964934253821,0.6646623699553941
25647,LOF,0.012397379784983889,0.2712508625752193,0.7163517576397967
25648,LOF,0.01281362225254497,0.2672012270057855,0.7199851507416695
25649,LOF,0.010410824479085234,0.19886453854330258,0.7907246369776122
25650,LOF,0.019124503036386836,0.4235764415466642,0.557299055416949
25651,LOF,0.0077286846532688145,0.26597885912288854,0.7262924562238425
25652,LOF,0.013026142085654538,0.24654091571638384,0.7404329421979617
25653,LOF,0.046452712113786106,0.3504286568650398,0.6031186310211741
25654,LOF,0.014065434969831626,0.13125795722989464,0.8546766078002737
25655,LOF,0.07154556576592606,0.3826212611556342,0.5458331730784398
25656,LOF,0.10131809710768148,0.06091537728396757,0.837766525608351
25657,LOF,0.32869612054502084,0.029071677952830395,0.6422322015021487
25658,LOF,0.047125244480994984,0.07752394980967939,0.8753508057093256
25659,LOF,0.3848406939815999,0.06977300801172648,0.5453862980066736
25660,LOF,0.06236914036436819,0.09498473994951054,0.8426461196861212
25661,LOF,0.0436706475767352,0.07229947104068361,0.8840298813825812
25662,LOF,0.027534551241415465,0.04904368289729074,0.9234217658612938
25663,LOF,0.03573252830777033,0.07602872693426485,0.8882387447579648
25664,LOF,0.043592330324925835,0.08495191999283848,0.8714557496822357
25665,LOF,0.059626378115065305,0.04307201190610927,0.8973016099788255
25666,LOF,0.037479013852394466,0.12019260079933726,0.8423283853482683
25667,LOF,0.031353148059332855,0.05392038941685515,0.9147264625238121
25668,LOF,0.031867117520859356,0.05740536401940172,0.9107275184597389
25669,LOF,0.03791516478107525,0.08246000618137533,0.8796248290375495
25670,LOF,0.08398173100898529,0.09445834754197062,0.8215599214490441
25671,LOF,0.03778976043236367,0.05118962093630625,0.9110206186313301
25672,LOF,0.06472783482860112,0.06188713853818595,0.8733850266332128
25673,LOF,0.04439121711266295,0.07339290334275896,0.882215879544578
25674,LOF,0.04183203395482041,0.07464712598703485,0.8835208400581448
25675,LOF,0.04843611155704804,0.06511853833784824,0.8864453501051038
25676,LOF,0.03426551367461626,0.0619390684851075,0.9037954178402763
25677,LOF,0.05649635695159737,0.06827240113842419,0.8752312419099784
25678,LOF,0.29380052932772077,0.03870298261076119,0.6674964880615181
25679,LOF,0.1715753628545904,0.08116303266515126,0.7472616044802582
25680,LOF,0.05518906202350384,0.10489673739205306,0.8399142005844432
25681,LOF,0.0941913432540464,0.09635731861449608,0.8094513381314575
25682,LOF,0.04161324128185693,0.08278636011661862,0.8756003986015244
25683,LOF,0.09542726693811938,0.09614740248859142,0.8084253305732892
25684,LOF,0.0558317938243964,0.08771215617614266,0.8564560499994608
25685,LOF,0.11516610491226485,0.05349313142309165,0.8313407636646435
25686,LOF,0.0361687941754051,0.11305563957091451,0.8507755662536803
25687,LOF,0.04549841558137377,0.0891616217561187,0.8653399626625076
25688,LOF,0.02793095186154066,0.09348774427454212,0.8785813038639172
25689,LOF,0.019530312614459117,0.08329476152903538,0.8971749258565055
25690,LOF,0.021514723997587224,0.08259560323209007,0.8958896727703227
25691,LOF,0.22871067732033368,0.09977347610088894,0.6715158465787775
25692,LOF,0.296127906548603,0.009457496388439925,0.6944145970629572
25693,LOF,0.0881512389379431,0.1689255315003269,0.74292322956173
25694,LOF,0.25092705488398453,0.01967841707647645,0.7293945280395391
25695,LOF,0.16493676515325326,0.027453616043295156,0.8076096188034516
25696,LOF,0.18728776060218058,0.014185177948012042,0.7985270614498073
25697,LOF,0.15379572680977716,0.030363243273420003,0.815841029916803
25698,LOF,0.033274158568047954,0.4267675204914,0.5399583209405521
25699,LOF,0.06588174129592599,0.07725952507017168,0.8568587336339023
25700,LOF,0.032757246366336354,0.0098209788486406,0.9574217747850231
25701,LOF,0.018353003061297186,0.06688995732116076,0.9147570396175421
25702,GOF,0.03947381037597959,0.7256736987187182,0.23485249090530214
25703,LOF,0.014099019928914262,0.20191532663819856,0.7839856534328872
25704,LOF,0.10661866766688907,0.15041658299444566,0.7429647493386653
25705,LOF,0.05844028522731665,0.252161119466801,0.6893985953058824
25706,GOF,0.056224571716271356,0.5847616678331988,0.35901376045052974
25707,GOF,0.027993304574326385,0.4907401358775439,0.4812665595481298
25708,LOF,0.009227881676791104,0.4395864880627007,0.5511856302605082
25709,LOF,0.01937481353148243,0.06506791428032982,0.9155572721881877
25710,LOF,0.009151704066690322,0.16822672379320866,0.8226215721401011
25711,LOF,0.02109726819948035,0.12105006900594037,0.8578526627945793
25712,LOF,0.010690702407879206,0.2168367411936017,0.7724725563985192
25713,LOF,0.01867183225023266,0.1030438724376614,0.8782842953121058
25714,LOF,0.02069985123248582,0.12899449591241197,0.8503056528551022
25715,LOF,0.020109831148383665,0.1128334129121691,0.8670567559394472
25716,LOF,0.01013042599007688,0.1215135412555515,0.8683560327543717
25717,LOF,0.006669236876500995,0.13228955621620375,0.8610412069072954
25718,LOF,0.017972423291686947,0.0784521950977519,0.9035753816105612
25719,LOF,0.03361568004177869,0.0793599379880062,0.8870243819702152
25720,LOF,0.02236049291264113,0.09286828360180222,0.8847712234855566
25721,LOF,0.023393681888778245,0.0934746359917889,0.8831316821194328
25722,LOF,0.018274283194969106,0.12353410570588302,0.858191611099148
25723,LOF,0.02139585837080938,0.06875993803472455,0.909844203594466
25724,LOF,0.03456823125044152,0.09853350498575329,0.8668982637638052
25725,LOF,0.021264691685577673,0.06519109445386215,0.9135442138605601
25726,LOF,0.016481481404562164,0.09935386745154871,0.8841646511438891
25727,LOF,0.020609629092997676,0.08317225891388927,0.8962181119931131
25728,LOF,0.018431293388595928,0.09544489319661247,0.8861238134147916
25729,LOF,0.01919908357722021,0.09488775225910391,0.8859131641636759
25730,LOF,0.01943785941766511,0.07894113936699723,0.9016210012153377
25731,LOF,0.012287995600245802,0.1601602306626674,0.8275517737370867
25732,LOF,0.01813138777461347,0.09073503340911161,0.891133578816275
25733,LOF,0.029502039617012747,0.07114511688970737,0.8993528434932799
25734,LOF,0.008300607194974198,0.18862897858901015,0.8030704142160158
25735,LOF,0.022442845374366645,0.06771751054037602,0.9098396440852573
25736,LOF,0.021602219481945007,0.10103073740808531,0.8773670431099697
25737,LOF,0.03957607165402039,0.0832805147130252,0.8771434136329544
25738,LOF,0.02053633368161321,0.12271676628570696,0.8567469000326797
25739,LOF,0.020995342266911167,0.11937647673252304,0.8596281810005657
25740,LOF,0.05033625823034286,0.11252058777276315,0.837143153996894
25741,LOF,0.02512406185146459,0.09057730745979962,0.8842986306887358
25742,LOF,0.03551378915728171,0.10381896130444458,0.8606672495382737
25743,LOF,0.01070432470963626,0.055515062630073685,0.93378061266029
25744,GOF,0.12355720279429919,0.4910398292783397,0.385402967927361
25745,LOF,0.019398935808015844,0.07352767677162136,0.9070733874203629
25746,LOF,0.010848532660248586,0.09469251639820998,0.8944589509415414
25747,LOF,0.034246331311126116,0.04209960629747333,0.9236540623914006
25748,LOF,0.18570045425859794,0.07822340662679994,0.7360761391146022
25749,LOF,0.013419856733875175,0.06232509734367692,0.9242550459224479
25750,LOF,0.01534854304803426,0.0945608680571358,0.8900905888948301
25751,LOF,0.03597963052214371,0.08389559269372619,0.88012477678413
25752,GOF,0.09695833798496711,0.6482028401358461,0.2548388218791869
25753,LOF,0.007404315706074684,0.35523068483738884,0.6373649994565365
25754,GOF,0.005696600943270808,0.8595121311144095,0.13479126794231971
25755,LOF,0.011302523062632344,0.4218307974604289,0.5668666794769388
25756,LOF,0.04919430913105252,0.42685455406960693,0.5239511367993406
25757,GOF,0.007193074752046426,0.8696064841630189,0.12320044108493473
25758,GOF,0.008374119978730027,0.8530785007121017,0.13854737930916822
25759,GOF,0.005362087009469572,0.5616816354426134,0.4329562775479171
25760,LOF,0.00712578465185052,0.28993286979997107,0.7029413455481783
25761,GOF,0.04994325563189537,0.8466487932389734,0.1034079511291313
25762,LOF,0.029936673593978093,0.3595096764574414,0.6105536499485805
25763,LOF,0.009846182620177682,0.23360711017881666,0.7565467072010057
25764,GOF,0.09420523660639185,0.557131307670784,0.3486634557228242
25765,GOF,0.008059304616788904,0.8270973567868786,0.16484333859633257
25766,GOF,0.03279360946930425,0.8073304662139188,0.15987592431677697
25767,LOF,0.018241302280779637,0.4797263900483068,0.5020323076709136
25768,LOF,0.03772061382446737,0.08030169281581159,0.881977693359721
25769,LOF,0.022602905503432785,0.07547739424542343,0.9019197002511438
25770,LOF,0.14101175850908243,0.06866628048218452,0.7903219610087331
25771,LOF,0.014609429160923278,0.07465865397571629,0.9107319168633605
25772,LOF,0.022217218081420565,0.028966276255987272,0.9488165056625921
25773,LOF,0.013485554276140404,0.08258676312169903,0.9039276826021605
25774,LOF,0.025130682429061895,0.09593862042973697,0.8789306971412011
25775,LOF,0.02060663375020549,0.04471708318371704,0.9346762830660775
25776,LOF,0.023654094364909558,0.028984145747716343,0.947361759887374
25777,LOF,0.16358889970953033,0.07441102581083582,0.7620000744796339
25778,LOF,0.01870868512092276,0.05508392405861125,0.926207390820466
25779,GOF,0.03989247891677715,0.8968994304630834,0.06320809062013943
25780,GOF,0.06991826202294266,0.8716415944400723,0.058440143536985095
25781,GOF,0.02730084961016371,0.8694317977557995,0.10326735263403694
25782,GOF,0.03180607176079989,0.9019126708644772,0.06628125737472282
25783,GOF,0.01805527713296861,0.7419707200776131,0.23997400278941827
25784,GOF,0.10154978579295758,0.8512782824065206,0.047171931800521726
25785,GOF,0.07419268835125267,0.8865297991760295,0.039277512472717865
25786,GOF,0.005412645096110028,0.8404356481158004,0.15415170678808954
25787,GOF,0.17277081380102838,0.7970811347185629,0.030148051480408708
25788,LOF,0.016485236320990485,0.16339169004028464,0.8201230736387249
25789,GOF,0.01975010156715068,0.860693051162451,0.11955684727039839
25790,GOF,0.022602886569992597,0.8834110203933352,0.09398609303667235
25791,GOF,0.01664642935539344,0.8425646783376948,0.1407888923069118
25792,GOF,0.026835320636738113,0.850810202393551,0.12235447696971086
25793,GOF,0.0738232524972228,0.8294118622434825,0.0967648852592947
25794,GOF,0.06129694584789274,0.7742773852682345,0.16442566888387286
25795,GOF,0.044591433821042775,0.7717375918593904,0.18367097431956675
25796,GOF,0.07746307669980035,0.8147111518007256,0.10782577149947414
25797,GOF,0.039345734576003294,0.6857474443027471,0.27490682112124953
25798,GOF,0.0034129463678254208,0.6726556244853829,0.32393142914679185
25799,GOF,0.0030957119328613126,0.5342235925444632,0.4626806955226755
25800,GOF,0.013018379499737644,0.7415174726575011,0.2454641478427612
25801,GOF,0.015178144415126417,0.8675421926183647,0.11727966296650867
25802,GOF,0.023133022199847583,0.8111595389612771,0.16570743883887534
25803,GOF,0.011935945742720677,0.7164035692400741,0.2716604850172051
25804,GOF,0.01436559213821828,0.6193227495090304,0.3663116583527512
25805,GOF,0.022955752070695917,0.7132514460552526,0.2637928018740515
25806,GOF,0.018980550562800097,0.7550171061974873,0.22600234323971252
25807,GOF,0.005591285626874839,0.7241700469842985,0.27023866738882657
25808,GOF,0.015200156207575848,0.7633146591585405,0.22148518463388364
25809,GOF,0.0067046823518329204,0.7449537916490472,0.24834152599911988
25810,GOF,0.005756698168252004,0.752661721058146,0.24158158077360212
25811,GOF,0.0465197179133069,0.8536474702474244,0.09983281183926872
25812,GOF,0.016864932701802622,0.7316622387699553,0.25147282852824204
25813,GOF,0.10022903048203768,0.8115278955310224,0.08824307398693984
25814,GOF,0.026880211128055047,0.8168991239913591,0.15622066488058584
25815,GOF,0.04431593769548976,0.8205796168661689,0.1351044454383414
25816,GOF,0.00831327262880785,0.868054241941777,0.12363248542941517
25817,GOF,0.10019676455416007,0.7738920675658324,0.12591116788000753
25818,GOF,0.02581844509317859,0.8005502430344552,0.1736313118723661
25819,GOF,0.0645060625783245,0.7732454374773283,0.1622484999443472
25820,GOF,0.0334624030452734,0.7835877401779422,0.18294985677678446
25821,GOF,0.019877129011958452,0.7719687084357888,0.20815416255225283
25822,GOF,0.04013887618101156,0.784417501484205,0.17544362233478333
25823,GOF,0.014792563708023293,0.6460427069567651,0.33916472933521147
25824,GOF,0.02584789333976689,0.7647603588545907,0.2093917478056423
25825,GOF,0.01642675581297595,0.7514240459668314,0.2321491982201927
25826,GOF,0.005772826535001469,0.7170362964132357,0.2771908770517628
25827,GOF,0.00871134002036506,0.6975912171135497,0.2936974428660853
25828,GOF,0.0060424400684733325,0.6398509989188049,0.35410656101272164
25829,GOF,0.0032081614765851565,0.7164736016436913,0.2803182368797235
25830,GOF,0.038036902075263626,0.49305861257142847,0.4689044853533079
25831,GOF,0.047807482849465545,0.8373835168056256,0.1148090003449088
25832,GOF,0.00894892469737239,0.8135633569563082,0.17748771834631932
25833,GOF,0.031859176408602904,0.8494101185392452,0.11873070505215204
25834,GOF,0.008716623868761042,0.8273684803928053,0.16391489573843368
25835,GOF,0.018277354769913788,0.8677625697578737,0.11396007547221246
25836,GOF,0.007000421391619658,0.8199704819508344,0.17302909665754587
25837,GOF,0.007092906734321153,0.7237197370686959,0.269187356196983
25838,GOF,0.020259046830136733,0.8749474925699913,0.10479346059987195
25839,GOF,0.038278789468112764,0.851129872277147,0.1105913382547403
25840,GOF,0.05691602209588439,0.8372530403205254,0.10583093758359012
25841,GOF,0.05535530264306214,0.8513957568476953,0.09324894050924266
25842,GOF,0.027357162943357237,0.9037967680167026,0.0688460690399403
25843,GOF,0.02801861894682923,0.9093901057694953,0.0625912752836754
25844,GOF,0.018963009396660672,0.8569522907699352,0.12408469983340416
25845,GOF,0.005883408892121939,0.6749073121948221,0.31920927891305595
25846,GOF,0.041111539738376494,0.8624810052262837,0.09640745503533983
25847,GOF,0.018822454250037125,0.9178524985006808,0.06332504724928206
25848,GOF,0.017630890783992832,0.8774906456489536,0.10487846356705362
25849,GOF,0.005338282676334706,0.7622782334293429,0.2323834838943224
25850,GOF,0.006823981571510661,0.7766696282456357,0.21650639018285373
25851,GOF,0.0058961077678844126,0.6490890000500547,0.34501489218206094
25852,GOF,0.13108362256560369,0.6280462339048815,0.24087014352951497
25853,GOF,0.07223811206957953,0.8550550726599786,0.07270681527044187
25854,GOF,0.005659061475572807,0.7240033475322784,0.2703375909921489
25855,GOF,0.014896710241265912,0.6643837949453681,0.3207194948133658
25856,GOF,0.03670137302616297,0.7897897261771737,0.1735089007966633
25857,GOF,0.013233059204998586,0.6429991911060449,0.3437677496889566
25858,GOF,0.00805483482603363,0.652094490806114,0.3398506743678524
25859,GOF,0.005465232798027682,0.6279043258194366,0.3666304413825356
25860,GOF,0.08009328792593587,0.8189500672454916,0.10095664482857258
25861,GOF,0.08684938944365178,0.812015330791486,0.10113527976486224
25862,GOF,0.021610917567305054,0.875885671471493,0.10250341096120204
25863,GOF,0.022444476188627036,0.87691955165603,0.10063597215534298
25864,GOF,0.05115551108402838,0.8662227596832762,0.0826217292326954
25865,GOF,0.037035566919581965,0.8374474270472881,0.12551700603312982
25866,GOF,0.02949912044126241,0.8685421196879157,0.1019587598708219
25867,GOF,0.03479641953210155,0.883373346363615,0.08183023410428343
25868,GOF,0.055764159521191146,0.8490202882615654,0.0952155522172436
25869,GOF,0.3449627260216913,0.598322109079215,0.05671516489909374
25870,GOF,0.0712813443965998,0.7094459493484175,0.21927270625498269
25871,GOF,0.011045953179537113,0.9012991842246776,0.08765486259578535
25872,GOF,0.020747133189454724,0.874805207190176,0.10444765962036939
25873,GOF,0.02094781277213985,0.8965428712410973,0.08250931598676287
25874,LOF,0.01809215320010074,0.17943362356973294,0.8024742232301663
25875,LOF,0.04762574821540205,0.04323263187715258,0.9091416199074454
25876,LOF,0.01919917283417351,0.0356233735995458,0.9451774535662807
25877,LOF,0.11697651244605002,0.07444586368644922,0.8085776238675006
25878,LOF,0.06600602623761613,0.10082994958586035,0.8331640241765236
25879,LOF,0.02684252849350804,0.0785756489940481,0.8945818225124439
25880,LOF,0.05775594754614899,0.012700372391424783,0.9295436800624263
25881,Neutral,0.5509912735089583,0.05604626306892555,0.3929624634221162
25882,LOF,0.05978720074279935,0.025449130893096042,0.9147636683641047
25883,LOF,0.029150772187945304,0.02306364151200113,0.9477855863000535
25884,LOF,0.026859909322403817,0.03836577768985919,0.934774312987737
25885,LOF,0.2148050444960297,0.00949502811316482,0.7756999273908054
25886,LOF,0.14390562551438843,0.05313554851534612,0.8029588259702655
25887,LOF,0.20128535583181292,0.05619599354311268,0.7425186506250744
25888,LOF,0.01292358718905078,0.12717500191550918,0.85990141089544
25889,LOF,0.030982149621618653,0.02805633372752297,0.9409615166508583
25890,LOF,0.12511530963188702,0.12107668888911198,0.7538080014790011
25891,LOF,0.0899558288396388,0.02191721250996165,0.8881269586503995
25892,LOF,0.008866092364075621,0.03143990989466651,0.9596939977412579
25893,LOF,0.394478506810027,0.007969572410114771,0.5975519207798583
25894,LOF,0.4417913660772203,0.004756601569976588,0.553452032352803
25895,LOF,0.3493462372809418,0.010742720894662511,0.6399110418243957
25896,LOF,0.0694130929323838,0.01337766641907077,0.9172092406485454
25897,LOF,0.1933631884592788,0.00881739037343104,0.7978194211672902
25898,LOF,0.16611177679136543,0.02504668810632882,0.8088415351023057
25899,LOF,0.33124245394865104,0.014923749761463092,0.6538337962898858
25900,LOF,0.4423803357360433,0.00714023902859275,0.550479425235364
25901,LOF,0.07000314360769139,0.006445724445210695,0.9235511319470979
25902,LOF,0.15500757850688185,0.007859291414875512,0.8371331300782427
25903,LOF,0.4106317199100982,0.022329286081990248,0.5670389940079115
25904,LOF,0.46905143078149614,0.01874956542851226,0.5121990037899915
25905,LOF,0.0039432136929878564,0.47208477194649445,0.5239720143605177
25906,LOF,0.009223815910148305,0.11416284850323183,0.8766133355866199
25907,LOF,0.004538791599664262,0.3541161015272278,0.641345106873108
25908,LOF,0.004684234439007608,0.2609623747804715,0.7343533907805209
25909,LOF,0.022961502725310893,0.15875329570496224,0.818285201569727
25910,LOF,0.01090624852203968,0.13149376345546243,0.8575999880224978
25911,LOF,0.312706773697447,0.06081327535023305,0.62647995095232
25912,LOF,0.06495621628773038,0.05940199926711634,0.8756417844451532
25913,LOF,0.048414501699362886,0.08517525424808105,0.866410244052556
25914,LOF,0.039474702515906394,0.044490788933629954,0.9160345085504636
25915,LOF,0.16925357799706436,0.20796674898210313,0.6227796730208326
25916,LOF,0.03085233070538604,0.14398051803311615,0.8251671512614979
25917,LOF,0.07047717053511583,0.03906921088567724,0.890453618579207
25918,LOF,0.04955874064508865,0.028922060001107065,0.9215191993538042
25919,LOF,0.04150636205001274,0.02885893279427169,0.9296347051557156
25920,LOF,0.15258603662818895,0.1709049798244181,0.676508983547393
25921,LOF,0.017693228709081167,0.04182097011323766,0.9404858011776812
25922,LOF,0.019199393108710567,0.035948553825467404,0.9448520530658221
25923,LOF,0.44624089396284394,0.03911093927966759,0.5146481667574885
25924,LOF,0.024514016190966093,0.0613731235224902,0.9141128602865436
25925,LOF,0.0785558735970945,0.0531051151260877,0.8683390112768179
25926,LOF,0.05589946311170897,0.05305439852500552,0.8910461383632855
25927,LOF,0.024299755783735905,0.07364939641113809,0.9020508478051261
25928,LOF,0.010743361248237233,0.05877642508839053,0.9304802136633722
25929,Neutral,0.5321355119037685,0.0373107136954006,0.4305537744008309
25930,LOF,0.06680075367127407,0.037512479627792805,0.8956867667009331
25931,LOF,0.014978940808139019,0.03806530010408746,0.9469557590877735
25932,LOF,0.054222166976997305,0.03483629251709439,0.9109415405059084
25933,LOF,0.05023997766037701,0.024255441313289987,0.925504581026333
25934,LOF,0.04916950569206573,0.02255993333604183,0.9282705609718923
25935,LOF,0.06699224056474692,0.06588048618706209,0.8671272732481909
25936,LOF,0.09134972415885435,0.02541176303060768,0.883238512810538
25937,LOF,0.014646022944012536,0.041355175340129786,0.9439988017158576
25938,LOF,0.06434118948838258,0.059987587719757325,0.8756712227918602
25939,LOF,0.03886762174214479,0.031562715868905016,0.9295696623889502
25940,LOF,0.009229903343410822,0.33854314300612803,0.6522269536504611
25941,Neutral,0.5079293887638875,0.03909301275520249,0.45297759848091
25942,LOF,0.009619451616474851,0.05018330715731811,0.940197241226207
25943,LOF,0.04627315649871625,0.19212658368386085,0.7616002598174229
25944,LOF,0.0676772693024707,0.09404306702727763,0.8382796636702515
25945,LOF,0.1175729517232845,0.01846150604763768,0.8639655422290778
25946,LOF,0.07413298432127903,0.038158749876614904,0.8877082658021059
25947,LOF,0.4491761545812786,0.09397692997313453,0.45684691544558703
25948,LOF,0.43986398035119795,0.014983954397077993,0.545152065251724
25949,LOF,0.12778671037667277,0.0686445325215942,0.803568757101733
25950,GOF,0.0679207823096106,0.6432227827731016,0.2888564349172877
25951,LOF,0.011791552665266925,0.41695839484642244,0.5712500524883106
25952,LOF,0.29457705548240826,0.24843999163153407,0.4569829528860577
25953,LOF,0.00783948173089424,0.1749384233834768,0.8172220948856289
25954,GOF,0.0867302105403029,0.4734023393223051,0.439867450137392
25955,LOF,0.007387545893947373,0.1444674276113709,0.8481450264946817
25956,LOF,0.021376556013515735,0.23963149318230756,0.7389919508041767
25957,LOF,0.21223448297315214,0.03302721685437148,0.7547383001724763
25958,LOF,0.032667410158721044,0.033941064573744885,0.933391525267534
25959,GOF,0.015505712126857843,0.49957900408454275,0.4849152837885993
25960,LOF,0.0073041123588873024,0.05251742834792955,0.9401784592931831
25961,LOF,0.030436943381745928,0.030139287806737927,0.9394237688115161
25962,LOF,0.03572319485645853,0.06564015218260662,0.8986366529609349
25963,LOF,0.004940419198385776,0.19102233151892362,0.8040372492826907
25964,LOF,0.030920705362737923,0.09770026373269393,0.8713790309045683
25965,LOF,0.25644415140681515,0.11352494028422876,0.6300309083089561
25966,Neutral,0.46422609255922664,0.1523870380152292,0.3833868694255443
25967,LOF,0.00893874607498424,0.08746219031942827,0.9035990636055875
25968,LOF,0.04364366638175634,0.2068477943840741,0.7495085392341696
25969,LOF,0.13075706175502708,0.044850089433415674,0.8243928488115573
25970,LOF,0.02197668497529111,0.07593904067340476,0.9020842743513041
25971,LOF,0.08178018097432356,0.025744174462814996,0.8924756445628613
25972,LOF,0.06361487391158431,0.03876386510479037,0.8976212609836253
25973,LOF,0.07324971335027938,0.008317256231466811,0.9184330304182537
25974,LOF,0.05349613093609863,0.03720005283687668,0.9093038162270247
25975,LOF,0.054804723459455223,0.01591573080031233,0.9292795457402325
25976,LOF,0.10677426068853366,0.009311556020515456,0.8839141832909508
25977,LOF,0.1942721989283126,0.07883497104813937,0.7268928300235481
25978,LOF,0.18927593387476355,0.10703322175559116,0.7036908443696452
25979,LOF,0.15013136212845518,0.11771278526919007,0.7321558526023547
25980,LOF,0.25741454390435076,0.15141164083880654,0.5911738152568426
25981,LOF,0.2580378422491588,0.1523349083327682,0.589627249418073
25982,Neutral,0.4865690784104547,0.0819311952627421,0.43149972632680333
25983,Neutral,0.499266704123872,0.09503313263504307,0.4057001632410851
25984,LOF,0.03433055391818892,0.09636982216115877,0.8692996239206523
25985,LOF,0.41400661757351404,0.14369022416669916,0.4423031582597869
25986,LOF,0.013503358829987754,0.4099382961518861,0.5765583450181261
25987,LOF,0.05448599515219357,0.11523622371311086,0.8302777811346955
25988,LOF,0.039165567295196976,0.1944017027318166,0.7664327299729864
25989,LOF,0.03804525929707604,0.22470415725998094,0.737250583442943
25990,LOF,0.03935137256824706,0.32537086120125136,0.6352777662305016
25991,LOF,0.027818078055732304,0.4607352484849647,0.511446673459303
25992,LOF,0.023801398033164254,0.4431563666475576,0.5330422353192782
25993,LOF,0.02759541896901643,0.08187855882421789,0.8905260222067657
25994,LOF,0.021987777746670625,0.08123869603096077,0.8967735262223685
25995,LOF,0.021017274212705588,0.15651030542968888,0.8224724203576056
25996,GOF,0.3322328745794321,0.3481381345933738,0.3196289908271941
25997,LOF,0.06592524078807349,0.40185875667707827,0.5322160025348481
25998,LOF,0.25529061624447086,0.04906493350267794,0.6956444502528512
25999,LOF,0.025689315552626896,0.220182737254656,0.754127947192717
26000,LOF,0.1878158794487209,0.03013524703093554,0.7820488735203436
26001,LOF,0.25212509043539555,0.04332558346000909,0.7045493261045953
26002,LOF,0.11698687012668026,0.05030453564413627,0.8327085942291835
26003,GOF,0.005326337242235307,0.6397867635003173,0.3548868992574476
26004,GOF,0.007878771146951574,0.6920191441833377,0.3001020846697108
26005,LOF,0.0037963396979037523,0.4962116397712405,0.4999920205308557
26006,GOF,0.10027434804051068,0.5978755750063494,0.3018500769531399
26007,GOF,0.0075586991951127535,0.5487741162101027,0.44366718459478455
26008,GOF,0.006199798329583329,0.6405478974094285,0.3532523042609881
26009,GOF,0.008097272087784949,0.6673129076215654,0.3245898202906496
26010,GOF,0.008972826962092643,0.6440461185036382,0.34698105453426903
26011,LOF,0.00333414890792566,0.45350449631222,0.5431613547798544
26012,GOF,0.004891158177505121,0.5242552849960017,0.4708535568264931
26013,GOF,0.006787208081284235,0.6018123445823357,0.39140044733637996
26014,LOF,0.06267272134753783,0.1058604378892493,0.8314668407632129
26015,LOF,0.4326672429937907,0.02361920142755891,0.5437135555786504
26016,LOF,0.3409387256850326,0.04473035793442217,0.6143309163805453
26017,LOF,0.02722261908369525,0.23538062056941456,0.7373967603468902
26018,LOF,0.029946535107925526,0.05702314702933328,0.9130303178627412
26019,LOF,0.029863847678404186,0.04952349960369888,0.920612652717897
26020,LOF,0.011470612318842128,0.1966973461813202,0.7918320414998377
26021,LOF,0.08602206251124678,0.06874300638931902,0.8452349310994342
26022,LOF,0.04267248582949253,0.026973583876173515,0.930353930294334
26023,LOF,0.03263902266585095,0.031646146059570605,0.9357148312745786
26024,LOF,0.054931665941889765,0.07072652337696747,0.8743418106811428
26025,LOF,0.07111254641221712,0.08496617883960188,0.843921274748181
26026,LOF,0.12424179893930021,0.06284428677204083,0.8129139142886589
26027,LOF,0.026425867800537874,0.025522334683693894,0.9480517975157682
26028,LOF,0.10897517280086273,0.14307260969983077,0.7479522174993065
26029,LOF,0.017823419005686694,0.16714911581892822,0.815027465175385
26030,LOF,0.16243441460229935,0.01986305164079241,0.8177025337569083
26031,LOF,0.008663412723159233,0.1537293461838891,0.8376072410929516
26032,LOF,0.04205223563772989,0.04636763515739674,0.9115801292048734
26033,LOF,0.06955115253532439,0.04285493885911099,0.8875939086055646
26034,LOF,0.01247845259888173,0.13745625562618646,0.8500652917749317
26035,LOF,0.010701683907073344,0.09757377571279877,0.8917245403801279
26036,LOF,0.01073078560407024,0.11355709097839084,0.875712123417539
26037,LOF,0.009281243209528976,0.09028894772497126,0.9004298090654997
26038,LOF,0.03683526870262607,0.04204697759555856,0.9211177537018154
26039,LOF,0.023694889670723574,0.11542876819938898,0.8608763421298874
26040,LOF,0.11052940056679605,0.11672925783079012,0.7727413416024138
26041,LOF,0.011627517486544281,0.07930971440474376,0.909062768108712
26042,LOF,0.010375880179006343,0.08987470362506586,0.8997494161959279
26043,LOF,0.03567853786064052,0.057379865480793116,0.9069415966585663
26044,LOF,0.01317785017340097,0.041970733073061484,0.9448514167535376
26045,LOF,0.06910333932126983,0.10003326445320733,0.830863396225523
26046,LOF,0.030419042298690333,0.04447499456877577,0.925105963132534
26047,LOF,0.04928626241596194,0.044885790009156545,0.9058279475748815
26048,LOF,0.08266092845242642,0.022717540250947098,0.8946215312966264
26049,Neutral,0.949858056536771,0.006101424157144825,0.04404051930608408
26050,Neutral,0.9262254270481896,0.0065970734346698584,0.06717749951714054
26051,LOF,0.01506934724391065,0.08542332266226595,0.8995073300938234
26052,LOF,0.03071605945004771,0.1030278103664444,0.8662561301835079
26053,LOF,0.035310779656922926,0.1498969945310428,0.8147922258120341
26054,LOF,0.04339641145883925,0.027574194988617164,0.9290293935525437
26055,LOF,0.06172811426611921,0.024179594083249663,0.9140922916506312
26056,LOF,0.050045492666754274,0.031408757370875236,0.9185457499623705
26057,LOF,0.05691298100328873,0.014177492010216763,0.9289095269864946
26058,LOF,0.059825107569387644,0.011772440727054495,0.9284024517035577
26059,LOF,0.18853693246840153,0.030062874984507864,0.7814001925470905
26060,LOF,0.016700352901810857,0.19367663391644074,0.7896230131817485
26061,LOF,0.012042723190830426,0.012009749578152895,0.9759475272310167
26062,LOF,0.006715093450322475,0.01988488856745553,0.973400017982222
26063,LOF,0.03721490000591315,0.011106429673605707,0.951678670320481
26064,LOF,0.011013382795058728,0.02732373767196655,0.9616628795329748
26065,LOF,0.049000754571397354,0.011808675567742595,0.93919056986086
26066,LOF,0.04449171321456895,0.010152210670907375,0.9453560761145237
26067,LOF,0.05626331636410986,0.009508856827008996,0.9342278268088811
26068,LOF,0.052267867977069865,0.04764023493577856,0.9000918970871516
26069,LOF,0.1540959841646088,0.028476768295774446,0.8174272475396167
26070,LOF,0.33860686445178406,0.024045380108121264,0.6373477554400946
26071,LOF,0.04395030198771124,0.011962097974138537,0.9440876000381503
26072,LOF,0.010813913972261821,0.022930898527658963,0.9662551875000791
26073,LOF,0.03836881860444644,0.0139532320407879,0.9476779493547657
26074,Neutral,0.9198823261575754,0.0090276940737256,0.07108997976869895
26075,LOF,0.05231034419848139,0.022013189381201618,0.925676466420317
26076,LOF,0.0542130694760581,0.011860768247082494,0.9339261622768594
26077,LOF,0.16836571527718627,0.007133333346045578,0.8245009513767683
26078,LOF,0.009038463448123781,0.016195793376106073,0.9747657431757702
26079,LOF,0.06492283667760723,0.02416547273663503,0.9109116905857576
26080,LOF,0.06415905065986521,0.024193683188732624,0.9116472661514021
26081,LOF,0.03249965304271599,0.008441415805172586,0.9590589311521115
26082,LOF,0.007271400127465479,0.015096343895655758,0.9776322559768788
26083,LOF,0.09578060972434188,0.020011640364083247,0.8842077499115749
26084,LOF,0.09814186035733483,0.015293603355221484,0.8865645362874438
26085,LOF,0.092636591598638,0.013022754941797334,0.8943406534595647
26086,LOF,0.0390435596450479,0.011950228413436154,0.9490062119415159
26087,LOF,0.03572057104761871,0.010413292073224317,0.9538661368791571
26088,LOF,0.009317526264512458,0.021761655083318662,0.9689208186521688
26089,LOF,0.04335869890397829,0.03687214681985184,0.9197691542761698
26090,LOF,0.0443652803773691,0.02921305855181783,0.926421661070813
26091,LOF,0.03128084500915671,0.007326176994727516,0.9613929779961158
26092,LOF,0.04385608422684687,0.008215515083421589,0.9479284006897316
26093,LOF,0.0791203441200052,0.006123570142437821,0.9147560857375571
26094,LOF,0.0367858239511056,0.0075154342228999456,0.9556987418259946
26095,LOF,0.03747638612034312,0.018242074831549816,0.9442815390481072
26096,LOF,0.2267705678347572,0.005408482236990537,0.7678209499282523
26097,LOF,0.008768686464661881,0.03138710769547041,0.9598442058398676
26098,LOF,0.0796674416887186,0.019909357408195112,0.9004232009030864
26099,LOF,0.041692727606527404,0.014868221165474135,0.9434390512279985
26100,LOF,0.041692727606527404,0.014868221165474135,0.9434390512279985
26101,LOF,0.05649865662419995,0.02783186619946599,0.9156694771763341
26102,LOF,0.03385110439445592,0.015093565288911795,0.9510553303166323
26103,Neutral,0.8842099304011848,0.025885188701988155,0.08990488089682706
26104,LOF,0.05939161616360342,0.03980819477120979,0.9008001890651868
26105,LOF,0.25623583510996906,0.19640086541315457,0.5473632994768765
26106,LOF,0.29589668348540976,0.1315760813675426,0.5725272351470476
26107,LOF,0.019623136501378313,0.10256733364649641,0.8778095298521252
26108,LOF,0.27142724971192356,0.05372208531055441,0.674850664977522
26109,LOF,0.09597561310342685,0.03897738169449493,0.8650470052020782
26110,Neutral,0.49649889871291675,0.0082455791120558,0.4952555221750274
26111,LOF,0.04856368670311538,0.15877292933473935,0.7926633839621453
26112,LOF,0.052411370384500625,0.00873155800996763,0.9388570716055317
26113,LOF,0.10751554599049447,0.017854332435278106,0.8746301215742274
26114,LOF,0.09009862823055494,0.00876946487209612,0.901131906897349
26115,LOF,0.013128810499693637,0.053049604890865715,0.9338215846094406
26116,LOF,0.06750132564606363,0.02846075785754359,0.9040379164963928
26117,LOF,0.41407573505949613,0.0355516928445439,0.5503725720959599
26118,LOF,0.04616040495911186,0.017252635393702476,0.9365869596471856
26119,LOF,0.006213201669988971,0.032551960902652506,0.9612348374273586
26120,LOF,0.03621933491408419,0.015473538441180858,0.9483071266447348
26121,LOF,0.0044179376327184395,0.11478034855968151,0.8808017138076001
