feature0,prediction,LoGoFunc_Neutral,LoGoFunc_GOF,LoGoFunc_LOF
25546,Neutral,0.7637523563800254,0.033351569055073776,0.20289607456490077
25547,Neutral,0.5977738248858305,0.0783915778556421,0.3238345972585273
25548,Neutral,0.573938270069348,0.05961992699490911,0.36644180293574286
25549,Neutral,0.48929684251633576,0.05947949430963406,0.4512236631740301
25550,LOF,0.3423996196809086,0.12123425187712529,0.5363661284419661
25551,LOF,0.2898235002017034,0.1352587337045236,0.574917766093773
25552,LOF,0.2031275429454111,0.13383719953867765,0.6630352575159112
25553,Neutral,0.8339945152090221,0.03270182987058127,0.13330365492039642
25554,LOF,0.2339297440412521,0.12336707909896587,0.6427031768597821
25555,LOF,0.19177012318228423,0.10579036427706644,0.7024395125406493
25556,LOF,0.39908959767475954,0.10522365887237493,0.4956867434528654
25557,LOF,0.18556783293689558,0.1124061745215751,0.7020259925415293
25558,LOF,0.22727635366132734,0.12727864880594444,0.6454449975327283
25559,LOF,0.4399295443524793,0.070060589822673,0.49000986582484785
25560,LOF,0.04913796206790812,0.17702044393082578,0.7738415940012662
25561,LOF,0.09969283430152771,0.20508903404180656,0.6952181316566657
25562,LOF,0.11142030148755597,0.08551238492832451,0.8030673135841194
25563,LOF,0.1048246326225308,0.08706438819324572,0.8081109791842235
25564,LOF,0.14773906540684215,0.1521348793234169,0.700126055269741
25565,LOF,0.14774327676591237,0.15065907033877907,0.7015976528953085
25566,GOF,0.013297208193311458,0.7392035239293215,0.2474992678773669
25567,LOF,0.01567194542616659,0.15245214525837178,0.8318759093154615
25568,LOF,0.049834931555054064,0.07308243813511217,0.8770826303098337
25569,LOF,0.05857650534908191,0.07795304930706155,0.8634704453438566
25570,LOF,0.06471427098578594,0.10564833809869639,0.8296373909155177
25571,LOF,0.060201441829799286,0.102398353615789,0.8374002045544117
25572,LOF,0.06499742738039796,0.15477403652792215,0.7802285360916799
25573,LOF,0.026792249339350996,0.11142815941544171,0.8617795912452073
25574,LOF,0.01676025646950634,0.18127074168204088,0.8019690018484528
25575,LOF,0.048180249649332575,0.11328422064896028,0.8385355297017072
25576,LOF,0.021326097976855037,0.14022894201211422,0.8384449600110307
25577,LOF,0.014141008273162208,0.17435231563360512,0.8115066760932327
25578,LOF,0.23583466073381934,0.097700752992489,0.6664645862736917
25579,LOF,0.23603043367041138,0.09722449716427535,0.6667450691653132
25580,LOF,0.03762733955218538,0.09635088179205147,0.8660217786557632
25581,LOF,0.04718933049045309,0.08475315241800399,0.8680575170915429
25582,LOF,0.04723622705061567,0.08148109513817779,0.8712826778112066
25583,LOF,0.04493581061535152,0.11164571236076408,0.8434184770238843
25584,LOF,0.4472709298036058,0.10455223332351407,0.4481768368728801
25585,LOF,0.03341836752871971,0.11452952198414262,0.8520521104871377
25586,LOF,0.03706502144471763,0.08902996489112915,0.8739050136641532
25587,LOF,0.036889471773807074,0.08603677925626702,0.877073748969926
25588,LOF,0.03965696434198112,0.10687751607810098,0.8534655195799179
25589,Neutral,0.6044296604173681,0.12267343680530746,0.2728969027773244
25590,LOF,0.027013054453822856,0.15617765793958605,0.8168092876065912
25591,LOF,0.09946398842758,0.06997014209171351,0.8305658694807064
25592,LOF,0.09761796088974242,0.1457333188861302,0.7566487202241273
25593,LOF,0.017724676794713234,0.2804609775380228,0.701814345667264
25594,LOF,0.02822265228526089,0.2540891990987745,0.7176881486159646
25595,LOF,0.04555295264310264,0.19755205876482118,0.7568949885920762
25596,LOF,0.05248567009440992,0.15091787052650998,0.7965964593790802
25597,LOF,0.05500335638553163,0.10115058638537935,0.843846057229089
25598,LOF,0.035782065653090854,0.2352376405016089,0.7289802938453002
25599,GOF,0.006327968660511121,0.7943765758090786,0.19929545553041034
25600,GOF,0.008948318781705792,0.6044274443957613,0.3866242368225329
25601,GOF,0.007275235125470733,0.5173585026956891,0.4753662621788402
25602,LOF,0.018475026516194197,0.06212251432857409,0.9194024591552318
25603,LOF,0.03408371442013648,0.044440121994468035,0.9214761635853954
25604,LOF,0.0514535101802421,0.06255766134960353,0.8859888284701544
25605,LOF,0.00948646506634612,0.27355874303954264,0.7169547918941114
25606,GOF,0.05952153735357373,0.47910633721776136,0.461372125428665
25607,LOF,0.004452030816282756,0.19209217771941978,0.8034557914642975
25608,LOF,0.05647896478673215,0.04541650554429371,0.898104529668974
25609,LOF,0.05329478490985471,0.3359418570285589,0.6107633580615863
25610,LOF,0.042910079429676846,0.033914807335411384,0.9231751132349119
25611,LOF,0.049558386875115955,0.03057631571380615,0.9198652974110779
25612,LOF,0.09516373594671954,0.055189726430457685,0.8496465376228227
25613,LOF,0.08287535800710968,0.05223476288749706,0.8648898791053933
25614,LOF,0.03605019089333825,0.03993840182519295,0.9240114072814687
25615,LOF,0.05714801756916823,0.03971469286350286,0.9031372895673289
25616,LOF,0.0354449673906715,0.041891972371868015,0.9226630602374606
25617,LOF,0.03435568989856731,0.045769940559768504,0.9198743695416641
25618,LOF,0.23029516939278155,0.038207674052463204,0.7314971565547553
25619,LOF,0.036295882779376384,0.03802140112342174,0.9256827160972018
25620,LOF,0.04271824724271246,0.0462011710999894,0.9110805816572981
25621,LOF,0.0318631221386005,0.03629823128239968,0.9318386465789998
25622,LOF,0.028490891330255473,0.05078426480368487,0.9207248438660597
25623,LOF,0.06288873198854605,0.04004504386205957,0.8970662241493944
25624,LOF,0.02901124207375725,0.05007002220459778,0.920918735721645
25625,LOF,0.03546727598729693,0.05258583736583676,0.9119468866468663
25626,LOF,0.06986307706636143,0.039361264537801456,0.8907756583958371
25627,Neutral,0.5654323314380914,0.12628080180034532,0.30828686676156325
25628,LOF,0.1849284574893759,0.06504513999190048,0.7500264025187235
25629,LOF,0.06384161287285474,0.1431179834400855,0.7930404036870599
25630,LOF,0.18698119275501063,0.11378668254181723,0.6992321247031722
25631,Neutral,0.5852665393809577,0.08126493510050517,0.333468525518537
25632,LOF,0.022345547133734357,0.07877494365554058,0.898879509210725
25633,LOF,0.25375865392372143,0.09660765275108148,0.649633693325197
25634,LOF,0.03619516057004124,0.11623438044064117,0.8475704589893176
25635,LOF,0.05165179244177064,0.09347706680310833,0.854871140755121
25636,GOF,0.00569983978901198,0.5350950001382323,0.4592051600727557
25637,GOF,0.004930860994225474,0.5176552536760408,0.4774138853297338
25638,LOF,0.008287942684551965,0.4082009975310085,0.5835110597844394
25639,LOF,0.0052031635524803005,0.39952069112417404,0.5952761453233456
25640,GOF,0.42535425855872433,0.5301991686589888,0.04444657278228699
25641,LOF,0.006851071064213433,0.3722293516463714,0.6209195772894152
25642,LOF,0.26165222082960565,0.08645554400197042,0.6518922351684239
25643,LOF,0.18082141918676248,0.29107553651984636,0.5281030442933912
25644,LOF,0.027635623891215207,0.45010854713103243,0.5222558289777524
25645,LOF,0.02283598287456236,0.3948591348037002,0.5823048823217374
25646,LOF,0.020026346005209642,0.2735987075111789,0.7063749464836115
25647,LOF,0.019045149899863403,0.2204838914511373,0.7604709586489994
25648,LOF,0.01617906346653105,0.23020446751658669,0.7536164690168823
25649,LOF,0.01589390563482796,0.16187989872359307,0.822226195641579
25650,LOF,0.046781118531603195,0.4249433475099615,0.5282755339584354
25651,LOF,0.013383434736094957,0.20079999979444035,0.7858165654694647
25652,LOF,0.01937189347518242,0.19831200392638254,0.7823161025984351
25653,LOF,0.09083378495357572,0.3435070655273191,0.5656591495191052
25654,LOF,0.015286321889238954,0.19530023249963835,0.7894134456111227
25655,LOF,0.1084866763732099,0.2639134787237833,0.6275998449030068
25656,LOF,0.06359472907514196,0.061204106341063234,0.8752011645837948
25657,LOF,0.304417942846638,0.02548080864455622,0.6701012485088058
25658,LOF,0.030600341023797745,0.07946211045256518,0.889937548523637
25659,LOF,0.23305945679682147,0.058238117491900665,0.7087024257112778
25660,LOF,0.08663205678190232,0.10437152010922178,0.8089964231088759
25661,LOF,0.07590547691723908,0.07692876514195227,0.8471657579408087
25662,LOF,0.03389516656204123,0.05172395286288827,0.9143808805750706
25663,LOF,0.04247110134361634,0.08720141719248586,0.8703274814638978
25664,LOF,0.028207685628993968,0.1324973139199675,0.8392950004510386
25665,LOF,0.04894658902210424,0.05254256663179654,0.8985108443460992
25666,LOF,0.03486364120413004,0.1935388666381414,0.7715974921577285
25667,LOF,0.03292739094602462,0.06389823953157911,0.9031743695223963
25668,LOF,0.04169607804345406,0.06349594195821866,0.8948079799983274
25669,LOF,0.051526728690127616,0.10708594167365386,0.8413873296362185
25670,LOF,0.14312760033275834,0.10716339078061997,0.7497090088866216
25671,LOF,0.04131154807968562,0.05624649635037104,0.9024419555699432
25672,LOF,0.04897616507930427,0.08762023964519669,0.8634035952754989
25673,LOF,0.03513355718314645,0.0954495955108588,0.8694168473059947
25674,LOF,0.02661483342467773,0.10885679317780732,0.864528373397515
25675,LOF,0.035291681219117306,0.08652484689094787,0.8781834718899347
25676,LOF,0.032086910951100146,0.0724939218501141,0.8954191671987859
25677,LOF,0.08544130096896284,0.06545648341300835,0.8491022156180289
25678,LOF,0.15655956245560312,0.05224163317752834,0.7911988043668685
25679,LOF,0.09448378440127418,0.087048725292711,0.8184674903060147
25680,LOF,0.08985304910339009,0.10588321295020205,0.8042637379464078
25681,LOF,0.10034588407275272,0.09823181863223392,0.8014222972950132
25682,LOF,0.04901780962980569,0.08177678944960104,0.8692054009205932
25683,LOF,0.06905156367984763,0.1202546119889821,0.8106938243311703
25684,LOF,0.06647846175680049,0.07445806814223396,0.8590634701009655
25685,LOF,0.1368789696377033,0.0435309561625706,0.8195900741997262
25686,LOF,0.03326997440062318,0.08696384613270684,0.8797661794666699
25687,LOF,0.06586203486931783,0.09125733565085738,0.8428806294798249
25688,LOF,0.021504845340454156,0.16556288579838896,0.8129322688611569
25689,LOF,0.017121419560363133,0.0964300835120339,0.886448496927603
25690,LOF,0.018639944765150965,0.11587547536469583,0.8654845798701531
25691,LOF,0.1421161372435266,0.17473508580983,0.6831487769466436
25692,LOF,0.18410381284699937,0.025892530382769417,0.7900036567702311
25693,LOF,0.04525382587454587,0.17651262570723109,0.778233548418223
25694,LOF,0.29050126424053063,0.012349439155632394,0.6971492966038371
25695,LOF,0.22480168942418494,0.01781620193436338,0.7573821086414517
25696,LOF,0.17838947346262551,0.009911205371859095,0.8116993211655154
25697,LOF,0.11300356736702427,0.03420660290708301,0.8527898297258928
25698,LOF,0.029557548050024102,0.3501185823300048,0.6203238696199711
25699,LOF,0.08201528437952983,0.0732481431807099,0.8447365724397603
25700,LOF,0.032804196513071156,0.015111921571061985,0.9520838819158669
25701,LOF,0.01633951828228445,0.07822770714817426,0.9054327745695412
25702,GOF,0.026407404143753588,0.774064033998082,0.19952856185816442
25703,LOF,0.015778565850004155,0.22065048306623936,0.7635709510837565
25704,LOF,0.11494222946732208,0.1922414631196859,0.692816307412992
25705,LOF,0.08983805565660828,0.2705989190850548,0.639563025258337
25706,GOF,0.031038700217753134,0.6094670518337018,0.3594942479485452
25707,GOF,0.036836208486330096,0.6067058718170385,0.3564579196966314
25708,GOF,0.007946115786843906,0.5651929471305235,0.42686093708263256
25709,LOF,0.02330235345398179,0.0911888905153899,0.8855087560306284
25710,LOF,0.005320773015064559,0.24942902017943794,0.7452502068054974
25711,LOF,0.029335551718337467,0.1416207631073839,0.8290436851742786
25712,LOF,0.006230909078313405,0.3062436869781509,0.6875254039435357
25713,LOF,0.024558668148151806,0.13408826647794275,0.8413530653739054
25714,LOF,0.026872248162263496,0.1673757961684072,0.8057519556693292
25715,LOF,0.030650271240707877,0.1477120613497627,0.8216376674095295
25716,LOF,0.009206815187996362,0.14277194322851128,0.8480212415834923
25717,LOF,0.005805792995070789,0.16175947266615756,0.8324347343387716
25718,LOF,0.026340916618939263,0.09687612902802192,0.8767829543530388
25719,LOF,0.0346948470626862,0.12384513682189187,0.841460016115422
25720,LOF,0.035340749212736756,0.11316019156339392,0.8514990592238694
25721,LOF,0.027840433011373625,0.1056989256712544,0.866460641317372
25722,LOF,0.018434219585426535,0.151126558423561,0.8304392219910125
25723,LOF,0.028985477706827505,0.09675943614236152,0.8742550861508109
25724,LOF,0.026319740113467837,0.196600350003798,0.7770799098827341
25725,LOF,0.028686470335062317,0.09714173859318576,0.8741717910717518
25726,LOF,0.018359010709562768,0.13379382398605041,0.8478471653043869
25727,LOF,0.02503084146560424,0.13410079207775288,0.8408683664566429
25728,LOF,0.027609741292582663,0.11456867268844134,0.8578215860189761
25729,LOF,0.025433251605335206,0.12765102705360215,0.8469157213410626
25730,LOF,0.029506583089605885,0.09030930685965141,0.8801841100507427
25731,LOF,0.011221019950121777,0.187351312801112,0.8014276672487661
25732,LOF,0.024239911004284964,0.10541911140345735,0.8703409775922578
25733,LOF,0.035331003928442246,0.1046927470930174,0.8599762489785404
25734,LOF,0.006353157862401035,0.2939193548292016,0.6997274873083974
25735,LOF,0.024029312127939743,0.09042347542176134,0.8855472124502989
25736,LOF,0.02218653947944198,0.14121315317415326,0.8366003073464048
25737,LOF,0.050485386113705615,0.1408485300254494,0.808666083860845
25738,LOF,0.024696581137857387,0.1850982661526651,0.7902051527094777
25739,LOF,0.029051755905210672,0.1452151778908111,0.8257330662039782
25740,LOF,0.030441114883670333,0.1637038024316516,0.8058550826846781
25741,LOF,0.03597765096637016,0.14900579330773697,0.8150165557258929
25742,LOF,0.04550378224343654,0.15000463168957728,0.8044915860669861
25743,LOF,0.012512389293531184,0.03377500190287944,0.9537126088035893
25744,LOF,0.17937904648186448,0.2960281751558464,0.5245927783622891
25745,LOF,0.03481539931195702,0.0901947546266002,0.8749898460614428
25746,LOF,0.014794527735852594,0.14078073824288828,0.8444247340212592
25747,LOF,0.044008042849182034,0.0310224647422334,0.9249694924085845
25748,LOF,0.29383713106532444,0.05813311772004063,0.648029751214635
25749,LOF,0.012563143284749471,0.07844819832140586,0.9089886583938447
25750,LOF,0.017779374051390098,0.07920647373815948,0.9030141522104504
25751,LOF,0.04963820236157221,0.05263976366219902,0.8977220339762287
25752,GOF,0.08287669626743716,0.7205719864359243,0.19655131729663838
25753,LOF,0.006692611360691308,0.4173104388037413,0.5759969498355674
25754,GOF,0.007093960689530506,0.8764666678490117,0.1164393714614578
25755,LOF,0.006598001070901601,0.43410617432929005,0.5592958245998083
25756,LOF,0.03011279841656478,0.44215474656949133,0.5277324550139438
25757,GOF,0.007945237214415295,0.8663171943967232,0.12573756838886158
25758,GOF,0.007909660944629289,0.8671647279680408,0.12492561108733001
25759,GOF,0.0056124920497635945,0.6415022237362187,0.3528852842140178
25760,LOF,0.005442350457944196,0.33921363097524,0.6553440185668159
25761,GOF,0.051174503747243597,0.8486420069518784,0.10018348930087814
25762,LOF,0.034484982254335564,0.3664987320600834,0.5990162856855811
25763,LOF,0.006123868487477258,0.30057139948130956,0.6933047320312132
25764,GOF,0.056162504600428265,0.6624565810012247,0.28138091439834695
25765,GOF,0.007237373936891434,0.858240687783757,0.13452193827935155
25766,GOF,0.0470156537111345,0.8204402043826715,0.13254414190619407
25767,GOF,0.015999562916109537,0.5501826492374902,0.4338177878464003
25768,LOF,0.04677895333668153,0.06696002438177161,0.8862610222815469
25769,LOF,0.03409528876074609,0.06748279187849858,0.8984219193607553
25770,LOF,0.13030897894782403,0.0637490997455367,0.8059419213066393
25771,LOF,0.015777100429680575,0.05543770343325844,0.9287851961370611
25772,LOF,0.03149509801065472,0.02465827418203849,0.9438466278073067
25773,LOF,0.02102714885074356,0.05693938031512723,0.9220334708341292
25774,LOF,0.024796047989197004,0.09821553888273189,0.8769884131280711
25775,LOF,0.017837707821337256,0.03939210627519545,0.9427701859034674
25776,LOF,0.03372214566812276,0.020196540945914977,0.9460813133859622
25777,LOF,0.13890826007090148,0.05968480874165001,0.8014069311874485
25778,LOF,0.02543306790766153,0.046458540563093016,0.9281083915292455
25779,GOF,0.05197160206213384,0.8765136159214517,0.07151478201641452
25780,GOF,0.07892038513537729,0.8695301428399069,0.051549472024715694
25781,GOF,0.030091573167002006,0.8555042808106991,0.11440414602229894
25782,GOF,0.03401921959212419,0.9015543155417203,0.06442646486615544
25783,GOF,0.03159159208826248,0.9176194219461943,0.05078898596554325
25784,GOF,0.08557325879393544,0.8537922914518776,0.060634449754186914
25785,GOF,0.08709040689411657,0.8711668640533698,0.041742729052513534
25786,GOF,0.009184115273272071,0.8785186863631982,0.11229719836352961
25787,GOF,0.20815454629064278,0.7386703301244837,0.053175123584873495
25788,LOF,0.018000867710653755,0.1555922886150216,0.8264068436743246
25789,GOF,0.0163413987047392,0.8334039300801768,0.150254671215084
25790,GOF,0.02749045632785026,0.8791403459391226,0.09336919773302721
25791,GOF,0.023787792474262826,0.7291100855991368,0.24710212192660028
25792,GOF,0.0278577543625802,0.7795959994202543,0.19254624621716548
25793,GOF,0.07040983888295735,0.8261225696019591,0.1034675915150837
25794,GOF,0.03955822759337332,0.7535805155161475,0.20686125689047916
25795,GOF,0.060514474487739035,0.7145980926220576,0.22488743289020324
25796,GOF,0.1073768168899645,0.8078863659022038,0.08473681720783167
25797,GOF,0.08928634348467397,0.7146508551162484,0.19606280139907764
25798,GOF,0.00657724258729802,0.7384323875562362,0.2549903698564657
25799,GOF,0.004381178374471128,0.6695667960942113,0.3260520255313175
25800,GOF,0.029024064085554042,0.8168635192560453,0.15411241665840061
25801,GOF,0.021868190094827943,0.9000113585377021,0.07812045136747013
25802,GOF,0.03276156716649532,0.796333063011959,0.17090536982154558
25803,GOF,0.02183769717672132,0.6989442263618151,0.2792180764614635
25804,GOF,0.0341866246549375,0.7475624579195691,0.2182509174254934
25805,GOF,0.027957217712282427,0.7639065209595419,0.20813626132817575
25806,GOF,0.036239138179923976,0.7825632151144729,0.1811976467056032
25807,GOF,0.011755352005972013,0.7308864644336858,0.2573581835603423
25808,GOF,0.022952340156730314,0.7566785929993282,0.22036906684394153
25809,GOF,0.010442612331521862,0.6717752253559661,0.31778216231251194
25810,GOF,0.009263306681702072,0.652547894901329,0.3381887984169688
25811,GOF,0.054914480305888996,0.8719369166877681,0.07314860300634282
25812,GOF,0.029730307856069216,0.7776764652890417,0.1925932268548891
25813,GOF,0.13154871468552695,0.7855888556109984,0.08286242970347465
25814,GOF,0.027821949488486774,0.7913009689949683,0.18087708151654508
25815,GOF,0.053193249392819116,0.8366313070198627,0.1101754435873184
25816,GOF,0.009559565301076801,0.8440736797408708,0.14636675495805226
25817,GOF,0.11618775689734494,0.773336410395805,0.11047583270685005
25818,GOF,0.028324010666459648,0.7755619026556809,0.19611408667785943
25819,GOF,0.04606651856540515,0.7322290666227925,0.22170441481180245
25820,GOF,0.0389615014798806,0.6859623363258162,0.2750761621943032
25821,GOF,0.02807424699073589,0.7202718261326019,0.25165392687666216
25822,GOF,0.04805148324179426,0.7078016376117158,0.24414687914648994
25823,GOF,0.029714666263784308,0.7012102106363285,0.2690751230998873
25824,GOF,0.030350485759345874,0.7719939595383704,0.19765555470228377
25825,GOF,0.02467984851029481,0.7525621431992068,0.22275800829049835
25826,GOF,0.011179444781258562,0.7051856140239114,0.28363494119483
25827,GOF,0.016420604284789014,0.6703913545009039,0.3131880412143071
25828,GOF,0.012461160421910854,0.7034250657169594,0.28411377386112974
25829,GOF,0.0041235783620544855,0.6251367291856743,0.3707396924522711
25830,GOF,0.04218221922276622,0.4996031787122202,0.45821460206501363
25831,GOF,0.06790978417192997,0.7990575334487914,0.13303268237927876
25832,GOF,0.010887742124570252,0.7282465599741166,0.26086569790131314
25833,GOF,0.03707310558066048,0.7980062023562123,0.1649206920631272
25834,GOF,0.010943292731836751,0.7434302047714204,0.245626502496743
25835,GOF,0.027036484293945097,0.8029270486356848,0.1700364670703702
25836,GOF,0.00809931593161569,0.7221682019337321,0.26973248213465223
25837,GOF,0.010323134599402938,0.7455345188113631,0.24414234658923376
25838,GOF,0.026242084220910046,0.8240953503181265,0.14966256546096346
25839,GOF,0.07481118042873669,0.7979414932980237,0.12724732627323962
25840,GOF,0.10660575569488956,0.7726596560668018,0.1207345882383087
25841,GOF,0.1069748638739354,0.800523684412019,0.0925014517140456
25842,GOF,0.03513931290446458,0.8614442448184414,0.10341644227709403
25843,GOF,0.03496742041825353,0.8689729237700099,0.09605965581173645
25844,GOF,0.0247636200324864,0.8119270852142808,0.16330929475323291
25845,GOF,0.007532519247468325,0.7128994055319587,0.27956807522057303
25846,GOF,0.07716110229892031,0.827122496107071,0.09571640159400868
25847,GOF,0.021611203515356066,0.8689317005478329,0.1094570959368113
25848,GOF,0.026907570595622182,0.830054578783475,0.14303785062090277
25849,GOF,0.008173987692386406,0.7898257261924185,0.20200028611519513
25850,GOF,0.007472844607852026,0.7023234172778318,0.29020373811431616
25851,GOF,0.006793217100993745,0.6511558267177405,0.3420509561812658
25852,GOF,0.1618846612124969,0.5650469063608244,0.2730684324266786
25853,GOF,0.059654781935982296,0.8138198055247222,0.12652541253929536
25854,GOF,0.006205171173414385,0.6747512698324204,0.3190435589941651
25855,GOF,0.02068896904405965,0.6730200022080105,0.30629102874792985
25856,GOF,0.040443127206810356,0.7564828935067258,0.20307397928646384
25857,GOF,0.020730374192296504,0.678951991317514,0.30031763449018944
25858,GOF,0.010311721574192263,0.6492445218306601,0.3404437565951477
25859,GOF,0.007833722655340453,0.6151102612221956,0.37705601612246387
25860,GOF,0.08341984706809555,0.762172473128203,0.15440767980370143
25861,GOF,0.1203946411769343,0.7877608848894087,0.09184447393365693
25862,GOF,0.02837477464172433,0.8687530199376432,0.10287220542063248
25863,GOF,0.02537066548673067,0.8602913292579364,0.11433800525533305
25864,GOF,0.06699795599238109,0.8664822423109615,0.06651980169665739
25865,GOF,0.057109442791608865,0.838260856649144,0.10462970055924725
25866,GOF,0.025719764397310715,0.8516326539731865,0.1226475816295027
25867,GOF,0.04052701418935325,0.8567970731170514,0.10267591269359533
25868,GOF,0.0724126539281862,0.7989070622382413,0.12868028383357263
25869,GOF,0.37788643168534813,0.5195904179546214,0.10252315036003058
25870,GOF,0.07426684340211791,0.5189818407529151,0.4067513158449671
25871,GOF,0.011723896663538113,0.8361437836299036,0.15213231970655838
25872,GOF,0.025299026915453438,0.7969488768885841,0.17775209619596244
25873,GOF,0.025215900762516303,0.8547138217333421,0.12007027750414156
25874,LOF,0.019012721751532884,0.17137373350173665,0.8096135447467304
25875,LOF,0.037463861320189897,0.05978223686210036,0.9027539018177096
25876,LOF,0.02230080469758031,0.04315365895566752,0.9345455363467522
25877,LOF,0.12491021940868907,0.1112785428758429,0.763811237715468
25878,LOF,0.09206513381235457,0.13773451123039154,0.7702003549572539
25879,LOF,0.015126780194388333,0.10289384532673278,0.881979374478879
25880,LOF,0.07194529030031156,0.016646710923645527,0.9114079987760428
25881,Neutral,0.5603168703225299,0.10216786902743531,0.3375152606500347
25882,LOF,0.0690367996090952,0.03416971413480588,0.8967934862560989
25883,LOF,0.026225326284659903,0.035149651880656996,0.9386250218346831
25884,LOF,0.018336288583827427,0.05690008619334796,0.9247636252228245
25885,LOF,0.1927272830651785,0.01817213357406283,0.7891005833607586
25886,LOF,0.260481795157281,0.06930196954301016,0.6702162352997089
25887,LOF,0.13150483665339388,0.13419014177542765,0.7343050215711786
25888,LOF,0.007302647941413722,0.18929130732716842,0.8034060447314177
25889,LOF,0.02494632707607881,0.04929500908274927,0.9257586638411719
25890,LOF,0.1812744391850147,0.07122461244392578,0.7475009483710595
25891,LOF,0.11162030486694856,0.0336708282644154,0.854708866868636
25892,LOF,0.00814271409249782,0.03127425315796643,0.9605830327495357
25893,LOF,0.39895292627082374,0.00918706698394745,0.5918600067452289
25894,LOF,0.3828673789314174,0.006623084806055803,0.6105095362625267
25895,LOF,0.32520855144775435,0.014311241461852805,0.660480207090393
25896,LOF,0.07132292408247631,0.03094375002717571,0.8977333258903479
25897,LOF,0.1266964865621565,0.011260400757207925,0.8620431126806355
25898,LOF,0.13731132535025187,0.03118289755173888,0.8315057770980092
25899,LOF,0.4009187160058239,0.030768132161642266,0.5683131518325338
25900,LOF,0.48899794966732824,0.009504129412879802,0.5014979209197921
25901,LOF,0.08263430126194027,0.01155921873860207,0.9058064799994577
25902,LOF,0.0849543050936043,0.014206557620162263,0.9008391372862333
25903,LOF,0.2841469837248957,0.024299243041682093,0.6915537732334223
25904,Neutral,0.495705175523912,0.04147957868315084,0.46281524579293715
25905,LOF,0.006990290705918912,0.44035115594324287,0.5526585533508382
25906,LOF,0.009788894402699005,0.08524547503845765,0.9049656305588433
25907,LOF,0.009839239067158098,0.2808359650249561,0.7093247959078858
25908,LOF,0.009657596601658637,0.29244669636943543,0.697895707028906
25909,LOF,0.035555858434226914,0.1064136460207112,0.8580304955450619
25910,LOF,0.012152730702854365,0.14211582033747872,0.8457314489596669
25911,LOF,0.19937881006511468,0.025764694050756425,0.7748564958841289
25912,LOF,0.09801898526091009,0.021697699484374104,0.8802833152547158
25913,LOF,0.025350602085795166,0.03488212606772746,0.9397672718464772
25914,LOF,0.048523747322196636,0.02482131326802767,0.9266549394097756
25915,LOF,0.2648706883093748,0.09967331400915405,0.6354559976814711
25916,LOF,0.02437933289430332,0.05087181898947076,0.9247488481162259
25917,LOF,0.07590109193879706,0.026863798540044236,0.8972351095211587
25918,LOF,0.04736893021070436,0.013209060657933227,0.9394220091313624
25919,LOF,0.04067142973603837,0.012950354584982778,0.9463782156789788
25920,LOF,0.3703376987170771,0.24725215711286005,0.38241014417006286
25921,LOF,0.01593203754817787,0.020999736348403224,0.9630682261034189
25922,LOF,0.014650921060580135,0.02383893522689062,0.9615101437125293
25923,LOF,0.46136955288787995,0.015625100950432888,0.5230053461616871
25924,LOF,0.026276386509200493,0.02686823704950272,0.9468553764412969
25925,LOF,0.09761981685243383,0.028277423975204403,0.8741027591723617
25926,LOF,0.08142939038387538,0.019318299177599283,0.8992523104385254
25927,LOF,0.025825691580111197,0.05071930199902507,0.9234550064208638
25928,LOF,0.012504682156363781,0.028070928958191632,0.9594243888854446
25929,Neutral,0.5893778648173266,0.01499453807071056,0.3956275971119628
25930,LOF,0.08617776899578557,0.013899816258939034,0.8999224147452755
25931,LOF,0.014318902274693797,0.018272061981405394,0.9674090357439008
25932,LOF,0.0817732593974879,0.014774253715514123,0.9034524868869981
25933,LOF,0.092627391532658,0.009869325897088933,0.897503282570253
25934,LOF,0.08855594397913617,0.008425737177105668,0.9030183188437582
25935,LOF,0.09242637873821091,0.024868449490911358,0.8827051717708777
25936,LOF,0.10911123215434983,0.009645783131934647,0.8812429847137154
25937,LOF,0.021505613183381466,0.015960868226632192,0.9625335185899864
25938,LOF,0.09346470220268606,0.024142675304519606,0.8823926224927944
25939,LOF,0.06909206783287772,0.013047067934656834,0.9178608642324654
25940,GOF,0.010506895822351767,0.5210757456960327,0.46841735848161564
25941,LOF,0.4388759525861774,0.04174559094428512,0.5193784564695375
25942,LOF,0.009572122761320809,0.05187417432566418,0.9385537029130151
25943,LOF,0.045393727856125055,0.1935662314520799,0.7610400406917951
25944,LOF,0.03972184981976121,0.08485220690624783,0.8754259432739909
25945,LOF,0.16843290977736255,0.025385596475162853,0.8061814937474746
25946,LOF,0.06759184410097303,0.03767781797278233,0.8947303379262446
25947,Neutral,0.4867392759001852,0.09318653400496815,0.42007419009484653
25948,LOF,0.3760492529400563,0.013085365844421479,0.6108653812155223
25949,LOF,0.12416994733129658,0.07072982600208452,0.8051002266666188
25950,GOF,0.1266733109134796,0.5375826776359954,0.335744011450525
25951,LOF,0.017968862437299286,0.4713410666355471,0.5106900709271536
25952,LOF,0.22626920933788006,0.2392501154864864,0.5344806751756336
25953,LOF,0.008949958558969491,0.3531176565319337,0.6379323849090969
25954,GOF,0.12425558747390272,0.4674325708096804,0.40831184171641693
25955,LOF,0.010600750652775357,0.240414298980528,0.7489849503666967
25956,LOF,0.01299688055742432,0.34810656452489525,0.6388965549176805
25957,LOF,0.1478563616386676,0.03990695909072504,0.8122366792706073
25958,LOF,0.031949336058839393,0.0629024104055909,0.9051482535355698
25959,GOF,0.00717302362880922,0.7744450196257122,0.21838195674547847
25960,LOF,0.00444128010372858,0.1524291413321382,0.8431295785641333
25961,LOF,0.028062452407927443,0.049655528880103314,0.9222820187119691
25962,LOF,0.03557217079765751,0.07277110798510543,0.8916567212172369
25963,LOF,0.007986665571109346,0.13211833975535953,0.859894994673531
25964,LOF,0.040226942891838015,0.14771039307662048,0.8120626640315415
25965,LOF,0.24381027733749125,0.16439930524872226,0.5917904174137865
25966,LOF,0.3347056362985696,0.10795044191764157,0.5573439217837889
25967,LOF,0.0060397664623250595,0.08820878929931225,0.9057514442383626
25968,LOF,0.041874085604751546,0.26916244977454606,0.6889634646207025
25969,LOF,0.11877037006540887,0.0731961341397797,0.8080334957948114
25970,LOF,0.06434089566733343,0.07636628015880444,0.8592928241738621
25971,LOF,0.06396839564496715,0.03250853580194663,0.9035230685530862
25972,LOF,0.08349085498051391,0.054740140440306534,0.8617690045791796
25973,LOF,0.05499255756521071,0.013374966256061169,0.9316324761787281
25974,LOF,0.0484994781040318,0.04970640255572526,0.9017941193402429
25975,LOF,0.03591810529413636,0.019987771347105266,0.9440941233587583
25976,LOF,0.08249814761143018,0.014548148478087702,0.902953703910482
25977,LOF,0.2686283835426183,0.051047875176146174,0.6803237412812355
25978,LOF,0.1705866808872722,0.13046698634377932,0.6989463327689486
25979,LOF,0.14124147474927579,0.1509719408650675,0.7077865843856568
25980,LOF,0.20806738312351247,0.20497538905444632,0.5869572278220413
25981,LOF,0.20840919660859436,0.21011986821566395,0.5814709351757418
25982,LOF,0.3566258039402493,0.11949375716675065,0.5238804388930001
25983,LOF,0.4318781397800136,0.12458548879202751,0.4435363714279589
25984,LOF,0.06014391344395111,0.09462856265770656,0.8452275238983423
25985,Neutral,0.48596885218321106,0.14568342037223814,0.3683477274445507
25986,LOF,0.01388894524627734,0.46040148203697395,0.5257095727167487
25987,LOF,0.03863318428927022,0.1060806767050363,0.8552861390056935
25988,LOF,0.06279711637800942,0.1532383558980322,0.7839645277239583
25989,LOF,0.06659428459572478,0.2238566581615456,0.7095490572427297
25990,LOF,0.05302413133099502,0.3615218162239539,0.5854540524450511
25991,GOF,0.025847815295230347,0.5070086662734488,0.46714351843132085
25992,LOF,0.016756988713175075,0.46301423985351026,0.5202287714333146
25993,LOF,0.019069188772232397,0.06141840662460475,0.9195124046031627
25994,LOF,0.028186120476358028,0.06866170276841561,0.9031521767552264
25995,LOF,0.01920933613596356,0.12283899818056185,0.8579516656834746
25996,GOF,0.34956619522497734,0.42079409018830477,0.22963971458671795
25997,LOF,0.05685450423722026,0.46631318100114827,0.4768323147616315
25998,LOF,0.22350229394759905,0.047595763084105416,0.7289019429682955
25999,LOF,0.048575225529680896,0.12215034118727401,0.8292744332830452
26000,LOF,0.14107921003712884,0.01755620260028304,0.8413645873625881
26001,LOF,0.22355685599655542,0.023818523280034743,0.7526246207234099
26002,LOF,0.09717332075205481,0.02876881973651226,0.874057859511433
26003,GOF,0.005586098781045647,0.5912292649717814,0.4031846362471728
26004,GOF,0.012333918622317006,0.5482906360488117,0.4393754453288713
26005,LOF,0.004281083577266738,0.4627792822902154,0.5329396341325179
26006,GOF,0.08653760949753193,0.48885330166567564,0.42460908883679244
26007,LOF,0.008152786798840404,0.47823928639630964,0.51360792680485
26008,GOF,0.005642109839826732,0.5401064139797869,0.4542514761803863
26009,GOF,0.010145453760157006,0.5956673440620959,0.39418720217774716
26010,GOF,0.007988085748051184,0.5504044094318928,0.441607504820056
26011,LOF,0.004236291659011378,0.3884015403684241,0.6073621679725645
26012,GOF,0.004658581401856217,0.5116234149254048,0.4837180036727391
26013,GOF,0.010817391161977115,0.5358034363861909,0.45337917245183207
26014,LOF,0.04334415407405776,0.09066822752385306,0.8659876184020892
26015,LOF,0.405084423181714,0.021380502240592153,0.5735350745776938
26016,LOF,0.2718583312807459,0.03640239686531923,0.6917392718539349
26017,LOF,0.014171625270840447,0.1635448633121045,0.822283511417055
26018,LOF,0.029073524211359912,0.06590161173759405,0.9050248640510461
26019,LOF,0.028462652184270448,0.05815199585197509,0.9133853519637545
26020,LOF,0.0072254837935901315,0.17584376891778866,0.8169307472886211
26021,LOF,0.06483006454804903,0.07758640546200758,0.8575835299899434
26022,LOF,0.032995753948086445,0.03209930726576913,0.9349049387861444
26023,LOF,0.021889755319382777,0.044357798434005065,0.9337524462466121
26024,LOF,0.0385855488069988,0.05531754358030529,0.906096907612696
26025,LOF,0.12248513577314413,0.05948693371166589,0.81802793051519
26026,LOF,0.10670256932051313,0.042224329331195715,0.8510731013482911
26027,LOF,0.027953084531773253,0.02647757773254101,0.9455693377356856
26028,LOF,0.06607635480151994,0.15705137017442053,0.7768722750240594
26029,LOF,0.02619155722546679,0.15323636163045923,0.8205720811440739
26030,LOF,0.12280940679665366,0.027746395305890185,0.8494441978974562
26031,LOF,0.012365997479794362,0.14661695530368737,0.8410170472165182
26032,LOF,0.038156261476352094,0.04904069698766969,0.9128030415359781
26033,LOF,0.040507488814983984,0.05184176591600353,0.9076507452690126
26034,LOF,0.016567447752865755,0.10507520004016292,0.8783573522069713
26035,LOF,0.011002550971405437,0.1107712117020101,0.8782262373265844
26036,LOF,0.010845653401799809,0.09264694658399095,0.8965074000142091
26037,LOF,0.010139968123712739,0.09895893431564154,0.8909010975606457
26038,LOF,0.032231304811661705,0.04350990118570559,0.9242587940026328
26039,LOF,0.029545910557554785,0.12990892472588242,0.8405451647165628
26040,LOF,0.08444344088042176,0.12487273389615179,0.7906838252234265
26041,LOF,0.012011515324020849,0.0963662567179192,0.8916222279580599
26042,LOF,0.011310423374865779,0.10117409361142105,0.8875154830137132
26043,LOF,0.03232396597522719,0.07196827173599442,0.8957077622887785
26044,LOF,0.0069679852484575795,0.05483905810153615,0.9381929566500063
26045,LOF,0.06563330994802376,0.14387438211834838,0.7904923079336279
26046,LOF,0.029196044470435976,0.0498869674568786,0.9209169880726854
26047,LOF,0.06192801779687265,0.051023979834778195,0.8870480023683491
26048,LOF,0.08630190271710197,0.020219681171093556,0.8934784161118045
26049,Neutral,0.9456422952468208,0.0060124297334096894,0.04834527501976969
26050,Neutral,0.9137097556645282,0.006913893231371987,0.07937635110409981
26051,LOF,0.026610515969602063,0.0880684963748851,0.8853209876555129
26052,LOF,0.029223141458647763,0.0718547876135257,0.8989220709278265
26053,LOF,0.02186205734395801,0.1530765703421077,0.8250613723139343
26054,LOF,0.04720649195201119,0.03925782398685524,0.9135356840611336
26055,LOF,0.0655391585468963,0.03448866223981313,0.8999721792132906
26056,LOF,0.05409047519069153,0.044418618119585467,0.901490906689723
26057,LOF,0.05816292125158508,0.021030573026026806,0.9208065057223881
26058,LOF,0.06395053502640394,0.016661411401016617,0.9193880535725795
26059,LOF,0.21277195615436967,0.03184205921920008,0.7553859846264303
26060,LOF,0.014986991203739907,0.2011122742944498,0.7839007345018102
26061,LOF,0.010097017587423172,0.016360345441208863,0.9735426369713679
26062,LOF,0.005220918834390884,0.023059257509309275,0.9717198236562997
26063,LOF,0.04911780385710512,0.015027143256488115,0.9358550528864067
26064,LOF,0.014035047346598365,0.021143526676400223,0.9648214259770014
26065,LOF,0.06483813827570256,0.018590695366210126,0.9165711663580873
26066,LOF,0.04816362390008217,0.014432724831927677,0.9374036512679902
26067,LOF,0.05790897254219727,0.01406887690557553,0.9280221505522273
26068,LOF,0.04980344937511451,0.04070634743082161,0.9094902031940638
26069,LOF,0.20945202825712603,0.028814432093008352,0.7617335396498657
26070,LOF,0.4241650113876404,0.019606878554054682,0.556228110058305
26071,LOF,0.05439170248619449,0.016203215012901166,0.9294050825009044
26072,LOF,0.005952781122539965,0.0244863657781909,0.9695608530992692
26073,LOF,0.04320882178124806,0.017769947179661887,0.9390212310390901
26074,Neutral,0.7920780491892291,0.014283290514709118,0.1936386602960619
26075,LOF,0.04394080391376177,0.03221761573029111,0.923841580355947
26076,LOF,0.04220214926417746,0.015416869556350075,0.9423809811794724
26077,LOF,0.1455974923029834,0.01355264325660056,0.8408498644404161
26078,LOF,0.006149482274990958,0.028229584262550275,0.9656209334624587
26079,LOF,0.05496630234035673,0.026664679535700498,0.9183690181239428
26080,LOF,0.05424113779624077,0.026738541692458533,0.9190203205113006
26081,LOF,0.04344738608925914,0.013223086204840907,0.9433295277059001
26082,LOF,0.005918205383744087,0.02480320761629665,0.9692785869999593
26083,LOF,0.09937395065873703,0.02572216073077446,0.8749038886104885
26084,LOF,0.11786119502686827,0.0240160719416266,0.8581227330315051
26085,LOF,0.1120892303251742,0.019401599090873217,0.8685091705839526
26086,LOF,0.045028129014293615,0.01847808857948472,0.9364937824062216
26087,LOF,0.04116307128017561,0.016796027207007062,0.9420409015128173
26088,LOF,0.006021640934636491,0.04047478877738111,0.9535035702879823
26089,LOF,0.03780137789147478,0.04084386634146252,0.9213547557670627
26090,LOF,0.03803677722435868,0.032000096528690694,0.9299631262469505
26091,LOF,0.030137625268833578,0.012290691092057868,0.9575716836391085
26092,LOF,0.04649887390119114,0.013539943766808935,0.9399611823319999
26093,LOF,0.0660920369896179,0.008939117876033714,0.9249688451343484
26094,LOF,0.03465222383987512,0.010678442116444085,0.9546693340436808
26095,LOF,0.01754086840120347,0.026181955640244246,0.9562771759585523
26096,LOF,0.2318866444078145,0.007003646505987459,0.761109709086198
26097,LOF,0.00584457741296535,0.057550369211732885,0.9366050533753019
26098,LOF,0.09043301970109473,0.026001603725770973,0.8835653765731343
26099,LOF,0.04381914260455724,0.027264780694581863,0.9289160767008608
26100,LOF,0.04381914260455724,0.027264780694581863,0.9289160767008608
26101,LOF,0.04789530160707627,0.044661735672501826,0.907442962720422
26102,LOF,0.03685311399458256,0.02215026604055409,0.9409966199648634
26103,Neutral,0.8936434018660151,0.02973911401015489,0.07661748412383003
26104,LOF,0.05125656704769756,0.042630971612040144,0.9061124613402622
26105,LOF,0.24928125655710154,0.11574373518507633,0.634975008257822
26106,LOF,0.35400005150538716,0.040371215418489904,0.6056287330761229
26107,LOF,0.01976297961489269,0.06200461591355031,0.9182324044715571
26108,LOF,0.2316463212889702,0.04839780508177572,0.719955873629254
26109,LOF,0.06186634640483794,0.03795979356246791,0.9001738600326942
26110,LOF,0.41826926817737725,0.015248786687701929,0.5664819451349209
26111,LOF,0.0692904494199205,0.1143244329829129,0.8163851175971667
26112,LOF,0.06537053444596572,0.013243078808829216,0.9213863867452051
26113,LOF,0.12437258492476477,0.03661809803588717,0.839009317039348
26114,LOF,0.09035118230706092,0.006729987187893992,0.9029188305050451
26115,LOF,0.01905287467771961,0.04442225640660563,0.9365248689156748
26116,LOF,0.08711888443174463,0.01812039825940426,0.8947607173088511
26117,LOF,0.3508530064599188,0.040917241159170725,0.6082297523809105
26118,LOF,0.0363081459805335,0.01807257245013566,0.945619281569331
26119,LOF,0.005169959123549518,0.08933461465418241,0.9054954262222682
26120,LOF,0.03028666601327319,0.017218615296673595,0.9524947186900533
26121,LOF,0.003962171310920473,0.12823280411258228,0.8678050245764971
