feature0,prediction,LoGoFunc_Neutral,LoGoFunc_GOF,LoGoFunc_LOF
25546,Neutral,0.7236380295232528,0.03912295987271461,0.23723901060403252
25547,Neutral,0.5987015746389248,0.07329932763719148,0.3279990977238838
25548,Neutral,0.5951912627375282,0.0528764223480169,0.3519323149144549
25549,Neutral,0.5211033451300301,0.05333937588500185,0.4255572789849681
25550,LOF,0.3547262401577229,0.10301010235896976,0.5422636574833074
25551,LOF,0.3022135005443269,0.11618948257220496,0.5815970168834682
25552,LOF,0.21711567110944624,0.10909831369134086,0.6737860151992129
25553,Neutral,0.8316232489420898,0.03165700991905359,0.13671974113885654
25554,LOF,0.24944028929419274,0.10282018656831034,0.6477395241374969
25555,LOF,0.20605526922239964,0.08778789683329398,0.7061568339443064
25556,LOF,0.43124565712168217,0.08434848149075669,0.484405861387561
25557,LOF,0.20093345734286608,0.0908809592345592,0.7081855834225746
25558,LOF,0.24281990011463786,0.10565918933235845,0.6515209105530038
25559,LOF,0.38139766075266124,0.15172188123501457,0.4668804580123241
25560,LOF,0.04903523727660595,0.15355384581799306,0.7974109169054009
25561,LOF,0.10082414876126898,0.16399944366777225,0.7351764075709588
25562,LOF,0.10087763784155818,0.06627897330876538,0.8328433888496766
25563,LOF,0.09836525872784932,0.07890970004939729,0.8227250412227535
25564,LOF,0.1885406307153682,0.13847844813614962,0.6729809211484822
25565,LOF,0.1510172397547641,0.10816747980908309,0.7408152804361529
25566,GOF,0.01911784826570681,0.7508131096114092,0.23006904212288393
25567,LOF,0.013456150222980592,0.15805058606334352,0.8284932637136758
25568,LOF,0.049954777436818455,0.07789972762984841,0.872145494933333
25569,LOF,0.059913751614444684,0.07032256662502051,0.8697636817605348
25570,LOF,0.060145656806201,0.11673601807596098,0.823118325117838
25571,LOF,0.05346149004034271,0.1106016118000994,0.8359368981595579
25572,LOF,0.07030065463985999,0.1378449511743116,0.7918543941858284
25573,LOF,0.027455979004484456,0.10047182453958131,0.8720721964559343
25574,LOF,0.01548822237328601,0.1596903206931302,0.8248214569335837
25575,LOF,0.04276555402544142,0.12690496916941368,0.8303294768051448
25576,LOF,0.01804062746583309,0.12922111176460047,0.8527382607695665
25577,LOF,0.0143544090642106,0.14212365992850567,0.8435219310072837
25578,LOF,0.2521684426585012,0.09568997502209559,0.6521415823194032
25579,LOF,0.25285848817725365,0.09460443307387596,0.6525370787488703
25580,LOF,0.03048067480329087,0.09038730858261654,0.8791320166140926
25581,LOF,0.05392907267390015,0.07348064466321723,0.8725902826628826
25582,LOF,0.05361689523660377,0.07193395264271668,0.8744491521206795
25583,LOF,0.04411787004637446,0.1088045895322893,0.8470775404213361
25584,Neutral,0.4669041678289591,0.1034977972918878,0.42959803487915305
25585,LOF,0.03315601154586031,0.11303529654302637,0.8538086919111134
25586,LOF,0.029953791743195034,0.08728773420404813,0.8827584740527569
25587,LOF,0.030335306917283568,0.08252135743015875,0.8871433356525577
25588,LOF,0.030665931783927295,0.10352221763340594,0.8658118505826666
25589,Neutral,0.6264224009910303,0.13107118460841896,0.24250641440055068
25590,LOF,0.0283196575657233,0.1374963356224818,0.8341840068117948
25591,LOF,0.11036403059774522,0.061630238947075255,0.8280057304551794
25592,LOF,0.07826060383477389,0.15912126056313902,0.762618135602087
25593,LOF,0.019425575124046315,0.2714628311162281,0.7091115937597255
25594,LOF,0.04029139149793383,0.2165932494700997,0.7431153590319666
25595,LOF,0.04512881147538406,0.14692251756884964,0.8079486709557663
25596,LOF,0.05602188187811989,0.07553844984015544,0.8684396682817248
25597,LOF,0.04640341121464729,0.09255749985337801,0.8610390889319747
25598,LOF,0.044235222727062914,0.14403902886916725,0.8117257484037699
25599,GOF,0.010450407427487556,0.755816454754045,0.23373313781846736
25600,GOF,0.01471490443346117,0.5496154713398699,0.43566962422666894
25601,LOF,0.007716629265109072,0.4668719081539383,0.5254114625809526
25602,LOF,0.025861966065540976,0.040723667842275796,0.9334143660921832
25603,LOF,0.059814034848505,0.030705084055104845,0.90948088109639
25604,LOF,0.059278422049847665,0.03447890948553297,0.9062426684646193
25605,LOF,0.014206288152716982,0.23248980095398014,0.753303910893303
25606,LOF,0.11253637391560475,0.4292042525659881,0.4582593735184072
25607,LOF,0.006256504403523337,0.15126774721768618,0.8424757483787905
25608,LOF,0.06408139666684104,0.0555224220110206,0.8803961813221383
25609,LOF,0.035046700296214525,0.42242810017676574,0.5425251995270197
25610,LOF,0.04080028866376648,0.03333350476929385,0.9258662065669396
25611,LOF,0.044490711962386915,0.03185725270543574,0.9236520353321774
25612,LOF,0.10294117065333191,0.04259282171026524,0.8544660076364028
25613,LOF,0.08356971163473974,0.04145961987382036,0.8749706684914398
25614,LOF,0.030469359584187155,0.04411856792292498,0.9254120724928878
25615,LOF,0.06034311482919963,0.037777533652232735,0.9018793515185677
25616,LOF,0.03238956374258792,0.03816278957695335,0.9294476466804588
25617,LOF,0.03197253927320556,0.043544568504379814,0.9244828922224146
25618,LOF,0.18534309140005056,0.040053905349088405,0.774603003250861
25619,LOF,0.029454636265729958,0.03642131273495208,0.934124050999318
25620,LOF,0.03398377982031947,0.04982478172897721,0.9161914384507033
25621,LOF,0.03429622865723129,0.03629917076931027,0.9294046005734584
25622,LOF,0.0372357456099095,0.03976642535186499,0.9229978290382256
25623,LOF,0.07429710714989408,0.03131886388551125,0.8943840289645947
25624,LOF,0.026777741969997177,0.05129849749160914,0.9219237605383936
25625,LOF,0.03921642794432322,0.04692149577067472,0.9138620762850022
25626,LOF,0.08788518091416915,0.03362528075885504,0.8784895383269757
25627,Neutral,0.5768716376331645,0.14013152785537675,0.2829968345114587
25628,LOF,0.1546434581117786,0.0789585957853128,0.7663979461029086
25629,LOF,0.07378899059329441,0.10410958700142639,0.8221014224052792
25630,LOF,0.1443488008105237,0.1240085840156856,0.7316426151737907
25631,Neutral,0.5689043711360346,0.10413262074203655,0.3269630081219288
25632,LOF,0.024394129380505312,0.06681814870424013,0.9087877219152545
25633,LOF,0.22340784417650245,0.08482898900446492,0.6917631668190326
25634,LOF,0.03479526930627507,0.11512724528349887,0.8500774854102262
25635,LOF,0.038590446742389026,0.09109415607484238,0.8703153971827686
25636,GOF,0.005231279244833671,0.5826008420611954,0.4121678786939709
25637,GOF,0.005296535270065904,0.5814456439257798,0.41325782080415435
25638,LOF,0.009099135743700965,0.4785562405526974,0.5123446237036017
25639,LOF,0.0047484762428740375,0.4242958422070249,0.5709556815501011
25640,GOF,0.46676968789457307,0.4782143758519597,0.05501593625346717
25641,LOF,0.007684622998625832,0.33495727747457016,0.6573580995268039
25642,LOF,0.23265500085981852,0.07730146602255725,0.6900435331176242
25643,LOF,0.2133816817037112,0.22248375849683205,0.5641345597994567
25644,GOF,0.0175183696504317,0.5734977088755879,0.40898392147398044
25645,GOF,0.01799353636499472,0.5509538466432296,0.43105261699177566
25646,LOF,0.020516581579862664,0.3302898557346958,0.6491935626854415
25647,LOF,0.017792952960756107,0.25953560844563267,0.7226714385936112
25648,LOF,0.015472627708756128,0.27910067938214433,0.7054266929090994
25649,LOF,0.013458681308063321,0.224523615029649,0.7620177036622877
25650,GOF,0.042853488538375936,0.5717836688481254,0.3853628426134987
25651,LOF,0.01094412259134757,0.2778424207032821,0.7112134567053704
25652,LOF,0.018416688809057433,0.27526463354830133,0.7063186776426411
25653,LOF,0.08499166830868214,0.39850105463409313,0.5165072770572247
25654,LOF,0.01519394411583423,0.23615951414070196,0.7486465417434638
25655,LOF,0.12970088558894416,0.37067206675105596,0.49962704765999977
25656,LOF,0.06286304862316884,0.05533153644531841,0.8818054149315128
25657,LOF,0.28164343239243644,0.023428866708842984,0.6949277008987206
25658,LOF,0.043216680321568626,0.06471925977656301,0.8920640599018684
25659,LOF,0.27759305349393903,0.042883461214914445,0.6795234852911466
25660,LOF,0.07737042518153847,0.1038083637070597,0.8188212111114017
25661,LOF,0.05005967611495396,0.07415790215725984,0.8757824217277862
25662,LOF,0.026803286473353685,0.04571496991155649,0.9274817436150898
25663,LOF,0.03766761226507875,0.06952906895512238,0.8928033187797989
25664,LOF,0.04093836453399905,0.07685831931413155,0.8822033161518694
25665,LOF,0.05463375330282375,0.047091775252300946,0.8982744714448754
25666,LOF,0.04040268489771163,0.13536047772688037,0.8242368373754081
25667,LOF,0.0275456624197018,0.05711363611123316,0.915340701469065
25668,LOF,0.03351001610904248,0.06312250832887453,0.903367475562083
25669,LOF,0.03944094360367402,0.09594670159071919,0.8646123548056068
25670,LOF,0.1497078047197424,0.06595736286808072,0.7843348324121769
25671,LOF,0.03688805287006932,0.04879633818832886,0.9143156089416019
25672,LOF,0.05377390688717772,0.07234287016391325,0.873883222948909
25673,LOF,0.042398510245908905,0.058865591306200706,0.8987358984478905
25674,LOF,0.03253096869228754,0.06940215472216445,0.898066876585548
25675,LOF,0.04242373172607586,0.05213733741745032,0.9054389308564739
25676,LOF,0.030212942098591867,0.061586426876253146,0.908200631025155
25677,LOF,0.05817375401906192,0.06620583065038978,0.8756204153305484
25678,LOF,0.2518376476061948,0.04778756511014039,0.7003747872836648
25679,LOF,0.1641174404055804,0.06829227169664621,0.7675902878977734
25680,LOF,0.06260105108226888,0.09721954430844923,0.8401794046092818
25681,LOF,0.10169365674641574,0.08962489265425086,0.8086814505993334
25682,LOF,0.04329743840826379,0.07718026173277871,0.8795222998589575
25683,LOF,0.07533019277696255,0.09711075399050002,0.8275590532325374
25684,LOF,0.05154606918297512,0.07149035111626136,0.8769635797007634
25685,LOF,0.12834111091202433,0.03376929268591457,0.8378895964020611
25686,LOF,0.03598212684303455,0.08255442013469723,0.8814634530222683
25687,LOF,0.06471843940988435,0.0700559595542335,0.8652256010358822
25688,LOF,0.0243869811305268,0.1230936334825835,0.8525193853868898
25689,LOF,0.019867451352465322,0.08493084316526994,0.8952017054822646
25690,LOF,0.017623409488024176,0.1092605568708122,0.8731160336411636
25691,LOF,0.16580181356072143,0.15143174371393747,0.682766442725341
25692,LOF,0.25169883208975513,0.02137429236503189,0.726926875545213
25693,LOF,0.05502081478137195,0.14787890960892952,0.7971002756096985
25694,LOF,0.2516600392438162,0.010688212147811623,0.7376517486083721
25695,LOF,0.16599650489933473,0.015635694634669628,0.8183678004659957
25696,LOF,0.1571320833211953,0.008900949382576608,0.8339669672962281
25697,LOF,0.14005877676632117,0.031227634032598945,0.82871358920108
25698,LOF,0.02749144011430795,0.3153164704327857,0.6571920894529063
25699,LOF,0.07386738905067303,0.07946026080046653,0.8466723501488604
25700,LOF,0.02968256326077052,0.014370698857358224,0.9559467378818712
25701,LOF,0.010156198798834924,0.07739740040551432,0.9124464007956508
25702,GOF,0.03046374682098055,0.7165108735363234,0.25302537964269606
25703,LOF,0.019306180454308854,0.1891630125900315,0.7915308069556597
25704,LOF,0.0892417704859365,0.17458504096902872,0.7361731885450348
25705,LOF,0.06276383886392123,0.29984935089859044,0.6373868102374883
25706,GOF,0.03953005667476634,0.6050300858897226,0.3554398574355111
25707,GOF,0.0325519704600283,0.6384134341998687,0.3290345953401029
25708,GOF,0.007578615266309359,0.6053848959726533,0.38703648876103725
25709,LOF,0.017765213022158752,0.10883257827526006,0.8734022087025812
25710,LOF,0.007994738124666301,0.19646778266663392,0.7955374792086999
25711,LOF,0.019832520814601278,0.16716579458942896,0.8130016845959698
25712,LOF,0.00836781074963969,0.26792362656061514,0.7237085626897453
25713,LOF,0.017697001640345898,0.14758066918891583,0.8347223291707383
25714,LOF,0.01957401936409708,0.203088041946576,0.777337938689327
25715,LOF,0.018595956258271748,0.18271832139260405,0.7986857223491242
25716,LOF,0.01238138743161512,0.14909926693215386,0.838519345636231
25717,LOF,0.006253704750867967,0.15901028419744329,0.8347360110516888
25718,LOF,0.018958666709601855,0.11879687879697926,0.8622444544934188
25719,LOF,0.0357468686161518,0.13375663814484742,0.8304964932390009
25720,LOF,0.02716800190292103,0.1284906914327559,0.8443413066643229
25721,LOF,0.022352271310721983,0.1339490638585246,0.8436986648307535
25722,LOF,0.015295043530832225,0.18818065520980096,0.7965243012593668
25723,LOF,0.021261830862640132,0.12475269622150548,0.8539854729158545
25724,LOF,0.024607044084365856,0.19684507818400848,0.7785478777316256
25725,LOF,0.02020497363203882,0.11514774509242898,0.8646472812755321
25726,LOF,0.014697618971710883,0.15551007719816004,0.829792303830129
25727,LOF,0.020154988688247315,0.1403713742166473,0.8394736370951054
25728,LOF,0.019631372434902535,0.15194651119578406,0.8284221163693133
25729,LOF,0.018485677564589156,0.1635047304813266,0.8180095919540843
25730,LOF,0.021470491452639903,0.11880155150743428,0.8597279570399258
25731,LOF,0.011032221161415154,0.2084185969619502,0.7805491818766347
25732,LOF,0.018585783680913265,0.14290990643961562,0.8385043098794711
25733,LOF,0.026636543509236797,0.13912592694462206,0.834237529546141
25734,LOF,0.00718961221353329,0.25843532828156235,0.7343750595049043
25735,LOF,0.021185279497119715,0.11364184646719555,0.8651728740356847
25736,LOF,0.019056620261960717,0.17561185235336743,0.8053315273846718
25737,LOF,0.037901643867601954,0.1565807689062227,0.8055175872261754
25738,LOF,0.018671490446424403,0.2105807922653712,0.7707477172882043
25739,LOF,0.02233852156480334,0.18068864858397554,0.7969728298512211
25740,LOF,0.04782126324661068,0.19404861166664245,0.7581301250867468
25741,LOF,0.028203859551442546,0.1647025438712635,0.8070935965772938
25742,LOF,0.04820462376680645,0.1681981720504445,0.7835972041827491
25743,LOF,0.012163777304121357,0.03023248239058541,0.9576037403052933
25744,LOF,0.1825767423061095,0.33103589170171244,0.4863873659921781
25745,LOF,0.03543289861587922,0.11081915304586631,0.8537479483382544
25746,LOF,0.014821874220006843,0.16036427515710033,0.8248138506228928
25747,LOF,0.030799876305966298,0.0314389025327521,0.9377612211612815
25748,LOF,0.27382670119029123,0.05563078208311133,0.6705425167265974
25749,LOF,0.013270835366362931,0.09712874899528129,0.8896004156383557
25750,LOF,0.018293444734866233,0.10020054436386551,0.8815060109012682
25751,LOF,0.04226834808628343,0.050891308968137455,0.906840342945579
25752,GOF,0.10058529439627406,0.6753226046244645,0.22409210097926135
25753,LOF,0.007571192199495347,0.34933692700251007,0.6430918807979946
25754,GOF,0.007538768551034639,0.8573914811335196,0.13506975031544574
25755,LOF,0.008494105366193919,0.3914857339295333,0.6000201607042728
25756,LOF,0.04996062136835223,0.3980433291806844,0.5519960494509633
25757,GOF,0.007754453726964543,0.8462622119596828,0.14598333431335275
25758,GOF,0.009131392861406771,0.8635275880954751,0.1273410190431182
25759,GOF,0.005853767923444772,0.555860554210345,0.43828567786621025
25760,LOF,0.006306069150887934,0.26360014259304165,0.7300937882560704
25761,GOF,0.05578527528620472,0.8289796391372091,0.11523508557658625
25762,LOF,0.029417095578444376,0.32642613278349975,0.6441567716380558
25763,LOF,0.007001356734620589,0.2506546095855825,0.742344033679797
25764,GOF,0.06946343359188913,0.6263572143054542,0.3041793521026567
25765,GOF,0.008198139349103782,0.8594357292245058,0.13236613142639048
25766,GOF,0.03770759317112389,0.8137480565446522,0.14854435028422386
25767,GOF,0.012595942058546162,0.557641438578071,0.42976261936338284
25768,LOF,0.03897887372787582,0.06638428940353185,0.8946368368685924
25769,LOF,0.025504344556422087,0.09077885642560724,0.8837167990179707
25770,LOF,0.17144904525799107,0.06612856796866638,0.7624223867733425
25771,LOF,0.015585855977086234,0.06006015686774119,0.9243539871551726
25772,LOF,0.02475844081621644,0.029787263686388697,0.9454542954973949
25773,LOF,0.021235500379439214,0.055272676650536215,0.9234918229700245
25774,LOF,0.02949371624167022,0.09782135320545426,0.8726849305528754
25775,LOF,0.022415778802808713,0.035799535065465016,0.9417846861317262
25776,LOF,0.027405620861274002,0.02564479474753341,0.9469495843911926
25777,LOF,0.23790142384702714,0.07308038454056724,0.6890181916124056
25778,LOF,0.0203371640458364,0.06279817776736342,0.9168646581868002
25779,GOF,0.03619926503711001,0.8996442026422826,0.06415653232060745
25780,GOF,0.06774235806394412,0.8862918859494243,0.045965755986631544
25781,GOF,0.034254606156374094,0.8872845303298026,0.07846086351382328
25782,GOF,0.03161202535304224,0.9099010289942594,0.05848694565269815
25783,GOF,0.027003095803177037,0.9241992050196661,0.048797699177156685
25784,GOF,0.08152242380466379,0.8776572137364675,0.04082036245886862
25785,GOF,0.07654165464371411,0.8881981104857912,0.03526023487049463
25786,GOF,0.008954163225651105,0.8992124271422632,0.09183340963208587
25787,GOF,0.1562475357779188,0.8034800510447245,0.04027241317735653
25788,LOF,0.014783507418256887,0.22209917846022836,0.7631173141215147
25789,GOF,0.016079229478653374,0.8703579680730426,0.1135628024483043
25790,GOF,0.019542217968651483,0.8867052347616474,0.09375254726970118
25791,GOF,0.021474672578751616,0.8443668542971475,0.13415847312410084
25792,GOF,0.024706952401470035,0.8592536862147575,0.11603936138377255
25793,GOF,0.07284785431681023,0.8452879288244174,0.08186421685877239
25794,GOF,0.049910454523692895,0.8195683015731274,0.13052124390317982
25795,GOF,0.042554184762372715,0.7875663213884564,0.16987949384917073
25796,GOF,0.0808395033242244,0.8384405432588388,0.0807199534169367
25797,GOF,0.057837253007218585,0.8070852883481588,0.13507745864462253
25798,GOF,0.004654889272482833,0.8028459214950837,0.19249918923243342
25799,GOF,0.004035999503030333,0.7608849765864406,0.23507902391052915
25800,GOF,0.02167344433925462,0.8542332798880572,0.12409327577268826
25801,GOF,0.016631216473493072,0.9041036948324546,0.07926508869405242
25802,GOF,0.026823044030180185,0.8630892243552506,0.1100877316145691
25803,GOF,0.018383644018285024,0.7615812348327402,0.2200351211489746
25804,GOF,0.026376468070650076,0.808243634829782,0.16537989709956796
25805,GOF,0.02552387916116369,0.8360182914154483,0.1384578294233881
25806,GOF,0.02481106899138783,0.8339661605046411,0.14122277050397108
25807,GOF,0.007298631982686709,0.7773833821307488,0.21531798588656467
25808,GOF,0.016588640557476664,0.8065348877271326,0.17687647171539075
25809,GOF,0.008417115840439077,0.7820519002857913,0.20953098387376962
25810,GOF,0.006903907108256311,0.7683522975788031,0.2247437953129405
25811,GOF,0.041381069413506576,0.8918220291031803,0.06679690148331309
25812,GOF,0.030929570267376826,0.8255890270930821,0.143481402639541
25813,GOF,0.1140003541821474,0.8156719037899625,0.07032774202789009
25814,GOF,0.029394603283553613,0.8348393440042945,0.13576605271215184
25815,GOF,0.05820331770992881,0.8503993571703995,0.09139732511967151
25816,GOF,0.009645445109764407,0.8856026235389259,0.10475193135130946
25817,GOF,0.09164103482332502,0.8273181229326677,0.08104084224400719
25818,GOF,0.02197560734615265,0.8341197680491812,0.14390462460466602
25819,GOF,0.06310293396879361,0.7927040450868769,0.14419302094432956
25820,GOF,0.032687512697056866,0.7744239819188801,0.19288850538406305
25821,GOF,0.022193562320420163,0.7850241622123783,0.19278227546720156
25822,GOF,0.0416550047728087,0.7709315195491465,0.18741347567804478
25823,GOF,0.0250476077183285,0.7633221143681341,0.21163027791353747
25824,GOF,0.024968419696064018,0.8053528977987953,0.16967868250514068
25825,GOF,0.019477124423589006,0.7925070377970671,0.18801583777934386
25826,GOF,0.007825818712484701,0.7618649213492772,0.23030925993823814
25827,GOF,0.011614519160704042,0.7477048582243684,0.24068062261492762
25828,GOF,0.009104816484345342,0.7845317962791418,0.20636338723651276
25829,GOF,0.0039154225043910645,0.7238602382270117,0.27222433926859707
25830,GOF,0.03452062636832631,0.5338702243608906,0.4316091492707831
25831,GOF,0.049684092267359016,0.8193366525150689,0.13097925521757195
25832,GOF,0.008855845865554239,0.8007371331129798,0.1904070210214661
25833,GOF,0.03338946769333856,0.8497924322985579,0.11681810000810341
25834,GOF,0.009901866872564995,0.8245945215709455,0.1655036115564894
25835,GOF,0.022672694236654283,0.8686328749562773,0.10869443080706835
25836,GOF,0.006440767836909866,0.8112183230119081,0.18234090915118198
25837,GOF,0.00808355594287866,0.8243092976502593,0.16760714640686214
25838,GOF,0.021094014304108153,0.87181736334594,0.10708862234995195
25839,GOF,0.04137384471738068,0.8520148602323835,0.10661129505023596
25840,GOF,0.06598033780284454,0.835511031957224,0.09850863023993142
25841,GOF,0.06573879127684754,0.8504294279724094,0.0838317807507431
25842,GOF,0.02733453967558113,0.9083419928228668,0.06432346750155195
25843,GOF,0.02450144884489178,0.9070938475037212,0.06840470365138696
25844,GOF,0.016813823392581775,0.8658195255220126,0.11736665108540582
25845,GOF,0.006534797772695629,0.8212418290507895,0.17222337317651484
25846,GOF,0.06528597911806698,0.8384629837600337,0.09625103712189931
25847,GOF,0.016431404457741435,0.9124482942564978,0.07112030128576069
25848,GOF,0.019737787165947204,0.8673300263645923,0.11293218646946034
25849,GOF,0.007022285917947118,0.8659725385356611,0.12700517554639168
25850,GOF,0.006010694101079592,0.7841603430946937,0.20982896280422667
25851,GOF,0.005670470073926676,0.7474873825704191,0.2468421473556542
25852,GOF,0.13603141645938033,0.6339608440312656,0.23000773950935402
25853,GOF,0.06786844476469489,0.8235887831724383,0.10854277206286672
25854,GOF,0.006196650294240019,0.7739779866984066,0.2198253630073533
25855,GOF,0.023975796526331736,0.7373792300285488,0.23864497344511948
25856,GOF,0.044842308853303925,0.8192539841531443,0.13590370699355186
25857,GOF,0.025866490953638573,0.761264467205656,0.21286904184070543
25858,GOF,0.010616652601495531,0.8001127420157725,0.1892706053827319
25859,GOF,0.008092950360497383,0.7996715863910298,0.19223546324847296
25860,GOF,0.07463303707999831,0.8282150985319557,0.09715186438804589
25861,GOF,0.07635789070882779,0.8344145304983102,0.08922757879286204
25862,GOF,0.022039489919501495,0.8969326102905455,0.08102789978995302
25863,GOF,0.023144373626635156,0.8892446390602659,0.0876109873130991
25864,GOF,0.059781873203934965,0.8928187802426361,0.047399346553429006
25865,GOF,0.044144751380591096,0.8618516115246806,0.09400363709472825
25866,GOF,0.026623181992107444,0.8899450394498425,0.0834317785580502
25867,GOF,0.04243084600196786,0.8849960130948242,0.07257314090320775
25868,GOF,0.058961144597941245,0.841250415153166,0.09978844024889265
25869,GOF,0.33320411170817643,0.6022978278396335,0.0644980604521901
25870,GOF,0.05920250400419511,0.6386860437452057,0.3021114522505992
25871,GOF,0.010641346927090121,0.8922391938827583,0.09711945919015164
25872,GOF,0.02098870600746521,0.8730175267389404,0.10599376725359437
25873,GOF,0.02028043629090169,0.9016751262973796,0.07804443741171861
25874,LOF,0.014933704363694735,0.25979669217295276,0.7252696034633526
25875,LOF,0.030670662335843684,0.06323925942426756,0.9060900782398887
25876,LOF,0.0187540235492427,0.036467475065764234,0.944778501384993
25877,LOF,0.11607197048435655,0.09168012231375994,0.7922479072018836
25878,LOF,0.07574833507424439,0.14421309786063913,0.7800385670651165
25879,LOF,0.017576727077166503,0.09376728167984241,0.8886559912429911
25880,LOF,0.0645916263152206,0.015673254107040988,0.9197351195777383
25881,Neutral,0.4866602148003451,0.07833633467827177,0.43500345052138323
25882,LOF,0.06008601445930597,0.027372920637949976,0.9125410649027441
25883,LOF,0.026749899751976978,0.03555156204930017,0.9376985381987228
25884,LOF,0.016877313999850915,0.06324604228616612,0.9198766437139829
25885,LOF,0.18222312645001257,0.01390405419779761,0.8038728193521897
25886,LOF,0.279107581783891,0.06821856408578386,0.6526738541303252
25887,LOF,0.12888691401695537,0.08593993822139862,0.7851731477616459
25888,LOF,0.008823385497841485,0.13122624987605422,0.8599503646261043
25889,LOF,0.02423408449805976,0.044830918048932966,0.9309349974530073
25890,LOF,0.16406001020010105,0.07931675664210669,0.7566232331577923
25891,LOF,0.12448230108487411,0.025589047808840124,0.8499286511062857
25892,LOF,0.009816349017509867,0.035476129077551315,0.9547075219049387
25893,LOF,0.38303352292647674,0.008474194693231537,0.6084922823802916
25894,LOF,0.4119229140803255,0.006209871800253692,0.5818672141194209
25895,LOF,0.36969275628753917,0.011984845864257698,0.6183223978482031
25896,LOF,0.06909268089475129,0.03070812531723939,0.9001991937880093
25897,LOF,0.1542566276853037,0.009365985259665508,0.8363773870550307
25898,LOF,0.14308389224906706,0.03414965193901,0.8227664558119229
25899,LOF,0.43981255958535315,0.03073872298013712,0.5294487174345097
25900,Neutral,0.5150757184596579,0.009187355749035002,0.4757369257913071
25901,LOF,0.06327671930953643,0.011136793103720484,0.925586487586743
25902,LOF,0.17322885789145467,0.012833796101899048,0.8139373460066464
25903,LOF,0.35566829808081196,0.027946733151157564,0.6163849687680305
25904,Neutral,0.5292071484719749,0.043673401061673695,0.4271194504663513
25905,LOF,0.0068498356382500035,0.4685731880870151,0.524576976274735
25906,LOF,0.00787917131942576,0.0827494722627804,0.9093713564177938
25907,LOF,0.00676092302146916,0.2991695172138559,0.694069559764675
25908,LOF,0.006248242656634468,0.27893819106570794,0.7148135662776577
25909,LOF,0.027572158897314982,0.1081104507843732,0.8643173903183118
25910,LOF,0.012886410830293151,0.15837291053666788,0.828740678633039
25911,LOF,0.21556062652907923,0.06326249906699165,0.7211768744039292
25912,LOF,0.10335260750492203,0.03387816108783124,0.8627692314072468
25913,LOF,0.024465904517463742,0.058881174238782655,0.9166529212437536
25914,LOF,0.0373566037455069,0.023544606954450115,0.9390987893000431
25915,LOF,0.1832406255797458,0.10217689088300003,0.7145824835372542
25916,LOF,0.025424818512454286,0.05754688755105686,0.9170282939364889
25917,LOF,0.07646229514262404,0.02229165632920236,0.9012460485281735
25918,LOF,0.040335559819229476,0.013753603526921933,0.9459108366538487
25919,LOF,0.03822194993500622,0.013581572200188432,0.9481964778648054
25920,Neutral,0.3626772293734292,0.2848607407608807,0.3524620298656902
25921,LOF,0.014985816972897182,0.03622256372409772,0.9487916193030052
25922,LOF,0.017111749969044604,0.03745951544656433,0.9454287345843911
25923,LOF,0.4341402972229508,0.029769648485050135,0.5360900542919991
25924,LOF,0.025067880858864532,0.05128976259803195,0.9236423565431036
25925,LOF,0.09012165781680984,0.04392183185837059,0.8659565103248196
25926,LOF,0.07054026529731702,0.039126151697837806,0.8903335830048452
25927,LOF,0.019944624344419862,0.07455071232736521,0.9055046633282149
25928,LOF,0.0106473984181279,0.052180372376198526,0.9371722292056736
25929,Neutral,0.5639259785594419,0.028762210086523056,0.40731181135403494
25930,LOF,0.07329160848989444,0.029497342007209226,0.8972110495028964
25931,LOF,0.013544932509915156,0.037724133184603784,0.948730934305481
25932,LOF,0.06274564379851402,0.035447997228058956,0.9018063589734271
25933,LOF,0.06708565643322167,0.020587047676182177,0.9123272958905961
25934,LOF,0.059067079784452275,0.01882383698447408,0.9221090832310737
25935,LOF,0.08140697548764955,0.05437934446493164,0.8642136800474189
25936,LOF,0.11366102570751639,0.02062092032996728,0.8657180539625164
25937,LOF,0.020002027684144885,0.027004332467158654,0.9529936398486966
25938,LOF,0.07866246219368189,0.04675365246000443,0.8745838853463136
25939,LOF,0.04755835211200663,0.02709165968220302,0.9253499882057904
25940,LOF,0.009390859527792948,0.4682245695908265,0.5223845708813806
25941,LOF,0.47245380938984166,0.04809025969418419,0.47945593091597405
25942,LOF,0.010721401836131367,0.054327181740446956,0.9349514164234217
25943,LOF,0.04551448488040131,0.17074944348959734,0.7837360716300014
25944,LOF,0.04284660948084584,0.07491643910377094,0.8822369514153832
25945,LOF,0.12477082710774948,0.03355847696747267,0.8416706959247778
25946,LOF,0.06707396409458444,0.043097439798195226,0.8898285961072203
25947,Neutral,0.5221981949997282,0.0765651972795688,0.40123660772070296
25948,LOF,0.39890390385903013,0.017196997450627034,0.583899098690343
25949,LOF,0.1685443993062976,0.07105155085392381,0.7604040498397785
25950,GOF,0.06426057651477397,0.5110416605808785,0.4246977629043474
25951,LOF,0.016459605745795105,0.40451635573509864,0.5790240385191062
25952,LOF,0.24996272970126251,0.22786208999811539,0.522175180300622
25953,LOF,0.008369604190514312,0.23420595316167264,0.7574244426478131
25954,LOF,0.0789889421743448,0.31502924366614415,0.605981814159511
25955,LOF,0.007634716764941195,0.21724609193524952,0.7751191912998093
25956,LOF,0.014092716878389948,0.31283480838380123,0.6730724747378088
25957,LOF,0.16602734703268152,0.029000720289363843,0.8049719326779546
25958,LOF,0.02865140734086695,0.06174034115375283,0.9096082515053802
25959,GOF,0.006869427085542114,0.7777949194235169,0.215335653490941
25960,LOF,0.004760212684560827,0.10976932924661498,0.8854704580688242
25961,LOF,0.026979284660893374,0.050775755100555715,0.9222449602385508
25962,LOF,0.04819611992301225,0.0882309753156205,0.8635729047613673
25963,LOF,0.006825057382890356,0.15386317465709712,0.8393117679600125
25964,LOF,0.027174392702390877,0.1418724781651135,0.8309531291324955
25965,LOF,0.24142704761136427,0.13585880734671538,0.6227141450419202
25966,LOF,0.36899933981271765,0.0888945228278095,0.5421061373594729
25967,LOF,0.008141933722936635,0.06977242374699318,0.9220856425300702
25968,LOF,0.040372528636041446,0.21729499591882723,0.7423324754451313
25969,LOF,0.16969167889816208,0.04566477952162191,0.784643541580216
25970,LOF,0.06810181516160418,0.06907482249106728,0.8628233623473285
25971,LOF,0.08773286947081797,0.030124983688719284,0.8821421468404628
25972,LOF,0.08326148062629989,0.05410088491939994,0.8626376344543002
25973,LOF,0.06741942197425219,0.010818860004890718,0.9217617180208572
25974,LOF,0.03967720341510906,0.04061941269986841,0.9197033838850226
25975,LOF,0.03972696510273392,0.020438765165785005,0.9398342697314811
25976,LOF,0.08420937392655001,0.011143133365961476,0.9046474927074886
25977,LOF,0.25185505108657474,0.04923486088880474,0.6989100880246206
25978,LOF,0.164210283003586,0.16063717317707202,0.6751525438193419
25979,LOF,0.13411957872023794,0.18381508479658748,0.6820653364831746
25980,LOF,0.20824820156891902,0.23719993978784584,0.5545518586432351
25981,LOF,0.20949488757736973,0.23867764025962918,0.5518274721630011
25982,LOF,0.4260059675154513,0.11815418640290089,0.4558398460816479
25983,Neutral,0.4234092615990069,0.15683604886595182,0.4197546895350412
25984,LOF,0.04755692873597216,0.09688398064582537,0.8555590906182026
25985,LOF,0.42932682938582967,0.13176129408069612,0.43891187653347424
25986,LOF,0.01191561012842203,0.47437633298523424,0.5137080568863437
25987,LOF,0.044240052812246244,0.1010659022910666,0.8546940448966871
25988,LOF,0.045003274556412426,0.15969419582950878,0.7953025296140788
25989,LOF,0.04966879579117056,0.21214332365939217,0.7381878805494373
25990,LOF,0.04206341263499273,0.3048271959233355,0.6531093914416718
25991,LOF,0.025038126071099894,0.38893868999394565,0.5860231839349545
25992,LOF,0.0176768070815617,0.3563205843952518,0.6260026085231865
25993,LOF,0.0271434379420848,0.04778608625421084,0.9250704758037044
25994,LOF,0.022761160187623877,0.05184793379586135,0.9253909060165149
25995,LOF,0.020231439666265002,0.0908137630877794,0.8889547972459557
25996,Neutral,0.43320833287406907,0.3232718357977216,0.24351983132820934
25997,LOF,0.06999193309338228,0.40202955949445957,0.5279785074121581
25998,LOF,0.26531498712157586,0.036882970590717934,0.6978020422877061
25999,LOF,0.03837170545185858,0.10821790037563322,0.8534103941725083
26000,LOF,0.1520728073478827,0.013254604198957708,0.8346725884531595
26001,LOF,0.2585893541275684,0.017905744065208954,0.7235049018072227
26002,LOF,0.1317755313327832,0.02173947317883459,0.8464849954883822
26003,GOF,0.007008181774727507,0.5963272695923931,0.39666454863287937
26004,GOF,0.016635622535593787,0.6174165262964176,0.3659478511679885
26005,LOF,0.005134801447659237,0.45716138112002497,0.5377038174323159
26006,GOF,0.09142731048851034,0.49579586480851945,0.41277682470297017
26007,LOF,0.010014313057780187,0.4823449544419858,0.5076407325002341
26008,GOF,0.005681116509501671,0.561266426807787,0.43305245668271125
26009,GOF,0.011393567735466936,0.6083939579831756,0.38021247428135735
26010,GOF,0.009655810063797593,0.5550525270471077,0.4352916628890947
26011,LOF,0.0038499503044294365,0.4019400225333534,0.5942100271622172
26012,GOF,0.004589606643744734,0.5550501090377703,0.4403602843184849
26013,GOF,0.009316523577622953,0.5590983120146533,0.43158516440772376
26014,LOF,0.06330250593542966,0.09295570824657387,0.8437417858179965
26015,LOF,0.3672580565939166,0.05075169959841485,0.5819902438076685
26016,LOF,0.26848373423098554,0.06832353331733615,0.6631927324516782
26017,LOF,0.012447826307144746,0.269553947381625,0.7179982263112303
26018,LOF,0.022459045332992714,0.11767682284627119,0.859864131820736
26019,LOF,0.02219074810146676,0.1039347675421932,0.8738744843563401
26020,LOF,0.007552968345356311,0.23892003244839857,0.7535269992062452
26021,LOF,0.0653073333698154,0.11422758689417303,0.8204650797360116
26022,LOF,0.03587614110877157,0.04862896109199484,0.9154948977992335
26023,LOF,0.018503488019298717,0.08195309058682043,0.8995434213938808
26024,LOF,0.050502417931942864,0.09248771312360289,0.8570098689444543
26025,LOF,0.09728933007516227,0.11195121720841456,0.7907594527164232
26026,LOF,0.10626515842287229,0.08992145511433756,0.8038133864627901
26027,LOF,0.023034727961196617,0.050475475886277744,0.9264897961525256
26028,LOF,0.08394406574379458,0.18720096703712016,0.7288549672190853
26029,LOF,0.02496322341141261,0.16152595945494277,0.8135108171336446
26030,LOF,0.13758994827840274,0.02089445011494986,0.8415156016066474
26031,LOF,0.0099472280959577,0.1345817797526525,0.8554709921513898
26032,LOF,0.03818509666072667,0.04048911394203879,0.9213257893972344
26033,LOF,0.03959409403523785,0.038469811458244615,0.9219360945065176
26034,LOF,0.01687324953870833,0.11248548624844633,0.8706412642128453
26035,LOF,0.01325203216935898,0.10444384940494159,0.8823041184256994
26036,LOF,0.012272287487773223,0.08934812205633623,0.8983795904558906
26037,LOF,0.01177969174663799,0.09562046817503524,0.8925998400783267
26038,LOF,0.030203574432502184,0.035835265567188634,0.9339611600003092
26039,LOF,0.03614975728079337,0.1171905725323702,0.8466596701868365
26040,LOF,0.08117428372595736,0.10853144461995509,0.8102942716540875
26041,LOF,0.014494275230032163,0.09373258421723477,0.8917731405527329
26042,LOF,0.013804132283279555,0.09808499377220556,0.8881108739445148
26043,LOF,0.029895610256548254,0.05269798445001799,0.9174064052934338
26044,LOF,0.00960714237736444,0.037674719352149846,0.9527181382704857
26045,LOF,0.07345905797770313,0.11947989857018296,0.8070610434521138
26046,LOF,0.026840459041144318,0.038268487946171506,0.934891053012684
26047,LOF,0.0543826929078585,0.03857119614051673,0.9070461109516247
26048,LOF,0.0743457477069759,0.016448813197934786,0.9092054390950893
26049,Neutral,0.9399645778814657,0.006544196335126992,0.05349122578340738
26050,Neutral,0.9089292619864776,0.0070770888108521975,0.08399364920267026
26051,LOF,0.027131265053424936,0.06261901344709088,0.910249721499484
26052,LOF,0.03129761597149939,0.058706213884027775,0.9099961701444728
26053,LOF,0.022222288316743964,0.14606894723555247,0.8317087644477036
26054,LOF,0.04794089984578915,0.03618088034049795,0.9158782198137128
26055,LOF,0.07367168917812093,0.03257285787190941,0.8937554529499696
26056,LOF,0.061052758469888654,0.04123898749753957,0.8977082540325717
26057,LOF,0.05367538736209862,0.021591410360182854,0.9247332022777186
26058,LOF,0.05688670170127799,0.01729874976130652,0.9258145485374155
26059,LOF,0.19868034619886615,0.03707629684574721,0.7642433569553866
26060,LOF,0.022742280353144444,0.18126957743263622,0.7959881422142193
26061,LOF,0.012889273230863198,0.012155883481177056,0.9749548432879598
26062,LOF,0.0067740518693659635,0.01894764135659781,0.9742783067740362
26063,LOF,0.0391653247884016,0.01719564506673506,0.9436390301448633
26064,LOF,0.014138767851023177,0.02267498387840084,0.9631862482705761
26065,LOF,0.0483844420279187,0.01995739863505374,0.9316581593370274
26066,LOF,0.03682834089855433,0.01578601136633814,0.9473856477351076
26067,LOF,0.04332059559962109,0.015332400245284376,0.9413470041550946
26068,LOF,0.05496623120288043,0.04882886754547573,0.896204901251644
26069,LOF,0.2807056550240397,0.031726654920022114,0.6875676900559382
26070,Neutral,0.5191154870661444,0.023009407996038476,0.457875104937817
26071,LOF,0.04236461247573548,0.019697177482154292,0.9379382100421101
26072,LOF,0.008075366207381272,0.022319737228018777,0.9696048965645999
26073,LOF,0.03470193362167593,0.019586559341966715,0.9457115070363573
26074,Neutral,0.8487466449373676,0.013369723529320521,0.13788363153331193
26075,LOF,0.0570834206244044,0.026402177689730664,0.916514401685865
26076,LOF,0.04920781572627217,0.015979111406811953,0.9348130728669158
26077,LOF,0.14905753315617465,0.009048745388993333,0.841893721454832
26078,LOF,0.007047747145350258,0.020128517070339944,0.9728237357843099
26079,LOF,0.0657828322212604,0.02615491672518953,0.90806225105355
26080,LOF,0.06527349919006178,0.02627132354083188,0.9084551772691063
26081,LOF,0.030932864936239254,0.013293649498135779,0.9557734855656249
26082,LOF,0.005757800814520822,0.022136779179796676,0.9721054200056826
26083,LOF,0.10646699322513478,0.028617336018498283,0.864915670756367
26084,LOF,0.09978701762629832,0.02494519414203762,0.8752677882316641
26085,LOF,0.08801774790901433,0.02043249855949394,0.8915497535314918
26086,LOF,0.03656843219198751,0.01812479782469266,0.9453067699833198
26087,LOF,0.03394985843667081,0.014582905111006076,0.9514672364523231
26088,LOF,0.006923161941301761,0.02952656241632888,0.9635502756423695
26089,LOF,0.044027296780447304,0.0409295736533657,0.9150431295661869
26090,LOF,0.04432110424438712,0.03270767373575173,0.922971222019861
26091,LOF,0.026482568897267928,0.01185030818097562,0.9616671229217564
26092,LOF,0.04112421366404853,0.013669338545058252,0.9452064477908932
26093,LOF,0.07489230992785935,0.0089367134872624,0.9161709765848781
26094,LOF,0.030240956683851496,0.011154891295026276,0.9586041520211224
26095,LOF,0.021514094030133185,0.020519525456592247,0.9579663805132745
26096,LOF,0.2002032495167892,0.005584240543842275,0.7942125099393684
26097,LOF,0.007198528205781366,0.0490362560280731,0.9437652157661455
26098,LOF,0.12370680713870394,0.021973077763684328,0.8543201150976116
26099,LOF,0.03618099044454852,0.028280786461388145,0.9355382230940633
26100,LOF,0.03618099044454852,0.028280786461388145,0.9355382230940633
26101,LOF,0.057626839319201706,0.04849197347060942,0.8938811872101889
26102,LOF,0.03052743723850712,0.026261247681597752,0.9432113150798951
26103,Neutral,0.8820734384610142,0.032620445329454933,0.085306116209531
26104,LOF,0.06140959561899398,0.04882546845862276,0.8897649359223834
26105,LOF,0.25000306353947177,0.11723184938420646,0.6327650870763218
26106,LOF,0.30100968456700006,0.058582316825140264,0.6404079986078597
26107,LOF,0.020075584170491646,0.07358548003726322,0.9063389357922452
26108,LOF,0.27027626821337475,0.03898853498770888,0.6907351967989165
26109,LOF,0.07677922121354663,0.030257067493725472,0.892963711292728
26110,LOF,0.4148857999750907,0.012388682302072122,0.5727255177228373
26111,LOF,0.06621223054503962,0.11721521920178735,0.8165725502531731
26112,LOF,0.048384017140329645,0.013277199927270429,0.9383387829323998
26113,LOF,0.10085607343152202,0.03424005278840315,0.8649038737800747
26114,LOF,0.09772954730348586,0.006519811063503944,0.8957506416330102
26115,LOF,0.015487137867391107,0.04928578088798069,0.9352270812446283
26116,LOF,0.08022801988287363,0.025334037675127576,0.8944379424419988
26117,LOF,0.33289617561629153,0.05013702715687991,0.6169667972268286
26118,LOF,0.04662980646774709,0.02423851087975957,0.9291316826524934
26119,LOF,0.005925093014431156,0.10440588381126344,0.8896690231743053
26120,LOF,0.035103434479381974,0.022145455373635513,0.9427511101469825
