feature0,prediction,LoGoFunc_Neutral,LoGoFunc_GOF,LoGoFunc_LOF
25546,Neutral,0.7371877122897406,0.03919636743576566,0.2236159202744937
25547,Neutral,0.5760788892513238,0.080433368228721,0.3434877425199553
25548,Neutral,0.5383747572106906,0.05887732309558073,0.4027479196937287
25549,LOF,0.4600875749253644,0.05909536608161466,0.48081705899302096
25550,LOF,0.3206479563083253,0.12182906946859916,0.5575229742230755
25551,LOF,0.2714672070884941,0.13480424185795783,0.593728551053548
25552,LOF,0.194657588349105,0.12418184305244376,0.6811605685984513
25553,Neutral,0.8274860829033449,0.03361061136057741,0.1389033057360776
25554,LOF,0.22198611519261463,0.11691141602644893,0.6611024687809364
25555,LOF,0.18298437930829103,0.09666308885888888,0.7203525318328201
25556,LOF,0.3849750555769956,0.10130719405430452,0.5137177503686999
25557,LOF,0.1780933647999996,0.10376372677630633,0.718142908423694
25558,LOF,0.21425412599738916,0.1197928993309367,0.6659529746716741
25559,LOF,0.39467583672491846,0.08854338172884772,0.5167807815462337
25560,LOF,0.04973584641680243,0.18564423331209498,0.7646199202711026
25561,LOF,0.11280849628388642,0.20928886262329757,0.677902641092816
25562,LOF,0.10844051686840232,0.08745490730999766,0.8041045758216001
25563,LOF,0.10534914795077459,0.09498783333936313,0.7996630187098622
25564,LOF,0.17396350366619232,0.17367314092636313,0.6523633554074446
25565,LOF,0.16764152407626026,0.10479428383171209,0.7275641920920277
25566,GOF,0.01562968589031183,0.7215537152429549,0.26281659886673336
25567,LOF,0.012387500591440096,0.1544155973587966,0.8331969020497633
25568,LOF,0.05236882185226269,0.07066630036228716,0.8769648777854502
25569,LOF,0.0644632118208128,0.07243347561149475,0.8631033125676923
25570,LOF,0.056385058887667754,0.11412636684720223,0.82948857426513
25571,LOF,0.05244129044937696,0.1064987461636165,0.8410599633870065
25572,LOF,0.07131888350247836,0.13658246950521435,0.7920986469923073
25573,LOF,0.029818284609538077,0.10249062897637061,0.8676910864140913
25574,LOF,0.015533132797797944,0.1767906035662691,0.807676263635933
25575,LOF,0.04398185135723074,0.12756353274310772,0.8284546158996616
25576,LOF,0.018333306903984537,0.13382936275066662,0.8478373303453489
25577,LOF,0.014316605359891273,0.14781936494553197,0.8378640296945769
25578,LOF,0.23137986339551403,0.09572266835603396,0.672897468248452
25579,LOF,0.23171886476180834,0.09498628131804675,0.6732948539201449
25580,LOF,0.028700042909313234,0.08763773216990862,0.8836622249207782
25581,LOF,0.055723125215954704,0.0774257864622492,0.866851088321796
25582,LOF,0.05540507045055201,0.0741917510514037,0.8704031784980442
25583,LOF,0.04313136780151038,0.10120967864431009,0.8556589535541795
25584,Neutral,0.4658971815677165,0.11453888259243715,0.4195639358398464
25585,LOF,0.02937053005187766,0.11466100516298973,0.8559684647851326
25586,LOF,0.029602047538585113,0.0930262599511414,0.8773716925102735
25587,LOF,0.02842480246496778,0.09051303977379788,0.8810621577612344
25588,LOF,0.029625034397273507,0.11258682939855792,0.8577881362041685
25589,Neutral,0.5906513121057727,0.14484086193817391,0.26450782595605343
25590,LOF,0.027684565348254635,0.1422333418825752,0.8300820927691702
25591,LOF,0.11207196537625073,0.066801078852874,0.8211269557708754
25592,LOF,0.08082938781526947,0.15318480906028276,0.7659858031244478
25593,LOF,0.018895509388874895,0.2872308555236478,0.6938736350874773
25594,LOF,0.03574587856059291,0.22268877649848787,0.7415653449409193
25595,LOF,0.05284569583013905,0.1805390217068021,0.766615282463059
25596,LOF,0.06091926836739956,0.09162829348213504,0.8474524381504653
25597,LOF,0.048460767989961955,0.09374832255609275,0.8577909094539452
25598,LOF,0.044717624069696225,0.20776901286849037,0.7475133630618134
25599,GOF,0.008848182558400768,0.8008576887821331,0.19029412865946613
25600,GOF,0.012121965831064566,0.5663778357885124,0.4215001983804231
25601,LOF,0.007459834032536992,0.47730261024586823,0.5152375557215948
25602,LOF,0.024281119578834106,0.04885332691117249,0.9268655535099933
25603,LOF,0.05427544365760227,0.039288075168682025,0.9064364811737156
25604,LOF,0.052390804318355445,0.045394741248561375,0.9022144544330832
25605,LOF,0.013049116362087202,0.23216862278586772,0.754782260852045
25606,GOF,0.08850066645418525,0.46795249144665296,0.44354684209916173
25607,LOF,0.005365354108868388,0.16720239250663155,0.8274322533845001
25608,LOF,0.06737212275836983,0.05031845955076901,0.8823094176908611
25609,LOF,0.03694041263367775,0.3731009626039615,0.5899586247623607
25610,LOF,0.03876887216259826,0.035316454320100985,0.9259146735173008
25611,LOF,0.04185510753275212,0.0323628930605452,0.9257819994067027
25612,LOF,0.09933365451265984,0.056437143676250086,0.84422920181109
25613,LOF,0.087006860445396,0.05482660133104358,0.8581665382235605
25614,LOF,0.029267064232299335,0.05074019336856728,0.9199927423991333
25615,LOF,0.05208404131673861,0.04218445178343966,0.9057315068998217
25616,LOF,0.0300622427361078,0.043435832227778026,0.9265019250361142
25617,LOF,0.02876197719741518,0.05139853813367731,0.9198394846689076
25618,LOF,0.19178135500889185,0.04736598953131823,0.76085265545979
25619,LOF,0.028572439657154152,0.04098489536440901,0.9304426649784369
25620,LOF,0.03196560626620974,0.05553789828057915,0.9124964954532112
25621,LOF,0.029906615391553447,0.040655081148526305,0.9294383034599202
25622,LOF,0.03242561161457214,0.05138266003257491,0.916191728352853
25623,LOF,0.07160485364932084,0.03664336392294636,0.8917517824277328
25624,LOF,0.025478170988555187,0.05472269771025117,0.9197991313011936
25625,LOF,0.03521681791976786,0.05656848634142494,0.9082146957388073
25626,LOF,0.07763304780147239,0.038630131530300274,0.8837368206682273
25627,Neutral,0.5452397274352845,0.14264956782769253,0.312110704737023
25628,LOF,0.1956491324214722,0.07345034093665544,0.7309005266418723
25629,LOF,0.07467066435389842,0.13444994643124036,0.7908793892148611
25630,LOF,0.15409391286033028,0.12286205903901451,0.7230440281006553
25631,Neutral,0.5771223206576993,0.1031324534013363,0.3197452259409644
25632,LOF,0.02439660553504961,0.07384229999698923,0.9017610944679613
25633,LOF,0.22316422832769767,0.08340104371575374,0.6934347279565486
25634,LOF,0.03861110759737497,0.09870338521802871,0.8626855071845964
25635,LOF,0.03275027004142807,0.08890149661828364,0.8783482333402883
25636,GOF,0.005386269881101361,0.583235977334915,0.41137775278398364
25637,GOF,0.00412154265010563,0.4994174890761824,0.49646096827371206
25638,LOF,0.009625418238626568,0.43638509545645526,0.5539894863049182
25639,LOF,0.004786355412392834,0.3921985574098604,0.6030150871777467
25640,GOF,0.4527253233243675,0.5054391055734335,0.04183557110219904
25641,LOF,0.007146188102624335,0.3769828357820155,0.6158709761153601
25642,LOF,0.2614850850905684,0.08895943993694624,0.6495554749724853
25643,LOF,0.25389593649962,0.26539862270209796,0.4807054407982819
25644,LOF,0.02118256711762443,0.4824295510351544,0.49638788184722116
25645,LOF,0.02130198673663879,0.39698603849125197,0.5817119747721093
25646,LOF,0.02218879682935467,0.2542861401542277,0.7235250630164176
25647,LOF,0.020789248766477125,0.20140901999538624,0.7778017312381367
25648,LOF,0.017403456478343925,0.21515616769281032,0.7674403758288457
25649,LOF,0.015725213055123744,0.1620770930628594,0.8221976938820168
25650,LOF,0.03830499635776735,0.4675545816748005,0.494140421967432
25651,LOF,0.012256358660288777,0.20582577154385848,0.7819178697958526
25652,LOF,0.020856593191036346,0.1955807544723662,0.7835626523365976
25653,LOF,0.09219461476532569,0.35016173597716665,0.5576436492575076
25654,LOF,0.015397763882572399,0.16562178640396577,0.8189804497134617
25655,LOF,0.11823934510298688,0.24725275237379254,0.6345079025232205
25656,LOF,0.05413877191028707,0.053701096521533015,0.89216013156818
25657,LOF,0.27088834153629304,0.026573063069951542,0.7025385953937555
25658,LOF,0.03757135333726075,0.07467415541740029,0.887754491245339
25659,LOF,0.2639674659338525,0.04400664920723521,0.6920258848589123
25660,LOF,0.07630599607435984,0.11217870407943524,0.8115152998462049
25661,LOF,0.051217784612368374,0.07758577100540995,0.8711964443822217
25662,LOF,0.027779161778895108,0.04535667468661178,0.9268641635344931
25663,LOF,0.03823142430248586,0.07724000460682506,0.8845285710906889
25664,LOF,0.03422504182572229,0.09938914246964253,0.8663858157046352
25665,LOF,0.04922368420969757,0.04782254234739613,0.9029537734429063
25666,LOF,0.03651359333353449,0.1446632760407295,0.818823130625736
25667,LOF,0.027113594684013306,0.062104044497871574,0.9107823608181151
25668,LOF,0.03392214450085623,0.06274607166818116,0.9033317838309626
25669,LOF,0.0395426069903365,0.09526599125195744,0.865191401757706
25670,LOF,0.14138167132851126,0.07373789725531815,0.7848804314161705
25671,LOF,0.03691199916591795,0.053418945782735754,0.9096690550513463
25672,LOF,0.05967938779224252,0.07435081717805651,0.865969795029701
25673,LOF,0.04028690323260408,0.06748916139603581,0.8922239353713601
25674,LOF,0.03129481966999937,0.07976045237351609,0.8889447279564846
25675,LOF,0.03847352753857979,0.06301288150648436,0.8985135909549359
25676,LOF,0.029480878134162662,0.069952705816098,0.9005664160497394
25677,LOF,0.056230016923524015,0.06911817586964894,0.8746518072068271
25678,LOF,0.24184151982577573,0.049715813240946635,0.7084426669332776
25679,LOF,0.15337568708518756,0.07980364467805603,0.7668206682367563
25680,LOF,0.060616618762922486,0.10394784355559969,0.8354355376814778
25681,LOF,0.10691294764104176,0.09699583473727205,0.7960912176216862
25682,LOF,0.041250456150765696,0.08345032937331115,0.8752992144759231
25683,LOF,0.06308933011854473,0.10932168324312298,0.8275889866383322
25684,LOF,0.04650125312665462,0.08078092443713565,0.8727178224362097
25685,LOF,0.12268032578823153,0.03448610166441736,0.8428335725473511
25686,LOF,0.034487269375614915,0.08587998963462838,0.8796327409897566
25687,LOF,0.06661588731033882,0.07687657033770902,0.856507542351952
25688,LOF,0.02608248737502066,0.1290382628217918,0.8448792498031874
25689,LOF,0.02177024258583275,0.0823254290229822,0.895904328391185
25690,LOF,0.021638621793856897,0.0980388770955272,0.8803225011106159
25691,LOF,0.18131845261260812,0.1550392925309183,0.6636422548564735
25692,LOF,0.23657362981521063,0.01919752098623948,0.7442288491985499
25693,LOF,0.0477536039847953,0.170200330809347,0.7820460652058576
25694,LOF,0.27489981777080513,0.013282485633356895,0.7118176965958378
25695,LOF,0.17596924141226283,0.01841430260748075,0.8056164559802563
25696,LOF,0.15906212253453408,0.010063648855624935,0.8308742286098411
25697,LOF,0.12999324265204873,0.03192141936959058,0.8380853379783607
25698,LOF,0.029499774405942644,0.312733534160421,0.6577666914336363
25699,LOF,0.07109121788926005,0.08629029344684193,0.842618488663898
25700,LOF,0.027467898925940704,0.014887678142020208,0.9576444229320391
25701,LOF,0.012632982207499472,0.09185464405847774,0.8955123737340228
25702,GOF,0.022513552861164576,0.7528459807767507,0.2246404663620847
25703,LOF,0.016285357135988766,0.2081206964231115,0.7755939464408997
25704,LOF,0.0837728009921054,0.17793957368891405,0.7382876253189805
25705,LOF,0.07057687181844412,0.29642247821158885,0.6330006499699671
25706,GOF,0.03116722724974945,0.6038998385935872,0.3649329341566634
25707,GOF,0.026821890649466416,0.5998475197119568,0.37333058963857685
25708,GOF,0.006659841077567013,0.5983929051993405,0.3949472537230924
25709,LOF,0.01916222312428416,0.09951351314037374,0.8813242637353422
25710,LOF,0.005821221594903469,0.2317516185618616,0.762427159843235
25711,LOF,0.021789327439786333,0.1594060781751697,0.8188045943850439
25712,LOF,0.006646253017860985,0.28628503093271185,0.7070687160494272
25713,LOF,0.01957582092864952,0.13958227380833824,0.8408419052630122
25714,LOF,0.021378725541657397,0.1926243826075231,0.7859968918508194
25715,LOF,0.021177979466854246,0.16065430126979843,0.8181677192633473
25716,LOF,0.01019423445320324,0.15052405275150008,0.8392817127952967
25717,LOF,0.005039757708898127,0.1575115468238154,0.8374486954672865
25718,LOF,0.019796693659348583,0.10876031519857098,0.8714429911420803
25719,LOF,0.036022599926849794,0.12906749696681968,0.8349099031063306
25720,LOF,0.030239429741068937,0.12149654510860668,0.8482640251503244
25721,LOF,0.023966723536606557,0.11738626431374849,0.8586470121496449
25722,LOF,0.016665005641812957,0.1658547908451669,0.8174802035130202
25723,LOF,0.023287428035990033,0.11071186204395671,0.8660007099200534
25724,LOF,0.025011707507406836,0.1872734555547519,0.7877148369378412
25725,LOF,0.021198895720171786,0.1128580927554313,0.8659430115243969
25726,LOF,0.016195977995058015,0.14211219412294748,0.8416918278819946
25727,LOF,0.022218075309242205,0.1346207084586307,0.8431612162321271
25728,LOF,0.020517633434699735,0.1407562072084432,0.8387261593568571
25729,LOF,0.019699217254135936,0.1465794411814635,0.8337213415644005
25730,LOF,0.022999643292987145,0.10659811257716618,0.8704022441298468
25731,LOF,0.008165221726984744,0.2210358475534633,0.770798930719552
25732,LOF,0.018333717667730596,0.12525973984430988,0.8564065424879596
25733,LOF,0.02811678828600462,0.12043149019604342,0.851451721517952
25734,LOF,0.006333180504166552,0.2642214491191438,0.7294453703766896
25735,LOF,0.0207082960922602,0.1015178698400372,0.8777738340677027
25736,LOF,0.019148294221318578,0.15865252384289805,0.8221991819357835
25737,LOF,0.039371741314412276,0.15473740672986716,0.8058908519557205
25738,LOF,0.020913125054939384,0.19390787016944064,0.7851790047756199
25739,LOF,0.024335795926523216,0.17324474214658656,0.8024194619268903
25740,LOF,0.048175855859445865,0.20058845772042122,0.7512356864201328
25741,LOF,0.02760648850989158,0.15227206509653868,0.8201214463935698
25742,LOF,0.04259141618934099,0.1598631225403171,0.7975454612703419
25743,LOF,0.010292702034483077,0.02880100980523182,0.9609062881602851
25744,LOF,0.18276158545718635,0.3107727360817902,0.5064656784610234
25745,LOF,0.03239570996770115,0.10403248008475392,0.8635718099475449
25746,LOF,0.013809781811370278,0.1618781836995667,0.824312034489063
25747,LOF,0.03518914050451434,0.031312881555313296,0.9334979779401723
25748,LOF,0.26085170835655014,0.05925179058096734,0.6798965010624826
25749,LOF,0.012182030931268009,0.08643263126819242,0.9013853378005395
25750,LOF,0.01705630348801276,0.08930552817571497,0.8936381683362722
25751,LOF,0.04828449052085781,0.049073631586377855,0.9026418778927643
25752,GOF,0.07515093076805851,0.7172493077912074,0.20759976144073414
25753,LOF,0.006491747217297674,0.3541012366038497,0.6394070161788526
25754,GOF,0.007121900978684972,0.8630635112161823,0.12981458780513278
25755,LOF,0.006785374091802719,0.40269166110157845,0.5905229648066188
25756,LOF,0.030714212046183572,0.4318871749411552,0.5373986130126612
25757,GOF,0.006516925790540786,0.8574196426952153,0.1360634315142439
25758,GOF,0.00870415106909747,0.8685386606182424,0.1227571883126601
25759,GOF,0.0056645940973804225,0.5986101573465558,0.3957252485560638
25760,LOF,0.005326683073531181,0.29434866106746965,0.7003246558589992
25761,GOF,0.056509755974100136,0.8419759485954278,0.10151429543047207
25762,LOF,0.029654592817730703,0.3645314325206553,0.605813974661614
25763,LOF,0.005968511528892535,0.25149437215606885,0.7425371163150386
25764,GOF,0.06410873216896783,0.6261433079553884,0.30974795987564363
25765,GOF,0.00857193296616526,0.8581799099691119,0.13324815706472296
25766,GOF,0.0318719472221764,0.8334987864655127,0.13462926631231087
25767,GOF,0.014362621955796276,0.5605994090176554,0.4250379690265484
25768,LOF,0.042738323948767996,0.06453019187240705,0.892731484178825
25769,LOF,0.024199329784510382,0.06836847430658619,0.9074321959089033
25770,LOF,0.14175365791513317,0.05072153142775179,0.807524810657115
25771,LOF,0.014119664003697022,0.04704653096554212,0.9388338050307609
25772,LOF,0.02404246948718618,0.021637949300636082,0.9543195812121777
25773,LOF,0.019424336840921257,0.0416406576562704,0.9389350055028084
25774,LOF,0.029423875355588595,0.07847690124659124,0.8920992233978202
25775,LOF,0.023536032416219054,0.027775714867365235,0.9486882527164157
25776,LOF,0.024721980315559534,0.018901109440670937,0.9563769102437695
25777,LOF,0.16048018902708638,0.04870595573561669,0.7908138552372969
25778,LOF,0.018254306091462093,0.04332499692329064,0.9384206969852473
25779,GOF,0.034382653501466895,0.9040739473285595,0.061543399169973714
25780,GOF,0.07677098831353213,0.8833659393334264,0.03986307235304134
25781,GOF,0.03308756724443338,0.8817447337553193,0.08516769900024725
25782,GOF,0.028463333489140864,0.9118269425296889,0.05970972398117028
25783,GOF,0.027493318445590206,0.9314985528500557,0.04100812870435413
25784,GOF,0.07638727216470587,0.8824410518221076,0.041171676013186595
25785,GOF,0.09355129353117597,0.8734106923763902,0.03303801409243385
25786,GOF,0.008271673994278474,0.8967848970497903,0.0949434289559312
25787,GOF,0.17987682390809817,0.7785098603536893,0.04161331573821253
25788,LOF,0.014955124627726371,0.1812532349721353,0.8037916404001383
25789,GOF,0.015533797780156733,0.8734998799534054,0.11096632226643799
25790,GOF,0.019366279895763373,0.9015256887297484,0.07910803137448828
25791,GOF,0.02429879466503508,0.8081852442623157,0.16751596107264902
25792,GOF,0.026848746460206276,0.8394757553567246,0.1336754981830692
25793,GOF,0.06376481945216173,0.8670425347748919,0.06919264577294627
25794,GOF,0.05990218116746607,0.7941912246738951,0.14590659415863885
25795,GOF,0.04745198864274273,0.7631133766182463,0.18943463473901076
25796,GOF,0.08931375909595464,0.8370188336096405,0.07366740729440494
25797,GOF,0.07435352389727916,0.765734835385343,0.15991164071737785
25798,GOF,0.005216658015947358,0.7667411517172532,0.2280421902667993
25799,GOF,0.004087765773393996,0.73021050264561,0.2657017315809959
25800,GOF,0.026043335382346218,0.8438355281389922,0.13012113647866164
25801,GOF,0.019125630311186397,0.9140568551629735,0.06681751452583999
25802,GOF,0.027278281733536396,0.8411715355908974,0.13155018267556615
25803,GOF,0.019789694825037802,0.7487934539392235,0.23141685123573855
25804,GOF,0.029674945275619008,0.8078269750121229,0.16249807971225808
25805,GOF,0.02487785353319529,0.819271156634266,0.1558509898325388
25806,GOF,0.026339291958090583,0.8187749982140599,0.1548857098278496
25807,GOF,0.008694022549221359,0.7756517461657697,0.2156542312850091
25808,GOF,0.016941984795208004,0.7923869595330725,0.19067105567171955
25809,GOF,0.011286422613876121,0.7575319224933837,0.23118165489274015
25810,GOF,0.009450114476750433,0.7435623536410625,0.24698753188218708
25811,GOF,0.050378849006658614,0.8841107979698023,0.06551035302353912
25812,GOF,0.03229810912228986,0.8140169825965488,0.15368490828116135
25813,GOF,0.1315927291888607,0.8002845552061636,0.06812271560497579
25814,GOF,0.03454814821948227,0.8281087373880747,0.13734311439244304
25815,GOF,0.07343391520902721,0.8368153370451552,0.0897507477458177
25816,GOF,0.009958921074638409,0.881850664776678,0.10819041414868365
25817,GOF,0.11125997515211766,0.8035345362090573,0.08520548863882511
25818,GOF,0.023358374993442656,0.8073063100190058,0.16933531498755164
25819,GOF,0.052184894375986265,0.7535053896617198,0.19430971596229388
25820,GOF,0.03273150713145018,0.7139507147334279,0.25331777813512196
25821,GOF,0.024144785904695067,0.7405961853175224,0.23525902877778257
25822,GOF,0.04721879037361136,0.7578170780297032,0.19496413159668544
25823,GOF,0.02578565119946451,0.7451752313737555,0.22903911742678007
25824,GOF,0.025724118712541395,0.8085159257446362,0.16575995554282244
25825,GOF,0.021169212691105412,0.7980007770191543,0.1808300102897403
25826,GOF,0.007866026156217816,0.7591317962937358,0.2330021775500464
25827,GOF,0.012640465981339598,0.7228799102419412,0.26447962377671924
25828,GOF,0.009972985269352776,0.7622036808159979,0.22782333391464943
25829,GOF,0.004304263153245823,0.711145339782946,0.28455039706380814
25830,GOF,0.033495687070652785,0.5118441505546224,0.45466016237472484
25831,GOF,0.05319233776220714,0.8236884872632502,0.12311917497454275
25832,GOF,0.008665983992950257,0.7819347449544839,0.20939927105256592
25833,GOF,0.03310315195669309,0.83673255069415,0.13016429734915705
25834,GOF,0.010366375638868853,0.7974205820109918,0.19221304235013953
25835,GOF,0.024855262709011994,0.8515910415059822,0.12355369578500597
25836,GOF,0.006521079232006079,0.7795640206058626,0.21391490016213124
25837,GOF,0.007470787472170027,0.7981907639314869,0.19433844859634317
25838,GOF,0.02130527856684747,0.8477805556292547,0.13091416580389767
25839,GOF,0.048777174146837014,0.8256508114226637,0.1255720144304993
25840,GOF,0.0822725050391151,0.8122410960575716,0.10548639890331338
25841,GOF,0.08444917296058757,0.8310185386458533,0.08453228839355911
25842,GOF,0.030194975456973732,0.8934479225382622,0.07635710200476413
25843,GOF,0.024708927082801035,0.8988741693817933,0.07641690353540566
25844,GOF,0.01915496941346228,0.8589064280654279,0.12193860252110979
25845,GOF,0.005909499707019602,0.7886658237780134,0.205424676514967
25846,GOF,0.07365913335867796,0.840931963843921,0.08540890279740108
25847,GOF,0.013984579149203265,0.8921407277451578,0.09387469310563885
25848,GOF,0.02188170733519045,0.8648963652400655,0.11322192742474398
25849,GOF,0.006825517251045245,0.850942917365888,0.1422315653830669
25850,GOF,0.005847605239723649,0.7595607776938234,0.234591617066453
25851,GOF,0.005277668893688288,0.7190252738783623,0.27569705722794935
25852,GOF,0.14639135853787036,0.5902244354159359,0.2633842060461937
25853,GOF,0.06446798125621953,0.8194157058337956,0.11611631290998481
25854,GOF,0.005290126085201599,0.7535216344919018,0.24118823942289647
25855,GOF,0.02530660825345506,0.7320835606319497,0.24260983111459525
25856,GOF,0.046966881781355725,0.794716935623257,0.15831618259538746
25857,GOF,0.025410160553760164,0.735625178253645,0.23896466119259474
25858,GOF,0.010246908130029111,0.750032859387285,0.23972023248268576
25859,GOF,0.007563957395925472,0.7405656476994708,0.25187039490460383
25860,GOF,0.07404592328828041,0.810476598795071,0.11547747791664864
25861,GOF,0.09504923241383757,0.8210833746301309,0.08386739295603149
25862,GOF,0.025191536237293016,0.8917495287665748,0.08305893499613198
25863,GOF,0.027840722486374855,0.888017444828924,0.08414183268470125
25864,GOF,0.07541889809788467,0.8779126307199336,0.04666847118218188
25865,GOF,0.0507953054176431,0.8669198750325227,0.08228481954983413
25866,GOF,0.029482423980416797,0.8885086571218047,0.08200891889777857
25867,GOF,0.0475522594991433,0.8782653162620402,0.07418242423881657
25868,GOF,0.07241483421040427,0.8350454148223561,0.09253975096723956
25869,GOF,0.34778480493403774,0.5743110472768469,0.07790414778911539
25870,GOF,0.06017007832438263,0.6235634352113436,0.3162664864642737
25871,GOF,0.010066378746935879,0.8846206026340282,0.10531301861903591
25872,GOF,0.023058481814681,0.861154695835454,0.11578682234986504
25873,GOF,0.022158723226839542,0.8928225848217662,0.08501869195139437
25874,LOF,0.01518870570665352,0.2025877442096073,0.7822235500837392
25875,LOF,0.0351588840012675,0.06182138769119652,0.9030197283075361
25876,LOF,0.018656904145317624,0.04380265856124343,0.9375404372934389
25877,LOF,0.11098786685204312,0.08626940323932582,0.802742729908631
25878,LOF,0.09797446908688842,0.15003533388088044,0.7519901970322311
25879,LOF,0.017828095162045317,0.09621545298846458,0.8859564518494901
25880,LOF,0.06262849688076896,0.014883389650543406,0.9224881134686875
25881,Neutral,0.5115064814200547,0.07736437576188938,0.41112914281805585
25882,LOF,0.057117889839200874,0.027575652287693427,0.9153064578731056
25883,LOF,0.02741850092127111,0.02853138064363015,0.9440501184350987
25884,LOF,0.016152760441257786,0.045696684535771005,0.9381505550229712
25885,LOF,0.17553412121986448,0.013920324505937035,0.8105455542741984
25886,LOF,0.27014726097113895,0.05455013297114018,0.6753026060577209
25887,LOF,0.12377520461866764,0.1004345738226789,0.7757902215586534
25888,LOF,0.008056569432486376,0.1360961405630113,0.8558472900045023
25889,LOF,0.021104060184502,0.03736791598198145,0.9415280238335165
25890,LOF,0.1789305506753268,0.06094600319372476,0.7601234461309485
25891,LOF,0.12169451868126048,0.024343402641519556,0.8539620786772201
25892,LOF,0.010055584961550446,0.03764934652801952,0.9522950685104301
25893,LOF,0.3770621858552272,0.009782864045679875,0.6131549500990929
25894,LOF,0.3938189871434688,0.006378363871564612,0.5998026489849666
25895,LOF,0.36831582057525103,0.013350664132670874,0.618333515292078
25896,LOF,0.07215993054844151,0.03193069924095429,0.8959093702106041
25897,LOF,0.14789637012919937,0.01148125905685856,0.840622370813942
25898,LOF,0.11814473260625526,0.03622030583735395,0.8456349615563908
25899,LOF,0.4162812485515652,0.03566899029949679,0.5480497611489381
25900,Neutral,0.49758232634424476,0.009762676367200615,0.49265499728855455
25901,LOF,0.06343906661954006,0.013680016632587845,0.9228809167478721
25902,LOF,0.17692548284839568,0.014092156895845637,0.8089823602557588
25903,LOF,0.3359922246967847,0.026753501597277633,0.6372542737059378
25904,Neutral,0.5028197060054294,0.04877788459966634,0.4484024093949044
25905,LOF,0.006465614494645347,0.39844260581952035,0.5950917796858343
25906,LOF,0.007384248204986637,0.07441741828147191,0.9181983335135414
25907,LOF,0.007545611664854877,0.26103428882539337,0.7314200995097517
25908,LOF,0.006937438213988959,0.26511963322640025,0.7279429285596107
25909,LOF,0.027842615067713936,0.10996152602648748,0.8621958589057986
25910,LOF,0.012300159790564388,0.14360838627182523,0.8440914539376103
25911,LOF,0.2174033139937146,0.025808254020494154,0.7567884319857913
25912,LOF,0.10589549482434286,0.020250167223337154,0.87385433795232
25913,LOF,0.02384563477059926,0.027876550544118257,0.9482778146852825
25914,LOF,0.03746374019020331,0.026599179728561614,0.935937080081235
25915,LOF,0.1977666912076535,0.11439028731049815,0.6878430214818483
25916,LOF,0.024350100282618595,0.05336051214112788,0.9222893875762536
25917,LOF,0.07381507253501131,0.02588666069739545,0.9002982667675933
25918,LOF,0.039455339641929106,0.013870036459384734,0.9466746238986861
25919,LOF,0.03514508678453367,0.013278329531969295,0.9515765836834971
25920,LOF,0.36944924740951257,0.2585788557168574,0.37197189687362997
25921,LOF,0.016075732125056124,0.021410897945755708,0.9625133699291881
25922,LOF,0.017994000593456006,0.021155858207349634,0.9608501411991944
25923,LOF,0.4409316954368955,0.015995464350219993,0.5430728402128846
25924,LOF,0.0275587215220525,0.027810407635125607,0.9446308708428218
25925,LOF,0.09572586879628801,0.02974201843900035,0.8745321127647118
25926,LOF,0.08115581035716138,0.02275300888924882,0.8960911807535898
25927,LOF,0.0240604011589829,0.0545704115568705,0.9213691872841466
25928,LOF,0.011385109478650197,0.030772937495930287,0.9578419530254194
25929,Neutral,0.5699335559134907,0.01541647018675835,0.414649973899751
25930,LOF,0.08348975266400842,0.01674274330161057,0.8997675040343811
25931,LOF,0.013725891519949482,0.021941340080897452,0.9643327683991532
25932,LOF,0.06744777965609396,0.018838543656904197,0.9137136766870019
25933,LOF,0.0631423474265662,0.011500842370614479,0.9253568102028195
25934,LOF,0.060081275683720854,0.009533586623176233,0.9303851376931029
25935,LOF,0.09243886796054791,0.027320877681477625,0.8802402543579744
25936,LOF,0.10498699197491917,0.011060347488774252,0.8839526605363066
25937,LOF,0.021600006482708926,0.01511697515813452,0.9632830183591566
25938,LOF,0.09261916420475144,0.02756434422874032,0.8798164915665082
25939,LOF,0.049746501707690405,0.01410335488266207,0.9361501434096475
25940,LOF,0.00858850064166443,0.4558141180007325,0.5355973813576032
25941,LOF,0.4441801056413373,0.038874073432260764,0.516945820926402
25942,LOF,0.010895253775045233,0.0503126517820691,0.9387920944428856
25943,LOF,0.04406619672646023,0.15971530357165156,0.7962184997018882
25944,LOF,0.04014383885830089,0.06739576931530028,0.8924603918263988
25945,LOF,0.13176029102036935,0.027312718521244728,0.8409269904583859
25946,LOF,0.0639398418112265,0.03761256639181602,0.8984475917969573
25947,Neutral,0.5304872754652641,0.09010342708226875,0.3794092974524672
25948,LOF,0.3928599835291443,0.01815769399014568,0.5889823224807099
25949,LOF,0.18853616116392147,0.0859379773387085,0.72552586149737
25950,GOF,0.09235841271573923,0.5557781124110812,0.3518634748731796
25951,LOF,0.015639590560382378,0.4509173054770512,0.5334431039625663
25952,LOF,0.22978956894038124,0.21422231844673353,0.5559881126128853
25953,LOF,0.009763906387244206,0.271014325954305,0.7192217676584508
25954,LOF,0.09550958357933895,0.3753035430287341,0.5291868733919269
25955,LOF,0.007928498660812803,0.22411595413528135,0.7679555472039059
25956,LOF,0.016007169921835367,0.3250039059074646,0.6589889241707001
25957,LOF,0.1784926111470791,0.033991569724252366,0.7875158191286685
25958,LOF,0.028732560788560204,0.05463886019310209,0.9166285790183378
25959,GOF,0.006136040493425546,0.7317914943112989,0.26207246519527555
25960,LOF,0.0052038255024633075,0.11826183137005922,0.8765343431274775
25961,LOF,0.027465864223719917,0.04560455306949527,0.9269295827067847
25962,LOF,0.049296167453449447,0.07970297890219653,0.871000853644354
25963,LOF,0.007216572195043166,0.14743879495302142,0.8453446328519355
25964,LOF,0.026601486007841957,0.1546697823470176,0.8187287316451404
25965,LOF,0.2538460824933464,0.13885251258930953,0.6073014049173441
25966,LOF,0.33705591424772713,0.10924922881645448,0.5536948569358183
25967,LOF,0.007287203183434405,0.07305252931653869,0.9196602675000269
25968,LOF,0.04294688166786938,0.2403129283104754,0.7167401900216552
25969,LOF,0.15540020880009373,0.057605744728255574,0.7869940464716507
25970,LOF,0.06581960017199613,0.0780297649710199,0.856150634856984
25971,LOF,0.0805377205304492,0.03347026558572244,0.8859920138838283
25972,LOF,0.07551580438281637,0.06527477343696528,0.8592094221802182
25973,LOF,0.06886720227219441,0.011548809746266679,0.9195839879815388
25974,LOF,0.04634566916534509,0.04211283497349575,0.9115414958611592
25975,LOF,0.03974067228985261,0.021428869581990553,0.9388304581281569
25976,LOF,0.08486181748746019,0.012841397620596223,0.9022967848919435
25977,LOF,0.247231288855226,0.057751248808776044,0.6950174623359979
25978,LOF,0.154583086200574,0.13224396209559505,0.713172951703831
25979,LOF,0.13086908459830046,0.15322425285801825,0.7159066625436812
25980,LOF,0.20343256805909166,0.20812563813009607,0.5884417938108123
25981,LOF,0.20449530115985326,0.21007240338280941,0.5854322954573372
25982,LOF,0.411620182290724,0.09608438183370492,0.49229543587557095
25983,LOF,0.4135215780410295,0.12008084960329717,0.4663975723556735
25984,LOF,0.05247967315504527,0.09517450106237248,0.8523458257825823
25985,Neutral,0.5167118130088593,0.11947554232582343,0.3638126446653174
25986,LOF,0.012418504205786586,0.48620044827834275,0.5013810475158708
25987,LOF,0.04061434649932382,0.1043089307445254,0.8550767227561509
25988,LOF,0.04899477054433426,0.15421434741024634,0.7967908820454195
25989,LOF,0.06040784573823034,0.2159083812424839,0.7236837730192858
25990,LOF,0.04878890983632631,0.329015500875465,0.6221955892882087
25991,LOF,0.02587087489312304,0.4351454697110337,0.5389836553958433
25992,LOF,0.0184374988939349,0.41075206290509003,0.5708104382009751
25993,LOF,0.026316553077110002,0.05986571101948033,0.9138177359034096
25994,LOF,0.022541096197386465,0.06397810335239669,0.9134808004502168
25995,LOF,0.019329743708396994,0.11147551864946945,0.8691947376421335
25996,Neutral,0.39042846775562445,0.3720345149284524,0.23753701731592317
25997,LOF,0.06847878578947451,0.43291189766095894,0.49860931654956664
25998,LOF,0.26676882955667564,0.04246581222524127,0.690765358218083
25999,LOF,0.03937728240006149,0.1137085147337272,0.8469142028662113
26000,LOF,0.14069557444070496,0.014357945193260271,0.8449464803660348
26001,LOF,0.23082107394434234,0.016264860572274546,0.7529140654833831
26002,LOF,0.11896184108506466,0.02486801792087532,0.85617014099406
26003,GOF,0.006274007542236628,0.6480746225033613,0.345651369954402
26004,GOF,0.01207370781045704,0.6130723754880658,0.3748539167014771
26005,LOF,0.004219808285023656,0.487223327686367,0.5085568640286093
26006,GOF,0.07271066864953551,0.5218464159743222,0.4054429153761423
26007,LOF,0.007915865511157725,0.49583690534599767,0.4962472291428447
26008,GOF,0.005008545660451576,0.5750146017517975,0.4199768525877508
26009,GOF,0.009673147106127886,0.6227704527591466,0.3675564001347257
26010,GOF,0.0067336973503036475,0.563482906196358,0.42978339645333835
26011,LOF,0.003610091709600778,0.41246306106417574,0.5839268472262235
26012,GOF,0.00435019749296319,0.5527460826010093,0.4429037199060275
26013,GOF,0.008418726275808142,0.5489960645502131,0.4425852091739788
26014,LOF,0.07021440526147502,0.06754494179310931,0.8622406529454155
26015,LOF,0.3263404946393223,0.029040942203368975,0.6446185631573087
26016,LOF,0.26564749676056776,0.0369520971305532,0.6974004061088791
26017,LOF,0.01264539416109989,0.17055431022371356,0.8168002956151866
26018,LOF,0.026027021292129037,0.08031590333460485,0.8936570753732662
26019,LOF,0.025804703213794647,0.0696153933201294,0.9045799034660759
26020,LOF,0.007772488680430609,0.15747795507532833,0.8347495562442411
26021,LOF,0.07708775294673553,0.07116381789788218,0.8517484291553822
26022,LOF,0.03716482486374054,0.03375072623909704,0.9290844488971625
26023,LOF,0.020259096278604536,0.048648371593571695,0.9310925321278238
26024,LOF,0.04929803649258944,0.05248892237912421,0.8982130411282864
26025,LOF,0.11917684609288647,0.05902101282645634,0.8218021410806571
26026,LOF,0.11153583797632005,0.04220146738143418,0.8462626946422457
26027,LOF,0.02523724980658421,0.030293485467620656,0.9444692647257952
26028,LOF,0.07795858098822875,0.17940981144263146,0.7426316075691398
26029,LOF,0.022617654570491693,0.15090011190890523,0.8264822335206031
26030,LOF,0.12415565052819705,0.020793484780140398,0.8550508646916625
26031,LOF,0.009855034025534401,0.1351034816573911,0.8550414843170746
26032,LOF,0.03276278945834772,0.04328738395170259,0.9239498265899497
26033,LOF,0.03780265325965884,0.041027001923105495,0.9211703448172357
26034,LOF,0.013134324226469957,0.10201077407266879,0.8848549017008612
26035,LOF,0.010230512602131285,0.09733781469379268,0.892431672704076
26036,LOF,0.01011491185269651,0.08571627715190164,0.9041688109954019
26037,LOF,0.009893146579160223,0.09231821043855871,0.897788642982281
26038,LOF,0.02868132908875424,0.039154920829401446,0.9321637500818443
26039,LOF,0.03189725602883073,0.11872186197515847,0.8493808819960107
26040,LOF,0.07910053401015281,0.11658664832210447,0.8043128176677427
26041,LOF,0.01239608054406207,0.08975098498227035,0.8978529344736675
26042,LOF,0.011594813134483737,0.0921910090339452,0.8962141778315711
26043,LOF,0.02864327211853688,0.0630291503317549,0.9083275775497083
26044,LOF,0.007897615732506733,0.04085543588535396,0.9512469483821394
26045,LOF,0.06702846796973144,0.12457604187581674,0.8083954901544519
26046,LOF,0.025658208701259243,0.04307416560832935,0.9312676256904114
26047,LOF,0.054986267243130854,0.043111189238550646,0.9019025435183184
26048,LOF,0.08514800975219555,0.015524731634338049,0.8993272586134665
26049,Neutral,0.9269224283478552,0.006218537806105101,0.0668590338460397
26050,Neutral,0.8894107015726697,0.006609713405476282,0.10397958502185412
26051,LOF,0.026221466982421844,0.06954855719986741,0.9042299758177107
26052,LOF,0.0287504329099554,0.05763087942459357,0.9136186876654511
26053,LOF,0.02060407542551873,0.1630563469550938,0.8163395776193875
26054,LOF,0.051600297251151096,0.03752589610020248,0.9108738066486464
26055,LOF,0.07844353669159598,0.03324349197857038,0.8883129713298337
26056,LOF,0.06574484886157111,0.04435533898424804,0.8898998121541808
26057,LOF,0.052618090260349325,0.02271348755483983,0.9246684221848108
26058,LOF,0.055464604633598744,0.018311329464382128,0.9262240659020191
26059,LOF,0.21852103631694053,0.03473109773288042,0.7467478659501791
26060,LOF,0.016223268311897042,0.17476934911292757,0.8090073825751753
26061,LOF,0.01164615975116742,0.014882519628052988,0.9734713206207797
26062,LOF,0.0060702780689299695,0.021458612776552793,0.9724711091545173
26063,LOF,0.03681106438351338,0.01592762189302678,0.9472613137234598
26064,LOF,0.012216114482908186,0.02221307328468642,0.9655708122324054
26065,LOF,0.049288659847837035,0.022589683009910197,0.9281216571422528
26066,LOF,0.03607156488455734,0.01593014143474884,0.9479982936806939
26067,LOF,0.041084114367919436,0.015186774454879964,0.9437291111772006
26068,LOF,0.04995429256236804,0.04227628706691528,0.9077694203707167
26069,LOF,0.24982793315882235,0.027087951311150795,0.7230841155300268
26070,LOF,0.4667402639215876,0.01879704229583377,0.5144626937825787
26071,LOF,0.041735828126608185,0.018028477282797172,0.9402356945905948
26072,LOF,0.007577201907524336,0.022443484158071056,0.9699793139344046
26073,LOF,0.0343174681286885,0.019949326303343014,0.9457332055679686
26074,Neutral,0.8377603074744037,0.01129899205580892,0.15094070046978733
26075,LOF,0.05074222727197551,0.02962801387927175,0.9196297588487528
26076,LOF,0.04605027632250975,0.015799889196539917,0.9381498344809502
26077,LOF,0.14139985543391917,0.010628262057805605,0.8479718825082752
26078,LOF,0.006773815724062756,0.022557819705949465,0.9706683645699878
26079,LOF,0.06083633190697538,0.02409458116376853,0.9150690869292561
26080,LOF,0.06011366211472798,0.02425665785614088,0.9156296800291311
26081,LOF,0.03126986939062161,0.01392150120085398,0.9548086294085243
26082,LOF,0.005994448310984022,0.02328189635245117,0.9707236553365648
26083,LOF,0.1006642949298442,0.027962802733344245,0.8713729023368116
26084,LOF,0.10506964034019928,0.025008545475274584,0.8699218141845262
26085,LOF,0.0924703547829851,0.02053045286082627,0.8869991923561885
26086,LOF,0.03594533861600148,0.01977056222515813,0.9442840991588404
26087,LOF,0.034353650652832905,0.01695736880432461,0.9486889805428425
26088,LOF,0.007432735970554579,0.032594194232022686,0.9599730697974227
26089,LOF,0.043847747029685406,0.03667406970643772,0.9194781832638769
26090,LOF,0.04362297339057391,0.028882462429437313,0.9274945641799889
26091,LOF,0.025282909377402168,0.01247020021691865,0.9622468904056792
26092,LOF,0.04287812278460367,0.013908297186911944,0.9432135800284844
26093,LOF,0.07677518815990014,0.009546600836364681,0.9136782110037351
26094,LOF,0.03199961433649353,0.011250280510539444,0.956750105152967
26095,LOF,0.020290314402390167,0.023753628369640595,0.9559560572279693
26096,LOF,0.21746452054081333,0.0062472097362897975,0.7762882697228969
26097,LOF,0.007147180310127385,0.05368530156336284,0.9391675181265098
26098,LOF,0.1095196383106006,0.023987320706243622,0.8664930409831557
26099,LOF,0.03598587431663337,0.027587410797996537,0.9364267148853701
26100,LOF,0.03598587431663337,0.027587410797996537,0.9364267148853701
26101,LOF,0.0560556642213245,0.04620727211063429,0.8977370636680413
26102,LOF,0.03060961543990859,0.02600237511762528,0.9433880094424663
26103,Neutral,0.8877212914258542,0.03208658501060783,0.08019212356353793
26104,LOF,0.05820508899544632,0.04071453523422716,0.9010803757703264
26105,LOF,0.26869866762239697,0.0979925021175962,0.6333088302600067
26106,LOF,0.28124702266415336,0.05421908732753283,0.6645338900083138
26107,LOF,0.018392096485268117,0.07166471880463357,0.9099431847100983
26108,LOF,0.2642100819185789,0.03684792689143389,0.6989419911899871
26109,LOF,0.07958173251402943,0.03743773762898818,0.8829805298569824
26110,LOF,0.38800700796043996,0.013254323972247217,0.5987386680673128
26111,LOF,0.060931019817458985,0.11843334335977863,0.8206356368227623
26112,LOF,0.047788832591338745,0.01401830118371217,0.9381928662249491
26113,LOF,0.10776640589266911,0.041236077204275884,0.8509975169030549
26114,LOF,0.09672624615902237,0.006361812771389057,0.8969119410695887
26115,LOF,0.017516044170707894,0.0431024503057084,0.9393815055235838
26116,LOF,0.08116422934040478,0.021152437665499096,0.8976833329940962
26117,LOF,0.36246729137195866,0.050226425147353884,0.5873062834806875
26118,LOF,0.05693823875644705,0.02307532713581778,0.9199864341077351
26119,LOF,0.005806335553948195,0.11528253785053989,0.878911126595512
26120,LOF,0.0369950927000417,0.021879360672014188,0.9411255466279442
26121,LOF,0.0036550425209572798,0.1683543214132296,0.8279906360658131
