feature0,prediction,LoGoFunc_Neutral,LoGoFunc_GOF,LoGoFunc_LOF
25546,Neutral,0.6595170893490392,0.07142094803532695,0.2690619626156337
25547,Neutral,0.4940333146523477,0.12989323165337588,0.37607345369427647
25548,Neutral,0.4881201103115583,0.09983937046616191,0.4120405192222798
25549,LOF,0.43549316072478705,0.09731715304773163,0.46718968622748136
25550,LOF,0.37238505232193636,0.14837377155363557,0.4792411761244281
25551,LOF,0.26797349898016043,0.16984077316560606,0.5621857278542336
25552,LOF,0.2053065457029979,0.15569977877586572,0.6389936755211364
25553,Neutral,0.7930217193501652,0.051899194800065704,0.15507908584976912
25554,LOF,0.23468364662097427,0.15213434064952472,0.613182012729501
25555,LOF,0.19968773942833062,0.13441612045453433,0.665896140117135
25556,LOF,0.4119585310529537,0.14341528586041913,0.4446261830866271
25557,LOF,0.18813953479165116,0.14337020896402872,0.6684902562443201
25558,LOF,0.22679015794827828,0.15645601139419898,0.6167538306575227
25559,LOF,0.17523432645356932,0.1524384639725485,0.6723272095738821
25560,LOF,0.0708210166361886,0.141594078212064,0.7875849051517475
25561,LOF,0.13275214004361346,0.14342299715299,0.7238248628033965
25562,LOF,0.06995180162665192,0.08926077888644526,0.8407874194869028
25563,LOF,0.0946627318479324,0.08810897614266971,0.8172282920093978
25564,LOF,0.20432474225210842,0.15757474783900988,0.6381005099088817
25565,LOF,0.14351960028687247,0.13914878743270895,0.7173316122804186
25566,GOF,0.018522648328635746,0.7748787933163863,0.2065985583549779
25567,LOF,0.01853825819783224,0.19581222783747493,0.7856495139646928
25568,LOF,0.05323797246673589,0.08435409005118344,0.8624079374820807
25569,LOF,0.0535643077791609,0.08810133424867501,0.8583343579721641
25570,LOF,0.03115179821350764,0.12422726993029697,0.8446209318561954
25571,LOF,0.03074543299535619,0.11932432722787983,0.8499302397767641
25572,LOF,0.03411766241244122,0.14914956714266522,0.8167327704448936
25573,LOF,0.02712823240391274,0.12025849036291054,0.8526132772331768
25574,LOF,0.020010726512486168,0.18147123602463688,0.798518037462877
25575,LOF,0.024678135480336306,0.13552151766709147,0.8398003468525723
25576,LOF,0.011962639530165414,0.1731446296526397,0.814892730817195
25577,LOF,0.010627475240559684,0.14189692581108104,0.8474755989483592
25578,LOF,0.27111196577634106,0.1089293412601201,0.6199586929635388
25579,LOF,0.16694598766749677,0.11778027309107372,0.7152737392414295
25580,LOF,0.018018338137183267,0.10051795992569543,0.8814637019371213
25581,LOF,0.041606512464684324,0.09030274507030327,0.8680907424650125
25582,LOF,0.04143101732298833,0.08839420509645154,0.8701747775805603
25583,LOF,0.02119394420863526,0.11220145361595028,0.8666046021754146
25584,Neutral,0.5272944620338593,0.11977912618129699,0.3529264117848435
25585,LOF,0.012762482589466866,0.17657716600147644,0.8106603514090567
25586,LOF,0.017026627421705597,0.09198674572833401,0.8909866268499603
25587,LOF,0.0168158239781516,0.08405529005292237,0.899128885968926
25588,LOF,0.017893984126161926,0.10124278098749406,0.8808632348863441
25589,Neutral,0.5836645120870826,0.15213028750718013,0.2642052004057372
25590,LOF,0.01900461995120203,0.140998256378317,0.8399971236704808
25591,LOF,0.07720262133045287,0.07180773272455158,0.8509896459449955
25592,LOF,0.04914323118100575,0.15534013760650647,0.7955166312124877
25593,LOF,0.02346650268970459,0.2623014740209978,0.7142320232892976
25594,LOF,0.036086068293576364,0.11123428812691254,0.8526796435795111
25595,LOF,0.03902024576786903,0.07483746807419292,0.886142286157938
25596,LOF,0.051406793456833084,0.06630590758295625,0.8822872989602107
25597,LOF,0.03612293533170918,0.08442825748344891,0.879448807184842
25598,LOF,0.033599622641138416,0.10113056623029743,0.865269811128564
25599,GOF,0.007416791763309476,0.5591279073515554,0.4334553008851351
25600,GOF,0.02817997912930087,0.6229116693829699,0.34890835148772914
25601,LOF,0.013765379358268081,0.46211605055484856,0.5241185700868835
25602,LOF,0.013708015718782279,0.06002848161067394,0.9262635026705437
25603,LOF,0.05909976750502874,0.022495027858639317,0.918405204636332
25604,LOF,0.014153074847233698,0.0789649341535412,0.9068819909992252
25605,LOF,0.007814112656648177,0.21543787951451437,0.7767480078288374
25606,LOF,0.09218834817113318,0.38054169209537764,0.5272699597334892
25607,LOF,0.004796048317992594,0.23172617546956514,0.7634777762124422
25608,LOF,0.011951838037261006,0.10378157008386447,0.8842665918788746
25609,LOF,0.07689751936783489,0.3679829856185941,0.555119495013571
25610,LOF,0.019351174682131343,0.027608475363031838,0.9530403499548369
25611,LOF,0.020199811127236074,0.027324175639360446,0.9524760132334035
25612,LOF,0.06373781468587009,0.03846754786670458,0.8977946374474253
25613,LOF,0.05683452879223797,0.04029533289466497,0.9028701383130969
25614,LOF,0.025403877599861496,0.03163675114199223,0.9429593712581462
25615,LOF,0.02037728741117156,0.037205334376571,0.9424173782122575
25616,LOF,0.05741317324510731,0.031017215414955796,0.9115696113399369
25617,LOF,0.05681019151634438,0.03240767368135163,0.910782134802304
25618,LOF,0.07366245289752024,0.03579087576874098,0.8905466713337387
25619,LOF,0.018689128814972658,0.03304071277104656,0.9482701584139809
25620,LOF,0.0708495495989377,0.03874440517024177,0.8904060452308206
25621,LOF,0.01919456921829778,0.03894424363384508,0.9418611871478572
25622,LOF,0.023870107467831452,0.0411357354091487,0.9349941571230199
25623,LOF,0.04109465054097745,0.03057664128395302,0.9283287081750696
25624,LOF,0.021270735703030876,0.04015097545924179,0.9385782888377272
25625,LOF,0.0252406094521408,0.049173426537480705,0.9255859640103785
25626,LOF,0.05209785871911252,0.03628784871947554,0.9116142925614119
25627,Neutral,0.594754611681187,0.10183825559951731,0.30340713271929565
25628,LOF,0.2029895641272243,0.05354374734383327,0.7434666885289425
25629,LOF,0.03989856042211737,0.05805294835141477,0.9020484912264678
25630,LOF,0.14140957501380028,0.09820632654383696,0.7603840984423628
25631,Neutral,0.6038908446432726,0.06155334666553156,0.33455580869119583
25632,LOF,0.007640857170940223,0.0745283877375796,0.9178307550914803
25633,LOF,0.26048584415050097,0.0513303213784702,0.6881838344710287
25634,LOF,0.030072000122741905,0.10401279420873734,0.8659152056685208
25635,LOF,0.03482495839676817,0.05794978644067727,0.9072252551625547
25636,GOF,0.005477683775214745,0.5817359556676557,0.41278636055712964
25637,GOF,0.007073470560829231,0.6126296861633216,0.3802968432758491
25638,LOF,0.01169930317425033,0.28961143661672,0.6986892602090296
25639,LOF,0.005517194165141493,0.4729943482021599,0.5214884576326987
25640,Neutral,0.46016180612346097,0.44431938204489957,0.09551881183163954
25641,LOF,0.01140617270535346,0.32400279369058316,0.6645910336040634
25642,LOF,0.24436921217030783,0.07070157153168803,0.6849292162980042
25643,LOF,0.12166394228696728,0.1513154861960288,0.7270205715170038
25644,LOF,0.01074117472765753,0.4605295783161135,0.5287292469562289
25645,LOF,0.007738742753321413,0.44817188072572084,0.5440893765209578
25646,LOF,0.014502627077952324,0.31600843079165436,0.6694889421303932
25647,LOF,0.01082066092767446,0.26599557109893135,0.7231837679733942
25648,LOF,0.009052791092636597,0.2681572880589995,0.7227899208483639
25649,LOF,0.00784641597066504,0.20402631048550232,0.7881272735438326
25650,LOF,0.013507128140895816,0.40736800535004475,0.5791248665090595
25651,LOF,0.005887864368708883,0.27986031588802096,0.7142518197432701
25652,LOF,0.009790072125344405,0.2569074762282146,0.7333024516464411
25653,LOF,0.027837672446397198,0.3898991795476865,0.5822631480059163
25654,LOF,0.01050535415859593,0.1567420360315701,0.832752609809834
25655,LOF,0.04753061173793064,0.42024073429515846,0.5322286539669109
25656,LOF,0.17747782794231953,0.03926709800617353,0.783255074051507
25657,LOF,0.26232815529553155,0.02249549597234349,0.715176348732125
25658,LOF,0.07214502689398611,0.06301227711033736,0.8648426959956765
25659,LOF,0.39255014602949634,0.05444445394213866,0.553005400028365
25660,LOF,0.033440434398329506,0.10287854833127878,0.8636810172703917
25661,LOF,0.10319234418023468,0.06594377970965418,0.8308638761101111
25662,LOF,0.025761580857168946,0.04422049567341217,0.9300179234694189
25663,LOF,0.03425016516748679,0.0665597796427503,0.899190055189763
25664,LOF,0.03773511858717919,0.06819110601196522,0.8940737754008555
25665,LOF,0.055067149194907086,0.03475441052202455,0.9101784402830683
25666,LOF,0.04032782374121816,0.10064198265198879,0.8590301936067931
25667,LOF,0.0727251479090188,0.049135872970055415,0.8781389791209259
25668,LOF,0.028171441416064258,0.05379486421506931,0.9180336943688664
25669,LOF,0.029673451491269088,0.08077167970788306,0.8895548688008478
25670,LOF,0.06225439031331793,0.05511272582531597,0.8826328838613661
25671,LOF,0.09144162798352744,0.04142565769973612,0.8671327143167364
25672,LOF,0.054620100351974635,0.044828343924384756,0.9005515557236408
25673,LOF,0.028403690266002018,0.05746060349947327,0.9141357062345247
25674,LOF,0.022324688426780245,0.06685160356505956,0.9108237080081603
25675,LOF,0.03724420318379467,0.06498025245364099,0.8977755443625642
25676,LOF,0.021326937250924022,0.06102502959474588,0.9176480331543302
25677,LOF,0.02946945226495234,0.0747135413691542,0.8958170063658935
25678,LOF,0.2011885758237726,0.056116078292599014,0.7426953458836284
25679,LOF,0.1757188739981858,0.07740768573423824,0.746873440267576
25680,LOF,0.037869049492963845,0.12128823296345383,0.8408427175435823
25681,LOF,0.06341446248785629,0.11129349762140103,0.8252920398907426
25682,LOF,0.116309483593095,0.07979173397652337,0.8038987824303816
25683,LOF,0.07542666724927649,0.11318684293821549,0.811386489812508
25684,LOF,0.04352641962603132,0.07677412808621618,0.8796994522877526
25685,LOF,0.08142641323661973,0.06713511834899485,0.8514384684143854
25686,LOF,0.028760116912486377,0.08768124865328977,0.8835586344342238
25687,LOF,0.0497348302270641,0.07040714160683727,0.8798580281660987
25688,LOF,0.043487002252056456,0.048509324518170596,0.908003673229773
25689,LOF,0.02538306044440058,0.05452963943013307,0.9200873001254662
25690,LOF,0.031227394010996577,0.04596492491488656,0.9228076810741168
25691,LOF,0.24071926974580857,0.06275674035930148,0.6965239898948901
25692,LOF,0.2452840931521627,0.0063397726819435125,0.7483761341658938
25693,LOF,0.09394155950685969,0.2583051734996596,0.6477532669934808
25694,LOF,0.25898801531255955,0.013027484654297787,0.7279845000331426
25695,LOF,0.16297350864022334,0.023585854319785944,0.8134406370399907
25696,LOF,0.12087075890832047,0.01158080198114929,0.8675484391105301
25697,LOF,0.08340587120308525,0.029083883240277116,0.8875102455566377
25698,LOF,0.04998018273247951,0.47291498628934364,0.47710483097817674
25699,LOF,0.06704792796311759,0.0893523371098544,0.8435997349270281
25700,LOF,0.063694592580337,0.009067953852004219,0.9272374535676587
25701,LOF,0.0158456246078074,0.08123840128322249,0.9029159741089702
25702,GOF,0.02965463139055313,0.7119939625412589,0.25835140606818796
25703,LOF,0.008170898385669777,0.17038319603077873,0.8214459055835516
25704,LOF,0.04488405782180654,0.1557418880547078,0.7993740541234856
25705,LOF,0.05817283499790532,0.22085428430908213,0.7209728806930126
25706,GOF,0.030836660466660993,0.5484357599411064,0.4207275795922326
25707,LOF,0.02392003107919177,0.48652491877551646,0.48955505014529177
25708,LOF,0.008152427408822336,0.4106451814992225,0.5812023910919552
25709,LOF,0.05810589117789251,0.057158418506994345,0.8847356903151132
25710,LOF,0.005718245216428248,0.1477124269062549,0.8465693278773169
25711,LOF,0.021557024667381873,0.11060468568226502,0.8678382896503531
25712,LOF,0.007382415389134656,0.1659416890351721,0.8266758955756933
25713,LOF,0.018828435889119814,0.09746501550722518,0.883706548603655
25714,LOF,0.06684639699595801,0.12592522199783493,0.807228381006207
25715,LOF,0.01385337385689561,0.13069929771985692,0.8554473284232474
25716,LOF,0.00631972486252389,0.09904602332163459,0.8946342518158414
25717,LOF,0.00568258298481221,0.09358849426488253,0.9007289227503051
25718,LOF,0.014667331337881869,0.082942312264139,0.9023903563979792
25719,LOF,0.024201975430357375,0.08870823473037909,0.8870897898392636
25720,LOF,0.024477373775267406,0.0750443064441351,0.9004783197805976
25721,LOF,0.016384573041582456,0.10881102507818158,0.874804401880236
25722,LOF,0.014280192990276625,0.1361155280985293,0.849604278911194
25723,LOF,0.02101860344354438,0.06941514236474948,0.909566254191706
25724,LOF,0.022272349546807516,0.10228565962885035,0.8754419908243422
25725,LOF,0.014472866737365196,0.07566989734862933,0.9098572359140055
25726,LOF,0.01263961909176459,0.09896460382516803,0.8883957770830674
25727,LOF,0.015544752722903048,0.08720095709493851,0.8972542901821585
25728,LOF,0.013297042890543545,0.11065447512869672,0.8760484819807598
25729,LOF,0.013800258809837625,0.11462380473696063,0.8715759364532016
25730,LOF,0.014339626577781968,0.09490930561380749,0.8907510678084106
25731,LOF,0.008161972389936782,0.12948400529343146,0.8623540223166317
25732,LOF,0.013825698486668583,0.1001266008110385,0.8860477007022929
25733,LOF,0.01919242187216508,0.0828841170899216,0.8979234610379134
25734,LOF,0.0055936963320710065,0.13469716397378775,0.8597091396941412
25735,LOF,0.0161986183937415,0.07984033142362025,0.9039610501826382
25736,LOF,0.015801155627525907,0.11724944625491888,0.8669493981175551
25737,LOF,0.024458751267745594,0.09074888877022953,0.8847923599620249
25738,LOF,0.015457369396676695,0.14365398043362623,0.8408886501696972
25739,LOF,0.023700466865434245,0.11487555158499256,0.8614239815495732
25740,LOF,0.03145882394828711,0.13133646116358372,0.8372047148881291
25741,LOF,0.01750022200862829,0.11034265202787466,0.8721571259634969
25742,LOF,0.11368276330460031,0.10068298190031823,0.7856342547950814
25743,LOF,0.017473312087537503,0.035934409148279875,0.9465922787641827
25744,LOF,0.2221212608505797,0.31516707911783126,0.46271166003158903
25745,LOF,0.026678514524249897,0.048282404946181,0.9250390805295692
25746,LOF,0.01611692386789731,0.06208558669904755,0.9217974894330552
25747,LOF,0.027706383201269325,0.03178774973779611,0.9405058670609344
25748,LOF,0.1525671268534008,0.0505421977902997,0.7968906753562994
25749,LOF,0.016269823860968206,0.04292931272269858,0.9408008634163331
25750,LOF,0.031135450711731658,0.05868266144979688,0.9101818878384715
25751,LOF,0.11840794506315873,0.053431248152808836,0.8281608067840325
25752,GOF,0.10742497355324865,0.6365674649459249,0.2560075615008265
25753,LOF,0.00813990454047368,0.3483239818605133,0.6435361135990131
25754,GOF,0.005113851584152858,0.8278956336871792,0.16699051472866797
25755,LOF,0.010464927168518495,0.4255956280352907,0.5639394447961908
25756,LOF,0.03799958484578571,0.4314250411811747,0.5305753739730397
25757,GOF,0.005216772078005371,0.8690328430227354,0.1257503848992593
25758,GOF,0.0069654749924869365,0.8719000350431424,0.1211344899643709
25759,GOF,0.0045100404345453345,0.5454148176005773,0.45007514196487725
25760,LOF,0.0046132890570166575,0.3062908195446829,0.6890958913983004
25761,GOF,0.034332153604775706,0.8464243057455338,0.11924354064969053
25762,LOF,0.02944214093857886,0.3335282259795029,0.6370296330819183
25763,LOF,0.0063619829654596146,0.2437371099308883,0.7499009071036521
25764,GOF,0.16306274343681168,0.520261395390679,0.3166758611725095
25765,GOF,0.012288706341423794,0.7960659399367948,0.1916453537217814
25766,GOF,0.015014013164233337,0.8188508056149782,0.16613518122078844
25767,GOF,0.021635776346234703,0.4961059798670548,0.4822582437867105
25768,LOF,0.07957615921937376,0.06706048100086134,0.8533633597797649
25769,LOF,0.07847514847705589,0.05249336786314371,0.8690314836598003
25770,LOF,0.2667454862846901,0.06176708683689352,0.6714874268784163
25771,LOF,0.01229115849986923,0.0554730272040084,0.9322358142961225
25772,LOF,0.0172125206165544,0.02641338249908607,0.9563740968843596
25773,LOF,0.01000736059269893,0.10684690335605562,0.8831457360512455
25774,LOF,0.023850171481039323,0.06788699141022868,0.908262837108732
25775,LOF,0.01558622183853268,0.04368669880616047,0.9407270793553069
25776,LOF,0.08776460628005615,0.020201661846538897,0.892033731873405
25777,LOF,0.3181329712134819,0.036388494180767075,0.645478534605751
25778,LOF,0.07277553319158388,0.038765385262534126,0.8884590815458819
25779,GOF,0.05706475240093821,0.8698318989811176,0.07310334861794412
25780,GOF,0.05650095749002716,0.8567454255928088,0.08675361691716413
25781,GOF,0.02423855975493642,0.8409614474470933,0.13479999279797023
25782,GOF,0.02962251331597813,0.8737690557840581,0.09660843089996382
25783,GOF,0.013102796142222579,0.6554039715033503,0.33149323235442724
25784,GOF,0.10583201181289889,0.824031660976071,0.0701363272110302
25785,GOF,0.06792576657877793,0.8743636926481481,0.05771054077307404
25786,GOF,0.005178286792817698,0.7947932576997108,0.2000284555074716
25787,GOF,0.19445144932370892,0.7647927132608984,0.040755837415392765
25788,LOF,0.046535357179066324,0.13004046783288156,0.8234241749880521
25789,GOF,0.0368269121676734,0.8127519466907072,0.15042114114161945
25790,GOF,0.04160448240563247,0.848845682269029,0.10954983532533864
25791,GOF,0.02685016872609283,0.7992570287101044,0.17389280256380266
25792,GOF,0.04425830989968761,0.8049508046326271,0.15079088546768538
25793,GOF,0.0998567309996934,0.7766169987651377,0.12352627023516884
25794,GOF,0.10230934916746674,0.6619387422737302,0.23575190855880315
25795,GOF,0.02635809965820159,0.7603455947346037,0.21329630560719456
25796,GOF,0.13012251542822706,0.738853475053133,0.13102400951863993
25797,GOF,0.032597738258678975,0.5973430812180711,0.37005918052324976
25798,GOF,0.0033042981729585986,0.5464713758508886,0.45022432597615275
25799,LOF,0.003012580488531449,0.41660475915810635,0.5803826603533623
25800,GOF,0.01019861865547045,0.6267751204748631,0.36302626086966644
25801,GOF,0.027854030606450145,0.7942585264387735,0.17788744295477635
25802,GOF,0.018298741638468452,0.729812110133166,0.2518891482283654
25803,GOF,0.010403107055218172,0.6359616289910323,0.35363526395374956
25804,GOF,0.011499563457278365,0.5033517745564429,0.48514866198627876
25805,GOF,0.02075698128929153,0.6133407911610472,0.3659022275496613
25806,GOF,0.017862037897886495,0.6563710936276903,0.32576686847442327
25807,GOF,0.005265275399909326,0.6450739689122212,0.3496607556878695
25808,GOF,0.014297474577049852,0.643101870999305,0.3426006544236451
25809,GOF,0.005839269046655206,0.6263341219511059,0.367826609002239
25810,GOF,0.005011503036443749,0.6386893171268025,0.35629917983675374
25811,GOF,0.08273014445860322,0.8085637191534919,0.10870613638790481
25812,GOF,0.01572051942592915,0.6322184519106999,0.3520610286633709
25813,GOF,0.10025469292770492,0.7492857297648496,0.15045957730744536
25814,GOF,0.02966395970372923,0.7134101315733741,0.2569259087228967
25815,GOF,0.0412015701555728,0.7329123724169111,0.22588605742751616
25816,GOF,0.008639309160692147,0.804618587644404,0.18674210319490378
25817,GOF,0.06965182456760624,0.7700895946226352,0.1602585808097586
25818,GOF,0.022950027901602773,0.7482038841063822,0.228846087992015
25819,GOF,0.06810343706429467,0.7248756489287731,0.20702091400693212
25820,GOF,0.0342647331040436,0.7134571253971501,0.2522781414988063
25821,GOF,0.018704602614051824,0.7047817514236889,0.2765136459622593
25822,GOF,0.03565561160899763,0.7227283319471453,0.24161605644385703
25823,GOF,0.012138873323668392,0.5501147169955833,0.43774640968074824
25824,GOF,0.024988693699908714,0.695825542114779,0.27918576418531216
25825,GOF,0.012733642966232311,0.6778775516509526,0.30938880538281505
25826,GOF,0.0053939778495721265,0.6230806195772027,0.3715254025732252
25827,GOF,0.0081100363260265,0.6400368587346245,0.3518531049393491
25828,GOF,0.0047312481720851824,0.5608714805139142,0.4343972713140005
25829,GOF,0.0029915438557431544,0.6340186660308998,0.3629897901133569
25830,LOF,0.030700918321452737,0.38520740377768553,0.5840916779008618
25831,GOF,0.03577535479677362,0.8358361280387256,0.12838851716450073
25832,GOF,0.008123654214150618,0.7535572483018972,0.2383190974839522
25833,GOF,0.02438135259917363,0.7967300542539589,0.17888859314686748
25834,GOF,0.007140452463200079,0.7632298590215552,0.2296296885152447
25835,GOF,0.015924546170014344,0.8188180245636419,0.1652574292663437
25836,GOF,0.006245808169437827,0.761222408808095,0.2325317830224672
25837,GOF,0.005610619099095261,0.6561435037005882,0.3382458772003166
25838,GOF,0.017416424800312705,0.8340624035065421,0.14852117169314513
25839,GOF,0.035591476076444285,0.8111612376450921,0.15324728627846362
25840,GOF,0.03678765359182655,0.826588841924229,0.13662350448394456
25841,GOF,0.03320834830894572,0.851128214126821,0.11566343756423311
25842,GOF,0.023252375313255923,0.8626817408105898,0.11406588387615418
25843,GOF,0.025206411924297546,0.8788272960186462,0.09596629205705626
25844,GOF,0.014653061407573699,0.7894577272696733,0.19588921132275286
25845,GOF,0.005453456035936787,0.588780912278001,0.4057656316860621
25846,GOF,0.026193991222283962,0.8479349043220187,0.12587110445569746
25847,GOF,0.01734005581495817,0.8799779900895183,0.10268195409552361
25848,GOF,0.016048822979195975,0.8182426637121054,0.1657085133086986
25849,GOF,0.00492144170829717,0.6935692042096027,0.3015093540821001
25850,GOF,0.007391282541604918,0.7082344862584109,0.2843742311999841
25851,GOF,0.00618814390610709,0.5726604499233711,0.42115140617052177
25852,GOF,0.16519010810590803,0.5476228581756686,0.2871870337184234
25853,GOF,0.07346593498905335,0.8338938085926655,0.09264025641828098
25854,GOF,0.011106540859659123,0.6537343925182589,0.3351590666220819
25855,GOF,0.01285031776281606,0.5943711188261656,0.39277856341101847
25856,GOF,0.03545634772847056,0.7219403136480275,0.242603338623502
25857,GOF,0.015682572333855473,0.5468513525108937,0.4374660751552508
25858,GOF,0.009351393198102432,0.5546308733198098,0.43601773348208783
25859,GOF,0.005842936171883058,0.5323344112120085,0.4618226526161085
25860,GOF,0.0726840042279143,0.793216766996909,0.13409922877517677
25861,GOF,0.10314774072596337,0.803151093711437,0.09370116556259958
25862,GOF,0.021203792792786884,0.8487980180801138,0.12999818912709932
25863,GOF,0.01978551138989972,0.8487092138246414,0.13150527478545898
25864,GOF,0.04073067044606557,0.8648788681910143,0.09439046136292002
25865,GOF,0.027879035524225083,0.8441525050067882,0.12796845946898674
25866,GOF,0.021921514070078637,0.8372438297409256,0.14083465618899588
25867,GOF,0.02350728239581883,0.8623107101999395,0.11418200740424175
25868,GOF,0.05100669022482845,0.8016012757192864,0.14739203405588516
25869,GOF,0.3028732115991063,0.607624091030154,0.08950269737073965
25870,GOF,0.19093094529028595,0.5315900725408457,0.2774789821688684
25871,GOF,0.02262851100980966,0.8367491025418456,0.14062238644834474
25872,GOF,0.01873393902314439,0.8128113165143176,0.16845474446253805
25873,GOF,0.01900668688497085,0.8449802599148108,0.13601305320021823
25874,LOF,0.01648454484960758,0.14290596743834452,0.840609487712048
25875,LOF,0.03541246162142149,0.03286309302845296,0.9317244453501257
25876,LOF,0.015666691675250713,0.029202468502008326,0.9551308398227408
25877,LOF,0.1387940893534179,0.058593940657534205,0.8026119699890478
25878,LOF,0.06013618009273488,0.07963935623632909,0.8602244636709361
25879,LOF,0.024552413991849553,0.06347876929553921,0.9119688167126111
25880,LOF,0.04687572874180811,0.008340128065750423,0.9447841431924414
25881,Neutral,0.5941400043059039,0.07392121326167257,0.3319387824324237
25882,LOF,0.020014712400517432,0.04335658103854896,0.9366287065609337
25883,LOF,0.05642163843771816,0.029450956969131102,0.9141274045931508
25884,LOF,0.011549243678484224,0.06143802947530438,0.9270127268462114
25885,LOF,0.192823166409625,0.009472601821943892,0.7977042317684312
25886,LOF,0.21465767164227265,0.05975627981478359,0.7255860485429436
25887,LOF,0.1459632093062161,0.07960887839733329,0.7744279122964505
25888,LOF,0.013047417649782523,0.15759425614507738,0.8293583262051402
25889,LOF,0.015302815268344698,0.04432038813076415,0.9403767966008912
25890,LOF,0.1220894443651877,0.09275128802798334,0.785159267606829
25891,LOF,0.04627220554633097,0.042994688183609304,0.9107331062700597
25892,LOF,0.010859616195510709,0.04739397710386077,0.9417464067006286
25893,LOF,0.3744764005523126,0.013901607607267243,0.6116219918404202
25894,LOF,0.4297828225435971,0.00727122816318075,0.5629459492932222
25895,LOF,0.34195133945616424,0.015962810797966787,0.6420858497458689
25896,LOF,0.046362676120814794,0.02998476872600368,0.9236525551531816
25897,LOF,0.18994089106859424,0.013279598884192365,0.7967795100472134
25898,LOF,0.22536733023767536,0.039700574073011106,0.7349320956893136
25899,LOF,0.23377250229170468,0.029601349162300533,0.7366261485459947
25900,LOF,0.4703188107895436,0.011993520022598791,0.5176876691878576
25901,LOF,0.046997289940994495,0.011509562581516624,0.9414931474774889
25902,LOF,0.10725501111978672,0.018731430962232145,0.8740135579179811
25903,LOF,0.3329478920204243,0.03796355692424867,0.6290885510553271
25904,LOF,0.47483318046704587,0.04111770008927772,0.4840491194436763
25905,LOF,0.0073567701084145875,0.41820536304290207,0.5744378668486833
25906,LOF,0.007101371456979868,0.12316029312618997,0.8697383354168301
25907,LOF,0.0039058951703395545,0.3789513581056658,0.6171427467239946
25908,LOF,0.00347964161363566,0.27573009285758693,0.7207902655287776
25909,LOF,0.015289968279617216,0.15279715674396316,0.8319128749764196
25910,LOF,0.016076199868498935,0.12551507737700096,0.8584087227545001
25911,LOF,0.17570192615145136,0.027168802057609093,0.7971292717909396
25912,LOF,0.06679689571007232,0.048040478140124306,0.8851626261498033
25913,LOF,0.05791935359833125,0.052624908957753375,0.8894557374439154
25914,LOF,0.022680797147315766,0.06684769807994179,0.9104715047727425
25915,LOF,0.11426836457326577,0.2678185578998209,0.6179130775269133
25916,LOF,0.01860654399594421,0.18599372429789068,0.7953997317061652
25917,LOF,0.05451551724209044,0.047551031619942834,0.8979334511379666
25918,LOF,0.027054484015062445,0.0389026540021,0.9340428619828376
25919,LOF,0.02287402376830117,0.036228726195761576,0.9408972500359373
25920,LOF,0.11606968662464413,0.21392761146776185,0.670002701907594
25921,LOF,0.010044755838781241,0.03480057680411116,0.9551546673571075
25922,LOF,0.012734627317555838,0.02761008241989845,0.9596552902625457
25923,LOF,0.40116978682526716,0.03592989769632396,0.5629003154784089
25924,LOF,0.0168522133023926,0.04158796616383921,0.9415598205337681
25925,LOF,0.07973482686617138,0.04610623097573911,0.8741589421580896
25926,LOF,0.058260172493540666,0.04172627434194073,0.9000135531645185
25927,LOF,0.021274115548580108,0.061339225289022976,0.9173866591623969
25928,LOF,0.007846902669633164,0.045955858793486876,0.9461972385368799
25929,LOF,0.4652796226181258,0.033963713726913376,0.5007566636549609
25930,LOF,0.08658573146300678,0.030961003434515914,0.8824532651024773
25931,LOF,0.009476363932123517,0.03001837329744195,0.9605052627704345
25932,LOF,0.035595746537976564,0.027611601448695976,0.9367926520133274
25933,LOF,0.04253832942865305,0.018416159008092115,0.9390455115632549
25934,LOF,0.029385269794045897,0.019146473313202378,0.9514682568927517
25935,LOF,0.07418974107418451,0.05470652915355649,0.871103729772259
25936,LOF,0.04298011716315365,0.019953431979306716,0.9370664508575397
25937,LOF,0.008696506900360203,0.03332051956193505,0.9579829735377048
25938,LOF,0.0666383629515028,0.05936910773365146,0.8739925293148457
25939,LOF,0.03541124395294973,0.02198634080659358,0.9426024152404566
25940,LOF,0.009061053513201796,0.3689840154836008,0.6219549310031973
25941,Neutral,0.530324178282115,0.0262087779114667,0.4434670438064184
25942,LOF,0.0052228989090398565,0.04203430851263463,0.9527427925783255
25943,LOF,0.03130709492476337,0.12311996630865146,0.8455729387665852
25944,LOF,0.1228772041150735,0.06464385649131338,0.8124789393936132
25945,LOF,0.05621750447819377,0.018452451841498144,0.925330043680308
25946,LOF,0.07177179563317178,0.055671070313893706,0.8725571340529346
25947,Neutral,0.513386405388792,0.07733838224223709,0.40927521236897096
25948,LOF,0.33256171567418186,0.011145028828299456,0.6562932554975187
25949,LOF,0.10085950887431662,0.058229213687789196,0.8409112774378942
25950,GOF,0.05067935304229617,0.6024935897274524,0.3468270572302515
25951,LOF,0.01608111334799723,0.38681938110054176,0.597099505551461
25952,LOF,0.2765069016328909,0.2801798790207339,0.4433132193463753
25953,LOF,0.012619919087044313,0.1623187506959733,0.8250613302169824
25954,LOF,0.059414697356848054,0.42368454464163036,0.5169007580015217
25955,LOF,0.009947553199597736,0.15925587663025326,0.830796570170149
25956,LOF,0.024003265854472308,0.2985010611316026,0.6774956730139251
25957,LOF,0.20704642328313863,0.03577539984243905,0.7571781768744223
25958,LOF,0.05331002314300876,0.029239026766523804,0.9174509500904674
25959,GOF,0.012346126693425132,0.5042460724465071,0.4834078008600677
25960,LOF,0.006100335958283275,0.0543736038236187,0.939526060218098
25961,LOF,0.05083459651945884,0.02762897967444165,0.9215364238060996
25962,LOF,0.032613157450642284,0.08081233205754092,0.8865745104918168
25963,LOF,0.005743371706689483,0.26838195444159185,0.7258746738517187
25964,LOF,0.029409253547434934,0.10604842715985476,0.8645423192927103
25965,LOF,0.31121718573249735,0.13793040325576636,0.5508524110117363
25966,Neutral,0.4359758321636797,0.17792869450655938,0.38609547332976096
25967,LOF,0.0056769865907051326,0.08419427495748057,0.9101287384518144
25968,LOF,0.04357858699044292,0.28106300888016,0.6753584041293971
25969,LOF,0.11892185764419223,0.08298183614112704,0.7980963062146806
25970,LOF,0.017481375507885297,0.10007847799568415,0.8824401464964304
25971,LOF,0.06629928740254676,0.028042714270987243,0.9056579983264661
25972,LOF,0.05867509476931059,0.03958802217569659,0.9017368830549929
25973,LOF,0.05731466892498767,0.011688058619274085,0.9309972724557383
25974,LOF,0.04015515409329687,0.04421145326035453,0.9156333926463487
25975,LOF,0.04132891318100489,0.027213023030768994,0.9314580637882262
25976,LOF,0.11032731466152464,0.013073342065902402,0.876599343272573
25977,LOF,0.20802735424462268,0.06012067732802719,0.7318519684273501
25978,LOF,0.1329847279619616,0.1292004352245659,0.7378148368134725
25979,LOF,0.12287994150122626,0.13331187014049084,0.7438081883582828
25980,LOF,0.2317114700145583,0.15425195472119876,0.6140365752642429
25981,LOF,0.23228323928499187,0.15498905186868592,0.6127277088463222
25982,LOF,0.3728756862186791,0.1009887917021116,0.5261355220792093
25983,LOF,0.37206364364260125,0.11968664560749777,0.508249710749901
25984,LOF,0.03614461942083265,0.06684327394516816,0.8970121066339992
25985,LOF,0.3984959835810808,0.13092652855334214,0.470577487865577
25986,LOF,0.011862532941533525,0.43385682217030985,0.5542806448881566
25987,LOF,0.03857932049018989,0.11188399830335047,0.8495366812064596
25988,LOF,0.1395290262518406,0.118478629802703,0.7419923439454563
25989,LOF,0.04282344932026448,0.16119255293623772,0.7959839977434979
25990,LOF,0.04226154214866334,0.24968651684919652,0.7080519410021402
25991,LOF,0.022748515069623138,0.3813987494263327,0.5958527355040442
25992,LOF,0.025233124265091427,0.37401169386453426,0.6007551818703744
25993,LOF,0.02187501167781595,0.09403442311524096,0.8840905652069431
25994,LOF,0.017103992993704315,0.08809233481607148,0.8948036721902243
25995,LOF,0.018641780916928082,0.18469830729590234,0.7966599117871697
25996,LOF,0.316281871249186,0.2893694153775343,0.39434871337327965
25997,LOF,0.07931642362532808,0.3403451708620258,0.5803384055126461
25998,LOF,0.298198732729761,0.05581098519610754,0.6459902820741314
25999,LOF,0.017919617794066655,0.26745987042965597,0.7146205117762774
26000,LOF,0.15241263997361973,0.033076543906283014,0.8145108161200972
26001,LOF,0.29022632928089254,0.026066400274743187,0.6837072704443643
26002,LOF,0.06847073434113522,0.047879586809727835,0.883649678849137
26003,GOF,0.0038513386012217913,0.6417942758739252,0.354354385524853
26004,GOF,0.005907611043127562,0.7354846224955809,0.2586077664612915
26005,GOF,0.002991344539917989,0.536170695021216,0.46083796043886616
26006,GOF,0.08431594801052361,0.639593012464489,0.27609103952498737
26007,GOF,0.005792777100074754,0.6233532856648019,0.3708539372351235
26008,GOF,0.005267795024501046,0.6846111887428543,0.31012101623264454
26009,GOF,0.005843114293467343,0.6902130782919755,0.30394380741455707
26010,GOF,0.0062231273250333416,0.7196882851551732,0.27408858751979337
26011,GOF,0.0026355926473281307,0.5089116815916098,0.488452725761062
26012,GOF,0.0034261901823240226,0.580139908432546,0.41643390138513
26013,GOF,0.004555061802200622,0.6380375665112948,0.3574073716865046
26014,LOF,0.04028100873679489,0.09053177892418936,0.8691872123390159
26015,LOF,0.12986858398832585,0.018242293936959524,0.8518891220747147
26016,LOF,0.25447640563870344,0.03990830981381756,0.705615284547479
26017,LOF,0.021981154874498497,0.19567469957504957,0.7823441455504518
26018,LOF,0.05133846945535309,0.03459964232203539,0.9140618882226115
26019,LOF,0.05136978286421104,0.03011625948466569,0.9185139576511232
26020,LOF,0.008376503645376992,0.19211964012058116,0.7995038562340419
26021,LOF,0.07055317637096672,0.06653010755201562,0.8629167160770176
26022,LOF,0.028418137942641114,0.024012136501093528,0.9475697255562654
26023,LOF,0.04272101594122146,0.021654692901477153,0.9356242911573014
26024,LOF,0.045487384082524465,0.06543369146055089,0.8890789244569246
26025,LOF,0.053285483819500004,0.07196235454976149,0.8747521616307385
26026,LOF,0.09576141307492983,0.050191766057962994,0.8540468208671073
26027,LOF,0.044412662307650876,0.017747475606563343,0.9378398620857858
26028,LOF,0.08427442309834886,0.14243620740248442,0.7732893694991668
26029,LOF,0.030602048597743185,0.2230895682410744,0.7463083831611824
26030,LOF,0.1563179726748081,0.03090801194793526,0.8127740153772566
26031,LOF,0.015840519700748082,0.17533458572955843,0.8088248945696935
26032,LOF,0.06534632450132888,0.07060576473513099,0.86404791076354
26033,LOF,0.08709076150516552,0.06730717438697144,0.845602064107863
26034,LOF,0.014626620511882243,0.19804426832763286,0.787329111160485
26035,LOF,0.013819209602927245,0.14560222408224424,0.8405785663148285
26036,LOF,0.015276779822716625,0.18268524165749547,0.8020379785197879
26037,LOF,0.012380914740940193,0.12386997440480348,0.8637491108542563
26038,LOF,0.05710772981010907,0.0665259161295936,0.8763663540602973
26039,LOF,0.024913216812924164,0.18309984646688351,0.7919869367201924
26040,LOF,0.11001751606385,0.1637142593199015,0.7262682246162485
26041,LOF,0.014624924425307545,0.11395174701874293,0.8714233285559495
26042,LOF,0.013294553101152979,0.11356855330569504,0.8731368935931519
26043,LOF,0.054179623384561525,0.08573803352128812,0.8600823430941503
26044,LOF,0.011580940406815975,0.0689472840006267,0.9194717755925573
26045,LOF,0.04883697227961413,0.1290433739136181,0.8221196538067679
26046,LOF,0.05048467738661196,0.06951578668757766,0.8799995359258104
26047,LOF,0.08589726683082204,0.06690486049035133,0.8471978726788267
26048,LOF,0.04797243559193019,0.045960450295439104,0.9060671141126307
26049,Neutral,0.9633485983434723,0.006510763244930206,0.03014063841159736
26050,Neutral,0.9497555484494793,0.007013282932938904,0.04323116861758164
26051,LOF,0.013919306274424885,0.1682424383940226,0.8178382553315524
26052,LOF,0.01981605932706052,0.21210760956940705,0.7680763311035325
26053,LOF,0.022974095179840556,0.14344310376102237,0.8335828010591371
26054,LOF,0.0484739132139123,0.020317324499164298,0.9312087622869233
26055,LOF,0.056349314892446885,0.021349698763373753,0.9223009863441793
26056,LOF,0.04992164663954346,0.02632706328017166,0.9237512900802848
26057,LOF,0.0313305085475205,0.015025050045417696,0.9536444414070618
26058,LOF,0.03232628388285948,0.013525393678426895,0.9541483224387136
26059,LOF,0.3376698407183996,0.02402695723319604,0.6383032020484043
26060,LOF,0.010845207422847525,0.18029218436642647,0.8088626082107261
26061,LOF,0.005003127352166378,0.01609032663641357,0.9789065460114201
26062,LOF,0.003864278410635095,0.02195315135253653,0.9741825702368284
26063,LOF,0.02258516039574708,0.013459983308377858,0.9639548562958751
26064,LOF,0.0063209818529334,0.02691416953338944,0.9667648486136771
26065,LOF,0.025829746288668333,0.013352394331374876,0.9608178593799569
26066,LOF,0.024122857955236,0.012742734415322183,0.9631344076294419
26067,LOF,0.03027410917111848,0.011602827027188465,0.958123063801693
26068,LOF,0.04196662120999192,0.03571795619649379,0.9223154225935143
26069,LOF,0.31680414469580565,0.022331884704766543,0.6608639705994278
26070,LOF,0.45324257129061907,0.017396905918321347,0.5293605227910596
26071,LOF,0.023841308127510338,0.013868691485014423,0.9622900003874751
26072,LOF,0.005236242323445983,0.024385730134894396,0.9703780275416596
26073,LOF,0.022088518652722964,0.015666828413892834,0.9622446529333842
26074,Neutral,0.9193035636131619,0.007809651666887544,0.07288678471995047
26075,LOF,0.04099974581459973,0.01786249083140633,0.9411377633539939
26076,LOF,0.03550260610490314,0.012655090083198308,0.9518423038118985
26077,LOF,0.10599705685512995,0.010058477118265604,0.8839444660266045
26078,LOF,0.005097239516190171,0.01762705584776268,0.9772757046360471
26079,LOF,0.053209646548755034,0.020570910483640972,0.926219442967604
26080,LOF,0.051259032977211384,0.020607732984215605,0.9281332340385731
26081,LOF,0.02942274386256239,0.009334058299191482,0.9612431978382462
26082,LOF,0.00438925218275736,0.01925519744983389,0.9763555503674086
26083,LOF,0.11108575144876062,0.020496213647156054,0.8684180349040832
26084,LOF,0.041038839686547084,0.017526738073494395,0.9414344222399585
26085,LOF,0.0363959910346096,0.015320349786638985,0.9482836591787515
26086,LOF,0.02316293074331241,0.013833014674126827,0.9630040545825608
26087,LOF,0.02184237503045632,0.011488662755342341,0.9666689622142013
26088,LOF,0.00534008604522504,0.023324844580163435,0.9713350693746117
26089,LOF,0.0376010682768229,0.024742319061749583,0.9376566126614274
26090,LOF,0.03711306426607871,0.02075314048110239,0.9421337952528189
26091,LOF,0.028387973335648596,0.008053743417957301,0.963558283246394
26092,LOF,0.023402515024077707,0.009706324172350381,0.966891160803572
26093,LOF,0.04038495483458352,0.0077680045162996925,0.9518470406491167
26094,LOF,0.03298710056944804,0.007724042362366398,0.9592888570681855
26095,LOF,0.019228115809333115,0.021732266432228208,0.9590396177584387
26096,LOF,0.17085276733774937,0.00796701830017546,0.8211802143620752
26097,LOF,0.004503800762139266,0.04463459252520572,0.950861606712655
26098,LOF,0.07736359003385276,0.02027184734570434,0.902364562620443
26099,LOF,0.02208520035310141,0.017065154988923987,0.9608496446579746
26100,LOF,0.02208520035310141,0.017065154988923987,0.9608496446579746
26101,LOF,0.05559993683840752,0.02320668732648683,0.9211933758351056
26102,LOF,0.02099083204048777,0.016855841925201866,0.9621533260343103
26103,Neutral,0.8368734071727387,0.025617755131193683,0.1375088376960676
26104,LOF,0.06653346095344488,0.029544233896679428,0.9039223051498756
26105,LOF,0.2415717495797865,0.18168814439837738,0.5767401060218361
26106,LOF,0.34011946782978386,0.14462953390406127,0.515250998266155
26107,LOF,0.01840832297661131,0.11368447540812544,0.8679072016152632
26108,LOF,0.33678589064232234,0.04870853703064121,0.6145055723270365
26109,LOF,0.03721285775266075,0.06622278823893588,0.8965643540084035
26110,LOF,0.21138107885651855,0.006941321844363539,0.781677599299118
26111,LOF,0.07007048262574786,0.08114567898459103,0.848783838389661
26112,LOF,0.036763912577689635,0.00816467910638009,0.9550714083159304
26113,LOF,0.06364681734111653,0.017716936433881583,0.918636246225002
26114,LOF,0.07522721652827076,0.011814875468365352,0.9129579080033638
26115,LOF,0.015820577652838074,0.07080416315488862,0.9133752591922734
26116,LOF,0.10305054816132163,0.04347211893865716,0.8534773329000213
26117,LOF,0.41779183334865366,0.03377844325473067,0.5484297233966158
26118,LOF,0.031642562406080835,0.01656570936784815,0.9517917282260709
26119,LOF,0.0048232350316238645,0.04512040713472429,0.9500563578336517
26120,LOF,0.027009674364321352,0.015459219632527083,0.9575311060031515
26121,LOF,0.004269647998096485,0.13266164073163283,0.8630687112702706
