feature0,prediction,LoGoFunc_Neutral,LoGoFunc_GOF,LoGoFunc_LOF
25546,Neutral,0.7366205517015553,0.036253436182641735,0.22712601211580297
25547,Neutral,0.5905639385023589,0.07506793174646034,0.3343681297511807
25548,Neutral,0.5990504420237718,0.05705224910912463,0.34389730886710346
25549,Neutral,0.5249420687176028,0.055178326819597605,0.41987960446279954
25550,LOF,0.355255353964362,0.1215570592700753,0.5231875867655628
25551,LOF,0.27391520202579017,0.13378895419552453,0.5922958437786853
25552,LOF,0.2005162701728978,0.12763575985008757,0.6718479699770146
25553,Neutral,0.8457516832154722,0.027245486273950164,0.12700283051057762
25554,LOF,0.23900274504816882,0.1175109010264907,0.6434863539253405
25555,LOF,0.19811525678623626,0.10374325644961863,0.6981414867641451
25556,LOF,0.4471104231786551,0.09891671058611884,0.4539728662352261
25557,LOF,0.19019345245454783,0.11054997682374505,0.6992565707217072
25558,LOF,0.22308209553657757,0.11747781104574638,0.6594400934176761
25559,LOF,0.3614675074995693,0.11579984388150796,0.5227326486189227
25560,LOF,0.05284144807467493,0.11088017243137085,0.8362783794939542
25561,LOF,0.11738267538394946,0.10967202549394404,0.7729452991221066
25562,LOF,0.0777731012816164,0.0728224300764592,0.8494044686419244
25563,LOF,0.10497024333830553,0.06315593891067756,0.831873817751017
25564,LOF,0.24928421821637572,0.09932677959900353,0.6513890021846208
25565,LOF,0.14591268669585702,0.12840332556823225,0.7256839877359107
25566,GOF,0.01270393164923546,0.7607157890276054,0.22658027932315913
25567,LOF,0.01841340332928617,0.17880179894825407,0.8027847977224597
25568,LOF,0.054541982010888376,0.0652600951811056,0.880197922808006
25569,LOF,0.0587238299904101,0.06568154562683412,0.8755946243827558
25570,LOF,0.05881989975945471,0.09248781101688341,0.8486922892236619
25571,LOF,0.05132989155660075,0.08872651080372869,0.8599435976396704
25572,LOF,0.06768337137650493,0.11059149849824094,0.8217251301252542
25573,LOF,0.03382861728958067,0.09805599200942311,0.8681153907009962
25574,LOF,0.020091578305905064,0.1566609317240074,0.8232474899700876
25575,LOF,0.042569688981640035,0.10557450083580544,0.8518558101825545
25576,LOF,0.017899986772777474,0.12766388747929655,0.8544361257479258
25577,LOF,0.017375039701723317,0.11412859729281807,0.8684963630054586
25578,LOF,0.2955909361306405,0.08149431222400741,0.622914751645352
25579,LOF,0.15723867498077884,0.09412054538194205,0.7486407796372792
25580,LOF,0.03039160924786919,0.07727499307485385,0.8923333976772769
25581,LOF,0.0516972119529784,0.06863431793836357,0.879668470108658
25582,LOF,0.051295017307983456,0.06670858292730653,0.8819963997647101
25583,LOF,0.03691985325354106,0.09012339655051596,0.872956750195943
25584,Neutral,0.47173909336919934,0.10030235750689065,0.42795854912391007
25585,LOF,0.0212871297679051,0.12184094967769499,0.8568719205544
25586,LOF,0.028586404214625,0.07226876144933621,0.8991448343360388
25587,LOF,0.02921241005203167,0.06590798274131783,0.9048796072066505
25588,LOF,0.02980244353704685,0.0816853336853738,0.8885122227775794
25589,Neutral,0.6166860370216758,0.12268078675628509,0.2606331762220391
25590,LOF,0.03386430298822179,0.12216981621487574,0.8439658807969024
25591,LOF,0.08738034467960606,0.05857051017147184,0.8540491451489222
25592,LOF,0.09584161753242369,0.12846369291311072,0.7756946895544657
25593,LOF,0.031236558118495312,0.25469625250197814,0.7140671893795265
25594,LOF,0.04519243822701338,0.17470666364101917,0.7801008981319674
25595,LOF,0.055469856634955905,0.12484947980039683,0.8196806635646473
25596,LOF,0.0580617110942723,0.10204700909919534,0.8398912798065324
25597,LOF,0.03997606294052478,0.10125792817576475,0.8587660088837104
25598,LOF,0.05209206758824,0.13095839882647542,0.8169495335852845
25599,GOF,0.007918978707993556,0.5953047968610081,0.39677622443099825
25600,GOF,0.013855670135910686,0.5820528951586257,0.40409143470546366
25601,LOF,0.010280478884908548,0.44937335553638524,0.5403461655787062
25602,LOF,0.028330345434863326,0.043810354060391146,0.9278593005047456
25603,LOF,0.05878587344660763,0.022852986277948184,0.9183611402754442
25604,LOF,0.03406544174017335,0.0439599478644763,0.9219746103953503
25605,LOF,0.010041114434768066,0.21683442932769018,0.7731244562375419
25606,LOF,0.08592734964622839,0.3656949080438091,0.5483777423099625
25607,LOF,0.006104206854532021,0.18502609317476484,0.8088696999707031
25608,LOF,0.018244790910982005,0.09693781649298684,0.8848173925960311
25609,LOF,0.05067757427550701,0.4294492732506169,0.5198731524738761
25610,LOF,0.031904422990116935,0.028067579833828318,0.9400279971760547
25611,LOF,0.03852766717443178,0.02580311957570998,0.9356692132498582
25612,LOF,0.09285597693591313,0.042243226914730946,0.864900796149356
25613,LOF,0.08136695035876235,0.04437063542314941,0.8742624142180883
25614,LOF,0.026463982761466616,0.036377173426408546,0.9371588438121248
25615,LOF,0.033796710040440665,0.052434402920978986,0.9137688870385803
25616,LOF,0.025443633959715356,0.03402562158735575,0.940530744452929
25617,LOF,0.026562190141782713,0.036705865430336264,0.9367319444278809
25618,LOF,0.14590748965258876,0.03287104296823442,0.8212214673791769
25619,LOF,0.028464400282746334,0.03424417824361073,0.9372914214736429
25620,LOF,0.03213218321614194,0.04298055684700813,0.9248872599368498
25621,LOF,0.02911300851718942,0.033053004410502566,0.937833987072308
25622,LOF,0.03390838900077938,0.04151230179448476,0.924579309204736
25623,LOF,0.0498380166611459,0.03406438571463813,0.9160975976242159
25624,LOF,0.024267493415937716,0.043927160127301065,0.9318053464567613
25625,LOF,0.03593518046141487,0.04762035716270907,0.9164444623758761
25626,LOF,0.07598446800789121,0.03948354111425993,0.8845319908778487
25627,Neutral,0.5374479299283385,0.11646658805181251,0.3460854820198491
25628,LOF,0.2108443129165627,0.0524768076401742,0.7366788794432632
25629,LOF,0.06317483021346414,0.058207385097691335,0.8786177846888445
25630,LOF,0.20583292928041033,0.07470840324818283,0.7194586674714067
25631,Neutral,0.6225580568441313,0.058549283145430814,0.31889266001043776
25632,LOF,0.012948710602630585,0.11969000339348491,0.8673612860038845
25633,LOF,0.10625111368152214,0.09688165437967038,0.7968672319388076
25634,LOF,0.03177543321708898,0.12800542377917423,0.8402191430037368
25635,LOF,0.03536205099104485,0.10192709005184987,0.8627108589571054
25636,GOF,0.0039002893806515337,0.6657020438616102,0.33039766675773824
25637,GOF,0.0037868845051609677,0.6870591047149955,0.30915401077984356
25638,LOF,0.006697776014204863,0.42929101731929936,0.5640112066664958
25639,GOF,0.0036410069139299708,0.5352596417814295,0.46109935130464064
25640,Neutral,0.4723691601048931,0.45646374715553084,0.07116709273957603
25641,LOF,0.007529033566401488,0.36836426681137724,0.6241066996222213
25642,LOF,0.22450421673392043,0.07570967542526087,0.6997861078408186
25643,LOF,0.26716262561478876,0.18649246226736604,0.5463449121178452
25644,GOF,0.015859435008904132,0.5243941773074348,0.4597463876836611
25645,LOF,0.012800640896748575,0.48915592264805535,0.498043436455196
25646,LOF,0.018312741445457227,0.3395714235301409,0.6421158350244018
25647,LOF,0.015293884669779337,0.28980534439677036,0.6949007709334504
25648,LOF,0.014154496181363151,0.2926228041160152,0.6932226997026216
25649,LOF,0.011412065566594258,0.22578884982258615,0.7627990846108197
25650,GOF,0.028800112476518185,0.4896582308174921,0.4815416567059897
25651,LOF,0.008707955187746032,0.29760046171492444,0.6936915830973296
25652,LOF,0.012922868450492401,0.2675543956950437,0.7195227358544639
25653,LOF,0.047591223787938695,0.36072402904220013,0.5916847471698611
25654,LOF,0.015294223072673042,0.15860282422272437,0.8261029527046027
25655,LOF,0.06928710561950287,0.4195603101595875,0.5111525842209096
25656,LOF,0.10404940553865485,0.06432464528241463,0.8316259491789305
25657,LOF,0.3171112274671686,0.030913447973243167,0.6519753245595883
25658,LOF,0.050302569728591554,0.09610255784254171,0.8535948724288668
25659,LOF,0.36268647228686657,0.061506520590624156,0.5758070071225093
25660,LOF,0.06486217850407751,0.10195792009648805,0.8331799013994345
25661,LOF,0.044720888544227996,0.07506492297866653,0.8802141884771055
25662,LOF,0.026662680642722446,0.05048081655678074,0.9228565028004968
25663,LOF,0.037890398902301906,0.074219536975621,0.8878900641220772
25664,LOF,0.044355470257754055,0.08536208622606525,0.8702824435161807
25665,LOF,0.056506930092110566,0.0481630761924716,0.8953299937154179
25666,LOF,0.0389074157131798,0.13242493838491082,0.8286676459019094
25667,LOF,0.03137146222609845,0.0548630356848824,0.9137655020890191
25668,LOF,0.031776575638047956,0.05982260900515681,0.9084008153567952
25669,LOF,0.03951897466146962,0.0895023026210925,0.8709787227174379
25670,LOF,0.07195947890196659,0.0968744672405767,0.8311660538574568
25671,LOF,0.03908409767833272,0.04956401167262008,0.9113518906490471
25672,LOF,0.06125161005189451,0.06674551917629179,0.8720028707718137
25673,LOF,0.04533451522030369,0.07387554862799077,0.8807899361517055
25674,LOF,0.0417005671855496,0.07557596341625003,0.8827234693982003
25675,LOF,0.05291935479171124,0.060358352753360676,0.8867222924549282
25676,LOF,0.03243898407532498,0.060549750648600936,0.9070112652760742
25677,LOF,0.06140890493142447,0.06854646794146672,0.8700446271271087
25678,LOF,0.2774638257364031,0.039034965004386836,0.6835012092592101
25679,LOF,0.19089487372171798,0.06572711183776586,0.7433780144405161
25680,LOF,0.057369370966927645,0.10351723343359577,0.8391133955994765
25681,LOF,0.09930304317634743,0.09560321083253007,0.8050937459911225
25682,LOF,0.044252681397836884,0.0823537964206428,0.8733935221815203
25683,LOF,0.10615855048299026,0.08646363829205857,0.8073778112249511
25684,LOF,0.05751086456555318,0.08075878467482187,0.8617303507596249
25685,LOF,0.10458025424655448,0.037801749607101795,0.8576179961463437
25686,LOF,0.04717987718393391,0.09795780786594172,0.8548623149501243
25687,LOF,0.048507043096151364,0.08013868838313702,0.8713542685207116
25688,LOF,0.027171283396207065,0.08749307430550382,0.8853356422982891
25689,LOF,0.018703627897831723,0.07139705634457981,0.9098993157575885
25690,LOF,0.020663537677812663,0.09034232900998816,0.8889941333121991
25691,LOF,0.21489864884654997,0.12523199292701961,0.6598693582264304
25692,LOF,0.28703595211334904,0.009651257692840576,0.7033127901938104
25693,LOF,0.09256891421482144,0.14710404361813606,0.7603270421670426
25694,LOF,0.24940813441348084,0.01642261554507491,0.7341692500414443
25695,LOF,0.15438137006279284,0.024282161154311453,0.8213364687828957
25696,LOF,0.17873735504046484,0.009952308986760671,0.8113103359727745
25697,LOF,0.14012851618953728,0.02859261210500448,0.8312788717054582
25698,LOF,0.03168230520837295,0.38599937438710136,0.5823183204045257
25699,LOF,0.059857800227924425,0.09953095474564622,0.8406112450264294
25700,LOF,0.031867051096396364,0.010286518060920055,0.9578464308426836
25701,LOF,0.014221117658585362,0.08078895828378861,0.9049899240576259
25702,GOF,0.036339880809544776,0.7550702574265248,0.20858986176393035
25703,LOF,0.015531963193163117,0.20680103365975924,0.7776670031470777
25704,LOF,0.10078359001977494,0.15728486926553176,0.7419315407146934
25705,LOF,0.05639096360290691,0.24745649479826073,0.6961525415988324
25706,GOF,0.05092011388466428,0.6085821577068378,0.34049772840849796
25707,GOF,0.027363344382100516,0.5255538115854737,0.4470828440324257
25708,LOF,0.008649758210661752,0.4419040480929711,0.5494461936963672
25709,LOF,0.018802793647746643,0.06960749601293874,0.9115897103393146
25710,LOF,0.010421707463661558,0.16676711347334383,0.8228111790629946
25711,LOF,0.02085693486634471,0.1295797089017874,0.849563356231868
25712,LOF,0.01002753053988125,0.23789185897814188,0.7520806104819768
25713,LOF,0.018602947566112884,0.1114882342606776,0.8699088181732095
25714,LOF,0.019956718619210313,0.15781529245020073,0.8222279889305889
25715,LOF,0.019595833528113154,0.12439044875361131,0.8560137177182755
25716,LOF,0.011354408220122668,0.13326568825365942,0.855379903526218
25717,LOF,0.006609733385528144,0.132479071687467,0.8609111949270049
25718,LOF,0.019054174406375465,0.07865205605811051,0.902293769535514
25719,LOF,0.03389209513985674,0.09395594857937213,0.8721519562807711
25720,LOF,0.02339430505011557,0.10156746106521665,0.8750382338846678
25721,LOF,0.024508109982224704,0.10498073400665248,0.8705111560111229
25722,LOF,0.018268864089083556,0.13479037773312516,0.8469407581777912
25723,LOF,0.021040156446870382,0.07743395526796619,0.9015258882851634
25724,LOF,0.0335485807362685,0.1105478021405067,0.8559036171232249
25725,LOF,0.022290269666662144,0.07218413025783989,0.905525600075498
25726,LOF,0.015866884554872736,0.1044648215470137,0.8796682938981135
25727,LOF,0.019647027772670585,0.09529411603330823,0.8850588561940211
25728,LOF,0.018817492820223602,0.10606399212526732,0.875118515054509
25729,LOF,0.019200120727749924,0.11119195273136796,0.8696079265408821
25730,LOF,0.02052490177693833,0.0878013181924625,0.8916737800305993
25731,LOF,0.01095222690202507,0.18431461872709656,0.8047331543708783
25732,LOF,0.01950923236745034,0.09358461152704509,0.8869061561055046
25733,LOF,0.030055271343683673,0.08809970394776327,0.8818450247085531
25734,LOF,0.007619008003212803,0.2229807465304974,0.7694002454662898
25735,LOF,0.023914652901733568,0.08042990507190702,0.8956554420263594
25736,LOF,0.022097213123732206,0.12220689107211456,0.8556958958041533
25737,LOF,0.04105789594297113,0.10648910700242158,0.8524529970546073
25738,LOF,0.021130779343492827,0.14997049121256256,0.8288987294439446
25739,LOF,0.022454187245573045,0.1503775895762004,0.8271682231782266
25740,LOF,0.05278178978703877,0.14532418640714292,0.8018940238058183
25741,LOF,0.027052212665502926,0.11993292211661545,0.8530148652178817
25742,LOF,0.03562072954826306,0.14186670981481497,0.8225125606369219
25743,LOF,0.013269449829290061,0.04166782120774243,0.9450627289629675
25744,LOF,0.15853276742983635,0.4165535994386963,0.42491363313146735
25745,LOF,0.023379168555911184,0.06939264574867807,0.9072281856954107
25746,LOF,0.01254668069738551,0.08350478397314146,0.9039485353294732
25747,LOF,0.035736378854029104,0.03598150081864438,0.9282821203273266
25748,LOF,0.2109126444668853,0.05975129187180291,0.7293360636613119
25749,LOF,0.01453089278745088,0.05453566639770607,0.9309334408148431
25750,LOF,0.015544286410640144,0.08791218953960107,0.8965435240497588
25751,LOF,0.042472060326866276,0.07068684496129893,0.8868410947118349
25752,GOF,0.09526811245616339,0.6782051917047321,0.22652669583910454
25753,LOF,0.008164648176738867,0.37808633549534076,0.6137490163279204
25754,GOF,0.005202667364832512,0.8663272355580488,0.1284700970771186
25755,LOF,0.010452645686900276,0.4421861030849124,0.5473612512281874
25756,LOF,0.046788698038707006,0.45303128814047616,0.5001800138208168
25757,GOF,0.006895541141634889,0.8816680076623055,0.11143645119605969
25758,GOF,0.008876045552097336,0.8731455280569826,0.11797842639091996
25759,GOF,0.005396013897710396,0.5677858188411171,0.42681816726117244
25760,LOF,0.008079083598833643,0.30420189719011687,0.6877190192110495
25761,GOF,0.04977083166293478,0.8436331266817128,0.10659604165535247
25762,LOF,0.027131940391159546,0.3840608098943021,0.5888072497145385
25763,LOF,0.009297073138115109,0.2589753007681953,0.7317276260936896
25764,GOF,0.09361891134451827,0.6155898001842981,0.2907912884711836
25765,GOF,0.008398000352476802,0.8508319987834465,0.1407700008640767
25766,GOF,0.029853716337745296,0.8244172871266645,0.1457289965355902
25767,GOF,0.014070524115521003,0.5489239532623963,0.4370055226220827
25768,LOF,0.037193661344611564,0.08218644714677287,0.8806198915086155
25769,LOF,0.023100451394934954,0.08505422791403569,0.8918453206910293
25770,LOF,0.1551210763452593,0.07053308100288333,0.7743458426518575
25771,LOF,0.013828626366768106,0.09019367037262846,0.8959777032606036
25772,LOF,0.023933665042924913,0.032513288035969035,0.943553046921106
25773,LOF,0.014338378361560234,0.0732545608672875,0.9124070607711522
25774,LOF,0.02612341652629894,0.10486061331271256,0.8690159701609885
25775,LOF,0.020413489406932935,0.04558891087615896,0.9339975997169081
25776,LOF,0.027045162113266286,0.02882279205244178,0.9441320458342919
25777,LOF,0.1824739409544682,0.0784929627451036,0.7390330963004282
25778,LOF,0.019639378524666355,0.05971560629935305,0.9206450151759805
25779,GOF,0.04230078677743176,0.8985721980523481,0.05912701517022022
25780,GOF,0.06497184040469071,0.8848383926807204,0.05018976691458883
25781,GOF,0.024422489139712712,0.8830603828617843,0.09251712799850288
25782,GOF,0.03137128589811567,0.9118560057957322,0.056772708306152234
25783,GOF,0.018870017457652658,0.7864848044371453,0.19464517810520202
25784,GOF,0.10896835745636839,0.8574199844905822,0.03361165805304938
25785,GOF,0.07225426873647955,0.888046571277307,0.03969915998621348
25786,GOF,0.005631423820108906,0.8464839181699673,0.14788465800992387
25787,GOF,0.17034227824250817,0.7995870234282076,0.03007069832928413
25788,LOF,0.015445611115310303,0.20314035887022,0.7814140300144696
25789,GOF,0.01854795816111926,0.8707709783763432,0.11068106346253762
25790,GOF,0.02147723643054418,0.8830977105373498,0.09542505303210597
25791,GOF,0.01426315415615606,0.8383124792828915,0.14742436656095242
25792,GOF,0.024296353277531112,0.8486081356620414,0.12709551106042752
25793,GOF,0.07479413668746172,0.8511082390952137,0.07409762421732459
25794,GOF,0.05263868366035785,0.7963319652973525,0.15102935104228973
25795,GOF,0.038088059926959225,0.7950095341053802,0.16690240596766046
25796,GOF,0.0737995573853271,0.8319182416184654,0.09428220099620759
25797,GOF,0.028676156847503492,0.7228199767693594,0.24850386638313712
25798,GOF,0.003049025302628616,0.6771059971168343,0.31984497758053704
25799,GOF,0.0031718385607862176,0.5724788067371707,0.42434935470204305
25800,GOF,0.011727386119922759,0.7600830715892182,0.22818954229085905
25801,GOF,0.017529602940808568,0.8960282126727032,0.08644218438648815
25802,GOF,0.021580360742705817,0.8236649027170415,0.15475473654025274
25803,GOF,0.010789833531345527,0.7305133567034976,0.2586968097651568
25804,GOF,0.013260807237205484,0.6565035529848672,0.3302356397779273
25805,GOF,0.019741865106616584,0.7474394670721244,0.232818667821259
25806,GOF,0.01718430976353072,0.7989079019842158,0.18390778825225354
25807,GOF,0.005138215449146801,0.748826540597408,0.24603524395344514
25808,GOF,0.013596348306904097,0.7758287352262986,0.2105749164667972
25809,GOF,0.006343832556216606,0.7490598778629103,0.2445962895808733
25810,GOF,0.005244825891523102,0.7512518758523811,0.24350329825609587
25811,GOF,0.04818886216993917,0.8883642402065167,0.06344689762354423
25812,GOF,0.016647306013926326,0.7551462646299214,0.2282064293561521
25813,GOF,0.10236380650204113,0.8127274360616824,0.08490875743627645
25814,GOF,0.024704069545055753,0.8053587819066642,0.16993714854827996
25815,GOF,0.03836740319532845,0.8541785177319663,0.10745407907270534
25816,GOF,0.00724081721627512,0.864135176169592,0.1286240066141328
25817,GOF,0.08570918458212409,0.8009371378586665,0.11335367755920946
25818,GOF,0.024851972483765625,0.8243743157862774,0.15077371172995707
25819,GOF,0.06334345055326641,0.7785713678748666,0.15808518157186707
25820,GOF,0.03217104936063942,0.7791365014564503,0.1886924491829103
25821,GOF,0.01928664861371487,0.7726585153471356,0.20805483603914957
25822,GOF,0.03720985690939741,0.7916508153121844,0.17113932777841828
25823,GOF,0.014005288929322308,0.6689253168139453,0.3170693942567324
25824,GOF,0.024762842130383017,0.7786362530364115,0.19660090483320544
25825,GOF,0.014761575573320456,0.7624267358751915,0.2228116885514881
25826,GOF,0.005499501119251041,0.7417804513560496,0.2527200475246993
25827,GOF,0.007162029824666313,0.7193899739704581,0.27344799620487564
25828,GOF,0.005336663258702032,0.6876605234326834,0.30700281330861456
25829,GOF,0.0028790138492936403,0.7290821110860939,0.2680388750646125
25830,GOF,0.03907061015248694,0.5355364116148102,0.42539297823270283
25831,GOF,0.043808768151262646,0.849318828362312,0.10687240348642539
25832,GOF,0.009611374418183237,0.8224957934028144,0.16789283217900233
25833,GOF,0.03433176140405111,0.8603980453913102,0.1052701932046388
25834,GOF,0.009269697767533775,0.8364520190217287,0.1542782832107374
25835,GOF,0.017617279632324026,0.8696463885250586,0.11273633184261746
25836,GOF,0.007025788526545399,0.8382433671989755,0.15473084427447906
25837,GOF,0.007029694847580095,0.746152559650261,0.24681774550215893
25838,GOF,0.02066595824261767,0.8795941322378369,0.09973990951954544
25839,GOF,0.04191312953865041,0.8649921911871827,0.09309467927416688
25840,GOF,0.05816709104437049,0.859515408083629,0.08231750087200043
25841,GOF,0.056535807059849015,0.8689995974127903,0.07446459552736072
25842,GOF,0.024629074895580392,0.9071180112115032,0.06825291389291639
25843,GOF,0.026264220392390705,0.910033194781122,0.06370258482648745
25844,GOF,0.016392229928688634,0.8665377498562122,0.11707002021509906
25845,GOF,0.006019310179961794,0.6932490856410384,0.3007316041789998
25846,GOF,0.03891144334264237,0.8817851927551836,0.07930336390217392
25847,GOF,0.02047085103433153,0.9125698684017691,0.06695928056389946
25848,GOF,0.017099039854716357,0.8703717277499252,0.11252923239535834
25849,GOF,0.0052177207931893375,0.7670550604456511,0.22772721876115967
25850,GOF,0.006753947243906712,0.7811779967214922,0.21206805603460094
25851,GOF,0.005669058420576085,0.6723805119922104,0.32195042958721354
25852,GOF,0.12478788071190089,0.6442067866536442,0.2310053326344549
25853,GOF,0.07026008257843291,0.8512626026474772,0.07847731477408999
25854,GOF,0.005751386317993333,0.7408662407725854,0.2533823729094212
25855,GOF,0.01681980973676367,0.6694380514080277,0.3137421388552087
25856,GOF,0.038156534010509835,0.8190957348362107,0.14274773115327952
25857,GOF,0.014436258331168997,0.6638715768501667,0.32169216481866425
25858,GOF,0.00912642499168874,0.6689202403804737,0.32195333462783754
25859,GOF,0.005823237553835919,0.6471161690759296,0.3470605933702344
25860,GOF,0.07198551028984533,0.8406131932063328,0.08740129650382178
25861,GOF,0.0742205725265149,0.8405944048637045,0.08518502260978048
25862,GOF,0.02161204911014989,0.8730205316215857,0.10536741926826447
25863,GOF,0.020572110453983033,0.885253669775517,0.09417421977049996
25864,GOF,0.04378797729128464,0.8939511382622929,0.06226088444642255
25865,GOF,0.027869119686003006,0.8591532137769345,0.11297766653706233
25866,GOF,0.024165113008670643,0.8768775582750227,0.09895732871630657
25867,GOF,0.03006761321521574,0.8881327106413008,0.08179967614348344
25868,GOF,0.05020124934713492,0.8545121086759491,0.09528664197691604
25869,GOF,0.3365368925536043,0.6104060819266106,0.05305702551978503
25870,GOF,0.07010370114955035,0.7264907548971427,0.20340554395330696
25871,GOF,0.011654096751585004,0.8941927397479801,0.09415316350043502
25872,GOF,0.020312856086741455,0.8809771647723138,0.0987099791409448
25873,GOF,0.020277697980714417,0.8984833448449004,0.08123895717438523
25874,LOF,0.016846433262524253,0.22580104892974695,0.7573525178077288
25875,LOF,0.04727952249868248,0.048531727419334855,0.9041887500819827
25876,LOF,0.021303968437734883,0.04264929699726356,0.9360467345650014
25877,LOF,0.10947191292655647,0.08561409578786283,0.8049139912855807
25878,LOF,0.073211227419443,0.11729727607926384,0.8094914965012933
25879,LOF,0.028357841185764333,0.08962873572459754,0.882013423089638
25880,LOF,0.0560874326394774,0.013879722790722483,0.9300328445698002
25881,Neutral,0.537409169166893,0.07276701800533107,0.38982381282777595
25882,LOF,0.045786959755415184,0.030909338320933743,0.923303701923651
25883,LOF,0.028798870005467825,0.023924385584342425,0.9472767444101897
25884,LOF,0.027805375271894504,0.04487358544362698,0.9273210392844785
25885,LOF,0.20362827160974772,0.012674114762072284,0.7836976136281799
25886,LOF,0.1740352566698642,0.05423087081232845,0.7717338725178072
25887,LOF,0.19082988632233605,0.0637756683028625,0.7453944453748014
25888,LOF,0.01228487058871209,0.14543334681596165,0.8422817825953263
25889,LOF,0.03194244717449044,0.031221224150112966,0.9368363286753966
25890,LOF,0.12217122135976324,0.13083556425369638,0.7469932143865405
25891,LOF,0.09600452559245831,0.02272003129007073,0.8812754431174709
25892,LOF,0.00921782735791676,0.03125001313095352,0.9595321595111298
25893,LOF,0.386634018173473,0.008567884319803737,0.6047980975067232
25894,LOF,0.43913898583339883,0.0052917149830469115,0.5555692991835544
25895,LOF,0.3266158870625408,0.011542048459761096,0.6618420644776981
25896,LOF,0.0644680708058777,0.015655675944389366,0.9198762532497329
25897,LOF,0.16917860592740927,0.008672573825781633,0.822148820246809
25898,LOF,0.2050623323851041,0.02850848456250386,0.7664291830523919
25899,LOF,0.38851162152867386,0.017105841428492165,0.5943825370428341
25900,LOF,0.4538781359215951,0.007955551170411029,0.538166312907994
25901,LOF,0.06592203669801472,0.007390755849874951,0.9266872074521103
25902,LOF,0.17831945466493582,0.009186304981346797,0.8124942403537174
25903,LOF,0.3995183036345204,0.021927952088975997,0.5785537442765036
25904,Neutral,0.4947419095274427,0.02305380688661694,0.48220428358594036
25905,LOF,0.004664615007399725,0.4542504983419594,0.5410848866506409
25906,LOF,0.009967486345941162,0.09920040451790986,0.890832109136149
25907,LOF,0.005134350902971974,0.3300767722858216,0.6647888768112064
25908,LOF,0.0046547318339444435,0.24419215146809403,0.7511531166979615
25909,LOF,0.02572148386682191,0.14506811306959075,0.8292104030635873
25910,LOF,0.0106694231946579,0.12647003995699063,0.8628605368483515
25911,LOF,0.3116957875196039,0.03800167807382009,0.6503025344065759
25912,LOF,0.0670591419449557,0.05511528563375603,0.8778255724212882
25913,LOF,0.04158573431735746,0.0792096248700855,0.879204640812557
25914,LOF,0.037657600319586704,0.04494301069325977,0.9173993889871535
25915,LOF,0.16404437375218572,0.20455724238674639,0.631398383861068
25916,LOF,0.03194654810758188,0.1388911640660592,0.8291622878263588
25917,LOF,0.07409673604788344,0.04068264350325233,0.8852206204488642
25918,LOF,0.04486783489233138,0.026728065811258528,0.92840409929641
25919,LOF,0.03908376750063017,0.02623457504150063,0.9346816574578691
25920,LOF,0.20240646647612895,0.21931587648607065,0.5782776570378004
25921,LOF,0.017146395082269384,0.03539066496361655,0.947462939954114
25922,LOF,0.022442576543194936,0.030832326171249088,0.946725097285556
25923,LOF,0.470010174140003,0.028249204971997097,0.5017406208879999
25924,LOF,0.025165583443560804,0.04882121937399073,0.9260131971824485
25925,LOF,0.0841200410805324,0.04212789030720488,0.8737520686122627
25926,LOF,0.06152038491281159,0.04134148499927811,0.8971381300879102
25927,LOF,0.026421115395134562,0.06666806237846606,0.9069108222263993
25928,LOF,0.01110621514935536,0.05301543306805396,0.9358783517825907
25929,Neutral,0.5535731305030688,0.027730192115432404,0.41869667738149885
25930,LOF,0.08324282070429517,0.0284537821418989,0.8883033971538059
25931,LOF,0.014814556153586098,0.03807515558934017,0.9471102882570738
25932,LOF,0.0671630654208279,0.029481907757144064,0.903355026822028
25933,LOF,0.06685793353670832,0.01886745244811606,0.9142746140151756
25934,LOF,0.06297296034172721,0.01789339616938093,0.9191336434888919
25935,LOF,0.07002696330806218,0.05466530709427158,0.8753077295976662
25936,LOF,0.10189078287431516,0.0192016593116011,0.8789075578140837
25937,LOF,0.0165738706787212,0.03432509402656556,0.9491010352947132
25938,LOF,0.07217075200704533,0.05061512258625668,0.8772141254066981
25939,LOF,0.046567274942812785,0.02270766053809373,0.9307250645190934
25940,LOF,0.008548739146376503,0.3661088217949834,0.6253424390586403
25941,Neutral,0.5060568557486927,0.03989038082689483,0.45405276342441236
25942,LOF,0.008926852569480578,0.052077122350489564,0.9389960250800299
25943,LOF,0.039079557894208215,0.20204598997624776,0.7588744521295441
25944,LOF,0.061079240556509116,0.08762606550662284,0.851294693936868
25945,LOF,0.11899103548228339,0.02141796767849662,0.85959099683922
25946,LOF,0.07189329290689683,0.04023529253103097,0.8878714145620722
25947,Neutral,0.4837847015168191,0.10985622802910626,0.4063590704540747
25948,LOF,0.447377237293792,0.01569024270404823,0.5369325200021599
25949,LOF,0.14071545153671045,0.08117433282947852,0.7781102156338111
25950,GOF,0.06791877653553219,0.6128134536662995,0.3192677697981683
25951,LOF,0.013697096186565096,0.4547692602393788,0.531533643574056
25952,LOF,0.28874702213965425,0.3173201529351062,0.3939328249252395
25953,LOF,0.00758503879639439,0.19985302437725416,0.7925619368263513
25954,GOF,0.08520413999721357,0.5237113917167372,0.3910844682860493
25955,LOF,0.007236337029934494,0.1736317628874919,0.8191319000825735
25956,LOF,0.018435652145780367,0.25485619260490827,0.7267081552493113
25957,LOF,0.18505568019190294,0.033917009879236994,0.78102730992886
25958,LOF,0.034875258121762266,0.040027051298846573,0.9250976905793912
25959,GOF,0.017361710480214815,0.6389222495852036,0.3437160399345816
25960,LOF,0.0074502523874393324,0.06328666424358857,0.9292630833689721
25961,LOF,0.0337184534906872,0.036819238008236575,0.9294623085010763
25962,LOF,0.04189460062369281,0.06378109982495463,0.8943242995513526
25963,LOF,0.005152992050507725,0.202165353792554,0.7926816541569383
25964,LOF,0.028852261369255654,0.11793133444447608,0.8532164041862682
25965,LOF,0.2697359258827924,0.1059484768331302,0.6243155972840774
25966,Neutral,0.4744016866569097,0.14435047919259056,0.3812478341504998
25967,LOF,0.009756266081963885,0.08048579825057754,0.9097579356674586
25968,LOF,0.04522222209167232,0.2466978234853887,0.708079954422939
25969,LOF,0.14507003215037387,0.05343361642729329,0.8014963514223329
25970,LOF,0.022740997118813115,0.09105376207575698,0.8862052408054298
25971,LOF,0.08401110945395122,0.028754087219202598,0.8872348033268462
25972,LOF,0.06528291064469374,0.05014664993510064,0.8845704394202055
25973,LOF,0.06570312403822921,0.008930628775761461,0.9253662471860093
25974,LOF,0.04959326764957455,0.037625833369619055,0.9127808989808064
25975,LOF,0.046884429402444784,0.01686582176748962,0.9362497488300657
25976,LOF,0.08863015885818816,0.009822856022668632,0.9015469851191433
25977,LOF,0.2202459594820302,0.0656905328841608,0.714063507633809
25978,LOF,0.18579273025038953,0.12979723726491174,0.6844100324846987
25979,LOF,0.1531990138905786,0.14247823897943718,0.7043227471299841
25980,LOF,0.272517655406703,0.18819735898003914,0.5392849856132578
25981,LOF,0.27318173190005696,0.18959173860170758,0.5372265294982354
25982,Neutral,0.4840155758607003,0.09307346265895469,0.42291096148034496
25983,Neutral,0.4938705656455992,0.11289650682821391,0.3932329275261869
25984,LOF,0.04072874019505803,0.09816551407548058,0.8611057457294614
25985,LOF,0.39862623146807974,0.1349150321560305,0.46645873637588964
25986,LOF,0.013169332460831764,0.4036299667165085,0.5832007008226596
25987,LOF,0.06170832289137346,0.09793396412451262,0.840357712984114
25988,LOF,0.04121193742848181,0.15698799024443863,0.8018000723270796
25989,LOF,0.04011309942002895,0.1929010532461984,0.7669858473337727
25990,LOF,0.04132529612314584,0.3006005471075319,0.6580741567693222
25991,LOF,0.031194531679954732,0.41352570336828226,0.555279764951763
25992,LOF,0.0238560400623136,0.4370964287298941,0.5390475312077924
25993,LOF,0.02931340371399648,0.08850549453630038,0.8821811017497031
25994,LOF,0.024154419867044485,0.08389189614130951,0.891953683991646
25995,LOF,0.021298819894695363,0.15106355317095208,0.8276376269343526
25996,Neutral,0.34465884907324434,0.3157176002937796,0.339623550632976
25997,LOF,0.06743918017254487,0.38603930016960025,0.5465215196578548
25998,LOF,0.25244885755824625,0.04291036827287644,0.7046407741688774
25999,LOF,0.023369941938931046,0.1831956088267233,0.7934344492343457
26000,LOF,0.17380051264262555,0.031860192666872164,0.7943392946905024
26001,LOF,0.2426050663342159,0.04833480027636232,0.7090601333894218
26002,LOF,0.1318097926171719,0.05148806318231399,0.8167021442005141
26003,GOF,0.0056817227746343854,0.6662025923609947,0.3281156848643709
26004,GOF,0.00791843585813929,0.7099078891494278,0.28217367499243284
26005,GOF,0.0038815811878156847,0.5254221050670418,0.4706963137451426
26006,GOF,0.12245383237319715,0.5742294218526762,0.3033167457741266
26007,GOF,0.008681194748241668,0.5486617565290728,0.4426570487226855
26008,GOF,0.005921859296249611,0.6269763843726879,0.3671017563310625
26009,GOF,0.008975227866231356,0.6892925821919729,0.3017321899417958
26010,GOF,0.008064642060461471,0.6263094272333044,0.3656259307062342
26011,LOF,0.003489157549647763,0.48263524344945613,0.5138755990008961
26012,GOF,0.00506034178565687,0.5388293102235993,0.4561103479907439
26013,GOF,0.0066187798877164515,0.6067083186585388,0.3866729014537448
26014,LOF,0.05334742479385965,0.1237407155672433,0.822911859638897
26015,LOF,0.3804876831979033,0.026013934948951607,0.5934983818531451
26016,LOF,0.32337311498293214,0.04957410838714449,0.6270527766299234
26017,LOF,0.022607048707703248,0.22470316860930795,0.7526897826829888
26018,LOF,0.024838693816949867,0.05996868117060737,0.9151926250124428
26019,LOF,0.024922049518025614,0.052233807056506446,0.9228441434254679
26020,LOF,0.010640880800442456,0.21871007623656855,0.7706490429629891
26021,LOF,0.07602514569762411,0.0775665782163877,0.8464082760859881
26022,LOF,0.04044842467203286,0.03135139068809969,0.9282001846398675
26023,LOF,0.028083394529762606,0.037793099748882834,0.9341235057213545
26024,LOF,0.0454717425061382,0.07808992503742926,0.8764383324564325
26025,LOF,0.06654088852019945,0.08735416314103674,0.8461049483387638
26026,LOF,0.12169022982777877,0.06910814210502268,0.8092016280671985
26027,LOF,0.02446907350660988,0.028570197842513845,0.9469607286508763
26028,LOF,0.13485481250409198,0.14012660510288097,0.725018582393027
26029,LOF,0.021528839363393976,0.20450071814109055,0.7739704424955154
26030,LOF,0.18430971721291523,0.02205851066442506,0.7936317721226597
26031,LOF,0.010232800966396147,0.16853931123008456,0.8212278878035193
26032,LOF,0.04265946643155165,0.052744810010847624,0.9045957235576008
26033,LOF,0.0668589863084588,0.04738603427666915,0.885754979414872
26034,LOF,0.01377363903490897,0.15399331410703343,0.8322330468580575
26035,LOF,0.011948673427854642,0.11321143595272753,0.8748398906194177
26036,LOF,0.011660112428483211,0.1289321013194876,0.8594077862520293
26037,LOF,0.010441229863793988,0.10378777093311364,0.8857709992030924
26038,LOF,0.03596587526580248,0.0469624504366346,0.917071674297563
26039,LOF,0.02695394532183337,0.1292367225780421,0.8438093321001245
26040,LOF,0.10564148312217922,0.1209616568725884,0.7733968600052324
26041,LOF,0.012982231013395209,0.09241789905930924,0.8945998699272956
26042,LOF,0.011631193886754756,0.10248532173025277,0.8858834843829925
26043,LOF,0.03523437555996203,0.06652332352438302,0.8982423009156548
26044,LOF,0.01552681757513612,0.04840935210077414,0.9360638303240898
26045,LOF,0.06746309602425547,0.11646689332438245,0.8160700106513622
26046,LOF,0.029990542932104878,0.050973527145636195,0.9190359299222589
26047,LOF,0.05041103640755204,0.050465714863325226,0.8991232487291227
26048,LOF,0.0957990758297497,0.021976535000931278,0.882224389169319
26049,Neutral,0.9475773390527275,0.007174750575968803,0.04524791037130367
26050,Neutral,0.9260729607401044,0.008072474533874992,0.06585456472602051
26051,LOF,0.01678443944501558,0.10468069829294076,0.8785348622620437
26052,LOF,0.029185216819788796,0.12099628299531046,0.8498185001849007
26053,LOF,0.026369344267871964,0.16235245571565518,0.8112782000164728
26054,LOF,0.04366866435726308,0.02644010799703136,0.9298912276457055
26055,LOF,0.062134357796846326,0.021361616556127793,0.9165040256470258
26056,LOF,0.05177486297783675,0.02715983758210225,0.9210652994400611
26057,LOF,0.06133453335593366,0.015000545841340274,0.9236649208027261
26058,LOF,0.06506846978427894,0.011878579884169153,0.923052950331552
26059,LOF,0.18819084354168897,0.028210907799547352,0.7835982486587637
26060,LOF,0.01772530141056833,0.16014506837950515,0.8221296302099265
26061,LOF,0.013870735001123867,0.008444174826098902,0.9776850901727772
26062,LOF,0.007185025898322106,0.014617954099372447,0.9781970200023054
26063,LOF,0.04189261679634173,0.010525783322417628,0.9475815998812407
26064,LOF,0.010815657313013266,0.019697893044178474,0.9694864496428083
26065,LOF,0.04696420786993295,0.012325261184737491,0.9407105309453295
26066,LOF,0.04829914051394974,0.010567853859517735,0.9411330056265325
26067,LOF,0.058427154919503656,0.008915954121667326,0.9326568909588291
26068,LOF,0.0511330531852744,0.04207062371717916,0.9067963230975463
26069,LOF,0.16451316090573007,0.025311005717405508,0.8101758333768644
26070,LOF,0.3464900085197722,0.02087140011893506,0.6326385913612929
26071,LOF,0.04897612640544683,0.010863278612850111,0.940160594981703
26072,LOF,0.011640015265912287,0.016646878572724583,0.9717131061613631
26073,LOF,0.04198367158627782,0.01271558267053767,0.9453007457431845
26074,Neutral,0.9176803369215099,0.007762115837131987,0.07455754724135816
26075,LOF,0.05479359312037781,0.019959643481618574,0.9252467633980036
26076,LOF,0.06170210534972896,0.010785070470567178,0.9275128241797038
26077,LOF,0.17184981974735855,0.006271645588541806,0.8218785346640997
26078,LOF,0.009519941242471458,0.011789238398243373,0.9786908203592852
26079,LOF,0.06334710722192721,0.019973138559909866,0.9166797542181628
26080,LOF,0.062130445684859155,0.020057013444126914,0.9178125408710138
26081,LOF,0.03557545291905018,0.008754269061046437,0.9556702780199035
26082,LOF,0.00824661982551446,0.012137623962125069,0.9796157562123605
26083,LOF,0.10892999434060449,0.01878178855608307,0.8722882171033124
26084,LOF,0.11231699953254219,0.014213500908264896,0.873469499559193
26085,LOF,0.10128075972363955,0.012356295930594462,0.886362944345766
26086,LOF,0.04103527805026473,0.01132128647922714,0.9476434354705082
26087,LOF,0.037169926184282935,0.009804655374899721,0.9530254184408173
26088,LOF,0.00888640450626569,0.0182863937092388,0.9728272017844956
26089,LOF,0.04193380427481375,0.03264740310395437,0.9254187926212318
26090,LOF,0.04280744432106294,0.02515605862321041,0.9320364970557267
26091,LOF,0.03309087554338633,0.007214960716596145,0.9596941637400176
26092,LOF,0.04691903202902733,0.007948799070644823,0.9451321689003279
26093,LOF,0.08823216122864659,0.005408336428362167,0.9063595023429911
26094,LOF,0.038218233326598135,0.006889124683984595,0.9548926419894173
26095,LOF,0.04013624987518082,0.014506593751175079,0.945357156373644
26096,LOF,0.21381192800626966,0.004627219285356431,0.7815608527083739
26097,LOF,0.009072622050285563,0.03013600586785836,0.9607913720818562
26098,LOF,0.08619164866930643,0.01653499036907803,0.8972733609616155
26099,LOF,0.046079108783850374,0.015357016615782825,0.9385638746003667
26100,LOF,0.046079108783850374,0.015357016615782825,0.9385638746003667
26101,LOF,0.06232153667793892,0.02852502833041545,0.9091534349916457
26102,LOF,0.03799752216619827,0.015322723688712903,0.9466797541450888
26103,Neutral,0.8805835450333408,0.025392015697232567,0.0940244392694266
26104,LOF,0.05756174045818091,0.04070256242771622,0.901735697114103
26105,LOF,0.23773655963692542,0.16253907055914854,0.5997243698039261
26106,LOF,0.32233770349999064,0.11377339803899551,0.5638888984610139
26107,LOF,0.022873195492965247,0.0942628480244693,0.8828639564825653
26108,LOF,0.31531973261752727,0.04178274601853901,0.6428975213639336
26109,LOF,0.0828066493960101,0.038381657968127564,0.8788116926358622
26110,LOF,0.46911327275671905,0.007717716068963219,0.5231690111743178
26111,LOF,0.053042130740438835,0.14454503245054232,0.8024128368090189
26112,LOF,0.0572453521458419,0.00857165572735852,0.9341829921267994
26113,LOF,0.10627189147911548,0.023039397939944396,0.8706887105809401
26114,LOF,0.08591316461141196,0.0065931304257853375,0.9074937049628028
26115,LOF,0.014625031382462038,0.04610069374211845,0.9392742748754195
26116,LOF,0.06976838374072489,0.01846682219572717,0.9117647940635478
26117,LOF,0.3884393808205208,0.029424940647021402,0.5821356785324578
26118,LOF,0.049940947920747776,0.014652118264979946,0.9354069338142724
26119,LOF,0.006381914361900373,0.03029427295018247,0.9633238126879171
26120,LOF,0.03567141139284561,0.01308762709113968,0.9512409615160148
