feature0,prediction,LoGoFunc_Neutral,LoGoFunc_GOF,LoGoFunc_LOF
25546,Neutral,0.6242080453230555,0.06427961059196625,0.31151234408497835
25547,Neutral,0.46146143595472505,0.11642625880065137,0.4221123052446237
25548,Neutral,0.4561547531115331,0.0903260439664513,0.4535192029220156
25549,LOF,0.395922303702827,0.09170055923512353,0.5123771370620495
25550,LOF,0.3255733865457426,0.1604607567668354,0.513965856687422
25551,LOF,0.2686637403700068,0.18214732345750007,0.5491889361724931
25552,LOF,0.19277190512974632,0.16447992340962733,0.6427481714606263
25553,Neutral,0.7920777630491674,0.052488964261521116,0.1554332726893115
25554,LOF,0.22477795624258456,0.16179796275219283,0.6134240810052227
25555,LOF,0.18652116738312755,0.14246770333550005,0.6710111292813724
25556,LOF,0.383465006392582,0.12870435404339353,0.4878306395640245
25557,LOF,0.1785772320008482,0.14921192578685868,0.6722108422122932
25558,LOF,0.22091073748024137,0.1590394953020921,0.6200497672176665
25559,LOF,0.17394357367635827,0.12551954521512496,0.7005368811085168
25560,LOF,0.071813537813338,0.13429465990643913,0.7938918022802228
25561,LOF,0.13846649692515306,0.12737796768919016,0.7341555353856569
25562,LOF,0.06651921432846024,0.07889699284316395,0.8545837928283758
25563,LOF,0.08782570771771797,0.08835354954855959,0.8238207427337225
25564,LOF,0.23316190742008272,0.15504058699619241,0.6117975055837249
25565,LOF,0.16085687533028456,0.1295021046700742,0.7096410199996411
25566,GOF,0.021213147580907782,0.7434940294631291,0.23529282295596307
25567,LOF,0.022099258834031993,0.17626767330259557,0.8016330678633724
25568,LOF,0.06504190373564504,0.07846185632308836,0.8564962399412664
25569,LOF,0.061450514339648155,0.08058636995172268,0.8579631157086292
25570,LOF,0.031740389854873576,0.11575237967929569,0.8525072304658308
25571,LOF,0.032018850475969744,0.11117421339482274,0.8568069361292074
25572,LOF,0.032118450321452614,0.13506568555229903,0.8328158641262483
25573,LOF,0.02631518357870822,0.1050763534374024,0.8686084629838894
25574,LOF,0.01737873662108381,0.15608046099344874,0.8265408023854675
25575,LOF,0.027114127790835576,0.1235628475680722,0.8493230246410922
25576,LOF,0.012560332237902587,0.16306203677064596,0.8243776309914514
25577,LOF,0.010829171268110128,0.1380357378087508,0.8511350909231391
25578,LOF,0.28293440204961273,0.08893233038543981,0.6281332675649475
25579,LOF,0.12430568266932096,0.09690952025742523,0.7787847970732538
25580,LOF,0.019172448101816977,0.08891393498441706,0.891913616913766
25581,LOF,0.046698323363689544,0.07729388353671399,0.8760077930995964
25582,LOF,0.04652338419985226,0.07630301079844486,0.8771736050017028
25583,LOF,0.020479023006454638,0.09744494816556815,0.8820760288279773
25584,Neutral,0.5217769468748866,0.09865848684076972,0.37956456628434376
25585,LOF,0.012005197383803522,0.15593874893809875,0.8320560536780979
25586,LOF,0.018535673674561763,0.0802738260959036,0.9011905002295346
25587,LOF,0.017823025756780693,0.07298011185642071,0.9091968623867985
25588,LOF,0.018088897614704096,0.08749284113608281,0.8944182612492131
25589,Neutral,0.6391538491662523,0.1344860241925058,0.22636012664124192
25590,LOF,0.019800064247925186,0.12838353320177964,0.8518164025502952
25591,LOF,0.08436158942228361,0.06397404844878253,0.8516643621289339
25592,LOF,0.048603494596221666,0.14047109627816098,0.8109254091256173
25593,LOF,0.02350645656485947,0.24444375349574562,0.732049789939395
25594,LOF,0.03696734907503225,0.11581173002806873,0.847220920896899
25595,LOF,0.038652556997236125,0.08618247471973328,0.8751649682830306
25596,LOF,0.05176727464323358,0.0729095356759979,0.8753231896807686
25597,LOF,0.034391494208412206,0.07917514321153467,0.8864333625800531
25598,LOF,0.03344257095118085,0.09503829823415692,0.8715191308146621
25599,GOF,0.00793959535758925,0.5430190581580912,0.44904134648431976
25600,GOF,0.027720701142479553,0.6407265770154702,0.33155272184205037
25601,LOF,0.012467965467447488,0.42588782479963866,0.5616442097329138
25602,LOF,0.012549538246936685,0.050491656290767045,0.9369588054622964
25603,LOF,0.04776834006655755,0.019752118017620855,0.9324795419158215
25604,LOF,0.015083320725838843,0.0734963138740578,0.9114203654001033
25605,LOF,0.007584494103299276,0.20934248732838495,0.7830730185683158
25606,LOF,0.08203586253743869,0.3586310585733875,0.5593330788891738
25607,LOF,0.004632915010676651,0.22385714790057476,0.7715099370887486
25608,LOF,0.011000860502549288,0.11843876447545233,0.8705603750219983
25609,LOF,0.07320623589042338,0.3691795534720218,0.5576142106375548
25610,LOF,0.01917605579024947,0.02546301412472283,0.9553609300850276
25611,LOF,0.018827787410666638,0.027982088559311127,0.9531901240300223
25612,LOF,0.05975200836408916,0.03760026234984049,0.9026477292860704
25613,LOF,0.05412216975850869,0.03791361711826413,0.9079642131232272
25614,LOF,0.026147640927189644,0.02883177867520934,0.945020580397601
25615,LOF,0.016771110043311294,0.04542431741928617,0.9378045725374026
25616,LOF,0.05130207144280232,0.02963888528133578,0.919059043275862
25617,LOF,0.0482875306218396,0.03363695047511486,0.9180755189030456
25618,LOF,0.06106997117455816,0.03538674320310991,0.9035432856223319
25619,LOF,0.018077975180649297,0.03187453071146676,0.950047494107884
25620,LOF,0.06576763133199666,0.03935310762234223,0.8948792610456611
25621,LOF,0.01753497686371586,0.038693777045964,0.9437712460903201
25622,LOF,0.022387932943494646,0.04138753723887205,0.9362245298176333
25623,LOF,0.03738345742596282,0.03358062587223318,0.929035916701804
25624,LOF,0.02256199570733912,0.039449568501122585,0.9379884357915382
25625,LOF,0.02244400447547295,0.0551347005693928,0.9224212949551341
25626,LOF,0.05194983180949117,0.041308859450246115,0.9067413087402627
25627,Neutral,0.5847170162579833,0.11042798687683689,0.3048549968651797
25628,LOF,0.18865875643586183,0.05741316470671547,0.7539280788574226
25629,LOF,0.042085927534709584,0.06272308130443943,0.895190991160851
25630,LOF,0.14820174690420065,0.09118312507101838,0.760615128024781
25631,Neutral,0.5991813656488927,0.06062824321542937,0.3401903911356779
25632,LOF,0.007595352622167926,0.060535865500152046,0.93186878187768
25633,LOF,0.20948057978575643,0.0394405877955896,0.751078832418654
25634,LOF,0.03034336186688065,0.07984900577568273,0.8898076323574367
25635,LOF,0.03907938330217144,0.043310086482825035,0.9176105302150035
25636,GOF,0.005300504902166389,0.6008241191196907,0.393875375978143
25637,GOF,0.007320210341130662,0.583741662156713,0.40893812750215636
25638,LOF,0.011125581392949965,0.29994517072707794,0.6889292478799721
25639,LOF,0.004811025748711121,0.4419862146924396,0.5532027595588493
25640,GOF,0.4358452409923012,0.4639636432225727,0.10019111578512606
25641,LOF,0.01336202891277115,0.301611607163675,0.6850263639235539
25642,LOF,0.24038644009640445,0.06065785027523654,0.6989557096283591
25643,LOF,0.14810126515213926,0.15849823383239206,0.6934005010154686
25644,LOF,0.009018650872289192,0.4245144514911164,0.5664668976365945
25645,LOF,0.007799010700360756,0.40559589550154546,0.5866050937980938
25646,LOF,0.013829445750918375,0.29007674728439026,0.6960938069646913
25647,LOF,0.009950949670545084,0.2525116609071794,0.7375373894222755
25648,LOF,0.009721356119914048,0.23449835977565714,0.7557802841044288
25649,LOF,0.007406177381620912,0.1875628604306588,0.8050309621877203
25650,LOF,0.015165382897766108,0.3862329184351675,0.5986016986670664
25651,LOF,0.005802883913609324,0.24629054011275384,0.7479065759736369
25652,LOF,0.009991792058059465,0.23091345059009333,0.7590947573518473
25653,LOF,0.028224812518746284,0.3568383108499613,0.6149368766312924
25654,LOF,0.010444323644827527,0.1509645422163644,0.8385911341388079
25655,LOF,0.053712902186005045,0.3725646217728915,0.5737224760411035
25656,LOF,0.19472013992375758,0.04780800876905349,0.7574718513071889
25657,LOF,0.2503568968641842,0.028962696845086094,0.7206804062907296
25658,LOF,0.0843705783219683,0.07969680341927775,0.8359326182587541
25659,LOF,0.4188981252559665,0.06400415294572524,0.5170977217983084
25660,LOF,0.028994665466215864,0.09833788538305653,0.8726674491507277
25661,LOF,0.08545990313088071,0.07027835142126972,0.8442617454478496
25662,LOF,0.029509708256283337,0.04579121838248935,0.9246990733612274
25663,LOF,0.03761524206125095,0.06551696560207602,0.8968677923366731
25664,LOF,0.045533403465202994,0.08381330792082359,0.8706532886139734
25665,LOF,0.05238049705250729,0.03775290374337777,0.909866599204115
25666,LOF,0.03514916931348919,0.11286924213200696,0.8519815885545039
25667,LOF,0.06103635148595668,0.05144822008414778,0.8875154284298955
25668,LOF,0.03298217597725319,0.05409219312580658,0.9129256308969403
25669,LOF,0.029709055938154212,0.07256942699797315,0.8977215170638727
25670,LOF,0.059593431943557915,0.059845932321048796,0.8805606357353932
25671,LOF,0.08534509590668944,0.04293085643763116,0.8717240476556795
25672,LOF,0.05583198756505668,0.04491070385815915,0.8992573085767841
25673,LOF,0.02267868093058303,0.061312736052996406,0.9160085830164205
25674,LOF,0.019601811640451338,0.0725046791310781,0.9078935092284705
25675,LOF,0.030858782075911854,0.06787807112664299,0.9012631467974451
25676,LOF,0.01851920163431875,0.061467630091879034,0.9200131682738023
25677,LOF,0.02777336552554556,0.0708015043251649,0.9014251301492896
25678,LOF,0.21002954233541454,0.06010777626302197,0.7298626814015635
25679,LOF,0.1704224326781129,0.07881502624228082,0.7507625410796063
25680,LOF,0.03984832225952181,0.11408058026797664,0.8460710974725016
25681,LOF,0.06539418955272833,0.10523297596896919,0.8293728344783026
25682,LOF,0.13448477566053588,0.08372355660241809,0.781791667737046
25683,LOF,0.08502852358299362,0.11809812034776636,0.79687335606924
25684,LOF,0.04234958782112475,0.07929258437220246,0.8783578278066728
25685,LOF,0.08131566100345394,0.054601176889116226,0.86408316210743
25686,LOF,0.025394441972778722,0.07724571762659671,0.8973598404006244
25687,LOF,0.05231716574805796,0.06675734946810093,0.880925484783841
25688,LOF,0.051599610623880535,0.05735908474034996,0.8910413046357695
25689,LOF,0.028176782760147165,0.06695196855070801,0.9048712486891448
25690,LOF,0.03850052213690743,0.06026891664170897,0.9012305612213836
25691,LOF,0.25050527458651595,0.07911995056234987,0.6703747748511342
25692,LOF,0.2796229937405313,0.007700344845885173,0.7126766614135835
25693,LOF,0.07569268467080038,0.2244298371595804,0.6998774781696193
25694,LOF,0.22869397377495632,0.01411827423902397,0.7571877519860197
25695,LOF,0.14364250980216464,0.024570305260150777,0.8317871849376846
25696,LOF,0.11725114883452814,0.012247171609946364,0.8705016795555256
25697,LOF,0.09219507364209201,0.023530919536977096,0.8842740068209308
25698,LOF,0.05818014561966738,0.4306122915836984,0.5112075627966342
25699,LOF,0.0764438666626582,0.10278717689814562,0.8207689564391962
25700,LOF,0.06081039463033444,0.00952487773741912,0.9296647276322465
25701,LOF,0.015686863561164235,0.08136256548013628,0.9029505709586995
25702,GOF,0.036880752102428804,0.6810208264321627,0.2820984214654085
25703,LOF,0.00840117016858814,0.16843734840691596,0.823161481424496
25704,LOF,0.05570984172918178,0.139587001987011,0.8047031562838072
25705,LOF,0.06492299728556299,0.23798703019094203,0.697089972523495
25706,GOF,0.025115217496584106,0.5051611272261748,0.4697236552772411
25707,LOF,0.01784164328091363,0.4569317709664092,0.5252265857526772
25708,LOF,0.007107294225751732,0.4266591667515044,0.566233539022744
25709,LOF,0.054307825596660246,0.06502669429879233,0.8806654801045475
25710,LOF,0.005356873400406479,0.16942146402332306,0.8252216625762705
25711,LOF,0.017648768032703283,0.13101848493331664,0.8513327470339801
25712,LOF,0.007058054405505015,0.22091237902220504,0.7720295665722899
25713,LOF,0.01817065116455652,0.12120719207675802,0.8606221567586855
25714,LOF,0.057402203164872705,0.14369170774986834,0.798906089085259
25715,LOF,0.011616874914714944,0.16495491609505333,0.8234282089902318
25716,LOF,0.0061972004541728755,0.1296253114887015,0.8641774880571256
25717,LOF,0.005628455044518297,0.10250818221100427,0.8918633627444774
25718,LOF,0.012058761800456966,0.10996630723337635,0.8779749309661667
25719,LOF,0.01943308543683199,0.10931468489684473,0.8712522296663232
25720,LOF,0.019830846754012407,0.09845816149497302,0.8817109917510145
25721,LOF,0.016208493344939536,0.12199689835902806,0.8617946082960324
25722,LOF,0.014577340797926283,0.14978238883425002,0.8356402703678237
25723,LOF,0.01923111660549239,0.08220644566951421,0.8985624377249934
25724,LOF,0.017220951413487336,0.12834665728621864,0.8544323913002941
25725,LOF,0.011995504136998396,0.09643728234142658,0.891567213521575
25726,LOF,0.014697109708462552,0.13785318173220854,0.8474497085593289
25727,LOF,0.012802255419766451,0.10051124211025605,0.8866865024699776
25728,LOF,0.010925467331407998,0.12265798710106383,0.8664165455675282
25729,LOF,0.011297426627452761,0.12711576415058842,0.8615868092219588
25730,LOF,0.015859137082099038,0.1045903534893483,0.8795505094285526
25731,LOF,0.007765822042311032,0.1380893497941328,0.8541448281635562
25732,LOF,0.01608305155586336,0.09587357809562734,0.8880433703485093
25733,LOF,0.015799403805152268,0.08756401850606424,0.8966365776887835
25734,LOF,0.005434249113193043,0.1396347569042445,0.8549309939825623
25735,LOF,0.013929241799368022,0.08667482310736921,0.8993959350932628
25736,LOF,0.014089827628802046,0.12494309908952872,0.8609670732816692
25737,LOF,0.020383260407239884,0.1009524883082191,0.878664251284541
25738,LOF,0.013487297529708422,0.14285883827185947,0.8436538641984321
25739,LOF,0.019899753209595448,0.12254655229562747,0.8575536944947771
25740,LOF,0.031006426528220447,0.13075727344731797,0.8382363000244617
25741,LOF,0.014704534568074233,0.11728099980027548,0.8680144656316503
25742,LOF,0.08694227297551482,0.1147493338526971,0.7983083931717881
25743,LOF,0.014350776940181768,0.030574409087502356,0.9550748139723159
25744,LOF,0.24428312161174381,0.3016351202518339,0.45408175813642215
25745,LOF,0.028180824199906248,0.044733873142882026,0.9270853026572118
25746,LOF,0.016587709629042168,0.057275073834492866,0.9261372165364649
25747,LOF,0.02731126770361934,0.024888980278614425,0.9477997520177661
25748,LOF,0.12093814800128529,0.04082277463357041,0.8382390773651444
25749,LOF,0.015415319718168043,0.04613147575548337,0.9384532045263486
25750,LOF,0.03230569297827596,0.053296079192072195,0.9143982278296519
25751,LOF,0.11357795525750594,0.04773402247587066,0.8386880222666233
25752,GOF,0.13332615906452705,0.5921136915770068,0.2745601493584661
25753,LOF,0.007496182064622372,0.2941704573009413,0.6983333606344363
25754,GOF,0.004638469638914396,0.7830323855246324,0.21232914483645304
25755,LOF,0.008804162362702119,0.3897183151901207,0.6014775224471772
25756,LOF,0.04322207558741022,0.4074184836708891,0.5493594407417006
25757,GOF,0.005673128156409381,0.8447937487392037,0.14953312310438704
25758,GOF,0.006695000008646691,0.8496091745949396,0.14369582539641387
25759,GOF,0.00451431796213615,0.557166265252476,0.4383194167853877
25760,LOF,0.004976364805311321,0.26443079090795546,0.7305928442867332
25761,GOF,0.0427256449127971,0.805745620633332,0.15152873445387088
25762,LOF,0.031156689672103114,0.2975395439787286,0.6713037663491681
25763,LOF,0.006148866907770273,0.20514763727056143,0.7887034958216684
25764,GOF,0.19069113392439951,0.49113358939298374,0.31817527668261664
25765,GOF,0.011222777157999774,0.7840433632570811,0.20473385958491896
25766,GOF,0.01634997467429668,0.7850187903128683,0.19863123501283517
25767,GOF,0.023935177199368027,0.5420268684296858,0.43403795437094617
25768,LOF,0.07651440329108301,0.08515744985595398,0.8383281468529629
25769,LOF,0.07924608447404191,0.04997195653413013,0.870781958991828
25770,LOF,0.3187306902778377,0.06010263515829293,0.6211666745638694
25771,LOF,0.012678646362912082,0.048748506995511746,0.938572846641576
25772,LOF,0.020259968614165284,0.02671370995576855,0.9530263214300662
25773,LOF,0.010864239712178043,0.09927217408025742,0.8898635862075644
25774,LOF,0.023864824486061788,0.06228057599596635,0.913854599517972
25775,LOF,0.015023293759808638,0.04447913361352763,0.9404975726266637
25776,LOF,0.08219529781483702,0.020048212649189753,0.8977564895359732
25777,LOF,0.2946333790230236,0.038483648779216444,0.6668829721977599
25778,LOF,0.06967329989659002,0.03797050034562548,0.8923561997577845
25779,GOF,0.07127824280541557,0.8681375587264941,0.060584198468090183
25780,GOF,0.05932232154239201,0.8481742827771086,0.09250339568049946
25781,GOF,0.02768665707681842,0.8375903384659696,0.13472300445721194
25782,GOF,0.03412343260701907,0.8633648802649584,0.1025116871280227
25783,GOF,0.012593355655650045,0.6768339126366436,0.3105727317077063
25784,GOF,0.12615680246026148,0.8160190449612865,0.05782415257845207
25785,GOF,0.08189405274182396,0.8594991722530723,0.05860677500510376
25786,GOF,0.005847111463611907,0.7684340487680332,0.22571883976835483
25787,GOF,0.22748179794629128,0.7223653786637186,0.050152823389989935
25788,LOF,0.04513848647659839,0.10872109237628523,0.8461404211471164
25789,GOF,0.043283884760704903,0.78183359715748,0.17488251808181515
25790,GOF,0.0483799380559164,0.8153968657417928,0.13622319620229065
25791,GOF,0.029394264377730107,0.7322294967381495,0.23837623888412035
25792,GOF,0.05182632654557746,0.7390460898789948,0.20912758357542766
25793,GOF,0.07926581852005186,0.6913848429956004,0.22934933848434788
25794,GOF,0.10447894177786576,0.6656992669446464,0.22982179127748778
25795,GOF,0.02996976768588056,0.7250521348749072,0.24497809743921228
25796,GOF,0.13793853708323398,0.7461627349946016,0.11589872792216428
25797,GOF,0.035239566753069516,0.5742988675893947,0.39046156565753587
25798,GOF,0.0031484850440734215,0.5293262581561886,0.46752525679973794
25799,LOF,0.0031590460747695534,0.4252964313721746,0.5715445225530559
25800,GOF,0.011149133244551987,0.6127171750118606,0.37613369174358735
25801,GOF,0.029890643176224013,0.7886258890940027,0.18148346772977336
25802,GOF,0.01855768415599183,0.6720901245335384,0.30935219131046976
25803,GOF,0.009966302927733407,0.5655394085641815,0.42449428850808524
25804,LOF,0.012501765334702623,0.46767200716098717,0.5198262275043103
25805,GOF,0.02070646079489887,0.584620963951158,0.3946725752539431
25806,GOF,0.017415338715179616,0.5951985274279386,0.3873861338568818
25807,GOF,0.00546037157582935,0.618532044266437,0.3760075841577335
25808,GOF,0.01394134915950525,0.6147350649114499,0.37132358592904485
25809,GOF,0.005733680712562008,0.5869573718599188,0.40730894742751905
25810,GOF,0.0048362585031298455,0.5994694191086939,0.39569432238817626
25811,GOF,0.10238890236564371,0.7707020254263034,0.12690907220805275
25812,GOF,0.013333332253679933,0.6026061385191432,0.38406052922717693
25813,GOF,0.11778968770209898,0.7197026306706502,0.16250768162725088
25814,GOF,0.03220326630393148,0.6715588334411261,0.2962379002549424
25815,GOF,0.044648599872229355,0.6917763385801535,0.2635750615476173
25816,GOF,0.007306264811116381,0.7428677022638873,0.24982603292499628
25817,GOF,0.06648782094681686,0.7613835363967025,0.17212864265648067
25818,GOF,0.019701008184709184,0.6701759842927364,0.31012300752255434
25819,GOF,0.0744920479174322,0.7049591372624225,0.2205488148201452
25820,GOF,0.034440742625346236,0.6851815150855786,0.28037774228907514
25821,GOF,0.017072320787797753,0.674186004137918,0.3087416750742842
25822,GOF,0.04169538090756672,0.678467247576692,0.2798373715157413
25823,GOF,0.012118488689713216,0.5307016198885539,0.4571798914217328
25824,GOF,0.021672397510333077,0.635649505241047,0.3426780972486199
25825,GOF,0.012231978513646777,0.617688489189582,0.37007953229677126
25826,GOF,0.004837016183438207,0.5855699019610962,0.4095930818554656
25827,GOF,0.0074839518279709505,0.6075107260820115,0.3850053220900175
25828,GOF,0.005008270946921905,0.5311091047623616,0.46388262429071647
25829,GOF,0.00276677406671311,0.5640753213406392,0.43315790459264764
25830,LOF,0.036747669527203895,0.3318916517646305,0.6313606787081657
25831,GOF,0.03987961325902983,0.8244388806099,0.13568150613107013
25832,GOF,0.00783004560594814,0.7346657122940868,0.25750424209996503
25833,GOF,0.02897356508154354,0.7914150042694689,0.17961143064898757
25834,GOF,0.008075900799001844,0.7425028758923959,0.2494212233086021
25835,GOF,0.01808651230034956,0.8051517787208069,0.17676170897884347
25836,GOF,0.007160870043972335,0.7368500174418505,0.2559891125141771
25837,GOF,0.006821260564473978,0.6438152877587898,0.3493634516767361
25838,GOF,0.02121426503277587,0.8124779924702759,0.1663077424969484
25839,GOF,0.05525810355576764,0.7700923182137049,0.17464957823052746
25840,GOF,0.04043680298069429,0.811861636319996,0.1477015606993098
25841,GOF,0.03793776555969328,0.8269234510927377,0.13513878334756907
25842,GOF,0.025829369586628192,0.8484434588525696,0.1257271715608023
25843,GOF,0.0271427791035578,0.8706388740837759,0.10221834681266623
25844,GOF,0.01661394274052492,0.7789702071453869,0.20441585011408828
25845,GOF,0.005112306538084896,0.5827800616016197,0.4121076318602955
25846,GOF,0.028425865381409832,0.8356110103900637,0.13596312422852647
25847,GOF,0.019012325699053943,0.8648995410991814,0.11608813320176474
25848,GOF,0.013427470612681675,0.7384772463403921,0.24809528304692632
25849,GOF,0.004484574891286648,0.6387157560870803,0.35679966902163307
25850,GOF,0.00684056230773059,0.657309090062394,0.3358503476298755
25851,GOF,0.006428836326461943,0.5443378509443965,0.44923331272914163
25852,GOF,0.16303047990439679,0.5153099576046404,0.32165956249096284
25853,GOF,0.0661539288257454,0.8218047747749311,0.11204129639932346
25854,GOF,0.00884105119898908,0.6259357325832957,0.3652232162177153
25855,GOF,0.014784773488548559,0.5644010760467145,0.42081415046473697
25856,GOF,0.03911031208417112,0.6809975935696115,0.27989209434621737
25857,GOF,0.014582952080053113,0.5221338229349785,0.4632832249849683
25858,GOF,0.007931767142633026,0.5228995338586349,0.46916869899873204
25859,GOF,0.005187883940905448,0.4999495773366902,0.4948625387224044
25860,GOF,0.07882535916513665,0.7645143223584122,0.15666031847645112
25861,GOF,0.12000155535283659,0.7780881102654467,0.10191033438171682
25862,GOF,0.018552748677327417,0.8289097673996212,0.15253748392305144
25863,GOF,0.018143114597839245,0.8419464734889304,0.13991041191323045
25864,GOF,0.04079179516698097,0.8737246449597353,0.0854835598732836
25865,GOF,0.03148850074779916,0.8302637315962984,0.1382477676559026
25866,GOF,0.024929645153327892,0.8057636271543569,0.16930672769231536
25867,GOF,0.024994840821346637,0.8503711549617575,0.12463400421689592
25868,GOF,0.0531368457219545,0.7818918335687753,0.16497132070927004
25869,GOF,0.32102630288154155,0.5714675725254696,0.10750612459298867
25870,GOF,0.18104905650805636,0.48765232008089954,0.3312986234110441
25871,GOF,0.029343083170252734,0.8127308179108859,0.15792609891886147
25872,GOF,0.0173752022604965,0.7359235902816051,0.2467012074578983
25873,GOF,0.018809879890960533,0.8077316790198739,0.1734584410891655
25874,LOF,0.017013790271069702,0.11248561939565836,0.8705005903332719
25875,LOF,0.02335699587100392,0.03213410224740076,0.9445089018815953
25876,LOF,0.013685786693051472,0.03248075350542908,0.9538334598015193
25877,LOF,0.11874256957461155,0.05745316966359466,0.8238042607617939
25878,LOF,0.052068010658321014,0.07932051759789067,0.8686114717437883
25879,LOF,0.022047910364325515,0.06308051968856904,0.9148715699471054
25880,LOF,0.043607879688398445,0.011266640351841415,0.94512547995976
25881,Neutral,0.5483783110765807,0.045453149157513285,0.4061685397659059
25882,LOF,0.020456611555587905,0.03490107243219512,0.9446423160122169
25883,LOF,0.06423396469524807,0.021948295001086846,0.9138177403036651
25884,LOF,0.010521046047304592,0.03938834037623338,0.950090613576462
25885,LOF,0.17759133344740544,0.006339700018533651,0.8160689665340609
25886,LOF,0.28227991768277627,0.04468793119117018,0.6730321511260535
25887,LOF,0.1390627746102029,0.05740722702520563,0.8035299983645915
25888,LOF,0.012589759232138198,0.10432571298259115,0.8830845277852707
25889,LOF,0.012130684497174495,0.030663407130883117,0.9572059083719424
25890,LOF,0.11394969913370963,0.08089403047378968,0.8051562703925006
25891,LOF,0.04581308115489013,0.03470474714683624,0.9194821716982736
25892,LOF,0.011597201403553446,0.04315259272896017,0.9452502058674864
25893,LOF,0.40368861625051866,0.013359670357288968,0.5829517133921923
25894,LOF,0.4280715748936801,0.007004577774308602,0.5649238473320114
25895,LOF,0.337650909638863,0.01662950486767543,0.6457195854934614
25896,LOF,0.04326892209674053,0.025888996473619662,0.9308420814296399
25897,LOF,0.1902926161356809,0.013095632153913489,0.7966117517104057
25898,LOF,0.21879030534946242,0.03506382249516959,0.746145872155368
25899,LOF,0.18200633201327335,0.028500391256234874,0.7894932767304917
25900,LOF,0.48162993984807095,0.012088738131749242,0.5062813220201797
25901,LOF,0.04722653930320728,0.011556294736713203,0.9412171659600796
25902,LOF,0.10450888863064904,0.017296453487733683,0.8781946578816172
25903,LOF,0.39291595199806684,0.036096300101845474,0.5709877479000877
25904,LOF,0.30321050626663065,0.04329183552238756,0.6534976582109818
25905,LOF,0.006863075827918342,0.42077706822610833,0.5723598559459733
25906,LOF,0.008022428919173472,0.13455746880078867,0.8574201022800378
25907,LOF,0.004213676493020104,0.36389504452074917,0.6318912789862307
25908,LOF,0.003763380347764892,0.26341620814679334,0.7328204115054419
25909,LOF,0.012853798674405928,0.17065007052089967,0.8164961308046944
25910,LOF,0.016022379313191372,0.1527737172938648,0.8312039033929437
25911,LOF,0.18621014383101586,0.026930528033711418,0.7868593281352728
25912,LOF,0.07488766536702922,0.04109469878631875,0.884017635846652
25913,LOF,0.08167702554222817,0.04622402000354601,0.8720989544542258
25914,LOF,0.02153761855516259,0.06105948779259666,0.9174028936522408
25915,LOF,0.14863832554568046,0.30514675920448553,0.546214915249834
25916,LOF,0.01916370080075883,0.1903068861649019,0.7905294130343392
25917,LOF,0.05116125219530571,0.0426965611479841,0.9061421866567102
25918,LOF,0.027134826320318106,0.034343947882677396,0.9385212257970046
25919,LOF,0.021846263990045366,0.03376767185912996,0.9443860641508247
25920,LOF,0.11001499708007113,0.2708435639860914,0.6191414389338374
25921,LOF,0.009977790463652166,0.03543649289990751,0.9545857166364403
25922,LOF,0.012599615427263624,0.029493492471189667,0.9579068921015467
25923,Neutral,0.5142128284039852,0.04097957898537294,0.4448075926106418
25924,LOF,0.01634956118971688,0.04191918256010844,0.9417312562501747
25925,LOF,0.07740405927611337,0.0473302033805617,0.875265737343325
25926,LOF,0.05661235169423491,0.043620278892000854,0.8997673694137642
25927,LOF,0.01891284721017719,0.06730705748225743,0.9137800953075653
25928,LOF,0.007472844836850235,0.05077051989191034,0.9417566352712395
25929,Neutral,0.6348087458762919,0.04379170223128613,0.321399551892422
25930,LOF,0.06786229829778401,0.036112427407298774,0.8960252742949172
25931,LOF,0.009231955120848926,0.034020939637099054,0.956747105242052
25932,LOF,0.0313629286865311,0.028141761367042085,0.9404953099464268
25933,LOF,0.04061062003034919,0.018361074664439883,0.941028305305211
25934,LOF,0.026309285380827233,0.019296511067636028,0.9543942035515368
25935,LOF,0.07019638580436874,0.05463948782273589,0.8751641263728954
25936,LOF,0.0450124836649641,0.02494986802696885,0.930037648308067
25937,LOF,0.00928768422435957,0.0319359919200538,0.9587763238555865
25938,LOF,0.06922238883323917,0.06205948040552055,0.8687181307612403
25939,LOF,0.03752575959743223,0.024703711580253578,0.9377705288223142
25940,LOF,0.008794580950260962,0.33129522802771716,0.6599101910220219
25941,Neutral,0.5346274982947901,0.03587218707989126,0.42950031462531874
25942,LOF,0.00448932318616063,0.04360640305184613,0.9519042737619932
25943,LOF,0.03570292910770511,0.15305998552066527,0.8112370853716296
25944,LOF,0.11848996533472063,0.0832980849331937,0.7982119497320855
25945,LOF,0.05488652480045191,0.01871097581323767,0.9264024993863104
25946,LOF,0.07399763547018919,0.06619938846054395,0.8598029760692668
25947,LOF,0.4321085327568154,0.07772576445928818,0.49016570278389643
25948,LOF,0.3004411757612592,0.008391419219685073,0.6911674050190557
25949,LOF,0.0860437413836663,0.04638750063335411,0.8675687579829796
25950,GOF,0.03652543409449506,0.588602050190991,0.3748725157145139
25951,LOF,0.015659849790030485,0.43047877464493167,0.5538613755650379
25952,LOF,0.27482988016260296,0.3139758784468399,0.41119424139055716
25953,LOF,0.014212423988674727,0.20073186840740684,0.7850557076039184
25954,LOF,0.053742683618004196,0.44339413771840475,0.5028631786635911
25955,LOF,0.009984591233394258,0.1864523693279466,0.8035630394386591
25956,LOF,0.028252839774808414,0.30126235943321983,0.6704848007919717
25957,LOF,0.1457455218546159,0.029283988014893535,0.8249704901304906
25958,LOF,0.05063476417275098,0.027023866909903573,0.9223413689173455
25959,LOF,0.012331870666858235,0.4809266027155258,0.506741526617616
25960,LOF,0.005904987944140286,0.05104077906439024,0.9430542329914694
25961,LOF,0.041519186765906206,0.025080417245813766,0.93340039598828
25962,LOF,0.033085051411614434,0.0851055157785038,0.8818094328098818
25963,LOF,0.005571655327680273,0.2432596714421846,0.7511686732301351
25964,LOF,0.03378088577336854,0.11257114914904738,0.8536479650775841
25965,LOF,0.34597594763953654,0.13893479563199795,0.5150892567284655
25966,Neutral,0.5127347017694935,0.15399143169229781,0.3332738665382087
25967,LOF,0.0064376758246312135,0.09483477262227949,0.8987275515530893
25968,LOF,0.051161848677297526,0.21812507126624897,0.7307130800564535
25969,LOF,0.11766353993569317,0.05341062887550566,0.8289258311888011
25970,LOF,0.018370567514256197,0.09911056442869483,0.8825188680570489
25971,LOF,0.06577120421319027,0.029797726456910974,0.9044310693298987
25972,LOF,0.062176607302694836,0.040444028920400006,0.8973793637769051
25973,LOF,0.05690584682067909,0.01175462954599429,0.9313395236333266
25974,LOF,0.031583401482491065,0.04339625650828179,0.9250203420092272
25975,LOF,0.04295750336580443,0.02446290422311784,0.9325795924110777
25976,LOF,0.09827341054506519,0.011417401085833612,0.8903091883691013
25977,LOF,0.1921817923835152,0.061186330245062794,0.746631877371422
25978,LOF,0.14380405753953485,0.13624823650183066,0.7199477059586344
25979,LOF,0.12865448920152595,0.13703319443074877,0.7343123163677252
25980,LOF,0.24907391252076655,0.14454961014882395,0.6063764773304094
25981,LOF,0.27767257400727513,0.14132631651536012,0.5810011094773647
25982,LOF,0.4154911251323422,0.10907413079225528,0.47543474407540237
25983,LOF,0.4163169991980236,0.11605579203166114,0.46762720877031516
25984,LOF,0.04367967011775004,0.061657583137915806,0.8946627467443342
25985,LOF,0.4187444913454593,0.10925019254200506,0.4720053161125356
25986,LOF,0.010881997179826937,0.38462465895390224,0.604493343866271
25987,LOF,0.033079938756384895,0.09063982416328707,0.8762802370803281
25988,LOF,0.1590782470764619,0.10407252258721555,0.7368492303363224
25989,LOF,0.03796882566269491,0.1400547682539846,0.8219764060833205
25990,LOF,0.03967446748141922,0.1988742751988302,0.7614512573197507
25991,LOF,0.018201047937112098,0.3578977864108035,0.6239011656520844
25992,LOF,0.020650564987753812,0.3641117767203786,0.6152376582918676
25993,LOF,0.02150912557216446,0.09447555456405399,0.8840153198637815
25994,LOF,0.015604842097570964,0.09029862929308906,0.89409652860934
25995,LOF,0.020523191773830753,0.18598683431210844,0.7934899739140607
25996,LOF,0.3571615827127552,0.2758756539683301,0.3669627633189147
25997,LOF,0.07872189062062092,0.33919667880953025,0.5820814305698488
25998,LOF,0.29804833877057124,0.04639294710163361,0.6555587141277951
25999,LOF,0.01820415952946861,0.209965695956219,0.7718301445143124
26000,LOF,0.16742508204780068,0.026738873274763937,0.8058360446774353
26001,LOF,0.3230775219575835,0.021015919671536633,0.65590655837088
26002,LOF,0.08022305612348897,0.04165004613301396,0.8781268977434971
26003,GOF,0.004066902283593314,0.6344258652990056,0.36150723241740124
26004,GOF,0.00609744246930303,0.7165790489196299,0.27732350861106725
26005,GOF,0.003066019051079102,0.5021505864895717,0.4947833944593493
26006,GOF,0.07350124610434575,0.5727966656324772,0.353702088263177
26007,GOF,0.006169269955552718,0.5533488744754723,0.44048185556897496
26008,GOF,0.005629973486896167,0.6340184559797901,0.3603515705333136
26009,GOF,0.006364513742884231,0.6596296440189924,0.3340058422381235
26010,GOF,0.006793754091374623,0.7048593083834901,0.2883469375251354
26011,LOF,0.0027467245750248076,0.47430179428735775,0.5229514811376174
26012,GOF,0.004104109394900107,0.5591699103022985,0.43672598030280146
26013,GOF,0.005283642745541539,0.6366460342593088,0.3580703229951497
26014,LOF,0.048236989570438635,0.10219872428974802,0.8495642861398133
26015,LOF,0.1266845253514952,0.022105169378910907,0.851210305269594
26016,LOF,0.2773944672637526,0.052609937823497946,0.6699955949127495
26017,LOF,0.02275543509710136,0.22884690873171046,0.7483976561711881
26018,LOF,0.07055165701431322,0.05092274029653398,0.8785256026891528
26019,LOF,0.06811074193544732,0.04071974046719165,0.8911695175973611
26020,LOF,0.007214729291653961,0.23660273028609144,0.7561825404222547
26021,LOF,0.06658210600010475,0.09288784753741104,0.8405300464624842
26022,LOF,0.025495966551055793,0.03070677710170445,0.9437972563472398
26023,LOF,0.043213636362552064,0.02876866178634055,0.9280177018511074
26024,LOF,0.03723524080804943,0.09500131627698746,0.8677634429149632
26025,LOF,0.05995311388507704,0.09495837497694896,0.845088511137974
26026,LOF,0.12925933096682182,0.06645107260266944,0.8042895964305087
26027,LOF,0.057157994551721485,0.022003974908034636,0.9208380305402438
26028,LOF,0.08012286193025775,0.12342961182521861,0.7964475262445235
26029,LOF,0.026769897104737466,0.20273565328363322,0.7704944496116294
26030,LOF,0.13942352742502953,0.02980562782411218,0.8307708447508583
26031,LOF,0.013878611420443651,0.16386217435221456,0.8222592142273418
26032,LOF,0.07558697813201333,0.06596859351890803,0.8584444283490786
26033,LOF,0.07628530228891006,0.06262768085202483,0.861087016859065
26034,LOF,0.013913154784713454,0.1787462354701597,0.8073406097451269
26035,LOF,0.012765971896833676,0.13721939932957225,0.8500146287735941
26036,LOF,0.015902056845695182,0.18432779942630767,0.7997701437279972
26037,LOF,0.010593150422104918,0.12225189080736745,0.8671549587705277
26038,LOF,0.06499990330452403,0.05996993236506415,0.8750301643304117
26039,LOF,0.023542018694459703,0.16891111254664948,0.8075468687588908
26040,LOF,0.10711340570629488,0.15878507591193317,0.734101518381772
26041,LOF,0.013064943513177708,0.10247506840455577,0.8844599880822666
26042,LOF,0.011692527789867669,0.10808417829008819,0.8802232939200441
26043,LOF,0.06365826712278426,0.07900611128687596,0.8573356215903397
26044,LOF,0.012871418275831223,0.059986741690534556,0.9271418400336341
26045,LOF,0.050591377157614054,0.1066886537844565,0.8427199690579295
26046,LOF,0.056851802896474256,0.06320319385287582,0.87994500325065
26047,LOF,0.10025180955730573,0.06523079328637078,0.8345173971563236
26048,LOF,0.04388027902123978,0.04037388958713195,0.9157458313916284
26049,Neutral,0.9696627487501223,0.005983890102147242,0.024353361147730446
26050,Neutral,0.9538980509412308,0.007658393258718054,0.038443555800051266
26051,LOF,0.014438329343922947,0.16882617934593006,0.816735491310147
26052,LOF,0.021108263413340198,0.20867293254194935,0.7702188040447104
26053,LOF,0.022114277191536004,0.15092369511544304,0.826962027693021
26054,LOF,0.05094866721665292,0.016069930459753592,0.9329814023235935
26055,LOF,0.0629776154827901,0.015169078204414552,0.9218533063127953
26056,LOF,0.05162549481025785,0.01780267322209032,0.9305718319676518
26057,LOF,0.032152103389891225,0.011257663953537958,0.9565902326565707
26058,LOF,0.033528408080960664,0.010121891190737179,0.9563497007283022
26059,LOF,0.28929953022891763,0.018335466412083383,0.692365003358999
26060,LOF,0.008554518309447198,0.12793320394763757,0.8635122777429152
26061,LOF,0.004880822644352998,0.013109546908152454,0.9820096304474945
26062,LOF,0.0039054171157172804,0.017215676662558778,0.9788789062217239
26063,LOF,0.02202426323374173,0.009555094949844183,0.9684206418164142
26064,LOF,0.0066783290980665785,0.019745965992775897,0.9735757049091576
26065,LOF,0.02343466783776617,0.010978464117252049,0.9655868680449817
26066,LOF,0.021378887589976022,0.009967182022518388,0.9686539303875055
26067,LOF,0.028640345441025478,0.008416416617393696,0.9629432379415809
26068,LOF,0.04306755290560774,0.026602335299351958,0.9303301117950404
26069,LOF,0.27331575147823317,0.01743980911321012,0.7092444394085567
26070,LOF,0.42616696347103106,0.011982266322361212,0.5618507702066079
26071,LOF,0.02223786628169918,0.010356028735290991,0.9674061049830097
26072,LOF,0.0055504014902622596,0.019540873189373937,0.9749087253203639
26073,LOF,0.01895178860762173,0.01189346083419612,0.9691547505581821
26074,Neutral,0.9096252487111605,0.005488174533915368,0.0848865767549241
26075,LOF,0.0418537681040187,0.015129897810037431,0.9430163340859439
26076,LOF,0.04034367751091066,0.008833398921087853,0.9508229235680015
26077,LOF,0.11326910632578957,0.00812498679951159,0.8786059068746989
26078,LOF,0.0055244081573865575,0.011926672491173395,0.9825489193514401
26079,LOF,0.05549446795071213,0.01624040839697342,0.9282651236523144
26080,LOF,0.05282760989502463,0.016290158693758917,0.9308822314112165
26081,LOF,0.030769164992768896,0.0070275021979710915,0.9622033328092601
26082,LOF,0.0043243632620867944,0.014572898095162488,0.9811027386427507
26083,LOF,0.13783996231019394,0.014805261689998933,0.8473547759998071
26084,LOF,0.037618055285244374,0.012178422900476353,0.9502035218142791
26085,LOF,0.03416653264535466,0.011088761140371708,0.9547447062142735
26086,LOF,0.02061002025500534,0.010364451374058429,0.9690255283709363
26087,LOF,0.02159430713838046,0.00876666815126962,0.96963902471035
26088,LOF,0.005368883809221234,0.01972484688004304,0.9749062693107357
26089,LOF,0.039175252872682774,0.020121761231039384,0.9407029858962779
26090,LOF,0.03850123374577727,0.01686715360446466,0.9446316126497581
26091,LOF,0.028912438266611103,0.006647389178150651,0.9644401725552382
26092,LOF,0.02132725060432027,0.007595786139367156,0.9710769632563127
26093,LOF,0.041179426622460345,0.0056647265105424435,0.9531558468669973
26094,LOF,0.028932302811388724,0.006152726321512128,0.9649149708670991
26095,LOF,0.013991676176220914,0.016358490244252424,0.9696498335795267
26096,LOF,0.14736270354692235,0.005626673255387434,0.8470106231976903
26097,LOF,0.00459093841565744,0.03215737550962729,0.9632516860747153
26098,LOF,0.07084833911640097,0.013688912422662234,0.9154627484609368
26099,LOF,0.01965041020847406,0.012468853099260538,0.9678807366922653
26100,LOF,0.02213560183882562,0.012063777832451054,0.9658006203287234
26101,LOF,0.049126643086120976,0.018530424248457352,0.9323429326654216
26102,LOF,0.021461699941303175,0.01336942683047184,0.965168873228225
26103,Neutral,0.8698022131953212,0.019215973281354645,0.110981813523324
26104,LOF,0.06478811430660761,0.021633695120199397,0.913578190573193
26105,LOF,0.177393795717493,0.15864852989901573,0.6639576743834913
26106,LOF,0.32770111653258205,0.11489349014537054,0.5574053933220474
26107,LOF,0.020573718266930545,0.10486156759128995,0.8745647141417796
26108,LOF,0.3517032867504847,0.040023616013358514,0.6082730972361567
26109,LOF,0.03166816265239962,0.06510337151280961,0.9032284658347909
26110,LOF,0.20953715358600847,0.006229622822849005,0.7842332235911426
26111,LOF,0.08126451403853008,0.07141295300718224,0.8473225329542877
26112,LOF,0.035312587329331055,0.007122119014720309,0.9575652936559486
26113,LOF,0.06177102411910657,0.014330274144969039,0.9238987017359244
26114,LOF,0.06608898127063632,0.012931533770746443,0.9209794849586173
26115,LOF,0.015354503623858208,0.08410214925329658,0.9005433471228453
26116,LOF,0.08322002036573982,0.04709089873854985,0.8696890808957104
26117,LOF,0.4134742513914824,0.04451143398006849,0.5420143146284491
26118,LOF,0.0347684786589082,0.023177051379358774,0.942054469961733
26119,LOF,0.00448269376888849,0.05245864885256269,0.9430586573785489
26120,LOF,0.024278702741843194,0.019348924203476368,0.9563723730546805
