feature0,prediction,LoGoFunc_Neutral,LoGoFunc_GOF,LoGoFunc_LOF
25546,Neutral,0.7438581364292424,0.036457217404343274,0.2196846461664143
25547,Neutral,0.5916219750510273,0.075170574764361,0.33320745018461173
25548,Neutral,0.593589588639604,0.05290669077002665,0.35350372059036933
25549,Neutral,0.51816934328083,0.05226595630188933,0.42956470041728056
25550,LOF,0.3621402354125672,0.09752280918200541,0.5403369554054274
25551,LOF,0.31126664578516516,0.10837288343484212,0.5803604707799928
25552,LOF,0.22977605488131925,0.10102637223578594,0.6691975728828947
25553,Neutral,0.8430459770886162,0.02834148467432414,0.12861253823705973
25554,LOF,0.25867690653921166,0.09907515320441652,0.6422479402563719
25555,LOF,0.21420194089591862,0.08563071062336339,0.7001673484807179
25556,LOF,0.419014532029675,0.08611263215420804,0.4948728358161169
25557,LOF,0.21024747398699023,0.09145447560829732,0.6982980504047125
25558,LOF,0.24999163095783974,0.10016136870493171,0.6498470003372285
25559,LOF,0.35533185338271733,0.16907629496970905,0.4755918516475737
25560,LOF,0.045403790929543296,0.15253109024934944,0.8020651188211073
25561,LOF,0.10558809588862664,0.1526346173000732,0.7417772868113002
25562,LOF,0.1050873870178812,0.05150943957369639,0.8434031734084225
25563,LOF,0.09087122557799002,0.07685497143493385,0.8322738029870762
25564,LOF,0.19044934360947602,0.1175424381523677,0.6920082182381563
25565,LOF,0.14281593873135603,0.09879229656971987,0.7583917646989241
25566,GOF,0.02024165089303924,0.7964130191313894,0.18334532997557143
25567,LOF,0.014768387556917124,0.15273962886983755,0.8324919835732453
25568,LOF,0.054240431976935476,0.05864674754672642,0.887112820476338
25569,LOF,0.06389663401017785,0.056196394812527806,0.8799069711772943
25570,LOF,0.06716515708357346,0.09497502416820969,0.8378598187482168
25571,LOF,0.062028289147776985,0.08977471911846902,0.848196991733754
25572,LOF,0.07428595029503204,0.1188337195684515,0.8068803301365165
25573,LOF,0.037463250209496396,0.09002052042629065,0.872516229364213
25574,LOF,0.0231018490036124,0.14220981296575808,0.8346883380306295
25575,LOF,0.047246614591985266,0.09794447946984075,0.854808905938174
25576,LOF,0.019631849853999433,0.11343833742162629,0.8669298127243742
25577,LOF,0.016000164143604768,0.12153195561417177,0.8624678802422235
25578,LOF,0.2633389436988519,0.07049650740056781,0.6661645489005803
25579,LOF,0.26438199826160835,0.06957543777763042,0.6660425639607612
25580,LOF,0.033360348742924956,0.07025548070535291,0.896384170551722
25581,LOF,0.057165393160780585,0.057411624532962904,0.8854229823062565
25582,LOF,0.05683984032835251,0.05665418098280645,0.8865059786888411
25583,LOF,0.043778095896771056,0.08316473506099349,0.8730571690422355
25584,Neutral,0.48665575696384733,0.1009306350568998,0.4124136079792529
25585,LOF,0.03855186382355741,0.10187256982509904,0.8595755663513435
25586,LOF,0.03406708676447142,0.06554757201497334,0.9003853412205551
25587,LOF,0.030728714050997,0.06422859713606147,0.9050426888129415
25588,LOF,0.03155362571344828,0.07399956774379443,0.8944468065427573
25589,Neutral,0.6362161915687176,0.11177294728691282,0.25201086114436955
25590,LOF,0.03155029173586295,0.11146903256589678,0.8569806756982403
25591,LOF,0.1205633294520014,0.051106890668111894,0.8283297798798868
25592,LOF,0.09199489111089128,0.11454978377019148,0.7934553251189173
25593,LOF,0.029494171093346854,0.2324299068370864,0.7380759220695667
25594,LOF,0.04013346320731488,0.21052989121959245,0.7493366455730927
25595,LOF,0.0461374566636341,0.15161380841372,0.8022487349226459
25596,LOF,0.056489564462147826,0.07530315343117007,0.8682072821066821
25597,LOF,0.047687309708062176,0.08082706103833052,0.8714856292536074
25598,LOF,0.04614998922544553,0.1431074192994285,0.8107425914751258
25599,GOF,0.007616666973078147,0.6800895306148376,0.31229380241208426
25600,GOF,0.01987863310342602,0.6403986031611711,0.33972276373540267
25601,LOF,0.006688485921515624,0.45543142699397476,0.5378800870845096
25602,LOF,0.026823746503028028,0.04398538134793155,0.9291908721490404
25603,LOF,0.0604601908913977,0.028125777934133712,0.9114140311744685
25604,LOF,0.06701007631827857,0.02910148535588672,0.9038884383258348
25605,LOF,0.016261841632320622,0.17282452027641337,0.810913638091266
25606,LOF,0.11288289393228626,0.4093467822401061,0.4777703238276075
25607,LOF,0.006695198783578877,0.17273016433879052,0.8205746368776305
25608,LOF,0.06164243119092693,0.05605367147991674,0.8823038973291564
25609,LOF,0.03783188398152307,0.41654521647361187,0.545622899544865
25610,LOF,0.04026036997671463,0.021756571191367955,0.9379830588319173
25611,LOF,0.043824377988873085,0.020872424915446688,0.9353031970956803
25612,LOF,0.10050168994678878,0.03153383754674663,0.8679644725064647
25613,LOF,0.080049671071782,0.0334134727288517,0.8865368561993663
25614,LOF,0.030083665613685258,0.029087137003387907,0.9408291973829268
25615,LOF,0.05247107625241665,0.02840448687173644,0.919124436875847
25616,LOF,0.034509191245883294,0.02720980608343165,0.938281002670685
25617,LOF,0.03132886438546005,0.029317619296930133,0.9393535163176099
25618,LOF,0.16911299225326434,0.025866503126408424,0.8050205046203273
25619,LOF,0.029089064253996474,0.02727889861807383,0.9436320371279298
25620,LOF,0.03379854276835553,0.03613189986713788,0.9300695573645066
25621,LOF,0.031016952463269395,0.02369525962143411,0.9452877879152966
25622,LOF,0.0343982361811436,0.029398731945646284,0.9362030318732101
25623,LOF,0.07771364352697713,0.022346288946639824,0.899940067526383
25624,LOF,0.028134910981637878,0.03341853108255798,0.938446557935804
25625,LOF,0.036037403711398325,0.0353491594968596,0.928613436791742
25626,LOF,0.08905121557814276,0.02825351623401005,0.8826952681878473
25627,Neutral,0.5588742474621414,0.14342096690389658,0.297704785633962
25628,LOF,0.186274770817916,0.07171642060167542,0.7420088085804086
25629,LOF,0.06972625341997314,0.07436839281775111,0.8559053537622757
25630,LOF,0.14673936716522765,0.10863671301038531,0.7446239198243871
25631,Neutral,0.5393466361368509,0.09241280088190668,0.36824056298124247
25632,LOF,0.022058403412355272,0.0527181551313906,0.9252234414562541
25633,LOF,0.22123787867959566,0.0631406871778343,0.7156214341425701
25634,LOF,0.03195104123109064,0.10416941224053893,0.8638795465283705
25635,LOF,0.037498755380598534,0.06764505700908222,0.8948561876103193
25636,GOF,0.005037343930386565,0.6823300035086072,0.3126326525610063
25637,GOF,0.006292228554313315,0.6492846634121582,0.3444231080335284
25638,LOF,0.008351785415030299,0.38135279071408423,0.6102954238708854
25639,GOF,0.0055233888173445355,0.525485957364911,0.46899065381774446
25640,Neutral,0.4898024956539846,0.4323836259408802,0.07781387840513518
25641,LOF,0.009351930237500626,0.3595259081870053,0.631122161575494
25642,LOF,0.3035639380044469,0.06369367777312049,0.6327423842224326
25643,LOF,0.25499041407496525,0.16240416846232217,0.5826054174627127
25644,GOF,0.013342544275395841,0.5523707414677056,0.43428671425689863
25645,GOF,0.011487004034413335,0.521658533884607,0.46685446208097964
25646,LOF,0.01685832530577696,0.369461647440332,0.613680027253891
25647,LOF,0.013567898664643533,0.3063870233724054,0.680045077962951
25648,LOF,0.012639285177116077,0.3263913660367958,0.6609693487860882
25649,LOF,0.011283586016473748,0.22197965896557637,0.7667367550179499
25650,LOF,0.024553429343318268,0.48386797868918463,0.4915785919674971
25651,LOF,0.009348495236477126,0.3005864207672195,0.6900650839963034
25652,LOF,0.01652194532913175,0.27438534745659576,0.7090927072142725
25653,LOF,0.05497805335242359,0.3829754595753216,0.5620464870722547
25654,LOF,0.015406231365778742,0.1679328318367574,0.816660936797464
25655,LOF,0.10024419632389359,0.4413798018795284,0.45837600179657795
25656,LOF,0.05690423566090885,0.08096335521248357,0.8621324091266076
25657,LOF,0.2615975035813452,0.03543944909486997,0.7029630473237849
25658,LOF,0.03770183495681495,0.0943033425783861,0.867994822464799
25659,LOF,0.2732743671622614,0.06681626118390858,0.6599093716538301
25660,LOF,0.0757359454390708,0.09669516405246904,0.8275688905084602
25661,LOF,0.051575642973227455,0.07231073772298427,0.8761136193037883
25662,LOF,0.027477314021937083,0.04414838802206344,0.9283742979559995
25663,LOF,0.037929710724014194,0.06982900783089872,0.892241281445087
25664,LOF,0.04001392818236495,0.07959211810157175,0.8803939537160633
25665,LOF,0.05835948443881492,0.0463782922489457,0.8952622233122395
25666,LOF,0.04206510339963439,0.11957401065753477,0.8383608859428309
25667,LOF,0.028603704584675087,0.05280496043295284,0.9185913349823721
25668,LOF,0.034659524472524954,0.05859855120986974,0.9067419243176054
25669,LOF,0.03983390163861927,0.09182669421588457,0.8683394041454962
25670,LOF,0.17120894540062306,0.060010908356134755,0.7687801462432422
25671,LOF,0.038462873692792006,0.04843700648542499,0.9131001198217831
25672,LOF,0.055923069898144696,0.06515882170857677,0.8789181083932784
25673,LOF,0.044319164865238334,0.05884395814330264,0.896836876991459
25674,LOF,0.03293856939456213,0.0659344650825415,0.9011269655228964
25675,LOF,0.04725968722822643,0.053099633161173394,0.8996406796106002
25676,LOF,0.03183181484883786,0.06003070842774098,0.9081374767234213
25677,LOF,0.05831020285909077,0.06642021547146566,0.8752695816694437
25678,LOF,0.2451959041347529,0.051102287808105086,0.703701808057142
25679,LOF,0.1782912881064522,0.06231628087714156,0.7593924310164063
25680,LOF,0.06397581560749385,0.09504445549202363,0.8409797289004826
25681,LOF,0.11463280124332904,0.08590847150922597,0.7994587272474449
25682,LOF,0.041774271911504464,0.07595159243684536,0.8822741356516501
25683,LOF,0.08779413025952514,0.08994349545817391,0.8222623742823009
25684,LOF,0.05194105217629586,0.0799050998140003,0.8681538480097039
25685,LOF,0.1270402553315085,0.034840953966296044,0.8381187907021954
25686,LOF,0.03413509623937346,0.09323771249515715,0.8726271912654693
25687,LOF,0.05137846407806953,0.07333282142607908,0.8752887144958513
25688,LOF,0.023178640694826738,0.10721692879264347,0.8696044305125297
25689,LOF,0.01872712370746322,0.09040067877464857,0.8908721975178883
25690,LOF,0.01991080979283169,0.09071156107519375,0.8893776291319745
25691,LOF,0.1546459888823292,0.12809489906716942,0.7172591120505014
25692,LOF,0.2637359609214547,0.017970340302542385,0.7182936987760029
25693,LOF,0.04189572991424759,0.14979018422807455,0.8083140858576778
25694,LOF,0.26245049927084846,0.013323319737611786,0.7242261809915398
25695,LOF,0.16355897829076355,0.01881230660456658,0.8176287151046698
25696,LOF,0.16120196713960308,0.010563448695650266,0.8282345841647467
25697,LOF,0.13505816217716946,0.02577505516332095,0.8391667826595095
25698,LOF,0.026901300569361956,0.36609419960676126,0.6070044998238768
25699,LOF,0.05456473318467695,0.05434106525121863,0.8910942015641045
25700,LOF,0.033407672766661456,0.00862359706410727,0.9579687301692312
25701,LOF,0.013802382112339782,0.06561656880497475,0.9205810490826856
25702,GOF,0.03902822757824489,0.7231612770144007,0.2378104954073544
25703,LOF,0.02039335415420667,0.15836916942502557,0.8212374764207677
25704,LOF,0.08323063028171228,0.15099954743511818,0.7657698222831696
25705,LOF,0.07080536650178745,0.22503560440802775,0.7041590290901848
25706,GOF,0.039229236205150106,0.6286472398441512,0.3321235239506987
25707,GOF,0.02845567576897273,0.5094234614673864,0.4621208627636409
25708,LOF,0.007211825108730143,0.4498221385102684,0.5429660363810014
25709,LOF,0.01902142214711188,0.06552283973233038,0.9154557381205578
25710,LOF,0.008266296016778633,0.14719070889320005,0.8445429950900213
25711,LOF,0.021734597846824726,0.12136089627312545,0.8569045058800497
25712,LOF,0.008972607671310641,0.21776141935470703,0.7732659729739824
25713,LOF,0.0201028859311891,0.10809933651561265,0.8717977775531982
25714,LOF,0.021582669319815458,0.14398333108081537,0.8344339995993693
25715,LOF,0.020977947276918152,0.12280160006486959,0.8562204526582122
25716,LOF,0.015361431954288985,0.12474744646842127,0.8598911215772898
25717,LOF,0.006342195289145329,0.11356673938136365,0.880091065329491
25718,LOF,0.020681662085414877,0.07870108327388849,0.9006172546406966
25719,LOF,0.03463999495380777,0.08776049106911617,0.877599513977076
25720,LOF,0.025489218864801065,0.08563134532518804,0.8888794358100109
25721,LOF,0.02427736457080049,0.0917863919012019,0.8839362435279977
25722,LOF,0.017054072213167522,0.12219756137139438,0.8607483664154382
25723,LOF,0.022098909349596237,0.07338982013974933,0.9045112705106544
25724,LOF,0.025923983714554375,0.13418405945266768,0.8398919568327781
25725,LOF,0.02228582643577968,0.06916306374299366,0.9085511098212268
25726,LOF,0.01619348632176278,0.10406617000316923,0.879740343675068
25727,LOF,0.02093127546422747,0.09023620702213449,0.888832517513638
25728,LOF,0.020606125187136778,0.0981942465456059,0.8811996282672574
25729,LOF,0.01970283697894542,0.10466597534062354,0.875631187680431
25730,LOF,0.022242637089954078,0.08068965180552316,0.8970677111045227
25731,LOF,0.011844584408266273,0.17489331394096486,0.8132621016507688
25732,LOF,0.019058855418703412,0.10195602290334094,0.8789851216779556
25733,LOF,0.02825489436938189,0.08668268894208034,0.8850624166885378
25734,LOF,0.007943965202105586,0.19732091197103685,0.7947351228268574
25735,LOF,0.022352891362508728,0.0769576506490403,0.900689457988451
25736,LOF,0.020779182155823944,0.12289568013001632,0.8563251377141596
25737,LOF,0.04005931723171957,0.108670906352111,0.8512697764161694
25738,LOF,0.0203933532113295,0.15210676792838412,0.8274998788602863
25739,LOF,0.022523740741264026,0.1383021561219014,0.8391741031368345
25740,LOF,0.05130483821790226,0.143460844813635,0.8052343169684628
25741,LOF,0.028566848418310226,0.11561843705279601,0.8558147145288938
25742,LOF,0.0447751300704861,0.12839721944184748,0.8268276504876665
25743,LOF,0.012549125503103834,0.031045498357891887,0.9564053761390042
25744,GOF,0.21606709469541657,0.41702949464094957,0.3669034106636339
25745,LOF,0.02685538402289819,0.05873845524044202,0.9144061607366598
25746,LOF,0.012612274241909312,0.07896753761543655,0.9084201881426542
25747,LOF,0.030443990599382065,0.031941416432080524,0.9376145929685374
25748,LOF,0.25942042077499317,0.05437376308226326,0.6862058161427436
25749,LOF,0.012871844524056193,0.05522973489769071,0.931898420578253
25750,LOF,0.01585100323735842,0.09033855784223983,0.8938104389204017
25751,LOF,0.03931956749757385,0.05805310261132929,0.902627329891097
25752,GOF,0.08447842523445791,0.6896367967874624,0.22588477797807974
25753,LOF,0.006886608974998622,0.3642706228016206,0.6288427682233808
25754,GOF,0.006806694348328147,0.8609936973216176,0.13219960833005423
25755,LOF,0.007850543966823996,0.4455692075611886,0.5465802484719874
25756,LOF,0.049542628074353716,0.4471898110170062,0.5032675609086401
25757,GOF,0.007431373328861961,0.8702220870269664,0.12234653964417173
25758,GOF,0.009148539115489842,0.8902280598543052,0.10062340103020495
25759,GOF,0.005450371665548773,0.6068523847151349,0.3876972436193162
25760,LOF,0.005838230819992694,0.2999503946554606,0.6942113745245466
25761,GOF,0.07148235460019603,0.8503544285359431,0.07816321686386077
25762,LOF,0.029939838999307772,0.37798559116472447,0.5920745698359677
25763,LOF,0.0070312156764179385,0.27113733505011733,0.7218314492734648
25764,GOF,0.07042976177251332,0.6586523888469914,0.27091784938049523
25765,GOF,0.007931022636476067,0.8559936053495334,0.1360753720139906
25766,GOF,0.042888595622198954,0.8309977591364461,0.12611364524135493
25767,GOF,0.010620918344148408,0.5364361469183726,0.45294293473747904
25768,LOF,0.035346126901247506,0.07795863402068415,0.8866952390780684
25769,LOF,0.02458689903770901,0.08324313393746728,0.8921699670248238
25770,LOF,0.17643871003004669,0.07081627542030358,0.7527450145496497
25771,LOF,0.016001749185888394,0.06796428781971318,0.9160339629943984
25772,LOF,0.025715741088232887,0.03305439606283967,0.9412298628489274
25773,LOF,0.023297408121646518,0.06258365757073163,0.9141189343076219
25774,LOF,0.028479636533825216,0.1081367329876393,0.8633836304785354
25775,LOF,0.025118821875127973,0.04335541497527054,0.9315257631496016
25776,LOF,0.02750611754535338,0.030651075686184515,0.9418428067684621
25777,LOF,0.2597368474558631,0.07921250818209206,0.6610506443620449
25778,LOF,0.02039136454411415,0.057642922287323324,0.9219657131685625
25779,GOF,0.030640654699562,0.8996045290302077,0.06975481627023025
25780,GOF,0.06648990299394698,0.8824402083540998,0.05106988865195332
25781,GOF,0.03191843855837472,0.8810293569632162,0.0870522044784091
25782,GOF,0.026651894050014807,0.9081948043420692,0.06515330160791587
25783,GOF,0.02040239612242765,0.7996613730076525,0.17993623086991983
25784,GOF,0.07732649787425754,0.8847490647161657,0.037924437409576746
25785,GOF,0.05637323056274454,0.9016845552990572,0.041942214138198125
25786,GOF,0.008027061432515989,0.8505835003463631,0.14138943822112085
25787,GOF,0.1546007615631129,0.8080643464488885,0.03733489198799843
25788,LOF,0.015017709208790055,0.19886708642697845,0.7861152043642314
25789,GOF,0.013647537951658644,0.8646731962570743,0.12167926579126724
25790,GOF,0.014705229794303448,0.8700648310255226,0.11522993918017395
25791,GOF,0.016720020795725755,0.8307464512732712,0.1525335279310032
25792,GOF,0.021167299235245383,0.8405420571166746,0.13829064364807997
25793,GOF,0.05396876599845362,0.8265183224616947,0.11951291153985175
25794,GOF,0.04525499163498937,0.7460628664374134,0.20868214192759713
25795,GOF,0.04699546950636704,0.7811173352900788,0.17188719520355422
25796,GOF,0.07066270909833171,0.8394013030856328,0.08993598781603557
25797,GOF,0.04737598219160898,0.7221457219922961,0.23047829581609494
25798,GOF,0.003168761218042419,0.6618983261571009,0.33493291262485664
25799,GOF,0.002817924069548475,0.5681462841535834,0.4290357917768682
25800,GOF,0.016774354715481856,0.7709487717323735,0.2122768735521446
25801,GOF,0.013751839149273424,0.8754875981396191,0.11076056271110758
25802,GOF,0.021053449558840726,0.8371627465555445,0.14178380388561493
25803,GOF,0.014125263337489567,0.7325468875378672,0.2533278491246433
25804,GOF,0.017683642998712553,0.6592409785416846,0.3230753784596029
25805,GOF,0.02309839945533576,0.7312378833804636,0.24566371716420074
25806,GOF,0.017901319185884692,0.7944715729912353,0.18762710782288
25807,GOF,0.006008424096992497,0.7683984828291105,0.22559309307389708
25808,GOF,0.01379931812164609,0.7746183189580466,0.2115823629203075
25809,GOF,0.007197640072735627,0.7678965278860718,0.22490583204119266
25810,GOF,0.005979126638821495,0.7613736580227461,0.23264721533843244
25811,GOF,0.036409398326032384,0.883575653902625,0.08001494777134266
25812,GOF,0.017345582503954602,0.7532677578504885,0.22938665964555693
25813,GOF,0.10020316848083079,0.8013953709702979,0.09840146054887135
25814,GOF,0.022760766493178274,0.7946051875348594,0.18263404597196226
25815,GOF,0.03986334372104852,0.8275605359362626,0.1325761203426888
25816,GOF,0.008351493132984097,0.8603588718082499,0.13128963505876592
25817,GOF,0.10259052531857314,0.8173513794020143,0.08005809527941275
25818,GOF,0.018989817853807243,0.8271810999048699,0.15382908224132286
25819,GOF,0.0493981978172156,0.7695000747394112,0.1811017274433732
25820,GOF,0.02431455328652575,0.7854532090552195,0.19023223765825473
25821,GOF,0.016151410374595183,0.7841207852930006,0.19972780433240428
25822,GOF,0.02951460932655002,0.7757472918586503,0.1947380988147997
25823,GOF,0.019611850656029082,0.6831908079052418,0.2971973414387291
25824,GOF,0.01607894915957584,0.7761478064849096,0.2077732443555146
25825,GOF,0.013758808201404925,0.7714164706314753,0.21482472116711981
25826,GOF,0.006172705994721728,0.7544619175563935,0.23936537644888498
25827,GOF,0.010621101312263837,0.7263469212022691,0.2630319774854672
25828,GOF,0.007435863926546203,0.6798157502948765,0.3127483857785774
25829,GOF,0.0033247699147599726,0.7239633438736405,0.2727118862115995
25830,GOF,0.03143990892243879,0.522641426108639,0.4459186649689223
25831,GOF,0.05770038806801816,0.8145838839158056,0.12771572801617614
25832,GOF,0.008153571159558939,0.795609053941278,0.19623737489916296
25833,GOF,0.02799189112970465,0.846214023944023,0.12579408492627223
25834,GOF,0.008052302335734526,0.8000523140138893,0.1918953836503761
25835,GOF,0.019478461393055146,0.8657709497078597,0.11475058889908511
25836,GOF,0.00596137743568184,0.8029083974028366,0.19113022516148162
25837,GOF,0.006251974674807085,0.694555789865537,0.2991922354596559
25838,GOF,0.01724395130638806,0.8608934424769816,0.1218626062166303
25839,GOF,0.04307628786643273,0.8350053022886036,0.1219184098449637
25840,GOF,0.08033281346475456,0.8114763929628558,0.10819079357238973
25841,GOF,0.07475526399976293,0.8305758848284381,0.09466885117179892
25842,GOF,0.020329679256435782,0.8883226484707143,0.09134767227284989
25843,GOF,0.01928791678826515,0.8918582920699154,0.08885379114181953
25844,GOF,0.012303943797220407,0.8346535467476911,0.15304250945508838
25845,GOF,0.004511597960029142,0.6416876515272394,0.3538007505127313
25846,GOF,0.06570649666212136,0.8421342154920965,0.0921592878457821
25847,GOF,0.01397891746284049,0.8976148641492198,0.08840621838793984
25848,GOF,0.015159721941151463,0.8587425097414805,0.12609776831736802
25849,GOF,0.005250340864254522,0.7575272027310918,0.23722245640465373
25850,GOF,0.005209406508537961,0.7501056825610316,0.2446849109304305
25851,GOF,0.004751832869071123,0.6473428228631473,0.34790534426778147
25852,GOF,0.12050754904063289,0.5978545679000405,0.28163788305932663
25853,GOF,0.05736017194230885,0.8402305378635618,0.10240929019412935
25854,GOF,0.003951007017639691,0.6857312341368045,0.31031775884555585
25855,GOF,0.01574354209348901,0.6579015343670986,0.3263549235394124
25856,GOF,0.0332339142236504,0.7839104656767291,0.18285562009962053
25857,GOF,0.017471131308056272,0.6361646015717801,0.3463642671201636
25858,GOF,0.007146396667971047,0.6561873709383989,0.3366662323936301
25859,GOF,0.005855568909097014,0.6505310962186929,0.34361333487221024
25860,GOF,0.07241540917033297,0.8212033596369153,0.10638123119275181
25861,GOF,0.07991547758899178,0.8294292715245707,0.09065525088643754
25862,GOF,0.014994143983478371,0.8746502526724718,0.11035560334404984
25863,GOF,0.016789847050578652,0.8706983631950984,0.11251178975432291
25864,GOF,0.05206656870381372,0.8762726344481222,0.07166079684806399
25865,GOF,0.03748970310206211,0.8435509172571937,0.1189593796407442
25866,GOF,0.02121668851354204,0.8740237279776759,0.10475958350878208
25867,GOF,0.03374554787729389,0.8834415990930009,0.08281285302970508
25868,GOF,0.052295964079768,0.8330532535435309,0.11465078237670111
25869,GOF,0.32369975919754157,0.6069455702356633,0.0693546705667953
25870,GOF,0.05197986901690354,0.6842299969054237,0.2637901340776728
25871,GOF,0.008921268393500027,0.886050212551579,0.10502851905492087
25872,GOF,0.01743972745164825,0.8649853204076771,0.11757495214067475
25873,GOF,0.01583461384362041,0.8918279167115746,0.092337469444805
25874,LOF,0.014543420087240928,0.24841759257963966,0.7370389873331195
25875,LOF,0.04039421576468621,0.05280401982298121,0.9068017644123325
25876,LOF,0.019127437422799994,0.03229564325111983,0.9485769193260802
25877,LOF,0.11364226558544147,0.08498083175840077,0.8013769026561578
25878,LOF,0.08266722716637727,0.13032151915541917,0.7870112536782035
25879,LOF,0.0228506209505878,0.09527977622110768,0.8818696028283045
25880,LOF,0.06106843374719558,0.012151023483148725,0.9267805427696557
25881,Neutral,0.5028239756058355,0.06424951749664876,0.4329265068975159
25882,LOF,0.06708061979369541,0.02138175166593804,0.9115376285403667
25883,LOF,0.027646268136937182,0.026251009507016553,0.9461027223560463
25884,LOF,0.017298605160990316,0.048189342380801206,0.9345120524582085
25885,LOF,0.18183006894449702,0.011102181834515758,0.8070677492209873
25886,LOF,0.27170026050039947,0.053179170711277014,0.6751205687883236
25887,LOF,0.15882721529819416,0.07062443092418154,0.7705483537776243
25888,LOF,0.010726761787346275,0.12994427579354334,0.8593289624191105
25889,LOF,0.02337221549879825,0.03439594015579154,0.9422318443454102
25890,LOF,0.15983612345393056,0.08589326287641622,0.7542706136696532
25891,LOF,0.1081465836340395,0.025974225914585553,0.8658791904513748
25892,LOF,0.008566494429880719,0.037034549138493106,0.9543989564316262
25893,LOF,0.36052520396197857,0.011984299063859581,0.6274904969741618
25894,LOF,0.3800509958269252,0.006252564928780037,0.6136964392442947
25895,LOF,0.3210441981447966,0.013663202289742432,0.6652925995654609
25896,LOF,0.07143331130001732,0.022601900327400955,0.9059647883725818
25897,LOF,0.1891476696082627,0.009021732887077047,0.8018305975046601
25898,LOF,0.158026893396909,0.03591930157743695,0.806053805025654
25899,LOF,0.4322762758046896,0.022142005856911746,0.5455817183383987
25900,Neutral,0.5255332960239791,0.007526666310996832,0.46694003766502395
25901,LOF,0.07130334274922259,0.008530198175544273,0.9201664590752331
25902,LOF,0.17162220230850062,0.011274025899541256,0.8171037717919581
25903,LOF,0.4031253228670385,0.026451510341695107,0.5704231667912665
25904,Neutral,0.5245984896598411,0.03242147350660126,0.44298003683355763
25905,GOF,0.005714537798304028,0.517107843224236,0.4771776189774601
25906,LOF,0.00780396728388486,0.11063461377293225,0.881561418943183
25907,LOF,0.005131264912846897,0.37594398112662314,0.61892475396053
25908,LOF,0.005234996196530248,0.2842435357289166,0.7105214680745531
25909,LOF,0.02734367074608511,0.15780799400880302,0.8148483352451119
25910,LOF,0.011492528716043041,0.12981605168727836,0.8586914195966786
25911,LOF,0.22380454038717443,0.05500147123086795,0.7211939883819575
25912,LOF,0.10515939795175545,0.03713572207872746,0.8577048799695172
25913,LOF,0.02454106795771975,0.08185584193316504,0.8936030901091152
25914,LOF,0.03893049546748241,0.0409395808672214,0.9201299236652962
25915,LOF,0.2044374335117439,0.17305910980967232,0.6225034566785838
25916,LOF,0.032011148399101665,0.1051467429089972,0.8628421086919013
25917,LOF,0.07221513658834262,0.031866916216449645,0.8959179471952078
25918,LOF,0.043367481543597756,0.023157478137680782,0.9334750403187214
25919,LOF,0.03926987657727416,0.02315251576664,0.9375776076560858
25920,LOF,0.3305286824448999,0.22981433923277667,0.4396569783223233
25921,LOF,0.01489185406977962,0.03578527037449448,0.9493228755557259
25922,LOF,0.016939360815365814,0.03624637399136634,0.946814265193268
25923,LOF,0.41749319137059704,0.030414797776151897,0.5520920108532511
25924,LOF,0.025915338743340878,0.045593176197838155,0.928491485058821
25925,LOF,0.08633259974672644,0.041089072453461134,0.8725783277998124
25926,LOF,0.06736932321445838,0.03812484854937026,0.8945058282361713
25927,LOF,0.021703313506028287,0.06163747725167484,0.9166592092422968
25928,LOF,0.010440505921089329,0.04949450723613573,0.940064986842775
25929,Neutral,0.5495271845929254,0.02909493672356749,0.4213778786835071
25930,LOF,0.07465113866175217,0.030885665042600156,0.8944631962956477
25931,LOF,0.012820539621444554,0.037970403723091295,0.9492090566554641
25932,LOF,0.05951169777041983,0.0320155839771147,0.9084727182524656
25933,LOF,0.0619421244077075,0.018554585782650145,0.9195032898096425
25934,LOF,0.05627081460846493,0.0177983331836982,0.9259308522078368
25935,LOF,0.0795204344940749,0.049648605805400106,0.8708309597005249
25936,LOF,0.10128537469415465,0.018964454629497262,0.8797501706763482
25937,LOF,0.019598670055308513,0.02441885132734159,0.9559824786173499
25938,LOF,0.07541186681674084,0.0439772992299414,0.8806108339533177
25939,LOF,0.04790912435196645,0.026129418638940947,0.9259614570090926
25940,LOF,0.009353734511953387,0.3834474935994675,0.6071987718885792
25941,Neutral,0.5091610169775419,0.051952003619344225,0.4388869794031139
25942,LOF,0.010133740769281259,0.06165423389559357,0.9282120253351253
25943,LOF,0.050288490904880266,0.22411774207365745,0.7255937670214623
25944,LOF,0.04964070928497072,0.11097314944838728,0.839386141266642
25945,LOF,0.11406781940008946,0.033710692047426674,0.8522214885524838
25946,LOF,0.06291641677751221,0.04122426043140996,0.8958593227910779
25947,LOF,0.43917799427743065,0.10175105946363117,0.45907094625893824
25948,LOF,0.36757841028539584,0.018264483291762133,0.6141571064228419
25949,LOF,0.1477519094446557,0.07652511576720548,0.7757229747881388
25950,GOF,0.05636750070767263,0.5758622564297669,0.36777024286256044
25951,LOF,0.014145252133034072,0.4478000497945663,0.5380546980723997
25952,LOF,0.2145017931169633,0.2850431922900953,0.5004550145929414
25953,LOF,0.009315058374752723,0.1879951559723153,0.802689785652932
25954,GOF,0.06846246388057924,0.4701014130121415,0.4614361231072794
25955,LOF,0.006602095871379417,0.16554230807847806,0.8278555960501425
25956,LOF,0.01275735908637806,0.2528797245414535,0.7343629163721686
25957,LOF,0.1622535992736692,0.028709149517992177,0.8090372512083386
25958,LOF,0.03393540756418483,0.06074006689638091,0.9053245255394342
25959,GOF,0.011095289683202114,0.6763596873794342,0.3125450229373636
25960,LOF,0.005444895167409423,0.10254134500105519,0.8920137598315353
25961,LOF,0.03159703292734954,0.05089821420283574,0.9175047528698147
25962,LOF,0.04968180904691939,0.07003728462570172,0.8802809063273789
25963,LOF,0.005818736091523697,0.16353787356211383,0.8306433903463625
25964,LOF,0.02847339854977896,0.10592942147090906,0.8655971799793121
25965,LOF,0.24524642412733363,0.12624687595467265,0.6285066999179936
25966,LOF,0.3735121883125462,0.12313826907187891,0.5033495426155749
25967,LOF,0.008169066217859742,0.07793071000781464,0.9139002237743257
25968,LOF,0.04530575569340573,0.2610601135241844,0.6936341307824099
25969,LOF,0.17126420723506056,0.053755745828333444,0.7749800469366059
25970,LOF,0.061605216090929435,0.08096563089045833,0.8574291530186122
25971,LOF,0.07856130571488122,0.03692000446250853,0.8845186898226102
25972,LOF,0.07135757006112195,0.061074053814125916,0.8675683761247521
25973,LOF,0.06292558412375641,0.009590330855321409,0.9274840850209222
25974,LOF,0.04825752269839082,0.04561361811557176,0.9061288591860374
25975,LOF,0.03883725188365191,0.018754238557532197,0.9424085095588158
25976,LOF,0.08056139104587459,0.009836123128803434,0.909602485825322
25977,LOF,0.23880486493199132,0.06247980798409612,0.6987153270839126
25978,LOF,0.17243053490655563,0.10883734401258252,0.7187321210808619
25979,LOF,0.14572191236611792,0.13225800416347505,0.722020083470407
25980,LOF,0.2378795699869335,0.17006946760591224,0.5920509624071542
25981,LOF,0.23946587544874998,0.1718616591473078,0.5886724654039422
25982,LOF,0.41997864569678117,0.09407051073922876,0.4859508435639901
25983,LOF,0.41822018614470474,0.1192410614206607,0.4625387524346346
25984,LOF,0.04277203973255739,0.1021772858900568,0.8550506743773858
25985,LOF,0.33284524755802636,0.16897070064558878,0.49818405179638503
25986,LOF,0.01024419038813921,0.4316084306078214,0.5581473790040394
25987,LOF,0.04562284600576992,0.10173812925453098,0.8526390247396991
25988,LOF,0.039831170600603136,0.15905530199248888,0.801113527406908
25989,LOF,0.044078409293136105,0.18719403872246623,0.7687275519843976
25990,LOF,0.03708901128073956,0.31182929282933197,0.6510816958899284
25991,LOF,0.020314133606417137,0.453761405489758,0.5259244609038248
25992,LOF,0.017046970437263533,0.4404777629334199,0.5424752666293166
25993,LOF,0.03062985219436699,0.07761656849305354,0.8917535793125794
25994,LOF,0.0258977946968902,0.07516687553786543,0.8989353297652444
25995,LOF,0.022591736526316332,0.13239727579475288,0.8450109876789308
25996,Neutral,0.3604711519940263,0.3548795117915935,0.2846493362143802
25997,LOF,0.054039182737516435,0.40317313729219173,0.5427876799702919
25998,LOF,0.2763273413775913,0.0428382231011696,0.6808344355212391
25999,LOF,0.04418643104411022,0.16572476806541514,0.7900888008904746
26000,LOF,0.15890629941034948,0.021457507675463,0.8196361929141874
26001,LOF,0.28134130980607963,0.030497736635913115,0.6881609535580072
26002,LOF,0.10692922060456879,0.034149824376961416,0.8589209550184699
26003,GOF,0.006526696006020874,0.637069907653112,0.3564033963408672
26004,GOF,0.01610099264123935,0.7051274107869762,0.2787715965717844
26005,LOF,0.005109254315208968,0.4722275653722349,0.5226631803125561
26006,GOF,0.14343406482142793,0.550999921856811,0.30556601332176103
26007,GOF,0.011215613569773573,0.5478783918730953,0.4409059945571312
26008,GOF,0.006289742748550543,0.5927959644489471,0.40091429280250224
26009,GOF,0.010917000629259576,0.6605671960061869,0.3285158033645535
26010,GOF,0.009516389562584519,0.6263996317737361,0.36408397866367936
26011,LOF,0.004066445870241911,0.433603763552456,0.5623297905773021
26012,GOF,0.0045115923871337175,0.5048314639087939,0.4906569437040723
26013,GOF,0.009850289305508653,0.5777302056226878,0.4124195050718035
26014,LOF,0.06557307661442975,0.10948861133840239,0.8249383120471678
26015,LOF,0.39152726808150257,0.04326166728391928,0.5652110646345782
26016,LOF,0.2857597233037294,0.05413867429565298,0.6601016024006175
26017,LOF,0.01858840125938634,0.27146285018163574,0.7099487485589778
26018,LOF,0.025354971813045114,0.07035036645884378,0.904294661728111
26019,LOF,0.025388195291806876,0.06293036620063867,0.9116814385075545
26020,LOF,0.0071214742999228505,0.25855961830300517,0.7343189073970721
26021,LOF,0.09742933618880184,0.10650807223503013,0.7960625915761681
26022,LOF,0.03637795388486318,0.03622095432419085,0.927401091790946
26023,LOF,0.01988487670588471,0.04886093215717894,0.9312541911369363
26024,LOF,0.05054945830093414,0.08367456793984704,0.8657759737592189
26025,LOF,0.09374769802470957,0.08775366394347268,0.8184986380318178
26026,LOF,0.1135396968184219,0.07215526057202977,0.8143050426095483
26027,LOF,0.02539574482003593,0.03230591742410079,0.9422983377558631
26028,LOF,0.08907686324235307,0.17724416356333728,0.7336789731943097
26029,LOF,0.028087027559402,0.20735775763720704,0.764555214803391
26030,LOF,0.14827317621783676,0.03183089392411659,0.8198959298580467
26031,LOF,0.01108059531426976,0.17666996954183609,0.8122494351438941
26032,LOF,0.03759411192504646,0.04999611095212959,0.912409777122824
26033,LOF,0.0395267579091743,0.04900043602398202,0.9114728060668437
26034,LOF,0.01595654968405045,0.1497088613337956,0.834334588982154
26035,LOF,0.013417005827735187,0.10462627392320145,0.8819567202490634
26036,LOF,0.014075505511641596,0.1205974678242374,0.8653270266641209
26037,LOF,0.011524233676967323,0.09854154052747627,0.8899342257955565
26038,LOF,0.030947519181310622,0.04429960037093161,0.9247528804477577
26039,LOF,0.0352081747121728,0.13074379597189162,0.8340480293159355
26040,LOF,0.07610189693628047,0.11701674060511898,0.8068813624586005
26041,LOF,0.014853790369323858,0.08859749769772428,0.8965487119329518
26042,LOF,0.013571771111459638,0.10148885619103629,0.884939372697504
26043,LOF,0.030100584099827295,0.06526382800477903,0.9046355878953937
26044,LOF,0.010350917407884755,0.054228355601279796,0.9354207269908354
26045,LOF,0.0715618400557123,0.10720871242276282,0.8212294475215248
26046,LOF,0.026951027190189433,0.050309053354793284,0.9227399194550172
26047,LOF,0.05288278765263898,0.05060698721289685,0.8965102251344641
26048,LOF,0.10550986791378818,0.021510279769042715,0.8729798523171691
26049,Neutral,0.942508797689043,0.0090915894248285,0.04839961288612844
26050,Neutral,0.9141833090418067,0.009756482068286906,0.07606020888990647
26051,LOF,0.022622706704681795,0.10320719294647146,0.8741701003488467
26052,LOF,0.03784743010193874,0.12613462471972242,0.8360179451783388
26053,LOF,0.02434684590174809,0.1281247575390327,0.8475283965592191
26054,LOF,0.04722548963881138,0.03750936053243875,0.9152651498287498
26055,LOF,0.07177075185542742,0.03419953763420341,0.8940297105103692
26056,LOF,0.05820399223293837,0.04271726219016763,0.8990787455768939
26057,LOF,0.05691657751390115,0.018525862020036497,0.9245575604660624
26058,LOF,0.06152739783938962,0.0151393698550719,0.9233332323055384
26059,LOF,0.21209625540001792,0.037790304492224945,0.7501134401077572
26060,LOF,0.020255859297122283,0.17854691434745,0.8011972263554277
26061,LOF,0.01250697693687857,0.011255822505236716,0.9762372005578848
26062,LOF,0.007091704589012044,0.01657480971621112,0.976333485694777
26063,LOF,0.04200829681381051,0.013784235350635703,0.9442074678355538
26064,LOF,0.01633435063064356,0.019016715001410632,0.9646489343679457
26065,LOF,0.05083000959845592,0.017162281587091013,0.932007708814453
26066,LOF,0.041644287907786064,0.014090395765633755,0.9442653163265802
26067,LOF,0.047418896657527194,0.013996043809662483,0.9385850595328104
26068,LOF,0.054362646947411955,0.053343753463587516,0.8922935995890005
26069,LOF,0.30152390361036113,0.03453207083752804,0.6639440255521107
26070,Neutral,0.5514476393602231,0.024571991302570716,0.4239803693372061
26071,LOF,0.04719517971584298,0.014774139247580744,0.9380306810365762
26072,LOF,0.009072046087168311,0.0208205716907139,0.9701073822221178
26073,LOF,0.03875664153980758,0.017684457915233986,0.9435589005449584
26074,Neutral,0.8711478375015602,0.012783877958249756,0.11606828454018994
26075,LOF,0.053932776221661316,0.029105528223263805,0.916961695555075
26076,LOF,0.0531419292401869,0.015249592076389248,0.9316084786834238
26077,LOF,0.16420806743060895,0.007760087938246973,0.8280318446311441
26078,LOF,0.007674217147777803,0.017644113542451004,0.9746816693097711
26079,LOF,0.06419554374777835,0.02737450585960123,0.9084299503926205
26080,LOF,0.06368203568700177,0.027471624151917767,0.9088463401610805
26081,LOF,0.03608071044733061,0.012075598056493796,0.9518436914961755
26082,LOF,0.006412968653350855,0.01845009694343887,0.9751369344032104
26083,LOF,0.10029147961921558,0.02727109457309068,0.8724374258076938
26084,LOF,0.10356381833360796,0.019439035725129183,0.8769971459412629
26085,LOF,0.0901059275725137,0.01697448824535304,0.8929195841821331
26086,LOF,0.04062025072875352,0.014996541039239726,0.9443832082320068
26087,LOF,0.034799380519331256,0.01365518291771241,0.9515454365629562
26088,LOF,0.007294546711455995,0.02390372024568964,0.9688017330428543
26089,LOF,0.04232315520828903,0.04266794595665455,0.9150088988350564
26090,LOF,0.04259207874651641,0.033828063511181256,0.9235798577423024
26091,LOF,0.029304913420492185,0.010537979506312536,0.9601571070731953
26092,LOF,0.04607222975807721,0.011116944687916866,0.942810825554006
26093,LOF,0.08124864598264502,0.008407386071787992,0.9103439679455669
26094,LOF,0.034193808171883826,0.010490323131847617,0.9553158686962685
26095,LOF,0.028490885005469858,0.02296515167124689,0.9485439633232832
26096,LOF,0.21370905378248534,0.006075425273080961,0.7802155209444337
26097,LOF,0.0077054875989282495,0.04015445894562064,0.9521400534554512
26098,LOF,0.12433790718587123,0.024240498126871245,0.8514215946872576
26099,LOF,0.04093069620529517,0.023662483239400515,0.9354068205553043
26100,LOF,0.04093069620529517,0.023662483239400515,0.9354068205553043
26101,LOF,0.062058258468576835,0.041061235832027365,0.8968805056993959
26102,LOF,0.03341822930331139,0.021459446764067167,0.9451223239326213
26103,Neutral,0.8948153514682369,0.03266869409671453,0.07251595443504855
26104,LOF,0.05698495317553178,0.049880847827221776,0.8931341989972464
26105,LOF,0.2617475434833832,0.13536646609723074,0.6028859904193861
26106,LOF,0.3161096883155619,0.0689056845631678,0.6149846271212703
26107,LOF,0.022198949435406925,0.09420811934468452,0.8835929312199085
26108,LOF,0.23507848926999916,0.0444905550484339,0.7204309556815669
26109,LOF,0.07370888388147527,0.03271193276193794,0.8935791833565868
26110,LOF,0.4096671207101129,0.011086979717851773,0.5792458995720353
26111,LOF,0.06505261835396917,0.12050068985996903,0.8144466917860619
26112,LOF,0.05904765477278732,0.009547361423763948,0.9314049838034487
26113,LOF,0.11524235124958564,0.021068093375510216,0.8636895553749042
26114,LOF,0.09119249942875461,0.0093087054761149,0.8994987950951305
26115,LOF,0.02074997121814123,0.05683231455577029,0.9224177142260884
26116,LOF,0.07582051859756618,0.02814568164575951,0.8960337997566742
26117,LOF,0.34613591957308476,0.04195083522499566,0.6119132452019195
26118,LOF,0.05217020248092994,0.019528225314503163,0.928301572204567
26119,LOF,0.007110552607730534,0.04163703925386732,0.9512524081384022
26120,LOF,0.0348985632072304,0.018537039785389973,0.9465643970073795
26121,LOF,0.003786236839327012,0.13739004290244516,0.858823720258228
