feature0,prediction,LoGoFunc_Neutral,LoGoFunc_GOF,LoGoFunc_LOF
25546,Neutral,0.7376149518277939,0.03736370976562225,0.2250213384065837
25547,Neutral,0.6012228052626805,0.0749930097763284,0.3237841849609913
25548,Neutral,0.6011988173805487,0.05741447296915957,0.3413867096502917
25549,Neutral,0.52881681310504,0.05692347049481894,0.41425971640014103
25550,LOF,0.360669428765962,0.10741874450107043,0.5319118267329676
25551,LOF,0.29564612362328563,0.1245793183417238,0.5797745580349906
25552,LOF,0.22126967002436518,0.12039922717001024,0.6583311028056245
25553,Neutral,0.8496555100601667,0.029199332485737042,0.12114515745409606
25554,LOF,0.25163667665472716,0.11154927685124039,0.6368140464940325
25555,LOF,0.21239535720462493,0.09827817673790121,0.6893264660574738
25556,LOF,0.4442396629936837,0.09949700573265621,0.45626333127366003
25557,LOF,0.20569231594736895,0.10434631815753738,0.6899613658950937
25558,LOF,0.2424737927942795,0.11197056376619194,0.6455556434395285
25559,LOF,0.3757851240471709,0.15875935064018157,0.46545552531264744
25560,LOF,0.051257418665915544,0.11549926384507463,0.8332433174890097
25561,LOF,0.11683861796296216,0.11520926320088312,0.7679521188361548
25562,LOF,0.10014869211183873,0.05173742315682846,0.8481138847313328
25563,LOF,0.1077289488997251,0.06286021243855454,0.8294108386617204
25564,LOF,0.2266081346801868,0.10836634699318641,0.6650255183266268
25565,LOF,0.1502136707253328,0.13224616121285315,0.7175401680618141
25566,GOF,0.01500354479212192,0.7938840035983108,0.19111245160956716
25567,LOF,0.014486580344784936,0.18309900077795188,0.8024144188772632
25568,LOF,0.05013211202511752,0.07050433945184605,0.8793635485230363
25569,LOF,0.05991372775439749,0.06857187639932873,0.8715143958462738
25570,LOF,0.06185239248396705,0.10079491573668264,0.8373526917793503
25571,LOF,0.05475403582557736,0.09617044353647819,0.8490755206379444
25572,LOF,0.06918255273434436,0.1230832820641175,0.8077341652015382
25573,LOF,0.03692561213135732,0.10392991127051467,0.859144476598128
25574,LOF,0.021299247158166862,0.15277657126220365,0.8259241815796294
25575,LOF,0.044629395000336185,0.11153323057847665,0.8438373744211871
25576,LOF,0.0170173716976783,0.12716546368944834,0.8558171646128735
25577,LOF,0.015769895897242498,0.12163468697519554,0.862595417127562
25578,LOF,0.26490929814672853,0.08917254646567825,0.6459181553875932
25579,LOF,0.26579187789265707,0.08841070627255947,0.6457974158347836
25580,LOF,0.031041410651390103,0.08377903566653877,0.8851795536820711
25581,LOF,0.0534469993530145,0.06988474131963568,0.8766682593273498
25582,LOF,0.05285108622767504,0.06843658542518931,0.8787123283471356
25583,LOF,0.04014928045775871,0.09358466213838447,0.8662660574038568
25584,Neutral,0.4758973430015427,0.09955619737628456,0.4245464596221728
25585,LOF,0.024583784492181016,0.12293483730113625,0.8524813782066828
25586,LOF,0.028885050637276862,0.07348140463805389,0.8976335447246692
25587,LOF,0.029720487764480937,0.07071553130018467,0.8995639809353344
25588,LOF,0.030418903190922785,0.08331723580198847,0.8862638610070888
25589,Neutral,0.6056108832597898,0.12450736399952664,0.26988175274068354
25590,LOF,0.03413583915198288,0.13066145930147843,0.8352027015465388
25591,LOF,0.09743300806323578,0.05934067720084641,0.8432263147359178
25592,LOF,0.09760114231695856,0.12522138220866383,0.7771774754743775
25593,LOF,0.03415615898222878,0.26347397577320675,0.7023698652445645
25594,LOF,0.045685779200059666,0.17295408277292265,0.7813601380270176
25595,LOF,0.05187215577122045,0.11931095629501387,0.8288168879337657
25596,LOF,0.04802413812084356,0.09754752213511733,0.8544283397440392
25597,LOF,0.035594274766127115,0.10251290932159966,0.8618928159122732
25598,LOF,0.04863811652663324,0.12492505145152723,0.8264368320218395
25599,GOF,0.008087382090084009,0.6516803958549837,0.34023222205493237
25600,GOF,0.013762025624838015,0.5727991870939425,0.4134387872812196
25601,LOF,0.011052144447571209,0.439051702261821,0.5498961532906078
25602,LOF,0.022901648848323686,0.043356136619189474,0.933742214532487
25603,LOF,0.05663963234928864,0.0221192863361989,0.9212410813145124
25604,LOF,0.0366744517764825,0.035173707080644684,0.9281518411428727
25605,LOF,0.010118297917539135,0.1912218563411334,0.7986598457413275
25606,LOF,0.06263138225388758,0.37186184963969854,0.565506768106414
25607,LOF,0.006202303388426897,0.18157889664142648,0.8122187999701467
25608,LOF,0.0451437826663527,0.06421528265795134,0.890640934675696
25609,LOF,0.0380570839003813,0.4488397205151027,0.513103195584516
25610,LOF,0.03343796181308401,0.02810074542212509,0.9384612927647908
25611,LOF,0.03824759578502577,0.02699273659330145,0.9347596676216728
25612,LOF,0.09281709293754642,0.039774931032269235,0.8674079760301844
25613,LOF,0.07735025083374411,0.04153358156935783,0.881116167596898
25614,LOF,0.02613885907731901,0.036768222007519925,0.937092918915161
25615,LOF,0.04777422449873747,0.04300581630123945,0.9092199592000231
25616,LOF,0.02577199328636618,0.03414233961848259,0.9400856670951513
25617,LOF,0.023843482871800947,0.038096153113996035,0.9380603640142031
25618,LOF,0.1398163660860999,0.03204830367708146,0.8281353302368187
25619,LOF,0.027595331110238916,0.03487745298682551,0.9375272159029356
25620,LOF,0.032316733910664815,0.04209863111722114,0.9255846349721141
25621,LOF,0.02705551455358996,0.032669992121694705,0.9402744933247154
25622,LOF,0.02938296878353288,0.03995150897054588,0.9306655222459213
25623,LOF,0.05003629641293738,0.038679408325405173,0.9112842952616574
25624,LOF,0.023873294245093903,0.043120861123030006,0.9330058446318761
25625,LOF,0.03249601603666312,0.04818185640068802,0.9193221275626489
25626,LOF,0.08349542838014457,0.03708590180787484,0.8794186698119807
25627,Neutral,0.5455743308250123,0.11432069722404849,0.34010497195093925
25628,LOF,0.22333546346411431,0.05183156126278011,0.7248329752731055
25629,LOF,0.06207425903436136,0.06149910971579104,0.8764266312498477
25630,LOF,0.17114913020659114,0.08344539604214937,0.7454054737512595
25631,Neutral,0.6017681290903293,0.053776032776575035,0.3444558381330957
25632,LOF,0.01581239264455331,0.1026505801181409,0.8815370272373058
25633,LOF,0.19674835238743948,0.0842569625160671,0.7189946850964934
25634,LOF,0.0343808850201886,0.11073449944654888,0.8548846155332626
25635,LOF,0.03778367531137187,0.0966225812236528,0.8655937434649753
25636,GOF,0.003632820368068566,0.6483795111225332,0.34798766850939816
25637,GOF,0.0037181785569952086,0.6834633850645873,0.31281843637841755
25638,LOF,0.007362152358743573,0.4397041684472248,0.5529336791940317
25639,GOF,0.0035777913059053734,0.5473594826337107,0.44906272606038394
25640,Neutral,0.47391121072154724,0.45786176156746805,0.06822702771098478
25641,LOF,0.007615489213555159,0.35917816091001004,0.6332063498764348
25642,LOF,0.25730694174054675,0.07614034518407632,0.6665527130753769
25643,LOF,0.2508886787661511,0.19998135217057583,0.5491299690632732
25644,GOF,0.012554455410924734,0.552887898623476,0.4345576459655993
25645,GOF,0.010128030069690522,0.5005387909911696,0.4893331789391397
25646,LOF,0.016160166043576715,0.3590286724239655,0.6248111615324577
25647,LOF,0.014285565237413816,0.31203194020226094,0.6736824945603251
25648,LOF,0.013336711316088183,0.3191638335987462,0.6674994550851656
25649,LOF,0.009894994571804072,0.2339388144599827,0.7561661909682132
25650,GOF,0.02526609638963562,0.5074081867342984,0.467325716876066
25651,LOF,0.007944762470533847,0.31173972844030146,0.6803155090891646
25652,LOF,0.013029221447194426,0.28179563542307584,0.7051751431297297
25653,LOF,0.04944022248373411,0.37825490275127976,0.5723048747649861
25654,LOF,0.014414520317811154,0.17032088460473704,0.8152645950774519
25655,LOF,0.06776641526973039,0.4192724995105597,0.5129610852197098
25656,LOF,0.08712573242593863,0.0786036470863321,0.8342706204877293
25657,LOF,0.2916932131009282,0.03407550615163891,0.6742312807474329
25658,LOF,0.04306672105675669,0.09489721738105661,0.8620360615621867
25659,LOF,0.306592941773306,0.06871193041892451,0.6246951278077696
25660,LOF,0.06776193395136909,0.09868203698947123,0.8335560290591597
25661,LOF,0.04424071548504777,0.07560883595158883,0.8801504485633634
25662,LOF,0.02603453880738519,0.049328418714450525,0.9246370424781644
25663,LOF,0.037411519249681086,0.07244085285535067,0.8901476278949682
25664,LOF,0.03849239063988092,0.08874045024070865,0.8727671591194105
25665,LOF,0.05924400559153133,0.048319637295296224,0.8924363571131724
25666,LOF,0.0328124095321996,0.13371125071776882,0.8334763397500315
25667,LOF,0.02996547353311872,0.05776804388194971,0.9122664825849315
25668,LOF,0.030429304864494224,0.06118078107956096,0.9083899140559449
25669,LOF,0.038372518728192515,0.08856340743222563,0.873064073839582
25670,LOF,0.07490132177332283,0.08807122556703324,0.837027452659644
25671,LOF,0.0381921154877296,0.049189575972254644,0.9126183085400157
25672,LOF,0.06009188905984116,0.07090904679208755,0.8689990641480714
25673,LOF,0.04018575793234936,0.07851467096093574,0.8812995711067149
25674,LOF,0.03558786198203026,0.07968964108066179,0.8847224969373079
25675,LOF,0.04415440379776961,0.0631720039835315,0.892673592218699
25676,LOF,0.03184407904654894,0.06350502900719941,0.9046508919462517
25677,LOF,0.06026969043755882,0.06955352237604225,0.870176787186399
25678,LOF,0.2945778026973682,0.038417804675153676,0.667004392627478
25679,LOF,0.17671391898342398,0.07988024866693652,0.7434058323496395
25680,LOF,0.06044390333731409,0.10162653449722743,0.8379295621654586
25681,LOF,0.10178984703049782,0.0969382403519335,0.8012719126175687
25682,LOF,0.041215638328499185,0.08169048032166594,0.8770938813498349
25683,LOF,0.08277461204613887,0.1105358900661963,0.8066894978876648
25684,LOF,0.05651362612531829,0.08222322641990887,0.8612631474547727
25685,LOF,0.09681121017122503,0.057089839068721615,0.8460989507600535
25686,LOF,0.028552840867401334,0.10286468576370211,0.8685824733688965
25687,LOF,0.05018610470987284,0.0801226796476364,0.8696912156424907
25688,LOF,0.02389096435842128,0.09603805143575625,0.8800709842058225
25689,LOF,0.018321933871756704,0.07857121463918207,0.9031068514890613
25690,LOF,0.020406113536558503,0.08866210158514871,0.8909317848782927
25691,LOF,0.19037414500398658,0.13286019163405996,0.6767656633619535
25692,LOF,0.2830600394955245,0.012305757174888255,0.7046342033295871
25693,LOF,0.07341985479602746,0.1589653163530904,0.7676148288508822
25694,LOF,0.23985891972221787,0.013676274243689735,0.7464648060340924
25695,LOF,0.16548044144994256,0.017459265842758257,0.8170602927072991
25696,LOF,0.1785804852697315,0.010243806883143835,0.8111757078471247
25697,LOF,0.13816975770819281,0.024748612342690317,0.837081629949117
25698,LOF,0.03849982921186188,0.4033949354508513,0.5581052353372868
25699,LOF,0.06761568602462742,0.07774020472895399,0.8546441092464185
25700,LOF,0.03150030867748339,0.011329927232185262,0.9571697640903313
25701,LOF,0.013590414555290588,0.08091573367895341,0.905493851765756
25702,GOF,0.03412775126761374,0.7521838480170256,0.21368840071536055
25703,LOF,0.021303311601797277,0.19984841182087476,0.7788482765773279
25704,LOF,0.08771003814376392,0.16388507168614186,0.7484048901700942
25705,LOF,0.05901609363503423,0.22848035715592716,0.7125035492090386
25706,GOF,0.060823968430454026,0.6041439381630025,0.3350320934065435
25707,GOF,0.030871259327193395,0.5494092835629706,0.41971945710983594
25708,LOF,0.009088502390938176,0.45357144573575353,0.5373400518733084
25709,LOF,0.018462072723504176,0.06221528464705648,0.9193226426294393
25710,LOF,0.00914237736595808,0.1709790599536335,0.8198785626804085
25711,LOF,0.020261298109264587,0.12367505124534617,0.8560636506453893
25712,LOF,0.010168479482881328,0.22963933477525045,0.7601921857418683
25713,LOF,0.017848516504510772,0.10401021573937455,0.8781412677561146
25714,LOF,0.020445986982542647,0.13680517704952647,0.8427488359679308
25715,LOF,0.01898020349137679,0.11778887889871054,0.8632309176099127
25716,LOF,0.011759394892381455,0.14643846364657845,0.8418021414610402
25717,LOF,0.005709414617884532,0.13458431491569978,0.8597062704664157
25718,LOF,0.017460586485043596,0.07377726251128981,0.9087621510036665
25719,LOF,0.035563703304368574,0.08166472410079516,0.8827715725948362
25720,LOF,0.02357297928794276,0.0845187874219395,0.8919082332901177
25721,LOF,0.0233146904736208,0.0909079031068727,0.8857774064195064
25722,LOF,0.017380378910875478,0.11626362845844948,0.8663559926306751
25723,LOF,0.021254148749075503,0.06693578571202856,0.911810065538896
25724,LOF,0.028586003339867563,0.10696440378028056,0.8644495928798519
25725,LOF,0.022325410766057003,0.06423852135945733,0.9134360678744856
25726,LOF,0.015767699572881398,0.09318305798288021,0.8910492424442383
25727,LOF,0.01912886896941931,0.08493120489779388,0.8959399261327868
25728,LOF,0.017846459491973814,0.09980725569785395,0.8823462848101723
25729,LOF,0.018456497168592705,0.10095139311926538,0.880592109712142
25730,LOF,0.019587100664082487,0.08244591563065526,0.8979669837052622
25731,LOF,0.010774250535904584,0.1660875505699079,0.8231381988941876
25732,LOF,0.017556904069770597,0.0907055761242258,0.8917375198060037
25733,LOF,0.03155545250848238,0.0787852475902116,0.889659299901306
25734,LOF,0.006957609280472153,0.2188776735579821,0.7741647171615457
25735,LOF,0.021970388474199444,0.06967957365698355,0.908350037868817
25736,LOF,0.021104426885258862,0.10473231110662679,0.8741632620081143
25737,LOF,0.040680850053679336,0.0905072753865513,0.8688118745597694
25738,LOF,0.018903074662596525,0.1474528042036695,0.8336441211337339
25739,LOF,0.02182680408477099,0.1367260852963739,0.8414471106188551
25740,LOF,0.04932204414968223,0.1353045867968499,0.8153733690534679
25741,LOF,0.026756567998823626,0.11485674503933602,0.8583866869618403
25742,LOF,0.03861520215880695,0.13148514758498223,0.8298996502562109
25743,LOF,0.012542740929867223,0.043661013647546446,0.9437962454225863
25744,LOF,0.17096676136878772,0.38807918856782425,0.4409540500633881
25745,LOF,0.024062012667105045,0.06834925160709461,0.9075887357258002
25746,LOF,0.01280275498883646,0.08689047976506856,0.900306765246095
25747,LOF,0.034101756879012166,0.035239601724897325,0.9306586413960906
25748,LOF,0.27760989939812303,0.05624296123996821,0.6661471393619087
25749,LOF,0.01398138029087519,0.054160933641405694,0.9318576860677191
25750,LOF,0.01649864619409605,0.09458999187176678,0.8889113619341372
25751,LOF,0.038969566136807486,0.06819483004135475,0.8928356038218378
25752,GOF,0.08768220392957671,0.6893510903366055,0.22296670573381788
25753,LOF,0.006719587130759936,0.38418956524881176,0.6090908476204283
25754,GOF,0.00528139247202337,0.8689811023695776,0.125737505158399
25755,LOF,0.00874847308638002,0.4418785817845206,0.5493729451290994
25756,LOF,0.04541104291750535,0.46154123517631884,0.4930477219061758
25757,GOF,0.006424246807052334,0.882565005059182,0.1110107481337657
25758,GOF,0.008388538074734346,0.886222851049379,0.10538861087588668
25759,GOF,0.004941575394762034,0.6070832005203177,0.3879752240849203
25760,LOF,0.007044168925285456,0.30022425042972795,0.6927315806449866
25761,GOF,0.046277713884517145,0.8649789646442907,0.08874332147119215
25762,LOF,0.027097743460078916,0.39695235944716317,0.5759498970927579
25763,LOF,0.007735333385248935,0.2696736473767706,0.7225910192379804
25764,GOF,0.06594673054391781,0.6375490625628112,0.29650420689327117
25765,GOF,0.00822448773016793,0.8565101521469398,0.13526536012289225
25766,GOF,0.04236000869635404,0.8180787480656889,0.13956124323795696
25767,GOF,0.012930559044624533,0.5911025872952537,0.3959668536601219
25768,LOF,0.0360535803690633,0.08181184265378194,0.8821345769771547
25769,LOF,0.021603195526023813,0.08102074293338786,0.8973760615405884
25770,LOF,0.15367006118704082,0.07397035399007615,0.772359584822883
25771,LOF,0.011457707066645884,0.08448582045122455,0.9040564724821296
25772,LOF,0.022144682371558175,0.030458974903877296,0.9473963427245646
25773,LOF,0.012723129073701135,0.08323468587774387,0.904042185048555
25774,LOF,0.02840001265012495,0.09229650872726007,0.8793034786226149
25775,LOF,0.018941314830865738,0.04553150817802419,0.9355271769911101
25776,LOF,0.02465474197439094,0.028079983978335946,0.947265274047273
25777,LOF,0.2043228607228502,0.08196819709898102,0.7137089421781688
25778,LOF,0.019269236719105562,0.0603504344514586,0.9203803288294359
25779,GOF,0.04082518471557271,0.9005303822329814,0.05864443305144589
25780,GOF,0.07091356431973088,0.8838872424688335,0.04519919321143549
25781,GOF,0.023498805763403137,0.8870735064207965,0.08942768781580035
25782,GOF,0.028779945275855586,0.9111091950717226,0.06011085965242185
25783,GOF,0.019553706930408022,0.795708575346703,0.1847377177228889
25784,GOF,0.11459597549886473,0.8525853628596998,0.03281866164143551
25785,GOF,0.06382870672897477,0.8932963317416186,0.0428749615294068
25786,GOF,0.005547037716959352,0.825370746326201,0.16908221595683956
25787,GOF,0.16601575162922028,0.7986006351442481,0.03538361322653163
25788,LOF,0.015298257686153198,0.21086653177878084,0.7738352105350659
25789,GOF,0.02072433791195042,0.8647222181929378,0.11455344389511163
25790,GOF,0.021382155743306215,0.8695386469774836,0.10907919727921003
25791,GOF,0.014594184753158232,0.815197584803245,0.17020823044359662
25792,GOF,0.02545993342176451,0.831483249868574,0.14305681670966147
25793,GOF,0.0804836894801027,0.8338088877658429,0.0857074227540544
25794,GOF,0.07014995804486603,0.7577670167467083,0.17208302520842553
25795,GOF,0.06924132736448481,0.7674013419461635,0.1633573306893518
25796,GOF,0.08520205629634313,0.8217261281155477,0.0930718155881093
25797,GOF,0.038142109012280025,0.7257126076018398,0.23614528338588028
25798,GOF,0.0031991275946290634,0.6579208166454505,0.33888005575992036
25799,GOF,0.002952618111476849,0.5398548641306506,0.45719251775787256
25800,GOF,0.014117896030014166,0.7640985468000421,0.2217835571699439
25801,GOF,0.018036673101607812,0.8837841871239571,0.09817913977443501
25802,GOF,0.021663989971179038,0.8150668488187247,0.16326916121009633
25803,GOF,0.011054449779890493,0.7135270164816425,0.275418533738467
25804,GOF,0.012717176811431538,0.6251393348936477,0.36214348829492077
25805,GOF,0.021383993280367077,0.7190813131701278,0.2595346935495051
25806,GOF,0.017853623478688473,0.7916180351301211,0.19052834139119038
25807,GOF,0.004764740759026339,0.749151788380538,0.2460834708604356
25808,GOF,0.013590531592478366,0.7501827341806021,0.23622673422691942
25809,GOF,0.006888128644857474,0.7448895484690351,0.2482223228861074
25810,GOF,0.005984148138901022,0.7426276922324768,0.25138815962862204
25811,GOF,0.05433805222366141,0.8749170623731327,0.07074488540320592
25812,GOF,0.019204501827755318,0.7563342848606944,0.2244612133115503
25813,GOF,0.09976397236715862,0.8052868859951555,0.09494914163768582
25814,GOF,0.027249749910569707,0.7803244527156843,0.192425797373746
25815,GOF,0.06118522386490338,0.8333662782066124,0.10544849792848429
25816,GOF,0.006632847474624908,0.8557253925615553,0.13764175996381972
25817,GOF,0.10217724141765283,0.7928688352381261,0.10495392334422103
25818,GOF,0.02495593366367492,0.8163793078452056,0.15866475849111952
25819,GOF,0.06262033769430518,0.7694314509386541,0.1679482113670408
25820,GOF,0.03390775717002239,0.7660131171138752,0.2000791257161025
25821,GOF,0.02118017979739379,0.7548234957371514,0.22399632446545487
25822,GOF,0.04172067259669044,0.7662838594193456,0.191995467983964
25823,GOF,0.016056405165273152,0.6629829044346963,0.3209606904000305
25824,GOF,0.028152136237199588,0.7821887461342687,0.18965911762853177
25825,GOF,0.016251694252774083,0.7695576940824246,0.21419061166480133
25826,GOF,0.0054906938756381,0.7247943471446763,0.26971495897968556
25827,GOF,0.007493790475196778,0.7020093813403361,0.2904968281844672
25828,GOF,0.006091163459046488,0.6848310105905419,0.30907782595041167
25829,GOF,0.003044705809601992,0.7099180018714173,0.28703729231898073
25830,GOF,0.03985457885617104,0.5063578785753259,0.4537875425685031
25831,GOF,0.084090212318256,0.8042016079427307,0.11170817973901329
25832,GOF,0.00895509193785653,0.8012864851344943,0.18975842292764913
25833,GOF,0.038711870968661834,0.8497448023164108,0.11154332671492732
25834,GOF,0.010003898878057377,0.8135099747541027,0.17648612636784006
25835,GOF,0.022703774849794404,0.87237881473889,0.10491741041131554
25836,GOF,0.008019920183636535,0.813868603245153,0.17811147657121046
25837,GOF,0.007606621717607259,0.7344352577784392,0.25795812050395345
25838,GOF,0.02568484427161214,0.8700758484952791,0.1042393072331088
25839,GOF,0.04039087065203985,0.8634256974051139,0.0961834319428461
25840,GOF,0.07884870660169332,0.841703912831728,0.07944738056657877
25841,GOF,0.07805671582377441,0.8555241751501019,0.06641910902612348
25842,GOF,0.02506998168221905,0.8899882120715258,0.08494180624625522
25843,GOF,0.027200586377363892,0.8980465367683571,0.0747528768542789
25844,GOF,0.015356773313973391,0.8556888375641993,0.12895438912182738
25845,GOF,0.0055324954943747895,0.6510519006678912,0.34341560383773406
25846,GOF,0.07663035049475364,0.8482159006891811,0.07515374881606551
25847,GOF,0.01614502272283507,0.9101925898640696,0.0736623874130953
25848,GOF,0.017766127723466623,0.8580565608300187,0.12417731144651487
25849,GOF,0.004883615532435614,0.7559650193448859,0.23915136512267834
25850,GOF,0.006438471910366506,0.7585064045313927,0.2350551235582408
25851,GOF,0.005703115597480485,0.6474552749543738,0.3468416094481456
25852,GOF,0.13647105773263007,0.5927124701311086,0.2708164721362613
25853,GOF,0.07623882157212528,0.8365616242622306,0.08719955416564416
25854,GOF,0.005845434082471632,0.6964423607039496,0.29771220521357883
25855,GOF,0.01600652371193718,0.6515159932887603,0.33247748299930235
25856,GOF,0.03497471099457888,0.8042365400087882,0.16078874899663298
25857,GOF,0.017573106342332247,0.6604535731075292,0.3219733205501385
25858,GOF,0.010111977320293623,0.6718259189764181,0.31806210370328847
25859,GOF,0.0056426730725432145,0.6448935283149115,0.3494637986125452
25860,GOF,0.101551547849909,0.8155686949668769,0.08287975718321429
25861,GOF,0.08242368116129414,0.8299479478619861,0.08762837097671988
25862,GOF,0.018427445023379375,0.8692120459973834,0.11236050897923729
25863,GOF,0.022333337402651178,0.8779298302591759,0.09973683233817301
25864,GOF,0.04432375730320646,0.8857347666301058,0.06994147606668782
25865,GOF,0.03493738130404052,0.8667374935711714,0.09832512512478811
25866,GOF,0.027197393438793557,0.8751414781436482,0.09766112841755845
25867,GOF,0.034834727319293185,0.8882665343432815,0.07689873833742536
25868,GOF,0.055339928743847404,0.8483774152932003,0.0962826559629524
25869,GOF,0.3536310909806928,0.5760739720000896,0.07029493701921766
25870,GOF,0.06259976763409512,0.68100988084182,0.2563903515240848
25871,GOF,0.009769927200833535,0.8881034199307863,0.10212665286838021
25872,GOF,0.021938150111754724,0.8834576597085689,0.09460419017967643
25873,GOF,0.02146213724029673,0.9009147180124565,0.07762314474724681
25874,LOF,0.016803881869957394,0.22313445751391814,0.7600616606161245
25875,LOF,0.05575161196920292,0.04959602638883769,0.8946523616419593
25876,LOF,0.016559565509498577,0.0419286988796023,0.941511735610899
25877,LOF,0.1255068336928141,0.09402275913580141,0.7804704071713844
25878,LOF,0.07328157944953378,0.12637109585107884,0.8003473246993874
25879,LOF,0.028177355130861316,0.09664822742577817,0.8751744174433606
25880,LOF,0.05116823426029101,0.01323393619561155,0.9355978295440974
25881,Neutral,0.5057751111295816,0.072527102558274,0.4216977863121443
25882,LOF,0.09057098280042725,0.025054909065802513,0.8843741081337703
25883,LOF,0.028950063634583384,0.027165756958444896,0.9438841794069717
25884,LOF,0.022334868431519033,0.0516473794634879,0.926017752104993
25885,LOF,0.2379606754978903,0.011252762814152564,0.7507865616879571
25886,LOF,0.2996738937135563,0.052977551132802767,0.647348555153641
25887,LOF,0.18547299814509305,0.07250538908639166,0.7420216127685153
25888,LOF,0.012310050535164882,0.1513011037530011,0.8363888457118339
25889,LOF,0.0269295734137073,0.0365751732660006,0.936495253320292
25890,LOF,0.1419447217850771,0.11181753373379474,0.7462377444811282
25891,LOF,0.0966073737320147,0.025633378050921855,0.8777592482170635
25892,LOF,0.008585972393197128,0.034680568770407594,0.9567334588363953
25893,LOF,0.3892218260611842,0.00930815558959823,0.6014700183492176
25894,LOF,0.42345098562631955,0.005163527491016845,0.5713854868826636
25895,LOF,0.3328833503143044,0.011798113197251086,0.6553185364884446
25896,LOF,0.06404512589933663,0.015670544196483522,0.9202843299041797
25897,LOF,0.20097449749442708,0.009084940764127771,0.7899405617414452
25898,LOF,0.1844158725209988,0.02801536768059117,0.78756875979841
25899,LOF,0.44587514727188454,0.015353261510267498,0.5387715912178479
25900,LOF,0.4414129556540085,0.009071958450592107,0.5495150858953993
25901,LOF,0.06478995946640992,0.007612262251312147,0.9275977782822781
25902,LOF,0.19382939524202414,0.007911149689263966,0.798259455068712
25903,LOF,0.3811419481092183,0.023294992904490767,0.595563058986291
25904,Neutral,0.4944961023656537,0.024263228980069062,0.48124066865427717
25905,LOF,0.004816034662764853,0.45648803630169416,0.538695929035541
25906,LOF,0.00896360767604561,0.1185920114447982,0.8724443808791563
25907,LOF,0.004462632048713718,0.3408806542669966,0.6546567136842896
25908,LOF,0.004582211422138899,0.2566902640507303,0.7387275245271309
25909,LOF,0.02654846844500488,0.15535603302847797,0.8180954985265171
25910,LOF,0.010251627565931993,0.13892086592081998,0.850827506513248
25911,LOF,0.32285752879947627,0.037260075145867405,0.6398823960546564
25912,LOF,0.07991552542796894,0.04872989475852992,0.8713545798135011
25913,LOF,0.04290178958363357,0.07441619508072314,0.8826820153356434
25914,LOF,0.037949887894226944,0.04147554460523373,0.9205745675005393
25915,LOF,0.20736593783414492,0.17552898512720796,0.6171050770386471
25916,LOF,0.035639096560952446,0.12288207989101428,0.8414788235480332
25917,LOF,0.07263427521821421,0.03914019937459887,0.888225525407187
25918,LOF,0.04192067060569254,0.028253699349843113,0.9298256300444643
25919,LOF,0.03664113144547751,0.028104097470202396,0.9352547710843201
25920,LOF,0.26690182749747104,0.24872417216582782,0.484374000336701
25921,LOF,0.014668597369537451,0.033958835454445495,0.9513725671760169
25922,LOF,0.017910505365544515,0.030858008270882604,0.9512314863635729
25923,LOF,0.4463249694849868,0.027585207689849647,0.5260898228251636
25924,LOF,0.020968197314770134,0.04824049142699187,0.930791311258238
25925,LOF,0.08174300821710824,0.04162111311489889,0.8766358786679929
25926,LOF,0.06487884514897044,0.03574665823266018,0.8993744966183694
25927,LOF,0.02540908015492006,0.05941683507826976,0.9151740847668101
25928,LOF,0.009321150496723432,0.05249490689992483,0.9381839426033518
25929,Neutral,0.5534001293394551,0.025765021245862788,0.4208348494146821
25930,LOF,0.08204168926096742,0.026212468067012936,0.8917458426720197
25931,LOF,0.01284287290392191,0.036515994980572335,0.9506411321155057
25932,LOF,0.06945757772192879,0.027396096303739476,0.9031463259743318
25933,LOF,0.06320909243207294,0.01737918446070449,0.9194117231072226
25934,LOF,0.060259758159073425,0.015924380803565792,0.9238158610373607
25935,LOF,0.0710504161192088,0.0508573237548382,0.878092260125953
25936,LOF,0.10710460186738177,0.01874954263603401,0.8741458554965842
25937,LOF,0.01774701104935407,0.04162520525343057,0.9406277836972153
25938,LOF,0.06916445474838252,0.045206745423438256,0.8856287998281792
25939,LOF,0.04588766391057885,0.023242652106954247,0.9308696839824669
25940,LOF,0.0076358512578540245,0.36797147022148124,0.6243926785206647
25941,Neutral,0.5070001397698825,0.04506203956527002,0.44793782066484755
25942,LOF,0.00949025969982865,0.04716456156404516,0.9433451787361262
25943,LOF,0.03875506444335577,0.1925199474551303,0.768724988101514
25944,LOF,0.05985730443159804,0.0863612849220004,0.8537814106464017
25945,LOF,0.1236245204760436,0.021605339048262978,0.8547701404756934
25946,LOF,0.0771602930176607,0.04498210330904684,0.8778576036732924
25947,Neutral,0.45628563597435945,0.12392858240400857,0.419785781621632
25948,LOF,0.42989297466092213,0.016352858104082112,0.5537541672349957
25949,LOF,0.143332154163577,0.06874936487404622,0.7879184809623768
25950,GOF,0.050628662696452595,0.607262429464048,0.34210890783949943
25951,LOF,0.011450857670045328,0.44141216204388456,0.5471369802860702
25952,LOF,0.30717657238972484,0.27515122531555825,0.41767220229471697
25953,LOF,0.007991244874616714,0.18568710008046435,0.806321655044919
25954,GOF,0.09117287567377481,0.4878890234255081,0.42093810090071715
25955,LOF,0.004895643224779297,0.18697825448284638,0.8081261022923742
25956,LOF,0.02082562315231419,0.24180963972002584,0.73736473712766
25957,LOF,0.1693768324404749,0.029356100306573346,0.8012670672529517
25958,LOF,0.032387848757960865,0.044163745110800276,0.9234484061312388
25959,GOF,0.013058588183173483,0.6646466141299024,0.32229479768692404
25960,LOF,0.006452417217916671,0.06475754565094499,0.9287900371311384
25961,LOF,0.03125951196818118,0.038209225947769515,0.9305312620840493
25962,LOF,0.041254610239315495,0.06278550829257158,0.895959881468113
25963,LOF,0.005528990053736421,0.18513967134290416,0.8093313386033595
25964,LOF,0.027107155424516378,0.12109249405135995,0.8518003505241236
25965,LOF,0.2709398125918409,0.11811240215496521,0.6109477852531938
25966,LOF,0.4180695191475267,0.16222906315347518,0.41970141769899816
25967,LOF,0.008575320025179606,0.09874147735112684,0.8926832026236936
25968,LOF,0.03857212506622727,0.2481443091061572,0.7132835658276154
25969,LOF,0.1693975343974809,0.05597128343382311,0.774631182168696
25970,LOF,0.030673408228226326,0.09304393261208929,0.8762826591596845
25971,LOF,0.07880705559190028,0.03027929314360066,0.8909136512644991
25972,LOF,0.06465214320129022,0.04791016625804952,0.8874376905406602
25973,LOF,0.06617347995679963,0.008155987465061087,0.9256705325781394
25974,LOF,0.05536760513942135,0.03739691257262522,0.9072354822879535
25975,LOF,0.04253241850235788,0.0171132182090384,0.9403543632886037
25976,LOF,0.09766076931915116,0.009069934017489647,0.8932692966633591
25977,LOF,0.21303791728148946,0.06768690582380944,0.7192751768947011
25978,LOF,0.18573754125395225,0.11529075777480235,0.6989717009712453
25979,LOF,0.15315903980353668,0.12882371917833899,0.7180172410181244
25980,LOF,0.26383962793688537,0.1731066901147446,0.56305368194837
25981,LOF,0.26503682859108796,0.17437378797275613,0.5605893834361558
25982,Neutral,0.4817494769825153,0.09085850144552492,0.4273920215719599
25983,Neutral,0.4902044175465418,0.10902814923357405,0.40076743321988406
25984,LOF,0.04649998413589106,0.0964125005486959,0.857087515315413
25985,LOF,0.4129627900356341,0.14477590980134697,0.44226130016301896
25986,LOF,0.01362378824773991,0.41743717843843164,0.5689390333138284
25987,LOF,0.05610129478844904,0.0959685541848512,0.8479301510266998
25988,LOF,0.04080928419229389,0.16290833246438186,0.7962823833433242
25989,LOF,0.039060554214934484,0.19149222990602005,0.7694472158790454
25990,LOF,0.041524035377088916,0.2840996935326475,0.6743762710902634
25991,LOF,0.026341739680933517,0.4281563928942818,0.5455018674247847
25992,LOF,0.02720382030729465,0.44642487764007105,0.5263713020526344
25993,LOF,0.02927009778892098,0.08255240837197465,0.8881774938391044
25994,LOF,0.02418248152556292,0.08091664762152935,0.8949008708529078
25995,LOF,0.021057712164899392,0.1436619697692062,0.8352803180658944
25996,Neutral,0.3566393244627359,0.3191577523693044,0.3242029231679598
25997,LOF,0.07517351421432335,0.40410645828496916,0.5207200275007076
25998,LOF,0.3220067364947919,0.037714274441432584,0.6402789890637754
25999,LOF,0.02460806414175264,0.20015612309143274,0.7752358127668146
26000,LOF,0.18534635880454384,0.03364107291702185,0.7810125682784343
26001,LOF,0.263632280693136,0.046689060711115324,0.6896786585957487
26002,LOF,0.13333439069250724,0.04696256777017511,0.8197030415373177
26003,GOF,0.00646836786080892,0.6575357539086621,0.3359958782305288
26004,GOF,0.009361032201145694,0.7083854416872757,0.28225352611157867
26005,GOF,0.004333207913238559,0.5062091692226506,0.48945762286411093
26006,GOF,0.12568687273753548,0.5536808105992426,0.32063231666322195
26007,GOF,0.0076790053731474895,0.5739877286169031,0.4183332660099494
26008,GOF,0.005430451299155934,0.6156609528234875,0.3789085958773565
26009,GOF,0.008489403942872452,0.6809388778959233,0.3105717181612042
26010,GOF,0.0083398787585241,0.6240595154971162,0.36760060574435954
26011,LOF,0.003762975439179666,0.4488575211234425,0.5473795034373777
26012,GOF,0.004565216472106229,0.5316494289184512,0.46378535460944253
26013,GOF,0.010905749563696094,0.5949509529849727,0.3941432974513312
26014,LOF,0.05715371321081141,0.11112357644372121,0.8317227103454673
26015,LOF,0.36709268682221524,0.027153896087532412,0.6057534170902522
26016,LOF,0.32003885777428,0.04231550029831171,0.6376456419274084
26017,LOF,0.01748105723649201,0.22943656968382545,0.7530823730796826
26018,LOF,0.025504963509869315,0.05374156010235943,0.9207534763877713
26019,LOF,0.025276247935040887,0.0462100511079918,0.9285137009569673
26020,LOF,0.009480001958104034,0.20928982527822068,0.7812301727636753
26021,LOF,0.08659875126832914,0.0783407120491656,0.8350605366825052
26022,LOF,0.035355755531728573,0.033434123324297724,0.9312101211439737
26023,LOF,0.025620467225764405,0.03758648249745215,0.9367930502767834
26024,LOF,0.056662121487777065,0.0677093348388216,0.8756285436734013
26025,LOF,0.07429565512611278,0.07516817947892186,0.8505361653949653
26026,LOF,0.09760851689395783,0.06288875664702512,0.839502726459017
26027,LOF,0.026527708271102977,0.027105883698810843,0.9463664080300861
26028,LOF,0.1126907450299361,0.14415209257678238,0.7431571623932814
26029,LOF,0.019048710049368107,0.2162739449974899,0.764677344953142
26030,LOF,0.16770070428273004,0.024042936755201992,0.8082563589620679
26031,LOF,0.009421318449639665,0.16731843757271497,0.8232602439776454
26032,LOF,0.044107198239367644,0.06017904339627444,0.895713758364358
26033,LOF,0.06013791527888065,0.05693197835529681,0.8829301063658226
26034,LOF,0.011401234714827884,0.17464841471653253,0.8139503505686395
26035,LOF,0.011489766514740339,0.12233327322065218,0.8661769602646074
26036,LOF,0.01156528189852149,0.1323727811090562,0.8560619369924223
26037,LOF,0.009312266180023919,0.11599214095658428,0.8746955928633917
26038,LOF,0.037304181575211114,0.05207294674110843,0.9106228716836804
26039,LOF,0.0221546455031451,0.15138648879313638,0.8264588657037185
26040,LOF,0.0993943649633438,0.1368169875863898,0.7637886474502664
26041,LOF,0.01270137222452891,0.09763040615548763,0.8896682216199835
26042,LOF,0.011476166666606844,0.11081929914099327,0.8777045341923998
26043,LOF,0.036135502632858724,0.07707111173723431,0.886793385629907
26044,LOF,0.011684164146322267,0.05785412774779652,0.9304617081058812
26045,LOF,0.08085801466570243,0.11769531205277839,0.8014466732815192
26046,LOF,0.03181297302988131,0.057385807576413005,0.9108012193937057
26047,LOF,0.057245780823257875,0.05403097625652535,0.8887232429202168
26048,LOF,0.05717311211124842,0.031516609831857195,0.9113102780568944
26049,Neutral,0.9402640250330757,0.008949038669405582,0.05078693629751889
26050,Neutral,0.9132410034334947,0.009492453763535946,0.07726654280296945
26051,LOF,0.019490446480162987,0.10914702639869422,0.8713625271211428
26052,LOF,0.029674156942707097,0.11812542239881227,0.8522004206584808
26053,LOF,0.02654865252892708,0.15563976222750714,0.8178115852435659
26054,LOF,0.04798673212894937,0.02616970993565624,0.9258435579353944
26055,LOF,0.068570709815038,0.023873439636311247,0.9075558505486506
26056,LOF,0.05646645833051437,0.02850493763609128,0.9150286040333945
26057,LOF,0.058656004347414276,0.01515377010672336,0.9261902255458624
26058,LOF,0.061341366348467964,0.012148083933650846,0.9265105497178812
26059,LOF,0.18515593481355103,0.03137226046581629,0.7834718047206327
26060,LOF,0.016647379495551118,0.17847467927919944,0.8048779412252495
26061,LOF,0.01122028259905064,0.009744147353300786,0.9790355700476485
26062,LOF,0.006015269667772949,0.018583681855941885,0.9754010484762851
26063,LOF,0.039546866961545586,0.01148683621743523,0.9489662968210192
26064,LOF,0.009574725526893188,0.030723250848749207,0.9597020236243576
26065,LOF,0.04938318045741533,0.01272157171155331,0.9378952478310314
26066,LOF,0.04643129418452724,0.010392315250125227,0.9431763905653475
26067,LOF,0.05540644088954896,0.009933292584223458,0.9346602665262276
26068,LOF,0.05734134482270327,0.04095413166844009,0.9017045235088565
26069,LOF,0.17058829716120005,0.02691366740487753,0.8024980354339225
26070,LOF,0.3579558576975499,0.022280148762479468,0.6197639935399708
26071,LOF,0.04974955872015982,0.01198660499316471,0.9382638362866754
26072,LOF,0.009993988694757028,0.01969073657106673,0.9703152747341763
26073,LOF,0.04047562482217687,0.014396143214184328,0.9451282319636388
26074,Neutral,0.9150137439617337,0.008742729719691169,0.07624352631857512
26075,LOF,0.06234125436963495,0.019543671120561032,0.9181150745098039
26076,LOF,0.052579102384168803,0.012765260846272173,0.934655636769559
26077,LOF,0.14782311790038555,0.007200117945602358,0.8449767641540121
26078,LOF,0.00786073198047735,0.015584913663219692,0.976554354356303
26079,LOF,0.06985832669996236,0.020450584514121795,0.9096910887859159
26080,LOF,0.06863719257712972,0.02050638689439473,0.9108564205284756
26081,LOF,0.03487865460908645,0.009258208744529369,0.9558631366463841
26082,LOF,0.006677329699209717,0.01720207471127026,0.97612059558952
26083,LOF,0.11668742703040716,0.02019108681265564,0.8631214861569372
26084,LOF,0.11198689690566369,0.015585372396410474,0.8724277306979259
26085,LOF,0.10287166769361852,0.013527222971826383,0.8836011093345552
26086,LOF,0.04214570949284673,0.012327424244633359,0.9455268662625199
26087,LOF,0.0381989829264819,0.010332597026514683,0.9514684200470034
26088,LOF,0.007947309106683755,0.02121047809922267,0.9708422127940936
26089,LOF,0.044592732162829864,0.030995060043937244,0.924412207793233
26090,LOF,0.045292507703608834,0.024199185324957063,0.930508306971434
26091,LOF,0.031769433914575415,0.00811333806074125,0.9601172280246832
26092,LOF,0.045620344957976865,0.00861450505136428,0.9457651499906587
26093,LOF,0.0807656838552322,0.005865633098300167,0.9133686830464677
26094,LOF,0.03636932821313768,0.007347794585043751,0.9562828772018185
26095,LOF,0.04019539600204871,0.0169275167734601,0.9428770872244913
26096,LOF,0.1904583505580154,0.005310228345630692,0.8042314210963538
26097,LOF,0.0073861570448377056,0.030042747636452805,0.9625710953187094
26098,LOF,0.07633381475284849,0.018441622592088525,0.905224562655063
26099,LOF,0.04813382078440571,0.01705899994248684,0.9348071792731074
26100,LOF,0.04813382078440571,0.01705899994248684,0.9348071792731074
26101,LOF,0.05778861713417223,0.030441575375549444,0.9117698074902784
26102,LOF,0.036051820160143314,0.016748860357545633,0.9471993194823111
26103,Neutral,0.8851096250106459,0.026104391193302417,0.08878598379605167
26104,LOF,0.06249812903719036,0.03985754094004653,0.8976443300227631
26105,LOF,0.26368901611380674,0.14272387607385784,0.5935871078123354
26106,LOF,0.3368210483878484,0.09869189190796458,0.5644870597041871
26107,LOF,0.024344570547109822,0.10082119947400042,0.8748342299788898
26108,LOF,0.29478635461959385,0.04508845821793404,0.6601251871624721
26109,LOF,0.08480811936437045,0.038769013246737774,0.8764228673888917
26110,LOF,0.4479983847729713,0.008955808199571811,0.5430458070274569
26111,LOF,0.05172487180641308,0.154876537231799,0.7933985909617879
26112,LOF,0.05707702292419429,0.008557824220280699,0.9343651528555249
26113,LOF,0.10436784440893489,0.02283800607743353,0.8727941495136314
26114,LOF,0.09090334662089924,0.008574602053155902,0.9005220513259448
26115,LOF,0.01644683665955472,0.048834767616479695,0.9347183957239655
26116,LOF,0.06993578078434912,0.0170774245858691,0.9129867946297818
26117,LOF,0.3505059338093926,0.03186340568759234,0.6176306605030151
26118,LOF,0.05077623949830219,0.014541602712088026,0.9346821577896097
26119,LOF,0.006587738888445907,0.037106143762316544,0.9563061173492375
26120,LOF,0.03507034387465801,0.013777294780672519,0.9511523613446694
26121,LOF,0.003682359399190196,0.11880619676301912,0.8775114438377908
