feature0,prediction,LoGoFunc_Neutral,LoGoFunc_GOF,LoGoFunc_LOF
25546,Neutral,0.6612981655472187,0.08301727944666135,0.25568455500612
25547,Neutral,0.5401985209261856,0.16579926696104624,0.2940022121127682
25548,Neutral,0.5056477373745409,0.11959874343239996,0.37475351919305905
25549,Neutral,0.47075759305615367,0.11690105849772726,0.4123413484461191
25550,LOF,0.3868221269622405,0.19937349590198264,0.41380437713577684
25551,LOF,0.32040240506203094,0.1863920729909643,0.4932055219470047
25552,LOF,0.17787073692210484,0.19616080227826652,0.6259684607996286
25553,Neutral,0.8203110386600864,0.045654586017003125,0.13403437532291063
25554,LOF,0.21757263212767938,0.18889365571639652,0.593533712155924
25555,LOF,0.17610690920145555,0.16807703369926175,0.6558160570992827
25556,Neutral,0.5041927521051689,0.13639903773032447,0.3594082101645066
25557,LOF,0.16571048631971974,0.17875450771526058,0.6555350059650197
25558,LOF,0.22033242169145356,0.2119983244897778,0.5676692538187686
25559,LOF,0.47636149284851115,0.022885600707571147,0.5007529064439177
25560,LOF,0.03802747286875435,0.23804671655892906,0.7239258105723165
25561,LOF,0.08981123553541714,0.27445715395628795,0.6357316105082949
25562,LOF,0.11435482120337478,0.0865672653205466,0.7990779134760785
25563,LOF,0.11034987334416178,0.11959686474741073,0.7700532619084275
25564,LOF,0.07461968584034938,0.15038971439413293,0.7749905997655178
25565,LOF,0.12870730583794399,0.2548913814437524,0.6164013127183037
25566,GOF,0.016676463919648596,0.7025372436086215,0.2807862924717301
25567,LOF,0.010015970614411606,0.17610533525430452,0.8138786941312839
25568,LOF,0.04291839427581988,0.0677397411110125,0.8893418646131676
25569,LOF,0.059622065859562416,0.06520126989678665,0.8751766642436509
25570,LOF,0.047883980131646416,0.09432469447990317,0.8577913253884505
25571,LOF,0.05349356285185457,0.09115531384543926,0.8553511233027061
25572,LOF,0.05054348712482688,0.10084373152753173,0.8486127813476414
25573,LOF,0.025958898933703647,0.07544111727828413,0.8985999837880122
25574,LOF,0.013890170101129853,0.2056973709282931,0.780412458970577
25575,LOF,0.04679823771978807,0.08179412795717843,0.8714076343230335
25576,LOF,0.015664109136678494,0.0889670400658655,0.8953688507974561
25577,LOF,0.011467914579558716,0.08523774241222307,0.9032943430082181
25578,LOF,0.2727009298348236,0.08688001409869904,0.6404190560664773
25579,LOF,0.2736071450998416,0.08549005977832938,0.640902795121829
25580,LOF,0.027983833816040533,0.07652123303431686,0.8954949331496427
25581,LOF,0.04789097365042638,0.07386091215284785,0.8782481141967258
25582,LOF,0.0471712073032154,0.06738735424496768,0.8854414384518169
25583,LOF,0.027321161094421138,0.08071010780051416,0.8919687311050647
25584,Neutral,0.49850870315298795,0.09470278741445297,0.40678850943255895
25585,LOF,0.021122438955384473,0.0709639642301588,0.9079135968144568
25586,LOF,0.028198405973366637,0.061592106084198066,0.9102094879424353
25587,LOF,0.023896291924039397,0.0531275496747711,0.9229761584011894
25588,LOF,0.022797743761935628,0.07568801388308803,0.9015142423549763
25589,Neutral,0.6304253937431614,0.12238346769932758,0.247191138557511
25590,LOF,0.020009292208144597,0.1163199185199162,0.8636707892719392
25591,LOF,0.1061128681130427,0.048552587907907604,0.8453345439790498
25592,LOF,0.07784768376188668,0.11067500845850105,0.8114773077796122
25593,GOF,0.011202690191922516,0.5150608937132471,0.47373641609483025
25594,LOF,0.03335440624697249,0.10390957304786116,0.8627360207051663
25595,LOF,0.063875087735568,0.07318584820154712,0.8629390640628849
25596,LOF,0.09410212365322809,0.04790593663387822,0.8579919397128937
25597,LOF,0.07902155567165654,0.01643121595022506,0.9045472283781183
25598,LOF,0.048280730797877335,0.1047606263813901,0.8469586428207326
25599,GOF,0.008289939736468546,0.5068561996779707,0.4848538605855606
25600,LOF,0.009573573292650036,0.43816576780893274,0.5522606588984171
25601,LOF,0.008664588332751239,0.26228351203869693,0.7290518996285519
25602,LOF,0.019145336197295817,0.04973423333438893,0.9311204304683153
25603,LOF,0.04584281319000167,0.04732643189593817,0.9068307549140603
25604,LOF,0.03747181004955861,0.06354440875867083,0.8989837811917706
25605,LOF,0.012218391328473414,0.23003866230415954,0.7577429463673669
25606,GOF,0.051661033706869725,0.5381445939704513,0.41019437232267886
25607,LOF,0.0034326584571855263,0.13330472081832778,0.8632626207244868
25608,LOF,0.05497256504740159,0.05549430097310183,0.8895331339794966
25609,LOF,0.06536890631573873,0.3302286465661445,0.6044024471181169
25610,LOF,0.040700189769900905,0.01999611157468855,0.9393036986554105
25611,LOF,0.05281699084483956,0.012762810932157406,0.934420198223003
25612,LOF,0.11359603018831808,0.03721446785710933,0.8491895019545727
25613,LOF,0.09555487492276647,0.031235497848292756,0.8732096272289407
25614,LOF,0.03906983080925471,0.02960637562403489,0.9313237935667105
25615,LOF,0.07881114770273936,0.0336798751606985,0.8875089771365621
25616,LOF,0.03211068900042534,0.03980842379579405,0.9280808872037806
25617,LOF,0.04747215623387463,0.025060828246530286,0.927467015519595
25618,LOF,0.24208533516587616,0.03063344719126802,0.7272812176428558
25619,LOF,0.03960056546914248,0.032470558418877485,0.92792887611198
25620,LOF,0.0326704802615216,0.04402634660212498,0.9233031731363534
25621,LOF,0.03945413755447144,0.02963601171384323,0.9309098507316852
25622,LOF,0.029907515120428607,0.05149838833334322,0.9185940965462281
25623,LOF,0.05271496073129267,0.034794473501503005,0.9124905657672042
25624,LOF,0.034429657007555625,0.036435365615095056,0.9291349773773493
25625,LOF,0.04496562749686151,0.047228615721548704,0.9078057567815897
25626,LOF,0.07332011530241717,0.028365421504033702,0.8983144631935491
25627,Neutral,0.5434914684758194,0.1301689127415824,0.32633961878259826
25628,LOF,0.16813758296639075,0.06848923911909581,0.7633731779145134
25629,LOF,0.05148640500064271,0.10785242448600962,0.8406611705133475
25630,LOF,0.17095916460276106,0.08641233256670226,0.7426285028305366
25631,Neutral,0.5977597780467027,0.07604178991841139,0.32619843203488597
25632,LOF,0.017011725254615303,0.17174459187591146,0.8112436828694732
25633,LOF,0.20229159611067105,0.316091468342612,0.481616935546717
25634,LOF,0.03226640305776939,0.23547329427592648,0.7322603026663042
25635,LOF,0.036105072568617315,0.21990730496072278,0.74398762247066
25636,GOF,0.0046162082408194955,0.5806268851295223,0.41475690662965825
25637,LOF,0.003714503960389805,0.4442678809360723,0.5520176151035379
25638,LOF,0.0050245801046832446,0.4237874808112846,0.5711879390840323
25639,LOF,0.00423738497056229,0.34571668342515355,0.6500459316042841
25640,GOF,0.3291154374343568,0.6061826061019608,0.06470195646368244
25641,LOF,0.006478829832473758,0.20341173416168998,0.7901094360058363
25642,LOF,0.21006698234916313,0.06585054032082684,0.72408247733001
25643,LOF,0.24350067662623215,0.07488730577502592,0.681612017598742
25644,GOF,0.013451969465992825,0.5478633629480499,0.4386846675859572
25645,GOF,0.01015719930450819,0.5961890672084912,0.39365373348700067
25646,LOF,0.01133240403652331,0.38422593868409644,0.6044416572793802
25647,LOF,0.010300411312692414,0.3058108717446608,0.6838887169426467
25648,LOF,0.007269216986021265,0.37632225520281315,0.6164085278111655
25649,LOF,0.008594161757030084,0.1911087186362747,0.8002971196066951
25650,GOF,0.027370514011755484,0.5075492241042754,0.46508026188396906
25651,LOF,0.007274998824940388,0.21123266162724527,0.7814923395478143
25652,LOF,0.01340122626492801,0.3262751211686087,0.6603236525664632
25653,GOF,0.04876329187692119,0.49058445968685965,0.46065224843621927
25654,LOF,0.008732636625249049,0.3735234741674465,0.6177438892073045
25655,GOF,0.10571355624319011,0.48538669207274987,0.4088997516840601
25656,LOF,0.08943169744390109,0.0701540819404093,0.8404142206156896
25657,LOF,0.2630185230181659,0.031344531913862314,0.7056369450679718
25658,LOF,0.03240075559495129,0.12406250887664039,0.8435367355284084
25659,LOF,0.22919904576078887,0.09389921938176471,0.6769017348574464
25660,LOF,0.1078812674787397,0.06660033803166276,0.8255183944895976
25661,LOF,0.06770148373140672,0.06491551601733023,0.8673830002512631
25662,LOF,0.040976660898506836,0.0595303824063644,0.8994929566951287
25663,LOF,0.040920783523338694,0.10174284613764656,0.8573363703390147
25664,LOF,0.027021405458490026,0.23850214021909727,0.7344764543224127
25665,LOF,0.039887171064165935,0.051245078796473456,0.9088677501393606
25666,LOF,0.03819792942741855,0.2241828529996464,0.737619217572935
25667,LOF,0.04381769794334998,0.037063690290979126,0.919118611765671
25668,LOF,0.04685716291867997,0.050997757047188494,0.9021450800341316
25669,LOF,0.04029217366192043,0.07578569741922139,0.8839221289188581
25670,LOF,0.06879631981019249,0.11318864207280174,0.8180150381170057
25671,LOF,0.05077150620364761,0.0456086505653298,0.9036198432310225
25672,LOF,0.04544046825116216,0.053872790266605006,0.9006867414822329
25673,LOF,0.03707755890312556,0.09217419227369408,0.8707482488231804
25674,LOF,0.025892598091394905,0.1086856870984315,0.8654217148101735
25675,LOF,0.032645571493508246,0.06771351145020413,0.8996409170562877
25676,LOF,0.03908983612626428,0.05785526545898691,0.9030548984147487
25677,LOF,0.07615344030396384,0.04789644489585925,0.8759501148001768
25678,LOF,0.2136076101472512,0.05327738200938036,0.7331150078433685
25679,LOF,0.11866538127878724,0.08198229316299417,0.7993523255582186
25680,LOF,0.10727159720895274,0.07926071249375762,0.8134676902972896
25681,LOF,0.10949144372740628,0.07600017388179642,0.8145083823907974
25682,LOF,0.04603906801850014,0.04721639178557663,0.9067445401959233
25683,LOF,0.08190299718831391,0.08698079058141372,0.8311162122302723
25684,LOF,0.06268579623047692,0.05715785327254134,0.8801563504969818
25685,LOF,0.10691543616567548,0.0539170174905835,0.8391675463437411
25686,LOF,0.02716209422665376,0.10872563478779573,0.8641122709855505
25687,LOF,0.04358025474874093,0.1261814092278578,0.8302383360234014
25688,LOF,0.02218244653240334,0.12847169326287453,0.849345860204722
25689,LOF,0.013186717278195549,0.07497503721168515,0.9118382455101194
25690,LOF,0.01683223297209249,0.07252830640366438,0.9106394606242432
25691,LOF,0.1374554956824866,0.1009168577895896,0.7616276465279239
25692,LOF,0.28846104160338815,0.01420310973063813,0.6973358486659736
25693,GOF,0.028128068476102688,0.502564169423772,0.46930776210012526
25694,LOF,0.24683326548206036,0.011450880572285351,0.7417158539456543
25695,LOF,0.1756432680351885,0.017821122707926202,0.8065356092568854
25696,LOF,0.07616743834893028,0.018313262000871373,0.9055192996501983
25697,LOF,0.07559398773339601,0.016233519888836038,0.908172492377768
25698,LOF,0.016977534784974033,0.20021122992701806,0.782811235288008
25699,LOF,0.08037909532910949,0.347795959096539,0.5718249455743515
25700,LOF,0.04760814891547971,0.022212122934737424,0.9301797281497828
25701,LOF,0.010613604677379283,0.29464777904288453,0.6947386162797361
25702,GOF,0.03137511425534082,0.624281118661405,0.34434376708325404
25703,LOF,0.015493563973041751,0.07215091338688934,0.912355522640069
25704,LOF,0.06221508310357898,0.04822948151243272,0.8895554353839883
25705,LOF,0.08742783120739711,0.16736479258605563,0.7452073762065473
25706,GOF,0.024280034136540354,0.654085475991744,0.32163448987171556
25707,GOF,0.033617100149902546,0.5638706629840584,0.40251223686603893
25708,GOF,0.00861935664530593,0.5240760036230352,0.46730463973165887
25709,LOF,0.04466331534631455,0.06025308517635635,0.8950835994773292
25710,LOF,0.007908377085530742,0.11164869850815802,0.8804429244063113
25711,LOF,0.046661614587730105,0.08762988146727824,0.8657085039449918
25712,LOF,0.011101858309441012,0.1714174131175151,0.817480728573044
25713,LOF,0.036402276018485634,0.09625722013264355,0.8673405038488707
25714,LOF,0.036070486685765936,0.1483724289542234,0.8155570843600106
25715,LOF,0.03946028847369878,0.11035078257856533,0.8501889289477359
25716,LOF,0.0064594787956367295,0.09109594607098279,0.9024445751333804
25717,LOF,0.0067959552545014635,0.09541417083159788,0.8977898739139006
25718,LOF,0.03634014412263345,0.05963924268945813,0.9040206131879083
25719,LOF,0.039074319565236486,0.09684973504250245,0.864075945392261
25720,LOF,0.03260314724034524,0.1220999904633763,0.8452968622962785
25721,LOF,0.037983801792671225,0.09754660330461226,0.8644695949027165
25722,LOF,0.028828659322107954,0.11530308021976204,0.85586826045813
25723,LOF,0.05003258160084795,0.10125020197075811,0.848717216428394
25724,LOF,0.06493452242049313,0.2550780164955282,0.6799874610839788
25725,LOF,0.054392628842662535,0.08134135603692026,0.8642660151204171
25726,LOF,0.035838132401673675,0.09206806354426549,0.8720938040540608
25727,LOF,0.04723302833786945,0.07378557667940629,0.8789813949827242
25728,LOF,0.04193042323356739,0.09905129521037209,0.8590182815560604
25729,LOF,0.04681612002273442,0.09845132483028464,0.8547325551469809
25730,LOF,0.0553938358346798,0.06900563095365554,0.8756005332116648
25731,LOF,0.008764782346494172,0.07234366196657013,0.9188915556869358
25732,LOF,0.028181211578990034,0.047156842640620006,0.92466194578039
25733,LOF,0.03606271946606716,0.06548949574263672,0.8984477847912961
25734,LOF,0.006275708892938789,0.2595773712547214,0.7341469198523399
25735,LOF,0.03079005984695582,0.06699906686586829,0.9022108732871759
25736,LOF,0.02920659596886726,0.1201622039187173,0.8506312001124154
25737,LOF,0.05692062358361699,0.0856034769995573,0.8574758994168257
25738,LOF,0.043338339555927974,0.16546500803306377,0.7911966524110081
25739,LOF,0.03253773299121657,0.12230437666438473,0.8451578903443987
25740,LOF,0.059512339500112324,0.11228390828104833,0.8282037522188394
25741,LOF,0.05536772409127991,0.0941615443436493,0.8504707315650708
25742,LOF,0.06010040331384454,0.1118621866687734,0.828037410017382
25743,LOF,0.012975362192524325,0.017442372170978326,0.9695822656364974
25744,LOF,0.1834304887567962,0.1298874776944621,0.6866820335487417
25745,LOF,0.03322922745205662,0.05996300258371288,0.9068077699642304
25746,LOF,0.014408654999640051,0.09202782595063919,0.8935635190497208
25747,LOF,0.05762321517909155,0.02331435050790884,0.9190624343129996
25748,LOF,0.3282343690587939,0.07151100013304942,0.6002546308081568
25749,LOF,0.01985655864877205,0.05382254532177306,0.9263208960294549
25750,LOF,0.01948157625969942,0.06105246597713426,0.9194659577631662
25751,LOF,0.047813941700977323,0.05532901549576458,0.896857042803258
25752,GOF,0.0801406062888012,0.5474107250085845,0.37244866870261434
25753,LOF,0.006302113068511009,0.3140538365831452,0.6796440503483439
25754,GOF,0.008288239798718669,0.8676746968158836,0.12403706338539773
25755,LOF,0.007453317706820645,0.3446635425832321,0.6478831397099473
25756,LOF,0.021939470162440963,0.3894424373779295,0.5886180924596296
25757,GOF,0.008071348841825234,0.8268505129349965,0.1650781382231781
25758,GOF,0.008765548261167438,0.8788293313290381,0.1124051204097945
25759,GOF,0.007198010044227646,0.6305485237801107,0.3622534661756618
25760,LOF,0.006193385357435816,0.2408694262173034,0.7529371884252607
25761,GOF,0.04950266651488881,0.8706203730296131,0.07987696045549819
25762,LOF,0.02592494789428093,0.3037279638282237,0.6703470882774955
25763,LOF,0.005903878471665419,0.2470263967521029,0.7470697247762318
25764,GOF,0.06583184843132353,0.6577955122720067,0.2763726392966698
25765,GOF,0.009137437943428393,0.8931873371294728,0.09767522492709887
25766,GOF,0.030035495824367476,0.8327482150458516,0.1372162891297809
25767,GOF,0.009836632184421703,0.5795331227636097,0.41063024505196855
25768,LOF,0.05479776143879811,0.06825266356445615,0.8769495749967456
25769,LOF,0.03143391995408733,0.10277643669135242,0.8657896433545603
25770,LOF,0.13541847769257026,0.14042429250745203,0.7241572297999778
25771,LOF,0.021117562274242347,0.07239642125301723,0.9064860164727403
25772,LOF,0.0482531652149015,0.05830505219332245,0.893441782591776
25773,LOF,0.016826683938448283,0.09779475483923375,0.8853785612223178
25774,LOF,0.024298933314502516,0.2141370360188336,0.7615640306666639
25775,LOF,0.02102854905597978,0.03933004625944165,0.9396414046845785
25776,LOF,0.035487861159303045,0.0348696640588203,0.9296424747818766
25777,LOF,0.2765984949226167,0.12593405355753792,0.5974674515198455
25778,LOF,0.029069124685771032,0.08990316402573459,0.8810277112884944
25779,GOF,0.06012870760019822,0.8065146203470595,0.13335667205274226
25780,GOF,0.07447178170454326,0.8210886954653073,0.10443952283014943
25781,GOF,0.03242501874844193,0.7943986504743731,0.173176330777185
25782,GOF,0.03330827775057904,0.8553748305291501,0.11131689172027073
25783,GOF,0.05211630387085471,0.8620743613983477,0.0858093347307977
25784,GOF,0.09085404755352618,0.8264047713133936,0.08274118113308022
25785,GOF,0.157130453280955,0.772807173793798,0.07006237292524697
25786,GOF,0.014112730327692906,0.7004237509378745,0.28546351873443265
25787,GOF,0.3336820594614698,0.580892299588843,0.08542564094968705
25788,LOF,0.023293655003614223,0.10511404907462397,0.8715922959217619
25789,GOF,0.020550252766407272,0.8092848268940525,0.1701649203395402
25790,GOF,0.03050052543562291,0.7783054523148433,0.19119402224953386
25791,GOF,0.027291866639484092,0.5664722720190429,0.40623586134147294
25792,GOF,0.033467459531067736,0.6569178727111756,0.30961466775775676
25793,GOF,0.05416852189978965,0.7057608141758359,0.24007066392437443
25794,GOF,0.05389571990104554,0.5775427465791341,0.3685615335198203
25795,GOF,0.0625611325209064,0.595647008578991,0.3417918589001027
25796,GOF,0.15890779367489744,0.6297800170882787,0.21131218923682393
25797,GOF,0.08221712433102592,0.5850842163838276,0.3326986592851465
25798,GOF,0.008198825597670094,0.761308149942798,0.23049302445953174
25799,GOF,0.005457324008107125,0.6687321530479752,0.3258105229439176
25800,GOF,0.02728274707673374,0.8212238367475434,0.1514934161757227
25801,GOF,0.02661843272752769,0.8145476372469435,0.15883393002552898
25802,GOF,0.027995494990081693,0.7333732014334626,0.2386313035764557
25803,GOF,0.025369872386049704,0.6505202677278316,0.3241098598861187
25804,GOF,0.03949394887754401,0.6717612796615589,0.28874477146089705
25805,GOF,0.03133124007497329,0.7244138134075692,0.2442549465174574
25806,GOF,0.04194993754841567,0.7390102268183241,0.21903983563326032
25807,GOF,0.01779942206181545,0.6364749540045817,0.3457256239336028
25808,GOF,0.030210189725842974,0.7241181570865092,0.24567165318764783
25809,GOF,0.015245559046725329,0.6541834647543942,0.33057097619888054
25810,GOF,0.013381542965769247,0.6549702774048599,0.33164817962937077
25811,GOF,0.08445157612077991,0.8012215077149683,0.11432691616425192
25812,GOF,0.03850492846905035,0.680200310939305,0.28129476059164454
25813,GOF,0.1995652802069034,0.6616146267793968,0.13882009301369988
25814,GOF,0.03486711137381505,0.6824744187415009,0.282658469884684
25815,GOF,0.06469427040257886,0.7555587961601639,0.17974693343725726
25816,GOF,0.009253897439497975,0.8127961930961741,0.17794990946432784
25817,GOF,0.10831484758098088,0.6762112291847688,0.21547392323425044
25818,GOF,0.02829992798294037,0.752625436793584,0.21907463522347567
25819,GOF,0.048884328024440815,0.6556366367201146,0.29547903525544456
25820,GOF,0.05171162466487554,0.5662454157259922,0.3820429596091322
25821,GOF,0.03684452419500396,0.6319351463878907,0.3312203294171053
25822,GOF,0.0720375341762859,0.6267611785111882,0.301201287312526
25823,GOF,0.03428172217764385,0.6153101882016185,0.35040808962073766
25824,GOF,0.026623556161489204,0.687142348441293,0.28623409539721784
25825,GOF,0.019655970152507567,0.6825894900807453,0.29775453976674704
25826,GOF,0.00995282695511553,0.6074114526051437,0.38263572043974065
25827,GOF,0.019536860590734246,0.6518765788352194,0.3285865605740462
25828,GOF,0.012531891949920038,0.6672920336736683,0.3201760743764116
25829,GOF,0.004626831787549022,0.5277534828567102,0.4676196853557408
25830,LOF,0.06855271340632456,0.35730283609549796,0.5741444504981775
25831,GOF,0.08131547978266347,0.7503889309992449,0.1682955892180918
25832,GOF,0.009704464944289629,0.6711064032214816,0.3191891318342287
25833,GOF,0.029031118439389055,0.7665776300525857,0.20439125150802523
25834,GOF,0.009982802725057595,0.6991217655978804,0.29089543167706206
25835,GOF,0.028706424943990498,0.8089286676044191,0.16236490745159043
25836,GOF,0.008161712845120496,0.7261838423330795,0.26565444482179995
25837,GOF,0.01141848127531916,0.7209080816080117,0.26767343711666913
25838,GOF,0.0225040364337463,0.7865446463736021,0.1909513171926517
25839,GOF,0.06189411818360882,0.7412448431050964,0.19686103871129473
25840,GOF,0.09914544348059151,0.6847424588928674,0.21611209762654096
25841,GOF,0.08010562672895376,0.7551226761732936,0.1647716970977524
25842,GOF,0.026914747105961926,0.8298296714133955,0.14325558148064263
25843,GOF,0.025240214649426284,0.8330321821779126,0.14172760317266106
25844,GOF,0.022458698714277907,0.7826074564978922,0.19493384478782985
25845,GOF,0.008182441514291084,0.6696606463302978,0.3221569121554112
25846,GOF,0.07338519424103807,0.8169021135084236,0.10971269225053826
25847,GOF,0.018088927143457036,0.8085269965898385,0.17338407626670455
25848,GOF,0.020203148383293748,0.7650182264601908,0.2147786251565153
25849,GOF,0.007428674556023119,0.7441080519663211,0.24846327347765565
25850,GOF,0.008141483795050438,0.6389350111881207,0.35292350501682884
25851,GOF,0.00734923509874085,0.5800200845673186,0.41263068033394057
25852,LOF,0.1649509055660422,0.397073019994119,0.4379760744398388
25853,GOF,0.06489090387418688,0.7205902692227447,0.21451882690306848
25854,GOF,0.007611975616920762,0.6311036246845227,0.3612843996985564
25855,GOF,0.026929189121048632,0.5140566429815089,0.4590141678974424
25856,GOF,0.0568922295338326,0.6667755500853964,0.27633222038077093
25857,GOF,0.026896550530094248,0.5095555052504498,0.46354794421945594
25858,GOF,0.008847997505414136,0.5122548745380772,0.47889712795650874
25859,LOF,0.006405117279429226,0.48553927742664627,0.5080556052939245
25860,GOF,0.08710800578910019,0.5932552593837735,0.31963673482712635
25861,GOF,0.11165147293430626,0.7605602367860479,0.12778829027964594
25862,GOF,0.0233554724837167,0.8638756259754601,0.11276890154082322
25863,GOF,0.01975662676422864,0.8295320679015694,0.1507113053342019
25864,GOF,0.035058479170998455,0.872929499624132,0.09201202120486938
25865,GOF,0.03933892516771303,0.8437313877731555,0.1169296870591314
25866,GOF,0.021447990420179294,0.8363054411470701,0.1422465684327506
25867,GOF,0.05130351750817426,0.8355527477653031,0.1131437347265226
25868,GOF,0.07324951259062823,0.727360389377318,0.19939009803205374
25869,GOF,0.3438610428156477,0.49956908655752175,0.15656987062683064
25870,LOF,0.0764187648334431,0.4091211119491992,0.5144601232173576
25871,GOF,0.011209087992635034,0.6409236664702066,0.3478672455371585
25872,GOF,0.025375152717152544,0.6538370664596478,0.32078778082319964
25873,GOF,0.02090438179844258,0.7502470174917425,0.22884860070981486
25874,LOF,0.02883660723011278,0.09809005488473309,0.8730733378851542
25875,LOF,0.02093773815060317,0.1708005364312973,0.8082617254180995
25876,LOF,0.02133627734988898,0.07918932815369077,0.8994743944964203
25877,LOF,0.07802340141234418,0.31518797750136185,0.6067886210862939
25878,LOF,0.049578183570727095,0.3944227386330068,0.5559990777962661
25879,LOF,0.010015426892782014,0.22203317602299663,0.7679513970842213
25880,LOF,0.04462502934245088,0.02648612988572363,0.9288888407718255
25881,Neutral,0.43940583190192295,0.32282920709909296,0.23776496099898406
25882,LOF,0.0338852656967885,0.10079617815904493,0.8653185561441665
25883,LOF,0.03062331941702856,0.09062966515660968,0.8787470154263618
25884,LOF,0.012050742874661709,0.12198990940062943,0.865959347724709
25885,LOF,0.13933362579890712,0.0382534600014045,0.8224129141996883
25886,LOF,0.21496489075240358,0.19698778690407787,0.5880473223435185
25887,GOF,0.043587304965675665,0.5280343830348233,0.42837831199950105
25888,LOF,0.004594608450264884,0.3971166821397582,0.5982887094099768
25889,LOF,0.02103738147176966,0.0936654707167381,0.8852971478114922
25890,LOF,0.1896855210216674,0.3042169616037067,0.5060975173746259
25891,LOF,0.097763029636422,0.12449708525958657,0.7777398851039914
25892,LOF,0.0069014108162102055,0.03541753293286443,0.9576810562509254
25893,LOF,0.251506682646467,0.012361129841616423,0.7361321875119166
25894,LOF,0.3001889936806262,0.008637708229126002,0.6911732980902477
25895,LOF,0.2810810851238211,0.01539623134734327,0.7035226835288357
25896,LOF,0.07247290503230137,0.03784455099503964,0.8896825439726591
25897,LOF,0.0965995905727844,0.016404257065344412,0.8869961523618711
25898,LOF,0.08799045543951256,0.045464111228699824,0.8665454333317877
25899,LOF,0.3940144823888208,0.050968777128583824,0.5550167404825954
25900,Neutral,0.7658493768071656,0.01238460859731182,0.22176601459552275
25901,LOF,0.06120219588417236,0.011081875019224573,0.9277159290966032
25902,LOF,0.08170334015838038,0.00845377876220339,0.9098428810794162
25903,LOF,0.14459921975410742,0.03727083606960976,0.8181299441762829
25904,Neutral,0.4863249912232301,0.091268316516476,0.42240669226029404
25905,LOF,0.010127871408809481,0.2684936446643567,0.7213784839268338
25906,LOF,0.008096452560226203,0.02177472204602426,0.9701288253937496
25907,LOF,0.008518063569939508,0.1535828091789027,0.8378991272511578
25908,LOF,0.009204347487079465,0.12603517568977518,0.8647604768231453
25909,LOF,0.04392201668518718,0.06075317639183549,0.8953248069229773
25910,LOF,0.01226585151624643,0.10196201853244011,0.8857721299513135
25911,LOF,0.16596230866655598,0.09842320972074824,0.7356144816126958
25912,LOF,0.1338568210781729,0.025935847140314855,0.8402073317815122
25913,LOF,0.013665922545164976,0.09643732716555012,0.8898967502892849
25914,LOF,0.042926035379146035,0.029943690588677286,0.9271302740321767
25915,LOF,0.1977916649222132,0.3788846628439918,0.423323672233795
25916,LOF,0.015160003243236254,0.20904376523370805,0.7757962315230557
25917,LOF,0.0665559034030578,0.03584220023202864,0.8976018963649135
25918,LOF,0.0422329326049206,0.018376349022997725,0.9393907183720815
25919,LOF,0.03865397233999695,0.017446275642186877,0.9438997520178161
25920,LOF,0.258394599108583,0.3606596043483331,0.38094579654308397
25921,LOF,0.024048551449198846,0.03330650038598752,0.9426449481648135
25922,LOF,0.02179781986085912,0.027450075068730977,0.9507521050704099
25923,LOF,0.4646269622999922,0.02368894500420101,0.5116840926958067
25924,LOF,0.028587883424728622,0.031383299184054025,0.9400288173912174
25925,LOF,0.1309517033290148,0.04914828085498389,0.8199000158160014
25926,LOF,0.10644757125749994,0.03369821925676064,0.8598542094857395
25927,LOF,0.028585260017342427,0.05982610326379345,0.9115886367188643
25928,LOF,0.017129230459265437,0.017205529707950133,0.9656652398327844
25929,Neutral,0.5977129203226496,0.023442403952445855,0.37884467572490466
25930,LOF,0.06770177772332402,0.02566392677269479,0.9066342955039811
25931,LOF,0.016302184005312588,0.019777501338766816,0.9639203146559205
25932,LOF,0.09877844037712366,0.01347251745859799,0.8877490421642784
25933,LOF,0.09422113449983385,0.010343964541208658,0.8954349009589574
25934,LOF,0.0912618308159161,0.012311169069946283,0.8964270001141377
25935,LOF,0.12531741098870128,0.03639088950890571,0.8382916995023929
25936,LOF,0.09357613018778738,0.011189647438551527,0.8952342223736611
25937,LOF,0.020087355844119765,0.022496223751947327,0.957416420403933
25938,LOF,0.1267710861620387,0.03266133989765542,0.8405675739403059
25939,LOF,0.06468739180528041,0.014011014957919475,0.9213015932368
25940,LOF,0.008063975557917723,0.40309906898203635,0.588836955460046
25941,Neutral,0.5104118605843884,0.18994632350754184,0.2996418159080697
25942,LOF,0.008953759320659812,0.23560604656604792,0.7554401941132923
25943,GOF,0.02855665438797456,0.603442471218612,0.3680008743934134
25944,GOF,0.029094767985666858,0.5549085883524519,0.41599664366188127
25945,LOF,0.10035552008733621,0.1602367986949648,0.739407681217699
25946,LOF,0.09375656880988875,0.0652012385766647,0.8410421926134465
25947,Neutral,0.5141071118866963,0.11451633581315723,0.37137655230014643
25948,LOF,0.4608862677946204,0.016670624000647432,0.5224431082047322
25949,LOF,0.09998843593719516,0.048701492670241306,0.8513100713925635
25950,GOF,0.0329787807974823,0.7966712287934504,0.17034999040906737
25951,GOF,0.013410495639805129,0.5996910816070852,0.3868984227531096
25952,GOF,0.09013336411196145,0.4628352383395687,0.4470313975484699
25953,GOF,0.0073887146540464795,0.5580949151912366,0.43451637015471706
25954,GOF,0.032887528376105556,0.7227101795432812,0.24440229208061323
25955,LOF,0.005564237765962013,0.47584509829900273,0.5185906639350352
25956,LOF,0.009439741228998589,0.2986410846420848,0.6919191741289166
25957,LOF,0.2478858731763878,0.02565113059626966,0.7264629962273425
25958,LOF,0.030347345132490777,0.07046623825223484,0.8991864166152744
25959,GOF,0.005248369408626408,0.6042419405825423,0.3905096900088311
25960,LOF,0.005060342870632775,0.10460167834848484,0.8903379787808825
25961,LOF,0.02907703957071792,0.06638622783240834,0.9045367325968737
25962,LOF,0.04074456100408133,0.10785495682223724,0.8514004821736815
25963,LOF,0.009366176685019685,0.2534123962096963,0.7372214271052839
25964,LOF,0.04194278476249002,0.15090843978757051,0.8071487754499393
25965,LOF,0.15034244951706957,0.2096656277015984,0.639991922781332
25966,LOF,0.35913483598020696,0.19659134477697626,0.44427381924281684
25967,LOF,0.00843381473717837,0.05057239087908747,0.9409937943837342
25968,LOF,0.08246875357344391,0.24572847166673512,0.671802774759821
25969,LOF,0.1438230017067083,0.03273149838272453,0.8234454999105671
25970,LOF,0.040134678063209764,0.2203864681783416,0.7394788537584487
25971,LOF,0.0639202144102591,0.09428275620973835,0.8417970293800024
25972,LOF,0.06371763340344881,0.12375369840822362,0.8125286681883276
25973,LOF,0.09835591658117669,0.006659980944244327,0.8949841024745789
25974,LOF,0.08338093735454435,0.058800230010027155,0.8578188326354285
25975,LOF,0.03804293334607107,0.009555088027538914,0.9524019786263901
25976,LOF,0.09280876579387232,0.007048347013183818,0.9001428871929439
25977,LOF,0.20429687920813527,0.07381463406590251,0.7218884867259622
25978,LOF,0.15906426197540807,0.1136259883153623,0.7273097497092297
25979,LOF,0.12020973107086624,0.12094499643604653,0.7588452724930872
25980,LOF,0.1886730767126728,0.23484618988967135,0.5764807333976558
25981,LOF,0.1923547376260096,0.24347902672329436,0.564166235650696
25982,LOF,0.26834388521911606,0.1149297014829987,0.6167264132978852
25983,Neutral,0.46597104471908823,0.12270139825849703,0.41132755702241475
25984,LOF,0.04645415574504442,0.15661929025074825,0.7969265540042073
25985,Neutral,0.4007958597106774,0.24105075371454365,0.35815338657477885
25986,GOF,0.008487992798379867,0.5182548966097986,0.47325711059182146
25987,LOF,0.02104993900139971,0.10069878279899717,0.878251278199603
25988,LOF,0.037997943046801104,0.23281374906941277,0.7291883078837861
25989,LOF,0.03869950199435033,0.22241361931282033,0.7388868786928293
25990,LOF,0.04281296474644606,0.31215303430969177,0.6450340009438623
25991,GOF,0.0375647409042248,0.5548849986554544,0.4075502604403207
25992,LOF,0.013086864662508989,0.31784655564077907,0.6690665796967119
25993,LOF,0.029690312017926535,0.08053208186349442,0.8897776061185791
25994,LOF,0.0324334914682902,0.08958353907752237,0.8779829694541875
25995,LOF,0.01958714945623663,0.1775108909476012,0.8029019595961623
25996,GOF,0.3476668644349988,0.47695332797000356,0.17537980759499752
25997,GOF,0.0717572796884015,0.6354350551355893,0.2928076651760093
25998,LOF,0.2517923450570709,0.03858088715469011,0.7096267677882391
25999,LOF,0.0261342444761834,0.4224788921595054,0.5513868633643112
26000,LOF,0.13806085610620208,0.018285774309427922,0.84365336958437
26001,LOF,0.148570039995651,0.041763465125187735,0.8096664948791612
26002,LOF,0.10935419165710208,0.02636885084410512,0.8642769574987929
26003,GOF,0.006566432993899849,0.5553444466869838,0.4380891203191164
26004,GOF,0.015673270640285848,0.5723224654909024,0.4120042638688116
26005,LOF,0.0054774711344284695,0.4385802190855271,0.5559423097800443
26006,GOF,0.10276879143685269,0.49526889958638737,0.4019623089767599
26007,LOF,0.008611427723006389,0.48839823771913565,0.502990334557858
26008,GOF,0.0062118934262715905,0.5241817494138021,0.46960635715992627
26009,GOF,0.012443996585165325,0.5557453207325664,0.4318106826822682
26010,GOF,0.008277120069920292,0.556803082820992,0.4349197971090877
26011,LOF,0.006146602132227052,0.38320496674668564,0.6106484311210874
26012,LOF,0.005916140825225642,0.4576192485617624,0.536464610613012
26013,LOF,0.010652356260621457,0.42012174466841534,0.5692258990709631
26014,LOF,0.055728552302103884,0.08934433691611879,0.8549271107817772
26015,LOF,0.37997863941145194,0.06575334758129363,0.5542680130072545
26016,LOF,0.2482968205816238,0.1440961716476914,0.6076070077706848
26017,LOF,0.015982991082373898,0.44796728913883627,0.5360497197787898
26018,LOF,0.02137820864211677,0.16127171886784392,0.8173500724900392
26019,LOF,0.02163217929151286,0.12697503640173496,0.8513927843067522
26020,LOF,0.006830048491997395,0.4255326112182156,0.567637340289787
26021,LOF,0.07939384457916453,0.30199257443858424,0.6186135809822513
26022,LOF,0.0498863849303813,0.07874544798393388,0.8713681670856849
26023,LOF,0.030887530832211473,0.12778603116395815,0.8413264380038304
26024,LOF,0.045105212600430405,0.19836508738498654,0.756529700014583
26025,LOF,0.13713536920162042,0.1494108615958973,0.7134537692024824
26026,LOF,0.14235672336167274,0.11211115084330947,0.7455321257950178
26027,LOF,0.03047302950275676,0.07421843628753629,0.8953085342097069
26028,LOF,0.06653737369098599,0.21363616331272325,0.7198264629962907
26029,LOF,0.04157430151628547,0.09820133543153335,0.8602243630521812
26030,LOF,0.15904158792109277,0.008843482035553407,0.8321149300433538
26031,LOF,0.020176481111552954,0.10704782088269084,0.8727756980057562
26032,LOF,0.031198847990099813,0.017880516222881795,0.9509206357870184
26033,LOF,0.04588404184649498,0.034124097888347776,0.9199918602651573
26034,LOF,0.027384741595858096,0.06533443688247687,0.907280821521665
26035,LOF,0.016088542217011538,0.07966896249632903,0.9042424952866595
26036,LOF,0.01539412853769925,0.0633645399758564,0.9212413314864445
26037,LOF,0.014511186085811811,0.06554137764852169,0.9199474362656666
26038,LOF,0.02548442960243002,0.01727506161489367,0.9572405087826764
26039,LOF,0.03500027459645349,0.09922291442074144,0.8657768109828051
26040,LOF,0.06996634854513697,0.13471179972707387,0.7953218517277891
26041,LOF,0.017438854526722638,0.07963044252439329,0.9029307029488841
26042,LOF,0.01604576768518019,0.0867496557120752,0.8972045766027447
26043,LOF,0.024720210800179523,0.039440045275338856,0.9358397439244815
26044,LOF,0.008981133230531842,0.04014832429283302,0.9508705424766352
26045,LOF,0.08863545968406358,0.19097928097298558,0.7203852593429508
26046,LOF,0.024370761101134033,0.045292601288269646,0.9303366376105964
26047,LOF,0.058659966052140765,0.03532929804641481,0.9060107359014445
26048,LOF,0.08081033983019732,0.021819014889356995,0.8973706452804456
26049,Neutral,0.9234025403209668,0.005255058251922908,0.0713424014271102
26050,Neutral,0.8692484625175508,0.006271957432269309,0.1244795800501799
26051,LOF,0.034984020760409344,0.2931833182800405,0.6718326609595502
26052,LOF,0.036475767023747496,0.20810330190247678,0.7554209310737757
26053,LOF,0.03833605957107551,0.05527997501684682,0.9063839654120776
26054,LOF,0.051122450284563914,0.08336929969490303,0.8655082500205331
26055,LOF,0.056898922108659655,0.06812760858484292,0.8749734693064973
26056,LOF,0.05335652602577514,0.07252627147060717,0.8741172025036177
26057,LOF,0.0578066878303678,0.018370169195328568,0.9238231429743036
26058,LOF,0.06809931320076397,0.014894015172623407,0.9170066716266126
26059,LOF,0.2523538014658481,0.1046390397349366,0.6430071587992152
26060,LOF,0.017575631501773086,0.24370299378480315,0.7387213747134237
26061,LOF,0.013549227025207937,0.012161303943081563,0.9742894690317104
26062,LOF,0.006261642670521994,0.02324082237054389,0.9704975349589341
26063,LOF,0.05683372437633591,0.014884196563345121,0.928282079060319
26064,LOF,0.010701616267846265,0.015178500826209031,0.9741198829059446
26065,LOF,0.0470196923569579,0.020517942901327826,0.9324623647417144
26066,LOF,0.04963295291161082,0.014167911915302072,0.9361991351730872
26067,LOF,0.05856416116784822,0.015874248817816062,0.9255615900143357
26068,LOF,0.04824350093411406,0.05289817434253808,0.8988583247233479
26069,LOF,0.15950634621972967,0.044271730987477234,0.7962219227927931
26070,LOF,0.3730137287459913,0.027492140650657602,0.5994941306033512
26071,LOF,0.05106250641786828,0.017998468521528754,0.9309390250606029
26072,LOF,0.009371286210031292,0.020513815779759987,0.9701148980102088
26073,LOF,0.050640301721180135,0.01264124562650549,0.9367184526523145
26074,Neutral,0.7018014136960598,0.023901671462241914,0.2742969148416983
26075,LOF,0.038162052203661215,0.03908628042895006,0.9227516673673888
26076,LOF,0.06181840725000185,0.022133681772562055,0.9160479109774362
26077,LOF,0.16081731950125097,0.02048841318527619,0.8186942673134728
26078,LOF,0.007236305810677741,0.024282593881459372,0.9684811003078629
26079,LOF,0.054027908483693966,0.039147720662725066,0.9068243708535809
26080,LOF,0.05292544330129857,0.039424486346312564,0.9076500703523889
26081,LOF,0.050830017572461056,0.016013391275025705,0.9331565911525133
26082,LOF,0.007839116922233973,0.022979677186992703,0.9691812058907733
26083,LOF,0.04503346793683529,0.03919126911716934,0.9157752629459953
26084,LOF,0.05929961650481834,0.018115110024832962,0.9225852734703487
26085,LOF,0.05498777571454807,0.016308860028992758,0.9287033642564593
26086,LOF,0.039368807890320684,0.01953006419768645,0.9411011279119929
26087,LOF,0.04823013295976904,0.020539304876013915,0.9312305621642171
26088,LOF,0.008591118593340767,0.04493374506521456,0.9464751363414448
26089,LOF,0.0346726271479817,0.057213132929438366,0.9081142399225799
26090,LOF,0.03405486891153855,0.04725587701585408,0.9186892540726075
26091,LOF,0.05243243671261469,0.015963461579601202,0.9316041017077841
26092,LOF,0.06640726319811122,0.014458330564909142,0.9191344062369796
26093,LOF,0.08110929510990306,0.011080062530655077,0.9078106423594419
26094,LOF,0.04262070077994978,0.015670673994917117,0.941708625225133
26095,LOF,0.011702892054797015,0.03176949147176877,0.9565276164734343
26096,LOF,0.3031579864763879,0.005302595190302539,0.6915394183333096
26097,LOF,0.007625252854313315,0.05833516837642204,0.9340395787692647
26098,LOF,0.05703912365749737,0.04086228168542736,0.9020985946570752
26099,LOF,0.05255777855189044,0.04787998624322568,0.899562235204884
26100,LOF,0.05255777855189044,0.04787998624322568,0.899562235204884
26101,LOF,0.04297323981998714,0.051687836390900056,0.9053389237891128
26102,LOF,0.051879219567175665,0.023139551261798227,0.924981229171026
26103,Neutral,0.8580239486695451,0.050527319553068134,0.09144873177738672
26104,LOF,0.04333887127242705,0.1131979623545596,0.8434631663730134
26105,LOF,0.24006214202406212,0.21460000602924928,0.5453378519466886
26106,LOF,0.2585055127335433,0.09926424215085602,0.6422302451156008
26107,LOF,0.009435467697443849,0.15267598170494193,0.8378885505976142
26108,LOF,0.14589262561734578,0.15126941133536023,0.7028379630472941
26109,LOF,0.04877172585077873,0.02767566384895597,0.9235526103002653
26110,Neutral,0.5128019415918209,0.041099374347136446,0.4460986840610425
26111,LOF,0.04657187451664883,0.25756653329586554,0.6958615921874857
26112,LOF,0.0570290441915679,0.04226254990381569,0.9007084059046164
26113,LOF,0.06729857799866201,0.06912521366207705,0.863576208339261
26114,LOF,0.10883706187612321,0.02568152811223294,0.8654814100116439
26115,LOF,0.019240644170827603,0.21386495260930177,0.7668944032198706
26116,LOF,0.07085822673895373,0.07395971458229156,0.8551820586787546
26117,LOF,0.27725867313071806,0.06941347743205309,0.653327849437229
26118,LOF,0.03730929000307792,0.026859755674080322,0.9358309543228418
26119,LOF,0.004987077264141581,0.1046119431503578,0.8904009795855007
26120,LOF,0.03188006692710742,0.025437539124425177,0.9426823939484674
26121,LOF,0.004125979952088449,0.12053963882953762,0.8753343812183739
26122,LOF,0.004502427247256937,0.10768280269018553,0.8878147700625576
