feature0,prediction,LoGoFunc_Neutral,LoGoFunc_GOF,LoGoFunc_LOF
25546,Neutral,0.6526659506926329,0.06464211335043311,0.282691935956934
25547,Neutral,0.45214050979087095,0.12085373010017258,0.42700576010895636
25548,Neutral,0.4730207032747064,0.09314967095767754,0.43382962576761613
25549,LOF,0.4042092661176509,0.09439117052170391,0.5013995633606452
25550,LOF,0.32622289558406964,0.16224962664438056,0.5115274777715497
25551,LOF,0.2739481646023889,0.1825444519032443,0.5435073834943668
25552,LOF,0.18957655530471657,0.16749696014413462,0.6429264845511489
25553,Neutral,0.78652071809138,0.052354248042566644,0.16112503386605323
25554,LOF,0.22815155557551242,0.16183389826202293,0.6100145461624646
25555,LOF,0.18768676881119628,0.14243838383405358,0.6698748473547501
25556,LOF,0.38040348585014544,0.12828475035719425,0.49131176379266034
25557,LOF,0.17381882855407685,0.15265161026880925,0.6735295611771139
25558,LOF,0.22392451989313525,0.15855919346215258,0.6175162866447123
25559,LOF,0.1941873382381329,0.11898362050639061,0.6868290412554765
25560,LOF,0.06649514156417798,0.13601453151824494,0.7974903269175772
25561,LOF,0.13294431783618102,0.11843008906631639,0.7486255930975025
25562,LOF,0.06054737798488982,0.08569361148537954,0.8537590105297306
25563,LOF,0.08296395152780967,0.0833752887904548,0.8336607596817356
25564,LOF,0.22784711352561002,0.1517152378975067,0.6204376485768832
25565,LOF,0.16091156409424606,0.12368492793228841,0.7154035079734654
25566,GOF,0.01854275285672748,0.7508199574238209,0.23063728971945174
25567,LOF,0.020298077746355163,0.1705668506929429,0.809135071560702
25568,LOF,0.06272575876980646,0.07718747889064873,0.8600867623395447
25569,LOF,0.06040179095136559,0.07740727761741757,0.862190931431217
25570,LOF,0.03368475741096321,0.10908742375513444,0.8572278188339024
25571,LOF,0.03188233374896879,0.10726196250223452,0.8608557037487967
25572,LOF,0.034199620776221455,0.1341803479777157,0.8316200312460628
25573,LOF,0.026623744888024114,0.10390792130152736,0.8694683338104484
25574,LOF,0.018586113638927527,0.15421009702151736,0.8272037893395551
25575,LOF,0.02665392081890541,0.11718840829542722,0.8561576708856673
25576,LOF,0.014277675287731675,0.15842067504604004,0.8273016496662282
25577,LOF,0.011364101549972323,0.1362538299593157,0.8523820684907121
25578,LOF,0.29304729925208384,0.08557226299200797,0.6213804377559082
25579,LOF,0.12828015485659186,0.09209011285064139,0.7796297322927667
25580,LOF,0.018683815179092688,0.08503534782230582,0.8962808369986015
25581,LOF,0.04874134324483011,0.07467447529877028,0.8765841814563996
25582,LOF,0.04867259004667928,0.07321988019645552,0.8781075297568652
25583,LOF,0.020910143019624107,0.09368793664742348,0.8854019203329525
25584,Neutral,0.5219601959562943,0.0965305389307739,0.38150926511293193
25585,LOF,0.012338011492439292,0.14550661985911953,0.8421553686484412
25586,LOF,0.017998744275204936,0.07738097199348962,0.9046202837313053
25587,LOF,0.01713055575629794,0.0710946639563092,0.9117747802873929
25588,LOF,0.018003377180116246,0.0830868802275814,0.8989097425923024
25589,Neutral,0.6275386824751876,0.13414296361433647,0.23831835391047593
25590,LOF,0.02001937784242848,0.12308003275859171,0.8569005893989798
25591,LOF,0.08061348908570476,0.06453700578986488,0.8548495051244305
25592,LOF,0.0501987871281879,0.13650434096990205,0.81329687190191
25593,LOF,0.02248326592646567,0.2498194067216202,0.7276973273519141
25594,LOF,0.03804786761750348,0.11370977552808521,0.8482423568544114
25595,LOF,0.03707682619119234,0.08893258859114614,0.8739905852176615
25596,LOF,0.05291179813479277,0.07380725998911263,0.8732809418760946
25597,LOF,0.03330723556362004,0.08252457559975022,0.8841681888366297
25598,LOF,0.035180109922040445,0.09287390238998337,0.8719459876879763
25599,GOF,0.008011907489274496,0.583551646256112,0.40843644625461345
25600,GOF,0.03260009794400237,0.6542310981135854,0.31316880394241225
25601,LOF,0.012117641822292743,0.43235723587058866,0.5555251223071186
25602,LOF,0.012861603180173589,0.04802052990090703,0.9391178669189193
25603,LOF,0.05088248365764394,0.018664092008099,0.930453424334257
25604,LOF,0.016125928448817016,0.0701617385066049,0.913712333044578
25605,LOF,0.007526477310965655,0.1966183450675177,0.7958551776215166
25606,LOF,0.09304078402479744,0.323409996934014,0.5835492190411886
25607,LOF,0.005226925639833363,0.20770219228662576,0.7870708820735409
25608,LOF,0.011325958608719931,0.11794387042096235,0.8707301709703178
25609,LOF,0.0669366779493555,0.37096250903045863,0.5621008130201858
25610,LOF,0.019882723742744333,0.024820906634916918,0.9552963696223388
25611,LOF,0.01856363841809419,0.026902046064365002,0.9545343155175409
25612,LOF,0.05975187831260111,0.036057209252772074,0.9041909124346269
25613,LOF,0.05467833062416288,0.03648404294929053,0.9088376264265466
25614,LOF,0.026215128407358818,0.029763552379808177,0.944021319212833
25615,LOF,0.01718182615881205,0.044324177510837184,0.9384939963303508
25616,LOF,0.05169196586045399,0.031005255863162086,0.917302778276384
25617,LOF,0.0490876426764145,0.034949010003648064,0.9159633473199373
25618,LOF,0.061337184682056595,0.03574962399102432,0.9029131913269192
25619,LOF,0.017859914102922113,0.03102376231235981,0.9511163235847181
25620,LOF,0.06956479930491279,0.04057707155248088,0.8898581291426064
25621,LOF,0.01961843408758363,0.039564559270451376,0.940817006641965
25622,LOF,0.02232622476035625,0.042570950364029636,0.935102824875614
25623,LOF,0.03470276736045541,0.038454137819498746,0.9268430948200459
25624,LOF,0.022549876866122733,0.03532645174600571,0.9421236713878717
25625,LOF,0.02360162735250645,0.05534477905919841,0.9210535935882952
25626,LOF,0.052885742318980064,0.0354312308130059,0.9116830268680141
25627,Neutral,0.6116502235216155,0.09474440818144524,0.2936053682969393
25628,LOF,0.20874047194325537,0.053157259140049054,0.7381022689166957
25629,LOF,0.04212967769994337,0.06066284913393662,0.89720747316612
25630,LOF,0.14482033442152661,0.09341824029520869,0.7617614252832647
25631,Neutral,0.6169307204343243,0.06151177774542414,0.3215575018202517
25632,LOF,0.007468524780432581,0.06242125090789334,0.930110224311674
25633,LOF,0.20628930968297585,0.0410588239103909,0.7526518664066334
25634,LOF,0.029342977266356263,0.09234396921858164,0.8783130535150621
25635,LOF,0.036390939613664415,0.04679539960504159,0.9168136607812941
25636,GOF,0.004796223067085514,0.6221644401305171,0.3730393368023974
25637,GOF,0.007361770691213352,0.6028428790790491,0.3897953502297376
25638,LOF,0.010485434416979298,0.3131620138536456,0.6763525517293751
25639,LOF,0.004808074725819727,0.46178676455848144,0.5334051607156988
25640,Neutral,0.4670082498824831,0.44953282536087635,0.08345892475664042
25641,LOF,0.013410979310161854,0.2961253849397526,0.6904636357500855
25642,LOF,0.23684841500610893,0.05295662518147764,0.7101949598124135
25643,LOF,0.1287049502335365,0.14429699943937596,0.7269980503270874
25644,LOF,0.008813829795806565,0.46672447127561006,0.5244616989285833
25645,LOF,0.007733319262049102,0.42659750684640096,0.5656691738915499
25646,LOF,0.012146125663167187,0.32561105857761047,0.6622428157592224
25647,LOF,0.010010377443585372,0.2631762637053403,0.7268133588510743
25648,LOF,0.009178559226371745,0.25767423966697534,0.733147201106653
25649,LOF,0.007481736755817676,0.19762132379395994,0.7948969394502224
25650,LOF,0.012996922249232705,0.4233193755867803,0.563683702163987
25651,LOF,0.005841394143351898,0.2634630596902098,0.7306955461664383
25652,LOF,0.009506991681363309,0.24990593789994575,0.740587070418691
25653,LOF,0.02620382872683536,0.3993552021539894,0.5744409691191752
25654,LOF,0.010602245682982542,0.14115350153498885,0.8482442527820285
25655,LOF,0.046960336806780974,0.41790557187793176,0.5351340913152872
25656,LOF,0.1886409137574277,0.05580270403376098,0.7555563822088113
25657,LOF,0.26156691981591845,0.03150355107642551,0.7069295291076559
25658,LOF,0.08310330955515445,0.076302898674484,0.8405937917703615
25659,LOF,0.44168403202591544,0.07026548968405917,0.4880504782900254
25660,LOF,0.029070322075713795,0.10157962747106523,0.8693500504532209
25661,LOF,0.09249935184434975,0.07181055953004108,0.8356900886256091
25662,LOF,0.03038240970373135,0.0493293272370069,0.9202882630592618
25663,LOF,0.03988219785384478,0.06898800193004342,0.8911298002161118
25664,LOF,0.04801306332702993,0.08767610523210474,0.8643108314408653
25665,LOF,0.05493447084473658,0.03731899105840324,0.9077465380968601
25666,LOF,0.03551272629308341,0.10953104577031032,0.8549562279366063
25667,LOF,0.062335782840997535,0.0539715535812135,0.883692663577789
25668,LOF,0.03419304079838978,0.057361496780375824,0.9084454624212344
25669,LOF,0.03152631863802313,0.08108587946215577,0.8873878018998211
25670,LOF,0.060015220524949765,0.06509028666283641,0.8748944928122139
25671,LOF,0.08944559061842604,0.045726225953720966,0.8648281834278531
25672,LOF,0.05695619256389734,0.049332755896775535,0.8937110515393272
25673,LOF,0.02417197956789872,0.06562145427677393,0.9102065661553272
25674,LOF,0.021350322339526096,0.07790425606310428,0.9007454215973696
25675,LOF,0.03215829149127079,0.07185368991855655,0.8959880185901726
25676,LOF,0.019249065092712382,0.06272011600188518,0.9180308189054024
25677,LOF,0.028671448210747325,0.07566012633623911,0.8956684254530136
25678,LOF,0.18682794766372812,0.06598444279468953,0.7471876095415824
25679,LOF,0.15807418028203093,0.08938639192519361,0.7525394277927754
25680,LOF,0.042980262999065204,0.11540448068423792,0.841615256316697
25681,LOF,0.06458355386706288,0.10957398953088346,0.8258424566020537
25682,LOF,0.14220180485037853,0.08304190853879129,0.7747562866108301
25683,LOF,0.08849878394616496,0.11907655547457015,0.7924246605792649
25684,LOF,0.044368150407565664,0.08506620054932124,0.8705656490431132
25685,LOF,0.08029318226248977,0.052685433940796264,0.867021383796714
25686,LOF,0.02636144286204262,0.07740606658767472,0.8962324905502825
25687,LOF,0.04937950292562299,0.06707159253409446,0.8835489045402827
25688,LOF,0.051412658592524536,0.06074227238543517,0.8878450690220402
25689,LOF,0.028198646727287086,0.07071658990722866,0.9010847633654843
25690,LOF,0.03522936537588087,0.05727451398171395,0.9074961206424053
25691,LOF,0.2406110529527132,0.07585314091577354,0.6835358061315133
25692,LOF,0.2526296443660925,0.008015620447539566,0.739354735186368
25693,LOF,0.08073464840239533,0.22848562247993787,0.6907797291176668
25694,LOF,0.2386810470792425,0.014202365861253886,0.7471165870595037
25695,LOF,0.14675928925228043,0.023392310583296473,0.8298484001644231
25696,LOF,0.11764124795167244,0.011925605575139352,0.8704331464731883
25697,LOF,0.0960469152773636,0.02194975693101144,0.8820033277916249
25698,LOF,0.05299547639742968,0.4470521032581441,0.4999524203444262
25699,LOF,0.06593538959224438,0.10015828922065931,0.8339063211870963
25700,LOF,0.054441337154799575,0.009951251360974057,0.9356074114842263
25701,LOF,0.01618017437803159,0.06772585390758284,0.9160939717143856
25702,GOF,0.03717090658075717,0.6907638803166194,0.27206521310262344
25703,LOF,0.009061678839154331,0.1684558214106044,0.8224824997502413
25704,LOF,0.05398947786953741,0.1430412292906044,0.8029692928398581
25705,LOF,0.06560912330141226,0.25830108050282996,0.6760897961957578
25706,GOF,0.024831977909971933,0.5166838646342506,0.4584841574557774
25707,LOF,0.017913805413244124,0.450556259592712,0.5315299349940438
25708,LOF,0.0077942891749198185,0.4137785712145441,0.578427139610536
25709,LOF,0.05664137818533393,0.06808037969890043,0.8752782421157657
25710,LOF,0.005751148270088868,0.17680733252884476,0.8174415192010663
25711,LOF,0.017368296592630228,0.14309738279392326,0.8395343206134465
25712,LOF,0.007398500238253526,0.23162474905654235,0.7609767507052042
25713,LOF,0.01874124973463137,0.12014614039948647,0.8611126098658822
25714,LOF,0.05899398045353912,0.1538451792245004,0.7871608403219605
25715,LOF,0.011860354985079811,0.16120342101661855,0.8269362239983017
25716,LOF,0.006599223527290328,0.1409250823184511,0.8524756941542587
25717,LOF,0.005978078313104364,0.10779628127904574,0.8862256404078499
25718,LOF,0.012416243365788646,0.11090091528465398,0.8766828413495574
25719,LOF,0.019303307437875224,0.1168502228361393,0.8638464697259854
25720,LOF,0.02042706589320653,0.10823390558492756,0.871339028521866
25721,LOF,0.01726316162728168,0.12097583548246434,0.8617610028902539
25722,LOF,0.015344220573776143,0.15072266862406836,0.8339331108021556
25723,LOF,0.019736450860810478,0.09207243332516166,0.8881911158140279
25724,LOF,0.017451355337003756,0.13287181925390035,0.849676825409096
25725,LOF,0.011900014759304321,0.0958065227649357,0.89229346247576
25726,LOF,0.014318667012485112,0.13448774892483883,0.8511935840626761
25727,LOF,0.012559623111415383,0.10563185066655231,0.8818085262220323
25728,LOF,0.010774283559045616,0.13760616768751352,0.8516195487534408
25729,LOF,0.011141000543502567,0.14211212978380341,0.8467468696726941
25730,LOF,0.015759885098735136,0.11602469381706225,0.8682154210842025
25731,LOF,0.008185921517335777,0.15206139557383214,0.8397526829088322
25732,LOF,0.016078301252206037,0.09409596766395034,0.8898257310838437
25733,LOF,0.01672704136994431,0.09643238687964123,0.8868405717504144
25734,LOF,0.005830806200818932,0.14622443898475346,0.8479447548144275
25735,LOF,0.014689139897955056,0.09452484459552449,0.8907860155065204
25736,LOF,0.014811914309277523,0.12770566968064606,0.8574824160100765
25737,LOF,0.021326400305892865,0.1074503868530451,0.8712232128410621
25738,LOF,0.013970492260057851,0.15269569050319579,0.8333338172367463
25739,LOF,0.019924337452052524,0.13659975232668062,0.8434759102212669
25740,LOF,0.03064392300676362,0.14052804570914254,0.8288280312840938
25741,LOF,0.015446933296134951,0.1267587506916975,0.8577943160121674
25742,LOF,0.08961176169037464,0.13343887237381163,0.7769493659358139
25743,LOF,0.014276377867820388,0.029676844684802757,0.9560467774473768
25744,LOF,0.22660422084566434,0.29668605356110356,0.4767097255932321
25745,LOF,0.027057196875736243,0.0423415929344478,0.930601210189816
25746,LOF,0.017866170040092666,0.05011189186092035,0.932021938098987
25747,LOF,0.028480078739025822,0.024291240707359798,0.9472286805536144
25748,LOF,0.12469966068724256,0.03909044396658903,0.8362098953461684
25749,LOF,0.015440077623721331,0.04100463098813418,0.9435552913881445
25750,LOF,0.03168356478347503,0.0544824196113219,0.9138340156052032
25751,LOF,0.11322644012080972,0.04422556596076463,0.8425479939184256
25752,GOF,0.1360280213294497,0.6056692304653196,0.2583027482052306
25753,LOF,0.007935899397794377,0.3014286987179809,0.6906354018842248
25754,GOF,0.004734217998859152,0.7928957802052606,0.20237000179588008
25755,LOF,0.008934752373889621,0.4027520318361258,0.5883132157899845
25756,LOF,0.04468306744425992,0.39935736351743284,0.5559595690383073
25757,GOF,0.005555215310857024,0.84230972892675,0.15213505576239303
25758,GOF,0.007219945589226401,0.8477674492644541,0.1450126051463195
25759,GOF,0.004423184606213849,0.5528555332967967,0.44272128209698947
25760,LOF,0.005332708963111625,0.26704957108120253,0.7276177199556859
25761,GOF,0.044294364447082984,0.8150372730485231,0.14066836250439385
25762,LOF,0.031819506722141205,0.2910537181517116,0.6771267751261472
25763,LOF,0.00648788121323332,0.20652299941221725,0.7869891193745493
25764,GOF,0.19242408538780145,0.46769632441770537,0.3398795901944931
25765,GOF,0.011750310776660708,0.7816871831248273,0.20656250609851193
25766,GOF,0.017105823278276155,0.8069642938269778,0.17592988289474612
25767,GOF,0.019243053235353066,0.5309232156386237,0.44983373112602315
25768,LOF,0.07570342234599518,0.08603038118493846,0.8382661964690663
25769,LOF,0.0871789463579639,0.050384530414416304,0.8624365232276198
25770,LOF,0.31881791820763183,0.06235451090614517,0.618827570886223
25771,LOF,0.01470004518304561,0.05234427699398481,0.9329556778229695
25772,LOF,0.020487349229571225,0.026226956899660973,0.9532856938707679
25773,LOF,0.011594784026813283,0.11043790245045872,0.8779673135227279
25774,LOF,0.0256677607100193,0.0652118661121456,0.909120373177835
25775,LOF,0.01615044934653929,0.050510665902692396,0.9333388847507683
25776,LOF,0.08523174628855607,0.02074714891726907,0.894021104794175
25777,LOF,0.2720435072588603,0.04371219551843462,0.6842442972227051
25778,LOF,0.0731186319030866,0.038370603745484025,0.8885107643514294
25779,GOF,0.07788769754513888,0.8590625646238712,0.06304973783098998
25780,GOF,0.0610265661371904,0.8356747138331597,0.10329872002964995
25781,GOF,0.02777974915019123,0.83932387841069,0.1328963724391189
25782,GOF,0.03553149550381181,0.8707043704974565,0.09376413399873167
25783,GOF,0.013257650792631562,0.6509718237151261,0.33577052549224246
25784,GOF,0.14685954302403287,0.7939862118450093,0.05915424513095781
25785,GOF,0.08425100921876601,0.8563728494377301,0.0593761413435038
25786,GOF,0.0063429908694396095,0.7786060982585874,0.215050910871973
25787,GOF,0.2383850249527604,0.7082088218599413,0.05340615318729837
25788,LOF,0.04679905960079562,0.10810441299107737,0.845096527408127
25789,GOF,0.049381550820254104,0.7775482148300804,0.17307023434966556
25790,GOF,0.04776835421096267,0.8081685258489988,0.14406311994003856
25791,GOF,0.03026899294974712,0.7482713732160997,0.2214596338341531
25792,GOF,0.04975622944694273,0.750264302386248,0.19997946816680925
25793,GOF,0.09760668945904082,0.6960604153446112,0.20633289519634818
25794,GOF,0.11090623332517255,0.6728953835275936,0.21619838314723386
25795,GOF,0.029186543792344435,0.7341894351412506,0.23662402106640495
25796,GOF,0.14335993215245096,0.7283357106500775,0.12830435719747169
25797,GOF,0.03715031217524707,0.5651257388379495,0.39772394898680336
25798,GOF,0.0033717329289146827,0.5376921902490509,0.4589360768220343
25799,LOF,0.003119608217159999,0.41258374357650673,0.5842966482063332
25800,GOF,0.010253334923147787,0.6158908291302467,0.37385583594660543
25801,GOF,0.03147656356617059,0.8135156024351391,0.1550078339986904
25802,GOF,0.02060031804319882,0.6994308795677411,0.2799688023890601
25803,GOF,0.010058832704979826,0.5672098199290929,0.4227313473659272
25804,LOF,0.013628455503121188,0.4701123889440441,0.5162591555528346
25805,GOF,0.02307661891538763,0.5888475498649751,0.3880758312196372
25806,GOF,0.020146636797207986,0.6130681876541525,0.3667851755486395
25807,GOF,0.0054096856124905964,0.6309907935005096,0.36359952088699987
25808,GOF,0.014690544126018105,0.6282021253544104,0.35710733051957144
25809,GOF,0.006258269093920233,0.600015232962919,0.3937264979431607
25810,GOF,0.005235849325607815,0.6112588943307393,0.38350525634365284
25811,GOF,0.10224951302366907,0.7755991323233541,0.1221513546529768
25812,GOF,0.012683045670808768,0.6020380413451938,0.38527891298399747
25813,GOF,0.11827563557600072,0.692263517414569,0.18946084700943022
25814,GOF,0.03227212482767856,0.6608116932734809,0.3069161818988405
25815,GOF,0.04542401755400234,0.679158351865539,0.2754176305804587
25816,GOF,0.007599868375290984,0.7315363720739629,0.2608637595507462
25817,GOF,0.06865792112737819,0.7623191514766344,0.16902292739598726
25818,GOF,0.02001248702047433,0.7038659141840315,0.2761215987954941
25819,GOF,0.07750778970694781,0.7058056844314419,0.2166865258616103
25820,GOF,0.0382226610464742,0.7112862867783413,0.2504910521751844
25821,GOF,0.01741936702009533,0.6992487883762937,0.28333184460361105
25822,GOF,0.04340489582965732,0.6906020771073438,0.2659930270629989
25823,GOF,0.012324385151684887,0.5405195287548747,0.4471560860934404
25824,GOF,0.02394707119327324,0.6478851434298909,0.3281677853768359
25825,GOF,0.012884872630356124,0.6202856577828549,0.36682946958678897
25826,GOF,0.005216902421801179,0.5971069444348652,0.39767615314333365
25827,GOF,0.007881403292898926,0.6176529368870999,0.3744656598200013
25828,GOF,0.005081742620918014,0.5340841019178049,0.4608341554612771
25829,GOF,0.0026457981922246754,0.5802963515659203,0.417057850241855
25830,LOF,0.03741432308145761,0.347322715840234,0.6152629610783084
25831,GOF,0.037072732665153534,0.8144924983473439,0.14843476898750252
25832,GOF,0.008157157728245025,0.7529486023594567,0.23889423991229813
25833,GOF,0.03057242285725806,0.8025526356988901,0.16687494144385184
25834,GOF,0.008627296997947375,0.7633713007139031,0.22800140228814963
25835,GOF,0.017742532317615446,0.8110423313362232,0.17121513634616145
25836,GOF,0.007507849091616047,0.7382096066213074,0.2542825442870765
25837,GOF,0.006961233845843689,0.6551874759618709,0.3378512901922853
25838,GOF,0.021147970515495544,0.8258353668141407,0.15301666267036362
25839,GOF,0.05463715080130888,0.7718731771851904,0.17348967201350074
25840,GOF,0.043256065155372614,0.8134850235244542,0.14325891132017324
25841,GOF,0.03963458185764583,0.8315849924003976,0.12878042574195658
25842,GOF,0.027576325767844873,0.8533105342496056,0.11911313998254952
25843,GOF,0.030217812494680946,0.8712294712052223,0.0985527163000967
25844,GOF,0.01633021767051059,0.7850500078996983,0.19861977442979117
25845,GOF,0.005045789500198066,0.5792989717976642,0.41565523870213766
25846,GOF,0.028007367174813946,0.8456227094416768,0.12636992338350939
25847,GOF,0.01852595309430974,0.8819761322782134,0.09949791462747685
25848,GOF,0.013828531800744481,0.7661015464036806,0.22006992179557489
25849,GOF,0.004400488238464931,0.6572267064617143,0.3383728052998207
25850,GOF,0.007025873253230497,0.6887206214683091,0.3042535052784603
25851,GOF,0.006490377929282432,0.5753707342993398,0.4181388877713779
25852,GOF,0.14316599551350115,0.5202716056646483,0.3365623988218505
25853,GOF,0.07351373554361343,0.8198197181499781,0.10666654630640848
25854,GOF,0.009075755454969314,0.6385439216048575,0.35238032294017324
25855,GOF,0.014200764923577996,0.5775386066540417,0.40826062842238026
25856,GOF,0.03804350800486094,0.6998215921855128,0.26213489980962623
25857,GOF,0.013869216795507308,0.5369843547628126,0.4491464284416802
25858,GOF,0.008246948669257077,0.5450523765915932,0.4467006747391497
25859,GOF,0.005275977520258249,0.5168196453264533,0.4779043771532883
25860,GOF,0.08333878985694484,0.7751267570761861,0.14153445306686896
25861,GOF,0.12436727434916604,0.7776392842594432,0.09799344139139067
25862,GOF,0.019799730076148166,0.8216769023574906,0.15852336756636137
25863,GOF,0.019222253667902388,0.8331987728499842,0.14757897348211338
25864,GOF,0.04465359804606437,0.8682023994835288,0.08714400247040664
25865,GOF,0.029286921124816644,0.840088523009856,0.13062455586532742
25866,GOF,0.02309649218809498,0.8093607134639019,0.16754279434800312
25867,GOF,0.026297070737339077,0.8578674144365391,0.1158355148261217
25868,GOF,0.05454378543098271,0.7851463079133751,0.1603099066556422
25869,GOF,0.3396170032267229,0.5511400095809792,0.10924298719229786
25870,GOF,0.19235155884719496,0.4958375282022377,0.3118109129505673
25871,GOF,0.029287768784849653,0.826950674332682,0.14376155688246833
25872,GOF,0.018250633282126356,0.724423631576799,0.2573257351410747
25873,GOF,0.019466147029915483,0.8071988120268461,0.17333504094323826
25874,LOF,0.017106868251088588,0.11534497680114379,0.8675481549477677
25875,LOF,0.021927926041174,0.03414479840964267,0.9439272755491832
25876,LOF,0.013138752306686662,0.030033057091398488,0.9568281906019148
25877,LOF,0.11721052176933554,0.05683493550707097,0.8259545427235935
25878,LOF,0.045796160287146344,0.07254423852983016,0.8816596011830234
25879,LOF,0.020645141119438815,0.06071718886158947,0.9186376700189717
25880,LOF,0.04326980734572478,0.011106638433197388,0.9456235542210779
25881,Neutral,0.5421344068519701,0.04505684791880011,0.41280874522922983
25882,LOF,0.020319750864854172,0.03473500332480589,0.94494524581034
25883,LOF,0.06637231050636982,0.020980491134704935,0.9126471983589252
25884,LOF,0.010241823554560133,0.04005644483888644,0.9497017316065534
25885,LOF,0.18898443173581406,0.006477050283226078,0.8045385179809598
25886,LOF,0.29093036003556316,0.04391307221940114,0.6651565677450356
25887,LOF,0.15288496372789903,0.057695620540110314,0.7894194157319906
25888,LOF,0.011772899548305737,0.10917832601528876,0.8790487744364054
25889,LOF,0.01268859057578066,0.02965779534199716,0.9576536140822223
25890,LOF,0.1050731748625437,0.0842616412071278,0.8106651839303285
25891,LOF,0.04064868740437352,0.03773931902331167,0.9216119935723149
25892,LOF,0.011494911395695397,0.04219538846045452,0.9463097001438501
25893,LOF,0.3955730621029066,0.013673662304279112,0.5907532755928142
25894,LOF,0.42275917562824605,0.006396560095693432,0.5708442642760606
25895,LOF,0.3452657882333707,0.016014641249731655,0.6387195705168977
25896,LOF,0.041107164275483374,0.026287268820227885,0.9326055669042889
25897,LOF,0.19230652709566037,0.013327419634692235,0.7943660532696475
25898,LOF,0.22402859287643145,0.033523653626073145,0.7424477534974955
25899,LOF,0.18121114308048714,0.029874816356980003,0.7889140405625329
25900,LOF,0.44990305006466036,0.011167304667902073,0.5389296452674375
25901,LOF,0.04464937547716004,0.012286851759820123,0.9430637727630198
25902,LOF,0.11025853071453023,0.015592256998184976,0.8741492122872849
25903,LOF,0.4035957761826409,0.0342221261224437,0.5621820976949153
25904,LOF,0.29801068507244827,0.047554462687320796,0.654434852240231
25905,LOF,0.006225400610688698,0.42429182959693296,0.5694827697923783
25906,LOF,0.00953818379765046,0.12057451306035122,0.8698873031419984
25907,LOF,0.0043227689836953884,0.3649283853867725,0.630748845629532
25908,LOF,0.003684610375801774,0.2568364354401437,0.7394789541840546
25909,LOF,0.012952902866662026,0.15545721663564976,0.8315898804976882
25910,LOF,0.015149087817166734,0.1527825730876616,0.8320683390951716
25911,LOF,0.17655230357531448,0.027760186919417274,0.7956875095052682
25912,LOF,0.07253400844018071,0.03809208073481567,0.8893739108250036
25913,LOF,0.08187744822555983,0.04818514039792954,0.8699374113765107
25914,LOF,0.021530762311119382,0.05701588839603757,0.9214533492928431
25915,LOF,0.1637888621231019,0.27060372287023904,0.565607415006659
25916,LOF,0.02170247984513812,0.167799946167238,0.8104975739876238
25917,LOF,0.05578224671460211,0.04043841018538614,0.9037793431000118
25918,LOF,0.025275805371536654,0.03139489264050995,0.9433293019879534
25919,LOF,0.0220905842993726,0.03286253975027208,0.9450468759503553
25920,LOF,0.09079065073849862,0.29070672395833524,0.6185026253031661
25921,LOF,0.01100645544144547,0.03910826973640295,0.9498852748221516
25922,LOF,0.012989880792550106,0.03253462832995936,0.9544754908774905
25923,Neutral,0.5251576836677829,0.039312656939969055,0.435529659392248
25924,LOF,0.017076825544788295,0.045814749907680835,0.9371084245475307
25925,LOF,0.08526302991613999,0.04616192864387087,0.8685750414399892
25926,LOF,0.05949074197706278,0.04421910610354993,0.8962901519193872
25927,LOF,0.019427881242769625,0.06346394920341412,0.9171081695538162
25928,LOF,0.007939791227735887,0.05292318457460915,0.9391370241976549
25929,Neutral,0.6383305311316553,0.04190652180315301,0.31976294706519176
25930,LOF,0.07076983503645408,0.034964138370856386,0.8942660265926896
25931,LOF,0.010496387681292674,0.03414955276032038,0.9553540595583869
25932,LOF,0.03272202973259516,0.028105976779743375,0.9391719934876616
25933,LOF,0.04069283547030638,0.018862553156665633,0.9404446113730279
25934,LOF,0.027366730244145758,0.020252563630853638,0.9523807061250007
25935,LOF,0.07402543045265009,0.05740009894360383,0.8685744706037459
25936,LOF,0.0465415466798534,0.025135905322714213,0.9283225479974324
25937,LOF,0.00988268891397249,0.04119533108434515,0.9489219800016823
25938,LOF,0.0709085080111191,0.06490076887899635,0.8641907231098847
25939,LOF,0.039429689298823074,0.024719712166047743,0.9358505985351292
25940,LOF,0.008983503526856697,0.31770156548036965,0.6733149309927737
25941,Neutral,0.5165548533824177,0.03160317043276305,0.4518419761848192
25942,LOF,0.005029424924076288,0.0404518000778418,0.9545187749980818
25943,LOF,0.035624437580635354,0.1503158454394645,0.8140597169799002
25944,LOF,0.11953495017775233,0.08580635908058706,0.7946586907416606
25945,LOF,0.058399425555528,0.0193272895637399,0.922273284880732
25946,LOF,0.0708625324449296,0.06392118032730067,0.8652162872277697
25947,LOF,0.4483762400173958,0.07162728706598588,0.4799964729166183
25948,LOF,0.318285446024761,0.008328735364603306,0.6733858186106357
25949,LOF,0.09637970027054618,0.044664720937020605,0.8589555787924332
25950,GOF,0.03487229053394726,0.6019839214256792,0.3631437880403735
25951,LOF,0.016517935391883513,0.42976534691534823,0.5537167176927683
25952,LOF,0.2540779908493467,0.3239642916675091,0.42195771748314415
25953,LOF,0.012667377077784397,0.21942870963732578,0.7679039132848897
25954,GOF,0.054234005503741356,0.47590539570603074,0.4698605987902279
25955,LOF,0.009527232882245601,0.1795240551564754,0.8109487119612789
25956,LOF,0.027157196258750526,0.29214961585553106,0.6806931878857184
25957,LOF,0.15559864050990696,0.027500133297400663,0.8169012261926925
25958,LOF,0.053866733998569914,0.028458619440640293,0.9176746465607898
25959,LOF,0.012243456843403484,0.48037274621313264,0.5073837969434638
25960,LOF,0.00659556612638996,0.052213686337426034,0.941190747536184
25961,LOF,0.042408202161101256,0.02600289414319817,0.9315889036957006
25962,LOF,0.032364940917043165,0.07609391143846202,0.8915411476444949
25963,LOF,0.00550563258836952,0.23590095051542226,0.7585934168962082
25964,LOF,0.032820986594375365,0.10294389961651827,0.8642351137891063
25965,LOF,0.33652377698539276,0.12204167030681534,0.5414345527077918
25966,Neutral,0.5294977829603431,0.15449551928797156,0.3160066977516854
25967,LOF,0.006954137712347233,0.09932328420118952,0.8937225780864633
25968,LOF,0.053567991804017695,0.2257116461262493,0.720720362069733
25969,LOF,0.12685126555038154,0.051675824032803484,0.8214729104168149
25970,LOF,0.01847672280963754,0.09306578548910836,0.8884574917012542
25971,LOF,0.06253431503964627,0.03082601223935813,0.9066396727209955
25972,LOF,0.06272532035622172,0.04030918533051877,0.8969654943132596
25973,LOF,0.052104806306349276,0.011801728618495995,0.9360934650751548
25974,LOF,0.03718337534460482,0.03541475878752959,0.9274018658678657
25975,LOF,0.041718695196765514,0.022499190758684666,0.9357821140445498
25976,LOF,0.09835021646871393,0.012072674162152054,0.8895771093691339
25977,LOF,0.18436376604818078,0.05186438157481642,0.7637718523770027
25978,LOF,0.138439836139121,0.13617287601546943,0.7253872878454096
25979,LOF,0.12725545544770497,0.13461054560756172,0.7381339989447332
25980,LOF,0.24744215637618214,0.14161000566299356,0.6109478379608242
25981,LOF,0.27167007187925285,0.13845862766314707,0.5898713004576002
25982,LOF,0.3957693128211989,0.10611364612539674,0.49811704105340443
25983,LOF,0.3744946403485275,0.10569071186736101,0.5198146477841116
25984,LOF,0.04201876367909548,0.0605972557902123,0.8973839805306922
25985,LOF,0.3997350002014591,0.10811941113999006,0.4921455886585509
25986,LOF,0.01092667136531755,0.3756601214502465,0.6134132071844359
25987,LOF,0.034361342542004326,0.08949760410319331,0.8761410533548024
25988,LOF,0.16347059065788905,0.09567052246861667,0.7408588868734943
25989,LOF,0.03473984946440792,0.1381332366385451,0.827126913897047
25990,LOF,0.03664990298322852,0.20031791687199552,0.7630321801447759
25991,LOF,0.018357689308127104,0.3609934376358253,0.6206488730560475
25992,LOF,0.021688034262956235,0.3338121112197495,0.6444998545172942
25993,LOF,0.021092658617946285,0.08503620333537813,0.8938711380466755
25994,LOF,0.014895146607514528,0.07836054041160517,0.9067443129808802
25995,LOF,0.018958015794999828,0.17126241555342955,0.8097795686515705
25996,Neutral,0.39396914970158275,0.27318028576355835,0.33285056453485895
25997,LOF,0.07273257166297854,0.3418638841299073,0.5854035442071142
25998,LOF,0.2859275184632024,0.055222932515047465,0.6588495490217501
25999,LOF,0.01751133289413403,0.2293226394247096,0.7531660276811564
26000,LOF,0.13920962537194553,0.02825145337941175,0.8325389212486428
26001,LOF,0.3101859967563645,0.020564027419868788,0.6692499758237667
26002,LOF,0.07667482331710178,0.04510483316300725,0.878220343519891
26003,GOF,0.0038643396734013655,0.6149659332291911,0.38116972709740765
26004,GOF,0.005988815357231233,0.6905076824102293,0.3035035022325394
26005,LOF,0.00285492023047341,0.4870775612907928,0.5100675184787337
26006,GOF,0.08087283975609084,0.534936670653075,0.38419048959083407
26007,GOF,0.006028146458014753,0.5556656217320951,0.43830623180989026
26008,GOF,0.005359200235186215,0.6287819199444679,0.3658588798203459
26009,GOF,0.005588109226350639,0.6718501417956007,0.32256174897804885
26010,GOF,0.007093531586511891,0.6834657624342548,0.30944070597923323
26011,LOF,0.002623749369916475,0.464077983063822,0.5332982675662615
26012,GOF,0.003966885525008124,0.5497165544241979,0.44631656005079395
26013,GOF,0.0049648446272872225,0.6253132395532836,0.3697219158194293
26014,LOF,0.046437285076562224,0.09397465595617518,0.8595880589672625
26015,LOF,0.1434225333391992,0.023651816458214125,0.8329256502025866
26016,LOF,0.28307736865404154,0.04361358281124551,0.673309048534713
26017,LOF,0.023881812351872585,0.21109940523431547,0.7650187824138118
26018,LOF,0.07324515492844749,0.0467314371731409,0.8800234078984116
26019,LOF,0.06849774394209539,0.0389760869851578,0.8925261690727468
26020,LOF,0.007248281066665319,0.22957661786845612,0.7631751010648785
26021,LOF,0.06463475455090041,0.07460383760418333,0.8607614078449162
26022,LOF,0.026305349682998167,0.029096360962746128,0.9445982893542557
26023,LOF,0.04334199212283879,0.02698641775003687,0.9296715901271244
26024,LOF,0.042473511287149025,0.07584771387304376,0.8816787748398073
26025,LOF,0.06513611528424484,0.08798943795773816,0.8468744467580169
26026,LOF,0.12783192403668112,0.06526836300676557,0.8068997129565533
26027,LOF,0.057324493367807074,0.02178630825705513,0.9208891983751378
26028,LOF,0.08147581369451455,0.12344482316533242,0.795079363140153
26029,LOF,0.025709817620796976,0.19499191389405493,0.7792982684851482
26030,LOF,0.13369490872538028,0.03178941764915633,0.8345156736254633
26031,LOF,0.013882342353116599,0.16191638966397517,0.8242012679829083
26032,LOF,0.07191776870183139,0.07874095092666417,0.8493412803715045
26033,LOF,0.07885145723403615,0.07664257481569266,0.8445059679502711
26034,LOF,0.015331905334263301,0.1721567994746982,0.8125112951910385
26035,LOF,0.013956377146675162,0.1416984320580979,0.8443451907952269
26036,LOF,0.017800072265611346,0.18040670055216426,0.8017932271822243
26037,LOF,0.011225103238238606,0.1205234808272766,0.8682514159344847
26038,LOF,0.06233607167824246,0.06798161393233516,0.8696823143894225
26039,LOF,0.02564022104491569,0.1654806635445621,0.8088791154105223
26040,LOF,0.10577619961603611,0.16696363524677613,0.7272601651371877
26041,LOF,0.013227125807743243,0.10956399288297279,0.877208881309284
26042,LOF,0.012157802037442605,0.11280707668878402,0.8750351212737734
26043,LOF,0.061612472051047994,0.09348052411981786,0.8449070038291342
26044,LOF,0.01408853085000499,0.06648341437751862,0.9194280547724764
26045,LOF,0.05432040371663949,0.11008570338945915,0.8355938928939014
26046,LOF,0.05546495168134214,0.0733970153903324,0.8711380329283256
26047,LOF,0.09715716650012277,0.07451369986925988,0.8283291336306174
26048,LOF,0.047897709421468225,0.04579081271528478,0.906311477863247
26049,Neutral,0.9686226676591071,0.006600442492506773,0.024776889848386097
26050,Neutral,0.954451348754165,0.0084569504416979,0.03709170080413705
26051,LOF,0.0138237625110974,0.1739484768002767,0.8122277606886258
26052,LOF,0.02080130582726007,0.20280250605766192,0.7763961881150779
26053,LOF,0.024115679980429173,0.14179996629405053,0.8340843537255204
26054,LOF,0.04738486269080741,0.016859010374047058,0.9357561269351454
26055,LOF,0.0620159666682489,0.014232363879642686,0.9237516694521084
26056,LOF,0.05306963410096287,0.017809622878998427,0.9291207430200388
26057,LOF,0.032714650660536235,0.010481252903807123,0.9568040964356567
26058,LOF,0.033045768307675465,0.009299489154952944,0.9576547425373716
26059,LOF,0.272867122134892,0.019190584892921227,0.7079422929721867
26060,LOF,0.008682003287194012,0.12861281752750947,0.8627051791852965
26061,LOF,0.005345083870088266,0.014302757923799807,0.9803521582061119
26062,LOF,0.004349160597167523,0.017565553227677985,0.9780852861751546
26063,LOF,0.022789524659274227,0.009584956310857599,0.9676255190298682
26064,LOF,0.007289817825195062,0.020615316093220096,0.9720948660815849
26065,LOF,0.023431015721788528,0.010990880287777522,0.9655781039904339
26066,LOF,0.021167168751140084,0.010238187019565874,0.968594644229294
26067,LOF,0.029777100508689792,0.008056193703974635,0.9621667057873355
26068,LOF,0.04157616666809157,0.027757561132351234,0.9306662721995571
26069,LOF,0.25221006272669677,0.017492926955465393,0.7302970103178378
26070,LOF,0.3985413385322565,0.012520670359109228,0.5889379911086343
26071,LOF,0.022567596688542704,0.010575984444176767,0.9668564188672807
26072,LOF,0.00594375671873434,0.021586147868388268,0.9724700954128774
26073,LOF,0.01878988400486436,0.013171511632121062,0.9680386043630145
26074,Neutral,0.8997976249096082,0.005485905271819566,0.09471646981857217
26075,LOF,0.04356525799087374,0.014830398588796156,0.94160434342033
26076,LOF,0.0385226937296866,0.008480088568868572,0.9529972177014447
26077,LOF,0.11756178226811977,0.007277346830760324,0.8751608709011199
26078,LOF,0.005996441768331208,0.012763352535978259,0.9812402056956905
26079,LOF,0.05261307322601919,0.016735095813853563,0.9306518309601273
26080,LOF,0.050429021273021776,0.016772853606486154,0.932798125120492
26081,LOF,0.030262933361568413,0.007023294809192739,0.9627137718292389
26082,LOF,0.00487437877456277,0.015350209852216537,0.9797754113732208
26083,LOF,0.14291655922930196,0.014632540950215343,0.8424508998204827
26084,LOF,0.03903308230451159,0.012114807873464521,0.9488521098220238
26085,LOF,0.03481872730545278,0.010892901934933984,0.9542883707596133
26086,LOF,0.0207103745366794,0.010787248146734207,0.9685023773165865
26087,LOF,0.021705830222217684,0.008496424655673188,0.9697977451221091
26088,LOF,0.006240567164002028,0.022899815192168077,0.9708596176438299
26089,LOF,0.03946960788064808,0.021281244380712615,0.9392491477386393
26090,LOF,0.03897831666094952,0.017791938129072243,0.9432297452099782
26091,LOF,0.029273929293105263,0.006596598754040516,0.9641294719528541
26092,LOF,0.020792893074903774,0.00777059779576126,0.9714365091293351
26093,LOF,0.03726592230417449,0.005907287800242334,0.9568267898955831
26094,LOF,0.029413446537672125,0.006280020685124528,0.9643065327772034
26095,LOF,0.014110242905921085,0.018315018131227448,0.9675747389628514
26096,LOF,0.13844642452962083,0.005851706929625323,0.8557018685407538
26097,LOF,0.005203927770838635,0.034470922198015175,0.9603251500311463
26098,LOF,0.07120369700966245,0.014333645277772767,0.9144626577125649
26099,LOF,0.019154884833303097,0.01272452661531621,0.9681205885513806
26100,LOF,0.021486442833352108,0.012191872919041334,0.9663216842476067
26101,LOF,0.048880710766664046,0.019293612672834404,0.9318256765605016
26102,LOF,0.020990956119640934,0.012975653989538193,0.9660333898908208
26103,Neutral,0.8721079667117505,0.01842728638768514,0.10946474690056435
26104,LOF,0.06258130872102285,0.02297057703611511,0.914448114242862
26105,LOF,0.20917380837281355,0.15020697736780303,0.6406192142593835
26106,LOF,0.34087846236243446,0.11357585876833995,0.5455456788692256
26107,LOF,0.02153835388569399,0.10270041896128597,0.8757612271530201
26108,LOF,0.3977004621302344,0.03862307567510444,0.5636764621946612
26109,LOF,0.03273038655283164,0.0675785066066328,0.8996911068405355
26110,LOF,0.21129829484432983,0.005798301509648924,0.7829034036460212
26111,LOF,0.07765715260534413,0.06198701812105369,0.8603558292736021
26112,LOF,0.035055212220837885,0.006319879534840717,0.9586249082443214
26113,LOF,0.06571007216280642,0.013350378305490351,0.9209395495317032
26114,LOF,0.0704132952062221,0.0131818126016885,0.9164048921920894
26115,LOF,0.015206603707952694,0.09044045711871854,0.8943529391733287
26116,LOF,0.08162348791014815,0.05014892707728811,0.8682275850125637
26117,LOF,0.40180902022231363,0.045569513923642314,0.552621465854044
26118,LOF,0.03374666985167314,0.02245256154254139,0.9438007686057855
26119,LOF,0.004314322199251392,0.04275511589800987,0.9529305619027386
26120,LOF,0.02369164555898406,0.018106221491307726,0.9582021329497081
