feature0,prediction,LoGoFunc_Neutral,LoGoFunc_GOF,LoGoFunc_LOF
25546,Neutral,0.6668137853661089,0.05370931074579856,0.2794769038880925
25547,Neutral,0.47690855423876305,0.12162906357457273,0.4014623821866642
25548,Neutral,0.48371068115485677,0.08908350353916251,0.4272058153059808
25549,LOF,0.4244929580766464,0.08716001439765303,0.48834702752570047
25550,LOF,0.3685673430937569,0.15268945259001585,0.4787432043162272
25551,LOF,0.2642134848234009,0.17478633169947108,0.5610001834771281
25552,LOF,0.20135259469551386,0.16126158779287142,0.6373858175116147
25553,Neutral,0.8124392866853679,0.03779902566619896,0.1497616876484331
25554,LOF,0.23287180915239689,0.15239329798912693,0.6147348928584762
25555,LOF,0.1953868276701364,0.1359706738300361,0.6686424984998275
25556,LOF,0.3910869212812313,0.1319473474832075,0.4769657312355611
25557,LOF,0.18470664723178387,0.14035118134886904,0.6749421714193471
25558,LOF,0.22110060211152185,0.14811298222703917,0.6307864156614389
25559,LOF,0.20454864654860716,0.15722978831904158,0.6382215651323513
25560,LOF,0.06760410505742667,0.1325690134040195,0.7998268815385537
25561,LOF,0.15011909939014126,0.11628516992689734,0.7335957306829612
25562,LOF,0.07257912171326134,0.08795430133884703,0.8394665769478916
25563,LOF,0.09787991392687133,0.0815113457801565,0.8206087402929721
25564,LOF,0.21158342544672967,0.15019601406047,0.6382205604928003
25565,LOF,0.12632061115094728,0.16344379437897485,0.7102355944700779
25566,GOF,0.017402639574594925,0.774278267903844,0.20831909252156106
25567,LOF,0.018620398207392592,0.2082019713524805,0.773177630440127
25568,LOF,0.05007387480321244,0.09793015322986096,0.8519959719669267
25569,LOF,0.051105806148263516,0.09448316421794233,0.8544110296337941
25570,LOF,0.03129326688080817,0.1409544774033614,0.8277522557158304
25571,LOF,0.028535587062183787,0.13758265457092667,0.8338817583668896
25572,LOF,0.034278362329472456,0.15498023612617276,0.8107414015443547
25573,LOF,0.02485614607609604,0.1339530193234049,0.841190834600499
25574,LOF,0.018340716471986335,0.18249570654427977,0.799163576983734
25575,LOF,0.024398393540795652,0.1507267991232686,0.8248748073359359
25576,LOF,0.013273134626607216,0.18394549099579535,0.8027813743775974
25577,LOF,0.010396201124121662,0.1510970003321924,0.8385067985436859
25578,LOF,0.2570024560154959,0.13047171645848615,0.6125258275260179
25579,LOF,0.16206081116051224,0.13858412925091634,0.6993550595885714
25580,LOF,0.017906709147352512,0.11552797570245928,0.8665653151501883
25581,LOF,0.044691696700604175,0.09879488564584905,0.8565134176535468
25582,LOF,0.04446948342677014,0.09750217847148185,0.8580283381017481
25583,LOF,0.020064368165652276,0.13375049094261093,0.8461851408917367
25584,Neutral,0.5222894834106346,0.12763082532879863,0.35007969126056676
25585,LOF,0.014695155748803665,0.17054159191250023,0.8147632523386961
25586,LOF,0.016228137980237912,0.10940288178400112,0.874368980235761
25587,LOF,0.01632026407309075,0.10378038933305804,0.8798993465938512
25588,LOF,0.016325591908255326,0.12476194917312695,0.8589124589186177
25589,Neutral,0.5762189843463748,0.16190031331671376,0.2618807023369116
25590,LOF,0.018879855457755727,0.15036012329449167,0.8307600212477526
25591,LOF,0.0849710557001034,0.08337328207760791,0.8316556622222887
25592,LOF,0.04474317479688723,0.18337846231380406,0.7718783628893086
25593,LOF,0.023250955035061308,0.2799680695645858,0.6967809754003529
25594,LOF,0.0379180006629379,0.11684268962481573,0.8452393097122465
25595,LOF,0.044465348447347085,0.0883361714560034,0.8671984800966495
25596,LOF,0.06335355416108651,0.07533629441114569,0.8613101514277679
25597,LOF,0.03771700436309651,0.08494615787800963,0.8773368377588937
25598,LOF,0.03630524641544916,0.10610533130703777,0.8575894222775131
25599,GOF,0.008598694895030233,0.5479114882617558,0.443489816843214
25600,GOF,0.02822156822070811,0.5836116445884607,0.3881667871908312
25601,LOF,0.014062395991295523,0.39193622257406663,0.5940013814346378
25602,LOF,0.015467850606687575,0.052346485758671825,0.9321856636346407
25603,LOF,0.06045313656445987,0.018422219736253017,0.921124643699287
25604,LOF,0.015004659871767054,0.0735976713069427,0.9113976688212901
25605,LOF,0.008361934908353729,0.1985245504562539,0.7931135146353924
25606,LOF,0.12581025470402513,0.34737599873814,0.5268137465578349
25607,LOF,0.005409994377696637,0.21933543327496102,0.7752545723473424
25608,LOF,0.010465337454880102,0.11109878129416072,0.8784358812509593
25609,LOF,0.06969059258433842,0.4037804602574869,0.5265289471581747
25610,LOF,0.018449899997487713,0.029609323720379995,0.9519407762821324
25611,LOF,0.019197320333139797,0.0284200630422008,0.9523826166246593
25612,LOF,0.06419629367698598,0.03911542846714614,0.8966882778558679
25613,LOF,0.05516084828858535,0.040756832211949715,0.9040823194994648
25614,LOF,0.024499987579156078,0.033204582140512175,0.9422954302803317
25615,LOF,0.01732591338490349,0.04046789783331664,0.9422061887817799
25616,LOF,0.05892141135799519,0.03214961095155828,0.9089289776904464
25617,LOF,0.05584659419140012,0.03365139450328138,0.9105020113053185
25618,LOF,0.06882994526669367,0.03880574672643243,0.8923643080068738
25619,LOF,0.017866310056790825,0.03766290327283503,0.9444707866703741
25620,LOF,0.0712559061933081,0.03929350220664614,0.8894505916000457
25621,LOF,0.018278258890309113,0.04188633565565375,0.9398354054540371
25622,LOF,0.023561465271257423,0.036495341967720175,0.9399431927610223
25623,LOF,0.04037453879765381,0.02814324992544729,0.9314822112768989
25624,LOF,0.020793006745566615,0.0439621815700085,0.9352448116844249
25625,LOF,0.027237422557999862,0.04946888145328954,0.9232936959887107
25626,LOF,0.058138930303456085,0.033817362911572786,0.9080437067849711
25627,Neutral,0.563269164518474,0.13187431852162898,0.3048565169598971
25628,LOF,0.20965174730981848,0.0607940580588722,0.7295541946313093
25629,LOF,0.04299878522572146,0.0638278603643612,0.8931733544099174
25630,LOF,0.1337563106112776,0.10290243284674429,0.7633412565419782
25631,Neutral,0.6071855203642457,0.06712966204698706,0.3256848175887674
25632,LOF,0.007658815979635688,0.08205502892562493,0.9102861550947393
25633,LOF,0.26816429463917313,0.06449812124816497,0.6673375841126619
25634,LOF,0.030488257682589198,0.10919088744316965,0.8603208548742411
25635,LOF,0.03171427627077593,0.07255793047101107,0.8957277932582131
25636,GOF,0.005125566635537495,0.5556338641899452,0.43924056917451737
25637,GOF,0.00759893472334428,0.5834491694377012,0.4089518958389546
25638,LOF,0.012083744633087435,0.2696726839482814,0.718243571418631
25639,LOF,0.006205493942847247,0.4356704176589963,0.5581240883981565
25640,GOF,0.4449166497095632,0.452812840860744,0.10227050942969274
25641,LOF,0.01185719999004806,0.3329230281949099,0.6552197718150421
25642,LOF,0.24815209079357478,0.08031906916190355,0.6715288400445216
25643,LOF,0.13045564605026133,0.20993592955026702,0.6596084243994716
25644,GOF,0.011532241531039105,0.5557560336253686,0.43271172484359227
25645,LOF,0.008012580956816926,0.49316052780578196,0.498826891237401
25646,LOF,0.012280385976450469,0.36531037425498386,0.6224092397685658
25647,LOF,0.01125261018673121,0.3170444450801792,0.6717029447330896
25648,LOF,0.010088919296650206,0.2967079753278548,0.6932031053754949
25649,LOF,0.008603430607281252,0.22321558956053142,0.7681809798321874
25650,LOF,0.015215032625284333,0.4712285144332616,0.5135564529414541
25651,LOF,0.006409919910910909,0.31774614794916034,0.6758439321399289
25652,LOF,0.010174184943282281,0.28008063844074427,0.7097451766159734
25653,LOF,0.03288846570128251,0.41910380046093376,0.5480077338377838
25654,LOF,0.011886681848850396,0.1787214192584975,0.8093918988926521
25655,LOF,0.050148906267038044,0.4559052751628847,0.49394581857007724
25656,LOF,0.18670534245703924,0.04246005630940401,0.7708346012335567
25657,LOF,0.27133599551692883,0.025098632245746797,0.7035653722373243
25658,LOF,0.07674869158935196,0.0693103425705018,0.8539409658401461
25659,LOF,0.38581820845578435,0.06923642817089355,0.544945363373322
25660,LOF,0.03252797410088671,0.10228383248674541,0.865188193412368
25661,LOF,0.10990716551960181,0.0654665257505985,0.8246263087297997
25662,LOF,0.026084013522201736,0.04569615432759388,0.9282198321502043
25663,LOF,0.034502950483485825,0.06477814334972029,0.9007189061667938
25664,LOF,0.038325272033789284,0.0738354165959587,0.887839311370252
25665,LOF,0.0513365187449019,0.03670482035010518,0.911958660904993
25666,LOF,0.04340052589572966,0.09607320355441366,0.8605262705498566
25667,LOF,0.07420484517710339,0.05021919539672001,0.8755759594261766
25668,LOF,0.028052525818518404,0.053163103437237055,0.9187843707442445
25669,LOF,0.03038809210235504,0.07631113116798223,0.8933007767296628
25670,LOF,0.05322458710184165,0.06287211812730728,0.8839032947708511
25671,LOF,0.09223144544286693,0.04427508128230529,0.8634934732748277
25672,LOF,0.049094413546180354,0.0493031413995906,0.9016024450542292
25673,LOF,0.027999125974591144,0.05912331956107119,0.9128775544643377
25674,LOF,0.021666526630076646,0.07357537551538604,0.9047580978545373
25675,LOF,0.035776882846559915,0.07118002864012482,0.8930430885133152
25676,LOF,0.020974864050671668,0.0661162571372539,0.9129088788120745
25677,LOF,0.029035505608142446,0.07503433298097784,0.8959301614108797
25678,LOF,0.19338275557914844,0.0523020345870816,0.7543152098337701
25679,LOF,0.15319309888713217,0.07442556795733705,0.7723813331555308
25680,LOF,0.03936453382003262,0.11581730455901025,0.8448181616209571
25681,LOF,0.06599366867836831,0.10641747075393541,0.8275888605676962
25682,LOF,0.11824238199027277,0.07742088952181736,0.8043367284879099
25683,LOF,0.08403126245251465,0.10694665204490708,0.8090220855025781
25684,LOF,0.043355328713409545,0.08456276630423058,0.8720819049823599
25685,LOF,0.07487694686126166,0.07023231483521562,0.8548907383035227
25686,LOF,0.029685171545151795,0.09086317228879619,0.879451656166052
25687,LOF,0.048794903302763475,0.07036526247871318,0.8808398342185234
25688,LOF,0.050649835742273386,0.05445730231033303,0.8948928619473936
25689,LOF,0.030085679807805372,0.061091699929939784,0.9088226202622549
25690,LOF,0.032339659757939496,0.0559167487554482,0.9117435914866124
25691,LOF,0.29101876662745624,0.06368549043862887,0.6452957429339149
25692,LOF,0.2606293883331248,0.00772194788234829,0.7316486637845269
25693,LOF,0.09138376371078047,0.18002979676836092,0.7285864395208586
25694,LOF,0.2466568374376487,0.013332119100076093,0.7400110434622752
25695,LOF,0.16623218909089152,0.028974984690608857,0.8047928262184996
25696,LOF,0.11565874208383131,0.01313698148107805,0.8712042764350907
25697,LOF,0.09052469767548879,0.029979352016466253,0.879495950308045
25698,GOF,0.045117090904464495,0.48761244123277986,0.46727046786275567
25699,LOF,0.06330842657726228,0.08917923857157115,0.8475123348511665
25700,LOF,0.06305893148904938,0.008558293639997262,0.9283827748709534
25701,LOF,0.016654927053610852,0.07632553599886975,0.9070195369475195
25702,GOF,0.030031144501399768,0.6908525048686143,0.27911635062998597
25703,LOF,0.009012480143885676,0.1749369652276563,0.816050554628458
25704,LOF,0.044545527697628345,0.16982793133766794,0.7856265409647037
25705,LOF,0.05855172544748952,0.2367327370409425,0.704715537511568
25706,GOF,0.03695023220920344,0.533492917382983,0.42955685040781344
25707,LOF,0.02168723094533739,0.48460553212036683,0.4937072369342958
25708,LOF,0.007928879046894268,0.37783253100012903,0.6142385899529766
25709,LOF,0.0609419046032253,0.06413858276755262,0.8749195126292222
25710,LOF,0.005144493365612116,0.17887482927956075,0.8159806773548272
25711,LOF,0.019904229676298464,0.12771086441096888,0.8523849059127325
25712,LOF,0.007007727636901658,0.19068680006827465,0.8023054722948236
25713,LOF,0.0186549937861268,0.10574419781585197,0.8756008083980213
25714,LOF,0.07496838612286631,0.13440194703291825,0.7906296668442154
25715,LOF,0.013172939930966847,0.14067420139384812,0.8461528586751851
25716,LOF,0.006239270946162454,0.10293558311563149,0.890825145938206
25717,LOF,0.004881207294154349,0.10122919414431308,0.8938895985615325
25718,LOF,0.013895734031377793,0.08783574952040718,0.898268516448215
25719,LOF,0.02278457405595825,0.09460915452398788,0.8826062714200539
25720,LOF,0.024185725658392943,0.08796292953055056,0.8878513448110564
25721,LOF,0.016366040600792584,0.11571237125041538,0.8679215881487921
25722,LOF,0.013584557305788367,0.1440333150508396,0.842382127643372
25723,LOF,0.020728316995490572,0.07469695316773002,0.9045747298367794
25724,LOF,0.0215516987956716,0.11602199902307894,0.8624263021812494
25725,LOF,0.013930646993717708,0.08343106524033507,0.9026382877659472
25726,LOF,0.011944342706878488,0.11837508454439856,0.869680572748723
25727,LOF,0.014667256170207265,0.09518646274077598,0.8901462810890167
25728,LOF,0.012466622484431733,0.12435485069245565,0.8631785268231127
25729,LOF,0.012660158933918086,0.12899086361563217,0.8583489774504497
25730,LOF,0.013681418690105366,0.10548206784209954,0.8808365134677951
25731,LOF,0.007498751828713723,0.14714248927087317,0.8453587589004131
25732,LOF,0.013618112254335306,0.0986635841169878,0.887718303628677
25733,LOF,0.018919491199064074,0.0836108800951897,0.8974696287057462
25734,LOF,0.005217852288358412,0.14627662400758867,0.848505523704053
25735,LOF,0.015546158923548395,0.08447661366518609,0.8999772274112655
25736,LOF,0.014687793518716002,0.12678067334608034,0.8585315331352037
25737,LOF,0.023650424391335557,0.09804433116349627,0.8783052444451681
25738,LOF,0.014781626265790708,0.15400943187358224,0.831208941860627
25739,LOF,0.022786936074077373,0.12665551908484812,0.8505575448410744
25740,LOF,0.030886067544151262,0.14300091588372385,0.826113016572125
25741,LOF,0.017846086766230854,0.1166012669238717,0.8655526463098975
25742,LOF,0.11189648883194042,0.11199093526599091,0.7761125759020687
25743,LOF,0.015124015072765411,0.03747299591036779,0.9474029890168668
25744,LOF,0.20510792435106298,0.36142935265478937,0.4334627229941476
25745,LOF,0.02636211264468638,0.05737022607839788,0.9162676612769158
25746,LOF,0.01626957244559745,0.06488465223822716,0.9188457753161754
25747,LOF,0.027270082755606183,0.03506890503562974,0.9376610122087641
25748,LOF,0.14958027576469587,0.058376868212181264,0.7920428560231229
25749,LOF,0.015848182342676587,0.04441757015643097,0.9397342475008924
25750,LOF,0.03018197205738036,0.06064244153593318,0.9091755864066865
25751,LOF,0.11067578673437853,0.06529640383533099,0.8240278094302905
25752,GOF,0.11350854107160374,0.6361275602476519,0.25036389868074427
25753,LOF,0.007185706566558078,0.3790759725588219,0.6137383208746201
25754,GOF,0.004925186455983792,0.8506026106942083,0.14447220284980783
25755,LOF,0.00952806348752317,0.44119988426891216,0.5492720522435647
25756,LOF,0.04625224924439076,0.44020260455008703,0.5135451462055222
25757,GOF,0.006034346073646577,0.8740033259453865,0.11996232798096673
25758,GOF,0.006218123576355737,0.8591552286524188,0.13462664777122552
25759,GOF,0.004700794661320482,0.5374794859587902,0.45781971937988925
25760,LOF,0.004570250114715136,0.29810440276972594,0.6973253471155588
25761,GOF,0.03465023935091312,0.8337015483910002,0.13164821225808665
25762,LOF,0.030228139544270984,0.359883747384521,0.609888113071208
25763,LOF,0.006091895527609753,0.2434932795697844,0.7504148249026059
25764,GOF,0.1329997847037376,0.5261049492674292,0.34089526602883313
25765,GOF,0.011048365613919598,0.7871146167239877,0.20183701766209267
25766,GOF,0.01656142672362446,0.8068528060881093,0.17658576718826624
25767,LOF,0.020752207146388545,0.4842464068296046,0.4950013860240068
25768,LOF,0.0835740482677883,0.07058666991863928,0.8458392818135725
25769,LOF,0.07770765131116991,0.055710382791190116,0.8665819658976399
25770,LOF,0.24010007016358254,0.06805192579389031,0.6918480040425271
25771,LOF,0.011986723352388014,0.0679726048500351,0.920040671797577
25772,LOF,0.016207347172446877,0.026712905643998818,0.9570797471835543
25773,LOF,0.009567947473508844,0.10279820329606928,0.8876338492304219
25774,LOF,0.023798923321373414,0.07243395458842554,0.903767122090201
25775,LOF,0.013547153011804,0.04473331086789953,0.9417195361202966
25776,LOF,0.07860856580982264,0.02198555572702262,0.8994058784631547
25777,LOF,0.2858793982086097,0.05074010436013493,0.6633804974312553
25778,LOF,0.07068111531121438,0.04082643277053578,0.8884924519182499
25779,GOF,0.0480843381633971,0.8849871311606585,0.06692853067594454
25780,GOF,0.05678760642894032,0.8591802423136151,0.08403215125744448
25781,GOF,0.022991492107516377,0.845238393227037,0.13177011466544666
25782,GOF,0.02667931200993121,0.8887998191810516,0.08452086880901735
25783,GOF,0.013568469855180332,0.6951186606079047,0.291312869536915
25784,GOF,0.10640445056100523,0.8387834149813802,0.05481213445761456
25785,GOF,0.06911790862669888,0.880634885336211,0.05024720603709019
25786,GOF,0.004661089899900697,0.8244657304549033,0.17087317964519597
25787,GOF,0.18249747698485708,0.778782602698331,0.038719920316812075
25788,LOF,0.042376589315338414,0.1375505006840279,0.8200729100006338
25789,GOF,0.029712225362091088,0.8412974837328081,0.12899029090510092
25790,GOF,0.034611934068184705,0.8675327991453772,0.09785526678643808
25791,GOF,0.022383848866069478,0.8223183677469559,0.1552977833869747
25792,GOF,0.03861266447393013,0.834783143546371,0.12660419197969877
25793,GOF,0.07919158633002747,0.8239626292367749,0.09684578443319776
25794,GOF,0.08604292552590612,0.7461373309222986,0.16781974355179527
25795,GOF,0.023818066547070194,0.7709088898029788,0.2052730436499511
25796,GOF,0.11672766203563023,0.7643934749599256,0.1188788630044442
25797,GOF,0.02834255872375646,0.6456190248576766,0.3260384164185669
25798,GOF,0.0029837019072648328,0.5986072038780472,0.39840909421468795
25799,LOF,0.0027671126787659384,0.46781414483268563,0.5294187424885485
25800,GOF,0.008519098692441026,0.6719229262413116,0.31955797506624745
25801,GOF,0.023108067527920252,0.8288487159143267,0.14804321655775293
25802,GOF,0.01493948766194329,0.7645857652887601,0.22047474704929657
25803,GOF,0.008672730223221467,0.6639574159659706,0.3273698538108081
25804,GOF,0.009453988031700982,0.5487221557428024,0.44182385622549664
25805,GOF,0.017455631135477517,0.663901054625523,0.31864331423899966
25806,GOF,0.01677366112960807,0.7006540642268799,0.282572274643512
25807,GOF,0.004280680360395404,0.6733031590013583,0.32241616063824635
25808,GOF,0.011934822098827427,0.6977463502772056,0.2903188276239671
25809,GOF,0.00483815786408291,0.6683558793694999,0.32680596276641716
25810,GOF,0.004107089971087735,0.6827550914934333,0.31313781853547895
25811,GOF,0.0696339038921251,0.8343266489620317,0.09603944714584309
25812,GOF,0.012284641044471079,0.6804940167995301,0.3072213421559988
25813,GOF,0.09092814111151527,0.7898229072683894,0.11924895162009537
25814,GOF,0.021523496331785213,0.7403218399282144,0.23815466374000027
25815,GOF,0.032203045703004834,0.7856240228646854,0.18217293143230975
25816,GOF,0.006894359723312061,0.820775251460411,0.17233038881627696
25817,GOF,0.06169921814705981,0.7868728282074605,0.1514279536454798
25818,GOF,0.018761039378582558,0.762357830627705,0.21888112999371248
25819,GOF,0.05942227083307957,0.7594641774480417,0.18111355171887883
25820,GOF,0.02826056250454715,0.7414878235465895,0.23025161394886345
25821,GOF,0.016088983216321722,0.7273347904727151,0.2565762263109632
25822,GOF,0.030853055598607522,0.7621396331880179,0.20700731121337446
25823,GOF,0.01072034622570486,0.6041289496644617,0.38515070410983343
25824,GOF,0.01949665807112583,0.7252049020115269,0.2552984399173473
25825,GOF,0.010941611073045183,0.6987238781177658,0.290334510809189
25826,GOF,0.0045847666560292,0.6590819208537502,0.33633331249022075
25827,GOF,0.007392922304351019,0.6714473763807576,0.32115970131489135
25828,GOF,0.004566152825572599,0.611047644997816,0.38438620217661135
25829,GOF,0.002759949599221082,0.6632456674810714,0.33399438291970773
25830,LOF,0.02943176682190012,0.4052185314545916,0.5653497017235083
25831,GOF,0.03174862255466388,0.8510504441883083,0.11720093325702764
25832,GOF,0.0071933977816428475,0.7775839479912274,0.21522265422712972
25833,GOF,0.02377813184876104,0.8218881445759175,0.1543337235753216
25834,GOF,0.006934528655038008,0.7869360678130052,0.20612940353195666
25835,GOF,0.01615793188894077,0.832781539215449,0.15106052889561014
25836,GOF,0.005719519173747888,0.7787250130164721,0.21555546780977997
25837,GOF,0.005652155221028259,0.7004777422670573,0.2938701025119146
25838,GOF,0.016321169385340714,0.8451048817996789,0.13857394881498034
25839,GOF,0.03448655660465112,0.8284072972972601,0.1371061460980887
25840,GOF,0.03338174771886958,0.8376261401363938,0.1289921121447366
25841,GOF,0.030720322362363727,0.8566528183538887,0.11262685928374758
25842,GOF,0.021377737117615335,0.885112980966474,0.09350928191591074
25843,GOF,0.024401900864713978,0.8917665170569613,0.0838315820783248
25844,GOF,0.0142457270259072,0.8175770384804469,0.16817723449364597
25845,GOF,0.005175088540595487,0.6153939106729215,0.37943100078648295
25846,GOF,0.023287012464936137,0.8569882326995715,0.11972475483549239
25847,GOF,0.015657245179935487,0.8944350558147706,0.08990769900529393
25848,GOF,0.01316981852847559,0.8438848512117947,0.14294533025972958
25849,GOF,0.00480341155065541,0.7304472194693334,0.2647493689800111
25850,GOF,0.005868907231089231,0.7199914341703936,0.2741396585985172
25851,GOF,0.005110564276837788,0.6041969420401991,0.39069249368296294
25852,GOF,0.1340270697760768,0.5941122634797336,0.2718606667441897
25853,GOF,0.06500919280058777,0.8434626458230482,0.09152816137636406
25854,GOF,0.009001463930248952,0.7014047777510063,0.2895937583187447
25855,GOF,0.011273251287856277,0.6226515176014823,0.3660752311106614
25856,GOF,0.028971019901659376,0.7586279891573047,0.21240099094103598
25857,GOF,0.013926015103055472,0.5969952315600155,0.389078753336929
25858,GOF,0.007018937289236942,0.6073149277760619,0.38566613493470125
25859,GOF,0.004971742071069544,0.5837794306924634,0.41124882723646716
25860,GOF,0.05512864752636079,0.817874584919016,0.12699676755462336
25861,GOF,0.09956265406263887,0.8104792118680675,0.08995813406929372
25862,GOF,0.0193107469208975,0.8515301643666991,0.1291590887124033
25863,GOF,0.017153265207673286,0.8641098077533792,0.11873692703894742
25864,GOF,0.03601269236964468,0.8806595634639574,0.08332774416639797
25865,GOF,0.024982861972051892,0.8518283679231513,0.12318877010479672
25866,GOF,0.020525177913786743,0.8479299994719204,0.13154482261429282
25867,GOF,0.02224750186739649,0.8716718711759878,0.10608062695661583
25868,GOF,0.044253214902348105,0.8249724676294732,0.13077431746817872
25869,GOF,0.29605340415804526,0.6190488108115817,0.084897785030373
25870,GOF,0.17121644845794917,0.581047747828298,0.2477358037137528
25871,GOF,0.019461167554385324,0.8815434468740272,0.09899538557158748
25872,GOF,0.015855615891246604,0.8526752400895671,0.13146914401918622
25873,GOF,0.016442470400249938,0.8742084093155408,0.10934912028420937
25874,LOF,0.01564820451097198,0.15449551125623354,0.8298562842327944
25875,LOF,0.03290213722188434,0.036744831362229315,0.9303530314158864
25876,LOF,0.015046834598398055,0.028861291761128047,0.956091873640474
25877,LOF,0.13900235853992282,0.061878386282097936,0.7991192551779793
25878,LOF,0.05135800431795532,0.09050183339940122,0.8581401622826436
25879,LOF,0.023082089862975698,0.07204101152458578,0.9048768986124386
25880,LOF,0.04948228417083396,0.009271857500888787,0.9412458583282771
25881,Neutral,0.5947470914952485,0.0814438437490658,0.3238090647556858
25882,LOF,0.02110566375752804,0.04742016292609706,0.9314741733163748
25883,LOF,0.05502630616994032,0.02885148234085296,0.9161222114892068
25884,LOF,0.011778000706227539,0.060193937029644935,0.9280280622641275
25885,LOF,0.19736267214386669,0.009291651955256481,0.7933456759008769
25886,LOF,0.21149578077007894,0.061158337158363454,0.7273458820715576
25887,LOF,0.1630576660048887,0.07303510086756151,0.7639072331275498
25888,LOF,0.012716041082649746,0.15911535199005233,0.828168606927298
25889,LOF,0.0178595808780753,0.036921719719219974,0.9452186994027046
25890,LOF,0.1170717332749731,0.10602096449609824,0.7769073022289287
25891,LOF,0.048508570713448954,0.0547657780955391,0.8967256511910119
25892,LOF,0.011073961293088228,0.04211919231160727,0.9468068463953044
25893,LOF,0.38688950146601164,0.011647470011058246,0.6014630285229302
25894,LOF,0.4243374807497618,0.007392616460176193,0.5682699027900621
25895,LOF,0.362903802399233,0.014843001412229943,0.6222531961885371
25896,LOF,0.04498732819626166,0.031111743322508406,0.9239009284812298
25897,LOF,0.18971501711738784,0.012810300971886089,0.797474681910726
25898,LOF,0.2151465301817458,0.04472005293894376,0.7401334168793106
25899,LOF,0.23394041239063282,0.03191678749871287,0.7341428001106544
25900,LOF,0.44816796001310477,0.011976673581020112,0.5398553664058752
25901,LOF,0.04695682850108438,0.012650328598625528,0.94039284290029
25902,LOF,0.09882203517284525,0.017735224878606688,0.8834427399485479
25903,LOF,0.3411349617605378,0.0349232305025852,0.6239418077368769
25904,Neutral,0.4914839159203266,0.040750013492772914,0.46776607058690056
25905,LOF,0.006875012214050465,0.4010607341207223,0.5920642536652273
25906,LOF,0.00781561789217327,0.10469579372491884,0.887488588382908
25907,LOF,0.0042134681666448175,0.3072741663289182,0.688512365504437
25908,LOF,0.0041897230458276145,0.20640699905580173,0.7894032778983707
25909,LOF,0.015788016335151887,0.14678021376618813,0.83743176989866
25910,LOF,0.017623628664207473,0.12648168901007323,0.8558946823257193
25911,LOF,0.17826636057912557,0.029282969923395318,0.792450669497479
25912,LOF,0.074123153957447,0.049798900071327326,0.8760779459712257
25913,LOF,0.06818774155742574,0.05152276163070773,0.8802894968118665
25914,LOF,0.02122195607562891,0.06915425933789109,0.9096237845864801
25915,LOF,0.13972442976746643,0.2820740751168327,0.5782014951157008
25916,LOF,0.02049792674012767,0.1943061715320104,0.7851959017278619
25917,LOF,0.060460422470582184,0.043961782852024595,0.8955777946773933
25918,LOF,0.027351154362458545,0.04000663290520981,0.9326422127323316
25919,LOF,0.023413476690964247,0.040650854937658444,0.9359356683713773
25920,LOF,0.1093766792900045,0.23777925574786934,0.6528440649621261
25921,LOF,0.00916695017250887,0.03583799325072412,0.954995056576767
25922,LOF,0.011907834498686253,0.026885372422469248,0.9612067930788444
25923,LOF,0.40798202840358583,0.0330837286704176,0.5589342429259966
25924,LOF,0.016584902901499214,0.043694954710081044,0.9397201423884198
25925,LOF,0.07303659958512303,0.04597966116195652,0.8809837392529204
25926,LOF,0.05088998235039614,0.04301581383166832,0.9060942038179355
25927,LOF,0.02150885362974451,0.05994519512053475,0.9185459512497208
25928,LOF,0.007121631587252307,0.04712672344303765,0.94575164496971
25929,Neutral,0.48870422555279974,0.03079201481918519,0.4805037596280152
25930,LOF,0.09010320245129173,0.026558991927867155,0.8833378056208411
25931,LOF,0.009815436437200377,0.03125288497160707,0.9589316785911925
25932,LOF,0.035300222410672134,0.02555557032876612,0.9391442072605617
25933,LOF,0.043889489234210016,0.017595511202051363,0.9385149995637386
25934,LOF,0.029183210559342726,0.017178745460426026,0.9536380439802312
25935,LOF,0.07106925196874737,0.05070733045730794,0.8782234175739447
25936,LOF,0.04235428445324187,0.019774796747799167,0.9378709187989589
25937,LOF,0.008532530817844117,0.029006683210381037,0.962460785971775
25938,LOF,0.06717569171748597,0.046697253714176865,0.8861270545683373
25939,LOF,0.03486079812918924,0.02009689505713006,0.9450423068136806
25940,LOF,0.008454640841600485,0.35318924745741415,0.6383561117009854
25941,Neutral,0.5329286420192804,0.027667475338845227,0.4394038826418744
25942,LOF,0.005419656858599879,0.04500720891523352,0.9495731342261665
25943,LOF,0.03557944195905793,0.1388307438588361,0.825589814182106
25944,LOF,0.10559170182611194,0.06339657835528048,0.8310117198186076
25945,LOF,0.05768264668086198,0.01824009354655981,0.9240772597725782
25946,LOF,0.0779956647021535,0.05030096839917696,0.8717033668986696
25947,Neutral,0.5038804822547329,0.06659839568783077,0.42952112205743637
25948,LOF,0.34279680916499783,0.010054802490564674,0.6471483883444376
25949,LOF,0.09941691862371904,0.04850092292108324,0.8520821584551977
25950,GOF,0.03977229004413139,0.6086342514625064,0.3515934584933622
25951,LOF,0.012226167031180797,0.408636879983829,0.5791369529849901
25952,LOF,0.23740801819414067,0.2704097143178768,0.49218226748798266
25953,LOF,0.011806871975795255,0.1832724840671948,0.80492064395701
25954,LOF,0.04663272064763921,0.4426539094572699,0.5107133698950909
25955,LOF,0.009379911363694232,0.13201087083019755,0.8586092178061082
25956,LOF,0.028383062694235735,0.28801760150750777,0.6835993357982565
25957,LOF,0.21843843513479175,0.03834276667471084,0.7432187981904974
25958,LOF,0.05194013903708451,0.03208950041978799,0.9159703605431275
25959,GOF,0.013131509484145674,0.5108660443539607,0.4760024461618937
25960,LOF,0.005199344799346503,0.05871623827382404,0.9360844169268295
25961,LOF,0.05101030828647523,0.02959660330175878,0.919393088411766
25962,LOF,0.03558848331215195,0.07973974962348215,0.8846717670643658
25963,LOF,0.005848088115082355,0.2551649476114013,0.7389869642735164
25964,LOF,0.029400928057214244,0.10388011129790334,0.8667189606448825
25965,LOF,0.2904558550989184,0.16165806388373707,0.5478860810173446
25966,Neutral,0.4367906145882035,0.12644985425346533,0.4367595311583312
25967,LOF,0.005742489479770951,0.07195047466891687,0.9223070358513122
25968,LOF,0.04315352194149801,0.22183061604251653,0.7350158620159855
25969,LOF,0.1386153798519356,0.06933238683926153,0.7920522333088029
25970,LOF,0.019399702180026294,0.09330804932520043,0.8872922484947732
25971,LOF,0.06802706838954772,0.029223920159111835,0.9027490114513405
25972,LOF,0.05909447404214363,0.04280765599433977,0.8980978699635165
25973,LOF,0.0613928648028142,0.012133952601274478,0.9264731825959114
25974,LOF,0.04199188533927687,0.03746233336747377,0.9205457812932494
25975,LOF,0.04191500716543467,0.02402494142200652,0.9340600514125589
25976,LOF,0.11676748744286466,0.012309950139419674,0.8709225624177157
25977,LOF,0.2069485245028402,0.05959587034352833,0.7334556051536314
25978,LOF,0.1413019495062026,0.14952498977568132,0.709173060718116
25979,LOF,0.12513554973660632,0.16717457907495542,0.7076898711884383
25980,LOF,0.23659240057807546,0.17047936972454428,0.5929282296973802
25981,LOF,0.23727711442871977,0.1712398831748027,0.5914830023964776
25982,LOF,0.3782824132298853,0.11808387770877246,0.5036337090613422
25983,LOF,0.3687693365115223,0.13784788496479294,0.4933827785236846
25984,LOF,0.03579755278723124,0.07366918244650479,0.890533264766264
25985,LOF,0.4050702966765305,0.13089518720731366,0.46403451611615576
25986,LOF,0.011312193971806413,0.4437019931952103,0.5449858128329833
25987,LOF,0.039300411495669964,0.11791888639272596,0.842780702111604
25988,LOF,0.13127450891945483,0.13538863585686303,0.7333368552236821
25989,LOF,0.03937697120933704,0.16264739813528034,0.7979756306553826
25990,LOF,0.037899017486189124,0.2616383650119671,0.7004626175018438
25991,LOF,0.023575465707589005,0.3457834082815523,0.6306411260108586
25992,LOF,0.02517620315437066,0.3574498857701821,0.6173739110754473
25993,LOF,0.022059124669421115,0.09538925546573654,0.8825516198648424
25994,LOF,0.01647106116439918,0.08675562072187094,0.8967733181137298
25995,LOF,0.01726656989746319,0.16975013211932366,0.8129832979832131
25996,LOF,0.3159886862307191,0.2858919003563249,0.39811941341295615
25997,LOF,0.07730592429427004,0.3320396494101513,0.5906544262955787
25998,LOF,0.3104823285880246,0.05671310325260581,0.6328045681593696
25999,LOF,0.019474583565001872,0.25320898344754916,0.727316432987449
26000,LOF,0.13793614930776832,0.03859636672507688,0.8234674839671549
26001,LOF,0.30760679913809974,0.029563015422967423,0.6628301854389329
26002,LOF,0.06949971916743897,0.057796905813441005,0.8727033750191201
26003,GOF,0.003858931511220878,0.6204455552400273,0.37569551324875183
26004,GOF,0.00574073204360194,0.7259773013526526,0.2682819666037455
26005,GOF,0.002908984547118252,0.5260121968449701,0.47107881860791156
26006,GOF,0.0887321789299212,0.6141290631220864,0.2971387579479924
26007,GOF,0.005581777482777179,0.5945509553826571,0.3998672671345657
26008,GOF,0.00509089223132934,0.7012122832561956,0.2936968245124751
26009,GOF,0.00599987753628962,0.7017773901036616,0.2922227323600488
26010,GOF,0.006533785711371246,0.6842575256875206,0.3092086886011082
26011,LOF,0.002795145341022228,0.4920975920785964,0.5051072625803813
26012,GOF,0.0037801120644362233,0.5655882706355352,0.43063161730002864
26013,GOF,0.0042574001100486565,0.6286745136432301,0.3670680862467213
26014,LOF,0.041602947622723305,0.12179030703196156,0.8366067453453151
26015,LOF,0.1445374934883329,0.022046874584457945,0.8334156319272092
26016,LOF,0.27778225452992433,0.04153021432386319,0.6806875311462125
26017,LOF,0.022948179946521294,0.2290692972213029,0.7479825228321758
26018,LOF,0.04966564809544645,0.039174726433272154,0.9111596254712813
26019,LOF,0.04889529675013091,0.03483495405755924,0.9162697491923099
26020,LOF,0.008817088989300075,0.21239816084092683,0.778784750169773
26021,LOF,0.06987955265535795,0.08050121360744197,0.8496192337372
26022,LOF,0.02955609040541566,0.03051171686769327,0.939932192726891
26023,LOF,0.04163153610457235,0.024013562283571235,0.9343549016118565
26024,LOF,0.042991290974958796,0.07646121675947476,0.8805474922655665
26025,LOF,0.0509087698484113,0.08118731314760318,0.8679039170039856
26026,LOF,0.08016899487244702,0.06340454123679647,0.8564264638907565
26027,LOF,0.04501949420444795,0.01990931284509081,0.9350711929504611
26028,LOF,0.08612729560902008,0.13134113424470917,0.7825315701462707
26029,LOF,0.021561349181393026,0.20770860122853213,0.7707300495900749
26030,LOF,0.14749850677144433,0.03189946331595582,0.8206020299125998
26031,LOF,0.013608293842456584,0.1595533847333026,0.8268383214242407
26032,LOF,0.06320754464991554,0.06926612981758058,0.8675263255325039
26033,LOF,0.08130285681908983,0.06479194970945085,0.8539051934714593
26034,LOF,0.01600790350292639,0.16736162327333381,0.8166304732237398
26035,LOF,0.015074852817877266,0.11886103218826441,0.8660641149938583
26036,LOF,0.0161780147219188,0.15584616351537012,0.827975821762711
26037,LOF,0.012782693003112945,0.10337074454869791,0.8838465624481893
26038,LOF,0.05316591382002117,0.06322245385641445,0.8836116323235643
26039,LOF,0.026246389025953436,0.14721552820576278,0.8265380827682839
26040,LOF,0.11334990779672995,0.13764795371180183,0.7490021384914682
26041,LOF,0.015224805921556124,0.09069142234846936,0.8940837717299744
26042,LOF,0.013932464465754295,0.09422244059001762,0.891845094944228
26043,LOF,0.052023404797760076,0.07997504644467242,0.8680015487575675
26044,LOF,0.011689154589294742,0.06185036124314674,0.9264604841675586
26045,LOF,0.048022226071353716,0.10718368747343551,0.8447940864552107
26046,LOF,0.04654227104968177,0.06459892864524637,0.8888588003050718
26047,LOF,0.07918054704183335,0.06293000897118814,0.8578894439869785
26048,LOF,0.04204089524385304,0.049200447945102345,0.9087586568110446
26049,Neutral,0.9634310792419098,0.007219882224592676,0.029349038533497483
26050,Neutral,0.9489570631661463,0.007811151217565464,0.043231785616288404
26051,LOF,0.014024402194676811,0.13627638019679222,0.849699217608531
26052,LOF,0.0217675433493239,0.18431066760352632,0.7939217890471497
26053,LOF,0.024046854521424615,0.12888916543918433,0.847063980039391
26054,LOF,0.041507373440135276,0.02109080503601531,0.9374018215238493
26055,LOF,0.05249445820315776,0.01769009757684901,0.9298154442199932
26056,LOF,0.04619438618906043,0.021351949160825175,0.9324536646501144
26057,LOF,0.030929804175337014,0.014986857640195188,0.9540833381844677
26058,LOF,0.03186843600724083,0.012834233110782113,0.955297330881977
26059,LOF,0.29965664491051586,0.021475381024772235,0.6788679740647119
26060,LOF,0.010297025026477025,0.19684349174916213,0.7928594832243608
26061,LOF,0.005130026971735627,0.016926120946860787,0.9779438520814037
26062,LOF,0.003724796807342936,0.024247921524618556,0.9720272816680385
26063,LOF,0.02168592202737254,0.01292712605768784,0.9653869519149396
26064,LOF,0.005389701989174564,0.03418435706512378,0.9604259409457018
26065,LOF,0.024589519946886736,0.013957485219880725,0.9614529948332324
26066,LOF,0.023875942104165986,0.012765497866980995,0.9633585600288529
26067,LOF,0.028457524602516812,0.011336263150370342,0.9602062122471128
26068,LOF,0.040770152659230445,0.04675938670860719,0.9124704606321624
26069,LOF,0.27615275350868995,0.02360120386741942,0.7002460426238907
26070,LOF,0.44335423089847237,0.018124942093181266,0.5385208270083464
26071,LOF,0.022866600124459673,0.013648176417404104,0.9634852234581363
26072,LOF,0.004894788444202633,0.028918740225514366,0.966186471330283
26073,LOF,0.021245396511253366,0.016259683208543808,0.9624949202802028
26074,Neutral,0.9165276607846051,0.007579056999033228,0.07589328221636162
26075,LOF,0.03850794242309243,0.022536808162564134,0.9389552494143434
26076,LOF,0.03405109371211579,0.012539046766243228,0.953409859521641
26077,LOF,0.12226714210729912,0.011325503692145755,0.866407354200555
26078,LOF,0.005090264871191824,0.019636124082087068,0.9752736110467211
26079,LOF,0.04912805044407551,0.02508874286113544,0.925783206694789
26080,LOF,0.04763636580954229,0.025131370924698408,0.9272322632657594
26081,LOF,0.027943197906869076,0.009926866174141466,0.9621299359189895
26082,LOF,0.003367924646497823,0.021533145876008616,0.9750989294774935
26083,LOF,0.11458339020024555,0.0195426078144976,0.8658740019852569
26084,LOF,0.04111031628674879,0.0163483899856441,0.9425412937276071
26085,LOF,0.03620873289531472,0.014476719514117721,0.9493145475905675
26086,LOF,0.02209771129452804,0.013373889399276744,0.9645283993061952
26087,LOF,0.021924215305200386,0.011230734167964393,0.9668450505268352
26088,LOF,0.005278167644308278,0.023116452433977332,0.9716053799217144
26089,LOF,0.03755323751005767,0.02496370465586227,0.93748305783408
26090,LOF,0.037761157495453064,0.020648007100464865,0.9415908354040821
26091,LOF,0.027539559018808505,0.008379452753509715,0.9640809882276818
26092,LOF,0.02304902195533803,0.010061832144124946,0.9668891459005371
26093,LOF,0.03954243572218873,0.007903318531363815,0.9525542457464473
26094,LOF,0.031953401691620725,0.007751943685694348,0.9602946546226849
26095,LOF,0.015790472525508522,0.021052864487070697,0.9631566629874208
26096,LOF,0.17178438487471218,0.007419790341466362,0.8207958247838214
26097,LOF,0.004916448295750331,0.038871754614507016,0.9562117970897426
26098,LOF,0.07326223229549601,0.018048845821265726,0.9086889218832382
26099,LOF,0.021256324076504594,0.017777518471715506,0.9609661574517798
26100,LOF,0.02125230051761624,0.01777759155407018,0.9609701079283136
26101,LOF,0.05226598165534998,0.02424741223260739,0.9234866061120427
26102,LOF,0.020712924989680265,0.016679898926467627,0.9626071760838522
26103,Neutral,0.8391368206960554,0.02454872618414999,0.13631445311979462
26104,LOF,0.06313033166230883,0.0270989163494769,0.9097707519882143
26105,LOF,0.2545585903008494,0.18059591296439112,0.5648454967347595
26106,LOF,0.35068305029174285,0.13988826144551947,0.5094286882627377
26107,LOF,0.019463628042331246,0.11820445514544706,0.8623319168122217
26108,LOF,0.3318963882207467,0.04737690305085306,0.6207267087284004
26109,LOF,0.03929536179872891,0.05936512319569244,0.9013395150055786
26110,LOF,0.21296079020860267,0.00733160883198762,0.7797076009594097
26111,LOF,0.06981995773620257,0.08263033239554102,0.8475497098682564
26112,LOF,0.035144851432128116,0.007852669267550186,0.9570024793003217
26113,LOF,0.05803887193776018,0.017191441026620347,0.9247696870356196
26114,LOF,0.08075485004517367,0.011113510389585893,0.9081316395652403
26115,LOF,0.01632615668306711,0.06494851265887393,0.9187253306580591
26116,LOF,0.1031661663485415,0.0420817319495921,0.8547521017018663
26117,LOF,0.3928903528677961,0.03381602427878324,0.5732936228534207
26118,LOF,0.030341306905412327,0.0169705217743216,0.9526881713202662
26119,LOF,0.005040304702604656,0.03736789355613498,0.9575918017412604
26120,LOF,0.025626855952500433,0.015559339583792117,0.9588138044637073
26121,LOF,0.00428290340789707,0.12389234097151144,0.8718247556205915
