feature0,prediction,LoGoFunc_Neutral,LoGoFunc_GOF,LoGoFunc_LOF
25546,Neutral,0.7369082360459891,0.030182805053081734,0.2329089589009291
25547,Neutral,0.6003136204172455,0.060916808952537704,0.3387695706302169
25548,Neutral,0.606597184537363,0.04612270405154666,0.34728011141109033
25549,Neutral,0.5260985789507588,0.04607168014072785,0.42782974090851333
25550,LOF,0.352277511928365,0.08833621745424908,0.5593862706173859
25551,LOF,0.3019601528881973,0.09930327706139555,0.5987365700504071
25552,LOF,0.22471476877236496,0.09326485123181306,0.682020379995822
25553,Neutral,0.8382393595836392,0.024329913107487566,0.13743072730887326
25554,LOF,0.26019000419135074,0.08752904066954775,0.6522809551391016
25555,LOF,0.2141239889345198,0.07780821928778213,0.708067791777698
25556,LOF,0.4304470194918463,0.07643450262584449,0.49311847788230934
25557,LOF,0.2090329953073557,0.08245161686401023,0.708515387828634
25558,LOF,0.24755151098909195,0.08898894786397835,0.6634595411469296
25559,LOF,0.3521622781067285,0.1844949856726562,0.4633427362206153
25560,LOF,0.05663287702304305,0.13744447648832805,0.805922646488629
25561,LOF,0.11918351236228014,0.1384998802516418,0.7423166073860781
25562,LOF,0.12729647745646366,0.051455400644450686,0.8212481218990856
25563,LOF,0.11069229500058783,0.0776566687203958,0.8116510362790164
25564,LOF,0.25134960063088574,0.12770520528517773,0.6209451940839366
25565,LOF,0.13857647120492342,0.09998794165885241,0.7614355871362242
25566,GOF,0.015383989517088319,0.7705461559416045,0.2140698545413072
25567,LOF,0.015230739158845366,0.15931033491629432,0.8254589259248604
25568,LOF,0.05196466822386982,0.05756283736530957,0.8904724944108205
25569,LOF,0.060555837421424875,0.05703031680647679,0.8824138457720982
25570,LOF,0.06207532306037094,0.08467208088795401,0.853252596051675
25571,LOF,0.056797038068800196,0.08120305226656313,0.8619999096646367
25572,LOF,0.0662710446175611,0.10863269724200847,0.8250962581404305
25573,LOF,0.03643235163400671,0.08949840796812805,0.8740692403978652
25574,LOF,0.020659701376674763,0.13696926116548688,0.8423710374578384
25575,LOF,0.046412332413258026,0.09878330162037716,0.8548043659663649
25576,LOF,0.017713668700043695,0.11856012663539818,0.8637262046645582
25577,LOF,0.015904314881523187,0.11240542603553011,0.8716902590829467
25578,LOF,0.2494364084854353,0.07222245966824464,0.67834113184632
25579,LOF,0.2495100318217159,0.07160628905231588,0.6788836791259681
25580,LOF,0.03197560833365874,0.07286818282219965,0.8951562088441416
25581,LOF,0.05433670604474796,0.05979852374328366,0.8858647702119684
25582,LOF,0.05411230948310271,0.05810539618522143,0.8877822943316759
25583,LOF,0.04268389787508427,0.07938100912236883,0.877935093002547
25584,Neutral,0.4784836475834418,0.09931923299673993,0.42219711941981836
25585,LOF,0.03061304250806519,0.11016803196225065,0.859218925529684
25586,LOF,0.029735092840775645,0.06330061696671826,0.906964290192506
25587,LOF,0.029359884281865284,0.05754298405688299,0.9130971316612516
25588,LOF,0.032528390384517755,0.0746496912824328,0.8928219183330496
25589,Neutral,0.5999463580158814,0.11808357214399663,0.2819700698401221
25590,LOF,0.030193756950363002,0.11832837683960737,0.8514778662100296
25591,LOF,0.12023673005859004,0.048874556114786236,0.8308887138266238
25592,LOF,0.09179711814836802,0.11692512252706949,0.7912777593245625
25593,LOF,0.03194487608097281,0.24380583215645824,0.7242492917625689
25594,LOF,0.04412189355536554,0.22478187181383932,0.7310962346307952
25595,LOF,0.04749190482184307,0.16101378527009585,0.791494309908061
25596,LOF,0.04983259586036928,0.1182191985737232,0.8319482055659075
25597,LOF,0.04288360530140509,0.10720365243877068,0.8499127422598242
25598,LOF,0.047437596103651725,0.1516346942053212,0.8009277096910271
25599,GOF,0.00803202079523969,0.6881678138311023,0.30380016537365817
25600,GOF,0.019453304208186976,0.6305667657340459,0.34997993005776695
25601,LOF,0.007124883193580312,0.45040797337065497,0.5424671434357646
25602,LOF,0.028730716744223908,0.04755245268706982,0.9237168305687063
25603,LOF,0.05965666081981102,0.02561229492443383,0.9147310442557551
25604,LOF,0.043918689101227516,0.031379555881390894,0.9247017550173815
25605,LOF,0.015041638312735462,0.18984476491539448,0.79511359677187
25606,LOF,0.11298974041887523,0.40526501154974526,0.48174524803137936
25607,LOF,0.006542524677571658,0.18329628291698488,0.8101611924054435
25608,LOF,0.031411975572302915,0.05007189937085054,0.9185161250568465
25609,LOF,0.03821163545448628,0.4696712763267895,0.49211708821872424
25610,LOF,0.04009332732989475,0.02746783764462983,0.9324388350254754
25611,LOF,0.04097911325064819,0.026528639917134347,0.9324922468322174
25612,LOF,0.09744043136092297,0.042373262599315974,0.860186306039761
25613,LOF,0.08230021705570122,0.044250900742083064,0.8734488822022157
25614,LOF,0.02877772513170395,0.034776406713379636,0.9364458681549165
25615,LOF,0.04083429871416867,0.043240466390043863,0.9159252348957875
25616,LOF,0.02870868638228976,0.03429134244802728,0.9369999711696829
25617,LOF,0.0270271072943815,0.039057294928905195,0.9339155977767134
25618,LOF,0.1477629458772344,0.0313697087398094,0.8208673453829562
25619,LOF,0.030894526024358108,0.033569216144167885,0.935536257831474
25620,LOF,0.03387788986795832,0.04096481865124382,0.9251572914807977
25621,LOF,0.02553222117333286,0.036288523661661486,0.9381792551650056
25622,LOF,0.028713852476858908,0.041214768333306645,0.9300713791898343
25623,LOF,0.05271454786836539,0.03860421886389984,0.9086812332677349
25624,LOF,0.026174126392202575,0.041700480511052816,0.9321253930967446
25625,LOF,0.031088727709602103,0.05192382115354517,0.9169874511368528
25626,LOF,0.08246146258978654,0.03791035862301619,0.8796281787871972
25627,Neutral,0.5521180656842918,0.12552625998955785,0.3223556743261503
25628,LOF,0.1983832570226001,0.060843363509016674,0.7407733794683833
25629,LOF,0.06879968012051188,0.06454284341066117,0.8666574764688268
25630,LOF,0.16374501660912222,0.09349806254730086,0.742756920843577
25631,Neutral,0.5973039015165238,0.06978928233355634,0.33290681614991985
25632,LOF,0.018774531299221853,0.08490672291983964,0.8963187457809385
25633,LOF,0.1981809490765304,0.0708464284615786,0.7309726224618911
25634,LOF,0.03476998242153474,0.09700059132800035,0.868229426250465
25635,LOF,0.036941501242500056,0.07649980776405775,0.8865586909934421
25636,GOF,0.0038940788427148467,0.6770770024402383,0.31902891871704697
25637,GOF,0.004935483479387182,0.702993419322784,0.29207109719782864
25638,LOF,0.008593351676742685,0.4392336858473167,0.5521729624759406
25639,GOF,0.004100071175998029,0.5525942691912095,0.4433056596327925
25640,Neutral,0.46868880529598156,0.4662603382900041,0.06505085641401442
25641,LOF,0.009237443485912294,0.3633773452852393,0.6273852112288484
25642,LOF,0.2851719597079826,0.06855630832759271,0.6462717319644247
25643,LOF,0.2692029803387406,0.13716734848608933,0.5936296711751701
25644,GOF,0.015391995129298243,0.5434982821927868,0.4411097226779148
25645,LOF,0.012345629334246324,0.4580510115812061,0.5296033590845476
25646,LOF,0.020204411901723434,0.3438734732314293,0.6359221148668472
25647,LOF,0.017510189683623487,0.2900084953630237,0.6924813149533529
25648,LOF,0.014942279980835233,0.30719219973639117,0.6778655202827736
25649,LOF,0.011665077619886466,0.2332124913407038,0.7551224310394097
25650,LOF,0.027138556205321126,0.4639556443130002,0.5089057994816788
25651,LOF,0.009839647439165902,0.28676545465629183,0.7033948979045422
25652,LOF,0.016915707697592,0.2563629235034859,0.7267213687989221
25653,LOF,0.061040939920883795,0.3508737966851273,0.5880852633939889
25654,LOF,0.016784644007639717,0.1554391850111181,0.8277761709812422
25655,LOF,0.10281476861779743,0.42153444577857535,0.4756507856036273
25656,LOF,0.08233841481492922,0.07079633343799405,0.8468652517470768
25657,LOF,0.2737426511396821,0.03360581927859578,0.6926515295817222
25658,LOF,0.04223504398302714,0.09156029883259599,0.8662046571843769
25659,LOF,0.29819771660212135,0.06128177637160068,0.6405205070262779
25660,LOF,0.08032305060934009,0.09536637215206333,0.8243105772385965
25661,LOF,0.04925263203533167,0.07223149973135043,0.8785158682333178
25662,LOF,0.029096109810492845,0.04507522308222205,0.9258286671072851
25663,LOF,0.0383594709911266,0.0722049146041166,0.8894356144047568
25664,LOF,0.03511927062505688,0.08899942552544506,0.8758813038494981
25665,LOF,0.06002594317317094,0.0423745466911964,0.8975995101356326
25666,LOF,0.031356503859094526,0.12835284953835457,0.840290646602551
25667,LOF,0.031776209446413045,0.0523177857637787,0.9159060047898083
25668,LOF,0.0317886178241487,0.05498492855262333,0.913226453623228
25669,LOF,0.04061683672160665,0.0831795932099933,0.8762035700684
25670,LOF,0.08921904125608632,0.08554592817461742,0.8252350305692961
25671,LOF,0.043221408968881304,0.04478308262954281,0.9119955084015758
25672,LOF,0.05845614928090853,0.06124902546619656,0.8802948252528949
25673,LOF,0.03748089149270396,0.0731230759749453,0.8893960325323508
25674,LOF,0.03054898350042333,0.07898643706737503,0.8904645794322017
25675,LOF,0.04190622204805433,0.05757217465290099,0.9005216032990446
25676,LOF,0.03522276888913833,0.057419381919561405,0.9073578491913002
25677,LOF,0.06259366048161077,0.06621485561702761,0.8711914839013616
25678,LOF,0.28723904567507547,0.037981948629785746,0.6747790056951388
25679,LOF,0.18606865435852182,0.07361562304435686,0.7403157225971212
25680,LOF,0.06277237263857682,0.09921608151064544,0.8380115458507778
25681,LOF,0.1131631038799861,0.08838433940007213,0.7984525567199418
25682,LOF,0.044865646526417696,0.08164614392926121,0.873488209544321
25683,LOF,0.09147655800005511,0.08566155003520992,0.8228618919647349
25684,LOF,0.06064986339936433,0.08143722081693999,0.8579129157836957
25685,LOF,0.10328944118252739,0.050203169578933456,0.8465073892385392
25686,LOF,0.03335402934240484,0.09860643145286327,0.8680395392047319
25687,LOF,0.05199791317013277,0.07440073187656226,0.873601354953305
25688,LOF,0.025102063248735148,0.08901313954113538,0.8858847972101296
25689,LOF,0.0167445666029833,0.08077268214304063,0.9024827512539761
25690,LOF,0.01993464647928124,0.08698563419355908,0.8930797193271598
25691,LOF,0.181190278022369,0.14332954129838255,0.6754801806792484
25692,LOF,0.24876795374216024,0.013976554800732968,0.7372554914571068
25693,LOF,0.051898492699461236,0.1371028355653326,0.8109986717352061
25694,LOF,0.22742586036216222,0.014634980737283108,0.7579391589005546
25695,LOF,0.13857036398477574,0.02348068337072248,0.8379489526445018
25696,LOF,0.1704881534594437,0.011070734186997427,0.8184411123535589
25697,LOF,0.14027470729763422,0.0230394967704004,0.8366857959319655
25698,LOF,0.023040418927430546,0.377806733298471,0.5991528477740985
25699,LOF,0.06001178349595912,0.0596210263350117,0.8803671901690292
25700,LOF,0.032969945711684503,0.008710745874160507,0.958319308414155
25701,LOF,0.011459598065529588,0.07000675025658454,0.9185336516778859
25702,GOF,0.03298870108231389,0.7412841816876583,0.2257271172300278
25703,LOF,0.01583799106734315,0.20651704975266466,0.7776449591799923
25704,LOF,0.08585136968714419,0.15834437848457444,0.7558042518282815
25705,LOF,0.06990004657849543,0.23757424102308403,0.6925257123984205
25706,GOF,0.04587378977233546,0.6606578769686197,0.29346833325904487
25707,GOF,0.021301149789035523,0.5790790065859094,0.3996198436250551
25708,GOF,0.006828273355571691,0.5174008879223992,0.4757708387220291
25709,LOF,0.019152075765488517,0.0640339885130215,0.91681393572149
25710,LOF,0.008464973663748456,0.1634938961523823,0.8280411301838692
25711,LOF,0.02279714321684954,0.12312120360952776,0.8540816531736226
25712,LOF,0.009048325571652215,0.21901227744461102,0.7719393969837368
25713,LOF,0.019300631313588765,0.1069255558001364,0.8737738128862748
25714,LOF,0.020750899281005587,0.1480311185542307,0.8312179821647637
25715,LOF,0.019477154751050624,0.1192521785035801,0.8612706667453692
25716,LOF,0.010121278126180648,0.1632014464981505,0.8266772753756689
25717,LOF,0.005303202200388904,0.1473508486547475,0.8473459491448637
25718,LOF,0.01886236310897701,0.08581706587735827,0.8953205710136648
25719,LOF,0.037159548971000766,0.0859233037974072,0.876917147231592
25720,LOF,0.02446699505176093,0.08576056594057538,0.8897724390076637
25721,LOF,0.02308893214406124,0.08853583649661569,0.8883752313593232
25722,LOF,0.017107321374928174,0.11837264559317827,0.8645200330318936
25723,LOF,0.02300933531468142,0.06786697902821538,0.9091236856571032
25724,LOF,0.030095563988952752,0.11370504164190721,0.8561993943691402
25725,LOF,0.02228212976564295,0.06528274537772129,0.9124351248566358
25726,LOF,0.01757056628551184,0.09364642839427176,0.8887830053202164
25727,LOF,0.021389195112057103,0.0849293734914637,0.8936814313964793
25728,LOF,0.01968425089465812,0.09766888473456176,0.8826468643707802
25729,LOF,0.01961527287235175,0.10020019247559735,0.8801845346520509
25730,LOF,0.020325010816899847,0.07995151749765872,0.8997234716854415
25731,LOF,0.012131657250919843,0.18890116481397656,0.7989671779351035
25732,LOF,0.018365502128444327,0.08557895853803577,0.8960555393335199
25733,LOF,0.03087998205061344,0.07950508970443904,0.8896149282449476
25734,LOF,0.006294938180078596,0.22553014125035578,0.7681749205695656
25735,LOF,0.022695562965107666,0.07449557761427615,0.9028088594206162
25736,LOF,0.0219362303580762,0.11281321436983324,0.8652505552720906
25737,LOF,0.03708454639612004,0.10072215495564911,0.8621932986482308
25738,LOF,0.020715264815736156,0.14631618088569207,0.8329685542985718
25739,LOF,0.02349567471239341,0.14549996997728143,0.8310043553103251
25740,LOF,0.05178969979516171,0.1361847864194464,0.8120255137853919
25741,LOF,0.0279858009495218,0.11537328740548257,0.8566409116449956
25742,LOF,0.04244102903135004,0.13016581991430667,0.8273931510543433
25743,LOF,0.012214643873490708,0.03917735696863287,0.9486079991578764
25744,GOF,0.19055908194551663,0.42477681004771717,0.3846641080067662
25745,LOF,0.02848292210018302,0.07217529198695652,0.8993417859128604
25746,LOF,0.014031493979769986,0.09045706511972286,0.8955114409005072
25747,LOF,0.03019907850999554,0.03467739475123018,0.9351235267387743
25748,LOF,0.26429714534466603,0.055961804458283575,0.6797410501970504
25749,LOF,0.015513811924368313,0.06740338486946373,0.917082803206168
25750,LOF,0.01662821340783919,0.09225510422285857,0.8911166823693022
25751,LOF,0.03886086310001871,0.06582221464362882,0.8953169222563525
25752,GOF,0.08675015017323712,0.6513771241460957,0.2618727256806671
25753,LOF,0.00688347096022554,0.38527517479137235,0.6078413542484021
25754,GOF,0.006502317623373471,0.8560780062900558,0.13741967608657069
25755,LOF,0.008587847636567255,0.4357820228411649,0.5556301295222679
25756,LOF,0.04683035031657184,0.4397076004428716,0.5134620492405566
25757,GOF,0.007294576895233018,0.8769045656915433,0.11580085741322368
25758,GOF,0.008963576515496442,0.8760354671361918,0.11500095634831171
25759,GOF,0.00523182586134426,0.6009747600701868,0.39379341406846896
25760,LOF,0.006687086647583288,0.30484910642910973,0.6884638069233069
25761,GOF,0.0635591323563179,0.8606209908156326,0.07581987682804947
25762,LOF,0.027201673634910765,0.38082777600875284,0.5919705503563363
25763,LOF,0.007589146537338683,0.2666695157099269,0.7257413377527344
25764,GOF,0.06605758941262521,0.6180376461080844,0.3159047644792903
25765,GOF,0.008722056009079656,0.8521111175902972,0.13916682640062308
25766,GOF,0.04315734427497484,0.8210598373075269,0.13578281841749829
25767,GOF,0.009969441609380873,0.5384427912269364,0.45158776716368265
25768,LOF,0.03698404396577127,0.07818927753377183,0.8848266785004569
25769,LOF,0.023839803617698142,0.08567917111384465,0.8904810252684572
25770,LOF,0.1744035486224337,0.07815025895920506,0.7474461924183612
25771,LOF,0.012487375045584961,0.08404293278651348,0.9034696921679015
25772,LOF,0.025259073852058552,0.030385282641083772,0.9443556435068576
25773,LOF,0.015107459921955295,0.08804932178511522,0.8968432182929296
25774,LOF,0.029715025513386725,0.09739143284741104,0.8728935416392023
25775,LOF,0.017492508345434227,0.045699505926650334,0.9368079857279153
25776,LOF,0.028199708607135596,0.027719465584393657,0.9440808258084706
25777,LOF,0.25159847138394253,0.07853498245066043,0.6698665461653971
25778,LOF,0.020600690960405618,0.05569584466660472,0.9237034643729897
25779,GOF,0.02996949348293843,0.9014663070758288,0.06856419944123268
25780,GOF,0.0679684754628557,0.8827408236455132,0.04929070089163102
25781,GOF,0.030525434038219033,0.8856749737044531,0.08379959225732787
25782,GOF,0.02486315219528576,0.9113178299016423,0.06381901790307194
25783,GOF,0.020414178203943992,0.8050656286363139,0.17452019315974215
25784,GOF,0.08732286687099912,0.876462155479796,0.03621497764920493
25785,GOF,0.062435166912291916,0.8939992942427012,0.04356553884500688
25786,GOF,0.007583917955552714,0.8447888172681249,0.14762726477632235
25787,GOF,0.168932075966423,0.7955087218438787,0.035559202189698325
25788,LOF,0.016075266831268895,0.2054659110928092,0.7784588220759219
25789,GOF,0.014917010815122653,0.865895842367785,0.11918714681709221
25790,GOF,0.015473689720120433,0.8705858770096058,0.11394043327027385
25791,GOF,0.015913406529186404,0.842864789831673,0.14122180363914058
25792,GOF,0.01926213281940416,0.8505139338441045,0.13022393333649138
25793,GOF,0.05212319836094709,0.8448554590407328,0.1030213425983202
25794,GOF,0.042744711790254866,0.7705040249401867,0.18675126326955846
25795,GOF,0.049361758193263335,0.784760507005974,0.1658777348007627
25796,GOF,0.07586792857459242,0.8376769454684226,0.08645512595698494
25797,GOF,0.05228963022826788,0.7021522331271259,0.24555813664460616
25798,GOF,0.003560051636794239,0.6841104321095127,0.31232951625369293
25799,GOF,0.0032300486742561758,0.5823892691924001,0.4143806821333438
25800,GOF,0.01955788147939833,0.7925316873592909,0.18791043116131062
25801,GOF,0.012991421121209346,0.8877364355132928,0.09927214336549779
25802,GOF,0.021731627034243778,0.8307073208188204,0.14756105214693574
25803,GOF,0.013643045632583827,0.7366382699673751,0.249718684400041
25804,GOF,0.015624311148723277,0.670201633819585,0.3141740550316918
25805,GOF,0.028127720696188404,0.7494556997056372,0.22241657959817435
25806,GOF,0.0222605033560109,0.7976965760791657,0.1800429205648235
25807,GOF,0.005948017697137989,0.7806559323961103,0.21339604990675168
25808,GOF,0.016678936501661624,0.7851164362244085,0.19820462727392996
25809,GOF,0.008004560904836484,0.7667335549035211,0.22526188419164245
25810,GOF,0.006747212975763335,0.7616968979073677,0.23155588911686897
25811,GOF,0.0386052429659524,0.8701144579034235,0.09128029913062412
25812,GOF,0.01875489515047346,0.7698276322140474,0.21141747263547908
25813,GOF,0.09737056172036015,0.8062652760306732,0.09636416224896652
25814,GOF,0.022951541519947428,0.8028694109382131,0.1741790475418395
25815,GOF,0.039689215809142565,0.8373514089405276,0.12295937525032971
25816,GOF,0.007707280925285036,0.8686432951917186,0.1236494238829965
25817,GOF,0.10831507315857936,0.8066623025453752,0.08502262429604546
25818,GOF,0.019432339848343718,0.8295382983736154,0.151029361778041
25819,GOF,0.05699915527437555,0.7732294465685101,0.16977139815711428
25820,GOF,0.02447428526773545,0.7830188166171654,0.19250689811509905
25821,GOF,0.016804947350130134,0.7870657975475674,0.19612925510230236
25822,GOF,0.033805142496468474,0.779880207058836,0.1863146504446956
25823,GOF,0.01815652098893968,0.704320101642525,0.2775233773685354
25824,GOF,0.017854064636700653,0.7761764374187967,0.20596949794450267
25825,GOF,0.01584205331834183,0.7724480927796866,0.2117098539019714
25826,GOF,0.0065264033138382315,0.7569861982237329,0.23648739846242897
25827,GOF,0.009857340189914538,0.724558623656274,0.26558403615381154
25828,GOF,0.007768187338015722,0.7049908366419549,0.2872409760200293
25829,GOF,0.0035049420024806533,0.7325460358602913,0.263949022137228
25830,GOF,0.03799911374285594,0.5503336601829399,0.41166722607420414
25831,GOF,0.06432386304509262,0.8265839608023339,0.10909217615257356
25832,GOF,0.008763499153800671,0.8080281211394849,0.18320837970671444
25833,GOF,0.03398527038588036,0.85498589635341,0.11102883326070963
25834,GOF,0.008364423509610981,0.8214794715540936,0.17015610493629538
25835,GOF,0.020479572342063684,0.8781798737292521,0.10134055392868421
25836,GOF,0.006387732325754506,0.8273381011462302,0.16627416652801522
25837,GOF,0.00712293778717366,0.7397608740204804,0.253116188192346
25838,GOF,0.019694217326059034,0.8713200266958468,0.10898575597809423
25839,GOF,0.04280976613327278,0.8612257571434977,0.09596447672322951
25840,GOF,0.0931721682522472,0.8200851901508677,0.08674264159688513
25841,GOF,0.08484213960065852,0.8391490483850408,0.07600881201430079
25842,GOF,0.023419629962688825,0.896939321406813,0.07964104863049812
25843,GOF,0.023307202095566044,0.9054025875334828,0.0712902103709512
25844,GOF,0.013371669515108667,0.8535758107919134,0.13305251969297802
25845,GOF,0.004679132634537899,0.6720307485892923,0.32329011877616975
25846,GOF,0.059208430444644536,0.8627654733095478,0.07802609624580778
25847,GOF,0.013895139811566428,0.9099656750310048,0.0761391851574288
25848,GOF,0.016055483810783304,0.8589772860183453,0.12496723017087134
25849,GOF,0.006036667338748182,0.7822159281504072,0.21174740451084456
25850,GOF,0.005992500295016463,0.7831442076081548,0.21086329209682866
25851,GOF,0.00548875297920155,0.6816092919176283,0.31290195510317015
25852,GOF,0.1462399559049179,0.5696361558211614,0.28412388827392066
25853,GOF,0.0772824531569733,0.8380698604756857,0.08464768636734102
25854,GOF,0.004600200519168685,0.7278192177170596,0.2675805817637718
25855,GOF,0.017264991730587705,0.6820500556012613,0.30068495266815104
25856,GOF,0.03438010691134965,0.8031501479181291,0.16246974517052115
25857,GOF,0.019086742743711423,0.6806761057189694,0.30023715153731917
25858,GOF,0.006879028874004543,0.6856130455163436,0.3075079256096518
25859,GOF,0.005890449106176993,0.6783756998616461,0.31573385103217677
25860,GOF,0.08296071906380673,0.8237301659671367,0.09330911496905665
25861,GOF,0.07965879344105341,0.8158619087501937,0.104479297808753
25862,GOF,0.015261348689957002,0.8799973787004152,0.10474127260962769
25863,GOF,0.017210832443253388,0.8760240879795809,0.10676507957716572
25864,GOF,0.04618729819168268,0.8786006301440312,0.07521207166428615
25865,GOF,0.036507665004470315,0.8464400459869451,0.11705228900858476
25866,GOF,0.018527163703369903,0.8764791045744618,0.10499373172216818
25867,GOF,0.029884215509343955,0.886809063076359,0.08330672141429694
25868,GOF,0.05346132128279024,0.8415274448621228,0.10501123385508693
25869,GOF,0.3086212927644423,0.6201804106773425,0.07119829655821526
25870,GOF,0.06112276324506381,0.7072836269804167,0.23159360977451957
25871,GOF,0.00894928648095118,0.8964048516085442,0.09464586191050449
25872,GOF,0.01811260391015911,0.8788518407806618,0.10303555530917911
25873,GOF,0.019197428846982376,0.8971960413623145,0.08360652979070313
25874,LOF,0.01741850564683207,0.2409164753757152,0.7416650189774527
25875,LOF,0.04579508210866455,0.049663352975969494,0.904541564915366
25876,LOF,0.01702656119248452,0.038484357395971495,0.944489081411544
25877,LOF,0.10518531275607103,0.08621747323953927,0.8085972140043897
25878,LOF,0.06830452399856154,0.11764857050833397,0.8140469054931044
25879,LOF,0.024818236644568427,0.08945767849162732,0.8857240848638043
25880,LOF,0.054785747657553494,0.013814279422654776,0.9313999729197916
25881,Neutral,0.5234941463832995,0.07300782357574706,0.40349803004095347
25882,LOF,0.06665472319739629,0.027423466499510073,0.9059218103030936
25883,LOF,0.02865102734577356,0.02802269375757569,0.9433262788966507
25884,LOF,0.01998199751423974,0.05174659171543823,0.928271410770322
25885,LOF,0.22031933787020141,0.015189832342579748,0.7644908297872189
25886,LOF,0.2709300318496717,0.05494815158433764,0.6741218165659907
25887,LOF,0.16421576554763662,0.07150274141756371,0.7642814930347996
25888,LOF,0.010354677974422926,0.13578662212931533,0.8538586998962617
25889,LOF,0.02444690939771234,0.03988552477852302,0.9356675658237646
25890,LOF,0.15413373592768434,0.09796633856415478,0.747899925508161
25891,LOF,0.11383935865201428,0.024497627721491614,0.8616630136264942
25892,LOF,0.00864693919626876,0.0345948506121589,0.9567582101915724
25893,LOF,0.3473711090931518,0.010240621060402388,0.6423882698464459
25894,LOF,0.3866069714747907,0.005851070870279104,0.6075419576549301
25895,LOF,0.33076550731357734,0.013801592530946693,0.655432900155476
25896,LOF,0.06740244149250857,0.02119843436040814,0.9113991241470834
25897,LOF,0.18728723206792616,0.00900417629439734,0.8037085916376765
25898,LOF,0.14886843685836681,0.033450539151777765,0.8176810239898555
25899,LOF,0.43765430367160457,0.01960777534267589,0.5427379209857195
25900,LOF,0.4875934704495036,0.008909836100595907,0.5034966934499004
25901,LOF,0.06050425070421742,0.008998671061407388,0.9304970782343752
25902,LOF,0.1997476075003956,0.00912387738108783,0.7911285151185166
25903,LOF,0.3737226423515214,0.024371950205867306,0.6019054074426112
25904,Neutral,0.5034984037828619,0.029847242389727677,0.46665435382741044
25905,LOF,0.006072327295901446,0.4807933547920764,0.5131343179120221
25906,LOF,0.00818633928227642,0.11508405598873077,0.8767296047289928
25907,LOF,0.004871801959095558,0.36827253043564057,0.626855667605264
25908,LOF,0.004775198292615745,0.28321386506969737,0.712010936637687
25909,LOF,0.025845846058881027,0.15375642730203318,0.8203977266390858
25910,LOF,0.011857425378508115,0.14147130063153485,0.846671273989957
25911,LOF,0.2498623783151513,0.049587714736315486,0.7005499069485333
25912,LOF,0.09241008141948366,0.04882424729088181,0.8587656712896345
25913,LOF,0.024479455139947204,0.083844780567005,0.8916757642930477
25914,LOF,0.037118358589750544,0.04062753045481491,0.9222541109554345
25915,LOF,0.1920079422574195,0.18101531903109083,0.6269767387114897
25916,LOF,0.03230605333028438,0.11977981336290121,0.8479141333068144
25917,LOF,0.06988180301494741,0.03701015432009141,0.8931080426649611
25918,LOF,0.041977175645981114,0.026750735649728918,0.93127208870429
25919,LOF,0.03608093843842837,0.02523793424061628,0.9386811273209553
25920,LOF,0.31998102130964967,0.19434473807888838,0.4856742406114619
25921,LOF,0.01629368406347295,0.04080474872722642,0.9429015672093007
25922,LOF,0.018600786798065115,0.03939349047606676,0.9420057227258681
25923,LOF,0.4317954579138084,0.04348805096679484,0.5247164911193968
25924,LOF,0.02205890200920711,0.06596086906322843,0.9119802289275645
25925,LOF,0.0846705447819878,0.0593713660828217,0.8559580891351906
25926,LOF,0.06949555235996084,0.05518092867531236,0.8753235189647268
25927,LOF,0.023205691789130487,0.08347772966979713,0.8933165785410724
25928,LOF,0.009730315047932446,0.06288185680923204,0.9273878281428355
25929,Neutral,0.555049843297359,0.04080112761135034,0.40414902909129063
25930,LOF,0.07601620235327228,0.04180164612086826,0.8821821515258595
25931,LOF,0.01457628468297465,0.04408023112289854,0.9413434841941267
25932,LOF,0.06905601341251279,0.04022083363673316,0.8907231529507541
25933,LOF,0.06470210023688436,0.025375469238747714,0.9099224305243678
25934,LOF,0.06182031253046125,0.02264284082053022,0.9155368466490086
25935,LOF,0.07796824426784207,0.07243467298000206,0.8495970827521558
25936,LOF,0.09471233976314865,0.02430688297467705,0.8809807772621743
25937,LOF,0.014640353296032747,0.05397141308293289,0.9313882336210343
25938,LOF,0.07574731868869587,0.06532997522161219,0.8589227060896919
25939,LOF,0.042729102745053676,0.031624571300637415,0.9256463259543088
25940,LOF,0.00856486581692251,0.3596969158225749,0.6317382183605026
25941,Neutral,0.4805781544273433,0.05821549876324513,0.4612063468094117
25942,LOF,0.009301065906734976,0.059253471574257255,0.9314454625190077
25943,LOF,0.053465254055913715,0.20113229260095375,0.7454024533431325
25944,LOF,0.04976544326268062,0.10182929967579822,0.8484052570615213
25945,LOF,0.11398577124079486,0.027654609223789137,0.8583596195354161
25946,LOF,0.07079451395756267,0.03808342996052286,0.8911220560819144
25947,LOF,0.43509487154831106,0.11833459343010072,0.44657053502158817
25948,LOF,0.4091673620126233,0.020220324760908626,0.5706123132264681
25949,LOF,0.141493496521873,0.0870108094354686,0.7714956940426584
25950,GOF,0.07288065518661985,0.5908307458422053,0.33628859897117475
25951,LOF,0.013590929447907641,0.41698409277458465,0.5694249777775077
25952,LOF,0.26341872703739916,0.25312956689226557,0.48345170607033533
25953,LOF,0.009661202191791488,0.17437312996043755,0.8159656678477709
25954,LOF,0.08066433484330301,0.45687595808911047,0.46245970706758643
25955,LOF,0.006772683900287532,0.1723416994392101,0.8208856166605024
25956,LOF,0.01863364799827429,0.2157471225882852,0.7656192294134404
25957,LOF,0.17633625989354934,0.031816066499023715,0.7918476736074269
25958,LOF,0.032069272619753904,0.06611359915794643,0.9018171282222996
25959,GOF,0.012214541113301829,0.7150574365223501,0.27272802236434807
25960,LOF,0.005670359427869891,0.09366050464139108,0.900669135930739
25961,LOF,0.03124937046796628,0.05614714552865997,0.9126034840033738
25962,LOF,0.045293272129845547,0.06378635405095778,0.8909203738191968
25963,LOF,0.0052872488533523086,0.17531558248626428,0.8193971686603835
25964,LOF,0.02843620711362662,0.10698141085949028,0.8645823820268831
25965,LOF,0.2592039847136937,0.11934980520775695,0.6214462100785493
25966,LOF,0.4208133746355048,0.14747493812414908,0.43171168724034625
25967,LOF,0.008431665910604298,0.0887002389294791,0.9028680951599165
25968,LOF,0.042941803296777985,0.27243415458975273,0.6846240421134693
25969,LOF,0.13661111369368498,0.06911662316679319,0.7942722631395218
25970,LOF,0.04983704869533606,0.10662608819598779,0.8435368631086761
25971,LOF,0.08595123619014249,0.0338914059843977,0.8801573578254599
25972,LOF,0.06826086357621124,0.06006881980684918,0.8716703166169396
25973,LOF,0.06307015758786602,0.009800132869191515,0.9271297095429425
25974,LOF,0.043776470188060114,0.042089383606083254,0.9141341462058565
25975,LOF,0.04221949631543035,0.01834161050686325,0.9394388931777063
25976,LOF,0.0867261789457054,0.011176996930146524,0.902096824124148
25977,LOF,0.22666936611651678,0.07258892275590817,0.7007417111275751
25978,LOF,0.18718529494996275,0.11091815267903649,0.7018965523710007
25979,LOF,0.15627991303033612,0.12388103620153873,0.7198390507681253
25980,LOF,0.24815953458754564,0.1784815513765531,0.5733589140359012
25981,LOF,0.24890250194409505,0.1808446601331843,0.5702528379227206
25982,Neutral,0.45820420065740197,0.08525684957913941,0.4565389497634586
25983,LOF,0.44659029718315063,0.1019013793633911,0.45150832345345826
25984,LOF,0.041063833349933784,0.09391409574229757,0.8650220709077685
25985,LOF,0.38100531251107755,0.14038449028270958,0.47861019720621284
25986,LOF,0.010922781772943122,0.419519961265839,0.5695572569612178
25987,LOF,0.0427002012061438,0.10623232803042582,0.8510674707634304
25988,LOF,0.039837916257771507,0.16768839244414774,0.7924736912980809
25989,LOF,0.03934215126820921,0.19905523715672582,0.761602611575065
25990,LOF,0.040071993669758305,0.29963239143943166,0.6602956148908101
25991,LOF,0.019488994808324184,0.41951160177794605,0.5609994034137298
25992,LOF,0.021177533901655984,0.43248217387108767,0.5463402922272564
25993,LOF,0.031128552761858864,0.06236701262904565,0.9065044346090956
25994,LOF,0.026207303836617294,0.060811278300594906,0.9129814178627877
25995,LOF,0.022313172937707113,0.11554134110461955,0.8621454859576734
25996,Neutral,0.3560848486951299,0.33425190818302436,0.3096632431218458
25997,LOF,0.06431527037238896,0.3597754245924133,0.5759093050351978
25998,LOF,0.3073056380110899,0.04443929726470283,0.6482550647242072
25999,LOF,0.031918626967925204,0.17346046977572577,0.794620903256349
26000,LOF,0.18107261439038191,0.02901237570524183,0.7899150099043762
26001,LOF,0.29299799030741286,0.03906835432190515,0.667933655370682
26002,LOF,0.13325651145469783,0.0415058595557342,0.825237628989568
26003,GOF,0.007022784014419399,0.6370956428305411,0.3558815731550395
26004,GOF,0.012225015819025823,0.6941989262878284,0.2935760578931459
26005,LOF,0.004857364777174276,0.45934096538137176,0.535801669841454
26006,GOF,0.12371578798259224,0.5438538298311764,0.3324303821862315
26007,GOF,0.009765527769528168,0.5396651656695748,0.4505693065608969
26008,GOF,0.006943595153369165,0.6201412290646912,0.3729151757819396
26009,GOF,0.010554052117395766,0.6637037166125714,0.3257422312700329
26010,GOF,0.009232982811836253,0.6176210449320623,0.3731459722561015
26011,LOF,0.004223772157120405,0.42197283658676266,0.5738033912561169
26012,GOF,0.004982144264513546,0.5205586972331783,0.4744591585023082
26013,GOF,0.00835002596985952,0.5623810588286247,0.4292689152015159
26014,LOF,0.06972553682908202,0.11493256402127969,0.8153418991496383
26015,LOF,0.3418572853706519,0.044089091441663564,0.6140536231876845
26016,LOF,0.2922639187932978,0.06150265732436392,0.6462334238823383
26017,LOF,0.014770371898651456,0.26821653296823095,0.7170130951331176
26018,LOF,0.024848385082985223,0.08977710626387424,0.8853745086531405
26019,LOF,0.024997922537140595,0.07872187775628138,0.8962801997065779
26020,LOF,0.007777230707996085,0.2548359715232804,0.7373867977687235
26021,LOF,0.08956702535756353,0.10715826468290326,0.8032747099595332
26022,LOF,0.03286860024944938,0.045143220450888755,0.9219881792996618
26023,LOF,0.02461290558405072,0.06150121833548378,0.9138858760804655
26024,LOF,0.05245159588630306,0.09185576059672038,0.8556926435169766
26025,LOF,0.08364467603453675,0.12069620510223475,0.7956591188632285
26026,LOF,0.10800506976813676,0.09656560282419084,0.7954293274076724
26027,LOF,0.025906642648260113,0.04331108346851863,0.9307822738832212
26028,LOF,0.09184469991595871,0.15541932178521,0.7527359782988312
26029,LOF,0.027694573784255445,0.22520276450086857,0.747102661714876
26030,LOF,0.151903286119401,0.0296662663392196,0.8184304475413794
26031,LOF,0.011554681473389053,0.17254231728765235,0.8159030012389586
26032,LOF,0.0456018123408911,0.06358876436938787,0.890809423289721
26033,LOF,0.05717689179247397,0.0583732955078514,0.8844498126996746
26034,LOF,0.015240471999609583,0.18164534325403098,0.8031141847463594
26035,LOF,0.01227696681502333,0.1233083160469066,0.8644147171380702
26036,LOF,0.012104761814844382,0.13772328584873522,0.8501719523364204
26037,LOF,0.009792541845393412,0.11203995059189276,0.8781675075627139
26038,LOF,0.037551794709678406,0.057041187992053766,0.9054070172982678
26039,LOF,0.032423212713276,0.15544989859146957,0.8121268886952544
26040,LOF,0.09256438487207476,0.13471605146661286,0.7727195636613123
26041,LOF,0.012917843446691713,0.10090596502938837,0.8861761915239199
26042,LOF,0.011860978708411294,0.11162349485711898,0.8765155264344697
26043,LOF,0.03734428674079272,0.07798442339587483,0.8846712898633325
26044,LOF,0.012149721866926385,0.058540482128956066,0.9293097960041174
26045,LOF,0.07275776624606015,0.12142846246171722,0.8058137712922225
26046,LOF,0.03243929197534253,0.05886485501604013,0.9086958530086172
26047,LOF,0.05882219865398298,0.05825703826387575,0.8829207630821413
26048,LOF,0.07229138359577161,0.02842393754702961,0.8992846788571988
26049,Neutral,0.9459426284721442,0.009435995114109079,0.044621376413746805
26050,Neutral,0.9198925084204067,0.010449743985581935,0.0696577475940114
26051,LOF,0.022398146215644583,0.10054908836918386,0.8770527654151716
26052,LOF,0.0414759620829145,0.11683697895665036,0.8416870589604353
26053,LOF,0.025487305658773877,0.1457158803962236,0.8287968139450025
26054,LOF,0.04802987115649036,0.0346401084925881,0.9173300203509216
26055,LOF,0.07254660534749219,0.03209630026612965,0.8953570943863782
26056,LOF,0.05962820810573374,0.04143367849293813,0.8989381134013281
26057,LOF,0.05729968988480228,0.017526186228247757,0.92517412388695
26058,LOF,0.06004973180676734,0.015008126521117165,0.9249421416721154
26059,LOF,0.2140372170802923,0.0414199242187592,0.7445428587009485
26060,LOF,0.019974979803695288,0.17109218142245383,0.8089328387738509
26061,LOF,0.010475853974554878,0.012295504094715054,0.9772286419307301
26062,LOF,0.00570883736340553,0.018570424832795075,0.9757207378037995
26063,LOF,0.03952245170186188,0.013468116979737389,0.9470094313184008
26064,LOF,0.011254829387090838,0.030032789212684975,0.9587123814002242
26065,LOF,0.04531817390963639,0.0162603741388374,0.9384214519515262
26066,LOF,0.04581876270353798,0.012847067489603728,0.9413341698068582
26067,LOF,0.05567463951976856,0.011593842204306985,0.9327315182759245
26068,LOF,0.056856216148515444,0.05155314957326778,0.8915906342782168
26069,LOF,0.3206918578670226,0.03445464022489219,0.6448535019080852
26070,Neutral,0.5874122046587388,0.02366595169038139,0.3889218436508799
26071,LOF,0.04437581678611059,0.014584740150392045,0.9410394430634973
26072,LOF,0.010148080206096833,0.022246525374796013,0.9676053944191072
26073,LOF,0.04046158910037,0.016081985255347528,0.9434564256442823
26074,Neutral,0.8857851055363821,0.01140807760625707,0.10280681685736093
26075,LOF,0.05954953353956112,0.024483201867580462,0.9159672645928584
26076,LOF,0.055694576639683115,0.01473263558984427,0.9295727877704726
26077,LOF,0.1453381669995666,0.007861776544272921,0.8468000564561605
26078,LOF,0.007791750778399224,0.016144875299728696,0.9760633739218721
26079,LOF,0.06795576277672954,0.02454767784383953,0.9074965593794309
26080,LOF,0.06718375539877729,0.024607005073775567,0.9082092395274471
26081,LOF,0.03439714282416951,0.011520769250386656,0.9540820879254439
26082,LOF,0.005838884151689066,0.021032536115014915,0.973128579733296
26083,LOF,0.10565743971313007,0.027354979985829087,0.8669875803010408
26084,LOF,0.10685575673417176,0.018009774126938608,0.8751344691388896
26085,LOF,0.09219803291026875,0.015928265376766275,0.8918737017129649
26086,LOF,0.038715759312601364,0.014785023114802082,0.9464992175725967
26087,LOF,0.03914452143237768,0.011808053108246782,0.9490474254593756
26088,LOF,0.007413493973114501,0.024706285733493,0.9678802202933925
26089,LOF,0.04482754980872366,0.04195709444212041,0.913215355749156
26090,LOF,0.04565454053834594,0.031558319967006615,0.9227871394946474
26091,LOF,0.0320437196181019,0.00959175727635944,0.9583645231055387
26092,LOF,0.04524934280088566,0.010080318456551485,0.9446703387425628
26093,LOF,0.08126548176843232,0.007723713806527556,0.9110108044250402
26094,LOF,0.037335553427732544,0.008960339006830093,0.9537041075654373
26095,LOF,0.02927141496586941,0.020090214874691457,0.9506383701594392
26096,LOF,0.17507494138131116,0.0060701438119394584,0.8188549148067494
26097,LOF,0.0069484459470205255,0.038943477642193136,0.9541080764107862
26098,LOF,0.134919514382014,0.022756488345696737,0.8423239972722892
26099,LOF,0.04623624138784104,0.0212651214421804,0.9324986371699786
26100,LOF,0.0462353734782293,0.021264722270389176,0.9324999042513814
26101,LOF,0.058611629979845904,0.034918706622922145,0.906469663397232
26102,LOF,0.034964960436729794,0.020751375897232357,0.9442836636660378
26103,Neutral,0.891584382781905,0.03243615236641126,0.07597946485168378
26104,LOF,0.060244267811889116,0.049335190601701676,0.8904205415864092
26105,LOF,0.22518248981154088,0.13111143398639366,0.6437060762020654
26106,LOF,0.30690405826049205,0.0727910760378506,0.6203048657016573
26107,LOF,0.023232713252159913,0.0841246024763161,0.8926426842715239
26108,LOF,0.23015251423938052,0.040296770032204554,0.729550715728415
26109,LOF,0.08295013762317613,0.03532958908599547,0.8817202732908284
26110,LOF,0.4309768363279754,0.009613195514391477,0.5594099681576332
26111,LOF,0.05513966205494278,0.1376008295929784,0.8072595083520789
26112,LOF,0.06046383801639086,0.009824447184409564,0.9297117147991995
26113,LOF,0.12164197287200423,0.022321695979514392,0.8560363311484814
26114,LOF,0.08984455322076665,0.011395787165554276,0.898759659613679
26115,LOF,0.01945979043953387,0.0536945147780947,0.9268456947823713
26116,LOF,0.07277799888316758,0.02367277833992039,0.9035492227769121
26117,LOF,0.3418713350417487,0.044310315366624324,0.613818349591627
26118,LOF,0.046492515274992506,0.01977646674307734,0.9337310179819301
26119,LOF,0.00711271838256936,0.04139539469106157,0.951491886926369
26120,LOF,0.03613291544267974,0.018666284861854062,0.9452007996954662
26121,LOF,0.004308113368832371,0.13823306730666807,0.8574588193244996
