feature0,prediction,LoGoFunc_Neutral,LoGoFunc_GOF,LoGoFunc_LOF
25546,Neutral,0.7461553057618693,0.031857999625287355,0.22198669461284334
25547,Neutral,0.5945685371621972,0.06786268019381898,0.3375687826439838
25548,Neutral,0.6152793771842552,0.04825948843922851,0.33646113437651637
25549,Neutral,0.5264732786156066,0.04737640294687467,0.42615031843751877
25550,LOF,0.3540630092821503,0.08442928378346251,0.5615077069343872
25551,LOF,0.2961031608606512,0.09367065081933514,0.6102261883200136
25552,LOF,0.2261637161472977,0.0873034005260692,0.6865328833266331
25553,Neutral,0.8463054860584479,0.02391560338259549,0.12977891055895655
25554,LOF,0.25623368396864,0.0843028951592596,0.6594634208721004
25555,LOF,0.21298874733995793,0.07252189622519681,0.7144893564348452
25556,LOF,0.4220217847640679,0.07876193484459981,0.49921628039133237
25557,LOF,0.20321632879774187,0.07730962643176054,0.7194740447704976
25558,LOF,0.23703487483379748,0.08547266648105854,0.6774924586851439
25559,LOF,0.38071888503967666,0.17697558156318383,0.4423055333971394
25560,LOF,0.05097345788881667,0.12530783402535736,0.8237187080858259
25561,LOF,0.11665900310625323,0.12032185877490863,0.7630191381188381
25562,LOF,0.09656347592755699,0.04810381303832397,0.855332711034119
25563,LOF,0.10776336544261352,0.07017705929154429,0.8220595752658422
25564,LOF,0.2352222966556826,0.11377855315436781,0.6509991501899496
25565,LOF,0.14667930733179207,0.10920938273774088,0.744111309930467
25566,GOF,0.013946702971951216,0.7676080472103638,0.218445249817685
25567,LOF,0.016318801483985186,0.1566805405786495,0.8270006579373654
25568,LOF,0.04970854488102583,0.06008212410120842,0.8902093310177657
25569,LOF,0.05952010419750868,0.060051278348116854,0.8804286174543745
25570,LOF,0.057104178413116664,0.0965887078691864,0.8463071137176968
25571,LOF,0.05264930156613628,0.09093544773887315,0.8564152506949906
25572,LOF,0.0660497521522123,0.11363240565213487,0.8203178421956528
25573,LOF,0.03667472681586172,0.089767284814337,0.8735579883698013
25574,LOF,0.024009604048012344,0.1298537133107153,0.8461366826412724
25575,LOF,0.04365858106308163,0.10575069658777571,0.8505907223491427
25576,LOF,0.016777970564509668,0.12864162607708257,0.8545804033584078
25577,LOF,0.015922415053797354,0.12469234255958053,0.8593852423866221
25578,LOF,0.26433597879796683,0.07683410651203752,0.6588299146899956
25579,LOF,0.26578426210448486,0.07638956083302059,0.6578261770624945
25580,LOF,0.030757376819916266,0.07708297773324907,0.8921596454468348
25581,LOF,0.05439689757566383,0.06186646572522188,0.8837366366991143
25582,LOF,0.053885234415197776,0.059713860541551644,0.8864009050432505
25583,LOF,0.03874887506730966,0.09249847067438638,0.868752654258304
25584,Neutral,0.47505695686496513,0.0979222635027986,0.4270207796322363
25585,LOF,0.02381442401871735,0.11338003932798657,0.8628055366532961
25586,LOF,0.02853262726881676,0.07439466639497279,0.8970727063362105
25587,LOF,0.029789185982009244,0.06609260284768316,0.9041182111703077
25588,LOF,0.030209409858299115,0.08508513139310583,0.8847054587485951
25589,Neutral,0.5997673395645575,0.12154321513729091,0.27868944529815165
25590,LOF,0.03241051606839165,0.12395791724461316,0.8436315666869952
25591,LOF,0.0968913079127976,0.052653530944304076,0.8504551611428984
25592,LOF,0.09844726867312274,0.123438161209046,0.7781145701178313
25593,LOF,0.038149275360879,0.2578621815046302,0.7039885431344909
25594,LOF,0.04221382823520885,0.22749127491792714,0.7302948968468641
25595,LOF,0.047915709849777555,0.15857209963350077,0.7935121905167216
25596,LOF,0.05006514699646724,0.10454271893334101,0.8453921340701916
25597,LOF,0.036923643456618895,0.11655582086028725,0.8465205356830939
25598,LOF,0.048093063068946416,0.15881979918550868,0.793087137745545
25599,GOF,0.0073344237992008865,0.6455158228577791,0.34714975334302006
25600,GOF,0.014848506538317806,0.6049328501197829,0.3802186433418994
25601,LOF,0.010597256986023436,0.4553599471876938,0.5340427958262828
25602,LOF,0.022436043556798218,0.05074229217522211,0.9268216642679796
25603,LOF,0.052012478726822076,0.026008278633820173,0.9219792426393577
25604,LOF,0.041072165982210015,0.034241741469708105,0.924686092548082
25605,LOF,0.009983436270719822,0.19244566666690566,0.7975708970623745
25606,LOF,0.068889999255263,0.3793455385246573,0.5517644622200797
25607,LOF,0.005898432555545254,0.18501352010846384,0.8090880473359909
25608,LOF,0.046682802129314305,0.06657022978596329,0.8867469680847223
25609,LOF,0.03895664898707119,0.4390066300038672,0.5220367210090616
25610,LOF,0.03437756028113441,0.026550645519759886,0.9390717941991056
25611,LOF,0.034912727621645274,0.025497074635198742,0.939590197743156
25612,LOF,0.09404210501462719,0.04111939247714935,0.8648385025082235
25613,LOF,0.07835935824783272,0.04129651269476144,0.8803441290574058
25614,LOF,0.026039272082627057,0.03467452461042268,0.9392862033069502
25615,LOF,0.05004435620695236,0.040770184620495344,0.9091854591725522
25616,LOF,0.02538669940771269,0.03378840678202626,0.9408248938102611
25617,LOF,0.023315065604380684,0.03844592792545214,0.9382390064701672
25618,LOF,0.13050140874907035,0.030978924782462672,0.838519666468467
25619,LOF,0.02575460258433469,0.034682663724574674,0.9395627336910907
25620,LOF,0.030477518073232644,0.04067658572813704,0.9288458961986303
25621,LOF,0.02807967113198428,0.03105059387861433,0.9408697349894014
25622,LOF,0.03154312708065241,0.03732980270796046,0.9311270702113872
25623,LOF,0.04789583282939306,0.0356645815118109,0.9164395856587959
25624,LOF,0.02374297479415127,0.04326887373019617,0.9329881514756526
25625,LOF,0.032057145093155326,0.04577247811537614,0.9221703767914684
25626,LOF,0.08163152332758174,0.03517462430449686,0.8831938523679214
25627,Neutral,0.5540395670911659,0.13502570474971526,0.3109347281591189
25628,LOF,0.2197155229303599,0.06472292075380016,0.71556155631584
25629,LOF,0.0629698060298203,0.06735875300741792,0.8696714409627618
25630,LOF,0.17807626637914092,0.10025869255271613,0.721665041068143
25631,Neutral,0.5972364714955066,0.0735252224678704,0.3292383060366231
25632,LOF,0.014195873987519408,0.08956885543833469,0.8962352705741459
25633,LOF,0.1819260168640348,0.07510527740394118,0.7429687057320239
25634,LOF,0.03230391122483451,0.10329580281042054,0.8644002859647449
25635,LOF,0.032671445803388224,0.0839462939675138,0.8833822602290979
25636,GOF,0.0035525545646283353,0.6560141808498454,0.34043326458552636
25637,GOF,0.003925186509727474,0.690866331847554,0.3052084816427186
25638,LOF,0.007646829940636745,0.43368064887787444,0.5586725211814889
25639,GOF,0.0037741088304183044,0.5552159831141887,0.441009908055393
25640,Neutral,0.4677324742301662,0.46551282713112274,0.0667546986387111
25641,LOF,0.008806208412484272,0.3586461658412025,0.6325476257463132
25642,LOF,0.25987372019794497,0.07621120383604826,0.6639150759660067
25643,LOF,0.2581360270500781,0.14863954551709307,0.5932244274328288
25644,GOF,0.013346042313353288,0.5316719419914901,0.4549820156951565
25645,LOF,0.011480191844504436,0.4647408340260429,0.5237789741294526
25646,LOF,0.017637531167932104,0.34669437624771776,0.6356680925843502
25647,LOF,0.014895537948868526,0.2873380722232682,0.6977663898278633
25648,LOF,0.013672126114705753,0.304127430193386,0.6822004436919081
25649,LOF,0.010805153247484472,0.22825599457749635,0.7609388521750192
25650,LOF,0.028623940108318164,0.463674056394511,0.5077020034971709
25651,LOF,0.008867770921642237,0.28135954946758723,0.7097726796107705
25652,LOF,0.012805359805282414,0.26287871201293084,0.7243159281817867
25653,LOF,0.053098536465037045,0.3614004435995133,0.5855010199354496
25654,LOF,0.015594298429748335,0.1433921226174899,0.8410135789527617
25655,LOF,0.07140219521796427,0.40947485295165015,0.5191229518303856
25656,LOF,0.08552284188361624,0.07669603960521897,0.8377811185111649
25657,LOF,0.28872927745126215,0.03368087421161663,0.6775898483371213
25658,LOF,0.044384766696451874,0.08552543484966191,0.8700897984538861
25659,LOF,0.31271561923059865,0.05959768762679773,0.6276866931426036
25660,LOF,0.07005506381829472,0.09325886801527489,0.8366860681664303
25661,LOF,0.047355357391881,0.06796739015292849,0.8846772524551906
25662,LOF,0.028106429531953078,0.043848117359518116,0.9280454531085288
25663,LOF,0.03855263879229017,0.06327851039537451,0.8981688508123353
25664,LOF,0.036572043366527,0.07949537516274797,0.8839325814707251
25665,LOF,0.06087907738954372,0.04330389774570282,0.8958170248647533
25666,LOF,0.03316715138855015,0.12821525148021595,0.8386175971312338
25667,LOF,0.031303244647120636,0.05096324543865466,0.9177335099142248
25668,LOF,0.03215004474433288,0.055067331783634675,0.9127826234720324
25669,LOF,0.03895904534982303,0.0832984870405057,0.8777424676096713
25670,LOF,0.07848298880162513,0.0803565603742066,0.8411604508241682
25671,LOF,0.0400993794273299,0.042532526620551625,0.9173680939521184
25672,LOF,0.05951279480997108,0.06473876491005187,0.875748440279977
25673,LOF,0.0385180852271425,0.07254859959166673,0.8889333151811908
25674,LOF,0.034300323175993006,0.07534848913268556,0.8903511876913214
25675,LOF,0.04338033071466746,0.0569250858728568,0.8996945834124758
25676,LOF,0.03368459718282674,0.05527221856425348,0.9110431842529197
25677,LOF,0.062071793802452466,0.06308327844038748,0.8748449277571599
25678,LOF,0.2879312499061676,0.03662618784916588,0.6754425622446666
25679,LOF,0.16425710925840575,0.0738294447736049,0.7619134459679893
25680,LOF,0.05989386908060379,0.0920771604523182,0.848028970467078
25681,LOF,0.11255689651092231,0.08569857650011761,0.8017445269889601
25682,LOF,0.04283810065971322,0.07312464474618606,0.8840372545941007
25683,LOF,0.07970866448788456,0.10302965329955703,0.8172616822125583
25684,LOF,0.06136808646535165,0.07440918229769378,0.8642227312369547
25685,LOF,0.09186325911864596,0.054951420246741524,0.8531853206346126
25686,LOF,0.030107845432261044,0.09487044310272823,0.8750217114650108
25687,LOF,0.05286833115951372,0.07210048027496832,0.8750311885655181
25688,LOF,0.025915958522550128,0.08785743452224358,0.8862266069552062
25689,LOF,0.02036207148121698,0.07375428312067922,0.9058836453981038
25690,LOF,0.020689391241062876,0.08608491689403883,0.8932256918648983
25691,LOF,0.18005762870888414,0.12834120056946552,0.6916011707216504
25692,LOF,0.2813821416558751,0.01258344825738269,0.7060344100867423
25693,LOF,0.0745579447972723,0.14507819842647499,0.7803638567762526
25694,LOF,0.2564821559662761,0.012571843361237778,0.730946000672486
25695,LOF,0.16453128486872692,0.017887237615446534,0.8175814775158264
25696,LOF,0.18202431308147765,0.009685037880811076,0.8082906490377113
25697,LOF,0.1364480621032105,0.02306420483945888,0.8404877330573306
25698,LOF,0.04144590406711631,0.40505173184865734,0.5535023640842263
25699,LOF,0.07172276650080889,0.0629524926472186,0.8653247408519725
25700,LOF,0.031639506822931776,0.009576086330629485,0.9587844068464386
25701,LOF,0.014502310889216457,0.07127882933761621,0.9142188597731673
25702,GOF,0.031634634132349106,0.7311980192356947,0.23716734663195613
25703,LOF,0.019354685457033716,0.1899162284424154,0.7907290861005508
25704,LOF,0.09082514427345595,0.14572707425686868,0.7634477814696754
25705,LOF,0.06558119823264674,0.22974167502988344,0.7046771267374697
25706,GOF,0.056478403816782555,0.6580446650790813,0.2854769311041361
25707,GOF,0.03278762032078611,0.548692066150167,0.41852031352904684
25708,LOF,0.008544138529764081,0.4824215090878636,0.5090343523823723
25709,LOF,0.018780017253123348,0.06514481425618598,0.9160751684906908
25710,LOF,0.009287620843267588,0.1862574464193139,0.8044549327374185
25711,LOF,0.020872092285444257,0.12890674336395372,0.850221164350602
25712,LOF,0.01016368271178563,0.22242543976336882,0.7674108775248456
25713,LOF,0.019005901019435986,0.10150740694770853,0.8794866920328555
25714,LOF,0.020161683460070634,0.14571801388277128,0.834120302657158
25715,LOF,0.02017373039361083,0.11645316373060233,0.8633731058757869
25716,LOF,0.011768765546996905,0.15021239520706847,0.8380188392459347
25717,LOF,0.0057540268380836925,0.14798459389996252,0.8462613792619538
25718,LOF,0.017661437640955104,0.08759324740222707,0.8947453149568179
25719,LOF,0.0340093984250662,0.09133950799862374,0.8746510935763101
25720,LOF,0.02363834421631296,0.08365303929042357,0.8927086164932635
25721,LOF,0.023578325375642195,0.09732501454108514,0.8790966600832727
25722,LOF,0.017941906639124774,0.12462103770848976,0.8574370556523855
25723,LOF,0.021897743501660186,0.07231274527833559,0.9057895112200043
25724,LOF,0.03126269383059394,0.11381259528608008,0.854924710883326
25725,LOF,0.022397482895605204,0.06758160389710745,0.9100209132072873
25726,LOF,0.01649614334942613,0.09630651968859374,0.8871973369619802
25727,LOF,0.019658247314489518,0.08572535969965227,0.8946163929858583
25728,LOF,0.018339894908375752,0.10331492866073087,0.8783451764308935
25729,LOF,0.0186145166987758,0.1033477019719874,0.8780377813292368
25730,LOF,0.01953901342499771,0.08312953761388493,0.8973314489611173
25731,LOF,0.010545870093443295,0.18319573780508983,0.8062583921014669
25732,LOF,0.019830343723699722,0.0903620751263084,0.8898075811499918
25733,LOF,0.03227012046348941,0.08586892386972944,0.8818609556667812
25734,LOF,0.0070230215197371925,0.22539236989247355,0.7675846085877892
25735,LOF,0.023131481244111757,0.0758898373723944,0.9009786813834938
25736,LOF,0.021767210470087,0.1196244169387143,0.8586083725911987
25737,LOF,0.040139116602493044,0.09684004670867777,0.8630208366888291
25738,LOF,0.01921847124928404,0.1542734515900519,0.826508077160664
25739,LOF,0.02225976670660852,0.14365482725887138,0.8340854060345202
25740,LOF,0.05218318179936006,0.1410143708330217,0.8068024473676183
25741,LOF,0.028537308243863958,0.11230529287464397,0.8591573988814921
25742,LOF,0.04138550284992392,0.13414622207831686,0.8244682750717591
25743,LOF,0.012457514842568095,0.041883661288900344,0.9456588238685316
25744,LOF,0.1642986003691365,0.40371773931293353,0.43198366031793
25745,LOF,0.024293427136532757,0.06762360507744954,0.9080829677860177
25746,LOF,0.01305925534670835,0.08945994993975434,0.8974807947135373
25747,LOF,0.03528494209444286,0.0339471137944056,0.9307679441111516
25748,LOF,0.2925956926191168,0.05861253559648192,0.6487917717844013
25749,LOF,0.014696883241732808,0.05633754447633227,0.9289655722819349
25750,LOF,0.01564453035936263,0.0883549328160324,0.896000536824605
25751,LOF,0.03955149817443215,0.06569524959444578,0.894753252231122
25752,GOF,0.09335841067209613,0.6453455853913274,0.2612960039365764
25753,LOF,0.006750053987238525,0.3790021736812853,0.6142477723314761
25754,GOF,0.005182403940542822,0.8509713591596537,0.14384623689980336
25755,LOF,0.008916527076739093,0.4483424724322025,0.5427410004910584
25756,LOF,0.04558877060485149,0.45590187745284333,0.49850935194230517
25757,GOF,0.006314153849823647,0.8763490978848816,0.11733674826529472
25758,GOF,0.008748150856814633,0.8745982050280645,0.11665364411512091
25759,GOF,0.004564277993732478,0.5932822034407405,0.402153518565527
25760,LOF,0.006704131155400654,0.3066401902767062,0.6866556785678932
25761,GOF,0.04343748934522457,0.8545980053377072,0.10196450531706829
25762,LOF,0.028024111587956976,0.384748878554897,0.587227009857146
25763,LOF,0.0076858939755354485,0.25082726548518863,0.741486840539276
25764,GOF,0.06453063213698354,0.5959056519855732,0.3395637158774433
25765,GOF,0.007876534787104483,0.8390878783913963,0.1530355868214991
25766,GOF,0.0484386460509695,0.8163199668671076,0.13524138708192288
25767,GOF,0.012987219863872246,0.5394341782645912,0.4475786018715366
25768,LOF,0.036065015463586286,0.07211276388095207,0.8918222206554617
25769,LOF,0.022194102012409466,0.08703366730255153,0.8907722306850391
25770,LOF,0.14162043467469296,0.0790178631229507,0.7793617022023563
25771,LOF,0.012365180213455616,0.08399211051850287,0.9036427092680415
25772,LOF,0.023697402762501228,0.030864021277868768,0.9454385759596301
25773,LOF,0.013542435248637975,0.08328419468656317,0.9031733700647987
25774,LOF,0.028489406522360677,0.09964639769281047,0.8718641957848289
25775,LOF,0.01906855402530114,0.044445055633380456,0.9364863903413183
25776,LOF,0.024630372958597293,0.02789573568926056,0.9474738913521421
25777,LOF,0.2166592046495406,0.07544849388776341,0.707892301462696
25778,LOF,0.019932444958181722,0.05888155957550702,0.9211859954663112
25779,GOF,0.0454514379887678,0.8945031078454513,0.060045454165780984
25780,GOF,0.07515753674675268,0.8810130594041142,0.04382940384913299
25781,GOF,0.024491190357782116,0.8912194512146132,0.08428935842760456
25782,GOF,0.029934349847055924,0.9128671200359161,0.057198530117027954
25783,GOF,0.017465169527603408,0.7889089029689931,0.19362592750340366
25784,GOF,0.11771983678367863,0.8540091660760912,0.02827099714023002
25785,GOF,0.06581173319104487,0.8942403098599274,0.03994795694902776
25786,GOF,0.006034343029752778,0.8372612315482979,0.15670442542194932
25787,GOF,0.16958892173373746,0.7986021888102482,0.03180888945601435
25788,LOF,0.016366045819631293,0.2055651759326776,0.778068778247691
25789,GOF,0.020387546187186686,0.879506183548638,0.1001062702641754
25790,GOF,0.020958614318408984,0.8864359678619962,0.09260541781959482
25791,GOF,0.015213161281979437,0.8440833527242034,0.14070348599381727
25792,GOF,0.024653491495999522,0.8567156818622635,0.11863082664173687
25793,GOF,0.08441037660616958,0.8338797494105519,0.08170987398327853
25794,GOF,0.05993884699507062,0.783942433498165,0.1561187195067644
25795,GOF,0.06863797923177885,0.7937651091118078,0.1375969116564134
25796,GOF,0.08071624065149526,0.8254088796603994,0.09387487968810526
25797,GOF,0.038112953869858114,0.7194424286687351,0.24244461746140664
25798,GOF,0.003306006157093078,0.6706915271758233,0.3260024666670837
25799,GOF,0.0030459462588547288,0.5698269516008178,0.42712710214032756
25800,GOF,0.014285030838278298,0.7825125832148814,0.20320238594684029
25801,GOF,0.01946864038464156,0.8884652915768344,0.09206606803852395
25802,GOF,0.021525145468314067,0.8358496655988419,0.1426251889328441
25803,GOF,0.011415534488730249,0.7394237291673325,0.2491607363439374
25804,GOF,0.01368114080597077,0.6575980488360936,0.3287208103579357
25805,GOF,0.0215068135557096,0.7437275501869232,0.23476563625736718
25806,GOF,0.01766789951615953,0.7947812180861279,0.18755088239771253
25807,GOF,0.004993179369247651,0.7735820994313389,0.2214247211994135
25808,GOF,0.014590350304740715,0.7762149504061304,0.2091946992891288
25809,GOF,0.007040632714096625,0.7531852784860562,0.23977408879984707
25810,GOF,0.005996927653847574,0.7547919123827401,0.23921115996341227
25811,GOF,0.05444557035588867,0.8857534098051164,0.05980101983899507
25812,GOF,0.01908060234725169,0.7744985220944405,0.2064208755583079
25813,GOF,0.09230113785354847,0.8164808415035426,0.09121802064290892
25814,GOF,0.02670483570428148,0.8070930346135187,0.16620212968219983
25815,GOF,0.05992122675699404,0.8414760978803952,0.09860267536261075
25816,GOF,0.006484772650035599,0.8672752324768249,0.12623999487313944
25817,GOF,0.08861319655651774,0.8179959398242802,0.09339086361920212
25818,GOF,0.024194460074724335,0.8305854099492141,0.14522012997606157
25819,GOF,0.06355085149406661,0.7732801656162049,0.16316898288972845
25820,GOF,0.03110665274081502,0.7822872744734518,0.1866060727857331
25821,GOF,0.020480358077438466,0.7834632931184058,0.19605634880415573
25822,GOF,0.04537143198107882,0.7879134597869035,0.16671510823201763
25823,GOF,0.016677546867936315,0.696909244491278,0.28641320864078557
25824,GOF,0.02855278301132942,0.7857108241576791,0.18573639283099147
25825,GOF,0.016791340533501103,0.7828277580004092,0.20038090146608972
25826,GOF,0.005457515202242642,0.7423627377128769,0.2521797470848805
25827,GOF,0.007134068979478284,0.7139612236940395,0.2789047073264823
25828,GOF,0.0063011103080903635,0.697837355080992,0.2958615346109175
25829,GOF,0.00313769149461503,0.728870916548117,0.26799139195726795
25830,GOF,0.03846966098009666,0.5382320447315226,0.4232982942883806
25831,GOF,0.0872926401951531,0.8104536902697446,0.10225366953510241
25832,GOF,0.010018542260202514,0.8216896034567828,0.1682918542830146
25833,GOF,0.03912604049980673,0.8543909704893093,0.10648298901088402
25834,GOF,0.010316291995689342,0.8292362928075466,0.16044741519676392
25835,GOF,0.022766950934459063,0.8740824526805514,0.10315059638498968
25836,GOF,0.008129429586228119,0.8444691291221408,0.14740144129163113
25837,GOF,0.007349909533961897,0.7539043081425251,0.2387457823235131
25838,GOF,0.026467618588053625,0.8759173332074488,0.0976150482044977
25839,GOF,0.04237092770334554,0.8673694785674011,0.09025959372925334
25840,GOF,0.074127818505261,0.8472960039599123,0.07857617753482665
25841,GOF,0.06969840834632003,0.8610748789754754,0.0692267126782047
25842,GOF,0.02479600333151069,0.8988930722469091,0.0763109244215801
25843,GOF,0.028307657234269177,0.9024162410145898,0.06927610175114082
25844,GOF,0.01611896479447216,0.8560224486819206,0.12785858652360738
25845,GOF,0.005680093668797534,0.6895052667236967,0.3048146396075057
25846,GOF,0.08051720983635374,0.8504338806377116,0.06904890952593455
25847,GOF,0.015625904483895392,0.9186442562781469,0.06572983923795782
25848,GOF,0.01802936435816476,0.8774489878492862,0.10452164779254917
25849,GOF,0.005371881572113205,0.7854111585211955,0.20921695990669142
25850,GOF,0.006897810944797381,0.7957898347110001,0.19731235434420247
25851,GOF,0.00606712653435255,0.6858541861191833,0.3080786873464643
25852,GOF,0.14198253142972683,0.5872455070225878,0.27077196154768535
25853,GOF,0.07944337920261137,0.8384155012078689,0.08214111958951963
25854,GOF,0.005701924370329899,0.7159214782477752,0.27837659738189496
25855,GOF,0.01674506307251778,0.6719160756851088,0.31133886124237337
25856,GOF,0.03411304153288444,0.8052903642898084,0.16059659417730723
25857,GOF,0.01825443403402208,0.6799249509759484,0.3018206149900295
25858,GOF,0.009633269904630168,0.678617529779983,0.3117492003153868
25859,GOF,0.005820698001108689,0.6640603153944389,0.33011898660445244
25860,GOF,0.10131555203907652,0.8207094540870055,0.07797499387391792
25861,GOF,0.07769419524087674,0.8445910572059493,0.07771474755317401
25862,GOF,0.019710388972746008,0.8753964491633268,0.10489316186392722
25863,GOF,0.023491184715353493,0.8857614859612196,0.09074732932342697
25864,GOF,0.046178994679363525,0.8878236090377063,0.06599739628293008
25865,GOF,0.03488677314073,0.8633577935448422,0.10175543331442782
25866,GOF,0.026543478641017148,0.8794803180206957,0.09397620333828709
25867,GOF,0.031199933344171874,0.8933453717170349,0.07545469493879331
25868,GOF,0.05373934038621033,0.857527225825143,0.08873343378864668
25869,GOF,0.340445924635711,0.5953889826503594,0.06416509271392949
25870,GOF,0.06895233386693438,0.7068845397740808,0.22416312635898492
25871,GOF,0.010018586015773625,0.9002023443522941,0.08977906963193223
25872,GOF,0.022758090381407775,0.8892822313286275,0.08795967828996464
25873,GOF,0.02255843293525987,0.9066946144634668,0.07074695260127335
25874,LOF,0.01733759283577878,0.23740090570377032,0.7452615014604509
25875,LOF,0.05494384805562788,0.05231687431349534,0.8927392776308768
25876,LOF,0.01583893686616521,0.04276875632282487,0.9413923068110098
25877,LOF,0.12735687076659605,0.09651420953195268,0.7761289197014513
25878,LOF,0.07162393166760432,0.12819951979602748,0.8001765485363682
25879,LOF,0.029064677557961945,0.0991249806562084,0.8718103417858297
25880,LOF,0.055264877306027915,0.013505133492853644,0.9312299892011184
25881,Neutral,0.5181442543946448,0.06653780468593683,0.41531794091941837
25882,LOF,0.09802279965266665,0.0259955390520717,0.8759816612952617
25883,LOF,0.029455762862814795,0.027292072693531177,0.9432521644436539
25884,LOF,0.024899688565832967,0.05039329037930587,0.9247070210548611
25885,LOF,0.23023841589258734,0.011764785267432546,0.7579967988399801
25886,LOF,0.29182425611534824,0.052737959134187815,0.655437784750464
25887,LOF,0.1857194477866544,0.07356566481751,0.7407148873958357
25888,LOF,0.013583658396802445,0.14252720525546836,0.8438891363477292
25889,LOF,0.02902002727773013,0.03620220549028787,0.9347777672319821
25890,LOF,0.14249722493714886,0.10732265054696245,0.7501801245158887
25891,LOF,0.0983935368153246,0.02590890660192621,0.8756975565827493
25892,LOF,0.008381262337034128,0.03875087994575029,0.9528678577172156
25893,LOF,0.40799495240389044,0.010895792615491333,0.5811092549806182
25894,LOF,0.4295189686567378,0.00608514283584265,0.5643958885074195
25895,LOF,0.3328862826420671,0.014529544343186939,0.652584173014746
25896,LOF,0.06647870541442759,0.022075954551327555,0.9114453400342448
25897,LOF,0.19718587614616814,0.008768192482006526,0.7940459313718254
25898,LOF,0.18806370492909782,0.033367698835728724,0.7785685962351734
25899,LOF,0.4374287465297581,0.02066156160429786,0.5419096918659441
25900,LOF,0.4560294833981904,0.00935905546618742,0.5346114611356222
25901,LOF,0.05934611474448249,0.010118655424778225,0.9305352298307393
25902,LOF,0.18039070009513203,0.010241881221242167,0.8093674186836257
25903,LOF,0.37196486891680136,0.02592496454375513,0.6021101665394435
25904,Neutral,0.49344566946446616,0.03340415686299775,0.4731501736725362
25905,LOF,0.005292614499191036,0.4482061224351529,0.5465012630656562
25906,LOF,0.009145832092272706,0.10189236468703096,0.8889618032206964
25907,LOF,0.004597544851036919,0.3408162903097908,0.6545861648391723
25908,LOF,0.004707898871749852,0.25731308315410534,0.7379790179741448
25909,LOF,0.026198893230391016,0.14771315935918605,0.826087947410423
25910,LOF,0.011407125539575683,0.13171134908659757,0.8568815253738267
25911,LOF,0.31649296539911753,0.04377487519600495,0.6397321594048774
25912,LOF,0.07889173731208171,0.04998478541197782,0.8711234772759405
25913,LOF,0.046878735296125004,0.07078944832630533,0.8823318163775696
25914,LOF,0.03915550934636942,0.03941807255093654,0.9214264181026941
25915,LOF,0.2175570693452131,0.16674497841189218,0.6156979522428948
25916,LOF,0.04017866609866885,0.11020094068316447,0.8496203932181666
25917,LOF,0.07782307720491033,0.03654351083322487,0.8856334119618647
25918,LOF,0.0461526992624064,0.024671976534943667,0.92917532420265
25919,LOF,0.03930152498921526,0.023716891972041427,0.9369815830387433
25920,LOF,0.2556639585677616,0.21709687617924653,0.5272391652529919
25921,LOF,0.015646916396639492,0.04474483544514939,0.9396082481582112
25922,LOF,0.018960044030279864,0.04234343381033276,0.9386965221593874
25923,LOF,0.4432258985263783,0.03780205622009807,0.5189720452535237
25924,LOF,0.02031291268146841,0.06850504784007526,0.9111820394784563
25925,LOF,0.08423447596912385,0.052220731251217976,0.8635447927796581
25926,LOF,0.0658137148113213,0.04672090507717978,0.8874653801114988
25927,LOF,0.024676585700794118,0.08051820239434983,0.8948052119048561
25928,LOF,0.009953392837347622,0.06573190880933057,0.9243146983533218
25929,Neutral,0.5488448790550504,0.03567903605800598,0.41547608488694365
25930,LOF,0.08313392630569973,0.038162457248634304,0.8787036164456661
25931,LOF,0.01327281083851071,0.04376983058104466,0.9429573585804447
25932,LOF,0.06411668549480151,0.0367403335327906,0.8991429809724079
25933,LOF,0.06233970884690221,0.023664446639042658,0.9139958445140552
25934,LOF,0.05876554597977281,0.02218660475918394,0.9190478492610433
25935,LOF,0.07552934862967702,0.062407984953098836,0.8620626664172241
25936,LOF,0.09456469656084365,0.023694347346391018,0.8817409560927654
25937,LOF,0.020840723840988132,0.04675882492184137,0.9324004512371704
25938,LOF,0.07402974853464467,0.05559924568555757,0.8703710057797979
25939,LOF,0.04519023145740825,0.031038923854663676,0.9237708446879281
25940,LOF,0.008158716256139335,0.36920808579487213,0.6226331979489885
25941,Neutral,0.506383601805406,0.052693892378279795,0.4409225058163142
25942,LOF,0.008779348754634318,0.0651108353195452,0.9261098159258205
25943,LOF,0.037764990816256276,0.20375954989804426,0.7584754592856995
25944,LOF,0.059381703563636506,0.09453342874040457,0.8460848676959589
25945,LOF,0.11223514856359179,0.03170424460353209,0.8560606068328761
25946,LOF,0.0745093523099,0.03717019419980719,0.8883204534902929
25947,Neutral,0.45693158161787295,0.11766802958933398,0.425400388792793
25948,LOF,0.41003970216116475,0.01707299495395605,0.5728873028848792
25949,LOF,0.13920285470352192,0.07409070578361272,0.7867064395128652
25950,GOF,0.05579960809647393,0.5824838753928919,0.36171651651063425
25951,LOF,0.011249567199738134,0.4222066828655844,0.5665437499346774
25952,LOF,0.30775058403909755,0.28489053902345013,0.4073588769374523
25953,LOF,0.008038068896414017,0.17984026319078353,0.8121216679128025
25954,GOF,0.09000793468105613,0.4588481607222575,0.4511439045966865
25955,LOF,0.004814234483311454,0.19147062497119427,0.8037151405454943
25956,LOF,0.019850732476686287,0.24068760434921874,0.739461663174095
25957,LOF,0.17129521583080703,0.030602448734641085,0.7981023354345518
25958,LOF,0.03213849400957957,0.06144520943780769,0.9064162965526127
25959,GOF,0.013914260270120896,0.7054402973878315,0.28064544234204747
25960,LOF,0.006179488917729783,0.08985054847265869,0.9039699626096116
25961,LOF,0.030059856525732093,0.052291088994484536,0.9176490544797834
25962,LOF,0.04005126188122892,0.06081127358905835,0.8991374645297127
25963,LOF,0.005309459750414275,0.1728545100579744,0.8218360301916113
25964,LOF,0.025625766003621712,0.12241726751044409,0.8519569664859341
25965,LOF,0.2694100563064591,0.12233581271548696,0.6082541309780539
25966,Neutral,0.4400411122189497,0.13683491745175574,0.42312397032929455
25967,LOF,0.008300306650058448,0.08662289522540569,0.9050767981245358
25968,LOF,0.042250516496977024,0.25381540081241755,0.7039340826906054
25969,LOF,0.1718870993688813,0.05482621273178427,0.7732866878993344
25970,LOF,0.031959104004105766,0.1053312837289567,0.8627096122669375
25971,LOF,0.07963619187857442,0.03488416184952634,0.8854796462718992
25972,LOF,0.06234432274935902,0.05880997377631129,0.8788457034743297
25973,LOF,0.06019184615751847,0.009315291493407863,0.9304928623490737
25974,LOF,0.05703446618854658,0.0434499599284878,0.8995155738829657
25975,LOF,0.04179956264472281,0.018837769233058764,0.9393626681222185
25976,LOF,0.09634364555608867,0.010297361617038404,0.8933589928268729
25977,LOF,0.20379292505110633,0.06884152733191384,0.7273655476169798
25978,LOF,0.18803907088310204,0.11486717162018291,0.697093757496715
25979,LOF,0.15899135745992576,0.12573757426528254,0.7152710682747917
25980,LOF,0.26004141809830167,0.1665682927482949,0.5733902891534034
25981,LOF,0.2624502411947204,0.16967445574643017,0.5678753030588495
25982,Neutral,0.46134839646907355,0.09087607462808901,0.44777552890283734
25983,Neutral,0.45596792642443623,0.10759164066509491,0.43644043291046886
25984,LOF,0.04218635269069567,0.09736897812752,0.8604446691817843
25985,LOF,0.41650321955765773,0.13963662732258705,0.4438601531197553
25986,LOF,0.013513018631119561,0.4029361177538925,0.5835508636149879
25987,LOF,0.04625569909105263,0.10068470881791154,0.8530595920910359
25988,LOF,0.04275866078853788,0.15773971977402484,0.7995016194374372
25989,LOF,0.03989555201136349,0.1999843121781958,0.7601201358104407
25990,LOF,0.04177113778833858,0.3086449748833202,0.6495838873283413
25991,LOF,0.028169905387516903,0.4075135181513908,0.5643165764610922
25992,LOF,0.02535294692859945,0.42325799618424126,0.5513890568871593
25993,LOF,0.025953040919758856,0.07081683688421246,0.9032301221960288
25994,LOF,0.023056216888363658,0.07500931011309118,0.9019344729985452
25995,LOF,0.020065516621053096,0.13341839043735332,0.8465160929415935
25996,LOF,0.3117367389954806,0.3295953033821962,0.3586679576223231
25997,LOF,0.06526265717061033,0.3790497857139346,0.5556875571154549
25998,LOF,0.3087033753818864,0.04869335326989731,0.6426032713482163
25999,LOF,0.026285620312613237,0.17414385191032566,0.7995705277770611
26000,LOF,0.18667084604543258,0.024567139113653293,0.7887620148409141
26001,LOF,0.26618555767979707,0.03433241820452056,0.6994820241156824
26002,LOF,0.1196149992895473,0.03682220831160237,0.8435627923988503
26003,GOF,0.005999226014629769,0.6715897819738882,0.322410992011482
26004,GOF,0.009026190451317062,0.6977964931711497,0.29317731637753325
26005,LOF,0.004248413550414874,0.49044689744512143,0.5053046890044638
26006,GOF,0.12404783161704375,0.5577141866066277,0.3182379817763285
26007,GOF,0.007661872944206742,0.5403079775808819,0.4520301494749114
26008,GOF,0.005260536122194376,0.604514057805353,0.39022540607245265
26009,GOF,0.0073263384052137445,0.6461240670358819,0.3465495945589044
26010,GOF,0.007793673241834129,0.6135111911059621,0.3786951356522037
26011,LOF,0.003427657273084158,0.4367532947489651,0.5598190479779507
26012,GOF,0.0041869778489432696,0.5085539752323684,0.4872590469186882
26013,GOF,0.00998302973344797,0.5775984838323193,0.41241848643423273
26014,LOF,0.061102880027707224,0.10877394613569831,0.8301231738365944
26015,LOF,0.34514041801729795,0.03753797019862122,0.6173216117840808
26016,LOF,0.2984035046282572,0.05554686679130802,0.6460496285804347
26017,LOF,0.016717730245186937,0.24322192647393284,0.7400603432808803
26018,LOF,0.024397034242513133,0.08229010402371245,0.8933128617337744
26019,LOF,0.02429493439156711,0.06980472778876787,0.9059003378196651
26020,LOF,0.009771603283425244,0.23054862193262043,0.7596797747839542
26021,LOF,0.0881698059953273,0.10588610477454617,0.8059440892301264
26022,LOF,0.035986278071273414,0.04378329491870312,0.9202304270100233
26023,LOF,0.02412623583468816,0.05291732233067888,0.922956441834633
26024,LOF,0.05478231801686522,0.08445042689759703,0.8607672550855378
26025,LOF,0.06441177456582318,0.1013157303427148,0.8342724950914621
26026,LOF,0.08997299042896303,0.08225960153680617,0.8277674080342308
26027,LOF,0.023622277090162267,0.03665007745450763,0.93972764545533
26028,LOF,0.11618436821975878,0.1504149641703215,0.7334006676099197
26029,LOF,0.01935083359294103,0.21529262926536066,0.7653565371416984
26030,LOF,0.15791200854446,0.025587219745128804,0.8165007717104111
26031,LOF,0.009141466658827301,0.17041952113538503,0.8204390122057876
26032,LOF,0.04802647943476048,0.05864592092799715,0.8933275996372424
26033,LOF,0.06644341117730174,0.052166498639586424,0.8813900901831119
26034,LOF,0.010941762938111756,0.17048203485345678,0.8185762022084314
26035,LOF,0.011937569877132771,0.1154915818219438,0.8725708483009235
26036,LOF,0.011746171203033031,0.13076944760315873,0.8574843811938083
26037,LOF,0.009387008721487433,0.1112437370756035,0.879369254202909
26038,LOF,0.04000406056877953,0.05118760918949373,0.9088083302417267
26039,LOF,0.021233278379989045,0.15120274746172063,0.8275639741582903
26040,LOF,0.10899681700729695,0.12344447527996459,0.7675587077127384
26041,LOF,0.012280186303518922,0.09452371179453366,0.8931961019019473
26042,LOF,0.011079992132397553,0.10756616431716338,0.881353843550439
26043,LOF,0.038757600833268846,0.07457601233411372,0.8866663868326174
26044,LOF,0.011674500652118787,0.05738194532189129,0.9309435540259899
26045,LOF,0.07709223140611667,0.10830364152664373,0.8146041270672395
26046,LOF,0.03323568441091197,0.055661711511970524,0.9111026040771174
26047,LOF,0.05825567808838428,0.0551009992716143,0.8866433226400013
26048,LOF,0.0620650977551185,0.030554484654850236,0.9073804175900312
26049,Neutral,0.9465090428879569,0.008268967674548294,0.045221989437494815
26050,Neutral,0.9238165286872386,0.009002400872388116,0.06718107044037347
26051,LOF,0.018003767550755223,0.0990519575153568,0.8829442749338879
26052,LOF,0.03211948339724394,0.11487296261682703,0.853007553985929
26053,LOF,0.026947982537941142,0.1757114288462823,0.7973405886157766
26054,LOF,0.04893150300982874,0.0311476628203438,0.9199208341698274
26055,LOF,0.06440268751471408,0.028407784012775723,0.9071895284725102
26056,LOF,0.05418477243747454,0.03663120332582902,0.9091840242366964
26057,LOF,0.05608430503341924,0.017366362532574026,0.9265493324340067
26058,LOF,0.059995931613611594,0.013894850771993983,0.9261092176143944
26059,LOF,0.1766221674801449,0.03655658807135526,0.7868212444484998
26060,LOF,0.015744824727307566,0.18462091109887044,0.799634264173822
26061,LOF,0.011286981900750084,0.010729055013370355,0.9779839630858795
26062,LOF,0.006184486017099863,0.01886816582662595,0.9749473481562743
26063,LOF,0.03768338241199667,0.012902757972211847,0.9494138596157914
26064,LOF,0.010090429758765743,0.03214480391450677,0.9577647663267275
26065,LOF,0.04610671178962974,0.014585464885173656,0.9393078233251966
26066,LOF,0.04395236451330062,0.012569618781069231,0.9434780167056303
26067,LOF,0.053614296677569555,0.011968022295696283,0.9344176810267343
26068,LOF,0.05652469646214833,0.05224243385594245,0.8912328696819093
26069,LOF,0.17036489034439217,0.03470442232333167,0.7949306873322762
26070,LOF,0.34508821103325166,0.028135883568416203,0.6267759053983322
26071,LOF,0.043565790140424186,0.013265212529098343,0.9431689973304773
26072,LOF,0.010389368638549902,0.020000056259300417,0.9696105751021498
26073,LOF,0.03861888857099924,0.014176938835311174,0.9472041725936895
26074,Neutral,0.9166497177115895,0.010216811743293456,0.0731334705451171
26075,LOF,0.05972231303906279,0.023750277472320915,0.9165274094886163
26076,LOF,0.05201278829460603,0.014478629303898696,0.9335085824014954
26077,LOF,0.1444251325994974,0.00757592962644192,0.8479989377740607
26078,LOF,0.007957699540886045,0.016871842581338503,0.9751704578777753
26079,LOF,0.06809795275569767,0.023618367627615648,0.9082836796166867
26080,LOF,0.06682387540354467,0.023677224892167278,0.909498899704288
26081,LOF,0.033622932633158145,0.010693745940717722,0.9556833214261241
26082,LOF,0.007010684579842882,0.01767287935330019,0.9753164360668568
26083,LOF,0.11143636797215356,0.024855581254481066,0.8637080507733654
26084,LOF,0.10684880284510026,0.016819813224519937,0.8763313839303798
26085,LOF,0.09783479793758315,0.014324564730679138,0.8878406373317377
26086,LOF,0.038203237581674473,0.014345265124594206,0.9474514972937315
26087,LOF,0.03957477943340331,0.01146535030852009,0.9489598702580766
26088,LOF,0.007635744395193089,0.02174700238200885,0.9706172532227981
26089,LOF,0.04540814581330113,0.039155639508627674,0.9154362146780713
26090,LOF,0.045887529178758636,0.029434042830418644,0.9246784279908228
26091,LOF,0.03111543055605866,0.008742644485238383,0.9601419249587029
26092,LOF,0.04130694034347285,0.009691572356837944,0.9490014872996893
26093,LOF,0.07894366918282104,0.006718788610955941,0.914337542206223
26094,LOF,0.03590106619803062,0.008204682019470822,0.9558942517824985
26095,LOF,0.04053921001076738,0.01894887361374753,0.940511916375485
26096,LOF,0.18794621134546458,0.005590606337497591,0.8064631823170378
26097,LOF,0.0076091209698383325,0.03324498341102216,0.9591458956191394
26098,LOF,0.07428260107677229,0.019640368133037756,0.9060770307901899
26099,LOF,0.045148525564433266,0.02038285473185056,0.9344686197037162
26100,LOF,0.045148525564433266,0.02038285473185056,0.9344686197037162
26101,LOF,0.057323567277421154,0.03403959600046611,0.9086368367221127
26102,LOF,0.03522946489474145,0.0194086934475981,0.9453618416576606
26103,Neutral,0.8899977996494302,0.03069454366499062,0.07930765668557908
26104,LOF,0.06182072230483446,0.04592851068618069,0.8922507670089848
26105,LOF,0.2606721000075273,0.12175644646697532,0.6175714535254974
26106,LOF,0.3403562630449135,0.07305972518959503,0.5865840117654915
26107,LOF,0.02463531878962273,0.07960637404840627,0.8957583071619711
26108,LOF,0.26815324267867136,0.036087713121230505,0.6957590442000982
26109,LOF,0.08644510815202489,0.03848280195805563,0.8750720898899195
26110,LOF,0.45061520692276785,0.01000966097808181,0.5393751320991502
26111,LOF,0.053042155250637504,0.15658543771429934,0.7903724070350633
26112,LOF,0.0505898651058313,0.010103976368476805,0.939306158525692
26113,LOF,0.09979695971375736,0.026007674710476818,0.8741953655757658
26114,LOF,0.0848488998484794,0.009810887805659592,0.9053402123458609
26115,LOF,0.016668313343260275,0.05428412845969351,0.9290475581970462
26116,LOF,0.06959311700498443,0.02399952987360897,0.9064073531214065
26117,LOF,0.3515075285314753,0.04799454581363767,0.600497925654887
26118,LOF,0.04757235995715636,0.019949055309488165,0.9324785847333554
26119,LOF,0.006541132551554937,0.037273596639409844,0.9561852708090353
26120,LOF,0.034013398382928564,0.020150580887751002,0.9458360207293204
26121,LOF,0.0036164216902624053,0.14189335213362944,0.854490226176108
