feature0,prediction,LoGoFunc_Neutral,LoGoFunc_GOF,LoGoFunc_LOF
25546,Neutral,0.6827833644985436,0.0619125042018679,0.2553041312995886
25547,Neutral,0.5537978668082085,0.13447927370538582,0.3117228594864057
25548,Neutral,0.5103133442326021,0.10590265902996683,0.383783996737431
25549,Neutral,0.47842658330267046,0.10865580237723498,0.41291761432009444
25550,LOF,0.3892770088122353,0.20300203801721053,0.4077209531705541
25551,LOF,0.3314786180394494,0.18805812716120668,0.480463254799344
25552,LOF,0.187995192301982,0.1843393367883685,0.6276654709096494
25553,Neutral,0.8207848186024324,0.04361358762797043,0.1356015937695973
25554,LOF,0.22532602677765043,0.17591585949497682,0.5987581137273728
25555,LOF,0.18174584875856659,0.15612469025281553,0.6621294609886179
25556,Neutral,0.5156522841352851,0.11115098229518572,0.37319673356952926
25557,LOF,0.16953607495374357,0.16525767998254995,0.6652062450637064
25558,LOF,0.21497971679261768,0.1962975033568039,0.5887227798505784
25559,Neutral,0.4862892861174027,0.027435621438186026,0.4862750924444113
25560,LOF,0.040542847169806336,0.22155279848570106,0.7379043543444925
25561,LOF,0.09996636905154614,0.29033097278257947,0.6097026581658743
25562,LOF,0.13485341699001924,0.06869143899694527,0.7964551440130354
25563,LOF,0.11870198132552962,0.11191644848690041,0.76938157018757
25564,LOF,0.08241307113291439,0.12624105865892918,0.7913458702081565
25565,LOF,0.14593235594061782,0.20974730965664914,0.644320334402733
25566,GOF,0.017506915870255636,0.720014224678987,0.2624788594507574
25567,LOF,0.009804186160229763,0.17373142197411412,0.8164643918656562
25568,LOF,0.039367449532506024,0.0599033072911878,0.9007292431763063
25569,LOF,0.056321347790841234,0.060402958160881585,0.8832756940482772
25570,LOF,0.041314556477580075,0.07815068404379971,0.8805347594786203
25571,LOF,0.04587149625834249,0.07477188835168279,0.8793566153899748
25572,LOF,0.044804650524073474,0.08464295227115505,0.8705523972047715
25573,LOF,0.025628156957788573,0.07219201011412443,0.9021798329280869
25574,LOF,0.013274611636114816,0.20868162694738487,0.7780437614165002
25575,LOF,0.040374890932932325,0.061421886216830264,0.8982032228502375
25576,LOF,0.014113498618436828,0.07021941269323363,0.9156670886883295
25577,LOF,0.009850468878975149,0.06441249973991292,0.925737031381112
25578,LOF,0.2542135668389287,0.07152851036833607,0.6742579227927353
25579,LOF,0.25547888430825816,0.07018150914522577,0.6743396065465161
25580,LOF,0.024115530189056374,0.05838925495629369,0.9174952148546499
25581,LOF,0.04343811301936675,0.06982394197369154,0.8867379450069417
25582,LOF,0.04279212600036786,0.06234955915800976,0.8948583148416225
25583,LOF,0.02521946318962416,0.06090381769080937,0.9138767191195664
25584,Neutral,0.4852896713348962,0.0959336794633327,0.4187766492017711
25585,LOF,0.020691910552161616,0.081172723859124,0.8981353655887143
25586,LOF,0.025032455098796924,0.05190744127119284,0.9230601036300102
25587,LOF,0.021916183966192118,0.044597363300605875,0.933486452733202
25588,LOF,0.020561105182187917,0.059626816681923975,0.9198120781358882
25589,Neutral,0.627407735753103,0.12127891623024228,0.2513133480166548
25590,LOF,0.020100913674691863,0.10935694854913307,0.8705421377761751
25591,LOF,0.10193776204581201,0.0448979465160036,0.8531642914381844
25592,LOF,0.07168318377131866,0.09161541149917239,0.8367014047295088
25593,GOF,0.01044309505722507,0.49545428669094294,0.49410261825183205
25594,LOF,0.03479462029502568,0.10050949883188838,0.864695880873086
25595,LOF,0.06275551637603344,0.06616574725742119,0.8710787363665453
25596,LOF,0.09821974153572038,0.04347466296498077,0.8583055954992989
25597,LOF,0.0804466390725975,0.018032210326015298,0.9015211506013872
25598,LOF,0.04879511701504023,0.10484069565697925,0.8463641873279805
25599,GOF,0.007951126354042016,0.5188316734071754,0.47321720023878266
25600,LOF,0.009836536751086252,0.44342342548677915,0.5467400377621346
25601,LOF,0.00792440390553678,0.22759067326859064,0.7644849228258727
25602,LOF,0.02013076580475762,0.0607338545790492,0.9191353796161932
25603,LOF,0.03880951675486976,0.07339227448543312,0.8877982087596973
25604,LOF,0.03767742450119854,0.08923810284864331,0.8730844726501582
25605,LOF,0.011364334077211097,0.2610579335505973,0.7275777323721915
25606,GOF,0.057488181523396124,0.5878838249807209,0.354627993495883
25607,LOF,0.0033959748797734515,0.13349740165950177,0.8631066234607248
25608,LOF,0.05679740851659597,0.03521019289140212,0.907992398592002
25609,LOF,0.08313343120359731,0.2530007064494241,0.6638658623469786
25610,LOF,0.044279171926656764,0.01926708974938577,0.9364537383239575
25611,LOF,0.058817429880689547,0.012134201874071182,0.9290483682452393
25612,LOF,0.11602240849013881,0.03134380314498954,0.8526337883648716
25613,LOF,0.09706023922862782,0.029737038116064204,0.8732027226553081
25614,LOF,0.042752405169272464,0.030446987532486754,0.9268006072982409
25615,LOF,0.08353482443978182,0.0358974789561804,0.8805676966040378
25616,LOF,0.033487104940278435,0.03909712588527136,0.9274157691744502
25617,LOF,0.05150497027272937,0.02284428335707416,0.9256507463701965
25618,LOF,0.2426562507209454,0.0334906264912432,0.7238531227878113
25619,LOF,0.0425679911350345,0.030894173235598458,0.9265378356293671
25620,LOF,0.03731366188493531,0.04617636789315172,0.9165099702219129
25621,LOF,0.04099456196861132,0.02668252104593976,0.932322916985449
25622,LOF,0.029270520725626446,0.05377806922096367,0.9169514100534099
25623,LOF,0.04922615595590703,0.04060481594380356,0.9101690281002894
25624,LOF,0.03637320240185838,0.03980896611837106,0.9238178314797705
25625,LOF,0.049190845366470025,0.04296829102868318,0.9078408636048468
25626,LOF,0.07609589469877051,0.028692685921809912,0.8952114193794196
25627,Neutral,0.5385125007169674,0.13038832818277662,0.331099171100256
25628,LOF,0.18439282840354235,0.06671065095266657,0.7488965206437911
25629,LOF,0.05092691626192679,0.1005759097126139,0.8484971740254593
25630,LOF,0.1969577356661611,0.09622642440979196,0.706815839924047
25631,Neutral,0.6115150477961753,0.08311937605005752,0.3053655761537673
25632,LOF,0.016589586091386697,0.18140117628542182,0.8020092376231915
25633,LOF,0.21533500661675276,0.2873488327573831,0.4973161606258642
25634,LOF,0.0346390564671739,0.24567197986333653,0.7196889636694895
25635,LOF,0.039504024984357705,0.17109535106182308,0.7894006239538192
25636,GOF,0.005439316868842765,0.6188474459338689,0.3757132371972884
25637,LOF,0.0045689945877048325,0.3965115843583719,0.5989194210539234
25638,LOF,0.0056513917716680215,0.4248121648886362,0.5695364433396958
25639,LOF,0.0045397193087476735,0.33287840003085345,0.6625818806603989
25640,GOF,0.2970389238595794,0.6449247555376174,0.058036320602803136
25641,LOF,0.006950178946787901,0.18462895967286014,0.8084208613803519
25642,LOF,0.21857238420241187,0.06754788429419774,0.7138797315033903
25643,LOF,0.2530304962820382,0.06984996340615839,0.6771195403118033
25644,GOF,0.010649601356632152,0.5423371554223093,0.4470132432210585
25645,GOF,0.008272871909215865,0.6067520831986057,0.3849750448921784
25646,LOF,0.009338514998441181,0.36466957119089577,0.6259919138106631
25647,LOF,0.009222289911158948,0.30168028937306374,0.6890974207157773
25648,LOF,0.006220910570915717,0.37140731659208326,0.6223717728370011
25649,LOF,0.007209800012583746,0.19415399646591655,0.7986362035214997
25650,GOF,0.02099190094869431,0.5368420535362356,0.44216604551507
25651,LOF,0.00649104947622836,0.2259455023782608,0.7675634481455108
25652,LOF,0.01091492134803418,0.3634710398925382,0.6256140387594277
25653,GOF,0.04421339817601301,0.49506826443809715,0.46071833738588974
25654,LOF,0.00757311426240523,0.38294018181597855,0.6094867039216162
25655,GOF,0.07073347681797823,0.5177491517108456,0.41151737147117623
25656,LOF,0.08710325524944551,0.04555244734818403,0.8673442974023704
25657,LOF,0.2661419867866239,0.02506594691051518,0.7087920663028608
25658,LOF,0.03332001317911348,0.07962831994666539,0.8870516668742212
25659,LOF,0.2547617053459147,0.07146292724238629,0.6737753674116991
25660,LOF,0.10550629752612423,0.06542709432145341,0.8290666081524224
25661,LOF,0.06372177941428366,0.06078296049673343,0.875495260088983
25662,LOF,0.04101169246079205,0.05783053382120795,0.901157773718
25663,LOF,0.04103206078072042,0.10497478839673896,0.8539931508225407
25664,LOF,0.026424920084123487,0.21586781377840095,0.7577072661374755
25665,LOF,0.042848988218957114,0.061432271721943175,0.8957187400590997
25666,LOF,0.03668778770822727,0.1999308933068285,0.7633813189849442
25667,LOF,0.04133049703648915,0.033133764872857394,0.9255357380906535
25668,LOF,0.04614321799983356,0.04759455151556651,0.9062622304845999
25669,LOF,0.034814579698962185,0.08199553845345928,0.8831898818475785
25670,LOF,0.07026703842384208,0.09644146245718845,0.8332914991189695
25671,LOF,0.05145863396583814,0.041753643629896676,0.9067877224042653
25672,LOF,0.046842361635584445,0.06115596929822819,0.8920016690661875
25673,LOF,0.035050162965810434,0.07390867209920546,0.8910411649349842
25674,LOF,0.02457929322707418,0.09648327398310165,0.8789374327898242
25675,LOF,0.03132004438839178,0.04865536473082586,0.9200245908807823
25676,LOF,0.038250809521070905,0.05751053980502255,0.9042386506739066
25677,LOF,0.07402520222051535,0.04660710970745489,0.8793676880720297
25678,LOF,0.1812116928294745,0.04526636617044516,0.7735219410000803
25679,LOF,0.10527906601365296,0.0686966746538475,0.8260242593324996
25680,LOF,0.10798728900637318,0.07883428214625593,0.8131784288473709
25681,LOF,0.1147455857189475,0.07606776857994627,0.8091866457011062
25682,LOF,0.04472469830463366,0.0409763644903011,0.9142989372050653
25683,LOF,0.0750193259779598,0.0789030501589494,0.8460776238630908
25684,LOF,0.06281933435837733,0.05152850878899479,0.8856521568526279
25685,LOF,0.11692888872304452,0.05250401742885572,0.8305670938480997
25686,LOF,0.026401965070888683,0.10853681491560205,0.8650612200135093
25687,LOF,0.04172358697878517,0.12131558417701599,0.8369608288441989
25688,LOF,0.021854996750241724,0.11362985462673639,0.8645151486230218
25689,LOF,0.01348322309499508,0.06604854126674194,0.9204682356382631
25690,LOF,0.018991479043431566,0.07376101864446888,0.9072475023120996
25691,LOF,0.129065452232029,0.11731367094224357,0.7536208768257274
25692,LOF,0.297838595577527,0.012953375417308517,0.6892080290051644
25693,LOF,0.02825060257481917,0.4444891520803367,0.5272602453448442
25694,LOF,0.24087073187922584,0.011894091497628642,0.7472351766231455
25695,LOF,0.1924602778086083,0.017508214675365456,0.7900315075160262
25696,LOF,0.08707142149897255,0.01746634509181515,0.8954622334092123
25697,LOF,0.07165524147726571,0.013082053434739444,0.9152627050879948
25698,LOF,0.01703199138708959,0.21313275534610837,0.769835253266802
25699,LOF,0.073084927162046,0.342957009606627,0.583958063231327
25700,LOF,0.04743799345045611,0.022250915750928347,0.9303110907986155
25701,LOF,0.010067398705557486,0.3601107057541178,0.6298218955403246
25702,GOF,0.030818554600352967,0.5469236374252268,0.4222578079744204
25703,LOF,0.015600392058351283,0.06571763348786414,0.9186819744537846
25704,LOF,0.06551826238125025,0.0490773656089091,0.8854043720098406
25705,LOF,0.0848184685037294,0.16679471761378334,0.7483868138824873
25706,GOF,0.023091164916148,0.6416283670351329,0.33528046804871897
25707,GOF,0.03010796771833358,0.5619174684193706,0.40797456386229597
25708,GOF,0.008728606578843187,0.558406182786958,0.43286521063419875
25709,LOF,0.048981616337821145,0.05925786277308225,0.8917605208890966
25710,LOF,0.0070423169215980555,0.1416415521802768,0.8513161308981252
25711,LOF,0.04710573656399609,0.09519683784033567,0.8576974255956682
25712,LOF,0.010254641725160043,0.2085593641446426,0.7811859941301973
25713,LOF,0.03646096650978714,0.0991629927624467,0.8643760407277662
25714,LOF,0.035807912925671384,0.15741338635572247,0.8067787007186061
25715,LOF,0.044694575745729714,0.10387946383929227,0.851425960414978
25716,LOF,0.006053227614482637,0.10354158302859882,0.8904051893569186
25717,LOF,0.0064684172596998,0.10462712896696144,0.8889044537733387
25718,LOF,0.04033627311244972,0.06965713058479353,0.8900065963027567
25719,LOF,0.040843207387923346,0.10768004322251878,0.8514767493895579
25720,LOF,0.037448876118714745,0.10892640191616496,0.8536247219651203
25721,LOF,0.03816081102467464,0.10611072547015046,0.855728463505175
25722,LOF,0.03126248833538282,0.12360849173477208,0.845129019929845
25723,LOF,0.05276118497435584,0.10555291826311845,0.8416858967625257
25724,LOF,0.06669385409161814,0.2358126319604633,0.6974935139479186
25725,LOF,0.05843722418912986,0.09151082818216077,0.8500519476287094
25726,LOF,0.037170522729330656,0.09518951217708092,0.8676399650935885
25727,LOF,0.050289103489584486,0.07791933824512498,0.8717915582652904
25728,LOF,0.042641839780863805,0.10789408702365784,0.8494640731954783
25729,LOF,0.04644985713135582,0.1057585677615622,0.8477915751070819
25730,LOF,0.0539174851178721,0.07643568020484419,0.8696468346772838
25731,LOF,0.008295363721893595,0.10181351433774642,0.88989112194036
25732,LOF,0.0288073393067559,0.05260088475761556,0.9185917759356286
25733,LOF,0.035451732993072964,0.07598152109005847,0.8885667459168685
25734,LOF,0.006033651737367979,0.2851850361200577,0.7087813121425743
25735,LOF,0.033954423386866814,0.07906826718371734,0.8869773094294159
25736,LOF,0.03249330433366992,0.13847340770205094,0.8290332879642791
25737,LOF,0.0599095621745979,0.081579657161387,0.8585107806640151
25738,LOF,0.04692696866482985,0.15592382593400442,0.7971492054011657
25739,LOF,0.03432175532332288,0.12363162689859733,0.8420466177780798
25740,LOF,0.06132454634028109,0.11198258222741768,0.8266928714323013
25741,LOF,0.05918977019706774,0.10581558039872675,0.8349946494042054
25742,LOF,0.06392911541037373,0.11406721253896392,0.8220036720506624
25743,LOF,0.01254105129540679,0.018418305539765846,0.9690406431648274
25744,LOF,0.14569392624112812,0.1461996543627699,0.708106419396102
25745,LOF,0.029777542782461645,0.07294621161794293,0.8972762455995954
25746,LOF,0.014241210207765892,0.10245476715724387,0.8833040226349903
25747,LOF,0.058515339739292994,0.029180645113421763,0.9123040151472853
25748,LOF,0.3379966766945159,0.0716682132473035,0.5903351100581806
25749,LOF,0.019078444856145994,0.0635421603786949,0.9173793947651592
25750,LOF,0.01977066578425453,0.07684187805027358,0.9033874561654719
25751,LOF,0.044213057544917445,0.06890157207379123,0.8868853703812912
25752,GOF,0.09776570837280173,0.5058133059860692,0.3964209856411291
25753,LOF,0.00673247190303921,0.33546849247565697,0.6577990356213038
25754,GOF,0.010265806592273847,0.8589239494411433,0.13081024396658286
25755,LOF,0.008184688792813356,0.31917835289450236,0.6726369583126843
25756,LOF,0.021708123372744477,0.3316464180707352,0.6466454585565203
25757,GOF,0.009489716168697137,0.8277035173310734,0.16280676650022943
25758,GOF,0.011021497961749269,0.8668489372915101,0.12212956474674064
25759,GOF,0.0074037097699615586,0.6199403945117969,0.3726558957182415
25760,LOF,0.006258066080285891,0.2318481456093498,0.7618937883103643
25761,GOF,0.05498079961504296,0.8631057041079501,0.08191349627700696
25762,LOF,0.022984764655029515,0.3046694695208134,0.6723457658241571
25763,LOF,0.006154282846222427,0.274711061632344,0.7191346555214336
25764,GOF,0.0752625806955499,0.6377648852349327,0.2869725340695173
25765,GOF,0.01024900986401635,0.8976900805113898,0.09206090962459372
25766,GOF,0.028298634023663553,0.8483347909525785,0.12336657502375789
25767,GOF,0.011403719909696219,0.5982702564244887,0.3903260236658151
25768,LOF,0.0544436830314088,0.08047676074522343,0.8650795562233677
25769,LOF,0.033658121275230775,0.10187576094117468,0.8644661177835946
25770,LOF,0.15540151297349167,0.18379471959807125,0.6608037674284372
25771,LOF,0.023651670429999785,0.08922711852946645,0.8871212110405338
25772,LOF,0.05018326993941224,0.06013227763336275,0.8896844524272249
25773,LOF,0.018712429568597238,0.11234725162122469,0.8689403188101781
25774,LOF,0.025023409474945517,0.26167480332156934,0.7133017872034851
25775,LOF,0.022722306541949507,0.05640599070803662,0.9208717027500138
25776,LOF,0.03736965282630208,0.039247159148834074,0.9233831880248639
25777,LOF,0.2828588177461397,0.13156523017389787,0.5855759520799625
25778,LOF,0.03252278023380471,0.08864713353459126,0.8788300862316041
25779,GOF,0.07029139154509907,0.7659811831440071,0.1637274253108938
25780,GOF,0.07926689890434829,0.8030161605628917,0.11771694053276004
25781,GOF,0.03441844212839926,0.779251523766106,0.18633003410549467
25782,GOF,0.03631399645610603,0.8450997452609519,0.11858625828294196
25783,GOF,0.06568120883313294,0.8326149541436206,0.10170383702324642
25784,GOF,0.12158880332812066,0.78996761542364,0.08844358124823919
25785,GOF,0.17882780665208808,0.7399866414163393,0.08118555193157265
25786,GOF,0.01583254838807945,0.6529210314374608,0.3312464201744597
25787,GOF,0.36092114753127097,0.5472730184197243,0.09180583404900465
25788,LOF,0.025904957285845194,0.07742218071619689,0.8966728619979579
25789,GOF,0.022015654877507958,0.7709814869530993,0.2070028581693927
25790,GOF,0.03343477793818889,0.7360146325472708,0.23055058951454022
25791,GOF,0.03457740250913841,0.5480367411044301,0.41738585638643144
25792,GOF,0.040908553694665666,0.645722438057421,0.3133690082479134
25793,GOF,0.06510604853145072,0.6825490417379718,0.2523449097305774
25794,GOF,0.06233894453360493,0.5314565324016071,0.406204523064788
25795,GOF,0.06320829123656535,0.5803023130212371,0.35648939574219757
25796,GOF,0.18075776876208163,0.5743147392496971,0.24492749198822125
25797,GOF,0.09094203309747159,0.5267885241284882,0.38226944277404024
25798,GOF,0.008427229982814503,0.7845349523268033,0.20703781769038218
25799,GOF,0.005830962779502684,0.6843013276330783,0.309867709587419
25800,GOF,0.02646668447129542,0.8316120334667063,0.1419212820619983
25801,GOF,0.02714720620184274,0.7878890556678461,0.18496373813031136
25802,GOF,0.029780176943386482,0.6873453690976571,0.28287445395895655
25803,GOF,0.02735762825499218,0.6086404217534166,0.3640019499915912
25804,GOF,0.04385724194359113,0.6119323640455573,0.34421039401085163
25805,GOF,0.03384851746643897,0.6654618205108875,0.3006896620226735
25806,GOF,0.04785398839673455,0.6769836317921691,0.2751623798110962
25807,GOF,0.018408700951698966,0.5867752219767902,0.3948160770715108
25808,GOF,0.0327566835036079,0.6727688239044366,0.29447449259195546
25809,GOF,0.015463306634014172,0.6145036578642258,0.3700330355017601
25810,GOF,0.014290018329739456,0.6180507748320989,0.36765920683816156
25811,GOF,0.08869528712838778,0.7869378330317314,0.12436687983988068
25812,GOF,0.04697954075758276,0.6400288565537742,0.312991602688643
25813,GOF,0.23951459214857626,0.607680443448542,0.15280496440288185
25814,GOF,0.04220778990537169,0.6489831124998752,0.30880909759475317
25815,GOF,0.07261192607152095,0.7411766407668166,0.18621143316166244
25816,GOF,0.010280814521619799,0.7809939792323152,0.2087252062460651
25817,GOF,0.12794797233115177,0.6200775493986345,0.2519744782702138
25818,GOF,0.031836043368438656,0.7457846435798975,0.222379313051664
25819,GOF,0.05548341264466869,0.6551457374998915,0.2893708498554399
25820,GOF,0.05697718048806382,0.5557818019375574,0.3872410175743789
25821,GOF,0.040016423904675975,0.6201859501125987,0.3397976259827254
25822,GOF,0.07334980552590936,0.6071987911652346,0.3194514033088562
25823,GOF,0.03660612933638553,0.6002892240374033,0.36310464662621117
25824,GOF,0.029650223779650424,0.6793308957530726,0.2910188804672769
25825,GOF,0.020887196326099356,0.6865716091636065,0.2925411945102942
25826,GOF,0.010439202504312123,0.6018381629953983,0.38772263450028954
25827,GOF,0.01872043735650635,0.6434103287633997,0.33786923388009393
25828,GOF,0.01195010777409965,0.6573220835815085,0.33072780864439183
25829,GOF,0.005069454919673205,0.5158264862975648,0.4791040587827619
25830,LOF,0.07775376812478405,0.2918196684792221,0.6304265633959939
25831,GOF,0.08298961535064578,0.7381547453918856,0.1788556392574686
25832,GOF,0.010614326824770221,0.6799839146693071,0.30940175850592266
25833,GOF,0.03302013392423962,0.7680333230772645,0.198946542998496
25834,GOF,0.010794436865776457,0.7055680010567912,0.28363756207743235
25835,GOF,0.030313279503688204,0.8113139946876691,0.15837272580864276
25836,GOF,0.009238873332485815,0.7429234227934454,0.24783770387406878
25837,GOF,0.0129609509725983,0.70378703065634,0.2832520183710618
25838,GOF,0.026080664568514263,0.775859856045711,0.19805947938577478
25839,GOF,0.07040278041521313,0.7005524151742379,0.22904480441054903
25840,GOF,0.10357637343004837,0.6624409799727753,0.2339826465971762
25841,GOF,0.08597290205436353,0.740960794942638,0.1730663030029986
25842,GOF,0.030700266488559048,0.8119507444139558,0.1573489890974852
25843,GOF,0.029484185568638584,0.8164105685286654,0.15410524590269586
25844,GOF,0.025523819438021633,0.7601699764898998,0.21430620407207862
25845,GOF,0.008924619621951558,0.6169210006641639,0.37415437971388465
25846,GOF,0.07821074615153197,0.7908899935439954,0.13089926030447283
25847,GOF,0.02128092598218609,0.8158901223255043,0.16282895169230968
25848,GOF,0.02450932285409006,0.7667661119698493,0.20872456517606047
25849,GOF,0.008377317902608584,0.7461244353448425,0.24549824675254897
25850,GOF,0.0091422713459365,0.6315923303827641,0.35926539827129944
25851,GOF,0.008132851527461515,0.5642096045935325,0.427657543879006
25852,LOF,0.17732922329930192,0.37821008432154213,0.444460692379156
25853,GOF,0.06985070182021726,0.6676667637164112,0.2624825344633714
25854,GOF,0.008310740660990261,0.6531637743794775,0.33852548495953216
25855,GOF,0.027438027935950748,0.48784984967539863,0.48471212238865047
25856,GOF,0.0585541521020794,0.6499812705234082,0.2914645773745124
25857,LOF,0.027455729865092152,0.48531473051791896,0.487229539616989
25858,GOF,0.00958396876056971,0.49772962503237,0.49268640620706033
25859,LOF,0.007045322339514232,0.4721075700138253,0.5208471076466605
25860,GOF,0.08019899555983939,0.5525539294497821,0.3672470749903785
25861,GOF,0.11153967143037924,0.7385842947285208,0.1498760338410999
25862,GOF,0.023707687540502204,0.857607764505649,0.11868454795384875
25863,GOF,0.021598588599810068,0.8202258166832846,0.15817559471690543
25864,GOF,0.031577173091382645,0.8556153605465979,0.11280746636201938
25865,GOF,0.03895714689050249,0.8268727427173039,0.1341701103921936
25866,GOF,0.023171783358030527,0.8148092621327057,0.1620189545092637
25867,GOF,0.04854982599992191,0.8266703740989324,0.12477979990114574
25868,GOF,0.08363381881188132,0.6891605147862455,0.2272056664018732
25869,GOF,0.3376514894896529,0.4762564762566149,0.18609203425373225
25870,LOF,0.08801407369083368,0.33930370352934963,0.5726822227798166
25871,GOF,0.011726091880128024,0.589803065496606,0.39847084262326604
25872,GOF,0.029774890576765415,0.6386562130498258,0.33156889637340875
25873,GOF,0.025109990111396065,0.7251727637015691,0.2497172461870348
25874,LOF,0.032741880168919164,0.08066959137029761,0.8865885284607832
25875,LOF,0.024143288953687305,0.19463580768321215,0.7812209033631006
25876,LOF,0.022632564726169424,0.07896120074955704,0.8984062345242736
25877,LOF,0.08666093683522899,0.36632154055398103,0.54701752261079
25878,LOF,0.04949105597520017,0.427097728656,0.5234112153687999
25879,LOF,0.01013045023168586,0.24354950646760382,0.7463200433007103
25880,LOF,0.04587074538535824,0.02679202527250421,0.9273372293421376
25881,Neutral,0.5066329780104423,0.24774821271020586,0.24561880927935187
25882,LOF,0.03693423463929738,0.098429091493578,0.8646366738671245
25883,LOF,0.02552980086757601,0.11411186178371123,0.8603583373487128
25884,LOF,0.012679089896123699,0.11695237774294338,0.8703685323609329
25885,LOF,0.12665923678849803,0.03036652782083546,0.8429742353906665
25886,LOF,0.20410412741698492,0.21594894617615976,0.5799469264068553
25887,LOF,0.05137478587819563,0.45577196712050966,0.4928532470012948
25888,LOF,0.004987490773702052,0.38760318163800433,0.6074093275882937
25889,LOF,0.020601377027082497,0.10064109794636161,0.8787575250265559
25890,LOF,0.18192410504722767,0.3047174142528536,0.5133584806999187
25891,LOF,0.11051439239966704,0.1137746726833401,0.7757109349169928
25892,LOF,0.006309970642660626,0.047254014268751345,0.946436015088588
25893,LOF,0.24746894723786708,0.015621542667762027,0.7369095100943709
25894,LOF,0.30256145823180497,0.010045532612411664,0.6873930091557834
25895,LOF,0.26520878457802105,0.012977783340801775,0.7218134320811772
25896,LOF,0.07333035012474629,0.03688033374806015,0.8897893161271936
25897,LOF,0.09183262158224949,0.020200809320824024,0.8879665690969264
25898,LOF,0.08230548223407033,0.05293254920048718,0.8647619685654425
25899,LOF,0.3878525184592638,0.04800943295769461,0.5641380485830417
25900,Neutral,0.7613749960805197,0.01450544066062064,0.22411956325885954
25901,LOF,0.06081370805740974,0.013451322741026412,0.9257349692015637
25902,LOF,0.08197136057691748,0.009761695502622597,0.9082669439204599
25903,LOF,0.1328276186209336,0.045296931677357766,0.8218754497017086
25904,Neutral,0.4705841692691854,0.1062179603963348,0.4231978703344797
25905,LOF,0.0114233294439084,0.28631622383850924,0.7022604467175824
25906,LOF,0.008618654817121396,0.02075866821610236,0.9706226769667762
25907,LOF,0.008011874119006994,0.17253831306402176,0.8194498128169712
25908,LOF,0.00871457229474144,0.1480864471088319,0.8431989805964266
25909,LOF,0.045278708089224795,0.061700343368457596,0.8930209485423176
25910,LOF,0.013556702876646764,0.11868179911173476,0.8677614980116184
25911,LOF,0.1733413922898004,0.10062296771498899,0.7260356399952107
25912,LOF,0.12568821830653373,0.027122741304045565,0.8471890403894207
25913,LOF,0.01494673631751371,0.100923008073053,0.8841302556094333
25914,LOF,0.0448290821780002,0.03460807390437226,0.9205628439176277
25915,GOF,0.21219376314255248,0.4339325044572244,0.35387373240022313
25916,LOF,0.015599913415809918,0.22437163896377307,0.760028447620417
25917,LOF,0.07175995790583038,0.03896100871598319,0.8892790333781865
25918,LOF,0.044444316245027565,0.023165531105207124,0.9323901526497653
25919,LOF,0.04176260118911231,0.020682732512222263,0.9375546662986655
25920,LOF,0.27142144564660897,0.2728133005311121,0.45576525382227884
25921,LOF,0.022477529822799547,0.04184467369959279,0.9356777964776076
25922,LOF,0.020364164387011427,0.036838100492498464,0.9427977351204903
25923,LOF,0.4653087946316236,0.02188990771927854,0.5128012976490979
25924,LOF,0.02911364786943484,0.032490350089958896,0.9383960020406062
25925,LOF,0.12989810561951468,0.044814250554382505,0.8252876438261029
25926,LOF,0.10799007303854473,0.03669336819189101,0.8553165587695644
25927,LOF,0.0247948454266973,0.08082263511762507,0.8943825194556776
25928,LOF,0.01624733473158349,0.022571670745392916,0.9611809945230236
25929,Neutral,0.5932561509565607,0.021642529412201558,0.3851013196312378
25930,LOF,0.07154781830110506,0.026895011766966414,0.9015571699319285
25931,LOF,0.016052096235834482,0.02580643955671599,0.9581414642074495
25932,LOF,0.09584613872487692,0.015724113837699467,0.8884297474374235
25933,LOF,0.09151921002366727,0.0123429132402328,0.8961378767361
25934,LOF,0.08836191374243786,0.013766256267014537,0.8978718299905476
25935,LOF,0.12352637333913383,0.03996712492253136,0.8365065017383349
25936,LOF,0.09170428791717987,0.01321946139491164,0.8950762506879085
25937,LOF,0.01792856492703635,0.029010980659456884,0.9530604544135067
25938,LOF,0.12591621976643808,0.038625042459834336,0.8354587377737276
25939,LOF,0.06694072980931788,0.015646069340219105,0.9174132008504631
25940,LOF,0.007812839439675198,0.38517368056568313,0.6070134799946417
25941,Neutral,0.4873749481487845,0.1953314558114472,0.31729359603976837
25942,LOF,0.007932544245025491,0.24443615501060723,0.7476313007443672
25943,GOF,0.026964963787874097,0.6669337915200423,0.30610124469208366
25944,GOF,0.02883971313516062,0.5224550403126793,0.4487052465521601
25945,LOF,0.10533809106425158,0.16135007994643846,0.7333118289893099
25946,LOF,0.09034859119486047,0.08304510050733803,0.8266063082978015
25947,Neutral,0.5101107788428108,0.12476399668459937,0.3651252244725899
25948,Neutral,0.5177195494571559,0.017450773058866113,0.46482967748397785
25949,LOF,0.12601283468040814,0.03755697335742451,0.8364301919621674
25950,GOF,0.03992346983227334,0.8477766545549873,0.11229987561273942
25951,GOF,0.014841928518389705,0.5775349607612799,0.4076231107203304
25952,LOF,0.0985573056708091,0.43553823603931796,0.465904458289873
25953,GOF,0.006668867463211491,0.5612496666450513,0.43208146589173724
25954,GOF,0.028083174280177564,0.6829314890758021,0.28898533664402026
25955,GOF,0.005999579296604088,0.5347986038823487,0.45920181682104727
25956,LOF,0.008636068471298546,0.40595754193354894,0.5854063895951526
25957,LOF,0.24627370979950342,0.033484919349077005,0.7202413708514197
25958,LOF,0.029007207918413536,0.0772601892992018,0.8937326027823846
25959,GOF,0.005949384709172837,0.5874806295923537,0.40656998569847347
25960,LOF,0.004629023490841513,0.14925397807872448,0.8461169984304341
25961,LOF,0.02702103274647771,0.07816180473611169,0.8948171625174107
25962,LOF,0.05088507994100286,0.0811418638759826,0.8679730561830145
25963,LOF,0.010185782225411557,0.22740028371384688,0.7624139340607415
25964,LOF,0.04807926350316433,0.1370052611279891,0.8149154753688467
25965,LOF,0.13586025569134422,0.19316044684888836,0.6709792974597675
25966,LOF,0.3384895476323734,0.23877703118742954,0.4227334211801971
25967,LOF,0.007546463676791828,0.08204645929124735,0.9104070770319608
25968,LOF,0.07096605764580692,0.23045975200314905,0.6985741903510441
25969,LOF,0.1507046254595132,0.040395919503064065,0.8088994550374229
25970,LOF,0.03718142170796912,0.27841256894861705,0.6844060093434138
25971,LOF,0.06780660371170223,0.08693142176328808,0.8452619745250097
25972,LOF,0.06548871756649155,0.10971929159454291,0.8247919908389656
25973,LOF,0.09646854426383407,0.007889372691382318,0.8956420830447837
25974,LOF,0.08773082516759878,0.0600332316733186,0.8522359431590827
25975,LOF,0.040322657610318544,0.010294643964465635,0.9493826984252159
25976,LOF,0.09961296195666845,0.007545565810023775,0.8928414722333078
25977,LOF,0.20117136652645048,0.09582153526306295,0.7030070982104866
25978,LOF,0.15413019847063997,0.12149283590551292,0.7243769656238472
25979,LOF,0.12351468384826601,0.12234702034989761,0.7541382958018363
25980,LOF,0.18715811429798734,0.2225564735893954,0.5902854121126172
25981,LOF,0.18964479620426203,0.2302769044430305,0.5800782993527075
25982,LOF,0.26320367615419094,0.11062683860791864,0.6261694852378904
25983,Neutral,0.4671624240599486,0.11841174812164097,0.4144258278184105
25984,LOF,0.03930866234724394,0.13775936892259869,0.8229319687301573
25985,LOF,0.42094681495898995,0.15355443428660798,0.4254987507544021
25986,LOF,0.009394834780423165,0.4914800825217913,0.4991250826977855
25987,LOF,0.022064305142367752,0.08095721615098889,0.8969784787066434
25988,LOF,0.03349978207611501,0.21969202757905004,0.7468081903448349
25989,LOF,0.03457057160991533,0.2145914778149915,0.7508379505750932
25990,LOF,0.039616389035904795,0.30474234895893465,0.6556412620051606
25991,GOF,0.040045354934766415,0.6254346431463584,0.3345200019188752
25992,LOF,0.012993237665338197,0.3785210230141443,0.6084857393205175
25993,LOF,0.032457046414022,0.08257181040625819,0.8849711431797199
25994,LOF,0.03521391910762098,0.09915891098330679,0.8656271699090723
25995,LOF,0.020466261046572554,0.18575963161068887,0.7937741073427385
25996,GOF,0.3085464605850044,0.541391721050053,0.15006181836494267
25997,GOF,0.05805882554777136,0.6797219912469306,0.2622191832052981
25998,LOF,0.25182823327087395,0.03911135491861033,0.7090604118105158
25999,LOF,0.027202181363752524,0.43815490285114794,0.5346429157850995
26000,LOF,0.1351696310045301,0.01714493163383858,0.8476854373616314
26001,LOF,0.1312114412661334,0.034450556591338805,0.8343380021425277
26002,LOF,0.08598366855107611,0.020115836728342017,0.893900494720582
26003,GOF,0.008010241175556192,0.6212923655140834,0.37069739331036033
26004,GOF,0.021132563963619552,0.6372913614259166,0.34157607461046385
26005,GOF,0.006446902598707471,0.549520270817754,0.4440328265835385
26006,GOF,0.16176806550636497,0.543505844057494,0.29472609043614106
26007,GOF,0.012013936936145704,0.6004630465509834,0.3875230165128709
26008,GOF,0.007422341143564394,0.6217986438343734,0.3707790150220622
26009,GOF,0.015963440206344673,0.6551692605747486,0.3288672992189069
26010,GOF,0.010265163115597373,0.6354596194936956,0.3542752173907071
26011,LOF,0.007139004951019238,0.4951609386603865,0.49770005638859416
26012,GOF,0.007032259024639158,0.5107500744177116,0.48221766655764925
26013,GOF,0.012287875279199978,0.49699602957736244,0.49071609514343756
26014,LOF,0.06182210109392531,0.06964800134907713,0.8685298975569976
26015,LOF,0.3816616219801055,0.05891069647989691,0.5594276815399976
26016,LOF,0.26213379960243116,0.1407009690267475,0.5971652313708213
26017,LOF,0.015622690163862935,0.44315140109878204,0.541225908737355
26018,LOF,0.02151563305791458,0.1621971936139889,0.8162871733280966
26019,LOF,0.021362649075171096,0.12324742594636239,0.8553899249784666
26020,LOF,0.00727150421673693,0.37785784511673914,0.6148706506665239
26021,LOF,0.0893756015910409,0.2546845515284963,0.6559398468804628
26022,LOF,0.05182633203430546,0.07036351204518217,0.8778101559205125
26023,LOF,0.03326035833484945,0.10709818276976973,0.8596414588953808
26024,LOF,0.04867290324958264,0.17328482149927124,0.778042275251146
26025,LOF,0.13300762200100125,0.17340336138094062,0.693589016618058
26026,LOF,0.14066600434891327,0.13474359843671466,0.724590397214372
26027,LOF,0.03093256694757646,0.07031382645678136,0.8987536065956422
26028,LOF,0.07367787444843545,0.20984834998652055,0.716473775565044
26029,LOF,0.038538037966430475,0.10251601950692962,0.8589459425266399
26030,LOF,0.15667952541737362,0.009606600650207879,0.8337138739324185
26031,LOF,0.01984111419166506,0.1164713110935266,0.8636875747148083
26032,LOF,0.029325036815029605,0.018364116711866878,0.9523108464731036
26033,LOF,0.049134662692203554,0.03209441155202902,0.9187709257557675
26034,LOF,0.02574487775015253,0.06661922632081278,0.9076358959290347
26035,LOF,0.015655193771163766,0.07737136886634435,0.9069734373624919
26036,LOF,0.014688232170352051,0.06421834605679137,0.9210934217728566
26037,LOF,0.014135421075601107,0.06357316684903815,0.9222914120753607
26038,LOF,0.02498158355884418,0.01904610123790011,0.9559723152032557
26039,LOF,0.03291690958640933,0.10114987542664959,0.865933214986941
26040,LOF,0.06851027973837334,0.12631630828031679,0.8051734119813099
26041,LOF,0.016876632443943773,0.07534300372136425,0.907780363834692
26042,LOF,0.015729908485708183,0.08238324080695689,0.901886850707335
26043,LOF,0.024112402665508327,0.04394259415023865,0.931945003184253
26044,LOF,0.009034557060636014,0.04240405079465767,0.9485613921447063
26045,LOF,0.08751006165622166,0.19570488629337068,0.7167850520504077
26046,LOF,0.023206152898134335,0.047854715889289884,0.9289391312125759
26047,LOF,0.05841740446572393,0.03451381502701584,0.9070687805072603
26048,LOF,0.08104610460268984,0.0211159539883167,0.8978379414089934
26049,Neutral,0.9242943436387955,0.004816993202846616,0.07088866315835798
26050,Neutral,0.8685064915442229,0.005854911786104117,0.125638596669673
26051,LOF,0.032195011155268946,0.37459490021935515,0.5932100886253758
26052,LOF,0.03177195200023658,0.2695867986814401,0.6986412493183233
26053,LOF,0.04431711848516833,0.06307497344027697,0.8926079080745547
26054,LOF,0.051049685527421125,0.08165211736995029,0.8672981971026287
26055,LOF,0.05366151348022191,0.08253966021335432,0.8637988263064238
26056,LOF,0.05109926745851744,0.08792883459218152,0.8609718979493011
26057,LOF,0.0567179995825017,0.018922031283824893,0.9243599691336734
26058,LOF,0.06533770055531334,0.014570163405077998,0.9200921360396086
26059,LOF,0.2558187051219289,0.13569212416251616,0.6084891707155549
26060,LOF,0.015003668861818012,0.26321987373334926,0.7217764574048328
26061,LOF,0.012900360210085922,0.012871596886259908,0.9742280429036542
26062,LOF,0.00596095742750285,0.02703968286907687,0.9669993597034203
26063,LOF,0.054877546288325516,0.01537412718990737,0.9297483265217671
26064,LOF,0.009463394882032128,0.01621798661217918,0.9743186185057886
26065,LOF,0.04795591275931991,0.022535313826346052,0.929508773414334
26066,LOF,0.049294659794826334,0.014997026689446273,0.9357083135157274
26067,LOF,0.05921580304113437,0.01686895725404075,0.9239152397048249
26068,LOF,0.04644602859825682,0.06540674706243232,0.8881472243393108
26069,LOF,0.16133317575749628,0.05451543047094534,0.7841513937715584
26070,LOF,0.39114058737583784,0.03506639568710503,0.5737930169370571
26071,LOF,0.05004066222966577,0.01704462228557438,0.9329147154847598
26072,LOF,0.009179306566655053,0.022248885499726773,0.9685718079336182
26073,LOF,0.053812237355170794,0.013293373498214259,0.9328943891466149
26074,Neutral,0.7208106571502642,0.028460577419385236,0.2507287654303506
26075,LOF,0.03833030661486786,0.04280358091206899,0.9188661124730632
26076,LOF,0.06039360997255304,0.024819845592815522,0.9147865444346315
26077,LOF,0.16382525211839935,0.02626982334002046,0.8099049245415801
26078,LOF,0.007164211731171176,0.027091825575529794,0.9657439626932991
26079,LOF,0.05424343519526961,0.04488957093324032,0.90086699387149
26080,LOF,0.052714889662791586,0.045067588938877405,0.9022175213983309
26081,LOF,0.05052181200917692,0.016450030606392427,0.9330281573844307
26082,LOF,0.0076939964551341455,0.025253560616016867,0.967052442928849
26083,LOF,0.04721232424318683,0.040230167293913544,0.9125575084628997
26084,LOF,0.06339237427512276,0.01929496538387514,0.9173126603410022
26085,LOF,0.05610071295822118,0.017154953645680454,0.9267443333960983
26086,LOF,0.039314752304428234,0.02074738692894692,0.9399378607666249
26087,LOF,0.047134751260522585,0.022848337467648763,0.9300169112718287
26088,LOF,0.007909136805295742,0.05197067441534334,0.9401201887793609
26089,LOF,0.03360121792033447,0.07693293022631323,0.8894658518533523
26090,LOF,0.033296117613899806,0.05763826340450534,0.9090656189815949
26091,LOF,0.05235336257247714,0.017971535554800983,0.929675101872722
26092,LOF,0.05995611580199107,0.015247503371675665,0.9247963808263333
26093,LOF,0.07852478808396773,0.011275351755411415,0.9101998601606209
26094,LOF,0.04690454272225277,0.015895923414914713,0.9371995338628325
26095,LOF,0.011450744356677032,0.03401243544950039,0.9545368201938227
26096,LOF,0.30332899332630486,0.00498420006410548,0.6916868066095896
26097,LOF,0.007769283858221504,0.04810960810958329,0.9441211080321953
26098,LOF,0.0606791620521785,0.03300225418743754,0.906318583760384
26099,LOF,0.0519777175395997,0.04883476552009715,0.8991875169403031
26100,LOF,0.0519777175395997,0.04883476552009715,0.8991875169403031
26101,LOF,0.04194884103146517,0.05304817881004438,0.9050029801584903
26102,LOF,0.05171067631851889,0.023947627451174583,0.9243416962303066
26103,Neutral,0.8654793536822228,0.047234490644881943,0.08728615567289534
26104,LOF,0.04398865198518919,0.11285155288393506,0.8431597951308758
26105,LOF,0.25753492531161815,0.22100044105487215,0.5214646336335097
26106,LOF,0.32607225617586466,0.1620845541841656,0.5118431896399698
26107,LOF,0.009607499430653046,0.17305227474670368,0.8173402258226433
26108,LOF,0.1409553574993224,0.19383728623281068,0.6652073562678669
26109,LOF,0.061633089544931886,0.030464318293164927,0.9079025921619032
26110,Neutral,0.5483686411452797,0.04362157737974663,0.40800978147497374
26111,LOF,0.05712358159223106,0.25420732715526695,0.6886690912525021
26112,LOF,0.05879562700251966,0.04466485621550625,0.8965395167819741
26113,LOF,0.06873156717273061,0.07444699811495671,0.8568214347123126
26114,LOF,0.10450242302442606,0.025424772282619395,0.8700728046929546
26115,LOF,0.01922994552786825,0.21545661276078004,0.7653134417113516
26116,LOF,0.06361331036521549,0.06633632222929842,0.870050367405486
26117,LOF,0.27088998850433577,0.060999817557917176,0.668110193937747
26118,LOF,0.03846308276299086,0.023382449589142824,0.9381544676478664
26119,LOF,0.005442774359608123,0.10604986487949422,0.8885073607608976
26120,LOF,0.03269057043111204,0.029748075255457872,0.9375613543134301
26121,LOF,0.004436937857948101,0.11652625048088107,0.8790368116611709
26122,LOF,0.004889172620923981,0.10882525494611024,0.8862855724329658
