feature0,prediction,LoGoFunc_Neutral,LoGoFunc_GOF,LoGoFunc_LOF
25546,Neutral,0.638872442927047,0.05127327748277036,0.30985427959018275
25547,Neutral,0.47411311767542963,0.09147292091672624,0.4344139614078441
25548,Neutral,0.4690886313673998,0.0723844878345983,0.45852688079800186
25549,LOF,0.3968374458689216,0.07481302831031575,0.5283495258207626
25550,LOF,0.333360941946182,0.11361394863009948,0.5530251094237185
25551,LOF,0.2879172211895346,0.12718566393845326,0.5848971148720121
25552,LOF,0.2165115081297561,0.1237254013149859,0.659763090555258
25553,Neutral,0.7898046868350039,0.04188883120010947,0.16830648196488648
25554,LOF,0.27200781789054185,0.11610189340689504,0.6118902887025632
25555,LOF,0.21980548415232629,0.10875435464372499,0.6714401612039488
25556,LOF,0.43714054697009014,0.0907378042679096,0.4721216487620002
25557,LOF,0.20711488931107763,0.11305152423575944,0.6798335864531629
25558,LOF,0.27298336728459915,0.11276416349412316,0.6142524692212776
25559,LOF,0.19686045504501387,0.1548564001302594,0.6482831448247267
25560,LOF,0.06754679806465493,0.131520991586609,0.8009322103487361
25561,LOF,0.1337149294789001,0.11764017951539579,0.7486448910057041
25562,LOF,0.057983885467396884,0.07542044082512889,0.8665956737074741
25563,LOF,0.08660368341169776,0.06766333913657392,0.8457329774517284
25564,LOF,0.21725670998241567,0.1489455167953066,0.6337977732222778
25565,LOF,0.19524661754473369,0.13545484903946045,0.6692985334158059
25566,GOF,0.0204247268860912,0.7605742353560505,0.21900103775785817
25567,LOF,0.025271805783646132,0.13319637447391702,0.8415318197424368
25568,LOF,0.0629096222453582,0.06663845503715166,0.8704519227174901
25569,LOF,0.059657554404709254,0.06612380278418746,0.8742186428111032
25570,LOF,0.033153084179865046,0.09338358083642291,0.8734633349837121
25571,LOF,0.0317725579542834,0.09522234881873799,0.8730050932269785
25572,LOF,0.034349004102735656,0.12098680721702976,0.8446641886802346
25573,LOF,0.025255463466081797,0.09412649340334427,0.880618043130574
25574,LOF,0.0168816354055763,0.17724026121230876,0.8058781033821149
25575,LOF,0.02725313909670956,0.10916855451491059,0.86357830638838
25576,LOF,0.013235228506545944,0.14163951104738626,0.8451252604460677
25577,LOF,0.012348730679432254,0.11148637474371652,0.8761648945768512
25578,LOF,0.2862942286486623,0.07160312788918811,0.6421026434621495
25579,LOF,0.1265660575783571,0.07898255090247207,0.7944513915191709
25580,LOF,0.019234517615335577,0.0709766582402075,0.9097888241444568
25581,LOF,0.04774729759965583,0.06394910485357995,0.8883035975467642
25582,LOF,0.04768326157952845,0.062752998153903,0.8895637402665685
25583,LOF,0.02171471595202004,0.07638913389725728,0.9018961501507226
25584,Neutral,0.5109683021046052,0.11195196720236673,0.3770797306930281
25585,LOF,0.0127038251677783,0.1195598856382839,0.8677362891939379
25586,LOF,0.019052631340330542,0.06405644677924305,0.9168909218804265
25587,LOF,0.018122169628298518,0.05743298235891653,0.924444848012785
25588,LOF,0.01855290586614826,0.07138830932938942,0.9100587848044622
25589,Neutral,0.6346337500835112,0.12879110693530862,0.2365751429811802
25590,LOF,0.020986573277499036,0.110478091493941,0.86853533522856
25591,LOF,0.07774491562699712,0.057575106299172736,0.8646799780738302
25592,LOF,0.053307914341123336,0.11635545275473652,0.8303366329041401
25593,LOF,0.02021510890542385,0.2615382913495571,0.7182465997450191
25594,LOF,0.03721635984121849,0.114324446769948,0.8484591933888336
25595,LOF,0.034404727392763734,0.08484831657310697,0.8807469560341294
25596,LOF,0.05360327190093128,0.06701712689215274,0.8793796012069158
25597,LOF,0.03472753353491477,0.08068972696370254,0.8845827395013827
25598,LOF,0.03565446044966391,0.0948208057224135,0.8695247338279225
25599,GOF,0.007797683175908851,0.5411908751605021,0.451011441663589
25600,GOF,0.025830304445802157,0.617859555804117,0.35631013975008097
25601,LOF,0.012699628692098988,0.41488492280614786,0.5724154485017532
25602,LOF,0.011449470020246095,0.05506840786269156,0.9334821221170624
25603,LOF,0.04066280934712791,0.022720315858748747,0.9366168747941233
25604,LOF,0.014399225793727384,0.06283147196511295,0.9227693022411597
25605,LOF,0.009873985566486094,0.16086177191347623,0.8292642425200377
25606,LOF,0.10897941767448419,0.2711591658275291,0.6198614164979868
25607,LOF,0.006206040938415409,0.18189424203316748,0.8118997170284171
25608,LOF,0.01132370713211797,0.0965888253244035,0.8920874675434786
25609,LOF,0.07398110638503111,0.4008552545973506,0.5251636390176183
25610,LOF,0.019513276880302407,0.023497741412556183,0.9569889817071414
25611,LOF,0.018923789236920348,0.02562325120325651,0.955452959559823
25612,LOF,0.05780232031890074,0.038988781306085546,0.9032088983750137
25613,LOF,0.05222334142223911,0.03963498705050777,0.9081416715272531
25614,LOF,0.027497123149602627,0.028686391316289687,0.9438164855341078
25615,LOF,0.015475564058188425,0.04465605500062547,0.9398683809411861
25616,LOF,0.055626847604512,0.029457729518113117,0.9149154228773749
25617,LOF,0.05264014044968653,0.03064458565063592,0.9167152738996776
25618,LOF,0.06571582795190173,0.03264728980111548,0.9016368822469827
25619,LOF,0.018847616238031904,0.030649690321038356,0.9505026934409297
25620,LOF,0.07395071147240619,0.039387700080106385,0.8866615884474874
25621,LOF,0.01819886749541751,0.039055521354610184,0.9427456111499722
25622,LOF,0.02238830625780168,0.04594560494386846,0.9316660887983299
25623,LOF,0.037318912481357595,0.039971395502549814,0.9227096920160927
25624,LOF,0.02331951156088156,0.03699202520013056,0.9396884632389879
25625,LOF,0.022486109970254468,0.05441165737869443,0.9231022326510512
25626,LOF,0.0541548205998475,0.037344882412957234,0.9085002969871953
25627,Neutral,0.626585149220906,0.08661796175116412,0.2867968890279299
25628,LOF,0.1843648931286817,0.0479341051405366,0.7677010017307817
25629,LOF,0.03762957857985141,0.06527777204236153,0.8970926493777871
25630,LOF,0.13528814953993776,0.08912353616824992,0.7755883142918124
25631,Neutral,0.6094346443591472,0.05641556378062823,0.3341497918602247
25632,LOF,0.007908317605572276,0.06618523626657594,0.9259064461278517
25633,LOF,0.21817607923853358,0.044048900875772505,0.7377750198856939
25634,LOF,0.02911918195073565,0.09529760343355695,0.8755832146157075
25635,LOF,0.0383193146991968,0.044653674795521396,0.9170270105052818
25636,LOF,0.005859289676641133,0.4851769312706257,0.5089637790527332
25637,GOF,0.00727062627731311,0.5096010457539796,0.4831283279687073
25638,LOF,0.00964951001237323,0.2489836742841921,0.7413668157034347
25639,LOF,0.005741879605807542,0.3942496243486038,0.6000084960455887
25640,Neutral,0.4884322011816219,0.42335305930947864,0.08821473950889949
25641,LOF,0.00792689895387204,0.4925820455527275,0.4994910554934003
25642,LOF,0.22426883189285732,0.10871346386067786,0.6670177042464648
25643,LOF,0.14224287479007455,0.16065559821213649,0.6971015269977889
25644,GOF,0.00839592151309613,0.5180485503664707,0.47355552812043317
25645,LOF,0.0068905099756072915,0.45546473463461684,0.5376447553897759
25646,LOF,0.010700051098248857,0.38530573732355294,0.6039942115781983
25647,LOF,0.008650971312671141,0.3127537046497779,0.678595324037551
25648,LOF,0.008286072281982073,0.30159455286781983,0.6901193748501981
25649,LOF,0.006953281833363663,0.26628658882910683,0.7267601293375295
25650,LOF,0.011200539847136527,0.45483573681588507,0.5339637233369785
25651,LOF,0.005210373833491017,0.33479898898119864,0.6599906371853104
25652,LOF,0.008435165873328694,0.31234003370734853,0.6792248004193228
25653,LOF,0.022565193939982443,0.4366018790646284,0.5408329269953892
25654,LOF,0.008784422535332237,0.23112478429125977,0.760090793173408
25655,LOF,0.03814497746046255,0.47185582441210666,0.4899991981274307
25656,LOF,0.21173161065511925,0.04782801464866933,0.7404403746962114
25657,LOF,0.2714029285550116,0.028650559188834433,0.699946512256154
25658,LOF,0.07380234390360098,0.10309692750572376,0.8231007285906754
25659,LOF,0.414602503061898,0.0740196935225418,0.5113778034155602
25660,LOF,0.030951461362650517,0.08539815416308821,0.8836503844742613
25661,LOF,0.09901885852010588,0.0578348371533906,0.8431463043265034
25662,LOF,0.031849081211223915,0.03543904875460215,0.9327118700341739
25663,LOF,0.041502108786248035,0.0502301423125039,0.9082677489012481
25664,LOF,0.046191503460578424,0.06152382487002076,0.8922846716694008
25665,LOF,0.05379498662902422,0.02568559851130802,0.9205194148596678
25666,LOF,0.038085048735396886,0.08203094127341799,0.8798840099911851
25667,LOF,0.07105361839683341,0.04036900518897797,0.8885773764141887
25668,LOF,0.03588530881699398,0.04200431888035929,0.9221103723026468
25669,LOF,0.03354283635798932,0.058759156581072315,0.9076980070609383
25670,LOF,0.06405112539915211,0.05390974514737173,0.8820391294534761
25671,LOF,0.09592089391867184,0.03389669369579,0.8701824123855383
25672,LOF,0.05472933264050909,0.03479114652659584,0.910479520832895
25673,LOF,0.02304098576254613,0.04137879177625025,0.9355802224612036
25674,LOF,0.020711947179417805,0.05205240775063874,0.9272356450699434
25675,LOF,0.03249260942201512,0.049963672799565574,0.9175437177784194
25676,LOF,0.019424406413465628,0.04691877085320756,0.9336568227333267
25677,LOF,0.028639415760691372,0.06501234449599966,0.906348239743309
25678,LOF,0.20583367599493135,0.05459714752615557,0.7395691764789131
25679,LOF,0.16710602864250657,0.0814963607760899,0.7513976105814034
25680,LOF,0.044483066836663046,0.10568190708179617,0.8498350260815408
25681,LOF,0.07063267127867433,0.10206482651094809,0.8273025022103776
25682,LOF,0.15386246374577034,0.06908980492812665,0.777047731326103
25683,LOF,0.08502824465395281,0.1030127325850306,0.8119590227610165
25684,LOF,0.04622560451115864,0.07144224023656133,0.88233215525228
25685,LOF,0.0907972907275038,0.0416474729672414,0.8675552363052549
25686,LOF,0.02982744860355471,0.08566103120484908,0.8845115201915963
25687,LOF,0.056779733945190536,0.07442143349718312,0.8687988325576264
25688,LOF,0.050641509823716006,0.0752412733098212,0.8741172168664627
25689,LOF,0.02861619897195488,0.07959412386517659,0.8917896771628686
25690,LOF,0.0362315011205032,0.06603253725929173,0.8977359616202051
25691,LOF,0.24677913777684912,0.08780959379333023,0.6654112684298206
25692,LOF,0.2690009114362334,0.008590335274814181,0.7224087532889525
25693,LOF,0.05018444649065646,0.31348839031362064,0.6363271631957229
25694,LOF,0.23555776709649684,0.016341644546303137,0.7481005883572001
25695,LOF,0.14602894836931948,0.02289643664271663,0.8310746149879638
25696,LOF,0.11561239582683623,0.012845793001993601,0.8715418111711701
25697,LOF,0.09659956329043808,0.024620144202008618,0.8787802925075533
25698,LOF,0.0829679301856992,0.41658761044112946,0.5004444593731714
25699,LOF,0.055159899105554,0.07827395907354948,0.8665661418208965
25700,LOF,0.055418738855199046,0.011061698904883581,0.9335195622399174
25701,LOF,0.016493136507091336,0.10038197913486592,0.8831248843580427
25702,GOF,0.04034331547520571,0.6395707291464421,0.32008595537835227
25703,LOF,0.008974516088523057,0.15114663588066268,0.8398788480308143
25704,LOF,0.06188873177556934,0.11171809396154637,0.8263931742628842
25705,LOF,0.07998122673615786,0.22276468540007904,0.6972540878637631
25706,LOF,0.02641007218523588,0.39606049712327807,0.5775294306914861
25707,LOF,0.02072974336980633,0.34762293568349056,0.6316473209467031
25708,LOF,0.008868850315241344,0.31448050751883444,0.6766506421659242
25709,LOF,0.06569764811932242,0.04395625233032714,0.8903460995503504
25710,LOF,0.00617101005621738,0.13360421510798764,0.8602247748357948
25711,LOF,0.020380719922098074,0.10630930638151968,0.8733099736963823
25712,LOF,0.00878456115914725,0.1648801079526532,0.8263353308881995
25713,LOF,0.02138853220875491,0.08930805259181394,0.8893034151994311
25714,LOF,0.0710583520901754,0.11453011659246978,0.8144115313173549
25715,LOF,0.013621278140103275,0.12320898491657623,0.8631697369433206
25716,LOF,0.00706742947491881,0.10683907133392403,0.8860934991911572
25717,LOF,0.00734494503244818,0.07266272542437022,0.9199923295431816
25718,LOF,0.01480314239667983,0.08024400399117003,0.90495285361215
25719,LOF,0.02256187014548832,0.08860475354506565,0.8888333763094459
25720,LOF,0.023914706988884437,0.07240413179621805,0.9036811612148975
25721,LOF,0.018662513285981272,0.09119656643183997,0.8901409202821787
25722,LOF,0.016836485698728833,0.11394485888060746,0.8692186554206638
25723,LOF,0.023490294113592377,0.056498202157442605,0.920011503728965
25724,LOF,0.020144015222674783,0.09628853413274778,0.8835674506445774
25725,LOF,0.013972830573515586,0.0685370551102092,0.9174901143162751
25726,LOF,0.017691297095015414,0.0958198040405073,0.8864888988644772
25727,LOF,0.015183933542253088,0.07003959230660001,0.9147764741511468
25728,LOF,0.012746071292178134,0.09528366217490451,0.8919702665329172
25729,LOF,0.01296794625950391,0.09596450682456871,0.8910675469159274
25730,LOF,0.018915393136659332,0.07785139413944753,0.9032332127238932
25731,LOF,0.008914101652547256,0.11723804421700959,0.8738478541304431
25732,LOF,0.01899158078181942,0.07429669627469294,0.9067117229434876
25733,LOF,0.018261212479319902,0.06667897785564826,0.9150598096650319
25734,LOF,0.006281308295771261,0.1169180586450343,0.8768006330591944
25735,LOF,0.015895740384135337,0.06348913401711535,0.9206151255987493
25736,LOF,0.016792926122283357,0.09062374343117863,0.892583330446538
25737,LOF,0.023353025681565814,0.07766215081610811,0.8989848235023261
25738,LOF,0.016057415891855588,0.11558519385868485,0.8683573902494596
25739,LOF,0.023224240775759426,0.09815896043385687,0.8786167987903836
25740,LOF,0.035957706302625285,0.11123290209874462,0.8528093915986301
25741,LOF,0.017165757640265934,0.10421534551039914,0.8786188968493349
25742,LOF,0.10443361354347892,0.1024230957634757,0.7931432906930455
25743,LOF,0.018552335109640355,0.030689665485489306,0.9507579994048704
25744,LOF,0.21364342157649263,0.379537266994035,0.40681931142947236
25745,LOF,0.027557668863789284,0.056052511283517396,0.9163898198526933
25746,LOF,0.018027891042296355,0.06491885812024872,0.9170532508374549
25747,LOF,0.02926328864071719,0.028029502696562993,0.9427072086627198
25748,LOF,0.13619193967477694,0.049148853852216914,0.814659206473006
25749,LOF,0.01546707286950039,0.05897344388465876,0.9255594832458409
25750,LOF,0.03223629365034396,0.07331187852719422,0.8944518278224618
25751,LOF,0.11334712993376905,0.057091827553080746,0.8295610425131501
25752,GOF,0.1311570784607383,0.5882876021505316,0.28055531938873024
25753,LOF,0.010067500319735792,0.27023281752506384,0.7196996821552004
25754,GOF,0.005020258741887819,0.7836966044190344,0.2112831368390778
25755,LOF,0.010621587502480672,0.38781708508554635,0.601561327411973
25756,LOF,0.050298691451750935,0.3498552170921671,0.599846091456082
25757,GOF,0.005982007644091061,0.858296328748453,0.13572166360745588
25758,GOF,0.0070422073437014536,0.8242169964812398,0.16874079617505874
25759,GOF,0.004568080602183841,0.5242970702554297,0.4711348491423864
25760,LOF,0.006203754876054867,0.23583278091800935,0.7579634642059359
25761,GOF,0.03817150765482543,0.8303439486822396,0.13148454366293502
25762,LOF,0.035205055382807354,0.26254030285860225,0.7022546417585904
25763,LOF,0.006919795507784223,0.17696702878349826,0.8161131757087174
25764,GOF,0.1742804636678838,0.5076391635394767,0.31808037279263945
25765,GOF,0.010183193479043479,0.7697223247543676,0.22009448176658883
25766,GOF,0.015898044577409537,0.8125451974648127,0.17155675795777772
25767,GOF,0.022948475811767097,0.5347119450741575,0.44233957911407534
25768,LOF,0.07722935240055981,0.08354236611987019,0.8392282814795701
25769,LOF,0.0851266032107817,0.06271190963137738,0.8521614871578409
25770,LOF,0.360768686119548,0.08154073901416249,0.5576905748662896
25771,LOF,0.01328269706457988,0.060399754270826334,0.9263175486645938
25772,LOF,0.020699347211831597,0.02949908409922343,0.9498015686889449
25773,LOF,0.011721047694917745,0.11490924314979732,0.8733697091552849
25774,LOF,0.026770215368675764,0.0733722845578733,0.899857500073451
25775,LOF,0.014893957658588393,0.04884673949444664,0.936259302846965
25776,LOF,0.0816549502650432,0.02453178126928289,0.8938132684656739
25777,LOF,0.3192189784746006,0.05402823638730395,0.6267527851380955
25778,LOF,0.06976657754773442,0.04683028109452262,0.8834031413577429
25779,GOF,0.0829926641510963,0.8531146090801056,0.06389272676879805
25780,GOF,0.07809076116226099,0.8197848240469122,0.1021244147908268
25781,GOF,0.02796772819789145,0.835862889727949,0.13616938207415955
25782,GOF,0.03754062060268778,0.8615333391213527,0.10092604027595961
25783,GOF,0.01235562705342388,0.6623748069684833,0.32526956597809276
25784,GOF,0.13917107839329,0.802899440177058,0.05792948142965211
25785,GOF,0.0753836840638085,0.8658951640471743,0.058721151889017074
25786,GOF,0.00655301780176268,0.7923682427026132,0.2010787394956241
25787,GOF,0.2289614159108997,0.7222932159083036,0.048745368180796576
25788,LOF,0.051078653146848646,0.11420556344876465,0.8347157834043867
25789,GOF,0.03599450784433426,0.785832681599299,0.1781728105563669
25790,GOF,0.03610481536474032,0.8342987421389421,0.12959644249631747
25791,GOF,0.026938820287292737,0.7577695655525812,0.21529161416012604
25792,GOF,0.0541014896249868,0.7526164563427407,0.19328205403227247
25793,GOF,0.06795957730445493,0.716926909134178,0.21511351356136718
25794,GOF,0.09935922861990946,0.6903765583216941,0.2102642130583964
25795,GOF,0.028433316827121784,0.7581727009187103,0.21339398225416806
25796,GOF,0.13130962759196563,0.736146021671289,0.13254435073674545
25797,GOF,0.03525676269101616,0.5831563510668311,0.3815868862421527
25798,GOF,0.0032284322642226024,0.5347238985879885,0.4620476691477888
25799,LOF,0.0030168083759372706,0.41674343358688637,0.5802397580371763
25800,GOF,0.01008356544797228,0.6060373573550737,0.383879077196954
25801,GOF,0.03944684345661146,0.7973422670085768,0.16321088953481178
25802,GOF,0.017590142508657963,0.7178614774091459,0.26454838008219606
25803,GOF,0.010610975228549905,0.5735963053232531,0.415792719448197
25804,LOF,0.011527835192349253,0.46679819908044884,0.5216739657272018
25805,GOF,0.020696545898397124,0.6072347695519146,0.37206868454968833
25806,GOF,0.01771896178851062,0.6018458406782298,0.38043519753325966
25807,GOF,0.005626680315696485,0.6306918747581541,0.36368144492614946
25808,GOF,0.01420040907193631,0.6455929502088185,0.3402066407192452
25809,GOF,0.0062190854465936285,0.6065961859726425,0.3871847285807638
25810,GOF,0.005066222088547475,0.6242620038859044,0.37067177402554824
25811,GOF,0.10936220085749099,0.7704622833549739,0.12017551578753516
25812,GOF,0.012675361417359851,0.5995050250971232,0.38781961348551697
25813,GOF,0.13184351882595052,0.6931132992544932,0.1750431819195563
25814,GOF,0.03240360668797123,0.6951365136280834,0.2724598796839454
25815,GOF,0.03992081679372252,0.7027249893850304,0.25735419382124697
25816,GOF,0.00792769969238099,0.7400303811602521,0.2520419191473669
25817,GOF,0.06262019980801876,0.7693805258003451,0.16799927439163617
25818,GOF,0.015992073949452155,0.6937273779810071,0.29028054806954073
25819,GOF,0.07107855692352746,0.7142844461239364,0.21463699695253613
25820,GOF,0.032053669803482045,0.724806011063146,0.24314031913337186
25821,GOF,0.015945267490390477,0.698174960720167,0.2858797717894426
25822,GOF,0.03434402385207648,0.7175715126978981,0.24808446345002552
25823,GOF,0.01144925441981537,0.5565643939995121,0.4319863515806726
25824,GOF,0.02007992599910915,0.6768375928550244,0.3030824811458665
25825,GOF,0.01164067199810386,0.650874169653394,0.33748515834850223
25826,GOF,0.005090011244658975,0.6278932501183865,0.36701673863695466
25827,GOF,0.007232823175314577,0.642294487318996,0.35047268950568944
25828,GOF,0.00463268976985207,0.5713135902821956,0.4240537199479522
25829,GOF,0.0027642543260475256,0.5985679505898877,0.3986677950840648
25830,LOF,0.04632272333767278,0.30912323223402677,0.6445540444283003
25831,GOF,0.058770335838256964,0.7987209292585686,0.14250873490317448
25832,GOF,0.00839530942283544,0.7525834729111689,0.23902121766599563
25833,GOF,0.03301352392759232,0.7835405625860494,0.18344591348635825
25834,GOF,0.009420327726284226,0.7592895269170072,0.2312901453567084
25835,GOF,0.019613684778204875,0.7993506579558012,0.18103565726599394
25836,GOF,0.007722504615239204,0.7199139124119303,0.2723635829728304
25837,GOF,0.007154962073361322,0.6634590644763104,0.3293859734503283
25838,GOF,0.024264276962228305,0.8184562417519573,0.15727948128581437
25839,GOF,0.05344253694874463,0.7569325770027153,0.18962488604853994
25840,GOF,0.055372772768831034,0.7808656113244775,0.16376161590669147
25841,GOF,0.05007962534197852,0.804586537880238,0.1453338367777833
25842,GOF,0.030078819126366077,0.8431191830115673,0.12680199786206667
25843,GOF,0.031315460593114366,0.8649953650113812,0.1036891743955045
25844,GOF,0.01957238235175163,0.7813677463872545,0.19905987126099398
25845,GOF,0.005801839310884348,0.563359908087187,0.4308382526019287
25846,GOF,0.039478911909578286,0.82111552190984,0.13940556618058153
25847,GOF,0.02108903064660574,0.879015982855306,0.09989498649808827
25848,GOF,0.012566579986881777,0.7757127970520991,0.21172062296101923
25849,GOF,0.004433492736928883,0.6673061769157844,0.3282603303472866
25850,GOF,0.006175976437717527,0.7042267933243973,0.28959723023788514
25851,GOF,0.005878667595367275,0.5901997504978626,0.4039215819067701
25852,GOF,0.1812315333857585,0.5126752161407376,0.3060932504735039
25853,GOF,0.0723148679191054,0.8103460458887022,0.11733908619219231
25854,GOF,0.007977757625214556,0.6468269664446432,0.3451952759301423
25855,GOF,0.0123645482397689,0.5910235542407013,0.39661189751952974
25856,GOF,0.04581503372934441,0.6869308962044899,0.26725407006616564
25857,GOF,0.012504707922999653,0.555568999636946,0.43192629244005437
25858,GOF,0.0074171567982416605,0.5488592318440856,0.44372361135767285
25859,GOF,0.004735712342523986,0.5251498890491545,0.4701143986083216
25860,GOF,0.08763143232878189,0.7913009040859537,0.12106766358526456
25861,GOF,0.13507778188437,0.7515038252400466,0.11341839287558327
25862,GOF,0.02065131281710472,0.8343934523994398,0.14495523478345554
25863,GOF,0.022715401928565644,0.8271737549493239,0.15011084312211045
25864,GOF,0.05429381081356379,0.8666636757518672,0.079042513434569
25865,GOF,0.029848049355185854,0.8492990057730481,0.12085294487176591
25866,GOF,0.02350202320317553,0.8196804330239594,0.15681754377286494
25867,GOF,0.03207768447607581,0.8536239554133913,0.11429836011053277
25868,GOF,0.06057182600545572,0.7838972623024011,0.15553091169214314
25869,GOF,0.33270210948203743,0.5645548758265662,0.10274301469139645
25870,GOF,0.20398593175376362,0.4691995687532939,0.3268144994929426
25871,GOF,0.03564004253100001,0.8139388718438776,0.15042108562512232
25872,GOF,0.021354948744067716,0.7348159840423131,0.24382906721361913
25873,GOF,0.027783409467706646,0.7902331962561921,0.18198339427610102
25874,LOF,0.017937531142763842,0.12261453608455783,0.8594479327726783
25875,LOF,0.024483500974800655,0.04567403185957057,0.9298424671656288
25876,LOF,0.014508225504558834,0.03377130312876096,0.9517204713666803
25877,LOF,0.13289324380775255,0.08035410942457333,0.7867526467676741
25878,LOF,0.05611710229589878,0.1160217956823277,0.8278611020217735
25879,LOF,0.022299348523921077,0.0835483543266284,0.8941522971494504
25880,LOF,0.0471248536821624,0.012548961252542583,0.940326185065295
25881,Neutral,0.5354508297706805,0.040509469063157014,0.4240397011661625
25882,LOF,0.0177142005137007,0.028905810135448854,0.9533799893508503
25883,LOF,0.05489973064459284,0.026347286122887097,0.9187529832325201
25884,LOF,0.00855275118573984,0.04578330203538581,0.9456639467788743
25885,LOF,0.1722064348000704,0.00708110926456836,0.8207124559353612
25886,LOF,0.23988999713714498,0.05428947291607334,0.7058205299467817
25887,LOF,0.14657236189128267,0.049988216551845786,0.8034394215568716
25888,LOF,0.013074942690716304,0.10048899589152015,0.8864360614177635
25889,LOF,0.010589906552684292,0.032942115758533175,0.9564679776887827
25890,LOF,0.1267821096191532,0.09528028339016963,0.7779376069906772
25891,LOF,0.04245401353957324,0.052903270395307435,0.9046427160651193
25892,LOF,0.014718217874661313,0.04333799082869454,0.9419437912966442
25893,LOF,0.4107965819411912,0.015605388912279416,0.5735980291465294
25894,LOF,0.43780603872555257,0.008415899706836255,0.5537780615676111
25895,LOF,0.3770905761655728,0.015576451661806687,0.6073329721726205
25896,LOF,0.042659692327937294,0.031188261589474388,0.9261520460825883
25897,LOF,0.21729684987044362,0.01521457835487416,0.7674885717746823
25898,LOF,0.24896000564818682,0.03830264744656887,0.7127373469052444
25899,LOF,0.17995839055823462,0.03523796221765738,0.784803647224108
25900,Neutral,0.4928660313868619,0.016699702423792068,0.49043426618934605
25901,LOF,0.047691887963320106,0.013518139866636398,0.9387899721700435
25902,LOF,0.09649645291469955,0.017713523563887945,0.8857900235214126
25903,LOF,0.4404887547695299,0.03879136334797417,0.520719881882496
25904,LOF,0.32177160243060565,0.058422583816060296,0.619805813753334
25905,LOF,0.006109331127035756,0.40270256615629113,0.5911881027166731
25906,LOF,0.00974730444016701,0.09155068919349237,0.8987020063663406
25907,LOF,0.004105410866822653,0.36837664884663524,0.6275179402865421
25908,LOF,0.003467056099895758,0.2685829390262685,0.7279500048738357
25909,LOF,0.013792062681463598,0.11487549523833886,0.8713324420801974
25910,LOF,0.01657418168196696,0.17038982504852665,0.8130359932695064
25911,LOF,0.19546106243367292,0.030821414368921735,0.7737175231974053
25912,LOF,0.06344886040645148,0.03871546463167226,0.8978356749618763
25913,LOF,0.08999896285415247,0.04620657109980916,0.8637944660460383
25914,LOF,0.021207453770112628,0.055894261796995255,0.9228982844328921
25915,LOF,0.13704430155386718,0.3601631106650156,0.5027925877811171
25916,LOF,0.017155795479513524,0.24088016272461088,0.7419640417958756
25917,LOF,0.053741993814700115,0.040991378564173724,0.9052666276211261
25918,LOF,0.025301993641822434,0.03151981537220587,0.9431781909859717
25919,LOF,0.02139026958248907,0.02963546325151699,0.9489742671659939
25920,LOF,0.05830012857672371,0.4239931510087542,0.5177067204145221
25921,LOF,0.010752278090667509,0.03914350608022043,0.9501042158291121
25922,LOF,0.013289397186821148,0.029169469251118314,0.9575411335620606
25923,Neutral,0.4976412532533718,0.04030706183664974,0.46205168490997856
25924,LOF,0.0166756943082692,0.04705667707461312,0.9362676286171178
25925,LOF,0.08028423813023752,0.04657171416612478,0.8731440477036377
25926,LOF,0.05642897253924739,0.04242311238360933,0.9011479150771433
25927,LOF,0.017577040347416945,0.1422098735151105,0.8402130861374726
25928,LOF,0.008188880141467729,0.05308241271368873,0.9387287071448436
25929,Neutral,0.6080342080713035,0.04256216557044094,0.34940362635825556
25930,LOF,0.06974335100818876,0.03270965506628357,0.8975469939255277
25931,LOF,0.010315455340479491,0.036828918036142286,0.9528556266233783
25932,LOF,0.03153849447906222,0.027743861911607937,0.9407176436093297
25933,LOF,0.04027869168761099,0.018647346656440602,0.9410739616559485
25934,LOF,0.027275935625325175,0.021465690536000486,0.9512583738386744
25935,LOF,0.06875153871506386,0.061387885056142455,0.8698605762287938
25936,LOF,0.04473961187165222,0.024870895542191032,0.9303894925861568
25937,LOF,0.009734816587918086,0.041066525073910815,0.9491986583381712
25938,LOF,0.06752365734346205,0.06303195339115363,0.8694443892653843
25939,LOF,0.040144256622668385,0.023686201703513616,0.9361695416738179
25940,LOF,0.007281724740998314,0.31042072347886357,0.6822975517801382
25941,Neutral,0.5123897414755176,0.04379292144123944,0.44381733708324295
25942,LOF,0.004705381597356113,0.04659881613916333,0.9486958022634805
25943,LOF,0.03272188847068604,0.1318211453669757,0.8354569661623383
25944,LOF,0.09680173075182257,0.07236933616301651,0.8308289330851609
25945,LOF,0.05266704807616871,0.020189151493206832,0.9271438004306245
25946,LOF,0.06725199545784828,0.059485959519478694,0.873262045022673
25947,Neutral,0.47725947725846835,0.08095268531988314,0.44178783742164845
25948,LOF,0.30914616824602303,0.009726011654327115,0.6811278200996498
25949,LOF,0.08312505844317167,0.042489634255675424,0.8743853073011528
25950,LOF,0.046824590336474015,0.47598616621002887,0.4771892434534971
25951,LOF,0.02142298867857312,0.3297521566721984,0.6488248546492283
25952,LOF,0.26539729238452137,0.23663073072926827,0.4979719768862103
25953,LOF,0.015680181032552684,0.13678759665833998,0.8475322223091073
25954,LOF,0.07171018288858004,0.3610119824741638,0.5672778346372562
25955,LOF,0.012412770019114954,0.0981148088770424,0.8894724211038426
25956,LOF,0.030388698948178302,0.16798136791849835,0.8016299331333232
25957,LOF,0.14427997678340657,0.021065928588673514,0.8346540946279198
25958,LOF,0.04805133212163493,0.03287827599883949,0.9190703918795257
25959,LOF,0.012811597385130455,0.37356530236113433,0.6136231002537353
25960,LOF,0.00662353563670189,0.05701140166328153,0.9363650627000166
25961,LOF,0.037301945038821005,0.03097895239619522,0.9317191025649837
25962,LOF,0.03311795732088471,0.06665122878042248,0.9002308138986927
25963,LOF,0.005362979925003179,0.2703910761650257,0.7242459439099711
25964,LOF,0.032468811844226224,0.11173795782691867,0.8557932303288551
25965,LOF,0.33958285645870134,0.11015343945147674,0.550263704089822
25966,Neutral,0.5348019803478894,0.158693175785817,0.3065048438662936
25967,LOF,0.007344808039142395,0.0866190802655115,0.9060361116953461
25968,LOF,0.03735944706372452,0.3392981136372908,0.6233424392989847
25969,LOF,0.1311588014657462,0.05598610203069596,0.8128550965035579
25970,LOF,0.018886664628873753,0.09017976280797406,0.8909335725631522
25971,LOF,0.06438428404996092,0.030920745537611392,0.9046949704124277
25972,LOF,0.061321437944727525,0.042539447255399265,0.8961391147998733
25973,LOF,0.050700017296992805,0.010163215883485028,0.9391367668195221
25974,LOF,0.034270309225200024,0.031449826741519284,0.9342798640332807
25975,LOF,0.04342092105536895,0.019632230543394243,0.9369468484012368
25976,LOF,0.09972122947215074,0.009484796072912258,0.890793974454937
25977,LOF,0.19019380165425975,0.05865724243617215,0.7511489559095681
25978,LOF,0.1742115994593986,0.10280207693809436,0.722986323602507
25979,LOF,0.14414869281196768,0.10005972155663298,0.7557915856313994
25980,LOF,0.23860717918118404,0.1240439122692414,0.6373489085495746
25981,LOF,0.2655641566850519,0.12324335767588719,0.6111924856390609
25982,LOF,0.40579725890201873,0.09125948211917814,0.5029432589788031
25983,LOF,0.4006185345861691,0.08956676201047423,0.5098147034033567
25984,LOF,0.04067617332209158,0.049235748694896185,0.9100880779830123
25985,LOF,0.3636849940362588,0.13724233649566137,0.49907266946807977
25986,LOF,0.009593884816272444,0.38445143512157576,0.6059546800621517
25987,LOF,0.034124233915183405,0.07915762479988522,0.8867181412849314
25988,LOF,0.15829170128033263,0.07441264555545084,0.7672956531642166
25989,LOF,0.03508905686300364,0.11143233392930857,0.8534786092076878
25990,LOF,0.03486519196999388,0.17921519581185028,0.7859196122181558
25991,LOF,0.015179473275324372,0.35050167331343013,0.6343188534112455
25992,LOF,0.021210049072073037,0.3156935651788203,0.6630963857491066
25993,LOF,0.022302481824943002,0.0807983811626322,0.8968991370124247
25994,LOF,0.01640658792912123,0.0795994307196366,0.9039939813512421
25995,LOF,0.02191839716398998,0.16615018670503517,0.8119314161309749
25996,LOF,0.31884937996691626,0.2674379327266415,0.4137126873064423
25997,LOF,0.06190419777175763,0.32641022111570933,0.611685581112533
25998,LOF,0.2839193227424294,0.042332772191371965,0.6737479050661985
25999,LOF,0.015791674538722943,0.20791044769116118,0.7762978777701158
26000,LOF,0.151626407529966,0.02428754280412467,0.8240860496659094
26001,LOF,0.33056478255344696,0.021182361868213647,0.6482528555783394
26002,LOF,0.06669708742718716,0.038649929317664276,0.8946529832551485
26003,GOF,0.0040956291389895,0.631026577689705,0.36487779317130553
26004,GOF,0.0059548991628511835,0.7025267447026043,0.2915183561345444
26005,LOF,0.002949410592683545,0.47961158398741816,0.5174390054198983
26006,GOF,0.08459964959666583,0.5528006219118617,0.36259972849147243
26007,GOF,0.006302828323500951,0.5446551937052628,0.4490419779712363
26008,GOF,0.005341427846125894,0.620386598536836,0.3742719736170381
26009,GOF,0.005598908321573045,0.67558223029722,0.3188188613812071
26010,GOF,0.006805048394944404,0.6725376017519793,0.32065734985307626
26011,LOF,0.00264325820282128,0.4629588527288228,0.5343978890683558
26012,GOF,0.003930241828754934,0.5520278683332736,0.44404188983797155
26013,GOF,0.004962629097851241,0.6257848948985935,0.3692524760035554
26014,LOF,0.048485854962237424,0.07759130568764253,0.8739228393501202
26015,LOF,0.13687900543448697,0.02135777858544768,0.8417632159800653
26016,LOF,0.29417758667553306,0.03467243503397204,0.6711499782904948
26017,LOF,0.025025188722951595,0.17830114600492022,0.7966736652721282
26018,LOF,0.07450420213461384,0.047785038808660155,0.877710759056726
26019,LOF,0.07122081291879927,0.03858703583004057,0.8901921512511601
26020,LOF,0.009992826957682884,0.17120595306166178,0.8188012199806554
26021,LOF,0.06709221401703974,0.060911443553845396,0.871996342429115
26022,LOF,0.02729700221685808,0.025430544637614013,0.9472724531455279
26023,LOF,0.046742094242933734,0.02871404920863503,0.9245438565484312
26024,LOF,0.047405697999369355,0.06026726144893932,0.8923270405516913
26025,LOF,0.06160364163466999,0.13036485369106815,0.8080315046742618
26026,LOF,0.13199867196540896,0.05339100291213412,0.8146103251224568
26027,LOF,0.05873824221026151,0.02341879896030102,0.9178429588294373
26028,LOF,0.1008668224184817,0.10788672287956727,0.7912464547019511
26029,LOF,0.029003903520030766,0.16951613868636212,0.8014799577936071
26030,LOF,0.15002293672842834,0.02182202647672813,0.8281550367948436
26031,LOF,0.014389886734764113,0.13643770086116194,0.8491724124040739
26032,LOF,0.08108699100870759,0.054908276835835004,0.8640047321554574
26033,LOF,0.07980787103252612,0.0522942919906947,0.8678978369767791
26034,LOF,0.015452809494650293,0.1445363599514452,0.8400108305539045
26035,LOF,0.013933860400884384,0.12291297455657567,0.86315316504254
26036,LOF,0.01660991860597404,0.1456223897705954,0.8377676916234305
26037,LOF,0.011229400051653899,0.1062802866771559,0.8824903132711902
26038,LOF,0.07098478958543127,0.049853641253739055,0.8791615691608297
26039,LOF,0.023737196114913945,0.14243158585096136,0.8338312180341247
26040,LOF,0.11287649441805626,0.10227425679607464,0.784849248785869
26041,LOF,0.01396284867022884,0.09856399969926646,0.8874731516305047
26042,LOF,0.012359042667728816,0.09730736317629438,0.8903335941559769
26043,LOF,0.07133294771771333,0.07105015247897926,0.8576168998033075
26044,LOF,0.015042378392333732,0.0519894019873043,0.9329682196203619
26045,LOF,0.05120670806342363,0.09627705336764798,0.8525162385689284
26046,LOF,0.06347171575012171,0.058252527623511484,0.8782757566263668
26047,LOF,0.10675771518705685,0.06235830309728903,0.8308839817156541
26048,LOF,0.05629985646335139,0.03523778015404824,0.9084623633826004
26049,Neutral,0.9691087462226545,0.005745610405298152,0.025145643372047322
26050,Neutral,0.9551883407078833,0.0070280893295156174,0.03778356996260098
26051,LOF,0.012939118585006569,0.24582429570131495,0.7412365857136786
26052,LOF,0.017435749246075202,0.2782118275139685,0.7043524232399563
26053,LOF,0.025320861755979782,0.12982006834957874,0.8448590698944415
26054,LOF,0.04523621450773047,0.0190617222595572,0.9357020632327122
26055,LOF,0.06274009239540808,0.018520807794155433,0.9187390998104364
26056,LOF,0.051932549320819,0.02069251522920344,0.9273749354499776
26057,LOF,0.030840870320518507,0.012616210029870463,0.956542919649611
26058,LOF,0.031521336466355514,0.010913332420813394,0.9575653311128312
26059,LOF,0.2748798334464023,0.023361494010995607,0.7017586725426022
26060,LOF,0.007112927565674883,0.23861111851410316,0.754275953920222
26061,LOF,0.004934055307060733,0.013585036015641604,0.9814809086772978
26062,LOF,0.004126161255042001,0.018002712892260783,0.9778711258526972
26063,LOF,0.020717488856730516,0.010600331084286966,0.9686821800589825
26064,LOF,0.006221009506533622,0.026938125661874295,0.966840864831592
26065,LOF,0.021967059626129586,0.012152045223454937,0.9658808951504155
26066,LOF,0.020004490248837728,0.010487479511142974,0.9695080302400194
26067,LOF,0.027954133914030066,0.009647722025254357,0.9623981440607156
26068,LOF,0.041110459961594785,0.030217416481412948,0.9286721235569922
26069,LOF,0.2542787102771462,0.021350940920003232,0.7243703488028505
26070,LOF,0.38091370165162114,0.01614744655329465,0.6029388517950842
26071,LOF,0.02023163399945326,0.01138690744101965,0.968381458559527
26072,LOF,0.005642359356296443,0.022690664688341192,0.9716669759553624
26073,LOF,0.017410687171110065,0.013281285589593544,0.9693080272392963
26074,Neutral,0.8980189353026466,0.006660825944965216,0.09532023875238832
26075,LOF,0.04114391663100507,0.014031983168272689,0.9448241002007223
26076,LOF,0.03724727306706521,0.01036903895665573,0.9523836879762791
26077,LOF,0.11451929676116307,0.007123206056839975,0.878357497181997
26078,LOF,0.005812909264520573,0.01426840910006476,0.9799186816354147
26079,LOF,0.05000867880730989,0.017751406924035384,0.9322399142686546
26080,LOF,0.04832812602625984,0.017778385261848235,0.9338934887118918
26081,LOF,0.029191427970752117,0.007711123927819253,0.9630974481014286
26082,LOF,0.004614967953378684,0.016812052332344576,0.9785729797142767
26083,LOF,0.13365269501890403,0.017084723047456812,0.849262581933639
26084,LOF,0.03435830660908739,0.013269248156750868,0.9523724452341619
26085,LOF,0.03030040692274855,0.011882431843367364,0.9578171612338842
26086,LOF,0.01863594756805037,0.011663266534514624,0.9697007858974349
26087,LOF,0.020247526916231093,0.009389854498745008,0.9703626185850239
26088,LOF,0.00564560081413192,0.026825282158087643,0.9675291170277805
26089,LOF,0.037057447197419206,0.025341123952288127,0.9376014288502926
26090,LOF,0.03662452151527862,0.020484302267347695,0.9428911762173736
26091,LOF,0.027071478448377182,0.007197006276340937,0.9657315152752818
26092,LOF,0.02010217220983411,0.008094263477967607,0.9718035643121982
26093,LOF,0.033989884572715276,0.006526061712047365,0.9594840537152373
26094,LOF,0.026558504278316568,0.007276396219190606,0.9661650995024929
26095,LOF,0.014389884851063597,0.019940329500204277,0.9656697856487321
26096,LOF,0.14233047895814602,0.005793238985663201,0.8518762820561908
26097,LOF,0.004980803631176312,0.03942411600003506,0.9555950803687886
26098,LOF,0.06850860339123481,0.014554591820654206,0.916936804788111
26099,LOF,0.01758909106412125,0.01451667991986002,0.9678942290160186
26100,LOF,0.019682585138536098,0.014158297352016316,0.9661591175094475
26101,LOF,0.04391058224731231,0.021889646053075158,0.9341997716996125
26102,LOF,0.019298284013123283,0.015311822864359973,0.9653898931225167
26103,Neutral,0.8733950003998349,0.023111702461521336,0.10349329713864376
26104,LOF,0.06282497651865002,0.026766666911848737,0.9104083565695011
26105,LOF,0.20775917394360247,0.16850668964761772,0.6237341364087798
26106,LOF,0.3448548699589368,0.12547618094662552,0.5296689490944376
26107,LOF,0.027782441999619406,0.1297267863421523,0.8424907716582283
26108,LOF,0.3671781672032018,0.05231506395456922,0.5805067688422291
26109,LOF,0.028543592033650228,0.06431892895131745,0.9071374790150323
26110,LOF,0.18636907029684777,0.008637982555655156,0.8049929471474971
26111,LOF,0.08342984392305898,0.0715099322160379,0.8450602238609031
26112,LOF,0.03333950502794247,0.008103396761504443,0.9585570982105531
26113,LOF,0.058827863296682,0.016477412772274852,0.924694723931043
26114,LOF,0.0644634514204809,0.012565281490017387,0.9229712670895016
26115,LOF,0.01767479243842954,0.07019422002484912,0.9121309875367213
26116,LOF,0.07833788507701414,0.039898887828459836,0.881763227094526
26117,LOF,0.4306568812631515,0.05090393248320417,0.5184391862536444
26118,LOF,0.03372922558264775,0.02318404646687633,0.943086727950476
26119,LOF,0.005616889172926848,0.04006372357028279,0.9543193872567903
26120,LOF,0.022592419109269655,0.019632439393536122,0.9577751414971943
26121,LOF,0.0055099406456205376,0.11350255398155829,0.8809875053728212
