feature0,prediction,LoGoFunc_Neutral,LoGoFunc_GOF,LoGoFunc_LOF
25546,Neutral,0.6621101333029747,0.06469322003581743,0.27319664666120785
25547,LOF,0.31833650447422995,0.2829310973953376,0.39873239813043243
25548,LOF,0.28399985273087397,0.16277294605589068,0.5532272012132352
25549,LOF,0.20034922522538018,0.19913083756928754,0.6005199372053324
25550,Neutral,0.6051715831670416,0.06753460407557045,0.327293812757388
25551,Neutral,0.4752195332571092,0.06456823455748291,0.46021223218540785
25552,LOF,0.11004109873058672,0.1802328879506227,0.7097260133187906
25553,LOF,0.4626588466246994,0.06978514438975003,0.46755600898555055
25554,LOF,0.14346114146722005,0.23593975496515748,0.6205991035676225
25555,LOF,0.11056696394959516,0.16065688798322947,0.7287761480671753
25556,LOF,0.17302691088353409,0.18823750026642658,0.6387355888500393
25557,LOF,0.09715512744191054,0.1700757997768121,0.7327690727812773
25558,LOF,0.17550612591534231,0.18606344397169153,0.6384304301129662
25559,Neutral,0.488188009167366,0.12981819851935403,0.3819937923132801
25560,LOF,0.05538375080374312,0.3605288699942981,0.5840873792019587
25561,LOF,0.11881720080597236,0.34323935731600325,0.5379434418780245
25562,LOF,0.34939228017664875,0.09478859983956277,0.5558191199837884
25563,Neutral,0.5624362193643635,0.04877931358416411,0.3887844670514725
25564,LOF,0.04662733957894518,0.38921009821363955,0.5641625622074153
25565,LOF,0.12798746982511547,0.2739899520718942,0.5980225781029903
25566,GOF,0.06350347102729814,0.5041978089376121,0.4322987200350898
25567,LOF,0.3526530473273303,0.09229009117716643,0.5550568614955032
25568,Neutral,0.7027940092718411,0.07268186607957391,0.22452412464858504
25569,Neutral,0.6828864287775552,0.05736627510173602,0.25974729612070874
25570,LOF,0.06748270656706874,0.2593825426936745,0.6731347507392568
25571,LOF,0.0708885156986144,0.251552282784385,0.6775592015170007
25572,LOF,0.36105869524565193,0.20238136137402682,0.43655994338032134
25573,LOF,0.3807306797852892,0.1076026757599681,0.5116666444547426
25574,GOF,0.08645831385657282,0.49157623626234487,0.42196544988108237
25575,LOF,0.08229020027364113,0.0920914020798493,0.8256183976465095
25576,LOF,0.3422859429355368,0.05303396076147288,0.6046800963029902
25577,LOF,0.3460990911229115,0.07440627686515795,0.5794946320119306
25578,Neutral,0.42839946060486433,0.21519423014236624,0.3564063092527695
25579,Neutral,0.42839946060486433,0.21519423014236624,0.3564063092527695
25580,LOF,0.048098342560141234,0.14322038462067657,0.8086812728191821
25581,Neutral,0.7099371987600281,0.05664760883354681,0.23341519240642514
25582,Neutral,0.7099371987600281,0.05664760883354681,0.23341519240642514
25583,LOF,0.055853667159660066,0.17110882880593006,0.7730375040344099
25584,Neutral,0.35956958204190415,0.2969411523676355,0.3434892655904603
25585,LOF,0.32344067518995234,0.10088416278352483,0.5756751620265229
25586,LOF,0.08150698838307542,0.16333880634713463,0.7551542052697899
25587,LOF,0.05614725525891018,0.1587200667650746,0.7851326779760152
25588,LOF,0.047754176120509424,0.23849118038926972,0.7137546434902209
25589,Neutral,0.6668607285734428,0.2196908928581829,0.1134483785683743
25590,LOF,0.24854845551025712,0.19954526304174708,0.5519062814479958
25591,Neutral,0.6843391108322197,0.0747885254378174,0.24087236372996307
25592,LOF,0.053943878306693276,0.11716170298923072,0.828894418704076
25593,GOF,0.07161434486026588,0.570141019963154,0.35824463517658023
25594,Neutral,0.7079864818355928,0.04647621248868472,0.24553730567572243
25595,Neutral,0.6895139418046016,0.05792391387233104,0.2525621443230674
25596,Neutral,0.49950609301814125,0.14615165289060641,0.35434225409125225
25597,LOF,0.4192037459420713,0.1127057816865796,0.4680904723713491
25598,Neutral,0.7423320732009292,0.04505635977103314,0.21261156702803757
25599,GOF,0.04711750963267922,0.739725245195587,0.21315724517173382
25600,GOF,0.044275513075409986,0.6584091118806584,0.2973153750439315
25601,GOF,0.037936603108381824,0.565571787884796,0.39649160900682223
25602,LOF,0.41848947132137876,0.0765661490815559,0.5049443795970654
25603,LOF,0.07828659216102797,0.20087207640920396,0.7208413314297681
25604,Neutral,0.42970229617343275,0.18096877592527308,0.38932892790129414
25605,LOF,0.024058268619723187,0.3847831729173764,0.5911585584629004
25606,GOF,0.024383289497215285,0.537259750906936,0.4383569595958487
25607,LOF,0.03509570261798749,0.23056561255336988,0.7343386848286425
25608,LOF,0.35447408902316985,0.14544464889396075,0.5000812620828694
25609,LOF,0.22166056583255192,0.15765047558927847,0.6206889585781696
25610,LOF,0.07546497254219482,0.10226642657519108,0.8222686008826141
25611,LOF,0.04945289127492028,0.15131842120312342,0.7992286875219563
25612,Neutral,0.6556580263943798,0.06590762799948449,0.2784343456061358
25613,Neutral,0.6276490863957053,0.06230729167550351,0.31004362192879126
25614,LOF,0.05919674195279177,0.17761687887286634,0.763186379174342
25615,LOF,0.31768756249707447,0.12508601468642389,0.5572264228165017
25616,LOF,0.06326689865196918,0.34809321517710246,0.5886398861709283
25617,LOF,0.05204551676078692,0.09086939792918829,0.8570850853100248
25618,LOF,0.0656528092719132,0.18161518395312032,0.7527320067749664
25619,LOF,0.0568050535039316,0.19425234066706398,0.7489426058290044
25620,LOF,0.05184523615289089,0.1770831770680261,0.7710715867790829
25621,LOF,0.4267175974755854,0.09162994028346208,0.48165246224095254
25622,LOF,0.3431928989248268,0.09198311402383924,0.5648239870513341
25623,LOF,0.3569222773535757,0.13900062973527746,0.5040770929111469
25624,LOF,0.049036241065442784,0.20065600890485705,0.7503077500297001
25625,LOF,0.3428436412454773,0.07462662042886298,0.5825297383256598
25626,Neutral,0.6470428460414525,0.05785166669227071,0.2951054872662768
25627,GOF,0.03234359729941322,0.5658932696741502,0.4017631330264367
25628,Neutral,0.46151344207596756,0.07892439934754683,0.45956215857648575
25629,Neutral,0.690335157177953,0.05980167419626431,0.2498631686257827
25630,LOF,0.07664509098134452,0.30778672145255837,0.6155681875660972
25631,Neutral,0.5846023252476582,0.21725856958344852,0.19813910516889333
25632,LOF,0.3831319803257483,0.03567271487217306,0.5811953048020787
25633,Neutral,0.42839946060486433,0.21519423014236624,0.3564063092527695
25634,Neutral,0.6962700359195951,0.07461198677178618,0.22911797730861866
25635,LOF,0.058275501869518104,0.08858799177744843,0.8531365063530335
25636,GOF,0.0631194483711618,0.5843950939340998,0.3524854576947384
25637,GOF,0.053983090617145735,0.5498743452141773,0.396142564168677
25638,GOF,0.03052002554794115,0.7621665295748602,0.2073134448771987
25639,GOF,0.03660001528718707,0.5476242988771144,0.4157756858356986
25640,GOF,0.10658616112809201,0.7836885686866111,0.10972527018529692
25641,LOF,0.05637772045125947,0.3927212120036386,0.5509010675451019
25642,Neutral,0.706073875122174,0.11953844055577142,0.17438768432205445
25643,LOF,0.45625885025986607,0.06286602961062429,0.4808751201295097
25644,GOF,0.031486122601013154,0.6701425583007059,0.2983713190982809
25645,GOF,0.02921708975728682,0.6828730691998597,0.28790984104285344
25646,GOF,0.030301628299125496,0.5959682727490281,0.3737300989518464
25647,GOF,0.059466083109034826,0.6645945961891225,0.2759393207018426
25648,GOF,0.04817579553551282,0.7901525405349725,0.16167166392951463
25649,GOF,0.05730813273385912,0.7540009896006273,0.1886908776655137
25650,GOF,0.10544448874127017,0.5159926364673747,0.37856287479135525
25651,GOF,0.035864462449407115,0.5226711704525607,0.44146436709803216
25652,LOF,0.03107330179355186,0.4779050123388316,0.49102168586761646
25653,GOF,0.05567103564083615,0.5158766679892616,0.4284522963699023
25654,GOF,0.051213585156065035,0.6064884033839472,0.34229801145998784
25655,GOF,0.03949378255344485,0.7619609818741938,0.1985452355723613
25656,LOF,0.042095289961108985,0.23629451779207064,0.7216101922468203
25657,Neutral,0.5161660778584116,0.022250420885884786,0.46158350125570363
25658,LOF,0.0575247031166238,0.4131207346529195,0.5293545622304567
25659,LOF,0.14659223965145352,0.32010217917877126,0.5333055811697753
25660,LOF,0.10347431362284715,0.24545783081908887,0.6510678555580639
25661,LOF,0.06667038525738134,0.19153568648550498,0.7417939282571135
25662,LOF,0.04741657625934142,0.2397968314433584,0.7127865922973002
25663,LOF,0.08395829078949421,0.17627933941120968,0.7397623697992962
25664,LOF,0.2945623930582052,0.12188964773405488,0.5835479592077399
25665,Neutral,0.6141329370803895,0.07876573865221101,0.3071013242673996
25666,LOF,0.3747216464789724,0.06291952966227513,0.5623588238587525
25667,LOF,0.06945902691384591,0.13999645122705337,0.7905445218591007
25668,LOF,0.050673893922097195,0.18983602446262457,0.7594900816152783
25669,LOF,0.05247978295665963,0.19797193167609192,0.7495482853672484
25670,LOF,0.39528612665159485,0.08423332279010258,0.5204805505583026
25671,LOF,0.05384872191024401,0.18288575463844006,0.7632655234513159
25672,Neutral,0.6293651937274973,0.08222178734214419,0.2884130189303585
25673,LOF,0.24437305865325862,0.14781008169525806,0.6078168596514834
25674,LOF,0.38324382612529045,0.12638972353280442,0.490366450341905
25675,LOF,0.3862421183158602,0.1568490094349538,0.45690887224918597
25676,LOF,0.04304845071729287,0.19166976012143133,0.7652817891612759
25677,LOF,0.05205565046691129,0.13697379197967688,0.8109705575534119
25678,Neutral,0.4774000658919225,0.16513470950500075,0.3574652246030766
25679,Neutral,0.5672654818339471,0.09787056308145763,0.3348639550845954
25680,LOF,0.10500689373925493,0.1599927427000178,0.7350003635607273
25681,LOF,0.1106980444228986,0.19263111818858872,0.6966708373885128
25682,LOF,0.07244529912302362,0.21041507988063307,0.7171396209963434
25683,LOF,0.35237655925981615,0.14951821056483378,0.4981052301753501
25684,LOF,0.0493041838073789,0.25019975093092395,0.7004960652616972
25685,Neutral,0.48874211871361406,0.20881011831610088,0.30244776297028503
25686,GOF,0.11983838515080675,0.5330526198677005,0.34710899498149284
25687,GOF,0.15682824272575882,0.5677054648562393,0.2754662924180019
25688,GOF,0.03342889643006309,0.5842555278033169,0.38231557576661995
25689,LOF,0.03975231107780988,0.38613232474076487,0.5741153641814253
25690,GOF,0.01787286993341884,0.5783388927187314,0.40378823734784985
25691,GOF,0.04379413973678101,0.5867980745564554,0.36940778570676364
25692,Neutral,0.46573947169858676,0.08418800042216676,0.45007252787924645
25693,GOF,0.12010054794635448,0.6259159527002788,0.2539834993533668
25694,Neutral,0.47890531229097166,0.05122581550428113,0.46986887220474727
25695,LOF,0.17392280139340408,0.08983649313280327,0.7362407054737926
25696,LOF,0.38281807505918897,0.1506760497066359,0.4665058752341752
25697,Neutral,0.5359894108803901,0.11695301791561459,0.3470575712039952
25698,GOF,0.04900239560208262,0.7677553505845803,0.1832422538133369
25699,GOF,0.0349010824696163,0.6783844378991742,0.2867144796312096
25700,LOF,0.07523160553012495,0.09581947925682868,0.8289489152130465
25701,LOF,0.040196534917495176,0.43920732294583126,0.5205961421366736
25702,GOF,0.07586080884164605,0.6632937605509824,0.26084543060737164
25703,LOF,0.3669474176560077,0.026436820737347783,0.6066157616066445
25704,LOF,0.05009087965866701,0.12352052868562247,0.8263885916557105
25705,LOF,0.10292610602895715,0.17304492233688068,0.7240289716341622
25706,GOF,0.06496711237488449,0.6610867191964277,0.27394616842868785
25707,GOF,0.028325792124480297,0.4946781364378927,0.4769960714376269
25708,LOF,0.040890300651628284,0.47407844674452976,0.48503125260384194
25709,LOF,0.053198869633704605,0.14971389571806842,0.7970872346482268
25710,LOF,0.44646865239580746,0.09054040549162197,0.4629909421125707
25711,LOF,0.05218429810372922,0.22978294767878413,0.7180327542174867
25712,Neutral,0.5512656773387933,0.07332855407779842,0.3754057685834083
25713,LOF,0.07897504415228628,0.18724277422395924,0.7337821816237545
25714,LOF,0.06907611321138245,0.3274251096234779,0.6034987771651396
25715,LOF,0.05330351643697757,0.28840372248269686,0.6582927610803255
25716,LOF,0.3700111205154982,0.24712081862050772,0.38286806086399405
25717,Neutral,0.4661027443055856,0.12558666282867537,0.40831059286573895
25718,LOF,0.05572874672802406,0.14554163904906128,0.7987296142229147
25719,LOF,0.06776904784204688,0.1873240648951049,0.7449068872628481
25720,LOF,0.05893893984878502,0.0988254459576469,0.8422356141935682
25721,LOF,0.05189035041282145,0.09428460121137718,0.8538250483758013
25722,LOF,0.06480662408975145,0.16344608042188333,0.7717472954883652
25723,LOF,0.05209435169118363,0.4053183071924925,0.5425873411163239
25724,LOF,0.05893007250195357,0.2975121301646525,0.6435577973333939
25725,LOF,0.07987774661974224,0.17431469567341681,0.7458075577068408
25726,LOF,0.05318418275018248,0.1684911085684955,0.778324708681322
25727,LOF,0.06367322395446394,0.14335847846135785,0.7929682975841783
25728,LOF,0.04810003719981187,0.23235573665948156,0.7195442261407066
25729,LOF,0.04810003719981187,0.23235573665948156,0.7195442261407066
25730,LOF,0.03994471410132898,0.24221405359942114,0.7178412322992499
25731,LOF,0.248894854515086,0.08372694036638297,0.667378205118531
25732,LOF,0.0704154259394926,0.16003205061839443,0.7695525234421129
25733,LOF,0.04426880204581899,0.27069160956213373,0.6850395883920474
25734,LOF,0.31579329904181186,0.06991476009312275,0.6142919408650653
25735,LOF,0.04340389894265753,0.21152428733402648,0.745071813723316
25736,LOF,0.046304633947011876,0.28933555828440577,0.6643598077685824
25737,LOF,0.04684283954635078,0.25599326104989123,0.697163899403758
25738,LOF,0.051393744488509,0.33755091515439006,0.611055340357101
25739,LOF,0.050185017978315545,0.2561855158511591,0.6936294661705253
25740,LOF,0.08199954743615334,0.1800358338590399,0.7379646187048067
25741,LOF,0.09500686155182801,0.14513542375070393,0.7598577146974681
25742,LOF,0.11522192940706058,0.246113837134008,0.6386642334589314
25743,LOF,0.3132670374567872,0.06736748974725222,0.6193654727959605
25744,GOF,0.045310330869886076,0.6118881188398642,0.3428015502902496
25745,GOF,0.04245228982123861,0.7200507024076369,0.23749700777112465
25746,GOF,0.04730674561343398,0.6967514639268719,0.2559417904596941
25747,LOF,0.048686407789320756,0.1423254392278736,0.8089881529828057
25748,Neutral,0.42839946060486433,0.21519423014236624,0.3564063092527695
25749,GOF,0.029929615472327094,0.6681938099114967,0.3018765746161761
25750,GOF,0.03350654314381551,0.6585905733749634,0.3079028834812212
25751,LOF,0.05068062612853912,0.26527175711071366,0.6840476167607472
25752,LOF,0.23125432856704523,0.3689444763572746,0.3998011950756803
25753,LOF,0.29194844645168555,0.08481055171808444,0.6232410018302299
25754,GOF,0.028027160825025953,0.6128712146637484,0.35910162451122574
25755,LOF,0.22109967854346657,0.13363620653160585,0.6452641149249275
25756,Neutral,0.6769394765602583,0.06434688263249626,0.25871364080724557
25757,GOF,0.04960461132781639,0.6533901144071768,0.2970052742650069
25758,GOF,0.035378016397463574,0.7130830071910594,0.25153897641147704
25759,GOF,0.02446973361537821,0.6395503847959116,0.33597988158871006
25760,LOF,0.306592606969917,0.1565829118922184,0.5368244811378646
25761,GOF,0.02983493607830172,0.7181078481340538,0.2520572157876445
25762,Neutral,0.6962700359195951,0.07461198677178618,0.22911797730861866
25763,LOF,0.30907187383945267,0.07142316018292397,0.6195049659776233
25764,GOF,0.18222512242829106,0.5385220693131454,0.2792528082585635
25765,GOF,0.029256184929374898,0.7055709970889754,0.2651728179816497
25766,GOF,0.05525396672830076,0.6192643541442648,0.3254816791274344
25767,GOF,0.04271468762762073,0.7362619723392596,0.22102334003311974
25768,LOF,0.052508371968287636,0.1612847604990647,0.7862068675326476
25769,LOF,0.06157335280160775,0.12024265312937481,0.8181839940690174
25770,Neutral,0.6289546318477227,0.06343321580670047,0.3076121523455768
25771,LOF,0.24660370512828553,0.09749233006068816,0.6559039648110264
25772,LOF,0.05945624608746552,0.11188713113507653,0.828656622777458
25773,Neutral,0.4928369843123888,0.06263921449820238,0.44452380118940876
25774,Neutral,0.6691989321693507,0.08137959547439419,0.2494214723562552
25775,LOF,0.23655229435392333,0.046990683935294736,0.716457021710782
25776,LOF,0.04319726500946016,0.11797217415393849,0.8388305608366015
25777,Neutral,0.6338190157967066,0.05413324839493873,0.3120477358083547
25778,LOF,0.07787710293622664,0.06581886678497094,0.8563040302788023
25779,GOF,0.06517784426806998,0.7130201018733712,0.22180205385855875
25780,GOF,0.05641159781273409,0.7830412760223994,0.16054712616486658
25781,GOF,0.054006521720029704,0.7596801942803602,0.18631328399961
25782,GOF,0.048683648881407734,0.7323377595485332,0.21897859157005897
25783,GOF,0.06413547427338077,0.7791802234265462,0.15668430230007305
25784,GOF,0.06806830279143893,0.7442370691778836,0.18769462803067757
25785,GOF,0.06488396102512602,0.7158357524719431,0.21928028650293097
25786,GOF,0.04225332936178472,0.7025397827949471,0.25520688784326806
25787,GOF,0.039009482907627555,0.5465715031717957,0.4144190139205768
25788,LOF,0.05616264619004896,0.13633091085758087,0.8075064429523702
25789,GOF,0.05402692081663151,0.8142422876016732,0.13173079158169518
25790,GOF,0.04626460874557478,0.7450182259109199,0.20871716534350515
25791,GOF,0.0301824526572085,0.6988729260024357,0.2709446213403559
25792,GOF,0.030847950095021715,0.6988732559751174,0.27027879392986087
25793,GOF,0.025723438487716594,0.7099361726251765,0.264340388887107
25794,GOF,0.06142170669997633,0.6983732501623451,0.24020504313767851
25795,GOF,0.07466088942856841,0.7040282482368247,0.22131086233460676
25796,GOF,0.04740021865210442,0.7228754517481686,0.2297243295997271
25797,GOF,0.04609465982916583,0.7562837755388925,0.1976215646319416
25798,GOF,0.06340323656796233,0.8230327401872554,0.11356402324478236
25799,GOF,0.09785334884781524,0.8073193381489802,0.0948273130032046
25800,GOF,0.08845407445097546,0.8223353025522163,0.08921062299680824
25801,GOF,0.06565226032756724,0.7502301397554326,0.18411759991700014
25802,GOF,0.07820150203276446,0.7157089595434956,0.20608953842374
25803,GOF,0.04527574559972341,0.7391642460644036,0.21556000833587294
25804,GOF,0.07621470469060795,0.7131602915699735,0.2106250037394186
25805,GOF,0.05137432705395049,0.7426190826765884,0.20600659026946114
25806,GOF,0.049898050425190174,0.7405857635172541,0.2095161860575556
25807,GOF,0.07411019948703917,0.675176298335434,0.2507135021775268
25808,GOF,0.07187759053432598,0.7321925676992534,0.19592984176642053
25809,GOF,0.05363838259506961,0.762700885473154,0.18366073193177646
25810,GOF,0.05020882897808556,0.7885699615828544,0.16122120943906013
25811,GOF,0.04711088413223185,0.5435762714277678,0.40931284444000027
25812,GOF,0.05215231829993829,0.7878414205861296,0.16000626111393212
25813,GOF,0.06659942190857288,0.777102347466622,0.15629823062480522
25814,GOF,0.0632894541829751,0.7994089238986581,0.1373016219183668
25815,GOF,0.04532000575243546,0.7781372640354571,0.1765427302121075
25816,GOF,0.03666282350656121,0.770124201578166,0.19321297491527284
25817,GOF,0.03151751626120884,0.7480592939419972,0.22042318979679398
25818,GOF,0.035570961051217535,0.6856872128579441,0.27874182609083836
25819,GOF,0.0692477942441965,0.7049048537502663,0.22584735200553724
25820,GOF,0.06535694193179073,0.7758895645649281,0.15875349350328102
25821,GOF,0.06591361706247281,0.7803929525943395,0.1536934303431876
25822,GOF,0.06424484787775601,0.6654912040465562,0.27026394807568793
25823,GOF,0.10236273295557298,0.616009794549863,0.281627472494564
25824,GOF,0.0807447963349418,0.6761575868416616,0.2430976168233965
25825,GOF,0.07793738368818577,0.675480546372291,0.2465820699395231
25826,GOF,0.0807447963349418,0.6761575868416616,0.2430976168233965
25827,GOF,0.053682593594445785,0.7519763885660855,0.19434101783946883
25828,GOF,0.04955959257355598,0.7268227808812748,0.2236176265451693
25829,LOF,0.39493984566866164,0.08251610989462979,0.5225440444367085
25830,LOF,0.04883842555250396,0.24015556519049386,0.7110060092570022
25831,GOF,0.04121241254831402,0.614408614880947,0.3443789725707389
25832,GOF,0.05130678734097282,0.6829307454510856,0.26576246720794167
25833,GOF,0.04998072431941547,0.6896302406650969,0.26038903501548755
25834,GOF,0.04862220062929472,0.63922530230888,0.3121524970618254
25835,GOF,0.06057051515522688,0.6619374071142062,0.277492077730567
25836,GOF,0.05432257698606728,0.6365251542315425,0.30915226878239027
25837,GOF,0.054714683430655824,0.6507633841298344,0.29452193243950975
25838,GOF,0.053039628225471536,0.6545976032078762,0.29236276856665216
25839,GOF,0.05535937277893254,0.6389492579944966,0.30569136922657086
25840,GOF,0.0359446977094633,0.6818379404886955,0.28221736180184126
25841,GOF,0.036419897995716315,0.6754215321518211,0.28815856985246247
25842,GOF,0.027249754459847703,0.6755208931092916,0.2972293524308606
25843,GOF,0.028030843710500106,0.6733803765782247,0.2985887797112752
25844,GOF,0.03491188627780864,0.6296386465446857,0.3354494671775057
25845,GOF,0.03560686007450916,0.6838383856595155,0.28055475426597537
25846,GOF,0.03428128996824798,0.6294780549093635,0.33624065512238865
25847,GOF,0.06587448015790659,0.5771936888328519,0.35693183100924153
25848,GOF,0.04808828302812013,0.6832435921958548,0.268668124776025
25849,GOF,0.04568992130156055,0.6813582562179049,0.27295182248053457
25850,GOF,0.10279120740306637,0.7185482679779103,0.17866052461902338
25851,GOF,0.1147424082918724,0.7043252228950879,0.18093236881303967
25852,GOF,0.15727234326073497,0.49997908256568163,0.34274857417358345
25853,GOF,0.09887482910567322,0.6746513005864324,0.22647387030789431
25854,GOF,0.044228809801612624,0.7824501430982067,0.1733210471001807
25855,GOF,0.05269842545755207,0.8156698850736386,0.13163168946880927
25856,GOF,0.05502270036756185,0.8136554247840546,0.13132187484838348
25857,GOF,0.05505386095867884,0.8262691804305018,0.11867695861081938
25858,GOF,0.059781701736656236,0.6467364070640932,0.2934818911992505
25859,GOF,0.05907916006708019,0.6581722236632374,0.28274861626968245
25860,GOF,0.0596143246206925,0.5825238534472418,0.35786182193206584
25861,GOF,0.05653428019191682,0.546258886995993,0.3972068328120901
25862,GOF,0.030747923617610803,0.7484751593474629,0.22077691703492627
25863,GOF,0.03348410259713255,0.7505916738636267,0.2159242235392407
25864,GOF,0.038209780867243005,0.7868153146758924,0.17497490445686475
25865,GOF,0.039865118983400685,0.8034958030650512,0.15663907795154802
25866,GOF,0.03751542412664973,0.8025180318384117,0.1599665440349386
25867,GOF,0.0374810741589451,0.7996039857737992,0.1629149400672556
25868,GOF,0.04576795397855337,0.6550923825543897,0.299139663467057
25869,GOF,0.05655393172581473,0.6669983190767659,0.27644774919741943
25870,LOF,0.045175605100996316,0.23666045987593967,0.718163935023064
25871,GOF,0.04476927706628917,0.6522604522873051,0.3029702706464058
25872,GOF,0.051810337988447176,0.5322110114912685,0.41597865052028427
25873,GOF,0.0619280048144671,0.6187855813182542,0.31928641386727863
25874,LOF,0.06115462424409272,0.09269193225112499,0.8461534435047824
25875,GOF,0.07359961530057796,0.7068490613911944,0.21955132330822777
25876,LOF,0.46137181956646395,0.06133237521115915,0.47729580522237686
25877,GOF,0.05928858038672481,0.6158258873041019,0.3248855323091733
25878,GOF,0.0382226789725842,0.7222690608740611,0.23950826015335486
25879,GOF,0.05065649755043753,0.5324287341073414,0.416914768342221
25880,LOF,0.07852547874600829,0.14171373998673376,0.779760781267258
25881,Neutral,0.7309147580006334,0.1894688321595862,0.07961640983978038
25882,LOF,0.3513448131205665,0.17322466880993562,0.47543051806949804
25883,LOF,0.07271346682629401,0.14682107819088647,0.7804654549828194
25884,LOF,0.4410366813268345,0.07040996080793936,0.48855335786522613
25885,Neutral,0.5471458132480023,0.010181630778892985,0.44267255597310484
25886,Neutral,0.42839946060486433,0.21519423014236624,0.3564063092527695
25887,Neutral,0.4183564564085672,0.3953704890911383,0.18627305450029452
25888,GOF,0.08067419249659093,0.5638223227692112,0.35550348473419785
25889,LOF,0.23842628012097372,0.1690284556510694,0.5925452642279568
25890,LOF,0.1420431798949679,0.28331182057001963,0.5746449995350125
25891,LOF,0.30027858063493257,0.2727937071557528,0.4269277122093146
25892,LOF,0.015563553335576207,0.3887056746661068,0.595730771998317
25893,LOF,0.4057347298584456,0.17458144386694238,0.4196838262746121
25894,LOF,0.412875609219997,0.08548037379402836,0.5016440169859747
25895,LOF,0.4146351409071008,0.10276955404323594,0.4825953050496634
25896,Neutral,0.6342876488722858,0.06341513803048339,0.30229721309723084
25897,LOF,0.23027950063402958,0.1625809225913976,0.6071395767745728
25898,GOF,0.06361491324041475,0.7099594928929028,0.22642559386668237
25899,Neutral,0.42839946060486433,0.21519423014236624,0.3564063092527695
25900,Neutral,0.8095513859689621,0.04965929574022139,0.14078931829081645
25901,LOF,0.06319452497615631,0.1271722644244387,0.8096332105994051
25902,LOF,0.3393374131036088,0.16084352129383037,0.4998190656025608
25903,LOF,0.17425162872549518,0.3393308223438544,0.4864175489306505
25904,Neutral,0.42839946060486433,0.21519423014236624,0.3564063092527695
25905,LOF,0.06459114537983286,0.3986576028730633,0.5367512517471039
25906,LOF,0.3671619191027549,0.07818321795001555,0.5546548629472295
25907,GOF,0.04460031492417185,0.5456744619703664,0.4097252231054617
25908,GOF,0.043193480171833006,0.5126856942450785,0.44412082558308846
25909,LOF,0.08521867792468811,0.38409169435540164,0.5306896277199102
25910,LOF,0.023594337574730045,0.427537881496979,0.5488677809282909
25911,Neutral,0.6845091439168042,0.06383563694330771,0.25165521913988814
25912,Neutral,0.5337533667170458,0.029965627580536988,0.4362810057024172
25913,GOF,0.023684076299577,0.6572813660920336,0.31903455760838956
25914,LOF,0.05231457820014613,0.2234321310652994,0.7242532907345544
25915,GOF,0.0788771718811748,0.6269554837034559,0.2941673444153693
25916,GOF,0.0653603409254077,0.7938063883195215,0.14083327075507054
25917,Neutral,0.7507915885624553,0.05579255635500529,0.1934158550825393
25918,LOF,0.059545434773926834,0.23886885452516193,0.7015857107009111
25919,LOF,0.04902151658434539,0.09030606604504154,0.8606724173706131
25920,LOF,0.32981462336137185,0.3119929625050196,0.3581924141336085
25921,LOF,0.3756091847861541,0.04129476401405743,0.5830960511997884
25922,LOF,0.2550555826681963,0.04474353862838605,0.7002008787034176
25923,Neutral,0.42839946060486433,0.21519423014236624,0.3564063092527695
25924,LOF,0.270667949690966,0.1475500391662578,0.5817820111427762
25925,Neutral,0.6277189412790491,0.07362788317142227,0.29865317554952864
25926,Neutral,0.6792342579129115,0.08421752672227338,0.2365482153648151
25927,GOF,0.03201662182668774,0.505078845667158,0.46290453250615415
25928,LOF,0.31973052025130216,0.0714015307151773,0.6088679490335206
25929,Neutral,0.42839946060486433,0.21519423014236624,0.3564063092527695
25930,LOF,0.0540719962092382,0.14145804172459547,0.8044699620661663
25931,LOF,0.36123094857666926,0.09941558713511041,0.5393534642882203
25932,LOF,0.07635785885240468,0.10020628844892535,0.8234358526986699
25933,LOF,0.07915208582650163,0.13295458427978685,0.7878933298937115
25934,LOF,0.07762826485815276,0.1470408762784956,0.7753308588633516
25935,Neutral,0.6691989321693507,0.08137959547439419,0.2494214723562552
25936,LOF,0.06753594297973832,0.09566736837371813,0.8367966886465436
25937,LOF,0.3166722406892534,0.1834952464537669,0.4998325128569798
25938,Neutral,0.6845091439168042,0.06383563694330771,0.25165521913988814
25939,LOF,0.04507789472736015,0.15082046726692697,0.8041016380057128
25940,GOF,0.1137358252842467,0.7330959207176536,0.15316825399809966
25941,Neutral,0.5003493745663098,0.21114202930679535,0.2885085961268949
25942,LOF,0.23737384120164456,0.17533735588244526,0.5872888029159101
25943,LOF,0.025332987106091595,0.39880397419928365,0.5758630386946247
25944,LOF,0.019432291724574967,0.46564428311237693,0.514923425163048
25945,LOF,0.044848673741919455,0.14213246124105308,0.8130188650170274
25946,LOF,0.4105069393258614,0.05467356270489107,0.5348194979692475
25947,Neutral,0.6838246773189351,0.06243541161862984,0.253739911062435
25948,Neutral,0.4867259443588627,0.06543210249709122,0.44784195314404607
25949,LOF,0.3855635622187844,0.054241807837721374,0.5601946299434942
25950,GOF,0.06334819564078446,0.6374899096000473,0.29916189475916827
25951,GOF,0.023057867748863408,0.7224027471051023,0.25453938514603414
25952,LOF,0.1790628777503217,0.37847742685395985,0.44245969539571856
25953,LOF,0.043457079200435365,0.3691465734945564,0.5873963473050083
25954,GOF,0.0403895454903746,0.6999102358675182,0.2597002186421072
25955,GOF,0.027013445770183005,0.6143248974013812,0.3586616568284358
25956,GOF,0.06393258729274331,0.5845254215216256,0.3515419911856311
25957,Neutral,0.62258712275978,0.044914428566501234,0.3324984486737189
25958,LOF,0.10034138473244648,0.13570131849029285,0.7639572967772607
25959,LOF,0.02091123862920246,0.47751142871968144,0.5015773326511161
25960,LOF,0.3284487909102007,0.05586770581939368,0.6156835032704057
25961,LOF,0.041799577879190766,0.4219733359691544,0.5362270861516548
25962,LOF,0.37192032247492346,0.042139326891128724,0.5859403506339478
25963,GOF,0.0361802001261052,0.5772194735533418,0.38660032632055297
25964,LOF,0.06891734193214183,0.31860448331589997,0.6124781747519582
25965,GOF,0.15143423029071446,0.5416853433140097,0.3068804263952758
25966,Neutral,0.42839946060486433,0.21519423014236624,0.3564063092527695
25967,LOF,0.3406422947251401,0.07284656428578484,0.5865111409890751
25968,GOF,0.22260763082203414,0.525615815795067,0.25177655338289895
25969,Neutral,0.5590567211045424,0.05317640994664391,0.3877668689488137
25970,LOF,0.3440705491017587,0.16622353857613711,0.48970591232210414
25971,LOF,0.11322308989923097,0.18382536613635708,0.702951543964412
25972,LOF,0.11641610707020067,0.15234791352578628,0.7312359794040132
25973,LOF,0.39180151677136266,0.03906236417547692,0.5691361190531604
25974,GOF,0.06206691032908946,0.5788251118247135,0.3591079778461971
25975,LOF,0.05019232937823919,0.07986420087240612,0.8699434697493547
25976,LOF,0.36836727624293214,0.018399126370187695,0.6132335973868801
25977,Neutral,0.5569820760258662,0.06589666977356838,0.37712125420056536
25978,LOF,0.17309297028323434,0.18422812772581607,0.6426789019909496
25979,LOF,0.10164573375163667,0.19937297408616206,0.6989812921622014
25980,LOF,0.20757175633808542,0.3766821419870478,0.41574610167486686
25981,GOF,0.21548735466503838,0.4449047268485936,0.339607918486368
25982,LOF,0.17622820208511872,0.30500145684730545,0.5187703410675759
25983,LOF,0.12335653593594766,0.3253469241354234,0.5512965399286289
25984,LOF,0.07034578299656444,0.14496946648885436,0.7846847505145812
25985,Neutral,0.7469300862504858,0.13495875045977485,0.11811116328973939
25986,GOF,0.03759762783671609,0.651259648295647,0.3111427238676369
25987,LOF,0.38154470178727856,0.04412011896494197,0.5743351792477794
25988,LOF,0.050010591064094466,0.2677689652495066,0.6822204436863989
25989,LOF,0.06141719647092526,0.3016665895015512,0.6369162140275236
25990,LOF,0.05061140196521429,0.3191256897792539,0.6302629082555319
25991,GOF,0.0460589358147458,0.5470117863224577,0.40692927786279653
25992,GOF,0.062104743503379016,0.5744145203486937,0.3634807361479273
25993,LOF,0.05905393042457594,0.12106063527991559,0.8198854342955085
25994,LOF,0.08699157132324213,0.09542371143135936,0.8175847172453985
25995,LOF,0.048194302109583205,0.18358813456420928,0.7682175633262075
25996,GOF,0.3190319303319864,0.4026659499916368,0.27830211967637686
25997,GOF,0.19379464645251368,0.465279738315845,0.3409256152316413
25998,LOF,0.24538475961844167,0.27941266529383585,0.47520257508772246
25999,LOF,0.024542906823356865,0.3186284847834467,0.6568286083931966
26000,LOF,0.37216202642068374,0.08087796950343223,0.5469600040758841
26001,LOF,0.1793691786027068,0.3365838963164968,0.48404692508079633
26002,LOF,0.32929608254082987,0.11708851335868485,0.5536154041004853
26003,GOF,0.05797055116134573,0.6853074607970603,0.25672198804159385
26004,GOF,0.1392671982450607,0.6856305837542461,0.17510221800069303
26005,GOF,0.04644049193385625,0.7418799032859555,0.21167960478018807
26006,GOF,0.06105425368358834,0.6507387421320701,0.2882070041843416
26007,GOF,0.03287836920271443,0.746430571627974,0.2206910591693117
26008,GOF,0.1324827236517506,0.6514578649898175,0.21605941135843176
26009,GOF,0.0890316989614618,0.6355048270165928,0.2754634740219453
26010,GOF,0.04241815634982251,0.7816549166842365,0.17592692696594084
26011,GOF,0.04600803589805828,0.673173807007139,0.2808181570948026
26012,GOF,0.03597845996702656,0.7592346192664677,0.2047869207665057
26013,GOF,0.05158412196928822,0.680663688939902,0.2677521890908096
26014,Neutral,0.5243816352092485,0.04783680319908451,0.427781561591667
26015,LOF,0.26483198280957165,0.2680382284731568,0.4671297887172716
26016,LOF,0.22534983016737042,0.30060405042644445,0.4740461194061851
26017,GOF,0.02991169200011943,0.501488264855706,0.4686000431441746
26018,LOF,0.0393025409707811,0.26119407888438817,0.6995033801448306
26019,LOF,0.04811030362042112,0.10058415472517318,0.8513055416544058
26020,GOF,0.020363201023315465,0.5905617167124502,0.3890750822642343
26021,LOF,0.36516830806661515,0.12825692735414143,0.5065747645792434
26022,LOF,0.28110300364504,0.058976392959470186,0.6599206033954897
26023,LOF,0.0842317656922621,0.061291242080480465,0.8544769922272574
26024,LOF,0.12608029854178882,0.21179344780471673,0.6621262536534945
26025,LOF,0.03895947261169724,0.3702070194090244,0.5908335079792785
26026,LOF,0.0352055319482271,0.47239252926776315,0.49240193878400984
26027,LOF,0.07474621574901298,0.21133948756693222,0.7139142966840548
26028,GOF,0.1659548494018803,0.4556741286055862,0.3783710219925335
26029,GOF,0.06646640787774322,0.7256555086202141,0.20787808350204257
26030,Neutral,0.6428984825448281,0.025781287143595254,0.33132023031157676
26031,GOF,0.03630635429193023,0.6472124595638692,0.3164811861442006
26032,LOF,0.057685292192512304,0.13524431492311592,0.8070703928843717
26033,LOF,0.05981682606666993,0.13194218160455393,0.8082409923287762
26034,GOF,0.033036062321216926,0.6609523970218766,0.30601154065690644
26035,GOF,0.03619182604572602,0.673130930092328,0.29067724386194593
26036,GOF,0.03330205524157688,0.566837041203254,0.3998609035551691
26037,GOF,0.04226086867762328,0.6417757256319324,0.31596340569044445
26038,LOF,0.05415755659303215,0.12132576482116068,0.8245166785858071
26039,GOF,0.03998258315209284,0.5664896758780031,0.393527740969904
26040,LOF,0.05278417337493152,0.14550382892340594,0.8017119977016626
26041,GOF,0.0721225289184591,0.543232800449718,0.384644670631823
26042,GOF,0.06716931715320527,0.5297965987970722,0.4030340840497226
26043,LOF,0.04242851805145359,0.27934232289566324,0.6782291590528832
26044,Neutral,0.459686534637603,0.1207526077875688,0.41956085757482825
26045,GOF,0.0504810317150286,0.6799807308515687,0.2695382374334026
26046,LOF,0.057437696549540194,0.28244874152125693,0.6601135619292029
26047,LOF,0.10860481403905468,0.20145820533746556,0.6899369806234797
26048,Neutral,0.5551226744182315,0.07937936726686533,0.36549795831490317
26049,Neutral,0.6229686769700618,0.13661804835003197,0.24041327467990625
26050,Neutral,0.6691989321693507,0.08137959547439419,0.2494214723562552
26051,GOF,0.03563506452147099,0.623406349024226,0.34095858645430305
26052,GOF,0.043777794893303565,0.7670857586395031,0.1891364464671934
26053,LOF,0.43569942835410497,0.06569884233868999,0.4986017293072051
26054,Neutral,0.6845091439168042,0.06383563694330771,0.25165521913988814
26055,Neutral,0.6845091439168042,0.06383563694330771,0.25165521913988814
26056,Neutral,0.6845091439168042,0.06383563694330771,0.25165521913988814
26057,LOF,0.05690658047822464,0.15138083265508445,0.7917125868666909
26058,LOF,0.06581983842000692,0.15291769086817786,0.7812624707118153
26059,Neutral,0.8354573577924739,0.05179123602275113,0.11275140618477505
26060,GOF,0.027530766085872068,0.7096550045677525,0.2628142293463753
26061,LOF,0.31886369126868724,0.08715043617306922,0.5939858725582435
26062,LOF,0.38843121768283434,0.05176150827644933,0.5598072740407164
26063,LOF,0.07835384565213052,0.08149798600598275,0.8401481683418868
26064,LOF,0.38159557608983014,0.035673260849515394,0.5827311630606545
26065,LOF,0.04975645822462363,0.15068998007732146,0.799553561698055
26066,LOF,0.0714590476681003,0.14409369025333488,0.7844472620785647
26067,LOF,0.06130294522889833,0.22736704883188782,0.7113300059392138
26068,Neutral,0.6293651937274973,0.08222178734214419,0.2884130189303585
26069,Neutral,0.6061855678391248,0.08727947579218147,0.3065349563686936
26070,Neutral,0.6061855678391248,0.08727947579218147,0.3065349563686936
26071,LOF,0.07045206611388273,0.13982100243461137,0.789726931451506
26072,LOF,0.3331848939587067,0.154009986022114,0.5128051200191793
26073,LOF,0.08502853576698252,0.10234935800333725,0.8126221062296802
26074,Neutral,0.8075276410418922,0.06120892204359315,0.13126343691451464
26075,Neutral,0.6196927532827379,0.09071521005437391,0.28959203666288813
26076,LOF,0.05270421199675641,0.2607469754768291,0.6865488125264145
26077,Neutral,0.5940729672497927,0.034751007715584994,0.3711760250346222
26078,LOF,0.37148550481912895,0.14157472769569873,0.4869397674851723
26079,Neutral,0.6683899620368097,0.09559290235210896,0.2360171356110813
26080,Neutral,0.6683899620368097,0.09559290235210896,0.2360171356110813
26081,LOF,0.05685161491088915,0.08334566916798015,0.8598027159211308
26082,LOF,0.3557795821018467,0.11560570115589312,0.5286147167422601
26083,LOF,0.03670483104349411,0.2431666495301932,0.7201285194263126
26084,LOF,0.03670483104349411,0.2431666495301932,0.7201285194263126
26085,LOF,0.03978991803362639,0.18254858333039414,0.7776614986359794
26086,LOF,0.05030405943880904,0.13923201575187907,0.810463924809312
26087,LOF,0.04827356789931079,0.19345161753440626,0.758274814566283
26088,LOF,0.4346212630929487,0.09254176813411188,0.47283696877293957
26089,Neutral,0.6630407648421658,0.08241796487787405,0.2545412702799601
26090,Neutral,0.6630407648421658,0.08241796487787405,0.2545412702799601
26091,LOF,0.08920450358794084,0.0789630523514025,0.8318324440606567
26092,LOF,0.06627125655720131,0.0915016750536537,0.842227068389145
26093,LOF,0.06367844987741883,0.10176138670006225,0.8345601634225188
26094,LOF,0.08490728484745556,0.09041760070045603,0.8246751144520884
26095,LOF,0.3304445332729815,0.07701804137026222,0.5925374253567564
26096,Neutral,0.5365389521643067,0.028481803543570685,0.4349792442921227
26097,LOF,0.24669614852147725,0.06425949767982408,0.6890443537986986
26098,Neutral,0.6769394765602583,0.06434688263249626,0.25871364080724557
26099,LOF,0.04214563449689802,0.24427412079800045,0.7135802447051016
26100,LOF,0.04214563449689802,0.24427412079800045,0.7135802447051016
26101,LOF,0.06855494133567758,0.16776557422051275,0.7636794844438096
26102,LOF,0.0607869692622393,0.10299486248492538,0.8362181682528353
26103,Neutral,0.42839946060486433,0.21519423014236624,0.3564063092527695
26104,Neutral,0.7148373103830971,0.08547662718858251,0.19968606242832035
26105,LOF,0.27992592834469826,0.10584809127633613,0.6142259803789656
26106,Neutral,0.43462177847929917,0.16627059013203854,0.39910763138866234
26107,GOF,0.020344508644724212,0.6537235298628397,0.3259319614924362
26108,GOF,0.2735778215128106,0.44824295166143946,0.27817922682574986
26109,Neutral,0.53349551235158,0.10073881639404837,0.3657656712543716
26110,Neutral,0.49090848297090905,0.13771271835968435,0.37137879866940654
26111,LOF,0.04314980147436434,0.4019479091204727,0.554902289405163
26112,LOF,0.08770089378229147,0.07374619335878219,0.8385529128589264
26113,LOF,0.07167956093111066,0.18091239627208616,0.7474080427968032
26114,LOF,0.4036471852073536,0.14407440371450303,0.4522784110781434
26115,GOF,0.030849035904104528,0.6663950805966796,0.3027558834992159
26116,LOF,0.1195155540392724,0.22686485101595616,0.6536195949447714
26117,Neutral,0.42839946060486433,0.21519423014236624,0.3564063092527695
26118,LOF,0.0549027378927965,0.12554522620064995,0.8195520359065535
26119,LOF,0.013702206542098848,0.4277174879309982,0.558580305526903
26120,LOF,0.07618119364573257,0.12627539291053744,0.79754341344373
26121,LOF,0.03225135407493523,0.20163947288969358,0.7661091730353712
