feature0,prediction,LoGoFunc_Neutral,LoGoFunc_GOF,LoGoFunc_LOF
25546,Neutral,0.719463595981088,0.03217272855778368,0.24836367546112834
25547,Neutral,0.5627266899052024,0.07282080515745046,0.3644525049373472
25548,Neutral,0.572543485144287,0.05043472728775013,0.37702178756796295
25549,Neutral,0.4933732960415398,0.05107814291456905,0.4555485610438911
25550,LOF,0.3561341569883076,0.09395569344731768,0.5499101495643747
25551,LOF,0.3031299140946517,0.10396390613007356,0.5929061797752747
25552,LOF,0.22580539970042945,0.09795531788184601,0.6762392824177245
25553,Neutral,0.8441610557603119,0.0253300301142351,0.13050891412545298
25554,LOF,0.25559910530495755,0.09296700699847417,0.6514338876965683
25555,LOF,0.20994743135181448,0.08444172921795712,0.7056108394302284
25556,LOF,0.41054308403841905,0.08252283136659108,0.5069340845949899
25557,LOF,0.20453515881393716,0.08709635540453728,0.7083684857815256
25558,LOF,0.23956573905293438,0.0946272538534657,0.6658070070936
25559,LOF,0.35186158295027686,0.17721296768872163,0.4709254493610015
25560,LOF,0.06099406456241271,0.12943823663801862,0.8095676987995686
25561,LOF,0.12696645362049344,0.13494370687364288,0.7380898395058636
25562,LOF,0.1262930385733399,0.0466290584843338,0.8270779029423263
25563,LOF,0.11226437682592703,0.0681876566964197,0.8195479664776533
25564,LOF,0.24511209438319398,0.12156652125492508,0.6333213843618809
25565,LOF,0.15481893076273381,0.09500069839670823,0.7501803708405579
25566,GOF,0.015202797356321766,0.7632634486131437,0.2215337540305347
25567,LOF,0.016720243120462063,0.15403653913491416,0.8292432177446238
25568,LOF,0.05015268278362389,0.06080689923412245,0.8890404179822536
25569,LOF,0.06276941414698484,0.05823752600285442,0.8789930598501607
25570,LOF,0.06265263043539515,0.09212432993933518,0.8452230396252696
25571,LOF,0.054318623405568686,0.08767329532299752,0.8580080812714339
25572,LOF,0.06021236159524075,0.11625089995254724,0.823536738452212
25573,LOF,0.03524076539851268,0.0970006705896233,0.8677585640118639
25574,LOF,0.020181739171185525,0.13287327369869473,0.8469449871301197
25575,LOF,0.04577558075524307,0.10252470744217568,0.8516997118025813
25576,LOF,0.016629258387365238,0.12576579804567597,0.8576049435669588
25577,LOF,0.014700248147996921,0.11631934516520191,0.8689804066868011
25578,LOF,0.2425527736097113,0.07673580572270819,0.6807114206675805
25579,LOF,0.24256494892103916,0.07610119321103427,0.6813338578679266
25580,LOF,0.030499272813742987,0.07405053951152639,0.8954501876747305
25581,LOF,0.05441777078713936,0.062037778922518806,0.8835444502903418
25582,LOF,0.05428721802915334,0.06041336095122363,0.885299421019623
25583,LOF,0.042066020427939256,0.08013847785916944,0.8777955017128913
25584,Neutral,0.48088571857731555,0.09735715392398803,0.42175712749869637
25585,LOF,0.027842119011511193,0.117946713227847,0.8542111677606419
25586,LOF,0.02774191319929581,0.06672613029316792,0.9055319565075363
25587,LOF,0.028226566230384557,0.062077566223955535,0.9096958675456599
25588,LOF,0.029901163664038832,0.07933790645196809,0.8907609298839931
25589,Neutral,0.5963367042067779,0.1172670404573969,0.28639625533582524
25590,LOF,0.029410715352084057,0.12397580203251768,0.8466134826153981
25591,LOF,0.11988977584143676,0.05053856492282884,0.8295716592357345
25592,LOF,0.09080844437993481,0.12100486168673757,0.7881866939333276
25593,LOF,0.03204844724169246,0.23964885329852126,0.7283026994597862
25594,LOF,0.0433330415922425,0.21416121930813853,0.7425057390996189
25595,LOF,0.048590663840449126,0.1443069797815136,0.8071023563780373
25596,LOF,0.0460645444169933,0.1097627818231045,0.8441726737599021
25597,LOF,0.04058889984780304,0.11061435214494562,0.8487967480072514
25598,LOF,0.04565350932389651,0.14420434812587204,0.8101421425502314
25599,GOF,0.008117514819574003,0.6796086359140265,0.31227384926639945
25600,GOF,0.018564762527826788,0.6167981706766968,0.36463706679547625
25601,LOF,0.006363931360886207,0.4433595607997438,0.5502765078393699
25602,LOF,0.02523677839944479,0.04558897269330362,0.9291742489072516
25603,LOF,0.06336603677421293,0.02683366649782564,0.9098002967279615
25604,LOF,0.04398989849987357,0.031234641748419396,0.9247754597517069
25605,LOF,0.014601959631539731,0.196166144761259,0.7892318956072013
25606,LOF,0.11889555899124125,0.38961471280522203,0.49148972820353676
25607,LOF,0.006482240788569057,0.19079459882604624,0.8027231603853847
25608,LOF,0.03235635161301516,0.053291927785676436,0.9143517206013083
25609,LOF,0.04107469051207827,0.4498325928546494,0.5090927166332724
25610,LOF,0.035492987767472124,0.02901085891978806,0.9354961533127397
25611,LOF,0.03777020586166229,0.028133746408144433,0.9340960477301932
25612,LOF,0.08903802267243048,0.043301663145415156,0.8676603141821544
25613,LOF,0.0750456790963085,0.04414251072385575,0.8808118101798358
25614,LOF,0.0269574463295222,0.03696097206255764,0.9360815816079201
25615,LOF,0.03548618593680593,0.04510635129627761,0.9194074627669165
25616,LOF,0.02717618730372943,0.034150631309464004,0.9386731813868064
25617,LOF,0.026085545356000207,0.038024450633784096,0.9358900040102156
25618,LOF,0.1327771781511998,0.03253626636013748,0.8346865554886628
25619,LOF,0.028525579803615298,0.03322418558474899,0.9382502346116357
25620,LOF,0.030134125220031824,0.04560862387604242,0.9242572509039259
25621,LOF,0.02564506657389257,0.034693740440198635,0.9396611929859089
25622,LOF,0.02850195574322431,0.04362408187728436,0.9278739623794913
25623,LOF,0.04971510398914824,0.03923818843676018,0.9110467075740917
25624,LOF,0.02597429034421323,0.04079145974847471,0.9332342499073121
25625,LOF,0.028870079364151535,0.05050366766587935,0.920626252969969
25626,LOF,0.07687517157298625,0.03833261811493864,0.8847922103120751
25627,Neutral,0.561095978683511,0.1173060527811233,0.3215979685353658
25628,LOF,0.20033691408283444,0.06037830527090646,0.7392847806462591
25629,LOF,0.07190496456502175,0.06185927608645702,0.8662357593485212
25630,LOF,0.16398052624753826,0.09241577000000276,0.743603703752459
25631,Neutral,0.586409708054961,0.06828085335272627,0.3453094385923129
25632,LOF,0.018689556886097282,0.08373761085440577,0.897572832259497
25633,LOF,0.2119264355542295,0.07234842678836026,0.7157251376574102
25634,LOF,0.03578113961508263,0.10063265127903641,0.863586209105881
25635,LOF,0.042079027262152444,0.0797963026222832,0.8781246701155643
25636,GOF,0.003646972401789895,0.6554401114697284,0.34091291612848174
25637,GOF,0.004450493076400957,0.6877878406763217,0.3077616662472774
25638,LOF,0.008182447401703074,0.42531118019415115,0.5665063724041458
25639,GOF,0.0039899309981964925,0.5439732397225423,0.4520368292792613
25640,Neutral,0.46905615611892476,0.46549592645764415,0.06544791742343103
25641,LOF,0.009243912828547479,0.35393021354398174,0.6368258736274708
25642,LOF,0.2680641338496095,0.07084343908242421,0.6610924270679663
25643,LOF,0.2701119730346317,0.14167115141032594,0.5882168755550423
25644,GOF,0.014138381674980952,0.5623989877945165,0.42346263053050254
25645,GOF,0.011985885424837736,0.49627869789882034,0.4917354166763419
25646,LOF,0.017846756323606636,0.35430152559285594,0.6278517180835376
25647,LOF,0.015009312895839368,0.2894277679368109,0.6955629191673497
25648,LOF,0.013271973223864341,0.3195449156412214,0.6671831111349142
25649,LOF,0.01078463484724327,0.2341530842470043,0.7550622809057524
25650,LOF,0.02792153650170459,0.4854273732044815,0.486651090293814
25651,LOF,0.008855813538005618,0.2810410288284258,0.7101031576335686
25652,LOF,0.01548594182125772,0.25915694417618645,0.7253571140025558
25653,LOF,0.056225597649530945,0.36828635541314036,0.5754880469373287
25654,LOF,0.016145233901572333,0.15575253722451418,0.8281022288739135
25655,LOF,0.08209371164831747,0.4164331303770677,0.5014731579746149
25656,LOF,0.08008290554822534,0.07554210614155328,0.8443749883102213
25657,LOF,0.2650074991354414,0.03508137601233502,0.6999111248522236
25658,LOF,0.04445014925333625,0.09007077062979407,0.8654790801168697
25659,LOF,0.2941659443947803,0.06215874049953616,0.6436753151056835
25660,LOF,0.0763018095044984,0.09324233806229593,0.8304558524332056
25661,LOF,0.047199590265220207,0.0723497087569629,0.880450700977817
25662,LOF,0.0270987321373206,0.04428178359166368,0.9286194842710157
25663,LOF,0.03830218123410462,0.07208118982470141,0.889616628941194
25664,LOF,0.0332460192378734,0.0901669921657649,0.8765869885963616
25665,LOF,0.05868753269159925,0.041947172374740764,0.8993652949336599
25666,LOF,0.031830892912846014,0.14019061375574662,0.8279784933314074
25667,LOF,0.031207071433785188,0.05247724000128821,0.9163156885649266
25668,LOF,0.03183802308932681,0.0558597691523669,0.9123022077583063
25669,LOF,0.0374823763252577,0.0855234789655779,0.8769941447091645
25670,LOF,0.08843993968970644,0.08552312333357094,0.8260369369767226
25671,LOF,0.040914110446420585,0.04387903037882387,0.9152068591747555
25672,LOF,0.05748417785591261,0.06375984520745985,0.8787559769366277
25673,LOF,0.03809825965292833,0.07028328480058434,0.8916184555464873
25674,LOF,0.030658943056468824,0.07636760203168338,0.8929734549118478
25675,LOF,0.04081449376275374,0.054234108407845316,0.904951397829401
25676,LOF,0.03448263743356221,0.05843535400640062,0.9070820085600373
25677,LOF,0.05884944906822936,0.06256340357814594,0.8785871473536248
25678,LOF,0.2737139513914032,0.03969960812409407,0.6865864404845027
25679,LOF,0.1863297321206987,0.07406271395710048,0.7396075539222009
25680,LOF,0.06402215091058938,0.09422401942558853,0.8417538296638222
25681,LOF,0.11550409854071078,0.0889298354638621,0.7955660659954271
25682,LOF,0.044275135289894914,0.07806746644579977,0.8776573982643053
25683,LOF,0.09534622609506206,0.08507584007855781,0.8195779338263801
25684,LOF,0.055920595095920546,0.07540938168868004,0.8686700232153993
25685,LOF,0.0933755737355617,0.05100088362048087,0.8556235426439576
25686,LOF,0.031549180709303445,0.09865171293228159,0.8697991063584148
25687,LOF,0.049554330144914,0.07305027572718291,0.877395394127903
25688,LOF,0.024428351900760745,0.08924546917839869,0.8863261789208406
25689,LOF,0.01911301216513357,0.07635732561922548,0.904529662215641
25690,LOF,0.021280251304639834,0.08068943174276876,0.8980303169525915
25691,LOF,0.17094155248296586,0.12736596269197545,0.7016924848250586
25692,LOF,0.26242185778175503,0.01363413358823894,0.7239440086300061
25693,LOF,0.05051331375053324,0.13686121306562252,0.8126254731838443
25694,LOF,0.22906538821331687,0.013472039357579188,0.7574625724291039
25695,LOF,0.14446190486145416,0.01843844983689278,0.837099645301653
25696,LOF,0.1598792581630344,0.011058916119049021,0.8290618257179166
25697,LOF,0.13986992187572933,0.024494694841798375,0.8356353832824723
25698,LOF,0.026140161625358774,0.3760952848089131,0.5977645535657282
25699,LOF,0.05660281583830183,0.06094331476916415,0.8824538693925339
25700,LOF,0.03248348599043308,0.008666669655439958,0.9588498443541269
25701,LOF,0.011113763443479112,0.07355214560772819,0.9153340909487927
25702,GOF,0.033892411073698815,0.7309204056083586,0.23518718331794264
25703,LOF,0.015126072446318245,0.19065923498772958,0.7942146925659522
25704,LOF,0.08034606086062684,0.15718504114430026,0.7624688979950729
25705,LOF,0.06817647430026628,0.21863672059517242,0.7131868051045613
25706,GOF,0.05257988024129884,0.6327391525812548,0.3146809671774463
25707,GOF,0.023969332332779196,0.5568943405055672,0.4191363271616537
25708,LOF,0.00765113804442997,0.48216339796025515,0.5101854639953148
25709,LOF,0.02030727054155857,0.058557114633894104,0.9211356148245472
25710,LOF,0.00802934167057077,0.16581297604395048,0.8261576822854787
25711,LOF,0.022419539667273558,0.11076994963242254,0.8668105107003038
25712,LOF,0.008540201173287644,0.22257054625190698,0.7688892525748054
25713,LOF,0.01917799171690689,0.09729053700105822,0.8835314712820349
25714,LOF,0.02031250371261704,0.13761837450700815,0.8420691217803749
25715,LOF,0.019710400094121158,0.11872941538968461,0.8615601845161942
25716,LOF,0.009896129331780697,0.14732622458901304,0.8427776460792062
25717,LOF,0.005236113421899006,0.13851229754773958,0.8562515890303612
25718,LOF,0.018807550996553925,0.08032445937391176,0.9008679896295343
25719,LOF,0.03784119807184045,0.08151633038669315,0.8806424715414664
25720,LOF,0.02585568134639235,0.08657571017229952,0.8875686084813081
25721,LOF,0.023908108928255654,0.0881958783656991,0.8878960127060453
25722,LOF,0.01650810432631739,0.11574553386801774,0.8677463618056649
25723,LOF,0.023583582124285036,0.06417013875903163,0.9122462791166833
25724,LOF,0.02868654821807316,0.11657994670164655,0.8547335050802803
25725,LOF,0.02187755276549215,0.06082640828044703,0.9172960389540609
25726,LOF,0.01771180062942779,0.0902939075156439,0.8919942918549284
25727,LOF,0.021785716666312807,0.08060840512055713,0.8976058782131301
25728,LOF,0.018941800887423425,0.09482488628063189,0.8862333128319447
25729,LOF,0.01963501245455532,0.0961779134059425,0.8841870741395021
25730,LOF,0.02051336342662168,0.0763693812743461,0.9031172552990322
25731,LOF,0.010248380275439247,0.18827179291874832,0.8014798268058124
25732,LOF,0.017994104583515438,0.08786210775220626,0.8941437876642783
25733,LOF,0.031129893339100427,0.07731889402722124,0.8915512126336784
25734,LOF,0.006266469722839827,0.23621567478838829,0.7575178554887719
25735,LOF,0.022594183033199784,0.06905715401419077,0.9083486629526094
25736,LOF,0.022237757836240504,0.11214066173490675,0.8656215804288527
25737,LOF,0.04008030252264939,0.10061871970364292,0.8593009777737078
25738,LOF,0.020084992073179323,0.13843088206925366,0.841484125857567
25739,LOF,0.022750137211004013,0.12871165000623788,0.8485382127827581
25740,LOF,0.053500900393459436,0.12895582472059314,0.8175432748859474
25741,LOF,0.0278369627365776,0.10982023381736812,0.8623428034460543
25742,LOF,0.04129971657629425,0.12744730795504206,0.8312529754686636
25743,LOF,0.010490110752383791,0.03788740466228952,0.9516224845853266
25744,GOF,0.18901381370025483,0.4293553979190965,0.38163078838064873
25745,LOF,0.024665912374119973,0.06622054163946946,0.9091135459864106
25746,LOF,0.01272462848137809,0.08667896019501625,0.9005964113236057
25747,LOF,0.029311671516416456,0.03338766809538449,0.9373006603881989
25748,LOF,0.25347167727745823,0.06173783680239286,0.6847904859201489
25749,LOF,0.014036662605821043,0.06151403454195794,0.924449302852221
25750,LOF,0.015585642606682751,0.08642123518661482,0.8979931222067025
25751,LOF,0.03787995670926415,0.06730996275046826,0.8948100805402676
25752,GOF,0.09087643146753782,0.6780482558138566,0.23107531271860546
25753,LOF,0.006607825590883051,0.3567495647171648,0.6366426096919522
25754,GOF,0.006649712710686948,0.8582214879856708,0.1351287993036424
25755,LOF,0.007553808883474668,0.42497050673355136,0.567475684382974
25756,LOF,0.04726665324506141,0.4196195303357598,0.5331138164191788
25757,GOF,0.007049110248972686,0.8786235487442372,0.11432734100679026
25758,GOF,0.008454623217049363,0.8713674075844149,0.12017796919853586
25759,GOF,0.005459112762253981,0.5914968135790463,0.40304407365869976
25760,LOF,0.006594534250904613,0.2931549299631593,0.700250535785936
25761,GOF,0.06519604584922228,0.8438156144009086,0.09098833974986904
25762,LOF,0.027824803395728983,0.36051593643134305,0.6116592601729279
25763,LOF,0.007230977092823781,0.24917902204098824,0.743590000866188
25764,GOF,0.07416422003291852,0.6294406337527716,0.29639514621430985
25765,GOF,0.008222857802392528,0.8476439707179672,0.14413317147964036
25766,GOF,0.04634113685186036,0.8209429149742553,0.1327159481738843
25767,GOF,0.010289015921414915,0.5354984953363003,0.4542124887422847
25768,LOF,0.03683945367395753,0.0749541855113536,0.8882063608146887
25769,LOF,0.023028006545519817,0.08178713927882317,0.895184854175657
25770,LOF,0.16566743802697273,0.08232202356713314,0.752010538405894
25771,LOF,0.01283650497452294,0.08464420227977214,0.9025192927457049
25772,LOF,0.025017092620363966,0.03006394847672973,0.9449189589029063
25773,LOF,0.014702835344049453,0.09003882755676151,0.895258337099189
25774,LOF,0.028439025810257812,0.10170863774148156,0.8698523364482607
25775,LOF,0.01761607751941146,0.04464539689061495,0.9377385255899737
25776,LOF,0.027576948336785662,0.02768689882268563,0.9447361528405287
25777,LOF,0.24607592855732385,0.07635297389032059,0.6775710975523555
25778,LOF,0.02067578746226228,0.05390544594813918,0.9254187665895985
25779,GOF,0.027816273769287105,0.8962849783355965,0.07589874789511643
25780,GOF,0.06542627538710617,0.8824650030828024,0.05210872153009138
25781,GOF,0.027523340115206893,0.8810539833168713,0.09142267656792186
25782,GOF,0.0253985920425852,0.9014815336023146,0.0731198743551002
25783,GOF,0.019038347713227176,0.8062495155990097,0.17471213668776303
25784,GOF,0.07942275035871067,0.8846332950757572,0.03594395456553213
25785,GOF,0.04997718468838316,0.9066389425240267,0.043383872787590365
25786,GOF,0.007467735109513542,0.8383858494586768,0.15414641543180962
25787,GOF,0.14831156329530917,0.8139637186430192,0.0377247180616716
25788,LOF,0.016303901403967227,0.22202769874211645,0.7616683998539162
25789,GOF,0.014255738918690171,0.8574455495023512,0.12829871157895864
25790,GOF,0.015267588779590426,0.8718667213488893,0.11286568987152033
25791,GOF,0.015559122601106035,0.8455480390999013,0.13889283829899268
25792,GOF,0.0189909335566918,0.8610555898207346,0.11995347662257351
25793,GOF,0.050867623519016136,0.848623219479676,0.10050915700130778
25794,GOF,0.04418819291726074,0.7582076447913945,0.19760416229134484
25795,GOF,0.050175507707513826,0.7767265105513916,0.17309798174109453
25796,GOF,0.06679643260596069,0.8336060069245322,0.09959756046950705
25797,GOF,0.050637863824879045,0.7138402413093216,0.23552189486579947
25798,GOF,0.003266073248443546,0.6668552506891986,0.3298786760623579
25799,GOF,0.0029595575800109826,0.5778224478001879,0.419217994619801
25800,GOF,0.01835541450267432,0.7691149924212107,0.2125295930761149
25801,GOF,0.012637751360004442,0.8723749418336012,0.11498730680639434
25802,GOF,0.022469913150813547,0.8310853092225023,0.14644477762668406
25803,GOF,0.013744831474094039,0.7351364386513115,0.2511187298745945
25804,GOF,0.01504658003232972,0.6643086009800484,0.32064481898762187
25805,GOF,0.026156163153219395,0.7433819315506578,0.23046190529612287
25806,GOF,0.02081866950781342,0.8013268636008825,0.17785446689130419
25807,GOF,0.0055107306927341644,0.761366667199993,0.2331226021072727
25808,GOF,0.01598726589199627,0.7712669254539448,0.2127458086540588
25809,GOF,0.0069825996199548105,0.7647798023358375,0.2282375980442078
25810,GOF,0.006220390294610465,0.7652986507521962,0.22848095895319337
25811,GOF,0.036330618995614294,0.8800848675672599,0.08358451343712563
25812,GOF,0.016442873647528087,0.7734536537911681,0.21010347256130366
25813,GOF,0.08348867725754272,0.8245054123065501,0.0920059104359073
25814,GOF,0.019758173655092876,0.8141108475362627,0.16613097880864436
25815,GOF,0.03787394414630482,0.8465105984205513,0.11561545743314373
25816,GOF,0.007822262877087968,0.8707593108555104,0.12141842626740157
25817,GOF,0.10700253224504655,0.8147663970832392,0.07823107067171416
25818,GOF,0.019609545345193293,0.8332741484665205,0.14711630618828622
25819,GOF,0.04772511570676681,0.7835687894549969,0.1687060948382364
25820,GOF,0.02160396956613348,0.7780863576548007,0.20030967277906586
25821,GOF,0.015474416336756332,0.7803941014203319,0.20413148224291178
25822,GOF,0.02724256945307268,0.7834444684624973,0.18931296208443005
25823,GOF,0.015347639216067648,0.6809841205964615,0.3036682401874709
25824,GOF,0.017156449508372917,0.7821079924539118,0.20073555803771526
25825,GOF,0.014653483606446124,0.7798822922578516,0.20546422413570223
25826,GOF,0.0058974418606437245,0.7586787998377974,0.23542375830155896
25827,GOF,0.010557898843108334,0.7372441144750101,0.25219798668188154
25828,GOF,0.007678199256536251,0.7104268799410492,0.28189492080241446
25829,GOF,0.0031650084830553214,0.7362223979245512,0.26061259359239336
25830,GOF,0.03369911707262996,0.5221731380384967,0.44412774488887335
25831,GOF,0.0649069231482201,0.8229937717437226,0.11209930510805734
25832,GOF,0.008325902091190263,0.80904805932942,0.18262603857938975
25833,GOF,0.03133400668110999,0.8554850336099794,0.11318095970891062
25834,GOF,0.00823079668660104,0.8257048721191982,0.16606433119420083
25835,GOF,0.019710558871340628,0.8726644091699022,0.10762503195875729
25836,GOF,0.0065792876806471745,0.8264623929306198,0.16695831938873304
25837,GOF,0.006353279107535842,0.7285465238374433,0.26510019705502086
25838,GOF,0.018020616537573187,0.8650009304384494,0.11697845302397752
25839,GOF,0.039493940877652935,0.8518971615270425,0.1086088975953046
25840,GOF,0.087087151374014,0.8196149957266571,0.09329785289932882
25841,GOF,0.0803530881348002,0.8372800722363295,0.0823668396288702
25842,GOF,0.02117847164126612,0.8930688374424074,0.08575269091632655
25843,GOF,0.022156504763433324,0.9020785956721475,0.0757648995644192
25844,GOF,0.013611337674867118,0.849937502695904,0.13645115962922905
25845,GOF,0.0046136637725790195,0.6769714866665735,0.3184148495608475
25846,GOF,0.06121766913973285,0.857785316745335,0.08099701411493203
25847,GOF,0.013610385514279417,0.9093844018278666,0.07700521265785391
25848,GOF,0.01540500763547678,0.8591593789886326,0.1254356133758906
25849,GOF,0.005869437728257149,0.778405456622281,0.21572510564946185
25850,GOF,0.005675705009740541,0.7858740172527181,0.20845027773754143
25851,GOF,0.004988700445020662,0.6721991436647184,0.3228121558902609
25852,GOF,0.14196177380188424,0.5825084433998948,0.275529782798221
25853,GOF,0.06513535881969182,0.8384214437807733,0.09644319739953476
25854,GOF,0.004231453032552682,0.7155758969979528,0.2801926499694944
25855,GOF,0.016953551386022312,0.6785954570358927,0.30445099157808503
25856,GOF,0.030845342888041943,0.807291781980475,0.1618628751314831
25857,GOF,0.018999167623285254,0.6893501895205773,0.29165064285613757
25858,GOF,0.006642088898634515,0.6887044432335401,0.3046534678678254
25859,GOF,0.005589199340263093,0.6868726529586838,0.30753814770105303
25860,GOF,0.07284618520360282,0.8414677514896962,0.08568606330670106
25861,GOF,0.08189414188518797,0.8265344725498316,0.09157138556498051
25862,GOF,0.015596055180086856,0.8787726228056594,0.10563132201425371
25863,GOF,0.016623686035065335,0.880549379890475,0.10282693407445946
25864,GOF,0.048577412747055876,0.8726568522202375,0.07876573503270673
25865,GOF,0.0378532686484111,0.850991052747579,0.11115567860400975
25866,GOF,0.019166718133479352,0.8763704479874028,0.10446283387911781
25867,GOF,0.031090991016970233,0.8905297782718751,0.07837923071115471
25868,GOF,0.045870569251460686,0.8551068418985409,0.09902258884999846
25869,GOF,0.3165947700104305,0.6134756751632064,0.06992955482636301
25870,GOF,0.05742972024679454,0.6832545509976948,0.25931572875551057
25871,GOF,0.00905931702044858,0.8956491889939663,0.09529149398558517
25872,GOF,0.018042234166360548,0.8906720845319979,0.09128568130164166
25873,GOF,0.0181007164196235,0.9026993544107765,0.07919992916960006
25874,LOF,0.017315549786101177,0.23794963738097527,0.7447348128329236
25875,LOF,0.04847460901642564,0.04699639100726654,0.9045289999763078
25876,LOF,0.015769711655680866,0.035407909036855714,0.9488223793074634
25877,LOF,0.10788861012540076,0.0856053064324331,0.8065060834421662
25878,LOF,0.06157562443459573,0.1220773158594014,0.8163470597060029
25879,LOF,0.02339278260910439,0.0872044507966287,0.8894027665942669
25880,LOF,0.05701048740197335,0.012404243524903475,0.9305852690731231
25881,Neutral,0.527173697993214,0.0757019759599338,0.3971243260468522
25882,LOF,0.0630733750292716,0.02611196682105846,0.9108146581496699
25883,LOF,0.02857317195798702,0.027646517317887195,0.9437803107241257
25884,LOF,0.020242416077951814,0.04936993136803554,0.9303876525540126
25885,LOF,0.23097536729794887,0.014298224810922817,0.7547264078911282
25886,LOF,0.27130133527244693,0.05295772314763216,0.6757409415799209
25887,LOF,0.16513806954464202,0.08040394451677282,0.7544579859385853
25888,LOF,0.01073718514212877,0.14630803969812667,0.8429547751597446
25889,LOF,0.025417880300135542,0.036559642447415115,0.9380224772524494
25890,LOF,0.15533652390502736,0.10533439822249498,0.7393290778724777
25891,LOF,0.10537249169786446,0.024602334134455537,0.87002517416768
25892,LOF,0.009367644838945983,0.038972634210439915,0.951659720950614
25893,LOF,0.3412812324872727,0.01240935441311327,0.6463094130996141
25894,LOF,0.4046671768756027,0.007028304205155956,0.5883045189192413
25895,LOF,0.3435215211404654,0.014777308914810298,0.6417011699447243
25896,LOF,0.07225071338452681,0.0240252199520132,0.9037240666634601
25897,LOF,0.18137816672205553,0.009731207289680978,0.8088906259882634
25898,LOF,0.15104242403600895,0.03792050990265236,0.8110370660613386
25899,LOF,0.42836575383775677,0.02218705828133781,0.5494471878809054
25900,Neutral,0.5172903836144904,0.009165979339662667,0.47354363704584695
25901,LOF,0.06520556442894378,0.00952345094927867,0.9252709846217775
25902,LOF,0.20176263769499975,0.010214847445958575,0.7880225148590416
25903,LOF,0.36101827164512773,0.029351511752355952,0.6096302166025164
25904,Neutral,0.5126536055799183,0.03404869945585051,0.45329769496423117
25905,LOF,0.005952078762211872,0.48308458874727334,0.5109633324905148
25906,LOF,0.0076446421484298015,0.11145163959947692,0.8809037182520933
25907,LOF,0.005120647287898573,0.3577526493065094,0.6371267034055921
25908,LOF,0.0046487414037926925,0.2807957474823908,0.7145555111138165
25909,LOF,0.02356238692660694,0.16272754664275224,0.8137100664306408
25910,LOF,0.012792330211000237,0.13137400348964384,0.855833666299356
25911,LOF,0.24015197984094805,0.04689673693074392,0.7129512832283081
25912,LOF,0.08683623762744856,0.04796571870687654,0.865198043665675
25913,LOF,0.025288612047868933,0.07714337579294457,0.8975680121591864
25914,LOF,0.03850665693210745,0.04056039270435347,0.9209329503635392
25915,LOF,0.19326257806760466,0.1765183013246898,0.6302191206077055
25916,LOF,0.03048069212606402,0.11349359208359815,0.8560257157903377
25917,LOF,0.06945535887479669,0.03658169801793294,0.8939629431072704
25918,LOF,0.04307287083130802,0.026527344704876585,0.9303997844638153
25919,LOF,0.037249327157899956,0.025532354493405268,0.9372183183486948
25920,LOF,0.32995105490122617,0.21258824478505794,0.457460700313716
25921,LOF,0.015369835516274964,0.04118401724116116,0.9434461472425638
25922,LOF,0.017774605239574814,0.040429428953730265,0.9417959658066948
25923,LOF,0.40739002365964316,0.03827441670864478,0.5543355596317121
25924,LOF,0.022104618959673993,0.06290528465472614,0.9149900963855998
25925,LOF,0.08457180435747666,0.05470069714687561,0.8607274984956477
25926,LOF,0.06984445488627489,0.04855667401640986,0.8815988710973152
25927,LOF,0.023453670450498024,0.07427204699520439,0.9022742825542975
25928,LOF,0.009652165926966718,0.062476181472363175,0.9278716526006701
25929,Neutral,0.5343308171886999,0.035805655262425795,0.4298635275488744
25930,LOF,0.08029258265734793,0.036549501551321535,0.8831579157913306
25931,LOF,0.013218407739961368,0.04373922429304723,0.9430423679669914
25932,LOF,0.07238405138936904,0.037109350776770474,0.8905065978338604
25933,LOF,0.07181834318841497,0.021462586418120978,0.9067190703934641
25934,LOF,0.06340332482986184,0.020811311428625794,0.9157853637415122
25935,LOF,0.07945002775572932,0.06647016333487549,0.8540798089093953
25936,LOF,0.10600227847499721,0.024005593814392222,0.8699921277106106
25937,LOF,0.01528787844883016,0.05061213917947741,0.9340999823716923
25938,LOF,0.0788386022938562,0.059324295611604516,0.8618371020945393
25939,LOF,0.04630361208830494,0.03042253143158131,0.9232738564801137
25940,LOF,0.008474700115144024,0.40588595602155897,0.585639343863297
25941,Neutral,0.5033300689142671,0.05505518972264393,0.44161474136308887
25942,LOF,0.009638448648141002,0.06312611385240384,0.9272354374994551
25943,LOF,0.06339326900362793,0.20551656885059782,0.7310901621457743
25944,LOF,0.05120849279414187,0.08783329104680763,0.8609582161590504
25945,LOF,0.11373328889880994,0.02655217349245877,0.8597145376087312
25946,LOF,0.0678265640174378,0.03846849242075742,0.8937049435618047
25947,LOF,0.43218855934740147,0.11764735212961434,0.4501640885229842
25948,LOF,0.39917355164211593,0.0205578552305201,0.580268593127364
25949,LOF,0.1385820257627597,0.09189130402601631,0.769526670211224
25950,GOF,0.07548458211934736,0.595638771120184,0.32887664676046857
25951,LOF,0.013940440322535764,0.43778828352559274,0.5482712761518715
25952,LOF,0.2558106902824401,0.27900482011398325,0.4651844896035767
25953,LOF,0.00911152949487929,0.18098512746110415,0.8099033430440166
25954,GOF,0.07004702338799075,0.4815129817744917,0.44843999483751745
25955,LOF,0.006922586466922026,0.1782296532095212,0.8148477603235569
25956,LOF,0.018654884427737734,0.23371677335458782,0.7476283422176744
25957,LOF,0.17846946290282742,0.030691583106167954,0.7908389539910046
25958,LOF,0.03478814080936308,0.058003018463513994,0.907208840727123
25959,GOF,0.011581474412061367,0.7022985911222666,0.28611993446567213
25960,LOF,0.005230656410333932,0.09017428799017678,0.9045950555994894
25961,LOF,0.03232314684126094,0.0483849113840603,0.9192919417746788
25962,LOF,0.04462637601528816,0.06285789321901145,0.8925157307657003
25963,LOF,0.005503110797077112,0.18321127610309743,0.8112856130998255
25964,LOF,0.025593487935601268,0.1181415905753956,0.856264921489003
25965,LOF,0.2586952849158143,0.11163213878468367,0.629672576299502
25966,LOF,0.4183394592832822,0.13989867520830218,0.4417618655084156
25967,LOF,0.007870414218598581,0.08601339920432162,0.9061161865770797
25968,LOF,0.0442446692208406,0.2709287553079983,0.684826575471161
25969,LOF,0.14670155056378556,0.058058899240335485,0.7952395501958791
25970,LOF,0.05078027878904117,0.10122691520243694,0.847992806008522
25971,LOF,0.08653389615120013,0.0337015607817253,0.8797645430670745
25972,LOF,0.0678237789322478,0.05618230788320893,0.8759939131845432
25973,LOF,0.06212552341354131,0.009352235888375344,0.9285222406980833
25974,LOF,0.04397202741240597,0.04239063024465774,0.9136373423429364
25975,LOF,0.042219044676251295,0.019533579278709544,0.938247376045039
25976,LOF,0.08870319961680817,0.010914518287107431,0.9003822820960844
25977,LOF,0.2156230327970378,0.06944540314520861,0.7149315640577536
25978,LOF,0.18762451583436146,0.10616124297698817,0.7062142411886503
25979,LOF,0.15747637603283351,0.12314329536170988,0.7193803286054566
25980,LOF,0.2556621641545673,0.17355186224924513,0.5707859735961877
25981,LOF,0.25794534117339196,0.17592494465226385,0.5661297141743441
25982,LOF,0.45155732518137026,0.08315114817506603,0.46529152664356377
25983,LOF,0.4415178949085822,0.10810858355236604,0.4503735215390518
25984,LOF,0.04045072834857636,0.09719106715199563,0.862358204499428
25985,LOF,0.3568439103314169,0.15044159722158543,0.49271449244699767
25986,LOF,0.011509810028677741,0.4198269388841246,0.5686632510871976
25987,LOF,0.04647867256217168,0.10081559642621885,0.8527057310116095
25988,LOF,0.03840888418572277,0.16584232754855202,0.7957487882657253
25989,LOF,0.038542542599141846,0.19444028240284966,0.7670171749980085
25990,LOF,0.03905096993504247,0.3090817072206077,0.6518673228443498
25991,LOF,0.01885784485841961,0.40072488997499267,0.5804172651665876
25992,LOF,0.017682197550156736,0.41855539187621665,0.5637624105736266
25993,LOF,0.03134845055041535,0.06715607471096506,0.9014954747386196
25994,LOF,0.025972534012338722,0.0634869134146674,0.9105405525729938
25995,LOF,0.023699591729017134,0.11949669577465559,0.8568037124963271
25996,LOF,0.3335508777110467,0.32682950407608485,0.33961961821286835
25997,LOF,0.06088931280817932,0.36090226382179075,0.57820842337003
25998,LOF,0.2993286264297934,0.0421412320892062,0.6585301414810004
25999,LOF,0.03208046223679643,0.1773235457762865,0.7905959919869171
26000,LOF,0.17513328207348106,0.026269095159206876,0.7985976227673122
26001,LOF,0.2974338899560283,0.03836498574698856,0.6642011242969831
26002,LOF,0.1181551652540135,0.038344485656657275,0.8435003490893292
26003,GOF,0.006825534000226203,0.6685226379405564,0.32465182805921733
26004,GOF,0.012100023965106893,0.7096573579558486,0.2782426180790445
26005,LOF,0.004663387589337478,0.4916233185695953,0.5037132938410672
26006,GOF,0.12662725648644094,0.5685041646866823,0.30486857882687685
26007,GOF,0.009894040602142818,0.5521410661863158,0.43796489321154153
26008,GOF,0.006225378884717258,0.6305592347688672,0.3632153863464154
26009,GOF,0.009147220409388108,0.68334938619088,0.3075033933997318
26010,GOF,0.009415007611751272,0.6371630942094086,0.3534218981788401
26011,LOF,0.0037244513727085773,0.4522911337247431,0.5439844149025483
26012,GOF,0.0043335571793565045,0.5313895254821445,0.464276917338499
26013,GOF,0.00856342589865699,0.5900915627291233,0.40134501137221973
26014,LOF,0.06429671264839747,0.10410492712954189,0.8315983602220607
26015,LOF,0.36091758202160157,0.04027074082791679,0.5988116771504817
26016,LOF,0.29182871099399127,0.06283581879442386,0.6453354702115849
26017,LOF,0.015442208795063384,0.2714623282612913,0.7130954629436453
26018,LOF,0.024604321151473086,0.08700026838815178,0.8883954104603751
26019,LOF,0.02455022319951499,0.07711555997700988,0.8983342168234753
26020,LOF,0.007594089670745978,0.2598139281617019,0.7325919821675522
26021,LOF,0.09505027581775584,0.10606284409563715,0.7988868800866069
26022,LOF,0.03537200000917097,0.04141099347709729,0.9232170065137316
26023,LOF,0.023890376333064973,0.05856417662468309,0.9175454470422519
26024,LOF,0.05601241148547066,0.08785409687862558,0.8561334916359037
26025,LOF,0.0793913478755972,0.10361094206955347,0.8169977100548493
26026,LOF,0.10410002344005406,0.08511123019803343,0.8107887463619124
26027,LOF,0.02630574805262765,0.0381675365827625,0.93552671536461
26028,LOF,0.09572091392390615,0.15635363952108516,0.7479254465550087
26029,LOF,0.028444401180795643,0.2157330309694942,0.7558225678497101
26030,LOF,0.15572944986300397,0.026513497181565204,0.8177570529554308
26031,LOF,0.01146928550204689,0.1695000349021391,0.8190306795958141
26032,LOF,0.04819809619079338,0.060812726003643035,0.8909891778055636
26033,LOF,0.05980289540282808,0.05275193249347304,0.8874451721036989
26034,LOF,0.015652189838949965,0.18174056392653132,0.8026072462345188
26035,LOF,0.012888135539488685,0.12151046809896465,0.8656013963615466
26036,LOF,0.012680847059174796,0.13927153526933636,0.8480476176714887
26037,LOF,0.010593787291265972,0.10918780309571584,0.8802184096130182
26038,LOF,0.04049554787657856,0.05204539957051596,0.9074590525529055
26039,LOF,0.03288544766040999,0.1540344825076209,0.8130800698319691
26040,LOF,0.09085300446715643,0.13682052797249714,0.7723264675603464
26041,LOF,0.01403268610979509,0.09752830667118295,0.888439007219022
26042,LOF,0.01272773313192627,0.11194307679569704,0.8753291900723768
26043,LOF,0.03990855272800848,0.07591543310864951,0.884176014163342
26044,LOF,0.011930688613932216,0.055744736564429555,0.9323245748216381
26045,LOF,0.07241382838724801,0.1198206006076984,0.8077655710050535
26046,LOF,0.034354767129196224,0.05713642265725838,0.9085088102135453
26047,LOF,0.0655677488689971,0.056349470449061474,0.8780827806819415
26048,LOF,0.0744478846121396,0.025019360699710773,0.9005327546881496
26049,Neutral,0.9467934968038704,0.01003866266874086,0.043167840527388895
26050,Neutral,0.921234366082471,0.01047507308188298,0.06829056083564615
26051,LOF,0.01961087802382482,0.11346413272800537,0.8669249892481699
26052,LOF,0.03745476829027307,0.1229164434024587,0.8396287883072683
26053,LOF,0.02286782807982827,0.15272982873451085,0.8244023431856609
26054,LOF,0.047767460752499255,0.035033812256263785,0.917198726991237
26055,LOF,0.07034355539257967,0.03155347358974461,0.8981029710176757
26056,LOF,0.05844862711426676,0.03913432092652776,0.9024170519592054
26057,LOF,0.06275879512415135,0.01749607912188833,0.9197451257539604
26058,LOF,0.06637241283024446,0.014472127632932354,0.9191554595368231
26059,LOF,0.20856764933765382,0.03754791566118562,0.7538844350011606
26060,LOF,0.019366823293335306,0.18794598557568457,0.7926871911309801
26061,LOF,0.01033718730235242,0.012030619752754467,0.977632192944893
26062,LOF,0.005700649738041835,0.017809441983641337,0.9764899082783168
26063,LOF,0.04296452672226446,0.013042637348402641,0.9439928359293329
26064,LOF,0.011558470920171222,0.028298219014204026,0.9601433100656247
26065,LOF,0.050273493157744986,0.015591023799407227,0.9341354830428477
26066,LOF,0.04846560915223459,0.011714383593876334,0.9398200072538891
26067,LOF,0.057275633225260116,0.011436414831187831,0.931287951943552
26068,LOF,0.055968934341197075,0.05194133302256211,0.8920897326362407
26069,LOF,0.30572037488778653,0.03261033124899177,0.6616692938632218
26070,Neutral,0.5585560834073375,0.02249193035406982,0.41895198623859264
26071,LOF,0.04778767095824333,0.013782364076446323,0.9384299649653103
26072,LOF,0.009675622964865323,0.020112251691865573,0.9702121253432691
26073,LOF,0.040246589213010435,0.014800035144992287,0.9449533756419972
26074,Neutral,0.8725448310925995,0.010828288373892905,0.11662688053350752
26075,LOF,0.05689529123858281,0.023804166787185423,0.9193005419742318
26076,LOF,0.05149338640997266,0.01432939355538257,0.9341772200346448
26077,LOF,0.14261754965780338,0.007321951440662629,0.850060498901534
26078,LOF,0.007357878487846756,0.015979730903876447,0.9766623906082768
26079,LOF,0.06530153383795254,0.0248353790297301,0.9098630871323174
26080,LOF,0.06487700674654742,0.024909283884069197,0.9102137093693834
26081,LOF,0.03431689390370949,0.010808665058937435,0.954874441037353
26082,LOF,0.005797423564559705,0.019547117889336604,0.9746554585461036
26083,LOF,0.11125720830420396,0.025256679752448493,0.8634861119433477
26084,LOF,0.11275181598237123,0.01844447673006753,0.8688037072875612
26085,LOF,0.09903311216568751,0.015118149142992953,0.8858487386913194
26086,LOF,0.041874836067923187,0.014223064959828084,0.9439020989722487
26087,LOF,0.039138844394983226,0.011303704759537247,0.9495574508454795
26088,LOF,0.006864988542040389,0.02473719842118589,0.9683978130367737
26089,LOF,0.043614764243354545,0.04167003300559159,0.9147152027510539
26090,LOF,0.044129248759737526,0.03226258488695848,0.9236081663533041
26091,LOF,0.032340611710797516,0.008734279521083346,0.9589251087681191
26092,LOF,0.046086095104423554,0.010094274977130297,0.9438196299184461
26093,LOF,0.08349796864794241,0.007101262288645024,0.9094007690634125
26094,LOF,0.038522752372154904,0.008207461366347474,0.9532697862614977
26095,LOF,0.02806216794723495,0.018671553330224765,0.9532662787225403
26096,LOF,0.17658381865075673,0.005616324047139121,0.8177998573021041
26097,LOF,0.006698642526766758,0.03613856935551255,0.9571627881177207
26098,LOF,0.12144826094669973,0.02192528727994115,0.8566264517733592
26099,LOF,0.04583259283059032,0.020392825108150173,0.9337745820612594
26100,LOF,0.04579138697991681,0.020393705775106418,0.9338149072449767
26101,LOF,0.05887901152426678,0.03502172907767022,0.906099259398063
26102,LOF,0.036542434872787646,0.01869310043263781,0.9447644646945745
26103,Neutral,0.8884276961541181,0.03297059981189104,0.0786017040339909
26104,LOF,0.05783232129726751,0.05129407187517118,0.8908736068275613
26105,LOF,0.24389719332857493,0.13283547482480462,0.6232673318466204
26106,LOF,0.32333609109881856,0.07148774044324997,0.6051761684579315
26107,LOF,0.0234351790972939,0.08039359763835827,0.8961712232643478
26108,LOF,0.23428534202743787,0.039786334754140694,0.7259283232184214
26109,LOF,0.08545689228349668,0.03545732845243103,0.8790857792640722
26110,LOF,0.4351157987981174,0.009090742029917968,0.5557934591719647
26111,LOF,0.05286888676041378,0.13452641311955432,0.8126047001200319
26112,LOF,0.05249263707627709,0.009289756111174536,0.9382176068125483
26113,LOF,0.119528808963657,0.021754923199942003,0.8587162678364011
26114,LOF,0.08746797784517908,0.010135252904581034,0.9023967692502399
26115,LOF,0.017533183194131923,0.0556271662091567,0.9268396505967114
26116,LOF,0.07096740533727118,0.025037957494386587,0.9039946371683422
26117,LOF,0.329540161644981,0.04524263002324788,0.6252172083317711
26118,LOF,0.04716951849480625,0.020477347118791595,0.9323531343864021
26119,LOF,0.006572436821692031,0.04537604093885764,0.9480515222394503
26120,LOF,0.03399763234732327,0.018814384589853322,0.9471879830628235
26121,LOF,0.003923739298151138,0.1421631101245194,0.8539131505773295
