feature0,prediction,LoGoFunc_Neutral,LoGoFunc_GOF,LoGoFunc_LOF
25546,Neutral,0.7271778422763141,0.03621123656286165,0.23661092116082433
25547,Neutral,0.5789060776404121,0.07482069956794188,0.3462732227916459
25548,Neutral,0.6009239145726415,0.051519599164352364,0.3475564862630063
25549,Neutral,0.5194623620762038,0.05214568731583633,0.42839195060795987
25550,LOF,0.37586320560257613,0.0897103275319727,0.5344264668654511
25551,LOF,0.3132024699788371,0.10660424967820409,0.5801932803429588
25552,LOF,0.22660471516141975,0.09895424035351079,0.6744410444850694
25553,Neutral,0.846095908106223,0.02677377783645973,0.1271303140573173
25554,LOF,0.2581852073277007,0.09581142283901084,0.6460033698332884
25555,LOF,0.21918445955791904,0.08153020003743663,0.6992853404046444
25556,LOF,0.430847503503023,0.08566723215398192,0.48348526434299516
25557,LOF,0.21101551398556662,0.0869205889255589,0.7020638970888745
25558,LOF,0.24719211366572105,0.09558280293322555,0.6572250834010535
25559,LOF,0.3618220385362229,0.1608325292587136,0.4773454322050635
25560,LOF,0.05145301631421189,0.15025754895391108,0.7982894347318771
25561,LOF,0.11732471300389785,0.14553737969748962,0.7371379072986125
25562,LOF,0.13030561575510022,0.046802955415097554,0.8228914288298022
25563,LOF,0.10504664922792292,0.07078943549897822,0.8241639152730988
25564,LOF,0.22928294919605025,0.1333348356753754,0.6373822151285743
25565,LOF,0.14954701736664833,0.09607208511626276,0.7543808975170889
25566,GOF,0.017167695558559053,0.7935528858533373,0.1892794185881036
25567,LOF,0.015699654186410467,0.17009757047804552,0.8142027753355441
25568,LOF,0.05500346282341382,0.06263717053903586,0.8823593666375502
25569,LOF,0.06418771638486966,0.05699565423702398,0.8788166293781065
25570,LOF,0.06474152415489844,0.087895546712299,0.8473629291328026
25571,LOF,0.059636183950378,0.08691334077993182,0.8534504752696902
25572,LOF,0.06336703950588862,0.11639080706160405,0.8202421534325073
25573,LOF,0.03615369373423318,0.08940336681759783,0.874442939448169
25574,LOF,0.020887185508059337,0.13938048602714828,0.8397323284647924
25575,LOF,0.04498246213006641,0.09130373164696169,0.8637138062229718
25576,LOF,0.01707573562831903,0.11288052286874155,0.8700437415029394
25577,LOF,0.015143236165884266,0.11778323355267876,0.8670735302814371
25578,LOF,0.24557185449560298,0.07457648078077375,0.6798516647236232
25579,LOF,0.2458031072217838,0.07400600889035482,0.6801908838878614
25580,LOF,0.0335316443977651,0.07104977494918184,0.8954185806530529
25581,LOF,0.05518529500136551,0.05901663751288361,0.8857980674857509
25582,LOF,0.05508186026109989,0.05751161699976223,0.887406522739138
25583,LOF,0.04159090435448641,0.07915547094612875,0.879253624699385
25584,Neutral,0.48931769427648286,0.10784205075555438,0.40284025496796266
25585,LOF,0.03406472593202695,0.11707660503366639,0.8488586690343066
25586,LOF,0.03041989369905565,0.06613705949062149,0.9034430468103228
25587,LOF,0.02982142270173932,0.06289626454165834,0.9072823127566023
25588,LOF,0.031186748147539772,0.07620263864680632,0.8926106132056538
25589,Neutral,0.6323083664996779,0.11416115417464523,0.25353047932567685
25590,LOF,0.031100059877632324,0.1255633044352223,0.8433366356871455
25591,LOF,0.11905276731565796,0.050745059335141625,0.8302021733492004
25592,LOF,0.09258306349719111,0.12046722289511283,0.7869497136076962
25593,LOF,0.02688286825104436,0.2513558877385888,0.7217612440103668
25594,LOF,0.04471020504346358,0.1865208673897591,0.7687689275667772
25595,LOF,0.047588547058227085,0.1363125481783747,0.8160989047633983
25596,LOF,0.044113491437579616,0.0980164943702971,0.8578700141921233
25597,LOF,0.039479433702214274,0.09798348558256566,0.8625370807152201
25598,LOF,0.048341142921097986,0.13084062743249578,0.8208182296464064
25599,GOF,0.007155321359523411,0.6847926213188893,0.3080520573215873
25600,GOF,0.02108961435389681,0.6263884317074604,0.3525219539386428
25601,LOF,0.005704421286479138,0.46309664418149005,0.5311989345320308
25602,LOF,0.026813579898780193,0.046901728010877226,0.9262846920903426
25603,LOF,0.05597448157892748,0.026486006014309782,0.9175395124067628
25604,LOF,0.047842689483178644,0.032271600834583705,0.9198857096822376
25605,LOF,0.015112512035230572,0.18029522789653885,0.8045922600682306
25606,LOF,0.10294754500343295,0.4150194185680651,0.482033036428502
25607,LOF,0.0061486542186491,0.17773720432222814,0.8161141414591228
25608,LOF,0.031026116405172815,0.056392301413489804,0.9125815821813374
25609,LOF,0.034194389410485256,0.43259062848840596,0.5332149821011087
25610,LOF,0.037427263250421304,0.02470015273492634,0.9378725840146523
25611,LOF,0.039799575739291576,0.021841883820281398,0.938358540440427
25612,LOF,0.0940443245454203,0.03590382720488063,0.8700518482496991
25613,LOF,0.07583157312972864,0.037714613454331816,0.8864538134159395
25614,LOF,0.028942384392675234,0.03207637891391699,0.9389812366934077
25615,LOF,0.04217207503740447,0.04004319870873455,0.917784726253861
25616,LOF,0.030441409640996057,0.030134462355424368,0.9394241280035797
25617,LOF,0.02853443502935525,0.03149469442187415,0.9399708705487705
25618,LOF,0.1544125367834667,0.02896190710637547,0.8166255561101577
25619,LOF,0.02739292267154199,0.031173024700835102,0.9414340526276228
25620,LOF,0.032218198273904014,0.041358860471579426,0.9264229412545165
25621,LOF,0.02826182226633112,0.03213846216012383,0.939599715573545
25622,LOF,0.02963893167422373,0.036929140647815294,0.933431927677961
25623,LOF,0.05538365929354588,0.035612401431319406,0.9090039392751347
25624,LOF,0.025677064700707432,0.03606117207762892,0.9382617632216638
25625,LOF,0.03396992312426664,0.04801980471786934,0.9180102721578641
25626,LOF,0.08696502804136655,0.03042936472841768,0.8826056072302159
25627,Neutral,0.5509405552822413,0.13357676558052242,0.3154826791372362
25628,LOF,0.19312456664315775,0.06335717900210017,0.7435182543547421
25629,LOF,0.06647884063552628,0.06995827874221873,0.8635628806222551
25630,LOF,0.1527549417635413,0.09725922736469687,0.7499858308717617
25631,Neutral,0.5410641594605733,0.08212181424649063,0.3768140262929361
25632,LOF,0.017832961271309896,0.08097407691679732,0.9011929618118928
25633,LOF,0.20738734652728352,0.062179909714687565,0.730432743758029
25634,LOF,0.03335791605284838,0.09647456945399824,0.8701675144931534
25635,LOF,0.03494806924532163,0.06682542363225663,0.8982265071224217
25636,GOF,0.004648295709832307,0.6754155165678937,0.31993618772227406
25637,GOF,0.0055930339128158054,0.6720366075898517,0.3223703584973324
25638,LOF,0.00794419716660226,0.41589964720432604,0.5761561556290717
25639,GOF,0.004945698052967195,0.5358514151425199,0.45920288680451293
25640,Neutral,0.47553204535425025,0.45604260327577206,0.06842535136997772
25641,LOF,0.009443976137237846,0.36163220503385674,0.6289238188289055
25642,LOF,0.29405634561468125,0.06778849258265526,0.6381551618026634
25643,LOF,0.24898385058009365,0.16507752954116506,0.5859386198787413
25644,GOF,0.015070771695242884,0.5301905263941311,0.45473870191062604
25645,LOF,0.013546171396572026,0.47441424873775245,0.5120395798656755
25646,LOF,0.018650453757076697,0.32783534060029745,0.653514205642626
25647,LOF,0.015355845255486458,0.27527165886986077,0.7093724958746528
25648,LOF,0.014921856158837265,0.3027148013486556,0.6823633424925071
25649,LOF,0.01126921220195022,0.23015056325146685,0.7585802245465829
25650,LOF,0.028280248443016732,0.46586521344591486,0.5058545381110684
25651,LOF,0.010288625377784825,0.27561428062438087,0.7140970939978344
25652,LOF,0.01652834907881552,0.2542734088263538,0.7291982420948308
25653,LOF,0.06083442224028834,0.3523185542299007,0.586847023529811
25654,LOF,0.0168103864327027,0.14388694128145504,0.8393026722858423
25655,LOF,0.09246707426979993,0.4188031701138962,0.48872975561630383
25656,LOF,0.06551047742653648,0.07526863437692823,0.8592208881965352
25657,LOF,0.26739033293392256,0.037767145968977525,0.6948425210970998
25658,LOF,0.0398670833350554,0.08535066877380236,0.8747822478911422
25659,LOF,0.26372328157305214,0.07346742920910912,0.6628092892178387
25660,LOF,0.07653776353395103,0.1000633929558746,0.8233988435101744
25661,LOF,0.05117560111938499,0.0739051863586514,0.8749192125219636
25662,LOF,0.030034864950763126,0.04348190588358838,0.9264832291656485
25663,LOF,0.04003612991905711,0.06737193219640647,0.8925919378845365
25664,LOF,0.03495428499056135,0.09440109034622901,0.8706446246632097
25665,LOF,0.06093596588681326,0.04201424125793006,0.8970497928552567
25666,LOF,0.03524876346212653,0.13358511362162828,0.8311661229162451
25667,LOF,0.03006415390206774,0.051243013869950324,0.918692832227982
25668,LOF,0.03648248173209972,0.056205711170212114,0.9073118070976882
25669,LOF,0.04157086233903245,0.08459733411925056,0.873831803541717
25670,LOF,0.08660695902839328,0.09215215756120859,0.8212408834103981
25671,LOF,0.039303208645171686,0.0434912855693738,0.9172055057854545
25672,LOF,0.059265660755072,0.058552758996424585,0.8821815802485035
25673,LOF,0.037310714032767665,0.0702015291374187,0.8924877568298135
25674,LOF,0.029297277807107853,0.0785689016067054,0.8921338205861866
25675,LOF,0.04095479872210029,0.05416430142099934,0.9048808998569002
25676,LOF,0.0323386806202963,0.05687967238627172,0.910781646993432
25677,LOF,0.06276682586709913,0.06375563198006151,0.8734775421528393
25678,LOF,0.2754034467613079,0.038763504105079984,0.6858330491336121
25679,LOF,0.17049788785989267,0.08067467541024162,0.7488274367298656
25680,LOF,0.06473411960490595,0.10020194506458094,0.835063935330513
25681,LOF,0.10690456120415336,0.09061584443575085,0.8024795943600957
25682,LOF,0.04775112740175565,0.07444440045582743,0.877804472142417
25683,LOF,0.08076082023073781,0.09066832027624083,0.8285708594930213
25684,LOF,0.05583360895737922,0.07569477938365683,0.868471611658964
25685,LOF,0.09566347223780126,0.04855972070222785,0.855776807059971
25686,LOF,0.029466090926512194,0.09446035749677266,0.8760735515767151
25687,LOF,0.04968157740355618,0.07692089409342191,0.8733975285030219
25688,LOF,0.023200666680650767,0.09821825833670866,0.8785810749826405
25689,LOF,0.017288413640932306,0.07967268556578215,0.9030389007932856
25690,LOF,0.017130286951265117,0.09399298168671559,0.8888767313620194
25691,LOF,0.15771162987706908,0.13798906824240567,0.7042993018805253
25692,LOF,0.26064380196468206,0.014640358924838356,0.7247158391104795
25693,LOF,0.050368066223448194,0.13589036201414934,0.8137415717624025
25694,LOF,0.22602394669453477,0.014441598875686931,0.7595344544297783
25695,LOF,0.14237645362868825,0.02094807492442916,0.8366754714468826
25696,LOF,0.16613732378610513,0.011374663371865936,0.8224880128420289
25697,LOF,0.14141276220640026,0.023188738635532478,0.8353984991580673
25698,LOF,0.02677321122015221,0.34670624334516204,0.6265205454346857
25699,LOF,0.05393576605492438,0.05571952960032512,0.8903447043447505
25700,LOF,0.03402343821554741,0.008525306111641165,0.9574512556728113
25701,LOF,0.012323432607299857,0.07380428402202589,0.9138722833706744
25702,GOF,0.03169757742477631,0.7265224957976764,0.24177992677754725
25703,LOF,0.01592997779277801,0.18450677850876274,0.7995632436984593
25704,LOF,0.08444009400464832,0.14858881785112538,0.7669710881442264
25705,LOF,0.06760908542677105,0.23605102343186235,0.6963398911413666
25706,GOF,0.04588115028258938,0.6220528681890884,0.33206598152832206
25707,GOF,0.02366398119689494,0.5526140840531373,0.4237219347499678
25708,LOF,0.005944946345565531,0.4949466557536604,0.49910839790077405
25709,LOF,0.018646628096615825,0.06558481507756385,0.9157685568258204
25710,LOF,0.008883576050388952,0.1635394025527943,0.8275770213968167
25711,LOF,0.021110601828258455,0.12591495035183586,0.8529744478199057
25712,LOF,0.009393698635120244,0.21379967358062638,0.7768066277842532
25713,LOF,0.01931330749574345,0.10697847946360645,0.87370821304065
25714,LOF,0.022154007849309907,0.14169559492524986,0.8361503972254402
25715,LOF,0.01992221548622218,0.12869090642487083,0.851386878088907
25716,LOF,0.011665923306625118,0.15153036113320986,0.836803715560165
25717,LOF,0.005903262133499057,0.13659244744100643,0.8575042904254945
25718,LOF,0.020312305865977716,0.07890907970561403,0.9007786144284083
25719,LOF,0.03373250702781774,0.08967823840233068,0.8765892545698516
25720,LOF,0.02526551874388929,0.0853108174994883,0.8894236637566225
25721,LOF,0.0245555221523187,0.08808527773199468,0.8873592001156866
25722,LOF,0.0162851637046746,0.12126303038105518,0.8624518059142701
25723,LOF,0.021258671374922992,0.07264167112785103,0.9060996574972259
25724,LOF,0.027164063074023494,0.12399305620987285,0.8488428807161036
25725,LOF,0.020844020666085695,0.06764416397877056,0.9115118153551438
25726,LOF,0.015697400757790386,0.09972591861401954,0.8845766806281902
25727,LOF,0.020431234955735025,0.08733910973891848,0.8922296553053465
25728,LOF,0.020595727490388963,0.10233505792367296,0.877069214585938
25729,LOF,0.020061889276612458,0.10709206648793423,0.8728460442354534
25730,LOF,0.022445051858844156,0.08188603684038577,0.8956689113007701
25731,LOF,0.009625935905622687,0.195033362249374,0.7953407018450033
25732,LOF,0.01971238154311864,0.09060252424727043,0.8896850942096111
25733,LOF,0.028725464650903344,0.08000998453721148,0.8912645508118852
25734,LOF,0.0068976258080475925,0.22171880809479252,0.7713835660971599
25735,LOF,0.022457672561818545,0.07110618024090315,0.9064361471972783
25736,LOF,0.020580522340776033,0.12342017392711756,0.8559993037321063
25737,LOF,0.04043441883141607,0.1075522641383046,0.8520133170302793
25738,LOF,0.02084507445157724,0.1576877138268086,0.8214672117216141
25739,LOF,0.023266808168733843,0.13894175392610872,0.8377914379051574
25740,LOF,0.052176933394640544,0.15399013772283737,0.793832928882522
25741,LOF,0.027324043725538552,0.12919896048951957,0.843476995784942
25742,LOF,0.04449412470692572,0.1399283639055741,0.8155775113875001
25743,LOF,0.011939071698988389,0.034659035547603044,0.9534018927534085
25744,GOF,0.1741916757901649,0.4242509152075122,0.40155740900232295
25745,LOF,0.025561371724291432,0.0593833637038421,0.9150552645718665
25746,LOF,0.012222785804179681,0.080211042194446,0.9075661720013743
25747,LOF,0.029243364431350737,0.03361207226235279,0.9371445633062964
25748,LOF,0.2484563284152047,0.051458957027944355,0.7000847145568508
25749,LOF,0.013587795962859221,0.05051649856096349,0.9358957054761773
25750,LOF,0.01575913092076921,0.07658760076152199,0.9076532683177089
25751,LOF,0.03710273529812455,0.054359178533662164,0.9085380861682132
25752,GOF,0.07979523007418791,0.6890963143502097,0.23110845557560247
25753,LOF,0.007478728334427898,0.370923482573056,0.6215977890925161
25754,GOF,0.006725237213700041,0.8763224663428433,0.11695229644345664
25755,LOF,0.008864670409071443,0.44569030139290916,0.5454450281980194
25756,LOF,0.048552322780225955,0.43792268175888766,0.5135249954608865
25757,GOF,0.007569791112446276,0.8816673223196124,0.11076288656794132
25758,GOF,0.01004320590797119,0.8850584663414843,0.10489832775054456
25759,GOF,0.005475428876467784,0.5981313378086117,0.39639323331492043
25760,LOF,0.006275138618447281,0.30667358456363575,0.687051276817917
25761,GOF,0.058985174601136475,0.8636006661066149,0.07741415929224854
25762,LOF,0.029282564219560048,0.3713753251369332,0.5993421106435067
25763,LOF,0.007385191548533601,0.2665108838686005,0.726103924582866
25764,GOF,0.07128366953144763,0.6367687313690499,0.2919475990995025
25765,GOF,0.008028196497007757,0.8547306236188701,0.1372411798841222
25766,GOF,0.03869858787262917,0.8217782228325347,0.13952318929483615
25767,GOF,0.009571430011226722,0.5434156781737077,0.44701289181506554
25768,LOF,0.036407248742196203,0.07778416921458027,0.8858085820432235
25769,LOF,0.02355084692448061,0.08504000130462812,0.8914091517708912
25770,LOF,0.17597500759912862,0.06880615746041438,0.7552188349404569
25771,LOF,0.013207769830216803,0.07537887981097455,0.9114133503588087
25772,LOF,0.02306501702201539,0.03396378638733668,0.9429711965906479
25773,LOF,0.015335312535599992,0.09374042403019871,0.8909242634342012
25774,LOF,0.028978517854188802,0.09972209896154066,0.8712993831842706
25775,LOF,0.019401398746450093,0.04626590988351244,0.9343326913700374
25776,LOF,0.025953952729350426,0.02951124233278322,0.9445348049378663
25777,LOF,0.2425066703775452,0.07839364458873957,0.6790996850337152
25778,LOF,0.018716936795641247,0.061804484025849545,0.9194785791785093
25779,GOF,0.03053559904831361,0.8989794644477691,0.0704849365039173
25780,GOF,0.06882495237324615,0.8834800097691922,0.04769503785756164
25781,GOF,0.03230986968216908,0.8884751448255005,0.07921498549233029
25782,GOF,0.03050128321746374,0.9104022047734933,0.05909651200904297
25783,GOF,0.01937359269081037,0.790574139108276,0.19005226820091356
25784,GOF,0.07804185324841503,0.8834388444243615,0.03851930232722349
25785,GOF,0.057455710438219114,0.9034526945219937,0.039091595039787305
25786,GOF,0.008556398416523382,0.8617076158698993,0.1297359857135773
25787,GOF,0.15395484398072842,0.8078076850872188,0.038237470932052806
25788,LOF,0.0159401915821886,0.19577202583238257,0.7882877825854289
25789,GOF,0.015432898133694356,0.8644136307661779,0.12015347110012778
25790,GOF,0.016255300777238812,0.8798771202461071,0.10386757897665413
25791,GOF,0.016125817677897888,0.8353037834559138,0.14857039886618822
25792,GOF,0.021395899981039954,0.8511380727986765,0.12746602722028377
25793,GOF,0.055065104935623756,0.8351862988295017,0.10974859623487442
25794,GOF,0.049914408234320674,0.7520410801173826,0.19804451164829687
25795,GOF,0.05080884487027687,0.7600815561066367,0.1891095990230862
25796,GOF,0.08115467303393381,0.826707424984633,0.09213790198143318
25797,GOF,0.04235038943607973,0.7251822670566822,0.23246734350723813
25798,GOF,0.003024868505299464,0.6884223745814587,0.30855275691324185
25799,GOF,0.0027513915702811905,0.5713442459758252,0.42590436245389357
25800,GOF,0.015311118880106491,0.7757384617562836,0.20895041936360984
25801,GOF,0.013859861857392162,0.8733630929602084,0.11277704518239937
25802,GOF,0.021310853465945565,0.8336380726253203,0.14505107390873415
25803,GOF,0.013151322693803223,0.7323459590870254,0.25450271821917136
25804,GOF,0.016268784024972942,0.6491963058569734,0.3345349101180535
25805,GOF,0.023690213724750307,0.7315773220580138,0.2447324642172358
25806,GOF,0.01871407492687176,0.8033090091771452,0.17797691589598297
25807,GOF,0.006276888233203388,0.7605829742088096,0.23314013755798707
25808,GOF,0.01517527296003002,0.7836110097976131,0.20121371724235687
25809,GOF,0.007111395996885319,0.7602671601185365,0.23262144388457817
25810,GOF,0.005746901608634944,0.7501373839225082,0.24411571446885696
25811,GOF,0.03883490261834612,0.8745202682949443,0.08664482908670956
25812,GOF,0.017647175815035505,0.7655770075316334,0.21677581665333098
25813,GOF,0.10022631800258036,0.8041062857790492,0.09566739621837043
25814,GOF,0.02339923969085497,0.803362389915977,0.17323837039316797
25815,GOF,0.03835877576492352,0.8316998830446746,0.12994134119040182
25816,GOF,0.007979452981368026,0.8739733299906706,0.11804721702796142
25817,GOF,0.10655326984581674,0.8178684939518609,0.07557823620232228
25818,GOF,0.020223165861301542,0.8274058293914011,0.1523710047472974
25819,GOF,0.05100698947423665,0.764571051110302,0.1844219594154614
25820,GOF,0.025181017852799824,0.7738636097814536,0.20095537236574657
25821,GOF,0.01744960834436825,0.7712013870405249,0.21134900461510692
25822,GOF,0.031948283639924,0.7678039058157293,0.20024781054434665
25823,GOF,0.019053469792836824,0.6822319378775342,0.2987145923296289
25824,GOF,0.016372447959097664,0.7605523917591314,0.22307516028177107
25825,GOF,0.013499083981484162,0.7523570763933187,0.23414383962519722
25826,GOF,0.005897206767998023,0.7373287129077382,0.2567740803242638
25827,GOF,0.009857484504581137,0.7037094342421302,0.2864330812532888
25828,GOF,0.007549859482846945,0.6755162281179313,0.3169339123992218
25829,GOF,0.003305267957289738,0.7111569247876355,0.2855378072550747
25830,GOF,0.036146571703277494,0.5472598718864121,0.41659355641031026
25831,GOF,0.061976701087063074,0.8222373740935104,0.11578592481942651
25832,GOF,0.008501391508261685,0.7993259016198385,0.19217270687189977
25833,GOF,0.031526078506669095,0.8478161172860003,0.12065780420733055
25834,GOF,0.008410802828953514,0.8106799239695688,0.1809092732014778
25835,GOF,0.019374804344905603,0.8719791127764909,0.10864608287860365
25836,GOF,0.005604169794176509,0.8158120651861135,0.17858376501971
25837,GOF,0.0063067026899309995,0.6959662354217137,0.29772706188835535
25838,GOF,0.017846576655990782,0.8613838293769986,0.12076959396701062
25839,GOF,0.041311356078716624,0.8465733190106848,0.11211532491059867
25840,GOF,0.08456021363566874,0.8073899039254182,0.10804988243891323
25841,GOF,0.08504933733414474,0.8252477475130041,0.08970291515285117
25842,GOF,0.019960973620133094,0.8925972506357264,0.08744177574414046
25843,GOF,0.020932819639657704,0.8959087575776568,0.08315842278268544
25844,GOF,0.012032380893147503,0.8462604622425116,0.1417071568643409
25845,GOF,0.004350197726792003,0.6600952364774914,0.3355545657957167
25846,GOF,0.05772533378493553,0.8582881438120837,0.08398652240298066
25847,GOF,0.013657932078836038,0.9076306641584838,0.07871140376268027
25848,GOF,0.015073088006717,0.8618122572389575,0.12311465475432541
25849,GOF,0.00494586995277259,0.7484032366673276,0.24665089337989987
25850,GOF,0.005132576713503249,0.7641380875051732,0.2307293357813236
25851,GOF,0.004693822932133912,0.6640022334402962,0.33130394362756993
25852,GOF,0.14267818349347822,0.592754725886879,0.2645670906196427
25853,GOF,0.0697098127938181,0.8396653839513187,0.09062480325486315
25854,GOF,0.004063892381044337,0.6963641520910048,0.29957195552795074
25855,GOF,0.01516008894810714,0.6569926048687575,0.32784730618313523
25856,GOF,0.03314968999473421,0.7825137651143244,0.18433654489094137
25857,GOF,0.01727032162748616,0.6317238168859722,0.3510058614865415
25858,GOF,0.006612434831608636,0.6461128125763382,0.34727475259205304
25859,GOF,0.005475922743989379,0.6411560944772081,0.35336798277880255
25860,GOF,0.08116650114329935,0.817034699687953,0.10179879916874761
25861,GOF,0.08419415580375242,0.8225853975416643,0.09322044665458336
25862,GOF,0.014989966263721064,0.8843825307603475,0.10062750297593157
25863,GOF,0.016066713003226388,0.8842280120862085,0.09970527491056518
25864,GOF,0.045276140917111574,0.886947580998494,0.06777627808439432
25865,GOF,0.0351681026420305,0.8599477215361393,0.10488417582183011
25866,GOF,0.020820300907225236,0.886481974909436,0.09269772418333873
25867,GOF,0.030976184033259156,0.8956972704977358,0.073326545469005
25868,GOF,0.05275204314051287,0.8461445987080463,0.10110335815144089
25869,GOF,0.3359256568244824,0.5994895919140383,0.06458475126147932
25870,GOF,0.059528074716713925,0.6833671627029377,0.2571047625803484
25871,GOF,0.010131289074312573,0.891141262192412,0.09872744873327557
25872,GOF,0.01890805223220134,0.8810527919450145,0.10003915582278397
25873,GOF,0.01721396850439052,0.9046456228495218,0.07814040864608768
25874,LOF,0.01623601529735391,0.2281484320021181,0.755615552700528
25875,LOF,0.04175147333965358,0.0424543253822941,0.9157942012780524
25876,LOF,0.0182865128528196,0.03393456748059281,0.9477789196665876
25877,LOF,0.12564185633292085,0.08450965873668208,0.789848484930397
25878,LOF,0.07586352327158151,0.12912760987684188,0.7950088668515766
25879,LOF,0.026409252014235482,0.08768282694350135,0.8859079210422631
25880,LOF,0.0625873441443076,0.011326665969092037,0.9260859898866004
25881,Neutral,0.5343425054099743,0.07249180982015793,0.3931656847698677
25882,LOF,0.057587106689077655,0.027678741916389294,0.9147341513945331
25883,LOF,0.02634383426554484,0.026439805018243886,0.9472163607162114
25884,LOF,0.019919612025200047,0.0535148443253531,0.926565543649447
25885,LOF,0.1968022552530237,0.014535075781338237,0.7886626689656381
25886,LOF,0.2662721325666641,0.055347363602937995,0.6783805038303978
25887,LOF,0.1501954268992013,0.08364820209810302,0.7661563710026957
25888,LOF,0.010395262858824063,0.14136033647628332,0.8482444006648927
25889,LOF,0.025034780176584236,0.03907374873829705,0.9358914710851187
25890,LOF,0.18753144037140776,0.0937701553707098,0.7186984042578825
25891,LOF,0.10277587551987512,0.027397744282114146,0.8698263801980107
25892,LOF,0.00868397260469291,0.03553721909096283,0.9557788083043443
25893,LOF,0.34142035709678614,0.010439620868907531,0.6481400220343063
25894,LOF,0.3898777717455987,0.005734225740025964,0.6043880025143754
25895,LOF,0.34332579669890123,0.01222414308340837,0.6444500602176905
25896,LOF,0.06697803414628298,0.019391741571390543,0.9136302242823265
25897,LOF,0.18595994923598758,0.009510380690413154,0.8045296700735993
25898,LOF,0.15280899129379924,0.031231358526342068,0.8159596501798587
25899,LOF,0.42638169282052024,0.019448596859245885,0.5541697103202339
25900,LOF,0.49390126630700976,0.006695733448714929,0.49940300024427536
25901,LOF,0.06353267087309879,0.008839244119075463,0.9276280850078258
25902,LOF,0.18009506556517535,0.010286462138496228,0.8096184722963283
25903,LOF,0.37211693694314923,0.023671544249277452,0.6042115188075733
25904,Neutral,0.499972610541577,0.029918003111449855,0.4701093863469732
25905,LOF,0.005921113735144625,0.4944882486201828,0.49959063764467254
25906,LOF,0.008361049462411195,0.11300952877060459,0.8786294217669842
25907,LOF,0.0049372677189458945,0.3595794056184107,0.6354833266626435
25908,LOF,0.00465587060293527,0.28588027233677604,0.7094638570602887
25909,LOF,0.024638338122076834,0.16124026958517096,0.8141213922927523
25910,LOF,0.011334594380361794,0.1566117071468334,0.8320536984728047
25911,LOF,0.24147718778994337,0.05248168043232923,0.7060411317777274
25912,LOF,0.09049608014694036,0.05232387950033056,0.8571800403527291
25913,LOF,0.027962329740756534,0.08003154775857459,0.8920061225006688
25914,LOF,0.034312695809204395,0.03944082492294064,0.926246479267855
25915,LOF,0.22242558986020924,0.1775833979267528,0.599991012213038
25916,LOF,0.02921335253992395,0.1128132195328254,0.8579734279272507
25917,LOF,0.07631073251197303,0.03238993460159928,0.8912993328864276
25918,LOF,0.03958608172142381,0.024461818204009087,0.9359521000745671
25919,LOF,0.03609951441259362,0.02348992407457165,0.9404105615128348
25920,LOF,0.35431105242568656,0.20519869791012768,0.4404902496641859
25921,LOF,0.014436294065110817,0.03409314972243774,0.9514705562124515
25922,LOF,0.01694857401978153,0.034302057717192344,0.9487493682630261
25923,LOF,0.4142990868157006,0.033376895082949914,0.5523240181013495
25924,LOF,0.019148949346008873,0.0635607138206651,0.9172903368333262
25925,LOF,0.07971474759522591,0.04663031854713809,0.873654933857636
25926,LOF,0.06454832091666453,0.04591724959998854,0.8895344294833469
25927,LOF,0.019432613085132094,0.06880638567621386,0.9117610012386541
25928,LOF,0.0090755266051094,0.055784883468570495,0.9351395899263202
25929,Neutral,0.5390676903319337,0.031259970850557504,0.4296723388175087
25930,LOF,0.07582038575819373,0.0324861933401064,0.8916934209016998
25931,LOF,0.012605652452181964,0.04074917462167902,0.9466451729261389
25932,LOF,0.05368014258806592,0.037545930406354656,0.9087739270055794
25933,LOF,0.059367423904451294,0.020081504345040028,0.9205510717505085
25934,LOF,0.05061466118902199,0.018866153421807103,0.9305191853891709
25935,LOF,0.07323802820418902,0.05682289994365911,0.869939071852152
25936,LOF,0.0901574811009022,0.02080404019707264,0.8890384787020252
25937,LOF,0.01472013416583853,0.049431704742305085,0.9358481610918565
25938,LOF,0.07405262285806073,0.04791577434376849,0.8780316027981708
25939,LOF,0.04335266074381185,0.02574985106093209,0.9308974881952561
25940,LOF,0.009245709208441704,0.38757085239016836,0.6031834384013899
25941,Neutral,0.4946693258937742,0.059727952646231895,0.44560272145999397
25942,LOF,0.009847359445851456,0.05897320584842493,0.9311794347057235
25943,LOF,0.05207938400515228,0.221302684844358,0.7266179311504898
25944,LOF,0.047661659106391654,0.10604521733685623,0.8462931235567521
25945,LOF,0.1159147199237492,0.029255891762983283,0.8548293883132676
25946,LOF,0.06972792252537824,0.03848801857006934,0.8917840589045525
25947,Neutral,0.4508058635655776,0.12479177436519637,0.42440236206922605
25948,LOF,0.40493167701121785,0.016419742564092628,0.5786485804246896
25949,LOF,0.14514651655692584,0.07102543355113244,0.7838280498919418
25950,GOF,0.054842251729388655,0.5902660349709536,0.35489171329965774
25951,LOF,0.012966070854370428,0.43346190076490293,0.5535720283807266
25952,LOF,0.2472607485547131,0.2783960426280636,0.47434320881722325
25953,LOF,0.007927589830366288,0.20663329090907123,0.7854391192605625
25954,GOF,0.05898497977019329,0.47710703783652203,0.4639079823932847
25955,LOF,0.00640692408688756,0.19266083449753824,0.8009322414155742
25956,LOF,0.017181895346225422,0.22959354629384035,0.7532245583599342
25957,LOF,0.15565267369459676,0.03338147542376143,0.8109658508816417
25958,LOF,0.0330701960132655,0.06038093250103383,0.9065488714857007
25959,GOF,0.011449440819323194,0.6999984144284926,0.2885521447521841
25960,LOF,0.0053895749803343435,0.0918821861861292,0.9027282388335365
25961,LOF,0.03161132083094575,0.05339405952690269,0.9149946196421516
25962,LOF,0.04492787902337931,0.06486255941297062,0.8902095615636502
25963,LOF,0.005445031953093746,0.1744742417506374,0.8200807262962689
25964,LOF,0.02866567696250803,0.11168400116241656,0.8596503218750755
25965,LOF,0.2539421638546778,0.11631232770264609,0.6297455084426761
25966,LOF,0.394323115479161,0.1327166049312766,0.47296027958956244
25967,LOF,0.008187453888354708,0.0897062499184828,0.9021062961931625
25968,LOF,0.045048414329381156,0.255902011740873,0.6990495739297459
25969,LOF,0.13959274718568965,0.056871939943740756,0.8035353128705696
25970,LOF,0.05560637745877071,0.09521402865397123,0.8491795938872582
25971,LOF,0.08069078056456849,0.033959675653272736,0.8853495437821588
25972,LOF,0.07458444053644257,0.05818769917806538,0.8672278602854921
25973,LOF,0.06357857321343231,0.009404330205075265,0.9270170965814923
25974,LOF,0.050048854798184716,0.04351934315788459,0.9064318020439307
25975,LOF,0.0386728495300344,0.01970734493426149,0.9416198055357041
25976,LOF,0.08856082779352256,0.012588648263136937,0.8988505239433405
25977,LOF,0.22892082708436104,0.060485887188450986,0.7105932857271879
25978,LOF,0.18774507947388283,0.11645022030275687,0.6958047002233603
25979,LOF,0.15884353850883437,0.13381360373799503,0.7073428577531705
25980,LOF,0.2610243884282778,0.18077072134834216,0.55820489022338
25981,LOF,0.2619503370854959,0.18240378971091206,0.555645873203592
25982,Neutral,0.47193067203324335,0.08696890761513697,0.44110042035161967
25983,Neutral,0.4585445319980686,0.10455682679019115,0.4368986412117404
25984,LOF,0.03929642300667937,0.10096414429385848,0.8597394326994621
25985,LOF,0.35774043117151794,0.15631568926923128,0.4859438795592509
25986,LOF,0.011411914117103988,0.43283147075087647,0.5557566151320195
25987,LOF,0.04953323472331032,0.105218443967387,0.8452483213093027
25988,LOF,0.03512245143502719,0.1699694181675866,0.7949081303973862
25989,LOF,0.04037927162977909,0.19286042171363454,0.7667603066565865
25990,LOF,0.035160529781980636,0.3136284005802018,0.6512110696378176
25991,LOF,0.020895364392948576,0.4369615015440361,0.5421431340630153
25992,LOF,0.019391569198774702,0.4419289948131028,0.5386794359881226
25993,LOF,0.02832860703019341,0.07192935777322786,0.8997420351965787
25994,LOF,0.02328538890704155,0.06888017093316588,0.9078344401597925
25995,LOF,0.020732809208394366,0.12508539307389366,0.854181797717712
25996,GOF,0.34082319505079406,0.3630765278734136,0.29610027707579234
25997,LOF,0.05306832387610581,0.40960614856203953,0.5373255275618547
25998,LOF,0.29943522077441154,0.04497234119764564,0.6555924380279428
25999,LOF,0.04029948379622736,0.17084241243349801,0.7888581037702747
26000,LOF,0.15315736966122778,0.023489863182516047,0.8233527671562562
26001,LOF,0.29812656936392734,0.03342256730824676,0.6684508633278259
26002,LOF,0.11087879176095948,0.03259025178998439,0.8565309564490561
26003,GOF,0.00660681366836466,0.6434562425082676,0.3499369438233677
26004,GOF,0.014421780160738666,0.6882420276822947,0.29733619215696666
26005,LOF,0.00466767487871394,0.4727739297446559,0.5225583953766303
26006,GOF,0.11764598489875289,0.531921617570597,0.3504323975306501
26007,GOF,0.009338900660602311,0.5142144355406802,0.4764466637987175
26008,GOF,0.0057103111774070535,0.5815834158758371,0.4127062729467559
26009,GOF,0.008801225965169255,0.6451519143628064,0.34604685967202425
26010,GOF,0.009227708105677676,0.6075659443315603,0.383206347562762
26011,LOF,0.0039927992509544465,0.4349895708739994,0.5610176298750461
26012,LOF,0.004135483189994433,0.4973069765698909,0.49855754024011467
26013,GOF,0.008567163394762734,0.5696728416095609,0.42175999499567646
26014,LOF,0.07150778537274295,0.10156396703882194,0.8269282475884352
26015,LOF,0.32120676730315334,0.03662315569976402,0.6421700769970826
26016,LOF,0.28518480924879036,0.04845074790431798,0.6663644428468917
26017,LOF,0.01428008194684862,0.24048010305472428,0.7452398149984272
26018,LOF,0.024039631519348806,0.07331087215324124,0.90264949632741
26019,LOF,0.024034990324509398,0.06223176365952154,0.9137332460159691
26020,LOF,0.007180026586695111,0.2325519124552309,0.760268060958074
26021,LOF,0.09830548037121926,0.08315683576755145,0.8185376838612293
26022,LOF,0.031029251203968832,0.03294970900199899,0.9360210397940322
26023,LOF,0.020338320116176735,0.048264500092885326,0.9313971797909378
26024,LOF,0.05276354585487697,0.06698101482488573,0.8802554393202372
26025,LOF,0.07635949675806487,0.09037452416524887,0.8332659790766863
26026,LOF,0.09516486914882517,0.07764783104134772,0.8271872998098272
26027,LOF,0.025529441212935,0.030979259254182538,0.9434912995328825
26028,LOF,0.0907389791889242,0.15593973904745773,0.7533212817636181
26029,LOF,0.02824557490504975,0.20662925009604438,0.765125174998906
26030,LOF,0.1570913310140951,0.027049387030077497,0.8158592819558275
26031,LOF,0.01124532039587399,0.1639083704208342,0.8248463091832918
26032,LOF,0.045630675373580655,0.05920016923462372,0.8951691553917958
26033,LOF,0.05237732484829443,0.054851367711047073,0.8927713074406586
26034,LOF,0.015394295124446641,0.1648127814640476,0.8197929234115057
26035,LOF,0.012161848203032705,0.11636624192181177,0.8714719098751554
26036,LOF,0.012872902301059617,0.13069452448178193,0.8564325732171585
26037,LOF,0.010629074163909225,0.11036592069229145,0.8790050051437994
26038,LOF,0.03827411798252496,0.05271442147626402,0.9090114605412111
26039,LOF,0.03396436377835366,0.15077405202381383,0.8152615841978326
26040,LOF,0.0914788255406672,0.1255867506173716,0.7829344238419613
26041,LOF,0.014132990574196308,0.09164687699340791,0.8942201324323958
26042,LOF,0.012977817922144322,0.11050373917747763,0.8765184429003781
26043,LOF,0.03758269463057919,0.07624024370299205,0.8861770616664287
26044,LOF,0.012501239231561356,0.058260313926732796,0.929238446841706
26045,LOF,0.06801676393401015,0.115585125711637,0.816398110354353
26046,LOF,0.032485718174213474,0.058108209339881686,0.9094060724859049
26047,LOF,0.06122398165587795,0.056749953324251395,0.8820260650198706
26048,LOF,0.07500399175093753,0.028053468814568258,0.8969425394344941
26049,Neutral,0.9459252426190732,0.00871462309577067,0.04536013428515619
26050,Neutral,0.9192230003789563,0.009527986768429161,0.07124901285261455
26051,LOF,0.024605150508884857,0.11273891552155905,0.8626559339695561
26052,LOF,0.04186035116512304,0.12264093790650174,0.8354987109283751
26053,LOF,0.022571070923876193,0.14518307601890335,0.8322458530572205
26054,LOF,0.04958383954221688,0.03422360383286595,0.9161925566249172
26055,LOF,0.07332434622716592,0.0333219498917428,0.8933537038810913
26056,LOF,0.05965120618966318,0.04041987879889604,0.8999289150114407
26057,LOF,0.054787428146769415,0.017347403369448407,0.9278651684837821
26058,LOF,0.0589780423468767,0.013851499282636183,0.9271704583704872
26059,LOF,0.21385725813735154,0.038948332494241775,0.7471944093684068
26060,LOF,0.01983441789161641,0.16510704794898295,0.8150585341594007
26061,LOF,0.009883488528962826,0.012003340283067166,0.9781131711879699
26062,LOF,0.005985980370017048,0.018241354549624507,0.9757726650803584
26063,LOF,0.04096468692401565,0.012536046026761357,0.946499267049223
26064,LOF,0.011157858399763017,0.02930400012482987,0.9595381414754072
26065,LOF,0.04869541471645746,0.015458114041840802,0.9358464712417017
26066,LOF,0.039941387849113774,0.012490802655684306,0.9475678094952018
26067,LOF,0.043832973721347604,0.012640301793539655,0.9435267244851127
26068,LOF,0.05909374745367256,0.04817471507103798,0.8927315374752894
26069,LOF,0.29914299994293375,0.033098729128149124,0.6677582709289172
26070,Neutral,0.5593389804286116,0.022782744987028935,0.41787827458435944
26071,LOF,0.04555378254032538,0.013659354233568288,0.9407868632261064
26072,LOF,0.008972574104519467,0.021898215259966224,0.9691292106355144
26073,LOF,0.03801357815479413,0.015008502176648095,0.9469779196685577
26074,Neutral,0.877079045023003,0.010745006455395122,0.11217594852160177
26075,LOF,0.05738745926570701,0.026104617815183424,0.9165079229191097
26076,LOF,0.05520373868843467,0.01297060430220453,0.9318256570093608
26077,LOF,0.15259614018555273,0.008354722976484423,0.8390491368379629
26078,LOF,0.006753181829917439,0.019482071088823827,0.9737647470812588
26079,LOF,0.06895107518345976,0.02350670701923759,0.9075422177973026
26080,LOF,0.06815396704484962,0.02360237504635241,0.908243657908798
26081,LOF,0.03496772213026553,0.01041929964769743,0.954612978222037
26082,LOF,0.006102274641790426,0.018851568441655583,0.9750461569165539
26083,LOF,0.10806783512951734,0.02521547558494874,0.8667166892855339
26084,LOF,0.11108348640247692,0.016743600465346446,0.8721729131321767
26085,LOF,0.0977875220899735,0.014361517351726813,0.8878509605582997
26086,LOF,0.03972311908889247,0.013541900636417884,0.9467349802746895
26087,LOF,0.03755627770842597,0.012116261738442288,0.9503274605531318
26088,LOF,0.007041811194679283,0.02660678775893212,0.9663514010463886
26089,LOF,0.044697469877545526,0.04469372167617503,0.9106088084462794
26090,LOF,0.04494761587868148,0.03240949832831991,0.9226428857929986
26091,LOF,0.02862846347427204,0.009014159205532172,0.9623573773201958
26092,LOF,0.0448495945844704,0.009575679923224893,0.9455747254923047
26093,LOF,0.08120103495046417,0.006874674647445105,0.9119242904020907
26094,LOF,0.03430168109780619,0.008637102267905898,0.957061216634288
26095,LOF,0.027808415677321705,0.019421212280143187,0.9527703720425351
26096,LOF,0.19511841951792966,0.0061874308627402575,0.7986941496193302
26097,LOF,0.006943000737493568,0.0413520876907055,0.9517049115718009
26098,LOF,0.1301444331869835,0.020709938517479497,0.849145628295537
26099,LOF,0.03862137706394129,0.02114324321911238,0.9402353797169464
26100,LOF,0.03862137706394129,0.02114324321911238,0.9402353797169464
26101,LOF,0.06271559016709032,0.03448073618614852,0.9028036736467611
26102,LOF,0.03301280043866786,0.01956835447532532,0.9474188450860068
26103,Neutral,0.8927548020830771,0.03193540572775766,0.07530979218916521
26104,LOF,0.061264187116176295,0.04783254359972702,0.8909032692840967
26105,LOF,0.2625007274202184,0.11944412453583256,0.618055148043949
26106,LOF,0.3124220972429397,0.07691874040639612,0.6106591623506642
26107,LOF,0.023669736118400515,0.07990270902122722,0.8964275548603723
26108,LOF,0.22828352489858922,0.03990415924460477,0.7318123158568061
26109,LOF,0.08517528784468499,0.0357191526948916,0.8791055594604235
26110,LOF,0.4406219511462645,0.009546924185475817,0.5498311246682596
26111,LOF,0.05513880703341473,0.1217725440116973,0.823088648954888
26112,LOF,0.05835977850754274,0.009305471610081951,0.9323347498823753
26113,LOF,0.11718144523775863,0.02100198000518001,0.8618165747570614
26114,LOF,0.0826832225550367,0.011632867022083467,0.9056839104228798
26115,LOF,0.01831644681804798,0.05903818911562627,0.9226453640663258
26116,LOF,0.0693971807388709,0.026050994438414615,0.9045518248227145
26117,LOF,0.3416964067616154,0.045242492369491974,0.6130611008688926
26118,LOF,0.0509456039499007,0.019769167339771566,0.9292852287103277
26119,LOF,0.0068508998493580645,0.03804036243916096,0.955108737711481
26120,LOF,0.035069382444898316,0.018815756174024936,0.9461148613810767
