feature0,prediction,LoGoFunc_Neutral,LoGoFunc_GOF,LoGoFunc_LOF
25546,Neutral,0.631560669367637,0.10377939825159553,0.2646599323807674
25547,Neutral,0.48367819144305896,0.22894317597440844,0.28737863258253254
25548,Neutral,0.45089329639738035,0.16646118444694602,0.38264551915567363
25549,Neutral,0.42399730857149426,0.17577731730055635,0.4002253741279494
25550,LOF,0.3261254548825838,0.1900920122887036,0.4837825328287125
25551,LOF,0.24408055976072887,0.17788265642476528,0.5780367838145059
25552,LOF,0.1491084108460025,0.17695983855286387,0.6739317506011336
25553,Neutral,0.8118154670791257,0.04424480233827034,0.1439397305826039
25554,LOF,0.17709095919403045,0.18894778501685014,0.6339612557891193
25555,LOF,0.1470665259064023,0.16449837536737058,0.6884350987262272
25556,Neutral,0.5039317895999618,0.1388489152279813,0.35721929517205697
25557,LOF,0.1522865671338139,0.18049262717413087,0.6672208056920553
25558,LOF,0.18204885190318035,0.210999248362677,0.6069518997341428
25559,Neutral,0.5180705370241333,0.017212428358164354,0.46471703461770225
25560,LOF,0.04059895004256943,0.19011489855753752,0.7692861513998931
25561,LOF,0.10899981719172516,0.2264528462767606,0.6645473365315142
25562,LOF,0.13021854778067876,0.06478592006115501,0.8049955321581663
25563,LOF,0.12223355399818456,0.0940001167567398,0.7837663292450757
25564,LOF,0.07203740305218716,0.2134221818619593,0.7145404150858535
25565,LOF,0.1136295652555788,0.2586428622910143,0.6277275724534069
25566,GOF,0.019758813178793116,0.6836234111437657,0.2966177756774412
25567,LOF,0.01145408249096018,0.07907200690938573,0.909473910599654
25568,LOF,0.06237530898536129,0.04683534576262933,0.8907893452520094
25569,LOF,0.11275410150527436,0.0394054257850622,0.8478404727096635
25570,LOF,0.06358357002484424,0.044332984265290636,0.8920834457098651
25571,LOF,0.07767431842639162,0.04019011006189063,0.8821355715117176
25572,LOF,0.04300024000611681,0.05558307799344446,0.9014166820004388
25573,LOF,0.022378094490566228,0.06494873613745092,0.912673169371983
25574,LOF,0.010674501419962002,0.2003403365674609,0.7889851620125771
25575,LOF,0.056024632570371574,0.023337857017777366,0.9206375104118512
25576,LOF,0.015338845618950272,0.026991143991380483,0.9576700103896693
25577,LOF,0.010085743412044169,0.028554710757486598,0.9613595458304691
25578,LOF,0.25049278110278517,0.0585354629556043,0.6909717559416105
25579,LOF,0.20781771769918556,0.05662507455188285,0.7355572077489317
25580,LOF,0.03401843436269435,0.024183571532154252,0.9417979941051513
25581,LOF,0.05360828986949764,0.07768219677809042,0.868709513352412
25582,LOF,0.05299158849791984,0.060112078262483375,0.8868963332395968
25583,LOF,0.03725519856715786,0.02537827182421351,0.9373665296086288
25584,Neutral,0.5230606213520599,0.04852315899330321,0.428416219654637
25585,LOF,0.025717139837022063,0.027099749083040862,0.9471831110799371
25586,LOF,0.03497804657555937,0.02240767799431866,0.942614275430122
25587,LOF,0.028994643921384466,0.01961831032958017,0.9513870457490354
25588,LOF,0.029259791465144677,0.024219523768834333,0.946520684766021
25589,Neutral,0.6933979138250937,0.05936562064582137,0.2472364655290848
25590,LOF,0.022742130628786234,0.06536346836965967,0.9118944010015542
25591,LOF,0.07370523278402463,0.036153599295400296,0.8901411679205751
25592,LOF,0.13136521183883998,0.04630163647706442,0.8223331516840956
25593,LOF,0.013181450485016738,0.2540604301662577,0.7327581193487257
25594,LOF,0.06446265798399198,0.04252736708513943,0.8930099749308686
25595,LOF,0.12066607740511424,0.07003432143008513,0.8092996011648006
25596,LOF,0.09640200645491728,0.046522119960210474,0.8570758735848722
25597,LOF,0.0815666988897284,0.01792512344731962,0.900508177662952
25598,LOF,0.16130919233201887,0.05253435613140272,0.7861564515365783
25599,GOF,0.0113947296461688,0.5174677290384511,0.4711375413153801
25600,GOF,0.013072960831937614,0.590639618922566,0.3962874202454963
25601,LOF,0.00745034180274518,0.31869109507342724,0.6738585631238276
25602,LOF,0.021758467391639648,0.0879475456656732,0.8902939869426871
25603,LOF,0.03385928903703178,0.08293009787782113,0.883210613085147
25604,LOF,0.03328438365069425,0.0968730589930967,0.8698425573562092
25605,LOF,0.011347646618148896,0.3075350986272654,0.6811172547545856
25606,LOF,0.0641947106371397,0.40252854443626707,0.5332767449265933
25607,LOF,0.002940867827457455,0.19150969252150202,0.8055494396510405
25608,LOF,0.06105990865821557,0.031343937505200876,0.9075961538365835
25609,LOF,0.09015983157597125,0.14741954769701218,0.7624206207270167
25610,LOF,0.036097239693111065,0.0584807152049747,0.9054220451019142
25611,LOF,0.05389787764341494,0.026678452997472464,0.9194236693591127
25612,LOF,0.22983871988468235,0.03337946701441858,0.7367818131008991
25613,LOF,0.11284101579578079,0.05185812921238632,0.8353008549918328
25614,LOF,0.03264628634874064,0.059566665038395625,0.9077870486128636
25615,LOF,0.07245316765264072,0.04635167206741828,0.881195160279941
25616,LOF,0.0270733240227052,0.10770809142155661,0.8652185845557381
25617,LOF,0.04113325795547913,0.04565318855052031,0.9132135534940006
25618,LOF,0.1515917685285718,0.14004750256803525,0.7083607289033929
25619,LOF,0.034390152870686204,0.08576753051286054,0.8798423166164533
25620,LOF,0.03232620548491176,0.0852121182879785,0.8824616762271098
25621,LOF,0.03561775381242974,0.042462499533307156,0.9219197466542631
25622,LOF,0.025747762684028133,0.07666995375777229,0.8975822835581996
25623,LOF,0.043975680826182584,0.0787503249136389,0.8772739942601785
25624,LOF,0.027899809106200796,0.09123606254454214,0.880864128349257
25625,LOF,0.035224861838586086,0.07709570579244691,0.8876794323689671
25626,LOF,0.11714930026596077,0.03554412842588774,0.8473065713081515
25627,Neutral,0.45960189407100144,0.09595285747276401,0.4444452484562346
25628,LOF,0.190836927533327,0.0283998318849658,0.7807632405817072
25629,LOF,0.09002571774455606,0.04143488688385021,0.8685393953715936
25630,LOF,0.18272846190352995,0.0358968587018922,0.7813746793945778
25631,Neutral,0.57415768505307,0.05115788674712823,0.37468442819980174
25632,LOF,0.016966719461970266,0.13533705590884326,0.8476962246291866
25633,LOF,0.25383613063956406,0.3192938901665572,0.42686997919387876
25634,LOF,0.0559105737321326,0.1932661690843025,0.7508232571835649
25635,LOF,0.045212940379844184,0.14357203544928637,0.8112150241708694
25636,LOF,0.004824838282378346,0.46276030434293164,0.53241485737469
25637,LOF,0.004435156773399486,0.2616613953613655,0.733903447865235
25638,LOF,0.005707134883469569,0.2883819414530007,0.7059109236635297
25639,LOF,0.0046084038559420625,0.24866448068158262,0.7467271154624753
25640,GOF,0.3928248270820581,0.520521551713939,0.08665362120400284
25641,LOF,0.00926064071312598,0.18408128705934723,0.8066580722275267
25642,LOF,0.24943076904386516,0.0363414605374051,0.7142277704187296
25643,LOF,0.23115618348973493,0.032043336717316614,0.7368004797929484
25644,LOF,0.01250225141019509,0.3184093403364366,0.6690884082533683
25645,LOF,0.011719944733271138,0.46175144968378284,0.526528605582946
25646,LOF,0.012758433423856104,0.24831706574114287,0.738924500835001
25647,LOF,0.011075372194355235,0.23690480104892586,0.7520198267567189
25648,LOF,0.00794240411236007,0.28322903469098937,0.7088285611966506
25649,LOF,0.008590868352769988,0.19507095177567962,0.7963381798715503
25650,LOF,0.027601472549276244,0.2816048421213397,0.6907936853293841
25651,LOF,0.007880189253729306,0.19904899941245502,0.7930708113338157
25652,LOF,0.014296871537378953,0.32150985176568847,0.6641932766969326
25653,LOF,0.06575863295482276,0.39238668087888184,0.5418546861662954
25654,LOF,0.00837545764870503,0.31388327607405375,0.6777412662772413
25655,LOF,0.1302161866332516,0.4346665523330485,0.43511726103369985
25656,LOF,0.07658381627795603,0.12141725129816537,0.8019989324238785
25657,LOF,0.2739649918226534,0.033547103048663006,0.6924879051286836
25658,LOF,0.028754249542741653,0.18519717203029326,0.7860485784269652
25659,LOF,0.22004463661450416,0.11237315293191562,0.6675822104535802
25660,LOF,0.09355410269270426,0.08837697872935012,0.8180689185779456
25661,LOF,0.062455193897650266,0.07536424348461074,0.8621805626177391
25662,LOF,0.0420436920297569,0.06214142722357403,0.8958148807466692
25663,LOF,0.043429847242553776,0.10579196308865398,0.8507781896687923
25664,LOF,0.02496884375063659,0.15856740783850254,0.816463748410861
25665,LOF,0.046448021248061286,0.07770602329974664,0.8758459554521921
25666,LOF,0.0324172376849004,0.219422885787749,0.7481598765273506
25667,LOF,0.03621921126357515,0.031231458342274098,0.9325493303941509
25668,LOF,0.03698849498112932,0.06046716973150172,0.902544335287369
25669,LOF,0.032069683368546716,0.07561882208416013,0.8923114945472932
25670,LOF,0.06507902463587044,0.08133347629201834,0.8535874990721112
25671,LOF,0.05189863402664593,0.04107406763694233,0.9070272983364117
25672,LOF,0.060290388107800214,0.05407868214957033,0.8856309297426294
25673,LOF,0.032498305117256134,0.07942276090009148,0.8880789339826525
25674,LOF,0.023478639745356245,0.11143662849486861,0.8650847317597752
25675,LOF,0.03164109676467964,0.06617322640647105,0.9021856768288493
25676,LOF,0.04011062619997841,0.0724268681038603,0.8874625056961613
25677,LOF,0.06658267293446754,0.05219393638222114,0.8812233906833113
25678,LOF,0.14089616056576051,0.08282420710203234,0.7762796323322072
25679,LOF,0.09570982665680694,0.1203844138250797,0.7839057595181134
25680,LOF,0.10455148361724638,0.10099142062941228,0.7944570957533413
25681,LOF,0.11005000784832157,0.10074510267022276,0.7892048894814557
25682,LOF,0.04436088180518772,0.05322349469263801,0.9024156235021743
25683,LOF,0.06613724639507731,0.10469988362750766,0.829162869977415
25684,LOF,0.06008846998893554,0.08061603521708248,0.8592954947939819
25685,LOF,0.1130965103972273,0.027672768405605733,0.859230721197167
25686,LOF,0.03249788924327516,0.10572858601911882,0.861773524737606
25687,LOF,0.05365198802855574,0.11179535995130192,0.8345526520201423
25688,LOF,0.022818626319889575,0.31242493048738484,0.6647564431927255
25689,LOF,0.014791294973411433,0.16825528656651711,0.8169534184600714
25690,LOF,0.019022420373325563,0.2968032289767862,0.6841743506498882
25691,GOF,0.12267529761535804,0.47186994366670926,0.4054547587179328
25692,LOF,0.3804622434040577,0.027044215778723197,0.5924935408172192
25693,LOF,0.03616194248174266,0.4518661736259583,0.511971883892299
25694,LOF,0.24895872720501364,0.019951845645556177,0.7310894271494301
25695,LOF,0.1818167986057469,0.030448495405090082,0.7877347059891631
25696,LOF,0.07408052979769092,0.036421268418513876,0.8894982017837952
25697,LOF,0.06188109642852274,0.0343619786900505,0.9037569248814267
25698,LOF,0.015321708811860867,0.3873074179668988,0.5973708732212403
25699,LOF,0.0700946092749318,0.17190379025030697,0.7580016004747613
25700,LOF,0.05489520634028723,0.023078832248622293,0.9220259614110905
25701,LOF,0.013777064847546382,0.2659643870609105,0.720258548091543
25702,LOF,0.02891720329660804,0.4823159044374231,0.4887668922659688
25703,LOF,0.015959309913501696,0.06607947156876234,0.9179612185177359
25704,LOF,0.05888911692207605,0.05880508382822456,0.8823057992496994
25705,LOF,0.13633728007390605,0.15587590008890892,0.707786819837185
25706,GOF,0.02374557786116657,0.5718322227016087,0.4044221994372247
25707,LOF,0.026157547103821552,0.39929820920171916,0.5745442436944592
25708,GOF,0.008180920069822429,0.5247879067404767,0.4670311731897009
25709,LOF,0.059700599107212864,0.06390548363607235,0.8763939172567148
25710,LOF,0.008096079775505244,0.1340737440721652,0.8578301761523295
25711,LOF,0.06322525326403634,0.08126213286176723,0.8555126138741963
25712,LOF,0.01180042286731941,0.154819307727054,0.8333802694056266
25713,LOF,0.05641188487372754,0.09125699698657826,0.8523311181396942
25714,LOF,0.0439324408434812,0.17244838375444946,0.7836191754020695
25715,LOF,0.046980483277873485,0.11485941155494843,0.838160105167178
25716,LOF,0.0073018531138963495,0.0522964646629028,0.9404016822232009
25717,LOF,0.007104308512641555,0.04349219209243171,0.9494034993949267
25718,LOF,0.052330696598018804,0.03740039125118353,0.9102689121507977
25719,LOF,0.05042524070182192,0.09004466131328914,0.859530097984889
25720,LOF,0.05326292223429006,0.09376424356694132,0.8529728341987686
25721,LOF,0.05577393009006693,0.05827492559268774,0.8859511443172454
25722,LOF,0.04244491497744826,0.08900426291636226,0.8685508221061895
25723,LOF,0.06762107794422406,0.10225784129822038,0.8301210807575555
25724,LOF,0.07153603402802233,0.2638037249046203,0.6646602410673573
25725,LOF,0.06781880097456026,0.0948708010206698,0.83731039800477
25726,LOF,0.05434766016701278,0.07784978971017814,0.867802550122809
25727,LOF,0.07608268678429421,0.05927000444218603,0.8646473087735197
25728,LOF,0.05382207249417515,0.11166547939625275,0.8345124481095721
25729,LOF,0.0607076690771393,0.11746062776869963,0.8218317031541611
25730,LOF,0.0717063945495206,0.08424211215110873,0.8440514932993708
25731,LOF,0.011202606175430525,0.053204108861318544,0.9355932849632509
25732,LOF,0.03447229445120779,0.051346882452201814,0.9141808230965904
25733,LOF,0.04754793013817203,0.10807720016675779,0.8443748696950703
25734,LOF,0.006732586638025845,0.19609166380392615,0.7971757495580479
25735,LOF,0.04529628718172189,0.07212285893146486,0.8825808538868133
25736,LOF,0.04969809313452524,0.09286444016692823,0.8574374666985466
25737,LOF,0.07716317802138555,0.07758359039287184,0.8452532315857426
25738,LOF,0.05462053128268842,0.14995672660595194,0.7954227421113597
25739,LOF,0.04278247262036409,0.10523087955939307,0.8519866478202429
25740,LOF,0.07484371188207066,0.10490339993041123,0.8202528881875181
25741,LOF,0.06777957913751011,0.11028342862975289,0.8219369922327369
25742,LOF,0.07707470437751063,0.1174939115892713,0.805431384033218
25743,LOF,0.012412546528143787,0.020990389053253157,0.9665970644186032
25744,LOF,0.15830349680041647,0.14899001484929852,0.692706488350285
25745,LOF,0.028670475730864384,0.07525714124933543,0.8960723830198003
25746,LOF,0.015655519176852237,0.10316831586847436,0.8811761649546733
25747,LOF,0.04761105298849807,0.0379315688491643,0.9144573781623375
25748,LOF,0.2854360024807082,0.10958584047162619,0.6049781570476656
25749,LOF,0.018595084390066702,0.08838989971070152,0.8930150158992318
25750,LOF,0.019406470930061433,0.10257924342235704,0.8780142856475815
25751,LOF,0.03522262171372881,0.13082141643246148,0.8339559618538096
25752,GOF,0.09463812820421497,0.7061307146480711,0.19923115714771394
25753,LOF,0.008053382152872001,0.4848448378334823,0.5071017800136458
25754,GOF,0.009069646241417194,0.9065465512970168,0.084383802461566
25755,GOF,0.009211387751412886,0.5057832729181257,0.4850053393304614
25756,GOF,0.02485501196527394,0.5642438099779594,0.4109011780567667
25757,GOF,0.009221626914156369,0.8528156670756709,0.13796270601017255
25758,GOF,0.010853557972931317,0.8854746160326976,0.10367182599437114
25759,GOF,0.00703762220282996,0.7105944522835029,0.282367925513667
25760,LOF,0.006894023598135863,0.41743186652542713,0.575674109876437
25761,GOF,0.05370678447495066,0.8695624025196107,0.07673081300543878
25762,GOF,0.02439468747515212,0.5525975535057372,0.4230077590191106
25763,LOF,0.007032375872061837,0.3775270622173567,0.6154405619105814
25764,GOF,0.08386349596634075,0.7365238198223678,0.17961268421129134
25765,GOF,0.010894941961905252,0.9282432229315898,0.06086183510650505
25766,GOF,0.029241101620061178,0.8591042363267231,0.11165466205321567
25767,GOF,0.012133479231447827,0.614628131693558,0.3732383890749941
25768,LOF,0.05937465314543229,0.052185593627531134,0.8884397532270367
25769,LOF,0.03092868453332391,0.13318984916992108,0.835881466296755
25770,Neutral,0.50376165095413,0.17419122031645623,0.32204712872941377
25771,LOF,0.022893374621742426,0.09927562917048528,0.8778309962077724
25772,LOF,0.04551882496668249,0.08808577334210471,0.8663954016912129
25773,LOF,0.017385243570744866,0.2441255977172233,0.7384891587120318
25774,LOF,0.030269482329526684,0.3457923969492382,0.6239381207212351
25775,LOF,0.02288869743505389,0.06640885069057297,0.910702451874373
25776,LOF,0.031182085857732796,0.07337800391326142,0.8954399102290057
25777,LOF,0.07994736595802182,0.27806894200362126,0.6419836920383568
25778,LOF,0.0345776950228396,0.11133869412837957,0.8540836108487808
25779,GOF,0.07692314530118749,0.6523309564823847,0.27074589821642786
25780,GOF,0.08391205390306626,0.6407778895225535,0.2753100565743801
25781,GOF,0.0348979212654493,0.5563083124192086,0.40879376631534214
25782,GOF,0.033289969504238716,0.7031344423186418,0.26357558817711957
25783,GOF,0.0681963437564148,0.7038437188537369,0.22795993738984835
25784,GOF,0.1525881592368421,0.7026263958115635,0.1447854449515944
25785,GOF,0.2022376770449427,0.5762619796114719,0.2215003433435855
25786,LOF,0.014296901583108444,0.3822429212977289,0.6034601771191626
25787,GOF,0.3878813358616611,0.40652602661639087,0.205592637521948
25788,LOF,0.02822024462394645,0.042299340634326665,0.9294804147417269
25789,GOF,0.023811637495259146,0.6491625426034581,0.32702581990128277
25790,GOF,0.03656978126371595,0.517643930713427,0.44578628802285697
25791,GOF,0.02955542412267918,0.5229467015578617,0.4474978743194591
25792,GOF,0.035456283318872975,0.588721992060127,0.37582172462100005
25793,GOF,0.0755289485783303,0.5067106261626373,0.4177604252590324
25794,LOF,0.07610758455406397,0.37277955681653907,0.551112858629397
25795,LOF,0.0740100376512642,0.39731956222666376,0.528670400122072
25796,LOF,0.1906351419287002,0.34781678787190545,0.4615480701993945
25797,LOF,0.05853132504671176,0.38023307868763345,0.5612355962656548
25798,GOF,0.00909390871037799,0.6762214193898549,0.3146846718997671
25799,GOF,0.006157991568927036,0.5694725871290569,0.42436942130201605
25800,GOF,0.031545928447962286,0.7351072490344337,0.233346822517604
25801,GOF,0.029914044957025467,0.6401768627091641,0.32990909233381044
25802,GOF,0.03181218980321177,0.6236617972722289,0.34452601292455937
25803,GOF,0.028753606283738988,0.5014256529194439,0.4698207407968172
25804,LOF,0.04775406993118187,0.45904259627354077,0.49320333379527737
25805,GOF,0.034404541725288125,0.578894083879223,0.38670137439548885
25806,GOF,0.04777226166577319,0.5711142827288321,0.3811134556053946
25807,GOF,0.019573466230197036,0.5220077631990689,0.458418770570734
25808,GOF,0.03430425429314899,0.6251586894277594,0.3405370562790916
25809,GOF,0.017212681786759446,0.5305810572921831,0.4522062609210576
25810,GOF,0.014600088935557011,0.5529612672127299,0.4324386438517132
25811,GOF,0.1037027949383458,0.6681421077649699,0.22815509729668434
25812,GOF,0.046674665435851706,0.4824199309684739,0.4709054035956744
25813,GOF,0.28264120682146293,0.45911033390317013,0.2582484592753668
25814,GOF,0.04815756005141361,0.5184709783936213,0.4333714615549651
25815,GOF,0.08578134207024085,0.6072133185441159,0.3070053393856432
25816,GOF,0.011523834268603091,0.5846516374912683,0.40382452824012854
25817,GOF,0.15414029253259895,0.46276185485420906,0.383097852613192
25818,GOF,0.03278884372027806,0.6346863551131142,0.33252480116660765
25819,LOF,0.06526906520159961,0.45541973336398067,0.47931120143441974
25820,LOF,0.06824606634389206,0.41448462788030976,0.5172693057757981
25821,LOF,0.0471025325249951,0.4461060777220919,0.506791389752913
25822,LOF,0.09971182728621715,0.4007982306390888,0.49948994207469394
25823,LOF,0.05202096831028736,0.38739584637404667,0.560583185315666
25824,GOF,0.032752261350536716,0.6340677171872479,0.3331800214622154
25825,GOF,0.02432001783576519,0.6560788579586848,0.3196011242055499
25826,GOF,0.011179932796369663,0.5290743768484681,0.4597456903551623
25827,GOF,0.02383798033653748,0.5953743427908829,0.3807876768725796
25828,GOF,0.014573952857422027,0.5806567499247415,0.4047692972178366
25829,LOF,0.006001562916218325,0.3755272322056778,0.6184712048781038
25830,LOF,0.08673475283000856,0.14337652521126337,0.7698887219587279
25831,GOF,0.10114264541038205,0.6499800915561689,0.24887726303344918
25832,GOF,0.010909598603601602,0.5697645108286745,0.41932589056772396
25833,GOF,0.036917844739926375,0.6858222659105488,0.2772598893495248
25834,GOF,0.011527542573620356,0.5877165131901577,0.4007559442362219
25835,GOF,0.03506110260753346,0.7569575764728685,0.20798132091959798
25836,GOF,0.009657057105920398,0.6559612935032061,0.3343816493908736
25837,GOF,0.014580158934987167,0.6024595671927977,0.38296027387221515
25838,GOF,0.031095823348976745,0.715289984466116,0.2536141921849072
25839,GOF,0.10094035959168497,0.5661010808258311,0.33295855958248394
25840,GOF,0.1151204010547021,0.5999704279113398,0.2849091710339581
25841,GOF,0.09670794586217105,0.6702188140253299,0.2330732401124991
25842,GOF,0.03329821566107762,0.7542031272859249,0.21249865705299753
25843,GOF,0.030592809450023118,0.7507862897866973,0.2186209007632796
25844,GOF,0.0258852473065984,0.6661892086539687,0.30792554403943295
25845,LOF,0.009106367476103602,0.4855643224096009,0.5053293101142955
25846,GOF,0.0859225098288439,0.7221516936997239,0.19192579647143226
25847,GOF,0.024645056119023588,0.7186332238620322,0.2567217200189442
25848,GOF,0.02437014811147038,0.6765540119400614,0.2990758399484682
25849,GOF,0.008455341001051615,0.6433155742114006,0.3482290847875478
25850,LOF,0.010032364074704092,0.4772449150863138,0.5127227208389821
25851,LOF,0.009091146626886957,0.3970257389483926,0.5938831144247204
25852,LOF,0.21885704038906265,0.3071901674784186,0.47395279213251884
25853,GOF,0.07060166651964546,0.48298164264530646,0.4464166908350481
25854,GOF,0.008669774586829352,0.5188452670699051,0.4724849583432656
25855,LOF,0.031124360436763965,0.41065657806477573,0.5582190614984603
25856,GOF,0.06695933784483367,0.5647350079618767,0.36830565419328964
25857,LOF,0.03176482588735912,0.3807311386778592,0.5875040354347817
25858,LOF,0.010215524046896478,0.39812634504903155,0.5916581309040719
25859,LOF,0.007570924974831113,0.3813345199347222,0.6110945550904467
25860,LOF,0.10895417156450761,0.41598424835843634,0.4750615800770562
25861,GOF,0.1317726229712725,0.6198744305909176,0.24835294643780995
25862,GOF,0.023980395084299836,0.8172486562962078,0.15877094861949234
25863,GOF,0.023427212550606657,0.7272675810713783,0.24930520637801498
25864,GOF,0.03811734343518845,0.8107803921592468,0.1511022644055648
25865,GOF,0.03916056443747882,0.7883033691054087,0.17253606645711245
25866,GOF,0.02266544956078697,0.7550052091822376,0.22232934125697545
25867,GOF,0.04379331302036128,0.7801742537699125,0.17603243320972628
25868,GOF,0.07851214389628197,0.5804337936959665,0.34105406240775155
25869,GOF,0.3437513279342474,0.3835777293746739,0.2726709426910787
25870,LOF,0.10109644426662716,0.27225014436811007,0.6266534113652626
25871,LOF,0.012806256945825208,0.44261642433076753,0.5445773187234072
25872,GOF,0.03371232188335693,0.4896465066317965,0.4766411714848465
25873,GOF,0.025085509900956326,0.5733562112679692,0.4015582788310744
25874,LOF,0.038331308140344855,0.037460362182227466,0.9242083296774277
25875,LOF,0.02154743134321655,0.20055912084723013,0.7778934478095533
25876,LOF,0.02030874583691457,0.12438340350081904,0.8553078506622664
25877,LOF,0.11264363476024546,0.2346702246658814,0.6526861405738732
25878,LOF,0.0673572270184518,0.40550710293686265,0.5271356700446854
25879,LOF,0.011002580561093413,0.19095759343412372,0.7980398260047828
25880,LOF,0.04989956951187808,0.029199799213308987,0.9209006312748128
25881,Neutral,0.42079411788823007,0.3330808335539264,0.24612504855784353
25882,LOF,0.038008274556770784,0.1639681618984065,0.7980235635448227
25883,LOF,0.026246025926602166,0.17215243905489078,0.8016015350185072
25884,LOF,0.013341230828940068,0.16356823124882616,0.8230905379222337
25885,LOF,0.14450990054236293,0.03669553936196548,0.8187945600956716
25886,LOF,0.12173393452625272,0.22389959231954493,0.6543664731542024
25887,GOF,0.04706792867716062,0.4914494916700386,0.4614825796528008
25888,LOF,0.005422797129970769,0.45645462448188917,0.53812257838814
25889,LOF,0.023571871976863983,0.1088111201711623,0.8676170078519737
25890,LOF,0.16406975637329704,0.2736448430233663,0.5622854006033366
25891,LOF,0.10482057631262054,0.07350380216738292,0.8216756215199965
25892,LOF,0.006009716629256461,0.08618410643162236,0.9078061769391212
25893,LOF,0.2367961614117661,0.04232572431357414,0.7208781142746598
25894,LOF,0.31952358493544786,0.02276706274325716,0.657709352321295
25895,LOF,0.24125204760647323,0.041234856002121185,0.7175130963914056
25896,LOF,0.06767157941764723,0.06357026372106368,0.8687581568612892
25897,LOF,0.0983285650173028,0.057637240844857274,0.84403419413784
25898,LOF,0.07671289879985098,0.1595810710328903,0.7637060301672587
25899,LOF,0.32027559444540055,0.1507156690677251,0.5290087364868744
25900,Neutral,0.9385147658354097,0.013045707378273002,0.04843952678631732
25901,LOF,0.06575311234459572,0.03267202460178197,0.9015748630536223
25902,LOF,0.07984231120806284,0.016053197137311702,0.9041044916546255
25903,LOF,0.132030597721668,0.1246171977495155,0.7433522045288166
25904,Neutral,0.45363756275039774,0.1324731266383888,0.4138893106112136
25905,LOF,0.013656372098856293,0.2313409456012374,0.7550026822999062
25906,LOF,0.010156983343017935,0.02646339917781082,0.9633796174791712
25907,LOF,0.010573724280478832,0.1376264228174289,0.8517998529020921
25908,LOF,0.011267419105803485,0.16050547198108894,0.8282271089131076
25909,LOF,0.04522584721788973,0.0997880667423165,0.8549860860397938
25910,LOF,0.016394212624135127,0.10214177753423977,0.8814640098416251
25911,LOF,0.12434648968621904,0.0673904317471998,0.8082630785665811
25912,LOF,0.1364962071971224,0.017719975503416804,0.8457838172994608
25913,LOF,0.015048678607631425,0.07270804151647067,0.9122432798758979
25914,LOF,0.033367237510293545,0.15443828048537533,0.8121944820043311
25915,GOF,0.09533760929366272,0.7089633875483485,0.1956990031579888
25916,LOF,0.01577248813127616,0.34737677081729074,0.636850741051433
25917,LOF,0.12478882928956134,0.06910497759147838,0.8061061931189603
25918,LOF,0.03709937904413031,0.07428594075819836,0.8886146801976714
25919,LOF,0.03742879873173747,0.05442132157364562,0.908149879694617
25920,Neutral,0.34682627206898403,0.3074685406172016,0.3457051873138143
25921,LOF,0.0237844123083152,0.02564327007554824,0.9505723176161366
25922,LOF,0.019845341008038517,0.02376036577663898,0.9563942932153225
25923,LOF,0.37198452758159517,0.04704380729206462,0.5809716651263402
25924,LOF,0.029038704223227747,0.03870774331132005,0.9322535524654522
25925,LOF,0.22382039588688782,0.029852407706192283,0.7463271964069199
25926,LOF,0.12018008720857759,0.07648989514253353,0.8033300176488889
25927,LOF,0.02320431019864042,0.09191634668029733,0.8848793431210623
25928,LOF,0.01448594112778464,0.022469671509703356,0.9630443873625121
25929,Neutral,0.5755638831101726,0.04699694697539111,0.37743916991443627
25930,LOF,0.04723922062982826,0.04439263564791073,0.9083681437222609
25931,LOF,0.014872780905464027,0.03390294178108039,0.9512242773134556
25932,LOF,0.09529524227392733,0.023204733299353332,0.8815000244267193
25933,LOF,0.07774714522588401,0.01151122934619219,0.9107416254279238
25934,LOF,0.07325652449417128,0.014195637450864008,0.9125478380549646
25935,LOF,0.2233616098406398,0.03661660512123318,0.740021785038127
25936,LOF,0.07480558139373532,0.013961479560933887,0.9112329390453308
25937,LOF,0.015993176647153474,0.037584278858955086,0.9464225444938913
25938,LOF,0.22328269168817055,0.028617720138269534,0.7480995881735599
25939,LOF,0.055995597973936405,0.014983125424544193,0.9290212766015195
25940,GOF,0.007565341087402932,0.5719589818000664,0.4204756771125307
25941,Neutral,0.4967385752831045,0.10390098800469816,0.3993604367121973
25942,LOF,0.0106444044250436,0.18105045514660173,0.8083051404283547
25943,GOF,0.028473409714648196,0.5855149486077464,0.3860116416776053
25944,LOF,0.02155651968565789,0.4225289673165249,0.5559145129978172
25945,LOF,0.09532058781592123,0.09717671924646103,0.8075026929376177
25946,LOF,0.08663511433844216,0.0839392695669001,0.8294256160946577
25947,Neutral,0.48433930331309943,0.07962012120943411,0.43604057547746644
25948,Neutral,0.5396338392106966,0.01437516229915159,0.44599099849015184
25949,LOF,0.1271708728255595,0.034541057937288774,0.8382880692371516
25950,GOF,0.04745211390339866,0.8026707235505136,0.1498771625460877
25951,GOF,0.01220471017732751,0.7152057603790763,0.2725895294435961
25952,GOF,0.08075993450843137,0.485072581190031,0.4341674843015377
25953,GOF,0.005589897539003384,0.5665481835369058,0.42786191892409076
25954,GOF,0.020631584519754005,0.6720639594791293,0.3073044560011167
25955,GOF,0.004557602831276736,0.5798756632950438,0.41556673387367954
25956,GOF,0.009992138710751813,0.5347357356887753,0.4552721256004729
25957,LOF,0.2536533747852412,0.0446691002166935,0.7016775249980652
25958,LOF,0.027039214212759507,0.17131654359037277,0.8016442421968677
25959,GOF,0.006432237412278501,0.6967408080274907,0.2968269545602308
25960,LOF,0.005181314989840629,0.20416688741260786,0.7906517975975516
25961,LOF,0.027459253000625582,0.13748669510932773,0.8350540518900468
25962,LOF,0.04794804225953581,0.09365670434644445,0.8583952533940197
25963,LOF,0.011321834669357914,0.2240238688088999,0.7646542965217422
25964,LOF,0.05039745429749062,0.14243293112497696,0.8071696145775323
25965,LOF,0.18205953632988878,0.19437602525467781,0.6235644384154334
25966,LOF,0.27472873812306814,0.296360309927899,0.4289109519490329
25967,LOF,0.007500349714088175,0.0994517968258528,0.8930478534600589
25968,LOF,0.08547056413799159,0.25146384094088636,0.663065594921122
25969,LOF,0.1637393067699031,0.04882591922152038,0.7874347740085764
25970,LOF,0.023711648794242878,0.23121110825304525,0.7450772429527118
25971,LOF,0.07583016181675603,0.13332296723589274,0.7908468709473512
25972,LOF,0.07751067409259672,0.14430385469120463,0.7781854712161986
25973,LOF,0.09990556033785579,0.007474764483223701,0.8926196751789206
25974,LOF,0.10839332819912882,0.08541584859206136,0.8061908232088099
25975,LOF,0.04530153242924752,0.011136841630218068,0.9435616259405345
25976,LOF,0.07839185447809412,0.007703645041588264,0.9139045004803177
25977,LOF,0.17553518061095316,0.10552553595043224,0.7189392834386146
25978,LOF,0.13529587829633466,0.12273134138357555,0.7419727803200898
25979,LOF,0.10987753229984398,0.13057925175405105,0.759543215946105
25980,LOF,0.15566972584969754,0.32965646550843175,0.5146738086418706
25981,LOF,0.15742078619080838,0.3525897657761555,0.4899894480330362
25982,LOF,0.2671946947375657,0.14474333734550263,0.5880619679169315
25983,Neutral,0.4821985732352767,0.14112911631757477,0.37667231044714844
25984,LOF,0.038233307851078216,0.13437056138421472,0.827396130764707
25985,Neutral,0.49327352030410193,0.26755899335195743,0.23916748634394056
25986,GOF,0.009102143678822087,0.5733550814063991,0.41754277491477887
25987,LOF,0.01687050769096663,0.12958239445692848,0.853547097852105
25988,LOF,0.03328169742660615,0.21757887209554355,0.7491394304778503
25989,LOF,0.03789736958484246,0.21305505460659954,0.749047575808558
25990,LOF,0.038171694517913565,0.32644017205503384,0.6353881334270526
25991,GOF,0.048240746097266925,0.5689815946972632,0.38277765920546997
25992,LOF,0.013743184749301297,0.3626276386231335,0.6236291766275653
25993,LOF,0.03406134267687898,0.03572448564390679,0.9302141716792143
25994,LOF,0.037684494135555156,0.057934792325556005,0.9043807135388887
25995,LOF,0.02258704622696287,0.09252021457436257,0.8848927391986745
25996,Neutral,0.4015116093113118,0.3283865368818929,0.2701018538067954
25997,GOF,0.08393034222332116,0.5269067667194579,0.38916289105722096
25998,LOF,0.21573067114877018,0.09262872151038339,0.6916406073408464
25999,LOF,0.02389297529679173,0.4536587665102559,0.5224482581929523
26000,LOF,0.12416797009279686,0.020903206799703058,0.8549288231075001
26001,LOF,0.13810243477011555,0.04630163625333391,0.8155959289765505
26002,LOF,0.0844157303720822,0.024646881758045493,0.8909373878698723
26003,LOF,0.009944219395785265,0.45516014393600174,0.5348956366682129
26004,LOF,0.021913329752828756,0.37319362157836644,0.6048930486688049
26005,LOF,0.008168291663662059,0.4086504070820874,0.5831813012542505
26006,LOF,0.17742848474073933,0.3664661701427544,0.45610534511650613
26007,LOF,0.01398942047354525,0.4201705979984809,0.5658399815279739
26008,LOF,0.010180072631467118,0.3253359228844241,0.6644840044841088
26009,LOF,0.020188696383141507,0.42283587715413334,0.5569754264627251
26010,LOF,0.011609614416881589,0.4152246984974433,0.5731656870856751
26011,LOF,0.008828010905951646,0.31591424275522767,0.6752577463388206
26012,LOF,0.009417631158104539,0.3761590689643054,0.61442329987759
26013,LOF,0.01696557374036786,0.3883980489517818,0.5946363773078502
26014,LOF,0.06987948848940483,0.056792087486825044,0.8733284240237702
26015,LOF,0.4075177531128142,0.031400277502238706,0.5610819693849471
26016,LOF,0.2871658528990253,0.10068234668740002,0.6121518004135746
26017,LOF,0.020929304937631864,0.3624067150638757,0.6166639799984924
26018,LOF,0.025939052288876996,0.11329173997222773,0.8607692077388953
26019,LOF,0.02567673363223621,0.08440821601741023,0.8899150503503535
26020,LOF,0.008000763242928725,0.30032365163046,0.6916755851266113
26021,LOF,0.10010701038287981,0.17209961065766977,0.7277933789594505
26022,LOF,0.059269243153070944,0.04619270605792955,0.8945380507889996
26023,LOF,0.042288628881180595,0.08854916105583432,0.869162210062985
26024,LOF,0.05744847178847792,0.11598090578438894,0.8265706224271332
26025,LOF,0.1413891682548895,0.14666937909829925,0.7119414526468112
26026,LOF,0.1311939325023007,0.1300305531301312,0.7387755143675682
26027,LOF,0.039260674834076026,0.039343773712228546,0.9213955514536956
26028,LOF,0.06377454122445209,0.22374813496284035,0.7124773238127077
26029,LOF,0.0384565758619321,0.09167842478807381,0.8698649993499941
26030,LOF,0.1759891923793806,0.011490192588214338,0.8125206150324051
26031,LOF,0.022370190000381027,0.09267814613047658,0.8849516638691424
26032,LOF,0.030996895133221857,0.025747366608993526,0.9432557382577846
26033,LOF,0.048792182584105934,0.04799940641394297,0.9032084110019512
26034,LOF,0.02630858163331535,0.06667445031083968,0.907016968055845
26035,LOF,0.017130057508765124,0.07392230258278497,0.9089476399084498
26036,LOF,0.016426157166036123,0.06846452237804168,0.9151093204559223
26037,LOF,0.014565808312530472,0.061642519858094734,0.9237916718293747
26038,LOF,0.02476120373223423,0.027310699960936158,0.9479280963068295
26039,LOF,0.03921290182160206,0.08109235740593526,0.8796947407724627
26040,LOF,0.06175398558342195,0.1431358599859012,0.7951101544306768
26041,LOF,0.0161233816924654,0.08487870499078398,0.8989979133167506
26042,LOF,0.01483645340040157,0.0854559606467747,0.8997075859528239
26043,LOF,0.023869419264155915,0.057400170053604566,0.9187304106822395
26044,LOF,0.009571866467851608,0.06247283656506613,0.9279552969670822
26045,LOF,0.09662540851599591,0.14612613324375429,0.7572484582402498
26046,LOF,0.023664283767587477,0.06262061405385781,0.9137151021785547
26047,LOF,0.06186722002364417,0.04601356935523387,0.8921192106211219
26048,LOF,0.07104450805714874,0.03781014709839896,0.8911453448444523
26049,Neutral,0.9039917770811424,0.008155786376033898,0.08785243654282354
26050,Neutral,0.821916609867875,0.009883628137768989,0.16819976199435593
26051,GOF,0.019069312734224617,0.633243748057062,0.3476869392087135
26052,GOF,0.019052436181254427,0.532415616606324,0.4485319472124217
26053,LOF,0.036055283628019165,0.04319959364618855,0.9207451227257923
26054,LOF,0.12336451372880573,0.08018305909449955,0.7964524271766948
26055,LOF,0.1342963864203623,0.09268325755974784,0.7730203560198898
26056,LOF,0.11849097861406922,0.10536282339218983,0.7761461979937411
26057,LOF,0.05163801980632544,0.027085833799880304,0.9212761463937943
26058,LOF,0.05960887029398133,0.020984123331296282,0.9194070063747225
26059,Neutral,0.7035553368580584,0.07308311670364494,0.2233615464382967
26060,LOF,0.018106688543681818,0.34601060513646026,0.6358827063198578
26061,LOF,0.011203520401107302,0.019050259390536284,0.9697462202083563
26062,LOF,0.0062253545600162545,0.04858920632126298,0.9451854391187208
26063,LOF,0.04763156310551772,0.022888395430648037,0.9294800414638343
26064,LOF,0.010187344166538272,0.022497491200872084,0.9673151646325897
26065,LOF,0.044057873493231384,0.035487529888300444,0.9204545966184681
26066,LOF,0.045714201766098,0.021847530576637443,0.9324382676572646
26067,LOF,0.06200616471214291,0.025745661848592026,0.9122481734392651
26068,LOF,0.12011546203271725,0.04407243109755276,0.8358121068697301
26069,LOF,0.11169868030323503,0.04634711786016972,0.8419542018365952
26070,LOF,0.3062686672645084,0.027651000888383098,0.6660803318471085
26071,LOF,0.05215981182575753,0.03241490497314814,0.9154252832010943
26072,LOF,0.008335603994364714,0.02562573142566048,0.9660386645799748
26073,LOF,0.0496377254373623,0.020080917548845674,0.9302813570137921
26074,Neutral,0.8585329822184997,0.016469102525664227,0.12499791525583602
26075,LOF,0.06632392351128946,0.045377123081467304,0.8882989534072433
26076,LOF,0.05817961617753813,0.044751748108113276,0.8970686357143485
26077,LOF,0.157841058036873,0.04056626154096887,0.801592680422158
26078,LOF,0.007224476789508877,0.03290377185704805,0.959871751353443
26079,LOF,0.14679456160317406,0.032223882750425724,0.8209815556464003
26080,LOF,0.14679456160317406,0.032223882750425724,0.8209815556464003
26081,LOF,0.06022272276826597,0.023757482244755667,0.9160197949869784
26082,LOF,0.007755491122278732,0.03663619480705172,0.9556083140706695
26083,LOF,0.05147012420190749,0.05973939446465502,0.8887904813334375
26084,LOF,0.058513597835909696,0.038962240660814024,0.9025241615032763
26085,LOF,0.05315208576073796,0.03454511844955423,0.9123027957897079
26086,LOF,0.0379059998425916,0.03825521257128682,0.9238387875861216
26087,LOF,0.04994354786432733,0.03308748025198957,0.9169689718836831
26088,LOF,0.009465580333341054,0.09378062318324352,0.8967537964834155
26089,LOF,0.048806761612955,0.11084038990739926,0.8403528484796456
26090,LOF,0.05238582764766551,0.08440985651972283,0.8632043158326117
26091,LOF,0.04959374142753432,0.035014229734831,0.9153920288376347
26092,LOF,0.056379477067704006,0.021580174039149223,0.9220403488931468
26093,LOF,0.07295303536511488,0.016897343018328133,0.9101496216165571
26094,LOF,0.045365904900881195,0.027420413290853454,0.9272136818082654
26095,LOF,0.011302973748401285,0.03832131109292773,0.9503757151586709
26096,LOF,0.2931809978775407,0.0058808865308327875,0.7009381155916264
26097,LOF,0.008685014595731445,0.04422732499790201,0.9470876604063665
26098,LOF,0.1401568044184333,0.029070723158302864,0.8307724724232639
26099,LOF,0.043945199916110914,0.04461465320236198,0.9114401468815271
26100,LOF,0.043945199916110914,0.04461465320236198,0.9114401468815271
26101,LOF,0.03640466923877229,0.05393362816411064,0.9096617025971171
26102,LOF,0.047896870053307686,0.029241961177961927,0.9228611687687305
26103,Neutral,0.8486432326537072,0.04549154007413809,0.10586522727215465
26104,LOF,0.1392797068366919,0.10050469330728402,0.760215599856024
26105,LOF,0.267569368952309,0.12266356513740223,0.6097670659102888
26106,LOF,0.3166263340867817,0.20996067840628024,0.4734129875069381
26107,LOF,0.008902756545387852,0.22986338746410714,0.761233855990505
26108,LOF,0.14727077679010617,0.1928063372982905,0.6599228859116033
26109,LOF,0.04283681867963936,0.05035740956191963,0.906805771758441
26110,Neutral,0.5022553653799453,0.04852521985755484,0.4492194147624998
26111,LOF,0.055545225463604395,0.2971537113062721,0.6473010632301234
26112,LOF,0.05970318850716847,0.04825823584542852,0.892038575647403
26113,LOF,0.0550712319781594,0.08000256846551008,0.8649261995563305
26114,LOF,0.07948341369170732,0.027716554086554636,0.8928000322217381
26115,LOF,0.00983142679299433,0.2538377897483666,0.7363307834586391
26116,LOF,0.05450939940166552,0.05853824134793328,0.8869523592504012
26117,LOF,0.22177810693495736,0.08432701359039926,0.6938948794746435
26118,LOF,0.04317729056301706,0.03677890332673737,0.9200438061102456
26119,LOF,0.005017774386290915,0.177013785218089,0.8179684403956201
26120,LOF,0.04112569288488744,0.030985608477376036,0.9278886986377364
26121,LOF,0.003944767806403306,0.2028698178187942,0.7931854143748024
26122,LOF,0.0039642065291173,0.20949381758947755,0.7865419758814052
