feature0,prediction,LoGoFunc_Neutral,LoGoFunc_GOF,LoGoFunc_LOF
25546,Neutral,0.6223383531136836,0.14974923410829327,0.22791241277802324
25547,Neutral,0.44435520710157667,0.317086906433632,0.23855788646479117
25548,Neutral,0.4222606429530347,0.2560793386460351,0.3216600184009302
25549,Neutral,0.3997301541051312,0.2631043013850315,0.3371655445098373
25550,LOF,0.30220152173704323,0.3090555155809939,0.3887429626819629
25551,LOF,0.22274540584943642,0.3013090046974581,0.47594558945310556
25552,LOF,0.1274836134108193,0.2903582812403367,0.582158105348844
25553,Neutral,0.8227254731456972,0.06286357618884117,0.11441095066546153
25554,LOF,0.1528746585633542,0.3074687891602944,0.5396565522763515
25555,LOF,0.12606504447559383,0.26696165279878303,0.6069733027256231
25556,Neutral,0.49830958375862255,0.2155111730866119,0.2861792431547657
25557,LOF,0.12737305754110814,0.2862782015303787,0.5863487409285132
25558,LOF,0.15437164219191069,0.343184272984377,0.5024440848237123
25559,Neutral,0.5168278790995704,0.02037297266273243,0.46279914823769713
25560,LOF,0.04126679747176587,0.24007032866548042,0.7186628738627536
25561,LOF,0.0998260696586457,0.30266435566864813,0.597509574672706
25562,LOF,0.12844948132266323,0.057601712339131216,0.8139488063382055
25563,LOF,0.13146861754972652,0.08929927386066996,0.7792321085896036
25564,LOF,0.07560603378478578,0.18982490311791753,0.7345690630972967
25565,LOF,0.13104692024880138,0.24961711161828973,0.6193359681329088
25566,GOF,0.019909172079585157,0.6292437364991221,0.35084709142129267
25567,LOF,0.010736048629610723,0.10700576509736641,0.8822581862730229
25568,LOF,0.057255331081349885,0.04133052904628766,0.9014141398723624
25569,LOF,0.10955911854265175,0.036789097534155615,0.8536517839231925
25570,LOF,0.05553315564989628,0.03394577972362575,0.910521064626478
25571,LOF,0.06612336261906239,0.03122075256489682,0.9026558848160408
25572,LOF,0.039470754149203924,0.0448085248977322,0.9157207209530638
25573,LOF,0.022304641424713077,0.05207870190463238,0.9256166566706545
25574,LOF,0.010633121525239835,0.22796381223825843,0.7614030662365017
25575,LOF,0.052723377386566656,0.026634153546689802,0.9206424690667435
25576,LOF,0.01470132758139732,0.02353137402622284,0.9617672983923798
25577,LOF,0.00929273759564895,0.026862733063658283,0.9638445293406928
25578,LOF,0.24181567221125583,0.052054935671137524,0.7061293921176066
25579,LOF,0.20208851176781764,0.051595145294779036,0.7463163429374033
25580,LOF,0.03107493402911458,0.020446309985269674,0.9484787559856158
25581,LOF,0.04898879381736257,0.06248092362463989,0.8885302825579975
25582,LOF,0.04949653616785249,0.050156573511692636,0.9003468903204549
25583,LOF,0.03302073250653456,0.02487809730424394,0.9421011701892216
25584,Neutral,0.5115425262335396,0.06622473965942575,0.42223273410703477
25585,LOF,0.025596445707454424,0.029017870669337798,0.9453856836232077
25586,LOF,0.031287902539324036,0.018612500926547437,0.9500995965341286
25587,LOF,0.025980085169327965,0.01732859010762935,0.9566913247230427
25588,LOF,0.024973333228980574,0.024040622985239866,0.9509860437857796
25589,Neutral,0.678601605054597,0.06869796834446736,0.25270042660093556
25590,LOF,0.020347984797359955,0.05133262558670482,0.9283193896159353
25591,LOF,0.06682409445492085,0.036666088392287334,0.8965098171527918
25592,LOF,0.08832807600974492,0.04001013839516994,0.8716617855950852
25593,LOF,0.01081395860976245,0.36762876504025627,0.6215572763499813
25594,LOF,0.05870531481415084,0.06184418086285927,0.8794505043229899
25595,LOF,0.1118674060025602,0.0861066835925445,0.8020259104048952
25596,LOF,0.09713543980181455,0.044216037187988534,0.858648523010197
25597,LOF,0.08277491125428463,0.01444228045651094,0.9027828082892044
25598,LOF,0.14724094882824335,0.06620081159350848,0.7865582395782482
25599,GOF,0.009242002236009397,0.6421731438316025,0.34858485393238803
25600,GOF,0.010927062153570834,0.581175514722,0.40789742312442906
25601,LOF,0.006971278156041729,0.30811356988116306,0.6849151519627953
25602,LOF,0.020843999329919705,0.07277609142479981,0.9063799092452804
25603,LOF,0.03825214040081142,0.06390460827082449,0.8978432513283642
25604,LOF,0.04111348780126138,0.07030800565167282,0.8885785065470657
25605,LOF,0.014408481842205806,0.1875749406983808,0.7980165774594133
25606,LOF,0.06373299369328174,0.4420995440149686,0.4941674622917495
25607,LOF,0.003459107138653411,0.13630134561492227,0.8602395472464244
25608,LOF,0.06510524985077192,0.02131908909654465,0.9135756610526834
25609,LOF,0.0856971893949878,0.17540460061908975,0.7388982099859225
25610,LOF,0.04271513219764422,0.01730580491221595,0.9399790628901399
25611,LOF,0.058409705417686704,0.011402371246952644,0.9301879233353606
25612,LOF,0.2957851115205437,0.015215953893418281,0.688998934586038
25613,LOF,0.14346250535737926,0.025014660717601413,0.8315228339250194
25614,LOF,0.0399239383008244,0.03385162219904486,0.9262244395001308
25615,LOF,0.08279204450557014,0.030766378096742462,0.8864415773976874
25616,LOF,0.03260053583773711,0.04235094303993808,0.9250485211223247
25617,LOF,0.046696696683915156,0.028393376186961007,0.9249099271291238
25618,LOF,0.23372014199023355,0.040945499124074816,0.7253343588856916
25619,LOF,0.042882553074329574,0.028650929515673308,0.9284665174099972
25620,LOF,0.03800479935113235,0.0437509561046261,0.9182442445442415
25621,LOF,0.03926283024887644,0.02091591837289244,0.9398212513782311
25622,LOF,0.030406858247099617,0.040793405986932756,0.9287997357659676
25623,LOF,0.05062463334779698,0.028884458499268708,0.9204909081529344
25624,LOF,0.034854758469186384,0.04720137292878769,0.917943868602026
25625,LOF,0.043243740817279504,0.03716768150507997,0.9195885776776405
25626,LOF,0.14943877247530077,0.017613678704168554,0.8329475488205307
25627,Neutral,0.4555759477238511,0.09826177021198285,0.446162282064166
25628,LOF,0.17383319785351276,0.03560108385644668,0.7905657182900406
25629,LOF,0.08833858797008788,0.06725973202239736,0.8444016800075147
25630,LOF,0.1690187917136118,0.04477078624292995,0.7862104220434581
25631,Neutral,0.5739329920373814,0.04459219601065516,0.3814748119519635
25632,LOF,0.016373810449525426,0.17702509079851636,0.8066010987519582
25633,LOF,0.21864036894288924,0.37853351095971904,0.4028261200973917
25634,LOF,0.044548712587010576,0.25226237613281777,0.7031889112801716
25635,LOF,0.037224898301754926,0.22206710656989395,0.7407079951283511
25636,LOF,0.005237007004647319,0.404553659574801,0.5902093334205517
25637,LOF,0.004414306776788117,0.2589189489831994,0.7366667442400124
25638,LOF,0.006190804478412968,0.24365168582552246,0.7501575096960647
25639,LOF,0.004834861704238945,0.22218206839705468,0.7729830698987065
25640,GOF,0.35053918266679035,0.5846200834920707,0.06484073384113892
25641,LOF,0.007332624994471778,0.19122796333892764,0.8014394116666006
25642,LOF,0.2208390084016233,0.0687503463146233,0.7104106452837535
25643,LOF,0.2272151561524657,0.09505589367032782,0.6777289501772065
25644,GOF,0.011721162289736365,0.5079628082918197,0.48031602941844387
25645,GOF,0.008887038054883804,0.606718219439305,0.3843947425058111
25646,LOF,0.010134164732736447,0.37384182372246566,0.6160240115447979
25647,LOF,0.010360376397229818,0.2943626324596027,0.6952769911431674
25648,LOF,0.007166511655970448,0.35485592795223825,0.6379775603917914
25649,LOF,0.007725289761192869,0.2334050579567354,0.7588696522820717
25650,GOF,0.024691554162892888,0.5391734792345406,0.4361349666025665
25651,LOF,0.006929191534107935,0.24622266105750526,0.7468481474083869
25652,LOF,0.012507225449434398,0.32751542414682083,0.6599773504037448
25653,LOF,0.04326672376208855,0.47733292371632463,0.47940035252158686
25654,LOF,0.008040679123783211,0.3566748490707237,0.6352844718054931
25655,GOF,0.09448731115244052,0.5276998728868268,0.3778128159607325
25656,LOF,0.08774558607818293,0.033636954489161104,0.878617459432656
25657,LOF,0.2608408098348605,0.018425685420098963,0.7207335047450405
25658,LOF,0.02764411728208551,0.09095688178843589,0.8813990009294786
25659,LOF,0.2541944962903335,0.08402102821757826,0.6617844754920881
25660,LOF,0.11494249460488469,0.08197505030027946,0.8030824550948359
25661,LOF,0.06463026567235097,0.0690378656329361,0.8663318686947129
25662,LOF,0.041095710450811,0.05500121271726775,0.9039030768319212
25663,LOF,0.04694004418815043,0.08553179140353293,0.8675281644083166
25664,LOF,0.026812733945800426,0.15136483428589206,0.8218224317683075
25665,LOF,0.04582554487373073,0.05486740349000341,0.8993070516362659
25666,LOF,0.03637620230545824,0.18515761061280994,0.7784661870817318
25667,LOF,0.036282443423928085,0.03583618873544711,0.9278813678406248
25668,LOF,0.04057959439145687,0.055612761279450605,0.9038076443290926
25669,LOF,0.0339724437459854,0.09516214739025097,0.8708654088637637
25670,LOF,0.06684248908161437,0.07131610760083174,0.8618414033175539
25671,LOF,0.0549311557019732,0.03323908200609902,0.9118297622919278
25672,LOF,0.055466542211220174,0.041618623291261446,0.9029148344975184
25673,LOF,0.037957224743407895,0.06391023722621032,0.8981325380303818
25674,LOF,0.025605676535087902,0.0970168283145952,0.8773774951503168
25675,LOF,0.03324514707491179,0.05170945949898157,0.9150453934261067
25676,LOF,0.04252648505426472,0.05264779358159972,0.9048257213641356
25677,LOF,0.07160725639628024,0.04491715996799785,0.8834755836357218
25678,LOF,0.15382286637276907,0.07108969100040993,0.7750874426268209
25679,LOF,0.10076310415387854,0.10989829778934869,0.7893385980567728
25680,LOF,0.10739960137878404,0.10315492789942347,0.7894454707217924
25681,LOF,0.11347318065652845,0.09821135136164996,0.7883154679818215
25682,LOF,0.04541336606918645,0.038275666908425966,0.9163109670223877
25683,LOF,0.07280453336387752,0.07324676592722051,0.8539487007089019
25684,LOF,0.060773951074181605,0.05516103310952295,0.8840650158162954
25685,LOF,0.114180934569447,0.030462574765763747,0.8553564906647892
25686,LOF,0.0290421930612634,0.09400468226717144,0.8769531246715652
25687,LOF,0.044140561373477424,0.09126034190316072,0.8645990967233619
25688,LOF,0.02525410636130807,0.09738897389316732,0.8773569197455247
25689,LOF,0.01601356667777569,0.0625692826412986,0.9214171506809258
25690,LOF,0.020803251212887737,0.1051124362711686,0.8740843125159437
25691,LOF,0.15521183064106314,0.1639475574670086,0.6808406118919282
25692,LOF,0.36404935197942623,0.01266016324420722,0.6232904847763665
25693,LOF,0.03131360915226729,0.41998645501940596,0.5486999358283267
25694,LOF,0.24671416718447295,0.010607275234182248,0.7426785575813447
25695,LOF,0.19272172409575486,0.015206615164151694,0.7920716607400935
25696,LOF,0.08245281314276444,0.015368758929348152,0.9021784279278875
25697,LOF,0.08370578200352036,0.01569795808948286,0.9005962599069967
25698,LOF,0.016719991997148485,0.27226587208049907,0.7110141359223524
25699,LOF,0.0577519528656995,0.35982973958501846,0.5824183075492821
25700,LOF,0.04559142991102771,0.029469984564123836,0.9249385855248485
25701,LOF,0.008753566758870087,0.38749920894458506,0.6037472242965448
25702,GOF,0.03068335626022532,0.48908393576526765,0.480232707974507
25703,LOF,0.015297138427007794,0.06787074531289755,0.9168321162600948
25704,LOF,0.06192112130475761,0.060313984864580894,0.8777648938306615
25705,LOF,0.11715986135901299,0.1637262887458481,0.7191138498951389
25706,GOF,0.020110127112328315,0.613342653367385,0.3665472195202867
25707,LOF,0.027398090291937904,0.4792009779281991,0.49340093177986316
25708,GOF,0.007611739398218031,0.5422213158219652,0.4501669447798168
25709,LOF,0.05792264964097938,0.06743735967598982,0.8746399906830307
25710,LOF,0.007975248593591638,0.15199798533720169,0.8400267660692066
25711,LOF,0.06266563308632743,0.09317639724417551,0.8441579696694971
25712,LOF,0.011658373350956689,0.1916102014958051,0.7967314251532382
25713,LOF,0.05080942247153467,0.09633824907089573,0.8528523284575695
25714,LOF,0.04232792320938356,0.18207813565986167,0.7755939411307549
25715,LOF,0.04580601253105058,0.12806358237965104,0.8261304050892985
25716,LOF,0.006574440698221078,0.0672168672285585,0.9262086920732204
25717,LOF,0.00652666781385636,0.055994775722976786,0.9374785564631668
25718,LOF,0.04665738924666775,0.048883535293609344,0.9044590754597229
25719,LOF,0.05566359298436317,0.10673429168312486,0.837602115332512
25720,LOF,0.05032338445796095,0.11457158056724742,0.8351050349747916
25721,LOF,0.04912890669595386,0.0892477819816852,0.8616233113223609
25722,LOF,0.04122135554961364,0.10639045913705841,0.852388185313328
25723,LOF,0.07171805339445135,0.09957330390018271,0.828708642705366
25724,LOF,0.0734569897264482,0.27594013354866387,0.650602876724888
25725,LOF,0.06777620579937815,0.09352902404646625,0.8386947701541557
25726,LOF,0.05825368765046992,0.08703598429963141,0.8547103280498987
25727,LOF,0.07526964284721206,0.07040813748052172,0.8543222196722661
25728,LOF,0.04857820625342205,0.12384290897111923,0.8275788847754587
25729,LOF,0.0558088214804954,0.12616505943380094,0.8180261190857037
25730,LOF,0.06794336409748912,0.0900471863750312,0.8420094495274797
25731,LOF,0.009423158769373286,0.09211440505342293,0.8984624361772038
25732,LOF,0.028466472187504047,0.06767377390015655,0.9038597539123394
25733,LOF,0.041356231713145536,0.08899843207440432,0.8696453362124501
25734,LOF,0.006639492191213039,0.2612292139450186,0.7321312938637684
25735,LOF,0.04032657255129534,0.07843440235084424,0.8812390250978605
25736,LOF,0.03988627198990813,0.14873532877959528,0.8113783992304966
25737,LOF,0.07709179460006796,0.08263185126786658,0.8402763541320654
25738,LOF,0.06374753806590983,0.16756020179705652,0.7686922601370336
25739,LOF,0.042347007525780224,0.11925631031941988,0.8383966821547999
25740,LOF,0.07461418856393187,0.11890630555789,0.8064795058781782
25741,LOF,0.0671499661755708,0.12533908995646922,0.80751094386796
25742,LOF,0.07160112668607756,0.12312808539012009,0.8052707879238024
25743,LOF,0.014323442422345673,0.015842733449665667,0.9698338241279886
25744,LOF,0.14728503332219106,0.12582829079047916,0.7268866758873297
25745,LOF,0.030484147410545333,0.04436354196428262,0.9251523106251721
25746,LOF,0.016027805809178418,0.07294156885681724,0.9110306253340044
25747,LOF,0.05271596446806209,0.021927711425049068,0.9253563241068888
25748,LOF,0.26904390297691483,0.07183914204674635,0.6591169549763388
25749,LOF,0.019649237818251942,0.05362431745383835,0.9267264447279098
25750,LOF,0.01941515238989539,0.06490873888043212,0.9156761087296724
25751,LOF,0.04260062585290141,0.07462540317867633,0.8827739709684224
25752,GOF,0.08555199987128265,0.6526585276514197,0.26178947247729756
25753,LOF,0.008134834794610576,0.4236347986321917,0.5682303665731978
25754,GOF,0.009402941542640245,0.9078593278632578,0.08273773059410183
25755,LOF,0.008745200980822071,0.4239375873777637,0.5673172116414142
25756,LOF,0.02808023344776046,0.4782216487891733,0.4936981177630662
25757,GOF,0.009001640294619995,0.8712729150537567,0.11972544465162335
25758,GOF,0.01121601401568471,0.9043001216946216,0.0844838642896938
25759,GOF,0.0071582483096571965,0.7616238356675651,0.23121791602277764
25760,LOF,0.006888094370512512,0.3660616012591887,0.6270503043702987
25761,GOF,0.0542011713044989,0.8953870086272839,0.05041182006821705
25762,LOF,0.028138329062637378,0.44472471369212574,0.5271369572452369
25763,LOF,0.006707727717772574,0.31804494536997674,0.6752473269122506
25764,GOF,0.07659541269453002,0.7416105793952985,0.18179400791017147
25765,GOF,0.012044706511319348,0.9190535037730451,0.06890178971563571
25766,GOF,0.03315869228400529,0.8674593617009371,0.09938194601505765
25767,GOF,0.012206062493002242,0.6082411695324725,0.37955276797452525
25768,LOF,0.057077630939024016,0.05522975275784156,0.8876926163031346
25769,LOF,0.03170512619589854,0.14962183201693566,0.8186730417871658
25770,Neutral,0.5108789708049444,0.1617909143915122,0.32733011480354357
25771,LOF,0.023802800135610553,0.07772536550351813,0.8984718343608713
25772,LOF,0.04592179604338354,0.08442456803515822,0.8696536359214583
25773,LOF,0.019628295720670312,0.14531356780141683,0.8350581364779129
25774,LOF,0.030311491390003505,0.31936412267108444,0.6503243859389122
25775,LOF,0.024525770256146075,0.05044628389325804,0.925027945850596
25776,LOF,0.03366301742411285,0.04779948192012025,0.918537500655767
25777,LOF,0.08351394969844855,0.27328158094041555,0.6432044693611358
25778,LOF,0.03196924618523913,0.11519631997788822,0.8528344338368727
25779,GOF,0.062269675514377676,0.7092156928093694,0.228514631676253
25780,GOF,0.07106570323984503,0.7722234618234451,0.1567108349367098
25781,GOF,0.029020825339520644,0.6949855396669673,0.27599363499351204
25782,GOF,0.031672728754326564,0.7691338332257517,0.19919343801992173
25783,GOF,0.0642112829800127,0.8043942219966368,0.13139449502335046
25784,GOF,0.12096982720876483,0.7596010764968426,0.1194290962943926
25785,GOF,0.17676179932888206,0.7215176213559193,0.10172057931519864
25786,GOF,0.013203831772874602,0.6538683177349296,0.3329278504921959
25787,GOF,0.3303033589404729,0.5736323738098393,0.09606426724968774
25788,LOF,0.02515500804488866,0.07820472198262667,0.8966402699724846
25789,GOF,0.020433742206587502,0.7426567131532429,0.23690954464016953
25790,GOF,0.038662766400536785,0.713322131313716,0.24801510228574736
25791,GOF,0.02848292815122839,0.5333988027027645,0.43811826914600716
25792,GOF,0.03432865903562368,0.6216481300655782,0.3440232108987981
25793,GOF,0.06796715358901895,0.6855549686807144,0.2464778777302667
25794,LOF,0.061788278242150434,0.4521323375552242,0.4860793842026254
25795,GOF,0.06749807583608938,0.5260391137844452,0.40646281037946547
25796,GOF,0.19292053148181282,0.4818864302553673,0.3251930382628199
25797,LOF,0.049501763059540724,0.46988471060079673,0.48061352633966253
25798,GOF,0.007547523601958365,0.7613056108607448,0.23114686553729685
25799,GOF,0.005534805868927155,0.6650532471004157,0.32941194703065707
25800,GOF,0.025723206610489883,0.8157686630836607,0.15850813030584943
25801,GOF,0.026303868387745667,0.7370915596159745,0.23660457199627963
25802,GOF,0.027589270183064823,0.6718498848469403,0.30056084496999486
25803,GOF,0.026063310014116697,0.5894234396730099,0.3845132503128734
25804,GOF,0.043369406372948345,0.5608807400063063,0.3957498536207453
25805,GOF,0.03017272635475375,0.666732050736481,0.30309522290876517
25806,GOF,0.04470857695345154,0.6622936929968698,0.29299773004967866
25807,GOF,0.019667391194702403,0.5787978818163103,0.4015347269889873
25808,GOF,0.03129019450073184,0.6808428678894182,0.28786693760985
25809,GOF,0.01656954583935331,0.5955003891788654,0.38793006498178134
25810,GOF,0.014423730278829837,0.6045193812711315,0.38105688845003877
25811,GOF,0.08167197832474016,0.7918919407908164,0.12643608088444355
25812,GOF,0.04995078880460603,0.6089317763274973,0.34111743486789664
25813,GOF,0.25686085836448314,0.594188469166718,0.14895067246879884
25814,GOF,0.045797408990663334,0.6429246220432956,0.31127796896604115
25815,GOF,0.07226036195101922,0.7229339159522513,0.20480572209672937
25816,GOF,0.010132261555175203,0.750982883282269,0.2388848551625559
25817,GOF,0.13246428717979236,0.5765301119644431,0.29100560085576443
25818,GOF,0.03223046866467119,0.7456346851691878,0.22213484616614093
25819,GOF,0.056950275105472875,0.6313824504639622,0.31166727443056486
25820,GOF,0.056879499227467885,0.5338056018337773,0.4093148989387548
25821,GOF,0.03937137504095732,0.5886563107446463,0.3719723142143963
25822,GOF,0.0793720299340732,0.5904263878184471,0.33020158224747964
25823,GOF,0.04576916289038357,0.5580155602742051,0.39621527683541136
25824,GOF,0.0335259365335975,0.6815034403986174,0.28497062306778503
25825,GOF,0.02275548010348418,0.7035290861519429,0.273715433744573
25826,GOF,0.011443372278000255,0.6232313208821035,0.36532530683989617
25827,GOF,0.02032525331143138,0.6714203489936867,0.30825439769488194
25828,GOF,0.012418408380534315,0.6952007639219373,0.2923808276975285
25829,GOF,0.004869737228074803,0.5196747577625196,0.47545550500940564
25830,LOF,0.0691321504946144,0.22683932826875375,0.704028521236632
25831,GOF,0.07689474635051692,0.7570083955657163,0.16609685808376673
25832,GOF,0.01043162425724043,0.71353611812052,0.27603225762223954
25833,GOF,0.03202218230775766,0.7908424465186619,0.17713537117358036
25834,GOF,0.010501884881877512,0.7368684091898711,0.2526297059282514
25835,GOF,0.031101998937982746,0.8412918088265234,0.12760619223549372
25836,GOF,0.008714291954708197,0.7862124535183322,0.20507325452695968
25837,GOF,0.012909187312028943,0.7309474533987724,0.2561433592891987
25838,GOF,0.024750607574883496,0.8021544596437038,0.17309493278141258
25839,GOF,0.07673345031903876,0.7091933073349632,0.21407324234599806
25840,GOF,0.09713215318678968,0.704235939245917,0.19863190756729335
25841,GOF,0.08281261642087866,0.7719435288347976,0.14524385474432383
25842,GOF,0.028889663616436308,0.8358255363275185,0.13528480005604518
25843,GOF,0.027901304699193292,0.831552740852618,0.1405459544481887
25844,GOF,0.02334515025793374,0.7806197425781918,0.19603510716387443
25845,GOF,0.009105250082830146,0.6680080078239125,0.32288674209325746
25846,GOF,0.07536784593045064,0.8092627849019091,0.1153693691676403
25847,GOF,0.02202168852773613,0.8287758527003759,0.14920245877188798
25848,GOF,0.02157483921771568,0.7831089119600833,0.195316248822201
25849,GOF,0.007674394972608942,0.7523922677978501,0.23993333722954102
25850,GOF,0.00855547158062037,0.6240604985201174,0.3673840298992622
25851,GOF,0.0076276861366352195,0.5528774628310485,0.4394948510323164
25852,GOF,0.17504952373547186,0.42067020098609564,0.4042802752784325
25853,GOF,0.06333743198787439,0.5590162855311696,0.377646282480956
25854,GOF,0.00762021620556984,0.6394784748048936,0.35290130898953664
25855,GOF,0.02471251555912251,0.5519792668364475,0.4233082176044301
25856,GOF,0.05221735944557764,0.7101311514816572,0.23765148907276512
25857,GOF,0.02457762904103665,0.528253377379632,0.44716899357933143
25858,GOF,0.009146888840595575,0.5405500824460155,0.4503030287133889
25859,GOF,0.00688913204630253,0.5225302862319847,0.47058058172171274
25860,GOF,0.07783309101708058,0.5498084071623729,0.3723585018205466
25861,GOF,0.11477334208057972,0.7049703060482306,0.18025635187118966
25862,GOF,0.02079741346707243,0.8551562412253685,0.12404634530755913
25863,GOF,0.020169939905607323,0.8115722757724717,0.1682577843219209
25864,GOF,0.030138736285375993,0.8627830761266843,0.10707818758793973
25865,GOF,0.032309060903729654,0.8272709145933329,0.14042002450293736
25866,GOF,0.01808734373751254,0.8262946624036288,0.15561799385885877
25867,GOF,0.03263586487211873,0.8504443582343788,0.11691977689350239
25868,GOF,0.07046672041408866,0.6986759633612781,0.23085731622463324
25869,GOF,0.30131619503142937,0.5029953313701706,0.1956884735984
25870,LOF,0.07065847495587754,0.3163070642899102,0.6130344607542123
25871,GOF,0.011846336037669339,0.564898103109371,0.42325556085295957
25872,GOF,0.02778181994749289,0.6528176761671443,0.31940050388536284
25873,GOF,0.02060916152136122,0.7462958949999071,0.2330949434787316
25874,LOF,0.037400813733178405,0.06190053212108793,0.9006986541457336
25875,LOF,0.020169145207762043,0.16610330354931854,0.8137275512429194
25876,LOF,0.021433717801572362,0.10439200138001646,0.8741742808184112
25877,LOF,0.08497089218414489,0.2814368316097006,0.6335922762061544
25878,LOF,0.054149726207722106,0.3745772101115126,0.5712730636807654
25879,LOF,0.010774247546877088,0.18708724713513053,0.8021385053179925
25880,LOF,0.04814888783406538,0.025583447350223776,0.926267664815711
25881,Neutral,0.453344422426492,0.2954779741227769,0.25117760345073115
25882,LOF,0.04025343551647066,0.14300684681326647,0.8167397176702628
25883,LOF,0.02776905521731658,0.14799211050412128,0.824238834278562
25884,LOF,0.013303747993775499,0.15194364681336783,0.8347526051928567
25885,LOF,0.13561342424377387,0.03039178788127806,0.8339947878749482
25886,LOF,0.12510624048406002,0.2071601119279992,0.6677336475879407
25887,GOF,0.04649818304283214,0.4908137707737907,0.4626880461833772
25888,LOF,0.0054344205611743055,0.4239021710011619,0.5706634084376638
25889,LOF,0.02373579815208633,0.10058829598745629,0.8756759058604573
25890,LOF,0.14989694563776818,0.30467246739450016,0.5454305869677317
25891,LOF,0.10019555712429072,0.07507177850972442,0.8247326643659849
25892,LOF,0.0070281085495205115,0.04374581002171249,0.949226081428767
25893,LOF,0.23749780085475025,0.015859348443113347,0.7466428507021364
25894,LOF,0.3020189009797006,0.01108575507279112,0.6868953439475083
25895,LOF,0.2559519848978865,0.015436959529724133,0.7286110555723894
25896,LOF,0.08707846167766178,0.03464229611293433,0.8782792422094038
25897,LOF,0.09290329554382588,0.02406387597128048,0.8830328284848937
25898,LOF,0.08015554867199541,0.0531034831132511,0.8667409682147535
25899,LOF,0.34099423141721236,0.05260774641253315,0.6063980221702544
25900,Neutral,0.9324245676607564,0.007406151914562511,0.060169280424681
25901,LOF,0.06181581947127883,0.016734474252153346,0.9214497062765679
25902,LOF,0.07764568213182425,0.009814421354311558,0.9125398965138642
25903,LOF,0.1454398988562631,0.038222295284204094,0.8163378058595329
25904,Neutral,0.46096639833920444,0.08400225171473956,0.455031349946056
25905,LOF,0.011721470099474466,0.26612206125646276,0.7221564686440628
25906,LOF,0.010422715379256826,0.022376114860545998,0.9672011697601973
25907,LOF,0.00931390774263068,0.13361491732766326,0.8570711749297062
25908,LOF,0.009784616415312572,0.14882766505160963,0.8413877185330778
25909,LOF,0.05191849954104568,0.0750608332966012,0.8730206671623532
25910,LOF,0.015477691684093957,0.12136364999985527,0.8631586583160508
25911,LOF,0.11883366047047862,0.06605757041353831,0.815108769115983
25912,LOF,0.13569228355566862,0.018093413633311135,0.8462143028110202
25913,LOF,0.014950411293551966,0.0639718967342561,0.9210776919721919
25914,LOF,0.046674893620193156,0.036003184872118545,0.9173219215076882
25915,GOF,0.22169534051809908,0.40589622161059935,0.3724084378713016
25916,LOF,0.01739836728814429,0.163928051595242,0.8186735811166136
25917,LOF,0.17128917606907856,0.02735872311118622,0.8013521008197352
25918,LOF,0.05000991775621416,0.02157998198634169,0.9284101002574442
25919,LOF,0.05073698204757066,0.017279753213539518,0.9319832647388897
25920,LOF,0.35213681221887877,0.26833342993054404,0.37952975785057713
25921,LOF,0.02196661276610648,0.03476297902410049,0.943270408209793
25922,LOF,0.01994546384117152,0.026382593066253394,0.9536719430925752
25923,LOF,0.41715850020448303,0.026519575276879186,0.5563219245186378
25924,LOF,0.02730845924473575,0.03735269888285598,0.9353388418724081
25925,LOF,0.2560154708827135,0.021397414357005075,0.7225871147602814
25926,LOF,0.13538645211625785,0.04757273251546005,0.8170408153682821
25927,LOF,0.02331995799077861,0.07411239702045774,0.9025676449887636
25928,LOF,0.015425094975082095,0.021202353929278925,0.963372551095639
25929,Neutral,0.5927515179002688,0.02676825678687647,0.3804802253128547
25930,LOF,0.06703698770347838,0.027660354713317768,0.9053026575832038
25931,LOF,0.015808300831558153,0.025727871283525848,0.958463827884916
25932,LOF,0.10671692639631221,0.014279824188794492,0.8790032494148933
25933,LOF,0.08672819568774198,0.01066761447624429,0.9026041898360138
25934,LOF,0.08175830486153689,0.013430420325569487,0.9048112748128935
25935,LOF,0.25549590453081195,0.02334028563660395,0.7211638098325841
25936,LOF,0.09133265624859198,0.011206840020881311,0.8974605037305268
25937,LOF,0.0180349566687202,0.02500954654726465,0.9569554967840151
25938,LOF,0.26033325181448996,0.01979609362515468,0.7198706545603554
25939,LOF,0.06693177281954066,0.013415125319826322,0.919653101860633
25940,LOF,0.0077086413380415926,0.44842516891721906,0.5438661897447394
25941,Neutral,0.5070170385007078,0.17183509028334895,0.32114787121594335
25942,LOF,0.009650720718679902,0.19736060804242556,0.7929886712388946
25943,GOF,0.02495503409700887,0.6628710309089312,0.3121739349940599
25944,LOF,0.021016899130257352,0.44116710534872744,0.5378159955210152
25945,LOF,0.10271667681281026,0.17826673722822498,0.7190165859589648
25946,LOF,0.09595558054272406,0.11716784615864066,0.7868765732986354
25947,Neutral,0.494986595979288,0.09002554971940369,0.4149878543013083
25948,LOF,0.49546965699597567,0.008799734952293867,0.4957306080517305
25949,LOF,0.12655839708277994,0.0232811193191285,0.8501604835980915
25950,GOF,0.04872292983649517,0.8127961898170933,0.13848088034641148
25951,GOF,0.012353174363521055,0.6604926928059093,0.3271541328305697
25952,GOF,0.08131988793991332,0.5553634951236129,0.3633166169364737
25953,LOF,0.005658970467326738,0.47797010411905555,0.5163709254136177
25954,GOF,0.022022794614940177,0.5798608903116931,0.3981163150733667
25955,GOF,0.004406033854909899,0.5745982484981716,0.4209957176469184
25956,LOF,0.009816377561251694,0.4031135750167455,0.5870700474220029
25957,LOF,0.2421502656973587,0.04964108720809022,0.708208647094551
25958,LOF,0.025749789011903446,0.16543716808002587,0.8088130429080707
25959,GOF,0.00636075373221632,0.6861611934703321,0.30747805279745166
25960,LOF,0.00479030361962302,0.19931499725390647,0.7958946991264706
25961,LOF,0.02569301952726844,0.13575316266089207,0.8385538178118395
25962,LOF,0.04402094285418726,0.08985940281792926,0.8661196543278835
25963,LOF,0.010157295494600892,0.19716324472766925,0.7926794597777298
25964,LOF,0.04961932050629978,0.159363932829623,0.7910167466640773
25965,LOF,0.15668595445786432,0.1710316170349746,0.672282428507161
25966,LOF,0.24072399159799518,0.3370952395761728,0.422180768825832
25967,LOF,0.007335807120435245,0.07766402122603534,0.9150001716535294
25968,LOF,0.07474125508854482,0.26780346708642944,0.6574552778250258
25969,LOF,0.13759463232861907,0.045252423440287695,0.8171529442310933
25970,LOF,0.02280416125049109,0.2279993764189273,0.7491964623305817
25971,LOF,0.07674546794893479,0.108574780797688,0.8146797512533772
25972,LOF,0.0712520503156902,0.14997393565020858,0.7787740140341013
25973,LOF,0.103964563766949,0.006507536642904501,0.8895278995901466
25974,LOF,0.14404009079644695,0.04624361138829821,0.8097162978152548
25975,LOF,0.04485458721463483,0.009671924271138424,0.9454734885142266
25976,LOF,0.09998488579591275,0.006745425452778678,0.8932696887513085
25977,LOF,0.17337475035042785,0.1206285223201859,0.7059967273293862
25978,LOF,0.12074940141433876,0.13445968982243928,0.744790908763222
25979,LOF,0.09648721620537545,0.13388068197459177,0.7696321018200328
25980,LOF,0.15120832659506692,0.3196711782767282,0.5291204951282049
25981,LOF,0.15343623665026207,0.33642899816612404,0.5101347651836139
25982,LOF,0.24468983100772193,0.14507590212284016,0.6102342668694379
25983,Neutral,0.49436766040939556,0.1357912352702485,0.36984110432035583
25984,LOF,0.0385859930754901,0.12621465905835746,0.8351993478661524
25985,Neutral,0.48441525485308046,0.24242928375838735,0.2731554613885322
25986,GOF,0.009705793566665823,0.6155485326189535,0.3747456738143807
25987,LOF,0.01673633592924646,0.15491587430757744,0.8283477897631761
25988,LOF,0.03316054259964571,0.20147453019327174,0.7653649272070826
25989,LOF,0.035929448114141255,0.15989154080746973,0.8041790110783891
25990,LOF,0.04035586086354863,0.2564152447653977,0.7032288943710536
25991,GOF,0.030952602302602134,0.6777439207950169,0.29130347690238095
25992,LOF,0.010086948185193881,0.43473753483132394,0.5551755169834822
25993,LOF,0.02914456207812847,0.08988988591012444,0.880965552011747
25994,LOF,0.03209176641453222,0.11673211596780998,0.8511761176176579
25995,LOF,0.018673979321282445,0.18728850329539307,0.7940375173833245
25996,GOF,0.25599665108054365,0.555948857796469,0.18805449112298744
25997,GOF,0.054188162997611464,0.6775395275139086,0.2682723094884801
25998,LOF,0.2771160389990436,0.03969124434800021,0.6831927166529561
25999,LOF,0.02896921412546632,0.4424335898507086,0.528597196023825
26000,LOF,0.11949467854228067,0.018187331309244905,0.8623179901484744
26001,LOF,0.1326215559595263,0.03236009645923049,0.8350183475812432
26002,LOF,0.08277597796010314,0.01816806319556249,0.8990559588443344
26003,GOF,0.00717451497543071,0.5054461019668472,0.48737938305772205
26004,GOF,0.016934405085452867,0.5254115056369937,0.45765408927755336
26005,LOF,0.0062552110912118585,0.47296941863324193,0.5207753702755462
26006,GOF,0.14875796123448215,0.45177278693902917,0.39946925182648857
26007,GOF,0.01111970198479271,0.5032125906179169,0.48566770739729037
26008,LOF,0.007115385850067507,0.45100847628771595,0.5418761378622166
26009,GOF,0.014809120301810292,0.5400619237391457,0.445128955959044
26010,GOF,0.009065977686139802,0.543955744780023,0.44697827753383723
26011,LOF,0.007089081888626853,0.3750818005600435,0.6178291175513296
26012,LOF,0.006928982514275188,0.37907079443337444,0.6140002230523504
26013,LOF,0.011857789855406016,0.46485237931534895,0.5232898308292451
26014,LOF,0.07397063604931878,0.06496202491751953,0.8610673390331618
26015,LOF,0.37836677995001394,0.05019574829011736,0.5714374717598688
26016,LOF,0.22187195722492184,0.14626514838826127,0.631862894386817
26017,LOF,0.015177722040741935,0.42776998543693334,0.5570522925223247
26018,LOF,0.021544197643853846,0.17562731616935054,0.8028284861867956
26019,LOF,0.021833029765010763,0.14461119336758088,0.8335557768674084
26020,LOF,0.00692006419187191,0.3402643324769076,0.6528156033312204
26021,LOF,0.07707658189264201,0.2278173139294309,0.6951061041779272
26022,LOF,0.05192612525434365,0.06423710255701771,0.8838367721886387
26023,LOF,0.032465421751604606,0.11587408700711986,0.8516604912412754
26024,LOF,0.04712877662493464,0.1565341934265546,0.7963370299485107
26025,LOF,0.10650414897278104,0.2124611054390511,0.6810347455881678
26026,LOF,0.10093163472687672,0.17705639582124164,0.7220119694518815
26027,LOF,0.03141038145433252,0.07558099784265333,0.8930086207030141
26028,LOF,0.057838726511901216,0.21640727542458474,0.725753998063514
26029,LOF,0.04075763846469862,0.08308986930994218,0.8761524922253592
26030,LOF,0.17111032280753086,0.009653226932955294,0.8192364502595137
26031,LOF,0.02545097303957769,0.08921396112699884,0.8853350658334235
26032,LOF,0.03208213161849493,0.021868703157091243,0.9460491652244137
26033,LOF,0.04938526538907031,0.037673198959960595,0.912941535650969
26034,LOF,0.030580370937235105,0.06139149591197479,0.9080281331507901
26035,LOF,0.017960336560047023,0.07330882587704778,0.9087308375629052
26036,LOF,0.016532660615721697,0.06032308237101199,0.9231442570132664
26037,LOF,0.016177027432672825,0.05859165427797409,0.9252313182893532
26038,LOF,0.026123891629393253,0.022058412378853993,0.9518176959917527
26039,LOF,0.03849923031504699,0.07925841931469359,0.8822423503702596
26040,LOF,0.06518556964251436,0.1128291082502073,0.8219853221072783
26041,LOF,0.018251196204513292,0.07404254081782234,0.9077062629776643
26042,LOF,0.017945047703512258,0.07613335463667106,0.9059215976598167
26043,LOF,0.02538699745586714,0.04706681513869507,0.9275461874054378
26044,LOF,0.010111536899596502,0.04816841786029712,0.9417200452401062
26045,LOF,0.09495201076095411,0.1445349874270842,0.7605130018119616
26046,LOF,0.024462437158315566,0.054923950604667496,0.920613612237017
26047,LOF,0.06307292513350764,0.03961506582417525,0.8973120090423171
26048,LOF,0.0737533621267777,0.03273859193000631,0.893508045943216
26049,Neutral,0.9088900799086999,0.006179313803973443,0.08493060628732675
26050,Neutral,0.8319453777648944,0.007395904035281264,0.1606587181998243
26051,LOF,0.029409900144235914,0.45098073385415555,0.5196093660016086
26052,LOF,0.027561300504430994,0.36171373018345465,0.6107249693121144
26053,LOF,0.042226387877133655,0.05062439708394355,0.9071492150389227
26054,LOF,0.1308060244065911,0.07913436298529661,0.7900596126081123
26055,LOF,0.13233541602978025,0.08829369426432375,0.779370889705896
26056,LOF,0.12050052374525039,0.09801987880660708,0.7814795974481425
26057,LOF,0.05281265568903233,0.026168915409578816,0.9210184289013889
26058,LOF,0.060899103091340195,0.02039954414957416,0.9187013527590856
26059,Neutral,0.7079465749528243,0.07117235062999776,0.22088107441717786
26060,LOF,0.015737055435482282,0.32322866488133867,0.6610342796831791
26061,LOF,0.013208783721635697,0.015440640421492253,0.9713505758568721
26062,LOF,0.005924964681061359,0.03970959936656379,0.9543654359523748
26063,LOF,0.047998983471623326,0.022085952258574446,0.9299150642698022
26064,LOF,0.010292824544969548,0.0210531050420919,0.9686540704129386
26065,LOF,0.04303364672192823,0.03284878188132085,0.9241175713967509
26066,LOF,0.04611124705278813,0.019825931613842954,0.9340628213333688
26067,LOF,0.057982664164351654,0.02215374182560279,0.9198635940100456
26068,LOF,0.12037654410870846,0.044457852137187594,0.835165603754104
26069,LOF,0.1037015364645546,0.04487693167593767,0.8514215318595078
26070,LOF,0.2733394452658079,0.029405883708337886,0.6972546710258543
26071,LOF,0.045767975250732736,0.024843328893872467,0.9293886958553949
26072,LOF,0.008778291586564593,0.02263403696333172,0.9685876714501038
26073,LOF,0.04721467195101865,0.017721367464636584,0.9350639605843447
26074,Neutral,0.8690840356076731,0.01775893226289274,0.11315703212943401
26075,LOF,0.058202469836071545,0.046469380315853646,0.8953281498480747
26076,LOF,0.056534210879255,0.0398535199539638,0.9036122691667811
26077,LOF,0.1514161787286329,0.03228062642148267,0.8163031948498846
26078,LOF,0.007666438806285461,0.029676418806571462,0.9626571423871431
26079,LOF,0.14723771093161478,0.031387856042864426,0.8213744330255207
26080,LOF,0.14723771093161478,0.031387856042864426,0.8213744330255207
26081,LOF,0.052650448167980854,0.022866402172375285,0.9244831496596438
26082,LOF,0.007995861617589714,0.03678368629219616,0.955220452090214
26083,LOF,0.0487420648535209,0.06383063978924067,0.8874272953572384
26084,LOF,0.0493456815483561,0.03339884139440942,0.9172554770572344
26085,LOF,0.04604905107205439,0.02770168192725502,0.9262492670006907
26086,LOF,0.03729396541674667,0.03188829082539051,0.9308177437578629
26087,LOF,0.04832587571606423,0.029767102729715535,0.9219070215542202
26088,LOF,0.008798750327931856,0.07017020258598806,0.9210310470860801
26089,LOF,0.04455809571440437,0.10902126268825456,0.8464206415973411
26090,LOF,0.047845753980088744,0.08347062059352921,0.868683625426382
26091,LOF,0.05111951583220596,0.028283802993828384,0.9205966811739658
26092,LOF,0.054918613277420876,0.022147247377315733,0.9229341393452635
26093,LOF,0.0787481272736712,0.014310294112193924,0.9069415786141348
26094,LOF,0.04598379284386469,0.01932423600604499,0.9346919711500904
26095,LOF,0.011445056088052866,0.037031414205371184,0.9515235297065758
26096,LOF,0.3000505012398077,0.005968599686192164,0.6939808990740001
26097,LOF,0.007709809081079459,0.05512052198435684,0.9371696689345637
26098,LOF,0.14097626388591553,0.02982801392746276,0.8291957221866217
26099,LOF,0.05169887721023518,0.09210394668207039,0.8561971761076943
26100,LOF,0.05169887721023518,0.09210394668207039,0.8561971761076943
26101,LOF,0.0381507962844272,0.08235467148714332,0.8794945322284294
26102,LOF,0.04544467364318839,0.033488797559330215,0.9210665287974814
26103,Neutral,0.8502917350915068,0.04759418991070164,0.10211407499779163
26104,LOF,0.13829849397023902,0.09362387734593557,0.7680776286838256
26105,LOF,0.285008172394918,0.2250413665349922,0.48995046107008977
26106,LOF,0.29508320171204927,0.22825057494508524,0.47666622334286546
26107,LOF,0.009239219991106972,0.14516223662606592,0.845598543382827
26108,LOF,0.13107203639737403,0.22048367153748813,0.6484442920651379
26109,LOF,0.04396900413002739,0.034370344595811265,0.9216606512741614
26110,Neutral,0.5452433775999729,0.03912106018975773,0.4156355622102693
26111,LOF,0.059526946963795645,0.25122894771147175,0.6892441053247327
26112,LOF,0.06445642110854405,0.036830050098457544,0.8987135287929984
26113,LOF,0.06376322273054016,0.06998933757821947,0.8662474396912403
26114,LOF,0.0947915723601058,0.026499429815984268,0.8787089978239099
26115,LOF,0.01618886556468371,0.17035395247751084,0.8134571819578056
26116,LOF,0.057384149716846265,0.05761897658746461,0.8849968736956891
26117,LOF,0.22022147547339002,0.08826559391497932,0.6915129306116305
26118,LOF,0.04417520881632187,0.025106909290005905,0.9307178818936723
26119,LOF,0.005731197441845783,0.1112394970731988,0.8830293054849554
26120,LOF,0.04082998725916725,0.02639378597146295,0.9327762267693698
26121,LOF,0.00451729482570582,0.13356341603738134,0.8619192891369128
