feature0,prediction,LoGoFunc_Neutral,LoGoFunc_GOF,LoGoFunc_LOF
25546,Neutral,0.7776073259017563,0.029676090717513433,0.19271658338073033
25547,Neutral,0.6171455022272976,0.05946421830271204,0.32339027946999044
25548,Neutral,0.6005222922418305,0.0425778209584605,0.3568998867997089
25549,Neutral,0.5188010703890886,0.04335128037576513,0.43784764923514635
25550,LOF,0.3776357702047088,0.10068976033106448,0.5216744694642267
25551,LOF,0.31191934428196394,0.11339138532189486,0.5746892703961413
25552,LOF,0.19952157284189945,0.11647435118070479,0.6840040759773959
25553,Neutral,0.8338409292272363,0.03080479944797148,0.1353542713247922
25554,LOF,0.246046945955433,0.11174808919964432,0.6422049648449226
25555,LOF,0.19648555872075832,0.09222304174007429,0.7112913995391674
25556,LOF,0.4252236372651318,0.09127306699764431,0.4835032957372239
25557,LOF,0.18690391121300845,0.1021515457184045,0.710944543068587
25558,LOF,0.23874085375760065,0.11420861519461604,0.6470505310477833
25559,LOF,0.39898954508035844,0.06769229211338658,0.533318162806255
25560,LOF,0.061394877315198576,0.19036224860764953,0.7482428740771518
25561,LOF,0.11368698605837721,0.21466157575669365,0.6716514381849291
25562,LOF,0.1104322518073712,0.08325571123703202,0.8063120369555968
25563,LOF,0.11380252341828458,0.1014328588688731,0.7847646177128424
25564,LOF,0.17894753869472166,0.15608727298533465,0.6649651883199437
25565,LOF,0.12832200380054992,0.15895725151629958,0.7127207446831505
25566,GOF,0.015116106873428566,0.7209705187339479,0.26391337439262363
25567,LOF,0.013056512829892775,0.1254029936477885,0.8615404935223187
25568,LOF,0.05357612716612272,0.0587623049594572,0.8876615678744201
25569,LOF,0.06840974458075393,0.058204514410256224,0.8733857410089898
25570,LOF,0.0661743459306329,0.10074699705370586,0.8330786570156613
25571,LOF,0.060493714731922756,0.095708459875604,0.8437978253924733
25572,LOF,0.06678984800135845,0.13241632520135085,0.8007938267972908
25573,LOF,0.03240410864777095,0.08648388297622635,0.8811120083760027
25574,LOF,0.02011592182070613,0.14847719893438918,0.8314068792449048
25575,LOF,0.0485338388789679,0.10859349389082763,0.8428726672302044
25576,LOF,0.022732593734754305,0.1194285186849712,0.8578388875802744
25577,LOF,0.016613628055666515,0.13675527694967016,0.8466310949946634
25578,LOF,0.23090936454826785,0.08417811388227618,0.6849125215694559
25579,LOF,0.2333906219203717,0.08317808982084839,0.68343128825878
25580,LOF,0.0342066726241713,0.09007279894145606,0.8757205284343725
25581,LOF,0.05525513236745137,0.06252833456472677,0.8822165330678218
25582,LOF,0.05503273020594538,0.05965080381323963,0.885316465980815
25583,LOF,0.04645173841356301,0.09649943436448279,0.8570488272219542
25584,LOF,0.43566940570074053,0.08314517922503326,0.48118541507422613
25585,LOF,0.035876842131521834,0.10780794844663776,0.8563152094218404
25586,LOF,0.04001629019260238,0.07872290077436958,0.8812608090330282
25587,LOF,0.03589000353051615,0.07748199025971719,0.8866280062097667
25588,LOF,0.0354794988020212,0.10301049291538723,0.8615100082825915
25589,Neutral,0.589932686130571,0.10055308438607924,0.30951422948334967
25590,LOF,0.030334369421513206,0.11933532680514385,0.850330303773343
25591,LOF,0.12837771247044671,0.04943358132738946,0.8221887062021639
25592,LOF,0.09854875591751641,0.14082223819666906,0.7606290058858144
25593,LOF,0.01830595560215603,0.257583580442295,0.7241104639555489
25594,LOF,0.03846199793044766,0.17103862371520284,0.7904993783543495
25595,LOF,0.060253675260827595,0.12582117362131315,0.8139251511178592
25596,LOF,0.06193877670577334,0.10062223056851294,0.8374389927257136
25597,LOF,0.06317079322212388,0.06179991577235035,0.8750292910055257
25598,LOF,0.049603527355501234,0.16459891492118003,0.7857975577233187
25599,GOF,0.00705571085880462,0.7496612678368815,0.24328302130431398
25600,GOF,0.009890286834418888,0.544019262009362,0.44609045115621904
25601,LOF,0.007343441369716067,0.4538389797846424,0.5388175788456416
25602,LOF,0.021165514453404064,0.05123303415413571,0.9276014513924601
25603,LOF,0.03357935154635472,0.036990296965487716,0.9294303514881576
25604,LOF,0.04217226117165904,0.0587091651370474,0.8991185736912934
25605,LOF,0.011730953439105919,0.2540360042480083,0.7342330423128859
25606,LOF,0.058920267902718544,0.4593217786789639,0.4817579534183176
25607,LOF,0.004210164176584997,0.14902284180115483,0.8467669940222603
25608,LOF,0.07246666456547642,0.05430727203047523,0.8732260634040483
25609,LOF,0.05834565817893229,0.3803196753735665,0.5613346664475013
25610,LOF,0.04726039834267773,0.03588186909651799,0.9168577325608044
25611,LOF,0.05506895008271091,0.0323034985148758,0.9126275514024133
25612,LOF,0.1231279827050406,0.055279130548694,0.8215928867462654
25613,LOF,0.10052651826344637,0.04585808924285622,0.8536153924936974
25614,LOF,0.03780136122069558,0.04249486980941677,0.9197037689698876
25615,LOF,0.0585713883063576,0.0429605305650327,0.8984680811286097
25616,LOF,0.04051203089327368,0.04262218122519462,0.9168657878815317
25617,LOF,0.038007707746039246,0.04930519768040403,0.9126870945735568
25618,LOF,0.23375771070011037,0.04018526103337706,0.7260570282665126
25619,LOF,0.03882303989936632,0.03652645475306787,0.9246505053475659
25620,LOF,0.03926396982297913,0.04998196509261792,0.9107540650844028
25621,LOF,0.03316769730219929,0.03753611770062405,0.9292961849971767
25622,LOF,0.03189283809442744,0.04974463917684878,0.9183625227287239
25623,LOF,0.0660109342697561,0.03770693710613939,0.8962821286241045
25624,LOF,0.030836641428702436,0.052576941724963286,0.9165864168463342
25625,LOF,0.03881668383401636,0.05794581813233458,0.903237498033649
25626,LOF,0.09419641224788068,0.03608891801508652,0.8697146697370328
25627,Neutral,0.5844348274939726,0.09140393614672757,0.32416123635929983
25628,LOF,0.19681030126224383,0.05302814021888092,0.7501615585188752
25629,LOF,0.09548806194111885,0.11072263394196173,0.7937893041169194
25630,LOF,0.20692949230847082,0.09304210296045592,0.7000284047310733
25631,Neutral,0.6123821172715538,0.06309566081851162,0.32452222190993457
25632,LOF,0.02333129427115853,0.08555619860946632,0.8911125071193751
25633,LOF,0.23878009132416506,0.09469603415583017,0.6665238745200048
25634,LOF,0.0390227702354147,0.11026566752086413,0.8507115622437212
25635,LOF,0.033891089150243824,0.09383646057232368,0.8722724502774325
25636,GOF,0.006345092801879522,0.6509569789557633,0.34269792824235706
25637,GOF,0.005062437793054264,0.5541229328053299,0.44081462940161587
25638,LOF,0.009033544861005424,0.4542115715602511,0.5367548835787436
25639,LOF,0.005115829204417578,0.435792010995528,0.5590921598000543
25640,GOF,0.3694420448786355,0.5943073252917418,0.03625062982962256
25641,LOF,0.005861871441804495,0.34300238016584217,0.6511357483923533
25642,LOF,0.2696262997144202,0.07766254571440015,0.6527111545711796
25643,LOF,0.1897817842031095,0.2997200740564369,0.5104981417404536
25644,GOF,0.026793699677131338,0.6453517640788985,0.3278545362439701
25645,GOF,0.020262042067765086,0.5957725286525707,0.38396542927966415
25646,LOF,0.023947229054087332,0.43942086399624763,0.5366319069496651
25647,LOF,0.01867886476851038,0.31196506393882933,0.6693560712926604
25648,LOF,0.014553409094196832,0.36590695010372964,0.6195396408020736
25649,LOF,0.014055229854848113,0.2710458555525092,0.7148989145926428
25650,GOF,0.04242758909558562,0.6609242715629786,0.2966481393414358
25651,LOF,0.012763509372050334,0.32166553755390864,0.665570953074041
25652,LOF,0.019523709152713425,0.33848418651111584,0.6419921043361707
25653,GOF,0.08924204183674488,0.5547157044721244,0.35604225369113074
25654,LOF,0.015038300037297414,0.3581895622727212,0.6267721376899815
25655,GOF,0.1130255072165247,0.507123593305192,0.37985089947828343
25656,LOF,0.05297724495204514,0.10109366099710854,0.8459290940508463
25657,LOF,0.30370877150726217,0.03693526836477733,0.6593559601279605
25658,LOF,0.027659627137937383,0.14885899316372955,0.8234813796983331
25659,LOF,0.19321354501648966,0.08871012821745833,0.718076326766052
25660,LOF,0.10302937799624091,0.090907861528305,0.8060627604754541
25661,LOF,0.08755432558035543,0.06704284931111854,0.845402825108526
25662,LOF,0.03467541638339285,0.04623775701620326,0.919086826600404
25663,LOF,0.04349000233834453,0.08136021989532952,0.875149777766326
25664,LOF,0.03141282119137193,0.1295251734195779,0.8390620053890503
25665,LOF,0.05408337099491166,0.061017306955104045,0.8848993220499842
25666,LOF,0.04158920215816875,0.20993537530784065,0.7484754225339906
25667,LOF,0.03317473161879384,0.06263342988093196,0.9041918385002742
25668,LOF,0.04468924346091507,0.05864197784882085,0.8966687786902641
25669,LOF,0.053043798926422046,0.10558904249759647,0.8413671585759814
25670,LOF,0.13552886194483948,0.09982496151930521,0.7646461765358553
25671,LOF,0.043480668056334326,0.0565046371295807,0.9000146948140849
25672,LOF,0.05342703745075807,0.07881423294494933,0.8677587296042926
25673,LOF,0.03853660706047036,0.08864116822011066,0.872822224719419
25674,LOF,0.028989035805207695,0.0994952041114497,0.8715157600833426
25675,LOF,0.03808180662428287,0.08886115772215118,0.8730570356535661
25676,LOF,0.03433038591943593,0.06933193479230527,0.8963376792882588
25677,LOF,0.09348292621281105,0.05787747709998998,0.848639596687199
25678,LOF,0.1689665050092748,0.04566791036366529,0.7853655846270599
25679,LOF,0.11810080944728019,0.07332307995404495,0.8085761105986748
25680,LOF,0.09466356227922254,0.08708616597508789,0.8182502717456897
25681,LOF,0.11222375631499017,0.08007759383963807,0.8076986498453719
25682,LOF,0.05399581197934707,0.07029994818446253,0.8757042398361904
25683,LOF,0.07903023356497278,0.11063959398337822,0.810330172451649
25684,LOF,0.06262772537756917,0.071204128870221,0.8661681457522099
25685,LOF,0.11429965972512793,0.05270834736617054,0.8329919929087015
25686,LOF,0.03606782225689973,0.13097205547250895,0.8329601222705912
25687,LOF,0.0603027056517479,0.1004241263899651,0.839273167958287
25688,LOF,0.01686521019508362,0.08649382466737345,0.8966409651375429
25689,LOF,0.014405247041708057,0.05351888340122648,0.9320758695570656
25690,LOF,0.01623220509302754,0.06098960722790551,0.9227781876790668
25691,LOF,0.10345255787795286,0.09575131595769765,0.8007961261643495
25692,LOF,0.16572994312479822,0.012545554662328156,0.8217245022128737
25693,LOF,0.04770380836907459,0.14419814551305,0.8080980461178754
25694,LOF,0.2889181191531745,0.013238869089148193,0.6978430117576773
25695,LOF,0.21543033707302042,0.022453178270961723,0.7621164846560179
25696,LOF,0.14766940738846687,0.01664202073475386,0.8356885718767793
25697,LOF,0.12154103178423142,0.03731942401986363,0.841139544195905
25698,LOF,0.024483216124439742,0.29333014055848977,0.6821866433170705
25699,LOF,0.09600459073822391,0.09806206437467464,0.8059333448871016
25700,LOF,0.034601626961752424,0.017884857288778717,0.9475135157494688
25701,LOF,0.0174577321846391,0.10260873086124238,0.8799335369541185
25702,GOF,0.024066966353080987,0.7208311789646541,0.2551018546822648
25703,LOF,0.01612793385268607,0.2249458393431575,0.7589262268041564
25704,LOF,0.09542327403207615,0.19124442662222907,0.7133322993456948
25705,LOF,0.0867023860913294,0.3050898424064274,0.6082077715022433
25706,GOF,0.022314813853007875,0.6496719537527644,0.32801323239422764
25707,GOF,0.027192068954442747,0.6124803736857023,0.36032755735985494
25708,GOF,0.009354158228343686,0.5928962067744026,0.39774963499725385
25709,LOF,0.02682969221644165,0.09630708960734616,0.8768632181762122
25710,LOF,0.00576128114243721,0.24571321903513746,0.7485254998224253
25711,LOF,0.03151995896517163,0.14815371306770272,0.8203263279671257
25712,LOF,0.007530931813883596,0.32973619987469527,0.6627328683114212
25713,LOF,0.024798386381544024,0.1350027691448295,0.8401988444736265
25714,LOF,0.02945125501920123,0.17813756275004097,0.7924111822307579
25715,LOF,0.033764686675533714,0.14750481237808072,0.8187305009463854
25716,LOF,0.008860156014568563,0.18570497097251526,0.8054348730129162
25717,LOF,0.0059328098815374835,0.18873684949454514,0.8053303406239173
25718,LOF,0.02649310155066302,0.11601675218629101,0.8574901462630459
25719,LOF,0.038649556856767596,0.12483391781057256,0.8365165253326597
25720,LOF,0.03824061048690278,0.1272687780101907,0.8344906115029066
25721,LOF,0.030886119466702163,0.11517992050757529,0.8539339600257225
25722,LOF,0.019520987344033847,0.16011240641674718,0.820366606239219
25723,LOF,0.031155288013112802,0.10146363221670714,0.8673810797701801
25724,LOF,0.031058408348737018,0.19989246057247734,0.7690491310787856
25725,LOF,0.03155667800824071,0.09758525493611817,0.8708580670556412
25726,LOF,0.01980156330689427,0.14448519451089747,0.8357132421822082
25727,LOF,0.02647987686623576,0.14871038268754838,0.8248097404462158
25728,LOF,0.02852295415126962,0.12148191309395742,0.8499951327547729
25729,LOF,0.0277976326242693,0.1435797960879861,0.8286225712877445
25730,LOF,0.031234209990835576,0.09963775604693248,0.8691280339622318
25731,LOF,0.011172341844310481,0.22463736385616273,0.7641902942995268
25732,LOF,0.022961246452640673,0.12539293693044887,0.8516458166169104
25733,LOF,0.03804167334866129,0.12317286471142369,0.8387854619399151
25734,LOF,0.007022997754889702,0.3225510270073245,0.6704259752377858
25735,LOF,0.027729319943531564,0.10092722115162843,0.8713434589048399
25736,LOF,0.02564367779470928,0.16874913988451276,0.805607182320778
25737,LOF,0.05902972253733557,0.15671579706751285,0.7842544803951516
25738,LOF,0.02702493283625561,0.1920446835795918,0.7809303835841525
25739,LOF,0.03296038830904343,0.16035907672417077,0.8066805349667858
25740,LOF,0.0351745114664646,0.16626839904051877,0.7985570894930165
25741,LOF,0.041189535546000335,0.14886504134215464,0.8099454231118449
25742,LOF,0.05156674290879286,0.1530048344674527,0.7954284226237543
25743,LOF,0.012303597704161994,0.023172906141213413,0.9645234961546245
25744,LOF,0.23326956803303908,0.25662767954694243,0.5101027524200186
25745,LOF,0.050579620437541044,0.06366307826261514,0.8857573012998439
25746,LOF,0.016777686627933604,0.0917166916526747,0.8915056217193916
25747,LOF,0.03920564917694457,0.023554703833315916,0.9372396469897396
25748,LOF,0.2933062266747058,0.045108280924868495,0.6615854924004257
25749,LOF,0.015876249330743802,0.0504396593399064,0.9336840913293498
25750,LOF,0.022819384359943778,0.05315421926683842,0.9240263963732177
25751,LOF,0.04063017763006965,0.04263933110432523,0.9167304912656052
25752,GOF,0.0708279366040767,0.7237679944848119,0.20540406891111138
25753,LOF,0.006503571048328316,0.4279208403570265,0.5655755885946453
25754,GOF,0.007208737819373564,0.8976808118367603,0.09511045034386609
25755,LOF,0.00613583308724774,0.4684382691615245,0.5254258977512277
25756,LOF,0.025995289238470682,0.4629214144537295,0.5110832963077998
25757,GOF,0.008056326417909253,0.8773637403081607,0.11457993327393015
25758,GOF,0.009284874151751249,0.8758932790756588,0.11482184677258979
25759,GOF,0.0055719418339318354,0.6626492930894329,0.3317787650766353
25760,LOF,0.005615200533882487,0.3751701657191529,0.6192146337469647
25761,GOF,0.045181611636930845,0.8520730462038564,0.10274534215921273
25762,LOF,0.02993091812043882,0.4046422892581867,0.5654267926213745
25763,LOF,0.006501604541463814,0.32155606588912305,0.6719423295694131
25764,GOF,0.05306325113446821,0.6413766569465411,0.3055600919189908
25765,GOF,0.008366206498522188,0.8861859028162279,0.1054478906852501
25766,GOF,0.04822368476941856,0.8179942764133973,0.13378203881718417
25767,GOF,0.020428736670026305,0.5036217292295931,0.47594953410038066
25768,LOF,0.05546105448245811,0.0480026256962157,0.8965363198213262
25769,LOF,0.035065933631612034,0.08509055011040788,0.8798435162579801
25770,LOF,0.2061505389076486,0.07761616373294834,0.7162332973594031
25771,LOF,0.018072502067223658,0.06564944706996129,0.9162780508628151
25772,LOF,0.03526993103051435,0.027183050904497692,0.9375470180649879
25773,LOF,0.01867318965350852,0.0728049528296452,0.9085218575168463
25774,LOF,0.03012696756153465,0.10951820880060104,0.8603548236378643
25775,LOF,0.021874012504001214,0.03801761946500928,0.9401083680309894
25776,LOF,0.03260183188023772,0.021724394421628074,0.9456737736981342
25777,LOF,0.3006804935481166,0.06973031675830817,0.6295891896935752
25778,LOF,0.027576414701304446,0.04662832382014449,0.9257952614785511
25779,GOF,0.08115612945996682,0.8375762770764205,0.08126759346361273
25780,GOF,0.09673717559163958,0.8395916146793317,0.06367120972902865
25781,GOF,0.04300631100534332,0.8220412621748896,0.13495242681976705
25782,GOF,0.04730082058968435,0.8784309812545495,0.07426819815576621
25783,GOF,0.042396152308816534,0.8987712688101528,0.0588325788810306
25784,GOF,0.11960397975224536,0.8279450466728363,0.05245097357491831
25785,GOF,0.1290337699396367,0.8268775609586826,0.04408866910168071
25786,GOF,0.013226831185495454,0.8491588298014168,0.13761433901308784
25787,GOF,0.2985300435095204,0.6523059746393498,0.04916398185112983
25788,LOF,0.018950072257124025,0.14350407443636326,0.8375458533065127
25789,GOF,0.02433521754806931,0.829904319767956,0.14576046268397486
25790,GOF,0.03658256948317142,0.8494096254710833,0.11400780504574508
25791,GOF,0.03433429090240044,0.6963332637705085,0.26933244532709105
25792,GOF,0.040791648756458125,0.7439415279142424,0.21526682332929942
25793,GOF,0.05707688975898211,0.7876449553787482,0.15527815486226976
25794,GOF,0.0645953672288157,0.701001598963296,0.23440303380788843
25795,GOF,0.06719289952509076,0.6876550157488757,0.24515208472603367
25796,GOF,0.15628338960447713,0.7466957725224959,0.09702083787302697
25797,GOF,0.12891645627073411,0.6777863249626115,0.1932972187666545
25798,GOF,0.008342137666860837,0.7133341386832499,0.2783237236498892
25799,GOF,0.004706648183369815,0.6026502942260964,0.3926430575905337
25800,GOF,0.03279512271020561,0.7769948637618755,0.19021001352791883
25801,GOF,0.02771291673274743,0.8727384525647768,0.09954863070247588
25802,GOF,0.03609086580672047,0.7365535944209034,0.2273555397723761
25803,GOF,0.02751628612252088,0.6623429756640127,0.31014073821346655
25804,GOF,0.04310468955326024,0.7268539799616202,0.23004133048511963
25805,GOF,0.04095658658965131,0.7423049220189329,0.21673849139141566
25806,GOF,0.054442603832326915,0.7651524698248691,0.18040492634280406
25807,GOF,0.016600751900617352,0.6968565405676774,0.28654270753170524
25808,GOF,0.03194407313059246,0.741037609918899,0.22701831695050853
25809,GOF,0.015339481523576717,0.6690665242414864,0.3155939942349369
25810,GOF,0.013485822153710055,0.6566281744920129,0.3298860033542771
25811,GOF,0.07610832786606903,0.8395154409956379,0.084376231138293
25812,GOF,0.032703221556504444,0.7295557020441522,0.23774107639934344
25813,GOF,0.18591797617244932,0.7268999785067558,0.08718204532079482
25814,GOF,0.03768745959627909,0.7486644167923485,0.21364812361137253
25815,GOF,0.0713158837908269,0.8058783155741431,0.12280580063502994
25816,GOF,0.011274866263112821,0.8411644344970716,0.14756069923981555
25817,GOF,0.13705868180863442,0.7584839142782203,0.10445740391314519
25818,GOF,0.037307996155951255,0.7248722700823719,0.23781973376167698
25819,GOF,0.062192998635064604,0.7195505075202009,0.21825649384473447
25820,GOF,0.06236876127996008,0.6785882155368939,0.2590430231831462
25821,GOF,0.04312657360111389,0.7282659709826909,0.22860745541619532
25822,GOF,0.075846090080674,0.6894825513272016,0.23467135859212446
25823,GOF,0.036562828225131815,0.6189038434506703,0.3445333283241978
25824,GOF,0.03856687644433846,0.7050747913319168,0.2563583322237448
25825,GOF,0.031114215891649772,0.6829168852658086,0.28596889884254156
25826,GOF,0.015061887371194268,0.6360205844200352,0.34891752820877064
25827,GOF,0.018151984865601625,0.6376368040156613,0.3442112111187371
25828,GOF,0.013620000344410433,0.6707847433121477,0.31559525634344193
25829,GOF,0.004852545366533046,0.5908282200400136,0.4043192345934533
25830,LOF,0.0437188763369759,0.46723030063739035,0.48905082302563374
25831,GOF,0.07537385051826813,0.7683689023391319,0.15625724714259998
25832,GOF,0.012985263615229344,0.6735074925574517,0.313507243827319
25833,GOF,0.04728631614906234,0.744988013210288,0.20772567064064967
25834,GOF,0.013362721553515611,0.6781753320944757,0.30846194635200874
25835,GOF,0.03145037622269645,0.7565459102835285,0.212003713493775
25836,GOF,0.008358774925788976,0.6582084079265855,0.33343281714762557
25837,GOF,0.011615638813068098,0.6768747669819234,0.3115095942050085
25838,GOF,0.030229784561398246,0.7690501816234625,0.20072003381513925
25839,GOF,0.09377315481751837,0.7309224556292574,0.17530438955322417
25840,GOF,0.12919880273364404,0.7050036067975258,0.16579759046883014
25841,GOF,0.12409147921095257,0.7480419370758394,0.12786658371320794
25842,GOF,0.03824540681542913,0.8247574265959319,0.13699716658863906
25843,GOF,0.03686698510196952,0.8368787262584787,0.1262542886395517
25844,GOF,0.027352286369394237,0.7494468305087861,0.22320088312181968
25845,GOF,0.007995753851484122,0.636056282936976,0.35594796321153993
25846,GOF,0.08716302623780932,0.7956196664324725,0.11721730732971829
25847,GOF,0.01891832301752349,0.8210679026339507,0.16001377434852568
25848,GOF,0.030229539595677406,0.7873428723126383,0.18242758809168427
25849,GOF,0.00895552402997485,0.7442352696555516,0.2468092063144734
25850,GOF,0.008812319356616019,0.6599228478411655,0.3312648328022186
25851,GOF,0.008181423182579828,0.6048054776750926,0.38701309914232757
25852,GOF,0.17423422570498087,0.5232429142445666,0.30252286005045254
25853,GOF,0.07484172442859424,0.7617655578169353,0.1633927177544704
25854,GOF,0.007586721646068689,0.639471903520847,0.3529413748330842
25855,GOF,0.02658513440378367,0.6265977468913154,0.346817118704901
25856,GOF,0.05302814928731437,0.6943709877550974,0.25260086295758827
25857,GOF,0.0260907463098286,0.6152638873842612,0.35864536630591015
25858,GOF,0.011088917496734404,0.5646802162169219,0.4242308662863436
25859,GOF,0.007847317667743232,0.5334974839529149,0.4586551983793419
25860,GOF,0.10223226074627498,0.7108071655515003,0.18696057370222466
25861,GOF,0.11974018487456514,0.730353204567189,0.14990661055824595
25862,GOF,0.02645860585654454,0.8448135429796559,0.12872785116379953
25863,GOF,0.02508419115484306,0.8340763704254508,0.14083943841970606
25864,GOF,0.07006610560702975,0.8414170966534795,0.08851679773949069
25865,GOF,0.061625221492244045,0.8031385112769999,0.13523626723075616
25866,GOF,0.02834006909715035,0.8034113283259803,0.16824860257686935
25867,GOF,0.050731081493913505,0.8114501408150137,0.13781877769107292
25868,GOF,0.07904045416315707,0.7243677968629127,0.19659174897393025
25869,GOF,0.43248013318338047,0.4497744677664045,0.11774539905021494
25870,GOF,0.0779147959052428,0.4756682918201207,0.4464169122746366
25871,GOF,0.010393706811645644,0.7506624954452357,0.23894379774311866
25872,GOF,0.026940612514561882,0.7688980589646867,0.20416132852075144
25873,GOF,0.02499671114959884,0.8455813717644578,0.12942191708594336
25874,LOF,0.019749985208676362,0.16703237661031367,0.81321763818101
25875,LOF,0.022964811647799805,0.11280418537895258,0.8642310029732475
25876,LOF,0.019385391576340824,0.06807101197138125,0.912543596452278
25877,LOF,0.08837567818347655,0.21375377450737243,0.697870547309151
25878,LOF,0.06660819231686109,0.263453521340854,0.669938286342285
25879,LOF,0.010662997869711864,0.1970800461564718,0.7922569559738164
25880,LOF,0.07010070771061161,0.021346542774634037,0.9085527495147544
25881,Neutral,0.5503408040658313,0.09363589553355312,0.3560233004006156
25882,LOF,0.06777131348876256,0.024888172152891814,0.9073405143583456
25883,LOF,0.03144514824831873,0.02580504941726485,0.9427498023344165
25884,LOF,0.019109658126373785,0.03742456318474893,0.9434657786888772
25885,LOF,0.1802942446314865,0.01194914558882755,0.807756609779686
25886,LOF,0.2594668385950011,0.04751312284756439,0.6930200385574345
25887,LOF,0.09196801276769151,0.11059124536613574,0.7974407418661728
25888,LOF,0.008837514586276967,0.15700788863996595,0.834154596773757
25889,LOF,0.027315342569253172,0.0329815965120336,0.9397030609187133
25890,LOF,0.2003269384607289,0.06927423742985321,0.7303988241094179
25891,LOF,0.11111715288722274,0.03204178650138124,0.8568410606113961
25892,LOF,0.00881183295707726,0.02814761111566681,0.963040555927256
25893,LOF,0.3151442041780708,0.010028379774531717,0.6748274160473975
25894,LOF,0.33824557824685336,0.006829809225333766,0.6549246125278129
25895,LOF,0.293057423997185,0.013158428738019336,0.6937841472647956
25896,LOF,0.09026020184006614,0.027319883798557165,0.8824199143613767
25897,LOF,0.12939610330030485,0.01153541013269289,0.8590684865670023
25898,LOF,0.12533110954663562,0.028685711375240987,0.8459831790781234
25899,LOF,0.43072174764467164,0.03443218860489716,0.5348460637504313
25900,Neutral,0.668339825667579,0.012466375750793764,0.31919379858162716
25901,LOF,0.11051478880669786,0.012199322577658926,0.8772858886156432
25902,LOF,0.11456571665800815,0.014530667690359832,0.8709036156516321
25903,LOF,0.19954619777624447,0.024709942533539215,0.7757438596902163
25904,Neutral,0.5814285145356336,0.0403065679695459,0.37826491749482044
25905,LOF,0.007280873139205193,0.3951933685937253,0.5975257582670696
25906,LOF,0.009699187676709032,0.0713331922776981,0.9189676200455928
25907,LOF,0.00900580229347345,0.21073011320355783,0.7802640845029688
25908,LOF,0.008892024568064986,0.20771472854950376,0.7833932468824312
25909,LOF,0.033705104000904325,0.08845611887048363,0.877838777128612
25910,LOF,0.013025704045096889,0.15687850045151294,0.8300957955033902
25911,LOF,0.1747025739435218,0.027391046292029368,0.7979063797644489
25912,LOF,0.1153091115163368,0.020501391278954523,0.8641894972047086
25913,LOF,0.019354343628638172,0.03000162527334866,0.9506440310980132
25914,LOF,0.039614199662474966,0.027477717283111314,0.9329080830544136
25915,LOF,0.1379308628576674,0.21015393542606464,0.6519152017162679
25916,LOF,0.01239352083627182,0.10189196617181312,0.8857145129919151
25917,LOF,0.08031857645553213,0.029961719693236785,0.8897197038512311
25918,LOF,0.04055876980001125,0.014972773567203869,0.9444684566327849
25919,LOF,0.03211538400231267,0.01592114329229368,0.9519634727053935
25920,LOF,0.3551197989305055,0.15458146079640503,0.4902987402730895
25921,LOF,0.0198422867094171,0.019658173303075732,0.9604995399875073
25922,LOF,0.017617799880282944,0.021500661219767826,0.9608815388999492
25923,LOF,0.44845695292646115,0.012527858843510903,0.5390151882300279
25924,LOF,0.028711531570466353,0.020748732245732964,0.9505397361838006
25925,LOF,0.1165431807145922,0.027090097135941762,0.856366722149466
25926,LOF,0.09572693692136372,0.0207744836145478,0.8834985794640885
25927,LOF,0.025731817617920472,0.0370351002684016,0.9372330821136781
25928,LOF,0.014466881142314631,0.024985342824494144,0.9605477760331912
25929,Neutral,0.5925375811600432,0.012395459272859642,0.3950669595670972
25930,LOF,0.10353956407037414,0.012254981945868281,0.8842054539837575
25931,LOF,0.016175960249199036,0.017150981417309728,0.9666730583334913
25932,LOF,0.08904304907748714,0.015491262484209813,0.895465688438303
25933,LOF,0.0974239734127421,0.00882672814135451,0.8937492984459035
25934,LOF,0.09983627742642204,0.00750643863177805,0.8926572839418
25935,LOF,0.11924891703835916,0.020573449920572612,0.8601776330410681
25936,LOF,0.11149967373378256,0.008760629367494787,0.8797396968987227
25937,LOF,0.02470825514389911,0.01407913297392443,0.9612126118821765
25938,LOF,0.1188486875501832,0.01819144078359041,0.8629598716662265
25939,LOF,0.07541939544144168,0.012599444173223997,0.9119811603853343
25940,GOF,0.011990620751451544,0.49625545680423533,0.49175392244431326
25941,LOF,0.4715924111149985,0.04216913326364766,0.4862384556213539
25942,LOF,0.011617193936527836,0.05105740479195452,0.9373254012715178
25943,LOF,0.05070523276916704,0.18199645144074733,0.7672983157900856
25944,LOF,0.053728909053127556,0.09834627222029069,0.8479248187265818
25945,LOF,0.17342178493886745,0.028614682625097535,0.797963532436035
25946,LOF,0.0791089954298036,0.03473960496364504,0.8861513996065514
25947,Neutral,0.5027502289722586,0.13486684732184231,0.3623829237058992
25948,LOF,0.39343998462167773,0.01396932730330372,0.5925906880750185
25949,LOF,0.12992518496717467,0.07596643759361178,0.7941083774392135
25950,GOF,0.12206463018576473,0.5590378928410097,0.31889747697322557
25951,LOF,0.01182010437173312,0.4388496533607142,0.5493302422675528
25952,LOF,0.18986509678765437,0.24891420171204665,0.561220701500299
25953,LOF,0.008224098275247574,0.2875424720211894,0.7042334297035631
25954,LOF,0.07821475181790016,0.44325239523642823,0.47853285294567166
25955,LOF,0.01027422451891143,0.23930635531169864,0.75041942016939
25956,LOF,0.010478984887576157,0.34536893025238646,0.6441520848600373
25957,LOF,0.1626797102925985,0.0429047315862513,0.7944155581211502
25958,LOF,0.032267509595427436,0.06259280937378231,0.9051396810307902
25959,GOF,0.00640367836261151,0.7413101614005129,0.2522861602368755
25960,LOF,0.004954387341860295,0.12890103657411484,0.8661445760840248
25961,LOF,0.028483010652228514,0.04839355337488193,0.9231234359728895
25962,LOF,0.03568552863314612,0.09111654077738048,0.8731979305894734
25963,LOF,0.008670426959843346,0.13350620695699333,0.8578233660831632
25964,LOF,0.0424996116141814,0.12377157946264407,0.8337288089231745
25965,LOF,0.19507401750546577,0.15586905566417927,0.649056926830355
25966,LOF,0.30122445695668404,0.10729831970757467,0.5914772233357413
25967,LOF,0.006828891708024057,0.09121493830650661,0.9019561699854692
25968,LOF,0.048300127574080254,0.2751570060379234,0.6765428663879963
25969,LOF,0.1327016932899412,0.06108352774417282,0.8062147789658859
25970,LOF,0.06276658996064294,0.05533612207061267,0.8818972879687443
25971,LOF,0.07084976210924634,0.03054203204907121,0.8986082058416826
25972,LOF,0.07846795128334948,0.056420137434560716,0.8651119112820899
25973,LOF,0.06650457119477314,0.009945530697824216,0.9235498981074026
25974,LOF,0.061756006886868935,0.04819932730187714,0.8900446658112539
25975,LOF,0.03702395662005949,0.015414638004321067,0.9475614053756194
25976,LOF,0.0919557372468006,0.01119008486328313,0.8968541778899163
25977,LOF,0.23608773085824003,0.05056192600316108,0.7133503431385989
25978,LOF,0.15803458080471852,0.15411459530529917,0.6878508238899822
25979,LOF,0.12305418187366578,0.15952620409560414,0.7174196140307302
25980,LOF,0.2013929950032321,0.24367681081306966,0.5549301941836983
25981,LOF,0.20227128584439494,0.246209755920407,0.551518958235198
25982,LOF,0.3631125018684282,0.1211840879745857,0.5157034101569862
25983,Neutral,0.45080193918994205,0.122197753613108,0.4270003071969499
25984,LOF,0.06868846177144919,0.09064669849422845,0.8406648397343224
25985,Neutral,0.4741044500854333,0.12072888878148988,0.4051666611330769
25986,LOF,0.014255181743255773,0.44003605614297137,0.5457087621137728
25987,LOF,0.041808413605508014,0.11350250608995033,0.8446890803045416
25988,LOF,0.06836393654926752,0.1559248879154293,0.7757111755353032
25989,LOF,0.07391896925560684,0.2480529786637127,0.6780280520806805
25990,LOF,0.05793313540026212,0.3774524681369069,0.564614396462831
25991,GOF,0.02484454486393883,0.5190871526450418,0.45606830249101943
25992,LOF,0.01200545593522464,0.416677081549345,0.5713174625154303
25993,LOF,0.01862799563687129,0.059134677862089875,0.9222373265010387
25994,LOF,0.028537257939246406,0.0622011103521499,0.9092616317086037
25995,LOF,0.017418614465664495,0.11810241861497799,0.8644789669193574
25996,GOF,0.31924656326546275,0.39886131128202656,0.2818921254525107
25997,GOF,0.059331162739687804,0.47592167377904826,0.464747163481264
25998,LOF,0.24571678364557434,0.037094617210944564,0.7171885991434811
25999,LOF,0.025949033642791965,0.3285072256519027,0.6455437407053053
26000,LOF,0.13430654858742908,0.014949146913605514,0.8507443044989653
26001,LOF,0.15869556490454526,0.02228243043241008,0.8190220046630448
26002,LOF,0.09359729894370851,0.02415256668989313,0.8822501343663984
26003,GOF,0.007032133792666842,0.5794647138630967,0.4135031523442365
26004,GOF,0.01837767642689573,0.5375424791443353,0.44407984442876897
26005,LOF,0.005478618777665196,0.442101830781659,0.5524195504406758
26006,GOF,0.12352355775208487,0.4705447304903107,0.40593171175760434
26007,LOF,0.012656398072191436,0.48093435102447585,0.5064092509033327
26008,GOF,0.007561365802156509,0.558290557668017,0.43414807652982634
26009,GOF,0.012098285014693436,0.589326224070141,0.39857549091516564
26010,GOF,0.009905212871486442,0.5351961628040025,0.454898624324511
26011,LOF,0.005634605003506597,0.37469521403254213,0.6196701809639513
26012,LOF,0.0057551929700295395,0.4954343821448836,0.49881042488508687
26013,GOF,0.012286965608211655,0.520729043806409,0.4669839905853793
26014,LOF,0.04144982050629424,0.08038924822239996,0.8781609312713058
26015,LOF,0.4245979091383642,0.026223023489176534,0.5491790673724594
26016,LOF,0.27759150855805825,0.028149064227926582,0.6942594272140152
26017,LOF,0.01724784488357357,0.13214165899406924,0.8506104961223572
26018,LOF,0.032696738730252785,0.05737309453638798,0.9099301667333592
26019,LOF,0.03197955150017799,0.05266730992289003,0.9153531385769319
26020,LOF,0.006239810118977861,0.12463252912444565,0.8691276607565764
26021,LOF,0.07149611136577076,0.05675534432979405,0.8717485443044352
26022,LOF,0.039358307283054415,0.024705035483636416,0.9359366572333092
26023,LOF,0.024218678552742942,0.03727958645680195,0.9385017349904552
26024,LOF,0.04785289696794244,0.04391930348413668,0.908227799547921
26025,LOF,0.1279483822840904,0.044238657325397196,0.8278129603905124
26026,LOF,0.11959568431636534,0.03436585812420155,0.8460384575594331
26027,LOF,0.03268257590078291,0.024543197617415854,0.9427742264818012
26028,LOF,0.06201703181663364,0.16337315017633688,0.7746098180070295
26029,LOF,0.026645613313326388,0.19740617734999863,0.7759482093366751
26030,LOF,0.10571782431240112,0.02615176863818909,0.8681304070494098
26031,LOF,0.012073677584629516,0.17691326284032433,0.8110130595750461
26032,LOF,0.03453804384522893,0.05285438728545786,0.9126075688693132
26033,LOF,0.034968804915280226,0.049040725167901984,0.9159904699168179
26034,LOF,0.017355428541783142,0.1167481892811156,0.8658963821771013
26035,LOF,0.010846458001372562,0.12488746964910845,0.8642660723495189
26036,LOF,0.010294965032962804,0.09850646827063703,0.8911985666964001
26037,LOF,0.00972142792400352,0.1145077228806876,0.8757708491953089
26038,LOF,0.02947758325059405,0.044764249918005976,0.9257581668314
26039,LOF,0.028306962764458144,0.15543724878186618,0.8162557884536756
26040,LOF,0.08032427358816602,0.14305667415041093,0.776619052261423
26041,LOF,0.01207560453418836,0.10925140263617948,0.8786729928296323
26042,LOF,0.011255864040477433,0.11366146829873902,0.8750826676607837
26043,LOF,0.029729059888647547,0.07552057874862439,0.894750361362728
26044,LOF,0.006605153909681199,0.05489569839958386,0.938499147690735
26045,LOF,0.08104205000063633,0.21748045349204279,0.7014774965073208
26046,LOF,0.026836543421205904,0.0486064605823886,0.9245569959964054
26047,LOF,0.06096281011111177,0.05109758437841425,0.8879396055104739
26048,LOF,0.07820160127379243,0.023021812277680024,0.8987765864485275
26049,Neutral,0.9461818000589299,0.006841483942972295,0.0469767159980979
26050,Neutral,0.9111026468638763,0.007659096151433134,0.08123825698469067
26051,LOF,0.02695786680430426,0.2731477421619666,0.6998943910337292
26052,LOF,0.028905907505033673,0.21681870928377303,0.7542753832111934
26053,LOF,0.016007805918889492,0.20683760637803536,0.7771545877030751
26054,LOF,0.05992051972729038,0.04512872516907886,0.8949507551036306
26055,LOF,0.08615807566940134,0.04606455503944609,0.8677773692911526
26056,LOF,0.06941602056793468,0.0590444992473679,0.8715394801846974
26057,LOF,0.06324537866991561,0.028597765080771803,0.9081568562493126
26058,LOF,0.06962458918833853,0.022418533859280058,0.9079568769523814
26059,LOF,0.21981691509562135,0.06499130744516607,0.7151917774592126
26060,LOF,0.015882704957470312,0.21921892503908302,0.7648983700034467
26061,LOF,0.010624714939011726,0.01783947197525426,0.971535813085734
26062,LOF,0.0057103105531836435,0.02462996968119615,0.9696597197656203
26063,LOF,0.047149578707547414,0.017721878573312557,0.9351285427191401
26064,LOF,0.014483725093889772,0.024731901642971236,0.960784373263139
26065,LOF,0.05918090264789552,0.025855707139033655,0.9149633902130709
26066,LOF,0.046411953215667684,0.019155825757274807,0.9344322210270576
26067,LOF,0.05509521112114803,0.017005739216204782,0.9278990496626472
26068,LOF,0.057556852462014585,0.03856942713751738,0.9038737204004681
26069,LOF,0.18332990344670413,0.041126962308323946,0.775543134244972
26070,LOF,0.3903958903452391,0.024065275588027492,0.5855388340667336
26071,LOF,0.04843313838719953,0.019177740894291407,0.932389120718509
26072,LOF,0.006949368591350818,0.032311212451553155,0.960739418957096
26073,LOF,0.043236926365515585,0.02337568325156545,0.933387390382919
26074,Neutral,0.6897295537798824,0.016285885257328006,0.2939845609627897
26075,LOF,0.04756277007903861,0.031596235652805324,0.9208409942681561
26076,LOF,0.04675628876145867,0.01789318137575677,0.9353505298627846
26077,LOF,0.1628879939896245,0.013017329324304798,0.8240946766860707
26078,LOF,0.0068034157667850766,0.029249747429898342,0.9639468368033167
26079,LOF,0.0634397491685646,0.030520721542773525,0.9060395292886618
26080,LOF,0.0616592737543663,0.030804619770489098,0.9075361064751446
26081,LOF,0.0412224379628241,0.01574869090416519,0.9430288711330106
26082,LOF,0.006558913909799674,0.02941017488442243,0.9640309112057778
26083,LOF,0.10741320863382507,0.03201652200189342,0.8605702693642815
26084,LOF,0.12492137221004726,0.028429916369434195,0.8466487114205185
26085,LOF,0.11558348381415393,0.022093306310177092,0.8623232098756689
26086,LOF,0.04405613051195265,0.021905183703588054,0.9340386857844594
26087,LOF,0.04380792599646392,0.02015725626678449,0.9360348177367515
26088,LOF,0.006980526939589076,0.04744067729276686,0.9455787957676441
26089,LOF,0.04349289276253923,0.051459909054253246,0.9050471981832076
26090,LOF,0.04409646230178902,0.03911912348549963,0.9167844142127113
26091,LOF,0.0320691426947302,0.015704353597831816,0.9522265037074379
26092,LOF,0.04539306813703236,0.016116605751235902,0.9384903261117318
26093,LOF,0.06090351135689654,0.011226418456173354,0.9278700701869301
26094,LOF,0.037852756352056385,0.01288070283569083,0.9492665408122528
26095,LOF,0.011398130085263235,0.03569387846687049,0.9529079914478662
26096,LOF,0.22732678372748868,0.007465173351915245,0.7652080429205961
26097,LOF,0.0064659177959217,0.05693121225158773,0.9366028699524906
26098,LOF,0.05377889310877077,0.028000252986663886,0.9182208539045653
26099,LOF,0.044686027637323704,0.033966213087856405,0.9213477592748198
26100,LOF,0.044686027637323704,0.033966213087856405,0.9213477592748198
26101,LOF,0.04867469138598777,0.050503041725765335,0.9008222668882468
26102,LOF,0.03816096458043951,0.027309501334444364,0.9345295340851162
26103,Neutral,0.896965530616356,0.03612866123158299,0.06690580815206104
26104,LOF,0.05948248694097268,0.05277123145238543,0.8877462816066419
26105,LOF,0.23769816789762063,0.11403255330322287,0.6482692787991564
26106,LOF,0.2612813277470581,0.045157421712704045,0.6935612505402379
26107,LOF,0.017113677398302093,0.05918962222757988,0.9236967003741181
26108,LOF,0.15313432707127678,0.052746406095994805,0.7941192668327285
26109,LOF,0.055903312928815604,0.05173453406032208,0.8923621530108623
26110,LOF,0.43267453923726307,0.011263674963435596,0.5560617857993013
26111,LOF,0.05217744266902472,0.061568622069053426,0.886253935261922
26112,LOF,0.061227865042212115,0.010426999031180136,0.9283451359266078
26113,LOF,0.11400029616875805,0.02770346808961877,0.8582962357416232
26114,LOF,0.09104779843527469,0.008279312776764644,0.9006728887879607
26115,LOF,0.017058035774617425,0.06833753398184596,0.9146044302435365
26116,LOF,0.07515394078810476,0.02329256324884353,0.9015534959630517
26117,LOF,0.3720966532342522,0.03557718026811684,0.592326166497631
26118,LOF,0.038493912040078654,0.015962271206052085,0.9455438167538692
26119,LOF,0.006463261407916456,0.07700025104112845,0.9165364875509551
26120,LOF,0.03394865244350903,0.014960456484570889,0.95109089107192
26121,LOF,0.004660987257355877,0.10590182412787968,0.8894371886147645
26122,LOF,0.00517944218256743,0.08595282824634742,0.9088677295710851
