feature0,prediction,LoGoFunc_Neutral,LoGoFunc_GOF,LoGoFunc_LOF
25546,Neutral,0.6608918624323359,0.06856857618721841,0.27053956138044577
25547,LOF,0.3239735633768772,0.2808351282512896,0.3951913083718332
25548,LOF,0.2812106908116185,0.15941672944315882,0.5593725797452227
25549,LOF,0.19326569539697064,0.19307537746198117,0.6136589271410482
25550,Neutral,0.6109892247047398,0.07113498104846432,0.3178757942467959
25551,Neutral,0.47548141649262765,0.06476402174195281,0.4597545617654196
25552,LOF,0.09126117479830766,0.15013806354010553,0.7586007616615869
25553,Neutral,0.4702469577372071,0.06864995099137144,0.4611030912714213
25554,LOF,0.12858918654082516,0.2386786750083434,0.6327321384508314
25555,LOF,0.09140291919774415,0.13425574474046734,0.7743413360617885
25556,LOF,0.1519071921610091,0.18194897192890527,0.6661438359100856
25557,LOF,0.0799940347584557,0.14065319562942047,0.779352769612124
25558,LOF,0.1529543871621401,0.1788774075079068,0.6681682053299531
25559,Neutral,0.520604045590874,0.13885047413650678,0.34054548027261927
25560,LOF,0.05371217648533278,0.2255235475078353,0.7207642760068319
25561,LOF,0.08998974949907457,0.2592266989414373,0.6507835515594882
25562,LOF,0.2936311315328652,0.07745261749944407,0.6289162509676908
25563,Neutral,0.576845060240997,0.06163014132471772,0.36152479843428514
25564,LOF,0.04630362265217939,0.29656282485666374,0.6571335524911569
25565,LOF,0.13237316368644966,0.2730466644143292,0.5945801718992212
25566,GOF,0.03491101218626187,0.6149584736360667,0.3501305141776714
25567,LOF,0.3194207276398399,0.08357295914148083,0.5970063132186794
25568,Neutral,0.7018133339499193,0.07344632728344161,0.22474033876663901
25569,Neutral,0.6827081575916094,0.053192429318124006,0.2640994130902666
25570,LOF,0.07146787440585088,0.28581595198589443,0.6427161736082546
25571,LOF,0.07513991986392159,0.25966431619056274,0.6651957639455157
25572,Neutral,0.43183984587829116,0.21493953974969396,0.3532206143720148
25573,LOF,0.40726810645637984,0.09049209002193227,0.502239803521688
25574,GOF,0.09310171890622346,0.4851297104846661,0.42176857060911055
25575,LOF,0.09702070623617698,0.08077393695340712,0.822205356810416
25576,LOF,0.30762419901240046,0.051138163243768686,0.6412376377438309
25577,Neutral,0.4575610432952783,0.09981339521913508,0.44262556148558657
25578,Neutral,0.4424946729172192,0.19885933492686458,0.35864599215591625
25579,Neutral,0.4424946729172192,0.19885933492686458,0.35864599215591625
25580,LOF,0.04466019246626079,0.1124858256565379,0.8428539818772014
25581,Neutral,0.7101799282485017,0.05560520902589278,0.23421486272560554
25582,Neutral,0.7101799282485017,0.05560520902589278,0.23421486272560554
25583,LOF,0.061200406956107296,0.10229718439734062,0.8365024086465521
25584,LOF,0.3511578397381621,0.2875718702025812,0.36127029005925676
25585,LOF,0.2895273315439328,0.06265514693400956,0.6478175215220576
25586,LOF,0.06426611954582309,0.1404955500411041,0.7952383304130729
25587,LOF,0.05356017455079019,0.1349803101461192,0.8114595153030906
25588,LOF,0.05563990508972774,0.17020774410567038,0.7741523508046019
25589,Neutral,0.6865873638813285,0.15311640244523586,0.16029623367343585
25590,LOF,0.26319600252289993,0.19727563389856412,0.5395283635785361
25591,Neutral,0.6821744980450895,0.07690463743470148,0.24092086452020914
25592,LOF,0.050665202249240246,0.10734444848231814,0.8419903492684416
25593,GOF,0.03309628971645676,0.7092369865940229,0.2576667236895203
25594,Neutral,0.7111931642540706,0.045689355695936865,0.2431174800499924
25595,Neutral,0.6875403520135808,0.059232685050739566,0.2532269629356798
25596,Neutral,0.5712792799783305,0.08410755143081271,0.3446131685908567
25597,Neutral,0.4810463363455539,0.04975022071121338,0.46920344294323285
25598,Neutral,0.7457452164059722,0.04605293396545021,0.20820184962857738
25599,GOF,0.07047017775835314,0.6539349206344994,0.27559490160714745
25600,GOF,0.04387625392100788,0.5407636449342305,0.4153601011447617
25601,GOF,0.030145309366992834,0.5091578924473741,0.460696798185633
25602,LOF,0.4145301939873789,0.06593627642494448,0.5195335295876766
25603,LOF,0.07694961955930357,0.16596767895957323,0.7570827014811232
25604,Neutral,0.45134526121430735,0.12596366816016075,0.42269107062553185
25605,LOF,0.019842216160606253,0.31173862502427035,0.6684191588151234
25606,LOF,0.025838967883507428,0.364204966693549,0.6099560654229436
25607,LOF,0.0331545782731887,0.24313258868462057,0.7237128330421908
25608,LOF,0.28723514031960656,0.21187900405531518,0.5008858556250783
25609,LOF,0.150949352762194,0.2089023230335421,0.6401483242042638
25610,LOF,0.07354465571013066,0.1113897721148713,0.815065572174998
25611,LOF,0.05492868229719442,0.1438547660422931,0.8012165516605124
25612,Neutral,0.6581203487769456,0.06715237150256047,0.27472727972049393
25613,Neutral,0.6245002760000884,0.06554529813429902,0.30995442586561267
25614,LOF,0.06978929554269829,0.12952122802684052,0.8006894764304612
25615,LOF,0.36508659213829336,0.10659986484428077,0.5283135430174258
25616,LOF,0.04953502209036335,0.36955912833309623,0.5809058495765405
25617,LOF,0.061192021945875585,0.09184375092331669,0.8469642271308077
25618,LOF,0.05225488917398937,0.35257335081449526,0.5951717600115154
25619,LOF,0.05809496941512614,0.18135747922772058,0.7605475513571534
25620,LOF,0.055294900066469165,0.14824442232515297,0.7964606776083779
25621,LOF,0.43147219558392474,0.043489934042322355,0.5250378703737529
25622,LOF,0.38198595110544487,0.0985064431391685,0.5195076057553867
25623,Neutral,0.4987294302820536,0.10936294867806033,0.3919076210398862
25624,LOF,0.04876352483607116,0.20621000354035318,0.7450264716235756
25625,LOF,0.3969476951810384,0.056789692203177554,0.546262612615784
25626,Neutral,0.6514332051126952,0.05784274203201223,0.2907240528552927
25627,GOF,0.025247558538131095,0.5428098286802551,0.43194261278161383
25628,LOF,0.27886544669338054,0.18021444742548215,0.5409201058811373
25629,Neutral,0.6912511379304066,0.05921593049500127,0.2495329315745921
25630,LOF,0.0502376108127714,0.2457116799528924,0.7040507092343362
25631,Neutral,0.46574693831739533,0.2541822901086531,0.28007077157395155
25632,LOF,0.38375607374180426,0.038192395210100656,0.578051531048095
25633,GOF,0.264543853075224,0.36946783941061623,0.3659883075141597
25634,Neutral,0.6971099732327616,0.07498809785930403,0.22790192890793445
25635,LOF,0.05668035126197327,0.08098228940625178,0.8623373593317749
25636,GOF,0.07216839526113844,0.7059236706677738,0.22190793407108766
25637,LOF,0.0510675118844535,0.2982896232747597,0.6506428648407869
25638,GOF,0.02472785868361845,0.6881992238389273,0.2870729174774542
25639,LOF,0.057968536309758165,0.3063644091169817,0.6356670545732601
25640,GOF,0.14465680368526806,0.7608745014784343,0.09446869483629775
25641,GOF,0.051963218442307835,0.5310993940614503,0.4169373874962418
25642,Neutral,0.6097866933143113,0.157177243188258,0.23303606349743075
25643,LOF,0.3906037801348693,0.04243829785521278,0.5669579220099179
25644,GOF,0.05070824562617667,0.6003072524383523,0.3489845019354711
25645,GOF,0.02315572828578647,0.6207878065109531,0.35605646520326056
25646,LOF,0.035616647552084456,0.4074185097313459,0.5569648427165697
25647,GOF,0.058783282837399045,0.5670056501507639,0.37421106701183704
25648,GOF,0.042856231621965654,0.7789972425424522,0.1781465258355821
25649,GOF,0.03069419354795971,0.6591738915865789,0.31013191486546143
25650,GOF,0.0664880501021584,0.6110790064440835,0.32243294345375806
25651,GOF,0.02193501282393029,0.604749741854689,0.37331524532138066
25652,LOF,0.07950716215461101,0.18647850496026652,0.7340143328851224
25653,LOF,0.09078390469750938,0.446703867904559,0.46251222739793146
25654,GOF,0.08538472162023464,0.6200924572791784,0.29452282110058703
25655,GOF,0.05918533631529716,0.7162481138252138,0.22456654985948904
25656,LOF,0.03525554219903961,0.3250286795857006,0.6397157782152598
25657,Neutral,0.6493704621573101,0.029389569326149785,0.32123996851654
25658,LOF,0.04110551736171566,0.4458733933577276,0.5130210892805567
25659,LOF,0.16725177931277294,0.16036275141762274,0.6723854692696043
25660,LOF,0.09846511757745102,0.2160836466031606,0.6854512358193885
25661,LOF,0.08586300174964774,0.09183248232850473,0.8223045159218475
25662,LOF,0.05339042799710194,0.11956120255432534,0.8270483694485727
25663,LOF,0.07544768622067106,0.09652035510020587,0.828031958679123
25664,LOF,0.2446067574299318,0.1695269899020181,0.5858662526680501
25665,Neutral,0.6137311369318442,0.07928686670102744,0.3069819963671283
25666,LOF,0.32713639663400423,0.06862027593786213,0.6042433274281337
25667,LOF,0.04669513656326258,0.08221289496967943,0.871091968467058
25668,LOF,0.049236282740676915,0.09106932164308394,0.8596943956162391
25669,LOF,0.050498049890679964,0.15662885606538576,0.7928730940439344
25670,LOF,0.41407098836911976,0.07872499057721154,0.5072040210536687
25671,LOF,0.06239337950951623,0.1692698549891504,0.7683367655013333
25672,Neutral,0.6279610934368769,0.07978205973906283,0.29225684682406045
25673,LOF,0.25664202678213405,0.13662698971275164,0.6067309835051143
25674,LOF,0.40553604454253783,0.11431606385073236,0.48014789160672977
25675,LOF,0.4072798024429753,0.10828685298873648,0.48443334456828835
25676,LOF,0.05266324912439052,0.11728376666456249,0.830052984211047
25677,LOF,0.07149083923100487,0.1261832549568249,0.8023259058121702
25678,Neutral,0.5377425487401023,0.11509029248470744,0.3471671587751902
25679,Neutral,0.623080510070591,0.09263596082837461,0.2842835291010345
25680,LOF,0.11144001235406106,0.1288907842465922,0.7596692033993467
25681,LOF,0.11961834209067322,0.12967244867278244,0.7507092092365444
25682,LOF,0.07591268627928169,0.15149115940522392,0.7725961543154943
25683,LOF,0.43713620880903337,0.0972904725196914,0.46557331867127516
25684,LOF,0.11598051817319154,0.2688257056581976,0.6151937761686109
25685,Neutral,0.4499421061240294,0.15067555724694937,0.39938233662902123
25686,LOF,0.07600660858860418,0.350838973126917,0.5731544182844788
25687,LOF,0.11949075405256013,0.35969967759117866,0.5208095683562612
25688,LOF,0.02587609742258885,0.4100085501536219,0.5641153524237892
25689,LOF,0.028314732651041657,0.35676510550905044,0.6149201618399079
25690,GOF,0.012896649407427938,0.5625579529443656,0.4245453976482065
25691,GOF,0.041016488276303505,0.48884807134357117,0.4701354403801252
25692,Neutral,0.5364124703334197,0.07739014249785103,0.38619738716872937
25693,GOF,0.10362398643764845,0.6682490760642066,0.22812693749814497
25694,LOF,0.40622713147864753,0.028350064955425972,0.5654228035659264
25695,LOF,0.2072728178748662,0.08657928409498676,0.7061478980301471
25696,Neutral,0.4686952181045615,0.07907434542337012,0.4522304364720683
25697,Neutral,0.5016717701636824,0.15696632219059195,0.34136190764572555
25698,GOF,0.04598520873141526,0.7540954252024687,0.1999193660661159
25699,GOF,0.051076262680216145,0.6927162607691106,0.25620747655067316
25700,LOF,0.06058218444253907,0.10411429568275408,0.835303519874707
25701,GOF,0.0387471133618681,0.4941671170740035,0.46708576956412845
25702,GOF,0.1205330815663438,0.7312908733838251,0.14817604504983112
25703,LOF,0.45594347238714067,0.0520808840185155,0.4919756435943437
25704,LOF,0.06075189833599103,0.15289501998704125,0.7863530816769677
25705,LOF,0.12339603306551382,0.16511880199924353,0.7114851649352427
25706,GOF,0.039391055031975486,0.6982042469023783,0.2624046980656462
25707,LOF,0.025517473965691994,0.4020544732291438,0.5724280528051642
25708,LOF,0.03112716393603511,0.475849752468619,0.4930230835953458
25709,LOF,0.059555284652425655,0.1323233464057904,0.808121368941784
25710,Neutral,0.4202070891910612,0.20131537264987467,0.3784775381590642
25711,LOF,0.05598614860287351,0.23699214454688247,0.707021706850244
25712,Neutral,0.6138891462355525,0.08555412370027864,0.30055673006416894
25713,LOF,0.06465686383452456,0.17772435021730637,0.7576187859481691
25714,GOF,0.052043628005864075,0.5139425678093588,0.43401380418477714
25715,LOF,0.04208788519442902,0.35175422522780775,0.6061578895777633
25716,LOF,0.39519685895961243,0.07756325497361787,0.5272398860667696
25717,Neutral,0.5012255453382144,0.19766942128722143,0.30110503337456423
25718,LOF,0.05111710488150817,0.14650552727640198,0.8023773678420898
25719,LOF,0.0640959446540941,0.1837754076996194,0.7521286476462865
25720,LOF,0.05779402653405467,0.17752605129576862,0.7646799221701768
25721,LOF,0.04217024004636672,0.12035024207223556,0.8374795178813979
25722,LOF,0.06662063116916116,0.13209888794786256,0.8012804808829762
25723,LOF,0.05762160094458803,0.2905576895096412,0.6518207095457708
25724,LOF,0.05878434232360864,0.29486645122995075,0.6463492064464406
25725,LOF,0.08902541412658133,0.15381599739825025,0.7571585884751684
25726,LOF,0.052153196459691666,0.21803421094212488,0.7298125925981833
25727,LOF,0.06076877515195073,0.10364017255850921,0.8355910522895401
25728,LOF,0.0414530381068545,0.20671109940704355,0.7518358624861019
25729,LOF,0.04438215427453245,0.20597424344437057,0.749643602281097
25730,LOF,0.040294056729675155,0.24394891128139407,0.7157570319889308
25731,LOF,0.29971100968470155,0.06833139430313971,0.6319575960121587
25732,LOF,0.07117608263179297,0.09669702850778347,0.8321268888604236
25733,LOF,0.03926152305100546,0.4063931789557368,0.5543452979932577
25734,LOF,0.34875175669352254,0.08147227111326377,0.5697759721932137
25735,LOF,0.04380425664337924,0.1335201855362016,0.8226755578204192
25736,LOF,0.04789075930807848,0.21603055872671595,0.7360786819652055
25737,LOF,0.06581509390357693,0.21436470943316718,0.7198201966632559
25738,LOF,0.057669985288691786,0.22449998025759982,0.7178300344537083
25739,LOF,0.06025199889157405,0.19356588330503988,0.746182117803386
25740,LOF,0.08218279614606518,0.18168749145421986,0.7361297123997149
25741,LOF,0.09244803515659808,0.13415219114553315,0.7733997736978688
25742,LOF,0.10862724844865254,0.19228968976969396,0.6990830617816535
25743,LOF,0.3101109297471661,0.05771759168543182,0.6321714785674022
25744,GOF,0.06844142908352929,0.6178127481151594,0.3137458228013113
25745,GOF,0.03125088529095868,0.7272364993637614,0.24151261534527996
25746,GOF,0.04802875387340254,0.6971193884061279,0.25485185772046964
25747,LOF,0.0551202749866936,0.13296859161942803,0.8119111333938784
25748,LOF,0.2597896091013411,0.3663771198439005,0.3738332710547585
25749,GOF,0.03269228779864959,0.6938724151824175,0.2734352970189328
25750,GOF,0.04504248536720349,0.6233005077996844,0.33165700683311217
25751,LOF,0.06275621584160096,0.269414297383717,0.667829486774682
25752,LOF,0.2734828114899834,0.36100568041111075,0.3655115080989059
25753,LOF,0.296018627824296,0.08639382405004278,0.6175875481256612
25754,GOF,0.03932188928931842,0.6868399782647693,0.2738381324459124
25755,LOF,0.26974576285078233,0.1774986582299694,0.5527555789192482
25756,Neutral,0.6738789852908704,0.0660238945066668,0.2600971202024627
25757,GOF,0.049060889206635726,0.6467647118964611,0.3041743988969032
25758,GOF,0.03699793445750288,0.7039126277497028,0.2590894377927943
25759,GOF,0.024379602122371682,0.6142553091687867,0.36136508870884165
25760,LOF,0.2870978815937693,0.06597202008662317,0.6469300983196075
25761,GOF,0.02408153625051334,0.708113934936896,0.2678045288125907
25762,Neutral,0.6971099732327616,0.07498809785930403,0.22790192890793445
25763,LOF,0.35589724777588483,0.0843457587607957,0.5597569934633195
25764,GOF,0.27300266160054737,0.4680148806769376,0.2589824577225152
25765,GOF,0.029831608577853247,0.6400432099793121,0.3301251814428347
25766,GOF,0.06202636483294202,0.6408597758375526,0.2971138593295054
25767,GOF,0.037405464282002775,0.7481109462702988,0.2144835894476984
25768,LOF,0.0423215163539126,0.27110862391635365,0.6865698597297337
25769,LOF,0.060930439873271694,0.13303394924738288,0.8060356108793454
25770,Neutral,0.6265460116702325,0.06586472024258835,0.30758926808717907
25771,LOF,0.24056479564813155,0.08603277109901672,0.6734024332528518
25772,LOF,0.06784947153521846,0.053447685792053154,0.8787028426727285
25773,LOF,0.4462986906456868,0.06009576119381776,0.49360554816049557
25774,Neutral,0.6700742059948366,0.08391158940823601,0.24601420459692755
25775,LOF,0.28384262458229975,0.05727319058346737,0.6588841848342328
25776,LOF,0.04402330824713351,0.08571985724666671,0.8702568345061998
25777,Neutral,0.6350936146847129,0.05362362130959127,0.3112827640056959
25778,LOF,0.07775478469583923,0.07896964129554357,0.8432755740086172
25779,GOF,0.12823500190083403,0.6835904428626547,0.18817455523651128
25780,GOF,0.04996706195841016,0.7948460266071692,0.15518691143442054
25781,GOF,0.06262830709199038,0.682542170948308,0.2548295219597017
25782,GOF,0.05449875369917587,0.5800881433233087,0.3654131029775154
25783,GOF,0.14313722176989246,0.6448675453960812,0.2119952328340265
25784,GOF,0.17656103141792834,0.6605780426551258,0.16286092592694593
25785,GOF,0.06475332737383654,0.7270698871403625,0.2081767854858009
25786,GOF,0.04355958743882223,0.6295112789424837,0.326929133618694
25787,GOF,0.04530602847503736,0.510627046618101,0.4440669249068616
25788,LOF,0.053853067985264784,0.1574746876737225,0.7886722443410128
25789,GOF,0.048176016190659546,0.7522561235386157,0.19956786027072473
25790,GOF,0.03889758037945267,0.714925754828323,0.2461766647922244
25791,GOF,0.02746616164559832,0.6564026227485357,0.3161312156058658
25792,GOF,0.02721311197384442,0.6448895271319438,0.3278973608942117
25793,GOF,0.031554983410995774,0.7311722161673865,0.23727280042161766
25794,GOF,0.061359978618921465,0.7650553883519593,0.1735846330291192
25795,GOF,0.10251586673620773,0.6156824292158879,0.2818017040479044
25796,GOF,0.0797418244073039,0.5749659285562028,0.3452922470364934
25797,GOF,0.05045095585751222,0.6632662657876612,0.2862827783548264
25798,GOF,0.07668581368418421,0.759278651301241,0.16403553501457485
25799,GOF,0.10750594907663558,0.7526249383530748,0.13986911257028964
25800,GOF,0.09962444755476915,0.7765929070522624,0.12378264539296839
25801,GOF,0.08851319169416505,0.7494997837570507,0.1619870245487842
25802,GOF,0.08136510904913456,0.7341399538777472,0.18449493707311815
25803,GOF,0.04100043958102089,0.684906032440095,0.27409352797888414
25804,GOF,0.08533750835328603,0.6281888869608835,0.2864736046858305
25805,GOF,0.0488365371068464,0.77977276408163,0.17139069881152363
25806,GOF,0.04684919581183907,0.7828153769784485,0.17033542720971231
25807,GOF,0.07453417450075803,0.6893338299499852,0.23613199554925676
25808,GOF,0.0615868493312137,0.794849831461494,0.1435633192072921
25809,GOF,0.056832560913612204,0.7586544732875393,0.18451296579884854
25810,GOF,0.0539895942503098,0.7723393539883775,0.17367105176131264
25811,GOF,0.04592769598383918,0.500728983832562,0.45334332018359885
25812,GOF,0.04372759803406537,0.6713412426840468,0.2849311592818877
25813,GOF,0.04228875075492334,0.6689435879301842,0.2887676613148925
25814,GOF,0.06738612202096601,0.7263604781987888,0.20625339978024515
25815,GOF,0.03732115379361211,0.7658266192200123,0.1968522269863756
25816,GOF,0.0412429971490777,0.8105592687591631,0.14819773409175918
25817,GOF,0.036164114049618674,0.8012174648517961,0.16261842109858524
25818,GOF,0.03378620773606961,0.5094928529755761,0.4567209392883542
25819,GOF,0.04203602343944555,0.7255321140362813,0.23243186252427314
25820,GOF,0.04488220180172768,0.7066756072665307,0.24844219093174177
25821,GOF,0.045913820530633136,0.7065213692393155,0.24756481023005134
25822,GOF,0.07008671861999032,0.6924549682589188,0.23745831312109075
25823,GOF,0.14667138600063756,0.5585226967920923,0.2948059172072701
25824,GOF,0.083881460420221,0.6997734382192102,0.21634510136056886
25825,GOF,0.0814091575591085,0.701486282541662,0.21710455989922958
25826,GOF,0.083881460420221,0.6997734382192102,0.21634510136056886
25827,GOF,0.050553253238751164,0.7665546986355987,0.18289204812565016
25828,GOF,0.04843823606699306,0.7454338657244646,0.20612789820854227
25829,LOF,0.41083484871643783,0.03883394201133979,0.5503312092722225
25830,LOF,0.041342475863066185,0.17712377438409208,0.7815337497528417
25831,GOF,0.03568946657211988,0.6340748573808885,0.33023567604699156
25832,GOF,0.07023460538502754,0.663177875668174,0.2665875189467985
25833,GOF,0.06565732842191901,0.6740982663466163,0.2602444052314647
25834,GOF,0.06402238614673271,0.6354112262643862,0.3005663875888812
25835,GOF,0.06620390258418173,0.7179293449834993,0.21586675243231906
25836,GOF,0.06372360970855291,0.6957961641601951,0.24048022613125214
25837,GOF,0.057597554259963414,0.6667882843786009,0.2756141613614355
25838,GOF,0.05856112390551664,0.6595405486848535,0.2818983274096298
25839,GOF,0.08262552586162032,0.6703024072898688,0.24707206684851088
25840,GOF,0.054759010835020105,0.7180350634207951,0.2272059257441848
25841,GOF,0.05517744121531662,0.7103046150553318,0.23451794372935159
25842,GOF,0.043526952611718885,0.6992517466293553,0.25722130075892574
25843,GOF,0.044369152738433275,0.6951245470853005,0.2605063001762663
25844,GOF,0.04761964338417104,0.6839484794391854,0.2684318771766436
25845,GOF,0.049777976666180446,0.7016404770211442,0.24858154631267543
25846,GOF,0.04696264734838144,0.6846834630571094,0.26835388959450923
25847,GOF,0.05468961433620302,0.6416003881298464,0.30370999753395056
25848,GOF,0.04212361431168421,0.7290732803694799,0.2288031053188358
25849,GOF,0.040255426448617425,0.7236105368132237,0.23613403673815897
25850,GOF,0.1342630862173056,0.561939694054427,0.30379721972826734
25851,GOF,0.13966734031731043,0.5522630215234903,0.3080696381591993
25852,GOF,0.134105238012693,0.5748536412841475,0.29104112070315946
25853,GOF,0.06812995381105723,0.6856569283592376,0.24621311782970517
25854,GOF,0.07628856819097642,0.7208148417668993,0.20289659004212435
25855,GOF,0.057569568136746234,0.6818568444825623,0.2605735873806915
25856,GOF,0.05770602752063524,0.6745703479422762,0.26772362453708864
25857,GOF,0.061402547967141015,0.6909139434716773,0.24768350856118154
25858,GOF,0.06910170162776139,0.5924159372919616,0.33848236108027696
25859,GOF,0.06872494675313036,0.6012350056187001,0.3300400476281694
25860,GOF,0.06798031689280885,0.538809873237596,0.3932098098695951
25861,GOF,0.0663646558075066,0.6206585438099657,0.3129768003825278
25862,GOF,0.04348619708049766,0.7399037462843625,0.21661005663513977
25863,GOF,0.046485807611976765,0.7034850253972245,0.2500291669907988
25864,GOF,0.052951691072586224,0.7737856757717738,0.17326263315564
25865,GOF,0.05755745175324392,0.7875303267219906,0.15491222152476533
25866,GOF,0.05227928184518522,0.7896610583199551,0.1580596598348598
25867,GOF,0.0528043532824943,0.7871534291337715,0.16004221758373433
25868,GOF,0.04614484932900566,0.622102851639108,0.33175229903188636
25869,GOF,0.042648035238514105,0.6998685132485684,0.2574834515129176
25870,LOF,0.05137171480663293,0.1676190653227171,0.78100921987065
25871,GOF,0.03714352173464478,0.692251890549702,0.27060458771565304
25872,GOF,0.039614213866472896,0.5433255094644868,0.41706027666904044
25873,GOF,0.04885014125118581,0.6259880267520361,0.3251618319967781
25874,LOF,0.07399987513901818,0.1016934631073482,0.8243066617536335
25875,GOF,0.08742993818734644,0.5876439365076379,0.32492612530501574
25876,Neutral,0.5060265982069181,0.1023035059581915,0.39166989583489037
25877,GOF,0.07727739944796162,0.6659512721701092,0.25677132838192906
25878,GOF,0.03954742934412917,0.7726440208479226,0.18780854980794812
25879,LOF,0.04269224506228942,0.3904541914844164,0.5668535634532942
25880,LOF,0.08564868531025249,0.09134068986883508,0.8230106248209125
25881,Neutral,0.68151220673242,0.2272148146165992,0.09127297865098082
25882,LOF,0.24943108839403036,0.16548769157661844,0.5850812200293513
25883,LOF,0.0680030620099282,0.12328363545118225,0.8087133025388895
25884,LOF,0.3948199161874236,0.11538168343241381,0.4897984003801626
25885,Neutral,0.5498555066340318,0.019910319902795136,0.43023417346317305
25886,Neutral,0.4424946729172192,0.19885933492686458,0.35864599215591625
25887,GOF,0.2341114490171124,0.5687453795589597,0.19714317142392798
25888,GOF,0.0626627459705102,0.5718260604615938,0.365511193567896
25889,LOF,0.2207017672534407,0.12739146160156248,0.6519067711449968
25890,LOF,0.22576796863639734,0.33683312419166145,0.4373989071719412
25891,LOF,0.26170235986901763,0.247733424095777,0.49056421603520545
25892,LOF,0.010793839867030369,0.3779832659538649,0.6112228941791047
25893,LOF,0.42553760315937855,0.13135241432901731,0.4431099825116041
25894,LOF,0.42575596795761106,0.047168850316431636,0.5270751817259574
25895,LOF,0.43211477695041933,0.0407098098728443,0.5271754131767363
25896,Neutral,0.6315859591835173,0.06701672296152761,0.301397317854955
25897,LOF,0.25250092892689346,0.09525945657635128,0.6522396144967552
25898,GOF,0.04452347277176555,0.6321080889013805,0.32336843832685386
25899,GOF,0.2655807324793906,0.37098039949565154,0.36343886802495784
25900,Neutral,0.8131639234656272,0.04939569746492586,0.13744037906944698
25901,LOF,0.06746091098056577,0.1023116047708017,0.8302274842486325
25902,Neutral,0.4530600258718703,0.11707560956079377,0.42986436456733595
25903,LOF,0.2746201547146452,0.2046245598897349,0.5207552853956199
25904,Neutral,0.4424946729172192,0.19885933492686458,0.35864599215591625
25905,LOF,0.07887258098000664,0.28448341511773356,0.6366440039022597
25906,LOF,0.36311498183574703,0.04044500546863228,0.5964400126956207
25907,LOF,0.03691031832439042,0.47543475691439574,0.4876549247612139
25908,GOF,0.04234245113672223,0.5651039483580567,0.3925536005052212
25909,LOF,0.07190726905388943,0.45818306614594123,0.4699096648001694
25910,LOF,0.042090124934664984,0.47478249184819366,0.4831273832171414
25911,Neutral,0.6811221217442751,0.06635743648344138,0.2525204417722835
25912,LOF,0.45474833033733464,0.03245013247954134,0.5128015371831239
25913,LOF,0.01966312653384387,0.4371133222117071,0.5432235512544491
25914,LOF,0.046117117656819626,0.28251925442081,0.6713636279223704
25915,GOF,0.09143582450947947,0.7437908931576468,0.1647732823328738
25916,GOF,0.08220804941159067,0.6916612323382567,0.22613071825015266
25917,Neutral,0.7515012912359802,0.05717210948536051,0.1913265992786594
25918,LOF,0.053534499164000736,0.1545850363402714,0.7918804644957278
25919,LOF,0.04862745101223545,0.043096356365301465,0.9082761926224632
25920,Neutral,0.3673593398267599,0.27683538651929174,0.3558052736539484
25921,LOF,0.25601319976427106,0.055649722798618455,0.6883370774371105
25922,LOF,0.18628759996401303,0.07388679282203006,0.739825607213957
25923,Neutral,0.4424946729172192,0.19885933492686458,0.35864599215591625
25924,LOF,0.25521314190757854,0.17986374803089591,0.5649231100615255
25925,Neutral,0.6284290369089577,0.07099228433893004,0.3005786787521123
25926,Neutral,0.6797489972854079,0.08158597747783172,0.23866502523676023
25927,LOF,0.022076084496416886,0.4090938401701194,0.5688300753334637
25928,LOF,0.2560424805085926,0.029661869496606652,0.7142956499948009
25929,Neutral,0.4424946729172192,0.19885933492686458,0.35864599215591625
25930,LOF,0.04081290143210262,0.19689518249496818,0.7622919160729293
25931,LOF,0.4294640500263513,0.0898909180420625,0.48064503193158625
25932,LOF,0.06784131912863638,0.10161075706949313,0.8305479238018705
25933,LOF,0.06629320258210647,0.1202246235396494,0.8134821738782442
25934,LOF,0.08429086472616333,0.12035667925487036,0.7953524560189663
25935,Neutral,0.6700742059948366,0.08391158940823601,0.24601420459692755
25936,LOF,0.06520778655206541,0.10445056792753932,0.8303416455203952
25937,LOF,0.312649229622875,0.17502394214270187,0.5123268282344232
25938,Neutral,0.6811221217442751,0.06635743648344138,0.2525204417722835
25939,LOF,0.06685868677802434,0.10888110017216808,0.8242602130498075
25940,GOF,0.05182223166090504,0.8093554729133616,0.13882229542573335
25941,Neutral,0.5415984535858444,0.06803736004162333,0.3903641863725323
25942,LOF,0.2149182860412312,0.19357303628535122,0.5915086776734175
25943,LOF,0.027703376788549467,0.45042330345824916,0.5218733197532014
25944,LOF,0.01823395729751642,0.38947944992988215,0.5922865927726015
25945,LOF,0.042396023816493586,0.11212151762927136,0.8454824585542351
25946,LOF,0.43243733199182127,0.04952416179762901,0.5180385062105497
25947,Neutral,0.6918109572485307,0.05383337654276154,0.2543556662087078
25948,Neutral,0.5228854435309896,0.12917764897387252,0.347936907495138
25949,LOF,0.4238608062045047,0.07393248355204152,0.5022067102434539
25950,GOF,0.060669715290837964,0.7235102778209626,0.2158200068881994
25951,GOF,0.031176173423379774,0.6414179149663305,0.3274059116102899
25952,GOF,0.24829589678369654,0.4385129167870682,0.3131911864292352
25953,LOF,0.04289936598462292,0.40902088589254876,0.5480797481228283
25954,GOF,0.05285405018515215,0.6487730325538191,0.29837291726102866
25955,GOF,0.021378827960630654,0.526116459223648,0.45250471281572135
25956,GOF,0.03710648921794891,0.617219756111911,0.3456737546701401
25957,Neutral,0.6711040803020195,0.04978416371160489,0.2791117559863757
25958,LOF,0.08607573645333648,0.12648660573733808,0.7874376578093254
25959,LOF,0.026647139255503414,0.4055607806932582,0.5677920800512385
25960,LOF,0.23385520323730014,0.06802108106069704,0.6981237157020028
25961,LOF,0.04494459769200371,0.2099431052363137,0.7451122970716826
25962,LOF,0.3888059665013855,0.05218405627239763,0.5590099772262169
25963,GOF,0.04650297689216132,0.4978377288416438,0.45565929426619495
25964,LOF,0.08894036661806523,0.19472105940991657,0.7163385739720182
25965,GOF,0.11762093699334002,0.6422585147743501,0.24012054823230988
25966,Neutral,0.4424946729172192,0.19885933492686458,0.35864599215591625
25967,LOF,0.36733628116818956,0.06386135194531496,0.5688023668864954
25968,GOF,0.3292735486267781,0.441598711440997,0.2291277399322249
25969,Neutral,0.6032330726588725,0.04320536013226023,0.3535615672088673
25970,Neutral,0.45952415966937216,0.16313003239710935,0.37734580793351863
25971,LOF,0.11639472549869916,0.13707333232426389,0.746531942177037
25972,LOF,0.12070191264250633,0.11384671220007757,0.765451375157416
25973,LOF,0.42340285716430875,0.02240952881060194,0.5541876140250893
25974,GOF,0.10474417857870505,0.5540789953549056,0.34117682606638944
25975,LOF,0.06401616795262643,0.03245211192738652,0.9035317201199871
25976,LOF,0.32783258189141756,0.011998814637710676,0.6601686034708718
25977,Neutral,0.5279134324247146,0.05954311016558312,0.4125434574097024
25978,LOF,0.1513424119946543,0.17907787033007674,0.669579717675269
25979,LOF,0.08593196591729671,0.1662141709368652,0.7478538631458381
25980,LOF,0.21244192955506339,0.37769823243135575,0.40985983801358084
25981,GOF,0.2227764050464256,0.44228139199366806,0.33494220295990634
25982,LOF,0.15803408065801258,0.2955817264510331,0.5463841928909543
25983,LOF,0.10570096246527318,0.2830629638298155,0.6112360737049113
25984,LOF,0.06568492971464036,0.12649900761315652,0.8078160626722031
25985,Neutral,0.5929890664096832,0.2615885585683296,0.14542237502198724
25986,GOF,0.03854102277951096,0.5409113085827056,0.4205476686377833
25987,LOF,0.3654314750615314,0.1940074250995116,0.44056109983895697
25988,LOF,0.04302370368234915,0.22551760782297678,0.7314586884946742
25989,LOF,0.05166561268230064,0.27430341233972394,0.6740309749779754
25990,LOF,0.046115197344123976,0.3450395950730882,0.6088452075827878
25991,GOF,0.10785213025429528,0.5888859151600842,0.3032619545856206
25992,LOF,0.07973045694775548,0.32757909347802505,0.5926904495742195
25993,LOF,0.0634629298321449,0.04470835183660263,0.8918287183312524
25994,LOF,0.09433573363761759,0.04517798731835757,0.8604862790440249
25995,LOF,0.053002866002185,0.0719550699119743,0.8750420640858406
25996,GOF,0.3027459336353845,0.4606351394008673,0.23661892696374823
25997,GOF,0.15117739951637998,0.5757911185971152,0.2730314818865048
25998,LOF,0.3468699190185944,0.19117282550675585,0.4619572554746498
25999,LOF,0.02199554281523979,0.36036123643419554,0.6176432207505647
26000,LOF,0.2698625262518662,0.08204226159522307,0.6480952121529107
26001,LOF,0.1309539071656593,0.24711908530896687,0.6219270075253738
26002,LOF,0.3068686828039812,0.15460297192257036,0.5385283452734485
26003,GOF,0.0724569809787474,0.6320860372538921,0.2954569817673604
26004,GOF,0.11070148972001147,0.6998807721929576,0.18941773808703086
26005,GOF,0.04015016812261667,0.8082521355486416,0.15159769632874176
26006,GOF,0.05110198012085825,0.7150274990046116,0.23387052087453022
26007,GOF,0.031721087803826126,0.7349672767930859,0.23331163540308802
26008,GOF,0.08492973513824853,0.7638481152900567,0.15122214957169472
26009,GOF,0.042939020677649244,0.8372319038041324,0.11982907551821838
26010,GOF,0.04623081842574842,0.6768010767800874,0.2769681047941643
26011,GOF,0.044893340896049766,0.6571626529372048,0.2979440061667455
26012,GOF,0.05015850129104009,0.739571146894635,0.21027035181432502
26013,GOF,0.04992216491957675,0.5806848126721571,0.3693930224082662
26014,LOF,0.4695296903034164,0.033339178593222926,0.4971311311033607
26015,LOF,0.28390718330942255,0.12718247586999754,0.5889103408205799
26016,LOF,0.23174146223436717,0.1285740227644869,0.6396845150011459
26017,LOF,0.043033263001782784,0.33129508900552357,0.6256716479926936
26018,LOF,0.040213187636413315,0.2628646465052326,0.6969221658583541
26019,LOF,0.047286632651851616,0.09358086711935532,0.8591325002287931
26020,LOF,0.020726529001828805,0.4760886894654554,0.5031847815327157
26021,LOF,0.2238616602828352,0.19914218149349866,0.5769961582236661
26022,LOF,0.1948889403650378,0.10133985489676568,0.7037712047381965
26023,LOF,0.05501489451851688,0.10229726092186386,0.8426878445596192
26024,LOF,0.0894537061480844,0.15701737884302797,0.7535289150088875
26025,LOF,0.04096508787494821,0.32451152839485653,0.6345233837301951
26026,LOF,0.04028024402781728,0.40880228953452524,0.5509174664376576
26027,LOF,0.07162164758428012,0.11823579291259889,0.810142559503121
26028,GOF,0.10394844443458844,0.4983614932477546,0.3976900623176571
26029,GOF,0.06829579259008643,0.7201719656337812,0.21153224177613236
26030,Neutral,0.6414422863460083,0.06606822727591113,0.29248948637808053
26031,GOF,0.03009046754008941,0.7137092945581013,0.2562002379018093
26032,LOF,0.06275003902177857,0.1558361328153104,0.7814138281629109
26033,LOF,0.04855491471335038,0.19170023908721184,0.7597448461994378
26034,GOF,0.02763242093251626,0.6559459515637592,0.3164216275037245
26035,GOF,0.02347939343775881,0.7384543802956806,0.23806622626656068
26036,GOF,0.021643523668428116,0.6702945400111587,0.3080619363204133
26037,GOF,0.030160535556419205,0.6077903764452164,0.36204908799836444
26038,LOF,0.045459012079596475,0.14765449780013787,0.8068864901202656
26039,GOF,0.026163857835037503,0.5887739712547305,0.3850621709102319
26040,LOF,0.0430075511345374,0.12884584628963214,0.8281466025758305
26041,GOF,0.040183233596128534,0.6040599147725815,0.35575685163129006
26042,GOF,0.03663923206218171,0.6095950863746649,0.35376568156315336
26043,LOF,0.036107461250712215,0.22039319426671503,0.7434993444825727
26044,LOF,0.27403597443325506,0.1502597055668084,0.5757043199999364
26045,GOF,0.03713916492355054,0.7160823481874836,0.24677848688896578
26046,LOF,0.03998960907209812,0.2651895771843133,0.6948208137435885
26047,LOF,0.12925980654100275,0.114039827794207,0.7567003656647902
26048,Neutral,0.5053608703885554,0.05426416318040644,0.44037496643103824
26049,Neutral,0.6239376583607933,0.13304410604045513,0.24301823559875166
26050,Neutral,0.6700742059948366,0.08391158940823601,0.24601420459692755
26051,GOF,0.03874636127638875,0.6121779075975856,0.3490757311260256
26052,GOF,0.05932271089218534,0.7074738764594573,0.23320341264835737
26053,Neutral,0.4973303033133421,0.07386915230127351,0.42880054438538445
26054,Neutral,0.6811221217442751,0.06635743648344138,0.2525204417722835
26055,Neutral,0.6811221217442751,0.06635743648344138,0.2525204417722835
26056,Neutral,0.6811221217442751,0.06635743648344138,0.2525204417722835
26057,LOF,0.06191467372430804,0.11746995636901973,0.8206153699066723
26058,LOF,0.06718203682553697,0.08723004040070415,0.8455879227737588
26059,Neutral,0.8367368782452911,0.05274831982737989,0.11051480192732897
26060,GOF,0.03428554723116317,0.612084709592281,0.3536297431765559
26061,LOF,0.3236203319025682,0.04147720789155149,0.6349024602058803
26062,LOF,0.4295164530596307,0.09508607343951152,0.4753974735008579
26063,LOF,0.08110006319011351,0.0552780623886694,0.8636218744212171
26064,LOF,0.41600014769814175,0.03675819725715865,0.5472416550446996
26065,LOF,0.04882617789331538,0.07546152867992514,0.8757122934267595
26066,LOF,0.09326525856578942,0.11571401558764943,0.7910207258465611
26067,LOF,0.06225135660675682,0.17364320828029142,0.7641054351129517
26068,Neutral,0.6279610934368769,0.07978205973906283,0.29225684682406045
26069,Neutral,0.6048710401569984,0.08974269302313634,0.30538626681986525
26070,Neutral,0.6048710401569984,0.08974269302313634,0.30538626681986525
26071,LOF,0.07789405041911034,0.125445460460223,0.7966604891206667
26072,LOF,0.35674885851072285,0.08622692587472185,0.5570242156145553
26073,LOF,0.07271994237276018,0.11182535435073038,0.8154547032765095
26074,Neutral,0.8126759642678939,0.06010243848180987,0.12722159725029622
26075,Neutral,0.6162618147753659,0.09058054035707408,0.29315764486755996
26076,LOF,0.05843911221433747,0.1424782071299254,0.7990826806557372
26077,Neutral,0.6757987429238977,0.024997400677730503,0.29920385639837177
26078,LOF,0.41654024158704317,0.08701954194818781,0.4964402164647691
26079,Neutral,0.6656758901559243,0.09862083706841382,0.2357032727756619
26080,Neutral,0.6656758901559243,0.09862083706841382,0.2357032727756619
26081,LOF,0.05599969235618913,0.06017854062785523,0.8838217670159557
26082,LOF,0.3815045522243076,0.090330707064884,0.5281647407108083
26083,LOF,0.034650519167332076,0.26757534614828765,0.6977741346843802
26084,LOF,0.04586289664733354,0.2017718767149571,0.7523652266377093
26085,LOF,0.03826368945223532,0.25519046932488293,0.7065458412228818
26086,LOF,0.057572603018589984,0.19286165659729115,0.7495657403841189
26087,LOF,0.05582708059411861,0.19723035035568515,0.7469425690501963
26088,Neutral,0.4344163059562614,0.142773668831077,0.42281002521266153
26089,Neutral,0.6639924078402691,0.07831563906229723,0.2576919530974336
26090,Neutral,0.6639924078402691,0.07831563906229723,0.2576919530974336
26091,LOF,0.08730890932033061,0.08102064880443545,0.8316704418752339
26092,LOF,0.06338353448849285,0.10416465198987282,0.8324518135216343
26093,LOF,0.06410605008581284,0.09790159657643327,0.8379923533377538
26094,LOF,0.09021991978732294,0.1302413916981008,0.7795386885145763
26095,LOF,0.2561810605735495,0.15491034786407393,0.5889085915623766
26096,Neutral,0.5850629184061484,0.019834659735531796,0.3951024218583198
26097,LOF,0.3667860628855983,0.049703111742743354,0.5835108253716583
26098,Neutral,0.6738789852908704,0.0660238945066668,0.2600971202024627
26099,LOF,0.03848055723766687,0.2393174460040604,0.7222019967582728
26100,LOF,0.03848055723766687,0.2393174460040604,0.7222019967582728
26101,LOF,0.04456828465352083,0.28077709072474083,0.6746546246217383
26102,LOF,0.06167218841034442,0.11007415124220317,0.8282536603474525
26103,Neutral,0.4424946729172192,0.19885933492686458,0.35864599215591625
26104,Neutral,0.7166674694177095,0.08495351872909723,0.19837901185319318
26105,LOF,0.26306148235756727,0.14446202062315008,0.5924764970192826
26106,Neutral,0.42648674867005293,0.18996602098990975,0.3835472303400373
26107,GOF,0.017166520944308997,0.5198578418054389,0.4629756372502521
26108,GOF,0.3009005309708814,0.38292240940079436,0.3161770596283244
26109,Neutral,0.5439386725051982,0.18379599535670219,0.27226533213809945
26110,Neutral,0.5324543137240675,0.04319755704005367,0.42434812923587883
26111,LOF,0.05023039365891235,0.2835623353755969,0.6662072709654907
26112,LOF,0.09290784141099116,0.05555648238968396,0.8515356761993248
26113,LOF,0.07188857237279879,0.07372470936487895,0.8543867182623223
26114,LOF,0.32174521714086746,0.1442891480949547,0.5339656347641779
26115,GOF,0.02912067807438589,0.5965785948696428,0.37430072705597145
26116,LOF,0.1086742876936962,0.28454989928893604,0.6067758130173678
26117,Neutral,0.4424946729172192,0.19885933492686458,0.35864599215591625
26118,LOF,0.056866685298613905,0.11648752570576226,0.8266457889956239
26119,LOF,0.012161891826872096,0.33757022456716235,0.6502678836059654
26120,LOF,0.09002007188396949,0.08281658013697867,0.8271633479790519
26121,LOF,0.038168822262088585,0.1762934178767309,0.7855377598611805
