feature0,prediction,LoGoFunc_Neutral,LoGoFunc_GOF,LoGoFunc_LOF
25546,Neutral,0.7668127452157621,0.03928938990923412,0.19389786487500366
25547,Neutral,0.5970349484799478,0.08977827527984165,0.3131867762402105
25548,Neutral,0.6120190198619176,0.06466779513392769,0.3233131850041546
25549,Neutral,0.5325811885612947,0.06455393854628777,0.40286487289241757
25550,LOF,0.3670765478041077,0.12513492780385427,0.507788524392038
25551,LOF,0.28818253231662855,0.14060974385904962,0.5712077238243218
25552,LOF,0.21508752534535822,0.1320984044996817,0.6528140701549601
25553,Neutral,0.8533672453529757,0.029654406472012708,0.1169783481750116
25554,LOF,0.2456392299113766,0.12460150323297774,0.6297592668556456
25555,LOF,0.2068684394083583,0.10665518999581002,0.6864763705958317
25556,Neutral,0.4500009997526308,0.11092156051687457,0.4390774397304947
25557,LOF,0.19449589248823937,0.1165492702269859,0.6889548372847748
25558,LOF,0.23212745649362213,0.12692472801340854,0.6409478154929693
25559,LOF,0.369115575970414,0.15262348967305012,0.47826093435653594
25560,LOF,0.05944563993711253,0.14876656544992287,0.7917877946129646
25561,LOF,0.12661812875158537,0.1448414655771436,0.728540405671271
25562,LOF,0.08184012973573392,0.07910442797282644,0.8390554422914396
25563,LOF,0.10879403463812677,0.10226222272593263,0.7889437426359407
25564,LOF,0.24429467406067387,0.15151295970209017,0.6041923662372359
25565,LOF,0.12064720733299542,0.1477559642438274,0.7315968284231772
25566,GOF,0.011635985435851851,0.7408833985266788,0.2474806160374692
25567,LOF,0.017036899821435768,0.21781338669903796,0.7651497134795262
25568,LOF,0.05095812259210123,0.09216820339404243,0.8568736740138563
25569,LOF,0.055510219127819144,0.09243479258977791,0.852054988282403
25570,LOF,0.051607550785574975,0.13766498660748835,0.8107274626069367
25571,LOF,0.044822353061174956,0.13195655155345953,0.8232210953853656
25572,LOF,0.05904961739216959,0.1495061293511264,0.7914442532567041
25573,LOF,0.033435530904512976,0.12888829201269109,0.8376761770827958
25574,LOF,0.01808793215460992,0.1965433907400005,0.7853686771053896
25575,LOF,0.03691358150135372,0.1491864181174151,0.8139000003812312
25576,LOF,0.017064785664620545,0.16968681370736838,0.8132484006280111
25577,LOF,0.01402124768845518,0.15233072441614495,0.8336480278953999
25578,LOF,0.27200796823753604,0.12168284973150595,0.6063091820309581
25579,LOF,0.11552037778246095,0.14136790414419112,0.7431117180733479
25580,LOF,0.02670779116895655,0.11840370042564842,0.854888508405395
25581,LOF,0.0482766181641237,0.09596588813634252,0.8557574936995338
25582,LOF,0.04828106715055741,0.09377095730510349,0.8579479755443391
25583,LOF,0.03076666349941031,0.13324665898156374,0.8359866775190259
25584,Neutral,0.495894835911226,0.14002013278460462,0.36408503130416936
25585,LOF,0.019214540749376056,0.18308245112986207,0.7977030081207619
25586,LOF,0.02511187313543516,0.10674018127269382,0.8681479455918711
25587,LOF,0.02626480383419317,0.10115476836900594,0.8725804277968009
25588,LOF,0.02561968161487076,0.12217006890437758,0.8522102494807516
25589,Neutral,0.6129448348120817,0.16005272967300066,0.22700243551491753
25590,LOF,0.031773414919812816,0.1740537463647095,0.7941728387154776
25591,LOF,0.09198782481320006,0.08412633913999197,0.823885836046808
25592,LOF,0.0804745695633188,0.18536820106783755,0.7341572293688438
25593,LOF,0.030053398442809864,0.3081646769960557,0.6617819245611345
25594,LOF,0.04309796656736559,0.16615426420187163,0.7907477692307628
25595,LOF,0.05391516630438875,0.12618135493347238,0.8199034787621389
25596,LOF,0.04959216396311455,0.08526176761272164,0.8651460684241637
25597,LOF,0.035197546091407295,0.08337115628468561,0.8814312976239072
25598,LOF,0.04799547750621278,0.133852218370096,0.8181523041236912
25599,GOF,0.0067306495499887395,0.6170137355537295,0.3762556148962818
25600,GOF,0.013680892770568873,0.6054195103778057,0.3808995968516254
25601,LOF,0.009261028877981274,0.43260637508924255,0.5581325960327762
25602,LOF,0.019973992290127276,0.04365942535051943,0.9363665823593532
25603,LOF,0.0649370919816681,0.0164864633683219,0.9185764446500101
25604,LOF,0.03436401601471301,0.04630466429629918,0.9193313196889877
25605,LOF,0.010333042854049488,0.2060565470989415,0.783610410047009
25606,LOF,0.10288880159533281,0.3594416483983553,0.5376695500063119
25607,LOF,0.006309990210128205,0.1900110882947811,0.8036789214950907
25608,LOF,0.018152835053454452,0.07991071830153293,0.9019364466450125
25609,LOF,0.06253713468344518,0.39793172091318824,0.5395311444033666
25610,LOF,0.03048193661342142,0.02386529460131079,0.9456527687852678
25611,LOF,0.03816484800398915,0.022759811037413206,0.9390753409585977
25612,LOF,0.09245483484120012,0.03404074210507514,0.8735044230537247
25613,LOF,0.08062600725321525,0.034336435619932576,0.8850375571268521
25614,LOF,0.02860926621638787,0.030580304077314848,0.9408104297062974
25615,LOF,0.03412310475076832,0.03920499195858775,0.926671903290644
25616,LOF,0.024103684313484256,0.029748628984262535,0.9461476867022532
25617,LOF,0.024419915123818112,0.032730132421780696,0.9428499524544011
25618,LOF,0.1372773963786862,0.028106332616076535,0.8346162710052374
25619,LOF,0.026748178974288044,0.030004802546237403,0.9432470184794746
25620,LOF,0.02969331240659458,0.038229742949378684,0.9320769446440268
25621,LOF,0.026040041941210852,0.02821312752386068,0.9457468305349285
25622,LOF,0.032816328142918,0.031092818717786526,0.9360908531392954
25623,LOF,0.05054247505248886,0.029377497733240658,0.9200800272142704
25624,LOF,0.02352816307720742,0.03700992324989398,0.9394619136728986
25625,LOF,0.03294465741585395,0.03938556469859778,0.9276697778855484
25626,LOF,0.07555754978025275,0.030325726319894414,0.8941167238998529
25627,Neutral,0.5739051241134172,0.11528629787148423,0.3108085780150986
25628,LOF,0.19368173681332676,0.05710291750879562,0.7492153456778777
25629,LOF,0.058135471577381845,0.057338812848882204,0.8845257155737358
25630,LOF,0.15873486355821087,0.08829614227923244,0.7529689941625566
25631,Neutral,0.6216196450830078,0.058674894521457084,0.3197054603955351
25632,LOF,0.013018606042709314,0.10817809730732734,0.8788032966499634
25633,LOF,0.10092612809237662,0.07856516914076982,0.8205087027668536
25634,LOF,0.032267236667371205,0.11189934868924066,0.855833414643388
25635,LOF,0.03487090212780525,0.08094167981420397,0.8841874180579908
25636,GOF,0.0037959257246227003,0.6004228686252092,0.39578120565016806
25637,GOF,0.0036925990306031927,0.6534827373347775,0.34282466363461933
25638,LOF,0.006208149637061525,0.36898243958406357,0.624809410778875
25639,GOF,0.0037356337019599224,0.5137879171200392,0.4824764491780008
25640,Neutral,0.4875134127040423,0.4341942054654497,0.07829238183050818
25641,LOF,0.009394813304682066,0.31862123828721484,0.6719839484081032
25642,LOF,0.25124027915130975,0.06679432543567303,0.6819653954130172
25643,LOF,0.27670529672811184,0.17351305232808442,0.5497816509438037
25644,GOF,0.01342519321769159,0.533628178015451,0.4529466287668574
25645,LOF,0.011064339240566112,0.4790973496030206,0.5098383111564132
25646,LOF,0.016496368538789732,0.3452259748224011,0.6382776566388092
25647,LOF,0.012499490066802807,0.2861157749594242,0.701384734973773
25648,LOF,0.012518005128390622,0.27228068035382036,0.715201314517789
25649,LOF,0.010909381319242725,0.19632142715384618,0.7927691915269112
25650,LOF,0.021811091458521205,0.415203840791747,0.5629850677497318
25651,LOF,0.007872724819569268,0.27664313078004316,0.7154841444003875
25652,LOF,0.013211444870864416,0.2541576092801389,0.7326309458489966
25653,LOF,0.05013342288172832,0.3561168875611547,0.593749689557117
25654,LOF,0.014269963081360859,0.14303400869899907,0.8426960282196402
25655,LOF,0.07993797511690334,0.40710814405382717,0.5129538808292695
25656,LOF,0.12197693540758782,0.05062394544640583,0.8273991191460063
25657,LOF,0.3468755251690485,0.024926675063507726,0.6281977997674437
25658,LOF,0.053423599648784265,0.08027586605509783,0.866300534296118
25659,LOF,0.3861295034050374,0.06328128737414605,0.5505892092208164
25660,LOF,0.06219823511251761,0.09062372277148886,0.8471780421159935
25661,LOF,0.04515588814152037,0.06944994095181539,0.8853941709066642
25662,LOF,0.028171546981978247,0.048522835729426395,0.9233056172885954
25663,LOF,0.03885718373955809,0.07406386504789254,0.8870789512125494
25664,LOF,0.044922472843304896,0.08511973231513761,0.8699577948415576
25665,LOF,0.055923653780405674,0.04562794517694486,0.8984484010426494
25666,LOF,0.03824719142374371,0.11817050602635037,0.843582302549906
25667,LOF,0.03161385862061855,0.05311520760035765,0.9152709337790239
25668,LOF,0.03255618803841178,0.055475215617507095,0.9119685963440812
25669,LOF,0.037422598129890475,0.0812733472790464,0.8813040545910631
25670,LOF,0.07734177110833544,0.09328974453894011,0.8293684843527246
25671,LOF,0.03984689324553114,0.04974208091811074,0.9104110258363581
25672,LOF,0.05830222163997478,0.0628561484227229,0.8788416299373023
25673,LOF,0.04639064247660583,0.07178389296282225,0.881825464560572
25674,LOF,0.04109936885193677,0.07360319457053674,0.8852974365775265
25675,LOF,0.052010141960636906,0.06432163933759208,0.883668218701771
25676,LOF,0.03474043935806924,0.06322866461630224,0.9020308960256286
25677,LOF,0.061959861562260625,0.06644578330153819,0.8715943551362011
25678,LOF,0.28776486484069047,0.03527917867674234,0.6769559564825672
25679,LOF,0.16201131319139578,0.08261154703361331,0.755377139774991
25680,LOF,0.05600492332491795,0.09883559400094148,0.8451594826741406
25681,LOF,0.09818033671676853,0.0912546919764984,0.8105649713067331
25682,LOF,0.04405804293851921,0.08600705757609067,0.8699348994853902
25683,LOF,0.09779027114621015,0.10122434876991608,0.8009853800838739
25684,LOF,0.05824157934112308,0.08553152672815173,0.8562268939307253
25685,LOF,0.10752633901715707,0.05035319059963573,0.8421204703832073
25686,LOF,0.04073567168595247,0.10258246255016909,0.8566818657638784
25687,LOF,0.04517002780002321,0.08821657626021702,0.8666133959397597
25688,LOF,0.030292821070126832,0.09743440591648382,0.8722727730133893
25689,LOF,0.020870904395461288,0.09423229296382632,0.8848968026407125
25690,LOF,0.020756601734366383,0.09191526843973284,0.8873281298259008
25691,LOF,0.21779703858745095,0.11759163133745712,0.6646113300750919
25692,LOF,0.3001111718733725,0.009202881339286983,0.6906859467873404
25693,LOF,0.09252929959104686,0.17623340422299477,0.7312372961859582
25694,LOF,0.2617598844829838,0.01680730327589514,0.7214328122411211
25695,LOF,0.17236207435880915,0.019330591812610078,0.8083073338285808
25696,LOF,0.19126411109484506,0.010655390558495112,0.7980804983466597
25697,LOF,0.1508092275962691,0.02440398951846062,0.8247867828852702
25698,LOF,0.03455724294798685,0.405721775935163,0.5597209811168501
25699,LOF,0.062479638939768774,0.09495425418594258,0.8425661068742886
25700,LOF,0.030181523654718944,0.010459834924737128,0.9593586414205438
25701,LOF,0.017243400062053448,0.08394015807518043,0.8988164418627661
25702,GOF,0.04142660161231152,0.7356365952044426,0.22293680318324605
25703,LOF,0.013992447272923913,0.19338764008235892,0.7926199126447171
25704,LOF,0.10209088552154079,0.14507437118069974,0.7528347432977593
25705,LOF,0.056808481739950636,0.23668568159152356,0.706505836668526
25706,GOF,0.052524364640339424,0.5927262488923368,0.3547493864673238
25707,GOF,0.03039108086778846,0.4952585279356185,0.474350391196593
25708,LOF,0.008721224639470719,0.43569121435921676,0.5555875610013125
25709,LOF,0.018872127822668464,0.06242464550611797,0.9187032266712135
25710,LOF,0.009214286680294814,0.16820727392942506,0.8225784393902802
25711,LOF,0.02071326047075997,0.11681334357975143,0.8624733959494885
25712,LOF,0.010166086344025695,0.223711670877775,0.7661222427781994
25713,LOF,0.01860397641257874,0.10038825565493266,0.8810077679324886
25714,LOF,0.02032566774744661,0.12679263446666245,0.852881697785891
25715,LOF,0.02010626897382477,0.10963461296683738,0.8702591180593379
25716,LOF,0.010301618994852534,0.12512351885372078,0.8645748621514266
25717,LOF,0.006090694806027448,0.12956557315891776,0.8643437320350548
25718,LOF,0.018148087351069767,0.07852809391004528,0.903323818738885
25719,LOF,0.03278654153305926,0.08124673953148487,0.8859667189354558
25720,LOF,0.021771011205715805,0.08784672342850687,0.8903822653657775
25721,LOF,0.023490948816859196,0.09493531399528217,0.8815737371878587
25722,LOF,0.018507990829552075,0.12418175075755941,0.8573102584128884
25723,LOF,0.02070500210700069,0.07037697067232448,0.9089180272206747
25724,LOF,0.03831805285885988,0.08961802817795232,0.8720639189631877
25725,LOF,0.021772899862324453,0.06413298248106064,0.914094117656615
25726,LOF,0.01620876093919861,0.09982439787930263,0.8839668411814987
25727,LOF,0.019542353005307416,0.08717522734725507,0.8932824196474376
25728,LOF,0.018581062937553294,0.09661985753167353,0.8847990795307732
25729,LOF,0.01924925350635704,0.09850648053268464,0.8822442659609584
25730,LOF,0.019905082998537427,0.08057863753146775,0.8995162794699949
25731,LOF,0.011243628511721998,0.15981899833699453,0.8289373731512835
25732,LOF,0.017656046040534012,0.09022746834646536,0.8921164856130006
25733,LOF,0.02695348599160388,0.07045345053748575,0.9025930634709104
25734,LOF,0.0069889742911934515,0.20077084926241182,0.7922401764463948
25735,LOF,0.022580360240722578,0.07320812128814459,0.9042115184711329
25736,LOF,0.021405042449808467,0.10732419177024462,0.8712707657799468
25737,LOF,0.040492859772404445,0.08364117050583994,0.8758659697217557
25738,LOF,0.020637624027758983,0.12023315137778608,0.859129224594455
25739,LOF,0.021689279748442553,0.1170389816691251,0.8612717385824323
25740,LOF,0.04955387318826297,0.11625694988444003,0.834189176927297
25741,LOF,0.025065275695928372,0.08907674602751077,0.8858579782765609
25742,LOF,0.035037186526789006,0.10209074455353875,0.8628720689196722
25743,LOF,0.011973677230325094,0.04362158406890516,0.9444047387007697
25744,GOF,0.1221020556550069,0.453787998865226,0.424109945479767
25745,LOF,0.02014299675113585,0.06378563693375687,0.9160713663151073
25746,LOF,0.011986471600643816,0.07675344996322951,0.9112600784361266
25747,LOF,0.03369952232486491,0.03951625420073574,0.9267842234743993
25748,LOF,0.1780529576368765,0.07107847397678209,0.7508685683863414
25749,LOF,0.014254566533284658,0.04970149563083978,0.9360439378358755
25750,LOF,0.01636287559190066,0.07597527400028371,0.9076618504078158
25751,LOF,0.03596136133653627,0.0802233542448065,0.8838152844186571
25752,GOF,0.08932533567222274,0.6503244806834196,0.2603501836443575
25753,LOF,0.008084033137947533,0.35982136966769096,0.6320945971943615
25754,GOF,0.006092601895117982,0.8487326463458275,0.14517475175905462
25755,LOF,0.011921191675196887,0.41817603312077933,0.5699027752040238
25756,LOF,0.05908369839705458,0.4029680323315923,0.5379482692713531
25757,GOF,0.008154930174056715,0.8678133444550942,0.12403172537084901
25758,GOF,0.008712833469468245,0.8478459753092725,0.14344119122125934
25759,GOF,0.005418386223640742,0.555754634440443,0.4388269793359162
25760,LOF,0.007822029459452831,0.2940471498078929,0.6981308207326543
25761,GOF,0.057454220181884945,0.8300619510902122,0.11248382872790287
25762,LOF,0.034403976951911296,0.34915783003994616,0.6164381930081425
25763,LOF,0.010362883604463469,0.24792869154395103,0.7417084248515854
25764,GOF,0.10990001196346764,0.5639417895457455,0.32615819849078687
25765,GOF,0.008682205148062356,0.8240362713420502,0.1672815235098875
25766,GOF,0.030769153131807846,0.8210342885378076,0.14819655833038473
25767,LOF,0.019024740160135525,0.488716702932156,0.4922585569077084
25768,LOF,0.04068461370281131,0.0736782416790946,0.8856371446180942
25769,LOF,0.022859246157767625,0.07598698048728687,0.9011537733549454
25770,LOF,0.15292909422179396,0.05883108555044852,0.7882398202277575
25771,LOF,0.015905513540903173,0.06986196545490213,0.9142325210041947
25772,LOF,0.02278859317521235,0.030288943496268407,0.9469224633285191
25773,LOF,0.012927826230599427,0.07861468075551456,0.908457493013886
25774,LOF,0.026008558870856,0.0852938431280914,0.8886975980010525
25775,LOF,0.021089141670492806,0.04125314823251761,0.9376577100969896
25776,LOF,0.024091969958482114,0.026287958091460797,0.949620071950057
25777,LOF,0.17833124506376338,0.0662390585556802,0.7554296963805565
25778,LOF,0.01912548281413183,0.05008888742954326,0.9307856297563248
25779,GOF,0.044511532035880055,0.8858048305802361,0.06968363738388388
25780,GOF,0.0772204165662998,0.8612115166273154,0.061568066806384755
25781,GOF,0.027640302981760675,0.8534907783766816,0.11886891864155766
25782,GOF,0.035401780854377195,0.8849089447880771,0.07968927435754569
25783,GOF,0.020193786204186496,0.7418717227247585,0.2379344910710549
25784,GOF,0.11072796337568139,0.8345727716966899,0.054699264927628735
25785,GOF,0.06948193645915268,0.8856715407383251,0.04484652280252228
25786,GOF,0.005533576529864726,0.8343164062503259,0.1601500172198094
25787,GOF,0.17440725151319528,0.7943516899030606,0.031241058583744125
25788,LOF,0.015103299522380199,0.16327491400294047,0.8216217864746794
25789,GOF,0.01919630353673372,0.8556458685223083,0.12515782794095803
25790,GOF,0.024842500718584938,0.8786312467029215,0.09652625257849355
25791,GOF,0.016994382401713432,0.8061927233770295,0.17681289422125698
25792,GOF,0.027000251964632876,0.8310158826500994,0.14198386538526758
25793,GOF,0.07935618527398278,0.8239341315274366,0.09670968319858074
25794,GOF,0.06812302596206564,0.7709997548914875,0.16087721914644681
25795,GOF,0.04097435528831041,0.785916490404339,0.17310915430735066
25796,GOF,0.10049993052827787,0.7840078368536278,0.11549223261809413
25797,GOF,0.03623660273883981,0.6695362472661666,0.29422714999499366
25798,GOF,0.0032205566116682103,0.6483148485122784,0.34846459487605336
25799,GOF,0.0031069908950214923,0.5209469164853427,0.47594609261963566
25800,GOF,0.012384206102311054,0.7204689189645899,0.26714687493309913
25801,GOF,0.01624136512359679,0.8493675378282362,0.13439109704816693
25802,GOF,0.022516277508827932,0.7978144645054451,0.17966925798572686
25803,GOF,0.011347011841692862,0.7041910623728566,0.2844619257854506
25804,GOF,0.013719493869364743,0.6025256121232568,0.3837548940073784
25805,GOF,0.026790235911102286,0.7215970199040179,0.25161274418487983
25806,GOF,0.02096891158399297,0.7492716463679501,0.2297594420480571
25807,GOF,0.005360435381766818,0.7061766554958777,0.2884629091223555
25808,GOF,0.016013226357511404,0.7521784552946821,0.23180831834780663
25809,GOF,0.006510453587995817,0.7191033322908774,0.2743862141211268
25810,GOF,0.005716724802443858,0.7300689549967836,0.2642143202007726
25811,GOF,0.05153213173986,0.8540262276168981,0.09444164064324191
25812,GOF,0.016458717089617502,0.6865737066131047,0.2969675762972779
25813,GOF,0.10575873835988545,0.7983786718353473,0.09586258980476733
25814,GOF,0.027228379355754003,0.7883658926803814,0.1844057279638645
25815,GOF,0.04112954569480626,0.809840154520896,0.1490302997842978
25816,GOF,0.007835533314262219,0.8426087565112736,0.14955571017446423
25817,GOF,0.09705816060563383,0.7603011905560734,0.1426406488382929
25818,GOF,0.025216274001874924,0.803002148957043,0.17178157704108196
25819,GOF,0.06838538514065681,0.7761901749301889,0.1554244399291543
25820,GOF,0.03467995880879411,0.7618726390713025,0.2034474021199034
25821,GOF,0.01857501695587233,0.7526864121152594,0.22873857092886826
25822,GOF,0.03854757962563701,0.7836192954444523,0.17783312492991063
25823,GOF,0.01416654367316114,0.6303516400569236,0.3554818162699153
25824,GOF,0.024929615808362032,0.7592681343366692,0.21580224985496868
25825,GOF,0.015194803117889708,0.7371098335349106,0.2476953633471997
25826,GOF,0.005237610296099888,0.7051641473943239,0.2895982423095762
25827,GOF,0.00822427877114967,0.6904133051879319,0.30136241604091835
25828,GOF,0.005595166160244476,0.6425266624252794,0.35187817141447597
25829,GOF,0.002927533514765405,0.7073613332077094,0.28971113327752523
25830,GOF,0.037086379934864626,0.4830856245690398,0.47982799549609556
25831,GOF,0.04914129230397995,0.8458312605030688,0.10502744719295115
25832,GOF,0.008888964864769778,0.8029362932705698,0.18817474186466046
25833,GOF,0.032014220443733594,0.8453156551016452,0.12267012445462103
25834,GOF,0.008715344452920026,0.8142324553879077,0.1770522001591722
25835,GOF,0.018340260605478803,0.8608175970641585,0.1208421423303628
25836,GOF,0.006757296736501345,0.8112535511960492,0.1819891520674494
25837,GOF,0.007201581268328886,0.71585647413293,0.2769419445987413
25838,GOF,0.021174629112851825,0.8645399152457988,0.11428545564134944
25839,GOF,0.03975274495168314,0.8532161430996392,0.10703111194867754
25840,GOF,0.05923104054144756,0.8392418177336748,0.10152714172487767
25841,GOF,0.052816065407681204,0.8543988518542123,0.09278508273810636
25842,GOF,0.0308951102469495,0.8980028596598811,0.07110203009316937
25843,GOF,0.031169667059014222,0.9020144532779472,0.06681587966303851
25844,GOF,0.019006668731501017,0.8515146055182012,0.12947872575029779
25845,GOF,0.006629554097753895,0.6660569652541172,0.32731348064812893
25846,GOF,0.041396997773095204,0.8689024647285241,0.08970053749838089
25847,GOF,0.023655650861814845,0.9080724514942329,0.06827189764395217
25848,GOF,0.01798748622013671,0.8672137034228308,0.11479881035703246
25849,GOF,0.0052964103179511095,0.7456451356248428,0.2490584540572062
25850,GOF,0.0067518058784337125,0.7587011617137797,0.23454703240778657
25851,GOF,0.006015686116934715,0.6283680029333978,0.36561631094966746
25852,GOF,0.12749313723020347,0.6188867483070486,0.25362011446274785
25853,GOF,0.07846883968995136,0.8432832918795071,0.07824786843054138
25854,GOF,0.005504614358828153,0.7011634877638164,0.2933318978773555
25855,GOF,0.014780556772395797,0.6487088001138459,0.33651064311375817
25856,GOF,0.04018948920848501,0.7884217670601819,0.1713887437313331
25857,GOF,0.012731644118843354,0.6337977552564026,0.353470600624754
25858,GOF,0.008980422675543331,0.6447962589274936,0.34622331839696296
25859,GOF,0.005962265670047569,0.6146061470780633,0.379431587251889
25860,GOF,0.08780987450378633,0.8145454185292343,0.0976447069669793
25861,GOF,0.08977945699800408,0.7979465195201987,0.11227402348179723
25862,GOF,0.02188965219825109,0.8608591598278155,0.11725118797393339
25863,GOF,0.02159010369470868,0.8740651757684424,0.10434472053684894
25864,GOF,0.050528241993463716,0.8678039047018834,0.08166785330465283
25865,GOF,0.034675868197612356,0.8346400089318873,0.13068412287050035
25866,GOF,0.028414745307886135,0.8589591253445623,0.11262612934755162
25867,GOF,0.037674414354422876,0.8720692869228667,0.09025629872271052
25868,GOF,0.06101455557299941,0.8273500618963792,0.11163538253062133
25869,GOF,0.36058662825788157,0.5811138673709205,0.05829950437119796
25870,GOF,0.07199548676070722,0.6831245517794348,0.24487996145985802
25871,GOF,0.012121679593191213,0.8842798450828024,0.10359847532400634
25872,GOF,0.021481758944764673,0.8695873652551583,0.10893087580007704
25873,GOF,0.020447102581290174,0.8957382445077006,0.08381465291100915
25874,LOF,0.017126060299622374,0.18120672432240267,0.801667215377975
25875,LOF,0.052829000681006086,0.03852792123942676,0.908643078079567
25876,LOF,0.01839836665555317,0.028457694833008713,0.9531439385114382
25877,LOF,0.13749753561660402,0.07802805002188155,0.7844744143615144
25878,LOF,0.08231461139943971,0.11013638346032538,0.8075490051402349
25879,LOF,0.02855231131581982,0.07720197724136453,0.8942457114428157
25880,LOF,0.06132486985624224,0.009997372798550352,0.9286777573452074
25881,Neutral,0.5447016133280591,0.062009059558489885,0.3932893271134509
25882,LOF,0.055843314017733556,0.02680552799921051,0.917351157983056
25883,LOF,0.03176666867901147,0.0240142543850381,0.9442190769359503
25884,LOF,0.02827696902151428,0.04037995160715238,0.9313430793713334
25885,LOF,0.22631270718675145,0.011164194722216546,0.762523098091032
25886,LOF,0.15287838863554293,0.05419840492004416,0.7929232064444128
25887,LOF,0.18518170121460445,0.06362644225482733,0.7511918565305682
25888,LOF,0.012525677614909494,0.13430511740949377,0.8531692049755967
25889,LOF,0.033947353943346706,0.029607094087699563,0.9364455519689537
25890,LOF,0.10678879092700812,0.1095901271781438,0.783621081894848
25891,LOF,0.09112728423152892,0.020172798828113236,0.8886999169403579
25892,LOF,0.009190702521767404,0.0340785394032081,0.9567307580750245
25893,LOF,0.40858868142199656,0.009306107530032987,0.5821052110479704
25894,LOF,0.44743267377833,0.006238951940252926,0.546328374281417
25895,LOF,0.3436452449749004,0.011244664809969392,0.6451100902151302
25896,LOF,0.05968355659732395,0.02301291978742165,0.9173035236152544
25897,LOF,0.19454871020304224,0.010293177811484523,0.7951581119854733
25898,LOF,0.1447666361463044,0.031229319351531868,0.8240040445021637
25899,LOF,0.3012373013032473,0.022813202068163972,0.6759494966285888
25900,LOF,0.4173152398914615,0.008526319428827922,0.5741584406797107
25901,LOF,0.06072712302188143,0.009655070266157875,0.9296178067119607
25902,LOF,0.15366686721640566,0.012217848718132644,0.8341152840654616
25903,LOF,0.41291113335627394,0.022133991803571576,0.5649548748401545
25904,LOF,0.4576408749423229,0.03483173978540569,0.5075273852722714
25905,LOF,0.00395014311152882,0.4497506770735842,0.546299179814887
25906,LOF,0.008607191653438062,0.11341989705142237,0.8779729112951397
25907,LOF,0.0040268372953076986,0.35809823987064426,0.637874922834048
25908,LOF,0.0045165846732719535,0.24755590199491428,0.7479275133318137
25909,LOF,0.0232445778826632,0.1581021692765854,0.8186532528407514
25910,LOF,0.012319139042014033,0.1094815736048178,0.8781992873531682
25911,LOF,0.34273286749841886,0.03961298573461337,0.6176541467669677
25912,LOF,0.07995370715753544,0.04897793384717095,0.8710683589952936
25913,LOF,0.049254700149811856,0.06280807232273146,0.8879372275274566
25914,LOF,0.03585627092821232,0.06581102274290049,0.8983327063288871
25915,LOF,0.1443423654172163,0.31882745889569586,0.5368301756870878
25916,LOF,0.028358814731240686,0.20780736686439863,0.7638338184043607
25917,LOF,0.07193464925874622,0.05671476668289846,0.8713505840583552
25918,LOF,0.04376301102197663,0.038834884814643617,0.9174021041633796
25919,LOF,0.038512314495720956,0.038039845075434314,0.9234478404288446
25920,LOF,0.15906706479555377,0.1777820861413618,0.6631508490630844
25921,LOF,0.017192265348772252,0.04417638601021085,0.9386313486410168
25922,LOF,0.01802860242923486,0.038962161919830485,0.9430092356509348
25923,LOF,0.4258621965349549,0.05073167668368857,0.5234061267813565
25924,LOF,0.026020755874558717,0.05825847289106311,0.9157207712343782
25925,LOF,0.07216372041324964,0.0672930532689034,0.8605432263178469
25926,LOF,0.05337212128296194,0.06243485093872035,0.8841930277783177
25927,LOF,0.02436694375395436,0.07875170923437973,0.8968813470116659
25928,LOF,0.011343819029942607,0.061514259203108726,0.9271419217669487
25929,Neutral,0.5198223890070671,0.047131911638601136,0.43304569935433185
25930,LOF,0.06255419688744286,0.04631655300998545,0.8911292501025718
25931,LOF,0.014923617363934183,0.04180957192037767,0.9432668107156882
25932,LOF,0.05378065758517573,0.03435270492387899,0.9118666374909454
25933,LOF,0.05163185333888131,0.025243559497931528,0.9231245871631871
25934,LOF,0.045100958936998774,0.024498269330125288,0.9304007717328759
25935,LOF,0.06302016842656592,0.07581744302987017,0.8611623885435639
25936,LOF,0.07709629755392164,0.026987251433466985,0.8959164510126114
25937,LOF,0.01544271651194393,0.04307199162023718,0.9414852918678189
25938,LOF,0.06362503623180335,0.06881738918719527,0.8675575745810015
25939,LOF,0.0355455846557562,0.03517209926622204,0.9292823160780218
25940,LOF,0.00912907243847406,0.34628069991291666,0.6445902276486094
25941,Neutral,0.5017303756440985,0.03891897860457146,0.45935064575133
25942,LOF,0.008569984500994155,0.05022878448378578,0.9412012310152201
25943,LOF,0.04745191386010544,0.18366965937440255,0.768878426765492
25944,LOF,0.06339390184442151,0.09602671932355397,0.8405793788320245
25945,LOF,0.11785271175650437,0.020393943988745975,0.8617533442547497
25946,LOF,0.08138825785215661,0.04353156874015762,0.8750801734076857
25947,Neutral,0.4464196644104697,0.1269517678704977,0.4266285677190327
25948,LOF,0.44460603131028187,0.016627201083744797,0.5387667676059734
25949,LOF,0.13470606008953195,0.07193713402219447,0.7933568058882736
25950,GOF,0.06318132017642596,0.6230743750224171,0.3137443048011569
25951,LOF,0.011301567882547532,0.42560837332480334,0.5630900587926491
25952,LOF,0.30907417410362714,0.24912039572587802,0.4418054301704948
25953,LOF,0.007912193825758739,0.1879619047170945,0.8041259014571468
25954,LOF,0.08736364251096501,0.4542384055184088,0.45839795197062627
25955,LOF,0.006727631279412617,0.1576114917559339,0.8356608769646534
25956,LOF,0.018339441838756892,0.24580943969496294,0.7358511184662802
25957,LOF,0.22444117394621393,0.03223429716497347,0.7433245288888126
25958,LOF,0.030740665165020935,0.03703500520716715,0.9322243296278119
25959,GOF,0.013618122973756995,0.5275900427907483,0.45879183423549463
25960,LOF,0.0071219847191562845,0.06230265954919547,0.9305753557316482
25961,LOF,0.0290462120666814,0.03280606319377397,0.9381477247395446
25962,LOF,0.03545561517957593,0.06990531746815659,0.8946390673522674
25963,LOF,0.005199506434168964,0.19392221976821597,0.8008782737976151
25964,LOF,0.03155421151947873,0.09848563214680305,0.8699601563337184
25965,LOF,0.2438932573227503,0.1328615380117092,0.6232452046655405
25966,Neutral,0.45448099692453087,0.1279159849218639,0.4176030181536052
25967,LOF,0.009134894086975029,0.07873833368717595,0.912126772225849
25968,LOF,0.04917598685952499,0.21244702951984806,0.738376983620627
25969,LOF,0.13172605580236438,0.04285489534614018,0.8254190488514954
25970,LOF,0.02262131597043197,0.07874205868254253,0.8986366253470255
25971,LOF,0.0852665321626357,0.028335172148011255,0.886398295689353
25972,LOF,0.06608637832397976,0.04236105174258893,0.8915525699334313
25973,LOF,0.06667030564240628,0.011081373457569427,0.9222483209000244
25974,LOF,0.05286569181852684,0.03824396424750963,0.9088903439339634
25975,LOF,0.04643677368213387,0.022409604171401466,0.9311536221464647
25976,LOF,0.10542256093699405,0.012727011051313186,0.8818504280116928
25977,LOF,0.1864715575859339,0.09609382217133663,0.7174346202427294
25978,LOF,0.1910225219700181,0.1137781880933603,0.6951992899366217
25979,LOF,0.1543146571443694,0.13022787332195923,0.7154574695336715
25980,LOF,0.25958595115375255,0.16633383608097588,0.5740802127652717
25981,LOF,0.26014487463128744,0.16717825110236523,0.5726768742663474
25982,Neutral,0.4762090309683,0.0841994231926542,0.43959154583904597
25983,Neutral,0.48771499057265705,0.1054813002169934,0.40680370921034964
25984,LOF,0.03763358000583165,0.08551577585016878,0.8768506441439995
25985,LOF,0.4264175960940243,0.13830824762284671,0.43527415628312904
25986,LOF,0.01370418438840747,0.397110621085541,0.5891851945260516
25987,LOF,0.06315968903290743,0.10979378792704379,0.8270465230400488
25988,LOF,0.045986234122050454,0.16163476140551641,0.7923790044724331
25989,LOF,0.04032982581200303,0.20965651640308977,0.7500136577849071
25990,LOF,0.042838991408877855,0.30147082939788544,0.6556901791932366
25991,LOF,0.02741175547234219,0.4496640589009872,0.5229241856266706
25992,LOF,0.024000120250145068,0.43853397836540137,0.5374659013844536
25993,LOF,0.029787286867489784,0.09258183933877207,0.8776308737937382
25994,LOF,0.023824280635236453,0.08581701345405975,0.8903587059107038
25995,LOF,0.02091978282738068,0.18189276846308278,0.7971874487095365
25996,Neutral,0.35314602678807683,0.3074410381164064,0.33941293509551684
25997,LOF,0.07217148083646988,0.39084132595174864,0.5369871932117815
25998,LOF,0.27532900322123943,0.04576268081933751,0.6789083159594231
25999,LOF,0.02417830624104642,0.23267119539365122,0.7431504983653023
26000,LOF,0.19750275315257082,0.03772057881915757,0.7647766680282716
26001,LOF,0.2565726159125841,0.041486051773427436,0.7019413323139885
26002,LOF,0.11210561675615047,0.05530888940043924,0.8325854938434102
26003,GOF,0.005270146424398502,0.6535617492664266,0.34116810430917505
26004,GOF,0.008108513387906635,0.7167299197092942,0.27516156690279914
26005,GOF,0.0034648136154991787,0.5126372176513572,0.48389796873314367
26006,GOF,0.10910736212435507,0.6113280374470574,0.27956460042858755
26007,GOF,0.007179340596314509,0.5731616508267469,0.4196590085769386
26008,GOF,0.005832136650256571,0.6638080717059122,0.33035979164383134
26009,GOF,0.007798836306848752,0.6904387676069093,0.30176239608624206
26010,GOF,0.00899621173366731,0.6519620759427078,0.3390417123236249
26011,LOF,0.003229020071937261,0.476489378634416,0.5202816012936466
26012,GOF,0.004615628390430709,0.550326511530305,0.44505786007926423
26013,GOF,0.006172976874462312,0.6176269933135206,0.37620002981201706
26014,LOF,0.0572036239153762,0.12242607077783585,0.820370305306788
26015,LOF,0.4278823382933271,0.02016596263771377,0.5519516990689591
26016,LOF,0.3246385610818178,0.0392561296261771,0.6361053092920051
26017,LOF,0.029126534797056434,0.19251748078832842,0.7783559844146151
26018,LOF,0.03238494540008894,0.04332698122966469,0.9242880733702463
26019,LOF,0.032128518396848736,0.03627251074723326,0.931598970855918
26020,LOF,0.011379297565806416,0.16726595677062453,0.8213547456635691
26021,LOF,0.07553345341080207,0.06412416974213678,0.860342376847061
26022,LOF,0.04446723813161009,0.02005795014807602,0.9354748117203139
26023,LOF,0.03621938687054778,0.024183142300836995,0.9395974708286151
26024,LOF,0.04800345112886246,0.0629244301964995,0.889072118674638
26025,LOF,0.06144447258385675,0.08119203824011435,0.8573634891760289
26026,LOF,0.11680352675970561,0.05712557412447803,0.8260708991158163
26027,LOF,0.02950278930570816,0.019470529010683624,0.9510266816836083
26028,LOF,0.11560292090794011,0.13499429127157692,0.7494027878204829
26029,LOF,0.018084793635141743,0.20301281750789774,0.7789023888569605
26030,LOF,0.1583285279981174,0.03524975217658155,0.8064217198253012
26031,LOF,0.008616278200620015,0.18526130833427074,0.8061224134651093
26032,LOF,0.04047999196031162,0.085735344129186,0.8737846639105024
26033,LOF,0.06796035608574508,0.07683096155284047,0.8552086823614145
26034,LOF,0.012417025041743943,0.16903729205454082,0.8185456829037152
26035,LOF,0.010298642113946373,0.1326812968846673,0.8570200610013863
26036,LOF,0.011146568122163544,0.15234948991074806,0.8365039419670884
26037,LOF,0.009036728733040018,0.12478191452603841,0.8661813567409216
26038,LOF,0.034218312302749285,0.0774234460547642,0.8883582416424864
26039,LOF,0.023513326521382726,0.15051963484274206,0.8259670386358752
26040,LOF,0.10333490110998708,0.1705660109993699,0.7260990878906429
26041,LOF,0.011530835286954337,0.11348384213296057,0.8749853225800851
26042,LOF,0.010418711182328181,0.12079078783058389,0.8687905009870879
26043,LOF,0.03308887146833657,0.10625548693618433,0.860655641595479
26044,LOF,0.01250325855235041,0.06544348412971521,0.9220532573179343
26045,LOF,0.0663564845113649,0.1365834635466259,0.7970600519420094
26046,LOF,0.028746150104503775,0.08166317848371017,0.889590671411786
26047,LOF,0.04772154466379661,0.07944651580705195,0.8728319395291514
26048,LOF,0.08488088910503717,0.03273052869523513,0.8823885821997278
26049,Neutral,0.9502354377861376,0.009024486930136182,0.04074007528372622
26050,Neutral,0.9294646003934699,0.010006496252481123,0.06052890335404896
26051,LOF,0.014629810103341611,0.0883980992596202,0.8969720906370382
26052,LOF,0.029124546139405436,0.10507136279346038,0.8658040910671341
26053,LOF,0.03240986561159447,0.1397525487127844,0.827837585675621
26054,LOF,0.04296687062727863,0.026142173243703166,0.9308909561290183
26055,LOF,0.06138544186780407,0.023006730213325107,0.9156078279188709
26056,LOF,0.049516466072216804,0.028113669326277343,0.9223698646015058
26057,LOF,0.05571068968710967,0.013026407331149938,0.9312629029817404
26058,LOF,0.05944996054626866,0.010697162491561897,0.9298528769621693
26059,LOF,0.21237799451240633,0.02839941308312387,0.7592225924044698
26060,LOF,0.016928509320635565,0.18887601120274203,0.7941954794766225
26061,LOF,0.012675067602082594,0.01095886302367698,0.9763660693742405
26062,LOF,0.006634116524707535,0.01831985619942578,0.9750460272758666
26063,LOF,0.03820771243916071,0.011450426007916726,0.9503418615529226
26064,LOF,0.011204147803494146,0.024207480490499356,0.9645883717060065
26065,LOF,0.04737324134302023,0.01175180163874233,0.9408749570182375
26066,LOF,0.0451779490052816,0.010843886306987252,0.9439781646877312
26067,LOF,0.054886164361453924,0.009596008192129447,0.9355178274464166
26068,LOF,0.05201320241972919,0.04264627884568934,0.9053405187345814
26069,LOF,0.15963031828815286,0.02518401422699284,0.8151856674848544
26070,LOF,0.3399996465712155,0.020787430324092044,0.6392129231046925
26071,LOF,0.04566324725003071,0.011880228667320154,0.9424565240826491
26072,LOF,0.011388437750246594,0.01936564397355251,0.9692459182762009
26073,LOF,0.038487805563580585,0.014525101169665055,0.9469870932667543
26074,Neutral,0.9249491854550087,0.008219579268975093,0.0668312352760163
26075,LOF,0.05060209514451198,0.02106298280516537,0.9283349220503226
26076,LOF,0.05501764927184754,0.010914382009232984,0.9340679687189195
26077,LOF,0.16454970634662236,0.006571555666918403,0.8288787379864593
26078,LOF,0.008661186143222978,0.014527571043575441,0.9768112428132016
26079,LOF,0.06516209870057432,0.022448556992217216,0.9123893443072085
26080,LOF,0.06426860964890699,0.022493685576443625,0.9132377047746493
26081,LOF,0.03076276587703849,0.008674738856472233,0.9605624952664894
26082,LOF,0.007196906552360513,0.014479552865285803,0.9783235405823537
26083,LOF,0.09238397009814772,0.01993335311886882,0.8876826767829835
26084,LOF,0.10168044744741027,0.013212952808187076,0.8851065997444026
26085,LOF,0.09885547515882002,0.011501573887056683,0.8896429509541232
26086,LOF,0.03726423189191142,0.01214780642813971,0.9505879616799487
26087,LOF,0.0348636561732931,0.010328919220722557,0.9548074246059843
26088,LOF,0.008791101283791649,0.018413559713254778,0.9727953390029536
26089,LOF,0.04324946812268121,0.031998538166398256,0.9247519937109205
26090,LOF,0.04376948859950636,0.02533262960436311,0.9308978817961306
26091,LOF,0.031296009562323826,0.007678141497904374,0.9610258489397718
26092,LOF,0.042005110418491316,0.008195529688022177,0.9497993598934866
26093,LOF,0.08044118500622865,0.00632497971997192,0.9132338352737995
26094,LOF,0.03581367702174593,0.007244570642164522,0.9569417523360896
26095,LOF,0.037955244904758566,0.017790579238290423,0.9442541758569509
26096,LOF,0.23881481639795657,0.005093648550849711,0.7560915350511938
26097,LOF,0.008465061064414144,0.03052331512746272,0.9610116238081231
26098,LOF,0.08149992588512402,0.018954443883712323,0.8995456302311636
26099,LOF,0.041298847575676714,0.014671675617592883,0.9440294768067304
26100,LOF,0.04129817987619804,0.01467143841314927,0.9440303817106527
26101,LOF,0.05713819107469037,0.02735427424698684,0.9155075346783228
26102,LOF,0.03275369492975746,0.015658914806985554,0.9515873902632569
26103,Neutral,0.8801524734936895,0.024904235489907355,0.0949432910164033
26104,LOF,0.060161141167940156,0.03646357923193505,0.9033752796001249
26105,LOF,0.2278084580491687,0.1918620583829919,0.5803294835678394
26106,LOF,0.3095051568407318,0.13224466601944335,0.5582501771398248
26107,LOF,0.019607834269041873,0.09893971722262702,0.8814524485083312
26108,LOF,0.2664616017872048,0.05124502461554666,0.6822933735972485
26109,LOF,0.09784683268617536,0.04036465210308201,0.8617885152107426
26110,LOF,0.4643882660286333,0.005353741420228175,0.5302579925511385
26111,LOF,0.0627877200547615,0.09854391246918397,0.8386683674760546
26112,LOF,0.054547761848712184,0.006414978404612926,0.9390372597466748
26113,LOF,0.10153187537807466,0.013238368625285718,0.8852297559966397
26114,LOF,0.09098545319873808,0.009398287892689976,0.899616258908572
26115,LOF,0.01229734524219841,0.0598252908230781,0.9278773639347235
26116,LOF,0.0697475604398804,0.03201775520633395,0.8982346843537857
26117,LOF,0.4052632648498993,0.030818744484268787,0.5639179906658318
26118,LOF,0.04636224766739248,0.015177851906905153,0.9384599004257025
26119,LOF,0.006085327202977496,0.030340270708668324,0.9635744020883542
26120,LOF,0.03774092103518578,0.014322939003505852,0.9479361399613082
