feature0,prediction,LoGoFunc_Neutral,LoGoFunc_GOF,LoGoFunc_LOF
25546,Neutral,0.6852775212972426,0.04149777364617833,0.2732247050565791
25547,Neutral,0.5861737852846252,0.1001834070730692,0.3136428076423056
25548,Neutral,0.5331545893405775,0.06702351338268689,0.39982189727673556
25549,Neutral,0.49273298214185907,0.07655057703643622,0.4307164408217048
25550,Neutral,0.6384115624810252,0.034030227124031205,0.32755821039494365
25551,Neutral,0.6626028079410144,0.03623087247231037,0.30116631958667517
25552,LOF,0.35151699148835736,0.06510806995651272,0.58337493855513
25553,Neutral,0.5544645753835152,0.03128927240341199,0.41424615221307287
25554,LOF,0.3883583179665329,0.07047916496196491,0.5411625170715022
25555,LOF,0.30678191433081126,0.06098696567220522,0.6322311199969834
25556,LOF,0.39569799262619365,0.0645244765669703,0.539777530806836
25557,LOF,0.29606328237218477,0.073151183469567,0.6307855341582482
25558,LOF,0.3789310397737205,0.0746233780164359,0.5464455822098436
25559,LOF,0.2512805951223981,0.061864603797169126,0.6868548010804327
25560,LOF,0.03581780032420555,0.2205607166789147,0.7436214829968798
25561,LOF,0.10855707070774728,0.23076592180789632,0.6606770074843563
25562,LOF,0.0971485521144276,0.052254079682818574,0.8505973682027538
25563,LOF,0.1361543843308234,0.08036617186011859,0.7834794438090581
25564,LOF,0.06042114653679612,0.1130579798347884,0.8265208736284154
25565,LOF,0.1302811530415097,0.29227246962842784,0.5774463773300624
25566,GOF,0.032267439859736104,0.5519284310596149,0.4158041290806491
25567,LOF,0.01872819373322566,0.07532798480958426,0.9059438214571901
25568,LOF,0.10900231350666496,0.061752960485900225,0.8292447260074347
25569,LOF,0.2727254740886033,0.01128895146451703,0.7159855744468796
25570,LOF,0.0825790707507479,0.11553166403470813,0.8018892652145441
25571,LOF,0.09610363756866207,0.06981619666589299,0.834080165765445
25572,LOF,0.0730114869959446,0.09995703565648904,0.8270314773475663
25573,LOF,0.037390031384456186,0.06538487691461606,0.8972250917009278
25574,LOF,0.014184671430493775,0.16241975587339572,0.8233955726961105
25575,LOF,0.08436188746728203,0.03894637246320251,0.8766917400695154
25576,LOF,0.02513090217707242,0.03147897768949243,0.9433901201334352
25577,LOF,0.018526460678853024,0.04743493334036055,0.9340386059807865
25578,LOF,0.31878027628583594,0.10159891123984835,0.5796208124743157
25579,LOF,0.10722251365908539,0.0991640018234652,0.7936134845174495
25580,LOF,0.05208574106162654,0.02220170035387892,0.9257125585844945
25581,LOF,0.09926234128875673,0.06699308667425803,0.8337445720369852
25582,LOF,0.09986014253854326,0.041161466840043785,0.8589783906214129
25583,LOF,0.06141340959250772,0.02503219013264426,0.913554400274848
25584,Neutral,0.5320321029723291,0.04709981285147193,0.420868084176199
25585,LOF,0.01973998119051177,0.03466692971685372,0.9455930890926345
25586,LOF,0.05612822266638845,0.044686308813894605,0.899185468519717
25587,LOF,0.04308400512607685,0.03540637604662475,0.9215096188272983
25588,LOF,0.047500667518848266,0.050191640112400536,0.9023076923687512
25589,Neutral,0.7475865721312145,0.07870300510454226,0.17371042276424334
25590,LOF,0.035951915794515704,0.10060848915402544,0.8634395950514588
25591,LOF,0.12205893317114508,0.034713820856189834,0.8432272459726651
25592,LOF,0.22845093622224266,0.12976758142031017,0.6417814823574471
25593,LOF,0.01845074160559022,0.3678173748164704,0.6137318835779395
25594,LOF,0.06571690349530789,0.1303588868673037,0.8039242096373883
25595,LOF,0.05488808708266746,0.2457731907702741,0.6993387221470584
25596,LOF,0.1156216547168268,0.08655748846244883,0.7978208568207242
25597,LOF,0.10240377831494699,0.06132315303970902,0.836273068645344
25598,LOF,0.16715260379684901,0.0959082939057573,0.7369391022973937
25599,LOF,0.013796749770129514,0.26639480040160335,0.7198084498282672
25600,LOF,0.016851944256329097,0.2705686677094949,0.712579388034176
25601,LOF,0.010622787370385783,0.17027432101172907,0.8191028916178852
25602,LOF,0.03691898530008932,0.0812903467913213,0.8817906679085894
25603,LOF,0.04331088075012307,0.09562088075360793,0.8610682384962689
25604,LOF,0.02717865478416835,0.13413973175538432,0.8386816134604472
25605,LOF,0.013836580791923491,0.3429070310317611,0.6432563881763155
25606,GOF,0.08558474595946536,0.4766728997757648,0.4377423542647698
25607,LOF,0.0032367682426367255,0.17406716821015752,0.8226960635472057
25608,LOF,0.024088060018665893,0.051564244978816495,0.9243476950025175
25609,LOF,0.11622201038934382,0.1617281999894859,0.7220497896211704
25610,LOF,0.03465990932953322,0.09159178106772264,0.8737483096027441
25611,LOF,0.05534752992688231,0.07826146707299579,0.8663910030001218
25612,LOF,0.15082050744965944,0.03827956784646638,0.8108999247038742
25613,LOF,0.052551738631029514,0.08988466184506165,0.8575635995239088
25614,LOF,0.028928565129890543,0.12960006331549778,0.8414713715546116
25615,LOF,0.036307604409620185,0.08378271670226707,0.8799096788881128
25616,LOF,0.023596072242149213,0.1476158843067271,0.8287880434511237
25617,LOF,0.04586883193655968,0.10087339561172694,0.8532577724517135
25618,LOF,0.10225473958681537,0.4190717123510803,0.4786735480621043
25619,LOF,0.04153693966071289,0.0917386643033357,0.8667243960359514
25620,LOF,0.03185561160401542,0.1185333137867367,0.8496110746092479
25621,LOF,0.04160648614567437,0.08197806366590565,0.8764154501884199
25622,LOF,0.03278152363884004,0.12151332068474699,0.845705155676413
25623,LOF,0.052385009119857044,0.10105053587355152,0.8465644550065915
25624,LOF,0.02974749520934839,0.16465495121372617,0.8055975535769254
25625,LOF,0.03486195418058361,0.10545439297552724,0.8596836528438891
25626,LOF,0.14461663945427883,0.04461814367126682,0.8107652168744542
25627,Neutral,0.43694202007853294,0.14196257752465583,0.4210954023968112
25628,LOF,0.1573004947598054,0.0402488068800908,0.8024506983601039
25629,LOF,0.19272569476759613,0.02533894907714614,0.7819353561552577
25630,LOF,0.09697701091414905,0.06281163168088223,0.8402113574049688
25631,Neutral,0.5085521797546452,0.09823176813237955,0.39321605211297533
25632,LOF,0.011503459612752386,0.05736066819108272,0.9311358721961648
25633,LOF,0.3143384046234283,0.2178566144043032,0.4678049809722685
25634,LOF,0.08737134970674813,0.08873539628035435,0.8238932540128975
25635,LOF,0.04682565578708989,0.06554375993447635,0.8876305842784337
25636,GOF,0.004617788692225399,0.554808711500388,0.4405734998073865
25637,LOF,0.005440007386205274,0.2909430797388657,0.703616912874929
25638,LOF,0.006814928286992656,0.32999709257951915,0.6631879791334881
25639,LOF,0.006082853549506506,0.2558549730523048,0.7380621733981887
25640,Neutral,0.570390894541177,0.31168480775038643,0.11792429770843664
25641,LOF,0.00998589192840475,0.12055106211151834,0.8694630459600768
25642,LOF,0.2521529103624577,0.03891186908641312,0.7089352205511292
25643,LOF,0.38778560496069825,0.015277249792918886,0.596937145246383
25644,LOF,0.012443056455563723,0.34714676892998014,0.6404101746144562
25645,LOF,0.01059933041558127,0.42458601353818115,0.5648146560462376
25646,LOF,0.01115400516817597,0.3052071797651546,0.6836388150666693
25647,LOF,0.011907792099941937,0.26876378562532866,0.7193284222747295
25648,LOF,0.008871551533768575,0.33945388376240854,0.651674564703823
25649,LOF,0.00843419099983116,0.19738581361749533,0.7941799953826736
25650,LOF,0.033202623452714235,0.4474108392646534,0.5193865372826323
25651,LOF,0.008256938596789248,0.2404567551423184,0.7512863062608923
25652,LOF,0.014124598151431803,0.31804134265004425,0.667834059198524
25653,GOF,0.07921965237853648,0.5649674566981667,0.35581289092329677
25654,LOF,0.009915191377399133,0.4916656111816626,0.4984191974409382
25655,GOF,0.07784870854201374,0.5210901377798646,0.4010611536781217
25656,LOF,0.06119546418331592,0.3281991015165267,0.6106054343001573
25657,LOF,0.246431736728971,0.032426798022215375,0.7211414652488137
25658,LOF,0.020116455318262276,0.30372336113244935,0.6761601835492884
25659,LOF,0.13782648968937672,0.23180423813703277,0.6303692721735905
25660,LOF,0.10041552693445323,0.11367207098776849,0.7859124020777783
25661,LOF,0.07423469931960876,0.0801405108657577,0.8456247898146336
25662,LOF,0.05083964213467275,0.07244239162876141,0.8767179662365658
25663,LOF,0.04985842853089269,0.09616466797208151,0.8539769034970257
25664,LOF,0.04075674475948892,0.16294816226550185,0.7962950929750093
25665,LOF,0.07721792487898399,0.10523488823500368,0.8175471868860124
25666,LOF,0.0657451548171081,0.19824340934869322,0.7360114358341987
25667,LOF,0.04636326086166774,0.03242876655735335,0.921207972580979
25668,LOF,0.04951872269523837,0.052706394930639826,0.8977748823741218
25669,LOF,0.03804459802063958,0.10700647433786166,0.8549489276414988
25670,LOF,0.0587899655148812,0.0800364459452988,0.86117358853982
25671,LOF,0.0625216549626362,0.07004107923562276,0.867437265801741
25672,LOF,0.08259120770251707,0.05906733112032182,0.858341461177161
25673,LOF,0.061037903618043884,0.07557799813123256,0.8633840982507236
25674,LOF,0.03439682325353842,0.12327646537758952,0.842326711368872
25675,LOF,0.06376775273214205,0.044270198010810946,0.8919620492570469
25676,LOF,0.046553321334804436,0.10358125787039038,0.8498654207948051
25677,LOF,0.08060638825610808,0.05948122706431809,0.8599123846795739
25678,LOF,0.30512622025776076,0.05988951205534241,0.6349842676868968
25679,LOF,0.16200881426788047,0.09956796947521385,0.7384232162569058
25680,LOF,0.10206841828344358,0.14514073801169702,0.7527908437048594
25681,LOF,0.11627771425628877,0.1343245168001294,0.7493977689435817
25682,LOF,0.05816524867498115,0.08398614805274941,0.8578486032722694
25683,LOF,0.13592324684360665,0.08578023652429458,0.7782965166320988
25684,LOF,0.08729249545578809,0.12136468521324152,0.7913428193309704
25685,LOF,0.10951654700489485,0.0604407809415413,0.8300426720535639
25686,LOF,0.02193486561758944,0.22745959114323377,0.7506055432391769
25687,LOF,0.03692112282282479,0.22759179193651624,0.735487085240659
25688,LOF,0.013933227681415403,0.41422716488826944,0.5718396074303151
25689,LOF,0.01043240321712627,0.229180724339615,0.7603868724432586
25690,LOF,0.010965110954714584,0.4812500224723501,0.5077848665729353
25691,GOF,0.06230274445868852,0.7050492544910199,0.23264800105029157
25692,LOF,0.12777761490879302,0.040506670163930246,0.8317157149272766
25693,LOF,0.030718778715247214,0.4229941691289217,0.5462870521558311
25694,LOF,0.20894772699225148,0.05090149125020678,0.7401507817575418
25695,LOF,0.1565972272448368,0.09106074646418387,0.7523420262909793
25696,LOF,0.15795372535951896,0.06568843835327061,0.7763578362872104
25697,LOF,0.1588925443402463,0.029838224425381563,0.8112692312343721
25698,LOF,0.014352203430569829,0.44524433083337334,0.5404034657360568
25699,LOF,0.06155565177375196,0.31900448653400226,0.6194398616922457
25700,LOF,0.052387908480572835,0.027281705295665704,0.9203303862237615
25701,LOF,0.010036755733517344,0.48935722775461715,0.5006060165118655
25702,GOF,0.027398606725701862,0.5259593745840864,0.44664201869021175
25703,LOF,0.019521294980471043,0.07456229982732981,0.9059164051921991
25704,LOF,0.0634942280304688,0.11321923785471912,0.823286534114812
25705,LOF,0.0940058396142242,0.22245349360405892,0.6835406667817169
25706,GOF,0.01942918311838184,0.7308393191834482,0.2497314976981699
25707,GOF,0.018335973764605443,0.6640642989490606,0.317599727286334
25708,GOF,0.007927244976509039,0.7030297121215596,0.2890430429019314
25709,LOF,0.04837149455854049,0.12691856037332908,0.8247099450681304
25710,LOF,0.010505579300749586,0.22907640665989082,0.7604180140393596
25711,LOF,0.047929474339019625,0.1345122747060003,0.81755825095498
25712,LOF,0.018302260911041812,0.15822995147316987,0.8234677876157884
25713,LOF,0.04081889654563314,0.13971539931028049,0.8194657041440864
25714,LOF,0.034852630495006205,0.33942051003032814,0.6257268594746656
25715,LOF,0.03589024893363504,0.20672654311632396,0.7573832079500411
25716,LOF,0.010347692047661484,0.10839857109632943,0.881253736856009
25717,LOF,0.009482367909890838,0.07324058094942223,0.9172770511406869
25718,LOF,0.04772215564642869,0.07328626638881286,0.8789915779647585
25719,LOF,0.043038455908115995,0.1479390233704558,0.8090225207214282
25720,LOF,0.04078346758250517,0.1835675860000083,0.7756489464174865
25721,LOF,0.04363553361827386,0.10366144217178491,0.8527030242099412
25722,LOF,0.038183814444615514,0.1419618847124448,0.8198543008429396
25723,LOF,0.05392327147884607,0.1815816020441926,0.7644951264769614
25724,GOF,0.05811215532492227,0.49389875972929004,0.44798908494578776
25725,LOF,0.07129169965269248,0.15358451156189862,0.7751237887854088
25726,LOF,0.039937850670236044,0.15513183355024934,0.8049303157795147
25727,LOF,0.061839860931394465,0.10970794064271837,0.8284521984258872
25728,LOF,0.037896752727337196,0.23327600340480784,0.728827243867855
25729,LOF,0.041692728770634166,0.2259482785969342,0.7323589926324316
25730,LOF,0.05265207554844463,0.15871183245103404,0.7886360920005213
25731,LOF,0.013732369134143002,0.125285552862622,0.8609820780032349
25732,LOF,0.032827234352338815,0.11090886048668716,0.856263905160974
25733,LOF,0.043949646344761124,0.28424416372651035,0.6718061899287285
25734,LOF,0.008536837963061646,0.2233025441347326,0.7681606179022057
25735,LOF,0.039474729503340474,0.13068436165896458,0.8298409088376949
25736,LOF,0.038524496619599585,0.20228786414055874,0.7591876392398418
25737,LOF,0.06189816427935059,0.1250284328373472,0.8130734028833022
25738,LOF,0.05643395181562668,0.24846222145773153,0.6951038267266418
25739,LOF,0.03872186075710485,0.18532039147426665,0.7759577477686285
25740,LOF,0.06071058289872013,0.1721175642592284,0.7671718528420515
25741,LOF,0.05652558132801327,0.16880043465716787,0.7746739840148189
25742,LOF,0.06072151011488903,0.19605867075504224,0.7432198191300687
25743,LOF,0.014235888823552482,0.027173086839722457,0.9585910243367252
25744,LOF,0.0965390290737689,0.2721463492203422,0.6313146217058889
25745,LOF,0.02241162472704656,0.29801812502509184,0.6795702502478617
25746,LOF,0.012920148293081593,0.277744896088044,0.7093349556188745
25747,LOF,0.04458437539436788,0.05357678837472396,0.9018388362309081
25748,LOF,0.09104123519148043,0.28399680281892187,0.6249619619895977
25749,LOF,0.011770037991328173,0.3084705090295452,0.6797594529791268
25750,LOF,0.012936045530863294,0.39100043753739666,0.59606351693174
25751,LOF,0.029826050354904786,0.20527615136493915,0.7648977982801561
25752,GOF,0.1043993062420648,0.6376508529118339,0.25794984084610123
25753,LOF,0.012198858335530518,0.28094771657308254,0.7068534250913869
25754,GOF,0.012155677825570341,0.8971036596260248,0.09074066254840482
25755,LOF,0.010718259545323757,0.28956448703403465,0.6997172534206415
25756,LOF,0.04576851239686951,0.3933725475564249,0.5608589400467056
25757,GOF,0.010017415187987955,0.8380019317858783,0.15198065302613376
25758,GOF,0.012408079390512375,0.863000024101002,0.12459189650848565
25759,GOF,0.006512579944122572,0.7914548700936436,0.20203254996223383
25760,LOF,0.007878574116305116,0.20038109465017268,0.7917403312335222
25761,GOF,0.038934410625567566,0.8516233667371587,0.10944222263727382
25762,LOF,0.05252465022518785,0.3632339338275436,0.5842414159472685
25763,LOF,0.009948174467605351,0.17128981042576547,0.8187620151066292
25764,GOF,0.07996666404441322,0.7003798274388336,0.21965350851675303
25765,GOF,0.010161224669803234,0.8761521557338537,0.11368661959634299
25766,GOF,0.03108915827951662,0.8185140017518926,0.1503968399685908
25767,GOF,0.007943249633562494,0.634520747077059,0.3575360032893785
25768,LOF,0.054279117951785534,0.0699590958824939,0.8757617861657205
25769,LOF,0.03010515174854066,0.22837574500315605,0.7415191032483033
25770,Neutral,0.7285826039639769,0.11912278354244368,0.15229461249357934
25771,LOF,0.02906970296826107,0.13909345911654966,0.8318368379151891
25772,LOF,0.04576574724178182,0.17953877542269864,0.7746954773355195
25773,LOF,0.021409078988453994,0.31366558350192275,0.6649253375096233
25774,LOF,0.04401947062839903,0.33484536012978083,0.6211351692418201
25775,LOF,0.027862208605492635,0.12499840376637929,0.847139387628128
25776,LOF,0.027815440099835567,0.1999107900647687,0.7722737698353959
25777,LOF,0.27406141241917814,0.19907384752097682,0.5268647400598451
25778,LOF,0.037740274031619,0.1977986867564361,0.764461039211945
25779,GOF,0.11331853645467459,0.6446314034148789,0.24205006013044644
25780,GOF,0.1111934113700808,0.6381466895076373,0.25065989912228187
25781,GOF,0.056974687774842374,0.5715156890048059,0.37150962322035175
25782,GOF,0.04560439427488429,0.6343958432321326,0.3199997624929832
25783,GOF,0.09091574359343152,0.709510348257464,0.19957390814910445
25784,GOF,0.18218322972362497,0.6442922114575508,0.17352455881882434
25785,GOF,0.32433221474453705,0.563102653751445,0.11256513150401806
25786,LOF,0.020212240502942548,0.36795545995713197,0.6118322995399256
25787,Neutral,0.521114554620457,0.33524505910684343,0.14364038627269954
25788,LOF,0.04148474669755251,0.07196353893460812,0.8865517143678394
25789,GOF,0.03660449652140202,0.726489836528382,0.23690566695021603
25790,GOF,0.05610300010850364,0.5335059097184448,0.41039109017305164
25791,LOF,0.04543351463971159,0.4748072662431713,0.47975921911711716
25792,GOF,0.05538422014019476,0.5094227863324013,0.4351929935274038
25793,GOF,0.07858228391430676,0.48905508633465355,0.4323626297510397
25794,LOF,0.0792719118789818,0.34884909154347843,0.5718789965775398
25795,LOF,0.04289661462115709,0.22567262576355437,0.7314307596152886
25796,LOF,0.327188955600497,0.28906696576011076,0.38374407863939214
25797,LOF,0.09435327327477225,0.3013156897290233,0.6043310369962045
25798,GOF,0.011837017648207809,0.6827971902325877,0.30536579211920456
25799,GOF,0.009307167290453135,0.5716358350538712,0.4190569976556756
25800,GOF,0.04126406993404153,0.7807339966303095,0.1780019334356489
25801,GOF,0.04823075140928735,0.6256272514832782,0.32614199710743447
25802,GOF,0.06436365081986886,0.6493571962225455,0.28627915295758577
25803,LOF,0.04577954173982452,0.46029126187163405,0.49392919638854155
25804,LOF,0.10219214781417614,0.3418609958696913,0.5559468563161325
25805,GOF,0.06649165206982449,0.5603530804911706,0.3731552674390049
25806,GOF,0.08319223320358318,0.5644751016158116,0.35233266518060524
25807,LOF,0.0282511048825762,0.46817414071398006,0.5035747544034438
25808,GOF,0.06751017134706921,0.6369464329935433,0.2955433956593874
25809,LOF,0.01829486690400519,0.4316634120185295,0.5500417210774653
25810,LOF,0.016662414836441257,0.4586392367524644,0.5246983484110944
25811,GOF,0.13070754998518883,0.5655751938460123,0.30371725616879885
25812,LOF,0.0951543217124033,0.4384224262320381,0.4664232520555587
25813,GOF,0.3403310214455718,0.4205221998383585,0.23914677871606974
25814,GOF,0.07240286417302697,0.5185123807436715,0.4090847550833015
25815,GOF,0.11231131578180761,0.5809393507456331,0.30674933347255934
25816,GOF,0.01830878362206567,0.6803628139878971,0.3013284023900371
25817,LOF,0.12211625939748426,0.4112649099162894,0.4666188306862264
25818,GOF,0.05847874228069474,0.5956204463767161,0.34590081134258926
25819,LOF,0.10754907184634606,0.4069000742698023,0.48555085388385166
25820,LOF,0.106423807984692,0.39970466136873933,0.49387153064656875
25821,LOF,0.07819257565202219,0.43944516553509416,0.4823622588128837
25822,LOF,0.15826069403521273,0.32503427950204955,0.5167050264627377
25823,LOF,0.07987930948192128,0.2612618909321936,0.6588587995858851
25824,GOF,0.05647779915378416,0.5870627031976459,0.35645949764857005
25825,GOF,0.040496893718994155,0.6188742553816986,0.34062885089930733
25826,LOF,0.015210916725593862,0.440126803481315,0.5446622797930911
25827,GOF,0.014586218577630462,0.5164379610831512,0.4689758203392182
25828,GOF,0.014339068453643524,0.4991262965125668,0.4865346350337897
25829,LOF,0.009270008030253315,0.29053741495994256,0.7001925770098041
25830,LOF,0.13606701441193514,0.04502098537098638,0.8189120002170784
25831,GOF,0.05726897402863483,0.6832127557077783,0.25951827026358704
25832,LOF,0.016041417325433356,0.41004075538340823,0.5739178272911584
25833,GOF,0.06835769819322013,0.5661643661330414,0.36547793567373843
25834,LOF,0.01692309034368374,0.40903690801361714,0.5740400016426992
25835,GOF,0.05583545147652779,0.7035194456364238,0.24064510288704846
25836,GOF,0.014701641490833185,0.5623295760357956,0.4229687824733712
25837,LOF,0.02450516084250326,0.410225112483906,0.5652697266735908
25838,GOF,0.05620466779638541,0.6151998883028735,0.32859544390074114
25839,GOF,0.12274119979689474,0.4913789200540404,0.38587988014906494
25840,GOF,0.1266247389785503,0.5566569814370192,0.3167182795844305
25841,GOF,0.1136743849330711,0.5980040807496061,0.2883215343173228
25842,GOF,0.058549634336373044,0.7289615023391406,0.2124888633244865
25843,GOF,0.04583844898376869,0.7455935548327653,0.20856799618346614
25844,GOF,0.047603519004012794,0.5962771060523698,0.3561193749436174
25845,LOF,0.013577742086434953,0.3471244559124789,0.6392978020010861
25846,GOF,0.06963945456096349,0.5897941530236959,0.3405663924153406
25847,GOF,0.04891546346216906,0.6764083633484136,0.2746761731894174
25848,GOF,0.047209239702382846,0.742150308572051,0.21064045172556622
25849,GOF,0.012219538291251206,0.6339095535743061,0.35387090813444266
25850,GOF,0.017897179279568447,0.5078807091027708,0.4742221116176606
25851,LOF,0.018257411780501057,0.4242247344329547,0.5575178537865442
25852,LOF,0.2484028101834398,0.34936629583649165,0.40223089398006845
25853,GOF,0.08731822850749797,0.47823108420254506,0.4344506872899569
25854,LOF,0.011187698959834557,0.42851289961246475,0.5602994014277006
25855,GOF,0.034959799155687546,0.49656617940885356,0.46847402143545896
25856,GOF,0.08561512554221494,0.6428900741147187,0.27149480034306633
25857,LOF,0.03979108178378364,0.406174833042358,0.5540340851738583
25858,LOF,0.014865844807509838,0.3415215539970347,0.6436126011954554
25859,LOF,0.010242212663376157,0.3256143937342414,0.6641433936023824
25860,LOF,0.1136558899312939,0.3831828056770973,0.5031613043916088
25861,GOF,0.11219667976982677,0.5477266561551286,0.34007666407504467
25862,GOF,0.031616159901221054,0.8013117505272159,0.16707208957156305
25863,GOF,0.031937048903960784,0.7295400014447041,0.23852294965133514
25864,GOF,0.03968005928134207,0.772222106952947,0.1880978337657109
25865,GOF,0.033235130166924795,0.7799406917948342,0.18682417803824103
25866,GOF,0.039645620725239875,0.779545338734482,0.18080904054027824
25867,GOF,0.11981583752765788,0.7498046215801628,0.1303795408921793
25868,GOF,0.124097214559062,0.5462518021008929,0.32965098334004517
25869,Neutral,0.4592204735468742,0.37758701577394904,0.16319251067917673
25870,LOF,0.19373262812071762,0.09995652184475248,0.70631085003453
25871,LOF,0.016460156346698077,0.32452645525892665,0.6590133883943753
25872,LOF,0.046199012570144464,0.41082178143053594,0.5429792059993196
25873,GOF,0.03360787003244559,0.5886286108766102,0.37776351909094424
25874,LOF,0.05677740244893729,0.02443093687058494,0.9187916606804778
25875,LOF,0.020998411352679283,0.38233785337702403,0.5966637352702967
25876,LOF,0.027578463488955273,0.1034905591735744,0.8689309773374704
25877,GOF,0.06761544406872062,0.567757373917267,0.3646271820140124
25878,GOF,0.04851247709138926,0.7412774546637394,0.21021006824487143
25879,LOF,0.011534388532663541,0.3448414542933608,0.6436241571739756
25880,LOF,0.04876560473564767,0.059186913043257745,0.8920474822210946
25881,Neutral,0.41522407189080196,0.39730653301674024,0.1874693950924578
25882,LOF,0.026038560169954227,0.24418409463448523,0.7297773451955605
25883,LOF,0.02812918522697067,0.11013008104125686,0.8617407337317725
25884,LOF,0.020816007616742814,0.15851865501514156,0.8206653373681156
25885,LOF,0.16482771074663924,0.027700729387602204,0.8074715598657586
25886,LOF,0.05510530973337392,0.17208421429690712,0.7728104759697189
25887,GOF,0.04344434126814192,0.5885111529742,0.368044505757658
25888,LOF,0.004606817275220521,0.4330065641587604,0.5623866185660191
25889,LOF,0.038541969420758423,0.0862009061321919,0.8752571244470497
25890,LOF,0.16936923392763997,0.31986666625996124,0.5107640998123988
25891,LOF,0.12121458472480749,0.06991211034680996,0.8088733049283826
25892,LOF,0.006098748955885362,0.17233502340620768,0.821566227637907
25893,LOF,0.261909764373137,0.06412171145324587,0.6739685241736171
25894,LOF,0.3236460958279074,0.03482880919858536,0.6415250949735072
25895,LOF,0.22166221744048148,0.04672942699509582,0.7316083555644226
25896,LOF,0.09209592896379352,0.06624488453475835,0.8416591865014481
25897,LOF,0.0891429510609008,0.05979765014411224,0.8510593987949869
25898,LOF,0.06446143852319894,0.4636403316737115,0.4718982298030896
25899,LOF,0.24502135050921584,0.20405390045326324,0.5509247490375209
25900,Neutral,0.8594810478303659,0.04105135844900127,0.09946759372063278
25901,LOF,0.07634546635213237,0.03375463415985069,0.8898998994880168
25902,LOF,0.17796909242805978,0.012751604654987939,0.8092793029169523
25903,LOF,0.1355641592614551,0.1459236623842595,0.7185121783542853
25904,LOF,0.39069432405291554,0.208872660570962,0.4004330153761226
25905,LOF,0.009777644618785311,0.39426989843032184,0.5959524569508928
25906,LOF,0.015312796940407863,0.05269566143940302,0.931991541620189
25907,LOF,0.008456591447013263,0.2760792315958033,0.7154641769571835
25908,LOF,0.009931411130369269,0.29566202279480486,0.6944065660748259
25909,LOF,0.03633274470361951,0.19307375115236175,0.7705935041440187
25910,LOF,0.018734352992828884,0.15169786398163387,0.8295677830255374
25911,LOF,0.08809336454101367,0.1362914154494075,0.7756152200095788
25912,LOF,0.10539794080466591,0.03670432740165507,0.8578977317936791
25913,LOF,0.013656757657799253,0.09812370563802987,0.888219536704171
25914,LOF,0.03897548963717934,0.17461989517537885,0.7864046151874419
25915,GOF,0.06604321864062493,0.8251111739625764,0.10884560739679879
25916,GOF,0.0168664355053067,0.6552968861745315,0.3278366783201618
25917,LOF,0.22718545069078605,0.06071529932078345,0.7120992499884304
25918,LOF,0.04481599182652193,0.11563519825490648,0.8395488099185716
25919,LOF,0.04248097351705111,0.08875797842363489,0.868761048059314
25920,GOF,0.13889665951291236,0.49005490154621917,0.37104843894086853
25921,LOF,0.027001450680448603,0.04059637062945579,0.9324021786900957
25922,LOF,0.022403217686275904,0.03931090549319431,0.9382858768205297
25923,LOF,0.32294584902050266,0.07047436248682772,0.6065797884926696
25924,LOF,0.02962874793865162,0.05495649436115549,0.915414757700193
25925,LOF,0.24882405262538498,0.021011623622087063,0.7301643237525279
25926,LOF,0.10553396474980273,0.09719486154163297,0.7972711737085643
25927,LOF,0.01981574833474567,0.0937683247907368,0.8864159268745175
25928,LOF,0.01744711791143386,0.037904142431212005,0.9446487396573541
25929,Neutral,0.5921355165462263,0.06974177498720983,0.3381227084665637
25930,LOF,0.03628158162839372,0.06261464916135316,0.9011037692102531
25931,LOF,0.016517987091978985,0.04012962920235511,0.943352383705666
25932,LOF,0.06872974012903159,0.03075970589308469,0.9005105539778838
25933,LOF,0.06407821596874734,0.01883495914755646,0.9170868248836963
25934,LOF,0.06418247148096312,0.024183483707629405,0.9116340448114075
25935,LOF,0.2567119676721797,0.026418500505433536,0.7168695318223868
25936,LOF,0.058034051995743526,0.022992594208691475,0.918973353795565
25937,LOF,0.016068044008237817,0.05764582222051764,0.9262861337712445
25938,LOF,0.24575661536442994,0.023224203707475344,0.7310191809280947
25939,LOF,0.04704044155361988,0.027516141969840684,0.9254434164765395
25940,GOF,0.006028025493777923,0.5722442066854267,0.42172776782079524
25941,LOF,0.43047975189162885,0.07442635347065847,0.49509389463771264
25942,LOF,0.012523282579053248,0.15608539331989124,0.8313913241010555
25943,GOF,0.020574250393700647,0.5918871942667677,0.38753855533953163
25944,LOF,0.020314745835206986,0.404991342888072,0.574693911276721
25945,LOF,0.06733618381358629,0.12755196664312504,0.8051118495432886
25946,LOF,0.0877777627931753,0.07845597568718239,0.8337662615196424
25947,LOF,0.4471530807231231,0.03652226125890066,0.5163246580179762
25948,LOF,0.23415396881321032,0.025973616180074068,0.7398724150067156
25949,LOF,0.22758710973895044,0.02616850413892597,0.7462443861221236
25950,GOF,0.04456485690004604,0.7667168133880937,0.18871832971186014
25951,LOF,0.013026551938349923,0.3805004983433523,0.6064729497182978
25952,LOF,0.093126584766567,0.32080190744983034,0.5860715077836027
25953,LOF,0.0062775946431584476,0.4952776409873493,0.4984447643694922
25954,GOF,0.025687376983720926,0.5701268582319095,0.4041857647843697
25955,GOF,0.00611224848070748,0.5236702126664364,0.47021753885285617
25956,GOF,0.010309517535588005,0.6373494701511137,0.35234101231329823
25957,LOF,0.2598445525369056,0.06550884339708259,0.6746466040660117
25958,LOF,0.02161314322518299,0.21014439821466788,0.7682424585601492
25959,GOF,0.005700810636292265,0.5752602264500929,0.41903896291361487
25960,LOF,0.00652767138824512,0.13738726612020355,0.8560850624915513
25961,LOF,0.02010039315449906,0.19150089527605552,0.7883987115694453
25962,LOF,0.11794639013413408,0.0529614510032878,0.8290921588625781
25963,LOF,0.011099573569583729,0.12149443820113025,0.8674059882292859
25964,LOF,0.05363391703805588,0.11625942897015898,0.8301066539917851
25965,LOF,0.1879075338872938,0.20468535776313446,0.6074071083495717
25966,LOF,0.2089276434124222,0.36093023979821603,0.43014211678936176
25967,LOF,0.010606404372154814,0.059527988312633125,0.9298656073152121
25968,LOF,0.10843952430929624,0.37239850668586616,0.5191619690048376
25969,LOF,0.1894023863281968,0.023174398762056368,0.7874232149097469
25970,LOF,0.01876624529691059,0.15793402548039698,0.8232997292226925
25971,LOF,0.08941661161314325,0.1294666399304541,0.7811167484564026
25972,LOF,0.0716857073024009,0.1143633193672747,0.8139509733303245
25973,LOF,0.20343115988684027,0.008370073640130373,0.7881987664730292
25974,LOF,0.07570871918653843,0.2698420657907226,0.6544492150227389
25975,LOF,0.058725744467669184,0.022021261963147482,0.9192529935691832
25976,LOF,0.08687344557895064,0.015753715910429473,0.89737283851062
25977,LOF,0.22052473413110862,0.06972404209835122,0.7097512237705402
25978,LOF,0.24417109289541347,0.13762293069208936,0.6182059764124972
25979,LOF,0.17769377362620925,0.17492260860914238,0.6473836177646484
25980,GOF,0.13192870786634728,0.4534907765440468,0.41458051558960596
25981,GOF,0.13558629617690288,0.4727820502896117,0.39163165353348545
25982,LOF,0.23629174756219234,0.2326980361914296,0.5310102162463781
25983,LOF,0.1891617107106416,0.3020608537560277,0.5087774355333308
25984,LOF,0.03907221810075506,0.10050096823363314,0.8604268136656118
25985,Neutral,0.4888439962263047,0.17621608504933656,0.3349399187243586
25986,GOF,0.010354256916043313,0.6514179834791701,0.3382277596047865
25987,LOF,0.025425252506930823,0.11905088713881475,0.8555238603542544
25988,LOF,0.03652473398214459,0.12425529103453321,0.8392199749833221
25989,LOF,0.05015291467998102,0.13571674391942568,0.8141303414005934
25990,LOF,0.0480841409714411,0.25003584129130807,0.7018800177372508
25991,GOF,0.040860566307828035,0.6194974500308666,0.3396419836613054
25992,LOF,0.018809449978954375,0.3874436405489276,0.5937469094721181
25993,LOF,0.051136219413663496,0.028503356795084953,0.9203604237912516
25994,LOF,0.04890671970601326,0.06553021859522422,0.8855630616987626
25995,LOF,0.03749844073857416,0.057986621781863854,0.904514937479562
25996,GOF,0.2728798594084591,0.4318881537218352,0.2952319868697057
25997,GOF,0.04602866320806101,0.5774888118847744,0.3764825249071646
25998,LOF,0.23527750791435711,0.11527680751724367,0.6494456845683991
25999,GOF,0.017174299205307626,0.6421904019266133,0.3406352988680793
26000,LOF,0.12735061887586074,0.0115374439759475,0.8611119371481918
26001,LOF,0.1184739610433049,0.02165350182001578,0.8598725371366793
26002,LOF,0.21855969705037365,0.006744134050802145,0.7746961688988242
26003,LOF,0.013300623006653257,0.4834822031188996,0.5032171738744472
26004,LOF,0.04361560848192584,0.3502344452416789,0.6061499462763952
26005,LOF,0.007618972126215193,0.4689512501530702,0.5234297777207145
26006,GOF,0.26442824068225074,0.44982148872666344,0.28575027059108576
26007,GOF,0.020829204916228694,0.5146334015209943,0.464537393562777
26008,LOF,0.01824055426017729,0.3541292483296782,0.6276301974101446
26009,GOF,0.037700798194829556,0.5418696538338426,0.4204295479713279
26010,LOF,0.016769237591825952,0.46859283670374047,0.5146379257044336
26011,LOF,0.008257453916380922,0.350905978409209,0.6408365676744101
26012,LOF,0.009560287638808812,0.4195188128775663,0.5709208994836249
26013,LOF,0.010242516130238601,0.36148600263323594,0.6282714812365254
26014,LOF,0.21383167322562455,0.011088051635788722,0.7750802751385867
26015,LOF,0.09771100179798974,0.2150255492089447,0.6872634489930656
26016,LOF,0.16971447138101856,0.2822043944994249,0.5480811341195565
26017,GOF,0.013171906103868987,0.5554940540782729,0.431334039817858
26018,LOF,0.019493167589745307,0.32466763041341884,0.6558392019968359
26019,LOF,0.02005741219698872,0.24160241271065638,0.7383401750923548
26020,LOF,0.007082739584529302,0.3716769169721737,0.621240343443297
26021,LOF,0.07027441792009964,0.3024547773371274,0.627270804742773
26022,LOF,0.05795353215502832,0.12135952423365386,0.8206869436113179
26023,LOF,0.03600513166765104,0.27918719515523543,0.6848076731771136
26024,LOF,0.05243405140339738,0.22898025059199453,0.7185856980046081
26025,LOF,0.07024590479497442,0.2915079795977077,0.6382461156073179
26026,LOF,0.10118558716585505,0.313062962778784,0.585751450055361
26027,LOF,0.03168041886185366,0.14871266143353584,0.8196069197046104
26028,LOF,0.0477279911976294,0.27852284537792066,0.67374916342445
26029,LOF,0.028022302197341073,0.3768513512951603,0.5951263465074986
26030,LOF,0.22313581567552399,0.038089922727015266,0.7387742615974608
26031,LOF,0.011940664179080133,0.3585186876937967,0.6295406481271232
26032,LOF,0.03337203597313396,0.09223184312837317,0.8743961208984928
26033,LOF,0.0490004459522597,0.2429094171185505,0.7080901369291899
26034,LOF,0.014934458775636511,0.2480185877691515,0.737046953455212
26035,LOF,0.012140870671470336,0.30090520242838653,0.6869539269001431
26036,LOF,0.011505242280441107,0.19695841178166243,0.7915363459378965
26037,LOF,0.011026237088626623,0.22226957003385453,0.7667041928775189
26038,LOF,0.024761885521451435,0.0975804936676138,0.8776576208109349
26039,LOF,0.024004644740871613,0.2916687974381263,0.684326557821002
26040,LOF,0.046286817777898864,0.2773084161787316,0.6764047660433695
26041,LOF,0.013692070765069718,0.2525265866089711,0.7337813426259592
26042,LOF,0.012616673432197738,0.27355113317698754,0.7138321933908148
26043,LOF,0.025248053857021002,0.23537217426736268,0.7393797718756164
26044,LOF,0.009067656983692433,0.2512497779694003,0.7396825650469073
26045,GOF,0.054089067053227344,0.5604452051866659,0.38546572776010685
26046,LOF,0.02499623874020097,0.24719420800654618,0.7278095532532529
26047,LOF,0.06800734378262478,0.1446299326540561,0.787362723563319
26048,LOF,0.09106583694062201,0.1419980938376741,0.7669360692217039
26049,Neutral,0.8364608055494879,0.039350616381354606,0.1241885780691576
26050,Neutral,0.8249446174124057,0.03837286861303679,0.13668251397455758
26051,GOF,0.01272252215548758,0.6225660404164377,0.36471143742807455
26052,GOF,0.015075518743952666,0.584461658670578,0.40046282258546934
26053,LOF,0.036793287679427765,0.019222760113832876,0.9439839522067394
26054,LOF,0.15764939823339716,0.08176953458481208,0.7605810671817907
26055,LOF,0.16904039093979617,0.13992798985316376,0.69103161920704
26056,LOF,0.17270245014324498,0.1492622524032669,0.6780352974534881
26057,LOF,0.054082072816601656,0.03975609662796161,0.9061618305554368
26058,LOF,0.06193571951328849,0.031136970423684626,0.9069273100630268
26059,Neutral,0.8362130583826096,0.07907780772754468,0.08470913388984577
26060,LOF,0.012576114729148347,0.2877701397850316,0.6996537454858199
26061,LOF,0.014079787069534801,0.025912943834860022,0.9600072690956052
26062,LOF,0.007841733849677008,0.06084501488441789,0.931313251265905
26063,LOF,0.048072352594095855,0.037156921190094755,0.9147707262158093
26064,LOF,0.01333897762659232,0.03796756883161332,0.9486934535417945
26065,LOF,0.03603083825243405,0.05124376386664561,0.9127253978809204
26066,LOF,0.04620968405547002,0.0432336827101929,0.9105566332343371
26067,LOF,0.05885153266585411,0.05551012557910112,0.8856383417550449
26068,LOF,0.1666197641557463,0.04816190212141442,0.7852183337228393
26069,LOF,0.0677691054595094,0.07864604021886454,0.8535848543216261
26070,LOF,0.07556573075303265,0.07270926659047684,0.8517250026564905
26071,LOF,0.052168557434260084,0.04241775351589594,0.905413689049844
26072,LOF,0.009207300064279878,0.03242959640436856,0.9583631035313516
26073,LOF,0.040743972453461036,0.03582512091958814,0.9234309066269507
26074,Neutral,0.8217138715834961,0.03735904048508181,0.1409270879314222
26075,LOF,0.06886661617331892,0.09744510314597424,0.8336882806807068
26076,LOF,0.04910929694859435,0.06345694528638786,0.8874337577650178
26077,LOF,0.1649970043352079,0.10190398499169724,0.7330990106730949
26078,LOF,0.00893435721556758,0.07469760569599351,0.9163680370884388
26079,LOF,0.19322492138835834,0.03536255721777199,0.7714125213938696
26080,LOF,0.19322492138835834,0.03536255721777199,0.7714125213938696
26081,LOF,0.04940297128923455,0.035043905646145804,0.9155531230646198
26082,LOF,0.009967552414572485,0.10574107595731273,0.8842913716281149
26083,LOF,0.03466657970020185,0.11236271053016736,0.8529707097696309
26084,LOF,0.04830851021260261,0.05836001538469264,0.8933314744027048
26085,LOF,0.043600390389701836,0.048702050153599984,0.9076975594566982
26086,LOF,0.037351443002459975,0.06307793694188901,0.8995706200556511
26087,LOF,0.0501456990299115,0.06295478595994497,0.8868995150101435
26088,LOF,0.010626510328827063,0.11368422085193683,0.8756892688192361
26089,LOF,0.053183554920451515,0.17010300094122185,0.7767134441383267
26090,LOF,0.05698321915002013,0.14730789896748625,0.7957088818824937
26091,LOF,0.04479680807175264,0.056652805111158604,0.8985503868170888
26092,LOF,0.05055057117869271,0.03291670629296809,0.9165327225283391
26093,LOF,0.07143832941325258,0.028257239806809897,0.9003044307799375
26094,LOF,0.042560469640750304,0.048861257751542785,0.908578272607707
26095,LOF,0.016286420724336222,0.04389756465579548,0.9398160146198682
26096,LOF,0.2839080141548481,0.010288205474354013,0.7058037803707978
26097,LOF,0.009481790658432928,0.0465176829083196,0.9440005264332476
26098,LOF,0.1827474822775306,0.031060286837546597,0.7861922308849228
26099,LOF,0.03194825305590543,0.07689058827312116,0.8911611586709735
26100,LOF,0.03194825305590543,0.07689058827312116,0.8911611586709735
26101,LOF,0.031830877996048786,0.09886750236726619,0.8693016196366851
26102,LOF,0.04277504140258878,0.04523798122286545,0.9119869773745458
26103,Neutral,0.8400721629481493,0.06058312569627129,0.09934471135557955
26104,LOF,0.16818159425283447,0.10104975701568891,0.7307686487314766
26105,LOF,0.21830500921638554,0.22921091777811625,0.5524840730054983
26106,LOF,0.2540176370045099,0.22767662892337598,0.518305734072114
26107,LOF,0.008317046376652388,0.3031280087556045,0.688554944867743
26108,LOF,0.14072859999932144,0.28194521260592276,0.5773261873947558
26109,LOF,0.05046866922471309,0.10794659994259152,0.8415847308326954
26110,LOF,0.19117800777393942,0.13596362559469935,0.6728583666313612
26111,LOF,0.045455675928107085,0.31999326030398023,0.6345510637679127
26112,LOF,0.045996127145918116,0.04503438445091566,0.9089694884031663
26113,LOF,0.03890243604256275,0.0765751020627062,0.884522461894731
26114,LOF,0.10163750896891387,0.03306464822162322,0.8652978428094629
26115,LOF,0.013388977920664166,0.3524531455072098,0.6341578765721261
26116,LOF,0.07454661364971499,0.12451670461543346,0.8009366817348516
26117,LOF,0.18736949110112264,0.09219864909852069,0.7204318598003567
26118,LOF,0.041562495990460954,0.029689167623638272,0.9287483363859007
26119,LOF,0.005163971756456508,0.09750060351465396,0.8973354247288895
26120,LOF,0.046133074435460504,0.02887397616739734,0.9249929493971422
26121,LOF,0.004048094350495574,0.20277145816348646,0.793180447486018
26122,LOF,0.0040165492128933795,0.2054677876470903,0.7905156631400163
26123,LOF,0.004563291470873817,0.1682989424990992,0.8271377660300269
