feature0,prediction,LoGoFunc_Neutral,LoGoFunc_GOF,LoGoFunc_LOF
25546,Neutral,0.7668803920295929,0.02893606503392947,0.20418354293647764
25547,Neutral,0.6042875796563477,0.07599839326180637,0.31971402708184604
25548,Neutral,0.5811482719076151,0.0539371750400976,0.3649145530522873
25549,Neutral,0.49851775447257335,0.054297495889922824,0.44718474963750393
25550,LOF,0.34403837630452416,0.13707018691691325,0.5188914367785625
25551,LOF,0.28691744031372124,0.15087762359138956,0.5622049360948892
25552,LOF,0.1947760229390701,0.15928648179023544,0.6459374952706944
25553,Neutral,0.8369129145453406,0.03364601042793302,0.1294410750267263
25554,LOF,0.23357870723676027,0.14460110796816394,0.6218201847950758
25555,LOF,0.1858348566342244,0.12261719896584054,0.691547944399935
25556,LOF,0.39811460539267435,0.12465698695756576,0.47722840764975993
25557,LOF,0.17915998571888211,0.1331215551000626,0.6877184591810552
25558,LOF,0.22362570056282483,0.1464970391672154,0.6298772602699598
25559,LOF,0.4012064831010501,0.06934832109908262,0.5294451957998673
25560,LOF,0.0499334114734077,0.20504289661234512,0.7450236919142472
25561,LOF,0.10050971887461285,0.24390694271948318,0.655583338405904
25562,LOF,0.10246353055669848,0.10888988619137453,0.788646583251927
25563,LOF,0.10751568474209824,0.10903576207059928,0.7834485531873026
25564,LOF,0.15772625202040724,0.18731796931519407,0.6549557786643987
25565,LOF,0.1341279327198077,0.15493624276766124,0.710935824512531
25566,GOF,0.014394049286571215,0.7673365375300814,0.2182694131833474
25567,LOF,0.015291663607315332,0.1356904395933936,0.8490178967992911
25568,LOF,0.0532266558616399,0.05734357583524981,0.8894297683031103
25569,LOF,0.06458410211749097,0.06239311225591737,0.8730227856265917
25570,LOF,0.0660774539523192,0.09036708239347203,0.8435554636542087
25571,LOF,0.06198595169387964,0.0853324514626275,0.8526815968434929
25572,LOF,0.0691537991397459,0.13276306282047717,0.7980831380397769
25573,LOF,0.028764994854954717,0.08899477361425664,0.8822402315307886
25574,LOF,0.018221152837267163,0.14728074063842764,0.8344981065243052
25575,LOF,0.0512793146986958,0.10304870864293691,0.8456719766583672
25576,LOF,0.0223064423169751,0.11385629403242527,0.8638372636505995
25577,LOF,0.016088776345055403,0.1341021269049374,0.8498090967500073
25578,LOF,0.24344534435905424,0.08261176316086832,0.6739428924800774
25579,LOF,0.2450917110643996,0.08174165181697264,0.6731666371186277
25580,LOF,0.035060757025760336,0.08146155854228926,0.8834776844319505
25581,LOF,0.049161895473466,0.06725229398944771,0.8835858105370863
25582,LOF,0.04891593483666493,0.06486650781517823,0.8862175573481569
25583,LOF,0.044707460242778004,0.08940565383685814,0.8658868859203639
25584,LOF,0.448531347317247,0.08893268623747967,0.46253596644527334
25585,LOF,0.032644813302165517,0.10306408248856731,0.8642911042092672
25586,LOF,0.03588123271587408,0.07411262776299124,0.8900061395211347
25587,LOF,0.033613837461751395,0.0705993013720806,0.8957868611661679
25588,LOF,0.03430957808749487,0.09329895259213196,0.8723914693203733
25589,Neutral,0.6045629159612222,0.1057621021959496,0.28967498184282825
25590,LOF,0.02912727947296636,0.13180742671761222,0.8390652938094213
25591,LOF,0.1056063253356569,0.055137825801494636,0.8392558488628485
25592,LOF,0.10044491632649347,0.13507135270222373,0.7644837309712827
25593,LOF,0.01658406234277449,0.25690356320244234,0.7265123744547831
25594,LOF,0.03642104806224277,0.20694550748192445,0.7566334444558328
25595,LOF,0.05491412390105759,0.15785782718519065,0.7872280489137518
25596,LOF,0.06219759550257745,0.10392575206712572,0.8338766524302968
25597,LOF,0.05966863598797683,0.08400195154540899,0.8563294124666142
25598,LOF,0.04351232318206982,0.1908475142177286,0.7656401626002015
25599,GOF,0.007751785858017953,0.7769167950247887,0.2153314191171933
25600,GOF,0.010158156652747174,0.5684191023975482,0.4214227409497045
25601,LOF,0.008017876351329748,0.472347510574108,0.5196346130745623
25602,LOF,0.018744306079628927,0.053639043807529437,0.9276166501128416
25603,LOF,0.03468923815205295,0.037730007329205686,0.9275807545187413
25604,LOF,0.048438515273452346,0.05729734324328009,0.8942641414832676
25605,LOF,0.010766971289897584,0.25798191010574906,0.7312511186043533
25606,LOF,0.06320486242764536,0.45677939537239826,0.4800157421999564
25607,LOF,0.004492641866181978,0.18167626391451625,0.8138310942193018
25608,LOF,0.058176075532103626,0.05026248384312603,0.8915614406247703
25609,LOF,0.05986698595373451,0.35796778429789544,0.58216522974837
25610,LOF,0.046914096945968556,0.030018430498376724,0.9230674725556547
25611,LOF,0.04852596653928662,0.02842984529740363,0.9230441881633098
25612,LOF,0.10046209434317713,0.048882957528226564,0.8506549481285962
25613,LOF,0.08864611810191997,0.045972093537377356,0.8653817883607027
25614,LOF,0.03526047851023591,0.038713958551302885,0.9260255629384612
25615,LOF,0.05879561385563991,0.03631529178571394,0.9048890943586461
25616,LOF,0.03678855657456008,0.03692124351813384,0.9262901999073061
25617,LOF,0.03472148365497029,0.04164974483291468,0.923628771512115
25618,LOF,0.23232719271552935,0.03376576539984987,0.7339070418846209
25619,LOF,0.03532023925495915,0.031861968510297364,0.9328177922347435
25620,LOF,0.03852716945375368,0.0438876614804091,0.9175851690658371
25621,LOF,0.038077996975171134,0.035333117200735877,0.926588885824093
25622,LOF,0.03308203897475172,0.047417684368708725,0.9195002766565396
25623,LOF,0.06970249924965019,0.03659916639153098,0.8936983343588188
25624,LOF,0.029007721822410355,0.04192997062031602,0.9290623075572737
25625,LOF,0.03957168890878411,0.04953295366848687,0.9108953574227291
25626,LOF,0.07686979902180704,0.0351348715774473,0.8879953294007457
25627,Neutral,0.5739014602283551,0.09617806765169579,0.3299204721199491
25628,LOF,0.19771418096157217,0.05188372203646835,0.7504020970019594
25629,LOF,0.07301818650295902,0.12268668227018979,0.8042951312268511
25630,LOF,0.18011281037763338,0.09843062199107637,0.7214565676312904
25631,Neutral,0.6133769810783968,0.06680466796795297,0.31981835095365024
25632,LOF,0.024463439836511548,0.08240466003340725,0.8931319001300813
25633,LOF,0.24911652175757737,0.09901315236660177,0.6518703258758208
25634,LOF,0.037969872359277505,0.11312021323533204,0.8489099144053905
25635,LOF,0.051240247842169816,0.09570725520107501,0.8530524969567551
25636,GOF,0.006302230701750695,0.6255071240108069,0.36819064528744244
25637,GOF,0.0051321202612493256,0.5307096518557799,0.4641582278829709
25638,LOF,0.008618116164685908,0.4458028710442397,0.5455790127910743
25639,LOF,0.005074117408049681,0.4109079726437585,0.5840179099481919
25640,GOF,0.388346083819433,0.5699725032567331,0.04168141292383395
25641,LOF,0.006142561022719037,0.32313741121417844,0.6707200277631026
25642,LOF,0.22754585983263756,0.07545730048492601,0.6969968396824364
25643,LOF,0.1741926867722849,0.27648607215131304,0.549321241076402
25644,GOF,0.025628783143168667,0.6584409200303737,0.31593029682645773
25645,GOF,0.01880125654161411,0.6331419829831737,0.34805676047521233
25646,LOF,0.01952381674382057,0.4608243188226005,0.5196518644335789
25647,LOF,0.016778940722605516,0.35690716824810237,0.6263138910292921
25648,LOF,0.014098291433650104,0.3820133606304266,0.6038883479359234
25649,LOF,0.012876865952514993,0.27946823891908307,0.707654895128402
25650,GOF,0.039947359534189625,0.6638469309283229,0.29620570953748737
25651,LOF,0.012148218486187374,0.33314652289674285,0.6547052586170697
25652,LOF,0.018963761942923017,0.32471900887557115,0.6563172291815059
25653,GOF,0.08614240642959799,0.5521864957747016,0.36167109779570045
25654,LOF,0.01430452049812656,0.3560606694664595,0.629634810035414
25655,GOF,0.10347128209824508,0.5014449788299414,0.39508373907181354
25656,LOF,0.05586919554113375,0.08072037431788834,0.863410430140978
25657,LOF,0.3015914229794107,0.033054583007356114,0.6653539940132331
25658,LOF,0.027730567891813697,0.12902346896484188,0.8432459631433443
25659,LOF,0.2026434710514568,0.07995253049759564,0.7174039984509476
25660,LOF,0.10373928877332167,0.09830180037575649,0.7979589108509217
25661,LOF,0.08104402422899849,0.06834859834114568,0.8506073774298558
25662,LOF,0.0356517938972742,0.04501131252405142,0.9193368935786743
25663,LOF,0.04345135672687191,0.07926687676505448,0.8772817665080735
25664,LOF,0.030109418754351455,0.12888259434862218,0.8410079868970263
25665,LOF,0.052606779211202194,0.0463625942228524,0.9010306265659455
25666,LOF,0.04000179642148841,0.18409284434184095,0.7759053592366707
25667,LOF,0.03391703462812999,0.05951821031660723,0.9065647550552627
25668,LOF,0.04237238751267505,0.0620672646988203,0.8955603477885047
25669,LOF,0.05335370522924249,0.10433970525368291,0.8423065895170745
25670,LOF,0.1322504722587236,0.10692903242632641,0.76082049531495
25671,LOF,0.0434463088705544,0.05098521514226089,0.9055684759871847
25672,LOF,0.054224846147039034,0.0779635192180836,0.8678116346348774
25673,LOF,0.03936556715557462,0.0829802678385535,0.8776541650058719
25674,LOF,0.029053405282001937,0.09560106867609307,0.875345526041905
25675,LOF,0.036334949508172294,0.0845129793076115,0.8791520711842161
25676,LOF,0.03420799890887691,0.0684479545431646,0.8973440465479585
25677,LOF,0.0906911009951475,0.05993979136852822,0.8493691076363243
25678,LOF,0.1579215379171254,0.050134698960975936,0.7919437631218986
25679,LOF,0.11003622077205875,0.07527734812613951,0.8146864311018018
25680,LOF,0.09600771628263632,0.09301164857918504,0.8109806351381786
25681,LOF,0.10658239581973247,0.08436443053301132,0.8090531736472563
25682,LOF,0.0541356228458577,0.07536597410904529,0.8704984030450971
25683,LOF,0.08180178166779264,0.11521009611078811,0.8029881222214192
25684,LOF,0.06462937462973328,0.07010000240073332,0.8652706229695334
25685,LOF,0.10763427390473916,0.057851604878250584,0.8345141212170103
25686,LOF,0.03474960853243322,0.1138673016131685,0.8513830898543981
25687,LOF,0.06330328937499079,0.10434940587925873,0.8323473047457506
25688,LOF,0.01706575659572563,0.10242322238703723,0.880511021017237
25689,LOF,0.014357408343910192,0.05807680631228724,0.9275657853438025
25690,LOF,0.017705063969378584,0.06954499548652367,0.9127499405440977
25691,LOF,0.11157978108083746,0.1060563455288113,0.7823638733903512
25692,LOF,0.1785081633747287,0.01613647724313975,0.8053553593821317
25693,LOF,0.04629234870254574,0.15466910253069288,0.7990385487667614
25694,LOF,0.28512045885734455,0.015374062029959262,0.6995054791126961
25695,LOF,0.218042204515265,0.021146070300145304,0.7608117251845898
25696,LOF,0.15349251683356585,0.01382901530536443,0.8326784678610697
25697,LOF,0.10550366419147837,0.039930824576982854,0.8545655112315388
25698,LOF,0.02205332732069834,0.3488514932887756,0.629095179390526
25699,LOF,0.08510211641162924,0.10896197972403161,0.805935903864339
25700,LOF,0.03497274470838565,0.01807186513759782,0.9469553901540165
25701,LOF,0.015748399506776773,0.12085181989431056,0.8633997805989126
25702,GOF,0.021937124791800818,0.726836263514956,0.2512266116932431
25703,LOF,0.0162718574040521,0.20625528685649833,0.7774728557394497
25704,LOF,0.09181326438436088,0.18896832490256543,0.7192184107130738
25705,LOF,0.09669981996318834,0.26849857456061765,0.6348016054761939
25706,GOF,0.02104982804679116,0.632283026204036,0.3466671457491729
25707,GOF,0.024093974660485913,0.6267661531511977,0.34913987218831644
25708,GOF,0.00887626949228348,0.5819939136056125,0.4091298169021039
25709,LOF,0.027949218372820706,0.0872900403176436,0.8847607413095357
25710,LOF,0.0057196383089307525,0.25587864436345825,0.738401717327611
25711,LOF,0.030351807115191604,0.14321277554172712,0.8264354173430813
25712,LOF,0.007602129494122317,0.3051713822859128,0.6872264882199649
25713,LOF,0.026083166287421727,0.12974490821723608,0.8441719254953421
25714,LOF,0.029831494254829984,0.17327005844841442,0.7968984472967556
25715,LOF,0.031824755202060545,0.1412703726233561,0.8269048721745834
25716,LOF,0.010059749465995197,0.16135990230913058,0.8285803482248743
25717,LOF,0.005853498744297413,0.1732115841066242,0.8209349171490783
25718,LOF,0.028669466530351455,0.10718760854328001,0.8641429249263685
25719,LOF,0.03813638200643969,0.11978792306334801,0.8420756949302124
25720,LOF,0.03927869070005564,0.11489682199809445,0.84582448730185
25721,LOF,0.030810115255368815,0.10715835826957983,0.8620315264750513
25722,LOF,0.020549442255295775,0.14834830579442312,0.8311022519502811
25723,LOF,0.03123676444188547,0.09836563486145146,0.8703976006966632
25724,LOF,0.030707688893113233,0.18207515709835692,0.7872171540085299
25725,LOF,0.0317659209216496,0.09698662661451742,0.8712474524638331
25726,LOF,0.021029216186797928,0.12954401404232974,0.8494267697708724
25727,LOF,0.027147208140272855,0.13217498024583338,0.8406778116138937
25728,LOF,0.030322965508762827,0.11847572516870704,0.8512013093225301
25729,LOF,0.029304200515475786,0.13371704356204897,0.8369787559224753
25730,LOF,0.032406150155176096,0.09231654306947414,0.8752773067753498
25731,LOF,0.011459566317387397,0.21713772827101063,0.7714027054116019
25732,LOF,0.024824011201634945,0.10914920368148759,0.8660267851168775
25733,LOF,0.03987844493906022,0.11700031892989471,0.8431212361310451
25734,LOF,0.0067692109165642484,0.3115582586292158,0.6816725304542198
25735,LOF,0.027637903875193638,0.08971892131221094,0.8826431748125954
25736,LOF,0.026030695931665356,0.14581313720329517,0.8281561668650395
25737,LOF,0.059219057647694265,0.14531305927884747,0.7954678830734583
25738,LOF,0.027522546559691257,0.18041855865288112,0.7920588947874275
25739,LOF,0.03286905859926888,0.14813089568043167,0.8190000457202994
25740,LOF,0.036548204281469245,0.15615158892844452,0.8073002067900863
25741,LOF,0.03940581157609552,0.14406869822446855,0.816525490199436
25742,LOF,0.0554338512391628,0.14302573977817562,0.8015404089826617
25743,LOF,0.012581974510557696,0.023071456040440315,0.964346569449002
25744,LOF,0.22049163569314853,0.20457260913157488,0.5749357551752766
25745,LOF,0.049374162256706454,0.06346633542944774,0.8871595023138458
25746,LOF,0.01813329040484183,0.0957762236514482,0.88609048594371
25747,LOF,0.04120366857518065,0.02321643560110829,0.935579895823711
25748,LOF,0.29108363522648534,0.04458419526561834,0.6643321695078962
25749,LOF,0.01553335677882854,0.050970875115722604,0.9334957681054489
25750,LOF,0.0250889817620543,0.050853755284404265,0.9240572629535415
25751,LOF,0.042168933884037085,0.0435024835409756,0.9143285825749873
25752,GOF,0.07834547949492308,0.7451261266710739,0.17652839383400296
25753,LOF,0.006425272129867737,0.45997986804837154,0.5335948598217607
25754,GOF,0.0071900998660470025,0.8936773246406547,0.09913257549329824
25755,LOF,0.006148906510347766,0.4914958140118246,0.5023552794778275
25756,GOF,0.02339150140723409,0.4927957633003523,0.4838127352924136
25757,GOF,0.00847481522564455,0.8839189476533393,0.10760623712101618
25758,GOF,0.009311498999924698,0.8811590608094881,0.10952944019058737
25759,GOF,0.005696396709156912,0.6783968931064775,0.31590671018436545
25760,LOF,0.005221756318479925,0.3795988102368343,0.6151794334446858
25761,GOF,0.04960368278232691,0.8640060724801557,0.08639024473751744
25762,LOF,0.026006433086649267,0.43784241626745013,0.5361511506459007
25763,LOF,0.005654350043296497,0.33414329537856763,0.6602023545781358
25764,GOF,0.05595733869335031,0.673444540674252,0.2705981206323977
25765,GOF,0.007620749873635227,0.8892888996598305,0.10309035046653438
25766,GOF,0.04770992128851146,0.8417526102047003,0.1105374685067882
25767,GOF,0.017949913740865724,0.5124147331523892,0.4696353531067451
25768,LOF,0.05338022784405895,0.05406635586734663,0.8925534162885945
25769,LOF,0.03609147055531953,0.07690589428077388,0.8870026351639065
25770,LOF,0.1528995755382809,0.06659290037229093,0.7805075240894281
25771,LOF,0.017244963228174683,0.06065377017061438,0.922101266601211
25772,LOF,0.032507219440167386,0.025528334082698258,0.9419644464771344
25773,LOF,0.020298098299611496,0.0688953496666757,0.9108065520337129
25774,LOF,0.02760931129391966,0.0964783997165321,0.8759122889895481
25775,LOF,0.02059753195002358,0.03965438545193343,0.939748082598043
25776,LOF,0.03509638045855228,0.021547670303555852,0.9433559492378918
25777,LOF,0.14291848501622814,0.06406538362028806,0.7930161313634837
25778,LOF,0.02838486345017284,0.047736520958776264,0.9238786155910509
25779,GOF,0.07498614348563716,0.8677805337528395,0.05723332276152343
25780,GOF,0.1113967959995812,0.8436983399569825,0.04490486404343612
25781,GOF,0.038682424096664766,0.8641946765912706,0.09712289931206466
25782,GOF,0.04731314392953048,0.8974176117770819,0.05526924429338758
25783,GOF,0.04274414856417266,0.9173847615025302,0.03987108993329717
25784,GOF,0.12816406162126165,0.8285004217515511,0.04333551662718724
25785,GOF,0.13417427207413,0.8325649942436384,0.03326073368223181
25786,GOF,0.014867755936615153,0.8822994745634203,0.10283276949996462
25787,GOF,0.2708176355519245,0.6890267967985224,0.04015556764955289
25788,LOF,0.017807286539576164,0.15243799953229792,0.8297547139281259
25789,GOF,0.02273650669185917,0.8461335714337738,0.13112992187436698
25790,GOF,0.03492731290189861,0.8602925608560748,0.10478012624202675
25791,GOF,0.034151983906798265,0.7673537434800882,0.19849427261311356
25792,GOF,0.04014711307797709,0.8026219737679343,0.1572309131540887
25793,GOF,0.08452574999698934,0.8105977996015556,0.10487645040145506
25794,GOF,0.06118663036197354,0.7297219112984016,0.20909145833962495
25795,GOF,0.07372692323056418,0.6866751060314104,0.23959797073802552
25796,GOF,0.15029819409953943,0.7707507988399981,0.07895100706046244
25797,GOF,0.09952165318885367,0.7144690937467849,0.18600925306436147
25798,GOF,0.007556583194910842,0.7331413409475186,0.2593020758575704
25799,GOF,0.004845429220876986,0.6515696030992747,0.34358496767984825
25800,GOF,0.030406188212854242,0.8089763479198904,0.1606174638672555
25801,GOF,0.02540528569219004,0.8969397071523243,0.07765500715548553
25802,GOF,0.04141849863635802,0.7789947811173296,0.17958672024631248
25803,GOF,0.023289067784632845,0.6940150977470612,0.282695834468306
25804,GOF,0.03780583593451082,0.7482660544530074,0.21392810961248188
25805,GOF,0.0381084249398491,0.7528249597341583,0.20906661532599244
25806,GOF,0.052162448601148825,0.7626819424341605,0.1851556089646907
25807,GOF,0.015122989468675192,0.714321584766682,0.27055542576464275
25808,GOF,0.02858593474190147,0.7421657460061918,0.22924831925190672
25809,GOF,0.014158829313656121,0.6711623182742549,0.314678852412089
25810,GOF,0.012266788433881536,0.6550469286611962,0.33268628290492236
25811,GOF,0.06934309668489669,0.8571483484597082,0.07350855485539506
25812,GOF,0.03312622602683466,0.7770013867058397,0.1898723872673255
25813,GOF,0.17701873982021732,0.7434734163249889,0.07950784385479379
25814,GOF,0.037497285843662576,0.774184302681255,0.18831841147508238
25815,GOF,0.0685110801230609,0.8272921615556545,0.10419675832128462
25816,GOF,0.012117859742149488,0.8653023500053222,0.12257979025252827
25817,GOF,0.14608204220856905,0.7496104631785832,0.10430749461284791
25818,GOF,0.029460812427734153,0.7417259811416889,0.22881320643057707
25819,GOF,0.056723563098414316,0.7160001213746326,0.22727631552695302
25820,GOF,0.051571668029234505,0.6688103495516455,0.2796179824191199
25821,GOF,0.03387997175468807,0.7235217644224756,0.24259826382283636
25822,GOF,0.06943481626504568,0.6746338174602818,0.2559313662746724
25823,GOF,0.0322463911142829,0.6711967217762331,0.29655688710948386
25824,GOF,0.03790427311998895,0.7375309774041017,0.22456474947590946
25825,GOF,0.029007761969487147,0.7267480943329998,0.24424414369751316
25826,GOF,0.013788463424110135,0.6709673728363199,0.31524416373957
25827,GOF,0.017384207431364998,0.6485969636155469,0.33401882895308815
25828,GOF,0.013709538661051254,0.6889190648334041,0.2973713965055447
25829,GOF,0.00458082630461408,0.6144727003525396,0.38094647334284615
25830,GOF,0.046619188270746716,0.4855208603471018,0.4678599513821516
25831,GOF,0.06868697983017194,0.7825788345776794,0.14873418559214877
25832,GOF,0.011496824212753626,0.718920048265617,0.2695831275216294
25833,GOF,0.04033761554094827,0.7948354498805823,0.1648269345784695
25834,GOF,0.011865051434555669,0.7330212016632723,0.255113746902172
25835,GOF,0.026621377925981717,0.8004039656666917,0.1729746564073266
25836,GOF,0.00814336394294931,0.7177655138511445,0.27409112220590603
25837,GOF,0.01134082942660934,0.7157962167382226,0.27286295383516807
25838,GOF,0.027468134014243376,0.8058350070514776,0.166696858934279
25839,GOF,0.0842123690347908,0.7746446624220134,0.14114296854319588
25840,GOF,0.10669103802237019,0.7508623480528475,0.14244661392478236
25841,GOF,0.10459583635318807,0.7844363198333387,0.11096784381347322
25842,GOF,0.0341120568346954,0.8576753137353526,0.10821262942995198
25843,GOF,0.035542776484413105,0.8621122223208996,0.10234500119468735
25844,GOF,0.023024723478439518,0.8038393226466963,0.17313595387486408
25845,GOF,0.006972420467743034,0.7053890609819287,0.2876385185503283
25846,GOF,0.07534759585708183,0.8158439811913151,0.10880842295160305
25847,GOF,0.020623936284660107,0.8600396240634115,0.1193364396519285
25848,GOF,0.029145478871108667,0.8213348440482714,0.1495196770806199
25849,GOF,0.009141343453749843,0.7842149142354414,0.20664374231080876
25850,GOF,0.008227226730974459,0.6830516089370539,0.30872116433197155
25851,GOF,0.007593086618552551,0.6268882005578671,0.36551871282358034
25852,GOF,0.1697989300863741,0.535406539047156,0.2947945308664699
25853,GOF,0.07140628621829179,0.7841182705837512,0.14447544319795702
25854,GOF,0.006276278651270237,0.6656266724835246,0.3280970488652052
25855,GOF,0.021838692620799408,0.6491173426055036,0.3290439647736969
25856,GOF,0.04407923182266484,0.7253568780850289,0.23056389009230613
25857,GOF,0.02219612103509757,0.6482079543608146,0.3295959246040877
25858,GOF,0.011360498400539609,0.615654982537439,0.3729845190620214
25859,GOF,0.00822935668777945,0.5863691023038843,0.40540154100833636
25860,GOF,0.08520381887131766,0.731211510303443,0.18358467082523952
25861,GOF,0.12454755121920168,0.7468413924618765,0.12861105631892183
25862,GOF,0.02690681634508315,0.8657291068389588,0.10736407681595807
25863,GOF,0.022873383438107166,0.8605929559820856,0.11653366057980716
25864,GOF,0.07026873864876541,0.8539069425886301,0.07582431876260459
25865,GOF,0.05990702463714526,0.826484317349142,0.11360865801371271
25866,GOF,0.026511973609152865,0.8558237472459898,0.11766427914485743
25867,GOF,0.04553943577720725,0.8547282603358877,0.09973230388690495
25868,GOF,0.07487247862173621,0.771693355497549,0.15343416588071485
25869,GOF,0.39745624521461154,0.48329064814983413,0.11925310663555427
25870,GOF,0.07880273278581691,0.5165400755320868,0.40465719168209635
25871,GOF,0.011596511274319567,0.7971842693444665,0.1912192193812139
25872,GOF,0.02686025156896687,0.7740601899666906,0.19907955846434253
25873,GOF,0.02195150624517218,0.8493068768269214,0.12874161692790642
25874,LOF,0.019070855450071818,0.17094451732326643,0.8099846272266618
25875,LOF,0.027909390510783588,0.08482755774503584,0.8872630517441805
25876,LOF,0.022505505382451975,0.05844831302367881,0.9190461815938693
25877,LOF,0.09529394086291394,0.16608729425939783,0.7386187648776883
25878,LOF,0.07660526843234235,0.19430232704014755,0.7290924045275101
25879,LOF,0.011408514547631485,0.14599391666179484,0.8425975687905737
25880,LOF,0.07303030946346187,0.02021870929020169,0.9067509812463364
25881,Neutral,0.5602022854465823,0.09282188912364653,0.3469758254297712
25882,LOF,0.05914454000747398,0.03010798538917577,0.9107474746033501
25883,LOF,0.03087881089452039,0.0296757779979816,0.9394454111074979
25884,LOF,0.019384107165743476,0.050137753972264124,0.9304781388619923
25885,LOF,0.1906221007556334,0.015451138954489933,0.7939267602898766
25886,LOF,0.2767366412593324,0.059412343685464226,0.6638510150552034
25887,LOF,0.0862882365233156,0.1312756210369521,0.7824361424397324
25888,LOF,0.008410245045758546,0.16417222126186434,0.827417533692377
25889,LOF,0.027683216342985498,0.04288829221143686,0.9294284914455777
25890,LOF,0.21569221915904702,0.05891245295302353,0.7253953278879295
25891,LOF,0.11016820967498286,0.02545453148188432,0.8643772588431328
25892,LOF,0.009033780613338704,0.032414442268776426,0.9585517771178848
25893,LOF,0.3561567230375695,0.009631529194625676,0.6342117477678048
25894,LOF,0.34220335800853363,0.006695176943395615,0.6511014650480709
25895,LOF,0.29060879840521575,0.01232753777474377,0.6970636638200405
25896,LOF,0.07523914608457169,0.02636345959680066,0.8983973943186278
25897,LOF,0.11741343275623325,0.012047350963901053,0.8705392162798657
25898,LOF,0.10627949318633446,0.03240071034681297,0.8613197964668525
25899,LOF,0.4029963907180262,0.030608438445679547,0.5663951708362942
25900,Neutral,0.4986103473074361,0.010071654640111848,0.49131799805245197
25901,LOF,0.0845211333992975,0.011684146589394793,0.9037947200113078
25902,LOF,0.0934153752859013,0.014658219771901494,0.8919264049421971
25903,LOF,0.21227119686717327,0.0275733856100223,0.7601554175228044
25904,Neutral,0.5093234212600426,0.04140082389548217,0.4492757548444752
25905,LOF,0.0071186556590081594,0.40184209499677404,0.5910392493442178
25906,LOF,0.009894585483442573,0.07303674209538108,0.9170686724211763
25907,LOF,0.00879196519465573,0.24629967436029573,0.7449083604450486
25908,LOF,0.00912356323516841,0.24926530070063607,0.7416111360641956
25909,LOF,0.033313262664307695,0.09690939342578399,0.8697773439099082
25910,LOF,0.012368649574177853,0.14443407631842503,0.8431972741073972
25911,LOF,0.22543425624514835,0.026714108162413538,0.7478516355924382
25912,LOF,0.10776994947908876,0.02031921268142689,0.8719108378394843
25913,LOF,0.018801253539717983,0.03619961553420352,0.9449991309260785
25914,LOF,0.03981017607138533,0.022544346814230946,0.9376454771143837
25915,LOF,0.18074483021689655,0.13233309665510543,0.686922073127998
25916,LOF,0.015952265542577795,0.06914989113895598,0.9148978433184661
25917,LOF,0.07565309842736125,0.027032465212714137,0.8973144363599246
25918,LOF,0.04006987457400486,0.012739793066441471,0.9471903323595537
25919,LOF,0.03487332834044001,0.013313735883064264,0.9518129357764957
25920,LOF,0.3480210680817952,0.2634557873330611,0.38852314458514375
25921,LOF,0.018822794872167217,0.016715681591764175,0.9644615235360686
25922,LOF,0.01682833387328365,0.01835008586806694,0.9648215802586495
25923,LOF,0.45101619470368914,0.01108435808413634,0.5378994472121745
25924,LOF,0.027895174325544083,0.021122667482674877,0.950982158191781
25925,LOF,0.10375901361498047,0.02144311790540571,0.8747978684796137
25926,LOF,0.08922450358274696,0.014155686731533751,0.8966198096857192
25927,LOF,0.02577327288051831,0.043152260379500075,0.9310744667399816
25928,LOF,0.0138329040203469,0.024280608063473458,0.9618864879161797
25929,Neutral,0.5792807193998475,0.010702939256556878,0.41001634134359566
25930,LOF,0.0917354564656153,0.011210936490196655,0.8970536070441881
25931,LOF,0.015472281134235839,0.015097618191558996,0.9694301006742053
25932,LOF,0.09509446953306747,0.013403029618309286,0.8915025008486231
25933,LOF,0.09290435192581815,0.008219526235244098,0.8988761218389378
25934,LOF,0.09512272363501088,0.006707552795837397,0.8981697235691517
25935,LOF,0.09564559026473354,0.019219938655896773,0.8851344710793697
25936,LOF,0.11956842965316933,0.007649821288389208,0.8727817490584414
25937,LOF,0.023955274086333037,0.01263081401723621,0.9634139118964309
25938,LOF,0.09911166786782448,0.018067811644178252,0.8828205204879972
25939,LOF,0.07501071046688011,0.011175930886803624,0.9138133586463163
25940,GOF,0.011445803837914546,0.5573877661356931,0.4311664300263923
25941,LOF,0.46952437297488203,0.04574913321654226,0.4847264938085757
25942,LOF,0.011128332726274389,0.04674609442938956,0.942125572844336
25943,LOF,0.04697548821627096,0.21282217226477415,0.7402023395189549
25944,LOF,0.04798087531954398,0.09780274433467724,0.8542163803457787
25945,LOF,0.17372613239927692,0.025306014532062465,0.8009678530686606
25946,LOF,0.07628742991718206,0.03825245778353825,0.8854601122992797
25947,Neutral,0.4724224892415486,0.10789887211210814,0.41967863864634314
25948,LOF,0.40175111240915573,0.014134829303895539,0.5841140582869487
25949,LOF,0.15160939057552342,0.06811791159574178,0.7802726978287348
25950,GOF,0.1075781278027121,0.5714007061753499,0.321021166021938
25951,LOF,0.011730149805226835,0.43812136123552337,0.5501484889592497
25952,LOF,0.19542453299968573,0.25627136925945804,0.5483040977408562
25953,LOF,0.008879096804223016,0.34016071484705696,0.6509601883487199
25954,GOF,0.08539278196197136,0.48000467922028534,0.4346025388177432
25955,LOF,0.010276130770720475,0.2588877627342983,0.7308361064949812
25956,LOF,0.01004077183578381,0.362491814803282,0.627467413360934
25957,LOF,0.15315768454307752,0.0445804009589085,0.8022619144980139
25958,LOF,0.03259165151814697,0.06731799694666929,0.9000903515351838
25959,GOF,0.006709490833494038,0.771857976822382,0.221432532344124
25960,LOF,0.004541313181633705,0.14961514558249367,0.8458435412358727
25961,LOF,0.029254023619165365,0.05071976276850565,0.9200262136123291
25962,LOF,0.032733094837265615,0.07409281421472813,0.8931740909480061
25963,LOF,0.008628628636356358,0.12650055423722473,0.8648708171264189
25964,LOF,0.04314957259280423,0.11969275831588644,0.8371576690913094
25965,LOF,0.1869025962423115,0.16728345474518191,0.6458139490125067
25966,LOF,0.3267882492484687,0.12475855977706878,0.5484531909744624
25967,LOF,0.007046525697638276,0.088755528499483,0.9041979458028787
25968,LOF,0.04730075333722636,0.239062073357405,0.7136371733053686
25969,LOF,0.15258356941297804,0.06291464914806225,0.7845017814389598
25970,LOF,0.06767829845800721,0.065474874584696,0.8668468269572966
25971,LOF,0.06664752101008882,0.02939175024627198,0.9039607287436392
25972,LOF,0.08392404301822022,0.061911180583963075,0.8541647763978167
25973,LOF,0.059667000654096615,0.011634833541351123,0.9286981658045523
25974,LOF,0.05133355588202121,0.047851064762178375,0.9008153793558005
25975,LOF,0.03641976619445894,0.016560983738626592,0.9470192500669145
25976,LOF,0.0922077596159677,0.012531254587969325,0.895260985796063
25977,LOF,0.23422011993593042,0.05375309793516792,0.7120267821289016
25978,LOF,0.14965854310952117,0.1499472644174754,0.7003941924730035
25979,LOF,0.12117039457765812,0.16902256997823284,0.709807035444109
25980,LOF,0.19124563435347378,0.23925524895202402,0.5694991166945023
25981,LOF,0.19184785104486773,0.2429505029818429,0.5652016459732894
25982,LOF,0.33917055037428806,0.13402966601463387,0.5267997836110782
25983,LOF,0.40694219703383755,0.143584357505183,0.4494734454609795
25984,LOF,0.07058528141018364,0.08262140509983049,0.8467933134899859
25985,Neutral,0.4927599220962505,0.13395892511736696,0.3732811527863824
25986,LOF,0.014734500065822794,0.4544721668524767,0.5307933330817006
25987,LOF,0.04054360701607762,0.10136950793243744,0.8580868850514849
25988,LOF,0.06844000217783039,0.1410004571044298,0.7905595407177398
25989,LOF,0.07483713382477714,0.21501010462726802,0.7101527615479549
25990,LOF,0.05731833634845424,0.3540139165742828,0.5886677470772629
25991,GOF,0.025749602281242012,0.5419214628892693,0.4323289348294886
25992,LOF,0.012563561396928493,0.4463798552979129,0.5410565833051586
25993,LOF,0.017872344017085238,0.05948202172374555,0.9226456342591692
25994,LOF,0.02694695973825284,0.06345719369131768,0.9095958465704295
25995,LOF,0.016325855536285648,0.12155272964740203,0.8621214148163123
25996,GOF,0.3406334679434798,0.42613862096763594,0.23322791108888424
25997,GOF,0.056120463521021784,0.47526808124127845,0.4686114552376998
25998,LOF,0.23029725092626788,0.03792278602537696,0.7317799630483551
25999,LOF,0.030979199363954362,0.1988101402999382,0.7702106603361074
26000,LOF,0.12385169835842998,0.017274031763288192,0.8588742698782817
26001,LOF,0.13556601022370107,0.027049076997052866,0.837384912779246
26002,LOF,0.08261135697607498,0.03107705423188122,0.8863115887920439
26003,GOF,0.006621791034015323,0.6360370610117856,0.3573411479541992
26004,GOF,0.014575342375021148,0.5914238203290344,0.3940008372959445
26005,LOF,0.004980609671783076,0.4894515700346902,0.5055678202935268
26006,GOF,0.10453009382952448,0.5202978168159605,0.37517208935451496
26007,GOF,0.010740536019689563,0.5140770140308233,0.4751824499494872
26008,GOF,0.0067290490045434906,0.599761107542483,0.39350984345297335
26009,GOF,0.012290056646652179,0.642939218931628,0.3447707244217199
26010,GOF,0.009220116551294073,0.5770309378009006,0.41374894564780523
26011,LOF,0.0048013013039012765,0.40529061684609835,0.5899080818500003
26012,GOF,0.005472026377047729,0.5501064414435802,0.4444215321793719
26013,GOF,0.011602349205371197,0.5624831547384643,0.4259144960561645
26014,LOF,0.03842938554314756,0.09207372501156541,0.869496889445287
26015,LOF,0.3846854319529781,0.017715740585404077,0.5975988274616179
26016,LOF,0.25794702900321165,0.026596637199005475,0.7154563337977828
26017,LOF,0.015391782447575829,0.12402501630695456,0.8605832012454696
26018,LOF,0.029338175175260578,0.05251218015038627,0.9181496446743532
26019,LOF,0.02952214168459662,0.044155241808770285,0.9263226165066331
26020,LOF,0.006816049921273549,0.1287567104945465,0.8644272395841799
26021,LOF,0.08293279565389615,0.0577094953289881,0.8593577090171158
26022,LOF,0.04044262204669419,0.024037688682993347,0.9355196892703124
26023,LOF,0.023137815257065184,0.033702988552790414,0.9431591961901444
26024,LOF,0.047401544414764595,0.04258300614720776,0.9100154494380276
26025,LOF,0.12665531360783464,0.04310337868264472,0.8302413077095208
26026,LOF,0.11086804575116664,0.03262321126824452,0.8565087429805888
26027,LOF,0.03041250562129722,0.02147474591179108,0.9481127484669116
26028,LOF,0.05942583567294734,0.15332358152572248,0.7872505828013301
26029,LOF,0.024950524246310897,0.20942834812499095,0.765621127628698
26030,LOF,0.10868873899448725,0.029445050478261382,0.8618662105272513
26031,LOF,0.011774529608606059,0.1899161363398865,0.7983093340515076
26032,LOF,0.03349484174959544,0.05024260041865452,0.9162625578317499
26033,LOF,0.03460736850315798,0.047302870817928076,0.9180897606789139
26034,LOF,0.017078309111349946,0.13158798511746855,0.8513337057711815
26035,LOF,0.010634319448062708,0.14080776855393376,0.8485579119980036
26036,LOF,0.010195994489501951,0.11447049075034711,0.8753335147601509
26037,LOF,0.01001374848339105,0.12480437551527655,0.8651818760013323
26038,LOF,0.028091703600025154,0.04422769773621336,0.9276805986637614
26039,LOF,0.028132175153745075,0.15747984770183077,0.8143879771444242
26040,LOF,0.07195792828645918,0.13740113534958412,0.7906409363639566
26041,LOF,0.011450151128915077,0.1157282660063034,0.8728215828647815
26042,LOF,0.010655233018391757,0.12010847099945456,0.8692362959821538
26043,LOF,0.02818162473558381,0.07212941812775246,0.8996889571366637
26044,LOF,0.0061755887438483025,0.0548717349795317,0.9389526762766199
26045,LOF,0.07101066782021444,0.21250248455980822,0.7164868476199774
26046,LOF,0.025089681219963484,0.046542713466014136,0.9283676053140223
26047,LOF,0.055847338101479245,0.04745917103900805,0.8966934908595127
26048,LOF,0.07784716050727052,0.018671349162030854,0.9034814903306987
26049,Neutral,0.9438495396497073,0.00655339958632979,0.04959706076396274
26050,Neutral,0.9062376835261121,0.007008104645476381,0.0867542118284115
26051,LOF,0.03187822308262306,0.15775098439253088,0.810370792524846
26052,LOF,0.02916372933915715,0.10919052607180467,0.8616457445890382
26053,LOF,0.018361216173479508,0.18888373126465374,0.7927550525618667
26054,LOF,0.047110466596494045,0.044249150601661735,0.9086403828018442
26055,LOF,0.06932148961008291,0.04060550308742694,0.8900730073024902
26056,LOF,0.055596604702590945,0.05333872651150413,0.891064668785905
26057,LOF,0.060892987966997526,0.023101418886501558,0.9160055931465009
26058,LOF,0.06717055677183698,0.018249893776995287,0.9145795494511677
26059,LOF,0.21338772509563286,0.034941234669619875,0.7516710402347474
26060,LOF,0.014858877364196837,0.19686212831703734,0.7882789943187658
26061,LOF,0.010997918014697499,0.016807152819774,0.9721949291655285
26062,LOF,0.005409319458536776,0.0253355505773792,0.9692551299640839
26063,LOF,0.04828019625190057,0.01577605713448687,0.9359437466136126
26064,LOF,0.014718209424767181,0.02312378446967754,0.9621580061055552
26065,LOF,0.06682637134615413,0.023774308418219953,0.9093993202356259
26066,LOF,0.04842550956236776,0.017116912459990453,0.9344575779776417
26067,LOF,0.06042681996339791,0.014559796694116188,0.925013383342486
26068,LOF,0.05191535655532598,0.04283418299281352,0.9052504604518606
26069,LOF,0.20492322202884317,0.032447595969730916,0.7626291820014259
26070,LOF,0.4252413572901323,0.021289128124671042,0.5534695145851967
26071,LOF,0.050367304114626865,0.01715140916125828,0.9324812867241148
26072,LOF,0.006217496401583878,0.0280351464013642,0.965747357197052
26073,LOF,0.045234604414009075,0.02016436253473865,0.9346010330512523
26074,Neutral,0.7764768280765344,0.014550596419668391,0.20897257550379714
26075,LOF,0.045434265761617035,0.03470005683383287,0.91986567740455
26076,LOF,0.04719953084410925,0.015285518642415475,0.9375149505134752
26077,LOF,0.1604878927870579,0.013810109919502888,0.8257019972934392
26078,LOF,0.006337078576078095,0.02915594218049628,0.9645069792434257
26079,LOF,0.05643642672793222,0.028953878700985123,0.9146096945710825
26080,LOF,0.05553505796026891,0.0291327985961161,0.9153321434436149
26081,LOF,0.04527321423684844,0.014359214401795339,0.9403675713613563
26082,LOF,0.006331301352105115,0.023490456622710904,0.9701782420251839
26083,LOF,0.10539677104311733,0.02855461406052711,0.8660486148963557
26084,LOF,0.12886932488896097,0.024170922041842253,0.8469597530691968
26085,LOF,0.11353891340738145,0.019273717876165556,0.8671873687164529
26086,LOF,0.04526277238614942,0.019280839850918444,0.9354563877629323
26087,LOF,0.04378997124860314,0.018365834930155308,0.9378441938212415
26088,LOF,0.006649780467281043,0.041267170548974205,0.9520830489837449
26089,LOF,0.03813084397961005,0.045373057792241114,0.9164960982281488
26090,LOF,0.03887381741533754,0.03481641283990301,0.9263097697447594
26091,LOF,0.03157901279633728,0.012365140250152886,0.9560558469535099
26092,LOF,0.04536511418659663,0.013762714604187529,0.9408721712092157
26093,LOF,0.06719744760841244,0.009861555910804875,0.9229409964807826
26094,LOF,0.03636480622397638,0.011142002096128499,0.9524931916798952
26095,LOF,0.01695774704104592,0.026313625764823198,0.9567286271941309
26096,LOF,0.23827094180021013,0.006635266945484651,0.7550937912543053
26097,LOF,0.006329556003366696,0.06040964505592535,0.9332607989407079
26098,LOF,0.08695536856566854,0.027541166958301454,0.8855034644760299
26099,LOF,0.045978500401558424,0.029787560519411657,0.92423393907903
26100,LOF,0.04597748188799081,0.029786900666778998,0.9242356174452301
26101,LOF,0.04946030844345556,0.04397536033237749,0.9065643312241669
26102,LOF,0.0376488001024884,0.02259672147216563,0.939754478425346
26103,Neutral,0.8878866603700494,0.03304429165231782,0.07906904797763288
26104,LOF,0.05412398614629928,0.049128343998232946,0.8967476698554678
26105,LOF,0.20659030403947373,0.10605741173498597,0.6873522842255403
26106,LOF,0.26917533626495893,0.03992908821994303,0.6908955755150982
26107,LOF,0.014951584797505676,0.051813919308701724,0.9332344958937927
26108,LOF,0.14504149838396965,0.04068115354681258,0.8142773480692178
26109,LOF,0.05497227071897652,0.03630752020379523,0.9087202090772283
26110,LOF,0.4204172162921217,0.012366778826399633,0.5672160048814787
26111,LOF,0.06002048877621893,0.09565257622348418,0.8443269350002969
26112,LOF,0.06505110807618582,0.012093683809323427,0.9228552081144907
26113,LOF,0.1167078324817697,0.03460302424400919,0.8486891432742211
26114,LOF,0.09307794222248097,0.00849593621527271,0.8984261215622463
26115,LOF,0.018151776500365376,0.06662742884620294,0.9152207946534316
26116,LOF,0.08473594913921921,0.025059084267736922,0.8902049665930438
26117,LOF,0.372737898831725,0.03622603220186006,0.5910360689664149
26118,LOF,0.035679943421081786,0.016966031273118912,0.9473540253057993
26119,LOF,0.005848984763643617,0.0857703182550169,0.9083806969813394
26120,LOF,0.03164454627418291,0.015709260713257896,0.952646193012559
26121,LOF,0.004073830996574767,0.12055105929925868,0.8753751097041665
