feature0,prediction,LoGoFunc_Neutral,LoGoFunc_GOF,LoGoFunc_LOF
25546,Neutral,0.7443726917390804,0.03784092967592115,0.21778637858499855
25547,Neutral,0.60066962803357,0.07718429374601263,0.3221460782204174
25548,Neutral,0.6072025622534748,0.05371846254264806,0.33907897520387714
25549,Neutral,0.5380590709370929,0.05317027767126637,0.4087706513916407
25550,LOF,0.37109291856275817,0.10104230466669682,0.527864776770545
25551,LOF,0.3069435051023816,0.11078182031408261,0.5822746745835358
25552,LOF,0.22947890686063563,0.10570132914596142,0.6648197639934029
25553,Neutral,0.8486683605217066,0.026585849395802625,0.12474579008249086
25554,LOF,0.2616373992466456,0.10106225511312819,0.6373003456402262
25555,LOF,0.21760842759981264,0.0899550203869397,0.6924365520132477
25556,LOF,0.4516954199405819,0.0887837824869509,0.45952079757246733
25557,LOF,0.21439848154769328,0.09343081440458383,0.6921707040477229
25558,LOF,0.24994203815984126,0.10014307120331045,0.6499148906368483
25559,LOF,0.36576751867893137,0.14452507708745985,0.4897074042336088
25560,LOF,0.0533232060600934,0.11582733332229223,0.8308494606176144
25561,LOF,0.1162402564749873,0.11475929898717065,0.769000444537842
25562,LOF,0.09748428006632026,0.057685256258801096,0.8448304636748786
25563,LOF,0.11045548669942497,0.0634834124528794,0.8260611008476957
25564,LOF,0.2514582708507893,0.11304993100074372,0.6354917981484669
25565,LOF,0.1473679584566575,0.1338175924580274,0.7188144490853151
25566,GOF,0.015275690752753306,0.7929237148556015,0.1918005943916453
25567,LOF,0.01422450263178976,0.17835829417570606,0.8074172031925042
25568,LOF,0.050851429134391,0.0649873824923457,0.8841611883732633
25569,LOF,0.06120162742096305,0.06283606265068079,0.8759623099283561
25570,LOF,0.05979150088962391,0.09057764578862709,0.8496308533217489
25571,LOF,0.05315827775361404,0.08723052159581157,0.8596112006505744
25572,LOF,0.06550092851085934,0.1104341206898322,0.8240649507993085
25573,LOF,0.03531671099886516,0.09861560807396663,0.8660676809271682
25574,LOF,0.022360447518349254,0.14686967727626618,0.8307698752053846
25575,LOF,0.04373870971870696,0.10539150430831107,0.850869785972982
25576,LOF,0.01746708891314721,0.12594944343883288,0.85658346764802
25577,LOF,0.016225309978749373,0.11858871214195146,0.8651859778792992
25578,LOF,0.26048844021577966,0.08430100016583478,0.6552105596183855
25579,LOF,0.26157973988860767,0.08361206082316344,0.654808199288229
25580,LOF,0.02974773512564349,0.07907596556374921,0.8911762993106073
25581,LOF,0.053206889950605664,0.066018859899496,0.8807742501498983
25582,LOF,0.05277035275862832,0.06485979693913066,0.882369850302241
25583,LOF,0.038451347399891846,0.08676791507462554,0.8747807375254826
25584,Neutral,0.46264166434883003,0.10606096430188625,0.4312973713492837
25585,LOF,0.0222237182470165,0.1187631318155035,0.8590131499374799
25586,LOF,0.028775043143520977,0.07291572206529831,0.8983092347911807
25587,LOF,0.029209128976967234,0.06785953181134588,0.9029313392116869
25588,LOF,0.02962093622463695,0.07914415789513495,0.8912349058802281
25589,Neutral,0.6062837636601635,0.1255442726323348,0.26817196370750174
25590,LOF,0.032723093627925,0.1231475157627471,0.8441293906093279
25591,LOF,0.09478271062401658,0.05691922831967993,0.8482980610563036
25592,LOF,0.0962358194069751,0.12240976922703506,0.7813544113659898
25593,LOF,0.034555854559060434,0.2752067441123402,0.6902374013285993
25594,LOF,0.04642528461614013,0.16091085871250216,0.7926638566713576
25595,LOF,0.049650280150911025,0.12052785774869586,0.8298218621003932
25596,LOF,0.05377851103697394,0.08803351810175512,0.8581879708612709
25597,LOF,0.038830944050682034,0.09902606654310685,0.862142989406211
25598,LOF,0.05063063787060959,0.11391173588339006,0.8354576262460003
25599,GOF,0.007303078791772139,0.6473775459169983,0.3453193752912294
25600,GOF,0.015006751319566285,0.5674863754946551,0.41750687318577867
25601,LOF,0.009987805029217704,0.45532736327189505,0.5346848316988873
25602,LOF,0.023842056565302677,0.043575834086235346,0.932582109348462
25603,LOF,0.05629550761841288,0.023483521869796662,0.9202209705117905
25604,LOF,0.039007405409722515,0.03844448171606771,0.9225481128742098
25605,LOF,0.010155587419588974,0.20160238754109416,0.7882420250393168
25606,LOF,0.06061554811662274,0.37912718382650296,0.5602572680568743
25607,LOF,0.005838631623842967,0.18762803617985307,0.806533332196304
25608,LOF,0.04765503280811665,0.06503096531417249,0.8873140018777108
25609,LOF,0.037468155825780516,0.4629612072911567,0.49957063688306286
25610,LOF,0.03377766776417323,0.03183508855047371,0.934387243685353
25611,LOF,0.03824697131632414,0.028585910128709747,0.9331671185549661
25612,LOF,0.09783928584788715,0.044493528269199285,0.8576671858829136
25613,LOF,0.07465144191995207,0.04620494562781261,0.8791436124522353
25614,LOF,0.02668345944073072,0.03789553018864565,0.9354210103706236
25615,LOF,0.04940416372082515,0.04404857048669946,0.9065472657924754
25616,LOF,0.026317632088367036,0.03789135557737402,0.9357910123342589
25617,LOF,0.025520456674685315,0.041455848049185805,0.9330236952761289
25618,LOF,0.1338165485406473,0.0339108040235185,0.8322726474358342
25619,LOF,0.027513960412081515,0.03703614770990111,0.9354498918780174
25620,LOF,0.030943631868293908,0.04482002235502391,0.9242363457766821
25621,LOF,0.02791103918642567,0.0355866453335873,0.936502315479987
25622,LOF,0.030637992663286054,0.04153326397793075,0.9278287433587833
25623,LOF,0.0501851122924978,0.03974707862039416,0.9100678090871082
25624,LOF,0.02353959903106246,0.044720648886603445,0.9317397520823342
25625,LOF,0.033325492947917416,0.05303238209292019,0.9136421249591623
25626,LOF,0.08467221500925834,0.03981381753886666,0.875513967451875
25627,Neutral,0.5770801123838588,0.10023200108808429,0.3226878865280569
25628,LOF,0.2183802978558961,0.047758350201594676,0.7338613519425091
25629,LOF,0.06326751858029897,0.05374293776980167,0.8829895436498993
25630,LOF,0.16198991445828,0.08124467943472538,0.7567654061069946
25631,Neutral,0.6019539338517879,0.05364777772215433,0.34439828842605785
25632,LOF,0.01436534071389472,0.11270773574537017,0.8729269235407352
25633,LOF,0.18925029799503185,0.07973239769378156,0.7310173043111866
25634,LOF,0.034228721058373074,0.11371331934227191,0.8520579595993552
25635,LOF,0.036681242746737806,0.09159866107850785,0.8717200961747543
25636,GOF,0.0037011156636044137,0.6590401181786543,0.3372587661577414
25637,GOF,0.003759030449117047,0.6958389934312266,0.3004019761196563
25638,LOF,0.007537678771374272,0.42079359188733106,0.5716687293412946
25639,GOF,0.003624479401317744,0.5524263293841649,0.4439491912145173
25640,Neutral,0.476225490080297,0.45471124846997635,0.06906326144972653
25641,LOF,0.007578185428338692,0.3663052488355067,0.6261165657361547
25642,LOF,0.24890137841246932,0.0796065308164521,0.6714920907710786
25643,LOF,0.25467670607395027,0.18371891001855142,0.5616043839074983
25644,GOF,0.013081413440390486,0.5387086492017303,0.44820993735787906
25645,GOF,0.011015539911248918,0.5011045595372191,0.48787990055153185
25646,LOF,0.01713489638891753,0.3515633907387199,0.6313017128723626
25647,LOF,0.013833739405375182,0.30487239711211594,0.681293863482509
25648,LOF,0.013110427668162483,0.3097018661226795,0.6771877062091579
25649,LOF,0.010144898153523903,0.2366625801186617,0.7531925217278144
25650,GOF,0.02539928922105149,0.4934109317332823,0.4811897790456661
25651,LOF,0.008359551782326757,0.288820769140016,0.7028196790776572
25652,LOF,0.01295492821744698,0.2757534670772356,0.7112916047053174
25653,LOF,0.048302355974215595,0.36419842255769364,0.5874992214680907
25654,LOF,0.01453869081586209,0.16700415007190658,0.8184571591122314
25655,LOF,0.06767829716466346,0.42273865126055754,0.509583051574779
25656,LOF,0.08682366910636356,0.07301491931151188,0.8401614115821245
25657,LOF,0.2947754481013372,0.03731540721796754,0.6679091446806952
25658,LOF,0.03925606872189193,0.10025841789598045,0.8604855133821278
25659,LOF,0.3027913645714067,0.07337511314088543,0.6238335222877079
25660,LOF,0.0701822805205253,0.09804313656253236,0.8317745829169424
25661,LOF,0.047013309568462454,0.07155954121284493,0.8814271492186925
25662,LOF,0.02739348731687895,0.047528867036164574,0.9250776456469564
25663,LOF,0.03684855238960019,0.07118222966201243,0.8919692179483875
25664,LOF,0.03846303913245501,0.09222397536416552,0.8693129855033794
25665,LOF,0.060212039414978324,0.04688626667857463,0.892901693906447
25666,LOF,0.03645442984037493,0.14049037919338828,0.8230551909662368
25667,LOF,0.031168760760421094,0.05539507586135822,0.9134361633782208
25668,LOF,0.03078613786342111,0.05882711572679592,0.9103867464097829
25669,LOF,0.03955662947671399,0.08411176493902817,0.8763316055842578
25670,LOF,0.07932217788442143,0.09413643244199056,0.8265413896735879
25671,LOF,0.03993021595904538,0.048171109790920846,0.9118986742500339
25672,LOF,0.06276126639226828,0.06672345029246936,0.8705152833152624
25673,LOF,0.03977423674033674,0.08047401310808948,0.8797517501515738
25674,LOF,0.03629299767353358,0.08458448321662554,0.8791225191098408
25675,LOF,0.05012111114627608,0.06457117335571039,0.8853077154980136
25676,LOF,0.03397323182493532,0.060513110858723504,0.9055136573163411
25677,LOF,0.05955037253305838,0.06831748291070655,0.8721321445562352
25678,LOF,0.28446070291098213,0.03850900759184207,0.6770302894971759
25679,LOF,0.17650718138371144,0.07431059381060214,0.7491822248056865
25680,LOF,0.05889649243880566,0.10122819747556167,0.8398753100856327
25681,LOF,0.10955919638777231,0.09447225561934093,0.7959685479928867
25682,LOF,0.042053683213629095,0.08353659132811869,0.8744097254582522
25683,LOF,0.09014517315809029,0.11501845791829202,0.7948363689236178
25684,LOF,0.05908983551088334,0.07784711664285553,0.8630630478462611
25685,LOF,0.09244371369576578,0.05446447325917011,0.8530918130450642
25686,LOF,0.029689682567263568,0.10449733381706855,0.8658129836156679
25687,LOF,0.051843485444942626,0.08048437029973217,0.8676721442553252
25688,LOF,0.024624292108327624,0.08972998441284952,0.8856457234788229
25689,LOF,0.019197603222589208,0.07747829583476103,0.9033241009426498
25690,LOF,0.024100767941709185,0.0854852413620849,0.890413990696206
25691,LOF,0.17772588578339857,0.12381118467365032,0.6984629295429511
25692,LOF,0.2753740703162974,0.012112031654531254,0.7125138980291713
25693,LOF,0.07433102561333477,0.16095228815228807,0.7647166862343772
25694,LOF,0.24490881407754211,0.014505167481487977,0.7405860184409698
25695,LOF,0.16669501545655765,0.01765357342738161,0.8156514111160608
25696,LOF,0.17823584858861757,0.009917924931543831,0.8118462264798386
25697,LOF,0.13754189075511128,0.024848045897413452,0.8376100633474752
25698,LOF,0.04473609461553858,0.4008864876293033,0.554377417755158
25699,LOF,0.06766836274993628,0.07726480476275006,0.8550668324873136
25700,LOF,0.031185612841180457,0.011471083636091818,0.9573433035227277
25701,LOF,0.01373499498458178,0.08033229104810966,0.9059327139673086
25702,GOF,0.0351043319426387,0.7384972869422183,0.22639838111514302
25703,LOF,0.021116852386861083,0.1896532827416388,0.7892298648715002
25704,LOF,0.09455134907146438,0.14578687612879088,0.7596617747997447
25705,LOF,0.05693840208032598,0.2313721881991839,0.7116894097204901
25706,GOF,0.05529962419571637,0.6115661818577569,0.33313419394652655
25707,GOF,0.03280538621727913,0.5405485124544079,0.4266461013283129
25708,LOF,0.00882285798400621,0.46079562568379634,0.5303815163321974
25709,LOF,0.018560882890588687,0.06512108602066345,0.9163180310887479
25710,LOF,0.00891975176802588,0.17809748333723538,0.8129827648947388
25711,LOF,0.020528242868800763,0.11857774290683894,0.8608940142243604
25712,LOF,0.009637332503018943,0.2297214754559679,0.7606411920410132
25713,LOF,0.018288184102919266,0.10274987950631283,0.8789619363907678
25714,LOF,0.019681386062340513,0.14111941344792223,0.8391992004897373
25715,LOF,0.01928395224332658,0.12223056605218648,0.8584854817044869
25716,LOF,0.012025165931502865,0.1420900795901881,0.845884754478309
25717,LOF,0.005621328522196257,0.13733991267080053,0.8570387588070033
25718,LOF,0.0176339746548368,0.06885445651850965,0.9135115688266535
25719,LOF,0.03393901839468443,0.08542605956860486,0.8806349220367107
25720,LOF,0.022172455229039673,0.08351948800882775,0.8943080567621325
25721,LOF,0.023150501632382723,0.0947471555613588,0.8821023428062585
25722,LOF,0.017434639067476315,0.11719227798934767,0.8653730829431759
25723,LOF,0.02130676735044247,0.06792302394426211,0.9107702087052955
25724,LOF,0.029204570628464308,0.11162358429569277,0.8591718450758429
25725,LOF,0.022032493746741075,0.06570702625634944,0.9122604799969095
25726,LOF,0.016027769151815523,0.09539410076762184,0.8885781300805626
25727,LOF,0.01977947628074117,0.07999233303085526,0.9002281906884037
25728,LOF,0.018143432197984415,0.09521591723312346,0.8866406505688921
25729,LOF,0.01842218416571978,0.09567408266263178,0.8859037331716485
25730,LOF,0.019208127813279283,0.08138437038171788,0.8994075018050028
25731,LOF,0.010593042068175018,0.17534695793234445,0.8140599999994805
25732,LOF,0.018513616141208892,0.08550895264271471,0.8959774312160764
25733,LOF,0.029895246495329868,0.07820658042301537,0.8918981730816549
25734,LOF,0.006683225870148448,0.21873650911837508,0.7745802650114765
25735,LOF,0.0233664082533467,0.06920894996295085,0.9074246417837023
25736,LOF,0.022042766794945826,0.10965546533066609,0.8683017678743881
25737,LOF,0.042662203008749504,0.09382961928733226,0.8635081777039182
25738,LOF,0.0196444818952752,0.1467951934026957,0.8335603247020291
25739,LOF,0.021470547155240684,0.14101582874052893,0.8375136241042305
25740,LOF,0.05020084126866253,0.13412704223598287,0.8156721164953546
25741,LOF,0.026698320225841475,0.11128767706145982,0.8620140027126987
25742,LOF,0.03721990596872555,0.13258564463971056,0.830194449391564
25743,LOF,0.011661853785377827,0.043179234652815326,0.9451589115618068
25744,LOF,0.14181996874590888,0.42527445536255615,0.432905575891535
25745,LOF,0.023447075297419556,0.08348197208930955,0.893070952613271
25746,LOF,0.011982573705260168,0.09940245427285277,0.888614972021887
25747,LOF,0.03141964016681073,0.03557575207365326,0.933004607759536
25748,LOF,0.2851210268708969,0.05423573090886453,0.6606432422202385
25749,LOF,0.01433061103322368,0.06240803807855088,0.9232613508882254
25750,LOF,0.015907868594353707,0.09132373472718165,0.8927683966784647
25751,LOF,0.03637865301123136,0.07600691295326166,0.8876144340355071
25752,GOF,0.0938133144067786,0.6833459671709837,0.22284071842223768
25753,LOF,0.0066100187520166396,0.386565210768412,0.6068247704795714
25754,GOF,0.005389724552458191,0.8686760282957338,0.12593424715180804
25755,LOF,0.009313661613163458,0.43389982424558204,0.5567865141412545
25756,LOF,0.047441971002813096,0.4620571946634367,0.49050083433375025
25757,GOF,0.006261713549838835,0.8685154959546753,0.12522279049548596
25758,GOF,0.008718752710200063,0.8757190675954905,0.11556217969430928
25759,GOF,0.0047786048615781574,0.6075617049999534,0.3876596901384684
25760,LOF,0.006659853258922056,0.3043128951090315,0.6890272516320464
25761,GOF,0.047374286067567585,0.8601222778126069,0.09250343611982571
25762,LOF,0.027730178690633902,0.3964344304022786,0.5758353909070875
25763,LOF,0.008021567517768882,0.2596802899668462,0.7322981425153849
25764,GOF,0.062287830476545784,0.6386873426652453,0.29902482685820897
25765,GOF,0.008320849181061114,0.8618466649121767,0.12983248590676222
25766,GOF,0.04722002919143852,0.822968415573191,0.12981155523537047
25767,GOF,0.01292461277634551,0.589815930418081,0.3972594568055735
25768,LOF,0.03403063792990352,0.08700931774095245,0.8789600443291441
25769,LOF,0.021203082476108165,0.08577588393561836,0.8930210335882734
25770,LOF,0.14842159856757264,0.0734878643426121,0.7780905370898152
25771,LOF,0.012588704900021912,0.08865713723842329,0.8987541578615548
25772,LOF,0.022692930431581358,0.03172122797642375,0.9455858415919949
25773,LOF,0.014023118791420637,0.08883232614225178,0.8971445550663276
25774,LOF,0.029498609444409195,0.09707008948201873,0.873431301073572
25775,LOF,0.018885506423340664,0.04950793424888073,0.9316065593277785
25776,LOF,0.024064119905723613,0.02901247519017021,0.9469234049041062
25777,LOF,0.20853239192806813,0.075927983525738,0.7155396245461938
25778,LOF,0.01889134784987756,0.060672405634565656,0.9204362465155569
25779,GOF,0.041525508904097994,0.8979863478697702,0.06048814322613167
25780,GOF,0.06585162540493249,0.8897210349982196,0.044427339596848095
25781,GOF,0.023373502851506064,0.8856992462128523,0.09092725093564155
25782,GOF,0.02790429536093006,0.9120740173793261,0.06002168725974372
25783,GOF,0.018999139164455253,0.8095234088603247,0.17147745197522002
25784,GOF,0.1009685754649116,0.8684127224254568,0.030618702109631597
25785,GOF,0.058275627998300994,0.9009443935803897,0.04077997842130939
25786,GOF,0.005699121019704811,0.8329971274800966,0.1613037515001986
25787,GOF,0.16648930272742526,0.8005320157312454,0.03297868154132936
25788,LOF,0.015218518729849173,0.22245605061390666,0.7623254306562441
25789,GOF,0.020230315406822963,0.874440660293524,0.10532902429965318
25790,GOF,0.0205663182905706,0.8751014751143552,0.10433220659507426
25791,GOF,0.014798082548151341,0.8282135063757621,0.15698841107608666
25792,GOF,0.024046959962527707,0.8524929730509003,0.1234600669865718
25793,GOF,0.07921023288704648,0.8366028945483597,0.08418687256459385
25794,GOF,0.05560153953381017,0.7828108885502328,0.16158757191595705
25795,GOF,0.06931441551603523,0.7728179521643185,0.15786763231964626
25796,GOF,0.07516323006169029,0.8302140760573382,0.09462269388097168
25797,GOF,0.03967040359929942,0.7227880359342103,0.23754156046649047
25798,GOF,0.0031468899480615498,0.6679971970639681,0.3288559129879703
25799,GOF,0.0029433732091365197,0.5627567985825702,0.43429982820829327
25800,GOF,0.013860831713657906,0.7519627925749381,0.234176375711404
25801,GOF,0.01815358412504025,0.8828770316180644,0.09896938425689512
25802,GOF,0.021765977755464475,0.8308094054991262,0.1474246167454093
25803,GOF,0.011971754820264694,0.7372615234455908,0.2507667217341445
25804,GOF,0.013854640587544135,0.6538749687170444,0.3322703906954115
25805,GOF,0.021839738382437038,0.7330233694181316,0.2451368921994313
25806,GOF,0.018343183103778096,0.7928552127697807,0.1888016041264413
25807,GOF,0.004748983947594387,0.751616685125464,0.24363433092694173
25808,GOF,0.013932008182603083,0.7701764066432533,0.21589158517414364
25809,GOF,0.006350816846151703,0.7351696787802054,0.2584795043736427
25810,GOF,0.005587838051894163,0.7359764835505357,0.25843567839757003
25811,GOF,0.05474594289532933,0.879209386017494,0.06604467108717663
25812,GOF,0.019358911822168468,0.7627173982903663,0.21792368988746527
25813,GOF,0.09252209726051369,0.8173808228502843,0.09009707988920197
25814,GOF,0.025973063284521685,0.8002153806015166,0.17381155611396165
25815,GOF,0.056141288615866286,0.8478886732317222,0.09597003815241151
25816,GOF,0.006520625137001227,0.854397011250694,0.13908236361230472
25817,GOF,0.09129443263635773,0.8125980559837601,0.0961075113798822
25818,GOF,0.023880292805498613,0.8243518504196475,0.15176785677485394
25819,GOF,0.06347938764386195,0.7772572554572786,0.1592633568988593
25820,GOF,0.028905922420545713,0.7729178928705942,0.1981761847088601
25821,GOF,0.020073100117862726,0.7542773565294818,0.2256495433526555
25822,GOF,0.04100658584233233,0.7871505027490485,0.171842911408619
25823,GOF,0.016712073256143132,0.6625308085798377,0.3207571181640193
25824,GOF,0.027162689557098208,0.7922047268808458,0.18063258356205605
25825,GOF,0.016424336549067553,0.7705574731659419,0.21301819028499053
25826,GOF,0.005601824622963711,0.7278205870640237,0.2665775883130126
25827,GOF,0.007390050665640523,0.7075388417000249,0.2850711076343346
25828,GOF,0.006039504145463856,0.6672411766267944,0.3267193192277417
25829,GOF,0.0029703640119447617,0.7060498133373194,0.29097982265073585
25830,GOF,0.034401315232830486,0.5343221297021004,0.4312765550650692
25831,GOF,0.08579301520229787,0.8012599153116591,0.11294706948604309
25832,GOF,0.009291256726916055,0.8168062046422815,0.17390253863080254
25833,GOF,0.03593765747651576,0.8586378953855911,0.10542444713789303
25834,GOF,0.010002836479399854,0.829226704244197,0.16077045927640307
25835,GOF,0.02264408732736888,0.8713791213915419,0.10597679128108912
25836,GOF,0.007473687968558969,0.8202849651088787,0.17224134692256238
25837,GOF,0.00728081454480743,0.7382117048773279,0.25450748057786454
25838,GOF,0.02584109224077049,0.8749842957330213,0.09917461202620834
25839,GOF,0.04299918207224976,0.8641784352655649,0.09282238266218532
25840,GOF,0.0809000066449109,0.8401232369397929,0.07897675641529613
25841,GOF,0.0779073555243728,0.849547202876241,0.07254544159938627
25842,GOF,0.024950480012715756,0.898095839421529,0.07695368056575526
25843,GOF,0.026987165306638517,0.9053021813765538,0.06771065331680766
25844,GOF,0.014770252023001716,0.8558454331848564,0.1293843147921419
25845,GOF,0.005380422923442303,0.6780538270255766,0.31656575005098114
25846,GOF,0.07921508166193757,0.8487096325130068,0.07207528582505562
25847,GOF,0.016358938346371494,0.9117009508199766,0.07194011083365195
25848,GOF,0.017458389633685352,0.8693554558174759,0.11318615454883882
25849,GOF,0.005014908492254051,0.7545227229378616,0.24046236856988432
25850,GOF,0.006115789434476589,0.7592418021961708,0.23464240836935266
25851,GOF,0.005601160653417643,0.6594790440622321,0.3349197952843501
25852,GOF,0.13143847844408474,0.6106865987256425,0.25787492283027286
25853,GOF,0.06962761280719464,0.8512767891164231,0.07909559807638214
25854,GOF,0.005329234077471196,0.7067876423240614,0.2878831235984674
25855,GOF,0.016399360788945903,0.671507267659558,0.3120933715514961
25856,GOF,0.03319417593632287,0.8058626133873429,0.1609432106763342
25857,GOF,0.01749305365836574,0.6621057069342918,0.32040123940734244
25858,GOF,0.009464125103058132,0.6700279825248011,0.3205078923721407
25859,GOF,0.005784537926196565,0.6571006474402775,0.3371148146335259
25860,GOF,0.09989068913313608,0.8217025651140669,0.07840674575279696
25861,GOF,0.08389511954220077,0.8290936741990541,0.08701120625874507
25862,GOF,0.01824331212552468,0.8681367698974163,0.11361991797705902
25863,GOF,0.021931401427514013,0.8804241056490745,0.09764449292341168
25864,GOF,0.04709443324893047,0.8830193052967659,0.06988626145430371
25865,GOF,0.033797405446163074,0.8664595300346591,0.09974306451917783
25866,GOF,0.024030107953197374,0.8810662737809527,0.09490361826584982
25867,GOF,0.032532921614092776,0.8928482333238144,0.07461884506209285
25868,GOF,0.05208650970657846,0.8495691410324265,0.09834434926099504
25869,GOF,0.34851467918462903,0.5878695637366566,0.06361575707871438
25870,GOF,0.060875518589031855,0.6840301760521119,0.25509430535885613
25871,GOF,0.009336533668485733,0.8920597812746783,0.09860368505683582
25872,GOF,0.02145599400982187,0.8801484073902528,0.09839559859992546
25873,GOF,0.021089097267437996,0.8998713551577339,0.07903954757482828
25874,LOF,0.01655353685256244,0.24455653038478156,0.738889932762656
25875,LOF,0.05269268167466699,0.05322492770496658,0.8940823906203664
25876,LOF,0.0170170720212647,0.042450020390333,0.9405329075884022
25877,LOF,0.12166541221528869,0.09910701427819878,0.7792275735065125
25878,LOF,0.07007993171167613,0.12853909533150246,0.8013809729568213
25879,LOF,0.028851062198542093,0.09729945544484188,0.8738494823566161
25880,LOF,0.053913458788314696,0.014269609590830373,0.9318169316208549
25881,Neutral,0.5139164848184625,0.07043727334114858,0.41564624184038906
25882,LOF,0.09137014758657236,0.02559623385096198,0.8830336185624658
25883,LOF,0.028896962855531363,0.024636930943226432,0.9464661062012422
25884,LOF,0.022935697358786374,0.04692152912505655,0.9301427735161572
25885,LOF,0.22434047593332815,0.01126130703284917,0.7643982170338228
25886,LOF,0.29830414642800906,0.04799735011593576,0.6536985034560551
25887,LOF,0.19159012376034076,0.07111413700210228,0.737295739237557
25888,LOF,0.012656103275275516,0.15054982379459045,0.8367940729301341
25889,LOF,0.02822019536632006,0.03409435542879356,0.9376854492048864
25890,LOF,0.1472600982187383,0.11269003698133939,0.7400498647999223
25891,LOF,0.09459157682695886,0.025934540086905444,0.8794738830861357
25892,LOF,0.00856057689669777,0.03413123948599706,0.9573081836173051
25893,LOF,0.38449797377661415,0.008594830113058807,0.6069071961103271
25894,LOF,0.42255501080537855,0.004700477323916936,0.5727445118707044
25895,LOF,0.33098937818827673,0.011162794732070507,0.6578478270796527
25896,LOF,0.06988878771879753,0.015699832542245707,0.9144113797389568
25897,LOF,0.19575709801034505,0.008696008944140765,0.7955468930455142
25898,LOF,0.1811519756086669,0.02783422875869202,0.7910137956326411
25899,LOF,0.45729550277008774,0.015007071984947785,0.5276974252449645
25900,LOF,0.45905939351765646,0.008200633111444413,0.5327399733708991
25901,LOF,0.0745265564727921,0.007612508742945554,0.9178609347842623
25902,LOF,0.19575088542705257,0.008522639794959909,0.7957264747779875
25903,LOF,0.39395917556762905,0.025823882474234092,0.5802169419581368
25904,Neutral,0.49252983207906953,0.022782216171553772,0.48468795174937673
25905,LOF,0.004968384119006057,0.43397327038395095,0.561058345497043
25906,LOF,0.00884333907782292,0.10373182857283876,0.8874248323493383
25907,LOF,0.004584465486700363,0.31124637488706,0.6841691596262396
25908,LOF,0.004795653204054956,0.2293982087992746,0.7658061379966704
25909,LOF,0.02577647801981102,0.14287321388780827,0.8313503080923806
25910,LOF,0.011087257138432923,0.12937252597453758,0.8595402168870294
25911,LOF,0.3144885063707551,0.03475253432179555,0.6507589593074494
25912,LOF,0.07902143258366758,0.04314066602561438,0.877837901390718
25913,LOF,0.04596573410842615,0.06884600644085169,0.8851882594507222
25914,LOF,0.04108124672052031,0.04417604043986588,0.9147427128396137
25915,LOF,0.20563250040285924,0.18558673311465576,0.608780766482485
25916,LOF,0.036528602326099724,0.12797799141288305,0.8354934062610173
25917,LOF,0.07321877611093014,0.04162610907744088,0.885155114811629
25918,LOF,0.04848506650361069,0.02954465163376523,0.921970281862624
25919,LOF,0.03988799030391128,0.029990739163302794,0.9301212705327859
25920,LOF,0.2663634438376518,0.21841287116837776,0.5152236849939704
25921,LOF,0.015888351685452624,0.034692565090898984,0.9494190832236483
25922,LOF,0.01957960856123749,0.03349216759725747,0.9469282238415051
25923,LOF,0.4265444135765908,0.02734608587076582,0.5461095005526433
25924,LOF,0.02254830527540825,0.04899155632639563,0.9284601383981962
25925,LOF,0.08102773443455456,0.04109967410003533,0.8778725914654102
25926,LOF,0.0660995047459855,0.03696396431495943,0.896936530939055
25927,LOF,0.026684038725018965,0.06498612446749465,0.9083298368074865
25928,LOF,0.01006260452282679,0.04925137780180044,0.9406860176753727
25929,Neutral,0.5293941133502778,0.025583431864892876,0.4450224547848294
25930,LOF,0.08295623788204837,0.026149645900690636,0.8908941162172609
25931,LOF,0.013436187948434439,0.03458896593822257,0.951974846113343
25932,LOF,0.06691512667785736,0.029039681007579667,0.904045192314563
25933,LOF,0.06257429693901594,0.017580038641570796,0.9198456644194133
25934,LOF,0.05943465922245527,0.017071753656773457,0.9234935871207713
25935,LOF,0.07527037593272999,0.04917706827466135,0.8755525557926086
25936,LOF,0.10728942125673972,0.018292284193793078,0.8744182945494672
25937,LOF,0.019321629712280106,0.03767369957943888,0.943004670708281
25938,LOF,0.074948192707829,0.04555365307329644,0.8794981542188746
25939,LOF,0.04582100495739598,0.024642859110603425,0.9295361359320006
25940,LOF,0.008012610631158813,0.35222290243519594,0.6397644869336453
25941,Neutral,0.4996778160494656,0.0436375754382643,0.45668460851227
25942,LOF,0.008858026673804604,0.04307401972955307,0.9480679535966422
25943,LOF,0.03722245165998314,0.1779731148757987,0.7848044334642181
25944,LOF,0.05297525685491814,0.08216650029590279,0.864858242849179
25945,LOF,0.11405093258600639,0.020946262736450613,0.8650028046775431
25946,LOF,0.07376734003065352,0.04418879835319675,0.8820438616161498
25947,Neutral,0.45478572861720834,0.12533585070759604,0.4198784206751956
25948,LOF,0.4208313886420044,0.018143277924173324,0.5610253334338223
25949,LOF,0.14570302270505975,0.07204019914347065,0.7822567781514697
25950,GOF,0.05605434505350911,0.5998394333613131,0.34410622158517773
25951,LOF,0.011080859514858868,0.43906352303326757,0.5498556174518736
25952,LOF,0.29505107520774615,0.3048278342544795,0.4001210905377743
25953,LOF,0.007599749013448358,0.18520541316574304,0.8071948378208085
25954,GOF,0.08504771132569258,0.4928324809923631,0.4221198076819444
25955,LOF,0.005341994616741798,0.19275011251298368,0.8019078928702746
25956,LOF,0.02165761449218811,0.24035134479681902,0.7379910407109929
25957,LOF,0.18397984444629187,0.0321836037657169,0.7838365517879913
25958,LOF,0.032384246420021495,0.04378027898545152,0.9238354745945271
25959,GOF,0.014962607405610619,0.6696362370648948,0.31540115552949444
25960,LOF,0.006068150318772482,0.07145877121180218,0.9224730784694253
25961,LOF,0.030925183369714736,0.038020037606737694,0.9310547790235476
25962,LOF,0.044378839943905436,0.06561580702232789,0.8900053530337667
25963,LOF,0.005073529333349731,0.20072523800749706,0.7942012326591532
25964,LOF,0.02776696530955622,0.11702036963011397,0.8552126650603299
25965,LOF,0.26391617340853823,0.1270954721534181,0.6089883544380437
25966,Neutral,0.43989192726747045,0.1487903718198287,0.4113177009127008
25967,LOF,0.008164901599042464,0.08866458941221303,0.9031705089887446
25968,LOF,0.03938851017785842,0.23985130261178797,0.7207601872103537
25969,LOF,0.15961677520740405,0.0560995195204282,0.7842837052721677
25970,LOF,0.027669855522572766,0.08619347924159061,0.8861366652358367
25971,LOF,0.08797107928461463,0.025917250554419465,0.8861116701609659
25972,LOF,0.06908214481761205,0.045672744346208285,0.8852451108361797
25973,LOF,0.06235331026671154,0.00852605947579023,0.9291206302574981
25974,LOF,0.051283657944765824,0.038268776826397614,0.9104475652288366
25975,LOF,0.04370458500530622,0.01621873332234598,0.9400766816723478
25976,LOF,0.09153772480263365,0.00938645996852268,0.8990758152288437
25977,LOF,0.2141948787033906,0.06527191786988752,0.7205332034267219
25978,LOF,0.19859469898734788,0.11526352899177561,0.6861417720208766
25979,LOF,0.1657331937239123,0.1271060434585841,0.7071607628175036
25980,LOF,0.2687349660572454,0.1742333806723025,0.5570316532704521
25981,LOF,0.2688364183781395,0.17775621736418437,0.5534073642576761
25982,Neutral,0.46703137513245946,0.08802845127096373,0.4449401735965767
25983,Neutral,0.4696062918737643,0.10996227135897413,0.42043143676726147
25984,LOF,0.03924614306417898,0.0948006565737465,0.8659532003620746
25985,LOF,0.4132404895703486,0.14224601455265118,0.4445134958770001
25986,LOF,0.013993456219176748,0.4099565956403939,0.5760499481404293
25987,LOF,0.05582172267012184,0.09459573715461546,0.8495825401752627
25988,LOF,0.03927226516935597,0.1555461338814936,0.8051816009491505
25989,LOF,0.04037128480746559,0.18646221175692657,0.7731665034356079
25990,LOF,0.0437637921225946,0.29158064679409706,0.6646555610833084
25991,LOF,0.028749215308259163,0.41128095967688116,0.5599698250148597
25992,LOF,0.026473521049502277,0.4342068153504414,0.5393196636000563
25993,LOF,0.029125679541899038,0.08294077589007502,0.8879335445680259
25994,LOF,0.0252955943980592,0.08343036453811101,0.8912740410638298
25995,LOF,0.021397525717246294,0.14084043402656107,0.8377620402561925
25996,LOF,0.3339306887602681,0.3266129389781203,0.3394563722616116
25997,LOF,0.07210939281835507,0.40677429388701886,0.521116313294626
25998,LOF,0.3009269183772112,0.04059157678536649,0.6584815048374223
25999,LOF,0.02638035908903171,0.19558332223531258,0.7780363186756557
26000,LOF,0.18296393899540941,0.03328865831473362,0.783747402689857
26001,LOF,0.26056553342358224,0.048135330280498455,0.6912991362959193
26002,LOF,0.12586290525130875,0.050176212770941093,0.8239608819777502
26003,GOF,0.005617633380985801,0.6492028265423346,0.34517954007667945
26004,GOF,0.008968998044669727,0.7072543786383761,0.283776623316954
26005,LOF,0.0040116246302799325,0.49638292904929215,0.4996054463204279
26006,GOF,0.10185459445527026,0.5556048074485054,0.34254059809622445
26007,GOF,0.007354437204297724,0.5449716121095655,0.44767395068613675
26008,GOF,0.005062005956606382,0.6070278798614649,0.38791011418192867
26009,GOF,0.008012439270638968,0.6655718934786091,0.326415667250752
26010,GOF,0.007463839457317818,0.6243623996205739,0.3681737609221083
26011,LOF,0.0033463600847965045,0.4573661576558832,0.5392874822593203
26012,GOF,0.004066599262549913,0.5314993644334394,0.46443403630401064
26013,GOF,0.009694054113168768,0.6032899764071034,0.387015969479728
26014,LOF,0.05297323254358476,0.12967086355634488,0.8173559039000704
26015,LOF,0.3380443828961066,0.028491788652814223,0.6334638284510792
26016,LOF,0.2989681980966987,0.0413876718246209,0.6596441300786803
26017,LOF,0.017563519292871886,0.21816045756852687,0.7642760231386012
26018,LOF,0.025069762531681365,0.057025349974267454,0.9179048874940512
26019,LOF,0.024639061904908804,0.0480508115838765,0.9273101265112147
26020,LOF,0.009481560165033756,0.20826129258284545,0.7822571472521207
26021,LOF,0.0851261530094799,0.07620899408043164,0.8386648529100885
26022,LOF,0.03652933064761646,0.03160868010381697,0.9318619892485666
26023,LOF,0.02460575066237745,0.03637242663451637,0.9390218227031061
26024,LOF,0.05030541688480319,0.06416421681847524,0.8855303662967215
26025,LOF,0.07053536413374069,0.08506495399375662,0.8443996818725027
26026,LOF,0.09604602505029436,0.06484857025789963,0.839105404691806
26027,LOF,0.025405243622951136,0.026933133834434807,0.9476616225426141
26028,LOF,0.11765165670984783,0.1710874352968089,0.7112609079933432
26029,LOF,0.020345981867320395,0.2023435270394416,0.7773104910932381
26030,LOF,0.16157705585046128,0.02337675334711412,0.8150461908024247
26031,LOF,0.009469734762800396,0.15343553461983356,0.837094730617366
26032,LOF,0.04437939877084892,0.05509450202651461,0.9005260992026365
26033,LOF,0.06233442940379616,0.04806918795889317,0.8895963826373107
26034,LOF,0.01136829992045558,0.16512854145067224,0.8235031586288721
26035,LOF,0.012240178006128538,0.10779685694256834,0.8799629650513031
26036,LOF,0.011769149355920857,0.12213417667266882,0.8660966739714103
26037,LOF,0.009512925990575785,0.10263217945163212,0.8878548945577921
26038,LOF,0.03770798666958994,0.049707188905546575,0.9125848244248635
26039,LOF,0.023535309032497346,0.14100276676417506,0.8354619242033277
26040,LOF,0.10328351107871088,0.12042465150162317,0.776291837419666
26041,LOF,0.01301586719820021,0.08526259380378091,0.901721538998019
26042,LOF,0.011974799160526588,0.09580809752949386,0.8922171033099795
26043,LOF,0.03696399695464673,0.06730360951059912,0.8957323935347542
26044,LOF,0.011517024511400045,0.052730714170461,0.9357522613181388
26045,LOF,0.08488031686971946,0.10311274906913133,0.8120069340611492
26046,LOF,0.03139198925867026,0.05084680118001024,0.9177612095613195
26047,LOF,0.05395645660298969,0.050762777858247156,0.8952807655387631
26048,LOF,0.05664545921283821,0.028199032459971234,0.9151555083271906
26049,Neutral,0.9459709907754157,0.008110933595837377,0.04591807562874684
26050,Neutral,0.9193149316826381,0.008677927172757805,0.07200714114460396
26051,LOF,0.018081223061145527,0.10531932394614549,0.876599452992709
26052,LOF,0.028609613432300285,0.11732445747051276,0.8540659290971869
26053,LOF,0.025836567444906554,0.1655141742213756,0.8086492583337178
26054,LOF,0.04871175234468377,0.02676470997555345,0.9245235376797627
26055,LOF,0.06868455964608014,0.02404589718787617,0.9072695431660437
26056,LOF,0.05616176715487062,0.030072674615609838,0.9137655582295194
26057,LOF,0.06053750738769949,0.015709233094587608,0.9237532595177129
26058,LOF,0.06605170255563415,0.012556250011296875,0.921392047433069
26059,LOF,0.18318434842552178,0.031456759353501354,0.7853588922209769
26060,LOF,0.018857128518204175,0.16123089727863166,0.8199119742031641
26061,LOF,0.01176330744943286,0.010491750642121328,0.9777449419084459
26062,LOF,0.0059516823659711915,0.017306713228939917,0.9767416044050888
26063,LOF,0.039236441911964924,0.011670835211873542,0.9490927228761614
26064,LOF,0.009495217495434721,0.03010972622329609,0.9603950562812691
26065,LOF,0.04692984021213661,0.013351424810188823,0.9397187349776747
26066,LOF,0.04632126549403046,0.01080845093436278,0.9428702835716067
26067,LOF,0.05657080151153498,0.009914357609836224,0.9335148408786289
26068,LOF,0.055628193429389225,0.04250954636609842,0.9018622602045123
26069,LOF,0.15930756049528924,0.028022154914413185,0.8126702845902977
26070,LOF,0.3413240278149505,0.021528829283956375,0.6371471429010931
26071,LOF,0.04475791774289114,0.012147627770335777,0.943094454486773
26072,LOF,0.00975878442669304,0.021128217283472448,0.9691129982898345
26073,LOF,0.039938512723948084,0.014391618168679416,0.9456698691073726
26074,Neutral,0.9101012906529596,0.008560019407741433,0.08133868993929888
26075,LOF,0.061049870842501755,0.019563167694049827,0.9193869614634484
26076,LOF,0.05225769381592272,0.012416811166467284,0.93532549501761
26077,LOF,0.15178417005893288,0.007060329656400447,0.8411555002846667
26078,LOF,0.008063908375290309,0.01624739377426805,0.9756886978504418
26079,LOF,0.06952809623338285,0.020342075715499636,0.9101298280511175
26080,LOF,0.06780372342445061,0.02047901750076113,0.9117172590747883
26081,LOF,0.03312108453389136,0.009649020504616364,0.9572298949614921
26082,LOF,0.006689519942419036,0.016447958360731346,0.9768625216968496
26083,LOF,0.11553824466586407,0.02015031131539543,0.8643114440187406
26084,LOF,0.10382692785044766,0.016336869209435084,0.8798362029401173
26085,LOF,0.09409099377143074,0.014000948929211275,0.891908057299358
26086,LOF,0.03994507046304295,0.013071229586036234,0.9469836999509208
26087,LOF,0.03802460113727986,0.011074020680581,0.9509013781821392
26088,LOF,0.007954742875459395,0.022640168300656183,0.9694050888238844
26089,LOF,0.04539993940421648,0.03317927488293252,0.921420785712851
26090,LOF,0.04603596127940749,0.02546368821424255,0.92850035050635
26091,LOF,0.032271922652439985,0.008223048541408415,0.9595050288061516
26092,LOF,0.043972081123886,0.008401383861389809,0.9476265350147242
26093,LOF,0.08562062260071943,0.00594849009256276,0.9084308873067178
26094,LOF,0.0361727127115171,0.0073147774887283665,0.9565125097997544
26095,LOF,0.04202019254930664,0.01627613697589896,0.9417036704747943
26096,LOF,0.1961175161450835,0.005847038678135089,0.7980354451767815
26097,LOF,0.007278563437798973,0.03147530968287314,0.9612461268793279
26098,LOF,0.07272970703572595,0.016803800129884867,0.9104664928343892
26099,LOF,0.046197814652461144,0.017569068036562236,0.9362331173109766
26100,LOF,0.046197814652461144,0.017569068036562236,0.9362331173109766
26101,LOF,0.05982083585965997,0.03112289682780723,0.9090562673125328
26102,LOF,0.03538520884959854,0.016757949152668594,0.9478568419977329
26103,Neutral,0.8866595571030507,0.025456549054104608,0.08788389384284466
26104,LOF,0.06136971648414793,0.04195185423413745,0.8966784292817146
26105,LOF,0.2651413909644189,0.14484916867355738,0.5900094403620237
26106,LOF,0.34871033409705443,0.104761037823502,0.5465286280794436
26107,LOF,0.024012233877986833,0.10051105865102605,0.8754767074709872
26108,LOF,0.2815215726913108,0.047493361809836536,0.6709850654988526
26109,LOF,0.08608048746954312,0.04143345953382921,0.8724860529966277
26110,LOF,0.4456122070352555,0.009528269689182153,0.5448595232755623
26111,LOF,0.05520470506944323,0.13946505318577251,0.8053302417447843
26112,LOF,0.053550679874547626,0.009182594517394116,0.9372667256080583
26113,LOF,0.10656536576957078,0.022526163997618052,0.8709084702328113
26114,LOF,0.0871355158316764,0.011361632637637694,0.9015028515306858
26115,LOF,0.016965936689412393,0.054488732684207675,0.9285453306263799
26116,LOF,0.07066577481944339,0.02100306137937521,0.9083311638011814
26117,LOF,0.3562019648707414,0.02850828429233589,0.6152897508369227
26118,LOF,0.0489146194904284,0.014599265410073016,0.9364861150994986
26119,LOF,0.006608750393798201,0.030711177618943028,0.9626800719872587
26120,LOF,0.03625390550901905,0.013842834299302737,0.9499032601916781
26121,LOF,0.0037159060236605884,0.11096933212647075,0.8853147618498687
