feature0,prediction,LoGoFunc_Neutral,LoGoFunc_GOF,LoGoFunc_LOF
25546,Neutral,0.6350932832359198,0.13918391248264828,0.22572280428143196
25547,Neutral,0.4538608435510589,0.2876982960605121,0.2584408603884291
25548,Neutral,0.42911615374619366,0.2329105300990263,0.33797331615478016
25549,Neutral,0.3996290939512564,0.24237569534611103,0.35799521070263246
25550,LOF,0.3220874827094101,0.2970072968242169,0.38090522046637293
25551,LOF,0.2703111963087943,0.27834064550488397,0.4513481581863217
25552,LOF,0.14781788152735098,0.2704161248000093,0.5817659936726398
25553,Neutral,0.8212639214773416,0.058098051827075343,0.12063802669558303
25554,LOF,0.1814598104973571,0.26957048016865887,0.548969709333984
25555,LOF,0.14623837121632272,0.2352960248064785,0.6184656039771989
25556,Neutral,0.48236050417847015,0.1876431825738306,0.3299963132476993
25557,LOF,0.1482244193849219,0.2517158633073286,0.6000597173077494
25558,LOF,0.18458873809114226,0.29926132720315957,0.5161499347056983
25559,Neutral,0.500721152643999,0.018254065334663207,0.48102478202133775
25560,LOF,0.036778071504192274,0.2259030667594195,0.7373188617363882
25561,LOF,0.10012473500274845,0.28381283215474823,0.6160624328425033
25562,LOF,0.12121809198672352,0.06378550679187897,0.8149964012213975
25563,LOF,0.1134760691227991,0.11397845576908716,0.7725454751081137
25564,LOF,0.07383192647060999,0.11736956926410141,0.8087985042652887
25565,LOF,0.15445054489123758,0.22066839127183113,0.6248810638369313
25566,GOF,0.023431544963120512,0.6759763861295514,0.30059206890732804
25567,LOF,0.011749360582562252,0.16209411775835952,0.8261565216590782
25568,LOF,0.0463712097500091,0.06767937330345887,0.885949416946532
25569,LOF,0.04987149649809869,0.06417625192176646,0.8859522515801349
25570,LOF,0.05069608503036541,0.0762311358827562,0.8730727790868784
25571,LOF,0.05805687975831042,0.07131386143835206,0.8706292588033375
25572,LOF,0.03744201240067809,0.0838482071209617,0.8787097804783601
25573,LOF,0.020343486557090347,0.08589309890754725,0.8937634145353623
25574,LOF,0.010375080744336147,0.24007449002552647,0.7495504292301374
25575,LOF,0.048987426437939435,0.061155943771872896,0.8898566297901876
25576,LOF,0.01469858770050996,0.07057974791177342,0.9147216643877167
25577,LOF,0.009167243157526865,0.06479147335857963,0.9260412834838936
25578,LOF,0.27400800021032135,0.07566013087178401,0.6503318689178947
25579,LOF,0.27663661123663713,0.07471962994290615,0.6486437588204568
25580,LOF,0.029955550691375676,0.06059732159129669,0.9094471277173277
25581,LOF,0.044225389458461155,0.07584262928937745,0.8799319812521613
25582,LOF,0.04371779471538069,0.06889072143099358,0.8873914838536257
25583,LOF,0.030755683498675468,0.06162370733596081,0.9076206091653637
25584,Neutral,0.5139937259857923,0.10306229899308324,0.3829439750211245
25585,LOF,0.02304688495045878,0.07595507156337679,0.9009980434861645
25586,LOF,0.029225070045354812,0.05195385696037921,0.9188210729942661
25587,LOF,0.025654082412909965,0.04720127777641903,0.927144639810671
25588,LOF,0.02463939136360829,0.05766811709665174,0.91769249153974
25589,Neutral,0.6538335350753391,0.1300431649468739,0.2161232999777869
25590,LOF,0.020883866225769994,0.10572681620388105,0.8733893175703489
25591,LOF,0.10036656991476882,0.051298728025034324,0.8483347020601968
25592,LOF,0.08331759907370366,0.09150928832053908,0.8251731126057573
25593,LOF,0.011685235274568533,0.46305418830177547,0.525260576423656
25594,LOF,0.03769616050396196,0.07350861333062027,0.8887952261654177
25595,LOF,0.061350264616864165,0.061547529223503726,0.8771022061596322
25596,LOF,0.1038064643926951,0.04459635165872297,0.851597183948582
25597,LOF,0.08427657314065409,0.01664657915029845,0.8990768477090474
25598,LOF,0.04877056399928173,0.07275353500339969,0.8784759009973185
25599,LOF,0.008683081953136938,0.4951561169585934,0.4961608010882698
25600,LOF,0.010318102532471642,0.38805031966859516,0.6016315777989332
25601,LOF,0.00661799276766474,0.21143157817264138,0.7819504290596939
25602,LOF,0.02064821923596759,0.0722068366658291,0.9071449440982035
25603,LOF,0.041484055405406964,0.07182216073475328,0.8866937838598397
25604,LOF,0.038628848046968645,0.06613395967902527,0.895237192274006
25605,LOF,0.012296342970691517,0.199674597822701,0.7880290592066075
25606,GOF,0.06783511123937645,0.5247443468010062,0.40742054195961724
25607,LOF,0.003557424122926855,0.1153648792873368,0.8810776965897363
25608,LOF,0.053314798026277685,0.02513994553203043,0.9215452564416919
25609,LOF,0.09053385888956005,0.21159941507978955,0.6978667260306504
25610,LOF,0.04349706049931219,0.0202288731506745,0.9362740663500133
25611,LOF,0.05830316527802514,0.012104435682309267,0.9295923990396656
25612,LOF,0.10797421766921164,0.028191289065196287,0.863834493265592
25613,LOF,0.08684141239609307,0.03197902217105343,0.8811795654328536
25614,LOF,0.038152619221236944,0.034092046244816314,0.9277553345339467
25615,LOF,0.07337679218040857,0.03477884818352124,0.8918443596360702
25616,LOF,0.031052110163915486,0.04040461516750316,0.9285432746685813
25617,LOF,0.04874934031580452,0.024564096433300358,0.9266865632508952
25618,LOF,0.22016231796540825,0.03689592792344743,0.7429417541111444
25619,LOF,0.0389279090855124,0.033433336409437124,0.9276387545050504
25620,LOF,0.03580055873000595,0.052054848077261205,0.9121445931927329
25621,LOF,0.04156987600709633,0.020991376441933586,0.9374387475509701
25622,LOF,0.027906223280947093,0.059121961622856295,0.9129718150961966
25623,LOF,0.0534311191049348,0.041373324443208834,0.9051955564518565
25624,LOF,0.03657792087274035,0.04159940200751259,0.921822677119747
25625,LOF,0.04335411678535789,0.05004227355380157,0.9066036096608406
25626,LOF,0.07028527706077889,0.026376675234735854,0.9033380477044852
25627,Neutral,0.5013745605950207,0.12362860128569346,0.37499683811928586
25628,LOF,0.17614588879619972,0.05469856430768119,0.7691555468961192
25629,LOF,0.04357880177568279,0.09456841377167606,0.8618527844526411
25630,LOF,0.18412875124908615,0.07522668186142804,0.7406445668894858
25631,Neutral,0.5891775608892115,0.07842244673451285,0.33239999237627577
25632,LOF,0.01449175603053305,0.18476458360131812,0.8007436603681488
25633,LOF,0.2164780890921558,0.3094998982735797,0.4740220126342644
25634,LOF,0.033994590301828845,0.23800107000901835,0.7280043396891529
25635,LOF,0.03709731888687546,0.1885077637260575,0.774394917387067
25636,GOF,0.005536909608389442,0.5775207533554074,0.4169423370362032
25637,LOF,0.004876658024483192,0.3461420284855752,0.6489813134899416
25638,LOF,0.0064940219471213995,0.35838070488152296,0.6351252731713556
25639,LOF,0.005206318880561872,0.28323268653435724,0.7115609945850809
25640,GOF,0.3327886430447995,0.6098774532097089,0.05733390374549168
25641,LOF,0.007453374821266332,0.20365273317263569,0.7888938920060979
25642,LOF,0.22894400875481444,0.07567930188641113,0.6953766893587744
25643,LOF,0.2453452448377295,0.08609961998049562,0.6685551351817749
25644,GOF,0.013528262093090018,0.4945525845787624,0.4919191533281477
25645,GOF,0.009526112187082686,0.6037194446158894,0.3867544431970279
25646,LOF,0.010588057115869083,0.3426789222526854,0.6467330206314454
25647,LOF,0.009126264637282198,0.2908290235759221,0.7000447117867958
25648,LOF,0.006474888431992412,0.3502342318650527,0.643290879702955
25649,LOF,0.007599483833681968,0.19792560724676167,0.7944749089195564
25650,LOF,0.022073076504575354,0.4847520009262782,0.4931749225691465
25651,LOF,0.006415994514971858,0.23237562865684466,0.7612083768281835
25652,LOF,0.010919229875247318,0.35998528673367375,0.6290954833910788
25653,GOF,0.03832805606732982,0.5113762161770298,0.4502957277556403
25654,LOF,0.007691074618504196,0.36627047816317104,0.6260384472183248
25655,GOF,0.0842079551044051,0.5090528827752673,0.4067391621203277
25656,LOF,0.09351957188836635,0.028288071557177365,0.8781923565544564
25657,LOF,0.27381005393540747,0.018113164069500955,0.7080767819950915
25658,LOF,0.028732086531976522,0.08541176783346792,0.8858561456345556
25659,LOF,0.24968542030947777,0.09346213262474873,0.6568524470657735
25660,LOF,0.11181371134034152,0.06749364761458132,0.8206926410450771
25661,LOF,0.06380039683906873,0.06314237533776942,0.8730572278231619
25662,LOF,0.04156473948798065,0.050730906815791885,0.9077043536962274
25663,LOF,0.043559724998267164,0.09418057771313654,0.8622596972885964
25664,LOF,0.026105087327928905,0.2019007197047293,0.7719941929673417
25665,LOF,0.04340806697254721,0.054343591099298365,0.9022483419281544
25666,LOF,0.038359439918642484,0.17911720143049956,0.7825233586508579
25667,LOF,0.041862022126467544,0.031231068828448748,0.9269069090450837
25668,LOF,0.044547693596625464,0.04555242157993677,0.9098998848234376
25669,LOF,0.037069570973557,0.06905126387609162,0.8938791651503514
25670,LOF,0.06959617555744219,0.0961239608628091,0.8342798635797488
25671,LOF,0.0521011762510452,0.0362188860714745,0.9116799376774802
25672,LOF,0.05192071179071225,0.05748256322827556,0.8905967249810122
25673,LOF,0.03841814320924915,0.05884907514790403,0.9027327816428468
25674,LOF,0.027995128042458302,0.08824375546507186,0.8837611164924699
25675,LOF,0.034717064212956526,0.042595186290718984,0.9226877494963246
25676,LOF,0.03865405733002764,0.056824803277333066,0.9045211393926393
25677,LOF,0.07597684398940445,0.04441357780747773,0.8796095782031178
25678,LOF,0.15818436975936503,0.06240687366431021,0.7794087565763247
25679,LOF,0.11464890819860411,0.0915046698586545,0.7938464219427415
25680,LOF,0.10895640384648464,0.08177927167989822,0.8092643244736172
25681,LOF,0.1161774488357973,0.08167986722116113,0.8021426839430416
25682,LOF,0.044971380329529645,0.03796143035822393,0.9170671893122465
25683,LOF,0.08246408185565945,0.06779229022576992,0.8497436279185706
25684,LOF,0.06184722753298371,0.04849669186843147,0.8896560805985849
25685,LOF,0.12051466123503149,0.03789134603262524,0.8415939927323434
25686,LOF,0.031604043588092254,0.08107543172711607,0.8873205246847917
25687,LOF,0.04806008920687198,0.1069468833091483,0.8449930274839798
25688,LOF,0.025353977249361812,0.14473293131465298,0.8299130914359852
25689,LOF,0.014675026570913107,0.08669735812489486,0.898627615304192
25690,LOF,0.01936489746842245,0.11653291276757323,0.8641021897640044
25691,LOF,0.1589141779805341,0.1715800214566885,0.6695058005627774
25692,LOF,0.33406574644405224,0.016240642063618048,0.6496936114923296
25693,GOF,0.02744278552551831,0.4940020067041517,0.47855520777033
25694,LOF,0.2582492119150327,0.010953609381384129,0.7307971787035832
25695,LOF,0.19676076189638908,0.015480409125403355,0.7877588289782076
25696,LOF,0.07847710092922491,0.014492056415137521,0.9070308426556375
25697,LOF,0.07872071379180197,0.009839777645330788,0.9114395085628673
25698,LOF,0.017352471192895614,0.2163713345133193,0.766276194293785
25699,LOF,0.06780140358736453,0.2891856535154838,0.6430129428971516
25700,LOF,0.05043119424355998,0.022007707536338326,0.9275610982201016
25701,LOF,0.010098385148974279,0.31145292843967903,0.6784486864113467
25702,GOF,0.03349049400081531,0.5731602733738216,0.39334923262536314
25703,LOF,0.017980474751665882,0.058862957573097834,0.9231565676752362
25704,LOF,0.07268717318560353,0.046667551969755916,0.8806452748446405
25705,LOF,0.09421272985846417,0.163401928812353,0.7423853413291829
25706,GOF,0.022770760542974663,0.6299634443168367,0.34726579514018846
25707,GOF,0.028167580916983598,0.5401979923996001,0.43163442668341634
25708,GOF,0.009100915693332953,0.5932518138350122,0.3976472704716549
25709,LOF,0.048242012798620316,0.0624388296598145,0.8893191575415651
25710,LOF,0.007794288832103943,0.15252246881266718,0.8396832423552288
25711,LOF,0.04614225228101321,0.09417922536455246,0.8596785223544344
25712,LOF,0.010849010592275894,0.19516377392301845,0.7939872154847056
25713,LOF,0.03780447199809606,0.10191892018408909,0.8602766078178148
25714,LOF,0.03696871270970298,0.17468947606883953,0.7883418112214574
25715,LOF,0.04107154581206799,0.1074201975978986,0.8515082565900334
25716,LOF,0.006559824977366083,0.08546577274715296,0.9079744022754809
25717,LOF,0.006946486536271426,0.0916245543451721,0.9014289591185566
25718,LOF,0.036679788788178826,0.07103091952303112,0.8922892916887901
25719,LOF,0.04156829368796016,0.1101322061373714,0.8482995001746685
25720,LOF,0.034122489963978764,0.12478039366924426,0.8410971163667771
25721,LOF,0.0383025223733536,0.11961146682230697,0.8420860108043394
25722,LOF,0.03086887601344731,0.1422780998819416,0.8268530241046111
25723,LOF,0.04888787649524544,0.11158531669012453,0.83952680681463
25724,LOF,0.06579907106242566,0.29122157869391335,0.6429793502436609
25725,LOF,0.0545379241593479,0.09900422494312092,0.8464578508975312
25726,LOF,0.03723657272144524,0.10639071022006492,0.8563727170584898
25727,LOF,0.049194531776009146,0.08258226021296487,0.8682232080110259
25728,LOF,0.04066395580880284,0.12132812074858855,0.8380079234426087
25729,LOF,0.044093366353690364,0.12261733959557372,0.833289294050736
25730,LOF,0.05366452277092592,0.08518252511047752,0.8611529521185967
25731,LOF,0.009299295107552197,0.09388975285677349,0.8968109520356743
25732,LOF,0.030942196494919597,0.055411649404931596,0.9136461541001488
25733,LOF,0.036860321169415934,0.07952386835114114,0.8836158104794428
25734,LOF,0.006815265481112946,0.2949419696144993,0.6982427649043877
25735,LOF,0.03256905837775946,0.08061018850959724,0.8868207531126432
25736,LOF,0.030933386750248686,0.15579198380743056,0.8132746294423209
25737,LOF,0.05680951129294916,0.08731382802053456,0.8558766606865162
25738,LOF,0.04358701335651392,0.1827860698930809,0.7736269167504052
25739,LOF,0.03452123546542276,0.13195370323235614,0.833525061302221
25740,LOF,0.060892251428606735,0.11168665927924522,0.8274210892921481
25741,LOF,0.06071134574214042,0.1001451744491116,0.8391434798087479
25742,LOF,0.06566963541882981,0.10565158515704795,0.8286787794241222
25743,LOF,0.012914253003163961,0.016946812217593574,0.9701389347792425
25744,LOF,0.14846766527280553,0.1513704778935262,0.7001618568336684
25745,LOF,0.030091040819012954,0.06365150833273242,0.9062574508482546
25746,LOF,0.014285393327906348,0.08828901366880453,0.8974255930032892
25747,LOF,0.04741867699822603,0.02840401177151583,0.924177311230258
25748,LOF,0.2882317396093077,0.08468132903985846,0.6270869313508339
25749,LOF,0.020539566308912745,0.05691943838567782,0.9225409953054093
25750,LOF,0.019596769923974102,0.06587792554859212,0.9145253045274339
25751,LOF,0.03848621458526444,0.06880220803665053,0.892711577378085
25752,GOF,0.1046448611347468,0.5335387541728198,0.3618163846924334
25753,LOF,0.0082800954263765,0.32968550481386116,0.6620343997597623
25754,GOF,0.009989224442082759,0.8894025629644065,0.10060821259351067
25755,LOF,0.009003774616894646,0.3464690966694262,0.6445271287136791
25756,LOF,0.025527896046506963,0.41711897311666624,0.5573531308368268
25757,GOF,0.009583819974036185,0.8511955859686242,0.1392205940573397
25758,GOF,0.01190048605906167,0.8823859712041023,0.10571354273683599
25759,GOF,0.00775608445735959,0.6852527985533663,0.3069911169892741
25760,LOF,0.0074597310262149935,0.25284614079866746,0.7396941281751175
25761,GOF,0.05830355719494596,0.8723763529509111,0.0693200898541429
25762,LOF,0.02627649632993593,0.37674976911244196,0.5969737345576221
25763,LOF,0.0073371700438334304,0.24782667789176374,0.7448361520644028
25764,GOF,0.08444842768153045,0.6557763776663437,0.2597751946521259
25765,GOF,0.010885858386439616,0.8989316711640262,0.09018247044953405
25766,GOF,0.033555505134243914,0.8471317140819961,0.11931278078376009
25767,GOF,0.012954153569374478,0.5503072301481502,0.43673861628247523
25768,LOF,0.05831082092923649,0.06639420706156511,0.8752949720091984
25769,LOF,0.03598644124059752,0.09299655210632851,0.871017006653074
25770,LOF,0.15369381979904848,0.16687814808677448,0.679428032114177
25771,LOF,0.02431475829200641,0.08186648482654277,0.8938187568814508
25772,LOF,0.052209973901590316,0.0541023330232554,0.8936876930751543
25773,LOF,0.019369706282074135,0.12814423298452218,0.8524860607334037
25774,LOF,0.02610258667578183,0.2599515722072776,0.7139458411169405
25775,LOF,0.024191692986791715,0.047162266425467,0.9286460405877413
25776,LOF,0.04038112113864961,0.03323732414299503,0.9263815547183554
25777,LOF,0.20790178845923793,0.18130653476714204,0.61079167677362
25778,LOF,0.031169277076363893,0.09061494574790893,0.8782157771757272
25779,GOF,0.06436842348246627,0.7501319291920636,0.18549964732547
25780,GOF,0.07795868388249182,0.7801142103813257,0.1419271057361827
25781,GOF,0.034452457776459,0.7469952495024009,0.21855229272114005
25782,GOF,0.0332837576662352,0.8140486726193693,0.15266756971439543
25783,GOF,0.07327413706682824,0.8175551386527908,0.1091707242803809
25784,GOF,0.12249678289590234,0.7606024509771302,0.11690076612696744
25785,GOF,0.1553125336878727,0.7581765836425249,0.08651088266960243
25786,GOF,0.015050729103598011,0.6430678435497487,0.34188142734665333
25787,GOF,0.35470657548626955,0.5492098523766873,0.09608357213704322
25788,LOF,0.02464842607216822,0.07152024697413341,0.9038313269536984
25789,GOF,0.02040594301185702,0.7366640700719944,0.2429299869161487
25790,GOF,0.034488570439615576,0.7098721166659349,0.2556393128944495
25791,GOF,0.03491529040450187,0.487658506987713,0.47742620260778507
25792,GOF,0.04356383386496236,0.586975278340807,0.3694608877942307
25793,GOF,0.06671351420977337,0.6347963899497471,0.29849009584047964
25794,GOF,0.06090321782939523,0.46976603994432253,0.46933074222628224
25795,GOF,0.06761196192911259,0.5413910521859171,0.3909969858849704
25796,GOF,0.17870962560675752,0.552971343945622,0.26831903044762045
25797,GOF,0.09915054545534557,0.48297704218402726,0.41787241236062705
25798,GOF,0.008162758715401381,0.7441616071590077,0.2476756341255909
25799,GOF,0.0056357344507744975,0.6416477892696995,0.352716476279526
25800,GOF,0.025723388379670774,0.8012796352468909,0.17299697637343822
25801,GOF,0.02664173661286136,0.7743422678576578,0.1990159955294809
25802,GOF,0.029767416673431555,0.6871205421251433,0.28311204120142525
25803,GOF,0.026180225097361898,0.5938146410029274,0.3800051338997107
25804,GOF,0.0484804785899245,0.5623435600672737,0.3891759613428019
25805,GOF,0.03128019884357281,0.6586763749495286,0.3100434262068986
25806,GOF,0.04310087261305592,0.6703015818809319,0.2865975455060122
25807,GOF,0.019981218046210527,0.54785767708395,0.4321611048698396
25808,GOF,0.03415006328216211,0.6636881554800226,0.30216178123781523
25809,GOF,0.016411127394522527,0.5799655542167675,0.4036233183887101
25810,GOF,0.01410882527446657,0.5858780514153236,0.4000131233102099
25811,GOF,0.08655674955195908,0.7651684202461062,0.1482748302019347
25812,GOF,0.050650386032149726,0.5492889150170956,0.4000606989507547
25813,GOF,0.26622160255217214,0.5499357366773742,0.18384266077045353
25814,GOF,0.04560152945399209,0.5909906502531599,0.36340782029284796
25815,GOF,0.06866711919550654,0.6816162202646702,0.24971666053982328
25816,GOF,0.011094501154120504,0.7271803053379153,0.26172519350796425
25817,GOF,0.1256417171739331,0.5411925829602703,0.3331656998657965
25818,GOF,0.03163952211985956,0.7221302787316185,0.24623019914852207
25819,GOF,0.05870109456432643,0.6471360073218918,0.2941628981137817
25820,GOF,0.061504299026721464,0.54971745569079,0.38877824528248855
25821,GOF,0.04260179229001554,0.6050961970257676,0.3523020106842169
25822,GOF,0.08261661100576094,0.586230782155473,0.3311526068387662
25823,GOF,0.044157481688198656,0.5467850432821256,0.40905747502967565
25824,GOF,0.0343604734711322,0.6575954527051101,0.30804407382375776
25825,GOF,0.02453506746116838,0.6665606762220317,0.3089042563168
25826,GOF,0.01223884212267678,0.5641707255591739,0.4235904323181494
25827,GOF,0.021733409015038573,0.6282358962322709,0.3500306947526904
25828,GOF,0.01354804267809427,0.6370994287808275,0.3493525285410781
25829,LOF,0.005698007753370674,0.45789194160165486,0.5364100506449744
25830,LOF,0.08551661128053517,0.2575431759183242,0.6569402128011406
25831,GOF,0.0804269104314447,0.7497943676308598,0.16977872193769555
25832,GOF,0.01052932540611943,0.664666600287085,0.32480407430679553
25833,GOF,0.03351772767650564,0.7613811287993117,0.20510114352418266
25834,GOF,0.01081032030321442,0.6795220845545659,0.3096675951422196
25835,GOF,0.031089745806173928,0.8029316757299271,0.165978578463899
25836,GOF,0.009472507894713725,0.7135749297468259,0.2769525623584604
25837,GOF,0.012715432270106021,0.690350158338813,0.29693440939108096
25838,GOF,0.02413930849194416,0.7750609240549301,0.2007997674531259
25839,GOF,0.07770619274164164,0.6938866460187694,0.2284071612395889
25840,GOF,0.10283990178299886,0.6743658488545938,0.22279424936240727
25841,GOF,0.08447545432974887,0.7438043536947078,0.17172019197554333
25842,GOF,0.031198510175772746,0.8129748213637903,0.15582666846043688
25843,GOF,0.028773156104151508,0.8100997439025993,0.16112709999324934
25844,GOF,0.025935191240474432,0.7467135566968414,0.2273512520626841
25845,GOF,0.00944354285997436,0.5948048420211318,0.3957516151188938
25846,GOF,0.07724665068679921,0.7968932872389047,0.12586006207429598
25847,GOF,0.023270726821522723,0.8033686209705287,0.17336065220794855
25848,GOF,0.024580721247677486,0.7534966880255306,0.22192259072679196
25849,GOF,0.008959886674848554,0.7236277580003833,0.2674123553247682
25850,GOF,0.009621488614577173,0.5911506084304554,0.39922790295496735
25851,GOF,0.008432382338205107,0.5192300448238194,0.4723375728379755
25852,LOF,0.19007963532420596,0.39995891772675524,0.4099614469490389
25853,GOF,0.07093452205377013,0.5848331215724529,0.344232356373777
25854,GOF,0.008267783027578269,0.5714961746901124,0.4202360422823094
25855,LOF,0.026995972261761054,0.4732117281537406,0.49979229958449833
25856,GOF,0.0589874307417304,0.6271954925958831,0.3138170766623865
25857,LOF,0.027688251752439566,0.46871610593647534,0.5035956423110851
25858,LOF,0.009426830150746404,0.4653570722433492,0.5252160976059044
25859,LOF,0.00695610093217986,0.44674558005265447,0.5462983190151657
25860,GOF,0.09286312699707838,0.5315373908917642,0.3755994821111574
25861,GOF,0.10273856865081263,0.7247097941830234,0.17255163716616395
25862,GOF,0.0228262442609817,0.8327980070367661,0.14437574870225225
25863,GOF,0.021006628608492787,0.8007350363535174,0.17825833503798982
25864,GOF,0.03153559090963951,0.8428098946612398,0.12565451442912076
25865,GOF,0.034056220729158836,0.8143962907698218,0.1515474885010194
25866,GOF,0.02008268445766888,0.788990022333252,0.19092729320907906
25867,GOF,0.04126859802256261,0.8028054976881067,0.15592590428933062
25868,GOF,0.08347127717148325,0.6379765343748011,0.2785521884537158
25869,GOF,0.36740184749838084,0.4338225471907315,0.19877560531088762
25870,LOF,0.08726668385734794,0.3048064972004852,0.6079268189421669
25871,GOF,0.012731374245662511,0.5804644702250819,0.40680415552925564
25872,GOF,0.029030274097291087,0.6080041176334595,0.3629656082692495
25873,GOF,0.02497080493971769,0.6901484250216837,0.28488077003859863
25874,LOF,0.035603517047665,0.07526054547093483,0.8891359374814001
25875,LOF,0.022594911847913297,0.1617530034913763,0.8156520846607104
25876,LOF,0.02370119876779172,0.07993479663261793,0.8963640045995903
25877,LOF,0.07575312259068284,0.28999752036834836,0.6342493570409687
25878,LOF,0.0483596719681573,0.3642693944890798,0.5873709335427628
25879,LOF,0.009972121312224627,0.18983449631538757,0.8001933823723878
25880,LOF,0.04267553748039115,0.023209280933953465,0.9341151815856554
25881,Neutral,0.5008523087333646,0.26723101282643336,0.231916678440202
25882,LOF,0.03692544368221178,0.10984115167280604,0.8532334046449822
25883,LOF,0.02546011058967487,0.12750067392545647,0.8470392154848686
25884,LOF,0.013724494846329519,0.10938001043344134,0.8768954947202292
25885,LOF,0.13569462447106795,0.027965465249654778,0.8363399102792773
25886,LOF,0.1978023013938895,0.22905079340774287,0.5731469051983676
25887,LOF,0.05312500977544919,0.4646402217010796,0.48223476852347136
25888,LOF,0.00547951602828859,0.39839546150498034,0.596125022466731
25889,LOF,0.022580102871108194,0.08795054121023234,0.8894693559186596
25890,LOF,0.1896375451108057,0.283779546433577,0.5265829084556173
25891,LOF,0.10960123348270912,0.08722188566149215,0.8031768808557987
25892,LOF,0.006846105504550625,0.03908720797790076,0.9540666865175486
25893,LOF,0.2530416541871518,0.014341704820255144,0.732616640992593
25894,LOF,0.31198759560316214,0.008037671273582498,0.6799747331232555
25895,LOF,0.27350368802705655,0.011468788687602328,0.715027523285341
25896,LOF,0.0605202962440587,0.03803519396828554,0.9014445097876558
25897,LOF,0.09624537012807376,0.018314165909611362,0.8854404639623149
25898,LOF,0.08392897164064848,0.03948141057501136,0.8765896177843401
25899,LOF,0.35862976323678414,0.04117642388836327,0.6001938128748527
25900,Neutral,0.7181765534366884,0.020372714861439517,0.261450731701872
25901,LOF,0.06733462580381704,0.013255097682142362,0.9194102765140406
25902,LOF,0.07728014942023989,0.008144215094965476,0.9145756354847947
25903,LOF,0.13318473080859244,0.03561649931950168,0.8311987698719058
25904,LOF,0.4135514297710089,0.08520318809978956,0.5012453821292014
25905,LOF,0.014458650014180683,0.24257971261586528,0.742961637369954
25906,LOF,0.010236342054591575,0.015500760639834875,0.9742628973055736
25907,LOF,0.009407899122857192,0.13360559323605856,0.8569865076410843
25908,LOF,0.010325905279423493,0.13327911576973822,0.8563949789508383
25909,LOF,0.05042071663360223,0.047285965233707164,0.9022933181326905
25910,LOF,0.01585460908638081,0.1037046864647424,0.8804407044488768
25911,LOF,0.21204544845851903,0.07719608783501461,0.7107584637064663
25912,LOF,0.14280894796200977,0.027854444057266985,0.8293366079807232
25913,LOF,0.01615752540795822,0.08460577934357087,0.8992366952484709
25914,LOF,0.04403980517836505,0.035498333075200394,0.9204618617464346
25915,GOF,0.20886217928614761,0.4376567897671985,0.35348103094665395
25916,LOF,0.019034372069506377,0.2201659324019127,0.7607996955285808
25917,LOF,0.07537321512906853,0.038223349098063665,0.8864034357728677
25918,LOF,0.052966452093932505,0.022917962197284356,0.9241155857087832
25919,LOF,0.048978207029377246,0.021347071294869784,0.929674721675753
25920,LOF,0.29714566078132804,0.32352833688571003,0.37932600233296193
25921,LOF,0.024009452444384807,0.030334574816362075,0.9456559727392532
25922,LOF,0.02101044738131948,0.024611573412608886,0.9543779792060716
25923,LOF,0.4574192580231758,0.01765798463728573,0.5249227573395385
25924,LOF,0.02944855453359117,0.02551309888500225,0.9450383465814066
25925,LOF,0.12249734257708163,0.03272605214993543,0.8447766052729829
25926,LOF,0.1042570133046363,0.0326429703007778,0.863100016394586
25927,LOF,0.02532225137211725,0.06269671148055443,0.9119810371473284
25928,LOF,0.01645181684762191,0.017510274412872256,0.9660379087395059
25929,Neutral,0.5796940817358764,0.0176000327561918,0.40270588550793174
25930,LOF,0.060502329443102625,0.018534482145760922,0.9209631884111363
25931,LOF,0.017348579469285128,0.019948369236002305,0.9627030512947126
25932,LOF,0.09191644557300543,0.0120268050678586,0.8960567493591359
25933,LOF,0.08797222499891272,0.008261635969200995,0.9037661390318863
25934,LOF,0.08041439574948347,0.009807054229427091,0.9097785500210895
25935,LOF,0.11802603951053697,0.032412028311985676,0.8495619321774774
25936,LOF,0.08849300517378993,0.008616110435489885,0.9028908843907201
25937,LOF,0.018844075716834562,0.018122161625187858,0.9630337626579777
25938,LOF,0.1227922420697563,0.03020433065304782,0.8470034272771959
25939,LOF,0.0609716166547465,0.010812675389553768,0.9282157079556996
25940,LOF,0.007276186829172391,0.38102768117529645,0.6116961319955312
25941,Neutral,0.5138170583736885,0.17817855287004494,0.30800438875626657
25942,LOF,0.008877270154306494,0.23989916381262993,0.7512235660330635
25943,GOF,0.025571605305775253,0.6535497076789684,0.3208786870152564
25944,GOF,0.02703104254321424,0.510378341271602,0.46259061618518377
25945,LOF,0.10927889233435994,0.1465293672825331,0.744191740383107
25946,LOF,0.09740145525056498,0.08414006148461162,0.8184584832648235
25947,Neutral,0.49766846083373745,0.1294841177958232,0.3728474213704394
25948,Neutral,0.5067187842289784,0.013154581655121662,0.48012663411589984
25949,LOF,0.11789494745176624,0.03042223924860089,0.8516828132996329
25950,GOF,0.04863446461919054,0.8134760181563063,0.13788951722450313
25951,GOF,0.016370985959343432,0.5823139708044955,0.4013150432361609
25952,LOF,0.10656046168026621,0.41106170523327573,0.4823778330864581
25953,GOF,0.007555053968799365,0.5164028580439922,0.47604208798720843
25954,GOF,0.03188365794851184,0.6001618263158417,0.3679545157356465
25955,GOF,0.0058840920746649145,0.6119809648079583,0.3821349431173767
25956,LOF,0.010614234578256413,0.3880231339093831,0.6013626315123606
25957,LOF,0.24862197634278288,0.03212461667444851,0.7192534069827686
25958,LOF,0.02660491287723495,0.08786764002571948,0.8855274470970456
25959,GOF,0.0062962363792668724,0.6488166749565004,0.3448870886642326
25960,LOF,0.005197894087771635,0.16233693715418715,0.8324651687580411
25961,LOF,0.026394096146551933,0.0929651200147637,0.8806407838386844
25962,LOF,0.045097180851752204,0.058910081277753684,0.8959927378704942
25963,LOF,0.009907742919259969,0.18759802707744924,0.8024942300032908
25964,LOF,0.04642311611958108,0.12772538912415254,0.8258514947562664
25965,LOF,0.1636440688074649,0.2035583624752176,0.6327975687173174
25966,LOF,0.3315131152796165,0.3237395469528707,0.3447473377675127
25967,LOF,0.0078041727417607855,0.06873377203395319,0.923462055224286
25968,LOF,0.07228833044598552,0.33014596432925675,0.5975657052247577
25969,LOF,0.141928826781935,0.06781985647904738,0.7902513167390176
25970,LOF,0.041393878494560055,0.25120719154667237,0.7073989299587676
25971,LOF,0.0692510168023133,0.08290545442860825,0.8478435287690783
25972,LOF,0.06906225937691406,0.11533514059448007,0.8156026000286059
25973,LOF,0.09346776699240435,0.006843313739192482,0.8996889192684032
25974,LOF,0.09095766860916467,0.04903243150623959,0.8600098998845958
25975,LOF,0.04218234687217881,0.009235081792146913,0.9485825713356744
25976,LOF,0.09444946889917565,0.006393095869234241,0.8991574352315902
25977,LOF,0.19896230020834468,0.11321889552424111,0.6878188042674142
25978,LOF,0.12843500676892783,0.10929407212362816,0.7622709211074441
25979,LOF,0.1002381603861312,0.10403013604497106,0.7957317035688978
25980,LOF,0.13958986087043967,0.2641494118911803,0.59626072723838
25981,LOF,0.14136643613428151,0.27476795389177167,0.5838656099739469
25982,LOF,0.23191630164211074,0.10743659420257047,0.6606471041553188
25983,LOF,0.43662221410825525,0.11289019595430055,0.4504875899374442
25984,LOF,0.03558240824051044,0.18780100030171049,0.7766165914577791
25985,Neutral,0.42786505008611525,0.17212071160813724,0.4000142383057475
25986,GOF,0.008778690992822866,0.5253762871924007,0.4658450218147764
25987,LOF,0.01957632760252178,0.11728140441077797,0.8631422679867002
25988,LOF,0.027817958251178162,0.30283774415677006,0.6693442975920518
25989,LOF,0.03168145868623577,0.25661117566295544,0.7117073656508087
25990,LOF,0.03721971255098463,0.3363352272422454,0.62644506020677
25991,GOF,0.03199838760876511,0.6352084489207706,0.3327931634704643
25992,LOF,0.010398084314672588,0.4036083958137993,0.5859935198715281
25993,LOF,0.029301674321759875,0.06886278402702067,0.9018355416512194
25994,LOF,0.03171819137689371,0.08758194804938643,0.8806998605737199
25995,LOF,0.020502804169798983,0.15764192650407297,0.8218552693261281
25996,GOF,0.2726823598327875,0.5751467658008894,0.15217087436632318
25997,GOF,0.05607902125358426,0.6990966083774183,0.2448243703689975
25998,LOF,0.2799273941847966,0.03701966541165265,0.6830529404035507
25999,LOF,0.024437897561967233,0.4585339514718976,0.5170281509661352
26000,LOF,0.1275589265346691,0.017443990227588486,0.8549970832377425
26001,LOF,0.12959373781083222,0.02676115760308297,0.8436451045860848
26002,LOF,0.08365779457918071,0.017164362063268768,0.8991778433575506
26003,LOF,0.008869572869542701,0.49475892119462167,0.4963715059358358
26004,LOF,0.02186691132392708,0.46197674619168566,0.5161563424843872
26005,LOF,0.007177761292837538,0.4309621708125271,0.5618600678946354
26006,LOF,0.15994961832253834,0.417431440038254,0.4226189416392076
26007,LOF,0.013787192652645592,0.48318595295484734,0.503026854392507
26008,LOF,0.009167202661771567,0.453924283958005,0.5369085133802235
26009,GOF,0.017947739573503776,0.5382124699761363,0.44383979045035993
26010,GOF,0.011650450657059361,0.5073790163529883,0.4809705329899522
26011,LOF,0.008000696905690477,0.38359026467952556,0.608409038414784
26012,LOF,0.007759889501605881,0.39403791933841864,0.5982021911599755
26013,LOF,0.014437299817106146,0.41947184585581865,0.5660908543270752
26014,LOF,0.055162289197947,0.08459462688783216,0.8602430839142209
26015,LOF,0.4064814488863222,0.047534387428483316,0.5459841636851944
26016,LOF,0.2319690197007255,0.13471435427954065,0.6333166260197338
26017,LOF,0.01682723558420594,0.4166871706347765,0.5664855937810175
26018,LOF,0.02080626189426082,0.15481511231764375,0.8243786257880954
26019,LOF,0.02076510753182839,0.12479434232718876,0.8544405501409827
26020,LOF,0.00695960281067622,0.3390450835825972,0.6539953136067267
26021,LOF,0.07834958825656806,0.25561478389304093,0.666035627850391
26022,LOF,0.048389104016804005,0.05843109328118261,0.8931798027020134
26023,LOF,0.032371898014947845,0.10272301868740553,0.8649050832976467
26024,LOF,0.046089107404099876,0.16950594771042746,0.7844049448854727
26025,LOF,0.10440241345919599,0.19081748923668523,0.7047800973041188
26026,LOF,0.10226144931152413,0.1623434823738732,0.7353950683146028
26027,LOF,0.0319644238354827,0.06344245415283872,0.9045931220116786
26028,LOF,0.07191622237178828,0.18087239720512668,0.747211380423085
26029,LOF,0.044040857406069445,0.08904468258312227,0.8669144600108084
26030,LOF,0.17453735983121355,0.008111417773756664,0.8173512223950297
26031,LOF,0.02470617482103567,0.10280184023734182,0.8724919849416225
26032,LOF,0.030452353531338804,0.020035453613095597,0.9495121928555657
26033,LOF,0.048657642412701506,0.03617976665062166,0.9151625909366767
26034,LOF,0.032371426313583807,0.06974768213835264,0.8978808915480636
26035,LOF,0.018306911036410158,0.08053673634363968,0.9011563526199501
26036,LOF,0.01712878972860308,0.06601649287080018,0.9168547174005969
26037,LOF,0.016371695602333876,0.06373882096565198,0.9198894834320142
26038,LOF,0.024752264817656983,0.021783607232294538,0.9534641279500485
26039,LOF,0.038552794269875124,0.09632127984329311,0.8651259258868318
26040,LOF,0.06637825072310757,0.13677232499676714,0.7968494242801253
26041,LOF,0.019300481141631912,0.07979943454186275,0.9009000843165053
26042,LOF,0.017850645759987092,0.0838578372963778,0.8982915169436351
26043,LOF,0.02447622140809989,0.04730960699343476,0.9282141715984653
26044,LOF,0.010537312945892281,0.04345062204202927,0.9460120650120784
26045,LOF,0.08924543657344877,0.16980648758968547,0.7409480758368657
26046,LOF,0.023686231591247414,0.05281631683486827,0.9234974515738844
26047,LOF,0.05998609246694072,0.03912364376450514,0.9008902637685541
26048,LOF,0.06856074812941457,0.03061278841361472,0.9008264634569707
26049,Neutral,0.9149810759294379,0.00602538052415175,0.0789935435464103
26050,Neutral,0.8394919936088231,0.007477869474020814,0.15303013691715608
26051,LOF,0.025502314909090648,0.4810071971299053,0.4934904879610042
26052,LOF,0.02938825907871606,0.3413684367402316,0.6292433041810522
26053,LOF,0.03960841585669781,0.05126427013806999,0.9091273140052323
26054,LOF,0.054940873853481655,0.069140150828268,0.8759189753182502
26055,LOF,0.06557797728441743,0.06631174155982958,0.868110281155753
26056,LOF,0.061395425108054846,0.07114061561978584,0.8674639592721594
26057,LOF,0.05795694207785464,0.02090030742700993,0.9211427504951355
26058,LOF,0.06394907109655505,0.016848707600645645,0.9192022213027994
26059,LOF,0.2673722312162636,0.12166626380196478,0.6109615049817717
26060,LOF,0.014728309131803861,0.3191020761330391,0.666169614735157
26061,LOF,0.01272830007572337,0.013814061138251331,0.9734576387860253
26062,LOF,0.006299674668356155,0.03166118323523399,0.9620391420964098
26063,LOF,0.048946396820936044,0.01861721850110068,0.9324363846779633
26064,LOF,0.010099093878850779,0.016511221302323083,0.9733896848188262
26065,LOF,0.04642568172928785,0.026074961034401368,0.9274993572363107
26066,LOF,0.046642884014569924,0.016596889368037597,0.9367602266173924
26067,LOF,0.054358404730071856,0.019719610897599868,0.9259219843723283
26068,LOF,0.05213614346609041,0.06217697988787023,0.8856868766460393
26069,LOF,0.1782307573873908,0.03758332848790456,0.7841859141247047
26070,LOF,0.4047519998546958,0.023673333824482824,0.5715746663208214
26071,LOF,0.04681098534199113,0.020412729078202227,0.9327762855798066
26072,LOF,0.00922913860912649,0.021641029406978648,0.9691298319838948
26073,LOF,0.04853406940609484,0.015373733678734933,0.9360921969151703
26074,Neutral,0.748483591100249,0.01872655312264009,0.232789855777111
26075,LOF,0.04414413940950424,0.033391129436207784,0.922464731154288
26076,LOF,0.05704438410129698,0.030455136041333934,0.9125004798573692
26077,LOF,0.16291030343131457,0.024606071405610705,0.8124836251630748
26078,LOF,0.007500007757446643,0.027046262501663445,0.9654537297408898
26079,LOF,0.06216971060256733,0.035538817999814655,0.9022914713976181
26080,LOF,0.06050657566332577,0.03561434034620742,0.9038790839904667
26081,LOF,0.05052280956393339,0.01897783317492965,0.930499357261137
26082,LOF,0.007962830125257546,0.0318173765679648,0.9602197933067778
26083,LOF,0.04378113224396377,0.0496406349428423,0.9065782328131939
26084,LOF,0.0509075956970672,0.027124606888872995,0.9219677974140599
26085,LOF,0.04692872984505833,0.024332595528882863,0.9287386746260589
26086,LOF,0.03746265595793202,0.026083032444740983,0.936454311597327
26087,LOF,0.04401045332196222,0.027209317967467544,0.9287802287105702
26088,LOF,0.008687353169784239,0.058942529011902355,0.9323701178183134
26089,LOF,0.03805130893487706,0.06988781827013216,0.8920608727949907
26090,LOF,0.03831488723966491,0.05360984937372535,0.9080752633866097
26091,LOF,0.049542444204414705,0.022761219655315336,0.9276963361402699
26092,LOF,0.057834598665657426,0.018453864798707045,0.9237115365356355
26093,LOF,0.07210703371607638,0.013446324641590356,0.9144466416423332
26094,LOF,0.042364349268592665,0.019629118346844793,0.9380065323845624
26095,LOF,0.014860928788980187,0.03510359838654896,0.950035472824471
26096,LOF,0.2932064288309386,0.005364572445335774,0.7014289987237255
26097,LOF,0.00796514202910094,0.05068763043900142,0.9413472275318977
26098,LOF,0.06182487410262965,0.034524007648863736,0.9036511182485066
26099,LOF,0.04158364746451346,0.07012816444233826,0.8882881880931482
26100,LOF,0.04158364746451346,0.07012816444233826,0.8882881880931482
26101,LOF,0.03644153764938475,0.06560991898825756,0.8979485433623576
26102,LOF,0.046508067246304075,0.02728840626365532,0.9262035264900407
26103,Neutral,0.8617901035137574,0.04710156894555607,0.0911083275406865
26104,LOF,0.050496221960814096,0.1133213907719087,0.8361823872672773
26105,LOF,0.2655923896482001,0.22650430230839758,0.5079033080434024
26106,LOF,0.3013645731356555,0.15973888015366453,0.53889654671068
26107,LOF,0.010627780606505668,0.1470879869237302,0.8422842324697641
26108,LOF,0.1426343563900111,0.19370965196316317,0.6636559916468258
26109,LOF,0.04630785391674705,0.03230189382826257,0.9213902522549904
26110,Neutral,0.5349042455009609,0.02976243011297204,0.43533332438606703
26111,LOF,0.058962749637989434,0.21609399476527122,0.7249432555967393
26112,LOF,0.059647419160564145,0.03339931934675824,0.9069532614926777
26113,LOF,0.06899611918445048,0.05582551071033607,0.8751783701052134
26114,LOF,0.08794226238176349,0.02545259136078076,0.8866051462574558
26115,LOF,0.015678278888635568,0.17557133715053705,0.8087503839608274
26116,LOF,0.05396671722316807,0.05215746773432618,0.8938758150425058
26117,LOF,0.2732498052728479,0.0651355791047478,0.6616146156224044
26118,LOF,0.040834087229522045,0.021139560265576667,0.9380263525049012
26119,LOF,0.005685615329213628,0.10339200948749071,0.8909223751832958
26120,LOF,0.03496992934173742,0.02497675451713234,0.9400533161411302
26121,LOF,0.0049214441754658065,0.1093041966433021,0.8857743591812322
26122,LOF,0.005038934592853201,0.1108141883945719,0.8841468770125749
