feature0,prediction,LoGoFunc_Neutral,LoGoFunc_GOF,LoGoFunc_LOF
25546,Neutral,0.756671912244599,0.033170763311035766,0.2101573244443652
25547,Neutral,0.6149615890585323,0.07042604715403426,0.31461236378743346
25548,Neutral,0.5804320190430305,0.055019998692698656,0.36454798226427076
25549,Neutral,0.48720936246441493,0.05557526205553764,0.45721537548004754
25550,LOF,0.34405665836486854,0.10669190149239402,0.5492514401427374
25551,LOF,0.3007239176697557,0.11523243590324869,0.5840436464269956
25552,LOF,0.21567214743647273,0.10929811550912903,0.6750297370543983
25553,Neutral,0.8296588188700953,0.030210050984849628,0.14013113014505502
25554,LOF,0.24634684589489858,0.10298091969234441,0.650672234412757
25555,LOF,0.20318717473641792,0.0883423971777577,0.7084704280858244
25556,LOF,0.40179592567619565,0.09103332278922677,0.5071707515345776
25557,LOF,0.1999077421469916,0.09235640875467065,0.7077358490983378
25558,LOF,0.23744650049489127,0.10417939043300165,0.658374109072107
25559,LOF,0.4075268402639731,0.16097143463218622,0.43150172510384066
25560,LOF,0.05261621277811085,0.16383359236873118,0.783550194853158
25561,LOF,0.10723801710803628,0.17703421538725977,0.7157277675047039
25562,LOF,0.11288745696838813,0.0671416747957523,0.8199708682358595
25563,LOF,0.09860817814357399,0.07653964990924393,0.8248521719471821
25564,LOF,0.18139399072770265,0.1482655051093067,0.6703405041629905
25565,LOF,0.1601641185328654,0.10980868302150677,0.7300271984456277
25566,GOF,0.018392450767363847,0.7545787613698582,0.22702878786277786
25567,LOF,0.01194025618260796,0.15836295701829933,0.8296967867990928
25568,LOF,0.05533480248941902,0.06961010426513808,0.8750550932454428
25569,LOF,0.06691171147313718,0.07184402470548436,0.8612442638213785
25570,LOF,0.05844440637581173,0.10999722302003677,0.8315583706041515
25571,LOF,0.05362684711899701,0.10485424126801536,0.8415189116129876
25572,LOF,0.06343760299736637,0.13487103877811604,0.8016913582245175
25573,LOF,0.025375993844860962,0.0996825737311996,0.8749414324239394
25574,LOF,0.014333451562226767,0.17008950466025557,0.8155770437775176
25575,LOF,0.04374124232028462,0.12556821062042953,0.8306905470592859
25576,LOF,0.017688711074954955,0.13253039165986508,0.84978089726518
25577,LOF,0.012979578377100169,0.1339059668801928,0.8531144547427071
25578,LOF,0.24333433478203964,0.09745397733301181,0.6592116878849485
25579,LOF,0.24345510332578651,0.09650850730275178,0.6600363893714617
25580,LOF,0.031732375969397306,0.08787438203633673,0.8803932419942658
25581,LOF,0.053301346257704336,0.07242714765392608,0.8742715060883695
25582,LOF,0.0528781901441065,0.07028096170502576,0.8768408481508677
25583,LOF,0.04736122884188865,0.09866438296077513,0.8539743881973362
25584,Neutral,0.4595638578503077,0.10345621074236495,0.4369799314073274
25585,LOF,0.03198960155972962,0.11096667487966375,0.8570437235606065
25586,LOF,0.03212454357169887,0.0846285070204332,0.8832469494078679
25587,LOF,0.031096573969099508,0.07926294054449332,0.8896404854864072
25588,LOF,0.03327524548536396,0.0985586550277142,0.8681660994869218
25589,Neutral,0.5933184318401246,0.1361750815844895,0.27050648657538584
25590,LOF,0.025485959393887796,0.13548266509034793,0.8390313755157643
25591,LOF,0.11129487485419963,0.061513871672798745,0.8271912534730016
25592,LOF,0.08863304934588158,0.14921440697681562,0.7621525436773028
25593,LOF,0.020541011790641103,0.26365749894422824,0.7158014892651305
25594,LOF,0.03587436036825364,0.2051644521621948,0.7589611874695515
25595,LOF,0.05246451201497109,0.1755738756853746,0.7719616122996543
25596,LOF,0.05792267286755297,0.09585547782403468,0.8462218493084123
25597,LOF,0.044916376482035954,0.09465722052121987,0.8604264029967442
25598,LOF,0.049023819850959986,0.17479562370651958,0.7761805564425204
25599,GOF,0.00933634538162158,0.7579674124139687,0.23269624220440982
25600,GOF,0.013491679666161143,0.5352633504841127,0.45124496984972623
25601,LOF,0.007435120663807092,0.47737651009361237,0.5151883692425806
25602,LOF,0.02274725924006514,0.05148101366707444,0.9257717270928604
25603,LOF,0.05543852521806125,0.038841421448785704,0.905720053333153
25604,LOF,0.05173344551611085,0.04100063679014217,0.907265917693747
25605,LOF,0.012676478068182005,0.24056688466134998,0.746756637270468
25606,LOF,0.08954998771017583,0.3984179915541402,0.512032020735684
25607,LOF,0.004888439181275755,0.1691163922975208,0.8259951685212035
25608,LOF,0.0625484783274908,0.05249864215905114,0.8849528795134581
25609,LOF,0.03802809707633457,0.3944859914455069,0.5674859114781585
25610,LOF,0.03942487739982995,0.02996414942305156,0.9306109731771185
25611,LOF,0.04144511989401858,0.02682149075338483,0.9317333893525965
25612,LOF,0.1122861873053753,0.03959144506689661,0.8481223676277281
25613,LOF,0.09540957065609536,0.04096848528181918,0.8636219440620854
25614,LOF,0.029826106071605876,0.037756650169984814,0.9324172437584093
25615,LOF,0.05270796277103417,0.033379424415485866,0.9139126128134799
25616,LOF,0.033535008029876634,0.03525259765223438,0.931212394317889
25617,LOF,0.03039235864696346,0.03762771310577818,0.9319799282472584
25618,LOF,0.17549985878533642,0.03560790679284432,0.7888922344218193
25619,LOF,0.031191403904948043,0.03226966249308722,0.9365389336019647
25620,LOF,0.034927475147225114,0.04323646405183744,0.9218360608009375
25621,LOF,0.0313207458924584,0.031578632821364486,0.9371006212861772
25622,LOF,0.03516445532525959,0.035875482713471255,0.9289600619612691
25623,LOF,0.07441736841743092,0.028509342291022952,0.8970732892915462
25624,LOF,0.02696617676739247,0.04335768000994025,0.9296761432226673
25625,LOF,0.034253462036254,0.047749747275785015,0.917996790687961
25626,LOF,0.08008881944600833,0.03295364101038043,0.8869575395436113
25627,Neutral,0.5547288176920249,0.1380401754508079,0.30723100685716714
25628,LOF,0.18535176115507748,0.07887043954529278,0.7357777992996297
25629,LOF,0.06873747344961535,0.10328087180037004,0.8279816547500146
25630,LOF,0.16990134673670743,0.12217052190082019,0.7079281313624723
25631,Neutral,0.5772433294954245,0.10963026993137234,0.31312640057320335
25632,LOF,0.02351475064042774,0.06702231748392973,0.9094629318756425
25633,LOF,0.2350768407073456,0.08162019929019317,0.6833029600024613
25634,LOF,0.03739634629871603,0.10710165319416173,0.8555020005071223
25635,LOF,0.03515744158138867,0.08788776409891302,0.8769547943196982
25636,GOF,0.00523300213184779,0.5999990576004899,0.3947679402676622
25637,GOF,0.004577900890085686,0.5140473482749175,0.48137475083499687
25638,LOF,0.009733425326591773,0.44846848944206535,0.5417980852313429
25639,LOF,0.004696908097420243,0.42873108962567885,0.566572002276901
25640,GOF,0.47233178626627026,0.4823786717203991,0.04528954201333066
25641,LOF,0.006776744300960425,0.3742444081530156,0.618978847546024
25642,LOF,0.26440073348179416,0.08182087836344462,0.6537783881547612
25643,LOF,0.2569623099167874,0.2626528843014777,0.4803848057817349
25644,GOF,0.020076364767440853,0.5496301079833683,0.4302935272491908
25645,LOF,0.019995185890257897,0.47401650963327785,0.5059883044764643
25646,LOF,0.019351223764123907,0.28796132524051465,0.6926874509953613
25647,LOF,0.017827438084084695,0.23724860260863231,0.744923959307283
25648,LOF,0.015061094635396373,0.2415260870043906,0.743412818360213
25649,LOF,0.014308094423263314,0.19574173549006949,0.7899501700866672
25650,GOF,0.03612599428085697,0.4947627926918217,0.4691112130273212
25651,LOF,0.01041748370392229,0.2336537278924257,0.7559287884036521
25652,LOF,0.01929474518222568,0.2508735580329434,0.729831696784831
25653,LOF,0.07501861907386402,0.36276558782248286,0.5622157931036531
25654,LOF,0.015148869164531314,0.20257950005658268,0.7822716307788861
25655,LOF,0.09611577934502173,0.27003949544363876,0.6338447252113394
25656,LOF,0.0620410927656935,0.05637060541662596,0.8815883018176804
25657,LOF,0.28794488754860403,0.02350559902347823,0.6885495134279178
25658,LOF,0.04384739692978059,0.06954384790024906,0.8866087551699703
25659,LOF,0.2624393801848363,0.04613631342071116,0.6914243063944525
25660,LOF,0.07357925631429914,0.10142751477224703,0.8249932289134538
25661,LOF,0.05174978456039003,0.07335425791287731,0.8748959575267325
25662,LOF,0.028739378624332935,0.0458012488467024,0.9254593725289646
25663,LOF,0.03753990277412348,0.0720314406572978,0.8904286565685786
25664,LOF,0.03576489912325702,0.0888370687144482,0.8753980321622948
25665,LOF,0.048322603082570054,0.05133883822689759,0.9003385586905323
25666,LOF,0.03512100558695101,0.14418610580598692,0.820692888607062
25667,LOF,0.028155714668900347,0.05604337489687346,0.9158009104342262
25668,LOF,0.03492706979146765,0.062498429864159794,0.9025745003443725
25669,LOF,0.04228087956536491,0.09462685418705297,0.8630922662475822
25670,LOF,0.14455597148767158,0.07440232849070584,0.7810417000216227
25671,LOF,0.03791400034522973,0.04920683738471461,0.9128791622700556
25672,LOF,0.05959835409540084,0.07489382561739907,0.8655078202872001
25673,LOF,0.04090823586366536,0.06062998672390487,0.8984617774124296
25674,LOF,0.03198160408969165,0.07018967967604138,0.897828716234267
25675,LOF,0.03858794048830268,0.051634876285567774,0.9097771832261295
25676,LOF,0.03043935158703998,0.06012951996342751,0.9094311284495324
25677,LOF,0.05603693458479025,0.06452775666189159,0.8794353087533182
25678,LOF,0.2306903229586265,0.051076801055784174,0.7182328759855894
25679,LOF,0.15810866792361333,0.06955644500494626,0.7723348870714404
25680,LOF,0.06429057823468426,0.0956209212675112,0.8400885004978046
25681,LOF,0.11699054472743182,0.08642129404600467,0.7965881612265635
25682,LOF,0.04193837040044096,0.07649986871245502,0.881561760887104
25683,LOF,0.06903944754642835,0.100975085160571,0.8299854672930006
25684,LOF,0.04975898488104621,0.07366920317591596,0.8765718119430378
25685,LOF,0.12428708718200722,0.032664400790848064,0.8430485120271447
25686,LOF,0.031001872086425405,0.07636412093597215,0.8926340069776024
25687,LOF,0.0603091206189534,0.06903199059224456,0.870658888788802
25688,LOF,0.02403673861164122,0.1290461989187677,0.8469170624695911
25689,LOF,0.020176525529057212,0.07902588412131543,0.9007975903496274
25690,LOF,0.017697971893613704,0.10677700168092978,0.8755250264254564
25691,LOF,0.16946356528521783,0.162026463271863,0.6685099714429192
25692,LOF,0.26042774894163917,0.019005949391408,0.7205663016669528
25693,LOF,0.05087189757121781,0.15998447448240802,0.789143627946374
25694,LOF,0.25320499318122563,0.011201944326856868,0.7355930624919176
25695,LOF,0.17049644468876865,0.01718362719008152,0.8123199281211498
25696,LOF,0.16574890104404527,0.008555124344952213,0.8256959746110026
25697,LOF,0.12326354861463808,0.02726401496979656,0.8494724364155654
25698,LOF,0.027835752122308332,0.3248925939680335,0.6472716539096582
25699,LOF,0.06907695574129968,0.07989086477312284,0.8510321794855774
25700,LOF,0.028731004544601646,0.013188705043021215,0.9580802904123772
25701,LOF,0.011615617733072105,0.07747861182055797,0.9109057704463699
25702,GOF,0.025236763093561553,0.7211463756503629,0.2536168612560757
25703,LOF,0.016160974028180106,0.20473348457935836,0.7791055413924616
25704,LOF,0.08434602886707324,0.17746331802732507,0.7381906531056018
25705,LOF,0.06552629786102152,0.2764745185058909,0.6579991836330876
25706,GOF,0.03008437132989891,0.6047042509173411,0.3652113777527599
25707,GOF,0.02470269154347868,0.6534919370835985,0.321805371372923
25708,GOF,0.006271989117039614,0.6042244385764016,0.3895035723065588
25709,LOF,0.018531098623261816,0.10648181318953322,0.8749870881872049
25710,LOF,0.006281206446238435,0.208749092911465,0.7849697006422967
25711,LOF,0.021082272591577647,0.161100814905583,0.8178169125028394
25712,LOF,0.007114808585896953,0.2641796996963272,0.7287054917177758
25713,LOF,0.019389830173875758,0.1436778988867717,0.8369322709393525
25714,LOF,0.020701561736384377,0.20403176683176866,0.775266671431847
25715,LOF,0.020497786347522477,0.1798035734867379,0.7996986401657397
25716,LOF,0.010702365610836163,0.13708462133889568,0.8522130130502682
25717,LOF,0.005025292977703321,0.15104266402299182,0.8439320429993048
25718,LOF,0.020079199236893573,0.11115120204264065,0.8687695987204658
25719,LOF,0.034274993551876944,0.13629876040802513,0.829426246040098
25720,LOF,0.029409008364716757,0.11736480174442172,0.8532261898908615
25721,LOF,0.022921829636356285,0.12824760072472755,0.8488305696389161
25722,LOF,0.015649109816304803,0.1775976835440236,0.8067532066396716
25723,LOF,0.022787881969281106,0.1169042563894766,0.8603078616412422
25724,LOF,0.025255152184639466,0.2036721708350266,0.7710726769803339
25725,LOF,0.020511038301868824,0.11237117507690896,0.8671177866212222
25726,LOF,0.015428615565587117,0.1475456993266445,0.8370256851077683
25727,LOF,0.02115713685364361,0.1356346044426261,0.8432082587037304
25728,LOF,0.020796796006694776,0.1411782225032814,0.8380249814900238
25729,LOF,0.019254796121833194,0.1536428902611972,0.8271023136169695
25730,LOF,0.02230001108062972,0.11076842834423614,0.8669315605751341
25731,LOF,0.008896906499630333,0.20292575532480978,0.7881773381755599
25732,LOF,0.018723890569454008,0.13078476827014507,0.8504913411604009
25733,LOF,0.02724168137891859,0.13857363461514513,0.8341846840059363
25734,LOF,0.006532566525838936,0.24531146638390436,0.7481559670902567
25735,LOF,0.020679381139466494,0.10919788261226697,0.8701227362482664
25736,LOF,0.018655490434384882,0.16811166167768807,0.813232847887927
25737,LOF,0.03707096782562344,0.14942517108971332,0.8135038610846633
25738,LOF,0.01981486974508107,0.19932374581267578,0.7808613844422432
25739,LOF,0.02191524363596226,0.18271704409689507,0.7953677122671428
25740,LOF,0.048798610614749924,0.1934864714305305,0.7577149179547197
25741,LOF,0.02611178502829574,0.16340933857248463,0.8104788763992197
25742,LOF,0.043027714398123224,0.16373983708986084,0.7932324485120159
25743,LOF,0.010671767784596133,0.02959407110644766,0.9597341611089562
25744,LOF,0.16205827554469238,0.3151891431206105,0.522752581334697
25745,LOF,0.03480005747225797,0.11731210864083663,0.8478878338869054
25746,LOF,0.013102595104117355,0.1676443954647836,0.8192530094310991
25747,LOF,0.03460374640669751,0.030202023892646517,0.9351942297006559
25748,LOF,0.27943237651875863,0.05958624724170182,0.6609813762395397
25749,LOF,0.011346901605309424,0.09983501600083185,0.8888180823938588
25750,LOF,0.01709305709887019,0.10364222854947015,0.8792647143516596
25751,LOF,0.04975702159727316,0.05360250761245238,0.8966404707902745
25752,GOF,0.0823159734746976,0.7089712291981862,0.2087127973271162
25753,LOF,0.007115831603262889,0.33282359879074985,0.6600605696059872
25754,GOF,0.0071545581205589015,0.8464627929684426,0.1463826489109985
25755,LOF,0.007309998512457891,0.3972076083200235,0.5954823931675186
25756,LOF,0.0313012010791545,0.40338822904640204,0.5653105698744435
25757,GOF,0.006906452095691508,0.8439385113863902,0.14915503651791842
25758,GOF,0.009134698373196677,0.849272760785232,0.14159254084157125
25759,GOF,0.006224883380052198,0.5669636222498514,0.42681149437009636
25760,LOF,0.0059578071417369215,0.25709348535135496,0.7369487075069081
25761,GOF,0.06454326171055279,0.8359432712970748,0.09951346699237237
25762,LOF,0.03093250238374148,0.32670072542627315,0.6423667721899853
25763,LOF,0.006669369900313256,0.2374999361563623,0.7558306939433244
25764,GOF,0.07362797658258137,0.6188393411359863,0.3075326822814324
25765,GOF,0.009386791560923596,0.8430280839578542,0.14758512448122224
25766,GOF,0.035745434640134355,0.8258414641859161,0.1384131011739495
25767,GOF,0.014043519109917807,0.5460551917874906,0.43990128910259163
25768,LOF,0.04043755981402963,0.06454018509889184,0.8950222550870784
25769,LOF,0.02546857368587036,0.08116567536698477,0.8933657509471449
25770,LOF,0.14891556630072064,0.05883928486691011,0.7922451488323694
25771,LOF,0.014835569393739395,0.05739568955847699,0.9277687410477837
25772,LOF,0.02429488558812959,0.027659827205079004,0.9480452872067914
25773,LOF,0.02082702895561188,0.05132078954872443,0.9278521814956637
25774,LOF,0.03072409080702096,0.09010935043155652,0.8791665587614225
25775,LOF,0.022816302291115257,0.037681864400748714,0.9395018333081361
25776,LOF,0.026255447713887794,0.022612665479975,0.9511318868061373
25777,LOF,0.1647450733720673,0.05839079993523651,0.7768641266926962
25778,LOF,0.021278540533396964,0.054932460860083916,0.9237889986065191
25779,GOF,0.033026271893816704,0.8973029427778132,0.06967078532837014
25780,GOF,0.06250705769779057,0.89115644732488,0.0463364949773294
25781,GOF,0.03039287032195118,0.8762486693194471,0.09335846035860165
25782,GOF,0.025759500221762655,0.9117020175068072,0.06253848227143025
25783,GOF,0.028439518608073977,0.9255900267764835,0.045970454615442566
25784,GOF,0.07036837855443387,0.8870209493010579,0.0426106721445081
25785,GOF,0.0763675298307092,0.8873144413310464,0.03631802883824435
25786,GOF,0.008298962363361678,0.8904088745368003,0.10129216309983813
25787,GOF,0.16445399284695233,0.7936824160845736,0.041863591068474156
25788,LOF,0.015133383449713005,0.21405037749919145,0.7708162390510954
25789,GOF,0.015883062495932063,0.8688538188698468,0.11526311863422108
25790,GOF,0.017991873024830123,0.8930888748148152,0.08891925216035462
25791,GOF,0.02030964008702205,0.8004937877175536,0.17919657219542431
25792,GOF,0.023918587469184457,0.8351728666393033,0.1409085458915122
25793,GOF,0.06621143762041078,0.85661369347135,0.07717486890823923
25794,GOF,0.05030537344423038,0.8066197533572638,0.14307487319850595
25795,GOF,0.04572730072472014,0.7811555494459013,0.1731171498293786
25796,GOF,0.0804385174930037,0.8289703866258037,0.09059109588119266
25797,GOF,0.06944678454675955,0.7774456155996707,0.15310759985356973
25798,GOF,0.005073930583022688,0.7938094646382082,0.2011166047787691
25799,GOF,0.0042086665317296965,0.7336295981297225,0.26216173533854775
25800,GOF,0.0242886189358607,0.8467765153865879,0.1289348656775514
25801,GOF,0.016001943848282386,0.9074973708580183,0.07650068529369937
25802,GOF,0.02501284380992765,0.8364956380944821,0.13849151809559024
25803,GOF,0.018442217033576687,0.7393676892712586,0.24219009369516462
25804,GOF,0.028521531493446373,0.7866898881086576,0.18478858039789609
25805,GOF,0.02262958850580281,0.8047833249444852,0.172587086549712
25806,GOF,0.02290190365530833,0.8109164716541638,0.16618162469052788
25807,GOF,0.008478224764685901,0.7727247063124186,0.2187970689228955
25808,GOF,0.015070838263551965,0.790943014355957,0.19398614738049105
25809,GOF,0.01023353811886752,0.7597166537904367,0.2300498080906959
25810,GOF,0.008330114303059981,0.7491271706106062,0.2425427150863339
25811,GOF,0.038630198864788995,0.8907818704133061,0.07058793072190495
25812,GOF,0.03173338158617564,0.81741469882628,0.15085191958754426
25813,GOF,0.11640350629911884,0.8132629176425534,0.07033357605832784
25814,GOF,0.030606274977313195,0.8326623690168633,0.13673135600582348
25815,GOF,0.06093588737014014,0.8463624461933631,0.09270166643649676
25816,GOF,0.010623912524788141,0.890572143976561,0.09880394349865075
25817,GOF,0.09791607894691375,0.8194254864282973,0.08265843462478895
25818,GOF,0.022624196522065067,0.8299233790554088,0.14745242442252612
25819,GOF,0.054344200200206735,0.7673849539696587,0.1782708458301345
25820,GOF,0.032637764142368374,0.7352348640483284,0.2321273718093033
25821,GOF,0.0229114698940828,0.7668356282118669,0.21025290189405021
25822,GOF,0.04132275965232629,0.7747890815649752,0.1838881587826985
25823,GOF,0.026183931789988447,0.7545487029034067,0.21926736530660476
25824,GOF,0.024954545856505292,0.8107480828337061,0.16429737130978847
25825,GOF,0.021018094801685785,0.8031183570894268,0.17586354810888744
25826,GOF,0.008216946778102084,0.7590524166318888,0.23273063659000898
25827,GOF,0.012141104674669783,0.7218983208772934,0.26596057444803684
25828,GOF,0.010140484390210995,0.7508942892363887,0.23896522637340023
25829,GOF,0.004256490383662193,0.7245046542093789,0.2712388554069588
25830,GOF,0.03434049605139329,0.5332275740723147,0.432431929876292
25831,GOF,0.05243411447277598,0.8202952621068152,0.12727062342040868
25832,GOF,0.008406879931543761,0.7863640742557627,0.2052290458126934
25833,GOF,0.030786041306451337,0.8306973071127189,0.1385166515808297
25834,GOF,0.00932706019035122,0.7948180384038183,0.19585490140583048
25835,GOF,0.022031851723204827,0.8501237392787628,0.1278444089980322
25836,GOF,0.006235683163236215,0.7873431994157006,0.20642111742106317
25837,GOF,0.007616855682852638,0.8063512990933686,0.18603184522377872
25838,GOF,0.018768036705858544,0.8561458275205355,0.12508613577360614
25839,GOF,0.04449456682372287,0.821418410349287,0.13408702282699
25840,GOF,0.0677318082396678,0.8293874498570436,0.10288074190328862
25841,GOF,0.07030144173953476,0.8441079335470347,0.08559062471343064
25842,GOF,0.024715702799965957,0.89340458989062,0.08187970730941409
25843,GOF,0.022648177374736237,0.8943321156054964,0.08301970701976721
25844,GOF,0.01572072860831081,0.8590070868289921,0.12527218456269706
25845,GOF,0.005972080661788174,0.7849905595238135,0.20903735981439844
25846,GOF,0.06577641819418177,0.8396534238329388,0.09457015797287932
25847,GOF,0.014781722719519661,0.8937317435716505,0.09148653370882974
25848,GOF,0.02060828126330279,0.8661173524127918,0.11327436632390536
25849,GOF,0.006876873004491296,0.8500304325825132,0.14309269441299552
25850,GOF,0.006064706746664176,0.7588686824803144,0.23506661077302146
25851,GOF,0.005478315135473787,0.7138129702932116,0.28070871457131463
25852,GOF,0.1355347738788262,0.6131402170012779,0.251325009119896
25853,GOF,0.06601159501134597,0.8281293668139402,0.10585903817471376
25854,GOF,0.0055334347918702545,0.7465971223683049,0.24786944283982493
25855,GOF,0.025957999977142963,0.7380458769304247,0.23599612309243242
25856,GOF,0.04219723856465854,0.8077412895779909,0.15006147185735055
25857,GOF,0.025166637453456906,0.7358827934344592,0.2389505691120838
25858,GOF,0.01061059731833595,0.7750272635763223,0.21436213910534166
25859,GOF,0.007673591206503049,0.7685481403760368,0.22377826841746015
25860,GOF,0.0710711477882218,0.8249026382376642,0.10402621397411398
25861,GOF,0.08564020431725299,0.8214875303824333,0.09287226530031377
25862,GOF,0.020924549777173913,0.8876368773883739,0.09143857283445203
25863,GOF,0.023653593713023658,0.8841299144162897,0.09221649187068653
25864,GOF,0.06821520481507509,0.8791825699836292,0.052602225201295774
25865,GOF,0.045613499538480325,0.8659124300340841,0.08847407042743562
25866,GOF,0.02849023244609413,0.8814521429710986,0.09005762458280729
25867,GOF,0.04315636578195515,0.8797539635924512,0.07708967062559374
25868,GOF,0.06096212919745954,0.846183640408206,0.09285423039433434
25869,GOF,0.3379173496170917,0.5836310929707461,0.07845155741216213
25870,GOF,0.05542984669815769,0.6336254862636637,0.31094466703817875
25871,GOF,0.0098439624340495,0.8728126098129321,0.11734342775301858
25872,GOF,0.018828616822522137,0.8700429759553391,0.11112840722213861
25873,GOF,0.0189852493501091,0.8984680377892735,0.08254671286061742
25874,LOF,0.015061919087477857,0.2503700258472345,0.7345680550652877
25875,LOF,0.03392658168556513,0.05498002421106151,0.9110933941033734
25876,LOF,0.01750152199152839,0.03612391766259367,0.946374560345878
25877,LOF,0.120418217682285,0.08191172021149673,0.7976700621062183
25878,LOF,0.09976586060310659,0.13486013591270007,0.7653740034841934
25879,LOF,0.017215243687730548,0.08622762063568222,0.8965571356765873
25880,LOF,0.0628636834727686,0.01640446783702584,0.9207318486902055
25881,Neutral,0.4794892777917017,0.08501810768621665,0.4354926145220816
25882,LOF,0.058558324036149,0.02579749183677239,0.9156441841270786
25883,LOF,0.026222017867890836,0.03151748832802256,0.9422604938040866
25884,LOF,0.015477742807573374,0.05368469736881459,0.930837559823612
25885,LOF,0.17783049901497353,0.013158349341053414,0.8090111516439731
25886,LOF,0.2689043567735402,0.06278944499278888,0.6683061982336709
25887,LOF,0.12136576490917172,0.09893317791429358,0.7797010571765347
25888,LOF,0.008084639816569017,0.13500620434870828,0.8569091558347228
25889,LOF,0.02138501022505417,0.03928682304159302,0.939328166733353
25890,LOF,0.1852179078123701,0.0648474222785987,0.7499346699090312
25891,LOF,0.12589644112570733,0.02669679762705811,0.8474067612472346
25892,LOF,0.010771809257020386,0.03357449908636516,0.9556536916566143
25893,LOF,0.3664155251914794,0.0089322662312935,0.624652208577227
25894,LOF,0.4083123348786895,0.006016755259132068,0.5856709098621784
25895,LOF,0.36265116825168725,0.011907629737759957,0.6254412020105528
25896,LOF,0.07003159026732296,0.025876535400964944,0.904091874331712
25897,LOF,0.14396964182490948,0.009539562984980047,0.8464907951901104
25898,LOF,0.1288033203382226,0.031187019511515368,0.8400096601502619
25899,LOF,0.43149308489675386,0.027893150894139896,0.5406137642091062
25900,LOF,0.48372298839263655,0.008476175249114239,0.5078008363582491
25901,LOF,0.0644280880471269,0.01019402346749945,0.9253778884853737
25902,LOF,0.17711468742895606,0.010417209116141163,0.8124681034549028
25903,LOF,0.32139947641879757,0.023697738714327395,0.654902784866875
25904,Neutral,0.50719468604535,0.035472497721002146,0.45733281623364785
25905,LOF,0.006527495487147388,0.4407462475358046,0.552726256977048
25906,LOF,0.008500397480747443,0.08157937067920173,0.9099202318400508
25907,LOF,0.007354166038090159,0.27790537180438335,0.7147404621575265
25908,LOF,0.006908088768865523,0.282833928691335,0.7102579825397994
25909,LOF,0.029926015452284918,0.11114947574112471,0.8589245088065903
25910,LOF,0.011808358962029392,0.14151240171944762,0.8466792393185231
25911,LOF,0.19749218116839753,0.05654824044845933,0.7459595783831431
25912,LOF,0.09981391832551467,0.03551370207197765,0.8646723796025078
25913,LOF,0.022999594062181175,0.05909063010877086,0.917909775829048
25914,LOF,0.041823170555562776,0.023863579301697576,0.9343132501427397
25915,LOF,0.21327891403987334,0.11799264293688862,0.668728443023238
25916,LOF,0.026794523680476114,0.05899232963628498,0.914213146683239
25917,LOF,0.08170753018032952,0.02319086895053538,0.8951016008691351
25918,LOF,0.043743663514041874,0.013559550664133642,0.9426967858218245
25919,LOF,0.0393652414646067,0.012386308660163147,0.9482484498752303
25920,Neutral,0.3434524180481428,0.3171633038626955,0.3393842780891617
25921,LOF,0.014392004034104178,0.031113416685975184,0.9544945792799207
25922,LOF,0.01666130995481327,0.03143217764773329,0.9519065123974534
25923,LOF,0.43093529755077303,0.029864365076796993,0.53920033737243
25924,LOF,0.024087093319083725,0.04755353199621132,0.9283593746847049
25925,LOF,0.08794762018770691,0.04314487041117515,0.8689075094011179
25926,LOF,0.07482969325628823,0.04125233798817478,0.883917968755537
25927,LOF,0.021998923865406757,0.07387611359151271,0.9041249625430806
25928,LOF,0.010698251418832088,0.04919598040132132,0.9401057681798467
25929,Neutral,0.5661177048959533,0.028335504625923536,0.40554679047812325
25930,LOF,0.07360351793136555,0.0286008469014232,0.8977956351672114
25931,LOF,0.013328660129940594,0.03435747485807792,0.9523138650119815
25932,LOF,0.06659938532013271,0.03286758857355681,0.9005330261063105
25933,LOF,0.06026550159265603,0.019070618785350407,0.9206638796219935
25934,LOF,0.05755119959730819,0.019067506406339706,0.923381293996352
25935,LOF,0.08170492857454076,0.05269461776960035,0.8656004536558588
25936,LOF,0.11131924957238507,0.019891579041146842,0.8687891713864682
25937,LOF,0.02107680290670643,0.024670855239237358,0.954252341854056
25938,LOF,0.08282622470060298,0.04527086106859797,0.8719029142307991
25939,LOF,0.049308889369451867,0.02538726955621275,0.9253038410743354
25940,LOF,0.008243306610447492,0.4668487532618521,0.5249079401277004
25941,LOF,0.44756916421157705,0.046231874663594234,0.5061989611248288
25942,LOF,0.011113241382833183,0.052443642213745416,0.9364431164034214
25943,LOF,0.044131046867644456,0.16575241247339847,0.790116540658957
25944,LOF,0.03961238689178608,0.06873939578566973,0.8916482173225442
25945,LOF,0.12017237539189428,0.03117596949012237,0.8486516551179835
25946,LOF,0.06605321532933608,0.04083208327431248,0.8931147013963514
25947,Neutral,0.5139622586027135,0.07268165990061703,0.4133560814966694
25948,LOF,0.41848124604529985,0.016384464910871838,0.5651342890438282
25949,LOF,0.17332603860138962,0.0643122606516948,0.7623617007469156
25950,GOF,0.09991012131716326,0.533037152047404,0.3670527266354328
25951,LOF,0.014775604380433096,0.4271462383364415,0.5580781572831255
25952,LOF,0.23751971642204753,0.2073507284836017,0.5551295550943508
25953,LOF,0.00921892903940875,0.2536875762000457,0.7370934947605456
25954,LOF,0.0778775587592531,0.3621147426024534,0.5600076986382935
25955,LOF,0.008309655534207438,0.23086780781784563,0.760822536647947
25956,LOF,0.015431625215421104,0.31684191117628524,0.6677264636082937
25957,LOF,0.1710484806627891,0.030991530688509687,0.7979599886487012
25958,LOF,0.027764248706570696,0.06822432376963655,0.9040114275237927
25959,GOF,0.006546707267375324,0.7468626348327712,0.24659065789985346
25960,LOF,0.005211760566498674,0.12216936039011993,0.8726188790433814
25961,LOF,0.02619710012144977,0.05105697953452067,0.9227459203440296
25962,LOF,0.057217546821905184,0.08663158819136448,0.8561508649867303
25963,LOF,0.007381660878014427,0.15090347171188448,0.8417148674101012
25964,LOF,0.029824326012026108,0.14594907060088022,0.8242266033870937
25965,LOF,0.2616856478012079,0.1557596825930141,0.582554669605778
25966,LOF,0.37908224417555514,0.08178719266776756,0.5391305631566773
25967,LOF,0.008318538329863151,0.06401621319113626,0.9276652484790006
25968,LOF,0.04356087420099202,0.24008956763116995,0.7163495581678381
25969,LOF,0.17304613139398833,0.0481372410781921,0.7788166275278195
25970,LOF,0.06938324723447001,0.06631578427238592,0.8643009684931441
25971,LOF,0.07646559239045739,0.028347733034532523,0.89518667457501
25972,LOF,0.07251660443932889,0.05253812062055408,0.8749452749401171
25973,LOF,0.0630385368318297,0.010215103499743446,0.9267463596684269
25974,LOF,0.042403472223991164,0.04233802618487235,0.9152585015911364
25975,LOF,0.03826313467578148,0.020510410882914346,0.9412264544413042
25976,LOF,0.08429122714197805,0.01140835873946807,0.9043004141185539
25977,LOF,0.24092575256532203,0.05065739788422396,0.708416849550454
25978,LOF,0.16410731282911073,0.14958986474637892,0.6863028224245102
25979,LOF,0.1364681911822773,0.16694746811048167,0.6965843407072411
25980,LOF,0.20839185531381693,0.22818949490390228,0.5634186497822807
25981,LOF,0.2093488950973587,0.22923745536512313,0.5614136495375182
25982,LOF,0.41173207617954893,0.12248513452818563,0.46578278929226546
25983,LOF,0.42063774984202085,0.1438292760206289,0.4355329741373503
25984,LOF,0.047671610230975506,0.08994440840490119,0.8623839813641233
25985,Neutral,0.49891823306498395,0.12771654057871018,0.37336522635630576
25986,LOF,0.011594481740517963,0.46607615619335535,0.5223293620661268
25987,LOF,0.03564359516430528,0.09068571672589584,0.8736706881097989
25988,LOF,0.04791249182252464,0.13785743995236574,0.8142300682251096
25989,LOF,0.05190276198341866,0.1874570033484392,0.7606402346681422
25990,LOF,0.046149980798122964,0.30278773610494286,0.6510622830969343
25991,LOF,0.02648341175624811,0.4003162496240936,0.5732003386196582
25992,LOF,0.01709900123519269,0.3743936906646268,0.6085073081001806
25993,LOF,0.02883524693115218,0.054446305578870556,0.9167184474899772
25994,LOF,0.023796408109732204,0.05687546069486505,0.9193281311954027
25995,LOF,0.020131709480585274,0.1026518944823011,0.8772163960371137
25996,Neutral,0.38901773931350797,0.326857608488503,0.284124652197989
25997,LOF,0.06417008380826844,0.4076934843452222,0.5281364318465093
25998,LOF,0.2585516590233846,0.04266980855804477,0.6987785324185707
25999,LOF,0.03864453430928822,0.10559467718817553,0.8557607885025363
26000,LOF,0.1408414090803928,0.012350778420642517,0.8468078124989648
26001,LOF,0.2479559617286191,0.017948160814134865,0.734095877457246
26002,LOF,0.1241359355912591,0.021266219223952,0.8545978451847889
26003,GOF,0.006449299840067499,0.5962897515497209,0.3972609486102116
26004,GOF,0.012978149260712207,0.5905577138067765,0.3964641369325114
26005,LOF,0.004639254042287988,0.45783423537052736,0.5375265105871846
26006,GOF,0.0818373496030718,0.48877464018175576,0.4293880102151726
26007,LOF,0.008780796402235029,0.47937808541140847,0.5118411181863565
26008,GOF,0.005034702772409368,0.5562389581960709,0.43872633903151964
26009,GOF,0.009653337505517535,0.587606506428904,0.40274015606557834
26010,GOF,0.007439544957698882,0.5187336189840023,0.4738268360582988
26011,LOF,0.0038247840609025637,0.3898911436631363,0.6062840722759612
26012,GOF,0.004357419704742097,0.5288258981253011,0.46681668216995686
26013,GOF,0.008569421913743049,0.5307364002978037,0.46069417778845345
26014,LOF,0.06444408067743983,0.09061872125571271,0.8449371980668474
26015,LOF,0.37068595024695394,0.05168076575525616,0.5776332839977899
26016,LOF,0.2657276124280886,0.06438497326020169,0.6698874143117097
26017,LOF,0.011077578261677327,0.24348667880077152,0.7454357429375512
26018,LOF,0.022684164299560043,0.11534357453483216,0.8619722611656078
26019,LOF,0.022571144260437753,0.10344648702927933,0.8739823687102829
26020,LOF,0.007365151960074365,0.2326562579020711,0.7599785901378546
26021,LOF,0.06666733432331444,0.11130909374617359,0.822023571930512
26022,LOF,0.03373492208401438,0.04959103713051361,0.916674040785472
26023,LOF,0.018877068329667443,0.08078229731341166,0.9003406343569209
26024,LOF,0.04915025314059251,0.09007185974325352,0.8607778871161539
26025,LOF,0.11488684571814162,0.11546621413762682,0.7696469401442315
26026,LOF,0.11169109525434222,0.08502920680964259,0.8032796979360152
26027,LOF,0.023618089583016668,0.052182543495421105,0.9241993669215622
26028,LOF,0.08159146250797518,0.17617539360789014,0.7422331438841346
26029,LOF,0.02403307704228932,0.14811845581894398,0.8278484671387666
26030,LOF,0.1266594437575361,0.01987004254635722,0.8534705136961067
26031,LOF,0.010246294984100275,0.12447702660295354,0.8652766784129461
26032,LOF,0.03740840686015422,0.03765589115109392,0.924935701988752
26033,LOF,0.04078337529610317,0.038276520000549215,0.9209401047033476
26034,LOF,0.014558304511623559,0.10210790084248579,0.8833337946458907
26035,LOF,0.011045380101602085,0.08998785085049779,0.8989667690479002
26036,LOF,0.010267521181660313,0.07609697300610789,0.9136355058122319
26037,LOF,0.010163177024288287,0.08550961650954146,0.9043272064661703
26038,LOF,0.03177792389905698,0.03308074381420067,0.9351413322867425
26039,LOF,0.03186487480890999,0.10990352096369557,0.8582316042273945
26040,LOF,0.08985851182808792,0.10200991605564404,0.8081315721162681
26041,LOF,0.012676297571640766,0.08157394372118563,0.9057497587071736
26042,LOF,0.011421663292112775,0.08487478029575807,0.9037035564121291
26043,LOF,0.03178639570360076,0.052948235601754205,0.9152653686946451
26044,LOF,0.007951160588960894,0.03854963906832315,0.953499200342716
26045,LOF,0.07667472108941716,0.11165471325737597,0.8116705656532068
26046,LOF,0.027952113511487308,0.039055487323327316,0.9329923991651854
26047,LOF,0.057329388139515707,0.039532086999975145,0.903138524860509
26048,LOF,0.08687321505001185,0.01520733735908512,0.897919447590903
26049,Neutral,0.9365846254819868,0.005723806110853758,0.05769156840715942
26050,Neutral,0.9031636429995328,0.006167055527102791,0.09066930147336455
26051,LOF,0.027141688074055845,0.07135734924677424,0.90150096267917
26052,LOF,0.02991004530149455,0.06005176188963977,0.9100381928088657
26053,LOF,0.019859192134822682,0.15028464046336612,0.8298561674018112
26054,LOF,0.051083907630563655,0.037265620415001914,0.9116504719544344
26055,LOF,0.07633822133316895,0.032240950721549214,0.8914208279452819
26056,LOF,0.06447372248816176,0.041830288455449706,0.8936959890563886
26057,LOF,0.0519601901224778,0.02235376455305391,0.9256860453244682
26058,LOF,0.05842310895808137,0.017603769284800713,0.9239731217571179
26059,LOF,0.22420284471884386,0.03881516584818422,0.7369819894329719
26060,LOF,0.02004272742754924,0.15196882250908725,0.8279884500633635
26061,LOF,0.012066154575845409,0.011795056793090562,0.9761387886310641
26062,LOF,0.006278898618259751,0.01793259388787775,0.9757885074938626
26063,LOF,0.037230830943461184,0.015934666142073384,0.9468345029144655
26064,LOF,0.013604616752023775,0.020836187439435275,0.965559195808541
26065,LOF,0.04599171076452873,0.02103750815707041,0.9329707810784009
26066,LOF,0.03432030347488595,0.01470939817125381,0.9509702983538603
26067,LOF,0.039389633519649386,0.015642032489784182,0.9449683339905665
26068,LOF,0.04884512379940118,0.04843199584700697,0.9027228803535918
26069,LOF,0.2522005042693882,0.029647803717830462,0.7181516920127814
26070,LOF,0.48762721112769414,0.020844736605580783,0.4915280522667251
26071,LOF,0.04110523591876949,0.018519901812829843,0.9403748622684006
26072,LOF,0.007695918499905808,0.02239976009824812,0.9699043214018461
26073,LOF,0.03249574109219247,0.019177587085717592,0.9483266718220899
26074,Neutral,0.841852190047492,0.012573703595639816,0.1455741063568682
26075,LOF,0.051274950712719494,0.027895843078756193,0.9208292062085244
26076,LOF,0.04537033973759338,0.017498335825227765,0.937131324437179
26077,LOF,0.13981023640377127,0.008580827430943518,0.8516089361652852
26078,LOF,0.006562098662126954,0.01973483468188521,0.9737030666559878
26079,LOF,0.06111543959641947,0.026940594238836237,0.9119439661647444
26080,LOF,0.06005878257578003,0.027090067209226985,0.912851150214993
26081,LOF,0.030228022455899915,0.013400833199999442,0.9563711443441006
26082,LOF,0.005929017270276036,0.02309249364985986,0.9709784890798641
26083,LOF,0.09330066350446317,0.03123108234376417,0.8754682541517728
26084,LOF,0.08788752855780789,0.027103297953719976,0.8850091734884722
26085,LOF,0.07578546318074658,0.022124681262066907,0.9020898555571865
26086,LOF,0.033414166590784,0.0189523237705143,0.9476335096387017
26087,LOF,0.03286550934438602,0.015132203587800045,0.952002287067814
26088,LOF,0.007277575392128186,0.03095174538561432,0.9617706792222576
26089,LOF,0.04335305708246738,0.04249510274893838,0.9141518401685943
26090,LOF,0.043584686906240414,0.033142828659773256,0.9232724844339864
26091,LOF,0.024849223861708472,0.011433907656707019,0.9637168684815846
26092,LOF,0.04146989405702214,0.013296487222227642,0.9452336187207502
26093,LOF,0.07903811460236408,0.008513708350671398,0.9124481770469646
26094,LOF,0.02933586626957373,0.010490211313534205,0.960173922416892
26095,LOF,0.02022366798304383,0.02047915069466838,0.9592971813222878
26096,LOF,0.20141592857698648,0.005627522337065453,0.7929565490859481
26097,LOF,0.007307974485137527,0.04703098886103218,0.9456610366538303
26098,LOF,0.11100925573143637,0.02308483139703981,0.8659059128715239
26099,LOF,0.03653339673681088,0.029250850703225053,0.934215752559964
26100,LOF,0.03651750186149675,0.02925075062558661,0.9342317475129167
26101,LOF,0.056498979818589985,0.04771260915676636,0.8957884110246436
26102,LOF,0.028738612422951955,0.024804479826002843,0.9464569077510452
26103,Neutral,0.8895278491683302,0.03301575493178022,0.0774563958998894
26104,LOF,0.05709557580503142,0.05154897796456279,0.8913554462304059
26105,LOF,0.26964757310159293,0.11276820331170206,0.6175842235867051
26106,LOF,0.3113670806236265,0.0705508066492142,0.6180821127271593
26107,LOF,0.020246620957407355,0.07212038767715906,0.9076329913654336
26108,LOF,0.2586021546897447,0.041784150173856255,0.699613695136399
26109,LOF,0.07703479191557028,0.03485067383328905,0.8881145342511406
26110,LOF,0.398150072345657,0.014410683163126742,0.5874392444912163
26111,LOF,0.06209289085775489,0.1465620576719283,0.7913450514703168
26112,LOF,0.04897767109877488,0.013441076728247077,0.9375812521729782
26113,LOF,0.10982248302349265,0.036465972331340274,0.8537115446451671
26114,LOF,0.09348244542202169,0.006854406674692608,0.8996631479032857
26115,LOF,0.01702288865755594,0.05127296611474416,0.9317041452276998
26116,LOF,0.07750805617944441,0.022456713416677324,0.9000352304038782
26117,LOF,0.34130417817046244,0.050656781543709846,0.6080390402858277
26118,LOF,0.055448833647036615,0.021681690078632566,0.9228694762743308
26119,LOF,0.005709007303192326,0.10327012444171665,0.8910208682550911
26120,LOF,0.03566574664563524,0.020496816148145244,0.9438374372062195
26121,LOF,0.003383799890310235,0.16300509082964762,0.8336111092800421
