feature0,prediction,LoGoFunc_Neutral,LoGoFunc_GOF,LoGoFunc_LOF
25546,Neutral,0.6428475159736372,0.054214736417791586,0.3029377476085712
25547,Neutral,0.4675839747638568,0.09729767450816765,0.4351183507279757
25548,Neutral,0.4728974457267819,0.07702541269492733,0.45007714157829093
25549,LOF,0.39636580690596684,0.0802918639307421,0.523342329163291
25550,LOF,0.352897048516724,0.12004561113606302,0.527057340347213
25551,LOF,0.2879226029651517,0.13459884212886708,0.5774785549059811
25552,LOF,0.21810134036611029,0.13151049086142544,0.6503881687724643
25553,Neutral,0.8042716914466961,0.04501291235334655,0.15071539619995739
25554,LOF,0.2828827995110366,0.12052018825796518,0.5965970122309983
25555,LOF,0.22175058963558908,0.11602987431996616,0.6622195360444447
25556,LOF,0.4500765533856499,0.09500924287520165,0.4549142037391485
25557,LOF,0.2122204398499636,0.12076807579562768,0.6670114843544087
25558,LOF,0.29423047367481253,0.11876769502827132,0.5870018312969161
25559,LOF,0.1784453560004834,0.16480169873790393,0.6567529452616127
25560,LOF,0.06312940076359373,0.12398510623954148,0.8128854929968649
25561,LOF,0.13198404963722288,0.11030471923658039,0.7577112311261968
25562,LOF,0.06110895391110959,0.06999261669472473,0.8688984293941657
25563,LOF,0.08768122214034113,0.06613929609957814,0.8461794817600807
25564,LOF,0.2099292104417483,0.15347864936342012,0.6365921401948316
25565,LOF,0.1873795504056523,0.1292169074694036,0.683403542124944
25566,GOF,0.02179677222864605,0.763741042836953,0.21446218493440095
25567,LOF,0.02235627066522489,0.13313274003855816,0.844510989296217
25568,LOF,0.06009680594834896,0.07226003199009436,0.8676431620615568
25569,LOF,0.05728170673390405,0.07019691663499159,0.8725213766311044
25570,LOF,0.03189002327869457,0.10319385102797494,0.8649161256933304
25571,LOF,0.031545192099563184,0.09865303740013832,0.8698017705002985
25572,LOF,0.03595082544797455,0.12379761495476883,0.8402515595972566
25573,LOF,0.026461356416964777,0.09147344704913768,0.8820651965338976
25574,LOF,0.015833343582659268,0.1712290350202275,0.8129376213971133
25575,LOF,0.026409201172707477,0.10933374668399265,0.8642570521433
25576,LOF,0.01351050990530451,0.1436493560980846,0.8428401339966108
25577,LOF,0.01226836796538608,0.11308144820562335,0.8746501838289906
25578,LOF,0.2841197194196696,0.07698191764146094,0.6388983629388694
25579,LOF,0.12419972367093074,0.08251147781422459,0.7932887985148447
25580,LOF,0.019374538299322595,0.07487527451025792,0.9057501871904194
25581,LOF,0.04714721711612164,0.06834793687182181,0.8845048460120566
25582,LOF,0.04701990215403875,0.06738559721282554,0.8855945006331357
25583,LOF,0.0209677516338258,0.08148558894748462,0.8975466594186896
25584,Neutral,0.5067824736238615,0.10992525281327417,0.38329227356286427
25585,LOF,0.012656309774577056,0.12383356316833148,0.8635101270570914
25586,LOF,0.01928108526004621,0.0694374828075393,0.9112814319324145
25587,LOF,0.018127860031797772,0.06138942652367206,0.9204827134445301
25588,LOF,0.01951075479406525,0.0754219234765802,0.9050673217293546
25589,Neutral,0.6214703038701679,0.13958576636937786,0.23894392976045428
25590,LOF,0.021969139017402745,0.11695001536586765,0.8610808456167297
25591,LOF,0.07472509228526265,0.06184152735280871,0.8634333803619285
25592,LOF,0.05340302517391823,0.11801105152556576,0.8285859233005161
25593,LOF,0.018203131525017752,0.27555237174121566,0.7062444967337665
25594,LOF,0.03883135048027605,0.12528760226775745,0.8358810472519664
25595,LOF,0.03655435248587853,0.09384661450764237,0.8695990330064791
25596,LOF,0.049858748479214655,0.06873033728172369,0.8814109142390617
25597,LOF,0.034778743142589594,0.08826044573573605,0.8769608111216745
25598,LOF,0.03529773062992577,0.10018055143509258,0.8645217179349816
25599,GOF,0.008225018722862052,0.5371885485209733,0.45458643275616467
25600,GOF,0.023823294274275122,0.5778774833133525,0.39829922241237237
25601,LOF,0.011923517021179617,0.39536908370861285,0.5927073992702075
25602,LOF,0.012604982379298644,0.05064447986055183,0.9367505377601494
25603,LOF,0.04099023851804226,0.02172913319773516,0.9372806282842225
25604,LOF,0.017533957445684225,0.0583045579255911,0.9241614846287247
25605,LOF,0.00942003008404967,0.1772757992796495,0.8133041706363008
25606,LOF,0.10141135961192431,0.2757994770561472,0.6227891633319285
25607,LOF,0.006075893630569358,0.18533055425126557,0.8085935521181651
25608,LOF,0.01245909421644286,0.1002590882389566,0.8872818175446006
25609,LOF,0.0787195050621799,0.4107578571842814,0.5105226377535387
25610,LOF,0.019002422071523303,0.02742266165440393,0.9535749162740729
25611,LOF,0.019485465968128585,0.02888251481399499,0.9516320192178765
25612,LOF,0.06335775124086963,0.039679537038721256,0.8969627117204091
25613,LOF,0.057014917629075915,0.04068388729174451,0.9023011950791796
25614,LOF,0.027909556998994695,0.032971576302761735,0.9391188666982436
25615,LOF,0.017342923624346883,0.04735638332496792,0.9353006930506851
25616,LOF,0.05375191695837449,0.032989060980328506,0.9132590220612969
25617,LOF,0.05333912989497711,0.036160794045959545,0.9105000760590634
25618,LOF,0.060375287344141534,0.03689603741191036,0.9027286752439482
25619,LOF,0.018506114571696243,0.03317909784414594,0.9483147875841579
25620,LOF,0.07124984404863571,0.04295609804658811,0.8857940579047763
25621,LOF,0.019319732555245665,0.036130884658915355,0.944549382785839
25622,LOF,0.022651740992406442,0.04833447478466638,0.9290137842229271
25623,LOF,0.03375515818245023,0.04191454522447875,0.9243302965930711
25624,LOF,0.02346195277054409,0.03881768041434467,0.9377203668151113
25625,LOF,0.023725602743123277,0.0580983467522206,0.9181760505046561
25626,LOF,0.057451217192063295,0.03699880709553722,0.9055499757123995
25627,Neutral,0.6341927363488747,0.08112844747570432,0.28467881617542096
25628,LOF,0.18513524119009928,0.048806810914686416,0.7660579478952143
25629,LOF,0.037952996754769985,0.06079735334537606,0.901249649899854
25630,LOF,0.1487289041692729,0.08916880489216815,0.7621022909385589
25631,Neutral,0.6228890487118373,0.052355301254701996,0.32475565003346063
25632,LOF,0.008378897964377803,0.07397200568505004,0.9176490963505721
25633,LOF,0.20275762626844993,0.05295337635063144,0.7442889973809186
25634,LOF,0.028911883225391854,0.10364108203156924,0.867447034743039
25635,LOF,0.03602699791802346,0.055031598660671095,0.9089414034213054
25636,GOF,0.005377614345801148,0.5155774427728192,0.47904494288137967
25637,GOF,0.006882777456853359,0.5171310088314842,0.4759862137116625
25638,LOF,0.009384367407922083,0.2520698141188299,0.7385458184732481
25639,LOF,0.005430767603950015,0.40216272484178006,0.5924065075542698
25640,Neutral,0.5051329626032239,0.41801024826462724,0.0768567891321488
25641,LOF,0.008277875788099433,0.48728400580629094,0.5044381184056097
25642,LOF,0.22041478847458035,0.10666212360704422,0.6729230879183754
25643,LOF,0.15110094240097557,0.15646294483326545,0.6924361127657589
25644,GOF,0.008339738767301548,0.5187752821922017,0.4728849790404967
25645,LOF,0.006849349154526425,0.4594258326487132,0.5337248181967604
25646,LOF,0.01141421093200463,0.3805129762909233,0.6080728127770721
25647,LOF,0.008908554358866023,0.30382063718976476,0.6872708084513692
25648,LOF,0.008015283578122461,0.30468325786371736,0.6873014585581602
25649,LOF,0.007125742310377734,0.25657098390563676,0.7363032737839855
25650,LOF,0.011275705897743264,0.45608676941157633,0.5326375246906805
25651,LOF,0.005205460858271893,0.31270698937701485,0.6820875497647133
25652,LOF,0.00830160763235515,0.3009942315241294,0.6907041608435155
25653,LOF,0.023251130252269714,0.4368524610294172,0.539896408718313
25654,LOF,0.008736291583458107,0.22184652724702933,0.7694171811695125
25655,LOF,0.037798972507643795,0.4653371690945164,0.4968638583978399
25656,LOF,0.18021751601440025,0.05514502379220708,0.7646374601933927
25657,LOF,0.26045518388698186,0.03145663071882052,0.7080881853941976
25658,LOF,0.07155901754601642,0.1023285099272117,0.8261124725267719
25659,LOF,0.4267240396428625,0.08490026950465682,0.48837569085248056
25660,LOF,0.028099815925917995,0.08746187794829995,0.884438306125782
25661,LOF,0.09478540098317143,0.06306216322619036,0.8421524357906383
25662,LOF,0.03231125073776139,0.03702260295686973,0.9306661463053689
25663,LOF,0.04072855265364005,0.0533827675710409,0.9058886797753191
25664,LOF,0.04860861986086106,0.06558083905746223,0.8858105410816768
25665,LOF,0.05237240991823693,0.02825852068921821,0.9193690693925448
25666,LOF,0.03858380501998906,0.08637351078595615,0.8750426841940547
25667,LOF,0.06485907605532498,0.04159399997551636,0.8935469239691587
25668,LOF,0.03571631816196773,0.04397811356858166,0.9203055682694506
25669,LOF,0.032042934108248836,0.06215473689031275,0.9058023290014383
25670,LOF,0.05805914074874082,0.05673946653164296,0.8852013927196162
25671,LOF,0.0954298064977543,0.03429559719803152,0.8702745963042141
25672,LOF,0.055345746463666474,0.037666024990779375,0.906988228545554
25673,LOF,0.023744925226142858,0.049959197034068044,0.926295877739789
25674,LOF,0.02163068623254202,0.0626477154938012,0.9157215982736568
25675,LOF,0.03516229474336996,0.049378645883941794,0.9154590593726882
25676,LOF,0.019157825120380327,0.04974782294503096,0.9310943519345887
25677,LOF,0.028073342442330854,0.06889607487567198,0.9030305826819971
25678,LOF,0.1963503927189945,0.05391010624705946,0.749739501033946
25679,LOF,0.1646543804724034,0.08243091461668542,0.7529147049109112
25680,LOF,0.04485158788461272,0.10459058547866974,0.8505578266367175
25681,LOF,0.07049400509696287,0.09808645384610418,0.8314195410569329
25682,LOF,0.14763294210738928,0.07162408199138903,0.7807429759012217
25683,LOF,0.08162532772528512,0.11357989133584497,0.8047947809388699
25684,LOF,0.043065896549527145,0.0713442511561729,0.8855898522942999
25685,LOF,0.08986996731324616,0.043246343809891695,0.8668836888768622
25686,LOF,0.030049838327936555,0.07910914812006888,0.8908410135519946
25687,LOF,0.057051246769707416,0.07198096076987262,0.87096779246042
25688,LOF,0.05402718503474241,0.06493175645971262,0.881041058505545
25689,LOF,0.02797335548030928,0.06929110518707479,0.902735539332616
25690,LOF,0.0388817906529862,0.06086311418379245,0.9002550951632214
25691,LOF,0.28585559407010463,0.07796620094430329,0.636178204985592
25692,LOF,0.24705641316124255,0.008405536985640779,0.7445380498531166
25693,LOF,0.05236673843936636,0.3505937687739418,0.5970394927866918
25694,LOF,0.23438040795137352,0.015321170723813187,0.7502984213248133
25695,LOF,0.14393006757366375,0.02009861129367059,0.8359713211326656
25696,LOF,0.11034772624443476,0.012535136553484857,0.8771171372020804
25697,LOF,0.09310088286436755,0.02605504210212956,0.8808440750335028
25698,LOF,0.0680245544382541,0.43970864400827914,0.4922668015534668
25699,LOF,0.057501360808779094,0.07653054991133494,0.8659680892798859
25700,LOF,0.05508094074182953,0.010149997892575455,0.934769061365595
25701,LOF,0.014865905273151474,0.09427014484429813,0.8908639498825505
25702,GOF,0.040715436566755005,0.6352723383826827,0.3240122250505623
25703,LOF,0.010024711636391516,0.1502407198490852,0.8397345685145233
25704,LOF,0.06258414747753559,0.10844424930992726,0.8289716032125372
25705,LOF,0.07798799348447828,0.20609619027840187,0.7159158162371198
25706,LOF,0.02566125227634181,0.40639043798191776,0.5679483097417404
25707,LOF,0.017318301591672365,0.31918925668380244,0.6634924417245253
25708,LOF,0.007964522726497017,0.2914131143665195,0.7006223629069834
25709,LOF,0.0653049206692051,0.04264527610904772,0.8920498032217472
25710,LOF,0.005823971380934591,0.13235165995421347,0.861824368664852
25711,LOF,0.02035338543779159,0.09412620819545549,0.8855204063667529
25712,LOF,0.007773900473660487,0.1751775317737618,0.8170485677525777
25713,LOF,0.02127972460297945,0.08240320366187684,0.8963170717351436
25714,LOF,0.06977976342330404,0.10291777826417872,0.8273024583125174
25715,LOF,0.01389027701763535,0.1121619777220911,0.8739477452602735
25716,LOF,0.006532750070897899,0.1080791840735938,0.8853880658555083
25717,LOF,0.006657768081531426,0.07140441393244407,0.9219378179860245
25718,LOF,0.014720253305176819,0.07226143149285666,0.9130183152019665
25719,LOF,0.022136401519742756,0.07326678951533071,0.9045968089649264
25720,LOF,0.023146542022859918,0.06701195464431133,0.9098415033328288
25721,LOF,0.018943962376962765,0.08594313738707181,0.8951129002359655
25722,LOF,0.017055535801034732,0.0973275809507681,0.8856168832481972
25723,LOF,0.023351716666404152,0.05081247264586168,0.9258358106877341
25724,LOF,0.020634413499940524,0.08323677400349888,0.8961288124965605
25725,LOF,0.013874847740629713,0.062477563561419376,0.9236475886979509
25726,LOF,0.017535077087117826,0.08263687569120398,0.8998280472216781
25727,LOF,0.01512281038483763,0.06442881817192954,0.9204483714432329
25728,LOF,0.0129256455035232,0.08624318471714572,0.9008311697793311
25729,LOF,0.013270757345459381,0.08864103200066889,0.8980882106538717
25730,LOF,0.019265141769988232,0.07094760187049487,0.909787256359517
25731,LOF,0.008176304504779096,0.12239332866435637,0.8694303668308646
25732,LOF,0.019166086169006648,0.06483319767749186,0.9160007161535015
25733,LOF,0.01825558087229805,0.062224481176583434,0.9195199379511184
25734,LOF,0.0061222349509129515,0.1161128669434851,0.877764898105602
25735,LOF,0.016481572062440754,0.05987853210556494,0.9236398958319942
25736,LOF,0.017003210830818904,0.08205256634402207,0.9009442228251591
25737,LOF,0.0245510387095623,0.07454044434706318,0.9009085169433746
25738,LOF,0.016211842600798186,0.10920771258609473,0.874580444813107
25739,LOF,0.022922369583729018,0.093976706663575,0.8831009237526959
25740,LOF,0.03618821277679551,0.10137641456585121,0.8624353726573533
25741,LOF,0.01794259108693274,0.08949977208439723,0.8925576368286701
25742,LOF,0.10066261192218835,0.0955294998409667,0.8038078882368449
25743,LOF,0.015975534135548492,0.033349252568783315,0.9506752132956683
25744,GOF,0.1725132978637418,0.41815403562275305,0.40933266651350514
25745,LOF,0.025815431530824964,0.059255394986967594,0.9149291734822075
25746,LOF,0.01785420459843867,0.0724121263969109,0.9097336690046505
25747,LOF,0.027794126174456656,0.03064753156270066,0.9415583422628427
25748,LOF,0.13663819693539972,0.052165549265618054,0.8111962537989823
25749,LOF,0.01594913800191783,0.06561497581485178,0.9184358861832304
25750,LOF,0.03197857103524317,0.07779734562999892,0.8902240833347579
25751,LOF,0.11039206627995697,0.06454982423740925,0.8250581094826338
25752,GOF,0.12489030083782382,0.6058403258937886,0.2692693732683877
25753,LOF,0.009273221942461628,0.27597269356766796,0.7147540844898703
25754,GOF,0.00499911228549687,0.7929045247009544,0.20209636301354872
25755,LOF,0.0102315769363045,0.3821006497960218,0.6076677732676736
25756,LOF,0.04592506271224696,0.34741719362135576,0.6066577436663972
25757,GOF,0.005492639412453631,0.8436004382162233,0.15090692237132314
25758,GOF,0.006932066009735133,0.828574110810751,0.16449382317951391
25759,GOF,0.0044714511048522115,0.5362024672304313,0.4593260816647165
25760,LOF,0.005863978026451253,0.23397542153474893,0.7601606004387998
25761,GOF,0.03879134585299477,0.8113071900252101,0.14990146412179503
25762,LOF,0.03701982139000153,0.25540531941740974,0.7075748591925888
25763,LOF,0.006811002977727014,0.1770863521557025,0.8161026448665705
25764,GOF,0.17078311064818544,0.5030760946396545,0.32614079471216006
25765,GOF,0.010872851565417155,0.7712943667312332,0.21783278170334977
25766,GOF,0.016191471022348,0.7869125614597626,0.1968959675178894
25767,GOF,0.02235764538967265,0.5415763555114246,0.43606599909890276
25768,LOF,0.07768667909889279,0.08598594417276169,0.8363273767283456
25769,LOF,0.08553520853721183,0.06335249040425421,0.851112301058534
25770,LOF,0.35128336149548556,0.07122534576123372,0.5774912927432807
25771,LOF,0.014543382702135373,0.05993103895154249,0.9255255783463221
25772,LOF,0.020172371067066156,0.028449676505256448,0.9513779524276774
25773,LOF,0.01308553503923346,0.12297554839692773,0.8639389165638388
25774,LOF,0.027799302278454202,0.06850576700973436,0.9036949307118115
25775,LOF,0.01573474278038787,0.051530862117885115,0.932734395101727
25776,LOF,0.08442741811594638,0.024885748168829432,0.8906868337152242
25777,LOF,0.32362610604669745,0.05062861883191458,0.625745275121388
25778,LOF,0.07333091239709943,0.04527853382398108,0.8813905537789195
25779,GOF,0.08663014045295911,0.852856942277575,0.06051291726946573
25780,GOF,0.07615577118807483,0.8338551040911738,0.08998912472075143
25781,GOF,0.02717457853160221,0.849051805249513,0.12377361621888472
25782,GOF,0.038016927695949505,0.8712258185183945,0.0907572537856558
25783,GOF,0.011647268516134337,0.6499860037740005,0.33836672770986514
25784,GOF,0.13091138493084584,0.8044546529287111,0.06463396214044306
25785,GOF,0.07982938079542312,0.8628808961034127,0.05728972310116423
25786,GOF,0.006455609267959814,0.8106111738933564,0.18293321683868374
25787,GOF,0.2281659180208198,0.725511266429028,0.0463228155501523
25788,LOF,0.05151703655860818,0.11899989144032588,0.8294830720010659
25789,GOF,0.03748085408438477,0.7985201641643345,0.1639989817512809
25790,GOF,0.037311535804935916,0.833288237001762,0.12940022719330194
25791,GOF,0.02851293557749211,0.7691957790036584,0.2022912854188494
25792,GOF,0.05601080499809366,0.7564069032333044,0.18758229176860186
25793,GOF,0.06989780340797659,0.7168907646283509,0.2132114319636725
25794,GOF,0.11019715774586934,0.665840808120451,0.2239620341336797
25795,GOF,0.024475555759185568,0.7508064732981082,0.22471797094270615
25796,GOF,0.14095844896418835,0.7392764107611625,0.11976514027464913
25797,GOF,0.03266436926967964,0.5828998704715332,0.38443576025878723
25798,GOF,0.0034736927912904134,0.533315458710954,0.4632108484977556
25799,LOF,0.0031622321336883088,0.4207079870719134,0.5761297807943982
25800,GOF,0.01022481882021397,0.5975224479743405,0.39225273320544535
25801,GOF,0.038618172570426317,0.800717056458015,0.1606647709715587
25802,GOF,0.018028948483845984,0.7275480538573148,0.2544229976588392
25803,GOF,0.009815696694163042,0.5937421914296747,0.39644211187616235
25804,LOF,0.01174687271678205,0.4897923752759842,0.4984607520072338
25805,GOF,0.01995976264429289,0.6378163582661006,0.34222387908960644
25806,GOF,0.017188022273412505,0.6338981906049137,0.34891378712167376
25807,GOF,0.005663508209166014,0.6517665055596646,0.3425699862311693
25808,GOF,0.013219347905081384,0.6537459240717185,0.33303472802320017
25809,GOF,0.006564710542814258,0.6099265905487957,0.38350869890839
25810,GOF,0.005248076769170374,0.6273060776880458,0.3674458455427839
25811,GOF,0.10056641962723176,0.786824820484521,0.1126087598882472
25812,GOF,0.013049921246360723,0.6172814261211468,0.36966865263249243
25813,GOF,0.13357823705741442,0.7051551004689498,0.1612666624736358
25814,GOF,0.03065941722045853,0.7086946785139484,0.26064590426559314
25815,GOF,0.040218913680040456,0.7177126796474022,0.24206840667255736
25816,GOF,0.007815448521799113,0.7464752021213029,0.24570934935689795
25817,GOF,0.05356359636948237,0.7934246237425128,0.153011779888005
25818,GOF,0.016258295441086285,0.707816075279305,0.2759256292796087
25819,GOF,0.07810261136003749,0.7171397476235182,0.20475764101644442
25820,GOF,0.03118001455815021,0.7159481588665101,0.2528718265753398
25821,GOF,0.016585384723109827,0.6892559032493498,0.2941587120275404
25822,GOF,0.03683767202413607,0.7178590308341958,0.2453032971416681
25823,GOF,0.010872906060731559,0.5428408708712796,0.44628622306798865
25824,GOF,0.02095602045982923,0.6551481702985859,0.323895809241585
25825,GOF,0.012097834778171255,0.6325677504047836,0.35533441481704525
25826,GOF,0.004931968577373255,0.6099573478711606,0.3851106835514661
25827,GOF,0.007215549457544736,0.6384859176432062,0.35429853289924923
25828,GOF,0.004900608104719776,0.5656332287451583,0.4294661631501219
25829,GOF,0.0028611212168105694,0.6070940800983325,0.390044798684857
25830,LOF,0.04536767825510326,0.3089218144468205,0.6457105072980762
25831,GOF,0.04932022926039021,0.8207061007893336,0.12997366995027626
25832,GOF,0.008228216011829399,0.7552962649885344,0.2364755189996362
25833,GOF,0.0322763243351774,0.7953320503026693,0.17239162536215338
25834,GOF,0.008823224908997679,0.7660076500447665,0.22516912504623576
25835,GOF,0.02089403706579062,0.8075489577924065,0.17155700514180283
25836,GOF,0.007748256164817737,0.7325503583931758,0.2597013854420065
25837,GOF,0.007292393302479161,0.667254819959327,0.3254527867381939
25838,GOF,0.024538568860885304,0.8256138840942081,0.14984754704490652
25839,GOF,0.05937315092170751,0.7822042262055532,0.15842262287273925
25840,GOF,0.052947693760496885,0.7778060689180287,0.16924623732147434
25841,GOF,0.05084978186477434,0.8068833319192443,0.14226688621598138
25842,GOF,0.029203939888364682,0.8504831412152608,0.12031291889637434
25843,GOF,0.033035254914670166,0.8663141603500514,0.10065058473527844
25844,GOF,0.021939387376177358,0.7777030547442472,0.2003575578795755
25845,GOF,0.005960933727681004,0.5699613863451702,0.4240776799271488
25846,GOF,0.03884915615858135,0.8408604847093883,0.12029035913203032
25847,GOF,0.020344050201250557,0.8792492794885326,0.10040667031021691
25848,GOF,0.012437374712708052,0.7837461502612968,0.20381647502599515
25849,GOF,0.00428192725540964,0.6720426558366689,0.3236754169079215
25850,GOF,0.006533740161778373,0.7007082663664603,0.2927579934717612
25851,GOF,0.006334232063164416,0.5759789247089596,0.41768684322787586
25852,GOF,0.16580725016589565,0.5276321711966917,0.30656057863741265
25853,GOF,0.0706291180347462,0.8140653417787305,0.1153055401865234
25854,GOF,0.007734522963739453,0.665520336338605,0.3267451406976556
25855,GOF,0.013092331469322259,0.5918604610672153,0.3950472074634624
25856,GOF,0.04687437858619156,0.6965806319506117,0.2565449894631968
25857,GOF,0.013130189968968906,0.5591849910423049,0.42768481898872623
25858,GOF,0.007833076981501194,0.5554092197267342,0.43675770329176467
25859,GOF,0.00521500016259113,0.5349585708550287,0.45982642898238024
25860,GOF,0.08644871465682961,0.7865532312938927,0.12699805404927778
25861,GOF,0.12917009339471044,0.7718135376392031,0.09901636896608644
25862,GOF,0.020568881872055127,0.8313536587282153,0.14807745939972952
25863,GOF,0.0220072364695788,0.8322672628545008,0.14572550067592038
25864,GOF,0.051931370695442736,0.86470636042284,0.08336226888171731
25865,GOF,0.02776834594359654,0.8516869048101486,0.12054474924625483
25866,GOF,0.02465656202796367,0.8151109136907996,0.1602325242812368
25867,GOF,0.03151457002197554,0.8562776167974137,0.11220781318061075
25868,GOF,0.06533275868183952,0.7929717662191142,0.14169547509904626
25869,GOF,0.34239809531818405,0.5509482252062191,0.1066536794755968
25870,GOF,0.21377426996057716,0.4649062546544841,0.3213194753849387
25871,GOF,0.031232615035134158,0.8232524643632937,0.14551492060157203
25872,GOF,0.018495727527550833,0.7497091541906546,0.2317951182817946
25873,GOF,0.02487713480390085,0.7980160966598264,0.1771067685362728
25874,LOF,0.017402777608556377,0.13413931019722847,0.8484579121942151
25875,LOF,0.023869582297110174,0.04905383383700862,0.9270765838658812
25876,LOF,0.014792239388304469,0.03408708517042561,0.9511206754412699
25877,LOF,0.14194637548275182,0.08122358200128281,0.7768300425159653
25878,LOF,0.05382192404538912,0.118953403025312,0.8272246729292989
25879,LOF,0.02169545252837751,0.08609663030861994,0.8922079171630025
25880,LOF,0.04584303358251778,0.01247134004807447,0.9416856263694078
25881,Neutral,0.5515688126949617,0.04130011092143204,0.40713107638360624
25882,LOF,0.019796484021455597,0.02615607099875244,0.9540474449797919
25883,LOF,0.05648892247315145,0.023804399331095707,0.9197066781957528
25884,LOF,0.00961973197166664,0.038379238877389275,0.9520010291509441
25885,LOF,0.16381487103745784,0.005788949401875466,0.8303961795606667
25886,LOF,0.24672501055636253,0.05460869887826299,0.6986662905653745
25887,LOF,0.16326617401007015,0.04650077873157878,0.7902330472583512
25888,LOF,0.013298431045961701,0.10008132508116743,0.886620243872871
25889,LOF,0.0113980874534535,0.030805599128013363,0.9577963134185331
25890,LOF,0.13095142120335226,0.10825085076964817,0.7607977280269995
25891,LOF,0.04221861188294223,0.051429832968065095,0.9063515551489928
25892,LOF,0.014039875560105972,0.04174943799320335,0.9442106864466907
25893,LOF,0.4174683440234762,0.013123394973311862,0.569408261003212
25894,LOF,0.4355342094637444,0.0073468577554626,0.5571189327807929
25895,LOF,0.36786531936376443,0.014145572706728959,0.6179891079295067
25896,LOF,0.04284973852829342,0.02923526950148562,0.9279149919702211
25897,LOF,0.22486551303235905,0.013734322816197768,0.7614001641514432
25898,LOF,0.27257088591212153,0.03520944194870982,0.6922196721391686
25899,LOF,0.18678621203127982,0.03432652341859263,0.7788872645501276
25900,Neutral,0.5087612970380921,0.016558476101713335,0.4746802268601944
25901,LOF,0.043970600775668105,0.013210387988050439,0.9428190112362814
25902,LOF,0.10044349103249675,0.018244470264861343,0.8813120387026419
25903,LOF,0.41371685243957357,0.035389316911524055,0.5508938306489023
25904,LOF,0.3230059665075982,0.056686455021021265,0.6203075784713805
25905,LOF,0.005928447463049734,0.4001543492638548,0.5939172032730955
25906,LOF,0.009471621165116517,0.09257860444404509,0.8979497743908383
25907,LOF,0.0038218170414388965,0.37554167062774935,0.6206365123308117
25908,LOF,0.00346535943479702,0.27048714861717554,0.7260474919480275
25909,LOF,0.013933504011575594,0.11281006267450785,0.8732564333139167
25910,LOF,0.016093137235002237,0.15675135410281063,0.8271555086621871
25911,LOF,0.18741453474427047,0.0316508117781023,0.7809346534776272
25912,LOF,0.06940664738721794,0.03696672405927058,0.8936266285535114
25913,LOF,0.07776785170691375,0.049083649256749795,0.8731484990363365
25914,LOF,0.021392049324925066,0.051249648415917816,0.9273583022591572
25915,LOF,0.13257045837527953,0.3592973898080074,0.508132151816713
25916,LOF,0.018599972110116034,0.22781491759135503,0.7535851102985289
25917,LOF,0.05440846131036852,0.03644868930747341,0.9091428493821581
25918,LOF,0.025411623553888898,0.029572367111662428,0.9450160093344486
25919,LOF,0.021263843273669078,0.028381511466099896,0.9503546452602311
25920,LOF,0.06765324007201255,0.40514362254133457,0.5272031373866528
25921,LOF,0.010619314859265374,0.040369568190583065,0.9490111169501515
25922,LOF,0.012422409704849521,0.03175965088146842,0.9558179394136821
25923,Neutral,0.498350961826508,0.04214813957375284,0.45950089859973914
25924,LOF,0.01749505440483852,0.04321868647008879,0.9392862591250727
25925,LOF,0.07831017677802966,0.04658626071326876,0.8751035625087017
25926,LOF,0.057539808652587954,0.04391749920275385,0.8985426921446582
25927,LOF,0.016652945715093712,0.1553791246135208,0.8279679296713855
25928,LOF,0.007792585186839195,0.054934080231475925,0.9372733345816848
25929,Neutral,0.6089545428840212,0.044584062911898904,0.34646139420407984
25930,LOF,0.06890803234813431,0.03685131445920181,0.8942406531926639
25931,LOF,0.010096381433549531,0.03399201691746214,0.9559116016489883
25932,LOF,0.031813996429840764,0.02994504659799689,0.9382409569721624
25933,LOF,0.039965649356640945,0.020530360051408545,0.9395039905919504
25934,LOF,0.02792983548514878,0.0226634551009704,0.949406709413881
25935,LOF,0.06835800052493674,0.05832238277932294,0.8733196166957403
25936,LOF,0.04685886302724438,0.025699734994694964,0.9274414019780607
25937,LOF,0.00970036408353835,0.03960928557262283,0.9506903503438389
25938,LOF,0.06715783691010274,0.06329699743909054,0.8695451656508068
25939,LOF,0.04098488072221035,0.025494983749172563,0.933520135528617
25940,LOF,0.006937182005144485,0.32020167566792124,0.6728611423269344
25941,Neutral,0.5241943392551418,0.04716282294448468,0.42864283780037343
25942,LOF,0.00484496520113109,0.04183472907311666,0.9533203057257522
25943,LOF,0.03145911692199908,0.1278393100573133,0.8407015730206877
25944,LOF,0.09605961916836721,0.08266417446098957,0.8212762063706432
25945,LOF,0.054208870874667164,0.018998149994206414,0.9267929791311263
25946,LOF,0.0673712847423922,0.059786315389927486,0.8728423998676803
25947,LOF,0.45273364768458313,0.08742307617328707,0.4598432761421298
25948,LOF,0.3025052205574581,0.00974473287853325,0.6877500465640086
25949,LOF,0.08382852292811947,0.044722989926486725,0.8714484871453938
25950,GOF,0.04149814239544224,0.524338279766256,0.4341635778383018
25951,LOF,0.0218315002020737,0.3405465700285093,0.6376219297694171
25952,LOF,0.2758106110172571,0.23780110640771282,0.48638828257503003
25953,LOF,0.014337844158925339,0.14750955636105967,0.8381525994800151
25954,LOF,0.07791537536807779,0.3583921119288872,0.563692512703035
25955,LOF,0.011949344245458966,0.09900393158605081,0.8890467241684902
25956,LOF,0.027840821541857626,0.1723300112256672,0.7998291672324751
25957,LOF,0.13720944823670223,0.02104756646988791,0.84174298529341
25958,LOF,0.04760557943512524,0.029664157034527718,0.9227302635303472
25959,LOF,0.013443823290371741,0.3941583947325454,0.5923977819770829
25960,LOF,0.0059447556411789315,0.05167669723363985,0.9423785471251811
25961,LOF,0.036778203471376496,0.02767530593308958,0.9355464905955341
25962,LOF,0.03520098937779299,0.05783784125552813,0.9069611693666788
25963,LOF,0.005079212253655242,0.2695091913213571,0.7254115964249876
25964,LOF,0.0331465050689829,0.1144488942061665,0.8524046007248506
25965,LOF,0.3506416466793469,0.09845644037967301,0.55090191294098
25966,Neutral,0.5259450255129711,0.1658428318083877,0.3082121426786413
25967,LOF,0.006876587369910407,0.08272898940692884,0.9103944232231607
25968,LOF,0.03654622080536179,0.3488830837540994,0.6145706954405388
25969,LOF,0.1241674566524077,0.05518790148702037,0.8206446418605718
25970,LOF,0.019641141685397923,0.07166485737732167,0.9086940009372804
25971,LOF,0.06380822504518326,0.0271262943462883,0.9090654806085283
25972,LOF,0.06365604765465498,0.03838641409485102,0.8979575382504941
25973,LOF,0.05720744973810037,0.010197299357345273,0.9325952509045544
25974,LOF,0.03141441833635307,0.030604818779198774,0.9379807628844481
25975,LOF,0.04556761283653497,0.022256081671368427,0.9321763054920967
25976,LOF,0.10080441014521702,0.009704407463200197,0.8894911823915828
25977,LOF,0.20210597130778277,0.053935449081782744,0.7439585796104345
25978,LOF,0.1713936943285099,0.11176943509925354,0.7168368705722366
25979,LOF,0.1450049810382509,0.10571653499129442,0.7492784839704546
25980,LOF,0.23949074068330156,0.13086877359973403,0.6296404857169645
25981,LOF,0.2687955333342098,0.12932837826589794,0.6018760883998923
25982,LOF,0.41892597265773635,0.09033603066555906,0.4907379966767044
25983,LOF,0.4100909283300106,0.09117938031752881,0.49872969135246054
25984,LOF,0.043112244826477575,0.0498013403374562,0.9070864148360662
25985,LOF,0.38414048588756894,0.13811593442271283,0.4777435796897182
25986,LOF,0.009565062032075987,0.38655356321840134,0.6038813747495227
25987,LOF,0.03495131754973368,0.08596064656728501,0.8790880358829812
25988,LOF,0.16525190199286174,0.07651593649988625,0.758232161507252
25989,LOF,0.03326341286162797,0.12375097133436465,0.8429856158040074
25990,LOF,0.03735933257867687,0.19025001278216297,0.7723906546391601
25991,LOF,0.014799795196444773,0.34727085086831744,0.6379293539352378
25992,LOF,0.020477165748895913,0.31527886160590485,0.6642439726451992
25993,LOF,0.023170350538233454,0.08079618538215867,0.8960334640796079
25994,LOF,0.016314337026939688,0.0820943879530429,0.9015912750200175
25995,LOF,0.02273172556775648,0.16483565793521826,0.8124326164970253
25996,LOF,0.30387658085543673,0.29127378615330257,0.40484963299126064
25997,LOF,0.06396363311527084,0.3526515232502539,0.5833848436344752
25998,LOF,0.3037456601840632,0.04174356011779604,0.6545107796981408
25999,LOF,0.01620154958271601,0.21543014803279598,0.7683683023844881
26000,LOF,0.13545467269078995,0.027345405501082783,0.8371999218081273
26001,LOF,0.3178145785679859,0.0224914029207235,0.6596940185112906
26002,LOF,0.07348284981505503,0.04013443327167477,0.8863827169132702
26003,GOF,0.004077969767380018,0.6293031590975489,0.36661887113507124
26004,GOF,0.005833422941893746,0.7158916721518407,0.2782749049062655
26005,LOF,0.0028873670335242455,0.48917396537739916,0.5079386675890766
26006,GOF,0.08599001360683854,0.560531806806544,0.3534781795866175
26007,GOF,0.0061283151265733886,0.5720848061509901,0.4217868787224365
26008,GOF,0.005454587811136398,0.6235676616533394,0.37097775053552423
26009,GOF,0.0057977917389628875,0.6583255277635779,0.3358766804974592
26010,GOF,0.006480700691593235,0.685238655801254,0.3082806435071528
26011,LOF,0.0025595999594987587,0.47922308077744213,0.5182173192630591
26012,GOF,0.003885041528162751,0.5434545021249197,0.45266045634691743
26013,GOF,0.004959441404958268,0.6361206736592858,0.35891988493575583
26014,LOF,0.050781233938395356,0.09239083636702551,0.8568279296945791
26015,LOF,0.13579418256704887,0.02064106639106446,0.8435647510418868
26016,LOF,0.2789674554783775,0.03329554412777149,0.6877370003938511
26017,LOF,0.020935944201691186,0.18525079492282082,0.7938132608754881
26018,LOF,0.0755461731645005,0.04654047434757534,0.8779133524879242
26019,LOF,0.07304972097379372,0.03714698050184479,0.8898032985243616
26020,LOF,0.009811843758580553,0.16392361488150775,0.8262645413599118
26021,LOF,0.07486735815563565,0.05951592823548673,0.8656167136088775
26022,LOF,0.02686751667579337,0.023733246967553412,0.9493992363566531
26023,LOF,0.047429698163906624,0.026134868668755945,0.9264354331673375
26024,LOF,0.041968966216675424,0.06142777820899394,0.8966032555743305
26025,LOF,0.06174113030515829,0.13147797981262951,0.8067808898822122
26026,LOF,0.13057477215969207,0.05409350358867539,0.8153317242516326
26027,LOF,0.059965603126417986,0.020522966248718355,0.9195114306248636
26028,LOF,0.09400583141294822,0.10989713249822948,0.7960970360888222
26029,LOF,0.02918140323048456,0.17021963124089107,0.8005989655286243
26030,LOF,0.15018671143319057,0.01935278633776078,0.8304605022290488
26031,LOF,0.015123717052577975,0.12568972417420507,0.859186558773217
26032,LOF,0.08500252972542013,0.048122639559175666,0.8668748307154042
26033,LOF,0.08707053506691048,0.044983202087054516,0.867946262846035
26034,LOF,0.015826692621994314,0.13958274508017932,0.8445905622978264
26035,LOF,0.013772233968170877,0.10401240854509475,0.8822153574867344
26036,LOF,0.01737856372495732,0.13777649484425025,0.8448449414307925
26037,LOF,0.012084154526764528,0.09637159820377204,0.8915442472694635
26038,LOF,0.07511073136535781,0.04436072055225698,0.8805285480823852
26039,LOF,0.02372121817369094,0.12193028639755094,0.8543484954287582
26040,LOF,0.12169349540099142,0.09274654679319469,0.7855599578058139
26041,LOF,0.014091036549223527,0.08526738326489844,0.900641580185878
26042,LOF,0.012659293133926672,0.08485846095127184,0.9024822459148015
26043,LOF,0.07386904516242218,0.06223335338775309,0.8638976014498246
26044,LOF,0.01452001485648405,0.04678962541292614,0.9386903597305898
26045,LOF,0.053238678465537384,0.08913578166123448,0.857625539873228
26046,LOF,0.06572593258039838,0.049357152817261815,0.8849169146023397
26047,LOF,0.11342528748142386,0.05118604659559882,0.8353886659229773
26048,LOF,0.05385909867743704,0.031668357333226434,0.9144725439893364
26049,Neutral,0.9714938129159303,0.00548331572092639,0.023022871363143283
26050,Neutral,0.9572885641562909,0.006696696628834709,0.03601473921487442
26051,LOF,0.013316214134659323,0.23175978282222826,0.7549240030431124
26052,LOF,0.019235208666533533,0.286322846323536,0.6944419450099304
26053,LOF,0.022958903108519498,0.14664665367081448,0.830394443220666
26054,LOF,0.04544407614796546,0.01759212754700882,0.9369637963050258
26055,LOF,0.061515125067415855,0.01707952380905374,0.9214053511235304
26056,LOF,0.04963808871188861,0.01927844992074611,0.9310834613673654
26057,LOF,0.031163939634586416,0.011248294709255478,0.9575877656561581
26058,LOF,0.032033402785523676,0.009490068017025625,0.9584765291974507
26059,LOF,0.26921415026808126,0.02365110319063431,0.7071347465412845
26060,LOF,0.006414674149915393,0.2525385779994494,0.7410467478506351
26061,LOF,0.00489346059958365,0.011737463574786073,0.9833690758256302
26062,LOF,0.004159041833504284,0.01523085592256473,0.980610102243931
26063,LOF,0.020585695369137263,0.009457975596185542,0.9699563290346772
26064,LOF,0.006776080184302365,0.023837743990967518,0.9693861758247302
26065,LOF,0.022105394339111743,0.0112850140003282,0.96660959166056
26066,LOF,0.020048171629210503,0.009717148882168914,0.9702346794886206
26067,LOF,0.027990766846626238,0.00862603373369041,0.9633831994196834
26068,LOF,0.04289543063506902,0.028598845399861007,0.92850572396507
26069,LOF,0.251065578310759,0.02128366167230076,0.7276507600169402
26070,LOF,0.39000337414423697,0.01635005124076618,0.5936465746149969
26071,LOF,0.020349569727661037,0.010678981183153224,0.9689714490891859
26072,LOF,0.005526495944385384,0.018376737574075545,0.976096766481539
26073,LOF,0.017677368603297345,0.012523061269569423,0.9697995701271332
26074,Neutral,0.9089037247926921,0.006241016040674435,0.08485525916663347
26075,LOF,0.04603654907458318,0.013801470050736866,0.9401619808746801
26076,LOF,0.0376043105226584,0.00877356678152062,0.953622122695821
26077,LOF,0.12290170926135592,0.006329199231677265,0.8707690915069668
26078,LOF,0.005607066305661447,0.012154400563442191,0.9822385331308964
26079,LOF,0.052582499006763345,0.0173596508974973,0.9300578500957394
26080,LOF,0.04998486301621824,0.01740302306590974,0.9326121139178719
26081,LOF,0.02786733777824854,0.0070930337857247885,0.9650396284360266
26082,LOF,0.004603783847789911,0.015479807872539077,0.9799164082796711
26083,LOF,0.1314623165028057,0.01574556926723556,0.8527921142299586
26084,LOF,0.033545700192052504,0.012679683161793538,0.953774616646154
26085,LOF,0.030767066949536306,0.011396237155529645,0.957836695894934
26086,LOF,0.019177657005437745,0.010789564006014968,0.9700327789885472
26087,LOF,0.019811780724152888,0.008756156464811654,0.9714320628110353
26088,LOF,0.005378771479862987,0.023389960560060548,0.9712312679600765
26089,LOF,0.03798706758515499,0.024315353965055984,0.9376975784497891
26090,LOF,0.0382041146331685,0.019634872910170235,0.9421610124566613
26091,LOF,0.026814027007317425,0.006478730530802128,0.9667072424618803
26092,LOF,0.02013191443319807,0.007791883961791576,0.9720762016050103
26093,LOF,0.0359262243867884,0.005859563418927362,0.9582142121942842
26094,LOF,0.027642499880652344,0.0062148646328163745,0.9661426354865313
26095,LOF,0.013568400545558528,0.017983780429133355,0.968447819025308
26096,LOF,0.1410213653578141,0.005422237208078137,0.8535563974341077
26097,LOF,0.004847208082782992,0.035041791705239925,0.9601110002119772
26098,LOF,0.06983553163593881,0.0139911603380185,0.9161733080260427
26099,LOF,0.018394424081346786,0.013044578642159863,0.9685609972764934
26100,LOF,0.02060258791997595,0.012605149186570287,0.9667922628934539
26101,LOF,0.044231356057735594,0.02078304974631306,0.9349855941959513
26102,LOF,0.019724444911832666,0.01299120540263775,0.9672843496855297
26103,Neutral,0.8716303129715274,0.020995484509529285,0.10737420251894329
26104,LOF,0.05934929794036731,0.024514534743410938,0.9161361673162217
26105,LOF,0.21935607958623185,0.1615600340203195,0.6190838863934486
26106,LOF,0.3892139186043302,0.10445909551605871,0.5063269858796111
26107,LOF,0.030170547072849822,0.1363576009935569,0.8334718519335933
26108,LOF,0.40838945066522997,0.04486103461899961,0.5467495147157704
26109,LOF,0.028528595506211882,0.06440843231829317,0.9070629721754949
26110,LOF,0.18325099096036676,0.008197209746504364,0.8085517992931289
26111,LOF,0.08456166558922379,0.06854041702485632,0.8468979173859198
26112,LOF,0.029974487159448365,0.008394110817173991,0.9616314020233776
26113,LOF,0.05437679804382041,0.017913631099357955,0.9277095708568216
26114,LOF,0.06599172999252881,0.013127125285088968,0.9208811447223821
26115,LOF,0.01659266324364853,0.06857854015246573,0.9148287966038858
26116,LOF,0.07484544800390884,0.04222649346691728,0.8829280585291739
26117,LOF,0.4333662665398357,0.05461723362527027,0.5120164998348941
26118,LOF,0.033365540937185974,0.024243562596867153,0.942390896465947
26119,LOF,0.005597104272061229,0.04627480343553297,0.9481280922924058
26120,LOF,0.02412260093441707,0.02008925641870579,0.9557881426468772
26121,LOF,0.005567829624608669,0.12477437393588632,0.8696577964395049
