feature0,prediction,LoGoFunc_Neutral,LoGoFunc_GOF,LoGoFunc_LOF
25546,Neutral,0.6602738182800231,0.05426785767245872,0.28545832404751814
25547,Neutral,0.5450195037701385,0.10612695668166433,0.3488535395481972
25548,Neutral,0.5071552096313462,0.07784700575024692,0.41499778461840686
25549,Neutral,0.47252350273015103,0.07753319626204729,0.4499433010078016
25550,LOF,0.3933336539212485,0.14668838562620845,0.459977960452543
25551,LOF,0.31844243914379755,0.14783157456538154,0.5337259862908209
25552,LOF,0.18270562468671203,0.15888017488302034,0.6584142004302677
25553,Neutral,0.817939747820688,0.039121082247466944,0.1429391699318449
25554,LOF,0.2208005509039553,0.1568596241472227,0.622339824948822
25555,LOF,0.1772276542017878,0.14521479580580915,0.677557549992403
25556,Neutral,0.5125098978802571,0.10472102932283225,0.3827690727969106
25557,LOF,0.1742286034356826,0.15078680543922068,0.6749845911250967
25558,LOF,0.22005847509361934,0.16640523620407954,0.613536288702301
25559,Neutral,0.5806862085568467,0.0681867497832253,0.3511270416599279
25560,LOF,0.04411356696794118,0.30204957125076565,0.6538368617812932
25561,LOF,0.08039309312951133,0.3476737575772705,0.5719331492932183
25562,LOF,0.0962091851439696,0.18426971361530756,0.7195211012407228
25563,LOF,0.0969999806255126,0.19467639167974896,0.7083236276947384
25564,LOF,0.06272462914449292,0.28831422741059975,0.6489611434449074
25565,LOF,0.14762789429754428,0.16569896062285283,0.6866731450796029
25566,GOF,0.015589472263610672,0.753572452400429,0.23083807533596024
25567,LOF,0.015502828131740573,0.13102608238847688,0.8534710894797826
25568,LOF,0.053554626976044725,0.07415804283676299,0.8722873301871923
25569,LOF,0.065071798042739,0.0719730383035975,0.8629551636536635
25570,LOF,0.07055664702898028,0.10298417603659088,0.8264591769344288
25571,LOF,0.06893683433807345,0.09990148162040548,0.831161684041521
25572,LOF,0.06884560793941602,0.13924203045105035,0.7919123616095335
25573,LOF,0.03071484385915295,0.0860477845092431,0.8832373716316039
25574,LOF,0.01811198404076371,0.14200149384001945,0.8398865221192169
25575,LOF,0.05717653131849139,0.10440380725403217,0.8384196614274764
25576,LOF,0.021961472291580436,0.09883913857079278,0.8791993891376269
25577,LOF,0.014152342208509515,0.13478785889572298,0.8510597988957675
25578,LOF,0.24663959915762698,0.08477418477105919,0.6685862160713139
25579,LOF,0.24887740841218503,0.08410462594245449,0.6670179656453605
25580,LOF,0.04128144855389089,0.09130809752038045,0.8674104539257287
25581,LOF,0.05205908902244162,0.07578695864788806,0.8721539523296704
25582,LOF,0.05176618391289474,0.07285531218192251,0.8753785039051829
25583,LOF,0.049754698388418006,0.1034562038328355,0.8467890977787463
25584,Neutral,0.5057237385765831,0.07937968684830962,0.41489657457510726
25585,LOF,0.034217615113843726,0.0992143053991484,0.8665680794870078
25586,LOF,0.03610947166005487,0.0774542508611183,0.8864362774788267
25587,LOF,0.03272962834197126,0.07007111627144628,0.8971992553865824
25588,LOF,0.034084402126484954,0.08202832146057348,0.8838872764129415
25589,Neutral,0.6140656390337255,0.08323589375073862,0.30269846721553595
25590,LOF,0.02870118932580764,0.11397865710223226,0.8573201535719601
25591,LOF,0.10800331089122628,0.056167143179903775,0.8358295459288699
25592,LOF,0.09865613902754744,0.13027604496422915,0.7710678160082235
25593,LOF,0.01632264635505701,0.21233817054054616,0.7713391831043969
25594,LOF,0.03836614903698067,0.16866811551553135,0.792965735447488
25595,LOF,0.07313772084927833,0.13239836401401614,0.7944639151367056
25596,LOF,0.0859906202438475,0.09837765963704725,0.8156317201191052
25597,LOF,0.07770999574195057,0.04203466381069512,0.8802553404473542
25598,LOF,0.04713599202639485,0.17409466489547568,0.7787693430781295
25599,GOF,0.006493238156369064,0.6343675754443643,0.35913918639926673
25600,GOF,0.007821571093595247,0.587393313068583,0.40478511583782173
25601,LOF,0.006708539208274319,0.4273641358182626,0.5659273249734631
25602,LOF,0.01601340036483738,0.08435111902106987,0.8996354806140927
25603,LOF,0.040804682777201645,0.039389804702541366,0.9198055125202569
25604,LOF,0.03651634149866309,0.08459936725493206,0.8788842912464049
25605,LOF,0.01093047241326787,0.22131047805030254,0.7677590495364296
25606,GOF,0.06338789264982345,0.5250799913495348,0.4115321160006418
25607,LOF,0.003972548297460416,0.1601167194983922,0.8359107322041475
25608,LOF,0.04148563913008897,0.043496120355088604,0.9150182405148224
25609,LOF,0.04972291813385209,0.2786513202948031,0.6716257615713449
25610,LOF,0.05361084033422825,0.03540496214464743,0.9109841975211243
25611,LOF,0.06356462902100818,0.02533029253306763,0.9111050784459243
25612,LOF,0.12853662209856415,0.0645143369725419,0.806949040928894
25613,LOF,0.11594840993162542,0.05688643132469858,0.827165158743676
25614,LOF,0.04149032183582296,0.04040876662705213,0.9181009115371249
25615,LOF,0.07811497817297108,0.059122827801978486,0.8627621940250505
25616,LOF,0.048063364122184926,0.055558152222357174,0.8963784836554579
25617,LOF,0.05055206823370383,0.05271452593404672,0.8967334058322495
25618,LOF,0.2649025459618414,0.04166935263641378,0.6934281014017448
25619,LOF,0.046720398109205634,0.04328699828270544,0.9099926036080889
25620,LOF,0.042665753657981906,0.059086069879659746,0.8982481764623583
25621,LOF,0.04372087699597216,0.046871139076218905,0.909407983927809
25622,LOF,0.0341338702547966,0.06802271976919202,0.8978434099760114
25623,LOF,0.055781864682978057,0.0410332519573496,0.9031848833596723
25624,LOF,0.03398686256985883,0.05018036884665635,0.9158327685834848
25625,LOF,0.04322937565423879,0.06576607042780942,0.8910045539179519
25626,LOF,0.08757811252392625,0.04876194481924099,0.8636599426568328
25627,Neutral,0.5563916281358744,0.11036267481015512,0.33324569705397045
25628,LOF,0.21739540445292546,0.05285079884163795,0.7297537967054365
25629,LOF,0.07508592834190167,0.14251596662168148,0.7823981050364167
25630,LOF,0.18391094099571356,0.08458258114200341,0.731506477862283
25631,Neutral,0.5813595961969136,0.05631386913817039,0.362326534664916
25632,LOF,0.019637454826769492,0.07174492974964547,0.908617615423585
25633,LOF,0.22654005845301192,0.08358060061297498,0.6898793409340132
25634,LOF,0.04003728342021564,0.07576589420290673,0.8841968223768777
25635,LOF,0.038211673172134954,0.06862866377483286,0.8931596630530322
25636,GOF,0.005360171208611081,0.6637241413037623,0.3309156874876265
25637,GOF,0.0037083265989745653,0.5561709270164463,0.44012074638457915
25638,GOF,0.006962836312343191,0.5216625698432881,0.4713745938443688
25639,LOF,0.00435541502743389,0.4850746663442391,0.510569918628327
25640,GOF,0.39382819124928103,0.5531659292717147,0.05300587947900431
25641,LOF,0.006758955428545435,0.2845341830393583,0.7087068615320963
25642,LOF,0.26397149179850593,0.09254485331177827,0.6434836548897157
25643,LOF,0.29560217041148906,0.21805470726232196,0.48634312232618887
25644,GOF,0.015058561480292675,0.7323729389138572,0.2525684996058501
25645,GOF,0.011049239988334772,0.6675437057536946,0.32140705425797045
25646,LOF,0.011597577184052589,0.47215218496563527,0.5162502378503122
25647,LOF,0.011043964571493085,0.3467684201281148,0.642187615300392
25648,LOF,0.007658217566266631,0.46603886543376627,0.5263029169999671
25649,LOF,0.0077152435523856495,0.25596116196640495,0.7363235944812093
25650,GOF,0.023067902206165,0.639190114328209,0.3377419834656259
25651,LOF,0.006420757230295012,0.3142224725798594,0.6793567701898455
25652,LOF,0.012425877389326592,0.4281908134176866,0.5593833091929868
25653,GOF,0.05040928761059045,0.62115994426828,0.3284307681211294
25654,LOF,0.008450350697160146,0.40334873486846706,0.5882009144343727
25655,GOF,0.0680499676135761,0.5992879379114211,0.33266209447500283
25656,LOF,0.10193120815771026,0.10693108078877918,0.7911377110535106
25657,LOF,0.29109855831065173,0.048112722179277305,0.6607887195100709
25658,LOF,0.04232269657779432,0.20107258605016676,0.7566047173720388
25659,LOF,0.2461530589880226,0.1044313708149093,0.6494155701970682
25660,LOF,0.09451477095254938,0.0814598051459974,0.8240254239014532
25661,LOF,0.07251861522223894,0.06850538620627492,0.8589759985714861
25662,LOF,0.03910138126803645,0.05592385275777883,0.9049747659741847
25663,LOF,0.04954723770124058,0.09019402750539185,0.8602587347933677
25664,LOF,0.03301080892351923,0.12451119584531256,0.8424779952311682
25665,LOF,0.046827007506981225,0.05697674356998216,0.8961962489230367
25666,LOF,0.04350850532054653,0.14326760656207682,0.8132238881173767
25667,LOF,0.039578481294469565,0.04598147261657289,0.9144400460889576
25668,LOF,0.05776842624547709,0.05797654512750957,0.8842550286270133
25669,LOF,0.056341168189325365,0.07957953606256922,0.8640792957481055
25670,LOF,0.07878246329776356,0.07919675951023765,0.8420207771919989
25671,LOF,0.05207322724686582,0.04574876478757688,0.9021780079655574
25672,LOF,0.05348447691271847,0.06660430737719125,0.8799112157100901
25673,LOF,0.04032484966278519,0.062275405099253445,0.8973997452379614
25674,LOF,0.028135759778021057,0.07840455007335015,0.8934596901486288
25675,LOF,0.03772026229844567,0.06076620706896361,0.9015135306325907
25676,LOF,0.037947220176130524,0.0620472304533622,0.9000055493705073
25677,LOF,0.09211903449522214,0.05217385215365713,0.8557071133511208
25678,LOF,0.20428558254612333,0.041858142132941145,0.7538562753209355
25679,LOF,0.13380832207911822,0.0524686081912954,0.8137230697295864
25680,LOF,0.09506545612089737,0.08595692508585198,0.8189776187932506
25681,LOF,0.10530676852786856,0.08135763095624408,0.8133356005158874
25682,LOF,0.05314369530067262,0.053023496249707446,0.89383280844962
25683,LOF,0.0886852077183008,0.06762398793763773,0.8436908043440615
25684,LOF,0.07429372602703742,0.0576218344659987,0.868084439506964
25685,LOF,0.1301107039120804,0.04146967464193467,0.8284196214459849
25686,LOF,0.029846280157173475,0.09600263498420795,0.8741510848586186
25687,LOF,0.0589062914217372,0.10175960375341986,0.8393341048248429
25688,LOF,0.021699084372741352,0.06507438392188997,0.9132265317053687
25689,LOF,0.0197705750471419,0.035695430366203665,0.9445339945866544
25690,LOF,0.021112250030202197,0.043325548088210014,0.9355622018815879
25691,LOF,0.1213663888517447,0.07004450737284938,0.8085891037754059
25692,LOF,0.2856009233965735,0.013340271695667226,0.7010588049077594
25693,LOF,0.03449699336655976,0.28135591632310264,0.6841470903103377
25694,LOF,0.23188399740597962,0.014929969319794784,0.7531860332742257
25695,LOF,0.18303697193965485,0.028175262591702298,0.7887877654686429
25696,LOF,0.08819083838301027,0.026702662450017494,0.8851064991669723
25697,LOF,0.08249767600783729,0.05621817092461986,0.8612841530675429
25698,LOF,0.015188910293068635,0.4080154637722757,0.5767956259346556
25699,LOF,0.0863266436238495,0.1165540729138152,0.7971192834623353
25700,LOF,0.034731533817465694,0.02140216471985972,0.9438663014626747
25701,LOF,0.013734096874586816,0.10807652624107877,0.8781893768843345
25702,GOF,0.024983603508224952,0.7649707659483983,0.21004563054337688
25703,LOF,0.014361290704937638,0.25267587122594243,0.7329628380691199
25704,LOF,0.07192087991198501,0.1680383943092978,0.7600407257787173
25705,LOF,0.06458023624615143,0.13954864092795236,0.7958711228258961
25706,GOF,0.02010232237451492,0.6298076753154591,0.350090002310026
25707,GOF,0.03020849110755141,0.5010338793280078,0.4687576295644407
25708,LOF,0.00788125206238574,0.46984349537689896,0.5222752525607153
25709,LOF,0.03268116961411297,0.05369116282257819,0.9136276675633088
25710,LOF,0.006418969040752719,0.11372372999912216,0.8798573009601252
25711,LOF,0.03252084663853603,0.10020141254010301,0.8672777408213611
25712,LOF,0.008887146052525326,0.16653584833328375,0.8245770056141909
25713,LOF,0.03167220566913146,0.08722472216231138,0.8811030721685572
25714,LOF,0.027280990971659053,0.1118534795726011,0.8608655294557399
25715,LOF,0.037563787095385597,0.09998533196667017,0.8624508809379442
25716,LOF,0.007374080550621476,0.11100587152656581,0.8816200479228127
25717,LOF,0.007117181931504816,0.0846226975887728,0.9082601204797225
25718,LOF,0.03576994549179326,0.06146511112030697,0.9027649433878997
25719,LOF,0.0472380873935788,0.08807031772758121,0.86469159487884
25720,LOF,0.0421398543260945,0.09453551868035574,0.8633246269935498
25721,LOF,0.03229503464707776,0.09372612362710969,0.8739788417258125
25722,LOF,0.020712117108439784,0.11587141751110527,0.8634164653804549
25723,LOF,0.03730975536994732,0.08384121092345828,0.8788490337065943
25724,LOF,0.05403638244877374,0.19651776105975907,0.7494458564914671
25725,LOF,0.0374529092358286,0.07346512932751023,0.8890819614366611
25726,LOF,0.023382318930302796,0.1082923678067973,0.8683253132629
25727,LOF,0.030680218184775083,0.08838924005462259,0.8809305417606023
25728,LOF,0.03491088243171309,0.09461321178091367,0.8704759057873731
25729,LOF,0.03185912024026277,0.10930671941954911,0.8588341603401881
25730,LOF,0.042157369637553045,0.0658497935808651,0.8919928367815818
25731,LOF,0.011468244581029218,0.07406508535497931,0.9144666700639915
25732,LOF,0.023637515912628648,0.0595232713063979,0.9168392127809735
25733,LOF,0.0423299496088882,0.06445314742096478,0.893216902970147
25734,LOF,0.007297919488176932,0.2163629699351619,0.7763391105766612
25735,LOF,0.03044763935930896,0.07010505972704509,0.8994473009136459
25736,LOF,0.028542908838675104,0.11790994282687248,0.8535471483344526
25737,LOF,0.03884011175347659,0.08932620205963741,0.871833686186886
25738,LOF,0.03140108280336832,0.1132597567498775,0.8553391604467542
25739,LOF,0.031228539484049574,0.08475489998497965,0.8840165605309709
25740,LOF,0.041453825206618694,0.10596035854754447,0.852585816245837
25741,LOF,0.04445645906720051,0.09292822138412198,0.8626153195486774
25742,LOF,0.0604600670360679,0.09857091941925768,0.8409690135446745
25743,LOF,0.011927365756487316,0.019241640119221307,0.9688309941242914
25744,LOF,0.1913052072231505,0.12890894757489263,0.6797858452019568
25745,LOF,0.034007375032403885,0.04994278336332651,0.9160498416042697
25746,LOF,0.014409596165473097,0.07754310129439632,0.9080473025401307
25747,LOF,0.053123375263591205,0.023893539441064805,0.9229830852953439
25748,LOF,0.313050208390268,0.04511043518125972,0.6418393564284723
25749,LOF,0.016110983982055016,0.043699802930705176,0.9401892130872398
25750,LOF,0.02188456463919057,0.04978291913135625,0.9283325162294532
25751,LOF,0.05023076862382602,0.03409206138913388,0.9156771699870401
25752,GOF,0.07498202615594327,0.7089082201374473,0.2161097537066094
25753,LOF,0.007040164682711842,0.4652108452334363,0.5277489900838519
25754,GOF,0.007619309596303471,0.9088289007276652,0.08355178967603133
25755,LOF,0.007500340085292694,0.45417225519258775,0.5383274047221196
25756,LOF,0.023637809607076957,0.47449845831374327,0.5018637320791799
25757,GOF,0.007970685545262387,0.8840635203217264,0.10796579413301122
25758,GOF,0.008854434221638938,0.9110600057196231,0.08008556005873799
25759,GOF,0.006019908637904742,0.7149478014067278,0.2790322899553675
25760,LOF,0.00575781847072267,0.3474385634822551,0.6468036180470221
25761,GOF,0.045534247388724754,0.8791482603994043,0.0753174922118708
25762,LOF,0.02697709162031862,0.41369009300281634,0.559332815376865
25763,LOF,0.0058155826539051814,0.32174272376705554,0.6724416935790393
25764,GOF,0.0588084262822851,0.7012764844531261,0.2399150892645889
25765,GOF,0.008820463092986456,0.9070644031162823,0.08411513379073127
25766,GOF,0.026613864012933725,0.8728348021780743,0.10055133380899191
25767,GOF,0.019062113394631038,0.5309507441324485,0.44998714247292043
25768,LOF,0.05631519528659309,0.0529304130822782,0.8907543916311288
25769,LOF,0.02465471818674913,0.07882337278172842,0.8965219090315224
25770,LOF,0.14241432711742147,0.12629879861177537,0.7312868742708032
25771,LOF,0.01949073483415601,0.09277120252389888,0.8877380626419452
25772,LOF,0.02894167059933902,0.03846500018049793,0.932593329220163
25773,LOF,0.014689317088767917,0.0838079807391803,0.9015027021720519
25774,LOF,0.027913689939585897,0.20004728241070097,0.7720390276497132
25775,LOF,0.019170021240442495,0.04748062505310818,0.9333493537064494
25776,LOF,0.02916737473161537,0.025088170621500493,0.9457444546468842
25777,LOF,0.3107266370112248,0.11172679794949317,0.5775465650392819
25778,LOF,0.025209804697189076,0.08278389995160582,0.892006295351205
25779,GOF,0.054248520609530386,0.880830808464909,0.06492067092556064
25780,GOF,0.0659142021811335,0.8736352864571763,0.060450511361690336
25781,GOF,0.030109417472759206,0.8561551586039905,0.11373542392325042
25782,GOF,0.0368981718541886,0.8980050370368778,0.06509679110893359
25783,GOF,0.035590700432602373,0.9168073833036315,0.047601916263766066
25784,GOF,0.12478932018572898,0.8313220718292168,0.0438886079850542
25785,GOF,0.11771646920025397,0.8492482258296349,0.03303530497011121
25786,GOF,0.01041482645995754,0.8680741529240722,0.12151102061597024
25787,GOF,0.2559481920207818,0.698133043809486,0.04591876416973223
25788,LOF,0.01939641019494307,0.19181622727073153,0.7887873625343254
25789,GOF,0.019754303253948106,0.8636299650865062,0.11661573165954563
25790,GOF,0.02903027128445248,0.895581231743781,0.07538849697176656
25791,GOF,0.025694100791826498,0.7599013577140291,0.21440454149414448
25792,GOF,0.03276172684384762,0.8155438852734207,0.15169438788273168
25793,GOF,0.04549403169155017,0.8269816156255841,0.1275243526828657
25794,GOF,0.04510032419974087,0.7245830857267908,0.23031659007346833
25795,GOF,0.05474333512778182,0.7545926927792722,0.1906639720929458
25796,GOF,0.1269331609239201,0.7945047001034038,0.07856213897267614
25797,GOF,0.07313428346040599,0.7240266794039878,0.2028390371356063
25798,GOF,0.007162417655151462,0.8090610426986931,0.18377653964615548
25799,GOF,0.00475988703571669,0.7197338864716212,0.275506226492662
25800,GOF,0.02703080827025719,0.8612901413676555,0.1116790503620873
25801,GOF,0.025266213469106805,0.9053214386526343,0.06941234787825898
25802,GOF,0.02848100199510684,0.8038531232574172,0.167665874747476
25803,GOF,0.01972191879457762,0.74101377437821,0.23926430682721234
25804,GOF,0.032308188848918194,0.8014102685797877,0.16628154257129413
25805,GOF,0.02834512907921591,0.8424056080956251,0.1292492628251589
25806,GOF,0.0369301181677797,0.8431093483547046,0.11996053347751551
25807,GOF,0.014743923553082676,0.7957186915879508,0.1895373848589666
25808,GOF,0.024910666529428402,0.8129274614483428,0.16216187202222873
25809,GOF,0.013805676439456275,0.7591533769004982,0.22704094666004557
25810,GOF,0.011973155921879844,0.7373694340982618,0.2506574099798584
25811,GOF,0.0739503355563383,0.867129368024917,0.05892029641874461
25812,GOF,0.0326355075476963,0.7942147074614264,0.17314978499087735
25813,GOF,0.1868823761388052,0.7364751065320322,0.07664251732916254
25814,GOF,0.03120491455711894,0.7913995132279024,0.17739557221497873
25815,GOF,0.060570721491499065,0.8088655200908399,0.130563758417661
25816,GOF,0.009158107795941978,0.8774688218857871,0.11337307031827096
25817,GOF,0.11395948334518181,0.7801402995924028,0.10590021706241534
25818,GOF,0.030470581218136415,0.8169293942839679,0.15260002449789567
25819,GOF,0.05164134519272161,0.780127739976937,0.16823091483034144
25820,GOF,0.05333697626824277,0.7470655059025173,0.19959751782923987
25821,GOF,0.03686046098811789,0.7931575115687426,0.16998202744313956
25822,GOF,0.06027405024089398,0.7791599449178976,0.1605660048412084
25823,GOF,0.0298411521833287,0.7390161828020194,0.23114266501465197
25824,GOF,0.029127950383036956,0.8025994336912667,0.16827261592569642
25825,GOF,0.02184589714849261,0.8029363980414082,0.1752177048100992
25826,GOF,0.011710288914637733,0.7467791111247379,0.2415105999606244
25827,GOF,0.016664924452130966,0.7329231362926888,0.25041193925518035
25828,GOF,0.010782496480316449,0.7707489904863598,0.21846851303332368
25829,GOF,0.004532520321164479,0.670154693244255,0.3253127864345805
25830,GOF,0.0495326154564412,0.5587843500735905,0.39168303446996827
25831,GOF,0.07010826441189327,0.8172959381223649,0.11259579746574183
25832,GOF,0.01134498522097493,0.748076892018108,0.2405781227609172
25833,GOF,0.039783761658321315,0.8231904498079945,0.13702578853368416
25834,GOF,0.011571270831132068,0.7665019034452712,0.22192682572359673
25835,GOF,0.025790351325179827,0.8459332516576926,0.12827639701712745
25836,GOF,0.007233750786442787,0.7741760925429629,0.2185901566705943
25837,GOF,0.009246143450692362,0.7883850355883024,0.20236882096100528
25838,GOF,0.01998736683653656,0.8506507603873006,0.12936187277616282
25839,GOF,0.04947930945977262,0.8165097628853274,0.13401092765489997
25840,GOF,0.08881349058837754,0.7801724298258608,0.1310140795857618
25841,GOF,0.07911721734948624,0.8200477671043938,0.10083501554612001
25842,GOF,0.027714025441312583,0.8879114176469867,0.08437455691170087
25843,GOF,0.026038427433715913,0.890574662053705,0.08338691051257922
25844,GOF,0.020018185851710404,0.8239023366125279,0.1560794775357618
25845,GOF,0.00691781574601113,0.7267831642198408,0.266299020034148
25846,GOF,0.07046533626310876,0.8372648799404382,0.09226978379645315
25847,GOF,0.015933816436528924,0.8865728273099277,0.09749335625354343
25848,GOF,0.02446203107706822,0.8403927099143607,0.135145259008571
25849,GOF,0.007958908259316715,0.8156143325182718,0.17642675922241158
25850,GOF,0.007155109436377225,0.7313845783342492,0.2614603122293736
25851,GOF,0.00641647816579064,0.6751990863519232,0.3183844354822862
25852,GOF,0.1465683914117785,0.5577976494823113,0.2956339591059104
25853,GOF,0.053963451022149465,0.8225630937941926,0.12347345518365782
25854,GOF,0.006594586116621629,0.7506400717008014,0.24276534218257687
25855,GOF,0.02411856620354213,0.6363170983728648,0.33956433542359304
25856,GOF,0.04687770016253492,0.7264233682109236,0.2266989316265415
25857,GOF,0.024237143190716272,0.629947763128669,0.34581509368061464
25858,GOF,0.009241090719212768,0.6108661124593346,0.3798927968214526
25859,GOF,0.00662890033081577,0.5887172607689726,0.4046538389002116
25860,GOF,0.08502201537193207,0.7443974917037351,0.17058049292433286
25861,GOF,0.09992451098430948,0.8286149243868666,0.07146056462882387
25862,GOF,0.023436743771962743,0.9059876993615976,0.07057555686643965
25863,GOF,0.01903163840477626,0.8827447143287541,0.09822364726646966
25864,GOF,0.03743044115689888,0.8943695740928455,0.06819998475025571
25865,GOF,0.0380081296002645,0.8721509229980251,0.0898409474017103
25866,GOF,0.01913434469733678,0.8716151917758047,0.10925046352685851
25867,GOF,0.0428580784074683,0.866213017859145,0.09092890373338676
25868,GOF,0.06362862568820055,0.7836877992477855,0.15268357506401384
25869,GOF,0.31472629958249704,0.582022582811715,0.10325111760578799
25870,GOF,0.06982664613502165,0.6002575799480592,0.32991577391691906
25871,GOF,0.008731465903302272,0.8228120497822139,0.16845648431448398
25872,GOF,0.021221642745932766,0.8255254607630897,0.1532528964909774
25873,GOF,0.019560609899540407,0.8900576658683252,0.09038172423213413
25874,LOF,0.024963542529482356,0.19437806004972102,0.7806583974207966
25875,LOF,0.019827194572951956,0.13218584341527206,0.847986962011776
25876,LOF,0.02189866144517648,0.05449761775287087,0.9236037208019526
25877,LOF,0.08944754966437014,0.21156617261608976,0.6989862777195401
25878,LOF,0.0501698786441598,0.27700537581228496,0.6728247455435552
25879,LOF,0.009128450187559443,0.18524479871158553,0.805626751100855
25880,LOF,0.04331211897123544,0.023650352279175876,0.9330375287495887
25881,Neutral,0.532903997415504,0.11327332492300339,0.35382267766149256
25882,LOF,0.04811199484583837,0.029246763538214617,0.9226412416159471
25883,LOF,0.029418046419468456,0.02704255098754365,0.943539402592988
25884,LOF,0.01844493146551108,0.03773394701944643,0.9438211215150425
25885,LOF,0.15783407993708323,0.01334246401416587,0.8288234560487509
25886,LOF,0.2717551407463563,0.05067400420573566,0.6775708550479079
25887,LOF,0.07947845850930427,0.1669370361552373,0.7535845053354583
25888,LOF,0.008114222855860016,0.19351925778947873,0.7983665193546613
25889,LOF,0.026807019402727655,0.03145811809110515,0.9417348625061672
25890,LOF,0.1927641070416578,0.07485752468946791,0.7323783682688744
25891,LOF,0.11045168230687791,0.037680615383060785,0.8518677023100613
25892,LOF,0.008925284919526665,0.03532702027253627,0.955747694807937
25893,LOF,0.2867635090706396,0.012386301726329521,0.7008501892030309
25894,LOF,0.32821113758814685,0.008862821588629343,0.6629260408232238
25895,LOF,0.2780586099931286,0.018702373562497505,0.7032390164443739
25896,LOF,0.076403565893986,0.03844617943290802,0.885150254673106
25897,LOF,0.12015455711948184,0.015062109637444582,0.8647833332430737
25898,LOF,0.11412764125378316,0.0369086377205677,0.8489637210256492
25899,LOF,0.37257807104004403,0.04505562833378283,0.5823663006261731
25900,Neutral,0.6767722060708192,0.016469643065822142,0.30675815086335856
25901,LOF,0.0522651611438999,0.018391398312843192,0.9293434405432568
25902,LOF,0.07262649034766074,0.013774170570927025,0.9135993390814122
25903,LOF,0.1472554954829294,0.03380963973079505,0.8189348647862756
25904,LOF,0.4259585051536965,0.08780782616370734,0.4862336686825961
25905,LOF,0.007940122581238407,0.3331530839831481,0.6589067934356134
25906,LOF,0.009078606036060517,0.05471163072441113,0.9362097632395283
25907,LOF,0.009252440505815385,0.22868487020292558,0.7620626892912591
25908,LOF,0.008643063041452835,0.19803993381531118,0.7933170031432359
25909,LOF,0.035577129430960044,0.09770771071743482,0.8667151598516051
25910,LOF,0.01630410042094032,0.10985800663978076,0.8738378929392789
25911,LOF,0.1819267024604863,0.026919023364206967,0.7911542741753067
25912,LOF,0.12936639663533198,0.02539441466509812,0.8452391886995698
25913,LOF,0.018868622956061492,0.02988996964173942,0.9512414074021991
25914,LOF,0.045136797854055784,0.02564787481299875,0.9292153273329454
25915,LOF,0.20205087916301595,0.234788310463443,0.563160810373541
25916,LOF,0.013891237904689253,0.1269939463034441,0.8591148157918667
25917,LOF,0.06654412240611753,0.03615044088003138,0.8973054367138511
25918,LOF,0.05123553567173688,0.01633357398866165,0.9324308903396014
25919,LOF,0.04054779586923869,0.018756937112035223,0.9406952670187261
25920,LOF,0.35757727490268015,0.17803251747465687,0.4643902076226631
25921,LOF,0.020466328902265424,0.020682714093149375,0.9588509570045851
25922,LOF,0.020936444323231402,0.020204752223819577,0.958858803452949
25923,LOF,0.45484546814665433,0.012216031183723592,0.532938500669622
25924,LOF,0.029843152087399686,0.018195081545623708,0.9519617663669766
25925,LOF,0.11508668454913618,0.025039330308223157,0.8598739851426408
25926,LOF,0.09404495292444458,0.01882797470436896,0.8871270723711866
25927,LOF,0.029327334520299952,0.02753300343901838,0.9431396620406816
25928,LOF,0.014955769218384228,0.012917271099004384,0.9721269596826114
25929,Neutral,0.5890280606622799,0.012096777265712774,0.3988751620720073
25930,LOF,0.060476583309394275,0.011754045963982142,0.9277693707266237
25931,LOF,0.015669978503512594,0.012212772181888735,0.9721172493145988
25932,LOF,0.075647572894256,0.010763389095175834,0.9135890380105681
25933,LOF,0.08239999283705791,0.007120886427645338,0.9104791207352968
25934,LOF,0.08308372723801533,0.007706089936838287,0.9092101828251463
25935,LOF,0.10821633852044675,0.0217123959777023,0.8700712655018509
25936,LOF,0.0957549753645665,0.007974264737682047,0.8962707598977514
25937,LOF,0.01729261514257581,0.01646816258716481,0.9662392222702595
25938,LOF,0.10707036847415685,0.019601022519067503,0.8733286090067757
25939,LOF,0.06149193532709823,0.0134638452557331,0.9250442194171685
25940,GOF,0.01041057522609982,0.5029971343855252,0.486592290388375
25941,Neutral,0.48675212625160535,0.03332679033188812,0.4799210834165065
25942,LOF,0.013244907598348534,0.04722592976027495,0.9395291626413764
25943,LOF,0.05114824048993172,0.1623275623165276,0.7865241971935407
25944,LOF,0.04788143949231363,0.10548781841777258,0.8466307420899138
25945,LOF,0.18576465404059908,0.02647561019837163,0.7877597357610293
25946,LOF,0.0843151535668226,0.058242186311163256,0.8574426601220141
25947,Neutral,0.5195342010497898,0.12663764022935267,0.35382815872085766
25948,LOF,0.48778522498797944,0.021204592022896193,0.4910101829891242
25949,LOF,0.1158146960863854,0.04741565425768474,0.8367696496559299
25950,GOF,0.08569650585598841,0.6570805981847907,0.2572228959592209
25951,LOF,0.014434351946719761,0.4803483249086665,0.5052173231446137
25952,LOF,0.14341663134562907,0.28106248632661135,0.5755208823277596
25953,LOF,0.0071564123313265764,0.32310194401776915,0.6697416436509043
25954,GOF,0.05577695216763133,0.47333417118952026,0.47088887664284834
25955,LOF,0.007921739735613078,0.3499228335125703,0.6421554267518167
25956,LOF,0.0100753844649101,0.362057718463067,0.6278668970720229
25957,LOF,0.16582258086949933,0.048707879623076517,0.7854695395074242
25958,LOF,0.02351154070434245,0.06384896880605297,0.9126394904896046
25959,GOF,0.006437765144771665,0.7130638674281152,0.2804983674271132
25960,LOF,0.005472244273706521,0.11390682287767837,0.8806209328486151
25961,LOF,0.02505300341742273,0.06669199302438868,0.9082550035581886
25962,LOF,0.039733878803688415,0.10581740993677509,0.8544487112595365
25963,LOF,0.010748325477747865,0.16412176369022474,0.8251299108320274
25964,LOF,0.043771371705571264,0.0922149207776212,0.8640137075168076
25965,LOF,0.18742504183991981,0.13481929411012677,0.6777556640499534
25966,LOF,0.35620948386340096,0.12980832764276695,0.5139821884938321
25967,LOF,0.00699661071531709,0.11011370863219855,0.8828896806524844
25968,LOF,0.05906940534491618,0.2782744851734195,0.6626561094816642
25969,LOF,0.15737108981012765,0.07518729609053988,0.7674416140993325
25970,LOF,0.05273043717181608,0.07025521930601375,0.8770143435221701
25971,LOF,0.0660619697963431,0.027894265157234668,0.9060437650464223
25972,LOF,0.06789182396730119,0.03044634270203532,0.9016618333306636
25973,LOF,0.08421241916071631,0.01319167084844222,0.9025959099908415
25974,LOF,0.06542190695827958,0.04534147163574578,0.8892366214059746
25975,LOF,0.027346792449990855,0.01716536507954196,0.9554878424704673
25976,LOF,0.08964480955879867,0.015044384718880706,0.8953108057223207
25977,LOF,0.24575696318642137,0.06957009356243976,0.6846729432511389
25978,LOF,0.16205435344187186,0.13814019752459575,0.6998054490335325
25979,LOF,0.12376110085356336,0.14066237626209852,0.7355765228843381
25980,LOF,0.19642439264342293,0.25154030557499446,0.5520353017815827
25981,LOF,0.19775561801888328,0.25512935802456005,0.5471150239565566
25982,LOF,0.27915116294318115,0.12305072915828659,0.5977981078985322
25983,Neutral,0.4683247628718623,0.11168063448160705,0.4199946026465305
25984,LOF,0.06233184782659318,0.06902426592552538,0.8686438862478815
25985,Neutral,0.47281232715089094,0.12107638432159373,0.4061112885275153
25986,LOF,0.012295320118816495,0.38618558321823837,0.6015190966629451
25987,LOF,0.03444004565651942,0.09105354809734871,0.8745064062461317
25988,LOF,0.045706575155692916,0.11590047068363442,0.8383929541606726
25989,LOF,0.045294297833323616,0.14265704217419198,0.8120486599924843
25990,LOF,0.0485118297089352,0.26553676283278776,0.685951407458277
25991,GOF,0.02070911421231395,0.5729939535837278,0.4062969322039583
25992,LOF,0.010761597012133894,0.44483447419824834,0.5444039287896177
25993,LOF,0.020027087506559665,0.07545698344524197,0.9045159290481984
25994,LOF,0.027348644897833733,0.08789943589016375,0.8847519192120025
25995,LOF,0.01845344238425769,0.1414542262805364,0.840092331335206
25996,GOF,0.31294866094840224,0.4708514472020235,0.21619989184957428
25997,GOF,0.05477774412517014,0.6242012251749212,0.3210210306999086
25998,LOF,0.23455135659518825,0.028336186488881546,0.7371124569159302
25999,LOF,0.02424171378318488,0.26858925346222834,0.7071690327545868
26000,LOF,0.14418874657727904,0.016071715920989507,0.8397395375017316
26001,LOF,0.1658494880970691,0.019724749816802882,0.814425762086128
26002,LOF,0.10562270811993718,0.01767592897307412,0.8767013629069887
26003,GOF,0.005839514914018649,0.5856307524993664,0.40852973258661507
26004,GOF,0.013965270379376307,0.6072256937774212,0.3788090358432026
26005,GOF,0.005070014281217215,0.5138195502064969,0.4811104355122859
26006,GOF,0.08149216656685121,0.5443331768517138,0.3741746565814349
26007,GOF,0.008822488809862975,0.558937084634854,0.43224042655528294
26008,GOF,0.006517291831012002,0.5962108401894096,0.3972718679795785
26009,GOF,0.011193398721769785,0.6325231263864707,0.35628347489175954
26010,GOF,0.009376781663538392,0.5606848210179194,0.42993839731854233
26011,LOF,0.005410009104637044,0.4120258734774888,0.5825641174178742
26012,GOF,0.005188460485763702,0.5222272993491889,0.47258424016504746
26013,GOF,0.010060925881058145,0.5014422864425114,0.48849678767643046
26014,LOF,0.05882464219758114,0.08084751496716348,0.8603278428352554
26015,LOF,0.3666118915643806,0.025399213563129533,0.6079888948724899
26016,LOF,0.25632312106030886,0.049279533156574684,0.6943973457831164
26017,LOF,0.014988874442386137,0.17245050011455734,0.8125606254430565
26018,LOF,0.01955467037324585,0.09170340261462122,0.8887419270121328
26019,LOF,0.019679047037778327,0.08052962311876781,0.8997913298434538
26020,LOF,0.006785057891870754,0.15968378082368198,0.8335311612844473
26021,LOF,0.07748552042578709,0.08264120434329805,0.8398732752309149
26022,LOF,0.042392150725919064,0.03459059546428393,0.923017253809797
26023,LOF,0.0328871414813394,0.06905890409846176,0.8980539544201989
26024,LOF,0.04902240200019142,0.061825857048772706,0.889151740951036
26025,LOF,0.13232129269183865,0.07252498743437867,0.7951537198737827
26026,LOF,0.11178599511559192,0.05381646582994819,0.8343975390544599
26027,LOF,0.028697779048062335,0.040461703434298835,0.9308405175176389
26028,LOF,0.08319309923036158,0.2003939878191699,0.7164129129504685
26029,LOF,0.03845860048072047,0.1640855759449412,0.7974558235743383
26030,LOF,0.12360703922731321,0.017982638150747098,0.8584103226219396
26031,LOF,0.016017310587328273,0.15460705173176387,0.8293756376809078
26032,LOF,0.029256543712952138,0.026903718618176115,0.9438397376688716
26033,LOF,0.050344033593778516,0.04638444067515637,0.9032715257310651
26034,LOF,0.02305596931959253,0.10266038495234714,0.8742836457280603
26035,LOF,0.013279672179532319,0.12544338035675917,0.8612769474637084
26036,LOF,0.012762403563331278,0.09934512129710549,0.8878924751395632
26037,LOF,0.012384311932726743,0.10443795712091258,0.8831777309463607
26038,LOF,0.025138943216301547,0.027040907706903653,0.9478201490767948
26039,LOF,0.034921992923923985,0.1407574811850383,0.8243205258910377
26040,LOF,0.07502719224959555,0.16323351654243065,0.7617392912079738
26041,LOF,0.014916155662419607,0.11141647501484517,0.8736673693227354
26042,LOF,0.013495622866056683,0.11579275258917934,0.870711624544764
26043,LOF,0.025128934562659144,0.0482182526707423,0.9266528127665985
26044,LOF,0.008309473911948436,0.05201814766219392,0.9396723784258577
26045,LOF,0.09324334470026378,0.21202414880921547,0.6947325064905208
26046,LOF,0.024770328532404056,0.04578082875534466,0.9294488427122513
26047,LOF,0.0736466137655867,0.04582445209691418,0.880528934137499
26048,LOF,0.08657374264740067,0.023554627713500375,0.8898716296390989
26049,Neutral,0.9378576654499797,0.00621632702856086,0.05592600752145958
26050,Neutral,0.897119432216367,0.007532847953073535,0.09534771983055935
26051,LOF,0.030238082396950732,0.31723338426233444,0.6525285333407148
26052,LOF,0.0362685999600148,0.22948246576516923,0.7342489342748159
26053,LOF,0.022226097046060534,0.15153788693257486,0.8262360160213645
26054,LOF,0.05787018398454596,0.0730760056226845,0.8690538103927695
26055,LOF,0.07803382286405121,0.07722933671786772,0.8447368404180811
26056,LOF,0.07496120353520097,0.08108833668710509,0.843950459777694
26057,LOF,0.04511631628967869,0.02068353601876355,0.9342001476915578
26058,LOF,0.049912851613561175,0.01630707462436304,0.9337800737620758
26059,LOF,0.2686307229013507,0.09506673428503887,0.6363025428136105
26060,LOF,0.017953589984358694,0.21736335869105355,0.7646830513245877
26061,LOF,0.013610763514364757,0.013836521114476455,0.9725527153711587
26062,LOF,0.006254408306645632,0.028645936018425563,0.9650996556749287
26063,LOF,0.04243491531356384,0.016755117129993655,0.9408099675564424
26064,LOF,0.008651477565032956,0.01822905591752659,0.9731194665174404
26065,LOF,0.04665100567240349,0.023425512176109633,0.9299234821514869
26066,LOF,0.04147635904196392,0.015606836891328992,0.942916804066707
26067,LOF,0.04375076501848349,0.01655246804116363,0.9396967669403529
26068,LOF,0.056282330297115477,0.05717803339744292,0.8865396363054416
26069,LOF,0.20185249707709887,0.046531182915307265,0.7516163200075938
26070,LOF,0.4813788216526176,0.0266110564879746,0.49201012185940773
26071,LOF,0.05066217153084767,0.0206456482291001,0.9286921802400522
26072,LOF,0.008464260314415474,0.024420889957919214,0.9671148497276654
26073,LOF,0.049705192749296356,0.015457133892801202,0.9348376733579025
26074,Neutral,0.7069475580049159,0.021062721751225113,0.27198972024385903
26075,LOF,0.047149915773633415,0.041222185644407244,0.9116278985819595
26076,LOF,0.048922241837549556,0.02063381265921949,0.9304439455032308
26077,LOF,0.1833043437409917,0.022447106973487247,0.794248549285521
26078,LOF,0.006733095328426867,0.03131463426122613,0.961952270410347
26079,LOF,0.06228540933850483,0.040382354492649104,0.897332236168846
26080,LOF,0.060748621338107024,0.04060045381810123,0.8986509248437917
26081,LOF,0.048015916203864084,0.017495630926341342,0.9344884528697944
26082,LOF,0.00682709133945248,0.030422580230991276,0.9627503284295563
26083,LOF,0.0671274549984483,0.034438534305398866,0.8984340106961529
26084,LOF,0.07818771905910299,0.022605703274557597,0.8992065776663394
26085,LOF,0.06614845786557544,0.01868429601023122,0.9151672461241932
26086,LOF,0.0422200350729552,0.022547664993609273,0.9352322999334356
26087,LOF,0.043099098727897335,0.018573242392543765,0.9383276588795589
26088,LOF,0.007445611005767491,0.04280130105854178,0.9497530879356907
26089,LOF,0.04170302387162863,0.06087104685226984,0.8974259292761015
26090,LOF,0.041957852056434486,0.052066879683371904,0.9059752682601936
26091,LOF,0.03332968655159579,0.01675847985143594,0.9499118335969682
26092,LOF,0.04495707905102736,0.01513552472292168,0.939907396226051
26093,LOF,0.06791221292727344,0.00954731926004021,0.9225404678126864
26094,LOF,0.043255638567617605,0.012792635509990272,0.9439517259223921
26095,LOF,0.015588067112109518,0.032509601768046806,0.9519023311198437
26096,LOF,0.2950505065645294,0.006335112473073347,0.6986143809623973
26097,LOF,0.007199747804677144,0.0631076933204445,0.9296925588748783
26098,LOF,0.06149377550692462,0.03958366626198364,0.8989225582310917
26099,LOF,0.051213827119989334,0.04207285359871869,0.9067133192812918
26100,LOF,0.051213827119989334,0.04207285359871869,0.9067133192812918
26101,LOF,0.05488893744939888,0.055079102739854474,0.8900319598107467
26102,LOF,0.04229696647662956,0.023798792042189196,0.9339042414811811
26103,Neutral,0.8961204822220108,0.04453139073760583,0.059348127040383385
26104,LOF,0.051566430935218704,0.10176795398458405,0.8466656150801972
26105,LOF,0.24424462451085144,0.06720243830073193,0.6885529371884166
26106,LOF,0.280440703953828,0.0377902947695957,0.6817690012765762
26107,LOF,0.0181225680287616,0.06547542653847586,0.9164020054327625
26108,LOF,0.17100184471156238,0.05696306819184841,0.7720350870965893
26109,LOF,0.0463512214766677,0.06380127969775229,0.88984749882558
26110,Neutral,0.5027766498041866,0.016322515212280543,0.480900834983533
26111,LOF,0.04755623274668616,0.10359013980079369,0.8488536274525202
26112,LOF,0.06836497558582634,0.014243553600047806,0.9173914708141258
26113,LOF,0.07045315645416836,0.025659219217004675,0.9038876243288269
26114,LOF,0.10320679665082727,0.010157198812241197,0.8866360045369316
26115,LOF,0.020237081874003127,0.05978218852194959,0.9199807296040473
26116,LOF,0.0560650675585854,0.019127929374878685,0.9248070030665358
26117,LOF,0.38699839260809366,0.046046668859303606,0.5669549385326027
26118,LOF,0.039860825962055764,0.023441526238690023,0.9366976477992542
26119,LOF,0.006596855354827229,0.09097592814908975,0.9024272164960832
26120,LOF,0.03304729358303546,0.018195391716750553,0.9487573147002138
26121,LOF,0.004679393452875275,0.11397923342296515,0.8813413731241596
