feature0,prediction,LoGoFunc_Neutral,LoGoFunc_GOF,LoGoFunc_LOF
25546,Neutral,0.6667705736996333,0.0546411487729234,0.27858827752744325
25547,Neutral,0.4984723747267115,0.10229091277964172,0.3992367124936468
25548,Neutral,0.512848392293078,0.08368889822242807,0.4034627094844939
25549,LOF,0.43446958741375874,0.08397330654343815,0.48155710604280305
25550,LOF,0.35177082052596503,0.12602687373428026,0.5222023057397547
25551,LOF,0.3025915926701685,0.13869435156639656,0.558714055763435
25552,LOF,0.23388867929955248,0.13372468569277643,0.6323866350076711
25553,Neutral,0.806449030843402,0.044344022439163126,0.1492069467174349
25554,LOF,0.2885635628672096,0.12034551329863942,0.591090923834151
25555,LOF,0.23412275438050328,0.11464844564426278,0.6512287999752339
25556,LOF,0.4498713469006193,0.09910037292021022,0.45102828017917046
25557,LOF,0.21870348861146735,0.12397514939518922,0.6573213619933435
25558,LOF,0.2913715224307762,0.12182011401117845,0.5868083635580453
25559,LOF,0.2243793670454637,0.16029445909816215,0.6153261738563742
25560,LOF,0.06861307708311709,0.13354073627806565,0.7978461866388173
25561,LOF,0.1283963079257174,0.12150422627885861,0.7500994657954241
25562,LOF,0.058312651922097565,0.07429404595658459,0.8673933021213178
25563,LOF,0.08398748847313073,0.07239140724155094,0.8436211042853183
25564,LOF,0.20448966040840613,0.15705169729982094,0.6384586422917728
25565,LOF,0.17656732100822853,0.13692398243290024,0.6865086965588713
25566,GOF,0.019802556624776882,0.7710622185518001,0.20913522482342295
25567,LOF,0.023001768609715104,0.12582345775796513,0.8511747736323197
25568,LOF,0.062440506472825515,0.0686879307797358,0.8688715627474387
25569,LOF,0.06059681131401805,0.0697088500376266,0.8696943386483553
25570,LOF,0.030691426577481515,0.09769396023012915,0.8716146131923894
25571,LOF,0.029962970089647423,0.0966478133403599,0.8733892165699926
25572,LOF,0.03457689007526584,0.12535313241713628,0.8400699775075979
25573,LOF,0.026208400295549446,0.08584557611007253,0.887946023594378
25574,LOF,0.01503356426185016,0.15618580740190605,0.8287806283362438
25575,LOF,0.02522353823588092,0.10760782078746954,0.8671686409766496
25576,LOF,0.013493269202028662,0.15004027326664976,0.8364664575313215
25577,LOF,0.012027901838385936,0.11775202650602616,0.870220071655588
25578,LOF,0.28507403581800267,0.07417425615255696,0.6407517080294403
25579,LOF,0.12786103727641232,0.08118934383417767,0.7909496188894101
25580,LOF,0.019678940882841684,0.07312391226435418,0.9071971468528042
25581,LOF,0.04990537663673325,0.06489793947136761,0.8851966838918992
25582,LOF,0.049938504264169084,0.06391457422632163,0.8861469215095092
25583,LOF,0.0209728971902736,0.07456896934058939,0.904458133469137
25584,Neutral,0.5280403453835913,0.10114519784446381,0.3708144567719448
25585,LOF,0.013279115910019285,0.11545025893245854,0.8712706251575222
25586,LOF,0.019647849986599176,0.06716368213142009,0.9131884678819808
25587,LOF,0.01845762642438024,0.05875428819865658,0.9227880853769631
25588,LOF,0.018973830327626267,0.06934216541406579,0.911684004258308
25589,Neutral,0.6656552078571656,0.1166992016959998,0.21764559044683454
25590,LOF,0.021425536799983675,0.11255275951637073,0.8660217036836455
25591,LOF,0.07828590251146661,0.05845978374150141,0.863254313747032
25592,LOF,0.05414407267429983,0.11899641390388227,0.8268595134218178
25593,LOF,0.01969698040091195,0.2699759691760357,0.7103270504230523
25594,LOF,0.04874327603554403,0.11926142292798193,0.8319953010364741
25595,LOF,0.04711870295337649,0.08938312714384807,0.8634981699027754
25596,LOF,0.06006688194076044,0.06572448444637864,0.8742086336128608
25597,LOF,0.038610951646578115,0.07653601503387955,0.8848530333195423
25598,LOF,0.048371991600190796,0.0938684761902097,0.8577595322095994
25599,GOF,0.00947353149652756,0.5276431865338697,0.4628832819696028
25600,GOF,0.02561999025578849,0.6056046393371612,0.36877537040705033
25601,LOF,0.01297156930203485,0.3870259563681143,0.6000024743298508
25602,LOF,0.01040727681203369,0.058495449139500846,0.9310972740484655
25603,LOF,0.03944787556122354,0.024210263920805143,0.9363418605179714
25604,LOF,0.016402604973210243,0.062455538842185104,0.9211418561846048
25605,LOF,0.009675218454708697,0.18376703804652808,0.8065577434987632
25606,LOF,0.1072624320137305,0.28878384688421,0.6039537211020596
25607,LOF,0.0063973781044068334,0.19202488646413185,0.8015777354314613
25608,LOF,0.013921780817966757,0.0902163977728195,0.8958618214092138
25609,LOF,0.09973947312776504,0.39445411624580795,0.5058064106264271
25610,LOF,0.019126839766983178,0.02387701003051887,0.9569961502024981
25611,LOF,0.01789194365251743,0.026967607499120163,0.9551404488483625
25612,LOF,0.05693165949344946,0.03620278341570689,0.9068655570908437
25613,LOF,0.054446891700002324,0.03717756232372691,0.9083755459762708
25614,LOF,0.025902363235616906,0.029035797512966942,0.9450618392514162
25615,LOF,0.015973904385990854,0.04142504564821698,0.9426010499657921
25616,LOF,0.050900230152843215,0.02925349857620009,0.9198462712709566
25617,LOF,0.04766929759260732,0.031666748357665406,0.9206639540497273
25618,LOF,0.0607650887056302,0.03355596402414307,0.9056789472702267
25619,LOF,0.01772151495062994,0.030181931187229217,0.9520965538621409
25620,LOF,0.06725267836363215,0.03812515335258133,0.8946221682837864
25621,LOF,0.01835459104969296,0.03370161412036724,0.9479437948299397
25622,LOF,0.02183341332622227,0.043266623814929496,0.9348999628588481
25623,LOF,0.034958642953244363,0.036318044637957264,0.9287233124087984
25624,LOF,0.02202129318674324,0.03508206910155402,0.9428966377117028
25625,LOF,0.020957082317634917,0.053887596904489105,0.925155320777876
25626,LOF,0.051482720817191706,0.03360734875786601,0.9149099304249423
25627,Neutral,0.6819225707603025,0.08372653945651301,0.2343508897831845
25628,LOF,0.21130171250459612,0.037901022889904684,0.7507972646054991
25629,LOF,0.049557669872157185,0.04701928410894563,0.9034230460188972
25630,LOF,0.1873691375701138,0.07630688555180012,0.7363239768780862
25631,Neutral,0.6643228902825825,0.04352658235799483,0.29215052735942265
25632,LOF,0.0071517338652169506,0.06613741120808089,0.926710854926702
25633,LOF,0.19778909831686223,0.0443039083810094,0.7579069933021284
25634,LOF,0.027660796805817102,0.0830737017480279,0.889265501446155
25635,LOF,0.035038953739383705,0.04744029331890812,0.9175207529417082
25636,GOF,0.0062774558288705845,0.538716276840206,0.4550062673309235
25637,GOF,0.008893633000355677,0.5508034878050282,0.44030287919461614
25638,LOF,0.011704154131380567,0.288460397034525,0.6998354488340944
25639,LOF,0.00612161418903762,0.4399593937085092,0.5539189921024531
25640,Neutral,0.5154740430849646,0.4091648728675903,0.07536108404744524
25641,GOF,0.008244530020510475,0.5033270534849412,0.48842841649454827
25642,LOF,0.22163778202406606,0.1335587706679071,0.6448034473080267
25643,LOF,0.14818643589230482,0.18263706766079518,0.6691764964469
25644,GOF,0.008411327045266896,0.5184531926400558,0.4731354803146773
25645,LOF,0.006727025156045683,0.48209554688945455,0.5111774279544998
25646,LOF,0.011084343101319795,0.3879165408606404,0.6009991160380398
25647,LOF,0.009305193344969312,0.30652258970996277,0.6841722169450679
25648,LOF,0.008996338973139907,0.2947810627923614,0.6962225982344986
25649,LOF,0.007127108454857722,0.2521167865408033,0.7407561050043391
25650,LOF,0.012508746139041073,0.46669841954017893,0.52079283432078
25651,LOF,0.005348883591851212,0.31791136131395703,0.6767397550941918
25652,LOF,0.00825609536587459,0.3108569165677001,0.6808869880664253
25653,LOF,0.022323191188815584,0.4394894237867863,0.5381873850243981
25654,LOF,0.009706466306387624,0.22128479326842265,0.7690087404251896
25655,LOF,0.04521571656274576,0.4500970545635075,0.5046872288737467
25656,LOF,0.19501308716122479,0.055297429799856045,0.7496894830389191
25657,LOF,0.27960105077021763,0.032193376093078374,0.6882055731367039
25658,LOF,0.0731430063991154,0.10341602042010588,0.8234409731807787
25659,LOF,0.4191098187360426,0.08589434478347925,0.4949958364804782
25660,LOF,0.03145117583901736,0.0826714498995582,0.8858773742614245
25661,LOF,0.10324383574683822,0.05971828452720161,0.8370378797259602
25662,LOF,0.03402835450408117,0.03801995467244289,0.9279516908234761
25663,LOF,0.04236218503066131,0.054104918736343974,0.9035328962329948
25664,LOF,0.048806304916451784,0.06650311500533057,0.8846905800782177
25665,LOF,0.05635164370979026,0.02791926586147398,0.9157290904287357
25666,LOF,0.0396043842816732,0.09202632433872383,0.8683692913796031
25667,LOF,0.06840343163777478,0.043246879445074334,0.8883496889171508
25668,LOF,0.03829622749697219,0.044121813935610814,0.9175819585674169
25669,LOF,0.0361716794411196,0.061124510159041086,0.9027038103998393
25670,LOF,0.06373662351822572,0.058091253044292836,0.8781721234374814
25671,LOF,0.10029291303013982,0.033917996523026815,0.8657890904468333
25672,LOF,0.0601703658855162,0.036752535933026964,0.9030770981814569
25673,LOF,0.022891615289697978,0.044726581236376135,0.9323818034739259
25674,LOF,0.020644228951000817,0.05346028257265134,0.9258954884763477
25675,LOF,0.03578075223506705,0.05406953390459597,0.9101497138603369
25676,LOF,0.020920601623040328,0.048952235427145996,0.9301271629498136
25677,LOF,0.029884027377512563,0.0632773883691613,0.9068385842533262
25678,LOF,0.20503906591518495,0.05761480891857952,0.7373461251662355
25679,LOF,0.17090621577170806,0.08286995133343314,0.7462238328948587
25680,LOF,0.04750349876598952,0.10047783951233484,0.8520186617216755
25681,LOF,0.07284843814306186,0.09245455522164463,0.8346970066352936
25682,LOF,0.1548177991314984,0.06618377261055593,0.7789984282579457
25683,LOF,0.08335062383829751,0.10251541599546321,0.8141339601662393
25684,LOF,0.04697453072239556,0.06784881905766357,0.8851766502199407
25685,LOF,0.07957359485553973,0.04661578102804675,0.8738106241164135
25686,LOF,0.028299790805772586,0.08651167841774339,0.885188530776484
25687,LOF,0.050616422271815155,0.07573065542464413,0.8736529223035406
25688,LOF,0.0646051854755606,0.07949681041340861,0.8558980041110309
25689,LOF,0.03795316867527881,0.0866537270512333,0.8753931042734879
25690,LOF,0.05121929256409373,0.07662105794908029,0.8721596494868261
25691,LOF,0.34071047598219095,0.09176661997662924,0.5675229040411798
25692,LOF,0.2993720382601426,0.010606155999365171,0.6900218057404923
25693,LOF,0.06470712302157117,0.30195349530087723,0.6333393816775514
25694,LOF,0.24194275573028562,0.014454903958859606,0.7436023403108547
25695,LOF,0.1433219302873795,0.019708434748587307,0.8369696349640332
25696,LOF,0.10908953997141302,0.01013640601863906,0.880774054009948
25697,LOF,0.09431608470535978,0.02494150262818021,0.88074241266646
25698,LOF,0.07787937349411894,0.4231941945502909,0.4989264319555903
25699,LOF,0.07516866029374031,0.07957558258030854,0.8452557571259511
25700,LOF,0.05476251861847352,0.009361653043498865,0.9358758283380275
25701,LOF,0.018642871502733204,0.1000936518623946,0.8812634766348723
25702,GOF,0.04068386076398406,0.6454559303384596,0.31386020889755634
25703,LOF,0.009514579550707246,0.1397167033679324,0.8507687170813604
25704,LOF,0.06745511931967085,0.0935137450025657,0.8390311356777634
25705,LOF,0.0736301010072615,0.21321160736595196,0.7131582916267866
25706,LOF,0.027731336800897007,0.3841751881765678,0.5880934750225352
25707,LOF,0.02016492833441242,0.2953215647437739,0.6845135069218137
25708,LOF,0.008583067902897848,0.3047634007985996,0.6866535312985025
25709,LOF,0.06747304926075592,0.043076145558237945,0.889450805181006
25710,LOF,0.006263849545266844,0.1347960523826337,0.8589400980720995
25711,LOF,0.021425570007703374,0.09785804555039504,0.8807163844419015
25712,LOF,0.007924275098328578,0.17657390447495813,0.8155018204267133
25713,LOF,0.021981445992532808,0.08777379579068313,0.8902447582167841
25714,LOF,0.07063713174357131,0.10065459307221361,0.8287082751842151
25715,LOF,0.014555940004516982,0.11989677286873661,0.8655472871267464
25716,LOF,0.006962848467308051,0.10428103098011383,0.8887561205525781
25717,LOF,0.007056002156310319,0.0729361843143009,0.9200078135293888
25718,LOF,0.015539358746805846,0.0758548944417439,0.9086057468114503
25719,LOF,0.02308306726615256,0.07778622943452758,0.8991307032993198
25720,LOF,0.024003089183886828,0.07096098068729605,0.9050359301288171
25721,LOF,0.01943536260168266,0.08694309229739434,0.893621545100923
25722,LOF,0.01815868553971884,0.10007093125249998,0.8817703832077812
25723,LOF,0.0241543570142065,0.0514021672323902,0.9244434757534032
25724,LOF,0.02324132299026873,0.08567703339654356,0.8910816436131876
25725,LOF,0.014345155707366245,0.06262704554529715,0.9230277987473366
25726,LOF,0.017979813682754687,0.093730766787427,0.8882894195298183
25727,LOF,0.015140531165858237,0.06886223736917632,0.9159972314649655
25728,LOF,0.01379995923103296,0.08819573441960787,0.8980043063493592
25729,LOF,0.01402124288263017,0.09235011897144953,0.8936286381459203
25730,LOF,0.019788250917286126,0.0715535551811311,0.9086581939015828
25731,LOF,0.008779780526605819,0.11634614870887841,0.8748740707645156
25732,LOF,0.019681870803628026,0.0667553713237327,0.9135627578726393
25733,LOF,0.018989446985423285,0.06392225165277134,0.9170883013618055
25734,LOF,0.006725655564805566,0.11826074034169717,0.8750136040934972
25735,LOF,0.016831200886043448,0.06187770768668155,0.9212910914272749
25736,LOF,0.017863607866113403,0.08042199623724616,0.9017143958966405
25737,LOF,0.025134906479069095,0.08195146062966803,0.8929136328912629
25738,LOF,0.01700605282882261,0.11206809925010544,0.870925847921072
25739,LOF,0.024005715410330777,0.09811989764331591,0.8778743869463533
25740,LOF,0.037002100977459866,0.10522334767900125,0.8577745513435389
25741,LOF,0.018729792275755438,0.09816751592939553,0.8831026917948491
25742,LOF,0.10799282023851917,0.09767889670849851,0.7943282830529823
25743,LOF,0.014405332878060943,0.032493515135052026,0.953101151986887
25744,LOF,0.15250678448787802,0.42361595841842964,0.42387725709369223
25745,LOF,0.024134172794515588,0.05944008546994244,0.9164257417355419
25746,LOF,0.016085061244229315,0.0739716409592955,0.9099432977964751
25747,LOF,0.02801835806515471,0.03178521183886956,0.9401964300959756
25748,LOF,0.11770476395203662,0.05918952207375821,0.8231057139742051
25749,LOF,0.015022748529227994,0.06613546616031692,0.9188417853104551
25750,LOF,0.02919650800593622,0.08051881149582034,0.8902846804982434
25751,LOF,0.10463466635042847,0.059574524474461155,0.8357908091751104
25752,GOF,0.13977312217375765,0.599595311995195,0.26063156583104735
25753,LOF,0.00914175054267369,0.2788587069029172,0.7119995425544091
25754,GOF,0.004939958785780264,0.7796333845886807,0.21542665662553914
25755,LOF,0.010286828764986005,0.37962908195060147,0.6100840892844126
25756,LOF,0.045008382380893115,0.36741086411206547,0.5875807535070415
25757,GOF,0.005262065783866174,0.8482307880431459,0.14650714617298785
25758,GOF,0.00671352652824403,0.8283177441350413,0.1649687293367147
25759,GOF,0.004168457108096858,0.5417735300464765,0.4540580128454266
25760,LOF,0.005848034924712379,0.2599990007675058,0.7341529643077819
25761,GOF,0.038845500663679575,0.8196242205434803,0.1415302787928402
25762,LOF,0.034259582679196245,0.27148244118380915,0.6942579761369946
25763,LOF,0.007043614290413434,0.1895021252148294,0.8034542604947572
25764,GOF,0.1750482665153361,0.509817172162608,0.31513456132205603
25765,GOF,0.01079288651263774,0.7767054633139906,0.21250165017337178
25766,GOF,0.016082875936227124,0.8076302942111433,0.17628682985262956
25767,GOF,0.02494628359033913,0.5417049834604978,0.4333487329491632
25768,LOF,0.08844185294241691,0.06470946082316462,0.8468486862344184
25769,LOF,0.08617194815472326,0.05902873390218428,0.8547993179430925
25770,LOF,0.3426066095777519,0.08040846400080824,0.5769849264214398
25771,LOF,0.013872639648129678,0.059755026185022604,0.9263723341668478
25772,LOF,0.02121841866285261,0.02840847751600371,0.9503731038211438
25773,LOF,0.012489366467868855,0.11250654805095626,0.8750040854811749
25774,LOF,0.02768885271769238,0.07229864317422559,0.900012504108082
25775,LOF,0.014460014264602394,0.046349238704700896,0.9391907470306967
25776,LOF,0.08361062349787701,0.02450513098181628,0.8918842455203068
25777,LOF,0.2863848527102704,0.05270809535466736,0.6609070519350622
25778,LOF,0.07041491261340947,0.04622339605158867,0.8833616913350019
25779,GOF,0.07155110461660459,0.8429999652913389,0.08544893009205648
25780,GOF,0.07008672485553169,0.8233596786733376,0.10655359647113052
25781,GOF,0.027612145235166814,0.8324730074339783,0.13991484733085477
25782,GOF,0.0364213205977321,0.8632934798061515,0.10028519959611652
25783,GOF,0.012359628788219362,0.6347850484769497,0.35285532273483095
25784,GOF,0.1215939169322768,0.8109037821978028,0.06750230086992043
25785,GOF,0.0776618239539679,0.8567135085911415,0.0656246674548905
25786,GOF,0.006528889440475293,0.7777532069554941,0.21571790360403045
25787,GOF,0.22267661523393395,0.7201015760223738,0.057221808743692246
25788,LOF,0.04679294477748433,0.10567718785228428,0.8475298673702314
25789,GOF,0.03549766080419652,0.7658784185733647,0.1986239206224388
25790,GOF,0.03300765361799752,0.8092326152527887,0.15775973112921374
25791,GOF,0.027961256017328226,0.7477578899870386,0.22428085399563324
25792,GOF,0.050868695397527204,0.7419261335323856,0.20720517107008724
25793,GOF,0.06994941296379155,0.6904955428310058,0.23955504420520266
25794,GOF,0.11422894635807818,0.6525704732613598,0.23320058038056213
25795,GOF,0.029396249095660812,0.7198772329405763,0.25072651796376294
25796,GOF,0.11947470504524245,0.7365259020530023,0.14399939290175529
25797,GOF,0.03658309780265577,0.5583959436910532,0.40502095850629105
25798,GOF,0.0034173809582411703,0.5244909126831774,0.47209170635858144
25799,LOF,0.0031512802335283653,0.4026763119453926,0.594172407821079
25800,GOF,0.011045120047982871,0.5891810172349007,0.3997738627171163
25801,GOF,0.03899256938368101,0.7645287949803523,0.19647863563596685
25802,GOF,0.01824632504073229,0.7141866336481754,0.2675670413110923
25803,GOF,0.010617667876613337,0.5649016220514359,0.42448071007195076
25804,LOF,0.012224175299515961,0.4630040268515881,0.5247717978488958
25805,GOF,0.02068223811468748,0.6207464010508492,0.35857136083446334
25806,GOF,0.01747863743076742,0.6045702190986105,0.37795114347062203
25807,GOF,0.006228413077690723,0.6504720334081634,0.3432995535141459
25808,GOF,0.015513565716766578,0.6461251358325394,0.33836129845069407
25809,GOF,0.007076530149416575,0.6047578450555934,0.38816562479498995
25810,GOF,0.005864158345681474,0.6185370915760704,0.3755987500782481
25811,GOF,0.10962771524113736,0.7632599528425517,0.12711233191631094
25812,GOF,0.013183728813947432,0.6054647114700439,0.38135155971600865
25813,GOF,0.1239216001289158,0.6759378590262427,0.20014054084484156
25814,GOF,0.030112985349351428,0.6872364142669929,0.28265060038365586
25815,GOF,0.043104516668615867,0.6856930654202309,0.2712024179111532
25816,GOF,0.008168423431285226,0.7279749026281659,0.26385667394054885
25817,GOF,0.0626681454146806,0.7477536137080455,0.18957824087727393
25818,GOF,0.01759402848637948,0.6909791573461148,0.29142681416750565
25819,GOF,0.07625583508835602,0.6781837275931939,0.24556043731845012
25820,GOF,0.0320135194377038,0.6978004148183579,0.27018606574393844
25821,GOF,0.01648491851508424,0.6837606053137214,0.2997544761711944
25822,GOF,0.036213074155371755,0.681027271012138,0.2827596548324904
25823,GOF,0.011687919256394612,0.5254717257389314,0.46284035500467396
25824,GOF,0.019852335278815858,0.6388244682905224,0.3413231964306616
25825,GOF,0.011734705221529805,0.6213592752692866,0.3669060195091836
25826,GOF,0.005019783963255119,0.6079323616054773,0.3870478544312677
25827,GOF,0.007457531303599407,0.621839911593016,0.3707025571033845
25828,GOF,0.004984378399375454,0.5576923459592966,0.4373232756413277
25829,GOF,0.0026617985009512644,0.5843817812884686,0.4129564202105801
25830,LOF,0.041040327697252736,0.29058906350139707,0.6683706088013502
25831,GOF,0.05513482456875721,0.7824205023895981,0.16244467304164453
25832,GOF,0.007795780164766848,0.7430867458405457,0.24911747399468756
25833,GOF,0.030592490312262497,0.7773843974004644,0.19202311228727306
25834,GOF,0.009062294985525592,0.7454031940991533,0.24553451091532105
25835,GOF,0.018686497012217577,0.7861258439481842,0.19518765903959825
25836,GOF,0.0075027442367158,0.7100506371673866,0.2824466185958976
25837,GOF,0.007800664288475566,0.6586999820741312,0.33349935363739325
25838,GOF,0.02405553943986258,0.8126783371974683,0.16326612336266902
25839,GOF,0.05926629526698144,0.7420669498426771,0.19866675489034147
25840,GOF,0.05832949108551686,0.7557272796762112,0.185943229238272
25841,GOF,0.052419595168622234,0.7749576347553091,0.1726227700760688
25842,GOF,0.026437087183129274,0.8355007051231629,0.13806220769370786
25843,GOF,0.02922417632366048,0.8529368694723116,0.11783895420402792
25844,GOF,0.01947906913073979,0.7540130782042526,0.2265078526650077
25845,GOF,0.005741691416642182,0.5337639811670191,0.46049432741633883
25846,GOF,0.04290399191828304,0.8096608483968347,0.14743515968488216
25847,GOF,0.018240095350706257,0.8685019219096397,0.11325798273965404
25848,GOF,0.011796268920825713,0.7535996871321848,0.23460404394698953
25849,GOF,0.004419219521730637,0.6475727301172048,0.3480080503610644
25850,GOF,0.005579574395138118,0.6794492467397704,0.3149711788650914
25851,GOF,0.005877489407785438,0.5669665802058628,0.4271559303863518
25852,GOF,0.19070119708856134,0.497732375355123,0.3115664275563156
25853,GOF,0.07595795666382438,0.8033182448059605,0.12072379853021502
25854,GOF,0.008287046752331061,0.6214088082757797,0.3703041449718892
25855,GOF,0.013364552541490918,0.5696920034624378,0.41694344399607136
25856,GOF,0.047130577490102035,0.6688060782562592,0.28406334425363877
25857,GOF,0.014159348499680008,0.5279689042840052,0.4578717472163148
25858,GOF,0.007414635781660918,0.5235415567463695,0.46904380747196966
25859,GOF,0.005072636287803565,0.5040799653081802,0.4908473984040162
25860,GOF,0.09094524200845674,0.7668227813214634,0.14223197667007986
25861,GOF,0.13064973142449546,0.7436629644428415,0.12568730413266296
25862,GOF,0.022378535440083284,0.8179193579547185,0.15970210660519818
25863,GOF,0.024097001941504145,0.8234912970233884,0.15241170103510743
25864,GOF,0.06004443486268341,0.8497015590404132,0.09025400609690343
25865,GOF,0.03557010869987205,0.8326035645232874,0.1318263267768407
25866,GOF,0.026267923769206766,0.8026106377661868,0.17112143846460642
25867,GOF,0.03146937301194397,0.8461665732904546,0.1223640536976015
25868,GOF,0.06575400149269946,0.7570952571541198,0.17715074135318068
25869,GOF,0.3468563286227674,0.5421663626679715,0.11097730870926115
25870,GOF,0.1971265526378832,0.45790232621488736,0.34497112114722955
25871,GOF,0.03384567140417138,0.7783633868767681,0.18779094171906055
25872,GOF,0.020397711779711957,0.7173002378685308,0.2623020503517573
25873,GOF,0.02663379318755187,0.7531332816551092,0.22023292515733894
25874,LOF,0.017159529076856236,0.1143937106894965,0.8684467602336473
25875,LOF,0.022086300842472758,0.05031792561970107,0.9275957735378261
25876,LOF,0.01412527698641831,0.03156392459365013,0.9543107984199316
25877,LOF,0.12771695421306806,0.07674106133201514,0.7955419844549169
25878,LOF,0.05190639110327972,0.12330555625450057,0.8247880526422197
25879,LOF,0.021366173827934192,0.08323314438279504,0.8954006817892708
25880,LOF,0.044330313726935085,0.012715652282486443,0.9429540339905784
25881,Neutral,0.5021491786430878,0.03420842390345139,0.46364239745346075
25882,LOF,0.01835214884445338,0.021461941682204826,0.9601859094733417
25883,LOF,0.05640139351760663,0.019123210318828018,0.9244753961635652
25884,LOF,0.009055695137790072,0.032025884265881724,0.9589184205963283
25885,LOF,0.1775595979545283,0.005654628488293398,0.8167857735571783
25886,LOF,0.23062013089614233,0.041248342684993305,0.7281315264188645
25887,LOF,0.1405818002944715,0.03925768785861554,0.820160511846913
25888,LOF,0.01275470272189823,0.086845604731874,0.9003996925462279
25889,LOF,0.01027741589396474,0.0235049730033198,0.9662176111027155
25890,LOF,0.1412607148304316,0.09530613832410283,0.7634331468454655
25891,LOF,0.0448834422563951,0.05719202495535481,0.8979245327882501
25892,LOF,0.01384135846489635,0.04198023149115905,0.9441784100439445
25893,LOF,0.39160158141104584,0.012678599050383037,0.5957198195385711
25894,LOF,0.4229599037872029,0.007598686979812162,0.569441409232985
25895,LOF,0.3669681177637415,0.01316582863584166,0.6198660536004169
25896,LOF,0.04176140322081035,0.024282251370621538,0.9339563454085681
25897,LOF,0.1996174625115878,0.013228719912014368,0.7871538175763978
25898,LOF,0.2530849627529954,0.03089164968850565,0.7160233875584989
25899,LOF,0.17696204493160284,0.02761119362175515,0.795426761446642
25900,LOF,0.46667274559464966,0.013189744631280007,0.5201375097740704
25901,LOF,0.04618744788003163,0.011692370887961595,0.9421201812320068
25902,LOF,0.08969748545778826,0.014689494381559396,0.8956130201606523
25903,LOF,0.4312628943095038,0.0307182116709632,0.5380188940195331
25904,LOF,0.3230361506478063,0.04252217401931255,0.6344416753328811
25905,LOF,0.005210658356131746,0.42502734331075737,0.5697619983331108
25906,LOF,0.008478778772358211,0.10216402006409715,0.8893572011635447
25907,LOF,0.003789751405042443,0.4010136749491033,0.5951965736458542
25908,LOF,0.003267905032852916,0.2925074414697447,0.7042246534974024
25909,LOF,0.013395647063289306,0.1311409617587766,0.8554633911779341
25910,LOF,0.01502579880555949,0.17186934993875103,0.8131048512556894
25911,LOF,0.19613559558083649,0.02931432489497297,0.7745500795241905
25912,LOF,0.07114253060321414,0.036847082519552495,0.8920103868772333
25913,LOF,0.07925079780479097,0.044526623398561956,0.8762225787966471
25914,LOF,0.0213380776834691,0.055357428103532454,0.9233044942129983
25915,LOF,0.13689950322696748,0.34437549344554563,0.5187250033274869
25916,LOF,0.017040346134343194,0.24168236052007536,0.7412772933455815
25917,LOF,0.05529929596133331,0.03850004200550563,0.9062006620331611
25918,LOF,0.026519361869238048,0.03233175861200763,0.9411488795187543
25919,LOF,0.02252066723698109,0.03261547739250876,0.9448638553705101
25920,LOF,0.06589583040183872,0.410255066630638,0.5238491029675234
25921,LOF,0.010339425850072451,0.033908464135880674,0.9557521100140468
25922,LOF,0.013028178322873809,0.026298549270789704,0.9606732724063365
25923,Neutral,0.4988086711833642,0.03145718232064731,0.4697341464959884
25924,LOF,0.01691803118059132,0.037685569669093526,0.9453963991503153
25925,LOF,0.08574829305826642,0.03659834532579551,0.8776533616159382
25926,LOF,0.057447818335996985,0.0335107488626535,0.9090414328013495
25927,LOF,0.015364166186199828,0.1443115792795365,0.8403242545342637
25928,LOF,0.007750263726183359,0.048072052282687044,0.9441776839911296
25929,Neutral,0.6121593818277778,0.03361205412456336,0.35422856404765873
25930,LOF,0.07159221596443405,0.028248748693596837,0.9001590353419691
25931,LOF,0.009775838362595999,0.033420581923202734,0.9568035797142014
25932,LOF,0.0336672668289556,0.02563705427267171,0.9406956788983727
25933,LOF,0.04376571869322873,0.01652180327945029,0.9397124780273209
25934,LOF,0.02982224216261189,0.01837112108988345,0.9518066367475047
25935,LOF,0.07348151550811793,0.04565776036697626,0.8808607241249059
25936,LOF,0.048946077041358185,0.021925371633356606,0.9291285513252853
25937,LOF,0.009427834189642853,0.035538937013866026,0.9550332287964911
25938,LOF,0.06893645350644698,0.04892589143214323,0.8821376550614098
25939,LOF,0.039976611688472,0.02019240611620035,0.9398309821953276
25940,LOF,0.0075951282314857356,0.31858473829594536,0.6738201334725689
25941,Neutral,0.5189955515570126,0.04499439569217498,0.43601005275081234
25942,LOF,0.004522226277497784,0.039735094094002166,0.9557426796285001
25943,LOF,0.032220107392319626,0.11763879827953505,0.8501410943281453
25944,LOF,0.09371780024372876,0.06688076475409878,0.8394014350021726
25945,LOF,0.058209056423409414,0.01947217549909627,0.9223187680774942
25946,LOF,0.07017547922840554,0.0695290359983485,0.8602954847732459
25947,Neutral,0.49571753294327675,0.08860268338594873,0.4156797836707745
25948,LOF,0.3023505471686103,0.009317315386554602,0.688332137444835
25949,LOF,0.07743191618650042,0.03817272295206507,0.8843953608614346
25950,GOF,0.0460407486388577,0.5104127874722627,0.4435464638888795
25951,LOF,0.024483500638518948,0.3742284017311,0.601288097630381
25952,LOF,0.32494103015095155,0.2615171878038806,0.4135417820451679
25953,LOF,0.013894019245927682,0.15479578056606072,0.8313102001880116
25954,LOF,0.07199659753177227,0.36895651980272104,0.5590468826655067
25955,LOF,0.012197753778475,0.10130988824565215,0.8864923579758728
25956,LOF,0.02582407805132246,0.16303391681701665,0.8111420051316609
25957,LOF,0.1281633925342927,0.019699226302607353,0.8521373811631
25958,LOF,0.053939647744483794,0.02822466269894209,0.9178356895565741
25959,LOF,0.013458601708077122,0.3612421578302832,0.6252992404616396
25960,LOF,0.006455760702677632,0.05378542887368219,0.9397588104236402
25961,LOF,0.04148553607111908,0.026651419027458656,0.9318630449014222
25962,LOF,0.046312305528182246,0.03932157113327147,0.9143661233385462
25963,LOF,0.007101091364833693,0.22632339308260532,0.766575515552561
25964,LOF,0.028656998063706595,0.15849285877863079,0.8128501431576626
25965,LOF,0.39560552713969044,0.06586106316067863,0.5385334096996308
25966,Neutral,0.5346420823994674,0.17935682513609977,0.28600109246443284
25967,LOF,0.006755199446432406,0.09213529009366865,0.901109510459899
25968,LOF,0.032330850853955345,0.35693986842024417,0.6107292807258005
25969,LOF,0.11031368913847944,0.05119232813984019,0.8384939827216803
25970,LOF,0.018546652990151343,0.08553133720738346,0.8959220098024652
25971,LOF,0.06433316434361912,0.02699358519949658,0.9086732504568844
25972,LOF,0.06469223889597844,0.037773099900782175,0.8975346612032393
25973,LOF,0.051747882343832347,0.010025672487394402,0.9382264451687732
25974,LOF,0.03530600304884453,0.03288665874375734,0.9318073382073981
25975,LOF,0.04543019164977614,0.023422513239957872,0.931147295110266
25976,LOF,0.10021960882766379,0.010398864417998591,0.8893815267543376
25977,LOF,0.18043496761026948,0.06897745548534606,0.7505875769043845
25978,LOF,0.1377456586710125,0.1049368120462192,0.7573175292827683
25979,LOF,0.124438793571561,0.09867959074253552,0.7768816156859035
25980,LOF,0.2073367924056388,0.12638834445485586,0.6662748631395053
25981,LOF,0.23615446784177704,0.12469773664248252,0.6391477955157405
25982,LOF,0.36640141051078345,0.08563113806809763,0.547967451421119
25983,LOF,0.35502997315409446,0.08566024015984354,0.559309786686062
25984,LOF,0.038136202168741265,0.05074870927886406,0.9111150885523945
25985,LOF,0.35331097051769406,0.13631277000932165,0.5103762594729843
25986,LOF,0.008790912995692502,0.3915992545735577,0.5996098324307497
25987,LOF,0.03039922270846188,0.0828245725653885,0.8867762047261496
25988,LOF,0.1467794870205328,0.07368407547250615,0.779536437506961
25989,LOF,0.03130519464952256,0.12339588870292609,0.8452989166475514
25990,LOF,0.03282445993209499,0.1897796618991533,0.7773958781687517
25991,LOF,0.015598096588454659,0.3344502874072744,0.6499516160042709
25992,LOF,0.023841254567369005,0.3062964978009712,0.6698622476316598
25993,LOF,0.023031221506889812,0.08185493990169239,0.8951138385914179
25994,LOF,0.015626575941584616,0.08153357029709003,0.9028398537613254
25995,LOF,0.022096871763998455,0.16852955647698267,0.8093735717590189
25996,LOF,0.3202303339850629,0.2876834556762063,0.3920862103387308
25997,LOF,0.06657214189175183,0.3392755995533207,0.5941522585549275
25998,LOF,0.26650702415009847,0.03905232280352342,0.694440653046378
25999,LOF,0.01418026170051159,0.22984026370899213,0.7559794745904962
26000,LOF,0.1654466667135092,0.02748453452010001,0.8070687987663909
26001,LOF,0.35654980230235256,0.023117467178614678,0.6203327305190327
26002,LOF,0.07844868556598593,0.048613331450105546,0.8729379829839085
26003,GOF,0.0040273843828971525,0.628563360569279,0.3674092550478239
26004,GOF,0.005696527886854416,0.7042120295248889,0.29009144258825664
26005,LOF,0.002919384973715766,0.4686587279824168,0.5284218870438675
26006,GOF,0.09851960562844247,0.5416488022309356,0.35983159214062177
26007,GOF,0.006081683865900799,0.5198076893585953,0.4741106267755037
26008,GOF,0.005764497763853705,0.6266478511040583,0.3675876511320881
26009,GOF,0.006059377154501166,0.66695712608657,0.32698349675892874
26010,GOF,0.0062751270247333735,0.6700280084575345,0.32369686451773216
26011,LOF,0.0025852543904091203,0.45491984139942093,0.54249490421017
26012,GOF,0.0036845440330474087,0.5459019404861826,0.45041351548077
26013,GOF,0.004958099409643909,0.6178747118305093,0.3771671887598468
26014,LOF,0.04499452026561194,0.09882398414902246,0.8561814955853656
26015,LOF,0.17380023871931363,0.018848277051379737,0.8073514842293067
26016,LOF,0.31672621826400865,0.026923193701826754,0.6563505880341646
26017,LOF,0.027687913898343026,0.1776612898284289,0.7946507962732281
26018,LOF,0.08477566818743648,0.040452172249119525,0.8747721595634439
26019,LOF,0.07981607119690586,0.032700247397661426,0.8874836814054328
26020,LOF,0.010463275795154992,0.1859766826395723,0.8035600415652727
26021,LOF,0.06885851636042248,0.052494172464681514,0.878647311174896
26022,LOF,0.03057581849265434,0.02186906212319234,0.9475551193841534
26023,LOF,0.05439427262964023,0.023719284904073223,0.9218864424662866
26024,LOF,0.04775514371046862,0.05324301134911539,0.899001844940416
26025,LOF,0.067571015733756,0.11879787765041522,0.8136311066158287
26026,LOF,0.15570046951235963,0.043812567001254785,0.8004869634863856
26027,LOF,0.06560273158660808,0.017929338499411165,0.9164679299139806
26028,LOF,0.12046616687170321,0.07501329729366737,0.8045205358346295
26029,LOF,0.027147559138758545,0.16248084997584514,0.8103715908853963
26030,LOF,0.14819219775929499,0.01856380977529477,0.8332439924654104
26031,LOF,0.013862883033160172,0.11817536468799146,0.8679617522788483
26032,LOF,0.08477258998499587,0.05106522965894783,0.8641621803560563
26033,LOF,0.08984107194142639,0.048713132681046656,0.8614457953775269
26034,LOF,0.015187249377782165,0.13193410921586238,0.8528786414063555
26035,LOF,0.013675071932225778,0.10634781279825099,0.8799771152695233
26036,LOF,0.01615049823528324,0.13814677377075504,0.8457027279939618
26037,LOF,0.011256687891345747,0.09409287848435809,0.8946504336242961
26038,LOF,0.07367145040325851,0.04807656659215204,0.8782519830045895
26039,LOF,0.023899686723945456,0.12164042071929831,0.8544598925567561
26040,LOF,0.12686480283237062,0.09456801638575604,0.7785671807818734
26041,LOF,0.013808207672263787,0.08290561724266876,0.9032861750850674
26042,LOF,0.012158887205329717,0.08542308896139099,0.9024180238332793
26043,LOF,0.07393101763572289,0.06772854613677531,0.8583404362275017
26044,LOF,0.014479509760523914,0.05014538473128048,0.9353751055081957
26045,LOF,0.0527074587682984,0.08410957056151017,0.8631829706701915
26046,LOF,0.0669338681207777,0.05376067759271032,0.8793054542865119
26047,LOF,0.1079761210432217,0.058393172091223876,0.8336307068655544
26048,LOF,0.05726602468498873,0.03554604347597042,0.9071879318390408
26049,Neutral,0.9684613142939376,0.005580051333847457,0.025958634372214934
26050,Neutral,0.9555351359402096,0.006890692937802122,0.03757417112198843
26051,LOF,0.013230725571166186,0.2874961929775473,0.6992730814512864
26052,LOF,0.016887260473409205,0.32030487912309463,0.6628078604034963
26053,LOF,0.023937085763553727,0.13591619808637181,0.8401467161500744
26054,LOF,0.0478234806193748,0.019001991241422347,0.9331745281392028
26055,LOF,0.06758766322124472,0.019395963214828157,0.9130163735639272
26056,LOF,0.055162828009019525,0.020693332751561832,0.9241438392394186
26057,LOF,0.03181786051536537,0.013315346394749579,0.954866793089885
26058,LOF,0.03271885742850701,0.011243777231212273,0.9560373653402807
26059,LOF,0.3133844494765334,0.024745118824903288,0.6618704316985634
26060,LOF,0.007121567935016324,0.24992996416661267,0.742948467898371
26061,LOF,0.005239160506226692,0.014591381534277378,0.980169457959496
26062,LOF,0.004465004240184241,0.019445731017138458,0.9760892647426774
26063,LOF,0.022664617690602695,0.01100927024092184,0.9663261120684755
26064,LOF,0.006804594312505196,0.028101179119211585,0.9650942265682834
26065,LOF,0.023601293625135588,0.012384528302106417,0.9640141780727579
26066,LOF,0.0215265800023175,0.011029689221222284,0.9674437307764603
26067,LOF,0.028904440952261627,0.00996440589890789,0.9611311531488305
26068,LOF,0.044874141091466285,0.02998057558584429,0.9251452833226893
26069,LOF,0.28193753619776346,0.02126323148773059,0.6967992323145059
26070,LOF,0.45740945035707375,0.016215995422667117,0.526374554220259
26071,LOF,0.02145097898536329,0.012408516759088552,0.9661405042555481
26072,LOF,0.005590245017088411,0.023506369046595647,0.9709033859363159
26073,LOF,0.018834579476722017,0.015045642441380675,0.9661197780818974
26074,Neutral,0.9135111185176679,0.00673870335263371,0.07975017812969847
26075,LOF,0.05113663011211266,0.014991019728666325,0.9338723501592211
26076,LOF,0.04032593868964136,0.010220790665721607,0.9494532706446369
26077,LOF,0.12334174961690601,0.007631160387425429,0.8690270899956685
26078,LOF,0.00605169641965534,0.014210285993954377,0.9797380175863903
26079,LOF,0.060634089355065736,0.018181229546351586,0.9211846810985828
26080,LOF,0.05812444154970411,0.018224240044443587,0.9236513184058522
26081,LOF,0.029430416289723548,0.008308052114277879,0.9622615315959986
26082,LOF,0.004709456052596784,0.01867523560910863,0.9766153083382945
26083,LOF,0.14698187585776526,0.016682420959574354,0.8363357031826604
26084,LOF,0.03775830062082745,0.013727315329918003,0.9485143840492546
26085,LOF,0.03403141113734742,0.012661429524703732,0.953307159337949
26086,LOF,0.020636094198334058,0.012255276359583279,0.9671086294420826
26087,LOF,0.02263292984999943,0.009451206417324805,0.9679158637326757
26088,LOF,0.005600223286132478,0.026598428828005012,0.9678013478858625
26089,LOF,0.040367540245363244,0.02404762679901471,0.9355848329556221
26090,LOF,0.04043340785649561,0.02027815908837867,0.9392884330551257
26091,LOF,0.028475737052869928,0.00734326672511356,0.9641809962220166
26092,LOF,0.021444530774902354,0.00899386098255485,0.9695616082425427
26093,LOF,0.03780747741149171,0.006852035433952095,0.9553404871545561
26094,LOF,0.027973150813750222,0.0071492931545278915,0.9648775560317219
26095,LOF,0.013838250072312076,0.02073963120165947,0.9654221187260285
26096,LOF,0.15558273242542678,0.006473613975744012,0.8379436535988293
26097,LOF,0.005202925435923066,0.04058552057708577,0.9542115539869911
26098,LOF,0.07571168868846297,0.014733654359451438,0.9095546569520857
26099,LOF,0.020429879977204714,0.014539730300309637,0.9650303897224857
26100,LOF,0.023233828677994645,0.014071391976402302,0.9626947793456031
26101,LOF,0.047120734627785044,0.022264287178120616,0.9306149781940942
26102,LOF,0.02078937840609264,0.01563820242280543,0.963572419171102
26103,Neutral,0.8743569554186233,0.021652170856967877,0.10399087372440878
26104,LOF,0.07272960370314789,0.02706131837960489,0.9002090779172471
26105,LOF,0.21488297880135632,0.17274259394959132,0.6123744272490524
26106,LOF,0.37166835753931476,0.11798551423067731,0.5103461282300079
26107,LOF,0.02392612802202597,0.13924762112459016,0.8368262508533839
26108,LOF,0.3885924325377466,0.046856689024124244,0.5645508784381291
26109,LOF,0.029532194876320535,0.06305194130851338,0.9074158638151661
26110,LOF,0.19662359459050782,0.00826499895313514,0.795111406456357
26111,LOF,0.0762472615155305,0.07134544915882,0.8524072893256496
26112,LOF,0.03069962126944051,0.007610205058696761,0.9616901736718627
26113,LOF,0.05639829604643532,0.01597897077054181,0.9276227331830229
26114,LOF,0.06586121657017117,0.013489399379881849,0.920649384049947
26115,LOF,0.015568213602640954,0.07264229280760909,0.9117894935897499
26116,LOF,0.0767808909198401,0.04496264750866274,0.8782564615714972
26117,LOF,0.4245893051532135,0.05511197146446987,0.5202987233823166
26118,LOF,0.03582476000134207,0.025803249383865558,0.9383719906147924
26119,LOF,0.005695576057012546,0.045528181266457496,0.9487762426765298
26120,LOF,0.02353488350057276,0.021853232298507053,0.9546118842009202
26121,LOF,0.005381231488100004,0.11931638305837669,0.8753023854535232
