feature0,prediction,LoGoFunc_Neutral,LoGoFunc_GOF,LoGoFunc_LOF
25546,Neutral,0.7682430255268721,0.042153850429206996,0.18960312404392093
25547,Neutral,0.6058982994993057,0.0844865047558575,0.30961519574483687
25548,Neutral,0.6131589021211159,0.06310855874493525,0.3237325391339488
25549,Neutral,0.5351024142663895,0.06280334982877198,0.40209423590483856
25550,LOF,0.36061890290795695,0.1500252363804082,0.4893558607116348
25551,LOF,0.29769087737202526,0.15505629291172718,0.5472528297162476
25552,LOF,0.21610335125901106,0.1429714960724732,0.6409251526685157
25553,Neutral,0.8581419823280774,0.029803581898971566,0.11205443577295104
25554,LOF,0.2506141088650254,0.1377067775170263,0.6116791136179482
25555,LOF,0.20748969049472724,0.12437849755929334,0.6681318119459794
25556,Neutral,0.4544278465601742,0.12006943142161337,0.4255027220182125
25557,LOF,0.20011628956641495,0.12764280537722655,0.6722409050563586
25558,LOF,0.23672431514223452,0.13892414813429269,0.6243515367234728
25559,LOF,0.3585649943012492,0.11582094854069834,0.5256140571580524
25560,LOF,0.0525833175190873,0.13543310975406367,0.8119835727268491
25561,LOF,0.12361595747207818,0.1345424301130714,0.7418416124148504
25562,LOF,0.08141437041832356,0.07328492865945256,0.8453007009222238
25563,LOF,0.09995284431859318,0.09131282144374692,0.80873433423766
25564,LOF,0.22727653729830335,0.15236112437026358,0.6203623383314331
25565,LOF,0.13490330533688538,0.12436473183850472,0.74073196282461
25566,GOF,0.01231396394459306,0.7540141052734178,0.23367193078198903
25567,LOF,0.01731931999005147,0.20628340050573862,0.7763972795042099
25568,LOF,0.05212589428869758,0.07542808694597437,0.8724460187653279
25569,LOF,0.0559553350227425,0.07392516098042044,0.8701195039968371
25570,LOF,0.05752593365196774,0.11394897058871604,0.8285250957593163
25571,LOF,0.04999815883225751,0.10923354710639406,0.8407682940613483
25572,LOF,0.06140015182706068,0.1234361257523945,0.8151637224205449
25573,LOF,0.03376541482397533,0.1050477008145433,0.8611868843614813
25574,LOF,0.020489136187318235,0.16983267429421428,0.8096781895184676
25575,LOF,0.04159808486044787,0.12647141038360704,0.831930504755945
25576,LOF,0.01843129287654046,0.145970226106463,0.8355984810169965
25577,LOF,0.015340111427401139,0.12612210491024273,0.8585377836623562
25578,LOF,0.28907638231657784,0.09858539078931887,0.6123382268941032
25579,LOF,0.12500421901368872,0.11548928465712205,0.7595064963291893
25580,LOF,0.028864083013283578,0.09638993787640349,0.874745979110313
25581,LOF,0.04887830912228348,0.07612530404752577,0.8749963868301909
25582,LOF,0.04841322089652461,0.07462303400853745,0.876963745094938
25583,LOF,0.035769648409128225,0.10641500926892629,0.8578153423219455
25584,Neutral,0.49249381955714616,0.12662605849342762,0.3808801219494262
25585,LOF,0.022378775463270138,0.14178225488175566,0.8358389696549742
25586,LOF,0.028318022968246637,0.08495113621061838,0.886730840821135
25587,LOF,0.028698573145401585,0.07919891151658102,0.8921025153380173
25588,LOF,0.0274877500930583,0.10001877218733166,0.87249347771961
25589,Neutral,0.6355534547337611,0.12859711949177077,0.2358494257744681
25590,LOF,0.03319982782067882,0.141039724447066,0.8257604477322552
25591,LOF,0.09113685810965917,0.06731790290539835,0.8415452389849425
25592,LOF,0.0895000974906884,0.14736610914110357,0.7631337933682081
25593,LOF,0.030048797143785985,0.2894961559513699,0.680455046904844
25594,LOF,0.04390294470898303,0.15946678142019943,0.7966302738708176
25595,LOF,0.05815610591988465,0.11320763240715886,0.8286362616729565
25596,LOF,0.05394609850327292,0.07955071796989739,0.8665031835268298
25597,LOF,0.03695918032518984,0.08304850582419615,0.879992313850614
25598,LOF,0.04978511522887561,0.11586198924968989,0.8343528955214345
25599,GOF,0.006363055773521536,0.642446108345353,0.3511908358811256
25600,GOF,0.014197341823399363,0.6297191781747955,0.35608348000180523
25601,LOF,0.009185316807486337,0.4621824376755231,0.5286322455169906
25602,LOF,0.017671974002821954,0.04172208180112327,0.9406059441960547
25603,LOF,0.0612434966069712,0.015612982960675035,0.9231435204323538
25604,LOF,0.035314098974384756,0.044894563895795804,0.9197913371298193
25605,LOF,0.010638842021960648,0.19098507132943635,0.7983760866486029
25606,LOF,0.10937942828585633,0.3199540523985136,0.5706665193156301
25607,LOF,0.006523055267235425,0.1836169392036493,0.8098600055291152
25608,LOF,0.01718330154997813,0.10062161654321769,0.8821950819068041
25609,LOF,0.062151151791328574,0.41064022319244053,0.5272086250162309
25610,LOF,0.03188193193996712,0.022146076896427138,0.9459719911636056
25611,LOF,0.03990046230226124,0.02112430900304522,0.9389752286946935
25612,LOF,0.09305877172040344,0.030289769439161833,0.8766514588404348
25613,LOF,0.08228517992052778,0.030894194877743322,0.8868206252017289
25614,LOF,0.03309956229628284,0.02610227659136612,0.940798161112351
25615,LOF,0.03370226166169716,0.03855262348550964,0.9277451148527932
25616,LOF,0.025576207875664045,0.026114283339394948,0.9483095087849409
25617,LOF,0.026232451141633226,0.02971822201755983,0.944049326840807
25618,LOF,0.12780426470602718,0.025486001773370796,0.8467097335206021
25619,LOF,0.028007605794989874,0.025906333802300317,0.9460860604027097
25620,LOF,0.03288737504921703,0.03256498520815135,0.9345476397426317
25621,LOF,0.02642134344495445,0.027662280227311552,0.9459163763277341
25622,LOF,0.0345868615601377,0.029479749155410764,0.9359333892844516
25623,LOF,0.05359801739349008,0.026415390064198303,0.9199865925423115
25624,LOF,0.024510605817717742,0.03514449225843528,0.940344901923847
25625,LOF,0.03353972503268277,0.038016091894106784,0.9284441830732104
25626,LOF,0.07308578204200863,0.026409617143105975,0.9005046008148855
25627,Neutral,0.5464381401221707,0.11553625085806442,0.3380256090197648
25628,LOF,0.21176978585288103,0.05305015023604258,0.7351800639110763
25629,LOF,0.056913498143610186,0.05362864052663825,0.8894578613297515
25630,LOF,0.17991024874159728,0.08500915462742725,0.7350805966309755
25631,Neutral,0.6245415554349879,0.05581352058573568,0.31964492397927635
25632,LOF,0.013905385188039058,0.10308417916466645,0.8830104356472945
25633,LOF,0.1073004371393304,0.0692015065995968,0.8234980562610728
25634,LOF,0.03423369637874182,0.09723174979696599,0.8685345538242921
25635,LOF,0.03666150456587418,0.07150157392689148,0.8918369215072344
25636,GOF,0.0041457583704504865,0.6071774705337127,0.3886767710958367
25637,GOF,0.003883855971934169,0.6429998556638719,0.3531162883641941
25638,LOF,0.0065507965449106845,0.3617630124841967,0.6316861909708926
25639,GOF,0.003741212231259216,0.5163144698130286,0.4799443179557122
25640,GOF,0.4636931304395313,0.46475231403813694,0.07155455552233177
25641,LOF,0.008780588905919219,0.3007982312564248,0.690421179837656
25642,LOF,0.23814232006143463,0.06073437165700389,0.7011233082815614
25643,LOF,0.2794436539957935,0.16913038682481438,0.5514259591793921
25644,GOF,0.014222374337161758,0.544722543312021,0.44105508235081736
25645,LOF,0.011505096232166867,0.4814741415743173,0.5070207621935159
25646,LOF,0.01731531651814348,0.35722719000297387,0.6254574934788827
25647,LOF,0.013302761556258685,0.29116020235760925,0.695537036086132
25648,LOF,0.013155813705974557,0.29035683089935505,0.6964873553946703
25649,LOF,0.011252857003593497,0.20702809432314812,0.7817190486732584
25650,LOF,0.01929719230218404,0.43733201867805027,0.5433707890197655
25651,LOF,0.00835786236779046,0.28465434471681633,0.7069877929153933
25652,LOF,0.01340750993076213,0.2713672663307883,0.7152252237384498
25653,LOF,0.04528281503970507,0.38498127524028053,0.5697359097200144
25654,LOF,0.014604661995656888,0.14612298606041915,0.8392723519439239
25655,LOF,0.08478195119894316,0.4164857305240207,0.4987323182770362
25656,LOF,0.09777714032716205,0.060930795781996235,0.8412920638908417
25657,LOF,0.33888349878386753,0.030470991195040688,0.6306455100210918
25658,LOF,0.045414382778185707,0.08689902488086229,0.867686592340952
25659,LOF,0.37678744109646944,0.07109300579834504,0.5521195531051856
25660,LOF,0.06642736028790819,0.0902298363992623,0.8433428033128294
25661,LOF,0.043647908773580865,0.07633829896203208,0.8800137922643871
25662,LOF,0.028104322163665024,0.048494256197599575,0.9234014216387353
25663,LOF,0.03738361878117878,0.07161115131713028,0.8910052299016908
25664,LOF,0.04260081150088616,0.0891544082332409,0.8682447802658729
25665,LOF,0.0546423520243694,0.04316613528708858,0.902191512688542
25666,LOF,0.03546648851907813,0.12676411726478629,0.8377693942161356
25667,LOF,0.031720134608571635,0.05266951389527619,0.9156103514961521
25668,LOF,0.03391235987128343,0.055367908635105746,0.9107197314936107
25669,LOF,0.038866277639033955,0.07884717003761982,0.8822865523233463
25670,LOF,0.0804086027090384,0.0972408261017599,0.8223505711892017
25671,LOF,0.04067170390827976,0.05201569674305428,0.9073125993486658
25672,LOF,0.058111759491152826,0.060669053738081055,0.881219186770766
25673,LOF,0.0451255915815134,0.07058559084450908,0.8842888175739776
25674,LOF,0.04159371031605224,0.07350879421530553,0.8848974954686423
25675,LOF,0.05019882066581666,0.06006232913579589,0.8897388501983875
25676,LOF,0.03546025563544956,0.06345356505968543,0.9010861793048651
25677,LOF,0.05945820929203357,0.06484183057782736,0.8756999601301391
25678,LOF,0.2877873345945504,0.03600625676224922,0.6762064086432003
25679,LOF,0.16856254282956226,0.0715961499539768,0.7598413072164609
25680,LOF,0.05816192231537638,0.10103400486932962,0.840804072815294
25681,LOF,0.1022991733385374,0.09389902214969037,0.8038018045117723
25682,LOF,0.045709551309518794,0.08502531441611666,0.8692651342743646
25683,LOF,0.1005619012390259,0.09950670802476493,0.7999313907362092
25684,LOF,0.058756745446679644,0.08663785796071287,0.8546053965926075
25685,LOF,0.11353259007419104,0.051323564430159924,0.8351438454956491
25686,LOF,0.03782099014918461,0.10189330617688382,0.8602857036739315
25687,LOF,0.045946293020525504,0.08749411510954136,0.8665595918699333
25688,LOF,0.02756398660901696,0.08011495947322235,0.8923210539177607
25689,LOF,0.01832228957627151,0.0827089025927512,0.8989688078309772
25690,LOF,0.01989164534969468,0.0837561530724892,0.8963522015778163
25691,LOF,0.2220233988135365,0.09566180274136513,0.6823147984450983
25692,LOF,0.28484949334336346,0.008705771670835992,0.7064447349858005
25693,LOF,0.10218153450774771,0.16597911705226073,0.7318393484399915
25694,LOF,0.2539606313628904,0.018492485950287196,0.7275468826868224
25695,LOF,0.16490929347147956,0.027192769566713897,0.8078979369618066
25696,LOF,0.1913504588578537,0.013984402974582096,0.7946651381675642
25697,LOF,0.1469655658196732,0.037372277247849375,0.8156621569324775
25698,LOF,0.035462274650774436,0.42441674468931995,0.5401209806599057
25699,LOF,0.06806856988177402,0.0797422089554668,0.8521892211627591
25700,LOF,0.030631312951354236,0.00899710420571345,0.9603715828429322
25701,LOF,0.01756988954739079,0.07371643440490394,0.9087136760477053
25702,GOF,0.03893150114728809,0.7215694516298928,0.2394990472228192
25703,LOF,0.014017182303790955,0.18790184947943606,0.798080968216773
25704,LOF,0.09884894901788911,0.1507297169831611,0.7504213339989498
25705,LOF,0.05825902854193704,0.24411865489624315,0.6976223165618198
25706,GOF,0.058844019293732036,0.5783710557992295,0.36278492490703845
25707,GOF,0.030858039990123987,0.4960921134922868,0.47304984651758913
25708,LOF,0.010601224235228435,0.45842963934478603,0.5309691364199856
25709,LOF,0.0195496303055832,0.06222504737043327,0.9182253223239835
25710,LOF,0.008985581825627467,0.15582267299910865,0.835191745175264
25711,LOF,0.02106754961195659,0.11874992427148268,0.8601825261165607
25712,LOF,0.010025920467136034,0.21388796380794528,0.7760861157249187
25713,LOF,0.0183030752304033,0.09670748451732757,0.8849894402522692
25714,LOF,0.02061802125650186,0.12501587624323632,0.8543661025002617
25715,LOF,0.020702184787514403,0.10513252301726897,0.8741652921952167
25716,LOF,0.010321179967019216,0.11509217092727234,0.8745866491057085
25717,LOF,0.006446737640697659,0.1293633181210367,0.8641899442382657
25718,LOF,0.018120485628590165,0.07638388878290354,0.9054956255885064
25719,LOF,0.032835160146353466,0.07851919817907517,0.8886456416745714
25720,LOF,0.022551212976466305,0.08541926627844067,0.892029520745093
25721,LOF,0.024088099381879422,0.09644680807592115,0.8794650925421995
25722,LOF,0.018777418812661442,0.12517376797269578,0.8560488132146428
25723,LOF,0.021458022201431583,0.06709020153833237,0.911451776260236
25724,LOF,0.03518310969976989,0.09501177673242524,0.8698051135678049
25725,LOF,0.02168331511365272,0.06440285163310192,0.9139138332532453
25726,LOF,0.01640992523112713,0.10028824757002557,0.8833018271988473
25727,LOF,0.019945583077364284,0.08302883415937658,0.8970255827632592
25728,LOF,0.018893332958981185,0.09544122472952513,0.8856654423114936
25729,LOF,0.019671396473477477,0.09513440307751266,0.88519420044901
25730,LOF,0.020450639485620304,0.07615977827706108,0.9033895822373186
25731,LOF,0.011454130390938878,0.14915299584960698,0.8393928737594542
25732,LOF,0.018187696077137147,0.08999237802907528,0.8918199258937876
25733,LOF,0.03013367901290685,0.0688840419569086,0.9009822790301846
25734,LOF,0.0075392014494501565,0.1771334958985788,0.8153273026519711
25735,LOF,0.02329778144333742,0.06728997563358147,0.9094122429230812
25736,LOF,0.02180503662475787,0.0929272081611752,0.8852677552140669
25737,LOF,0.0409493070624683,0.08017144036548232,0.8788792525720495
25738,LOF,0.021083253893404784,0.1122489886405616,0.8666677574660336
25739,LOF,0.022393630345979357,0.1146204407747643,0.8629859288792563
25740,LOF,0.0554133910779551,0.10477272298255227,0.8398138859394927
25741,LOF,0.025222196608093318,0.09120973760295849,0.8835680657889483
25742,LOF,0.034705509071413974,0.10271694056756552,0.8625775503610205
25743,LOF,0.010866785825174074,0.05760212918646692,0.9315310849883591
25744,GOF,0.10826675192582458,0.4909438411228662,0.40078940695130927
25745,LOF,0.021370155012146116,0.07483716398477527,0.9037926810030786
25746,LOF,0.011433053639419927,0.09376863440465939,0.8947983119559207
25747,LOF,0.03265068846616959,0.04347093668738241,0.9238783748464481
25748,LOF,0.18780103792754269,0.0750922822489314,0.7371066798235258
25749,LOF,0.013512466151223092,0.06142631706818721,0.9250612167805898
25750,LOF,0.015658915146656727,0.08729670043440815,0.8970443844189351
25751,LOF,0.03531314502997592,0.09412190883140881,0.8705649461386152
25752,GOF,0.09832972994836178,0.6411309184098039,0.2605393516418344
25753,LOF,0.007933647285266889,0.36319417831505324,0.6288721743996798
25754,GOF,0.005968321303069229,0.8535155368383399,0.14051614185859085
25755,LOF,0.012525604366183342,0.40713535676647267,0.580339038867344
25756,LOF,0.051414922530793605,0.42255624895977095,0.5260288285094353
25757,GOF,0.008160777996584087,0.8705957773166924,0.12124344468672353
25758,GOF,0.009416207533281658,0.8355991628933801,0.1549846295733382
25759,GOF,0.005719615341974854,0.5777807114113404,0.41649967324668485
25760,LOF,0.007885569853437368,0.2978221716044618,0.6942922585421007
25761,GOF,0.05609915613232123,0.8223682197224942,0.12153262414518468
25762,LOF,0.031495484179978876,0.3562523670515388,0.6122521487684823
25763,LOF,0.010950971579113695,0.23860963681014577,0.7504393916107406
25764,GOF,0.10491026794439919,0.5472437608547052,0.3478459712008957
25765,GOF,0.008851929590083496,0.8321994394071899,0.15894863100272671
25766,GOF,0.03208969128037038,0.8093948272626746,0.1585154814569551
25767,LOF,0.018520266195106688,0.4616080312935037,0.5198717025113896
25768,LOF,0.03994075228442711,0.07522093155348367,0.8848383161620893
25769,LOF,0.02323990347530031,0.07690217726448965,0.89985791926021
25770,LOF,0.15044971421590556,0.06401970146079333,0.785530584323301
25771,LOF,0.016101209294358737,0.07138219305805477,0.9125165976475866
25772,LOF,0.02396060467197817,0.029280455984672733,0.9467589393433492
25773,LOF,0.013403770207042044,0.07262739677983857,0.9139688330131194
25774,LOF,0.026871922822128556,0.09597911846232993,0.8771489587155415
25775,LOF,0.022193090607958463,0.042046616631511345,0.9357602927605301
25776,LOF,0.024838508001048608,0.025864885660786256,0.949296606338165
25777,LOF,0.18920020028009651,0.0780440159692536,0.73275578375065
25778,LOF,0.019367839444895552,0.05564854255767564,0.9249836179974288
25779,GOF,0.03721967105342287,0.8945629389382019,0.06821739000837528
25780,GOF,0.07155783776772073,0.8672825371414093,0.061159625090869835
25781,GOF,0.02759946458333315,0.8741640079564698,0.09823652746019712
25782,GOF,0.03455602658675957,0.9010331585811353,0.06441081483210502
25783,GOF,0.020064727640634,0.7575162297805675,0.22241904257879835
25784,GOF,0.10757419706703102,0.8386404179766431,0.05378538495632589
25785,GOF,0.07553691875470439,0.8861353423559551,0.03832773888934048
25786,GOF,0.005623869726757789,0.8366961871645977,0.15767994310864453
25787,GOF,0.172925824675345,0.79670041634844,0.030373758976215106
25788,LOF,0.016694122227648996,0.16653867941976405,0.8167671983525869
25789,GOF,0.019102579369162667,0.8676154625261506,0.11328195810468654
25790,GOF,0.02321249903273463,0.8819679160366649,0.0948195849306004
25791,GOF,0.017716438068140418,0.8251951558554346,0.15708840607642502
25792,GOF,0.02803549068868219,0.8406877747679902,0.13127673454332756
25793,GOF,0.07473433118713779,0.8313128962225165,0.09395277259034575
25794,GOF,0.060341282567657174,0.7924812111891989,0.147177506243144
25795,GOF,0.04418912115672778,0.77500004055822,0.1808108382850522
25796,GOF,0.08001594376954886,0.8047733839628596,0.11521067226759162
25797,GOF,0.038746890013263105,0.6745823436462564,0.2866707663404806
25798,GOF,0.003476623007148554,0.6539482353624285,0.3425751416304228
25799,GOF,0.003202492184657751,0.5222654508699706,0.47453205694537165
25800,GOF,0.013672386084530164,0.7326856821700659,0.253641931745404
25801,GOF,0.01545311680867972,0.8700201053755307,0.11452677781578952
25802,GOF,0.02160938330574257,0.8076811337238835,0.17070948297037392
25803,GOF,0.011506748589834406,0.7035531005602331,0.2849401508499325
25804,GOF,0.01448833045653715,0.6121576943904,0.37335397515306296
25805,GOF,0.025006933059287993,0.721610514606046,0.25338255233466617
25806,GOF,0.02008379286818624,0.7460255512303434,0.23389065590147023
25807,GOF,0.0058158868606688376,0.708360694580215,0.285823418559116
25808,GOF,0.016764431782414872,0.7534610514160548,0.22977451680153044
25809,GOF,0.006716642875126255,0.7363188106016142,0.25696454652325973
25810,GOF,0.00575235781013743,0.7415377094410988,0.25270993274876385
25811,GOF,0.05137222531312158,0.8570721220739304,0.09155565261294807
25812,GOF,0.017737006614258064,0.730290071064906,0.251972922320836
25813,GOF,0.11414092423300813,0.8040987405978443,0.08176033516914762
25814,GOF,0.028566176690592526,0.8197425083250262,0.1516913149843812
25815,GOF,0.04287579015356616,0.8199482925291444,0.13717591731728954
25816,GOF,0.009099424652028301,0.8505943086465664,0.1403062667014054
25817,GOF,0.10019758933500464,0.7624741885106623,0.13732822215433288
25818,GOF,0.026626746586621276,0.7981125389794687,0.17526071443390998
25819,GOF,0.06817198229216502,0.7832967144083768,0.14853130329945813
25820,GOF,0.03310772488089033,0.7744873808137603,0.19240489430534932
25821,GOF,0.01972176294961842,0.769683577770399,0.2105946592799826
25822,GOF,0.04194390328939129,0.7896510734606478,0.16840502324996098
25823,GOF,0.015591529377005732,0.6599557088225517,0.3244527618004425
25824,GOF,0.02651076265999003,0.7800611572862676,0.19342808005374243
25825,GOF,0.016884090717845752,0.7564161874146369,0.22669972186751738
25826,GOF,0.0058516556160485966,0.717972488315698,0.27617585606825334
25827,GOF,0.009564454797400375,0.7057683018258787,0.28466724337672095
25828,GOF,0.006231320229666084,0.6590068711076692,0.3347618086626647
25829,GOF,0.0030414187571334533,0.7066626947981857,0.29029588644468085
25830,GOF,0.039110418665074045,0.49270334340181887,0.4681862379331071
25831,GOF,0.04888152815227949,0.8338047385180932,0.11731373332962726
25832,GOF,0.008909781716419813,0.8023177978392749,0.18877242044430523
25833,GOF,0.03612901355140167,0.8458562090701137,0.11801477737848443
25834,GOF,0.008619134785512725,0.8205350895442525,0.1708457756702349
25835,GOF,0.019381231563505512,0.8705475923331094,0.11007117610338521
25836,GOF,0.006774056069826143,0.8216656525006005,0.17156029142957338
25837,GOF,0.007578027592040913,0.738180931262185,0.2542410411457741
25838,GOF,0.022533759638599417,0.8770588361484187,0.10040740421298171
25839,GOF,0.042053287326803794,0.8585840989172326,0.09936261375596354
25840,GOF,0.0643895880985807,0.8305425999454361,0.105067811955983
25841,GOF,0.05840629238381582,0.8455827560584814,0.09601095155770252
25842,GOF,0.02870715999509405,0.8994232287354561,0.07186961126944992
25843,GOF,0.02776455105078777,0.9072330124077707,0.06500243654144172
25844,GOF,0.018985171791525177,0.8525693265340099,0.12844550167446495
25845,GOF,0.005915526811072447,0.6577983437845834,0.3362861294043442
25846,GOF,0.04362908761559595,0.8561733220818549,0.10019759030254918
25847,GOF,0.02045433845817653,0.9129253803212067,0.06662028122061686
25848,GOF,0.017960958653124137,0.8635924774705976,0.11844656387627826
25849,GOF,0.005419771098779428,0.7624923330400435,0.2320878958611772
25850,GOF,0.006697678750638669,0.7716082526944504,0.2216940685549109
25851,GOF,0.005975810294463822,0.6655298637432752,0.32849432596226114
25852,GOF,0.14018220262766268,0.6102556398159213,0.2495621575564159
25853,GOF,0.06830362994094412,0.8617400279579986,0.06995634210105726
25854,GOF,0.005612965747931829,0.7185050073415853,0.2758820269104829
25855,GOF,0.015241775685205608,0.6558284974626205,0.3289297268521738
25856,GOF,0.04018880477373709,0.7864738629506708,0.1733373322755922
25857,GOF,0.013777117463249998,0.6534995255864416,0.33272335695030847
25858,GOF,0.008903652654946774,0.6342599785494684,0.35683636879558495
25859,GOF,0.006225265634815603,0.6053859661668488,0.3883887681983355
25860,GOF,0.08615085043565072,0.8102856710065535,0.10356347855779585
25861,GOF,0.09427360273973033,0.8046547881103954,0.10107160914987445
25862,GOF,0.023337750859025206,0.8737440910472071,0.10291815809376777
25863,GOF,0.02258320036115779,0.8824430535058659,0.09497374613297624
25864,GOF,0.05279832787377411,0.8733712973212409,0.07383037480498511
25865,GOF,0.03748431024177281,0.8373759407604262,0.1251397489978009
25866,GOF,0.030724136917313825,0.8654153389876761,0.10386052409501006
25867,GOF,0.03584476398083282,0.8780437791238962,0.08611145689527103
25868,GOF,0.057651446401001484,0.8409534448968843,0.10139510870211424
25869,GOF,0.3468082813325783,0.5918119911451475,0.0613797275222742
25870,GOF,0.07588121466125732,0.676492545983402,0.24762623935534056
25871,GOF,0.012807837872079885,0.8960471984234955,0.09114496370442463
25872,GOF,0.02054572890974032,0.8705860784636977,0.1088681926265621
25873,GOF,0.020988845839347486,0.888687770120405,0.09032338404024744
25874,LOF,0.018573819472008486,0.17959511955649465,0.8018310609714968
25875,LOF,0.04739387705933979,0.04299844856136777,0.9096076743792924
25876,LOF,0.019108869087970694,0.036335850242248155,0.9445552806697812
25877,LOF,0.12526348793574968,0.08612095086911635,0.788615561195134
25878,LOF,0.06520445980202405,0.1106660514683153,0.8241294887296607
25879,LOF,0.02663506396753075,0.08241291954226271,0.8909520164902065
25880,LOF,0.05580716104425172,0.012418098969488554,0.9317747399862598
25881,Neutral,0.5484167103005565,0.055545737772841566,0.39603755192660195
25882,LOF,0.05819742567233557,0.027821016352894398,0.91398155797477
25883,LOF,0.029913412663884295,0.024625244769258793,0.945461342566857
25884,LOF,0.02807818422775089,0.04124099856958726,0.9306808172026618
25885,LOF,0.23539376684738486,0.011333752286995487,0.7532724808656197
25886,LOF,0.15394384301664962,0.055423671835823016,0.7906324851475274
25887,LOF,0.21248540763749432,0.05443746379046795,0.7330771285720378
25888,LOF,0.01254666014598432,0.1185530143957372,0.8689003254582786
25889,LOF,0.032507101314709415,0.030584350130546792,0.9369085485547437
25890,LOF,0.11440603623265298,0.11068969228185918,0.7749042714854878
25891,LOF,0.0917223389066656,0.021991620350414475,0.88628604074292
25892,LOF,0.009011366339281776,0.028525501092573687,0.9624631325681445
25893,LOF,0.3951947622754888,0.007461048157062258,0.5973441895674491
25894,LOF,0.44706179342291746,0.0045614486223422256,0.5483767579547403
25895,LOF,0.3389551531882804,0.009380480315618481,0.6516643664961012
25896,LOF,0.06759978262425693,0.013738172544644468,0.9186620448310987
25897,LOF,0.1940655899630474,0.007473243881979375,0.7984611661549731
25898,LOF,0.16032535852904067,0.023830523858631495,0.8158441176123279
25899,LOF,0.3164136022924656,0.01414985327921856,0.6694365444283158
25900,LOF,0.4360120287282876,0.006164838827027548,0.5578231324446848
25901,LOF,0.06750101347032562,0.00628061488204661,0.9262183716476278
25902,LOF,0.16270425761803395,0.007542815627276984,0.829752926754689
25903,LOF,0.40409428010169707,0.019630763615706502,0.5762749562825965
25904,LOF,0.4502078554585171,0.018357016264072597,0.5314351282774104
25905,LOF,0.004332118547625786,0.47716015700917286,0.5185077244432014
25906,LOF,0.010358390128797105,0.12262971731949315,0.8670118925517099
25907,LOF,0.004173348284504735,0.3815258230466133,0.614300828668882
25908,LOF,0.004763473456026328,0.273609065881887,0.7216274606620866
25909,LOF,0.023046977480342436,0.1767541980467012,0.8001988244729563
25910,LOF,0.011332753792271295,0.1259408028504539,0.8627264433572747
25911,LOF,0.3353614275977264,0.05134037634258246,0.613298196059691
25912,LOF,0.0718872632709535,0.059840608034059425,0.868272128694987
25913,LOF,0.05225557861216439,0.07184952544760392,0.8758948959402317
25914,LOF,0.03911099952058934,0.046021444650774235,0.9148675558286364
25915,LOF,0.18262567268318844,0.20481366565200868,0.6125606616648028
25916,LOF,0.032525877155904145,0.14346046942758817,0.8240136534165077
25917,LOF,0.07001016950032242,0.03945750603327851,0.8905323244663991
25918,LOF,0.047850874467208,0.028976227865197685,0.9231728976675944
25919,LOF,0.040196785060985334,0.028169535422913835,0.9316336795161009
25920,LOF,0.14997696228269117,0.16750348785036273,0.6825195498669462
25921,LOF,0.016595739282899903,0.04181709687862897,0.9415871638384712
25922,LOF,0.01709233507115823,0.03571425263647495,0.9471934122923668
25923,LOF,0.46566676462245327,0.03802143079944575,0.49631180457810103
25924,LOF,0.02573074532714775,0.05442178104145045,0.9198474736314018
25925,LOF,0.07826681181712863,0.05249214750327427,0.8692410406795971
25926,LOF,0.05644525677325832,0.04989096982906824,0.8936637733976734
25927,LOF,0.023320585947569663,0.07166243937435289,0.9050169746780774
25928,LOF,0.01035954262640569,0.0585992630761129,0.9310411942974814
25929,Neutral,0.5554338731240055,0.036330022404899444,0.4082361044710951
25930,LOF,0.07070849751429564,0.034903480156243616,0.8943880223294608
25931,LOF,0.014688484165083721,0.03909212685455857,0.9462193889803577
25932,LOF,0.059123439067686384,0.030715551884704453,0.9101610090476092
25933,LOF,0.05465336115323516,0.019890985826155918,0.925455653020609
25934,LOF,0.05118542029662154,0.01960922826122188,0.9292053514421565
25935,LOF,0.0679580502006618,0.06629606679920304,0.8657458830001352
25936,LOF,0.08331025220031991,0.022655163176126602,0.8940345846235533
25937,LOF,0.01509867988768625,0.04021811515511118,0.9446832049572027
25938,LOF,0.06611067167446313,0.06004544180664803,0.8738438865188888
25939,LOF,0.03913951569481705,0.02720317136052383,0.9336573129446591
25940,LOF,0.009499682235569741,0.3487429035721393,0.641757414192291
25941,Neutral,0.4988399609280314,0.037950624298980405,0.46320941477298827
25942,LOF,0.009274695493736926,0.04702048894719179,0.9437048155590713
25943,LOF,0.046990039808606915,0.19541805689211367,0.7575919032992794
25944,LOF,0.06731587723299179,0.09582463430469072,0.8368594884623176
25945,LOF,0.11299493305764319,0.018794543559271053,0.8682105233830858
25946,LOF,0.07484349319095111,0.041158558884353456,0.8839979479246955
25947,Neutral,0.458097226800601,0.09216916012654586,0.4497336130728532
25948,LOF,0.42810402117725604,0.013413352783883583,0.5584826260388603
25949,LOF,0.12645302087434232,0.06949005151225343,0.8040569276134042
25950,GOF,0.06849532233971922,0.6523382395019832,0.2791664381582975
25951,LOF,0.011262021256590765,0.43023029904686017,0.558507679696549
25952,LOF,0.3049135602970273,0.24657850797678246,0.4485079317261902
25953,LOF,0.008156186152689735,0.18053375546163955,0.8113100583856706
25954,LOF,0.08767046183992801,0.45286673392855353,0.45946280423151853
25955,LOF,0.007768491785159524,0.15164040921864835,0.8405910989961921
25956,LOF,0.017968987782675614,0.24434990503859105,0.7376811071787333
25957,LOF,0.2214275348645823,0.03632655294879077,0.7422459121866268
25958,LOF,0.03161321638122418,0.030196509488223607,0.9381902741305522
25959,GOF,0.013616138345767664,0.49686693447673524,0.4895169271774971
25960,LOF,0.006836811545310544,0.05153530523808011,0.9416278832166093
25961,LOF,0.03079271805588211,0.02858153483042063,0.9406257471136972
25962,LOF,0.03436093231023185,0.07068722547609706,0.894951842213671
25963,LOF,0.004745161455373011,0.19684363698799973,0.7984112015566273
25964,LOF,0.029626822177711568,0.0992580412057577,0.8711151366165307
25965,LOF,0.2822057860141121,0.11264333328082711,0.6051508807050607
25966,Neutral,0.45324285898334365,0.15010284368189028,0.39665429733476615
25967,LOF,0.00888244194255132,0.09263825303676135,0.8984793050206874
25968,LOF,0.04686298518050757,0.20023584781951562,0.7529011669999768
25969,LOF,0.12321178306105558,0.04843109558300011,0.8283571213559443
25970,LOF,0.022522354285384873,0.06829298002792057,0.9091846656866945
25971,LOF,0.08764352464757282,0.023192369901953974,0.8891641054504732
25972,LOF,0.06591383100474839,0.03720103892685195,0.8968851300683998
25973,LOF,0.07398933777829723,0.008741856793704221,0.9172688054279985
25974,LOF,0.05232105063440701,0.03445820720268035,0.9132207421629126
25975,LOF,0.049951436550195745,0.01627474628604328,0.933773817163761
25976,LOF,0.10739911866502236,0.00968599386677906,0.8829148874681986
25977,LOF,0.18695045385532078,0.07723620649210167,0.7358133396525776
25978,LOF,0.18027897313361313,0.10973210642405098,0.7099889204423359
25979,LOF,0.1461929508910695,0.12540640518555995,0.7284006439233707
25980,LOF,0.25182151947483,0.15842405310065472,0.5897544274245153
25981,LOF,0.2525024947613301,0.1598900258336715,0.5876074794049985
25982,Neutral,0.4827181401042942,0.08020257833850516,0.43707928155720055
25983,Neutral,0.4894074239011451,0.09666539168947717,0.4139271844093778
25984,LOF,0.03480470940621691,0.09406982715214675,0.8711254634416362
25985,Neutral,0.42823332679426357,0.15451052609160354,0.41725614711413295
25986,LOF,0.012922268289950491,0.4157857130834153,0.5712920186266343
25987,LOF,0.05545516236031136,0.1251795156574087,0.81936532198228
25988,LOF,0.04277561019338963,0.18829332108773908,0.7689310687188713
25989,LOF,0.03732035322738741,0.2261180424909546,0.736561604281658
25990,LOF,0.03776055705832379,0.3337208166937713,0.6285186262479049
25991,LOF,0.029330250712074717,0.4749582419315786,0.49571150735634656
25992,LOF,0.026870368720401983,0.46573049994909405,0.5073991313305038
25993,LOF,0.030776533578572386,0.0786676498582851,0.8905558165631425
25994,LOF,0.0236863301611039,0.08148167604442028,0.8948319937944758
25995,LOF,0.022202008427625625,0.15816044617015518,0.8196375454022191
25996,Neutral,0.3545493556790439,0.3310868071007136,0.3143638372202425
25997,LOF,0.06749368543099565,0.4030012519228582,0.5295050626461462
25998,LOF,0.2347097778113261,0.05106414140267389,0.7142260807859999
25999,LOF,0.02595556573805465,0.2103319649834043,0.763712469278541
26000,LOF,0.17363868318986736,0.0285674655898895,0.7977938512202432
26001,LOF,0.2411502294876836,0.043908487915099305,0.7149412825972171
26002,LOF,0.10184307334503712,0.048419581954258564,0.8497373447007044
26003,GOF,0.0054350440915898615,0.6633228827509589,0.33124207315745124
26004,GOF,0.0077599207041101044,0.7103814489883824,0.2818586303075076
26005,GOF,0.0039053452637622826,0.5087762397142871,0.48731841502195056
26006,GOF,0.1171876425476042,0.5819105682159836,0.3009017892364121
26007,GOF,0.007901431250644582,0.5578990440411377,0.43419952470821777
26008,GOF,0.006399953759665309,0.6640914699955631,0.32950857624477153
26009,GOF,0.007855263637716896,0.6906347187477409,0.30151001761454216
26010,GOF,0.009169564196300266,0.6791934499449287,0.311636985858771
26011,LOF,0.003588763062676137,0.47915612735482055,0.5172551095825032
26012,GOF,0.005302246083192975,0.5359640487668544,0.4587337051499526
26013,GOF,0.00732381721217999,0.5982390932418975,0.39443708954592244
26014,LOF,0.05865987913972523,0.11519899904383378,0.826141121816441
26015,LOF,0.42211430457848864,0.024143435437786253,0.5537422599837252
26016,LOF,0.3095690061212359,0.04431056859752476,0.6461204252812394
26017,LOF,0.025571012628199337,0.2166491871393035,0.7577798002324971
26018,LOF,0.031023269029052326,0.05510091470061312,0.9138758162703345
26019,LOF,0.030848749805118383,0.049845019401099054,0.9193062307937825
26020,LOF,0.009654088511823611,0.19626672412212143,0.7940791873660549
26021,LOF,0.07842687966005531,0.0739818993160238,0.847591221023921
26022,LOF,0.0422210819354818,0.02814903996271038,0.9296298781018077
26023,LOF,0.032268039705389946,0.031459841559601034,0.936272118735009
26024,LOF,0.0473791646430194,0.07542330951460406,0.8771975258423765
26025,LOF,0.06866441251847274,0.08306641101758154,0.8482691764639458
26026,LOF,0.11842261504173887,0.0637101783228328,0.8178672066354283
26027,LOF,0.02716749291562002,0.025710131144625652,0.9471223759397543
26028,LOF,0.10801672338229629,0.1522789981603313,0.7397042784573724
26029,LOF,0.019602829086423454,0.16882703919606395,0.8115701317175127
26030,LOF,0.16371557255402663,0.018743582409401258,0.8175408450365722
26031,LOF,0.010053260057247106,0.14067515580000456,0.8492715841427484
26032,LOF,0.04251675204762097,0.04403602704513993,0.9134472209072392
26033,LOF,0.06999581473502646,0.039834783957063594,0.89016940130791
26034,LOF,0.013380587689357284,0.12624629946350882,0.8603731128471339
26035,LOF,0.011456743549847765,0.0932123643122547,0.8953308921378974
26036,LOF,0.01202471125670133,0.11108525567655747,0.8768900330667412
26037,LOF,0.009857288389779756,0.0868977032078628,0.9032450084023574
26038,LOF,0.03749258204336555,0.039638851640904374,0.92286856631573
26039,LOF,0.024813182902631698,0.11215685110566286,0.8630299659917055
26040,LOF,0.11345733559551047,0.11337010333655075,0.7731725610679387
26041,LOF,0.012858817288116452,0.07704281278817385,0.9100983699237096
26042,LOF,0.01192995110967067,0.08478079776805125,0.9032892511222782
26043,LOF,0.03643721909441846,0.052455069792651264,0.9111077111129303
26044,LOF,0.014510079416692011,0.03981041000975442,0.9456795105735537
26045,LOF,0.06594726617389005,0.10083810492911928,0.8332146288969906
26046,LOF,0.031757688878698634,0.041547666598427506,0.9266946445228739
26047,LOF,0.05241708951314375,0.042674658596859906,0.9049082518899964
26048,LOF,0.08585137251847115,0.022843480032736955,0.891305147448792
26049,Neutral,0.946317102825814,0.006296708729048057,0.04738618844513805
26050,Neutral,0.9208762955703658,0.006861177272793512,0.07226252715684073
26051,LOF,0.0164048426493619,0.09185416891024589,0.8917409884403922
26052,LOF,0.030753635524132083,0.11005433411562887,0.8591920303602391
26053,LOF,0.031156422829051227,0.15638274844811043,0.8124608287228383
26054,LOF,0.044081177952487206,0.02944283011730517,0.9264759919302076
26055,LOF,0.061075133238637586,0.024888675457056263,0.9140361913043062
26056,LOF,0.051432524096193796,0.032137704500594305,0.9164297714032119
26057,LOF,0.05524631687204051,0.014277538780770212,0.9304761443471893
26058,LOF,0.059442887116049094,0.011778555059715711,0.9287785578242351
26059,LOF,0.18730907928427112,0.029739647226321702,0.7829512734894071
26060,LOF,0.016762970442425102,0.19660251026216702,0.7866345192954078
26061,LOF,0.012400261929038148,0.011721677453278283,0.9758780606176837
26062,LOF,0.006827725385025916,0.01934262862143174,0.9738296459935424
26063,LOF,0.037074847183143286,0.01131993372765663,0.9516052190892001
26064,LOF,0.011634498734714251,0.02488016945303493,0.9634853318122507
26065,LOF,0.046986270219343464,0.012802085727629985,0.9402116440530266
26066,LOF,0.04453746351911665,0.010810357164553228,0.94465217931633
26067,LOF,0.05176936596022824,0.010504116317518615,0.937726517722253
26068,LOF,0.05140944340336284,0.04551115596478362,0.9030794006318534
26069,LOF,0.16193528982328406,0.027859776191572018,0.8102049339851438
26070,LOF,0.3494089806740149,0.022313753963881314,0.6282772653621039
26071,LOF,0.04303326001211047,0.012459886536216404,0.9445068534516731
26072,LOF,0.01074884056566723,0.02193421236492365,0.9673169470694091
26073,LOF,0.03672508373225506,0.014032176655243148,0.9492427396125017
26074,Neutral,0.928004889951113,0.008342526879571958,0.063652583169315
26075,LOF,0.05294929899838434,0.02182466369539504,0.9252260373062206
26076,LOF,0.052104435743544175,0.011845735397315841,0.93604982885914
26077,LOF,0.17669321840168292,0.006958635599077068,0.8163481459992401
26078,LOF,0.009099253078219545,0.015675718957085708,0.9752250279646947
26079,LOF,0.06414820399807834,0.02428443519743251,0.9115673608044892
26080,LOF,0.06346302786037619,0.024340304513039743,0.9121966676265841
26081,LOF,0.03173534224906556,0.0092894273477857,0.9589752304031488
26082,LOF,0.007363559315563815,0.015267606774046599,0.9773688339103896
26083,LOF,0.09755637370965069,0.021327896493587184,0.8811157297967622
26084,LOF,0.09827423477703548,0.01456507126192353,0.8871606939610409
26085,LOF,0.08984666035361615,0.012662070670339162,0.8974912689760448
26086,LOF,0.03748182282071854,0.012229785357210735,0.9502883918220707
26087,LOF,0.03557899834074536,0.010421372442299882,0.9539996292169548
26088,LOF,0.009590004168977642,0.0207753639939516,0.9696346318370708
26089,LOF,0.04368901487223153,0.03749744811403517,0.9188135370137334
26090,LOF,0.044624052633203494,0.029078779494464586,0.926297167872332
26091,LOF,0.030425783099791073,0.008129025514016388,0.9614451913861926
26092,LOF,0.040383349571913106,0.008981215223713519,0.9506354352043733
26093,LOF,0.07345536795099901,0.00634026262798036,0.9202043694210207
26094,LOF,0.03553804503486166,0.007571172020347183,0.9568907829447911
26095,LOF,0.04046257582265422,0.01817118309608883,0.9413662410812569
26096,LOF,0.2225572466939051,0.005652145781174854,0.77179060752492
26097,LOF,0.008661333903174018,0.03338708966112928,0.9579515764356967
26098,LOF,0.08681931300220588,0.01996409199138733,0.8932165950064067
26099,LOF,0.04148817801490425,0.015832744438169746,0.942679077546926
26100,LOF,0.04147048867438539,0.015833036631548367,0.9426964746940663
26101,LOF,0.05831297973900257,0.02830877033625745,0.91337824992474
26102,LOF,0.032871261428295086,0.01651172532665189,0.9506170132450531
26103,Neutral,0.879984361467707,0.02674333355622433,0.0932723049760686
26104,LOF,0.05771361858610904,0.04205672030902563,0.9002296611048655
26105,LOF,0.2377482955219084,0.1932193624737562,0.5690323420043353
26106,LOF,0.3205633804970984,0.13255610402682041,0.5468805154760812
26107,LOF,0.019364301553390792,0.09667714334357594,0.8839585551030333
26108,LOF,0.27363602170790147,0.051341773733739084,0.6750222045583596
26109,LOF,0.10141613141540345,0.041100786410219796,0.8574830821743769
26110,LOF,0.4771949360681505,0.007677914808996678,0.5151271491228528
26111,LOF,0.046559462027578935,0.16855365232208458,0.7848868856503364
26112,LOF,0.0526960123386076,0.009054468387706155,0.9382495192736863
26113,LOF,0.10787373102550345,0.020474803850075565,0.871651465124421
26114,LOF,0.09436923259693533,0.008935986597208314,0.8966947808058564
26115,LOF,0.013450900228698864,0.05419454154872773,0.9323545582225735
26116,LOF,0.06957020077005929,0.028123930877887195,0.9023058683520535
26117,LOF,0.39950041071730574,0.037163030913563114,0.5633365583691311
26118,LOF,0.045367334515242226,0.01693578769665322,0.9376968777881045
26119,LOF,0.006120477230376432,0.03371665353223189,0.9601628692373916
26120,LOF,0.03527483765247653,0.01577594150120875,0.9489492208463148
26121,LOF,0.004476453774803354,0.12343282152181051,0.8720907247033861
