feature0,prediction,LoGoFunc_Neutral,LoGoFunc_GOF,LoGoFunc_LOF
25546,Neutral,0.6228303515404993,0.08281886583261734,0.2943507826268834
25547,Neutral,0.4717221171876361,0.2057189308580859,0.322558951954278
25548,Neutral,0.4360292276474831,0.14971134824890783,0.414259424103609
25549,LOF,0.40781907010927965,0.15552604332631104,0.4366548865644094
25550,LOF,0.3175511606474016,0.15982063877260697,0.5226282005799915
25551,LOF,0.23928211650745507,0.15528893962182644,0.6054289438707186
25552,LOF,0.1510083964918333,0.16234376293815111,0.6866478405700156
25553,Neutral,0.8081668826472553,0.03653467826596142,0.1552984390867833
25554,LOF,0.17682494870780363,0.1651573792008026,0.6580176720913937
25555,LOF,0.15017261447039418,0.14605346119539828,0.7037739243342076
25556,Neutral,0.48616925440513925,0.124870929214887,0.38895981637997373
25557,LOF,0.15524158031059995,0.15985665794100945,0.6849017617483907
25558,LOF,0.18273221162325348,0.18471537283766437,0.6325524155390823
25559,Neutral,0.5593221275067802,0.030373378837313673,0.4103044936559061
25560,LOF,0.04312805102748688,0.18624712190176587,0.7706248270707473
25561,LOF,0.11189894782209377,0.2392569698729619,0.6488440823049444
25562,LOF,0.13223738657157136,0.06614174620573411,0.8016208672226944
25563,LOF,0.12589687576712602,0.09672728192504162,0.7773758423078322
25564,LOF,0.07916603376155543,0.20330316923793015,0.7175307970005145
25565,LOF,0.12570568543237853,0.26016496923658144,0.6141293453310401
25566,GOF,0.02731245364612248,0.5215440799680221,0.45114346638585545
25567,LOF,0.01106915861539955,0.14006461909484694,0.8488662222897535
25568,LOF,0.05863328272667304,0.0841482150388523,0.8572185022344746
25569,LOF,0.10451762116039151,0.07067082106589613,0.8248115577737124
25570,LOF,0.061168385860775255,0.07448659358523785,0.8643450205539869
25571,LOF,0.07409752393374545,0.06504751020224527,0.8608549658640092
25572,LOF,0.04062296549566277,0.08886407778797598,0.8705129567163613
25573,LOF,0.020896006441485225,0.10512198307977887,0.8739820104787359
25574,LOF,0.009402462323151539,0.3140145889608467,0.6765829487160018
25575,LOF,0.05438376813535086,0.03683188626973191,0.9087843455949172
25576,LOF,0.014463220772780725,0.04596726329516297,0.9395695159320562
25577,LOF,0.009869901823922052,0.0464440409672114,0.9436860572088664
25578,LOF,0.24152297004133366,0.11604817464596835,0.6424288553126979
25579,LOF,0.20170278236009023,0.11092823638897902,0.6873689812509307
25580,LOF,0.031156238943512108,0.042123304384091856,0.926720456672396
25581,LOF,0.04844249396840967,0.13012428999947062,0.8214332160321197
25582,LOF,0.048787978542148044,0.1032812947283931,0.8479307267294588
25583,LOF,0.03441648090714944,0.044944845952761735,0.920638673140089
25584,Neutral,0.5111846398490075,0.08127849972416867,0.4075368604268238
25585,LOF,0.027022762189003933,0.042377672882482696,0.9305995649285134
25586,LOF,0.03193605888088777,0.03565511279063883,0.9324088283284735
25587,LOF,0.026103934181922264,0.031830050237160935,0.9420660155809167
25588,LOF,0.026454321675467702,0.04096145823867956,0.9325842200858526
25589,Neutral,0.6734751138854232,0.10159002364858917,0.22493486246598754
25590,LOF,0.020343611267459663,0.10270408163143288,0.8769523071011074
25591,LOF,0.06885854822891513,0.0639743235535216,0.8671671282175633
25592,LOF,0.11002896086956881,0.08652500072475747,0.8034460384056736
25593,LOF,0.011140413572059471,0.42024431963873465,0.5686152667892059
25594,LOF,0.06684905759300917,0.06707275524808308,0.8660781871589077
25595,LOF,0.12102514077157207,0.11860335220808292,0.7603715070203451
25596,LOF,0.09710534658070406,0.07497994167489452,0.8279147117444013
25597,LOF,0.0803252946112854,0.028409922819815445,0.8912647825688992
25598,LOF,0.16815432953229018,0.0884007414048713,0.7434449290628385
25599,LOF,0.011797489526554066,0.4107680577032937,0.5774344527701524
25600,LOF,0.013525586466834065,0.4828264367404108,0.5036479767927551
25601,LOF,0.008221795848043842,0.2404081714157456,0.7513700327362105
25602,LOF,0.022339161565534414,0.08698950316808496,0.8906713352663808
25603,LOF,0.03506837999746755,0.08486002626876728,0.8800715937337651
25604,LOF,0.03344222252900545,0.10921132573062195,0.8573464517403726
25605,LOF,0.011971839736863188,0.2984832933108411,0.6895448669522957
25606,LOF,0.06744977734702949,0.4212373677669619,0.5113128548860085
25607,LOF,0.0031894905029488502,0.18335556360231295,0.8134549458947382
25608,LOF,0.06362121769418606,0.0322373834630292,0.9041413988427848
25609,LOF,0.08658128170570371,0.14697653422916543,0.7664421840651309
25610,LOF,0.03690222222860017,0.07232721915909095,0.8907705586123088
25611,LOF,0.054519718028394996,0.03298076247155474,0.9124995195000503
25612,LOF,0.22063140211133858,0.03949491508756492,0.7398736828010966
25613,LOF,0.10719354338072296,0.058154831810186235,0.8346516248090907
25614,LOF,0.030734711343415468,0.07135093981216953,0.897914348844415
25615,LOF,0.07237980521843962,0.05585406445701119,0.8717661303245493
25616,LOF,0.026354173000081787,0.1215929297378619,0.8520528972620565
25617,LOF,0.0393144044101862,0.050124783961662124,0.9105608116281516
25618,LOF,0.16660258980709822,0.18485123862634742,0.6485461715665545
25619,LOF,0.03452846681262189,0.1051955783823674,0.8602759548050107
25620,LOF,0.032477856917141674,0.10438258938818676,0.8631395536946715
25621,LOF,0.03404078498307044,0.04908920202264328,0.9168700129942862
25622,LOF,0.025525643363822147,0.08249809105567057,0.8919762655805074
25623,LOF,0.04169589387593294,0.1104221851668786,0.8478819209571884
25624,LOF,0.02912906401625982,0.11102239147955696,0.8598485445041831
25625,LOF,0.0384510683771089,0.08096823509699352,0.8805806965258977
25626,LOF,0.11315130967430366,0.042058576830628205,0.8447901134950682
25627,Neutral,0.43105496135919114,0.1578799521850418,0.41106508645576706
25628,LOF,0.17382569328589734,0.04339472775453576,0.782779578959567
25629,LOF,0.08910552583952917,0.05940263766189572,0.8514918364985751
25630,LOF,0.1709385487496603,0.05679118056607589,0.7722702706842638
25631,Neutral,0.5495641146664421,0.07727272115741912,0.37316316417613876
25632,LOF,0.0187208306344679,0.15146930187213836,0.8298098674933937
25633,LOF,0.2605487591849401,0.3024954720090311,0.43695576880602877
25634,LOF,0.062139900452009254,0.1875960100117759,0.7502640895362147
25635,LOF,0.046102557660447255,0.15606606160891828,0.7978313807306344
25636,LOF,0.0050936110300778105,0.4432015456222428,0.5517048433476794
25637,LOF,0.004460084529381394,0.24937446445979475,0.7461654510108239
25638,LOF,0.005815959660241316,0.294460115549965,0.6997239247897936
25639,LOF,0.004797540399585112,0.2401971939890977,0.7550052656113172
25640,GOF,0.4052223556724114,0.51035256832379,0.08442507600379864
25641,LOF,0.009293434469711186,0.2125644525685294,0.7781421129617595
25642,LOF,0.23600074432377408,0.03014876060671093,0.733850495069515
25643,LOF,0.23029885436383327,0.030233684461385007,0.7394674611747817
25644,LOF,0.011829554288531087,0.4020330382017651,0.5861374075097038
25645,GOF,0.010728977982545563,0.5544412799741046,0.4348297420433497
25646,LOF,0.01227738410043566,0.34629563681379805,0.6414269790857663
25647,LOF,0.010684400995966162,0.32117009279768605,0.6681455062063477
25648,LOF,0.0078028544835656586,0.36382770436280315,0.6283694411536312
25649,LOF,0.008452826767738567,0.25895000659096523,0.7325971666412963
25650,LOF,0.027155353239330483,0.38705847998499293,0.5857861667756765
25651,LOF,0.007627101728350614,0.25521645896967954,0.7371564393019698
25652,LOF,0.01340360351064774,0.4023764275382166,0.5842199689511357
25653,GOF,0.056162025610806174,0.49181069690584533,0.4520272774833485
25654,LOF,0.00802014526000381,0.38371868129971154,0.6082611734402846
25655,GOF,0.10578287743880464,0.5333168205381532,0.3609003020230421
25656,LOF,0.08804210693550094,0.10096332776830505,0.8109945652961941
25657,LOF,0.26694327138812113,0.030171552076147256,0.7028851765357317
25658,LOF,0.028492797230511742,0.16010335889295654,0.8114038438765317
25659,LOF,0.19783926383016,0.12149375956529557,0.6806669766045444
25660,LOF,0.09564860017480036,0.09057166137807471,0.8137797384471249
25661,LOF,0.057602674861681594,0.0782158279331703,0.8641814972051481
25662,LOF,0.03857086004551392,0.07049371280458529,0.8909354271499008
25663,LOF,0.04299181782606635,0.11367617931838829,0.8433320028555454
25664,LOF,0.025122277680737683,0.15070096018421805,0.8241767621350443
25665,LOF,0.04461759193898009,0.07754444769430846,0.8778379603667115
25666,LOF,0.03201235691480996,0.21368471933024286,0.7543029237549471
25667,LOF,0.034896192736597144,0.03263161936022166,0.9324721879031811
25668,LOF,0.03896171015889653,0.05676908182810657,0.9042692080129969
25669,LOF,0.031744381230207036,0.07076315671979867,0.8974924620499943
25670,LOF,0.06472465261801472,0.07820891888211479,0.8570664284998706
25671,LOF,0.05027918406990514,0.04415769259613577,0.905563123333959
25672,LOF,0.059004696182410374,0.05197816481320351,0.8890171390043861
25673,LOF,0.03347941029047123,0.07626948693585221,0.8902511027736766
25674,LOF,0.023333149478575222,0.10078474729211395,0.8758821032293109
25675,LOF,0.03081781495852407,0.057978766939071766,0.9112034181024042
25676,LOF,0.038981858906564554,0.07713291581601346,0.883885225277422
25677,LOF,0.06085687732496103,0.05302296689991522,0.8861201557751238
25678,LOF,0.13134059638511067,0.08397170483641496,0.7846876987784744
25679,LOF,0.09571345836030122,0.10918290619887225,0.7951036354408266
25680,LOF,0.09908706378176634,0.10481349962126556,0.796099436596968
25681,LOF,0.10344709918243776,0.10595001158748614,0.790602889230076
25682,LOF,0.04359603921202054,0.05165186556339148,0.904752095224588
25683,LOF,0.06727135155569118,0.0990546098819714,0.8336740385623373
25684,LOF,0.056115689844387036,0.07762078894105998,0.866263521214553
25685,LOF,0.11808578520636104,0.02930246759317324,0.8526117472004657
25686,LOF,0.033898371175236246,0.10583098698782901,0.8602706418369347
25687,LOF,0.052953989989546146,0.11383169504153694,0.833214314968917
25688,LOF,0.022317490454609793,0.3347158361062782,0.6429666734391121
25689,LOF,0.015398724056114955,0.18007941989787585,0.8045218560460092
25690,LOF,0.018908551918129596,0.307712294070094,0.6733791540117764
25691,GOF,0.11444081213470873,0.4867322246645391,0.39882696320075206
25692,LOF,0.37449422069853766,0.026041216648421805,0.5994645626530405
25693,LOF,0.03470714218502298,0.4354215161458677,0.5298713416691093
25694,LOF,0.2377935062233756,0.026166552394313463,0.7360399413823109
25695,LOF,0.17755198574044256,0.04228813088423521,0.7801598833753223
25696,LOF,0.07304360784734733,0.05259874478298172,0.8743576473696709
25697,LOF,0.06426328752462372,0.03783661397752943,0.8979000984978469
25698,LOF,0.015221180956683955,0.3958536447402655,0.5889251743030505
25699,LOF,0.06267629897795347,0.2749481924026503,0.6623755086193962
25700,LOF,0.049423616363914166,0.03298095117999828,0.9175954324560875
25701,LOF,0.012546922410771247,0.3443845228907316,0.6430685546984971
25702,LOF,0.027916576166588426,0.4677016377634256,0.5043817860699861
25703,LOF,0.015269211774000762,0.06974367911668328,0.9149871091093159
25704,LOF,0.061686118334535876,0.05969624111938421,0.8786176405460799
25705,LOF,0.1424841971502296,0.14814567984484978,0.7093701230049205
25706,GOF,0.024773169685935074,0.5182042084774988,0.45702262183656617
25707,LOF,0.026257650657253592,0.34871786390536597,0.6250244854373805
25708,LOF,0.00832599798646611,0.4930481027348524,0.4986258992786816
25709,LOF,0.061613768434299644,0.06339817285834765,0.8749880587073527
25710,LOF,0.008006703680657586,0.14794572942051407,0.8440475668988283
25711,LOF,0.06391111965170784,0.07965270899283791,0.8564361713554544
25712,LOF,0.012260310085083713,0.16893940980279668,0.8188002801121197
25713,LOF,0.056641490264302624,0.08582308581470761,0.8575354239209898
25714,LOF,0.042649270563058526,0.17818263787690847,0.779168091560033
25715,LOF,0.047842982082365475,0.11155071796954534,0.8406062999480892
25716,LOF,0.007461872077002,0.050055010909576134,0.9424831170134219
25717,LOF,0.007382806505128929,0.04053664277856217,0.952080550716309
25718,LOF,0.053415099372957194,0.03405333962285755,0.9125315610041852
25719,LOF,0.051953530464809765,0.0941380665120541,0.8539084030231362
25720,LOF,0.051962612282870774,0.09585605139049547,0.8521813363266337
25721,LOF,0.058688744926105624,0.057451106537789384,0.883860148536105
25722,LOF,0.04624118740120122,0.0808604082730426,0.8728984043257562
25723,LOF,0.0717500289827671,0.09955064855023568,0.8286993224669972
25724,LOF,0.07713079741563054,0.2774308939159545,0.645438308668415
25725,LOF,0.0722943724406239,0.0949488681447266,0.8327567594146495
25726,LOF,0.05612802093047223,0.07781863151599956,0.8660533475535283
25727,LOF,0.07701647524119325,0.05815734104696613,0.8648261837118407
25728,LOF,0.05551705612402984,0.10455296151607806,0.8399299823598921
25729,LOF,0.06266812420986734,0.1127456107955318,0.8245862649946009
25730,LOF,0.07407984162520953,0.07839166984801024,0.8475284885267803
25731,LOF,0.01185160113331624,0.053449137669042926,0.9346992611976409
25732,LOF,0.035214699747102174,0.04518811046207576,0.9195971897908222
25733,LOF,0.04850244927902113,0.10378716454383662,0.8477103861771423
25734,LOF,0.006658339540936608,0.2024092870192809,0.7909323734397825
25735,LOF,0.0460360291052239,0.06931160560145645,0.8846523652933196
25736,LOF,0.051964769894849196,0.09189738798914107,0.8561378421160097
25737,LOF,0.0786972165809133,0.07444891189699729,0.8468538715220895
25738,LOF,0.05466061145485179,0.14872705279592632,0.7966123357492219
25739,LOF,0.04342354377980414,0.10013771350180693,0.8564387427183889
25740,LOF,0.07649558403254476,0.10624741574898663,0.8172570002184686
25741,LOF,0.06671187128704964,0.10630272467641473,0.8269854040365355
25742,LOF,0.07667252209727456,0.116779411077549,0.8065480668251764
25743,LOF,0.012815689926558809,0.025167668563336073,0.9620166415101051
25744,LOF,0.14995927521149613,0.20922383598639954,0.6408168888021043
25745,LOF,0.027143078393199578,0.09231865007797548,0.8805382715288248
25746,LOF,0.015371124977818387,0.1163087081898296,0.8683201668323519
25747,LOF,0.044684418131864266,0.04521800121300979,0.9100975806551259
25748,LOF,0.2993061428250676,0.13213717508027648,0.5685566820946559
25749,LOF,0.01875254922970858,0.12026297633293141,0.8609844744373599
25750,LOF,0.019740713612392748,0.1462614868049194,0.8339977995826879
25751,LOF,0.0325258575813235,0.17723591125431762,0.7902382311643589
25752,GOF,0.09615962627155297,0.6765360395457063,0.2273043341827406
25753,LOF,0.008111181253466177,0.46947592548565886,0.5224128932608748
25754,GOF,0.009910349053318036,0.9037000304908093,0.08638962045587267
25755,GOF,0.009266677510247727,0.5013937072820521,0.4893396152077001
25756,GOF,0.02629690185896238,0.5851929493890494,0.38851014875198814
25757,GOF,0.010198754988622506,0.8559160343494913,0.13388521066188624
25758,GOF,0.011731919868162261,0.88774871725045,0.10051936288138773
25759,GOF,0.007629269230173076,0.7068014202334865,0.28556931053634055
25760,LOF,0.006919187074961989,0.39691823817465094,0.596162574750387
25761,GOF,0.05415677219107334,0.8775279263902803,0.06831530141864618
25762,GOF,0.025855621150951684,0.5619211779253386,0.4122232009237096
25763,LOF,0.007398910748543482,0.3461967930298855,0.646404296221571
25764,GOF,0.08041253478282447,0.7359792400110035,0.18360822520617215
25765,GOF,0.012038514388234457,0.922895243963079,0.06506624164868659
25766,GOF,0.031059389074341772,0.8591461819950453,0.10979442893061289
25767,GOF,0.011611602082031262,0.5903018912854849,0.39808650663248385
25768,LOF,0.05700329409559028,0.04834359759738475,0.8946531083070249
25769,LOF,0.029776612099990916,0.13903223892459196,0.8311911489754171
25770,Neutral,0.5189154190238462,0.16844371888915277,0.312640862087001
25771,LOF,0.02328654600021888,0.09133244181783748,0.8853810121819435
25772,LOF,0.04353970600029883,0.0840847775157945,0.8723755164839067
25773,LOF,0.01705170297582007,0.24497296770346422,0.7379753293207157
25774,LOF,0.031653873753821934,0.3491612875280788,0.6191848387180993
25775,LOF,0.02288982189597589,0.06398385835816468,0.9131263197458593
25776,LOF,0.0314516084544246,0.07174585119127556,0.8968025403543
25777,LOF,0.08066386163191207,0.291544827892807,0.6277913104752809
25778,LOF,0.03363569761652121,0.11275057283616052,0.8536137295473182
25779,GOF,0.08094714774110218,0.595587263267818,0.32346558899107986
25780,GOF,0.08623425787645168,0.597655687258792,0.31611005486475624
25781,GOF,0.036461870593604284,0.49922116386738585,0.46431696553900986
25782,GOF,0.0337901009850791,0.6301351172164763,0.33607478179844447
25783,GOF,0.07123291936688644,0.630889224789768,0.29787785584334553
25784,GOF,0.1525307942889817,0.6619717842013193,0.18549742150969897
25785,GOF,0.20879401851976304,0.5262229143128575,0.26498306716737946
25786,LOF,0.014059331985464347,0.31799897436097907,0.6679416936535566
25787,GOF,0.3672816987677172,0.37015473147501976,0.2625635697572631
25788,LOF,0.02796273986712015,0.037421579703628284,0.9346156804292516
25789,GOF,0.023743994047094263,0.5770753042869007,0.3991807016660051
25790,LOF,0.03933877877761902,0.41544714976533675,0.5452140714570441
25791,LOF,0.03349409836032019,0.4436934889158635,0.5228124127238163
25792,GOF,0.0398249964927675,0.5057735130901029,0.45440149041712957
25793,LOF,0.07773757257093702,0.42737997849706366,0.49488244893199945
25794,LOF,0.08184640928419275,0.29134691037410737,0.6268066803416998
25795,LOF,0.08271594807138259,0.3368322322115431,0.5804518197170743
25796,LOF,0.19413558399680678,0.2864271709084797,0.5194372450947136
25797,LOF,0.06360199812873911,0.34164223808819494,0.5947557637830659
25798,GOF,0.009336672407547996,0.5936188831278176,0.39704444446463427
25799,LOF,0.005838489223031282,0.4616437859252417,0.5325177248517271
25800,GOF,0.032780153115305063,0.6828239498623774,0.28439589702231755
25801,GOF,0.03138022418793573,0.5624476097901487,0.4061721660219155
25802,GOF,0.03327836870557098,0.5392849659259036,0.4274366653685254
25803,LOF,0.03189557675511674,0.41194033396242696,0.5561640892824563
25804,LOF,0.052639182049676325,0.36271711358998426,0.5846437043603394
25805,GOF,0.03683183353991175,0.48496716904465775,0.4782009974154306
25806,GOF,0.050307706693631576,0.4893617298215866,0.4603305634847818
25807,LOF,0.020332946373121438,0.4281174551073002,0.5515495985195783
25808,GOF,0.03631542980526508,0.5389382938762832,0.4247462763184517
25809,LOF,0.017827347632985793,0.4217876007776195,0.5603850515893948
25810,LOF,0.01553973171645689,0.4589684266856273,0.5254918415979158
25811,GOF,0.11001119718486028,0.5930289007658578,0.29695990204928185
25812,LOF,0.05053347664344417,0.4090398180525908,0.540426705303965
25813,GOF,0.2544372267150028,0.41298181275770524,0.33258096052729197
25814,LOF,0.05093785377044666,0.4289053723920408,0.5201567738375126
25815,GOF,0.08837985915684188,0.5287196624664198,0.3829004783767384
25816,LOF,0.011709939467126597,0.4937423744703244,0.49454768606254906
25817,LOF,0.15293901172723903,0.4017596762803924,0.44530131199236855
25818,GOF,0.03503915402062508,0.5686604425661838,0.3963004034131911
25819,LOF,0.07251973356383756,0.38419272647416663,0.5432875399619957
25820,LOF,0.07575992955849692,0.3386858132132671,0.585554257228236
25821,LOF,0.051927636766152516,0.37014132662677296,0.5779310366070746
25822,LOF,0.10931279231870723,0.318699820689565,0.5719873869917278
25823,LOF,0.05693649569517427,0.30262072032712184,0.6404427839777039
25824,GOF,0.03650569664140875,0.5542251146303737,0.40926918872821755
25825,GOF,0.0259884451355625,0.5790040986755793,0.39500745618885824
25826,LOF,0.011491831106116545,0.44997275687815963,0.5385354120157239
25827,GOF,0.02655344246107215,0.536325004825205,0.437121552713723
25828,GOF,0.015338671811485901,0.4930933804960088,0.49156794769250534
25829,LOF,0.006557823057686149,0.2821479293848393,0.7112942475574745
25830,LOF,0.0886508933407282,0.1129944019479747,0.7983547047112971
25831,GOF,0.10723656795017408,0.5988377677522384,0.29392566429758754
25832,LOF,0.011169037562774526,0.47089522322834665,0.5179357392088788
25833,GOF,0.038671176575880505,0.5892576268238463,0.3720711966002731
25834,LOF,0.011316981460392011,0.4794243182541222,0.5092587002854858
25835,GOF,0.03632725519850553,0.6914119264242918,0.2722608183772027
25836,GOF,0.009338009936676677,0.5606081378703018,0.4300538521930215
25837,LOF,0.014222828946270367,0.4806998382785084,0.5050773327752213
25838,GOF,0.031803951657101114,0.6220515297651109,0.346144518577788
25839,GOF,0.10232065092722256,0.466003351164746,0.43167599790803146
25840,GOF,0.11735866314679864,0.5240976337359069,0.35854370311729455
25841,GOF,0.09823236167556401,0.6082110985637599,0.29355653976067614
25842,GOF,0.034131119389398494,0.6667908801511918,0.2990780004594095
25843,GOF,0.03142983322440487,0.672235545709648,0.29633462106594716
25844,GOF,0.0272630151304723,0.5822994218936316,0.3904375629758961
25845,LOF,0.009033492639633352,0.3872639260205273,0.6037025813398395
25846,GOF,0.09212607669390337,0.6880675601586644,0.21980636314743227
25847,GOF,0.023080296453690613,0.6341305813449009,0.34278912220140867
25848,GOF,0.02532812769858562,0.6250180081492981,0.3496538641521163
25849,GOF,0.008106696822295867,0.5575495829374489,0.4343437202402553
25850,LOF,0.01062564304098808,0.3831124607727311,0.6062618961862809
25851,LOF,0.00944740335357681,0.3063897127256904,0.6841628839207329
25852,LOF,0.2154942248095534,0.30432075088292765,0.48018502430751886
25853,LOF,0.0737942839399192,0.4070147120199641,0.5191910040401168
25854,LOF,0.00929069918849274,0.41808987795177965,0.5726194228597276
25855,LOF,0.0317718118806769,0.3398828143522599,0.6283453737670632
25856,GOF,0.06617052145623531,0.4914995092366724,0.44232996930709223
25857,LOF,0.0333933756884926,0.3048481196541213,0.6617585046573861
25858,LOF,0.010623616012774345,0.30614537830851485,0.6832310056787108
25859,LOF,0.007934537836891206,0.2935471783966813,0.6985182837664276
25860,LOF,0.09978569261158275,0.34671825331793377,0.5534960540704834
25861,GOF,0.13814432424709805,0.5839309657167535,0.2779247100361483
25862,GOF,0.025228297337533918,0.7809439357882054,0.19382776687426076
25863,GOF,0.02382094386733006,0.6818830117150967,0.2942960444175733
25864,GOF,0.03685846190639405,0.784434575955309,0.1787069621382969
25865,GOF,0.039417748281861335,0.7669130802917365,0.1936691714264021
25866,GOF,0.02337711906836623,0.6811428393994926,0.29548004153214114
25867,GOF,0.042411271066976085,0.7213243343918782,0.23626439454114578
25868,GOF,0.07521964841408581,0.48097326111778627,0.44380709046812794
25869,LOF,0.32304343646900424,0.33707989696806767,0.3398766665629281
25870,LOF,0.0994622027633692,0.23202281824094487,0.6685149789956859
25871,LOF,0.012814443872582331,0.34469826612898435,0.6424872899984333
25872,LOF,0.03523500324473067,0.4106566850682621,0.5541083116870072
25873,GOF,0.02653833500201735,0.500373695239386,0.47308796975859657
25874,LOF,0.039578137680644464,0.03127716499367613,0.9291446973256793
25875,LOF,0.020151092900921614,0.2408563465802721,0.7389925605188064
25876,LOF,0.020270897889601767,0.13722835308455603,0.8425007490258422
25877,LOF,0.11188898102088783,0.2668836321543704,0.6212273868247419
25878,GOF,0.06022180494131158,0.48799370206216874,0.4517844929965197
25879,LOF,0.011246083365831378,0.2184010754026576,0.770352841231511
25880,LOF,0.04489478849532834,0.03296120231555354,0.9221440091891182
25881,Neutral,0.4073599109229157,0.3479178748114242,0.24472221426566002
25882,LOF,0.03513858606723338,0.178688998825323,0.7861724151074436
25883,LOF,0.025915714540377374,0.1860244823533358,0.7880598031062869
25884,LOF,0.012574976456720207,0.16454205315778397,0.8228829703854958
25885,LOF,0.1495153868800537,0.04395709855840603,0.8065275145615404
25886,LOF,0.11956910421570931,0.2193280460231978,0.6611028497610929
25887,GOF,0.044115301301038135,0.4969015957518816,0.4589831029470804
25888,LOF,0.00555052268779567,0.4499025015791232,0.5445469757330811
25889,LOF,0.022594713997726945,0.10861808995104213,0.8687871960512309
25890,LOF,0.16097489195287673,0.23799823823554794,0.6010268698115753
25891,LOF,0.11391426154466175,0.06448491621560642,0.8216008222397319
25892,LOF,0.006039181320802694,0.12002177072038654,0.8739390479588108
25893,LOF,0.27058948793112136,0.05452608697528456,0.6748844250935941
25894,LOF,0.30814862114167046,0.03015522661033086,0.6616961522479987
25895,LOF,0.2358913923581995,0.05087068376318336,0.7132379238786172
25896,LOF,0.06810730724350117,0.08970388287094389,0.842188809885555
25897,LOF,0.11066847227169502,0.07511114770815262,0.8142203800201524
25898,LOF,0.0689542297953836,0.3196277259860172,0.6114180442185992
25899,LOF,0.2673701729856879,0.2525650998344318,0.4800647271798803
25900,Neutral,0.9396516845524335,0.01632544992111218,0.044022865526454256
25901,LOF,0.05633303485457153,0.04172899130672156,0.9019379738387068
25902,LOF,0.07645185337052533,0.021102915070780385,0.9024452315586942
25903,LOF,0.1408003394608409,0.17296051183712177,0.6862391487020374
25904,Neutral,0.45464694020694313,0.16768712219768062,0.37766593759537637
25905,LOF,0.012119176527925497,0.25319565103797187,0.7346851724341026
25906,LOF,0.010146279984035242,0.035176629373433646,0.9546770906425311
25907,LOF,0.010021742752197877,0.15759877778954506,0.832379479458257
25908,LOF,0.010357300530303702,0.17525034729375188,0.8143923521759444
25909,LOF,0.04012913089201772,0.11978842215227205,0.8400824469557102
25910,LOF,0.016996118804112895,0.11002348596064682,0.8729803952352403
25911,LOF,0.11979104467247668,0.09703351515434536,0.783175440173178
25912,LOF,0.13256729062214245,0.02678891437044367,0.8406437950074138
25913,LOF,0.014647912617842885,0.09361044869711886,0.8917416386850383
25914,LOF,0.03248613970440432,0.16958083787964143,0.7979330224159543
25915,GOF,0.08491712992424444,0.77492699239407,0.1401558776816855
25916,LOF,0.014561768645495356,0.47347015809998094,0.5119680732545238
25917,LOF,0.12331414061715794,0.0876823708441568,0.7890034885386853
25918,LOF,0.03637661176556311,0.09408989656672921,0.8695334916677077
25919,LOF,0.036329378364373416,0.06630688937684658,0.8973637322587801
25920,LOF,0.33488675835068576,0.269830061671809,0.39528317997750523
25921,LOF,0.02351902636616122,0.03630240843325998,0.9401785652005787
25922,LOF,0.01896476445693989,0.032894182097077375,0.9481410534459828
25923,LOF,0.36181483322621466,0.06413058886813804,0.5740545779056473
25924,LOF,0.028081777918428735,0.056304314628702265,0.9156139074528691
25925,LOF,0.212124584236254,0.0409991062149089,0.746876309548837
25926,LOF,0.11387033310548951,0.09868477957099032,0.7874448873235201
25927,LOF,0.022588489658941575,0.12011630931263682,0.8572952010284217
25928,LOF,0.014527728320843232,0.0267872844152165,0.9586849872639404
25929,Neutral,0.5734654054866712,0.06447273954108462,0.3620618549722441
25930,LOF,0.0419566975103044,0.06232314111187235,0.8957201613778232
25931,LOF,0.015067679992080607,0.04091371105267451,0.9440186089552448
25932,LOF,0.07966717611195086,0.03229283066897955,0.8880399932190697
25933,LOF,0.0733607488912518,0.014857585868599591,0.9117816652401486
25934,LOF,0.0657497309916954,0.019149938750948975,0.9151003302573557
25935,LOF,0.21550794906018264,0.050640237911752685,0.7338518130280646
25936,LOF,0.06440189776722428,0.018039534990840066,0.9175585672419356
25937,LOF,0.016168091391564617,0.04677956273794756,0.9370523458704878
25938,LOF,0.21214538443076306,0.03745661245876731,0.7503980031104697
25939,LOF,0.05126407910305185,0.01809909855991531,0.9306368223370328
25940,GOF,0.007946112979646557,0.5674769849579638,0.42457690206238957
25941,Neutral,0.474028039249729,0.10816691930341805,0.41780504144685293
25942,LOF,0.010526492072097673,0.18625322593459126,0.803220281993311
25943,GOF,0.029106651467115177,0.5586304220703785,0.4122629264625063
25944,LOF,0.02140400456547021,0.4051598226184921,0.5734361728160378
25945,LOF,0.09385011539133069,0.10334691495101875,0.8028029696576505
25946,LOF,0.08775177383105144,0.07652256756825791,0.8357256586006906
25947,Neutral,0.47526828274127075,0.07556735148481178,0.4491643657739175
25948,Neutral,0.5358013744896601,0.017831406508622232,0.44636721900171766
25949,LOF,0.12840667171269218,0.04213578388142144,0.8294575444058864
25950,GOF,0.04564969246787234,0.8098723861581358,0.14447792137399187
25951,GOF,0.011801106014737576,0.7528029861999683,0.23539590778529407
25952,GOF,0.07913760023568317,0.47245102692098406,0.4484113728433328
25953,GOF,0.005659317108711017,0.5901619781475156,0.4041787047437735
25954,GOF,0.019851298311089484,0.7121921675607525,0.2679565341281579
25955,GOF,0.00480488244570853,0.5957677906967139,0.39942732685757754
25956,GOF,0.010522834678495298,0.5275672548544768,0.46190991046702795
25957,LOF,0.2393019535461688,0.05306301991772777,0.7076350265361033
25958,LOF,0.02751218638555859,0.17150141453754905,0.8009863990768923
25959,GOF,0.006604327835235166,0.7144082045364255,0.2789874676283392
25960,LOF,0.004904593066952362,0.1915036123997166,0.803591794533331
25961,LOF,0.026686224174138778,0.13823003298818892,0.8350837428376723
25962,LOF,0.05324767909784963,0.0926834365503817,0.8540688843517688
25963,LOF,0.01136450568411743,0.19903588260474434,0.7895996117111382
25964,LOF,0.05332663056527899,0.13172578185356448,0.8149475875811566
25965,LOF,0.1844649687440528,0.19091313623532655,0.6246218950206206
25966,LOF,0.26532500266662234,0.2671350148673255,0.4675399824660521
25967,LOF,0.007781442544781384,0.06982655128052746,0.9223920061746912
25968,LOF,0.08630528342764011,0.27515486480013646,0.6385398517722234
25969,LOF,0.1682052292383752,0.053334112894154295,0.7784606578674704
25970,LOF,0.02298131685696014,0.24272681901599213,0.7342918641270477
25971,LOF,0.07389858083799739,0.12565303261898206,0.8004483865430206
25972,LOF,0.06989375152840384,0.14509736688538902,0.7850088815862072
25973,LOF,0.09442979856979654,0.01109811421919445,0.894472087211009
25974,LOF,0.10045385241389974,0.15261636906418213,0.7469297785219181
25975,LOF,0.041710201466056564,0.016253592720797592,0.9420362058131457
25976,LOF,0.07672165247156382,0.0125279321374653,0.910750415390971
25977,LOF,0.1719605029144366,0.09525020409769175,0.7327892929878717
25978,LOF,0.15085865236506144,0.06923927937119957,0.779902068263739
25979,LOF,0.12169241834267876,0.07840031225498323,0.799907269402338
25980,LOF,0.19268007163424897,0.21338930475067194,0.5939306236150792
25981,LOF,0.19686990219649783,0.23642476836523157,0.5667053294382706
25982,LOF,0.3023739103483447,0.09399958511436364,0.6036265045372916
25983,Neutral,0.5268133833149337,0.09827189622611095,0.3749147204589554
25984,LOF,0.03815576391035506,0.1365576348174436,0.8252866012722013
25985,Neutral,0.48129110608858183,0.2736534098421486,0.24505548406926944
25986,GOF,0.008615006365161234,0.5889642423001856,0.4024207513346531
25987,LOF,0.0159408392559793,0.13871037108627318,0.8453487896577474
25988,LOF,0.03397242832174949,0.21058649011855787,0.7554410815596926
25989,LOF,0.03941108799513163,0.20016062004325538,0.760428291961613
25990,LOF,0.03755557591248808,0.3347906035946233,0.6276538204928886
25991,GOF,0.042953662719410236,0.6068259045694687,0.35022043271112113
25992,LOF,0.015579061662297404,0.3905571783547789,0.5938637599829236
25993,LOF,0.03853689900424329,0.03006890315649646,0.9313941978392604
25994,LOF,0.03935617426083744,0.04698760968288807,0.9136562160562745
25995,LOF,0.024459068780685024,0.06915995553523749,0.9063809756840775
25996,Neutral,0.43596397742610626,0.29405117997518226,0.26998484259871147
25997,GOF,0.09396198001581862,0.5074517876238532,0.3985862323603281
25998,LOF,0.17451054017257173,0.18734406550145555,0.6381453943259727
25999,GOF,0.022249566478709452,0.5098067720576808,0.4679436614636097
26000,LOF,0.13063388282736957,0.019866321873053126,0.8494997952995773
26001,LOF,0.14655390270786448,0.04600268640396812,0.8074434108881674
26002,LOF,0.09279340970297247,0.021099735096361462,0.886106855200666
26003,GOF,0.011513501651244042,0.5075304604545678,0.48095603789418806
26004,LOF,0.02504239033846461,0.4548623901195586,0.5200952195419768
26005,LOF,0.008819790324620432,0.4534670106382626,0.537713199037117
26006,LOF,0.21289906553067967,0.34628099988788535,0.440819934581435
26007,LOF,0.016382475488318157,0.45848674938478357,0.5251307751268983
26008,LOF,0.011003587047186528,0.3636068786828968,0.6253895342699166
26009,LOF,0.020623687376215626,0.4456882836634261,0.5336880289603583
26010,LOF,0.011747338096695993,0.4446384264600574,0.5436142354432465
26011,LOF,0.00961070290276266,0.3464099564641788,0.6439793406330585
26012,LOF,0.010629252714882662,0.4205259540877766,0.5688447931973408
26013,LOF,0.01629925121102604,0.4050604859951012,0.5786402627938727
26014,LOF,0.07592401354002463,0.05862185130455869,0.8654541351554167
26015,LOF,0.41140300393793083,0.0697547623282401,0.5188422337338291
26016,LOF,0.27808382308757773,0.17077077145401962,0.5511454054584025
26017,GOF,0.018074045498823323,0.5168436115570634,0.46508234294411327
26018,LOF,0.02351076864044329,0.2026869489295878,0.7738022824299688
26019,LOF,0.02339159518283336,0.15969025419864663,0.8169181506185199
26020,LOF,0.007561055664067559,0.4040145275686662,0.5884244167672662
26021,LOF,0.08655308485141211,0.2598332209803774,0.6536136941682105
26022,LOF,0.05668504387915413,0.07896123823177477,0.8643537178890711
26023,LOF,0.04324695684452532,0.15784419431126628,0.7989088488442084
26024,LOF,0.053227212854140525,0.17453211220661477,0.7722406749392448
26025,LOF,0.13235060949135855,0.25842690586159633,0.6092224846470451
26026,LOF,0.12430657757548894,0.22704852717181706,0.648644895252694
26027,LOF,0.037483640438266505,0.06885606364108417,0.8936602959206493
26028,LOF,0.061629847373053215,0.22669150489252593,0.7116786477344208
26029,LOF,0.04190108688945982,0.09957759709770364,0.8585213160128367
26030,LOF,0.174970928219353,0.011204887924568802,0.8138241838560781
26031,LOF,0.024134311570552004,0.09878240666711942,0.8770832817623285
26032,LOF,0.03256783644558064,0.02251773116463395,0.9449144323897853
26033,LOF,0.053498452046080336,0.039581249137896055,0.9069202988160235
26034,LOF,0.027872368433268624,0.06564719436863857,0.9064804371980928
26035,LOF,0.017815830063649805,0.08429581088965618,0.8978883590466941
26036,LOF,0.017665263859625302,0.06779881323992641,0.9145359229004483
26037,LOF,0.015926794298438823,0.05989628626717494,0.9241769194343862
26038,LOF,0.025528268333665085,0.023014620998125374,0.9514571106682096
26039,LOF,0.039392425800068805,0.08113626866523195,0.8794713055346992
26040,LOF,0.06320020082420148,0.14320136710376924,0.7935984320720293
26041,LOF,0.017014572582826674,0.08121537852120171,0.9017700488959716
26042,LOF,0.015964589165307207,0.07939171893805204,0.9046436918966408
26043,LOF,0.024649201791628706,0.0533698547705606,0.9219809434378108
26044,LOF,0.009546579800303913,0.05915284572571648,0.9313005744739797
26045,LOF,0.09774030451118325,0.1452288468004469,0.7570308486883698
26046,LOF,0.024261054048555764,0.060752601201959765,0.9149863447494845
26047,LOF,0.06473965591210802,0.0440305522319629,0.891229791855929
26048,LOF,0.07340435776844381,0.03540933613735802,0.8911863060941981
26049,Neutral,0.9034686572327602,0.006234558367399986,0.09029678439983971
26050,Neutral,0.8225182365973681,0.0071634257301672385,0.1703183376724647
26051,GOF,0.021208688966387383,0.6157835659779318,0.36300774505568073
26052,GOF,0.02202420796447583,0.5110253017706002,0.4669504902649238
26053,LOF,0.04149283259112733,0.04116432783225662,0.917342839576616
26054,LOF,0.12240182782158535,0.08127501476583214,0.7963231574125824
26055,LOF,0.1310159433032524,0.09659022200670896,0.7723938346900387
26056,LOF,0.11531235402078459,0.11411179373109684,0.7705758522481186
26057,LOF,0.05199986380446357,0.026320129505191043,0.9216800066903453
26058,LOF,0.06042248778124362,0.020672713837364364,0.918904798381392
26059,Neutral,0.706357416769443,0.07248260520066585,0.2211599780298912
26060,LOF,0.018773146361452598,0.3050754990290381,0.6761513546095093
26061,LOF,0.011737818490364964,0.019352341395319897,0.9689098401143151
26062,LOF,0.006329516355537238,0.04505828372793884,0.948612199916524
26063,LOF,0.04699997405249838,0.02324292637719659,0.929757099570305
26064,LOF,0.010238253319071623,0.024647539714477522,0.9651142069664508
26065,LOF,0.04223954264832731,0.03379337019938625,0.9239670871522865
26066,LOF,0.0444553397448583,0.02208665756067476,0.933458002694467
26067,LOF,0.061797573619904705,0.026099116082660894,0.9121033102974344
26068,LOF,0.11851639446320472,0.044636961034662324,0.836846644502133
26069,LOF,0.11370096056127355,0.04612213406095742,0.840176905377769
26070,LOF,0.30971993978058915,0.025746969850711995,0.6645330903686988
26071,LOF,0.05050883323590604,0.030500730399795863,0.9189904363642981
26072,LOF,0.008420953256700208,0.023556731616930428,0.9680223151263693
26073,LOF,0.04858737147960346,0.019135139854481675,0.9322774886659149
26074,Neutral,0.8627404975056525,0.015740891048548974,0.12151861144579854
26075,LOF,0.06669772188136705,0.04554158085176853,0.8877606972668645
26076,LOF,0.05927716380063153,0.043813801976638825,0.8969090342227296
26077,LOF,0.1617415741495451,0.03970911798923845,0.7985493078612165
26078,LOF,0.007023499637811004,0.03178831133360212,0.9611881890285869
26079,LOF,0.14616839386337327,0.03314514655498404,0.8206864595816427
26080,LOF,0.14616839386337327,0.03314514655498404,0.8206864595816427
26081,LOF,0.05449441879513621,0.023734684763853584,0.9217708964410102
26082,LOF,0.007883460626830593,0.035690387641833916,0.9564261517313356
26083,LOF,0.05023204462339137,0.062083905603772735,0.887684049772836
26084,LOF,0.057727675733950566,0.03882496019028655,0.9034473640757629
26085,LOF,0.051285412993854224,0.035544840127711946,0.9131697468784339
26086,LOF,0.037368648556961544,0.03820635056130631,0.9244250008817323
26087,LOF,0.051666046544191935,0.0352415241828467,0.9130924292729614
26088,LOF,0.009466772153959607,0.10009029792165769,0.8904429299243828
26089,LOF,0.04810941973861906,0.11566766271090337,0.8362229175504775
26090,LOF,0.052505577252296105,0.0832134484719731,0.8642809742757308
26091,LOF,0.049361891684333935,0.03339715511107122,0.917240953204595
26092,LOF,0.058574749225586725,0.020476144342846583,0.9209491064315668
26093,LOF,0.07838787059623943,0.016259772173029274,0.9053523572307313
26094,LOF,0.04574009555386726,0.027134208558921683,0.927125695887211
26095,LOF,0.011780161616152343,0.03820437712356427,0.9500154612602834
26096,LOF,0.3048441453773691,0.006660229444762629,0.6884956251778683
26097,LOF,0.008665390437223678,0.04196369831398402,0.9493709112487924
26098,LOF,0.13941478995072829,0.03068226025370409,0.8299029497955676
26099,LOF,0.0435909570063567,0.045117228810572556,0.9112918141830707
26100,LOF,0.0435909570063567,0.045117228810572556,0.9112918141830707
26101,LOF,0.034747864709348326,0.05319249689088024,0.9120596383997714
26102,LOF,0.04553996391327949,0.028385647242464025,0.9260743888442564
26103,Neutral,0.84762001270122,0.04625436713705872,0.10612562016172136
26104,LOF,0.1391775106011029,0.09854468072366242,0.7622778086752346
26105,LOF,0.2658551104342858,0.12247170754523429,0.6116731820204799
26106,LOF,0.31300446804073967,0.21061405795667046,0.47638147400258984
26107,LOF,0.008995613927022215,0.2226696028055014,0.7683347832674763
26108,LOF,0.15265476309048337,0.19396772342853916,0.6533775134809775
26109,LOF,0.041351593207589604,0.05452823412263524,0.9041201726697751
26110,Neutral,0.5047314417153151,0.03264206744460422,0.46262649084008056
26111,LOF,0.06747119240867237,0.16159625865176433,0.7709325489395633
26112,LOF,0.0645738739587167,0.02943012699950634,0.905995999041777
26113,LOF,0.0558154821154927,0.052295294630344644,0.8918892232541626
26114,LOF,0.07493433465837789,0.05279837902553483,0.8722672863160873
26115,LOF,0.008473423855263682,0.4222122073656308,0.5693143687791055
26116,LOF,0.05021426492750775,0.1066819813789633,0.843103753693529
26117,LOF,0.2159734887746275,0.0830189820777133,0.7010075291476593
26118,LOF,0.04109891045766151,0.03328394318048791,0.9256171463618507
26119,LOF,0.005397620248726824,0.17595613990179532,0.8186462398494778
26120,LOF,0.039201645523193315,0.030487912281254675,0.9303104421955519
26121,LOF,0.004101694537046742,0.1943265683474473,0.801571737115506
26122,LOF,0.004204916196532641,0.21324022211566285,0.7825548616878045
