feature0,prediction,LoGoFunc_Neutral,LoGoFunc_GOF,LoGoFunc_LOF
25546,Neutral,0.6635390503669816,0.07702115699367772,0.2594397926393406
25547,Neutral,0.5602701655281876,0.1480266018245128,0.2917032326472996
25548,Neutral,0.5158321354199322,0.11171449533907493,0.3724533692409928
25549,Neutral,0.4928991409540876,0.10992072723315405,0.3971801318127583
25550,LOF,0.39346656511884437,0.17812639513210649,0.42840703974904903
25551,LOF,0.32583959948487673,0.16482622139251368,0.5093341791226097
25552,LOF,0.18711534627869766,0.17357610616423602,0.6393085475570663
25553,Neutral,0.8158107645691776,0.04584643879994152,0.13834279663088098
25554,LOF,0.22526980605788602,0.16497985566472173,0.6097503382773922
25555,LOF,0.1841701213529638,0.15207651514210008,0.6637533635049362
25556,Neutral,0.5149693811669304,0.12469944882284496,0.36033117001022474
25557,LOF,0.17536069016664865,0.1595699463782903,0.665069363455061
25558,LOF,0.22196517973491,0.18444394305260994,0.59359087721248
25559,Neutral,0.49183074497668294,0.026632515311846447,0.4815367397114705
25560,LOF,0.04361826563295666,0.2288376204843193,0.7275441138827241
25561,LOF,0.094488187246279,0.25449818864075524,0.6510136241129658
25562,LOF,0.11998700832492824,0.09020803065139388,0.7898049610236779
25563,LOF,0.11264281379834967,0.11695592842605679,0.7704012577755935
25564,LOF,0.09154524850719077,0.13928597596218448,0.7691687755306249
25565,LOF,0.14130638312634164,0.25685749482081993,0.6018361220528384
25566,GOF,0.021489186038491693,0.6639692551563352,0.314541558805173
25567,LOF,0.010435119923758283,0.22463695405632886,0.7649279260199129
25568,LOF,0.042905689711475396,0.10452543456670874,0.8525688757218158
25569,LOF,0.05787159879481778,0.10562281404660956,0.8365055871585727
25570,LOF,0.057199511912706884,0.15739454259413013,0.785405945493163
25571,LOF,0.06411512017038862,0.15005487423296002,0.7858300055966514
25572,LOF,0.058288427833844275,0.16093165934661002,0.7807799128195456
25573,LOF,0.027550065176932325,0.11628397132377429,0.8561659634992934
25574,LOF,0.013852849068197197,0.2488981282953888,0.737249022636414
25575,LOF,0.053620977294490904,0.1376024684665205,0.8087765542389885
25576,LOF,0.018786292306279925,0.15253402169776137,0.8286796859959586
25577,LOF,0.013345159828048146,0.14708325821041884,0.839571581961533
25578,LOF,0.24679842368760813,0.13339164614406454,0.6198099301683274
25579,LOF,0.2490071361818169,0.13159538407576937,0.6193974797424137
25580,LOF,0.0334616426566406,0.13594576088174287,0.8305925964616167
25581,LOF,0.047095804199823746,0.10467688164738927,0.848227314152787
25582,LOF,0.046275784208813356,0.09886317302352392,0.8548610427676628
25583,LOF,0.03244937866811071,0.15116141101402525,0.8163892103178639
25584,Neutral,0.4768789825473554,0.12938853982061072,0.3937324776320339
25585,LOF,0.031034053038238616,0.1391543388550749,0.8298116081066865
25586,LOF,0.03064758310814709,0.10688283239506478,0.8624695844967882
25587,LOF,0.02778515804033454,0.09394054981015855,0.8782742921495068
25588,LOF,0.03079818164819213,0.127710084954977,0.841491733396831
25589,Neutral,0.5968238931084934,0.16581649661934186,0.23735961027216476
25590,LOF,0.022557316025657935,0.18223052896230996,0.7952121550120321
25591,LOF,0.1032168899929817,0.07897479236763534,0.817808317639383
25592,LOF,0.08446719859808585,0.2034178266443556,0.7121149747575586
25593,GOF,0.01066248448110901,0.6017841816360385,0.3875533338828525
25594,LOF,0.03097462267234406,0.15626647741938493,0.812758899908271
25595,LOF,0.056752797258850754,0.12335284701006306,0.8198943557310862
25596,LOF,0.08874609088402755,0.06609056167625746,0.8451633474397151
25597,LOF,0.07935659121087763,0.024991179650014617,0.8956522291391077
25598,LOF,0.045008158745433936,0.1577528587869492,0.7972389824676168
25599,LOF,0.008190085300155204,0.4674619381238916,0.5243479765759532
25600,LOF,0.010359567920506817,0.36723144638328614,0.6224089856962071
25601,LOF,0.008500803416429972,0.2311562044749302,0.7603429921086398
25602,LOF,0.016985916666826837,0.05102808129324271,0.9319860020399304
25603,LOF,0.03703627575175757,0.042915928266973415,0.920047795981269
25604,LOF,0.0359204320605476,0.05640560232501548,0.907673965614437
25605,LOF,0.012916045921118328,0.2191734041580385,0.7679105499208433
25606,GOF,0.053738114368301275,0.5258744196775927,0.4203874659541059
25607,LOF,0.0035013673712998745,0.11532799325659886,0.8811706393721013
25608,LOF,0.05764531828269234,0.040027327130832936,0.9023273545864747
25609,LOF,0.07462596118442383,0.279092859005463,0.6462811798101131
25610,LOF,0.05117195325295128,0.020953879637030926,0.9278741671100177
25611,LOF,0.0627022102567292,0.01623115662515879,0.921066633118112
25612,LOF,0.12041887565205832,0.04532195141293381,0.8342591729350078
25613,LOF,0.09892659561429205,0.038626302093824734,0.8624471022918831
25614,LOF,0.04137802433092735,0.02976137738785781,0.9288605982812148
25615,LOF,0.08054771201283205,0.03892660274503907,0.8805256852421288
25616,LOF,0.03612719663233625,0.03884324604935248,0.9250295573183113
25617,LOF,0.04922345756151936,0.03183948320799534,0.9189370592304853
25618,LOF,0.24624831330802158,0.030336316616295645,0.7234153700756827
25619,LOF,0.04110258147534825,0.03245837906220259,0.9264390394624491
25620,LOF,0.045367918185583236,0.049879016484198874,0.9047530653302179
25621,LOF,0.042199898399939394,0.0325442509079031,0.9252558506921575
25622,LOF,0.03130334441079349,0.047604791373267404,0.9210918642159391
25623,LOF,0.05417196791234415,0.03490362472675817,0.9109244073608977
25624,LOF,0.03820784659436431,0.03415705415519048,0.9276350992504452
25625,LOF,0.04367684800514797,0.05505264696543404,0.9012705050294181
25626,LOF,0.07492893222724989,0.03615204303161033,0.8889190247411398
25627,Neutral,0.5696506150270055,0.14287491718840983,0.2874744677845847
25628,LOF,0.22108409430850692,0.07819967165288899,0.7007162340386041
25629,LOF,0.06372283013751093,0.11957593258990898,0.8167012372725801
25630,LOF,0.21291460446064456,0.10604416800430459,0.6810412275350508
25631,Neutral,0.5988144917248309,0.08507127601409444,0.31611423226107455
25632,LOF,0.019459121075572572,0.12763500669041403,0.8529058722340134
25633,LOF,0.2194222615213784,0.17835668588698816,0.6022210525916334
25634,LOF,0.0359617115696049,0.17096589147510557,0.7930723969552895
25635,LOF,0.03268620376719407,0.12920061660793442,0.8381131796248715
25636,GOF,0.004372876064554443,0.5678132534440762,0.4278138704913693
25637,LOF,0.0037053059269611895,0.4267863493659762,0.5695083447070626
25638,LOF,0.006585317956154454,0.39344252918113004,0.5999721528627154
25639,LOF,0.004367364498322651,0.32138057226260114,0.6742520632390763
25640,GOF,0.34159544230388134,0.594338965977664,0.06406559171845475
25641,LOF,0.007081942170526621,0.2364121013437268,0.7565059564857466
25642,LOF,0.2573783253094694,0.07177065443499275,0.6708510202555378
25643,LOF,0.25952363023981834,0.11422270107830933,0.6262536686818724
25644,GOF,0.015278579034712993,0.5984006333852204,0.3863207875800667
25645,GOF,0.010738314374334196,0.5963436038706099,0.3929180817550558
25646,LOF,0.011624771981576045,0.37634366638877476,0.6120315616296491
25647,LOF,0.01172209810319833,0.2971586053371238,0.6911192965596779
25648,LOF,0.008034355644360083,0.36510866232116074,0.6268569820344791
25649,LOF,0.008767532743284345,0.1846515972321281,0.8065808700245877
25650,GOF,0.02833286096725776,0.5096612619955768,0.46200587703716545
25651,LOF,0.007360126449217076,0.22768699255570218,0.7649528809950807
25652,LOF,0.014722642473241211,0.3327179130817877,0.652559444444971
25653,GOF,0.05793917027738327,0.5149122638641735,0.4271485658584432
25654,LOF,0.008791063110440749,0.36927920418534416,0.621929732704215
25655,GOF,0.12208412764528286,0.5023994791636588,0.3755163931910583
25656,LOF,0.09119045246903384,0.08693743048023475,0.8218721170507314
25657,LOF,0.28103624044349923,0.030985773538454036,0.6879779860180468
25658,LOF,0.03369648082846193,0.1420706442782108,0.8242328748933273
25659,LOF,0.2376147142017529,0.09590333364861686,0.6664819521496302
25660,LOF,0.10314231764676839,0.07246259886636075,0.8243950834868708
25661,LOF,0.07076470641734339,0.06243385465052239,0.8668014389321341
25662,LOF,0.04237747813108218,0.058336089644289976,0.8992864322246278
25663,LOF,0.045096373098484355,0.11982314281807836,0.8350804840834374
25664,LOF,0.029369188666199912,0.2086954316550907,0.7619353796787094
25665,LOF,0.04241654566766774,0.05031385632309325,0.907269598009239
25666,LOF,0.04100797779241689,0.23129078324933125,0.7277012389582519
25667,LOF,0.04317852616541904,0.04574452031012061,0.9110769535244604
25668,LOF,0.05594473656259792,0.04936011031458011,0.8946951531228219
25669,LOF,0.05080820194001475,0.07486085231912405,0.8743309457408612
25670,LOF,0.07193822971869551,0.11143898890335907,0.8166227813779454
25671,LOF,0.051945109644387984,0.04569796432137232,0.9023569260342397
25672,LOF,0.04645812042676528,0.05586308850707897,0.8976787910661558
25673,LOF,0.04144474508479812,0.09505943462017268,0.8634958202950292
25674,LOF,0.029126183773824397,0.10758145684675441,0.8632923593794212
25675,LOF,0.035555144115002456,0.07255676366327617,0.8918880922217214
25676,LOF,0.03849454406977057,0.06414357576763771,0.8973618801625918
25677,LOF,0.1078338681739681,0.05059781040366041,0.8415683214223715
25678,LOF,0.21121678315880424,0.048801892008122745,0.739981324833073
25679,LOF,0.11941994782715333,0.07012330677875506,0.8104567453940916
25680,LOF,0.10203142379411782,0.08190524349764841,0.8160633327082337
25681,LOF,0.10916038338091151,0.07758191916279011,0.8132576974562983
25682,LOF,0.05482051276426888,0.04866450224028297,0.8965149849954482
25683,LOF,0.08869447237083627,0.08921478388522512,0.8220907437439385
25684,LOF,0.07363185529068873,0.06112593105103662,0.8652422136582747
25685,LOF,0.11128009346262929,0.06623721478143192,0.8224826917559387
25686,LOF,0.0271041830110617,0.10584436321777006,0.8670514537711682
25687,LOF,0.04377190485315786,0.12011709024455182,0.8361110049022904
25688,LOF,0.02137709192434594,0.12494264858045977,0.8536802594951943
25689,LOF,0.012851944127103394,0.07149242876585925,0.9156556271070373
25690,LOF,0.019080540071096257,0.07426662624145744,0.9066528336874464
25691,LOF,0.14220582884781802,0.11693012908728861,0.7408640420648934
25692,LOF,0.2841681199172591,0.014999926569118374,0.7008319535136225
25693,GOF,0.027045870266738933,0.5041014546265616,0.4688526751066994
25694,LOF,0.2477364710409871,0.011127016109174374,0.7411365128498385
25695,LOF,0.17778077355328784,0.017081864020821506,0.8051373624258907
25696,LOF,0.07903760733310389,0.01838855145797093,0.9025738412089251
25697,LOF,0.06289015539446471,0.018319093776383834,0.9187907508291514
25698,LOF,0.017646058768782523,0.2924152792473588,0.6899386619838587
25699,LOF,0.07969845194827868,0.38259339056521435,0.537708157486507
25700,LOF,0.04655801123758634,0.029189421647556175,0.9242525671148574
25701,LOF,0.009988973653119522,0.3133977201993577,0.6766133061475228
25702,GOF,0.033077952588056674,0.5813330983677628,0.38558894904418056
25703,LOF,0.018683425592159318,0.06418495025492021,0.9171316241529204
25704,LOF,0.08675105083117005,0.03880753501154291,0.8744414141572872
25705,LOF,0.07512181754546593,0.17402880211055866,0.7508493803439754
25706,GOF,0.021346434734430247,0.6128939214801771,0.3657596437853926
25707,GOF,0.032780296664662374,0.5182639962550201,0.44895570708031757
25708,LOF,0.008694683651525368,0.4815163734483538,0.5097889429001209
25709,LOF,0.03930450782273604,0.06795988543062069,0.8927356067466433
25710,LOF,0.006871118048399135,0.13799058517795174,0.8551382967736492
25711,LOF,0.03644463032203759,0.11906291771157414,0.8444924519663882
25712,LOF,0.010001553914814219,0.20886983629727965,0.7811286097879062
25713,LOF,0.03796337495954065,0.11749187146567001,0.8445447535747894
25714,LOF,0.03022412186367316,0.15425891378641043,0.8155169643499164
25715,LOF,0.0367496590941162,0.12822539885243253,0.8350249420534512
25716,LOF,0.0065641320056479486,0.11375583917542596,0.879680028818926
25717,LOF,0.0063346151854111,0.11849181871175796,0.8751735661028309
25718,LOF,0.02987233795437368,0.08987834566257091,0.8802493163830555
25719,LOF,0.034650388133679065,0.11348904775656182,0.8518605641097591
25720,LOF,0.029473542784260676,0.13740884044133672,0.8331176167744025
25721,LOF,0.03196551167992132,0.1160799225541545,0.8519545657659241
25722,LOF,0.024162354527936664,0.13760926154095454,0.8382283839311088
25723,LOF,0.03724562618037437,0.11377405203272424,0.8489803217869014
25724,LOF,0.06220092697934246,0.2460590266313487,0.6917400463893087
25725,LOF,0.04324142775286589,0.09008964108316209,0.8666689311639719
25726,LOF,0.027944404355738386,0.11255139072680023,0.8595042049174614
25727,LOF,0.03862545525175089,0.0970998178454309,0.8642747269028181
25728,LOF,0.03344962142206201,0.12321949571637746,0.8433308828615605
25729,LOF,0.03890634904364371,0.122033108164247,0.8390605427921094
25730,LOF,0.04420758417990361,0.08352531145846297,0.8722671043616335
25731,LOF,0.01024921966102852,0.10307778826087309,0.8866729920780984
25732,LOF,0.02442272740742118,0.05831135243886875,0.91726592015371
25733,LOF,0.04380608373803739,0.07499341547434941,0.8812005007876133
25734,LOF,0.006722817524700326,0.2644961003407325,0.7287810821345672
25735,LOF,0.02980893048100474,0.08960796169537831,0.880583107823617
25736,LOF,0.02862362949989852,0.15112914470021624,0.8202472257998853
25737,LOF,0.04521186635282812,0.10433655345951107,0.8504515801876609
25738,LOF,0.03261443110739727,0.17890009754150268,0.7884854713510999
25739,LOF,0.030203832771302473,0.12991771605148353,0.8398784511772139
25740,LOF,0.04393171959730861,0.12536408893310283,0.8307041914695886
25741,LOF,0.04428820030450838,0.11388663579960916,0.8418251638958825
25742,LOF,0.04999872139816136,0.12745390132745976,0.8225473772743789
25743,LOF,0.014457521729515416,0.017159010668986268,0.9683834676014983
25744,LOF,0.22917978814486253,0.14724863132305419,0.6235715805320833
25745,LOF,0.040144292528171824,0.07095070168718412,0.888905005784644
25746,LOF,0.01561275804597493,0.10308212651950976,0.8813051154345153
25747,LOF,0.05481313838352987,0.024762384825421764,0.9204244767910483
25748,LOF,0.33488486872100387,0.06341382518358225,0.601701306095414
25749,LOF,0.02199314877892338,0.0523112087230578,0.9256956424980188
25750,LOF,0.022199094831356996,0.05913903352053169,0.9186618716481113
25751,LOF,0.04923189301882318,0.05117127455326478,0.899596832427912
25752,GOF,0.09220632158631861,0.6201714743912636,0.2876222040224177
25753,LOF,0.006947533094484867,0.3281324019209855,0.6649200649845297
25754,GOF,0.00806303802254069,0.8725662958605492,0.11937066611690998
25755,LOF,0.006934909020219104,0.3515052102023764,0.6415598807774044
25756,LOF,0.02100574179401902,0.40660592024202796,0.5723883379639529
25757,GOF,0.007693853022551621,0.8415834581121311,0.1507226888653172
25758,GOF,0.008250680111753703,0.8909400166851081,0.10080930320313813
25759,GOF,0.006417244713275839,0.6387844604170139,0.3547982948697104
25760,LOF,0.005827521137093913,0.2613889281017364,0.7327835507611696
25761,GOF,0.048733475975781364,0.8799493339044975,0.07131719011972111
25762,LOF,0.02318072793434152,0.3471554553307175,0.6296638167349409
25763,LOF,0.006231779138009275,0.27719634891571093,0.7165718719462797
25764,GOF,0.07012491183567063,0.6738793153379758,0.2559957728263535
25765,GOF,0.01036282110614996,0.8972752594508558,0.0923619194429943
25766,GOF,0.02960718074180558,0.8493608441019345,0.12103197515625991
25767,LOF,0.013922970823546713,0.4821939786556531,0.5038830505208002
25768,LOF,0.06305874002753757,0.034693893441844606,0.9022473665306178
25769,LOF,0.02696439539594066,0.09533540470373873,0.8777001999003207
25770,LOF,0.12559648542590413,0.20385561830109633,0.6705478962729996
25771,LOF,0.017410923969803274,0.10109782287807603,0.8814912531521207
25772,LOF,0.03144478519215372,0.05680834574560989,0.9117468690622363
25773,LOF,0.014601758764250548,0.11475481484849855,0.8706434263872508
25774,LOF,0.02059421500399904,0.29855323830915625,0.6808525466868447
25775,LOF,0.018142327820514507,0.05400705824974848,0.9278506139297369
25776,LOF,0.030788284133483116,0.03668986686707809,0.9325218489994389
25777,LOF,0.246942810246071,0.19464779783495728,0.5584093919189718
25778,LOF,0.026473225371092198,0.12347330570737215,0.8500534689215355
25779,GOF,0.05784687129175023,0.8210445519715656,0.12110857673668429
25780,GOF,0.07294290146145968,0.8301983148570224,0.09685878368151785
25781,GOF,0.03440450787496312,0.7861373398517878,0.179458152273249
25782,GOF,0.038015884747718116,0.8434277582015282,0.1185563570507538
25783,GOF,0.05528609438586847,0.8552551707020055,0.089458734912126
25784,GOF,0.11044167114135037,0.8138721831549427,0.07568614570370691
25785,GOF,0.15264960755846801,0.7903729029978456,0.05697748944368627
25786,GOF,0.013029563836943172,0.7565527746545512,0.23041766150850568
25787,GOF,0.30429879332333654,0.6171065532230176,0.07859465345364604
25788,LOF,0.02268285100472188,0.1132608872489119,0.8640562617463662
25789,GOF,0.020881082192399026,0.8355987545264789,0.1435201632811221
25790,GOF,0.029388234727272762,0.7985621397017311,0.17204962557099612
25791,GOF,0.03659592628315716,0.5884548125801403,0.37494926113670257
25792,GOF,0.0461724136919002,0.6665693261979869,0.2872582601101129
25793,GOF,0.05443150613223956,0.7658371848982257,0.17973130896953468
25794,GOF,0.06368075417906392,0.5868525060358202,0.3494667397851159
25795,GOF,0.061389953102043884,0.6399042455582497,0.2987058013397064
25796,GOF,0.1591340064080272,0.6741808082893457,0.1666851853026271
25797,GOF,0.07830602951383273,0.6384856688920485,0.2832083015941187
25798,GOF,0.007999662724569803,0.7765542915938664,0.2154460456815638
25799,GOF,0.004865947909427543,0.6688487021688371,0.32628534992173536
25800,GOF,0.02497673091182475,0.8239028269607032,0.15112044212747203
25801,GOF,0.026074666863476256,0.8211226219721989,0.15280271116432487
25802,GOF,0.02965023978984201,0.7214604968877707,0.24888926332238737
25803,GOF,0.024143690208571027,0.6763828201638893,0.2994734896275396
25804,GOF,0.0386339504404767,0.6914892771326249,0.26987677242689834
25805,GOF,0.030673502253408067,0.7387397439382744,0.23058675380831764
25806,GOF,0.04008543680134744,0.7532682266056111,0.20664633659304135
25807,GOF,0.017059097449513807,0.6816800764831782,0.30126082606730803
25808,GOF,0.029986732018500276,0.7477196270570148,0.2222936409244849
25809,GOF,0.01624606501683443,0.6579563220322718,0.3257976129508937
25810,GOF,0.014914930533395177,0.6560445327583794,0.3290405367082254
25811,GOF,0.08320869634736618,0.8164015961943966,0.10038970745823726
25812,GOF,0.047096390400394705,0.7230807870233489,0.22982282257625644
25813,GOF,0.21806951912855957,0.6660506004186533,0.11587988045278733
25814,GOF,0.03976583520944592,0.6924566518587655,0.26777751293178864
25815,GOF,0.08272912415693084,0.7579237233760489,0.15934715246702033
25816,GOF,0.011525279517905876,0.8167191497316765,0.17175557075041778
25817,GOF,0.12579427868147974,0.6869991400871769,0.18720658123134334
25818,GOF,0.03383303232547184,0.7566549735536966,0.2095119941208316
25819,GOF,0.06140975540234228,0.6795720811803219,0.25901816341733586
25820,GOF,0.05921350376344445,0.6094428477477708,0.3313436484887848
25821,GOF,0.04057203039569221,0.6654649983884984,0.2939629712158094
25822,GOF,0.08405049750337444,0.6519697154874395,0.26397978700918606
25823,GOF,0.039571853758515886,0.6678250663519724,0.2926030798895118
25824,GOF,0.030723028941671605,0.7227104697984842,0.24656650125984425
25825,GOF,0.02225935599235258,0.7181937897562863,0.2595468542513611
25826,GOF,0.011631098953630348,0.6527293943157345,0.33563950673063514
25827,GOF,0.018660793006187233,0.6931009567588212,0.28823825023499156
25828,GOF,0.012427481532392481,0.7118985512436209,0.2756739672239867
25829,GOF,0.004762795115968431,0.5840732565212026,0.411163948362829
25830,LOF,0.06846883891968034,0.4027649083550423,0.5287662527252773
25831,GOF,0.080850241138205,0.7739530775965978,0.14519668126519722
25832,GOF,0.010332213445471288,0.7047695451500786,0.28489824140445
25833,GOF,0.03160348558953038,0.7952384620471471,0.17315805236332257
25834,GOF,0.010619539600665267,0.7324677204068355,0.2569127399924991
25835,GOF,0.027593861002987333,0.810448592883577,0.16195754611343569
25836,GOF,0.008179218251614943,0.7301223087382934,0.26169847301009164
25837,GOF,0.012776157984494189,0.747038344163075,0.2401854978524308
25838,GOF,0.02397698509330077,0.806446064978702,0.16957694992799738
25839,GOF,0.06684968410137909,0.7418890111478702,0.1912613047507507
25840,GOF,0.1033744475831414,0.7320175175850454,0.1646080348318132
25841,GOF,0.08615392935107127,0.7845945083934364,0.1292515622554923
25842,GOF,0.02614186114051642,0.8490337907337348,0.12482434812574884
25843,GOF,0.024899608971012403,0.852493963369305,0.12260642765968253
25844,GOF,0.022257381807562097,0.8060843870068483,0.17165823118558965
25845,GOF,0.007756332911073795,0.6963367718537887,0.2959068952351374
25846,GOF,0.07309571943112105,0.8383008149730045,0.08860346559587445
25847,GOF,0.017674530308380572,0.8356928537925464,0.14663261589907295
25848,GOF,0.02035363349719942,0.7943879978129391,0.18525836868986148
25849,GOF,0.007360210301023824,0.7731569601432889,0.21948282955568715
25850,GOF,0.007264681221014297,0.6570134429841413,0.33572187579484436
25851,GOF,0.006540818454916709,0.5958545010017482,0.3976046805433352
25852,GOF,0.14270005278788164,0.45847956240416765,0.3988203848079506
25853,GOF,0.07004809175754087,0.719612196029647,0.21033971221281222
25854,GOF,0.0074119476055841205,0.6454696825741253,0.34711836982029065
25855,GOF,0.027776649088752253,0.5712200619469879,0.40100328896425974
25856,GOF,0.05834392976629449,0.6903207273755264,0.251335342858179
25857,GOF,0.02900388768037165,0.5579261086374793,0.41307000368214913
25858,GOF,0.010359382011017701,0.5562618917791743,0.43337872620980794
25859,GOF,0.007303926845643661,0.5287544313579428,0.4639416417964136
25860,GOF,0.09981498772341058,0.6551738592025054,0.24501115307408405
25861,GOF,0.11142307476020963,0.7588992915068637,0.12967763373292654
25862,GOF,0.024441232147147798,0.8685944228344981,0.1069643450183541
25863,GOF,0.021559460680573836,0.8400070200724139,0.1384335192470121
25864,GOF,0.03444831448464232,0.8732685772718412,0.09228310824351642
25865,GOF,0.037952374812838266,0.8663193305186965,0.09572829466846523
25866,GOF,0.02029974269045558,0.8528899673758908,0.1268102899336536
25867,GOF,0.044477576608981884,0.8525892590011124,0.10293316438990567
25868,GOF,0.07847063026366093,0.7218081407564976,0.1997212289798415
25869,GOF,0.3489575197996862,0.5050906547434864,0.14595182545682756
25870,LOF,0.083127973458685,0.4458405694710565,0.4710314570702585
25871,GOF,0.011563418853542133,0.7253022377787651,0.26313434336769276
25872,GOF,0.022690397397041175,0.7144848298118707,0.262824772791088
25873,GOF,0.021953026256863233,0.8071539866727977,0.170892987070339
25874,LOF,0.028430619516149416,0.1343654572583358,0.8372039232255147
25875,LOF,0.01964089027019178,0.17927328652742452,0.8010858232023836
25876,LOF,0.02639295826902369,0.06014936197761322,0.9134576797533631
25877,LOF,0.07820340042514126,0.2929115354517828,0.628885064123076
25878,LOF,0.04885385369414279,0.3960631773230295,0.5550829689828277
25879,LOF,0.009615974782072618,0.21541375180872482,0.7749702734092025
25880,LOF,0.050006908383947744,0.026231449844805344,0.9237616417712469
25881,Neutral,0.4229968947802129,0.40012526549475885,0.1768778397250281
25882,LOF,0.03415673658186316,0.12456401245863873,0.8412792509594981
25883,LOF,0.02849540347600691,0.10910254792357824,0.8624020486004149
25884,LOF,0.012125631841468905,0.16977921870379445,0.8180951494547366
25885,LOF,0.12489698331348592,0.04790032060119395,0.82720269608532
25886,LOF,0.22651236670502442,0.27046523404990047,0.5030223992450752
25887,GOF,0.03959054108102161,0.5800086799122333,0.380400779006745
25888,LOF,0.004379042414023593,0.45361868649272896,0.5420022710932474
25889,LOF,0.020590297297703307,0.14118598721144324,0.8382237154908535
25890,LOF,0.2250190051660457,0.2885386851430017,0.48644230969095253
25891,LOF,0.10123204497435422,0.10656800071179028,0.7921999543138555
25892,LOF,0.008156518479299093,0.03568826481200833,0.9561552167086926
25893,LOF,0.2686210865306244,0.012956156988462288,0.7184227564809132
25894,LOF,0.28818128801394766,0.008557188035289315,0.703261523950763
25895,LOF,0.3093597281385917,0.015899730111681807,0.6747405417497264
25896,LOF,0.08295717607028155,0.04180651642672366,0.8752363075029947
25897,LOF,0.10473870536191393,0.018706705443831004,0.8765545891942551
25898,LOF,0.10518049192604309,0.043474561274612404,0.8513449467993445
25899,LOF,0.40186078899354155,0.04039722814337819,0.5577419828630802
25900,Neutral,0.7489142834457135,0.015273977952693137,0.23581173860159324
25901,LOF,0.06552698654599681,0.0132196140430626,0.9212533994109406
25902,LOF,0.09305533798697167,0.010526169143737241,0.896418492869291
25903,LOF,0.16777602737832484,0.04514869188347893,0.7870752807381963
25904,Neutral,0.4920213974370507,0.10720382688178655,0.4007747756811629
25905,LOF,0.009485662086088465,0.33851444753853294,0.6519998903753786
25906,LOF,0.008702970131173713,0.041101978950169475,0.9501950509186569
25907,LOF,0.00778358878181157,0.22252643751772344,0.7696899737004651
25908,LOF,0.007883654291619137,0.20247585268928234,0.7896404930190984
25909,LOF,0.039202563674367044,0.07219313169979516,0.8886043046258378
25910,LOF,0.015819568368946733,0.09679196069052372,0.8873884709405296
25911,LOF,0.1546585599963288,0.0807565063889526,0.7645849336147186
25912,LOF,0.1350129780988902,0.023061977428326975,0.8419250444727827
25913,LOF,0.011844982636153044,0.08600039400237432,0.9021546233614727
25914,LOF,0.04174281061702269,0.02868691103787676,0.9295702783451005
25915,LOF,0.18163725771955483,0.4041126071723071,0.41425013510813813
25916,LOF,0.014945799116839985,0.1787323253897606,0.8063218754933995
25917,LOF,0.07256792124335483,0.03709605071820686,0.8903360280384383
25918,LOF,0.0498332101381442,0.019675933510733414,0.9304908563511223
25919,LOF,0.043249693568458245,0.021349474502933223,0.9354008319286087
25920,LOF,0.32003571768863415,0.3386026931110142,0.3413615892003517
25921,LOF,0.023856807005500642,0.031788477503504046,0.9443547154909954
25922,LOF,0.02341463177719867,0.023770537168956204,0.9528148310538451
25923,LOF,0.4545379568632628,0.017848202125574787,0.5276138410111624
25924,LOF,0.03002025768149968,0.027832011219712575,0.9421477310987877
25925,LOF,0.1286090145956016,0.03819730158639404,0.8331936838180044
25926,LOF,0.10024393687068148,0.02806424524376389,0.8716918178855547
25927,LOF,0.026600013112408092,0.053076814375270065,0.9203231725123219
25928,LOF,0.017826102425382268,0.016642981206421725,0.9655309163681961
25929,Neutral,0.5835784588424194,0.01766319793947518,0.39875834321810544
25930,LOF,0.061061722656638735,0.016374578956989152,0.9225636983863722
25931,LOF,0.01645240255390864,0.019420049031144936,0.9641275484149465
25932,LOF,0.08205236837422625,0.011809220257660355,0.9061384113681134
25933,LOF,0.08440068865902907,0.008850903763721182,0.9067484075772498
25934,LOF,0.07953480588442215,0.010658583904828546,0.9098066102107493
25935,LOF,0.12094846593909707,0.028093783794792694,0.8509577502661103
25936,LOF,0.08199476531139754,0.009956136728452018,0.9080490979601505
25937,LOF,0.01832937460885122,0.01741907430394202,0.9642515510872067
25938,LOF,0.12083945713729949,0.02538010332210602,0.8537804395405945
25939,LOF,0.05863699102789722,0.016629226254751727,0.924733782717351
25940,GOF,0.009431364906429403,0.495701608001665,0.4948670270919056
25941,Neutral,0.4949177653696105,0.1364709089509767,0.3686113256794128
25942,LOF,0.008686421226414796,0.18218090546352994,0.8091326733100553
25943,GOF,0.033466223011327755,0.546627860441441,0.41990591654723136
25944,LOF,0.03744969027991826,0.4360598984538621,0.5264904112662196
25945,LOF,0.12514381687166998,0.09969484227494978,0.7751613408533803
25946,LOF,0.08565491445359588,0.05995562295571327,0.8543894625906909
25947,Neutral,0.4720361108591194,0.1824125352064165,0.34555135393446407
25948,Neutral,0.5090149308609652,0.022129173699845805,0.46885589543918904
25949,LOF,0.08769666192443477,0.05883661725915987,0.8534667208164053
25950,GOF,0.04091656845626925,0.742845926938816,0.21623750460491492
25951,GOF,0.013950920158462414,0.5453109705651171,0.4407381092764205
25952,LOF,0.09993069060325599,0.40430694439587156,0.4957623650008725
25953,LOF,0.006857086577849154,0.3789266147348315,0.6142162986873193
25954,GOF,0.04407500985412018,0.5748488088920254,0.38107618125385445
25955,LOF,0.007098944037411484,0.34362966664652295,0.6492713893160657
25956,LOF,0.010708136696227293,0.24796316130762608,0.7413287019961466
25957,LOF,0.2271075710775983,0.020169886683552633,0.752722542238849
25958,LOF,0.02711933718302632,0.06122494635919658,0.911655716457777
25959,GOF,0.0047946738583193,0.6113262448709632,0.3838790812707175
25960,LOF,0.00511070775028115,0.10875962950757313,0.8861296627421458
25961,LOF,0.02729216461865985,0.06230757205738148,0.9104002633239587
25962,LOF,0.04369579992626113,0.12643671789913977,0.8298674821745992
25963,LOF,0.01080594337771654,0.31117036042641194,0.6780236961958716
25964,LOF,0.0452791585050391,0.12125028700393106,0.8334705544910298
25965,LOF,0.1354563211718832,0.22430066038361604,0.6402430184445007
25966,LOF,0.35442010448408673,0.16117287466088043,0.4844070208550329
25967,LOF,0.00833884213264235,0.04562608571301373,0.946035072154344
25968,LOF,0.06056369485482126,0.25139545065104874,0.68804085449413
25969,LOF,0.13713684954624192,0.04173575763041992,0.8211273928233382
25970,LOF,0.04204800598139187,0.17282954539564127,0.7851224486229669
25971,LOF,0.06263053290807777,0.08148634954804891,0.8558831175438733
25972,LOF,0.05927768016976734,0.10328479572571728,0.8374375241045153
25973,LOF,0.09248748082299581,0.007690037765361318,0.899822481411643
25974,LOF,0.07767036456914529,0.05987042197690701,0.8624592134539477
25975,LOF,0.03378157873546868,0.013664088092375215,0.9525543331721561
25976,LOF,0.0931648292205972,0.008202734998558584,0.8986324357808443
25977,LOF,0.2051894380743417,0.08050850134333906,0.7143020605823193
25978,LOF,0.14974394614861453,0.12358696773823195,0.7266690861131536
25979,LOF,0.11525309597778696,0.1251223560279153,0.7596245479942978
25980,LOF,0.17381332633848354,0.24091194222431586,0.5852747314372007
25981,LOF,0.17693070415381612,0.24660828355925163,0.5764610122869323
25982,LOF,0.24957862610706322,0.12334623559266204,0.6270751383002748
25983,Neutral,0.4454753239108754,0.12940276955944152,0.4251219065296831
25984,LOF,0.04890847011139719,0.2026081935444854,0.7484833363441173
25985,Neutral,0.4203225420687677,0.2528104857776294,0.32686697215360283
25986,GOF,0.009796155113133047,0.5500271066405277,0.44017673824633935
25987,LOF,0.025544696889993213,0.12840454474154825,0.8460507583684586
25988,LOF,0.03370254901009511,0.3137882217100206,0.6525092292798843
25989,LOF,0.041007435960490494,0.3068755195410801,0.6521170444984294
25990,LOF,0.04015269302672204,0.4438758280062991,0.5159714789669788
25991,GOF,0.031207311560979674,0.605178321588229,0.36361436685079135
25992,LOF,0.01488235825698867,0.3808621344501976,0.6042555072928137
25993,LOF,0.025304074271286055,0.10893584730500519,0.8657600784237087
25994,LOF,0.03124302858509394,0.12669107201151739,0.8420658994033886
25995,LOF,0.01888658170214765,0.21397650610860444,0.767136912189248
25996,GOF,0.3889483477178757,0.4753105858061332,0.1357410664759912
25997,GOF,0.07709989591506525,0.6632494298610178,0.25965067422391697
25998,LOF,0.24326800208704472,0.037985655515136045,0.7187463423978193
25999,LOF,0.027725961764260204,0.40203281226143395,0.5702412259743058
26000,LOF,0.14212596599448274,0.0212334496020412,0.836640584403476
26001,LOF,0.1417671505528066,0.03948593177054118,0.8187469176766522
26002,LOF,0.10197318038571672,0.029355204892123614,0.8686716147221596
26003,GOF,0.00736065543734811,0.5811057870477031,0.4115335575149488
26004,GOF,0.016600843487218884,0.5664644446641948,0.4169347118485863
26005,LOF,0.0055441687480205564,0.49053501441216657,0.5039208168398128
26006,GOF,0.09602955850093804,0.5671357551909603,0.3368346863081017
26007,GOF,0.009642396402174841,0.5628039048717225,0.4275536987261026
26008,GOF,0.0066781380081050576,0.6096759942469777,0.3836458677449172
26009,GOF,0.012743655263142362,0.6294265141900625,0.35782983054679524
26010,GOF,0.009970188359266474,0.5167785297518354,0.47325128188889826
26011,LOF,0.006406342220933234,0.4430723340796712,0.5505213236993955
26012,GOF,0.00623060093986949,0.530009561055473,0.46375983800465753
26013,LOF,0.011484703866844564,0.4706497936375421,0.5178655024956135
26014,LOF,0.05882554940249746,0.07421653992525173,0.8669579106722507
26015,LOF,0.3696468555500402,0.07565975268757932,0.5546933917623805
26016,LOF,0.23988990613975922,0.17287070995362402,0.5872393839066168
26017,LOF,0.014841059138146026,0.4719302155118492,0.5132287253500047
26018,LOF,0.01887971682686393,0.20506845741364157,0.7760518257594945
26019,LOF,0.018814179352154646,0.17356236658950155,0.8076234540583439
26020,LOF,0.005971281615340883,0.4557069808638653,0.5383217375207938
26021,LOF,0.0674015547143703,0.33103231723105536,0.6015661280545743
26022,LOF,0.04207725308464641,0.09519743244591525,0.8627253144694383
26023,LOF,0.0275083968435552,0.16106705224586698,0.8114245509105779
26024,LOF,0.04068104757446405,0.21839802688367457,0.7409209255418614
26025,LOF,0.1490588686125997,0.1664042375648889,0.6845368938225114
26026,LOF,0.14016880676647459,0.12596845032383144,0.7338627429096939
26027,LOF,0.028919466796857418,0.0996204984367404,0.8714600347664022
26028,LOF,0.06639293047280118,0.23941708490347977,0.6941899846237192
26029,LOF,0.039790562533570696,0.1213440025913527,0.8388654348750766
26030,LOF,0.1453072258970709,0.009194548225428296,0.8454982258775009
26031,LOF,0.019253180127311885,0.12029428830442646,0.8604525315682616
26032,LOF,0.029556313660342982,0.019609809203671932,0.9508338771359851
26033,LOF,0.045294710623531693,0.03663984065796025,0.9180654487185081
26034,LOF,0.02658210476153309,0.07823087168485467,0.8951870235536122
26035,LOF,0.014660319196504346,0.09717884753514594,0.8881608332683497
26036,LOF,0.014253472479475487,0.07814162368604427,0.9076049038344803
26037,LOF,0.01394352824854767,0.07782882064807638,0.9082276511033759
26038,LOF,0.024763238069335225,0.019670157106547653,0.9555666048241171
26039,LOF,0.0354897912564686,0.12083980364925377,0.8436704050942776
26040,LOF,0.07221867370976642,0.16569471972321098,0.7620866065670225
26041,LOF,0.016578593440571256,0.09341296254670932,0.8900084440127195
26042,LOF,0.014973445875578133,0.10298081815608795,0.8820457359683339
26043,LOF,0.024698996232620493,0.03942034664454406,0.9358806571228355
26044,LOF,0.009221470118968029,0.03830943332367242,0.9524690965573596
26045,LOF,0.09412544587705736,0.2271117382058243,0.6787628159171183
26046,LOF,0.023528556273178826,0.04260144833340492,0.9338699953934163
26047,LOF,0.05721249029327374,0.0371886189215503,0.905598890785176
26048,LOF,0.08131180583982682,0.024612048463934905,0.8940761456962382
26049,Neutral,0.9315893502639123,0.005686503014176864,0.06272414672191087
26050,Neutral,0.8854120738143534,0.007112502965983365,0.10747542321966314
26051,LOF,0.03430974478871903,0.27172406327534965,0.6939661919359313
26052,LOF,0.03440344010846602,0.1901572128669273,0.7754393470246067
26053,LOF,0.03462913956476716,0.05737173071780177,0.9079991297174311
26054,LOF,0.051776468091206514,0.087330469095786,0.8608930628130075
26055,LOF,0.05257291717209168,0.0786069716577028,0.8688201111702055
26056,LOF,0.049853097376893106,0.08145578008895389,0.868691122534153
26057,LOF,0.052183715985897286,0.01691263445136014,0.9309036495627425
26058,LOF,0.05896637242273639,0.013698605563695322,0.9273350220135682
26059,LOF,0.23146625649868804,0.1156485539076215,0.6528851895936905
26060,LOF,0.022533342468108078,0.22840298127075562,0.7490636762611362
26061,LOF,0.011981462385957231,0.013899976405876936,0.9741185612081658
26062,LOF,0.006588073108391173,0.02262655066357445,0.9707853762280345
26063,LOF,0.04883904630152876,0.01674970898850223,0.9344112447099691
26064,LOF,0.010082539439259587,0.01677260343235319,0.9731448571283873
26065,LOF,0.04146912637981653,0.022324243302644663,0.9362066303175389
26066,LOF,0.046177417662956535,0.014787600670210819,0.9390349816668326
26067,LOF,0.048745455448401774,0.015572265753980302,0.935682278797618
26068,LOF,0.04588502576518437,0.05765268202654362,0.8964622922082719
26069,LOF,0.1522056739079879,0.05148229240558918,0.7963120336864229
26070,LOF,0.37117706140236906,0.031630462265578016,0.597192476332053
26071,LOF,0.05222943233026024,0.019167434985485073,0.9286031326842548
26072,LOF,0.00927995356466615,0.024805635841302902,0.9659144105940308
26073,LOF,0.04501326022665036,0.01630207454779861,0.9386846652255509
26074,Neutral,0.6852036240532522,0.025822629966671715,0.28897374598007614
26075,LOF,0.03552263716343482,0.045241718178201495,0.9192356446583636
26076,LOF,0.0533364185487407,0.02152742173389249,0.9251361597173668
26077,LOF,0.17113926172898533,0.022990006382184368,0.8058707318888304
26078,LOF,0.007097640269641361,0.02799866961486175,0.964903690115497
26079,LOF,0.0513462363621778,0.0436326812244719,0.9050210824133503
26080,LOF,0.04991364441010534,0.04383790086838584,0.906248454721509
26081,LOF,0.04323060673365909,0.01718467557076588,0.9395847176955751
26082,LOF,0.008508617480076825,0.023591133741680537,0.9679002487782428
26083,LOF,0.04349007955481134,0.04518666454740691,0.9113232558977817
26084,LOF,0.06332654456189861,0.021232158484941022,0.9154412969531603
26085,LOF,0.054935108830119955,0.018835157448015446,0.9262297337218647
26086,LOF,0.03158747744672254,0.02535994592975988,0.9430525766235175
26087,LOF,0.04036775160854351,0.022084588019418296,0.9375476603720383
26088,LOF,0.008234069693449995,0.04699149150972509,0.944774438796825
26089,LOF,0.032387800620777174,0.06501663337420938,0.9025955660050136
26090,LOF,0.03222544712454475,0.05353618928207131,0.914238363593384
26091,LOF,0.03948298399570234,0.016396645108098865,0.9441203708961988
26092,LOF,0.052020079059001856,0.01499647485411975,0.9329834460868784
26093,LOF,0.06193486701656541,0.010837757778117244,0.9272273752053173
26094,LOF,0.04016413616945103,0.016018110821698812,0.9438177530088502
26095,LOF,0.011661459567412352,0.03367191515508303,0.9546666252775046
26096,LOF,0.29844259512257104,0.005515910594716519,0.6960414942827124
26097,LOF,0.007776157040094377,0.062432789184693645,0.9297910537752119
26098,LOF,0.057185770172540784,0.04572256751451628,0.897091662312943
26099,LOF,0.04716162710311178,0.051017692690739684,0.9018206802061485
26100,LOF,0.04716162710311178,0.051017692690739684,0.9018206802061485
26101,LOF,0.03811994336377128,0.06590385529104614,0.8959762013451825
26102,LOF,0.0462544833437973,0.02466026508632853,0.9290852515698743
26103,Neutral,0.8567154986300259,0.05820987611351296,0.08507462525646117
26104,LOF,0.04077056080186765,0.11870665978605335,0.840522779412079
26105,LOF,0.23436405763029727,0.25001687705643466,0.515619065313268
26106,LOF,0.23495552995205857,0.1917716095181908,0.5732728605297507
26107,LOF,0.012768650400315041,0.2105093688540071,0.7767219807456778
26108,LOF,0.14241210183423583,0.21937921286853376,0.6382086852972303
26109,LOF,0.058196528437072105,0.03240846536861434,0.9093950061943137
26110,Neutral,0.5283397715393938,0.03079285186343385,0.44086737659717234
26111,LOF,0.05254981775296835,0.22846510567569372,0.7189850765713379
26112,LOF,0.056967085010045534,0.029889065492367962,0.9131438494975866
26113,LOF,0.06559728538668036,0.05005968263455357,0.8843430319787661
26114,LOF,0.09726859747265412,0.02054273495922768,0.8821886675681181
26115,LOF,0.01834134327478588,0.14017349088757836,0.8414851658376358
26116,LOF,0.06447415699463784,0.05190998359898627,0.8836158594063759
26117,LOF,0.2878206546364493,0.06718977283457318,0.6449895725289775
26118,LOF,0.03480166470736759,0.024660971243609678,0.9405373640490227
26119,LOF,0.005508043811387499,0.0970297981331076,0.8974621580555049
26120,LOF,0.030193109614525572,0.02331321600157516,0.9464936743838993
26121,LOF,0.0037269467365431525,0.11913112657687165,0.8771419266865851
26122,LOF,0.004484794612268604,0.10323763259243236,0.8922775727952991
