feature0,prediction,LoGoFunc_Neutral,LoGoFunc_GOF,LoGoFunc_LOF
25546,Neutral,0.6610954894898328,0.08783837550607866,0.2510661350040886
25547,Neutral,0.5502850337726576,0.16596037462552013,0.28375459160182237
25548,Neutral,0.5254544951331115,0.11896503922049438,0.3555804656463942
25549,Neutral,0.4914130075081529,0.11846290371930356,0.3901240887725435
25550,LOF,0.3934950669821564,0.2104335940239323,0.39607133899391117
25551,LOF,0.3206150440211076,0.19735526370143486,0.48202969227745757
25552,LOF,0.17721839157145816,0.2062259180729524,0.6165556903555894
25553,Neutral,0.8156484411643831,0.05208249065217887,0.132269068183438
25554,LOF,0.213748457424762,0.20431743944134662,0.5819341031338914
25555,LOF,0.17231283600788225,0.18042850019358014,0.6472586637985376
25556,Neutral,0.5041265668117285,0.14318927056263953,0.35268416262563196
25557,LOF,0.1632150397148757,0.18922735073271377,0.6475576095524106
25558,LOF,0.21419643826663368,0.2234161265756004,0.562387435157766
25559,Neutral,0.48923349710460684,0.022167922117895398,0.4885985807774977
25560,LOF,0.0340698134271135,0.2530639814708723,0.7128662051020143
25561,LOF,0.08997899958805468,0.29470829955441497,0.6153127008575303
25562,LOF,0.11402195824196704,0.09147221031072156,0.7945058314473115
25563,LOF,0.11690113819722378,0.11875304120138348,0.7643458206013927
25564,LOF,0.07430177796044336,0.1538920918778263,0.7718061301617304
25565,LOF,0.134237345143932,0.254088734833775,0.611673920022293
25566,GOF,0.01784936395212629,0.6993389871051646,0.2828116489427091
25567,LOF,0.0097388824122412,0.1848761229122869,0.8053849946754719
25568,LOF,0.04202783424784865,0.07185900490538763,0.8861131608467637
25569,LOF,0.057419674141770044,0.07336065059146732,0.8692196752667626
25570,LOF,0.04319567381371504,0.09454844348201298,0.862255882704272
25571,LOF,0.04916841925151219,0.09189214970993925,0.8589394310385485
25572,LOF,0.04667012144896318,0.10417040699698728,0.8491594715540497
25573,LOF,0.02592581296271603,0.0860198877201505,0.8880542993171335
25574,LOF,0.013519269652361115,0.23204640421767872,0.7544343261299602
25575,LOF,0.041615983820631926,0.08197154699394302,0.876412469185425
25576,LOF,0.015610857932399299,0.09106459661526373,0.893324545452337
25577,LOF,0.011287546031399602,0.0897953826287929,0.8989170713398075
25578,LOF,0.2627555946701525,0.08763442254714932,0.6496099827826982
25579,LOF,0.26249716106033383,0.08669910770678493,0.6508037312328813
25580,LOF,0.02583845915857604,0.07706924301455041,0.8970922978268735
25581,LOF,0.044537793954601924,0.07955769980107497,0.8759045062443231
25582,LOF,0.04423517490766071,0.07267334212523645,0.8830914829671029
25583,LOF,0.026566361515207138,0.07914487157183392,0.894288766912959
25584,Neutral,0.49900110716373136,0.09941142090185727,0.4015874719344113
25585,LOF,0.022571541346293612,0.06954651982668597,0.9078819388270203
25586,LOF,0.02606037446736951,0.05967606626553816,0.9142635592670925
25587,LOF,0.022836260852050743,0.05102827766070735,0.9261354614872419
25588,LOF,0.021434953786364022,0.07722661063490223,0.9013384355787338
25589,Neutral,0.6191383870029454,0.1252919257762568,0.25556968722079765
25590,LOF,0.020418260538797535,0.11585001212789463,0.8637317273333079
25591,LOF,0.1027818023538299,0.05172544100823101,0.8454927566379391
25592,LOF,0.07679577820557597,0.10948457138738345,0.8137196504070406
25593,GOF,0.010469059259217857,0.5269144015774414,0.46261653916334067
25594,LOF,0.034046313934510526,0.10087201549988954,0.8650816705655999
25595,LOF,0.06273139484821422,0.0810898597683067,0.8561787453834792
25596,LOF,0.09433723819141389,0.051431249732494556,0.8542315120760916
25597,LOF,0.07546065062259455,0.01824671905477135,0.9062926303226341
25598,LOF,0.04769402936681487,0.10686588627491175,0.8454400843582733
25599,GOF,0.008059365528802513,0.5263052894641389,0.46563534500705855
25600,LOF,0.009435829834120297,0.4359984861245251,0.5545656840413545
25601,LOF,0.008460329287247931,0.26984248193104343,0.7216971887817086
25602,LOF,0.018629584390988666,0.04960151214238105,0.9317689034666302
25603,LOF,0.04297241611527423,0.05203407689128453,0.9049935069934412
25604,LOF,0.036547317132603896,0.06604075551867185,0.8974119273487242
25605,LOF,0.012694260154632944,0.22864713735297285,0.7586586024923943
25606,GOF,0.05605834196175852,0.5381066812963755,0.405834976741866
25607,LOF,0.003406320327830319,0.13739016175700017,0.8592035179151696
25608,LOF,0.0575732463922942,0.05223744820190556,0.8901893054058002
25609,LOF,0.06719363621466261,0.3212943399495744,0.6115120238357629
25610,LOF,0.04333627042371802,0.02054388916831624,0.9361198404079658
25611,LOF,0.054546410877231485,0.013084520437479555,0.9323690686852889
25612,LOF,0.11225393038066886,0.03621212496323814,0.8515339446560929
25613,LOF,0.0953836169981356,0.03024531313520162,0.8743710698666628
25614,LOF,0.042992681826903786,0.032216912045168834,0.9247904061279275
25615,LOF,0.08171724474409739,0.031948918024341695,0.8863338372315609
25616,LOF,0.03286902734714186,0.04083957430639789,0.9262913983464602
25617,LOF,0.0483838085030465,0.027369693085270767,0.9242464984116828
25618,LOF,0.2329565466420808,0.029663022280742846,0.7373804310771763
25619,LOF,0.04013005170026101,0.032768737926549045,0.92710121037319
25620,LOF,0.03572759846240514,0.04866350686900899,0.9156088946685859
25621,LOF,0.039763543617057605,0.03074097439313221,0.9294954819898102
25622,LOF,0.02944301941476033,0.049119912713388954,0.9214370678718506
25623,LOF,0.05037373084282945,0.03640162413256823,0.9132246450246023
25624,LOF,0.03518929180034706,0.038541078545527074,0.926269629654126
25625,LOF,0.044854496738781356,0.04173611160449219,0.9134093916567264
25626,LOF,0.07254974830044851,0.027579696460738726,0.8998705552388129
25627,Neutral,0.5691116363968612,0.12642543379439897,0.3044629298087398
25628,LOF,0.17472971051610625,0.06716285524822402,0.7581074342356697
25629,LOF,0.05278999263670487,0.1221050515923105,0.8251049557709847
25630,LOF,0.1781755204235895,0.09026971177296894,0.7315547678034415
25631,Neutral,0.6128661546315719,0.07438084945509932,0.3127529959133288
25632,LOF,0.016511947618877566,0.17926140667827486,0.8042266457028475
25633,LOF,0.20478495142992836,0.30453956081088546,0.49067548775918624
25634,LOF,0.03217331370461046,0.2521521601433602,0.7156745261520293
25635,LOF,0.034748992466639955,0.22149501139080957,0.7437559961425505
25636,GOF,0.004240650604554189,0.5819985908794815,0.41376075851596444
25637,LOF,0.003689198424066106,0.4294326253551478,0.5668781762207861
25638,LOF,0.004715043054877211,0.42233430576517433,0.5729506511799484
25639,LOF,0.003978792190382298,0.33371564435438944,0.6623055634552282
25640,GOF,0.31038943139074154,0.6307671380881524,0.058843430521105966
25641,LOF,0.006765751429599971,0.1925521540928898,0.8006820944775103
25642,LOF,0.20839587073983026,0.06134021721179829,0.7302639120483714
25643,LOF,0.2401621393373347,0.06907973791647667,0.6907581227461886
25644,GOF,0.012123733398614106,0.5729849569443287,0.4148913096570572
25645,GOF,0.009228670181642609,0.6022220353081543,0.3885492945102031
25646,LOF,0.009952361258456392,0.4027442619463581,0.5873033767951855
25647,LOF,0.009546041384483697,0.30633825094975276,0.6841157076657637
25648,LOF,0.006917512907508759,0.37700594580926616,0.6160765412832251
25649,LOF,0.007483714874534162,0.2081183075132944,0.7843979776121714
25650,GOF,0.02236357827907103,0.5391019521016102,0.43853446961931875
25651,LOF,0.006721520301953249,0.2092142008014124,0.7840642788966343
25652,LOF,0.011286325447621613,0.3544966278235035,0.6342170467288748
25653,GOF,0.045548047377162545,0.5299828071425068,0.42446914548033066
25654,LOF,0.00786141617749606,0.38954789025398906,0.6025906935685149
25655,GOF,0.0936021459905541,0.5050890997123262,0.40130875429711965
25656,LOF,0.0895725110962433,0.06725700853938654,0.8431704803643701
25657,LOF,0.25591233503547145,0.036301305834506414,0.7077863591300221
25658,LOF,0.03235275395376785,0.13064080537892755,0.8370064406673046
25659,LOF,0.2283590803705165,0.09439693574792105,0.6772439838815625
25660,LOF,0.10121394595514327,0.06708137048870606,0.8317046835561506
25661,LOF,0.0650961277164553,0.061909765041823585,0.8729941072417211
25662,LOF,0.04079960401936656,0.05843950248074179,0.9007608934998915
25663,LOF,0.040818804375177334,0.10100745397100415,0.8581737416538185
25664,LOF,0.02740040760965589,0.2303890112373751,0.742210581152969
25665,LOF,0.038838558140664003,0.05575644868290874,0.9054049931764272
25666,LOF,0.038400495877251556,0.23794440230825648,0.7236551018144919
25667,LOF,0.04304354712824714,0.0376363104839359,0.919320142387817
25668,LOF,0.042939588488222394,0.05068388429048193,0.9063765272212957
25669,LOF,0.037096158431804256,0.07586783969431726,0.8870360018738784
25670,LOF,0.07316197429364561,0.12031012162373936,0.806527904082615
25671,LOF,0.05137980257723402,0.044087704359951296,0.9045324930628146
25672,LOF,0.043593467710357846,0.055566538465137184,0.9008399938245051
25673,LOF,0.03565778245195069,0.09462301944512093,0.8697191981029284
25674,LOF,0.026659593927426666,0.11186522521850994,0.8614751808540633
25675,LOF,0.03229216415314865,0.062778495810261,0.9049293400365904
25676,LOF,0.04011103247697128,0.056844203423313276,0.9030447640997156
25677,LOF,0.07297644348877856,0.05051011414153516,0.8765134423696863
25678,LOF,0.2057494178346512,0.0523387952666392,0.7419117868987096
25679,LOF,0.10967072498632983,0.07852453772089524,0.8118047372927749
25680,LOF,0.10067347986389708,0.08376784831174579,0.8155586718243572
25681,LOF,0.10570077119215297,0.08039206349557802,0.8139071653122689
25682,LOF,0.04518319119485537,0.04666012129925481,0.9081566875058898
25683,LOF,0.07714724985077862,0.09484403300559639,0.828008717143625
25684,LOF,0.060856856217936496,0.053375478697460566,0.8857676650846028
25685,LOF,0.11353635843546118,0.05244207143894027,0.8340215701255986
25686,LOF,0.02628035378377548,0.10388463460450047,0.869835011611724
25687,LOF,0.04297310211965117,0.1283195504908913,0.8287073473894576
25688,LOF,0.020670099918679397,0.1197478110021884,0.8595820890791322
25689,LOF,0.012994346000348704,0.06787202945032095,0.9191336245493303
25690,LOF,0.017834408129546755,0.06534001754721551,0.9168255743232376
25691,LOF,0.14326267122957337,0.09583070501398147,0.7609066237564452
25692,LOF,0.2768478114660224,0.013480609705917735,0.7096715788280599
25693,GOF,0.027099929250004984,0.5127778260076208,0.4601222447423742
25694,LOF,0.23383247027472007,0.01163994350542607,0.7545275862198538
25695,LOF,0.16889593122355795,0.018260374530998755,0.8128436942454433
25696,LOF,0.07299359200722923,0.018166837448148482,0.9088395705446224
25697,LOF,0.07238334906739874,0.01589477847829954,0.9117218724543018
25698,LOF,0.016159620040441365,0.20261498356239457,0.781225396397164
25699,LOF,0.07746320836964224,0.3348737528713526,0.5876630387590052
25700,LOF,0.04268258064512149,0.02422545571850517,0.9330919636363734
25701,LOF,0.01022397022230633,0.290157446902611,0.6996185828750827
25702,GOF,0.030212245132453373,0.6101291753867725,0.35965857948077407
25703,LOF,0.016524451968282387,0.06838216906079883,0.9150933789709188
25704,LOF,0.06334178324361803,0.04488428084669264,0.8917739359096893
25705,LOF,0.08435291655103555,0.16499020834941538,0.750656875099549
25706,GOF,0.023399460087823183,0.6378750050422696,0.3387255348699072
25707,GOF,0.02857384436832602,0.555166052166396,0.4162601034652781
25708,GOF,0.007998146952423475,0.5302177453559177,0.4617841076916588
25709,LOF,0.046133153828422084,0.05701010748719335,0.8968567386843845
25710,LOF,0.007941076526021353,0.1043881949846262,0.8876707284893524
25711,LOF,0.04786477755994454,0.08343856793937898,0.8686966545006765
25712,LOF,0.011323780539996286,0.16783744559890423,0.8208387738610995
25713,LOF,0.037619782628548634,0.09078079355320606,0.8715994238182453
25714,LOF,0.037448370226475756,0.1391987674270345,0.8233528623464899
25715,LOF,0.04486879571405699,0.10396450421029022,0.8511667000756528
25716,LOF,0.006536638987800155,0.0868520879401225,0.9066112730720772
25717,LOF,0.006945053853036445,0.09435079730624286,0.8987041488407208
25718,LOF,0.036021344240851454,0.06225268440494597,0.9017259713542025
25719,LOF,0.03941112899359767,0.09155618266283226,0.8690326883435701
25720,LOF,0.03569611408114091,0.11417940672515992,0.8501244791936992
25721,LOF,0.039437911372695894,0.09539546711378406,0.86516662151352
25722,LOF,0.029322359622395072,0.10927408469812526,0.8614035556794796
25723,LOF,0.0499583787878393,0.09773674393871659,0.8523048772734442
25724,LOF,0.06991717629874883,0.225122346998382,0.7049604767028691
25725,LOF,0.05983054326061971,0.07683778342591954,0.8633316733134606
25726,LOF,0.03632706567726566,0.08587941081421305,0.8777935235085214
25727,LOF,0.04697624755598377,0.06909957670024575,0.8839241757437706
25728,LOF,0.04204379164063838,0.09810745605184402,0.8598487523075176
25729,LOF,0.04878637070147949,0.09661645501978959,0.8545971742787309
25730,LOF,0.053933165105482336,0.07001870712188445,0.8760481277726332
25731,LOF,0.009033711747245496,0.0737844299212985,0.917181858331456
25732,LOF,0.02885148514412722,0.04785648668840062,0.9232920281674721
25733,LOF,0.03566922569848137,0.062457427517507,0.9018733467840118
25734,LOF,0.006423645838077142,0.2609391925747343,0.7326371615871886
25735,LOF,0.03231860789018608,0.06207692155029148,0.9056044705595223
25736,LOF,0.032051526354535634,0.11497014110321248,0.852978332542252
25737,LOF,0.05769621189140807,0.08518837928902731,0.8571154088195647
25738,LOF,0.04472172047184069,0.1625494122398732,0.7927288672882861
25739,LOF,0.03430061106509552,0.1241793679884926,0.8415200209464118
25740,LOF,0.05992824094493972,0.11002519066930579,0.8300465683857544
25741,LOF,0.05624672174068675,0.09193079798520466,0.8518224802741087
25742,LOF,0.06076445933645067,0.11106887608928803,0.8281666645742611
25743,LOF,0.013110983257162277,0.017114449943068762,0.9697745667997689
25744,LOF,0.17958616344795023,0.13688977018730134,0.6835240663647485
25745,LOF,0.03262037339545587,0.06577039060904374,0.9016092359955005
25746,LOF,0.014740433245344554,0.10325087645847038,0.8820086902961851
25747,LOF,0.05608597776991111,0.024246448169668762,0.9196675740604202
25748,LOF,0.3227926473347582,0.06653615638889615,0.6106711962763457
25749,LOF,0.01989018290046318,0.053161065871331056,0.9269487512282057
25750,LOF,0.01994785528912763,0.06222955063227676,0.9178225940785956
25751,LOF,0.04588050748345145,0.05440777599089493,0.8997117165256536
25752,GOF,0.08611874354115369,0.5375099400808815,0.37637131637796484
25753,LOF,0.006457761459784984,0.3178705289971638,0.6756717095430512
25754,GOF,0.007660358906437599,0.8611360762089457,0.13120356488461668
25755,LOF,0.0074141609873556655,0.35417488543715464,0.6384109535754897
25756,LOF,0.02162591899185884,0.40041322784338984,0.5779608531647513
25757,GOF,0.007436887800778033,0.8305668149196784,0.16199629727954343
25758,GOF,0.008289649456925771,0.8800083375386752,0.111702013004399
25759,GOF,0.007169041432286336,0.6298607737730852,0.36297018479462845
25760,LOF,0.006212592775634507,0.2453176890036498,0.7484697182207157
25761,GOF,0.04594356148109337,0.86627733436497,0.0877791041539365
25762,LOF,0.024783666608659254,0.3098212051514327,0.6653951282399081
25763,LOF,0.00608872323489486,0.25647007991882426,0.737441196846281
25764,GOF,0.06759349629729347,0.6521051423602159,0.2803013613424908
25765,GOF,0.008629064695576016,0.8858756632136092,0.10549527209081483
25766,GOF,0.027059117649164216,0.8307516159242997,0.1421892664265361
25767,GOF,0.010108373536194797,0.581339454327888,0.40855217213591716
25768,LOF,0.05080251524821692,0.07541601504318969,0.8737814697085935
25769,LOF,0.03198837805777628,0.09924008394231802,0.8687715379999057
25770,LOF,0.14250505258577395,0.1349798970648346,0.7225150503493913
25771,LOF,0.023094649961742465,0.07384979072518816,0.9030555593130692
25772,LOF,0.049496965601741424,0.05246128825883779,0.8980417461394208
25773,LOF,0.017793409447068143,0.09747960869348796,0.8847269818594439
25774,LOF,0.023941715148050043,0.20501961446349942,0.7710386703884505
25775,LOF,0.02156026483241076,0.038896039320320666,0.9395436958472686
25776,LOF,0.03734735103775036,0.03443797473486785,0.9282146742273817
25777,LOF,0.26613807970405245,0.11974494587065226,0.6141169744252952
25778,LOF,0.031226774953867678,0.08601851391016618,0.8827547111359662
25779,GOF,0.060418709452531444,0.8170701272752637,0.12251116327220496
25780,GOF,0.07183028092358978,0.8223706181014683,0.10579910097494201
25781,GOF,0.03246914481495227,0.7946694796359095,0.17286137554913816
25782,GOF,0.03168024159948262,0.8673918624637591,0.10092789593675834
25783,GOF,0.04823660418129205,0.869694442112328,0.08206895370637986
25784,GOF,0.09489706976352938,0.8268819644285499,0.07822096580792066
25785,GOF,0.15737639738536266,0.7755840884638431,0.06703951415079437
25786,GOF,0.013349230741846801,0.6976033581465302,0.28904741111162296
25787,GOF,0.3203783258822856,0.5930207649508662,0.0866009091668482
25788,LOF,0.02391566049556511,0.10054944062074198,0.8755348988836928
25789,GOF,0.021476368442173766,0.8221941174811224,0.15632951407670384
25790,GOF,0.030247826511235507,0.7957094465933767,0.17404272689538766
25791,GOF,0.027138938685136862,0.5876808339668452,0.3851802273480179
25792,GOF,0.0330500286715603,0.6805162389776644,0.2864337323507753
25793,GOF,0.06149204711418935,0.7254600436615516,0.2130479092242591
25794,GOF,0.05360427092779122,0.5928629444150597,0.353532784657149
25795,GOF,0.05789207135476513,0.6138334499899475,0.3282744786552874
25796,GOF,0.16063152517439688,0.6547866859062133,0.18458178891938992
25797,GOF,0.08616084452644535,0.5691085101294913,0.34473064534406334
25798,GOF,0.00779665610217851,0.7673187388982876,0.2248846049995338
25799,GOF,0.005289310072650109,0.6663855309396289,0.32832515898772086
25800,GOF,0.02585966365408135,0.8299183687905414,0.14422196755537722
25801,GOF,0.027034800236845187,0.8113216759257318,0.16164352383742314
25802,GOF,0.027729344352022806,0.7384423368950366,0.23382831875294066
25803,GOF,0.025618442283778346,0.6584925506794131,0.3158890070368084
25804,GOF,0.038885316892138436,0.674272853095273,0.2868418300125886
25805,GOF,0.030886339888090145,0.7270008940877425,0.2421127660241675
25806,GOF,0.042930242125512406,0.7408830528744214,0.2161867050000662
25807,GOF,0.016843308202047224,0.6515445250602107,0.331612166737742
25808,GOF,0.031446641803814436,0.7378311700724621,0.2307221881237235
25809,GOF,0.014944600799572291,0.6747754558503747,0.31027994335005304
25810,GOF,0.013325381552737115,0.6713713910656908,0.31530322738157207
25811,GOF,0.08016345235475501,0.8126192978837563,0.10721724976148878
25812,GOF,0.0404030911514988,0.6993152241341855,0.2602816847143157
25813,GOF,0.20203021165861337,0.6665093091830971,0.13146047915828943
25814,GOF,0.03718643606298492,0.7011985384869134,0.26161502545010173
25815,GOF,0.0650866893376696,0.7736021498916555,0.1613111607706748
25816,GOF,0.009234734640106974,0.8165413782632639,0.1742238870966291
25817,GOF,0.10583188327727427,0.6896755562203719,0.20449256050235382
25818,GOF,0.0289357737956182,0.7507778126699234,0.22028641353445852
25819,GOF,0.05121763390900856,0.679563486926626,0.26921887916436543
25820,GOF,0.051664896913753255,0.6005911428017642,0.34774396028448257
25821,GOF,0.035410079256409856,0.659383810324862,0.30520611041872814
25822,GOF,0.07288362680065383,0.6432340769441343,0.28388229625521183
25823,GOF,0.03604484697657227,0.6320723931311039,0.33188275989232385
25824,GOF,0.027936843347221053,0.7142966475649798,0.25776650908779913
25825,GOF,0.02038294381813335,0.7102198424795907,0.26939721370227593
25826,GOF,0.00952731708539291,0.6323617322573435,0.3581109506572635
25827,GOF,0.020398995939105807,0.6677720449534688,0.31182895910742553
25828,GOF,0.012353757074776216,0.6864459792802968,0.3012002636449269
25829,GOF,0.0047257822236591905,0.541844680087954,0.45342953768838684
25830,LOF,0.06994011364155345,0.389855127791594,0.5402047585668526
25831,GOF,0.07716023119179634,0.764897090380395,0.1579426784278087
25832,GOF,0.009257893788073257,0.6780994367245695,0.3126426694873572
25833,GOF,0.02917317375009982,0.7764826854004491,0.19434414084945115
25834,GOF,0.009571461736462073,0.7081072784381321,0.2823212598254059
25835,GOF,0.029648654942723913,0.8124926255984636,0.15785871945881236
25836,GOF,0.008378428980887068,0.7352558479161236,0.2563657231029894
25837,GOF,0.010954196648168654,0.7137044902463964,0.2753413131054349
25838,GOF,0.024276063974718907,0.7833725905302954,0.19235134549498561
25839,GOF,0.06992502497249352,0.7407020925954203,0.18937288243208616
25840,GOF,0.09453466400807382,0.7001464723292147,0.2053188636627115
25841,GOF,0.07930727487828552,0.7665697472493431,0.15412297787237136
25842,GOF,0.027702943367908114,0.8360058791288445,0.13629117750324748
25843,GOF,0.025130468694728212,0.8442713884067624,0.1305981428985093
25844,GOF,0.02341659172288962,0.79202109371537,0.18456231456174033
25845,GOF,0.007794609045853635,0.6699124400733157,0.3222929508808305
25846,GOF,0.07127404265322086,0.821436767183367,0.10728919016341207
25847,GOF,0.01834560376771739,0.8143720339505064,0.16728236228177606
25848,GOF,0.02029780110719975,0.7572526337156317,0.22244956517716866
25849,GOF,0.0071678921000756304,0.7281022006106006,0.2647299072893237
25850,GOF,0.008386405926003863,0.6416316715501584,0.3499819225238377
25851,GOF,0.007262684954868861,0.5763115944590499,0.41642572058608124
25852,LOF,0.15475933364248726,0.4087025046944443,0.4365381616630683
25853,GOF,0.06480696258500725,0.7420748184962683,0.19311821891872435
25854,GOF,0.007094420974027282,0.6457886281198979,0.3471169509060748
25855,GOF,0.025789294111707505,0.5148489259613906,0.45936177992690186
25856,GOF,0.05737932475474737,0.658221039880898,0.2843996353643547
25857,GOF,0.026785517653692727,0.5069252913971404,0.4662891909491669
25858,GOF,0.008957332461598492,0.5183493221020568,0.47269334543634467
25859,GOF,0.006490501276051079,0.49782232561037626,0.4956871731135727
25860,GOF,0.08415383893233426,0.6118871304035798,0.30395903066408597
25861,GOF,0.10517743821785298,0.770912527352028,0.12391003443011901
25862,GOF,0.02211078113234579,0.8655455791236306,0.11234363974402349
25863,GOF,0.019641028172778567,0.8381157783836395,0.1422431934435819
25864,GOF,0.03237701804652829,0.8713512509889736,0.09627173096449822
25865,GOF,0.036906337066322965,0.8418541713718635,0.12123949156181356
25866,GOF,0.02115936927461829,0.832803076109625,0.14603755461575668
25867,GOF,0.04830994378140223,0.8363971897645491,0.11529286645404858
25868,GOF,0.07359480627991016,0.7284711982387347,0.1979339954813551
25869,GOF,0.3390975800097639,0.5087395513395538,0.1521628686506823
25870,LOF,0.08125986349628381,0.41831119934532845,0.5004289371583878
25871,GOF,0.010653809734507226,0.6742934086283845,0.31505278163710826
25872,GOF,0.02628173697372278,0.6745042280864656,0.2992140349398117
25873,GOF,0.02301904445665279,0.7765505773456446,0.20043037819770246
25874,LOF,0.02940426993536936,0.09100774246551904,0.8795879875991117
25875,LOF,0.023003241002217904,0.1976319435256895,0.7793648154720926
25876,LOF,0.024514642998519375,0.07494431680974037,0.9005410401917403
25877,LOF,0.0846114455214435,0.3416727235597188,0.5737158309188377
25878,LOF,0.05094735192782961,0.42622667221146976,0.5228259758607007
25879,LOF,0.010102429727430194,0.2408858552076991,0.7490117150648706
25880,LOF,0.048335726850726346,0.02570516942508939,0.9259591037241842
25881,Neutral,0.4390537101273382,0.31088429351829344,0.25006199635436843
25882,LOF,0.03701589964734418,0.09195135961374762,0.8710327407389082
25883,LOF,0.028999753082328904,0.08809809777999873,0.8829021491376723
25884,LOF,0.01255635811622505,0.12367238884250358,0.8637712530412713
25885,LOF,0.13647596772156015,0.03654483931235049,0.8269791929660895
25886,LOF,0.215257050763891,0.1908974196874798,0.5938455295486292
25887,GOF,0.04369122951046432,0.5124748129775778,0.4438339575119579
25888,LOF,0.004893931018747654,0.3905530986258352,0.6045529703554172
25889,LOF,0.019999292900709873,0.0961670720067946,0.8838336350924956
25890,LOF,0.1850669684729016,0.3096292517971547,0.5053037797299436
25891,LOF,0.1034224064818552,0.11942267944597094,0.7771549140721739
25892,LOF,0.0071254608694342626,0.035080533506972766,0.957794005623593
25893,LOF,0.2524059052060205,0.01285483023573373,0.7347392645582458
25894,LOF,0.29889791776089064,0.008597655402449207,0.6925044268366602
25895,LOF,0.2704919301073799,0.015243461671875933,0.7142646082207441
25896,LOF,0.07381464115474796,0.038254840041053804,0.8879305188041983
25897,LOF,0.09681357620439741,0.016302707050569513,0.8868837167450331
25898,LOF,0.1001567577021626,0.04585771723672937,0.853985525061108
25899,LOF,0.37969945344840045,0.044738270752316935,0.5755622757992825
25900,Neutral,0.7722864273299026,0.01263776983843249,0.21507580283166491
25901,LOF,0.06624236968241753,0.011212886086125182,0.9225447442314573
25902,LOF,0.08765496066270193,0.008719230460949827,0.9036258088763482
25903,LOF,0.14248520738838266,0.038899122328386465,0.8186156702832308
25904,Neutral,0.49751901577213836,0.09347324456162148,0.4090077396662401
25905,LOF,0.010177864860033295,0.27106407393285786,0.7187580612071088
25906,LOF,0.008401810097319051,0.02220243832230116,0.9693957515803797
25907,LOF,0.008095385464468323,0.15759798977768275,0.834306624757849
25908,LOF,0.008669706876294123,0.1374134315495605,0.8539168615741453
25909,LOF,0.04204809446760604,0.06285334128616422,0.8950985642462298
25910,LOF,0.012183060978188779,0.09179333170102379,0.8960236073207875
25911,LOF,0.16471443143535588,0.1045759005041734,0.7307096680604707
25912,LOF,0.14403788315284702,0.029803404316517994,0.826158712530635
25913,LOF,0.013856975511562657,0.10111571800600137,0.8850273064824361
25914,LOF,0.04278207380290993,0.02973426596241801,0.927483660234672
25915,LOF,0.19113665015987158,0.3796515104547931,0.4292118393853354
25916,LOF,0.015757824093511747,0.21303601269515177,0.7712061632113365
25917,LOF,0.06539901893561081,0.03433794400064731,0.9002630370637419
25918,LOF,0.042890625405427894,0.01848943924839989,0.9386199353461723
25919,LOF,0.03805007441618618,0.01646804434181413,0.9454818812419997
25920,LOF,0.30353348932682694,0.30741271238574247,0.3890537982874306
25921,LOF,0.02732029109714059,0.030187845336929666,0.9424918635659298
25922,LOF,0.0251881351996622,0.026052803722236374,0.9487590610781015
25923,LOF,0.471461193682801,0.022553075545580635,0.5059857307716183
25924,LOF,0.03233698536616454,0.02975722771195205,0.9379057869218833
25925,LOF,0.12921968941985354,0.04526208373228614,0.8255182268478604
25926,LOF,0.10804547913681249,0.03253566126750706,0.8594188595956805
25927,LOF,0.02917127501557191,0.05633153058860892,0.9144971943958192
25928,LOF,0.01890029122761599,0.01625641686001324,0.9648432919123707
25929,Neutral,0.5982205193199641,0.022239905472066203,0.3795395752079697
25930,LOF,0.06703556967477743,0.023722089717853088,0.9092423406073695
25931,LOF,0.01851319376912361,0.018392728639407236,0.963094077591469
25932,LOF,0.09466442296761488,0.012942626855889873,0.8923929501764952
25933,LOF,0.09654593963723301,0.009532953814178893,0.893921106548588
25934,LOF,0.092802359151701,0.011694531270195024,0.895503109578104
25935,LOF,0.1217035523387347,0.03441467117356826,0.843881776487697
25936,LOF,0.09401300151617863,0.010538021759730861,0.8954489767240905
25937,LOF,0.02136209396378104,0.021990014880208016,0.9566478911560109
25938,LOF,0.12340726056811899,0.03132810636163139,0.8452646330702497
25939,LOF,0.0655659093157962,0.012734607771905822,0.921699482912298
25940,LOF,0.00763664300086671,0.4138393331230704,0.5785240238760628
25941,Neutral,0.49166871428683634,0.2011363772557695,0.3071949084573941
25942,LOF,0.008648081166168572,0.23602420016573145,0.7553277186681
25943,GOF,0.028297317810431145,0.5875296820516549,0.38417300013791406
25944,GOF,0.029918664363073607,0.5544315000584575,0.4156498355784688
25945,LOF,0.10135256949825447,0.141776726183113,0.7568707043186326
25946,LOF,0.0940141777400734,0.07052117580022509,0.8354646464597015
25947,Neutral,0.5145992153569221,0.12413828873864637,0.36126249590443155
25948,LOF,0.4754614392449024,0.017219835753954704,0.507318725001143
25949,LOF,0.10784070896659985,0.0475009288395922,0.844658362193808
25950,GOF,0.035039731413799007,0.7996342300893035,0.16532603849689761
25951,GOF,0.012770571321960347,0.614005338293853,0.37322409038418686
25952,GOF,0.09884311872897428,0.4598710773393276,0.4412858039316982
25953,GOF,0.006899566753972609,0.5605838663617647,0.43251656688426265
25954,GOF,0.03188809121528053,0.7219413539976435,0.2461705547870761
25955,LOF,0.005570179244123989,0.49680298318027016,0.4976268375756058
25956,LOF,0.009412215987489007,0.3117529468738111,0.6788348371387
25957,LOF,0.24089467961404257,0.02678082872803663,0.7323244916579209
25958,LOF,0.030185969022084497,0.07182814052499455,0.897985890452921
25959,GOF,0.005114590524201212,0.6292634361518165,0.3656219733239824
25960,LOF,0.0056226741776000035,0.11003587337256268,0.8843414524498373
25961,LOF,0.02961583259739182,0.06967829067171144,0.9007058767308967
25962,LOF,0.042187572400237815,0.10472311148046963,0.8530893161192925
25963,LOF,0.008906215202963816,0.25610795919365453,0.7349858256033815
25964,LOF,0.04458310450527602,0.15085752157734164,0.8045593739173822
25965,LOF,0.15989587237608638,0.20845452581663634,0.6316496018072774
25966,LOF,0.35077770556729,0.19553579468302398,0.45368649974968606
25967,LOF,0.009094939217219555,0.05027535786510516,0.9406297029176753
25968,LOF,0.07585447479441332,0.2506396459977799,0.6735058792078068
25969,LOF,0.13953281914670626,0.033158583037062456,0.8273085978162313
25970,LOF,0.038995632961228335,0.21683609543854138,0.7441682716002301
25971,LOF,0.06345968160182996,0.09284724077666456,0.8436930776215055
25972,LOF,0.06015616510018999,0.1186757819390235,0.8211680529607864
25973,LOF,0.10142086031923221,0.006447628464093858,0.8921315112166739
25974,LOF,0.08573885238591986,0.05633919155666703,0.8579219560574132
25975,LOF,0.03804085381672498,0.009563363819412253,0.9523957823638628
25976,LOF,0.09461869118081977,0.00642448077558998,0.8989568280435903
25977,LOF,0.20498889048432747,0.07737642048696679,0.7176346890287056
25978,LOF,0.1592545990456189,0.12131107283639471,0.7194343281179864
25979,LOF,0.12282168360121741,0.12390806552719857,0.753270250871584
25980,LOF,0.1873183038327533,0.24303735628239026,0.5696443398848564
25981,LOF,0.18945001099981962,0.24997793383467057,0.5605720551655099
25982,LOF,0.2684122343740331,0.12152441989224819,0.6100633457337187
25983,Neutral,0.446339045511839,0.13122855113479268,0.4224324033533683
25984,LOF,0.04397325634653829,0.16875079561540648,0.7872759480380552
25985,Neutral,0.40551435939959196,0.22990618874318952,0.3645794518572186
25986,GOF,0.008936306101338077,0.5449907562915874,0.44607293760707445
25987,LOF,0.022472569317687475,0.09709811917780205,0.8804293115045105
25988,LOF,0.03705445175948804,0.2350465036442912,0.7278990445962209
25989,LOF,0.03908358790031174,0.2289368600191646,0.7319795520805237
25990,LOF,0.04041159875442158,0.3319439494649395,0.6276444517806389
25991,GOF,0.03909723168532118,0.5764883749836807,0.3844143933309982
25992,LOF,0.013951181163076778,0.32925550350522204,0.6567933153317012
25993,LOF,0.03315715738295447,0.07380412184949822,0.8930387207675473
25994,LOF,0.0350310402731881,0.083883827736694,0.881085131990118
25995,LOF,0.020293162196362458,0.15528147092529881,0.8244253668783388
25996,GOF,0.34518359753061983,0.4870134661139295,0.1678029363554508
25997,GOF,0.07543580207390771,0.639979921189093,0.28458427673699926
25998,LOF,0.2541344841983851,0.03644754718946769,0.7094179686121472
25999,LOF,0.0257081614052491,0.41304388641570927,0.5612479521790417
26000,LOF,0.14666561639344783,0.01763804380970917,0.8356963397968429
26001,LOF,0.14690396044373963,0.04108224394966906,0.8120137956065914
26002,LOF,0.10552721643487578,0.03068737690983311,0.863785406655291
26003,GOF,0.005976687557073929,0.5733966177625653,0.4206266946803608
26004,GOF,0.014089038759828474,0.561886679347291,0.4240242818928806
26005,LOF,0.005270409472228151,0.44405934849026735,0.5506702420375044
26006,GOF,0.10157506460835686,0.5130830906392897,0.38534184475235356
26007,GOF,0.008586359311271835,0.5105758275223516,0.48083781316637647
26008,GOF,0.005661693999450699,0.5179051754338103,0.47643313056673897
26009,GOF,0.010935920048965079,0.5513481942935898,0.4377158856574451
26010,GOF,0.007816723290033514,0.5467665218813293,0.44541675482863713
26011,LOF,0.005740954801634224,0.3912326223947314,0.6030264228036344
26012,LOF,0.005710180769122433,0.46918333921804733,0.5251064800128302
26013,LOF,0.009809079370032526,0.4333462243652056,0.556844696264762
26014,LOF,0.056223519738709905,0.09054812526047891,0.8532283550008112
26015,LOF,0.3757859309573477,0.07036981190547888,0.5538442571371733
26016,LOF,0.25292810285297945,0.15427044271523624,0.5928014544317843
26017,LOF,0.014933986565644434,0.45503399077885837,0.5300320226554972
26018,LOF,0.021050881295297603,0.18022065000013973,0.7987284687045626
26019,LOF,0.021049512133115407,0.14248979767514092,0.8364606901917437
26020,LOF,0.0069466035322188775,0.4359322653243298,0.5571211311434513
26021,LOF,0.08603449495430075,0.30819687597577716,0.6057686290699221
26022,LOF,0.051225132756209664,0.08476760918495983,0.8640072580588305
26023,LOF,0.031620679767300736,0.1394062892020231,0.8289730310306762
26024,LOF,0.047919452266664886,0.19479986264530358,0.7572806850880315
26025,LOF,0.130692730459108,0.15646728393402787,0.7128399856068641
26026,LOF,0.13397451625691872,0.11535071165539905,0.7506747720876822
26027,LOF,0.031058124119850535,0.0798204597036806,0.8891214161764688
26028,LOF,0.06685110761701495,0.2209671572593965,0.7121817351235885
26029,LOF,0.03915629970453292,0.09559111484104331,0.8652525854544237
26030,LOF,0.1538840018800642,0.008140618042520028,0.8379753800774157
26031,LOF,0.020631482999321247,0.10027968200056661,0.879088835000112
26032,LOF,0.031693505275369016,0.017388361930309893,0.950918132794321
26033,LOF,0.046629550613696905,0.032470709204023514,0.9208997401822796
26034,LOF,0.02751939355886893,0.06474807807497832,0.9077325283661528
26035,LOF,0.016132917546375674,0.07637219233185573,0.9074948901217685
26036,LOF,0.015524473863135905,0.06356589181249218,0.9209096343243719
26037,LOF,0.014397847848060408,0.06427026395601493,0.9213318881959247
26038,LOF,0.025308483600511262,0.01709991278424836,0.9575916036152404
26039,LOF,0.0334032249743467,0.09499139165885546,0.8716053833667979
26040,LOF,0.07351132533141896,0.13605286645106035,0.7904358082175207
26041,LOF,0.017267311563458735,0.07622519154241947,0.9065074968941219
26042,LOF,0.01575010986287995,0.08368955847762417,0.9005603316594959
26043,LOF,0.02526076646841631,0.03734487671121713,0.9373943568203665
26044,LOF,0.009162441081806883,0.03710961704029512,0.9537279418778979
26045,LOF,0.08720110419426566,0.1954321836785501,0.7173667121271843
26046,LOF,0.02469391563162709,0.041865881797974104,0.9334402025703988
26047,LOF,0.0585971809189001,0.03226782762289343,0.9091349914582065
26048,LOF,0.07698970703373453,0.019784124490875868,0.9032261684753896
26049,Neutral,0.9239375567692799,0.005008398580701979,0.07105404465001833
26050,Neutral,0.8687057433755767,0.0061579911763955395,0.12513626544802772
26051,LOF,0.03551574480541058,0.28825418904327815,0.6762300661513113
26052,LOF,0.03712560335462548,0.19293256201276338,0.769941834632611
26053,LOF,0.04328086297628363,0.055011860885605404,0.9017072761381109
26054,LOF,0.0513077925537811,0.08275394857577101,0.8659382588704478
26055,LOF,0.05394293983723288,0.07046780449508143,0.8755892556676858
26056,LOF,0.050551982924889945,0.07559578916843195,0.8738522279066782
26057,LOF,0.05668123906258021,0.017637338329290576,0.9256814226081292
26058,LOF,0.0673647168027191,0.014491121855227551,0.9181441613420533
26059,LOF,0.2542336201468769,0.10283253485125872,0.6429338450018643
26060,LOF,0.017616543034846662,0.24218544529465294,0.7401980116705005
26061,LOF,0.013413549598899576,0.011611257604563602,0.9749751927965368
26062,LOF,0.006650146532989195,0.023474514434564334,0.9698753390324465
26063,LOF,0.058268181589312046,0.015006180817811363,0.9267256375928766
26064,LOF,0.010862433192457275,0.015218560011892698,0.97391900679565
26065,LOF,0.04869444650830276,0.02048404247540211,0.9308215110162951
26066,LOF,0.0510087940236926,0.014071500071357273,0.9349197059049501
26067,LOF,0.06065972408746352,0.015496562395601404,0.9238437135169351
26068,LOF,0.04949478534214608,0.048892425538612914,0.9016127891192409
26069,LOF,0.16027462718890473,0.04511451318806538,0.7946108596230299
26070,LOF,0.37241371229111053,0.029364486197119035,0.5982218015117704
26071,LOF,0.05032276766973696,0.017472646260820873,0.9322045860694421
26072,LOF,0.009892000129875117,0.01989557476725254,0.9702124251028724
26073,LOF,0.05414793561572372,0.01203783258768636,0.93381423179659
26074,Neutral,0.6981263594036456,0.024222235534931323,0.277651405061423
26075,LOF,0.037176252765037304,0.04089049960952243,0.9219332476254403
26076,LOF,0.06399471390251815,0.020116875784027263,0.9158884103134547
26077,LOF,0.16124298515115243,0.019253840280303403,0.8195031745685442
26078,LOF,0.007552808489571467,0.0226671056317213,0.9697800858787071
26079,LOF,0.05514933647549191,0.038522063391018095,0.9063286001334899
26080,LOF,0.05432002907053495,0.03849940453078411,0.907180566398681
26081,LOF,0.054094372117353524,0.015968135316918926,0.9299374925657276
26082,LOF,0.008151934162480987,0.022380875193671924,0.9694671906438471
26083,LOF,0.04549937695585016,0.041927729484986395,0.9125728935591635
26084,LOF,0.06445630172648938,0.0177929073430739,0.9177507909304368
26085,LOF,0.060245945458436305,0.015803311073949698,0.923950743467614
26086,LOF,0.04238670707689445,0.019502838824100116,0.9381104540990055
26087,LOF,0.0500302473669998,0.020181359457094646,0.9297883931759054
26088,LOF,0.008634190180881704,0.041972641048561105,0.9493931687705571
26089,LOF,0.03410093733511356,0.061276060425926,0.9046230022389604
26090,LOF,0.03355439692803896,0.05028893984782945,0.9161566632241315
26091,LOF,0.05507368000745442,0.01508469038031621,0.9298416296122293
26092,LOF,0.06822316068050202,0.014349672101351104,0.917427167218147
26093,LOF,0.09222671706781446,0.009835765547476276,0.8979375173847092
26094,LOF,0.046556291933945754,0.015558977742681461,0.9378847303233727
26095,LOF,0.013112433220822046,0.033505625789166577,0.9533819409900115
26096,LOF,0.3079325499221384,0.005110141069843321,0.6869573090080182
26097,LOF,0.008089474361698379,0.052325159272064645,0.9395853663662369
26098,LOF,0.05797539634024993,0.03928523683984766,0.9027393668199025
26099,LOF,0.05180030574186559,0.04707507856437825,0.9011246156937561
26100,LOF,0.05180030574186559,0.04707507856437825,0.9011246156937561
26101,LOF,0.04131231593913158,0.05144615902488614,0.9072415250359823
26102,LOF,0.053180633822524415,0.022056230837701755,0.9247631353397737
26103,Neutral,0.8603239941629948,0.04866208602279403,0.09101391981421117
26104,LOF,0.04323149505328537,0.11157384906855616,0.8451946558781586
26105,LOF,0.24990820341296335,0.21344205808168878,0.5366497385053479
26106,LOF,0.2574336271323005,0.10128106879052554,0.641285304077174
26107,LOF,0.009401792121402453,0.14218056537763912,0.8484176425009583
26108,LOF,0.13192821680666414,0.1637147376782365,0.7043570455150994
26109,LOF,0.049743957643671316,0.027139506383490834,0.9231165359728378
26110,Neutral,0.5128660282475639,0.0359671345773047,0.45116683717513134
26111,LOF,0.05325024974312501,0.24053869682709034,0.7062110534297846
26112,LOF,0.0533946421220724,0.03936905847824989,0.9072362993996778
26113,LOF,0.06577797963023777,0.06518916747111693,0.8690328528986454
26114,LOF,0.10167016769855775,0.02404166876472188,0.8742881635367203
26115,LOF,0.018141732811260053,0.20126929896858853,0.7805889682201514
26116,LOF,0.06508077073642365,0.07873552395666424,0.856183705306912
26117,LOF,0.2750596929557289,0.06775864732339167,0.6571816597208795
26118,LOF,0.036688341208821064,0.025354657569152714,0.9379570012220263
26119,LOF,0.005087482725085267,0.09706100094937,0.8978515163255447
26120,LOF,0.03271346780893034,0.027001970609263296,0.9402845615818064
26121,LOF,0.0039514699361722,0.12716636570823137,0.8688821643555964
26122,LOF,0.004528411888046305,0.10532173475165962,0.890149853360294
