feature0,prediction,LoGoFunc_Neutral,LoGoFunc_GOF,LoGoFunc_LOF
25546,Neutral,0.6771692542695781,0.04388541014224584,0.27894533558817614
25547,LOF,0.4108006850305275,0.17686695766449131,0.41233235730498113
25548,LOF,0.35298781136922586,0.11260864488137234,0.5344035437494018
25549,LOF,0.2699022723130052,0.1369292583576372,0.5931684693293576
25550,Neutral,0.6275874832708654,0.04713471520454415,0.3252778015245903
25551,Neutral,0.5427913558728863,0.04771891930361528,0.4094897248234984
25552,LOF,0.17756845970163207,0.1168884360044283,0.7055431042939396
25553,Neutral,0.5314561244951138,0.04914862330955476,0.41939525219533136
25554,LOF,0.23501280705144842,0.151983336850252,0.6130038560982997
25555,LOF,0.16801546740161988,0.11229497251511389,0.7196895600832662
25556,LOF,0.24328852322290628,0.13767671573269907,0.6190347610443946
25557,LOF,0.1648459978330535,0.11443422115214501,0.7207197810148015
25558,LOF,0.25011458974812867,0.1345575168951377,0.6153278933567335
25559,Neutral,0.7626412705231953,0.0538226261750349,0.1835361033017697
25560,LOF,0.05266274318627489,0.10890367915308392,0.8384335776606412
25561,LOF,0.12371365502346492,0.09778165209965349,0.7785046928768816
25562,LOF,0.20779314802690194,0.04183976502090535,0.7503670869521928
25563,LOF,0.2521544581523021,0.0562636125987466,0.6915819292489512
25564,LOF,0.0875035962867131,0.06358763812168436,0.8489087655916024
25565,LOF,0.121092680989082,0.3061758459003021,0.5727314731106158
25566,GOF,0.03739716833860241,0.6689025720055725,0.29370025965582514
25567,LOF,0.023895109148927025,0.07123658980861099,0.9048683010424621
25568,LOF,0.11469746077326817,0.10103386092214624,0.7842686783045855
25569,Neutral,0.7621531501669551,0.016158963762918904,0.22168788607012607
25570,LOF,0.11527677151643971,0.1442069033445903,0.7405163251389699
25571,LOF,0.12215679607661814,0.08871507401640726,0.7891281299069746
25572,LOF,0.11316935358712699,0.11719141282445475,0.7696392335884182
25573,LOF,0.030992983925988184,0.1401548619832819,0.82885215409073
25574,LOF,0.009664643191263856,0.27996775285721576,0.7103676039515204
25575,LOF,0.12865071549403836,0.05597914065115343,0.8153701438548082
25576,LOF,0.03515726985182775,0.04968247989636175,0.9151602502518104
25577,LOF,0.022792053903840457,0.08718263899579903,0.8900253071003605
25578,Neutral,0.5486815820900297,0.08257341359902691,0.3687450043109433
25579,Neutral,0.5486815820900297,0.08257341359902691,0.3687450043109433
25580,LOF,0.07485323441135781,0.03880669197903833,0.8863400736096039
25581,LOF,0.10544676445114841,0.12376086729974008,0.7707923682491116
25582,LOF,0.10949961046550961,0.07968545158736659,0.8108149379471238
25583,LOF,0.08478187450963447,0.05797300442972154,0.8572451210606441
25584,Neutral,0.5105764858794785,0.08998308301971833,0.3994404311008032
25585,LOF,0.023737829274025325,0.08780327630805483,0.8884588944179199
25586,LOF,0.09409514281883526,0.08675902605242046,0.8191458311287443
25587,LOF,0.0642554058656081,0.07092373607662274,0.8648208580577691
25588,LOF,0.07964384206884295,0.06565502446714103,0.854701133464016
25589,Neutral,0.7059192320867328,0.11978614229297965,0.17429462562028747
25590,LOF,0.048204684664139956,0.10325114089196757,0.8485441744438924
25591,LOF,0.22768754610294564,0.04382790647528812,0.7284845474217663
25592,LOF,0.052065000775317095,0.062442224241851176,0.8854927749828319
25593,LOF,0.01521185950783538,0.48683631295220714,0.4979518275399576
25594,LOF,0.13113619837841564,0.1358585884402935,0.7330052131812909
25595,LOF,0.08725022468617838,0.15683634755063627,0.7559134277631854
25596,LOF,0.2510974351367707,0.07865841222808159,0.6702441526351477
25597,LOF,0.2257095959957264,0.07018196099723092,0.7041084430070426
25598,Neutral,0.7841053581587608,0.03670981561240104,0.17918482622883816
25599,LOF,0.012820009989725835,0.30441493123174623,0.6827650587785279
25600,LOF,0.013148166966046121,0.24221914377411027,0.7446326892598437
25601,LOF,0.008955216126035294,0.1466587621999681,0.8443860216739966
25602,LOF,0.08282065210738362,0.16521590795557464,0.7519634399370417
25603,LOF,0.06199018020675722,0.15517927205440626,0.7828305477388365
25604,LOF,0.035092648558223916,0.2885153017504865,0.6763920496912895
25605,LOF,0.02049671725274757,0.39043297113407316,0.5890703116131794
25606,GOF,0.04992814239042917,0.6015148509599122,0.34855700664965866
25607,LOF,0.004290192268967461,0.23462517103763575,0.7610846366933968
25608,LOF,0.061461312773912515,0.10559738572203772,0.8329413015040498
25609,LOF,0.21387795897163217,0.18283571866046316,0.6032863223679047
25610,LOF,0.05568948788624212,0.1593759165066855,0.7849345956070723
25611,LOF,0.07028867432717953,0.11259967308019096,0.8171116525926295
25612,Neutral,0.7497134869917905,0.1195808678828227,0.1307056451253869
25613,LOF,0.06596140303670754,0.26006726561228594,0.6739713313510066
25614,LOF,0.04952375712351339,0.2304118244586983,0.7200644184177885
25615,LOF,0.05184189994791561,0.2655552748124559,0.6826028252396285
25616,LOF,0.0378699908212837,0.30361804519984936,0.6585119639788669
25617,LOF,0.06556708887910519,0.19639389414490355,0.7380390169759913
25618,LOF,0.05601733049215269,0.29535845326755333,0.648624216240294
25619,LOF,0.06587039068934245,0.172649820853466,0.7614797884571916
25620,LOF,0.03783951430142069,0.1867472135635304,0.7754132721350488
25621,LOF,0.061231204369344774,0.206479577435753,0.7322892181949022
25622,LOF,0.04222983237629144,0.23397028073764037,0.7237998868860681
25623,LOF,0.10348714056273012,0.24709678434760188,0.649416075089668
25624,LOF,0.037880583940008955,0.2590281606021019,0.7030912554578892
25625,LOF,0.04149501205329946,0.25637565394630896,0.7021293340003915
25626,Neutral,0.7623462149157892,0.08477279823475439,0.15288098684945634
25627,Neutral,0.46336432063091354,0.19533304311823085,0.34130263625085544
25628,LOF,0.1497006431202103,0.05295194728906126,0.7973474095907285
25629,Neutral,0.7018946542045911,0.027934814096870392,0.2701705316985386
25630,LOF,0.09530777530928726,0.1200496208583519,0.7846426038323608
25631,Neutral,0.4090751516424012,0.19156895651924707,0.39935589183835174
25632,LOF,0.014989652305796793,0.09474134974520014,0.890268997949003
25633,Neutral,0.3802571757903848,0.32700546601921315,0.292737358190402
25634,LOF,0.1053384272112763,0.2366443871439536,0.6580171856447701
25635,LOF,0.04774841213085252,0.06992925520671288,0.8823223326624346
25636,GOF,0.006018560509796629,0.5327554079525565,0.4612260315376469
25637,LOF,0.0057914769108175475,0.2618511920719205,0.7323573310172621
25638,LOF,0.006715186108418699,0.39966077398786604,0.5936240399037154
25639,LOF,0.007163841944581105,0.26315306715706205,0.7296830908983568
25640,Neutral,0.3980261459010154,0.31028395118119567,0.29168990291778896
25641,LOF,0.010075583542181469,0.15675619657933676,0.8331682198784818
25642,LOF,0.30131847633926967,0.058208577537819925,0.6404729461229103
25643,Neutral,0.5849072942240768,0.013452971619225507,0.4016397341566976
25644,LOF,0.01363940887474092,0.43437593204553254,0.5519846590797265
25645,GOF,0.008132835412699366,0.5491065738408428,0.4427605907464579
25646,LOF,0.009963952042454174,0.4118785172922472,0.5781575306652986
25647,LOF,0.010956062748109367,0.30224067301839885,0.6868032642334917
25648,LOF,0.007760499892604794,0.39697012500394036,0.5952693751034549
25649,LOF,0.007574263640894447,0.33166928850682187,0.6607564478522838
25650,GOF,0.024964817983697495,0.610709365679758,0.3643258163365446
25651,LOF,0.007287824053314126,0.4720326865686826,0.5206794893780032
25652,LOF,0.015251549121686421,0.2664595391803216,0.7182889116979919
25653,GOF,0.07877466834644688,0.48374207540951236,0.43748325624404083
25654,LOF,0.008355808339252872,0.4608282333607772,0.53081595829997
25655,GOF,0.08913780913605085,0.5054342842174315,0.4054279066465176
25656,LOF,0.038138513591556636,0.4049708290216174,0.556890657386826
25657,LOF,0.4704350197896696,0.038722631806246764,0.4908423484040836
25658,LOF,0.014491587412689584,0.3184729801286344,0.667035432458676
25659,LOF,0.1097763942633555,0.24766355654812655,0.6425600491885181
25660,LOF,0.12749241381585075,0.13015005776694427,0.7423575284172049
25661,LOF,0.10051352483919518,0.10009571285930038,0.7993907623015045
25662,LOF,0.08722741224821415,0.10497016446340633,0.8078024232883795
25663,LOF,0.08156570747428296,0.12519571550211547,0.7932385770236016
25664,LOF,0.05891702608325134,0.2575473737203749,0.6835356001963738
25665,LOF,0.09734846429467041,0.15802918068237654,0.744622355022953
25666,LOF,0.1406349480273182,0.31793554987532746,0.5414295020973543
25667,LOF,0.06352725942153746,0.05288691619325117,0.8835858243852114
25668,LOF,0.0944844375928109,0.05083716108575933,0.8546784013214297
25669,LOF,0.05671163951773244,0.1104592509303606,0.832829109551907
25670,LOF,0.13595636232059247,0.06717047731767092,0.7968731603617365
25671,LOF,0.0894283411579972,0.12180013989858249,0.7887715189434202
25672,LOF,0.13579417300476695,0.12523288995344134,0.7389729370417917
25673,LOF,0.13814573890458914,0.20696623508855852,0.6548880260068524
25674,LOF,0.0629899119902475,0.15427666212197585,0.7827334258877766
25675,LOF,0.13828659450485917,0.14391650577651438,0.7177968997186266
25676,LOF,0.0739148906158568,0.09315136738850727,0.8329337419956361
25677,LOF,0.10593643336236049,0.08191415523043115,0.8121494114072083
25678,Neutral,0.6740058151007704,0.04034445153390057,0.2856497333653289
25679,LOF,0.36741865624406395,0.08803907547900405,0.5445422682769321
25680,LOF,0.11714271651316602,0.16008163624825353,0.7227756472385806
25681,LOF,0.1326590759537832,0.13058293450759126,0.7367579895386256
25682,LOF,0.08594571671729055,0.07113565186595694,0.8429186314167525
25683,LOF,0.2783475630204348,0.09141630068679128,0.6302361362927739
25684,LOF,0.11581104632555048,0.12997322207960232,0.7542157315948472
25685,LOF,0.2214137005483449,0.05978234098379519,0.7188039584678599
25686,LOF,0.022529876341983644,0.1833685687572279,0.7941015549007885
25687,LOF,0.03377322325421567,0.19886436009002498,0.7673624166557594
25688,LOF,0.020756006158593587,0.3129201297385256,0.6663238641028808
25689,LOF,0.011366734326973738,0.23117907353440906,0.7574541921386172
25690,LOF,0.013285117131203292,0.400431394653775,0.5862834882150217
25691,GOF,0.113315413992329,0.4700695246112294,0.41661506139644155
25692,Neutral,0.7726801374584175,0.033200279855617805,0.19411958268596463
25693,GOF,0.02628856288380482,0.5389940841442771,0.43471735297191805
25694,LOF,0.4367290317671677,0.03137522336346882,0.5318957448693636
25695,LOF,0.32013983926062667,0.05685400863487107,0.6230061521045024
25696,Neutral,0.6998121305160301,0.046555013405622694,0.25363285607834724
25697,Neutral,0.8168033540831917,0.03306386860454472,0.15013277731226354
25698,LOF,0.011289425957188752,0.47834653521711584,0.5103640388256954
25699,LOF,0.053666343568023675,0.4217361106196324,0.5245975458123439
25700,LOF,0.07977593859871826,0.024129300991708975,0.8960947604095727
25701,LOF,0.00778923632268356,0.3942656569015627,0.5979451067757537
25702,GOF,0.034355938298069814,0.5865232499567532,0.379120811745177
25703,LOF,0.01999105426609255,0.10984062068445674,0.8701683250494507
25704,LOF,0.08304698658571276,0.12127446191846554,0.7956785514958216
25705,LOF,0.13158030541912533,0.17391365722685848,0.6945060373540162
25706,GOF,0.017509331737839053,0.7808181000392067,0.2016725682229543
25707,GOF,0.012838374515074635,0.6896865162794746,0.29747510920545084
25708,GOF,0.007615707711771138,0.6830727769131818,0.30931151537504703
25709,LOF,0.0882634944607465,0.12038164591206374,0.7913548596271899
25710,LOF,0.022456288780114825,0.260857512033489,0.7166861991863962
25711,LOF,0.08622584132267122,0.13377312787857593,0.7800010307987528
25712,LOF,0.05187900163491629,0.20220009066402042,0.7459209077010633
25713,LOF,0.07494590824686644,0.12197282657896574,0.8030812651741678
25714,LOF,0.059659822349213305,0.30960136589832526,0.6307388117524615
25715,LOF,0.06295823859288995,0.21963850222995546,0.7174032591771546
25716,LOF,0.018030723337219542,0.14377985212264058,0.8381894245401399
25717,LOF,0.01589235403991894,0.12648935745580933,0.8576182885042717
25718,LOF,0.06749091839318996,0.10160610527724598,0.8309029763295641
25719,LOF,0.07660799966688983,0.1711330925287956,0.7522589078043146
25720,LOF,0.0733553524191233,0.20450160771543519,0.7221430398654416
25721,LOF,0.06321104588094528,0.11554461285177739,0.8212443412672773
25722,LOF,0.06281169986561072,0.15128984739279275,0.7858984527415965
25723,LOF,0.08016529716981088,0.15799769591137328,0.761837006918816
25724,LOF,0.07961984232160009,0.30169024022004026,0.6186899174583597
25725,LOF,0.13397256748098518,0.14230867387181945,0.7237187586471954
25726,LOF,0.07561236184516629,0.17008380677703214,0.7543038313778015
25727,LOF,0.10481823894451814,0.08923571380791627,0.8059460472475656
25728,LOF,0.06013189590146764,0.23579958455010872,0.7040685195484238
25729,LOF,0.06936032445287184,0.21423643586016644,0.7164032396869617
25730,LOF,0.08632787870298364,0.15835117924397157,0.7553209420530449
25731,LOF,0.024780527953314577,0.16527142866308264,0.8099480433836028
25732,LOF,0.05638557260823176,0.11012301783393791,0.8334914095578304
25733,LOF,0.07461355761293788,0.28886030214327135,0.6365261402437908
25734,LOF,0.013663158570922488,0.1927903347991671,0.7935465066299106
25735,LOF,0.0700116519659607,0.13828674832113846,0.7917015997129009
25736,LOF,0.07030302432713208,0.22114366010038855,0.7085533155724795
25737,LOF,0.0988957938437252,0.12795902660376263,0.7731451795525122
25738,LOF,0.08615246570206517,0.19835218118693176,0.7154953531110031
25739,LOF,0.06041144525370502,0.17517162659405403,0.7644169281522409
25740,LOF,0.09280273215072425,0.14135302838161243,0.7658442394676633
25741,LOF,0.08748830408825463,0.13691961012226375,0.7755920857894817
25742,LOF,0.11109358806855381,0.18524226816343878,0.7036641437680073
25743,LOF,0.01562745471345371,0.06061033388057083,0.9237622114059755
25744,GOF,0.11972664715646054,0.48388927953553024,0.3963840733080092
25745,GOF,0.013650720749350184,0.5631133804295058,0.4232358988211441
25746,GOF,0.009577561665343655,0.5126879612978985,0.4777344770367578
25747,LOF,0.07322957830979186,0.04746583914001062,0.8793045825501975
25748,LOF,0.3309343039439273,0.15531639008737916,0.5137493059686936
25749,LOF,0.009322855435849603,0.38901052282008064,0.6016666217440698
25750,GOF,0.011481968423691202,0.5248323428357283,0.46368568874058036
25751,LOF,0.062354696368607875,0.16122559504018236,0.7764197085912098
25752,GOF,0.11623472771605982,0.6093773523268229,0.27438791995711737
25753,LOF,0.014434054986597517,0.3323548531465218,0.6532110918668808
25754,GOF,0.010966348776955497,0.8493420843537388,0.13969156686930573
25755,LOF,0.011219367871720785,0.2661446820492783,0.7226359500790008
25756,LOF,0.090162751789662,0.2292714380611407,0.6805658101491973
25757,GOF,0.009832773661610646,0.7680358342619533,0.2221313920764361
25758,GOF,0.009180758994877716,0.8365412839811684,0.1542779570239537
25759,GOF,0.005795093374079344,0.6436195926048833,0.3505853140210374
25760,LOF,0.009658948648747518,0.16162373380884987,0.8287173175424025
25761,GOF,0.040034947755573674,0.8371665668707421,0.12279848537368411
25762,LOF,0.12315782195385196,0.19951496194596885,0.6773272161001793
25763,LOF,0.010578819469320858,0.15323827624409866,0.8361829042865806
25764,GOF,0.09171084595355454,0.5934114765864558,0.3148776774599898
25765,GOF,0.007721654545853026,0.8345447052097404,0.15773364024440653
25766,GOF,0.024009895950065002,0.797769690897303,0.1782204131526321
25767,GOF,0.010422591399635243,0.6548158561668188,0.3347615524335459
25768,LOF,0.06846109801661146,0.13892627265880028,0.7926126293245883
25769,LOF,0.04893422778005126,0.2825406590885611,0.6685251131313876
25770,Neutral,0.768602046977306,0.056109663456503416,0.17528828956619052
25771,LOF,0.05629979314521742,0.2241634739672967,0.7195367328874859
25772,LOF,0.07061946252300247,0.24606307907122618,0.6833174584057713
25773,LOF,0.03242281692274613,0.44738677102928864,0.5201904120479652
25774,LOF,0.10886315649760012,0.188000706713153,0.703136136789247
25775,LOF,0.045994919447367895,0.17172459158361483,0.7822804889690173
25776,LOF,0.041650344311129246,0.2253794493998673,0.7329702062890034
25777,LOF,0.22343632056538254,0.1408742486700249,0.6356894307645926
25778,LOF,0.06525868938371787,0.23393737697665262,0.7008039336396296
25779,GOF,0.12028309096750328,0.5185323289236653,0.3611845801088314
25780,GOF,0.10149385141867713,0.6205823505139921,0.2779237980673308
25781,GOF,0.0657562362796775,0.5882113122302567,0.3460324514900658
25782,GOF,0.04238687974467331,0.48926741146425917,0.46834570879106757
25783,GOF,0.09761063781589976,0.5874854352615126,0.3149039269225876
25784,GOF,0.18753730689586587,0.5578505124226912,0.254612180681443
25785,GOF,0.26719729405290804,0.5187500147424748,0.214052691204617
25786,LOF,0.014867423778918079,0.39802108177838563,0.5871114944426963
25787,Neutral,0.5103955887296893,0.2571241247032311,0.2324802865670796
25788,LOF,0.06424176336123179,0.0989532237678828,0.8368050128708854
25789,GOF,0.04250953746593714,0.6456738831832003,0.3118165793508625
25790,GOF,0.053117065719930384,0.5991588603752447,0.3477240739048249
25791,GOF,0.030123141619393144,0.6946058115667347,0.2752710468138722
25792,GOF,0.04598715272116018,0.6743906045144028,0.2796222427644369
25793,LOF,0.0659865073893554,0.4619636846371937,0.472049807973451
25794,LOF,0.07550739729923853,0.46098668886053273,0.4635059138402287
25795,LOF,0.07999923340148124,0.40785641833287956,0.5121443482656393
25796,LOF,0.2369861804925315,0.32529536162698747,0.43771845788048114
25797,LOF,0.09799764877671215,0.3371493232939516,0.5648530279293362
25798,GOF,0.010445663637159826,0.5555556008051253,0.43399873555771473
25799,GOF,0.00770793606515183,0.5922374162430583,0.40005464769179
25800,GOF,0.049260060317165344,0.6885363273917979,0.2622036122910367
25801,GOF,0.07511960587608854,0.5934763125242977,0.33140408159961393
25802,GOF,0.07182973809158093,0.5826114422014966,0.34555881970692254
25803,LOF,0.052359056205963206,0.4044603338233854,0.5431806099706514
25804,LOF,0.09898957395954888,0.4087852977732109,0.4922251282672403
25805,GOF,0.05979086185180241,0.4818575815907404,0.4583515565574572
25806,GOF,0.07217218090051673,0.5245041500831108,0.40332366901637257
25807,LOF,0.029924342363202988,0.42529769029577863,0.5447779673410184
25808,GOF,0.06286276924190885,0.612611873657926,0.3245253571001652
25809,LOF,0.015531244320838293,0.45006965629340223,0.5343990993857595
25810,LOF,0.013293425343421357,0.4893046851602412,0.49740188949633735
25811,GOF,0.08878666027516795,0.5623409633046913,0.3488723764201408
25812,GOF,0.11081381821291456,0.527545926030568,0.36164025575651737
25813,GOF,0.3352097237773784,0.4258029291912273,0.23898734703139432
25814,GOF,0.1098451584360597,0.5742123027816785,0.31594253878226186
25815,GOF,0.1076332501068307,0.5490040230201229,0.34336272687304653
25816,GOF,0.016119494555005436,0.6756407653462277,0.3082397400987668
25817,LOF,0.09722155538472202,0.4224817027737419,0.48029674184153615
25818,GOF,0.08563639303692587,0.5188203695815947,0.3955432373814793
25819,GOF,0.08269250407399388,0.4605628393210072,0.4567446566049989
25820,GOF,0.10845714656069919,0.5053418915721196,0.3862009618671813
25821,GOF,0.09027393750866662,0.5256380007221894,0.38408806176914406
25822,GOF,0.1744182807424686,0.4221458575893529,0.4034358616681785
25823,LOF,0.08609256365734282,0.36089505826016816,0.553012378082489
25824,GOF,0.03816194060582258,0.6851537617534426,0.27668429764073493
25825,GOF,0.03575163935755423,0.6966170555331058,0.26763130510933986
25826,GOF,0.011636074625094433,0.5093492928444194,0.4790146325304862
25827,GOF,0.009714599420930111,0.6480693374563588,0.34221606312271124
25828,GOF,0.008903312361571842,0.6132038231666757,0.3778928644717525
25829,LOF,0.011497525796817754,0.10192457200309192,0.8865779022000904
25830,LOF,0.0746037373467201,0.03488183927038911,0.8905144233828908
25831,GOF,0.052986069844173186,0.6042559780746524,0.34275795208117443
25832,LOF,0.013017116821452384,0.407612293702598,0.5793705894759497
25833,GOF,0.07986747832040914,0.5786377687591152,0.34149475292047565
25834,LOF,0.013155064856318741,0.37716653787662774,0.6096783972670534
25835,GOF,0.06832582096412361,0.6757853578490927,0.25588882118678385
25836,LOF,0.015873286742387558,0.4875610508981457,0.4965656623594667
25837,LOF,0.013981768825896667,0.4490103267896416,0.5370079043844618
25838,GOF,0.04943821739732056,0.6120184386712073,0.33854334393147223
25839,GOF,0.09783120969873278,0.4851259321020507,0.41704285819921644
25840,GOF,0.13793220729696654,0.5319596673273204,0.33010812537571305
25841,GOF,0.09667502283188405,0.4609896307747225,0.4423353463933935
25842,GOF,0.08350537438945395,0.5416789664725614,0.37481565913798465
25843,GOF,0.03880508298392092,0.6135245314819864,0.34767038553409274
25844,GOF,0.055731690206949666,0.5202395509963186,0.4240287587967318
25845,LOF,0.01118859819775807,0.33348645431966806,0.6553249474825739
25846,GOF,0.10127672701584278,0.47073485731903564,0.42798841566512164
25847,GOF,0.0649131855732542,0.5138654706885991,0.4212213437381467
25848,GOF,0.04457595437680996,0.5917020021823965,0.36372204344079356
25849,GOF,0.009659376910189782,0.5679944505603551,0.42234617252945506
25850,GOF,0.014058404771564158,0.5486981092847989,0.43724348594363693
25851,GOF,0.012702126454996354,0.5094167850472329,0.4778810884977707
25852,LOF,0.2168923409404176,0.37107987528504954,0.412027783774533
25853,GOF,0.08413247425627708,0.5704142166787012,0.34545330906502175
25854,LOF,0.007213641549708021,0.4733069493569231,0.5194794090933689
25855,GOF,0.04822133365128619,0.4965792362371882,0.45519943011152564
25856,GOF,0.09290899710637339,0.6049732929280524,0.3021177099655743
25857,GOF,0.05396513539513775,0.5436126840977847,0.40242218050707745
25858,LOF,0.01421908790759118,0.4171279015355151,0.5686530105568937
25859,LOF,0.010890012521254685,0.4005378425688268,0.5885721449099184
25860,GOF,0.13011325150060743,0.5111019319212127,0.35878481657817984
25861,GOF,0.08354144579528994,0.5200976704878089,0.39636088371690115
25862,GOF,0.03472848174038717,0.7665014167289633,0.1987701015306495
25863,GOF,0.043226724026271104,0.6188064086588538,0.3379668673148751
25864,GOF,0.058463297162311516,0.6603656021549669,0.28117110068272166
25865,GOF,0.04795340108998591,0.7200194485134246,0.2320271503965895
25866,GOF,0.0691396193082269,0.7953503168720476,0.13551006381972558
25867,Neutral,0.5476110626338145,0.39245023952362496,0.059938697842560444
25868,GOF,0.11343085769841742,0.548443463393929,0.3381256789076536
25869,GOF,0.4082872401610523,0.44744407576899675,0.14426868406995097
25870,LOF,0.046801203074265614,0.047116396105254484,0.90608240082048
25871,LOF,0.009648033355969853,0.3747164933824803,0.6156354732615498
25872,LOF,0.04780225336801385,0.41699114894535194,0.5352065976866343
25873,GOF,0.03500219144396903,0.6680873779272222,0.2969104306288087
25874,LOF,0.06546885019782583,0.03874492219557485,0.8957862276065993
25875,LOF,0.01589771633229889,0.4659007695100531,0.5182015141576479
25876,LOF,0.0592918751592569,0.17911634856286127,0.7615917762778818
25877,GOF,0.08232863054155001,0.5429803892638305,0.3746909801946194
25878,GOF,0.05727371829354528,0.7565699009338086,0.18615638077264604
25879,LOF,0.012681779177717213,0.38355972577118713,0.6037584950510957
25880,LOF,0.0836816688307367,0.051773718008122215,0.8645446131611411
25881,Neutral,0.42004209587468777,0.35496429696617,0.22499360715914232
25882,LOF,0.02964185486758696,0.40222384438760733,0.5681343007448058
25883,LOF,0.041822845610408305,0.22565311444501462,0.7325240399445772
25884,LOF,0.021296798037445164,0.3672551079469358,0.6114480940156191
25885,LOF,0.4534971695580973,0.08938195642812427,0.45712087401377843
25886,Neutral,0.4115563516303237,0.21569457192866473,0.37274907644101146
25887,GOF,0.03671487799453511,0.665441591683988,0.297843530321477
25888,GOF,0.005979014595238466,0.5084076186079483,0.4856133667968133
25889,LOF,0.06682771283356151,0.316156182016366,0.6170161051500724
25890,LOF,0.14081858976348471,0.3627860244906938,0.49639538574582154
25891,LOF,0.26181298269902487,0.20776136190176123,0.5304256553992139
25892,LOF,0.005320737668576527,0.20038542488926972,0.7942938374421538
25893,LOF,0.25707696213194914,0.07765336578646266,0.6652696720815882
25894,LOF,0.2966369404990047,0.03998077860159458,0.6633822808994008
25895,LOF,0.24326934332358865,0.04745749159306937,0.709273165083342
25896,LOF,0.10863228389836681,0.12671842008695317,0.76464929601468
25897,LOF,0.09859383743800748,0.07735296568667799,0.8240531968753144
25898,GOF,0.0669501809973022,0.5444820095831783,0.38856780941951946
25899,LOF,0.3705318393478888,0.16328612213036203,0.4661820385217492
25900,Neutral,0.8823669784272915,0.025940815160008,0.09169220641270046
25901,LOF,0.09143403648013028,0.04757690501349655,0.8609890585063732
25902,Neutral,0.7756124514736769,0.013467668217364642,0.2109198803089585
25903,LOF,0.12450917398106096,0.14463641318207995,0.7308544128368591
25904,Neutral,0.5468314331142354,0.13162400705785435,0.32154455982791025
25905,LOF,0.008055363714077834,0.29708570392734024,0.694858932358582
25906,LOF,0.01757057824029144,0.05679439604907444,0.925635025710634
25907,LOF,0.009751162416743054,0.3137065035191204,0.6765423340641366
25908,LOF,0.010129244424895371,0.24209242594099187,0.7477783296341127
25909,LOF,0.08320210623157595,0.1736327226238756,0.7431651711445484
25910,LOF,0.022850652507494247,0.16425906638644758,0.8128902811060582
25911,LOF,0.12491805713375088,0.08090053779476557,0.7941814050714835
25912,LOF,0.20169741827866983,0.02811109170436521,0.770191490016965
25913,LOF,0.010970252014300194,0.08276145840325345,0.9062682895824463
25914,LOF,0.06274944344437515,0.21806528117512808,0.7191852753804968
25915,GOF,0.03909484093577017,0.8202290168029397,0.14067614226129022
25916,GOF,0.010382354642249736,0.6260937843799808,0.3635238609777696
25917,Neutral,0.8563855050936148,0.045119557406945836,0.09849493749943944
25918,LOF,0.07397270091101772,0.10796649915983846,0.8180607999291439
25919,LOF,0.07233460892212813,0.08338822157181057,0.8442771695060614
25920,GOF,0.1730832550263609,0.45899261304463296,0.36792413192900614
25921,LOF,0.03512587905018423,0.05123875555674834,0.9136353653930674
25922,LOF,0.026935302762213793,0.05449994656015707,0.9185647506776291
25923,Neutral,0.5101443877105597,0.06676337495145937,0.4230922373379809
25924,LOF,0.0539689200782199,0.08533275074897076,0.8606983291728093
25925,Neutral,0.7280513529458976,0.015073200960136889,0.2568754460939654
25926,LOF,0.14433798503849452,0.07324634330723599,0.7824156716542695
25927,LOF,0.014257182450191776,0.08354440091414565,0.9021984166356626
25928,LOF,0.017970955037801,0.04123233955303247,0.9407967054091665
25929,Neutral,0.5101443877105597,0.06676337495145937,0.4230922373379809
25930,LOF,0.06583911394932809,0.11105249014823243,0.8231083959024396
25931,LOF,0.01808428944139474,0.04902810042592644,0.9328876101326788
25932,LOF,0.09964004080137148,0.04421478593542605,0.8561451732632024
25933,LOF,0.1014929572975048,0.025706645037882326,0.8728003976646129
25934,LOF,0.10152021881278225,0.04371478314032385,0.8547649980468939
25935,Neutral,0.7491553626200713,0.018874295017418517,0.2319703423625103
25936,LOF,0.09312405268859089,0.031343988930155796,0.8755319583812533
25937,LOF,0.022142083174386526,0.08282894146493208,0.8950289753606814
25938,Neutral,0.7495106286880292,0.016059576773411566,0.23442979453855933
25939,LOF,0.08373861283245142,0.051506166702573006,0.8647552204649757
25940,GOF,0.007036496978728772,0.6201664992964191,0.37279700372485214
25941,LOF,0.41955880116259725,0.10286528930139413,0.4775759095360085
25942,LOF,0.01728897305912055,0.19145699038078937,0.7912540365600901
25943,GOF,0.030878384537533256,0.5920578956774443,0.37706371978502246
25944,LOF,0.0202609701906549,0.38273721328415267,0.5970018165251925
25945,LOF,0.04486503975480648,0.05891237391091024,0.8962225863342834
25946,LOF,0.11875844015747902,0.07627933386008655,0.8049622259824344
25947,LOF,0.4645381014772264,0.03231857233861354,0.50314332618416
25948,Neutral,0.8840104331351746,0.033691205015426925,0.08229836184939851
25949,Neutral,0.8098109610881309,0.027476576654434343,0.16271246225743463
25950,GOF,0.06271086542214559,0.7590900582125497,0.17819907636530483
25951,LOF,0.010747334932228542,0.48091862780525635,0.5083340372625151
25952,LOF,0.09824017190113155,0.43410835825650007,0.46765146984236844
25953,LOF,0.008087314699987299,0.4012925358927805,0.5906201494072323
25954,GOF,0.04541923637373471,0.5512721995040186,0.4033085641222466
25955,GOF,0.005389154270117811,0.6039212335499227,0.39068961217995957
25956,GOF,0.012686778968511944,0.5893964917308833,0.39791672930060484
25957,Neutral,0.4596126272695326,0.09704500709932877,0.44334236563113877
25958,LOF,0.03388466906602346,0.21012657767338008,0.7559887532605963
25959,GOF,0.005498711598847191,0.5886163475851941,0.4058849408159587
25960,LOF,0.00781990650205102,0.15798285404129925,0.8341972394566497
25961,LOF,0.0393109931681114,0.21798475519735036,0.7427042516345382
25962,Neutral,0.6674927293173437,0.020722956145117783,0.31178431453753847
25963,LOF,0.013973445709202678,0.12832085979199448,0.8577056944988029
25964,LOF,0.07984469450428797,0.12178285476598041,0.7983724507297316
25965,LOF,0.131709148196574,0.21225588712347787,0.6560349646799482
25966,Neutral,0.4069748831672064,0.376033519601096,0.21699159723169772
25967,LOF,0.01156467144034287,0.28424217388134576,0.7041931546783113
25968,LOF,0.11620799717359158,0.36796373627420575,0.5158282665522026
25969,LOF,0.28351958261488786,0.034221736961833324,0.6822586804232789
25970,LOF,0.019747947843570448,0.1866158616954093,0.7936361904610202
25971,LOF,0.12352441802735568,0.14148890173174114,0.7349866802409032
25972,LOF,0.10124037786544007,0.14080947895177204,0.7579501431827879
25973,Neutral,0.5471950280536442,0.013493794460738815,0.43931117748561704
25974,LOF,0.05731880751291083,0.28140131317780304,0.6612798793092861
25975,LOF,0.060093662428090236,0.030181622889598886,0.9097247146823109
25976,LOF,0.08835869301691014,0.02602703889474401,0.8856142680883459
25977,LOF,0.4138846634938177,0.060406317512758205,0.525709018993424
25978,LOF,0.13525738495714995,0.27523157857597474,0.5895110364668753
25979,LOF,0.09989151666015705,0.2443795772572582,0.6557289060825848
25980,LOF,0.14305658721386066,0.40547430474100266,0.45146910804513674
25981,GOF,0.1466634690512706,0.42885809254753954,0.42447843840118993
25982,LOF,0.14129849593648214,0.33818546887253964,0.5205160351909782
25983,LOF,0.12003201897454567,0.3282549219362907,0.5517130590891637
25984,LOF,0.05500217605171205,0.12005273009384387,0.824945093854444
25985,Neutral,0.39212282668328696,0.32698765103617483,0.2808895222805382
25986,GOF,0.014174410950356561,0.6307905705996604,0.35503501844998314
25987,LOF,0.027086435317863526,0.21958412842478406,0.7533294362573524
25988,LOF,0.047854797723321164,0.16215563106690045,0.7899895712097784
25989,LOF,0.0682804324213322,0.17014493319138763,0.7615746343872802
25990,LOF,0.06346373640971213,0.31499963120400176,0.621536632386286
25991,GOF,0.048919264541012815,0.697630981812185,0.2534497536468022
25992,LOF,0.016853220402586917,0.4301584986535478,0.5529882809438653
25993,LOF,0.055495653887036256,0.05239004267825875,0.8921143034347051
25994,LOF,0.07871032381868485,0.07404003992478948,0.8472496362565256
25995,LOF,0.04236424121601574,0.06878804401541921,0.8888477147685652
25996,GOF,0.20189950816715604,0.6058817519948307,0.19221873983801327
25997,GOF,0.050304452262628585,0.6469095638972713,0.3027859838401
25998,LOF,0.1725994768258065,0.16563586386411042,0.6617646593100831
25999,GOF,0.013992431383683474,0.6014198260337048,0.38458774258261164
26000,LOF,0.27767522213203305,0.029015078228031076,0.6933096996399358
26001,LOF,0.11609508846337467,0.029351993026906366,0.854552918509719
26002,Neutral,0.654712315674137,0.008180140620302498,0.3371075437055605
26003,GOF,0.008744815589522632,0.655627383775031,0.33562780063544634
26004,GOF,0.03097044715094761,0.634866788368384,0.3341627644806684
26005,GOF,0.005108047138839906,0.5390040952959166,0.45588785756524347
26006,GOF,0.12586034699483808,0.6447168049476047,0.22942284805755708
26007,GOF,0.013132850300227513,0.5484907915352054,0.4383763581645671
26008,GOF,0.011501323508965298,0.5724433099072082,0.4160553665838266
26009,GOF,0.022104327745499253,0.7653309097607253,0.2125647624937756
26010,GOF,0.009315985712905416,0.6714807550662181,0.3192032592208765
26011,LOF,0.005658283020021478,0.36247890782912956,0.6318628091508489
26012,GOF,0.00645267648658312,0.5861526058356538,0.40739471767776325
26013,LOF,0.0062881711027017,0.4201412322380098,0.5735705966592886
26014,Neutral,0.7974924495576423,0.01427353405115255,0.18823401639120513
26015,Neutral,0.4708785185147795,0.08601008386598044,0.44311139761924
26016,LOF,0.23799221573958484,0.1285805226596757,0.6334272616007394
26017,LOF,0.03796187974409651,0.33332990706764953,0.6287082131882541
26018,LOF,0.04248432003424944,0.34180755597080914,0.6157081239949415
26019,LOF,0.046831956677103326,0.1927928528759326,0.7603751904469641
26020,LOF,0.008076394345049956,0.19740275221866038,0.7945208534362895
26021,LOF,0.07693474899561495,0.12294994861185304,0.8001153023925319
26022,LOF,0.09641343667820677,0.10864092080067222,0.794945642521121
26023,LOF,0.03894003848906501,0.1397051039806543,0.8213548575302807
26024,LOF,0.06440761439324606,0.11944216277095962,0.8161502228357943
26025,LOF,0.09533648106846797,0.22570049988111834,0.6789630190504137
26026,LOF,0.07537666249251965,0.1585813123951145,0.7660420251123659
26027,LOF,0.06511204095287443,0.12427657159895841,0.8106113874481672
26028,LOF,0.04494367651528622,0.3176747455300743,0.6373815779546393
26029,LOF,0.038772057302829836,0.4028093535467241,0.5584185891504461
26030,LOF,0.4195875213160009,0.06086262909719377,0.5195498495868053
26031,LOF,0.015698854895683678,0.35953652444336187,0.6247646206609546
26032,LOF,0.08311761908652435,0.05781178246382187,0.8590705984496538
26033,LOF,0.07376860452561908,0.07584800294897942,0.8503833925254014
26034,LOF,0.021003306312978313,0.25613856462658185,0.7228581290604399
26035,LOF,0.014728390626177623,0.2700156822730233,0.715255927100799
26036,LOF,0.012284597410194026,0.1786569479050448,0.8090584546847611
26037,LOF,0.012325646049194443,0.20671593434658755,0.7809584196042181
26038,LOF,0.055653830367214926,0.05593189937779498,0.8884142702549902
26039,LOF,0.04401136221677672,0.23962062729347658,0.7163680104897467
26040,LOF,0.04895386398262018,0.10551556882153776,0.8455305671958421
26041,LOF,0.013758550858718108,0.2374507911910411,0.7487906579502408
26042,LOF,0.012287319154530634,0.2709819084281872,0.7167307724172822
26043,LOF,0.04977907423391153,0.15549908988716934,0.7947218358789192
26044,LOF,0.014317498541848677,0.18811096238411895,0.7975715390740323
26045,GOF,0.0774547940370303,0.5002625288571421,0.42228267710582756
26046,LOF,0.044739419141525606,0.18209532678307233,0.7731652540754022
26047,LOF,0.10045183932393315,0.0962000839483121,0.8033480767277548
26048,LOF,0.12053666053301366,0.1117303433628502,0.767732996104136
26049,Neutral,0.8728182966784904,0.03990369049527921,0.08727801282623052
26050,Neutral,0.8593757539143091,0.0353070119306182,0.10531723415507266
26051,GOF,0.010946949699772389,0.5990173431009675,0.39003570719926006
26052,GOF,0.012430407603530107,0.5178310168368944,0.46973857555957554
26053,LOF,0.03808748655544933,0.053446617834610216,0.9084658956099405
26054,Neutral,0.7902929095534121,0.03609733664824199,0.17360975379834584
26055,LOF,0.11314640052592335,0.13803775096133145,0.7488158485127452
26056,LOF,0.11525523647638043,0.1451393409426725,0.7396054225809471
26057,LOF,0.08326945298519087,0.03758107062293627,0.8791494763918728
26058,LOF,0.10170126674169144,0.03195510440871774,0.8663436288495908
26059,Neutral,0.888963795022549,0.04140491619597491,0.06963128878147609
26060,LOF,0.02031519613564194,0.3286376131145968,0.6510471907497611
26061,LOF,0.02182178663507317,0.04378372439289991,0.9343944889720269
26062,LOF,0.012103373128453644,0.08625713803001747,0.9016394888415288
26063,LOF,0.07351704788437882,0.03710941358477632,0.8893735385308449
26064,LOF,0.019247130836103177,0.05656635813256576,0.924186511031331
26065,LOF,0.0520420341912011,0.0473756368724906,0.9005823289363084
26066,LOF,0.09083279919791636,0.04202128226336993,0.8671459185387136
26067,LOF,0.09137168116992067,0.054186943335703196,0.8544413754943762
26068,Neutral,0.7916318321576664,0.04080357127490034,0.16756459656743322
26069,LOF,0.10769099491700078,0.12482280129304946,0.7674862037899497
26070,LOF,0.14763386539208703,0.10888618997184918,0.7434799446360638
26071,LOF,0.06545100429011134,0.04586902331234554,0.888679972397543
26072,LOF,0.014052753425686267,0.04172241373191202,0.9442248328424017
26073,LOF,0.08545171481437111,0.03526268089201393,0.879285604293615
26074,Neutral,0.8760240114299851,0.031087856377826354,0.09288813219218858
26075,LOF,0.11117187430804343,0.14313222956265703,0.7456958961292997
26076,LOF,0.09359637000276526,0.0773519792874163,0.8290516507098185
26077,LOF,0.24458491549414932,0.07110869848360059,0.6843063860222501
26078,LOF,0.011218093643646334,0.0630800129027179,0.9257018934536357
26079,Neutral,0.7986831964565358,0.03973431480389776,0.16158248873956646
26080,Neutral,0.7986831964565358,0.03973431480389776,0.16158248873956646
26081,LOF,0.06502799381142123,0.04377290570545646,0.8911991004831222
26082,LOF,0.013355573576376468,0.11402678310723671,0.8726176433163868
26083,LOF,0.06875422447373739,0.11695905715290308,0.8142867183733596
26084,LOF,0.07631820963341376,0.08399732475679118,0.839684465609795
26085,LOF,0.06109241454300149,0.0653532736859753,0.8735543117710232
26086,LOF,0.049589013712759054,0.0752823740726579,0.875128612214583
26087,LOF,0.09328008851262265,0.0760288533880306,0.8306910580993467
26088,LOF,0.014363267557934241,0.13226392544991591,0.8533728069921499
26089,LOF,0.08316492041384663,0.20826719953123551,0.7085678800549178
26090,LOF,0.09988603871469558,0.19042647358316384,0.7096874877021405
26091,LOF,0.07122314598767204,0.048885453447497215,0.8798914005648308
26092,LOF,0.05415715941883788,0.03708340901687493,0.9087594315642871
26093,LOF,0.09608434796764262,0.03255874697554598,0.8713569050568114
26094,LOF,0.0652220496027353,0.05657404997619117,0.8782039004210735
26095,LOF,0.023713887765921943,0.10975569222210911,0.8665304200119689
26096,LOF,0.42700636170414863,0.019531836952318343,0.5534618013435332
26097,LOF,0.012194581130013177,0.07944263520566548,0.9083627836643214
26098,Neutral,0.7854348563167576,0.03592714404272616,0.17863799964051627
26099,LOF,0.04552499684795012,0.0925278259356162,0.8619471772164337
26100,LOF,0.04552499684795012,0.0925278259356162,0.8619471772164337
26101,LOF,0.05744290789231412,0.13339462442628328,0.8091624676814027
26102,LOF,0.06290324406624291,0.04750888203273335,0.8895878739010237
26103,Neutral,0.5288806745591272,0.11526815032672252,0.3558511751141502
26104,Neutral,0.8096276410284103,0.041506006686996125,0.1488663522845934
26105,LOF,0.27741446615021687,0.2165638151185903,0.5060217187311928
26106,LOF,0.2813256068087644,0.24829804813976214,0.4703763450514736
26107,LOF,0.008538155473136815,0.4230654783360905,0.5683963661907726
26108,LOF,0.11485159481827241,0.3058931563549783,0.5792552488267493
26109,LOF,0.09767764262639707,0.13365348681838254,0.7686688705552205
26110,Neutral,0.7859239159649378,0.07312736010015192,0.14094872393491026
26111,LOF,0.029580337567311217,0.22787076255860403,0.7425488998740848
26112,LOF,0.07933312292120895,0.051627859845148255,0.8690390172336429
26113,LOF,0.05659391044999755,0.10698357396484855,0.8364225155851539
26114,LOF,0.12395366012149127,0.08946549132191887,0.7865808485565898
26115,LOF,0.010822809474837651,0.4290964446591248,0.5600807458660376
26116,LOF,0.09846068113025822,0.17675825292634278,0.724781065943399
26117,Neutral,0.47718256582394025,0.09473161142702062,0.42808582274903917
26118,LOF,0.060455139181894955,0.039550162112189785,0.8999946987059152
26119,LOF,0.006218179448685835,0.10873851768970573,0.8850433028616085
26120,LOF,0.07089622965451646,0.032133016611260654,0.8969707537342229
26121,LOF,0.006234898344490847,0.17247311086521713,0.821291990790292
