feature0,prediction,LoGoFunc_Neutral,LoGoFunc_GOF,LoGoFunc_LOF
25546,Neutral,0.7272178612230326,0.03671097712437871,0.23607116165258882
25547,Neutral,0.5736338101188347,0.07523432775199218,0.35113186212917297
25548,Neutral,0.5866451133596639,0.054981542722359375,0.3583733439179767
25549,Neutral,0.5018802231143328,0.054968126233920465,0.44315165065174666
25550,LOF,0.3529404829713021,0.10137070057312779,0.5456888164555701
25551,LOF,0.294775654170799,0.1150980347709593,0.5901263110582418
25552,LOF,0.21033279406012947,0.10506174745131776,0.6846054584885528
25553,Neutral,0.8392311872641258,0.030836259180949455,0.12993255355492464
25554,LOF,0.23755019504758282,0.10290786489824595,0.6595419400541713
25555,LOF,0.19724689358563977,0.08924689095517617,0.713506215459184
25556,LOF,0.4040622373553065,0.09613589516643667,0.49980186747825683
25557,LOF,0.19283004190756342,0.09336802519978103,0.7138019328926556
25558,LOF,0.22979565654311715,0.10471166518075577,0.6654926782761271
25559,LOF,0.3670905391042723,0.14918008477096587,0.4837293761247618
25560,LOF,0.0445272975567445,0.15408907774424757,0.8013836246990079
25561,LOF,0.09457034017258843,0.1594531055301784,0.7459765542972332
25562,LOF,0.0970350009580333,0.05303306070098902,0.8499319383409778
25563,LOF,0.09490356111220719,0.075660419900605,0.8294360189871878
25564,LOF,0.18910785700633573,0.12656800875947166,0.6843241342341926
25565,LOF,0.14563431392215592,0.1030552031271915,0.7513104829506525
25566,GOF,0.01642692213588321,0.7991390369660687,0.1844340408980481
25567,LOF,0.017155571943181083,0.15252870665597945,0.8303157214008395
25568,LOF,0.05535798972127723,0.0639102832027825,0.8807317270759403
25569,LOF,0.06608683696303468,0.05797490293493961,0.8759382601020257
25570,LOF,0.06157390614595378,0.09415801005312567,0.8442680838009204
25571,LOF,0.05722430750981874,0.09143935064015209,0.8513363418500292
25572,LOF,0.07018943717536312,0.114464851172752,0.815345711651885
25573,LOF,0.027591204601204636,0.08012572223727485,0.8922830731615204
25574,LOF,0.01578524684965531,0.1375924641548089,0.8466222889955357
25575,LOF,0.0428266109025463,0.10203889444551524,0.8551344946519385
25576,LOF,0.019549876549517665,0.11637476878221147,0.8640753546682709
25577,LOF,0.014932068102353232,0.11786332895554692,0.8672046029420999
25578,LOF,0.24909880315883723,0.07440175883817794,0.6764994380029848
25579,LOF,0.2490252202332099,0.0733291303566092,0.6776456494101809
25580,LOF,0.030940858681359075,0.07282436750098023,0.8962347738176608
25581,LOF,0.058053523985504916,0.06065000672888189,0.8812964692856132
25582,LOF,0.05749819523565817,0.05880666500515505,0.8836951397591868
25583,LOF,0.044395280001614655,0.08351484685265236,0.872089873145733
25584,Neutral,0.47165781698592424,0.1061098042829508,0.422232378731125
25585,LOF,0.03751972527479706,0.10449265143270811,0.8579876232924948
25586,LOF,0.030220749669878786,0.06860985294769736,0.9011693973824239
25587,LOF,0.028684752346502113,0.06608430364412886,0.905230944009369
25588,LOF,0.030810585772578503,0.08464883374801888,0.8845405804794025
25589,Neutral,0.6380699842150245,0.1147892160574229,0.24714079972755257
25590,LOF,0.030897395113640067,0.11840856674848721,0.8506940381378727
25591,LOF,0.12388914122726025,0.0520717920840114,0.8240390666887284
25592,LOF,0.08943890519989886,0.12652508437474588,0.7840360104253553
25593,LOF,0.024101494406254944,0.225811625901329,0.750086879692416
25594,LOF,0.0456525065004155,0.19879586433323546,0.7555516291663491
25595,LOF,0.05291713877463938,0.13812155262891307,0.8089613085964475
25596,LOF,0.05658432763623256,0.07466299392558495,0.8687526784381825
25597,LOF,0.04565874752529247,0.0832993679719487,0.8710418845027589
25598,LOF,0.04945906828027508,0.13808108891822515,0.8124598428014997
25599,GOF,0.008917835358096836,0.698086053108628,0.2929961115332751
25600,GOF,0.011979782957538156,0.5924747578233749,0.39554545921908685
25601,LOF,0.006982584789594641,0.4632029585401196,0.5298144566702857
25602,LOF,0.02536431430734613,0.04328879529553951,0.9313468903971144
25603,LOF,0.05856906825219365,0.02780506510395799,0.9136258666438484
25604,LOF,0.06747838521275991,0.02811164676909612,0.904409968018144
25605,LOF,0.01675561484937132,0.18492912942854914,0.7983152557220796
25606,LOF,0.11545504887129404,0.4002579333650102,0.48428701776369587
25607,LOF,0.006270550839130892,0.17504699881750446,0.8186824503433647
25608,LOF,0.07324681629040623,0.05002113070694177,0.876732053002652
25609,LOF,0.0382227052242607,0.4125987849128527,0.5491785098628866
25610,LOF,0.040351943018432944,0.024994422781864263,0.9346536341997028
25611,LOF,0.04340140948692929,0.0231388239216621,0.9334597665914086
25612,LOF,0.09937279058980558,0.03526609318638253,0.8653611162238118
25613,LOF,0.08053252764360266,0.034975905508605985,0.8844915668477913
25614,LOF,0.02949027726031816,0.03292335499521205,0.9375863677444697
25615,LOF,0.058535981717111156,0.028578275079044712,0.9128857432038441
25616,LOF,0.03226222831265594,0.030394433988175915,0.9373433376991681
25617,LOF,0.03097375814816972,0.031707223011068326,0.937319018840762
25618,LOF,0.1705520781734875,0.02794084118009338,0.8015070806464193
25619,LOF,0.029575860404571264,0.028406323605119216,0.9420178159903094
25620,LOF,0.032227738021054095,0.038367504643224165,0.9294047573357218
25621,LOF,0.03254951725545135,0.024298464535287126,0.9431520182092614
25622,LOF,0.03507834906632362,0.030671514733727874,0.9342501361999486
25623,LOF,0.07511576798271731,0.025295793460373844,0.8995884385569088
25624,LOF,0.027876822202096644,0.03686431944426518,0.9352588583536383
25625,LOF,0.03570031445301974,0.03709813852140223,0.927201547025578
25626,LOF,0.08931892852451567,0.030935921098189392,0.879745150377295
25627,Neutral,0.5514138485793896,0.1355168159408136,0.31306933547979676
25628,LOF,0.15080028517138644,0.07335627815495531,0.7758434366736582
25629,LOF,0.07112202996083905,0.07293639904190381,0.8559415709972572
25630,LOF,0.15939828547756024,0.11021895634980414,0.7303827581726356
25631,Neutral,0.5526417106798367,0.09530083474938511,0.35205745457077825
25632,LOF,0.025056480908616112,0.06267823752989145,0.9122652815614926
25633,LOF,0.2288841495415127,0.06816187216335792,0.7029539782951294
25634,LOF,0.03569568432688492,0.10291432286337027,0.8613899928097448
25635,LOF,0.03820090014800027,0.07283521050508789,0.8889638893469117
25636,GOF,0.005086148155856493,0.6549099371814475,0.340003914662696
25637,GOF,0.005095591167982147,0.6067563781159291,0.38814803071608883
25638,LOF,0.010551027660054781,0.39264501410045827,0.596803958239487
25639,LOF,0.004865723877733722,0.4839923890042253,0.5111418871180409
25640,Neutral,0.5022469558695989,0.4268937014804837,0.07085934264991754
25641,LOF,0.008200170130891313,0.33749231084804493,0.6543075190210638
25642,LOF,0.2615780183687836,0.06579502744195154,0.6726269541892649
25643,LOF,0.2614095473240216,0.14469016820462166,0.5939002844713568
25644,GOF,0.018879451616935262,0.5895138900029565,0.3916066583801082
25645,GOF,0.017029342714598064,0.5667424900182749,0.4162281672671271
25646,LOF,0.019316947675750516,0.3560560266369002,0.6246270256873493
25647,LOF,0.01658347935727568,0.28259356590603657,0.7008229547366877
25648,LOF,0.015142203357002927,0.30577243143069194,0.6790853652123051
25649,LOF,0.013551799765392626,0.22051953028880603,0.7659286699458014
25650,GOF,0.038459344995393795,0.5500826134428632,0.41145804156174287
25651,LOF,0.011430480902222557,0.30917486055788823,0.6793946585398892
25652,LOF,0.019740436287753262,0.27738992941797475,0.702869634294272
25653,LOF,0.07727892428665736,0.42204942072465823,0.5006716549886844
25654,LOF,0.016537527803800394,0.15728790438515552,0.8261745678110441
25655,LOF,0.11783312725657338,0.3995045732055214,0.4826622995379051
25656,LOF,0.06595625607441734,0.06581866270037875,0.8682250812252039
25657,LOF,0.2654859347669198,0.030710665296499254,0.7038033999365809
25658,LOF,0.04151529710936725,0.0880132054576479,0.8704714974329848
25659,LOF,0.2759262318850938,0.05805189382194331,0.6660218742929629
25660,LOF,0.07498762069898007,0.09776299422841359,0.8272493850726063
25661,LOF,0.05252645010071362,0.06834875767940161,0.8791247922198848
25662,LOF,0.029573494730558193,0.04517623316861383,0.925250272100828
25663,LOF,0.03925344502131409,0.06768481627814883,0.8930617387005372
25664,LOF,0.041412872052444503,0.07845683787158814,0.8801302900759673
25665,LOF,0.06112825039096439,0.04672248116373406,0.8921492684453015
25666,LOF,0.04126833528503964,0.12877230256179187,0.8299593621531685
25667,LOF,0.029600665852551857,0.05212965871954913,0.9182696754278991
25668,LOF,0.036814744658930434,0.05736060153614542,0.9058246538049242
25669,LOF,0.04209401346439201,0.08790862754832467,0.8699973589872833
25670,LOF,0.16107770425836412,0.06518972696569612,0.7737325687759399
25671,LOF,0.0387122793204177,0.04691995658525835,0.9143677640943239
25672,LOF,0.05860435153834199,0.0702661527221832,0.8711294957394748
25673,LOF,0.0425210421748715,0.062374063284196826,0.8951048945409317
25674,LOF,0.03188282956841703,0.07116624113546682,0.8969509292961162
25675,LOF,0.04255346504226431,0.05543154258151315,0.9020149923762226
25676,LOF,0.03282216583684222,0.05755592943002086,0.9096219047331369
25677,LOF,0.05818715047121655,0.06678991318204208,0.8750229363467413
25678,LOF,0.26410688755659417,0.047174405882748884,0.6887187065606569
25679,LOF,0.1565273284813905,0.06644991968877301,0.7770227518298365
25680,LOF,0.06248812334463178,0.09519716626141869,0.8423147103939496
25681,LOF,0.1060415711279174,0.08552415774787635,0.8084342711242063
25682,LOF,0.04589259164152771,0.07469209347642991,0.8794153148820423
25683,LOF,0.07841010842123508,0.09169117381123722,0.8298987177675278
25684,LOF,0.05208198540858786,0.08265630068216316,0.8652617139092491
25685,LOF,0.12433920695454795,0.035380817007321395,0.8402799760381305
25686,LOF,0.0358763126721077,0.09939506286232784,0.8647286244655645
25687,LOF,0.05553149264949828,0.07574667762671368,0.868721829723788
25688,LOF,0.02311325595544102,0.09659717854642869,0.8802895654981302
25689,LOF,0.019459078334550666,0.07688259773505081,0.9036583239303986
25690,LOF,0.017940279726719924,0.07528129827670287,0.9067784219965771
25691,LOF,0.14428492153741757,0.11137001634085494,0.7443450621217275
25692,LOF,0.24860599640986114,0.016942188065341757,0.7344518155247971
25693,LOF,0.05890657040847565,0.1423793732863417,0.7987140563051827
25694,LOF,0.26248580088218026,0.012110930480280939,0.7254032686375387
25695,LOF,0.16306930489920438,0.01872646420298589,0.8182042308978097
25696,LOF,0.16902423370453776,0.010994598660216298,0.819981167635246
25697,LOF,0.1301186662576539,0.025448105601976703,0.8444332281403695
25698,LOF,0.02956170041675666,0.37978477896143237,0.590653520621811
25699,LOF,0.07486150200960459,0.054692336256519314,0.8704461617338761
25700,LOF,0.03149578615699005,0.00885724483427102,0.9596469690087389
25701,LOF,0.012542079933715523,0.06200724844185476,0.9254506716244297
25702,GOF,0.031186855725683346,0.7239650699570273,0.2448480743172895
25703,LOF,0.01687258464139786,0.16659385103054816,0.8165335643280539
25704,LOF,0.08678129976455942,0.14787752987586356,0.7653411703595772
25705,LOF,0.06948492553176655,0.23522882216994964,0.6952862522982838
25706,GOF,0.04011821866617736,0.586526640120125,0.37335514121369756
25707,LOF,0.03450869720344842,0.4771735223904965,0.4883177804060552
25708,LOF,0.008132474743431895,0.46196013812795056,0.5299073871286175
25709,LOF,0.019187052565991323,0.06915732199694138,0.9116556254370674
25710,LOF,0.007410267748438262,0.15899320993050323,0.8335965223210585
25711,LOF,0.02195629171849126,0.12315869880667714,0.8548850094748316
25712,LOF,0.00831612359191637,0.21245311136846373,0.7792307650396197
25713,LOF,0.020077820741759827,0.1105051377353076,0.8694170415229326
25714,LOF,0.02195650711090104,0.1491496119371011,0.8288938809519979
25715,LOF,0.02088387206578416,0.12254569980686708,0.8565704281273487
25716,LOF,0.013315190515897113,0.12486510831696075,0.8618197011671421
25717,LOF,0.0060882805245043034,0.10717504380415153,0.8867366756713443
25718,LOF,0.020684488192327797,0.07619514870407941,0.9031203631035928
25719,LOF,0.035580927452478615,0.09154897239444833,0.872870100153073
25720,LOF,0.028156800739821755,0.08587809713183452,0.8859651021283437
25721,LOF,0.024499455791635243,0.08933929684228163,0.886161247366083
25722,LOF,0.01725098666535845,0.1308571123699843,0.8518919009646572
25723,LOF,0.022674842475052307,0.07864990215205707,0.8986752553728906
25724,LOF,0.027115278205829176,0.1350001238986474,0.8378845978955235
25725,LOF,0.022046912543196025,0.06894136506036724,0.9090117223964367
25726,LOF,0.016535484698128506,0.10367671163160709,0.8797878036702643
25727,LOF,0.022501423629323287,0.09183015732228864,0.8856684190483881
25728,LOF,0.02102779844506123,0.1043384466326097,0.874633754922329
25729,LOF,0.020028785659241013,0.11601687776212102,0.8639543365786378
25730,LOF,0.02272308121350703,0.08590541146878306,0.8913715073177099
25731,LOF,0.011732927352455166,0.17492412532723625,0.8133429473203085
25732,LOF,0.01917162053292981,0.10250635752478082,0.8783220219422895
25733,LOF,0.028790133823613392,0.08950504729870272,0.8817048188776838
25734,LOF,0.007286806833848175,0.1918408573213824,0.8008723358447694
25735,LOF,0.022345733064283356,0.07609441754164477,0.901559849394072
25736,LOF,0.020197430015697,0.13342027241047846,0.8463822975738245
25737,LOF,0.038840426499062865,0.11044795189364486,0.8507116216072922
25738,LOF,0.02099179751805838,0.15904992056162473,0.819958281920317
25739,LOF,0.023446615382557583,0.14218775816675858,0.8343656264506838
25740,LOF,0.050795934472949604,0.14968106894040348,0.7995229965866469
25741,LOF,0.028578496973417872,0.1287510864253435,0.8426704166012388
25742,LOF,0.046152988663623024,0.1326080159697333,0.8212389953666437
25743,LOF,0.011894161802781673,0.03049648884011909,0.9576093493570992
25744,LOF,0.16172084374547183,0.38319862013077916,0.45508053612374894
25745,LOF,0.034849315821572975,0.06367518321946387,0.9014755009589632
25746,LOF,0.014063246519798563,0.08789765311994065,0.8980391003602607
25747,LOF,0.030026953092107775,0.033112517206161034,0.9368605297017312
25748,LOF,0.2536328474927921,0.058154277827129834,0.6882128746800781
25749,LOF,0.013418492826480622,0.054854876940188646,0.9317266302333308
25750,LOF,0.018185467674245802,0.09250406381029372,0.8893104685154605
25751,LOF,0.03890230195783565,0.055966614765473065,0.9051310832766913
25752,GOF,0.09856144867004842,0.6879138001598627,0.21352475117008887
25753,LOF,0.006612874068048551,0.3598858466555626,0.6335012792763889
25754,GOF,0.0074984435265862725,0.8614774331959395,0.13102412327747417
25755,LOF,0.007421567588182194,0.4471228629766925,0.5454555694351253
25756,LOF,0.048008592603147285,0.4512173438571062,0.5007740635397465
25757,GOF,0.007725094873170151,0.8626234397257402,0.1296514654010897
25758,GOF,0.00892374169006126,0.8751045920143473,0.11597166629559147
25759,GOF,0.005565914762402494,0.5752683358878676,0.4191657493497298
25760,LOF,0.005444170952876037,0.30241874157419546,0.6921370874729286
25761,GOF,0.05706974698533119,0.8463807203652602,0.09654953264940858
25762,LOF,0.02804982179724403,0.38737113352800695,0.584579044674749
25763,LOF,0.0062535620233178674,0.259912278261082,0.7338341597156001
25764,GOF,0.07086202503379808,0.6172084507309645,0.31192952423523745
25765,GOF,0.008825839120740328,0.8428266621908073,0.14834749868845232
25766,GOF,0.039862600669624854,0.8048539042659526,0.15528349506442246
25767,GOF,0.009922978515846061,0.540480804612591,0.44959621687156304
25768,LOF,0.03769988902618161,0.07451294166174867,0.8877871693120697
25769,LOF,0.02455205867978666,0.0874418471240489,0.8880060941961644
25770,LOF,0.17559002873818239,0.0701136865343957,0.7542962847274219
25771,LOF,0.01554124576696795,0.06865052763148789,0.9158082266015442
25772,LOF,0.023672182440295314,0.035040397270844424,0.9412874202888603
25773,LOF,0.020967986777295018,0.06628540923869734,0.9127466039840076
25774,LOF,0.029474407110211376,0.10487733431606763,0.865648258573721
25775,LOF,0.02281910139334559,0.0435378700866269,0.9336430285200275
25776,LOF,0.026111206710326115,0.03143319581179792,0.942455597477876
25777,LOF,0.2548545603116345,0.07827262121675087,0.6668728184716147
25778,LOF,0.018699012317636626,0.06170619904061925,0.919594788641744
25779,GOF,0.03522315534799095,0.8986949995618309,0.06608184509017821
25780,GOF,0.06762335994735647,0.87864226285414,0.053734377198503484
25781,GOF,0.03387433308614797,0.8812334645684765,0.08489220234537541
25782,GOF,0.030293242451585795,0.9034378399586931,0.06626891758972109
25783,GOF,0.02805465297751711,0.8520047229311818,0.119940624091301
25784,GOF,0.07962443613021987,0.8738623172625379,0.04651324660724216
25785,GOF,0.07251102199436099,0.8888470451623662,0.038641932843272796
25786,GOF,0.008370508832176353,0.8470860150677565,0.14454347610006713
25787,GOF,0.16829016691506332,0.7888658624796405,0.042843970605296273
25788,LOF,0.014736224923251143,0.2071025463086601,0.7781612287680888
25789,GOF,0.01817600597498544,0.8768498189352006,0.10497417508981388
25790,GOF,0.016909946164882034,0.8804689204803445,0.10262113335477333
25791,GOF,0.01866398871012393,0.8302294888151033,0.1511065224747729
25792,GOF,0.021905070606571528,0.843052246636979,0.13504268275644962
25793,GOF,0.04844244086819004,0.8289146585416102,0.12264290059019982
25794,GOF,0.051448187549010725,0.7588574715219304,0.1896943409290589
25795,GOF,0.04117129283308824,0.7762400624786684,0.18258864468824335
25796,GOF,0.08987007052323924,0.8268703217566278,0.08325960772013313
25797,GOF,0.062211752816035804,0.7872615440312268,0.15052670315273745
25798,GOF,0.004506812378655199,0.7487309331606711,0.2467622544606737
25799,GOF,0.0034964552971036953,0.6259169118740647,0.37058663282883164
25800,GOF,0.02197908221240107,0.8096172975000031,0.16840362028759576
25801,GOF,0.015131872360923898,0.8801445281612437,0.10472359947783236
25802,GOF,0.028154811869980752,0.8508470646091527,0.1209981235208666
25803,GOF,0.01713596302948579,0.7371501364251603,0.2457139005453539
25804,GOF,0.022731296368615858,0.6724625326072914,0.3048061710240927
25805,GOF,0.024630111863453066,0.7407715623557038,0.23459832578084305
25806,GOF,0.02127532726358194,0.7967257720490469,0.18199890068737115
25807,GOF,0.007073838209762122,0.7682633230750385,0.2246628387151995
25808,GOF,0.016403440671513152,0.7781305304574467,0.20546602887104023
25809,GOF,0.00840109742294477,0.7700709157983372,0.2215279867787181
25810,GOF,0.006795095057446421,0.756039982168084,0.23716492277446963
25811,GOF,0.0442075965598394,0.8889929432683166,0.06679946017184399
25812,GOF,0.025011514657319656,0.8179281174902484,0.15706036785243194
25813,GOF,0.12491835690744685,0.7925676571295105,0.08251398596304262
25814,GOF,0.026565201623713213,0.8017101551181315,0.17172464325815534
25815,GOF,0.04758976738194191,0.8282727260210304,0.12413750659702766
25816,GOF,0.008372015175984791,0.874780248290445,0.11684773653357013
25817,GOF,0.09780050646080576,0.8197043073807506,0.08249518615844358
25818,GOF,0.021357485763555197,0.8278944747149077,0.15074803952153717
25819,GOF,0.06270927402735359,0.7635683848752067,0.17372234109743961
25820,GOF,0.026156802230683684,0.7633557460481579,0.2104874517211584
25821,GOF,0.018877332502111936,0.7690264487445212,0.2120962187533668
25822,GOF,0.03284092338547902,0.771541064603874,0.19561801201064696
25823,GOF,0.021498080514787767,0.6837404619480643,0.294761457537148
25824,GOF,0.020425595994596066,0.8122538801261446,0.16732052387925936
25825,GOF,0.017327819637150882,0.7999440487524396,0.18272813161040935
25826,GOF,0.006989872012269265,0.7633333192617854,0.22967680872594548
25827,GOF,0.011892233407278368,0.7217092503050456,0.2663985162876761
25828,GOF,0.009014660899533565,0.7179201411027547,0.27306519799771173
25829,GOF,0.003759005005746552,0.722040432493378,0.2742005625008755
25830,GOF,0.030356591862490644,0.5331066865583498,0.43653672157915957
25831,GOF,0.05182936712132621,0.8159586942944964,0.1322119385841774
25832,GOF,0.007787776297455118,0.7806358532254347,0.21157637047711003
25833,GOF,0.030607700008990674,0.8328104445176981,0.1365818554733112
25834,GOF,0.008622524814495523,0.7919903078783249,0.19938716730717956
25835,GOF,0.02077269036584297,0.8559258798235558,0.12330142981060119
25836,GOF,0.005807260526753649,0.7961133696174862,0.19807936985576008
25837,GOF,0.007507984722845936,0.7270140076177328,0.26547800765942137
25838,GOF,0.01981156083557857,0.8442043326169915,0.13598410654743004
25839,GOF,0.046946135620220056,0.8312110226158708,0.12184284176390915
25840,GOF,0.07463967955833761,0.8052605815762284,0.12009973886543401
25841,GOF,0.07040015268034361,0.8361312835715082,0.0934685637481483
25842,GOF,0.025711964677734282,0.903010558665889,0.07127747665637672
25843,GOF,0.02289109710248631,0.8913554278265623,0.08575347507095146
25844,GOF,0.01577301047304827,0.8453293809672452,0.13889760855970665
25845,GOF,0.005572148534428895,0.6764411472242031,0.3179867042413679
25846,GOF,0.06013367010176064,0.8449197940019469,0.09494653589629241
25847,GOF,0.015556255837100822,0.9067528426927242,0.07769090147017517
25848,GOF,0.018217851478463786,0.8679161220912038,0.11386602643033249
25849,GOF,0.006242598995655858,0.784396489376059,0.20936091162828527
25850,GOF,0.005287399718315092,0.7582292810191987,0.23648331926248609
25851,GOF,0.004956821239031564,0.6477028520324881,0.34734032672848036
25852,GOF,0.13978481203934115,0.6156201010781418,0.2445950868825172
25853,GOF,0.058458932715436535,0.8357712900049934,0.10576977727956992
25854,GOF,0.0052689283124653305,0.7339756505940082,0.2607554210935266
25855,GOF,0.020818321496968707,0.7232904796088433,0.25589119889418793
25856,GOF,0.03801541312422669,0.8027084099128017,0.15927617696297156
25857,GOF,0.022686504576912386,0.6729445833142675,0.3043689121088201
25858,GOF,0.008949784355985878,0.6930376415715387,0.2980125740724755
25859,GOF,0.007167473717435388,0.6860716712445817,0.306760855037983
25860,GOF,0.07245081295587255,0.8260420849986129,0.10150710204551468
25861,GOF,0.08538776275979912,0.8251243616241638,0.08948787561603712
25862,GOF,0.02031462861779972,0.8885802499073069,0.0911051214748934
25863,GOF,0.021210173317330876,0.886142186873558,0.0926476398091113
25864,GOF,0.05602495276300421,0.8924754599235877,0.05149958731340802
25865,GOF,0.04165617161274752,0.8631867778221503,0.0951570505651022
25866,GOF,0.024632481860717755,0.8903915373391088,0.08497598080017348
25867,GOF,0.03863419713480414,0.8802567444868126,0.08110905837838325
25868,GOF,0.058784941689957834,0.8348694744706188,0.10634558383942351
25869,GOF,0.3366278316954099,0.6008642837520993,0.06250788455249082
25870,GOF,0.05225496034687297,0.6877656312839502,0.2599794083691769
25871,GOF,0.009675023752893233,0.8843366555477176,0.10598832069938918
25872,GOF,0.017317407837194796,0.8591715337993561,0.12351105836344915
25873,GOF,0.017209488209589157,0.8838876416905889,0.09890287009982192
25874,LOF,0.014717528334777224,0.24976001513124904,0.7355224565339739
25875,LOF,0.029526992512025542,0.052262728157987645,0.9182102793299868
25876,LOF,0.017125562844185503,0.03297966795315619,0.9498947692026583
25877,LOF,0.09854005198587008,0.07660202426792531,0.8248579237462046
25878,LOF,0.06863199483310549,0.11761328722582627,0.8137547179410681
25879,LOF,0.015924991731403864,0.09571418483658721,0.888360823432009
25880,LOF,0.058633143956341345,0.012719874506945278,0.9286469815367133
25881,Neutral,0.47188282311781005,0.07263490270991547,0.4554822741722746
25882,LOF,0.06819840753619878,0.02235301663169676,0.9094485758321044
25883,LOF,0.028852190608330282,0.027602403022609853,0.9435454063690599
25884,LOF,0.01703209735586925,0.05102295463787983,0.9319449480062508
25885,LOF,0.1830899729915007,0.012545907193460215,0.8043641198150391
25886,LOF,0.2749798077924453,0.0605885767672607,0.6644316154402939
25887,LOF,0.12852270878934083,0.0758908570794471,0.7955864341312121
25888,LOF,0.007953518152055345,0.12808864658679078,0.8639578352611538
25889,LOF,0.02303157758538534,0.03655273953266406,0.9404156828819507
25890,LOF,0.18032169092621125,0.09688648491367782,0.7227918241601109
25891,LOF,0.11936121180951094,0.025989818073733063,0.8546489701167559
25892,LOF,0.009245725045609053,0.035190654852936785,0.9555636201014541
25893,LOF,0.3805786869464595,0.010118797290902096,0.6093025157626383
25894,LOF,0.41422132330185035,0.0062684761262553085,0.5795102005718944
25895,LOF,0.3594682725241875,0.013856910052319517,0.626674817423493
25896,LOF,0.06857532400635075,0.02218730845731968,0.9092373675363297
25897,LOF,0.16370330115004972,0.008829490016531967,0.8274672088334184
25898,LOF,0.13160547560687422,0.030593049919761146,0.8378014744733646
25899,LOF,0.426397944049966,0.021713920444151144,0.5518881355058828
25900,Neutral,0.5132209865896468,0.007486670824376628,0.47929234258597675
25901,LOF,0.06932300916805674,0.009404454195087722,0.9212725366368555
25902,LOF,0.17246790863653805,0.010600799316918383,0.8169312920465436
25903,LOF,0.35980220026198656,0.024608546102341994,0.6155892536356714
25904,Neutral,0.5255205112771795,0.029508626954475068,0.4449708617683455
25905,GOF,0.00639920374373696,0.5109572885636733,0.4826435076925898
25906,LOF,0.006871758215302804,0.10657839603457894,0.8865498457501183
25907,LOF,0.006539744468900634,0.39885042862144554,0.5946098269096538
25908,LOF,0.005880003304745962,0.2928605422912747,0.7012594544039794
25909,LOF,0.026052814773390515,0.14082453644885723,0.8331226487777523
25910,LOF,0.01298005457912159,0.13215431482081802,0.8548656306000603
25911,LOF,0.22014019673140434,0.052033448386217665,0.7278263548823779
25912,LOF,0.10789381215331179,0.03550817418880909,0.8565980136578791
25913,LOF,0.025612747831161856,0.06897746699515585,0.9054097851736822
25914,LOF,0.035757109039613585,0.04063178116770828,0.9236111097926781
25915,LOF,0.19419931680494854,0.14516285833485912,0.6606378248601923
25916,LOF,0.02726030811169412,0.09437549527061982,0.878364196617686
25917,LOF,0.07614635336253438,0.03218670574058077,0.8916669408968849
25918,LOF,0.04227052518756646,0.024244103695060942,0.9334853711173725
25919,LOF,0.03637556379895733,0.023921557652358736,0.9397028785486841
25920,Neutral,0.3952249165746829,0.24123115333961984,0.36354393008569724
25921,LOF,0.014527154824666683,0.03877840747266048,0.9466944377026728
25922,LOF,0.016108478120293732,0.03822150750454483,0.9456700143751615
25923,LOF,0.41245310178214195,0.033671419420277224,0.5538754787975808
25924,LOF,0.024576753020142415,0.055782232881590794,0.9196410140982667
25925,LOF,0.08389885393933659,0.047326912720052995,0.8687742333406105
25926,LOF,0.06532016788334588,0.044453091858396555,0.8902267402582577
25927,LOF,0.020620697707313985,0.05890405087813149,0.9204752514145544
25928,LOF,0.010173756011532056,0.055706703379365,0.934119540609103
25929,Neutral,0.5425985575576484,0.032265209821901224,0.42513623262045036
25930,LOF,0.0731000853864313,0.03387976679802255,0.8930201478155462
25931,LOF,0.01322272405740273,0.041458673985626825,0.9453186019569705
25932,LOF,0.05942949541918228,0.039732498466622634,0.9008380061141951
25933,LOF,0.06194844058279391,0.021757782704353534,0.9162937767128525
25934,LOF,0.05345507659024089,0.020503039442037324,0.9260418839677218
25935,LOF,0.07627630704120526,0.05829936567176182,0.865424327287033
25936,LOF,0.09553127771828669,0.02161476761643119,0.882853954665282
25937,LOF,0.01999594960850989,0.028366658589651185,0.9516373918018389
25938,LOF,0.07541903331610618,0.05098300049589036,0.8735979661880034
25939,LOF,0.043328277834025465,0.028527786161583364,0.9281439360043913
25940,LOF,0.009401626957174152,0.3836823517176971,0.6069160213251288
25941,Neutral,0.4855873931932257,0.05685156562300088,0.4575610411837734
25942,LOF,0.010228846988693932,0.06492605438270446,0.9248450986286015
25943,LOF,0.041304636744394975,0.1841348071521312,0.7745605561034737
25944,LOF,0.040675169073953736,0.09294397441931901,0.8663808565067274
25945,LOF,0.11806670446526193,0.03337363450314308,0.848559661031595
25946,LOF,0.06559234467376808,0.04221346078911823,0.8921941945371137
25947,Neutral,0.5274363336814001,0.0961332046241668,0.3764304616944331
25948,LOF,0.40444192204016227,0.02043803196918667,0.5751200459906511
25949,LOF,0.145029092096348,0.08363642839878208,0.7713344795048699
25950,GOF,0.06491043834841644,0.6155220127061962,0.31956754894538747
25951,LOF,0.014394398341880015,0.43410750325267755,0.5514980984054424
25952,LOF,0.24130317296362092,0.29918098031605395,0.4595158467203252
25953,LOF,0.008811463645842298,0.1755159081877078,0.8156726281664499
25954,LOF,0.06505489165504479,0.42629338089110236,0.5086517274538529
25955,LOF,0.007317543202294528,0.1593546929331513,0.8333277638645542
25956,LOF,0.01490743960502616,0.2467620983798639,0.7383304620151099
25957,LOF,0.15738056328608072,0.030280030674510447,0.8123394060394088
25958,LOF,0.03350559958143293,0.06265430130657715,0.90384009911199
25959,GOF,0.008908713813170249,0.6348825991852416,0.3562086870015882
25960,LOF,0.00465324047394882,0.10809915063988612,0.8872476088861652
25961,LOF,0.032358372920278766,0.053803489023626694,0.9138381380560946
25962,LOF,0.048674495474067096,0.06514620411925591,0.886179300406677
25963,LOF,0.006706194541070241,0.1740864010923296,0.8192074043666001
25964,LOF,0.02687840864582291,0.10408089038313821,0.8690407009710389
25965,LOF,0.24227203418455304,0.12422283098108539,0.6335051348343615
25966,LOF,0.3677781315541239,0.12451774279493576,0.5077041256509403
25967,LOF,0.007656494130887949,0.08193007220293669,0.9104134336661754
25968,LOF,0.0386687363008377,0.25817205191316805,0.7031592117859943
25969,LOF,0.16374072397322958,0.05307590656024966,0.7831833694665209
25970,LOF,0.06657157414301376,0.07315106553710905,0.8602773603198772
25971,LOF,0.07851032161868754,0.03794337411254896,0.8835463042687636
25972,LOF,0.07586963066002472,0.06259583757121548,0.8615345317687598
25973,LOF,0.06422437044969169,0.009815914155673842,0.9259597153946344
25974,LOF,0.03976214804427508,0.0410619352876071,0.9191759166681179
25975,LOF,0.03855389997928803,0.0189707074973734,0.9424753925233386
25976,LOF,0.08251925854555207,0.01078598600005493,0.9066947554543929
25977,LOF,0.2517608712972896,0.061935834141397486,0.6863032945613129
25978,LOF,0.16884953381783707,0.12451207689518048,0.7066383892869825
25979,LOF,0.14048246581341992,0.1457239869467752,0.7137935472398049
25980,LOF,0.23486375732944792,0.18745518861214058,0.5776810540584115
25981,LOF,0.23724307058015062,0.18976222206305743,0.5729947073567919
25982,LOF,0.4248495632550361,0.09459386989306542,0.48055656685189835
25983,LOF,0.42127630007494904,0.11961774271306992,0.45910595721198116
25984,LOF,0.039896518862665334,0.0923484050762017,0.8677550760611329
25985,Neutral,0.44200990815085806,0.1373204472547617,0.4206696445943803
25986,LOF,0.011256675089718973,0.45109653047840914,0.5376467944318719
25987,LOF,0.040410027540059755,0.09754607793856888,0.8620438945213713
25988,LOF,0.038793807554444816,0.15414577516949218,0.8070604172760629
25989,LOF,0.04196410095583649,0.18650126349354337,0.7715346355506202
25990,LOF,0.03790216983208104,0.29526544526980586,0.6668323848981131
25991,GOF,0.021021536185679143,0.4912333588395269,0.48774510497479406
25992,LOF,0.012407587143611072,0.44840183672826234,0.5391905761281267
25993,LOF,0.025031971022675605,0.07890380982614348,0.896064219151181
25994,LOF,0.023801317090325957,0.07255291464728773,0.9036457682623864
25995,LOF,0.019205660552324377,0.13659736267294986,0.8441969767747258
25996,GOF,0.36183522416007946,0.3956738081277792,0.24249096771214138
25997,LOF,0.05777806468460392,0.4378034087398054,0.5044185265755906
25998,LOF,0.26411334330415537,0.04886688394352854,0.6870197727523162
25999,LOF,0.035894315485502634,0.15733341279829546,0.806772271716202
26000,LOF,0.15411438652254214,0.02202679517550025,0.8238588183019576
26001,LOF,0.2621092428327324,0.029764764648162217,0.7081259925191054
26002,LOF,0.11923048072949735,0.03646043402352686,0.8443090852469758
26003,GOF,0.0075686033257332044,0.6882488806065279,0.3041825160677389
26004,GOF,0.01757536407796964,0.7089162039849497,0.2735084319370807
26005,GOF,0.005912896821377751,0.5063515045638147,0.48773559861480753
26006,GOF,0.11238583965310701,0.5404055869530101,0.34720857339388295
26007,GOF,0.012027648500836041,0.5441963072088343,0.44377604429032963
26008,GOF,0.006415132112456938,0.6099971177067169,0.3835877501808261
26009,GOF,0.012029308746753922,0.6741635170754012,0.31380717417784476
26010,GOF,0.010063612301644901,0.6278911511967352,0.36204523650161996
26011,LOF,0.004481677985551076,0.43966920026424783,0.5558491217502012
26012,GOF,0.004942260216572062,0.5037334704524191,0.49132426933100876
26013,GOF,0.01184915763448105,0.5845351987127559,0.4036156436527631
26014,LOF,0.06418035649149786,0.11469758498644099,0.8211220585220612
26015,LOF,0.3739010589032638,0.035442011238706946,0.5906569298580293
26016,LOF,0.28837887686304836,0.04959583009502308,0.6620252930419286
26017,LOF,0.013830775550650895,0.2470445581782575,0.7391246662710916
26018,LOF,0.025043314263950105,0.06689454639935397,0.9080621393366959
26019,LOF,0.024984720605599874,0.05984411073614605,0.9151711686582541
26020,LOF,0.007571310724614286,0.23036959947057828,0.7620590898048074
26021,LOF,0.07145239132789269,0.10049609193709774,0.8280515167350095
26022,LOF,0.03609818555820542,0.033853348236511545,0.930048466205283
26023,LOF,0.020409856216678873,0.04658613272316431,0.9330040110601568
26024,LOF,0.054669436507750094,0.08303742077562609,0.8622931427166239
26025,LOF,0.11906455564607499,0.09379421102599633,0.7871412333279286
26026,LOF,0.12288023338261465,0.06985001231754286,0.8072697542998425
26027,LOF,0.023735587057039997,0.03075463092720205,0.945509782015758
26028,LOF,0.08870806079732271,0.18536972173901248,0.7259222174636649
26029,LOF,0.023585969232350443,0.198629189659717,0.7777848411079326
26030,LOF,0.13006581953268748,0.02820397778885766,0.8417302026784548
26031,LOF,0.010295797236348037,0.17074460330877594,0.8189595994548761
26032,LOF,0.03722174396060678,0.04709106883883321,0.9156871872005601
26033,LOF,0.0410974412122524,0.04524202609916453,0.913660532688583
26034,LOF,0.015614835975278046,0.15451233940325673,0.8298728246214653
26035,LOF,0.013074397896708998,0.11361786650492559,0.8733077355983654
26036,LOF,0.012069028369050487,0.11719790477415387,0.8707330668567956
26037,LOF,0.010915638746357372,0.1034407585133521,0.8856436027402905
26038,LOF,0.031531284222324964,0.04201137137533299,0.926457344402342
26039,LOF,0.033276297649359965,0.1318027916319092,0.834920910718731
26040,LOF,0.06883795272930841,0.12648586032314796,0.8046761869475436
26041,LOF,0.012765695671159505,0.09102464710091934,0.896209657227921
26042,LOF,0.01282470320860339,0.1084511333149378,0.8787241634764588
26043,LOF,0.03102875533243817,0.06302291177154375,0.9059483328960181
26044,LOF,0.008644080058670857,0.045509747063167065,0.9458461728781621
26045,LOF,0.07339882961545872,0.10583302935878615,0.8207681410257551
26046,LOF,0.027258897455690583,0.04684108837513152,0.9259000141691779
26047,LOF,0.056369474663250305,0.04608973683161554,0.8975407885051342
26048,LOF,0.08358235162197732,0.017989989318918678,0.8984276590591039
26049,Neutral,0.9413930686991732,0.008173821864236073,0.05043310943659084
26050,Neutral,0.910934089192907,0.008671120385432185,0.08039479042166088
26051,LOF,0.024449655831523497,0.11411284995813757,0.8614374942103389
26052,LOF,0.030469640926552157,0.12024145443744493,0.8492889046360028
26053,LOF,0.024806398578034253,0.12240999048054692,0.8527836109414187
26054,LOF,0.05080733415252601,0.038700640349632234,0.9104920254978418
26055,LOF,0.07556870588101895,0.034781748784175864,0.8896495453348051
26056,LOF,0.06263927057041536,0.04321448392815331,0.8941462455014313
26057,LOF,0.0658128499530407,0.01737262816505443,0.9168145218819048
26058,LOF,0.07247524730731895,0.014428328731244253,0.9130964239614368
26059,LOF,0.22777895541308749,0.038737031898604536,0.733484012688308
26060,LOF,0.025204342119994016,0.17379206361045127,0.8010035942695547
26061,LOF,0.012400269905556227,0.011285889320512419,0.9763138407739312
26062,LOF,0.006859936713215539,0.015347672440785299,0.9777923908459991
26063,LOF,0.04538231399255987,0.013563358066656523,0.9410543279407837
26064,LOF,0.016258989833348465,0.020740383945721173,0.9630006262209303
26065,LOF,0.05926026547064689,0.015519522168236113,0.9252202123611171
26066,LOF,0.04363802629328054,0.013357298288975456,0.943004675417744
26067,LOF,0.048745514402680865,0.013246584934689935,0.9380079006626292
26068,LOF,0.05823084986161312,0.05133571734959755,0.8904334327887893
26069,LOF,0.3245301882657883,0.03415411862739249,0.6413156931068192
26070,Neutral,0.5793020236045999,0.02538739949227239,0.3953105769031277
26071,LOF,0.048940013317730714,0.01424581872792594,0.9368141679543432
26072,LOF,0.00898289085261952,0.02146874520048141,0.969548363946899
26073,LOF,0.04177416263016984,0.01625288921219795,0.9419729481576321
26074,Neutral,0.870768030622107,0.012917413837794814,0.11631455554009816
26075,LOF,0.057415679501214525,0.02769848259925473,0.9148858378995307
26076,LOF,0.055383855504552965,0.014398937915906927,0.93021720657954
26077,LOF,0.16287013012793095,0.00766529925460405,0.8294645706174649
26078,LOF,0.007970319437912265,0.01770005139757096,0.9743296291645168
26079,LOF,0.06826768145445132,0.026374466241765697,0.905357852303783
26080,LOF,0.06726986781240273,0.026437592149732878,0.9062925400378643
26081,LOF,0.03775440102623549,0.010964692240866613,0.9512809067328979
26082,LOF,0.006331912188217558,0.01750302702366126,0.9761650607881213
26083,LOF,0.11005338793636045,0.025989343231763624,0.863957268831876
26084,LOF,0.11905986141226077,0.019402183368903217,0.861537955218836
26085,LOF,0.0998610915312161,0.01684337923920345,0.8832955292295805
26086,LOF,0.042517094075560063,0.015820709650980442,0.9416621962734595
26087,LOF,0.04181046170369671,0.013058523261681488,0.9451310150346217
26088,LOF,0.007265580371134337,0.02295151098548998,0.9697829086433757
26089,LOF,0.04543947629814912,0.043580839593497685,0.9109796841083532
26090,LOF,0.04553141663230219,0.03372609101919787,0.9207424923484999
26091,LOF,0.03175474976794922,0.009519248251526408,0.9587260019805244
26092,LOF,0.051402110494410735,0.01046174257338706,0.9381361469322023
26093,LOF,0.08886894402470154,0.007726025104994631,0.9034050308703039
26094,LOF,0.03723842538757961,0.00972102981770334,0.9530405447947171
26095,LOF,0.020966785039348488,0.02037986678253708,0.9586533481781144
26096,LOF,0.20310049792585866,0.005652478144211341,0.79124702392993
26097,LOF,0.0074644066557247885,0.0381682474286482,0.954367345915627
26098,LOF,0.12945944090459188,0.023035761234294107,0.847504797861114
26099,LOF,0.04457590525865455,0.023121153730716604,0.9323029410106289
26100,LOF,0.04457590525865455,0.023121153730716604,0.9323029410106289
26101,LOF,0.0701867151572736,0.0375068921732386,0.8923063926694877
26102,LOF,0.03481704552781208,0.020486403828564887,0.9446965506436231
26103,Neutral,0.8953956987668666,0.02990764662485976,0.0746966546082736
26104,LOF,0.05985393890334268,0.04757188262528332,0.8925741784713741
26105,LOF,0.27026030455324573,0.13788091127833965,0.5918587841684146
26106,LOF,0.33329595234145587,0.06189086540575888,0.6048131822527852
26107,LOF,0.023472223643183826,0.08051178908498424,0.896015987271832
26108,LOF,0.28427860180468506,0.040297838713892274,0.6754235594814226
26109,LOF,0.07662341816896835,0.028307758117337167,0.8950688237136946
26110,LOF,0.4407239928187254,0.011138855400902132,0.5481371517803724
26111,LOF,0.06661377703953358,0.12062715369629404,0.8127590692641725
26112,LOF,0.06032198069751993,0.010178512182852026,0.929499507119628
26113,LOF,0.1347465139981927,0.024790959983104943,0.8404625260187023
26114,LOF,0.09457495415072253,0.008368820207710157,0.8970562256415672
26115,LOF,0.018579292917904004,0.05531852763454846,0.9261021794475475
26116,LOF,0.07541516042446947,0.025955906303407633,0.8986289332721228
26117,LOF,0.33163242120429576,0.04628647651058259,0.6220811022851217
26118,LOF,0.04609146510534954,0.020628539767504516,0.933279995127146
26119,LOF,0.006581134432126098,0.04133202787706461,0.9520868376908093
26120,LOF,0.03392598072612077,0.020070467266092015,0.9460035520077873
