feature0,prediction,LoGoFunc_Neutral,LoGoFunc_GOF,LoGoFunc_LOF
25546,Neutral,0.6617395625340396,0.055128572547829935,0.2831318649181304
25547,Neutral,0.5579348189647113,0.10465515819515744,0.3374100228401313
25548,Neutral,0.5142815524384506,0.07632777301175094,0.40939067454979844
25549,Neutral,0.4825334160613313,0.07646425459050032,0.44100232934816835
25550,LOF,0.4018100788926497,0.14415907472132547,0.4540308463860247
25551,LOF,0.3297906049299484,0.14340965095036362,0.526799744119688
25552,LOF,0.18323372437285543,0.15491379312083303,0.6618524825063116
25553,Neutral,0.8158296557474596,0.03831452998886288,0.14585581426367755
25554,LOF,0.22138009420950377,0.15553763408759946,0.6230822717028968
25555,LOF,0.17798204324952158,0.14189473251898152,0.6801232242314968
25556,Neutral,0.5101078361532287,0.10333550356589515,0.3865566602808762
25557,LOF,0.17354213819811082,0.14730069077219532,0.6791571710296939
25558,LOF,0.21945496012363613,0.1645823209614959,0.615962718914868
25559,Neutral,0.5821657145840001,0.06792325427721703,0.3499110311387829
25560,LOF,0.044262116359621184,0.2991984182670411,0.6565394653733378
25561,LOF,0.07935212614661276,0.3423082900291299,0.5783395838242573
25562,LOF,0.09932955986897775,0.1752342040829404,0.7254362360480818
25563,LOF,0.09623348504878718,0.19587147218472825,0.7078950427664845
25564,LOF,0.0631892483457683,0.2763498368537905,0.6604609148004411
25565,LOF,0.14359431279019194,0.15579849114761635,0.7006071960621918
25566,GOF,0.014895652403451094,0.7456579529441204,0.23944639465242845
25567,LOF,0.01579366840436339,0.1336379556199718,0.8505683759756648
25568,LOF,0.05225818913977409,0.07452609247802053,0.8732157183822055
25569,LOF,0.0645582516712682,0.0726902095141066,0.8627515388146252
25570,LOF,0.06746722482435107,0.10102638640584424,0.8315063887698048
25571,LOF,0.06584823389042356,0.09681638388109054,0.8373353822284859
25572,LOF,0.07287909394454135,0.1351646553256236,0.791956250729835
25573,LOF,0.03267921712554231,0.08501334924493877,0.8823074336295189
25574,LOF,0.01871726231256201,0.14081711916471612,0.8404656185227218
25575,LOF,0.055503377363425664,0.1012307557343658,0.8432658669022086
25576,LOF,0.022317645216714335,0.09936289047043963,0.878319464312846
25577,LOF,0.01446385549302527,0.1353852161665473,0.8501509283404274
25578,LOF,0.24555095641203298,0.0871096009237247,0.6673394426642423
25579,LOF,0.24771846078696885,0.08634930012545623,0.665932239087575
25580,LOF,0.04073645148504562,0.09021987572824632,0.8690436727867081
25581,LOF,0.050882555574798476,0.07515981091947693,0.8739576335057245
25582,LOF,0.05070217532710853,0.07229593284752478,0.8770018918253668
25583,LOF,0.0485126700282489,0.10125245209813542,0.8502348778736156
25584,Neutral,0.49935738826171383,0.07809281161605112,0.42254980012223514
25585,LOF,0.03373501230013807,0.09860745164501969,0.8676575360548423
25586,LOF,0.035761634180913514,0.07723171363129218,0.8870066521877943
25587,LOF,0.032725106024425625,0.06882491939123299,0.8984499745843414
25588,LOF,0.033430971302059444,0.0822151519761692,0.8843538767217713
25589,Neutral,0.6090090085292276,0.08048838009468587,0.3105026113760866
25590,LOF,0.028340836785376515,0.11270492978893835,0.858954233425685
25591,LOF,0.10452590644541074,0.058178209950189824,0.8372958836043994
25592,LOF,0.10068815997481026,0.12708128267243218,0.7722305573527576
25593,LOF,0.015427966175919353,0.20705434111814255,0.7775176927059381
25594,LOF,0.037644703549298,0.1754062834429533,0.7869490130077487
25595,LOF,0.07247317638196007,0.13493371599846526,0.7925931076195746
25596,LOF,0.08844527225883558,0.10182925620155449,0.8097254715396099
25597,LOF,0.08179057082420896,0.04725659404191028,0.8709528351338808
25598,LOF,0.04720970272831523,0.18223096566335034,0.7705593316083346
25599,GOF,0.006457892946066945,0.6357373609577658,0.35780474609616736
25600,GOF,0.007893556987643506,0.5844076978309625,0.40769874518139404
25601,LOF,0.0068534404188895035,0.42565711250976646,0.5674894470713441
25602,LOF,0.015657168577633905,0.07996531820702839,0.9043775132153377
25603,LOF,0.04072602786944347,0.037427887526980334,0.9218460846035763
25604,LOF,0.037836325636256024,0.0790362586245423,0.8831274157392016
25605,LOF,0.011255559558282002,0.2175694184664647,0.7711750219752532
25606,GOF,0.06152238264639267,0.5420044631753058,0.39647315417830153
25607,LOF,0.003960290003064876,0.15535253613493114,0.840687173862004
25608,LOF,0.0423230794101275,0.046106530801425696,0.9115703897884467
25609,LOF,0.05044264869850941,0.28193311289240225,0.6676242384090884
25610,LOF,0.053013951903216096,0.03562837437810433,0.9113576737186795
25611,LOF,0.06383808721191746,0.026015659286451734,0.9101462535016309
25612,LOF,0.12613287377739374,0.06873931411266859,0.8051278121099378
25613,LOF,0.1130107100890102,0.05888009440255582,0.828109195508434
25614,LOF,0.04229777591172425,0.040661099970667546,0.9170411241176082
25615,LOF,0.08356085377889294,0.05887697974175719,0.8575621664793498
25616,LOF,0.046278181935569325,0.05556936028863612,0.8981524577757946
25617,LOF,0.052627278910167,0.053731508249274154,0.8936412128405589
25618,LOF,0.25982380219847856,0.04450668859787691,0.6956695092036446
25619,LOF,0.048254719278247565,0.04457907960189269,0.9071662011198597
25620,LOF,0.04280300331699562,0.06128896811114911,0.8959080285718554
25621,LOF,0.04420711703857386,0.04783298198048655,0.9079599009809396
25622,LOF,0.03506983351168549,0.07022918644401983,0.8947009800442947
25623,LOF,0.057038314197600394,0.043174857156465275,0.8997868286459343
25624,LOF,0.0347172183127661,0.053704242722912035,0.911578538964322
25625,LOF,0.04426518597191169,0.06681620018152909,0.8889186138465593
25626,LOF,0.08460889674668742,0.05179325436901906,0.8635978488842936
25627,Neutral,0.5593332459882602,0.11126955633422862,0.32939719767751136
25628,LOF,0.21394830514773672,0.051035861762145515,0.7350158330901178
25629,LOF,0.07813490359516909,0.14330940745354806,0.7785556889512828
25630,LOF,0.18997750686477313,0.07969070462595555,0.7303317885092713
25631,Neutral,0.5909082823913449,0.05432785424661398,0.35476386336204124
25632,LOF,0.020760928541226808,0.0709941961916622,0.9082448752671111
25633,LOF,0.22584606856134817,0.08819050950513775,0.6859634219335141
25634,LOF,0.039523013237360044,0.07583001955638997,0.88464696720625
25635,LOF,0.03846230097421809,0.07028483157195235,0.8912528674538295
25636,GOF,0.0052251979544069025,0.6581299845625855,0.33664481748300756
25637,GOF,0.0038068329355065403,0.5415565177765285,0.454636649287965
25638,GOF,0.007057516417756684,0.5097897667656135,0.48315271681662986
25639,LOF,0.004358945036074751,0.4823094135940426,0.5133316413698826
25640,GOF,0.3924360997397307,0.5561382143114176,0.05142568594885174
25641,LOF,0.006648458130164887,0.2843437963497514,0.7090077455200838
25642,LOF,0.26523196780262204,0.09417983202224296,0.6405882001751351
25643,LOF,0.3017499903142214,0.21569878822874078,0.4825512214570379
25644,GOF,0.01500703046269552,0.7276504415252742,0.25734252801203017
25645,GOF,0.010616218449564046,0.6582443119858067,0.33113946956462914
25646,LOF,0.01141991942179927,0.45827387102260214,0.5303062095555986
25647,LOF,0.01085333898904958,0.33636854695783375,0.6527781140531167
25648,LOF,0.007649171781924902,0.45766525935079594,0.5346855688672791
25649,LOF,0.007488405232187848,0.25093320703455574,0.7415783877332565
25650,GOF,0.023100026744908016,0.6278633007735946,0.3490366724814973
25651,LOF,0.006111043451342657,0.3093032521097717,0.6845857044388856
25652,LOF,0.01124630266335709,0.4247642743414386,0.5639894229952044
25653,GOF,0.04915846413734197,0.6189818881988832,0.3318596476637748
25654,LOF,0.008233549649326384,0.3992086122797295,0.5925578380709442
25655,GOF,0.06576817337094931,0.5924200429839827,0.341811783645068
25656,LOF,0.10018106958886827,0.11193918528670851,0.7878797451244233
25657,LOF,0.2928037622320788,0.048716554723734984,0.6584796830441861
25658,LOF,0.04098164044183621,0.20966636807398195,0.7493519914841819
25659,LOF,0.2499257401766761,0.10844954150312489,0.6416247183201991
25660,LOF,0.09335045693349694,0.0834724622996306,0.8231770807668726
25661,LOF,0.07031571828803518,0.06830557657199313,0.8613787051399716
25662,LOF,0.03895555145425545,0.05558367432607373,0.9054607742196707
25663,LOF,0.04896352822109527,0.08787199039676515,0.8631644813821396
25664,LOF,0.03397653175436881,0.12648182251322768,0.8395416457324035
25665,LOF,0.04604116759744599,0.055572373163053156,0.8983864592395009
25666,LOF,0.046005117259710376,0.14679250466365404,0.8072023780766356
25667,LOF,0.03952620854663448,0.0458566637942744,0.9146171276590911
25668,LOF,0.05648562522299209,0.05859539230082462,0.8849189824761834
25669,LOF,0.053452760657941696,0.08363620122113577,0.8629110381209225
25670,LOF,0.08399933887138747,0.07836323765967583,0.8376374234689367
25671,LOF,0.05092876649394427,0.045756684374440235,0.9033145491316155
25672,LOF,0.05324486929175466,0.06433714502279142,0.8824179856854539
25673,LOF,0.04087566637396561,0.06606706090991493,0.8930572727161195
25674,LOF,0.028617853984176662,0.08063330713881078,0.8907488388770125
25675,LOF,0.0391163592027493,0.06384745753606107,0.8970361832611897
25676,LOF,0.03818282758058119,0.06253987427923668,0.8992772981401822
25677,LOF,0.08951639521491779,0.05383694948203962,0.8566466553030426
25678,LOF,0.2057436492456296,0.04300691724111354,0.7512494335132569
25679,LOF,0.13322626214175562,0.054531163769377264,0.8122425740888671
25680,LOF,0.09685608917099606,0.08667974034965154,0.8164641704793524
25681,LOF,0.10568602859658197,0.084161365296051,0.8101526061073671
25682,LOF,0.05178863038920871,0.05285654988819052,0.8953548197226007
25683,LOF,0.08534487969504555,0.0703262814859076,0.8443288388190467
25684,LOF,0.07233037035639471,0.05934040330674521,0.86832922633686
25685,LOF,0.13030407706627303,0.04203880755664891,0.8276571153770781
25686,LOF,0.02578684476103822,0.09463841879398975,0.8795747364449721
25687,LOF,0.055523766433752925,0.10049332093081577,0.8439829126354312
25688,LOF,0.020026648132361154,0.06392032094006632,0.9160530309275726
25689,LOF,0.019560924939385965,0.03396012938084903,0.9464789456797649
25690,LOF,0.020983386913847473,0.04024210648721946,0.9387745065989331
25691,LOF,0.12382524286632486,0.06498183810794977,0.8111929190257253
25692,LOF,0.28035388218553625,0.012072047309117637,0.707574070505346
25693,LOF,0.03421029384092324,0.2879728705840372,0.6778168355750396
25694,LOF,0.22878563221517492,0.014263325921308051,0.756951041863517
25695,LOF,0.17725940970950246,0.027919162181668306,0.7948214281088293
25696,LOF,0.08893820810107524,0.026937649461793556,0.8841241424371312
25697,LOF,0.0794484542140856,0.05579290415768114,0.8647586416282332
25698,LOF,0.01400044672092605,0.4109946564723781,0.5750048968066959
25699,LOF,0.08484063824875664,0.1144798534186284,0.800679508332615
25700,LOF,0.03452208856517918,0.02147915011011986,0.943998761324701
25701,LOF,0.013521194663976298,0.10408016690476077,0.882398638431263
25702,GOF,0.024703574267488888,0.7579447206547422,0.21735170507776902
25703,LOF,0.01466904758252763,0.2593888254154814,0.725942127001991
25704,LOF,0.07177323888289576,0.17030467267409305,0.7579220884430112
25705,LOF,0.0648759958268306,0.1454247890404462,0.7896992151327231
25706,GOF,0.019506148983001056,0.6407663073073521,0.3397275437096469
25707,GOF,0.02886089500586107,0.5133877559637429,0.4577513490303961
25708,LOF,0.007374555704677098,0.46834299194222834,0.5242824523530946
25709,LOF,0.03238858375044108,0.05750282603616641,0.9101085902133925
25710,LOF,0.006525707496899349,0.1178354855975448,0.8756388069055558
25711,LOF,0.032326144217104606,0.10259153869703917,0.8650823170858563
25712,LOF,0.008856639105333597,0.17589375715895145,0.815249603735715
25713,LOF,0.03162091867772282,0.0907059739337575,0.8776731073885197
25714,LOF,0.027613283147088993,0.11586575711243152,0.8565209597404795
25715,LOF,0.036526571512069325,0.10147278546456692,0.8620006430233639
25716,LOF,0.007356824688322831,0.11391279268347244,0.8787303826282048
25717,LOF,0.006905886091948145,0.09141743083372891,0.9016766830743228
25718,LOF,0.035908715579481804,0.06309762633191582,0.9009936580886024
25719,LOF,0.04523065080315032,0.09302757393565804,0.8617417752611917
25720,LOF,0.04108301944407717,0.09867534042038241,0.8602416401355404
25721,LOF,0.031743256532909894,0.09764350967622623,0.8706132337908639
25722,LOF,0.020993526661709772,0.12110928841678147,0.8578971849215088
25723,LOF,0.036607121834930305,0.08794773708315157,0.8754451410819182
25724,LOF,0.054746281291758736,0.20558709396993077,0.7396666247383106
25725,LOF,0.03748182674320411,0.07646780671307807,0.8860503665437178
25726,LOF,0.023244477756841738,0.11257913129772758,0.8641763909454306
25727,LOF,0.03102948071154835,0.09316628347826825,0.8758042358101835
25728,LOF,0.03460398304270887,0.09888909710164176,0.8665069198556493
25729,LOF,0.031897089750913654,0.11394369620571879,0.8541592140433675
25730,LOF,0.04230424735192333,0.06852462654383715,0.8891711261042395
25731,LOF,0.010966575634421957,0.0821507447619233,0.9068826796036547
25732,LOF,0.02377600582408224,0.06201740102951158,0.9142065931464062
25733,LOF,0.04237391673832455,0.0646338298295216,0.8929922534321538
25734,LOF,0.007318310665455558,0.22574255702926685,0.7669391323052775
25735,LOF,0.031045914972961074,0.06938353238823249,0.8995705526388065
25736,LOF,0.02834232950968148,0.12165274655264201,0.8500049239376765
25737,LOF,0.03916624113634666,0.09184146202273355,0.8689922968409198
25738,LOF,0.031691548804301854,0.12174069871670763,0.8465677524789905
25739,LOF,0.030946244870929188,0.08779233327246533,0.8812614218566055
25740,LOF,0.04138038285735738,0.1099628892215468,0.8486567279210958
25741,LOF,0.04456465421234701,0.09320941862807111,0.8622259271595819
25742,LOF,0.057982230268720805,0.10062284020567687,0.8413949295256022
25743,LOF,0.012129015171823559,0.020110768313649274,0.967760216514527
25744,LOF,0.1880848868189122,0.12694319811643565,0.6849719150646522
25745,LOF,0.03243117434775758,0.05452307505000217,0.9130457506022401
25746,LOF,0.013964736017918655,0.08124050273719585,0.9047947612448854
25747,LOF,0.05315613498178215,0.02392973652628779,0.92291412849193
25748,LOF,0.31575407857343457,0.047053954622331855,0.6371919668042335
25749,LOF,0.015580142034964287,0.046698163273067625,0.9377216946919681
25750,LOF,0.02073118490667337,0.05142785968198403,0.9278409554113427
25751,LOF,0.049956976429046666,0.03501428996753668,0.9150287336034167
25752,GOF,0.07778436882566923,0.7080801245392497,0.21413550663508102
25753,LOF,0.007399942645515087,0.45026268604563724,0.5423373713088477
25754,GOF,0.007565662028198511,0.9044478703123617,0.08798646765943977
25755,LOF,0.007664643677951219,0.4472109140699041,0.5451244422521446
25756,LOF,0.024370547668471562,0.46930077799058567,0.5063286743409428
25757,GOF,0.008201601222916063,0.882103672884096,0.10969472589298795
25758,GOF,0.008800501693767128,0.9054270708037102,0.08577242750252267
25759,GOF,0.006043985005278587,0.7141063517481703,0.27984966324655114
25760,LOF,0.0060519220994148795,0.34329162802350904,0.650656449877076
25761,GOF,0.04951118996919239,0.8731475968675523,0.07734121316325532
25762,LOF,0.02745060490786768,0.4054935961263534,0.5670557989657788
25763,LOF,0.006203666613755444,0.31654589651295056,0.677250436873294
25764,GOF,0.06064725283361667,0.7024192239497358,0.23693352321664762
25765,GOF,0.008892406304591094,0.9036156985833348,0.087491895112074
25766,GOF,0.027636419023594788,0.8687168259578312,0.1036467550185741
25767,GOF,0.019611288588992002,0.5245889978273959,0.4557997135836121
25768,LOF,0.056430809942776904,0.05344735720028023,0.8901218328569429
25769,LOF,0.024968318680617954,0.07822933158633913,0.8968023497330428
25770,LOF,0.13944234888766022,0.1290803555823015,0.7314772955300384
25771,LOF,0.01926214762167741,0.09505532682871169,0.8856825255496109
25772,LOF,0.02921599718947623,0.038125319369704876,0.9326586834408188
25773,LOF,0.015013692099449638,0.08676640819059955,0.8982198997099508
25774,LOF,0.02775326368341486,0.20003016410797986,0.7722165722086053
25775,LOF,0.0193771708476928,0.0482690783306295,0.9323537508216778
25776,LOF,0.028953839273049686,0.025960219483208456,0.9450859412437418
25777,LOF,0.3044293925785481,0.11599136113451056,0.5795792462869414
25778,LOF,0.024896486058592696,0.0841578163775507,0.8909456975638566
25779,GOF,0.05421320241146588,0.8820111266964346,0.0637756708920996
25780,GOF,0.06884231382885543,0.8721111490459507,0.05904653712519405
25781,GOF,0.02949063872148929,0.8607978730707643,0.10971148820774643
25782,GOF,0.036071348965205786,0.9010172200820813,0.06291143095271284
25783,GOF,0.03619750780357076,0.9187496947241977,0.04505279747223154
25784,GOF,0.1262309185644637,0.8301865035029341,0.0435825779326021
25785,GOF,0.11455835502981747,0.8529176862959725,0.032523958674209846
25786,GOF,0.00989470050078913,0.8689336100299015,0.12117168946930937
25787,GOF,0.24977891142093833,0.7061473507177084,0.044073737861353275
25788,LOF,0.019382118773999885,0.19798246027822802,0.782635420947772
25789,GOF,0.019834741332741605,0.8701110811046618,0.11005417756259664
25790,GOF,0.029749086351487677,0.8981621295977091,0.07208878405080303
25791,GOF,0.025434709153715186,0.7686856022017838,0.20587968864450099
25792,GOF,0.03280310125381154,0.8225243219536813,0.14467257679250717
25793,GOF,0.04525585987098391,0.8298742205159763,0.12486991961303996
25794,GOF,0.04498126081042694,0.7335872577705803,0.2214314814189928
25795,GOF,0.0552191091889104,0.7588139360857317,0.18596695472535796
25796,GOF,0.12527560987345912,0.7984162457175038,0.07630814440903713
25797,GOF,0.07334328724324254,0.7325831244791217,0.19407358827763577
25798,GOF,0.0069512150994749085,0.8163421115116924,0.1767066733888327
25799,GOF,0.004745198997482985,0.7285946296696907,0.26666017133282643
25800,GOF,0.025454168636723163,0.8674272968923423,0.10711853447093449
25801,GOF,0.025984202155099473,0.9081386155712882,0.0658771822736124
25802,GOF,0.02916396281902838,0.8115582109911763,0.1592778261897952
25803,GOF,0.019917121187477814,0.7448574164083338,0.23522546240418837
25804,GOF,0.032924865117014104,0.8065876798679525,0.16048745501503345
25805,GOF,0.02802942548999368,0.8451925951802327,0.1267779793297735
25806,GOF,0.03662905797538255,0.8453136163053723,0.11805732571924522
25807,GOF,0.014432345667929235,0.800242429916447,0.1853252244156238
25808,GOF,0.024921398568277683,0.8150337611624296,0.1600448402692927
25809,GOF,0.013459629770674516,0.7670941094812549,0.21944626074807064
25810,GOF,0.011660009954815755,0.7473610886964973,0.24097890134868707
25811,GOF,0.07609913510444768,0.8652299113473255,0.05867095354822667
25812,GOF,0.032185391944687926,0.8023815913469551,0.16543301670835697
25813,GOF,0.1812726931966272,0.7467604414232428,0.07196686538013006
25814,GOF,0.031191573413275428,0.7973182457511336,0.1714901808355911
25815,GOF,0.05980166178414125,0.8205764609444375,0.11962187727142115
25816,GOF,0.009225687478070252,0.8819877208340142,0.10878659168791571
25817,GOF,0.1140008671470239,0.7831985715751241,0.10280056127785216
25818,GOF,0.030679166659074632,0.8190113103968363,0.1503095229440892
25819,GOF,0.05427936822297571,0.7847898647094425,0.16093076706758178
25820,GOF,0.05448099300077145,0.7535907436285959,0.19192826337063268
25821,GOF,0.037637623607616535,0.7994031736947479,0.1629592026976356
25822,GOF,0.06145819062767513,0.785256489759752,0.15328531961257286
25823,GOF,0.030359166100366434,0.7468873678970571,0.2227534660025764
25824,GOF,0.028777489838233136,0.8105656684863924,0.1606568416753743
25825,GOF,0.02187415991136146,0.8104714172599808,0.16765442282865756
25826,GOF,0.011381521116635455,0.7579525125873997,0.23066596629596484
25827,GOF,0.017200046667410672,0.7477346895865004,0.23506526374608894
25828,GOF,0.010381906787096159,0.7846819250521708,0.2049361681607331
25829,GOF,0.004513786096862499,0.6849487738709368,0.3105374400322008
25830,GOF,0.04942313373371134,0.5635910888696937,0.38698577739659495
25831,GOF,0.0695840642214926,0.819542366424244,0.11087356935426332
25832,GOF,0.01081156558256884,0.7541823368161699,0.2350060976012614
25833,GOF,0.039563722526964204,0.8269197031260314,0.13351657434700445
25834,GOF,0.010995948179038643,0.7740652216933785,0.21493883012758286
25835,GOF,0.02602387632237217,0.8505685573818696,0.12340756629575818
25836,GOF,0.007037842283020774,0.780288027758377,0.2126741299586023
25837,GOF,0.00894762305851393,0.791049114797809,0.20000326214367706
25838,GOF,0.019948214574101737,0.8529351166759355,0.12711666874996272
25839,GOF,0.04840914331155908,0.8193471230008103,0.13224373368763065
25840,GOF,0.08677070114676146,0.7843845820283366,0.128844716824902
25841,GOF,0.07741437109202286,0.8259799452060964,0.09660568370188061
25842,GOF,0.027825557380803164,0.89303482524788,0.07913961737131663
25843,GOF,0.025960656472315102,0.8977093999308869,0.07632994359679791
25844,GOF,0.01928974374829041,0.8298379307909212,0.1508723254607885
25845,GOF,0.006794230171361241,0.7349784462061322,0.25822732362250655
25846,GOF,0.06804828062275292,0.8428743162030597,0.0890774031741875
25847,GOF,0.01569397697905033,0.8923108707925429,0.09199515222840697
25848,GOF,0.024728176825010974,0.8428376695656656,0.13243415360932337
25849,GOF,0.007687174932754159,0.8215853566959183,0.1707274683713276
25850,GOF,0.007162792921675538,0.741794561979586,0.25104264509873847
25851,GOF,0.006342427423138941,0.6846186592316053,0.30903891334525585
25852,GOF,0.14681590758729385,0.5611668323169824,0.2920172600957238
25853,GOF,0.05356121466884247,0.8302256134981123,0.11621317183304512
25854,GOF,0.006459538513406264,0.7582535019074024,0.2352869595791914
25855,GOF,0.02239249102476319,0.6476479572485633,0.3299595517266735
25856,GOF,0.04445177296008773,0.7366441772575897,0.21890404978232253
25857,GOF,0.02235552342945139,0.6398653821768993,0.33777909439364934
25858,GOF,0.008910710021188354,0.6207780402387856,0.37031124974002616
25859,GOF,0.00658596080372391,0.5974764293553174,0.3959376098409587
25860,GOF,0.08203926767890082,0.7537634659470016,0.16419726637409754
25861,GOF,0.1016337650133135,0.826016063581974,0.07235017140471244
25862,GOF,0.023038958870023087,0.9078046727245629,0.06915636840541414
25863,GOF,0.018784131479708366,0.8825999909205414,0.09861587759975025
25864,GOF,0.037765210251597264,0.8968218965055383,0.06541289324286438
25865,GOF,0.03853236185883976,0.8697095418260629,0.09175809631509749
25866,GOF,0.01851182224434735,0.8724525176017554,0.10903566015389718
25867,GOF,0.0407421219681447,0.8705712982464314,0.08868657978542384
25868,GOF,0.06263991321260597,0.7908491120276618,0.14651097475973218
25869,GOF,0.30515769614155863,0.5981723780395359,0.09666992581890538
25870,GOF,0.07183088757409731,0.6046994761041617,0.3234696363217409
25871,GOF,0.00885229145259092,0.8317529960010359,0.1593947125463732
25872,GOF,0.022089234757098824,0.8306115365882096,0.1472992286546914
25873,GOF,0.020336582658764625,0.894196924074669,0.08546649326656645
25874,LOF,0.025132394168504296,0.19859719865720707,0.7762704071742886
25875,LOF,0.019083694462463496,0.13256839936543754,0.8483479061720991
25876,LOF,0.022732452400954242,0.05530828687688793,0.9219592607221578
25877,LOF,0.08653121632631988,0.2071231478782868,0.7063456357953932
25878,LOF,0.049399876259257396,0.27496418865696914,0.6756359350837735
25879,LOF,0.009013872140813606,0.18649082941396095,0.8044952984452254
25880,LOF,0.04491623921607642,0.023409949233358065,0.9316738115505656
25881,Neutral,0.5330428455188096,0.10887511883422177,0.3580820356469685
25882,LOF,0.05165499508662512,0.02924418237117046,0.9191008225422045
25883,LOF,0.029951628109726104,0.02652287716457418,0.9435254947256997
25884,LOF,0.018832031293171517,0.03610724418739856,0.9450607245194299
25885,LOF,0.15417177596332987,0.013641633791733858,0.8321865902449364
25886,LOF,0.2771609156278145,0.04872171039405938,0.6741173739781262
25887,LOF,0.08293685152825789,0.16493157629436825,0.7521315721773738
25888,LOF,0.008424020900796025,0.18505851324716088,0.8065174658520432
25889,LOF,0.02761570663316261,0.03137299351346666,0.9410112998533707
25890,LOF,0.19356762172332717,0.07468994622120421,0.7317424320554686
25891,LOF,0.10754752605941427,0.04100900964937999,0.8514434642912057
25892,LOF,0.008689627959419856,0.035614949624469365,0.9556954224161107
25893,LOF,0.2926092133714928,0.012431629772597158,0.6949591568559101
25894,LOF,0.3288577411854789,0.008577146440917803,0.6625651123736033
25895,LOF,0.2744144001371024,0.017632788392142072,0.7079528114707555
25896,LOF,0.0752509466112403,0.0400679943136,0.8846810590751597
25897,LOF,0.12038329455093649,0.015132872243926152,0.8644838332051374
25898,LOF,0.11413655958194004,0.03686861046544561,0.8489948299526144
25899,LOF,0.3795787847574598,0.044707494581510215,0.57571372066103
25900,Neutral,0.6748426583163244,0.017318174026742336,0.3078391676569332
25901,LOF,0.053204136512810106,0.01724039805417605,0.9295554654330139
25902,LOF,0.07143147384976031,0.013580550313825709,0.9149879758364139
25903,LOF,0.1460254032834304,0.0330287055061264,0.8209458912104431
25904,LOF,0.4286559681985235,0.09271568562979872,0.4786283461716777
25905,LOF,0.007711012643871955,0.32939213324996514,0.662896854106163
25906,LOF,0.009032118272116292,0.05340614280402037,0.9375617389238634
25907,LOF,0.0089140065775617,0.22655429402283928,0.7645316993995991
25908,LOF,0.008371083754429628,0.20492723372591826,0.7867016825196521
25909,LOF,0.036199198186888396,0.0947661065335757,0.8690346952795359
25910,LOF,0.015898422890806247,0.10608166122451701,0.8780199158846766
25911,LOF,0.17748630576615937,0.028801458875947296,0.7937122353578934
25912,LOF,0.13525970922463013,0.027071934023056667,0.8376683567523132
25913,LOF,0.018965769268748555,0.030720857856705298,0.9503133728745461
25914,LOF,0.04333367928062872,0.02654417525994054,0.9301221454594308
25915,LOF,0.20589125914956666,0.2379719303435364,0.5561368105068969
25916,LOF,0.013612040306888742,0.1304070459817473,0.855980913711364
25917,LOF,0.06803871031793439,0.03635892353262827,0.8956023661494373
25918,LOF,0.049476269858624224,0.016770495017225363,0.9337532351241504
25919,LOF,0.0395533367744085,0.018603982591010884,0.9418426806345807
25920,LOF,0.37716382860563963,0.17776817232300765,0.44506799907135264
25921,LOF,0.019990383320755797,0.02121269673533082,0.9587969199439134
25922,LOF,0.020325773635993208,0.020448236450941723,0.9592259899130652
25923,LOF,0.45320280728726275,0.011492853323109287,0.535304339389628
25924,LOF,0.027970288713122557,0.018248551389036537,0.953781159897841
25925,LOF,0.115167653516623,0.023932848786270205,0.8608994976971068
25926,LOF,0.09424256981159855,0.017854356816021717,0.8879030733723798
25927,LOF,0.02717438763545794,0.027480262230027305,0.9453453501345148
25928,LOF,0.014640785666544481,0.012273689788126981,0.9730855245453285
25929,Neutral,0.5829177608357287,0.011451211601059169,0.40563102756321223
25930,LOF,0.06058263544455762,0.011155608191726745,0.9282617563637156
25931,LOF,0.015212469825205173,0.01159544254886544,0.9731920876259295
25932,LOF,0.07423795132632081,0.010435007608478734,0.9153270410652005
25933,LOF,0.0806180419602158,0.006796377761744936,0.9125855802780393
25934,LOF,0.08258272980944954,0.007485306815017293,0.9099319633755331
25935,LOF,0.10796017119106999,0.020315168943388404,0.8717246598655416
25936,LOF,0.0936547561680146,0.007592108762029381,0.898753135069956
25937,LOF,0.017053542173623277,0.01608825574136881,0.9668582020850078
25938,LOF,0.10758247926267354,0.0185142275676697,0.8739032931696566
25939,LOF,0.06216095239210344,0.013020389260918691,0.924818658346978
25940,GOF,0.010226006146638053,0.5001759864477562,0.4895980074056057
25941,Neutral,0.48645703216603003,0.03362126441567532,0.4799217034182946
25942,LOF,0.013066363956092817,0.05062922789668698,0.9363044081472202
25943,LOF,0.05405663995316476,0.1525698992207081,0.793373460826127
25944,LOF,0.0475960655744274,0.10401954541699214,0.8483843890085805
25945,LOF,0.18561176017334052,0.025756298958278866,0.7886319408683807
25946,LOF,0.08577487938973653,0.05681761307211203,0.8574075075381514
25947,Neutral,0.5231518697785037,0.12200255227388547,0.35484557794761096
25948,LOF,0.48519157401287166,0.020642457263884566,0.49416596872324386
25949,LOF,0.11588214592347858,0.04498841126282451,0.839129442813697
25950,GOF,0.0905742165833383,0.6529659099663709,0.2564598734502908
25951,LOF,0.01412934898950472,0.4877061189642303,0.4981645320462651
25952,LOF,0.15201507643522394,0.2838754936565171,0.564109429908259
25953,LOF,0.007340086982068004,0.32383844643807286,0.6688214665798591
25954,LOF,0.05750005434331793,0.46956573340221636,0.4729342122544657
25955,LOF,0.007953598868385814,0.34538788555007244,0.6466585155815417
25956,LOF,0.009994887206844785,0.36229436789376906,0.6277107448993862
25957,LOF,0.16365452599574234,0.05052352954199828,0.7858219444622593
25958,LOF,0.024170065417789512,0.06336299204779505,0.9124669425344155
25959,GOF,0.006582335014828278,0.7200612543098114,0.27335641067536015
25960,LOF,0.005414735353037943,0.11918637550599029,0.8753988891409719
25961,LOF,0.025391185089305615,0.06610432970166497,0.9085044852090294
25962,LOF,0.039690244526700065,0.10707836453990636,0.8532313909333935
25963,LOF,0.010130670526998058,0.16524432045442974,0.8246250090185722
25964,LOF,0.04355262722160665,0.08914332048131396,0.8673040522970793
25965,LOF,0.19022076182034608,0.1377143763919417,0.6720648617877122
25966,LOF,0.3548034053748195,0.11962930052690549,0.525567294098275
25967,LOF,0.0071038677512584,0.10595903699053985,0.8869370952582017
25968,LOF,0.06265180409585396,0.27260901076706756,0.6647391851370785
25969,LOF,0.15698008803249502,0.07542746775049063,0.7675924442170143
25970,LOF,0.053618679144972425,0.07007116690607003,0.8763101539489576
25971,LOF,0.06555080384504326,0.030435686108557573,0.9040135100463991
25972,LOF,0.06716194963543835,0.034412135858313764,0.8984259145062479
25973,LOF,0.08577965295539586,0.013143167365471246,0.9010771796791329
25974,LOF,0.0653063244462374,0.04577562325645283,0.8889180522973099
25975,LOF,0.02726378360148996,0.01632661737350524,0.9564095990250049
25976,LOF,0.08710945533898651,0.013979313662582735,0.8989112309984307
25977,LOF,0.24674438910935553,0.07058649974518633,0.6826691111454583
25978,LOF,0.16358524167008423,0.13726516534139632,0.6991495929885194
25979,LOF,0.12459013962835237,0.13765660790372886,0.7377532524679189
25980,LOF,0.1987611792116443,0.2522525351529356,0.54898628563542
25981,LOF,0.1996993522378714,0.25771243976047675,0.5425882080016519
25982,LOF,0.28019971154693213,0.12226653320839395,0.597533755244674
25983,Neutral,0.46556590081054433,0.10844011414365096,0.4259939850458046
25984,LOF,0.06282545765176674,0.06619576422336797,0.8709787781248653
25985,Neutral,0.46924644749297106,0.11362579019911545,0.41712776230791354
25986,LOF,0.012771805326112922,0.38394674176399174,0.6032814529098953
25987,LOF,0.035386801644292754,0.08841793003313236,0.8761952683225749
25988,LOF,0.046008868444240875,0.11240081798286969,0.8415903135728894
25989,LOF,0.04497668035508162,0.13316177998128118,0.8218615396636372
25990,LOF,0.04836528402096328,0.25245197133482805,0.6991827446442087
25991,GOF,0.021369409877403805,0.5801111406045787,0.39851944951801743
25992,LOF,0.010478113454943577,0.44644357082101194,0.5430783157240444
25993,LOF,0.02025334850723756,0.0740106697549457,0.9057359817378168
25994,LOF,0.02755392344029876,0.08632551367045686,0.8861205628892445
25995,LOF,0.019011066818403408,0.1419625530068743,0.8390263801747224
25996,GOF,0.30718016667948883,0.47366315939478937,0.2191566739257218
25997,GOF,0.055503184639704314,0.6271168466505882,0.3173799687097074
25998,LOF,0.234250072563725,0.030808046938179835,0.7349418804980953
25999,LOF,0.02510107182459638,0.2648212211506625,0.710077707024741
26000,LOF,0.14662574685704494,0.016160620921269124,0.837213632221686
26001,LOF,0.1616609462569133,0.020809503246987753,0.8175295504960989
26002,LOF,0.1054353160353627,0.018051627262880086,0.8765130567017573
26003,GOF,0.005485653983104927,0.578019861868609,0.41649448414828605
26004,GOF,0.013838964397559135,0.6046605655021788,0.38150047010026206
26005,GOF,0.004939708596831752,0.5116864405975844,0.4833738508055839
26006,GOF,0.0774717806262712,0.5406460138111444,0.38188220556258445
26007,GOF,0.008357165774704143,0.550300531995105,0.44134230223019094
26008,GOF,0.0059831125828971,0.597715310953815,0.39630157646328784
26009,GOF,0.010742744923025186,0.626939599058638,0.36231765601833665
26010,GOF,0.009100207582587864,0.5542453267174606,0.4366544656999514
26011,LOF,0.00517654213355392,0.40799991423035004,0.586823543636096
26012,GOF,0.004876233366729822,0.5213081197555288,0.47381564687774125
26013,GOF,0.00983509774469906,0.5030719951966695,0.48709290705863156
26014,LOF,0.05894587569089026,0.08232648057979013,0.8587276437293196
26015,LOF,0.3614474068926859,0.026542799025785407,0.6120097940815288
26016,LOF,0.25478918580805726,0.04904101796362292,0.6961697962283199
26017,LOF,0.01459051792856023,0.17516821098604793,0.8102412710853919
26018,LOF,0.01962790354379786,0.09314029588436502,0.887231800571837
26019,LOF,0.01986466228334915,0.08242729355755399,0.8977080441590969
26020,LOF,0.006433716362743631,0.166363975148398,0.8272023084888582
26021,LOF,0.07571872864556449,0.08351368142080032,0.8407675899336352
26022,LOF,0.04213322675637766,0.03559548675798351,0.9222712864856388
26023,LOF,0.03161250888801051,0.07091383886022865,0.8974736522517608
26024,LOF,0.048764554042376125,0.06151209385371402,0.88972335210391
26025,LOF,0.13732714699125967,0.06670362176703569,0.7959692312417046
26026,LOF,0.11656489123913548,0.05192916850853529,0.8315059402523293
26027,LOF,0.027491972034809953,0.04114581319287987,0.9313622147723101
26028,LOF,0.08423078808185917,0.19892663355020895,0.7168425783679319
26029,LOF,0.03726512398618686,0.16546629603616014,0.797268579977653
26030,LOF,0.12228866646920275,0.018319106290831312,0.8593922272399659
26031,LOF,0.015086100286071442,0.15570220918669397,0.8292116905272346
26032,LOF,0.030003803915256234,0.027133272986135302,0.9428629230986085
26033,LOF,0.04917021566108961,0.04541071649380379,0.9054190678451066
26034,LOF,0.021558906488003255,0.1025418669518515,0.8758992265601453
26035,LOF,0.012781588602629212,0.12135104022782002,0.8658673711695507
26036,LOF,0.011995301864526084,0.09650674102106792,0.891497957114406
26037,LOF,0.011748725010898275,0.1033537051700215,0.8848975698190803
26038,LOF,0.026300326390948807,0.026685083475456724,0.9470145901335945
26039,LOF,0.03341468336449711,0.14228160542701823,0.8243037112084848
26040,LOF,0.07710582199006732,0.16507888874149929,0.7578152892684333
26041,LOF,0.014253260103664771,0.1074162528200745,0.8783304870762607
26042,LOF,0.013025703777091793,0.11231751784475752,0.8746567783781507
26043,LOF,0.025770805740097276,0.04923482433298951,0.9249943699269132
26044,LOF,0.008115310381109703,0.05406637427233591,0.9378183153465544
26045,LOF,0.08863158808449027,0.22001391240406046,0.6913544995114492
26046,LOF,0.025656185547071723,0.04653872158160715,0.9278050928713212
26047,LOF,0.07507547077449055,0.045896862692647276,0.8790276665328622
26048,LOF,0.0854004599504982,0.023434862006979734,0.891164678042522
26049,Neutral,0.9368345312310378,0.005902046827695497,0.05726342194126672
26050,Neutral,0.8939162895913115,0.007260714960887465,0.09882299544780104
26051,LOF,0.030206099153495872,0.31752849936366084,0.6522654014828432
26052,LOF,0.0360300991032976,0.2240758114324687,0.7398940894642337
26053,LOF,0.02266188698988773,0.1520879210181675,0.8252501919919448
26054,LOF,0.05799099223953834,0.07494964276018411,0.8670593650002775
26055,LOF,0.07738311675782719,0.08169270002801439,0.8409241832141584
26056,LOF,0.07385284245658022,0.08652469643221028,0.8396224611112095
26057,LOF,0.04529243042524041,0.021318015241327704,0.933389554333432
26058,LOF,0.050235636062719004,0.016946899558564526,0.9328174643787165
26059,LOF,0.2610426227794567,0.09712073537788754,0.6418366418426559
26060,LOF,0.018851006203667274,0.2088073826153151,0.7723416111810176
26061,LOF,0.013304131946963955,0.014313335481666344,0.9723825325713696
26062,LOF,0.00619332839018532,0.028797212955180822,0.9650094586546338
26063,LOF,0.042587604383120356,0.01617079182893599,0.9412416037879437
26064,LOF,0.008661894804656945,0.019278214560003816,0.9720598906353392
26065,LOF,0.04720091646856548,0.023805730409562843,0.9289933531218717
26066,LOF,0.04040898170285274,0.01476318389449682,0.9448278344026504
26067,LOF,0.04400571727190208,0.016667843810559864,0.9393264389175382
26068,LOF,0.05612347632915237,0.05911920962158179,0.8847573140492659
26069,LOF,0.20134338856438785,0.04877719155196099,0.7498794198836511
26070,LOF,0.47762750388742153,0.027011634897136618,0.4953608612154417
26071,LOF,0.05009541842791408,0.020839723715655865,0.92906485785643
26072,LOF,0.0085916602257238,0.024619424277795444,0.9667889154964808
26073,LOF,0.048907431772522936,0.01597531183727108,0.9351172563902059
26074,Neutral,0.7041947598666856,0.021369042969794548,0.2744361971635199
26075,LOF,0.046710760369066365,0.041515287473277464,0.9117739521576562
26076,LOF,0.04900522569211666,0.021123526635046425,0.9298712476728369
26077,LOF,0.1854857408480529,0.021492833374909544,0.7930214257770375
26078,LOF,0.006738763672590929,0.030892727837061453,0.9623685084903475
26079,LOF,0.06230087642686824,0.04172418966475386,0.895974933908378
26080,LOF,0.06070425188500024,0.04177267615837645,0.8975230719566233
26081,LOF,0.04905191873585613,0.017475233543652186,0.9334728477204918
26082,LOF,0.006870664644728206,0.029902274894379206,0.9632270604608926
26083,LOF,0.06682182737900427,0.03481298897181769,0.8983651836491781
26084,LOF,0.0759162228849563,0.022089373783369157,0.9019944033316746
26085,LOF,0.06538302443833267,0.018328774708262236,0.9162882008534051
26086,LOF,0.04163857251093174,0.02359792824361451,0.9347634992454538
26087,LOF,0.04236540694674643,0.019393510698890264,0.9382410823543633
26088,LOF,0.007514729828962674,0.043617576787272114,0.9488676933837652
26089,LOF,0.04169260535273086,0.06149635247217237,0.8968110421750968
26090,LOF,0.041648777518559804,0.05252526277872437,0.9058259597027158
26091,LOF,0.03321927127015512,0.01687864343907261,0.9499020852907724
26092,LOF,0.044644256811931994,0.014856187692203133,0.940499555495865
26093,LOF,0.06645599457858051,0.009680521610865063,0.9238634838105544
26094,LOF,0.04365524763003626,0.012688420457461873,0.9436563319125018
26095,LOF,0.01473306092321725,0.034103848946798423,0.9511630901299843
26096,LOF,0.2916625221414026,0.006409222755785798,0.7019282551028116
26097,LOF,0.007357683258452154,0.061735092665422577,0.9309072240761251
26098,LOF,0.06109527831893223,0.04076535131422258,0.8981393703668451
26099,LOF,0.05170255611411099,0.04232244720954626,0.9059749966763427
26100,LOF,0.05170255611411099,0.04232244720954626,0.9059749966763427
26101,LOF,0.054344521742819875,0.054771477531892036,0.8908840007252881
26102,LOF,0.04223452133587149,0.02382401692647418,0.9339414617376542
26103,Neutral,0.8959083904148432,0.04519169109971475,0.05889991848544196
26104,LOF,0.05197553861500022,0.10284905863621056,0.8451754027487893
26105,LOF,0.24918803482232524,0.06785043703576643,0.6829615281419084
26106,LOF,0.2875491783534532,0.038351416856168996,0.6740994047903777
26107,LOF,0.01758405835298654,0.06369172343060032,0.918724218216413
26108,LOF,0.17289847451233184,0.060970873522070826,0.7661306519655973
26109,LOF,0.04803165544723316,0.06435988532472835,0.8876084592280384
26110,Neutral,0.4989370194439773,0.01711532386172545,0.4839476566942972
26111,LOF,0.048526118745020885,0.10955599817926873,0.8419178830757105
26112,LOF,0.06976971699777443,0.014405690785778844,0.9158245922164467
26113,LOF,0.07025231353918837,0.026458189786008203,0.9032894966748035
26114,LOF,0.10084213518854632,0.010410099681919152,0.8887477651295346
26115,LOF,0.019852770347388523,0.06183786232807429,0.9183093673245373
26116,LOF,0.05668157019510981,0.019222808633810387,0.9240956211710797
26117,LOF,0.3961414118321747,0.046155204520392505,0.5577033836474329
26118,LOF,0.04140814372940059,0.02326805880093733,0.9353237974696622
26119,LOF,0.0062214562977453095,0.09240085480660022,0.9013776888956546
26120,LOF,0.03397059937595207,0.018449247850494222,0.9475801527735537
26121,LOF,0.004475886030774806,0.1157257371575993,0.879798376811626
