feature0,prediction,LoGoFunc_Neutral,LoGoFunc_GOF,LoGoFunc_LOF
25546,Neutral,0.6648819471367559,0.0663761167307481,0.2687419361324961
25547,LOF,0.32676576876215274,0.27711628984592007,0.3961179413919272
25548,LOF,0.280181702631728,0.15719110814869522,0.5626271892195769
25549,LOF,0.19549532223772126,0.18597472888994268,0.618529948872336
25550,Neutral,0.6097927765693316,0.06980099424078308,0.32040622918988526
25551,Neutral,0.47129433747445354,0.06584075476772466,0.46286490775782185
25552,LOF,0.10718675892329985,0.14939961568931023,0.74341362538739
25553,LOF,0.4648082981816298,0.07018594032483297,0.4650057614935372
25554,LOF,0.14320924799913626,0.22080266760103892,0.6359880843998248
25555,LOF,0.10598166090014632,0.13863963593093492,0.7553787031689188
25556,LOF,0.16829301234885194,0.17498676541280897,0.656720222238339
25557,LOF,0.09306744095132799,0.14432663824431724,0.7626059208043547
25558,LOF,0.16554489555746502,0.17290414986755304,0.661550954574982
25559,Neutral,0.5288827255047147,0.13341876553455928,0.3376985089607261
25560,LOF,0.06106043855284161,0.21875104577733923,0.7201885156698192
25561,LOF,0.09247715794519606,0.21951336681210645,0.6880094752426976
25562,LOF,0.2918372331003167,0.07374142727527963,0.6344213396244036
25563,Neutral,0.569041526600229,0.06675082095025907,0.3642076524495119
25564,LOF,0.045020054913505574,0.316159764730739,0.6388201803557554
25565,LOF,0.13957548559716715,0.2985744230275782,0.5618500913752547
25566,GOF,0.03500952910187927,0.6096295205814917,0.35536095031662907
25567,LOF,0.3187865837566882,0.0841416372379604,0.5970717790053514
25568,Neutral,0.702794801995858,0.0742720855851351,0.2229331124190069
25569,Neutral,0.6853114062758026,0.05340817055189774,0.26128042317229955
25570,LOF,0.05635974612821745,0.28050417515192694,0.6631360787198556
25571,LOF,0.054595166632722666,0.2623733924392926,0.6830314409279847
25572,Neutral,0.3578857892655396,0.30597369652574574,0.3361405142087147
25573,LOF,0.3973571593832306,0.08182795147872891,0.5208148891380405
25574,GOF,0.09368407922746973,0.4535991733267385,0.4527167474457919
25575,LOF,0.07893542295047584,0.0813753389860151,0.8396892380635091
25576,LOF,0.3039232408949176,0.05040612720290833,0.6456706319021741
25577,LOF,0.4196404319414605,0.14714530879213278,0.4332142592664068
25578,Neutral,0.44179074267524837,0.20030550397575675,0.357903753348995
25579,Neutral,0.44179074267524837,0.20030550397575675,0.357903753348995
25580,LOF,0.048483383578691454,0.10082985277554403,0.8506867636457645
25581,Neutral,0.7123925848636457,0.054925812070054064,0.23268160306630026
25582,Neutral,0.7123925848636457,0.054925812070054064,0.23268160306630026
25583,LOF,0.05978410240512412,0.11793540469493545,0.8222804928999404
25584,LOF,0.33300329016796487,0.28389762240706007,0.38309908742497495
25585,LOF,0.2852897614283043,0.06591390955445287,0.6487963290172427
25586,LOF,0.06383738937432151,0.134075102075619,0.8020875085500595
25587,LOF,0.051128194646556026,0.13966685128367234,0.8092049540697716
25588,LOF,0.05502452629018643,0.20331420746076223,0.7416612662490513
25589,Neutral,0.684438466290369,0.14308371731368297,0.17247781639594806
25590,LOF,0.2724953063875436,0.18951099504168725,0.5379936985707692
25591,Neutral,0.683483190576132,0.0761849552269552,0.2403318541969129
25592,LOF,0.05161288003566621,0.12080476448801308,0.8275823554763206
25593,GOF,0.036229857429326766,0.6415312450359889,0.3222388975346845
25594,Neutral,0.7083320350408252,0.0457705415854172,0.24589742337375772
25595,Neutral,0.6889382061562068,0.05901369959688183,0.2520480942469114
25596,Neutral,0.5566253920727727,0.09084240975128012,0.35253219817594716
25597,Neutral,0.4830951296738599,0.049067913141497395,0.46783695718464274
25598,Neutral,0.7460823090034306,0.045200185781514135,0.20871750521505528
25599,GOF,0.06795867120084952,0.6455985079261966,0.28644282087295403
25600,GOF,0.04500866889163078,0.5547814723327352,0.400209858775634
25601,GOF,0.02614349801801759,0.5859454484578334,0.38791105352414906
25602,LOF,0.3975824065813298,0.055213635488054136,0.547203957930616
25603,LOF,0.07719813773515931,0.19074101228294593,0.7320608499818947
25604,Neutral,0.46380200315445774,0.14054770807110356,0.39565028877443864
25605,LOF,0.021924548539532074,0.3317348036120085,0.6463406478484593
25606,LOF,0.025947111803273887,0.39041200645901175,0.5836408817377143
25607,LOF,0.037393649218649745,0.2962151451489834,0.6663912056323669
25608,LOF,0.29625210063712853,0.23878085739949728,0.4649670419633741
25609,LOF,0.1343686397983529,0.187375826030902,0.6782555341707451
25610,LOF,0.06764939300630542,0.0950372428339087,0.8373133641597859
25611,LOF,0.04913973290169084,0.1597766446033614,0.7910836224949477
25612,Neutral,0.6580220146248509,0.06774207522487272,0.2742359101502764
25613,Neutral,0.6249538046172092,0.06581531829206838,0.30923087709072233
25614,LOF,0.06860599839258197,0.12749720421447613,0.803896797392942
25615,LOF,0.3543069760263765,0.08774108005474678,0.5579519439188767
25616,LOF,0.04771291939664691,0.3144349964215335,0.6378520841818195
25617,LOF,0.0602103337662487,0.08543333716732654,0.8543563290664249
25618,LOF,0.05026439217556057,0.2936706650847635,0.6560649427396759
25619,LOF,0.05678902610584689,0.17277178324671508,0.770439190647438
25620,LOF,0.055152028079550726,0.17589841545353893,0.7689495564669103
25621,LOF,0.4197631899706054,0.03538284386287809,0.5448539661665166
25622,LOF,0.36227170597060293,0.08792181172008083,0.5498064823093162
25623,Neutral,0.4980186310006828,0.11733226221609852,0.3846491067832188
25624,LOF,0.04721845035195149,0.19099339892193434,0.7617881507261142
25625,LOF,0.4360756715953037,0.05654080516683289,0.5073835232378634
25626,Neutral,0.650492423493749,0.057755665712957545,0.2917519107932933
25627,GOF,0.025476802169368356,0.5488266344317286,0.42569656339890294
25628,LOF,0.28322172130089013,0.1975894913887738,0.5191887873103361
25629,Neutral,0.6920443059189025,0.057728192704119365,0.25022750137697813
25630,LOF,0.05592637990622846,0.24718683332816804,0.6968867867656034
25631,Neutral,0.4554333681429889,0.24181709447034522,0.3027495373866659
25632,LOF,0.4077289986959234,0.036705633321256294,0.5555653679828203
25633,LOF,0.2761409577861524,0.3612494847539017,0.36260955745994594
25634,Neutral,0.6975401134852639,0.07575852942330301,0.22670135709143316
25635,LOF,0.06227537018389264,0.0811486438798497,0.8565759859362577
25636,GOF,0.07491159295734054,0.7061765050635964,0.21891190197906302
25637,LOF,0.05083150062243972,0.34700564079852053,0.6021628585790397
25638,GOF,0.024590766019226516,0.7222848257697414,0.25312440821103205
25639,LOF,0.05723792359002346,0.35622232502352064,0.5865397513864559
25640,GOF,0.1368040721359062,0.7564247456346339,0.10677118222945986
25641,GOF,0.05405094685991103,0.5914454852876877,0.35450356785240117
25642,Neutral,0.6355138039428766,0.13535550546268904,0.22913069059443442
25643,LOF,0.3948423874885729,0.04451572250723945,0.5606418900041876
25644,GOF,0.05793850751164179,0.5786916663316339,0.36336982615672425
25645,GOF,0.02362669747729116,0.6161265323184811,0.3602467702042277
25646,LOF,0.035364033812362215,0.3928385526025376,0.5717974135851002
25647,GOF,0.06369731910600117,0.5376861496822681,0.39861653121173074
25648,GOF,0.04427947457899567,0.7827102702033634,0.17301025521764082
25649,GOF,0.03287137069881656,0.6224078691813502,0.34472076011983327
25650,GOF,0.07683316803052084,0.5608577258682143,0.36230910610126493
25651,GOF,0.02321747900201516,0.5593689292896592,0.41741359170832565
25652,LOF,0.05055426583603563,0.3104682301711745,0.6389775039927899
25653,LOF,0.0951464736914699,0.4111202705866832,0.49373325572184684
25654,GOF,0.08788021507656828,0.6124424402280996,0.2996773446953322
25655,GOF,0.06362141610350287,0.672357815659455,0.26402076823704207
25656,LOF,0.03624395118495966,0.26317408117131524,0.700581967643725
25657,Neutral,0.6570048084614574,0.030024415086626823,0.31297077645191573
25658,LOF,0.041630964683943006,0.4417364725058783,0.5166325628101788
25659,LOF,0.1742984548720862,0.1717920876762655,0.6539094574516483
25660,LOF,0.09840932099670918,0.2169819230510043,0.6846087559522865
25661,LOF,0.08123086111790725,0.09178490247834042,0.8269842364037523
25662,LOF,0.054268244895604334,0.12000285914572982,0.8257288959586658
25663,LOF,0.08115695538792796,0.10125613297086046,0.8175869116412116
25664,LOF,0.23945389707150144,0.1585138088975446,0.6020322940309539
25665,Neutral,0.6136514271923961,0.07889485884155716,0.30745371396604676
25666,LOF,0.33098404843255974,0.06380150465961566,0.6052144469078247
25667,LOF,0.04659997886989967,0.08203844688567291,0.8713615742444274
25668,LOF,0.05105811940260298,0.1004481595002462,0.8484937210971507
25669,LOF,0.04952790445315229,0.13312968042760215,0.8173424151192455
25670,LOF,0.4289444412978581,0.07106658016384858,0.4999889785382932
25671,LOF,0.06790176284721167,0.17680372394750277,0.7552945132052856
25672,Neutral,0.6270630157516752,0.0785669219864803,0.2943700622618443
25673,LOF,0.2523335084111628,0.13766424625555723,0.61000224533328
25674,LOF,0.39967997030743696,0.11848446140774879,0.4818355682848143
25675,LOF,0.39270025607157283,0.10905227161055453,0.49824747231787275
25676,LOF,0.05493571781702053,0.12968784073401052,0.8153764414489689
25677,LOF,0.06976541805499334,0.12034472418928154,0.8098898577557251
25678,Neutral,0.4985448727882571,0.12556404621680528,0.3758910809949377
25679,Neutral,0.5873040774010538,0.10234608040941698,0.3103498421895292
25680,LOF,0.110594299889302,0.16856406416368305,0.7208416359470149
25681,LOF,0.11599869666888354,0.1765885274121277,0.7074127759189888
25682,LOF,0.07581662267716849,0.12425371186433207,0.7999296654584994
25683,LOF,0.4282197776932802,0.0987645212506264,0.47301570105609336
25684,LOF,0.11348554765459036,0.24932939193569223,0.6371850604097173
25685,Neutral,0.4476258584865146,0.12014850688039574,0.43222563463308966
25686,GOF,0.05323344615165203,0.5544141131676812,0.3923524406806667
25687,GOF,0.1006655306919554,0.53152763286578,0.3678068364422647
25688,LOF,0.026044331710948786,0.42089038571074316,0.5530652825783081
25689,LOF,0.030306898457502056,0.4081229790657625,0.5615701224767354
25690,GOF,0.015005170261054388,0.6226697126590833,0.36232511707986237
25691,GOF,0.043663235299169385,0.50096741372852,0.4553693509723106
25692,Neutral,0.5263540758548667,0.0749477628360038,0.3986981613091295
25693,GOF,0.1065654611226323,0.6582761341649167,0.2351584047124509
25694,LOF,0.42219329972631964,0.02980761228171457,0.5479990879919657
25695,LOF,0.20883345024861918,0.09449426238639955,0.6966722873649812
25696,Neutral,0.4673907284891502,0.0717511313607936,0.4608581401500562
25697,Neutral,0.502702423678928,0.15604072305711378,0.34125685326395816
25698,GOF,0.04550503133864606,0.7710993973466321,0.1833955713147218
25699,GOF,0.046880336902548794,0.6567219498590043,0.2963977132384469
25700,LOF,0.06356822396859942,0.10355069760466348,0.8328810784267371
25701,GOF,0.041051590715908054,0.5131984487211165,0.44574996056297556
25702,GOF,0.11383270481335965,0.7301435914083716,0.1560237037782688
25703,LOF,0.4294687700033351,0.03575429862680446,0.5347769313698605
25704,LOF,0.06552753745969316,0.12121147747947761,0.8132609850608292
25705,LOF,0.11475897968504117,0.20645959089494056,0.6787814294200182
25706,GOF,0.03999278148228164,0.6537041053513772,0.3063031131663412
25707,LOF,0.024395145437009387,0.4276041765775665,0.5480006779854241
25708,LOF,0.029436914782982635,0.45686800775779357,0.5136950774592237
25709,LOF,0.06043234685519783,0.10406391760086336,0.8355037355439388
25710,Neutral,0.4253702052152375,0.20853737438328895,0.36609242040147355
25711,LOF,0.0553385483646023,0.2955181135127677,0.6491433381226299
25712,Neutral,0.6500269661206899,0.07730772798777624,0.2726653058915339
25713,LOF,0.06471471580006319,0.2194348265799046,0.7158504576200322
25714,LOF,0.053130529949490475,0.44561546659152546,0.5012540034589842
25715,LOF,0.04495470312729952,0.330334848748971,0.6247104481237294
25716,LOF,0.4237260700663801,0.10879016945918529,0.4674837604744345
25717,Neutral,0.5140045629169542,0.20559260152313472,0.28040283555991125
25718,LOF,0.056278958043843544,0.1539443239015867,0.7897767180545697
25719,LOF,0.05848010330135784,0.18533431888092405,0.756185577817718
25720,LOF,0.06098361171415415,0.1654813225617278,0.773535065724118
25721,LOF,0.04090590849821348,0.11419089842368135,0.8449031930781051
25722,LOF,0.06816077031933522,0.12893544413062613,0.8029037855500386
25723,LOF,0.058945285555163596,0.2923193841056897,0.6487353303391467
25724,LOF,0.061747361188628745,0.28315318631785735,0.6550994524935139
25725,LOF,0.09708273826182374,0.13596854448672993,0.7669487172514464
25726,LOF,0.04992052810457877,0.18947014842607188,0.7606093234693493
25727,LOF,0.0653293210381698,0.09208319897654944,0.8425874799852807
25728,LOF,0.04720323777913767,0.1951777255338593,0.7576190366870029
25729,LOF,0.04730394870536127,0.19182932702128755,0.7608667242733512
25730,LOF,0.04195024244096181,0.23143319839009588,0.7266165591689423
25731,LOF,0.3046909219491522,0.07347700143755224,0.6218320766132956
25732,LOF,0.07044181935528339,0.07906838776652604,0.8504897928781906
25733,LOF,0.03803539752009457,0.4179177562440687,0.5440468462358368
25734,LOF,0.3220835384341524,0.0810432205902872,0.5968732409755604
25735,LOF,0.04616795148634295,0.13436192531056992,0.8194701232030871
25736,LOF,0.049118475523316316,0.22315898361862413,0.7277225408580595
25737,LOF,0.06738150020164087,0.18859082214218625,0.744027677656173
25738,LOF,0.05737854582888009,0.23638183344176286,0.706239620729357
25739,LOF,0.05877490417183519,0.18852728626092316,0.7526978095672417
25740,LOF,0.0796593058044828,0.2283226488739242,0.6920180453215931
25741,LOF,0.08900500741996799,0.17014751901785785,0.7408474735621743
25742,LOF,0.10357317129684393,0.24617048396659882,0.6502563447365572
25743,LOF,0.3118289336863124,0.06100542387908681,0.6271656424346008
25744,GOF,0.06906713197251328,0.6582423402680222,0.2726905277594646
25745,GOF,0.032242897928844244,0.7060265790112886,0.26173052305986716
25746,GOF,0.04528344011464856,0.7166082181619325,0.238108341723419
25747,LOF,0.05406019736847606,0.1281935873209069,0.8177462153106171
25748,GOF,0.2659356883884006,0.37781375927110444,0.3562505523404949
25749,GOF,0.03150426924337525,0.6836187124995959,0.28487701825702877
25750,GOF,0.03835321265485887,0.6842139782137274,0.2774328091314137
25751,LOF,0.05703222516226944,0.2835454250665619,0.6594223497711686
25752,LOF,0.28359867385959203,0.34265953718289877,0.37374178895750926
25753,LOF,0.2725002779656408,0.06877886120573344,0.6587208608286258
25754,GOF,0.03484606002775301,0.701739261306185,0.26341467866606194
25755,LOF,0.26015680255213136,0.19727045107265784,0.5425727463752108
25756,Neutral,0.6734985139566827,0.06690128705130069,0.2596001989920166
25757,GOF,0.04822174165156705,0.6449281620309621,0.30685009631747084
25758,GOF,0.037278886157321875,0.7117525932107356,0.2509685206319426
25759,GOF,0.026322327521869693,0.58823490232072,0.38544277015741035
25760,LOF,0.28754828309979535,0.07767578356489527,0.6347759333353094
25761,GOF,0.02533779723946142,0.6731732324016317,0.3014889703589067
25762,Neutral,0.6975401134852639,0.07575852942330301,0.22670135709143316
25763,LOF,0.3329240223083093,0.07861413480978531,0.5884618428819054
25764,GOF,0.2856697832566623,0.4396570805211307,0.27467313622220685
25765,GOF,0.026571539171248715,0.685616602406507,0.28781185842224427
25766,GOF,0.0632712016753449,0.658775166415133,0.27795363190952205
25767,GOF,0.03585272013312508,0.761877696235893,0.20226958363098196
25768,LOF,0.04225387526941098,0.2715626962744851,0.686183428456104
25769,LOF,0.0617726934031082,0.12722449613631565,0.8110028104605761
25770,Neutral,0.6267584511340442,0.06602677022959604,0.3072147786363597
25771,LOF,0.250187793648737,0.08849652051743875,0.6613156858338243
25772,LOF,0.0669749448017776,0.049798445220985636,0.8832266099772367
25773,LOF,0.43863245500756415,0.05564745822889244,0.5057200867635434
25774,Neutral,0.6705839377481843,0.08256641054665054,0.24684965170516515
25775,LOF,0.30518657186098425,0.06286409723349999,0.6319493309055157
25776,LOF,0.046999509098448494,0.08864810415889224,0.8643523867426592
25777,Neutral,0.6353683253208282,0.05422476541074511,0.3104069092684267
25778,LOF,0.07312376773063162,0.07823415296827961,0.8486420793010888
25779,GOF,0.12749031947777212,0.6745359562347911,0.19797372428743676
25780,GOF,0.056468810375293825,0.778210700817189,0.1653204888075172
25781,GOF,0.05744551479914753,0.6744378980353053,0.2681165871655472
25782,GOF,0.04891672955338761,0.61225435914774,0.3388289112988724
25783,GOF,0.13688646111096842,0.6520597503098919,0.21105378857913962
25784,GOF,0.1770102025455501,0.6462188276857201,0.17677096976872972
25785,GOF,0.07117956828759485,0.7227236913699931,0.206096740342412
25786,GOF,0.050006405587231094,0.6286021851150627,0.32139140929770615
25787,GOF,0.048643553669233695,0.47669997073582526,0.474656475594941
25788,LOF,0.055441717583089516,0.17201402250330797,0.7725442599136025
25789,GOF,0.045915415310614605,0.7576259525904293,0.19645863209895614
25790,GOF,0.04319575825685575,0.7091044521009219,0.24769978964222233
25791,GOF,0.02584837564005137,0.6913873500724238,0.2827642742875248
25792,GOF,0.025837874781977382,0.6809008012183838,0.2932613239996389
25793,GOF,0.030215828788713286,0.7090063813734825,0.2607777898378043
25794,GOF,0.060765383356958844,0.7324615211637946,0.2067730954792465
25795,GOF,0.10541772418063675,0.6473215527458205,0.2472607230735428
25796,GOF,0.06082966066669541,0.7091806351533323,0.22998970417997228
25797,GOF,0.05528146841502969,0.66932915052113,0.27538938106384026
25798,GOF,0.08047953728494646,0.7489074991748358,0.17061296354021768
25799,GOF,0.11894645315402289,0.7331003793436947,0.14795316750228243
25800,GOF,0.10734228612698894,0.7603814366952313,0.13227627717777987
25801,GOF,0.07540233290691012,0.7556066834258047,0.168990983667285
25802,GOF,0.09136930412706641,0.7236207534872696,0.185009942385664
25803,GOF,0.04603627170960157,0.6674345762925966,0.2865291519978018
25804,GOF,0.0860890636914052,0.6234959006444332,0.2904150356641617
25805,GOF,0.05660644167022281,0.7609203869196632,0.1824731714101139
25806,GOF,0.05317188608390027,0.7633317760517507,0.18349633786434913
25807,GOF,0.06625461871277212,0.6806423196940152,0.25310306159321266
25808,GOF,0.05794325538059969,0.7786711449393044,0.16338559968009583
25809,GOF,0.05712161979885478,0.7511537247384444,0.19172465546270076
25810,GOF,0.052598061266920876,0.76627181091839,0.181130127814689
25811,GOF,0.0487334873309773,0.4914604162028535,0.45980609646616916
25812,GOF,0.035771440525384904,0.6911975100841864,0.27303104939042866
25813,GOF,0.04558463391855191,0.6376375429642829,0.31677782311716524
25814,GOF,0.06644370792269806,0.7277301502786875,0.20582614179861453
25815,GOF,0.03910173449328747,0.7428412671253734,0.2180569983813393
25816,GOF,0.042340910936367035,0.7995223451634501,0.1581367439001828
25817,GOF,0.033596897105906985,0.7886060012530925,0.1777971016410004
25818,GOF,0.033022701400914754,0.5120632492593624,0.45491404933972296
25819,GOF,0.04146766089975486,0.7268386291533456,0.2316937099468994
25820,GOF,0.04437070628222806,0.6972319134254513,0.2583973802923206
25821,GOF,0.04603063466575473,0.6978938253154802,0.25607554001876504
25822,GOF,0.06398112079672444,0.683103316495776,0.25291556270749943
25823,GOF,0.11451915170192187,0.59116625712871,0.29431459116936826
25824,GOF,0.07678402890927974,0.7248587937878805,0.19835717730283964
25825,GOF,0.07331104210409342,0.7286118596090132,0.19807709828689332
25826,GOF,0.07678402890927974,0.7248587937878805,0.19835717730283964
25827,GOF,0.055028353639103085,0.7669641398352558,0.17800750652564107
25828,GOF,0.05321526195788871,0.7451067596767914,0.20167797836531984
25829,LOF,0.42162336290065666,0.04272579960309008,0.5356508374962532
25830,LOF,0.04269120567995012,0.17835938367758425,0.7789494106424657
25831,GOF,0.036288124274835507,0.6411497443569222,0.3225621313682424
25832,GOF,0.06941827478835431,0.6562830372995733,0.2742986879120724
25833,GOF,0.06658762401034782,0.6707178427740921,0.26269453321556
25834,GOF,0.06454758985478604,0.6401650142904379,0.2952873958547761
25835,GOF,0.0682278460248522,0.7065449832090869,0.22522717076606102
25836,GOF,0.06601640186275858,0.6846536935219658,0.24932990461527557
25837,GOF,0.05680409713503483,0.6608090625450151,0.2823868403199501
25838,GOF,0.05660842199767957,0.6528986548361526,0.29049292316616776
25839,GOF,0.081850958655223,0.6697814824037197,0.24836755894105744
25840,GOF,0.05888098702154539,0.7113475575236471,0.2297714554548075
25841,GOF,0.05909047585186284,0.7048274805399575,0.2360820436081797
25842,GOF,0.04651162392950219,0.6902527103606062,0.26323566570989154
25843,GOF,0.04735294629590175,0.6868142371004318,0.26583281660366653
25844,GOF,0.05087102682609177,0.6834005205951763,0.26572845257873184
25845,GOF,0.053164779743442685,0.6924993811450291,0.2543358391115282
25846,GOF,0.049960614986857506,0.683085507958876,0.2669538770542663
25847,GOF,0.05901000993891394,0.646812530135828,0.29417745992525807
25848,GOF,0.04397726960053971,0.7296143455322213,0.2264083848672392
25849,GOF,0.0424728654085234,0.7249982558108964,0.2325288787805803
25850,GOF,0.12957054469017124,0.6169241453197353,0.2535053099900935
25851,GOF,0.14228090144975802,0.5953215623359817,0.2623975362142604
25852,GOF,0.13262448109450595,0.5817744387323822,0.28560108017311175
25853,GOF,0.07392925450516029,0.7204054836273353,0.20566526186750433
25854,GOF,0.07828870853973954,0.7267983492981784,0.19491294216208202
25855,GOF,0.06236242046642848,0.6764191431359191,0.2612184363976524
25856,GOF,0.0634488073660366,0.6726268444791357,0.2639243481548277
25857,GOF,0.06810449508508715,0.6844623180538518,0.2474331868610611
25858,GOF,0.07290354283944961,0.5697534498970075,0.35734300726354284
25859,GOF,0.07236474079516797,0.5745004598940431,0.3531347993107889
25860,GOF,0.07501002348114956,0.5401965292860713,0.38479344723277914
25861,GOF,0.07258811468717764,0.6224965870060032,0.3049152983068191
25862,GOF,0.045916200022186895,0.7308154568720541,0.223268343105759
25863,GOF,0.0489754290108334,0.6812593666784357,0.2697652043107309
25864,GOF,0.05378467120503528,0.7611815865892456,0.1850337422057191
25865,GOF,0.05804725687716323,0.7765166596857067,0.16543608343713007
25866,GOF,0.05357263770232472,0.7804198989174365,0.16600746338023886
25867,GOF,0.05394446548117065,0.7768801292684894,0.16917540525033983
25868,GOF,0.048176530028158915,0.6057665215983264,0.3460569483735146
25869,GOF,0.050564745390291106,0.6946484103514259,0.2547868442582831
25870,LOF,0.05134450748798024,0.19563488997025621,0.7530206025417635
25871,GOF,0.04491938136970074,0.6845951880238209,0.2704854306064784
25872,GOF,0.04048535389444011,0.5731885602899504,0.3863260858156095
25873,GOF,0.050722659744589484,0.6387859534795125,0.31049138677589794
25874,LOF,0.07689216027947934,0.11145209873833316,0.8116557409821874
25875,GOF,0.07569113868597556,0.6190036833157917,0.30530517799823276
25876,Neutral,0.5206081300155205,0.09481397983769328,0.38457789014678617
25877,GOF,0.0909309265399401,0.614720500309348,0.294348573150712
25878,GOF,0.04431293529720883,0.770969838983199,0.1847172257195921
25879,GOF,0.03243747512841298,0.5406658340680832,0.42689669080350384
25880,LOF,0.08578841363457451,0.07468260955339949,0.8395289768120259
25881,Neutral,0.6738775029638008,0.23249900993487274,0.09362348710132654
25882,LOF,0.2610043415925615,0.16221942868681402,0.5767762297206246
25883,LOF,0.06669570785060201,0.11451844362663884,0.8187858485227592
25884,LOF,0.3960777712905411,0.11717734905202982,0.4867448796574292
25885,Neutral,0.5472055399740313,0.019814610676335404,0.43297984934963324
25886,Neutral,0.44179074267524837,0.20030550397575675,0.357903753348995
25887,GOF,0.2463714570414702,0.5667509413189492,0.18687760163958056
25888,GOF,0.06332691837012393,0.5716240067215914,0.36504907490828464
25889,LOF,0.22255871855942316,0.12479331359065911,0.6526479678499177
25890,LOF,0.19552717004248185,0.2993365489639373,0.5051362809935808
25891,LOF,0.25323463007339564,0.2600285611694989,0.4867368087571055
25892,LOF,0.01202063624487159,0.37642093600037646,0.611558427754752
25893,Neutral,0.4418442548174411,0.14404233075660208,0.41411341442595667
25894,LOF,0.4262029032190397,0.07522282482227714,0.4985742719586832
25895,LOF,0.4369154631283951,0.056989068272663534,0.5060954685989414
25896,Neutral,0.6320293260223673,0.0668170968052486,0.3011535771723842
25897,LOF,0.2420156276147765,0.1061250905244937,0.6518592818607298
25898,GOF,0.044388162182017195,0.6747859889504364,0.2808258488675463
25899,LOF,0.2763320777431007,0.36020990595956864,0.36345801629733054
25900,Neutral,0.8128989128426629,0.04911961009177827,0.13798147706555894
25901,LOF,0.06182949808327713,0.10425255656921463,0.8339179453475082
25902,LOF,0.4266178265076664,0.1296834577968702,0.4436987156954634
25903,LOF,0.2508548645050743,0.21851559527973,0.5306295402151957
25904,Neutral,0.44179074267524837,0.20030550397575675,0.357903753348995
25905,LOF,0.07950120162499436,0.309454489589929,0.6110443087850767
25906,LOF,0.3724426747885262,0.04351347478640184,0.5840438504250719
25907,LOF,0.0373298046718717,0.46731116103308046,0.49535903429504774
25908,GOF,0.04300304127402237,0.5695234653880218,0.38747349333795583
25909,LOF,0.07139991666469246,0.460633418237955,0.4679666650973526
25910,LOF,0.025540501608793783,0.4244935223458637,0.5499659760453426
25911,Neutral,0.6816502404146783,0.06704940990908458,0.2513003496762371
25912,LOF,0.4723665649234895,0.03769291422813936,0.4899405208483713
25913,LOF,0.022255220240350596,0.47688741489873215,0.5008573648609173
25914,LOF,0.04762098770958437,0.3273203156773615,0.6250586966130541
25915,GOF,0.08845498152010045,0.7464662632160742,0.1650787552638253
25916,GOF,0.07932786126091818,0.7267723199243079,0.19389981881477403
25917,Neutral,0.7507739213352079,0.05713907475597053,0.19208700390882155
25918,LOF,0.05226399603832333,0.16565972342241989,0.7820762805392568
25919,LOF,0.05018620184847882,0.0445317381757228,0.9052820599757984
25920,LOF,0.3089438835817065,0.3214419142443344,0.36961420217395907
25921,LOF,0.27942181434442676,0.053762509898377886,0.6668156757571954
25922,LOF,0.18648877721120377,0.07222079582186006,0.7412904269669361
25923,Neutral,0.44179074267524837,0.20030550397575675,0.357903753348995
25924,LOF,0.26382039518868067,0.17376934785216738,0.5624102569591519
25925,Neutral,0.6267041576822099,0.07122082570720488,0.30207501661058533
25926,Neutral,0.6799716344200356,0.08167181840578343,0.2383565471741809
25927,LOF,0.02303237452432116,0.4213938255955968,0.555573799880082
25928,LOF,0.26232647318901364,0.034257474392193,0.7034160524187933
25929,Neutral,0.44179074267524837,0.20030550397575675,0.357903753348995
25930,LOF,0.0394802530571243,0.20658312123520597,0.7539366257076697
25931,LOF,0.4263083248459525,0.0861081183874354,0.48758355676661214
25932,LOF,0.07300114268269117,0.10658271652318091,0.820416140794128
25933,LOF,0.06926660975942256,0.12935514286465738,0.80137824737592
25934,LOF,0.08553138886263997,0.12423465970146504,0.790233951435895
25935,Neutral,0.6705839377481843,0.08256641054665054,0.24684965170516515
25936,LOF,0.06815808666612717,0.1067867837372406,0.8250551295966322
25937,LOF,0.30630551560650976,0.15163064578688784,0.5420638386066023
25938,Neutral,0.6816502404146783,0.06704940990908458,0.2513003496762371
25939,LOF,0.06760987662776177,0.1207748238899359,0.8116152994823023
25940,GOF,0.052718919017259704,0.811982444053865,0.1352986369288754
25941,Neutral,0.5342334808235187,0.09442258255804242,0.3713439366184388
25942,LOF,0.21591511610911962,0.19005718716805967,0.5940276967228206
25943,GOF,0.03050731117944562,0.5211836299514118,0.4483090588691427
25944,LOF,0.019780948165617818,0.4524370101900888,0.5277820416442934
25945,LOF,0.041722482635340466,0.11433283852219195,0.8439446788424676
25946,LOF,0.46016556215374205,0.05635615710349334,0.48347828074276455
25947,Neutral,0.7092115776258295,0.051038618622600625,0.23974980375156982
25948,Neutral,0.4972428059758741,0.11317345680115436,0.38958373722297146
25949,LOF,0.418345579030801,0.07000276540804203,0.5116516555611569
25950,GOF,0.06565282181878482,0.7146562383242907,0.21969093985692442
25951,GOF,0.031783495551341794,0.6482832687021871,0.31993323574647103
25952,GOF,0.2390851882637955,0.38097126876897314,0.37994354296723143
25953,LOF,0.04245081430271346,0.3606876509706363,0.5968615347266503
25954,GOF,0.05730056145263619,0.6872178150988199,0.25548162344854397
25955,LOF,0.02336554182391906,0.44768125038791895,0.5289532077881619
25956,GOF,0.039761999125639394,0.6273063488358138,0.3329316520385467
25957,Neutral,0.6738308890221189,0.058833039818948614,0.26733607115893243
25958,LOF,0.08483728200613437,0.1257623789943976,0.789400338999468
25959,LOF,0.025120841939072512,0.3977952515547993,0.5770839065061282
25960,LOF,0.23507986092509028,0.0665470711157144,0.6983730679591952
25961,LOF,0.044159755555173916,0.2102241925759227,0.7456160518689035
25962,LOF,0.4183592235672909,0.05847153839071822,0.5231692380419909
25963,GOF,0.04658022394138355,0.6001454263309167,0.3532743497276997
25964,LOF,0.08331252642126462,0.26609958197471356,0.6505878916040219
25965,GOF,0.11952657754441927,0.6331658100734344,0.24730761238214635
25966,Neutral,0.44179074267524837,0.20030550397575675,0.357903753348995
25967,LOF,0.3470051817705019,0.05505079366466362,0.5979440245648345
25968,GOF,0.32396283837980094,0.4429145350229784,0.23312262659722052
25969,Neutral,0.6152711929921592,0.045416192919889395,0.33931261408795144
25970,Neutral,0.4592745369479249,0.15784657241769837,0.38287889063437675
25971,LOF,0.1133259249582174,0.2009553186758997,0.685718756365883
25972,LOF,0.12275575475297762,0.15923421450073352,0.7180100307462889
25973,LOF,0.4433495025225726,0.02246478159730104,0.5341857158801264
25974,GOF,0.10531537540356868,0.5479687085308378,0.34671591606559343
25975,LOF,0.06717322738843862,0.035010681048506284,0.8978160915630551
25976,LOF,0.33312917630138145,0.01236855830354243,0.6545022653950762
25977,Neutral,0.5489835300312464,0.054671751361571576,0.3963447186071819
25978,LOF,0.16551039665075507,0.1717393874697381,0.6627502158795069
25979,LOF,0.097757985347658,0.16998000979097636,0.7322620048613656
25980,LOF,0.21019789725735352,0.3751042050404667,0.4146978977021798
25981,GOF,0.21989638836529998,0.4424468289233911,0.337656782711309
25982,LOF,0.17160665843893735,0.2941224031065518,0.5342709384545108
25983,LOF,0.12446273075646115,0.2883635730628764,0.5871736961806624
25984,LOF,0.05890676406376667,0.13609668436446273,0.8049965515717705
25985,Neutral,0.5847851856774577,0.2577569164900171,0.15745789783252526
25986,GOF,0.039773440424267135,0.544034225995292,0.41619233358044083
25987,LOF,0.3702304120058139,0.1557900490512897,0.47397953894289635
25988,LOF,0.04356325391220093,0.23885601041807294,0.7175807356697261
25989,LOF,0.05191133772278229,0.2658248593227474,0.6822638029544703
25990,LOF,0.04658414885777207,0.3555855381928762,0.5978303129493517
25991,GOF,0.10654766202219687,0.5688213044353257,0.32463103354247735
25992,LOF,0.08579463569185015,0.3099997110815028,0.6042056532266471
25993,LOF,0.06548923332728496,0.03988210633010808,0.8946286603426069
25994,LOF,0.1068923369444098,0.047656044783463934,0.8454516182721262
25995,LOF,0.052908221298595126,0.07812191667393274,0.8689698620274722
25996,GOF,0.29502794968318474,0.46675317092688234,0.23821887938993297
25997,GOF,0.16301282188394034,0.5567609693535369,0.28022620876252263
25998,LOF,0.37444351933068715,0.1852167919646413,0.44033968870467155
25999,LOF,0.02198535532127275,0.3645415561380795,0.6134730885406479
26000,LOF,0.26491869625867986,0.09571005246532736,0.6393712512759928
26001,LOF,0.13812787530073828,0.288082485330639,0.5737896393686227
26002,LOF,0.2922236534112405,0.11024683818616059,0.5975295084025989
26003,GOF,0.06755038698036325,0.6283820044638089,0.3040676085558279
26004,GOF,0.10094937266445575,0.6893466128375105,0.2097040144980337
26005,GOF,0.04260296640460629,0.8233594070671205,0.13403762652827308
26006,GOF,0.05754631269345001,0.7305839999983808,0.21186968730816927
26007,GOF,0.036260423525088466,0.7487916865460643,0.21494788992884722
26008,GOF,0.08311261669419445,0.7653977107377703,0.1514896725680353
26009,GOF,0.045064117770189184,0.829838130235041,0.12509775199476983
26010,GOF,0.046368120209852766,0.6413497072551914,0.3122821725349558
26011,GOF,0.04707129950525265,0.6748862834489945,0.27804241704575294
26012,GOF,0.04968536873993925,0.7424048539546853,0.20790977730537558
26013,GOF,0.05070057734434886,0.5667936922123931,0.3825057304432581
26014,LOF,0.46798200536988,0.030055617357967027,0.501962377272153
26015,LOF,0.2937430754860874,0.11688877986500835,0.5893681446489043
26016,LOF,0.23217411862782733,0.1308987799693689,0.6369271014028037
26017,LOF,0.04595715017668551,0.33317076405625284,0.6208720857670615
26018,LOF,0.0403387779396097,0.27416629949563215,0.6854949225647581
26019,LOF,0.04711206530867537,0.09321883134762489,0.8596691033436997
26020,LOF,0.02155847284129548,0.4871929851663558,0.49124854199234885
26021,LOF,0.22815682803873624,0.18739049951613898,0.5844526724451248
26022,LOF,0.19247674733134584,0.10748361997661321,0.700039632692041
26023,LOF,0.05519083415011328,0.10221120242569655,0.8425979634241902
26024,LOF,0.09354317963861744,0.169518458816622,0.7369383615447606
26025,LOF,0.04228651904480461,0.3186114270389968,0.6391020539161985
26026,LOF,0.04262676933363623,0.4250197610965989,0.5323534695697648
26027,LOF,0.07209119228872092,0.11828266135301345,0.8096261463582657
26028,GOF,0.10893931503981501,0.47110374229979673,0.4199569426603883
26029,GOF,0.06243725834212231,0.7325270149501304,0.2050357267077474
26030,Neutral,0.6318202772228949,0.07407107852504381,0.29410864425206124
26031,GOF,0.03065941157788257,0.7193567602696539,0.24998382815246353
26032,LOF,0.06429041277710407,0.15203232096563832,0.7836772662572576
26033,LOF,0.05126450286995389,0.18656968370527893,0.7621658134247671
26034,GOF,0.02883285471004785,0.662714529551971,0.30845261573798116
26035,GOF,0.0247243425121592,0.7234976495176788,0.2517780079701619
26036,GOF,0.02257786726254564,0.6447010538605837,0.3327210788768706
26037,GOF,0.03247146847795545,0.5756827901739793,0.39184574134806527
26038,LOF,0.04734431138709624,0.14443107842132322,0.8082246101915804
26039,GOF,0.02724551716807522,0.5436152002579643,0.42913928257396067
26040,LOF,0.04254159869411305,0.15141246496932173,0.8060459363365653
26041,GOF,0.04227405864609104,0.6052157010291893,0.35251024032471967
26042,GOF,0.038825544205545896,0.6014804438735354,0.35969401192091865
26043,LOF,0.03589992771488463,0.23272982908094395,0.7313702432041714
26044,LOF,0.2733569122726926,0.1351842003939838,0.5914588873333236
26045,GOF,0.03919592398792603,0.6786782510629649,0.2821258249491091
26046,LOF,0.0384088462501384,0.2850515018596361,0.6765396518902254
26047,LOF,0.12895644993013358,0.1315327222760357,0.7395108277938307
26048,Neutral,0.48929128006107153,0.05947485679123671,0.45123386314769176
26049,Neutral,0.6246676850299357,0.13151083398327332,0.24382148098679096
26050,Neutral,0.6705839377481843,0.08256641054665054,0.24684965170516515
26051,GOF,0.03644120744697853,0.5419289761212248,0.4216298164317966
26052,GOF,0.05723250343772314,0.6566828460173981,0.2860846505448787
26053,Neutral,0.5055176834423933,0.05686954617878846,0.4376127703788181
26054,Neutral,0.6816502404146783,0.06704940990908458,0.2513003496762371
26055,Neutral,0.6816502404146783,0.06704940990908458,0.2513003496762371
26056,Neutral,0.6816502404146783,0.06704940990908458,0.2513003496762371
26057,LOF,0.06457455262326856,0.1217499183551711,0.8136755290215604
26058,LOF,0.06711240447534317,0.0921986182851314,0.8406889772395255
26059,Neutral,0.8370231155731037,0.052976521904656494,0.11000036252223988
26060,GOF,0.036352715911244116,0.5710858157648641,0.3925614683238919
26061,LOF,0.328610374019076,0.041759469716196665,0.6296301562647274
26062,LOF,0.4556630388984332,0.086941283267993,0.4573956778335739
26063,LOF,0.07637151069231213,0.05966494672642317,0.8639635425812647
26064,LOF,0.3917890516680626,0.037734000356027884,0.5704769479759095
26065,LOF,0.05067109741008199,0.08894821860211004,0.860380683987808
26066,LOF,0.07743722850262073,0.11124631990180638,0.811316451595573
26067,LOF,0.07062970313457444,0.18469028857232697,0.7446800082930987
26068,Neutral,0.6270630157516752,0.0785669219864803,0.2943700622618443
26069,Neutral,0.6047470303599042,0.08932846000726359,0.30592450963283235
26070,Neutral,0.6047470303599042,0.08932846000726359,0.30592450963283235
26071,LOF,0.07340295800661274,0.11921700541818757,0.8073800365751996
26072,LOF,0.3603367341784706,0.09868610989013953,0.54097715593139
26073,LOF,0.07367119335012888,0.11956198541212544,0.8067668212377456
26074,Neutral,0.812356928937079,0.0596625405387885,0.1279805305241324
26075,Neutral,0.6172167180330848,0.090069402892987,0.29271387907392826
26076,LOF,0.058390728478950354,0.16523317618693828,0.7763760953341113
26077,Neutral,0.6827985174465718,0.026650913488328095,0.29055056906509996
26078,LOF,0.40680870993255536,0.08317951683737987,0.5100117732300647
26079,Neutral,0.6668518447117082,0.09701180792529544,0.23613634736299638
26080,Neutral,0.6668518447117082,0.09701180792529544,0.23613634736299638
26081,LOF,0.05892226229766533,0.062479458432620455,0.8785982792697141
26082,LOF,0.3956220794078257,0.09136977120589435,0.5130081493862799
26083,LOF,0.03603274840201158,0.2545334107450894,0.709433840852899
26084,LOF,0.04930740196116561,0.1793285336506627,0.7713640643881717
26085,LOF,0.04045626140436559,0.23073277124284913,0.7288109673527853
26086,LOF,0.05391504316869901,0.15426789032040217,0.7918170665108988
26087,LOF,0.05366556222585439,0.2174075332213865,0.728926904552759
26088,LOF,0.4043232546938351,0.11943910326392028,0.4762376420422447
26089,Neutral,0.6653809055487218,0.07816211569366491,0.2564569787576132
26090,Neutral,0.6653809055487218,0.07816211569366491,0.2564569787576132
26091,LOF,0.09254627255352417,0.07972845209526484,0.8277252753512109
26092,LOF,0.06522969910723,0.10369513863745633,0.8310751622553136
26093,LOF,0.06307055567346183,0.10433818548855847,0.8325912588379797
26094,LOF,0.08921294864004091,0.11945344123612316,0.791333610123836
26095,LOF,0.2600751424895823,0.13927431513897548,0.6006505423714421
26096,Neutral,0.6013925021262755,0.021896953538987296,0.3767105443347373
26097,LOF,0.35010645733429746,0.041505175163799764,0.6083883675019028
26098,Neutral,0.6734985139566827,0.06690128705130069,0.2596001989920166
26099,LOF,0.0384508167520302,0.2616931739895231,0.6998560092584466
26100,LOF,0.0384508167520302,0.2616931739895231,0.6998560092584466
26101,LOF,0.04414725118551191,0.23958829329652184,0.7162644555179661
26102,LOF,0.0648697062761928,0.10973806849806994,0.8253922252257373
26103,Neutral,0.44179074267524837,0.20030550397575675,0.357903753348995
26104,Neutral,0.7166974859173944,0.08557852174320053,0.19772399233940513
26105,LOF,0.25411272880890173,0.09473649026430679,0.6511507809267915
26106,Neutral,0.4521270659187229,0.19875528436470907,0.34911764971656806
26107,GOF,0.017518101692766328,0.550217264093495,0.43226463421373856
26108,GOF,0.29821077910618,0.40403199667095174,0.2977572242228682
26109,Neutral,0.5539859263918867,0.1772324633021214,0.268781610305992
26110,Neutral,0.5219985502923872,0.05189727627349618,0.4261041734341168
26111,LOF,0.05158900724040719,0.3010805271039293,0.6473304656556635
26112,LOF,0.09523866502697166,0.04988527461190143,0.8548760603611268
26113,LOF,0.07259288965771539,0.08687769093320347,0.8405294194090811
26114,LOF,0.3136559120292586,0.15826091977291695,0.5280831681978244
26115,GOF,0.029248937813485962,0.5746527924767857,0.39609826970972845
26116,LOF,0.11183155997728629,0.2776947294527213,0.6104737105699924
26117,Neutral,0.44179074267524837,0.20030550397575675,0.357903753348995
26118,LOF,0.059656299179508605,0.08394096390321121,0.8564027369172802
26119,LOF,0.013029991441912138,0.38506439967213757,0.6019056088859502
26120,LOF,0.09466539143742783,0.08586612073402282,0.8194684878285494
26121,LOF,0.04326694686720838,0.1977723287334653,0.7589607243993263
26122,LOF,0.01699489385055335,0.23502513541915088,0.7479799707302958
