feature0,prediction,LoGoFunc_Neutral,LoGoFunc_GOF,LoGoFunc_LOF
25546,Neutral,0.6282448019165571,0.07603267329587914,0.2957225247875637
25547,Neutral,0.5180276834730868,0.1510594691293822,0.33091284739753096
25548,Neutral,0.48012515798275107,0.10852139568200028,0.4113534463352487
25549,Neutral,0.45006510387181414,0.10729110693158511,0.4426437891966007
25550,LOF,0.3542666872359798,0.17851918918649165,0.4672141235775285
25551,LOF,0.2888826377875775,0.1690543481238408,0.5420630140885817
25552,LOF,0.16309125766933924,0.175433401271246,0.6614753410594149
25553,Neutral,0.8147095330178629,0.04836503906008575,0.1369254279220514
25554,LOF,0.2029210364152076,0.17676218863010068,0.6203167749546918
25555,LOF,0.15868936096180797,0.15730771211164868,0.6840029269265434
25556,Neutral,0.4995867992723685,0.13328205131813073,0.36713114940950087
25557,LOF,0.15536272065637097,0.16595026241916594,0.6786870169244631
25558,LOF,0.20635156411236433,0.19377339016562697,0.5998750457220088
25559,Neutral,0.5566560539866668,0.05021486849957014,0.39312907751376297
25560,LOF,0.043965909341163456,0.29806750942459675,0.6579665812342399
25561,LOF,0.07527581110675952,0.36491965693601874,0.5598045319572218
25562,LOF,0.11010234810641742,0.19564139414658935,0.6942562577469932
25563,LOF,0.10965047197155427,0.17713541511709638,0.7132141129113493
25564,LOF,0.06941521945210552,0.2744431161297505,0.656141664418144
25565,LOF,0.1572850116390871,0.25629095629444254,0.5864240320664703
25566,GOF,0.015802050027394876,0.7501982124976976,0.23399973747490763
25567,LOF,0.013170891832839185,0.10643214128284212,0.8803969668843187
25568,LOF,0.044523891250252336,0.058964673402697454,0.8965114353470502
25569,LOF,0.05686055372521533,0.06131548610185227,0.8818239601729324
25570,LOF,0.0643302277191624,0.08997241969615252,0.8456973525846851
25571,LOF,0.06553118823530525,0.08492384759078049,0.8495449641739143
25572,LOF,0.06452710829269888,0.12591804004624355,0.8095548516610577
25573,LOF,0.026777948385029497,0.07189582135471781,0.9013262302602527
25574,LOF,0.015286670300303616,0.12309057778187178,0.8616227519178246
25575,LOF,0.05415753832081558,0.08610430054916761,0.8597381611300169
25576,LOF,0.01943487922717084,0.09853360486226174,0.8820315159105675
25577,LOF,0.012619826277835571,0.1313593232128266,0.8560208505093378
25578,LOF,0.23278445258903055,0.0769545213584798,0.6902610260524897
25579,LOF,0.23383791959060038,0.07655095299284119,0.6896111274165585
25580,LOF,0.03741461705728684,0.07832860125485579,0.8842567816878574
25581,LOF,0.04917106895532775,0.0622034984055755,0.8886254326390967
25582,LOF,0.04890172518907404,0.058874256801218564,0.8922240180097073
25583,LOF,0.04459606478463203,0.08791623063840141,0.8674877045769667
25584,Neutral,0.4924528649248277,0.070613944266331,0.43693319080884124
25585,LOF,0.03120041611731275,0.09124859895748547,0.8775509849252018
25586,LOF,0.03139944192802571,0.0629857414768519,0.9056148165951224
25587,LOF,0.029016477604245115,0.05256356064493578,0.9184199617508191
25588,LOF,0.032267991178841327,0.06996188265511825,0.8977701261660405
25589,Neutral,0.6110359820020127,0.07671862930900354,0.3122453886889837
25590,LOF,0.024396380184278615,0.1098964621798508,0.8657071576358706
25591,LOF,0.1068393392872175,0.04875614530290323,0.8444045154098793
25592,LOF,0.08701843462443849,0.11323396437464042,0.7997476010009212
25593,LOF,0.013851342114466801,0.21528524714645456,0.7708634107390787
25594,LOF,0.03550905268745562,0.1542992995922124,0.810191647720332
25595,LOF,0.06352229671193853,0.11429857868941617,0.8221791245986453
25596,LOF,0.07933287990574606,0.08152272421867507,0.8391443958755788
25597,LOF,0.07312025213915942,0.040472451829617485,0.886407296031223
25598,LOF,0.04755208576430159,0.16739596018391392,0.7850519540517844
25599,GOF,0.0077020820613898505,0.5923905711776258,0.3999073467609842
25600,GOF,0.008513515057684364,0.5573972884995024,0.43408919644281324
25601,LOF,0.007599483261394963,0.37418595448435826,0.6182145622542468
25602,LOF,0.014688777961555446,0.0767927406193948,0.9085184814190497
25603,LOF,0.04320456379167205,0.035441078385286255,0.9213543578230418
25604,LOF,0.036968922263160835,0.08482650479905611,0.8782045729377831
25605,LOF,0.011486472329811438,0.20288304042204994,0.7856304872481387
25606,GOF,0.052374074083474206,0.5241093491819434,0.4235165767345824
25607,LOF,0.0037853975281456377,0.1668037694601738,0.8294108330116805
25608,LOF,0.05153170202543653,0.05585617250756991,0.8926121254669935
25609,LOF,0.07010389640130885,0.28251659142304547,0.6473795121756456
25610,LOF,0.050858336439438476,0.03959553322241258,0.9095461303381489
25611,LOF,0.06149262671961384,0.028508326003834582,0.9099990472765517
25612,LOF,0.11773149358280331,0.06301064238955063,0.8192578640276461
25613,LOF,0.09691834015122892,0.055468773733465475,0.8476128861153055
25614,LOF,0.03788877406134512,0.05114954638164044,0.9109616795570146
25615,LOF,0.07595521947782947,0.07608990769680982,0.8479548728253606
25616,LOF,0.04261256481765955,0.06527780816098687,0.8921096270213535
25617,LOF,0.04922497802036954,0.06089110745411149,0.8898839145255191
25618,LOF,0.28087831395802054,0.05049145183976905,0.6686302342022105
25619,LOF,0.04368582338620162,0.05022128313739838,0.9060928934763999
25620,LOF,0.041427946243547294,0.06933774665409419,0.8892343071023586
25621,LOF,0.04975383016992157,0.05416451486552699,0.8960816549645515
25622,LOF,0.034379062681330765,0.07197956029388768,0.8936413770247815
25623,LOF,0.053692948822989514,0.047449375997320714,0.8988576751796897
25624,LOF,0.031263406320043326,0.05691014645395168,0.911826447226005
25625,LOF,0.04355419297047522,0.07332113045667327,0.8831246765728515
25626,LOF,0.07797570423461518,0.04680623930994773,0.875218056455437
25627,Neutral,0.5687176504101084,0.13480204669412887,0.2964803028957628
25628,LOF,0.2063831862266541,0.06336061913523491,0.730256194638111
25629,LOF,0.06305020800908448,0.13583892877986864,0.801110863211047
25630,LOF,0.1815386310401907,0.10560944477034194,0.7128519241894674
25631,Neutral,0.5882149042694126,0.06920218713509958,0.34258290859548785
25632,LOF,0.02128977391698444,0.0651230260194227,0.9135872000635928
25633,LOF,0.226572753847867,0.07491732167978053,0.6985099244723525
25634,LOF,0.040253906210739605,0.06901930005740789,0.8907267937318526
25635,LOF,0.041479568860334805,0.05868109293294318,0.8998393382067219
25636,GOF,0.005170955861590786,0.6670863253539685,0.3277427187844407
25637,GOF,0.0037879523585000667,0.5638886822760107,0.43232336536548915
25638,GOF,0.007102325762339697,0.5326492942914905,0.46024837994616974
25639,LOF,0.004254966625985324,0.4850218440371981,0.5107231893368165
25640,GOF,0.32488428152897053,0.6236133984790728,0.051502319991956785
25641,LOF,0.006147339989474178,0.2635448218395127,0.7303078381710131
25642,LOF,0.26249255864744075,0.0898236316689098,0.6476838096836495
25643,LOF,0.2317741541647773,0.1482583116098597,0.619967534225363
25644,GOF,0.0167443585405921,0.6562636944453721,0.3269919470140358
25645,GOF,0.01383747213086685,0.5825837172134855,0.40357881065564777
25646,LOF,0.013694162328200914,0.3791617493498592,0.6071440883219399
25647,LOF,0.01183400133704947,0.29264239749763377,0.6955236011653169
25648,LOF,0.008102583003665996,0.4079828820102665,0.5839145349860675
25649,LOF,0.00874717714098864,0.20899120787166722,0.7822616149873441
25650,GOF,0.027501941207725256,0.4996138391749177,0.4728842196173571
25651,LOF,0.006615537252918584,0.23927177385267384,0.7541126888944075
25652,LOF,0.012604231222618808,0.35341404139844135,0.6339817273789398
25653,GOF,0.05730555774719869,0.5025438129815866,0.44015062927121473
25654,LOF,0.008319323674138677,0.3260592202084124,0.6656214561174488
25655,GOF,0.08821715894188528,0.4764225196859431,0.4353603213721716
25656,LOF,0.1054871031112265,0.14621321808970256,0.7482996787990709
25657,LOF,0.27925665194276067,0.06519813517715775,0.6555452128800816
25658,LOF,0.03559118002884404,0.25257264122509687,0.7118361787460591
25659,LOF,0.23718695800661488,0.13998811519512097,0.6228249267982642
25660,LOF,0.1091904216066591,0.06895217347041303,0.8218574049229279
25661,LOF,0.08259051822098697,0.0593271995799759,0.8580822821990373
25662,LOF,0.03997462076925951,0.05050815937620768,0.9095172198545328
25663,LOF,0.050662173575885726,0.09646381381243566,0.8528740126116786
25664,LOF,0.03141231317903597,0.16212572243052023,0.8064619643904437
25665,LOF,0.04408886699985742,0.052323286806581756,0.9035878461935609
25666,LOF,0.04157908709298127,0.18442823605907332,0.7739926768479455
25667,LOF,0.04161473572756854,0.03931434842309808,0.9190709158493333
25668,LOF,0.06195322944020993,0.04991864931272901,0.8881281212470611
25669,LOF,0.05892878373943957,0.07444371695593352,0.8666274993046268
25670,LOF,0.07536968086054424,0.08757338254381676,0.8370569365956391
25671,LOF,0.05370683488508612,0.03895320847315954,0.9073399566417544
25672,LOF,0.048197395141578024,0.05987389270007686,0.891928712158345
25673,LOF,0.03800339055059755,0.0723783565595471,0.8896182528898553
25674,LOF,0.026878331058671618,0.08693679349334264,0.8861848754479856
25675,LOF,0.03366786274058445,0.0632987215602618,0.9030334156991536
25676,LOF,0.04034503885774796,0.05870979571282152,0.9009451654294305
25677,LOF,0.10744525859332543,0.045459288543081684,0.8470954528635929
25678,LOF,0.1871018660965762,0.04096622763763554,0.7719319062657882
25679,LOF,0.12337458378798147,0.05139128789405857,0.8252341283179601
25680,LOF,0.10907625894214153,0.07396573405765061,0.8169580070002078
25681,LOF,0.1319627193009505,0.07114177414867341,0.796895506550376
25682,LOF,0.06030646585215021,0.045983128098847026,0.8937104060490028
25683,LOF,0.08043384935595627,0.07358861214187638,0.8459775385021674
25684,LOF,0.08110660009582289,0.05288003312028648,0.8660133667838907
25685,LOF,0.1338973479311406,0.05219145114857764,0.8139112009202818
25686,LOF,0.024422674535777938,0.10656251767810215,0.86901480778612
25687,LOF,0.0563108712191629,0.11091943727601006,0.8327696915048272
25688,LOF,0.021349846128187577,0.06261305313750057,0.9160371007343119
25689,LOF,0.018157651799854378,0.032660311561663415,0.9491820366384822
25690,LOF,0.0180756562028913,0.0377079453371609,0.9442163984599479
25691,LOF,0.10784780610431514,0.05957380430835582,0.8325783895873291
25692,LOF,0.28567686683059834,0.012103328811907926,0.7022198043574938
25693,LOF,0.031223767807551026,0.31773038475186827,0.6510458474405808
25694,LOF,0.23638203278417433,0.012063703167492534,0.7515542640483331
25695,LOF,0.17220983943023466,0.02358487857352844,0.8042052819962369
25696,LOF,0.08129016016256509,0.023603340890459294,0.8951064989469757
25697,LOF,0.06611725023581837,0.02748363108858189,0.9063991186755996
25698,LOF,0.015273827842032017,0.4009671719566504,0.5837590002013177
25699,LOF,0.09163091844765105,0.14550305008943878,0.7628660314629102
25700,LOF,0.03814804929027563,0.023888401654315432,0.937963549055409
25701,LOF,0.013636716074855159,0.15737197196780087,0.828991311957344
25702,GOF,0.028792959097802297,0.7627295342994999,0.20847750660269793
25703,LOF,0.015839467541252636,0.2662269674610368,0.7179335649977105
25704,LOF,0.08543932147071573,0.15348172529101095,0.7610789532382733
25705,LOF,0.06521398709538058,0.16967815522467092,0.7651078576799485
25706,GOF,0.018224677752464304,0.656848372012636,0.32492695023489965
25707,GOF,0.02751136805574546,0.5363729605983161,0.43611567134593854
25708,LOF,0.0074889053618054915,0.4812778497640952,0.5112332448740993
25709,LOF,0.029875003194086078,0.06342784245575653,0.9066971543501575
25710,LOF,0.005928992207762472,0.13478453396100032,0.8592864738312372
25711,LOF,0.031748762327263896,0.11905800829827942,0.8491932293744566
25712,LOF,0.00865605608534445,0.20214154188503822,0.7892024020296173
25713,LOF,0.03164987302877557,0.1054915642268077,0.8628585627444167
25714,LOF,0.026183970762306826,0.14313020245478356,0.8306858267829096
25715,LOF,0.03620313206681855,0.11940201641973801,0.8443948515134434
25716,LOF,0.006215031571423865,0.14820732163724964,0.8455776467913264
25717,LOF,0.006102326673700609,0.112653851895591,0.8812438214307085
25718,LOF,0.031054263641423267,0.07528293084021172,0.8936628055183651
25719,LOF,0.04449459727606502,0.10674948046598541,0.8487559222579497
25720,LOF,0.03875782545099396,0.11073598194942928,0.8505061925995768
25721,LOF,0.030289493393238977,0.11251365976628461,0.8571968468404764
25722,LOF,0.019922586501322292,0.14441850734641723,0.8356589061522605
25723,LOF,0.03554695637613421,0.10388578970894129,0.8605672539149245
25724,LOF,0.05169031240592334,0.23611256951104714,0.7121971180830295
25725,LOF,0.03690051085650119,0.08766847959850198,0.8754310095449968
25726,LOF,0.022029011652656326,0.12675289395909378,0.8512180943882499
25727,LOF,0.031787733126096424,0.10017623978455958,0.8680360270893439
25728,LOF,0.03251535793332919,0.11609457867514436,0.8513900633915265
25729,LOF,0.02946933355158817,0.13217081614253906,0.8383598503058728
25730,LOF,0.03981168473070308,0.07712086090270909,0.8830674543665878
25731,LOF,0.010388411874269813,0.09988798593186676,0.8897236021938634
25732,LOF,0.021975842330090423,0.06697127145028736,0.9110528862196221
25733,LOF,0.03809355608698716,0.07538981011236064,0.8865166338006523
25734,LOF,0.006632339241408271,0.2607030470467072,0.7326646137118844
25735,LOF,0.027693907291448508,0.08359337908475428,0.8887127136237972
25736,LOF,0.026195389481973447,0.14852520259379315,0.8252794079242333
25737,LOF,0.04004214584783689,0.10594809415195772,0.8540097600002053
25738,LOF,0.028901538414018577,0.17098269146785727,0.8001157701181242
25739,LOF,0.027753492155552176,0.10321205931813839,0.8690344485263095
25740,LOF,0.038532280806172534,0.12663315977680586,0.8348345594170217
25741,LOF,0.0453079891964685,0.10506356118635941,0.849628449617172
25742,LOF,0.05874495613028949,0.1142802474591398,0.8269747964105707
25743,LOF,0.012684130358447409,0.03030814026819621,0.9570077293733564
25744,LOF,0.22211065799526666,0.19311593017378323,0.5847734118309501
25745,LOF,0.04165895742360318,0.06483051315209866,0.8935105294242982
25746,LOF,0.015168241749194006,0.12100291324913658,0.8638288450016693
25747,LOF,0.04873633659015633,0.03777911888279852,0.9134845445270452
25748,LOF,0.291849688505288,0.0962552385646419,0.6118950729300702
25749,LOF,0.017080047510351814,0.058127544301682765,0.9247924081879654
25750,LOF,0.02392236926148313,0.06442810043242429,0.9116495303060926
25751,LOF,0.04417432025530813,0.06223054824027381,0.893595131504418
25752,GOF,0.07533011013481401,0.6902403071017224,0.2344295827634636
25753,LOF,0.0070308154405243645,0.47065785980712094,0.5223113247523548
25754,GOF,0.007747713264788687,0.8961814627644906,0.0960708239707207
25755,LOF,0.007808847130356926,0.4401991089929028,0.5519920438767403
25756,LOF,0.02093783561913104,0.47465340245694576,0.5044087619239231
25757,GOF,0.008134299312282049,0.8723984958885568,0.11946720479916106
25758,GOF,0.007942396703809449,0.9042137802218978,0.08784382307429281
25759,GOF,0.0059590238817467025,0.6815326830586703,0.31250829305958283
25760,LOF,0.005181626124308039,0.33839249246338227,0.6564258814123097
25761,GOF,0.04366244455950186,0.8889595950372784,0.06737796040321976
25762,LOF,0.023385769245101752,0.4056826341526326,0.5709315966022657
25763,LOF,0.0055728657960819215,0.32248821643151215,0.6719389177724059
25764,GOF,0.060610283322486275,0.6967151330233584,0.24267458365415542
25765,GOF,0.008065092571323788,0.9003969310734047,0.09153797635527153
25766,GOF,0.02323818444854501,0.8698054811896648,0.10695633436179013
25767,GOF,0.016521460938553334,0.5828905742366329,0.40058796482481374
25768,LOF,0.05274281432716475,0.04698066749802083,0.9002765181748145
25769,LOF,0.025349366046687444,0.09284692747825024,0.8818037064750623
25770,LOF,0.14217595180125442,0.14766005361638948,0.7101639945823561
25771,LOF,0.01863231894447622,0.11540967660620088,0.8659580044493229
25772,LOF,0.029950931419082196,0.043430015087207084,0.9266190534937108
25773,LOF,0.013741420064284977,0.11647755274835914,0.8697810271873558
25774,LOF,0.02359019489224575,0.24269659486619272,0.7337132102415616
25775,LOF,0.018099210044813394,0.04875985915418265,0.9331409308010039
25776,LOF,0.03140955296068534,0.02439903126295878,0.9441914157763559
25777,LOF,0.25689903105040884,0.12914448190424516,0.613956487045346
25778,LOF,0.024011805287393096,0.0998185973964635,0.8761695973161434
25779,GOF,0.057830433288486215,0.8469445058265141,0.09522506088499953
25780,GOF,0.06671340122445073,0.8573490793749705,0.07593751940057891
25781,GOF,0.030834453030529587,0.7911615955824499,0.17800395138702052
25782,GOF,0.03962934873122564,0.8745372310179861,0.08583342025078843
25783,GOF,0.037714107502536884,0.8833625721623619,0.07892332033510119
25784,GOF,0.12840965651580866,0.8031630798167133,0.06842726366747791
25785,GOF,0.1344656292760218,0.8129120958346632,0.05262227488931488
25786,GOF,0.01148640621295231,0.7980907279756773,0.19042286581137033
25787,GOF,0.2936989284707821,0.635677203682255,0.07062386784696299
25788,LOF,0.019356542650732084,0.13371977494604234,0.8469236824032256
25789,GOF,0.019968705380379106,0.8125342206138986,0.16749707400572245
25790,GOF,0.028616472827062308,0.8682591648122463,0.10312436236069135
25791,GOF,0.026592735038709802,0.6589774896794957,0.3144297752817946
25792,GOF,0.03358557314044532,0.730093932357435,0.2363204945021196
25793,GOF,0.05329712790174604,0.8023143731246427,0.1443884989736112
25794,GOF,0.04831319487373919,0.6593016604977241,0.29238514462853665
25795,GOF,0.051221612149047524,0.6837043761325657,0.2650740117183868
25796,GOF,0.13166210749333612,0.7340864923641125,0.13425140014255144
25797,GOF,0.06839971045222425,0.6878712166357498,0.2437290729120259
25798,GOF,0.007267395560391843,0.7795292135165246,0.21320339092308346
25799,GOF,0.004559558318546657,0.6791342112424971,0.31630623043895617
25800,GOF,0.022954604774910667,0.8311463943213894,0.14589900090369992
25801,GOF,0.02455918270389985,0.8627047124746359,0.11273610482146439
25802,GOF,0.02955425350038954,0.7572499127864506,0.21319583371315987
25803,GOF,0.023774939036943898,0.7234415189474126,0.2527835420156435
25804,GOF,0.03411838995491485,0.767158490461844,0.19872311958324107
25805,GOF,0.030383825914319804,0.8058194291187334,0.16379674496694682
25806,GOF,0.039425363569201934,0.8068483904943183,0.15372624593647974
25807,GOF,0.015543682718501275,0.7596661688978509,0.2247901483836477
25808,GOF,0.026461208881490044,0.7688214998797219,0.20471729123878799
25809,GOF,0.013354977926482142,0.7175915941831429,0.26905342789037495
25810,GOF,0.012039241090041272,0.7166415987040256,0.27131916020593316
25811,GOF,0.0729968930059829,0.8253685009108246,0.10163460608319229
25812,GOF,0.03644920519492386,0.7432837941481129,0.22026700065696317
25813,GOF,0.205113846077329,0.6988357669924461,0.09605038693022487
25814,GOF,0.033070550922542845,0.7163448381123859,0.25058461096507123
25815,GOF,0.06878629766897605,0.7633348073156707,0.1678788950153532
25816,GOF,0.011287102394381802,0.8593900785836968,0.12932281902192141
25817,GOF,0.11573184024945095,0.7273743546179103,0.1568938051326386
25818,GOF,0.030493930994530884,0.7702857831542501,0.199220285851219
25819,GOF,0.05374928299234848,0.7418919109236134,0.20435880608403822
25820,GOF,0.0548867710476428,0.6894176942744698,0.2556955346778874
25821,GOF,0.03963977269589614,0.7443340858997604,0.21602614140434362
25822,GOF,0.06104292553264443,0.7141555351590475,0.22480153930830818
25823,GOF,0.03396398761772465,0.671753733161716,0.2942822792205593
25824,GOF,0.0359121393417468,0.7556369783426121,0.2084508823156411
25825,GOF,0.02611299282103282,0.7599824710637607,0.21390453611520654
25826,GOF,0.013857929906393153,0.7097357210055921,0.27640634908801476
25827,GOF,0.018333529949557954,0.7191905267708828,0.26247594327955936
25828,GOF,0.010989186798020915,0.7516800211628978,0.23733079203908122
25829,GOF,0.004833048274131041,0.6520018690794256,0.3431650826464434
25830,LOF,0.05993098527517913,0.43489225889287303,0.5051767558319479
25831,GOF,0.06969194961466517,0.7544965826000767,0.17581146778525816
25832,GOF,0.011932908297276735,0.7063544101778096,0.2817126815249137
25833,GOF,0.04307026398129841,0.7820869392703282,0.17484279674837336
25834,GOF,0.012314572769923263,0.729860859474154,0.25782456775592255
25835,GOF,0.026296945445242595,0.8001863113247065,0.17351674323005073
25836,GOF,0.007406681098320043,0.7174176859184745,0.2751756329832055
25837,GOF,0.010042944818078077,0.7347800076883982,0.25517704749352366
25838,GOF,0.021108203688981374,0.7889009877283344,0.18999080858268427
25839,GOF,0.0486182464446627,0.749748695578115,0.2016330579772223
25840,GOF,0.08499118513039748,0.722923509273155,0.19208530559644763
25841,GOF,0.07699527044476567,0.7714497969653796,0.15155493258985459
25842,GOF,0.03004992397288268,0.8624673600494493,0.10748271597766781
25843,GOF,0.02867851401718193,0.8613911090155962,0.10993037696722191
25844,GOF,0.021633881624434734,0.7830745739834227,0.19529154439214252
25845,GOF,0.007473596330236778,0.678087076032683,0.3144393276370802
25846,GOF,0.07085744022374439,0.8098984574802573,0.11924410229599824
25847,GOF,0.017418745795176757,0.8578459746485692,0.12473527955625402
25848,GOF,0.024944784034377613,0.800303424448043,0.1747517915175793
25849,GOF,0.007708518598625549,0.7716074262127708,0.22068405518860365
25850,GOF,0.006824506313701387,0.6654973362730727,0.32767815741322587
25851,GOF,0.0062066060923464846,0.6029592695625733,0.3908341243450802
25852,GOF,0.1394454681134763,0.4509855592775849,0.4095689726089389
25853,GOF,0.05594125829245835,0.7447947897381588,0.19926395196938282
25854,GOF,0.006559130765279105,0.705225126596828,0.28821574263789274
25855,GOF,0.022172821898343104,0.5523680997052176,0.42545907839643937
25856,GOF,0.045951475860824195,0.6591108366274205,0.2949376875117553
25857,GOF,0.022725154176539406,0.5498332804695482,0.4274415653539124
25858,GOF,0.010566699527236408,0.532225011806607,0.4572082886661566
25859,GOF,0.007752700271259532,0.5110574901754786,0.48118980955326185
25860,GOF,0.08735563316640818,0.675948383081192,0.2366959837524
25861,GOF,0.10673092192002,0.7621728507189852,0.13109622736099474
25862,GOF,0.024891517968139095,0.88349910155305,0.09160938047881095
25863,GOF,0.02071234897422907,0.855502689863418,0.12378496116235288
25864,GOF,0.03529932459217425,0.8831634520494065,0.08153722335841937
25865,GOF,0.03837254732621635,0.85992515042465,0.10170230224913368
25866,GOF,0.01960043149039844,0.8583558413727703,0.12204372713683126
25867,GOF,0.04328201726596793,0.8553339721072629,0.10138401062676908
25868,GOF,0.07192806302855828,0.7347166180017534,0.1933553189696883
25869,GOF,0.34054077378362885,0.5271443432506854,0.13231488296568575
25870,GOF,0.07982092474965677,0.494821014834335,0.42535806041600827
25871,GOF,0.009038487317098493,0.8022594177746544,0.18870209490824702
25872,GOF,0.021390601051368467,0.7626294813792823,0.21597991756934914
25873,GOF,0.0219193269183336,0.8546194472483559,0.12346122583331044
25874,LOF,0.026722351042872024,0.1355402408365182,0.8377374081206098
25875,LOF,0.022523074426747086,0.12513566314012545,0.8523412624331274
25876,LOF,0.02434313567453955,0.0644045979187692,0.9112522664066913
25877,LOF,0.11670750886269107,0.20730198894830976,0.6759905021889993
25878,LOF,0.07555309645173347,0.2948048419365051,0.6296420616117614
25879,LOF,0.010800476359931066,0.1875329623367067,0.8016665613033623
25880,LOF,0.05399534411787965,0.020617454696132066,0.9253872011859883
25881,Neutral,0.5050122480381029,0.1622977790798568,0.33268997288204033
25882,LOF,0.04691255200750776,0.04656510413234692,0.9065223438601454
25883,LOF,0.03031735313456722,0.037002255488849715,0.9326803913765831
25884,LOF,0.01609511287084624,0.060558051191712786,0.923346835937441
25885,LOF,0.1590699005492995,0.01949721567090668,0.8214328837797938
25886,LOF,0.26546595663223,0.06756364240933004,0.6669704009584401
25887,LOF,0.06732937696541878,0.24775321735475966,0.6849174056798215
25888,LOF,0.007466868767539487,0.24454310767577395,0.7479900235566866
25889,LOF,0.024252277788345086,0.05161407425012359,0.9241336479615313
25890,LOF,0.2141298691475527,0.07139767889671299,0.7144724519557344
25891,LOF,0.10802961262313589,0.045774033831514856,0.8461963535453494
25892,LOF,0.008284004665514128,0.025300216135420252,0.9664157791990656
25893,LOF,0.2868298885247076,0.00869747854970734,0.7044726329255852
25894,LOF,0.3308707470754328,0.005588712520442391,0.6635405404041248
25895,LOF,0.27893305261404183,0.012208399742950874,0.7088585476430073
25896,LOF,0.0918777609131454,0.028272489619515038,0.8798497494673395
25897,LOF,0.11490472635792635,0.011018640939964446,0.8740766327021093
25898,LOF,0.11393038861272341,0.025803552106890077,0.8602660592803865
25899,LOF,0.40074275270812176,0.026463796372871565,0.5727934509190067
25900,Neutral,0.7738390096022701,0.01180813126589117,0.2143528591318387
25901,LOF,0.07027701159266742,0.010418345682900931,0.9193046427244317
25902,LOF,0.0781108627023563,0.007927427690505038,0.9139617096071386
25903,LOF,0.16414516409561103,0.02553324409529705,0.8103215918090919
25904,LOF,0.4719967584385517,0.050184548282283,0.47781869327916526
25905,LOF,0.00775768198528151,0.39963203582119194,0.5926102821935266
25906,LOF,0.008511293427841267,0.07453416680063173,0.916954539771527
25907,LOF,0.008889422439083035,0.2753873352964695,0.7157232422644474
25908,LOF,0.007795462290263146,0.23333433768627085,0.7588702000234661
25909,LOF,0.03182619530456987,0.12806233159233063,0.8401114731030995
25910,LOF,0.01659620494808363,0.10890335768118624,0.8745004373707301
25911,LOF,0.17133820118930096,0.02997484979511324,0.7986869490155857
25912,LOF,0.12206126550224163,0.022444328686811354,0.855494405810947
25913,LOF,0.016259941931433774,0.026446694193798893,0.9572933638747674
25914,LOF,0.05061222573440821,0.03608146019601675,0.913306314069575
25915,LOF,0.22836351062876406,0.33816569398394836,0.4334707953872875
25916,LOF,0.014114070459020491,0.18925392155517928,0.7966320079858001
25917,LOF,0.07606610837632842,0.04739520258008355,0.876538689043588
25918,LOF,0.05501081085928677,0.024390108225573928,0.9205990809151393
25919,LOF,0.043375216731812,0.024268290429177386,0.9323564928390107
25920,LOF,0.3710135179259461,0.24117726606623283,0.38780921600782114
25921,LOF,0.020130174497242886,0.020932083967870295,0.9589377415348868
25922,LOF,0.021519367538886516,0.01941931749243546,0.9590613149686781
25923,LOF,0.4179270684714552,0.01099506396583104,0.5710778675627137
25924,LOF,0.03203810712679276,0.016069235382739785,0.9518926574904674
25925,LOF,0.11498442369139826,0.022720314235745918,0.8622952620728559
25926,LOF,0.09152712135598592,0.016468603384050956,0.8920042752599632
25927,LOF,0.029448618248316766,0.024397721245467487,0.9461536605062156
25928,LOF,0.0164475547526895,0.01107563061719071,0.9724768146301198
25929,Neutral,0.5527180697064863,0.01074587213905427,0.43653605815445934
25930,LOF,0.061814794921090606,0.009667428636258404,0.928517776442651
25931,LOF,0.01582294269688843,0.011137959815740707,0.9730390974873709
25932,LOF,0.07902762702302103,0.009318892606141006,0.911653480370838
25933,LOF,0.09406840783275444,0.0062716197619776225,0.899659972405268
25934,LOF,0.08414566791246755,0.006879409511468689,0.9089749225760636
25935,LOF,0.10799362086317695,0.0184236619289453,0.8735827172078778
25936,LOF,0.09478637661115148,0.006970077444366665,0.898243545944482
25937,LOF,0.017608157270149086,0.014337993204059783,0.9680538495257912
25938,LOF,0.10856699286981342,0.016558374127726663,0.8748746330024598
25939,LOF,0.06503582690883544,0.012516879109234722,0.9224472939819298
25940,GOF,0.010799847659008016,0.5148558241985683,0.47434432814242367
25941,LOF,0.45903797870163265,0.02690014392594331,0.514061877372424
25942,LOF,0.009590712775224705,0.04557077558531414,0.9448385116394612
25943,LOF,0.044061950363817645,0.11625493143382239,0.83968311820236
25944,LOF,0.039681303249405206,0.08321277860022913,0.8771059181503655
25945,LOF,0.1370660988853155,0.02050099130626296,0.8424329098084214
25946,LOF,0.08514172822052136,0.07038357093451142,0.8444747008449671
25947,Neutral,0.44407942362721103,0.2166930976511457,0.33922747872164327
25948,Neutral,0.543313030236169,0.02099329470249867,0.43569367506133244
25949,LOF,0.09822162659224573,0.04444286830307963,0.8573355051046746
25950,GOF,0.08788847770018346,0.685087027948041,0.2270244943517754
25951,GOF,0.013301586912387236,0.5809694461776036,0.40572896691000915
25952,LOF,0.1496031809912587,0.3427884240540088,0.5076083949547324
25953,LOF,0.006790246159938719,0.36770128009136543,0.6255084737486958
25954,GOF,0.05588385997662958,0.5649168400153791,0.37919930000799135
25955,LOF,0.0079961971884087,0.38456402357702074,0.6074397792345705
25956,LOF,0.008628658624639027,0.43963214431164166,0.5517391970637193
25957,LOF,0.17565867794803813,0.05607972617586661,0.7682615958760952
25958,LOF,0.024280623563176333,0.06093154620449726,0.9147878302323263
25959,GOF,0.0067564151404115366,0.7246881405348982,0.2685554443246905
25960,LOF,0.005760948438043868,0.11039738131740612,0.88384167024455
25961,LOF,0.02403590809470594,0.060104387355974495,0.9158597045493196
25962,LOF,0.039761325829496735,0.10869844231208878,0.8515402318584145
25963,LOF,0.010504890155858563,0.13734032893180753,0.8521547809123339
25964,LOF,0.049707420783519474,0.09140526449000935,0.8588873147264712
25965,LOF,0.16090645776783655,0.18443894776264116,0.6546545944695223
25966,LOF,0.3053016710609742,0.25766658923459657,0.4370317397044292
25967,LOF,0.006544646312040845,0.13716950275563894,0.8562858509323202
25968,LOF,0.06715674034336698,0.2135302804230379,0.7193129792335952
25969,LOF,0.1268456256713395,0.050292419114423476,0.822861955214237
25970,LOF,0.05692854934040725,0.07641035450481944,0.8666610961547732
25971,LOF,0.07888181568603138,0.030865347901424325,0.8902528364125443
25972,LOF,0.08392105239877268,0.03483728623904133,0.8812416613621861
25973,LOF,0.08545266680685484,0.008232962340363793,0.9063143708527813
25974,LOF,0.06502136043254773,0.03509951665363126,0.8998791229138209
25975,LOF,0.030723729805054164,0.010314958161839593,0.9589613120331063
25976,LOF,0.09512188840217364,0.010717756977358243,0.8941603546204681
25977,LOF,0.23097913924662117,0.05927916676361568,0.7097416939897632
25978,LOF,0.18265335123117432,0.1242251666300892,0.6931214821387365
25979,LOF,0.13138104466051764,0.12159766222250934,0.747021293116973
25980,LOF,0.22098578207259872,0.23636540881103746,0.5426488091163638
25981,LOF,0.22213012614057026,0.2423926524530976,0.5354772214063321
25982,LOF,0.32059335292011726,0.11698257664399966,0.562424070435883
25983,Neutral,0.5041406744526142,0.1082759307660733,0.3875833947813124
25984,LOF,0.06394528489027762,0.057324199229672086,0.8787305158800504
25985,Neutral,0.4783183488703444,0.10974218608800256,0.41193946504165296
25986,LOF,0.012513271133210473,0.37753486924199303,0.6099518596247966
25987,LOF,0.03291352837443089,0.08167335491216964,0.8854131167133995
25988,LOF,0.050177185682035594,0.08999470891656301,0.8598281054014013
25989,LOF,0.051250592205961745,0.10730021392480354,0.8414491938692347
25990,LOF,0.05148906455029693,0.22512684011462325,0.7233840953350799
25991,GOF,0.021872189460565485,0.6309139374076049,0.3472138731318296
25992,LOF,0.011319342378312966,0.47434756947380957,0.5143330881478775
25993,LOF,0.01974366631699403,0.0922445465967172,0.8880117870862887
25994,LOF,0.026638065535350773,0.10588904331316491,0.8674728911514843
25995,LOF,0.016562659388927647,0.17901861767569172,0.8044187229353807
25996,GOF,0.32768437819360846,0.49587812306233564,0.17643749874405576
25997,GOF,0.06081409523362254,0.6379065187778762,0.30127938598850124
25998,LOF,0.23960288267352098,0.029840379060147987,0.730556738266331
25999,LOF,0.02724780512348628,0.27642928396164845,0.6963229109148653
26000,LOF,0.1722950726075532,0.012118063861738235,0.8155868635307086
26001,LOF,0.16581775055848366,0.015522987126741727,0.8186592623147746
26002,LOF,0.10901650630975927,0.014119841278244342,0.8768636524119964
26003,GOF,0.006973113138346746,0.614415534624129,0.3786113522375243
26004,GOF,0.01607977579668912,0.617999794411503,0.36592042979180794
26005,GOF,0.005755813103045988,0.5134269492833011,0.48081723761365286
26006,GOF,0.09867084248089586,0.5232901931710735,0.37803896434803075
26007,GOF,0.009433867056837433,0.5672237719238419,0.42334236101932066
26008,GOF,0.006891126088750184,0.6436270393539643,0.3494818345572855
26009,GOF,0.01276884840105046,0.6482001247222197,0.3390310268767299
26010,GOF,0.01201053438985915,0.5406956032071121,0.44729386240302876
26011,LOF,0.006512659625911964,0.42097930315943166,0.5725080372146563
26012,GOF,0.005947470637346913,0.5425878911224523,0.4514646382402007
26013,GOF,0.011417604480349643,0.5037707358967021,0.48481165962294825
26014,LOF,0.053919981012474,0.06634572007793356,0.8797342989095924
26015,LOF,0.38584666957020797,0.035088774994914994,0.579064555434877
26016,LOF,0.26430789729605103,0.05508942672984834,0.6806026759741006
26017,LOF,0.016599771557177165,0.19331929103727463,0.7900809374055483
26018,LOF,0.020424238698788406,0.11176292414063628,0.8678128371605752
26019,LOF,0.020501735333146868,0.10018872050337045,0.8793095441634827
26020,LOF,0.006973232653467709,0.17962856439190988,0.8133982029546224
26021,LOF,0.08419526291551835,0.09263816184966481,0.8231665752348168
26022,LOF,0.04704829912383641,0.03697732977397975,0.9159743711021839
26023,LOF,0.030584913700526083,0.08486547187747367,0.8845496144220003
26024,LOF,0.05288828889152983,0.06518104037545928,0.8819306707330108
26025,LOF,0.1444367174244451,0.08875119920505484,0.7668120833705
26026,LOF,0.12164976593831024,0.0647613132546948,0.813588920806995
26027,LOF,0.027873150497015362,0.05065502261988146,0.9214718268831033
26028,LOF,0.07328299473332951,0.23427451660315685,0.6924424886635135
26029,LOF,0.035411058495700705,0.14989277865651304,0.8146961628477861
26030,LOF,0.12805023277985295,0.020669665022667896,0.8512801021974792
26031,LOF,0.01661341609191066,0.15123485956650892,0.8321517243415805
26032,LOF,0.026422870467809993,0.031929467335733014,0.941647662196457
26033,LOF,0.04316840517317808,0.06323051233809462,0.8936010824887273
26034,LOF,0.022098959309859074,0.09528705876063585,0.882613981929505
26035,LOF,0.013645728437424377,0.11202094151257373,0.8743333300500019
26036,LOF,0.012524069559568588,0.09411658564885253,0.8933593447915789
26037,LOF,0.01236581176012337,0.09765386657766569,0.889980321662211
26038,LOF,0.02247507228676648,0.031282697718425456,0.946242229994808
26039,LOF,0.03412394302790314,0.13641723539358164,0.8294588215785151
26040,LOF,0.06576376119626619,0.18889537730186715,0.7453408615018666
26041,LOF,0.014404027705193095,0.104036250790348,0.8815597215044589
26042,LOF,0.013402389792207493,0.11229782379362677,0.8742997864141658
26043,LOF,0.02290221556810043,0.057671717136573354,0.9194260672953262
26044,LOF,0.008142209986771705,0.051093482187772446,0.940764307825456
26045,LOF,0.08777271179764745,0.21584995958878841,0.696377328613564
26046,LOF,0.022620508202684905,0.05566019283242126,0.9217192989648937
26047,LOF,0.06731402062784612,0.047826913088178276,0.8848590662839757
26048,LOF,0.07909334161061556,0.027774688568350213,0.8931319698210343
26049,Neutral,0.93249685512817,0.006983997482110116,0.06051914738971987
26050,Neutral,0.8886396810901307,0.008611343536094924,0.10274897537377431
26051,LOF,0.02737112679638782,0.2929261298501878,0.6797027433534244
26052,LOF,0.031331826627974284,0.19951024454906058,0.7691579288229651
26053,LOF,0.024957102812721853,0.183421136903633,0.7916217602836452
26054,LOF,0.0561482424907276,0.07479877362772744,0.8690529838815451
26055,LOF,0.05962664737355093,0.07470825904543682,0.8656650935810122
26056,LOF,0.05627206077979663,0.07753214303551306,0.8661957961846902
26057,LOF,0.045681732135405925,0.016828489977759695,0.9374897778868344
26058,LOF,0.05105268662675414,0.013480117398681357,0.9354671959745645
26059,LOF,0.2614882391512097,0.10384920132064897,0.6346625595281412
26060,LOF,0.019778660115564273,0.20654161076229782,0.7736797291221379
26061,LOF,0.012787002736151411,0.010499798763810816,0.9767131985000379
26062,LOF,0.006010043672950968,0.023779357596643215,0.9702105987304059
26063,LOF,0.04769869386006527,0.013677144286730367,0.9386241618532043
26064,LOF,0.008332383574872017,0.015103009730495503,0.9765646066946325
26065,LOF,0.05098647559680846,0.019403230368831025,0.9296102940343605
26066,LOF,0.04157391307635948,0.012035697638097401,0.9463903892855431
26067,LOF,0.04923214875093088,0.014068533515006362,0.9366993177340628
26068,LOF,0.05250448459916302,0.04930338198308977,0.8981921334177473
26069,LOF,0.16862443873768498,0.04227926005351756,0.7890963012087975
26070,LOF,0.3793854922560606,0.023647688690309636,0.5969668190536297
26071,LOF,0.05223501684613522,0.018016577446020424,0.9297484057078442
26072,LOF,0.007986086998717652,0.018702891177891905,0.9733110218233904
26073,LOF,0.04972056307052714,0.012041155768454744,0.9382382811610182
26074,Neutral,0.7169296126462379,0.018601552894794218,0.2644688344589679
26075,LOF,0.03945090119375223,0.037622133833523974,0.9229269649727239
26076,LOF,0.05105093578879832,0.01800910230864653,0.9309399619025551
26077,LOF,0.16602468073454965,0.018864216163462923,0.8151111031019874
26078,LOF,0.006751199379249165,0.026363279504135168,0.9668855211166157
26079,LOF,0.056322931000594954,0.035740524445144514,0.9079365445542605
26080,LOF,0.05564809280087542,0.03591010216763154,0.9084418050314931
26081,LOF,0.049800920598445854,0.016617118412989934,0.9335819609885643
26082,LOF,0.007587684128157832,0.02514627238414493,0.9672660434876972
26083,LOF,0.05932346784571029,0.028830591149599946,0.9118459410046899
26084,LOF,0.07703064578705578,0.017601831039594885,0.9053675231733492
26085,LOF,0.06688043574155776,0.014806349766852757,0.9183132144915895
26086,LOF,0.04301678524970217,0.019719072200993584,0.9372641425493042
26087,LOF,0.044703034394538765,0.016353798616276893,0.9389431669891842
26088,LOF,0.007627981642061327,0.036777987237458246,0.9555940311204805
26089,LOF,0.03620678677091051,0.05884982418820946,0.9049433890408801
26090,LOF,0.03585086522345173,0.049347208612986776,0.9148019261635616
26091,LOF,0.0367258393600556,0.013469179993150181,0.9498049806467942
26092,LOF,0.047055366913846285,0.012968374164202712,0.939976258921951
26093,LOF,0.07228990637224077,0.007724449150698405,0.9199856444770608
26094,LOF,0.04255631159223021,0.01056482892529463,0.9468788594824751
26095,LOF,0.012725331453837536,0.026554004306429867,0.9607206642397326
26096,LOF,0.31673339878656276,0.0047995641044971775,0.67846703710894
26097,LOF,0.007382727376439671,0.05243039862728919,0.9401868739962712
26098,LOF,0.06059325312067555,0.03507376845562547,0.9043329784236991
26099,LOF,0.056116149858441114,0.036804190937707884,0.9070796592038509
26100,LOF,0.056116149858441114,0.036804190937707884,0.9070796592038509
26101,LOF,0.05489620171559189,0.04750153449425814,0.89760226379015
26102,LOF,0.04345062474055928,0.02120451317532493,0.9353448620841157
26103,Neutral,0.8795333449263285,0.0435229015604146,0.07694375351325701
26104,LOF,0.04673781466183465,0.1122633603535349,0.8409988249846305
26105,LOF,0.26769747700451496,0.06061001832102013,0.6716925046744648
26106,LOF,0.3192029949894441,0.03629020331071476,0.6445068016998411
26107,LOF,0.01744332579748063,0.05170491532918071,0.9308517588733386
26108,LOF,0.17891675784487995,0.05950087606159106,0.7615823660935289
26109,LOF,0.05402528673151726,0.04462809217922549,0.9013466210892573
26110,Neutral,0.5246978053574451,0.027103812471098693,0.44819838217145624
26111,LOF,0.06099446173606329,0.17904462829059378,0.759960909973343
26112,LOF,0.07114589924778493,0.019119157630541162,0.9097349431216739
26113,LOF,0.07216003440655766,0.03800559446575995,0.8898343711276825
26114,LOF,0.1129294734791943,0.01463706203543031,0.8724334644853754
26115,LOF,0.021212179527711966,0.08188982497005294,0.896897995502235
26116,LOF,0.05596963617608534,0.02864278129772727,0.9153875825261873
26117,LOF,0.32295303485614113,0.07340545903617801,0.6036415061076809
26118,LOF,0.03781622051158241,0.023525243760518268,0.9386585357278993
26119,LOF,0.005864782215096948,0.08718814289135436,0.9069470748935488
26120,LOF,0.029285081929958,0.01809926184399434,0.9526156562260477
26121,LOF,0.0038862888902934847,0.11204803357605038,0.8840656775336561
