feature0,prediction,LoGoFunc_Neutral,LoGoFunc_GOF,LoGoFunc_LOF
25546,Neutral,0.6704136040149888,0.06370511887524843,0.2658812771097628
25547,Neutral,0.5560960817150643,0.13772212715646598,0.30618179112846966
25548,Neutral,0.512154232756189,0.10949907790925481,0.3783466893345562
25549,Neutral,0.48588704877549593,0.11090201894167565,0.4032109322828284
25550,LOF,0.3973470888259942,0.19772604710185696,0.4049268640721488
25551,LOF,0.33334136661762975,0.18276557773378835,0.4838930556485818
25552,LOF,0.19054615640247163,0.18854549528133552,0.6209083483161928
25553,Neutral,0.8126477722124171,0.04303298002310149,0.1443192477644813
25554,LOF,0.22898631763147267,0.1768103224041944,0.5942033599643329
25555,LOF,0.1867890513624354,0.1568828879617627,0.6563280606758018
25556,Neutral,0.5199442220752062,0.11776330091265513,0.36229247701213874
25557,LOF,0.180397923811964,0.16282031340571285,0.6567817627823233
25558,LOF,0.22314983227624138,0.19586759341452165,0.5809825743092369
25559,LOF,0.47557014019074184,0.022658448108076504,0.5017714117011817
25560,LOF,0.039268464163296414,0.20836773540504855,0.7523638004316551
25561,LOF,0.10171951655496941,0.2745233867594741,0.6237570966855565
25562,LOF,0.11716670023343222,0.06522119045687495,0.8176121093096929
25563,LOF,0.097012398100206,0.1122145535353232,0.7907730483644708
25564,LOF,0.06832117772187578,0.12580786302769906,0.8058709592504252
25565,LOF,0.14548578454892802,0.21586334469570526,0.6386508707553666
25566,GOF,0.01912259205579581,0.7271850684398713,0.25369233950433284
25567,LOF,0.010487509798095327,0.18469388391691632,0.8048186062849884
25568,LOF,0.04254582988342965,0.06820520772831025,0.8892489623882601
25569,LOF,0.05607287276184408,0.05813483884027769,0.8857922883978783
25570,LOF,0.044008237137558776,0.0793037085971732,0.876688054265268
25571,LOF,0.04884880325615296,0.07582702219046063,0.8753241745533865
25572,LOF,0.04407214104548821,0.08892076399896186,0.86700709495555
25573,LOF,0.02531948007165789,0.07844998602225144,0.8962305339060908
25574,LOF,0.013452211419089886,0.22592036371927782,0.7606274248616323
25575,LOF,0.04227493141288012,0.062269311713712694,0.8954557568734072
25576,LOF,0.013841202779735247,0.07292113638397123,0.9132376608362934
25577,LOF,0.00968952824012021,0.06851227688659733,0.9217981948732824
25578,LOF,0.2464555682434877,0.07745966992871328,0.6760847618277991
25579,LOF,0.24972551092553916,0.07642978077025003,0.6738447083042108
25580,LOF,0.025231125337191053,0.06055074790407642,0.9142181267587325
25581,LOF,0.045353658316887015,0.07538831317814484,0.8792580285049681
25582,LOF,0.044877293971597065,0.06725889500819617,0.8878638110202067
25583,LOF,0.027146818721362508,0.062341158647911225,0.9105120226307263
25584,Neutral,0.4854813041052978,0.09821160495764963,0.4163070909370526
25585,LOF,0.021870038593174625,0.08106598272727744,0.8970639786795479
25586,LOF,0.026498096634720428,0.05279790339810014,0.9207039999671796
25587,LOF,0.023273471328733076,0.04472406452026792,0.9320024641509991
25588,LOF,0.022603001750555803,0.057644628996609576,0.9197523692528347
25589,Neutral,0.6176667380610732,0.1192481759977686,0.26308508594115815
25590,LOF,0.020964159907258348,0.11024065252111225,0.8687951875716294
25591,LOF,0.11282866503818284,0.04945078210363324,0.8377205528581838
25592,LOF,0.07038273573030006,0.0894196512735874,0.8401976129961126
25593,LOF,0.010302223864777764,0.49213026856597675,0.49756750756924545
25594,LOF,0.03772658825246871,0.09150155766250624,0.870771854085025
25595,LOF,0.07067209449245379,0.06112264117137147,0.8682052643361748
25596,LOF,0.10253923008095998,0.03999122857249364,0.8574695413465464
25597,LOF,0.08276327831712318,0.017204592440588806,0.900032129242288
25598,LOF,0.050349250049990434,0.09876580072159566,0.8508849492284138
25599,LOF,0.0090033751118774,0.48727367780007097,0.5037229470880517
25600,LOF,0.009806117201507116,0.4244223591130154,0.5657715236854775
25601,LOF,0.008304724571031607,0.22225802176105997,0.7694372536679084
25602,LOF,0.019560521742404555,0.056382668310743136,0.9240568099468524
25603,LOF,0.04149619149429601,0.06582570501524838,0.8926781034904556
25604,LOF,0.03520409465041328,0.08360235910571504,0.8811935462438717
25605,LOF,0.012096406346319278,0.23985052842144944,0.7480530652322313
25606,GOF,0.061978678176702884,0.5783645209142179,0.3596568009090793
25607,LOF,0.0035265115278354533,0.12633786772648095,0.8701356207456835
25608,LOF,0.048898339960213755,0.0366311870551095,0.9144704729846767
25609,LOF,0.08326587650725831,0.24379752056106188,0.6729366029316799
25610,LOF,0.043719498398291555,0.017511781738753694,0.9387687198629546
25611,LOF,0.05496178954143956,0.011686475290412003,0.9333517351681484
25612,LOF,0.11482069132192252,0.030230830351453575,0.8549484783266239
25613,LOF,0.09483300825378761,0.03089716145704592,0.8742698302891666
25614,LOF,0.03802508168547217,0.029045509730993388,0.9329294085835345
25615,LOF,0.07774320690160368,0.037834123774724955,0.8844226693236714
25616,LOF,0.03290937514861079,0.036905231327491135,0.9301853935238982
25617,LOF,0.046716705989933056,0.024493682069238958,0.9287896119408281
25618,LOF,0.23781845253961148,0.030542789443542596,0.7316387580168459
25619,LOF,0.041011799675210785,0.0301621512524244,0.9288260490723648
25620,LOF,0.035279327375864145,0.04393133311326471,0.920789339510871
25621,LOF,0.04420757999472116,0.02410031748970029,0.9316921025155787
25622,LOF,0.030781553907573655,0.05226581132241188,0.9169526347700144
25623,LOF,0.05440116541712673,0.037521662546045005,0.9080771720368283
25624,LOF,0.03412368465490216,0.03868292092432049,0.9271933944207773
25625,LOF,0.04924809945859307,0.04256009638325989,0.9081918041581469
25626,LOF,0.07406236877483195,0.02554856914188078,0.9003890620832874
25627,Neutral,0.535801709299579,0.122910288313409,0.34128800238701185
25628,LOF,0.1859213853076863,0.06279477920671828,0.7512838354855955
25629,LOF,0.05129633115003263,0.09316542812280347,0.8555382407271638
25630,LOF,0.1996838265799377,0.08658565068637236,0.7137305227336901
25631,Neutral,0.6195684217293467,0.07314446778057873,0.30728711049007473
25632,LOF,0.01625758217263213,0.18063099146972744,0.8031114263576404
25633,LOF,0.24004538263022038,0.26783369394022305,0.4921209234295567
25634,LOF,0.03714600905560326,0.23870136915574966,0.724152621788647
25635,LOF,0.04365234669995577,0.16858478385674353,0.7877628694433007
25636,GOF,0.005276059007543007,0.6125782324117417,0.3821457085807152
25637,LOF,0.004659724078320538,0.39764551651803814,0.5976947594036414
25638,LOF,0.006017552026709532,0.40043168444379834,0.5935507635294921
25639,LOF,0.004787224303600115,0.33405940896381636,0.6611533667325834
25640,GOF,0.3271018770018532,0.6119268043748591,0.06097131862328756
25641,LOF,0.0072684075103396336,0.19261402662561156,0.8001175658640488
25642,LOF,0.21414943280078133,0.06754479716504179,0.718305770034177
25643,LOF,0.2568353210951806,0.06806493416535202,0.6750997447394673
25644,GOF,0.01168989461011448,0.5323036715198799,0.45600643387000567
25645,GOF,0.007814968088769358,0.6130166527861202,0.3791683791251105
25646,LOF,0.008532698040397066,0.35170425098873864,0.6397630509708643
25647,LOF,0.008894441978733266,0.29663562664542215,0.6944699313758446
25648,LOF,0.0057885056626293405,0.3725145818805059,0.6216969124568648
25649,LOF,0.006893391508603447,0.19616577443251176,0.7969408340588848
25650,GOF,0.01948940493266426,0.5215746485239475,0.45893594654338826
25651,LOF,0.00621422801469252,0.21629680890456573,0.7774889630807418
25652,LOF,0.009792464545684977,0.33579369282258226,0.6544138426317329
25653,GOF,0.038622671406750374,0.5018130949866374,0.45956423360661225
25654,LOF,0.00718001721031715,0.36980217872004495,0.6230178040696379
25655,GOF,0.07039511714795516,0.4923719228402912,0.43723296001175366
25656,LOF,0.09446251024273719,0.04849411472628926,0.8570433750309735
25657,LOF,0.2682722039110628,0.028965646297970226,0.702762149790967
25658,LOF,0.03392175535033441,0.0983533419170914,0.8677249027325743
25659,LOF,0.2545193022598109,0.08769819649507365,0.6577825012451154
25660,LOF,0.10181723311701217,0.06923508245413666,0.8289476844288513
25661,LOF,0.06190370454540848,0.060610570821354605,0.8774857246332369
25662,LOF,0.04091742057838554,0.05453651505650857,0.9045460643651059
25663,LOF,0.04016074810328576,0.10036143559207399,0.8594778163046403
25664,LOF,0.02672933440054264,0.21118899995884524,0.7620816656406122
25665,LOF,0.041140641313000194,0.05747325546922943,0.9013861032177704
25666,LOF,0.0368361415074895,0.20862771064896019,0.7545361478435503
25667,LOF,0.041065222953717284,0.03129214394165614,0.9276426331046265
25668,LOF,0.04559413395231565,0.04643172895347125,0.907974137094213
25669,LOF,0.035811422082706316,0.08129309866989247,0.8828954792474013
25670,LOF,0.06520369701859713,0.09753718593966709,0.8372591170417358
25671,LOF,0.04979278387943204,0.039963071182532665,0.9102441449380354
25672,LOF,0.04623355756267227,0.06047287516589954,0.8932935672714282
25673,LOF,0.03774398306577177,0.07675083134369307,0.8855051855905353
25674,LOF,0.02592802187936202,0.10560654972558435,0.8684654283950537
25675,LOF,0.032904570581768045,0.05078210740462596,0.9163133220136059
25676,LOF,0.03883544351473878,0.055730058135972774,0.9054344983492885
25677,LOF,0.07052997229171182,0.04750188598088502,0.8819681417274032
25678,LOF,0.19377874477798623,0.04408444409623718,0.7621368111257766
25679,LOF,0.11138346238428827,0.07158640320868677,0.8170301344070249
25680,LOF,0.10537782274104218,0.08001377819534228,0.8146083990636156
25681,LOF,0.10985053050745042,0.07969476931385372,0.8104547001786959
25682,LOF,0.04502652254987824,0.04024622635363499,0.9147272510964867
25683,LOF,0.07750607536005048,0.0786078816649836,0.8438860429749659
25684,LOF,0.06315388836326312,0.051365619636361555,0.8854804920003753
25685,LOF,0.10703127437564817,0.051030498332906904,0.841938227291445
25686,LOF,0.027193634521432572,0.11276513830089772,0.8600412271776698
25687,LOF,0.03938787016546119,0.12874012882280575,0.8318720010117331
25688,LOF,0.025830193203931488,0.11819590888572214,0.8559738979103464
25689,LOF,0.014771867264852133,0.06984529066442569,0.9153828420707223
25690,LOF,0.02098441591077539,0.08107388313732741,0.8979417009518972
25691,LOF,0.15305221652006273,0.12380073623464273,0.7231470472452947
25692,LOF,0.3318641435658476,0.013659346504757568,0.6544765099293949
25693,LOF,0.02932659890447708,0.45846477202482827,0.5122086290706946
25694,LOF,0.2588525944417562,0.013950978917888057,0.7271964266403557
25695,LOF,0.20262505846076226,0.019856449079434003,0.7775184924598038
25696,LOF,0.0900530084535584,0.018581317751375448,0.8913656737950661
25697,LOF,0.07692479701730276,0.013065974813537036,0.9100092281691602
25698,LOF,0.017471000364846837,0.20835918866105493,0.7741698109740982
25699,LOF,0.08291627171340883,0.3993988736770038,0.5176848546095874
25700,LOF,0.04895179004515927,0.023696780936381733,0.9273514290184589
25701,LOF,0.010731297240746028,0.4037960335791803,0.5854726691800737
25702,GOF,0.02934906383923479,0.5635064279136942,0.407144508247071
25703,LOF,0.01651403674910061,0.06574070449477377,0.9177452587561257
25704,LOF,0.06916490262756084,0.04653999349238326,0.8842951038800559
25705,LOF,0.0876271745174236,0.16364680578350724,0.7487260196990692
25706,GOF,0.02174946411129746,0.617884776114221,0.3603657597744816
25707,GOF,0.03094445056501423,0.5441856205085635,0.4248699289264223
25708,GOF,0.009482714706353128,0.5554615958626011,0.4350556894310458
25709,LOF,0.05005218837940989,0.060543792420647655,0.8894040191999424
25710,LOF,0.0075634070211972465,0.14227294744564847,0.8501636455331544
25711,LOF,0.04804387913449715,0.09416634430545225,0.8577897765600505
25712,LOF,0.010206170485640025,0.20740294791381966,0.7823908816005403
25713,LOF,0.03769524959291016,0.09351649115579408,0.8687882592512958
25714,LOF,0.03584611816687291,0.1473442715410749,0.8168096102920522
25715,LOF,0.04495119369240265,0.10055658691295581,0.8544922193946415
25716,LOF,0.006362806069438614,0.10621981182238295,0.8874173821081784
25717,LOF,0.00663755169667846,0.10709031032390809,0.8862721379794134
25718,LOF,0.03799964088207351,0.07104925228686797,0.8909511068310585
25719,LOF,0.04095759404835577,0.10365465947411827,0.855387746477526
25720,LOF,0.03616518639330129,0.10861517206302104,0.8552196415436776
25721,LOF,0.03769955274385105,0.1051320156731098,0.8571684315830391
25722,LOF,0.03060069066832148,0.12138355338322954,0.848015755948449
25723,LOF,0.052879275138015984,0.10843035127564843,0.8386903735863356
25724,LOF,0.07139478210029958,0.24584800021424702,0.6827572176854534
25725,LOF,0.060202215452971455,0.08972389269684579,0.8500738918501829
25726,LOF,0.03580675654575784,0.09611109606119435,0.8680821473930477
25727,LOF,0.04772568886495725,0.07794111561725475,0.8743331955177879
25728,LOF,0.04211371854502763,0.11453676779444831,0.843349513660524
25729,LOF,0.047019704500533215,0.11090027334950471,0.8420800221499621
25730,LOF,0.05300045769611737,0.08268136804848467,0.8643181742553979
25731,LOF,0.008595916493229315,0.10346790895006364,0.887936174556707
25732,LOF,0.0298671239631735,0.052527213942908345,0.917605662093918
25733,LOF,0.03843561672845341,0.07737167424851706,0.8841927090230296
25734,LOF,0.006084629999637803,0.29732736760488954,0.6965880023954728
25735,LOF,0.03346274989642287,0.08118855559700454,0.8853486945065725
25736,LOF,0.03265507537415553,0.1477791800120505,0.8195657446137938
25737,LOF,0.05844565809743014,0.08856173137967543,0.8529926105228944
25738,LOF,0.046592948483657,0.16978243784400787,0.7836246136723352
25739,LOF,0.03419922215588051,0.1278445991674104,0.837956178676709
25740,LOF,0.0600808898672614,0.11175971740865977,0.8281593927240789
25741,LOF,0.06007215503704366,0.10072823346695353,0.8391996114960028
25742,LOF,0.06517034121848883,0.1134232709047049,0.8214063878768063
25743,LOF,0.012658327368201574,0.016890138981675233,0.9704515336501232
25744,LOF,0.14914886854711243,0.13671681070230518,0.7141343207505823
25745,LOF,0.03344002059955013,0.0663879535421776,0.9001720258582724
25746,LOF,0.014538491364744263,0.10460618971598927,0.8808553189192665
25747,LOF,0.057312108815268145,0.02662209242058479,0.9160657987641471
25748,LOF,0.32337318297486034,0.08056669862949108,0.5960601183956485
25749,LOF,0.020459156998056213,0.06301767298211669,0.9165231700198271
25750,LOF,0.021357065545041902,0.07656267597408753,0.9020802584808706
25751,LOF,0.044933410097758496,0.060935173996331596,0.8941314159059099
25752,GOF,0.09241516795313448,0.542526896448101,0.36505793559876454
25753,LOF,0.007353181206064592,0.3248148757289016,0.6678319430650338
25754,GOF,0.009242062966384496,0.8666155334094737,0.12414240362414168
25755,LOF,0.00850530134187943,0.31755245811974514,0.6739422405383755
25756,LOF,0.02183038799790414,0.3347944104314786,0.6433752015706171
25757,GOF,0.008808038798014462,0.8238485310574214,0.16734343014456407
25758,GOF,0.01000025736157969,0.8654906072489549,0.12450913538946544
25759,GOF,0.0071429977716238905,0.6126400932584433,0.38021690896993293
25760,LOF,0.0065168865224973565,0.23539142653175746,0.7580916869457452
25761,GOF,0.050329265937895114,0.8714358069504126,0.07823492711169218
25762,LOF,0.02280003517448892,0.3322534703249441,0.6449464945005671
25763,LOF,0.00651368783614811,0.2606170811849683,0.7328692309788837
25764,GOF,0.07335926066114262,0.6589386598469956,0.2677020794918616
25765,GOF,0.010130760743968672,0.9014624823916201,0.08840675686441127
25766,GOF,0.030774352915901037,0.8313835051315941,0.13784214195250485
25767,GOF,0.01166009065029722,0.5734202134302329,0.41491969591947
25768,LOF,0.051318269435480734,0.07434796754721608,0.8743337630173033
25769,LOF,0.03275352288264599,0.10013768009900251,0.8671087970183515
25770,LOF,0.15211400819152635,0.17220644116731554,0.675679550641158
25771,LOF,0.02527010342915425,0.08931445079148058,0.8854154457793652
25772,LOF,0.051554252684039674,0.05606887581128198,0.8923768715046783
25773,LOF,0.01937813152875523,0.11505524430253652,0.8655666241687082
25774,LOF,0.024898625454929726,0.2535473830836067,0.7215539914614636
25775,LOF,0.02439892240807707,0.05532356492858703,0.9202775126633358
25776,LOF,0.039773161730835525,0.03681785934881987,0.9234089789203446
25777,LOF,0.27124813104637246,0.13367416685943143,0.5950777020941961
25778,LOF,0.03090375165464485,0.09424610169014157,0.8748501466552135
25779,GOF,0.061210120519872964,0.7684590196226713,0.17033085985745575
25780,GOF,0.07287589695649087,0.7894018882230116,0.13772221482049757
25781,GOF,0.031715943561687575,0.7461197590542566,0.22216429738405588
25782,GOF,0.03332237452672779,0.8239750520425524,0.1427025734307198
25783,GOF,0.06470149174259375,0.8258327772519942,0.10946573100541215
25784,GOF,0.10522761536063463,0.798009183088484,0.09676320155088136
25785,GOF,0.17982981187548094,0.7330213087040337,0.08714887942048553
25786,GOF,0.016094937094010144,0.6177627193180525,0.3661423435879374
25787,GOF,0.3512479655918456,0.5504289950267266,0.09832303938142774
25788,LOF,0.02326546305656582,0.07166059799096251,0.9050739389524716
25789,GOF,0.019904629793131807,0.7711632142495316,0.20893215595733658
25790,GOF,0.03215298797987908,0.7112616265413158,0.25658538547880533
25791,GOF,0.031103614953228678,0.5267504276440386,0.4421459574027328
25792,GOF,0.040160724589515834,0.6262888240964289,0.3335504513140553
25793,GOF,0.06202966585191693,0.6671955628149187,0.27077477133316447
25794,GOF,0.05392010682799681,0.506801747752382,0.4392781454196212
25795,GOF,0.058136294288462266,0.5528043267031674,0.3890593790083704
25796,GOF,0.18416510445424533,0.5444354160267368,0.27139947951901794
25797,GOF,0.08397239212746813,0.48921625494350596,0.42681135292902594
25798,GOF,0.007732993368029331,0.7555280821999971,0.23673892443197359
25799,GOF,0.005646071778818093,0.6508765927383113,0.3434773354828705
25800,GOF,0.023705645650419698,0.8176281414888039,0.15866621286077653
25801,GOF,0.025696254046668837,0.7772006461550901,0.1971030997982411
25802,GOF,0.02828111866439698,0.6826575744029714,0.2890613069326316
25803,GOF,0.024089858608477132,0.5996681734854078,0.37624196790611514
25804,GOF,0.038817284242365586,0.5975799087982356,0.3636028069593986
25805,GOF,0.028733645548787757,0.6467960683101718,0.32447028614104034
25806,GOF,0.03901366158121694,0.655318217447477,0.30566812097130613
25807,GOF,0.016792497967883548,0.553575602509103,0.4296318995230135
25808,GOF,0.029704735082492717,0.6577891712403399,0.3125060936771674
25809,GOF,0.01615422093801996,0.604378101758279,0.37946767730370096
25810,GOF,0.013688655349000057,0.6029084507139887,0.38340289393701127
25811,GOF,0.07867796759200786,0.7815518089868054,0.13977022342118656
25812,GOF,0.04902408018481774,0.597170828911318,0.35380509090386414
25813,GOF,0.2547310804314643,0.5814407944304953,0.1638281251380404
25814,GOF,0.04465264946878666,0.6232505879956006,0.3320967625356127
25815,GOF,0.06630339164636039,0.725697525334657,0.2079990830189826
25816,GOF,0.009588314947948401,0.7820640822550032,0.20834760279704842
25817,GOF,0.11509859734104848,0.6089574948571955,0.2759439078017561
25818,GOF,0.02871877052886578,0.7478803779068922,0.22340085156424208
25819,GOF,0.050076013337103396,0.6559318241089606,0.293992162553936
25820,GOF,0.05478913429811477,0.5583166827390939,0.3868941829627915
25821,GOF,0.03982934498412965,0.6185946699631732,0.34157598505269715
25822,GOF,0.07882931411173158,0.5982774396256668,0.3228932462626015
25823,GOF,0.03593218963272328,0.5927678233508549,0.37129998701642175
25824,GOF,0.0288731454806787,0.6752535572648521,0.29587329725446915
25825,GOF,0.01993326504537985,0.6833170867726839,0.2967496481819363
25826,GOF,0.010295216774171747,0.571491348447269,0.41821343477855916
25827,GOF,0.0182513519175327,0.6341034472146287,0.3476452008678386
25828,GOF,0.011866144790446672,0.653787889323294,0.3343459658862592
25829,GOF,0.004758034799139813,0.5063627425872326,0.4888792226136277
25830,LOF,0.0709001062398835,0.2612903089174797,0.6678095848426367
25831,GOF,0.07485098871858334,0.7394967525259339,0.18565225875548277
25832,GOF,0.009834307951825444,0.6652701016102693,0.32489559043790517
25833,GOF,0.029880617381153187,0.7666341133878842,0.2034852692309625
25834,GOF,0.010059328823928567,0.686247676503235,0.30369299467283645
25835,GOF,0.02815928929541648,0.7990099472042379,0.1728307635003458
25836,GOF,0.007988326290114011,0.7047125635312127,0.2872991101786733
25837,GOF,0.012755351851180574,0.6933371688595191,0.29390747928930033
25838,GOF,0.02322916402326548,0.7655904876909289,0.21118034828580554
25839,GOF,0.06797028593599308,0.6849661541677301,0.24706355989627682
25840,GOF,0.09145370756467465,0.6522929208798944,0.25625337155543093
25841,GOF,0.07767624840635089,0.724358222913014,0.19796552868063502
25842,GOF,0.027050910457573275,0.8155437439272019,0.15740534561522482
25843,GOF,0.02634625608459723,0.8195059000062443,0.15414784390915826
25844,GOF,0.02248621296513513,0.7563999103632278,0.22111387667163684
25845,GOF,0.008537746745933494,0.6085888655350283,0.38287338771903806
25846,GOF,0.07091325954313495,0.7925755009536097,0.13651123950325536
25847,GOF,0.019437808408543655,0.8036289462703862,0.17693324532107013
25848,GOF,0.020984429953980543,0.7653325130346619,0.21368305701135762
25849,GOF,0.007975859556879426,0.7356046969309081,0.2564194435122124
25850,GOF,0.00826821482046702,0.6299843959220165,0.3617473892575165
25851,GOF,0.0074780838001309215,0.5665842505274672,0.42593766567240204
25852,LOF,0.16496059913066127,0.38419908173847916,0.4508403191308596
25853,GOF,0.06755794482769835,0.6220677570396086,0.31037429813269324
25854,GOF,0.008035765325643863,0.5912903967911475,0.4006738378832086
25855,LOF,0.024780597315488304,0.4707136093655353,0.5045057933189764
25856,GOF,0.05077069558871143,0.6345109112491694,0.3147183931621192
25857,LOF,0.025308079560333808,0.4567559361761604,0.5179359842635058
25858,LOF,0.008912267778276771,0.4613681108721624,0.5297196213495609
25859,LOF,0.006822986694946355,0.4376541177966728,0.5555228955083809
25860,GOF,0.07993170675973167,0.5243554638628232,0.39571282937744506
25861,GOF,0.10342016819453863,0.7412999839893211,0.15527984781614046
25862,GOF,0.021106963787609536,0.8562232698492246,0.1226697663631659
25863,GOF,0.01948997909202102,0.8294924136473831,0.15101760726059582
25864,GOF,0.029582573470552924,0.853987417715037,0.1164300088144102
25865,GOF,0.034601686826553374,0.8269096727967171,0.13848864037672945
25866,GOF,0.01968436572566474,0.8123594923922288,0.1679561418821064
25867,GOF,0.045776152179054584,0.8171631828092375,0.137060665011708
25868,GOF,0.08010123998483692,0.6657644617406665,0.25413429827449663
25869,GOF,0.33160302263879354,0.45999650276486065,0.20840047459634573
25870,LOF,0.07486905214387783,0.29269889097162066,0.6324320568845014
25871,GOF,0.011138737758523505,0.5485366298780673,0.4403246323634093
25872,GOF,0.02816064433884088,0.6345604290589862,0.33727892660217285
25873,GOF,0.022602262511336086,0.7040791241629893,0.27331861332567453
25874,LOF,0.0298107998715968,0.07548095833460848,0.8947082417937948
25875,LOF,0.023708053796654437,0.16438032314531625,0.8119116230580293
25876,LOF,0.021232914949472995,0.08631530169747671,0.8924517833530502
25877,LOF,0.07994540034075086,0.3457369202519532,0.5743176794072961
25878,LOF,0.052279303553827594,0.4147960181061255,0.5329246783400469
25879,LOF,0.010316990569283743,0.23536765784826247,0.7543153515824538
25880,LOF,0.044485076818615604,0.02606617532997475,0.9294487478514097
25881,Neutral,0.48906259082225706,0.2598554008851092,0.25108200829263366
25882,LOF,0.034514593297469136,0.09930239458731648,0.8661830121152143
25883,LOF,0.02573441488480007,0.11318339093405079,0.8610821941811491
25884,LOF,0.012532455223866661,0.11810588167587394,0.8693616631002595
25885,LOF,0.13295832942547375,0.030525559482053523,0.8365161110924727
25886,LOF,0.19442524478745837,0.21462228737236466,0.590952467840177
25887,LOF,0.050619591946036914,0.4471977001865009,0.5021827078674622
25888,LOF,0.0051421015177330835,0.3865417470972591,0.6083161513850078
25889,LOF,0.021145274682687905,0.10038003228970377,0.8784746930276084
25890,LOF,0.18938418847149316,0.3010032211730687,0.5096125903554382
25891,LOF,0.10421761806569092,0.10983087438641458,0.7859515075478944
25892,LOF,0.006679784324953117,0.04578075176818142,0.9475394639068655
25893,LOF,0.2544958257789702,0.014748426640808839,0.730755747580221
25894,LOF,0.2822279858764441,0.009638978501442234,0.7081330356221137
25895,LOF,0.24071010284268507,0.013096750895853122,0.7461931462614618
25896,LOF,0.06850565828943898,0.03660150711170686,0.8948928345988542
25897,LOF,0.09249479306762597,0.021189377542755152,0.8863158293896188
25898,LOF,0.08153351405367078,0.052149435033626956,0.8663170509127023
25899,LOF,0.35943281310952496,0.0515973157721916,0.5889698711182834
25900,Neutral,0.7427842337628403,0.01563024380982239,0.2415855224273373
25901,LOF,0.05458472946052303,0.012846366201090004,0.9325689043383869
25902,LOF,0.08033548122998153,0.009368871115663095,0.9102956476543554
25903,LOF,0.12064899454049889,0.043829366695083825,0.8355216387644173
25904,LOF,0.44185809657995456,0.10487395299738908,0.4532679504226563
25905,LOF,0.011404680100267694,0.2733998439504941,0.7151954759492382
25906,LOF,0.009049108421879594,0.020208090979528144,0.9707428005985923
25907,LOF,0.008198434675337884,0.15686253186964683,0.8349390334550153
25908,LOF,0.008692976721088638,0.15679154770946632,0.834515475569445
25909,LOF,0.044361139364187833,0.06203477834364008,0.8936040822921721
25910,LOF,0.014367962108565115,0.12789649769084416,0.8577355402005908
25911,LOF,0.19152558986801663,0.09489305837128764,0.7135813517606958
25912,LOF,0.12737047701507115,0.026361526387470493,0.8462679965974583
25913,LOF,0.01621341886680398,0.09701305686346962,0.8867735242697264
25914,LOF,0.04654009530549846,0.03726585489184709,0.9161940498026544
25915,GOF,0.2140121586655637,0.45342862109985105,0.33255922023458534
25916,LOF,0.015953451588825676,0.22030046256333957,0.7637460858478348
25917,LOF,0.07213608379934737,0.04114798553931335,0.8867159306613392
25918,LOF,0.050181027439172625,0.025920812987828817,0.9238981595729985
25919,LOF,0.044492599209122755,0.02290927375187258,0.9325981270390048
25920,LOF,0.261996785520316,0.30419730319043176,0.4338059112892522
25921,LOF,0.023420313055054712,0.03618861013045452,0.9403910768144909
25922,LOF,0.021583337371976454,0.031236447247472637,0.9471802153805509
25923,LOF,0.4579286561632093,0.02024561320595168,0.521825730630839
25924,LOF,0.02760615687703346,0.028673192465208615,0.943720650657758
25925,LOF,0.12072653649967903,0.04331481324292815,0.8359586502573928
25926,LOF,0.10484112492652085,0.03579505425783155,0.8593638208156475
25927,LOF,0.025975137337245765,0.0662729111829376,0.9077519514798166
25928,LOF,0.015360583258781778,0.02030528359884721,0.9643341331423709
25929,Neutral,0.5870209727804558,0.020331150862760036,0.3926478763567841
25930,LOF,0.07006961446281851,0.02331520603463071,0.9066151795025508
25931,LOF,0.01533740494039877,0.022484153160049966,0.9621784418995513
25932,LOF,0.09392566007015286,0.013873122826556119,0.892201217103291
25933,LOF,0.09077187328756987,0.009778242579415257,0.8994498841330149
25934,LOF,0.08596431427761067,0.011532330357835898,0.9025033553645535
25935,LOF,0.11878141654454644,0.035760352733794784,0.8454582307216589
25936,LOF,0.0922344514636285,0.010106434887803063,0.8976591136485684
25937,LOF,0.01767647215178765,0.02322355350753981,0.9590999743406726
25938,LOF,0.12215183583980489,0.03356192774432407,0.8442862364158711
25939,LOF,0.0687421922484732,0.012763091098516638,0.9184947166530103
25940,LOF,0.00794787932800074,0.4020224150427405,0.5900297056292587
25941,Neutral,0.5022756565002071,0.20246817115245755,0.29525617234733537
25942,LOF,0.008487815912541285,0.23601478389256636,0.7554974001948924
25943,GOF,0.028176093926737186,0.6840738471864176,0.2877500588868453
25944,GOF,0.02950874375195609,0.552707246138552,0.41778401010949195
25945,LOF,0.10296633159622941,0.165390282446136,0.7316433859576346
25946,LOF,0.09561856440662313,0.08548748624706436,0.8188939493463124
25947,Neutral,0.5270708098135303,0.13966575217143087,0.33326343801503894
25948,Neutral,0.5097308246916231,0.01910047951518882,0.4711686957931881
25949,LOF,0.13602252645194382,0.037078997085837055,0.8268984764622191
25950,GOF,0.04155959387596157,0.8450936233957057,0.11334678272833286
25951,GOF,0.014380911286554545,0.5812760952756543,0.4043429934377911
25952,GOF,0.104047466051479,0.4590469087174812,0.4369056252310399
25953,GOF,0.0073399498718695645,0.5961414345473742,0.3965186155807563
25954,GOF,0.02820520637400306,0.689414862751204,0.2823799308747929
25955,GOF,0.006280322851034781,0.5637775268655065,0.4299421502834587
25956,LOF,0.00944654892810308,0.41093030980695694,0.5796231412649401
25957,LOF,0.2440963362853804,0.03466924733317303,0.7212344163814466
25958,LOF,0.027420049687781188,0.07510058023853226,0.8974793700736866
25959,GOF,0.005999000081052075,0.6293162172225296,0.3646847826964184
25960,LOF,0.004765334198744337,0.14586235614306392,0.8493723096581917
25961,LOF,0.028274488759700647,0.07695268193692927,0.8947728293033701
25962,LOF,0.0509783094768836,0.08858483777965016,0.8604368527434663
25963,LOF,0.010214586636354306,0.2333000933552422,0.7564853200084035
25964,LOF,0.045681584972341704,0.14786843844597025,0.806449976581688
25965,LOF,0.13671466530675122,0.19999629131742946,0.6632890433758193
25966,LOF,0.347553643504262,0.23642631730639557,0.41602003918934244
25967,LOF,0.00839647544915478,0.08886651156842744,0.9027370129824177
25968,LOF,0.0702625822564239,0.22660600892092878,0.7031314088226474
25969,LOF,0.1463744346130398,0.04006858129267607,0.8135569840942841
25970,LOF,0.03854183490046145,0.293446477913733,0.6680116871858055
25971,LOF,0.06557096767258477,0.08787486629973866,0.8465541660276766
25972,LOF,0.06022601836212495,0.11803357082356127,0.8217404108143137
25973,LOF,0.10445777303740118,0.007748509124331855,0.8877937178382669
25974,LOF,0.08539395244156574,0.06042150712212175,0.8541845404363124
25975,LOF,0.03994604015571235,0.010585179247326717,0.9494687805969609
25976,LOF,0.10159629013494555,0.008252540789350941,0.8901511690757035
25977,LOF,0.21033356733622757,0.0921454524199564,0.6975209802438159
25978,LOF,0.16672939466365957,0.13341612062489258,0.6998544847114478
25979,LOF,0.13317996296931256,0.13531832176495615,0.7315017152657314
25980,LOF,0.19656449768836606,0.22752666388349999,0.575908838428134
25981,LOF,0.2001175637674682,0.23654983769001173,0.56333259854252
25982,LOF,0.2781544106012792,0.12869636772204268,0.5931492216766782
25983,Neutral,0.479991293420016,0.13357213736241308,0.38643656921757086
25984,LOF,0.041651101569253515,0.12852122304493438,0.8298276753858121
25985,LOF,0.42582227560336167,0.14106297098464302,0.43311475341199535
25986,LOF,0.008807161862917579,0.4767045981120446,0.5144882400250378
25987,LOF,0.021304417737820696,0.08549658726226311,0.8931989949999161
25988,LOF,0.03544083032424716,0.2123470427300885,0.7522121269456643
25989,LOF,0.035617674305212434,0.20293222225659957,0.761450103438188
25990,LOF,0.04070807893655599,0.3062743521960243,0.6530175688674198
25991,GOF,0.03801268349145892,0.628436551216119,0.33355076529242195
25992,LOF,0.014266493779357606,0.36415889798784223,0.6215746082328002
25993,LOF,0.03420275877771731,0.07280314054225726,0.8929941006800255
25994,LOF,0.03546169944540481,0.08894698550609015,0.8755913150485051
25995,LOF,0.022370039408265256,0.17266536175227062,0.804964598839464
25996,GOF,0.30300480886120723,0.5500346791402381,0.14696051199855467
25997,GOF,0.062080233191789444,0.6618885139011036,0.27603125290710695
25998,LOF,0.2540329425043918,0.04339156019820563,0.7025754972974025
25999,LOF,0.029420750937288274,0.4480145129075809,0.5225647361551309
26000,LOF,0.11215808468301618,0.016321099271668714,0.8715208160453152
26001,LOF,0.13144927026566947,0.03221695079709145,0.8363337789372391
26002,LOF,0.07707501253058552,0.018999982450869892,0.9039250050185446
26003,GOF,0.008552277009527065,0.5976066139966284,0.39384110899384456
26004,GOF,0.02153002737672111,0.6026701683217738,0.3757998043015051
26005,GOF,0.006559070303149143,0.5070354631623766,0.4864054665344743
26006,GOF,0.15416991409522332,0.5229162309877544,0.32291385491702224
26007,GOF,0.012049858475856079,0.5600581299149332,0.42789201160921064
26008,GOF,0.008011212458064602,0.5699841632541446,0.42200462428779084
26009,GOF,0.016262086220195638,0.6218186416833698,0.3619192720964347
26010,GOF,0.011644567747283842,0.6063215422348845,0.3820338900178317
26011,LOF,0.007642713507626687,0.4580821553531526,0.5342751311392206
26012,LOF,0.0072176329050955635,0.46911053651463624,0.5236718305802681
26013,LOF,0.014106439358176383,0.4618526322434109,0.5240409283984127
26014,LOF,0.05847852478602746,0.07779193178059561,0.863729543433377
26015,LOF,0.3901750968506825,0.06313632437389026,0.5466885787754272
26016,LOF,0.26771608909383254,0.13991974280260955,0.5923641681035579
26017,LOF,0.016855511976306855,0.44530239735381755,0.5378420906698755
26018,LOF,0.020708478005755666,0.16510240692972752,0.8141891150645167
26019,LOF,0.02089171937764342,0.13285597070318095,0.8462523099191757
26020,LOF,0.006714750047672453,0.3896681195829156,0.603617130369412
26021,LOF,0.08468953360027083,0.2649483108705727,0.6503621555291564
26022,LOF,0.04940825095759668,0.07624539344882943,0.8743463555935739
26023,LOF,0.03177718157146674,0.11350493337182439,0.854717885056709
26024,LOF,0.047486245876424006,0.17524809359184762,0.7772656605317284
26025,LOF,0.13412707767336018,0.15621792629894915,0.7096549960276907
26026,LOF,0.1415502734456397,0.12038200271359963,0.7380677238407606
26027,LOF,0.03158580625338083,0.07225281291356635,0.8961613808330529
26028,LOF,0.07638826614916416,0.2106325063630994,0.7129792274877363
26029,LOF,0.037470875394554855,0.11856951306005602,0.843959611545389
26030,LOF,0.15632857678068,0.009983791907824271,0.8336876313114958
26031,LOF,0.01995216641445683,0.13140889670063674,0.8486389368849064
26032,LOF,0.030897377873284834,0.020215475815324416,0.9488871463113908
26033,LOF,0.048045672577064276,0.03853013333968185,0.9134241940832538
26034,LOF,0.028234822801760394,0.08318374757054911,0.8885814296276906
26035,LOF,0.016231637258159393,0.10012377196094745,0.8836445907808931
26036,LOF,0.015704379516248604,0.08353630847326028,0.9007593120104911
26037,LOF,0.014851452442640384,0.07866374783402692,0.9064847997233327
26038,LOF,0.025951208525015146,0.02097199044689603,0.9530768010280888
26039,LOF,0.035443975770604014,0.11599913238139059,0.8485568918480054
26040,LOF,0.07012227299824084,0.13304321952418183,0.7968345074775773
26041,LOF,0.017464977453468693,0.09577634005300488,0.8867586824935265
26042,LOF,0.016838302659896633,0.09825937337204259,0.8849023239680607
26043,LOF,0.024978962700674255,0.04779153671895362,0.927229500580372
26044,LOF,0.009173975202688579,0.051695315802405696,0.9391307089949058
26045,LOF,0.08668454282751414,0.22952104282532676,0.683794414347159
26046,LOF,0.02454630641963875,0.052469685176771,0.9229840084035902
26047,LOF,0.060940309255499994,0.037331379654036594,0.9017283110904634
26048,LOF,0.08218892134126496,0.02126090894003529,0.8965501697186998
26049,Neutral,0.9165386802754819,0.0052793608171014545,0.07818195890741676
26050,Neutral,0.858484418681024,0.006523714162901753,0.13499186715607414
26051,LOF,0.03257293218678257,0.39877029643306705,0.5686567713801505
26052,LOF,0.03415818886249599,0.2891712504629588,0.6766705606745452
26053,LOF,0.040556427320042415,0.06819069597368688,0.8912528767062706
26054,LOF,0.05053665141461891,0.07832531074637272,0.8711380378390082
26055,LOF,0.05425403717025434,0.08048161262971143,0.8652643502000342
26056,LOF,0.051088709524810816,0.08584190192015174,0.8630693885550375
26057,LOF,0.06030129558748091,0.018784542877394176,0.9209141615351248
26058,LOF,0.06877024932786549,0.014822807320979176,0.9164069433511554
26059,LOF,0.24285611934984275,0.12627936182984834,0.6308645188203089
26060,LOF,0.015038506586671725,0.27966814615968666,0.7052933472536416
26061,LOF,0.01332503726682584,0.013728753547451832,0.9729462091857223
26062,LOF,0.006022489419758527,0.029630009914014148,0.9643475006662274
26063,LOF,0.05581185192726248,0.01485753667169687,0.9293306114010406
26064,LOF,0.010327299543361815,0.016889961412647682,0.9727827390439905
26065,LOF,0.050211160527275846,0.021051156165645617,0.9287376833070784
26066,LOF,0.05142714389178009,0.014041648607504663,0.9345312075007154
26067,LOF,0.06403013040688886,0.016205846633335352,0.9197640229597758
26068,LOF,0.04702668313411619,0.06726036115626849,0.8857129557096154
26069,LOF,0.16313568015330707,0.05425634567160655,0.7826079741750864
26070,LOF,0.3930652227790987,0.034522442256845635,0.5724123349640556
26071,LOF,0.0523805376237694,0.016670470433501592,0.9309489919427291
26072,LOF,0.009836060575514897,0.02245634772811269,0.9677075916963724
26073,LOF,0.05402274943982538,0.012850283574476954,0.9331269669856976
26074,Neutral,0.7392816709537721,0.027138223148055342,0.2335801058981725
26075,LOF,0.039187218135063484,0.044315945400622773,0.9164968364643138
26076,LOF,0.06554207355369605,0.024422023701090586,0.9100359027452133
26077,LOF,0.16552991220839114,0.026741880636675888,0.8077282071549331
26078,LOF,0.0074350250794341585,0.02763399827300739,0.9649309766475584
26079,LOF,0.05538168957109223,0.04479107189460668,0.899827238534301
26080,LOF,0.0544402936926305,0.04472008079804518,0.9008396255093243
26081,LOF,0.052594637712471005,0.016116693338834493,0.9312886689486946
26082,LOF,0.007599318800384845,0.026733238134922052,0.9656674430646931
26083,LOF,0.04802881174922516,0.042073426697425566,0.9098977615533493
26084,LOF,0.06426083756515337,0.02049698177904866,0.915242180655798
26085,LOF,0.05857030655917073,0.017884863829897277,0.9235448296109321
26086,LOF,0.04075130431608768,0.020387785369385056,0.9388609103145273
26087,LOF,0.050134603328967936,0.021336123191949424,0.9285292734790825
26088,LOF,0.008106245752703552,0.056022266568310254,0.9358714876789863
26089,LOF,0.03390685557442375,0.07688971394331662,0.8892034304822596
26090,LOF,0.03361764599231145,0.061897175885060135,0.9044851781226284
26091,LOF,0.05336123874704901,0.0171806441236578,0.9294581171292933
26092,LOF,0.064259473676266,0.014690413979655663,0.9210501123440783
26093,LOF,0.08115515196622382,0.010748065510671239,0.908096782523105
26094,LOF,0.04548019118852107,0.015726393128209632,0.9387934156832693
26095,LOF,0.011630177852281121,0.038251977912875004,0.9501178442348439
26096,LOF,0.300579371227375,0.005345476331554607,0.6940751524410704
26097,LOF,0.007853780467217408,0.05363514545896483,0.9385110740738176
26098,LOF,0.05888950331018414,0.03316099527069525,0.9079495014191206
26099,LOF,0.05149102642792177,0.05326546751403544,0.8952435060580427
26100,LOF,0.05149102642792177,0.05326546751403544,0.8952435060580427
26101,LOF,0.042877168429939605,0.0541200072860558,0.9030028242840045
26102,LOF,0.052540772925173215,0.0232329529724918,0.9242262741023349
26103,Neutral,0.8619236463262512,0.047039119849886304,0.09103723382386243
26104,LOF,0.045653260271949055,0.12194712963865524,0.8323996100893958
26105,LOF,0.2656796149711834,0.23486419407239764,0.49945619095641897
26106,LOF,0.321422091564041,0.15803690311323482,0.5205410053227242
26107,LOF,0.010553922634415807,0.18112345916524203,0.8083226182003421
26108,LOF,0.14616691079501187,0.1965650106872169,0.6572680785177712
26109,LOF,0.05562928996760057,0.03210838277414878,0.9122623272582506
26110,Neutral,0.5185343811028063,0.043005404685692444,0.4384602142115012
26111,LOF,0.04881852562182914,0.2411966410862354,0.7099848332919355
26112,LOF,0.056626435420395874,0.04042899686159159,0.9029445677180127
26113,LOF,0.0634877484455655,0.07511141374547911,0.8614008378089554
26114,LOF,0.09597780669472337,0.027975408621728044,0.8760467846835485
26115,LOF,0.01769371623033585,0.19790102330660256,0.7844052604630616
26116,LOF,0.05475467982249826,0.05943094799455893,0.8858143721829428
26117,LOF,0.25599369129515726,0.06265277476559503,0.6813535339392477
26118,LOF,0.0390955980313921,0.023033872555164342,0.9378705294134435
26119,LOF,0.0057226163050581765,0.11290313934443502,0.8813742443505068
26120,LOF,0.03196952781911791,0.0290592673353546,0.9389712048455274
26121,LOF,0.004536965726193363,0.12304223892580798,0.8724207953479985
