feature0,prediction,LoGoFunc_Neutral,LoGoFunc_GOF,LoGoFunc_LOF
25546,Neutral,0.6321013524057524,0.07302341414359961,0.294875233450648
25547,Neutral,0.5262720948820596,0.1295054234431789,0.34422248167476155
25548,Neutral,0.4918398123846081,0.09042928535828683,0.417730902257105
25549,Neutral,0.4563786718530099,0.09013414531098417,0.45348718283600586
25550,LOF,0.35017318984240703,0.17921977244978168,0.47060703770781137
25551,LOF,0.2822296067183537,0.1726319717075599,0.5451384215740864
25552,LOF,0.16355763234086265,0.1736703739262035,0.6627719937329338
25553,Neutral,0.8150900115938591,0.051096019641863756,0.13381396876427712
25554,LOF,0.20383966292466707,0.17728966160363088,0.618870675471702
25555,LOF,0.15885482526507588,0.15943145163582623,0.681713723099098
25556,Neutral,0.4977870018864686,0.12286064111517277,0.37935235699835856
25557,LOF,0.15313686273162005,0.16618182558919978,0.6806813116791802
25558,LOF,0.20402669084337893,0.18804439818381521,0.6079289109728059
25559,Neutral,0.5977393466905526,0.04907693544995741,0.35318371785949
25560,LOF,0.04507635734791269,0.3236864715239783,0.631237171128109
25561,LOF,0.0789279670354431,0.38072513426225596,0.5403468987023009
25562,LOF,0.11222097661973382,0.21222180670220342,0.6755572166780627
25563,LOF,0.10897868685777,0.2098523431098144,0.6811689700324156
25564,LOF,0.06231187708286937,0.29959177657931163,0.6380963463378191
25565,LOF,0.14218878377743074,0.2414586870617449,0.6163525291608243
25566,GOF,0.01539546570248463,0.7463412997578502,0.2382632345396651
25567,LOF,0.012174605547934732,0.103992401245178,0.8838329932068874
25568,LOF,0.0416463578814475,0.058674011891535004,0.8996796302270175
25569,LOF,0.054927615665423035,0.06110993017459379,0.8839624541599832
25570,LOF,0.06266343673764703,0.0865356969267884,0.8508008663355646
25571,LOF,0.06325663907377756,0.08212048913367595,0.8546228717925465
25572,LOF,0.062090133850784046,0.11897661265319444,0.8189332534960214
25573,LOF,0.026393655868693203,0.06718044577547197,0.9064258983558349
25574,LOF,0.013841952738733364,0.1218735657043251,0.8642844815569416
25575,LOF,0.05322270608443278,0.08430640799943831,0.862470885916129
25576,LOF,0.018176278168890996,0.08559944889325818,0.8962242729378509
25577,LOF,0.011952883518047975,0.11311474103410395,0.8749323754478481
25578,LOF,0.21905035910099438,0.07428273523531337,0.7066669056636923
25579,LOF,0.2200414933449395,0.07411524788211199,0.7058432587729486
25580,LOF,0.034924083429850074,0.0752261838666318,0.8898497327035181
25581,LOF,0.04596415763814177,0.06162851032931023,0.8924073320325481
25582,LOF,0.0457263492255559,0.05911986144174092,0.8951537893327031
25583,LOF,0.0416002443612168,0.08669314893642821,0.871706606702355
25584,Neutral,0.4734588132716321,0.06873703156344113,0.4578041551649267
25585,LOF,0.027937408329203578,0.08711689095362864,0.8849457007171677
25586,LOF,0.030967873967980702,0.06119621550405207,0.9078359105279672
25587,LOF,0.02943014206953712,0.05116783810495957,0.9194020198255034
25588,LOF,0.029758142475683216,0.06475883928062959,0.9054830182436872
25589,Neutral,0.6191846387228462,0.069887048258968,0.3109283130181857
25590,LOF,0.02458344244131791,0.10073043272120523,0.8746861248374769
25591,LOF,0.10408999801625037,0.047552559586634416,0.8483574423971151
25592,LOF,0.09735270445861911,0.10616151727985876,0.7964857782615221
25593,LOF,0.014500560176341848,0.20325630205080208,0.7822431377728561
25594,LOF,0.03337611065398643,0.18932098880244191,0.7773029005435717
25595,LOF,0.061284180184502025,0.1400767425115326,0.7986390773039654
25596,LOF,0.09073394398158804,0.09563797284183098,0.8136280831765809
25597,LOF,0.07418979266634348,0.04734839323868369,0.8784618140949728
25598,LOF,0.044796784742250365,0.2059467645180355,0.7492564507397141
25599,GOF,0.0074222289928265175,0.5805670560901945,0.412010714916979
25600,GOF,0.008340199803885189,0.5438841530048459,0.44777564719126883
25601,LOF,0.007891028862226045,0.3588955320737822,0.6332134390639916
25602,LOF,0.01326758942970604,0.055637062394728785,0.9310953481755652
25603,LOF,0.03898377146905929,0.024095579455216464,0.9369206490757241
25604,LOF,0.0327495846438155,0.051309107252747836,0.9159413081034367
25605,LOF,0.010700365687239831,0.16907869786235613,0.8202209364504042
25606,LOF,0.05272332569749191,0.4368585347255642,0.5104181395769438
25607,LOF,0.003766847824020656,0.13515799146873544,0.8610751607072439
25608,LOF,0.04517846182753888,0.05495552140673248,0.8998660167657286
25609,LOF,0.06036524698623637,0.3044993954747896,0.6351353575389741
25610,LOF,0.04543393420356082,0.04547330322137387,0.9090927625750654
25611,LOF,0.05655791515593252,0.03173593742979661,0.9117061474142708
25612,LOF,0.11948647616024102,0.08350351398524275,0.7970100098545163
25613,LOF,0.1007930596359081,0.0725218388006112,0.8266851015634806
25614,LOF,0.03860272421871752,0.05816588580167758,0.903231389979605
25615,LOF,0.07012503727231933,0.07565178999561921,0.8542231727320614
25616,LOF,0.04075472747315442,0.08494952117351279,0.8742957513533328
25617,LOF,0.04625232968347437,0.07556016169405148,0.8781875086224742
25618,LOF,0.29874303610845376,0.06293235878676466,0.6383246051047816
25619,LOF,0.04442778339601549,0.058245474212821835,0.8973267423911626
25620,LOF,0.03811370905634181,0.08130345309777602,0.8805828378458821
25621,LOF,0.046996768961379054,0.060966027198880855,0.8920372038397401
25622,LOF,0.03240798364594591,0.08856379477073896,0.8790282215833152
25623,LOF,0.05464768381399778,0.05361691183866964,0.8917354043473327
25624,LOF,0.02964186576395276,0.06870034003861122,0.901657794197436
25625,LOF,0.04090868813627606,0.08332490444292666,0.8757664074207973
25626,LOF,0.08238158885734617,0.062260807987517076,0.8553576031551366
25627,Neutral,0.5761277599886655,0.129458207913513,0.29441403209782147
25628,LOF,0.1946683354564033,0.06349796838805087,0.7418336961555458
25629,LOF,0.06246889095510593,0.1394740251240229,0.7980570839208713
25630,LOF,0.16845267452704843,0.10419253549180202,0.7273547899811496
25631,Neutral,0.5995078561324352,0.0736215985677802,0.32687054529978465
25632,LOF,0.02052929101139959,0.06425422293619829,0.915216486052402
25633,LOF,0.22914717470978843,0.08136492245962194,0.6894879028305896
25634,LOF,0.0396343781873629,0.07453814189118586,0.8858274799214513
25635,LOF,0.041129964405974974,0.061688284611853404,0.8971817509821716
25636,GOF,0.005432697947480253,0.6699993645201975,0.3245679375323223
25637,GOF,0.0039502477433848064,0.5934484024498039,0.40260134980681117
25638,GOF,0.007027542467291012,0.5594674428644468,0.4335050146682623
25639,GOF,0.004276960023218844,0.5030231242407088,0.49269991573607247
25640,GOF,0.3287246064598147,0.6203775887102417,0.0508978048299436
25641,LOF,0.005945103192836284,0.29923379393341965,0.6948211028737441
25642,LOF,0.24149583844889297,0.10450376251261703,0.65400039903849
25643,LOF,0.2587006391369812,0.1895397640981014,0.5517595967649174
25644,GOF,0.01661188988624332,0.6651838025505082,0.3182043075632485
25645,GOF,0.011826417862866357,0.5900284652393061,0.3981451168978275
25646,LOF,0.012784413232413886,0.4258136062171702,0.5614019805504159
25647,LOF,0.011282336694079739,0.31602114174445356,0.6726965215614668
25648,LOF,0.008137992631765309,0.42798420973390977,0.5638777976343249
25649,LOF,0.009242370182288434,0.2261713060755494,0.7645863237421622
25650,GOF,0.026284735333809765,0.5321362870613008,0.44157897760488946
25651,LOF,0.006665436977938931,0.2676587973838951,0.725675765638166
25652,LOF,0.012744457278174323,0.38543529444218677,0.6018202482796389
25653,GOF,0.05431975333477383,0.5499236587235321,0.39575658794169416
25654,LOF,0.008569073379509058,0.35268188977075177,0.6387490368497392
25655,GOF,0.09474270841835124,0.5087618693009934,0.3964954222806553
25656,LOF,0.10378512710939525,0.16582998467758445,0.7303848882130203
25657,LOF,0.2811371516344452,0.08031494482242009,0.6385479035431347
25658,LOF,0.038782358103498726,0.3046477672044072,0.6565698746920942
25659,LOF,0.23759391055347673,0.15566893480423602,0.6067371546422873
25660,LOF,0.10584746485994503,0.08974692148293008,0.804405613657125
25661,LOF,0.07602753853721071,0.07391351706738292,0.8500589443954064
25662,LOF,0.04048147419481415,0.06284829194888505,0.8966702338563007
25663,LOF,0.05137757892286254,0.12455812529427354,0.824064295782864
25664,LOF,0.032357333598240064,0.17211848532529875,0.7955241810764611
25665,LOF,0.04398777560128479,0.07377271540686109,0.8822395089918541
25666,LOF,0.04215453321431291,0.19369032815565068,0.7641551386300364
25667,LOF,0.04192244405396798,0.053172155508434245,0.9049054004375977
25668,LOF,0.058127019373474004,0.06796010738282263,0.8739128732437034
25669,LOF,0.05667624026499907,0.09479434145966936,0.8485294182753316
25670,LOF,0.0783904402742861,0.10829922727673642,0.8133103324489775
25671,LOF,0.05372646429255838,0.05361317297866255,0.892660362728779
25672,LOF,0.05034007533001103,0.08048179726587128,0.8691781274041178
25673,LOF,0.03608770192324782,0.08160427673659085,0.8823080213401614
25674,LOF,0.026261045806850503,0.09956827598121036,0.8741706782119391
25675,LOF,0.03468836813100613,0.07723919470086216,0.8880724371681318
25676,LOF,0.04010290962571649,0.07354060800403875,0.8863564823702447
25677,LOF,0.09910225541189341,0.06002549457310412,0.8408722500150024
25678,LOF,0.1971038956532711,0.04894756388581268,0.7539485404609163
25679,LOF,0.1349883943806733,0.0533147898602169,0.8116968157591099
25680,LOF,0.1067762112878233,0.09191846319324269,0.801305325518934
25681,LOF,0.11974651235521812,0.08704257785220956,0.7932109097925724
25682,LOF,0.055086512691613805,0.05780754709985982,0.8871059402085264
25683,LOF,0.08111722587323691,0.07777906252927248,0.8411037115974905
25684,LOF,0.07053641434027749,0.06401531315196264,0.8654482725077598
25685,LOF,0.12159139939539702,0.052556760423337574,0.8258518401812653
25686,LOF,0.02527973794642742,0.10338035306303249,0.87133990899054
25687,LOF,0.05639032217790673,0.11062534492310737,0.8329843328989859
25688,LOF,0.021711413146348474,0.061332623020137735,0.9169559638335137
25689,LOF,0.019333558602724166,0.033152480017759584,0.9475139613795164
25690,LOF,0.021224266326187523,0.037857935715488164,0.9409177979583243
25691,LOF,0.12090714503700743,0.06234040008326407,0.8167524548797285
25692,LOF,0.29959729298668,0.010802705626401784,0.6896000013869182
25693,LOF,0.032627970661125175,0.26508683915567466,0.7022851901832002
25694,LOF,0.25285187773714113,0.011095398134549595,0.7360527241283092
25695,LOF,0.18373555200224886,0.023167176155434295,0.7930972718423169
25696,LOF,0.07763160504248336,0.023369975103052068,0.8989984198544646
25697,LOF,0.07365529145971667,0.03961298437739001,0.8867317241628933
25698,LOF,0.015621754119976189,0.4433334736499147,0.5410447722301092
25699,LOF,0.08923743861656641,0.13466483478046,0.7760977266029736
25700,LOF,0.035703985974224015,0.02209533283545073,0.9422006811903253
25701,LOF,0.013467083682175158,0.12831314615105271,0.8582197701667721
25702,GOF,0.025461738945188342,0.8004447093716321,0.17409355168317953
25703,LOF,0.0159687023093278,0.2871695846250245,0.6968617130656477
25704,LOF,0.07325456860496066,0.18285248254134398,0.7438929488536953
25705,LOF,0.06318127480363304,0.16035604584952856,0.7764626793468383
25706,GOF,0.019142714761867262,0.635646139334642,0.3452111459034909
25707,GOF,0.026070805290757507,0.5085131677413212,0.46541602696792134
25708,LOF,0.0077625195814824246,0.4621301435388271,0.5301073368796905
25709,LOF,0.02928128952992988,0.06428527911086132,0.9064334313592087
25710,LOF,0.00573376801034653,0.12918637137176472,0.8650798606178888
25711,LOF,0.030204902875205653,0.12076262557982746,0.8490324715449669
25712,LOF,0.007924111656271597,0.19246600035000053,0.7996098879937279
25713,LOF,0.029716420741620436,0.09978265467574243,0.8705009245826372
25714,LOF,0.025379418822215914,0.13923162004834796,0.8353889611294362
25715,LOF,0.03694815657522768,0.11733507413687227,0.8457167692879001
25716,LOF,0.006367341129652847,0.13152982128173424,0.862102837588613
25717,LOF,0.00614676290092053,0.11643585853778651,0.8774173785612929
25718,LOF,0.03389037477280476,0.07555481826064343,0.8905548069665518
25719,LOF,0.04403086754279841,0.10027386016762073,0.8556952722895808
25720,LOF,0.037779117621612145,0.11493829762955785,0.84728258474883
25721,LOF,0.031002668136842104,0.11248398199714382,0.856513349866014
25722,LOF,0.01977777216736565,0.143193416453571,0.8370288113790634
25723,LOF,0.034098139025053285,0.09771682167553303,0.8681850392994137
25724,LOF,0.049503979219900074,0.22069036887234564,0.7298056519077541
25725,LOF,0.03466727403051811,0.08339218052257494,0.8819405454469069
25726,LOF,0.021314311660236444,0.1298613347925987,0.8488243535471648
25727,LOF,0.03148864558055801,0.09693868388003911,0.8715726705394029
25728,LOF,0.030387776223073374,0.11835761315225718,0.8512546106246694
25729,LOF,0.028304466304055774,0.13237065555640537,0.8393248781395389
25730,LOF,0.03707795271628176,0.07618967670743511,0.8867323705762832
25731,LOF,0.009680991507677497,0.08642188269362897,0.9038971257986934
25732,LOF,0.02106031618781855,0.06815386838700026,0.9107858154251811
25733,LOF,0.03709513436012802,0.0798078852089669,0.8830969804309051
25734,LOF,0.006367124435820317,0.24683564026950228,0.7467972352946775
25735,LOF,0.026708183822507905,0.09143791465124655,0.8818539015262455
25736,LOF,0.02495510301684963,0.1568874405570163,0.8181574564261341
25737,LOF,0.037931176302940385,0.10716235439381687,0.8549064693032428
25738,LOF,0.028566736269417674,0.16097682870525262,0.8104564350253297
25739,LOF,0.02822179961057555,0.11117933988646013,0.8605988605029643
25740,LOF,0.03958930326048194,0.12418160424455635,0.8362290924949617
25741,LOF,0.04563161267349833,0.1038529263622026,0.8505154609642991
25742,LOF,0.05868334051646624,0.11075088746571912,0.8305657720178146
25743,LOF,0.012714029954851665,0.027127823377133525,0.9601581466680149
25744,LOF,0.209209634896446,0.15185453051828934,0.6389358345852647
25745,LOF,0.043394841234755704,0.05532987724633542,0.9012752815189089
25746,LOF,0.016071593147849714,0.09694464432363685,0.8869837625285134
25747,LOF,0.05046526667015909,0.03363885464872967,0.9158958786811113
25748,LOF,0.29968736030932747,0.07653053441050418,0.6237821052801683
25749,LOF,0.017019567015981986,0.05000065310313368,0.9329797798808843
25750,LOF,0.02317135002895685,0.05736787099184324,0.9194607789792
25751,LOF,0.04286760793688467,0.05539466885664513,0.9017377232064702
25752,GOF,0.07394717454594076,0.6980642808361255,0.22798854461793372
25753,LOF,0.006977706743850629,0.4781165399564864,0.5149057532996629
25754,GOF,0.007438823266859425,0.899843517072026,0.09271765966111462
25755,LOF,0.007686169860144829,0.4456971899325763,0.546616640207279
25756,LOF,0.019580124099519668,0.481028850275647,0.49939102562483323
25757,GOF,0.008189544135610016,0.8748611050535234,0.11694935081086653
25758,GOF,0.008585434784201039,0.9080559747204254,0.08335859049537338
25759,GOF,0.006179075320579503,0.6870447233284868,0.30677620135093364
25760,LOF,0.005113976135393901,0.3526913719532398,0.6421946519113664
25761,GOF,0.042798648734821,0.8841108918488474,0.07309045941633155
25762,LOF,0.022543803029081256,0.4015027723702501,0.5759534246006686
25763,LOF,0.00558549024149411,0.33711671298681267,0.6572977967716931
25764,GOF,0.06006320476908495,0.6993976547061225,0.24053914052479253
25765,GOF,0.00852449779596263,0.8971493024106739,0.09432619979336346
25766,GOF,0.023365993431895257,0.8664644366688953,0.11016956989920945
25767,GOF,0.017136509928776487,0.5003793155200027,0.48248417455122095
25768,LOF,0.053874209163516304,0.04000814001474805,0.9061176508217356
25769,LOF,0.025871564480428322,0.09429679485181335,0.8798316406677583
25770,LOF,0.14344152893647022,0.1968361488033739,0.6597223222601558
25771,LOF,0.018761497599389387,0.121730934873459,0.8595075675271516
25772,LOF,0.02960971098148735,0.049671685703152994,0.9207186033153597
25773,LOF,0.014094124389087716,0.11443377630198653,0.8714720993089258
25774,LOF,0.023761023535592205,0.27408254093765244,0.7021564355267553
25775,LOF,0.01801469724101432,0.056399142854834244,0.9255861599041515
25776,LOF,0.030886190147861266,0.0292350770097019,0.9398787328424368
25777,LOF,0.26688514532900637,0.1592854563768654,0.5738293982941283
25778,LOF,0.026825243890750507,0.105189889433433,0.8679848666758164
25779,GOF,0.05231087022933167,0.8796262216418982,0.0680629081287702
25780,GOF,0.06445639560918358,0.8770054871399356,0.05853811725088072
25781,GOF,0.02950413040209446,0.8455977092525926,0.12489816034531301
25782,GOF,0.03423019984898114,0.9086452409490501,0.05712455920196874
25783,GOF,0.034275692898347955,0.9158258117869696,0.04989849531468236
25784,GOF,0.1098717827030552,0.8414072311259312,0.04872098617101357
25785,GOF,0.12006791712763465,0.8493520590772908,0.03058002379507447
25786,GOF,0.011656960546057067,0.8752145763910639,0.11312846306287903
25787,GOF,0.25317240338084085,0.7041595929806937,0.04266800363846531
25788,LOF,0.01728215900156225,0.23283981857400216,0.7498780224244357
25789,GOF,0.019949175047709905,0.8657394687386913,0.11431135621359871
25790,GOF,0.03005019023290983,0.8991851080806869,0.07076470168640338
25791,GOF,0.026879432369451704,0.7590725941394568,0.2140479734910915
25792,GOF,0.034868789054378756,0.8029380047215094,0.16219320622411187
25793,GOF,0.04992295405209692,0.8419471120519595,0.10812993389594347
25794,GOF,0.04596299882970205,0.743506339934559,0.21053066123573894
25795,GOF,0.048695297635439866,0.7590768880524733,0.19222781431208677
25796,GOF,0.12565847958287057,0.7933340225898662,0.08100749782726333
25797,GOF,0.06449452763954241,0.7410913983885351,0.1944140739719224
25798,GOF,0.007710329369082475,0.8292351833975926,0.1630544872333251
25799,GOF,0.005045223727109422,0.7352709929845123,0.2596837832883784
25800,GOF,0.024482948950875494,0.8622275379806639,0.11328951306846077
25801,GOF,0.023878455409665895,0.8927814803209951,0.08334006426933885
25802,GOF,0.02758739248149729,0.7961528365081698,0.1762597710103329
25803,GOF,0.0218322012827843,0.7779039644392047,0.2002638342780109
25804,GOF,0.032247069195428836,0.8064753573648158,0.16127757343975527
25805,GOF,0.028886637911237367,0.85426800739023,0.11684535469853262
25806,GOF,0.03719136452274327,0.852882602482061,0.10992603299519571
25807,GOF,0.015072947427454048,0.8101322426660117,0.17479480990653426
25808,GOF,0.02483724155676766,0.8127740955963048,0.16238866284692763
25809,GOF,0.015055609589219046,0.7918166606108684,0.19312772979991252
25810,GOF,0.013534739709298912,0.7864942327627555,0.19997102752794543
25811,GOF,0.07001475894344507,0.8661086831033474,0.06387655795320764
25812,GOF,0.031275041478769916,0.7829036637794976,0.1858212947417325
25813,GOF,0.18387934272869055,0.7444969792717965,0.07162367799951302
25814,GOF,0.030059838872425203,0.7902252496993999,0.1797149114281749
25815,GOF,0.05977821673046097,0.8256166757474508,0.11460510752208823
25816,GOF,0.011709618572379121,0.8939274962211852,0.09436288520643561
25817,GOF,0.11671536442178682,0.7718206724938114,0.11146396308440171
25818,GOF,0.030521142170893467,0.8039643300223303,0.16551452780677633
25819,GOF,0.05377161431142429,0.7969510381630666,0.149277347525509
25820,GOF,0.05627348841874278,0.7696438914790503,0.17408262010220682
25821,GOF,0.04023041932450655,0.8102601240003442,0.14950945667514914
25822,GOF,0.05927286949864911,0.7803494885364326,0.1603776419649182
25823,GOF,0.033150722743766806,0.737264263974994,0.22958501328123937
25824,GOF,0.03449479461759885,0.8079777414375664,0.15752746394483477
25825,GOF,0.024803186443328212,0.8049338763660596,0.17026293719061217
25826,GOF,0.013735354713441984,0.7655849593650162,0.22067968592154164
25827,GOF,0.018028808185974046,0.7611499661671507,0.22082122564687529
25828,GOF,0.012408237526035742,0.8082523940199062,0.17933936845405812
25829,GOF,0.005269340813676594,0.7060900378083863,0.28864062137793695
25830,GOF,0.04828912771389941,0.5816471630953732,0.37006370919072734
25831,GOF,0.06748574726205474,0.8149214727365854,0.11759278000135986
25832,GOF,0.012148323463631316,0.7613039281845788,0.22654774835178973
25833,GOF,0.041206037644459945,0.8196573074602133,0.13913665489532673
25834,GOF,0.012540043334483782,0.7815691727654539,0.20589078390006235
25835,GOF,0.02625920763078742,0.8478994352453176,0.12584135712389502
25836,GOF,0.007730137311697153,0.780037039294716,0.21223282339358682
25837,GOF,0.009776676698759685,0.7947646117394734,0.1954587115617669
25838,GOF,0.02049826516545568,0.8414553524336508,0.13804638240089348
25839,GOF,0.04561538718719388,0.821816262685541,0.1325683501272651
25840,GOF,0.08017466434296416,0.7954656827341443,0.12435965292289153
25841,GOF,0.07310631701171648,0.8309042546214073,0.09598942836687625
25842,GOF,0.02671003170150236,0.8937277065234613,0.07956226177503636
25843,GOF,0.025727605033871625,0.8950801382027853,0.07919225676334316
25844,GOF,0.020256382710192745,0.8364801357256265,0.14326348156418067
25845,GOF,0.007456455654357332,0.7476438247132844,0.24489971963235835
25846,GOF,0.06814503075611596,0.8475868801623881,0.0842680890814959
25847,GOF,0.01665037620817163,0.8941238656511673,0.08922575814066108
25848,GOF,0.0247904582099807,0.843642175773947,0.13156736601607222
25849,GOF,0.008219743746826512,0.8247238734021672,0.16705638285100619
25850,GOF,0.007093584728627099,0.7242634198642067,0.26864299540716624
25851,GOF,0.006359411268139964,0.6730000764514223,0.3206405122804377
25852,GOF,0.13260773823865454,0.5623050262991875,0.30508723546215777
25853,GOF,0.05356112780916921,0.806661395933327,0.13977747625750375
25854,GOF,0.007348645275077571,0.7752338133634387,0.21741754136148392
25855,GOF,0.022180428937058554,0.6576704965925382,0.3201490744704032
25856,GOF,0.044188654003671654,0.7459185068938295,0.20989283910249878
25857,GOF,0.02189562884091079,0.6478287985619345,0.3302755725971547
25858,GOF,0.010156939327017502,0.6343135310091124,0.3555295296638701
25859,GOF,0.007353037233658553,0.6069572165184286,0.3856897462479128
25860,GOF,0.07959186015705891,0.7616480991566518,0.15876004068628916
25861,GOF,0.09383612395507905,0.8218957022842599,0.0842681737606611
25862,GOF,0.023385094960997933,0.9082612493759508,0.06835365566305124
25863,GOF,0.019299948836179383,0.8881194273145496,0.09258062384927106
25864,GOF,0.035996507439601866,0.8976372386913326,0.0663662538690654
25865,GOF,0.03557285983343221,0.884721383788759,0.07970575637780905
25866,GOF,0.018228871983629245,0.8775917476074647,0.1041793804089061
25867,GOF,0.04110159815789713,0.8740663316854141,0.08483207015668869
25868,GOF,0.06667074572667217,0.7951681023414082,0.13816115193191972
25869,GOF,0.30340520054422065,0.6057278251014268,0.09086697435435268
25870,GOF,0.06691110641795675,0.6296246904964766,0.3034642030855666
25871,GOF,0.00971444093918945,0.841851997245073,0.1484335618157375
25872,GOF,0.020704572235793587,0.8168895147383175,0.16240591302588894
25873,GOF,0.01970805351303897,0.8893652448476765,0.09092670163928449
25874,LOF,0.024086818185644027,0.2170783066755752,0.7588348751387808
25875,LOF,0.021188922981207087,0.11691919847576056,0.8618918785430323
25876,LOF,0.02478379515759613,0.056641164267538346,0.9185750405748655
25877,LOF,0.10433147799295808,0.1843792226011121,0.7112892994059298
25878,LOF,0.061408172083887796,0.2834084987260982,0.655183329190014
25879,LOF,0.011202952154255381,0.17189622537297686,0.8169008224727677
25880,LOF,0.04856707058356395,0.02020689207336807,0.9312260373430679
25881,Neutral,0.5145235229366925,0.13926701990694346,0.34620945715636403
25882,LOF,0.040028638773386055,0.03407568236919255,0.9258956788574213
25883,LOF,0.02974349870449847,0.02953190711406997,0.9407245941814316
25884,LOF,0.015967566929030574,0.045782296078685836,0.9382501369922837
25885,LOF,0.1580609503738212,0.01540029186843515,0.8265387577577437
25886,LOF,0.2515676884803277,0.05930606552261253,0.6891262459970598
25887,LOF,0.06843547409573716,0.19568466472629945,0.7358798611779633
25888,LOF,0.007032198349116844,0.23236012648984672,0.7606076751610364
25889,LOF,0.023232295013922138,0.0410232558483211,0.9357444491377568
25890,LOF,0.19975108935607186,0.07468092329979273,0.7255679873441355
25891,LOF,0.10564733616195156,0.04982410568254174,0.8445285581555066
25892,LOF,0.008467752962980624,0.027181880352843177,0.9643503666841762
25893,LOF,0.28760584817972784,0.008958873917387384,0.7034352779028848
25894,LOF,0.3231296580887917,0.0056753579095457155,0.6711949840016627
25895,LOF,0.26114613630980604,0.012874971187506756,0.7259788925026872
25896,LOF,0.08855368751185153,0.027422216321669145,0.8840240961664793
25897,LOF,0.11933029178955434,0.011026162456664873,0.8696435457537808
25898,LOF,0.11369825827162446,0.02682162685188946,0.8594801148764861
25899,LOF,0.3916605632397061,0.03066914190013737,0.5776702948601565
25900,Neutral,0.7865574400039557,0.012520204819211737,0.20092235517683255
25901,LOF,0.05737920245485907,0.012104764021169168,0.9305160335239717
25902,LOF,0.06996596708653295,0.008257217009269548,0.9217768159041975
25903,LOF,0.15358733826374343,0.025405025806491368,0.8210076359297652
25904,Neutral,0.4878770532383175,0.05657439111664591,0.4555485556450367
25905,LOF,0.007383731565979378,0.40258361646376095,0.5900326519702597
25906,LOF,0.008390551391093317,0.07750117456074004,0.9141082740481665
25907,LOF,0.008836972065209135,0.29836981082314035,0.6927932171116504
25908,LOF,0.00819704003518114,0.268749270127974,0.7230536898368448
25909,LOF,0.03125372935950737,0.14373734740636945,0.8250089232341231
25910,LOF,0.015688761144928894,0.11397452552929066,0.8703367133257803
25911,LOF,0.18514111317783608,0.02876673931300207,0.7860921475091619
25912,LOF,0.12749461440044838,0.022667207631831096,0.8498381779677205
25913,LOF,0.0201643016803858,0.025919636246457413,0.9539160620731567
25914,LOF,0.04409823810377767,0.03959843352946318,0.9163033283667591
25915,LOF,0.20125988369588593,0.3498625642499756,0.4488775520541384
25916,LOF,0.013543315748531203,0.19223908125867195,0.7942176029927969
25917,LOF,0.07033645373050215,0.05366223791243147,0.8760013083570664
25918,LOF,0.053246046760139505,0.025425381772484556,0.9213285714673759
25919,LOF,0.04046545750953779,0.027638510447544194,0.9318960320429179
25920,LOF,0.38990092136480675,0.17597880390513632,0.4341202747300569
25921,LOF,0.019931407025020848,0.018505959830124655,0.9615626331448546
25922,LOF,0.02093354542398136,0.017141776845696073,0.9619246777303225
25923,LOF,0.42674787561950783,0.010279208592911886,0.5629729157875802
25924,LOF,0.03174861734896394,0.014506686963481162,0.9537446956875548
25925,LOF,0.11874398156720832,0.022406726998450182,0.8588492914343415
25926,LOF,0.09463464532172638,0.015776925884116097,0.8895884287941576
25927,LOF,0.029997335707300735,0.026190928636689526,0.9438117356560097
25928,LOF,0.01709477238754404,0.010329508186961812,0.9725757194254941
25929,Neutral,0.5603203211708924,0.010032415516176662,0.42964726331293096
25930,LOF,0.05747056538656755,0.009931200819702366,0.9325982337937301
25931,LOF,0.01694553460623971,0.01006855742071258,0.9729859079730477
25932,LOF,0.07605590057702949,0.00968300566293245,0.9142610937600382
25933,LOF,0.08331144595142258,0.006555201189604281,0.9101333528589731
25934,LOF,0.08703586144174345,0.006521489911310847,0.9064426486469457
25935,LOF,0.10926479464099614,0.01826064697504488,0.8724745583839589
25936,LOF,0.09725242722202787,0.006304025704493042,0.8964435470734791
25937,LOF,0.017966562386175607,0.013129848577002445,0.9689035890368219
25938,LOF,0.10969859781214851,0.017231632019124844,0.8730697701687267
25939,LOF,0.06074557425497946,0.011462886806673688,0.9277915389383469
25940,LOF,0.01025504565923686,0.4128506610987796,0.5768942932419835
25941,Neutral,0.495858024347896,0.029900773963070275,0.4742412016890336
25942,LOF,0.012715277928332049,0.03465587044458551,0.9526288516270823
25943,LOF,0.05136570011068683,0.11012152135072241,0.8385127785385907
25944,LOF,0.04986213221923764,0.07771998080905117,0.8724178869717113
25945,LOF,0.19741891435081976,0.02237687413314324,0.780204211516037
25946,LOF,0.0834795245563644,0.06813158385068466,0.8483888915929509
25947,Neutral,0.4751121026315051,0.1916667305537075,0.3332211668147875
25948,Neutral,0.5417857594882943,0.019335566297425624,0.43887867421428
25949,LOF,0.11870139680610321,0.04930153943450946,0.8319970637593873
25950,GOF,0.08457050409953816,0.6816191349560008,0.23381036094446092
25951,GOF,0.012687575655157848,0.5336777315728429,0.45363469277199925
25952,LOF,0.1344531016086491,0.33001827980498083,0.5355286185863701
25953,LOF,0.006664900621285273,0.3634819727799143,0.6298531265988004
25954,GOF,0.059423998285157154,0.5002943363540819,0.44028166536076097
25955,LOF,0.007946042547938572,0.37404664146502903,0.6180073159870324
25956,LOF,0.008812359231134933,0.47791272611841074,0.5132749146504543
25957,LOF,0.18540152646568195,0.0683883763032056,0.7462100972311124
25958,LOF,0.024331869646863274,0.07218234318957358,0.9034857871635631
25959,GOF,0.0067503328999961466,0.7426133044629306,0.2506363626370731
25960,LOF,0.0054669550343284246,0.11719303153218458,0.877340013433487
25961,LOF,0.024805179848670356,0.06497457117805705,0.9102202489732727
25962,LOF,0.040230938231965184,0.09912945753084183,0.8606396042371931
25963,LOF,0.010575360269106906,0.14422819532641393,0.8451964444044792
25964,LOF,0.05017352671426402,0.09444134704359954,0.8553851262421365
25965,LOF,0.17339872385957428,0.1909903630081594,0.6356109131322664
25966,LOF,0.338662408417728,0.13190731139099837,0.5294302801912736
25967,LOF,0.008086834112559688,0.0871607307297912,0.904752435157649
25968,LOF,0.06524567596999471,0.20327687015032211,0.7314774538796832
25969,LOF,0.13672156139526448,0.0488462117968317,0.8144322268079038
25970,LOF,0.047164102193635524,0.06294473540460195,0.8898911624017625
25971,LOF,0.07342616213772359,0.0289525785647696,0.8976212592975069
25972,LOF,0.08292809791774174,0.031009106768106413,0.8860627953141518
25973,LOF,0.08035969444518043,0.010110986367893562,0.909529319186926
25974,LOF,0.06412983776277038,0.03204161841866692,0.9038285438185628
25975,LOF,0.028005778042389864,0.010899818487024818,0.9610944034705853
25976,LOF,0.09021806243421601,0.010503681536085819,0.8992782560296981
25977,LOF,0.230040294727796,0.05016325581762477,0.7197964494545792
25978,LOF,0.17150099821955433,0.13155135050556724,0.6969476512748783
25979,LOF,0.1241146941829007,0.13075609325759194,0.7451292125595074
25980,LOF,0.19915601930637403,0.2417617530892148,0.5590822276044112
25981,LOF,0.20006746658115873,0.24450327831833316,0.5554292551005081
25982,LOF,0.294227430789978,0.12264314354205487,0.5831294256679672
25983,Neutral,0.48101621910321135,0.1132094771334384,0.4057743037633502
25984,LOF,0.05932604505324729,0.050024350168913524,0.8906496047778392
25985,Neutral,0.4598224224120672,0.10468204649523524,0.4354955310926976
25986,LOF,0.011964296065283049,0.3752053707619146,0.6128303331728024
25987,LOF,0.034275671119358204,0.07267070593565324,0.8930536229449885
25988,LOF,0.047790955181036716,0.08595484206517345,0.86625420275379
25989,LOF,0.044846054702474866,0.10088408059289806,0.8542698647046272
25990,LOF,0.047215212022011475,0.20763755453833013,0.7451472334396583
25991,GOF,0.021399725806784342,0.6287206546849725,0.349879619508243
25992,LOF,0.011676442886337889,0.4843398136943498,0.5039837434193124
25993,LOF,0.0180361868445194,0.08896099483396863,0.893002818321512
25994,LOF,0.022963500000134602,0.10410315470121073,0.8729333452986546
25995,LOF,0.015267683090133913,0.17653150821386532,0.8082008086960007
25996,GOF,0.2945537750845393,0.5117694969478578,0.19367672796760288
25997,GOF,0.05525497634352602,0.6524763269503193,0.2922686967061547
25998,LOF,0.25316006080911474,0.03199053986653613,0.7148493993243491
25999,LOF,0.025199653871547482,0.3015069746346901,0.6732933714937623
26000,LOF,0.15687547740748653,0.013339526753853278,0.8297849958386602
26001,LOF,0.1566020969130763,0.015653381333168404,0.8277445217537552
26002,LOF,0.11583509773534247,0.012776314826834539,0.871388587437823
26003,GOF,0.007580106826009939,0.5590845445941234,0.43333534857986655
26004,GOF,0.018028830350715005,0.5808652824113001,0.40110588723798496
26005,LOF,0.0058502125439318445,0.4862410813754914,0.5079087060805768
26006,GOF,0.09540701108633308,0.4799079814307517,0.42468500748291516
26007,GOF,0.010007535368909573,0.5378506628307043,0.4521418018003862
26008,GOF,0.006987756304534505,0.5777426664801718,0.4152695772152937
26009,GOF,0.01262860341340544,0.6057774298789279,0.3815939667076666
26010,GOF,0.012092289021184956,0.514757784644159,0.47314992633465597
26011,LOF,0.006300121207366814,0.40222037158242535,0.5914795072102078
26012,GOF,0.005924470252116321,0.5240496593753362,0.4700258703725474
26013,LOF,0.01161729650883066,0.46963803900032586,0.5187446644908434
26014,LOF,0.05520730112933631,0.06753468576935746,0.8772580131013062
26015,LOF,0.39536872498208114,0.03339915798952255,0.5712321170283963
26016,LOF,0.2624621625728082,0.055724083842722774,0.681813753584469
26017,LOF,0.014824867741878179,0.18720189655643454,0.7979732357016872
26018,LOF,0.019279912352546242,0.1091098304854219,0.8716102571620319
26019,LOF,0.01930375190214857,0.096426198551867,0.8842700495459844
26020,LOF,0.0070801903015926355,0.1619069784786425,0.8310128312197649
26021,LOF,0.08623372781867081,0.08235644090754471,0.8314098312737844
26022,LOF,0.04603777461097052,0.03499974229120178,0.9189624830978276
26023,LOF,0.029314374053671093,0.07613728589193505,0.8945483400543939
26024,LOF,0.0505551978902927,0.0590831542180132,0.8903616478916941
26025,LOF,0.1302588069972413,0.08440358805418577,0.785337604948573
26026,LOF,0.11942230799021616,0.06332854302234307,0.8172491489874408
26027,LOF,0.027688961953215737,0.04566562665445307,0.9266454113923311
26028,LOF,0.0806633097981264,0.21937326013493436,0.6999634300669393
26029,LOF,0.034714800853373536,0.1312766650805475,0.8340085340660789
26030,LOF,0.12671928024357218,0.017033850752288245,0.8562468690041396
26031,LOF,0.01649892311215537,0.13386609816794515,0.8496349787198995
26032,LOF,0.025396544854241677,0.029605945594842076,0.9449975095509163
26033,LOF,0.04399048449346028,0.0550063713311769,0.9010031441753628
26034,LOF,0.021778590852281513,0.08236730160771076,0.8958541075400076
26035,LOF,0.013120797370478833,0.09661704571103788,0.8902621569184833
26036,LOF,0.012271239520799324,0.078955696384588,0.9087730640946128
26037,LOF,0.012080982524860881,0.08332005768696228,0.9045989597881768
26038,LOF,0.02223467949321018,0.027235881789648524,0.9505294387171414
26039,LOF,0.03156075948616293,0.11018824503792729,0.8582509954759097
26040,LOF,0.06656791270205759,0.16444720614311786,0.7689848811548246
26041,LOF,0.01434810670100906,0.08971287791469679,0.8959390153842942
26042,LOF,0.013130887443660937,0.09435719423559334,0.8925119183207457
26043,LOF,0.022303162952450918,0.04924127852450465,0.9284555585230444
26044,LOF,0.007778045816759382,0.0423319278106861,0.9498900263725546
26045,LOF,0.08599111207498461,0.18880994307486892,0.7251989448501464
26046,LOF,0.02234800740177709,0.04797359948545922,0.9296783931127638
26047,LOF,0.06496159291899624,0.04272295853443238,0.8923154485465714
26048,LOF,0.07749058469917604,0.0198099963061093,0.9026994189947146
26049,Neutral,0.9393384738783482,0.005591026823964806,0.05507049929768694
26050,Neutral,0.8927509697413774,0.007197211221039425,0.10005181903758312
26051,LOF,0.025728094700971094,0.31808083252718344,0.6561910727718455
26052,LOF,0.029681861258753592,0.23984460079859124,0.7304735379426551
26053,LOF,0.025560328013939246,0.1740759899950851,0.8003636819909756
26054,LOF,0.05515977150328154,0.08065747321002403,0.8641827552866944
26055,LOF,0.06071587110787673,0.07574404074929109,0.8635400881428322
26056,LOF,0.05748109511281851,0.07902225909385432,0.8634966457933273
26057,LOF,0.047094553748412614,0.01898303173813094,0.9339224145134564
26058,LOF,0.05364798933491525,0.015051495833336584,0.931300514831748
26059,LOF,0.2788901820895604,0.11318317994820098,0.6079266379622386
26060,LOF,0.018449884091007503,0.1993418092712418,0.7822083066377508
26061,LOF,0.014009883720638234,0.011737928123800551,0.9742521881555612
26062,LOF,0.006317835779887328,0.024530671984214363,0.9691514922358982
26063,LOF,0.04435375295832588,0.014553497770360782,0.9410927492713134
26064,LOF,0.008819343649457387,0.014945340055060595,0.976235316295482
26065,LOF,0.049388961175639595,0.02041065502328857,0.9302003838010718
26066,LOF,0.04276597797212494,0.012228954803421423,0.9450050672244535
26067,LOF,0.047810144482918704,0.014693189119646384,0.9374966663974349
26068,LOF,0.05043651464157051,0.05986987958480707,0.8896936057736224
26069,LOF,0.17617165252711653,0.04806906762583666,0.7757592798470468
26070,LOF,0.4139127310530188,0.0267848618219418,0.5593024071250394
26071,LOF,0.05282639527000284,0.018411484003644805,0.9287621207263523
26072,LOF,0.008891450331672077,0.019812526001496487,0.9712960236668314
26073,LOF,0.04698262072133339,0.013984064483172583,0.939033314795494
26074,Neutral,0.7343757669593655,0.022059687963471106,0.2435645450771634
26075,LOF,0.039850794608731824,0.04092476169205937,0.9192244436992089
26076,LOF,0.0475432395859076,0.021426821988659778,0.9310299384254326
26077,LOF,0.1823287234830774,0.01818212327654606,0.7994891532403765
26078,LOF,0.007392243628617132,0.02697982618223518,0.9656279301891477
26079,LOF,0.057041260024476195,0.04313458418121728,0.8998241557943064
26080,LOF,0.05612742548501504,0.04289167658498717,0.9009808979299978
26081,LOF,0.0487391761059575,0.01702486956595902,0.9342359543280835
26082,LOF,0.007464292447240803,0.026305239367982715,0.9662304681847764
26083,LOF,0.05956363072187939,0.030711192072071868,0.9097251772060486
26084,LOF,0.07232325560166353,0.020104601786938115,0.9075721426113983
26085,LOF,0.06454894694303759,0.017067239425546415,0.9183838136314161
26086,LOF,0.0449314683684086,0.021146531587065576,0.9339220000445257
26087,LOF,0.04334757179103084,0.01636851610517284,0.9402839121037962
26088,LOF,0.007635545808479403,0.03755541192169989,0.9548090422698208
26089,LOF,0.03661751034479903,0.06013775043502626,0.9032447392201747
26090,LOF,0.036254272920139434,0.05203863419627063,0.9117070928835899
26091,LOF,0.03479510275002312,0.01405323935051031,0.9511516578994667
26092,LOF,0.047301134461700416,0.01387286016103881,0.9388260053772608
26093,LOF,0.06969300025653162,0.008817262503293326,0.921489737240175
26094,LOF,0.04429696469461806,0.01174967091777524,0.9439533643876067
26095,LOF,0.0124126995168855,0.029006137765571996,0.9585811627175425
26096,LOF,0.3270524749700434,0.005504836992837286,0.6674426880371193
26097,LOF,0.007593404524032268,0.05423113810860779,0.93817545736736
26098,LOF,0.060109440872318655,0.04346930805632329,0.8964212510713581
26099,LOF,0.051713417388253136,0.03996126202770306,0.9083253205840437
26100,LOF,0.051713417388253136,0.03996126202770306,0.9083253205840437
26101,LOF,0.05046757962281513,0.049191373067505935,0.900341047309679
26102,LOF,0.043705998767179025,0.021130207510193507,0.9351637937226275
26103,Neutral,0.8864626229691235,0.046836226546063196,0.06670115048481333
26104,LOF,0.04619138030678197,0.11474454519382746,0.8390640744993906
26105,LOF,0.2416646211103413,0.06207350419198044,0.6962618746976783
26106,LOF,0.30282304582771563,0.035038756399905426,0.6621381977723789
26107,LOF,0.01726635409348188,0.053752735452448214,0.9289809104540698
26108,LOF,0.17972184784483428,0.05752605935417832,0.7627520928009873
26109,LOF,0.05435930941450057,0.038616572813873054,0.9070241177716264
26110,Neutral,0.5451749694440156,0.025226939351350855,0.4295980912046336
26111,LOF,0.05911839269445282,0.18733396676649894,0.7535476405390483
26112,LOF,0.07190171460222691,0.015418891605106726,0.9126793937926664
26113,LOF,0.07550009574598945,0.03500474480627423,0.8894951594477364
26114,LOF,0.11613599406420697,0.011008977710222594,0.8728550282255705
26115,LOF,0.02348298780834292,0.07531896678865853,0.9011980454029984
26116,LOF,0.07212647212836053,0.02058211719774398,0.9072914106738954
26117,LOF,0.30754290880679674,0.0730343058148745,0.6194227853783287
26118,LOF,0.03490352058604613,0.025279370407544764,0.939817109006409
26119,LOF,0.0058006327324486105,0.09524277895353578,0.8989565883140156
26120,LOF,0.02731721745879931,0.01864541816648912,0.9540373643747115
26121,LOF,0.003890328599541081,0.12042415540077915,0.8756855159996797
