feature0,prediction,LoGoFunc_Neutral,LoGoFunc_GOF,LoGoFunc_LOF
25546,Neutral,0.7523408175583485,0.035006178607673265,0.21265300383397834
25547,Neutral,0.6003965065777095,0.07311691633047696,0.3264865770918135
25548,Neutral,0.611950639417433,0.052386442627416374,0.33566291795515063
25549,Neutral,0.530776705753304,0.05162482853124604,0.4175984657154499
25550,LOF,0.3672838355563153,0.11011148536109659,0.5226046790825881
25551,LOF,0.2897121817686087,0.12210562683223493,0.5881821913991564
25552,LOF,0.2148573548202405,0.11260216915268019,0.6725404760270792
25553,Neutral,0.8569329749234543,0.026865877292954067,0.11620114778359168
25554,LOF,0.24790940742326548,0.106983606443476,0.6451069861332585
25555,LOF,0.20855389214966324,0.09393955758198168,0.6975065502683551
25556,Neutral,0.4634832323545346,0.09553278012141374,0.4409839875240516
25557,LOF,0.19786743188907785,0.09972456158112249,0.7024080065297997
25558,LOF,0.2319989636384159,0.10872357472828824,0.6592774616332959
25559,LOF,0.37259258891027763,0.09536439407323928,0.532043017016483
25560,LOF,0.05839784417821857,0.1340747594650554,0.807527396356726
25561,LOF,0.12887819035707845,0.13195021236105417,0.7391715972818674
25562,LOF,0.07666736511521904,0.07509889965995645,0.8482337352248245
25563,LOF,0.10391873577870225,0.07296055622584226,0.8231207079954554
25564,LOF,0.255016051486168,0.13065245276275536,0.6143314957510767
25565,LOF,0.12667521292548892,0.13189798644117162,0.7414268006333394
25566,GOF,0.012014404176124491,0.7503639842100326,0.23762161161384301
25567,LOF,0.018483078358466187,0.1962801733492435,0.7852367482922904
25568,LOF,0.0543512699553667,0.07148233564214743,0.8741663944024859
25569,LOF,0.056489884859133505,0.07199012070142781,0.8715199944394387
25570,LOF,0.05517621807230555,0.1170551413579563,0.8277686405697381
25571,LOF,0.05018751667783821,0.10996934334865519,0.8398431399735066
25572,LOF,0.06744705122077967,0.1320793372828435,0.8004736114963769
25573,LOF,0.035032416784910134,0.10185775229001381,0.8631098309250761
25574,LOF,0.019907505490061893,0.15653779853027727,0.8235546959796608
25575,LOF,0.03959629054501099,0.12275532466769387,0.8376483847872951
25576,LOF,0.01863532058768647,0.1465593209201235,0.83480535849219
25577,LOF,0.015477066474927982,0.13193019405757125,0.8525927394675007
25578,LOF,0.29869554582251434,0.09287018321005686,0.6084342709674289
25579,LOF,0.12672814675904834,0.11003797810680933,0.7632338751341423
25580,LOF,0.030028612366309444,0.0951619426049852,0.8748094450287053
25581,LOF,0.05124340078613033,0.07322911009194014,0.8755274891219296
25582,LOF,0.05096572554088051,0.0719787257616588,0.8770555486974607
25583,LOF,0.035688076853881,0.10835984361398894,0.85595207953213
25584,Neutral,0.5011045838864402,0.12648776301579645,0.37240765309776325
25585,LOF,0.021438751159597643,0.1444070753725539,0.8341541734678485
25586,LOF,0.02714973399093465,0.08796093998855718,0.8848893260205083
25587,LOF,0.028664418257884232,0.0795103151761104,0.8918252665660054
25588,LOF,0.028730146603556005,0.09917723705774988,0.8720926163386942
25589,Neutral,0.6291631860240612,0.1204375239261982,0.25039929004974065
25590,LOF,0.033754398960975616,0.14463065728950478,0.8216149437495196
25591,LOF,0.08977776897900454,0.06436995278742538,0.8458522782335701
25592,LOF,0.09248812956346725,0.1511050511082573,0.7564068193282754
25593,LOF,0.032192532198447144,0.28810258471696276,0.6797048830845901
25594,LOF,0.04420926523271992,0.16624919398031276,0.7895415407869674
25595,LOF,0.056170604250145854,0.11675870536531271,0.8270706903845413
25596,LOF,0.05231030456385043,0.08069439332258309,0.8669953021135665
25597,LOF,0.036965080708279106,0.07802611271168135,0.8850088065800394
25598,LOF,0.04935217495853811,0.11741498782403194,0.83323283721743
25599,GOF,0.006399937417384199,0.6161958253663414,0.3774042372162745
25600,GOF,0.013060237060157673,0.6187915844535405,0.3681481784863017
25601,LOF,0.009939749349645243,0.43616005679744985,0.5539001938529049
25602,LOF,0.02054943758221878,0.042020969853883296,0.9374295925638979
25603,LOF,0.06461978565570904,0.017280883204271617,0.9180993311400194
25604,LOF,0.03452386158709642,0.04209522210707408,0.9233809163058294
25605,LOF,0.01026725347645971,0.19875562646891357,0.7909771200546268
25606,LOF,0.09601235218415188,0.3271685645601867,0.5768190832556614
25607,LOF,0.00653737709030992,0.17206400882381068,0.8213986140858793
25608,LOF,0.015686568164802316,0.10933272650929365,0.874980705325904
25609,LOF,0.052100314320417195,0.42784316952244555,0.5200565161571372
25610,LOF,0.03229340379788467,0.025085384085750912,0.9426212121163645
25611,LOF,0.038214357541640015,0.022508318499924435,0.9392773239584356
25612,LOF,0.09762929410733398,0.03516663353631453,0.8672040723563516
25613,LOF,0.08558539069998776,0.03669386166326987,0.8777207476367423
25614,LOF,0.030805155530325364,0.02991334269602274,0.9392815017736519
25615,LOF,0.034294692651108516,0.04131136815230514,0.9243939391965864
25616,LOF,0.025923937527672043,0.030964142089940076,0.943111920382388
25617,LOF,0.026233387367830974,0.03193180117666212,0.9418348114555068
25618,LOF,0.13661505773539293,0.028074666705471863,0.8353102755591353
25619,LOF,0.02841249877581702,0.02792295474815887,0.943664546476024
25620,LOF,0.03347447564142197,0.03551206547713482,0.9310134588814433
25621,LOF,0.026487984033716067,0.031573263346981975,0.9419387526193019
25622,LOF,0.03327156074189305,0.03472675023310159,0.9320016890250054
25623,LOF,0.05408070074050135,0.02653306318784122,0.9193862360716575
25624,LOF,0.0249346307223398,0.03545065343335464,0.9396147158443057
25625,LOF,0.03369802832855839,0.040200383333411686,0.9261015883380299
25626,LOF,0.07509645106574561,0.03298091481390589,0.8919226341203486
25627,Neutral,0.5550799408839419,0.11681249507515937,0.32810756404089875
25628,LOF,0.21101389930381603,0.05237034648257703,0.7366157542136069
25629,LOF,0.05814218204379681,0.05582415015685353,0.8860336677993497
25630,LOF,0.19499965795811758,0.07881275236347542,0.726187589678407
25631,Neutral,0.6110131814282217,0.05395919468622423,0.33502762388555407
25632,LOF,0.013215651695706807,0.11326349323553729,0.8735208550687558
25633,LOF,0.09808347951334602,0.08286059194278807,0.8190559285438659
25634,LOF,0.0341962610501643,0.10978105870691134,0.8560226802429244
25635,LOF,0.04051690288644743,0.08179004229265086,0.8776930548209018
25636,GOF,0.0039878183698612325,0.6030318526791526,0.3929803289509862
25637,GOF,0.0036119682829315004,0.6462128360196981,0.3501751956973704
25638,LOF,0.006091454586099899,0.3948033967005792,0.5991051487133209
25639,GOF,0.003897604960265953,0.5151991182405068,0.48090327679922723
25640,GOF,0.4430837265290502,0.4949975067659986,0.06191876670495116
25641,LOF,0.00911041827571139,0.2867995116839549,0.7040900700403336
25642,LOF,0.24317905463111306,0.0602667583883801,0.696554186980507
25643,LOF,0.3274044543919068,0.1582462503347044,0.5143492952733888
25644,GOF,0.013774594463036787,0.5378372317659814,0.44838817377098183
25645,LOF,0.011836126982548526,0.4633218589617125,0.5248420140557389
25646,LOF,0.017053152310379616,0.3386799192597101,0.6442669284299103
25647,LOF,0.013322398930349163,0.2914571717968743,0.6952204292727765
25648,LOF,0.013407360732971796,0.285958750580293,0.7006338886867352
25649,LOF,0.011248068008199287,0.19020586405416665,0.7985460679376342
25650,LOF,0.0201279632275153,0.42203536116881923,0.5578366756036655
25651,LOF,0.00814978015861552,0.28642998514787227,0.7054202346935121
25652,LOF,0.013298391196558448,0.2573387920379285,0.7293628167655131
25653,LOF,0.04953051865097205,0.35047608757773213,0.5999933937712958
25654,LOF,0.0142160164091913,0.14995641534379692,0.8358275682470117
25655,LOF,0.07605898203838819,0.37881131278752733,0.5451297051740844
25656,LOF,0.10398989507096769,0.07529808220432212,0.8207120227247102
25657,LOF,0.3129647772825579,0.03555307200723637,0.6514821507102058
25658,LOF,0.04181764792242535,0.09823021264226178,0.8599521394353129
25659,LOF,0.36924873731617247,0.08231891747955812,0.5484323452042694
25660,LOF,0.06585744730329955,0.08798972866764326,0.8461528240290572
25661,LOF,0.043938179211177854,0.06696161289582914,0.889100207892993
25662,LOF,0.027071263619005886,0.049306713439330935,0.9236220229416631
25663,LOF,0.03739256997027983,0.06868937399754203,0.8939180560321781
25664,LOF,0.04339250956523049,0.08221364174517158,0.874393848689598
25665,LOF,0.05846443728463589,0.04046254947530019,0.9010730132400638
25666,LOF,0.038820710534111215,0.11704043274037555,0.8441388567255133
25667,LOF,0.03104186252152451,0.04947761096576713,0.9194805265127083
25668,LOF,0.03184704284157425,0.052195304854745155,0.9159576523036805
25669,LOF,0.03837111183514407,0.07577449104510989,0.885854397119746
25670,LOF,0.07959786712539357,0.08953179631549668,0.8308703365591098
25671,LOF,0.03540788899031088,0.04890429700468446,0.9156878140050047
25672,LOF,0.06324981405069668,0.05763944529771467,0.8791107406515887
25673,LOF,0.04458717760615751,0.07099616334236157,0.8844166590514809
25674,LOF,0.04186042192616387,0.07323952952006277,0.8849000485537735
25675,LOF,0.049365481572903054,0.06093617349142362,0.8896983449356732
25676,LOF,0.033947165279514545,0.05874648995823965,0.9073063447622459
25677,LOF,0.06175315306267892,0.06400476404240801,0.874242082894913
25678,LOF,0.2897435498238109,0.03199625370162244,0.6782601964745667
25679,LOF,0.17854210123308853,0.06648155082658194,0.7549763479403295
25680,LOF,0.0585030625757652,0.09718929537859201,0.8443076420456428
25681,LOF,0.10099182474942629,0.09111262441604889,0.8078955508345248
25682,LOF,0.04446776996412712,0.08390754502825429,0.8716246850076186
25683,LOF,0.10882672949632372,0.09537318881859035,0.795800081685086
25684,LOF,0.05501212932776583,0.08544853786077504,0.8595393328114592
25685,LOF,0.1186550736636913,0.05095681675226055,0.8303881095840482
25686,LOF,0.038822374030079015,0.10889036025749403,0.8522872657124271
25687,LOF,0.042544629673189595,0.09760571776206821,0.8598496525647422
25688,LOF,0.028588498129855016,0.08578821423728966,0.8856232876328555
25689,LOF,0.019334108237279612,0.07666379047870728,0.9040021012840133
25690,LOF,0.023013370166115318,0.07882094074726764,0.8981656890866171
25691,LOF,0.21982623074622096,0.10936334242142814,0.6708104268323509
25692,LOF,0.28035609088894015,0.00923254044322254,0.7104113686678373
25693,LOF,0.08971323010724319,0.15715878213967624,0.7531279877530807
25694,LOF,0.2634543793395768,0.015234055205896924,0.7213115654545262
25695,LOF,0.1650907465123406,0.021970333571978817,0.8129389199156807
25696,LOF,0.17333172327308685,0.010719348469083774,0.8159489282578295
25697,LOF,0.1425639040817224,0.028696616977640897,0.8287394789406367
25698,LOF,0.033446310240396314,0.4228909255717108,0.5436627641878928
25699,LOF,0.06248138511794325,0.07819586795945122,0.8593227469226056
25700,LOF,0.032599323684519316,0.010136898815252727,0.9572637775002278
25701,LOF,0.016839083443393577,0.07455135764996458,0.9086095589066419
25702,GOF,0.04023364909339018,0.7522881406906712,0.20747821021593865
25703,LOF,0.013264775968454103,0.2016203743166399,0.785114849714906
25704,LOF,0.09257669682187447,0.15916458352273746,0.7482587196553881
25705,LOF,0.061596210457020975,0.24502925858452157,0.6933745309584574
25706,GOF,0.058715645371584455,0.5631893383075333,0.37809501632088227
25707,GOF,0.0309911458813857,0.48483522111595323,0.48417363300266114
25708,LOF,0.009962269895739733,0.4275984847173166,0.5624392453869436
25709,LOF,0.018956730311484638,0.06437762555741898,0.9166656441310963
25710,LOF,0.00905501938223068,0.1655522198080687,0.8253927608097007
25711,LOF,0.020651760227821794,0.12065707688544551,0.8586911628867326
25712,LOF,0.010049862196692466,0.22531574458765474,0.7646343932156529
25713,LOF,0.01866197296282274,0.09636668432816024,0.884971342709017
25714,LOF,0.02062683424947302,0.13830563690984068,0.8410675288406863
25715,LOF,0.01883258515195718,0.11662633969144465,0.8645410751565982
25716,LOF,0.01010303087989066,0.12699085648818767,0.8629061126319216
25717,LOF,0.006091164339647629,0.13011064259527827,0.8637981930650742
25718,LOF,0.01774400924912213,0.07698146042591796,0.90527453032496
25719,LOF,0.03294790072570436,0.08473491763934501,0.8823171816349505
25720,LOF,0.02273197104137774,0.09054379575317181,0.8867242332054504
25721,LOF,0.022992394398021733,0.10035060679190538,0.876656998810073
25722,LOF,0.017722399800683877,0.13296377329646344,0.8493138269028527
25723,LOF,0.021347712725387227,0.07229463621479801,0.9063576510598147
25724,LOF,0.0347763734316676,0.10190144256735077,0.8633221840009816
25725,LOF,0.02190097298786186,0.06855609230725111,0.9095429347048871
25726,LOF,0.01582699333377301,0.09836048593789025,0.8858125207283368
25727,LOF,0.0199228894385601,0.08702139295589893,0.8930557176055409
25728,LOF,0.017954661307395176,0.10028344801730091,0.881761890675304
25729,LOF,0.01861322414697581,0.10142668010708798,0.8799600957459361
25730,LOF,0.019777643095447765,0.07881140738504594,0.9014109495195063
25731,LOF,0.011566015766998686,0.16281252752469255,0.8256214567083088
25732,LOF,0.018267328772879614,0.09538148256715752,0.8863511886599629
25733,LOF,0.028858946912952745,0.07420319103268416,0.8969378620543631
25734,LOF,0.007631765959337812,0.20086053947680163,0.7915076945638605
25735,LOF,0.022387533047691675,0.07079075539530574,0.9068217115570025
25736,LOF,0.021378628392772304,0.1087266921105426,0.8698946794966851
25737,LOF,0.040362551877469115,0.0833248254534098,0.876312622669121
25738,LOF,0.020646810767268094,0.12060622469373633,0.8587469645389957
25739,LOF,0.0210060778937827,0.11809337888923457,0.8609005432169828
25740,LOF,0.04918810580379082,0.11264274030106178,0.8381691538951473
25741,LOF,0.025719032491199258,0.09608212921230216,0.8781988382964985
25742,LOF,0.03500014180876011,0.11196200166126066,0.8530378565299793
25743,LOF,0.011687276450795167,0.04784484952440553,0.9404678740247994
25744,GOF,0.13153432475724935,0.4550362722483565,0.41342940299439407
25745,LOF,0.019241827929125654,0.06572309920735799,0.9150350728635164
25746,LOF,0.01056126719677037,0.09124417757609891,0.8981945552271307
25747,LOF,0.03248867868296875,0.036338910551695254,0.9311724107653361
25748,LOF,0.19733277363530244,0.06799165333496665,0.7346755730297309
25749,LOF,0.013367752618510918,0.05423457329481357,0.9323976740866755
25750,LOF,0.014939431043193776,0.0889165893158949,0.8961439796409114
25751,LOF,0.03708208983683497,0.07238350407357418,0.890534406089591
25752,GOF,0.07882521279911299,0.6564347100985177,0.26474007710236935
25753,LOF,0.007090920883376136,0.3631855495795171,0.6297235295371069
25754,GOF,0.0052737359691405064,0.8639099751195998,0.13081628891125968
25755,LOF,0.010722496494850471,0.42774929775347786,0.5615282057516717
25756,LOF,0.04813557986482318,0.44210636190149855,0.5097580582336783
25757,GOF,0.007077824659943021,0.8784811703393656,0.11444100500069135
25758,GOF,0.008786417955944908,0.8631800876157034,0.12803349442835163
25759,GOF,0.005143223288227127,0.5724210306695082,0.4224357460422646
25760,LOF,0.006790923546252613,0.3057918334566133,0.6874172429971341
25761,GOF,0.04876721487495698,0.855030994681112,0.09620179044393103
25762,LOF,0.029205743984165915,0.36964596031876873,0.6011482956970653
25763,LOF,0.00914866696919648,0.2421471857730284,0.748704147257775
25764,GOF,0.09733988983895288,0.5729467332006132,0.32971337696043396
25765,GOF,0.007633521720509552,0.8427270690521866,0.1496394092273036
25766,GOF,0.030589060158249054,0.8273832859207887,0.14202765392096234
25767,LOF,0.016858372976743915,0.4840908302878145,0.49905079673544156
25768,LOF,0.03971379161908212,0.07697549145463371,0.8833107169262842
25769,LOF,0.02232312892483655,0.08055648099800086,0.8971203900771625
25770,LOF,0.14651906223995503,0.06225408811766211,0.7912268496423829
25771,LOF,0.01636029050373203,0.08472183012649417,0.8989178793697739
25772,LOF,0.023019580088250332,0.032951722262991784,0.944028697648758
25773,LOF,0.013973723686409121,0.08061747793733995,0.905408798376251
25774,LOF,0.025819717830695376,0.1030857004880702,0.8710945816812344
25775,LOF,0.02121330481557099,0.04986173302020127,0.9289249621642277
25776,LOF,0.02544271058914585,0.029725172395127307,0.9448321170157269
25777,LOF,0.1781476800214661,0.07537826976245465,0.7464740502160793
25778,LOF,0.018955942405584493,0.05962310825130682,0.9214209493431086
25779,GOF,0.03629133456625813,0.8982888105879318,0.06541985484581002
25780,GOF,0.06318317659241687,0.8757507129634275,0.06106611044415556
25781,GOF,0.025251427863285172,0.8668155775737765,0.10793299456293835
25782,GOF,0.032817868726721273,0.8935649950546,0.07361713621867873
25783,GOF,0.018863606899836224,0.7387615228136005,0.24237487028656338
25784,GOF,0.11033357597822843,0.8422390124283948,0.04742741159337665
25785,GOF,0.06213887247888036,0.8961660481224778,0.04169507939864192
25786,GOF,0.00570542741565443,0.8367310009414396,0.15756357164290594
25787,GOF,0.16027114006529114,0.8096126725416065,0.030116187393102387
25788,LOF,0.01572021169632961,0.18134220153774486,0.8029375867659255
25789,GOF,0.021308146413741073,0.8596027770658203,0.11908907652043846
25790,GOF,0.022242650470012344,0.8875680493714226,0.09018930015856491
25791,GOF,0.01625357010735055,0.839550217028363,0.1441962128642865
25792,GOF,0.02725537488208252,0.8443484448977041,0.12839618022021335
25793,GOF,0.07458664495767528,0.8318166132896821,0.09359674175264256
25794,GOF,0.05849864902344454,0.772725211790458,0.16877613918609746
25795,GOF,0.04205026246235497,0.7711868446709206,0.18676289286672446
25796,GOF,0.07383871265539188,0.810170154880049,0.11599113246455925
25797,GOF,0.03749158547434161,0.6791753515922362,0.28333306293342214
25798,GOF,0.003191528178745366,0.6470234556474315,0.3497850161738231
25799,GOF,0.0030270186519649436,0.5338755484192905,0.4630974329287444
25800,GOF,0.011689813854280475,0.7239999740861833,0.2643102120595361
25801,GOF,0.01595095541923967,0.8680850551365213,0.11596398944423915
25802,GOF,0.02201631027221493,0.8017070836347037,0.17627660609308157
25803,GOF,0.011094862113354682,0.7016650082380338,0.2872401296486115
25804,GOF,0.013474880850111899,0.6159516814734085,0.37057343767647943
25805,GOF,0.024016600325766472,0.7222594297195868,0.2537239699546468
25806,GOF,0.0188450111352651,0.7515552291723187,0.2295997596924163
25807,GOF,0.005473923011797608,0.7079889867882925,0.28653709019990986
25808,GOF,0.014644580891440046,0.7382171522245917,0.24713826688396837
25809,GOF,0.006186142819800773,0.7092610550443955,0.28455280213580364
25810,GOF,0.005432567357144702,0.7184057316021236,0.2761617010407319
25811,GOF,0.04796991186156584,0.86028562258339,0.09174446555504424
25812,GOF,0.01559953403647837,0.708514701735124,0.27588576422839767
25813,GOF,0.09415257432378503,0.8105121928385182,0.09533523283769686
25814,GOF,0.02446538425615092,0.8144016862606351,0.1611329294832139
25815,GOF,0.03829842319907067,0.8253296869381971,0.13637188986273233
25816,GOF,0.008059708705885413,0.8644382647465952,0.1275020265475193
25817,GOF,0.0949493611581141,0.7768720666950852,0.12817857214680045
25818,GOF,0.02592914773300323,0.7994766763546288,0.17459417591236814
25819,GOF,0.06151891189386159,0.7861325718510426,0.15234851625509574
25820,GOF,0.031470578470757564,0.7829183922305403,0.18561102929870202
25821,GOF,0.018944819041830048,0.7661199896433423,0.21493519131482786
25822,GOF,0.035387492089527336,0.7943352198983105,0.1702772880121622
25823,GOF,0.014530768274535026,0.6574266187016073,0.3280426130238576
25824,GOF,0.025062663535152862,0.7546219171836017,0.22031541928124543
25825,GOF,0.015158670379651122,0.728083230739358,0.25675809888099094
25826,GOF,0.005232224445599543,0.7051643664610117,0.2896034090933888
25827,GOF,0.008543479622496717,0.7019753573948395,0.2894811629826637
25828,GOF,0.005837039981768207,0.6493255667935923,0.34483739322463947
25829,GOF,0.002923572662883299,0.7030985742411002,0.29397785309601654
25830,GOF,0.03753307635237014,0.5103307466832572,0.4521361769643727
25831,GOF,0.04983557505533537,0.8517586275291611,0.09840579741550352
25832,GOF,0.009288812729607855,0.8055341168910239,0.18517707037936817
25833,GOF,0.034573625505122364,0.8479505569378445,0.11747581755703329
25834,GOF,0.00842776379020828,0.8176437269814931,0.1739285092282986
25835,GOF,0.018408403707211324,0.8646342758686427,0.11695732042414587
25836,GOF,0.00694376110651289,0.82423487410841,0.1688213647850771
25837,GOF,0.007375203892771982,0.7331268858290164,0.2594979102782118
25838,GOF,0.02033142229650588,0.8679245597636392,0.11174401793985499
25839,GOF,0.03863707758863236,0.850960826062699,0.11040209634866863
25840,GOF,0.0572990515043072,0.8542847174187039,0.08841623107698895
25841,GOF,0.04950776698151116,0.862551081985125,0.08794115103336402
25842,GOF,0.026541947431488105,0.9011292375985507,0.07232881496996112
25843,GOF,0.024952093943023047,0.908073775169655,0.06697413088732199
25844,GOF,0.017220222144397425,0.8553288969642127,0.12745088089139012
25845,GOF,0.006081092912538039,0.6834682573595233,0.3104506497279387
25846,GOF,0.039517158497580925,0.8709910287108632,0.0894918127915557
25847,GOF,0.020215362380530844,0.9162782251889507,0.06350641243051834
25848,GOF,0.018466211342244614,0.8649923592608257,0.1165414293969295
25849,GOF,0.0051277522687136045,0.769717859024418,0.22515438870686844
25850,GOF,0.006535273445405261,0.7652649552014457,0.22819977135314892
25851,GOF,0.005562293677051084,0.6510277093887371,0.34340999693421187
25852,GOF,0.12991748175949475,0.6254355412604213,0.2446469769800839
25853,GOF,0.07463071791504451,0.8464487595249184,0.07892052256003705
25854,GOF,0.00539530117457365,0.7158106846307544,0.2787940141946719
25855,GOF,0.014133091137511962,0.6404470691972702,0.34541983966521783
25856,GOF,0.036181347932736495,0.7831960171734936,0.18062263489376995
25857,GOF,0.012450217078001398,0.6336120285063143,0.3539377544156843
25858,GOF,0.007792861950472747,0.6535668141653556,0.3386403238841717
25859,GOF,0.005584559670371271,0.6291148326397341,0.36530060768989453
25860,GOF,0.0781442201649447,0.8236397936655209,0.09821598616953443
25861,GOF,0.08237424447583457,0.8192852394775084,0.0983405160466572
25862,GOF,0.02167927865062716,0.8655017441910271,0.11281897715834581
25863,GOF,0.02164813759953244,0.8764021063226219,0.10194975607784579
25864,GOF,0.04984393693491877,0.8697322763940135,0.08042378667106766
25865,GOF,0.03549519480151486,0.8419749416670758,0.12252986353140942
25866,GOF,0.026674601653083704,0.8675963321447082,0.10572906620220802
25867,GOF,0.03364481117845044,0.8836927515854902,0.0826624372360594
25868,GOF,0.05601119201944235,0.8372604862005092,0.10672832178004847
25869,GOF,0.3211410113775767,0.6160390547218098,0.06281993390061354
25870,GOF,0.06749165619782702,0.6839221824606613,0.24858616134151174
25871,GOF,0.011784754396016808,0.8966525895821751,0.09156265602180823
25872,GOF,0.020709691046705375,0.8750183592756904,0.10427194967760423
25873,GOF,0.019813794531550546,0.8935741792792224,0.08661202618922695
25874,LOF,0.01685519784558802,0.20478247624589233,0.7783623259085196
25875,LOF,0.0553078889430689,0.04340509986695597,0.9012870111899751
25876,LOF,0.018390879061362643,0.03728761747932227,0.9443215034593151
25877,LOF,0.12926950836134243,0.0816581605243905,0.7890723311142671
25878,LOF,0.07598763833021628,0.11921298353030045,0.8047993781394832
25879,LOF,0.030531098740424666,0.07951632101778021,0.8899525802417952
25880,LOF,0.0560083804724419,0.013271641267395108,0.930719978260163
25881,Neutral,0.5514559311336541,0.056602010553143955,0.3919420583132019
25882,LOF,0.0573796356003499,0.02561409194041753,0.9170062724592326
25883,LOF,0.03037870159065257,0.022070268705801116,0.9475510297035463
25884,LOF,0.028422665063446664,0.03766526744190295,0.9339120674946504
25885,LOF,0.2255179383552857,0.010331838136291393,0.7641502235084229
25886,LOF,0.1506752265628742,0.051790079324151354,0.7975346941129745
25887,LOF,0.19317609206202369,0.05225861205174063,0.7545652958862357
25888,LOF,0.01261547251387714,0.12399012863914533,0.8633943988469776
25889,LOF,0.033277591133170845,0.027149061804675047,0.9395733470621541
25890,LOF,0.11282748333596923,0.11687860625417544,0.7702939104098553
25891,LOF,0.0887750923506333,0.022698626427726187,0.8885262812216406
25892,LOF,0.009461767713022016,0.032001279427756775,0.9585369528592211
25893,LOF,0.4126448442591671,0.008939611001138317,0.5784155447396946
25894,LOF,0.4497544855839395,0.005778279384640752,0.5444672350314198
25895,LOF,0.3418047873052855,0.0110528222072097,0.6471423904875048
25896,LOF,0.0676397290980435,0.016215003581611827,0.9161452673203446
25897,LOF,0.18866111892601548,0.008775574254610353,0.8025633068193742
25898,LOF,0.1563676170709332,0.02852596120979752,0.8151064217192693
25899,LOF,0.3498661878354815,0.018122914135880193,0.6320108980286383
25900,LOF,0.44133787196228236,0.007492778735480313,0.5511693493022374
25901,LOF,0.059117530868512076,0.0073673573202223275,0.9335151118112656
25902,LOF,0.16129074963196896,0.008861725181088248,0.8298475251869428
25903,LOF,0.42093353669342015,0.02459570800710502,0.5544707552994749
25904,LOF,0.4761942477567557,0.02350959397582622,0.500296158267418
25905,LOF,0.004153174714862194,0.47030534607375324,0.5255414792113846
25906,LOF,0.00911449689409519,0.12177415366667131,0.8691113494392335
25907,LOF,0.004088546991100575,0.35191222881890094,0.6439992241899984
25908,LOF,0.004501371800294442,0.2642243917932593,0.7312742364064463
25909,LOF,0.023093962008405185,0.16037654613664745,0.8165294918549474
25910,LOF,0.011243005711087757,0.1455675684166233,0.843189425872289
25911,LOF,0.33070781032369817,0.05461670924364925,0.6146754804326525
25912,LOF,0.06298607683720557,0.06634293350839002,0.8706709896544045
25913,LOF,0.045251739570114,0.07514747405240643,0.8796007863774795
25914,LOF,0.04060376921202681,0.044573581234956625,0.9148226495530165
25915,LOF,0.18195391802845914,0.19795791979741334,0.6200881621741275
25916,LOF,0.03192505570893069,0.12923013818026668,0.8388448061108026
25917,LOF,0.06937111495632076,0.03683581350523667,0.8937930715384426
25918,LOF,0.04706198504817132,0.02817327092019272,0.924764744031636
25919,LOF,0.042591053115995564,0.027075066340147464,0.930333880543857
25920,LOF,0.16075662982397343,0.16735675218690027,0.6718866179891262
25921,LOF,0.015433197417161012,0.04151532176461299,0.943051480818226
25922,LOF,0.016684845777184244,0.035743388005624176,0.9475717662171915
25923,LOF,0.45201519538902857,0.036100768656251093,0.5118840359547203
25924,LOF,0.023215986110064934,0.061296158969206385,0.9154878549207286
25925,LOF,0.0822675003572203,0.049803296492403795,0.8679292031503758
25926,LOF,0.058578165220187814,0.0505564098935679,0.8908654248862442
25927,LOF,0.02347946116713607,0.08759499500225618,0.8889255438306078
25928,LOF,0.010238538100505469,0.06320023253983126,0.9265612293596632
25929,Neutral,0.5344484328433226,0.03451144024232754,0.4310401269143499
25930,LOF,0.07299287970618105,0.033539963088790224,0.8934671572050288
25931,LOF,0.014008784009984213,0.03994321102916737,0.9460480049608484
25932,LOF,0.06330945697407901,0.030523120082505448,0.9061674229434156
25933,LOF,0.057082448392005845,0.021179406855522033,0.9217381447524721
25934,LOF,0.055513149249100995,0.02025758768975365,0.9242292630611454
25935,LOF,0.07005966566743325,0.0628042414185475,0.8671360929140193
25936,LOF,0.0995268191276011,0.021973653170959232,0.8784995277014396
25937,LOF,0.014059937414166676,0.04144332738220102,0.9444967352036323
25938,LOF,0.06750838669514998,0.057182119793621734,0.8753094935112283
25939,LOF,0.04094669689393465,0.027140149888063077,0.9319131532180023
25940,LOF,0.009322853562734717,0.3577085195321273,0.6329686269051379
25941,Neutral,0.4911921297493678,0.037862035829735734,0.4709458344208964
25942,LOF,0.008831834858457854,0.04591797271561033,0.9452501924259318
25943,LOF,0.04452938716000846,0.18746587812629814,0.7680047347136935
25944,LOF,0.0767140593101991,0.09667577075185553,0.8266101699379453
25945,LOF,0.11687077844197741,0.01841114194189039,0.8647180796161322
25946,LOF,0.06615082899146253,0.03671186178670063,0.8971373092218369
25947,Neutral,0.458011086018032,0.10008840255926503,0.441900511422703
25948,LOF,0.4135775620474801,0.014430232443720045,0.5719922055087999
25949,LOF,0.12755144096964033,0.06805617241978763,0.804392386610572
25950,GOF,0.06235513555908785,0.6320979464344985,0.3055469180064137
25951,LOF,0.01362474864406965,0.43594276951560806,0.5504324818403222
25952,LOF,0.2825908825968597,0.2700767747968017,0.44733234260633853
25953,LOF,0.007207629852112279,0.18799435827569522,0.8047980118721925
25954,GOF,0.08252619506251774,0.4924952795957616,0.4249785253417205
25955,LOF,0.007077426927846281,0.16396316059450028,0.8289594124776535
25956,LOF,0.020078645024939452,0.2659430699823114,0.7139782849927492
25957,LOF,0.2170141409912624,0.036034532036916395,0.7469513269718212
25958,LOF,0.031333872512593626,0.03314542753378127,0.9355206999536251
25959,GOF,0.015600741181106001,0.5210051093093551,0.46339414950953894
25960,LOF,0.0074886858206411056,0.05292354514400753,0.9395877690353512
25961,LOF,0.02900174186493971,0.031750737466979984,0.9392475206680801
25962,LOF,0.03712331307199198,0.06518401941062665,0.8976926675173814
25963,LOF,0.005203082251755619,0.1853630460745285,0.8094338716737158
25964,LOF,0.03333706754135105,0.09851723056430899,0.8681457018943399
25965,LOF,0.24806871366343836,0.12429128049870294,0.6276400058378586
25966,Neutral,0.46535235153528937,0.1521166212839413,0.3825310271807693
25967,LOF,0.009646609377056912,0.08777335909859216,0.9025800315243508
25968,LOF,0.04762384078865105,0.22898037697741871,0.7233957822339302
25969,LOF,0.1355275120612065,0.050157598245723,0.8143148896930704
25970,LOF,0.02226221168485073,0.07885555235639317,0.898882235958756
25971,LOF,0.0874172583432952,0.025518586148507372,0.8870641555081973
25972,LOF,0.066418684596171,0.040178412522283886,0.8934029028815451
25973,LOF,0.07276510716013097,0.009175019636150082,0.918059873203719
25974,LOF,0.05687705385319285,0.03671445610455321,0.906408490042254
25975,LOF,0.052430179208010505,0.015412528778445506,0.9321572920135439
25976,LOF,0.09880354769807922,0.009100729067558834,0.8920957232343619
25977,LOF,0.1882271208875159,0.07246086815725691,0.7393120109552273
25978,LOF,0.1774387244565565,0.131835694240938,0.6907255813025056
25979,LOF,0.14322568509962672,0.1449189220878534,0.71185539281252
25980,LOF,0.25332865980788843,0.18500327389020052,0.561668066301911
25981,LOF,0.2539188881938199,0.18651147923183461,0.5595696325743454
25982,Neutral,0.49085039506472633,0.09366741117523872,0.41548219376003503
25983,Neutral,0.47891309365384954,0.1123947207842862,0.4086921855618643
25984,LOF,0.03652739499199571,0.09072127688713068,0.8727513281208735
25985,LOF,0.4191458211406266,0.1525423107312486,0.4283118681281247
25986,LOF,0.013032775529598396,0.419695472900232,0.5672717515701696
25987,LOF,0.05668076919158016,0.123545845229947,0.8197733855784729
25988,LOF,0.03920048669657107,0.19843750248570752,0.7623620108177214
25989,LOF,0.03678079647904684,0.21584794748177355,0.7473712560391795
25990,LOF,0.03772290283928383,0.31291066960233105,0.6493664275583851
25991,LOF,0.02789978795092942,0.39593834175012155,0.5761618702989492
25992,LOF,0.02523984462265403,0.3968112520683441,0.5779489033090018
25993,LOF,0.027583737099930013,0.07357945582173399,0.8988368070783359
25994,LOF,0.022067968972620162,0.07246411740619638,0.9054679136211835
25995,LOF,0.021665698490324764,0.13979985093155087,0.8385344505781245
25996,LOF,0.33018170558991083,0.32292798804647976,0.34689030636360935
25997,LOF,0.05861190227448874,0.40096819292343816,0.540419904802073
25998,LOF,0.2421562877245985,0.03908826479520442,0.718755447480197
25999,LOF,0.028055999480920874,0.17939510329843739,0.7925488972206416
26000,LOF,0.18398477545430578,0.03395861022067472,0.7820566143250195
26001,LOF,0.2753679845545677,0.04252414571758743,0.6821078697278449
26002,LOF,0.13125624375274725,0.05866287873572842,0.8100808775115244
26003,GOF,0.005531443457768815,0.644798153844775,0.3496704026974562
26004,GOF,0.0075499997056418956,0.7005183547177334,0.2919316455766246
26005,GOF,0.0038021603928861674,0.5008997458512015,0.4952980937559124
26006,GOF,0.10363412641589444,0.5743653586571787,0.32200051492692683
26007,GOF,0.007425478030819297,0.5484185786302808,0.44415594333889985
26008,GOF,0.0057903416285001825,0.6391873647263291,0.3550222936451708
26009,GOF,0.006919936680162175,0.6788949172242333,0.3141851460956046
26010,GOF,0.008546652125293916,0.6470365767984734,0.3444167710762327
26011,LOF,0.0034432039727611123,0.46781424878520866,0.5287425472420302
26012,GOF,0.004962659773454333,0.5402616005951298,0.4547757396314158
26013,GOF,0.006927672312319226,0.592487115949731,0.40058521173794975
26014,LOF,0.05518143448728306,0.12516483213331783,0.8196537333793991
26015,LOF,0.40306311906121933,0.024168931605659923,0.5727679493331207
26016,LOF,0.33518198127540066,0.04348068237905137,0.621337336345548
26017,LOF,0.02753435970128508,0.22965117380996497,0.7428144664887498
26018,LOF,0.028857693146233678,0.06446799518566965,0.9066743116680968
26019,LOF,0.028711281973810586,0.05673787279587654,0.9145508452303128
26020,LOF,0.010581367186787129,0.18857561772569603,0.8008430150875169
26021,LOF,0.07830077524765787,0.06700889194118054,0.8546903328111615
26022,LOF,0.04129898179445317,0.02870221951474928,0.9299987986907975
26023,LOF,0.03278722660359547,0.03464946131001713,0.9325633120863875
26024,LOF,0.047827554518360654,0.0702675694306838,0.8819048760509556
26025,LOF,0.06525019468559087,0.08843125863408713,0.846318546680322
26026,LOF,0.12134003314138031,0.06623571273625367,0.812424254122366
26027,LOF,0.02685157014950166,0.027539141861568157,0.9456092879889302
26028,LOF,0.11328862083499809,0.1363180892792961,0.7503932898857059
26029,LOF,0.01722956166533179,0.1700376768068551,0.812732761527813
26030,LOF,0.16250628126604214,0.0210773742671461,0.8164163444668119
26031,LOF,0.009381560313678143,0.1520631065142398,0.8385553331720821
26032,LOF,0.0429558434121185,0.04950013520588524,0.9075440213819963
26033,LOF,0.07114556029535384,0.04485257075076667,0.8840018689538794
26034,LOF,0.012138598222555114,0.13934456657098584,0.848516835206459
26035,LOF,0.011210241611739034,0.10140796884550812,0.8873817895427529
26036,LOF,0.011309755370971628,0.1164586971737349,0.8722315474552934
26037,LOF,0.009527448193929273,0.09581437198506353,0.8946581798210073
26038,LOF,0.03750682629393504,0.043901978436253285,0.9185911952698116
26039,LOF,0.024392044655564615,0.11727285343638678,0.8583351019080486
26040,LOF,0.11404451946876061,0.12147634699578051,0.7644791335354589
26041,LOF,0.012599165198231784,0.08631327056432292,0.9010875642374452
26042,LOF,0.011333076043466062,0.09449184351811654,0.8941750804384174
26043,LOF,0.03571934417569828,0.06186782691353841,0.9024128289107634
26044,LOF,0.013528450412207132,0.04343333080995008,0.9430382187778428
26045,LOF,0.06556227022568052,0.10510248087861708,0.8293352488957024
26046,LOF,0.03181899137250501,0.04817399513977089,0.9200070134877241
26047,LOF,0.05265154227176977,0.05029196699706988,0.8970564907311602
26048,LOF,0.08571391969134255,0.022068994970978334,0.8922170853376791
26049,Neutral,0.9439556375357335,0.006698275393742325,0.04934608707052398
26050,Neutral,0.9179448969365184,0.007239671781510056,0.07481543128197164
26051,LOF,0.018112880405931262,0.07697234028316544,0.9049147793109034
26052,LOF,0.03222079914790131,0.09826581999458797,0.8695133808575107
26053,LOF,0.03103781295441862,0.1615610757440676,0.8074011113015138
26054,LOF,0.043674135734313696,0.031064550187157876,0.9252613140785285
26055,LOF,0.06155428770619923,0.026157876665255656,0.9122878356285451
26056,LOF,0.05191328322332407,0.03301251200162765,0.9150742047750482
26057,LOF,0.054434738872513246,0.014801396714192219,0.9307638644132945
26058,LOF,0.05879433923138355,0.011656428536467636,0.9295492322321489
26059,LOF,0.19412303891736682,0.0320337183305282,0.7738432427521049
26060,LOF,0.01627464884028741,0.1688923726868144,0.8148329784728982
26061,LOF,0.012087127159724547,0.01103198827553822,0.9768808845647372
26062,LOF,0.0066066341423536255,0.01770498797342482,0.9756883778842216
26063,LOF,0.03628905254836618,0.011397771724694819,0.9523131757269391
26064,LOF,0.010835028287963424,0.02425308648159953,0.964911885230437
26065,LOF,0.044059113916863325,0.011937161772796143,0.9440037243103405
26066,LOF,0.04178025436502943,0.01034479171862276,0.9478749539163478
26067,LOF,0.0530568469699063,0.010075689264613538,0.9368674637654801
26068,LOF,0.05121833057513729,0.052046278797549216,0.8967353906273136
26069,LOF,0.14932856201350628,0.029307531108555593,0.8213639068779383
26070,LOF,0.3143785824402655,0.024590655848197352,0.6610307617115371
26071,LOF,0.041650738279052725,0.011700196499318992,0.9466490652216282
26072,LOF,0.010745322668944245,0.021350966522726313,0.9679037108083295
26073,LOF,0.03634174737726052,0.013458565747554607,0.9501996868751849
26074,Neutral,0.922503502871581,0.008880430742059981,0.06861606638635884
26075,LOF,0.052732846901521406,0.022758473616246215,0.9245086794822324
26076,LOF,0.051309517262266444,0.01261735591204713,0.9360731268256863
26077,LOF,0.164644368613492,0.006825256973770541,0.8285303744127375
26078,LOF,0.008782526971786941,0.014545448900885938,0.9766720241273271
26079,LOF,0.06442214090449623,0.025567619078636174,0.9100102400168676
26080,LOF,0.0636606038926258,0.025624934560686756,0.9107144615466874
26081,LOF,0.030672125136949124,0.008838844735130169,0.9604890301279206
26082,LOF,0.007337724444570735,0.014384893973724933,0.9782773815817043
26083,LOF,0.09356107677865406,0.020742791665063053,0.8856961315562828
26084,LOF,0.10404673216335857,0.01459198976182335,0.881361278074818
26085,LOF,0.09273453993285102,0.012643670346341444,0.8946217897208074
26086,LOF,0.03574244428186964,0.013147591340907712,0.9511099643772227
26087,LOF,0.03325086267863657,0.010839281169192121,0.9559098561521714
26088,LOF,0.009078855985887695,0.01995734635523654,0.9709637976588759
26089,LOF,0.043321276785297506,0.03983896624910715,0.9168397569655953
26090,LOF,0.04449003401491374,0.030341396674253823,0.9251685693108325
26091,LOF,0.028672924820522416,0.007756334424176357,0.9635707407553012
26092,LOF,0.03940813871702331,0.008402071874714308,0.9521897894082624
26093,LOF,0.07140768376918111,0.006076626282724381,0.9225156899480945
26094,LOF,0.03415245685872129,0.006893543766316641,0.9589539993749621
26095,LOF,0.03454600781332362,0.016758379051906903,0.9486956131347696
26096,LOF,0.20751358159635303,0.005056025105482629,0.7874303932981643
26097,LOF,0.008382768469408136,0.030514434614318558,0.9611027969162732
26098,LOF,0.07926190387406544,0.020692818397257125,0.9000452777286775
26099,LOF,0.03998522616509005,0.014623041841400876,0.9453917319935091
26100,LOF,0.039941328764937466,0.014623710491026542,0.945434960744036
26101,LOF,0.05543145437934221,0.029321614759765594,0.9152469308608923
26102,LOF,0.032162416784680736,0.015715903286710783,0.9521216799286084
26103,Neutral,0.8778540361628253,0.028179318813807898,0.09396664502336663
26104,LOF,0.05820128754905575,0.04487194751167429,0.8969267649392699
26105,LOF,0.24580103073375148,0.1898127073696015,0.564386261896647
26106,LOF,0.291420658083282,0.1374698632411981,0.57110947867552
26107,LOF,0.021443970367435377,0.09822053454466684,0.8803354950878978
26108,LOF,0.2631770163342396,0.05228449066981149,0.6845384929959489
26109,LOF,0.09413685480604587,0.03904636480345599,0.866816780390498
26110,LOF,0.4674955804716616,0.007603103825595862,0.5249013157027425
26111,LOF,0.052409846972870544,0.1519088840629397,0.7956812689641897
26112,LOF,0.05444263549911631,0.00915604641976039,0.9364013180811234
26113,LOF,0.10280569354903102,0.018613199583633538,0.8785811068673354
26114,LOF,0.0940489102862397,0.00641829140852237,0.8995327983052379
26115,LOF,0.014220408987363313,0.04271827648699926,0.9430613145256376
26116,LOF,0.07061448570273056,0.020102352612293324,0.909283161684976
26117,LOF,0.4076732264908793,0.03761602827174016,0.5547107452373805
26118,LOF,0.04451067724079572,0.016715789386839215,0.938773533372365
26119,LOF,0.006300259951126127,0.03293163808367407,0.9607681019651998
26120,LOF,0.03295178609132101,0.01647195899667639,0.9505762549120026
26121,LOF,0.004533312065776014,0.12583872150263223,0.8696279664315918
