feature0,prediction,LoGoFunc_Neutral,LoGoFunc_GOF,LoGoFunc_LOF
25546,Neutral,0.6333615250227826,0.052496831992304455,0.3141416429849128
25547,Neutral,0.48191772148591067,0.09141679413334364,0.42666548438074586
25548,Neutral,0.46656798012403367,0.07834411956211236,0.45508790031385404
25549,LOF,0.4016209881809707,0.08012269024167643,0.5182563215773528
25550,LOF,0.3524366760418101,0.11355975660650602,0.5340035673516839
25551,LOF,0.28891044575469604,0.1277390143510453,0.5833505398942587
25552,LOF,0.21998392945764744,0.11872465605374516,0.6612914144886074
25553,Neutral,0.7949357044767204,0.04369488456582008,0.16136941095745955
25554,LOF,0.2752244334830074,0.11093160284280751,0.6138439636741851
25555,LOF,0.2184045096060198,0.10323469467244852,0.6783607957215317
25556,LOF,0.4269889430505299,0.09124317147951255,0.48176788546995747
25557,LOF,0.20784658000194264,0.10974273251641758,0.6824106874816397
25558,LOF,0.27409539769996605,0.11233694590263994,0.6135676563973941
25559,LOF,0.19345450906471662,0.1615483427847985,0.6449971481504849
25560,LOF,0.06804422096433767,0.13329831261264197,0.7986574664230203
25561,LOF,0.1398202665399713,0.11913680358478676,0.741042929875242
25562,LOF,0.061653384286541414,0.07459685620389776,0.8637497595095609
25563,LOF,0.08689492727550405,0.07115918367169274,0.8419458890528033
25564,LOF,0.23488126943706056,0.14357162017765365,0.6215471103852859
25565,LOF,0.17900408034518778,0.12224090225026953,0.6987550174045426
25566,GOF,0.021965058755311975,0.7602564451453337,0.21777849609935435
25567,LOF,0.0257060517695733,0.12879933684286235,0.8454946113875643
25568,LOF,0.06279263157105903,0.0672578740976104,0.8699494943313305
25569,LOF,0.05566724441444052,0.0672076721601076,0.8771250834254518
25570,LOF,0.02967409205622022,0.09306334903408697,0.8772625589096928
25571,LOF,0.02913381869357132,0.09093290761338281,0.8799332736930459
25572,LOF,0.03463272362093862,0.11777640504696076,0.8475908713321006
25573,LOF,0.026740282802735875,0.09081386188555678,0.8824458553117073
25574,LOF,0.016254663791039684,0.1679037149433417,0.8158416212656185
25575,LOF,0.024756858074612614,0.1048972720120905,0.8703458699132969
25576,LOF,0.01360026038824141,0.1462617531009501,0.8401379865108085
25577,LOF,0.011470096979904542,0.11647303046672661,0.872056872553369
25578,LOF,0.2853270331562056,0.07338928249449347,0.6412836843493009
25579,LOF,0.12226347906468385,0.07942428495033256,0.7983122359849837
25580,LOF,0.017932611443472645,0.0684847696516346,0.9135826189048928
25581,LOF,0.047872665003911394,0.06542211375278209,0.8867052212433066
25582,LOF,0.04788657704247871,0.06464824826653592,0.8874651746909854
25583,LOF,0.020325607530716175,0.07709413610197083,0.902580256367313
25584,Neutral,0.5072315847769828,0.11490851853339681,0.3778598966896204
25585,LOF,0.012727547642441165,0.12889155386279283,0.858380898494766
25586,LOF,0.019013473563498615,0.06360951219309492,0.9173770142434065
25587,LOF,0.017321207893783018,0.056622176947053335,0.9260566151591636
25588,LOF,0.01796909074995379,0.07020776252943695,0.9118231467206092
25589,Neutral,0.6235510292162416,0.1329248341810426,0.2435241366027159
25590,LOF,0.02159476226917639,0.11248691416126837,0.8659183235695552
25591,LOF,0.07746783757919334,0.057009899134694314,0.8655222632861124
25592,LOF,0.05458191611275478,0.12053469892434365,0.8248833849629017
25593,LOF,0.02056401693454802,0.27986433664893695,0.699571646416515
25594,LOF,0.03814502553645843,0.11193693890221758,0.8499180355613241
25595,LOF,0.03629595791458447,0.08543107678025641,0.8782729653051592
25596,LOF,0.05210816528126716,0.06130394064675691,0.8865878940719759
25597,LOF,0.0340699834261153,0.07837208524462745,0.8875579313292573
25598,LOF,0.03433223406653111,0.09117434446585339,0.8744934214676156
25599,GOF,0.008829374293699085,0.5551126095357714,0.4360580161705296
25600,GOF,0.02479180345513817,0.6072159008172171,0.36799229572764464
25601,LOF,0.012364930046320591,0.3856637385112244,0.6019713314424551
25602,LOF,0.012557481293116417,0.05417232382204437,0.9332701948848391
25603,LOF,0.03977751225342227,0.02162045548617844,0.9386020322603993
25604,LOF,0.015891344774653534,0.05956622283899506,0.9245424323863515
25605,LOF,0.00959894928397409,0.17700409706653067,0.8133969536494953
25606,LOF,0.11044318474377897,0.284914390878835,0.604642424377386
25607,LOF,0.006200127496535728,0.19087809379827111,0.8029217787051931
25608,LOF,0.011482184731311674,0.1019240569220419,0.8865937583466464
25609,LOF,0.07105947730324491,0.4014202183102574,0.5275203043864976
25610,LOF,0.020608166124338224,0.025901474793352523,0.9534903590823093
25611,LOF,0.019840596945357843,0.02729966824886839,0.9528597348057738
25612,LOF,0.05984115698907094,0.036704411538846536,0.9034544314720826
25613,LOF,0.05671988082603212,0.03705095403582543,0.9062291651381424
25614,LOF,0.028738238993894695,0.031173678830246222,0.940088082175859
25615,LOF,0.016682733968313133,0.04446945264470178,0.938847813386985
25616,LOF,0.053566999529037464,0.030001098101650303,0.9164319023693123
25617,LOF,0.05221152360026023,0.031906317964400126,0.9158821584353396
25618,LOF,0.06467504452137249,0.0363150566904015,0.899009898788226
25619,LOF,0.018797202029884056,0.03418854641639106,0.9470142515537249
25620,LOF,0.0731354956829181,0.039921073997885255,0.8869434303191966
25621,LOF,0.018865337700613154,0.03273651990390628,0.9483981423954805
25622,LOF,0.02311781202035358,0.04111012335132995,0.9357720646283165
25623,LOF,0.03711146453977907,0.039870626637591514,0.9230179088226295
25624,LOF,0.02468313089016168,0.03748401519939793,0.9378328539104404
25625,LOF,0.024620210199536044,0.05204704141169752,0.9233327483887664
25626,LOF,0.055197946231618264,0.03290042217602028,0.9119016315923615
25627,Neutral,0.6348353011031497,0.09439761209321611,0.2707670868036342
25628,LOF,0.1772497100894558,0.04585817163005199,0.7768921182804922
25629,LOF,0.037513458073168846,0.06630722081865675,0.8961793211081744
25630,LOF,0.14984637802391385,0.0864014651016863,0.7637521568743998
25631,Neutral,0.6183179246466084,0.05348348657085842,0.32819858878253316
25632,LOF,0.007788523240926288,0.06474312498500065,0.9274683517740729
25633,LOF,0.20978700219511998,0.043391089036717526,0.7468219087681626
25634,LOF,0.02815276357308672,0.08654901780453797,0.8852982186223752
25635,LOF,0.038291454537673124,0.04681700913902604,0.9148915363233009
25636,GOF,0.005954514264483733,0.4976081009739437,0.49643738476157256
25637,LOF,0.007460654689008541,0.4933594038132531,0.49917994149773837
25638,LOF,0.00990999470312841,0.2497872099818526,0.740302795315019
25639,LOF,0.005554423506775993,0.4001478472795549,0.5942977292136692
25640,Neutral,0.5193685083790343,0.39607930125775503,0.08455219036321078
25641,GOF,0.007873154904596499,0.5036422474741927,0.48848459762121077
25642,LOF,0.2198609618873735,0.12674735067496476,0.6533916874376617
25643,LOF,0.13532855677170524,0.15657408828214092,0.7080973549461539
25644,GOF,0.008720891095042054,0.5179441955887991,0.4733349133161588
25645,LOF,0.007476950504365401,0.46686740942701,0.5256556400686245
25646,LOF,0.012109554042275584,0.384758627709019,0.6031318182487054
25647,LOF,0.010134347895628617,0.31317314687078357,0.6766925052335878
25648,LOF,0.009572723479183826,0.306634024880932,0.6837932516398842
25649,LOF,0.00794597830515868,0.2472995279895576,0.7447544937052838
25650,LOF,0.01299515359685597,0.4515493000239412,0.5354555463792028
25651,LOF,0.006000288560813061,0.3088141546073365,0.6851855568318503
25652,LOF,0.009432386822732562,0.29840570803275895,0.6921619051445085
25653,LOF,0.023618261296135316,0.43877806924465124,0.5376036694592135
25654,LOF,0.009959427980552361,0.2101397191870892,0.7799008528323584
25655,LOF,0.03964319033217858,0.4417140916015816,0.5186427180662398
25656,LOF,0.1984209516641071,0.05906696197896939,0.7425120863569236
25657,LOF,0.2630694830026365,0.031703341342352954,0.7052271756550105
25658,LOF,0.07437351269468351,0.09725884382214325,0.8283676434831732
25659,LOF,0.4253608678531073,0.07720769069550629,0.49743144145138635
25660,LOF,0.028079088390475886,0.08995606484508031,0.8819648467644438
25661,LOF,0.092810903313095,0.06381323817050401,0.8433758585164011
25662,LOF,0.03220917516309402,0.03760492025121544,0.9301859045856906
25663,LOF,0.03967342342338245,0.054400368423774735,0.9059262081528427
25664,LOF,0.05339233294774115,0.07245178384970288,0.8741558832025559
25665,LOF,0.05449035636299904,0.027876399084646643,0.9176332445523543
25666,LOF,0.040153914817139896,0.09027220361421719,0.8695738815686429
25667,LOF,0.06284815335686872,0.04340828698305297,0.8937435596600783
25668,LOF,0.03574477078110196,0.04620221702941975,0.9180530121894782
25669,LOF,0.033127069554775866,0.06402865615103691,0.9028442742941871
25670,LOF,0.06669490585053572,0.06468006107831233,0.8686250330711519
25671,LOF,0.09564004828129417,0.036579865384693634,0.8677800863340123
25672,LOF,0.05727857935644624,0.03633586072112859,0.9063855599224252
25673,LOF,0.026306631042915956,0.051544777712860826,0.9221485912442233
25674,LOF,0.022282304766677065,0.0635421984968245,0.9141754967364984
25675,LOF,0.03575205578655642,0.051695444332052407,0.9125524998813911
25676,LOF,0.019328528714633163,0.051949770542109815,0.9287217007432571
25677,LOF,0.028092595662946404,0.06628271600534426,0.9056246883317094
25678,LOF,0.2028088373764411,0.05849152082264396,0.738699641800915
25679,LOF,0.1573102777589218,0.0836892847016798,0.7590004375393984
25680,LOF,0.04532359331178217,0.107521318568859,0.8471550881193587
25681,LOF,0.06861634624344076,0.10098357988566635,0.8304000738708928
25682,LOF,0.14596843228261636,0.07320743367086144,0.7808241340465222
25683,LOF,0.08433379547980216,0.1204329090280188,0.795233295492179
25684,LOF,0.043186064370430474,0.07173854868119822,0.8850753869483713
25685,LOF,0.08881587285776626,0.04323922041969089,0.8679449067225429
25686,LOF,0.029300127929010548,0.08103463028045021,0.8896652417905392
25687,LOF,0.05826468048158785,0.07279544255882181,0.8689398769595904
25688,LOF,0.05066275811494295,0.0695820687728816,0.8797551731121754
25689,LOF,0.028475160600473334,0.07542261310089593,0.8961022262986307
25690,LOF,0.040211865924074705,0.06835115843028496,0.8914369756456404
25691,LOF,0.2852138261004883,0.0812689075594488,0.6335172663400629
25692,LOF,0.25393139874869763,0.0088087342328267,0.7372598670184757
25693,LOF,0.05470015259136176,0.3427887534392906,0.6025110939693475
25694,LOF,0.2306436753559429,0.015247596726793244,0.7541087279172639
25695,LOF,0.1469313242623039,0.021192182224274807,0.8318764935134213
25696,LOF,0.11018686576860146,0.012296798609266543,0.8775163356221319
25697,LOF,0.09659482127291948,0.02614565267337483,0.8772595260537057
25698,LOF,0.07231933578788119,0.4081813571775524,0.5194993070345665
25699,LOF,0.05935901158472052,0.09030854157481277,0.8503324468404666
25700,LOF,0.05458095233018406,0.0097514798168889,0.935667567852927
25701,LOF,0.014953171311261535,0.10192865538899483,0.8831181732997436
25702,GOF,0.041056569397187284,0.6211478394317985,0.3377955911710142
25703,LOF,0.009288938988099626,0.15090901696597542,0.8398020440459248
25704,LOF,0.05904770888742423,0.1051050944129223,0.8358471966996535
25705,LOF,0.07673675561032646,0.21364689313613106,0.7096163512535426
25706,LOF,0.02842731220700949,0.39702890307597044,0.57454378471702
25707,LOF,0.018886146110097733,0.3262831627970494,0.6548306910928527
25708,LOF,0.008160836784807146,0.30423114723035993,0.6876080159848329
25709,LOF,0.06550308945982194,0.04667271569108247,0.8878241948490955
25710,LOF,0.005875780338500782,0.13691555102132288,0.8572086686401764
25711,LOF,0.019907215800288806,0.10169831145708405,0.878394472742627
25712,LOF,0.008063307820811797,0.19129278209619557,0.8006439100829927
25713,LOF,0.021843443501427917,0.09254450442408246,0.8856120520744896
25714,LOF,0.06885346110024414,0.11653162738311816,0.8146149115166377
25715,LOF,0.013567414985908091,0.1290677629046778,0.857364822109414
25716,LOF,0.006886454522871168,0.12830357547796703,0.8648099699991617
25717,LOF,0.006761786882809637,0.07776055721856316,0.9154776558986273
25718,LOF,0.014476197654840317,0.0830998747154297,0.9024239276297299
25719,LOF,0.021251319584870965,0.08392816444241966,0.8948205159727094
25720,LOF,0.023100924608813387,0.07318557138119029,0.9037135040099963
25721,LOF,0.018973884055615748,0.09646524473750771,0.8845608712068765
25722,LOF,0.017312734783646887,0.10946699527862755,0.8732202699377256
25723,LOF,0.023026892035115584,0.05831358391797485,0.9186595240469096
25724,LOF,0.021276739119588915,0.09676146242770436,0.8819617984527067
25725,LOF,0.01344815381817036,0.0658425093551788,0.9207093368266509
25726,LOF,0.0172447757819544,0.08832749487756884,0.8944277293404768
25727,LOF,0.014135999616488556,0.07230335623877243,0.9135606441447389
25728,LOF,0.012869256765805142,0.09187247638364074,0.8952582668505541
25729,LOF,0.01300759566637673,0.09160116819195083,0.8953912361416724
25730,LOF,0.018894305315132306,0.07609600562981221,0.9050096890550554
25731,LOF,0.008407535365370844,0.13776485114943324,0.8538276134851959
25732,LOF,0.018842152169149567,0.07198284523604805,0.9091750025948023
25733,LOF,0.017744824854405733,0.06898367586732136,0.9132714992782729
25734,LOF,0.00633024822028792,0.12917168205352514,0.864498069726187
25735,LOF,0.01622254022636625,0.06706501570712559,0.9167124440665081
25736,LOF,0.01698770176475243,0.09637839505292872,0.8866339031823188
25737,LOF,0.023659970204273503,0.07986181198724192,0.8964782178084846
25738,LOF,0.015198788245601363,0.12528723912946374,0.8595139726249348
25739,LOF,0.02273926998661464,0.1004717408629475,0.8767889891504378
25740,LOF,0.03465835004897299,0.10559726952567763,0.8597443804253494
25741,LOF,0.017375964224145984,0.09928270131062904,0.883341334465225
25742,LOF,0.10042769106947547,0.10020245794237381,0.7993698509881508
25743,LOF,0.016868644514388347,0.02996481429005406,0.9531665411955577
25744,GOF,0.20591466629009775,0.41511035816842,0.3789749755414822
25745,LOF,0.023632639093098297,0.059354397959306616,0.9170129629475952
25746,LOF,0.016669716681358738,0.07421627847589415,0.9091140048427472
25747,LOF,0.02903005969247164,0.029055409531005046,0.9419145307765232
25748,LOF,0.1280888239481056,0.048068854509943956,0.8238423215419505
25749,LOF,0.014556404967863514,0.061360599158026025,0.9240829958741104
25750,LOF,0.030271538110653324,0.07442508583044963,0.895303376058897
25751,LOF,0.11617655398926119,0.05736756070523849,0.8264558853055002
25752,GOF,0.12414935677157686,0.6060959037247056,0.2697547395037175
25753,LOF,0.008926263483055828,0.2932172175251751,0.697856518991769
25754,GOF,0.005053805517525972,0.7784602806093591,0.21648591387311492
25755,LOF,0.010263827311972186,0.39802709891032345,0.5917090737777043
25756,LOF,0.04817932972089688,0.361885191755976,0.5899354785231271
25757,GOF,0.005770865532157712,0.8296410779547252,0.16458805651311714
25758,GOF,0.007180032196581363,0.8393222960068327,0.15349767179658594
25759,GOF,0.004345040108158131,0.5313212157754812,0.4643337441163607
25760,LOF,0.006006323718479371,0.25267223741983597,0.7413214388616847
25761,GOF,0.03888810649971687,0.8226085947373059,0.13850329876297743
25762,LOF,0.03430570499935509,0.28168319640372197,0.6840110985969229
25763,LOF,0.007165001240282087,0.1839152529398786,0.8089197458198393
25764,GOF,0.16766156841868968,0.5051453322064204,0.32719309937488983
25765,GOF,0.01015538073149262,0.7701670199505017,0.2196775993180056
25766,GOF,0.015270993879479155,0.8014639523545306,0.1832650537659903
25767,GOF,0.0222708449383731,0.5179065705301376,0.4598225845314894
25768,LOF,0.07841276891297677,0.08123763190000194,0.8403495991870212
25769,LOF,0.08479998488365699,0.06344122151425285,0.8517587936020901
25770,LOF,0.3607385898880465,0.07752863809938206,0.5617327720125714
25771,LOF,0.014219689058944187,0.06560872937679155,0.9201715815642644
25772,LOF,0.019654857499695984,0.028802492180895305,0.9515426503194087
25773,LOF,0.01218056158347947,0.12509600192441148,0.862723436492109
25774,LOF,0.027601448204252067,0.07494382553272348,0.8974547262630245
25775,LOF,0.016342212380109924,0.05284851898258829,0.9308092686373017
25776,LOF,0.08053359888864277,0.024485146445592597,0.8949812546657647
25777,LOF,0.32154884149498,0.05067739771543645,0.6277737607895837
25778,LOF,0.07060989740544,0.04785595870535498,0.881534143889205
25779,GOF,0.08039788320224311,0.86331955281783,0.056282563979926765
25780,GOF,0.07337381265253201,0.8360514310073195,0.0905747563401484
25781,GOF,0.02413334335788284,0.853406248311758,0.12246040833035916
25782,GOF,0.035006736065091845,0.87306239113238,0.09193087280252818
25783,GOF,0.01243692259730326,0.6700429641989926,0.31752011320370416
25784,GOF,0.13783302674163217,0.8085543882766393,0.05361258498172848
25785,GOF,0.08802673207258122,0.859282939632951,0.052690328294467785
25786,GOF,0.006073494220881237,0.8202031190535956,0.1737233867255233
25787,GOF,0.22506972705431008,0.7318530132353919,0.043077259710298105
25788,LOF,0.05022804286149206,0.11990213170978162,0.8298698254287264
25789,GOF,0.033756467987651965,0.8117146995712559,0.1545288324410922
25790,GOF,0.03900835784960278,0.836287887007147,0.12470375514325024
25791,GOF,0.025774458785979604,0.7601174083540785,0.21410813285994185
25792,GOF,0.05201864100954397,0.7581748174468782,0.18980654154357793
25793,GOF,0.07181198298794718,0.7278313257118715,0.20035669130018133
25794,GOF,0.1047162635724869,0.679426104499272,0.2158576319282411
25795,GOF,0.023165662079818402,0.748943834918647,0.2278905030015347
25796,GOF,0.13926147475801168,0.7523504787275953,0.10838804651439299
25797,GOF,0.032082050026825126,0.5981630138693148,0.36975493610386
25798,GOF,0.003330348887289808,0.5601635345831723,0.43650611652953797
25799,LOF,0.0031131469876097793,0.4276823574802171,0.5692044955321731
25800,GOF,0.010237504698305273,0.6273993309565556,0.3623631643451391
25801,GOF,0.03977680540997485,0.8045277376972403,0.15569545689278488
25802,GOF,0.018271906244659877,0.7232749754561506,0.2584531182991895
25803,GOF,0.010124343223628384,0.5884875815541896,0.40138807522218195
25804,LOF,0.011055155184371638,0.4817745394380309,0.5071703053775974
25805,GOF,0.019038469209970658,0.6222305987437432,0.35873093204628603
25806,GOF,0.01770352487453084,0.6308274151959484,0.35146905992952066
25807,GOF,0.005590832478085256,0.651499200169624,0.3429099673522906
25808,GOF,0.012832474937742306,0.6494184960355845,0.33774902902667303
25809,GOF,0.006232695399754473,0.6113588733465831,0.38240843125366253
25810,GOF,0.004910487321271558,0.6244951469733888,0.37059436570533955
25811,GOF,0.11095416925464317,0.7754840990553417,0.11356173169001517
25812,GOF,0.01267487412437613,0.633167007435722,0.35415811843990197
25813,GOF,0.12393825800206788,0.7197889690084545,0.1562727729894776
25814,GOF,0.029484476320371662,0.7052195436916291,0.2652959799879991
25815,GOF,0.039953609498420056,0.7149978832597812,0.2450485072417987
25816,GOF,0.007362800180795304,0.746049881086132,0.24658731873307282
25817,GOF,0.05054184641324553,0.7909856067125686,0.1584725468741859
25818,GOF,0.016617435845278136,0.7106254007791504,0.2727571633755715
25819,GOF,0.06995478275324474,0.724087634957458,0.20595758228929742
25820,GOF,0.03127131509749476,0.7249980937370656,0.2437305911654396
25821,GOF,0.015538399132480413,0.7033531049599177,0.28110849590760184
25822,GOF,0.036662328545942126,0.726852128700278,0.23648554275377986
25823,GOF,0.010689188784064678,0.5660985877261914,0.4232122234897439
25824,GOF,0.019011796628061226,0.6880694570512749,0.29291874632066384
25825,GOF,0.011256657522297372,0.6545261880335613,0.3342171544441412
25826,GOF,0.005036363185631426,0.639091704433887,0.3558719323804817
25827,GOF,0.007002158565782217,0.6375177897637984,0.35548005167041946
25828,GOF,0.004697640881373842,0.5611546884948548,0.4341476706237713
25829,GOF,0.002759034414531132,0.603290052952746,0.39395091263272286
25830,LOF,0.0466358754308203,0.3325703090590094,0.6207938155101703
25831,GOF,0.044758062708701196,0.8181981469385361,0.13704379035276268
25832,GOF,0.008229285185146294,0.7768357807287991,0.21493493408605452
25833,GOF,0.03355018181764642,0.8015125920868971,0.16493722609545652
25834,GOF,0.008899007621004516,0.7767973365861638,0.2143036557928317
25835,GOF,0.0194769174150783,0.8117974347757124,0.16872564780920926
25836,GOF,0.007628617026714658,0.7453210434597838,0.24705033951350158
25837,GOF,0.007338921382919753,0.6697250419548249,0.3229360366622554
25838,GOF,0.024055357326160754,0.8300518965397492,0.1458927461340901
25839,GOF,0.05250873294093473,0.7866978245215134,0.16079344253755182
25840,GOF,0.0464387578271316,0.8044592777056839,0.1491019644671845
25841,GOF,0.04419133635222795,0.8185765248457271,0.13723213880204507
25842,GOF,0.030905498955379626,0.8508780533540674,0.11821644769055295
25843,GOF,0.03275064036104472,0.8715607828377981,0.09568857680115721
25844,GOF,0.021814167102886604,0.7914278945274887,0.18675793836962468
25845,GOF,0.005959536333959047,0.5753227016251017,0.41871776204093925
25846,GOF,0.033981146269257266,0.8307443106831265,0.1352745430476161
25847,GOF,0.02092906702720564,0.8767370512153296,0.10233388175746476
25848,GOF,0.013338310432730758,0.7927029670173368,0.19395872254993238
25849,GOF,0.004510404367268685,0.6755046858562991,0.3199849097764321
25850,GOF,0.006063941862546765,0.7193626676442989,0.27457339049315427
25851,GOF,0.005839842345237459,0.6018586269404164,0.39230153071434615
25852,GOF,0.16097208342006636,0.5387222448459039,0.30030567173402967
25853,GOF,0.07012713123482692,0.8244326849093309,0.1054401838558423
25854,GOF,0.008934420732279829,0.671464120905421,0.3196014583622992
25855,GOF,0.013487830295076195,0.6161836093617634,0.37032856034316036
25856,GOF,0.04381375240628485,0.7063752252674513,0.24981102232626373
25857,GOF,0.013295513585671501,0.5702335475395682,0.41647093887476033
25858,GOF,0.00789349289806552,0.5585854965178463,0.43352101058408826
25859,GOF,0.00527054467581219,0.5267447794008355,0.46798467592335236
25860,GOF,0.0848708332965143,0.7915381003937715,0.12359106630971424
25861,GOF,0.13752536698642437,0.7657322950757366,0.09674233793783904
25862,GOF,0.022022707047692817,0.8383866249181858,0.13959066803412137
25863,GOF,0.02285600933418607,0.8334293666198767,0.14371462404593727
25864,GOF,0.05328272721609733,0.8644813609428609,0.0822359118410418
25865,GOF,0.027303975331250126,0.857696434386802,0.1149995902819478
25866,GOF,0.024711632785077008,0.8223451473464881,0.15294321986843484
25867,GOF,0.03260924027671709,0.8623809507712669,0.10500980895201613
25868,GOF,0.06635547793328546,0.7964625847439194,0.1371819373227951
25869,GOF,0.3244236528287024,0.5766868039125671,0.0988895432587305
25870,GOF,0.2005418986702869,0.4954370222561347,0.3040210790735783
25871,GOF,0.03425904611573523,0.8166325228219082,0.14910843106235652
25872,GOF,0.01897458298020648,0.7584422019548768,0.22258321506491685
25873,GOF,0.02530341702416552,0.8115035067809203,0.16319307619491416
25874,LOF,0.017498306527987912,0.13315031649127396,0.849351376980738
25875,LOF,0.024273433418397033,0.04346944480188684,0.9322571217797161
25876,LOF,0.014755004603005235,0.03299569600350776,0.9522492993934869
25877,LOF,0.13988979609055782,0.07929944192789272,0.7808107619815494
25878,LOF,0.0535976598416515,0.12011042700119338,0.8262919131571551
25879,LOF,0.021150183228793886,0.08337800099735905,0.8954718157738472
25880,LOF,0.045975669350347574,0.012178018854673022,0.9418463117949794
25881,Neutral,0.549805895047212,0.03953500444972405,0.41065910050306387
25882,LOF,0.019664169310677805,0.030208317077993596,0.9501275136113285
25883,LOF,0.0564456881560285,0.02441196818258802,0.9191423436613834
25884,LOF,0.008770324427584748,0.04075793872115655,0.9504717368512587
25885,LOF,0.16748112111278232,0.006633535228250719,0.825885343658967
25886,LOF,0.23550095066277332,0.052184449421873835,0.7123145999153528
25887,LOF,0.15263753997768903,0.04689337877415846,0.8004690812481525
25888,LOF,0.013636394368482404,0.09986638410528276,0.8864972215262348
25889,LOF,0.010898736960071466,0.030582866476654605,0.958518396563274
25890,LOF,0.1397152768448332,0.0879493652868983,0.7723353578682683
25891,LOF,0.04341307677087924,0.04937719662817776,0.9072097266009429
25892,LOF,0.014020830877642722,0.040168595856907664,0.9458105732654495
25893,LOF,0.4103693600811446,0.013087362163936155,0.5765432777549192
25894,LOF,0.431198049890639,0.007204713599710165,0.5615972365096509
25895,LOF,0.37368555317246277,0.014814177817166497,0.6115002690103706
25896,LOF,0.04120961694908718,0.02946413257312336,0.9293262504777895
25897,LOF,0.21035741669660202,0.014236717333815922,0.7754058659695819
25898,LOF,0.25268798016214034,0.03589389655362737,0.7114181232842324
25899,LOF,0.17834938935241781,0.03562350639764967,0.7860271042499326
25900,LOF,0.4785146470341624,0.01617780042798201,0.5053075525378555
25901,LOF,0.044235399816408956,0.013768077948846281,0.9419965222347448
25902,LOF,0.0881082643372752,0.017980358291535194,0.8939113773711896
25903,LOF,0.44262287171817044,0.038060384493436,0.5193167437883935
25904,LOF,0.32152544147233697,0.055026721926658924,0.6234478366010041
25905,LOF,0.005787481873507984,0.4066833646758034,0.5875291534506886
25906,LOF,0.010085704022165524,0.08521303699857015,0.9047012589792645
25907,LOF,0.004093547417213365,0.3699509175908302,0.6259555349919564
25908,LOF,0.0035123387488850194,0.2724532552538471,0.7240344059972678
25909,LOF,0.013607289006450933,0.11805461223159172,0.8683380987619573
25910,LOF,0.014869914959586863,0.16861446013938888,0.8165156249010243
25911,LOF,0.18938160015664843,0.032667907918470324,0.7779504919248812
25912,LOF,0.07091487354834762,0.03665289943360223,0.8924322270180501
25913,LOF,0.09043560361697865,0.05096638987625409,0.8585980065067672
25914,LOF,0.0215559871614708,0.057141466473438984,0.9213025463650902
25915,LOF,0.14085440085727496,0.35811667176206924,0.5010289273806557
25916,LOF,0.01810787995743912,0.23364239776851786,0.748249722274043
25917,LOF,0.05268749829043093,0.03982761747972956,0.9074848842298396
25918,LOF,0.025620154586559002,0.03030984063989736,0.9440700047735435
25919,LOF,0.02210345523157936,0.02913359438366596,0.9487629503847547
25920,LOF,0.06519602155801008,0.42636445799341527,0.5084395204485747
25921,LOF,0.010542143451368651,0.03743707180241514,0.9520207847462161
25922,LOF,0.012678603863220391,0.02886651082652006,0.9584548853102596
25923,LOF,0.47760058333386346,0.041118978623180806,0.4812804380429558
25924,LOF,0.016431467340991435,0.038390353955022764,0.9451781787039859
25925,LOF,0.0695842100662155,0.04632818854627625,0.8840876013875082
25926,LOF,0.05321031839531045,0.040181495175597125,0.9066081864290925
25927,LOF,0.015089907561400454,0.1364723741331598,0.8484377183054397
25928,LOF,0.007591813659511422,0.047556456787071266,0.9448517295534173
25929,Neutral,0.5969524948449603,0.04332415870112896,0.35972334645391085
25930,LOF,0.06373626139234699,0.03388424743961653,0.9023794911680365
25931,LOF,0.009910387751869233,0.03212321181751088,0.95796640043062
25932,LOF,0.0284047365292704,0.028575151023224436,0.943020112447505
25933,LOF,0.037256466632478634,0.019148800687720697,0.9435947326798007
25934,LOF,0.025732261552641765,0.0207893700508957,0.9534783683964625
25935,LOF,0.06351793604077915,0.05646475985226333,0.8800173041069576
25936,LOF,0.04291737101731248,0.02269541686548247,0.9343872121172051
25937,LOF,0.00918807614755573,0.035630904750211245,0.9551810191022331
25938,LOF,0.06140270849601266,0.05810599624334277,0.8804912952606445
25939,LOF,0.038262434435351766,0.023989163990397796,0.9377484015742504
25940,LOF,0.006662545520776976,0.3264182449024065,0.6669192095768165
25941,Neutral,0.5029824963304829,0.05034191519968299,0.44667558846983424
25942,LOF,0.004759542185595132,0.03963647095575937,0.9556039868586456
25943,LOF,0.03215055297223296,0.12279961337938247,0.8450498336483846
25944,LOF,0.08928590932513808,0.0757927648280473,0.8349213258468147
25945,LOF,0.05665197707643284,0.02003702273179318,0.9233110001917739
25946,LOF,0.05854094803796987,0.060798054668660666,0.8806609972933694
25947,LOF,0.4563843601496999,0.07890661295885373,0.46470902689144644
25948,LOF,0.32096589158296446,0.009603877741968244,0.6694302306750672
25949,LOF,0.08739528723815432,0.04413218521835565,0.86847252754349
25950,GOF,0.04940261698524424,0.5092461668861678,0.44135121612858796
25951,LOF,0.02337675167033766,0.33912590190869907,0.6374973464209632
25952,LOF,0.27944745861381176,0.2326065966976264,0.48794594468856184
25953,LOF,0.015247852101399919,0.1301564269023366,0.8545957209962634
25954,LOF,0.07365835174614922,0.36280032832376635,0.5635413199300845
25955,LOF,0.01191213817298459,0.10040221127560887,0.8876856505514065
25956,LOF,0.029235684885037583,0.16092194214742778,0.8098423729675347
25957,LOF,0.14594503986655902,0.02277944793598437,0.8312755121974565
25958,LOF,0.049117732179854205,0.032084864237495396,0.9187974035826504
25959,LOF,0.012863184471055052,0.3957961954701313,0.5913406200588137
25960,LOF,0.006322888979017003,0.05575027506717396,0.9379268359538091
25961,LOF,0.036628678112857756,0.028695750002973072,0.934675571884169
25962,LOF,0.03289581182962617,0.06355099515191658,0.9035531930184573
25963,LOF,0.005060785699101156,0.27800378247461643,0.7169354318262825
25964,LOF,0.03325213219622701,0.11264094426221923,0.8541069235415538
25965,LOF,0.32828774980945286,0.09826153121667379,0.5734507189738733
25966,Neutral,0.5174516139482057,0.15602643645680525,0.32652194959498904
25967,LOF,0.007478613871352492,0.07901663943114894,0.9135047466974985
25968,LOF,0.0388012229116795,0.35832718418819587,0.6028715929001246
25969,LOF,0.11837381800986448,0.057422318250683044,0.8242038637394524
25970,LOF,0.0207732648261008,0.07417526386394879,0.9050514713099503
25971,LOF,0.06222076541271523,0.02862641282698661,0.9091528217602982
25972,LOF,0.06327821157092477,0.03965806119191773,0.8970637272371574
25973,LOF,0.050644531935648884,0.009242895428300384,0.9401125726360506
25974,LOF,0.03339837299205405,0.03183170196015498,0.9347699250477911
25975,LOF,0.04497662963524859,0.019525194414210707,0.9354981759505407
25976,LOF,0.09732806336437667,0.009361027518806865,0.8933109091168165
25977,LOF,0.20292309401365852,0.05342155656902297,0.7436553494173185
25978,LOF,0.16516301131795455,0.11248014169285457,0.7223568469891908
25979,LOF,0.14292348420729445,0.1109589633591992,0.7461175524335063
25980,LOF,0.2474023358595898,0.13285795992817104,0.6197397042122391
25981,LOF,0.2769160064050185,0.13295967571005274,0.5901243178849288
25982,LOF,0.41870338324738937,0.09584169482293459,0.48545492192967604
25983,LOF,0.40019399669718847,0.09951823745438487,0.5002877658484266
25984,LOF,0.04280170204251583,0.04862595380836918,0.9085723441491149
25985,LOF,0.3918529007840456,0.1332315049423429,0.4749155942736114
25986,LOF,0.00967902016082187,0.40118354917723076,0.5891374306619472
25987,LOF,0.0360687022480433,0.07975014062339994,0.8841811571285567
25988,LOF,0.15759749382069127,0.07372830648919323,0.7686741996901155
25989,LOF,0.03519159624757359,0.11074243833451171,0.8540659654179147
25990,LOF,0.03776370386541619,0.16592511739616597,0.796311178738418
25991,LOF,0.015320821645715786,0.3287913642006074,0.6558878141536767
25992,LOF,0.022417270254587014,0.2932957777917511,0.6842869519536618
25993,LOF,0.021634216920590466,0.07393319294797927,0.9044325901314302
25994,LOF,0.015148380153590484,0.07417938501273716,0.9106722348336724
25995,LOF,0.02147311927444259,0.15944021217777543,0.819086668547782
25996,LOF,0.2940699316768433,0.271704107499804,0.4342259608233528
25997,LOF,0.061567915057888604,0.3262201987029061,0.6122118862392053
25998,LOF,0.2949924832895558,0.039966060106370736,0.6650414566040735
25999,LOF,0.017559663365679296,0.21625745006885816,0.7661828865654624
26000,LOF,0.14074339926016172,0.0243759428400211,0.8348806578998172
26001,LOF,0.30197862553331933,0.020851359780631913,0.6771700146860488
26002,LOF,0.06462604874118695,0.03693734642102758,0.8984366048377855
26003,GOF,0.003892941437822009,0.6241816557601841,0.3719254028019938
26004,GOF,0.006055981509020583,0.696277430098979,0.29766658839200044
26005,LOF,0.002914912956497048,0.47142357555572934,0.5256615114877735
26006,GOF,0.08996025870043146,0.535323639318685,0.37471610198088356
26007,GOF,0.006072395180863674,0.5491263258823814,0.44480127893675503
26008,GOF,0.004902876501089753,0.617559105137257,0.3775380183616533
26009,GOF,0.005670123089464081,0.6516169290815763,0.34271294782895945
26010,GOF,0.006443253511954756,0.6722099477786446,0.3213467987094006
26011,LOF,0.0026935703511381335,0.46709795176051383,0.530208477888348
26012,GOF,0.0035598516163432244,0.5459933681726965,0.45044678021096035
26013,GOF,0.004697875729855694,0.6150807689858374,0.3802213552843069
26014,LOF,0.046095294551984335,0.08689164967390936,0.8670130557741064
26015,LOF,0.14863779833004528,0.018314231201486498,0.8330479704684682
26016,LOF,0.29373006123894285,0.030442535476930124,0.6758274032841269
26017,LOF,0.021828519947206512,0.18490215591562392,0.7932693241371697
26018,LOF,0.07764125119998831,0.04161592179175197,0.8807428270082598
26019,LOF,0.0746688083044006,0.033187813720653964,0.8921433779749455
26020,LOF,0.010013723485805877,0.1678589148673336,0.8221273616468606
26021,LOF,0.06830506490515875,0.058144169057222,0.8735507660376193
26022,LOF,0.027000973347799,0.023690692668742463,0.9493083339834586
26023,LOF,0.048487377832355544,0.024152720036625636,0.9273599021310188
26024,LOF,0.04517420536986825,0.05820883751730026,0.8966169571128315
26025,LOF,0.06208959017311952,0.12907593408947168,0.8088344757374087
26026,LOF,0.13267307765536018,0.0527084447620072,0.8146184775826326
26027,LOF,0.06352048145558904,0.019162263543133506,0.9173172550012775
26028,LOF,0.09644703612224342,0.11078208092918725,0.7927708829485692
26029,LOF,0.025676265006456925,0.16495012628436692,0.8093736087091761
26030,LOF,0.13798494399973343,0.020738941332088028,0.8412761146681785
26031,LOF,0.012877460264533045,0.12560499520586177,0.8615175445296052
26032,LOF,0.07976592624517323,0.046855587433035445,0.8733784863217913
26033,LOF,0.08248586642714505,0.04527533159716579,0.8722388019756891
26034,LOF,0.014323881135162515,0.13200109417436795,0.8536750246904696
26035,LOF,0.013001842313468586,0.11296906474090024,0.8740290929456311
26036,LOF,0.015630784116669707,0.13357592253669864,0.8507932933466317
26037,LOF,0.011042747964324405,0.09853606426267573,0.890421187773
26038,LOF,0.07036812400039986,0.04575725762241405,0.883874618377186
26039,LOF,0.023426461089951223,0.12655525282368602,0.8500182860863629
26040,LOF,0.11598813053035635,0.09712666207523636,0.7868852073944074
26041,LOF,0.012865313957196521,0.08908655151104454,0.8980481345317589
26042,LOF,0.01146003858981416,0.09108624129095026,0.8974537201192356
26043,LOF,0.07070522044970565,0.06004634795652288,0.8692484315937714
26044,LOF,0.01441968679610119,0.045491949341170596,0.9400883638627282
26045,LOF,0.047798033734787075,0.08851418606425715,0.8636877802009558
26046,LOF,0.06387506491112209,0.049356216752369425,0.8867687183365085
26047,LOF,0.1069456150005478,0.05254918561728215,0.84050519938217
26048,LOF,0.049118022134050685,0.03083696531029581,0.9200450125556535
26049,Neutral,0.9677946188128373,0.0053166394452286185,0.02688874174193408
26050,Neutral,0.9541326675457902,0.006558109146036604,0.039309223308173304
26051,LOF,0.013396957203891615,0.2562676297437218,0.7303354130523866
26052,LOF,0.01902914339698257,0.2989176145600733,0.6820532420429442
26053,LOF,0.02426249279843055,0.14154431970320974,0.8341931874983597
26054,LOF,0.04547378490292339,0.018286260968160904,0.9362399541289156
26055,LOF,0.05874204575391812,0.01772697727311818,0.9235309769729637
26056,LOF,0.04973762954963715,0.019983839434403326,0.9302785310159595
26057,LOF,0.030822198514344756,0.011753694408601351,0.9574241070770538
26058,LOF,0.03154259971301551,0.010044809770898574,0.958412590516086
26059,LOF,0.2795974140258597,0.022227400986597604,0.6981751849875427
26060,LOF,0.0067133501951366905,0.2443574092189725,0.7489292405858908
26061,LOF,0.004616813649300133,0.0119372360354255,0.9834459503152744
26062,LOF,0.003999195226860812,0.016137017174430456,0.9798637875987088
26063,LOF,0.021632622690054518,0.009781883766008208,0.9685854935439373
26064,LOF,0.006374408308994205,0.023358369381475164,0.9702672223095307
26065,LOF,0.02204822212565214,0.011429208290348162,0.9665225695839996
26066,LOF,0.019969321035187542,0.00992030517201273,0.9701103737927996
26067,LOF,0.02701429316975543,0.00873841593036047,0.9642472908998841
26068,LOF,0.040811608181723344,0.029717231181365853,0.9294711606369108
26069,LOF,0.24139911175989082,0.019665382136156685,0.7389355061039525
26070,LOF,0.37381469065815587,0.016073909613773918,0.6101113997280703
26071,LOF,0.01974143252994371,0.010832613342770145,0.9694259541272862
26072,LOF,0.005107017335593987,0.02067626877641789,0.9742167138879881
26073,LOF,0.017013039036961147,0.013064850415951021,0.9699221105470879
26074,Neutral,0.9074778735831838,0.006255640026019855,0.08626648639079641
26075,LOF,0.04248582211341991,0.014951626164564026,0.9425625517220162
26076,LOF,0.039467241707744155,0.008949046912825394,0.9515837113794304
26077,LOF,0.11127176433147873,0.006380338120519059,0.8823478975480021
26078,LOF,0.005600951662337332,0.01239509856261977,0.982003949775043
26079,LOF,0.051019411549863974,0.01825132952177922,0.9307292589283569
26080,LOF,0.04785901840946003,0.018332243393188407,0.9338087381973516
26081,LOF,0.028929365669742517,0.007293508918687156,0.9637771254115703
26082,LOF,0.00435719414857694,0.015627514089911265,0.9800152917615118
26083,LOF,0.13504439181809316,0.016770630040181065,0.8481849781417258
26084,LOF,0.03407748513384952,0.012984409786753495,0.952938105079397
26085,LOF,0.03120979419209907,0.01181786946092738,0.9569723363469735
26086,LOF,0.01897791108304629,0.011044438857840372,0.9699776500591133
26087,LOF,0.020528883414399842,0.009042321890396346,0.9704287946952037
26088,LOF,0.005614689912214376,0.024463714813812033,0.9699215952739735
26089,LOF,0.03613525880441741,0.02303822453453464,0.9408265166610479
26090,LOF,0.03588118732000054,0.019436260456341694,0.9446825522236577
26091,LOF,0.026851986758418354,0.006995251657735871,0.9661527615838458
26092,LOF,0.0196238497115588,0.007851125151317553,0.9725250251371236
26093,LOF,0.03627622737614696,0.0060101987936480835,0.957713573830205
26094,LOF,0.026744822330721632,0.006580914557755972,0.9666742631115224
26095,LOF,0.012767971627511223,0.01870503053895085,0.9685269978335379
26096,LOF,0.13690535760881745,0.005605571227260488,0.8574890711639221
26097,LOF,0.004933382194359312,0.03793683687142008,0.9571297809342206
26098,LOF,0.06803042008863831,0.014668173476619611,0.9173014064347421
26099,LOF,0.01797174323494774,0.01350411483750747,0.9685241419275448
26100,LOF,0.020658331828325275,0.013268872841923582,0.9660727953297511
26101,LOF,0.04478458869957487,0.023023374174039442,0.9321920371263858
26102,LOF,0.01942058026706736,0.014004177130917513,0.9665752426020151
26103,Neutral,0.8715399236027318,0.021797857071631205,0.10666221932563699
26104,LOF,0.06292521378178326,0.02489550829526515,0.9121792779229515
26105,LOF,0.2027684463546039,0.16848497608473934,0.6287465775606568
26106,LOF,0.35802241136800844,0.11767730114702153,0.52430028748497
26107,LOF,0.026907314510733013,0.11622764561623077,0.8568650398730362
26108,LOF,0.39017418089711237,0.04693748886501708,0.5628883302378705
26109,LOF,0.029994402880501994,0.06695629442453416,0.9030493026949638
26110,LOF,0.2093076967278798,0.007511486401393917,0.7831808168707264
26111,LOF,0.09824078604087394,0.08072389467148308,0.821035319287643
26112,LOF,0.03175687002254528,0.007671725344750303,0.9605714046327044
26113,LOF,0.06178819290855123,0.016071770526050147,0.9221400365653987
26114,LOF,0.06483931583221625,0.013897039282151606,0.9212636448856321
26115,LOF,0.01685658942441033,0.07902130284901548,0.9041221077265742
26116,LOF,0.07889499216018718,0.041537071993101936,0.8795679358467109
26117,LOF,0.42308652696962823,0.0524756206814795,0.5244378523488923
26118,LOF,0.0315764918868637,0.02282339114682181,0.9456001169663144
26119,LOF,0.005651395013943905,0.04175087347507459,0.9525977315109816
26120,LOF,0.022853535728891004,0.018599320403219915,0.9585471438678891
26121,LOF,0.005061723976231996,0.12300062732628826,0.8719376486974797
