feature0,prediction,LoGoFunc_Neutral,LoGoFunc_GOF,LoGoFunc_LOF
25546,Neutral,0.7386365758148883,0.03193837023167036,0.22942505395344154
25547,Neutral,0.6044679657346212,0.06401970668023443,0.33151232758514443
25548,Neutral,0.6200272347075422,0.04718991525881271,0.3327828500336451
25549,Neutral,0.541843706843715,0.04507407710611116,0.413082216050174
25550,LOF,0.35904688191183237,0.08479286763136905,0.5561602504567985
25551,LOF,0.2905592259260726,0.09532497760004556,0.6141157964738819
25552,LOF,0.21184871316156312,0.09048291569524206,0.6976683711431948
25553,Neutral,0.8435881140514969,0.025137738233942757,0.1312741477145603
25554,LOF,0.23764655921983407,0.08836213196951567,0.6739913088106502
25555,LOF,0.1955692672339267,0.0787485345066852,0.7256821982593881
25556,LOF,0.42961028051158995,0.07890672830693826,0.49148299118147176
25557,LOF,0.19037569939386964,0.08151655798966954,0.7281077426164608
25558,LOF,0.2249571408939157,0.08763285382154998,0.6874100052845343
25559,LOF,0.3857960806083632,0.15602181354180525,0.45818210584983154
25560,LOF,0.05791046178591761,0.12063389254589335,0.821455645668189
25561,LOF,0.12500331990244917,0.11702514642929185,0.757971533668259
25562,LOF,0.104152396260058,0.05635466105240207,0.8394929426875399
25563,LOF,0.11327440362364005,0.07321974038582638,0.8135058559905335
25564,LOF,0.2191384652401822,0.12966197670246676,0.6511995580573511
25565,LOF,0.15257682166784775,0.10880001093554224,0.73862316739661
25566,GOF,0.017214280644893474,0.7881616070522314,0.19462411230287505
25567,LOF,0.014013561304640924,0.15703096317144982,0.8289554755239092
25568,LOF,0.05061747140933638,0.05891665670003732,0.8904658718906262
25569,LOF,0.06117873816175832,0.05847504421302153,0.8803462176252201
25570,LOF,0.05771595552683616,0.09297083607975294,0.8493132083934108
25571,LOF,0.05128744782747086,0.08754003815830712,0.861172514014222
25572,LOF,0.06674252758709119,0.10999371497439729,0.8232637574385114
25573,LOF,0.03663498877454501,0.08979924302489656,0.8735657682005585
25574,LOF,0.02002166080851979,0.1408350766303987,0.8391432625610815
25575,LOF,0.0439006997466248,0.10300640276325322,0.8530928974901221
25576,LOF,0.016446785065067845,0.11888756094205202,0.8646656539928802
25577,LOF,0.01600737034668825,0.11407499279694833,0.8699176368563634
25578,LOF,0.25145921434509966,0.07649905962597278,0.6720417260289276
25579,LOF,0.25196118806088075,0.07568607906274398,0.6723527328763752
25580,LOF,0.03050467584181442,0.07460730378136651,0.894888020376819
25581,LOF,0.053193963168840806,0.060217916240814545,0.8865881205903446
25582,LOF,0.05307345648356432,0.05859382618673998,0.8883327173296957
25583,LOF,0.03903931989181843,0.08252351317788463,0.878437166930297
25584,Neutral,0.47155768994912806,0.09767004453579381,0.43077226551507813
25585,LOF,0.02111196968488558,0.1159677246754177,0.8629203056396968
25586,LOF,0.029826642647551832,0.06584973379723447,0.9043236235552137
25587,LOF,0.02904064026827159,0.06304486939007056,0.9079144903416577
25588,LOF,0.0316433837256532,0.07740427488657609,0.8909523413877708
25589,Neutral,0.5800528864708913,0.1148789282775555,0.3050681852515532
25590,LOF,0.03237740772809004,0.1206111963637449,0.847011395908165
25591,LOF,0.11525715335766147,0.05180786027930666,0.8329349863630319
25592,LOF,0.09037670998108263,0.11425540744403717,0.7953678825748802
25593,LOF,0.026290268212609942,0.23393423637796457,0.7397754954094256
25594,LOF,0.041833832744668446,0.21709984313987862,0.7410663241154529
25595,LOF,0.04908817791251993,0.15237348160066047,0.7985383404868195
25596,LOF,0.055862918948475525,0.10363481382591741,0.8405022672256071
25597,LOF,0.041423162026162495,0.10827158728798687,0.8503052506858505
25598,LOF,0.04571249319486964,0.1520952088523304,0.8021922979527999
25599,GOF,0.007738833548397432,0.6505035215736784,0.34175764487792415
25600,GOF,0.018837629783076192,0.6056067103403863,0.37555565987653755
25601,LOF,0.006659770138221604,0.4427795990568672,0.5505606308049111
25602,LOF,0.02425604253588044,0.04803968322249621,0.9277042742416234
25603,LOF,0.053200343765636496,0.026963489835729857,0.9198361663986337
25604,LOF,0.03827672353950439,0.04041769486879513,0.9213055815917004
25605,LOF,0.012867363740740625,0.2006405380236009,0.7864920982356585
25606,LOF,0.10016524422644629,0.40430608621957087,0.4955286695539829
25607,LOF,0.006487248749734662,0.1826999032766864,0.8108128479735789
25608,LOF,0.0459066133161174,0.07093624619542123,0.8831571404884614
25609,LOF,0.04634356453754788,0.4673741621756814,0.4862822732867706
25610,LOF,0.03548409440153563,0.02885432320119901,0.9356615823972655
25611,LOF,0.038560293962718456,0.028085871751994156,0.9333538342852874
25612,LOF,0.09260967238096052,0.04153876539462138,0.8658515622244182
25613,LOF,0.07784609710607727,0.04249074283535012,0.8796631600585726
25614,LOF,0.02716466592083446,0.036165164191664725,0.9366701698875008
25615,LOF,0.05383848151303555,0.04322724201814334,0.9029342764688211
25616,LOF,0.026667467992355316,0.0363827473206344,0.9369497846870104
25617,LOF,0.02497433133511322,0.04130715344223741,0.9337185152226494
25618,LOF,0.14699473943574132,0.03322937764024253,0.8197758829240163
25619,LOF,0.028705532573372435,0.03459037756691023,0.9367040898597173
25620,LOF,0.03398275045817598,0.04206352869826199,0.9239537208435621
25621,LOF,0.029603045144463457,0.03506353558718318,0.9353334192683534
25622,LOF,0.03128894848595444,0.040634458255148644,0.9280765932588969
25623,LOF,0.05304228271433653,0.03865183799864832,0.9083058792870151
25624,LOF,0.025229382471425896,0.04363711506465029,0.9311335024639238
25625,LOF,0.03510746996653726,0.04959849932976558,0.9152940307036972
25626,LOF,0.08001137262770203,0.037861094787052484,0.8821275325852455
25627,Neutral,0.5495028168328999,0.11856145190219759,0.33193573126490244
25628,LOF,0.19594703374951541,0.05563089799140974,0.7484220682590748
25629,LOF,0.06667210609519589,0.06426551371818424,0.86906238018662
25630,LOF,0.15988831523135666,0.09195080225602613,0.7481608825126173
25631,Neutral,0.5957647514670903,0.06373395617562383,0.3405012923572857
25632,LOF,0.014739011800986489,0.09017031593239663,0.895090672266617
25633,LOF,0.19771287359171277,0.0728280044749094,0.7294591219333777
25634,LOF,0.032121049501883873,0.10552141049922574,0.8623575399988904
25635,LOF,0.03646600875724435,0.08556195623535642,0.8779720350073993
25636,GOF,0.003938996005554226,0.6761475602229694,0.3199134437714765
25637,GOF,0.005009701117608906,0.6864334300940889,0.30855686878830213
25638,LOF,0.008341154313955887,0.43745572636939567,0.5542031193166485
25639,GOF,0.004217187151821088,0.5593500890132221,0.43643272383495685
25640,Neutral,0.4760758016856583,0.4608770410249338,0.0630471572894079
25641,LOF,0.009160850079851884,0.3337979233239294,0.6570412265962187
25642,LOF,0.27675118321025516,0.06287628897668744,0.6603725278130574
25643,LOF,0.25433474025527897,0.14651967060338736,0.5991455891413338
25644,GOF,0.014636960497303174,0.5352661163336943,0.4500969231690025
25645,LOF,0.013386960280660387,0.4843761018193597,0.50223693789998
25646,LOF,0.01938239487324715,0.35312166570291936,0.6274959394238334
25647,LOF,0.016266916738875467,0.29231457688634144,0.6914185063747831
25648,LOF,0.01483328595912117,0.3111452159225957,0.6740214981182832
25649,LOF,0.011719370988050221,0.2257489123806601,0.7625317166312896
25650,GOF,0.02514582460358495,0.5011579764907502,0.4736961989056648
25651,LOF,0.00979880100665608,0.2815010004763,0.7087001985170439
25652,LOF,0.01535187875824916,0.253934026706952,0.7307140945347989
25653,LOF,0.06210614399204981,0.3506986389023269,0.5871952171056234
25654,LOF,0.016586095044656798,0.1442934885282904,0.8391204164270527
25655,LOF,0.07960266187538495,0.43135060530694974,0.48904673281766525
25656,LOF,0.08101918584398689,0.07275768837705035,0.8462231257789627
25657,LOF,0.2810227772310558,0.03608350274635465,0.6828937200225896
25658,LOF,0.03807153999238571,0.09838786528676931,0.863540594720845
25659,LOF,0.28797984712205393,0.06297584952213209,0.6490443033558139
25660,LOF,0.06653770165304759,0.09451108076278836,0.8389512175841641
25661,LOF,0.04784816030043578,0.0662202268169242,0.88593161288264
25662,LOF,0.027147441259162998,0.04460774050186983,0.9282448182389672
25663,LOF,0.036868229613314804,0.06759977256965559,0.8955319978170296
25664,LOF,0.038580124024505315,0.08782702265956595,0.8735928533159287
25665,LOF,0.05860603403776406,0.045111636549479625,0.8962823294127563
25666,LOF,0.03317429396005021,0.13493211739563715,0.8318935886443127
25667,LOF,0.02957338950972612,0.05065047076612948,0.9197761397241443
25668,LOF,0.030925543642003048,0.0558080682710723,0.9132663880869246
25669,LOF,0.03877552179182966,0.0831040719510856,0.8781204062570848
25670,LOF,0.08037838550621698,0.08401420670666374,0.8356074077871193
25671,LOF,0.03877912634380971,0.04454105692605191,0.9166798167301384
25672,LOF,0.05796975929245579,0.0676215555282751,0.8744086851792691
25673,LOF,0.04130724224814303,0.07488743751424277,0.8838053202376143
25674,LOF,0.038441071175772154,0.07941878747794137,0.8821401413462866
25675,LOF,0.04507406690398068,0.06112368552084003,0.8938022475751793
25676,LOF,0.031511312613996034,0.056375285056229185,0.9121134023297749
25677,LOF,0.059996300891703776,0.06629059992371072,0.8737130991845855
25678,LOF,0.28763445352254985,0.03626094853504556,0.6761045979424045
25679,LOF,0.18397832857808366,0.07128996723902437,0.744731704182892
25680,LOF,0.060942683715282775,0.09588514527767282,0.8431721710070444
25681,LOF,0.10709762092344115,0.08363127843357752,0.8092711006429812
25682,LOF,0.043738992524805974,0.07970003983589204,0.876560967639302
25683,LOF,0.08696770814321562,0.10730796662177702,0.8057243252350073
25684,LOF,0.059410754888617405,0.07709789533949865,0.863491349771884
25685,LOF,0.08204578433061639,0.06108056453702469,0.8568736511323589
25686,LOF,0.029096071019431888,0.09746722693698706,0.873436702043581
25687,LOF,0.05294217011683591,0.07682389505629614,0.870233934826868
25688,LOF,0.0201149626106424,0.09808174801802397,0.8818032893713337
25689,LOF,0.014987684648931136,0.08239758265268818,0.9026147326983807
25690,LOF,0.01692859231713628,0.08662074682137565,0.8964506608614882
25691,LOF,0.17960820410946643,0.13121069477333516,0.6891811011171985
25692,LOF,0.3100128136833962,0.01207080069999946,0.6779163856166042
25693,LOF,0.05767753512076611,0.1535318255533146,0.7887906393259192
25694,LOF,0.23862472840358165,0.012546421709871023,0.7488288498865474
25695,LOF,0.16381596210129584,0.01849865489408394,0.8176853830046202
25696,LOF,0.16591121470262898,0.010601782019367146,0.8234870032780038
25697,LOF,0.1294158167784095,0.02182642694947682,0.8487577562721137
25698,LOF,0.023192452059979576,0.3868421415571973,0.5899654063828232
25699,LOF,0.05164296366529967,0.0635810649562922,0.8847759713784082
25700,LOF,0.03205117348015177,0.009085754067809692,0.9588630724520386
25701,LOF,0.011272819862918778,0.07611704160218305,0.9126101385348981
25702,GOF,0.02896861935268548,0.7345911628472392,0.23644021780007535
25703,LOF,0.020242236726585792,0.19522313578948278,0.7845346274839313
25704,LOF,0.09083967817178498,0.14304090318633222,0.7661194186418828
25705,LOF,0.06620298255187389,0.22901651314780577,0.7047805043003204
25706,GOF,0.045392472308011494,0.6515511025759638,0.30305642511602454
25707,GOF,0.0254609372129949,0.5568565041736145,0.4176825586133905
25708,GOF,0.00751524587433495,0.4971326566588689,0.4953520974667962
25709,LOF,0.0191784994015408,0.06268616735553639,0.9181353332429227
25710,LOF,0.008362684783403245,0.17480267744394326,0.8168346377726535
25711,LOF,0.02137411720279644,0.12042937674249399,0.8581965060547097
25712,LOF,0.009354315248470428,0.23677213791329857,0.753873546838231
25713,LOF,0.019012479585457247,0.09968929176761586,0.881298228646927
25714,LOF,0.020572099493452397,0.143182823347346,0.8362450771592016
25715,LOF,0.019862191380244473,0.11439750870811635,0.8657402999116393
25716,LOF,0.010720736261237035,0.1615113234218745,0.8277679403168885
25717,LOF,0.005380031334628971,0.1389571053314772,0.855662863333894
25718,LOF,0.017184625857971852,0.08127982707015499,0.9015355470718732
25719,LOF,0.035939396322727454,0.08653424352296805,0.8775263601543044
25720,LOF,0.022863194666092043,0.08167914548690489,0.895457659847003
25721,LOF,0.023058883018180366,0.08580957084840929,0.8911315461334103
25722,LOF,0.0169782858963946,0.11815022939842797,0.8648714847051775
25723,LOF,0.022885173840307773,0.06967926369906752,0.9074355624606247
25724,LOF,0.030802568178079377,0.10935292698406913,0.8598445048378515
25725,LOF,0.022345819395591417,0.06483024558010472,0.9128239350243038
25726,LOF,0.016408100119126176,0.09085137275917309,0.8927405271217007
25727,LOF,0.019882865066384498,0.08125609688969422,0.8988610380439214
25728,LOF,0.0180985466521847,0.09986220072869252,0.8820392526191227
25729,LOF,0.018798933380665534,0.09945856865365789,0.8817424979656766
25730,LOF,0.020273063762087488,0.07908357100284387,0.9006433652350687
25731,LOF,0.009359281312817717,0.1868118075504929,0.8038289111366894
25732,LOF,0.01870055155376504,0.09090228909177941,0.8903971593544556
25733,LOF,0.030871068429802234,0.08345242618179455,0.8856765053884033
25734,LOF,0.006871826930568695,0.22239003482760558,0.7707381382418257
25735,LOF,0.02193916179441356,0.07044276454086482,0.9076180736647216
25736,LOF,0.021439578398709646,0.11102874864753225,0.8675316729537581
25737,LOF,0.040812261254127805,0.09226138982570922,0.866926348920163
25738,LOF,0.019175553667890387,0.14315762045890926,0.8376668258732004
25739,LOF,0.021918053856618144,0.1420927096014035,0.8359892365419783
25740,LOF,0.0494649106674032,0.12869447329172398,0.8218406160408729
25741,LOF,0.028926576785795997,0.10981633845436592,0.8612570847598381
25742,LOF,0.04058477034009186,0.12646585023159676,0.8329493794283114
25743,LOF,0.012052132244609656,0.04056799620567914,0.9473798715497112
25744,GOF,0.18164141254473093,0.44586023801211516,0.3724983494431541
25745,LOF,0.02609150934563696,0.06691680672313109,0.9069916839312319
25746,LOF,0.01448463302344524,0.08092790124167337,0.9045874657348812
25747,LOF,0.03269470009185124,0.03459490459398784,0.9327103953141609
25748,LOF,0.28058280898131993,0.05474981180933769,0.6646673792093425
25749,LOF,0.017009648390011494,0.05705840446115153,0.925931947148837
25750,LOF,0.017382645168684565,0.0915192577806487,0.8910980970506668
25751,LOF,0.03817639125028189,0.06693154769883061,0.8948920610508875
25752,GOF,0.09520472550576559,0.6693246034896806,0.23547067100455393
25753,LOF,0.006634092075755504,0.3719212114174108,0.6214446965068336
25754,GOF,0.005755225894239348,0.8583437931555946,0.13590098095016614
25755,LOF,0.008116516785620753,0.446519998932833,0.5453634842815462
25756,LOF,0.04680878479780942,0.4420972352390692,0.5110939799631213
25757,GOF,0.007120024067420086,0.8812222860495966,0.11165768988298319
25758,GOF,0.00873633219034368,0.8727580668708643,0.11850560093879217
25759,GOF,0.005141252408162848,0.5849049901538863,0.40995375743795087
25760,LOF,0.006735096133042615,0.29789267953097087,0.6953722243359864
25761,GOF,0.06003982244546944,0.8601241757260287,0.07983600182850174
25762,LOF,0.0261764639363285,0.37783173855692287,0.5959917975067486
25763,LOF,0.007435835448335184,0.25659370856099084,0.7359704559906739
25764,GOF,0.06625440677673246,0.6086720126772346,0.3250735805460329
25765,GOF,0.008426875339365968,0.8534722357286315,0.13810088893200265
25766,GOF,0.06212110219666583,0.8304079878609045,0.1074709099424297
25767,GOF,0.010738892877744355,0.5208561611802822,0.46840494594197346
25768,LOF,0.03385616896739958,0.07405758749086382,0.8920862435417366
25769,LOF,0.02222684550891616,0.089140220213527,0.8886329342775569
25770,LOF,0.16590427213856895,0.07755547096769091,0.75654025689374
25771,LOF,0.013041665669558021,0.0830041386650072,0.9039541956654348
25772,LOF,0.022453890576340722,0.03155873211138667,0.9459873773122727
25773,LOF,0.014503257990562183,0.0861846086001567,0.8993121334092812
25774,LOF,0.027362179019224313,0.10028381827412365,0.8723540027066521
25775,LOF,0.020780013404925975,0.04395252478708124,0.9352674618079929
25776,LOF,0.02477066952295752,0.03049059883728285,0.9447387316397597
25777,LOF,0.2346051191998652,0.0740150366716741,0.6913798441284607
25778,LOF,0.01986348838574292,0.05673846424616913,0.923398047368088
25779,GOF,0.030743492126475744,0.9008487998548411,0.06840770801868319
25780,GOF,0.06458638807268638,0.8881769835301274,0.04723662839718602
25781,GOF,0.02983900273017366,0.8874543076179907,0.08270668965183564
25782,GOF,0.027445578644486875,0.9124922807242131,0.060062140631300054
25783,GOF,0.01825697056203534,0.7888249581336161,0.19291807130434852
25784,GOF,0.0854427175587965,0.8801875482028286,0.03436973423837494
25785,GOF,0.05744125822061741,0.9012432709234903,0.04131547085589229
25786,GOF,0.006993881347673753,0.8526763238345773,0.14032979481774902
25787,GOF,0.14446014521526687,0.8172074758855946,0.0383323788991385
25788,LOF,0.015432682944572472,0.19715018005247725,0.7874171370029504
25789,GOF,0.014800189839351698,0.8707888886836863,0.11441092147696193
25790,GOF,0.01546235381904725,0.8638252900956647,0.12071235608528812
25791,GOF,0.015334258293025725,0.8502338949178223,0.134431846789152
25792,GOF,0.019193377381756194,0.8617530506495241,0.11905357196871968
25793,GOF,0.052452336843394294,0.849036349985732,0.09851131317087376
25794,GOF,0.04402725228858441,0.7602731709873772,0.1956995767240382
25795,GOF,0.061314085596541355,0.7846350428316989,0.15405087157175973
25796,GOF,0.06910631227782991,0.8323773634100952,0.0985163243120749
25797,GOF,0.04024143830808359,0.7189180996991417,0.2408404619927748
25798,GOF,0.003550342447815465,0.670648278321708,0.32580137923047653
25799,GOF,0.0033889173413527633,0.5567635570459365,0.4398475256127107
25800,GOF,0.016882613626573797,0.7735098636054784,0.20960752276794792
25801,GOF,0.014190274252447139,0.8879663064509001,0.0978434192966527
25802,GOF,0.023319451106647158,0.8402971655759345,0.13638338331741837
25803,GOF,0.013663721706272038,0.7524634040052316,0.23387287428849646
25804,GOF,0.015705481010382542,0.6488913765710708,0.33540314241854674
25805,GOF,0.02863342267582262,0.7450742187882305,0.22629235853594676
25806,GOF,0.020594967592590382,0.8082126490404792,0.17119238336693038
25807,GOF,0.005252811579659258,0.772310553325189,0.22243663509515169
25808,GOF,0.017541357184749345,0.781404239081538,0.2010544037337126
25809,GOF,0.008219859347817023,0.7731002617188311,0.21867987893335195
25810,GOF,0.006982937952626737,0.7692391558283713,0.22377790621900198
25811,GOF,0.04196681708230545,0.8776625737003751,0.08037060921731927
25812,GOF,0.01986521657335566,0.7723110204827704,0.20782376294387392
25813,GOF,0.08786880055000038,0.8099007133386701,0.10223048611132944
25814,GOF,0.02294241702865165,0.8176928680282182,0.15936471494313023
25815,GOF,0.04854643351670722,0.8341452387237158,0.11730832775957685
25816,GOF,0.007761149674567745,0.870436560075233,0.12180229025019933
25817,GOF,0.08999419961807034,0.8251742126366158,0.08483158774531376
25818,GOF,0.019479482856979497,0.8309203318821552,0.1496001852608653
25819,GOF,0.05268647571775217,0.7685491914977041,0.1787643327845437
25820,GOF,0.024405972536787106,0.7660344012507957,0.2095596262124172
25821,GOF,0.016458684748389848,0.767327682504332,0.21621363274727814
25822,GOF,0.033139646467190004,0.7609267259294402,0.20593362760336975
25823,GOF,0.01724905766248688,0.6829033565876294,0.2998475857498836
25824,GOF,0.02008904112140788,0.7824251685927777,0.19748579028581428
25825,GOF,0.016899657302814782,0.7754958574653337,0.20760448523185157
25826,GOF,0.006480475022527692,0.7557978916039277,0.23772163337354457
25827,GOF,0.008687828893835011,0.7545812171204569,0.23673095398570798
25828,GOF,0.006823452031391797,0.7029878543354725,0.2901886936331359
25829,GOF,0.003256069286813072,0.7400768726783112,0.25666705803487566
25830,GOF,0.03919286777133003,0.5215374088867843,0.43926972334188563
25831,GOF,0.07285448147179796,0.8097809103824173,0.11736460814578464
25832,GOF,0.007891751183666034,0.8181248269369712,0.17398342187936275
25833,GOF,0.0284825344741523,0.8646024362612541,0.10691502926459358
25834,GOF,0.007863494390644966,0.8362224879242276,0.1559140176851274
25835,GOF,0.01872391406491744,0.8717496522105717,0.10952643372451087
25836,GOF,0.0061392628353434285,0.834772420060755,0.1590883171039016
25837,GOF,0.005424559110961835,0.728642450345233,0.2659329905438051
25838,GOF,0.019285910161854772,0.8725966436620994,0.1081174461760457
25839,GOF,0.03393665591153747,0.8683207265843451,0.09774261750411738
25840,GOF,0.06217764290448943,0.8470707260475288,0.0907516310479818
25841,GOF,0.06237122132342872,0.8547969758444866,0.08283180283208463
25842,GOF,0.02032299123174202,0.900438029148075,0.07923897962018285
25843,GOF,0.021142264549168222,0.9060013511597548,0.07285638429107696
25844,GOF,0.011530453295821396,0.8437277178710583,0.14474182883312034
25845,GOF,0.004188541332818117,0.6506838311447941,0.3451276275223876
25846,GOF,0.06742283073032197,0.8541421888326188,0.07843498043705917
25847,GOF,0.013622291156035608,0.9012296170361274,0.08514809180783707
25848,GOF,0.013848294425631543,0.8554274244731022,0.13072428110126624
25849,GOF,0.005494472429348182,0.7706494587291124,0.22385606884153936
25850,GOF,0.005800179197435147,0.7873279143078632,0.20687190649470172
25851,GOF,0.005123624710205152,0.6808752849550248,0.3140010903347699
25852,GOF,0.1357798697795945,0.5877451983480021,0.27647493187240335
25853,GOF,0.06833892215574902,0.8493048449184988,0.08235623292575216
25854,GOF,0.004439409354702769,0.7203741963085308,0.27518639433676634
25855,GOF,0.014475171518041426,0.6578630060426082,0.32766182243935044
25856,GOF,0.028780508752250192,0.7936512048119875,0.17756828643576225
25857,GOF,0.017304909159526493,0.6688974349892703,0.3137976558512032
25858,GOF,0.007161300470512119,0.6628235046567431,0.3300151948727448
25859,GOF,0.006122913367548468,0.6570050934398227,0.3368719931926287
25860,GOF,0.09251808040300755,0.8145626123012116,0.09291930729578077
25861,GOF,0.06804633982218003,0.8370620038918236,0.09489165628599626
25862,GOF,0.016019454553830734,0.8818528890369112,0.10212765640925797
25863,GOF,0.016663853359710722,0.878756950146771,0.10457919649351825
25864,GOF,0.037357728583375466,0.8820500442485164,0.08059222716810825
25865,GOF,0.029493640305762393,0.8559962195845404,0.1145101401096973
25866,GOF,0.017826802292753144,0.8701047699622421,0.1120684277450047
25867,GOF,0.02676459660519658,0.8854860057471494,0.08774939764765399
25868,GOF,0.0461530478057916,0.8484767861439825,0.1053701660502259
25869,GOF,0.3432386530051779,0.5853715903491967,0.07138975664562544
25870,GOF,0.06404125805579988,0.695515222497832,0.24044351944636821
25871,GOF,0.007870644824785764,0.8880913750431829,0.1040379801320314
25872,GOF,0.017672512655113225,0.8826656486088124,0.09966183873607437
25873,GOF,0.017973294054176876,0.9001946111696071,0.08183209477621597
25874,LOF,0.016767959945619675,0.22240026469004046,0.7608317753643399
25875,LOF,0.04445491672411109,0.05163097295662537,0.9039141103192635
25876,LOF,0.01687454995278222,0.03809000426649108,0.9450354457807266
25877,LOF,0.10315983183611858,0.09109221046434478,0.8057479576995366
25878,LOF,0.06590866510664828,0.12490909714883805,0.8091822377445136
25879,LOF,0.023424537146968512,0.08971588394875513,0.8868595789042764
25880,LOF,0.05903587023121206,0.012571285877269814,0.9283928438915182
25881,Neutral,0.49674076196384,0.07595586345105768,0.4273033745851024
25882,LOF,0.08990593161619874,0.02921836218565176,0.8808757061981495
25883,LOF,0.027014030571184906,0.029448049203515177,0.9435379202252999
25884,LOF,0.02348023268750355,0.056497973337791156,0.9200217939747052
25885,LOF,0.22958803965741986,0.013068074793008658,0.7573438855495714
25886,LOF,0.2747561233685424,0.05800369897917785,0.6672401776522798
25887,LOF,0.1672964005486569,0.08150212880400397,0.7512014706473391
25888,LOF,0.010745680187934162,0.14813974654894466,0.8411145732631212
25889,LOF,0.02930050789636529,0.04104503838170278,0.9296544537219319
25890,LOF,0.1558361131790306,0.09322531987294744,0.750938566948022
25891,LOF,0.09716782806270266,0.02750283596026313,0.8753293359770342
25892,LOF,0.00888246009387149,0.0377921929148066,0.9533253469913219
25893,LOF,0.35379712706035,0.010263798085009582,0.6359390748546403
25894,LOF,0.404116927771452,0.005760732298555091,0.590122339929993
25895,LOF,0.34035926160691776,0.014956260730287994,0.6446844776627942
25896,LOF,0.06747972284936639,0.021228586952337824,0.9112916901982957
25897,LOF,0.1737995587384519,0.009561791713871134,0.816638649547677
25898,LOF,0.16369063129783074,0.03319067841715753,0.8031186902850118
25899,LOF,0.4428182036936251,0.020210503176023655,0.5369712931303513
25900,Neutral,0.49651632217980834,0.008397381992682912,0.49508629582750874
25901,LOF,0.05848343366461376,0.009407407580976685,0.9321091587544095
25902,LOF,0.19678746939591837,0.009784104201625968,0.7934284264024557
25903,LOF,0.36874291306658546,0.025116219199478994,0.6061408677339355
25904,Neutral,0.5113907987932844,0.03233969506080328,0.4562695061459123
25905,LOF,0.005821747503781201,0.49544530173998624,0.49873295075623264
25906,LOF,0.008670145628004338,0.10923137314963455,0.8820984812223611
25907,LOF,0.0049549749943457394,0.37120646289645637,0.6238385621091979
25908,LOF,0.004814979206917366,0.29520090407515165,0.6999841167179309
25909,LOF,0.023762468182970942,0.15989843437810783,0.8163390974389213
25910,LOF,0.011407612128572647,0.13162550217090338,0.8569668857005239
25911,LOF,0.22748619994628055,0.0537459971032769,0.7187678029504425
25912,LOF,0.07336268289723973,0.052457225325467594,0.8741800917772926
25913,LOF,0.022013472755774543,0.073666021115628,0.9043205061285974
25914,LOF,0.037228696602271585,0.0386383760337653,0.924132927363963
25915,LOF,0.20613582616571893,0.18590144406707104,0.60796272976721
25916,LOF,0.033992651655599324,0.1185124098026168,0.8474949385417838
25917,LOF,0.07223536930768851,0.03355702970079109,0.8942076009915203
25918,LOF,0.042874286701592795,0.024890655392176976,0.9322350579062302
25919,LOF,0.036074542348795584,0.023322026424570385,0.9406034312266341
25920,LOF,0.2597540090569664,0.23388846817048278,0.5063575227725509
25921,LOF,0.016093935951573442,0.04316191965510826,0.9407441443933183
25922,LOF,0.018857109695472128,0.039398507493143387,0.9417443828113845
25923,LOF,0.4258658580388081,0.03896944969591339,0.5351646922652785
25924,LOF,0.02235647261434802,0.06860878833335739,0.9090347390522946
25925,LOF,0.08009105138730852,0.05522792886238124,0.8646810197503102
25926,LOF,0.06469899770522261,0.04867929537440399,0.8866217069203735
25927,LOF,0.023214303947868387,0.07284821498314917,0.9039374810689824
25928,LOF,0.01018023375877113,0.060917577679190905,0.9289021885620379
25929,Neutral,0.5472620289359375,0.03690699538341423,0.4158309756806483
25930,LOF,0.08307706500159574,0.039778770508944565,0.8771441644894598
25931,LOF,0.013112696669636863,0.0431150547643462,0.9437722485660168
25932,LOF,0.06635797450531983,0.03766866199879238,0.8959733634958879
25933,LOF,0.06523348230857413,0.02301610191408898,0.9117504157773368
25934,LOF,0.061111794003040794,0.02160757899935924,0.9172806269975999
25935,LOF,0.07386169411751337,0.06760746350902094,0.8585308423734656
25936,LOF,0.10278097806074188,0.022492018324744033,0.874727003614514
25937,LOF,0.01920641715625726,0.05039027819705249,0.9304033046466903
25938,LOF,0.07468610917092754,0.059469381421595524,0.8658445094074769
25939,LOF,0.04399634650564363,0.030069417849362737,0.9259342356449936
25940,LOF,0.008615253177486671,0.3930878268441033,0.5982969199784102
25941,Neutral,0.5182871580509303,0.05881677034581111,0.4228960716032585
25942,LOF,0.008674525145846684,0.05782915086382301,0.9334963239903303
25943,LOF,0.051684460308062785,0.21496770608162513,0.7333478336103121
25944,LOF,0.04363057197245651,0.09617355913452752,0.860195868893016
25945,LOF,0.11469059854902937,0.028155696434653616,0.8571537050163169
25946,LOF,0.07185756734236655,0.040563304096657524,0.8875791285609759
25947,LOF,0.42579668102126045,0.1110194976462329,0.4631838213325068
25948,LOF,0.4461757624060703,0.017383978346625185,0.5364402592473045
25949,LOF,0.14253205257771204,0.07299595426203914,0.7844719931602487
25950,GOF,0.07895751070287461,0.6054483010020112,0.3155941882951142
25951,LOF,0.011392529062933001,0.4231554586841077,0.5654520122529593
25952,LOF,0.2611325890692884,0.265641557085651,0.47322585384506066
25953,LOF,0.010100385066797158,0.18956565778618872,0.8003339571470142
25954,GOF,0.07463229179228607,0.46926669810323496,0.45610101010447907
25955,LOF,0.0060111608915165956,0.1904693496357929,0.8035194894726905
25956,LOF,0.018191083374353215,0.221759918319969,0.7600489983056778
25957,LOF,0.18442108861512638,0.027751092953719535,0.787827818431154
25958,LOF,0.03309990008305725,0.057369662130777675,0.909530437786165
25959,GOF,0.01215924716643963,0.7107791575250613,0.27706159530849905
25960,LOF,0.006399586755517625,0.08149716000830459,0.9121032532361779
25961,LOF,0.030934682625300112,0.04928186902939345,0.9197834483453065
25962,LOF,0.044535051777365324,0.0601082871295685,0.8953566610930662
25963,LOF,0.005834465356602911,0.1708745836511713,0.8232909509922258
25964,LOF,0.026141475952309055,0.11567127502091329,0.8581872490267777
25965,LOF,0.2564093534772315,0.1134875339930058,0.6301031125297628
25966,LOF,0.42401280021503707,0.1448601350531387,0.43112706473182416
25967,LOF,0.008155789876476666,0.09817623768155287,0.8936679724419705
25968,LOF,0.04118836236091747,0.27653336898864067,0.6822782686504418
25969,LOF,0.16553346772347766,0.06267501710062456,0.7717915151758978
25970,LOF,0.038882251413110386,0.11566827443051947,0.8454494741563701
25971,LOF,0.08419479869100295,0.038019365798993635,0.8777858355100034
25972,LOF,0.06606783253037848,0.06400038984596963,0.8699317776236518
25973,LOF,0.06124098646232804,0.009135941405093346,0.9296230721325786
25974,LOF,0.04285388475976175,0.04286948786491606,0.9142766273753221
25975,LOF,0.0421913244226382,0.018059565382546,0.9397491101948159
25976,LOF,0.09959863658740169,0.010461670845820552,0.8899396925667779
25977,LOF,0.19899502861899654,0.07327842784009056,0.7277265435409129
25978,LOF,0.18681190103051792,0.11298199643579715,0.7002061025336848
25979,LOF,0.15135540094907005,0.1227073565553063,0.7259372424956237
25980,LOF,0.27410415463265575,0.1691610068452775,0.5567348385220667
25981,LOF,0.27610503804640446,0.17114534773180715,0.5527496142217884
25982,Neutral,0.4694168174473965,0.08538746628408071,0.4451957162685229
25983,Neutral,0.45788332742430293,0.10806827201153628,0.4340484005641609
25984,LOF,0.03857667772733797,0.09440177291080248,0.8670215493618596
25985,LOF,0.3625212059589101,0.15395958948901048,0.4835192045520794
25986,LOF,0.009609979269742304,0.4293949796823126,0.5609950410479451
25987,LOF,0.04812657187378482,0.10184805282601894,0.8500253753001963
25988,LOF,0.03667997213345133,0.16261765661943237,0.8007023712471164
25989,LOF,0.03605508734244899,0.19863738318091187,0.7653075294766393
25990,LOF,0.03730799125443581,0.30434955650518936,0.6583424522403749
25991,LOF,0.020657122900462344,0.4093060768066383,0.5700368002928994
25992,LOF,0.021235609699689042,0.40903127943029316,0.5697331108700178
25993,LOF,0.02746691517169602,0.06333229289939349,0.9092007919289105
25994,LOF,0.024069354971686434,0.060950626391015846,0.9149800186372976
25995,LOF,0.021579651174248465,0.11126129357446532,0.8671590552512862
25996,Neutral,0.3550392608871711,0.3288857408718535,0.3160749982409755
25997,LOF,0.059258582710352316,0.36115147984914237,0.5795899374405052
25998,LOF,0.28453252708517096,0.04729042443156476,0.6681770484832643
25999,LOF,0.027103157495116395,0.1830989202522597,0.789797922252624
26000,LOF,0.17976750195432303,0.027399545503589064,0.7928329525420879
26001,LOF,0.2952155647726769,0.03725223771195641,0.6675321975153667
26002,LOF,0.12546321646027814,0.03885182690687562,0.8356849566328463
26003,GOF,0.0063515195765385815,0.64222239718039,0.35142608324307145
26004,GOF,0.011389802248885784,0.6886784006378628,0.2999317971132514
26005,LOF,0.0045064130883596685,0.4838649350579801,0.5116286518536601
26006,GOF,0.1392372382388671,0.5381731737660503,0.3225895879950825
26007,GOF,0.010040718980873034,0.5479240075832559,0.4420352734358711
26008,GOF,0.006203435351746205,0.6037272017587092,0.39006936288954464
26009,GOF,0.009775369439441631,0.6732632390479041,0.3169613915126542
26010,GOF,0.008826993878487698,0.6168553591055037,0.3743176470160087
26011,LOF,0.003658063874006529,0.45345549647832795,0.5428864396476656
26012,GOF,0.0044409941019677495,0.5294453837003821,0.46611362219765023
26013,GOF,0.0111723473683838,0.58084329134796,0.40798436128365617
26014,LOF,0.05456457919587494,0.11370775796932343,0.8317276628348016
26015,LOF,0.37274903464372994,0.035128650551383075,0.592122314804887
26016,LOF,0.2917730264733078,0.052755489724405406,0.6554714838022868
26017,LOF,0.016358770230592092,0.24494326453603155,0.7386979652333764
26018,LOF,0.023233617314005587,0.08377672334719878,0.8929896593387956
26019,LOF,0.023228915040219723,0.07306541500933644,0.9037056699504438
26020,LOF,0.007994686985487916,0.231029779214397,0.7609755338001151
26021,LOF,0.10260358610912518,0.09901204985890442,0.7983843640319704
26022,LOF,0.03759667888056844,0.04260076121339365,0.9198025599060379
26023,LOF,0.0249489060137805,0.05337400061126899,0.9216770933749504
26024,LOF,0.057846374118264356,0.08422327784233978,0.8579303480393958
26025,LOF,0.0695445874324147,0.10405409239741036,0.826401320170175
26026,LOF,0.10342451443000465,0.08395841139192334,0.812617074178072
26027,LOF,0.023597908348837928,0.040245314898966336,0.9361567767521958
26028,LOF,0.11167701253184205,0.15994116594181548,0.7283818215263425
26029,LOF,0.024417530908714426,0.22171116049224165,0.7538713085990439
26030,LOF,0.15701145179033685,0.028016505895718417,0.8149720423139447
26031,LOF,0.009822183908388217,0.17492546358328476,0.815252352508327
26032,LOF,0.04732883879422733,0.0599378820807181,0.8927332791250546
26033,LOF,0.06402733193074248,0.05171057260287179,0.8842620954663857
26034,LOF,0.012596657054181485,0.18465598937024374,0.8027473535755748
26035,LOF,0.012346488324252303,0.12562350042491766,0.8620300112508299
26036,LOF,0.012240224776858863,0.13691188560721118,0.8508478896159299
26037,LOF,0.009665254539943057,0.11600241753975486,0.8743323279203021
26038,LOF,0.038726816339846655,0.052284292877135034,0.9089888907830183
26039,LOF,0.027984868122275304,0.15721242381249823,0.8148027080652265
26040,LOF,0.10386913733618564,0.13539807834361736,0.760732784320197
26041,LOF,0.013329860379990644,0.10022168255664991,0.8864484570633594
26042,LOF,0.012325309638883761,0.11185301200628876,0.8758216783548274
26043,LOF,0.03830175319016186,0.0732054228532724,0.8884928239565657
26044,LOF,0.01048550304650117,0.05926418670135795,0.9302503102521409
26045,LOF,0.0909786036228219,0.11940442080591436,0.7896169755712638
26046,LOF,0.03275772717629837,0.055666440618071626,0.91157583220563
26047,LOF,0.06035292867429297,0.05618965859236289,0.8834574127333441
26048,LOF,0.06063064035702978,0.034374509898349295,0.904994849744621
26049,Neutral,0.9480442031076963,0.009438839440800663,0.042516957451503204
26050,Neutral,0.9232523174499695,0.010247014668354603,0.06650066788167591
26051,LOF,0.021920117898351854,0.09915025133772623,0.8789296307639218
26052,LOF,0.03350296469634818,0.11864958081199459,0.8478474544916572
26053,LOF,0.024363701540156935,0.17243666277402753,0.8031996356858155
26054,LOF,0.047194731149706494,0.03345150158979509,0.9193537672604984
26055,LOF,0.07028574199562018,0.030249235617047565,0.8994650223873322
26056,LOF,0.05752477115624645,0.038930922462404656,0.9035443063813489
26057,LOF,0.054463128623683896,0.01636264162752662,0.9291742297487895
26058,LOF,0.05796391068661533,0.01387549163762217,0.9281605976757625
26059,LOF,0.20808709984667026,0.03605704760205684,0.755855852551273
26060,LOF,0.01689420532458437,0.19423837459822071,0.7888674200771949
26061,LOF,0.011673304586728467,0.011338044616234801,0.9769886507970368
26062,LOF,0.006045239917915233,0.02031376006911308,0.9736410000129716
26063,LOF,0.03759623948197561,0.012632800659341943,0.9497709598586824
26064,LOF,0.010066872736990572,0.03389619801755282,0.9560369292454567
26065,LOF,0.0452734541663545,0.01497769326462152,0.939748852569024
26066,LOF,0.04472396749468839,0.012266623576321405,0.9430094089289901
26067,LOF,0.05194615330465492,0.01157878783485932,0.9364750588604859
26068,LOF,0.05361814641676346,0.05049952926498185,0.8958823243182547
26069,LOF,0.31148601766085693,0.03264721228524426,0.6558667700538988
26070,Neutral,0.5926638401796476,0.022645186257661813,0.3846909735626906
26071,LOF,0.04133668844592169,0.014434220617790284,0.944229090936288
26072,LOF,0.009785510700795285,0.020931283211321188,0.9692832060878835
26073,LOF,0.039179360919392794,0.015276917083211787,0.9455437219973953
26074,Neutral,0.8812092150602934,0.011115466339546916,0.10767531860015975
26075,LOF,0.05660158967621376,0.023577111304754827,0.9198212990190314
26076,LOF,0.04878338873271804,0.01490996879228052,0.9363066424750014
26077,LOF,0.14573023727779597,0.008602563626701847,0.8456671990955021
26078,LOF,0.008063603308503243,0.01653214314356931,0.9754042535479275
26079,LOF,0.06464954007816363,0.02464090494558295,0.9107095549762534
26080,LOF,0.06385597143268254,0.02470790990438199,0.9114361186629355
26081,LOF,0.03306044909854791,0.011697007408029802,0.9552425434934224
26082,LOF,0.006664190050425883,0.019107422425747266,0.9742283875238268
26083,LOF,0.1125336732253538,0.025097675982988656,0.8623686507916575
26084,LOF,0.10895538850309507,0.017911045726613783,0.8731335657702911
26085,LOF,0.10397089837309936,0.015107850708900873,0.8809212509179997
26086,LOF,0.03871734455460538,0.014639940194234695,0.94664271525116
26087,LOF,0.038216335369095134,0.011887742273690896,0.9498959223572141
26088,LOF,0.007827754493423059,0.02533579678517811,0.9668364487213988
26089,LOF,0.04259989053930801,0.04135865299189493,0.9160414564687971
26090,LOF,0.043406309466607035,0.03079272343298608,0.9258009671004068
26091,LOF,0.03145811054240132,0.008994242135303024,0.9595476473222956
26092,LOF,0.04000652208383477,0.010620277555981394,0.9493732003601838
26093,LOF,0.07212805403045251,0.007522229824535944,0.9203497161450116
26094,LOF,0.035300788090696755,0.008647880042540374,0.9560513318667629
26095,LOF,0.030870450335516487,0.01932321690216114,0.9498063327623224
26096,LOF,0.19016761686068134,0.006008307372380689,0.803824075766938
26097,LOF,0.007292593809311915,0.037163925762178855,0.9555434804285092
26098,LOF,0.1245147765478072,0.02171503186695299,0.8537701915852398
26099,LOF,0.04351120053657525,0.02077969149843469,0.9357091079649901
26100,LOF,0.04346669123927857,0.020780658461630866,0.9357526502990906
26101,LOF,0.05502682346996085,0.03575607901055881,0.9092170975194804
26102,LOF,0.03327543828462773,0.01909041374934179,0.9476341479660304
26103,Neutral,0.8907238600480936,0.03163325254035575,0.07764288741155076
26104,LOF,0.05836300519849472,0.047563543277884125,0.894073451523621
26105,LOF,0.2464775458647062,0.13105038256074794,0.6224720715745459
26106,LOF,0.3078805252995582,0.06903746652936854,0.6230820081710732
26107,LOF,0.020601538288128985,0.08265490326143278,0.8967435584504382
26108,LOF,0.2533642429539049,0.038180578154870005,0.7084551788912251
26109,LOF,0.09345105587251715,0.04112881719210566,0.8654201269353773
26110,LOF,0.4653088271773513,0.010040438883018503,0.5246507339396302
26111,LOF,0.047080484625311864,0.1609538535731095,0.7919656618015786
26112,LOF,0.05146769510821948,0.010596908937596433,0.937935395954184
26113,LOF,0.11140627380623552,0.027929951592476517,0.860663774601288
26114,LOF,0.09431933779108798,0.011399586928317234,0.8942810752805948
26115,LOF,0.019305654855540755,0.055728645888525594,0.9249656992559337
26116,LOF,0.07130265045946325,0.025331604872045988,0.9033657446684907
26117,LOF,0.34278130128798706,0.04380255360122625,0.6134161451107867
26118,LOF,0.04537693000240501,0.020041909028808792,0.9345811609687863
26119,LOF,0.006902568856998031,0.037630865551070904,0.9554665655919311
26120,LOF,0.033385387655084295,0.01827320648610568,0.9483414058588101
26121,LOF,0.004182700887041682,0.1361834780662711,0.8596338210466872
