feature0,prediction,LoGoFunc_Neutral,LoGoFunc_GOF,LoGoFunc_LOF
25546,Neutral,0.6414987531306279,0.06030599831015962,0.2981952485592125
25547,LOF,0.4345339602224198,0.10859381796080576,0.45687222181677445
25548,Neutral,0.47831652647528483,0.08649782445919012,0.435185649065525
25549,LOF,0.41137270910658175,0.08858351085019654,0.5000437800432217
25550,LOF,0.32378389327725493,0.1450542485801613,0.5311618581425837
25551,LOF,0.26964481447960587,0.17010020961574143,0.5602549759046527
25552,LOF,0.1863696871343759,0.1579154154899058,0.6557148973757183
25553,Neutral,0.7804491665306035,0.04979451582807566,0.16975631764132074
25554,LOF,0.22034689616296818,0.15236867678257365,0.6272844270544581
25555,LOF,0.18242125718035068,0.1349525524616299,0.6826261903580194
25556,LOF,0.3915086410555118,0.12717326157231656,0.4813180973721716
25557,LOF,0.17627774144247396,0.14292757242533854,0.6807946861321874
25558,LOF,0.21657440183825893,0.15120378591021175,0.6322218122515294
25559,LOF,0.18124343221670505,0.11616803514173107,0.7025885326415638
25560,LOF,0.06901252530230097,0.14814815156878627,0.7828393231289127
25561,LOF,0.1400453494438254,0.14854451267674645,0.7114101378794281
25562,LOF,0.06419555693323863,0.08781938379380641,0.8479850592729551
25563,LOF,0.09448137798203717,0.09974104641061052,0.8057775756073523
25564,LOF,0.2218143427031536,0.17393587814729922,0.6042497791495473
25565,LOF,0.1611953324572631,0.13083578307798122,0.7079688844647558
25566,GOF,0.020382232119667512,0.7748810047547325,0.2047367631256
25567,LOF,0.020999818774835383,0.19014109111516647,0.7888590901099981
25568,LOF,0.06123448788965535,0.07927093655122992,0.8594945755591148
25569,LOF,0.05886377230049531,0.08007954488406391,0.8610566828154409
25570,LOF,0.029735540941170733,0.11512259676749131,0.8551418622913379
25571,LOF,0.029432297890257475,0.11112683059721723,0.8594408715125252
25572,LOF,0.03343390214896093,0.142965793617646,0.8236003042333931
25573,LOF,0.02946495904634649,0.10897783582940694,0.8615572051242465
25574,LOF,0.018768306588220818,0.16949549964810737,0.8117361937636718
25575,LOF,0.024204945348954694,0.12611285791953972,0.8496821967315057
25576,LOF,0.011823191341797223,0.1706882926556472,0.8174885160025557
25577,LOF,0.010784089997909425,0.1365497788193835,0.8526661311827071
25578,LOF,0.28602667235836765,0.09053050776721157,0.6234428198744207
25579,LOF,0.12516643892422008,0.09686264123569602,0.7779709198400838
25580,LOF,0.018605168721397124,0.08841436388976903,0.8929804673888337
25581,LOF,0.04608300240539122,0.07995775231549175,0.8739592452791171
25582,LOF,0.04583868542611793,0.07911940458464412,0.875041909989238
25583,LOF,0.0204388651945623,0.10139306458467383,0.8781680702207638
25584,Neutral,0.5280037383792282,0.11334202223202348,0.35865423938874835
25585,LOF,0.011618928371006589,0.17024270524676022,0.8181383663822331
25586,LOF,0.01796131399955294,0.08493714650389292,0.8971015394965541
25587,LOF,0.01713283577144516,0.07859239159132059,0.9042747726372343
25588,LOF,0.017631989907161104,0.0947725766677425,0.8875954334250964
25589,Neutral,0.6214882349134624,0.1492856568818319,0.2292261082047058
25590,LOF,0.01928912660174005,0.13847721673737215,0.8422336566608879
25591,LOF,0.08342050327118884,0.06575984638191829,0.8508196503468928
25592,LOF,0.04973393024653708,0.14246273948738258,0.8078033302660804
25593,LOF,0.021836446053603208,0.24874582201386908,0.7294177319325278
25594,LOF,0.03540806082447114,0.10723415517397278,0.857357784001556
25595,LOF,0.036452654904859876,0.08528650854776945,0.8782608365473707
25596,LOF,0.05143660189501469,0.07019235055327963,0.8783710475517057
25597,LOF,0.03422766243777521,0.07244191861491481,0.89333041894731
25598,LOF,0.03291096719123362,0.09209952736343188,0.8749895054453345
25599,GOF,0.008678504341050743,0.584786318489621,0.40653517716932824
25600,GOF,0.03167039503631425,0.6420422452908386,0.32628735967284717
25601,LOF,0.011799256119790899,0.4338663351212112,0.554334408758998
25602,LOF,0.013622900474249659,0.049194553869408776,0.9371825456563416
25603,LOF,0.045181900385287875,0.019857374456677842,0.9349607251580342
25604,LOF,0.016104666423445234,0.06448445716718369,0.9194108764093711
25605,LOF,0.008068304233963897,0.1924741471075941,0.799457548658442
25606,LOF,0.0816602269023025,0.36491264633109544,0.553427126766602
25607,LOF,0.0050552051406306305,0.22553512851258348,0.7694096663467859
25608,LOF,0.013672358321332737,0.10525586053953132,0.881071781139136
25609,LOF,0.08193283705806768,0.34977661717027414,0.5682905457716582
25610,LOF,0.01882317444001829,0.027280182033375178,0.9538966435266065
25611,LOF,0.018200711619498426,0.029834477197328412,0.9519648111831731
25612,LOF,0.05833558836463332,0.03896407728290506,0.9027003343524616
25613,LOF,0.05283661586213716,0.039881593119225435,0.9072817910186374
25614,LOF,0.026519044831646108,0.03137226261424538,0.9421086925541086
25615,LOF,0.015910817739095407,0.040815352730923536,0.9432738295299811
25616,LOF,0.05177400958731352,0.03259685002621358,0.915629140386473
25617,LOF,0.04859003234601682,0.03660783159018186,0.9148021360638012
25618,LOF,0.061932788704275266,0.03657971369875219,0.9014874975969726
25619,LOF,0.01810529444188927,0.033958050885936834,0.9479366546721739
25620,LOF,0.06979943890150708,0.04205452261150514,0.8881460384869877
25621,LOF,0.017478389762400987,0.04205342559948084,0.9404681846381182
25622,LOF,0.022632903276205027,0.047183803561924705,0.9301832931618702
25623,LOF,0.03618853622033487,0.03768486449000269,0.9261265992896626
25624,LOF,0.022233473403172287,0.04185786740402493,0.9359086591928029
25625,LOF,0.023231373929568165,0.05734741891464088,0.9194212071557909
25626,LOF,0.05077596080070091,0.03954576599990033,0.9096782731993988
25627,Neutral,0.5849946985076825,0.10438965360593674,0.3106156478863808
25628,LOF,0.18579224139092376,0.055395715541577885,0.7588120430674983
25629,LOF,0.0416533207395063,0.05978010900668987,0.8985665702538038
25630,LOF,0.1350726412999852,0.09086558093742769,0.774061777762587
25631,Neutral,0.5921862546063438,0.06435018347102134,0.34346356192263483
25632,LOF,0.007265532702162273,0.07688629097100125,0.9158481763268365
25633,LOF,0.20330570747944673,0.04252976866276162,0.7541645238577915
25634,LOF,0.030115149202863133,0.08862319840837304,0.8812616523887637
25635,LOF,0.03706830551004982,0.04663940808409279,0.9162922864058574
25636,GOF,0.00528571870889727,0.6331963168298009,0.36151796446130186
25637,GOF,0.008145059006511801,0.6387625400702757,0.3530924009232125
25638,LOF,0.010218061533832092,0.3141960297396332,0.6755859087265347
25639,LOF,0.0052779010665602024,0.48983539773422613,0.5048867011992136
25640,GOF,0.4443729225586365,0.4698292611697272,0.08579781627163631
25641,LOF,0.013439951103521754,0.31051491264991915,0.676045136246559
25642,LOF,0.24512636231548973,0.06032240587883887,0.6945512318056714
25643,LOF,0.12384722289363266,0.15949748016914558,0.7166552969372217
25644,LOF,0.008917221892196901,0.43556567090464826,0.555517107203155
25645,LOF,0.007899104927498197,0.40708000442237574,0.5850208906501261
25646,LOF,0.012880941123287097,0.29829294620596924,0.6888261126707437
25647,LOF,0.009917989638429086,0.2522398384129714,0.7378421719485996
25648,LOF,0.009177539028632218,0.2501373041612307,0.740685156810137
25649,LOF,0.0077051668571771195,0.1834087458684705,0.8088860872743523
25650,LOF,0.013287870282296041,0.3932708742834079,0.593441255434296
25651,LOF,0.00565376394026339,0.2645243027808603,0.7298219332788762
25652,LOF,0.009341596403701202,0.24825486332831792,0.7424035402679808
25653,LOF,0.025964014209314386,0.36892958917747665,0.605106396613209
25654,LOF,0.010062280834867392,0.14037836377559093,0.8495593553895416
25655,LOF,0.04694106743482497,0.3921344227346646,0.5609245098305103
25656,LOF,0.19813539661347393,0.04783086820610717,0.7540337351804189
25657,LOF,0.25728047685587463,0.02852802456282315,0.7141914985813023
25658,LOF,0.08572748540712571,0.08396108065839375,0.8303114339344805
25659,LOF,0.4313700436780785,0.07031650477179555,0.4983134515501259
25660,LOF,0.027669342864522207,0.1013210020041639,0.8710096551313139
25661,LOF,0.09353494516306457,0.07029122492083005,0.8361738299161052
25662,LOF,0.030145579245153084,0.045990781136690445,0.9238636396181565
25663,LOF,0.038219475650305014,0.06780167651257106,0.8939788478371239
25664,LOF,0.045924069960669826,0.08342044255192989,0.8706554874874002
25665,LOF,0.0531214242585176,0.034599409771959286,0.9122791659695232
25666,LOF,0.03297450988550289,0.1126513869264499,0.8543741031880473
25667,LOF,0.06292178034865917,0.05302870683407222,0.8840495128172686
25668,LOF,0.0345268092607758,0.05524807384672946,0.9102251168924946
25669,LOF,0.03110219431551328,0.07773120938183938,0.8911665963026474
25670,LOF,0.057556591505527104,0.06868584243242082,0.8737575660620521
25671,LOF,0.09318421577142057,0.04343321200647912,0.8633825722221004
25672,LOF,0.052152484683154726,0.04405382752164035,0.903793687795205
25673,LOF,0.023466861990129057,0.06285366738096781,0.9136794706289031
25674,LOF,0.020824236035812436,0.07465740132448066,0.904518362639707
25675,LOF,0.03350024937106631,0.07091805379887245,0.8955816968300613
25676,LOF,0.019075440558705147,0.0601840014643356,0.9207405579769593
25677,LOF,0.027445510208562122,0.07325142320575338,0.8993030665856846
25678,LOF,0.1872643939167819,0.06364113442562025,0.7490944716575978
25679,LOF,0.16806855343816016,0.0920430217983741,0.7398884247634658
25680,LOF,0.04395882457617248,0.11763778251428449,0.8384033929095431
25681,LOF,0.07215494990451704,0.11110625675718992,0.8167387933382931
25682,LOF,0.13695335130827962,0.08108996055626622,0.7819566881354542
25683,LOF,0.08011744412961075,0.12584582613697903,0.7940367297334102
25684,LOF,0.04363811541398529,0.08258089558873237,0.8737809889972824
25685,LOF,0.07428475803383497,0.055314945921418994,0.8704002960447461
25686,LOF,0.028545081502811764,0.08186629680939675,0.8895886216877914
25687,LOF,0.0525106819972542,0.06997481663530103,0.8775145013674447
25688,LOF,0.050142315668230505,0.06404653855575873,0.8858111457760107
25689,LOF,0.02843120940769408,0.0750993277221541,0.896469462870152
25690,LOF,0.03966339962062696,0.05979801831873579,0.9005385820606372
25691,LOF,0.26520071908731957,0.07812648885769323,0.6566727920549872
25692,LOF,0.27694677703790443,0.007462669938992803,0.7155905530231029
25693,LOF,0.0751092044084041,0.27026452662049455,0.6546262689711013
25694,LOF,0.23619802250502672,0.013423375276452314,0.7503786022185209
25695,LOF,0.13898199418422746,0.021690406846777446,0.8393275989689951
25696,LOF,0.10582707660314973,0.011016338415102956,0.8831565849817472
25697,LOF,0.09363294800160217,0.022015943114352524,0.8843511088840452
25698,LOF,0.0617215283937543,0.46578932626328673,0.472489145342959
25699,LOF,0.07385802690811359,0.09075446928431029,0.8353875038075762
25700,LOF,0.05559094829290548,0.010559320419690179,0.9338497312874043
25701,LOF,0.01762037560398018,0.07586316785691709,0.9065164565391027
25702,GOF,0.03869399023351208,0.6906302939959609,0.27067571577052696
25703,LOF,0.008183587269574433,0.1812424305966454,0.8105739821337802
25704,LOF,0.0597885529194596,0.14262971218151207,0.7975817348990282
25705,LOF,0.06264547179926006,0.26736633963659157,0.6699881885641484
25706,LOF,0.023228619917244446,0.48592815656693095,0.49084322351582477
25707,LOF,0.016609604198889415,0.47485810982806415,0.5085322859730463
25708,LOF,0.007019038025632603,0.4357551989812149,0.5572257629931524
25709,LOF,0.05759233233341483,0.06293842250922814,0.879469245157357
25710,LOF,0.005101745685311902,0.17584687826570425,0.8190513760489838
25711,LOF,0.01687365996022177,0.1367827055733608,0.8463436344664174
25712,LOF,0.006533679638272183,0.21258851107875792,0.7808778092829699
25713,LOF,0.018134195741063893,0.11570378933881247,0.8661620149201236
25714,LOF,0.05725083673153217,0.14965397304183412,0.7930951902266337
25715,LOF,0.011424207945555636,0.16752227234389203,0.8210535197105524
25716,LOF,0.0056217074998033585,0.13362245737390424,0.8607558351262923
25717,LOF,0.005610046343739399,0.10960866283892559,0.884781290817335
25718,LOF,0.012084922841947957,0.10687995887144035,0.8810351182866117
25719,LOF,0.019265752689914442,0.11412035041020915,0.8666138968998764
25720,LOF,0.018961188035012632,0.1041075195922818,0.8769312923727056
25721,LOF,0.015899391717304534,0.12153326333453894,0.8625673449481566
25722,LOF,0.014473934206958012,0.14380241210676586,0.8417236536862761
25723,LOF,0.01936269668007181,0.08183175565287444,0.8988055476670538
25724,LOF,0.016631235560693083,0.13443627180250345,0.8489324926368035
25725,LOF,0.011663362539076686,0.09425183582041752,0.8940848016405057
25726,LOF,0.014024190870449642,0.13351652456250918,0.8524592845670412
25727,LOF,0.012250856484285786,0.10051805081549968,0.8872310927002146
25728,LOF,0.010718692945116149,0.13417922859807924,0.8551020784568046
25729,LOF,0.011042785606903626,0.13788569077092017,0.8510715236221763
25730,LOF,0.015782514716017583,0.11211154050104759,0.8721059447829348
25731,LOF,0.007693805007890071,0.15041060986556884,0.8418955851265412
25732,LOF,0.016289112147631946,0.09799750601193798,0.88571338184043
25733,LOF,0.015821193734238757,0.09460894554411337,0.8895698607216478
25734,LOF,0.004971025905309878,0.15241667658513705,0.842612297509553
25735,LOF,0.013536595135545657,0.09176851325716008,0.8946948916072943
25736,LOF,0.014223947841706564,0.13076148247246389,0.8550145696858295
25737,LOF,0.019752440041607137,0.10533940216936136,0.8749081577890315
25738,LOF,0.012748280402865493,0.16689049894863306,0.8203612206485014
25739,LOF,0.019114441853238157,0.133070090970154,0.8478154671766078
25740,LOF,0.02996314436057399,0.13787852681660784,0.8321583288228181
25741,LOF,0.014641190109716684,0.12653113787805162,0.8588276720122316
25742,LOF,0.09135054084069812,0.13397505191263573,0.7746744072466661
25743,LOF,0.013651468895769821,0.034111356092285716,0.9522371750119444
25744,LOF,0.23687090578733222,0.299834774323971,0.4632943198886967
25745,LOF,0.026435375154390744,0.039110912589203226,0.9344537122564062
25746,LOF,0.017125202831466922,0.04957559779360451,0.9332991993749286
25747,LOF,0.027873328732667377,0.02533308154387328,0.9467935897234594
25748,LOF,0.12220871171096359,0.04220537111014264,0.8355859171788936
25749,LOF,0.014329550152627364,0.03615149998858777,0.9495189498587848
25750,LOF,0.032752085217133964,0.054720696193033526,0.9125272185898324
25751,LOF,0.10950201291288453,0.049235967348208357,0.8412620197389071
25752,GOF,0.1332668840576742,0.5908584943679835,0.2758746215743423
25753,LOF,0.007603254853371135,0.3015159869606483,0.6908807581859806
25754,GOF,0.005084949335613584,0.781009774266326,0.2139052763980603
25755,LOF,0.008966203755544069,0.3947805631730131,0.596253233071443
25756,LOF,0.044189470920107596,0.3863498117823415,0.5694607172975509
25757,GOF,0.00594297962097373,0.8296835411715036,0.16437347920752263
25758,GOF,0.00716301795631749,0.8469130788413376,0.14592390320234483
25759,GOF,0.0044345077789796255,0.5306781686047165,0.4648873236163039
25760,LOF,0.004881029772089354,0.2645717446061209,0.7305472256217898
25761,GOF,0.04675871128442194,0.8026856150938579,0.15055567362172023
25762,LOF,0.0321652705949039,0.28689074258010827,0.6809439868249879
25763,LOF,0.006320833798065091,0.2113557070785204,0.7823234591234146
25764,GOF,0.1675126738510484,0.4957988646599526,0.33668846148899895
25765,GOF,0.012381116380191846,0.7479820840814466,0.23963679953836145
25766,GOF,0.019794346573103885,0.7939050779099269,0.1863005755169693
25767,LOF,0.021038517196445488,0.4825066248172041,0.4964548579863503
25768,LOF,0.07483034994919174,0.06957671460820716,0.8555929354426011
25769,LOF,0.08221483166607148,0.0532021140436289,0.8645830542902997
25770,LOF,0.3248242225624994,0.06858199794940392,0.6065937794880967
25771,LOF,0.015410738663160388,0.05583640747379616,0.9287528538630434
25772,LOF,0.019402874319950785,0.026788362240753885,0.9538087634392953
25773,LOF,0.011116784405689193,0.11549646928695143,0.8733867463073594
25774,LOF,0.023071688402536688,0.06890761524768949,0.9080206963497739
25775,LOF,0.014918600708485101,0.04742351143213545,0.9376578878593795
25776,LOF,0.0791659877667041,0.021539037811681427,0.8992949744216144
25777,LOF,0.2954100074987381,0.043674842976464574,0.6609151495247974
25778,LOF,0.06814442791513502,0.04093636879767844,0.8909192032871865
25779,GOF,0.06463112322292928,0.8782325580272079,0.057136318749862726
25780,GOF,0.060227119503965906,0.8480379443529714,0.09173493614306265
25781,GOF,0.025831931656674842,0.8561396529380796,0.11802841540524567
25782,GOF,0.02942699955047118,0.8840020191904779,0.08657098125905097
25783,GOF,0.012557114258860273,0.6648232314628744,0.3226196542782653
25784,GOF,0.1099895803505543,0.8381813937293072,0.051829025920138466
25785,GOF,0.07107211646671317,0.8765364365783225,0.052391446954964366
25786,GOF,0.0059654290476906955,0.8119606455069099,0.1820739254453993
25787,GOF,0.18831577981172118,0.7671688894702209,0.044515330718057806
25788,LOF,0.04518693008298111,0.1112426798407593,0.8435703900762596
25789,GOF,0.03703712820140907,0.8062482276372636,0.1567146441613275
25790,GOF,0.03794072540816936,0.8305492698973541,0.13151000469447635
25791,GOF,0.02630679061111294,0.778536528455751,0.1951566809331361
25792,GOF,0.04257979494002641,0.7786270203987202,0.17879318466125318
25793,GOF,0.07384264742544179,0.7273216213349016,0.19883573123965645
25794,GOF,0.10618770430938686,0.679579527237136,0.2142327684534771
25795,GOF,0.02587756637233122,0.7648161891720829,0.20930624445558585
25796,GOF,0.13648174634380025,0.749166709739051,0.11435154391714868
25797,GOF,0.03565369267539502,0.5788627571837044,0.3854835501409007
25798,GOF,0.0031951957674913036,0.5414700509399172,0.4553347532925916
25799,LOF,0.0030154697615659915,0.41569411729240974,0.5812904129460242
25800,GOF,0.010778613072351567,0.6173918273131961,0.37182955961445235
25801,GOF,0.02930335344439833,0.8120701480342839,0.15862649852131777
25802,GOF,0.019046259744835176,0.7125515911032526,0.26840214915191224
25803,GOF,0.009993179436845709,0.5946937855298714,0.3953130350332829
25804,LOF,0.013031844402549944,0.4750092234296851,0.511958932167765
25805,GOF,0.020556360581869576,0.59637962093588,0.38306401848225036
25806,GOF,0.01854226849113249,0.6121246463305232,0.36933308517834434
25807,GOF,0.0056475623713287465,0.6334320380550539,0.3609203995736173
25808,GOF,0.013956181497935163,0.6211199177830792,0.36492390071898567
25809,GOF,0.006174421663617502,0.6156624662140626,0.3781631121223199
25810,GOF,0.0051438068372732315,0.6278074198417157,0.36704877332101093
25811,GOF,0.09740092453593674,0.7891931227850448,0.1134059526790183
25812,GOF,0.014094213503391288,0.6267908800377571,0.3591149064588515
25813,GOF,0.11639167511920592,0.7174768412531404,0.16613148362765373
25814,GOF,0.02896108282968905,0.709151993363679,0.26188692380663214
25815,GOF,0.04259247093585875,0.7002997781974493,0.25710775086669196
25816,GOF,0.007817096315263753,0.7641935074000934,0.22798939628464274
25817,GOF,0.07372399307200057,0.7622023560346918,0.16407365089330764
25818,GOF,0.0183613035521826,0.6911126188486958,0.29052607759912147
25819,GOF,0.07316105400732925,0.7452783094369578,0.18156063655571306
25820,GOF,0.0330181966812102,0.7285492455767706,0.23843255774201927
25821,GOF,0.016246653661861198,0.7068977797353809,0.27685556660275795
25822,GOF,0.035487656671761195,0.7080797296371775,0.25643261369106135
25823,GOF,0.011546768547262701,0.5579040025660192,0.43054922888671815
25824,GOF,0.020284271365875052,0.6632008483019225,0.3165148803322025
25825,GOF,0.01175502719095057,0.6482373927417174,0.340007580067332
25826,GOF,0.004766701717258575,0.613431435447753,0.38180186283498846
25827,GOF,0.007642702000704085,0.6153237100062158,0.37703358799308007
25828,GOF,0.0052609340641836385,0.5392174038162243,0.45552166211959216
25829,GOF,0.0028107920596823306,0.5884860310221026,0.40870317691821506
25830,LOF,0.0374174415041884,0.36199022419791155,0.6005923342979
25831,GOF,0.033684123745542985,0.824924190113512,0.14139168614094513
25832,GOF,0.0073203436874201624,0.7641644437934738,0.22851521251910614
25833,GOF,0.02574821088653705,0.8104278824837148,0.1638239066297483
25834,GOF,0.007854159203379235,0.7640725653631106,0.2280732754335102
25835,GOF,0.017245477371025452,0.8223033507242525,0.1604511719047221
25836,GOF,0.0066473862736836,0.7541071425037342,0.23924547122258216
25837,GOF,0.006621932698379738,0.6710494864813686,0.3223285808202516
25838,GOF,0.02096370796364118,0.8358243698939705,0.1432119221423883
25839,GOF,0.05008879657724714,0.7903999437907306,0.15951125963202223
25840,GOF,0.03779049700089093,0.8301947655743344,0.13201473742477476
25841,GOF,0.03688169876254157,0.8388223613285709,0.12429593990888753
25842,GOF,0.02347951622436987,0.8636129724164664,0.11290751135916383
25843,GOF,0.025194001594285913,0.8831977974859306,0.09160820091978353
25844,GOF,0.016320929238793677,0.796783366087646,0.1868957046735604
25845,GOF,0.0048805097616769965,0.5813334742016719,0.4137860160366511
25846,GOF,0.026272930802129092,0.8533950036067306,0.12033206559114029
25847,GOF,0.01701438540075099,0.8896556324735205,0.0933299821257286
25848,GOF,0.011991653379796033,0.7823405028472344,0.20566784377296946
25849,GOF,0.0043748188842513795,0.6774039492453146,0.31822123187043416
25850,GOF,0.006982860979224259,0.6846789386898368,0.3083382003309391
25851,GOF,0.006271501337950306,0.5728321378736244,0.42089636078842524
25852,GOF,0.16707100232125985,0.5013927141053408,0.33153628357339937
25853,GOF,0.06501125826243315,0.8302453531349407,0.10474338860262607
25854,GOF,0.008713840923065862,0.6366859606666525,0.3546001984102817
25855,GOF,0.013772692589786075,0.5967450585904057,0.3894822488198082
25856,GOF,0.040397206052532726,0.7035163692740312,0.2560864246734362
25857,GOF,0.014564046719833652,0.545959088929722,0.43947686435044436
25858,GOF,0.008004918027597088,0.5498483210095099,0.44214676096289307
25859,GOF,0.0053983890915369976,0.5292237525018282,0.4653778584066348
25860,GOF,0.07775331240323705,0.7815457552563525,0.1407009323404105
25861,GOF,0.11918932040865492,0.7857057134969703,0.09510496609437477
25862,GOF,0.019159607247194482,0.8455437427169334,0.13529665003587216
25863,GOF,0.017495876003434923,0.8603936255314824,0.12211049846508257
25864,GOF,0.03963893854085301,0.8783351203121129,0.08202594114703395
25865,GOF,0.030483979214814463,0.8486204049485346,0.12089561583665097
25866,GOF,0.023660806442971038,0.8399662637638328,0.13637292979319632
25867,GOF,0.02489595166523035,0.8721395059078958,0.10296454242687367
25868,GOF,0.05241906858549706,0.7876920474675969,0.15988888394690592
25869,GOF,0.30598837367010445,0.5893277444664344,0.10468388186346106
25870,GOF,0.17739757744842533,0.5272717147548981,0.2953307077966765
25871,GOF,0.028723586100340637,0.8513521310529688,0.11992428284669046
25872,GOF,0.016109316995297076,0.7787531980158336,0.20513748498886913
25873,GOF,0.018521639776442774,0.8540398564838401,0.1274385037397172
25874,LOF,0.016958037992954686,0.11910561395851842,0.863936348048527
25875,LOF,0.024402088560683773,0.03422962573567395,0.9413682857036424
25876,LOF,0.0147724588900586,0.03047931489406929,0.9547482262158722
25877,LOF,0.11980027728029019,0.06086574598763117,0.8193339767320786
25878,LOF,0.05335690928137808,0.08498062128449511,0.8616624694341268
25879,LOF,0.023928788869332765,0.07345819523157357,0.9026130158990937
25880,LOF,0.043535470712926655,0.010706797977022033,0.9457577313100513
25881,Neutral,0.5501305786626343,0.047981474021388,0.4018879473159777
25882,LOF,0.022882856158545555,0.02986879686142757,0.9472483469800268
25883,LOF,0.06491053002876673,0.023608988395184702,0.9114804815760487
25884,LOF,0.011060713105833325,0.03931769436609818,0.9496215925280685
25885,LOF,0.17406542831881414,0.0067606388921829606,0.819173932789003
25886,LOF,0.26481849941280705,0.05129761902480726,0.6838838815623858
25887,LOF,0.1493857001956187,0.056331428217278316,0.7942828715871031
25888,LOF,0.013065974459953682,0.11303467624690877,0.8738993492931375
25889,LOF,0.012529432503632951,0.030360045198081345,0.9571105222982857
25890,LOF,0.11612863183237176,0.09069879267981015,0.7931725754878182
25891,LOF,0.04525066128817046,0.03774248591757317,0.9170068527942563
25892,LOF,0.012101880130771134,0.043004216013196886,0.9448939038560319
25893,LOF,0.38918670731287813,0.013778012911278892,0.5970352797758429
25894,LOF,0.4111444672463993,0.007285032833938759,0.5815704999196619
25895,LOF,0.34448431964309734,0.016353189228044986,0.6391624911288577
25896,LOF,0.042640202184981595,0.02687540652529141,0.9304843912897269
25897,LOF,0.2009613672979235,0.013297226002506341,0.7857414066995703
25898,LOF,0.22456101922213653,0.0352770445116145,0.7401619362662489
25899,LOF,0.19623618771187368,0.026278230745781773,0.7774855815423446
25900,LOF,0.45752434041976414,0.011234585835019156,0.5312410737452167
25901,LOF,0.051813915166625146,0.011697659958256943,0.9364884248751179
25902,LOF,0.09865833816076311,0.01684641725618016,0.8844952445830566
25903,LOF,0.3823178316355302,0.035444096048637394,0.5822380723158324
25904,LOF,0.3135805611376205,0.04293629068495554,0.6434831481774239
25905,LOF,0.006206663952462699,0.41883138110500634,0.5749619549425309
25906,LOF,0.008379160641806634,0.11957814684771337,0.8720426925104799
25907,LOF,0.003880010415259539,0.3706661805732036,0.6254538090115369
25908,LOF,0.0034003107351760864,0.2624996954217429,0.7340999938430811
25909,LOF,0.012946976970503161,0.1494029168336293,0.8376501061958675
25910,LOF,0.017084953719646915,0.13763294501886644,0.8452821012614866
25911,LOF,0.1689856506492797,0.026311253825342718,0.8047030955253776
25912,LOF,0.0785780648365689,0.03831615213558256,0.8831057830278486
25913,LOF,0.08396404755535031,0.04350503622136222,0.8725309162232875
25914,LOF,0.020623047407406662,0.05870744483235944,0.9206695077602339
25915,LOF,0.1460773288228408,0.2659354469983857,0.5879872241787735
25916,LOF,0.020019444707133835,0.15931235216609374,0.8206682031267725
25917,LOF,0.05398572627700942,0.040982483811628154,0.9050317899113625
25918,LOF,0.024776295391603732,0.03160669763507675,0.9436170069733195
25919,LOF,0.021903632465875525,0.031121505127441763,0.9469748624066827
25920,LOF,0.10682633537193616,0.20169807391349956,0.6914755907145643
25921,LOF,0.01031286183196851,0.037659029030452366,0.9520281091375791
25922,LOF,0.01320841236482034,0.029104441584073437,0.9576871460511063
25923,Neutral,0.4988414583627603,0.035839265898348474,0.46531927573889126
25924,LOF,0.017474861587849295,0.041955107736052544,0.9405700306760981
25925,LOF,0.0736915475168763,0.04372535400041243,0.8825830984827112
25926,LOF,0.05443834744801244,0.03797797536119285,0.9075836771907948
25927,LOF,0.019332512609030652,0.060276910234250976,0.9203905771567183
25928,LOF,0.008028317358683661,0.05057644142118326,0.941395241220133
25929,Neutral,0.6174314785238019,0.037611819179485424,0.3449567022967127
25930,LOF,0.06669648382096073,0.031062587854581287,0.9022409283244579
25931,LOF,0.009841082553443965,0.034950678920718244,0.9552082385258377
25932,LOF,0.03180069210711918,0.028008786597045577,0.9401905212958352
25933,LOF,0.040190440001509974,0.018606511767390317,0.9412030482310997
25934,LOF,0.026137183405330406,0.020069413672682616,0.953793402921987
25935,LOF,0.07053629640701839,0.04864116512583511,0.8808225384671464
25936,LOF,0.04543725865809328,0.024791699918623743,0.929771041423283
25937,LOF,0.010001333929866638,0.036904418061180146,0.9530942480089531
25938,LOF,0.06658172770684369,0.056961608937880014,0.8764566633552763
25939,LOF,0.038203702731426994,0.02331906404361905,0.9384772332249539
25940,LOF,0.010195332096237351,0.32046547924484464,0.6693391886589181
25941,Neutral,0.5165767613271959,0.02781247554139853,0.4556107631314057
25942,LOF,0.004994255527692388,0.04306717308340101,0.9519385713889066
25943,LOF,0.03495144366312684,0.12940626698156213,0.835642289355311
25944,LOF,0.11599493550248348,0.07311265875811747,0.8108924057393991
25945,LOF,0.05676806630167764,0.01816745107990362,0.9250644826184187
25946,LOF,0.07126665337566496,0.05818577880012068,0.8705475678242143
25947,LOF,0.44344550931272303,0.07738898184242236,0.4791655088448546
25948,LOF,0.3038077744084224,0.00857918230725585,0.6876130432843217
25949,LOF,0.08806010650512194,0.04270193170327251,0.8692379617916056
25950,GOF,0.03440300034094695,0.6037287112408558,0.36186828841819735
25951,LOF,0.014651095836311072,0.41988477449800005,0.5654641296656889
25952,LOF,0.24041267689290927,0.3056074733677293,0.45397984973936134
25953,LOF,0.013690260210582946,0.1916017127220281,0.794708027067389
25954,LOF,0.05857328128279645,0.45632220357126757,0.485104515145936
25955,LOF,0.01026847730533985,0.1873994594827356,0.8023320632119245
25956,LOF,0.027205973667826764,0.2803481199823751,0.6924459063497981
25957,LOF,0.14385034774613037,0.03225991960391869,0.8238897326499509
25958,LOF,0.051525028433907036,0.02960310277716434,0.9188718687889287
25959,LOF,0.013645050432068415,0.4487877994215073,0.5375671501464243
25960,LOF,0.005773949851484871,0.058077675881937275,0.9361483742665779
25961,LOF,0.040251253499395664,0.02685910172295785,0.9328896447776465
25962,LOF,0.030651323764595197,0.08184052470874587,0.8875081515266589
25963,LOF,0.005302417342192147,0.2293410855349959,0.765356497122812
25964,LOF,0.03474977765192533,0.1023298347659551,0.8629203875821195
25965,LOF,0.3456248194838985,0.1308372761470707,0.5235379043690309
25966,Neutral,0.5100305053570148,0.15138799028322386,0.3385815043597614
25967,LOF,0.007000417616558692,0.09148766686785509,0.9015119155155862
25968,LOF,0.05588428970059238,0.22510163448843723,0.7190140758109704
25969,LOF,0.13439739722991137,0.05820990763457878,0.8073926951355099
25970,LOF,0.016402794732068605,0.10113307640123086,0.8824641288667004
25971,LOF,0.06660358905154068,0.02995749117086005,0.9034389197775992
25972,LOF,0.06590227165591814,0.039596179960411884,0.89450154838367
25973,LOF,0.05466002840971354,0.01135404575682661,0.9339859258334597
25974,LOF,0.03350429572003259,0.03667635529598243,0.929819348983985
25975,LOF,0.04445764986212694,0.02276127376917055,0.9327810763687024
25976,LOF,0.10464438040834322,0.011022969207372104,0.8843326503842847
25977,LOF,0.19350292227594845,0.05446840116137772,0.7520286765626738
25978,LOF,0.13653299419907086,0.12519896269783726,0.7382680431030918
25979,LOF,0.12425220684647255,0.12469762090719508,0.7510501722463323
25980,LOF,0.22792703113604848,0.1401759037029865,0.631897065160965
25981,LOF,0.2522283856482326,0.1372457944628201,0.6105258198889473
25982,LOF,0.41302758998911404,0.10366996501417619,0.48330244499670966
25983,LOF,0.387321822533217,0.11356753965503567,0.49911063781174736
25984,LOF,0.03900356874636097,0.06307577614444776,0.8979206551091913
25985,LOF,0.41097142293843447,0.11501292219038704,0.4740156548711785
25986,LOF,0.01033222808208615,0.4085030310272114,0.5811647408907024
25987,LOF,0.03220066589604413,0.09407867985851097,0.8737206542454449
25988,LOF,0.16408731796932954,0.09370153179046843,0.7422111502402021
25989,LOF,0.036993494782648746,0.1316287829047046,0.8313777223126467
25990,LOF,0.03800941578067692,0.20334372545307197,0.758646858766251
25991,LOF,0.019241862879223665,0.3588941476350991,0.6218639894856772
25992,LOF,0.020190029523576042,0.34891769957264795,0.630892270903776
25993,LOF,0.021568411709996158,0.09284067201361049,0.8855909162763934
25994,LOF,0.015432679661675502,0.0818094591140844,0.9027578612242402
25995,LOF,0.019715113997740296,0.17969980662091847,0.8005850793813412
25996,Neutral,0.3592619454483041,0.2857380985274697,0.3549999560242262
25997,LOF,0.0728267232867689,0.3443465689221427,0.5828267077910884
25998,LOF,0.29143254128017554,0.05009597390506003,0.6584714848147645
25999,LOF,0.016596645091612416,0.20606280306372649,0.777340551844661
26000,LOF,0.14379582468834096,0.02788076199088558,0.8283234133207735
26001,LOF,0.304232728719651,0.02503336626219903,0.67073390501815
26002,LOF,0.0674894723789322,0.045864711325206774,0.8866458162958609
26003,GOF,0.004089955060015489,0.6103454366456681,0.38556460829431644
26004,GOF,0.005886059955527372,0.6859667981161536,0.3081471419283191
26005,LOF,0.003019465865494758,0.48951986307854434,0.5074606710559609
26006,GOF,0.07474364013979252,0.5691178328279896,0.356138527032218
26007,GOF,0.006151007512216962,0.5572329688965191,0.43661602359126395
26008,GOF,0.005888877340043339,0.6432293705145145,0.3508817521454423
26009,GOF,0.006131462250339019,0.6579671401181774,0.33590139763148363
26010,GOF,0.007059825413454809,0.7109519274220277,0.2819882471645174
26011,LOF,0.002649524831767277,0.4701528705161591,0.5271976046520737
26012,GOF,0.004077595954772451,0.5353461374191795,0.46057626662604806
26013,GOF,0.00541809550966996,0.64544468459377,0.34913721989656
26014,LOF,0.04411405732931042,0.10404092442362,0.8518450182470696
26015,LOF,0.1369345499464466,0.02338938613489623,0.8396760639186572
26016,LOF,0.28549495176551615,0.04980093646471077,0.6647041117697731
26017,LOF,0.02483794899513132,0.22373171699875635,0.7514303340061123
26018,LOF,0.07067445941624145,0.047067476178878485,0.8822580644048802
26019,LOF,0.06754474776630646,0.038257321787276116,0.8941979304464175
26020,LOF,0.008089531139023132,0.2352353958456199,0.756675073015357
26021,LOF,0.07014304863950523,0.07834087618873711,0.8515160751717576
26022,LOF,0.026165170915535056,0.02938210703951645,0.9444527220449485
26023,LOF,0.04295566181298161,0.02718431239953685,0.9298600257874815
26024,LOF,0.04200329571366259,0.08735184650034276,0.8706448577859947
26025,LOF,0.06088098574085389,0.08808257633261966,0.8510364379265265
26026,LOF,0.1310267474887064,0.06568249679639686,0.8032907557148967
26027,LOF,0.05897306794637664,0.021797432772503938,0.9192294992811195
26028,LOF,0.08793098242153388,0.11754193680508007,0.7945270807733861
26029,LOF,0.02762797803987389,0.18813884798445216,0.784233173975674
26030,LOF,0.13446421431414032,0.030524423365214895,0.8350113623206448
26031,LOF,0.013964838988867443,0.15014649406086064,0.835888666950272
26032,LOF,0.08351662670513275,0.06269069189271548,0.8537926814021518
26033,LOF,0.0827017313173947,0.061237313566952625,0.8560609551156526
26034,LOF,0.014491151763166055,0.16070383848737882,0.8248050097494551
26035,LOF,0.013589963558443928,0.1325024343072644,0.8539076021342916
26036,LOF,0.016454532658859062,0.16853423554885047,0.8150112317922905
26037,LOF,0.011239518465001494,0.1134698743357171,0.8752906071992814
26038,LOF,0.0723083985725406,0.0580637355037827,0.8696278659236768
26039,LOF,0.025192705396266914,0.15577775007269043,0.8190295445310426
26040,LOF,0.11336678342763003,0.15618732134308097,0.730445895229289
26041,LOF,0.013621446265957028,0.10193628705906661,0.8844422666749764
26042,LOF,0.012658326721566976,0.10139326057750779,0.8859484127009253
26043,LOF,0.06932999869601622,0.0798115930943159,0.8508584082096678
26044,LOF,0.012842580777674455,0.06964836120439365,0.9175090580179319
26045,LOF,0.05306800025786073,0.11084334617029087,0.8360886535718484
26046,LOF,0.06260366174946785,0.06320695793954627,0.8741893803109858
26047,LOF,0.10179903476200647,0.06439549199187883,0.8338054732461146
26048,LOF,0.04741614887704074,0.042458469307581855,0.9101253818153773
26049,Neutral,0.966449067774025,0.006160959562979291,0.027389972662995688
26050,Neutral,0.9547816516902927,0.007658327383400341,0.03756002092630697
26051,LOF,0.015170616693668648,0.15202001500887724,0.8328093682974541
26052,LOF,0.023314812276145895,0.185171561852567,0.7915136258712872
26053,LOF,0.023850850173907482,0.1365284100785796,0.839620739747513
26054,LOF,0.04795639392419717,0.01732156198576203,0.9347220440900408
26055,LOF,0.058227190482824105,0.016423134130828795,0.9253496753863472
26056,LOF,0.05007858398219997,0.01863233194307004,0.93128908407473
26057,LOF,0.030833703272121357,0.011326006254572888,0.9578402904733058
26058,LOF,0.03147671191056245,0.009645413580452367,0.9588778745089853
26059,LOF,0.293585765832479,0.019646371831044337,0.6867678623364768
26060,LOF,0.00933146508692867,0.13597040670950705,0.8546981282035642
26061,LOF,0.0049381813330324825,0.013375583625994832,0.9816862350409727
26062,LOF,0.0039358589571900915,0.01844532488444814,0.9776188161583618
26063,LOF,0.021683730433331824,0.009470135090579795,0.9688461344760885
26064,LOF,0.006682962352519147,0.021295275998686553,0.9720217616487943
26065,LOF,0.02282991860744814,0.01097771237039607,0.9661923690221559
26066,LOF,0.02186794485213159,0.010337802180161105,0.9677942529677073
26067,LOF,0.027537462068411473,0.0085272372004117,0.9639353007311767
26068,LOF,0.04335835478715392,0.028554694315032582,0.9280869508978136
26069,LOF,0.26002994226417236,0.01685410359185561,0.723115954143972
26070,LOF,0.4186202242512687,0.013690005657440779,0.5676897700912905
26071,LOF,0.020344448963282802,0.010321882961393117,0.969333668075324
26072,LOF,0.0053039857909587635,0.021656490454597485,0.9730395237544437
26073,LOF,0.018676541163841476,0.012834081512492667,0.9684893773236658
26074,Neutral,0.9028023908286823,0.005963241706618171,0.09123436746469953
26075,LOF,0.0412538469136057,0.01466710556581246,0.9440790475205818
26076,LOF,0.0380177890683252,0.008728709599516398,0.9532535013321584
26077,LOF,0.10797056934385595,0.0073745384438102315,0.8846548922123337
26078,LOF,0.005679704823262116,0.013327551650659051,0.9809927435260788
26079,LOF,0.05361967754153646,0.015637110654259212,0.9307432118042043
26080,LOF,0.0520756214141164,0.01568332558159313,0.9322410530042904
26081,LOF,0.029613762942821385,0.0070394795776328066,0.9633467574795459
26082,LOF,0.004557966922537717,0.014780418509913592,0.9806616145675486
26083,LOF,0.13709925516762167,0.014498487761857684,0.8484022570705205
26084,LOF,0.03510973465847435,0.012233977278087402,0.9526562880634384
26085,LOF,0.031604680653913454,0.011042378615658991,0.9573529407304275
26086,LOF,0.019748687537031604,0.011168271400513363,0.9690830410624549
26087,LOF,0.02124284977301517,0.008509035461085229,0.9702481147658996
26088,LOF,0.005510225296698638,0.020314744032436452,0.974175030670865
26089,LOF,0.03815453383725571,0.020668186579086895,0.9411772795836574
26090,LOF,0.037837733507923,0.016991256039147192,0.9451710104529298
26091,LOF,0.02880307911163214,0.006552036442478396,0.9646448844458895
26092,LOF,0.020891809480862108,0.007764383501121599,0.9713438070180163
26093,LOF,0.03805141737828238,0.005946202559068594,0.9560023800626491
26094,LOF,0.028304889079847826,0.006502602154484917,0.9651925087656673
26095,LOF,0.015549391280380827,0.017509813356702868,0.9669407953629163
26096,LOF,0.14639057251222046,0.005730098628439967,0.8478793288593396
26097,LOF,0.004718483287737097,0.03411874997384296,0.9611627667384199
26098,LOF,0.06879607228582739,0.013293109655098495,0.9179108180590742
26099,LOF,0.019181961462335875,0.013097823075867356,0.9677202154617968
26100,LOF,0.021361645331768483,0.012596873113334376,0.9660414815548972
26101,LOF,0.0470889467354574,0.018592941396014327,0.9343181118685282
26102,LOF,0.020496478876472858,0.013474861507176066,0.9660286596163512
26103,Neutral,0.8651435996483007,0.019574859834189173,0.11528154051751008
26104,LOF,0.06531543275075131,0.022797132879720742,0.911887434369528
26105,LOF,0.18795989814385622,0.16174831379627264,0.6502917880598711
26106,LOF,0.32363770576329887,0.13143856158936357,0.5449237326473376
26107,LOF,0.021713977251667817,0.1145590070848187,0.8637270156635135
26108,LOF,0.3587715842614892,0.04147795360608447,0.5997504621324263
26109,LOF,0.032102608949061424,0.06903458024940536,0.8988628108015333
26110,LOF,0.2011242870530274,0.006230852864256547,0.7926448600827161
26111,LOF,0.0770943644264127,0.07496235381578431,0.8479432817578031
26112,LOF,0.0342551627500274,0.007173926707194215,0.9585709105427783
26113,LOF,0.05954954027288027,0.015043835201496707,0.925406624525623
26114,LOF,0.06282679653409591,0.01503740959727246,0.9221357938686316
26115,LOF,0.0176317959887453,0.08426385546995169,0.898104348541303
26116,LOF,0.08416635349635339,0.04805391497299968,0.867779731530647
26117,LOF,0.4109758250102967,0.04686752477723431,0.5421566502124688
26118,LOF,0.033416177704358584,0.022665930755309774,0.9439178915403316
26119,LOF,0.004584878508301509,0.04301984691950477,0.9523952745721938
26120,LOF,0.024055793896206133,0.018363334088112113,0.9575808720156817
