feature0,prediction,LoGoFunc_Neutral,LoGoFunc_GOF,LoGoFunc_LOF
25546,Neutral,0.6279141704373046,0.11548873896950997,0.25659709059318553
25547,Neutral,0.4629027121054879,0.24144611293272245,0.2956511749617897
25548,Neutral,0.4331230999899475,0.18843836706484693,0.3784385329452055
25549,Neutral,0.40847139288871837,0.1923599305010491,0.3991686766102325
25550,LOF,0.3393681122841927,0.25415830100185094,0.40647358671395634
25551,LOF,0.2946134547632805,0.23139042190660458,0.4739961233301149
25552,LOF,0.16579729797453463,0.23247300097502965,0.6017297010504357
25553,Neutral,0.8122928257272042,0.0557075933777647,0.1319995808950312
25554,LOF,0.20310926138102223,0.2306033757662172,0.5662873628527605
25555,LOF,0.16350288183586437,0.20308414032907618,0.6334129778350595
25556,Neutral,0.47048125779262656,0.16354014371375017,0.36597859849362324
25557,LOF,0.15754670622367534,0.2161845812705393,0.6262687125057853
25558,LOF,0.19872333542807208,0.25555155688623743,0.5457251076856905
25559,LOF,0.4896146381444767,0.017130006906037554,0.49325535494948586
25560,LOF,0.03795918613442415,0.2297795397099694,0.7322612741556064
25561,LOF,0.09116474306712306,0.2673824715069366,0.6414527854259403
25562,LOF,0.12353863073479608,0.060323204864044924,0.816138164401159
25563,LOF,0.10754644044668836,0.11210855769198957,0.780345001861322
25564,LOF,0.07550840333999993,0.1436030523058443,0.7808885443541559
25565,LOF,0.14190889428173914,0.2089206330810386,0.6491704726372223
25566,GOF,0.019160681427696273,0.6900705377738977,0.290768780798406
25567,LOF,0.010127051501820897,0.19370130777745792,0.7961716407207212
25568,LOF,0.04206150205543747,0.07390400161564965,0.884034496328913
25569,LOF,0.0639848183387344,0.06563399375695628,0.8703811879043093
25570,LOF,0.04765286744874948,0.08207258072927967,0.8702745518219709
25571,LOF,0.05406287042998183,0.07645171995735078,0.8694854096126674
25572,LOF,0.05073201258786024,0.08400570345217792,0.8652622839599619
25573,LOF,0.028540623855570935,0.09397788618437906,0.87748148996005
25574,LOF,0.01501282912026741,0.24556100585778312,0.7394261650219494
25575,LOF,0.043541679876156,0.06621160473007784,0.8902467153937662
25576,LOF,0.01730997133331579,0.07102722052637925,0.911662808140305
25577,LOF,0.01165745993933503,0.06580640512357955,0.9225361349370854
25578,LOF,0.26487131209157555,0.08175398303850984,0.6533747048699147
25579,LOF,0.26684737808152553,0.0807081312239519,0.6524444906945225
25580,LOF,0.026738347867301233,0.06216459222341497,0.9110970599092838
25581,LOF,0.04163866615401611,0.08294739727272747,0.8754139365732565
25582,LOF,0.04070489838969385,0.07631990745809172,0.8829751941522144
25583,LOF,0.028643728613855265,0.06347455659860708,0.9078817147875375
25584,Neutral,0.513892852142996,0.11521805027886345,0.37088909757814054
25585,LOF,0.02217223903781923,0.07975445223730883,0.898073308724872
25586,LOF,0.026371902290564863,0.0554233081122811,0.9182047895971541
25587,LOF,0.023071056231544457,0.04978015388774873,0.9271487898807069
25588,LOF,0.02227395786115291,0.061903886393574734,0.9158221557452724
25589,Neutral,0.6457703472427444,0.12855869269898718,0.22567096005826848
25590,LOF,0.02155764637167509,0.10540018348426122,0.8730421701440637
25591,LOF,0.09703950641029886,0.056684613890781846,0.8462758796989194
25592,LOF,0.07460978968189398,0.09213107662844248,0.8332591336896635
25593,LOF,0.009776282237361753,0.4778388157269329,0.5123849020357054
25594,LOF,0.037549689854362835,0.09324534966635531,0.869204960479282
25595,LOF,0.06473793592760477,0.07296433802406438,0.8622977260483309
25596,LOF,0.10196344881129114,0.04874429507109071,0.8492922561176183
25597,LOF,0.08449791417116043,0.01738847546324644,0.8981136103655931
25598,LOF,0.051350015647252285,0.08790140913021066,0.860748575222537
25599,LOF,0.008999766766915421,0.4894855635469412,0.5015146696861433
25600,LOF,0.010689385526836459,0.36851474468010004,0.6207958697930634
25601,LOF,0.008060711779417022,0.17697748396371094,0.8149618042568721
25602,LOF,0.021631949249330092,0.07276962322761837,0.9055984275230515
25603,LOF,0.038286135342915945,0.07888513291439714,0.8828287317426868
25604,LOF,0.03755280417865367,0.06809249124177884,0.8943547045795674
25605,LOF,0.012158215411437892,0.21727669457815102,0.770565090010411
25606,GOF,0.06644343777140543,0.5280196482469759,0.4055369139816188
25607,LOF,0.0034744766476054903,0.11429862727680445,0.8822268960755901
25608,LOF,0.05251540905786643,0.02416326358787168,0.9233213273542619
25609,LOF,0.09397559370116251,0.19592218375570392,0.7101022225431336
25610,LOF,0.0437995062182966,0.01800232592522046,0.938198167856483
25611,LOF,0.056571310353681854,0.011324304503260333,0.9321043851430577
25612,LOF,0.12165576098289982,0.026076826360520056,0.8522674126565801
25613,LOF,0.0967139183324975,0.030141899516172976,0.8731441821513295
25614,LOF,0.03888548057587523,0.027963460487435213,0.9331510589366895
25615,LOF,0.07864252898251632,0.030354562328460562,0.8910029086890231
25616,LOF,0.03293867754382008,0.035626882340628725,0.9314344401155513
25617,LOF,0.050010342137842605,0.019901906559784677,0.9300877513023728
25618,LOF,0.23882584528122372,0.03018380318406597,0.7309903515347103
25619,LOF,0.04202998710225704,0.029161771644100644,0.9288082412536424
25620,LOF,0.03583812357473765,0.04269489693500693,0.9214669794902555
25621,LOF,0.04349684523150605,0.01906240163345047,0.9374407531350435
25622,LOF,0.029346250689434018,0.051228697792379374,0.9194250515181865
25623,LOF,0.05137864211665332,0.03404988101550443,0.9145714768678423
25624,LOF,0.03537373973560622,0.035883823853004586,0.9287424364113893
25625,LOF,0.04727990627212732,0.044265407440376145,0.9084546862874965
25626,LOF,0.07557899473835107,0.025397946914812005,0.8990230583468369
25627,Neutral,0.4963881275267647,0.11093077525102245,0.3926810972222128
25628,LOF,0.17796506101397047,0.05384591829669217,0.7681890206893373
25629,LOF,0.052973403653101034,0.08538351980204502,0.8616430765448541
25630,LOF,0.17619666097644696,0.07174342002446743,0.7520599189990856
25631,Neutral,0.5897826786748314,0.06359158206483358,0.34662573926033513
25632,LOF,0.013884668442636987,0.1793118341880009,0.8068034973693621
25633,LOF,0.20732200549802562,0.30148551625287157,0.49119247824910284
25634,LOF,0.03331296995238967,0.23854033492034957,0.7281466951272607
25635,LOF,0.03385174704071605,0.18732972039360146,0.7788185325656825
25636,GOF,0.006092407578660034,0.5460718020052259,0.4478357904161141
25637,LOF,0.004750525790779014,0.3594755093626981,0.6357739648465228
25638,LOF,0.006129143135982618,0.3646947389720734,0.6291761178919439
25639,LOF,0.004874209565168477,0.2950940370830526,0.7000317533517789
25640,GOF,0.32422435114818704,0.6124165029117921,0.06335914594002091
25641,LOF,0.0072561505312561635,0.19950983390412783,0.7932340155646161
25642,LOF,0.22172111745656112,0.07766178596736331,0.7006170965760756
25643,LOF,0.26676154711496797,0.07742499586261105,0.655813457022421
25644,GOF,0.011421638682548202,0.5292249040042653,0.4593534573131866
25645,GOF,0.008226468420902971,0.604687972747556,0.387085558831541
25646,LOF,0.009315984041704589,0.3589810881407028,0.6317029278175926
25647,LOF,0.008375856044449936,0.29210001526145946,0.6995241286940908
25648,LOF,0.005943681950623935,0.34851812677262956,0.6455381912767465
25649,LOF,0.006908084517117897,0.19378762177359674,0.7993042937092854
25650,GOF,0.018990801947035667,0.49909279721698774,0.48191640083597664
25651,LOF,0.005905391536920656,0.22512020706247313,0.7689744014006061
25652,LOF,0.009859705939408424,0.3714157294241477,0.6187245646364439
25653,GOF,0.03623387791147804,0.5188326250833455,0.4449334970051764
25654,LOF,0.0070391874803261735,0.38241602414865516,0.6105447883710187
25655,GOF,0.07127443443504827,0.5259082585952273,0.4028173069697245
25656,LOF,0.08535513396593537,0.0258980172414281,0.8887468487926367
25657,LOF,0.2750778398851175,0.01582186057760305,0.7091002995372794
25658,LOF,0.026966794285632735,0.061011014507625104,0.9120221912067422
25659,LOF,0.2436730030933987,0.07285602515408189,0.6834709717525194
25660,LOF,0.10871917383910357,0.07027411111506875,0.8210067150458277
25661,LOF,0.059329084947536144,0.06336503205846876,0.8773058829939951
25662,LOF,0.04302083858996409,0.05650919528773553,0.9004699661223005
25663,LOF,0.04342444090522731,0.10019552649335671,0.8563800326014159
25664,LOF,0.027187763605593492,0.19587770941056953,0.776934526983837
25665,LOF,0.042183671091465584,0.056453483811401306,0.9013628450971332
25666,LOF,0.03856165826979401,0.17107552668465964,0.7903628150455463
25667,LOF,0.04178620221283629,0.03214109627625793,0.9260727015109058
25668,LOF,0.0440171260290853,0.04693067234789902,0.9090522016230157
25669,LOF,0.03466861774868834,0.07782951326227859,0.8875018689890332
25670,LOF,0.0666984422310549,0.09667741620054955,0.8366241415683956
25671,LOF,0.05376322658438407,0.039492480679931295,0.9067442927356847
25672,LOF,0.048691676209608285,0.05902173253062606,0.8922865912597657
25673,LOF,0.03836681659505057,0.0626713104443674,0.8989618729605819
25674,LOF,0.02652952174463889,0.09517732309048348,0.8782931551648777
25675,LOF,0.03217729697292612,0.042485038199744904,0.9253376648273289
25676,LOF,0.038864640213602426,0.060198660142850295,0.9009366996435473
25677,LOF,0.07180746721668271,0.04437944886836966,0.8838130839149477
25678,LOF,0.16257419222962216,0.059518897553076495,0.7779069102173013
25679,LOF,0.1115658652189713,0.09227301252238791,0.7961611222586408
25680,LOF,0.11164840567773024,0.08236161785038634,0.8059899764718834
25681,LOF,0.11870967124929528,0.0779858967049558,0.803304432045749
25682,LOF,0.04495336655121982,0.04058294241881975,0.9144636910299604
25683,LOF,0.07696345310875659,0.07175460158990361,0.8512819453013399
25684,LOF,0.05968039008301143,0.048972323439237166,0.8913472864777513
25685,LOF,0.11796309361825258,0.0384681939355144,0.843568712446233
25686,LOF,0.03110536001211811,0.07987824740883152,0.8890163925790503
25687,LOF,0.044140771789003615,0.1055541340857208,0.8503050941252757
25688,LOF,0.023775446909975715,0.1284740898056369,0.8477504632843874
25689,LOF,0.013871112992012075,0.07078770470612634,0.9153411823018617
25690,LOF,0.019508776736647814,0.0846597770368221,0.8958314462265301
25691,LOF,0.15395307542713335,0.13147337763660774,0.714573546936259
25692,LOF,0.3355698287401343,0.014245858556548734,0.6501843127033169
25693,GOF,0.02869983062876071,0.48858537629061355,0.48271479308062587
25694,LOF,0.2571813379570772,0.014236276349695166,0.7285823856932276
25695,LOF,0.19210061310087723,0.021127860466968112,0.7867715264321546
25696,LOF,0.08225503358715432,0.018918636083356317,0.8988263303294893
25697,LOF,0.07580768818510085,0.011698093987488915,0.9124942178274102
25698,LOF,0.016702827697129875,0.21419324179733465,0.7691039305055354
25699,LOF,0.08006337700801273,0.32326553413587883,0.5966710888561085
25700,LOF,0.05378424447056557,0.019703436816905603,0.9265123187125289
25701,LOF,0.010571766568474158,0.35333052927277814,0.6360977041587477
25702,GOF,0.036446859749690134,0.5658612682422305,0.39769187200807943
25703,LOF,0.017172809922737137,0.05612422721814568,0.9267029628591171
25704,LOF,0.07087515759492205,0.0450522652689191,0.8840725771361588
25705,LOF,0.09300463436194424,0.16040574481111355,0.7465896208269422
25706,GOF,0.02261615134560419,0.6291290856263512,0.34825476302804453
25707,GOF,0.03069111752567015,0.5237931230909154,0.44551575938341437
25708,GOF,0.009414826071695602,0.585400108778653,0.40518506514965147
25709,LOF,0.05006545859992959,0.060937102559707045,0.8889974388403634
25710,LOF,0.007870803076367474,0.13274607567882565,0.8593831212448069
25711,LOF,0.04882357195427918,0.09628782487209323,0.8548886031736276
25712,LOF,0.009999932275274894,0.1966412519536936,0.7933588157710315
25713,LOF,0.037840668919698284,0.09780859909968868,0.864350731980613
25714,LOF,0.03633506598154774,0.17251125831544695,0.7911536757030052
25715,LOF,0.04590594767058133,0.10411787000130716,0.8499761823281115
25716,LOF,0.0062316719617622595,0.08051611118904857,0.9132522168491892
25717,LOF,0.006705851114983607,0.09389131258237518,0.8994028363026412
25718,LOF,0.03888938102192202,0.07121483867493378,0.8898957803031442
25719,LOF,0.04146234662287575,0.11190783250290455,0.8466298208742197
25720,LOF,0.03756975383496839,0.10778551967589144,0.8546447264891402
25721,LOF,0.03805229645285614,0.11124682933805495,0.8507008742090889
25722,LOF,0.0313497676047169,0.12990167239915368,0.8387485599961294
25723,LOF,0.05145994069268451,0.10762101746050921,0.8409190418468063
25724,LOF,0.06604831960458507,0.2695624885878752,0.6643891918075397
25725,LOF,0.05808008111294061,0.08964753706735837,0.852272381819701
25726,LOF,0.0381391722626,0.09930623526721988,0.8625545924701802
25727,LOF,0.04895924414589552,0.07935432314101798,0.8716864327130865
25728,LOF,0.044928287661101476,0.11552316688521352,0.839548545453685
25729,LOF,0.05104489504102256,0.1146631096569615,0.8342919953020159
25730,LOF,0.05715501549372013,0.08176948855063661,0.8610754959556433
25731,LOF,0.008622053072441056,0.08795257494075732,0.9034253719868017
25732,LOF,0.030870024755072317,0.05139204644195108,0.9177379288029767
25733,LOF,0.03963676498510976,0.08037538105965449,0.8799878539552358
25734,LOF,0.00612631706719469,0.28086980480818485,0.7130038781246204
25735,LOF,0.03492894357573361,0.08053926303198984,0.8845317933922765
25736,LOF,0.032830642305830056,0.14708742790130666,0.8200819297928633
25737,LOF,0.061744005924087526,0.08381402415537759,0.8544419699205348
25738,LOF,0.045903036698464496,0.16405309307029292,0.7900438702312426
25739,LOF,0.03464145596000034,0.1327705650207838,0.8325879790192159
25740,LOF,0.06854328112030222,0.10643441481913016,0.8250223040605676
25741,LOF,0.059979684024452355,0.09960885421412848,0.8404114617614191
25742,LOF,0.06397462873311355,0.10808068800302467,0.8279446832638617
25743,LOF,0.012177513144405934,0.016234348047316275,0.9715881388082778
25744,LOF,0.15207576608955367,0.14747633144312194,0.7004479024673244
25745,LOF,0.029761696811951517,0.06317598879779082,0.9070623143902578
25746,LOF,0.013961748043541587,0.09107595821527491,0.8949622937411834
25747,LOF,0.053141383889573277,0.02775385040924866,0.919104765701178
25748,LOF,0.30846922466956267,0.07739870310426705,0.6141320722261703
25749,LOF,0.018971893865738637,0.0594689147950087,0.9215591913392526
25750,LOF,0.018754193082688313,0.07296749117647632,0.9082783157408355
25751,LOF,0.041313366637066244,0.06882494732243814,0.8898616860404956
25752,GOF,0.10284213085135041,0.5357998143339264,0.3613580548147232
25753,LOF,0.007475898897364861,0.3268622853439079,0.6656618157587273
25754,GOF,0.00966621478782576,0.894262044021161,0.09607174119101312
25755,LOF,0.008103329854065628,0.34104452378951533,0.650852146356419
25756,LOF,0.02394599186707254,0.3932851311144298,0.5827688770184977
25757,GOF,0.009146597268423214,0.8475703266760554,0.1432830760555214
25758,GOF,0.010413557194566665,0.8773569656142366,0.11222947719119672
25759,GOF,0.007427485549971243,0.6678884915209182,0.32468402292911047
25760,LOF,0.006973238821643269,0.25092722078857704,0.7420995403897798
25761,GOF,0.05333834274602675,0.8761978753980679,0.07046378185590528
25762,LOF,0.024037105991341363,0.3608244357185054,0.6151384582901531
25763,LOF,0.006665433806062404,0.24330179765256044,0.7500327685413772
25764,GOF,0.07659977794637707,0.6416604344915626,0.28173978756206025
25765,GOF,0.010244812949862531,0.9067396130801527,0.08301557396998482
25766,GOF,0.031840217719186034,0.8375343666105107,0.13062541567030334
25767,GOF,0.011614754966678421,0.5472359467319197,0.44114929830140187
25768,LOF,0.05379072429214725,0.06561907796197752,0.8805901977458753
25769,LOF,0.034027028594500824,0.10074689555887552,0.8652260758466237
25770,LOF,0.15637471486722682,0.1548371088179236,0.6887881763148496
25771,LOF,0.023520224822095592,0.07975012712526076,0.8967296480526435
25772,LOF,0.05275657592847304,0.054034625046192816,0.8932087990253341
25773,LOF,0.019469502499372664,0.12385938036779695,0.8566711171328303
25774,LOF,0.02589988559669015,0.2525665008544777,0.721533613548832
25775,LOF,0.02384850308546582,0.0505602221157947,0.9255912747987395
25776,LOF,0.042499925158366224,0.035729913374737764,0.9217701614668959
25777,LOF,0.21569859684965453,0.16708133919580975,0.6172200639545358
25778,LOF,0.032077271924940545,0.0869463570342523,0.8809763710408071
25779,GOF,0.05824204891352167,0.7795283216644622,0.162229629422016
25780,GOF,0.07070778993380075,0.8026062699288891,0.12668594013731033
25781,GOF,0.03061029329258996,0.762548127164203,0.2068415795432072
25782,GOF,0.031147350313690782,0.8393902178558086,0.12946243183050063
25783,GOF,0.0706746598611492,0.820245600062957,0.1090797400758937
25784,GOF,0.10619899714036365,0.7984578773335721,0.09534312552606417
25785,GOF,0.16996624294298338,0.7540034881381141,0.07603026891890256
25786,GOF,0.015248771197812278,0.6550086569622187,0.329742571839969
25787,GOF,0.3393651412872502,0.5753415786243457,0.08529328008840414
25788,LOF,0.02341794706464188,0.07105765828623042,0.9055243946491277
25789,GOF,0.01807941126367597,0.7649091130765884,0.21701147565973555
25790,GOF,0.03164922430782202,0.7281617747060577,0.24018900098612025
25791,GOF,0.03245604795541227,0.5188506514358899,0.4486933006086977
25792,GOF,0.039446957017623234,0.6223178825710206,0.33823516041135626
25793,GOF,0.05765745578912893,0.6677314744042419,0.2746110698066293
25794,GOF,0.060075539975756716,0.4891262543472037,0.4507982056770396
25795,GOF,0.06026373415892804,0.5350520191621689,0.40468424667890307
25796,GOF,0.17992718216296696,0.5855997006362254,0.2344731172008076
25797,GOF,0.08163865398649134,0.5100078602139502,0.40835348579955844
25798,GOF,0.007684396947133508,0.7511540588461771,0.2411615442066894
25799,GOF,0.005367401380562782,0.638598480155589,0.35603411846384836
25800,GOF,0.025132389998919362,0.8137151571376505,0.16115245286343
25801,GOF,0.025663661192324126,0.7807866865996537,0.1935496522080223
25802,GOF,0.029000622672382147,0.7027161929188097,0.2682831844088081
25803,GOF,0.02461120406401382,0.6135705538373359,0.3618182420986503
25804,GOF,0.04236253894144218,0.5975201878554527,0.36011727320310516
25805,GOF,0.028928064093638708,0.6789056058465521,0.29216633005980924
25806,GOF,0.03863980636674554,0.6924059909982863,0.26895420263496816
25807,GOF,0.017145217153763586,0.560111890466428,0.4227428923798085
25808,GOF,0.031188309654762766,0.6966847177393303,0.272126972605907
25809,GOF,0.015368749440763989,0.5954505836668317,0.3891806668924043
25810,GOF,0.013242011552544381,0.5983720397601373,0.3883859486873183
25811,GOF,0.08166519902452488,0.784124285737368,0.13421051523810706
25812,GOF,0.048062951660069284,0.5863080195741946,0.36562902876573616
25813,GOF,0.24025181768501797,0.5919428203638533,0.16780536195112886
25814,GOF,0.04141418815067752,0.633933446292829,0.3246523655564934
25815,GOF,0.06515717128974366,0.7103210840539309,0.2245217446563253
25816,GOF,0.010197480161661155,0.7584645949127409,0.231337924925598
25817,GOF,0.121012767888077,0.6172781758954288,0.26170905621649415
25818,GOF,0.028148541305828775,0.742620232034567,0.22923122665960424
25819,GOF,0.054131948714441,0.6651338020371997,0.2807342492483593
25820,GOF,0.05982772753755847,0.57961401964431,0.3605582528181315
25821,GOF,0.041953699084093236,0.6327618986188548,0.3252844022970521
25822,GOF,0.07917479976143592,0.609147263974433,0.31167793626413115
25823,GOF,0.03842307627006853,0.5920664733235175,0.36951045040641406
25824,GOF,0.03184106101582677,0.7007255896657036,0.2674333493184696
25825,GOF,0.02178430298562278,0.7029574314092191,0.27525826560515815
25826,GOF,0.010982638868428181,0.5979300172537514,0.3910873438778204
25827,GOF,0.01865681498142853,0.6299793326073524,0.3513638524112189
25828,GOF,0.012046139217159305,0.6524944867886758,0.33545937399416476
25829,LOF,0.004758856081891373,0.48749539577042794,0.5077457481476807
25830,LOF,0.07731639500740535,0.278020738879624,0.6446628661129707
25831,GOF,0.07828435640299028,0.7668462090292679,0.15486943456774177
25832,GOF,0.010050230855209539,0.7031455453735944,0.28680422377119613
25833,GOF,0.032082584349050855,0.8017838767173346,0.1661335389336145
25834,GOF,0.010514578139016904,0.7307511456677265,0.2587342761932567
25835,GOF,0.030164624508264553,0.8303344911480667,0.1395008843436688
25836,GOF,0.008434328120583595,0.7441477029732991,0.24741796890611717
25837,GOF,0.0131487756276841,0.7119120566827221,0.2749391676895938
25838,GOF,0.02476060684795433,0.7934666187728242,0.1817727743792215
25839,GOF,0.07484206725153748,0.7225166826199986,0.2026412501284641
25840,GOF,0.10151092976911277,0.692512298667838,0.20597677156304914
25841,GOF,0.08491044278125984,0.7572326501248425,0.15785690709389769
25842,GOF,0.027839158791204285,0.8335350698816578,0.13862577132713802
25843,GOF,0.0265324284586462,0.8436852301317749,0.12978234140957898
25844,GOF,0.022982089982648946,0.7731749591648404,0.20384295085251072
25845,GOF,0.008789195125773213,0.6170144719270114,0.3741963329472153
25846,GOF,0.07513966529244274,0.809324022987969,0.11553631171958818
25847,GOF,0.020017272548077933,0.8238828883069624,0.1560998391449597
25848,GOF,0.021977121593062424,0.7843014789829644,0.19372139942397312
25849,GOF,0.008137956772018312,0.7412811148446112,0.25058092838337037
25850,GOF,0.008518230566498905,0.5892986307595353,0.4021831386739658
25851,GOF,0.007698387916212708,0.5274495730588655,0.4648520390249217
25852,GOF,0.18285294926594256,0.4124314099040187,0.4047156408300388
25853,GOF,0.06312888111541674,0.6324340126397823,0.304437106244801
25854,GOF,0.00803137342747309,0.604455673766926,0.3875129528056009
25855,GOF,0.026744959273082757,0.5260831378805266,0.4471719028463906
25856,GOF,0.0560422137770164,0.6787822414407113,0.26517554478227223
25857,GOF,0.026757692016959902,0.5126705771778071,0.460571730805233
25858,GOF,0.008913379699253272,0.4997184682577988,0.49136815204294787
25859,LOF,0.006510736154854328,0.47851030326376126,0.5149789605813844
25860,GOF,0.08631354082287294,0.5790337826694103,0.33465267650771674
25861,GOF,0.10852708187130715,0.7522532615323964,0.13921965659629665
25862,GOF,0.021665248474298203,0.8594114774516731,0.11892327407402868
25863,GOF,0.019874589283690278,0.8252173451601519,0.15490806555615785
25864,GOF,0.03226493061373143,0.8609120002235725,0.10682306916269604
25865,GOF,0.03786708435158379,0.8295846878643988,0.13254822778401748
25866,GOF,0.020380210883029656,0.8147508829337728,0.16486890618319744
25867,GOF,0.048537679099925554,0.8258069788114112,0.12565534208866325
25868,GOF,0.07330970918946451,0.6809355416123796,0.2457547491981559
25869,GOF,0.32879514676902705,0.4935290439487414,0.17767580928223134
25870,LOF,0.08242097702779742,0.32859436125452823,0.5889846617176744
25871,GOF,0.011161994317743663,0.581864789729764,0.4069732159524925
25872,GOF,0.027161358720504892,0.6364049981501947,0.3364336431293003
25873,GOF,0.022271217777025724,0.7069058270560632,0.2708229551669111
25874,LOF,0.03195104898617419,0.07317236682987345,0.8948765841839523
25875,LOF,0.024063976114662333,0.16269356337230914,0.8132424605130285
25876,LOF,0.021824407695166345,0.07793987962549932,0.9002357126793344
25877,LOF,0.07798738527669917,0.3228723522162965,0.5991402625070043
25878,LOF,0.05267952879682743,0.3930515428077819,0.5542689283953907
25879,LOF,0.010256098377386391,0.19808539057630012,0.7916585110463135
25880,LOF,0.04491630334450266,0.02308128253853914,0.9320024141169582
25881,Neutral,0.4895709578520184,0.24006631941507958,0.27036272273290207
25882,LOF,0.03383093063816258,0.10405525196148918,0.8621138174003482
25883,LOF,0.024895121158908202,0.12367819568787608,0.8514266831532158
25884,LOF,0.0127353739531463,0.10996556242222078,0.877299063624633
25885,LOF,0.1290841616711286,0.02812553319744958,0.8427903051314218
25886,LOF,0.18965377307576883,0.23071841917180552,0.5796278077524256
25887,LOF,0.049076602301832806,0.4555887349114406,0.4953346627867265
25888,LOF,0.005269777588638293,0.39630417779533167,0.5984260446160301
25889,LOF,0.02209610109896887,0.08744570885916271,0.8904581900418684
25890,LOF,0.19644169934796424,0.2759033058851,0.5276549947669358
25891,LOF,0.10900550733330669,0.08567809385372839,0.8053163988129649
25892,LOF,0.006615844126864895,0.041281745888350506,0.9521024099847846
25893,LOF,0.2500573912147637,0.015569656996005763,0.7343729517892305
25894,LOF,0.3064255883523962,0.00923692795292121,0.6843374836946826
25895,LOF,0.2646697964737385,0.012541197098287667,0.7227890064279737
25896,LOF,0.05834325687577323,0.04343807498135546,0.8982186681428712
25897,LOF,0.0965226659816203,0.01891436699589783,0.8845629670224818
25898,LOF,0.09432921368079432,0.04211285425648385,0.8635579320627219
25899,LOF,0.38817889453535437,0.04823031474748024,0.5635907907171653
25900,Neutral,0.7393023503603526,0.0214659116264318,0.2392317380132156
25901,LOF,0.058620685573091046,0.014334220465313404,0.9270450939615956
25902,LOF,0.07063402377429823,0.009448608835359777,0.919917367390342
25903,LOF,0.1498250800410491,0.04201272276846285,0.8081621971904881
25904,Neutral,0.4479840234123139,0.10553310255715481,0.4464828740305313
25905,LOF,0.01288065895583512,0.24537158210342444,0.7417477589407404
25906,LOF,0.009985847946979392,0.0170006656395878,0.9730134864134329
25907,LOF,0.008548099456479276,0.12286251384101896,0.8685893867025017
25908,LOF,0.00978251288240066,0.12953920918396472,0.8606782779336346
25909,LOF,0.05040427589868006,0.04723636062422544,0.9023593634770944
25910,LOF,0.014042407552697507,0.1042257408283189,0.8817318516189837
25911,LOF,0.2311922771698741,0.07602962539978007,0.6927780974303458
25912,LOF,0.1467954889761124,0.026715563598136892,0.8264889474257507
25913,LOF,0.015208575341073515,0.08481434006970984,0.8999770845892167
25914,LOF,0.04688559298778554,0.03567725576912227,0.9174371512430922
25915,GOF,0.20005126393520303,0.43014216703013464,0.36980656903466236
25916,LOF,0.017421743267828,0.20860164660140876,0.7739766101307632
25917,LOF,0.07664803038972703,0.036176334156474275,0.8871756354537986
25918,LOF,0.0492995576500767,0.021958598975465014,0.9287418433744584
25919,LOF,0.045514851641444566,0.019531993630651855,0.9349531547279035
25920,LOF,0.3034476152447422,0.3095043534198328,0.3870480313354251
25921,LOF,0.02261611841485638,0.028854045564530962,0.9485298360206127
25922,LOF,0.02025736445628893,0.02550220349032347,0.9542404320533876
25923,LOF,0.4664009345643827,0.01867368939411097,0.5149253760415063
25924,LOF,0.027565554916935617,0.026505727382083552,0.9459287177009807
25925,LOF,0.12122262472380653,0.032946582692985886,0.8458307925832076
25926,LOF,0.10125245653335271,0.034408210582362465,0.8643393328842848
25927,LOF,0.023230601725877285,0.057231315616045886,0.9195380826580768
25928,LOF,0.014977245457221702,0.016777136150292304,0.9682456183924861
25929,Neutral,0.5912672342830392,0.018498844098163613,0.3902339216187973
25930,LOF,0.06264516959028002,0.020878150091656528,0.9164766803180635
25931,LOF,0.015360712264409375,0.021348390573544745,0.963290897162046
25932,LOF,0.09042549520851224,0.012586676978009562,0.8969878278134782
25933,LOF,0.08864601497174887,0.008666299488282833,0.9026876855399683
25934,LOF,0.08153243598820968,0.010230930470446282,0.908236633541344
25935,LOF,0.11695037152045605,0.032586826415886776,0.8504628020636571
25936,LOF,0.08842588321050264,0.008809644682437523,0.9027644721070598
25937,LOF,0.01683235445043002,0.020264772229640654,0.9629028733199293
25938,LOF,0.11935565274234346,0.03048391740148216,0.8501604298561745
25939,LOF,0.06066710755074176,0.010861972935394816,0.9284709195138633
25940,LOF,0.008475043371758278,0.3582489845741459,0.6332759720540959
25941,Neutral,0.5180231225324632,0.17238046521770592,0.30959641224983087
25942,LOF,0.008528885768793461,0.22277961785481193,0.7686914963763946
25943,GOF,0.02502401410243169,0.6701988749415487,0.30477711095601956
25944,GOF,0.024441353272078074,0.506115883018318,0.469442763709604
25945,LOF,0.10932445421063575,0.15591509249220215,0.7347604532971621
25946,LOF,0.09163907918967576,0.06973966551175916,0.8386212552985651
25947,Neutral,0.5021096390276891,0.11698086219857022,0.3809094987737407
25948,LOF,0.48502640226789956,0.012279414631324809,0.5026941831007756
25949,LOF,0.11081345244108544,0.027620761553251584,0.861565786005663
25950,GOF,0.041041222304347445,0.8160063031880074,0.14295247450764512
25951,GOF,0.01796426239957258,0.5890356645297237,0.3930000730707038
25952,LOF,0.10503773650225351,0.4095160543586942,0.48544620913905234
25953,GOF,0.0075250379993480635,0.5295462570479845,0.46292870495266747
25954,GOF,0.03386160666066417,0.6207639586042568,0.345374434735079
25955,GOF,0.006749617606955783,0.5517471412046943,0.44150324118835005
25956,LOF,0.009946773227048957,0.39522023814133306,0.5948329886316179
25957,LOF,0.25023431163888776,0.03136846647967993,0.7183972218814323
25958,LOF,0.027024760538802498,0.08999784095632847,0.882977398504869
25959,GOF,0.006339776457467858,0.6697429668655709,0.32391725667696136
25960,LOF,0.0047496058526202535,0.15842761758061083,0.8368227765667688
25961,LOF,0.027841839143159443,0.09253529452972079,0.8796228663271198
25962,LOF,0.04695433126241985,0.0639394176437024,0.8891062510938779
25963,LOF,0.00959573110094468,0.19199951607726187,0.7984047528217935
25964,LOF,0.04877769792881027,0.14273562935527115,0.8084866727159186
25965,LOF,0.14580117811518334,0.2102862619546046,0.643912559930212
25966,LOF,0.3395222173003334,0.32018987253547543,0.3402879101641912
25967,LOF,0.0073594156716878575,0.07417468149274604,0.9184659028355661
25968,LOF,0.07158633060055708,0.3134865363487863,0.6149271330506566
25969,LOF,0.14705602987559124,0.06222230918390784,0.7907216609405009
25970,LOF,0.03642839264469226,0.2569891295262562,0.7065824778290516
25971,LOF,0.06925153098926891,0.08476049371609201,0.8459879752946391
25972,LOF,0.06714307574456219,0.11755509820033073,0.815301826055107
25973,LOF,0.09320338610556889,0.007047602118366413,0.8997490117760648
25974,LOF,0.09255666695934765,0.05267848479858636,0.854764848242066
25975,LOF,0.04157478666819941,0.009949818231970439,0.9484753950998301
25976,LOF,0.09807042520641283,0.007056102183974062,0.8948734726096131
25977,LOF,0.21129408690677745,0.11927047902910785,0.6694354340641147
25978,LOF,0.1593695958599735,0.10948658395587044,0.731143820184156
25979,LOF,0.12584710732334461,0.11296430245594818,0.7611885902207072
25980,LOF,0.19664171754410542,0.23262681004180963,0.570731472414085
25981,LOF,0.20024306469073777,0.24028926051458846,0.5594676747946739
25982,LOF,0.2787330797305259,0.10579263789170243,0.6154742823777716
25983,Neutral,0.4721202714836231,0.11168655564286402,0.4161931728735129
25984,LOF,0.035332491670938986,0.1839956048848625,0.7806719034441985
25985,Neutral,0.4130303440295365,0.18248839386236942,0.4044812621080941
25986,GOF,0.009367636744333748,0.5214373427848394,0.4691950204708268
25987,LOF,0.02046817342485205,0.11432565592473527,0.8652061706504126
25988,LOF,0.0285998097829903,0.3076411339857388,0.663759056231271
25989,LOF,0.030868459631616597,0.2579295563142869,0.7112019840540964
25990,LOF,0.03706808277544626,0.33634499811195,0.6265869191126038
25991,GOF,0.03569405036318176,0.6005686759879295,0.36373727364888875
25992,LOF,0.010827086479324658,0.3700276702523865,0.6191452432682889
25993,LOF,0.029771685496858165,0.06389132320098796,0.906336991302154
25994,LOF,0.03351118738450356,0.08097403121846414,0.8855147813970323
25995,LOF,0.020157436889847512,0.14485383846800368,0.8349887246421488
25996,GOF,0.27935207105546567,0.564261018356523,0.15638691058801138
25997,GOF,0.05658193425889291,0.6815471129962245,0.26187095274488253
25998,LOF,0.26045353691281753,0.041821224130730965,0.6977252389564516
25999,GOF,0.02810788793929844,0.4899052684297927,0.4819868436309089
26000,LOF,0.11414235522532074,0.01811991895311461,0.8677377258215646
26001,LOF,0.11753326375674773,0.028271845115427966,0.8541948911278243
26002,LOF,0.07279572712899221,0.01898401924292474,0.9082202536280831
26003,GOF,0.008435410333279195,0.5177474472822577,0.47381714238446315
26004,LOF,0.02177221473889564,0.48365110222625685,0.49457668303484753
26005,LOF,0.006985879057765937,0.4466708556543273,0.5463432652879068
26006,GOF,0.15347751703375764,0.4562580430091949,0.39026443995704735
26007,LOF,0.011849968187653867,0.48333835110981876,0.5048116807025275
26008,LOF,0.00826350533282679,0.4722117110040019,0.5195247836631715
26009,GOF,0.018374984684170516,0.5495265481060945,0.432098467209735
26010,GOF,0.012005556107484308,0.5382006621270652,0.44979378176545043
26011,LOF,0.007722914384149769,0.40201300374900695,0.5902640818668432
26012,LOF,0.007478697830893421,0.4059207165436865,0.5866005856254201
26013,LOF,0.0143083214063695,0.41895986890210835,0.5667318096915221
26014,LOF,0.052877454508460306,0.07681608382718333,0.8703064616643563
26015,LOF,0.45602496222459,0.053681411156651884,0.490293626618758
26016,LOF,0.24731108412395478,0.16107093439524522,0.5916179814807999
26017,LOF,0.01586855912532785,0.4592945980863767,0.5248368427882955
26018,LOF,0.021958166322054003,0.167695167457817,0.810346666220129
26019,LOF,0.02183319623966503,0.1296186483506682,0.8485481554096668
26020,LOF,0.006370419394612379,0.37094185848055394,0.6226877221248336
26021,LOF,0.07646925450967612,0.2830092050593611,0.6405215404309628
26022,LOF,0.04928975574147455,0.06331637441480398,0.8873938698437215
26023,LOF,0.03289533834019565,0.10619683961366505,0.8609078220461394
26024,LOF,0.043995958489600834,0.17838209118887427,0.7776219503215249
26025,LOF,0.11356791937856972,0.20198782494521697,0.6844442556762134
26026,LOF,0.11583422231996576,0.1567862549529163,0.727379522727118
26027,LOF,0.032234576650531595,0.06729080590518288,0.9004746174442855
26028,LOF,0.06277508192789309,0.17764427513301742,0.7595806429390894
26029,LOF,0.04092731137834993,0.1066808859504182,0.8523918026712318
26030,LOF,0.17426462285570232,0.008508132625847495,0.8172272445184502
26031,LOF,0.022283430376695418,0.12675466403174346,0.8509619055915613
26032,LOF,0.02981463136702946,0.020822002965610237,0.9493633656673602
26033,LOF,0.04724310852697667,0.03629444370151746,0.916462447771506
26034,LOF,0.029788285708042636,0.08054143553556667,0.8896702787563907
26035,LOF,0.016995675825520244,0.09213035207803758,0.890873972096442
26036,LOF,0.015713703010170877,0.07645149479888977,0.9078348021909393
26037,LOF,0.014705061105598168,0.07154386227306822,0.9137510766213337
26038,LOF,0.024512605447860505,0.020357439925294697,0.9551299546268449
26039,LOF,0.03513829199561652,0.11109971861740003,0.8537619893869836
26040,LOF,0.07232191382453287,0.13553021545638103,0.7921478707190861
26041,LOF,0.018565660622101528,0.09056850703669525,0.8908658323412032
26042,LOF,0.017675027790807162,0.09245362535919624,0.8898713468499965
26043,LOF,0.02418991031010214,0.0509024652789524,0.9249076244109455
26044,LOF,0.009087084508907101,0.047042442315423864,0.943870473175669
26045,LOF,0.0859751576319045,0.20252068473668208,0.7115041576314135
26046,LOF,0.023461766967880295,0.05537206172660501,0.9211661713055147
26047,LOF,0.06188807924901319,0.03824767853556794,0.8998642422154189
26048,LOF,0.07736477721021558,0.02904191019893878,0.8935933125908456
26049,Neutral,0.9145223394882268,0.00617807472172476,0.07929958579004844
26050,Neutral,0.8466001633826008,0.007810832043989557,0.14558900457340973
26051,LOF,0.027267419818236886,0.4663511737636848,0.5063814064180783
26052,LOF,0.026472260407579103,0.3386785837851714,0.6348491558072495
26053,LOF,0.042869213298049554,0.05960682181576863,0.8975239648861818
26054,LOF,0.056799756383824195,0.06816747952083205,0.8750327640953437
26055,LOF,0.0635763270425845,0.06971065754531783,0.8667130154120977
26056,LOF,0.059918439557888226,0.07458267625014196,0.8654988841919699
26057,LOF,0.053145553832858176,0.02309011350934961,0.9237643326577923
26058,LOF,0.06026846915904358,0.018469421591215122,0.9212621092497414
26059,LOF,0.27804656982976,0.12242057297961766,0.5995328571906223
26060,LOF,0.014752830756859925,0.3161261737441953,0.6691209954989447
26061,LOF,0.012844627926946956,0.014297948201291408,0.9728574238717616
26062,LOF,0.005820336221096693,0.03454999050540005,0.9596296732735032
26063,LOF,0.04941826298341822,0.019634501286949952,0.9309472357296319
26064,LOF,0.009115326633434614,0.017468637424533678,0.9734160359420317
26065,LOF,0.04393179141363357,0.027504302732953182,0.9285639058534132
26066,LOF,0.044868425338356645,0.01857489279180448,0.9365566818698389
26067,LOF,0.05405429297556446,0.021406658408928733,0.9245390486155067
26068,LOF,0.05160367179181822,0.06097633211916309,0.8874199960890188
26069,LOF,0.18445269812864168,0.03813098188497206,0.7774163199863862
26070,LOF,0.4156325661891493,0.022622571118356204,0.5617448626924946
26071,LOF,0.04623805019039833,0.021197736043376613,0.9325642137662251
26072,LOF,0.009149088045876833,0.02163762835048242,0.9692132836036408
26073,LOF,0.050337135683658746,0.016105627526350492,0.9335572367899908
26074,Neutral,0.7460566032032715,0.01830342365537655,0.23563997314135196
26075,LOF,0.042765788400671405,0.03244712084433632,0.9247870907549922
26076,LOF,0.05863024660798184,0.032457296365706,0.9089124570263123
26077,LOF,0.1672306341424906,0.02435966486113751,0.8084097009963719
26078,LOF,0.0068517099005192955,0.026507304269396847,0.9666409858300838
26079,LOF,0.06099178692366117,0.035910400031314155,0.9030978130450247
26080,LOF,0.060063675837083,0.03581057225777666,0.9041257519051403
26081,LOF,0.04954628084904236,0.020020186610583524,0.9304335325403741
26082,LOF,0.0075666975502669195,0.03385677032697347,0.9585765321227596
26083,LOF,0.04519705184566206,0.05022783928092437,0.9045751088734135
26084,LOF,0.05532874390450559,0.029182201960806592,0.9154890541346877
26085,LOF,0.05004333339437173,0.02438799802728779,0.9255686685783404
26086,LOF,0.03590351652700806,0.028272304703679883,0.9358241787693121
26087,LOF,0.04307154021541602,0.02987922103321747,0.9270492387513666
26088,LOF,0.007802412851033962,0.060567268866619346,0.9316303182823468
26089,LOF,0.03714673817667729,0.06639688498553452,0.8964563768377882
26090,LOF,0.03716256280638547,0.051865637497663875,0.9109717996959507
26091,LOF,0.04778285060285244,0.024124479367787766,0.9280926700293599
26092,LOF,0.05545098085975336,0.01903732998529287,0.9255116891549536
26093,LOF,0.06718449395988975,0.013737179746675245,0.919078326293435
26094,LOF,0.04188974730891175,0.020611062305884713,0.9374991903852035
26095,LOF,0.012939306695217622,0.034200377919123365,0.9528603153856591
26096,LOF,0.2999606044369921,0.005243625748099369,0.6947957698149085
26097,LOF,0.007389864692628992,0.05042218727658648,0.9421879480307844
26098,LOF,0.06223773860956183,0.03414102530039379,0.9036212360900444
26099,LOF,0.042548399259624586,0.07357830149141754,0.8838732992489579
26100,LOF,0.042548399259624586,0.07357830149141754,0.8838732992489579
26101,LOF,0.03400492246229922,0.07114799289877684,0.8948470846389238
26102,LOF,0.04723252381328807,0.028800520392255884,0.9239669557944561
26103,Neutral,0.8597602853666908,0.04853641662071883,0.09170329801259032
26104,LOF,0.050506294382365924,0.11641227919376332,0.8330814264238707
26105,LOF,0.2635691061584973,0.2265564548393828,0.5098744390021199
26106,LOF,0.3115646772723346,0.14651352498793188,0.5419217977397336
26107,LOF,0.010157883750779717,0.14531764888233184,0.8445244673668885
26108,LOF,0.1381968356561788,0.18098745373591876,0.6808157106079025
26109,LOF,0.04923382975964753,0.04063152151426181,0.9101346487260907
26110,Neutral,0.5284122203885402,0.026468564357861463,0.4451192152535984
26111,LOF,0.06887815986032715,0.19815948525058416,0.7329623548890888
26112,LOF,0.05986443140070145,0.031234179886724535,0.908901388712574
26113,LOF,0.06652497941156527,0.05784346304660196,0.8756315575418329
26114,LOF,0.09095549706509048,0.03767571572058194,0.8713687872143276
26115,LOF,0.015202112293440548,0.2734233729571864,0.7113745147493731
26116,LOF,0.0579996953742344,0.07304989281065934,0.8689504118151062
26117,LOF,0.26715279005638054,0.06530727291708031,0.6675399370265391
26118,LOF,0.04291106304285365,0.02090836571154173,0.9361805712456047
26119,LOF,0.005823799932792377,0.10038763821473543,0.8937885618524722
26120,LOF,0.03361124774763487,0.026528395144307132,0.939860357108058
26121,LOF,0.004704322577524723,0.10717592521362887,0.8881197522088463
