feature0,prediction,LoGoFunc_Neutral,LoGoFunc_GOF,LoGoFunc_LOF
25546,Neutral,0.6639680656903237,0.06573890918507849,0.2702930251245978
25547,LOF,0.3252896749194501,0.2781063751199181,0.39660394996063186
25548,LOF,0.27872193625724706,0.1561258829065236,0.5651521808362294
25549,LOF,0.1959345158153893,0.1875779862020947,0.616487497982516
25550,Neutral,0.6098728570798073,0.06921755429472369,0.3209095886254689
25551,Neutral,0.47021680353144546,0.0652539263423796,0.4645292701261748
25552,LOF,0.1102071810200666,0.1389892240216456,0.7508035949582879
25553,Neutral,0.465492114058914,0.06917720501058436,0.4653306809305017
25554,LOF,0.14575361513994062,0.226128265236947,0.6281181196231124
25555,LOF,0.10966975854760559,0.12893798173516696,0.7613922597172275
25556,LOF,0.17355664824076977,0.1783501256046166,0.6480932261546137
25557,LOF,0.09584868066326196,0.13449112451723605,0.769660194819502
25558,LOF,0.17126084667910788,0.1757991489173728,0.6529400044035194
25559,Neutral,0.5489282934790864,0.14881870589977222,0.3022530006211414
25560,LOF,0.07267222859667438,0.14326578396879325,0.7840619874345325
25561,LOF,0.15000404978536072,0.18630473442953688,0.6636912157851024
25562,LOF,0.30903947590377956,0.0362772788953815,0.654683245200839
25563,Neutral,0.5672012469812199,0.05628776888694123,0.37651098413183887
25564,LOF,0.05828997590569958,0.07748570440436368,0.8642243196899368
25565,LOF,0.13770245902557415,0.2388348239325696,0.6234627170418563
25566,GOF,0.03598052955282385,0.5257655381665409,0.43825393228063536
25567,LOF,0.3374485819042096,0.08664476011119768,0.5759066579845927
25568,Neutral,0.7034061269718063,0.07217372529885162,0.2244201477293421
25569,Neutral,0.6868113428471715,0.05283373356858611,0.26035492358424234
25570,LOF,0.0778952489612459,0.207711925451173,0.7143928255875811
25571,LOF,0.08162493041954481,0.1942168211994577,0.7241582483809975
25572,Neutral,0.44737759484577244,0.20730005234332355,0.345322352810904
25573,LOF,0.41036422944191664,0.08724566351179086,0.5023901070462925
25574,LOF,0.10344444407475392,0.43851258838401047,0.4580429675412356
25575,LOF,0.09621268038208668,0.05727623134134589,0.8465110882765674
25576,LOF,0.3707673888151465,0.037573422993923654,0.5916591881909299
25577,LOF,0.44471713050777717,0.10038947313522997,0.4548933963569928
25578,Neutral,0.44336629010291945,0.20010116945758827,0.35653254043949223
25579,Neutral,0.44336629010291945,0.20010116945758827,0.35653254043949223
25580,LOF,0.04830354903838988,0.06418395240808425,0.8875124985535259
25581,Neutral,0.7114803178305494,0.05491114332346401,0.2336085388459865
25582,Neutral,0.7114803178305494,0.05491114332346401,0.2336085388459865
25583,LOF,0.05942402093744678,0.06779240589373811,0.872783573168815
25584,Neutral,0.362060675292997,0.3123584684004663,0.32558085630653655
25585,LOF,0.3613031275262866,0.05873418365924028,0.579962688814473
25586,LOF,0.06738479323165598,0.10902008417845584,0.8235951225898882
25587,LOF,0.05135644329933445,0.1385973528300191,0.8100462038706464
25588,LOF,0.06244122615170248,0.13528683400799946,0.802271939840298
25589,Neutral,0.6841776694842255,0.1630189058262574,0.15280342468951716
25590,LOF,0.24010057469544127,0.16802528626697577,0.591874139037583
25591,Neutral,0.6835681519865087,0.07525194429116606,0.24117990372232542
25592,LOF,0.0445472970179766,0.1110586079657276,0.8443940950162957
25593,GOF,0.031044713707224326,0.7372287299932384,0.23172655629953712
25594,Neutral,0.7098513401888518,0.04618137865185257,0.24396728115929575
25595,Neutral,0.6890578960950776,0.059401248235473915,0.25154085566944856
25596,Neutral,0.606382640585648,0.05524927664931806,0.33836808276503394
25597,LOF,0.4263118889283712,0.046568585946606525,0.5271195251250224
25598,Neutral,0.7451149054575408,0.04600620446200977,0.20887889008044935
25599,GOF,0.059824658759188874,0.6506174827466359,0.28955785849417526
25600,GOF,0.04960559708620726,0.510737220976541,0.43965718193725184
25601,GOF,0.03434363980441589,0.4997555095171258,0.4659008506784584
25602,LOF,0.4198237278204168,0.1323415780950171,0.44783469408456594
25603,LOF,0.07074916953230963,0.2567685424233675,0.6724822880443229
25604,Neutral,0.46111030378274237,0.17112328943809985,0.36776640677915773
25605,LOF,0.020835223324221618,0.3630814302548019,0.6160833464209764
25606,LOF,0.023515291306868108,0.4579010373909324,0.5185836713021995
25607,LOF,0.034060098172772994,0.3020018451464103,0.6639380566808166
25608,LOF,0.2550429621961143,0.2698123114573101,0.47514472634657556
25609,LOF,0.14644822668793947,0.241261333959907,0.6122904393521534
25610,LOF,0.07934720440668266,0.06894993699841705,0.8517028585949002
25611,LOF,0.07652166930020018,0.09582962779648263,0.8276487029033172
25612,Neutral,0.6557520488557969,0.06782529634156424,0.2764226548026388
25613,Neutral,0.6266276060507474,0.0644762633151323,0.30889613063412036
25614,LOF,0.07830183456854384,0.08487798270820943,0.8368201827232467
25615,LOF,0.3638203041839165,0.03557741296597069,0.6006022828501129
25616,LOF,0.05525952077501713,0.2266273338987787,0.7181131453262042
25617,LOF,0.08456250611585742,0.054342034643805937,0.8610954592403367
25618,LOF,0.07516699674865952,0.21230066681627083,0.7125323364350696
25619,LOF,0.11522801559948671,0.09186177023369067,0.7929102141668225
25620,LOF,0.05457643761174625,0.12189552752253519,0.8235280348657185
25621,LOF,0.44640418183584807,0.023295190523486744,0.5303006276406652
25622,LOF,0.4023918635978412,0.06522257003737063,0.5323855663647883
25623,Neutral,0.5184544266300822,0.10274312923346579,0.378802444136452
25624,LOF,0.04507650726684973,0.1734081773416112,0.7815153153915391
25625,LOF,0.4118720518860116,0.052289641464476996,0.5358383066495114
25626,Neutral,0.6506994998609809,0.05709699957175925,0.2922035005672599
25627,LOF,0.026209486051551666,0.44921897251012544,0.5245715414383227
25628,LOF,0.2840660395394287,0.14874083061161036,0.5671931298489609
25629,Neutral,0.6920700892257605,0.05859827246929934,0.24933163830494012
25630,LOF,0.0538793345877615,0.24408182322644786,0.7020388421857907
25631,Neutral,0.4912650842339255,0.2668520616602989,0.24188285410577562
25632,LOF,0.39157567894153267,0.050257355568767106,0.5581669654897002
25633,GOF,0.266741977286625,0.4135273758775696,0.3197306468358054
25634,Neutral,0.6967860246577312,0.07423791617054448,0.2289760591717242
25635,LOF,0.05759205867173705,0.10830165367216987,0.8341062876560931
25636,GOF,0.06785765926743595,0.70102787943905,0.231114461293514
25637,LOF,0.04859743334292599,0.43400821200477074,0.5173943546523033
25638,GOF,0.02483126523324209,0.7842571114087125,0.19091162335804548
25639,LOF,0.054196802365500535,0.46030541715024825,0.4854977804842513
25640,GOF,0.12984366780055415,0.7635389756005696,0.10661735659887622
25641,LOF,0.05296807312514223,0.3966058994597361,0.5504260274151217
25642,Neutral,0.6197717231617901,0.13755745247040663,0.24267082436780332
25643,LOF,0.3616369536746937,0.0420503090600689,0.5963127372652374
25644,GOF,0.11121610652286092,0.5618406156218135,0.3269432778553255
25645,GOF,0.02580647490847967,0.6410567206489377,0.3331368044425825
25646,LOF,0.03245187352501646,0.3690217820150248,0.5985263444599588
25647,GOF,0.054734097722226885,0.4972297176226301,0.44803618465514294
25648,GOF,0.05068223221479265,0.6998582199786206,0.2494595478065866
25649,GOF,0.03616629659453061,0.6840214911041758,0.27981221230129355
25650,GOF,0.07200413822873733,0.6495606966959757,0.2784351650752868
25651,GOF,0.020824221751663444,0.5835744622759907,0.39560131597234577
25652,LOF,0.0724954140201451,0.19409101168964002,0.7334135742902149
25653,LOF,0.07439831981230416,0.44907351353070274,0.47652816665699305
25654,GOF,0.08566182953307412,0.6144373554709007,0.2999008149960252
25655,GOF,0.06108415244572946,0.709825432466189,0.22909041508808164
25656,GOF,0.026326346136698278,0.5135528708144514,0.4601207830488502
25657,Neutral,0.6520980803351688,0.031981495741400294,0.315920423923431
25658,GOF,0.04376728157901713,0.4892811925753993,0.4669515258455835
25659,LOF,0.1803319170246914,0.19848554770443227,0.6211825352708763
25660,LOF,0.13274946361171916,0.15759883580684703,0.7096517005814339
25661,LOF,0.08890359477291003,0.07850867762013808,0.8325877276069519
25662,LOF,0.052211943017561484,0.08891136724358006,0.8588766897388584
25663,LOF,0.07558661754162398,0.09506229251398249,0.8293510899443935
25664,LOF,0.23536936534594183,0.19742176153931337,0.5672088731147449
25665,Neutral,0.6145155375368949,0.07905357624806034,0.30643088621504466
25666,LOF,0.3073460305656252,0.08109451928814712,0.6115594501462277
25667,LOF,0.044652611153046994,0.08236932320758214,0.8729780656393709
25668,LOF,0.04636690438234362,0.07405874414715684,0.8795743514704996
25669,LOF,0.04520944915821598,0.1333522278195217,0.8214383230222624
25670,LOF,0.4411410778966024,0.08089685509596097,0.47796206700743665
25671,LOF,0.06476755143673814,0.14602944489836764,0.7892030036648943
25672,Neutral,0.6279161030212543,0.08015500535680486,0.29192889162194086
25673,LOF,0.24191369450089123,0.12955956286593906,0.6285267426331697
25674,LOF,0.37621333390259376,0.10687964698948521,0.516907019107921
25675,LOF,0.3967244768349881,0.08893431051329248,0.5143412126517193
25676,LOF,0.054883646639688914,0.11107281518429218,0.8340435381760188
25677,LOF,0.07172989017178111,0.11106919637470432,0.8172009134535146
25678,Neutral,0.5812877610533004,0.0942441398252444,0.32446809912145524
25679,Neutral,0.5832443307657741,0.08921132699096732,0.3275443422432585
25680,LOF,0.10456807202881578,0.1431838057396142,0.75224812223157
25681,LOF,0.11160879730132052,0.12720367002528216,0.7611875326733972
25682,LOF,0.06718502116989503,0.1278172403978706,0.8049977384322344
25683,LOF,0.376982836568722,0.10630520919262008,0.5167119542386579
25684,LOF,0.11499359268174719,0.18790169169093213,0.6971047156273207
25685,Neutral,0.5851113354131312,0.0789049486444912,0.33598371594237764
25686,LOF,0.06545424901051745,0.3283247699217922,0.6062209810676904
25687,LOF,0.11129891535623634,0.36259862304238266,0.526102461601381
25688,LOF,0.028059697737775478,0.2831573783687129,0.6887829238935117
25689,LOF,0.030600230941424732,0.2584273244898445,0.7109724445687307
25690,LOF,0.015431962042379867,0.47771851880324856,0.5068495191543716
25691,GOF,0.04750029581920165,0.4858512254953616,0.4666484786854367
25692,Neutral,0.5213707463381733,0.07822599489817611,0.4004032587636506
25693,GOF,0.10557307347920487,0.6491371626807243,0.24528976384007073
25694,LOF,0.3863941866091798,0.030893558382948796,0.5827122550078714
25695,LOF,0.19348284149577924,0.0732542939565968,0.7332628645476239
25696,Neutral,0.5989511538814883,0.048773604029514354,0.3522752420889973
25697,Neutral,0.48551402822086204,0.15076547534054532,0.36372049643859267
25698,GOF,0.044885246704017966,0.7770360291682101,0.17807872412777176
25699,GOF,0.054539200057347116,0.6184848880116984,0.3269759119309545
25700,LOF,0.05706897720960252,0.11400616365343397,0.8289248591369636
25701,GOF,0.03377148648356317,0.5577344297571892,0.4084940837592475
25702,GOF,0.11592808781838657,0.6966626869375597,0.18740922524405376
25703,LOF,0.4469757200674558,0.07352411087152173,0.47950016906102255
25704,LOF,0.057621201623173385,0.20724091629939234,0.7351378820774341
25705,LOF,0.1131817744770301,0.1661265372539587,0.7206916882690112
25706,GOF,0.04064746838537279,0.6777526489004921,0.281599882714135
25707,LOF,0.02548900243295766,0.4279899118109322,0.5465210857561101
25708,LOF,0.03378790503664047,0.4428827592961022,0.5233293356672574
25709,LOF,0.0656704059184259,0.09279871378594588,0.8415308802956282
25710,LOF,0.41134727457886827,0.15136696875276884,0.4372857566683629
25711,LOF,0.08777142276280692,0.12878897936650632,0.7834395978706867
25712,Neutral,0.6281381509490961,0.06899216823016203,0.30286968082074184
25713,LOF,0.0681280091999071,0.15415449100923595,0.7777174997908569
25714,LOF,0.060647887833732976,0.32121464900452834,0.6181374631617387
25715,LOF,0.05012871371093099,0.26795584592214494,0.681915440366924
25716,LOF,0.4297860226199803,0.06110733523116314,0.5091066421488566
25717,Neutral,0.45683127145815067,0.1753460728036867,0.36782265573816275
25718,LOF,0.0473488053277791,0.1380726638535573,0.8145785308186636
25719,LOF,0.0990431443300887,0.11748436007750578,0.7834724955924055
25720,LOF,0.05715980246279261,0.14385987948685416,0.7989803180503532
25721,LOF,0.04439807868340525,0.08029957530797525,0.8753023460086194
25722,LOF,0.05513392265316711,0.10819382315888006,0.8366722541879528
25723,LOF,0.09349312078735035,0.12955443145610668,0.7769524477565429
25724,LOF,0.06730606774561891,0.17916623163755033,0.7535277006168307
25725,LOF,0.12979681629268902,0.08765363703699262,0.7825495466703184
25726,LOF,0.053296413028190506,0.17126405812589643,0.7754395288459132
25727,LOF,0.09440756412238804,0.06631196695438102,0.8392804689232309
25728,LOF,0.03541182241452583,0.1993115753325886,0.7652766022528856
25729,LOF,0.04672259286700352,0.16835661532367346,0.7849207918093231
25730,LOF,0.03959996599434756,0.20348771123998693,0.7569123227656656
25731,LOF,0.3108625276446232,0.05015276332821852,0.6389847090271582
25732,LOF,0.0664158945129114,0.07694910984109317,0.8566349956459954
25733,LOF,0.03412478740797293,0.367844893832479,0.598030318759548
25734,LOF,0.3513894196330292,0.06598150002997842,0.5826290803369923
25735,LOF,0.04447832275465866,0.09320147000956315,0.8623202072357782
25736,LOF,0.05389310489541965,0.16432776817782474,0.7817791269267556
25737,LOF,0.10492133173368068,0.12395341687757118,0.7711252513887482
25738,LOF,0.09257591415179289,0.1688742843650014,0.7385498014832057
25739,LOF,0.046836652714554505,0.18469266906650658,0.7684706782189389
25740,LOF,0.08068708051950219,0.15568879355373055,0.7636241259267672
25741,LOF,0.09646606386046751,0.120681045637765,0.7828528905017675
25742,LOF,0.10748288287751037,0.17047588002632508,0.7220412370961645
25743,LOF,0.29611558815826655,0.0900749281070563,0.6138094837346771
25744,GOF,0.06216290981567856,0.6621595967161787,0.2756774934681427
25745,GOF,0.03126169555425653,0.7269047302173569,0.2418335742283865
25746,GOF,0.06281239615107168,0.5907687833037919,0.3464188205451365
25747,LOF,0.05474508257375542,0.10821686790258918,0.8370380495236553
25748,LOF,0.2520456262753576,0.2736101309536433,0.4743442427709992
25749,GOF,0.03928175175760303,0.5868981775863644,0.3738200706560325
25750,GOF,0.05548873889273923,0.5379806174603731,0.4065306436468876
25751,LOF,0.055329414685122154,0.22586272488387885,0.718807860430999
25752,GOF,0.2436598174854923,0.3915979057722209,0.3647422767422867
25753,LOF,0.3070687825588,0.12204971708735339,0.5708815003538465
25754,GOF,0.03660747233864827,0.713440303801334,0.24995222386001784
25755,LOF,0.26059014771957295,0.19241303833783688,0.5469968139425903
25756,Neutral,0.6722139057203399,0.06750190167207931,0.2602841926075808
25757,GOF,0.04702019550614851,0.6385108786764947,0.31446892581735686
25758,GOF,0.0333154077294016,0.7144289054141028,0.2522556868564957
25759,GOF,0.022744983873863967,0.6545647954381406,0.3226902206879954
25760,LOF,0.26090963401427875,0.10755596453382232,0.631534401451899
25761,GOF,0.02287070472082876,0.7639428241552854,0.2131864711238858
25762,Neutral,0.6967860246577312,0.07423791617054448,0.2289760591717242
25763,LOF,0.3035330353147175,0.1026463749791442,0.5938205897061383
25764,GOF,0.26850123967399353,0.42487459276428646,0.3066241675617201
25765,GOF,0.02580430353941225,0.6571665018261819,0.31702919463440593
25766,GOF,0.05250293840027815,0.6449127625103035,0.3025842990894182
25767,GOF,0.03597828168798849,0.7515307413059616,0.21249097700604996
25768,LOF,0.04205836146794229,0.304551949972732,0.6533896885593258
25769,LOF,0.05109251691811337,0.22691485766287522,0.7219926254190114
25770,Neutral,0.6282034988304813,0.06471869215450653,0.3070778090150121
25771,LOF,0.24469309243730955,0.1032947015734458,0.6520122059892447
25772,LOF,0.06750512803092115,0.09207156614458484,0.8404233058244941
25773,LOF,0.45108885153964706,0.08914554089073669,0.4597656075696164
25774,Neutral,0.6709651488106161,0.0824270848292267,0.24660776636015716
25775,LOF,0.2669557091413694,0.08505329906097481,0.6479909917976558
25776,LOF,0.0428630202299686,0.10459202332128928,0.8525449564487422
25777,Neutral,0.6353708013492619,0.05397217235649255,0.31065702629424563
25778,LOF,0.07062484854482828,0.12399206012673906,0.8053830913284327
25779,GOF,0.16538337344865459,0.640388722713624,0.19422790383772132
25780,GOF,0.053899963589803104,0.7839908317892595,0.16210920462093736
25781,GOF,0.15349968008210416,0.6249018024111848,0.22159851750671108
25782,GOF,0.062256091792270415,0.5905578504974694,0.34718605771026007
25783,GOF,0.3195036971278357,0.48649244445549134,0.1940038584166731
25784,GOF,0.1832891162895335,0.6722003045721536,0.14451057913831294
25785,GOF,0.07993154260345353,0.7540360644949596,0.16603239290158686
25786,GOF,0.054419616452772344,0.6641268829443158,0.28145350060291185
25787,GOF,0.05105496721513345,0.5600916655901079,0.3888533671947587
25788,LOF,0.05573661537077616,0.1437005212833401,0.8005628633458838
25789,GOF,0.052862873554612645,0.7824719680675755,0.16466515837781195
25790,GOF,0.03901803409973656,0.7186796459445985,0.2423023199556649
25791,GOF,0.026382668257824884,0.7018032458811132,0.2718140858610618
25792,GOF,0.026294138467336674,0.6930361594994147,0.2806697020332487
25793,GOF,0.030108934186225816,0.7273338507673159,0.24255721504645833
25794,GOF,0.0678186164512965,0.7543709879706596,0.17781039557804384
25795,GOF,0.1196953373185117,0.622987013938463,0.25731764874302526
25796,GOF,0.08231003284783697,0.55849132006317,0.359198647088993
25797,GOF,0.05889792248316651,0.6308540159086489,0.31024806160818463
25798,GOF,0.08536718614164447,0.7191475811766396,0.195485232681716
25799,GOF,0.09832059017505804,0.7614778765211231,0.14020153330381888
25800,GOF,0.08797919580373775,0.7930680496617167,0.11895275453454558
25801,GOF,0.084355320151557,0.7590490081241071,0.1565956717243359
25802,GOF,0.08159975731093236,0.7421041020980333,0.17629614059103435
25803,GOF,0.039166020154532695,0.7016497898819912,0.25918418996347603
25804,GOF,0.07499490621018082,0.6197984127540244,0.3052066810357949
25805,GOF,0.050782044582916984,0.7696530070981592,0.17956494831892397
25806,GOF,0.048587679291077046,0.7830707529437921,0.1683415677651309
25807,GOF,0.07287330891761841,0.7012989295764659,0.2258277615059156
25808,GOF,0.06536671704202247,0.8036398704298551,0.13099341252812252
25809,GOF,0.06598189964814369,0.7632543023493529,0.17076379800250338
25810,GOF,0.05955426598873118,0.7757033340471422,0.1647423999641266
25811,GOF,0.044210897011310375,0.5201992783885134,0.43558982460017626
25812,GOF,0.04682309998299613,0.7028076247082026,0.2503692753088013
25813,GOF,0.04557690308258465,0.7199013194745426,0.23452177744287284
25814,GOF,0.0656235985371638,0.7412108829902492,0.19316551847258706
25815,GOF,0.036836183950087496,0.7365089249777009,0.2266548910722115
25816,GOF,0.03682756243603439,0.8257717611467774,0.13740067641718826
25817,GOF,0.038353748206360457,0.6774282815378273,0.28421797025581225
25818,GOF,0.03413856946908064,0.5927866773865214,0.37307475314439803
25819,GOF,0.055662799912491005,0.7141672024565506,0.23016999763095838
25820,GOF,0.06090423641411528,0.6997387881423609,0.23935697544352383
25821,GOF,0.06299574982864904,0.6898699253793935,0.24713432479195746
25822,GOF,0.08718128511305286,0.6726360809342286,0.24018263395271847
25823,GOF,0.12873239775417272,0.5194756221251363,0.35179198012069096
25824,GOF,0.10685019686801212,0.6949838622153175,0.19816594091667045
25825,GOF,0.10080618156670458,0.7008416336857598,0.19835218474753552
25826,GOF,0.10685019686801212,0.6949838622153175,0.19816594091667045
25827,GOF,0.050001386022804364,0.8011552312483228,0.1488433827288728
25828,GOF,0.046945148285133555,0.7823149028758015,0.17073994883906496
25829,LOF,0.4145538054758206,0.036992722705091366,0.5484534718190881
25830,LOF,0.04621477982787214,0.12337628681389456,0.8304089333582333
25831,GOF,0.03727177670523054,0.6706970324772445,0.29203119081752493
25832,GOF,0.07847801565251068,0.6285916206272464,0.2929303637202429
25833,GOF,0.07449424795080316,0.6402317170108212,0.2852740350383757
25834,GOF,0.07203727566837394,0.6059222533183604,0.3220404710132657
25835,GOF,0.07582810020130852,0.6704336955131581,0.25373820428553334
25836,GOF,0.07248288096662736,0.6531192902583987,0.274397828774974
25837,GOF,0.08374622356642702,0.6093212284059756,0.3069325480275974
25838,GOF,0.08355649635337006,0.6023517754045459,0.31409172824208403
25839,GOF,0.10992429439458103,0.6217966881887712,0.2682790174166478
25840,GOF,0.06184248050207982,0.7271615897526411,0.21099592974527914
25841,GOF,0.06243499368328371,0.7208721586438344,0.21669284767288208
25842,GOF,0.042126560971204464,0.7135704186699977,0.2443030203587979
25843,GOF,0.04291171496348953,0.7087583039349069,0.2483299811016035
25844,GOF,0.052524343799510965,0.6140349438077825,0.33344071239270656
25845,GOF,0.055053277509297165,0.6328555923047805,0.3120911301859222
25846,GOF,0.051782773214656484,0.6143321237340732,0.33388510305127017
25847,GOF,0.052389214226728105,0.6663231127491196,0.28128767302415225
25848,GOF,0.04692141210544455,0.7148457735952146,0.23823281429934093
25849,GOF,0.044753219932735566,0.7134586472209836,0.2417881328462808
25850,GOF,0.11550437597320312,0.5466938462321385,0.3378017777946584
25851,GOF,0.12944035709637683,0.5196293213069568,0.3509303215966664
25852,GOF,0.11390409577289932,0.5967586797306036,0.2893372244964972
25853,GOF,0.0938631389844688,0.6755333341207415,0.23060352689478975
25854,GOF,0.07171853955126355,0.7738668095756552,0.1544146508730813
25855,GOF,0.060020000425724244,0.7190219166746176,0.22095808289965807
25856,GOF,0.05746832238573192,0.7236589453160837,0.21887273229818435
25857,GOF,0.061326810804538584,0.7283693932983509,0.21030379589711043
25858,GOF,0.06588471093574205,0.6019832245659857,0.3321320644982722
25859,GOF,0.06556634105868153,0.606322499440273,0.3281111595010455
25860,GOF,0.06825333975063584,0.5173119120005122,0.4144347482488519
25861,GOF,0.06528402343017406,0.5786804606093254,0.3560355159605005
25862,GOF,0.046863789933041036,0.7642987552642863,0.1888374548026728
25863,GOF,0.051071316649880794,0.736108542248149,0.21282014110197015
25864,GOF,0.048674145243447466,0.7656086187219223,0.18571723603463022
25865,GOF,0.056833357071659873,0.7897104737280625,0.15345616920027774
25866,GOF,0.05174676584426104,0.7934898563627582,0.15476337779298086
25867,GOF,0.05213929826603418,0.7910189072386555,0.15684179449531022
25868,GOF,0.046186168079088895,0.6515082052111697,0.30230562670974137
25869,GOF,0.04524832114523166,0.6836830614637474,0.2710686173910209
25870,LOF,0.045368640647224345,0.17179522710356782,0.7828361322492079
25871,GOF,0.035525352104290184,0.6619473379460769,0.30252730994963295
25872,GOF,0.039420385833061296,0.6039537600462973,0.3566258541206414
25873,GOF,0.04948189948975998,0.7044781970284661,0.246039903481774
25874,LOF,0.06780293675042337,0.05421625154290538,0.8779808117066713
25875,GOF,0.09845258127786521,0.5691527013877783,0.3323947173343564
25876,Neutral,0.481512822952711,0.08960953815150716,0.42887763889578195
25877,GOF,0.07493533890252997,0.6463605201066699,0.2787041409908001
25878,GOF,0.03574260895226071,0.7639363982258035,0.2003209928219358
25879,LOF,0.04592844266881233,0.37082781648245033,0.5832437408487373
25880,LOF,0.07961405744476202,0.07423570531451955,0.8461502372407184
25881,Neutral,0.6872464281188716,0.21283071695450512,0.09992285492662319
25882,LOF,0.24457320482780526,0.16615253052369877,0.589274264648496
25883,LOF,0.06804883628150579,0.13649959385891786,0.7954515698595764
25884,LOF,0.39365837934753706,0.11923123226927701,0.4871103883831861
25885,Neutral,0.5199053601131607,0.01628610409178025,0.46380853579505915
25886,Neutral,0.44336629010291945,0.20010116945758827,0.35653254043949223
25887,GOF,0.23300599358529359,0.5565790298542195,0.21041497656048685
25888,GOF,0.06182616547713387,0.557640531995313,0.3805333025275531
25889,LOF,0.220434257352304,0.13783759963004164,0.6417281430176544
25890,LOF,0.20831801101374856,0.3483600989379748,0.4433218900482766
25891,LOF,0.262265831100076,0.24186471380841396,0.49586945509151004
25892,LOF,0.01229931886417814,0.35770191154785663,0.6299987695879652
25893,LOF,0.40089114236667117,0.11837261466795597,0.48073624296537276
25894,LOF,0.39202225802752816,0.044913836550852175,0.5630639054216197
25895,LOF,0.45878074646442757,0.05211795304333241,0.4891013004922401
25896,Neutral,0.6336743737822625,0.06578080046631117,0.3005448257514261
25897,LOF,0.25027076164800227,0.07479132099349559,0.6749379173585023
25898,GOF,0.04303710323054158,0.5650856409076409,0.39187725586181743
25899,LOF,0.2642521558389533,0.21425147811430478,0.521496366046742
25900,Neutral,0.8117551662350088,0.0493051018627323,0.13893973190225897
25901,LOF,0.07001542928713819,0.08042925612360506,0.8495553145892568
25902,LOF,0.4548231889528326,0.07920912065963888,0.4659676903875285
25903,LOF,0.2507459804474939,0.15249836821009283,0.5967556513424133
25904,Neutral,0.44336629010291945,0.20010116945758827,0.35653254043949223
25905,LOF,0.08522895227396506,0.3582588015382926,0.5565122461877423
25906,LOF,0.36172027819138886,0.07929768510466888,0.5589820367039423
25907,GOF,0.03745288529867999,0.4861611861342156,0.4763859285671043
25908,GOF,0.04372039607121508,0.5651457983976395,0.3911338055311455
25909,GOF,0.06781941642748454,0.4845898210532917,0.4475907625192237
25910,LOF,0.04600499087171552,0.3105447326096618,0.6434502765186226
25911,Neutral,0.6801891635465238,0.06809107023824801,0.2517197662152281
25912,Neutral,0.49036392390067884,0.025169867199284827,0.48446620890003617
25913,LOF,0.019549687584961596,0.31651651885712445,0.663933793557914
25914,LOF,0.04932218330905722,0.2456529687968131,0.7050248478941297
25915,GOF,0.1003182619268269,0.7155435883169844,0.18413814975618875
25916,GOF,0.06318882145614159,0.6336979773498167,0.30311320119404184
25917,Neutral,0.752432984679642,0.056327419063433255,0.19123959625692474
25918,LOF,0.05569431040438447,0.08896262466433257,0.8553430649312829
25919,LOF,0.050641600116989226,0.035689407837532744,0.9136689920454779
25920,LOF,0.32551931775851345,0.28743168080012355,0.387049001441363
25921,LOF,0.25679351580718124,0.047148527062525876,0.6960579571302928
25922,LOF,0.179258151070971,0.0697510492899806,0.7509907996390484
25923,Neutral,0.44336629010291945,0.20010116945758827,0.35653254043949223
25924,LOF,0.2330232123035587,0.25593645520912256,0.5110403324873187
25925,Neutral,0.6281367299062366,0.07176012127565368,0.3001031488181099
25926,Neutral,0.681168942375493,0.08072403658225717,0.23810702104224996
25927,LOF,0.02155694386757631,0.39641471086624147,0.5820283452661823
25928,LOF,0.25245787395443237,0.04292173932815258,0.7046203867174151
25929,Neutral,0.44336629010291945,0.20010116945758827,0.35653254043949223
25930,LOF,0.04042277928775825,0.2071890079092859,0.7523882128029559
25931,LOF,0.42295748405541594,0.1219164481186861,0.4551260678258979
25932,LOF,0.07042116640331783,0.07721730567434383,0.8523615279223384
25933,LOF,0.061754214250853444,0.08141242426564957,0.8568333614834969
25934,LOF,0.07273935171563614,0.09204605492772731,0.8352145933566365
25935,Neutral,0.6709651488106161,0.0824270848292267,0.24660776636015716
25936,LOF,0.0665205987742087,0.08892011468974313,0.8445592865360482
25937,LOF,0.3252612025823102,0.17893679662892636,0.4958020007887633
25938,Neutral,0.6801891635465238,0.06809107023824801,0.2517197662152281
25939,LOF,0.06493284457818198,0.08032782330362227,0.8547393321181957
25940,GOF,0.044445100969835026,0.7974806787485258,0.15807422028163917
25941,Neutral,0.5365783828817797,0.06892578316778654,0.39449583395043375
25942,LOF,0.21531475488962457,0.13490751057588762,0.6497777345344878
25943,LOF,0.03180288943491893,0.3920538815696795,0.5761432289954016
25944,LOF,0.020229006636821423,0.3349860557513651,0.6447849376118135
25945,LOF,0.04330749703274454,0.0740660755222444,0.8826264274450111
25946,LOF,0.44876436000046077,0.06242124720889388,0.48881439279064537
25947,Neutral,0.70570809222095,0.0556283992794361,0.238663508499614
25948,Neutral,0.4947286037807876,0.21438506717998482,0.2908863290392277
25949,LOF,0.4283612132341936,0.09405255076510252,0.4775862360007038
25950,GOF,0.040647247918334635,0.8054712357532888,0.15388151632837654
25951,GOF,0.028338070445428465,0.6556898657635611,0.3159720637910104
25952,GOF,0.24900914365718432,0.451356559977418,0.2996342963653975
25953,LOF,0.039742424658524025,0.44847477112495643,0.5117828042165196
25954,GOF,0.044674285375360175,0.7632172830720025,0.19210843155263724
25955,GOF,0.01983449078861335,0.5743671456023312,0.40579836360905547
25956,GOF,0.03614053226687044,0.6105693284904761,0.3532901392426536
25957,Neutral,0.6880238990120319,0.029737221141208862,0.28223887984675916
25958,LOF,0.07800748253400633,0.13516877519608178,0.7868237422699119
25959,LOF,0.02533941033009352,0.40751805390792245,0.567142535761984
25960,LOF,0.23171566626167825,0.07810312612063827,0.6901812076176835
25961,LOF,0.044062829878007734,0.22691712125090382,0.7290200488710885
25962,LOF,0.3783819538447883,0.06570058739257466,0.5559174587626371
25963,LOF,0.05567020155372003,0.2848636139693506,0.6594661844769293
25964,LOF,0.0873016668291778,0.2121621333359908,0.7005361998348314
25965,GOF,0.13434731591072488,0.6038246917717082,0.261827992317567
25966,Neutral,0.44336629010291945,0.20010116945758827,0.35653254043949223
25967,LOF,0.40933393705751103,0.055217271211803816,0.5354487917306852
25968,GOF,0.34835607657518847,0.3928733822880846,0.25877054113672704
25969,Neutral,0.5375709295217481,0.034138888579317274,0.4282901818989346
25970,Neutral,0.4333963130252956,0.14481169723993625,0.4217919897347682
25971,LOF,0.13042800471396457,0.11356857129864502,0.7560034239873904
25972,LOF,0.11363412746714975,0.12807196868894882,0.7582939038439015
25973,LOF,0.411201426672426,0.021290642273674866,0.5675079310538992
25974,GOF,0.09611711479984408,0.5566302717291733,0.3472526134709826
25975,LOF,0.06206287591389221,0.028032230669626793,0.909904893416481
25976,LOF,0.32978885117494167,0.01239115797718902,0.6578199908478692
25977,Neutral,0.4948303926766808,0.07327415926805082,0.4318954480552685
25978,LOF,0.17035992262340688,0.1739163323887496,0.6557237449878436
25979,LOF,0.10110273907395123,0.16077173555531257,0.7381255253707362
25980,LOF,0.20873872174788488,0.371986687833907,0.41927459041820814
25981,GOF,0.21769064950851727,0.4428502743359266,0.3394590761555562
25982,LOF,0.17868218217996673,0.2927513419540354,0.5285664758659979
25983,LOF,0.12889640711036113,0.28220851840105443,0.5888950744885846
25984,LOF,0.05451659343235822,0.1967490438726424,0.7487343626949994
25985,Neutral,0.5800272109606295,0.2773807961859183,0.14259199285345212
25986,GOF,0.03628466943892785,0.5882463974028359,0.3754689331582363
25987,LOF,0.32361574479439814,0.2800788592352774,0.3963053959703244
25988,LOF,0.03825298569176395,0.2968001266241286,0.6649468876841076
25989,LOF,0.05096289977655533,0.33990405006071656,0.6091330501627281
25990,LOF,0.04516056638495624,0.37499214091206995,0.5798472927029737
25991,GOF,0.11607751731226461,0.5330914739413285,0.350831008746407
25992,LOF,0.08592018102623124,0.3563524986003462,0.5577273203734227
25993,LOF,0.06085833222979213,0.03270658739579038,0.9064350803744174
25994,LOF,0.09415004133463224,0.03822063587439048,0.8676293227909773
25995,LOF,0.055656117226916525,0.052576727695073294,0.8917671550780102
25996,GOF,0.2812040396621042,0.459876433332059,0.2589195270058367
25997,GOF,0.155877334565435,0.5719442607174012,0.27217840471716376
25998,LOF,0.35997025602625227,0.17991092880028095,0.46011881517346676
25999,LOF,0.023146844019979095,0.36063508875186395,0.616218067228157
26000,LOF,0.268281756415197,0.10355801868176216,0.6281602249030408
26001,LOF,0.145151425127191,0.15558672362329895,0.69926185124951
26002,LOF,0.3291319288497203,0.05712316491564773,0.613744906234632
26003,GOF,0.06492568479863536,0.6588587544520681,0.27621556074929643
26004,GOF,0.09624148660072486,0.7267291774255998,0.17702933597367526
26005,GOF,0.037396630120579054,0.8284107161176856,0.1341926537617354
26006,GOF,0.049182632178462186,0.7443885391468821,0.2064288286746557
26007,GOF,0.03105364734858166,0.7705922555666734,0.19835409708474502
26008,GOF,0.07814494893027088,0.7972165257219149,0.12463852534781422
26009,GOF,0.04066412465793557,0.8664249556890412,0.0929109196530231
26010,GOF,0.03960986681259827,0.7838684688288179,0.17652166435858388
26011,GOF,0.041740894720619745,0.6713833086064313,0.286875796672949
26012,GOF,0.04660904139085405,0.7342768641715772,0.2191140944375687
26013,GOF,0.04406703962664366,0.642953307446634,0.31297965292672236
26014,LOF,0.4739949724948727,0.02502916941852885,0.5009758580865984
26015,LOF,0.2878560795920364,0.14344311644889438,0.5687008039590693
26016,LOF,0.2347690721766686,0.1329934039439976,0.6322375238793339
26017,LOF,0.04290976023569348,0.3387639573995652,0.6183262823647413
26018,LOF,0.04041527103625358,0.30389757805861733,0.6556871509051292
26019,LOF,0.04741048859573261,0.1115035749166623,0.8410859364876051
26020,GOF,0.021625423112688245,0.4918856326260248,0.48648894426128697
26021,LOF,0.23658355108759438,0.170154737284123,0.5932617116282827
26022,LOF,0.20132794381145375,0.08423397021774313,0.714438085970803
26023,LOF,0.0526280540706379,0.10986985408357297,0.8375020918457892
26024,LOF,0.08962054221791818,0.15418354037730875,0.7561959174047731
26025,LOF,0.04349341502108065,0.3216735502069524,0.634833034771967
26026,LOF,0.04367101066751542,0.3720936311781415,0.5842353581543431
26027,LOF,0.07036370503355974,0.12536103855040726,0.8042752564160329
26028,GOF,0.10190969347486001,0.47685437212905185,0.42123593439608825
26029,GOF,0.060066399262565365,0.729047538259256,0.21088606247817868
26030,Neutral,0.620812724254483,0.05518221784285527,0.3240050579026619
26031,GOF,0.029151862782900315,0.7255015302924281,0.24534660692467142
26032,LOF,0.06184918390702799,0.1761685667898236,0.7619822493031484
26033,LOF,0.05087630908677207,0.19933944915684484,0.749784241756383
26034,GOF,0.029339023207215997,0.6396001611391623,0.33106081565362167
26035,GOF,0.023706677854730282,0.7403261683995288,0.23596715374574093
26036,GOF,0.021791546681472013,0.6710540424792665,0.3071544108392615
26037,GOF,0.02967923726633999,0.5829139913407639,0.387406771392896
26038,LOF,0.04562943317395111,0.16574213556387177,0.7886284312621771
26039,GOF,0.026764973675994955,0.5709171661139941,0.4023178602100109
26040,LOF,0.04119329426460173,0.1565828071048711,0.8022238986305272
26041,GOF,0.03865203606415337,0.6116128149987718,0.34973514893707475
26042,GOF,0.03407407189224029,0.6169748548348936,0.34895107327286606
26043,LOF,0.03295529765466766,0.26271357835954723,0.7043311239857851
26044,LOF,0.25646951519235706,0.16877501043221163,0.5747554743754313
26045,GOF,0.034664855199903276,0.7280425914427363,0.23729255335736035
26046,LOF,0.037483159881028655,0.31206888419204626,0.6504479559269251
26047,LOF,0.13158614704440008,0.1326805465765987,0.7357333063790013
26048,Neutral,0.4833107898989444,0.05926095970321074,0.4574282503978447
26049,Neutral,0.6258248481826592,0.12986520132262747,0.2443099504947134
26050,Neutral,0.6709651488106161,0.0824270848292267,0.24660776636015716
26051,LOF,0.05143475514370681,0.43257642725303286,0.5159888176032603
26052,LOF,0.08194110944544113,0.38464103402674077,0.533417856527818
26053,Neutral,0.4725195988438006,0.05641250702033785,0.4710678941358616
26054,Neutral,0.6801891635465238,0.06809107023824801,0.2517197662152281
26055,Neutral,0.6801891635465238,0.06809107023824801,0.2517197662152281
26056,Neutral,0.6801891635465238,0.06809107023824801,0.2517197662152281
26057,LOF,0.09419072255668819,0.050695933491757834,0.8551133439515539
26058,LOF,0.09633782906193053,0.0415896264460235,0.8620725444920461
26059,Neutral,0.8335054854317169,0.053790558255037556,0.11270395631324573
26060,GOF,0.05141940723481656,0.5165065938528111,0.4320739989123724
26061,LOF,0.32020366319563626,0.03507244872322732,0.6447238880811365
26062,LOF,0.41136983015550055,0.11196335798882738,0.47666681185567206
26063,LOF,0.07392358217367553,0.04323901936334945,0.882837398462975
26064,LOF,0.3937730644682266,0.021629065435475308,0.5845978700962982
26065,LOF,0.04517989204019228,0.07313788405196019,0.8816822239078476
26066,LOF,0.08466207196099393,0.07448783381243311,0.840850094226573
26067,LOF,0.08915907719785604,0.11692809256024823,0.7939128302418956
26068,Neutral,0.6279161030212543,0.08015500535680486,0.29192889162194086
26069,Neutral,0.6055715483698727,0.0883961698291375,0.3060322818009898
26070,Neutral,0.6055715483698727,0.0883961698291375,0.3060322818009898
26071,LOF,0.06943110475347018,0.10595509720937683,0.8246137980371531
26072,LOF,0.3500356230045273,0.05970611521076415,0.5902582617847085
26073,LOF,0.06437381012635636,0.06709839236876583,0.868527797504878
26074,Neutral,0.8118648604185892,0.05917217814928867,0.1289629614321222
26075,Neutral,0.6191966917371808,0.08922092989410892,0.2915823783687103
26076,LOF,0.05990416457829532,0.11303214388308655,0.8270636915386181
26077,Neutral,0.6569415097544423,0.022556142544945083,0.3205023477006126
26078,LOF,0.3740045422957794,0.050837843627506825,0.5751576140767137
26079,Neutral,0.6659361911700371,0.0980810216868052,0.23598278714315768
26080,Neutral,0.6659361911700371,0.0980810216868052,0.23598278714315768
26081,LOF,0.055476059310831556,0.05745834768724142,0.8870655930019271
26082,LOF,0.3863629966331842,0.09277061018140151,0.5208663931854143
26083,LOF,0.03516878543614877,0.2870537555716285,0.6777774589922227
26084,LOF,0.04994588291142965,0.15677201460250054,0.7932821024860699
26085,LOF,0.04278250706148428,0.19673823694789383,0.7604792559906219
26086,LOF,0.04843929786679354,0.175467441295567,0.7760932608376394
26087,LOF,0.06095549459576652,0.1695158575743813,0.7695286478298522
26088,LOF,0.4150027176209685,0.10559392064302826,0.4794033617360032
26089,Neutral,0.6664154164849293,0.0771751613567804,0.25640942215829016
26090,Neutral,0.6664154164849293,0.0771751613567804,0.25640942215829016
26091,LOF,0.07123197775559241,0.06724363558421949,0.861524386660188
26092,LOF,0.0596680866070967,0.09139583056178503,0.8489360828311183
26093,LOF,0.05629046445106893,0.07081758515575898,0.8728919503931721
26094,LOF,0.09277449378156574,0.08472674148646968,0.8224987647319646
26095,LOF,0.2575201128899395,0.15608851419403183,0.5863913729160288
26096,Neutral,0.6121430103491315,0.02103891135854981,0.36681807829231866
26097,LOF,0.3474426171939885,0.042641221736245606,0.609916161069766
26098,Neutral,0.6722139057203399,0.06750190167207931,0.2602841926075808
26099,LOF,0.043378497793308546,0.17621525528833734,0.780406246918354
26100,LOF,0.043378497793308546,0.17621525528833734,0.780406246918354
26101,LOF,0.047463776126095085,0.22064732536137696,0.7318888985125279
26102,LOF,0.057096003955490644,0.07760792123571024,0.865296074808799
26103,Neutral,0.44336629010291945,0.20010116945758827,0.35653254043949223
26104,Neutral,0.716746741349968,0.08471400315192722,0.19853925549810492
26105,LOF,0.2969396848379625,0.10384389110892094,0.5992164240531166
26106,Neutral,0.4363274777657335,0.2016019345393681,0.3620705876948985
26107,LOF,0.018940263434790966,0.41181598874563957,0.5692437478195694
26108,LOF,0.3445559157863033,0.20249116766166267,0.452952916552034
26109,Neutral,0.5386222838755417,0.21079118786802456,0.25058652825643385
26110,Neutral,0.4828434512730941,0.03965923912207396,0.4774973096048319
26111,LOF,0.05567323464212906,0.28965403438465137,0.6546727309732197
26112,LOF,0.08458852556170662,0.049597120664346114,0.8658143537739471
26113,LOF,0.0663932928721708,0.056769202993673176,0.8768375041341561
26114,LOF,0.3247034440544237,0.14259645028020704,0.5327001056653693
26115,GOF,0.03022192710446404,0.5869461917532973,0.38283188114223865
26116,LOF,0.11352916715530506,0.27170108420016864,0.6147697486445263
26117,Neutral,0.44336629010291945,0.20010116945758827,0.35653254043949223
26118,LOF,0.05481590694603131,0.09448361036292888,0.8507004826910398
26119,LOF,0.014721466301712222,0.2951068536167584,0.6901716800815294
26120,LOF,0.08415013182714438,0.05248613957820874,0.8633637285946468
26121,LOF,0.0395609777776469,0.15260848828425055,0.8078305339381026
26122,LOF,0.016436177927535035,0.24250314690184446,0.7410606751706206
