feature0,prediction,LoGoFunc_Neutral,LoGoFunc_GOF,LoGoFunc_LOF
25546,Neutral,0.6419744519164032,0.05316857722946801,0.3048569708541287
25547,Neutral,0.5342569889079974,0.11499531727137573,0.3507476938206269
25548,Neutral,0.48944361877722087,0.07513050867604414,0.4354258725467351
25549,LOF,0.45092355138521345,0.09002507791069382,0.4590513707040927
25550,Neutral,0.5962978442882321,0.05591545817444914,0.3477866975373188
25551,Neutral,0.6286489199699627,0.06586707898784593,0.3054840010421914
25552,LOF,0.31178164469664965,0.0849088627962112,0.6033094925071392
25553,Neutral,0.5483772928548468,0.05926575586644353,0.3923569512787096
25554,LOF,0.3716443359072911,0.11837403639316418,0.5099816276995447
25555,LOF,0.28618388941174605,0.08397063851859639,0.6298454720696576
25556,LOF,0.38184716412858327,0.0996788849039627,0.5184739509674541
25557,LOF,0.27833454168108884,0.09098156794896066,0.6306838903699505
25558,LOF,0.3854754472103739,0.10009775026388712,0.5144268025257389
25559,LOF,0.23809840800640225,0.10703069965158746,0.6548708923420102
25560,LOF,0.05480709647210884,0.09738087659959194,0.8478120269282993
25561,LOF,0.13328255565097485,0.10659022803879223,0.760127216310233
25562,LOF,0.12523902422077038,0.02083671531556144,0.8539242604636682
25563,LOF,0.17644331090636342,0.04106586527287651,0.7824908238207602
25564,LOF,0.06338812195911346,0.07398420257222861,0.8626276754686578
25565,LOF,0.12674380411470448,0.28259552056910703,0.5906606753161885
25566,GOF,0.03433531288533678,0.6251319180857782,0.340532769028885
25567,LOF,0.018877028665315754,0.1126006648281802,0.8685223065065041
25568,LOF,0.08434713945431294,0.1297014994643387,0.7859513610813484
25569,LOF,0.23161562375304842,0.025148987308121987,0.7432353889388296
25570,LOF,0.08248535515902317,0.11396662913643636,0.8035480157045404
25571,LOF,0.09424986549620319,0.07733960700014061,0.8284105275036563
25572,LOF,0.06910976360141687,0.12892275286925964,0.8019674835293236
25573,LOF,0.03401514971491772,0.1020281190684073,0.8639567312166748
25574,LOF,0.011214520383810168,0.2497329108259267,0.7390525687902632
25575,LOF,0.08957062740739578,0.04529334203496182,0.8651360305576423
25576,LOF,0.023656657777178187,0.04064511344761649,0.9356982287752054
25577,LOF,0.01660362535837666,0.07316536453067495,0.9102310101109483
25578,LOF,0.25114174346324525,0.11055303421047,0.6383052223262847
25579,LOF,0.08689051056747872,0.10967790705546514,0.8034315823770561
25580,LOF,0.0513265529555326,0.035361855334784836,0.9133115917096826
25581,LOF,0.07922556327494945,0.1513648658818801,0.7694095708431704
25582,LOF,0.08038856492093287,0.10154672370025786,0.8180647113788093
25583,LOF,0.06026548121059125,0.03443130737699917,0.9053032114124095
25584,Neutral,0.48109570387958994,0.08257057548549075,0.43633372063491943
25585,LOF,0.018618546591988867,0.03922728375244316,0.942154169655568
25586,LOF,0.057470730248592526,0.0658158188899718,0.8767134508614357
25587,LOF,0.04222653357644438,0.05394645976019487,0.9038270066633608
25588,LOF,0.04836645708021426,0.06906186405922778,0.8825716788605581
25589,Neutral,0.6920172050626135,0.14835279071509683,0.15963000422228965
25590,LOF,0.03317417513611428,0.11705201420564096,0.8497738106582446
25591,LOF,0.10580835452985524,0.07848823924989003,0.8157034062202547
25592,LOF,0.20970513791390366,0.18017922139861534,0.610115640687481
25593,LOF,0.01784259838920978,0.3640215385695592,0.618135863041231
25594,LOF,0.077731223453469,0.10425735588911744,0.8180114206574135
25595,LOF,0.0575640320188894,0.2109463702543366,0.7314895977267739
25596,LOF,0.11609864793209543,0.07907360051849552,0.804827751549409
25597,LOF,0.10752489652434624,0.045588020581455946,0.8468870828941979
25598,LOF,0.17813735469260975,0.05924509201155962,0.7626175532958306
25599,LOF,0.012277952567117325,0.1747409026975442,0.8129811447353386
25600,LOF,0.014561357578453595,0.17044640732797678,0.8149922350935696
25601,LOF,0.00974478704751806,0.09909078478269148,0.8911644281697904
25602,LOF,0.037610945569961966,0.12618285791757747,0.8362061965124605
25603,LOF,0.0435339108452707,0.10920580129593757,0.8472602878587917
25604,LOF,0.027290917808392115,0.17661362235995032,0.7960954598316575
25605,LOF,0.014807973152802191,0.3595647069047945,0.6256273199424033
25606,GOF,0.07209585357438332,0.5646914991039776,0.3632126473216392
25607,LOF,0.00357267156292277,0.22477943099414205,0.7716478974429352
25608,LOF,0.029711769845976788,0.044592619738003075,0.9256956104160201
25609,LOF,0.18239847790870542,0.1669833682862538,0.6506181538050407
25610,LOF,0.03679540434334811,0.11558409576152015,0.8476204998951318
25611,LOF,0.054422881684195575,0.09336312684106102,0.8522139914747434
25612,LOF,0.11518204424035965,0.2171839656158719,0.6676339901437685
25613,LOF,0.03747128967741691,0.287378666801696,0.6751500435208871
25614,LOF,0.031384682545868285,0.17607790969683398,0.7925374077572976
25615,LOF,0.031942998726238875,0.13110882246806987,0.8369481788056912
25616,LOF,0.02315196591846976,0.2238955310247166,0.7529525030568136
25617,LOF,0.04671717993015797,0.15614307959674523,0.7971397404730968
25618,GOF,0.0792580136269437,0.5071348186786994,0.41360716769435707
25619,LOF,0.042928361430400526,0.1411403987674631,0.8159312398021363
25620,LOF,0.03015560551528672,0.19567888904188147,0.7741655054428317
25621,LOF,0.03831930627696004,0.12824461102235687,0.8334360827006831
25622,LOF,0.02964501951682171,0.19020454066246292,0.7801504398207153
25623,LOF,0.0535099296897317,0.14028284388490977,0.8062072264253586
25624,LOF,0.031173227714047857,0.21714630817043165,0.7516804641155205
25625,LOF,0.03478839035713697,0.16497907138924078,0.8002325382536223
25626,LOF,0.14187437387559956,0.14090485243575437,0.717220773688646
25627,Neutral,0.4642316882085886,0.19220629395818656,0.34356201783322476
25628,LOF,0.16649250620899406,0.055964383367662934,0.7775431104233431
25629,LOF,0.18119309862893834,0.04948087388197803,0.7693260274890837
25630,LOF,0.0823353048873809,0.11745991751760425,0.8002047775950147
25631,Neutral,0.4802924100454209,0.1846773011826164,0.33503028877196284
25632,LOF,0.013074213410202377,0.06203734594771002,0.9248884406420876
25633,LOF,0.3056815731824183,0.24205886837732665,0.452259558440255
25634,LOF,0.0667578654285603,0.23064948958540787,0.7025926449860319
25635,LOF,0.04555137811804301,0.05509810079652247,0.8993505210854346
25636,GOF,0.005069744421186283,0.5597914970031153,0.4351387585756984
25637,LOF,0.005791160691483901,0.29987988101864826,0.6943289582898678
25638,LOF,0.006732294162292045,0.351839413729061,0.6414282921086469
25639,LOF,0.006444451873272893,0.24843952012387868,0.7451160280028485
25640,Neutral,0.5250256219602282,0.34501482928137894,0.12995954875839288
25641,LOF,0.009617831915289966,0.20855205291273374,0.7818301151719763
25642,LOF,0.3121533131035814,0.08909199359568923,0.5987546933007293
25643,LOF,0.4120184243759032,0.016217096566294456,0.5717644790578024
25644,LOF,0.01245359387857254,0.41671784587090827,0.5708285602505191
25645,GOF,0.010160232941621139,0.5928225121831151,0.39701725487526385
25646,LOF,0.011340549263955061,0.33232123367326744,0.6563382170627775
25647,LOF,0.011252623413662588,0.32290051722538815,0.6658468593609493
25648,LOF,0.008544924293069174,0.41189106545012427,0.5795640102568066
25649,LOF,0.007837055484753346,0.2642514111178847,0.7279115333973619
25650,GOF,0.027290155911800246,0.5630055618215507,0.4097042822666491
25651,LOF,0.0072086146385628444,0.4288671399921048,0.5639242453693323
25652,LOF,0.01750904712623776,0.28859751920065213,0.6938934336731101
25653,GOF,0.08642221847199992,0.49355848997117446,0.42001929155682566
25654,LOF,0.011692970352512424,0.4822403020537177,0.5060667275937699
25655,GOF,0.0917094369861149,0.48976676618024556,0.4185237968336396
25656,LOF,0.04669442268862465,0.47661057498286896,0.4766950023285064
25657,LOF,0.2389606259729814,0.058015617150416185,0.7030237568766023
25658,LOF,0.018504355371605677,0.322679530499324,0.6588161141290704
25659,LOF,0.12046930517165487,0.24582337448807587,0.6337073203402692
25660,LOF,0.08847156771682488,0.11811768245782714,0.7934107498253481
25661,LOF,0.07291068287615426,0.07536448654032672,0.851724830583519
25662,LOF,0.05458875389579018,0.06993830385730365,0.8754729422469062
25663,LOF,0.05110522752165761,0.08824123172704207,0.8606535407513003
25664,LOF,0.03884046687987543,0.15832755531717554,0.802831977802949
25665,LOF,0.06461437393156394,0.18130137606889452,0.7540842499995416
25666,LOF,0.06568541601054698,0.12585665816226155,0.8084579258271914
25667,LOF,0.043769954053273046,0.03274141983430787,0.9234886261124192
25668,LOF,0.05166570018224616,0.04504758134010183,0.9032867184776521
25669,LOF,0.04018414146069209,0.07169186159827728,0.8881239969410307
25670,LOF,0.06075085357110199,0.05487531560907163,0.8843738308198263
25671,LOF,0.059952109855053726,0.078701475230688,0.8613464149142582
25672,LOF,0.06948576061291589,0.11434753530338741,0.8161667040836967
25673,LOF,0.05971890059602628,0.06293678550186002,0.8773443139021138
25674,LOF,0.033461750693167536,0.10705670798857965,0.8594815413182528
25675,LOF,0.0650795682981295,0.04036676115369051,0.89455367054818
25676,LOF,0.04658602855775526,0.0906107357273979,0.8628032357148467
25677,LOF,0.07121993453805348,0.058922433082714824,0.8698576323792319
25678,LOF,0.27916829253498393,0.050395651615945336,0.6704360558490707
25679,LOF,0.14886596529484525,0.08155222778167795,0.7695818069234768
25680,LOF,0.09508514100436294,0.13800771030272954,0.7669071486929075
25681,LOF,0.10777077456499355,0.12409818477683415,0.7681310406581724
25682,LOF,0.056860327098049064,0.07923254843154656,0.8639071244704044
25683,LOF,0.12375508627273785,0.07022720381897073,0.8060177099082915
25684,LOF,0.08565049498989001,0.12313851573953925,0.7912109892705708
25685,LOF,0.1037122489674997,0.040797294439894626,0.8554904565926056
25686,LOF,0.02642987746978594,0.18840686756739544,0.7851632549628187
25687,LOF,0.04113850341575284,0.198251361210549,0.7606101353736981
25688,LOF,0.01424514854555348,0.3872720454023326,0.5984828060521139
25689,LOF,0.010015558130044394,0.22488086903815577,0.7651035728317999
25690,LOF,0.011323163477898105,0.3937440256606524,0.5949328108614494
25691,GOF,0.08147628784228615,0.49895776895678795,0.4195659432009259
25692,LOF,0.13322937419841047,0.04267085493256745,0.8240997708690221
25693,GOF,0.025943219943495754,0.549406466207108,0.4246503138493963
25694,LOF,0.2063717368845284,0.06412761316161283,0.7295006499538587
25695,LOF,0.16088232328835914,0.08659516374439971,0.7525225129672412
25696,LOF,0.1675767475455992,0.05553724665839732,0.7768860057960035
25697,LOF,0.15781102139776262,0.038332734774197026,0.8038562438280402
25698,LOF,0.01295931921732026,0.45497594881940967,0.53206473196327
25699,LOF,0.06742483636485352,0.2520886013850673,0.6804865622500791
25700,LOF,0.061533050564826594,0.018155722815620695,0.9203112266195527
25701,LOF,0.008879394971242635,0.4544264446304568,0.5366941603983005
25702,GOF,0.02141572924339633,0.6555831441048193,0.3230011266517845
25703,LOF,0.01534334708966836,0.07314200312425097,0.9115146497860807
25704,LOF,0.06786746539297223,0.10750162724481002,0.8246309073622178
25705,LOF,0.09667663355149853,0.19603825560066812,0.7072851108478334
25706,GOF,0.02124115298823357,0.796535021380941,0.18222382563082537
25707,GOF,0.018026491887582357,0.7425492354275728,0.23942427268484487
25708,GOF,0.007599774754097932,0.7845525092394362,0.20784771600646587
25709,LOF,0.04721020983941569,0.108359952861385,0.8444298372991994
25710,LOF,0.013297386209132175,0.21207313378257076,0.774629480008297
25711,LOF,0.047463213043385785,0.12208932519076758,0.8304474617658466
25712,LOF,0.021969654277479645,0.14561540348546753,0.8324149422370527
25713,LOF,0.0417599045427283,0.1310797558523905,0.8271603396048811
25714,LOF,0.03601076362593906,0.3070048677503671,0.6569843686236938
25715,LOF,0.03509805850721387,0.19583004528787873,0.7690718962049073
25716,LOF,0.012074853157511825,0.08263256210461145,0.9052925847378767
25717,LOF,0.01114602579813195,0.07548077318204867,0.9133732010198193
25718,LOF,0.04497506788449826,0.07921194942681675,0.875812982688685
25719,LOF,0.041612706487533624,0.12867428069751483,0.8297130128149516
25720,LOF,0.03755119741230916,0.1704144557262432,0.7920343468614477
25721,LOF,0.04199167358772636,0.09646218518272212,0.8615461412295515
25722,LOF,0.03818463838826122,0.12351151655674156,0.8383038450549972
25723,LOF,0.048856970669032426,0.15412076257128454,0.797022266759683
25724,LOF,0.059606514636727885,0.466969789950031,0.47342369541324114
25725,LOF,0.06480081583021287,0.13509728239268534,0.8001019017771017
25726,LOF,0.04084755077108959,0.14083722057174505,0.8183152286571654
25727,LOF,0.060095919352540855,0.09206556797406211,0.847838512673397
25728,LOF,0.03563233032952963,0.21422139154259245,0.7501462781278779
25729,LOF,0.04049842578991787,0.19576229287475774,0.7637392813353244
25730,LOF,0.048194834240915474,0.15975394779163554,0.7920512179674492
25731,LOF,0.015263859775858197,0.10919825503319056,0.8755378851909513
25732,LOF,0.03269657714847033,0.10141725741329222,0.8658861654382374
25733,LOF,0.04504200656812018,0.2782799561765001,0.6766780372553797
25734,LOF,0.009538205208709146,0.1895554764070261,0.8009063183842648
25735,LOF,0.040794097918856645,0.11407464882953242,0.845131253251611
25736,LOF,0.03766303755261137,0.18501607854590527,0.7773208839014834
25737,LOF,0.06154711386231903,0.11089943124300983,0.8275534548946711
25738,LOF,0.053411007047950515,0.2207482383386622,0.7258407546133874
25739,LOF,0.03664380621541816,0.17382866097694777,0.789527532807634
25740,LOF,0.05741063116345635,0.15136615561307923,0.7912232132234644
25741,LOF,0.056397385854471856,0.15019119032283346,0.7934114238226948
25742,LOF,0.06126546545216685,0.18297634675343102,0.755758187794402
25743,LOF,0.013127604843448338,0.03596269613146074,0.9509096990250908
25744,GOF,0.0926519532588216,0.4865973066991983,0.42075074004198
25745,LOF,0.021124424718399724,0.4525451520915836,0.5263304231900167
25746,LOF,0.011880064439049256,0.44901926269376535,0.5391006728671853
25747,LOF,0.049782573020356234,0.040403512793480104,0.9098139141861636
25748,LOF,0.0994665796612949,0.23261250071829198,0.6679209196204131
25749,LOF,0.01169080143762852,0.37810816663262187,0.6102010319297496
25750,LOF,0.013433251767721905,0.46206568714341456,0.5245010610888635
25751,LOF,0.031510964954627366,0.15664947635723056,0.8118395586881422
25752,GOF,0.10381444655881569,0.6073906119779858,0.2887949414631985
25753,LOF,0.010537674377484594,0.19454259732326173,0.7949197282992537
25754,GOF,0.01069128368501147,0.8671696774335195,0.1221390388814691
25755,LOF,0.009166745607713906,0.20549492156166366,0.7853383328306224
25756,LOF,0.051450961603042154,0.26121712506563555,0.6873319133313224
25757,GOF,0.009731242076225294,0.7732845865881943,0.21698417133558043
25758,GOF,0.009475032362575611,0.8516092343902938,0.1389157332471306
25759,GOF,0.005867572556635881,0.6748567086100233,0.3192757188333408
25760,LOF,0.008102856299236407,0.11677164185609559,0.875125501844668
25761,GOF,0.03460326281086949,0.8506784029030137,0.11471833428611672
25762,LOF,0.0570869727336016,0.2743768931534906,0.6685361341129077
25763,LOF,0.009326425753050172,0.1084714733461123,0.8822021009008375
25764,GOF,0.09445735287273214,0.5946914769003021,0.3108511702269658
25765,GOF,0.008834120086758287,0.8400590464377454,0.1511068334754962
25766,GOF,0.025240232918143826,0.8103404962836085,0.16441927079824778
25767,GOF,0.009778020444890364,0.6959414409382881,0.2942805386168216
25768,LOF,0.04786094897922576,0.08238007035078407,0.8697589806699901
25769,LOF,0.030763295746332332,0.22381512021245495,0.7454215840412127
25770,Neutral,0.7220607710170668,0.07688958281723453,0.2010496461656987
25771,LOF,0.030976917265793512,0.11394590135814335,0.8550771813760631
25772,LOF,0.04423275103711093,0.170471331462835,0.785295917500054
25773,LOF,0.02547993503247415,0.29909763350877927,0.6754224314587466
25774,LOF,0.05481456933070475,0.2239746547333452,0.72121077593595
25775,LOF,0.026312359645998228,0.10036284365777795,0.8733247966962239
25776,LOF,0.02711610245016846,0.15811294922931898,0.8147709483205126
25777,LOF,0.29706425616484117,0.16495842752917358,0.5379773163059852
25778,LOF,0.038797676830931604,0.18218451202369115,0.7790178111453773
25779,GOF,0.12905443817591408,0.5335226358129187,0.3374229260111672
25780,GOF,0.11304277182813316,0.5533742866806683,0.3335829414911984
25781,GOF,0.05776348968762675,0.5083141908612403,0.433922319451133
25782,GOF,0.0474217808008832,0.5400202760596532,0.41255794313946353
25783,GOF,0.0948771210324152,0.6055244289106461,0.29959845005693875
25784,GOF,0.20642047140540543,0.507069513047871,0.28651001554672356
25785,GOF,0.33226178579923654,0.5344478241080515,0.13329039009271185
25786,LOF,0.020848004677348674,0.33265625202685234,0.646495743295799
25787,Neutral,0.5208351332882467,0.2892224612056572,0.18994240550609595
25788,LOF,0.038526367861828406,0.07413082326406167,0.8873428088741099
25789,GOF,0.03999604850300573,0.6910188429866878,0.2689851085103064
25790,GOF,0.05347729835617527,0.5588494867692861,0.38767321487453854
25791,GOF,0.03948165681135713,0.6038093979093345,0.35670894527930846
25792,GOF,0.05245323937145061,0.6443962710181986,0.30315048961035074
25793,LOF,0.0870942232669767,0.4512495829672881,0.46165619376573525
25794,LOF,0.08440204310740457,0.3193891032855316,0.5962088536070639
25795,LOF,0.05277210170786853,0.21263006437636991,0.7345978339157615
25796,LOF,0.31013580009219055,0.28620758047738,0.4036566194304294
25797,LOF,0.10344403527373688,0.2939469281844444,0.6026090365418187
25798,GOF,0.011856152390958944,0.6568142747504586,0.3313295728585823
25799,GOF,0.008787380115518002,0.5649547466959952,0.4262578731884868
25800,GOF,0.03970339798337504,0.7681602406498459,0.19213636136677922
25801,GOF,0.0574939428379601,0.6527166081784035,0.2897894489836363
25802,GOF,0.07074895874996688,0.5975859148769038,0.33166512637312934
25803,LOF,0.047538733038212565,0.42231232006406644,0.530148946897721
25804,LOF,0.10458135101822227,0.32974833153915684,0.565670317442621
25805,GOF,0.06297532674232209,0.5276575522700594,0.40936712098761857
25806,GOF,0.07935352520300454,0.5435206843406428,0.37712579045635275
25807,LOF,0.029576457167407758,0.4547905121526241,0.5156330306799681
25808,GOF,0.07242839245521178,0.6251211530225446,0.3024504545222438
25809,LOF,0.018668657629189712,0.4065042433284664,0.574827099042344
25810,LOF,0.016580560736933144,0.44224516072349074,0.541174278539576
25811,GOF,0.12811287905290192,0.5477269844629955,0.3241601364841025
25812,LOF,0.11017935597732799,0.37487320595790535,0.5149474380647666
25813,GOF,0.36186220774148625,0.38675207545929813,0.2513857167992156
25814,GOF,0.08268768598406007,0.4959342925315082,0.42137802148443176
25815,GOF,0.12971728040593908,0.501059631115387,0.3692230884786738
25816,GOF,0.020880312608732195,0.6462841430453488,0.33283554434591905
25817,LOF,0.1265653356535876,0.36676370090282395,0.5066709634435884
25818,GOF,0.0626203533905689,0.5209795133165779,0.41640013329285325
25819,LOF,0.12596552475600922,0.39449804800570104,0.4795364272382897
25820,LOF,0.13007507233524987,0.3677304241123524,0.5021945035523978
25821,LOF,0.09512749578501732,0.4297119767119325,0.4751605275030503
25822,LOF,0.18756059978422854,0.3218084419798986,0.4906309582358728
25823,LOF,0.09514106680012363,0.23460026698018835,0.6702586662196879
25824,GOF,0.06605384170005717,0.5554163457722985,0.37852981252764434
25825,GOF,0.04693713689676107,0.5764296233865555,0.37663323971668344
25826,LOF,0.017430489690576062,0.3903208654078688,0.592248644901555
25827,GOF,0.014375228833837888,0.5499690573729895,0.4356557137931725
25828,GOF,0.015272658550466998,0.5288342972578535,0.45589304419167953
25829,LOF,0.009667787179302617,0.2815409664651948,0.7087912463555025
25830,LOF,0.1603847188945995,0.053668649647861735,0.7859466314575388
25831,GOF,0.05640024876746964,0.6715405019198178,0.27205924931271247
25832,LOF,0.01654884304719342,0.33935684330284893,0.6440943136499577
25833,GOF,0.07388475001049366,0.483592843360132,0.4425224066293744
25834,LOF,0.017329765419081742,0.32855650650141666,0.6541137280795016
25835,GOF,0.06002777717493053,0.654669423845194,0.28530279897987537
25836,LOF,0.015118239708726076,0.49134783797219383,0.49353392231908016
25837,LOF,0.024020536771786612,0.37984051667631447,0.5961389465518988
25838,GOF,0.059176670168936185,0.5605102835325206,0.3803130462985432
25839,LOF,0.14154296402845298,0.41714823125728584,0.4413088047142612
25840,GOF,0.12360708693587086,0.5205145541084601,0.355878358955669
25841,GOF,0.11303109694731091,0.5649631812924282,0.322005721760261
25842,GOF,0.06486966173238289,0.6460277374573584,0.28910260081025857
25843,GOF,0.04230369696506988,0.6942358399059508,0.2634604631289794
25844,GOF,0.046629004233122204,0.517848332572073,0.43552266319480487
25845,LOF,0.012998826077428976,0.2920975391739507,0.6949036347486204
25846,GOF,0.07040320470570856,0.5141414022871375,0.415455393007154
25847,GOF,0.05045529927558705,0.6396352316393161,0.3099094690850968
25848,GOF,0.04413236140455061,0.6646306788108814,0.2912369597845681
25849,GOF,0.011053694670559644,0.5843178005152264,0.40462850481421403
25850,GOF,0.01657118859304607,0.5389880982756489,0.4444407131313051
25851,LOF,0.01692334923539968,0.46804662411368614,0.5150300266509142
25852,LOF,0.23463761453793658,0.3814614768831109,0.38390090857895254
25853,GOF,0.10151246364118671,0.4718250115818315,0.42666252477698186
25854,LOF,0.01111785738073952,0.4539535145512952,0.5349286280679653
25855,LOF,0.03901260845184498,0.4156801576219061,0.5453072339262489
25856,GOF,0.09675638738629848,0.5805326315101752,0.32271098110352625
25857,LOF,0.04319671848410674,0.3543282325966882,0.602475048919205
25858,LOF,0.016573800166220676,0.294248479069183,0.6891777207645963
25859,LOF,0.011426451156334824,0.28678396688532715,0.7017895819583381
25860,LOF,0.11708424777381506,0.3430915681821685,0.5398241840440164
25861,GOF,0.13377800002178933,0.4392238385717048,0.4269981614065059
25862,GOF,0.035078084308095024,0.7028909145074922,0.2620310011844128
25863,GOF,0.03785646782469245,0.608312595229943,0.3538309369453645
25864,GOF,0.05141750038980763,0.6555990164631618,0.29298348314703065
25865,GOF,0.04268919822270517,0.6490839814569084,0.30822682032038656
25866,GOF,0.05334138253098593,0.6328395923921848,0.3138190250768293
25867,GOF,0.1375556579137778,0.6308592691612496,0.23158507292497277
25868,GOF,0.12379088410726002,0.4808468468341471,0.39536226905859295
25869,Neutral,0.46013260981374837,0.35247069966176287,0.18739669052448862
25870,LOF,0.20253458089302454,0.08564252598876454,0.7118228931182109
25871,LOF,0.01684879088513614,0.34910674430426214,0.6340444648106017
25872,LOF,0.04612285762377837,0.4224421065215199,0.5314350358547018
25873,GOF,0.034059174465469445,0.6249314532422979,0.34100937229223255
25874,LOF,0.0554908402832247,0.024867152193942338,0.919642007522833
25875,LOF,0.023491732219371224,0.42057463578243215,0.5559336319981966
25876,LOF,0.03083906857477311,0.103284572341691,0.8658763590835359
25877,GOF,0.08739017890214065,0.5455694660864457,0.3670403550114136
25878,GOF,0.05708020392369729,0.724099714789513,0.21882008128678987
25879,LOF,0.014091399332747757,0.35121122360304874,0.6346973770642035
25880,LOF,0.044810587399393115,0.045831985400851954,0.909357427199755
25881,GOF,0.3823427462233216,0.3937672499814587,0.22389000379521967
25882,LOF,0.025243781711007666,0.3077929117317449,0.6669633065572474
25883,LOF,0.02525279411081584,0.13482534038900257,0.8399218655001816
25884,LOF,0.021444439780485935,0.18172119241242793,0.796834367807086
25885,LOF,0.15139564972218048,0.0428014960939622,0.8058028541838573
25886,LOF,0.04788133830614193,0.2356822582613307,0.7164364034325273
25887,GOF,0.040583646722322925,0.6302718833300148,0.3291444699476623
25888,LOF,0.005513646935479302,0.4206576236440089,0.5738287294205119
25889,LOF,0.0391372126734538,0.1036700438170076,0.8571927435095387
25890,LOF,0.13949974744058194,0.35654861245251807,0.5039516401069001
25891,LOF,0.12272337321435707,0.11610260800404196,0.761174018781601
25892,LOF,0.0059777913849436495,0.1535877011154984,0.840434507499558
25893,LOF,0.2721506365270561,0.06589392275387088,0.661955440719073
25894,LOF,0.331439928935555,0.03877587315718433,0.6297841979072607
25895,LOF,0.2270570849493524,0.04059234896579337,0.7323505660848542
25896,LOF,0.08568816822425045,0.09672190531713079,0.8175899264586188
25897,LOF,0.09069878689089171,0.06806465649731591,0.8412365566117924
25898,GOF,0.07643524785970449,0.4800705905978232,0.4434941615424723
25899,LOF,0.2403221154388298,0.1844757072183759,0.5752021773427943
25900,Neutral,0.8513904680737004,0.03423472755126266,0.11437480437503697
25901,LOF,0.07478099755981482,0.02883259456823177,0.8963864078719535
25902,LOF,0.19298499524238363,0.010284686332789306,0.796730318424827
25903,LOF,0.1302068915300309,0.1795660088540711,0.6902270996158981
25904,LOF,0.3607063766124262,0.20565549736028513,0.4336381260272887
25905,LOF,0.012130570038903561,0.33699374682272965,0.6508756831383669
25906,LOF,0.015932629072315383,0.0366374284601351,0.9474299424675495
25907,LOF,0.010285810718718105,0.26912858723830896,0.720585602042973
25908,LOF,0.010268069593771651,0.23671829209672085,0.7530136383095075
25909,LOF,0.03981129293430888,0.14841460184771774,0.8117741052179733
25910,LOF,0.02098692804567715,0.17386573857752202,0.8051473333768008
25911,LOF,0.08827395773703915,0.09706825123584703,0.8146577910271138
25912,LOF,0.12462194111782154,0.017586100653241087,0.8577919582289373
25913,LOF,0.010341155111068671,0.06443253243519553,0.9252263124537358
25914,LOF,0.033691823335041886,0.19020557074505742,0.7761026059199007
25915,GOF,0.06193668210538482,0.86305936788809,0.0750039500065252
25916,GOF,0.011287322735072186,0.654557242993222,0.33415543427170585
25917,LOF,0.20951821068242157,0.09539148271156625,0.6950903066060121
25918,LOF,0.04059707531753221,0.09213274619010155,0.8672701784923663
25919,LOF,0.038208140748021174,0.06922952300997803,0.8925623362420009
25920,GOF,0.12368463360972505,0.4907137808399171,0.38560158555035784
25921,LOF,0.023156784637747417,0.0380361459955757,0.938807069366677
25922,LOF,0.019357311812003307,0.04390400679860183,0.9367386813893948
25923,LOF,0.31570702863881045,0.07818759315564482,0.6061053782055447
25924,LOF,0.02793008125370551,0.08697907766778455,0.88509084107851
25925,LOF,0.23862301008033665,0.018759505425274846,0.7426174844943885
25926,LOF,0.10218674420715936,0.09195847069377254,0.805854785099068
25927,LOF,0.014706241032326203,0.0761913289932502,0.9091024299744236
25928,LOF,0.014883878764390684,0.040670144360782964,0.9444459768748262
25929,Neutral,0.6083998889959848,0.07436886869613595,0.31723124230787925
25930,LOF,0.0305675403585189,0.12852418484279104,0.84090827479869
25931,LOF,0.01449404144054201,0.05836066779806989,0.9271452907613882
25932,LOF,0.06151810444661251,0.04007176212167912,0.8984101334317084
25933,LOF,0.053867094532071016,0.022002076591409805,0.9241308288765192
25934,LOF,0.05381526962558223,0.03337494321090152,0.9128097871635162
25935,LOF,0.2486957487476618,0.02497289124592346,0.7263313600064147
25936,LOF,0.04905742454508036,0.02931853205244552,0.9216240434024741
25937,LOF,0.014147336352548757,0.08576280207477455,0.9000898615726766
25938,LOF,0.24667592072897887,0.020727557207438897,0.7325965220635822
25939,LOF,0.040343657714376154,0.03276869083430698,0.9268876514513169
25940,GOF,0.006469912688100536,0.5853348794739317,0.40819520783796764
25941,LOF,0.38121120011029075,0.09208146700179254,0.5267073328879167
25942,LOF,0.012363963225784739,0.12533045602793083,0.8623055807462844
25943,GOF,0.018866748859060322,0.6411630648586809,0.3399701862822587
25944,LOF,0.01878966472426117,0.39651341302252546,0.5846969222532133
25945,LOF,0.07163642007540444,0.10796023479363065,0.8204033451309648
25946,LOF,0.08146455463487388,0.06758954846350289,0.8509458969016234
25947,LOF,0.4671651004482353,0.026547282971834653,0.5062876165799302
25948,LOF,0.24970847649465022,0.03647986391946171,0.7138116595858881
25949,LOF,0.23265219973216666,0.029732479243182796,0.7376153210246505
25950,GOF,0.04955007537724691,0.7787049468335132,0.17174497778923983
25951,LOF,0.01271911318128364,0.4001032542167392,0.5871776326019772
25952,LOF,0.08350134978295602,0.3645129130626323,0.5519857371544117
25953,LOF,0.0072131609466791905,0.40745537635950857,0.5853314626938123
25954,GOF,0.02922439440977504,0.518636886752613,0.4521387188376119
25955,GOF,0.004977902211171025,0.6296368373570908,0.3653852604317383
25956,GOF,0.011115575183159287,0.6756998251295045,0.31318459968733614
25957,LOF,0.25407868801710853,0.06316096284613594,0.6827603491367555
25958,LOF,0.022098083860710833,0.21586099021469315,0.7620409259245959
25959,GOF,0.004502862291013109,0.624877582609634,0.37061955509935307
25960,LOF,0.006248809755562887,0.12998404530658977,0.8637671449378475
25961,LOF,0.01957058478591104,0.19994993525596952,0.7804794799581194
25962,LOF,0.12334461061793778,0.024416484990521854,0.8522389043915404
25963,LOF,0.01242276507389432,0.11499515251227463,0.8725820824138311
25964,LOF,0.05462158051240834,0.10401242975627523,0.8413659897313164
25965,LOF,0.1601814849234614,0.196215451087895,0.6436030639886436
25966,GOF,0.14799431310736877,0.47116009681427234,0.3808455900783589
25967,LOF,0.010951543639094091,0.11325476781658483,0.8757936885443212
25968,LOF,0.14511300265326488,0.42100000529766085,0.43388699204907427
25969,LOF,0.2004284270005951,0.025397237123287453,0.7741743358761175
25970,LOF,0.021992789056622594,0.15637251073980873,0.8216347002035685
25971,LOF,0.07742942768568248,0.14023124836651782,0.7823393239477996
25972,LOF,0.06558369310160864,0.12743401347745278,0.8069822934209385
25973,LOF,0.19887481237184665,0.013028651014972215,0.788096536613181
25974,LOF,0.06436840470420364,0.3495014004886058,0.5861301948071906
25975,LOF,0.05306975138068136,0.028359159092374495,0.9185710895269442
25976,LOF,0.0760490629697689,0.020383665556183615,0.9035672714740475
25977,LOF,0.1991435658298402,0.07374797846030012,0.7271084557098596
25978,LOF,0.20688123206233122,0.1775650619548004,0.6155537059828684
25979,LOF,0.15282828676271734,0.21379784803847385,0.6333738651988087
25980,LOF,0.1477724209627157,0.3662070928261184,0.4860204862111658
25981,LOF,0.15119986998904034,0.38993818012105685,0.4588619498899028
25982,LOF,0.19631102421259158,0.2869095512802538,0.5167794245071547
25983,LOF,0.17176195631851207,0.3088816721989019,0.5193563714825861
25984,LOF,0.04163686356061971,0.08012879554514772,0.8782343408942326
25985,Neutral,0.4383114022272368,0.2903832361937767,0.27130536157898655
25986,GOF,0.010240497176474647,0.6681244016216695,0.32163510120185573
25987,LOF,0.02458273166846491,0.12525659911873246,0.8501606692128028
25988,LOF,0.0362739952466771,0.10509740800509666,0.8586285967482262
25989,LOF,0.04892818717267929,0.1182666196911984,0.8328051931361223
25990,LOF,0.04727675115323629,0.2561452639108109,0.6965779849359528
25991,GOF,0.048998860077950214,0.7479997591944,0.20300138072764962
25992,LOF,0.019690636297281554,0.47095806366980264,0.5093513000329157
25993,LOF,0.05590190281408148,0.03710918249355631,0.9069889146923623
25994,LOF,0.056291203501268136,0.0707109468965579,0.8729978496021739
25995,LOF,0.03818681264384203,0.06614694655104988,0.895666240805108
25996,GOF,0.29414618171322676,0.5388678826007659,0.16698593568600725
25997,GOF,0.05195898212970408,0.7072878397385435,0.24075317813175245
25998,LOF,0.20097823452126062,0.16293961907785287,0.6360821464008866
25999,GOF,0.012586829494700968,0.5829152893902162,0.40449788111508284
26000,LOF,0.12395222658626176,0.01295255733977456,0.8630952160739637
26001,LOF,0.12463189775518635,0.02961539728120262,0.845752704963611
26002,LOF,0.19522863164276683,0.007588645675661058,0.7971827226815721
26003,GOF,0.010939760508293987,0.5931354406713203,0.3959247988203858
26004,GOF,0.025794396225376482,0.5219742749596871,0.45223132881493644
26005,GOF,0.006061507809007903,0.5435168465549307,0.45042164563606146
26006,GOF,0.18290765277312143,0.6078795225476882,0.20921282467919042
26007,GOF,0.015257524969783677,0.5699332578900417,0.4148092171401746
26008,GOF,0.012637707569694387,0.5299708828179733,0.45739140961233243
26009,GOF,0.02758017978049559,0.7385781129468884,0.23384170727261605
26010,GOF,0.012685666602310543,0.634110359261694,0.35320397413599547
26011,LOF,0.006809037750965753,0.4013423014665902,0.591848660782444
26012,GOF,0.007738629731316295,0.579622343077442,0.4126390271912418
26013,LOF,0.008352834931867042,0.4927532386176875,0.4988939264504454
26014,LOF,0.1902037458124492,0.012081382858617795,0.797714871328933
26015,LOF,0.14162742727336372,0.09797875654518083,0.7603938161814555
26016,LOF,0.19235040400407913,0.12272864255958459,0.6849209534363363
26017,LOF,0.02015160055806342,0.32856049492827416,0.6512879045136624
26018,LOF,0.02503868666062915,0.2914971020053532,0.6834642113340176
26019,LOF,0.02592461945252132,0.1932517761082177,0.780823604439261
26020,LOF,0.007436986290553268,0.2063755032020701,0.7861875105073767
26021,LOF,0.0648162972600477,0.18906865966489222,0.7461150430750602
26022,LOF,0.05953311165774703,0.0795715005245345,0.8608953878177185
26023,LOF,0.039053016392100896,0.2588973081734147,0.7020496754344843
26024,LOF,0.05425585026278159,0.1291130421649646,0.8166311075722538
26025,LOF,0.07491881780416138,0.24027942997834587,0.6848017522174927
26026,LOF,0.113462076307935,0.23472735077455706,0.6518105729175079
26027,LOF,0.038245135421555415,0.10647737785691955,0.8552774867215249
26028,LOF,0.035404460141887396,0.37249587734677875,0.592099662511334
26029,LOF,0.029796118709869344,0.43729741426853797,0.5329064670215928
26030,LOF,0.2288397188379978,0.06090953435774425,0.710250746804258
26031,LOF,0.013458263201670425,0.46375907069856265,0.522782666099767
26032,LOF,0.037071511824368124,0.0599136428157769,0.903014845359855
26033,LOF,0.059785281558222166,0.14706435545415994,0.7931503629876179
26034,LOF,0.01631998677123035,0.2770267463958903,0.7066532668328794
26035,LOF,0.012610001505877691,0.3536937407564237,0.6336962577376987
26036,LOF,0.011368170000019044,0.21921062966119018,0.7694212003387908
26037,LOF,0.01138213105664197,0.244794634150323,0.743823234793035
26038,LOF,0.02627693661441224,0.07093942495408674,0.902783638431501
26039,LOF,0.028068493001880204,0.29497986420342776,0.6769516427946921
26040,LOF,0.04311882472745449,0.25595359340505186,0.7009275818674936
26041,LOF,0.013083544173946743,0.2784721060926425,0.7084443497334106
26042,LOF,0.01176042755784759,0.30750181315956426,0.6807377592825882
26043,LOF,0.027270447208832344,0.19050840878222386,0.7822211440089438
26044,LOF,0.009200079294214585,0.24670418449026313,0.7440957362155223
26045,GOF,0.05291324161262492,0.5896187829770038,0.3574679754103712
26046,LOF,0.02584233419967885,0.20066887261633834,0.7734887931839827
26047,LOF,0.07246810946043128,0.10583831039017592,0.8216935801493929
26048,LOF,0.08317480513508645,0.12596455901313264,0.790860635851781
26049,Neutral,0.8490741217035745,0.04449576219009319,0.10643011610633245
26050,Neutral,0.8396252715958272,0.039916583275222434,0.12045814512895027
26051,GOF,0.010127046144610425,0.5669323176887001,0.4229406361666895
26052,LOF,0.01255914694455375,0.454121969469323,0.5333188835861232
26053,LOF,0.03182310585874258,0.02705751502925527,0.9411193791120022
26054,LOF,0.1597924186925675,0.0712815745701417,0.7689260067372908
26055,LOF,0.17737264034367412,0.12351239580006933,0.6991149638562565
26056,LOF,0.18128398850252805,0.13029013226230388,0.6884258792351681
26057,LOF,0.05543925572552792,0.03278455253133652,0.9117761917431356
26058,LOF,0.06415332325673452,0.027076408188932286,0.9087702685543332
26059,Neutral,0.8314776060545569,0.069454287815985,0.09906810612945798
26060,LOF,0.013943454482323495,0.3089311858448002,0.6771253596728763
26061,LOF,0.014738302327223202,0.03018064704005472,0.9550810506327221
26062,LOF,0.008685166785655963,0.07680109803585783,0.9145137351784861
26063,LOF,0.04761964459171562,0.03543481218832512,0.9169455432199592
26064,LOF,0.014475234132142387,0.04178387366299993,0.9437408922048577
26065,LOF,0.03363413435534356,0.049725582716128064,0.9166402829285283
26066,LOF,0.04860876275783103,0.04039204615716411,0.9109991910850048
26067,LOF,0.06268177966195763,0.04958693565173791,0.8877312846863044
26068,LOF,0.16923305679895917,0.08283418455650571,0.7479327586445351
26069,LOF,0.070300770947441,0.12227873554509294,0.807420493507466
26070,LOF,0.08210511305513488,0.11329670204232166,0.8045981849025435
26071,LOF,0.05222119791294224,0.03694949099319797,0.9108293110938597
26072,LOF,0.010517286663509463,0.032049145379698434,0.9574335679567921
26073,LOF,0.044062572581308156,0.029848620435940453,0.9260888069827514
26074,Neutral,0.8118242226500926,0.046349654299291304,0.14182612305061607
26075,LOF,0.055434457715376306,0.175879596711123,0.7686859455735007
26076,LOF,0.05038980072773074,0.07277064380039779,0.8768395554718715
26077,LOF,0.16189377573195754,0.08331770138608817,0.7547885228819543
26078,LOF,0.008936088750753558,0.05632773919410015,0.9347361720551463
26079,LOF,0.16143044877050103,0.08427294537581294,0.7542966058536861
26080,LOF,0.16143044877050103,0.08427294537581294,0.7542966058536861
26081,LOF,0.05319396532422381,0.036297055809381876,0.9105089788663943
26082,LOF,0.009882547094365703,0.08398545995571692,0.9061319929499173
26083,LOF,0.030682395306775054,0.11242386759800407,0.8568937370952209
26084,LOF,0.043419385013475746,0.05869192545526139,0.897888689531263
26085,LOF,0.041660878710120294,0.048241523923483375,0.9100975973663964
26086,LOF,0.039376538060655976,0.05766658372502402,0.90295687821432
26087,LOF,0.05228155905581262,0.0626712745613138,0.8850471663828736
26088,LOF,0.010801429841358698,0.12150016505940966,0.8676984050992317
26089,LOF,0.051123721012511274,0.24678307087921708,0.7020932081082717
26090,LOF,0.054888706949853476,0.2356510291247499,0.7094602639253966
26091,LOF,0.04010920305460254,0.04779195389541255,0.912098843049985
26092,LOF,0.0476258175601418,0.03187882305023229,0.9204953593896259
26093,LOF,0.07108530877217954,0.02863596386723081,0.9002787273605896
26094,LOF,0.04217037497293134,0.04310693099557009,0.9147226940314986
26095,LOF,0.015642592935376613,0.05740446838070673,0.9269529386839166
26096,LOF,0.26916792286331515,0.01148625649957113,0.7193458206371138
26097,LOF,0.01003535440146474,0.04938714959872719,0.940577495999808
26098,LOF,0.15785516588772489,0.07115506324825195,0.7709897708640231
26099,LOF,0.03249022895937701,0.07022008162760059,0.8972896894130225
26100,LOF,0.03249022895937701,0.07022008162760059,0.8972896894130225
26101,LOF,0.0317984859731813,0.08233274492960618,0.8858687690972125
26102,LOF,0.042451003543234285,0.03879206346790246,0.9187569329888633
26103,Neutral,0.837633811241727,0.06576506883573666,0.09660111992253638
26104,LOF,0.16867018943279694,0.10270041892961816,0.728629391637585
26105,LOF,0.2580242726854596,0.18591689765547517,0.5560588296590653
26106,LOF,0.28111171490772696,0.23694144423559588,0.48194684085667716
26107,LOF,0.00824345606284342,0.32918398737347004,0.6625725565636866
26108,LOF,0.11532499255381837,0.2819454668628583,0.6027295405833234
26109,LOF,0.053107447131753804,0.07357200865080983,0.8733205442174363
26110,LOF,0.1604258972609665,0.11249625253026489,0.7270778502087686
26111,LOF,0.04039204316061469,0.22441316411581613,0.7351947927235691
26112,LOF,0.04034298202715249,0.050573446559189085,0.9090835714136585
26113,LOF,0.035282369130325286,0.07511783117966321,0.8895997996900114
26114,LOF,0.08473008708908762,0.0544459571798744,0.8608239557310379
26115,LOF,0.011270504962060867,0.45720568227399255,0.5315238127639466
26116,LOF,0.07272703306418683,0.1501906752131351,0.7770822917226782
26117,LOF,0.16389278022953435,0.12335274968421339,0.7127544700862523
26118,LOF,0.041901278695305355,0.024156933977028252,0.9339417873276663
26119,LOF,0.006034311040205036,0.09903281329957096,0.894932875660224
26120,LOF,0.045482935959025556,0.02470562798301174,0.9298114360579627
26121,LOF,0.004965300446078179,0.20943782939636918,0.7855968701575525
26122,LOF,0.004351475571983769,0.23012979739359626,0.7655187270344199
26123,LOF,0.005148923411592039,0.21012181599347962,0.7847292605949283
