feature0,prediction,LoGoFunc_Neutral,LoGoFunc_GOF,LoGoFunc_LOF
25546,Neutral,0.7249454150517497,0.031905833752039,0.2431487511962113
25547,Neutral,0.5772409387914024,0.06794298542695552,0.3548160757816422
25548,Neutral,0.5840804983662061,0.050488892346843575,0.3654306092869503
25549,Neutral,0.5111004503653552,0.050598307222843086,0.43830124241180174
25550,LOF,0.3518946830813659,0.09841301222260705,0.549692304696027
25551,LOF,0.30854820462142935,0.10508844466655788,0.5863633507120128
25552,LOF,0.2198458860682722,0.10001955573585662,0.6801345581958712
25553,Neutral,0.8418123284881858,0.026181427771483162,0.13200624374033107
25554,LOF,0.25345172537127464,0.09637578078175173,0.6501724938469736
25555,LOF,0.2070481475143516,0.08613076925420268,0.7068210832314458
25556,LOF,0.42061387237754894,0.08160128765793416,0.49778483996451683
25557,LOF,0.20508051097171803,0.08874264457941802,0.7061768444488639
25558,LOF,0.2481216031205999,0.09897381735113905,0.652904579528261
25559,LOF,0.3876567354166913,0.15825697532100627,0.4540862892623024
25560,LOF,0.0483882250271772,0.14479412326237984,0.806817651710443
25561,LOF,0.10148709374544039,0.15643228431645145,0.7420806219381082
25562,LOF,0.10163676738673534,0.06575458134515733,0.8326086512681073
25563,LOF,0.09372506748249318,0.07563688938100988,0.8306380431364969
25564,LOF,0.186443177850456,0.1399236022782386,0.6736332198713053
25565,LOF,0.15810701697137924,0.1160426731659093,0.7258503098627116
25566,GOF,0.017659757450617486,0.7554450322634813,0.2268952102859013
25567,LOF,0.012909985480974585,0.16022174417866697,0.8268682703403585
25568,LOF,0.04766624002713509,0.074594847717263,0.877738912255602
25569,LOF,0.05793698986519419,0.07066910426194013,0.8713939058728657
25570,LOF,0.06415970692510975,0.11434688745429405,0.8214934056205961
25571,LOF,0.06114538585731021,0.10915514277111829,0.8296994713715715
25572,LOF,0.07136349606916637,0.1343750199309636,0.7942614839998701
25573,LOF,0.024660486657360606,0.09986217367037922,0.8754773396722602
25574,LOF,0.014429144856791072,0.1677024108665537,0.8178684442766552
25575,LOF,0.04598277008002286,0.1249446913210237,0.8290725385989535
25576,LOF,0.01823915921097183,0.13330386134133315,0.8484569794476949
25577,LOF,0.01457159031487069,0.14006535736629483,0.8453630523188345
25578,LOF,0.24949709104793236,0.09357739507820266,0.656925513873865
25579,LOF,0.2492962981869932,0.09280468930191256,0.6578990125110943
25580,LOF,0.031905503391668665,0.09039159249714061,0.8777029041111908
25581,LOF,0.051077276823881225,0.07263913703607014,0.8762835861400486
25582,LOF,0.05086453293447811,0.07065837154008923,0.8784770955254327
25583,LOF,0.04567626708241559,0.10983378311471119,0.8444899498028733
25584,Neutral,0.4695010372221672,0.1071975810857931,0.42330138169203974
25585,LOF,0.035225324198839364,0.11069705022246357,0.854077625578697
25586,LOF,0.030326458364052893,0.08672789578249096,0.882945645853456
25587,LOF,0.028713452009499325,0.07966152931017469,0.891625018680326
25588,LOF,0.029319729441034476,0.10218656719774293,0.8684937033612226
25589,Neutral,0.6225930746297379,0.13880488121772167,0.23860204415254033
25590,LOF,0.03016068786655425,0.1416909961322994,0.8281483160011464
25591,LOF,0.11443761018735406,0.062374127897131496,0.8231882619155144
25592,LOF,0.08818460243704031,0.16092540891404372,0.750889988648916
25593,LOF,0.021296074203361482,0.2641742628216101,0.7145296629750285
25594,LOF,0.03944292749352128,0.2225911652297026,0.7379659072767761
25595,LOF,0.041883690582445475,0.15700194131077874,0.8011143681067757
25596,LOF,0.055703486015358815,0.07433442993361868,0.8699620840510224
25597,LOF,0.044416662205740975,0.09224889874726241,0.8633344390469967
25598,LOF,0.043566650207653844,0.1533649508509747,0.8030683989413715
25599,GOF,0.010153939771383125,0.7748231645649547,0.21502289566366237
25600,GOF,0.01415332551368328,0.5524289873252145,0.4334176871611022
25601,LOF,0.0075482213172981495,0.4828628540178627,0.5095889246648392
25602,LOF,0.024962733901592645,0.04595784844630908,0.9290794176520983
25603,LOF,0.05132107002854277,0.03596462002532466,0.9127143099461326
25604,LOF,0.05531105975726674,0.03567877123351405,0.9090101690092193
25605,LOF,0.013976475591650632,0.24122935582786212,0.7447941685804873
25606,GOF,0.1073023781216457,0.45632293144454944,0.436374690433805
25607,LOF,0.005654328272264066,0.1720963373504244,0.8222493343773116
25608,LOF,0.06635791444408584,0.05863482727313408,0.87500725828278
25609,LOF,0.036770373437982604,0.41212702730850714,0.5511025992535102
25610,LOF,0.04252007480096685,0.026555787757728207,0.930924137441305
25611,LOF,0.0433728912079586,0.02345729968117036,0.933169809110871
25612,LOF,0.0985484107815931,0.037168635277490786,0.864282953940916
25613,LOF,0.07876226687812499,0.03672445619841957,0.8845132769234554
25614,LOF,0.029536212619398466,0.03449337014406737,0.9359704172365343
25615,LOF,0.061019502509151675,0.03389373301348483,0.9050867644773636
25616,LOF,0.031513630231329505,0.033424803139637124,0.9350615666290334
25617,LOF,0.030214716093085486,0.035565873805708796,0.9342194101012056
25618,LOF,0.18016643876109456,0.033223941208810816,0.7866096200300946
25619,LOF,0.028786057943174344,0.032742674740791795,0.9384712673160339
25620,LOF,0.03390589941660638,0.04185720654067575,0.9242368940427179
25621,LOF,0.03460817643380973,0.03072009656229004,0.9346717270039002
25622,LOF,0.037009721821507705,0.03651259169311294,0.9264776864853793
25623,LOF,0.07069184985822437,0.02962698224700979,0.8996811678947658
25624,LOF,0.026172200147540965,0.040617238802130924,0.9332105610503281
25625,LOF,0.03865932243295556,0.044685304347006426,0.916655373220038
25626,LOF,0.09013448542002712,0.030888500366030965,0.8789770142139419
25627,Neutral,0.5593746442189802,0.1491932615217629,0.2914320942592569
25628,LOF,0.16170842407694014,0.08513875777636871,0.7531528181466912
25629,LOF,0.0723884733335101,0.11088087449006957,0.8167306521764204
25630,LOF,0.15479920695705074,0.12819307632162766,0.7170077167213217
25631,Neutral,0.569820941505647,0.10196109437384387,0.3282179641205092
25632,LOF,0.022878247127175358,0.07061311360312374,0.9065086392697008
25633,LOF,0.213752395569507,0.08364403807868916,0.7026035663518039
25634,LOF,0.031105447313758916,0.11330509015339577,0.8555894625328454
25635,LOF,0.03653507469010177,0.09357570587060188,0.8698892194392963
25636,GOF,0.005792022086049496,0.5923323975210374,0.40187558039291316
25637,GOF,0.005452768062925398,0.5780226263375984,0.41652460559947624
25638,LOF,0.010012487219014743,0.45212781720249284,0.5378596955784924
25639,LOF,0.0048861354458562935,0.4237546591392471,0.5713592054148966
25640,Neutral,0.48353130956775636,0.4573432501038288,0.059125440328414776
25641,LOF,0.0070247924799488265,0.3526145647942104,0.6403606427258408
25642,LOF,0.23232176854578437,0.07632805779820497,0.6913501736560107
25643,LOF,0.20177300426908978,0.19072948861416678,0.6074975071167434
25644,GOF,0.019020375230167225,0.5604110711623507,0.420568553607482
25645,GOF,0.01741371649091632,0.5398916519246352,0.44269463158444844
25646,LOF,0.021256476010930805,0.3087484674681414,0.6699950565209278
25647,LOF,0.018082601326256366,0.24538088102221922,0.7365365176515244
25648,LOF,0.016353066030824988,0.26139563008723365,0.7222513038819414
25649,LOF,0.014186637807293206,0.2154271132372138,0.770386248955493
25650,GOF,0.03678132423196051,0.5716587401795904,0.39155993558844915
25651,LOF,0.011120641270311432,0.25644418966872035,0.7324351690609683
25652,LOF,0.019359628951781886,0.258765024658577,0.7218753463896411
25653,LOF,0.09027820058079786,0.37686663927430986,0.5328551601448922
25654,LOF,0.01642935036165409,0.21679359840214807,0.7667770512361979
25655,LOF,0.13247876258102648,0.3753155353254159,0.4922057020935576
25656,LOF,0.064293815320206,0.05310139777339531,0.8826047869063987
25657,LOF,0.27611404043789906,0.022363704912292354,0.7015222546498086
25658,LOF,0.04349703313816754,0.06114814321466378,0.8953548236471687
25659,LOF,0.28178947593280623,0.04422988787735597,0.673980636189838
25660,LOF,0.07763633997982312,0.09696953296075886,0.825394127059418
25661,LOF,0.05295715335509892,0.06998130751119072,0.8770615391337104
25662,LOF,0.029179190938303706,0.04198350580475967,0.9288373032569366
25663,LOF,0.0397481106419097,0.0709318085292858,0.8893200808288044
25664,LOF,0.0409798890618095,0.08075537533650456,0.8782647356016858
25665,LOF,0.05410058629726716,0.04982714191381082,0.896072271788922
25666,LOF,0.03759991008037222,0.13811821409740752,0.8242818758222202
25667,LOF,0.030545737567000953,0.05294102814502798,0.916513234287971
25668,LOF,0.03537870245912371,0.0630976353343426,0.9015236622065337
25669,LOF,0.04250463266596641,0.09380752153145698,0.8636878458025766
25670,LOF,0.14752198420030768,0.0719432721816021,0.7805347436180902
25671,LOF,0.038031172636689065,0.046317016668214805,0.915651810695096
25672,LOF,0.05287563943520423,0.07533889915673563,0.8717854614080601
25673,LOF,0.04115477357862092,0.059178487215578904,0.8996667392058001
25674,LOF,0.0329394467230209,0.07066066380393857,0.8963998894730405
25675,LOF,0.04128792919858613,0.050902891376883704,0.9078091794245302
25676,LOF,0.03176939561431747,0.0591414851286767,0.9090891192570059
25677,LOF,0.0650048677220535,0.06181013679891823,0.8731849954790283
25678,LOF,0.24910379444795813,0.046025291460902173,0.7048709140911398
25679,LOF,0.16753689465833588,0.06598347448064251,0.7664796308610217
25680,LOF,0.06488992291939719,0.09550541297744604,0.8396046641031568
25681,LOF,0.11005951551998765,0.0847779761801326,0.8051625082998798
25682,LOF,0.04642993364463627,0.07227907889066175,0.881290987464702
25683,LOF,0.08079812371420966,0.0914530933159183,0.827748782969872
25684,LOF,0.054477084697700726,0.06841030479432514,0.8771126105079742
25685,LOF,0.13030782394218018,0.030778217315158674,0.8389139587426611
25686,LOF,0.03357374560389089,0.0791284013953787,0.8872978530007304
25687,LOF,0.05977413365840028,0.0689973445378367,0.8712285218037631
25688,LOF,0.024713349973141285,0.13269556909586078,0.8425910809309979
25689,LOF,0.020598850919088214,0.08427053780718943,0.8951306112737224
25690,LOF,0.01774366871963838,0.09825599134236691,0.8840003399379948
25691,LOF,0.17033906899925697,0.15341323732532114,0.6762476936754219
25692,LOF,0.2520265135791674,0.020004405862584482,0.727969080558248
25693,LOF,0.053379667123916494,0.16444061047151157,0.7821797224045719
25694,LOF,0.26609780777811054,0.010676279479776115,0.7232259127421133
25695,LOF,0.16807050558009445,0.01596972775056011,0.8159597666693454
25696,LOF,0.1653364489944471,0.008392811086676718,0.8262707399188762
25697,LOF,0.1266295852441594,0.02642062224517413,0.8469497925106664
25698,LOF,0.02968391165174277,0.28824018888750114,0.6820758994607561
25699,LOF,0.07657280948827636,0.08400918011562067,0.8394180103961029
25700,LOF,0.029414754748091885,0.012729130360019854,0.9578561148918883
25701,LOF,0.010508995793174979,0.0846215827600038,0.9048694214468214
25702,GOF,0.0309610504751661,0.727291196536723,0.24174775298811074
25703,LOF,0.019358712005455653,0.19069563629150768,0.7899456517030367
25704,LOF,0.09146958093528045,0.16822999064930697,0.7403004284154127
25705,LOF,0.0676381102021197,0.28179501805065704,0.6505668717472233
25706,GOF,0.03610811524339762,0.643915666311186,0.3199762184454163
25707,GOF,0.02929535707551264,0.66280211567733,0.3079025272471574
25708,GOF,0.007513788102102252,0.6055458576137791,0.38694035428411855
25709,LOF,0.018846036650062008,0.09914635336196323,0.8820076099879748
25710,LOF,0.008006567907808146,0.20868417713956264,0.7833092549526293
25711,LOF,0.021055426127846333,0.15519878184233976,0.8237457920298139
25712,LOF,0.007951705624736538,0.27661991765635646,0.715428376718907
25713,LOF,0.01834762175659761,0.1462131342861046,0.8354392439572977
25714,LOF,0.020471917121990875,0.201195497341933,0.7783325855360761
25715,LOF,0.019921918742331977,0.1772846950824156,0.8027933861752524
25716,LOF,0.0131030215740717,0.1513250765073778,0.8355719019185506
25717,LOF,0.006285133948891304,0.15250849441289693,0.8412063716382118
25718,LOF,0.019442485448079118,0.11233435565911977,0.8682231588928012
25719,LOF,0.03478762816697882,0.13240824671188237,0.8328041251211388
25720,LOF,0.027658741452974735,0.11914139340027735,0.853199865146748
25721,LOF,0.023065352398684826,0.13351754707544403,0.8434171005258712
25722,LOF,0.01527901116618607,0.18185730567060124,0.8028636831632128
25723,LOF,0.02217883113936972,0.11651468811411765,0.8613064807465126
25724,LOF,0.025979862078173026,0.19181065166504777,0.7822094862567791
25725,LOF,0.020714622306643952,0.10522164126989728,0.8740637364234588
25726,LOF,0.015620293758852098,0.14523058289083599,0.8391491233503119
25727,LOF,0.02112044363646981,0.13436541758350862,0.8445141387800216
25728,LOF,0.02025907302516569,0.14113642954991223,0.8386044974249222
25729,LOF,0.01901371899637473,0.15241613109055221,0.8285701499130731
25730,LOF,0.021877410590541588,0.11039994093110485,0.8677226484783536
25731,LOF,0.010518929948790811,0.201691467537186,0.7877896025140231
25732,LOF,0.018277893298341796,0.1369831304945733,0.8447389762070849
25733,LOF,0.028656370360514143,0.13351625199440828,0.8378273776450775
25734,LOF,0.007148375806861642,0.25257263228904336,0.7402789919040951
25735,LOF,0.021672201330020534,0.10342664497890129,0.8749011536910781
25736,LOF,0.01949977517355792,0.17153289259844431,0.8089673322279978
25737,LOF,0.038084051841799915,0.14401808623075638,0.8178978619274436
25738,LOF,0.0207122234960388,0.19563412052524967,0.7836536559787116
25739,LOF,0.022995301476077763,0.17539035422777302,0.8016143442961493
25740,LOF,0.05130016846127308,0.19273163574068747,0.7559681957980394
25741,LOF,0.028094618501725503,0.16032475728971785,0.8115806242085566
25742,LOF,0.049824512059717926,0.16433278117897357,0.7858427067613085
25743,LOF,0.012768025697501855,0.0287846901208475,0.9584472841816506
25744,LOF,0.1813943175040726,0.328586738002515,0.4900189444934124
25745,LOF,0.03377406257867375,0.12165406613523565,0.8445718712860907
25746,LOF,0.013370708405673623,0.1717683245022406,0.8148609670920858
25747,LOF,0.033089650298286706,0.030774053884993,0.9361362958167204
25748,LOF,0.27415116597688166,0.06011082407566705,0.6657380099474514
25749,LOF,0.012945126932238843,0.10212026236402807,0.884934610703733
25750,LOF,0.017897777222586904,0.1062937475370719,0.8758084752403412
25751,LOF,0.045120995616630216,0.05287007533251759,0.9020089290508522
25752,GOF,0.09648515067554209,0.6780885390548176,0.2254263102696404
25753,LOF,0.00731241216463727,0.3386685828220864,0.6540190050132764
25754,GOF,0.007771283851876004,0.8497607026317703,0.14246801351635366
25755,LOF,0.009048567384511012,0.3902751184008461,0.600676314214643
25756,LOF,0.051607661285996455,0.38220073099279617,0.5661916077212075
25757,GOF,0.00814988699221963,0.8417238617070524,0.15012625130072807
25758,GOF,0.009213124143440263,0.8478870870530333,0.14289978880352658
25759,GOF,0.005722796420473388,0.5622782031621232,0.4319990004174034
25760,LOF,0.006094496716571328,0.2591644604489881,0.7347410428344405
25761,GOF,0.05624533228380177,0.8424401689097393,0.10131449880645894
25762,LOF,0.029322431592359543,0.31033942197268444,0.660338146434956
25763,LOF,0.006812298925822623,0.22983313644967376,0.7633545646245037
25764,GOF,0.07290998688834582,0.6229993911853501,0.3040906219263041
25765,GOF,0.008042941305106244,0.8382901611453273,0.1536668975495666
25766,GOF,0.039840155958078084,0.7931955481208253,0.16696429592109668
25767,GOF,0.011933762236695676,0.539588354071943,0.44847788369136116
25768,LOF,0.039719823160853894,0.06293543711180563,0.8973447397273405
25769,LOF,0.02518597091071151,0.075917137338632,0.8988968917506565
25770,LOF,0.17718183555298583,0.05682849157917611,0.765989672867838
25771,LOF,0.0162423388746093,0.05375696051319349,0.9300007006121973
25772,LOF,0.025303390789723455,0.026785800417106532,0.9479108087931699
25773,LOF,0.020541198506953486,0.05174750099110768,0.9277113005019388
25774,LOF,0.02978740178962552,0.08456530167730313,0.8856472965330713
25775,LOF,0.025582188194533916,0.03308281778851884,0.9413349940169472
25776,LOF,0.026215193589348606,0.023489060129507886,0.9502957462811434
25777,LOF,0.2579168669701724,0.06458138260422988,0.6775017504255977
25778,LOF,0.0203540958720184,0.054708033836141416,0.9249378702918402
25779,GOF,0.03602147166590024,0.8942850706088609,0.069693457725239
25780,GOF,0.06481551594092938,0.8871400584946991,0.04804442556437154
25781,GOF,0.034026011914224864,0.8806585694434105,0.08531541864236467
25782,GOF,0.03050966231897846,0.9116279041457863,0.05786243353523534
25783,GOF,0.029078056115181883,0.9234432146586437,0.04747872922617436
25784,GOF,0.0844006942425906,0.8757488404764407,0.03985046528096872
25785,GOF,0.08664297168293894,0.8770000877283779,0.03635694058868315
25786,GOF,0.009489274626982307,0.8958229862407029,0.09468773913231483
25787,GOF,0.1581877885545391,0.7964082779020006,0.045403933543460166
25788,LOF,0.015561752454495217,0.21500140380693203,0.7694368437385728
25789,GOF,0.016082054154082905,0.8754307458386849,0.10848720000723215
25790,GOF,0.019302371437037894,0.8844046569369025,0.09629297162605956
25791,GOF,0.021600476434716957,0.8303723025806198,0.14802722098466323
25792,GOF,0.024249258084655424,0.8506208705008558,0.12512987141448878
25793,GOF,0.06299786237209411,0.8506343441397846,0.08636779348812135
25794,GOF,0.0526754051391781,0.8037109151046744,0.14361367975614744
25795,GOF,0.042208500806066335,0.785612269594524,0.17217922959940948
25796,GOF,0.09287543926139262,0.8261075480700809,0.08101701266852664
25797,GOF,0.06204652159522643,0.7968115438781526,0.1411419345266209
25798,GOF,0.004806473174830902,0.8131857785670674,0.18200774825810181
25799,GOF,0.004125087866407622,0.7634049458425234,0.23246996629106906
25800,GOF,0.022688717576953246,0.8582201272152252,0.11909115520782143
25801,GOF,0.01663625389932621,0.8992285777591433,0.08413516834153051
25802,GOF,0.02651534160033994,0.8549122588409844,0.1185723995586756
25803,GOF,0.01808509624804895,0.7578657886802357,0.22404911507171543
25804,GOF,0.02610456362516201,0.7962856406430726,0.17760979573176536
25805,GOF,0.027153389119409347,0.8324200479385344,0.14042656294205616
25806,GOF,0.02527737428691449,0.8294600741645741,0.14526255154851134
25807,GOF,0.0078040096479665465,0.7869579316731339,0.2052380586788994
25808,GOF,0.016503622905685543,0.8234471371161561,0.16004923997815831
25809,GOF,0.010073827855858563,0.7787754686988071,0.21115070344533446
25810,GOF,0.008008693481662804,0.7764762553022599,0.2155150512160774
25811,GOF,0.04173434820780527,0.8865068116845298,0.07175884010766485
25812,GOF,0.02797540789090339,0.8231882981676932,0.14883629394140324
25813,GOF,0.1142608940435223,0.8179575981054679,0.0677815078510098
25814,GOF,0.028544042303208762,0.8307909853201131,0.14066497237667808
25815,GOF,0.05428806280637984,0.8481050325848221,0.09760690460879809
25816,GOF,0.009512238955795407,0.878355557894749,0.1121322031494556
25817,GOF,0.08883454698248694,0.8328800243869228,0.07828542863059025
25818,GOF,0.021722810370428492,0.8269332670345377,0.1513439225950337
25819,GOF,0.05934610498880491,0.7891818428315364,0.15147205217965867
25820,GOF,0.028912397195823995,0.7568074763611794,0.21428012644299657
25821,GOF,0.020351807022926934,0.7679141653996451,0.21173402757742793
25822,GOF,0.037407935414758106,0.767648641110155,0.19494342347508714
25823,GOF,0.02337251072325245,0.7662633762156272,0.21036411306112024
25824,GOF,0.023425119768648365,0.8051813154405334,0.17139356479081827
25825,GOF,0.01867703209174813,0.7960878227645564,0.18523514514369552
25826,GOF,0.007914011215507593,0.759677451152061,0.23240853763243124
25827,GOF,0.012212843419266596,0.75179978640568,0.23598737017505336
25828,GOF,0.009396036756070616,0.7762710051764375,0.21433295806749178
25829,GOF,0.003929554702947141,0.7217751353956872,0.2742953099013657
25830,GOF,0.035978147233190594,0.5503092295804687,0.4137126231863408
25831,GOF,0.04760236692200521,0.8250720754097217,0.12732555766827308
25832,GOF,0.008544929926318494,0.7848515774926486,0.20660349258103303
25833,GOF,0.03066543393920779,0.8301767009944145,0.13915786506637767
25834,GOF,0.009555555275444298,0.8002406182468041,0.19020382647775147
25835,GOF,0.022564169069333367,0.8554062740421513,0.12202955688851529
25836,GOF,0.006475368343823022,0.7921862649436956,0.2013383667124814
25837,GOF,0.00810843027012128,0.7984262390845914,0.19346533064528715
25838,GOF,0.02179626010242578,0.8477457048478557,0.13045803504971867
25839,GOF,0.03952570196033279,0.8276482240306756,0.13282607400899152
25840,GOF,0.06580137789618215,0.8295847706391738,0.10461385146464415
25841,GOF,0.06706979233258982,0.844259238569448,0.08867096909796213
25842,GOF,0.02672430082284293,0.90047224561758,0.07280345355957707
25843,GOF,0.023837967042425162,0.8986839473464091,0.07747808561116583
25844,GOF,0.01597897217117188,0.8491286507305127,0.13489237709831559
25845,GOF,0.006528676352299497,0.7999925039545948,0.19347881969310587
25846,GOF,0.06620361735997995,0.8322756183387715,0.10152076430124851
25847,GOF,0.01751625859845902,0.9057702817949087,0.0767134596066322
25848,GOF,0.020091497536448292,0.8622340165342042,0.11767448592934761
25849,GOF,0.007114546718524434,0.8612135013551251,0.1316719519263504
25850,GOF,0.005931573268064217,0.7718050610939283,0.22226336563800755
25851,GOF,0.005657904401020836,0.7268946449250437,0.26744745067393555
25852,GOF,0.1384238186849377,0.6148730871465264,0.24670309416853578
25853,GOF,0.06228871595894639,0.8326337425175355,0.10507754152351817
25854,GOF,0.006104324947845982,0.7572165903337778,0.23667908471837618
25855,GOF,0.024005567050263493,0.7213794634042299,0.25461496954550666
25856,GOF,0.04428887625769217,0.8048403943317229,0.15087072941058496
25857,GOF,0.025264356203270995,0.7332388723342365,0.24149677146249252
25858,GOF,0.010504985920288036,0.7758875573951224,0.21360745668458947
25859,GOF,0.008342968806098685,0.7775824252722772,0.21407460592162417
25860,GOF,0.07401752942298995,0.8259077053057243,0.10007476527128578
25861,GOF,0.08172048282910654,0.8310167902037858,0.08726272696710767
25862,GOF,0.020177697710707307,0.8944652547172337,0.08535704757205882
25863,GOF,0.0220960197473667,0.8855948591632303,0.09230912108940278
25864,GOF,0.06036094050136281,0.8906196052264016,0.04901945427223568
25865,GOF,0.04350145886563818,0.8623859483886733,0.0941125927456884
25866,GOF,0.025903688826818504,0.884856058351232,0.08924025282194935
25867,GOF,0.038438818767297024,0.8861952343327805,0.07536594689992267
25868,GOF,0.05747826791266598,0.8459088768725364,0.09661285521479765
25869,GOF,0.35236343426029926,0.5812171741560721,0.06641939158362868
25870,GOF,0.06479860581881548,0.6431614117522391,0.29203998242894547
25871,GOF,0.01045760422555305,0.8860383070927159,0.10350408868173101
25872,GOF,0.01905917856235899,0.8688728745494604,0.11206794688818064
25873,GOF,0.018211221753057543,0.8994753008862367,0.08231347736070578
25874,LOF,0.01576202897011541,0.24605757486562324,0.7381803961642613
25875,LOF,0.031827042657865984,0.05594697407803536,0.9122259832640986
25876,LOF,0.02079681431538951,0.03966768240199983,0.9395355032826106
25877,LOF,0.11358077175895376,0.08969641924677847,0.7967228089942678
25878,LOF,0.08762306622253292,0.13718454348195588,0.7751923902955111
25879,LOF,0.01710747750521655,0.09044713823743956,0.8924453842573439
25880,LOF,0.06752863172472955,0.017735001145873053,0.9147363671293975
25881,LOF,0.4606603288602963,0.07831212701207388,0.46102754412762975
25882,LOF,0.06599485775407407,0.028445861039021483,0.9055592812069044
25883,LOF,0.02607152786012826,0.032438189339307706,0.9414902828005641
25884,LOF,0.015960073430985114,0.05880636458484601,0.9252335619841688
25885,LOF,0.17961159957849976,0.012211422398100332,0.8081769780233999
25886,LOF,0.2710445981145571,0.06164099211734935,0.6673144097680935
25887,LOF,0.1229858402456279,0.0903894003044229,0.7866247594499491
25888,LOF,0.008073426215041323,0.13126157651736023,0.8606649972675984
25889,LOF,0.022637398721514605,0.04127700783439686,0.9360855934440885
25890,LOF,0.1676412208648215,0.08221006685998312,0.7501487122751954
25891,LOF,0.12901888214100543,0.030369295580440228,0.8406118222785542
25892,LOF,0.01004623473155571,0.034058803675130866,0.9558949615933134
25893,LOF,0.38120994445699463,0.008733733610711773,0.6100563219322936
25894,LOF,0.4192300158281453,0.006480844210088413,0.5742891399617663
25895,LOF,0.3734728972123672,0.012254219957744707,0.614272882829888
25896,LOF,0.06860250521229974,0.02562314545127754,0.9057743493364229
25897,LOF,0.16573518590597264,0.009357297275865956,0.8249075168181613
25898,LOF,0.14335255549974205,0.03266172123832561,0.8239857232619324
25899,LOF,0.45112460756228917,0.02813187509586306,0.5207435173418478
25900,Neutral,0.5081788608663386,0.00843361178601723,0.4833875273476443
25901,LOF,0.07012384997350041,0.01090233445951205,0.9189738155669877
25902,LOF,0.16636248547781488,0.011832115767723977,0.8218053987544612
25903,LOF,0.37176387744438716,0.02590956389325569,0.6023265586623571
25904,Neutral,0.5396571897056325,0.0373277217247079,0.4230150885696597
25905,LOF,0.007349624177039348,0.45272865861440337,0.5399217172085574
25906,LOF,0.008519367695739074,0.07604701220016587,0.9154336201040951
25907,LOF,0.0070838826733658315,0.2829799427877305,0.7099361745389037
25908,LOF,0.006706182886199379,0.26654997525594715,0.7267438418578535
25909,LOF,0.02925982603425086,0.10967934637578958,0.8610608275899595
25910,LOF,0.010959803027808579,0.15417859444232623,0.8348616025298651
25911,LOF,0.22062146043959127,0.06269060165383532,0.7166879379065734
25912,LOF,0.1011771510107385,0.037838827942267166,0.8609840210469945
25913,LOF,0.023751722724592514,0.06353947669430676,0.9127088005811006
25914,LOF,0.03932343264591035,0.021125001421313953,0.9395515659327757
25915,LOF,0.18775047199235045,0.1113800192166664,0.7008695087909831
25916,LOF,0.025992468323978488,0.05603813437981009,0.9179693972962115
25917,LOF,0.07408327983771403,0.02088009786581111,0.9050366222964749
25918,LOF,0.04499793991633969,0.01343100870827226,0.941571051375388
25919,LOF,0.03992246051294966,0.0118849313554267,0.9481926081316236
25920,LOF,0.3217233769776821,0.28411622615068693,0.394160396871631
25921,LOF,0.015368768602431741,0.03506741800632657,0.9495638133912417
25922,LOF,0.018130042712107247,0.034318133053799445,0.9475518242340933
25923,LOF,0.43958492906158736,0.028459598077086992,0.5319554728613257
25924,LOF,0.027582920393207915,0.04482929683283082,0.9275877827739613
25925,LOF,0.0877858570310661,0.03823572702332836,0.8739784159456055
25926,LOF,0.06952205551252567,0.035893727863608414,0.894584216623866
25927,LOF,0.021514007565062703,0.06984025839088023,0.908645734044057
25928,LOF,0.010406827014375352,0.048024002370685256,0.9415691706149395
25929,Neutral,0.5732907180220308,0.02707957714332796,0.39962970483464133
25930,LOF,0.07676283655727864,0.028427609647566764,0.8948095537951547
25931,LOF,0.013692866283161293,0.035452175703685744,0.9508549580131529
25932,LOF,0.05974830230545319,0.03152706822823278,0.9087246294663139
25933,LOF,0.06162417280392413,0.01865727421137114,0.9197185529847047
25934,LOF,0.05616654552114954,0.01880199359630681,0.9250314608825436
25935,LOF,0.08097050818444095,0.04577507442658125,0.8732544173889778
25936,LOF,0.10095270288982279,0.019695089036231957,0.8793522080739453
25937,LOF,0.019529359895321997,0.02387069585873427,0.9565999442459437
25938,LOF,0.0778057483300082,0.0407743693252103,0.8814198823447814
25939,LOF,0.04758210302517812,0.02656881481240383,0.925849082162418
25940,LOF,0.009725394648645354,0.4503667513169575,0.539907854034397
25941,Neutral,0.4956612116042904,0.050542592597936656,0.45379619579777297
25942,LOF,0.01044592411783797,0.05387099854173372,0.9356830773404283
25943,LOF,0.04650983134255631,0.17891813195289302,0.7745720367045507
25944,LOF,0.04187697207237434,0.07496263170945641,0.8831603962181693
25945,LOF,0.12304210600462735,0.03201267081384303,0.8449452231815296
25946,LOF,0.06618252244236764,0.03920171126686778,0.8946157662907646
25947,Neutral,0.5404346577074891,0.07008930826491007,0.3894760340276008
25948,LOF,0.3966402730645702,0.015570128092036457,0.5877895988433933
25949,LOF,0.1658102703904594,0.06378712175052807,0.7704026078590126
25950,GOF,0.06160121733598599,0.5170019804743083,0.4213968021897057
25951,LOF,0.01501414755485311,0.4186206018221542,0.5663652506229927
25952,LOF,0.2600107946792934,0.26780874040832053,0.47218046491238613
25953,LOF,0.008658440522840845,0.24772314445721674,0.7436184150199425
25954,LOF,0.07793377922095483,0.35200434028938105,0.5700618804896642
25955,LOF,0.007908137944389373,0.23632160783996414,0.7557702542156465
25956,LOF,0.014119459856232069,0.3155045775093713,0.6703759626343966
25957,LOF,0.16492773678618353,0.034800939223738996,0.8002713239900774
25958,LOF,0.029911995740392876,0.061446239429130585,0.9086417648304767
25959,GOF,0.0063773793799985325,0.7894263636215869,0.20419625699841462
25960,LOF,0.004648982960496475,0.10406638154238597,0.8912846354971177
25961,LOF,0.027208375414596506,0.049224140607606263,0.9235674839777972
25962,LOF,0.05096604626640743,0.0801084833594634,0.8689254703741291
25963,LOF,0.007645877210674247,0.14417638753842096,0.8481777352509049
25964,LOF,0.028157641794367368,0.15207066059511445,0.8197716976105182
25965,LOF,0.24173721766538256,0.13083593851383662,0.6274268438207808
25966,LOF,0.37203736186219766,0.09706921569092636,0.530893422446876
25967,LOF,0.008363009987553948,0.08083986914060955,0.9107971208718365
25968,LOF,0.04527040943436689,0.22124383017264945,0.7334857603929836
25969,LOF,0.17519389868683455,0.04487958559889613,0.7799265157142693
25970,LOF,0.0742236930887917,0.06864825973881031,0.8571280471723981
25971,LOF,0.08814494328323642,0.028280843340016158,0.8835742133767475
25972,LOF,0.08169336227426276,0.05509333219373423,0.863213305532003
25973,LOF,0.06135338279987023,0.011056914330737017,0.9275897028693928
25974,LOF,0.03807555156907653,0.03697695288138708,0.9249474955495365
25975,LOF,0.03902643098759755,0.02094353765322323,0.9400300313591792
25976,LOF,0.07919221539394097,0.011894601827556552,0.9089131827785024
25977,LOF,0.2606253817658046,0.0484889033367709,0.6908857148974245
25978,LOF,0.16600114919572181,0.15664642493076397,0.6773524258735143
25979,LOF,0.14260998806720335,0.17691202611633747,0.6804779858164592
25980,LOF,0.20900792664767961,0.2431099777512794,0.547882095601041
25981,LOF,0.21060703459192268,0.2461902131043776,0.5432027523036997
25982,LOF,0.4183859400157244,0.12283599210345496,0.45877806788082076
25983,LOF,0.4210616677822849,0.1547098481258851,0.42422848409183006
25984,LOF,0.05072499318976804,0.08237367528483347,0.8669013315253985
25985,Neutral,0.44628050914196254,0.11672329940902743,0.43699619144901003
25986,LOF,0.012596874468326573,0.47447285841782605,0.5129302671138474
25987,LOF,0.04630124329305492,0.09130089305771961,0.8623978636492254
25988,LOF,0.04759018354756303,0.13486859454878866,0.8175412219036482
25989,LOF,0.05748803893303236,0.18255018557805733,0.7599617754889103
25990,LOF,0.04561113119481693,0.30103906585541446,0.6533498029497686
25991,LOF,0.021979109960078517,0.39720706639389686,0.5808138236460246
25992,LOF,0.01638119710399252,0.3728541221717288,0.6107646807242788
25993,LOF,0.028186873834191307,0.05139014695496677,0.9204229792108418
25994,LOF,0.025775391966727283,0.055481431737427984,0.9187431762958447
25995,LOF,0.021539033366566453,0.10283579241218907,0.8756251742212445
25996,Neutral,0.4144800201595919,0.32608878163755584,0.2594311982028521
25997,LOF,0.06776800231040091,0.4014748111411472,0.5307571865484519
25998,LOF,0.27047022015750805,0.036773078919982036,0.69275670092251
25999,LOF,0.035077355626489254,0.11532449610772948,0.8495981482657812
26000,LOF,0.1500333118376976,0.012191133867906196,0.8377755542943962
26001,LOF,0.24719726222940575,0.016396371357280067,0.7364063664133141
26002,LOF,0.12277398573917765,0.020369101044636604,0.8568569132161857
26003,GOF,0.007512096106950664,0.6079210839864704,0.38456681990657887
26004,GOF,0.016955412858348912,0.6339784761804687,0.34906611096118245
26005,LOF,0.0055091252865939215,0.45792637179661744,0.5365645029167887
26006,GOF,0.09787290647489545,0.4984073277374333,0.4037197657876711
26007,GOF,0.010839325193258016,0.4950858540604981,0.4940748207462439
26008,GOF,0.006050041480047396,0.5616016875371547,0.4323482709827978
26009,GOF,0.012424083364264921,0.6014811878896378,0.38609472874609735
26010,GOF,0.010376887298488418,0.5581351357642957,0.43148797693721586
26011,LOF,0.004384746316549952,0.38350453157155723,0.6121107221118928
26012,GOF,0.004828484522963882,0.5270016427947021,0.468169872682334
26013,GOF,0.01053250784029089,0.5336695702518939,0.4557979219078153
26014,LOF,0.06182325583454379,0.09217940237603763,0.8459973417894187
26015,LOF,0.36542623604269064,0.050257299091740544,0.5843164648655688
26016,LOF,0.2812762396383601,0.059921115712955754,0.6588026446486841
26017,LOF,0.013183333112580754,0.259327228529491,0.7274894383579282
26018,LOF,0.024145471185644026,0.12332504928666123,0.8525294795276946
26019,LOF,0.023734673069612883,0.11330766645604458,0.8629576604743425
26020,LOF,0.007736710390746928,0.22777700426904457,0.7644862853402085
26021,LOF,0.06985165375852734,0.10696645200358397,0.8231818942378887
26022,LOF,0.03691757285778558,0.05690278672241767,0.9061796404197968
26023,LOF,0.020284231855710218,0.09189139709389815,0.8878243710503916
26024,LOF,0.05132841104065734,0.0856421771784765,0.8630294117808661
26025,LOF,0.12027027703590785,0.10042481513600122,0.7793049078280909
26026,LOF,0.1180324836194258,0.0840405334695189,0.7979269829110552
26027,LOF,0.024086862196764095,0.05566116647807243,0.9202519713251635
26028,LOF,0.08171427445272653,0.18494617935010224,0.7333395461971712
26029,LOF,0.025389009359047584,0.15771937545175302,0.8168916151891994
26030,LOF,0.13103230187917847,0.021858039995586262,0.8471096581252352
26031,LOF,0.010324109557393279,0.13248614718686968,0.857189743255737
26032,LOF,0.03795700280727997,0.04059275067028676,0.9214502465224332
26033,LOF,0.041053694118275606,0.04034105004150293,0.9186052558402215
26034,LOF,0.0161088564668606,0.10824572344980424,0.8756454200833352
26035,LOF,0.014379488634700071,0.10238597495565,0.88323453640965
26036,LOF,0.012896020732074666,0.08789653652770783,0.8992074427402175
26037,LOF,0.012085215387392378,0.09542891417486235,0.8924858704377452
26038,LOF,0.03201815511884985,0.03647061138912263,0.9315112334920276
26039,LOF,0.040617713528906293,0.11970241966715936,0.8396798668039344
26040,LOF,0.0880252499823756,0.11144397101869724,0.8005307789989272
26041,LOF,0.015833552347446104,0.09302450143124986,0.8911419462213039
26042,LOF,0.01557284841612608,0.09828725825852691,0.886139893325347
26043,LOF,0.031665850150813114,0.057200418418200394,0.9111337314309864
26044,LOF,0.009667245661020637,0.04052803250057126,0.9498047218384081
26045,LOF,0.08015698098624341,0.11990583255936109,0.7999371864543955
26046,LOF,0.027785302912424065,0.04207905051990547,0.9301356465676703
26047,LOF,0.058245345981909225,0.04230464344843174,0.899450010569659
26048,LOF,0.07567616211512006,0.015995158572935174,0.9083286793119447
26049,Neutral,0.9427340879469693,0.005915444500135719,0.05135046755289494
26050,Neutral,0.9117643610781112,0.006340990458300451,0.08189464846358824
26051,LOF,0.026074991879440703,0.07102117687356309,0.9029038312469962
26052,LOF,0.033644244835288814,0.06202542546108895,0.9043303297036223
26053,LOF,0.02341344847988826,0.1397994981162202,0.8367870534038916
26054,LOF,0.045788340200043694,0.04285331953814883,0.9113583402618074
26055,LOF,0.06941182454906054,0.03986909049843643,0.8907190849525031
26056,LOF,0.05724421814933105,0.04972042455872209,0.8930353572919468
26057,LOF,0.05334465000868649,0.02264994064315813,0.9240054093481553
26058,LOF,0.05713968229494167,0.017454081473583086,0.9254062362314753
26059,LOF,0.1902289455669528,0.0465598017856854,0.7632112526473618
26060,LOF,0.02735992857564721,0.17373975601895872,0.7989003154053942
26061,LOF,0.012358150244969526,0.013776491552134005,0.9738653582028964
26062,LOF,0.006695179183631602,0.0217551982860472,0.9715496225303213
26063,LOF,0.03644007974181685,0.017266106652895217,0.946293813605288
26064,LOF,0.013134174220888037,0.024842992258418652,0.9620228335206932
26065,LOF,0.04777579799460388,0.02156603543839238,0.9306581665670036
26066,LOF,0.03562278695245965,0.01533865405540453,0.9490385589921357
26067,LOF,0.03968661232239651,0.016408578148176783,0.9439048095294268
26068,LOF,0.05296771204085834,0.05897045820150441,0.8880618297576371
26069,LOF,0.27938244968249004,0.03988778993719294,0.680729760380317
26070,Neutral,0.5265172948134573,0.027744513854834552,0.4457381913317081
26071,LOF,0.039963847921917886,0.019504877303019027,0.940531274775063
26072,LOF,0.0081550888847005,0.02523768662431779,0.9666072244909817
26073,LOF,0.03531694178813511,0.021616640637305274,0.9430664175745597
26074,Neutral,0.8485109818370551,0.014815893315799623,0.13667312484714522
26075,LOF,0.05450200717770796,0.031224914608160247,0.9142730782141317
26076,LOF,0.045708399188267676,0.018224391921610746,0.9360672088901216
26077,LOF,0.14734187714334918,0.010332088596178853,0.8423260342604719
26078,LOF,0.007123129099076772,0.022573223092245673,0.9703036478086775
26079,LOF,0.06339023881541359,0.03085708944215051,0.9057526717424359
26080,LOF,0.06256732701079513,0.03097448889451487,0.90645818409469
26081,LOF,0.031141360169619627,0.014804741098408127,0.9540538987319723
26082,LOF,0.005707708604562218,0.02415538630007426,0.9701369050953635
26083,LOF,0.10485097386103057,0.03278491293873678,0.8623641132002327
26084,LOF,0.09714675719245236,0.026385061836379627,0.876468180971168
26085,LOF,0.08334580872821602,0.02122636882289924,0.8954278224488846
26086,LOF,0.03481493455881617,0.020853799813958556,0.9443312656272254
26087,LOF,0.032835750651284946,0.016419316157085327,0.9507449331916297
26088,LOF,0.006739207705903811,0.03158421346323628,0.96167657883086
26089,LOF,0.04198223721994393,0.047536687782741734,0.9104810749973142
26090,LOF,0.042444367178380946,0.03717417586672068,0.9203814569548984
26091,LOF,0.025849117970857337,0.012158481481888741,0.9619924005472539
26092,LOF,0.04183374301004402,0.013214650614474615,0.9449516063754813
26093,LOF,0.07106774746365116,0.008759577781908782,0.9201726747544401
26094,LOF,0.03013771654796215,0.011650371063826813,0.9582119123882111
26095,LOF,0.02065816248973492,0.02381002651875363,0.9555318109915114
26096,LOF,0.1959031863634663,0.006985494949491244,0.7971113186870425
26097,LOF,0.007341834612214945,0.05593206592956934,0.9367260994582157
26098,LOF,0.11768608164318836,0.025621638382339162,0.8566922799744725
26099,LOF,0.03375718333917299,0.031234885421146632,0.9350079312396804
26100,LOF,0.03375718333917299,0.031234885421146632,0.9350079312396804
26101,LOF,0.05680033178081395,0.048028962524192115,0.895170705694994
26102,LOF,0.030409263792694527,0.027310903917060838,0.9422798322902446
26103,Neutral,0.8800662778745928,0.03663624902926684,0.08329747309614025
26104,LOF,0.058538928457844745,0.056315055509946275,0.885146016032209
26105,LOF,0.28027076793389993,0.11297571367812702,0.6067535183879731
26106,LOF,0.29590787624891257,0.06023418007086217,0.6438579436802252
26107,LOF,0.021476218354162743,0.07224368870894365,0.9062800929368936
26108,LOF,0.28000446045224003,0.038425883720731586,0.6815696558270284
26109,LOF,0.07605219459986563,0.03457431138849025,0.8893734940116441
26110,LOF,0.42420352452317944,0.014732536333215843,0.5610639391436046
26111,LOF,0.05758735201847728,0.13033734834533148,0.8120752996361912
26112,LOF,0.04603504619256374,0.013549054738207002,0.9404158990692293
26113,LOF,0.10364466835938307,0.0385277392497785,0.8578275923908383
26114,LOF,0.09200579257127264,0.006790561638242028,0.9012036457904853
26115,LOF,0.014975876373025483,0.043985747287936715,0.9410383763390378
26116,LOF,0.08168625502467151,0.02208844987833102,0.8962252950969976
26117,LOF,0.3454901582134515,0.04924297895052674,0.6052668628360217
26118,LOF,0.04953355304364568,0.02312684726608794,0.9273395996902662
26119,LOF,0.006019347122168625,0.10935527418805635,0.8846253786897751
26120,LOF,0.03477206812541156,0.02221659979801457,0.9430113320765738
26121,LOF,0.00346739497302327,0.1722926327077303,0.8242399723192464
