feature0,prediction,LoGoFunc_Neutral,LoGoFunc_GOF,LoGoFunc_LOF
25546,Neutral,0.7572016129176085,0.035411542779168456,0.20738684430322302
25547,Neutral,0.5999387343464881,0.07217356136387287,0.3278877042896388
25548,Neutral,0.6263505238579228,0.05223030989249402,0.3214191662495831
25549,Neutral,0.5435472639620752,0.05121940017786783,0.405233335860057
25550,LOF,0.37990991612897,0.10791401289785967,0.5121760709731703
25551,LOF,0.29668436226246103,0.1181898542907513,0.5851257834467877
25552,LOF,0.2160145591803329,0.11107385383939772,0.6729115869802693
25553,Neutral,0.8617791715152217,0.025368971598460167,0.11285185688631814
25554,LOF,0.2514339408660403,0.10695779839609382,0.6416082607378659
25555,LOF,0.208544756952205,0.09382675156329673,0.6976284914844983
25556,Neutral,0.4763073192436197,0.09086975978160367,0.43282292097477654
25557,LOF,0.20114387788884652,0.09824639391136755,0.700609728199786
25558,LOF,0.2382499934198077,0.10594184021459473,0.6558081663655976
25559,LOF,0.3966069642870805,0.10156058908579439,0.5018324466271251
25560,LOF,0.05312204244731983,0.13849081544410952,0.8083871421085705
25561,LOF,0.1151397851726811,0.13277095767195748,0.7520892571553613
25562,LOF,0.08451348530534278,0.07177336658096393,0.8437131481136932
25563,LOF,0.11042169397048211,0.06383210896770111,0.8257461970618168
25564,LOF,0.2572058794637389,0.11568492890376089,0.6271091916325002
25565,LOF,0.13574196188735363,0.13042682189044366,0.7338312162222027
25566,GOF,0.012654039257510553,0.7671944500502379,0.22015151069225164
25567,LOF,0.01852650396634053,0.1799207338767277,0.8015527621569318
25568,LOF,0.05420196658506158,0.07020686019497414,0.8755911732199643
25569,LOF,0.0586875016418496,0.0695417481674384,0.8717707501907119
25570,LOF,0.0535817283850555,0.11084159068428329,0.8355766809306612
25571,LOF,0.04983023034013194,0.10006345944823382,0.8501063102116342
25572,LOF,0.06793861390787015,0.1254160721407662,0.8066453139513636
25573,LOF,0.03430473461947879,0.0977221899022444,0.867973075478277
25574,LOF,0.020076298428667348,0.1476132575765856,0.8323104439947471
25575,LOF,0.04245276891259317,0.11647710917193851,0.8410701219154683
25576,LOF,0.020389898202854306,0.1377249836852211,0.8418851181119247
25577,LOF,0.016031056190249065,0.12443898652542831,0.8595299572843227
25578,LOF,0.29952100422417405,0.08901848522712058,0.6114605105487054
25579,LOF,0.1275078341880495,0.10700744468960124,0.7654847211223491
25580,LOF,0.028607446427657238,0.08567072404450632,0.8857218295278364
25581,LOF,0.051466448507218085,0.07176030823322227,0.8767732432595596
25582,LOF,0.05107889678765801,0.0703777379190612,0.8785433652932808
25583,LOF,0.03413870798812162,0.09592520565215529,0.8699360863597231
25584,Neutral,0.47862839045945066,0.12307744154979157,0.39829416799075773
25585,LOF,0.01878029772865607,0.13989597423497183,0.8413237280363721
25586,LOF,0.027676400330945972,0.0773770620192445,0.8949465376498096
25587,LOF,0.027802496811589764,0.07177481300008119,0.900422690188329
25588,LOF,0.028914143041086273,0.08723715688775431,0.8838487000711593
25589,Neutral,0.6291667888678256,0.12793709477317985,0.2428961163589945
25590,LOF,0.034997258167149534,0.13298787471554857,0.8320148671173019
25591,LOF,0.09420346041364917,0.06175189815905246,0.8440446414272984
25592,LOF,0.09479216315530248,0.13026329888298163,0.7749445379617159
25593,LOF,0.03277033426408948,0.2567218057327334,0.7105078600031771
25594,LOF,0.048220788594791474,0.1511176368619493,0.8006615745432593
25595,LOF,0.06160755009841283,0.10189188894776838,0.8365005609538188
25596,LOF,0.05298880094692568,0.08616570665350226,0.8608454923995721
25597,LOF,0.037217529459132564,0.08224750247306258,0.8805349680678048
25598,LOF,0.055505828830456565,0.10434905009405962,0.8401451210754839
25599,GOF,0.006597747570430095,0.6267574438526919,0.36664480857687803
25600,GOF,0.011675596116600323,0.5880290955884717,0.400295308294928
25601,LOF,0.009236618156766997,0.4529023064692893,0.5378610753739438
25602,LOF,0.017792796197282863,0.05544568407068146,0.9267615197320357
25603,LOF,0.05207794573770504,0.02648270926841211,0.9214393449938828
25604,LOF,0.03059777909277637,0.0626219173717282,0.9067803035354955
25605,LOF,0.009126939253565584,0.23763149942040102,0.7532415613260334
25606,LOF,0.079238044729091,0.3997320256636726,0.5210299296072364
25607,LOF,0.005521919718764233,0.20448785536589761,0.7899902249153381
25608,LOF,0.016246774167843106,0.0805868887916055,0.9031663370405515
25609,LOF,0.058418505923598256,0.3816941415268043,0.5598873525495975
25610,LOF,0.03234047088032827,0.025231677839236435,0.9424278512804353
25611,LOF,0.03718720474389295,0.023721550678164203,0.9390912445779428
25612,LOF,0.09267783608546179,0.03648336873998739,0.8708387951745509
25613,LOF,0.08500807441533759,0.03826433909330606,0.8767275864913564
25614,LOF,0.026904643255887126,0.031016014780587336,0.9420793419635255
25615,LOF,0.032567312936386233,0.039737298515033125,0.9276953885485807
25616,LOF,0.024969656597116013,0.03036408961877492,0.944666253784109
25617,LOF,0.025618521105499333,0.03479246402085448,0.9395890148736461
25618,LOF,0.13714276276388895,0.02667837781830011,0.8361788594178109
25619,LOF,0.027808269535371525,0.02911742580060953,0.9430743046640189
25620,LOF,0.031387524741610454,0.03796879528897879,0.9306436799694107
25621,LOF,0.027319092637010055,0.03137823322195551,0.9413026741410344
25622,LOF,0.0355651198450799,0.03231006145899551,0.9321248186959245
25623,LOF,0.051332505231725396,0.025253878463676247,0.9234136163045984
25624,LOF,0.024887898650779023,0.038066086479792934,0.937046014869428
25625,LOF,0.03415915103432459,0.03945233650717069,0.9263885124585048
25626,LOF,0.0723161042689389,0.031823598017275134,0.8958602977137858
25627,Neutral,0.5418057809233333,0.11853113310850956,0.3396630859681572
25628,LOF,0.196937777665075,0.05563622954720855,0.7474259927877165
25629,LOF,0.055843232469026914,0.06410848522787929,0.8800482823030938
25630,LOF,0.17829993410701087,0.0831927474379136,0.7385073184550756
25631,Neutral,0.6095299437849804,0.058018914493313985,0.3324511417217056
25632,LOF,0.012817047470759811,0.11663582369635363,0.8705471288328867
25633,LOF,0.09881419289347197,0.08925924422994862,0.8119265628765795
25634,LOF,0.03244769245921422,0.11488807074002896,0.8526642368007568
25635,LOF,0.03754785058136634,0.0900659169741159,0.8723862324445177
25636,GOF,0.00372812105982622,0.6367709879058955,0.35950089103427824
25637,GOF,0.0034336530227141882,0.6742178757067716,0.3223484712705143
25638,LOF,0.005642182233581443,0.40851962818389576,0.5858381895825228
25639,GOF,0.0034992850744621383,0.539768725868424,0.45673198905711393
25640,GOF,0.4623538832378307,0.4666229084491609,0.07102320831300854
25641,LOF,0.008594635303370717,0.30275825318826227,0.6886471115083671
25642,LOF,0.2430190707075003,0.06074722839177256,0.6962337009007271
25643,LOF,0.3018107873328503,0.1359345889623004,0.5622546237048492
25644,GOF,0.014674755541070781,0.5140495978032708,0.47127564665565846
25645,LOF,0.011933998694470361,0.46218707383095037,0.5258789274745793
25646,LOF,0.018327764002349416,0.31363408247017593,0.6680381535274746
25647,LOF,0.01363747002355856,0.27486866379698455,0.7114938661794569
25648,LOF,0.012787138040486002,0.2615807020260119,0.7256321599335022
25649,LOF,0.011106762757803704,0.2072300515206107,0.7816631857215857
25650,LOF,0.022390738649244613,0.43206349499092617,0.5455457663598292
25651,LOF,0.008208945694241757,0.26730375189381667,0.7244873024119416
25652,LOF,0.014247530089692761,0.25010344095244985,0.7356490289578574
25653,LOF,0.054335346613604105,0.35031583593689364,0.5953488174495023
25654,LOF,0.013997943691789914,0.14729670371481784,0.8387053525933923
25655,LOF,0.07572391806163417,0.3833059510764971,0.5409701308618687
25656,LOF,0.10249955830614456,0.06576786649675047,0.831732575197105
25657,LOF,0.33883770017870113,0.028821126139005348,0.6323411736822935
25658,LOF,0.045070643017333246,0.09422946012737492,0.8606998968552918
25659,LOF,0.3717877060372189,0.07631363432403536,0.5518986596387457
25660,LOF,0.061992103755805404,0.10183217776178419,0.8361757184824103
25661,LOF,0.04677472014278687,0.07736890420297869,0.8758563756542345
25662,LOF,0.02732975755545225,0.05033824603581686,0.9223319964087308
25663,LOF,0.03771497774057966,0.07028909374195737,0.891995928517463
25664,LOF,0.04552716145892112,0.08825109801216292,0.866221740528916
25665,LOF,0.05592074382430668,0.045611618008770935,0.8984676381669224
25666,LOF,0.03878027727650697,0.13087017828845635,0.8303495444350367
25667,LOF,0.0315152874534681,0.055828370401267494,0.9126563421452645
25668,LOF,0.032449575497268006,0.05848237063756833,0.9090680538651638
25669,LOF,0.038438720738584134,0.08700750294108754,0.8745537763203284
25670,LOF,0.08183555399977042,0.09924474516662156,0.818919700833608
25671,LOF,0.038466880272083726,0.04939215795945213,0.9121409617684642
25672,LOF,0.06076148302987575,0.06631979820962741,0.8729187187604969
25673,LOF,0.04434260400585139,0.0748158619237033,0.8808415340704453
25674,LOF,0.042690117823285176,0.0763353631220526,0.8809745190546623
25675,LOF,0.048793713050415535,0.06590520659017055,0.8853010803594139
25676,LOF,0.033273493093862495,0.061761430319985954,0.9049650765861514
25677,LOF,0.05945871567861754,0.07290514279594859,0.8676361415254338
25678,LOF,0.2860654442528311,0.04129363786736845,0.6726409178798005
25679,LOF,0.17264238021839495,0.08593869610778482,0.7414189236738202
25680,LOF,0.05731574597839618,0.11008106243467611,0.8326031915869277
25681,LOF,0.10059156776980316,0.10030860753390743,0.7990998246962894
25682,LOF,0.044058330912847665,0.0886566123508241,0.8672850567363282
25683,LOF,0.1030879669431539,0.10603863703963694,0.7908733960172092
25684,LOF,0.05554369334722312,0.0836151635563996,0.8608411430963772
25685,LOF,0.11144328996284299,0.044493214365763145,0.8440634956713938
25686,LOF,0.038788231980705544,0.10072811843141104,0.8604836495878834
25687,LOF,0.04454805732784592,0.09035544054315148,0.8650965021290026
25688,LOF,0.03118342981200575,0.08641884174783303,0.8823977284401613
25689,LOF,0.021426043019187855,0.07378494371486304,0.9047890132659491
25690,LOF,0.02092879844700653,0.0822801350938621,0.8967910664591314
25691,LOF,0.2153673471511905,0.10434002844616545,0.6802926244026442
25692,LOF,0.30470092035012336,0.008365697792009939,0.6869333818578668
25693,LOF,0.0972250407729246,0.14219709250105655,0.7605778667260188
25694,LOF,0.25546269411703365,0.015928959273500142,0.7286083466094662
25695,LOF,0.16302702687737136,0.020953220865078392,0.8160197522575502
25696,LOF,0.15932762794929653,0.009597181669276292,0.8310751903814272
25697,LOF,0.13123399813944026,0.029200002618751768,0.839565999241808
25698,LOF,0.032599366175971055,0.3996765764750224,0.5677240573490067
25699,LOF,0.06399759026247867,0.0914399057050662,0.8445625040324551
25700,LOF,0.034683891308313085,0.011034061263713583,0.9542820474279734
25701,LOF,0.017819090004257205,0.07733532478544518,0.9048455852102976
25702,GOF,0.037014234285125014,0.7351902764401367,0.2277954892747382
25703,LOF,0.01280742907543831,0.20217530112576146,0.7850172697988002
25704,LOF,0.09093433750868334,0.14848023177336184,0.7605854307179548
25705,LOF,0.05732402513731984,0.23842115536824693,0.7042548194944332
25706,GOF,0.05599558118043539,0.5877892391004256,0.3562151797191389
25707,GOF,0.03298205330753677,0.5192239687056175,0.4477939779868457
25708,LOF,0.00940316451542595,0.4394470875573467,0.5511497479272274
25709,LOF,0.01913114888211881,0.0631774416414333,0.9176914094764479
25710,LOF,0.009666451153494899,0.17363272548060263,0.8167008233659023
25711,LOF,0.020957457868861423,0.12599120327047947,0.8530513388606591
25712,LOF,0.010365649727567728,0.22871164197018107,0.7609227083022513
25713,LOF,0.018812780443380396,0.11255846923641996,0.8686287503201997
25714,LOF,0.020926561526842153,0.1440237303608882,0.8350497081122696
25715,LOF,0.018889852644447536,0.1239794667486351,0.8571306806069174
25716,LOF,0.011104048092738553,0.12538778355801083,0.8635081683492506
25717,LOF,0.00647167733704025,0.12773214753589973,0.86579617512706
25718,LOF,0.01786959341481702,0.07067266543538012,0.9114577411498029
25719,LOF,0.03396350152914107,0.07971539510427654,0.8863211033665824
25720,LOF,0.02164589557701089,0.08791157073577575,0.8904425336872134
25721,LOF,0.02280891682233439,0.09054101682880214,0.8866500663488635
25722,LOF,0.01794878521018628,0.1227664552027153,0.8592847595870984
25723,LOF,0.021733895599987625,0.0675964712485804,0.910669633151432
25724,LOF,0.03660097291113676,0.09770288969445116,0.865696137394412
25725,LOF,0.021970421671354826,0.06443857469054674,0.9135910036380984
25726,LOF,0.01616796968270923,0.0959104029381174,0.8879216273791735
25727,LOF,0.0198978669673374,0.08090477742834926,0.8991973556043135
25728,LOF,0.01832525489359949,0.09633522138937928,0.8853395237170212
25729,LOF,0.019196600541449192,0.09540593436956059,0.8853974650889903
25730,LOF,0.020265119582121443,0.07901313764408972,0.9007217427737889
25731,LOF,0.012543382566586912,0.16766894611672153,0.8197876713166916
25732,LOF,0.018766192919668676,0.0884017072645685,0.8928320998157628
25733,LOF,0.030225281365660658,0.07670688591476445,0.8930678327195749
25734,LOF,0.007948762393338898,0.20134624591811015,0.790704991688551
25735,LOF,0.02339287247518361,0.07111225771459713,0.9054948698102193
25736,LOF,0.02163478038623916,0.10611085079397711,0.8722543688197838
25737,LOF,0.042296891134576506,0.09431894449048836,0.8633841643749351
25738,LOF,0.020747763969064317,0.1484216166984977,0.830830619332438
25739,LOF,0.021750001197520682,0.1508112411063862,0.8274387576960932
25740,LOF,0.05360483734798805,0.1365678972237904,0.8098272654282216
25741,LOF,0.02586980141212472,0.120245331510907,0.8538848670769682
25742,LOF,0.03553704932791022,0.1366217044084698,0.82784124626362
25743,LOF,0.012351903559761837,0.04442952181894613,0.943218574621292
25744,GOF,0.13836862437583464,0.43266309185864865,0.4289682837655166
25745,LOF,0.02035806059560668,0.06916405420080193,0.9104778852035914
25746,LOF,0.011661064727674307,0.08335211952341036,0.9049868157489154
25747,LOF,0.036124377879253766,0.03744076021013854,0.9264348619106076
25748,LOF,0.20421772939162763,0.0693372325870426,0.7264450380213298
25749,LOF,0.013512984426303457,0.051984206869102115,0.9345028087045943
25750,LOF,0.014376234584194533,0.08308763094190419,0.9025361344739012
25751,LOF,0.040695923857005926,0.07870909366562782,0.8805949824773662
25752,GOF,0.08988194019246405,0.6221273961724061,0.2879906636351298
25753,LOF,0.006644729141191104,0.35946183092541073,0.6338934399333982
25754,GOF,0.005308407770213138,0.8585967913409938,0.13609480088879308
25755,LOF,0.010745869506233567,0.42799942677843317,0.5612547037153333
25756,LOF,0.04722713756254054,0.4430903736466013,0.5096824887908581
25757,GOF,0.0072121865020822965,0.8553792137742686,0.137408599723649
25758,GOF,0.00840112489456722,0.8528905488539602,0.1387083262514726
25759,GOF,0.005050756076814524,0.5610246734249236,0.43392457049826194
25760,LOF,0.00638625005751247,0.3038049013825142,0.6898088485599733
25761,GOF,0.043949719250370715,0.8354071899966858,0.12064309075294335
25762,LOF,0.027231415275668327,0.36981209296267986,0.6029564917616518
25763,LOF,0.008698587144699009,0.25083780419861823,0.7404636086566828
25764,GOF,0.09878520411924305,0.5568698452310287,0.34434495064972825
25765,GOF,0.007660971613293077,0.828179508123107,0.1641595202635999
25766,GOF,0.0293833426471435,0.8149304405389542,0.15568621681390213
25767,LOF,0.01766596878453719,0.459734148860451,0.5225998823550119
25768,LOF,0.03761902704181928,0.06878099304052318,0.8935999799176576
25769,LOF,0.022782958757597043,0.07752283264750674,0.8996942085948962
25770,LOF,0.1448909288527617,0.07036315516698617,0.7847459159802521
25771,LOF,0.017181023959463592,0.07875676521981391,0.9040622108207225
25772,LOF,0.022226758174217078,0.029685065017363187,0.9480881768084197
25773,LOF,0.014229196476090103,0.0802390790697845,0.9055317244541254
25774,LOF,0.025261077291786505,0.09839945965234967,0.8763394630558639
25775,LOF,0.02172873801487353,0.042920225147872616,0.9353510368372538
25776,LOF,0.025438093216487552,0.02699402300005289,0.9475678837834596
25777,LOF,0.18111826918627588,0.07647922433895828,0.7424025064747659
25778,LOF,0.019113609358336312,0.05580125485515433,0.9250851357865094
25779,GOF,0.036627570889739426,0.8950692127454326,0.06830321636482803
25780,GOF,0.06769101665926873,0.8765475519611862,0.05576143137954513
25781,GOF,0.027151915884279905,0.8686813369423784,0.10416674717334178
25782,GOF,0.03296707954208438,0.9005893162489476,0.06644360420896807
25783,GOF,0.020458396723820355,0.7725793099767013,0.20696229329947846
25784,GOF,0.107508382360908,0.8521622287994199,0.04032938883967207
25785,GOF,0.06257318245676251,0.8997905338615891,0.037636283681648376
25786,GOF,0.005549089907224107,0.8428298040058413,0.15162110608693455
25787,GOF,0.15164293796033582,0.8179852150377155,0.030371847001948584
25788,LOF,0.014744348735922655,0.2122606675175726,0.7729949837465047
25789,GOF,0.020613660112501726,0.8584994493964608,0.12088689049103744
25790,GOF,0.023707979511718883,0.8814756930532259,0.09481632743505504
25791,GOF,0.01615763486354624,0.8296565087073614,0.15418585642909224
25792,GOF,0.02561427950520308,0.8386995030539585,0.13568621744083853
25793,GOF,0.07338570045139856,0.8402366151936769,0.08637768435492467
25794,GOF,0.0567555686119527,0.7799667059490086,0.16327772543903873
25795,GOF,0.04143615177518786,0.7717862727482098,0.18677757547660231
25796,GOF,0.069275056635988,0.8184484355520248,0.11227650781198704
25797,GOF,0.04037640711357395,0.7151946839231212,0.24442890896330477
25798,GOF,0.0032188315334434297,0.6693673834760683,0.3274137849904884
25799,GOF,0.003122939920509505,0.5438709096030708,0.45300615047641973
25800,GOF,0.013282000027335518,0.7328769272775514,0.253841072695113
25801,GOF,0.016016748391530795,0.8624842896271535,0.1214989619813158
25802,GOF,0.023047979099861185,0.8109801219485296,0.16597189895160924
25803,GOF,0.012399088185246657,0.7094763488374102,0.27812456297734317
25804,GOF,0.015357249281710717,0.6299205331876149,0.35472221753067446
25805,GOF,0.02575540384167385,0.7190937553760237,0.2551508407823024
25806,GOF,0.02057209130912475,0.7678355546899798,0.2115923540008956
25807,GOF,0.005424526899640302,0.7233762084782098,0.27119926462214994
25808,GOF,0.015420091996669352,0.7632766938043227,0.22130321419900806
25809,GOF,0.006029920716477508,0.7257046583578425,0.26826542092568006
25810,GOF,0.0053537522147397215,0.7406168127597647,0.2540294350254956
25811,GOF,0.04295664187668248,0.8705517520869248,0.08649160603639275
25812,GOF,0.01572625162342118,0.7182355310427266,0.2660382173338522
25813,GOF,0.09001808015909127,0.8113097152462777,0.0986722045946309
25814,GOF,0.023687499747900284,0.8124815302148255,0.16383097003727423
25815,GOF,0.035215123012372486,0.8400384225515729,0.12474645443605475
25816,GOF,0.007817134262354399,0.8626402566201165,0.12954260911752907
25817,GOF,0.09425525434902071,0.7834552438923316,0.12228950175864771
25818,GOF,0.024606453854871754,0.8138322090998521,0.16156133704527617
25819,GOF,0.05742585628780788,0.7657415779393291,0.1768325657728631
25820,GOF,0.031228205806868345,0.7696541123333515,0.19911768185978027
25821,GOF,0.018690613582100446,0.757613801803051,0.22369558461484862
25822,GOF,0.034616655978575994,0.7716389057160279,0.19374443830539612
25823,GOF,0.015032960273489373,0.6603468703281379,0.3246201693983728
25824,GOF,0.02544055239159346,0.7790175103300112,0.19554193727839533
25825,GOF,0.015738411238845132,0.7587762948657288,0.22548529389542607
25826,GOF,0.005598124720494617,0.7324187433889752,0.26198313189053024
25827,GOF,0.00790902790650018,0.7019264226768642,0.29016454941663555
25828,GOF,0.0056592778987310036,0.6671611852198311,0.32717953688143797
25829,GOF,0.0029142218705853016,0.7171273695734577,0.27995840855595694
25830,GOF,0.034705984797746774,0.5380168534241362,0.42727716177811714
25831,GOF,0.04890408912221584,0.8393863633491178,0.11170954752866634
25832,GOF,0.008749645340399981,0.8052020611184123,0.1860482935411878
25833,GOF,0.03482192406262765,0.847623019877741,0.11755505605963125
25834,GOF,0.008601097738191576,0.8171232040253327,0.1742756982364758
25835,GOF,0.017495549997151204,0.8609252997190957,0.12157915028375309
25836,GOF,0.006523426478290401,0.8247754994821166,0.1687010740395929
25837,GOF,0.006740646975555085,0.7242523473157758,0.2690070057086691
25838,GOF,0.019943496865107734,0.866583396147424,0.11347310698746835
25839,GOF,0.04080690770227823,0.8580165222777261,0.10117657001999568
25840,GOF,0.05630523890510017,0.849683597826817,0.09401116326808291
25841,GOF,0.050993909005430056,0.8596726645318787,0.08933342646269121
25842,GOF,0.02406443352283261,0.8980860760299277,0.07784949044723975
25843,GOF,0.024937100339744448,0.9033958112793357,0.07166708838091991
25844,GOF,0.016392557424023593,0.8497920589735783,0.1338153836023979
25845,GOF,0.005493430072875467,0.6624157115555837,0.33209085837154084
25846,GOF,0.040358881522868414,0.8628295212269992,0.09681159725013239
25847,GOF,0.01849432405781604,0.9181271474555753,0.06337852848660862
25848,GOF,0.01688074191436635,0.8628361477786394,0.1202831103069943
25849,GOF,0.004892684747427065,0.7604396605333188,0.23466765471925408
25850,GOF,0.0064862795279859685,0.7677625396099479,0.22575118086206622
25851,GOF,0.005494004501597663,0.6497765404062944,0.34472945509210795
25852,GOF,0.13044761667186155,0.6173932983869608,0.25215908494117767
25853,GOF,0.06825830222818527,0.8543620769438139,0.0773796208280008
25854,GOF,0.005348223731356717,0.7187058365917494,0.2759459396768938
25855,GOF,0.01456445501206438,0.667511673194297,0.31792387179363873
25856,GOF,0.03490882909091649,0.8008727950858655,0.164218375823218
25857,GOF,0.012868847892716992,0.676883823803468,0.310247328303815
25858,GOF,0.00731241086553886,0.6615985837166042,0.33108900541785696
25859,GOF,0.0053009493876220535,0.6382948105514199,0.3564042400609582
25860,GOF,0.07122997602450609,0.8361263815181799,0.0926436424573139
25861,GOF,0.08215590381058654,0.8331141444053126,0.08472995178410088
25862,GOF,0.02270200592007696,0.8665392801560793,0.11075871392384383
25863,GOF,0.02236520202297008,0.8731836148260629,0.10445118315096708
25864,GOF,0.04864244979548112,0.8801964496820144,0.07116110052250442
25865,GOF,0.03703401678000268,0.8546431096265672,0.1083228735934302
25866,GOF,0.02639602360955537,0.8735767241040517,0.1000272522863929
25867,GOF,0.03143980718303203,0.8890530540761513,0.0795071387408166
25868,GOF,0.050677171405182936,0.85592211487819,0.09340071371662692
25869,GOF,0.31617216025056877,0.6274368024503783,0.05639103729905307
25870,GOF,0.06711106055385642,0.7222987422660158,0.21059019718012784
25871,GOF,0.01039168371507196,0.8932881066312773,0.0963202096536507
25872,GOF,0.02014624604428989,0.8736690301297253,0.10618472382598482
25873,GOF,0.019571143615770482,0.900709756772856,0.07971909961137338
25874,LOF,0.016124290454722766,0.22449616164257202,0.7593795479027052
25875,LOF,0.04808270837965008,0.04942983569829846,0.9024874559220515
25876,LOF,0.01786114719717434,0.049342795025096385,0.9327960577777293
25877,LOF,0.1308332476617703,0.09187335596219934,0.7772933963760305
25878,LOF,0.06728678772742673,0.12923700043751596,0.8034762118350572
25879,LOF,0.026421503451481986,0.08823302127123317,0.8853454752772848
25880,LOF,0.05628589391357473,0.015908464269635422,0.9278056418167899
25881,Neutral,0.5642119715865322,0.05875283462481943,0.37703519378864825
25882,LOF,0.05539766272492285,0.027584504258847762,0.9170178330162293
25883,LOF,0.02894258806964241,0.02261050818869639,0.9484469037416612
25884,LOF,0.029317911727395885,0.03847478877093064,0.9322072995016734
25885,LOF,0.22114730287004306,0.010680475535279574,0.7681722215946774
25886,LOF,0.14214066467671577,0.05671916645695716,0.8011401688663271
25887,LOF,0.19825005499891601,0.05730628457294156,0.7444436604281424
25888,LOF,0.012392554267154793,0.13048137262339476,0.8571260731094504
25889,LOF,0.033675054801792496,0.028417694809190406,0.937907250389017
25890,LOF,0.1278441185538298,0.11976476345700128,0.752391117989169
25891,LOF,0.09285130877339245,0.022897304481795965,0.8842513867448116
25892,LOF,0.009406488484957693,0.03147149128851165,0.9591220202265306
25893,LOF,0.4183759199654938,0.00937716682081602,0.5722469132136901
25894,LOF,0.4548602746957935,0.0057895012924059994,0.5393502240118004
25895,LOF,0.3503390664594656,0.011857425186884723,0.6378035083536496
25896,LOF,0.06859977260375844,0.01690806127065553,0.914492166125586
25897,LOF,0.19920700596533258,0.009412467435894991,0.7913805265987723
25898,LOF,0.16299540904696944,0.027959133896350997,0.8090454570566795
25899,LOF,0.34726281524657154,0.018891295631931593,0.633845889121497
25900,LOF,0.4344977334943129,0.008179842342012338,0.5573224241636748
25901,LOF,0.06697678489688134,0.00744489708550344,0.9255783180176151
25902,LOF,0.17472616076989209,0.007961745228197257,0.8173120940019106
25903,LOF,0.43154783528695245,0.02336982707830147,0.5450823376347461
25904,Neutral,0.49488940935966746,0.023587413289622716,0.4815231773507098
25905,LOF,0.003940741665472856,0.4909013793176973,0.5051578790168297
25906,LOF,0.008851188076017018,0.11498609457309603,0.876162717350887
25907,LOF,0.004380018808164149,0.36022733925841,0.6353926419334258
25908,LOF,0.0046232774100208205,0.2688399516479306,0.7265367709420486
25909,LOF,0.024687293581345714,0.16077292772862103,0.8145397786900332
25910,LOF,0.010884360200117082,0.12323653758996446,0.8658791022099185
25911,LOF,0.3307360184193355,0.04752833906629711,0.6217356425143674
25912,LOF,0.06840706441270641,0.05480937356407852,0.8767835620232152
25913,LOF,0.044467412235085,0.07326826084780007,0.882264326917115
25914,LOF,0.04023483059067325,0.04247577691117762,0.9172893924981492
25915,LOF,0.19534029012416237,0.1969471530551124,0.6077125568207252
25916,LOF,0.0309528056219672,0.12994057892660438,0.8391066154514285
25917,LOF,0.07713496840827454,0.03997317126449912,0.8828918603272263
25918,LOF,0.044291163300804334,0.028165187378053024,0.9275436493211426
25919,LOF,0.037743468265930315,0.028836035988873524,0.933420495745196
25920,LOF,0.16650447787850128,0.16980221770089451,0.6636933044206041
25921,LOF,0.016518160901234393,0.03691075278563774,0.9465710863131278
25922,LOF,0.017787294763748518,0.033640533410083204,0.9485721718261683
25923,LOF,0.4453521592194396,0.034676367351579,0.5199714734289813
25924,LOF,0.024623879267250164,0.05478110364572698,0.9205950170870228
25925,LOF,0.0821659250928638,0.04838184016414925,0.8694522347429869
25926,LOF,0.060806953522153415,0.047101781991940976,0.8920912644859057
25927,LOF,0.02288552278153893,0.07548243433797673,0.9016320428804844
25928,LOF,0.010414212787868343,0.05793486710904393,0.9316509201030878
25929,Neutral,0.5279889844775556,0.03299125879166893,0.43901975673077553
25930,LOF,0.07575423239264706,0.03468249577752068,0.8895632718298323
25931,LOF,0.014319316665436656,0.03870895471041706,0.9469717286241462
25932,LOF,0.05985314081077907,0.03140496215674746,0.9087418970324733
25933,LOF,0.05777308902640136,0.021109514430011904,0.9211173965435867
25934,LOF,0.05172298431779528,0.019674399128713785,0.928602616553491
25935,LOF,0.07122119972815967,0.05955254613562221,0.8692262541362181
25936,LOF,0.08393273434644287,0.02139186089688909,0.8946754047566681
25937,LOF,0.013682964113162967,0.04161206803471625,0.9447049678521208
25938,LOF,0.07100982227061277,0.05730578733540948,0.8716843903939778
25939,LOF,0.03968198524318912,0.026514569785812733,0.9338034449709981
25940,LOF,0.009084147088452484,0.33857461620586493,0.6523412367056827
25941,Neutral,0.5033539065585746,0.039125594842220085,0.45752049859920535
25942,LOF,0.00870079389773085,0.05286700265430165,0.9384322034479675
25943,LOF,0.044837853590913614,0.16571187476109173,0.7894502716479946
25944,LOF,0.05972799824801868,0.0837715586510658,0.8565004431009156
25945,LOF,0.12408752728905377,0.021612717817254438,0.8542997548936919
25946,LOF,0.0642828601976555,0.04416809416303768,0.8915490456393068
25947,Neutral,0.46541800223846946,0.10974645232124362,0.4248355454402869
25948,LOF,0.43832912872065294,0.013554869362500893,0.5481160019168463
25949,LOF,0.13445519638563566,0.06900080216577943,0.7965440014485848
25950,GOF,0.0673798763664375,0.6193947707521551,0.3132253528814074
25951,LOF,0.012307431519916236,0.4300970779119834,0.5575954905681003
25952,LOF,0.27999935877298265,0.2852315272647505,0.43476911396226686
25953,LOF,0.007331659160012763,0.19596280301777408,0.7967055378222132
25954,GOF,0.08393690680123274,0.5086239983797963,0.407439094818971
25955,LOF,0.007780519467168102,0.16355097028357216,0.8286685102492598
25956,LOF,0.019106012835332458,0.2523043083714261,0.7285896787932414
25957,LOF,0.221512347495271,0.03383587786206643,0.7446517746426625
25958,LOF,0.03383442256398904,0.03578800423423619,0.9303775732017748
25959,GOF,0.014037805237392143,0.5464440325942835,0.43951816216832423
25960,LOF,0.007251260127695308,0.05575663685962967,0.936992103012675
25961,LOF,0.03247783498455669,0.033984352494244745,0.9335378125211986
25962,LOF,0.037296248607614844,0.06930212360857249,0.8934016277838126
25963,LOF,0.004849497070138281,0.19233847457937242,0.8028120283504893
25964,LOF,0.02636482551526184,0.12356262249867007,0.850072551986068
25965,LOF,0.2673947429768697,0.12471167977319347,0.6078935772499369
25966,Neutral,0.4699201772931238,0.1415808452487655,0.3884989774581107
25967,LOF,0.009476124694258844,0.08112849924425858,0.9093953760614825
25968,LOF,0.043516119508389996,0.23639929433782356,0.7200845861537865
25969,LOF,0.11940324126939643,0.059167811357272185,0.8214289473733314
25970,LOF,0.020852282864776677,0.08855085890633686,0.8905968582288863
25971,LOF,0.08025363119431078,0.03140761077004204,0.8883387580356472
25972,LOF,0.06331904127171231,0.04858111590597453,0.8880998428223131
25973,LOF,0.06762067080595922,0.00905445080511698,0.9233248783889237
25974,LOF,0.05462678327835314,0.036456084717322215,0.9089171320043247
25975,LOF,0.051778369299329684,0.01736767956533843,0.9308539511353319
25976,LOF,0.1017608834106665,0.01064379381476181,0.8875953227745718
25977,LOF,0.19969481931656546,0.08056210248870556,0.719743078194729
25978,LOF,0.182779582477246,0.12477595357072502,0.692444463952029
25979,LOF,0.14449461359927807,0.14074474223142766,0.7147606441692943
25980,LOF,0.262263854000325,0.18130287992121427,0.5564332660784607
25981,LOF,0.2633798862038604,0.1834094836965801,0.5532106300995595
25982,Neutral,0.46676038752207105,0.09461215365341266,0.4386274588245163
25983,Neutral,0.49673348788260124,0.1178363809886283,0.3854301311287704
25984,LOF,0.0396567121390753,0.09304771454141414,0.8672955733195106
25985,LOF,0.4172975529636742,0.13634636238173334,0.4463560846545923
25986,LOF,0.013437550306042604,0.3736221530249622,0.6129402966689952
25987,LOF,0.055242561597550775,0.1001510605635863,0.8446063778388628
25988,LOF,0.04229579833950499,0.14824738074071037,0.8094568209197847
25989,LOF,0.04069585374788704,0.18695315188231387,0.7723509943697991
25990,LOF,0.041204459375664325,0.2883112367770531,0.6704843038472825
25991,LOF,0.025433314780475183,0.43584118599620864,0.5387254992233161
25992,LOF,0.02321763937239128,0.4260844960403967,0.5506978645872119
25993,LOF,0.028233395425914704,0.07775166755023347,0.8940149370238518
25994,LOF,0.02293840595258384,0.07801498281784004,0.8990466112295761
25995,LOF,0.02092326321552213,0.13172352480943403,0.8473532119750439
25996,Neutral,0.34723708090396144,0.32024327000570074,0.33251964909033777
25997,LOF,0.0647983044573543,0.3931799609647031,0.5420217345779426
25998,LOF,0.2616120721339487,0.04043328947580566,0.6979546383902456
25999,LOF,0.026043747595810084,0.1927636391631396,0.7811926132410503
26000,LOF,0.18459357088867515,0.030894116444216604,0.7845123126671082
26001,LOF,0.2434554444925705,0.047445311876314816,0.7090992436311147
26002,LOF,0.13058077516475194,0.05732243285999296,0.8120967919752551
26003,GOF,0.005580303187701963,0.6584943865634411,0.335925310248857
26004,GOF,0.008383928584588132,0.7044316369386611,0.2871844344767509
26005,LOF,0.003778645798280228,0.497454748463979,0.4987666057377407
26006,GOF,0.10247586918371633,0.5818374297462633,0.3156867010700203
26007,GOF,0.0070048964476228355,0.545739637255896,0.44725546629648116
26008,GOF,0.006033922629203973,0.6326524867858734,0.36131359058492263
26009,GOF,0.007687374600484983,0.6733462494613056,0.3189663759382095
26010,GOF,0.008238564949647594,0.6442083815682178,0.3475530534821345
26011,LOF,0.003329618711566296,0.45051985118462307,0.5461505301038106
26012,GOF,0.005131185641318293,0.5360528941517695,0.45881592020691214
26013,GOF,0.006165029744175244,0.5847621429710474,0.40907282728477734
26014,LOF,0.052376951734722385,0.12245421051388809,0.8251688377513895
26015,LOF,0.3731986205443827,0.024732652813550072,0.6020687266420672
26016,LOF,0.3043534865575065,0.044354250307985614,0.6512922631345078
26017,LOF,0.023124620461992755,0.20464958381931014,0.7722257957186971
26018,LOF,0.026401367588789616,0.060426686170103605,0.9131719462411069
26019,LOF,0.02648085196604546,0.052514934200502114,0.9210042138334524
26020,LOF,0.009759409577930245,0.18274497019911212,0.8074956202229576
26021,LOF,0.07503640171354789,0.06967097247260645,0.8552926258138456
26022,LOF,0.04174420646798096,0.030333171298818823,0.9279226222332001
26023,LOF,0.0316706385569591,0.03668753244744988,0.9316418289955911
26024,LOF,0.04848083458797463,0.07554069018452886,0.8759784752274965
26025,LOF,0.06495208588554786,0.08589826859334884,0.8491496455211033
26026,LOF,0.11728933858683545,0.06837561450113214,0.8143350469120324
26027,LOF,0.026152876953414134,0.028544957967608073,0.9453021650789777
26028,LOF,0.12083985031963906,0.13998911101522848,0.7391710386651325
26029,LOF,0.017896465226125202,0.19173249838690795,0.7903710363869667
26030,LOF,0.16819983736471103,0.02516914302620075,0.8066310196090881
26031,LOF,0.009224738960179887,0.1680431541492848,0.8227321068905352
26032,LOF,0.042452226543999466,0.0546085799100455,0.9029391935459551
26033,LOF,0.06737536481378255,0.04926328742213463,0.8833613477640828
26034,LOF,0.012234114532943891,0.14684342375570114,0.840922461711355
26035,LOF,0.0111113189574438,0.10101672713857926,0.8878719539039769
26036,LOF,0.010619327586734504,0.11619754790609184,0.8731831245071737
26037,LOF,0.00958949777651669,0.09192636976969054,0.8984841324537927
26038,LOF,0.03657406321062594,0.04884424097627037,0.9145816958131037
26039,LOF,0.02387018767920329,0.12259937141260459,0.8535304409081921
26040,LOF,0.10320252884156689,0.1353764313876263,0.7614210397708068
26041,LOF,0.01206259634139268,0.09022030062259469,0.8977171030360126
26042,LOF,0.010801025137632439,0.09499589088602094,0.8942030839763466
26043,LOF,0.03571448165295157,0.06923815564415535,0.895047362702893
26044,LOF,0.013614834950317203,0.047603116586057634,0.9387820484636252
26045,LOF,0.06804604280123082,0.11705643875934987,0.8148975184394193
26046,LOF,0.03010847091937381,0.05315304619172969,0.9167384828888965
26047,LOF,0.04956260549790594,0.05318435803439086,0.8972530364677033
26048,LOF,0.08802596034090161,0.023860076926302147,0.8881139627327963
26049,Neutral,0.9498681743781251,0.00724125230051861,0.0428905733213561
26050,Neutral,0.926455298371227,0.008046317544801498,0.06549838408397152
26051,LOF,0.01662836320604872,0.10056618908467081,0.8828054477092805
26052,LOF,0.031028871244929552,0.11736315920365066,0.8516079695514197
26053,LOF,0.031682004091102035,0.17045224227990324,0.7978657536289948
26054,LOF,0.04619552007819294,0.027764152608569497,0.9260403273132377
26055,LOF,0.06399425336577934,0.02337490529607473,0.9126308413381459
26056,LOF,0.052389546491566866,0.029893417308625218,0.9177170361998079
26057,LOF,0.05881968252373623,0.014851378852934903,0.9263289386233288
26058,LOF,0.06333699402298335,0.011884538154022411,0.9247784678229942
26059,LOF,0.20903795805153597,0.03005923077621213,0.7609028111722519
26060,LOF,0.018603553961817888,0.17745174945808379,0.8039446965800984
26061,LOF,0.01356004752745871,0.01088156940409375,0.9755583830684474
26062,LOF,0.006982019909537301,0.018388545498705833,0.9746294345917568
26063,LOF,0.038171391653659806,0.010790625555229265,0.951037982791111
26064,LOF,0.010519836456895727,0.02341577125978773,0.9660643922833166
26065,LOF,0.04467373152588481,0.012130646570871354,0.9431956219032439
26066,LOF,0.046701053421632305,0.010215991916623092,0.9430829546617446
26067,LOF,0.056940396857089584,0.009646126313529395,0.933413476829381
26068,LOF,0.05256020842587348,0.04870755729758616,0.8987322342765403
26069,LOF,0.1575143419022893,0.0282070527746896,0.814278605323021
26070,LOF,0.3232045224190289,0.022663401142661826,0.6541320764383093
26071,LOF,0.04220943317321673,0.0116864136549575,0.9461041531718257
26072,LOF,0.010955825036708894,0.020619621556479284,0.9684245534068118
26073,LOF,0.04131909971342376,0.013895000148826489,0.9447859001377498
26074,Neutral,0.9205859560207679,0.008355096948119985,0.07105894703111215
26075,LOF,0.053137915675673934,0.021353391679413348,0.9255086926449126
26076,LOF,0.06037215853217538,0.011629430886087172,0.9279984105817376
26077,LOF,0.1676718761371694,0.006952652202378762,0.8253754716604519
26078,LOF,0.009267062570420287,0.013961200841135153,0.9767717365884445
26079,LOF,0.06587666213813641,0.024130459692730352,0.9099928781691332
26080,LOF,0.06491559347841831,0.02407694478956249,0.9110074617320193
26081,LOF,0.03366367012436852,0.00860141216345057,0.957734917712181
26082,LOF,0.00784149469631484,0.013672230442668836,0.9784862748610164
26083,LOF,0.1062976021668483,0.020479629607031914,0.8732227682261198
26084,LOF,0.11424553917653357,0.01493312743425124,0.8708213333892151
26085,LOF,0.10722305039375066,0.012946448632727762,0.8798305009735216
26086,LOF,0.04132601388312024,0.012157208609838795,0.946516777507041
26087,LOF,0.03640174621047696,0.010069553326947069,0.9535287004625759
26088,LOF,0.00964520089685066,0.019146055233071706,0.9712087438700777
26089,LOF,0.04475364327108011,0.03874293536306663,0.9165034213658532
26090,LOF,0.04585408443843299,0.02898735642297192,0.9251585591385951
26091,LOF,0.03239768673847591,0.0075203740102578066,0.9600819392512663
26092,LOF,0.04514446571222981,0.00824227599106215,0.946613258296708
26093,LOF,0.08645761541355851,0.005767208286265365,0.9077751763001761
26094,LOF,0.036945531268586504,0.007291045642943838,0.9557634230884697
26095,LOF,0.03751639801365996,0.01745122264266234,0.9450323793436777
26096,LOF,0.22898178151880258,0.005206608787979596,0.7658116096932178
26097,LOF,0.00835951887973974,0.029521454846611513,0.9621190262736489
26098,LOF,0.08360740582968439,0.019400498087458525,0.896992096082857
26099,LOF,0.045550962808984366,0.015306717219872703,0.9391423199711431
26100,LOF,0.045507259876736886,0.015307418093779558,0.9391853220294836
26101,LOF,0.061592770909723815,0.029489711809604437,0.9089175172806718
26102,LOF,0.035492392112360875,0.01643513045531383,0.9480724774323254
26103,Neutral,0.8786324545745734,0.026506809480049454,0.09486073594537706
26104,LOF,0.06115134637419458,0.042891917147157656,0.8959567364786477
26105,LOF,0.24359059013515555,0.16706728215730102,0.5893421277075435
26106,LOF,0.2864215875918459,0.12587304035460226,0.5877053720535519
26107,LOF,0.021134182851133217,0.08697473634956593,0.8918910807993009
26108,LOF,0.26383619372611133,0.04732669865681151,0.6888371076170773
26109,LOF,0.09179963843907356,0.03842608786367988,0.8697742736972465
26110,LOF,0.4649041343955607,0.008129910727961747,0.5269659548764776
26111,LOF,0.0473407398911646,0.15428993036233146,0.7983693297465039
26112,LOF,0.05154070915462969,0.009421596871810935,0.9390376939735595
26113,LOF,0.09864512963258275,0.022935805672623103,0.8784190646947941
26114,LOF,0.08616019949007012,0.006570525631128412,0.9072692748788014
26115,LOF,0.013706667952039734,0.047145812946289514,0.9391475191016707
26116,LOF,0.06947021939565536,0.018203918915049633,0.912325861689295
26117,LOF,0.3997954340767063,0.034198513304266064,0.5660060526190277
26118,LOF,0.05415753297022765,0.01550413262932575,0.9303383344004467
26119,LOF,0.006192703449662738,0.030611629681629202,0.9631956668687081
26120,LOF,0.03754811481058335,0.015297136471252462,0.9471547487181642
26121,LOF,0.004590442950915399,0.11751587823725693,0.8778936788118277
